Raster_benchmarking/DGGS/continuous/raster-40.asc
NCOLS 100
NROWS 100
XLLCORNER 1743156.9352379823
YLLCORNER 5469295.062932576
CELLSIZE 10
NODATA_VALUE -9999
[rows 19 to 37 of 100, columns 0 to 42 of 100]
0.6490368122539728 0.6869563268681173 0.6830851409811215 0.7145830627453762 0.7676886825450437 0.772513988636615 0.824688109729739 0.8460031807519448 0.787575909660696 0.802831534264352 0.7658749597906582 0.783448555719144 0.7827558338117473 0.7925559294448324 0.7708273635494373 0.741712806320106 0.7215605421952451 0.6736194520389258 0.6549579750623727 0.6419590929121318 0.6661780342668624 0.598403239753903 0.5778857333876112 0.5647882372043272 0.6194370236840994 0.6364825088250465 0.6128503479974884 0.6209409199541882 0.6274356951458874 0.6959952956444884 0.7171988978749233 0.7087804861107185 0.662943118639403 0.6482613459105019 0.6432346674809136 0.6496281497070261 0.6941772183530495 0.6643971874794332 0.6703488537750395 0.6862401491107759 0.6906279879761231 0.6863743993600447 0.6756369099483256
0.6621419866705697 0.7074069917900552 0.7048592266725924 0.7216200270906532 0.726316295517436 0.790974393753022 0.7963159678972359 0.8088536657833709 0.8056739272997016 0.7535789797113606 0.7642765613965521 0.7126890604006202 0.7324249537297978 0.7228008250510223 0.7173816810263062 0.6790387202357064 0.7168123429345115 0.667956616454015 0.629683979136675 0.6707839183510621 0.5998783820103075 0.5977102764277336 0.5952416109395241 0.55569580149637 0.5794403585842616 0.6430456063522141 0.6195179916300847 0.6347159612328382 0.6345585433241853 0.6738237817515073 0.7042464555590539 0.6994392404246287 0.6300420040178306 0.6403026182715653 0.6116205915054455 0.6316136060438767 0.6098433973222885 0.6141007891797147 0.629663971221216 0.6784735092783921 0.6537004749204198 0.6393499064699503 0.6500452601944936
0.6744823334151565 0.7178003125752552 0.7001274409282715 0.7053313880413623 0.7465757023792718 0.7548639764157171 0.7965597558424423 0.8063241588017825 0.7875419368308577 0.7834524137506634 0.7342556597200202 0.6989949362047021 0.6987132836733536 0.6943154240093051 0.7009823065850546 0.6747633719376379 0.6710075480197228 0.6094959710056491 0.6321529574909472 0.6053716685798688 0.5509098714909977 0.5662975200850704 0.5797618938907444 0.543259859840577 0.5685041222516583 0.633655429519097 0.6259004354478589 0.6433741199352149 0.6085229448549602 0.5953156399848838 0.6100250157369986 0.6205030975306087 0.6244402937622721 0.617944841080561 0.6146855875035001 0.6254724213895684 0.6181630791793176 0.6126492726181497 0.6087206382730753 0.646075862909915 0.6195910864233615 0.5889094385280715 0.5953310611692775
0.6948338997574064 0.6758816243465146 0.7007020955731049 0.701485998155771 0.7278769947735965 0.7877411318493192 0.7798149382125776 0.8189216980184163 0.7451416187686084 0.7379973233306508 0.745791946934445 0.7409027209206073 0.6742812271911054 0.6489236944135588 0.6476048205215209 0.6452925266308898 0.5990362385349971 0.578992715906998 0.6078267798065425 0.5104753874523486 0.541140510671734 0.5209412517478789 0.5627464268972643 0.5480606056579684 0.5655419478383623 0.5949157647361887 0.6393192206191721 0.6568364485735693 0.6411594333574614 0.5907733709737082 0.57203332961009 0.604614804886167 0.5797900496625317 0.5842609034123974 0.6039993061422588 0.5592785109848143 0.5561505331940363 0.5439634058095727 0.6158675189155501 0.6073057232933184 0.5741914648511319 0.5467640654229523 0.5309843668820426
0.7323450358035579 0.6952510736262343 0.716736620565962 0.7197203715022803 0.7254109957998648 0.7050524582404695 0.7546786049034306 0.7659180147081355 0.7158397530748042 0.6834399535309758 0.7086074974527976 0.6852567784996377 0.6639517377798618 0.6368762962183209 0.6515633355212903 0.612205305497652 0.6145094126532095 0.6112984154910291 0.5830544116579788 0.5768095053587574 0.5326761570640561 0.5447653370797114 0.5384883548118486 0.5207781176820366 0.5632433587283828 0.5718280195566202 0.5766768646670837 0.6046852327141194 0.6142297801459944 0.5877696218191814 0.6057632020798174 0.5884635875900444 0.5984153034708406 0.5774763640476123 0.548533282250329 0.5677090823372251 0.5470701644312204 0.5550767331023272 0.5848683444681099 0.5788772461419828 0.5524165432329524 0.5027684000720287 0.5125078411016825
0.6852561754046976 0.6945495502756215 0.7115569916815739 0.7312507268177779 0.6841386852988834 0.6786012065462759 0.7367033718054811 0.7406532792467616 0.6689021717098647 0.6562639808253892 0.6987177374565995 0.6604845094887235 0.6543963918643801 0.6597559282888463 0.6563405633739415 0.5895111108515324 0.5689840966028572 0.5405467791264864 0.5841730270989818 0.584144999127899 0.5563314614673296 0.5289817717038163 0.5349356620308362 0.4961673232617972 0.5184403388452062 0.5388036225206365 0.55249714186097 0.6342661076351916 0.6448369836503737 0.6370789096978551 0.6329227388926659 0.6227690007237141 0.601781668934359 0.5570807446743158 0.5643494611124684 0.582527814670858 0.586448500538699 0.5806371234071138 0.568148068938323 0.5009283864643308 0.5051018673363201 0.4952778155229171 0.5184073601282936
0.6962781453950015 0.7000991807494404 0.6632162415522543 0.6716978863655286 0.6691707386087872 0.6416045379045946 0.6696996946977467 0.7051443827317322 0.6432713029081168 0.6374403647156214 0.6487217815100219 0.6299308486162719 0.6376669948067492 0.5873553820251329 0.6051280221146049 0.6134620944371985 0.602206812346371 0.5496190958337618 0.5523028953952023 0.5858359191737457 0.537766331992489 0.5579451717974769 0.5188411706253515 0.450598187505508 0.48660331367262855 0.49819210797533636 0.5309546439514239 0.5669502436093636 0.6045865475086251 0.6139892398147586 0.6219928372060881 0.6403100414955136 0.5728705046547633 0.5426414525018741 0.551513390329344 0.5362645934224055 0.5468855150754925 0.5340032505834437 0.49433731512208134 0.5092694994890965 0.510215262661756 0.46988219491186145 0.43412596624067173
0.6702409347055753 0.698236164751188 0.6891411863074802 0.6476063640071604 0.6839486641656393 0.6563959994812764 0.6658285964591456 0.6586036763909199 0.6624847823672226 0.6330514629935908 0.6392073470274701 0.5814219763262718 0.5996679646199347 0.5598596011326584 0.6034941712927829 0.5638907520004627 0.5788557296511861 0.5990980819745734 0.5434920370005898 0.5876273297561156 0.5809028280387796 0.5208524342191289 0.4621924102455123 0.41633650398504635 0.4913539883466413 0.5007562172919252 0.49774263716385503 0.49661576618899034 0.5460193717235827 0.6139085251945726 0.590170071193096 0.6354676791794661 0.5460590586665878 0.5395693967294104 0.5183540709392872 0.5278127608976378 0.5072602852889427 0.5318154412036916 0.5117673708070188 0.477048804225556 0.5012629178709459 0.45879007887798573 0.4058443907446109
0.6533933082331999 0.6343832901682857 0.6570882955968529 0.6514348862608961 0.6436319076185394 0.6395601597139324 0.6371023485656407 0.640944480746478 0.6607237770163394 0.6469353907865197 0.6330156582109088 0.6155608272014529 0.5969946137260003 0.5671796888939644 0.5999801917054266 0.5621655269150371 0.5384989235352889 0.5884958154420636 0.5505939042204033 0.5432800795945235 0.5497043964252126 0.508253625252859 0.4630352126082508 0.4728851170272128 0.45856016859924964 0.47549499169584486 0.5451654539413102 0.5148779885031116 0.5759111425578011 0.6003549121492844 0.604978890995683 0.6214828124764128 0.5539121147219538 0.5670077202395648 0.5315907584762606 0.522003320494202 0.46919364327236357 0.5288352253021982 0.5001324398426877 0.495362446349305 0.4606907101274339 0.4627189704350718 0.39992058536869857
0.6352667249148914 0.642644287796431 0.6942645814437602 0.7240958246139582 0.7165379615972622 0.6708774799099665 0.6453265169059126 0.6659205194970886 0.6553850779737365 0.696153991319144 0.6993260115859903 0.6576093969745417 0.6605352859559783 0.6164286813418679 0.5687324539736258 0.5581421781389313 0.5803300424839563 0.5602185556214162 0.5526427692056648 0.5027284803667124 0.5151836379150257 0.47277735892269007 0.46600586972064134 0.45243336728877376 0.5010390759700994 0.5187940779927726 0.5619610300754074 0.5683736575545069 0.5272273349342288 0.5309330463057779 0.5846831269730786 0.5894196438675681 0.570491750156528 0.5192894105443262 0.49270800717355395 0.45571210382883715 0.4936875546732361 0.48822221220399764 0.45855763899560514 0.46888323614178995 0.4575544807780155 0.41512627550487674 0.3772339778572091
0.6494332687259454 0.6494345129815853 0.7054569711328907 0.709627110783388 0.7098853195335009 0.7095119305909029 0.7070485955538022 0.7006506650531563 0.6692148333903553 0.7103128903046573 0.6978953140901296 0.6400269292203521 0.6430937952022752 0.6100967610608887 0.6167335651819857 0.6104678483580909 0.6004811947321518 0.5402902909496474 0.5184815912091617 0.4879024952856253 0.4714598898724979 0.4770041410298496 0.44869071192149373 0.5096731685626922 0.5064858737192797 0.5338560899549583 0.5653027938060505 0.5521602424325671 0.5385745124540563 0.5659874417758156 0.5562024348300101 0.5971018955880673 0.5551122352794254 0.5485965697143111 0.5087407890067447 0.4778784359142499 0.4360645187920915 0.46278824744248787 0.4482074980684055 0.4286059142524839 0.42156213860141045 0.406995177109247 0.3978080384458344
0.6690408896889491 0.6869509830171711 0.7259652274570482 0.764432542197692 0.7218483044685032 0.7349583299462635 0.762761936771384 0.7166138350471142 0.7053340872909322 0.6859364369574306 0.6604225105486682 0.6798532734280938 0.6843109794574536 0.6719013301002125 0.6257893129327412 0.647440052687365 0.609222902628752 0.5624762745639178 0.5104117826914369 0.5170094397251418 0.475770105883249 0.46497497764893925 0.47639101188705296 0.5161578679624901 0.5506375912196528 0.5699277775905737 0.5359045914826766 0.5745604321726685 0.565779811261061 0.5354590600078413 0.5786969937620692 0.5747565414140877 0.5670435093161643 0.5497600329118112 0.5365586277736463 0.4596343370091998 0.4672995752413586 0.43623913143642024 0.4577813947602311 0.4318051220895082 0.39299679122190745 0.41081493059128965 0.3672583939716867
0.6950122976716386 0.6881579078560001 0.7172301754867226 0.7056558567233718 0.7693111286874936 0.7529410051311124 0.785300523008011 0.7605036543358888 0.7632595148216277 0.6957717642374033 0.6959079455156507 0.6859756380151858 0.6633556875822215 0.6554047369476987 0.6684685123577777 0.6624094372739429 0.6452260511130805 0.5598522264255612 0.5369175862327685 0.525082619060074 0.4944385064878326 0.5066545953201089 0.5236765345867677 0.4879282433130416 0.4936817710045328 0.5018211049598024 0.5256358767727344 0.5190640998446303 0.5583264799443076 0.5124806359237963 0.5394920101670844 0.5233580088043684 0.49753554001055467 0.49698858325285067 0.5121543033721261 0.44943675808155786 0.4594691754614297 0.4303811806008845 0.43030011267532875 0.4292815837404726 0.3877130752493735 0.37373610060690665 0.38320135870408284
0.7176799920618808 0.7378734628679239 0.724465549184587 0.6981989338010433 0.7338384658425174 0.7853418914068047 0.8187738032946944 0.8078212934738 0.762775423513335 0.7220196972317419 0.7270684713661212 0.7355995317808548 0.6700017088573225 0.6828294087038841 0.6984207304032074 0.6649791304930969 0.6608250612537783 0.6114439527177487 0.5230488908019603 0.48472340972497185 0.48037006704473006 0.5117560616387135 0.5319159882937651 0.5189241094443184 0.4793924283833621 0.48606481118089584 0.5369522461856965 0.5413300455779073 0.5426974143606227 0.5025328596925385 0.5122302461494943 0.47804368079087917 0.5091984223393526 0.46125672575530263 0.46511665000845537 0.4567037641285164 0.41931140789289484 0.4458708931513181 0.38079529724949496 0.36326263891202093 0.3577481336100081 0.41576966379445335 0.4056170500001359
0.7059445258288223 0.7015441071607168 0.7312516697697151 0.7500243881658587 0.7233806683294925 0.7954274149964397 0.8473173548868504 0.82718435300103 0.7991805179224575 0.7309252069458603 0.7218547558950459 0.6806824692458696 0.6702537133818333 0.656293151215683 0.6953694931447733 0.6701464726271995 0.6076810402557096 0.5646281230883885 0.5465412706483821 0.5323521924128898 0.4874144241930543 0.4836463335252775 0.4645603278690607 0.4959312903852562 0.4911192187590377 0.4557450759307676 0.50128621030066 0.4898881500506351 0.47540193918023493 0.4541811164410657 0.4656261645159416 0.4797169254933655 0.48175503687178506 0.49881871241560805 0.47838131560425573 0.4594250640466152 0.42963934290636063 0.4377322444421913 0.3801698405748286 0.3554099409812341 0.36469232649725225 0.36252426413753736 0.37666125783344906
0.7368231124983965 0.7512837394175609 0.7475274726649377 0.7193660960884505 0.7551900057783103 0.7965367583099786 0.8479314835680143 0.8805193751839344 0.7965229028353529 0.7803148967668265 0.7262102353042175 0.6571378037308837 0.6479786131341365 0.651248765543415 0.6736517036510178 0.676046819940003 0.6095556967238788 0.5496567648086401 0.5121116429619907 0.4865893271277906 0.4728785020908656 0.49006265605444504 0.4564621880709634 0.4493430949466079 0.49349700032757754 0.4651279197510605 0.43286742147043034 0.43206068850676627 0.4210161600496197 0.4458748150461571 0.48025592952433904 0.49187986719826143 0.48036816198076493 0.5213530999568718 0.5120364231404385 0.4739366517970198 0.41070322275624555 0.41459646807279077 0.3769391381305842 0.36447256860390126 0.38522204590897346 0.39098087501629053 0.3479535538621553
0.7043769879428361 0.7280676255445091 0.7294258441249502 0.7132172792411084 0.7363478278569108 0.7890644032025588 0.806465686908214 0.8293531973337311 0.7721830153205453 0.7275292552081833 0.6858791677821514 0.6233610752780333 0.6549734896142192 0.6494861469916807 0.6130105730915985 0.6152019917516561 0.570743460951252 0.5128527937423195 0.466833263090669 0.439253683750671 0.4751085636101084 0.5050867745297098 0.4726438157730813 0.44614189080805006 0.47625771744294587 0.4711809665292641 0.4432471868370688 0.42085810831908593 0.44370592275406023 0.46834150738367064 0.46273213632849625 0.4535651228427263 0.49227141400163527 0.5223898336157791 0.5190597204565401 0.5019450056499272 0.42701754178959994 0.42717009501999503 0.3611957049992735 0.3766911900928944 0.3329507511724353 0.34759415931280674 0.3271213764624516
0.6664929881019291 0.6915128276445378 0.7418420969927164 0.7259050030160306 0.7257169004726924 0.7281934401378531 0.7739563932923005 0.7618609779689333 0.7494231572642518 0.7320597401289404 0.6976145942606559 0.6183746170374467 0.6255875058772314 0.603466330885163 0.6205196266440689 0.5995352904472142 0.5517893683813536 0.5037349625943843 0.4517384664229021 0.45142941380235546 0.49227013324049473 0.4954395049201252 0.48059477294961983 0.5019135885298429 0.5052014404538919 0.4322515494592207 0.44582492221889003 0.43316740547538585 0.41413899374986685 0.43542569549860305 0.4601023686371054 0.4957836833626129 0.4652922464958498 0.49251784489634565 0.4714292533607767 0.4767327367269802 0.4679486370699036 0.448680716733861 0.36180725257113405 0.32328489583103037 0.28006238653234045 0.2740950738395131 0.2524851435563292
0.698529579211801 0.7276808904873941 0.7043040816350684 0.7025023112601112 0.7153505365524198 0.7415031308719069 0.7604154320020468 0.7572226794491096 0.7205792930896431 0.7105638751848704 0.7048749482689446 0.653073756474793 0.6306748227198015 0.6390904567849537 0.6005084548324437 0.5956553795172845 0.5548970860765352 0.49234143296533167 0.4560773660021938 0.49439969427629277 0.4856574653555516 0.4775630396667535 0.49783584640376904 0.49365772287023546 0.5015076325909713 0.448553385945133 0.48241746406036223 0.497782082500206 0.462562179691056 0.46811364897652413 0.4633083008761085 0.4706833094822304 0.5057819481799823 0.4920598107637692 0.4886836599698327 0.48981268814971946 0.43636872734875376 0.3841759991437281 0.3696169892493087 0.3416230817657295 0.3156406203110355 0.2748766900473037 0.2620826515779023
