Raster_benchmarking/DGGS/continuous/raster-95.asc
NCOLS 100
NROWS 100
XLLCORNER 1743165.2253107745
YLLCORNER 5469285.704533864
CELLSIZE 10
NODATA_VALUE -9999
[rows 19 to 37 of 100, columns 43 to 85 of 100]
0.45960867395601035 0.4455132937175454 0.46910142500789265 0.4638858461581292 0.478215921046966 0.48598351385556204 0.4652850437300518 0.46562639766060504 0.4931357593055035 0.5302670543722898 0.5421031258371788 0.520836443800643 0.4980206747449632 0.4979472726190877 0.5162666250283278 0.49530875313019557 0.4614554972893581 0.4470129283932672 0.44414954649965555 0.41866141061552725 0.41434382267107955 0.40268457144383263 0.4017739036522635 0.3884483870411224 0.38695357231653527 0.3778167230790445 0.35491559366757897 0.34080084554718687 0.2840178224517325 0.29102948015704333 0.27885949477691296 0.2890665689872843 0.25646372566203235 0.24382088052016218 0.23124374250007199 0.25311404157013795 0.2374188696527885 0.2188836100931841 0.18887828601484502 0.19539335583077652 0.1781732997769789 0.19953255748206958 0.2206503502802602
0.4259584207940368 0.4461907452653818 0.4460311140110946 0.45418587234012625 0.47481314469746017 0.48979265870292926 0.4563280324375037 0.5030574882214202 0.5032765411408108 0.5335763731587545 0.5397445632058958 0.5163497499701561 0.5482173287919836 0.5487575065049398 0.4983407348074881 0.48569093928713414 0.47953562804500804 0.5057426511036377 0.48728841897462793 0.4294837654775055 0.40068527929637143 0.40010355856157365 0.4402914596655755 0.4183340400471186 0.39683880327017584 0.35354887530147666 0.3169352787453055 0.32145528770937226 0.25975468342410973 0.26462094667792924 0.2587456003125152 0.26507764277044643 0.26046035019410124 0.25424921079814483 0.2410677592000303 0.2428748950114814 0.2471423955176209 0.2175775755934244 0.18052403324780456 0.16607714853772199 0.1321745290251996 0.18998348618698677 0.2261507720713492
0.4773379495743671 0.4985482811983716 0.4976152029837116 0.49753162259684014 0.5139730788254846 0.491571642636877 0.49886972585920003 0.497464407427313 0.5110819168764811 0.492721459602478 0.5340723425798495 0.5525393264350229 0.5654725579801219 0.5457134390684625 0.4977882031832738 0.49189662286434405 0.4719828431884538 0.5092412586469556 0.48318016110451256 0.46048276524205606 0.43877592308240215 0.41988006338119754 0.45724850008032975 0.42057788840735966 0.3930816865774287 0.3707952853359311 0.34185382634794187 0.31973183378517345 0.3217506591434189 0.3019337423744033 0.30159382632846676 0.25153820531445076 0.23020547937962266 0.23693631039039398 0.24020591071958988 0.21364066953589306 0.19665257697618463 0.20988884456153756 0.16142702737886652 0.1675972479438101 0.16497604791606527 0.17393112768099458 0.21937635927380544
0.5184264928134622 0.49848977774537157 0.5209095326661579 0.514521628752884 0.4931221519363028 0.47997031169977444 0.48176559598395086 0.46337458421543226 0.46656211873166537 0.46364720997655856 0.49930710257374455 0.5146792946647817 0.5465619208780852 0.5399077836309352 0.5268071144512755 0.5134950206702749 0.5083916189635811 0.4913940169498836 0.5007588044219873 0.4813640613446135 0.4302063637868764 0.42045870304835486 0.473211481788262 0.45538077525935416 0.4306212128840663 0.3719029676228537 0.3201503784353614 0.30670604841523236 0.31790464613592107 0.2928258047318015 0.31182009084130013 0.2688546985659757 0.23353749688095607 0.23655706606629767 0.2032136533924067 0.1974610635719896 0.19432484846059217 0.18534985872692866 0.16909242530265534 0.13094152718539806 0.15132312228981348 0.18276315044557917 0.16765130725825778
0.5525167897011486 0.5314402484148187 0.5453848994684984 0.5107696595457423 0.4797671726555758 0.47815292354458144 0.4981099231446745 0.5102109723363701 0.4931508524487229 0.4902373645523912 0.47486586815094967 0.5154682811837056 0.5260931206284518 0.5240823019326326 0.54403802694293 0.5329382677419559 0.5567145533081138 0.5340455122657156 0.5018278498643941 0.4881709876050606 0.448539688859673 0.44717360072316537 0.4461441028542558 0.45180746770444813 0.4142512248413985 0.36190431688691826 0.3107613476559713 0.313698725678039 0.33439700859768057 0.29502335050363704 0.2995486935332248 0.2683568592765489 0.2604781732792629 0.23647343104849938 0.1964577072594833 0.17070313729208686 0.14681023710548924 0.14376638854173346 0.14492951630126105 0.12491235057560493 0.14083141419553155 0.16411624049597628 0.1901485325953629
0.5228599259640848 0.5393712885947848 0.5161675591008585 0.49818485561195 0.5159747099260664 0.5000421904577934 0.5122934841645229 0.5182970183949773 0.5419207840512972 0.5063231586842336 0.4772856359514966 0.49133837657666374 0.5401311358550182 0.5236303098168096 0.5064822299276523 0.5178602126338765 0.5614790998296085 0.5345403014739272 0.4857068360004441 0.48524072317132183 0.46175533661393986 0.4850825213218009 0.5055481081290344 0.4561050328806089 0.4569449253448076 0.3640089000337508 0.33566359787059136 0.31891566740580024 0.3106239564364445 0.3221668655150012 0.32768431744906434 0.29929970652946275 0.2544202358592371 0.22417396004156548 0.19134274981440474 0.16083585696049224 0.15561710619589114 0.10255503587030211 0.10708159224027247 0.11039696935199324 0.16065457643977174 0.15861833492115218 0.1571882298992894
0.5513211132450409 0.519978182667708 0.5392989771583552 0.5102138244625782 0.5108081427898598 0.5138237659036317 0.5099287807384847 0.5369711734636116 0.5224297907592996 0.5310831672131101 0.5180227682939803 0.48660964071112006 0.484952862044334 0.4898471357200624 0.5070130752263818 0.5018894013435635 0.48453149830747366 0.48174019953636066 0.49148298613597174 0.4811755699325105 0.4893425926632336 0.4714880498667149 0.4746281924890318 0.44121618990145384 0.41145424974389777 0.38222175153344495 0.34415336365983124 0.36905448446353434 0.33008056441941447 0.3304460333157503 0.301732239652877 0.2939118391108084 0.23294519504506106 0.198561954224975 0.2031161475443475 0.15880531618670915 0.13170994122176843 0.10732367875800426 0.11138491034316657 0.12019905769140554 0.09964336785727752 0.14661542373776038 0.13959411459931453
0.5353148530431104 0.5216373480035357 0.5341585489968296 0.5577592097676848 0.5522044357654728 0.5078042566882471 0.49017586781049277 0.5352150370142312 0.5255796653440918 0.506502960137862 0.5037249121814446 0.5142052317414336 0.5130772429661373 0.5033772683720673 0.47263562000536635 0.48720046912061044 0.4870644727114752 0.4882805405255945 0.47256609947772776 0.4774399117892123 0.46915016996491954 0.4711216338606845 0.4688165060706756 0.4336809129139158 0.4073445730299491 0.3790394362491319 0.3856999650551939 0.3723525865571101 0.34403926038635124 0.2854996467156886 0.27495295466379943 0.24409061485959818 0.24820377193742604 0.23517311810289812 0.2022626164558395 0.1952183498079236 0.15912690657136425 0.09570099240458989 0.10298491752197149 0.06704112611463268 0.06702562100283589 0.08178803443891688 0.1208782893079639
0.5294599229440278 0.5209498145982728 0.5137988860474966 0.5385249692577048 0.5231923203800097 0.5505496165904585 0.5101394822766784 0.4932246954065643 0.5178787875604292 0.5169269943351668 0.5100098451022588 0.4708887600492151 0.463836989341299 0.46682454520250655 0.4527259103404363 0.4564684551955738 0.45728233094178483 0.45491701257861966 0.45208750887772137 0.4832357434102496 0.45460909661132304 0.462152856296566 0.43185944359978756 0.43204156701886476 0.4519486332641814 0.4283443759910817 0.3805542163324338 0.3330369076406043 0.29649904320467746 0.27392888440471375 0.22945144989284366 0.187897953366845 0.17130535131170221 0.19065523024131364 0.19964843795836537 0.16460377517217264 0.15723731429281937 0.11191296627166432 0.09822514886994277 0.08290104161788713 0.041701016432402205 0.07667422908696823 0.11758810191714593
0.529540504059886 0.5461425206259337 0.49844237920070544 0.5243192586305072 0.5475339370293592 0.5569162019431274 0.5354642340328235 0.4871048283723712 0.4459536824297182 0.5034704082779294 0.507930524503403 0.46636614971591805 0.40884723754290386 0.42053574969899155 0.41489723715289667 0.46502867025947414 0.4783256665281689 0.46947213223416917 0.44562539572497384 0.4689261484471961 0.4606979536829832 0.46305587425257055 0.3988483152445925 0.4109698186613504 0.44107226858573123 0.4115722610652285 0.39203646239000767 0.32845958295559274 0.30395955794454504 0.2564421251596327 0.203978179976557 0.16860311481107204 0.11312825015228385 0.1321418713178204 0.14074769105618745 0.1483855965616654 0.14183919150227078 0.1211491153729205 0.08746441608423618 0.05164542207404649 0.044797942254890026 0.0726387140033967 0.12304253563433251
0.55894743102512 0.5507783975517814 0.5324392852612381 0.5432305116448396 0.532573867784695 0.5482867720567023 0.4976313347248953 0.47561527125903114 0.4868037486001829 0.48852608075765713 0.5209330526313255 0.4885776316254727 0.427353895268411 0.4522258822187738 0.46580864814925493 0.4396509977345232 0.44929770041703015 0.4608724919544075 0.47649965040088016 0.44874181199870045 0.4551415649346977 0.4403317689711468 0.4254893502626712 0.4013146381234749 0.43181255071849434 0.40730378000135103 0.37364488573878724 0.32447560800111097 0.2990161316480375 0.23603708926482056 0.18415004634649712 0.16546866028270896 0.12305780128939578 0.1420241619381595 0.12291605572627806 0.10912430474457133 0.11979333639674487 0.10989968009629747 0.056685033079602806 0.05433994783548976 0.0844223407337282 0.09467839819745515 0.1529156053867698
0.5952431568763693 0.5320217369712128 0.5366053664492392 0.5393985075333596 0.5552075271286525 0.5475177307875181 0.5077053564726961 0.5055878507200723 0.4882469345742384 0.48658485913780464 0.4986098217142095 0.4751951516093052 0.44604745815415325 0.4610268746769586 0.45669797315326555 0.47136258846641155 0.4673148839214543 0.4886536769825993 0.4932150533113791 0.4630159118985006 0.4259885814295258 0.4056332404338608 0.39772264820325615 0.3777526300765842 0.3971983261423566 0.3804415951587126 0.3759945703554637 0.30115957428515117 0.27668834114318885 0.21438833632725082 0.1790589835524058 0.13085892378891417 0.13278897577655935 0.15060460709427811 0.13576756173565718 0.07751689373506487 0.07391542910227362 0.05027512622181865 0.05819597360460509 0.05644673842168486 0.06601678961276736 0.09312235418216974 0.13293510449349538
0.5824190025553829 0.5409111084917245 0.5199014602215541 0.5264050702663735 0.49828972639219354 0.5125250077928183 0.5166186840754776 0.5212712183676442 0.4996998771269114 0.5123047696765484 0.5307613340434952 0.47414532502473916 0.4518495816722429 0.47149294172721234 0.43228553959158417 0.4500293526119974 0.42216631025300616 0.4760443152240289 0.49042564036766184 0.4606229932985341 0.4352932107542886 0.392841921499588 0.40443972979433723 0.40345195258466215 0.3748235688975719 0.355037541023885 0.3356969185077527 0.3196128634714413 0.24843258547381758 0.20700349851602143 0.16423864778477457 0.12851345346861068 0.14185428510060732 0.11591138785994634 0.08327476864630333 0.07682107370365471 0.04300172293582947 0.029324306087021915 0.03557920562241191 0.03240968067783139 0.06423218714061 0.07524386120566808 0.1392703316303781
0.558419602027146 0.5601946495086159 0.5454766615050572 0.49980501723598597 0.4606753565504384 0.49568087376494313 0.5415395778707234 0.5286585298151211 0.5545304741010315 0.5248654059788895 0.5362459747600888 0.48077829910849423 0.4526753995346712 0.4447072324566024 0.443121270121722 0.4559138990938925 0.400354763847041 0.47609216724326714 0.48450590782225006 0.46513643408420857 0.45841948251118475 0.39309086260773596 0.3850044182686053 0.3866771439296186 0.3876902896387509 0.3338887399246579 0.34297244300710744 0.28500523748454315 0.20357975104347015 0.17168715347909813 0.12481848749990107 0.14547143575019694 0.11622569443199075 0.08582198033617534 0.08779669622309873 0.04257066144045709 0.023533069806872142 0.014299459512936081 0.0160974636253819 0.028266611218047636 0.0 0.07440322461964338 0.12350504342508577
0.584744122467045 0.5710713235131865 0.5280780283357861 0.5069519896700769 0.5166639987138464 0.4852778223719732 0.5243081775803805 0.5430099273717862 0.5059325724493658 0.5144383869861787 0.5265928869991149 0.4911224233762935 0.43578942858132397 0.4308046648620531 0.4138723820017387 0.42851890158748507 0.41515648277503836 0.45255726517181755 0.4893625787818531 0.44955533557385724 0.4216555331902736 0.37982584134775643 0.39428669552084655 0.3538841877639701 0.3462140401162743 0.3334288143582325 0.2669078194723475 0.2326341053595022 0.18462089144064148 0.16729170190912843 0.1577063814154176 0.15319895764178612 0.11955630143493073 0.11359800195751395 0.056417253107835665 0.040006345716330265 0.01212816936434245 0.053282524764042945 0.05520772476096032 0.03559317893193978 0.028486173468467768 0.10164422917939378 0.12339151461166827
0.6007823094801893 0.5683055832098493 0.5444999213358385 0.5123546431604196 0.5176713928406519 0.49441464611446373 0.4829644150244067 0.5071291556928045 0.499709053274772 0.5009456696893916 0.5309041770492912 0.46834545210814105 0.4526630113929803 0.4287295894839637 0.4018401806734087 0.4209536534941267 0.39682552499573853 0.43531457294579134 0.4721842269528587 0.4601517853081292 0.4136632444582364 0.37487587817532186 0.3571422643755331 0.3635660208088826 0.3440131758995149 0.2829493039223844 0.24032890691216735 0.24035682374941733 0.18374508359854194 0.18765468231455554 0.17515675679367443 0.13078582867394759 0.14035830461246682 0.10808029516730804 0.03504059166385066 0.017040895409446463 0.028177670594207026 0.02232611120469827 0.059301839181144865 0.06072229307463368 0.0779055582623027 0.06301977495258723 0.10935600924867138
0.5617126484027372 0.5711312311702936 0.5636364711203998 0.5092891814817433 0.4871646021567569 0.4966251073764035 0.49466615627918054 0.49683080904539906 0.5393858211849004 0.506219045239162 0.5260871218585953 0.488090592530978 0.45019369671343706 0.4405020090580862 0.4082143856797476 0.43660163433587185 0.4621378626490537 0.4590760716807734 0.4630135596409504 0.4529677159303545 0.404578269156398 0.38748536337880346 0.3572028765639563 0.3147913992717852 0.27042247180317225 0.2452656105254762 0.22075432488353694 0.21050705007139872 0.15453114100477533 0.15851108460232738 0.1442382402908487 0.14554385292442348 0.09683935595943971 0.06689308848339788 0.062454160886805034 0.03852269701111536 0.044110423674414624 0.0330985307068704 0.04791157095435478 0.09228034505143302 0.0766589920557644 0.06660884702629835 0.06939241030423077
0.5361398002152455 0.5269511379549604 0.5492233788843752 0.5284077771285144 0.4595293249491448 0.4988423279491911 0.48794050561582997 0.5413801858428486 0.5765669918607241 0.5384118593055311 0.4982338190935131 0.49596884189505314 0.42528039872931506 0.44142413375335326 0.41076949411088576 0.4173409021861909 0.47405503891162076 0.4965520663140798 0.4987807653753621 0.4521236890697444 0.4344200707166386 0.3835742881559865 0.36756688825087563 0.3075664960278588 0.22881874530197718 0.24668386997069547 0.23283064978382367 0.2244271431081405 0.1581552212282086 0.1540944020843249 0.17505735771929787 0.12943627589513573 0.06853109075802105 0.08402673984695203 0.05152726296830473 0.0699571356286853 0.03190719547943659 0.0676789500746562 0.08610406672004058 0.07409702528287097 0.0870667727516372 0.06643019964933931 0.07000993404271001
0.5313623321287878 0.5427555275246846 0.49958828358678947 0.4924711130615297 0.47112026985270555 0.48513781562847297 0.522535402748493 0.5067917620380545 0.5424799080271452 0.49601610959837883 0.49861275853419124 0.4723704878139498 0.43514163144104 0.44216648656597035 0.4480572701174761 0.4388360391546102 0.435887836873687 0.45482106434363084 0.464405130603207 0.4416972153527386 0.4066094882130797 0.37975611761853956 0.3502930177868328 0.32785478091831294 0.2907873920871687 0.25350419048040446 0.21032819469407193 0.19636959493382283 0.2002751543046996 0.18602790544316175 0.17432636171923532 0.1164180572616839 0.09670732642303383 0.09406118232569657 0.10027133434727256 0.06906875582354026 0.07783410617502386 0.07757717905037319 0.08459214407762829 0.07972691841133027 0.07483757294900227 0.0974777623579237 0.062173022350219105
