Raster_benchmarking/DGGS/continuous/raster-78.asc
NCOLS 100
NROWS 100
XLLCORNER 1743165.561884802
YLLCORNER 5469284.327655963
CELLSIZE 10
NODATA_VALUE -9999
[rows 57 to 75 of 100, columns 43 to 85 of 100]
0.36501092679277697 0.4272834699870048 0.4849847164973458 0.5494724670129328 0.5462260241892115 0.6152938422969287 0.6408542787073163 0.6386614697249975 0.662753413072417 0.6755954035802946 0.7181389192667798 0.7640517665773953 0.7544691055919649 0.8208785180146845 0.843778760767856 0.8343960046171851 0.7801284774300187 0.7036354496715009 0.7195591190119792 0.6691515897323476 0.6675110097722619 0.7452193599992236 0.7603873504146987 0.7223166049044982 0.7099478393414412 0.7470760802777862 0.7138744905780193 0.7127512402500161 0.7043968198559913 0.7029180239953916 0.6679371230771484 0.5788454010065402 0.5450472140586893 0.582212743799332 0.5556234255052189 0.5552099830958254 0.557804027946446 0.5090958957442104 0.441593855551324 0.38446187680197136 0.37287862814558 0.44562823737972335 0.4293787043392578
0.35616475240295964 0.41591586336795544 0.48713077445967284 0.5189054673007729 0.555329062816418 0.5367973403025156 0.5580390402131333 0.599282615978053 0.6068824022383957 0.6785839885388004 0.6689768661691514 0.698599207862607 0.7882334213647108 0.8094893999138081 0.7936433181645975 0.7561805000766949 0.7960724274710288 0.7170814249090471 0.6769607933210793 0.6613527800642345 0.6522147767042421 0.7405997688861742 0.6995991436911125 0.7016895705548932 0.7403709814217624 0.7322986277551763 0.7403850861690809 0.7565019198142932 0.7704279937402111 0.6728589559740816 0.6643533877946844 0.5855514504198535 0.5949322647773275 0.5305438318589264 0.5571468498873781 0.5345866361494811 0.5374565962489832 0.5275388995739051 0.4944562294509498 0.3763184608740895 0.34821839316467235 0.4035474900345823 0.44436733094864383
0.38645078150730156 0.41827588174213487 0.5200263388509152 0.5647108529346885 0.5627094107978936 0.5876134236987938 0.6445534803043527 0.6431766171120855 0.638771019685735 0.6530462931809338 0.6878461318805642 0.6984291125861203 0.7832387140409558 0.7906799939016144 0.808600357610878 0.7670194435576986 0.766740135753196 0.7569955565648029 0.6900766022427268 0.6892733712444679 0.6869714982674308 0.7360371687203765 0.7402058848545752 0.7606775911789456 0.7479229694261306 0.7782305140290742 0.7863129654563663 0.7919350212182723 0.7409424576752942 0.7086644332092062 0.6848017813007634 0.6075661342528953 0.5809125070758901 0.5158069937175656 0.494797234345929 0.48990907601261763 0.5170465857147254 0.5077413010400244 0.5175910600960909 0.44192879232415183 0.38223518341663293 0.3970517476212193 0.4070887853560615
0.4520785285694292 0.49043643347078736 0.47483162914933735 0.5719464801399842 0.646859438959367 0.648415499329626 0.6513584700536948 0.6997124668517261 0.7046033723181078 0.679247583491394 0.6855845444685553 0.6936474281901713 0.7293756723536714 0.7445651240125036 0.7423956375267643 0.7648564542356945 0.7428782513530358 0.66119265777269 0.6424248122958744 0.6632215797881508 0.7552851031277981 0.7563946277082185 0.798387453192595 0.7910840421089651 0.7574135835095407 0.8355216167113978 0.8511840832948728 0.8271539552385693 0.7214450149441779 0.6595326546977707 0.6189660168599025 0.5600559840096335 0.5905946858654341 0.5238298036795478 0.47442330272502137 0.4560975020927041 0.44793112290168363 0.44402021140371273 0.45501703759517076 0.43935447346093165 0.4603744621689416 0.41229545796544737 0.3879017452929906
0.43981442145170974 0.472291413914439 0.48191680399460424 0.5859030347557543 0.6343043254852372 0.6482945052134056 0.6465633243326475 0.7013850733018991 0.6983564674239128 0.6775767790586743 0.6970870143346483 0.6614611187612288 0.7136718684687446 0.7370175757914899 0.7206775673722634 0.7186905254867149 0.6839470092901742 0.6623756516353285 0.6794721785234172 0.7024580408780835 0.8065510609643136 0.8239953240970811 0.822354178772711 0.7809686185639086 0.7734629155346264 0.8129635511101594 0.8673379776640016 0.8332127903793188 0.7294814930529336 0.7089876407079073 0.6190559188657736 0.5916629389427643 0.5146606604064842 0.48244085645201507 0.4895902001463136 0.4977798225373779 0.433834668649282 0.43435863975720673 0.4147907758885232 0.45545292765213724 0.4049806148849186 0.4303485609526572 0.3974802817527786
0.38184591470527296 0.460411476957237 0.44933904139441116 0.598206616772549 0.6585983174980772 0.7140389775955737 0.7438987430712444 0.7196124673621036 0.6631671623924769 0.7212625074649772 0.6931414980813797 0.7279612373973531 0.6944030437669296 0.7251145340712299 0.6996926357518266 0.6740592640247972 0.7036589005092228 0.689500285809079 0.6834106185933772 0.7616527262526521 0.7868222531093683 0.817807636507009 0.8435453477499495 0.8529373752604745 0.8828577754286994 0.8900241645194287 0.8863892679468094 0.785123433535743 0.7757361164069908 0.6861097707033439 0.6351489810305092 0.5706421481347079 0.5601417581114064 0.5450539355321266 0.45794836910068454 0.4877256383376861 0.5153752716385981 0.5225598025988739 0.46335976082408387 0.5019233055562372 0.4346498685256106 0.4380917209301481 0.4022884501461349
0.4355954703118576 0.4675553051477327 0.47139512076341544 0.5726501085334673 0.6244124112038988 0.6900958323324381 0.7667695167916181 0.727659025641802 0.7369671880732216 0.7536175205185507 0.7692892269395819 0.7577933610866882 0.746869458032257 0.7078806545867283 0.6993659347678554 0.706070580586371 0.6516374579475102 0.6748604033927829 0.7079367459087138 0.8013651867361198 0.7832383111731924 0.8093817552926953 0.8098751378149878 0.8479197868787764 0.82118824657352 0.8567808814720699 0.8391550021486787 0.7508933140523242 0.7641345659079565 0.7117235852993729 0.6585452003570554 0.6383691083111962 0.6134778612903855 0.554556325614194 0.4868082060904034 0.5065020703382862 0.5380428547704795 0.5395803069509959 0.5255111180645143 0.48756200517272025 0.4863190773752636 0.4409647659258474 0.37126984482985126
0.4689868206341662 0.4875845398798489 0.48968747923750733 0.5376095927364681 0.6362447866624606 0.7173796097293815 0.7588612731009722 0.7287557065425301 0.7443514994238014 0.7879847623012937 0.7579602485263912 0.7634566412983198 0.7985043352174597 0.7755817120632958 0.7493657850332208 0.722372734400559 0.6748573673398688 0.7355230929830857 0.7417283643572102 0.7874350154498214 0.8610948486159709 0.8499746465406264 0.830341106956399 0.8480827556906255 0.7625943639212416 0.7434017680448862 0.7665587100707035 0.7359547048278471 0.7041970120810989 0.6571485887667524 0.6565307752919309 0.6651637039133963 0.6541888991451783 0.5886965325648047 0.5581363434637157 0.514578696235716 0.5017418936402085 0.5497264531515428 0.573570556423658 0.5078013893272846 0.4244270908366495 0.4555765237169791 0.37909833546741967
0.4660194050404912 0.5167922741134755 0.5858067304077942 0.55355021646853 0.6093352686512252 0.6907182266285647 0.7336575223301459 0.7272164199733717 0.7810134090820001 0.7503512755405358 0.8189666300652934 0.8416357497732199 0.7896364897934699 0.8072385281874273 0.804678787488307 0.7275328711527321 0.7478367050744301 0.7403250349340385 0.8392876827525327 0.849164424636798 0.8981752548435183 0.892914975913281 0.8622320213776454 0.7941256355204029 0.72931758340177 0.7554365107150413 0.7486710685606199 0.7233448318746356 0.7356401854079145 0.7030209486706385 0.7532659384604559 0.6943406721146361 0.6934215128057961 0.6965895331583474 0.6271252691572585 0.5434823976229455 0.5281490032967768 0.5139527391993336 0.4928269959427752 0.4623881166100117 0.40522613491982357 0.4123132812363721 0.37450459943028186
0.5377619396297937 0.5696898849746145 0.6159333179444852 0.623044100824871 0.6078141555637582 0.7091267329844603 0.7144790574730595 0.7174902231354301 0.7973907193032932 0.758008984631879 0.8166498717351605 0.8357137442545775 0.8377972478876904 0.857738703341881 0.8668124172296074 0.8080582232535859 0.7645632840559172 0.8141445393324994 0.8657357621057358 0.8749860740944749 0.8644047621895368 0.8497586498701771 0.8483691996834662 0.7657355316248383 0.7641231888283205 0.7564665075539635 0.7982115672258862 0.7400568399544131 0.766545166708806 0.7358667367435329 0.802237366837189 0.7466343647103724 0.753228821526547 0.6666677107577024 0.674991875148668 0.5965427568080894 0.560451503061448 0.5627737972674378 0.53136617323442 0.46294716482861026 0.4566072532936833 0.38323059648431823 0.4085030606865418
0.5551063451678387 0.6266642429486723 0.6064294709278681 0.5988400970941271 0.6464884947395462 0.7106152194442018 0.7416309824283255 0.7886237054346544 0.870651331359195 0.8293744424872755 0.8578237069495889 0.8872260637482838 0.8967912598950938 0.889290086707264 0.9274473127929573 0.8896422845017519 0.8181150204908234 0.834760928783747 0.8254343531750404 0.8869843820585677 0.821104702314427 0.8752894509276821 0.8224349163230391 0.8037128822614118 0.7811039619115301 0.7754681057481755 0.7882133416382641 0.7766611380211301 0.7769852500919365 0.7989103969839239 0.7702359979158871 0.7487812683182602 0.7432408078363932 0.6626535854787025 0.6198863688303895 0.6230536023426649 0.5684587995382635 0.5472516638242687 0.5571530536491718 0.535407411534988 0.45402874770183294 0.38073290311744384 0.37548837427838666
0.6140972673310879 0.6322953574290617 0.5783478427319049 0.6503252422880365 0.6379841385920821 0.6949730897888641 0.8060264420661194 0.8024940625615076 0.8959420689834549 0.8537199707238601 0.9241229650751676 0.8470840578520648 0.8515557119289903 0.9100080413314802 0.9939385977801071 0.8851958579142416 0.83121458281396 0.7951285096500417 0.8212518506351407 0.8207043729830318 0.8300493128152376 0.810528667857385 0.8001922312646698 0.7194191763449459 0.7220060619364663 0.6796909907529035 0.6610753477794572 0.7313516749979879 0.8287304861336479 0.8204139995921164 0.8515868478418559 0.7311675029409175 0.6859957517903398 0.6568241528335295 0.6779277945427793 0.6620815406741285 0.6111974366987425 0.5399193830032609 0.5517458841976218 0.5327304002340579 0.4299081768629927 0.37026661728578714 0.3815624571105205
0.6126697895544592 0.6309769968154815 0.6722113347564658 0.6756424347284155 0.648822682729887 0.6938782113203836 0.7598893606583293 0.7986691185158898 0.8189523565088609 0.8877104705444294 0.835501560052718 0.830403933324944 0.8792293633051985 0.8608991478518361 0.9305089859275307 0.9570312329945247 0.8634097550624152 0.8545624184622312 0.8156655655455997 0.860106742595033 0.8642463515455194 0.840926029731731 0.7440672462157701 0.7238956140718644 0.7388802039658252 0.7063672876782423 0.7323693675157477 0.7681651964985474 0.8113058850998461 0.7913016404496691 0.8085021196961039 0.7698005240648156 0.734373453973066 0.6660819907570348 0.6817985192286035 0.6747830294009651 0.6133286976914216 0.6058113529331735 0.5954134353058425 0.5606973238971099 0.4703413987394245 0.43852955121485104 0.3705592681578001
0.6831416104763492 0.6558054272234235 0.7330748726223663 0.7401187348298733 0.6953018788456331 0.6893741823494893 0.779137466324634 0.8188687244154568 0.8321570376550183 0.8632605341035372 0.855875714760744 0.8235412003643925 0.8445095759678647 0.836462041625117 0.8859342822830754 0.9044146658185828 0.9757984293430132 0.8987713177579361 0.8768081387529193 0.8387958649532994 0.8800090205076735 0.8024500754837232 0.7821475181381048 0.7262017045572944 0.6537337009470287 0.7195179218507701 0.7304067153583402 0.786551121233904 0.7557918266063405 0.7789535768271258 0.7907746709171198 0.7636197003117318 0.6478307513144991 0.6707113475232042 0.643754687547821 0.5890357269595033 0.6289980136704019 0.5965135673669373 0.6356739185223758 0.5806753576485509 0.5504805459549912 0.4597842859357298 0.4561194984878412
0.7281735258318773 0.729859056312783 0.7529184135223761 0.7098035679803367 0.6876760220378718 0.6764808725294226 0.7078777989020011 0.7635040769952409 0.7997271536300452 0.8099222973218655 0.8414878163979075 0.8762471928584566 0.8696247104301291 0.8289747396160839 0.8342461479101833 0.8977542381592042 0.9802737126136881 0.9773245007245215 0.913394561502845 0.8943380632862478 0.8273003841601473 0.7884571878312869 0.6924821114231658 0.6679406646031971 0.6745911889099335 0.6573099608784709 0.6961983316915614 0.7207315359079729 0.7567148440847313 0.7470535078283496 0.7349322812366145 0.7078134725963934 0.613363085183116 0.5576044498751016 0.5316699017999152 0.5343861714151092 0.57338714766875 0.6125282736294712 0.6267922610511459 0.5608433895473796 0.5533373209298268 0.5058013740999896 0.4928187540972068
0.7055020147457837 0.72383704750173 0.7312421604880143 0.7734535393423361 0.7439252253390578 0.7007596425861135 0.6594978519765371 0.7186867857740993 0.7563254071864665 0.7469161718414812 0.776218322098071 0.8632399197444047 0.8674395117689858 0.8471328567337582 0.828630212079355 0.9015783966114316 0.9077954177552593 0.9283354107367976 0.983251620551809 0.895663408823162 0.8257719911105257 0.7495485809476048 0.696138206711232 0.6440069629439057 0.6875288106613928 0.6709291327819177 0.6883967889176577 0.7467370481790322 0.7917442127033602 0.7603806301174383 0.6986069974423512 0.6394695725762051 0.558605793071518 0.5887628424639009 0.5202475612118883 0.5336278814706653 0.4828462300018744 0.4934627239855648 0.550265640981057 0.5073085242769231 0.44995746800219666 0.48805841904588326 0.4834461193267281
0.7531333456727117 0.7124591123052797 0.7627176488688898 0.7375995909772078 0.7532235397289471 0.7102056534660528 0.713919503820617 0.7225437544823329 0.7519202777157792 0.8012633045724783 0.7497599281578258 0.8036645230379502 0.8527915235283584 0.8015476635141165 0.8072980208910809 0.8479398778467027 0.875452535958336 0.9372990873434095 0.895784068738219 0.8911052566230996 0.8641697933917769 0.7979147476067816 0.7873247706175671 0.6918715700949533 0.7173640944681435 0.7271219154167081 0.726161478438618 0.7754664801289831 0.7936133649444684 0.7009730099569108 0.6585648499398713 0.6424024919197455 0.5947580394418404 0.5682164715916206 0.5556856627440854 0.5223671793469506 0.46722535385497793 0.45061373981849695 0.4894364640594108 0.4639006515793619 0.4364322757527789 0.4398282721635644 0.45512010408644255
0.7057189072464828 0.7019356706950112 0.718634940895106 0.709709198100938 0.6976651152451242 0.7395586391401401 0.7635441612878665 0.7371387327581574 0.8118214725965709 0.8206442429781178 0.7536623061467641 0.7974334704198457 0.7686229178926962 0.7954615209371068 0.8146688775359595 0.8850890853674426 0.9498932555988587 0.9775225879530145 0.9345243109508836 0.8694230334659282 0.8022389055140223 0.8077835901380394 0.8102421839667246 0.7790458282152558 0.703900731831606 0.744937636349943 0.7268947407639345 0.7746972680461355 0.7724252108773064 0.7285615685829809 0.6391011859266676 0.6039266813645615 0.5507046734028052 0.5147987509798889 0.5415810286339577 0.5387239601147041 0.4530222569934074 0.4463338476394895 0.39847069244885225 0.43753150457826406 0.4037853194149636 0.3601734267071508 0.39237141179919766
0.7362554770805886 0.7222685902921608 0.7111046436967112 0.728323064649665 0.7149225140251538 0.7853996743193211 0.7836727020784547 0.8024233152641995 0.7693654253053961 0.8231577038712442 0.7952162870549687 0.8146619373359285 0.7789861546500426 0.8042521477717436 0.867384855919259 0.8890573186001446 0.9444094342849082 0.9544186836221175 0.8762271002523194 0.8508972306864191 0.822296066602964 0.7982600728808057 0.7439526402582975 0.7424164050656745 0.7752851260484249 0.7539940016370417 0.8045389652093391 0.7892138502963618 0.8066520041196549 0.7459550064873275 0.6800190999395997 0.5914979419769361 0.5489237315824917 0.5632889840850894 0.5153108389909143 0.48238279727932826 0.4474676435944574 0.4575385883710342 0.45792711962957083 0.4132897048180595 0.3635599563737366 0.361245937425126 0.365974675937426
