Raster_benchmarking/DGGS/continuous/raster-218.asc
NCOLS 100
NROWS 100
XLLCORNER 1743152.7703675313
YLLCORNER 5469288.2800117
CELLSIZE 10
NODATA_VALUE -9999
[rows 76 to 94 of 100, columns 0 to 42 of 100]
0.5293289787958526 0.527064026589359 0.5280080058987259 0.5252581800431323 0.4843491677438077 0.45060020850023075 0.4126580506919415 0.3915133444961692 0.3690169565886607 0.3547525828089746 0.3279391232631305 0.2945199564205797 0.23743192415542075 0.18092348163324365 0.1971225854974899 0.2279660980770861 0.1770560997174294 0.15012521670638718 0.12466965003849245 0.13253615061096302 0.1203601200608459 0.14286407412360946 0.15805543124068852 0.17677238195364925 0.19081847499105695 0.1799711363210655 0.17226587325696024 0.16294373230287346 0.13438781824593415 0.1645049775730159 0.15490370486048216 0.19703022363033723 0.22583224111226868 0.21837167814885614 0.24571230795239007 0.2754960404355447 0.25697610024299566 0.279203258988431 0.3149623132156919 0.29155730579692807 0.28371234931674494 0.2575045191477237 0.23864650857012384
0.5796438435680856 0.5534970250688004 0.5712236743728367 0.5318341916486018 0.4921770459837562 0.4710186178200205 0.39132767290735404 0.3831123118617764 0.33475329118090424 0.30818996772573753 0.28108601376885317 0.27618342141466395 0.24390466398832503 0.18802572394340844 0.2214951488151855 0.2027445586555623 0.18837759491732511 0.2294986945158421 0.18628036584143556 0.1641635965151255 0.12171239316446023 0.11916064577995683 0.19643711910718115 0.21692465371527359 0.24023175407758499 0.19676783295698327 0.22867539689461264 0.21286757369712456 0.21061470636016694 0.21084454257870838 0.19925129665180893 0.17537398290953368 0.19376346994889757 0.21765755975006804 0.22513349877458275 0.2586643579945823 0.28123330690382853 0.25925593034484434 0.2637214498142695 0.2996044993826494 0.3092027823160514 0.29175093060442997 0.2704829742628085
0.5664861556265106 0.5466185231997718 0.5448433293852806 0.5246867257540605 0.47414913747126436 0.4590883601457968 0.4141215027807902 0.3525627341167444 0.3395289771365302 0.3013359516416882 0.3163533159146842 0.2939060336277598 0.2500360342478295 0.2690813739728657 0.2452411220722315 0.2666050898113417 0.26199149931721566 0.2272283746704432 0.2199175504911054 0.1826356962092331 0.16834281320158972 0.1800322148774294 0.18940235795255617 0.22371343042090852 0.24795114851906735 0.22610258030914793 0.2041269024446169 0.17715691968656763 0.18641113555370828 0.1784596292638045 0.22266684858385313 0.22281010159921244 0.19706730554963436 0.21979907200548485 0.24763233009469374 0.2625846975423651 0.2634780808984088 0.29564470487470274 0.25977418713008216 0.24749679179883938 0.29388085959977117 0.2426663266970223 0.23959475090937674
0.5806064606430573 0.6052692445062305 0.553937006064235 0.4915041698148499 0.4442591881017836 0.4674647554653677 0.4157948795981946 0.4001488718390392 0.3544685827069162 0.32758517161295225 0.37083119304355705 0.3479684797106957 0.31460931680317755 0.26420001243814534 0.3082664903245691 0.3205117421872239 0.3054587818682503 0.31542925999673344 0.2655063360314949 0.21159246524062167 0.1671996504757789 0.15974801221500756 0.18955755146922984 0.2523905068254384 0.2359304200731109 0.23903345661090816 0.1907326665885651 0.16310952309893192 0.16215462594646854 0.1548549931869596 0.20871713855586974 0.225945428446815 0.2288017532824162 0.25213785312655024 0.23782277817279648 0.257613555748622 0.2898980536541635 0.2829295465857497 0.28799347801954744 0.24213703331274983 0.26690242881446735 0.24658189769607888 0.2743764762717092
0.6029871782436844 0.6020528265713945 0.5691242643030981 0.5120689555441693 0.46298938141535284 0.46013683529642946 0.44468253678253233 0.44296588776764695 0.37772776556228327 0.36957485568686327 0.38982986006312476 0.3379477437978053 0.32921641218472086 0.33213461989308224 0.34377209510710166 0.3731958996765024 0.3499785366653493 0.3131645432619092 0.32038879643447543 0.3034356972627007 0.24946811197162191 0.18927707723363457 0.23896041547308536 0.22079731162069108 0.25817544554720306 0.2119133667897923 0.20043271271404905 0.2091653741656099 0.18801462737763114 0.233555576242055 0.24750358920318943 0.22323238276685145 0.21700538807583647 0.2197045289193575 0.2701039281326964 0.2640378084515058 0.2932427830043071 0.26769802070123916 0.2723642008524196 0.26731277075322546 0.2777614011880862 0.28251178875952015 0.25995115475461883
0.6131986557988197 0.601404165885447 0.578160836932931 0.5153212764404583 0.4567735411729683 0.44320084999884046 0.4690877006307509 0.43851854539473417 0.4257497283450707 0.3969006634237887 0.41241799525946815 0.39571546387837764 0.40713664620423673 0.402694362186866 0.389495851803003 0.42856115749797646 0.4041898219318789 0.3846952676042312 0.3462313924221109 0.3143869945380998 0.24375012398424362 0.18744299317433066 0.20662247477358062 0.22935885174033616 0.2630011519949034 0.18213029381490675 0.2162038706432591 0.23305419547935372 0.20091126966765202 0.2177998002861509 0.28208036637153333 0.26917343583661635 0.2186965799499761 0.22545789324816157 0.30046706641261967 0.2765084697427201 0.28683167964180944 0.33235575893670016 0.3354677582383429 0.2594242428615528 0.30910946512893883 0.2983893919635896 0.25565405359042553
0.6025455625098691 0.5494324755148549 0.5384438358482723 0.5054082681622702 0.5040266980920709 0.4989234917344848 0.46937018244855633 0.5074452245156797 0.47786346413736486 0.3989540470377603 0.38862183858177957 0.39247789464543187 0.42111930539721465 0.4303065485992937 0.453753835012659 0.44973073815823306 0.40420676630767866 0.402989672146245 0.37069260186284236 0.33945793650916695 0.2639809065544086 0.24359833127812144 0.2264566117688883 0.26738909179202713 0.260237031929818 0.20372871156711905 0.24856767457360138 0.22367694185399137 0.22277743906302888 0.21383897780776281 0.27318960336827086 0.29487108063948053 0.2900818995523122 0.30298650591067816 0.3013623094698457 0.2946080291622048 0.3210970002919789 0.36809687505745997 0.34925817537046533 0.31382821849342624 0.3008115414983428 0.30881068770090037 0.27655767937046505
0.624173252740685 0.5772690582515505 0.5535890439511095 0.5356629801360624 0.5428666441441149 0.5290500273253712 0.5187988988041145 0.5189262181657883 0.5205369270345549 0.43707592162572423 0.4190640074398999 0.4318085434955028 0.4683321807219334 0.5132495634462898 0.49370214821455627 0.452257153690423 0.4456236105192951 0.4349875772219171 0.4227714556503361 0.4022144120770856 0.31513466493655407 0.24429658025573409 0.26457193037117377 0.30490711714832186 0.3088031797141224 0.236083011632177 0.27092112736623936 0.22655673381472713 0.2167712481126625 0.23654057724133173 0.2223858730001991 0.25182775757858006 0.27543815602515204 0.30426506531250425 0.29310872647698283 0.27963843201370553 0.32723681930927573 0.368784463418277 0.3424940612357843 0.3712498121377743 0.34818288499716843 0.3322018618430284 0.36029590768514896
0.6169469186645203 0.604034489861466 0.580520756038743 0.5511454368391722 0.5572797045561589 0.5668919401012716 0.5188888026070289 0.48654568144973653 0.5206834385260978 0.4734015221274675 0.47167487545458897 0.5134487683326013 0.48559646561720116 0.5322737665611791 0.4938558434486547 0.5093275441491645 0.48660852286726103 0.435223872725795 0.41966704393279636 0.40192296089550755 0.3300730889275376 0.30203816218359336 0.3029181780665915 0.30266523010090685 0.31078122551054105 0.2615628247165417 0.25711481481172693 0.26918804622477943 0.29177891789290555 0.2552511174140004 0.25558205030927544 0.23952639148090493 0.27727406856406717 0.30423607146311704 0.2931335780129974 0.31028749074690537 0.35828223007551663 0.3823854451477122 0.3854947448386396 0.35466404222940845 0.3428529818870533 0.32496112325605064 0.3906543336419643
0.6070621342034149 0.6524129358951454 0.6224706266881841 0.6568396587237639 0.6042685590204998 0.6231505322682677 0.5232351642912947 0.4950438848799363 0.5098493524634604 0.5451112808086629 0.5326643368479725 0.5445351872070957 0.5284838490172776 0.5411429709061651 0.5330470178642874 0.5407255087759358 0.498581766151726 0.4416771181493791 0.46550874120418206 0.43368189824219266 0.35833311896468373 0.35086090009076026 0.35646399266206796 0.30775521089769886 0.363358283356367 0.34349770993499995 0.3170488951218063 0.3306171253172032 0.33861088674201895 0.30131573202528095 0.27310313548992693 0.26757269062249295 0.2867547014263869 0.3090331334609758 0.3551023870422429 0.35238613603704827 0.41403796116906244 0.4398968249220025 0.3992740143595777 0.4090907310803172 0.3997789266533578 0.35946605114930863 0.37068000916866717
0.618075041238515 0.6794352346979524 0.6469473017571481 0.6954949055809271 0.6699154037626106 0.6145018142305427 0.5777638985941207 0.5658488641208959 0.5509159539379083 0.5307993944330829 0.5648896862418823 0.5338491212765439 0.5710698290212523 0.5625577356584028 0.5409994416874572 0.5129045920198378 0.4967121709009503 0.4922475539567479 0.46699113665552516 0.43298162997347406 0.4152240048762357 0.41169400734732503 0.3875320288625555 0.3267295599618635 0.3639192484308606 0.36057332529922204 0.356442435913409 0.35416000544865744 0.3367081582904919 0.2992949516520227 0.31499187630890924 0.285746854666325 0.32517921699877517 0.35685010837850956 0.3595771126383395 0.4022368408487364 0.42631058612007433 0.4626939904492405 0.46004773405034627 0.41996793664246296 0.40675895376488863 0.4260013574076135 0.4419901526807231
0.609539534413627 0.671656152361079 0.6917610894864595 0.6807550577335809 0.6438832759766712 0.6496992633189701 0.6138779582890902 0.5445666777493172 0.5367575347693793 0.49617020574851933 0.5223806483578926 0.581778718774772 0.5535214439330876 0.5483441986036268 0.562032222135833 0.5621946500783646 0.548319927505293 0.5395828930883604 0.4878647334200854 0.4730635370107356 0.4485197455379455 0.46312023763344234 0.38445757227886307 0.34298195433828566 0.3724033382120601 0.38893436430977396 0.37811069483408666 0.3893382248788048 0.3846102571766742 0.346828480155774 0.3335124243274365 0.30533238244012234 0.33239292027132816 0.34206936839632335 0.40097789432152486 0.4579422973628751 0.47257724014105185 0.5399314467323822 0.49394266946998916 0.4603654468583147 0.45410460395898705 0.5277078110482389 0.4758064850734791
0.6328481415966904 0.6591477867376356 0.6386746049446477 0.65282884009806 0.6534966700161979 0.6642713774388046 0.6134703569073778 0.5236694666323477 0.4973527671488035 0.476027112618926 0.5152625946545444 0.5596938802880472 0.5942951613046018 0.6016758650901676 0.5552531685863593 0.5634265391159737 0.5502788547146353 0.5237957655505644 0.46282401689077135 0.44646633284679665 0.43600034115464176 0.4606565071635601 0.4000602467014075 0.3698186252914713 0.3898140410770985 0.4107565403106055 0.39946019323221305 0.45363221448281127 0.44372663509115384 0.4421667901246692 0.42709022822047066 0.3878806637852079 0.4173255931330901 0.42305127175058826 0.47666447636891773 0.4697049211495468 0.5312815111035744 0.5493714303531331 0.5292197390998237 0.4982599569473776 0.48648650317597475 0.47104893897003586 0.4605174113547214
0.6461389741488243 0.6086212600692519 0.6254975619796348 0.6753821688292372 0.6546218755990794 0.6549008777725823 0.6374366581621298 0.5445898660397172 0.5572134929251461 0.503721462055846 0.5101248793577479 0.5443512416311175 0.5966112275161176 0.5836951672362956 0.5768006399710867 0.5418834154697667 0.532564107297609 0.5185673959204753 0.4423857522903593 0.4301227278640653 0.4336691304314424 0.47436107626776647 0.40692601174872217 0.4267794168324275 0.3855212038706349 0.38566924425576815 0.3847249473319364 0.4524632910885625 0.46138115430122123 0.4902917181211854 0.45081939821888073 0.4694546000521452 0.468591809759536 0.47647111086609534 0.4720283751676777 0.5260063190576276 0.5638134331807958 0.5377394479116522 0.5068149123915113 0.5297837509956193 0.5422840008384028 0.5137745077858011 0.47508826205509247
0.5771236756510209 0.6101655763239073 0.592448872562498 0.6039704735265996 0.6017781691753548 0.6266505239984684 0.6374701353595045 0.6263671711136367 0.5532009535975131 0.5503829444355386 0.5654329826376516 0.5760582674255695 0.5922248780502962 0.5861999970414667 0.5877582364253062 0.506496997788702 0.49435840520767493 0.5294830249541399 0.46300745403929866 0.4641863706658556 0.4572016612526634 0.44563419956578293 0.4522084320395998 0.4241687408331483 0.3902844260463056 0.41781316278003255 0.4128134661051141 0.46767939393787916 0.48089931493704585 0.49805063797657784 0.45406251026578154 0.4730935074908872 0.4804730088758387 0.45704588405152285 0.47358101512451845 0.49291713418480904 0.5566420724791791 0.5773381109274331 0.5457608816232815 0.530168685460698 0.5090398634792533 0.4820828349536281 0.49586795964859176
0.5849529249187094 0.5715839109540379 0.5961557321916192 0.5694498821350966 0.5912996000466164 0.6128373913996584 0.6036788102701839 0.6452076696198962 0.5938262264726326 0.6162303358997919 0.5877471102055175 0.6416549152789373 0.6109782169242131 0.6314503338850245 0.602004384751326 0.5178873225678543 0.5231928907246888 0.5141798578591507 0.46834731653646616 0.5157916383936293 0.4774087600287317 0.4018346993640608 0.4512924723227979 0.39950787610566446 0.404581188870899 0.42137684557496635 0.4603134296424577 0.44977181689411494 0.43916735075629715 0.5022477546141226 0.45988718427501213 0.4688198849625031 0.48255699636286287 0.48904403397980295 0.4960755190964812 0.4865892688739099 0.5630675555659692 0.5720388600379785 0.5863307475891726 0.581818826288842 0.5392022797583889 0.5220007571807123 0.5264344731881192
0.5328410021359844 0.518204280258198 0.5250297393036503 0.5322437354506587 0.5656875201351482 0.5601715366239464 0.5771325522116654 0.6202117218530829 0.6119361484153685 0.5915879466602845 0.5861944383370644 0.5824453139458955 0.5959304813017349 0.596060683204572 0.571383767394886 0.5352572785553197 0.5424948657254614 0.5134900386115081 0.5083362172203799 0.5238573755203354 0.4583542409791517 0.43223359093178754 0.44635847880695595 0.41345099195216306 0.4510852344143422 0.4546701866115885 0.44398954797989354 0.45449548736925865 0.451577086511097 0.4843616010568656 0.45722194861949506 0.47797043813845547 0.5257618548557967 0.5285405282421936 0.5087515896994498 0.4773333036441999 0.5257783949067013 0.5744015493419907 0.53550397836214 0.5946448401085986 0.603489863033716 0.5557889308463501 0.5390693403649346
0.5510475920074989 0.495577714203191 0.5160994698644669 0.5211704992552568 0.5351686159097104 0.554438116682763 0.6088120696239545 0.6246686996323241 0.5835276473249108 0.554314152141136 0.6006780661240025 0.5656971404298394 0.5953380079734919 0.5892450155898913 0.5940923848202448 0.5928128338859797 0.5499676859348321 0.6005368688584067 0.5621409321809149 0.502900518626578 0.46939984823014963 0.4504788659976993 0.43462296528828337 0.43090078284429856 0.4403126146424733 0.46040713410190554 0.4943409478409004 0.5157787318860662 0.5046704194215657 0.4591853777344497 0.45409234805969534 0.5204198130952923 0.5030153876712591 0.5245768825583343 0.5002111572065655 0.5180950971492916 0.5362627968772747 0.5429615436182359 0.5811828311895998 0.5573121134906814 0.6208259477682896 0.6343453067868285 0.6198181700993467
0.5039851818871738 0.4864837229390657 0.5114306513380922 0.532049391257541 0.5138873103614474 0.5508887580872315 0.5977800935777856 0.5950607458109441 0.6402329935181635 0.5803161270986061 0.6086784715348846 0.5639527592861591 0.566453782045187 0.5841538229008224 0.5717715460049113 0.5484060260132705 0.5607141147215166 0.5601446444348465 0.5243133236222516 0.48231487745462015 0.4939024311939992 0.5000298133134351 0.47771732112459897 0.46337221297858605 0.45991322071799595 0.5004859731106743 0.5112322918210244 0.5462603417745268 0.5166015985166454 0.49618899708828096 0.48321426559676234 0.5460448522364718 0.5418988620557605 0.511121492557302 0.5229905934743309 0.4941835770124551 0.5148475463962354 0.5643640901643248 0.5598941861202575 0.5701136977404925 0.5950352596345783 0.6317818934082837 0.6420720714379795
