Raster_benchmarking/DGGS/continuous/raster-15.asc
NCOLS 100
NROWS 100
XLLCORNER 1743164.1510541842
YLLCORNER 5469280.566660364
CELLSIZE 10
NODATA_VALUE -9999
[rows 76 to 94 of 100, columns 43 to 85 of 100]
0.22710230986241586 0.17802557840373173 0.13650491102495432 0.1538192783016418 0.18468600171859387 0.12791154279455663 0.12672217569271071 0.1882731221142256 0.17822422866511436 0.2378565217352045 0.2563921785775147 0.2725198409530568 0.33187370468896477 0.3337584161095378 0.38678300314114167 0.38505514475153374 0.36151687223925594 0.4086101690193615 0.45629815530370543 0.46974655848798125 0.4604407469215442 0.5293910599914659 0.5968237776233263 0.5848083892374069 0.6569225806128937 0.7013512222791735 0.6998116124665419 0.6541878629695678 0.665156249458495 0.7048174815955972 0.6950860771278448 0.6340350326497004 0.6387761519839965 0.629081878833615 0.5834119636245966 0.64094348031571 0.6910022144473195 0.7050503006231766 0.7215030637207359 0.7566134277223087 0.758703807061412 0.7610525553900463 0.7881315307980612
0.23502040433525317 0.2207073448184989 0.17822648956378717 0.16347842374304844 0.19829193306577472 0.1610930035458008 0.1324989194249284 0.1631806288729684 0.18356911815208918 0.25285526361199906 0.23986588058266964 0.3010915553240073 0.3079597745180884 0.4103354891710176 0.4128174535585965 0.4127037143770337 0.3725738559972522 0.3813638440461688 0.41580062600916406 0.4772778860131724 0.50663680774681 0.544695088404791 0.6216034142897834 0.6340861729560713 0.6189285919233871 0.673565259763142 0.6550947346191398 0.6589135852547845 0.664602928560451 0.6519913568183096 0.6480446641179739 0.6122428457562301 0.5819314442533552 0.5805405456898483 0.5795677386639982 0.6518087011870428 0.6661008158362413 0.6675297229181091 0.7053825605457817 0.7395209792445204 0.7347525848885206 0.7351188026461875 0.7185895555430538
0.24412374723581623 0.21512472177768246 0.19314208238729424 0.2341721726006547 0.2540575354579566 0.2253005023283825 0.183102170843409 0.2388582235601602 0.26835392193398055 0.2308772855951426 0.25926126865937815 0.30863514154746474 0.32053902434284226 0.39927651418364324 0.46514187481527397 0.3954971510605354 0.37736219880035915 0.40447223577521824 0.46535218881116697 0.4371728931310775 0.47249075346640007 0.532830525613068 0.6211400150254517 0.6547240780334301 0.6100817952378912 0.6853714250694186 0.7171450213083156 0.6713058737610174 0.6934364337193806 0.6611614965353904 0.5664825085391392 0.5499930174840728 0.5544177964130007 0.5942979012125915 0.5323235781500375 0.6178542462417703 0.6974632573653006 0.7065162967521074 0.695027131737845 0.694377834770321 0.7220512797370603 0.679214292305516 0.6697429625849226
0.27786712042565376 0.26463002996720153 0.24198592899762666 0.2969151169776823 0.2902750719725104 0.21769062472469833 0.2492970804807769 0.2585146279972334 0.2888776263290265 0.28190304813292055 0.2579588626786419 0.3027508190144831 0.33376955871143243 0.4117591632982065 0.4373937537102715 0.45324865421437616 0.4375543322827549 0.4349228214160631 0.4584715935839933 0.45855926172820316 0.5005277002528203 0.5555901284771162 0.5739484750607202 0.6336433087853981 0.6177695105709649 0.6356048979296575 0.690195147632776 0.6823484738865687 0.6956091331838651 0.6467847462472567 0.5454873507487302 0.522094011551804 0.5222013701276798 0.5766044355992542 0.5546740065679324 0.5804309771533612 0.630884897324852 0.6260368382163136 0.6470595745616038 0.6855913240378494 0.6918646776110634 0.636448065134387 0.6463914637545863
0.2883923975275318 0.3310110310246921 0.32510581940463035 0.29431718884110164 0.28409696823350306 0.2424181646943545 0.2440972136610733 0.28365615495729574 0.25125300312664783 0.28850084903144607 0.2710572859249819 0.3585305789119834 0.39834449237905734 0.396465136736952 0.4055859152056564 0.4556005704080181 0.4513262319611539 0.4622313891350425 0.48360446464716533 0.44654338677356226 0.4762603065556595 0.5006963956627835 0.6018019564418005 0.5935834055075764 0.5894175142173254 0.656013364616813 0.680220682691162 0.6410430935529036 0.6344962609137286 0.6125532663280375 0.5527972221219336 0.5582790397275693 0.5456968966651446 0.537699666522137 0.5775077880546463 0.5945496754656994 0.6362420640294619 0.6389972523237504 0.583063555708775 0.5864529578187293 0.6130982617097746 0.6475950312403556 0.6422899389870504
0.2923484160984601 0.33868440690443713 0.3163050791438048 0.3348335919956799 0.34689444383964224 0.3261663122449309 0.2857553528475929 0.2733598825625402 0.2742662349779425 0.2904601956733291 0.34497458258183905 0.38021992570298363 0.3721729310924196 0.3901567353920915 0.42755834934554815 0.4280954467505333 0.39457112403692995 0.4244370651055751 0.476573745166156 0.47807260845145977 0.44935044460913337 0.4739018799443805 0.5167056341935459 0.5524707032826811 0.5631959441389958 0.6413455999641966 0.6332410491650114 0.6221014031343025 0.5921511509598244 0.5903129442590165 0.5882185413408147 0.5870148304207596 0.5570703221693326 0.576968038297317 0.5484959598783751 0.572634364451569 0.6230483408942851 0.5816506489916432 0.5689213436480831 0.5940952827705875 0.6047927358099843 0.5637450650175523 0.6052276473068293
0.30851835402805067 0.35140881812184094 0.3448022877862485 0.29417628291184195 0.3038279557360179 0.3726916185730735 0.36875903910420343 0.34911364349270296 0.367411239718147 0.31718021869933827 0.36907493985532747 0.3855473522830273 0.3989605696957412 0.3472376136089791 0.35476980804206243 0.40066577852970603 0.4017823774030446 0.4388145580632504 0.38884712316229936 0.4475955068875341 0.4488362693123037 0.4546300726427573 0.4984427858769931 0.5104228182354477 0.5413913453575478 0.6047658385906387 0.6143103159147317 0.6219846713935658 0.6331163658120547 0.5859197512591532 0.6125113539473578 0.55861523893082 0.513789518690045 0.5294069417236588 0.5464766359348042 0.5915580555669672 0.6123984502459084 0.57325067431777 0.5453698643858693 0.5386260638107412 0.5081151934789407 0.5053216575903664 0.4890306928763292
0.29194117155665783 0.34117367075192295 0.37644941432077406 0.3248725855263215 0.3621998634404308 0.3682690649975868 0.3543255964313109 0.3389133064517582 0.3186941966316348 0.35670480155001666 0.41623114211002915 0.4129042215930793 0.41770796205844496 0.3756217423547613 0.41711296043227925 0.4326446024420386 0.44364752560463155 0.43341482530234254 0.49164562803987333 0.5001226457391338 0.48703910081134955 0.5106213093569922 0.5453957137058177 0.5251406939530858 0.5601253721994692 0.5724633605118256 0.594846485773711 0.6089883896395406 0.6450300874323993 0.5887278368235466 0.5531211881111309 0.5442508392420662 0.514380424723073 0.5386230111394579 0.5521911996838852 0.5608387038583541 0.5497593141235985 0.5258356039863372 0.5040509906735662 0.5097216196958707 0.5146035228064015 0.5223340296871115 0.5032527118316824
0.29805292646454395 0.37424154737206855 0.39585777558102453 0.36567607018222986 0.35007212782022734 0.35818424495188717 0.32422731520035475 0.30048425528521416 0.3056328014477425 0.3608795420057995 0.40795597116137516 0.374973121936254 0.42126218026471945 0.42292286274573787 0.42732351811535074 0.4284124357785761 0.4788089766234791 0.515938285083701 0.5340760454154 0.5090968158773881 0.4924919471603861 0.5317934132199671 0.5270438410187395 0.5220299548400604 0.5928041042431947 0.5959834137349548 0.588536331167553 0.6166030087847111 0.6208011557687987 0.6069427110950423 0.5529778382525163 0.5815972866002138 0.5401841753574931 0.48694519875491915 0.4867742717912977 0.5141885181999276 0.5280892734760008 0.5308248298793595 0.4882795757324506 0.5226933310757502 0.5473695064616074 0.5559433320149947 0.5111197562504857
0.306421127408525 0.35528565048450267 0.3423147303574879 0.3542209990227165 0.37635264991932604 0.3513562215201039 0.3165893504421274 0.2939483199781627 0.27700291776652247 0.3163987498073334 0.34818915676997997 0.38721432150026286 0.4131976801621544 0.3927830035979246 0.4162956709591673 0.4734913278904935 0.4546687975863334 0.511548905652749 0.5000669213855159 0.5266192646797875 0.5227010991682639 0.564561397718564 0.5342118248508698 0.545857752621314 0.5912617905291899 0.5821373584465122 0.556467929578823 0.6199598041334082 0.5999883919607206 0.630548893824847 0.6303599365627646 0.5604647117548374 0.5695683692781629 0.5171663277570877 0.48943303247772 0.5052730759083596 0.45505043212862556 0.4599975960411889 0.4953474408028221 0.5205741727768172 0.5436278675933781 0.5353632269449806 0.512310855069411
0.37081461440588215 0.3712339768631569 0.3810952770448265 0.36797625670351936 0.40455774324567506 0.3507231253713036 0.3362137351845802 0.32877413151028223 0.31618428042097463 0.321103944666465 0.31517773352549694 0.4181872124602031 0.42525665617906644 0.4161607860525169 0.43725014157763525 0.48085746637603183 0.49447946814936444 0.5059200542262818 0.5468412781325893 0.5296628616319367 0.5886833540479488 0.6043415822827732 0.5766442942165295 0.5826206243774087 0.5735448216997912 0.6089082599675708 0.5752104965010942 0.6226249672031232 0.5724747270355345 0.5916660526750204 0.6404963725483893 0.5898698059528955 0.5304266108486744 0.5439637849735708 0.5420412668431309 0.5237099003737969 0.45676311503116823 0.4552884127886028 0.4517294056777485 0.487583373909334 0.4767832162130662 0.4807882914955877 0.5043640688098514
0.37018930612050405 0.4001033593651733 0.4242746959097729 0.40412081087783847 0.40364263783000215 0.37885871640539426 0.38818545611226485 0.3761802693075665 0.3507413098048393 0.40763253329480503 0.395923438271094 0.43115792604384146 0.4341347139361695 0.4579141118897703 0.4528185792019872 0.500397769215675 0.5336982674736205 0.5489932464843995 0.5021165292590026 0.5305597187596245 0.5722557944437205 0.5693675297466595 0.6027862171455831 0.5703077132494742 0.5520802348048421 0.5927222409723754 0.5796733082737043 0.5899512611808395 0.5958554015539936 0.5698192061124198 0.5992832619114534 0.6207555797651686 0.6037655134967949 0.5549021785806727 0.5872872285711914 0.5434545726142381 0.4863371025280993 0.43524544396971115 0.4551164920364772 0.4274336418412319 0.4727494046782234 0.5119698281625946 0.5361435073733016
0.4034980140934489 0.4755749735210103 0.48555174583793886 0.4228283732384401 0.43738666223757205 0.40807443567924606 0.41210616014960466 0.4239743901600119 0.4255745167866008 0.42438669474221363 0.4547527731685409 0.4330434428335183 0.499549380991189 0.51509380578206 0.4687307077352254 0.5119330015987574 0.5498883528848885 0.5598548127412872 0.5010822703284544 0.49566640921972127 0.5686003335190742 0.575513698330688 0.588165904339947 0.5922863218850807 0.5719801375782947 0.594030303327074 0.5810654105305898 0.5744408026164974 0.5657625243312662 0.5837248954218702 0.6184075702586972 0.6451877631131951 0.5872561277414227 0.5539569975078672 0.5698402895271678 0.5180367915184384 0.47360707292547466 0.49216747768918245 0.4437773202138148 0.46137854251851684 0.45759511429791955 0.4725797302412354 0.5369461212374625
0.4070872122033489 0.4814144930556619 0.4692810901017032 0.44917126825471654 0.4570838312203312 0.4349269510343966 0.449749678526176 0.4378712587492594 0.4847852112418587 0.4593872820704826 0.4791028626909178 0.4839515789161357 0.5364791147431897 0.5275158248194315 0.5427453216628927 0.5314391314994461 0.5687999400686446 0.535473529534442 0.49569406279758776 0.5091431629017454 0.5523093909615818 0.5684364853761377 0.5969117500664413 0.5770055261322888 0.5669835159017291 0.5865201251049637 0.5651370065056547 0.5644450050970414 0.6095497680695543 0.5916180638081422 0.6266109305942538 0.622918101571049 0.6028442345726156 0.5895326073565336 0.5327475817899177 0.518531661958985 0.4810792665499762 0.4920004685514044 0.5048818389285264 0.4561465929727114 0.4800647084734212 0.4765164961324972 0.47938393255226003
0.42089980486015044 0.4886935675010634 0.5146535937320156 0.48749326953183303 0.47472396253271415 0.4881715492326887 0.5303807485457154 0.496359468750318 0.480278201044859 0.5080330879414066 0.4899963092642835 0.5003403021903681 0.5737080006328473 0.5461529666786136 0.6008762552314003 0.5918695307948719 0.601952893229718 0.5556937695279286 0.5246174422831265 0.5526992234472434 0.5468473486824404 0.5636816766737699 0.6369226468670651 0.5864924538585966 0.5814251227505217 0.5941499299851849 0.5300857706700427 0.5677045911405443 0.5805474888802015 0.5507378982295584 0.5649663702625106 0.6238957970889375 0.599034645332619 0.5693247937619117 0.5413704429119941 0.5722332520906493 0.5792202199579046 0.5560954131189797 0.556688820109537 0.4847644569522067 0.445077658138938 0.47860286640589006 0.45739517207724045
0.4605525477459009 0.49770473687905725 0.5567967989673318 0.551687535417492 0.5316740458884051 0.5646398665889727 0.5777488049514213 0.5677645815718013 0.5465583125159154 0.4968653597589576 0.5380018785312901 0.5432197962653755 0.6081308283433313 0.6148843441549408 0.5829980578162258 0.5987999523881387 0.6372065975223754 0.6278057595136685 0.5879362694749524 0.6070984973106471 0.5697416352141104 0.6071006304131783 0.6702793214317236 0.6708390161733858 0.6300287793786744 0.5958575821382353 0.5790004828888267 0.5750113557756542 0.6049657821962607 0.5919343685526558 0.6047406554644912 0.615920340377498 0.6093229094222538 0.6288781762847645 0.615292707503911 0.5946702818066983 0.5976914772656766 0.5861894843485774 0.5589933943559238 0.4884783129241137 0.4522806850340437 0.48148823792220147 0.4963081360811895
0.5563391905456587 0.5538504961745546 0.5740224583115121 0.5724215420113424 0.5820240154377894 0.614010151638751 0.605373028094413 0.5482789443856896 0.5225891939657822 0.5597401336482902 0.573692976927787 0.5924689711421776 0.570993969225991 0.6111837174362527 0.6202924075811787 0.6621928485640398 0.6833871178834442 0.6832216696683352 0.6481411708725532 0.6312641337709342 0.6183258693278928 0.6379473392939718 0.6476682643802731 0.6455093424320922 0.6842922730504322 0.6656055131874511 0.6465103458209395 0.6425460055797305 0.6484109729659809 0.6392736773841455 0.6834888205910948 0.6352119510787188 0.6554379353339135 0.6722071331991292 0.5833579862835263 0.6092817835430518 0.5579376705395496 0.5489266782966241 0.5423688727610831 0.5141186159490698 0.5320902226655286 0.4821082586547539 0.46438270948738236
0.5688188330514903 0.5919529480352937 0.611845551260603 0.6232627870166346 0.591558253973708 0.6346776158472666 0.5925361809534259 0.5954591027830219 0.5657798163679624 0.6099323105468679 0.5769054828437549 0.6261093411368013 0.6155299672578478 0.6260390379448986 0.6596728408977537 0.6527239178445955 0.7041529181908972 0.7196445551082675 0.7147022072876691 0.6849623962120532 0.6886165012914733 0.6710547124312408 0.6823874914572395 0.7040819306356222 0.6942229611065955 0.6743111344721543 0.6935532119393648 0.6411956598681503 0.6642120043829313 0.6736016240041058 0.6781702622024592 0.6997044631611311 0.7233652996214336 0.6959468622361924 0.6497917381427706 0.6254134665330103 0.6105534945624039 0.5479597995456125 0.502835878547305 0.5087377349638067 0.5256265708819049 0.5265476872267467 0.4996503889191466
0.6311440320378127 0.6779247159410225 0.7250198433286477 0.6902432848967528 0.6560831739089632 0.6301010800936384 0.6365963004836864 0.6581353878457865 0.652843524721304 0.6117181880507006 0.6343066191231924 0.6527453596313226 0.6066494572056029 0.6190650861158589 0.6731591460113857 0.6912892399953834 0.7336665056028124 0.7813962350260752 0.7840479078574762 0.7189372819275872 0.7066872000190961 0.7456854774461832 0.7416210065632616 0.7118896104130115 0.6918200433514593 0.7241775674659645 0.7121949234910396 0.6674805329659333 0.6926074476932108 0.7564856802838356 0.7872876630994307 0.7247424451316185 0.7440204313037216 0.7252526373941988 0.7373261187918823 0.6759957784631327 0.6042409717636169 0.5633632608770548 0.5458775299348778 0.508542532876494 0.520657936735433 0.5379349211459169 0.48737145161814766
