Raster_benchmarking/DGGS/continuous/raster-317.asc
NCOLS 100
NROWS 100
XLLCORNER 1743159.5682404558
YLLCORNER 5469291.938540469
CELLSIZE 10
NODATA_VALUE -9999
[rows 38 to 56 of 100, columns 43 to 85 of 100]
0.6062146692759454 0.6005884632396015 0.5920435135927011 0.6038431967661176 0.6117387959331823 0.6156854856302708 0.6314166953123814 0.6111272654194465 0.6000917643366822 0.6048539228374097 0.5954146200882082 0.5875554929489818 0.6079126614045456 0.5975845429416929 0.6250594032477627 0.5945566490870348 0.5714622920638792 0.5608651880568432 0.5532621584503524 0.5559503168496888 0.5463510576995935 0.5339924249751687 0.5243192116377375 0.5518441154886723 0.5482233403707274 0.5637177357593622 0.5721263270377036 0.5853540666663696 0.606433543844646 0.6319634799893629 0.631684259511953 0.64487242566126 0.684200267196734 0.6821692749967749 0.7131890669359604 0.7198778662225145 0.7131540001380351 0.7139673439607656 0.706633360983149 0.7200914374428632 0.7211838019821754 0.7412652427991572 0.7365838646941245
0.5803424248380896 0.5826971533611784 0.6114530261405084 0.6121865732074745 0.5968234002047995 0.5949806258586959 0.6235348413455978 0.5773521785608676 0.610396796511896 0.6013935843835783 0.5858568072483757 0.5893400022328547 0.5827947108974525 0.6198904588068443 0.6283727048458991 0.6339408039234145 0.61077172074902 0.5816925877984191 0.5606394714221027 0.5851755129024365 0.5607453772866404 0.5698366149908083 0.5562365413726909 0.5473751943870927 0.5500933376172261 0.5482547924742588 0.5805786916991089 0.5942507137854073 0.6192780047995915 0.5889319653061852 0.5954132648486974 0.6372715230731486 0.642901254434249 0.6664560860204918 0.7058775850120131 0.709303844985621 0.7043900246658586 0.6762611135613105 0.7058783795958252 0.7214284222053163 0.7135208649088627 0.701385130689781 0.6992995096036808
0.541542887101473 0.576462756085024 0.5881064003147435 0.6140951997199727 0.6129095269713771 0.6199216781597281 0.6122919045715972 0.5910847335373061 0.6177645800495021 0.5959180793607415 0.5906826683921655 0.5899544463707354 0.5931572747212271 0.6148591910569697 0.623141965454236 0.6048772841129662 0.6086119626737572 0.6048338501509872 0.5839881800599344 0.5632777215430398 0.568808719176686 0.585521295668118 0.5521078116295844 0.5310387965484409 0.5289895628504784 0.5372292028970512 0.5576306552089065 0.5622536921636319 0.6035073798072746 0.5756758187836685 0.5942786926374257 0.5892970290951887 0.6279285369966058 0.6606585318359621 0.6849322417365212 0.6626554859282131 0.658715100716289 0.6865277017204432 0.6701400175666408 0.7059395071208712 0.6956824104752423 0.7059590200486949 0.6965036233045429
0.514172506735722 0.5471143851705569 0.5550173925625753 0.5654704538245007 0.6064899533724852 0.6074846250759487 0.60266691286295 0.6140074715955991 0.5920307900591999 0.5974155244014785 0.6192623378479053 0.6173773082060459 0.6222515125229097 0.6289205312225759 0.6162030413966716 0.6278328140674189 0.6293498703547508 0.5892460067196937 0.5906944714262223 0.5980628531326817 0.5861022346282893 0.5772349674040538 0.5494270298128029 0.5229994803727682 0.572178674153561 0.5771787489683052 0.561014529826576 0.5715390607166961 0.5946573192686934 0.584546472887451 0.5801646502687097 0.5736241926513724 0.5909350308843069 0.6480086128239512 0.6689118300925704 0.6478373772392422 0.6646166085258549 0.6865643693491119 0.6521436303217336 0.653991113602703 0.6544336708799461 0.6577527323431483 0.6853406508185563
0.5160498056618333 0.5512861514371556 0.5459878589115733 0.5474317487622259 0.5846117928984439 0.5781567499410306 0.5967414244558197 0.5765536758671962 0.5810725688267485 0.5757598369480055 0.5886572561281513 0.6261529850076236 0.6434930373510072 0.6459263927152897 0.6103045249411321 0.6410065930451282 0.6349625170204614 0.6041083391078668 0.6050495598959859 0.6098201589161241 0.5769957154179819 0.5925166047761051 0.5521537560348622 0.5431501703315157 0.5833763703905329 0.5793838660242248 0.5777675103194226 0.5747529099167049 0.5708747461476348 0.5563266282647827 0.5879715876521603 0.5740963404425968 0.5930559799316684 0.619812684401793 0.6304996745278513 0.6420263715613068 0.6606607167149444 0.6482017515853045 0.6357563553492772 0.6513009305725143 0.6452894976602613 0.6565235938316933 0.6491423346080388
0.5533802634054684 0.5389651475392448 0.5661739193763043 0.5715041326047602 0.577049789162973 0.5453926090496217 0.5691551212421694 0.5925525236178398 0.5762505191938575 0.5869131348979758 0.5909414620646529 0.619909152047294 0.6321216720378404 0.6202064217136973 0.6194443188251494 0.6186141091745515 0.5973873902843011 0.6183704400990729 0.6040372267662636 0.5930971324830023 0.5903159340985081 0.5970028459509809 0.5867682273340024 0.5490311868620291 0.5675504649232893 0.6066845054564474 0.5821394265666955 0.6080085624042599 0.5914002713584393 0.5691746004654431 0.5562633300704595 0.5537375629349777 0.6033728800384367 0.585263098280695 0.6134385227481574 0.6331481113112923 0.6504825032442659 0.659830129006571 0.6224162294693015 0.604639062258169 0.6217167348750182 0.6148236500291493 0.6397450539488616
0.5266749365514533 0.5457191133198454 0.5324247597807843 0.5603182295930137 0.5314006298503415 0.5636960433455522 0.5516169671917479 0.5588498021311987 0.5844476371506406 0.5611177036896574 0.5964841597505744 0.611447410979003 0.609556947183503 0.6082068218338041 0.5878488662110235 0.5931280448497486 0.603659342968468 0.6036173998422033 0.589181797901527 0.5933048284009251 0.5866749627116982 0.5839112429216289 0.5963561206304637 0.559928803582484 0.5718658209897837 0.6023877085558963 0.612307045840345 0.6268749609318134 0.5894710489433029 0.5857401384394837 0.5528152381447123 0.5706174129817678 0.5988650352064185 0.5961489628492402 0.6097509509253971 0.6265017724893264 0.668097546084658 0.6357898969721328 0.6215244360121477 0.6346315218587356 0.6007181804830611 0.6133854332775157 0.6101415903920696
0.5033484304251091 0.5133314983427658 0.5120008723796545 0.533505321829385 0.5287290461869486 0.5455346902492754 0.5249972819380426 0.5381319689641725 0.55097561948283 0.5479764135515253 0.566665158907047 0.589519494820455 0.5992178815611533 0.5911750727918239 0.5776844033127725 0.5687456734442271 0.616589168165829 0.6101236242348423 0.6074211506616932 0.5912523487541086 0.578661021557215 0.6175014626327606 0.6057579466608006 0.5834861973014185 0.5989929862338879 0.6189433590399616 0.6223337358850553 0.6425896183397417 0.5931529069928241 0.5733250573962088 0.5668709968385961 0.5992789785265719 0.6165812747449717 0.6165565508248894 0.6430361671164775 0.6493148559356747 0.6622845014164089 0.6579414515062815 0.626866858572169 0.6296449153390193 0.5876976284754579 0.5918259658691412 0.6167402357204034
0.5370903771361687 0.5241255456792553 0.5323900806978211 0.5433836212177398 0.5583355306836125 0.5352715603660756 0.5452792027985186 0.5638453703011477 0.5621757141392402 0.5705273763014848 0.5803896570420912 0.6192206726548466 0.6140195643793611 0.6401856072656861 0.6259427700571881 0.6307178758327847 0.6174008968719554 0.6111661471249746 0.5800108249041035 0.5798765110574908 0.579197923167618 0.6102343083288075 0.6200759044552007 0.6235064977728657 0.6127261925078724 0.6060508852587986 0.6068643248069254 0.5921907488324498 0.6122052062860597 0.6134008492854912 0.6137184042242438 0.6096067991582521 0.6140763816799824 0.6266966000516322 0.6732145847046375 0.6511442667440882 0.6566337545486598 0.6502131126743615 0.6298839148684688 0.6171242082139615 0.6141757194193413 0.5894288060120396 0.6015722665239517
0.5417885548407285 0.5714399326093075 0.5383957028746633 0.5745345077292658 0.5855751806204327 0.5659122434911047 0.588298668438045 0.5863406510163965 0.5660959260031627 0.5788160824458729 0.5847974204597317 0.6103906442764736 0.6386032610822502 0.642291932213687 0.6592604882955863 0.6538204805577208 0.6380795271284931 0.5882537840112266 0.6078260573123855 0.5782188957138672 0.6042172530263624 0.6050932697995609 0.6302534084833399 0.593098752003405 0.5915968797231503 0.5893120956326676 0.581660477141231 0.5837436382761321 0.5982245319838704 0.5812290188524736 0.6005891509856521 0.6420811682340742 0.6548980285317042 0.6585514456825436 0.6620461805974833 0.6825978258949159 0.6596345380520666 0.6707357627049705 0.661908394225262 0.6481970025422479 0.5895286026370405 0.5796432696526678 0.5662348347899905
0.5713754526835071 0.5425144921457358 0.5529338193625981 0.553121100775067 0.5629445672123436 0.5647681162959043 0.5688429492078172 0.5617209137689805 0.5914130610434658 0.6012067725884105 0.6034828688828073 0.5880151093487737 0.6197785217188304 0.6043821539229223 0.6429153079954055 0.646913200297412 0.664530967612441 0.6380527003766562 0.6016078533659069 0.5921816856486666 0.6130358897183946 0.6199295217403972 0.6369619963454205 0.6280517539703534 0.6217022129697554 0.614352832733402 0.6127124598840367 0.6135207114606243 0.5876574180123675 0.6057227059856778 0.6233614303395701 0.6445672591442859 0.6252231306372038 0.6514965092253915 0.6759923059617017 0.645745940522491 0.6531923786669936 0.6602598276364187 0.6658974993743336 0.628175439578868 0.581568512761573 0.5878312760609938 0.5610475725836239
0.5382366318851532 0.5444155619989107 0.5673412577157881 0.5754974256444058 0.5770662391625228 0.570936330190653 0.566437377699857 0.584059590676967 0.5679637978152063 0.5928456169906579 0.579053964075659 0.5981898946459586 0.5949990846486677 0.5959976668691391 0.6185210983653149 0.6799251845944007 0.6722738438074154 0.6619556709527615 0.6209153881085075 0.622328031683126 0.65056139086138 0.6555005858447934 0.6545801820671828 0.6332242748898458 0.6345365285567028 0.5847856949026997 0.6183322642609324 0.6077670440141847 0.6039966737524037 0.5824034640874203 0.6217637316232725 0.6092224966312937 0.6120789160290425 0.6337927944483946 0.6256990605676976 0.6572714704457989 0.6385429127410492 0.6372864561883642 0.6602743886408081 0.6267835692071226 0.6084455284813033 0.553156286746102 0.5394165543180115
0.5413360724536338 0.56800915834483 0.5541530246333347 0.5819435959539523 0.5765522626833808 0.6000120368595615 0.5719659887947909 0.5962723867363388 0.5760084944305353 0.5858233811396154 0.6042406025004036 0.6107039228122519 0.6105460157513815 0.6082096980503596 0.6365199039354217 0.6303777975007657 0.6593332685522285 0.6390239930465531 0.6163734635212544 0.6211772681408966 0.6327890913206513 0.6328046806739963 0.6480473475763752 0.6363753170051123 0.6300164124357696 0.619235345218228 0.6099322506507457 0.6055894425632863 0.5969818792487003 0.5859505231250322 0.6042748588308121 0.6203697454475725 0.6367550099295365 0.6037258258041559 0.6116467422011483 0.6173953317065548 0.6136738641434579 0.636293741057206 0.6404212808445028 0.5975201226573955 0.597823205371769 0.574877934929331 0.5396706126727198
0.5379685600881086 0.5733794820974991 0.5817191219734711 0.5923517096774463 0.5840530620302126 0.6203079458783591 0.5868980488213557 0.5927266659196515 0.5948424933572993 0.5965975005051295 0.5972478673495675 0.6218499695384424 0.6360962707851998 0.6026881732588661 0.6379293488600275 0.6311650538827193 0.624909712804674 0.6220007458737752 0.6210834686201343 0.6209299051893364 0.641762043429626 0.6211968480466526 0.6468807027636154 0.6752985912404559 0.6436840644079687 0.6479227497390093 0.6114565773230854 0.5938945952497917 0.6306674097186817 0.6215917009133093 0.5954576282154528 0.6122491619461159 0.6184748203513512 0.6088172130211169 0.588454345970162 0.5914533003260194 0.6214197203556708 0.6146981197567241 0.6214024340578236 0.6014433398770661 0.5698675471552554 0.5586535220273599 0.5453541548957593
0.5240612721479727 0.5601262381042479 0.5805927613303519 0.5887148122203395 0.5879954254262868 0.6263735367831943 0.599729885383983 0.6256723230833631 0.6132871906882081 0.6145434756170626 0.6174155407685223 0.6235434136756753 0.6241120272065476 0.6362525743586088 0.6253879160579523 0.6259565599710121 0.5883003192552326 0.5956520432419027 0.6392394850171604 0.632372258987196 0.629915801320196 0.6223976757689691 0.6356356623066207 0.6492025656818686 0.6752709303574285 0.6623421405062317 0.6187198313449839 0.6158445394618993 0.6285418828341907 0.6160314645693623 0.6271779095409533 0.61038216306101 0.6084991453989278 0.5862321281529969 0.596540622446465 0.5700172775635091 0.5948715720161986 0.6122807084028316 0.6106948559247298 0.5936651914717623 0.6064972997643432 0.580523475570008 0.5974655845016957
0.523989246127378 0.5271419374798402 0.5831856593493807 0.5982377736117508 0.6117921050822311 0.617672130412766 0.6055500346975702 0.64306154065756 0.6172953089601786 0.6036963426696472 0.6278077347785967 0.6118281884943937 0.6189175156860868 0.6297266305814223 0.6183384921671131 0.5811277826334683 0.5777742966774575 0.6059146643843238 0.6387128684586044 0.6388206947449486 0.6264992942035165 0.6533321435273868 0.6351600553798746 0.6526902511781657 0.6677779629212767 0.6713691230648658 0.6187563508118946 0.6368494325847366 0.6090994256139421 0.6446819220544853 0.624045900719994 0.6199698645999175 0.6064648879352854 0.567836275611852 0.5880895647358582 0.5417045765002669 0.5592374444404937 0.544105290539614 0.5833195911538724 0.608504308344514 0.6063572184791508 0.6036432658417242 0.5914131457079166
0.5195947187176676 0.538747129355417 0.5679709583481112 0.5972982598930987 0.5765310653815161 0.6228289351138674 0.6126531979582672 0.6410988540782833 0.5975237661447291 0.5868465769867522 0.6124809760632605 0.6166328986529428 0.6163120902803935 0.6188902500913391 0.6383710271203685 0.6142123517224218 0.6079392318326233 0.5992810871783247 0.6183968591036381 0.6199970439128888 0.6360601180897857 0.6656002897702349 0.6481332295854905 0.6221286851249895 0.6304177073238463 0.6455317806183848 0.6324397245516038 0.6180787530633994 0.601987139861072 0.6085503111608144 0.5976237649714006 0.6069143464553826 0.5740125588210605 0.5604406513967661 0.5690895074183898 0.547816335494462 0.5305790301657755 0.5601324624995542 0.5788161369891991 0.570547462615056 0.576017188116032 0.5843993774664181 0.5652686066249921
0.516558974378647 0.5328015398914271 0.5707694211549091 0.5625434671418978 0.5714244139523557 0.6031243834343406 0.6143616136795843 0.6412778739848859 0.6088802394987105 0.5895925722647818 0.5812621266478146 0.5782735623019527 0.6278762355140296 0.6256455478991387 0.6497606194692096 0.6395473805579898 0.6420025935664677 0.6521827802752771 0.6539245053382808 0.6303518180027531 0.6357082798712377 0.6525946232008506 0.617243722204828 0.614046898587776 0.5996726371481537 0.6046017012100124 0.5983042425088697 0.5963178402542724 0.6069239034456736 0.6050093135044059 0.5929478434237176 0.5859180879404244 0.5628013247430254 0.5750220666763277 0.5677489075435008 0.5615689456904652 0.5383050360161773 0.5513644342612863 0.5629977374414123 0.5830964344533316 0.5494872421983094 0.570609451309037 0.5398969621880542
0.526602057807327 0.5153008398077576 0.5458904489919595 0.5611905521594152 0.5685377414686096 0.6103870973317842 0.5915206669818707 0.6298792185625172 0.618798443279302 0.610938093283688 0.5965254890825843 0.6146690932434009 0.6115184509695055 0.6392505916721731 0.6337263625578201 0.6418545848737591 0.6317019074613973 0.669123976952061 0.6859288049817539 0.6434239781589439 0.6420151422617014 0.6599140701759528 0.6210582664666744 0.637999468391049 0.6199389987721655 0.6012958809539548 0.5985814344904442 0.6152141710467572 0.5973911048390695 0.6042222700651624 0.6028344910655534 0.5708266977597608 0.5649499004937871 0.5728857905972788 0.5562778766273047 0.529218569656918 0.5083333211190753 0.5110966885199848 0.5238581894243244 0.5367886477444551 0.5401599094771427 0.5402384951663999 0.541657796566
