Raster_benchmarking/DGGS/continuous/raster-204.asc
NCOLS 100
NROWS 100
XLLCORNER 1743167.5662913092
YLLCORNER 5469280.820027526
CELLSIZE 10
NODATA_VALUE -9999
[rows 57 to 75 of 100, columns 43 to 85 of 100]
0.4581627124282468 0.46751493272515193 0.44927613301020847 0.445649891958977 0.3966886620978276 0.3843632029048002 0.33697499792645325 0.3470723570940597 0.33531131150562465 0.3401020185089099 0.3325958927566728 0.3490668005572499 0.3163320834456593 0.3427418035231192 0.3073015614791157 0.2944081495580852 0.2812379824231825 0.24090822826226627 0.2542976630875977 0.21206553189487232 0.20852511344376407 0.19543160331530307 0.17336121501767907 0.1729700068880942 0.13664302463095884 0.13434210420876694 0.13899588666179127 0.1415687895516745 0.1406559186957114 0.1629735424510213 0.2081193517480218 0.23274198084078823 0.22151770573156432 0.24280449095661658 0.23908524627374364 0.2636063881023984 0.25185441215495125 0.26058887902262967 0.2799712230542165 0.26633560489326513 0.27982104033234906 0.3027329896529524 0.2896691502873332
0.4449886994679833 0.46279470607439865 0.4243729655486167 0.4407927550312839 0.39404478954799443 0.3636491485725391 0.3523768804176141 0.33747806776028705 0.33027381699616437 0.3587427904998672 0.35533852720480985 0.34299711671728406 0.339588486420012 0.34085170316957464 0.3252804019120958 0.27226643911102205 0.2760688119400259 0.23767202419874148 0.22073287828491917 0.2203828160284922 0.20974219582215373 0.18965832959166432 0.17907765723071425 0.15779805868398433 0.11521572838261045 0.10996458615773945 0.13230344251468198 0.12900835662287932 0.1597764639992044 0.15955205678661408 0.19552861620692308 0.2212527138467339 0.20943672499420524 0.2545257607827107 0.25934955561143136 0.2799819052209344 0.26523678703383485 0.2874403449668815 0.2880969736516001 0.27181409347020413 0.29449750707343486 0.32255159312225823 0.30563341877763917
0.47273467453336443 0.4554182733205527 0.4085581712145003 0.41314072989012696 0.409750960630589 0.36005932236223087 0.3214656305351946 0.3158841726669709 0.34098727691924946 0.35956904799940065 0.356068763532037 0.33568559548595833 0.3345965374052329 0.3353085988483758 0.2908318968819243 0.2576510067771948 0.2643079135856979 0.2385053224957612 0.2371571413621688 0.20756388208967463 0.18711627364650976 0.1764808880022741 0.12373824253793848 0.09516768735007722 0.11979035320365927 0.11950833811147753 0.1358766109173385 0.17300646679845577 0.1360183053645802 0.17230537239050894 0.19092495595818232 0.1720980012680849 0.20963672552865203 0.22086738270169312 0.21916712844716302 0.249044067037742 0.2511573951933378 0.3003158381217847 0.2829066673618124 0.2968139679270182 0.3003593998137102 0.30536086018722014 0.3103299695925032
0.43748396043602156 0.40535921294666505 0.40557372990550633 0.3946097371330843 0.38939346354997334 0.386329427142248 0.34742335840410826 0.2970796954878437 0.2991096541552135 0.3472117528594296 0.34300273876219495 0.3362912594749097 0.3085343460583869 0.30818169149695496 0.3004334997905517 0.26990020844902535 0.2255284867349022 0.23449052840120893 0.2004201888834379 0.17466863782993577 0.17028492443012194 0.16457708018836084 0.12135568638290027 0.06834991718869138 0.08404192899306086 0.12372932833977612 0.1252303088208748 0.10193851030715084 0.1310616450622415 0.1337462975344179 0.1354194259998143 0.13541141441012816 0.14694522816429156 0.1782884062926856 0.20960763046366324 0.23797256098844036 0.2656335580708717 0.2969223122337805 0.2921352074967096 0.27333497924781236 0.3115247396908275 0.33348592517380105 0.3119447989686772
0.4168106857586246 0.4119607577532755 0.3907606420590935 0.3773825691742159 0.3971588164300156 0.3784707089281199 0.31773494237111716 0.2828052538468548 0.30099691175947074 0.30066544867147343 0.31480887348891023 0.2992763591975336 0.2922024791937045 0.2932606977944352 0.25289312317708074 0.23709717021093674 0.21905552685858884 0.22366488389040076 0.156964181406578 0.12385103260472993 0.14130228207535164 0.11848483357919937 0.08326380545525956 0.05275507373595961 0.04825468088520312 0.10682204184051003 0.09207837789203822 0.06990789703945353 0.10145258637538523 0.09749874913665846 0.12408033208497354 0.10049554125096086 0.12490728705151251 0.1498935789021364 0.18359754795970765 0.20991885002318458 0.22724796252970494 0.28173614292834853 0.2724412856106088 0.26932828301239786 0.28171959853391393 0.3281152723349744 0.3161907956250741
0.4192929999718315 0.4046869398317068 0.4291917933635939 0.4136664872800962 0.3823900992464308 0.3715320072010295 0.3048150791551147 0.28596192061015346 0.29559127763401893 0.3112280629266818 0.2845176947801904 0.2821209170145754 0.256401126757479 0.2367875298978317 0.2461723724795448 0.23510661537821834 0.19989877303944475 0.17224427487961522 0.1625305568617422 0.1187775932466603 0.10745305617029216 0.08637812842426103 0.05279946914665836 0.03194797763183193 0.03139760551697226 0.05336403591578762 0.0639866540554576 0.041731522888720785 0.04972506395984856 0.06041338511632841 0.09337054834101993 0.10978703081672474 0.14438770193204542 0.1911523739050032 0.18638002075446417 0.2291160966962872 0.22490579682516032 0.2819074513108934 0.2803828428348073 0.2693168182765804 0.27853453858085403 0.3249488415631312 0.3444021910979503
0.4051025801015838 0.4310863203517915 0.4181286033348629 0.4158972521858345 0.38105557472016727 0.3715817510028984 0.2961556589798737 0.26138171879821515 0.2824927186254825 0.2829743962574233 0.2715937820832052 0.24437632593249367 0.24052447872398178 0.23076140146280963 0.2516008182103636 0.2132616204699484 0.17108803402285405 0.16026398031730205 0.11654835538454869 0.07581236296554604 0.06239085344116089 0.06966672709417336 0.03176763680871784 0.0 0.018215953013129307 0.04183337744455811 0.04474038072243251 0.014204668847228414 0.014193365591355549 0.03647764133421676 0.06414456519914119 0.07475546265889267 0.12840812063406254 0.1929490464850188 0.1870732961084211 0.2261838417303638 0.21680321158660004 0.25132539501327755 0.24457477605550768 0.2365379991456103 0.2584868130931879 0.291509973023335 0.30431851081344174
0.39763230725752174 0.41785131857562324 0.3742834942511845 0.3878612776323995 0.34799046416833196 0.3444413332264001 0.33878522269679845 0.2909734181670141 0.2748779722511784 0.28022393092298603 0.24864791359143798 0.26773944889898454 0.27393954493433087 0.23832826778146926 0.23902123602684658 0.2208037311434462 0.18139095385553977 0.1259172674320582 0.12045589481220612 0.06370152460683493 0.06349739758186297 0.04280375567579388 0.009999631325454277 0.005590104032562941 0.0343510827561021 0.04055010433762157 0.01743934585819982 0.047043370754149945 0.047916051843528526 0.04728062293077522 0.051024821249608894 0.06381862624304828 0.13942829652045732 0.17039958489038887 0.19525150747670178 0.18812153078882607 0.23129655428933463 0.25993753399494274 0.24135118502661876 0.23539610976432593 0.2593209604272663 0.3066223480252936 0.30353342541573713
0.38503128326930774 0.3859710913318189 0.3485109548889714 0.33026590537364603 0.3236425880645695 0.3169148296973189 0.31851142495302337 0.31745293662827506 0.2986304777631871 0.26521749397224886 0.27355120394902444 0.28539123187375814 0.2815150328710048 0.24324192980170514 0.21700456949636082 0.20206666007601862 0.1789668429460388 0.1275592342521641 0.10537227177332607 0.06636149552571552 0.07322190527035514 0.03416200850886286 0.010530866882501527 0.017126431803363602 0.027886934229325297 0.02898796368687775 0.024108086037115627 0.06638270456008115 0.07977010290707671 0.06616693155845825 0.08619471552845441 0.07742909262209605 0.1430832640137875 0.1661986560552834 0.1556841288928276 0.18518089676910018 0.21640588794839788 0.2713667474634988 0.28520345903438427 0.27883535620290745 0.2923193665529681 0.2932571234487445 0.3001624891064366
0.34377885083149273 0.33972092285217637 0.35897485267447865 0.3549880989202635 0.329917705980855 0.31921090935190094 0.2927746950816228 0.2826407418475586 0.2958730480950579 0.2847668497725875 0.2793649041097223 0.288496338071808 0.28680537479477725 0.2484199048502371 0.20349930109427786 0.18774192659477543 0.19149599068351228 0.16792572284423546 0.11229284533990432 0.0784752847650282 0.08889847921526867 0.06633998559371024 0.03650858593114305 0.02156059989008396 0.03550678108959049 0.05566207634869414 0.05657226195263564 0.06841092795484491 0.08636223219110016 0.08638319308042629 0.08610531248849493 0.11903479542659098 0.10577210088742668 0.1420697115570518 0.1619670364198604 0.1700586674034918 0.21613512921326494 0.22334285899467982 0.26359344669183615 0.29622033362363326 0.27553553840256984 0.2576997490036832 0.2808857429324117
0.3363921440475089 0.30988439326895584 0.31548990761475376 0.31720865443420493 0.3054970763463806 0.32151595880255235 0.31809382351991194 0.2967027437553067 0.28207618590994143 0.31649642690950897 0.3049101727439866 0.29802239480536824 0.29181693604731584 0.2766109954131658 0.24163667466351396 0.183730977424014 0.20722008234909078 0.17579354364686467 0.13555818043356058 0.1299677679471316 0.10989519888117592 0.050518268025913846 0.04163185090382619 0.030793965090786943 0.04938630876688491 0.08680929847555889 0.08293619519751379 0.049921044983648244 0.0918930744779571 0.12236877660318819 0.1268708883189397 0.1169971913506394 0.10301398980823123 0.14514617958124157 0.15468551241086564 0.20848838094024524 0.23239828890179387 0.22984580632425938 0.23539605236609784 0.2911506120808106 0.2884010791174282 0.2674626331593486 0.29186389955996944
0.3341056998529985 0.2980176999985776 0.3107304840512075 0.31946348952728376 0.31255401764527946 0.2826575466745591 0.2742938523106891 0.29050632469605864 0.29941356516899015 0.28835035568828227 0.2934304055201988 0.25642213636208555 0.26701000081077003 0.22900173477571115 0.22953720383215073 0.22114019237626154 0.20913114708962846 0.18691925413904317 0.1291594056886619 0.13173176267251657 0.13061688394947846 0.10279468113382502 0.06505077755722996 0.09177339803618978 0.09658889984841797 0.1071711892329948 0.07162809804644994 0.05408705599531396 0.07574080877684655 0.1212508062464474 0.12521255100080297 0.14632982446315912 0.12144488754308866 0.1523685640633566 0.1765458206140974 0.215951444479314 0.20812927936193515 0.2078857878139471 0.2323023619686142 0.2552320576550698 0.2943145733453753 0.2845156564609719 0.27204576526749186
0.34837758377882616 0.329153837211383 0.294076086321274 0.2748323031516978 0.2942022744768358 0.2742459623329211 0.27514449966393095 0.2831812767828356 0.29377247201387285 0.2964258894185827 0.2800531846569866 0.23923007108983368 0.2619816483083427 0.23103500024069584 0.22334953823215875 0.23218601119418603 0.19686606234800857 0.15822498937173535 0.14080364264114836 0.12213523699944882 0.11109709781971472 0.1407230508218256 0.10518516500416142 0.09044409375818703 0.09281904655573253 0.09787188620776388 0.08900696598836898 0.08005122560294552 0.0936269429581319 0.12900236407905477 0.14771491950155663 0.1440927282310962 0.11899116187002151 0.1265406187484975 0.1814260788239255 0.19722249656791185 0.1876647541273561 0.21647452359883537 0.23726264468448488 0.28341935746667757 0.2816535212898965 0.25364688886605363 0.2540281297372321
0.3432698356108074 0.3345962923787921 0.31468732645008035 0.2960073906797544 0.279688846920427 0.3174035009025608 0.3159807100998227 0.3105284182529157 0.3006251500097137 0.276831884762641 0.24149823100647444 0.22474680123638174 0.22316299295039313 0.21277818454900574 0.21679516540653446 0.20934076015934366 0.17723154127190227 0.14056785169024358 0.15602821051540158 0.12482405103756776 0.14248860159254204 0.10714981476934965 0.10382257458858629 0.07624906120278613 0.0875420187081877 0.08947912332674712 0.12496428148573906 0.11581264167794508 0.1279147544361868 0.12197391360657626 0.14131785222127968 0.16528182761550442 0.15842336782380756 0.1459014347162794 0.16113045134408494 0.172677863745217 0.1854911475250891 0.20045802959259237 0.23468991717088702 0.24749230744162193 0.2694481634311204 0.2473324325568781 0.24553819936037363
0.3572511229266004 0.35585206181626294 0.3432398728393282 0.2996870922847816 0.3156234382282883 0.31360474642489167 0.30193117214409987 0.32246751584162586 0.2872671731293886 0.2567559276291489 0.25613103273618243 0.21616471165914133 0.21800671153663762 0.24734653479074734 0.22554936908014486 0.24394440125561692 0.2041627642860524 0.16151915065922123 0.155993504393294 0.140448366735024 0.1490448044964385 0.13377629891975482 0.1022384846688501 0.11372557925510059 0.11023550590618916 0.1399575363686902 0.1357186126735254 0.09639862047468967 0.11527382492518874 0.11662626182315924 0.16014215692004993 0.1286735088304864 0.1554138587578213 0.18333943479644102 0.18148886707845194 0.19847839870176964 0.19032638970146046 0.20831633831437818 0.24180014537557257 0.29242975336042115 0.2522260526486322 0.2446765397300354 0.2189310848883029
0.3516292313523681 0.3598633765296595 0.3416652505920351 0.29742884206004794 0.31090015586174896 0.3247857321753969 0.3318961016853921 0.2909431219587715 0.27705013731183353 0.25881054486011523 0.24282688660089297 0.22530406698188568 0.22682703929448414 0.2435396292357654 0.22448372442370385 0.23644129008204035 0.22023226673415505 0.1914435687671795 0.19317017644516504 0.1837591906751584 0.1623285645858391 0.14959108831152815 0.14457987994782778 0.1485731445952615 0.13382453752878606 0.13841574678135085 0.14256617218404846 0.13293256407247817 0.15212340299247915 0.16975550689322366 0.17348769216230195 0.19905619871658944 0.21378446998716966 0.23318145311252164 0.2155324249259653 0.23743348987951113 0.2481082033899121 0.2381300212389139 0.2357477352477731 0.2604939751404565 0.2452874247711422 0.23372936654114954 0.2366026702407657
0.3388454401039995 0.3503098061605972 0.31943408744324814 0.32030931688909586 0.3421100321647458 0.3303696141638563 0.3110388239193945 0.3119089776337119 0.31869416991132454 0.29975299230387675 0.24371940998970062 0.23102410619325864 0.24857994575393508 0.25915442514939224 0.26034296008574215 0.23353738790857623 0.22400504907630445 0.22923203467725387 0.19561876564639544 0.21241997277441843 0.19020303042091155 0.1735005344154621 0.1893753628848495 0.20458668531305235 0.1511195390260519 0.1461696790186069 0.13551711290299873 0.14479679964567604 0.16844387384645798 0.20453040617522597 0.22159438640980764 0.2467779533402507 0.24908761334308863 0.24027301927837744 0.26140475674604646 0.24236109327792033 0.2546237087505894 0.2783414523245117 0.24530415373486592 0.2426267999757699 0.2395322191811272 0.24933017600494667 0.2714746542707102
0.36154652448287566 0.37154048087829905 0.3484870508615473 0.3565344123570058 0.33826819088333976 0.3344028170842412 0.29760189507695783 0.27809870419871724 0.30325974701884434 0.2856806272783371 0.2764846404052033 0.2564691266543586 0.2474310028203254 0.2763316778880599 0.24578019067349843 0.20823748583108537 0.2165245899187783 0.20116878096636254 0.2165044284288656 0.22618298735478282 0.22676312382833888 0.2025458380924804 0.22778185367168707 0.21876443436475454 0.17900621158812358 0.1450368920074869 0.14021697144348247 0.18784336564385568 0.19563422694222402 0.22041041708574266 0.25017553073576915 0.2513940366558957 0.25268326597539154 0.26849759970063053 0.2998169385718322 0.29168195455056156 0.2783162122854908 0.2559491525644246 0.2677252686267096 0.26341314570944063 0.2779345388519814 0.30024437015273814 0.2860364633192301
0.3563371158418621 0.34235154929805894 0.36184193360595185 0.34842230301449656 0.3220502707268229 0.31497890805820544 0.2970851257950231 0.2554965009879747 0.2797558419605314 0.32074795336607087 0.28873750519897634 0.2834856071674104 0.2905395393406327 0.26964247411355435 0.23725579839433147 0.19979837862725533 0.19392524073858217 0.21232310954032085 0.23795071107090618 0.2537608499767315 0.24645141506434634 0.24618549754693522 0.22455725681995561 0.24592618942228625 0.20100027500314874 0.17272067495191423 0.17727320135612198 0.18260647415638792 0.21818244353238114 0.2567051172227431 0.26265400721402865 0.263885947377876 0.26481396904766613 0.29742150873737344 0.32587846862894454 0.3269217274006809 0.2907995330449042 0.2639606461014929 0.2786212785859832 0.27145122622502343 0.29670361625124875 0.3248714354999869 0.31870550409825404
