Raster_benchmarking/DGGS/continuous/raster-489.asc
NCOLS 100
NROWS 100
XLLCORNER 1743168.465259257
YLLCORNER 5469284.667603099
CELLSIZE 10
NODATA_VALUE -9999
[rows 19 to 37 of 100, columns 43 to 85 of 100]
0.7713468515533293 0.7691679377006614 0.7811505337864416 0.7635762531128768 0.7469368159888943 0.7409859752181268 0.7502873097207577 0.7209745833752573 0.7056324596851302 0.6923036020711814 0.7059509468449889 0.6906467350468156 0.6796195585977826 0.6829968487483892 0.6911705063052341 0.6653723719434997 0.6252944791540307 0.5873316499187452 0.5477019161074268 0.5623871097917916 0.5578423466090531 0.544639296485948 0.5316460294001478 0.5333099221197393 0.5189687894417868 0.5071694063094004 0.48392043993612976 0.4383765030372439 0.42003557166158634 0.42538274719340524 0.4231877270416196 0.3798109127666125 0.37323395579600216 0.32963607119332256 0.27142182076954474 0.24905491857869416 0.2448069729204693 0.22941335550920816 0.23210104350124797 0.1948113361879183 0.16738044301600086 0.14618196147773257 0.14566164685129585
0.7853198299073939 0.7939210318356239 0.7963307649542885 0.7468567277671926 0.7493479244537086 0.7582984434039182 0.751157404264213 0.7233989859961938 0.718430797084481 0.7244868582434416 0.7435819815110568 0.6942633693035707 0.6954246195264872 0.6849229913357355 0.6708173462176961 0.6704018611919926 0.614957468404381 0.6054739985148855 0.5615333234518208 0.5760981214684554 0.5740454601039289 0.5493743015277365 0.533289176440652 0.5481316455743982 0.5246943589181445 0.5224021626977812 0.47104940044113225 0.47668543536626706 0.4480205143498555 0.423327948713258 0.42376828621005835 0.39828708230272003 0.38352280285773244 0.3208778271225909 0.294368953865762 0.27176285789119053 0.2186904675532788 0.2140969871914261 0.22311969444307003 0.19649597113798586 0.15304809084015114 0.14573417779501774 0.14210661724675697
0.7671701967031237 0.7728843016857091 0.7766163406254951 0.7511971749691762 0.7297393396008133 0.7412755836847524 0.7545051728143343 0.776800343823293 0.7727338126830752 0.7366897571490204 0.7173776455594225 0.7083443460374977 0.6897494218934176 0.6869171398793983 0.6755076525031912 0.653142217284059 0.6348641244082072 0.6070647034842659 0.612705642553855 0.6010258081660951 0.5644240425901363 0.5647811770428254 0.5604165020361681 0.5608892556760255 0.5259097981902507 0.5139459080450729 0.4834211631132904 0.4811205474113272 0.44889710553791623 0.43550559934443384 0.4086168658910655 0.4175785435501988 0.38995773951837565 0.3337525487467007 0.3200194105715039 0.27132178968448145 0.25878936009452763 0.2213728097669092 0.20402527157544836 0.18546291289258154 0.1715018075435728 0.15332350533557063 0.15715540513173595
0.8048952510995778 0.7770325023314976 0.7776946871808553 0.7744228815725177 0.7527479354029056 0.7578796539514584 0.7885491224135366 0.761150432512118 0.7835778217480168 0.7794171677458649 0.7536415191261958 0.7350912300536375 0.691025489269044 0.6816113817593453 0.6736026091932998 0.6750612231763838 0.6811404659174393 0.6393539715887261 0.6264226932561583 0.6195941924265657 0.5790115729836582 0.5847817703131247 0.59210357131335 0.549207556936752 0.5166192871462978 0.5302082155820581 0.5008101987582088 0.48275395208402544 0.46416618528489323 0.4343899680752838 0.42319577954207455 0.41766375273005424 0.38660457588573544 0.3558972047319796 0.31197167455190195 0.2778026114060329 0.25978739365344306 0.24825401970315505 0.2025477233550299 0.19317205387035308 0.18675484340162396 0.18898438830947067 0.179260957778143
0.7731149391130903 0.7881081675070751 0.7881204360709065 0.7663735519778687 0.765805345927032 0.7848561236487217 0.7613460607779947 0.7703870276634645 0.800024751073992 0.7869815929175143 0.7768848361091575 0.7215892353008039 0.7107175978723193 0.6928228301914657 0.6748682604385412 0.6705586991270939 0.6781938309154604 0.6757268532829438 0.6738982553431804 0.6498315712799393 0.6071686827907239 0.6183363235497684 0.5957103376297478 0.5882192688302323 0.5713305301706317 0.5247559748126231 0.5156435597763559 0.47609448345858935 0.4618941830921981 0.4544698188654806 0.4329461388908989 0.4250927801977675 0.39984321373620474 0.3477078865905451 0.30034563688178745 0.29061485829914074 0.26641570730922837 0.24283674577333728 0.2435523264700369 0.20484859434273975 0.188900772522741 0.1644618416304046 0.17918705208398755
0.7741937064008514 0.7762782873261609 0.8004304881079553 0.7765506092268578 0.7747576346123894 0.7587756997739221 0.780362430065198 0.7735915127125387 0.7807872948334517 0.7571945605582983 0.7764103469157735 0.7514318877161142 0.7241864050569143 0.6988807261145584 0.6750516890588882 0.6582785151970894 0.6677830920986857 0.6673857582994833 0.6942589429883836 0.6550973152763844 0.6578496091129458 0.6241623113979163 0.6204565788161283 0.5901841178211266 0.5877569777463901 0.5680161945524598 0.5271512419918551 0.48378623441204255 0.4847240523235754 0.44662493252350105 0.43414530328745515 0.4113507253470235 0.3808790385157373 0.32510553956711513 0.30830543390944853 0.2971218134207442 0.26995830128935155 0.238042164114561 0.25650371238438674 0.2098138127751997 0.2066350177532802 0.17025706292095819 0.15397462406655898
0.7453135885504919 0.7484563697883175 0.7902192525375377 0.7796003239653455 0.7695897687426494 0.7658082250016985 0.7899954399373904 0.7674447004550785 0.7784874554116249 0.7572889223808291 0.7533801185388306 0.7457433776442641 0.7068636949591305 0.6972233271035642 0.6684439236209865 0.6921816257276391 0.6877751676144653 0.6970077778222808 0.705077343315986 0.6568701306412439 0.6233018868262266 0.6158846383725474 0.5987114732038797 0.6166503563222501 0.605642545319931 0.590365447231285 0.52850663585661 0.5049328221226719 0.5065492369355433 0.4840382415119504 0.4580658275419239 0.4221245520997815 0.38613870690486746 0.32243392427384016 0.32025953995498996 0.2898260641682533 0.2847854548149705 0.2511718892304924 0.2565887332950057 0.2224987810300803 0.22266082224232508 0.18970664547876162 0.18338978352927202
0.7267392358525602 0.7304314032608293 0.7582571408061785 0.7705898245535383 0.7628374364935634 0.7551429908475438 0.7681989041936951 0.7693365835506395 0.7332213118128164 0.7539081097103212 0.7374313708795524 0.7318927768950826 0.7249057933247594 0.7167601807900184 0.6823375180699057 0.6884301811584903 0.6845314132854985 0.7109479868649836 0.7056595227343869 0.681994071280111 0.6334646029297798 0.6191871886261122 0.6206347227081943 0.6086113262504562 0.6080274618367232 0.6040175451909303 0.5673094102245049 0.5252943658715455 0.5025242227577473 0.45849589412435254 0.45079442357105376 0.38756158220657133 0.3529896779022529 0.3447519932860311 0.3228543403366381 0.31013790948959574 0.28685652209841933 0.2708567541868758 0.26009393555958993 0.2372975134410401 0.2265806424465196 0.21072842091147714 0.18764534385220907
0.7370016936833765 0.729974891457503 0.74907130196673 0.7508299753543974 0.7392138693521848 0.7458163740281143 0.7248079259145237 0.7368807103516126 0.7407464396604165 0.7523254609511355 0.7446379117606104 0.7272139273966542 0.7034455171667638 0.7073575554672038 0.7288082854534462 0.7055309487730534 0.7197566981129703 0.6979787536275271 0.6786918121203613 0.6686880603997315 0.6325880891559335 0.6177813155940328 0.6116621666592656 0.6154804632799082 0.6070647364393302 0.5883147053228448 0.5671678987812927 0.5080359844414524 0.48814241636939726 0.44887946554827907 0.41459705937791036 0.37604584004693453 0.34621591706441396 0.33629782361242905 0.30606943692742805 0.29198390447527217 0.26134874720678014 0.26467412487553876 0.2304145893259484 0.22379334725910613 0.21933398933699266 0.17353585322951562 0.1798474754421595
0.718782996935617 0.7358686591216848 0.7643769700531905 0.7323063857293571 0.7632196089561342 0.7507489697795086 0.7151017261078759 0.7162116968645605 0.7373590836084692 0.7300224390037858 0.7224631801562038 0.7149273328295745 0.7001924498667706 0.7313092917779132 0.7441264356352819 0.7124452911411566 0.729110176488557 0.6954007272029615 0.6923038007818502 0.6539318450056424 0.6497123458215086 0.6428261175052712 0.6329681481688048 0.6195990171466128 0.5675224355724526 0.5588595046356508 0.550079423426858 0.48501615258729436 0.4605680673879111 0.4441620548897626 0.3958321669475041 0.38033712144132686 0.3282623560380708 0.3132631476288384 0.2662271722579222 0.24821607459255576 0.23192766357446418 0.26348082979870574 0.2243393282468102 0.22059122672698672 0.19173623532086287 0.16401356452768961 0.1433071220574499
0.7270410385664348 0.7306034749392718 0.7202503274768107 0.7198956423040377 0.7372559357895033 0.7307425374229521 0.7223797583206905 0.7049656678140848 0.7457278454572146 0.7400679235813481 0.7403681380455667 0.7161826098545103 0.7049340793012034 0.7457843224875693 0.7450103736136083 0.707557004919399 0.7199131687971231 0.6874560533581439 0.6762448502095642 0.6507404285785422 0.6344790800333795 0.6452942426387537 0.6406923568393527 0.6121402414958766 0.5655497269853275 0.5349514862885909 0.5093106955968828 0.4826483876107442 0.4682901804167482 0.4412507352925487 0.3965111583021504 0.3471596758584545 0.3489344808927703 0.28947008637821964 0.2828789774295782 0.23921606519969052 0.2416495366778917 0.2591075387351127 0.23736556263670022 0.23069772793293739 0.21408336939719871 0.18757474150541764 0.16341960782454473
0.6847187515254766 0.7013876050633653 0.7014252657301215 0.7002483618268771 0.7287987310975953 0.7271989040713894 0.6934584167197428 0.7007928688010778 0.7268193120094861 0.7306089048681647 0.7181638126321143 0.7116811418283319 0.731303874702663 0.7141541443926304 0.7314643754697113 0.7014575257869907 0.7013828763580691 0.6681829101752024 0.6676333704286408 0.6616455289182103 0.629222175808122 0.6165262882942946 0.595298248526761 0.5889417990731595 0.5810022030685257 0.5408647526706826 0.4945364418396262 0.465787169788151 0.4617484183269112 0.4017338513390335 0.37399084087296136 0.36613227009280636 0.3533935960741215 0.3060985895286667 0.26676331865595465 0.26041303656156206 0.26458932184838924 0.2470801305388931 0.2619721554900374 0.24147917614898826 0.2191518268945285 0.1922442790570373 0.14446647520398134
0.6695059441740852 0.6867892056578896 0.7118520872983034 0.7120576007672735 0.7224768549622708 0.6899294324839467 0.6864357091845392 0.6759186833356696 0.7218100899925057 0.7243246676317778 0.7398850891229107 0.7266204964576215 0.7010869114153546 0.7048151571132015 0.6658275706215883 0.6596779961267366 0.6815574058050653 0.6556467958087236 0.6610526296078031 0.6351058832234545 0.6087140404505734 0.6038257931581157 0.5801742625611678 0.5983955247324764 0.574067821165144 0.5362271212451909 0.48250842212779094 0.44754257823467597 0.44424969958426586 0.4076549444763747 0.36529562117472414 0.3505034650188732 0.31569748940965325 0.2908654856653957 0.26186743145452906 0.27167230262668135 0.289369667718974 0.27363014192146845 0.27928540483328135 0.24974965703978058 0.1990187379893948 0.18784414916998723 0.14852137084270295
0.6952917246404099 0.693516680771286 0.6847073149187132 0.6757076349075506 0.6870099848850159 0.66947587538816 0.6636944568755078 0.6972630072979986 0.6811766968645441 0.7071413219088811 0.729399356791245 0.6786752882274178 0.6518643985394298 0.658123447637235 0.626538735633416 0.630450192234246 0.6527887084353624 0.6318423221452929 0.6266919571443288 0.6290250755570244 0.614622742981655 0.5989800585601368 0.5879098051992797 0.5643759157108764 0.5552840929020841 0.5078283625689795 0.48377730383258244 0.4245736157414543 0.39964607674001473 0.4029493912254191 0.3902659867075905 0.36675854428112553 0.3174672751368725 0.3083758279667924 0.29365654043517603 0.28759803745821916 0.32068906747524584 0.2812060320066251 0.28216692902449214 0.2617538513585192 0.20778763893993896 0.17100091516744803 0.1489088006509302
0.6922710001482472 0.6873749265993933 0.6833469640389042 0.6843773265287451 0.6809621765421645 0.6619138278035934 0.6669635196462647 0.6895315725498721 0.6671302464528257 0.7032388428381281 0.7059649097006566 0.6643451255958528 0.6314425809647113 0.6111107233911736 0.626346290162187 0.6166842454720429 0.6239824870319024 0.6366616526396295 0.640070851658492 0.6112837474959423 0.6233236052543254 0.5860892659735806 0.5717879387620082 0.5290856918933855 0.5089665335492223 0.49672537044212267 0.47527930539358404 0.4328411239794811 0.3949414731083577 0.38476980206083283 0.39667968812903776 0.36416726443241565 0.3551299050984492 0.3433888773166579 0.3068471430236956 0.3133398164455239 0.3284014783099 0.30716819511703963 0.27053466491429173 0.243785773464333 0.20219303024319443 0.18290023797575075 0.17378627232260885
0.6946938845429877 0.7106493472489128 0.706170601594895 0.6961840785114921 0.6863098898469354 0.68303665425839 0.681752876037142 0.67472730307187 0.6730066300097308 0.6862861565495562 0.6672397845696221 0.6653881931516396 0.6415697279308954 0.5997345795767182 0.5918291955538141 0.6069242664950639 0.6134706294748221 0.6335233518304407 0.6345887637136657 0.609907446880002 0.6097446540789085 0.566391784086302 0.5471312315140021 0.49818713755039357 0.4568918159912672 0.43949301905237714 0.41641650681115333 0.4091667993647828 0.3888715798072764 0.3603169378854166 0.39062585222569385 0.36508374480100597 0.3507854738747326 0.3373802180910855 0.3331936481036855 0.3263493941396696 0.3153819730007474 0.29041561620415696 0.2873296042155836 0.23595820139015952 0.22515120512413292 0.1913739294404635 0.20310471647176406
0.691338099375695 0.7055945459367118 0.6874226926901672 0.6749698043342909 0.675183184577501 0.6591962295794332 0.6697368747157524 0.6774704731293077 0.678908468582205 0.6889767966629101 0.672517321827392 0.6583803816329445 0.6341623468321053 0.6287209520807558 0.6066079927536472 0.6049785944864774 0.6129133787710199 0.6129788672029459 0.5959427254833981 0.5749420563701102 0.564298785454286 0.538955019592045 0.5248300306870881 0.4956838487299158 0.4620909637749073 0.4251771227722471 0.39079793137433805 0.3685081386822257 0.3661106505094831 0.3487148725549767 0.3589934935235262 0.35219236909339785 0.34478649515313303 0.3513868054513317 0.3395179984902861 0.324039041613468 0.30233997003708696 0.29050520105678806 0.2909362258507704 0.23242353152257358 0.2214026785163946 0.21905249904533733 0.20984455350487224
0.6998157959947731 0.6900750901740733 0.652315340534194 0.664468023387556 0.6772495288256456 0.6694951853926604 0.6480274830639953 0.6599000015668944 0.6949929095543597 0.6903212103404727 0.6795426904835111 0.6878639317257916 0.6784997900685105 0.6519577468669615 0.6183889254092931 0.5988894019259625 0.5915817096975751 0.5680414436787286 0.5832983533464607 0.5452947515226746 0.5373110891785369 0.5076927812325869 0.5085589231736669 0.48987099503084497 0.455930150414031 0.4056200749342423 0.3803487205877803 0.3665321279605019 0.3410202639312628 0.34700879241708715 0.3383954290174569 0.3633574669419615 0.3467830482894914 0.33057665003751013 0.325119936828565 0.3159520769009548 0.30032528953624155 0.2917519061661011 0.28670297894148106 0.24474210497419854 0.20427554894469876 0.19441325360024633 0.2030096658650304
0.6559105213529708 0.6661914373920694 0.6588395660905031 0.6487299697162416 0.6644853982852413 0.6519399610896465 0.6407467344621891 0.6618388330651762 0.6750514922760318 0.6994380445666113 0.6628178471287115 0.668886717346868 0.6634205390783519 0.6220233118087236 0.6210012464786853 0.6067081868869155 0.5939095805548719 0.5590199593272024 0.5671284472099706 0.5289022543144222 0.5173503313406885 0.5165893961064315 0.505164672020564 0.4775165894227331 0.43346183486732087 0.3934593401724444 0.3847755167930382 0.3699329561659678 0.3264268586218191 0.3185082680172621 0.31683847747265936 0.34403888363491564 0.3432251113618878 0.3242991733011421 0.336602114358844 0.3419530790399024 0.31297277362656123 0.27976080614230664 0.2806560524300814 0.26396263178274243 0.2116449622512425 0.212254797131041 0.19742842396313798
