Raster_benchmarking/DGGS/continuous/raster-177.asc
NCOLS 100
NROWS 100
XLLCORNER 1743151.519549841
YLLCORNER 5469296.715809622
CELLSIZE 10
NODATA_VALUE -9999
[rows 0 to 18 of 100, columns 0 to 42 of 100]
0.3796211324525403 0.3616928399413772 0.2997754618720459 0.2801720760401238 0.26909882968497123 0.32365626736201575 0.36858397310372804 0.41383748290861644 0.37479392085402347 0.4229894686308312 0.4071155300091874 0.43458020096100153 0.4301620093882261 0.37273760597153094 0.41595908978750684 0.4268273354404902 0.49524004559746004 0.5417685355427501 0.543208282086509 0.5951728734187478 0.5929715575204627 0.5737154886933172 0.5908849296540606 0.5989275667187135 0.6062828553602803 0.5921613027640208 0.6315420279104211 0.6448400147231309 0.6675449355914089 0.6623366489108328 0.6230738843879084 0.6153722616917403 0.583274244217017 0.5925828937890306 0.6228117085540862 0.6357268621264022 0.6125223157235337 0.6458426842322257 0.7020132778160806 0.6987420139124234 0.6936998015670881 0.6682920932178136 0.6863896304420173
0.38706668348552425 0.3392370602414609 0.3106223911915312 0.2918345948741866 0.2972735524673803 0.34039850129763966 0.37903021885990595 0.3668768883718026 0.3520607540798942 0.43131205200648076 0.41841820535210655 0.39684601811628406 0.38831555406036583 0.3751566583400373 0.3968224870464369 0.40967029865986104 0.4563735129519503 0.5425293900151176 0.5827726870830539 0.5765191234450602 0.5828277596463093 0.605779932420696 0.5774127753774003 0.6056215298629751 0.6084178826094855 0.5975765826639735 0.6127870191063624 0.6361610402889849 0.6166956540943017 0.6237197459741651 0.6354963591947846 0.6233530503750777 0.5771155955902373 0.5805577573730429 0.5552927682766989 0.5712894622379588 0.6040675183742729 0.5960437707507169 0.6329269488858597 0.6343817125253622 0.6586378654362502 0.6548678308323433 0.6625002053927994
0.3860577670704331 0.3466183583555979 0.3425448808575239 0.3104280231868077 0.3196813100825827 0.3246770769144516 0.34856383419186626 0.34410644067640583 0.3849095706271155 0.4284564178207386 0.4143813046681247 0.41242658340591826 0.42079654910997966 0.4251384967408963 0.44371142971281574 0.42486714352305854 0.44088720364097056 0.5014342982309081 0.5773461328634995 0.6019960020711899 0.611186216688964 0.6184794554477979 0.5883795170691078 0.628893045022663 0.6317521911244899 0.6096920520545717 0.6096654137562632 0.6293430283852686 0.6291172026532322 0.6290622015313528 0.598959561086387 0.5702930595903005 0.5397918320581084 0.5550261794237064 0.5362454795348223 0.5478397362098009 0.5978171503040127 0.6028729997152942 0.5961585289527734 0.587159736439696 0.6126994956601188 0.6556940639323393 0.6301859542010004
0.33901471894829144 0.34505022308214 0.3187450372952299 0.28962645212254096 0.29571069579770914 0.3256610762652166 0.31589751455849396 0.33243503964659366 0.3770709726479323 0.4013778297328469 0.4540986187518496 0.39979650911122705 0.3952353352905853 0.4316316045869561 0.4065991247231741 0.45400223835816483 0.4425551704258974 0.4680911381315262 0.5207967003771221 0.5974940646361658 0.6080315346544447 0.648139052654431 0.6402638077347674 0.6568744684872722 0.6188328003873721 0.6034692371251758 0.6160724384163802 0.6561995275436496 0.6213019182908204 0.6272134653237226 0.6358051209948922 0.5590397534115903 0.5292378796112005 0.5222589707656984 0.519828752854533 0.5348881459931951 0.5315390518259316 0.5976135810434643 0.564286528445558 0.5459309718397267 0.5745644658364384 0.598874559957103 0.6430083974771649
0.3740784845726286 0.37534303428167454 0.33295738124224616 0.3089629967994375 0.2987088736484965 0.3188578716702433 0.3412509818043538 0.4055871650320266 0.4344849756675181 0.44890131695818547 0.4611400278977997 0.4169096550378494 0.4307389728105742 0.4585975159358072 0.4271398954558274 0.4452003108067463 0.48356081558262476 0.4952773059973839 0.5691584485318598 0.5732877170334353 0.5935023161554968 0.6319252675978106 0.6087162548438699 0.6256706201689144 0.6055900927602703 0.6463063179718957 0.6169661825287673 0.6485200046200847 0.6043556034601446 0.5926654076720042 0.6226616329028 0.5882663336900045 0.5509742400413905 0.5733719065322477 0.5630208084783846 0.5537427039229645 0.5953678950159697 0.5913395986845972 0.6018142148917723 0.5598131322132358 0.570769892291342 0.6068684630166145 0.6611118174781202
0.3966347017586293 0.4093225443264833 0.3907781356720107 0.3699064105249343 0.3499280572978912 0.35879836634246154 0.4107941268684819 0.42659820327511966 0.47638641413591126 0.45381454747105804 0.45823424364492127 0.46754201023093767 0.46600238562250396 0.479297990525071 0.4438355836890983 0.48237522311148406 0.4797923718508839 0.5392419407534282 0.5783999029196384 0.5447004602934045 0.572583293602936 0.6051543295593157 0.6141136449123621 0.6054031675923878 0.6241724539280654 0.622863275976706 0.6612643130467872 0.6314657946865373 0.648981635238082 0.6054385890814491 0.5838875525916545 0.6166019125626987 0.6281473186202019 0.6074512587877657 0.6015073982313224 0.5676919006072002 0.6033592286365964 0.5709936249219917 0.5899012713412098 0.5730598730886343 0.6097440318501318 0.6013364188578895 0.6670284238025956
0.4099734328875661 0.41021811810218217 0.3970556419315501 0.41924251705293925 0.43687292283450835 0.38985269265992467 0.409474436901277 0.46653581685422507 0.48980217301336243 0.446504499560871 0.48508388705145244 0.4565134344578403 0.44546762898432657 0.45883827389704446 0.46822885366974676 0.48418468704529105 0.5140716904284577 0.5186863965731406 0.5641977393344056 0.5754548926268686 0.6047095701496566 0.6230590023308479 0.5984180752037198 0.6057782419530188 0.611516387982769 0.6067036750421865 0.6493576110447116 0.6496507335511451 0.6105908499716318 0.5808224142364392 0.557131458304714 0.5743824597464688 0.6262227909807812 0.5853787065387632 0.5857638372552497 0.5960200065367884 0.5959288195849745 0.5958237388136642 0.5969765338422962 0.6317583489587933 0.6469287283215301 0.6296979983317726 0.637502942922219
0.3666281412264043 0.40546778501221925 0.40410383976569125 0.4053529486565019 0.4630932743110885 0.43029627430844897 0.4395929772738042 0.46429192384563656 0.46970053090950836 0.454900825150144 0.4582329895223059 0.4325930581178988 0.44757061568392104 0.46638123693956024 0.4122330544162388 0.5051834364473203 0.5309728394598886 0.5267457159330988 0.5087899313047296 0.5592128681650905 0.5734873534500828 0.5835634261163662 0.6431032230299605 0.6086415564631094 0.6146289642700369 0.6322538467221813 0.5903863618216668 0.5966890257181874 0.6130118033172112 0.6008576169860946 0.5789868831689133 0.5818982028618751 0.623309914824786 0.6024524164676102 0.5736937746597803 0.5545891610334105 0.5849254052056637 0.6009860962028692 0.5779723189297503 0.6214416711662848 0.647499256147565 0.6104972446196066 0.5837974442585955
0.4010232476149596 0.3628605234344936 0.4290232887183082 0.4182036618383945 0.4467195009793781 0.4577788481391277 0.4423295416740911 0.45766651118462964 0.4873075322601145 0.4831623858573781 0.45287530519695735 0.4519072853974422 0.4468802001523831 0.45348867624044104 0.44784649973786944 0.48297662560642846 0.5058305431355141 0.5194277522053976 0.48049405935601597 0.49172658709764594 0.5516897428322869 0.5926780947283653 0.6140292686453345 0.5939351866475409 0.6283770299196546 0.5949889865749293 0.5789064854438406 0.6187441104071401 0.599175140762163 0.5859968663417566 0.5447987859351365 0.5655666207354084 0.5845163247609155 0.5346541499626312 0.5422686800102495 0.5218596759512946 0.5248929582665433 0.572961269275579 0.582990721967053 0.633967591279556 0.5880952556799376 0.5816477824093729 0.5571277490692584
0.39792820350380115 0.41584928785128134 0.40903886380020277 0.42512412903457586 0.4189687277887329 0.45579459110728354 0.4534030248096959 0.4490968011888562 0.4566431811920747 0.4335663998136096 0.42397893999277797 0.4313134608726458 0.4336417782847576 0.4171628207823077 0.43816360645213503 0.4724996225164521 0.46187251208592667 0.5021002949063279 0.49295969965208997 0.508583293451585 0.4858185622922304 0.5570797037470153 0.5708726972172625 0.5582763142508902 0.6002765055760656 0.5797555485915522 0.5868412254900848 0.5881917027485144 0.6065876551418192 0.5772405006293914 0.5737991217858928 0.5498851239080349 0.5499842052733277 0.5067862619693813 0.4992421361254911 0.5389938932725137 0.5141710610923806 0.5257967634188057 0.6086140752651689 0.624883308089764 0.6021843845388882 0.5637817056731755 0.5870893331559158
0.4653048892160459 0.40788571455120504 0.4465113755978892 0.4423353510198574 0.46067913033972957 0.4733628785853901 0.48020275508544863 0.4412159973270864 0.4295779039872354 0.4209177787740783 0.3951651357255783 0.37136503546240507 0.41105976678154926 0.4274249046354124 0.41366631738516135 0.44743535880199486 0.4854074010747827 0.4897386669626955 0.45923936939714977 0.48371164789629717 0.4738024913114627 0.5065814587937078 0.5565027908223388 0.5624701496826197 0.5650431688150349 0.5570613196650376 0.5405950857240334 0.5574068347652302 0.5611617322525212 0.5366286318547692 0.53351057808435 0.563026910639141 0.5298744214753941 0.502687672765624 0.4703756395289945 0.5092872948201658 0.48820517985953166 0.5272313303849268 0.5430210102219254 0.5847582295036148 0.5641232128649196 0.5756715924316059 0.5793201467749601
0.4666298554279017 0.4263088233290407 0.41307927440930164 0.41717322699647735 0.47792267675525485 0.4711380448258468 0.4581005595726127 0.435015622449295 0.470245931556489 0.40639179029954087 0.3752507173402717 0.37519410098322564 0.35721972819756387 0.40529151193719365 0.45711899165283987 0.4854162656966101 0.48976059409973527 0.46427742637052694 0.4395594674123078 0.45418318833535337 0.4582745544965636 0.48475843786274053 0.4932508507263985 0.515816163240867 0.5135997253758647 0.5107761166675973 0.5387023685945064 0.5327324624413905 0.5277485939010101 0.545538207691833 0.5554428221604887 0.5432673713851444 0.46390682235453906 0.43391280937267074 0.43137654628487815 0.47342443167178183 0.5125027029688698 0.5285837038548195 0.5263278820500119 0.5358590110471976 0.5128158392103137 0.5555847799850347 0.5892843542419912
0.4798772049687431 0.44828865031523274 0.4679867660923941 0.4391269396527772 0.4788080910686188 0.48150829553663604 0.4687543752396655 0.4442788048129182 0.40869493997647677 0.4161608965930992 0.4138087673092714 0.377913929619245 0.41786150598885347 0.44938369655790544 0.45353522739169494 0.47066810432622974 0.4761738900502326 0.46255209801091074 0.48598043818139636 0.4818844588899199 0.4925493327474317 0.468311331855971 0.5144325452753395 0.509425202741559 0.49865783428736354 0.46492564604715136 0.5009748326031568 0.5121550736016436 0.5003926424248603 0.47933258941941936 0.48523782064926124 0.5249586026956242 0.463190410827523 0.43218199510833516 0.4583582168197861 0.5152564042463577 0.5230730134971976 0.48974621783528477 0.5233528244477939 0.48425928199581986 0.5332549954728171 0.5696013363221178 0.5932000543568807
0.5194960438064686 0.4992277271421349 0.4995825541998882 0.5026595684404723 0.4746946806586593 0.46694975480211554 0.45952503851348686 0.4363238618018484 0.41348997404436894 0.41826561720774863 0.4041152657377741 0.3967508322896634 0.4856332086620379 0.4629792433377987 0.4784968695955111 0.5058948437913435 0.4982833187236731 0.455524224830708 0.4694671910019078 0.44332333356892645 0.4797680479440656 0.4893987516837893 0.461987080334522 0.5113958069367011 0.4742464296543588 0.4767820809375385 0.458045754877774 0.46990904229696534 0.4555889672213245 0.4832079927608217 0.47734296364421047 0.48231912701834045 0.47759331925398124 0.4828091162860415 0.4615809220328071 0.474677232910243 0.5300086059721671 0.4945263116205597 0.4837595043144272 0.4693118194566528 0.48467613223778094 0.5306274655049698 0.5838127148037394
0.5740417386425393 0.5089557698371758 0.47681848559279993 0.4763091347574464 0.4751690742089031 0.5060483512029835 0.49585532734619797 0.4194027633108912 0.4242075390937274 0.43690251933694413 0.40344523997335535 0.42706448019631865 0.4677475118182664 0.4656328210513786 0.48188769512086327 0.4752159515912697 0.47512250777803744 0.46774348531339566 0.44808948304938223 0.4630547008053629 0.5174701581141511 0.5184425347389191 0.48942631057006786 0.48309497500879817 0.5119995302136066 0.4695540077534468 0.47721568462404534 0.441747662035615 0.4302406555358959 0.44608651158713464 0.4393747197154716 0.4788465794953787 0.4713570553109654 0.4895847208391955 0.4784598853023824 0.5008657540088448 0.4834481319161836 0.4660346956558613 0.438809202357533 0.4508565262130955 0.47890262276801804 0.5464593928053629 0.5994445971861635
0.6188678150035747 0.5693736312812916 0.5191978494816769 0.48070093222406685 0.529623697017633 0.48846910911354663 0.4979244771963788 0.4541115265710929 0.39921272445729566 0.41874102121521417 0.41511803190226765 0.4329993013473428 0.4947953574306408 0.4632233384428239 0.5268086981050654 0.5106295456630567 0.4383646670007023 0.45096626059325756 0.46206846271826135 0.5219712633196053 0.5434642810470699 0.5259680472941526 0.5256055430414571 0.49594217878825975 0.5327667882620047 0.5026149330275269 0.42045426215936504 0.4421241108081725 0.4093373795521835 0.4497454769596009 0.44205912750000137 0.477388531480891 0.5043696242671264 0.4787594434672743 0.44163816762511937 0.46896476913542723 0.48691131743460225 0.453965508795682 0.44861770885040014 0.4546465170012528 0.48035660234852773 0.5672889733197877 0.5975090559754643
0.5699755626577083 0.5394572434254961 0.5188352809142334 0.5176538981422611 0.5054713105118496 0.5459749312746646 0.4969954313196026 0.45637808900567156 0.41886352113120456 0.4670688270053445 0.45783473949904924 0.5007449322601241 0.4863136157571054 0.4817787815663394 0.5036940481840061 0.48758136001036606 0.4967300676379973 0.4796520605335163 0.48042900351980594 0.5425839959478331 0.5506204528661929 0.5632458193245519 0.5348123839243255 0.5479721657423494 0.5186130525245175 0.49057217926966046 0.4727983737244266 0.4036859644184343 0.4260062203352121 0.42331748722482876 0.4186631447076489 0.45689845256430023 0.4355527761655097 0.4737639818211927 0.429468005870131 0.44369626974985477 0.47164554843584117 0.4934865745037043 0.5086547041607503 0.48924997325829345 0.5181174911337705 0.5460347104943063 0.6331170704329044
0.5635112184450723 0.5169994281207286 0.5344439201816965 0.5489669520757184 0.5278228061074951 0.5564589020861297 0.5439447993970521 0.5079621526660623 0.46209788219521436 0.451801497081139 0.4678793367779111 0.5164968626218968 0.5116266437848178 0.4788922256807265 0.519436436670557 0.47122573851337296 0.49101188166620335 0.5056984175631397 0.49226148460163865 0.5418526911281011 0.5564066453637205 0.5549409332991038 0.5333446623038489 0.5248862157292224 0.49106802232131186 0.4891973465029868 0.4672478734188882 0.4499353896036899 0.3797139243082623 0.39272261960225074 0.3870101868901971 0.40698706802193674 0.38575317828093564 0.41657121222382804 0.4759409303376819 0.43548737508998603 0.43033067373702377 0.4739231722715874 0.4899300035715235 0.49930711800029126 0.5283375683099407 0.543050861584511 0.6371753250742976
0.5195077246415628 0.5495575320641857 0.544480647050248 0.49780755234855606 0.49806511332042763 0.4984869260917918 0.495731476262033 0.541281479742751 0.5343082222636255 0.4914357597779709 0.49026575649977 0.5287749549660138 0.536581085123901 0.512836307655561 0.5232444065299854 0.48639132769706706 0.4681678434004681 0.49793109542874053 0.5092234426322771 0.5095956141740953 0.5063880291240919 0.4915917312888424 0.47404693093265116 0.4837240699152034 0.4686575708219308 0.4635820915233773 0.4475509431991351 0.4505860543622114 0.42084411491741563 0.4240019685036759 0.38582709842465285 0.4213744605412841 0.3842185528170757 0.411375506280693 0.43297758452075347 0.4234478889732923 0.39638700032264146 0.4298151123111319 0.46071738792220235 0.5171752659444031 0.5633361279765324 0.5853505288438752 0.6205306795455042
