Raster_benchmarking/DGGS/continuous/raster-348.asc
NCOLS 100
NROWS 100
XLLCORNER 1743159.8940430023
YLLCORNER 5469279.025671206
CELLSIZE 10
NODATA_VALUE -9999
[rows 19 to 37 of 100, columns 0 to 42 of 100]
0.11238393088219967 0.12165848876355165 0.12923280248847965 0.1787072753385712 0.19116025719756471 0.19937801583294187 0.24461339413307912 0.23436483053636878 0.20941088217321396 0.25215712158206216 0.24146747812674713 0.2854256680997821 0.31181123814628886 0.2953709602774987 0.31754138246368246 0.3306596048364558 0.36040009695286424 0.375393295696748 0.3851936208567099 0.35841533941726667 0.317534542547318 0.3303103946765928 0.30076306682684395 0.3379927651381466 0.3447820824780245 0.33365891067740877 0.33857777403714623 0.3314865595875121 0.3505881213477383 0.31897117299643407 0.3295156323656832 0.2599465531604499 0.21924267761062435 0.21388851233518133 0.23376007380141722 0.23432744756987245 0.23744665259587872 0.2561258855779972 0.2898297348908261 0.2850598771455596 0.28778601631306816 0.30916775538320185 0.32931540560609784
0.12338363236443343 0.11630475462521603 0.15855414607541043 0.1766389015046 0.16273979426741061 0.2173763525041955 0.21619620043363186 0.21184831292364004 0.2419826451979674 0.24998585700990147 0.23723276929679785 0.2796808816094463 0.3197419974160124 0.33024982799833 0.3232177506703939 0.35800762472921827 0.3870668305586503 0.3606334944729725 0.3406040945445767 0.34869784118058367 0.3126634800004899 0.3198891227873992 0.3279443936866803 0.3161866301890573 0.3394523019697825 0.3292530819278029 0.33554360949836776 0.3275699109113186 0.32412189231601957 0.32825499112759854 0.31684968058476654 0.24035669544083865 0.22408264355101926 0.2340959825501638 0.21842733567176467 0.2212602852110133 0.2535518118684337 0.28212878496661464 0.31562461336531317 0.3028423596518659 0.3011542088276911 0.2967522965230708 0.3054733116818049
0.11590982056011519 0.1485983183539849 0.17224998074903408 0.1588065850876097 0.15654223155136354 0.19554360735018667 0.22090917369321922 0.236103364817752 0.2615028871769323 0.2488954666615452 0.23597323432155404 0.25360257787575846 0.2809658810815651 0.31939691661949016 0.32094367690755227 0.33287504602142687 0.3786109209947542 0.3469019931279987 0.31942922187231676 0.31792731634019966 0.3242470737289514 0.3026087343697619 0.3182827834160113 0.31103081915353636 0.3011425441476762 0.3182238061349966 0.35465101589557896 0.31617992454514965 0.3154581534487884 0.3140864690351353 0.28548599080332976 0.25868139498180254 0.2122313850258587 0.20519537695841092 0.216169738692041 0.24574936030451255 0.28450943799034994 0.2912232533726837 0.29196003803429715 0.2742085268645023 0.28519281914985867 0.30617437329742464 0.3453145675907426
0.11476507344634278 0.1244776733072548 0.14829125335033272 0.16617486371189882 0.17310565046612136 0.20658268153783285 0.20584128218293715 0.22873080406493104 0.26732442757266045 0.26549704491147336 0.23786263339950178 0.2612153745710941 0.2665339102974568 0.2912087761109582 0.31281187568882346 0.3335490068444867 0.3505248022763283 0.3695260976265876 0.3479791339338887 0.335947049914957 0.331322854872447 0.3347965121352724 0.33304878299058066 0.3196159788059904 0.3096108774291545 0.33839199769268347 0.3275769353650805 0.3306385071712942 0.29823464692850205 0.3147758303508997 0.2840655948140961 0.2551097357388216 0.22842143918093 0.25030423761278153 0.23754640014018105 0.2855093148312357 0.27435526210849764 0.288391566713874 0.2985208083625742 0.28482304823442317 0.29850477749127874 0.3395366116935469 0.33743645615103873
0.12310058500039635 0.12347106054965526 0.131913028778264 0.14532506297375383 0.20287600447234255 0.19504999135429663 0.20484257252814514 0.2307488050429645 0.2455775026585932 0.2672620406871983 0.2525513856292797 0.25612284379656536 0.25498509258874474 0.28852064701368674 0.312357924757026 0.3417975945532641 0.36430434960698094 0.3399863618158961 0.3557190171686354 0.3452986099921509 0.38624836723188716 0.362322857216365 0.3094815886833106 0.32108534614378037 0.2851996532018937 0.3020985435077388 0.34693676110837746 0.3424409065407507 0.3295172285887783 0.27120782286250095 0.2685354802339948 0.24589156541211457 0.23371682703689114 0.2503560554530858 0.2781056471505715 0.2776322771164165 0.2897013718242493 0.2776989418960601 0.269857567880075 0.3209323361835365 0.382209940786976 0.3242045625329207 0.3188069769307852
0.11984727245885116 0.10311438718576689 0.13986202142271142 0.15118257115239817 0.17905810994856539 0.19601486676169289 0.22013818647054295 0.23873063465154093 0.27076141377901847 0.2540499842030132 0.2680588564755488 0.2643607921412066 0.27801686751155136 0.321555990910915 0.3490361948573751 0.3641351795293446 0.38367823144774116 0.36694969706653346 0.3556545551436217 0.38135961026573634 0.36131890625457425 0.35979097992268905 0.3521496795845885 0.31105195128504287 0.3236035335559924 0.3091197816777709 0.3124407149508175 0.32560017066351254 0.29615430148774996 0.25389712309952656 0.23831423509652036 0.24302051807021074 0.23078260166570305 0.2600470190337773 0.25938132514749845 0.28268371293981 0.30052239081846194 0.27299163412700883 0.2683109346785575 0.32266504362080595 0.3385259923369974 0.3442811779418521 0.32210401459199534
0.11680852254706811 0.1347145007166656 0.11568038019579005 0.14068032111208326 0.1708733992159086 0.18098180186474577 0.1887617853843454 0.23536864409014607 0.26940622938410597 0.26789492564394196 0.2268909373189164 0.2801059221562449 0.2825134774167717 0.29800420281177104 0.36328211274627076 0.3607001344317934 0.4102500502056261 0.36267448642485783 0.3800913549142254 0.36181558784777706 0.35653091620168775 0.3195638462262757 0.3484494195881241 0.32005711587725827 0.3136513584575143 0.3114771158351328 0.31984786934911175 0.3037740588941736 0.24914578547811264 0.24667454746450568 0.2567256423156236 0.23070145338491982 0.20119508871275701 0.2316463394676643 0.24453503025399695 0.27102290745810054 0.25904296199101945 0.25691109899572984 0.2590167360218177 0.3177194757001047 0.3324902119097312 0.32771122543217684 0.31720588077708445
0.10455494408538059 0.12487999173816038 0.1369252260512821 0.13089527759969646 0.13674948334905393 0.19041905907701445 0.21102373217700246 0.2200553851804033 0.27234288149697766 0.2619425817991215 0.2793850741987205 0.26812603806489016 0.30434283172028226 0.32223015660572624 0.33215112176804923 0.35733887707775264 0.39872242382826234 0.37564696823139265 0.38652229028604224 0.3595046890044589 0.3277364274061345 0.3110655744774239 0.2987764524659307 0.3326732988467997 0.3463300692057368 0.32928403688311947 0.29529754435951716 0.26202140194543 0.2516221050923748 0.2380244669108634 0.23442214795684532 0.2283885360247655 0.1767288624331603 0.18467230145277264 0.18045065933739374 0.20400100812049898 0.2597012297108706 0.25005918531133237 0.2585808356422457 0.2980064694612442 0.2814354602893195 0.2858046429883068 0.29729264245210263
0.15554699596640997 0.1376329727669506 0.10892855682778005 0.14353220102551387 0.14271098433876767 0.18269073097867555 0.20588205313605001 0.2530124795168562 0.25756310650977277 0.2862965243528149 0.3041753277576233 0.2710840586141108 0.30195876616087236 0.3280678063137305 0.322175573245889 0.3233064427350591 0.3678682740324004 0.38000426175518764 0.34215812466560014 0.3142646439442835 0.3060610480513695 0.29825395405027444 0.29737070300400564 0.31092092787557246 0.3355825935759011 0.33890409272186683 0.301748135472412 0.28656818864970673 0.21947946583710787 0.21187861918423628 0.20416856153961943 0.1787304691001791 0.16646248681381487 0.19765871561491577 0.18492292623660908 0.21283411341403857 0.22687176716257212 0.2191397060052567 0.26422485373864046 0.26577691198225706 0.2608803537864469 0.2798475176161347 0.2528315777499245
0.0978431017515469 0.15110524144929177 0.11800159543768146 0.1237381424381954 0.1438199122237801 0.16245970126350542 0.1871423345275133 0.23416383495737303 0.2525950620128857 0.2807374716703885 0.30014962745678675 0.28510940582126676 0.2729068982280266 0.30267151175678897 0.30928219691134323 0.3293375987971711 0.34404480534516463 0.3564574596850195 0.34717275085703725 0.3327169527524345 0.3278276399783032 0.32974312715679754 0.299458955381822 0.31156208176493905 0.33106112944442034 0.3011202233488935 0.30319633657898365 0.27124285096625594 0.22034156334861613 0.22142074142058 0.17807527662628928 0.16883356516656126 0.2090572158815031 0.19313506184679166 0.21953182698197057 0.22928220362408774 0.21187247376160676 0.22225993875821162 0.2619480580987102 0.25908729730672114 0.24919378503430054 0.2563681257636408 0.2710860736430532
0.08441497362371578 0.12350554558686933 0.16614231679024136 0.1673088603717486 0.16925770591834013 0.19667607774630738 0.20227669597279122 0.2622307130398518 0.2976239934278582 0.28355318097230237 0.2638795460938259 0.3011332536119763 0.28587545858835184 0.32035155582772346 0.34884721853494033 0.3222044429823746 0.29277239871341404 0.33969835603127047 0.3295188860150038 0.30762245229345186 0.30510438348190283 0.3108057755970959 0.34250447344203205 0.31035975902109336 0.28874871703956695 0.27938410175669576 0.26270385676902214 0.27154042268656325 0.24005459152811398 0.23818110100169096 0.18162418233458574 0.18369877375372085 0.21542565204766093 0.19753972431787856 0.20990564572318268 0.22981754436614021 0.2203002922449089 0.2304291082236782 0.26572622279007035 0.28710085491030063 0.2895544128771667 0.26397133612102697 0.27260349284616947
0.09543267414031113 0.13109532563667797 0.14141696679780635 0.17126227174029132 0.14952136205568617 0.1848968957256641 0.21953949224153496 0.2694651892661143 0.29891705532646595 0.2783564443662135 0.27139864865162877 0.29660132034113945 0.2856477414886246 0.30209786041170555 0.3244037282558962 0.28891348971878184 0.2966737862056775 0.2908826234510177 0.3253846718830354 0.3287314112471502 0.3208476124036653 0.29871012509219075 0.31082946071060136 0.2851476735043386 0.28235187174383314 0.29228513454931165 0.2616347401544749 0.2724085544099082 0.27889253943674613 0.25195367044419126 0.25356983453484727 0.22619558126451114 0.23158004567130724 0.21973373679575656 0.20596085435945014 0.22869108767200827 0.24891637202976316 0.2585829266998209 0.254600377362919 0.2788428957515099 0.2829924004899338 0.27548243307872333 0.2912141270122916
0.09181215740501698 0.11604382974533482 0.17614694247711804 0.16311278052500996 0.1513847048580158 0.16641682795337773 0.20513236154507242 0.24112185476679307 0.3377177869156111 0.2932403464746161 0.29439596899087933 0.3091364934898066 0.31526586469194484 0.2956464434510344 0.2872920257397004 0.2847647888121611 0.24501798900720906 0.29979754878959486 0.31815223112404506 0.3070053531421184 0.30794772588555036 0.2967186976077758 0.27011023140522283 0.26948143688098686 0.2911804677661591 0.25664901376264254 0.2722167459758777 0.26612850253695414 0.25365069928327855 0.2638691358898257 0.25868835716288524 0.22801947251487892 0.20467183659117216 0.20914444527571224 0.2032894249761376 0.24752175901799375 0.2543351862617258 0.2486011000148353 0.26003615466495067 0.27699913032383194 0.2694105097056943 0.29855422963986017 0.30599749388754055
0.1419358039822023 0.14012979205164847 0.14565283096929643 0.17725355794667105 0.17499406880708357 0.17531697570726093 0.21124212245222052 0.23092217233489656 0.25774106565641325 0.24390045285237869 0.23273470745976457 0.23740701655574992 0.23668738586250762 0.24926974966907747 0.2487221518555443 0.27401778282770894 0.2437244709334576 0.24921428163976667 0.28707562110379575 0.2941556194823729 0.28720125195011054 0.2567128581998763 0.24629982443968637 0.22759136727914092 0.2399588255762436 0.2261082982374588 0.2422034663402917 0.2306899648648124 0.22273642743768265 0.22773702679236424 0.2320264414013599 0.25225759246907886 0.2247870252185694 0.2133281519600864 0.25163018985921487 0.25443287428241995 0.2670377902349505 0.255888146858564 0.2371202040917622 0.2408425652600625 0.27573054896751015 0.27552167325136057 0.29746566629611493
0.19880633105331705 0.17829760013510487 0.15616380620879047 0.17194947749664194 0.17128063630588228 0.2105276444284584 0.22299353313190842 0.21631125746960023 0.18353782979297248 0.21399094729915824 0.20209533160278523 0.21719260508651475 0.20669366903829414 0.19387433589914352 0.2135878273876196 0.2571656320185451 0.27023081175599767 0.233481386066071 0.25475734114295695 0.2558933219832317 0.2684676392346516 0.25334903072306314 0.2337753312251231 0.19430352010185623 0.19268467228205668 0.19912999032535336 0.21284168557948926 0.21366855922817535 0.22152665806659264 0.24946153402080934 0.25695033219500807 0.25430735212157984 0.23977706947773642 0.25822971670445494 0.26470278174682066 0.26941727422671746 0.2844315699367346 0.29207239383584666 0.2582937736064946 0.2321754838030931 0.2371802220039691 0.2656253999162187 0.2764024821280267
0.21168142168503407 0.19764316968816625 0.20401261242038288 0.1636740611302726 0.19357374304866717 0.212829284591723 0.18446350179766857 0.18490114047278036 0.15106448784995508 0.17069918320913616 0.16686102813411968 0.16401284547043526 0.17716888382122634 0.20442581236278365 0.23890892502128064 0.24412833485823918 0.22859822173651656 0.23743385168769446 0.252859802813114 0.26129355774851953 0.25381784956616465 0.25500645474707234 0.20942865380017708 0.19090577497781605 0.2050993126010557 0.20739603160355966 0.2041089203880646 0.23315987417072132 0.22176138700407166 0.2565010426957141 0.2546561631263701 0.28491372133725335 0.25686127999578473 0.2605566180457061 0.29697053860123945 0.2748903330785484 0.30373467243261665 0.30164779180188694 0.3021749559652629 0.27263448482070507 0.25739400765041315 0.28762148871430765 0.2778219029613534
0.2243302943401414 0.2346690593169749 0.21299557348435227 0.1867040543641956 0.19297992301813158 0.20481745362355863 0.1784291460731614 0.15385508811938994 0.13368583162916592 0.1272414462106691 0.12287731738385665 0.1452747220521658 0.18030656811705112 0.2082127186481615 0.21602083431609595 0.23818071299193094 0.25418717742562746 0.24473786817210721 0.268237586158846 0.2741477400194542 0.23204610520952326 0.21285298103428782 0.23996208897861598 0.21576795913267358 0.1961032083585402 0.2216157424408574 0.23368386872391092 0.22985793919262473 0.23600264871207824 0.26379577599614784 0.2778295339352747 0.264401042147125 0.2700049258222254 0.2608178777397203 0.3121895468395008 0.3093021359989779 0.32325425420628223 0.2902705004364824 0.27972413737405694 0.2813614388165862 0.2877344443590013 0.26737732310445367 0.2587386880080868
0.23592504154090518 0.23425199009036402 0.2010778625732347 0.1853255849619076 0.1673960358545848 0.14626771566985053 0.12114840259500112 0.14658482327451888 0.13487803224615122 0.1290352022884852 0.11374824854921872 0.13613521838755474 0.17521874248525585 0.1812008051584409 0.23548540058872536 0.2644220159801391 0.24665830154598634 0.27453618076235203 0.23449646979726543 0.24220842111411897 0.20171772190438628 0.20737167453495267 0.20807242110737695 0.23289519453379137 0.23115668572852285 0.2510784269729562 0.2322949692028184 0.24370270536611077 0.2725643611824035 0.2897237592905381 0.2737679507089903 0.28929322029304294 0.26711487543037166 0.2751030059199276 0.309661354445636 0.31524032009070263 0.29681927851149253 0.295077031623869 0.3082432516241797 0.2743135054081998 0.2854910094374429 0.262260268403055 0.27109045641836915
0.20585972127924496 0.21545052987228897 0.20609949715629083 0.1567414443694718 0.1388454271810861 0.13777351968766682 0.10208049187929094 0.13306138110194843 0.15571916001638184 0.14265527068789244 0.13321540483681715 0.1485605842845418 0.1989079952015386 0.1908608145692167 0.22041284664909291 0.23289049318137395 0.27051732086218233 0.23796534221013696 0.24031411264201422 0.2297003711426554 0.22287283153862955 0.23029379045744647 0.21545127092954383 0.2367910488759046 0.2653642808142869 0.2564001092892999 0.249668671188279 0.23516698038238307 0.26862583188744715 0.2917467468083317 0.291771073741651 0.28490916634050495 0.28461898672214425 0.2663606903660485 0.28692637499983986 0.3084138463540266 0.2662664867010356 0.25727657972004747 0.28621697089191933 0.26776751247124625 0.3029689173980873 0.3181788520747925 0.28254961436665366
