Raster_benchmarking/DGGS/continuous/raster-452.asc
NCOLS 100
NROWS 100
XLLCORNER 1743157.0759027924
YLLCORNER 5469291.98391566
CELLSIZE 10
NODATA_VALUE -9999
[rows 19 to 37 of 100, columns 43 to 85 of 100]
0.7453072398655558 0.7414584237032361 0.7290516255597606 0.7132974661021014 0.702742724792341 0.6963047404616346 0.7077999768539753 0.6975985054939623 0.6992918664510513 0.6437100220119245 0.6231344833446408 0.5764273832466182 0.5748446782074192 0.5425134235334725 0.533143699128282 0.5078904753834648 0.5000070483287635 0.518185503557481 0.5593483307776907 0.5490816258797621 0.5594713969745498 0.5273682432515896 0.5363319377608161 0.5350761740593162 0.5225222019144737 0.4985220392104362 0.480095196840326 0.4284844348737098 0.44444020466433554 0.4331251578491518 0.39597267662357033 0.40835709357026323 0.3984621446894445 0.4146265381834522 0.46901843911490876 0.4579597675642084 0.45498184558189225 0.4677317092898063 0.4629301266518331 0.48582338311328566 0.523505707559111 0.4990712673626123 0.5103880876249747
0.7510439244422442 0.7392293866021282 0.7161509183603776 0.7123634303590373 0.6969807231346212 0.720626918241806 0.7277127869260743 0.6899802049269838 0.69766477385268 0.6642288601223254 0.6244214062251281 0.5826331743402163 0.5593064595090926 0.5433807446268836 0.5435059488184915 0.505712319384121 0.47898479847616426 0.4991474891596624 0.48550843757132206 0.4927620491062973 0.5074165469700677 0.4983120019851846 0.4909699631403249 0.4813956649024057 0.48886704819238824 0.48686238852725244 0.4347528477592164 0.4147590806891183 0.42176009008809273 0.4086194214988395 0.382714317847136 0.39589851135932913 0.40272182472984885 0.41895927340755973 0.45595941587347627 0.4763097583660549 0.4415611110572736 0.433869273784927 0.4291596559235786 0.45971555011837584 0.49017735210668945 0.477494221296813 0.5161226915477577
0.7323290650214457 0.7255596971022275 0.7096264489499791 0.7030055514714969 0.7329257096862525 0.7129688722683739 0.7256735195776132 0.7140323559784416 0.6924082884409543 0.6474931747040005 0.6242585548464685 0.6086300100334547 0.5744477054616369 0.5529213727573128 0.5264955957822077 0.5146821753426936 0.48372686067918963 0.45483674903759796 0.45787112807024183 0.4643585908466594 0.4502146260057251 0.4603513490101742 0.4361756774540305 0.4549606367083711 0.438569596959103 0.42839446004687953 0.4230670555424467 0.3965764902810629 0.3848706572832552 0.36863244313108956 0.37585772791325006 0.395117540565296 0.4137148140242734 0.44773917832409527 0.4579633247103591 0.467750012720677 0.45302780246584856 0.44539815713615755 0.42610969647217906 0.44769061124975723 0.46964976260012314 0.4853527500792177 0.4887670756860046
0.7099911921369106 0.7315499581248472 0.707602938434134 0.7399062974851534 0.7165914082535804 0.7266376943845124 0.6868387537726269 0.6823678672754327 0.6794295445547254 0.6569168689688558 0.6062579455588627 0.6142010262584845 0.5785817398656299 0.5440230761535658 0.5231925401846649 0.5072031412292904 0.4682169241295101 0.46104779625664194 0.4555753293698251 0.4533602532625093 0.4332152399253179 0.4159267823404499 0.4003880640765357 0.42424308659701965 0.4136404317929498 0.3951440103334042 0.37935311280694967 0.3745229212514907 0.3897173837593665 0.35194083501478995 0.372504156360415 0.3715977540741076 0.4067430300568608 0.4280513515537832 0.43709768839390095 0.4466384244590683 0.45668539431329136 0.43820058334776246 0.43544427552528403 0.4649503043710081 0.4692374798667449 0.5058487231839014 0.5282348919285741
0.7400421634099351 0.7370501190280853 0.7239499786537923 0.7452855185946297 0.7382990466481548 0.6945596730834701 0.6971005593281817 0.6839748190840274 0.6672137014117351 0.6473475945086227 0.6149259699639028 0.606287164894154 0.6041731669481275 0.5729258305948217 0.5510769822181952 0.5189919122135365 0.49800252840355547 0.4611975266752088 0.4333389412103456 0.44666871990897294 0.43479340227890123 0.40625757560070325 0.39788300664085086 0.40517453495211764 0.362112433158547 0.3415610226275344 0.34972648516275073 0.36088507708702106 0.37532765664804013 0.34884685301106666 0.3234435777178913 0.3791605821946359 0.3797871096378975 0.41124587366857696 0.41664278853733416 0.42897016511235553 0.4705917629646582 0.44980100268790707 0.44413108594174755 0.4653543651795873 0.47983913405974465 0.5260799698591748 0.5641313432430703
0.7099640969721375 0.7196457907039407 0.7113306448015824 0.7022506541692511 0.6810907254871739 0.6853426226020616 0.6690160133523312 0.6650986314862586 0.6765579692179626 0.6455478186359886 0.6178436337437032 0.5835619865948602 0.5799403612746136 0.5602811103410904 0.5059938911080144 0.5047344817153474 0.49692180470806485 0.4670844108808818 0.4129462908183649 0.40424186744727164 0.4255404947754704 0.4177206795845636 0.40687384670020144 0.37853738475689386 0.36634442927702826 0.33461928955598297 0.3541563972115701 0.34461102322280884 0.35562974855973745 0.3682738956128873 0.3496471861848667 0.35828305658891124 0.35782852383826147 0.4103873052483221 0.4225431846450752 0.4254745827950464 0.4351003578142347 0.4675790563787789 0.4856595042546951 0.49986567171504787 0.5296832714516362 0.5345734317623984 0.5488316646611336
0.733796120868285 0.7345384224206566 0.7174887491023871 0.6737871393679362 0.6575991047629379 0.6852885969791175 0.6630415614107064 0.6827250426796762 0.6734959141631227 0.6489100776607507 0.5961135400362673 0.5742994720829275 0.5645634315651785 0.5239182983476243 0.48843991266327963 0.482343186105465 0.4627869528650608 0.4478765741828044 0.43222776618279524 0.4255838715257657 0.38955938113657335 0.3811038892267409 0.3738209968562563 0.36820854021774585 0.3686740488033293 0.35454219994072156 0.3235448441498627 0.347267373237646 0.3352057798192484 0.3713245837588784 0.3735751891312718 0.37677699341070586 0.3533439786395619 0.38152647635840614 0.4134908745985029 0.44086117491944876 0.4353420248507266 0.48165529714622707 0.4958330268275429 0.4889274121995418 0.5269271658014623 0.5500877102233819 0.5800473010457835
0.6830512365330715 0.6850647151042287 0.6782217176060913 0.6632004020001406 0.645241576421156 0.6695733915349863 0.6925557139027295 0.6761326859665987 0.6822915781637283 0.660536538151609 0.6010540956162879 0.5696616828132232 0.5583087515291569 0.5283179241305348 0.4661625022479159 0.4754169757904333 0.4703671834162913 0.4469390131929875 0.4536034384407435 0.41712944680334363 0.3859457103050931 0.3810979755936374 0.36971664710373253 0.3718832242949938 0.37053247845951265 0.3571901221428138 0.3567139495166611 0.33787771668590505 0.3523850463191732 0.34492443446751425 0.3578339080136813 0.3427737029186828 0.3696500748783785 0.35933351256879237 0.3721087670209975 0.41305945255542253 0.4394052978214075 0.4822255680783917 0.5055418401934058 0.5010560752408644 0.5409783790789441 0.5421773792438572 0.5655845053429551
0.6442048888483047 0.6613227768762514 0.6484207619620721 0.6386614496749314 0.6678022154295122 0.6626872802424593 0.6789310461005471 0.6815156256414681 0.6742238589816529 0.6461551712309945 0.6142629154991387 0.5705351421131426 0.5773567001380586 0.5073937632963637 0.44650610298228255 0.4510865368045024 0.4308533009610831 0.42547170444222077 0.44106274531260187 0.4448605831884793 0.4379112277607989 0.4145717243791046 0.35842662873112346 0.3938746039455672 0.4079297276621095 0.3729310869286626 0.3752457347142184 0.38325328771689926 0.38784758658538737 0.3604974723018114 0.34030022434856033 0.352200410514982 0.36242622171071665 0.35443971110114597 0.3820726663348556 0.4245976280210137 0.46276803607714956 0.49268886799459694 0.5141167018732329 0.5167870776638346 0.5262124906665356 0.5345686593974619 0.5277586391225824
0.6073620132244932 0.6106161887465105 0.6272249612990131 0.6227620032047665 0.6274932121797937 0.6282953760284096 0.6195660106790212 0.6195841600040334 0.6478955925121408 0.6302956336902686 0.6145297162693577 0.5685727939429239 0.5703260974683424 0.5272345449332604 0.4635674275165998 0.45969418933701495 0.4512685265415024 0.45147305455155706 0.4647759495722759 0.45892466527665454 0.4540638204453067 0.4128841080758743 0.3855996901305386 0.3956524024635972 0.42307899996592047 0.41456335658514326 0.40005595238487596 0.40083609623626015 0.3953523483081487 0.3756472097964109 0.3406068895694523 0.3527739562446006 0.35492031327149465 0.3598512655764919 0.3942853978771569 0.43256684418245017 0.4377369170171194 0.4624433281619498 0.5015836719448723 0.49920136555834316 0.5325236233551571 0.5447432244665679 0.535950967611129
0.5931657493833595 0.587008734039726 0.5898015474219656 0.6171351083831846 0.6361597593874213 0.6036620677897465 0.5892924104534922 0.6223268337140807 0.594995218082995 0.6118551664544963 0.5922062541190889 0.5531923836749838 0.5553147309201574 0.5166685895949643 0.46177310590185194 0.4780825387871203 0.4388260722622262 0.47872489202366975 0.47343425357509306 0.4652552973214627 0.4379915979419561 0.3870111820372319 0.36451655997169996 0.37432245904356115 0.40212864660389186 0.3947449660378907 0.39914302913930233 0.40399030623601245 0.37117263463411887 0.3779334613724183 0.36250519164076894 0.3852451300297777 0.3829863357419921 0.3949722041747107 0.3968933768473577 0.43739227794318003 0.4587601677772158 0.4937909276624558 0.4845922918994144 0.49091888180366233 0.522568111989473 0.5481938081360999 0.5552380360912559
0.5923085202658926 0.5945257669174986 0.5829955471832133 0.6134827185425412 0.6088939655453653 0.5948607588046778 0.5912998858081314 0.6036297892533694 0.6013663510721123 0.5772356679237471 0.5436905482716566 0.5348568019348791 0.5060702975528835 0.49766245712433244 0.5129092412326058 0.47010749405708313 0.4777945457756235 0.4723181846649829 0.46701453576205243 0.4612174704399051 0.43744566955697384 0.39585384008639407 0.39705467854846976 0.37406163496305445 0.4064782522829596 0.40831231299649867 0.39721006829332156 0.40131437623703675 0.3602282440599836 0.3785493951009668 0.3887470890545022 0.39852094417062783 0.3691608602052004 0.37265683085442863 0.40439347144683213 0.4164620269171027 0.43858264643037087 0.4854771749536708 0.5244739456487677 0.5301253365288668 0.5197790517441556 0.5170746509691219 0.5480444204594546
0.5738861217376799 0.5773072341592917 0.567273290805413 0.5849131457619287 0.5852208191122307 0.5799018262012684 0.579108713435078 0.603367623628568 0.5820420059723244 0.5768967904411808 0.549966627068888 0.5043112116642243 0.5113586187225772 0.5120865681379346 0.5388616856588049 0.49109740197021645 0.4454955492054433 0.47029680285282244 0.4642059886883621 0.4576670739587652 0.45378911918454445 0.420103665816263 0.40192232036201714 0.3829422020043336 0.36031123183751046 0.3960439067431329 0.3881672897706011 0.38726389499149627 0.3744797606791682 0.3846728462566122 0.41762213450914254 0.4071243842358784 0.38788939784337545 0.384596780819354 0.3951328317939337 0.4288443009349976 0.4556297849595849 0.49005258304653093 0.5534270922545387 0.5317294283386964 0.5133607931330513 0.5340652764935948 0.5603539041269856
0.5716741539606921 0.5828383069456929 0.5750719119589028 0.5803852139288417 0.5713261619460998 0.555964624312714 0.5463942022055914 0.5645090878309277 0.5424164581887384 0.5400233609834698 0.5170215422809349 0.49770056425267917 0.5040474762993957 0.5027759649457075 0.5043458345909756 0.47464846701899965 0.48029390736458655 0.4532665387085679 0.4808134385948796 0.467680300276813 0.44952980880229326 0.4024859432945593 0.4216572362554611 0.40812130350382986 0.38746467547103264 0.37886175800792377 0.38858147767201606 0.424172720616473 0.4199420027432422 0.4175090346198609 0.4028950511651109 0.3969870026918482 0.4002905243201535 0.4336575484060075 0.41067404352180154 0.4359995702368849 0.4691348955029371 0.504230479872468 0.533750223830891 0.5421431953066692 0.5297781309763888 0.5215893769677362 0.5533693442321663
0.6014037730177356 0.5854304703700751 0.5816116379033464 0.5548511572787511 0.5202134757440131 0.5449500259860482 0.5195101114335559 0.5230645881913795 0.5058558286872584 0.48383148129403547 0.4837596167044043 0.5218041971981762 0.5269085413067388 0.5010811599530888 0.5041107743921144 0.4963288841487939 0.4659970788594269 0.4522342242459761 0.46088708726225247 0.47296970537991617 0.4239089622532719 0.41583548929977904 0.41404274758432924 0.4087658692278893 0.3833185187891289 0.39534405125444605 0.4392951393346263 0.4442600998825278 0.43998325693212226 0.4158172625254536 0.429310786520974 0.43813557403037795 0.4274448077814864 0.44217648572244994 0.4476064040697348 0.4267365797695542 0.43919509329022455 0.5047152162902214 0.5415522349466495 0.5280219247967367 0.5422181980602988 0.5423306800238183 0.5122454574171619
0.5935131650341797 0.5710349146811431 0.5815648029245575 0.5678895398656126 0.5365561295979813 0.5193304041858223 0.5078878347823877 0.4818550813154287 0.469336285524949 0.4606546993037372 0.4945504962523034 0.5110615160446231 0.48632057040332227 0.49487836096382165 0.48861747107048525 0.46489620556776484 0.48112251077095197 0.4587565861985306 0.4854166062844782 0.4668488116873668 0.43064302390830095 0.4090347313158814 0.40384704276465994 0.390709426562351 0.37602063608170133 0.3987883394807364 0.42895272080713864 0.4322880327477748 0.42775331246297044 0.44690688555997327 0.4331532208234053 0.42091832611993935 0.40898848054568127 0.3996025969368273 0.42209180383294215 0.42448715556026395 0.47917937226253726 0.49416498762714806 0.5351599993517624 0.5200589563386849 0.5114560194723518 0.508536887810412 0.5024331617848473
0.5578338916930023 0.5811559508966871 0.57208491624797 0.5508221239707262 0.5241560243020469 0.4873274246525367 0.4700022875725393 0.44474969498555444 0.45183884768740723 0.4750376626103162 0.4774767272015314 0.48231573077006823 0.47249788026912604 0.4613951871807666 0.4746525856055382 0.4660468031882855 0.48540963369052337 0.45192483478488027 0.472059390022866 0.4545133787296175 0.4471877933318574 0.41890075458559595 0.3874769769044952 0.3858526225225512 0.3669095102414447 0.3766889048042774 0.42914815463047395 0.4321017834545272 0.4513272239141357 0.4504405991909082 0.4250522363489646 0.39142940548390176 0.37892774122286926 0.3792832471327172 0.395506197060886 0.4267271795315158 0.4742890356505097 0.5031047569054018 0.5079749571016164 0.4815071618621381 0.4801654946071367 0.4933459316323314 0.5167206302347476
0.5615217070261302 0.558434579028509 0.5369091458604242 0.5260208530779247 0.49534323569726724 0.47571595052882504 0.4657668855697164 0.4571990617335145 0.4711932500969112 0.46235871125604067 0.48713102405236924 0.47096327864766874 0.465504851165185 0.47700963001965335 0.4694600883742574 0.47728254923081803 0.46280939887561384 0.42730336650510337 0.4414895096864988 0.4482530979878864 0.4306134473579209 0.4158590120944264 0.40753699047509573 0.39037152019840127 0.3726169791550353 0.3888266463044501 0.4052480259326996 0.39931238971538185 0.4209782478343956 0.4066644278522198 0.3843066470489695 0.39203851750039315 0.39075571222272903 0.4021343611254997 0.4456441217815203 0.4458450364776996 0.450674811049818 0.4563887783465382 0.4698412433437655 0.5009577332075139 0.49634461532484947 0.5001213565374558 0.48833350857588814
0.5156724662687525 0.5313016450257063 0.5087280653160704 0.5088680687443377 0.456393029069829 0.4668857583623352 0.47817529464219755 0.45417986577602193 0.46121487229477615 0.4503958177426386 0.48405030907917734 0.4906195018009357 0.4788913588181583 0.4895625453128062 0.4825954430552946 0.4410464560003709 0.4264998618051672 0.410734489950789 0.403772573208202 0.42510139648514733 0.44038973664347514 0.43966197185965644 0.43902782702147075 0.41239684206806393 0.3933048453539774 0.3911144622489577 0.3902719626240534 0.392474519507002 0.4033727927845779 0.3846635960192383 0.3701405750058678 0.38264940789922186 0.3792287621978691 0.3978050472740315 0.4588934894025568 0.4464633716988189 0.4539065365664238 0.47565700756560686 0.4495147202938086 0.4660449099348346 0.491701334680898 0.49157533931219183 0.47314875590618577
