Raster_benchmarking/DGGS/continuous/raster-466.asc
NCOLS 100
NROWS 100
XLLCORNER 1743153.1421485792
YLLCORNER 5469285.3981344225
CELLSIZE 10
NODATA_VALUE -9999
[rows 38 to 56 of 100, columns 0 to 42 of 100]
0.29861767133771444 0.2862243003872985 0.31020614677071195 0.32391276791807555 0.34672654109561885 0.32762876063557356 0.3288185614361191 0.3528163625171033 0.34792038614299853 0.32652241276539795 0.3326865153930536 0.3816187577161991 0.36326960938838876 0.3561767411046995 0.38901034122602285 0.3893931136802334 0.3660972825057152 0.335130245166934 0.3003381541686086 0.322118997330917 0.3063521236181977 0.2691145588827319 0.28159503444252054 0.2718215576116395 0.2963212444008166 0.28474767777628707 0.29544119121748935 0.2949090454235498 0.30102696539570484 0.2898381776417395 0.3028403034680532 0.30830998084937605 0.25461049754736687 0.22613513196133933 0.22280679779920362 0.20451564416636445 0.21192632503270517 0.23060478023528594 0.23833698673427878 0.2437853957567677 0.26246554642435066 0.27856115175886315 0.3017992231910067
0.28182055481214563 0.3127164235115931 0.3197103373888227 0.2897547156107054 0.28551911970066723 0.33002509432408866 0.32485088398048956 0.33317788897783746 0.3343424425601887 0.3123079133053416 0.29491451172198 0.3497257355410261 0.36365607800467487 0.33859136835874193 0.3219468561350568 0.3568227247137376 0.37958284253633984 0.3099000989753318 0.28468641579707116 0.27504739006790097 0.2630605686649325 0.2550756361555711 0.2588807937730057 0.24787554287844135 0.2822108332204891 0.292984638866913 0.29407833851129195 0.2913727464911682 0.29266176061610827 0.26579296371915745 0.2893308182987211 0.26492269768049403 0.2502415493962224 0.20177783269335645 0.20233051538829788 0.1951973965733268 0.2125859327481049 0.25448691204474194 0.24890341833588545 0.22909761923576497 0.2534742659652228 0.25019981571789335 0.2523420011387861
0.2564443746139183 0.29631234940142126 0.2765706439932498 0.30310283786260145 0.2819002212282522 0.28285428143340985 0.2707192042444842 0.2589185342824017 0.2764727587032157 0.28784013776804124 0.28906331146233644 0.2752451541014441 0.33118210036267476 0.3070441746138675 0.3180135983239657 0.3338645104340276 0.333019794440347 0.33049022152412433 0.3145977010129935 0.2530296878990282 0.27249116554442815 0.2510839328709713 0.2567800914035025 0.2631565195000227 0.2732222439717313 0.2766606564048616 0.29117427812299274 0.28637537236921873 0.27771693315649615 0.2912172208908164 0.30416523355540875 0.29074553701503864 0.22016304744491064 0.21359085426705293 0.1798911137774867 0.2046717416418442 0.2263371233606201 0.22215718159494663 0.20939702851830208 0.21117518714670802 0.21908564679259288 0.21509045933452 0.23837050386403075
0.2538208399519486 0.25502543935922783 0.2911643510932718 0.2749444522524839 0.24186233390124326 0.2210226405526877 0.20624047162173995 0.19337529461716543 0.2074253168195671 0.2107539433179281 0.24301331859918124 0.2843398081799356 0.28527476183736544 0.281233241464917 0.2805649899857781 0.3013091411820358 0.30695118473190464 0.32361659090162476 0.31210194770799765 0.290475295270019 0.24988171885086807 0.26545440468219417 0.2517643599375342 0.29219418183156154 0.2844799510739298 0.29665636435365267 0.2889756268512782 0.26953810218870844 0.2702793335227761 0.2913889461137231 0.317799389237719 0.25591875039952355 0.20490944872752526 0.18990508319739258 0.16656111024583004 0.17262972441968033 0.17813563096916793 0.21151951997968482 0.17014034161604313 0.1905861137826372 0.19068959248074704 0.20393161956263964 0.1569471157723087
0.22849583981179264 0.26218368550187165 0.26746180284258236 0.25653158594127096 0.20954679315372504 0.20259303213200078 0.21174245911491496 0.2028882013725422 0.20320878017495064 0.20661813780141786 0.24047880164016586 0.24956339288423224 0.26693787942626485 0.27044225556603535 0.2682139329644426 0.3083630763748551 0.28720620600864005 0.32407390098846 0.3275514423736717 0.3145845295055732 0.30715758130558496 0.2969976456839436 0.3198820260018173 0.2976183409936253 0.2936229971471684 0.2937221953712445 0.32284494598208074 0.31779632952322395 0.3014839349879681 0.2860790843973132 0.2584846463532689 0.25953576871858014 0.20017735580852547 0.22003087857155335 0.19260766167039825 0.21940735296581376 0.1834433111000147 0.20551310769247766 0.22825932461285392 0.2166408819231534 0.23571897567307268 0.20415567834509624 0.20440733587374066
0.23535346367721666 0.23157152635307732 0.260799928668222 0.22843294347310086 0.17531211123840082 0.18471264231695927 0.16693782602473603 0.18113917860855308 0.2206279267413723 0.22868397929340903 0.2271966007735877 0.22775275012797697 0.2539789994583605 0.2660938177601035 0.2523133970862782 0.3201850881381844 0.30275586918869585 0.3116237813082942 0.3358048311840584 0.3400163259051735 0.3193479471610151 0.3482225045090695 0.34721463890424625 0.3249649554026655 0.30731211075173753 0.3008481995963973 0.30033021560951234 0.3028576032037906 0.3212788417636262 0.2587383057545582 0.24230002358989447 0.24510806470326493 0.21586284073021675 0.23923448058474622 0.21495534290780235 0.2120681230449049 0.225576886984857 0.21373997854557644 0.21528091566228333 0.22282753354691168 0.23519796876352406 0.2187691146922714 0.22055277165721482
0.23165061309633508 0.21737353310240318 0.2068923274931473 0.2053197232192272 0.21257843500440882 0.18132170686008078 0.19721797392138143 0.17949954378599212 0.18970559178274304 0.23103481892874966 0.22573014662434115 0.23365610368771195 0.2512946177456419 0.27937622117008587 0.275168901113967 0.3306766863324031 0.3350028276524816 0.3574743184908177 0.36654789256874226 0.3444527386326138 0.3635647862604776 0.36088326943934407 0.34026500901911 0.3326060888479668 0.3263234601072228 0.27754268076358524 0.278293668062613 0.3150193833039157 0.32544737119459544 0.2754478636771975 0.2313629857528642 0.20799396607099574 0.2191963130258273 0.25290796961504264 0.256800546821962 0.2702434744692869 0.27628219019806194 0.2463816725087054 0.2351197559025936 0.24687436989460756 0.2512055564146836 0.21766167204105644 0.26266514747668085
0.2116157213113071 0.20720990238055273 0.1727980697863494 0.2218871393358688 0.22056199593573042 0.19182966636879767 0.1983720210464738 0.17890028180911607 0.19664940516522342 0.25592612834889894 0.2541624640211251 0.27246635984756157 0.29899523487289226 0.32119261406971067 0.30950876356464807 0.31293912070855623 0.3603704134286307 0.38116829854600576 0.3896767949597203 0.3407444611030729 0.334803864780545 0.33110110899801243 0.34936494898225523 0.3204689139870394 0.2861199058684838 0.31365276768848904 0.31085599959922455 0.2845296656628671 0.2999128072760231 0.26913036869207446 0.21883847448556903 0.23888830180403087 0.23163841276267463 0.24617735068178537 0.2846973662697067 0.30356729218020123 0.2789125579043654 0.2392201652830398 0.23805074897072304 0.2584635580224118 0.250123982755713 0.22756234893499597 0.2543746257756414
0.20796348557865996 0.18861685713256077 0.2222507025400855 0.22436338725639007 0.22605281107599678 0.23046999379499994 0.2455215014109648 0.23202910906894364 0.22293208046339305 0.272402818783913 0.25102467909903753 0.28310348701198723 0.2974497871876548 0.30169945723709335 0.33010558542349894 0.34747283787777516 0.3852480963613601 0.3915109512844591 0.37544558719792975 0.39131157157530766 0.36572894332274375 0.3514958659634904 0.3416607455130156 0.32594717759285907 0.3171459092559956 0.279458943985437 0.3058500899932845 0.3088692749695768 0.28833668763322107 0.2698211368785951 0.27222716696266547 0.250329494373483 0.2387106021251577 0.25252883020017075 0.2989833054230053 0.3216949775032459 0.28551959988008935 0.28079774411864455 0.2891106647536439 0.3001329406622115 0.2794834285177251 0.27610070273115644 0.3130611081057468
0.23852787100990938 0.23723266695241152 0.23692687086322722 0.22259050293628216 0.22512595925379292 0.21182613545849163 0.23183110888582628 0.26477614897458346 0.25547053214594184 0.2951676585177441 0.297465294344692 0.2949248264445772 0.25367718712216014 0.32753729246283425 0.35679352310114854 0.38911389112896055 0.40699296139653407 0.3876099192861505 0.4100593320513671 0.41823330788175705 0.3817778689048893 0.32160639016707826 0.2994564701919819 0.32571270876383224 0.3013952857241909 0.26961526429612886 0.31585280700604534 0.2956736324966959 0.2842153714303721 0.2507578481101605 0.24696100813941652 0.2666003351884389 0.28261045733211276 0.26792040522856025 0.29877224493340876 0.3405740283369343 0.32329958170309314 0.32497623885216465 0.3185434637994928 0.31358099968087966 0.34131175429104643 0.3115703354684611 0.34295549218582333
0.24107298738575708 0.2738315971747933 0.2750544549670972 0.2747335092367688 0.2553038720324066 0.24966427022074295 0.2911322773675705 0.2932234543315201 0.2649913837229761 0.2849177189511481 0.2617662936102378 0.2683112945630851 0.2472517653386624 0.29857429539047303 0.3172219889304948 0.33989191517920053 0.3462994791221479 0.3966963866961502 0.4048425431779643 0.39965619820283704 0.3548314285855702 0.3286990249724668 0.301351941474822 0.30209122491565027 0.30980981782126826 0.2775971351917911 0.28407336776880143 0.2906963160219828 0.2770999238827825 0.28241592093232953 0.28681970804327644 0.2626608764966206 0.28238732361165714 0.29636909333901895 0.35323651356831537 0.3506894369132726 0.3332456778219682 0.3105125327540125 0.29239792988241553 0.3313279202054367 0.3689635050964023 0.3553962170964686 0.3803218429375969
0.2814970579395773 0.2944599029715691 0.283369575835856 0.3071803315647892 0.29339574448114975 0.29184854909490693 0.31819342083673463 0.32598632045166653 0.32057452425585686 0.3007560468078875 0.25947321571362914 0.23889700765502517 0.2652838544772951 0.3039858376966867 0.35706972936239045 0.31473425560688684 0.33013840581569176 0.3421290761032707 0.3992483763580171 0.3409265627695971 0.314607887967805 0.33134801734905944 0.26925613430007506 0.293923217642286 0.25760330627946726 0.27530929734527465 0.24943966773268916 0.2743240535279604 0.2528051654406587 0.26055330668171434 0.25519072310563146 0.29721701133069917 0.28943790972005307 0.3145965831009863 0.3964225837795381 0.33722349840471927 0.3532991714909356 0.34933428289204216 0.29522014474366043 0.3268477765626345 0.37232539886783556 0.37236994805510376 0.44300110522527103
0.24259737323257669 0.2832049150749894 0.27441641350305745 0.2970441700067418 0.2860235180503603 0.29575801946879976 0.33902996926169343 0.32538538593614397 0.2778446501862061 0.2538899198388322 0.25902812223757493 0.2495625363692725 0.25714032222710875 0.3179030951894402 0.32099793773619 0.32097647328674345 0.3139108577663318 0.31174544306993757 0.309388155972452 0.30768044368173886 0.30267492827105397 0.32202252405760534 0.31566036323455754 0.28230261612810875 0.25247606069134526 0.24865750497794772 0.2607643696439149 0.24782187356705607 0.26369527398404363 0.2957797651682673 0.27565363874934945 0.2837738328780809 0.3283069001572776 0.33199791943904633 0.3401606757714559 0.3484056969585906 0.3554230253921814 0.35764762841958336 0.361700473324305 0.36876826318941525 0.3722747383748848 0.39500865381738914 0.40569936959879416
0.24197358439867825 0.28922746684097206 0.29600993463163944 0.28266090154203277 0.33861772951972524 0.3254363397836655 0.3357461704989999 0.2859385097693271 0.2751469807433001 0.2466621516001527 0.25286934132154 0.24125826517701981 0.28151035131800844 0.3100230048629064 0.3472259963347601 0.31120928559406474 0.3265591904044831 0.30831001816426334 0.29599470083577345 0.320007402045612 0.283987975424035 0.33391577918852783 0.3319712242066302 0.31101493597805596 0.2590637439134604 0.2698350736431729 0.2457217196969062 0.2661710102804298 0.321572196208853 0.3194236925777882 0.3311504417898383 0.3282004415574445 0.31695038379258816 0.3528474454780371 0.3544001123468044 0.35373276038642865 0.35541805885182365 0.3588654213238604 0.35841683812184294 0.3586963304232143 0.3612759279566222 0.3883635957262789 0.39619004900847765
0.21905092349458435 0.2375166277474065 0.2778108710119687 0.27586880876488273 0.2941531132486825 0.3148988593446803 0.3239831298228894 0.27978732070251144 0.30109472754455346 0.2811363427181533 0.2527890888215972 0.2526496436510644 0.2914183201560318 0.2806185352108841 0.32598802563262785 0.31689687575808073 0.31214634483074905 0.272807007362401 0.2991163644205167 0.2993061281746232 0.3060604772115983 0.31341951358816617 0.30355745035558196 0.2833378772820197 0.26350731613972217 0.2436901844662762 0.2806898425769843 0.30092442594030666 0.3142150124965232 0.30212389381711074 0.3295451906899877 0.3527269700824563 0.3666918645635638 0.3462446680944751 0.3381316535968796 0.35422824970383077 0.35917284625373846 0.3909240324381708 0.38380607430143443 0.4022055307047153 0.3754137814685033 0.3846603256850293 0.4328474682346955
0.22164210847487495 0.2443589774881607 0.26943081702939975 0.2972431410077436 0.26941283358585594 0.3056569165674078 0.3130728297793556 0.31183625121403535 0.29515636882691415 0.2736999766687822 0.267071942352893 0.28059779799450774 0.25006196340941184 0.2712152168930818 0.2985163767413187 0.3016817969931331 0.26999054343668016 0.2892825418560792 0.27670800834816817 0.2769485527561645 0.30989236138531784 0.3268577930323753 0.35357664574727654 0.2998093428266991 0.26504056289324895 0.2451409692544322 0.2816092885920601 0.2934980990473707 0.2906647674361564 0.29754451103329727 0.33506525236167495 0.3584274028200228 0.3498429579201748 0.38431932146903314 0.3797330749626005 0.360891436730546 0.3679750981337597 0.39583102036291395 0.3844124345038252 0.3919161323769583 0.4332045775678301 0.4109420927631961 0.4336356268719441
0.2186723815387968 0.2523541587385785 0.26529158535701053 0.27267612836557903 0.29303649473698057 0.28680560927243776 0.32037727063155375 0.3409429346490852 0.3140342288614317 0.318640234361135 0.316236348609641 0.315273927188482 0.28597740325111987 0.29068406850844564 0.2981392807794899 0.27717050839266244 0.29633242417920436 0.3047824879146116 0.3234586480640546 0.3107522386099537 0.32438242375145654 0.32501611107661654 0.3328969083325279 0.3293829254206518 0.2702745696444277 0.27864124177887695 0.3133282580916277 0.3156451346305116 0.2986632835819187 0.3199242243285086 0.3769856538398522 0.3964708450226182 0.4069527095522201 0.3668967536338022 0.38519787686886026 0.38002147135154396 0.4298254968358938 0.42425835372430665 0.40850396764724095 0.4131055876403836 0.43763274639165356 0.46654673697095905 0.44754603122660963
0.26084843857300577 0.2853691343399723 0.30067716164816993 0.31026587361346725 0.2903260793704067 0.30463177308459255 0.3426956743801281 0.3632434191256118 0.33334408128777915 0.32798415745347564 0.3644342561442214 0.32182511421739146 0.3006863005047228 0.3129450317734943 0.2844426994235661 0.3042886346930897 0.2688712644146371 0.3160149888577288 0.3305826142119527 0.32659330959451677 0.29196048744049286 0.33789069073123484 0.35670180928931106 0.34404345796448843 0.30936748903866074 0.3180953185384204 0.3326066408586269 0.32334317079821656 0.3012268006144331 0.35003495536297086 0.3926855835915939 0.3871742581093694 0.4276198945479037 0.4269071375752163 0.4122690509846693 0.4076305431455718 0.4647775822894927 0.44231436669380975 0.45525129254760016 0.45329549898754784 0.4834496910959844 0.48642172058644423 0.43497167766376305
0.2447625286920286 0.2880819987762086 0.2781076649192935 0.28835666548120326 0.3197952432824003 0.3336577218183931 0.3574386752239894 0.3581326664471427 0.3501456478672471 0.3813437264439002 0.39533984919446385 0.33436642403762185 0.3271751432940314 0.2881123497595108 0.31212982696412817 0.2995198841581613 0.275040648246391 0.32538547665473055 0.3360824457927237 0.31973491732158654 0.33117205704489955 0.3290370037054275 0.3422659175380642 0.34747016534413133 0.35573895114973597 0.35737030132956904 0.36063132315165797 0.3097611914754943 0.33827524923265156 0.3279785768008997 0.3802342925360974 0.4241053196555452 0.41905456115281164 0.4561097798504243 0.45104934944078745 0.44221204815235726 0.4581642276911553 0.4781112864134861 0.4659033541266853 0.496003726299644 0.48071546345350413 0.4970420876237137 0.4958544974176885
