Raster_benchmarking/DGGS/continuous/raster-141.asc
NCOLS 100
NROWS 100
XLLCORNER 1743162.0552945198
YLLCORNER 5469285.401184181
CELLSIZE 10
NODATA_VALUE -9999
[rows 19 to 37 of 100, columns 43 to 85 of 100]
0.3638259658879779 0.36673176012506054 0.36959900225666803 0.33075495632667873 0.33671664675433377 0.34191410344877704 0.4069054775395887 0.42350093492040075 0.4601963222793416 0.4425574211354822 0.4562427370369919 0.5005018029746414 0.5491275140311783 0.5544891874025583 0.5139852385609751 0.5155785789042171 0.5003437840957439 0.5013783318257092 0.4685752948063319 0.49574058272281457 0.4982904103607651 0.4545566103008882 0.44245176990901397 0.440962591645739 0.38473356154430455 0.3203971637981229 0.3318073866426088 0.29127570471974473 0.2665450433768433 0.27437383035026336 0.25129239789380053 0.2637786383293287 0.3112963303088048 0.3069678025041011 0.2519435590714431 0.22781363835118765 0.17639889248955348 0.17284475098133703 0.1613316674643893 0.16927699159539064 0.1255299264207828 0.13433198548616943 0.10199368252561204
0.3636703128288076 0.33949270408426147 0.31316708448094394 0.3011735346143286 0.3236649161317185 0.38524053246501694 0.40798839381734153 0.4045730933828375 0.42471246000606794 0.4202092856029827 0.447390988583693 0.47012358223357825 0.48997311880866173 0.4921367176117835 0.5011389985845118 0.5232451763698412 0.5020198267404853 0.5279642043281907 0.4714043078513314 0.4733117072430809 0.4390314160262445 0.4050406862759558 0.4238026461629483 0.39320791106137637 0.3467167599567081 0.32040529489729563 0.28747036416566035 0.2645192324656351 0.22954533146036155 0.24897711612296244 0.24401524614187522 0.25307536165575334 0.27425051727270494 0.268317880236412 0.2454506204997089 0.2230211101793397 0.18843374120248965 0.16044083037919135 0.16041399995032085 0.16395576792681096 0.14123983880491928 0.16478626716242956 0.12943312433953036
0.3918481928768654 0.34756669880445945 0.33035794982414735 0.30997617905552666 0.353955116079301 0.3564749209559337 0.37227571814411453 0.41889532763817594 0.41432912000212474 0.4051506212077147 0.4506424846949496 0.46803371893743867 0.4756136929613489 0.49786736965929995 0.4717936236006315 0.4930345620864643 0.5172014432352914 0.5237194208275034 0.5010061465293776 0.4468823058066595 0.41876672123310155 0.39215522749114506 0.4003958667639999 0.37512333187921376 0.35324451702690884 0.31519217470619976 0.2454106748421573 0.23598954633954727 0.25003226310377485 0.2192942107317762 0.23798921802261466 0.23937962808695748 0.2546357862083647 0.26983679415833806 0.23901357784282679 0.20923131548128923 0.20338097877066716 0.20321513262827226 0.1591870516446929 0.19145097096879796 0.15960879633322483 0.1816328378182709 0.16337527073973301
0.39989318964797266 0.3772664403187731 0.3459508359207476 0.3063397816459126 0.350628913140925 0.3166505532754857 0.3448788575576688 0.35960899445201905 0.3685480792802914 0.3813218671304964 0.4209607636418087 0.447066017436502 0.4389707567768259 0.43708506731130137 0.45195771536500484 0.48058126369560195 0.4916216494211584 0.5056325222881186 0.4509363397092297 0.41315672379175294 0.3911304374164415 0.3689603219004398 0.3904248845677791 0.3868777040578876 0.3452130610921434 0.2843107718194391 0.23065694541608095 0.2073638976242248 0.2252879748907232 0.23468872891596118 0.2386398505700714 0.2413104071287517 0.27130711766235943 0.26431520459569885 0.25244045689742856 0.25682050551495117 0.23848023662164827 0.20527925108275957 0.19136104299652534 0.1974753617540016 0.1753545839124721 0.14790107177604767 0.1456238001156775
0.42140069272313313 0.3823198159708418 0.33075216199473456 0.30813106563564296 0.31119188704368694 0.3126684403062046 0.30709625547582864 0.3065389036593538 0.357405372182168 0.3341009874376317 0.36641788299222217 0.38369595199968737 0.38266197256700774 0.4313388835685657 0.4761272388262713 0.49397759451310086 0.4643871761880458 0.4581965623110937 0.46938953973115355 0.46252984295791477 0.4259865488669337 0.3510158605761295 0.36351039630378124 0.3341651516322134 0.32546364160009206 0.24871492551740268 0.24068913611236725 0.19001898847217716 0.20961751617788457 0.2231137479242875 0.264532662278628 0.2807443352472049 0.28191411436293545 0.23619281854494759 0.2535787607418169 0.21719568021945432 0.24899797059221127 0.22151920212200812 0.20186405409346167 0.22225209184069925 0.20475817637795235 0.1649418363846258 0.18572661624921422
0.37426261744643147 0.38207993666790224 0.35229358619378115 0.363754703815065 0.33575656848638885 0.324813634582889 0.32111643570737775 0.34381017050166923 0.34711805176753935 0.35445859399775165 0.34706135130905197 0.33493665666253253 0.39007675456848656 0.3761737520263819 0.42612844168921743 0.44104364167176824 0.44817936135160313 0.4351357593559208 0.44498925463084255 0.4080438582667793 0.3932447460614464 0.32320901512227146 0.30464125584254415 0.32278682696331323 0.29381118043548005 0.2791054703392583 0.23969328381278646 0.24445807996657726 0.2432645356035828 0.2406286876711973 0.23690708136496105 0.2875496663457425 0.27368077659735024 0.26839558439561706 0.2414588706702368 0.22433423252444795 0.2213149206685823 0.23132861984492792 0.24199975389386674 0.22072222573992129 0.1974390282274323 0.2035248102098951 0.18835151929596525
0.31868094609150854 0.3275006197438045 0.36985981126770645 0.37457082558688315 0.3781148338173482 0.3723667462870755 0.36920134908750063 0.3531236327901746 0.34218564877874086 0.29722945393468025 0.3250400138739538 0.31582968198571065 0.35745160920958013 0.3496290841579677 0.40315228114025187 0.41835106808346817 0.39936821847076903 0.3798408801927712 0.36294469418658937 0.3674938115317488 0.3506960675103727 0.3071735194587356 0.2608010132152189 0.2629986954395548 0.28788983063614504 0.2971341222351509 0.26065874989336174 0.2632263964556764 0.23085753454722163 0.18863850268482088 0.25155137536676675 0.26469814509031403 0.29021956035360125 0.2845602341487043 0.2788965219245487 0.2348480964171303 0.24515663948313046 0.23097277262323446 0.2237790716719713 0.22487123904313738 0.24071405978847712 0.22964768876946115 0.2382505945318699
0.32682536668782675 0.32983830992474394 0.33382094375186405 0.36107437433432804 0.3619378902667375 0.3455130874414653 0.34374936871839407 0.3025530167366227 0.3107606648177097 0.33606715736610604 0.33087977636106747 0.2981753853870441 0.30126326500892925 0.32517920134735334 0.3336941141036968 0.35052367239542015 0.36624786672092097 0.33399990062272117 0.3432124278992757 0.35205492636464497 0.33283941417927876 0.30403941686157265 0.2779923345252158 0.2976210583248698 0.26053333653323113 0.25077883873765544 0.29066385214270174 0.29029152369228095 0.24983380590065574 0.24381135927070605 0.21379847543108516 0.24085528282384336 0.2437815654433387 0.24492145151865416 0.25841326874051307 0.26904118387080783 0.2804317432642558 0.28062303494407076 0.2926702046163711 0.26661329471101824 0.23262483168053164 0.2544253018226997 0.2268313101652631
0.3159750214632526 0.3394450262328628 0.3239706151717202 0.39176853668905903 0.344652944336377 0.30569532480592543 0.31152534926963205 0.3143333683281778 0.30204806276226065 0.3428239191391328 0.3314719150044592 0.3132919953262821 0.3353287375769051 0.30396656186659465 0.3165873342134984 0.37419530826851805 0.3086301547123324 0.2713778868113921 0.31084578759327336 0.2752002791676079 0.30927967672869516 0.27868473919815245 0.2759167406330869 0.2888409017915899 0.2792377542558026 0.2356015651724248 0.2500630373674385 0.2804075811056192 0.2777959886916513 0.27205476569770254 0.20696605406100427 0.19125701841696582 0.2573111221314777 0.29210439150728607 0.30444975862716184 0.3341979492515374 0.3457003755510945 0.3162371417053522 0.31606877461489935 0.30571573402740765 0.29704432824441507 0.28386457278105276 0.2326434866352328
0.309516976063133 0.34876258537367166 0.3463326758518009 0.3276010256955547 0.33274813937899234 0.28057534171822907 0.31121854062283305 0.33068099233834386 0.2971699435244511 0.31702892008745787 0.27269955290545494 0.30121754291347175 0.3150295240080908 0.29548846398488476 0.3124952201727053 0.3346064475670498 0.2949957925870435 0.28429705982919756 0.27347922931846563 0.24348129472964927 0.2577467685377504 0.251315631907256 0.22672201859203145 0.2226884468207167 0.25164464948358867 0.2086092849829737 0.2130084591770447 0.25763989027446094 0.2420517992618218 0.246595382306309 0.2453180815502601 0.2389578712801781 0.23298905762048516 0.24578767687692785 0.31294396285631576 0.31846652980549456 0.34433243167351857 0.3494890564606847 0.31739907623865943 0.33932978535579367 0.30976944807814255 0.29928018979961113 0.25366931768999507
0.32631887057243597 0.29851328661640303 0.2953271028780852 0.3114490492733306 0.28808139311913045 0.2700956040120346 0.28097060562511617 0.29358945946466963 0.31406388970943605 0.28140625246730167 0.26310154656186896 0.2661050938554698 0.27660360573560056 0.32816962642986175 0.2749367241393639 0.2531337463646619 0.2713634419160145 0.22216255926844494 0.2489663466741908 0.24270593194137968 0.20258945159550032 0.18579755076501075 0.16528779483173384 0.1872285202345342 0.1767761674825626 0.21256216620596982 0.2438028088875848 0.21181852073413227 0.2520577415550393 0.24108264584822067 0.22371286170459131 0.20392138659378675 0.2532628088281949 0.23246812583965576 0.32675372998281466 0.3385063226730519 0.36427476492340094 0.35152455422758067 0.32013932135813683 0.3221654316102772 0.3120654438554187 0.29765862063736026 0.24339943066826325
0.32530066860593015 0.30246058751394267 0.2961545053756801 0.2918791689074858 0.27164102238107557 0.2765289562787265 0.26499474767874515 0.2600491994477615 0.29822561666585184 0.3160357198375892 0.2833070203454615 0.26653396250864175 0.2849796735922206 0.3143820868529313 0.2778610657116914 0.2622530885488861 0.22664535448415574 0.23002057169421636 0.19546315784539384 0.22957408380784694 0.20792616410848178 0.18936852996913137 0.1594868764752896 0.14339573794132385 0.1592726928652894 0.2016442619999748 0.22362015718003767 0.22755229105322347 0.21357330727335863 0.2473981839560199 0.2044182955454216 0.23145134786134816 0.26739348324812023 0.27591002632485756 0.3223092545540322 0.3463385962957444 0.3546012452558188 0.34174426265762947 0.36783762789571783 0.3422685311617999 0.3207217062016152 0.26569341213063963 0.28222401301202577
0.32305653105061644 0.2767496463911654 0.3115025405897651 0.27500020448040263 0.28584358755443884 0.308638123842627 0.2807606999502855 0.27829556024848506 0.28027989735944137 0.30347901675518874 0.25523035452850185 0.22942956912575083 0.2702126854542785 0.2773450406101226 0.24293600711695665 0.22376673822871998 0.211988242184187 0.19168036644952158 0.21090081917975936 0.17397901431604323 0.213191653242759 0.19190928886765934 0.16631060509189277 0.14349284600356038 0.16072067692971861 0.2055462375126567 0.17290533270699726 0.15828266272116912 0.17270764987972978 0.2247609426883875 0.20152290594591546 0.25079879488870843 0.3112813510364131 0.33404885599769785 0.3073633600453689 0.3206578526608258 0.34716368519499363 0.3613652638990998 0.34897751401217736 0.3705019171616254 0.3430541334795008 0.2733381264101524 0.3021698961574397
0.3156609534236737 0.3031561527599158 0.30011479180990525 0.3184882453586177 0.2856530744463153 0.27273737675871745 0.26078223855423216 0.2677861199618743 0.2754112332395289 0.29407911192691544 0.28056732895914377 0.29086990886646985 0.2529303235786408 0.250800045654008 0.23514184012629719 0.2105625500690258 0.21750984721323255 0.19368360769461643 0.17143415864836883 0.18354807193597603 0.17251830756902647 0.18213785442507818 0.15776048135056542 0.1777243206857078 0.1507092007686111 0.1380090871093151 0.1383563578802659 0.15965688134652625 0.1817871212765012 0.21714820855600267 0.2204321832190854 0.28858731343798183 0.30043272172239405 0.35261963835637616 0.35461103852012366 0.3557896656149683 0.35126492821268407 0.3869249896163477 0.37816095054209153 0.335856207209486 0.2966605036221777 0.278310484657406 0.2853838619638354
0.3162659514032005 0.31174486768016363 0.3432112239162447 0.3253426714892211 0.28123229589149845 0.2917793880918191 0.2942853544515077 0.26302935481683426 0.30256794019882566 0.27736425528386477 0.2897058479216431 0.3125366028754705 0.2658429624665169 0.23492920388854288 0.2043528246688383 0.23907382178542574 0.20794706571685406 0.167523650177145 0.13716301295071456 0.15829822672487184 0.1452900016182434 0.19563950867969096 0.17670530670792756 0.15141979122851415 0.12475926885241324 0.1355553256509924 0.1387003156689166 0.13903099690187773 0.2274243223891612 0.2511143621987433 0.2630302778752466 0.27038547477792113 0.29708006251780417 0.34825037761973865 0.3372550115720539 0.3447620676222636 0.3609413615596069 0.37603340943087143 0.34519750433661484 0.3504180215701931 0.32775785492037374 0.2826346469550374 0.2422815274609314
0.35119327505515074 0.3395269365620473 0.3325718205296866 0.3283292222161472 0.3258017298136425 0.31737602613947646 0.283057789849547 0.3187901725837391 0.31323383507398417 0.33648320060384557 0.31247009045291485 0.2910394667361591 0.29477225080536207 0.22046834653231753 0.19443070511647262 0.1917316197028909 0.15787813172131832 0.16452786372161998 0.1408295404443639 0.11212757710299406 0.1414936245559573 0.15523987802776149 0.1861453900607215 0.17012432295871976 0.17135915003535074 0.18619780914330897 0.19946117962835835 0.19897131111221025 0.24376704445736383 0.2370437152776721 0.2814162356775194 0.281778039265499 0.2898679468164193 0.3244039824325438 0.3553854550734362 0.3790806916164365 0.373990081192147 0.39378637322627225 0.3767681633100324 0.36364043076359137 0.33509290126831665 0.2872022770256785 0.2773455623070017
0.34627124166796275 0.33440473424790856 0.3304521619180494 0.4017705925193796 0.3348753354149915 0.33792555334730967 0.305662544522942 0.3444332721716696 0.30941655461368744 0.35271599731480047 0.3604041092573579 0.33712765595986527 0.25584018076956166 0.1794686138935026 0.19419271689820075 0.13591854536243375 0.131666350001652 0.10368384591439937 0.132054977998966 0.11797573271990201 0.17697654477196445 0.2047979117160551 0.19297038881823175 0.21004264681945356 0.1961603675750068 0.2182313965989255 0.2192168322743887 0.20294391584647958 0.26838375190559743 0.2770862762044953 0.24839689777256643 0.2694873923012159 0.3192381837215674 0.3324583523802247 0.3643715715061991 0.36391562390509025 0.34839459793650007 0.3881136242086999 0.35676395142411943 0.3274029547767615 0.28877805827813907 0.28291917948519874 0.2585588320526278
0.4163757316066008 0.40043292011746645 0.3638468000228922 0.3865959374163297 0.3798875436315108 0.33752887071340204 0.3335565289640168 0.3360624310765717 0.3415577609008365 0.3224912678846731 0.34460349127121853 0.3373143030960392 0.264027724705781 0.19419178653528021 0.18395330100071708 0.1235371532446702 0.12056724595708007 0.12083566626571533 0.14909112435824748 0.11276935159903849 0.1516198935894238 0.19248092372537587 0.22152803283974665 0.217816506485125 0.23450176384079974 0.2062275829212667 0.20104733152928525 0.2444983526456079 0.26626629693657833 0.2821561760629638 0.2693537202851565 0.2954910285252822 0.29115326001485003 0.3031315383985201 0.3307816605154123 0.35033906818731253 0.3307835601349452 0.37016009278752027 0.33003082213439455 0.302371659205274 0.3185121743222191 0.29544773905021343 0.2842285903412529
0.4596633542270002 0.4370699820144023 0.36023784173730794 0.3602188700995128 0.37978815637001406 0.39827371367366504 0.3715421908086569 0.3406095160176387 0.3357385310494599 0.3413618047118622 0.3312412828344725 0.33983771216022085 0.26901995305100485 0.1932873029252458 0.18474136403362132 0.13951754590794704 0.11539010374086371 0.1511708096319367 0.1665919799143165 0.10954689518121496 0.1656963115177565 0.1688466875535637 0.2127165019007908 0.2380698439797628 0.24996114066118635 0.23274065758166565 0.23616777798712935 0.21015524029852442 0.28980129669611676 0.2894461731164709 0.30358959382246414 0.3473247587002659 0.2848396742950572 0.30270027925229914 0.309082165235901 0.34306038713849474 0.3226606151925257 0.3208080468186288 0.2632947261832101 0.2570717918691232 0.2990212592909895 0.3244469667797456 0.3142807523607207
