Raster_benchmarking/DGGS/continuous/raster-352.asc
NCOLS 100
NROWS 100
XLLCORNER 1743164.0504481767
YLLCORNER 5469292.807254396
CELLSIZE 10
NODATA_VALUE -9999
[rows 57 to 75 of 100, columns 43 to 85 of 100]
0.31350101101745736 0.35434715934114386 0.33166787333654935 0.329219435065712 0.33339968253681945 0.38365446369064066 0.421663063370747 0.406635674209112 0.3843313251465098 0.39573454555816506 0.35685257742260706 0.36270708785247635 0.39370385962318794 0.3660054243160343 0.3890035062683836 0.4102105213558459 0.4231869810809934 0.38951514861949704 0.45575428130496465 0.4441876685088784 0.439956230856996 0.4478980960714953 0.42369307942427614 0.4078536632541646 0.381055470554678 0.30217587072043617 0.2847673217841663 0.27485244970254913 0.32518621449631957 0.31428410059872347 0.38959275309477437 0.4053382874483019 0.39440216028642183 0.4281256198018853 0.3863788456440275 0.3816451240146482 0.4185496258291894 0.4301185746434595 0.4630198441718193 0.5079299024774427 0.5428440583913745 0.5682094971207766 0.574560606120824
0.3451454525977628 0.3513381467087432 0.3190126357168626 0.34740991543111005 0.3471724004577904 0.4050939970295811 0.43565823696195743 0.43630132452551373 0.42420835458433676 0.4276981913075162 0.387968012306935 0.36637459035713565 0.3888310502751966 0.4274118362196532 0.44893142549912235 0.4238745318669006 0.4402808814760964 0.42656225059740577 0.4619186156576741 0.46839722247284854 0.45625254975990226 0.4599445477489273 0.4324972052349833 0.36592571724703943 0.33279023110546485 0.30927567566940234 0.3206341139766919 0.32380049567145314 0.3147322545148078 0.32469177716639935 0.3713675659825088 0.36927363862175777 0.4165720905807004 0.40859200948742275 0.4211379250726058 0.4147250881889622 0.43517095921042453 0.4627330272458003 0.5184393855779086 0.5669212207221441 0.5779925639394295 0.5815888728221607 0.6238306091036233
0.3702467951874959 0.32004826254357965 0.3444161161575959 0.35100651597098254 0.35690037341328185 0.4256708676035801 0.4516912861166169 0.4503504102330752 0.47391075432109037 0.4688324449813381 0.41992194128995686 0.37845715261197427 0.4229785444081561 0.4563273452226483 0.4770480047279201 0.46852174873214314 0.4519817238700493 0.486146770395728 0.45821704694921683 0.45227159115138355 0.4589893075616866 0.42130113478794773 0.41935536107289717 0.38924151049811406 0.35901534136414537 0.3430142017885615 0.3529803274050241 0.31632929399377774 0.3295879023452854 0.39099647406494703 0.3576642414361232 0.36281079356186324 0.37912165247875557 0.41294817089239866 0.39731407018614584 0.3793511206802916 0.4486432549146075 0.4801277209715122 0.5459960409235207 0.5608963170802161 0.6269927063921256 0.628731605685121 0.6515555477365799
0.37277669396663404 0.3468017423188053 0.3770688647089602 0.34032554064408616 0.37447298380205346 0.3779970487454848 0.40737156191086443 0.4349542594266303 0.4759151251169516 0.46879761709532297 0.45730108597059577 0.4217999919239999 0.4309005991949935 0.4450155998891191 0.47289854744790194 0.47480964866940956 0.5092363085655155 0.46396284300578994 0.4409958683293346 0.4094680699573261 0.4451548994492888 0.4402331115064662 0.3816461870291328 0.3631329065466235 0.3705313500304488 0.32878739497668497 0.33870133453053114 0.32101452989345075 0.3405682171048495 0.3771349467467358 0.37756778598179735 0.3937122888065864 0.3917745361974565 0.3894681582921103 0.3876833511400035 0.37932754189432605 0.42639443171570934 0.44896372316486816 0.5405240551548003 0.5489054942396226 0.628913604901009 0.6396095634880843 0.6609841583740106
0.3294071982756059 0.40261263578704126 0.40224221945674626 0.3730724418656862 0.3573104652819679 0.40104706822674163 0.4180022182896998 0.4152165456133655 0.4584371887235266 0.46344737863813884 0.441750426567159 0.4485453413882212 0.45826463386856237 0.45315665742826766 0.5026612930331306 0.5147539424008796 0.48478337850817055 0.47819998288715576 0.4576592797234749 0.4134605834762101 0.42881604109540616 0.41501124905242176 0.38601042435937905 0.3501328679578858 0.3265003512317386 0.3041249477855906 0.3456988468550528 0.31201983590629834 0.36983633558248213 0.40910329048048183 0.4174124293423106 0.35728754854224093 0.3965430831698194 0.3523470416627286 0.3583537991485758 0.3751467535541853 0.4243249191185328 0.4479362100490752 0.5263387592508972 0.5737607214102253 0.6357803785684752 0.6557596292736289 0.6530417461801308
0.33765964835212287 0.402553894252966 0.4021528631031157 0.39987453181040344 0.38255939113215315 0.42330269964540584 0.4028046095342583 0.41176125129761176 0.4433309994152381 0.4292102864293827 0.4408172137440988 0.4802899301336014 0.4775761950660052 0.4673360477609245 0.4967275862477709 0.51874022028301 0.486399613646286 0.44091599569095113 0.42993308426485816 0.4361113827548363 0.412114802328351 0.41156228590476895 0.4086027523609825 0.3963967843618166 0.3479532989375265 0.36813727967593757 0.3267726095491424 0.3429367622176275 0.3889628486434788 0.4360417241369038 0.419987157216656 0.39884538119552576 0.399000011999024 0.3822248438014433 0.4172902537775394 0.3866030754859355 0.44111432147986573 0.4741361361750786 0.5130078893328569 0.5297141956620222 0.5979914899176832 0.6250862472147526 0.6310225177626307
0.2948812320544792 0.3795572861356317 0.4013646715586636 0.41432144303978885 0.3819700481947413 0.42001707314108594 0.44155666660700316 0.47055270454466874 0.419684949086708 0.43028448043878187 0.47138827184241044 0.4709957604407258 0.48916579885491673 0.49481923004858785 0.4701726460050638 0.46648084972288495 0.48671503400672006 0.4398906274069457 0.4520049959573982 0.4736274000722742 0.4669502581275821 0.4285496836934209 0.4284854692726573 0.3819620613342238 0.37761083739673584 0.3874714952819029 0.38050989156288867 0.39575502632495835 0.42229597171231903 0.4370327174701217 0.41488167181508595 0.4403644032582203 0.3990857101419244 0.4242816589641332 0.41229821505365605 0.4062621524930914 0.4239238682460171 0.4608543835872172 0.4834511632090001 0.49156039919315636 0.5598580027354364 0.5831918104754221 0.5811146498050963
0.28284350053934537 0.3501300801098987 0.3943808283436237 0.37446137924864037 0.4202930720207381 0.422402247811575 0.4201427699387365 0.4434956669063164 0.42740944352903487 0.4369722626144196 0.47294946053424375 0.46321210424608467 0.46587556453268 0.4635353822096919 0.4605411339417478 0.490838967998223 0.47121386309790775 0.46052820128337574 0.4507968904840498 0.4687519169596702 0.46018023143260917 0.3972468590013181 0.4160470900519482 0.4114902320722416 0.3859994570244755 0.37477441967588776 0.40407235793408636 0.39795089102528625 0.4022790627691182 0.4069715671196832 0.4068916343718322 0.4135897967506887 0.4458664738182089 0.4736291039778128 0.45449720560594337 0.43095771677306344 0.41560609250672537 0.46080419806572087 0.45714446832381767 0.47410492042157065 0.4901729380571831 0.549065149183251 0.5754811881038173
0.30010702078604407 0.3351299888108937 0.3746207226165346 0.3758681571755181 0.38581973809224684 0.4174469171216794 0.41515864447081735 0.4399276301522419 0.4260673618226882 0.47086599623738756 0.4665216863106703 0.4729142962190412 0.43659280201014733 0.4432919671331477 0.4452123513139815 0.46820820924361795 0.4941447279510272 0.5003475760206663 0.49321540965116284 0.49132312927099564 0.41218506381442654 0.38622862522692497 0.4196774716037767 0.4211459232695789 0.3900171268481877 0.3456984603082896 0.42437505923372565 0.4350600536733848 0.42212398400023393 0.3824168942488917 0.41571848950286694 0.4472458056040116 0.4647357726934557 0.47671981688193027 0.4869515002000694 0.46484669443630916 0.41924851134472135 0.43679631980887235 0.4682963743959054 0.4613784393318609 0.48574193620072675 0.5057316063879919 0.5647281051426318
0.2715624250949519 0.35053948690005915 0.3905149132607319 0.40579543499400506 0.42890544958591836 0.3910557771663277 0.4264788672857044 0.4108531513028028 0.46725871322072393 0.467791567462378 0.4608346945246121 0.482410212729928 0.46044828091830686 0.4559345304228741 0.4074681332215789 0.4279459650848134 0.4237831486192058 0.46497155905171283 0.4650090625184123 0.4309306376145924 0.3967512857181075 0.3949353467710092 0.38772996358379513 0.38903843628298057 0.39575545310330273 0.41528068584247196 0.44196988932936254 0.46312474305148293 0.4184969497513405 0.4351685929491871 0.4227046973484358 0.41205532777417364 0.4508458927809921 0.4720926979690455 0.462823384157662 0.4486344441168463 0.4390840578169641 0.44857626963883174 0.45669416680581615 0.4706853462345731 0.4894587683858731 0.551991012942655 0.5490387413665618
0.2939710951787976 0.3273382860275451 0.3702671441556891 0.44554339894920053 0.43386533805944416 0.383981615965454 0.407247947754945 0.40059411518332494 0.44192022901551187 0.44548284923043724 0.41535473420080266 0.43554768102321717 0.43961685912214166 0.41913575891545407 0.38173474859160683 0.3883190669656392 0.3864966243173726 0.3841170115842651 0.43888595413413006 0.43445380929513494 0.38772060135011194 0.3591977896629894 0.36926519997351664 0.4049990179074885 0.42324420389111655 0.4161683553322791 0.4282407994286253 0.46364241212745994 0.4804118221463999 0.47656758792755155 0.47705878534541873 0.43860199150334706 0.45853604655201236 0.47019198888726665 0.4580673584611347 0.43930763502807 0.4655480193029826 0.44390603261144806 0.46309096104794095 0.4970266997815787 0.5072513539555057 0.5733922668437614 0.5705679797727914
0.31480870196522515 0.3265673344318151 0.3771727662148219 0.3938418007263703 0.40885035169253253 0.39331827661106655 0.3890815088509325 0.39933469131999383 0.39512154599896665 0.38094352990076724 0.3944935647263666 0.40038741203489886 0.3940187754241905 0.41992003280968365 0.40180359010065614 0.4196835243121386 0.39219537132992344 0.37625908763767496 0.39670667445127944 0.4155316370934824 0.37221544925350264 0.3392046324739013 0.38334102768272715 0.40973361778960277 0.3962527516165319 0.4200230329905312 0.44103812577426266 0.4512962587591525 0.477966504069484 0.48583417133392465 0.4807329509232889 0.470135829393181 0.4801110200177587 0.4831299237745176 0.47825072803472446 0.4651928472341279 0.4775407181511291 0.5003935433971919 0.4909748444617347 0.5280380051562688 0.5328903933993224 0.5586200157819554 0.5813797963441918
0.3165690283938703 0.3930145168438262 0.40250978261525383 0.37949029504131837 0.4366674780809291 0.4443147386633097 0.44560415259469377 0.4423412861145918 0.39904923943880194 0.37651808089924094 0.37997340636511934 0.37080364061863014 0.4148795476280313 0.4015553638828522 0.3809226563564887 0.3868518271932395 0.3766853304667369 0.382806229572867 0.3902738811864161 0.3588797551830383 0.347444275247438 0.33809477234704133 0.3680665447313458 0.37100152971116446 0.40076262561090675 0.47622049551168893 0.4483185227396606 0.4262140795604801 0.47128279202486895 0.48493007220192036 0.4840607056168614 0.4742687807697731 0.4934038331007856 0.46703565776275047 0.511659673728619 0.5160720863156517 0.5344967662399468 0.5363690118553077 0.524441955390242 0.49847047938276096 0.5274946879896671 0.5589744940251343 0.5708588132317608
0.36231064957943754 0.3921111431098022 0.40697246436191536 0.3965607079310697 0.44333263524185657 0.45235798512510955 0.4546422900142153 0.4121076382355896 0.4014113282769583 0.4173202869904642 0.38366390978155795 0.36816493690819957 0.3914640670822878 0.3783961792908942 0.37902429179499153 0.3851999559313954 0.3894941072389098 0.3675122562707897 0.4001990323978484 0.3876181744004267 0.35717651078718593 0.3401235132101292 0.3903123867529455 0.41486347822123826 0.41217894475962463 0.42616418755977237 0.4469827778540563 0.42028252670376137 0.4540792014248778 0.45044116601983153 0.42648269638021014 0.430441380534934 0.4486463392931122 0.4428331389935231 0.4960262819812418 0.5102491509493028 0.524382056532001 0.5063412060574861 0.5109726077287555 0.5261039622901433 0.562516010402128 0.5463835018922693 0.5926779731134966
0.33669577574057746 0.41128747356717027 0.3919656179090818 0.39956072378118085 0.3955348885937862 0.43915161259242286 0.43176153989015714 0.44732772236292584 0.4094885244695416 0.42630399688940696 0.40296916965275936 0.43779403623733193 0.4070483598007287 0.4438554764705479 0.4314673201604129 0.38535646189194117 0.3856382177391096 0.3948222314912843 0.3853677008934519 0.42265117958152953 0.40818570162098833 0.35488426447677124 0.36546527203345514 0.42154257427792724 0.4550021954997245 0.4706932822756806 0.4949020942014533 0.465576905874107 0.4465380699814712 0.43558214870288553 0.41358035634678986 0.42315992833189103 0.4225941957450806 0.4253926610775959 0.4635978136378758 0.5179498904145221 0.49057876363012937 0.47356092263307 0.5329645470713991 0.5642904709985443 0.5246233430977066 0.5196762612827386 0.5703124830877754
0.32373638641473446 0.36084555852453315 0.3721766654152545 0.3910856676047523 0.38185419304305546 0.44057310874108674 0.42234216082624226 0.44993945061965845 0.42819601923139455 0.455522600199516 0.4424937328690754 0.4325329574966181 0.4616694231003534 0.47634033754690064 0.4600296939064287 0.43394825685542926 0.4049691617900512 0.3957244702487152 0.4254610229316337 0.4130918571380169 0.4101235186204028 0.39711423664705625 0.39314354986755257 0.41061671768845676 0.4752446713332257 0.4899961857489507 0.48504273578904195 0.48688848022662884 0.4754303207783698 0.43564277294363574 0.4114567022221188 0.39124488460047135 0.4104135029335141 0.4419766511230791 0.4845887246756084 0.4720120344123653 0.4665407749665759 0.46534787469416705 0.517794948644385 0.527609689679677 0.5381497029849499 0.5442349361356654 0.5352288039088896
0.33242489141249953 0.37540840796470953 0.3792162270893053 0.37093667297125266 0.3682712068455855 0.40943963470812456 0.42915917165170575 0.45097082890354645 0.43704662155753243 0.48669096400590506 0.4623458076585087 0.5016886429394524 0.5141167208431111 0.506722007520841 0.4767401683066663 0.4662351778008303 0.42509954632226626 0.44021742038109474 0.4197569401817855 0.3781557572704962 0.3687021515783062 0.38785402736031954 0.4072824588649233 0.4241883812144096 0.47670468047581677 0.47171477265381256 0.5058323074001465 0.5052893149649846 0.5108309899491962 0.46608630479653107 0.42810934562689656 0.4303942873057118 0.4197159834609229 0.45824163164474746 0.4557352221612796 0.4713671553720777 0.4652956008286924 0.43203240909568236 0.4802426816015386 0.5259892744083621 0.558155192541703 0.5381360640700678 0.5486389378156608
0.34603979042227284 0.3511165156442927 0.35190429807742357 0.368902332127892 0.3729019485109483 0.36861088180785456 0.4352433194860131 0.4452040574641878 0.47915050363563794 0.4989474412444655 0.5281886542021289 0.5076152326982863 0.49949860324597445 0.4924431656094384 0.5336946423890365 0.49670219847104286 0.4757500808460292 0.43797072877252546 0.42672319791330865 0.38214274132629433 0.38725300352798314 0.42526080124032284 0.43645907303051545 0.458209294091166 0.4277877507667907 0.4654585175215788 0.4874522023567221 0.4843448076242538 0.49611826319828234 0.4781738581700191 0.441752577469326 0.4601729413340258 0.45608803966910627 0.4242359102905916 0.46090722001387474 0.4767170715874924 0.4470447248569877 0.4721278069053688 0.47690119455569513 0.5082229796745932 0.5230084990519114 0.49830717214340714 0.532024074831838
0.32139201628094216 0.32437475686136336 0.34221266068864303 0.34361442506705137 0.37651478665220034 0.3570513452185844 0.3888842308918922 0.41074058171986777 0.4284506840196202 0.49717969545168644 0.5055856675644863 0.5465630016333356 0.5150480934734614 0.5316985747506157 0.5422501115354142 0.5439977520400814 0.5239375277700727 0.49209422428624555 0.4710919382456975 0.4254614418014892 0.4510045142615998 0.45936867953941607 0.42592408220754324 0.45229180138378583 0.4371797677312674 0.43368457319361875 0.4644401780684247 0.45992459877852554 0.4700870714983687 0.4473989222630847 0.4185441826426734 0.427634574821247 0.4368237263919908 0.39723243807764097 0.4011988448759992 0.42409265077341735 0.4631427427818678 0.45004108043835284 0.4938228096929663 0.49974694545146936 0.5414628704296129 0.5107046523845592 0.5262551870615501
