Raster_benchmarking/DGGS/continuous/raster-307.asc
NCOLS 100
NROWS 100
XLLCORNER 1743150.9011302511
YLLCORNER 5469283.458061885
CELLSIZE 10
NODATA_VALUE -9999
[rows 76 to 94 of 100, columns 43 to 85 of 100]
0.5658232796692311 0.628695805211074 0.6573451564062748 0.6617422039797265 0.6473654212169115 0.6607068891890362 0.6592310692572398 0.6472690794594915 0.6818386726067718 0.6396073251708251 0.6419191588873666 0.6540982586521581 0.6157848564497926 0.6480966609200974 0.6428895123353792 0.6959700740086353 0.680407912407624 0.6455230542540276 0.6100143735534987 0.6077094649585056 0.5996433848124095 0.5750639291251448 0.6227402843975791 0.6406568931536595 0.6616043869010099 0.660757478021992 0.646706019035263 0.6335860170276711 0.6451087213526812 0.6519037510486432 0.613306942520553 0.5672144396503441 0.5721706647151059 0.5965646816876704 0.6231370301304021 0.6133240601416251 0.5855356938530252 0.5483484365714176 0.5085393695000848 0.46525701700953437 0.4464851581485564 0.44862542629743984 0.43291091913433966
0.5429168789058704 0.5694462493274751 0.6441620743610235 0.6563317338296017 0.6799749158413689 0.6570765929349177 0.6513299261818614 0.6356768447252688 0.6143347580137711 0.6577579476151441 0.6132694076961692 0.6044224537153798 0.5992721062900451 0.6457172572758381 0.6822537539829675 0.6993000197906555 0.6907057683747816 0.6817010917432315 0.6640798643036268 0.6259304184786926 0.6335012712069228 0.6226690035286752 0.5870323592723046 0.6050832135133618 0.6324364960732732 0.6881798219031425 0.6830407465911832 0.6952411146675723 0.6788945359303726 0.6557734801841564 0.615088009643711 0.6112474575072415 0.5980506342965995 0.6609830124388796 0.6231162079120471 0.5990602687001998 0.5666198375902394 0.5377139821997095 0.47962492056045014 0.49398878098420074 0.4578087929869485 0.4670449628778597 0.469795572122972
0.47546883224384695 0.533991987421405 0.6017887467425199 0.6238613169259581 0.6399239781753829 0.6029444853110851 0.6115949156978949 0.5839389993764181 0.5888472426575 0.6311167345289843 0.640268350937688 0.6462111798914396 0.639645749557275 0.6709366603964575 0.6630092479505304 0.6599628817287013 0.6625372664295995 0.6426227122306412 0.6437772420147984 0.6449578293406352 0.6149038805545066 0.5846205521585012 0.6028167860026212 0.6464602296356657 0.6452636668997215 0.66918592661049 0.6959322787527858 0.6673290543938842 0.7119883613052582 0.6944764015325564 0.6501235982862599 0.6478396716506288 0.6338567143477342 0.6668803312123547 0.6333076447129751 0.5880524888357419 0.5354291915268451 0.5389377634472308 0.4887452643344414 0.47013954056799173 0.5197856744497568 0.5220291004063471 0.5016043394830735
0.46034293509334795 0.492023257590252 0.5551045207319306 0.574142517773907 0.6041156981348403 0.6147775805246791 0.5721730520382008 0.5507240558937784 0.5489709997783425 0.5837184691359248 0.6074626364974297 0.672356252208476 0.6513337204356003 0.6975038459070233 0.6478762236918779 0.6481865877370446 0.6619410267802961 0.6283901824987719 0.6559663537106597 0.6112001782507461 0.5922398232967137 0.6133288821948737 0.6138267435060312 0.6280365650779699 0.6635169163453903 0.6954599079568091 0.708113180802545 0.6794045136205934 0.7055316690011074 0.7375499168948318 0.6640016039214388 0.6467105451384959 0.6874255857230989 0.6914606364878548 0.615123613978231 0.5675371996619676 0.5684526112216978 0.500191225461318 0.5083702386726291 0.49812981712938376 0.5189246506157448 0.5085533640947365 0.49484023031713775
0.47624335928064515 0.4841756675320894 0.4878387694772691 0.5536494692785503 0.569906913431141 0.5943736088175767 0.5749953192363989 0.560630264518372 0.5667214192994123 0.5834463322224439 0.5876580423972404 0.6306186979584315 0.6380333334590481 0.6292345818793293 0.6281435346901237 0.6217201125452381 0.6125346375034635 0.6268941906208132 0.6417818564872352 0.6272357191200792 0.6112245950057504 0.6178107056912508 0.635974566791351 0.6629114414899407 0.6576464558498507 0.6395090063203148 0.6887442860981507 0.6735440073838681 0.7263860968169081 0.7277205181826315 0.7151779307152015 0.6756651402148561 0.6920362892790984 0.6982688852646397 0.639075032023974 0.6062436362528791 0.5518140158732608 0.554420539269634 0.5234644070074298 0.514581769045433 0.47976688092816105 0.4635682010498291 0.4641986754033012
0.41965822911313494 0.44275458244151283 0.47763895103531234 0.553956458036765 0.5577614854777927 0.5552588589198673 0.5602346145776064 0.5697966104403488 0.6007603580649589 0.564648331394542 0.6079577169673893 0.6198930264590867 0.6481626215269682 0.6697561441923856 0.6239532551524342 0.614160690317699 0.6420630471124723 0.6314156038044054 0.603725987970731 0.5763722915739359 0.6301735868974215 0.6236432301517033 0.6399477365361942 0.6243762922204186 0.6085718703812991 0.6233324963085694 0.6767462316640623 0.7078483674724497 0.7328066515057939 0.7681437825952222 0.7268721332450161 0.7485008020629079 0.721647661741243 0.704848836305033 0.6923236838427385 0.6453696048185631 0.5841386909576667 0.5795125852605786 0.5327780481262454 0.48525118449495985 0.470563110849542 0.49782831570559904 0.4605759971271864
0.4489062117255063 0.43886533947888284 0.463385397598148 0.49330127068086127 0.4895734951213097 0.4842477710652765 0.5538635076034059 0.5491423544718385 0.5934002559953349 0.5559651199486494 0.6029986947300988 0.6172827870428419 0.6243791381854471 0.655894238270517 0.6651158845182985 0.6237847632961706 0.6404866936264272 0.5994135703562303 0.6059787010269507 0.6068728805750432 0.6208355997331156 0.6510372359942626 0.6152920528068216 0.5953228706935996 0.5960788161588914 0.6253993371131579 0.6591854902671533 0.6967423663839162 0.7190586863078381 0.720311601260011 0.7550452275912903 0.7472862518591677 0.688499616188624 0.7034722022060694 0.690552349991253 0.6501899439925237 0.5848046925870163 0.5348760991765248 0.5178817823726946 0.49505400592532434 0.502528182769633 0.4886330517169515 0.4569980456605624
0.46187345942207575 0.469443914023879 0.45272757739632413 0.484249184401732 0.4650817003821152 0.4541826191412172 0.5011596175477564 0.5702420273429464 0.5796078863370261 0.5767568676371473 0.6030235495783509 0.6519706544317029 0.6645019586351558 0.6674809775667124 0.6307553744781166 0.6329801986145549 0.6311651780058316 0.6189766261190857 0.6323350171989046 0.5963413590068468 0.5984168087738941 0.6384343736730275 0.6130165247283615 0.5702810767661907 0.6041278066380927 0.5846085938489639 0.6584307356582724 0.6824822122519714 0.6905564471427268 0.7277597440528122 0.6978912053230752 0.6851132905629801 0.6683443286450411 0.6697847138145518 0.7003614216698569 0.6556113692102261 0.6198250485701662 0.5616178783003444 0.5313043256946616 0.5313941691880665 0.5299278838295948 0.4964554309861513 0.4277234778208524
0.47941541773413926 0.4564313643041972 0.49484562308838564 0.4985392459787049 0.4610019268625936 0.5037807988504993 0.5298736366984713 0.5377146535895339 0.5785093223888362 0.614521796921535 0.6284988727290842 0.6411302829729075 0.6782921761393371 0.6960971193854212 0.6436394852056676 0.6418141507877446 0.6236511144963393 0.5854077378498381 0.5943916133764103 0.6125824109797178 0.5837085120067432 0.6251713709017496 0.6087764352158306 0.6226540871374459 0.5923606672393943 0.5772238852980093 0.604215092805858 0.6595772990056756 0.705395872710857 0.7449995744540844 0.7166802971479701 0.6609035561696062 0.6505895079777138 0.6753799973953356 0.6728428297839866 0.6451741125921258 0.6215396244913236 0.545544066543894 0.5283500642016855 0.5172204299192442 0.48351547121068744 0.4586488279131095 0.43419133505437013
0.49554739735043735 0.5016590780770005 0.47654372793588046 0.4811173049299185 0.48336270389992786 0.5023827476322925 0.5037815336960701 0.48307988683032993 0.5689943075358359 0.5978593560871394 0.6243816934837081 0.6213208887019457 0.6431181227353187 0.6845977136251967 0.6470522371931163 0.6826452937739093 0.6308357706251856 0.5854315535778913 0.5596754066543986 0.5687343179963583 0.60388884495461 0.6154181988518448 0.6303936094429687 0.5984002741485445 0.5821308724815896 0.5959511775498431 0.6164566719257373 0.647237163210329 0.6792598167130252 0.7222651952389291 0.7054191745525857 0.676260511628286 0.6511962390018097 0.6687589410087866 0.6299553311656861 0.6432962848392685 0.6028886206763386 0.5237012499621423 0.5269159954942272 0.4722827165545039 0.47513686207313816 0.46420585850677 0.4089371870890683
0.5007419709391584 0.4862103502363111 0.4664002806626962 0.46746543886970937 0.47171451107031304 0.46384899946233 0.5012684562032528 0.5042678145329862 0.5597860398047283 0.5612962339851715 0.5721079823818962 0.6419862349323152 0.6497883664210896 0.6721704712520605 0.6965568770917682 0.6639160509534471 0.6506657944682207 0.5955787609105414 0.5578136454545287 0.6015099963556446 0.5744050937289882 0.5994187239405927 0.6134113452787412 0.5976696281000797 0.5664480106141103 0.6093124822232479 0.6097059560753447 0.6759092094650216 0.6867904514752886 0.6798643640460464 0.685313030081446 0.6493640199700645 0.6487433447053701 0.6337199220552935 0.5964088985950463 0.5770467845197538 0.6002362105470344 0.5649478715558255 0.49687895760068357 0.5060360690611531 0.45993379783091387 0.40593970063219603 0.348021399005612
0.49932335919511356 0.4740276508918698 0.4450002928824316 0.47059305365683823 0.4295519578254746 0.4317668395627461 0.4825182367479428 0.5232765436019875 0.5382181184788746 0.5537884131845732 0.595632873255854 0.619254813653955 0.6123965862973767 0.640399786417269 0.632617198756656 0.6624428119109065 0.6488792869087163 0.6107941827555161 0.5938884599741673 0.5851884904939397 0.6082799154268891 0.5973758712166382 0.6194263879631002 0.5839904884161196 0.6192447401619159 0.6034459330402135 0.612865412485536 0.6781486980220731 0.6975283956103472 0.6834404060428876 0.6569552037852325 0.6434406389614953 0.6145030446561515 0.5860707479313677 0.5764098349103407 0.5824530104469684 0.5794322590365827 0.5874666243030884 0.5233691394878002 0.5117704066567538 0.4297792511273611 0.3745722306292538 0.3472428320030833
0.4924663152687303 0.4818104231406731 0.4675585677899938 0.46645063284671956 0.4258624276213439 0.46145170417683873 0.48414739958185027 0.4888531462437635 0.5312628786998319 0.5216843722720831 0.5482376550980312 0.5690478226016636 0.5802282518313986 0.6180090388122226 0.6232465492572933 0.6275718270572379 0.5911374417767623 0.5763563054993528 0.5954359711341504 0.5927115925754222 0.5615316731932419 0.5983030022311706 0.5659956000212089 0.5836177728659523 0.6225295922734515 0.6420084250499267 0.6142545334164643 0.6466495548159807 0.6407333863886713 0.6065636547711504 0.5973084379225836 0.6179742263939995 0.5616197697176611 0.5739088314319718 0.5468797182365801 0.5364875769055216 0.5259594793717942 0.519449018915058 0.5283848075208212 0.45225318953463106 0.4030478997859527 0.34754142985785647 0.30958690633980174
0.52763408481814 0.5147781137004578 0.462322163657187 0.43338516397361376 0.43930064099496025 0.4146576919070036 0.48409937203621894 0.4891694601683309 0.5300946702582419 0.5413388233810501 0.5048838927134681 0.5035167638576206 0.552180522658288 0.5834546216349908 0.5686540087239464 0.5449923080677366 0.5692317224606293 0.52892975396614 0.542493664888688 0.5761186967767941 0.5859616440140496 0.5672034547044352 0.5653116488193023 0.5956274588524801 0.6223890446119291 0.6478335238503035 0.6596955556119984 0.6059645039680006 0.6398538196867956 0.5959135817782825 0.5919522789775733 0.579084009006907 0.5629243789675329 0.5340509106101765 0.5147723343384685 0.5242466562455114 0.5489135512072554 0.5109649711575384 0.5071250008240873 0.47572697273501663 0.4181588149459138 0.3312849741669601 0.27623823484892934
0.5130353322315246 0.5124255119367108 0.47635203634975504 0.47449737219589905 0.4358714607666126 0.41855462213667716 0.46789570683554293 0.4828017682069828 0.5258144119328533 0.5200636147146623 0.5031106448445967 0.4962126306900339 0.5208426514121008 0.5407890649325592 0.5373981841783284 0.5021927167901183 0.5169589632265674 0.5112300673340673 0.5599471119766255 0.5328152176628383 0.5498936338864402 0.5209785246990597 0.5801945816475925 0.5983908908174903 0.6418605954493808 0.6300200170772958 0.6507087454514788 0.602145457810373 0.6328319674469283 0.6303348457681807 0.5893471464320109 0.5633078177727077 0.5826435182716312 0.564925192350661 0.5586372455518002 0.5222224456647837 0.5135620057885095 0.5219562491200321 0.4799604745761618 0.46764513174483957 0.3697669566796714 0.3173409594355331 0.2664117871309275
0.5498132346721596 0.500226374335065 0.5120200076472566 0.4787046607573506 0.45417850963432294 0.4252056220498948 0.499301408284663 0.5269641933413582 0.5123945918165659 0.48839401331189397 0.519455711974398 0.5225921879120449 0.5069856289610641 0.5281480449296646 0.5344976601829721 0.4875765094794259 0.535494571698556 0.5342440209906621 0.5316839878320365 0.5352209827829261 0.49170272429235556 0.49826689627489495 0.5367003805819667 0.5756471147990498 0.626863313601103 0.6522681260002967 0.6100461937527439 0.6360156667085828 0.6014321323246167 0.6543436127951636 0.6140062389670182 0.5925287588518214 0.5659271150859232 0.5513762155830056 0.5516349906483189 0.5253335651937471 0.48391509441547426 0.5012971567535047 0.4539314711695783 0.44787752493169347 0.38282629675013685 0.27417159535220187 0.27108953645986883
0.5107282864012458 0.47462969896805873 0.4959058639651183 0.4779714993018676 0.4605932289184041 0.48916232959383765 0.5082542620354848 0.5059482801546404 0.5094436967842086 0.4867522976094225 0.5346548393785879 0.5108507476908252 0.5294664754518488 0.4945564047221777 0.5141111335979366 0.5153020569548007 0.49473074127561845 0.5028588433512173 0.5490401032720857 0.5534165432777004 0.5020438208941113 0.5014363412897221 0.546320606752214 0.5726773583359666 0.6300065309155423 0.6414850813723324 0.5869585776833248 0.5877409818245176 0.6014449938370539 0.6102461914446463 0.5808080842505695 0.5351454437512468 0.51333294758499 0.5121696735792122 0.48073801833222357 0.4674045369284038 0.44117543604089726 0.46891265551235495 0.4293793392260995 0.3795537743943879 0.35146645032821366 0.3292305542177818 0.28822190285734794
0.5128617775903392 0.45912804644425004 0.49356079097107347 0.5096253245893891 0.494689164156822 0.49757702892980527 0.5199693465790127 0.5421866940467077 0.5088268127160231 0.533999116583812 0.525684247125341 0.4830040046077425 0.4867520436109878 0.4875362415491304 0.5054880955730052 0.5419435485948961 0.5311880531608589 0.5094045552319024 0.5309521235967936 0.5235210914391781 0.533459921315296 0.5258747762083822 0.549448437361566 0.5864169520521874 0.6278078722652 0.6249918196362133 0.6016622456082249 0.549550625005206 0.5562966815174726 0.5170764314554124 0.4943754068783698 0.5196052373906379 0.46434855162340455 0.460441074816875 0.43099438948076874 0.42907450830437893 0.40267258980753895 0.4161884168758291 0.40010438200829657 0.40015368461784534 0.36867062760592006 0.29688192533687735 0.30727480973463744
0.5051844526236758 0.47744899545578173 0.49759984712033994 0.5417236224571707 0.5311732134288033 0.5436354715296239 0.5350365275951097 0.5347264723376399 0.5375925001723453 0.5216265139255609 0.5214496626860999 0.5148276484925838 0.5045421248013005 0.4604762985708335 0.484882724856079 0.474366556717902 0.4840439787816998 0.47574333114712675 0.4839650728715655 0.49073945215688775 0.5289233100160081 0.5261180355423333 0.562737240492269 0.6021346818367634 0.5588262231284415 0.5844090677345507 0.558777454528533 0.5230584815158805 0.5178502011823282 0.5001905320422491 0.46035813983520524 0.4906113216557109 0.45576720292584305 0.4223618124063384 0.4384140603667227 0.40799573125303434 0.3886266750619604 0.35413586686904025 0.3605105050380596 0.32117537630448223 0.3101438111075099 0.28688917672427106 0.3083107544726354
