Raster_benchmarking/DGGS/continuous/raster-197.asc
NCOLS 100
NROWS 100
XLLCORNER 1743166.9982324424
YLLCORNER 5469293.807279061
CELLSIZE 10
NODATA_VALUE -9999
[rows 19 to 37 of 100, columns 0 to 42 of 100]
0.3757903742987764 0.35418622732080957 0.31281774823728403 0.3474582616223295 0.37423196058588637 0.35002237457691127 0.3791031389088434 0.31745990002427077 0.3177634777607875 0.33069752639839833 0.36957371222374796 0.31990690989995113 0.330385092342765 0.31027072510399845 0.34585900528240476 0.2871441197813561 0.2734469779750471 0.30429495887885993 0.3578688857765511 0.3524875289529422 0.3329349461287565 0.3491792234002342 0.42071430452410424 0.44303055641762545 0.42333255245987184 0.4552914015095321 0.43328543420279464 0.5152814303741113 0.5506831397331107 0.5264506140248922 0.519898536527989 0.5454495413456463 0.5515275103764792 0.5643287684668282 0.5769274226331417 0.5699642800523054 0.6329845822300263 0.614844566706807 0.5980583354203627 0.5755175013080174 0.5208767016111133 0.6034908440151551 0.6876695895644844
0.34007148334494486 0.2842252131335388 0.29462725609092016 0.3457955043646546 0.3260650432936862 0.3275092236211675 0.37108479930175975 0.3537039438155682 0.3359656479012029 0.3669892969449357 0.3234821276537678 0.2970862449685451 0.29283906270324556 0.28625954084658295 0.3223892834057463 0.3149307099446232 0.24732698758869748 0.30541543689151496 0.2995901831721003 0.2925365230197454 0.3272718605412859 0.34866706707210904 0.38871133005675784 0.3881962851195855 0.37295803678798234 0.40474519765545786 0.43278422117958953 0.44546690314324466 0.4669420004693782 0.5158516627327909 0.549345290898227 0.5377879920652666 0.5532081814357148 0.5686253041335224 0.5526742541030627 0.6055877142639902 0.5819064462980161 0.6155265960362759 0.5643261545774952 0.5751154263865321 0.5959612332874011 0.6398496542327553 0.6801081495860045
0.28013309883288123 0.30381001046264433 0.2885234877907245 0.3116721463302517 0.32739172126547783 0.3013026455139868 0.32860120049232655 0.3275851344097697 0.35661470085126773 0.3375758991105486 0.32389959652067773 0.289709843593724 0.2753840184299936 0.2806896429611727 0.29985609477715597 0.25688457185005087 0.22230086349425418 0.26154495181446746 0.24145892282097545 0.263250394485572 0.34292671082876264 0.3322176357616373 0.3858070354365658 0.3568773844627275 0.3858928547709149 0.42581437977604725 0.41415523135361154 0.4319716209669322 0.4580788894489436 0.5074862325633135 0.5015250560340466 0.5425857351477905 0.5391595284836612 0.5273283853829137 0.5700915875527323 0.567592536458162 0.5890270890933018 0.5805075134061657 0.5905754175073623 0.6377556706364016 0.652094976375271 0.6752663391985516 0.7055535838803597
0.26999616695628587 0.27026046284371263 0.3100410514289572 0.3043951497690335 0.3180296129557489 0.3052647327376537 0.3043682581309961 0.34198868906461016 0.33239473525303836 0.3242795816523464 0.27945741590623 0.30637866471129493 0.3228514304846855 0.28877758400044945 0.26872630787808705 0.23250675045968258 0.19578408409287357 0.21486661416440556 0.25966318330866767 0.277596887011833 0.29375421960223386 0.2877177620280706 0.30122728470823995 0.3433413980282972 0.3978606889401435 0.3766194981467013 0.4082107822078148 0.42329581889912304 0.48487484359714117 0.46566726675685927 0.49263380757529196 0.5435065609466553 0.547020294592613 0.5267536467689137 0.5365245580556994 0.5771347181273176 0.5951778495687029 0.6079206103457506 0.5837353584778568 0.6145288796833698 0.6732715399956157 0.6665576436001516 0.6958541033108814
0.28356093641367053 0.2603873164757724 0.29085738191221794 0.3323502980202251 0.3151458387251477 0.3418841414131258 0.2945750499146317 0.34819133364070265 0.37378534009114717 0.32666675027443265 0.27647505581331505 0.2749439196716493 0.32863687717163126 0.30050799990270016 0.22874877197949356 0.2244049054231193 0.20667934420885004 0.21393952920903064 0.25195490576455737 0.24320876782707404 0.23417807527361426 0.26947409495194224 0.2962580495449704 0.31843618409779745 0.3568455539656721 0.40953572029874097 0.4232637928780455 0.46063285927647424 0.48381866043096056 0.48128032037292434 0.5293580256075613 0.5136396561528213 0.5365794424345459 0.5358136542883659 0.5253955728706294 0.5381073381456387 0.600019114846267 0.6072836747654652 0.622766331727079 0.652086700365535 0.7024360282385592 0.6998332961251601 0.6556383178893859
0.2964026564359995 0.3226529534638362 0.3162863595033838 0.3073904326206077 0.3504557191502757 0.3282582027135211 0.29817486036272034 0.2713743720506836 0.2691990883695327 0.2420599877326614 0.24624143468934218 0.25858892533735267 0.3138951184676177 0.26671894989480077 0.22988222504724792 0.19745022930729264 0.19491521700885123 0.21804636356037682 0.18734002887189835 0.2215479378215325 0.2504819120969064 0.26204640173435084 0.27672417413543554 0.3112023067688985 0.35803186249628893 0.3768464688931064 0.4398750569958159 0.46385360580354873 0.477903335624845 0.5091468750644205 0.5237855630475567 0.5006534936429905 0.5586208581121639 0.530748897548685 0.5191793291351887 0.5365342165633943 0.5513345920111556 0.5889593859322438 0.6511178507120704 0.6581265182418671 0.6878038861366539 0.679984290138335 0.676958869535869
0.35836958461046553 0.33453318614760796 0.36832553396876316 0.3662664983892062 0.3754870768842338 0.327001734913356 0.2553260978918739 0.21539112961418963 0.20837438239953296 0.2386607065058931 0.22791896994706237 0.255392120534659 0.2961622609416789 0.24672951722309253 0.24241614869512462 0.24526308407892777 0.23736519192547628 0.21064951264240886 0.18137648819806737 0.22052143781420144 0.24257896777667007 0.26244565166216494 0.303943052471025 0.2926130548995372 0.29994340046113394 0.3917253997043416 0.42357441232896437 0.44026368744758915 0.4505670341078597 0.4331582507598646 0.4639901531520506 0.5091712648608061 0.5622419918654898 0.5755731419108324 0.5812112144784148 0.5251818895437067 0.53564546266126 0.6005087298301757 0.6391513206805346 0.6466171204197788 0.6720554386082753 0.6830339235311643 0.7130354341051559
0.3125053973473617 0.3520117219772176 0.340332855809047 0.36775227818810324 0.3773414535939783 0.3387382693593323 0.2655238816663063 0.22397726622016556 0.2162461269555366 0.18667026356635727 0.23164208121318816 0.25290860200695614 0.22062603983213525 0.244175272267293 0.2177673685954594 0.22999343113249707 0.22581932127429122 0.2130866055012371 0.18292887294104312 0.23200029613600776 0.2220464390512263 0.24667973967135795 0.2843797589970728 0.25580957269851934 0.2956303573531896 0.3626574636785176 0.36384688301126233 0.4009469801816531 0.38710193296374906 0.43418733620841554 0.42458202961238223 0.48689094242336917 0.5181411989709489 0.5100870673874198 0.5117016345412639 0.5268683086004802 0.5009816430793927 0.5448739488037171 0.609081881122314 0.64441888109631 0.69135006667626 0.6877739566857739 0.704263851107459
0.33198760901624963 0.30216911935006885 0.30820248667359273 0.3229347523271713 0.35228971457651104 0.3530249444100603 0.27727551632338027 0.22756269800293982 0.18706027081641993 0.17941965869711335 0.2130396294956396 0.17912312963708216 0.20227066232062269 0.16272554287311222 0.16269496357914745 0.18464139157530304 0.20120311048422715 0.20284699821201896 0.19593123326387374 0.24403118482511624 0.23524014204100974 0.25125722630075636 0.23406858877752146 0.2867152276309443 0.2907303731415124 0.36390766696380644 0.3265995590177736 0.3798445026960418 0.376516814138732 0.4023945506271492 0.40002846338225656 0.4868865842670101 0.48994131131145496 0.4691618628801193 0.4650269445493333 0.5299751935633186 0.507668045153861 0.5162191272683746 0.5317745345556992 0.6367554710626255 0.6814286733971193 0.6608669621840508 0.6452297449501188
0.26563144027878005 0.30522714779184457 0.281961452048316 0.280992417328314 0.3308029442431513 0.31734413395059163 0.2710247152753413 0.25417138823145924 0.20299921657685271 0.1823134006967105 0.18053122337633487 0.1693767959455265 0.2029214996956601 0.16259372034889086 0.19652767842503363 0.18743205844803124 0.19260962623132244 0.18995919166921577 0.22513716463636702 0.24888002455642863 0.26879194265704104 0.264884888949688 0.2635149519151399 0.264039654422728 0.28949835353268555 0.35099709552639485 0.3696190642914728 0.3704386076342883 0.4186630021035408 0.4164595398637063 0.45361481830290273 0.4412039720910052 0.4647265762908224 0.47287373935327126 0.48856565784599454 0.5035513429698056 0.4963598325466005 0.49749021124968 0.5068480819876545 0.605328009729383 0.6354506386086178 0.60363726928311 0.5662391491054198
0.21625345035500093 0.22350376000742753 0.27517799146275157 0.28112765519762994 0.3084898661846332 0.31972731537335514 0.277154839928163 0.27333218217238353 0.2436525451621902 0.23021332942222325 0.19794593642140093 0.2057980277354113 0.16470546809971745 0.18347309623609262 0.17204263442678497 0.1919489220276747 0.2269998453224663 0.2073146421734955 0.22367697587201085 0.2349980891678309 0.2768207016884278 0.28727422701709 0.21667618920063028 0.2526508669810814 0.3010562901871315 0.3591893490781719 0.4018269334760505 0.37956705204627444 0.3970921544830797 0.453507438426893 0.4602668777886194 0.4582665139951013 0.4654523594845773 0.4595696673168469 0.4587065418740941 0.45360775127033065 0.47231043108361415 0.4973454393779416 0.5163805247330633 0.5481946895893296 0.5702353125405507 0.5632606580644463 0.5543130846705644
0.19752845774435054 0.22281579689368727 0.2691178804375999 0.2623271369955458 0.2756429858345979 0.2854004145268129 0.2419857061987951 0.26623446048118804 0.28261967225527285 0.21537744293174757 0.21777406529850352 0.17260742092519027 0.16415710772990605 0.19280453472554362 0.20163911787427077 0.21328511468015446 0.20363516636168452 0.19340062049000192 0.2101398924739407 0.26046187072774485 0.28235273752441875 0.2708734179524524 0.23812896770180672 0.2536273842214993 0.2914300818661581 0.3932802502561065 0.42094913851040455 0.4588726310975008 0.41956968715742066 0.4472973319818147 0.44594528781009213 0.4982790267401453 0.4962016749775074 0.4875548960556573 0.4696638689058134 0.46541439944015944 0.49112806985934815 0.517522926231496 0.5019290977483162 0.5625318199014441 0.5417484346213668 0.5182039076348349 0.5572573714054408
0.24053706021564 0.20456481449717515 0.22634496442237995 0.2881027138617239 0.2965911527158086 0.2961185139526621 0.23411668903909139 0.26341277170849675 0.302790377581158 0.24490387210652012 0.18998214070896935 0.18539047716752322 0.2305577461940964 0.2102154332583283 0.20518035566439147 0.21832120025166324 0.21374090470780083 0.19910953662402184 0.21164614990509398 0.24385018508781087 0.22816202402627195 0.25475953821121283 0.2839206889002744 0.28030663044977505 0.3225355238373355 0.3934628673905921 0.44531478856551343 0.4825900174429317 0.49393256438247735 0.4753633800501884 0.5056335904349111 0.5098889354607647 0.4960915038845964 0.46711199327833475 0.4648269029047654 0.4607181323828929 0.4900662705934184 0.5384425455536278 0.5306809791458836 0.5574045074254471 0.5096967574163894 0.5473831352666134 0.5211154014397806
0.2239426135350065 0.2072557605654892 0.20452250091846685 0.2765961754588149 0.28593053098093724 0.28754658849800646 0.23242027544247762 0.23970000903263072 0.2955728411823104 0.23135627006773032 0.25138048106236655 0.2254989412956091 0.24933356156306805 0.2578409076027792 0.2770207098725254 0.2727973101404769 0.2675227422725864 0.24100815210260318 0.2751851712356514 0.2708616692326494 0.2792833576404992 0.2679873093695966 0.29265087616385493 0.2797090284607594 0.3032832676464522 0.3984859356193887 0.4435368931205272 0.45876681424035515 0.5160149332550205 0.5155999526640578 0.5457697025836623 0.5122127655750859 0.5444269858936286 0.5058727492279631 0.4804610245703567 0.45372356599390773 0.4769852003130843 0.5037059974837784 0.5152934651522679 0.5613247329460692 0.5618319720109226 0.5327791656338629 0.5352433819941692
0.2563930047658648 0.2400608778287219 0.2338580758915735 0.23991377504784198 0.31006140696206963 0.3030593483374271 0.2656423259725067 0.24495163134200637 0.27912702706113895 0.21043207640785344 0.23504758416793348 0.2124706970298787 0.22059031356303224 0.23756881362630838 0.25748563305534244 0.24848758462728185 0.3011930227047341 0.31155398806221724 0.31120112018682705 0.33223683014105937 0.3195136108800544 0.318688858295227 0.30043673395178494 0.31285276471879353 0.3169109973781229 0.369912376290669 0.41837652889084576 0.46804426235400337 0.5329069429701487 0.5508463922250111 0.5393400137675965 0.5089218449232824 0.5347727407681409 0.5236614074160768 0.443290091600018 0.48962504134690343 0.4954163311414216 0.5063243790361273 0.5606646952983767 0.5710328479653115 0.558969002371228 0.594164737438606 0.5976798412849079
0.22861031937702564 0.2140208426313679 0.2490626772504332 0.2603357036113276 0.2761657321432655 0.29883457936541685 0.2533679596615969 0.29156336339611144 0.29592449503952334 0.22317070831579383 0.21301112580877296 0.2592099749587963 0.23733176490565844 0.28668932148044063 0.23727341077329936 0.26002067774546794 0.2730991806019081 0.325300598545815 0.3378036565076285 0.3075410549889196 0.33206678797922157 0.36290188957433545 0.37154197578481285 0.3160621452545536 0.36299343887700036 0.3789463236196729 0.4457897608881801 0.49029057905499096 0.556251124383235 0.5601304378309742 0.5491096956287338 0.5180243850926562 0.4941208301977034 0.4885143596192279 0.45611010903113003 0.4404868966774279 0.466000091985951 0.5113291635228221 0.5299117103573446 0.5512492972331249 0.554248804327731 0.6047649809607342 0.6113027445420599
0.19900386872505488 0.23782631942277307 0.261001176758862 0.2612157543290035 0.265775091203725 0.24722324349716918 0.23275027438862297 0.24785110936574747 0.2636995311818826 0.25149361960079636 0.22878399845870778 0.2644533029646788 0.297377247250952 0.26958852822391166 0.25790175674756494 0.2642787985871689 0.33418665356492616 0.3328197023330504 0.29312964472841446 0.31246485317310785 0.37497395582149645 0.37798743704044485 0.38422009239520005 0.3250348915877419 0.3112769160231688 0.40047131849541107 0.4164314174798386 0.4610410376567175 0.5527990254291829 0.5273605686801285 0.5668161101069039 0.5215675467475033 0.5368878453264486 0.4768777722893918 0.4539149782533836 0.43554733101631676 0.45732802512403675 0.5149973039556797 0.5555002946058116 0.5900196555517081 0.5854609032014508 0.5764904165037134 0.5917863582394637
0.15476094454770217 0.1699838917467547 0.18261452159743607 0.19482832665125363 0.20088022644310527 0.17650603308952673 0.200340794571008 0.2199476201822489 0.21398764707994133 0.2433770287956016 0.1784244169797479 0.19456471036884646 0.2411535669445677 0.29203865029585097 0.2755115400619747 0.32089725353651194 0.3555447066559568 0.36325981357112924 0.3609959107659657 0.3387273316364391 0.38016371379684133 0.42050220200674737 0.4071368047851222 0.38748000843448793 0.37669239276632754 0.39299636214287376 0.4126858505345589 0.49007320215379263 0.5364032982884644 0.5350030120223063 0.5389044011728186 0.5509015777680057 0.5182394558794967 0.4758172735068113 0.4629523112434839 0.49283195707978567 0.5252132915144944 0.5112554417352596 0.5080823286006131 0.5491214970043906 0.5694245257328563 0.6028797935414096 0.6356619730114956
0.1484944598861971 0.1599093405732059 0.1724537136417969 0.13852309226848863 0.1624714110407752 0.13562428867165321 0.1181755198798223 0.1800996839580053 0.20136168141765867 0.16311589099689863 0.17641963600670704 0.15951625636366779 0.2024252704736864 0.2744145856744484 0.3189627389238056 0.3103097489472791 0.3759881742628208 0.37129589990844836 0.3240743894823909 0.3880367064246357 0.3899298236956937 0.39439906588069357 0.41365331114602844 0.44388967706009114 0.40930826121570985 0.4400676190840912 0.42365946719742265 0.48951463058042755 0.535189646987207 0.5640670293984656 0.5287119944894532 0.5609961223046507 0.5438109417285553 0.528047337165514 0.4687687060968974 0.46012970820050486 0.5166260610476361 0.48077572120483286 0.47854393205478585 0.5346554928456048 0.5576976265674972 0.5827230973191357 0.5923260467205923
