Raster_benchmarking/DGGS/continuous/raster-26.asc
NCOLS 100
NROWS 100
XLLCORNER 1743154.6394531047
YLLCORNER 5469296.358900264
CELLSIZE 10
NODATA_VALUE -9999
[rows 76 to 94 of 100, columns 0 to 42 of 100]
0.7210525509888537 0.7427725979521524 0.7677232080134294 0.7861687988741385 0.7747870569239823 0.746491266391098 0.7641010186569362 0.8108226056090847 0.817735825018253 0.8329466097801215 0.8236311680380167 0.8295898626232293 0.8209879307556984 0.8422990265461451 0.821005198825784 0.8219277511940148 0.806867452258703 0.834707990077414 0.8480523143945068 0.8177960940706598 0.8166615392086736 0.8467519804196084 0.8428797250806849 0.8288953824163838 0.8073907930327002 0.8068557775540965 0.8021994976519362 0.7913863784478793 0.801373305148672 0.789220848492686 0.8161034832321088 0.8018293864848047 0.8002347957869361 0.8009755319248061 0.7916027344128316 0.7846666887082957 0.7824548080105026 0.810925096789834 0.7997796996938487 0.8301761021324441 0.8322201367763968 0.8303883064946389 0.8494332664070031
0.763634221526704 0.7947494926978105 0.7931478370452465 0.8014292791148718 0.7615545222982512 0.7540339419876698 0.767873575778738 0.7630665908911979 0.7971718546464817 0.8056898394737062 0.8255543140277743 0.8154394222557125 0.831304016079122 0.8240036660135728 0.8377393739468104 0.8266018824449322 0.8448684350343886 0.8732812128879144 0.8669328568474741 0.8393403296908989 0.8356561874580811 0.8642963291918135 0.8638406443740617 0.8944053901228329 0.8806814253801118 0.8645874753363088 0.8322736664784504 0.8360878219879267 0.8232017230833645 0.8517960140474221 0.8522209028860186 0.8399708690902156 0.833968526091977 0.8431170797727218 0.7934137888843871 0.795924891408722 0.8020015775519084 0.7768077012112422 0.808272620913454 0.8065314353141283 0.8099663778568936 0.8455577915097104 0.8231212085896985
0.7751503809023562 0.7966681815792401 0.8246382628491726 0.8033304908724752 0.8052892914429444 0.7817890660828598 0.7968429560078535 0.8051608211034674 0.8087224144668111 0.8299365657664937 0.8151256834478943 0.8420729664022545 0.8145647561555998 0.8564579270070687 0.8550198097582291 0.845929520071669 0.895276167183581 0.8770412319389503 0.8557278188503232 0.8879391695621534 0.889998351967045 0.8668734433310318 0.8937329986393737 0.8851462000610638 0.8702853049990749 0.847511424505161 0.8461387969293866 0.8265945753126249 0.8331510906087831 0.8855457255728121 0.8809482882199886 0.8829847463857241 0.8376661985365671 0.8482604625252946 0.8209239843271042 0.8288249800641021 0.8162240240742248 0.8217183134728547 0.8354889914838435 0.8215437985794175 0.8268774110569307 0.8444866354986625 0.8369302285199911
0.7747049916030011 0.7965364871072459 0.8228323211975113 0.831524058874929 0.8355241143624923 0.840100007812301 0.8440799567711528 0.802920860971591 0.8421989471385127 0.8339387622143687 0.834827999269876 0.8312172249898975 0.84120062826408 0.8461622431901036 0.863158243099849 0.8954111608830473 0.9084507255856944 0.9025119749972186 0.908632808861497 0.8991543845071431 0.8903827615540184 0.8637926443571734 0.9006399417246689 0.9189892835519755 0.9225342757294824 0.8962260451233515 0.8753735982825179 0.8491347682128554 0.8656942116462375 0.8863825453280014 0.8700449600238298 0.8847084470472348 0.8702592177980722 0.8212143578968669 0.8430889561812067 0.8319724049793364 0.8086246775823113 0.8103489108981606 0.8266623278439227 0.8588557262083941 0.8107093318003886 0.817739468451981 0.8201590210368876
0.7322199786746767 0.7713071559016561 0.7657620923201193 0.8120726810042301 0.8143184937907314 0.8374040629802975 0.846287160105969 0.8635268480633655 0.8810333891516952 0.8826695994472857 0.8442855709482894 0.840036158584786 0.8798912799522086 0.8990857715366207 0.8907257741491228 0.8938744397258024 0.9045936648801212 0.8975118363405249 0.9229989783821277 0.9177375091756904 0.9148516022562846 0.8959925198671497 0.9065533309274741 0.9044126064046955 0.9312040528025466 0.93377042475735 0.9069677402152284 0.9022100762147108 0.8732126397582383 0.8639752243959805 0.8578902798913357 0.8475027930653674 0.8456482992181868 0.8266474669345398 0.8286719534055744 0.8158808368804347 0.8012581835515387 0.829237002673755 0.8381503735820695 0.8492940334660841 0.8297661637555354 0.8313115654501719 0.8321958378727146
0.7364014161804132 0.7308691424630716 0.7520994920151057 0.782282602200194 0.8413158109071018 0.8566184080092107 0.8468005063290758 0.8920068858982874 0.9117317815008336 0.9053540438161229 0.8591634616666789 0.8915252163181566 0.8790795182968051 0.9210912976921292 0.9081723180628309 0.8969891249042382 0.9163263857891228 0.9253744666490727 0.9143812703911604 0.9177249088477368 0.9292555408780085 0.9459401545075523 0.9590420610712036 0.9494272626993142 0.9265932449456995 0.9161944865494941 0.9181168881936981 0.8986587306820005 0.8832522479696574 0.8573461299156662 0.890403141825048 0.8615998978876623 0.869154114769861 0.8290326475810624 0.8471786432367878 0.8096041202415034 0.8108401655638189 0.7959543474754173 0.8244299061561308 0.8754628742510915 0.8402678885893531 0.8291627729741939 0.8098189967835429
0.7388968540565486 0.7358269916453463 0.7637365252306234 0.7926257004758391 0.8185559513337767 0.8329496014512628 0.8623504395613883 0.8940391904610104 0.8830696770368573 0.899374401623483 0.8860348157682443 0.9140497356294209 0.9089208002793246 0.8920197486408296 0.9075663475044229 0.9184153825077277 0.8966996986569888 0.9189458473931503 0.9061253760517454 0.9361027843392693 0.9499202795605249 0.9554589079774275 0.9529850557980889 0.9475128335721315 0.9239884965839288 0.9226358326240903 0.942445400901232 0.9206995639771145 0.9006624900151456 0.9090046884685232 0.8955602090398834 0.8648763945096761 0.8567900411715252 0.8778504152366081 0.8562477947562117 0.843066297553435 0.8496904251127837 0.8137881685112082 0.8070646523834955 0.8237046707156939 0.8322077283935776 0.8405221775165498 0.8173590106620664
0.750936639517823 0.7654568068718596 0.7966273814451734 0.8190356979220603 0.8289936009157121 0.8545060852942836 0.8551736782304867 0.8506574299216383 0.8849934854505622 0.901165764216097 0.869095509565362 0.893229465970087 0.9291551986510684 0.9184102057597013 0.9151738291756967 0.8882843699314489 0.9001600829152195 0.8988103172102918 0.9237488177450159 0.9630656125727659 0.9581694606133696 0.926926906840963 0.9480088095056948 0.9086005469940005 0.9042788162196975 0.9249077501852331 0.9569344313703497 0.9667184914731067 0.9418709359333348 0.92305916870946 0.876861971570692 0.8585169501798934 0.8881193333014172 0.8828000804225797 0.8681342113642314 0.8598618367610344 0.8296776767511023 0.8409709396095987 0.8358016135083813 0.8053249964383692 0.8277360255413835 0.8647360878699248 0.8461381550705356
0.7642185095619035 0.7614160853385616 0.7696845252521106 0.7886697371384743 0.8312488234699553 0.8114311103964487 0.8414127890801366 0.8589562277733587 0.8904383470295016 0.8754501436783583 0.8815288918656369 0.9002683816422048 0.9202561449050812 0.9066544719389246 0.926508850378711 0.92648029558916 0.9186996903164182 0.908048961164623 0.9324660928122138 0.9811993043887016 0.9590029422771934 0.9544697318271254 0.9353656036257162 0.8960738596151222 0.90246045479341 0.8988666635661953 0.9311815811153951 0.9358149042125855 0.9569744590593617 0.9442368686796566 0.9144522261329192 0.8784027568653228 0.8750911172197509 0.8613117498260631 0.8655457660053039 0.8456659348170432 0.8027731791528403 0.8257053771539966 0.8079190258824358 0.826568093162656 0.8448505775018859 0.8514318308443836 0.8482641139433038
0.7915349167241854 0.7562126437663136 0.7931968102730633 0.8192040818915424 0.8019105265169799 0.8029174341945179 0.8188522256932879 0.8626295851976864 0.8869467187998795 0.8711449062799874 0.8932631307989275 0.8944015072788436 0.9278646455752704 0.9317207313033568 0.9116585664238134 0.9172266095917988 0.9155057840395705 0.8965664344603009 0.910764999756359 0.9834985337946957 0.9406398288849828 0.9616087120242571 0.9285535177463372 0.9246662100714556 0.8911513464456792 0.9129738015665924 0.95971620554871 0.9747718726437655 0.9493776669373178 0.9615124896742987 0.9371575387199791 0.9259823226688216 0.9021166416944933 0.854537853701917 0.8312642176010031 0.7807879565815529 0.7778916906771786 0.8099744039765626 0.7997706450387566 0.7764235523692392 0.8043075589748311 0.8497316213278924 0.850174721803889
0.8156493337130746 0.8085096124799291 0.8069981857970824 0.8343049449271087 0.826848322474608 0.8458616544611666 0.8359371227565389 0.8664246069825331 0.8312377326705145 0.824491463871289 0.862331161723072 0.8730608857856142 0.9168513322602552 0.9036250468329635 0.8977265875939598 0.9062846255404932 0.9060802706827842 0.8814947516802567 0.905958830089155 0.927667113863501 0.9297482342039427 0.9514067438686215 0.928619816796926 0.9031914910464279 0.8911185556264108 0.9266003415231165 0.929809046718157 0.969249307869493 0.9725754414204225 0.9515568353597237 0.962660589505956 0.9402550056177351 0.8997512595704596 0.8484205456776777 0.8449489511499172 0.7916805896434961 0.8002397875697674 0.8022856350651992 0.7987909156706502 0.8120296811231965 0.8159777341425033 0.8220192270726967 0.8383126059325545
0.8423244011314023 0.8028564981302706 0.7991309071599467 0.8161715335735062 0.8267321399204483 0.8306677082384174 0.8447731976415062 0.8542597553451091 0.8303976622721446 0.8098577046394971 0.8497088301749125 0.8855842098164652 0.8869812860107793 0.8804610815530587 0.9040406141482288 0.9160415646375615 0.884428744035286 0.8972428502002696 0.9227270394686005 0.8873323905186621 0.9260285654475954 0.9278274752072516 0.9049062200325824 0.8872528349810669 0.9045416114189218 0.920000695405313 0.9480932448021604 0.9210895240226575 0.9521720347626458 0.9628971960618307 0.9340658540354935 0.9144817151764452 0.8800234324223034 0.8610679289627146 0.836202977293551 0.8002373639587153 0.8208451207401661 0.7817451218904812 0.8108904242382622 0.8105171624855073 0.8116100568122849 0.8349185404594263 0.8357128782542008
0.8166672967560937 0.8294791084633618 0.7964839273983965 0.8131613838730632 0.8183650507989655 0.834374803574711 0.8241988861408922 0.8255886803335659 0.7948450202108965 0.8296476988885659 0.8614039803739234 0.8776305140535091 0.8890573742685112 0.8821179496877474 0.9088145119850969 0.9108722347320019 0.8841105460928826 0.8860817237546874 0.9133479426018107 0.9194809368277137 0.896179191175967 0.886871551310558 0.9157868057954668 0.8959839343306624 0.9210624462867304 0.9031048357869905 0.9309077512308194 0.9639432891649998 0.9447429989617963 0.9390299476247508 0.9113899944358974 0.8860766719553389 0.8512895665070819 0.8551690977091402 0.8444081081256088 0.8188263907624314 0.8236738507701136 0.7971264518275228 0.8262966448003936 0.8429830868016873 0.8632123898264391 0.884017348972413 0.8792079519134501
0.8120824849516137 0.80896367778608 0.8028499905690272 0.7866004947967246 0.7909159177251388 0.769691935436653 0.7865765361653573 0.7883770024695096 0.8300090474749287 0.8159439646779466 0.8468852171827284 0.8442963289899901 0.8701884184928982 0.8700208072308709 0.8921672147830049 0.8904753313106104 0.8912938741930729 0.9150596465910258 0.9129988804492536 0.899933452937311 0.8989374076917103 0.870154597178122 0.8820084604637889 0.8895118718634292 0.9056040048272459 0.9215419411495331 0.9420099365394297 0.9666432502427693 0.9274820709888404 0.9076061535017321 0.8915421828836688 0.8451372370175828 0.8517987373375608 0.8312486162696968 0.827924433289259 0.8530673801773595 0.8435216559357549 0.8335280078631092 0.8422199116151405 0.8354900798726161 0.8450626460394246 0.8902068582611161 0.9009777236199974
0.7934337859313073 0.7751435561951776 0.7891881945219695 0.7490746393895832 0.764830615136666 0.769431872007026 0.7731047454220531 0.7840317453105058 0.8298713375352065 0.8312725324929428 0.829534622693733 0.8323292771956139 0.8539782571465641 0.8677482288039908 0.9030746095370868 0.9093954512986863 0.8880717308945761 0.8672203531047261 0.8774235260560214 0.8676210905435519 0.8415195420576476 0.8434693468005351 0.8601910407169706 0.9070025146111703 0.8933687610499996 0.8979892071356829 0.9450095715443018 0.9115414431855877 0.9116072505882976 0.8811821241254413 0.8652687434414355 0.8639493434025355 0.8967206007527717 0.8523613101130983 0.8754003668757105 0.8746661892524498 0.853669183915627 0.8954586968846676 0.8790127275746441 0.8431706816798779 0.8824291531799289 0.8701136779744696 0.8872327489129329
0.7932631879044638 0.7672969443607608 0.775455529714587 0.7469807340656529 0.7304051517347664 0.7641598680841777 0.8057885391158933 0.8218322027813801 0.835055907814675 0.8535965343902384 0.8727594423812914 0.8876856019317692 0.8682379396341553 0.8867190839887624 0.8741337223425779 0.8953233250334965 0.8941818132655333 0.8534926950665991 0.8459889077120588 0.812437752446724 0.8430325500457051 0.8403160861753682 0.8483907691396196 0.9063516171682282 0.8851276974938319 0.9219646189108887 0.9076903814808803 0.9133905563515035 0.8910017148878615 0.8739906661101671 0.883072912054957 0.918853250168368 0.9066269086006792 0.8998933083625559 0.9124029572532186 0.898665477915866 0.8816624764749078 0.9222401216799673 0.8860966038204694 0.8555201240456545 0.8963522612605271 0.8838309015759943 0.8557297723247821
0.7996843943700943 0.750629560204824 0.7464216612956948 0.7442641566441709 0.7392147846847438 0.7875351117959017 0.7992563416522787 0.7992773325334023 0.8394493241574077 0.8261422419612392 0.8488930940972852 0.8699195393284471 0.8353107350059474 0.8343138551946112 0.8559399069499256 0.8645881872129106 0.8702958147449266 0.8550735979858545 0.8170786020417216 0.7934455603725973 0.8242176901447047 0.8484737627135274 0.8514894515178119 0.9014497461227622 0.9080538591407238 0.9191728409888487 0.8938742312623148 0.8971472453157392 0.9019237958495157 0.8978598244144897 0.8863718383561248 0.9180324377866078 0.9221070288441355 0.900682588817387 0.925472066449918 0.9140627718987362 0.92543692853272 0.9277553295638499 0.8867511299148448 0.8981303995596822 0.8851811414952961 0.8808376690454448 0.8730380000818282
0.7900578903473929 0.7570045284626197 0.7616370933042091 0.74925378473924 0.7809158335574182 0.7836609249814266 0.7912324065395752 0.8067249854666629 0.8037292010652921 0.8118628684945564 0.8318346831263251 0.8294610084101411 0.8589846133253809 0.8317319734813591 0.8358025881962962 0.8581062888240597 0.8369104642009814 0.8471904950839807 0.8238528048157263 0.8034585368544757 0.8249088096830905 0.8274790446242193 0.8521728940125798 0.8964724853924277 0.8861139952473558 0.8833327805748453 0.9229547516302298 0.9004542139845987 0.906915240860976 0.9171773736765767 0.8942902801349023 0.9204764845083341 0.9011316942576869 0.9394353021044896 0.9144493479199763 0.942450862102934 0.9270353921538607 0.941036658323265 0.9284224387896572 0.9002756933912471 0.8768771353333125 0.8598354473405507 0.8682788008268728
0.7865246640003998 0.7446104733519929 0.7666369169806511 0.7790528517698324 0.7653859559651438 0.8167182287263997 0.8140447140276384 0.7849800642589112 0.8021476640173729 0.8448399101042269 0.8570505018524982 0.848167712975011 0.8720089898311429 0.8477381947508131 0.8540076910173643 0.8506192833642469 0.8595010190792581 0.8584756180510058 0.8444765091896629 0.8496730435041897 0.8394307546548057 0.8346895151745927 0.8748607641550359 0.8797183495851737 0.8804794230204955 0.8879772956922445 0.9209498354057343 0.9136057346663233 0.9572698357498012 0.9296606554753005 0.9284186156993015 0.9385407244546102 0.9091624127701283 0.915026740804263 0.9422993452550592 0.9521541101122886 0.9576532587803022 0.9419516340546846 0.9085841451710334 0.8829358441347519 0.8840428296992014 0.8747739733484763 0.8945094797100371
