Raster_benchmarking/DGGS/continuous/raster-291.asc
NCOLS 100
NROWS 100
XLLCORNER 1743151.2606099625
YLLCORNER 5469295.681211504
CELLSIZE 10
NODATA_VALUE -9999
[rows 57 to 75 of 100, columns 0 to 42 of 100]
0.8154179696641508 0.8127012656770591 0.7931113974552724 0.7298808752989451 0.6798923888802185 0.6873968405888095 0.6711091571265947 0.6490834139526386 0.6366362123022841 0.637439504229995 0.6057782857669725 0.6128774678169532 0.598229415961053 0.6052821279340818 0.6100987386678128 0.5805076552440561 0.5565221409465606 0.5834111712464903 0.6034109641729658 0.6194819172951684 0.5891166636877669 0.5762365060054445 0.5317167711544993 0.5564709789214485 0.53079314284224 0.555172849154529 0.541034038615184 0.5814335277659366 0.619224524838141 0.6314901245071972 0.657089945027105 0.6641508398868193 0.6617659374948346 0.6719941635326341 0.6528287478893371 0.6801035201790706 0.6622602751516631 0.6584630874171971 0.6702713701894548 0.6335507676495775 0.6332089237737074 0.6542174735557447 0.6556003615928663
0.8591619714166777 0.8024411585021238 0.7855493753027258 0.731230313471925 0.6941249021049379 0.6743669693436004 0.6285618284700547 0.6248500854948145 0.6778834086408452 0.6678014060792635 0.6395646795585573 0.6395132424582208 0.6509712861215715 0.6021450018716322 0.6159237863677586 0.6139009833600687 0.5938274425427194 0.5845766459989598 0.6013405438844712 0.5871376829668072 0.5824135878618806 0.5763476357605576 0.5425823471115137 0.5472447907005082 0.5261674281866993 0.5559229136247122 0.5506832848822991 0.5671181472419379 0.6289572275414975 0.6275346940400389 0.6278937855725784 0.6347505061969047 0.6800514490230163 0.6574176891119335 0.6460994149581278 0.6732440108770406 0.6291097609279604 0.6161704990764078 0.6301298318922843 0.6508525025707118 0.6399013693638606 0.6260859152698479 0.62606491439485
0.8716498668497179 0.8085289147668555 0.8083550044151836 0.7318162257062042 0.7038902520893565 0.6442816109143513 0.6145867734043379 0.629229496799707 0.6651221532064635 0.6707794264815063 0.6665853081761883 0.650022670360439 0.644616659551406 0.6123455129596415 0.5827089718861576 0.5972343717657881 0.6061171164500022 0.5720628077092524 0.6003709510021981 0.6117857161699533 0.5770595750551158 0.5555145036040381 0.5474877797225394 0.53641504753727 0.5470649947675826 0.5725706563144826 0.5899450688389037 0.6115683533483994 0.6334047300303537 0.6545661364605133 0.6481387912641078 0.6564736342012227 0.6559120822644631 0.6541850467843666 0.652411212018664 0.679267070795974 0.6576532416862537 0.6529269091285705 0.6051752958866006 0.606854317009342 0.6298610682241585 0.6169891860414596 0.580686402520849
0.874188476979486 0.8169101220497238 0.8096276262829368 0.718149104310002 0.6757784925160772 0.6615483440179871 0.6592632659378288 0.6433782250363709 0.6254038942581044 0.6601223363969292 0.6398949025197307 0.6379575916635973 0.5790789688498823 0.5814941173966899 0.5555055263680785 0.5620189859422619 0.5558357403676304 0.580411652308342 0.5670473346911001 0.6009781508413848 0.594580011856759 0.5981999154744283 0.5769251210553117 0.5612728799958092 0.5687653790406118 0.6054421500798586 0.6248854391459131 0.6114127027171202 0.6215236509603816 0.6389275366809193 0.6920181142189978 0.6626615783261816 0.6712930307731968 0.6739216691050217 0.6652685210833528 0.6793066107381401 0.6834863208714126 0.6549721898477019 0.5909131985750513 0.5757299562610696 0.5944947087074146 0.6018873061430896 0.540404740965374
0.8486434519808611 0.837391421611375 0.7918338649036525 0.7104528004469888 0.6840609039340905 0.6857114350298033 0.6509976085561037 0.6449397932158875 0.6506942881771275 0.6469698786968637 0.651084109946334 0.6176162448201349 0.6220123409177872 0.6260838508521834 0.6138956145307677 0.6148965118875 0.6080607003919194 0.603721358842325 0.5896379228814004 0.5867333733687898 0.5984149723562402 0.6155000662032605 0.6210345163642575 0.5838004656394401 0.608153679725514 0.6070304592694303 0.6417860749870374 0.6455512343844235 0.6524551602168419 0.6582770741902157 0.7066036706976123 0.7098528336400507 0.6830171264562179 0.6892824629559744 0.6730180703131147 0.646161635250526 0.6353030309641036 0.5870799022152662 0.5507188993818074 0.5750543844614161 0.6033496776529838 0.5699621410538473 0.5523144404912788
0.8480510278957871 0.817970944187749 0.7743034149038908 0.7303153069215602 0.6818075944794081 0.6852208447669997 0.6749803934375506 0.6371521464235064 0.6286829688438914 0.667112752726421 0.6454331032428627 0.6388785769015203 0.6235131760207104 0.638312430130923 0.6492502595909462 0.6350696731514508 0.6016918987120283 0.6367746212439673 0.632645982116501 0.6419506123300133 0.6585258415307937 0.6359335214256788 0.6360133855936434 0.6216387941599363 0.5985636516484807 0.6213142350659436 0.6605207083099593 0.6524405655406333 0.6266412502792373 0.6534975793399271 0.7061647501921098 0.7088531587198762 0.6840389534162794 0.6503740593706886 0.6665842587034642 0.6571554629998474 0.6034504962196364 0.5598395901814223 0.5552648376983655 0.5833295295180323 0.5853632600972293 0.5403860663480748 0.5211892772385424
0.8523834825194684 0.8517334944185369 0.781035774861968 0.7313124721337058 0.6802464779098322 0.6762052941697775 0.6606743589926579 0.6583992344190327 0.6891158252292267 0.6657105288978296 0.6486082665711305 0.6657104623921777 0.692402850110831 0.6969117376944094 0.7017214561026632 0.6512767527774879 0.6323094800904095 0.6457628835020582 0.6334554164420423 0.6424827571437264 0.6573504082733737 0.6334057856936418 0.6740239769890811 0.6640660977371229 0.6550838869874698 0.6412271842463392 0.6339538728406934 0.6472143295889843 0.6622337661446244 0.6655202655279489 0.6685650338383348 0.6965676238786033 0.6986070201485225 0.6393954547002715 0.6291701907631784 0.627271772690945 0.6097716419192638 0.5755314488853172 0.5625977897004346 0.5496322756975236 0.5713156644943203 0.5522729200646409 0.544219420893445
0.8962242034073631 0.8830747427382749 0.8295076347085151 0.8019883716452697 0.7323268179053395 0.7147496670380152 0.7087552177542477 0.7018863801018146 0.7001716981841554 0.6879885954915356 0.7069426259839999 0.7198715832712941 0.724869954751826 0.6759213427135979 0.7041501231169801 0.6892940192073996 0.6605300400533903 0.6299288693617588 0.623123244334511 0.5953711625917438 0.6133779653888278 0.6180226811791563 0.6795127327930872 0.652653545472537 0.6690925071268157 0.6546098744974623 0.6295322665519242 0.6415714755968644 0.687285846739143 0.6576491615158087 0.649597219638166 0.6931120464466729 0.6914065503899595 0.6339566781178524 0.5921826055435497 0.5704290849416335 0.5553734133179864 0.601460847023703 0.5698162688786164 0.5570307852359403 0.5645158387685488 0.5661357981160473 0.5581228378107771
0.8899303354362907 0.8545179084046792 0.8332398569694022 0.8173361980255067 0.7864657879702518 0.7461083352212505 0.74639911280953 0.7356917356400074 0.7147663346874832 0.745078112061036 0.7110889405014829 0.7019288649899768 0.7212944494136835 0.6824572477649496 0.6690808613647805 0.6778184443256466 0.688238130478514 0.6449545389584576 0.6090082210209196 0.596765499856541 0.5921275979344476 0.6336020249486837 0.6635202784636793 0.6477838342345178 0.6229060765853224 0.6178254031123095 0.6356134024851116 0.6688694787546516 0.6686399991368474 0.6400535271540944 0.6556354208574121 0.6532748224093735 0.6361478623541676 0.6413240090976642 0.6292049943992595 0.6027020352015059 0.5819163482839441 0.6029508567703924 0.5909309139470955 0.5930794855403405 0.5846753200049228 0.5928067635369424 0.5973583653173983
0.8748296171574799 0.8552548366441189 0.8557951594286324 0.8374576316461201 0.7840915086390405 0.7811222393154299 0.7634970312516749 0.7371395669908763 0.7734912829510007 0.7512554225171788 0.7067167018503205 0.6926858064355077 0.7029034480376907 0.7017989967409346 0.6516696315930024 0.6568408138834955 0.6714625240956675 0.6665971536567427 0.6083234836556415 0.591451409130467 0.5801833509994798 0.5995214161970981 0.6497326056419965 0.6244675858108919 0.6223054885847124 0.6405829662584376 0.6428342262416438 0.6677635587475944 0.6563344022461909 0.614632923579249 0.6075186735275773 0.6471831666391711 0.6327102256715469 0.6468961904693162 0.5965612443197769 0.620181083688044 0.6088112458721169 0.5851609898926609 0.5996451047970632 0.6122359928899597 0.5978841184587572 0.6227439562013207 0.6014249822803912
0.8705587360629148 0.8431405906473936 0.8201206612741306 0.8141280504992737 0.7816114485172541 0.7765648969828318 0.7489707597550309 0.766635038762106 0.7529772451720679 0.7346696029024813 0.7193252028234308 0.6829839700534555 0.6618389266331673 0.6710844119916713 0.64248703561285 0.6621321858157361 0.6544643938050999 0.6370822053154499 0.6305030196637778 0.6103677193375024 0.5948551320548845 0.6369408554251063 0.6341161838279451 0.6438786994932137 0.6213655599025392 0.6346475766426567 0.6359013393787138 0.6559225166142524 0.6195363454647423 0.6093876879218428 0.6007968669186006 0.6121876369340715 0.6059963849407439 0.6334547931416119 0.6420002419798143 0.6027919143536455 0.6435984908492028 0.6094445408500354 0.5977739634509066 0.5903529211636162 0.6005583012289617 0.5931205551567392 0.5893499401781747
0.8498691361827039 0.838715764691939 0.842085852760262 0.8171367137343096 0.7756381583895553 0.7668031351134676 0.7540920680731259 0.7701555346598473 0.7770887743500484 0.7122027809726417 0.6842628077135953 0.6639763853059168 0.6518153140343659 0.673070868812008 0.6447815936430182 0.690334691873023 0.7053644489985496 0.64445780794167 0.6602796740503888 0.6016629440693076 0.6002174499540011 0.6053042205683817 0.6657522372066681 0.654849555009849 0.6881913631848567 0.679451285738117 0.6776490477266087 0.6733550762326208 0.6275203720783116 0.6219224536138601 0.5897835462418307 0.5879292128226936 0.5943313986113129 0.6415898689573089 0.6442765092655726 0.6231965241004063 0.6599766550224047 0.6761888460916277 0.6614252504437489 0.6293655143792504 0.5660087171830075 0.6181604292306262 0.6264151333310395
0.8343815045554638 0.8449679315565501 0.8144840910719515 0.8051156567129338 0.7723064128256155 0.7726595666638945 0.7632688084808408 0.7840927872323868 0.7488520603419783 0.7525953684483007 0.7055126073652263 0.701049687875024 0.6553775087666839 0.6324742479504506 0.6267975263080898 0.6767693991383624 0.672493186938055 0.6688269773934791 0.6474244260480478 0.6294683391614427 0.5821265446830801 0.6131756445454812 0.6626873299924028 0.6713475788650973 0.6451068964017294 0.6738452682950854 0.6834400206385813 0.6475285793000052 0.6473046113304209 0.6159027260137431 0.5879506761708455 0.5974032546018304 0.6220718605522764 0.6361630247412715 0.6255912320256771 0.6709479966996121 0.66689925703995 0.6878203052216016 0.6709932338050398 0.6077249640763112 0.5999189772744455 0.6140450015506899 0.6363242798977031
0.8439332070802633 0.8218004620196763 0.8173579583370205 0.7730553833021213 0.7439406555756045 0.760070006454002 0.7863404985452783 0.7626070828959503 0.785497550197456 0.74823806159087 0.7022274813792044 0.6801066709340937 0.6963325604930417 0.6668175128224358 0.6415518278446202 0.6657628151591963 0.6518985215268529 0.6538773927088765 0.5994682299492574 0.5802807900463368 0.558624154469652 0.5803196123917397 0.6235847230584823 0.6291492521868837 0.6479119306415667 0.6613279462911059 0.6357288321646402 0.659615788570746 0.6666083276387867 0.6228412113025007 0.5987532777171286 0.5999841293894264 0.6011371300778577 0.5992514017462056 0.6338251808145569 0.6507130467105542 0.6881644396127172 0.6554315485715974 0.6496546592520105 0.632702810286257 0.6301072785405021 0.6337796259794439 0.6284017744872781
0.812475401620561 0.807884548532059 0.7839402385178418 0.7875445032986217 0.726514434038686 0.7565283203795913 0.7870032386364868 0.74912398438185 0.7613971381501152 0.7550770234155911 0.6793660221992596 0.6530711936524402 0.6453878996566866 0.6341616637157603 0.6392551011644706 0.6165469884046287 0.6323052522429197 0.6185116665150143 0.5717657325030666 0.5992041177170102 0.5619250368894366 0.5771003800530218 0.6015538580054525 0.6325808494319302 0.6217630514650674 0.6498273482122093 0.6526975518004504 0.6510471995575036 0.6274518981278765 0.6476954491639787 0.6173022364457296 0.5921828586340898 0.6153305542832347 0.5963604181456645 0.6474179023197792 0.6604288704345312 0.6835717711989158 0.6706234417120012 0.6376602503182215 0.626051439533823 0.6407015981663969 0.6456796938726057 0.6433489463963702
0.8248884129337101 0.8149984802156988 0.8022404711272788 0.7854953562326651 0.7059341922145815 0.7379495415864359 0.7638677157367889 0.7760926854828546 0.7667993860982776 0.734820454698608 0.6936170937260739 0.6496185013138948 0.6255144297325123 0.6281367441067528 0.595196497912049 0.5674329498851759 0.5540005078083678 0.5855885405595257 0.5663510272338638 0.5611171687550073 0.5745121124519814 0.6138810053122599 0.640080727760201 0.6251827812399299 0.6073361659022587 0.6065559465949669 0.6428543290512984 0.6292139219608474 0.6458159818221816 0.6349692820114264 0.5784528235577768 0.5783530406844662 0.601992854716242 0.6158245543836494 0.6249658264020986 0.6296087799145362 0.6825757834906816 0.6801641180088458 0.6609972276528837 0.6603316589558538 0.6362343327684095 0.6285325993535624 0.6483467382815554
0.8123304871952142 0.7754597687647429 0.7931928959222835 0.7586608358518363 0.7307971456553551 0.7117511735640027 0.7532032873246629 0.7408908343672375 0.771527368148805 0.7571791153878541 0.7333105078986709 0.6939862638577347 0.6286009654511668 0.6359759206152206 0.6087390988583641 0.5712067760768469 0.5558565320577723 0.5774101088235378 0.5537573053867004 0.5799717053331548 0.6094495127151793 0.5974865845194599 0.6160583878057314 0.6375727088842843 0.6200671318521402 0.6273664382500972 0.6660254248787248 0.6362253160230914 0.6372518033050187 0.614932086093673 0.5969559978118871 0.6190775920501168 0.6369057786949479 0.6426732211691816 0.6399575496440537 0.6424190503502794 0.6599316057612148 0.6551382362091276 0.6405038476919815 0.6322417067990658 0.6496288813080152 0.6440542627914384 0.6589124614934792
0.7964488134558163 0.7691350110707845 0.7834736780791374 0.781168398297399 0.7178166945668865 0.7132823705476636 0.7347704385668301 0.7481640491976863 0.7726686394554065 0.7693384549992527 0.7112971385796611 0.6531480761651198 0.6406629903490366 0.6349854901357854 0.6217893746822527 0.5989374130840667 0.5389088411938423 0.5669813891483754 0.5527968890137404 0.5785216248983001 0.5936285391615737 0.6330994324855292 0.6141119627740249 0.6267885171466018 0.6453735649910186 0.6688207478322077 0.6749203258067922 0.6815977434766817 0.6871590367221527 0.6090922003347771 0.6044988112039332 0.6521389519798808 0.6654909726919673 0.6413519201794528 0.64114071088363 0.6590256135211874 0.6166888429231271 0.6347608755994556 0.6576912407115498 0.6284159889702718 0.6295551883036788 0.649962099993641 0.6734774535923919
0.7611588008112526 0.7839183175653919 0.7816751480497088 0.7640570089403488 0.7332079917292228 0.7031591213111447 0.7142881218974715 0.7235793085919683 0.7396797155353749 0.7498253534065847 0.7025677655130297 0.6574012787740534 0.6176150780192131 0.61650456387045 0.5885061138057706 0.574904988747236 0.5786442311266208 0.5766668373913807 0.586686225498824 0.5735996500077413 0.6110229369208207 0.6478606324682765 0.6352732995362148 0.6241098700195186 0.6560045241811663 0.6401086018867381 0.6739881906958748 0.678566781798466 0.645332498254964 0.6262791982587019 0.5922738546363947 0.6273703731580462 0.6409901635368609 0.6381720087648526 0.6718357043835818 0.6418411292198805 0.659684325363897 0.6401436033911264 0.6466131070166791 0.663834358250427 0.6627235125717286 0.6590069707286196 0.7027374720332604
