Raster_benchmarking/DGGS/continuous/raster-96.asc
NCOLS 100
NROWS 100
XLLCORNER 1743149.7637715954
YLLCORNER 5469293.508085729
CELLSIZE 10
NODATA_VALUE -9999
[rows 76 to 94 of 100, columns 43 to 85 of 100]
0.4329300176251261 0.46600477088890274 0.4822995604795575 0.4724913010341999 0.4522546521443952 0.45926293384324474 0.4823762558837862 0.5102464507761433 0.5706801435146007 0.5716007633438536 0.5528035836234317 0.5440229286697219 0.5549121168380772 0.5983538239262806 0.6361806556605931 0.6184166312050708 0.6386215451589015 0.6379654986125252 0.6585253901746877 0.6980409958567741 0.6915889257267668 0.6950885240860406 0.7198384958033841 0.7376839788883058 0.7386976607366347 0.7803831821382178 0.7908497947192737 0.8090900521215921 0.8573243163105307 0.8534789198490033 0.8770889094492921 0.8962120739874808 0.8853145954694666 0.8898940923029381 0.8857144484000921 0.8460460306061597 0.8052513380688189 0.8065606888839811 0.7991758118459762 0.7969118799799467 0.7661542395888087 0.7649141169774689 0.79607965330407
0.45246761400327956 0.4599442493606681 0.45250536146227777 0.4445534471050721 0.43698385531443085 0.44125320962613657 0.47329603732097897 0.5097969208375538 0.5404101247920554 0.5520478482331138 0.528488204567512 0.5649476148650802 0.5538173211014756 0.5667315297481503 0.6084802934383292 0.6120218461346987 0.6171755987368871 0.6512483868983301 0.6666775708871524 0.6556551293956898 0.6910062161621983 0.6758942809101025 0.7042698743490671 0.7126949197775815 0.7679775628433105 0.7713913953170619 0.8103727990058037 0.8221153180253165 0.8499995521701824 0.8330274342575641 0.8357483007081804 0.8646086187995506 0.8529524564298552 0.8406703948578671 0.8425788700184191 0.814751596499312 0.8014095186721379 0.7824805008552479 0.7755015199866915 0.7888085752806389 0.7894375358917727 0.806868769194887 0.8075322336626244
0.421437300555987 0.4161895616574626 0.3970812014619647 0.40356537409640825 0.429320290592504 0.45975189945221073 0.5026565525020024 0.535873528894713 0.5350327387705118 0.528011775848461 0.507767118849343 0.5486522931034817 0.5403632648932067 0.5560332020502969 0.5542585790711907 0.5929513085178774 0.6086162888655807 0.6425926430404008 0.6411801705083113 0.6454936817832542 0.6676029457392112 0.6706530941974707 0.6953447707419329 0.7272211546768638 0.7574820230391337 0.7639004800216753 0.8092490110053104 0.8113271217274631 0.8378788032109923 0.8109894826787334 0.7835637722414771 0.8125094895708314 0.8239669837475784 0.8272782063609099 0.7931920343990648 0.7772954484157446 0.7876620344697035 0.7666344297082123 0.803982229386804 0.8090217622154249 0.7997339622778146 0.812420028760074 0.7901853100424441
0.4441989715979353 0.4252446415379073 0.381373703809811 0.39320328916808955 0.40859647169394353 0.459719802851855 0.499682599059008 0.5035801015281899 0.5457510677961617 0.5224686912379523 0.5058129803991712 0.5552515042125677 0.5548070225154146 0.5393471702465013 0.5383662757340547 0.580660886861012 0.5924948121762124 0.6175536066921079 0.6109851692119862 0.6470224394562337 0.6815216912732407 0.6769620670972126 0.6901580938644486 0.7027679451602544 0.7637821070293567 0.7594839336729442 0.7783463349529137 0.808240835430931 0.7986063397728506 0.7981074026516356 0.7567082187341396 0.776780715088466 0.7390304851075767 0.7857451689451006 0.7919052701309609 0.785348227801738 0.7580609688576088 0.7613759565139975 0.7893792162708787 0.7710013200823078 0.7905596543124312 0.8093218916030217 0.8042565015766177
0.3922225251389408 0.3751107241931913 0.38185132063936045 0.3891944370364202 0.42448520118493843 0.4556349032744164 0.46118444288783444 0.486256142994241 0.49987626083021497 0.49614962033253224 0.5182010408383241 0.5398321508815613 0.5277864901939125 0.5609030007136379 0.5516021608655906 0.5641486809526496 0.5711364858570664 0.6201239516115029 0.5978963955454829 0.6297037001458844 0.6606965166044009 0.665510268021911 0.6948594931485303 0.6920969681122466 0.7331798299747853 0.730402058030053 0.7384076072293857 0.7810177318175314 0.754252341376619 0.7643104087026265 0.7524256323579315 0.7332124250900509 0.7333157947495322 0.7163716870069773 0.7227402453005711 0.7507264784628351 0.7681348101136541 0.760477832602041 0.7538405008732861 0.7822462551693113 0.8074795156746979 0.7957017039231693 0.8000786027362368
0.34978054065694497 0.3697565154764983 0.36418326645505783 0.4144357369327388 0.4219216308433879 0.4377315386711565 0.4571323015116623 0.4843765596039294 0.49067901086760374 0.5274833139277003 0.5207104774367763 0.5361156697625794 0.5271317697062067 0.5206809965674692 0.5433681932375873 0.5680993874695719 0.5925157810629647 0.5821943148862966 0.6043672595323256 0.61733348212932 0.6524745152680704 0.6412284508056704 0.6414659156414141 0.6724149780791798 0.725352195311168 0.7312807925010834 0.7313491918261743 0.7362714349541317 0.7367896019806057 0.7303991530466618 0.7041982796344112 0.6959517798956882 0.7110228116166953 0.7034149763371847 0.7097148600016294 0.7024070699153147 0.7285379218943966 0.7567561705030358 0.7479862874536546 0.7789174993014624 0.7889641598537607 0.8109398806255842 0.7811619728657946
0.3450194253283609 0.3303193229175131 0.3742994932758746 0.3968809606253909 0.43547410366110967 0.45070546976426873 0.4890581307677878 0.4840912516758986 0.49382753683333397 0.5375220061132727 0.559384882553902 0.5499987186072338 0.552123015917183 0.5120364346079074 0.51236803085744 0.5521840100181715 0.5688547575612201 0.588451046900929 0.5935939774435355 0.5942434759218477 0.6005133648351361 0.6118808120506345 0.6363538774455662 0.6530782343916686 0.6762923785481535 0.6690479190132885 0.6703013175687642 0.672758771760962 0.6751369980379869 0.6865396181222929 0.699809935937495 0.6786792463087007 0.6727361927528202 0.6956375715182583 0.6836791621776471 0.6993962393175667 0.7489929831617411 0.738420575350154 0.7560708538252416 0.7610319109793281 0.8038332073803627 0.7870295757355557 0.7840534957340819
0.30886083698627403 0.3206980613866047 0.36272150578833 0.3917976613797993 0.4239580052525133 0.46855757901987255 0.4940682077705818 0.4792059140296744 0.5105944732089209 0.5457008342155579 0.5499693297341465 0.5540229814297933 0.5396512834748902 0.5078892558585266 0.5247092192133237 0.5283656051831478 0.531380675393238 0.5671181034926082 0.5936227150035057 0.6006042276094986 0.5519723069264216 0.5900241926150182 0.6196409768914282 0.6524506766403289 0.6557861176779591 0.6284422280289562 0.6278926060830188 0.671859277728416 0.6758235938675758 0.6825624938419107 0.6516457878101707 0.6726441815358998 0.6731238626059093 0.6643922999475426 0.6977648197738511 0.6899767343962209 0.7505682234757012 0.7530042278941079 0.7862117485181157 0.7970475410052449 0.7924521423663583 0.8212341835426051 0.8340658088739653
0.35077239548001915 0.35183752370376514 0.3573621832711782 0.40445237457360894 0.40141520547406834 0.4292523384152836 0.46605146228767774 0.493463109491943 0.5310240508716123 0.5373056063802764 0.514506929724453 0.5478391183340263 0.5305032760605114 0.5438350659933371 0.5148999977195204 0.5476250969296352 0.5314871115697417 0.5714122153040084 0.5826536101067368 0.586173437596454 0.5603872862751262 0.5826648154204771 0.5915715316746715 0.602602740736063 0.5901208465154234 0.5901742195028848 0.6322036242233741 0.6448966434613473 0.6560834797893073 0.6727092878987988 0.6551862765653724 0.6398400420011916 0.6788593656388628 0.6686593797277266 0.6798814628719777 0.6977779003854796 0.7275120727014924 0.7566841934255308 0.7878491265259987 0.7786510534894104 0.7638999534587441 0.7889735123393673 0.8449399255271446
0.3775942330530966 0.3817977040053569 0.3997380341671261 0.3823934932081695 0.37523573550395706 0.44855560650600085 0.4799290738659089 0.5045498449947807 0.5288564242209977 0.5304485281634039 0.48657577837339533 0.5273609326023901 0.5375956002866906 0.5028423800428868 0.5010482190545092 0.5474398572015023 0.558745454683835 0.5397599649563546 0.575216474309375 0.5608612994976326 0.5651222373220655 0.5798859362899814 0.5588507029101856 0.5881366354069761 0.5743535191878564 0.564041461444186 0.5907812308116783 0.5991133336876824 0.6171881328851426 0.6708698911739158 0.6781021330261118 0.635810166577153 0.6430831935782417 0.6651785805239991 0.6690937833164929 0.7095159098417252 0.7143013865842557 0.7607289201789833 0.7577534036417742 0.7521318172964474 0.7573670385933495 0.8024162925347086 0.8494766554638762
0.3714221094326312 0.3705262912287934 0.37638263781869935 0.38170120878736613 0.3863547187717204 0.44017246294054496 0.48572507546730664 0.5209212464316237 0.5487899415516313 0.5388966289433076 0.5166161400339035 0.5354973574291746 0.516991588735329 0.4846111543328689 0.4652128363956925 0.4983723689244969 0.5301875253817513 0.5364981763640935 0.5818527719054223 0.5624526890717054 0.5529607252860457 0.5621623499214585 0.5338185835147331 0.5399099096770101 0.5439712360748538 0.5619738434976757 0.5648515100418635 0.5956581551810116 0.613572948998774 0.626877095411323 0.6430337632298965 0.6471214524658745 0.6600679806333782 0.6667693105543676 0.7099686594402419 0.7223652653601284 0.7439035174661679 0.7317505391674751 0.7490979856461119 0.785260901885729 0.7986359000129747 0.8322898722107964 0.8685946747759227
0.39704014856030967 0.36825500216624274 0.3742912527710908 0.35468162555844673 0.344684433720094 0.42416534583951937 0.4697289732481903 0.4807887115912592 0.5211665633063115 0.5145112588239242 0.535948611747885 0.5251452413394015 0.5175102464028866 0.48077141890614583 0.4681251141020583 0.48525459524509473 0.518230989113308 0.5416323759375048 0.5736438121450983 0.5714685353889647 0.5858891348087483 0.5378234248557201 0.5234235741962748 0.5619190677019831 0.5499544038367234 0.551221966074274 0.5908746449610472 0.6147958860591676 0.6203169412549971 0.6055954249000579 0.6064968106208741 0.6039870789969243 0.6226624277802059 0.6427702008724877 0.6962285990642384 0.7282470172601234 0.7202167951920709 0.7565816267074693 0.7677404274741089 0.7903531189134043 0.7771262833310463 0.8234561181233401 0.875005984039897
0.3921103287384791 0.39464217829792353 0.3677249880792756 0.3563436607837971 0.3637399170218403 0.3925501498751875 0.42286782393960376 0.4806556436155429 0.5092892466380241 0.5076308133979267 0.523262325779898 0.5341465819456592 0.5135986909221336 0.500353768236763 0.47078692156954977 0.47044465633126925 0.5066758192296947 0.5293260541024162 0.5649278274014492 0.5679351628786131 0.5441464610876676 0.5435338439230746 0.5424882654366394 0.5437159464600437 0.5668262277203299 0.5782118955791777 0.5762682323030981 0.601043443407409 0.6090518350248527 0.5962449730452124 0.6008847682510379 0.610344360156481 0.6319582077879257 0.6730958415035352 0.7008087202388094 0.6885310053879727 0.7363506956508311 0.7220423136968825 0.7685597496927066 0.7656578492815251 0.8093909262839075 0.8526329991550692 0.8780507764836428
0.38030893246415765 0.39128427267650273 0.38785243042565676 0.3571306874323535 0.377196829882062 0.39754296040186293 0.4016745738348297 0.4399725891443709 0.4945085795256573 0.5021766863838675 0.5031068534283695 0.5053458211596508 0.4981155584000895 0.4747565172502965 0.46459500467659504 0.4442162499898013 0.48920084817011966 0.4947339452997427 0.5253822978097961 0.5358381270266054 0.5666433947263546 0.5341434361686255 0.5400940463317845 0.5376825230511038 0.5409548125612126 0.5757779681841589 0.551035558199533 0.597005831853454 0.6063479826525876 0.5933129344516165 0.6240882569781054 0.6401512129533539 0.665358100101502 0.6715344039758648 0.6673687365387543 0.6763583359207603 0.7332177324227026 0.7401283313361627 0.746071918292226 0.7927531284517271 0.8498447608523707 0.8338160769431306 0.8653437875475988
0.3802751992503006 0.35180449890233567 0.3831585070392396 0.3911526573386449 0.4050128958506202 0.41577925784421027 0.44189458217843247 0.43280977583247415 0.477562890340773 0.4910447284487873 0.4704610573702973 0.4789694999419881 0.4520060277895039 0.4535069727977791 0.4456306236856764 0.4240549146369899 0.4671770440788635 0.4862149649333401 0.48382378684267807 0.49778774044964225 0.5174350959694651 0.5371430221246332 0.5611108624887138 0.539920088290157 0.5402362698543547 0.5472850001762962 0.534966582138661 0.555944783565239 0.5802731248665439 0.5868682995346232 0.6082574896819605 0.6116448212458779 0.6488562367148474 0.6562400635988579 0.6849099157325791 0.6939896561818969 0.7179676696169531 0.7191090953582644 0.7682665125918714 0.7892392470167494 0.8264234046050557 0.8518283923111117 0.8837556218487382
0.3531086282289199 0.3332041396509251 0.35746585176031936 0.38038733429872174 0.42024675908425213 0.43345674819093993 0.4294084612379034 0.41195608931959554 0.4552239744841465 0.4681432342446808 0.45167850238176555 0.4459576461847591 0.43706705251638545 0.4219986410620539 0.39544772019834656 0.3953718548968723 0.39996185509473287 0.4358672749948225 0.4652996305247405 0.482738336534491 0.4828844079249719 0.5047944932108702 0.5407197199950815 0.5474472150349458 0.5391871567796215 0.5297657689374705 0.5603295871085409 0.5257464752736407 0.5356978295983073 0.5620943847072338 0.5816420255876311 0.5821309842065379 0.6226428244994358 0.658167382340629 0.6421974614291167 0.649953034286156 0.6920312363426893 0.74253752420165 0.7728968488183292 0.8233195978129163 0.8764816041613127 0.8694803656003888 0.8864858228967406
0.3251234643557778 0.35277391933438407 0.3456899861043306 0.38134211395166745 0.3894137856436773 0.3930107050075426 0.38402512931907046 0.4154754496718431 0.4013435244995895 0.4269640747837395 0.4015173541486066 0.4061500655640572 0.3821698976814843 0.3926632912110363 0.38300381164561087 0.350076558909114 0.39286616880499176 0.39755085660403 0.44080750527709867 0.4404500940925959 0.46662851438353153 0.47906760137776183 0.509842062161455 0.5324540903073568 0.5427286781161721 0.5605790020448492 0.5524213788363113 0.5420186740625951 0.5494483192059656 0.5658216711344598 0.5881718104272897 0.5776349859172745 0.6016609334633601 0.6421969037568704 0.6436152100519177 0.6622404357965214 0.698123461630911 0.7465424099571557 0.7649379712905544 0.8088434604587076 0.8506507182803623 0.8507472791497563 0.8667603680017674
0.34002697716863295 0.34037965496837425 0.3532490429669268 0.35059873203346653 0.3259012031886485 0.35812300134987696 0.37178825149881745 0.36966673573245323 0.3635661726308481 0.35612852149700364 0.3666995250874581 0.3705967443888486 0.3242889618667045 0.3178390402015523 0.3406954405176958 0.31473215161404516 0.3475194654996383 0.3876561441091527 0.39546559006924376 0.39261636952973816 0.4156399026713142 0.44392416166990456 0.4598451229984119 0.5164162100524274 0.5103066596736202 0.5402165932661465 0.5799945672556642 0.5723766056246932 0.5666245965407162 0.57954408921644 0.574181262530699 0.5840720987126541 0.6077341766591752 0.6300462996797713 0.6542963232539278 0.6909051520879919 0.707649101344276 0.7593774014497555 0.7533211768087213 0.7743862745283544 0.8318893641408286 0.8496174967000277 0.8872410190254717
0.31281316713486335 0.3212837708590488 0.32576176293768716 0.3232644277921644 0.3201310500502283 0.30985940521925986 0.3052951238209644 0.3147598603384273 0.33451480849448173 0.3339238539439468 0.3468480990187827 0.3365237256298981 0.3321087012766548 0.2870308385319562 0.31454718659829656 0.2958909169358533 0.32950049047497637 0.32629464267711966 0.3502287948905817 0.35459076259170236 0.3978926128246933 0.41996985836404505 0.44123038420555355 0.479146586947244 0.5260953432107771 0.5420098350566799 0.561554964216526 0.5797798841125414 0.5906362847942838 0.5830500051638201 0.5840751941981265 0.6061654893696526 0.6083474388308263 0.6269546846440754 0.6611773606787994 0.6990966704146958 0.7000932285198432 0.7491569618172135 0.7584241326748208 0.7814695592803583 0.8102439658711168 0.8585715435099938 0.849420722042867
