Raster_benchmarking/DGGS/continuous/raster-475.asc
NCOLS 100
NROWS 100
XLLCORNER 1743153.4776979424
YLLCORNER 5469287.747427033
CELLSIZE 10
NODATA_VALUE -9999
[rows 0 to 18 of 100, columns 43 to 85 of 100]
0.2875109259414034 0.24484928869773492 0.2408375388973138 0.22298521381838007 0.23889051603530023 0.19594573141299168 0.18779697049193275 0.17058760095394768 0.1633520312121053 0.15503169761132882 0.14703833409290246 0.148767724499071 0.11614761287475654 0.08039462122768798 0.04329829119578253 0.04383160656046523 0.04595021022630471 0.013056924539944333 0.04369279106566126 0.06686486296082682 0.04714854400287683 0.08874622784257852 0.07722513270472309 0.0738154521303843 0.058836599098854574 0.05159241426478285 0.07198566929791109 0.07705670077152055 0.09915348124560892 0.09119712624122969 0.11340908656116616 0.11768197277758652 0.13234106317737052 0.12784710054174128 0.09679141418029269 0.12067804843073053 0.1026268119619735 0.03181266642701409 0.046845971314948096 0.03122573682669032 0.05763544140799015 0.06486630252439722 0.06210565827726931
0.28481662106389277 0.25569690401164774 0.2696138995639327 0.23900171144297852 0.2282860515649338 0.18169003568085262 0.16373634703571205 0.1425357579796361 0.17336764472528052 0.18210225773912606 0.15867704674102195 0.12129001547840716 0.11181865214179425 0.09160912554584945 0.055372127563894195 0.050590837979958614 0.02932492561725443 0.04557251474416563 0.021803474937446925 0.033370967678766565 0.046104041204918185 0.06420956847884603 0.09691004424298401 0.06652893802352788 0.05066917844852556 0.06806920781349309 0.06275542948823425 0.06283759240103357 0.09995595501432591 0.11549938480095456 0.10692333326959094 0.10897139054425749 0.1194954574612518 0.0970344835340992 0.11307191412755614 0.08873456695625849 0.10024478710355911 0.03806402721210276 0.041868492040248076 0.036956047194964606 0.07392586773798158 0.08374824268733111 0.06714794498601111
0.30120763192724553 0.304027499632651 0.28350554107065895 0.23167853213612527 0.2345630456504643 0.21749668559751603 0.1793106110265907 0.14502415701630317 0.1585428708905006 0.1578102209482511 0.15085164931223818 0.13510566703423518 0.14450930207602286 0.10231988566060334 0.056213154734846005 0.04950227571256631 0.024214640368006152 0.03707971453645956 0.021452496344009905 0.03389911503265862 0.058009017704326316 0.07576787935903982 0.05775392884214076 0.07333639282343092 0.07721258135121217 0.07260296733792951 0.03980558264380063 0.060517289688557636 0.08468077375742594 0.10136977101804005 0.1074680551129181 0.06411295523874182 0.11173496371413497 0.09409142957896795 0.11610805415812579 0.100690079860167 0.0877795219856811 0.06417479934383685 0.03272152421568658 0.04052344656663876 0.09445913327471689 0.09409356480197581 0.07241608527633352
0.30090379913131626 0.32904014891585703 0.3044879706136177 0.27344523192832654 0.2322262954114095 0.21213008879399142 0.16427539893152146 0.13527738780484255 0.1590620930050946 0.149311937546218 0.13765498228744535 0.14171452425488426 0.16274818445851116 0.12073223623331188 0.09825528259560093 0.07733469801792335 0.05976553084151459 0.029601824742512484 0.010988376102488729 0.0028253201086575973 0.021121630290576985 0.035274002803714295 0.05896749950263454 0.055877403830476756 0.05444326467551379 0.060896297263395925 0.045529029796155134 0.06095711515890675 0.05989234601752442 0.09009698150137428 0.08829020843502494 0.09684667095028107 0.08106841814896398 0.1205800989183712 0.11071840632068014 0.09388527599679515 0.08034495323189748 0.0598439804759779 0.06634557366799845 0.08544550262238489 0.09990497579809576 0.10196418649231462 0.0880574288057779
0.3343372557477372 0.362113725674802 0.3255179962799264 0.25935868480624436 0.2277700265267842 0.2128481674108464 0.18148973092696274 0.1470365202703267 0.16533820467085197 0.15155282527590322 0.14674563828926562 0.1884789979532252 0.16728930160418873 0.16188130947698873 0.09941707490085126 0.09558797544469702 0.0923060639495471 0.039089056843408666 0.022995698236771108 0.004717493889642543 0.028341214705795967 0.001082227247267655 0.040758879408912554 0.051523244412004995 0.033276421407364414 0.037869998715207534 0.05532577431014207 0.05365691478493703 0.04621710283869021 0.06973381109619349 0.08293693602033769 0.12288871453771535 0.12822544793759677 0.11640296510216604 0.14851833508118256 0.1410361337475117 0.09241201988269272 0.0800546976918761 0.09323111315858398 0.09164154181592266 0.09667133536113197 0.0946905107265615 0.09402456544109926
0.3172393948709619 0.3051086797248226 0.30707524905732986 0.2666480522789105 0.21633036653666896 0.2103490129895382 0.20999554775931725 0.1576398005140947 0.14341402026341485 0.17785957687493387 0.17300407171901389 0.17162150729626027 0.19621977923671835 0.15042241678044974 0.11180177863118483 0.08260266404551242 0.08692020595811455 0.0581067735685885 0.013015304463542888 0.030439051232153593 0.027462765675554113 0.02889614599404334 0.024175288249268626 0.035994323863299975 0.042980120025205334 0.05209469433843697 0.03732830177977395 0.044846851234926745 0.07233123046400522 0.08097043539136711 0.09728079478355536 0.11737345351177973 0.10810546903264652 0.1300798138907242 0.1381199179720275 0.1158780049910336 0.11901419594038878 0.13108199141541793 0.11235379950518408 0.12619884040045987 0.1121297943768365 0.09532183820209827 0.08221078873541865
0.3374583035527654 0.3130815892464041 0.2698397976546582 0.24892552799425058 0.23619194757407125 0.2265718444752956 0.22696757103763632 0.20125136433012486 0.1686383394013601 0.158163777720002 0.16347934840109357 0.198736428315171 0.17358602505795656 0.1519105264486951 0.1267992124535364 0.11738833963675917 0.10729010762947311 0.052014240212985764 0.04038184771506772 0.03598702807955769 0.03832142508671229 0.0 0.04152434319439353 0.030467891956999494 0.02566132848599709 0.05012364294890362 0.05164725782070281 0.0759708858564884 0.08132147016321835 0.05631181052361834 0.06996548265536831 0.09264316489028467 0.13207510196111322 0.14088849111346113 0.12144987341270162 0.1392907867055423 0.12524015960485507 0.15615873209261866 0.1580714986325029 0.15081508924714782 0.1432426337991238 0.09551044758897383 0.1121379297513903
0.31249413613752736 0.3168895187950124 0.2723234185584016 0.279535138349375 0.25014994470901597 0.2283631473436899 0.2192636967864073 0.21007748717164815 0.19242133274929996 0.19336952285290823 0.2067685787318907 0.16725100289337186 0.15819719291057152 0.1532066642448858 0.1265315921496685 0.08846833095823609 0.08431429997241968 0.06328427350225288 0.06820307054366971 0.07029941966194954 0.04850048097880814 0.026927998033138528 0.043148967411268835 0.06361863796880453 0.05787916929519871 0.09596927332802392 0.07829206687944142 0.09162377059466854 0.08756296844605913 0.09479668916675434 0.08363425139319444 0.08989345506224468 0.10228189817910151 0.13133039007046404 0.1363637227455032 0.12198865819840018 0.13613105617322302 0.13978168083431353 0.15054247576604163 0.1527652823178372 0.14572232856663872 0.10846914087919816 0.1234678650070076
0.31500532020625954 0.3163474194693929 0.30044840122710026 0.2897608778767856 0.23510253720564045 0.23132218146789407 0.18987645349554697 0.19128074057289238 0.2141733612278079 0.2096448716328247 0.18324188424499718 0.18673669541831667 0.15350276364726292 0.14024881572973028 0.14116891145907048 0.10501863980751149 0.10483439126908872 0.12247283153414262 0.0946953729307403 0.11681884488618535 0.1051401642892913 0.06965375302063052 0.07877752338975977 0.08139267062802041 0.10579883123889183 0.1336751506316491 0.1106745406153725 0.13537326565968438 0.1217217576912166 0.10259138387003508 0.10636120550834051 0.11167146310733989 0.11650038978918277 0.1204992503956008 0.15349935430079056 0.14759353873903497 0.1421945419212851 0.15450208714712957 0.15052552812403927 0.1524339804360467 0.13751647917105064 0.14697744972378762 0.15449899052619825
0.334600750286531 0.3212570722489174 0.30757661062355357 0.27765148049138855 0.24689793394002668 0.24205232291720108 0.19840099811893552 0.20332899744963034 0.1786152584034912 0.17400382021874605 0.16922999739686448 0.16078262356223394 0.14298943532323247 0.13206511846660618 0.12552607246874456 0.1304390266741336 0.10897300511275303 0.10558331058059636 0.09979495414903862 0.09766966601841676 0.09977589508557355 0.12238313677898752 0.10050712356969987 0.10483271813603474 0.12087627859753779 0.1299152638491652 0.13387208383518565 0.1452341448301625 0.10696924413304973 0.11436131516665639 0.10597224387754266 0.12164120932129843 0.12625477248778322 0.12321227930158499 0.13123564239725996 0.13729067587480995 0.17121209919715952 0.1573832035563693 0.16635274553649623 0.15821282622596766 0.14755733371866545 0.13487647619999718 0.1469164750443582
0.3181980721176564 0.32003529864377117 0.30401970639586273 0.25423626132657756 0.26385033361660004 0.23020511654939665 0.17946637099426643 0.16346478579815504 0.16807490546948203 0.1653883492531097 0.15417831405681637 0.14113305238927026 0.14299835090190732 0.15502231368029123 0.11666132092529619 0.12538622541252717 0.1078993987357991 0.12222490593029199 0.10151986774352982 0.11343186322620485 0.14306434965720669 0.1570092606054544 0.14823433154718857 0.14528159965519913 0.15524804484025198 0.13571522089967247 0.1428241434092595 0.16716848736894654 0.12716040789873848 0.10750457993006891 0.12460530845511748 0.10012956105908599 0.09674258666301126 0.08520288057317547 0.11854668157430166 0.1520098453084259 0.1885685650222379 0.18195526612160084 0.17667489386289992 0.15955621671295633 0.13533858895608314 0.12349570115234837 0.16956164725996462
0.2895742256792304 0.2946908879612153 0.2670942648308556 0.24126316819723748 0.2455465888102595 0.2230130443542154 0.2052428894311134 0.1521041650652717 0.14534973500241666 0.11702242597209767 0.100850097512762 0.10774309369860927 0.1287066356005549 0.10609675627708401 0.13084885526936804 0.10676093672609802 0.13629333961605714 0.15843141470170144 0.13503885738295435 0.15366125197577093 0.1640221554597557 0.15684780013769897 0.1735148605852684 0.18435057897271315 0.19793065330481496 0.17888067461662777 0.16866348703946596 0.17385951317629794 0.15155539758343056 0.13937519016823915 0.11288285493145916 0.10951896638424548 0.07997360329050197 0.10312313048440508 0.12678823277293555 0.1490915591451199 0.18384497428408506 0.17007855114329004 0.15525624245013017 0.17129927544401297 0.17458857424105784 0.14105367181426076 0.17380341535416158
0.26520246244108436 0.24262046776481408 0.2656006963513792 0.2734872133000935 0.2618453423880603 0.23737330924237482 0.1956954122807163 0.18148210021810074 0.14015672007726615 0.07026515729324372 0.07062546670140399 0.08670513269548358 0.10064439624905365 0.06688859965637674 0.12460486251642092 0.12212015788333594 0.15721194230785202 0.16409031934942123 0.15218166853760573 0.14851483200856183 0.1741962949635415 0.17695954410644077 0.21076185280089244 0.20740517520069127 0.21714778884835584 0.2333846919603322 0.19820145646018325 0.15786006051569146 0.14874592192782551 0.10243668403018658 0.09655839113691503 0.08306086770807862 0.07432630289445857 0.08990928620435865 0.12050436599899496 0.16414852758138193 0.18800835020791554 0.16282514419475708 0.19052060925888362 0.18076544668848565 0.19472520619460054 0.1665335724164095 0.17392743226185597
0.2956785410339775 0.25805546803660934 0.23300640060610006 0.2266379691037147 0.24803819517790796 0.23626703797538123 0.20638210086418465 0.19930870711139942 0.12821194029833663 0.10338033277798468 0.07785905964836913 0.08147731640020574 0.09614132476385205 0.08624536591050888 0.11779086167936256 0.10255196052950477 0.1550766037907257 0.1747545702147989 0.18003282139734025 0.16252618026460286 0.15550860741260455 0.17212101956488457 0.20679924207809844 0.22036037226111066 0.23113100271049497 0.2090784581112377 0.20431443445245318 0.1651647957908099 0.15039643409303244 0.12146751490964178 0.13319672965211196 0.11845101067568775 0.09341238776034706 0.10070825070150834 0.1374065109365256 0.1844925360677863 0.17534627938181707 0.17421785750717583 0.1955126393761178 0.21521603958857585 0.20273847951773538 0.18442627391330657 0.18517330028603676
0.27226277646469743 0.25687241605006583 0.24613577888167035 0.2323207094599058 0.24938219745885962 0.1984882213703381 0.19494949260726654 0.19708394205218285 0.14619906371906605 0.13177368937657036 0.12861207485392032 0.09527811515199072 0.11330296866722095 0.1251341634014391 0.11581224695466341 0.09684197681316602 0.1433168456741586 0.18715582742129394 0.1840017601836214 0.21064065075314087 0.17956093090285277 0.16868267720706082 0.19277218433340082 0.20461592994908975 0.23197519796815372 0.2109867840478817 0.18444534108369512 0.14930382504047526 0.13514353928681436 0.15754877630961645 0.1249545551636459 0.13893874103917647 0.1066484772148362 0.11929646951577343 0.1232677762757166 0.17499700069638144 0.21790003579128336 0.2234322871498495 0.19829508759358105 0.2193410465534885 0.22577523188860107 0.23065558925988586 0.22403774489514253
0.2789708575327209 0.2858033992383203 0.275861636452595 0.2662639511937548 0.2581093595267066 0.2102794750233892 0.21907825668198724 0.21116358540524133 0.16918415206122153 0.12264052748743738 0.12913144563874956 0.1165289215992362 0.10662862710210122 0.10965428091804369 0.10649621456745502 0.12475520134791891 0.13035985986827447 0.2010957418425578 0.2277791958831579 0.22584072531192398 0.22553855184773997 0.19602060292205542 0.1920693071666405 0.1802311502087 0.1980364179737728 0.18906677255550666 0.1646626464758556 0.1426300679231299 0.11744032931601095 0.13491792712440945 0.14088145008183864 0.11066374317278609 0.11017064190158123 0.1488594599343538 0.1375028379205699 0.17937125230610754 0.2178464228039836 0.22167655016867682 0.1911850080069162 0.21120395130579686 0.2145041694998679 0.21888286483621738 0.22688114901779557
0.2999269164634094 0.300255273680868 0.3058396054595454 0.2784712871914484 0.26657809364821144 0.2363955357350274 0.21225961247177466 0.20033596578887505 0.15875095676503548 0.13725447861144985 0.13751720618270624 0.12220144846839358 0.13055074093568353 0.09381945076811957 0.0962671098894965 0.10576583680722329 0.14561463981481065 0.19601985040181402 0.21467090570147648 0.2346199814497041 0.22689810400349233 0.21198563734906156 0.18138814559406613 0.19226373556764234 0.1966726094651737 0.16713105426736455 0.1373076279187268 0.1171089756471608 0.10211117938857854 0.11251065874025826 0.11040072345326686 0.10307608684274848 0.1205620594530226 0.1472384634791793 0.14208108102687245 0.1684429140445828 0.1821683645649952 0.2221612099682175 0.20269943790471612 0.18650589820940275 0.22549120547520007 0.2192932208313356 0.19920676140677757
0.2957142634373796 0.2903947474580747 0.28706046699233284 0.268295116975624 0.23467161909067036 0.19656165790060362 0.1807633004324556 0.16295510399534524 0.15255044399580278 0.16063043394203116 0.13797517297123815 0.13160558265571037 0.12443915874416649 0.12476859946001374 0.11944389246728872 0.15162526059001244 0.17780028288478172 0.17955708723500713 0.20505959592464945 0.21155958525189406 0.19254423489398464 0.18183040871248748 0.19453555105995443 0.17698946393219048 0.1954123155886598 0.19610368936122718 0.17556839225918425 0.16274995131773212 0.1468381892735357 0.13784907745410402 0.1347990022373065 0.10962487090214831 0.142857998842644 0.13990987502378296 0.1811806306642443 0.16580580519847296 0.1964916563942135 0.2298089458185372 0.2345319078282789 0.2228633460597904 0.21145838744739107 0.23585218908728878 0.20406493997104988
0.2964468931654068 0.2849681239438638 0.25220444119187196 0.2197082315424885 0.2017485468009486 0.21527901866355142 0.1764670017855769 0.1595190898666357 0.14768092738821 0.19758225691587392 0.16840830111352834 0.15531429647282222 0.14130066630518232 0.14117564350602843 0.11990880060612454 0.1619573137584323 0.18583833212418696 0.18045593890616324 0.20940751504008315 0.19576730773641934 0.20630119425313392 0.20876196581479445 0.1873597124199009 0.20287322075160524 0.19844435129627785 0.17975578503999767 0.17439058191510615 0.1555878014676729 0.13954573545316185 0.12639877099896243 0.1271467586993164 0.1373231695102432 0.12974137094078697 0.14522660139704596 0.16875518924302962 0.1816535199851935 0.19135688612029603 0.22760979499598796 0.25094599518128136 0.23128973985061246 0.21667905241779037 0.23201736156244443 0.2524773607800377
