Raster_benchmarking/DGGS/continuous/raster-275.asc
NCOLS 100
NROWS 100
XLLCORNER 1743167.0807609232
YLLCORNER 5469294.382174754
CELLSIZE 10
NODATA_VALUE -9999
[rows 0 to 18 of 100, columns 43 to 85 of 100]
0.25029578964927557 0.25621317484118084 0.2214522693888307 0.23363578569667134 0.22189924791701418 0.22526471287132147 0.22019096099140328 0.21338678994901022 0.15519819842390098 0.17880654512777364 0.19315094973953473 0.20272143186492012 0.16596568068646708 0.18139310640848552 0.1750684217080972 0.17991118109036583 0.18881775523313699 0.16890317439120361 0.1649172059745813 0.12984959972516122 0.12433106961941372 0.13711361378475098 0.14895492584415113 0.17174838153116673 0.1958860925068168 0.2073920353067439 0.18459242205274645 0.13700314767209767 0.14058091509071435 0.10913289638117557 0.1137259827593497 0.13737411756330162 0.16505789344713126 0.16781977683491364 0.13803500943788527 0.15337221288514835 0.17269528337868834 0.18191061783952783 0.19518891117347167 0.19651517632799845 0.20789199293894436 0.196729669236884 0.16982435717684505
0.24530677039631565 0.27281082147101926 0.236413270472036 0.22530443104442194 0.2255663271234771 0.23895264579212225 0.23890942021368627 0.2043672296584775 0.16830582039275002 0.19495505968854837 0.18366358054494436 0.20129513540198687 0.17904286084839988 0.14006397614187746 0.14992887851461478 0.14422341202141623 0.11438701746688026 0.11479971690160527 0.12724937084362037 0.12470368732786637 0.09953202100670175 0.13039419803433197 0.14602002828972013 0.14903004938467668 0.15986242615153082 0.14401205307866782 0.1586943657167901 0.12391330307751322 0.14308407530022757 0.12466434363578717 0.12610590318539902 0.14319726634117724 0.16522908876364836 0.15506010470219686 0.17361051815357048 0.16075946692779042 0.19943454269778832 0.19693826619795626 0.17442195132678395 0.20507190280553103 0.2256715263649224 0.19240921154424634 0.1716844414200046
0.2604041395282273 0.27713223017080224 0.286237268587661 0.24356404131097195 0.2237181679477486 0.24189722116392326 0.21451273144251262 0.2185577255420345 0.1851740494409926 0.20165967380209615 0.20032143139634 0.19717588014630147 0.16829946299121346 0.1335278414184764 0.11108411415824049 0.10382366700524054 0.08719624192499893 0.07861686197503417 0.06423610198089306 0.09307931902425438 0.09921646400950428 0.14059016439000713 0.15283449034166452 0.1419093422807376 0.15790385207441454 0.14156486282355007 0.11244994068849183 0.11126391882777519 0.14223553342722522 0.1339000811451823 0.1421595979328742 0.13993883569076215 0.12177563890459583 0.1255535961190783 0.17528736319007318 0.181475569507839 0.18393227812238322 0.19534288284127313 0.1686037800852932 0.18317211426130928 0.2118304592776866 0.22323627741088947 0.19335053733743351
0.2806078403427949 0.2818873506153973 0.29002251302614257 0.2703370797812471 0.24688292875693033 0.2371759000321771 0.23840058458069002 0.22259458634707102 0.2203994160407348 0.19897774045161887 0.18394021109210934 0.15738758239225364 0.1307414715630691 0.13179641136491446 0.09495901418701312 0.06990180712016915 0.07832964280747078 0.06358799007678928 0.06927417645849925 0.048024955042933665 0.09308524654094685 0.11870605381662692 0.10983944687972064 0.12295923127975948 0.12467646217166153 0.10071245970790885 0.11009558196316978 0.12347844330709329 0.11615853826071107 0.09166057026174664 0.12120249356850761 0.09414108280490145 0.11357875004518711 0.12022742222304028 0.14477988929689914 0.166819977727397 0.19494710755141675 0.165882504721219 0.17627026070698404 0.21678561673863117 0.19640970194298452 0.2085706068436749 0.2133068350142687
0.2948329759774658 0.29911367004836664 0.2936823944732474 0.2871447319662361 0.2511048192310113 0.2500299557511156 0.23363252357909883 0.24608083765251018 0.2243986739917722 0.20114006755568187 0.18522767467279955 0.13156867082511028 0.10353688543489058 0.12035133362630314 0.060639361683703034 0.056923480473823125 0.029363508008452607 0.05801537929434826 0.03467344936817266 0.05121068724837639 0.07361909700760974 0.06286417726679586 0.08271390900945065 0.0970452665115303 0.04907301821636558 0.07311874761009456 0.07731427407985358 0.0847619030349077 0.07639727291338123 0.09997993196431254 0.09003071421886721 0.08953699927502451 0.1037673767418616 0.12222153141521143 0.11398915062817287 0.1730920549865854 0.18244135448193205 0.1995177068030356 0.20522984883444018 0.21850057746723592 0.22728311949424365 0.19629024796508146 0.22050214839334
0.28352355833286874 0.3052243967759851 0.30319073629613047 0.2527996009729127 0.2463036209038485 0.22975268378437333 0.21391468249647222 0.22472036413891117 0.1924874995768156 0.1965427165559117 0.17912765115196663 0.1510493586902395 0.10470197028047051 0.10692515015110796 0.08960584807701062 0.05633036252112913 0.062378849622072755 0.05417205953899501 0.028432153976117296 0.06702919007517256 0.07904150646530324 0.06348204074293522 0.07453968954047246 0.05506218826243893 0.0312818622995142 0.04078439895034843 0.049734181669849144 0.07868294751438888 0.059394753491654344 0.06449669147354682 0.09681844514614371 0.10299948132125157 0.1079612522984303 0.12939987974524841 0.15965347350554998 0.18029630345976763 0.19719644764529082 0.1987138508101736 0.21825607720188595 0.21804737758110612 0.23600453294097168 0.20617000017768777 0.23692406414735795
0.28391718956098105 0.27412522811336415 0.29280828599161174 0.25963901392874666 0.22615979367931446 0.21131451516449418 0.1967506954949292 0.17660345684399334 0.15456863945710198 0.1779870512180055 0.16782936405649687 0.16285090653825168 0.13397793622925525 0.1013336162608216 0.11476488924982381 0.08001127585701792 0.05876187584934631 0.03779447817656844 0.027236239318623186 0.045502541891799524 0.07256868789663166 0.05289957550212668 0.021575981611827295 0.018207433808898024 0.027561749751588458 0.008482190831055988 0.028833234364443232 0.07598134091271437 0.05790089823829483 0.08480050405708864 0.06199340875421379 0.07303304627122766 0.09265652053662195 0.14990957908250926 0.1755176086531952 0.18412838213156335 0.19695599326238278 0.19547083186666858 0.16354719765253292 0.20820875889387327 0.23355863654493042 0.23856451217523636 0.22170751477066836
0.3028642250110343 0.28943616512900533 0.2991746401965038 0.2697695317202197 0.21983866840672167 0.20327666871656344 0.19926210462353602 0.16612802637599336 0.12226940038300069 0.1272903565763257 0.10278474512532479 0.11176925350661913 0.10482121000938653 0.09207204332078209 0.08630055808042066 0.07774443040879837 0.03847616800474419 0.04883497222380957 0.021178317219283392 0.03601737363648694 0.05507955453240609 0.036534778249346124 0.03890263499832431 0.018450174145697627 0.03347261850559855 0.01635532572049987 0.028542028291436056 0.07984271424940806 0.0911781315966579 0.08449047244033181 0.06666872764266173 0.08893248115004292 0.10152774687507195 0.1381939018846118 0.1496678721586875 0.1930817131485107 0.21210664188547343 0.18993637305141345 0.1626905832972334 0.20011539457194338 0.230765334982631 0.2537862286277117 0.2474819155117009
0.28336853078590163 0.2740477887705301 0.28755689669031326 0.26980587521809435 0.2334328298340897 0.21930849663999513 0.19829676841452604 0.1534045733095565 0.11229061384667921 0.11879383281782956 0.09340965264458047 0.07396050550833361 0.08280627445633018 0.07033012712538865 0.07046668672301554 0.08290260142474032 0.04892871009429539 0.02379125833834135 0.018695394374468866 0.04247036829709443 0.07275085348773126 0.030090286589857854 0.019303934006635222 0.042756218669365076 0.001883702007552413 0.004194488872392016 0.03492629022304288 0.07147425958113253 0.10894591049685118 0.12017351410257655 0.11067047653457379 0.10904048976054243 0.11031505741524165 0.1536026303195894 0.17623564712574027 0.21389783574123208 0.19670455233213405 0.19929444526589388 0.16809535558348518 0.22008829605115418 0.2512966951860217 0.24042420726286023 0.22444693107705696
0.25655626425738437 0.26295570194339296 0.2547529421139331 0.22486844841408007 0.213348346124546 0.19211877917732856 0.2005889540593884 0.17620686292689502 0.13015721956198145 0.10079888308579836 0.1055134841072457 0.09274705755050013 0.09719786150698015 0.09151055863166922 0.09563539208710235 0.0625111540776234 0.041985851211083246 0.053454023234450795 0.07408115965576119 0.053595766278444194 0.054010461696412465 0.07073325066605204 0.035834694039880335 0.04902744724089719 0.05381479680077233 0.05191074396341746 0.040855272079065766 0.06862307671780685 0.0981808849381116 0.09801388606965153 0.12400443244723237 0.12792916702784876 0.11474863108770648 0.15127535929185065 0.16749730058606846 0.20090368802566128 0.19212003182146223 0.18353325121108674 0.17966795960385956 0.23917794016747349 0.2316545605531033 0.24867316842710369 0.27805030273372233
0.22269232513193565 0.21087634584213613 0.22937661215985702 0.20825258943541922 0.1865310141540787 0.18000583320702437 0.17968559444913462 0.15547078853092247 0.13570429942791992 0.09846114386196202 0.09562184355704968 0.12092918606199374 0.10541554857111991 0.07851903297268746 0.10174723158055633 0.11709329905928238 0.08997559104021881 0.10144661650718031 0.11085638682149897 0.09754618801793682 0.06643887551016026 0.07880275187387757 0.048368085248936606 0.04996835540630006 0.03849733152187629 0.03137478002981092 0.08219579807734217 0.0889062941816835 0.10530952153562367 0.0904092302155829 0.09537327519982762 0.12944211077241002 0.14003404784794304 0.1674752448117922 0.15202378120539778 0.19152182436612453 0.2122395108515257 0.18394325598524544 0.19185679910785888 0.24749659494406417 0.2634780014549839 0.28811796590347455 0.3067427345031624
0.206409739622415 0.17545233643264607 0.1935646806488947 0.19885696754536872 0.17075215341672628 0.1779671964249629 0.17890051776147695 0.16827718335057187 0.15988002902709628 0.13365314143170348 0.10813009904051572 0.11332758279879732 0.1055851346203058 0.09511601158185636 0.10803754720267258 0.13537440719825186 0.1252052216157184 0.1334257805290831 0.1273154214893556 0.09975988297253069 0.09492048428829579 0.09669199659304249 0.07803331593493605 0.06277799349931737 0.06624777170888291 0.03569291302207509 0.037139446730419454 0.06760658669755075 0.09865105758496107 0.08522516236857401 0.1244142242950763 0.14704079856527846 0.1643722692890233 0.16672839284990315 0.1716574362009175 0.1776599386266112 0.18092726489888233 0.19826522445837647 0.19903471594625746 0.2155686724256438 0.26199824228523927 0.2906873063765751 0.32399332300065536
0.1717813129746933 0.18602793946333468 0.155439564786805 0.17854015880112128 0.17522718196791254 0.20313361219889736 0.20836063733971952 0.16311253040682563 0.14247781375102084 0.12166815347642844 0.10578942522928181 0.1037106134621856 0.09951870720126736 0.11968703803546926 0.1264721990100923 0.13192881929000772 0.15096112428432937 0.13885998206820654 0.1552537492283674 0.11242014147920966 0.10415932013948588 0.12427967068305411 0.10588287467989323 0.07999014680357673 0.04039395391905949 0.047622639156515614 0.03181433407133124 0.068558149583341 0.05138144998251277 0.06917283555409239 0.1141663773635272 0.15009786190356836 0.16337513032708073 0.17547158704443244 0.19325062482930683 0.21536815748859212 0.19456575652902872 0.21470349673083713 0.2168588814243664 0.23329489635186873 0.2581323043470783 0.2992155033889026 0.3108722426774093
0.22186294439400747 0.20911975716628817 0.19373093347915474 0.20156265231895198 0.20433305561344953 0.17965225707046126 0.1962938971562809 0.1597418537338018 0.12004623316154972 0.13309099400555305 0.15611105050625088 0.14863468305758096 0.13622346103527858 0.11403184752825724 0.12665135357906754 0.11565838401851945 0.1430167733900922 0.1336225530306926 0.15501558683410202 0.141064421064942 0.09843269669313098 0.11927743255986953 0.10730823784607058 0.08454789944693054 0.04286923470732317 0.028411026363713045 0.03693277271735677 0.064273037447719 0.05351396382663581 0.07821962321259233 0.07828265263669094 0.1281493465193168 0.13040376206891488 0.14586742117395468 0.17889827402234826 0.21337019708279573 0.2214900770254455 0.2135115224207396 0.2389652955747131 0.2556314632232483 0.2652111975867802 0.28700696874177506 0.316319561863432
0.23917768758539423 0.25755038135674574 0.24553780055105337 0.22540083693570614 0.2202976887852997 0.19947089039387803 0.1618722969541385 0.1719409491434506 0.13057766464157072 0.14748518684453363 0.15075425587879812 0.17027778296846013 0.17134700161416033 0.15339286521705436 0.12282750109081829 0.1545812323377778 0.14736319808527334 0.15265186604432837 0.13811539308775672 0.11985446555750509 0.11782121270039497 0.12180691131877286 0.09841162095636462 0.09185664543868531 0.05665271079863026 0.06754076022621075 0.06039725189805255 0.07508769717420101 0.09412571446083245 0.07566949123197156 0.06133402353991568 0.07670538826314667 0.11459619665576454 0.15611555604845437 0.17895998653871725 0.18079870129873565 0.2001464840346647 0.19211040546387062 0.1961722639221978 0.23324385556820262 0.27660705722051204 0.26328165476216014 0.28825488560626505
0.2755477613217161 0.27766598718202135 0.2789251578826329 0.22586731728290851 0.22884228206547869 0.16958093749055916 0.1481135867294118 0.17198464517205597 0.133891075376985 0.14744540169296308 0.14157653669261244 0.15633447388530028 0.13774517613131698 0.16501629024052203 0.14242405748095588 0.15118745948866974 0.1399644204436003 0.12407194887995122 0.11539229259190888 0.1145036837045793 0.1101319487720309 0.10153353901197613 0.06847414735281722 0.08131939492702935 0.059645058856000854 0.07686779694653845 0.06308274362304442 0.07968154500424371 0.09570471996998976 0.07517140186439167 0.04180620466210232 0.0567191667464362 0.07935437687170593 0.12233991904097559 0.13293293007942303 0.17373200152148746 0.17124769803724232 0.18805002763902964 0.20734246753745672 0.23819840467517758 0.277726621026507 0.29059501730073406 0.32229579761997845
0.28887767468589165 0.2975138546663707 0.30888658203684327 0.2704215101844581 0.21160664329470563 0.2029772530125181 0.17153268237516653 0.15511426679993146 0.1553855718280248 0.16473083672516955 0.1798326952791144 0.12766230839133608 0.11820472836537399 0.16031674424230263 0.1597167734127285 0.13186404176220884 0.12555170724212383 0.11540825927802578 0.08506184243858615 0.11285575988785318 0.11978072763409656 0.10781011042024666 0.0694597948461967 0.08742558547974423 0.0989098742920056 0.11276663606835752 0.09584364200912311 0.05313832825222738 0.05224808065791267 0.04436611765600579 0.025833380890550303 0.07235437537324899 0.1126344709577009 0.1168488777243962 0.11322651142623132 0.15536545787156644 0.1779306915303925 0.17643673369664947 0.15750539076673498 0.2188028567333396 0.26256200461877005 0.2953060280536224 0.31281452841652785
0.3545446056431562 0.32601250206316107 0.31653009473210064 0.2813965116159259 0.2370478683900059 0.2221664575231338 0.2253379615316016 0.1834977771154565 0.20051839436271676 0.18069569388668438 0.16980756418841791 0.11723638078156878 0.1141876748075794 0.1290401169211057 0.11317862690713047 0.10504848747865746 0.10121329346745378 0.11267119071978042 0.09912981587720557 0.07225271241518201 0.09849842743637835 0.06993384540052833 0.09046942774532543 0.06340178292269527 0.06442253181987241 0.09591013523764606 0.07402920994034477 0.06704644421908898 0.06601927750328225 0.019764964564760297 0.031005889565197217 0.03418068171085719 0.05340556551688939 0.08593141223954534 0.12622147934631903 0.11515075781137568 0.13077449850725198 0.14883529001052584 0.14056923177108763 0.1819057377335047 0.2394074709269802 0.28616285608447917 0.3178322031167718
0.3882783192136214 0.34719091445556155 0.32997848232024724 0.2899683886686589 0.2623633477270949 0.25662493975605954 0.27232803525845267 0.2261193460128293 0.21280540112034382 0.19595722958023765 0.14340115040281803 0.1066210332995649 0.093212486429644 0.11363404937790986 0.13354176626539627 0.11469649757866957 0.08424151036576583 0.1024294954757046 0.07341919358262126 0.08215984065131111 0.07692503017744011 0.05863414879192465 0.07234878868601814 0.05350712545923606 0.05720593391714468 0.0868173371535611 0.09140904716208216 0.08284200204436973 0.05050441170962244 0.033712699315418614 0.015224961516518101 0.02728275029720335 0.06932372084915629 0.0972145644940285 0.1280602292234347 0.1297744978003118 0.1291553509006537 0.11454508897254823 0.13508417606286607 0.18849025785625143 0.24687757865131166 0.2598795479015877 0.28838227740159467
