Raster_benchmarking/DGGS/continuous/raster-50.asc
NCOLS 100
NROWS 100
XLLCORNER 1743166.051239448
YLLCORNER 5469296.3659528745
CELLSIZE 10
NODATA_VALUE -9999
[rows 57 to 75 of 100, columns 0 to 42 of 100]
0.5540329507114579 0.5680183905668987 0.5753896782271458 0.609866965569536 0.6416922881601552 0.648424960475001 0.6403055435022629 0.6222959003218032 0.6091526737812564 0.6021682284392277 0.5749396591866556 0.507903589113059 0.5583904292673771 0.5559394881899806 0.5415087174421158 0.5506120998439982 0.5333188531514704 0.5264598356212314 0.5064693342143619 0.46319704030423076 0.4810559884363075 0.440750721730591 0.42817090261745944 0.416262621274076 0.4098775765624364 0.42538575324848543 0.4201556781969842 0.4532866882757293 0.5457664548393258 0.5679157938904866 0.5852109822848514 0.6569869788762678 0.655252699551623 0.6320063654797646 0.6625795400740868 0.6292380470453077 0.6847443462851399 0.6963257303189702 0.7365675081861516 0.7613440681631055 0.7379793389803637 0.7293043980744075 0.7032811626566604
0.5677217194746317 0.5897783561465788 0.5802081020533824 0.5643672904573788 0.5701475204539874 0.6158264178048498 0.617550486579348 0.5937412488803571 0.6001723199916542 0.5782237945959805 0.5147020428236038 0.518669074831197 0.528582291725519 0.550580161870833 0.5228083334585801 0.5044518721186934 0.5035603698413906 0.5049917916588544 0.47594938417734034 0.473153078871388 0.43299822504040214 0.4310395913031455 0.4055106811988598 0.46283332056755644 0.40991970293544716 0.4318877123854724 0.4196235202047903 0.49161866526265785 0.5388213326463732 0.5457395547480126 0.5593793240142262 0.646118724981421 0.6206277579972957 0.6158175682961395 0.6211174566194666 0.606339117022109 0.6587698171657613 0.7139360537317035 0.7404997130646492 0.7277727564578427 0.7018317136356123 0.7217074047332838 0.659581038282024
0.5829316824940926 0.5672326934388067 0.5655365813691079 0.5457556762233179 0.5505178464024539 0.54513948404085 0.5525649192657401 0.5603228057744432 0.5715039891172076 0.5610278048829092 0.5244699881912519 0.5202517173075726 0.5538525547795283 0.5046742369134428 0.48541711538464144 0.4816159858213551 0.440074503018415 0.46533287994839745 0.44884712352167283 0.40582340036749204 0.4088117169118452 0.37812461242855455 0.41090377136866757 0.4172745713158043 0.4407404687532356 0.40801078520584594 0.4348431233781973 0.4330221484822656 0.47085313796235323 0.5157765380235402 0.5865006403819325 0.5949208140504582 0.6263312617226601 0.6134545048999986 0.6090023557692871 0.6516809924925054 0.7059612909952464 0.6872532030949251 0.6949164806588062 0.7518909840790903 0.7560871010774703 0.721138881275122 0.6794343562549261
0.5965397511364408 0.6074166498447705 0.6066651211118329 0.5624297501081561 0.5419468386391146 0.5751056635805096 0.5517041517612346 0.5580932866020892 0.5341133514503867 0.5652167884556512 0.5162697633727924 0.5673777403185871 0.5542005596342815 0.46710644445152405 0.4829904575814005 0.42911698132433296 0.4466315729198743 0.4436654036193969 0.4153050704489951 0.36226126627263133 0.40478105562290695 0.3862147285383389 0.3866854704885007 0.43825617824717544 0.41080738284644625 0.39290689499145626 0.4353376767205494 0.46643520616420425 0.5187731324229361 0.5024510964374349 0.5748866903129466 0.6060377032065516 0.6415143059792469 0.6432544005413017 0.6196819117229525 0.6521829418438841 0.6928850317460277 0.7223889035750475 0.7127900348391977 0.7386661215262136 0.6872694389761791 0.701020685831162 0.6857169327484499
0.5771694074091436 0.6194959728217022 0.6114044481384042 0.5603865438078057 0.5378880272035294 0.5870177761460136 0.558895948376925 0.5403463715794302 0.5112927689019099 0.5263894047747971 0.5019815780647644 0.49289693250031064 0.5396879545713932 0.511370190929068 0.46155044561267106 0.466363911088683 0.4428282988980164 0.4379520314608691 0.4132758193774521 0.3924685480598329 0.35767482780003146 0.39587033921319054 0.4010045333113695 0.3937605127702129 0.404639773797259 0.4362832303092347 0.44902756354400153 0.4880155537496973 0.5088111443433327 0.545289226520526 0.5759821395685292 0.6142359448124931 0.6184347194846577 0.6177456419709136 0.5878504824568986 0.6617450869659971 0.6754661996320586 0.6613694076298076 0.7250371439777893 0.7224155287176809 0.6694001669560414 0.6943394211101869 0.6553152665273333
0.5425601251323867 0.5468579096936669 0.5693726712241121 0.5957123262643882 0.5788158346449672 0.548211156218989 0.5521140378442728 0.4647318751576337 0.450813979738129 0.482117928704667 0.4911332795091186 0.5009066873311548 0.49400756158152326 0.49515252008643423 0.43303595232923164 0.446281733312184 0.42366819600799066 0.34769568851396604 0.35236176412738107 0.41231714098282146 0.3812867847682131 0.4009948219566429 0.3597894975659251 0.3884276247050084 0.4408800891963926 0.40249037992494624 0.4127061000096157 0.45407657556125036 0.4894603786556831 0.5438825186111659 0.5775023653338864 0.6084793203026853 0.6008186797754523 0.5696982761229736 0.5569369020768563 0.6091473270292849 0.6713775316542726 0.6512234092599388 0.6842208202943186 0.7068877225037388 0.7034657629633366 0.668649632225876 0.6472462559260146
0.5362745745435206 0.5337733145037477 0.53259281372007 0.5504235245773734 0.5635308957455515 0.5706546874781534 0.5001514096607494 0.5033768643822806 0.47587291568151807 0.4580976278720144 0.4798239179598005 0.48334728512597314 0.49628533664225233 0.4785715156087599 0.43124360336071577 0.4189947927868359 0.4156555667310096 0.3915837413835706 0.33210672578125605 0.3532082758742158 0.4044880767898017 0.41254107326718004 0.37063992063890966 0.41709915727698205 0.4494113808616286 0.4301760566573804 0.43657659502195123 0.4248903650651138 0.5041833436042372 0.546159216023297 0.582524027422039 0.5875757869744336 0.619137803272924 0.6312732538148268 0.5984050355987603 0.6408541147950053 0.6546613806616532 0.6586030988419324 0.6988281494260428 0.7267241427114117 0.7080348629437543 0.6950642409644807 0.6828143110889697
0.4554099353167648 0.500243046584493 0.4896229164150962 0.49925934893540735 0.5560882293819351 0.5642820501490399 0.48923115877888407 0.46443141108739017 0.4753329709294904 0.472177257725777 0.4427378606298379 0.46405050249574065 0.42186278700122565 0.42258767651985996 0.44985787483517375 0.42088666065998964 0.4108718957494819 0.34370583049125203 0.304106937386099 0.3550922969912055 0.3811598092933805 0.3762742728769542 0.41907700666686676 0.435151611765752 0.4045427032367003 0.4503778605413043 0.412300628897012 0.4400681904917083 0.4440191189058376 0.48951650272555464 0.5771310442139403 0.6122690721057726 0.5806435461272518 0.640646102493961 0.6347302577943309 0.6274943242369694 0.6003722802829372 0.6182074493169681 0.6906878655094433 0.7413563923006512 0.7211275063925258 0.7222926123982598 0.6775084671493666
0.5094755084046311 0.5424980177913533 0.5212131873341519 0.5244659007825064 0.5285936383421049 0.5681310448760492 0.5540628640593753 0.46244590262422225 0.48381335153641003 0.49599793077689547 0.4750247323738422 0.4298268684696772 0.3985045680918071 0.44902069971216124 0.44054127069453125 0.4152633585346076 0.3822123561722217 0.33745155220563194 0.2904219636256001 0.3145860358513694 0.3153437413941803 0.3122000840597915 0.36820139556503434 0.3901825223090724 0.40516663694210175 0.37971625918767665 0.4002252858428272 0.4204448827810722 0.45901823750440335 0.4700640379305174 0.5176867011558708 0.56488486896728 0.5488965593369558 0.6133000694437574 0.6267755245737163 0.6095669777221785 0.5947390739673944 0.6353488378313968 0.6885784647471771 0.6874128566165721 0.7505346188415519 0.7064750754472036 0.7114356746007783
0.5322542788785204 0.5400103558076759 0.5188378981041979 0.5518656416102056 0.5385080807020299 0.5905560745472317 0.5602899041558039 0.4847131903758419 0.45261035380888676 0.44213898117286154 0.4187941640039791 0.40208979254522553 0.4275646281421409 0.43398342233786497 0.3968557375993574 0.39637706460850586 0.37937247950203196 0.3062645960430864 0.2912361241832747 0.2760494037550433 0.2887787404576274 0.3206647568488422 0.3182281436815951 0.33480718718391933 0.37321377326451916 0.39984172943977025 0.41049277398437667 0.44113578211170656 0.469986531891836 0.4903229561917595 0.4965836491398623 0.4787872977314091 0.5452274889518348 0.5631819339079893 0.5739076622948822 0.5574113491686119 0.5726106555596068 0.6414093655938966 0.639443040455279 0.6765659753304613 0.7118167766203901 0.7326936688223706 0.7227604514226683
0.4886416023023648 0.5771042105527611 0.5942766709352056 0.5856800287285927 0.5867652760871153 0.5711485050771871 0.5755694202625853 0.5280229176313784 0.510129902278712 0.5026610572416395 0.4426703332885785 0.4373050519905107 0.4292451682146578 0.36438938701257767 0.3778847810201918 0.3597733126332051 0.35722377354584767 0.29615295393312624 0.3400164426865236 0.3396006153553335 0.2836424469826472 0.32908412671438714 0.2825097192494232 0.2675228045428189 0.33737003945833455 0.3314327667606185 0.4116109701177537 0.42030294959529074 0.45137548354264706 0.4953632906329244 0.4642580761290775 0.4715786854060381 0.48443738884324283 0.4933434712580789 0.5406169669206695 0.5173579816849163 0.5541382837715915 0.6250170369762624 0.6111109718806401 0.645833823587098 0.6576405471772397 0.7245179459888806 0.6822245613241019
0.47519571214829914 0.5484336587857983 0.5398758511010494 0.6026766657000768 0.5553936758806661 0.5495732471308348 0.5855130772716716 0.5783624603695979 0.5133502911793401 0.5056026790430107 0.4431500012782018 0.4231782365233933 0.3713656587831989 0.35145182612960835 0.349042771574497 0.2946976227321463 0.3389698358312043 0.31703171457123713 0.3004320446877184 0.32607048782053194 0.3127068925297081 0.30118841252807804 0.29909459999543697 0.25062155892617 0.2986700884901474 0.3041248429034748 0.3747883956253702 0.4648086836217027 0.439175749271654 0.47594140496594645 0.4310874117753602 0.4768715913106989 0.48033081834322355 0.4410199217294964 0.48017257137840946 0.5100438163603214 0.57492816597938 0.5707814826311791 0.5743079655852025 0.6283281525466221 0.6331289535637551 0.7195413734383255 0.6521989252846985
0.4703545765002883 0.5377455306956863 0.5346214957776116 0.5674033062826555 0.5798833018345358 0.5553769793141228 0.5407653169801596 0.5395805300951393 0.5012574357243991 0.5143320946149823 0.4984540356350092 0.4274085202788702 0.41268329273531307 0.32210312217870657 0.3058234218379217 0.30903157988873836 0.2642976596796873 0.27060503390740986 0.3249237146917356 0.29691773958408874 0.3193364290777676 0.2893606193057073 0.2293641035418469 0.20991674996911142 0.24789219036005644 0.30726511247806987 0.3456585092592464 0.40833375526415966 0.4610471956434753 0.4330929705104738 0.43913571777346183 0.45623503236580476 0.4631626867685108 0.4242981784094579 0.4363361029456686 0.47821132795136423 0.5541344539464544 0.5442796405834571 0.5978109464485553 0.5961962414873004 0.6000839976665048 0.6604783244226358 0.6275823400752947
0.5026070734087862 0.5158268570152702 0.5457951780362122 0.5361682173160914 0.5564879265183234 0.550591776902763 0.5261900756025691 0.48333197935077166 0.49061395733948104 0.5168755082679872 0.46044202191291556 0.46329167768023544 0.3876392255675891 0.35591203341276373 0.34863313296730863 0.27989990381720714 0.2929535201443852 0.2632275538072287 0.2803610362642823 0.3194075319212142 0.30697039368102663 0.22569197911720124 0.2136607884136657 0.19538899888329667 0.2739296012586097 0.2929737302166403 0.3206458229911261 0.3509901359689598 0.4186326869824163 0.4292439727723948 0.38749625783877 0.37749893440658955 0.39579152392765354 0.44574348802921837 0.42427195547992 0.4793189971586839 0.5331026979329788 0.5362635743036356 0.5374920590018579 0.5505363450332276 0.5998893356138351 0.5845370583171954 0.6206279936897766
0.47789174509443894 0.5509934935729971 0.5831545425142379 0.5525239956599307 0.538858645529849 0.4948709911442103 0.5266079238716355 0.47975647242498515 0.4856489547139004 0.4665677236845377 0.4693622906654842 0.4796069644268782 0.43906954994071073 0.4040665660889365 0.3632346185210143 0.28827866352406095 0.2437104199873433 0.23545738033923805 0.2798371484953933 0.29160299489062647 0.27826968680755476 0.22754109389888444 0.2017522079246211 0.19219327040680334 0.24274653543730645 0.28868904409363366 0.3338700173771205 0.3569499171043654 0.3447510794044089 0.40507556792736743 0.41144438585865273 0.3592171180951813 0.36818435285979845 0.4000185739575152 0.4496171614811456 0.4676355891790977 0.4997819780081114 0.5558436795676392 0.5350966152943574 0.5559465952440168 0.5403758449922567 0.5486490232346436 0.5852891764296343
0.4972074190471035 0.5327232108344198 0.5914577096072522 0.6221182732244298 0.553446070712952 0.49398623212359505 0.5540688442990112 0.5193306524038729 0.49791776196814064 0.5073911654825548 0.5052903182969726 0.5038008301727179 0.4142315037469233 0.39404544243221573 0.34266492155896555 0.29071163158016033 0.2324404420081208 0.19920644065989643 0.239936918364797 0.2332838071767073 0.28828303240255443 0.2536461203265161 0.20647326443443825 0.2299391764939212 0.23006004407974387 0.2948120024497161 0.33455074753066677 0.3658503237914473 0.3923880958091282 0.37047539969500787 0.36388661507211345 0.3742558779034682 0.3750051578392026 0.4093204054158047 0.46547012071282257 0.5303822737485088 0.5183044438662227 0.5183055577295063 0.5391520311322209 0.501294807182702 0.5319238547634673 0.5918197795441374 0.5736356200013526
0.4839018171646303 0.5486744489754728 0.5737751133689287 0.5645201335454163 0.5123395338247526 0.5049667291407552 0.5513861540124473 0.5025926009525298 0.5028920433120346 0.5447133124869027 0.5422725376495346 0.5072869170435523 0.4211860571130993 0.38155214121328623 0.37954289625981597 0.3016137157543701 0.2961770844831947 0.2269307254008911 0.21376737651964595 0.23883740370954118 0.2503089492658675 0.24091936560453409 0.24334334051396725 0.21426692459962182 0.26244676802934397 0.292342383265346 0.3073299138546611 0.31298954972364534 0.3691702117420992 0.3652661566696625 0.42861374349916903 0.40206714456315784 0.414277656363809 0.41746664222007285 0.4802029812293918 0.5121698629611983 0.5669918979423663 0.5194608059542493 0.5261953466840277 0.5507446653349813 0.5859724568649092 0.5625609480680246 0.5626115294415257
0.49884871522488466 0.4980843276930604 0.5592098745086891 0.5247644501478196 0.5407284491389059 0.5161545484203015 0.5589814274326239 0.5415560946775572 0.5403626450779491 0.5484702381661732 0.507203356228651 0.4935692357112892 0.462802220718681 0.4045124814863259 0.37109485302773937 0.3438051424860238 0.3070615976530958 0.23348222662167153 0.2588901367538256 0.269139052037351 0.25222234013465267 0.20863859016484168 0.20584971007206215 0.2523898935806583 0.2503345998985213 0.2803531828727248 0.3154296660245852 0.2939737331378007 0.368606679913325 0.4138416622191029 0.4517511017306485 0.4265512053312758 0.40868609186463994 0.42789685752559287 0.48693711234547554 0.5092423100131797 0.5266504511484956 0.5989707470702793 0.5584695308079165 0.5673912628328834 0.5561180715704647 0.5606219050082992 0.5304481190155538
0.49287673971811097 0.4726363460051322 0.5018770387352626 0.5670785824629487 0.5659674287498765 0.5434870442312599 0.5377381620609114 0.554435524993453 0.5417292734773645 0.5227796062833859 0.46703170724252163 0.45887968374302385 0.41629636624569605 0.43347825612663227 0.3728161394068059 0.33766015230979723 0.29314094701109666 0.22967249299921688 0.2392106634547887 0.24506467911575508 0.2527933535342449 0.20946578565321983 0.19316374906858683 0.23667387884865787 0.21568243973154122 0.24034046905293113 0.31602928498466304 0.3417586502775293 0.3211743481053578 0.3488763899150087 0.4163886061095556 0.4218157108093842 0.4418643279336366 0.4575802450837589 0.49415175760754804 0.532678510281698 0.5467476063963392 0.5272495791727115 0.5441135382491322 0.591378473475997 0.5870920763432075 0.6024554184738677 0.5865638045970503
