Raster_benchmarking/DGGS/continuous/raster-259.asc
NCOLS 100
NROWS 100
XLLCORNER 1743160.467882214
YLLCORNER 5469289.8218305055
CELLSIZE 10
NODATA_VALUE -9999
[rows 0 to 18 of 100, columns 43 to 85 of 100]
0.5617964426165084 0.5329476742217211 0.5511136134865433 0.5002891337562624 0.5102322289275442 0.45372201512738836 0.47742991677215996 0.4754252769098798 0.4655712795512672 0.466190830551148 0.49327663571155644 0.539011207696481 0.521387062681599 0.5606279679031009 0.5730535271704433 0.5411602515489933 0.5522017423389886 0.5935960371890945 0.5873151119941135 0.6354928951522737 0.6542828939442967 0.6667414817896192 0.6837447355632653 0.6989556247330893 0.6519285406962385 0.6384603105713943 0.6978224228899559 0.6597080434004531 0.6613039451830323 0.6917853455726338 0.6794943793796844 0.6724864018569301 0.6493358255172763 0.611906851434511 0.5948643729442196 0.5741680761802178 0.5587280205319302 0.593592539705115 0.5840807001193786 0.5298683763726265 0.5001496723748067 0.49502221483658654 0.4447274382120884
0.5586522596671921 0.5150398019032533 0.5337435850149199 0.5431228942664102 0.5169124623845736 0.46276556102469 0.4497141984380752 0.46584937514522884 0.48824450338469055 0.5057705943795041 0.49704622541002147 0.5270407340414985 0.5106704079963915 0.5431661628077387 0.5702366253472293 0.5587510312721446 0.5622511537498425 0.5618343741917231 0.586989824870062 0.6125491381111681 0.637161423443382 0.6871202882211936 0.6631386964773474 0.7189103981123117 0.7168257308702704 0.6903571433653811 0.7180248911199605 0.6911242206639351 0.7021212997169132 0.6938438682213808 0.7084181835906054 0.6400929281046879 0.6144584810940451 0.5817259123800462 0.6107060575928042 0.618792661287247 0.5982202215378445 0.6210919666335197 0.5975329103455622 0.554471996576469 0.49470226039702675 0.48128614020201044 0.43015347680542987
0.5508899853524902 0.5376294576477333 0.5342373124277798 0.5337208663501284 0.518512113087523 0.4818252800322396 0.480457605510914 0.45160636528926784 0.4902171071681735 0.4994515466616246 0.5245918056169776 0.5166218692049214 0.5108411433426561 0.5294489172210848 0.5741041880548952 0.6085126883441497 0.5886968003593763 0.6203367303399434 0.5826403187130657 0.578862418508463 0.6570245182856237 0.681077268040205 0.6719173020539451 0.6884348984369721 0.7383656771439622 0.7263282148833309 0.7112515008556951 0.7707407256594024 0.7386363752584341 0.7098737979265136 0.6888935916564501 0.6695161065123809 0.603236578390227 0.6011374044447809 0.6251510315667702 0.6065833632670439 0.6075456658213109 0.6046808001314823 0.5413480634037688 0.5509539301368596 0.49845615958957323 0.4385260634332467 0.4153543961225751
0.558522803660942 0.535779936251556 0.5422924653692881 0.4953023530093374 0.48483407866353706 0.47834570275267324 0.46133714794485275 0.4334190931556275 0.45658241293962587 0.49578499574540935 0.47725498208952427 0.4920264649521474 0.5016251546630737 0.5522761454684199 0.5533071546922629 0.5784095622261503 0.614815354700556 0.6305979997308916 0.6079762498525109 0.608221802413956 0.6284531025769065 0.6684445879443648 0.6952921358491181 0.6941443746213791 0.714751296852467 0.7193466359135657 0.7441181385697092 0.7435110673281217 0.7582943836732542 0.7224051461029295 0.7174798936450983 0.6549874460912755 0.6365194566888006 0.6438427311078796 0.6200702060996471 0.6004624040831795 0.5392693751017985 0.5100073078152988 0.523393783728354 0.49392624105740784 0.45155700818760497 0.4551857927472391 0.3807291768263265
0.5576594263618639 0.5468238322502171 0.5475572496289148 0.476904235011233 0.4585686347425362 0.4559720571645535 0.4850988599300907 0.4790067475938378 0.48445785561968896 0.45761422849368893 0.4350465170450311 0.44823320153670576 0.5054712763115589 0.5077984484362643 0.5550381189832333 0.5675925697795252 0.5937771282355861 0.6158512279547567 0.6070409232736704 0.6412683331350516 0.6718291965559422 0.6579961978244254 0.6920043814740396 0.7179021164961132 0.7071738506030646 0.7753752754577417 0.7612580447133944 0.7867249835102754 0.7601781064612689 0.7038486824118695 0.7234269595017733 0.6685189148378027 0.6550472669042261 0.6475448963841497 0.600318020126788 0.56312715708529 0.5032885039423192 0.49086361381394966 0.4529761975870996 0.4517269045990079 0.4275139916502618 0.43063344963579625 0.36918480809522836
0.4851811584620348 0.5038213179290801 0.5057313729886257 0.4802435535665062 0.46996601479416744 0.49533483811168433 0.4988873968692571 0.5021724600993729 0.48742725456009645 0.48035493267430646 0.4666200402011343 0.4981779759022845 0.5252340527131196 0.555998490564209 0.5962313202394969 0.6158672380026485 0.5984495047100044 0.6425433277023024 0.6709770143184627 0.6552565700172911 0.6798107281611974 0.63764289194309 0.6551351023214846 0.7139956862644047 0.7146827038443582 0.7334705882832068 0.7667617295323383 0.743223637079222 0.7449725152974342 0.690685720706421 0.693841475894373 0.6631549024739064 0.6435769594171743 0.6338789970138564 0.6091529146516534 0.5395250645889142 0.4914439511877816 0.4822775875653738 0.450386512517971 0.42405635592281377 0.40020621164627546 0.35496951082262196 0.37200934961557497
0.4391523710918817 0.45469250809288786 0.46423730502850963 0.49464076439575516 0.45577001808500234 0.48042526126780255 0.48806053899506074 0.5281913424772583 0.4947217521154231 0.5218553976418762 0.45640921874570856 0.4680950279426683 0.5321091968736377 0.5641489059164012 0.6165510206040916 0.6329204012375198 0.6211819225087316 0.6638659060267914 0.6814223456874462 0.646064926131832 0.6828091875525171 0.6706151574524944 0.6617607414292532 0.6788884299201324 0.7471382492317837 0.7809089845076649 0.7598513257789875 0.7680160913806845 0.7339108339601524 0.7040759780747498 0.6763795144729575 0.6699798995832855 0.6447035731267706 0.6360216455579664 0.595612771017936 0.5309029347934168 0.4606333621944893 0.43634498435435004 0.4578256559046657 0.40904310116983894 0.4048674289843548 0.324214845086398 0.3505896653193507
0.4453708259515509 0.45795119880986407 0.4935553357405359 0.47319169400842415 0.455857479906614 0.4828390875170887 0.4602182012952119 0.4848485265147907 0.480772657893788 0.46658461057937334 0.4790001434889816 0.4677550274419089 0.5517910354108322 0.5769985732688779 0.5990684655219322 0.6537863717918818 0.6784324781324734 0.6732536880616283 0.6962490901678909 0.6848565686118987 0.7113730566854952 0.709556355028182 0.6951887434031427 0.6865519576155107 0.749141793099425 0.7728702227578125 0.7522151486851587 0.7469030931353274 0.690934901766493 0.7043470276928306 0.6749261782256797 0.6360818169890047 0.619668689667944 0.606344860017215 0.5403042657612924 0.5153073241323617 0.482981815031285 0.44161873709400146 0.46181948245621657 0.39927302874835546 0.3817572805054328 0.3381270491005446 0.35236327883591495
0.45166783837416047 0.4196241502025511 0.4843613640965612 0.48849896957186445 0.4413250770742944 0.4159608240362886 0.4323338089474134 0.4191057762328807 0.44889018136953845 0.4400168318722441 0.48894840523769145 0.48983087941988296 0.5362192017963228 0.5753644557367473 0.6341133533785973 0.6534369293355698 0.6483801007695547 0.6819578751565044 0.6966090688360534 0.710370238395751 0.70643055752361 0.7000384908596885 0.7313909621806876 0.7298959871824556 0.7296050667573905 0.750259465136798 0.7182497242757636 0.6873346669789713 0.7164284229156205 0.6547916287595326 0.6685981786138829 0.5989885204094827 0.5464106102632227 0.5249799736648324 0.4999262468932911 0.5123875727059841 0.48350540530608616 0.4511846607361611 0.4471810509869844 0.436616288821427 0.389864453167017 0.3482094311365084 0.35080752111959684
0.433045268931368 0.43326011080702753 0.4797405752385367 0.4545767633309408 0.4267797067480975 0.40203507027860164 0.4009721051050403 0.42452155188724044 0.4123198803423675 0.45338139977854264 0.49776073375920965 0.501079855114233 0.550528413669207 0.554801444433002 0.6088231232831431 0.6426280927177553 0.682735299995018 0.7007091630363455 0.6876676896835963 0.7101905073257531 0.703610437034063 0.7198807083620881 0.7400370788175954 0.7577238201551302 0.7309340052488663 0.7366565666219484 0.7493261380432743 0.7556712668767799 0.7214268250635535 0.6512436717999561 0.6307568123659342 0.5756071229465632 0.544643755161045 0.5397654029612462 0.48223207181124933 0.4695277458195518 0.4333082665684841 0.43488226777214817 0.4150079114807726 0.3726805114663757 0.35332366365587903 0.3622101046511044 0.33673790405602044
0.44238282491432135 0.4787930355837929 0.45190135361744993 0.4333824877558389 0.4333408755889081 0.465019848352511 0.4287925760615618 0.3953048425447397 0.4166023163026008 0.464587663510652 0.5128371040153047 0.4838462587826691 0.5172199035211232 0.5620580204673259 0.6172260609830681 0.6785152061494322 0.6982550754294021 0.7396122922229135 0.7071734453794056 0.7160758645469587 0.7269014485058614 0.7388110398086059 0.7451500635102225 0.7707157828968451 0.7410191558079997 0.7271711425926459 0.7557562352401003 0.7578260651163093 0.6962539101175698 0.6971120646616816 0.6613724913331359 0.6227062324706603 0.5525249136005654 0.4903048733069344 0.4568792997305295 0.42827498495054384 0.4365932928543538 0.36431788295712153 0.3543165984414074 0.356763051905667 0.34313478897060423 0.33945969377345303 0.2998110177912328
0.44725407831129266 0.4884385888603087 0.45588364871371 0.4689685393704462 0.4339438773908886 0.42264249379902574 0.4512127517627844 0.4051295600300608 0.4391921115028375 0.456629830404627 0.5042715224256747 0.5463313345933695 0.5360693863273133 0.5893966207082011 0.6166613824184132 0.6079730364853578 0.6556773145856739 0.695255025647208 0.7055698155409293 0.7189126059651284 0.6931273482343574 0.71251257123636 0.7369070140123859 0.7251396909183452 0.7106439203021891 0.7028191791643579 0.6999908882321583 0.7325524926797127 0.6964949879170583 0.6930038794271968 0.654000543436248 0.6307483476653878 0.5847643222243619 0.5090680697992899 0.4678434028332653 0.4573106900804906 0.4375914309718752 0.3535264028332134 0.32986376162038034 0.33589315991689717 0.29328378767142615 0.2929672895881689 0.2710420304184718
0.47657931008121335 0.4594870899661208 0.46360148437995136 0.49600378246846005 0.4728935074784975 0.4259130142976118 0.46101426194252954 0.4042269615888536 0.45170380242233926 0.4431773315003103 0.47654724663091935 0.5444697689421747 0.5757515497521796 0.5584999754483218 0.5669305401696902 0.5825851755319809 0.6259577297609238 0.7071854224487656 0.7247881923662368 0.7131623400155654 0.6854974684410011 0.7087635278899889 0.735972671190093 0.6838564265136642 0.6699794599650329 0.6902595642302481 0.6978787712752831 0.7088350705105874 0.6934188778321568 0.6999032543214793 0.6468170782507308 0.6293213727507638 0.5953350900957501 0.5433911474852325 0.4789743881383259 0.4978464368759725 0.4659973088979036 0.3995215553354367 0.344309560674908 0.29377481200175126 0.28577617939201205 0.29510754003678713 0.2722863044045525
0.503784112379474 0.47184505346045075 0.4863244255050703 0.5019676401108262 0.5020554206637984 0.4848717810109556 0.4542072818158121 0.44027290183535517 0.46436812181769943 0.5126874731513291 0.5276276901938001 0.5309487842014982 0.5747414304865915 0.5506067620577669 0.5493850927911986 0.5964689606481871 0.6105915814719687 0.6921315927192587 0.7116794860085828 0.7260559917157419 0.7360008625408873 0.7293663338497369 0.6955321438187824 0.696606281571308 0.6780751428648591 0.6962459050529642 0.6796401852872082 0.7138016595501638 0.7276422548252857 0.7308350889786294 0.6905013726050159 0.62477941615757 0.6101673771214086 0.5518787687501543 0.5221353901057479 0.5018496826691253 0.4786832550955203 0.38662265800343903 0.33796584492300197 0.31946379452672846 0.33576749480793494 0.30090006465046265 0.33390444273335956
0.5390341267084016 0.5216673513974316 0.5211361723982082 0.5252638198188524 0.5107265823104931 0.5476843590962406 0.5090441418092065 0.5121827214806269 0.4910857141143245 0.516474898144595 0.5494769947454388 0.5224600663446499 0.582884086777981 0.569620828707579 0.5416900295760975 0.5782955309351618 0.6082235567304156 0.6538936591789098 0.7012449539748425 0.7364181973088388 0.6877902694306055 0.6696067844426397 0.6615029385525366 0.66948393299334 0.6623531280600192 0.6482679176430358 0.6882262724165358 0.6960598294316791 0.7345336613766703 0.7224412468657525 0.6475043609005108 0.643427661090883 0.5844868835573519 0.5467508896310384 0.5274976829715206 0.4996006800932341 0.4759317254679442 0.41277675982918316 0.3520262264286817 0.3084973246365221 0.3312390890848835 0.3482049430592268 0.35850917855165954
0.5343109408648405 0.54296427245304 0.5174135386136385 0.5197379723474258 0.5198086645414525 0.5448042572456325 0.5511878001915033 0.5387489141400869 0.5272320401461754 0.5266409982218238 0.5477645039127981 0.5491316576707992 0.5453163515213695 0.5845792815620158 0.5856046999236956 0.624049975282851 0.6371670093855126 0.6246642321634843 0.6611712349426021 0.6657629447180423 0.6884324969501504 0.650926168326003 0.6574705190799067 0.7049021807048488 0.6962955832933551 0.6800971261027693 0.6653489669817242 0.668608207307106 0.6757009655555973 0.6542174285836553 0.6328023955314118 0.5940426275382481 0.6020729604124032 0.5648549509022969 0.5130937822128254 0.487877597889886 0.4192054432012648 0.4024450188119282 0.32141312688754925 0.3083962859244384 0.30300632806408623 0.323186906117208 0.3282523243149521
0.5809712751261301 0.5405343009516838 0.5632347089749542 0.5478954531652926 0.5593073964592339 0.5387070378785281 0.5401544488722657 0.48940769397346445 0.5190470607527659 0.5032456628800792 0.5015530809202535 0.5589046830536574 0.5197704227883987 0.5216745989454892 0.554473424628554 0.576641016375333 0.6159696279363577 0.639775476535286 0.6316337184529659 0.6676837863766396 0.6648220341734998 0.6756830055540975 0.7008497203743786 0.70714241719201 0.7178301584995863 0.6867571284446459 0.6992356663692815 0.6926114626303694 0.7021762402845269 0.6626576325085362 0.6298823466104833 0.5807261365901564 0.5998765749807461 0.5676146254967397 0.507547067342224 0.4787205645630272 0.402216005738826 0.3420112421886242 0.3038095383227133 0.3374014506804953 0.30458014321628785 0.27537951606713545 0.28337895554524534
0.576839983894288 0.5385496592651814 0.5445663439201068 0.5305792779263707 0.5391093985777816 0.5154486331696634 0.5219219033383545 0.47597215575000573 0.4880458911515439 0.48939143105531896 0.5112687163701748 0.5161817502563297 0.5426094913616848 0.5306501174099004 0.567086415902891 0.5933463760979026 0.5846629400533451 0.6195437978087514 0.6642051088740227 0.6852082010282853 0.6721812616261548 0.6688612092316921 0.6982077271481592 0.7491001436338631 0.7536032958357929 0.7606986022101896 0.7325172812688854 0.6781771793170377 0.6853577171140857 0.614340783379691 0.594367245259589 0.5468183130252662 0.5332665545344518 0.49439593625428085 0.49727609132275963 0.4481302691303604 0.39969763620274334 0.36370148739297536 0.32469860659244165 0.2894362647165991 0.29536875923617917 0.278267111216566 0.2849629854047943
0.552687954491123 0.54503441460204 0.558091029516384 0.5436307227557151 0.5652833207931178 0.5595534096632611 0.521194757005625 0.5168658137086466 0.5113076747503605 0.5407359230661167 0.5515176104328184 0.5308201434752183 0.5539747536011607 0.5928670678710604 0.5841105380011893 0.5857718957950897 0.6039571527749801 0.6476937917253944 0.6645139826064069 0.7026635465106121 0.7204297183724909 0.7373266636189616 0.7299122633515925 0.7691547517989964 0.8035900128479272 0.7805860473342114 0.7643669086954014 0.7117826922235896 0.6549583531239009 0.6265092385597015 0.5868437473548969 0.49905088222275723 0.49880503222378925 0.48153884913939177 0.4391590761936811 0.44234231654718015 0.3810543665845738 0.3427675133170703 0.3052668975839636 0.25918587240608804 0.27851745216066437 0.27819375542556923 0.315283042538636
