Raster_benchmarking/DGGS/continuous/raster-481.asc
NCOLS 100
NROWS 100
XLLCORNER 1743158.274160246
YLLCORNER 5469290.47063903
CELLSIZE 10
NODATA_VALUE -9999
[rows 38 to 56 of 100, columns 0 to 42 of 100]
0.7218657407953997 0.6939586190436358 0.6414447967795222 0.6021870133737555 0.6274398351753543 0.5856967720827964 0.5664326641029573 0.5984643833591936 0.6444131747905374 0.6063375429453917 0.6123978968863871 0.5779815382988036 0.5191851884498555 0.5037629164561589 0.5064320182647031 0.4541080466270211 0.39617621121754665 0.3858984076145551 0.38028011916671456 0.38751300136285105 0.3779740874333337 0.35860241989382796 0.3073542302992012 0.31441869324671035 0.2390464388052566 0.22776418284160385 0.21398304663882814 0.2550855334484393 0.22986926264724727 0.2441230991865466 0.24867380578530457 0.24929595257241902 0.1969142332466703 0.23874792674124382 0.24065112370536967 0.2915526061973704 0.36520799738255383 0.38444512736042924 0.4061162877899029 0.4261957217904838 0.44528172922112547 0.40762692124960087 0.365599911028039
0.7333468163540383 0.7082836483816525 0.6347175515355329 0.5924718904917763 0.5997115277826655 0.5977771339755776 0.6019987155324287 0.647752302252206 0.6915980518421935 0.6679660941335415 0.6132160909899639 0.5444964461530115 0.5390433103445876 0.5041934408437913 0.48208623539000217 0.3756026181063571 0.2965190194664411 0.33365592255098464 0.3402088811362648 0.3736469892795857 0.39059197831686926 0.3277597582656128 0.30956885959943686 0.3083379004826791 0.23669070850423957 0.24248652763910036 0.24190111762499833 0.22823487346946075 0.19336884850429809 0.23047385672297913 0.19883475698893552 0.20184986241858305 0.16923300246989326 0.2072093965063256 0.23940754540562417 0.27957568271121824 0.3578339163649197 0.4127678128526416 0.40639172815678015 0.46554297785850846 0.4927617627211417 0.41795292685213853 0.4246259597347879
0.7157340784918989 0.7040496646279614 0.6979329170804398 0.655739585177038 0.6697636639742469 0.6452464386262932 0.6408767261314825 0.7023366028927701 0.6826937272170851 0.6502364525225575 0.6220112768386369 0.5550124123926002 0.554694754136383 0.498017366673604 0.43261173529886826 0.37797933251420535 0.36382797619940804 0.3739994899412579 0.3947293946775708 0.38192209076649253 0.33949146206745795 0.3283956745271296 0.33712615571418375 0.2703971245063167 0.26087677195406556 0.2684418907738462 0.2808712425423064 0.23900957826500813 0.2611641414331085 0.2568181040060844 0.23776289819775537 0.18464832005985865 0.19243009774373934 0.20089029248842807 0.26287598869472983 0.33529949916414825 0.35371957784443053 0.426196571128818 0.4520025575758381 0.44314501489090075 0.45124707574856865 0.42622668498855604 0.41478273872275906
0.6862193806562721 0.6786738275999982 0.6901110718682874 0.6701991592428467 0.7037234768642635 0.6576995196796083 0.6940706073943913 0.6999354483257014 0.7033986677292189 0.6392904236298577 0.5971318874582157 0.5791613185459862 0.570326508675492 0.4749942160586221 0.4185079408636132 0.38678599202256475 0.4114535805871722 0.40617663500887297 0.3624466736892275 0.31591266486469927 0.3187106150238962 0.35199156921032565 0.36638419003211703 0.2846869270135803 0.2945619084567026 0.3040775177666891 0.28939914137962863 0.267716673548691 0.2762645472621221 0.27820242329699907 0.2339878644907096 0.21132105024064513 0.22157712863538528 0.24599565685925487 0.2615539612789131 0.3405088197048065 0.3744646388482419 0.4109956134343221 0.43948718058020014 0.44529909836221115 0.47589599596420684 0.44655853756936953 0.4478524766514904
0.7000326736074566 0.6778986255461473 0.6467271796016864 0.6647596398839649 0.6639866251451412 0.6626847249862707 0.7001708526584116 0.6911113556446086 0.6705781533687003 0.6522711604214868 0.5998955584994328 0.5510269718143525 0.5527025273953841 0.46972755881858147 0.4751963490177113 0.4473719197181421 0.44492020556504036 0.4325382802581708 0.36444937958458945 0.33176818170849465 0.3358085643265293 0.3439561600325792 0.3576316908571933 0.32913764562946124 0.30845624717406267 0.333137269546514 0.2992316742506618 0.31850244825178875 0.3122802237725967 0.30954051688182377 0.28476438376343194 0.23816958037765984 0.2585244311295026 0.27827465854415173 0.28336509210867356 0.3378427175123677 0.3892030074968394 0.39725621887343127 0.4668529961491749 0.4651526708508489 0.5051280947918413 0.48962905284338654 0.46377416596396087
0.7182372497781564 0.6350609755646272 0.6101055919853394 0.643709455607274 0.6798688116360352 0.691364376163333 0.6914977855652478 0.6658067462972469 0.701197170746355 0.6592672470007288 0.6072649841338745 0.5239760627932194 0.5041581201632143 0.46393866541513024 0.4458530408158087 0.46987374649629915 0.45442264696627443 0.4365905418095689 0.4444017081211963 0.3792888828984599 0.3151076380647032 0.35284630765159647 0.3466092892079247 0.32103086011492765 0.3120900387372213 0.2892928550136406 0.31028266998921045 0.3607210976910796 0.37974956894584855 0.373552283216094 0.3159850281406379 0.3043586124877602 0.3127163853938328 0.3009745822538599 0.33486603420119465 0.39367763769898895 0.358758027338671 0.45771224199174587 0.5039868295742448 0.4967622187462283 0.5313027513572204 0.4412244471547948 0.3973876997877966
0.6507997271519949 0.5860521159443187 0.609968060040395 0.5821920946277038 0.6284658771973214 0.6270044542082371 0.60633174396022 0.6257630893673214 0.6585487900858382 0.6124490852835578 0.5830754510207259 0.5637488991225357 0.5371142766146348 0.4983740600155697 0.49178038899263793 0.498677213634577 0.4526758429179642 0.4855465815373847 0.45309180652638836 0.36666921227642857 0.31479300187218395 0.2926112112696542 0.32814988191802663 0.31926855339914717 0.34674615281590426 0.33540897491844585 0.3192871293796733 0.34405210711089274 0.33956543602230843 0.3536245886602056 0.35156679576579963 0.3673620300999196 0.3652670816731199 0.35335883499029563 0.41211287928299056 0.4185257117071943 0.40013140402520275 0.4776116306597037 0.5027106448686208 0.49143938065239606 0.5087363419296942 0.4739364330722155 0.4154129447579821
0.5797190185297938 0.5585946219318657 0.5575271136020485 0.5646809527399876 0.5511196675105143 0.5910599509427092 0.5908525456785876 0.575604803221033 0.6117927477322079 0.5763298059085447 0.5884011962750237 0.5839622426264949 0.5845973282664061 0.5928491161634156 0.5533721044221688 0.5370424784914772 0.4914689764338163 0.5146750827268609 0.444761723801736 0.3618909401367378 0.34211853700801453 0.2771219495941275 0.2627472985890873 0.27849059787474023 0.3140255599737957 0.3762720176460548 0.39094360434622977 0.3635667343076476 0.3531130285746904 0.38875847406675695 0.39403732865294444 0.40370990621090425 0.4358100191243087 0.39685623656635716 0.4305964252140759 0.4112697166327587 0.4369929412805376 0.45425618054064537 0.5172596770831273 0.5408846522120225 0.5243585980671106 0.47580863640627113 0.43026225342504276
0.5766675134260949 0.5657436272485188 0.5210937094533934 0.549431912202071 0.5718480357032635 0.5331478068698422 0.6109871582498784 0.6009193396487721 0.6244582735198352 0.5773233558475125 0.5997611849461106 0.6072931633479697 0.6042820342614803 0.6252293461275421 0.5492435169564954 0.5445337907641294 0.5265948275104739 0.5046522556982347 0.4638654875215752 0.4309896698719251 0.3612595569279857 0.3189976970237101 0.2704984641472847 0.28714755779580237 0.312322280374998 0.32783127623518216 0.360624340588747 0.3384071622515036 0.3235303759044687 0.33725952410398413 0.41493835609998186 0.45870019926051353 0.4699147539567012 0.46492959964559527 0.4797042455908527 0.47340812743715543 0.4963642505725362 0.45210657041198987 0.47549926337839127 0.5006381597765387 0.4995765922573963 0.44785623097929783 0.4000380450561392
0.537041049549812 0.5514331797557388 0.5439866373388281 0.552429132704935 0.518566574788243 0.5493764762921304 0.6069794933122786 0.5787599730352743 0.6345596497379526 0.5613996010402634 0.551704979327552 0.5638770907071028 0.6476018212665975 0.6033264736663146 0.6049486031119184 0.5012646912093216 0.49477437971442784 0.49072720856887725 0.49189709489654787 0.4215986477669706 0.34021461354644955 0.30562038108958234 0.31408494102433315 0.3193739303042668 0.3108221928148759 0.3007503556138815 0.3092050698085816 0.32059176810155376 0.33638592551524577 0.37879703648796975 0.383725274010858 0.43614354263490973 0.532896345745369 0.4837524545382448 0.5178897773456942 0.5025362367052298 0.4964253310413073 0.44295726050480483 0.48649435695348675 0.5114276540059357 0.5118543132685506 0.4292169450460858 0.42793170884992926
0.5405037050715427 0.49898694476696864 0.5279146461176657 0.5381438552862048 0.547332667800319 0.5555091437475562 0.5390949256598203 0.5660594974330767 0.6108519233735673 0.5837996435860809 0.5715814942918869 0.5539522154247286 0.5426573695299767 0.5779197035695166 0.5779843521391992 0.4965299229414096 0.4824135334563709 0.47150925753422396 0.4769032432260123 0.40183210721297685 0.38514569150581557 0.3766045549881145 0.333706352812316 0.2856582280728535 0.27644223439162685 0.31655753485681776 0.3268763306256082 0.38278819220001825 0.38264127838553885 0.3942581410846813 0.4381687890246527 0.48017333761860087 0.5232175080118102 0.5221540077783152 0.5285437193081827 0.5401264550210757 0.48522224573896094 0.46930536930781985 0.48251400591860905 0.49893936112324316 0.522253769483939 0.4607646721345213 0.46629667072502556
0.5468435366752402 0.48561185884202607 0.4998981736190285 0.5171736868142502 0.4894958333455248 0.5395627825192952 0.528271972601309 0.53802147161811 0.5768120950549592 0.5776675304975095 0.5654301470857797 0.5404365846314355 0.5250310708635428 0.5680588294489151 0.5122508688048996 0.5072005418195417 0.49441581667193685 0.49689841040788746 0.477774076842778 0.424357222536623 0.36969348288308446 0.3316443135447015 0.34509114017556014 0.3057088793751812 0.27727847078269513 0.34395097612891956 0.3437776813640155 0.3920999002916642 0.4494083755446709 0.42241870614048166 0.4982434736959315 0.48157207856382284 0.4948678732652174 0.5174662387225883 0.5365183052768719 0.559416682175591 0.5113103305100688 0.5004744517817886 0.5193572300791661 0.5127866077279455 0.48626220768163936 0.47322928564989597 0.43634769024456777
0.5082593245039793 0.4601656419006135 0.46095526289692845 0.45609356263316775 0.5069987112116264 0.5126420183407085 0.5001792658746597 0.4953039332212038 0.5495822606924524 0.5397556582123627 0.5241956258046034 0.570759900391171 0.5429323181785489 0.5655492894876907 0.5546015469325027 0.48454137328916225 0.47964203318092874 0.5173336199321753 0.519705165644785 0.45872426715508136 0.4348877136833475 0.34515208708017003 0.3126004802845384 0.34116278000984235 0.3213884252293792 0.3455035603258209 0.3665053431713838 0.44388064904586816 0.41926878391741546 0.45396468178872207 0.5117419777263889 0.527334415457481 0.5135691922123394 0.5141960723744327 0.5252734228778453 0.5178906735130641 0.4957921953562998 0.5311472999041796 0.5458920142537933 0.5013349059028028 0.49574996771010243 0.478547619749149 0.45968009814984956
0.41198978137501563 0.40835970803709665 0.437105394377371 0.4171814701170917 0.4400385482200654 0.4342736490633302 0.4560834895932545 0.486781510381024 0.5375734495682825 0.5151337591662644 0.5386424270801399 0.5816465996354357 0.571104982505731 0.5901043281835651 0.5304751097769597 0.4959337935303141 0.5150305522253118 0.5493567522798424 0.4875768003353545 0.4576392907274383 0.44033432347401624 0.3446006863498835 0.3103875119491766 0.3282695596010181 0.31440708741575873 0.39855856642731263 0.4227731508185797 0.45419286376032775 0.4293709146643884 0.48631074152543374 0.463630095235362 0.46247362216922205 0.5183574756995272 0.5021565189708425 0.49020693942815846 0.48275888932413374 0.49038454364168904 0.4919847398175258 0.4957787666471886 0.4517728242609642 0.4111117187160575 0.4526199034557961 0.49467871859331974
0.4304168548171823 0.37836699846494204 0.3732249230043162 0.3611899338301347 0.41576041946610315 0.4171042807983726 0.41964502118177077 0.43945701275445254 0.4934021526646178 0.542905127295358 0.568055944596818 0.5768105097492225 0.5689313006086506 0.561347774310523 0.530674903803982 0.5550874913425019 0.5611563549711159 0.5439480504984869 0.5157456279840947 0.4574876676818238 0.4076975450827083 0.40385796087740744 0.3533434271548978 0.3117820161009057 0.3581492651428002 0.3772448930237862 0.4605585179052401 0.4628063817488938 0.48027865408101866 0.46814040574544397 0.4464950887231515 0.4657563329909111 0.5064039075289569 0.5027415909128318 0.5245900780280046 0.5060920445448113 0.4748559818264395 0.44183917685960744 0.44666411357110336 0.4185859254215272 0.44771901041112916 0.4436181024785663 0.4728042444641004
0.4306260913548695 0.3638306281001758 0.35959223327616185 0.3896967757466753 0.3443301314160142 0.4128346695288092 0.39425842747058787 0.3851178997761594 0.4342372287174315 0.5012955907390557 0.5483469074727165 0.5430778100285549 0.5817923111091664 0.59626079802619 0.5479118525813405 0.5665365206795661 0.5597090136206205 0.5714413425186089 0.5291979400185538 0.45679287614572245 0.4336048414316608 0.3690041349712104 0.34813715969937814 0.37442280252606125 0.3640796704700725 0.36595363599795666 0.4444891853772286 0.4962380878991664 0.46342068171726 0.5009451648963285 0.49538321741087854 0.5061863304272151 0.45167003743448725 0.49313236874153643 0.5225894754269891 0.5102011892570358 0.48198156626662664 0.42611528722634656 0.4245969030252415 0.37418773219936496 0.3845196464537492 0.41060011212134034 0.44692656859736724
0.4559260378627666 0.382116748647462 0.3498415218077916 0.35821264725908447 0.38821846315774927 0.3765477583899537 0.36012660503170285 0.3878868361928664 0.43503482202228244 0.4874875996044393 0.5043467690517 0.550235945547586 0.5564833333411477 0.5604555693456275 0.5742331412793146 0.5909839617608748 0.5464302713519982 0.5280854081820113 0.5433636009619232 0.49733825732549425 0.4264272779461199 0.3956984496619582 0.4126090703968987 0.3669153044359948 0.3715144684322094 0.41173056119087975 0.4514008204311978 0.4981019501987719 0.5281304236050395 0.504033620778345 0.5263097541458579 0.4780886370110534 0.49222679047962137 0.48957855830602703 0.50302961876995 0.47623268619647774 0.46168423880164716 0.488502575362655 0.42957281514825213 0.3991161703955425 0.42022746607769745 0.42077408560471785 0.49762175251642626
0.47111167313380636 0.39563539416332394 0.39076352628875843 0.3726379742768177 0.34404157401058855 0.3862884034330202 0.37011122642801697 0.43570801048284136 0.4351988319773417 0.4396668244716974 0.5087006407587654 0.5457216745427583 0.493947965424493 0.5603532035302305 0.5656273967154438 0.5964055111960881 0.579026033235928 0.5264478580551653 0.48777928748721056 0.47472631681145927 0.4344823769162311 0.44361209549169145 0.4363952692513559 0.3946256206623463 0.3946957275546826 0.4488185983340748 0.4243606316389689 0.507601682002203 0.524948409320494 0.5216617426579603 0.49601584596830844 0.4897660326451026 0.4912826826831763 0.49830115095614963 0.5484913687807761 0.4756854911242622 0.4707099076283777 0.49445010748488394 0.49782438255936207 0.43298911794875866 0.42336961985210997 0.43866036608770587 0.5126796205351193
0.42841372461189764 0.42496381951810297 0.40296869357077014 0.36561855431840756 0.374631048161718 0.3433334286623842 0.3571822209312186 0.41502180344971124 0.4099381965805341 0.4453639826736142 0.476866597635297 0.5075422232646354 0.5387396234541472 0.5008457051377121 0.5416040228922415 0.5523053192487908 0.5233964743401904 0.5604355155458961 0.4794129132356097 0.44727557423138226 0.4088260829753773 0.4257253864676193 0.43799507201763516 0.45613932106386706 0.4347207149557238 0.43032093820852624 0.4567897927544502 0.4539803286169411 0.5030324635278138 0.49546178932606466 0.4921456076506986 0.5261450597816462 0.515740937039521 0.5332521103061817 0.5069933204395974 0.5177832629321683 0.504922390082538 0.517109028260519 0.5272509845114409 0.5154164014609881 0.5114262600752143 0.4677721319403346 0.5257955683319716
