Raster_benchmarking/DGGS/continuous/raster-427.asc
NCOLS 100
NROWS 100
XLLCORNER 1743158.564425447
YLLCORNER 5469296.195777128
CELLSIZE 10
NODATA_VALUE -9999
[rows 19 to 37 of 100, columns 43 to 85 of 100]
0.1645457173109258 0.14895552719137017 0.12549889559595498 0.14495889666090206 0.20195143568494076 0.2103644494195553 0.24777616598282837 0.23279237462418775 0.2425618958906595 0.26442739466547477 0.2667962507322528 0.29836390092681836 0.30839356472553336 0.3039921076922356 0.3008306268822451 0.29213557619292563 0.320080109598492 0.3551792687324675 0.32235446175991617 0.3565909441667057 0.3786359164078599 0.40291581130509024 0.4087641893923714 0.44039484535910184 0.46718281835896747 0.5466636324969018 0.5630033332493438 0.5718798241714229 0.5726680789701034 0.5978745282912977 0.6090582680602532 0.6104372874573498 0.6286505658249439 0.6324157350877349 0.674268107992534 0.705193985926824 0.7162803658006183 0.7051371593064845 0.7185629117681176 0.7530142161730895 0.7623790546534748 0.7544470149885 0.7623620141648637
0.14109520648779006 0.16749970684165594 0.16025612832310157 0.18508925886920208 0.1765952136229671 0.21283659600701257 0.22250506323046984 0.22313613255297732 0.2934822552447763 0.31197207951775174 0.29190365189766354 0.3176695328113724 0.2765243161577201 0.2791448688286217 0.3129844801967022 0.2787557126988513 0.29508728245028176 0.3236884192663369 0.3095650832994522 0.34739877038140543 0.3691705888963413 0.4138831684752287 0.3841472576763712 0.43604752242584577 0.4637325086353884 0.46735756282898033 0.5418437210062685 0.5512816773999079 0.5751538357835131 0.5703570349377941 0.5785070153583687 0.5536603052451067 0.5883055953760669 0.5850988366814481 0.6584856557241439 0.6622531061414565 0.6651487505614857 0.6908628398490066 0.7297306777682767 0.7330454368416877 0.7269620184033092 0.7699340540793019 0.7919090985747667
0.15965850074597143 0.17772970207971547 0.1915689856368936 0.1724517772581769 0.17736269431629556 0.26010097752865796 0.24537993626508864 0.2522717746862131 0.2679160273120239 0.31233650227207116 0.3163192317254162 0.30012420047004423 0.2976431089523754 0.2661249664140786 0.2986162873477424 0.2987586974003655 0.29220835389833605 0.29941847569487245 0.3127347084160085 0.33696816139583907 0.34951451158221175 0.39987359440265147 0.3946352827901726 0.3744123620281616 0.4051765526109002 0.42752139013230395 0.5169332713145942 0.5432083310943061 0.5412605777615159 0.5904267324420701 0.537987370977879 0.5431586515047894 0.5960961463981573 0.5706460487502867 0.6304244453574415 0.6563974998020615 0.6766126162359658 0.669060181831041 0.7434592370100482 0.7232994629545011 0.7277966442397203 0.7526416548488123 0.769428668332203
0.16095850329298705 0.1896175722700222 0.17600847141586787 0.15668080610847981 0.1729898781267448 0.20668726337030188 0.2599205248931497 0.2329121917076244 0.2650487907740161 0.3148504527714614 0.3107923596825128 0.31048015882296565 0.2877277588108074 0.3092175386778105 0.3104920757425646 0.29131487581274457 0.3268954931189988 0.33573259468477845 0.3040296215560878 0.3305435161095563 0.3721774973325347 0.4079677037273837 0.4058075790679258 0.4012584294960332 0.39079698285955616 0.4124052057082427 0.45337253208846534 0.5208853745883294 0.5516624103416476 0.5638289328780344 0.540554763911999 0.5525303072413031 0.575511331093642 0.5780738370921946 0.5981830148311973 0.662024497364469 0.6614906010380114 0.6981343158156716 0.7404384158868206 0.7291614345617323 0.7570011584526969 0.7483930587205447 0.7335490333212793
0.14864360684306083 0.1960409284163477 0.15747283002141 0.1367310265144564 0.1637520846395543 0.22809576721849312 0.2263283674027202 0.2564680642400083 0.2525205848924259 0.30994589416573975 0.3345041648394378 0.3201957128654782 0.2797344331149084 0.31699057600100466 0.2777918525240929 0.2941743033382786 0.34954397156402905 0.33139305003455827 0.28767278351880293 0.2941961329402956 0.35738731543375934 0.3528664693108558 0.3732992056883775 0.3907987191749791 0.397785549510652 0.4287738308026755 0.4338860217554605 0.449294344475114 0.49795485954544977 0.5203214715359659 0.5208846603955634 0.5144141047346266 0.5457460217179243 0.5987464381915818 0.6130646634079215 0.6298058667719363 0.6335854143784855 0.7207692290441375 0.7535504479529742 0.7619947583160244 0.7606940191974315 0.7058542597826056 0.6828566067023011
0.19142730437817146 0.18491687786103211 0.14478737878930614 0.18216019790795884 0.19862686162074508 0.25585215502238245 0.27206120349236596 0.2517912937084596 0.2512286783915133 0.2947815928701582 0.2942346053681111 0.28132512079067606 0.27507794885508885 0.2823176603545832 0.2810659086872685 0.27957005903055937 0.33272448953429834 0.31588530914367724 0.27447529777282226 0.26743761616845857 0.30424743147869293 0.36561018521908306 0.3815957863128492 0.36040546874737023 0.379043216840434 0.3917676729602865 0.38817689597783583 0.40692676316984483 0.4279730834871822 0.46116028652683483 0.5218907112572791 0.5153998797472633 0.5463299672660107 0.5793089263669192 0.5772129184834167 0.581684846786963 0.6318877308546126 0.6571994408694353 0.727339669240675 0.7256861960736731 0.7110182634124728 0.6627636136550604 0.6516316134856661
0.1813417311718775 0.21685635562776803 0.14847330830579136 0.13757616194905248 0.21791745985824934 0.2320204395050563 0.23977997601665899 0.28694125880892163 0.25576314954052426 0.24956585115056837 0.2966092945438165 0.28149444617327257 0.26518211778390705 0.2872853062988426 0.2981942658635556 0.31307055070697043 0.34002908835846546 0.2862358832632614 0.2662459342782333 0.22060577449753846 0.29562280697822846 0.3274827242858473 0.32439059747770915 0.3429531954199588 0.36233883021999996 0.37260969807414124 0.37939096096322494 0.37134271274941466 0.3973897701005323 0.45717686163957416 0.4986114496447772 0.5273209167269152 0.5236612821922834 0.5425793059290277 0.5687406557134024 0.5807949571076292 0.6340964982708593 0.6373827248248816 0.6886240460312529 0.7457369044519541 0.7091410521626647 0.6344553846341564 0.6623749444903316
0.21638983797153755 0.20909317120644982 0.2015397593540336 0.17799473360642598 0.222382525983759 0.2685257425025627 0.2690577283595506 0.27982073506962224 0.2594832637429728 0.2647696785842059 0.25389239467055574 0.262359657012932 0.3144324192075937 0.27465817132124787 0.28210364098809004 0.2825711597195512 0.32525066453307055 0.27859104885522057 0.25960087859017433 0.2771700775741969 0.2883183920611335 0.2970546957002999 0.3136751502700744 0.3390314190366233 0.3560175004940045 0.3841012130492891 0.373658508721355 0.3764629096320555 0.41344547051482994 0.41408898141692424 0.4801019121072421 0.5123628960002303 0.531100828140298 0.573012568842466 0.5724781795982569 0.5991252240255079 0.6102734610796573 0.6517285548867208 0.6828398387557278 0.6917254340447742 0.65085115307555 0.6545363497816872 0.6486773993655016
0.23839171812703494 0.20828891207638944 0.1974388872221108 0.202142436316031 0.21562390452271255 0.28199051355277155 0.27731350216746375 0.3169423542024372 0.30199690242446775 0.25007338538479157 0.2931105401471605 0.2978412815668333 0.3161899110999011 0.2809528686680179 0.2804621263272881 0.3179207927562521 0.331338763632361 0.28537760278343105 0.2591441724224781 0.2384524392149729 0.27662119413211383 0.256490514090876 0.274176488101587 0.3016434177446944 0.3059039046583875 0.337165711659835 0.3208111787770608 0.352716001981108 0.36692599822328487 0.413013139046627 0.4624874270110572 0.5107128195903584 0.5142675137791648 0.5492729192042966 0.6165501223420882 0.6414928603714676 0.6237724520641378 0.6686774311815415 0.6616831017886154 0.6390867462509472 0.622806543355168 0.617429545338806 0.6121999370118887
0.22035242267325877 0.22875090677384424 0.21267318610265226 0.2294939313619879 0.23300572924907137 0.2617798197643973 0.3115332937377819 0.3014950645548701 0.28710558426659266 0.308335171724566 0.3070281023028588 0.3046656971655538 0.29028074477659715 0.270556395025481 0.2822156254615086 0.3172249372299272 0.3072096660361985 0.2902827236561676 0.25729161436786807 0.23835011603669867 0.2288413965715964 0.2619830235111058 0.23719955158914008 0.25237524467022143 0.3019206995168595 0.34443331494246593 0.3276381225177816 0.3764437326843211 0.3999164637554194 0.44854125543318724 0.48628305324887044 0.48357270477374537 0.5058646127893328 0.5570112158398838 0.5994685475101267 0.6303572926436277 0.6741693311749845 0.6832572233697888 0.6739979916495432 0.6442963829168942 0.6303958229683468 0.6465215063766512 0.5886267660180465
0.24752741335545492 0.20044109744437727 0.22987066003033643 0.21095651705902768 0.2651931397538763 0.27467517900871585 0.2935311493581749 0.31561407168220557 0.3136622826346926 0.3179928971936892 0.3042819895743709 0.28858778484205144 0.279656143997585 0.2885318027631104 0.26075186810534046 0.26703598911197063 0.3140182507291534 0.308374799956949 0.24563228294895925 0.1829684367473256 0.2157809135963636 0.23116405262055326 0.2577625117430732 0.26368847332607126 0.2745508361716532 0.320098918372059 0.3159894620029721 0.3785224832881966 0.42713889874719835 0.4430047376897196 0.4617132841592273 0.4834052252339982 0.5070625037137071 0.5603884580824012 0.6096263028574623 0.6912441879424615 0.6853129965657164 0.6663593743604416 0.649319269371243 0.6486869106101993 0.6374605501495058 0.6399243825152667 0.5830363738913219
0.22431981693006472 0.22058686447437986 0.23492146046487714 0.20109525500152106 0.24096614077251746 0.2448354578594106 0.2744044827559162 0.3049681815378024 0.2856970359695568 0.30896327717796357 0.3249920338871185 0.3388908984094946 0.2959253159408679 0.32003250745900436 0.30405228215093866 0.3092979216455964 0.296831611506703 0.30639231167013325 0.2600619351135963 0.2163674242359627 0.2127217593111787 0.25476394764544213 0.23513436137999566 0.25064155137627764 0.2946898458298944 0.35626834367016713 0.3502220213679809 0.41524638753619203 0.4279338184865636 0.43058280468002763 0.4618670728606779 0.5075854751036957 0.56657549250688 0.5967354511382734 0.6659307086376691 0.6863253439291152 0.6930715426934939 0.6787441932540655 0.633387086451293 0.624313961384985 0.6642057903513123 0.6451178394925994 0.6134381089093148
0.27485458617555725 0.2470567610050057 0.22695677009277143 0.2094357065031313 0.2122310227002234 0.2319117405735682 0.25902492922458237 0.25818487317234823 0.2671278449541433 0.286306488211808 0.2914781799713014 0.3363109123098733 0.32872560085418434 0.2837181238157262 0.2842704336079684 0.3313902575959285 0.3290804729271122 0.3142570808073913 0.2726007465403948 0.22861921955498002 0.2306051520267605 0.26790679892939107 0.25866939475588363 0.2544145972147319 0.29666568532873266 0.3633044821827109 0.3956854130986966 0.43664471334865407 0.40915653213659575 0.4234667606137094 0.4833138103281894 0.5368352535795053 0.5702350226902902 0.6537361401933581 0.6924882317443264 0.6968115544125125 0.6948097189669684 0.6489695067902909 0.6246099987523436 0.6559552454030173 0.6498738053045706 0.647915961746675 0.6067834830771869
0.26266892075946907 0.2803617247875297 0.2650726665738758 0.2241878005101488 0.22609399251377915 0.24787801646733595 0.28357396622598563 0.2869299519609565 0.29232099931888417 0.30125024365018216 0.299458695405633 0.2980131355106479 0.32542548850598596 0.29495343682159475 0.3065786045225776 0.3545319947472829 0.34437748178708144 0.33720275165042735 0.29798409730186465 0.274763441754143 0.2948471330273593 0.293173168818204 0.3073528959431461 0.30241327820785086 0.31664288912602545 0.34035374417547637 0.4051437998652281 0.41082241794036234 0.4319763243975343 0.4646178900223147 0.5081623703242283 0.5738166733191155 0.5899336326458192 0.643456389561076 0.6602812417885805 0.6800638012281882 0.6512427031139041 0.6611535089767535 0.6644900001006484 0.6650798267105429 0.645579959227425 0.6246318423421743 0.6041688990745894
0.288743739680945 0.2998683742956188 0.26314176718383064 0.24354643900639844 0.2498037208015697 0.2985141794421937 0.27283780841655586 0.3290982585640131 0.292020234046848 0.3030166550375108 0.3385766195904568 0.3408394944448358 0.3146061558055799 0.29732342267339273 0.3066135712209378 0.3313908810475636 0.34700869221448966 0.36634398947782737 0.31398906170792706 0.28648616826079804 0.33472616726951476 0.325599605675002 0.3037929035275678 0.3109435369810269 0.32960402717327625 0.3488537277939049 0.42769667251246524 0.4188513014166795 0.4728030683207206 0.5022312992896819 0.5580094985164605 0.5892887662992791 0.6372353910569045 0.6784815478220949 0.6528262980648387 0.6897962224961571 0.6351576316400795 0.6453092262153644 0.6317799584326615 0.664420121079125 0.629256103571041 0.6293770071573184 0.6016375287345185
0.3094190214025836 0.30479075781446757 0.2648568776759462 0.2797668957494502 0.27723942205769714 0.2830677406813457 0.28339299892272235 0.2919722097379423 0.29189062508931735 0.3182052992960305 0.34533213727696815 0.3165209617041316 0.313556689590146 0.3330735049559621 0.3189150900503972 0.32258868326833146 0.33533584407794453 0.36695841502273707 0.36194673548547973 0.3544871593860744 0.34353593009191524 0.365349255067636 0.33291253105875307 0.33172794020114704 0.37187473937173404 0.3895522415422652 0.42488445289232496 0.4130504660286248 0.4490149925222618 0.5346674803756544 0.5535749694219828 0.5780103136868531 0.5806978461211655 0.6028425114248965 0.6264829446769763 0.650796249714586 0.6480673043575653 0.6604010583957893 0.6564483960309447 0.62752658372211 0.6363226103690985 0.617099560594837 0.6015919830780491
0.32643816497789996 0.2961715469091982 0.3161717110720372 0.3215816825235728 0.27353137237262404 0.29820355947397886 0.26992351017086674 0.28229795013323544 0.3322771857378365 0.3407029645179715 0.31300133424778526 0.3243550098203657 0.3517862603388185 0.3632036370279065 0.36053974493865226 0.35226133052749287 0.36546968757974513 0.359807833295719 0.3923152564766421 0.37062148402207024 0.33746118642466794 0.352840048992877 0.33703458141695813 0.3182653369082796 0.3553049925878626 0.39707095483938903 0.40996666608190785 0.42754196528589933 0.467043160956269 0.5247313167780581 0.518487138520925 0.5410091882032426 0.5521612723675285 0.5929568807954986 0.6452633058041652 0.656148996107839 0.6582540969933753 0.688822783748716 0.6428887095679591 0.6499578388032696 0.6123926421228015 0.6136086226360876 0.6061485306995205
0.345437076228757 0.29806583003617854 0.3355012132210279 0.29268008131081125 0.3010353070209187 0.29488606684478774 0.3021470151414705 0.3318619642877843 0.329445685962898 0.3554809128094509 0.33335255576315287 0.3634872797274757 0.39641301449302474 0.3835295678640998 0.34897114933828005 0.36571821782209224 0.33188930122532645 0.3740196752149574 0.36446524496921046 0.3762712043388395 0.382587158132562 0.339227782471744 0.3808214686442415 0.3479000881830971 0.38027293794757366 0.41274647443145646 0.4605872482394182 0.4500002704432054 0.47910893528103204 0.5205149023924086 0.5090926552155809 0.5224478837466812 0.555061399590912 0.5727209300175794 0.644382947749872 0.6241395597362475 0.6538842986700503 0.6766908571765821 0.6537517123724416 0.6367733530778362 0.6307421444265188 0.6434534111871404 0.6419060068282773
0.3233799053041276 0.31826191714982915 0.3058956836006962 0.32269396678892726 0.2849499141218806 0.29362447466909075 0.3278953662050254 0.3033204277999534 0.3198322174848728 0.3634614023990163 0.3534617441038948 0.3924826066435552 0.4059680102697436 0.3986391523605268 0.34507510589125034 0.3347237341947526 0.3387599291963213 0.3753863367140717 0.39897149228308637 0.40263799136048967 0.39915901172824125 0.34274756917247445 0.38573588154969063 0.3969847499601754 0.39491328554517297 0.4385073687206431 0.46826000690173725 0.4890847662319151 0.46969258816512094 0.48871032725325736 0.5079404988298799 0.5145524567842072 0.5762033131599027 0.598025852849564 0.6051931412432141 0.6527872558437898 0.6590771544314791 0.6190137242234021 0.6130393037405192 0.5876102160165937 0.6438841388879468 0.6494554617133614 0.6250023595242968
