Raster_benchmarking/DGGS/continuous/raster-306.asc
NCOLS 100
NROWS 100
XLLCORNER 1743168.5273816274
YLLCORNER 5469287.907603865
CELLSIZE 10
NODATA_VALUE -9999
[rows 57 to 75 of 100, columns 43 to 85 of 100]
0.48472989292042395 0.4708773294161705 0.450700552829594 0.4261453870635225 0.39162534466487264 0.35375156963284277 0.3273762589302042 0.3302368594368599 0.35350985933157575 0.35237396238316 0.3303826381335731 0.31359850156249214 0.28501429126598843 0.30073768558727504 0.3039699835929404 0.2647159181185692 0.2509564670937959 0.2603002369386888 0.24867645780074052 0.26102123178982645 0.2886646690765799 0.28802610008845314 0.24992562291249723 0.24983366460213347 0.23890448486638152 0.20325655356725225 0.1736733605386003 0.1761622425891954 0.15389201687696685 0.14044291444916035 0.16525354552286942 0.1795878258113643 0.19552637375212756 0.1943814935681882 0.1748715151792764 0.1694685014541191 0.16042515873774246 0.1561166796198893 0.10569377261634137 0.07518820811289754 0.10962261065356471 0.09804784598796414 0.054196007268597454
0.4426572019827466 0.4344164199687311 0.3818855059385845 0.3934711991716432 0.3530062680885337 0.34345073018537414 0.31714749636061723 0.3285447731559143 0.3321532046233244 0.3377611484637863 0.3331525416038345 0.2955819131739971 0.28989051063306537 0.28539598326496907 0.30870150359408893 0.26205035883155775 0.2433380180272685 0.23271215875483878 0.22892403492386465 0.24281444340434624 0.21324052598340493 0.21220766727710647 0.2456693006487383 0.22794294002238302 0.24633052131789712 0.2500469178562416 0.22169299777605472 0.17707620118014272 0.16652176745616334 0.14323448860978652 0.13792435975523004 0.18114456324266426 0.19283271710555075 0.16965395522575666 0.20452899190235524 0.18073716368175943 0.14215850358360532 0.15206748977345647 0.11341887066497405 0.08344520648132904 0.08672388966823656 0.08097359942337315 0.09195504631544818
0.37478309210725314 0.3528916102133461 0.3490845515527671 0.36524603276784534 0.3307255288441096 0.2971546119959801 0.3077549146069584 0.302094825111001 0.3093372917459612 0.277085714537515 0.3273485770337491 0.33653354825535703 0.30492179309703815 0.3110497745440427 0.27666426949221323 0.2746384880061619 0.2050552476797507 0.1792493915693445 0.20197636503321947 0.19990117248757377 0.2010150132717295 0.18866662002601453 0.20355001477770743 0.22169636159753386 0.20998216955623372 0.22725742718415812 0.193893474220894 0.19715611448811665 0.17464040765175276 0.13561545898589702 0.16265526692737914 0.1842806667805592 0.19927561376350902 0.1721162493606962 0.16773223069147228 0.1801373475687131 0.15505978112892876 0.14090986902502545 0.1293026536650874 0.08128156490930741 0.07416445698348048 0.03876523159543093 0.08342962252907832
0.3797053123656385 0.379980376388092 0.369390338544827 0.3355998722104196 0.35152171494061185 0.3303209826866788 0.31048740145672854 0.2863957629107404 0.26212234208029644 0.26660904153407156 0.2847815000278735 0.3224674153032011 0.29719680034680945 0.3064043307781416 0.2502025326430347 0.25063425436423425 0.21740416349328767 0.19290071248044968 0.1798712376835933 0.15566464447662187 0.16596150866957302 0.1654514094949264 0.17399749079441576 0.21768539902423123 0.20866652409753736 0.18513128287891592 0.1899343072906846 0.16859396740611854 0.15573500548892472 0.1766999418571868 0.1988082694307356 0.17387486170411703 0.18789834539250141 0.21179227157296515 0.17830413363339992 0.15245114842282023 0.15131117327017002 0.1616130123691578 0.11072321877164919 0.08255024255300307 0.09530844851300968 0.07102438145039155 0.0632042576154214
0.3628800249861829 0.3649948617709675 0.33462248323429855 0.33969045440806733 0.35411362423139014 0.3013670739879796 0.3076947435953303 0.28479349897866185 0.29307780375177894 0.2768897076562696 0.29250363799855705 0.30455447372583533 0.2707837492840449 0.29166040904849133 0.21960545648853927 0.20438513560746754 0.22142898754050366 0.2188622052739094 0.18334591593076305 0.16956900974024006 0.17430961153810473 0.18830225665748287 0.20058598449003848 0.17488145172854286 0.18524932155057053 0.19467435048624326 0.18189659543000128 0.17530630125821806 0.1921698020249701 0.18832426015562506 0.23214974422858434 0.2241047013146086 0.21546705116197531 0.24603820358393633 0.1770506372194535 0.1559973283507426 0.17502250120246174 0.19104961222398514 0.12516528814078223 0.11546241536586305 0.10546730618662602 0.048145147189363885 0.06295286812447018
0.3770729744046951 0.3466409253003455 0.3662534669218994 0.35546343700515254 0.32134914918122726 0.3266818440271427 0.3312806224178811 0.3027771147527886 0.2923072676054794 0.2821928768090029 0.28464091496486643 0.26000290146666627 0.2688788041401817 0.23022193112374856 0.18384871133656283 0.16557079928404694 0.160897795649735 0.1728022595078112 0.2037750733740689 0.16848342232846444 0.17235663085738714 0.20657645483826045 0.19164086885548126 0.22196904005730908 0.19790979115079974 0.2211665856732499 0.17644187409418227 0.18688052811706432 0.22317038419790625 0.2057246007638265 0.22699842488428043 0.26051785127942995 0.27561222923319934 0.2449076318974203 0.20733148008463528 0.20179621139682385 0.2070578798155042 0.1824463296187325 0.14148453783635717 0.1137220264275669 0.07316966938286724 0.029545266630092493 0.023901953039380464
0.37822370473376227 0.31761234648525405 0.34030575348426634 0.39848483955143466 0.37686654573424827 0.3483029128388247 0.326562414074521 0.3159022487015094 0.2981809221455324 0.32462104023743343 0.2731013291960905 0.25191557416143967 0.22371711316203102 0.17429773041819477 0.19463150519419475 0.1332005623097718 0.1401423827595226 0.1594400962557513 0.19818995974958473 0.20734452882945262 0.19878741266240088 0.19852249162781316 0.2054794684332211 0.2344495085913551 0.20760580402785933 0.2416587505889188 0.22710333379743863 0.1949980479509485 0.2456327263877942 0.23535516074877608 0.23890662763306483 0.2483200960304364 0.2928033087449511 0.28885862682234037 0.2667108616363029 0.22960687367224814 0.19377560025881568 0.18044912405065472 0.12212395650819309 0.07511921647466603 0.06754080811464845 0.01624844058037454 0.014080284077945418
0.37926254426568135 0.35198132628865886 0.3590086463278525 0.38953881566995774 0.393525165706354 0.3674969922101634 0.37482738126488285 0.37849788147582764 0.32982591558797164 0.3429576544295207 0.3124157954837286 0.27368727080693456 0.2469289243786888 0.2270653780862446 0.19983208620939794 0.171865679053963 0.17653632270539016 0.2091541319341935 0.18997669787693494 0.1794267151644086 0.20234610770835104 0.1775291201507339 0.19920624222475525 0.20504132758160387 0.23610374142036827 0.20700453267046479 0.20446391031713312 0.2475381588401281 0.2716327907317434 0.27435480945029617 0.2577460644961858 0.25301309244320386 0.2751517683970395 0.28296407983486277 0.26571855049067894 0.23966491737846715 0.21446185160661868 0.16986530317632925 0.15167433315489293 0.11253301207953165 0.0383284668659373 0.0 0.0004231500526530705
0.40809905192703533 0.392188015459205 0.36771592676611903 0.4177639149205673 0.3950434820635505 0.4142870762262724 0.39774091730693095 0.392435600094169 0.3606848113870125 0.3501207945233054 0.32064503749469886 0.23526657602694256 0.22628561785840037 0.2464280541547414 0.1892029996650033 0.1676887901812986 0.20084693477468407 0.2173999698586726 0.1865795979716567 0.20772666529775038 0.20001765451841447 0.16907396459108234 0.17068237651114596 0.2085161539812685 0.19534290973378812 0.19875124057510568 0.22934152203885871 0.2772942437753976 0.2672484077370096 0.2897547689968094 0.26178862394315605 0.2858387105400393 0.2869074673822859 0.26400120294443474 0.25086062972902257 0.2647988348177312 0.19661610846809166 0.174607377562813 0.1426871393870399 0.1028953972763041 0.06973229622321533 0.03296981951304842 0.0051465470312549435
0.42444172491678117 0.3917110745704404 0.40550940998520135 0.37675223468275226 0.39168929765175303 0.42330317093462244 0.4042433062322624 0.35824278297010187 0.3581278584131185 0.32603155327636674 0.3026142227073791 0.28271749668108653 0.27426867080799605 0.27158387043247767 0.225090558854113 0.20828166294083922 0.20798114517771185 0.17952964850887085 0.19148509002618053 0.20132114042510196 0.1751465767877985 0.15844317690854826 0.1900726595167065 0.19581819579397627 0.1928398654263452 0.2354951332362229 0.23203400162532475 0.2476151174622599 0.27067696968301524 0.2654408428157362 0.2918855053413007 0.26623609772168244 0.2956910005241917 0.27235755626307906 0.23852046790315468 0.2441747610978127 0.1863782769312879 0.1606018656692589 0.11734978529021539 0.12606600466917697 0.056508404413054304 0.03705485864201211 0.04980363449573113
0.44875569917873714 0.4291777594777892 0.42781701403048555 0.3868629719900838 0.41246499983967877 0.42356014800211556 0.40573879513137506 0.3777439059602637 0.35876913665048366 0.3108365013986084 0.2734120763633978 0.26559042169945474 0.28132402913346344 0.28689582667265245 0.26499639425065 0.23742696900993493 0.21836797627195423 0.1704418378616972 0.2103005577845426 0.19212899302397507 0.1765548506726079 0.14375805717072118 0.18641723722672543 0.1666187883407832 0.2122466070981515 0.22297938140898504 0.23416917273825724 0.25175889113738364 0.25718679978391484 0.30911898984624636 0.3063545319830082 0.28358684468324646 0.27041111932263556 0.29924257589305914 0.2582600733047925 0.20200387060792543 0.18977340475104051 0.14726010242438337 0.13469552472658664 0.1285128149498929 0.07966754294259089 0.05005857646467726 0.028290724923803648
0.4390344494511716 0.4515073098638317 0.43428545206303015 0.38712589971712186 0.4061841731264258 0.3911477247292808 0.41599734943479416 0.40493407988468644 0.3654814258650523 0.3127812264949412 0.28904013942642415 0.2541999727627913 0.2662197570154842 0.29523304685041035 0.2545359995303229 0.24955564382688902 0.2295322455771166 0.18120041092957045 0.1862267572335108 0.1658007499272278 0.14335101527917182 0.11795871624869712 0.14950623142405386 0.18121109708212166 0.190838668145807 0.21548426986834038 0.21959878045342754 0.23752804038770384 0.2994770001359074 0.3119976434398329 0.3025394964842988 0.3303809003554765 0.289080927236376 0.2734312944685558 0.2565168060549899 0.21121495071318946 0.18635826411379014 0.15222212390022608 0.13280660238539418 0.12789983723392848 0.06355273335215852 0.04755397846891635 0.05468229430035954
0.43061728790464343 0.43976291830032105 0.4171698611116913 0.4232666645252281 0.42282868105486526 0.39577012247771937 0.39546885934781517 0.38862569939557695 0.36671908125508945 0.32565553932797026 0.3073931149089507 0.28314199670179896 0.27408971633795326 0.303273668297831 0.25393960705477553 0.2507275250245273 0.2052621606109429 0.16046904504263693 0.14824593757561919 0.14232753572403303 0.1373991759188876 0.13361510086406186 0.1565410162995673 0.15575059690468887 0.1757190861512674 0.21910426138458883 0.21873492513985576 0.2380336040910547 0.26488217198535485 0.33373958049748864 0.3463871572032583 0.34661055805137053 0.3100231737491945 0.3175895889584729 0.27557072249206294 0.20608714718847185 0.17272819567425077 0.1537356596376501 0.14445303508480076 0.09962531521584228 0.06016975033490624 0.04275051762721734 0.07107409674434476
0.4047373030805362 0.4154850857642783 0.4457413122669906 0.4415234660194676 0.4171026960865362 0.3885668600308297 0.3849901673402582 0.36405437663283585 0.37009901068209256 0.36172275628563133 0.3254530581179345 0.3071384019297832 0.3042047295638537 0.3226936437899829 0.27684022084184684 0.2342670285538543 0.20988902273777213 0.1742210613946181 0.178836120743225 0.18614014337782483 0.1422595506189901 0.15039219164601086 0.16255102383978903 0.16410261263913414 0.20583782937159287 0.21123476319716775 0.24014206724191162 0.26075537901023366 0.27627366304412426 0.29920021876584796 0.3331866409009922 0.33365226569338124 0.32269158924029506 0.3180702744805511 0.28821704140424065 0.22502634713848654 0.21026138989701085 0.16205743791694968 0.13735482459637874 0.14036678453474907 0.12276345119552683 0.05866494603248414 0.05320911218476726
0.4124211471651174 0.4346412128248769 0.40639805903975623 0.39375616924920476 0.40622074994327484 0.3890157696160159 0.37577910431737677 0.41565553379095577 0.36542713129871984 0.35805225981170463 0.3290363282127868 0.3048476093939592 0.3078244937742867 0.3241318780782515 0.28764448477017446 0.2675395179400944 0.2433057353978501 0.1723513552323225 0.20872262437730488 0.19503100479146745 0.1725459808942685 0.18235723393275813 0.1780943240889721 0.18572993646006425 0.22152702796535398 0.2008329292260746 0.24558163716403564 0.2675543729752835 0.2687569176967194 0.2885228711384789 0.33847457321965496 0.3159236215189238 0.3154205275191057 0.33796318242656964 0.27696871762386716 0.2274942377007637 0.22232034237662726 0.2126325267904473 0.16581854174702623 0.15983851299699242 0.14993462702710048 0.10881122382617185 0.10385127104323581
0.4140455858382762 0.4156296786655501 0.3907922513552904 0.42595568087191105 0.4130479062774511 0.4007547712961479 0.3843787038176173 0.40168250692865815 0.3793064659572405 0.3421941725414441 0.3379379376074334 0.30670944334506073 0.30135303835909005 0.3133042744647688 0.29666307257252683 0.25760200454768833 0.2264285945746801 0.1926859427122606 0.19722264989929653 0.19098580931298834 0.16214482164041458 0.19021403554703648 0.17098642103426256 0.1982302989456491 0.22741321359726047 0.2201772282207418 0.2448306637159576 0.2772270167843957 0.27027724137130255 0.2741070270948341 0.31357825817737184 0.31482508045457736 0.3172451967252404 0.3205222456527356 0.2825510358537443 0.26568120660530564 0.2330514943396309 0.18915673658550894 0.17209977234839982 0.17727208154307353 0.13989734402963674 0.10609508151199233 0.10100840931341573
0.3598619387087525 0.37906099496697543 0.3864475453472759 0.40819879956986416 0.3737107939980136 0.3783548808408513 0.34474188871404343 0.3538065553122407 0.35938083857860664 0.3379602430541756 0.3315996189565599 0.3115807023810588 0.2924104490524204 0.3328410098560383 0.2993191273389091 0.227693574131479 0.22782287232788054 0.1804917649965163 0.21130846253172608 0.1725899424000428 0.16517038886998603 0.15732923483816344 0.19290563869026087 0.21869551187285222 0.22253155228920757 0.26868840824839924 0.29324366843680066 0.27568679885281583 0.3108144700419827 0.29819564855518144 0.31991942659972544 0.33241250460230476 0.3284137875736596 0.29398540561668945 0.2825626513036566 0.3124622645250649 0.2741654880239075 0.23772020012955114 0.20347558620711131 0.14749533888374625 0.1631350917716006 0.13240469461139928 0.12936047502329515
0.36404588378293784 0.3570737862368187 0.38631193100214223 0.3937307137042488 0.3779054952790589 0.3461232059652937 0.3293791870266063 0.3355858045853147 0.3487256195182853 0.3601936572504931 0.3331915129309872 0.3058377448198907 0.3160468218159888 0.2964932896940621 0.2615910194683654 0.24151349753444587 0.18954570806820967 0.21431639388758772 0.21144000605656924 0.18735322278388147 0.1904720340029896 0.18366034540406243 0.22835127251929235 0.22668751935113052 0.25125308644824695 0.27430583842303397 0.28578637903854515 0.28757464476996114 0.33236099521582474 0.3264575181630815 0.3362115414584979 0.31744637968729095 0.3064916509363909 0.30586306409394975 0.2915376736964858 0.2793281547188728 0.26852969976533153 0.21941800424149924 0.22388125076728474 0.1811236810231011 0.15902110732525637 0.1383375755076276 0.15873705074997965
0.3314364484116878 0.3382440398942203 0.3705252901564334 0.3482636802517678 0.3464679353108832 0.30153480361359836 0.3221170760960368 0.3247523237898821 0.3427443852769336 0.35514371077929335 0.34172706368490285 0.34872211096607936 0.29984159023088913 0.3013093769985316 0.2695664863770635 0.2286317113926007 0.22929923507833436 0.2128293684853538 0.2363005976013539 0.21377678084308124 0.1961756402112391 0.22899593169348426 0.26091962293770493 0.2285224804453735 0.28238708212110647 0.3133345261744407 0.30395949070565953 0.29590720477451926 0.33773117166532934 0.37053747080822075 0.37558324123143016 0.3701241010175193 0.3202524816241959 0.3231383602213687 0.2742889080825183 0.2488229948832434 0.22180036580800577 0.2213225721788785 0.22647161511860908 0.2081833119637335 0.16753421103442795 0.16124470721517706 0.17548449619223883
