Raster_benchmarking/DGGS/continuous/raster-164.asc
NCOLS 100
NROWS 100
XLLCORNER 1743157.7742671361
YLLCORNER 5469291.104450964
CELLSIZE 10
NODATA_VALUE -9999
[rows 76 to 94 of 100, columns 43 to 85 of 100]
0.41926892483411116 0.38104330632223543 0.3749797747190219 0.35518631674763645 0.31047059019073636 0.31423519613605805 0.306965879596859 0.34162176693112056 0.3329393441326228 0.3271736972392443 0.3132659931416513 0.27468200203849163 0.29004244678139174 0.30031456860794603 0.34151854139397253 0.31326037940439916 0.30994053795384674 0.30627382464764097 0.279575086721087 0.25476170421215033 0.25106815583780756 0.2533705632099371 0.226544203848306 0.2577848602004836 0.25439798462600954 0.2480781961242833 0.24093442563465614 0.25060557801859823 0.2292608024751306 0.22016344769520466 0.23292621782587675 0.28229485465744963 0.26762664783909806 0.29509741464357425 0.30298821931703823 0.3104935306092229 0.3046125495679821 0.29816899586508006 0.3291412631407053 0.3686227942489667 0.3874139889813573 0.4253350709346271 0.4289856423090784
0.43555349028213763 0.4100781982033253 0.37992501122980804 0.3316575567767429 0.3021791200570176 0.29275171640426195 0.3045135775548327 0.3325089140393613 0.30452226272674954 0.28743415162153924 0.2950124042834949 0.2779732901495189 0.2840800969998828 0.32479386945523303 0.3386072655350243 0.3323664753605945 0.3231528339035587 0.3203015002000395 0.2844279632109421 0.26179824084237086 0.24808422510318262 0.25752284943550086 0.23081803609845147 0.22271303840832504 0.20983036120129234 0.21239794658753663 0.19868661555521813 0.23343733053334823 0.20201940139157618 0.17662284835419595 0.21237656602156135 0.25554928028473084 0.2665881527517691 0.2556316731042156 0.2713658407369361 0.24874286437012627 0.2437939275628483 0.24022827654319207 0.2881080864980469 0.34047903935414214 0.37871027908740784 0.40109964762083944 0.38165853244905396
0.4267032249560529 0.3936786215304491 0.36232254675433717 0.34053048846427897 0.3555532781659338 0.3216990999077084 0.32706594096436314 0.2891503252270572 0.2772601874127775 0.2985236140186354 0.31340093676599234 0.3359017316804074 0.31942463806781884 0.31847706281870214 0.33377203748155776 0.32180533676748496 0.3069302769509885 0.2775492311433446 0.2805937527255726 0.2641097310959851 0.23075465656011535 0.24004402558458537 0.20889750731771176 0.20216462793450765 0.18683881814387684 0.1987348724870639 0.18893234054294739 0.2090513712909364 0.16350187103367037 0.15249204395416477 0.17918969503153484 0.21780247033756295 0.21472988089613582 0.19726069063345772 0.21780684010226914 0.2175572540155592 0.2139500177286045 0.24374798595138011 0.2415194724654143 0.2841517699945067 0.3286069764752147 0.3604280374318747 0.36697353295371865
0.3871797404682886 0.3842662173181919 0.3719322554623373 0.3757014570663317 0.3380306996921102 0.32901052989804974 0.29242236743207634 0.26764638140566527 0.26851319476494107 0.2826666447197695 0.3332166695618772 0.34288281076202937 0.3389908255875384 0.36528266432856205 0.35711054491132826 0.345682035409327 0.30127513962508357 0.27188667184645493 0.2499884946239532 0.18692831977234642 0.2282466897706238 0.24781922653518554 0.19720379614269914 0.19546275602408839 0.18314142590234056 0.21383947578521353 0.19459226112321196 0.15937146324381835 0.14883881284453918 0.12410354822846632 0.17429206642414513 0.1643798645281516 0.1855106030729948 0.19319157441819726 0.15789602421325755 0.12353835234867422 0.1834785870881076 0.20223279073553685 0.2115569391792961 0.2394197950292456 0.3041540982795412 0.33690450480778306 0.3612127141770033
0.38600741320183285 0.3556116533059509 0.3553905539118842 0.35162404462309454 0.32148932989873374 0.3446667711878454 0.30016488261117963 0.29012550274236515 0.3188344367099816 0.29059183471919825 0.3174196879613132 0.3655113282328141 0.34121288648985804 0.35508476060550886 0.3777804383943349 0.329221278074372 0.31417355182356727 0.27993331776071834 0.22994804217444978 0.19634878012425425 0.21022536334718403 0.19689630058026542 0.18964815272829189 0.19532410200844857 0.20271381066664412 0.19875466651275803 0.20405655953949547 0.20151647666964054 0.1517829943335223 0.15414434592704232 0.14963728157488757 0.19187090535224888 0.1982775646478877 0.20975722466961091 0.15604495203513247 0.1338075490241847 0.18473494132424828 0.2116383064159446 0.23838974101292068 0.2733347760816013 0.2889367068846667 0.31866129042694635 0.32946730728905266
0.3635807818110102 0.3678480126990558 0.34455086564608506 0.3269815852248457 0.34334226671347573 0.34396003099527983 0.33502784813388703 0.34309032983460624 0.3199766351125252 0.3274017031491129 0.3402150075372339 0.3810151010721235 0.3605917093191331 0.3558229539709021 0.37395166172811206 0.3600087145448561 0.3155905866149368 0.2592762014147814 0.2311689180031622 0.184830619680842 0.1836328408705914 0.20894439697317368 0.1927134474713775 0.17439612143666355 0.20670602901469495 0.20786034413429597 0.1876243467954999 0.21210103604386368 0.18178568975456147 0.14772011254527465 0.1692944030351249 0.1606883906485414 0.17721458188256137 0.19436778761686627 0.1609021716873222 0.14578672741398713 0.21640670206455354 0.21336902483581108 0.26160933728255803 0.27839755064993754 0.30520650181411835 0.3024864629875348 0.31371939392018866
0.36102740919625537 0.3431872742111557 0.360397044570069 0.34367141779095517 0.3418772843299341 0.32268739671360924 0.3443891330876933 0.3031990387604478 0.31744789514319194 0.31545486449867954 0.35709259582751757 0.35657016997799135 0.3407557819007454 0.3614198677110074 0.3550596267079378 0.32478039788343527 0.2950167909033366 0.2399768517266522 0.23882449780382853 0.2233918350977452 0.18965477108473192 0.23293506291760552 0.2176997735116689 0.2271105355006025 0.2103526716030619 0.17141226102951068 0.18378394372473972 0.21055978782959092 0.17550919469994467 0.17325687171855708 0.148563116184218 0.16704954744107958 0.20503144072403365 0.20049719364567564 0.19608324476685554 0.19507593951238533 0.22524646819465177 0.23793972627076299 0.2674206546872563 0.272372280135308 0.27677298581900267 0.29097778792476703 0.3289859506785414
0.3875744083040931 0.36949258185461203 0.3325809100767889 0.32993783338647237 0.30967199562578895 0.29573254458323883 0.29998092592012326 0.30358749670972257 0.2880202926335024 0.28900499438012384 0.33654401132357153 0.3376884422853943 0.33385240704501634 0.35204252552230747 0.3438146355345284 0.34892080943188775 0.3180791604922588 0.2578020700127868 0.26154513694274806 0.22464716583822059 0.25401447195962984 0.23110318218618567 0.2494722019684207 0.244617527044246 0.20020658016142814 0.18214999719490407 0.16387551861955335 0.18391523048939598 0.20748497570070304 0.1701360818291852 0.1429903482773184 0.1874391061595446 0.2245884501940689 0.24562649629594843 0.20251920727135053 0.19138135094462053 0.25420626669766244 0.2738820538558598 0.2748832598479058 0.29246414692136297 0.3101019757983673 0.32398410194924293 0.29795181302906343
0.34883449716771486 0.3243889671454619 0.3177515970046131 0.3092156675858152 0.2868051059699954 0.27259006181161816 0.281463509328002 0.33429690199762685 0.32813868371874355 0.3169449260770068 0.3581153920676934 0.3602099647979894 0.3632695332076183 0.3817252353055458 0.38441901375099574 0.3426258854899298 0.30021400323997643 0.2998019467562047 0.24562169299500108 0.2778123199907382 0.2724388517386237 0.25729798342648763 0.2583551980961536 0.26126187220614405 0.2495136050825284 0.21693207117223368 0.1896466858658456 0.18265147788435068 0.20359918390251044 0.1725567836289433 0.1626382112389577 0.1850159848436403 0.2083377890137239 0.25658571903490696 0.23707684118914002 0.21664318829819806 0.2495427255240818 0.2600314605101145 0.2919618152972922 0.3287298843888477 0.32646559528044655 0.3235471807140135 0.29888062414529665
0.3658230061179522 0.32543979958986113 0.301359229664626 0.2800732252771663 0.26182972731327814 0.2730725813642648 0.28305161708675386 0.33784291116785853 0.33246935172049574 0.34003613442952074 0.3488842510398539 0.37917249025321803 0.36171031110154894 0.3921101795767179 0.3727401630970961 0.3785120135080491 0.3326140073957688 0.30229567856473266 0.2632993025287674 0.2936781351077735 0.2916010421015894 0.28157337303906144 0.25095303040674793 0.2795515051978336 0.23560345926262882 0.24295690457953734 0.24537343226567418 0.24656597401694022 0.19695608029726697 0.18151040325229476 0.15999349444099156 0.18254768948891797 0.23931613055849463 0.2606340905482198 0.22857247227215363 0.23526511461449529 0.2641790186401832 0.28913894848288874 0.2742096067903155 0.32328050867155583 0.30048658195845596 0.27220608041036265 0.2976662893036155
0.3590585960884205 0.3635668865130764 0.3252293827155223 0.28321806121808113 0.2905098631873656 0.2745653242335002 0.2860124161626203 0.3300316559242971 0.3225118042681405 0.33095233262915597 0.36379407207079145 0.38599279063177616 0.3654069047705143 0.3662138100637222 0.377617925232647 0.3702202714294746 0.3603861584886118 0.30205581496493344 0.28887063703341753 0.29966905504441205 0.30960984756827314 0.2729279600204974 0.2498493592168383 0.23649694214508854 0.25008226344408885 0.2299543979416324 0.24059124924669703 0.2152064967488244 0.201041880616022 0.1968778428333401 0.19613375132251099 0.21291962559070463 0.2510964595834162 0.2815260926295358 0.2629558328194975 0.2672269653896279 0.26885341611245966 0.28047537653690574 0.2706897052538265 0.29298126178089495 0.303616316989992 0.27481346606566437 0.24904079215625763
0.3998941921214598 0.3879649577951439 0.3314506901610929 0.3056262386328601 0.28724093237129755 0.2912238285017573 0.3016297392552946 0.3101730355103134 0.3290066639626343 0.36821133503652925 0.34751487174243456 0.3640436175961713 0.35684383955518 0.331502830251681 0.38582610708079323 0.3629558867491012 0.3594568290715595 0.3234553714567087 0.31838002503465507 0.29475782244209414 0.2873996951446612 0.2844930771068707 0.21972513120470627 0.20232875554354957 0.1927674401892778 0.20575998175818733 0.24060945901561764 0.23536158591098144 0.21163345661087307 0.18541593495821118 0.21731896518094643 0.2418436493334924 0.25239124220432463 0.263066797987572 0.273767858082219 0.27971604524603655 0.2502085784538994 0.2272420119703424 0.23777150867521088 0.28853533261102093 0.2751603099293415 0.24740776894933525 0.24859611187127295
0.37552653890368254 0.3726651262904757 0.3514190755006417 0.3372197319986116 0.31678370922477594 0.2993514041452992 0.3068991674978036 0.32357801151232196 0.3319865722926034 0.32759651040682486 0.3401003381540664 0.3535855842671554 0.3566563469637718 0.3464445188872354 0.37662851100646 0.356666930487193 0.35789427816145225 0.3330406632630623 0.28320725169182465 0.2686435520801251 0.2812284575271669 0.23644099368398802 0.20406969851510232 0.17356078109691492 0.20602820471248828 0.18913950475126137 0.2187453384579419 0.18681219552003706 0.195260091022777 0.202865642658366 0.2047914676262555 0.2225515069258269 0.2302978858859578 0.2538524261776597 0.26483240492164956 0.21950008931962936 0.21277135425504543 0.215577157153649 0.23486419159178462 0.2711010003961708 0.2599275278890162 0.2623433646536924 0.26853057453357443
0.35056035488759657 0.37887365320482097 0.40041053675208904 0.4076904799022947 0.3713734844623004 0.3473130254724535 0.34404309138332256 0.34351649756524544 0.35282090287384993 0.3265439059130613 0.34160209237138073 0.3430902620819133 0.3300638656767855 0.36616655945761406 0.3718638572018021 0.36661282156802355 0.3352515014492052 0.31627200883340345 0.27457670151554286 0.25169984061455947 0.22655509699953097 0.2349229237026233 0.19944013513869838 0.179359402740046 0.1918917836280276 0.18393804858396373 0.21139228968256688 0.16542419759576388 0.15810536871893552 0.17653994890439303 0.20155856060288194 0.24444347997833388 0.2453776283893298 0.21951982021863842 0.22757471560705672 0.20957139966574315 0.18955802113888912 0.20031537062660165 0.2053669359284066 0.20734606214984358 0.2590754052730136 0.25010792051758274 0.2799075853387113
0.3677665956939354 0.37358396568186486 0.42101301101615657 0.4048750469242467 0.3814354782568798 0.3519944785019983 0.3250842431767855 0.31756053452289656 0.3194820876366071 0.32194749852754273 0.32839514277190207 0.3393822078409582 0.3392839253984851 0.3574295001734319 0.3237139393887248 0.32192455089120847 0.3146449884614038 0.29910985060123624 0.2450856320192684 0.23832466123986562 0.2338308328026843 0.2135576513427627 0.20943825246589712 0.1962722096780702 0.18453926554055672 0.1860929504617381 0.17871441150677506 0.19579365956088815 0.1932302804054754 0.17008589890367598 0.2200551572717712 0.2278065500044451 0.2313591834086417 0.23620443309553527 0.21385408199221206 0.18028850473620536 0.201105622997235 0.22134034421674634 0.22210615051387758 0.22599040684345395 0.22192227264872744 0.2287622326383557 0.2567109594725614
0.37573022134704054 0.3989290712418757 0.42264005697390034 0.4335739836922477 0.4012927157434623 0.38636615008870034 0.34356927460125375 0.3156941703162241 0.31906923626061523 0.2973878138864991 0.3271876133919639 0.3439955677824731 0.34768398108882115 0.342782934815167 0.29406942550113974 0.2863355645521506 0.29089666223009236 0.26217337048172606 0.24898762411845943 0.2369852490292823 0.20020342574398872 0.17224669864001135 0.18418360021207805 0.16338798957678594 0.15016404305256242 0.1845768945453545 0.20070692734348827 0.173737186707304 0.18521822335169924 0.18632810002681097 0.18353237806226674 0.18275196078260728 0.2115280575273717 0.2119586744215192 0.20853811505198452 0.16519348222098246 0.1686012884140212 0.2135269110203238 0.19803750850088006 0.21916778103014556 0.20106659603805158 0.2322366798186435 0.23836460723627845
0.40448402828648206 0.43178715002390117 0.4037129309663214 0.43992527363536926 0.4303876866105002 0.3938747677997923 0.38026510957777515 0.3545117556433242 0.3338617321906933 0.32453490675301 0.30511736040339593 0.3327725323936941 0.3241820499191854 0.31484084032918025 0.29009750267954343 0.24197426473673872 0.2256322775254255 0.2328603849751839 0.20797097654989777 0.17168344402860436 0.18898094939433863 0.19486623748663143 0.18773802436473533 0.19060162374046985 0.1625527862119121 0.19788092005815053 0.20417084858546272 0.16015973445240292 0.15685380796733736 0.17677532817150454 0.1599746366860078 0.18410231825958046 0.1608216514022356 0.15664794109416616 0.15563381007948465 0.18444258261441906 0.17896792595016914 0.15942667427961899 0.17243426007068777 0.16255524419362838 0.20399402468283492 0.23271569283281843 0.21214230926300934
0.4408879257711399 0.4438881709424938 0.42506917225942037 0.43467139074603656 0.44477373503719186 0.41768749402751715 0.3674746148322515 0.33205860031702006 0.32504307383989267 0.29631043468679 0.27446265764617134 0.2965769246756595 0.2808558598251698 0.24186958504220302 0.26692455670082876 0.234282700043738 0.19635777066221782 0.17559699211459 0.16226547652309228 0.14043701262487165 0.17658784133420583 0.17370725602458564 0.19893735616834574 0.20307627726375152 0.17685121493625908 0.19671669171098158 0.19533389194709488 0.19567707418592314 0.1408843830377834 0.1415837211156049 0.12312075034309822 0.13552697962685886 0.16781752874506115 0.15608355152379227 0.17968736872830285 0.18482520401331956 0.1864160314882475 0.16367017911213924 0.1635199632708557 0.13565168514522516 0.1640869856030952 0.19442812409014032 0.17837506616778406
0.4196652531955777 0.4363929677001501 0.45849846351886725 0.41885809970642596 0.40881343704395817 0.3993260136336919 0.39567014215978663 0.3547315723582052 0.3050862303368552 0.3144846219918205 0.27463969656353154 0.23726326792681807 0.21413077109454226 0.19617019040734163 0.2082196366015326 0.20624796207049986 0.19371107325680229 0.19653537750121994 0.16273265620460298 0.1236983780548182 0.13250360876503411 0.15250394723185307 0.17135462562895434 0.15564384874880596 0.19061460294694302 0.19128380346901067 0.17046642759323755 0.19708233109735496 0.1586192778443267 0.14693218080290676 0.0942443524424098 0.12505107145280003 0.12711004612580243 0.12884652165057559 0.13098896768529197 0.11512822298595798 0.13141280955873783 0.12332027827174503 0.11594196961519136 0.1227531233631264 0.14029991253042243 0.17358391171222134 0.16471922592744057
