Raster_benchmarking/DGGS/continuous/raster-33.asc
NCOLS 100
NROWS 100
XLLCORNER 1743161.8449787728
YLLCORNER 5469296.267816545
CELLSIZE 10
NODATA_VALUE -9999
[rows 38 to 56 of 100, columns 0 to 42 of 100]
0.6914982736105472 0.692396449180047 0.6679012817386946 0.6686531436219159 0.6380811867362723 0.6042548109977456 0.6169795083991783 0.6147668510589217 0.5880481366069916 0.5422805151378443 0.5364508059604695 0.526752431633873 0.47786077747588346 0.4806991099484807 0.4996789933863623 0.4741379111572093 0.40495867212991066 0.38005086505612906 0.40254757848442424 0.3919174151926681 0.36913538227367837 0.31376149702521244 0.31963623346656916 0.33753544414313175 0.36637911977806703 0.3414866401110461 0.3608005874505388 0.35675146687658377 0.3377189146059628 0.32870123196118295 0.3593619226137408 0.36983354950771374 0.32597261136732303 0.3455126359196203 0.35733411243498936 0.33379869536195167 0.3037068811562376 0.319747701851477 0.361788481916169 0.3830903345666863 0.37532950539323706 0.34404320128173377 0.33962985817941227
0.7017242742707177 0.7119402777690753 0.6798808853257617 0.6693366410896946 0.6780215385732711 0.6500662840060831 0.6450792365159957 0.6147086048260845 0.6022604754578252 0.5680194103477352 0.5255422370959701 0.5087087248078958 0.5075931040323759 0.4834109081185012 0.45046394335781503 0.46125244007952254 0.4313341449778296 0.39746290643089277 0.37403060491533646 0.3843078833334629 0.3623702148771525 0.3339666703126964 0.32618279175312176 0.3590001432160951 0.37790439832004696 0.3674528578660657 0.3582380261133232 0.35817950228641804 0.3532219874422193 0.3435098136202244 0.38541755803935246 0.37542381828849897 0.346125419148646 0.37280807238930036 0.3603691315203831 0.34400823581384765 0.3551851811163914 0.3647072631594875 0.3699154128478807 0.3794506039031639 0.3542490900215142 0.34725492214895914 0.3545023793612207
0.6792152763526653 0.697264834874403 0.7209838650291664 0.6807347917067357 0.679974573265217 0.6718315104193656 0.6199447861661772 0.6351665792004547 0.6087977231873787 0.589475617380427 0.5386874855588537 0.5309595269514576 0.5190316839522056 0.47249099212756673 0.43693993849334467 0.45564911621609866 0.4095179767440677 0.3803212450359817 0.40445553606683443 0.3647673413537605 0.35354388094086253 0.34766200922892954 0.32268401095338745 0.32122816412608424 0.3507153557268394 0.3781060998861408 0.35817244347669286 0.3409533339938313 0.32160266488011463 0.33713467972117084 0.38522986677281784 0.35934724863874395 0.3964481722383126 0.37726617499046927 0.37949092354094904 0.38155121657041885 0.33399280612908655 0.3553813027172959 0.3828034101135684 0.36005968880269074 0.3590256470872379 0.36592196832773566 0.3555048834766054
0.6828467755058989 0.7047159171851656 0.6923712181793008 0.7036272608605191 0.6877473960174362 0.6458552525643283 0.6497262850893194 0.6057058880853692 0.6051782261521698 0.5605098368940147 0.5745303368330118 0.5361534457495964 0.5278188586749917 0.49830853195949304 0.4730955679641128 0.45006374676703237 0.4156886103283039 0.39865529153910506 0.4132196097070919 0.40918675925493314 0.3611505861004228 0.31827159949871037 0.3310391465870069 0.3176626963526695 0.3174891219018447 0.3612812826101436 0.3496810001444559 0.33413432108186325 0.34796330535733905 0.35875253262448814 0.34311636164407106 0.37182360557389244 0.37862532170695146 0.37426346074184946 0.3964832605423864 0.38331801713462804 0.36610244942764325 0.34060465518639355 0.37298742862215484 0.3852700815921796 0.38358902245557563 0.38569582043501494 0.41291466505605556
0.7023551525836034 0.6882288879478751 0.7015120004316115 0.6940465834467969 0.7049478549502523 0.7083070020756563 0.6763252291121411 0.624773459316511 0.591182206267405 0.5555416442501486 0.5640153372440588 0.5355422298664368 0.5001885977445557 0.4772548896926514 0.47061571983774575 0.43577146178205917 0.3967631841096215 0.4069287922295022 0.4123795937345939 0.382394846804336 0.38849328258511323 0.3272214504038113 0.2799629300655184 0.28456446179883443 0.2876768709879908 0.3501546862516975 0.3569156679336312 0.33656085508363937 0.36113598524865775 0.3721701884471422 0.33623505263151826 0.3547823789696102 0.36028947024421837 0.3857963924452156 0.41140752454830265 0.38819687038524425 0.352031037256015 0.36021555176427317 0.3553551042291451 0.3663106893239276 0.38765579513698023 0.4262837886098455 0.43317396416868503
0.7564458328718595 0.718514126014489 0.7197352012085483 0.7262383051796902 0.7140168924663653 0.7083292507091663 0.6564191400701094 0.6384594288812021 0.614085952194548 0.6027777179829852 0.5937963822702389 0.5598603450438816 0.5327999919582959 0.5160785981400753 0.5287687311706323 0.4860186012798425 0.447799012277626 0.4413075188402552 0.4051603173592285 0.3908723622641956 0.3611357751184383 0.36168057883689037 0.3530606451344604 0.3420844947255873 0.3403097862850738 0.3411031054335169 0.3612484066034351 0.33665023349005413 0.3566672986474434 0.3488277372898895 0.3626966366784626 0.37140696501886894 0.3559250314701492 0.3626113800085865 0.3895197869530194 0.38204926721549937 0.3772513144533629 0.37660717675608385 0.364633117167665 0.4112413130685745 0.4325713839496513 0.4013760085104875 0.4040722307922481
0.7623312756292754 0.7761507902532593 0.7940018021777654 0.7673137452808987 0.7721548190265396 0.7333563898148613 0.6985588443616721 0.688996841076403 0.6632826095387815 0.6259661469888969 0.6468119911908781 0.6069302355592392 0.5790119610288017 0.5463487817705616 0.5611562600920053 0.4898442040084775 0.46011632673373526 0.4705290544419896 0.4324737424550109 0.42941266165776537 0.3912695264622994 0.3594079148827542 0.3880026822580466 0.3661413309840663 0.3258609994941067 0.36751585392307146 0.36010957695786483 0.32204276536675763 0.34810184182218423 0.33875077233654055 0.3700241717168963 0.38866470483651555 0.3631118937821516 0.39512585320519167 0.3880764683838178 0.40511329727082696 0.38084664010611435 0.3726366885076991 0.3776141764416189 0.4077101507557501 0.4492953582536661 0.41588192737072244 0.4121161731785598
0.8129472165016263 0.8093294850161601 0.8182172955019884 0.7875081357952616 0.7534032783055631 0.7360240393577343 0.7126448592555444 0.6773945148726921 0.6456190217031709 0.6377580575534514 0.638381813629269 0.6063869798469594 0.5783101292991597 0.5703042391264656 0.5331289679836221 0.5202078280485247 0.495879891328828 0.45022606428941647 0.43537298194799906 0.43138396650391175 0.38430114855774394 0.37549285732197135 0.3763322459812682 0.36659960428078664 0.38054889426907357 0.36001818671318536 0.3682520134520352 0.33658212220037964 0.3714566529714916 0.3675213711068302 0.39314776870012325 0.3669183970622734 0.3840931786319955 0.3963600183725845 0.40737874051218326 0.39793844348255397 0.3812400312755944 0.41229448404072694 0.3963468792953525 0.45371567455750816 0.4415211202221977 0.454291387844054 0.42276998811452515
0.810617061142735 0.8361068052647312 0.8265698721853164 0.7956217357565895 0.7843672312020448 0.7413076189257283 0.7219804208676383 0.7096891354510622 0.671656602417047 0.6774488348989662 0.6517066653332861 0.6076485809957592 0.5883988554908791 0.5834626705813235 0.5743467470928844 0.5351027375791291 0.5016775704283365 0.44919306107071727 0.42044478612750585 0.4261168007526188 0.42056120499059707 0.42670416615962653 0.40007770423426353 0.3968530728034644 0.38448821054287446 0.37923573566959334 0.34303694508345106 0.3400263223548637 0.34359962433061814 0.35355764301780673 0.392516078364957 0.3885060624672272 0.39759434198929094 0.4230732112438198 0.40521158378847244 0.3914002578278004 0.3949738683549478 0.40953622716591814 0.43717077883985445 0.4583895744325279 0.480228521244769 0.4378757908930195 0.43984362782206127
0.8525732384014538 0.8337798868905638 0.8336736234791844 0.8220026065152938 0.781540591654115 0.780744412455866 0.7077528651614556 0.6954345327328634 0.6590983265259458 0.6553112046915206 0.6467697685066505 0.6095640114241448 0.604725519356045 0.556275051578642 0.5679691011419621 0.528597465537164 0.4848535431097163 0.4668082866182561 0.4382870190670878 0.42986348676095415 0.4220583110509497 0.41571874286762894 0.42250602581184465 0.4171297828244756 0.385784781191698 0.3536227571929481 0.3296447724172132 0.34561112361958196 0.38749356581097794 0.402638800143622 0.4380617995851798 0.44073502498937256 0.4559239588081981 0.4389665280069152 0.4339559159095196 0.3964442597491188 0.4108305203527317 0.3995909386379597 0.43848120405150226 0.4262009696050479 0.46117242608637354 0.46155117629646375 0.4393283808021121
0.8533981813295531 0.8511847665951034 0.7997376451646173 0.8011397192432149 0.8064814614471288 0.7636815796118986 0.717141102233154 0.7211402635162049 0.6859987144633575 0.6718147420898375 0.6438819653496392 0.6431556776868259 0.5940994737107873 0.550960138652286 0.5480476582422805 0.5119530132953584 0.5065717304527968 0.4725497770779249 0.45089067522613446 0.4485233199318985 0.45470965236194527 0.42666891015507696 0.4263788487435675 0.40382776047245006 0.3677406493421926 0.3477517263100999 0.36096761757765505 0.3816204350702031 0.3695580627646801 0.40071253205441 0.4207138394947183 0.4592436670562918 0.4657775118994676 0.46732040262624697 0.4361338299366708 0.4325194935128499 0.42612833842352044 0.4058917715776125 0.4255263472483654 0.4094865400706281 0.4419746941320865 0.4547488721909219 0.46646795106697037
0.9084248094208746 0.8692565773136062 0.8519703938460732 0.8483963317095476 0.8238601424825001 0.8012061616459254 0.7734507019127113 0.7322399916854875 0.7369630205650965 0.7059997710370611 0.6668364717761193 0.6584059223306942 0.6326683325092222 0.5831067384464901 0.5334308713066808 0.541975778117305 0.5047644750825842 0.4696994176711351 0.43951736604623964 0.47519262783746297 0.5033592840737331 0.4837303167890643 0.48260244506758043 0.4454751472840791 0.3929893178936393 0.3958797665281719 0.4081495582898097 0.3907544957343046 0.3851343226190002 0.40534794858982215 0.4609935592465006 0.4461382583850497 0.4567169173108856 0.4474125633956158 0.4149954256729628 0.4324600941516277 0.4593150850023691 0.43894141878816406 0.41469200969506964 0.4326532775247006 0.41576215890194473 0.44720230624741586 0.4327665779058084
0.9145353623696586 0.8970804690987435 0.8770238715293639 0.8692711693801334 0.8799137755843098 0.8335823122415041 0.7958684242660774 0.7424503753247564 0.726895362078075 0.7516058246812116 0.732529235576684 0.6746092672605182 0.6218838121221728 0.5821079754382708 0.5047808528436568 0.5294398473308805 0.5162732243880032 0.5056297330427079 0.4533852020897818 0.4574610538007083 0.5083158748469001 0.50048299233554 0.4797590960886123 0.4625718105506216 0.43904468466684415 0.4046661503470035 0.39756755770878227 0.4092553098045909 0.39973299461719297 0.445209240614107 0.4948956389739991 0.4689486853720462 0.48997068098033303 0.46540481979487985 0.4039933793323764 0.4444951857941545 0.47200378093014 0.4545595352557844 0.42450427596095186 0.4485632197868561 0.41188381161314 0.41429778889664526 0.44058458934934724
0.9160887613252224 0.9003645687997848 0.8699179876369939 0.8737407895312279 0.8538060085840472 0.8515390845088504 0.832927804176949 0.8041815557864562 0.7410608278364488 0.7452617404475772 0.717153980335279 0.6579477357823406 0.6406761369010093 0.5974403323889776 0.5641075572672176 0.5052700310784914 0.4922024997456659 0.5226528899701114 0.4806824339008652 0.48999821485832046 0.4801513740067134 0.5007324467945413 0.4908989686015613 0.45632394874385507 0.4290922756047037 0.40464168494130776 0.419576311031491 0.4327675355364754 0.4263592174910324 0.47996857356879713 0.4791430359763439 0.4784784231515621 0.4577977902165022 0.4490757493212961 0.4033263510662658 0.4248740492026786 0.44522313834719185 0.47181047903630957 0.42964039939305904 0.426057576277753 0.44639910721555526 0.43120135565116896 0.47116232517738976
0.9149905348379658 0.9166440030594476 0.926591459622074 0.890488767712404 0.8994176064183788 0.8885040038685101 0.8489309260975528 0.7884906535512639 0.7475400810943631 0.7493223834239207 0.7452449709494499 0.6834513435028443 0.6309631812547983 0.6018681845395384 0.5753229718308692 0.5564346743002873 0.5188082190844606 0.5233476651765556 0.5128034880130968 0.5185097748745969 0.48658750288911196 0.4787074198520361 0.4770524378284617 0.4599332668398803 0.4331061596492761 0.41272105144191995 0.4207354022947259 0.4242079976191942 0.4901317059435221 0.4749493153306107 0.44770149424803307 0.4852053064599158 0.4650234747946059 0.468793763529395 0.4252965479829935 0.4618827014664511 0.4904408228008947 0.47681801696946 0.44629861410778576 0.4617225856723848 0.4560975150423123 0.4772945097756799 0.4752791670903373
0.9286103681075414 0.9140190194516458 0.9263747048956582 0.9035670147140706 0.8923973253834198 0.8906019740769913 0.8697350271059255 0.8155611013923016 0.787112599844698 0.7368367286990799 0.7217211917155132 0.684455443332265 0.6408607566359924 0.6175557632489986 0.5999466517443226 0.5472358588747529 0.5621254386227944 0.5147532663179971 0.5083910194853839 0.5025318391003151 0.5268549761848054 0.49637181812413095 0.4498816513419234 0.46256917242963497 0.431205061460353 0.4527710449355373 0.4680270390034096 0.45224072984869534 0.46468048806339296 0.49343106508537454 0.45309869344351805 0.4657825573607703 0.45562457250193383 0.4822910209224195 0.44716802008154405 0.4857441944476299 0.49612817023824063 0.5050021822328538 0.4874073048358331 0.4784870488481451 0.4931676943014123 0.5100214428540051 0.5023234813550287
0.9390618639959973 0.9232739633120879 0.9175993464401653 0.8966619212616037 0.890701215708702 0.9062755605740558 0.8873588513869844 0.843067966583879 0.8183521181986452 0.7693801610391076 0.7198229782293791 0.6820103472049684 0.6574907580437104 0.6165679705119047 0.6042564466980277 0.5601362499328709 0.585217735739277 0.5383431002328435 0.5040258704772707 0.5125584934817452 0.5248759675294471 0.47467048207407847 0.4623576003020548 0.4653608093281637 0.4557776553075376 0.44981754040242294 0.45178272212761195 0.4290773380032982 0.449194530640014 0.4779138115717107 0.4946868434302757 0.48862225967939066 0.4859043417740004 0.47483765642256737 0.4684874644687485 0.4970717761804106 0.5057461979484142 0.4790032712087971 0.501962183056848 0.49641774172455555 0.5303069063759036 0.5536354392298858 0.553046284498024
0.95069286612486 0.9387728783877016 0.9411202541327092 0.9400743196035657 0.9158633440420519 0.9076714862093006 0.8686119954088971 0.8515535765464911 0.8100506266911603 0.7473151761974443 0.7242914200911638 0.7031676902734119 0.6900630684855907 0.6423513783923381 0.6271711898279734 0.5934505725627344 0.5710895938558064 0.5533243838703756 0.5345030723147834 0.5096515135198 0.5198614579846242 0.4898459130698094 0.4422178115156061 0.4531175806616656 0.45505919612220613 0.4873828778594106 0.4539977534252809 0.4553114774374642 0.46242390059287475 0.4746715202786391 0.48053482097176653 0.4662120345053924 0.45938526947342334 0.47426916335737584 0.4888988661222801 0.480083660815411 0.49139509100481393 0.49793598542322637 0.5467821531452036 0.541850002716409 0.5415025591697404 0.5685615199560797 0.5478226264841273
0.969554212214024 0.960761440772062 0.9700063229817977 0.9438466744155695 0.925341087957002 0.8806415176488277 0.8757627364326952 0.8529958603092775 0.8242733801631252 0.7567404691711903 0.7084750491563871 0.7165700868027894 0.6913174535961768 0.6668408198082759 0.6545748865280158 0.6013863869474749 0.5980372563137378 0.5905310259648142 0.5738685916735367 0.5193178957841866 0.5053706683322706 0.4627685423973929 0.43248445525761275 0.43704173287089987 0.4649368244467569 0.46557196436786236 0.4855555754463829 0.46690854859163505 0.46274452914232556 0.4770927946916103 0.45274966590660853 0.48118680384436996 0.4777538101082566 0.4990339624779132 0.49568507385506133 0.488964825904534 0.5043142720251073 0.5317035262745919 0.5646493316617606 0.5772150431293276 0.5842984763321131 0.5760835160631155 0.5557597560447523
