Raster_benchmarking/DGGS/continuous/raster-211.asc
NCOLS 100
NROWS 100
XLLCORNER 1743160.4488458652
YLLCORNER 5469295.785140681
CELLSIZE 10
NODATA_VALUE -9999
[rows 19 to 37 of 100, columns 0 to 42 of 100]
0.5959720119693745 0.6056205445480137 0.6140800813289337 0.6038871998685644 0.625081168188347 0.6427366260151134 0.6265712200398224 0.6252690039385396 0.6459794753489249 0.6184669219380513 0.6544621358997572 0.6716137589344924 0.6661281047050561 0.6728308954625102 0.7014112590682007 0.7164819011886964 0.7587012526278175 0.765200926908213 0.80419478384586 0.8289247747891261 0.8303037210466488 0.8250201179568689 0.8288998515310209 0.8250834076085208 0.837055115016205 0.832653744621185 0.8242292193241166 0.8373964569394874 0.8080738343038223 0.814396855611386 0.8137796751538262 0.7841256275604055 0.794178420172199 0.7948081217914048 0.7808558610254493 0.7480090991694084 0.7930023639235115 0.8001139720902251 0.7866739267537551 0.771850615804388 0.7357681278679293 0.7465564956893291 0.6883843754469555
0.6106853888242696 0.6450341901751002 0.6566511829892043 0.6344155748972098 0.6477069680902345 0.6338999483719592 0.6461234901996367 0.6459038813305683 0.6373315882472792 0.6235334041254192 0.6387933212190039 0.6787050115646702 0.6886595130446309 0.7011327863316413 0.7165178395877321 0.7254660097732233 0.754934151894088 0.8013563276490695 0.8356994548141573 0.840487777871915 0.8373893779151121 0.8043931978334209 0.8371311046001148 0.815679520740899 0.8311968891971635 0.8181346921575112 0.8406680339282275 0.8633629574063554 0.8166045526183805 0.8120840453621049 0.7987813754397032 0.7631635634349662 0.7957282672273268 0.7839016515230759 0.7525065969211598 0.7364730788056656 0.7717471280800674 0.7687987020634265 0.7702828811058885 0.7377717078876342 0.7405151564726731 0.7315444928211231 0.6562490546136531
0.6166089958849763 0.6419566955901862 0.6356697302106181 0.646127032241847 0.657095876782883 0.6274305202102181 0.6424896958394989 0.6137266171839271 0.630293468879575 0.6337264116425152 0.6560339575436611 0.6620603117668826 0.6970118406325702 0.695767782556152 0.7439414615264828 0.7205618437775462 0.7666489271529219 0.7990326417497626 0.8009802351001132 0.8280765113775139 0.8312897136359446 0.8188073917202591 0.8487540532768384 0.8283083395582916 0.8423860174187595 0.8394698150325799 0.8621690285581781 0.8798098318607463 0.8467298759731444 0.8075832531782435 0.8096611903171015 0.7721220949571918 0.7848312903137756 0.788039601422994 0.7394729685319479 0.7405555872632839 0.7571954894391416 0.7304988650932798 0.7210100217133751 0.7468878691603151 0.7157129484257058 0.6808687683541338 0.6361328133476277
0.6503567441183898 0.6798774453729257 0.6442385920231971 0.6613873147198207 0.6586865186786227 0.6482482064689989 0.6553774559119804 0.6140889322690587 0.6216439208194621 0.6234674267719816 0.6530274629116464 0.7004582069483242 0.70722605458017 0.7199617323545688 0.7041068649630393 0.7312351811810455 0.7309091860598764 0.7790355054929786 0.7809789230216464 0.7925244078754748 0.792227646009654 0.8357502231778302 0.8255414693995323 0.8625008229622076 0.8646173738630752 0.8806073432860684 0.8616113725411348 0.8805700741421676 0.8225414656257912 0.8288162882730976 0.7968630742383896 0.7526732020597535 0.7679756491262363 0.766384958589561 0.7731757677676784 0.7412134348656639 0.727477618028387 0.7038402839356782 0.7281547272658374 0.7199401077112666 0.7259751255425341 0.6876070101859327 0.6215275190028094
0.6872310107135151 0.693882705278013 0.6639321789926461 0.6864437699307591 0.6843842739348323 0.6549729168457019 0.629578753619602 0.6421866603755059 0.6413282141407667 0.652453561686766 0.6394413241512048 0.6635193401844706 0.7115861272663674 0.6817541689954345 0.6913362564866954 0.7329175605066551 0.7296857881056616 0.7339120906793936 0.7877371124191072 0.7987415461070839 0.7851424030207311 0.8205838198385831 0.8280522405891775 0.8290798588835383 0.8514045088629414 0.8720869753268387 0.8660022582662263 0.8337949998618379 0.8249738065280559 0.7905387620953012 0.8035250201241952 0.794055135932873 0.799523932371869 0.7856968322891775 0.7664252683160121 0.7346719752112923 0.7158574407370843 0.7114346405208947 0.7311525213177933 0.7117280840832687 0.7081956170326795 0.6526946297983194 0.6390285729990887
0.7070102608265068 0.6477546570788584 0.674688060881295 0.675886593593268 0.6661162261364513 0.684071295845341 0.6729398517499482 0.6574998319581251 0.6240518359925336 0.6244001596591336 0.6777048889315496 0.6805356390729204 0.708782925179643 0.6895572402340157 0.7014289641492721 0.7143901792434043 0.710648865208725 0.7358209499040214 0.7828949391444996 0.7897450077507767 0.8065870052869498 0.7769052633570751 0.8082121893581367 0.815005065635212 0.8301086787257409 0.8363917581302042 0.8122278223125953 0.8406629880053972 0.8371138945651544 0.7850280015007365 0.8152795683328484 0.8133641538262042 0.7949674520940792 0.8054998603253154 0.7513923570312026 0.7452219898953812 0.7606732575631342 0.738834070242747 0.743087086231576 0.6986322664884674 0.6771232454871448 0.6457038133433542 0.6486790828866273
0.6977108393236248 0.6507013650260526 0.6699152113689532 0.6645534034072271 0.6813994374142902 0.6729562217779312 0.6882974851774444 0.6409905951025437 0.6302832668535692 0.6723758381570926 0.6692185171394639 0.6669309560755472 0.6727669251541653 0.6503615215890788 0.6850941272248304 0.6769866705284796 0.7066241029712111 0.7043928374879665 0.7462454454507875 0.7478550336672816 0.7935336859287684 0.77625723624301 0.7770729830527661 0.8075504454901559 0.7808679326271931 0.7901437710093234 0.8009530896782746 0.8170743532854456 0.8035368377805594 0.8102379049704146 0.7977082158280201 0.8145602891264575 0.7814719894454236 0.8105183299128407 0.785977922571423 0.7518929759033666 0.7737950731493968 0.7597039421511569 0.7521466230434316 0.7217273467662317 0.7120487591184447 0.7035631465296052 0.6793088016369543
0.7063735849966455 0.673102360994857 0.6942848694362468 0.674007612251665 0.7177728314496616 0.7225315194268184 0.6632860783469252 0.6567070109368066 0.6409917745850865 0.6795637409640114 0.6979212556806155 0.6859698968221958 0.6686705642574966 0.645701775629726 0.6628597480327193 0.6490295669724733 0.663056641375102 0.6992945158323393 0.7297434898862789 0.7378868096735047 0.763841807172789 0.7944093713609295 0.7829629673256419 0.7989950378855746 0.7792306104273004 0.7385095081313532 0.7706098335173648 0.7905209325013466 0.7906029060515731 0.7905261630648944 0.773884507288314 0.7910249702261258 0.7637341830851582 0.7871546672284135 0.7877690658109049 0.7972920369752414 0.7820111700978849 0.8034123769332934 0.7441635527263768 0.7666224703623891 0.7511973237331332 0.7237449073345165 0.6978200374820228
0.6926934175622181 0.6922694738374363 0.6729440836363698 0.6808192510629876 0.7063403090218149 0.6829111186234617 0.677999694034837 0.6786550619452895 0.6687727161912425 0.6673494418628042 0.6682992685217505 0.6351433118707976 0.6298035495417678 0.6013714215046422 0.6113088283378764 0.6394057992519836 0.6561343867882643 0.6665309837429347 0.6825458852064522 0.689008396449467 0.7218266918547487 0.7514390730438137 0.7534935506697504 0.7361341599684644 0.7607875942997703 0.7488770716187391 0.748281698896079 0.7414453599595194 0.7664970553596525 0.7566706515472633 0.7623586642550925 0.7570048700685673 0.7561053393000949 0.7635553364002702 0.7577470911913845 0.7618068437138437 0.7745532479523458 0.780322946559212 0.7493900432063093 0.7358334021038379 0.7300329571433524 0.7172330818351509 0.6665906219233696
0.665880031372682 0.6436053268541412 0.6599328523570435 0.6656697385261292 0.6912863580036737 0.7078472797099641 0.6573680729234036 0.682085433934504 0.6417385762192477 0.6312011951793143 0.608880479714054 0.5997721686480256 0.5898468628132405 0.6062201806584215 0.5982307239888095 0.6130143945364322 0.6506488388497026 0.6209275168053858 0.6701063630096644 0.6768209396259501 0.7113218701885025 0.7122305898085982 0.7216559344973563 0.6878109704425421 0.7211791548795797 0.7265198528286164 0.7268820212590581 0.7141331009760093 0.7005609447832792 0.7019168487047178 0.7282926910941206 0.7174235447017902 0.7192465860412404 0.6918810212448099 0.6948191598192638 0.7121979741339214 0.7537985354468688 0.745974495996688 0.7262376269144432 0.6957006397233901 0.7158226091013251 0.6702184999923503 0.639164492218997
0.6810851540751057 0.6479911118884184 0.6790920602931165 0.6751129942086229 0.6839727546027949 0.6584758729220997 0.6515022730529535 0.6472572585516014 0.6324653041801757 0.6056103061302591 0.6222170785063388 0.6276062774100127 0.5819988055954177 0.5791424182936704 0.5991536017301787 0.6101147797340295 0.6147841687578406 0.596109087933655 0.6486739064336478 0.6485286837278479 0.6787230402467429 0.6665219459033245 0.7036927131079919 0.6865545368864434 0.715085768816589 0.7042119856031183 0.707410947544093 0.684717613481234 0.6551946341524266 0.6743781323472368 0.6848011580683022 0.6691123868847237 0.6887880071593362 0.6706255809265791 0.6781763663804854 0.6706754663899995 0.706066807259593 0.7021860847926438 0.6827119055370355 0.6590815248949969 0.6798175791397953 0.6532559854452424 0.6308921035691244
0.6896694981165329 0.6764738920126588 0.6875413050448644 0.6965494242126093 0.6769519221343749 0.6736165789959552 0.626044171051326 0.6025332369499016 0.5986871632214155 0.6337081106158134 0.6049490882936417 0.6103543401886795 0.5911219952467265 0.6021146327700329 0.602546611044598 0.6359774600301641 0.6340419969234521 0.5889817260603789 0.6544673613131402 0.6758357598459275 0.6809084197847592 0.6380276522757019 0.6532724709094111 0.7001132243215855 0.7086852717650413 0.6934370332116674 0.663105881177824 0.6527441743361878 0.629048884291999 0.6410666376833473 0.6735183263576158 0.6656449229878814 0.6336587346901618 0.615683765716856 0.6687063731625875 0.6757537139584141 0.6880000977390337 0.6491283343763655 0.6450507195842162 0.6599853810673059 0.6530029478043154 0.6687606130739036 0.6016568418688375
0.7090891808476494 0.7103069115283898 0.7116855371535215 0.6812870523583962 0.6533346150993764 0.6563222076456768 0.6005031985031292 0.6116576084458505 0.6238590358072539 0.6258462265043168 0.5952034021327934 0.5840333908357521 0.6123508973687583 0.5920736298460956 0.6076227024393612 0.6452606490372288 0.6247093243021359 0.5936506224461309 0.6297355638564086 0.6541616809449143 0.6592674184642036 0.6625356746881503 0.6649970929855584 0.6819963529498015 0.6966347244898005 0.6608725853600883 0.6614520221143545 0.6140789023043334 0.6221466301061066 0.6061143874893233 0.6175846113495845 0.6136013377802113 0.5875808574560019 0.619614317549328 0.6109792096043868 0.6206038231138165 0.6255694236772541 0.6109471014042087 0.6179681119265688 0.6469590059902143 0.6374009029290518 0.6366958243230806 0.5814641538614332
0.7428573458134091 0.7353269526564181 0.7038564246824768 0.6965054534922033 0.6787880752477325 0.6252803985979936 0.5798789713525675 0.5798176420100928 0.5946737333437125 0.6027424990855078 0.5914027770817537 0.5610458086365557 0.6028962544215994 0.6283213732742919 0.6255463686978855 0.6418249117383338 0.621641043870654 0.6081596345517396 0.6380800046737808 0.6475571508915599 0.6545424548399938 0.654027717056782 0.653030003953582 0.6559673676643591 0.6773182269996596 0.660144098768498 0.6553682930011193 0.585035524112311 0.6051201081939112 0.607247633963353 0.622347144220853 0.586671782069211 0.5591776816103419 0.5719473320434323 0.5893993377069444 0.5674894836983868 0.5937367505485529 0.6187755699761417 0.6170016741696118 0.6296305257791966 0.6107425320701801 0.5697605955801496 0.5599059262678784
0.7352060305428115 0.7374794769630172 0.7141864912357446 0.7155293389227079 0.6892951682876354 0.6442043173591023 0.6013899492451139 0.5655603541638343 0.5864432046604878 0.5868518976625703 0.5885130910631317 0.5624495261288003 0.5658019210878945 0.593077326608906 0.6055230450266517 0.6270917699045441 0.6218367514982835 0.6083511929148899 0.6079362848561077 0.6359219505972088 0.6203419105856744 0.6401158307034184 0.6164982407231826 0.6354542080589476 0.6213729469090826 0.6172410020780712 0.6312025751992524 0.5808517411248822 0.5775859669302787 0.5742783098803219 0.5812738157391447 0.562837154273351 0.5660853662939549 0.5677878034298061 0.5923880221411868 0.563602228410618 0.5878745680731619 0.57593022812522 0.5804320718452556 0.5622664858082815 0.5897403880166485 0.5815366844311705 0.5371436576958869
0.741686478500395 0.7305882084265842 0.7427657572143008 0.7316480776276033 0.6846750893278273 0.6180935796488308 0.5992905018415507 0.5744386151564143 0.5891354922027613 0.5456950361801745 0.5854684787184683 0.5585559071124858 0.5960984379837572 0.5933315377418618 0.6239918229001139 0.6253919135833721 0.6435490856544961 0.6321927044189156 0.6426652631574009 0.6386815106765761 0.6295937839591641 0.5784959639866478 0.5642974107592388 0.5959713439678124 0.6168917576909334 0.6445829554319643 0.5985548013880142 0.5487378004915654 0.5578142744710498 0.5195223006765173 0.5525595187809654 0.5940597898445711 0.573981463981169 0.5970436239530321 0.5787583392906811 0.5740568723494005 0.571947758125313 0.5613712980613016 0.5623317415287405 0.5215839950431722 0.520817043069144 0.539770254093282 0.5047715947418444
0.7649817821070867 0.7818291787286528 0.7617052931160664 0.7112858750462526 0.7010928818926079 0.6840466425614512 0.6311342707384361 0.6026801034390636 0.5774007844695758 0.5973692683271508 0.5930440512122321 0.5752211935204565 0.5966250946178931 0.6062192124373661 0.6096143893860143 0.6076260986595201 0.5998909239801401 0.6085711393023422 0.6026437321195085 0.6385119630274116 0.6207149367353803 0.5790507284955393 0.5635930116699808 0.5828149499242007 0.5773030295549699 0.5963278456447647 0.5865149132010756 0.5398221103753855 0.5291148156465678 0.4971354193818707 0.5256172704481328 0.5544277099386935 0.5888064058809926 0.5668630255232942 0.5706611202179699 0.5840356502381253 0.5746205700030733 0.574631281434083 0.5388278101507264 0.5484449753575908 0.5203280046456873 0.5303729691446193 0.492921114347973
0.7767954095009556 0.7817593618756103 0.7831671734309099 0.7317286241422567 0.7063505817789062 0.6993110177972357 0.6620609410211946 0.5941196928053499 0.6147453687521551 0.5840684977436011 0.5768131691801818 0.5987157245109213 0.5848953807775735 0.6028527096404721 0.6046173846987184 0.5869486598997248 0.5896093531974356 0.5795811014079859 0.5766094826082083 0.5948452691605897 0.6024545669463673 0.5883763250680587 0.5720857538532975 0.577453244137316 0.574732240106003 0.5769879606587145 0.5822920159780522 0.551417960821446 0.5195223556607103 0.506144687927749 0.5066825984315844 0.5301994938845285 0.5380155257262962 0.5874376944991359 0.5470199162043237 0.5569209245884306 0.5695542629514228 0.5637745001247779 0.5402826245338067 0.5163165065004407 0.5145994472475578 0.5380844980026122 0.5165531283601221
0.8145914238723537 0.8000207244274525 0.7922539400486911 0.7764652145904973 0.7124147584856741 0.7083437772539308 0.6580925843400678 0.6260908820835219 0.6225137153161698 0.5867663117074574 0.610072136932457 0.5811822861853068 0.61886374468326 0.612434229841902 0.5721332201237684 0.5577789151426175 0.5939416849904069 0.5662491832621623 0.5516852409654894 0.5652762367695366 0.5513172498053369 0.5411469932901928 0.5478632187132428 0.5455114690111839 0.575645715188057 0.5564394556619736 0.54539860076512 0.5334929482875899 0.5462865528536602 0.5437431375753691 0.49664458519956023 0.49504640937661837 0.5200513751579029 0.5221091978060115 0.5444356022612821 0.4996070652647459 0.5180891421260209 0.4955186898678692 0.5182707325083306 0.4880610773485266 0.4858346139459899 0.48638844350886035 0.4752653496958827
