Raster_benchmarking/DGGS/continuous/raster-281.asc
NCOLS 100
NROWS 100
XLLCORNER 1743154.5363538843
YLLCORNER 5469289.116211965
CELLSIZE 10
NODATA_VALUE -9999
[rows 57 to 75 of 100, columns 0 to 42 of 100]
0.1407017135271214 0.1403843979165628 0.13688602729247634 0.17190374260455885 0.17431891107527261 0.17380060218356758 0.2013027883917254 0.1825453123522573 0.16893736076035784 0.17879953276731364 0.16190811537601454 0.1730589834307239 0.19559589516931322 0.22178944002394319 0.22767278487563386 0.23792109125612954 0.20788303162581495 0.1978547954471252 0.20157837810596294 0.23283204570564722 0.2182332195180091 0.2484519258542561 0.2023836286663486 0.19711839713910695 0.19674370107316955 0.20303610533176164 0.25261009962171704 0.2615812193106172 0.27158407661251255 0.29125195609903387 0.3103326929586693 0.3771342647500036 0.365195014551087 0.3768231876848484 0.3862233014931419 0.4468846079386923 0.44796207258111376 0.4951069102808057 0.4795888761388989 0.49914371714256417 0.5060805046182688 0.5423163351624283 0.5551990484747893
0.1469063544602484 0.14944048369136062 0.15837538991703876 0.15161986459141974 0.19137889723043097 0.19508483232524743 0.20442539624225445 0.19041205861246316 0.20911013959111935 0.20850781099022736 0.2072641293180881 0.1996630398461363 0.21223592967685576 0.2520318453146728 0.26078267033511476 0.2550408646930733 0.26520575693482024 0.2544806852937154 0.24585177501819983 0.2618551873315195 0.23523376864822323 0.21566338655473327 0.2104289974607186 0.218855778342852 0.2020384658623328 0.188493970227655 0.23587107616504457 0.2562800146195241 0.25978371296702507 0.26390208221494155 0.3071203623818502 0.33338292832220384 0.39261927650627937 0.402829428721427 0.3951020406879964 0.4305273133547133 0.4280276583381471 0.4462012304823672 0.4687417422846178 0.46568314318758286 0.48164225866497207 0.5090990554976745 0.5076303479340267
0.14742006210632652 0.14607486393573343 0.15149391228646938 0.1681598761170163 0.19659953661136217 0.22719647481338728 0.20316538530769102 0.21794707184553203 0.2295074353986165 0.22315814004877288 0.20322796672404878 0.21574661472979198 0.2397334907789337 0.2372660919099533 0.27463849064206003 0.27395300558404084 0.2854595455298252 0.2743450531176695 0.28161198740738325 0.2701513099358919 0.2699201747441592 0.24224058386242067 0.23797269614934455 0.20023450342086416 0.18946470799496143 0.168981545939657 0.21147085353632367 0.26939432122101525 0.2710607174009754 0.2770410833014023 0.3256605924836457 0.34079101438296455 0.3656354069710769 0.42337320000914724 0.41606781321928205 0.40035355478958556 0.442999648184032 0.45322013489590973 0.43833689188848624 0.48932489405980806 0.47279662000836037 0.4682222836108182 0.48922352169110295
0.1814817613117125 0.1557088628778231 0.15035557852720974 0.18435118152498933 0.18416485543529773 0.188382138449978 0.2159949508146129 0.2480199783599076 0.24160170280907795 0.24197471562479247 0.22177443615780004 0.2498786329990866 0.23722500998116505 0.2706896657470114 0.2599147242253083 0.2645926828645912 0.27696726295574114 0.280043395971743 0.2502711056190548 0.25441773846245047 0.2674694351689526 0.23154360172634508 0.2431543612654729 0.24116476496466746 0.1972355983538277 0.21980969840816061 0.2344371189553401 0.28379549140730465 0.2873408454491412 0.3179714654563062 0.3106877441258418 0.3596982518463278 0.38616861099989525 0.4109519704512344 0.4231411104309184 0.3968216735300128 0.4229852649588082 0.4161492706088409 0.42042288093055946 0.4569834730039442 0.4662934634779528 0.4611151128409493 0.5027810719969174
0.19772554891739905 0.15152473090239993 0.15649696289945583 0.20583089193645315 0.20809531664972397 0.2006978914000552 0.20110657933707501 0.2385002908387015 0.2494979859218353 0.2626499025498143 0.2605430987400282 0.2741989936529498 0.27260024209234746 0.31053533993920746 0.2920703589847751 0.29146768607253515 0.2657379554085649 0.24857379816300312 0.2725578613144508 0.27331051861319966 0.25629631855368695 0.23030881569602116 0.2539322672058761 0.23631906022135565 0.22499554827009757 0.264873110581025 0.27524235559441373 0.2789158477828591 0.2888590976496013 0.32215092509770693 0.33294929733931466 0.33254946360876686 0.3823404384219745 0.4114456220821592 0.38906619375927654 0.4289272008734798 0.4136115607012849 0.4223834479425025 0.4103930305573756 0.39444085124464967 0.43788496738030797 0.46798451103009847 0.47736542581177127
0.16615772789441519 0.158924231013685 0.20830492013299753 0.2164549016002394 0.21029870804419845 0.2153946321482668 0.23158635538012196 0.2562170656814778 0.2604530272327315 0.2663393276184854 0.27939423413058156 0.27674007365856224 0.29246416592211283 0.29212087798559533 0.3056725741893033 0.28006118424430915 0.2620650750011131 0.26852042435125717 0.2765234441867261 0.2707300380266777 0.2889670689003041 0.263839111540337 0.26135253976999034 0.253764611834009 0.24535318308837523 0.2705547097432746 0.261137126550903 0.2922696685221159 0.3149120128401074 0.3408153581751741 0.33602605747429715 0.35336917382007305 0.37313092431779893 0.3577934166034829 0.3738092021802648 0.4033023736122737 0.39031731446899803 0.39362102742764227 0.37635687325573464 0.39591387373864106 0.40371943056415116 0.4184264461264244 0.44432144353366765
0.1758327805818143 0.19074878233527767 0.20596545718314996 0.19609238127236533 0.22366574448530466 0.21535054640045495 0.2092976725808752 0.23739995047700058 0.2514443676814489 0.24443558385155267 0.24521411321563133 0.2608288134136574 0.2716392452692844 0.3032149363936756 0.31544231350872387 0.3283231603473156 0.2799302908169312 0.2562607618729732 0.27453219698724757 0.2747079639355519 0.2973307874715697 0.30149671216439516 0.2928795351073306 0.24939810426697545 0.22312143882999091 0.22405434853121534 0.24548370333905642 0.2755750561310342 0.2917728935907005 0.3077019172874914 0.3343697523096618 0.3277667072644096 0.32581495826067974 0.33770599742645463 0.3329915650016111 0.35655178618463157 0.3822419819353001 0.3592266349823642 0.3500997548280211 0.3576698287017356 0.36733762251544183 0.40939594286579356 0.40748708636192776
0.20264716016926435 0.22693626814294912 0.24025284947438041 0.2165016701512121 0.21411300847210915 0.21676183557745962 0.2213855004291833 0.24552281831353473 0.2532405918223066 0.2616605614500059 0.23199783555589099 0.2868043955824799 0.29787832613021425 0.31364358250361113 0.3193621514162559 0.303972623016905 0.2967419533768114 0.29723162154034977 0.29441319635379926 0.3080055712246063 0.3123923854513827 0.3160826104290097 0.3212854517859615 0.26304890940223696 0.2380071496600538 0.22990190928249177 0.24536622396230284 0.26734966565164014 0.2873564305180928 0.297010740576936 0.2915042540837735 0.29752600159057085 0.3019244198921398 0.3346691470897481 0.34662416476292696 0.3437539021788923 0.33639824635854687 0.35263016930996033 0.3671569145147305 0.35726485150319903 0.38660698747632727 0.385764634228949 0.388796694426553
0.24361021620951154 0.25789750138263806 0.23705214219338774 0.23123559765523657 0.2450920085767413 0.2141346910019787 0.22692349421476138 0.26493075411779593 0.27711413726296896 0.24276606969128173 0.2413322434768847 0.26744227597535986 0.2844187754543062 0.27145705853150265 0.3094962143973535 0.3196861919543039 0.31790436448316467 0.32424459569756126 0.32802676531889563 0.325500789240671 0.3321181691288179 0.3452372949614885 0.3171072329535997 0.300188843265403 0.27134747040268115 0.2526661779921377 0.2349044346908667 0.255212555244354 0.2810892450513302 0.2697697970495119 0.28654306801916046 0.2863352787469495 0.2995306191935859 0.2738596361737228 0.29857339113775755 0.33455966802596393 0.3455105591162871 0.37968906493471644 0.37811019590623296 0.3544773716021251 0.3648673304571492 0.3707366553035906 0.3969963107162682
0.24876257807624774 0.25745896160987924 0.23919458373796945 0.2626710907856561 0.250484422100429 0.23588546164621382 0.27451128651377393 0.29359225404505024 0.292665317239721 0.30053370119002726 0.29112333570103505 0.268925056673757 0.2669647560924647 0.26909241654072336 0.32130309890284064 0.31184565446166573 0.2952440962576708 0.31024272827630145 0.3099842147697924 0.30314384009909856 0.3154785601876964 0.3199125083634944 0.3495148588950476 0.31518723363938816 0.29915085396170765 0.26784526394213765 0.2507322650223183 0.24224803302679424 0.2621928165087854 0.27744697491365616 0.2528261898951635 0.2849106609879106 0.28748513541579407 0.25993782722695646 0.26854751660297776 0.31111203772469465 0.34596638554772613 0.3709763853592481 0.34747706050841987 0.3488980189116822 0.35307182678561544 0.38206675977988724 0.38236343954210683
0.27720373109158464 0.2538593268773562 0.23692613824138947 0.2457690427696625 0.28129961885421995 0.2811873017324173 0.272211371667724 0.29597798818383025 0.33016496776206644 0.30140399311109956 0.3095393692874455 0.278107631612096 0.3116997017620099 0.3050880214223392 0.3163295766591473 0.32900050910626155 0.3305509881091498 0.2862267871448162 0.2894694364884727 0.31166183820035215 0.3292759148683248 0.34251834688213556 0.34212860789402283 0.3399822408975279 0.300672051817641 0.2297985239142314 0.266988345811459 0.2749420121212964 0.26744747958050025 0.24165200914734883 0.24450678100383544 0.28056378081048217 0.28313496856145787 0.24848238751328716 0.2790637895316881 0.30139186179683003 0.33578780868647473 0.3531723421795391 0.32897731131022384 0.34226157267501695 0.3425690412067233 0.3757865779514669 0.40039085051548085
0.29176131673000033 0.29366949503786016 0.25103884676546523 0.2702271579959743 0.2761131642171545 0.28740363424694193 0.3091468998867429 0.3409900028709954 0.3465415750704984 0.3477124184424749 0.3240748720932319 0.29605905009656514 0.3153516242498382 0.3179549687062777 0.3053216981371717 0.3349527539216703 0.32252171061655927 0.3092569380187748 0.3168216562951867 0.3501752083074268 0.3642149746632907 0.33953842287484537 0.35167854995609404 0.3411524739254702 0.29257684689062385 0.26433752521038617 0.2822780548817566 0.27717344636995767 0.2719043643559419 0.25970879927668744 0.26451224765814507 0.2514996301428542 0.26489512697679674 0.25151084071644597 0.28045876599552133 0.29536712029070084 0.3098325304023919 0.3378779981616078 0.3516091427149176 0.32134134798448893 0.33695811755803473 0.37248817349638996 0.38031956174701975
0.28912093955758233 0.3143720174706425 0.2669848533107366 0.27587750525107924 0.30724996999356124 0.2923330569275476 0.33969053838473134 0.3536225854433408 0.36827615352526605 0.3782498009745517 0.37326505824471423 0.33766138524644823 0.31428723510654294 0.3333893083837084 0.3274956473740117 0.3344864230621801 0.3625054933607691 0.36958470665196574 0.3588259523254152 0.3747755926016694 0.39435605539765234 0.3635455449598647 0.38038393855253155 0.358120392288922 0.334702966947417 0.28881553150905254 0.3113028924959889 0.27898060353628373 0.30408078247365744 0.3077019619300713 0.304267709331057 0.2765254977402562 0.2773475794561077 0.28893330880595647 0.299828161558559 0.3081484306527991 0.30037429306397556 0.34798291953640403 0.3250199400039368 0.3081174839435842 0.34019476798845744 0.33532377153104054 0.34941430645738353
0.32719826455727413 0.31040732639100427 0.31624548803192465 0.2937528731203751 0.32655478057508364 0.3585204756383771 0.3767896266644938 0.3871790112078977 0.38611273365317084 0.37381407376813597 0.4013610955156332 0.36901372579286096 0.3585930750998593 0.3652503164516801 0.3451326140983935 0.3376926065134056 0.36911659093692967 0.3538466560871023 0.3703052236773784 0.36395653137760353 0.4019426194809793 0.3751867471246227 0.3743712880269243 0.3437735078045137 0.3365052215309683 0.31875196364247904 0.33005109373026803 0.3384316107841699 0.3406896784647391 0.3219652813246274 0.32573309651523064 0.33436987731850676 0.2978318071781737 0.33557864004961974 0.32565561755236977 0.29752694384229983 0.29453047993473264 0.314949142943776 0.3040499400217283 0.3274571705873325 0.34420353243841245 0.350594614160181 0.3449231436420225
0.3315254951870223 0.30596699750552664 0.32856213378520654 0.33131328193995896 0.34203922325419817 0.39758863722347126 0.4124055916390671 0.4257803841702941 0.40672445539970686 0.3929842250971559 0.41978301486167074 0.4082643154926415 0.4056333077729232 0.3981191911753756 0.386767081990191 0.350520684168165 0.37194805755605603 0.36744020712771613 0.3738932909689779 0.3897694084853631 0.3870596246908987 0.40873299855844786 0.4061563147554137 0.35272563413895847 0.3649807728418702 0.32928755906348406 0.3540581839154898 0.3343385454822551 0.335816004872222 0.3608561963691056 0.35677642989365294 0.35083660239431913 0.33218859413906104 0.3561852002643309 0.34573532342829405 0.293689295781045 0.28367503895616425 0.2886063898357186 0.2838560861377661 0.3051908957706373 0.32466065823426493 0.34693810141373127 0.36743234229376376
0.3576213723406804 0.3800321455934054 0.36190472839243193 0.3497612286048456 0.38786504969605845 0.4128329349319 0.40703485452318267 0.4270963668864751 0.4234172208323789 0.43090516900703557 0.40595724295980345 0.42268861719773215 0.43762528705076514 0.40983093905888346 0.3846318618251169 0.3775577153965248 0.3831849928681082 0.39311196505955365 0.4081980154547553 0.39184125860179736 0.42752082367535615 0.410425734961814 0.40689498160960935 0.35055657095233966 0.36185744886104304 0.36443168410263843 0.3545470461435356 0.35630697125727084 0.35305157503360796 0.356814563229024 0.38310722653899465 0.35559115296875593 0.36792338333684155 0.34285216774586286 0.3563729442341438 0.30630314799589603 0.3052233541172195 0.31033932474632114 0.3062730465001726 0.31411513749567327 0.32263577346080324 0.34859415599643256 0.3751928694346286
0.40335099948631076 0.42331811450760093 0.38529925033205137 0.40464093112687916 0.3716048466318519 0.38866209436647803 0.428788738534612 0.440623651914231 0.43157224926412907 0.4574297168682285 0.4398020524237825 0.44927356514070604 0.4245614555983869 0.44337036519214557 0.4413659760893848 0.4161333567339716 0.3916175799448924 0.39062668045590987 0.4281566598475948 0.4124121451744499 0.4376983713853024 0.4186701147523421 0.40342209976520144 0.36958577219994065 0.38875911512052586 0.403168291337709 0.3906162998212899 0.3754496481933622 0.3712257938948835 0.3845317397437706 0.3878146986077002 0.39700701228583846 0.3944318627694793 0.37091468592285687 0.343592146010246 0.3572536172674874 0.34505946900328444 0.3293927731155524 0.2949913944951871 0.31131680195441824 0.31078222395948885 0.3425348180387619 0.37737890902395665
0.4223926834813967 0.3983840124657397 0.40228482489989564 0.41341409547267965 0.39452179454100583 0.40147728106564656 0.4219728996384013 0.42817896690689555 0.43819830995764586 0.4517590935041072 0.4500700577438948 0.4630548237359185 0.4576554333507511 0.4645147874830594 0.4385324414529203 0.41160230387854246 0.42793091120291676 0.40702771573405244 0.4173504597250479 0.4188104046854555 0.44253028044588005 0.43895493993968476 0.4231696797296168 0.42228530541132747 0.42717784642861195 0.41237260307322726 0.4006788842835305 0.39624679344205604 0.38112539233571413 0.3759290482815916 0.3724837123526249 0.37579191571015624 0.37746656506469717 0.34356154264267474 0.3466412101291392 0.32902100628097475 0.3432705171979597 0.3476954633982489 0.3209801830850208 0.3081082466820724 0.3381549835663697 0.3141940991934804 0.3424801189355555
0.3944449427486272 0.42310522108192217 0.41722291258477673 0.36477456253717117 0.3799073930963913 0.3957688479746806 0.4295754702940027 0.43992358856636327 0.4638182961884029 0.47128970723227154 0.44971483845162136 0.45638107100101777 0.44238639869921925 0.467078657127401 0.4371370821960103 0.4400683806057019 0.4172307233655548 0.4479252699643885 0.4601060626326813 0.4607614857853501 0.4344039006173339 0.39711607086154993 0.42122348789734154 0.41778031471757204 0.4542142432037736 0.4524877468632905 0.4498609939160945 0.4381107847462929 0.3790664115577124 0.3784125170684842 0.35150242423426836 0.3703201154299745 0.34936197329778285 0.3559315344406766 0.3666723241543036 0.347934253117413 0.38070230242221215 0.3934972442229538 0.3382200260531394 0.3144561898148419 0.3291056182114942 0.3142571493018067 0.33519124216127627
