Raster_benchmarking/DGGS/continuous/raster-347.asc
NCOLS 100
NROWS 100
XLLCORNER 1743158.944178204
YLLCORNER 5469285.062987817
CELLSIZE 10
NODATA_VALUE -9999
[rows 76 to 94 of 100, columns 0 to 42 of 100]
0.3342902103400803 0.3779820387410658 0.41165070644330864 0.47140703759756647 0.4409467787349691 0.48035620405700036 0.48320197235719603 0.47369699364718754 0.46528826304904597 0.5066312833358582 0.4990619206788651 0.4875229784297235 0.4708672591186491 0.4809804753818011 0.4479482628173808 0.49366013875095477 0.47799502803265875 0.5251756248662417 0.5151108324086482 0.5299095591171071 0.5295908004444906 0.5146574312352225 0.5498890461037109 0.5060025962102456 0.5222754287397684 0.5405122878567594 0.547463102758943 0.5840698960185761 0.5701591149368059 0.5939660511285986 0.6261976741446479 0.674584320706177 0.6566022609056774 0.6681797560587549 0.6899089298950317 0.6998240407439072 0.6768858056338971 0.712347729138266 0.7133008128418956 0.7083851619955287 0.7263291687532658 0.714491176921111 0.7159643008682665
0.3491251854304925 0.3215380703506753 0.3842688007658787 0.4566815446491175 0.43422522804109726 0.47271697653157047 0.49516158776547853 0.42912021879671647 0.41701952180979956 0.42647101299701956 0.43004428126242655 0.4717843466896837 0.4282508640991511 0.46584677473451414 0.45861768273015097 0.4679651340904602 0.46758520210984333 0.46398187354923576 0.49130183577778724 0.48346240255048945 0.5252489246945353 0.5328859147594117 0.5207598422040324 0.548612675814581 0.5081265539365473 0.5041446899824495 0.5461435935268107 0.589128378927243 0.5820747283600851 0.5665464623545466 0.6125193323479291 0.632786950687479 0.6407617771209558 0.7072577880056801 0.7168000159731879 0.6796501914159322 0.7076778524112288 0.7381341557350197 0.7079092713494157 0.7709453619769537 0.7176133762729825 0.7184095949714688 0.7240311043837001
0.3354839898197435 0.3215198938824445 0.35835236165982 0.41760815870085555 0.4581973223799324 0.45043561264234255 0.4852542072767414 0.4496775271465874 0.4466029919985698 0.4432679822507158 0.39428613624105874 0.4351521350288267 0.40778219813960215 0.4269498400374945 0.44060455172224433 0.45695287124636397 0.4732281169429188 0.49920267825525344 0.4900815609230361 0.50855029169554 0.5063035987545722 0.53304656519884 0.5327870774986849 0.5786602384300875 0.5643106159481839 0.5348729464333958 0.5840827908404282 0.6217716083940126 0.6015821790414383 0.5798656061578099 0.6087035100356729 0.647815912482245 0.6774549865379544 0.6874975765274803 0.7253098753780816 0.7288125757527457 0.7062203402037306 0.7063205837197374 0.724545218972509 0.7538243488820571 0.7409032567767017 0.7480313304391225 0.7269857947164231
0.33638451340357245 0.3273705161235732 0.3505089443381291 0.3592411483964047 0.44700810597730584 0.4686989374989097 0.4713260568759727 0.4675262022921193 0.42409231850893087 0.39571245423033696 0.3627951096163057 0.38787087450532615 0.3901821754089868 0.39256045139533574 0.4311270457471769 0.4610681108560446 0.49019048146226957 0.5155394066772977 0.5063607324132889 0.5005796085246292 0.5301444855603317 0.4971888584083729 0.5529320330752716 0.562767772393215 0.5662402134410951 0.5347046155906551 0.6012271897787511 0.6149573860936565 0.5990807494679915 0.5671827585956968 0.6221372005234248 0.6137310241742243 0.6814879141251461 0.710252807848612 0.7407167128951421 0.7298260910555336 0.7343478291488569 0.7635921391196078 0.7284312466299174 0.7251960607669526 0.7286279694227349 0.7709049376201051 0.7650613173306717
0.3536417352712021 0.313373146167938 0.3080319869591424 0.3704378538546755 0.38521745836199306 0.40129162814174335 0.41868987447693906 0.41941380396953787 0.4089228209980105 0.3874431677205755 0.36402389292157605 0.37445735808965097 0.38424771636364763 0.39387576141588376 0.43388986090919185 0.4449670474638569 0.4722827252161786 0.5366766628550868 0.519584231431293 0.5077027610352385 0.5418790681249207 0.5163769425431213 0.551425683612168 0.5919456331563175 0.5449586009163471 0.5780455698750998 0.5892538997112493 0.6000284025908749 0.5752271212145911 0.5515891129356243 0.6096296720286767 0.621985584082141 0.6723756818437264 0.6761867800162265 0.7201729557224779 0.700443498722242 0.7462077172736411 0.7577133034664799 0.7825935016537694 0.7635937762048729 0.792300054546199 0.8248344172318297 0.8013329424106925
0.320074125944027 0.31288609437935044 0.35542450373152923 0.34996214689737337 0.36654168263588127 0.40505539584241257 0.4210317720093008 0.3871823924490555 0.41220497133022727 0.366123340720834 0.3447122352607485 0.3625029238513117 0.36726664978788864 0.4309769126120314 0.43295338119618226 0.4552829433915618 0.48457756195382146 0.5432397160458425 0.5491670905463031 0.5700642711643292 0.5635547075365577 0.5907713285895134 0.6090250678931171 0.6041626293031931 0.5847952581089382 0.550614211312537 0.5936685206489278 0.5897159341576054 0.5989744692912103 0.5572555204111193 0.5656685595383496 0.5861213409833186 0.662393029541253 0.6963380710981532 0.6990897669185928 0.7191446576678584 0.7345737560493134 0.7650630219745527 0.7844160952171276 0.7839114232088522 0.7714035609761464 0.818565754151365 0.8214092372733566
0.3075856837936238 0.34995261774115866 0.3533611098525611 0.3578096570971875 0.3559751154872497 0.3638484067580854 0.3692391955261837 0.36790581917932924 0.3840802289781442 0.36225210698136123 0.3562490261828974 0.34837025445663317 0.35761643843117064 0.35697193408525874 0.39807452223845324 0.4799536974534395 0.5003694015191347 0.527471582711136 0.5524883834157235 0.5793171072084555 0.606307139311261 0.57510914120606 0.6000538679392637 0.5756920030386333 0.5756192025360438 0.5727435964685399 0.5597065982320879 0.6086783546189161 0.5903329707743401 0.6123476605935829 0.6118103610065438 0.6015506453185918 0.6414720189573199 0.6521752169409872 0.6907520337581283 0.7289852136848592 0.7056551000057822 0.7100943664790487 0.7235147077714429 0.7459924283701928 0.7622755305536114 0.7705216012708904 0.7979106338316225
0.3175760399632464 0.34748363327781584 0.30527636661579144 0.2943794197182985 0.3253766726966249 0.3612315972254494 0.3205107462913733 0.34008720137809956 0.35919697811674206 0.3346912880157928 0.34023086878619874 0.31442838484247354 0.35283080383431953 0.34707521877557096 0.3991551733799674 0.467928204175495 0.494221828364322 0.4691713836483106 0.5344984423480666 0.5671603771292737 0.5956776947204264 0.6130370519492401 0.6002306618755374 0.6027336802354042 0.5951740247213668 0.6077917667033752 0.6184988575450384 0.6089019919410004 0.6299426122661795 0.6517619967704774 0.6334899914404913 0.6371594520904775 0.5858757240615331 0.5718683128342724 0.6323406349681755 0.6873390390368428 0.6775842176935157 0.6459546303831414 0.6968010662948346 0.7116352330014865 0.7462531429239968 0.7971597999244895 0.7738391145121409
0.2768398186706597 0.26640246342836144 0.28872965113002763 0.2707372928753153 0.2859284638951089 0.2910496282831489 0.30615989805881233 0.340676359898739 0.30400323469316415 0.3083027363091334 0.33781183788731156 0.3487009620528824 0.3514750530790865 0.38901973750813007 0.4190170427572885 0.4218122429131482 0.4550319469529809 0.4969403620371593 0.5388400011547773 0.5583628566108871 0.5509836257781769 0.5379241696466368 0.552558856132521 0.5817487094470728 0.5727873302911961 0.5505444080147539 0.5959607720421548 0.59478799175118 0.5817091510376524 0.6260654607102947 0.6055318846813311 0.5998731703516771 0.5910873566379913 0.5940777116984206 0.6053347274351712 0.6298731816798104 0.666643362794474 0.6655143896353216 0.6737891783992842 0.6865586656547521 0.7594315288135515 0.7653929504856967 0.7990767095419901
0.24962133490165997 0.22826236923240234 0.2189228565817266 0.24378769653591226 0.2814226024954229 0.3071829546840238 0.292174635365294 0.29785257815935046 0.30458163296947255 0.28151430871415967 0.33753744552981546 0.33064079010116004 0.36916662800714584 0.4233526718043949 0.45944118102310355 0.4624083141552286 0.4650399687383835 0.5103771111772144 0.5002250441562208 0.5134903132275265 0.5392286072494622 0.5339109173448962 0.5234875127635739 0.561436931293864 0.5751151793233663 0.5416299020007428 0.5498900900418591 0.5865942874373634 0.5857904664477135 0.5802409001201076 0.5518887475119387 0.5862155694997698 0.5585371763787762 0.5907545549306789 0.5854506307294023 0.6217356668463632 0.656618148755359 0.6036413789624713 0.6708782182051506 0.7108563102202414 0.7629784478146919 0.7903713243571457 0.7799552787866454
0.20985148389156807 0.19762061825265734 0.19468233473558857 0.19358647986548136 0.2346693920327151 0.23544759477300664 0.24518094744171764 0.2675344620533282 0.2762208048922029 0.27633835606341517 0.297288814834008 0.297409418571159 0.3470450882875632 0.3708838402963229 0.4224978841065355 0.48104122495897006 0.48347617369127893 0.4718823510439512 0.4907206733274907 0.49925519823656317 0.5200375037774815 0.5140471776298766 0.5363812719067524 0.5237141984458418 0.5609713531921365 0.5503430977345195 0.5645911388623434 0.5641951300583101 0.5620198538543253 0.5403123831646046 0.5430642224393809 0.5500804574431007 0.5475057358337229 0.5347728392275066 0.5639761120578003 0.5824803906080581 0.6223970886091215 0.6442754370808289 0.6508155591093914 0.6831723564846517 0.7305182131553651 0.7433103726146932 0.7749665200779
0.16974651989274256 0.25209106060921027 0.18060869419699951 0.16639585265249146 0.16913388288135442 0.18716228941664098 0.24951948327793722 0.2325069689329903 0.2433463539781203 0.2226266337481218 0.2593836518507217 0.3181374935278622 0.36936934134365496 0.3953220205305413 0.45349329370063757 0.4554670231118976 0.45919286950601707 0.46019841371276077 0.5131266697580151 0.5273043184288787 0.525837123559012 0.5555448205773514 0.5436293460506577 0.5399364864227206 0.5831879827609279 0.5498499219438698 0.552888015786819 0.5195822116890668 0.5452725423438012 0.5386847498000045 0.5732490218711759 0.5359595191344166 0.5284471301561204 0.531583835630021 0.5615131155254987 0.5856421576133604 0.6257035825095313 0.6258965397229116 0.674234169068261 0.7395693538411294 0.7059456416478448 0.737710632417145 0.7749269542519215
0.17572089867843746 0.2268009236950729 0.20710756272856362 0.15640070092364775 0.13508525116139905 0.16533170772398345 0.2164783499275548 0.21681319343558114 0.22930187965543983 0.23408554334825127 0.2662280261256193 0.330074075870101 0.3478266725216831 0.3874159705056629 0.43928231098481746 0.43288195430992243 0.4396147469947834 0.46234232060700137 0.48777645947533227 0.5202045172836318 0.5336263522325602 0.5086795555027427 0.5204044764811729 0.5577767797906157 0.566628557120292 0.5536760446493354 0.5730198958714839 0.5871500550372191 0.577432080197253 0.5797255758210801 0.5783399368914653 0.5796568586020213 0.5844821078488532 0.6097511371489089 0.5897338293210748 0.6079386731408651 0.5966914602967894 0.6313112421414587 0.6696986590357352 0.7320799464368176 0.7124467101733442 0.7247834746291181 0.7338732560881761
0.12366171322324386 0.16813195894989671 0.16167039140075842 0.14638944180772442 0.14442301190530704 0.13852871199418867 0.19483330364105636 0.19743355847346303 0.20378230397299252 0.1960825093166761 0.23354573845290838 0.3094405803253973 0.3447296092677717 0.4101516974298708 0.44171768291715463 0.43564618850368436 0.4847514463656295 0.5219949815740551 0.5291430147785411 0.535182471821992 0.5200837069702412 0.4862827490542325 0.4993950464429313 0.5334541512825284 0.5845125598187036 0.6310243597526424 0.5796111753371206 0.5927896293253213 0.6201892068262491 0.6621520719228471 0.6299601370968815 0.6190569383035368 0.638219934293977 0.6167172710806414 0.6306942910257576 0.5872421956010196 0.597936203382014 0.630943558142745 0.6670641805999235 0.6884752413460906 0.7142839135180095 0.6783438631933228 0.735698420423659
0.13067154586375396 0.12980787726691764 0.15836025208275673 0.15496365926215894 0.1712556714310833 0.1537441372100889 0.1692764927872786 0.2021362711334526 0.2043200785966266 0.22550197955975768 0.24057106696938035 0.28537326378452404 0.3762056801397543 0.41678497334305425 0.4634556641093682 0.46101555027952035 0.49293595781325045 0.5093277535696579 0.5031016313484833 0.5045613970554599 0.524830701470358 0.5284978805070913 0.5103188385418664 0.530192549667756 0.596962532202621 0.64997245674982 0.6175807252458709 0.6228688671337382 0.6444346488049814 0.6528176850149465 0.6573991415011542 0.6166757064521016 0.6391040283467332 0.609933044181308 0.6343982299055716 0.6319106813575501 0.6618945066535648 0.6440626509004503 0.674731954707983 0.6976926196180592 0.7074765410395086 0.7302165787737769 0.7196371545499002
0.07683494805641511 0.12613891322667506 0.12119429035331351 0.1676963824439383 0.1956153927378866 0.21501199275048768 0.2150993667085546 0.23068256490027877 0.22998482848095814 0.22044721942547657 0.2772720002526905 0.3007179929908212 0.35759795420528256 0.4458637189724124 0.48639361607860787 0.4792416092076197 0.49819758389715757 0.5317819512388532 0.4943877903521163 0.5284513570926164 0.5170709899304693 0.515024692643152 0.5662056596317917 0.5684460644835047 0.6108043301105186 0.6576822395808087 0.6445859547635451 0.6335346759687516 0.6848437700545273 0.7002190771336302 0.6731553516421608 0.6516187544884581 0.6253271368749619 0.590995104220385 0.6473683231718043 0.6934673531154468 0.7013938210069207 0.7023152403060523 0.6840557538259289 0.7000376459273809 0.7379032846210837 0.7129193958712277 0.731834620797896
0.06959885776857787 0.09162117403943072 0.10274417463759808 0.14820023330780235 0.16952999320834158 0.16906157647881861 0.15971816656475216 0.19779276738991716 0.2150062681080114 0.24347867816605406 0.25741026895747177 0.28958179141721385 0.34627144427280726 0.40234051578851737 0.4511967910867022 0.42658374862929227 0.44843961599738397 0.5065002274576564 0.5173350790568603 0.5099879355338212 0.5468894133280905 0.5518480281750708 0.5682715169055517 0.6108493150881087 0.6656891097072845 0.6931052510361845 0.661999623593869 0.6704773592023049 0.729142595959787 0.7120377387524508 0.694566703891274 0.6631291631464739 0.6271861924435416 0.6438283694086173 0.6813873636915465 0.7007329212723747 0.7133825018719141 0.7199262913216724 0.6844096696036167 0.7283384156380454 0.7197277408538612 0.7433024424142931 0.7477587837258665
0.012088307063522907 0.03057982919391163 0.09620377399338599 0.10100233030698522 0.14301222909447558 0.12931193167196053 0.1540484346013595 0.17659060240003555 0.23252462793007528 0.2564511315554107 0.24058250977383913 0.2956950685037816 0.39682069746525683 0.4503068168084588 0.43064611661440416 0.4324941260627133 0.4154492200051864 0.4328161799544595 0.4879381247099753 0.476790196072957 0.5195043458256626 0.5602523609244096 0.5696064495590601 0.6277197643591833 0.6408498817732888 0.6988834234521681 0.7026201951201906 0.737029690903689 0.7181343503751636 0.7396534632078046 0.707816263621344 0.6727803281380168 0.6563447193310785 0.6690194657129939 0.6827180177805664 0.715781704330066 0.7108599658653697 0.697935560267505 0.6893111340826198 0.7428794117026414 0.7616893217330479 0.7840846577870635 0.7488860267349647
0.0 0.03543320638483961 0.06324133699915555 0.06590893827018746 0.11388695986141471 0.0876811085494261 0.11314817512337688 0.12640645998344213 0.18821597761132033 0.19159915341501305 0.25825644373251117 0.34276625975586084 0.3773049656172095 0.40778857552812553 0.42727114274976025 0.3773141840509502 0.40322926539722265 0.4192682767869606 0.4279233977605745 0.4840485738672177 0.49852336530266983 0.5795376579887792 0.6045579775901946 0.6111553687187098 0.6666735013718413 0.6734904005163558 0.7206071688195342 0.7011246519604744 0.7167249589740462 0.7265682709878251 0.6997940884330324 0.7001258320429157 0.714299842806857 0.7047132881075162 0.6862723518037973 0.6775262281180179 0.6942004193292752 0.7160063155378392 0.7401699500800076 0.7397249768352896 0.7787034602792794 0.7759447883564485 0.7703485428728972
