Raster_benchmarking/DGGS/continuous/raster-41.asc
NCOLS 100
NROWS 100
XLLCORNER 1743149.918344787
YLLCORNER 5469286.766259804
CELLSIZE 10
NODATA_VALUE -9999
[rows 76 to 94 of 100, columns 43 to 85 of 100]
0.2807593810535752 0.2642112872571562 0.28483660842952535 0.24450438794308524 0.23645473291133376 0.27205114837670796 0.2717288372964875 0.24140146361295028 0.2980635165286693 0.25313602123936646 0.2575187675268056 0.25762093202479885 0.2890852054930463 0.2933476416310408 0.2688170815472194 0.3091299295066689 0.3460650432310662 0.2727775175902211 0.25633872526040097 0.2962594074428788 0.3111310817560367 0.3080762268167452 0.3396411525117904 0.29781576139699895 0.27793197764436695 0.3541413304232054 0.34563910718879265 0.3749665009440354 0.3664150094629812 0.4104048034511968 0.4306391750261132 0.48356671373025695 0.5343969779955441 0.5544302100964472 0.5270823383217814 0.4984498698273751 0.5234452852541938 0.4863476676421382 0.5259525640464028 0.5130228252771255 0.4938732868574643 0.5114962186397376 0.49911724965343396
0.29691055911462855 0.29539199314525705 0.297578310453434 0.25320525489918155 0.25644023140768246 0.23847664076025996 0.23638743046452607 0.2347183922622688 0.2557790727235397 0.2556544105812241 0.2554895105449182 0.22736999195409838 0.2727421822700109 0.27489738012058157 0.26386872289902363 0.2822562512677648 0.3210213191592988 0.29878048189693013 0.2686189302826099 0.3125475762962683 0.32420459377402205 0.2971200386815294 0.3252586376589359 0.3391198615847368 0.3087817297221875 0.3422730808631412 0.3387003112671639 0.3580020136360639 0.36976068160912734 0.40197447061942365 0.4425282422113041 0.4612644018525106 0.4870175789239322 0.5154751821282649 0.5287145030006939 0.5198752683511628 0.5016913840975182 0.490267368066529 0.481633066106226 0.4730332852364296 0.498119079282602 0.5069147023041995 0.4891144130664252
0.26441601627061845 0.27340135361870205 0.28700580436491824 0.2532470917927274 0.2758344014037273 0.24939476305909558 0.20610351992023565 0.1827049033783965 0.17223625021383276 0.2123649674656645 0.22987094787920892 0.2158126974858005 0.22659709531908725 0.274521247967272 0.2967117350011077 0.27648574643442614 0.25672610000865553 0.2932680079129632 0.27907335080803686 0.29113266540412736 0.30325529423548914 0.32781476629755935 0.327633534425015 0.3319435494880445 0.3527197923688631 0.35060215121002863 0.3514566515638525 0.3840358759706885 0.34109150054884824 0.3787091846125873 0.43901700235178265 0.44411986362511485 0.481952397051575 0.4675000371270727 0.5050887825073295 0.5019515562632069 0.512280846403397 0.48838795793380035 0.46528570044824963 0.4659289993357773 0.5019677793579749 0.5155008456941177 0.4855399526145612
0.2254176666863208 0.2339176007146591 0.2521747890637215 0.2508202724552666 0.28198937011268005 0.22451012784427557 0.2241239947972703 0.19568546249828642 0.18291147432559682 0.1773921433062224 0.19252413217463354 0.21221303058369598 0.1917981908240989 0.21060744955030208 0.23399849707499373 0.2803063042386591 0.27097220614516526 0.2873341879880576 0.2590483630424874 0.2967807786598239 0.31786509427841075 0.3301545170654637 0.32732647927904357 0.3494088402721362 0.33689160676143226 0.3525240494420948 0.3475226333964016 0.3795039279546613 0.36545268854961616 0.36970101038213654 0.38697866222411315 0.4262602832877218 0.4478844125796445 0.4545503691552027 0.4934864536910466 0.5174193214579361 0.5175289379076891 0.4907458143028049 0.48197676296184727 0.512775000188822 0.4987845583820953 0.4955270455354007 0.5004183963034168
0.20733505447582004 0.22792194395259946 0.19843223837900975 0.23943107617304263 0.27592864727798727 0.26843159768825275 0.24617713114021272 0.2029677496157416 0.13461120044800023 0.15933045205543625 0.21317224533001544 0.17868067584860994 0.1793193138938283 0.2244138253611899 0.24488547577765596 0.27085865790757285 0.28364101866830044 0.2599605888419381 0.2423518549985759 0.25602367219573136 0.3004537796719693 0.3002381303092225 0.33894752115788174 0.3142343879677932 0.29960835209772013 0.321154741689133 0.38428439020546107 0.39457915416744654 0.3680295844829195 0.36095597882110664 0.3975407211774453 0.42018592881287403 0.42196360589146814 0.48207051820573144 0.5023761009203783 0.504272777153039 0.5143790387321693 0.4745855348977754 0.4854987983774209 0.4995611114304156 0.5011441988780937 0.522695215272629 0.512162254940645
0.2454757625236648 0.2235871497614317 0.20133129036122968 0.21715516475326752 0.223365734694502 0.2540922888407199 0.23562716833516256 0.20922857094524952 0.1889729708573205 0.1678125645158773 0.19070774666701223 0.193775307680619 0.2035969936913977 0.22962246960319097 0.26073579183586915 0.24290130311948466 0.24798083027594786 0.28566375748629647 0.2850767685173833 0.2687551681093789 0.29767730658744274 0.3205395887967095 0.33220253501067104 0.29445254129664833 0.2784398702339359 0.3183306155220894 0.36153786742232413 0.37631747540787613 0.36673279626061606 0.3917173484114112 0.40659184999153664 0.4302422828377179 0.41837989090541505 0.46596814870583203 0.4482718380553075 0.49958581232924804 0.47391990246047544 0.4877014249699981 0.47698237850734904 0.46891014229870687 0.4580348296968365 0.4731171265315118 0.4735501944549796
0.24446825031807684 0.23652297123436364 0.19079915082488766 0.1948069299049166 0.20825643227848312 0.22130198985723507 0.24442084338489622 0.20266903049753324 0.17545261495507725 0.1878810921604123 0.2343747248958039 0.2033703008008059 0.2291691840383284 0.21563841150262347 0.24258322838493507 0.23531979690765048 0.2732938417432704 0.28779642674524214 0.26034902348580224 0.2548786460959982 0.27501202731285596 0.3282016739980848 0.3209128532629673 0.32771310143853766 0.28643488764849634 0.3064694796887119 0.3542004960656061 0.3609005492673961 0.39872325823374755 0.4078645090059047 0.44714739133064385 0.44694962868698157 0.40007922363662685 0.4254083959895823 0.43310390944128097 0.43151367568762805 0.4578863334026697 0.451052379377664 0.4593231150956033 0.44729786744465944 0.4656923010553654 0.4544049352830599 0.4217635591114998
0.24136544743125973 0.2178503643315208 0.1898213189091431 0.22107477560902816 0.22961801481387453 0.24344830813441853 0.24259659490889676 0.24902615572210773 0.21417854882465615 0.21904552211926895 0.24345276564645868 0.2628507499402883 0.2755954475087932 0.2491272958269163 0.2596629488961262 0.2659064009121007 0.2878712436890948 0.2713617361709094 0.2994351537977304 0.3164628928575812 0.3078276295147678 0.33201449770198865 0.3384669933839927 0.34224781793443154 0.32209239771899695 0.3349651548495589 0.36401160459668613 0.396341824556637 0.4004051532442368 0.3941450387184087 0.4234956868349805 0.45518246403784085 0.40484748921059316 0.3984802119872985 0.42262146537542217 0.41456661066288014 0.4655901145448998 0.4472328562099005 0.46469861722534167 0.4861642260034175 0.4725976195441668 0.4230870197989788 0.40018248681127355
0.21197259543477037 0.20207264016863216 0.19083173506411355 0.1998320537497499 0.24329648500724782 0.2485483116226074 0.2846664768994943 0.24208336176185402 0.26002697692261506 0.2372689943830489 0.28110470474239313 0.2712310141934821 0.27776974721641756 0.2727062850119533 0.2736328223759747 0.2563718154162996 0.2805956346471802 0.29049557745709903 0.2658659210207229 0.34330396649600226 0.36140679654058616 0.33282071853429446 0.3532966307673707 0.3316770745989069 0.3239569914572715 0.3341277517772099 0.38461124967659277 0.4112828135001213 0.37179449052955715 0.41307070220351827 0.45179922515519083 0.44206926907052935 0.444875968693493 0.4277965675625693 0.41650700190458034 0.4175860927324015 0.4432865421077878 0.44195474496900594 0.4915676097531455 0.47734507023208117 0.4590645655492985 0.38893161616946426 0.35202989748115854
0.1872496174036534 0.2063384079499012 0.1801639919105197 0.2098006139344538 0.21556152819727412 0.22973900829553034 0.2749906793919678 0.28255639382466485 0.2940367672293497 0.2821028523033932 0.2872000990674538 0.2764159082393677 0.2872090694102488 0.2600111199796068 0.27002480515491956 0.24974968576377116 0.2733753881267919 0.26543509545563315 0.32102698302851373 0.3424229417339466 0.35867632084232265 0.3488502703001783 0.3826290846388108 0.36141922040370883 0.3728920832521929 0.37681578959309714 0.38999038510012196 0.38839316758704007 0.3824206667337957 0.3678857299805608 0.4287466986592851 0.45078820361318045 0.42574069200504516 0.4481134732218075 0.4599796088033588 0.45502975119331085 0.4848917762213475 0.48382806659282607 0.4757850858554585 0.4762243087898125 0.45190888245052063 0.3964215777619655 0.3432721056945904
0.18788256911173207 0.17172295303885726 0.17662219023134287 0.20920187942580726 0.20364082983277204 0.2205380452074604 0.27091021697036055 0.29236573090323903 0.28931433264257206 0.26686788014251894 0.3208547638412064 0.276636912412544 0.2939858754452119 0.27771822524311685 0.25827989076907315 0.2808740355752898 0.2662434111230729 0.2592833313590665 0.30896761368796144 0.3517328527434332 0.34736710601012655 0.345420408988874 0.38003818005776857 0.3786559179851219 0.32566759987973837 0.35964046638962505 0.3890042107940077 0.36919985714840614 0.35578312998962286 0.343523846217373 0.37323520812568134 0.40725251994608064 0.4256357425483148 0.4474135367838768 0.4184272639045746 0.4532709124786749 0.4724610959467108 0.45671705038391947 0.4354452976450406 0.4369203039644223 0.41044088773735665 0.3859547903341131 0.3325946789431975
0.19246511386365683 0.1960491872979982 0.1712129809518717 0.17668550986320797 0.23133404978231462 0.21708472394395972 0.22933451039919686 0.27134625089014786 0.28937200671404756 0.26847797961010117 0.2740968878735096 0.3081106487033431 0.3081853326881985 0.2746632117039314 0.2577112134011329 0.2477316758024767 0.25984164319276115 0.276689210548449 0.28281252938107987 0.32010666607664745 0.3072824660378192 0.31744012669771604 0.3669599040238903 0.3759294853252886 0.3968406462064104 0.38733702698876593 0.374901042440029 0.38628800002991875 0.39759920644321417 0.356301670702347 0.3711650037063896 0.38254441714730264 0.41538045375894317 0.43047895585777207 0.4090639296875975 0.45391600042690206 0.45646133401199124 0.43636173603600814 0.39329681534036853 0.3841477386580398 0.39386764327817164 0.3479304179816132 0.3318263721746361
0.1876720593063453 0.1598929123428437 0.17352060198459285 0.20998437687528088 0.2393742449071455 0.235865785383924 0.19137619943579082 0.22560144127960477 0.2838733103609736 0.271733699038642 0.2682689331091015 0.2828440963317511 0.2804532601283845 0.2623740309984649 0.25294258545100756 0.24159156208413585 0.2562195298796149 0.24997236102406659 0.29772389491114143 0.29105264517121754 0.2943674162091485 0.3024288923366333 0.34696715289115465 0.383304631414244 0.38988436393804393 0.3976690662377631 0.3935061904095231 0.4015421609657565 0.43604618226475517 0.3953218387164703 0.354763268646994 0.3773585447006041 0.363295573801946 0.38341314002066657 0.40756367735417576 0.4336611139548878 0.4527824007883967 0.432640545717382 0.40501952176695305 0.35627380302335765 0.3697305763032663 0.3618302728505052 0.3646174492152585
0.15056434218450288 0.17236566893668373 0.19186497519647394 0.15807149553543312 0.1766988495635846 0.2096404099831099 0.1709957703734283 0.21579705555070702 0.23560673265574442 0.26093263451052834 0.2776729569784621 0.279911704306462 0.25261701215536136 0.2720482448686196 0.2741464130452131 0.25717052205615665 0.24758513986324832 0.26831243079445355 0.29616323840099545 0.2954758426142278 0.2731691430223216 0.2862099077744189 0.29414771110929233 0.32533850481814125 0.3500197983015773 0.38925013751242654 0.40487616041340685 0.3935539023783652 0.40122290930488297 0.4018530857833051 0.381130354836996 0.3726065676731508 0.3835478882720629 0.42353015863969284 0.41540071432935916 0.39188418942945585 0.43998568893006385 0.4319872424568421 0.42667123215611846 0.3687405359820651 0.37346304762702415 0.3746268773830492 0.37289781257453497
0.10221750299081059 0.12644861244345348 0.16692247990667847 0.14479148043432452 0.14827964820241724 0.12865244447144422 0.1501198551280791 0.15752064618260048 0.18577959476953515 0.21981237571947534 0.2408217218739428 0.23488565363435676 0.2336094236752619 0.22206956624686935 0.24942603265959956 0.23647090471130525 0.27083124155711197 0.3008125844721859 0.2844763248777492 0.32207811339932463 0.2955360141183939 0.3195024477397881 0.29457955695588184 0.31841973003390295 0.3326939312795526 0.37672190727003235 0.36037894087524447 0.37127131889462095 0.42043795912406623 0.35730256483737305 0.34782560638503696 0.3988550878291505 0.4210790370460879 0.4326949515461945 0.40570312236854844 0.4212644468880028 0.3955405687607191 0.40657459333714374 0.40733277221737907 0.3879928427689929 0.39851548901826855 0.3695132849328504 0.3507488919778855
0.10968788578232722 0.1146949194073766 0.11043175994607918 0.11469303035686623 0.11262216391349202 0.10548034151132064 0.156897012600085 0.16295729398802347 0.17365377712764074 0.20767933730155264 0.20741884858668294 0.2349769202118096 0.2153309928405182 0.20610325904579288 0.2344118672761644 0.275708918216885 0.2609890671378108 0.3062818934726406 0.3078376785932628 0.3183607942974924 0.32354780261135274 0.30768672295317545 0.32488442213979984 0.3210079315398538 0.32362088294378777 0.33384483870666476 0.3647155769306131 0.3774194288753734 0.37623188015572223 0.3561985177880719 0.35001626266114655 0.3848249543265462 0.40224326157869816 0.4111413706663885 0.4024355907663931 0.41491974999553455 0.41548044466279577 0.3924663507201823 0.38857182699206255 0.3682227996775075 0.34791770454029797 0.34976805479120393 0.32374969919550284
0.11241790126949554 0.11069164285419111 0.1410177675422547 0.11541594363102672 0.0730058234020851 0.09018934123966312 0.1376334207243692 0.14239416429488605 0.13186607682645515 0.1684636747302434 0.19068283378509357 0.1932556308371771 0.1849517557013037 0.1834899065737683 0.19601879354575033 0.2601756778275045 0.2879828059351694 0.3089865159986381 0.31131767691563406 0.30037743463881966 0.2786780709178791 0.32403431831616963 0.3108581398690441 0.2777076108119489 0.30646682351305593 0.3073513638952954 0.3663799886935213 0.385669684719141 0.3783431326023658 0.34549666153123576 0.3665409386245017 0.3811158487285916 0.38397938845016105 0.414213243625273 0.3734786471498466 0.4024470723227359 0.42626574956497554 0.405072218270356 0.384318044012277 0.39871451140829417 0.38027823001550665 0.33487923021651567 0.3198226194001157
0.09504925137942159 0.1104501983363841 0.1279934980170228 0.11672227300817228 0.0828261056417655 0.1135651314329249 0.14184138817712946 0.1239802336441697 0.12849207249805333 0.12762104051307804 0.15408261977631663 0.14912954236655498 0.1455095943548085 0.18775863242382884 0.215161709811009 0.21284470542642553 0.22012157178786973 0.25729048505360236 0.28290575468564483 0.2967400924474795 0.2994413981740083 0.3010710199069047 0.2751355597979416 0.24450654869506677 0.25270586457430966 0.28854419150684313 0.3049848209804507 0.32198631273529227 0.3428541938174586 0.33280223746072674 0.3727305043268091 0.4128795563931405 0.4187547143041813 0.4073638789969508 0.36432969072467936 0.3745636317518262 0.37102322341462696 0.4208967810926527 0.4038967074430884 0.38120473312899167 0.40236611286031054 0.38195915745967346 0.32876879686138966
0.062355736552928795 0.07658755209361917 0.13047673494265316 0.11092637415197498 0.12168016603051023 0.09434622343187687 0.09781342637273831 0.09576168056581869 0.10188102589839192 0.12750562031991144 0.097705997017902 0.10552969222623682 0.14668411406113221 0.18030657815045772 0.1826123876725367 0.18497011290808554 0.21467637476290405 0.23771791170341317 0.27977648857298487 0.2695296155454438 0.289150361051671 0.2913506244026432 0.23948224451633585 0.2481859979971064 0.22484529314866225 0.26238904917172384 0.2550128400461726 0.2538712216444419 0.278192095051193 0.32736199719774417 0.3901133474647974 0.3986961073606069 0.4189577691387225 0.3998626373351842 0.389712651304503 0.4074471724366785 0.37127231455983045 0.3743862423272167 0.4108376508090087 0.37005478202319847 0.4091577757666612 0.3587838256826063 0.3725203185910047
