Raster_benchmarking/DGGS/continuous/raster-420.asc
NCOLS 100
NROWS 100
XLLCORNER 1743165.308711236
YLLCORNER 5469285.134014126
CELLSIZE 10
NODATA_VALUE -9999
[rows 19 to 37 of 100, columns 0 to 42 of 100]
0.24645220675834004 0.24836003262376702 0.265100365158296 0.23886808146749897 0.19605638969958472 0.2428961509849701 0.23865196731645782 0.2539331886777812 0.27830013310619645 0.27632675378061755 0.2688112768856466 0.2884795518411868 0.27532096881403306 0.3075576807158965 0.3513315109301639 0.3191904401404783 0.29162249682743685 0.3420511165813158 0.30664961842599286 0.3577975681920328 0.37029276147439927 0.39099190824651636 0.3892718773010136 0.3430318735188441 0.31795150449624 0.3492512427764944 0.40709458270892124 0.40047980836486824 0.438533975819789 0.4405313426964018 0.39905377747487836 0.36156801234546554 0.33071303449787487 0.33885670804934676 0.30575573850528803 0.32765247258839875 0.35025831665551743 0.4067533890789895 0.39362626848887283 0.34019039457712663 0.32705749351041286 0.2922552209078568 0.33883473120663327
0.2590057436479064 0.2504623093655322 0.21568161482177212 0.24458567868855968 0.21711099507420034 0.22004688332245723 0.23207982766561408 0.2585137498818595 0.2820107329976229 0.2899685280033931 0.23769314084406157 0.23622776646678798 0.28445709059138535 0.31072754454985363 0.33980479980688477 0.3570086965876205 0.3453975421918361 0.3244488234825831 0.3029138218838958 0.3523758710520423 0.3773943464037507 0.40431389250238925 0.40972581313044915 0.3639692835742104 0.3691494257160594 0.38373689351911794 0.4015287361634057 0.4453631442515491 0.42544544550141816 0.3892878266048911 0.36369249128921427 0.36383558003882405 0.3888467052136998 0.3348140803836977 0.3427715245193354 0.3648481225221282 0.3974626949816369 0.40907732383778256 0.4200444275485442 0.3618050036479851 0.3412456129306825 0.3122940077415275 0.2999529434239274
0.20923424777109517 0.22548046109523504 0.20099012423791196 0.20795416509498788 0.19007604129069647 0.20085987192249932 0.1443947418585384 0.22792881653613759 0.2677279944053826 0.24208541828304028 0.22587188230709718 0.24837990618768746 0.30810623055176806 0.2887795085125216 0.3275474256793947 0.347739739798278 0.35867528300140344 0.2964410985796634 0.3163499746561566 0.3771828145288305 0.40892419607177505 0.40832628939399085 0.3845139065584387 0.3721698812865463 0.4023562392541692 0.4531477773062249 0.4412311018769248 0.41339262680690325 0.42125932800568566 0.4070969569649786 0.4026963418409055 0.4212676888852629 0.4026349747454666 0.38123629616670024 0.35331867993755106 0.40492779158532965 0.3837693779453383 0.4406114999052077 0.42813294724585044 0.3726092021843826 0.33381597966927085 0.3169165405034358 0.33361290068270316
0.22845242182789996 0.17644358214862632 0.17888222036066057 0.1855938646081657 0.15659005235950327 0.1464886561536917 0.15984557916048583 0.181191403232447 0.22133894833891135 0.2349171432417445 0.2578014653028164 0.24287162117622077 0.23063261921784733 0.24913725535765732 0.304367570449837 0.30573855563233754 0.33529117021008603 0.3078803783105815 0.3476940346518139 0.35109325114781265 0.3986699528123406 0.3930876403859664 0.4481315011336115 0.4423918327655157 0.44182250340411194 0.4570761324051236 0.46294308607502005 0.4519873072311022 0.39122803047744775 0.3710516828234108 0.3717412065402863 0.3854875070202234 0.37194091983865424 0.3497045959457267 0.40085974236493727 0.42035390333474526 0.4261154235255083 0.44447673541684996 0.406139319420134 0.41416243795518287 0.31991073962500416 0.3108294699148304 0.3732478974087211
0.1595387146245864 0.21197299587075283 0.240115335546018 0.17433480184398975 0.1845569703833958 0.1217412523100676 0.11891239875853327 0.20214592831251008 0.2015182283878267 0.20865558289725789 0.20933900280841844 0.19823705433781988 0.20056983476763424 0.24626063460364472 0.20771869765662554 0.2821071932521606 0.30520078102019843 0.31865323997293304 0.33493993752899665 0.32835845921928825 0.38973981431743643 0.41414709187215165 0.45159024139221293 0.4742649477083587 0.4665925789328534 0.4508935023781271 0.4795119294295203 0.4141849196360406 0.3809014106363396 0.33476209548697217 0.3365017149583246 0.3410284729946948 0.35160762530202166 0.3968751052662533 0.4099477337447851 0.4259568678555183 0.4040854586830069 0.39420967308045274 0.44116987516996736 0.3745454972163954 0.3414713554632486 0.35772106318052566 0.35898910733657585
0.236639388897323 0.23833625424431787 0.23176519868721057 0.16613126369866604 0.15423367140790387 0.11569870608348365 0.11770721833114973 0.18141696201805435 0.16443236685471344 0.2262118476841881 0.21616498331276024 0.2139676161348785 0.2434264045809769 0.23576870409766143 0.22491023084917997 0.23527784722467346 0.29847966654445285 0.3480790733728219 0.36249567957923057 0.3653966134398988 0.42028720233845207 0.4318779141038465 0.48048642831380717 0.5052949963505668 0.4618331775022826 0.46927854552763554 0.4744553612791957 0.4788204227902661 0.4449157425627982 0.36825677924373534 0.3475700144467726 0.329467305871428 0.37611509056670855 0.3605094382420355 0.36168834785511034 0.3781986589973739 0.41374264058140203 0.39418011113003293 0.37216465811764754 0.3822652165246405 0.36291255692270047 0.3383665545028109 0.31849171299260076
0.21691768475333692 0.23573200002881953 0.20498279011068296 0.2148319169249165 0.1508465432083318 0.138825600879355 0.13592126749165076 0.1573986531930229 0.16179614527450886 0.21860254493630815 0.27352976658124073 0.20792041588107815 0.2531600742317295 0.22767951230856756 0.18366070534423976 0.2231554058155965 0.261715790096297 0.3166213528348742 0.38188062581069876 0.3970071649806188 0.47879717241931374 0.4512361530043234 0.5011273116622096 0.5033094847686267 0.4972781866463716 0.4612841012627349 0.4703761560491294 0.44615518055768316 0.4499072643288274 0.36638733812364505 0.3683224710266458 0.3569776591134172 0.35441579997150857 0.3703646290964449 0.383476126087475 0.36097455016029084 0.396477681452557 0.3734695494060578 0.39826674814888885 0.3762545139392098 0.3068352886201721 0.3076536151806729 0.24589854515379622
0.21496590697346163 0.2627872431242531 0.21670763224089368 0.22860098322283037 0.1658286935135619 0.14350581880793858 0.17024745151943407 0.14756014582460253 0.16394211074623039 0.24298060817725753 0.2548016603838619 0.21233701206953223 0.23050640287056026 0.2194572085862041 0.21865619981767498 0.17576126759506183 0.2777073942608533 0.3473791099704474 0.3562910187049757 0.39034902833481505 0.47246257747815884 0.47057564082761677 0.4895231839797814 0.47916535768021357 0.48903461746488425 0.4691953677239439 0.3944397140142373 0.4003703486939215 0.42835116649755456 0.3886964485395399 0.367932219169075 0.356757196800718 0.3470344823948544 0.3376961066755844 0.3461156633092637 0.33041393061064733 0.35182212059909357 0.3904641287118075 0.3443961422068407 0.33053663893544 0.3008268083288404 0.2728424747017396 0.2516843551772477
0.21168246540437058 0.29476853592748115 0.28348640418797283 0.2577318459306639 0.23158152981906846 0.17851080578283998 0.16045529054444707 0.19021315835847474 0.23415148500875124 0.19547286074238776 0.20320155525705563 0.21918025356417287 0.2240724076840096 0.20730557463135577 0.16053985527802425 0.17220914056950215 0.23068874857678917 0.32701923082171197 0.3842989686558203 0.40829938898433404 0.42517694999690786 0.4478968251507338 0.46049783920478876 0.4362715519162877 0.4531214246403042 0.39549581397031924 0.37153485671021785 0.40923621793233833 0.40512753443477406 0.3697324621595603 0.3931212257298116 0.34117331779260995 0.3752652442602777 0.3516142141352169 0.32418173292140473 0.3005788322857367 0.32305676921763243 0.30552038433546946 0.3107129778489902 0.2910583273064451 0.33001878549594166 0.322545353413532 0.25918938121446655
0.23617627070218672 0.3011111008394757 0.25477904551150454 0.26083338969157593 0.25018218438170914 0.1775518913677222 0.17107248524885918 0.20028115716817071 0.21086890096471625 0.23171850176455544 0.24199589503401156 0.23234839521750725 0.24367015346866433 0.2096079154393895 0.1779037719348159 0.23152679883595212 0.2500048156772236 0.27867475789627494 0.33582241981822447 0.38760366376086586 0.3963875912192179 0.40298993061844923 0.43081294940475534 0.3742642123475081 0.3941951219960704 0.35122572588597145 0.3579249979498087 0.33327250185490553 0.3064788294229164 0.33089509674416623 0.3172360090689649 0.3234436171183959 0.3443999577589062 0.2938879487642046 0.3357741044813553 0.31346347306873534 0.2927313721081903 0.31040839095686257 0.2943432367956928 0.32521294995725636 0.3034437805325604 0.3198998990220452 0.26049748624250624
0.2891357081955523 0.27736842629754793 0.3045174017109107 0.2803802297076999 0.21005156988257528 0.21169783219495358 0.184193077672306 0.19772519773747219 0.25253732073383034 0.23301480865960528 0.19592563737188287 0.2154233017663298 0.2427886523174377 0.2159039166491006 0.17803391835552126 0.23806206850472822 0.2771019794100605 0.32429564173805586 0.32626083504494036 0.35478626047299017 0.39282863441509125 0.35977099759716463 0.35668295458902877 0.3723979293028553 0.32691038624051927 0.32231020720153636 0.3141471770218902 0.3359683552906168 0.2802988621986098 0.30804112671158224 0.2576834280567854 0.26940058056529953 0.25985601554641147 0.3212149714136108 0.32362633536896934 0.2888570778454379 0.24340341379234895 0.24256755748453143 0.2483353409141715 0.25775842587562114 0.3213925759180853 0.2606634937966849 0.25060188750540885
0.33675936642173293 0.32959148746464 0.3148080413610932 0.2494802811627317 0.2046554739311291 0.21190974657721967 0.21662326219334752 0.19984560070231597 0.19980934898933447 0.22472614779137637 0.22056009036090432 0.2213608993987625 0.19198789230508523 0.21685680468699742 0.2305196153565841 0.22944826915109492 0.3002624161777994 0.3256892964468345 0.3316329051790907 0.38005677869483223 0.4030883396855395 0.37500932307689616 0.34780263283834223 0.37146351841614395 0.33985546596755206 0.34685374035158106 0.36654944635364184 0.30772187902896303 0.29926590662327546 0.30028388624405916 0.2692242182270841 0.2526803465315566 0.2465240670980684 0.27766313519268976 0.27940188101392543 0.28685939477715633 0.29270798651106505 0.22558944258939642 0.23512818576596356 0.2694132488589267 0.26804055575500324 0.2634660403781857 0.2476354839986819
0.3473819396602037 0.3368272851342718 0.34096793491539296 0.2914317823243971 0.2468262273962592 0.23731216223512058 0.1931603578207312 0.20236840305273235 0.23124831745626906 0.2262716157879034 0.24646953082230436 0.2370888465481013 0.20456888941497425 0.1850335956838274 0.20900787590309378 0.24132009689656994 0.29833428325071176 0.336294247365498 0.30770050442297725 0.32741928081288874 0.37390965258859754 0.37803164979260084 0.39729969275166677 0.38060150952826627 0.3529327058154816 0.34902933885777454 0.3691572746910054 0.3545952043892595 0.3468093303002636 0.34118020009389216 0.32665486491569323 0.2891367640475938 0.2931387549653723 0.2713194626702108 0.28906336908923375 0.2698222278244189 0.2835606340139583 0.23579467030502912 0.25155611844154574 0.28833067437478915 0.23374377047058895 0.2654246346491442 0.30465377825486145
0.334672433291436 0.3235737102380603 0.3050381323521757 0.2802617497061515 0.27439988286902794 0.2772757576274997 0.22904845406682062 0.24948922653467193 0.29533978316006926 0.2722235507056989 0.2527773245291909 0.19367415567993151 0.21339800681936635 0.1761111804294591 0.22021967931523906 0.23800315883541892 0.3057154856021302 0.3143276647271502 0.3104808182411899 0.33368389136604765 0.3732412531237153 0.3434542171987858 0.3301518386319564 0.35682795212014 0.32963604997188617 0.3640526510466367 0.3709330947559884 0.345619537203986 0.35716096720376767 0.2977974512956557 0.30775850204139726 0.28892204260572557 0.27385667932771496 0.3144304050991103 0.33948370780620446 0.32944976405276744 0.29453066871397227 0.3095516468047143 0.28363858664437935 0.31070483203281735 0.28071875196908497 0.2640921740826763 0.28303657646439206
0.3644023153663313 0.32679975823860485 0.37600389652844785 0.31910310471308556 0.2867151239688396 0.29655345931904104 0.28593457248852827 0.2546121442606832 0.30451943869285547 0.2810724546297794 0.1956228612003273 0.22241108883543864 0.15828805206515364 0.23095239437313256 0.238502160242475 0.2563185195855832 0.3276247430126046 0.33131937114946236 0.35414752974978286 0.3277231303676821 0.38356964009700073 0.34112088046975114 0.293321206986536 0.2997827913419587 0.2818508481643194 0.28940886477620587 0.33010071576600214 0.33418045514683115 0.35310304036202406 0.2831137573173532 0.279137551352196 0.29024340533614634 0.25990744267746085 0.29149385400833633 0.35024269814923065 0.3365611045809209 0.313171533570611 0.30862025194560067 0.32259717203103483 0.3180045232721249 0.30336091578034885 0.32367713450107166 0.3383877191372934
0.3766719899755014 0.35015990335128283 0.33612139076958597 0.3367208363261002 0.29855445484816917 0.2904067828243028 0.26668636811946633 0.27130265265107534 0.293370459955292 0.2907221314557239 0.21147299328420313 0.23200660718775343 0.17585701184014363 0.22561133711107662 0.25220936409451117 0.27008079392112205 0.26105504154505144 0.30797710678637497 0.299776725322963 0.3480079235758284 0.3019229662846216 0.2949051115961777 0.28278499861097034 0.31969070234697683 0.322340286538061 0.2833055736959874 0.27052814562695593 0.30652079848281927 0.31742227942203516 0.30620718274012576 0.2933999978565743 0.2976836272603717 0.31198536810121563 0.3243963952669669 0.34123902464265227 0.3299047444702471 0.31820120840548843 0.2877006849031925 0.3175773248705843 0.3147559286527395 0.36261369678357397 0.35979471623375203 0.33917295263248803
0.34139962280464264 0.34733352785428806 0.2819699257432115 0.33643814275417294 0.2902938588893938 0.31734289246019065 0.2695486936604115 0.2914052666188379 0.3025998318485199 0.24865360014852503 0.23847129288711855 0.23102065517907708 0.21967410905528645 0.22504531388784696 0.22981974287987542 0.23208979600568969 0.26552238676943213 0.26696136090588024 0.2829232175909097 0.3205199478125361 0.302836315228333 0.2755519888230775 0.3022886344856666 0.29693317930293367 0.3001428200281647 0.30345824731643717 0.26981487599970844 0.30590405739355986 0.2977124661051185 0.3023435828827095 0.30653726548738286 0.3385981493495149 0.343917694089568 0.36176230638409823 0.33094540976549996 0.3058716453070516 0.32795898452103084 0.32475454798546605 0.31169882408024285 0.3117447135191302 0.33782364625712624 0.3571853276750334 0.357799772765134
0.323439847599218 0.3192824044133767 0.2949791277192444 0.32581569760232 0.27396821328962695 0.3015972143921197 0.28943823448934647 0.3108656644219066 0.29027633582099827 0.2783386858354677 0.22162809035351863 0.2392494110011719 0.19125220130040563 0.17691734280911542 0.18827542470044403 0.2626507686493056 0.3120168898275111 0.3280812063970982 0.3218659165897291 0.3440101473754505 0.3495813537680425 0.3149888495848315 0.28176042254124195 0.2699075478887396 0.3016249979132764 0.25278426622480543 0.2796952779818144 0.2889475347119866 0.27969731412149473 0.3063744243852105 0.3090353095708986 0.27377947442203976 0.2910338590660504 0.3240977880479877 0.3300212460291596 0.3115674498136346 0.3033842825414239 0.3236907169433476 0.31247640953552414 0.3139386966349591 0.36929924128151 0.3764959819306167 0.35618200205599404
0.39443279752125804 0.3273476833814259 0.33415772477403183 0.3222037908539649 0.28885063644829373 0.27828024200884877 0.3141544014511598 0.3218083132038505 0.31448943088829173 0.295914265244727 0.2136406741009686 0.19574558767778877 0.1694016556737157 0.19658815241315175 0.17658189348873152 0.2085604646242309 0.2847353736351946 0.3334014460281216 0.35041392871094246 0.3608642013014321 0.3239606993719682 0.3006774363758878 0.3197613362235301 0.2620621299395578 0.2638092676824775 0.24893202447239102 0.2889831499555254 0.2825497509122903 0.285550846304846 0.2863031273593882 0.22793569252748638 0.29976932944958196 0.3125721755859172 0.3048245574144139 0.30523359941419087 0.34586660531752317 0.3650066990582918 0.3360651730830564 0.35776228734999826 0.3823015114389935 0.32963373204902724 0.33868556804223715 0.3645244359280013
