Raster_benchmarking/DGGS/continuous/raster-66.asc
NCOLS 100
NROWS 100
XLLCORNER 1743154.2276393387
YLLCORNER 5469282.644909481
CELLSIZE 10
NODATA_VALUE -9999
[rows 38 to 56 of 100, columns 0 to 42 of 100]
0.442607990155098 0.4240432063307082 0.45081191370848755 0.4858093180458538 0.503480036274308 0.4770962998682863 0.49202063912682265 0.515563779855979 0.4939188396227145 0.5227741773039053 0.49491460305240936 0.4872931294256359 0.48757317527786675 0.499110904750712 0.5201099329913279 0.5263437399766498 0.510260746508919 0.522763441934787 0.4911295094073395 0.48852673806684405 0.5313040208474872 0.5555130458867246 0.6079207524881135 0.6312314696781173 0.6444256362357076 0.6621587321878464 0.6455562686680055 0.6407332654876712 0.6440260901250446 0.6381957758325462 0.6790227184626693 0.7410659619649146 0.727852069566901 0.7077340603553062 0.6931584682914541 0.7305402802298806 0.7631840119064419 0.8214210476610778 0.8298718782374414 0.8518877523349406 0.828263225339555 0.800602410059212 0.7815889082494414
0.43014070900802814 0.4602699346003378 0.4692792724298072 0.4984505313319577 0.5044604080603429 0.5229960167066235 0.5214896718203728 0.4926655599320976 0.4993578635685997 0.5283959656935909 0.48277192313913475 0.4890028367251297 0.4556341489367203 0.48349085579930123 0.5239470228357609 0.5275369488940244 0.4949672049212022 0.5170116798213534 0.4967256534522708 0.4787009438140928 0.5072481618994136 0.5499006208705693 0.6123899022428835 0.6113041674777485 0.6544309814567261 0.6475251947760764 0.6764312359481367 0.6447386060171614 0.6648262642304871 0.67762685327758 0.6952789203173612 0.7155432169520585 0.7289346409255281 0.7277420645567619 0.6963710068655543 0.7116783000308721 0.7764554467161269 0.7802717474816571 0.8179455088715145 0.81406472322026 0.7997924844848493 0.7732367872513265 0.7610120451791401
0.44678490172473745 0.4862394046759855 0.4931821560278444 0.5035964110578949 0.4925182245713415 0.5113120974766397 0.5180319289817337 0.5219439106903436 0.5334749160522142 0.5260109887546559 0.49055484948681555 0.4510625009761988 0.472979575172786 0.4691924348861789 0.510397194554751 0.5321170499734846 0.5104074697056374 0.4785229666415513 0.4604607848228032 0.4779245988480143 0.5228473216809671 0.571601613512716 0.6010868191365074 0.6270285901341692 0.6626826392765676 0.651056712455076 0.6366302501882125 0.6631549126083672 0.6386118381665165 0.648600774144486 0.6783942842044298 0.708903419599414 0.7171496768508707 0.7154383412693821 0.7015150348254053 0.7201582170639187 0.7668644210682105 0.7940534133029697 0.7874426500520754 0.8145296455818956 0.7709345295701169 0.7652557363943249 0.7749583719512008
0.4677844621376314 0.4709495085551678 0.5043189349504495 0.5069649660674209 0.5324104277499787 0.5337300094392945 0.5096754777423038 0.49071458750107366 0.5031776255794548 0.47281601231663617 0.4613133945311532 0.4616948556778281 0.48469571511164333 0.49518103611383624 0.5078647853835193 0.5163352016552272 0.5049381764299363 0.4907386412634436 0.4711166426298011 0.5041394048099566 0.5003554086861177 0.5425210600956452 0.6030814931970121 0.6268436718182967 0.6343629609709566 0.6223097021770682 0.6276953218237425 0.6187794245860374 0.6082560243196645 0.6483512195542472 0.6444212274416465 0.6816400627155575 0.6583370975088386 0.6844809869856567 0.7146839761655792 0.7301831070133883 0.7238088215472668 0.7526307593793679 0.7725413468302033 0.8072278966048219 0.7632086334230418 0.7337690645877945 0.738694430192965
0.4457307014575399 0.44749947937943846 0.48694429038586745 0.5092942443043343 0.5418336929458293 0.5284510972873893 0.504671226455962 0.5099502794043099 0.4934514949997049 0.48132475303674566 0.4705721608056942 0.44062037421283184 0.4880407733047175 0.5181764453244992 0.5184211347524027 0.5369277860656312 0.5160295992556312 0.5089641421900615 0.4793057959544851 0.5016863808316149 0.5298938949090459 0.5181422076898037 0.5839114054828943 0.6303933352862081 0.6421027116842069 0.6518833118606167 0.6054245400647338 0.6007632774998171 0.5869007914208434 0.6028977949271502 0.6143123692664675 0.6253624145799431 0.6494238575389926 0.6446777369728011 0.680180486216581 0.7268073801543669 0.7446383133068493 0.7397264473097904 0.7623378463569356 0.7900814308968075 0.7526831842463425 0.7492009051348658 0.7672274935887219
0.448767226404502 0.4764773613854052 0.4991096032132011 0.516161838983062 0.5284267493463173 0.49826947415411804 0.49438508553771177 0.517572029989937 0.48994930311057505 0.4821340638979643 0.4429456440787443 0.4390311569703644 0.48879523502055316 0.5296438204764483 0.5179243988844611 0.5305091482618592 0.5020841981130413 0.47662650534807277 0.5028318020508842 0.4862779694495067 0.5123063146761146 0.5442497956425806 0.5817205035620555 0.6129209654114318 0.6201524144353148 0.6224240739517641 0.5930939831973808 0.5740083093976001 0.569385699001725 0.6049490267716224 0.6305448409881085 0.6146663668776051 0.6163087687132877 0.6277176222673065 0.6964352897744035 0.7409579974685688 0.7420466659877127 0.7157263093013099 0.7474726378001467 0.7670611456113425 0.7537955135270858 0.7577445685307087 0.7531961270905845
0.47462801469514915 0.4616841656028382 0.49859618315741633 0.5200038726509059 0.48773070259824003 0.47916352043307986 0.5000026471450468 0.5017197069766413 0.497212905731707 0.4820036975167233 0.4674399341894768 0.44993350449608593 0.4779632624031587 0.5127119670437437 0.49038901665955076 0.497256941316266 0.5021517539330486 0.473035113854871 0.4962987836960707 0.46575507638399766 0.5035657265788165 0.5155827490204313 0.5687796356518037 0.5758210386271726 0.6027665572491746 0.6345033592124799 0.6067416062028761 0.5714577135978792 0.5958515617758294 0.5827382509421591 0.5880236587752102 0.6293271130900644 0.6043156648629078 0.6240521651086599 0.6742257108718103 0.7158681221180244 0.7138328915760211 0.7184875275279444 0.7235091994619318 0.7463625836104237 0.7265425949511669 0.729452026192726 0.7337877251805168
0.4721525442329151 0.47242872546095344 0.5128452381928811 0.5167484560971822 0.5107292179314532 0.49119254071681695 0.46886444979266806 0.4695589561624161 0.47928130113035095 0.4629996369967403 0.46848757144589026 0.4675927980531649 0.47338863418833715 0.47704257974904024 0.5089841624357133 0.48209242027488886 0.480325141822446 0.4921519530548036 0.47635860130731605 0.47623868783628304 0.5126182041129386 0.526127653310418 0.541772604579098 0.5520183730312985 0.6026546344628809 0.5833711794897691 0.5779385607593991 0.597056120517887 0.5812901942367573 0.5851041297710867 0.5644501583133839 0.5802686782037831 0.6147148663985734 0.618411147488215 0.6729140072578121 0.6809354257247343 0.6787893617262093 0.6745945068003978 0.7266868815514606 0.7251082314288034 0.7283732740331343 0.6948597223464712 0.712082041181196
0.5035554082785937 0.5065875673134757 0.5004107688324889 0.4940920879731681 0.4760843488283834 0.4970875677529563 0.4676261752120447 0.40803225407783944 0.4482592940448285 0.46887834059736955 0.4757664628832734 0.45889039817779065 0.4601800802007287 0.4645123865115758 0.45637390636803843 0.47265499864581345 0.4622476666754907 0.4567919041128524 0.47145096947167003 0.5164717835014707 0.5309556837937206 0.5479712283284243 0.5449145329570019 0.5569191375982022 0.55520655996142 0.582092725287726 0.5644371667863382 0.5990263711950204 0.584019463203029 0.5724405863602836 0.5728042812076033 0.5464931494393608 0.6051246855934891 0.6249013424171094 0.6374970586265623 0.6747845165528924 0.6427822654237997 0.6605558339096804 0.6871471602089388 0.7121125502930737 0.6766494948227704 0.6746487416699255 0.6948167681021423
0.5063864880531781 0.5112080461389208 0.47841870769482864 0.49165408168275965 0.4667785221074691 0.4779413218979203 0.4569109631359346 0.45378402872766116 0.4516296611172059 0.46224963343726133 0.45217055227034764 0.46263441841652964 0.4356455320232787 0.44985982829222537 0.46841422716947806 0.48120365478326416 0.463363380207353 0.48235880157572664 0.49227165890830277 0.49544226304186517 0.5056230653005972 0.5384368292875807 0.5213467539116876 0.5471135816321933 0.5278127989327208 0.547601203619054 0.5389551636554051 0.5393882865220183 0.5457271081153012 0.5420554530583183 0.5614763789703728 0.5784137661133507 0.5952436217739807 0.5807015299045656 0.6193654483522438 0.6099130378023918 0.6454454719114736 0.6711015399813376 0.6492145589067738 0.6589120725430309 0.6619726516505123 0.6437909301248158 0.6696152568024355
0.4731723238143404 0.4773703244633816 0.46000224625504416 0.45971798460820734 0.470998120994222 0.47791513217944426 0.4805621118596805 0.4574028418152499 0.41021150395243394 0.3893618227110559 0.4375634435904593 0.45341524422735446 0.4171441252934587 0.4380550647255088 0.47593335972536405 0.4963241374654034 0.49898683784943815 0.475642839722211 0.5053988633812836 0.5118256616675246 0.5119452453461962 0.5343281053957902 0.4993346931142412 0.5034716789699988 0.514704222100432 0.49166037621009856 0.5047810702957172 0.5255107589214131 0.5462215634148134 0.5485856683787337 0.5690236675274001 0.5744320946349748 0.5806094571125269 0.557245617404578 0.5481453544693765 0.575393072662636 0.6200003303003556 0.6404688797528366 0.6298622165173747 0.6059288251145106 0.6532948849685477 0.6499856204841159 0.6482284340002666
0.4969906674035048 0.4966295729983387 0.4971536306148398 0.4851887777635559 0.4544836684492298 0.460689973803705 0.45929539322149066 0.4283178650637505 0.4063620438840942 0.41958185214246313 0.42961669341739434 0.43046479827170697 0.4291530848259638 0.4146878097174912 0.45227143343143034 0.46422603919666006 0.4936243586787153 0.4788948819134279 0.47991927431749687 0.5209469125848454 0.52080435836262 0.49833150169264245 0.5060511307079478 0.47365835027833697 0.48198943636103186 0.46353944582930834 0.4845314013874083 0.4720028720047949 0.4861437115492299 0.5288342950047163 0.5452890284990072 0.5643511114461803 0.5481736196227183 0.5216456077798696 0.5175415716036861 0.5541797789009109 0.5596387193927402 0.5887717255370277 0.5780106111725415 0.5929805852785548 0.6266583723397011 0.6209263248527604 0.62786248274022
0.5000032571523801 0.48677112105184334 0.5102500591954781 0.48271472699389234 0.47273650117423427 0.4769890344768674 0.4416015667826619 0.40859497649328697 0.41563027591306956 0.4094314461597766 0.4082316464074695 0.4176816261249337 0.4109796756660517 0.4143840196030678 0.43295981799871913 0.4701724146084335 0.4623116373014418 0.44397074482861515 0.4921898275660204 0.5185165268024113 0.48782590307794743 0.5050070715165572 0.49054543655539595 0.4367224068630088 0.4591572516402142 0.45508024491114524 0.43774799099945017 0.4397231597669392 0.4668206673630281 0.5160635580478864 0.518649731120514 0.5256209380764407 0.4929563135156844 0.49754410599261634 0.49781884925568803 0.5168505718874474 0.5236062839173614 0.5470126642428706 0.556823689341679 0.5700217632585138 0.6095997422231131 0.6271740212790703 0.6327482141603904
0.48439659867908674 0.48058039896998384 0.49331450715894426 0.49611299661248637 0.4648348111987048 0.4517670860586142 0.43373851113628314 0.4071001983953918 0.40144768445153317 0.4216963643811646 0.3924701521471809 0.396483435358326 0.43089448599118496 0.4402098808424866 0.4639666345870991 0.4673832198348368 0.4459104772744568 0.4730163127424392 0.45539176034002976 0.46492050677749747 0.465861057326599 0.47911078603726803 0.46666408357663214 0.42620962193255424 0.4251144425543531 0.438927910432928 0.43395569042956444 0.44138343970166316 0.4442487200199941 0.4584218295626181 0.4735014302922747 0.5035780447788559 0.4815379508570741 0.4936345513345532 0.5322031547776251 0.5494267554568818 0.5284370970164952 0.5615476378867517 0.5787893736220372 0.5830241125318847 0.6237561623759005 0.6175811753963801 0.6128628156579291
0.4998257042553056 0.4716590012311361 0.49127546464810906 0.4774239966631594 0.4478678730743959 0.43619866273155544 0.4180866089528084 0.441908464556966 0.4143294990203177 0.4022550548092896 0.3970087628973707 0.41291191456867027 0.45843033761841806 0.46820113128870766 0.4579406630066263 0.49049772347701737 0.48098516053168827 0.45849228430389033 0.46506674399353387 0.47128026583146554 0.44105649884573117 0.4529652815536498 0.4241927962366682 0.436038402237999 0.44540334659738784 0.4186695069665751 0.40810995919908105 0.39738477431665914 0.40862500687284525 0.42823178149702296 0.459611385852075 0.4559339028309982 0.5004603998877085 0.5187419143096671 0.5326595820864947 0.5553618504775789 0.5327145405368193 0.5527323456121181 0.5598302594271863 0.6062373428069078 0.6033211011471749 0.605078781455505 0.5757896490928701
0.489028917541695 0.4739882218075899 0.4583941312714286 0.4672732896132653 0.46273617095614294 0.45589534047544494 0.43464671031090796 0.4576144983410317 0.44460263278076567 0.4378709427509945 0.4346883362692105 0.4394712178496149 0.45318879133579393 0.4675078171791641 0.4862809374682041 0.5076472629939515 0.48202589028262904 0.46157445085445514 0.46795354520972987 0.44448278191482793 0.4407787325795697 0.4118326711098244 0.4268222094784925 0.43828498994415954 0.4277789920977742 0.43810919127576975 0.4151167242545142 0.4133363115038131 0.4321902676017023 0.42529333193263474 0.4650190182022024 0.45698486078677647 0.4864713626097973 0.5331522396341495 0.5415126365088693 0.5565082448484779 0.5395444019853414 0.5507178075303215 0.5478566395407758 0.579595839450771 0.6096305061884575 0.5809335860463698 0.5686412637507278
0.47249957541522747 0.4772680780791581 0.4710834201118252 0.47859306883298164 0.43215000751582955 0.41613958179297456 0.4276127269107299 0.43683830804697676 0.41392955972089085 0.4309885825801251 0.4512592526007651 0.44881155858476746 0.446442517174984 0.4460011058398115 0.5043383619133391 0.5265376925694691 0.5104249531379871 0.47236548221242364 0.45871629576615464 0.41605929909641926 0.42126756085129224 0.414783176772266 0.419706148004661 0.43344037795810286 0.4185825465954432 0.44547141157784215 0.40489064834259963 0.38687586174618394 0.4383348776134553 0.4512913809223409 0.4736964826802079 0.4467390786265602 0.48084912831082505 0.5131002554968158 0.5226153326085529 0.5538974268549101 0.5338160034355051 0.5213833887850143 0.5642616607893735 0.5870934267965129 0.5674251271208487 0.557479335194701 0.5727482514907929
0.4671928492124864 0.47019038362199933 0.4556943368708314 0.466467506995348 0.44683763926873593 0.4416398195422059 0.40814726183991257 0.4015606155867218 0.41375478021870143 0.4204367560175342 0.43501745955432264 0.45715297568942065 0.44809543810073665 0.47946646829971845 0.48754104568435014 0.5145657105656115 0.47624640874482715 0.4817922934860626 0.4263680187228096 0.4156956919547203 0.42012993000936943 0.45182065059896914 0.43672604825202826 0.46564956250267503 0.45440340017430075 0.42566856351603843 0.4378469412791874 0.4323638690345779 0.4193882135712118 0.462859830548841 0.45573275681954295 0.4620785690198493 0.4857252714311279 0.47675655451214505 0.4946743311717556 0.5068013564361084 0.5188287200022297 0.5118228570059838 0.5250077068195242 0.5437502832574584 0.53922699799381 0.5530747778978791 0.5681300971368363
0.475805685632427 0.4731622353191511 0.4265898531519247 0.4064970585726081 0.4069678333511735 0.4088801437308145 0.42333238831935527 0.3983494017544983 0.4178621252762953 0.4181961327338577 0.44208376122860665 0.44130198310795715 0.44597399799735954 0.4879009222468185 0.4962321228417399 0.5152462753040062 0.4805482285951721 0.4675302228945642 0.4278762087819121 0.4340545016029986 0.45429559098685524 0.4663556494363789 0.4386098694077998 0.4495799615532309 0.4525640645910429 0.41649500861811245 0.4220289081275145 0.42400954065217006 0.4268888111583991 0.4488519157743969 0.4578167786206762 0.4327915980753464 0.4460002191378631 0.4754131404782677 0.4929448174763697 0.4641026067542651 0.49239870548569836 0.5330314108305656 0.5289937495434681 0.5462472403685883 0.5140973836226942 0.5298444857792 0.5397858723701927
