Raster_benchmarking/DGGS/continuous/raster-315.asc
NCOLS 100
NROWS 100
XLLCORNER 1743165.1871124404
YLLCORNER 5469296.682689321
CELLSIZE 10
NODATA_VALUE -9999
[rows 76 to 94 of 100, columns 0 to 42 of 100]
0.5901140975445505 0.5633708842851421 0.5866730456014653 0.5566269611256593 0.5367964576846994 0.5712692775573988 0.5297330197755351 0.5567431701455059 0.5923333477031749 0.6149331874572878 0.6376184404287697 0.733973086867271 0.7980014464724986 0.7872481342043495 0.7904992426942206 0.8323093906795413 0.8578848370858554 0.8662403955772735 0.8670383173354926 0.8864525226885733 0.936929358392823 0.921330618387366 0.8755028489509462 0.8982904077000701 0.8809582941727084 0.9059385635763012 0.8654205595568616 0.9067193753752798 0.8845679216705289 0.8603423509542091 0.8462401968606956 0.8488635071259036 0.8173190644406224 0.7924500279354219 0.6954839163476204 0.6784254186264995 0.5992324901913131 0.5779817513535694 0.566519470069834 0.6203682694148012 0.6155112488948649 0.6006066342586934 0.5439187066620461
0.5260302183105201 0.4938566817476482 0.5321379145037075 0.5665899904857962 0.5907127800202069 0.5358232468438335 0.550447677888737 0.5719475344188816 0.5659593250317014 0.6398751081383528 0.6859775027694884 0.7668353671217791 0.8205502470669013 0.7984521769227503 0.8391225424528219 0.8412604741789281 0.8919650472820688 0.9016318883184925 0.8769753581016064 0.913341564637881 0.9094424631312359 0.894055340386496 0.9085830740297012 0.8903368079559826 0.8691853830633797 0.8851317954244947 0.925590946508857 0.8728564258033615 0.87102546043461 0.8875447797819701 0.8614704123450835 0.8840128043606874 0.8270674556960337 0.76112400341114 0.7568330084127446 0.6836041134782211 0.6193579102015312 0.6209595945295692 0.5848605315786758 0.6223545802239552 0.6413742337661661 0.599296409989563 0.5529156973474785
0.49043378755363504 0.4900297593524439 0.5347235438330296 0.5588119389831135 0.5505265992494079 0.5355910539079292 0.5645271466245607 0.6236432345040354 0.6094674928950109 0.6837659097319813 0.6890184539703371 0.7855255121197623 0.7983191724977808 0.8575333026605882 0.8976476651942862 0.8618666407260531 0.8913332058290226 0.9040698097819194 0.8811440941025837 0.9099141273625271 0.9424977297039606 0.9385120749186647 0.9201280518140277 0.8382795709416511 0.8522331616480521 0.8570288053141246 0.9207319805306357 0.9118744290832922 0.8635119442096576 0.8972113616706714 0.8467255902450358 0.8663590873712717 0.8272093230745275 0.7912132921495507 0.7603275105576334 0.6616993384383174 0.6656562803796111 0.607688960211241 0.5801746219043673 0.6249250811503014 0.6035017103243993 0.6247339245356636 0.5698549268901365
0.469867733093834 0.47302250514336713 0.5095111938032371 0.504501925130316 0.5015822975982193 0.5220368594892489 0.5788796144253717 0.6520364093697741 0.669966092963378 0.6837478768066599 0.7301187344217805 0.8107471676554906 0.8395216105167145 0.9043686945277043 0.9039014880217505 0.9106442898863936 0.9187871653805422 0.9096137834116705 0.9139145657427058 0.8999807386996419 0.9543386582359109 0.9142001382280321 0.8808359760204437 0.8464793064216298 0.8340593419606592 0.868737583591421 0.8609448486849841 0.8797193503372555 0.908399482333242 0.9150301703652235 0.8778830795672323 0.8520807119989642 0.7901043882374366 0.7899398825989038 0.7322446394999387 0.6651669588732207 0.6766077759700971 0.5943988586861537 0.5896636703226923 0.5737529163696747 0.5716920494957357 0.6481588222126368 0.6107895280887848
0.4817379180243659 0.48947422954258324 0.49463557475697706 0.5277398295002935 0.5577964263227729 0.5544948158235353 0.6063948782246352 0.636579160274596 0.6412600385649752 0.7145327686837051 0.7496865735163727 0.8073653190590921 0.8027114041359927 0.8838333432600682 0.9141848308561905 0.9041010776968504 0.931901464064255 0.934752769951996 0.9377509729105107 0.9207460160854464 0.9135194373299631 0.9250966187287815 0.8924462997574003 0.8814269031340407 0.87935755332581 0.8740059102965421 0.8748554939355024 0.9261985840510775 0.9343399412918453 0.9397390899967981 0.9029137574046396 0.8551233211742433 0.8343889376027575 0.7874204357672895 0.7632223285605496 0.6924162773831821 0.6681899389659491 0.603508181653385 0.6274088892378981 0.597377507875464 0.6099571556584824 0.6465091176327395 0.6242205207322737
0.5404243567652962 0.5258927561616896 0.4877528758583216 0.48546595497190476 0.5125169309120988 0.5514183759645379 0.6416605169420745 0.67258050215984 0.6301826009275613 0.7107303634593074 0.7513493320183243 0.7731848687970153 0.8164219072942187 0.8728640529071828 0.9120376630362952 0.9482617104344153 0.9559987414604211 0.924159855172645 0.9096799372403183 0.9299198124114675 0.8872469974861293 0.8737142044233589 0.8730024790705151 0.8941724077792589 0.8604177092813363 0.8776887365058623 0.9242308276450313 0.8958371144180716 0.9170555148136009 0.9056355907304248 0.9205121586644324 0.8523095985996033 0.8112571139800602 0.7475032482098328 0.7066423091291529 0.6665924792097708 0.6033748187771019 0.601251081847371 0.6104819963597055 0.624335687588724 0.6740577133199339 0.641417042292792 0.6417202944420396
0.49475676270465097 0.5311495032768985 0.5460117188219217 0.552692764794884 0.576332335026538 0.6083125918559529 0.6384089594528136 0.6647917396653151 0.6842376696014043 0.6707124433224835 0.708677151722004 0.7635890486508531 0.8204119566087972 0.8338376393175796 0.8769348300957422 0.9452635718244575 0.9922070149211701 0.9491287273854438 0.929908428492059 0.9094281853228753 0.8905059251604104 0.9011345797401857 0.9069263759763935 0.8505638287865673 0.9117406861013356 0.923106424216529 0.9156408301346152 0.9347584133245699 0.8992084687335679 0.8922691350190634 0.9172150956867151 0.8678401860545688 0.8345408890203891 0.773530733061357 0.6963276915912293 0.6546711253391707 0.6321459074226828 0.5894493308419374 0.5960973023144073 0.6621414985461676 0.6271888357228446 0.6522632103871138 0.6340288992269668
0.4860732493507011 0.5453038692112333 0.5011422617101423 0.5823693745705695 0.6514419106120838 0.6249465426065843 0.6200332648129272 0.6278006794240455 0.6533246529716198 0.6939243047451554 0.681356216803334 0.7277462130702765 0.7420185102083673 0.8327923290123115 0.8720139948918509 0.9061089190819333 1.0 0.9540912604192388 0.9856761563516311 0.9409867709059165 0.932302908401634 0.9085647095905208 0.8827639090402363 0.8711268006891641 0.9027123957746246 0.8813536586899322 0.903034892013277 0.9433885487597718 0.9161729354468529 0.8953469774792344 0.8853736615897928 0.8545227161558056 0.8673928951753165 0.798975709264094 0.6737945795887713 0.6548035121457241 0.6169218278537233 0.6197331534769231 0.6328929764922318 0.6495600835469363 0.6452783908760026 0.6412525243098077 0.641573410121525
0.501963522616071 0.5300891526819559 0.5281344261621722 0.5892023034504995 0.6325824652728581 0.6280566806951217 0.660671742932263 0.6782295430405143 0.6746199076358894 0.7264878029616965 0.7291089648685151 0.7534287568243628 0.7965517016209703 0.8659800084706621 0.8717945747592453 0.93987477977972 0.9357031911942723 0.9752054137352376 0.9704839337650067 0.9231275892277075 0.9075608030305182 0.878165649330438 0.9141793686311457 0.8709420951875629 0.8703495423133757 0.8886464787829463 0.9218088817742166 0.9415829787306246 0.9105148099636368 0.9132583286424254 0.8619418767985679 0.7827246581184223 0.7660130732923611 0.7499326105750874 0.6942878445868716 0.6528943689629222 0.6336886320936331 0.6041294387596118 0.6617507049713848 0.6620094419986241 0.6769143867759047 0.6644744107271958 0.6492926615008437
0.4827261165788901 0.5640298432633362 0.6068246209726162 0.6135998835885319 0.633148769232253 0.6753239614515003 0.723297767030173 0.7396482566443614 0.7564058184314062 0.7389780147293666 0.7073770641968502 0.7904347811728175 0.8251323910841436 0.8933757900633325 0.9062531469332652 0.8837123772648549 0.9313054234883499 0.9537045136413619 0.9502276453548797 0.9212301731978655 0.9000399357636284 0.8832410721374309 0.934668338392517 0.8819480102380077 0.849268472279463 0.8704730378169026 0.920686714752656 0.9142170220479403 0.9314469283619669 0.8348714082441724 0.8060763880003684 0.7286051291467092 0.7064670754934176 0.6880627044075096 0.6378894124055918 0.590474873188708 0.571895059215851 0.5895292041219223 0.6187418024442299 0.6719260222247887 0.6608821261774341 0.669208460347837 0.6397348887724579
0.4746015573945529 0.5168929101486329 0.5399002733132384 0.5800829172598703 0.6170851065755514 0.6847246533865547 0.7098386537654333 0.7557658621382911 0.7621991329521288 0.7760614660903363 0.7362299180662625 0.7814796933150188 0.8412522662111501 0.859153356165711 0.918052471521253 0.8735944187743664 0.8738075167644775 0.8891967434459117 0.9053350451171371 0.910003891017909 0.9104120536273881 0.8874265972727289 0.8652728208730092 0.8565906910742491 0.8344342800246554 0.867865342122057 0.8503122446860687 0.9152114436482593 0.8842710730739681 0.8169345222990065 0.7593385662022407 0.7007312783470662 0.6566669890874474 0.6461865375464909 0.6050256422328336 0.6162102478612378 0.630061069517822 0.6189198327367484 0.5950644328957146 0.6246629711333168 0.6688915630655223 0.680418523633638 0.6581599285340344
0.45663037947223417 0.4905131251826419 0.5206397892044302 0.609502831881323 0.6594699249444357 0.7225251143960634 0.688117519944263 0.7689395166279421 0.7767428171131538 0.7648541326870234 0.7860439835256706 0.802409203870617 0.8661566214637806 0.8560741278190788 0.9035119782809893 0.9283489865106552 0.8888622550530867 0.918431398379314 0.9191719162133771 0.8559396061710807 0.8494201294594432 0.8918138358098903 0.9001615497696452 0.8374582732889491 0.8318619219064383 0.8288043770632881 0.8147504683454443 0.8515418588509125 0.8537370597897687 0.840751058788128 0.7565156742113485 0.7185305615032809 0.6543991906986388 0.6890074385538428 0.6596250062021545 0.6017695616258255 0.5996469060204136 0.6167524051864685 0.6026758564175153 0.6312740424832538 0.6750065818449021 0.6723250419769041 0.6179705281742875
0.48942550832319104 0.49145103049433636 0.5614708165287043 0.6127862271357281 0.6780955949509729 0.7264949221799614 0.7113239636367785 0.7631225702242961 0.8210511808096037 0.7996057686165735 0.829549995425541 0.8462184741232975 0.8667374901596869 0.8884527893075577 0.8822038513933997 0.9194626480293288 0.9311047428929421 0.891384994586721 0.879510260163501 0.8645282402379605 0.840346077873964 0.8315646883403711 0.8098636601538574 0.8202603271053089 0.7979812307004885 0.7898517903779855 0.7648787066330106 0.7630677071831609 0.7799368954927978 0.7956745595971253 0.7609187724148072 0.7149955928751971 0.6718174873598499 0.6869286222799653 0.6718642500851082 0.6128260527880489 0.6203811705620809 0.5964985129745017 0.6408691809780931 0.6338008944553817 0.6022051332218237 0.6318171812342804 0.6473770951426745
0.4995218982958987 0.5107227238501665 0.555460296434345 0.6025871679585636 0.6620380173169492 0.7488026230928723 0.8007321868026089 0.8297531078600319 0.8647886994854636 0.8735738924907234 0.8859325094494583 0.8864212029899997 0.8797963382618545 0.9091712695614328 0.9083959329852261 0.9184764718904075 0.895742601437984 0.8939802846462118 0.8861059840632138 0.8410330268441094 0.7794933324401961 0.8232946285104477 0.7895824378377123 0.8188936638201773 0.7954162826361341 0.7398651629959785 0.7379883206690614 0.7185135705581575 0.7570330695555842 0.778580512694511 0.7622094379002845 0.7053290822924496 0.6782411141923697 0.6562918724224821 0.6630854332311391 0.6272501506080387 0.6631115755780241 0.6105878745517649 0.6448697857347092 0.6415648789377529 0.5798989192672392 0.5873781874158625 0.6457780347441839
0.5243972781831676 0.5332221552974129 0.5927135889336684 0.6294782219086221 0.681433357186546 0.7654917481035203 0.8106761343469358 0.8289885321917654 0.8845756247911191 0.85276428968044 0.8641477145035249 0.866588166940939 0.8786492168190319 0.9134035004671913 0.8816803512284609 0.888307716506929 0.9122784447609206 0.9353584025353712 0.8590669577367274 0.8183765193580884 0.7968344127166329 0.7845726377944064 0.8101641214919723 0.7906727869468603 0.7684038914037687 0.6974709651474802 0.6717151507389334 0.7331730254161091 0.7439272443616362 0.7108543485801719 0.740914758308723 0.699723386845411 0.6495793014886909 0.6316918457942189 0.6040352823015266 0.6285017244729838 0.6547336747648926 0.6159917625644816 0.610496783677593 0.6381164948188847 0.6165220772907749 0.5946034925256591 0.6330361247067284
0.5276161688512555 0.5790161065153463 0.6534548199011219 0.699371500106012 0.6954793332757893 0.7890776517714987 0.8329702829361598 0.8562357240458297 0.8684702396456777 0.8925144102529537 0.869810697023749 0.8810279768265937 0.899886270894913 0.8663891062632251 0.88341991088244 0.9014158228599393 0.99319792362275 0.9577612162355095 0.8828893005097793 0.8576612856559988 0.788908357694435 0.7541387889052721 0.7750289980560465 0.7743686561030124 0.6823489567841119 0.639228009218429 0.6485062649693011 0.6599869489060292 0.6773540721767088 0.66375158278546 0.7262878140882983 0.7031307304871881 0.6565932461843759 0.6033210438390718 0.6175523230786355 0.5857912408131082 0.6146126818606668 0.6254228382391944 0.6209167314054725 0.6204985537344991 0.5860118750286599 0.6233412574861201 0.7057615600908302
0.6272694104631561 0.6271793602849086 0.7088201963612263 0.7156472307526318 0.744660462329297 0.784697611126399 0.8194828384738955 0.8358202025866663 0.806267163122504 0.8389530082739489 0.8461085243889669 0.8733909770269978 0.8993504341569145 0.8883559968185026 0.8776942907539326 0.9417765940781411 0.9455429406410134 0.929657674589058 0.8626267746120903 0.8429904894678092 0.8154263792837542 0.7324242631931152 0.7293537265118017 0.7148272512890195 0.6517210092530288 0.6306480008833877 0.6436173463027629 0.6133084136095913 0.6025765058116218 0.6318901425730418 0.6331706542674587 0.6827224937525043 0.6247888230936979 0.6177462112946678 0.6483172496892473 0.6167746004481142 0.6317986258817914 0.6648780231223617 0.6102505898004191 0.6053765263950478 0.6240950545670855 0.651823886229784 0.6662885585753276
0.6770705757683236 0.6991361588513942 0.7397220707231901 0.7837926993071399 0.7759477363326426 0.7893636956903937 0.7736183659385379 0.7880448853120228 0.8071936171807026 0.8640322538663546 0.8950753398542666 0.8872480925378062 0.8518836883935884 0.8674354497041156 0.9321670511509577 0.8893299105212148 0.9355128903630463 0.8694714740786909 0.8656284471498507 0.8337733552461523 0.7657473238085074 0.7123816187667671 0.7030181208614407 0.6976307783481682 0.6224589325825033 0.6647433410749695 0.6281461118843868 0.6232475981264838 0.5965394402132457 0.5941109141790926 0.63176493367146 0.6384199061397812 0.6690072694041852 0.6542402724579451 0.6610831621286493 0.630101724420363 0.690427106859112 0.6814634194154058 0.6234321506345291 0.6340255087746396 0.67348021027637 0.7375791815370623 0.7340259495572088
0.6963445704148473 0.7146059738965697 0.7568026103990514 0.7960599286601493 0.7795927831525974 0.7832450378867424 0.7716765096488062 0.7633743640556668 0.802788420224142 0.8065736236502823 0.8210529977623799 0.8655904500601334 0.8809771658220155 0.9137861984180256 0.8675661725776906 0.8513371003258947 0.8690346337281414 0.8054968113008675 0.8228153584941732 0.8078102506187947 0.7946503752447066 0.7492122745560222 0.6865995536221906 0.6381775966896437 0.6337606182241006 0.6396612418050601 0.6477401101547563 0.6234099118322907 0.633577314175265 0.6545538411651532 0.6208160372241133 0.6332247613584969 0.6824201848742941 0.6470622790958804 0.6276349261104962 0.6567348296148638 0.6969996285833445 0.644143814173879 0.6711517270069297 0.68360961450303 0.739407480899765 0.7699587010372069 0.7419058964283857
