Raster_benchmarking/DGGS/continuous/raster-54.asc
NCOLS 100
NROWS 100
XLLCORNER 1743161.0632630745
YLLCORNER 5469285.544066044
CELLSIZE 10
NODATA_VALUE -9999
[rows 76 to 94 of 100, columns 0 to 41 of 100]
0.17677138464968173 0.19442894249998136 0.19927367770410914 0.17646281251781118 0.20146984522236763 0.20346639851765244 0.21034889583954622 0.18603502167943892 0.18952252957647583 0.19230485765267105 0.1818385829580139 0.22107169110054173 0.24036036832639185 0.25064687987897194 0.23019336767155896 0.259438881705252 0.2864772916084274 0.29265715966911904 0.33154926798155615 0.3327653633231509 0.32530577097276264 0.2623326550236214 0.2722520484434085 0.26816337444975225 0.28180807788913487 0.2724676433787791 0.24789801428757158 0.1763295510297628 0.14501444681661435 0.16324539309570943 0.19674412880207864 0.23302745199384456 0.2752294909095472 0.2737742973620793 0.26790443232366906 0.314543237982841 0.3212633181528048 0.3251934644090446 0.34484665055876124 0.3725454795149228 0.37525537113755103 0.3509317297002559
0.21544761038421417 0.2138796408130182 0.19880100383854574 0.1652675390142552 0.14882023133014768 0.18031186330408142 0.17564391526607348 0.14708304723175725 0.15520097805772476 0.1461938234732155 0.17807066395128168 0.2122609222384946 0.2326163094000807 0.23513483631939103 0.2330651096916634 0.2707192032535661 0.3142506655943596 0.276374223146868 0.28216658330481065 0.2924690309896077 0.3071459065396906 0.26134455259338263 0.2327248650746632 0.2716210221999154 0.2762978230207985 0.25682431183541143 0.25076545259847044 0.18575777440066327 0.16609646519332927 0.18018581870537403 0.2179800960939418 0.25013944515068487 0.2955028586125828 0.2924245691082226 0.3007647463049797 0.3266193326110145 0.3347421095357652 0.36794138103560614 0.38186347599982035 0.4112084554566323 0.4157903618388012 0.3777499000327535
0.21021140646789138 0.21868951202173703 0.18973047374617594 0.16707368720152513 0.1500342910498341 0.14833914193766046 0.16689769385229142 0.15775712584244928 0.16784427957802325 0.14807921292423987 0.16572043439178036 0.2276305874510327 0.25528135361146437 0.27351036052907396 0.2551058898587026 0.2976831442429686 0.28068979388617477 0.2829025833436674 0.28448364872609483 0.283090609428823 0.265575116226815 0.2714821499404729 0.24384562390511214 0.22345146106004188 0.2194039752173192 0.2363579192289701 0.24623047057294628 0.20690238450105067 0.1785603285813931 0.1782530911620537 0.2349492414087334 0.24159808162413124 0.28269078510518986 0.3031520435941638 0.31562998723192404 0.3668750416239361 0.4049962650813738 0.40272643277839504 0.40480839913305616 0.3873641044775121 0.3914500880518452 0.3856010677024824
0.20473674925049484 0.20051559205607153 0.17849605037483063 0.13980435601627758 0.10678115801140459 0.1416644554118157 0.166019163405092 0.12881780072012944 0.13076141536540384 0.1739760361820854 0.17648934861840143 0.23589728336361518 0.261045664979241 0.2709716320783258 0.2754549008079816 0.2962648271932168 0.32026184564197285 0.27909156505198934 0.27384520574215865 0.2718869250642189 0.23341117824276425 0.2558110712052597 0.23239174972959428 0.23538853984544564 0.21726030535236618 0.22823616588522588 0.2154640420501224 0.21758158472816566 0.18472069935951724 0.21744709423774936 0.23528934668948015 0.25982009945675344 0.30111647902369015 0.32831578821744856 0.3295012791336255 0.36362759922839705 0.4207117950302723 0.38971320781995133 0.37856154054695745 0.3852950715787487 0.43909657139937364 0.4107862784249549
0.1904608635694083 0.1546724664700739 0.15621101441036586 0.15637266462210753 0.11814106137573899 0.1483693779499902 0.14379262449762706 0.14636376941448598 0.1682889762903075 0.16359087646355397 0.2009213652733876 0.23364570418863978 0.24035736715836434 0.27624403719301077 0.25159979349974315 0.2709366882150511 0.29853409316822627 0.27738753645011766 0.2733956031399809 0.25314291224122754 0.24949971791493528 0.2377011012142161 0.2150408471362632 0.22210489729061098 0.23467740802004286 0.2323749306782456 0.23325812308802157 0.2389724704163998 0.21416277443147452 0.24872202706099136 0.2794922095259762 0.3087748982369548 0.30278477136399956 0.3190154011201924 0.3685551961167366 0.3919134006252785 0.39259157013420914 0.38626105315645193 0.37313854543339947 0.3960593522551921 0.42756196198115415 0.43374353720966147
0.14867220054420927 0.11582994754870259 0.12350508553900012 0.12400891945451469 0.12171963574460233 0.12809118220466756 0.16086997658620322 0.1727799165011459 0.20992588654450603 0.21066491840264193 0.220915038684568 0.24493850213792862 0.26457829851422854 0.2791447317974415 0.2792561572955958 0.28728313204434314 0.27274902827118264 0.30539309886472715 0.28604449276061134 0.2513077587190659 0.2864029491970281 0.24120828365100205 0.22852766505103994 0.26074531296065334 0.2681879092760135 0.24773631422071973 0.2628257669155531 0.2732331199441466 0.26501899288065345 0.2749359748284266 0.28283035467859063 0.32168593435999737 0.3253309866256297 0.352323535068867 0.35542155604650044 0.3639896895453084 0.3874891822644376 0.3816530370051379 0.4145305645397014 0.4306844592249725 0.4195454600588268 0.4442019962090947
0.168285668225525 0.13063564473889216 0.14941760289691486 0.1513493440872167 0.12920543228136838 0.16777269448293658 0.17244668445060307 0.20267307697252782 0.23174928032447545 0.24360745463624936 0.2675139824439169 0.2828716475001644 0.26667975697188406 0.27756934644103193 0.2918977331618556 0.2791170696014804 0.3039700346578206 0.2927208639968945 0.27934113422417967 0.2710895272774473 0.2558578404362418 0.28256548094062717 0.2939603815347528 0.2827463145811711 0.24496926714837386 0.2687375691176402 0.2672120598016657 0.3014262932246119 0.3109421025882692 0.32434360709364757 0.3452724675001526 0.36173772130708437 0.3605332385694068 0.39633253105313276 0.37415696624409595 0.4045099325441863 0.40009951551145545 0.4013342024810743 0.4259132116272261 0.42169478050612647 0.44121474288281276 0.4529559210018319
0.14375641125359098 0.16427862223338324 0.17703306068844787 0.14646162930634157 0.1279324503188205 0.17579853137662926 0.19562908619295583 0.18622693428536866 0.1837604348200458 0.24250109048373855 0.2779872273160535 0.30215812078835247 0.328082614691676 0.29858803358520786 0.3223793384930884 0.3169972288608368 0.3323222970004932 0.29591714336353037 0.28655788415620903 0.2692096028744025 0.24296498554876303 0.2567016545864627 0.2903142201344693 0.2816659325451879 0.25491060305359764 0.2541282401450615 0.2765037934620984 0.32280048467917805 0.30591789647392564 0.32360911983075213 0.35355537381518276 0.35751219622702535 0.426720284134959 0.4196311864049766 0.39107811928711106 0.3889970790552827 0.4329166835955115 0.4353471555752628 0.38487250767164366 0.4198839726814244 0.4094420340241413 0.46077266298408304
0.17232394604373796 0.15644061435643714 0.1814271829012923 0.13704232279656448 0.14655390699398568 0.17960768676175567 0.22972717925313793 0.2260006850466961 0.2617410419534639 0.2655146187056024 0.26380690479739916 0.2909593378179792 0.2999768423668956 0.3027473899073534 0.34461033811547254 0.34236760971321967 0.3374690616270334 0.2860880055821904 0.2943478262239303 0.29515061997504494 0.2901620623402611 0.2829981484511064 0.3072596419292662 0.2989911581307011 0.295297730351991 0.26602239699395014 0.29028330278871023 0.31770787659316785 0.3275877815794623 0.3634617083490142 0.3610258492658396 0.36202308487865165 0.39867408646005303 0.3727617838863618 0.40487705675741653 0.4100115390816314 0.43987568846831604 0.44442385821630453 0.4000588463757388 0.42866628208472124 0.44302339958423215 0.43506974402515614
0.1515200665971996 0.17011364614010244 0.16360478823671734 0.13594787056529015 0.15045170598858754 0.21735043148378383 0.2311520511902856 0.23117211322493497 0.2811225017897747 0.2844793364146241 0.3006859518124461 0.3070148719631839 0.3117928398330492 0.3301128361423164 0.3340029958674796 0.3217560376118713 0.30251786207267684 0.29813644919855314 0.2810052719520761 0.30006796658043117 0.2795541098058085 0.28452355395431944 0.32252773138466717 0.29909822458900015 0.301800512021961 0.3146727553088611 0.319677924776078 0.3430651467649166 0.37770100320764943 0.3811726393361697 0.34576241735057145 0.377331376531419 0.3693472219940533 0.36308676628326436 0.3923895091888686 0.4013018043859553 0.4354033452746661 0.42020523790398406 0.43379899254506576 0.46374185039839266 0.46568135362187235 0.4688067467739255
0.20622814854199642 0.18564312189325877 0.173515757089576 0.16782709463835868 0.21357481886077653 0.2212069923145224 0.223101510325054 0.2553996853826829 0.28414304288834935 0.3134976040766731 0.3003450856597005 0.29704532031956876 0.301343858981383 0.31124799522372937 0.336594409704374 0.2996531717949754 0.31424614313831734 0.31360472161633846 0.28154091894420624 0.26987903270026586 0.28414069943762116 0.3210254061686095 0.3173582398366032 0.31412529146217666 0.33458234886619914 0.35773393706120754 0.3276807239964338 0.33555666359496805 0.36570198943275456 0.37463192388800826 0.36185726184632294 0.34216336137538234 0.362083124266335 0.3927098274036226 0.4203409308993629 0.4446790989661198 0.421021073440192 0.4297778347085932 0.4430088043126928 0.46676634719162813 0.47799439566678453 0.47691721928808106
0.21269485211017292 0.2211634593126561 0.22027623793095846 0.2222774906249554 0.2227126467322649 0.2634658880782026 0.26571658946954163 0.289363967659921 0.27918838164812093 0.28353251964617443 0.2995124463058818 0.30580105485226344 0.3545682409238614 0.35077844939015407 0.33496292775424935 0.2978999041259434 0.30336425284567575 0.3026957815654075 0.3128900983682281 0.3049817978123073 0.2998808694501837 0.29060536828885475 0.29252545582203554 0.3109586062826853 0.366427117259567 0.37123731395948417 0.34970316388842954 0.35523052569843305 0.37760621139060224 0.3987807241677204 0.38548899176721624 0.3454213842140556 0.36151602454990683 0.397900829943547 0.4227762381507935 0.4327915565923022 0.46734500376260185 0.4418579247420714 0.4562909550198877 0.4449752112163253 0.45428397834149087 0.4812146609988448
0.26180062145916666 0.2347873221619446 0.2406511728512022 0.24175792339716093 0.24446971974166065 0.2526350454668816 0.2969605467797946 0.29563998126591046 0.31951436050769555 0.30070964331810757 0.3461649771230305 0.36069466358715735 0.37698002869559827 0.33914711709884765 0.32746899947471036 0.31013939317624994 0.34063688856537944 0.3127121908601105 0.31476363070166824 0.3116452610405122 0.2771882655659622 0.30941373847967085 0.3131848428172262 0.3253713731095806 0.33955864748177034 0.34083145272770377 0.3755147798013092 0.36320848754828894 0.3746290069948835 0.39649973846172687 0.3900615728561744 0.3748958866376625 0.3913349518280259 0.40535155050533267 0.4338520481595559 0.4649932308227192 0.43480374339796707 0.46138537601957064 0.4677046922318614 0.48657573533292175 0.476682283784209 0.49567994825013323
0.2891317075535415 0.24626882995972416 0.2665389811931904 0.26231158903177443 0.29360655257274604 0.27661354012239864 0.3140511334049462 0.3378125572178268 0.35243537113015516 0.337138855060228 0.3444532140040696 0.3718720398279582 0.360008646479039 0.3263030861913495 0.33299665904067316 0.32048834234147044 0.34538195939474414 0.3211810971341587 0.3026279920556956 0.272168679734741 0.28015721428916185 0.308231186210373 0.3358027714466929 0.3438786437065775 0.3489517015141008 0.3573246772586642 0.36681048835410957 0.3615079609737464 0.3809106940226902 0.39115385439987377 0.3944113589813127 0.3858888661804488 0.38375988541893696 0.4409004628995435 0.4397316091931948 0.4573940321284865 0.4357118563665848 0.434201383963464 0.44179970308446664 0.491534528918509 0.5234935747652403 0.5558946612405363
0.28567747151483364 0.2716396675610847 0.29646100909947837 0.2729224179129472 0.29584582760910827 0.31124976256589454 0.3252001401136326 0.35631688176110937 0.3375296766694271 0.3250279558344945 0.3168570375212848 0.35669479623739786 0.33092973512484236 0.3321067594336445 0.31395082913101147 0.34568714803081696 0.3480578779778543 0.30273956522688633 0.30972653737003714 0.2768952679618146 0.3067827074302833 0.29711550317280366 0.32491963043325406 0.3402758137886781 0.37116946178751836 0.3822274948571095 0.3739867449112362 0.4007150569077591 0.4323396698855101 0.42603143960278506 0.41829276695552176 0.4166465010457959 0.42233796970607584 0.4483459562004734 0.45855378560943144 0.42575716255685847 0.42278468017493465 0.42595264983687686 0.4625799126260317 0.4929505734406776 0.5169352092239828 0.5593556237997229
0.26231425817019993 0.28223086159181116 0.31715658852282214 0.31110223389039626 0.3094929918822803 0.32870082801215295 0.3317519538544782 0.3398951377521418 0.3583582916217032 0.32630603271767095 0.3349249985814267 0.34574993557214034 0.31597019233643553 0.3111141274259967 0.3228011838988755 0.35686619831964606 0.3407871366129447 0.33459962028756596 0.29074499966053535 0.3103755730185808 0.32421157266500533 0.31383255523295 0.3203243212780896 0.350723294992496 0.34417978882770855 0.3798565407283331 0.4043434091053932 0.41124398101696474 0.45809061185657646 0.4412193889726292 0.4628347212562037 0.4302150528184461 0.4394964935173771 0.4724806510635742 0.462051362154579 0.4574178327330934 0.4377168595225052 0.47312051845974745 0.4818160724439079 0.5268183880057856 0.5531964158515912 0.586704991149861
0.25391238866849886 0.2798207507141653 0.2959526197405646 0.30569421360066673 0.3437245804892008 0.3458485293625289 0.37975406629939146 0.37212119858396236 0.3464703309108534 0.3637473197272176 0.31238817767988386 0.31114065292038295 0.34539160894929566 0.35413181386873477 0.340724854293074 0.34678002449280815 0.3235190729147206 0.31476844936541626 0.29368582383118547 0.3072404728552812 0.30057094247987237 0.3142526418101657 0.31495223755350626 0.35983350853081786 0.37085801606435653 0.37994646798418913 0.4275729569389096 0.41605527936702574 0.44451958171400424 0.4380674432132996 0.4575795529161397 0.4289300794816836 0.4642221956454765 0.4716874930156901 0.4590686062729983 0.4586513004761645 0.46977406894902224 0.5042685088649212 0.5324310636089745 0.5360043208014447 0.5840449439409612 0.6040359638526842
0.2516951445650665 0.2585408599439378 0.2839723234255017 0.3352232471105428 0.35124169559154605 0.342302248309542 0.388958548668339 0.3603374875513169 0.3671621416818107 0.3358628994159247 0.30666938141599687 0.3222623573207442 0.35910323664323673 0.345139608624198 0.3245394525110197 0.33423712072033307 0.32756977677144156 0.33715083421031644 0.33450242126797286 0.34109874257757444 0.30946616918090153 0.31693049436524123 0.34501238311160015 0.3401298696272831 0.34180581577376196 0.39558598662629985 0.4142476408605877 0.41448190637114674 0.4546550452614738 0.4363381326967828 0.45056390217429043 0.4170331989710474 0.4537947272890136 0.42992991690765914 0.44824798370807956 0.46704809829478394 0.509318077198517 0.4975012029424423 0.5283873738004832 0.5455846748272695 0.611519113822733 0.5902136895254163
0.28056276560806404 0.274842881611302 0.26324082862069886 0.30758540414309254 0.3415613677087495 0.3581696701849967 0.37128081178299954 0.3594205169365567 0.35727095201684916 0.36295548780582293 0.35783807416763286 0.35374211462063676 0.3549942508799344 0.35345292131947514 0.34412535243600184 0.35294733631513675 0.3346954456698579 0.33945575257500693 0.3361446505801513 0.319786022339564 0.3051583242153471 0.3283555027662005 0.33056533906566354 0.32768556185208686 0.3387919807228925 0.3885519648541882 0.4257489172880885 0.42812976256504276 0.40535767857058924 0.41257935058239703 0.42015719511152555 0.4292419979881481 0.459642972185467 0.43828386983663564 0.47405062538858167 0.5076179494516413 0.5054897502920753 0.5357953253858246 0.5372073660917925 0.5487846996078577 0.5898846340074265 0.6067157929010281
