Raster_benchmarking/DGGS/continuous/raster-276.asc
NCOLS 100
NROWS 100
XLLCORNER 1743150.4855743195
YLLCORNER 5469281.002705763
CELLSIZE 10
NODATA_VALUE -9999
[rows 38 to 56 of 100, columns 0 to 42 of 100]
0.5486386440193155 0.48690514189497125 0.5193865293286037 0.5147520318553427 0.513412653719067 0.5012652922125739 0.4828873101760994 0.48244420391588394 0.4468843464340718 0.4561675002941725 0.450069085314816 0.43730841048268587 0.4018282635856368 0.40070574689134647 0.38359357625543555 0.34817726145481176 0.36809982779925304 0.374683211781055 0.29914900232412905 0.289078782360507 0.2955220116695543 0.2870165776663393 0.2871277225378921 0.27437922313099394 0.23789143876650745 0.16380651691919476 0.196825838541657 0.21756985476321763 0.21470273599773232 0.2004008826011607 0.2105051790060347 0.2595408691593304 0.24054869927763867 0.2625499166083945 0.2562234389331696 0.232535470666504 0.242163898998861 0.1933817930676408 0.19007353312151018 0.20459598277414753 0.19108624834048346 0.18750779710151144 0.16595577043819423
0.5283604802812875 0.5215284508626825 0.5156154923918148 0.5242158357272059 0.49425027551490114 0.48972849746122427 0.48579475511813003 0.48109749998691603 0.4841832848492809 0.48699319507758204 0.4788462849698936 0.4612691103916326 0.43433250845755556 0.4206282836008843 0.4157344990461409 0.3895544202556248 0.3832820771367058 0.3750869578374213 0.3321416425530111 0.3460196827503165 0.3100839744175335 0.30376905658193304 0.3043131352555616 0.28704224954222074 0.2612096108421349 0.20995783916624577 0.22858087104855226 0.20435426299064843 0.2150147669490017 0.2230465441473036 0.23310541487243627 0.2465275302993605 0.25513497378322136 0.26382648881422244 0.24830498822157812 0.2653413476920068 0.24611627934984523 0.22439818378489854 0.18302329027634437 0.19246113592005165 0.15780131955211207 0.16632089264750835 0.15073038999905833
0.5191428375651902 0.5192192945210624 0.5180090683143513 0.525897158644844 0.5061931928257211 0.4543444567441572 0.445807824305015 0.45092975460228707 0.484192337219881 0.48690687907004054 0.467899181758647 0.4653792379575432 0.4558085884936153 0.4192936470836327 0.42054529778213656 0.416447117494528 0.4134738407713354 0.37482511220445075 0.3729857731196191 0.3771439804469453 0.3631122228394305 0.3292416307032123 0.2951570494340039 0.2791328863481939 0.279762536423834 0.24322142226210858 0.24573893804488084 0.2135222853006958 0.24246574013037128 0.2346369133587116 0.20205202148702767 0.19592395729889453 0.23147726571956706 0.2487263357463211 0.2454191939037855 0.26598202756241146 0.2316899987298957 0.23339179831398085 0.21240053055818608 0.16766807433495132 0.1678682869103064 0.15591818215514222 0.1581597990699836
0.5260281262645736 0.5065063664953289 0.506814806716464 0.49381313961592965 0.4762767964430376 0.46773667352347365 0.4685003580665824 0.44492107280118853 0.4630878643875675 0.4747225010836685 0.4820369691414672 0.4563181350011915 0.4294415397809559 0.4419133256132397 0.4339542029842577 0.3971974726883173 0.4039402515779337 0.40474643150317263 0.39161418327572894 0.39986689749904253 0.36605491055227396 0.3667243940862088 0.33640552951518254 0.3021188995356817 0.26467752671831835 0.24421282583563306 0.2364434056745691 0.22635511063260685 0.24348197379936865 0.23560609053218895 0.20692685652037493 0.21616564419611836 0.23808907071544835 0.2543056288367309 0.2556713655350867 0.24737474620495695 0.2245605747602288 0.23550154005183146 0.21790078327033716 0.2146831613805847 0.1877893120243363 0.176735866629344 0.18087666088693394
0.5349634026612897 0.5133622183357502 0.5247117980340233 0.5220582343299125 0.5056830917675456 0.4769207412564185 0.4523719593961089 0.4582820498439081 0.4728028555326089 0.49530909601447115 0.4647637479623494 0.43051243242529 0.458850777382589 0.44207776330741877 0.42163477077275857 0.4127740732601823 0.43517283640474447 0.4234412487092528 0.42916883576311027 0.4069588435883386 0.3746240152833343 0.3839113962524173 0.3735176393389735 0.3566041778259161 0.32046834047622863 0.26487420571295234 0.24196462143985187 0.24896275853612423 0.25345795186161996 0.22081645955461646 0.19910344454884488 0.20586284661165977 0.23866650377925636 0.24377958829452906 0.22225425964242676 0.24450952343834537 0.2378047872867044 0.21782118506534526 0.21018892372106884 0.2018266788442429 0.20066208716284537 0.19913629526606869 0.21880136103763861
0.5498263362237399 0.5279117301878925 0.5368341328257279 0.5190484184941844 0.4951879546904523 0.508342099858122 0.4743382247686076 0.4723971902849837 0.47534453041871844 0.46203352413635246 0.45550453965046395 0.45389655300790926 0.44931535457944544 0.41659228615668387 0.43507721455575227 0.40920799822125026 0.4251981760503115 0.4313358086651075 0.4173553935400704 0.38210315097576353 0.3752662350933915 0.3757897564817724 0.38025421387840175 0.38792079325638484 0.3539926436792037 0.29428434971438944 0.29063359021704455 0.2760271790612895 0.2898416530928583 0.2690419860892853 0.24205168337906308 0.23738262798480944 0.2216389121983921 0.24757027934993223 0.23381794466097167 0.24889234139883973 0.22187282823820262 0.23073228487533545 0.21855574687288698 0.1893030782247654 0.22343875655713274 0.2269922645090947 0.19767640313819468
0.5832658727744653 0.5929325512910336 0.5655733672685488 0.5357847295829491 0.5162174054911677 0.49875381949889736 0.5189413497215929 0.5178971156603714 0.5190887546976232 0.4915153407783698 0.45654192923303005 0.44286969972961643 0.42577817152771535 0.41946433409261374 0.43806651897745025 0.42715221256250957 0.41100847631826504 0.44631040352690204 0.43732715479363005 0.3986812715608417 0.37968862970326017 0.3742826921034411 0.42125031332802115 0.41298929784986466 0.3754187281300382 0.34167646479801184 0.329361245382714 0.3317605080324851 0.3140990180816789 0.29069811434496284 0.2803307153293452 0.25736241833751367 0.2777354172439027 0.26345681557936507 0.2814681046373084 0.24146106459785088 0.24734060444431896 0.22995678451211485 0.2324692347044077 0.2011852651957446 0.23145930788999194 0.2426379598516503 0.22649310015088292
0.6272946188864338 0.6145172452513549 0.5855661387114955 0.5796390166811417 0.5570185508648009 0.5472184510816503 0.5481670737763712 0.5552008258030836 0.5255479968764303 0.4900910194556696 0.45530408103691766 0.4493732477761183 0.45645284404640896 0.41951926554086194 0.4187359414813537 0.4037717493253463 0.42665427274062895 0.41947323856667534 0.4059496389601323 0.432051171406237 0.40355203478575985 0.4186249410097666 0.43781984040070415 0.4289306010547147 0.38466550657238413 0.389016586220138 0.3635371113018648 0.32717104891465737 0.3229170807298381 0.3090450279671929 0.30359690728782807 0.2631340733964565 0.27949773050992494 0.3029338053489287 0.29707604844587476 0.2690676634237074 0.24032115233508702 0.2599332718756564 0.2503580498427377 0.2692550429414391 0.26076180208998145 0.25881886507756985 0.22068419936934916
0.5901266139085154 0.6112525124358336 0.5992657189453328 0.628541056963153 0.6092362533475523 0.5836761749331847 0.5715367341892418 0.5574436308768227 0.5227454636024496 0.49243852343065736 0.49730984670791967 0.4574895989076664 0.4886172770693265 0.4559182907324684 0.4495058711730673 0.4225403904191829 0.44634938029100174 0.4338484853874374 0.4503091505624039 0.4314676551516164 0.42146421880637375 0.4479076599673398 0.46255303150636656 0.43703337712378293 0.40725413969718205 0.4297531357146236 0.4005773564567694 0.36328110346552306 0.34995554017074876 0.333673555481105 0.3423433798755592 0.29573889608447834 0.29823353371319006 0.32661325418357606 0.30158165190791925 0.2834338680397206 0.2552470420297517 0.26407184269288636 0.30050468187987833 0.29868761022678064 0.2617146844540567 0.2479324390550067 0.23854304209350088
0.5918433168407045 0.6003839228640275 0.6325956826476745 0.6313074267084939 0.6511899107406254 0.6198819307622345 0.5978536419757849 0.5800747247385848 0.5571932303615534 0.5134986169321509 0.5119129839439788 0.504144515054013 0.5012739617369304 0.5014455933252246 0.46000724359294265 0.466532082801821 0.4295705156694913 0.4633830352376003 0.45216927918823946 0.46218688344335046 0.4341659708872686 0.4322972232868633 0.47286497644266656 0.46722556010616745 0.4479332053011092 0.466189087140723 0.4314427629325765 0.3987647019187948 0.36802670356098915 0.3726503438871682 0.3488898446877884 0.32873386320391546 0.3319553936639146 0.3511612803711071 0.355135628503449 0.3329383852817302 0.3181206305962207 0.3279641646281115 0.3203661903314167 0.31897228011903067 0.29331670559216044 0.28610523352649087 0.26225559422389805
0.6282812150754549 0.618603908437426 0.6426063015435689 0.6613967715189016 0.6766970409114031 0.6452296317898286 0.6080249872030655 0.6044361330182553 0.5722774389086521 0.5702099059892531 0.5429023301647393 0.4986489589228099 0.4971193515293342 0.5149920484499415 0.4789789476593374 0.4694835078233028 0.4431284131721364 0.45337824998642184 0.4566984176483201 0.4872822232722568 0.48063296606604633 0.45995882200286137 0.4648457809663731 0.4981106500023532 0.49938418409428625 0.49832972835465555 0.46829028208443196 0.4519549478300352 0.41469779254959344 0.3795719830734267 0.38750282674612063 0.37372967782642413 0.4028368496369416 0.403957708493001 0.3891595062213898 0.3559907266977008 0.35149686417246934 0.31935587811112554 0.34089531179538857 0.34950152836812187 0.3137963128067803 0.33331584461966096 0.2847521894753992
0.6238243232846445 0.6233972728409248 0.6466759312209199 0.6621551781058445 0.6664997409582404 0.6515179375297988 0.6134348240751899 0.5994639592774683 0.5889498219565006 0.5366649038187605 0.5223542220143678 0.5355077462728612 0.5046169231643531 0.5295622153289615 0.5083094501558238 0.5026031791226248 0.4920795137410576 0.4956015815435377 0.4869009369714803 0.5090465227738401 0.48759263905617944 0.5188787510155308 0.49936931075238283 0.48048663749220033 0.5016058062631107 0.5054699131292909 0.47595417032768894 0.46521682028177375 0.4466065911128158 0.4074839229892702 0.42262258813830994 0.4194209188930311 0.420555595243387 0.40265073397988976 0.3936071567513253 0.39222290989857383 0.36826569410338084 0.38083561190919973 0.365146969634027 0.37123211150419927 0.3548688292707599 0.34811151469870355 0.3341565751067179
0.6324617854806008 0.6545420895432272 0.6439953173261904 0.6558955932967037 0.6664783808702051 0.6554290686033376 0.6334498473874975 0.6330972075662513 0.5912984400376727 0.5523968578689806 0.5461088886401583 0.5287357568541057 0.5153535317040882 0.5570545787113867 0.5267983407853161 0.47918585823997234 0.48364352829353024 0.5114590675952995 0.48562786626777465 0.49426327770363837 0.5118843646784456 0.5511099981684024 0.5331043140192513 0.5067004810693368 0.4767571150686315 0.4804663135805891 0.4902360579699938 0.4670327962550071 0.437812872606963 0.4567942551623276 0.45748692717030365 0.45331458101405336 0.42296214436795565 0.4592097017883055 0.43496503729753266 0.42301855315691467 0.42435824600814703 0.3927106675038343 0.36437553361551356 0.3788637987738619 0.35541517014406826 0.368872201249679 0.36535763656334214
0.6461196031791916 0.631405135857394 0.6166370647129973 0.6466003443454615 0.6172494676035319 0.6062577055858985 0.6213603901400411 0.6001603864277568 0.5821765782425796 0.5522609431605532 0.5269401332063475 0.5162261106309012 0.5517896379252457 0.5392216766970648 0.534895640332569 0.49880153485430506 0.49637707452732455 0.5267822155320725 0.5135363375433145 0.5076804938240095 0.5382748439601239 0.5473652342843586 0.520226044616401 0.48452026924710856 0.48026799414692284 0.48474009051536393 0.45029296532511104 0.45137306748301304 0.47026672246389867 0.45021378922538763 0.45345257015002943 0.46814277328055776 0.4326856017353228 0.45848327976143494 0.42644542621565973 0.41916540467545227 0.4406002645493082 0.4175053283657219 0.40205552612841794 0.40438265893986025 0.3775840432600743 0.3945334174340051 0.3706237985156981
0.6301968464484867 0.604694350056963 0.5953278550816222 0.6215858243201391 0.6267257277799041 0.6163390537049162 0.5882032040232393 0.5938371142609731 0.5919599348784096 0.5532478312172292 0.5070963900519926 0.5353069519155764 0.5388861838031359 0.5638270845153723 0.5196855072300148 0.5281840672348677 0.5277804959707186 0.5336196758758059 0.5060663194588221 0.5166131176360037 0.5128261459227597 0.5233157753866193 0.5063421871158348 0.5017854485467502 0.4616163092733237 0.46151308023208215 0.4674754970465697 0.4636592935398911 0.43906945785778473 0.4488395383270789 0.44723635937863127 0.45312639772738156 0.45539896902108473 0.44199328876984906 0.44833921066714044 0.42397381541782275 0.4423639859998405 0.4494681647244859 0.43499617676682256 0.41805916125918774 0.3992502201744441 0.37879147797667706 0.38113341953233754
0.5772152488787146 0.5902150542738083 0.6130564542895021 0.594674126802161 0.5863080321039978 0.6155948936463762 0.5881754190382031 0.5952825745445428 0.5657116374150347 0.5218074075007688 0.4930899080676572 0.49873324387180484 0.51539948056488 0.509883296410102 0.5276723902602514 0.520786721054543 0.5069764440293899 0.5177500751265909 0.5322596370865007 0.522972152402514 0.5389794386184855 0.5392545030577086 0.4904310727862528 0.4917357816047166 0.4732216907170588 0.45459839214090825 0.4792559758223955 0.4614039410296096 0.43784623996921207 0.451152150631281 0.46043284946491053 0.4288816500423468 0.4674573504465921 0.4641424145860683 0.4505656016182353 0.4382099521132779 0.46404982954477747 0.45522819722799757 0.4364599105494896 0.42458423845513776 0.4055810640464905 0.4231204543550848 0.4072599746074219
0.5929420365845258 0.5668127913668352 0.583965091304437 0.5828767888319402 0.5965158197818569 0.6022984123408556 0.5932313903947433 0.5752044813576488 0.5575440878547567 0.4845675873607422 0.46905422180644457 0.4862201156479644 0.48725792586991307 0.5174525081640435 0.5411801311481877 0.5084177078660088 0.525912789333035 0.5295985037446747 0.5076390832408278 0.5182809350265766 0.5423663720737197 0.5233223318193957 0.5194389146681593 0.49314287011038743 0.4748638851713882 0.4579874133290145 0.48394514793607185 0.45625208727061883 0.44787479101375927 0.4500307509446162 0.46115759098262205 0.42227657346802216 0.4664636942788698 0.4658072117892599 0.44259227251957445 0.47235339498541223 0.4794852320167402 0.4487459292772535 0.4453364689287081 0.4318218032539873 0.40933351082665315 0.41696565336264974 0.4674130261496825
0.559635600527877 0.5425634918718474 0.5623675759381161 0.5742135660718144 0.5875385770902062 0.5595589091508856 0.5584545164319762 0.5531441365690815 0.5208918211709198 0.47107841630331215 0.4593847852271054 0.4681737774227806 0.49836333935101457 0.517968709885696 0.5214799676745722 0.5077446520153037 0.5280049330565185 0.5319621429756075 0.4919954938556162 0.4957670772778183 0.5011986819624368 0.5084005538589513 0.5040034995104207 0.5389734457507983 0.5268289786117946 0.47764473166551097 0.4702915226609515 0.46064545327984446 0.4774537230409446 0.47711669023827535 0.47019854820584456 0.43182697661481684 0.4700113923129403 0.48369140409829137 0.4702164260936251 0.465689759455467 0.4715183154711829 0.493562297106724 0.47230791728765054 0.4575800876291509 0.4652238550240973 0.47266382895397513 0.48650049110224713
0.5624862504426349 0.5679751879306489 0.576309731428919 0.607804419124138 0.5790659434704348 0.5618103486940677 0.5052780561636631 0.4810784461807575 0.4674817017875519 0.4937980739738382 0.46168854682312027 0.45927449615375454 0.4809294199525881 0.4853650225119348 0.4840318401443779 0.48460163348513297 0.5191270116466807 0.5116237244677914 0.49652512070921684 0.4821609051085568 0.5065225770988793 0.48743545168147995 0.5307356291052467 0.550984934900563 0.5277076331171638 0.5278107575770858 0.48617148911008495 0.48613213367914715 0.5038985075798913 0.47537702586717456 0.4863507589183488 0.4541340052225016 0.4655050891923401 0.4542286512105982 0.4542360989506349 0.4893009980913691 0.5018971649113232 0.5059199582978717 0.5317704007129433 0.5311400521090373 0.5083597250701959 0.5023996632762557 0.5074366608429354
