Raster_benchmarking/DGGS/continuous/raster-94.asc
NCOLS 100
NROWS 100
XLLCORNER 1743162.596353571
YLLCORNER 5469288.714714705
CELLSIZE 10
NODATA_VALUE -9999
[rows 57 to 75 of 100, columns 43 to 85 of 100]
0.45917387387408154 0.4944214828955068 0.4966604019136153 0.49306478543740195 0.5140657960419492 0.5372283037959394 0.5299823407088107 0.5236496703816549 0.5331981245406981 0.5244861461797208 0.5226990887038531 0.4986036037685157 0.48888568590190734 0.5076410815364201 0.5316903029182757 0.5170725425572886 0.5307249802329252 0.5346422067326486 0.5597737165902075 0.5338862086341958 0.5519993434008714 0.568033385852965 0.6086417795464679 0.6011656367403531 0.6241659138883514 0.6332178061240636 0.6102343394820442 0.6380417409919544 0.6853672188918397 0.6420468451141247 0.6644792322686053 0.6705488830453942 0.6587314058026539 0.6415003052335123 0.6040249482096332 0.5749714653988688 0.5623450953026441 0.5560718143706664 0.5534532115777689 0.5179693002866719 0.5164735604808168 0.4880183065258941 0.5008416882800993
0.46139787585324277 0.4785272494796061 0.49490834805419404 0.4958264300246146 0.5142901133732368 0.5274853444253538 0.5014764048093444 0.5044697344392076 0.5230981720213197 0.4855495074269422 0.47941221990237626 0.49171323111031423 0.5202362116740231 0.5352691295298025 0.5229638548383143 0.5252753343226801 0.532788756512079 0.5601185627850914 0.5741490965663032 0.5595142919543614 0.5730337139400851 0.6095282526265383 0.6370574969895546 0.6127658181077095 0.6445283548347899 0.6329623805551589 0.6286509135236792 0.6360131640556814 0.634173299559778 0.6416144528193471 0.6775928454588039 0.6578836425952598 0.6076951558451077 0.5911927190573899 0.5603026620853396 0.5607987299964837 0.5609258195138698 0.531545253452828 0.5251446663036935 0.5088023864312297 0.49358914745570004 0.4969495497432773 0.506111727464756
0.4799765085162163 0.4588482964115284 0.4622716577728454 0.4870245043024443 0.5117580311143769 0.5078947205487235 0.5134180388805847 0.4983609905078328 0.4874663033105707 0.48019962757949125 0.4772356188290369 0.4948523622552283 0.5431469132262485 0.5626666778640154 0.5370293343868779 0.5441226501141435 0.5574499428937439 0.5851567149561906 0.578616736312573 0.5843662769545196 0.6109241251658968 0.6078651267632976 0.6420997403815175 0.6451113955309913 0.6561348365762899 0.6078417479843766 0.5872753849253648 0.6226270730442848 0.6241314235889921 0.6104014992010421 0.65420375609424 0.6142098385338212 0.6027448071234364 0.5900352644484891 0.5719013750447555 0.5334742420085905 0.5300415686845841 0.5437721614312501 0.5557096316250212 0.5242310712661225 0.4817524134472383 0.46495166497301654 0.4688936585122991
0.4928778626451969 0.4691665257925488 0.46479752532009544 0.508035923869844 0.4808290721433581 0.5027744967373289 0.5181571321799835 0.5360113402411228 0.5170376383414305 0.5125885759816704 0.5160908269184054 0.5207612161332543 0.5566911334885847 0.5580490887340216 0.5564093914348563 0.5529858867612247 0.6099705683621274 0.6167902918952889 0.6324675146973491 0.6050223458908807 0.6207417909070725 0.6278425047172649 0.6346078793989101 0.6574046185117121 0.6168285314836769 0.5993708845623615 0.6064794047067484 0.6050491112543259 0.6366677476395032 0.6143414571085218 0.6052340642943402 0.6242769781599138 0.5861505045777305 0.5614596354542659 0.5669301947218477 0.5292609730845361 0.5491714542311618 0.5628135811969236 0.5650420220745012 0.5345829488903857 0.5348276330898358 0.49468341491382645 0.5132931862434817
0.5153354496355353 0.5288405001149591 0.5091535309725164 0.5084437966984517 0.4784583415973412 0.5135170557087021 0.5099282343980653 0.5405560281190567 0.5521222623590382 0.5423582168129805 0.5269576788419468 0.5358715993302698 0.5565804116698315 0.5650022360879494 0.5669279291274705 0.5818846289589977 0.620180062795415 0.6444741267545178 0.6399968548184852 0.6333009355066983 0.6542222562741626 0.6800609852014153 0.6871003717566578 0.6522925654596841 0.6284878358768632 0.5766160935818416 0.5658683864126017 0.590856232067833 0.6090042458757475 0.6141034012935533 0.5987171756601827 0.5774919987041338 0.6078311991791387 0.5834021926835122 0.5444587895221267 0.558314817755244 0.5593098226574721 0.5598904440142973 0.584380600220752 0.5530046257738037 0.5464961923206952 0.5297544421073096 0.5311730084221109
0.5425862913132142 0.5633530191687435 0.5484246412608106 0.5427927080770609 0.5214378303740613 0.49645890835460194 0.49553340952137875 0.5452179589991968 0.5334251609607022 0.5368574125966885 0.5326845836183969 0.5776858482139394 0.5756236746792464 0.6041029995859545 0.6078769362031916 0.6062797599512901 0.6528738073169051 0.6884834557465012 0.6935279844392664 0.6916427783622753 0.6863583147538239 0.7000955719354237 0.6700539494983874 0.6608812252249897 0.6404394616043807 0.5894531534159727 0.5903698290083288 0.5992357611315061 0.5932530740539727 0.6098745956336586 0.5819248984361183 0.5749807077830875 0.595995083505632 0.5934188294393885 0.560913562523876 0.5767910601724727 0.5794995238683326 0.6010672059020993 0.6077722908123109 0.5748132283230833 0.5837313140995534 0.5807187848647284 0.593128737886247
0.5616291284421211 0.5790776283577521 0.5772311522912751 0.5802022515758528 0.5519873035094875 0.5198202525151887 0.5212917625025426 0.5662008244162261 0.5660775102610848 0.5477197358203175 0.5727223800625874 0.5931629268408949 0.6389969341347278 0.6249574349918608 0.6234594917015261 0.6309583475602227 0.6901781628332565 0.690317772691253 0.7279292278790008 0.6973828219496119 0.6901788763224664 0.67306748464962 0.6865566857699938 0.6388949559381242 0.6289681974124953 0.6090290777542703 0.5722725882052316 0.5715284668954163 0.6051535002427268 0.5860798487531754 0.5827557481273063 0.5648423337246873 0.5595409037104767 0.5720208391446617 0.5878571445179394 0.5678906834666569 0.5800561645521469 0.5855489630969958 0.6051073945276244 0.6026824417890283 0.5893084116375156 0.6213493696753345 0.6231160144540174
0.5671659390488191 0.5455215286893966 0.5466266285964205 0.5624404105087797 0.5736052100574335 0.5284630586244664 0.550884483046798 0.569451195980665 0.5901488014369898 0.6034465100396146 0.6268292992654756 0.6443344617127056 0.6477764280287527 0.6528082073122903 0.6540537916638729 0.6727312820419 0.6922103402273194 0.6973984524904838 0.6921904328372602 0.6730747522325106 0.683736391643766 0.666653915556999 0.6702716761142345 0.6372472969303616 0.6353492940807799 0.5967712712446342 0.5819241543813193 0.5849122875786166 0.6042707940095916 0.5699765694307596 0.5711321071791677 0.5781991544890588 0.5600754462501231 0.5775638049243713 0.586540217090895 0.6091535390834052 0.6132648846200298 0.6041662432701596 0.6007808859260957 0.6010445856139033 0.6166210665805112 0.6293912612903642 0.6265239544454764
0.541627609885754 0.537961501366247 0.5728075773339873 0.5806604579923831 0.5579396147178757 0.5720291570051446 0.5539441749606439 0.5593176062319659 0.5708111645756535 0.6111833599015016 0.637377745846493 0.6519867419468746 0.66156693936727 0.6804769519149524 0.6779602106859387 0.6819704322067246 0.6467021964983216 0.6658048014498825 0.6737745963928713 0.67739592307372 0.6728193166945953 0.6411324089105197 0.6458437138893208 0.6313465385593253 0.603260175578342 0.5911020373980169 0.5602660063294445 0.5914982866653709 0.5632589495588396 0.5712796548767304 0.5886458644630143 0.5904500890195955 0.5651732927486998 0.5824928695819801 0.6180832327643796 0.5923641559519636 0.594179267502898 0.5873365254036532 0.6341613119335325 0.6163325178000207 0.6149499515995501 0.5989479444419714 0.6078007182609739
0.527568330009158 0.5491725224734993 0.554993415699363 0.5368681029559045 0.5675380766971078 0.5728961809499699 0.5637724441103773 0.5879005923613517 0.6054324911965147 0.6516642068657842 0.6513038913715451 0.6353663972658381 0.6559252773297137 0.6707813571544166 0.6800118318427548 0.6416156785793099 0.6573499636417763 0.6664093667908133 0.6700251080621685 0.6590810143842964 0.6598949069798955 0.6335363461931511 0.5999539672799301 0.5909530528432022 0.587046958167672 0.5569046359445963 0.5607813745991082 0.5849977831758759 0.5906349324104927 0.6010938302432588 0.6116683241606253 0.5895753597349774 0.5901682708822836 0.5945051784694647 0.6268829441986005 0.592418187323292 0.5729752000526519 0.5731052169999085 0.6196778596088207 0.6134534759946935 0.6025307188858793 0.5748738290071213 0.5795680383759892
0.5241679973283462 0.5151833110841721 0.4920266833386543 0.5652507488631845 0.5709547031140136 0.5621576685291537 0.5930953486160613 0.6385847819977822 0.6649628362060943 0.6830691537326509 0.6778775135132841 0.6634532891769722 0.6334502181419311 0.6488290540407085 0.6392787358993812 0.6186806471098608 0.6698836817420456 0.6419910219601199 0.6415301709008047 0.6492416261715847 0.6461876749758977 0.6328062051937656 0.5890330700851724 0.5772627842051904 0.5668946901284119 0.5874193268513195 0.582775361162718 0.6038891070984692 0.6001248819682858 0.5843634703747378 0.5903553665991166 0.5884133135261117 0.6232474578896149 0.6049217729948474 0.609833008990448 0.5836193427125642 0.5774895771550408 0.5937772777407401 0.577823153771107 0.5865852758000432 0.5846214669018899 0.585667053479205 0.5513559893266858
0.5023377859462237 0.5358812859161285 0.5528633466284357 0.5664705426269946 0.5941705029954801 0.6053836771805289 0.6352957884694077 0.6258803460060403 0.6588569899688538 0.7016911695428498 0.6945893569807489 0.668981748100514 0.6155658029041341 0.6150499074241061 0.6307284806817705 0.6037313020397123 0.6426976422959793 0.6452571608591489 0.6515015845577626 0.6542049066947924 0.6096451193752117 0.619348062948221 0.6042197132193268 0.6056694765367415 0.5809116305905335 0.5937585098592633 0.6037631078628631 0.577973094654533 0.6066356269805141 0.617102080111678 0.6348219765488337 0.6327449571856675 0.6398091351475282 0.6433802403240741 0.6091110156061338 0.6205274180102648 0.6131532497071619 0.5935272073708489 0.5895602081278589 0.6041192062969568 0.6118744256326869 0.5962708869661616 0.5537179994142969
0.531534158132996 0.5332475614178914 0.558800759986491 0.5925793667998298 0.5754073206729929 0.6179559647650203 0.6277985721442828 0.6540643671368904 0.6865780520158047 0.7004293537497538 0.7078003406745169 0.6835180762647515 0.6121633842021093 0.5889652109959375 0.5731450732912202 0.5783017394662946 0.6026130598149119 0.6315393118055465 0.6465912219094881 0.6363876697505442 0.6132244048236819 0.5971839717096528 0.6201720703189104 0.6265937389090658 0.619064876793783 0.6047029727624794 0.6016542325824509 0.5685234759482531 0.5805212310207348 0.6001185391846776 0.6059948547571993 0.6466509901790609 0.6181319357666948 0.6605474989935132 0.6524567861110228 0.6517750478442407 0.6175201261150054 0.6165947757475166 0.6160497314874005 0.6277562938019884 0.6444740984757416 0.6034938659451202 0.5743361799846983
0.5280944436054866 0.554652426614607 0.5690534827090215 0.5774355087546313 0.5731528006723078 0.62648729983388 0.6226638682182133 0.6343125146718273 0.6415437636418848 0.6819974196718475 0.7012927225808355 0.6785609941996162 0.6019275896925012 0.5841759661407823 0.5965780020006565 0.5696437487345075 0.6028077523439045 0.6227465326649825 0.6272225454657718 0.6082274249887356 0.6080417437243645 0.6040819370289551 0.611300790935662 0.6310602518296146 0.6375932379155124 0.6074975942367488 0.6241817571819428 0.5878558949201128 0.5933630727821647 0.645197720315599 0.66147235306232 0.6595536284095389 0.6539164674043688 0.663584867985344 0.6595081157555959 0.6441494141761895 0.6612253308567121 0.6471864258585984 0.6703340356065325 0.6542078425840797 0.6370453852474046 0.618698668944265 0.6252903440303533
0.5497580728620185 0.553179144486324 0.5629470069710588 0.575502238275378 0.5732695394868019 0.6150942214704312 0.6587458089588532 0.6480315242926441 0.6588819139472519 0.6902544347275915 0.6995252238711315 0.669943539551396 0.6049618241315844 0.5859208775361726 0.5913047126138473 0.5819818053595506 0.5944243198465736 0.5983294820571813 0.6128376916252503 0.6338528564214931 0.643381972696391 0.6223270401051343 0.632431839028981 0.6319846145282493 0.6291493272631258 0.6230709580572377 0.623836982601444 0.6343019363325993 0.6223280853070392 0.6376090218169334 0.6833642246163978 0.6570192655148733 0.6938010005241345 0.6642438229806081 0.6703966949117532 0.6674280821920707 0.6977646822413227 0.7006587073967524 0.711989934049289 0.6808580226033918 0.6528549304929976 0.6386826294623908 0.6440307157817742
0.5430791728069724 0.5405107427468746 0.5591246350077441 0.584362742468611 0.582587266582292 0.6280891974571693 0.6188763695666039 0.6472661400347721 0.6441740444839212 0.6564945555026359 0.6626621128962215 0.6361773123468422 0.626075468976672 0.6054096697079442 0.6071300915883923 0.6274401391075184 0.6356895922345084 0.5969883564077442 0.6265699035956559 0.6608122771104222 0.6764512504788389 0.6495845750973899 0.6582543640688201 0.6245990639611372 0.6552601681617847 0.6366838627755154 0.6328831019671061 0.6575539757143004 0.6765303426905308 0.6678111091321656 0.6601478020274375 0.6864452206612974 0.694151878270538 0.6911791367581224 0.6865704906116474 0.6873237820280279 0.7161017737375651 0.7009581858493416 0.7016981855530545 0.7171103124495877 0.6991282821620464 0.6673654278002588 0.6431129177955747
0.511525322300086 0.5423532742906181 0.5255622495775764 0.5790183681971559 0.5958317732880066 0.6171246298396144 0.612981351577281 0.6212900114210709 0.6466389015349037 0.6446215739452592 0.6653513672095065 0.6477054916924174 0.6475450536879453 0.6491267786109078 0.6654082908605836 0.6360452072798273 0.6496804608402577 0.6324155563012916 0.6244672291909533 0.6346441789202973 0.6745591191492856 0.6654930636493357 0.635804326814804 0.628082255605179 0.6609042236631464 0.6681394516952806 0.6294113731019649 0.6704088919561667 0.6933654675050951 0.6699615152705805 0.6625733519117425 0.6498048394244695 0.6731033206738669 0.7022672672992075 0.7111062972258968 0.7035418177315531 0.7118657330875445 0.7198579412468296 0.73768694726059 0.7008780036154623 0.710880387381 0.6933254317337493 0.6696624568953291
0.5552146414670976 0.5556244595671129 0.5649445887437168 0.5742699360298584 0.6020916073878427 0.6357729009803297 0.6357988879144552 0.6062051988704712 0.6481401568047093 0.6410164863510659 0.6218305409153078 0.6355185129416298 0.653043373829626 0.6250117419377982 0.6561479292958553 0.6417642073432968 0.6261570648062157 0.6606383928098257 0.6371868361092715 0.6406816817181792 0.6540354041109079 0.6610660020863725 0.6506860167405815 0.674761492241825 0.6756395525325989 0.6646501742153209 0.6684634479335765 0.6703612282549377 0.6748653944296292 0.6615165009498041 0.6741067023268205 0.6445550106381717 0.6681232691431802 0.6735265340472222 0.6790119107167234 0.7102095559079397 0.6909814239187 0.7081989246790639 0.7178845916933131 0.7065700346238574 0.7119746799908552 0.7087799594232044 0.6876198255267311
0.5564375284752062 0.5771626026809904 0.5673100876273783 0.5861451507459302 0.6262118211221127 0.6171086578423346 0.6142547102652064 0.6070072581393987 0.6216844079858003 0.6214019465659205 0.636487812340678 0.6619809121283173 0.6290372158739855 0.6411193448434573 0.6381405239501824 0.6722629061955889 0.6350667122404585 0.6520659683976286 0.6695010022275093 0.667792720142145 0.6333788111266602 0.6342135634564146 0.6635735809998322 0.6761865775035738 0.6547700506162536 0.676024674655257 0.6947013646150642 0.6761345341476188 0.6763007476112549 0.6552775046062647 0.6868525366843758 0.6737366778961802 0.6513674243523366 0.6444938348696158 0.6641667080363705 0.7008979620856933 0.7220561865913211 0.7431216508027203 0.7454437603336131 0.7222521151046409 0.7115682737150058 0.6993367712272868 0.7301183269388363
