Raster_benchmarking/DGGS/continuous/raster-9.asc
NCOLS 100
NROWS 100
XLLCORNER 1743154.8492566606
YLLCORNER 5469286.034072835
CELLSIZE 10
NODATA_VALUE -9999
[rows 0 to 18 of 100, columns 43 to 85 of 100]
0.5055764180576646 0.4997799978860892 0.4943976312901837 0.5182570857661147 0.5034528466364215 0.5321819538119089 0.5329666233466165 0.5043627291996787 0.5151268522178284 0.541629764676434 0.5861590175446221 0.5773674642115003 0.5569551584475534 0.5582298048794171 0.6282487484313798 0.6109547798066045 0.6649669660003118 0.7014146283310316 0.7870756683307755 0.7464888813687388 0.7801433815177695 0.8171439863578072 0.8004801552554166 0.7914576420519972 0.8237396133937548 0.8129689526188597 0.8111609947794072 0.819018469970433 0.8154191429318502 0.8111216610678059 0.8562528192399239 0.897183710252113 0.9075332561572739 0.8767115020189075 0.9022676563450955 0.9042623271333665 0.8788815682794678 0.8815699474171205 0.9014444308114862 0.8723967103936516 0.8653246230734332 0.9271102392541551 0.9323363123284776
0.5143256003893727 0.49662202041369213 0.49832705485787254 0.47050554468168704 0.5242514900666351 0.5207931629262419 0.4915425085075971 0.4939712236002726 0.48420854054040285 0.4981821449848119 0.5672305374581313 0.5557765654787211 0.5330471935274934 0.5515763433734518 0.5928909291042503 0.5919949924308939 0.6656030224987739 0.7334290088107281 0.7733793628842144 0.7596995389343596 0.7283477715980903 0.7681171136085143 0.726194338570426 0.7522032717640295 0.7846335507080706 0.7859346656050769 0.8442729093849574 0.8199231928199883 0.7827840270890716 0.7995318119924835 0.8248369483279885 0.879705599516747 0.8752588448377836 0.8619640757934611 0.8340720736943964 0.8546242727533031 0.8739849443295931 0.8840227060297428 0.8799019075501866 0.8663228206350739 0.8722896504653042 0.8647808261039737 0.9026175799104906
0.4727327214486367 0.47468167465181976 0.4561858407796655 0.50379903982215 0.5281589209958949 0.521020109309938 0.47232700859269316 0.4754746003232796 0.4869741753001094 0.47106308040780315 0.5346667393089412 0.5424653206980365 0.5534289553773581 0.5468251510715804 0.5192899702707152 0.6066185605152106 0.6467039130507983 0.6688938722313933 0.7066739884318836 0.7262355439919401 0.6954128868913291 0.729477432520001 0.7143639264662389 0.7804881481969 0.7827654415954078 0.8180679803813586 0.8399716365261264 0.8039286754538566 0.8183108739660486 0.803643756445591 0.8110152948113251 0.8546449165688673 0.8419010825456695 0.8037282914679093 0.7950268233673107 0.8427145479917225 0.8488979945262507 0.8324575614378548 0.8361533500282524 0.8522763993057436 0.9091000613660432 0.9026095757427594 0.8817744558327649
0.4902953664801153 0.4838606860309665 0.505148779997751 0.45542816350690973 0.4630980470706994 0.5002287191716827 0.44673110120178616 0.4866557943857372 0.4982237329355692 0.44837406855575546 0.4790556050422593 0.5205820494459048 0.5468323606980859 0.519709026858741 0.5502130300088403 0.5702182342430269 0.6229591159328675 0.6439767126343481 0.6461857332873001 0.6975714904471133 0.7084378577554773 0.6467841971746118 0.7128210820232599 0.7584893454859449 0.7408999677799594 0.7774529616972334 0.8038448229534305 0.8079505829269651 0.8405188290566803 0.8134321644059317 0.7764668720360808 0.7876825414102572 0.7893475268744026 0.7870200050890883 0.8087918941364093 0.777039870622647 0.7773201752562798 0.804117410435037 0.8654206796835141 0.8605340861213615 0.871735996853086 0.8773612245658056 0.8244112946619067
0.44861787225493155 0.49678349062095706 0.500407930401674 0.4985635665375242 0.4698481307362571 0.47740878551255655 0.4202318367679266 0.4563819501504976 0.4715644582029329 0.4080711221673639 0.43347319337139534 0.48468364146213705 0.500016639754517 0.5126961689083929 0.4675148078301995 0.5191676452517512 0.533002480690043 0.6014182367702671 0.6014814155996396 0.6536773282148584 0.6592247896766257 0.6129806413464486 0.6371972142667967 0.7024898811046948 0.7704421520646532 0.7769283711521107 0.8155500899705151 0.8331805145746334 0.8419622001902646 0.7920060373195634 0.7843615599694803 0.7694924615243778 0.7753398836083313 0.7923626960595155 0.8056167336639378 0.7772610900500362 0.7729196041520452 0.8449721951815181 0.871666009709404 0.8100881836013658 0.8133726269358492 0.7879556856785472 0.7809800153438174
0.41293423431676507 0.4682700161440283 0.4690682513806325 0.44578842112355127 0.420517033992298 0.4287009890534105 0.4302687707629866 0.39843896654421895 0.3963775111508284 0.3789626347353943 0.416273091860258 0.3887294390694873 0.4075789200294062 0.4493718648092949 0.47741408396645024 0.46747713837171273 0.4873224740153578 0.5496635842520735 0.5584663717908221 0.5946646635337964 0.5630604960737325 0.5995431956498422 0.6601954015975132 0.6888522707273963 0.7634300323159151 0.8035425650593516 0.8106909728976734 0.8052536356876434 0.8003187071698069 0.758632384991078 0.7538437444075837 0.7364826558939683 0.7804141471731076 0.7421924590837623 0.7572434069411044 0.7560908234992346 0.7580102915439003 0.8238241074002052 0.8159570696763387 0.8029099481524518 0.8304574596494891 0.7885887882349996 0.8032243025820802
0.42108577520673734 0.4814908881093242 0.46287864432850845 0.4163878426409492 0.4045718060975849 0.4068360817044439 0.37102461624784755 0.3814343074406359 0.3523055424120059 0.3626872326298627 0.3445007399813095 0.39736715907731773 0.39211368240656 0.4562008690044793 0.47906817793371326 0.47288155176899177 0.4786230886554415 0.5122988929915806 0.47550219164920415 0.5089890064294547 0.5294250895639409 0.5737359736854313 0.6096997857138515 0.703197767514758 0.7692411399837679 0.7499885465973616 0.762518292841105 0.7725184256972791 0.7551577461601982 0.7354744533360895 0.6792286217170025 0.6978667606948594 0.7455836887728092 0.7801936755144994 0.7786179330396694 0.7897880124058838 0.7843878077729918 0.7795532037493552 0.7983643267906301 0.8039932207385984 0.840965820866317 0.8135452800434834 0.7481226763277041
0.47530784295609696 0.43630075536713464 0.4310502800161048 0.45384395976061953 0.419850181295331 0.3837865486748777 0.3641915521875771 0.3893115243340224 0.3317827579666922 0.35121094567829547 0.3758332543378191 0.40811573398348333 0.39529400036835394 0.4053121500162307 0.47500292162936997 0.4765549427696471 0.494981096538009 0.4712120018181829 0.5002746934282324 0.4682473378735718 0.5267672466285501 0.5392916480095555 0.6132676364084372 0.6276153545119204 0.7084591598955476 0.7041912208669151 0.7324203025529815 0.6934681498572755 0.7062739636974725 0.6598784886818998 0.6796362696948328 0.6677753179515702 0.737329531569524 0.7197941925834591 0.7353940780127356 0.7225534353698799 0.7876696152133725 0.7850556142998527 0.7664817227448317 0.7981612650230402 0.810687624557171 0.768100958968339 0.7210500810615507
0.5086615260597744 0.4671086724564307 0.4554277485004257 0.4483697026704068 0.4099009916966105 0.4100798139162013 0.35151730378911306 0.3906535635801679 0.35293098517015975 0.3695580832666731 0.4312431716637187 0.40089702607271793 0.41387210254948925 0.44730632025958134 0.4512141847230398 0.47437878567958436 0.48476353673343175 0.4421038678746854 0.46598018142150816 0.4961393631560264 0.531879069529494 0.5523731596266306 0.5620694522775568 0.6197890138556114 0.6942724018785303 0.6698939542228425 0.6897515672873208 0.6352816549138405 0.6551651850059983 0.6751246040408737 0.6565618920590549 0.6687974014778894 0.6905979846850235 0.6620483318993342 0.6771492807539812 0.7406899357134048 0.7569586547627368 0.7722214520531713 0.7520692510897848 0.7136128546214523 0.7229732388499004 0.67712034409414 0.6628539529119423
0.4704329275353966 0.4684821950454852 0.4471788974753357 0.4264886315564702 0.385440070870086 0.3920435002632593 0.38427993508632924 0.36206425858554003 0.3546566883745173 0.4166665723657053 0.3849675283960214 0.40094774368390185 0.4032923344396905 0.43461534203640717 0.44145475936477996 0.4605815064236846 0.4344047269686046 0.4214704150752351 0.4530888486149168 0.48946794764389306 0.4946451719945001 0.5466469955445605 0.5832113230665597 0.6121288034204322 0.6339408096417978 0.6463994887097902 0.6236267361439084 0.6282288461733665 0.6198661975436888 0.6073167267732849 0.635039306420488 0.6312014147608365 0.6776005940761688 0.6754665264238526 0.7136007286430837 0.6997726275470404 0.6977643753943125 0.732590242521627 0.7577409500029375 0.7085070734583248 0.6741173945630813 0.6698467215949604 0.6674510359591785
0.4450967797618681 0.4208049890973971 0.417752882372766 0.4530188877806673 0.43773759329878603 0.4090143963587402 0.3575415211238642 0.3359500185643318 0.37767701416146326 0.38178529991296883 0.40264538539886235 0.3945358747960538 0.45106644380219374 0.41075560892309465 0.38990075500331206 0.41013487819496436 0.43074510095225976 0.43431033183544204 0.4347775835807999 0.44312619997966357 0.46764101176887124 0.5071419477755207 0.5899710006287067 0.6352655311054703 0.6431432299903317 0.6532459670147936 0.5892856155107258 0.618015455739269 0.6095589331684318 0.59703472154179 0.5828385336992462 0.6171191572101079 0.6440227994186576 0.6938330151310612 0.6885814521459512 0.658544207531293 0.6106201810852819 0.650685007555105 0.7164127771737157 0.6582951644388763 0.6767772873544807 0.6070508349996522 0.5794725370634914
0.4695506550389305 0.41757858522971475 0.4469232136170909 0.4446522548986349 0.3985421020086431 0.3658222831887327 0.3278492455710767 0.3520569142667871 0.342172295253698 0.35970214098769987 0.39930083161956714 0.40140314465245724 0.3974931853123014 0.37352695616958204 0.4102897646358657 0.4001466370259924 0.3893595238885753 0.4209200758964323 0.422347600553175 0.4212300419108338 0.4411306641734706 0.5109806061662211 0.5160822151476695 0.5926228195665705 0.5762978159624232 0.6050158629707906 0.5965970783670164 0.5708773613184186 0.6093045329379881 0.6259865916538926 0.5963482089885606 0.6145687559312866 0.6372325040098972 0.6609704199100808 0.7022613543952453 0.6594545403996913 0.6727775927068911 0.6256298329862681 0.6801020494443046 0.6675565729542745 0.6185403582494267 0.5927352263510065 0.5748377941865687
0.41504453965513627 0.40142324002329216 0.4597218658966372 0.4221763533148425 0.4231488237678416 0.407391123798053 0.344017245089516 0.3779526613751936 0.36016033205211456 0.35423504742374096 0.31469354969029695 0.35367076437138284 0.3627208250414051 0.3572221948939987 0.3919036726116832 0.3372277124587452 0.32867028074040733 0.35942411031927946 0.38979753813358337 0.40218477484428056 0.47675753838607765 0.4494032032976983 0.4773554552383381 0.4878973051068489 0.5368783767541644 0.5333559002774398 0.5552920570372707 0.6008670901218716 0.6022783403862129 0.6442624167189366 0.6107306640656563 0.6383889464516551 0.6814004358724467 0.691016581096488 0.6680213248292814 0.6574441393224041 0.6606867609171725 0.6375064663611767 0.6111587314424834 0.5818986418244793 0.5657806025745484 0.5477337937520942 0.5475856115930051
0.44727301828788224 0.4168445943485715 0.4519392419851536 0.4061608764833169 0.3943130756043519 0.38102032702545063 0.31694339404729344 0.34047672737196016 0.30929809498933397 0.3225761352229718 0.29104435875265905 0.27590657998010415 0.30010831294310986 0.30092723735829324 0.33088807614306814 0.3436567819972846 0.3095996227720795 0.3610879765358235 0.3948511694603153 0.4114681932394815 0.4315123127373246 0.4339450128917442 0.46839276040003974 0.47748304696730365 0.5129617191845773 0.5076123351655912 0.5069265670924642 0.5665910802997223 0.5797436814060105 0.610767808764768 0.6464946111855674 0.6126305266920765 0.6153580747452826 0.6166665218566466 0.6286911851652816 0.660241702009209 0.6689192776207178 0.6257351562630004 0.6192304732054135 0.595609295662041 0.5597370883500254 0.5771932051174484 0.5245272613827939
0.43954716572311503 0.4394623059750856 0.4684822583824299 0.39878529839097576 0.36212315478768037 0.3417257080530725 0.2788466419488798 0.3317961983070182 0.2881050844491011 0.2811361790995022 0.22163561876400537 0.2602767460960672 0.2585760649377713 0.31501611854375616 0.30364228399684234 0.2841506925843129 0.24399908360064415 0.3276529778235255 0.36553276451421834 0.400732966845155 0.35164032407532103 0.3909111624360276 0.4398618076353852 0.4456111291397344 0.4478344904942463 0.49282480642511356 0.48846902152007515 0.5528423405723484 0.6013713849277252 0.6411320347430387 0.6460028706589724 0.6025003954428629 0.6057419702156182 0.6031376147169388 0.6342461264964808 0.6661187990469255 0.6250986923405156 0.5864200764738574 0.6089094139772737 0.5937149414178828 0.6309509993208982 0.5831510843176164 0.5377177925081196
0.4986444103774263 0.46463705890853235 0.44732374842893213 0.4166445498421497 0.3787677029218931 0.3301319640214308 0.3258511379661649 0.28386598383019723 0.26225789768530705 0.21673903708491968 0.2562324039555749 0.24816975706974254 0.2181587845994484 0.26294422328688694 0.28530305742408973 0.25749154859283807 0.299834632862214 0.28443825764696085 0.30811362393505604 0.35560159054812124 0.362092234822423 0.4083144848084853 0.4521492553336254 0.4622863625314913 0.464449433951994 0.43877056534483744 0.501404433628604 0.4913373731117688 0.5659541942057906 0.6030698592514607 0.6561274357040657 0.6136498884099046 0.6066284558908327 0.6457914887234021 0.6102508673149387 0.6366761144271699 0.597718008028257 0.5826295478521563 0.6201618040388713 0.6035200453213655 0.6064247430144344 0.5540823173389096 0.5229228351458785
0.46451992940044157 0.5060333457808546 0.46447935547395974 0.42553926718840995 0.33736466582839575 0.31355364314845124 0.30189938578500547 0.25934333286401406 0.20725306751687056 0.22197786069087228 0.22700780411824215 0.22862786146982406 0.19652256599219875 0.19623508241871074 0.18743045199994826 0.24604665107161722 0.28589883440241104 0.32430004955750286 0.3382564296559385 0.3528626141186555 0.3507600102885694 0.36637126237858747 0.4549021038048055 0.40688900716283133 0.41317725120489673 0.4143891165414909 0.45808017995935607 0.4854482119461213 0.5226881916604521 0.5720908326359835 0.634995459926823 0.64122433884049 0.6246389282549611 0.6649639144288076 0.6422128104990081 0.5820172462509813 0.5494908031406185 0.518950700745113 0.5613964987571503 0.5464250329949935 0.5772036766524736 0.49074921938326427 0.4844124398181372
0.5334670967671894 0.499499303433465 0.4749443603485142 0.41388006905281377 0.38917200901920357 0.35261024814568265 0.32128860939965487 0.25792783406126596 0.23222942510608802 0.24513905276478 0.22113046197743125 0.21227695842313116 0.19678479305508725 0.2244636146465673 0.19617936280558673 0.20367842811361694 0.26054430867800565 0.31036972772272875 0.30234756318490774 0.3422145232659319 0.3598047713403064 0.3659727620349296 0.3850686494352466 0.3971624120819173 0.44246404856391364 0.4393561785332397 0.48977541171589783 0.48176870877234734 0.5308431013087447 0.5754013060979019 0.6234710681985636 0.6185899242762467 0.5953210051515758 0.6203695492982005 0.5692477365089953 0.5705993722188814 0.5515925811099167 0.5126399161950762 0.5250115262705024 0.506896555087881 0.49959371079469184 0.4442162177366774 0.453864362032075
0.5724277826568575 0.5141608922582044 0.44494179566787084 0.4043772267567134 0.41298266447586995 0.3874509202091726 0.3504183195997804 0.2741613514597576 0.21503976430957042 0.2531449768661925 0.274759954649531 0.2589022578445143 0.246819391557004 0.19534692224587338 0.1786182283042682 0.21061685887942613 0.20695967366489343 0.25655253476279 0.30769069133754273 0.3153836548780691 0.40753443865773 0.3666138653224873 0.38480420009221233 0.3842463233840792 0.40723574451667577 0.42513999500240623 0.4615168000033827 0.527152363833442 0.5574405682573431 0.5918877089228287 0.5517626762626525 0.5894185637865637 0.6497402944455284 0.5792939549559464 0.5510406962474075 0.5315461504653023 0.4946038519583684 0.542035310994346 0.5260526055026747 0.48610008936430815 0.4106700119661205 0.4253335204224803 0.4187462374962033
