Raster_benchmarking/DGGS/continuous/raster-171.asc
NCOLS 100
NROWS 100
XLLCORNER 1743160.0482628176
YLLCORNER 5469288.538335514
CELLSIZE 10
NODATA_VALUE -9999
[rows 19 to 37 of 100, columns 43 to 85 of 100]
0.6862086362302846 0.7184677647052183 0.6804223719071196 0.6564987040212285 0.6271631924067795 0.5856886107832862 0.5888205318850757 0.6060265226877178 0.6449675301120389 0.6814842503144768 0.6517749612291763 0.6153664833160841 0.5675379389115912 0.5753039884385028 0.5873660386377659 0.6106084270022335 0.5978846233910251 0.578141591221287 0.5877103558654014 0.5232257314332013 0.5560413443408972 0.5394307034026982 0.5258142279525077 0.49527916454184373 0.4899532397076495 0.48546113402956614 0.47501539459596354 0.44149969565192504 0.3950521984876313 0.39072876960199066 0.37848304571135366 0.3778490074653955 0.43144010256127857 0.4445618191319602 0.44204083587206333 0.4569746012828556 0.4704718113548341 0.5030808503301446 0.42652739971173154 0.40978365072891026 0.43853767490765966 0.4270634333726685 0.4214272366259898
0.7171373737020036 0.6917041183285297 0.6990185741094708 0.6989362070953521 0.6574280470098917 0.6535902702269727 0.6346338846616909 0.6426948318017536 0.6423447966143763 0.6584851842365262 0.6803405126981 0.6699077491553737 0.6304405509180031 0.6210024808078918 0.6345572211526871 0.6385675926999153 0.6414549737630616 0.6566948776190237 0.6183222365870479 0.5971541494969348 0.60104401666964 0.5581799403572203 0.5374326247158597 0.5204434621487705 0.509232285850282 0.5054437896870458 0.5065403702894381 0.49326411848344637 0.4264278423952387 0.4033797754656435 0.3814546397127023 0.3859679868664097 0.40919896613404033 0.4695681906003845 0.45629679555584735 0.4943562268461036 0.4775444601007163 0.4704301386387585 0.45580604669896513 0.4370644643352901 0.45218836832507914 0.446397987931791 0.41626693654388236
0.7001590703682165 0.6942092206550616 0.7030681935551677 0.718378303398468 0.6762828822876943 0.6743075292362548 0.6822929656804535 0.6833893714674072 0.6829579786622082 0.6938774878902431 0.6482016591696795 0.6481506769131191 0.6482566437129951 0.6366450775445274 0.6524129131390746 0.644644518593674 0.664370256519258 0.7001414388866923 0.6638253234545315 0.6420792410878965 0.6550911340882644 0.6428849046611026 0.6258401946410156 0.5793048821922525 0.5289536444697371 0.5175926305220554 0.5140914687548367 0.5122516255816659 0.4453397880951328 0.44564190132686876 0.40581861141404435 0.4163373109594764 0.4092217807679534 0.47015494272131564 0.48487665072989006 0.5193808824751074 0.5036999820240238 0.4923743361999171 0.4366377149950117 0.43624880495654605 0.4305013561696268 0.4716316369302348 0.4508209381968899
0.7390059054087341 0.7400218850090389 0.7601689633367561 0.7192113661692903 0.7302245342074428 0.6953605623900235 0.7007488855400585 0.6643870426837607 0.6887717495948849 0.7150472312402115 0.6697168371108367 0.6717645212232758 0.7024282844317211 0.6860187481135008 0.6714280688169878 0.6894943856460386 0.6963608902438606 0.7213327423248935 0.7181371053483212 0.6954048549234364 0.6586832638862812 0.6548658519083472 0.6360781549373788 0.6156541631714887 0.5872646555586248 0.5793278014774151 0.5147636259776589 0.4818277429129158 0.45513944781526466 0.4738329810398775 0.4345024870691771 0.4070768282343274 0.42241520968502405 0.4187179309544478 0.44269680337442396 0.46514629788595485 0.483548501077915 0.46995031366743684 0.46456382198936447 0.44686152505327587 0.44130151581419075 0.4242854688619407 0.45281994273466514
0.7271270371414602 0.7663823416653713 0.7543948124506206 0.7615515770404538 0.7485654331440827 0.7266934293917651 0.7384249567178078 0.6804937332503749 0.6789855659192809 0.7115326854932241 0.7000555506281382 0.7220399382655739 0.7244404300408084 0.7499527824197381 0.6895207575995035 0.6930337145766633 0.7110619250184425 0.7790026843445024 0.7376879019903928 0.7040245807706148 0.6696439707958409 0.7006596600690485 0.6608742910410309 0.6050049194341616 0.626240833722738 0.5976093880162163 0.5424916357154972 0.5062395091245333 0.5020799678127484 0.45152662734577415 0.45261155288757654 0.46423499451068445 0.42569741130020455 0.4447885800846404 0.44663699031334464 0.4398904932721006 0.49160087144701337 0.5097558766109498 0.5136104049313663 0.45991750861538866 0.4428738462168873 0.4250325713482425 0.4149456252563763
0.7429073227160715 0.7577406236663035 0.7655630848721384 0.7649994847598908 0.7305230956638715 0.7120088427382165 0.736728412275244 0.7065708180491964 0.6789463456545618 0.7199917753540103 0.72153362382785 0.7492835307422404 0.7600386812015301 0.7662294864276472 0.7469580020027444 0.7601948590730736 0.7513167562986763 0.7894686042242103 0.741287428427367 0.7014041249584115 0.6891071302857581 0.6867348681386859 0.6875949318170317 0.6517416587633607 0.6222583373946882 0.5771274286921911 0.5621586001040402 0.5311725054439992 0.5276100335063058 0.47780334455748663 0.45193165169652194 0.45981601821383816 0.44052696984273926 0.44430223302512367 0.44559745481698626 0.43944750878594363 0.5046780113179383 0.4977645035448278 0.5303409989639396 0.5040647153977466 0.4679129346538233 0.45915778241877814 0.4111660689905079
0.7577817251427684 0.7798717700050961 0.7446776028178252 0.7690209449425225 0.7266961233438552 0.7096622707461355 0.708350043624833 0.7205827235004949 0.7016575140347117 0.7082912908436199 0.7396448888741048 0.77258061940747 0.7480650335138005 0.7535175133017882 0.7886351030298743 0.7786014717359028 0.7981590479970373 0.808656099334461 0.7574790230138202 0.7083728063126697 0.710581520591063 0.6883392442268654 0.6610855721871954 0.7004498990271734 0.6358567950353328 0.6238788794998995 0.6143749854395899 0.5882206438028924 0.5268642113861262 0.5124474751127003 0.44895487114306104 0.4527896710270956 0.44307211445917016 0.401338787983295 0.42326846830553627 0.46920147713812554 0.47964717951692126 0.5263554488271577 0.519796337383322 0.5202843851418817 0.49648572160177257 0.4229850889942338 0.4098461538451901
0.7178574940620244 0.7533711658040333 0.7668545124885716 0.7352206295218051 0.7397256808594934 0.73136969695434 0.7034651942769016 0.7404307737225798 0.6989255528997111 0.7331260917058666 0.7275108251127685 0.7285760004178149 0.7757623381044043 0.790430196189658 0.7777924597889625 0.7733189409084179 0.8125043598426125 0.8110409741383312 0.7952084413430472 0.7274328517915615 0.7303690640278312 0.7001514626111072 0.6749032283923682 0.6826557240522614 0.6811666492232735 0.6378446295497243 0.6246250080923312 0.5789010488879097 0.5446773907961945 0.5301124101639546 0.4776047412042664 0.4656422174457458 0.41402790169643555 0.4087172912764391 0.45178471785111884 0.4682759515546501 0.5149715374941879 0.5290755822100527 0.5288895430376807 0.4955282412220421 0.4729939791665235 0.43338590632693896 0.41224326707102
0.7065542333907316 0.720367287807 0.7464726455686831 0.7507070081636762 0.7247201588548635 0.6815942248187211 0.7153742876470579 0.7544909015309363 0.7183886964929062 0.694564505132495 0.7343337976766577 0.709106311304994 0.7544803843064881 0.7594632657231439 0.7736934819863056 0.8218519529935177 0.8077222710619149 0.8289755667438892 0.7713844350567708 0.7623380112734582 0.7226380116447697 0.7026206239479219 0.697866403298352 0.7006054582785497 0.6415672488953587 0.6455147923589221 0.5863652634965395 0.5753378665049951 0.516374104204919 0.5063515707337544 0.476109729018804 0.43838538417057177 0.43174892163311546 0.4161734838501329 0.4232977721729921 0.4747940167260415 0.47663533486362264 0.5295474802911502 0.4860084300043294 0.48179284652618204 0.48848494402980436 0.44984014079090956 0.4515940884058937
0.7356298436468368 0.7470468320740987 0.7387425261140567 0.7750810170633063 0.743760217813957 0.7280312065861775 0.7256057605038613 0.7446912812587355 0.7487871915764631 0.7019704494324871 0.7032796096089147 0.7346548558239858 0.741765456686562 0.7693099919757131 0.7464222884639562 0.806358949158278 0.7791329524980256 0.7666294071334709 0.7635998347615042 0.7510495876446303 0.7287559844601386 0.6937600600850887 0.6664274090449881 0.6358741782395777 0.6425425666309826 0.6016300373697844 0.5741746589323367 0.5432102690273813 0.5391074652954378 0.4965109368883007 0.48225040207865133 0.4821822479032223 0.4541963819990282 0.465002745304595 0.44536170176208334 0.47815333925154174 0.4965122886271328 0.5242176332772563 0.5100872782092642 0.49936469203430467 0.45825595244607864 0.46245339529081686 0.4804114658668116
0.7601411144710739 0.7640412454784771 0.7624660812296282 0.76302411344698 0.7800984244518052 0.7714922128903876 0.7384233004918984 0.7409175326894487 0.7308548303310354 0.7412576875817689 0.7193165634843718 0.7421134431245825 0.7369468861414424 0.7203959962130139 0.7380424941119361 0.773548188291386 0.7748030985238069 0.7611455935784939 0.7206742791344851 0.7110780139328927 0.7218455352690638 0.7090098549751419 0.6738571372023828 0.6208506058369602 0.6228539041902423 0.636454013110473 0.5906461693258291 0.5377052997307031 0.5200460919113336 0.5281631707676857 0.5023575855327431 0.4735614638660142 0.4565214311328786 0.43630654814724884 0.42385687892670887 0.466385320074773 0.48643015387754734 0.485816383619627 0.5043841427309456 0.48844995489870546 0.4673932411555849 0.4978846233385846 0.5124691527954717
0.7190942591581064 0.7734780643163771 0.7769709152121148 0.8011512069574556 0.7685064428267923 0.7862967152261827 0.7480762799160495 0.7635326323898017 0.7363212098388212 0.7419485008141895 0.7731901743479415 0.7702115218836737 0.7678459122951956 0.7345017251994435 0.7771555945756866 0.7611998970849452 0.7336258072802077 0.7495837070958994 0.7097472018761489 0.693844084603881 0.6942816938242992 0.7026763827074708 0.659470686916336 0.6119101311816201 0.5897730068065697 0.6220260150406707 0.5822861976453463 0.563746376169297 0.5636883424380554 0.565333307223096 0.5276621774333509 0.5095357199625274 0.486659763405517 0.46955676013207426 0.44601686790159667 0.4659335303087101 0.48493628093571867 0.5103880712522576 0.5036699434508689 0.4853834609174894 0.5013631180824403 0.49701628424967115 0.4996433393094943
0.7189806638959945 0.7714473773328391 0.779228195406784 0.7997430323092586 0.7699122287452923 0.7791653192002581 0.7618728726636089 0.7694602562166777 0.7878759241999749 0.7597346584653841 0.736594766434141 0.761801312269415 0.7496844328449902 0.7616197358433232 0.7849822369458351 0.7747816042344614 0.7358191147105694 0.6860279734760762 0.6697210206503177 0.6571431281855874 0.6622045223988727 0.6596385443634118 0.6493233215009689 0.5973886330353677 0.5958465362294882 0.5988844799398658 0.6015383180181397 0.5978425343412922 0.5819957954844472 0.5681490752086156 0.5636277444243227 0.5076810049303336 0.5036839180870665 0.42715381972079014 0.4444141833021997 0.41598953908880654 0.43952120068714656 0.47560635226199993 0.513192703510443 0.4977995605530585 0.5209802952738869 0.5044119192754637 0.46767416560973524
0.723059213355851 0.7425197231447337 0.8119212891839652 0.8261762513432775 0.809070735585002 0.7957335560634029 0.7690684474565197 0.7494340319526179 0.7920512182907649 0.7818386204969145 0.7398974865209144 0.7494795469918057 0.7553706247971191 0.7584757841624609 0.7571310705102342 0.7411554204143121 0.6934987537070467 0.685692079812847 0.6763240132920696 0.651854505821027 0.6302844133245488 0.6395550563513013 0.6568142506640019 0.6252467291209544 0.6274145196885803 0.6647416769834723 0.6589449547107321 0.6080513404771808 0.6092602466994214 0.5718388485431305 0.5414008646096727 0.5251641985921051 0.5204371641846285 0.5024100266584633 0.4768897575819383 0.4622031125959973 0.4679387318688704 0.45226295029459657 0.49755064750622535 0.4690339569104087 0.49201943310052043 0.4865082129424281 0.48316400696635087
0.7172426148356702 0.7608389214108697 0.7680632813410708 0.8211679637244474 0.8066975433040309 0.7717893073111769 0.75693583433841 0.7602450703518181 0.7972893229742662 0.7834075159090274 0.7681869132287857 0.7346611918902604 0.7493730255565163 0.7080399985180587 0.7339324539581062 0.7197542095804883 0.6791954975483806 0.6593362420642265 0.6373122287313464 0.6249738671125652 0.6351872746807719 0.6551965756170415 0.6345014438632427 0.6713557880654876 0.6911572681857486 0.7000477648185034 0.6781004562605654 0.6629967939834309 0.6250190208588311 0.6112837403598882 0.5815528720867142 0.5276688026083913 0.5270696509181607 0.5109579926843509 0.45603285910648195 0.45898142067777703 0.4747746164408258 0.44590472706177814 0.471158276836163 0.48888482804053124 0.49373284892722796 0.5082764657348761 0.4885202468996819
0.7370297319096766 0.7458169039535967 0.7751891238562586 0.7826571702695329 0.7815714855241929 0.7728431899013338 0.7927485192047043 0.785307583500484 0.7778695749865331 0.76863349990872 0.7588704475239598 0.7666302819253636 0.7514588823345105 0.7555809721169924 0.7283471918311694 0.6955969928065507 0.6820667489270983 0.634200129581263 0.6222978213191938 0.6207731504209529 0.63855368026231 0.6403123155526219 0.6401841453913821 0.6515084951681469 0.656638236030348 0.6537182043228654 0.6710909675851632 0.6571935409885763 0.6314638568860234 0.5941111100538878 0.6035967140839067 0.5551040739419878 0.5267415178996441 0.5136858748022504 0.4649317932609092 0.4664510649007082 0.4679520698066035 0.48619210491763704 0.45298860626087595 0.46611071559963413 0.49582569720234165 0.47166354922874937 0.4719748976100966
0.7621751011136162 0.7677455374436968 0.7559319385445886 0.8209304463856409 0.8255999119525426 0.8055999231470431 0.8210741122523454 0.7743886238969827 0.8024732006702209 0.8272170723252498 0.7540229133583035 0.7487731915692495 0.7555709853565458 0.7588713125464682 0.7581407406823439 0.7199039226684317 0.6862588890110961 0.6592313415846732 0.6315604413609435 0.622878086830736 0.6338858767677615 0.6083492960718145 0.6393964787314433 0.6269661875824399 0.6673160390542355 0.6911056889179451 0.6922238988756354 0.6430573347223164 0.6237977214023842 0.6305682255406406 0.5991021725617909 0.5521282924311508 0.5054335008747406 0.5199604622145002 0.46844822704684075 0.45343366708311805 0.4635881299247471 0.4783716468833454 0.4769048989784095 0.46138640339346965 0.49437886306474454 0.47194264362657135 0.4834336184589952
0.7607255017949678 0.7774954368831017 0.764240387066132 0.8259418540495547 0.7891817860206793 0.7851745215107446 0.8160999889990007 0.7839226490288369 0.7601655032003722 0.8042694955387886 0.7784413221009303 0.7810741632684309 0.7699711060322284 0.795365219133174 0.7692982309590545 0.709018854718614 0.6812740390283006 0.6780796050016195 0.6558673250166218 0.6228374473535984 0.6557422717101912 0.6330654263254455 0.64014010188631 0.6561873161812866 0.6874925257241788 0.6917069491988727 0.6996191641282702 0.6996310479558877 0.6740734795985048 0.6539737640177613 0.6182133183223141 0.5577194924148149 0.5289665435550788 0.5213701738948817 0.5206561659874428 0.501879094601847 0.4971464790381904 0.49489912918593804 0.5160775009191492 0.5132276329251653 0.48130287332545524 0.5002415532481645 0.5025458390793334
0.7669019088137209 0.7374398208578586 0.8037220416344628 0.819824032516083 0.8214428968199451 0.7920475545749227 0.8212515793224824 0.7829934069012298 0.764680177820049 0.7429115774271803 0.7409756876897349 0.7346856829778028 0.7387967025559123 0.7814116575361331 0.7607595372947609 0.7158181095886712 0.6954732926675439 0.6270704108631996 0.6322623046842781 0.6166485959651593 0.641798815177901 0.6915823770277842 0.7093004956720681 0.7193145517680634 0.7369277945425967 0.7598686557249031 0.740313263904783 0.7145111943515022 0.6737632812607974 0.6461590436174746 0.5810092672834262 0.5688758128221629 0.5629558868068327 0.5534066935697999 0.5514398713425812 0.540727128513673 0.541840129552999 0.5338755558970536 0.5222725087783551 0.5415319563301272 0.536643581534508 0.5349262781563707 0.5296085941252734
