Raster_benchmarking/DGGS/continuous/raster-268.asc
NCOLS 100
NROWS 100
XLLCORNER 1743151.4121642322
YLLCORNER 5469293.404215462
CELLSIZE 10
NODATA_VALUE -9999
[rows 76 to 94 of 100, columns 43 to 85 of 100]
0.5804354844428704 0.570018619970993 0.6222349296737517 0.6694751493052422 0.7015485663316051 0.6756623536197219 0.6764699810277899 0.7165686516179126 0.7687370952923188 0.8217472158186486 0.834018490319586 0.8153909112584887 0.8232978485552555 0.7644624003080009 0.8013494372224969 0.7660700902029298 0.7286894882481181 0.7321135391483266 0.7455938456793276 0.6956866872138823 0.7045121904390107 0.7448518022852845 0.7080032648820441 0.6871161225720519 0.706733649589038 0.7119174580863963 0.6874146529649658 0.629009431654865 0.6335478264510395 0.6319467189436567 0.6470558540326485 0.6015502884433706 0.6685194486485444 0.6531739131497741 0.650220086244435 0.6308581773001389 0.660620736123367 0.6513299353124726 0.5786306183968489 0.5501924788188737 0.5464193383984016 0.5612553873108567 0.5862516720652416
0.5663465471977001 0.5892011639810134 0.6485827152324584 0.6815355201076913 0.6404066982387782 0.6958069085100818 0.6914284411852988 0.7071530498355117 0.7349434016346145 0.7663463029591127 0.785645021202966 0.8150020273957623 0.7820752117036917 0.7425801028467796 0.744716062172045 0.7451057513159139 0.7517727591691288 0.6884659366248155 0.6739710565024111 0.66006914432175 0.6785093675390337 0.6821489824574919 0.676680585069467 0.6704281316307759 0.716278260671951 0.7293297310128855 0.7053394317905733 0.6763409092472883 0.665682919663726 0.6159896544404142 0.6396614144929267 0.6145391623411804 0.6609437504097245 0.6313224757287567 0.6479127330329336 0.6179284233267202 0.6255764433890307 0.5993738840247237 0.5739341083091408 0.5417034268014841 0.577767872489257 0.5794540367347248 0.5570354103264936
0.6074196422918993 0.6494793180439324 0.6341182820071073 0.6571453370070478 0.6672131966787923 0.6850266522119036 0.6668579208983018 0.6718307230758552 0.7199041001972684 0.7713112265449804 0.7715907366545597 0.7507784530855364 0.7389116579601327 0.7186800068875969 0.7469327004180236 0.7591856369250757 0.7434959943651865 0.7145626439035934 0.6726035530877893 0.6623080536291797 0.6887247854433352 0.7108986618539022 0.6731181301618234 0.6422732332728607 0.6741303664707922 0.7153971298293718 0.7228901172636332 0.729377056422672 0.6866984643940169 0.6351367049488436 0.6670233032577075 0.6117999168972249 0.6472342491401898 0.6779682569367772 0.6740784673967819 0.6398277627471051 0.6488316623687795 0.6607504383915331 0.6352123977575249 0.5598541916749171 0.5659349334848469 0.5265551766198568 0.5358672688461584
0.6262674499465373 0.6424062366074862 0.6272384268057837 0.6152680462487928 0.6053269300181258 0.6042173908205991 0.6333251073577013 0.6631571939992483 0.7276630127153476 0.74414783786932 0.7725473405890515 0.7590791654237604 0.7751452397953484 0.7674922581358443 0.7857523594030855 0.7362551640955258 0.712748905862633 0.6925629195842571 0.6673967587539147 0.679803047299651 0.6864161045194416 0.6920925652109203 0.6474078746637929 0.6316110246532587 0.6970727028475376 0.7172481760248148 0.7425016047800604 0.7136081675509737 0.703531382299903 0.6865083542594534 0.681112051345956 0.6515358875604708 0.6721369291303242 0.6633945357497384 0.6190756275566791 0.615739635184828 0.6599019721011159 0.6555591245514064 0.6307476325326455 0.5842145720234759 0.5773873762362587 0.58563043187895 0.5701997327842565
0.6369897594111977 0.658278372333476 0.6496862739512156 0.5925817651075632 0.5668033140626436 0.5796609489755645 0.628372498000918 0.6437045721959189 0.7427885616689606 0.8098023838320686 0.7606486845888333 0.7800530907119283 0.7465562781180007 0.8079981732117558 0.741466713589651 0.7589839303357376 0.7230367782937814 0.6430313550429021 0.6879899940325263 0.6812821836187102 0.6837049040901236 0.6054388185635924 0.6544241288441885 0.6164109111713919 0.6653867822231159 0.7196801781305174 0.7114625259129409 0.7329319995846549 0.7036436155348801 0.7062375571750713 0.6698151476838763 0.6739362420987605 0.6756456199790359 0.6541402138083081 0.6532742563544542 0.6238801282398054 0.6297450993007729 0.659261769677991 0.6300047956463045 0.6203610460044616 0.5607640762513751 0.5572845760420275 0.5823145574756922
0.6779591700948212 0.6358394255850606 0.6401611726927997 0.5939898112576752 0.6043438526651689 0.589454451277567 0.6358114927944417 0.6638323433673154 0.7195948138864511 0.7335302774200786 0.7186911993951455 0.6923851798525698 0.712047615272245 0.7599404855372022 0.7370898594188685 0.7145079725917222 0.6740742891595582 0.6387768539157805 0.6722091084499379 0.6469364162659147 0.6430452447902102 0.6121776736379312 0.6292291303941476 0.659248520463536 0.6990968296086746 0.7436134864779997 0.7294789169252704 0.7548552537188165 0.7262345718922646 0.7171538096874027 0.7331598325557819 0.6799313437659381 0.6840158901165482 0.6898426526803693 0.6870905598013325 0.6797829135405261 0.6649148782566979 0.6248488597857772 0.6334558104360403 0.630720323574284 0.5862625340568228 0.5968935807771599 0.6261891277320295
0.6193947207639899 0.648427885285675 0.6085230958313859 0.5940455753718585 0.6131521822799774 0.6056162270729714 0.6261111456148158 0.626254284547159 0.6876243389969504 0.6969702420358862 0.6559702209562566 0.6687039730765574 0.6690443521087001 0.7171436370942001 0.684560535515803 0.6509131612067793 0.6597832421685541 0.6596262178675825 0.6372980780748225 0.6627411664028445 0.6753282903542707 0.6361174519123892 0.6846812966515378 0.6976369385683154 0.7237291811010832 0.7457933702103388 0.766997171343291 0.7072474044820006 0.7371119431504708 0.7217987052718 0.7098703147884513 0.7029724032869374 0.6992898225829816 0.7007870982356381 0.6597554824330948 0.6463799745530171 0.6744565847426411 0.6427390975503869 0.6649074058828057 0.5979233975695132 0.5951461714190431 0.6495303264661055 0.6391367811510673
0.5696532823735385 0.5872473654599456 0.6057184723586435 0.6108707048518791 0.5841638575076492 0.6100688419393722 0.6151615865282984 0.6456238359503205 0.6395104721641257 0.6370950354306448 0.6592873226179349 0.6518004980930097 0.6990564476063389 0.7102665208808204 0.6551008178899299 0.6498392167486287 0.6546948478862106 0.6657294548963918 0.6571114772884015 0.6470066715859721 0.6325037541218614 0.6254623476716329 0.6930310209367365 0.6792938884058011 0.7097477041369344 0.7360309944865433 0.759488180250497 0.7262045975679199 0.7070183396362479 0.6768485279400328 0.6980599761235053 0.6832272388334295 0.6674320786940345 0.6410313954555336 0.6334800610986424 0.6808754333413936 0.6981106921902106 0.6616929458205447 0.6736216714965663 0.605836776997879 0.6232744464834146 0.6467306384601496 0.6575223642934184
0.5694594265959624 0.516392739658642 0.5498109608586178 0.5759192830107637 0.5364849730787214 0.5358404815280798 0.5551760907225781 0.5802240830841235 0.5936800899244762 0.5397933244390807 0.6238752959383788 0.6190146523466343 0.6646941432234493 0.7003635512168035 0.6916316725815582 0.6315970956475128 0.6261770076318042 0.6095909841524754 0.6531555682944933 0.6634623213035445 0.6744212765774119 0.6512170380534353 0.7132967730232089 0.6995768853277913 0.7043022745900624 0.742584477435394 0.7575553541096095 0.7406468910069568 0.7379115955237071 0.6978466563466137 0.7094430661922406 0.6313518419208249 0.6198896554408302 0.6270885285530655 0.6164693298714619 0.6827760475347784 0.6812761281579275 0.7004973537877274 0.6782422637457347 0.6449579964069561 0.6722068007903953 0.6768621255108496 0.7078220323838077
0.5529671682999263 0.4968917835333209 0.5298735574420683 0.49911766331301327 0.4994074774407189 0.46688515708256145 0.49281061153573424 0.5439062689958372 0.5387702607436771 0.5422069020975993 0.5525799297886146 0.6032389732357417 0.632661153063748 0.6564687262405153 0.6746945973830875 0.6739465135178099 0.6555862117971514 0.6259096165020137 0.637009276132444 0.6728975955618657 0.6804231569866556 0.706739415818049 0.7117314510906273 0.6850318495247847 0.6703922831573531 0.7040883813295582 0.6876265142408766 0.6925511461782334 0.7362658002685494 0.679804503199222 0.6858782954400291 0.644442716300195 0.6236992736433307 0.6152287383032392 0.6036762354445044 0.667663131401662 0.6854853979437414 0.6788674563540079 0.6805705667325437 0.7181029199352806 0.7001633703020617 0.7136879497914467 0.713326773186892
0.518006592641984 0.4870622622190146 0.5053481104594219 0.49727233138598465 0.44084753792290915 0.44737929271508003 0.4658912760439868 0.48529235927712916 0.539934636932897 0.532052285728444 0.5421594830351782 0.5900451614573095 0.6516758601698643 0.6722160466878127 0.6556629943446883 0.6574669543134164 0.6492639765052653 0.6248372308373977 0.5983206331503486 0.6241787396930649 0.6908609956365538 0.7064777787972972 0.6701348787615452 0.6682346204049003 0.6660025488517649 0.6879173796626633 0.6508399788865663 0.6851682925646443 0.6777303798177245 0.7078131185428012 0.6998445898526876 0.6536436780313265 0.6481985551566897 0.6017970094900305 0.599743215757776 0.6273983049622465 0.6775445617481967 0.7356976579609522 0.6997670678862393 0.7321894303918443 0.6888635061387227 0.7294157048584804 0.6706400319661544
0.5316479393331255 0.5071193789714583 0.45704431893715275 0.4569540807904476 0.4417687342613115 0.4778805338417137 0.4659360419330747 0.5104609322694962 0.4797676685194434 0.48574354376223744 0.5305735313583668 0.5437588124136417 0.5924125400781678 0.6435373252349157 0.6258343560899148 0.670059443647056 0.6399574250067736 0.6312127253428558 0.6136943393510487 0.620889784282184 0.6782908109781209 0.6715592061335517 0.7028853307110955 0.6986869728582535 0.6947708608021164 0.6951268418885151 0.6670020851059445 0.6696992837347712 0.6558044986831256 0.6451250030133988 0.6245217225612567 0.6547465205333869 0.6102883297983871 0.608819607714392 0.6703360713106616 0.6930542557240669 0.6938155375077457 0.722707847803293 0.7453729951625075 0.7462523104597037 0.6951538602046176 0.7132587005945528 0.6899471632146631
0.5076246164885045 0.5123746124538646 0.5127426788992874 0.4489824107141734 0.4690078828788254 0.47830357947548974 0.5056439120170313 0.5137266382023409 0.5068345730921191 0.4675218404999654 0.4880784764389167 0.5571484624401217 0.5962814947855729 0.6048471032736686 0.6045996278357478 0.6502737553305599 0.6347024330604023 0.6269770246474428 0.6590856261143756 0.661019417604074 0.6671348282972575 0.7066353568369355 0.6688286580294672 0.6789594651592841 0.685220378401299 0.7037052361823477 0.6786370047900813 0.6365107517672095 0.6168626402634426 0.6311485387613793 0.6033317744700216 0.6154270150495069 0.6049428614221211 0.6679575112552969 0.6610436964136617 0.7058243531351941 0.6961855287757128 0.7004928164551781 0.7154366473340262 0.729389759439175 0.6804230206601729 0.6728614491918409 0.6600779660514781
0.4766857057467658 0.5070478326938622 0.524355192340881 0.4549631076190482 0.48093399807309595 0.46721431283366527 0.4923754818228419 0.48167874268964217 0.485779577338122 0.5017460468611021 0.49965733722885525 0.566971696157149 0.573616195105348 0.5952618629320451 0.6020448223315109 0.6321567397145041 0.6207543222220118 0.6268925817724458 0.6306474796830962 0.6376755402881813 0.6515513362909117 0.682176559786068 0.6713625216284562 0.6758642776160936 0.6716058983610728 0.674982256857577 0.6976745948365073 0.6566555796467302 0.6497219337509468 0.6242707063901037 0.637877973582429 0.5975060162935566 0.6102112573270606 0.6145273432614008 0.621574561098232 0.6666370866594392 0.6848652935005412 0.6674310926357288 0.69288266798302 0.6992355219628005 0.7176437362111703 0.6593150765287554 0.6556704807455765
0.48573962414662 0.5380020956422487 0.5229463334749961 0.49197913920313624 0.5247939590045323 0.4983396350852918 0.5007977658601466 0.5069998443088517 0.5027788312949284 0.4919785017180173 0.5265940805061771 0.5507202088904412 0.5853780310842891 0.5606185357203295 0.5761285804833318 0.5724098951102947 0.5858431415357781 0.569550613778186 0.6238517267223792 0.6721399924309845 0.689191908489028 0.6895044732242132 0.6425753523495572 0.6498318842113164 0.6991427405579052 0.736396295988454 0.7107619927847307 0.6984544554375363 0.6769985265763441 0.612288479989911 0.632076395863082 0.6517201764759296 0.6023114385535132 0.5990428781603967 0.6164363934308319 0.622030800908066 0.6121211973697204 0.6139881233038609 0.6521163887011209 0.6904098772502985 0.6773712723426503 0.7136144436435815 0.6603650500553698
0.5136215812741488 0.5169814746260554 0.5130770232385002 0.4721086413808356 0.5140318747171497 0.5281428731936849 0.5184853932051511 0.5002353521185142 0.5251457940760335 0.4957949512218709 0.5479846832891769 0.5377422653367725 0.5836165602631146 0.5406370178373183 0.5326432024395087 0.5698720942593262 0.5793687841726685 0.6117200811373922 0.6059686381530385 0.6759667934711778 0.6730672911671784 0.6434493908202733 0.6626533010305 0.6643371406686042 0.7139649405363113 0.7277970325075722 0.7159094422607373 0.655568961732514 0.6344103495425955 0.6126198156274116 0.6528392664364076 0.6377742901396732 0.6527543774470548 0.6473950851143964 0.6207996908053941 0.6371299748202146 0.5950507848679126 0.6368784544325791 0.620186080675236 0.6453953258547552 0.6437408915104221 0.653831564128175 0.6445246310070103
0.4952257376154303 0.554125846774999 0.5314721889835526 0.4718374769976731 0.5014464352667535 0.5196391752162816 0.5564899590058725 0.5156422309078164 0.5494144812455163 0.5133316023055163 0.5431189352817214 0.5291840149438363 0.532817495294975 0.5929412321908892 0.5219252334472675 0.528143622324829 0.5709427859232062 0.5956929644714462 0.6007992759850059 0.6522824989668211 0.6208869373611332 0.6297430625839574 0.6546956219823609 0.6209334318753801 0.6860191634400282 0.7263473761634007 0.7198891765042922 0.6392782459810984 0.6064283636584021 0.6334615427310709 0.6233779304528814 0.6570260714119263 0.6360615521347397 0.6423957558764569 0.5905700551111581 0.5971483421767706 0.5788858926976057 0.6124439887345315 0.5796025630839744 0.609868679777875 0.6356939009541908 0.6246422019243778 0.6141313515030083
0.5022891955532552 0.5161510748458431 0.5195396784727384 0.5319331963603015 0.514817771412027 0.5121702075675028 0.5476012725871935 0.5384329180167521 0.5440496721949679 0.5064359525637477 0.5313110570844144 0.5181126788692153 0.5488416773246173 0.5311754814092527 0.5219919786065463 0.49427642543486916 0.517273069993544 0.5427278741517739 0.6173689763336482 0.5952406230572161 0.6286542452402216 0.6190781490278237 0.6292437168924874 0.6456395384757835 0.6225632157824849 0.6812014456818388 0.6728770248429844 0.6564833735637037 0.609882454733408 0.6274160927559362 0.6669315014680586 0.6462989694915107 0.643396439957954 0.6308830262947093 0.594347474195769 0.6072316337008137 0.5896520900250449 0.5826865995797628 0.5874075961184758 0.5650163444459438 0.6047725275929042 0.5966845843251769 0.6340175730815117
0.48133280067381606 0.5107397190074779 0.5368133374587991 0.5014667104539199 0.5121081338348743 0.5675971147432913 0.5366201465029932 0.568202978229423 0.5422186560809056 0.5064047674606612 0.577370632883222 0.584781837734945 0.564384761157678 0.5524726819068471 0.49424026638565294 0.4969070951683495 0.5030927629464764 0.5083167816721726 0.5682032029528009 0.5865635615199036 0.5598249133304006 0.608232940020715 0.5849117895258206 0.582888106101102 0.6212179833845192 0.6800474323035246 0.6501266969040572 0.637009287967043 0.5901717764885868 0.6406227992755132 0.6421612736182146 0.6313992672756663 0.5942390797311133 0.5521568048164304 0.5526375738512772 0.5583532396013339 0.607829854374969 0.5976736858918509 0.578370755103509 0.5023930766624504 0.5931383413005816 0.599611252360963 0.578536552040828
