Raster_benchmarking/DGGS/continuous/raster-441.asc
NCOLS 100
NROWS 100
XLLCORNER 1743163.9896940559
YLLCORNER 5469291.898845137
CELLSIZE 10
NODATA_VALUE -9999
[rows 19 to 37 of 100, columns 0 to 42 of 100]
0.7807057601311788 0.8251040780901618 0.8307763370841238 0.8206806752938064 0.8124087609294675 0.8396597761985765 0.8690109791118883 0.815355109089506 0.8164279723310178 0.7713695382901153 0.6791987631363794 0.6854861759966705 0.6844779982818675 0.681003328812888 0.6411386387299235 0.5963632930718524 0.5599918372924373 0.5354255802428114 0.544976691508026 0.5118352897776591 0.5365190111220507 0.49367315691082103 0.5073979218755174 0.49073110805638975 0.49082409387188897 0.4492003822739485 0.42281458628866747 0.4002970785618291 0.4298578956418847 0.41695239714608845 0.42216602153338595 0.3931830456503911 0.34816532920819593 0.3051011036150782 0.3185424105973825 0.26797582381209534 0.24266411990351838 0.26310875639087483 0.2819227110164302 0.2594122217934955 0.25992636455739776 0.23912579998397768 0.23190088790320212
0.817351136077964 0.8277398303400799 0.8403394923180518 0.8127817211333519 0.834512047376001 0.8098958320301584 0.8009890372584315 0.8309864943633598 0.7840975703414943 0.7535269317689715 0.6941444454670787 0.701234396896758 0.6674185921374742 0.6696876188971267 0.6035768851819697 0.5862018572962411 0.5925071248242271 0.5420599237537326 0.53694042012536 0.5053782265303252 0.507157907900745 0.49534781026240204 0.46394856815529467 0.48223959929253807 0.45064806332523705 0.45407637633107484 0.4230082270222497 0.4332637285135608 0.440611204770239 0.4100624245324239 0.38844850987093643 0.3655900492753134 0.35122089670897116 0.34644648396181804 0.2961678119430215 0.2903140126120521 0.26787139042141117 0.25271283785686127 0.25665567853121996 0.2631239597458785 0.26494437148983163 0.2597531645590988 0.21683668871522996
0.8064339135579192 0.8407360033463361 0.867193271314908 0.8374803292360898 0.8246597697345551 0.8283857350866469 0.7978976319284159 0.8094916788643491 0.77674128678248 0.7507412590232212 0.681306463542461 0.7114389453584847 0.6736098689354421 0.6709425420696008 0.5949863634469535 0.6160656784533101 0.5939217088653651 0.5621279736924459 0.5015115727721265 0.4898024863006532 0.5110152607509184 0.4954478206306317 0.4632707161195322 0.45829809268388627 0.46063949216932104 0.45778960092706683 0.47434774915359457 0.45684129933274886 0.4473378770660755 0.4324038703890314 0.4212147537898881 0.3698011583429789 0.36371073100938084 0.3177029573949796 0.3213634274701614 0.30051307650952175 0.28716474957419064 0.2547242713793579 0.24687368698798304 0.2205401928606577 0.23775595733439467 0.21709229458739043 0.23449467894356898
0.8092508027007501 0.822416278544212 0.8378824004213523 0.8544617616189084 0.8622190131068851 0.8480397965205309 0.8530930584020688 0.817849438056582 0.7863078060298878 0.7474432927778267 0.7213901046505911 0.6993067296434664 0.6719804502933493 0.6462766735219462 0.6139917600487083 0.6003446688205535 0.554319179273195 0.5392668788769089 0.48875875322390727 0.5094652812072898 0.5152974150249637 0.4706961283622923 0.4816586692055116 0.45842717769090424 0.48585808520407214 0.460104903955461 0.4960988677678659 0.48364111505219143 0.4425194003911162 0.43286211955794474 0.39615136255871114 0.3841018805787343 0.3989911537479904 0.3371204821144863 0.31367857905901253 0.3054628148358162 0.2990098935579877 0.270132958177529 0.2556954769082778 0.23380297554000368 0.20975232213175046 0.22857386291054121 0.2413710135253382
0.8495685729625997 0.8485545542803445 0.8491840780804993 0.8569938830125012 0.84220866083301 0.8381509988755218 0.8700953821017726 0.8196700430874592 0.814084342357748 0.7576320693952765 0.7262982998577304 0.6931499724976995 0.6843950862385305 0.6580457793038041 0.6270119559243499 0.6199042037123428 0.5828104299605246 0.5366838129939089 0.5058792057031156 0.5187202213401539 0.5171389425845715 0.4743412887389922 0.4438640059260836 0.435166631071823 0.46033022561701137 0.45004926835990194 0.4984772359600946 0.4648074182838893 0.43975125407999793 0.4347870026249396 0.421378378887415 0.38388975553079496 0.41493633177014266 0.3620045376353047 0.3360202733564539 0.3397245189282685 0.33523248519004845 0.3229282517598344 0.3005505460068201 0.2777997695201741 0.2192734389495836 0.2006224458911603 0.18516688154050434
0.8444264294438206 0.8650383494767643 0.8510226660020095 0.8360114772273233 0.8233051179697854 0.8090339460599436 0.8342901483721205 0.8399847090008841 0.8081095384011795 0.7500859848775266 0.6894807699476577 0.6891174973127911 0.6918200922745736 0.6444728350879877 0.6181624488263705 0.5998951220877533 0.5572642845323503 0.5329934737974521 0.5067693063758757 0.4722693979168241 0.4665461515138195 0.4649033137979335 0.4839192496141002 0.45292881054095513 0.48566123139885736 0.4713224902855449 0.4924644833699127 0.4582367147622812 0.4721973066477749 0.4589946524596984 0.4324995167263898 0.3897442025478922 0.376649523658545 0.3976697855248955 0.39369596738558726 0.36370161454377054 0.3136723191300821 0.31899691135225944 0.31169348652854434 0.28384287330766433 0.24400484456165775 0.23792802601663315 0.19063620973490533
0.8212938407399495 0.8526334754193992 0.868740116180417 0.8674556443715137 0.8109412498821803 0.7749932664925416 0.7895659702447613 0.784264211790543 0.7942836762581624 0.7434017054767372 0.6842371283821695 0.6677257675925393 0.6989865382616092 0.6528269959804142 0.6577104254550193 0.5880718554881306 0.5520484221473493 0.49355585778602845 0.47261501112965404 0.45312717393807483 0.4415233805086468 0.45330248545008445 0.4908046605063702 0.4672352057927362 0.48787460345665407 0.4843540348869682 0.47951550273204147 0.47126242262915086 0.4883574530954316 0.452397907169518 0.4418785999610252 0.41009533938919474 0.38598957686652935 0.4162130268033821 0.38506624231589714 0.3675078463840735 0.3422013957391248 0.3131166888963656 0.27456645443930905 0.27359620397289935 0.2572487826865545 0.24011968943008635 0.21806335639481877
0.8112871033717831 0.8494896591756778 0.8586601940120492 0.8612878503430261 0.8219938484223643 0.7954288060616147 0.7777886244519794 0.7854893108798019 0.8041066278441823 0.7476142804423254 0.6990949648281088 0.6728633440451836 0.6486881383299711 0.6469345729810251 0.6474109432084304 0.5939739847095714 0.5151510303594277 0.4991686144742062 0.4853102968150769 0.47762031232930796 0.43966433298336466 0.44636781223008015 0.4709596652753428 0.47155340273542967 0.5072183507707061 0.4888392002461039 0.44588920024887746 0.4547547134476538 0.45339185374333696 0.4808904942811466 0.4260099823728552 0.41542931273930633 0.41306454505832335 0.4056275428176898 0.37712036426595014 0.39116407295868355 0.382314579720193 0.3416711357844128 0.31245394879081045 0.25996925824921185 0.2684206838340946 0.2887377108545253 0.2543261970091691
0.8575547499478803 0.8570874251286551 0.8727069618060074 0.8485319174631392 0.8482404047400152 0.8187224863422027 0.784422695084493 0.7855714963775495 0.7927267615483841 0.738090422100226 0.6930630000055447 0.6341025155567319 0.6161933599705347 0.6339357089521661 0.6041810309100553 0.5611829145910181 0.495272380305941 0.49289325354858116 0.47833606603865275 0.48184599118407795 0.4549723783930631 0.45080796143524104 0.4856783453379871 0.49170383767500175 0.4852590842647249 0.4677285357025841 0.4373790480763921 0.4586941189581662 0.48605852984435893 0.5003418040135051 0.456703267834691 0.45841324630234287 0.41319069480881765 0.41452858967646017 0.41306633115048436 0.39772616537657873 0.38650661964173827 0.33141907530795545 0.27991296355753514 0.3070911028218606 0.3171847862484223 0.28716636967226655 0.2873867199283233
0.823742274482487 0.8805500147711796 0.8510739178874428 0.85642905895465 0.8325794772793744 0.77109241350359 0.7528990238991335 0.7664164268162958 0.7476092782907986 0.7043669870265847 0.6710858619085421 0.6457185480256569 0.5870167975854768 0.5819070149534706 0.5538492467497219 0.5171211758261163 0.5044251573857887 0.49950145689776093 0.4795939646302539 0.4971092389202155 0.4896111763984569 0.4411074027483435 0.45707140533930624 0.4371377790640919 0.46011352806401096 0.46283318748553526 0.43155746016436036 0.4387409515427851 0.481797424766173 0.47450238976002473 0.4436193334565574 0.4563341150009733 0.4602991838964176 0.4420219720034241 0.4301756432308457 0.38312705896371707 0.342794213040122 0.31360828040857536 0.3225646769018688 0.3177466451193683 0.2957754952985086 0.2943988511283486 0.28540043378649865
0.8276366858357046 0.8253698614482305 0.8589783329344808 0.8580046337016306 0.7816224783426107 0.7513342518717913 0.7536666386589543 0.7572612896007163 0.7251162142905838 0.6528638271447896 0.6059861368337184 0.6187629687682635 0.5814310211184966 0.5531951536858848 0.5629995092872131 0.5396281577433393 0.4908802268020805 0.49868231679121405 0.5153210654118453 0.48570309070942586 0.46607693253740956 0.45296984597442513 0.4172343115068179 0.3988679464633652 0.4046607787544928 0.4424616183198609 0.4296753469740567 0.4201525337360168 0.43678722766236033 0.44068856753629987 0.46358572692394134 0.46193223215043866 0.4678563003280174 0.46506699907251453 0.4355176249950669 0.41480887072894745 0.38754494759952246 0.3483933889476398 0.30549419702450453 0.343511349957165 0.3287876644112085 0.31640836502180575 0.32042165789919447
0.7990152291550661 0.8391797436695462 0.8160536552610897 0.8349495791725697 0.7745332549859274 0.7531506540767577 0.7398490841279476 0.757638952104612 0.6829664182556776 0.6302807316100348 0.6197215140733972 0.5979636550302201 0.5756583833844506 0.5836102995475553 0.5391415993494436 0.48951065053721005 0.49192704869991216 0.5194751435100796 0.5209498031240328 0.4976635175939722 0.4535836541514208 0.44251019422543614 0.3965246513636774 0.417968085187516 0.39017717463134355 0.43394751909061124 0.4377067414650107 0.4482986909375029 0.4356783122388465 0.43716067087210825 0.4473070542823062 0.43811131221277405 0.4065070363003389 0.42249864750736427 0.4293384602220056 0.4223898433584037 0.3942925979827096 0.3618737204105152 0.3231895160125116 0.3241990353446132 0.31923167277886655 0.3258144559162896 0.28895576732581635
0.801577748264381 0.8185048208019243 0.8355279022061218 0.8258200048361712 0.770554086609194 0.7810062287643712 0.7917929767512332 0.7580242508251501 0.6917260162063652 0.6180114473499706 0.5950841914362065 0.6103411989302181 0.6082166255575131 0.5753393072717375 0.5166470654700348 0.4870496612110978 0.4760158501571696 0.48612357484281665 0.4939593005029494 0.4938158804525815 0.5044696716084129 0.42267593766656497 0.3787061392858122 0.42775586996320564 0.3957509848027182 0.4185197017125798 0.4628549499371374 0.4297894953711105 0.4354671335886949 0.4329690775161024 0.40987658051273734 0.40955514111894153 0.39173043069545277 0.4316430086442663 0.4583552337309947 0.39790888943111813 0.3763298670074391 0.36904856981511136 0.37631396792077565 0.32457986591622356 0.3367805074888564 0.3025088603038426 0.3001466552618297
0.8544030694776653 0.8405458296059057 0.8107158247995024 0.8283536280967351 0.8049321835981289 0.7580924095990034 0.740970834570578 0.707575425702807 0.6526316041811225 0.6242557715059076 0.576652092022303 0.5826474082817295 0.5729445317175391 0.5694350828049062 0.5358883508541951 0.5124104192114116 0.5213958261233193 0.5180950632375761 0.5317640511241004 0.5306053634701777 0.5201770809442589 0.4590251307741762 0.4510775098066759 0.4459937780537565 0.46810219212950677 0.47884463620880563 0.4922241021455704 0.4372486127255874 0.4101100455270512 0.42671199941018284 0.4208186950988213 0.4056050593073975 0.4156314404058433 0.3928555855574579 0.4093555811202548 0.4006440506662087 0.37991793076447167 0.38025843407736104 0.3315337427684171 0.3250808382386833 0.34137555774171646 0.3348721547920547 0.29966238143531454
0.8650410798229131 0.8678499895414353 0.812551220101814 0.8072561426317407 0.825873650979435 0.7513389229819989 0.7183337180481794 0.7045705493228946 0.6626477261843196 0.6432220221583289 0.5868325535370035 0.6032551919697681 0.5756902566829277 0.5675266277742791 0.516471001362738 0.5186124952095242 0.5334359756544627 0.5593817496602576 0.5477713909927594 0.5210465940502438 0.5165160487311315 0.46176128103173286 0.44390957268732123 0.4680822054527063 0.5067529102311548 0.4972124334278663 0.5054331586801812 0.460842683331001 0.421030393037583 0.4150812481081158 0.40762135355156687 0.40133798503227247 0.39924977499642017 0.39832424335187055 0.4044403804125077 0.4086876639230306 0.36305991813491534 0.3247975780978342 0.3248582778606008 0.3040033276161068 0.34549796417031536 0.32106705797790874 0.28264427079504334
0.8700301419528885 0.8607524041401831 0.8245342734331927 0.7972841844733956 0.7918665159089329 0.7653642407457808 0.7224959220613095 0.6742480776775253 0.6363406089295154 0.6389492356072876 0.645634476348427 0.6298154475023451 0.619041913039194 0.5819100353525821 0.5491120590372723 0.5685328400578987 0.5810262519247931 0.5723773135559387 0.5440693961048731 0.5336161449290445 0.5453139370520458 0.5237274671150682 0.50525448138273 0.4995085925089343 0.4928612698967255 0.5305401943002658 0.5188128271659237 0.5196509305092927 0.4519316058558023 0.4481172615797131 0.43604656084359866 0.43798974457697804 0.41569191549263707 0.41651123474663737 0.3802688834429618 0.3696947604105918 0.38432071014619223 0.3325796236779542 0.3086145450249267 0.3201614889794242 0.3227930521150479 0.2738747392554175 0.28659598652207124
0.8934437831580179 0.8327124296851182 0.8156177313171593 0.793584380514589 0.7508685183775011 0.7497136499720195 0.7281731579591041 0.7043426724572067 0.6511187602546948 0.6507953652980145 0.6552253407840382 0.6233708710566931 0.633890961965661 0.6029826716728011 0.5422013930475535 0.5573302252704165 0.5774773428671668 0.585892747868715 0.5673730155536202 0.5509244881441974 0.5086506120791691 0.5311692152927034 0.5475361906979075 0.5047316442722743 0.5211220771238122 0.5068891514056407 0.5353272053010554 0.5448815728333102 0.518247777515907 0.4891745658758415 0.445064124984611 0.4643622875776733 0.4675980035478389 0.4645865408168232 0.4206212272242302 0.40574962814135396 0.36703002422283193 0.37208394693706964 0.33932462369100863 0.29476941574149446 0.2923621395928458 0.2862318697876588 0.23627734929254487
0.8592612950781946 0.8371679638987444 0.8040529399436227 0.7847147098042878 0.7399015025118342 0.7393215782905562 0.7196636182417463 0.6733159982010164 0.6625824037420771 0.6734560466797299 0.674739820425048 0.6194113651893047 0.5884589482974864 0.5764824146974405 0.5786381057582674 0.5433086570953328 0.5603883043822633 0.5690723685233433 0.540216114766674 0.5520188793983655 0.5449056952817533 0.5106932520139562 0.5229650174028696 0.5542326566036504 0.5539697283802449 0.5189319572801463 0.5283766827510569 0.5363055832179244 0.5323706180538668 0.48251631521821453 0.4554063074674145 0.4900958033039656 0.4861523611420608 0.4495658182237507 0.4118343863894946 0.4121243963602193 0.3765759443551966 0.39746930135981706 0.34380112392748224 0.29572352834249105 0.3177887193110365 0.2918362666268519 0.3046946703307168
0.8487203672314909 0.8424322701033511 0.8151776001005551 0.758561785010797 0.7370083673334911 0.7278598307598586 0.677921482120894 0.6956022911573129 0.6859849822225448 0.6445965771942564 0.6482646385993084 0.6207964119338664 0.5934355150622923 0.5748538985145458 0.5478800345019059 0.5708911766416152 0.5752765940785424 0.5858115460666506 0.5672228076061742 0.5450387792133212 0.551200355796266 0.5369311104963644 0.5238220059270492 0.5611497403852623 0.5688847593947104 0.545016679969542 0.5310212513984491 0.5172341201596947 0.5309191427584727 0.4986059929686879 0.5020949910595697 0.5022249151505267 0.5086397477829839 0.49178262047119636 0.44101123244156193 0.429362017048607 0.4185117265555682 0.39323488822859315 0.3653617464589573 0.3311997758734427 0.28658666707843483 0.2736516981356934 0.3241708718130314
