Raster_benchmarking/DGGS/continuous/raster-452.asc
NCOLS 100
NROWS 100
XLLCORNER 1743157.0759027924
YLLCORNER 5469291.98391566
CELLSIZE 10
NODATA_VALUE -9999
[rows 76 to 94 of 100, columns 43 to 85 of 100]
0.30335908659415833 0.2889726790337441 0.27297718267478055 0.28416323530409465 0.2640126543736828 0.2381150348884986 0.2109838452324695 0.2364929789680823 0.2654340692368349 0.2348326450319986 0.21994936161196085 0.22368156849987553 0.23688750537189143 0.2236476119259413 0.18754429869101139 0.22416208635874874 0.22798299302440284 0.23822617135770116 0.23282579101245027 0.21590573425322046 0.20263675009121815 0.21493070597513303 0.20581192651013228 0.19949499982712163 0.18405401255597734 0.18756086630089028 0.15191758410564124 0.1621932735265217 0.16538915888484407 0.20888008306217032 0.23952954313312413 0.24482065707300543 0.25403602272830894 0.23517521847491904 0.21573515449398362 0.20083462879686623 0.1806259270816743 0.14814573565284309 0.12270886248625858 0.14271825212316608 0.14236645938752956 0.10852663335538969 0.1296062421673092
0.321549327743142 0.32907876865693647 0.318496646610204 0.3130728688783184 0.26422340580007597 0.23323519538706344 0.21864172076431448 0.2333394986119037 0.24904941082993762 0.22680314540969249 0.18769573891456817 0.19664360070288847 0.22663541095602915 0.21602313316719882 0.19751005271348546 0.21246682620552118 0.2361080387651373 0.22206918266946984 0.24794991027202967 0.21899869375291628 0.20850912674072045 0.19146641012100984 0.19542628114665753 0.16443616620807644 0.18242406175782394 0.1867350743511453 0.13669013121917362 0.14631709936888554 0.16814137043628263 0.20736287517213056 0.21241774088543125 0.22975496383328683 0.21547430465915837 0.2233064702409693 0.1806629397861202 0.16903488098307243 0.16509012823637176 0.16674999774726051 0.12007548639174231 0.13112409688476262 0.12441089217258162 0.1110665087778946 0.10408194428736078
0.3675867447894846 0.3346058626619758 0.34332417008951993 0.32363631761826617 0.30381242006113673 0.2685066754324833 0.22441732426473374 0.2494405044051476 0.24136270962354126 0.20078206900964213 0.19503616490600983 0.194627266916511 0.18607505864423868 0.204103962895894 0.22487553613636743 0.22667362681492292 0.23205894848824296 0.2222891387710499 0.20611121705918972 0.18385043192355782 0.19245938808849553 0.16793244181009026 0.14080547640608193 0.141809728614855 0.14883865531181695 0.16210957604529946 0.14617479926507237 0.15592342768643738 0.17667675516325493 0.16610027980914038 0.18832231165266913 0.1954633082710283 0.18989152225488531 0.19842606657750075 0.20635049062498365 0.1821581385017921 0.1927099825013683 0.16329200139618508 0.14916400818154765 0.1392702798423214 0.10595086924906807 0.10543181944515409 0.10814639779796284
0.38346852141247445 0.33124753193657336 0.33005461033118877 0.317129314169408 0.3069304458460353 0.2775213785420416 0.23994541941434527 0.2156795222764083 0.2102403301226249 0.19096969040633724 0.1635326259700796 0.17371594056456893 0.16654780471349162 0.19232623009923885 0.22341552239516976 0.20860554556892155 0.2466843136331466 0.22295679883427247 0.20581649766261126 0.16175291850918902 0.14242224151826827 0.1374425722666456 0.12222371031745395 0.1502766165006134 0.12567259488990304 0.11781062644396849 0.14197002741410886 0.13603266127607833 0.13662027641505534 0.13353994391036733 0.11928461269255289 0.18689624783276612 0.19812540134611442 0.1802042091150218 0.20604922839744624 0.1775697473721543 0.20245981578715655 0.18365737642738844 0.14668249265318123 0.155529554303017 0.11909700967758152 0.12269643913551014 0.09845139476153153
0.3499038519805884 0.3396180732576361 0.3420372825755214 0.3344400256628499 0.283596874207611 0.28012024162140603 0.2420864249840072 0.2421699691644084 0.24942598687790654 0.21388809419202648 0.17904130135396557 0.17303852486861565 0.18163527360457363 0.1894491620579827 0.17158878330824973 0.20071747826518194 0.19444844482036222 0.19161200428126957 0.170701230917688 0.17573560371578414 0.1599812537169682 0.13653829446863974 0.14557869775854862 0.12677473554555238 0.12658844044191353 0.11927467203758918 0.1314490490672493 0.14285628738803208 0.11068581421071565 0.10467973113923044 0.1344474152202099 0.15590657666160157 0.16326263177753095 0.19031915191193327 0.18584926366068055 0.16665647141274173 0.19454588220961466 0.18677027671988833 0.16163570294936477 0.134270678513209 0.11986810226417328 0.11548945757140955 0.12004286693114734
0.36112033390871767 0.3544644330019 0.3350774132075479 0.3317576774798494 0.2957374932864956 0.2853122641853032 0.2571800558070279 0.27498858120195335 0.26404199804641 0.21887423412201185 0.16538632897577574 0.1933005261184382 0.17445032757443119 0.14406323813697608 0.15686630174257932 0.16431344811400522 0.18118808652581334 0.18693397371349704 0.1846589237284838 0.1664433051146543 0.11835618002912333 0.14343907858781987 0.14558998962954922 0.13226986487716513 0.11819468522159668 0.13127178296059658 0.12549892872555304 0.1091634263741653 0.0937316096160591 0.1036457031702927 0.13407560246635025 0.1626225048422195 0.188703757975539 0.1922656307464892 0.17726825935183493 0.1716475663051072 0.16071626395357388 0.18467427404948394 0.15784023210227935 0.15536284268529563 0.17120812748104333 0.135670402285453 0.09339897398063408
0.3463172667191854 0.3447930327971876 0.35688918958908655 0.34112159655876945 0.3162364808169801 0.3335510344242603 0.29998699017298197 0.2734272700565521 0.23179044311154207 0.19932836712004087 0.2001595688385456 0.17649497085244797 0.16133309869316442 0.13882733446663778 0.12488926519771819 0.15836213684578546 0.17118567191135736 0.15184963988671588 0.17602642936947105 0.15049084585180558 0.1638121366993377 0.15238555738549847 0.13237711195151503 0.12033934631269447 0.1350138750372523 0.14088905211131492 0.10755472797447202 0.11444939246603557 0.10863242533355046 0.13232801924576032 0.14052482396257757 0.12127648439488274 0.17255835841178696 0.17420510435146794 0.19922640995214314 0.17803540056537792 0.17837895632261322 0.15676540426569432 0.16125956474415257 0.16309492585978383 0.18250393559175362 0.1527758215497135 0.12179785348572847
0.3870298451405511 0.3624397601523049 0.36499054627177585 0.3723775848568292 0.3672836107658374 0.3403791264616994 0.3290498958033948 0.27194274313079325 0.25462521816774897 0.20984478309689525 0.18523094983938468 0.18904853063455054 0.1735232657753713 0.1385440785366408 0.10696159290976655 0.1312566218137416 0.13157087822674163 0.14710890970219262 0.14916429014727825 0.12441109751139812 0.15085597960650468 0.12187633826375205 0.11584757776836557 0.11481017503619521 0.14971847897928225 0.1380730047479929 0.12183235346143025 0.14812642034492302 0.1466772064141297 0.11774660849960247 0.10072841731967347 0.14233278917972608 0.14333609809528783 0.1688443696618503 0.19615402155607461 0.19428749012225532 0.17717364101518812 0.17997731553224575 0.20993906244569085 0.20548400151937146 0.17718148010929047 0.15587213895203153 0.15513996063309649
0.3755194997536218 0.4020540285138517 0.40413717720254405 0.3943301704696225 0.37761548059833544 0.3647277228612169 0.32521574333515735 0.28645002856345136 0.26580129509051825 0.23073255106980953 0.21610128694432262 0.20265961422246895 0.1869150225679671 0.13540891942362454 0.13231438817012348 0.13955576721277702 0.11827266134595035 0.1296934379756781 0.11643366691063259 0.11666275124080389 0.13486321334777082 0.14049833927905123 0.14635228866745276 0.14355461661340146 0.1419851130213773 0.12789677947463432 0.11929409895768144 0.1264490180646391 0.14820327196253194 0.14715566055029547 0.1349227282580068 0.1340821084827898 0.1479109145055351 0.14848307500044913 0.17860006879733079 0.16912898408354857 0.1948903751543381 0.18732340958213925 0.21162333914738987 0.21115605025484588 0.16484006316034203 0.1705798592514814 0.1420160474399665
0.3872914528306739 0.4080904605391208 0.4074949214412734 0.4019137353017126 0.3907510600296742 0.3583897076642521 0.3186311709660711 0.3172218205973181 0.2757083256464858 0.25053259855670357 0.24261111882935688 0.1945433414365333 0.17904135495575899 0.1805387907632469 0.16527358791468583 0.14021382233679472 0.1311355023792669 0.13921975262449002 0.11441048820259835 0.1429335233387274 0.12442884892506424 0.12179808576267843 0.14869894102520684 0.1663908664133596 0.1456881339571646 0.11832773843218766 0.11561435447540137 0.12868688860654187 0.1354634402829313 0.16964260838345974 0.16748407959849357 0.15672403710954116 0.13398223091399367 0.15458196613570876 0.1580684756233906 0.1549748291398722 0.1945550788203794 0.1955679643548795 0.19329360261041112 0.19669450981480716 0.18231416895247265 0.14662171425891543 0.12499178550466107
0.4330146263257428 0.4200514250411374 0.400570509604918 0.3956883721490974 0.38130638830830976 0.37139285478815875 0.3255439661835873 0.30478646943258003 0.27809300690063715 0.2669691273159744 0.2460644900396381 0.2226337002214944 0.20510344945634748 0.16973811985786516 0.1866570484144169 0.16418156448279178 0.17130815425874624 0.15790327698171097 0.1559103206831634 0.1359460156434573 0.14661238916093353 0.15204852436656496 0.1389939946962076 0.1637475936731403 0.15125217932782056 0.12957839880154806 0.11999877455039386 0.1284530617676431 0.13381448443172655 0.16085962000396598 0.1716289616536838 0.14396027787734675 0.13736945591754596 0.15592037617556634 0.16265927394681534 0.18302710697590174 0.1907000963088945 0.172920280278443 0.14803356645445884 0.17177803584154122 0.15655371729582254 0.12756277225872023 0.11548970111414737
0.44375748423609657 0.42988287151389887 0.4037259994504347 0.4124803458102041 0.3713940695297241 0.37303374662635785 0.3553861438634475 0.3277870496901393 0.2949701128535645 0.2850088703010383 0.31706327609894314 0.2590270987718499 0.21085458093968934 0.19743936606093915 0.20260586534905023 0.19088615774461873 0.16122531071016757 0.15537411914622445 0.15371070766030062 0.1701301568750152 0.17933468446886378 0.15144734491328826 0.1762410183275261 0.1406955579765489 0.14216550445508863 0.17107693354371498 0.15370388095872367 0.14072598495707017 0.12763535067946655 0.1487913141242846 0.1708509634402569 0.16165321817674877 0.12098912986161786 0.16591096310402115 0.19119111945239914 0.17644612742871252 0.18610249435131324 0.14808988496185102 0.1076070109431963 0.12145752761493031 0.14336028828598252 0.12067892262522863 0.11667324726485748
0.44967269250802544 0.44019962906053384 0.44329223300535153 0.41679359591690546 0.4015288863167884 0.3717437349625946 0.3722308820777159 0.33542356824921704 0.3241247388204037 0.3284924609128526 0.316368554127561 0.29060357973271994 0.24442708974537541 0.24873273117938977 0.24340392679712441 0.21118162501367774 0.18305548724563225 0.17495491296093515 0.18761526865062003 0.17919422802166363 0.16518339563827242 0.17587835917074815 0.1569562028693323 0.1576734263796233 0.16999098619533862 0.1790631862917744 0.15716907882514222 0.1832558666345309 0.14064599161912053 0.13696942981244495 0.13969887159787686 0.12892743746347668 0.11665732663620434 0.12622799264895665 0.13578414467554858 0.1729480863004085 0.1537398027597965 0.1509474905311178 0.15525168905216635 0.13940981598784452 0.13478505975714883 0.11352420516821185 0.11016159357798358
0.4717831847410004 0.47858090236397255 0.47365504929226115 0.4466114343763791 0.4257018464349947 0.39821497717086246 0.34999236192248 0.3561856708828445 0.3509394060818342 0.34761364966947944 0.34207151872669395 0.28642071645058176 0.2681811002026334 0.2525393598535931 0.23426401667407779 0.22116543512945452 0.21957133835762624 0.18519237301523478 0.21582720149600967 0.1959887735116307 0.20884409261412984 0.20421586222338067 0.19121508096365503 0.20563680549430866 0.19393244989543956 0.19611280004189124 0.19788857439709856 0.20403787913864815 0.17583350146202423 0.1358713163820798 0.10538204595268445 0.10194682325663994 0.11865437231705027 0.1326823044551361 0.10257182697197066 0.13793364331480634 0.13294152828764683 0.1303002658053079 0.14355590098340762 0.17035267085364617 0.15298416783864643 0.11826019062526301 0.09279060521303467
0.4706087578027985 0.4742591995912514 0.4580524872637491 0.44431620904842006 0.44172104818237373 0.41062470224701614 0.38522665813623697 0.3783368687260574 0.3427218478659182 0.3361922818051746 0.335323521316542 0.2879034710465311 0.2618752094861481 0.23631014802500203 0.2003032286306165 0.20106113476377768 0.19707929154277226 0.183044493662798 0.1842374966981396 0.20626460182825399 0.19511904643044886 0.21757585550012487 0.225254727688946 0.19705382100250787 0.20492474345510026 0.1820409817069303 0.18554286942600018 0.20274027942339218 0.19048084889395964 0.1429472767108456 0.12419947857790165 0.08608923324384882 0.11445969853401769 0.11434668970588213 0.08562288778362917 0.08985380955754754 0.11937571227924305 0.12185428797971204 0.13604354022892928 0.162301120060012 0.1401564731611515 0.10805699506976651 0.10168005306620326
0.4780538719570518 0.46501804783189676 0.4844560983218174 0.4756767163565762 0.436115930586223 0.40933070868692256 0.3979612431016669 0.37067079999726865 0.3544694131555347 0.3601923376031997 0.332652982415574 0.3201267817047373 0.2897185870801188 0.26408329587437973 0.20771358037871737 0.2210468760750947 0.20399366907465724 0.19917676738686096 0.17566600165259513 0.21983985090835426 0.2066884053335048 0.22633937074706373 0.23779512966447017 0.20752939379285432 0.20699538965452918 0.18922206248736625 0.20960086221208543 0.186205683125151 0.15563596165842866 0.14014775835861706 0.08570876771627059 0.08321024498955135 0.08123806607054984 0.1017626797471311 0.08280882185200282 0.09055760066846151 0.10590975323292752 0.13604903786566083 0.130482572804909 0.14366594807552704 0.14544386788260516 0.10999508926660735 0.11981207318384578
0.48609356138840526 0.49727180746944166 0.4759943982521548 0.4755680422893708 0.4447305327219725 0.41527330635940574 0.39879705964065165 0.38685664072672754 0.37487602935629255 0.3622872203159786 0.3337917964739468 0.31416696463729316 0.31143233227075506 0.29526343045350556 0.26260654004627676 0.2451004378022778 0.22077665037904745 0.2323407154677739 0.21515332032194517 0.22165543676501526 0.24647891833001342 0.25036285333281394 0.24421799280030806 0.22607476031064136 0.2068923525179173 0.18995530666237476 0.18153037099893607 0.1599160487667478 0.14466372593501456 0.13758625361297167 0.10403225579889154 0.11326875355731633 0.09410757529713039 0.09028890519953651 0.0927941180425402 0.09347477732567573 0.12765222438749516 0.12140088995150834 0.1417356641668716 0.11985921262915604 0.10723117960088348 0.09337043414117939 0.09590425084935394
0.5014746315751736 0.48911874490958757 0.48353784175589215 0.47432269126913307 0.4605736351001677 0.42477608404425926 0.44186036326259054 0.3840617297524996 0.3675560611681203 0.38149823964474044 0.3537744148718857 0.3427433209351783 0.32669328285373755 0.3315318481206105 0.2876781864033692 0.2881663059168581 0.2633004915734198 0.2665099478207745 0.23833938465777177 0.24070024746005242 0.26506470859101017 0.2604310685700218 0.2632326627325155 0.250470605352559 0.2110466732152108 0.20425456683388535 0.20118386053112122 0.16666229781357855 0.14429954090805774 0.12672793820770545 0.1271816290156497 0.10485819213887622 0.11554085804959892 0.1228263960115032 0.11502445726156872 0.12905151270226428 0.13771951316234204 0.11422403763954408 0.12570376377402684 0.11581455433912922 0.07793622597028105 0.07581741135587622 0.09777664185000333
0.46822158738724856 0.47759863079505765 0.4613788300613073 0.46040214053223044 0.4434575814629323 0.45944965724704645 0.44401404204036166 0.40480611302157027 0.3815006948268002 0.3636548509598935 0.3450093456807011 0.3358146937419388 0.32833630170844313 0.34387786538597076 0.32347444486702565 0.2976503835329004 0.29363991367334874 0.271210550879807 0.24914149258624146 0.274895573808289 0.26392611500109475 0.2610794544206431 0.27318881828468755 0.26804188077146185 0.25739307713789367 0.2353606017855853 0.19713947208610536 0.18391344883205893 0.15502436727944105 0.13754454339219674 0.1330454580676166 0.14365961696352525 0.12538587580814223 0.13136298745090189 0.11946083514641442 0.12171017624008738 0.14592660442126165 0.13046171679417196 0.0889522471669434 0.09038752091549529 0.08571945602440627 0.0838548200545468 0.111215688510781
