Raster_benchmarking/DGGS/continuous/raster-449.asc
NCOLS 100
NROWS 100
XLLCORNER 1743168.8266370897
YLLCORNER 5469292.373928865
CELLSIZE 10
NODATA_VALUE -9999
[rows 19 to 37 of 100, columns 0 to 42 of 100]
0.5955401822767772 0.5692382899743664 0.5626345280801909 0.5603386552887 0.5412369642369743 0.5114616348275166 0.5009534923998529 0.48534408374910026 0.431858317768108 0.45067527066703045 0.4237165710400298 0.3980782363760786 0.360400481091958 0.36570563758411606 0.38259515325159577 0.3509936954042284 0.3202651276794875 0.31049246655461504 0.3132998009493311 0.28338641580209156 0.2891375921831831 0.2773974359246729 0.2425004966440038 0.21169928906706637 0.2013556320992749 0.20222169671403178 0.15810850061564133 0.1393870465918588 0.17356913996686818 0.16536499107821506 0.19257461531125866 0.17162665157702875 0.19880776764783006 0.18376099198573753 0.17570135041714183 0.16704400687464943 0.14109361544927207 0.15197421027270264 0.13307548346236775 0.14493998987322668 0.15459224096360785 0.15217034918960642 0.15740726702958283
0.6035601133004619 0.5686266734792688 0.5646302323601509 0.5113343624895156 0.5173387628512871 0.5049152489503393 0.4777209782123055 0.4584554871335274 0.46704012934647215 0.44994684710291666 0.4197730264472664 0.4150118166128613 0.38340903695839196 0.3975637120097392 0.40159517834940267 0.3605097843683355 0.33016528617720337 0.33790231987787206 0.33692803841386215 0.2909394543025417 0.25710207409972274 0.27468874368904733 0.23591798406372952 0.16929775331780972 0.1657557608821403 0.1676287340202365 0.16139140449883985 0.14586005844272704 0.15712097340351902 0.16107111761306186 0.16358066873737223 0.1779601491547117 0.1544521295328583 0.15282767913623604 0.16220038641746054 0.13496456428068349 0.15037543365248085 0.15442187327695098 0.16551699668784411 0.17673377186175013 0.18032613471583173 0.18432318025403396 0.18095257481182284
0.5873127352327403 0.5806852460861637 0.541779636717261 0.5361798002270007 0.5250465452748002 0.5134695467963314 0.46552356439538056 0.46360929622441216 0.4523514177329509 0.4277654712036844 0.41539179478806704 0.3906511419876571 0.3803921184650634 0.37496914766966954 0.3841825578366771 0.35453695201128926 0.32250134089099036 0.30760327888104083 0.31486207580287673 0.28949172737643136 0.25860884136202156 0.2529772901085011 0.23494643464796888 0.21151473541362917 0.1844396850562745 0.1471342097237905 0.16145489300143726 0.187860900169114 0.18440304580795333 0.18491040965561117 0.21834380472494472 0.2014414636628859 0.17902855662504022 0.20263598606077785 0.18819074375014333 0.17013446134805266 0.15283117881268057 0.17507214031863652 0.1843266361960592 0.18169514328682407 0.19612534555405492 0.16723614617520122 0.18379982888761287
0.5749663232636334 0.5456572379712911 0.5338169530430465 0.5316728284543959 0.5325243138224446 0.4992146554363257 0.47189036075052687 0.45711799158645416 0.4557986143331784 0.4180184349251108 0.43948589630702717 0.41483521806445667 0.3814461981009458 0.3707441037339788 0.32955148763243614 0.32067224396377497 0.2862964780350485 0.31275751036682314 0.30592520330278256 0.2859704040249456 0.2816028477138649 0.23327397127543145 0.2436447644068062 0.18116216225250764 0.20544815831946206 0.15390686500740422 0.20180064036310122 0.22250636857212333 0.20909295582375237 0.24502180098756302 0.2190970294387271 0.21846167039884606 0.22771369344598855 0.20027849437149356 0.1858212635093168 0.1745111249180209 0.16540258081975676 0.17026644361796867 0.1647703089025307 0.18663980438336988 0.18323254352487933 0.20022380720152086 0.203942072680436
0.5906991936383011 0.5878884654186987 0.5316410927639145 0.5397138565626384 0.5155141443644603 0.5052258927486694 0.4690641446414932 0.43871072056110577 0.41525303215157083 0.4109019161615725 0.4259992667494019 0.3812670200676479 0.375504733217133 0.34860375764014734 0.3178012293003529 0.2906328028283071 0.28076597766244055 0.3048286445377172 0.30674564291228823 0.2940871719458943 0.28018058344854774 0.25767950207954143 0.23311931832840604 0.19366515005265136 0.2133971653005816 0.19948718243347374 0.2113273225317035 0.2417190208519495 0.2292404313710421 0.2478622101806434 0.22177307320149203 0.2276877501157998 0.232155786194261 0.19092302744519177 0.19507462719564037 0.20431415333712818 0.21879142717500336 0.18575789791988534 0.18576709454964607 0.19991371724753187 0.19793096242756084 0.20049505132643072 0.21462687236657269
0.6064046338599683 0.5926081733611146 0.5393333305504299 0.5298522281071139 0.5107592991210225 0.45160702351818377 0.4623793215145479 0.4472702114361175 0.4072734940192212 0.4035698670695403 0.38095131294615303 0.3960825668485896 0.3736640007176964 0.36596698393451876 0.32368820998417647 0.28047763998847747 0.29306195899869525 0.2454215242819751 0.2743137180474883 0.31589158845444804 0.2831717939481632 0.2500416368109241 0.24148867925473833 0.23071348263254027 0.21162804227912047 0.1933224710257071 0.21013317234750614 0.23172627585189967 0.2433825635092055 0.22021441284351342 0.20123945591897585 0.2316582433793197 0.19904814909004676 0.18252123554456742 0.21023436168728682 0.21617447472188545 0.22868074281577458 0.22637608068587672 0.2053821762761261 0.18768780486066233 0.22305495462238917 0.23001997206072478 0.21584815036065552
0.5717169068330963 0.5518153716265632 0.5571207837609847 0.5076391373500626 0.4644677773968786 0.4713921464827755 0.4551391111071872 0.45417448311241954 0.43064591657754503 0.3743598536423123 0.3881139166455726 0.36945214374209484 0.3635193515902938 0.34983424794855467 0.3073784232206505 0.29420434389203065 0.29812349065112853 0.2763355494007682 0.31884115711088806 0.3048015388027474 0.26485376887947615 0.2654212008304191 0.23987636267641654 0.2450166012879681 0.24745078699879564 0.22400256606586788 0.21074168012191724 0.2097160947917668 0.20857501657599453 0.22137206067397097 0.208924992047659 0.23914159110027913 0.23577607159592087 0.21090682175389389 0.19869419151671194 0.21293243320950328 0.2303263717178339 0.2303935420613832 0.22675937044543804 0.21072205905052863 0.22639874626994874 0.22254995207021577 0.20827593579147716
0.5567982650728389 0.5337146374166869 0.5443245499528931 0.48784785739886 0.4751349673083324 0.4519769519249908 0.4345481373816528 0.4221246836097902 0.41795894299415765 0.3622821992271898 0.39792092608096963 0.36333799710668374 0.3139103130497191 0.3033038546958722 0.29483748942159504 0.30817769473643913 0.29832373717727717 0.2859149836922805 0.3092906884075273 0.33206368362439564 0.2693212542695218 0.24650324787729985 0.23130765790174818 0.23755669028349874 0.23608612572559337 0.23304280119874052 0.2291029868158204 0.2347069583231457 0.19899916152153 0.18387608574834943 0.19864437939219595 0.1943929485255925 0.24023517498479316 0.24896824456134242 0.24788446412499607 0.21781534666081934 0.22242811272442423 0.2510178442736987 0.24613241396496433 0.1935731095735424 0.22795848916114322 0.19974947589292155 0.17441585864279366
0.5381423254636801 0.5155020610501195 0.5393306458427718 0.5334798975081118 0.5011292702362521 0.47024127606568716 0.4578187504484628 0.44648245265436454 0.39436700931651886 0.3620565916215276 0.38630173199991974 0.3741956367369729 0.3138741930689389 0.2845967176036895 0.3091256750288657 0.3469185155852382 0.3442728689478981 0.3097164938047384 0.3096845037486059 0.3181160327732263 0.3149080385423995 0.29953700187019444 0.2768172327622566 0.24782172578403242 0.23656379766604235 0.2576253067235891 0.26881858365457767 0.2346812492050915 0.2403899678746494 0.22082481722955072 0.2323787734689396 0.2653801535836357 0.2568763162628124 0.23737527875837164 0.23480307003936926 0.2500841221839342 0.2383442790340328 0.27522288189254157 0.23155180606257425 0.23564035497990365 0.21654717086190434 0.1692832641407271 0.15967611543830762
0.545328167884672 0.5216525067955565 0.5075140967265664 0.532588532686134 0.4979538007862394 0.5228098850922266 0.47235548781022835 0.47044613090279347 0.43594522205656355 0.3992383128839751 0.35144573872376617 0.33838768198113933 0.3367452637144706 0.2893670090718089 0.31003468436249887 0.353366350638533 0.36902962420466445 0.36406966337200247 0.3400945228461875 0.31071875579587543 0.30514172905778825 0.31777005012647963 0.3128578193231515 0.3002617423940926 0.2754653717435023 0.2669682624575667 0.26342992396799514 0.2773402261853387 0.2622349350690406 0.20772560661319572 0.28040887944803666 0.2969694468166762 0.2912864864831765 0.3041598060970767 0.25293847430397987 0.25397044114825895 0.28611893204270805 0.29232501202307626 0.2707101337793302 0.22013304662682556 0.22893428633354024 0.1857730718886239 0.17531339380644329
0.5621379124782278 0.49982153800211027 0.48978773670737585 0.5095649166940587 0.4886254875943433 0.5063844147795129 0.48777710668605556 0.457503288334959 0.4131878778480471 0.38420061533322497 0.3776695197600267 0.3277241420909735 0.33303727085562773 0.34685385401212593 0.33286805076953824 0.37884510878680383 0.3645336184527111 0.36157158823771485 0.339808849243434 0.3107072112113478 0.3172539401651494 0.3009535292600808 0.31633090110367346 0.3212702310946831 0.3106257114338945 0.2774414326244317 0.2900287680211304 0.2531440562021933 0.26395761959026404 0.24855722770060562 0.29630802697492786 0.3273696058930836 0.3170971258107514 0.27286127175015096 0.2751478621354789 0.2723297669418508 0.28410222027757676 0.2886710753760692 0.2652499899690476 0.22865929158538503 0.21103645845107083 0.23053193503822797 0.20269499248991882
0.5367235270119909 0.5012493255458106 0.4703781624952578 0.47804422887108267 0.4647849957064919 0.45787115718829263 0.45156168409243497 0.44228985681835903 0.44273034598162914 0.39970192072317545 0.37657750236750465 0.3522188178727047 0.3774606845032879 0.38275532222007347 0.38175168504032636 0.37721859039806477 0.39245016360108426 0.3711944306004645 0.3537770337823044 0.307608183698002 0.3325082424528276 0.34241510152063953 0.3488054734141717 0.3469882558467423 0.3044206826550267 0.28333820045879105 0.26641300634131243 0.26048662935198397 0.2696560978537998 0.3193982218834044 0.3048159772938452 0.3234449304670941 0.29396515229945847 0.2850941460370489 0.2892110364340897 0.3016352952215169 0.2865273987775529 0.2670728326899409 0.2543850553010661 0.24125291549189354 0.2354305535066561 0.23505450681304055 0.18510762606557316
0.5513400422004598 0.5096539957983469 0.5047596438268083 0.46548538442236465 0.4699658479354498 0.5016131082833528 0.4929217979636563 0.4492204903906735 0.4489528013430086 0.4059737771653849 0.37504254123318526 0.37316998146821406 0.3744883546713271 0.4045348365847899 0.42960141467581037 0.43136837905996017 0.40050834796352575 0.3678181962337685 0.33976564163801587 0.3306872309929616 0.3164221352002965 0.32446979074561466 0.35007253836520447 0.329113950326004 0.3369282835361564 0.29905167752070927 0.308599114776422 0.32328848120587167 0.3035487576383213 0.3236743680224659 0.3580470011013959 0.3276705069105267 0.33642427947440523 0.28682567164443307 0.3050096944823971 0.2873007934517453 0.26712146184925883 0.2699984890412077 0.22917715899640959 0.2260820197263957 0.1972752561514635 0.20239784742284272 0.18790413565450662
0.56173581241837 0.4931403594927876 0.4854140403933603 0.5038619650485152 0.5104254517793898 0.5082669185663233 0.5098411385046747 0.4959595450885989 0.45933909842893733 0.39096651153013984 0.40208933344890807 0.3979868220553439 0.4031519710257463 0.4449501736100614 0.4480372364068494 0.4361271189343107 0.38176434637093565 0.33837595763271233 0.3546563701294317 0.3224408071736995 0.33405444372572163 0.3499483411555801 0.3414704749426319 0.34717406507018334 0.34033934729156884 0.3286983758943989 0.3592943292849761 0.3473734649960631 0.3472851108834115 0.34964203074909017 0.35150765047078664 0.34723411058462517 0.3173370511990441 0.298508068286909 0.3061830056053906 0.25751883819525995 0.2509976274867206 0.22050963212295557 0.21558512614747027 0.197495642510877 0.20361596126833248 0.18944511036975567 0.20071985121380692
0.5528101801879534 0.5084142388885509 0.5283258794031166 0.5548596368186136 0.53218623920869 0.5042077965172742 0.4797009033326791 0.5062156415914408 0.4801464932888367 0.4388450944005128 0.4425449187676208 0.4244781243837264 0.4180113191410044 0.46198810558632347 0.4679164117867336 0.41809915113835977 0.3892521950565376 0.36613571880360707 0.3716931573789202 0.3489277748841334 0.36538428887736446 0.37520051115735625 0.37370521836894427 0.3325883519719011 0.3414282761207736 0.35594926558193213 0.3595607675434092 0.38794357194728984 0.38657865226024624 0.4108471098412123 0.38150957238448063 0.38245959097762927 0.3666411173654619 0.3177753768933798 0.29552912666756254 0.2922225439064631 0.28249042271416674 0.2597101479509375 0.2464085068899516 0.20312107234519364 0.2048061753651963 0.19107871116597838 0.1941744680406796
0.5663266792927173 0.5473271798292367 0.541315913830487 0.5760416041037836 0.5410765600804146 0.5085560398829253 0.4923241831690905 0.5014400773610642 0.5122803113633642 0.46430708263107945 0.44430195082104285 0.44361179776051807 0.483152417025007 0.47476772291993324 0.4691744187812414 0.43735172935319094 0.43402919454542715 0.39243464973185194 0.3707795759760168 0.3753296973006087 0.3886781704058597 0.3633787712565433 0.38488272187340605 0.3612359703226314 0.38066002598398063 0.35090173963484556 0.3872523955334614 0.39061989481462306 0.42213417240664414 0.44059503016740614 0.43730065787678174 0.4026268604300368 0.3764296241289326 0.389852047510901 0.32291917698676414 0.30483284723906706 0.29135468258200997 0.2911451649404045 0.25508398322252307 0.22622801866527495 0.21559819647936848 0.17558895849627795 0.17038561986727133
0.5684190133579006 0.5837424533556873 0.5619814465267188 0.5664944235198031 0.5477596338746586 0.5330100316816107 0.5072868397707607 0.5220646328264561 0.5088282121062255 0.48622276775513695 0.5117601035491832 0.5059121688906567 0.5053152800982965 0.5420092560746538 0.5284038363510665 0.4745395231471219 0.4650998759928848 0.45456321770407 0.4127899884755105 0.4007375368578555 0.3785540188097166 0.3725251579259982 0.3971805013939849 0.4142801086019179 0.3825771832940821 0.36700027980624894 0.39622712704078306 0.4437541872162809 0.4667241632166024 0.4594788073040389 0.44085734445291663 0.42648144530149573 0.43020184642197884 0.4078117567582921 0.3741453045182099 0.3667374891202174 0.3320504674719997 0.2858644896018318 0.27316817741535765 0.26280844578585694 0.22394291266324884 0.21175663492493932 0.16708903548981868
0.6160250868160012 0.6115923904560613 0.603862875209668 0.6023986292202338 0.5585777519631228 0.552770397095137 0.5652113731966087 0.5302108390203127 0.5317621716705914 0.5021844764843727 0.5262131476886984 0.5500028125361747 0.5634557404348269 0.5675442347170727 0.5535771414053569 0.5453438103117977 0.5067141908952039 0.46685207166243253 0.42933603127197184 0.40280119060059577 0.42887341960082187 0.42185755041679857 0.41329207704347587 0.44082401190216974 0.42617872895285835 0.4147285791175545 0.45199101072336567 0.48897541011121953 0.5054142128868034 0.509285996862357 0.4630503666367706 0.42693717972008616 0.41794342596316386 0.4281236784751617 0.4111606569210527 0.37323335584636796 0.36192818850482245 0.33035457379965144 0.3036856056218223 0.246240007632536 0.220122994582161 0.23205105668962706 0.21347128210259664
0.6627573126184123 0.6305052097216641 0.619609556970874 0.6042206174101957 0.617895790013467 0.629830151720777 0.5860903751945427 0.5650173941047468 0.5569325080568441 0.5839048967073911 0.5729450416151083 0.588782496076102 0.5886770030512315 0.5904748668468305 0.578128605073997 0.5469282556918595 0.5310979886039374 0.4946012993619253 0.4949893384244029 0.44030458500305636 0.4418104779604575 0.4592396167763185 0.45002014977493876 0.48463455945350603 0.4869705820771504 0.49629869270590427 0.4833745845568256 0.5327420558598616 0.5215613417848238 0.540925115003159 0.47489110947236385 0.451470671286664 0.4317605634933841 0.44104899287353927 0.40590243161826645 0.40057820280981055 0.3809471186530329 0.36368915560820964 0.3429481990168868 0.2812883318201278 0.2628657052423314 0.2524783229807568 0.23517988602556814
