Raster_benchmarking/DGGS/continuous/raster-222.asc
NCOLS 100
NROWS 100
XLLCORNER 1743157.014880497
YLLCORNER 5469296.520828747
CELLSIZE 10
NODATA_VALUE -9999
[rows 0 to 18 of 100, columns 0 to 42 of 100]
0.7757639376519745 0.7774712273967693 0.8269933818084215 0.809712240411427 0.7640489216120466 0.7586025111875768 0.7993053484808431 0.7489904669901478 0.7426704063882028 0.7438929047009829 0.7694865627547645 0.7301209055968544 0.7672894018826738 0.7278943437857681 0.7439674247177971 0.7001269410825285 0.6907752047669562 0.6913012839786211 0.6784339664458462 0.6952614515658655 0.692940039280118 0.7123459361930625 0.7033951172919789 0.7246541142394431 0.715584396307641 0.6508650019012122 0.6559569631533148 0.6244829332726225 0.6588707542526115 0.65513287584258 0.6671473031392484 0.7360831124999755 0.7462766937667475 0.7390771102309746 0.6890842615981304 0.7429051129772408 0.7420187739261277 0.6906722063301365 0.6575348772486898 0.653337244786151 0.6744975051317843 0.6882714897592156 0.6920490622791697
0.8065458595463526 0.8023123903915236 0.8619578996981433 0.8484997332492024 0.8154911787198823 0.8289561977638432 0.7946474259284848 0.8291467629782477 0.824652396588655 0.7987672836898717 0.7908129773146676 0.7518208723856311 0.7830666804889528 0.767335124867316 0.7274674096955484 0.6927416543055872 0.7047353046282939 0.7436612891340457 0.6899271406828876 0.6900465712686666 0.6570414807497253 0.6407154703888996 0.68592981882582 0.6638250600363892 0.6407366518422041 0.6576159662602419 0.6469936336764438 0.6159766635654661 0.6628356182945845 0.6288374945237101 0.6314048329232376 0.7155417479188142 0.7111446433655194 0.7413766184667088 0.705403766455118 0.7587258851634784 0.6954193218194437 0.7053809826067972 0.6390902431372298 0.6436409649053475 0.6500066580216249 0.6847499486508958 0.681804305813519
0.8326728406145224 0.8052723833111958 0.8366288244328819 0.8645475423168804 0.8278766835985581 0.8630672231614682 0.8533356324859901 0.8904683352730809 0.8902048779096142 0.8603603307804244 0.8043143048954782 0.7990649297042087 0.8375573293830654 0.8171013783993043 0.7770524252884625 0.7130146637853625 0.7027188057284091 0.7215294143009027 0.7258959103012443 0.73273199322702 0.6786086357253448 0.6565036158634475 0.6273201203410402 0.658968822888228 0.6434484884062502 0.6820969459982112 0.6882504107421027 0.70044569568982 0.6511146143515395 0.6175568361181009 0.6268614331599507 0.6882076816477146 0.688497016016829 0.6754607285310452 0.7108094469779068 0.7338550648721528 0.6669964284190567 0.6735443960673169 0.6741136536026746 0.6798574280885739 0.675769666694377 0.6498089412543316 0.7019834167810399
0.8091879608844202 0.843551983715894 0.8494773755882293 0.8599350082298531 0.8175492979079881 0.8202093356381411 0.8875014612884696 0.9315742636713783 0.8912628909146764 0.8882114566905742 0.8858053254017494 0.902083785732095 0.8469344667226837 0.8224079560534879 0.823421135132143 0.7360764994048662 0.7641157049913345 0.7523067633338704 0.7172938928707989 0.7057509906540739 0.6933310785018784 0.625512907441623 0.6284203619367291 0.6236963472879968 0.6582509938247282 0.6784927405761658 0.6795595466437869 0.7320709557089873 0.6896710005217476 0.6340230833571581 0.6547841525397696 0.6548591145744183 0.6473759277484933 0.6372178841970131 0.7008983427639202 0.6934968702238417 0.658675299462975 0.6134870259878238 0.6641408339722985 0.6167749115162897 0.629707286257985 0.6474108486572219 0.6933253719441638
0.8109428234598051 0.7780089703312237 0.8025841138314199 0.8106507294056304 0.8250920900199058 0.8359681228379613 0.8432124704778816 0.9032180938233992 0.9052103988626687 0.8826218992451795 0.8898563775322347 0.8608695779459087 0.8426063810386374 0.8768948107233788 0.85209445058049 0.7839454142293426 0.7543932559683766 0.7238886287980906 0.731393291844914 0.7632632035998335 0.7283667758652422 0.6915219919394268 0.6310715211958391 0.6192972098485936 0.6433270628516247 0.6755600806383104 0.6959145453515497 0.720164700261143 0.675041840036779 0.619637174497662 0.6155888053994909 0.6628297102756955 0.6587188246960464 0.6708144488465203 0.6374146419302773 0.6365032522715537 0.6728403643997473 0.6782029085105512 0.6535522949810902 0.6638598834963793 0.6657559184962047 0.6608872124384789 0.687673132781242
0.7598279919273236 0.7659079295536534 0.773632166055501 0.8393277212427147 0.8341358712137726 0.8706245190785541 0.8663141651612586 0.8655768267643704 0.8985217064546035 0.920036283042558 0.8877043951250243 0.8947566963257872 0.8809320739619191 0.8629443835460793 0.8550972194117699 0.8758848026127404 0.8137561800733429 0.7865036776300827 0.7719560651069471 0.7626687382456948 0.7512655526926996 0.7262834712868272 0.699874513668722 0.6448286415667305 0.6337715456248714 0.6214088889138399 0.6866532201860538 0.6731462414390176 0.645389551581443 0.6737739480002993 0.6493906266887745 0.6357511295077002 0.6126274583330762 0.6650827372322923 0.6553332396341764 0.643947857877894 0.6518676287190789 0.6596927802854106 0.6296353749500768 0.6034375083175952 0.6854443395588922 0.6652205154304006 0.6824495453253434
0.7701653406986724 0.8037727012616684 0.7886935604137527 0.833007266514177 0.824811599069712 0.8859770961421594 0.8790190864110724 0.8602667697669775 0.9316865575369682 0.8913174564382795 0.9302101814297291 0.9132885908266299 0.9004908180106914 0.900118954235777 0.9018769344598895 0.9090095118339422 0.8381253590142996 0.8225083618285668 0.823688641673312 0.7719645564107784 0.7710003788013464 0.759138854180226 0.6983572561143322 0.6867067199923206 0.6982559905630145 0.645921057500718 0.63278113763254 0.6551444310181251 0.6446462041097082 0.6342042465300938 0.6467500114955514 0.656007410131654 0.619818591000356 0.6424889486817249 0.6583168691606484 0.6599302096943236 0.6565035261765498 0.6430619272637424 0.657624984229815 0.6427153644429886 0.6820405983389661 0.7010730945887274 0.7478363781841558
0.7372011780456796 0.823392923322034 0.8030533848050737 0.8161279551921743 0.8291440714138874 0.8886464999155781 0.8708260699615133 0.8964308946934129 0.9411801800097275 0.917710564297543 0.9512410310576616 0.9401082137475256 0.9062725662470925 0.9119905569877291 0.9188889168387097 0.9257397526808484 0.8533007709241003 0.8300227528131771 0.8151738508185568 0.8079022491481183 0.7619748738246452 0.7494535970021521 0.7362409903685884 0.6821060318448432 0.6724708775826947 0.7177894092402389 0.6747801163245252 0.634096972787078 0.6416130557938714 0.6540188724140475 0.6093859435455705 0.5842848266910851 0.6511326657286175 0.6320904426611135 0.7219925215344515 0.7499038005037343 0.6840468145667771 0.6845850679442269 0.6642484202079264 0.6208617957020838 0.694258351128178 0.7174783287341417 0.7458882384434327
0.7543317968702402 0.7798828968264541 0.8260813772133935 0.8320152900991922 0.8415006478863808 0.859240679408292 0.9266542703735483 0.9430398548457918 0.9033654351160637 0.9156505392078316 0.921094117012822 0.8849874100024252 0.8423344582469586 0.8327171827637906 0.8679390761012543 0.845418957856623 0.8299138201128764 0.8199835279456849 0.8062317629622038 0.7883129350045756 0.7521825699009967 0.7333901429217105 0.7102575156439864 0.7131847013746677 0.6914286730848038 0.7226154713726943 0.655643949580259 0.6518331873054629 0.6630082029853607 0.687539999342638 0.6553494166880695 0.6174014870412025 0.6478183892869267 0.6619023482570444 0.7172122141582848 0.7290613504736745 0.7466527208951266 0.6917515942949538 0.642402547250856 0.6826189020107284 0.726757830868869 0.725774200278143 0.7792950033671037
0.7489139630339658 0.8057456388848552 0.8590697420360632 0.8515871112795523 0.888316744721091 0.8639164417431545 0.8972538234432447 0.9209074003050026 0.9248552697451815 0.8925929317778313 0.868768401189393 0.8365587001247032 0.8072333808530113 0.8022203614708451 0.7816500584995828 0.7613367180452488 0.7516331105993576 0.74928715320091 0.7513498111257745 0.7612693842580186 0.6976064968353918 0.6971833241239707 0.7223729518038882 0.7176653713564433 0.7427870383591894 0.7358251701799904 0.6968578891492238 0.6695769642456982 0.7063341310675536 0.7133015786827042 0.6824342579971822 0.6696360111033558 0.6779402224264657 0.6983973190770502 0.7659768638753315 0.7674217248967117 0.7543880365882862 0.722015775856621 0.71013743830362 0.6611508492195696 0.7082121967410937 0.8035972565144618 0.8191028360328857
0.7646962781869805 0.8345681536526457 0.8188675731527881 0.8864963084405644 0.8915328759493365 0.9245737471654102 0.883637519917816 0.9351457868175577 0.9330818647328165 0.8758030396738686 0.8286863770672316 0.8499292388542041 0.8275822649299371 0.7872109428446648 0.7544350550288542 0.7234450023556221 0.7148807826490112 0.6964027606042278 0.6796443714846899 0.6796955112418742 0.692579465229657 0.7055211784411396 0.7241233359005359 0.7580293232495762 0.7605558456119738 0.7522409346767474 0.7595182385835488 0.7598033385889654 0.7553502119631692 0.7313759516322514 0.7004592763709371 0.6594412985747385 0.682207415267874 0.6930425241147454 0.7729330235051022 0.7814084372795671 0.7838832344285266 0.7670979181834982 0.7568609573681493 0.7496248509261979 0.7413835283930946 0.805861756304762 0.8840384585969713
0.8042151383401622 0.8197804204699004 0.8446437786847956 0.8755989961707288 0.9014512653609049 0.9235460266483977 0.9317712897787489 0.9599908160925107 0.867210173862281 0.8216547061801732 0.8038466644475643 0.8133778504544091 0.798192324352198 0.7549030339700064 0.7293032950712427 0.7009968979415975 0.6796763630300787 0.6609377297064885 0.6468549147257713 0.6579021156483613 0.7294127420300178 0.7561835790618644 0.7756120453750659 0.7463225256543002 0.7535937708667636 0.7388937137748611 0.7383181620189678 0.7765978861866657 0.7461745155186381 0.747125971000996 0.7130357660526211 0.7020790326270973 0.7520977487857345 0.7550416574226496 0.7863390776148474 0.7924377247533917 0.8116949900496206 0.7913925388155277 0.7916349917976484 0.7235261502738228 0.7372380702422053 0.8310696487474492 0.8741037211472311
0.8079232228250497 0.8458886854354329 0.8250659006159843 0.8790070620632158 0.9209407913684057 0.9034296988437566 0.8890451211731586 0.8727324953206431 0.8826638494924257 0.8447280949028971 0.8386641527748858 0.7735379305459404 0.7264300467093275 0.6951322599040392 0.7071583568467836 0.7136841144640712 0.6706204054038953 0.6386550753143563 0.6537798752434258 0.6471858603899805 0.7257303373742894 0.7077447097494604 0.7565706147736168 0.7198924512004049 0.7357678115181165 0.7306582326070347 0.7328373546015817 0.7563676561369771 0.773165130512974 0.7375668323958242 0.7627922369425272 0.7538420809886047 0.7884883663263964 0.7648138278993541 0.7907989230461258 0.7668592331054871 0.7649437389890404 0.7518760662147734 0.7621386511918133 0.754095838744379 0.7848008094390362 0.8186701120582792 0.8622284935349745
0.8393566144372215 0.8699934988287583 0.8185621211310826 0.8529164239868569 0.9058749008645589 0.9207395857553302 0.8854481429470397 0.8668395518426648 0.8909199128715078 0.815388262220053 0.8097680473143256 0.7747314177372664 0.7066028916093763 0.695456181997246 0.6966930797814614 0.650209405207005 0.6418148615360085 0.6951397493561264 0.6557311769328602 0.6669203303092134 0.7223302902081987 0.7250109794996292 0.7551717913206175 0.7640814697993287 0.7565518307219032 0.7619549023402347 0.7392330040539773 0.7425998037689223 0.7293890311436457 0.7225482864714109 0.734751379993062 0.7837349609220718 0.7832103316512318 0.8075978805782517 0.8008448823938844 0.7892751601729392 0.8096305073595452 0.7944444123960008 0.8028744281967205 0.8504715267487288 0.8231833375787543 0.8718910647925915 0.9090968932823458
0.8746403126415514 0.8791677938658279 0.8571175168304076 0.8251356050199029 0.8504552084750944 0.9129677461210977 0.8679823658696683 0.8641201717053109 0.8675823489134764 0.8398430367384497 0.7605382643134414 0.7414965724239182 0.7113720002408603 0.7229193736161482 0.6892006961273662 0.6931037975608646 0.6646909137142846 0.6989246581835348 0.6763664923225305 0.6936182782843506 0.6758138153206595 0.6842086220220657 0.6908218822659223 0.7341321939612895 0.6914197729480152 0.7030582247826314 0.7356894437722391 0.6969178528721126 0.6936130672212473 0.7332054521151599 0.7970055687723618 0.8217008237141864 0.7895042645024227 0.831150011226552 0.806807265877031 0.7911718264071036 0.8182299369193193 0.8520176019977648 0.8429655654669833 0.8429185663504435 0.8354944217084465 0.8379718386065355 0.8995569306397042
0.8572241492299828 0.8822517176678303 0.8592078857994697 0.8174731025949824 0.8376788372911738 0.8867246096116043 0.910114943182396 0.9157802060278128 0.8524894632583522 0.8288566634198321 0.7236461131280846 0.7148405544693539 0.7148841007219965 0.7450657002240672 0.7358869435354982 0.705134913151601 0.6700332935891348 0.6589439511097516 0.6647051102912319 0.6289844145254463 0.6486654770878549 0.6538312887121104 0.6608623116428628 0.6837033504009202 0.7114648341805062 0.6880915354172052 0.6809355643060562 0.6804983326724595 0.7075841255859264 0.7146172925565231 0.810726039077139 0.8558202446565066 0.7890490578117959 0.7961337013347114 0.7893603462736514 0.7813146040171032 0.7857121486176132 0.8253294018034744 0.8282789766485852 0.9054696386540907 0.8993739219540873 0.8513415927508484 0.8865006865367094
0.8873153005833334 0.8529926619134117 0.866487987901703 0.8304554530500987 0.8257819889481816 0.8305786462330629 0.8612224327086325 0.839014220377504 0.8089728244049741 0.8172475216399545 0.7270425250336746 0.7238528158836024 0.7014072015696162 0.7242980747358093 0.7624055473293252 0.7173822999559417 0.7225798872077217 0.6650603477160375 0.6610158803644688 0.6535969337523936 0.6533672102115499 0.6296141598630333 0.6811980965957172 0.6951671231670264 0.6495710504347243 0.6919620473931882 0.6800109684107738 0.7082941307879435 0.6944769804626509 0.7247480867870608 0.8069745112267 0.8383181801386231 0.8521063757305557 0.8471079416123339 0.803478524539178 0.8087258365670665 0.7795514872187089 0.7959901281014934 0.8632117078090128 0.8718981010057633 0.8988241816009239 0.8659380555670494 0.8540736001055894
0.8505967183511481 0.8225663058194741 0.7916652894898227 0.8299866725611171 0.8003867217787711 0.8296758922094417 0.805461016950263 0.7959273526931957 0.7821090649511262 0.7753654525652249 0.7217284038462564 0.7042778186041875 0.7307783114228055 0.7360317099252509 0.7571594134632444 0.7534620491079298 0.7219011255289504 0.6532838679881944 0.6541291468736856 0.6057880979759291 0.6361977170503913 0.661236583770225 0.6800365387794322 0.6777371831275705 0.6772488202887469 0.6604847052660573 0.7004325540705514 0.7006514054249415 0.7432891203489264 0.7516843759801147 0.8061104464821338 0.8138269706277286 0.8587612625890655 0.8588773307293278 0.80533192789758 0.7982709031718661 0.8012113952510738 0.8032192903071523 0.8704921472912001 0.8907501824331171 0.8732151441682605 0.8861557172294866 0.8306430118756453
0.8233489836503931 0.8179555452843783 0.7775324720321616 0.7879334392643581 0.8145832504040239 0.79758442667933 0.8326829039126836 0.788629306221557 0.8090558431832428 0.7518039443097345 0.7448029295082278 0.7563020132479952 0.7573093813987221 0.7583799807468782 0.712200907518481 0.7222182615736009 0.6788076413451897 0.6515229344367974 0.6344197796344755 0.5743772210671264 0.5792871057695307 0.5952912786130191 0.6513752854203484 0.6154664980577849 0.6807278251355253 0.6859588195522082 0.6655310017076951 0.732157032589617 0.7611374220875298 0.7448258186908718 0.7795691199842538 0.8290479807784862 0.8409787374560366 0.8760682368495827 0.8443005205822276 0.8486602907921035 0.8191375129696262 0.7988572935008554 0.8393338141882813 0.8479169067925609 0.8509165672995694 0.8510175859081804 0.818815609942118
