Raster_benchmarking/DGGS/continuous/raster-393.asc
NCOLS 100
NROWS 100
XLLCORNER 1743154.6864044846
YLLCORNER 5469290.749088275
CELLSIZE 10
NODATA_VALUE -9999
[rows 38 to 56 of 100, columns 0 to 42 of 100]
0.49160642052543074 0.47075902132331693 0.47805848179096666 0.46900906272528103 0.4550909978019628 0.4074818825399347 0.41985444136944183 0.39750596196858895 0.41301874129421884 0.4076156697803481 0.4273512436507687 0.3991805142880793 0.42998534620895246 0.3927528237951411 0.39856287697429 0.42561984219504934 0.43691966706459706 0.4118672538573748 0.43340452555561343 0.45383976879114624 0.4554460791479554 0.467154016482604 0.4565058475477496 0.4748442449941487 0.5005597980974575 0.5248251020785747 0.5125793468753517 0.5357085180856789 0.5899282508000956 0.6331008708258017 0.6354401096875559 0.5945727279947549 0.6039440264690885 0.5956840302156804 0.6039141817473427 0.5993342557014413 0.6308192475936322 0.6153554266258354 0.6131344669702562 0.5859981518114238 0.5692720808501462 0.5771580875089738 0.6015455119341185
0.4939558424138948 0.5009849787589826 0.49488411277777383 0.4417145899525397 0.436769021858364 0.39729242198834996 0.42436966940349935 0.3970813355055031 0.3832227444257111 0.4083863391984178 0.3848120270728105 0.3782844923599956 0.40882228362553996 0.4218211661850474 0.41877003995674017 0.4305102422373142 0.44167500920992936 0.4143848040875155 0.4151420692918757 0.4217166700056627 0.41072426702334935 0.4383383691001958 0.4892869676038413 0.5026663978614211 0.4975337835076297 0.47470643572199434 0.5015529222788834 0.49837636626396276 0.5437769109301942 0.6045031195930427 0.5997789279024346 0.5669891824463495 0.571409906588356 0.5369691092072432 0.5622517592548405 0.56801141603692 0.5845814714286597 0.6057337071548418 0.5629974486163062 0.5614813732133797 0.5881679280012256 0.5997992037210429 0.6219821857112495
0.510142485804075 0.48979339093448876 0.48647741359953955 0.4848356821822539 0.44003280014408097 0.4262492194034182 0.41776436576769305 0.41329233364171636 0.39696619050583554 0.4181430794224342 0.39780241541062117 0.38576815360161726 0.3678632845533611 0.39734465139009423 0.39980402304158436 0.4147009336477574 0.4581274172910624 0.4232263641207623 0.4350973493807367 0.4027455044996873 0.4127781604702849 0.41766811564609996 0.4618922793656932 0.4905794160387039 0.46567069912107356 0.4382470805465733 0.45025134796644367 0.4912174227882433 0.5121487386077533 0.5304866248690666 0.5659051221935948 0.5436947152466874 0.5410638095283452 0.5271172919164732 0.539007319857316 0.5270384352852295 0.5602755733149849 0.5599921852000833 0.5681067987575799 0.5722725780349486 0.5872175902677644 0.5766464588944006 0.621052111165781
0.505860446085973 0.4953488975403229 0.4772659371626388 0.47810952917227323 0.4735517689916738 0.44414173980107796 0.430937429863775 0.3584852866622462 0.36954262012476563 0.3757626162624897 0.36237077894247016 0.3569972413593389 0.38107823154709347 0.39557198259023063 0.4114194285245211 0.44409013262251673 0.4758292351594539 0.451484651069055 0.44670259116077465 0.4184094864258107 0.4182534260237339 0.42463663336805774 0.4598987586314497 0.47256397568774855 0.45939709712517196 0.44715341281927923 0.46756832855745917 0.4555053412418433 0.4763716364600428 0.4813951023985226 0.5208335502364572 0.5267573938690365 0.5552729811829369 0.5452512351601327 0.5427104201851731 0.5061825517254274 0.5160911242466479 0.5524780293407872 0.5760144277588826 0.5818624262725492 0.5773632704454149 0.575893756492635 0.6071684138452057
0.4706281755664541 0.449174727024288 0.45734554246087333 0.47345260724145194 0.43905304220408925 0.41730155270572494 0.4078951356088678 0.3733771832244532 0.36634020453765737 0.3613062801598082 0.339383299338262 0.3535467532145156 0.35605748657792946 0.3762725241629859 0.3979960217797293 0.42651407064450036 0.45396975535577566 0.43371511189510453 0.46349399014051534 0.47619724087654036 0.4645466491534131 0.43934702772137413 0.4696993447431194 0.4910650966145371 0.4570835359526086 0.45715478763089945 0.4756479771528013 0.4586902877904372 0.4545872254009958 0.4532272607063467 0.477011891302283 0.5113813814399328 0.5166559472455704 0.5375270377013215 0.5270854665744366 0.5168378885651246 0.5066265971834406 0.5174742666718882 0.5572956663435408 0.5726510263718777 0.5398446204504849 0.5706367253164536 0.5461067022162174
0.42427998818202006 0.4335561580462469 0.45462894655512215 0.4752442396640534 0.4669654758059713 0.4350397586010543 0.41361854866596276 0.34998238507265456 0.3299967431662089 0.34474939087025935 0.3358520809145546 0.3145220480728995 0.3564751596684593 0.3352150584257785 0.3668876326069122 0.39620092292058845 0.3999555317043788 0.4437905263264921 0.43230356354508176 0.4707569552683089 0.4764524586601569 0.4966911052250967 0.47539860642396786 0.5083435099345173 0.44849032476210715 0.4416910843500641 0.44893225137219833 0.47327083507279455 0.4743957436079073 0.4562347727317468 0.46366660734785287 0.4433861960197524 0.4470519014171718 0.4709961651609567 0.47057564304111 0.509274566187589 0.5063662702069954 0.47638050030325246 0.4963715912939654 0.5336493388857012 0.5486756914684073 0.5339022888485465 0.5362181068995706
0.42683091461293027 0.41459206809671695 0.4604416612266657 0.47129967243353316 0.4268531358457475 0.419929892084118 0.415198994380437 0.382050164957627 0.3498661007076488 0.37969516111833457 0.3694393781827456 0.3640032787895007 0.3634197829256993 0.3911415334892216 0.39877796667235416 0.42276043033911126 0.39739358251910306 0.42599772440230943 0.4175237217679495 0.42394422385471414 0.44047307036674155 0.44435182827357056 0.4698024280657354 0.5096148508756008 0.47429058148091413 0.4609944496477147 0.4436422460865578 0.4689300401189734 0.4671780519397613 0.44944581664486505 0.4550270640286136 0.40945118022232696 0.41165328319461253 0.4584115745836794 0.44879600898153577 0.4816884774854404 0.5001497704059029 0.5205302399576937 0.5162671212088595 0.5329577370302632 0.5226596559872367 0.5252242138014345 0.5095235799404336
0.42625413823501385 0.38668355372807794 0.4074180129594145 0.44952750512245176 0.4377354509220477 0.4035723352006291 0.41299147181402557 0.3936514637169964 0.3639052320052686 0.38700058763483824 0.36126514718658503 0.38485613249732153 0.3786240386521607 0.39262743883626494 0.39789251242817625 0.4336765830647102 0.4164855309216244 0.4129762638235194 0.43374567329356306 0.42672693815309165 0.4424406731597172 0.43065534443375203 0.4779952817122831 0.4890316632862921 0.45282387855557527 0.4584852344649485 0.42681219148776195 0.4189788096591353 0.4335923463892988 0.4551868266091904 0.43838933373599764 0.421165175268193 0.41220505111210975 0.403888183094097 0.4383522713192132 0.4622637714779954 0.48797206952840494 0.5170787570118905 0.5436268997987052 0.5093858226962786 0.5041421261456838 0.5158647457841711 0.5217400154647793
0.4056238462926302 0.4236105195437365 0.4186359688550336 0.4161920662348709 0.41889163899090537 0.4136319824854865 0.3603067437300688 0.370390414337552 0.3670140614721836 0.38448814782008234 0.3942778414403842 0.3713118673373999 0.385234073949032 0.3859503738346232 0.43484028058470425 0.4134424841125101 0.44997773588878637 0.42252650109202283 0.416896690258549 0.4324376583588958 0.42489858399690356 0.4462807624266904 0.46057613589942953 0.4915222136651612 0.46730469835090277 0.44219449780868886 0.4259325892957585 0.43506843625047525 0.42240159619715995 0.4153148120525508 0.40873094891011547 0.4169216904556971 0.41831583557673246 0.40553795034811174 0.4257692152846604 0.4611676182907572 0.4731025802261508 0.5092345521557379 0.5362586560430967 0.5301410861081031 0.5180032861411842 0.5023265572755529 0.5110325914088325
0.37914292686360207 0.41511401712969676 0.3903980004501327 0.41394119210901437 0.39189930965156344 0.3774353261510628 0.36594459791934003 0.3658951053614228 0.35879173063307784 0.3499563361255536 0.39174545132826843 0.4056679256838629 0.3691601819450346 0.38949388167593335 0.4201115102674496 0.4307698604156067 0.43986536674783794 0.4673648622305636 0.45688470237935597 0.41361772222452947 0.4286246589634195 0.4402091354440295 0.44214942743625074 0.48668295283066926 0.4520655849076052 0.4588549624555874 0.4153902869391001 0.4202394816107326 0.39940963996663076 0.38955282051321044 0.4023166787811869 0.39516628467899795 0.41809968761836425 0.3845200637027127 0.43362667260555726 0.46605046734824895 0.4921574246222293 0.522056256442138 0.5120777667087896 0.5462458330237949 0.534573546032869 0.483261810217887 0.5199775211044584
0.4114487056890915 0.40289734028960544 0.3786892725324706 0.4023174637974975 0.38814686474913324 0.36613833119520633 0.3718132820944563 0.33489495287076326 0.35764828688099987 0.3417953345768955 0.350410588728786 0.37343846971533506 0.3872583992185423 0.3805816871007709 0.38052633924269436 0.3962228864924529 0.42073837155718335 0.44983918696582886 0.4405444228534181 0.3906444223378987 0.38138149658468584 0.4023461415364784 0.4114586844821155 0.4343536945091511 0.4520008518939719 0.4375316572665644 0.3930787604017217 0.37721605695471894 0.36193082021468886 0.3814704266823801 0.3730190489515569 0.40003268376086787 0.38669705362427637 0.4235098360482965 0.4494238298420355 0.46973598468286965 0.5000269787057012 0.4999962324949228 0.5321089639040543 0.5260256417925954 0.5292642055431804 0.4845730449275103 0.4975219219924032
0.3749543856250179 0.3698582192308477 0.3561870911486801 0.37626581505375445 0.38078499235990165 0.35966450232409947 0.3434966424648951 0.33621219697833854 0.3607841537735526 0.3373187162143012 0.3605754882530188 0.3741206303144855 0.35524221565811637 0.3649949343242427 0.4027827240177806 0.39967923996592386 0.4085456577756143 0.434874918767986 0.4006296226646087 0.3879678148133261 0.35780301388419233 0.3729029950341969 0.406595074878685 0.3944082523825417 0.4142948703664966 0.4146663643050671 0.3887703764542614 0.3737199462994803 0.34132376759234717 0.34232230598738905 0.3675055933638586 0.4023874182617007 0.3962019266699854 0.4517142279720766 0.44439370123958694 0.4887103464009338 0.5086201397151217 0.4756468948364342 0.48180530219008116 0.5105329235604962 0.4931518504267023 0.4873611104721361 0.47945524312534854
0.3792442943292171 0.3917909227325559 0.34848640989401686 0.3738629481498599 0.3839967364517622 0.37714046244923827 0.36280583807472594 0.3641058391683022 0.3746433384379327 0.36090747302865356 0.3504418649715139 0.35390813523104486 0.35160757733207465 0.35134237561346854 0.3691526303348138 0.37093015538117025 0.40152268632752613 0.37096900395287735 0.3676941852556423 0.34664916782251065 0.3571070803276903 0.365344332983064 0.37041160330436534 0.37841856114527317 0.3338577257045128 0.3521806717136419 0.3578844683234403 0.3578347649457124 0.3441228866810648 0.3466099381594768 0.3409820192866652 0.38710911481943305 0.41340450453513067 0.4209368363503104 0.46526702938710424 0.4988936221383479 0.4787786492875925 0.5092036348696618 0.5026832814077037 0.4756939625722679 0.4765413817547753 0.4897776294799013 0.48616471992088534
0.3961515791430004 0.3927840694915699 0.38712150798402206 0.34614029915321404 0.37029592616094054 0.3715602402078512 0.35507892128257784 0.3483401530311001 0.3569657523474113 0.3851530109783321 0.3530447864239084 0.3843753153570089 0.380244619469312 0.36578171931524883 0.34254474183449557 0.3439658913353365 0.3778988719956777 0.34665653996304097 0.3426059432138612 0.31469469631262037 0.33547441559271923 0.3398824618150511 0.34188365572357554 0.3176399063459599 0.32347744050940824 0.3042333362188177 0.3272244000273215 0.3610082652892956 0.35672968387621656 0.3324877102933803 0.3530315690947057 0.3837848974043511 0.37712396140532706 0.4219671556120076 0.43025509177762655 0.4679228509347906 0.4778138482073788 0.48608625585948567 0.4886828933554508 0.48386517220064373 0.48810393032865523 0.47666178676272564 0.49973305886478586
0.41665850611661526 0.41734671002718965 0.3696584050191227 0.3641288943195349 0.35945914408217894 0.37347086191508566 0.36961390748102113 0.3712690184243465 0.3364949691484146 0.3675424737501412 0.3495305204144543 0.34337647616270367 0.35332169165186966 0.3697268736615516 0.35268199748995444 0.3186783425896165 0.3364924598992839 0.3393438239695566 0.31278181429372764 0.3023017489848973 0.30138927528631526 0.3044841518888381 0.31492183654354344 0.34159752334820975 0.303632995529641 0.3278527029766991 0.3405939221230073 0.3256417117882293 0.3118965588217295 0.30560751568639866 0.3382743708924117 0.3546972684814365 0.3571971788725443 0.3989827902768184 0.41567404944063596 0.42408483556474263 0.45530588908442504 0.4369133908437669 0.4663182859209419 0.4630618986680526 0.45220954985961137 0.4718588327632026 0.48281351191267124
0.4106755602989628 0.4051881939534611 0.3791921885562074 0.3554853882051672 0.36259090086691925 0.3393996461298741 0.3114219447324469 0.3358648346087038 0.33836375463055723 0.30938050091344316 0.31062253819453234 0.34451302937258255 0.3264754135429812 0.31675763990761 0.31823094891130066 0.33060549046636595 0.34581136251182015 0.3045271374118792 0.3254181442181548 0.32527868790996484 0.29878707353501516 0.3100291556772644 0.3172158115310702 0.3468790835072582 0.3287869311742154 0.34263490282552245 0.34383670672054867 0.32815907882587425 0.32620751914969687 0.2809342077719303 0.28415340030284936 0.30739649828632604 0.3288124020217481 0.35626674043600776 0.38055228739862124 0.38509952249510265 0.4198533143295221 0.40788478855896754 0.4224088524831546 0.42134322185418216 0.4533593704749168 0.4961519939263887 0.4735287173068196
0.36460057129425333 0.3563099655127093 0.33706282182415886 0.3386395283699013 0.34214055739139054 0.2921388112691442 0.29927599593949095 0.31190211004915325 0.32046678214953056 0.2973216049222537 0.31381080602766787 0.3104643947165827 0.30172070820456687 0.30862872888511095 0.31152866488602865 0.32568208047650105 0.31752741832238857 0.3360370482071251 0.3206703810919408 0.3376867959889456 0.32185842116358676 0.31796758455549073 0.32429898346440744 0.34121793580169507 0.3140426665387066 0.3302576101800847 0.3442889891816504 0.34417060096313135 0.3061145863715126 0.26986501196217905 0.29855936147635 0.3191061889997454 0.31989715139758823 0.3475829893356443 0.3462351648595515 0.3526196451597515 0.3726981747837902 0.4077189098127539 0.4137968310787681 0.41417515359557083 0.4237638069439153 0.4566152472745862 0.46727011995140216
0.36811552461965086 0.3762871691598339 0.34460913323975 0.30809772596517526 0.3216948252247668 0.27816386452952346 0.2687094370512765 0.3035698591983353 0.29099830384718406 0.2782454558602731 0.30837200664865516 0.2910996681075276 0.2794642819294967 0.2620380486637296 0.283438234286448 0.2537305085402204 0.3008833992778343 0.34227066712268034 0.3249274277157274 0.3580159131942729 0.32034493590119495 0.37128717105871295 0.3206122886145533 0.3389903972743873 0.3251892378686852 0.31133471744970154 0.2984599782549027 0.3139077836832989 0.2737241848460141 0.22714359297224251 0.2653050665518513 0.283061080612918 0.29359283269104497 0.3094586897394433 0.3028085327686886 0.3231421694901033 0.3667096440130211 0.4221981643640323 0.4030771692013623 0.37712424203106454 0.42296377275965485 0.43662515397471985 0.4110272949851467
0.36134166361723014 0.37740037681232996 0.35462265028038165 0.33442689963447647 0.2722182930756384 0.2937737817094712 0.281232529158592 0.26130599974920016 0.2714779551114008 0.27423917508675744 0.27269240756396823 0.27411058466999194 0.24580741456718647 0.2605452523025821 0.2528101459900773 0.2724176817462795 0.27975861534516033 0.3031095293574887 0.30822001628899304 0.29772828642382276 0.32071090177124895 0.33423153039112674 0.3272465512343868 0.33282915913050726 0.3005308185933 0.28540801741547867 0.2698674223972082 0.28375871703224836 0.2390848637872262 0.2499634436764393 0.26848604074375004 0.28720138200235557 0.3041287702754686 0.33437308454627446 0.31469573519754596 0.35061586798700356 0.3448231285250456 0.3966177233609211 0.3714574074329475 0.37270003142854274 0.37443117363428285 0.3732899955505089 0.39138169738279854
