Raster_benchmarking/DGGS/continuous/raster-292.asc
NCOLS 100
NROWS 100
XLLCORNER 1743151.6409444911
YLLCORNER 5469295.325339436
CELLSIZE 10
NODATA_VALUE -9999
[rows 0 to 18 of 100, columns 0 to 42 of 100]
0.36034654824072654 0.41176855238362825 0.4046051773687159 0.3709883065061995 0.3431734701840384 0.35822636342958414 0.3404195908146948 0.31926192895385924 0.25229023722847604 0.27780611660873405 0.30816302709912735 0.3095774545942005 0.3546487615280328 0.32595134777345924 0.330069077575831 0.3774470677489295 0.38249740382424086 0.45850605908453784 0.44294203981526586 0.42890557381637817 0.35997944771658813 0.3464891996258829 0.39557970737184833 0.3534175976450063 0.3169939009522409 0.37879181002237844 0.4058988475113345 0.40716830964390127 0.3636596140238183 0.38099546432841885 0.4250428602471714 0.3754481048712795 0.42040133057529444 0.4593586201312084 0.5060899170989425 0.4918549354144269 0.546278428977906 0.5623396393569143 0.5337783838717048 0.5364725785053606 0.6065866820816855 0.5424638923005146 0.5494106809420916
0.32659671343250785 0.34637345042244416 0.37190170896076313 0.36043622604841313 0.336249165728236 0.31775918180843254 0.34897789381832184 0.3124133800616434 0.2954453072486496 0.3124425262085306 0.2773623568533397 0.31597328007083103 0.3124596662010573 0.32620186207917823 0.30116073586268555 0.3316305053609969 0.36573789841755455 0.408839986227003 0.41875920755122675 0.3605744232927805 0.34521041061681756 0.37193645267063885 0.31652692723154163 0.31206188199070034 0.33148224072091276 0.350644465979018 0.3625290387179347 0.40035036412036246 0.36474521217383055 0.3547857502481159 0.4031913141562673 0.38193690819503395 0.4183663886360925 0.4688873782797496 0.4726314052763616 0.5220980801722918 0.5018598694070648 0.5770224280927628 0.5645173619728304 0.5822860514875778 0.6210028035494304 0.6017932556454823 0.6319055318264137
0.37577526196959027 0.33324383188332385 0.3206172127595044 0.35770675673444785 0.3116568103253144 0.33291218436914166 0.3649042403325236 0.35734333285066383 0.25822578982682026 0.30725222815103453 0.2833624213686297 0.2769793514144158 0.2469812381519986 0.2738248038538922 0.33269419120452853 0.3728106321231625 0.37453228217448026 0.34703562451681497 0.3484179671966875 0.38089067051530956 0.3376194696376712 0.35283703276590445 0.30754605286230846 0.3316108403404237 0.28739146165500185 0.3117907194690549 0.3212696244524469 0.3539722193135102 0.36059977458298537 0.3855178996343471 0.36953404157893616 0.4196489029959188 0.42489951733327247 0.4339707586509207 0.49701734518444385 0.521842280761761 0.4932974588335213 0.5126111391306203 0.5858382164583065 0.6142494142572478 0.6949930692495541 0.670230524067839 0.6428591322637663
0.3454674126628625 0.36890037599636377 0.39345094768167554 0.3667909472826781 0.31647147317137536 0.3332866380146503 0.30840939121689265 0.3427431768220688 0.3365196746174535 0.3311076585239931 0.29029429419207 0.3048774491656021 0.32696828769227565 0.2647676531842957 0.3242213409852329 0.37611106274068196 0.3955360467022785 0.3800549218094445 0.3677594314218255 0.38723284290515564 0.360261126908942 0.3597914197437362 0.29609956958519584 0.3243599034227757 0.3354123143106405 0.3029442808198891 0.2929352804780453 0.29035793793989445 0.3291832296972717 0.32657953259517464 0.3937591310888255 0.39485946381004294 0.4280451514609391 0.4223474645505035 0.43149395745406005 0.5086136774171112 0.5279546273640064 0.49766047934125696 0.5802411231531274 0.5972084147727824 0.6250197980169051 0.6578011141678273 0.596286231340288
0.40282511677884675 0.4307981936692052 0.44972992242297044 0.35595619516934296 0.30233138953756933 0.3179656081047914 0.2945320090956073 0.32454383327924907 0.3274705447507508 0.3537902728645971 0.36359793525727 0.37167270384025425 0.34875637696282874 0.3323801159942735 0.28445108365599436 0.36421332877572354 0.3937327924214019 0.3533933081542599 0.40272530218992264 0.3569022558018705 0.353751253341687 0.36847220425132376 0.3052305957350297 0.3181124193204877 0.27717341393494843 0.31248615434322347 0.2871173051325214 0.28777942069660456 0.32107624770864057 0.383095657325613 0.3770286742158162 0.38938030578310745 0.4056875796939518 0.3984836309261827 0.41963082596412665 0.48620604375896453 0.4855833526611024 0.4827069284212633 0.5033917021781823 0.6100869119445476 0.6306661040311392 0.5983031547785447 0.6133851841862391
0.4540860257113604 0.4570597140308522 0.41171068106208836 0.3600482216733788 0.31540275272445084 0.305824057146823 0.29126592688070374 0.3640073191475479 0.41125935658741447 0.4163803650901515 0.4215080265431857 0.3757841943237656 0.35550091748408325 0.3541563118245518 0.2826976438683923 0.3206654242406259 0.35805247127009127 0.37451496043540106 0.4019439747584781 0.3919451340926796 0.3565842392842713 0.3278023306879645 0.3081658121822009 0.3159217924220899 0.31388628883387054 0.3123025365015336 0.26652648945751806 0.3307570948204945 0.35128947884352396 0.3679666515140789 0.43882944882344294 0.4009982738672432 0.40674386813335983 0.41568897611529626 0.4244874892152042 0.4366254043384429 0.5049463814444254 0.5063233841657194 0.5482468855364704 0.5781583425042666 0.5582285186497613 0.5579880399969619 0.6163457174610532
0.5272134974089148 0.4792565593122299 0.40024741888822285 0.38811347419292946 0.3950892286027505 0.3437827494771415 0.35500152051832917 0.437428017144488 0.43339252177599924 0.4130182015079728 0.41268218672015294 0.3842757928900068 0.39679536731622306 0.3666070959812261 0.3018578750658046 0.37744170768141866 0.3580690958468034 0.3450191397631636 0.37818172202466477 0.39965390047610305 0.37419084568534333 0.3879366353627232 0.35206237657789263 0.32734072536373787 0.2861070243860451 0.316607895218022 0.2816021554654456 0.33751694412430383 0.382557242092542 0.37526373301604904 0.4653815464343467 0.4235759504888232 0.35767402668179177 0.4308601653151191 0.4817779170913279 0.4955419132372717 0.5086179003880142 0.5434490529217558 0.5384196958854269 0.5427531140367692 0.5285024900779883 0.5590592235912121 0.5374402519687402
0.5193154515883583 0.4448023305973607 0.40111773664596045 0.41323757537411376 0.4443720148922666 0.4024321115766095 0.3914862183544565 0.44652306907192774 0.46205951278505775 0.3978136751469309 0.427085442319798 0.4112267455466916 0.36158061679012365 0.3887399967378099 0.3479252805804638 0.38803790656299475 0.3741119238609261 0.3444406892965344 0.34953167039947564 0.34874279584239093 0.3456320101289017 0.3656652018685163 0.3120881243595194 0.34084646430253956 0.353688523152999 0.3163823105344617 0.3608563709960754 0.3750803558185403 0.4419173993438523 0.42719110620160905 0.48303229125842734 0.4223884403378361 0.43375712727656424 0.4191134205779161 0.4470971676687238 0.42356307985026526 0.47612168175802544 0.5198062824525257 0.5146873985811131 0.48849264001978143 0.46555376544278687 0.5304531009631263 0.5322129474183167
0.5143184068632061 0.46215946322194973 0.4142631511710915 0.4090464097780399 0.4121292998171111 0.4232158416420938 0.43384872367850985 0.44170868677737707 0.42621128435602246 0.43415646744904907 0.39591140297547806 0.37568928935246043 0.3848147003756361 0.4039175735397261 0.3715296692154583 0.4185642805501301 0.4022226600036547 0.43003685813788434 0.3768972181604349 0.3628457784623959 0.3369223213916548 0.32681002388093855 0.3425354243095487 0.37925770992442065 0.44066254516020736 0.4261158273224953 0.3701434668991524 0.4463328912919383 0.4792913386309246 0.4405976302320052 0.4840000653723138 0.42573766433146615 0.42728789134629097 0.40584018475223155 0.4096820395526306 0.4155489945967627 0.4375539668053723 0.5380867779230825 0.5280900001099033 0.513875806255907 0.45515964026057176 0.5252743321897589 0.5027721233882589
0.49522018070993185 0.4486207509890388 0.3933383366156573 0.403769376696957 0.42533737006373395 0.3983626847322339 0.39053951143292925 0.41317791420864053 0.42989462045945415 0.456384820034554 0.40482571864034556 0.4046026419572796 0.3835019964787781 0.38037493245938253 0.438087012899122 0.4391313414107004 0.41717076046161117 0.44657720026315667 0.4258821268686897 0.3890628917637722 0.3950214056749504 0.3901831180069583 0.39795056618053526 0.47409706246110517 0.4845018251081283 0.43014682474993277 0.4078214900960253 0.44064116356941085 0.5066014960693275 0.47962479035082617 0.5153741916708808 0.4961139805833609 0.4524362049748605 0.4417407095023235 0.4563600224113303 0.4799196501419095 0.4509453781073846 0.5278058739338849 0.5107340192873755 0.5072196985982959 0.4882706343522211 0.48849217672296463 0.5276182523698109
0.5162540938751439 0.42233844354880995 0.425952906611193 0.3782569636906485 0.3899436906550338 0.38712878234629416 0.4304150741638446 0.45501541353249664 0.45805187363424166 0.48982769910453455 0.45964926754824875 0.4557237811333974 0.42724532949937344 0.47561573157679 0.4792262449186046 0.5094061375792107 0.5340550597832316 0.5215547197964778 0.4497845859453101 0.46204504551691494 0.4449959626377391 0.44914405038655536 0.4678016425585385 0.46024631269811944 0.508460180061054 0.5219230860526207 0.5318479876476504 0.480563883933026 0.4883675808604655 0.4504915929604496 0.49402521502534985 0.4733539443881522 0.4629430562357526 0.49182404388657425 0.5352071699754474 0.47198594427708274 0.500525160563546 0.46902090222914206 0.5067376927641225 0.506251740700654 0.49270057958194524 0.47032004313112075 0.4976671076579319
0.41966638293618863 0.43765258753266245 0.42924005446944996 0.3614978285235625 0.4104929862559598 0.3847916937578816 0.4245038366116246 0.4244796796990282 0.43965775558776615 0.45820737754216434 0.4688660820714616 0.4471146009192728 0.5004883130609902 0.5191761538173799 0.49835429067876746 0.5283962968080022 0.5320727513256361 0.5430026459268524 0.4931232701265502 0.5018108655252539 0.45423144272375127 0.4755180677322186 0.511971244644239 0.5090642042276997 0.4998318354529339 0.4939856397213041 0.48971185101592724 0.4594213336382396 0.48283780237709734 0.4650812112561907 0.49143628397022815 0.46677574278775175 0.4881760315507595 0.48147524447515144 0.47824347819128016 0.4844549039835188 0.4865712232214483 0.4642595257491102 0.5133036242005665 0.4777302649418428 0.5212038212859816 0.508758664482575 0.48770959667050257
0.40781644074729023 0.4265944607752732 0.3857111034961601 0.35287507382470273 0.3786194642184426 0.38912882627634493 0.463548258108715 0.43753132477285184 0.459084212574829 0.46927279001537586 0.44580103561628853 0.47793569939609054 0.5326556569843605 0.49245507633665375 0.5248668296672019 0.5525283379040934 0.516628992209023 0.549473445632137 0.5441985189786928 0.5524330711545516 0.5358520708871662 0.5236525781342793 0.47186677924939785 0.5278617800757267 0.5555626379110556 0.5200096931664987 0.5105131523733107 0.5147942763191228 0.46105976340214977 0.4663523425886411 0.5060231974436067 0.4748075369972393 0.44498795761928206 0.503454159182598 0.5126804212037461 0.4417309465586076 0.45717640969111834 0.4648255424556509 0.5226503183964208 0.49874562161335606 0.507355867918092 0.48951132008439996 0.44450619015470516
0.3774769907790526 0.4327775161534168 0.3972512497142933 0.3919230549887745 0.43245472089936565 0.45827137584365274 0.48501213562945344 0.5285871864504976 0.4881128826556949 0.48780800328172136 0.5165223098070232 0.535983613072533 0.5477193745569291 0.4760100169207015 0.5174056157776225 0.49091668338738015 0.49058182376054454 0.48632985714027904 0.49466782013529886 0.5101228721860451 0.5226816003829047 0.5289068536001814 0.481655592208998 0.5331819181647545 0.5161022334600381 0.5157055823804512 0.536407075948338 0.5128116614001678 0.4440022390324345 0.4306404798124623 0.5022123781066498 0.4861956690748989 0.4850808767528469 0.4649313947229781 0.4644694200129208 0.4379818821237765 0.42674987423141014 0.4857676824514708 0.45763606885094643 0.49851984437949004 0.4795809336320713 0.48988326775465435 0.4887190467032371
0.38495871735880377 0.3794574290071981 0.4009738518044497 0.36412150800978643 0.4156501496280515 0.47016979420400973 0.5492066274945088 0.5467566325379796 0.5749650355711123 0.5438960495258386 0.5689603728123882 0.5257441787261738 0.5314770657974467 0.5291775582005588 0.4638513011581408 0.462880610253945 0.4972341940126185 0.47911854309465807 0.516379774860924 0.48941078417051237 0.4651900725007641 0.4851285454407096 0.5204719449726045 0.49686534549721184 0.5545330035000493 0.5290832011427634 0.49192044263217105 0.48114104094264915 0.44166136919040444 0.4545008983752868 0.45198296034248003 0.46532582335244926 0.4440718076615506 0.435607429596184 0.46548499241548064 0.4155503873921853 0.44177156666120065 0.4832288513535235 0.44566453811071494 0.46524595586688894 0.48393133177197223 0.49931531039757915 0.4578780755152896
0.3265537432452221 0.3220482362280159 0.3496028138125005 0.3481569310265543 0.3918303357761548 0.43186848761621777 0.5460537017947308 0.5321817049359631 0.5592981177560704 0.5795743185056499 0.5843992304929813 0.5989179987632761 0.543160842996846 0.5200018028227381 0.5217974806870278 0.522905189765668 0.5179475712498118 0.4694847505285277 0.46553946429059134 0.4628851112406186 0.4864858156152567 0.4889522536208349 0.5064801211496827 0.4475610874451779 0.4435920978098654 0.4914195707836974 0.4634329466873137 0.4494219159817969 0.39911641290729777 0.4497283441796486 0.42895652037989673 0.42275082848126666 0.4690523904575532 0.446219073615228 0.45439829766831624 0.4599844493521028 0.4696029467234797 0.4642478189237807 0.43814457812563035 0.44756786728659614 0.4766378391555414 0.4563452285393395 0.4522267994953024
0.35848885495874844 0.3038890022245188 0.2892751164828366 0.2983768812419603 0.38277687461533705 0.4449126990707395 0.5297392533420822 0.5505156774560154 0.5843850282481156 0.5770337285608661 0.6398867838544712 0.611823497251203 0.6513689870664113 0.583961297491072 0.547814184432246 0.5466499164899553 0.5274289550936018 0.5133570319350138 0.4582026267493473 0.4905566459171829 0.47430337954540425 0.41984393306731144 0.426662317526695 0.43386275243206646 0.3960873685936029 0.435364575140271 0.4463026826058109 0.44684930200096834 0.397947869686659 0.4522811869631456 0.46737845077987655 0.4052675078793948 0.431626178613861 0.4211642567504756 0.42527658889865855 0.4580350349211756 0.4743647905551553 0.47174528941675203 0.4173891081170292 0.4559579658478363 0.45019188687710526 0.43196000117785627 0.4692752235326678
0.2963980384825944 0.25697522089569275 0.27580170655194086 0.3021666890628943 0.32343913126190676 0.40427748519309864 0.5122267818188806 0.5786198724281102 0.5616269716519902 0.6220053718564045 0.6465321288758828 0.6401158406099505 0.6066839954839013 0.6104034599473318 0.5982988084201305 0.5751149097990057 0.5705753953350609 0.5357422082807162 0.5245220921551879 0.4829576510377992 0.4460477963532165 0.4035976741969074 0.391319038339164 0.4290192450717677 0.40014905462269873 0.4137071504921925 0.4132664048181169 0.4225395344728445 0.4004612496366611 0.4505334920721466 0.4730718895493283 0.4450537108274094 0.3973957312459534 0.4302617961065214 0.3771572995908089 0.3739257304410621 0.4042559448246683 0.4279365974511344 0.4016647595328638 0.4457843245483958 0.4603509343087014 0.4614153234963752 0.46423503428989155
0.21097127682471092 0.2075361727950321 0.2391982195353364 0.309244254223094 0.3366713776153209 0.43024184773714685 0.5146329181627578 0.5558011475623317 0.582871795431746 0.6039054813204757 0.5896300586515166 0.5887551592082402 0.6293201163620584 0.5719203975020631 0.5435902628714561 0.5352484416329557 0.6056184691851284 0.5264727566737073 0.49857151247039944 0.4929122173961516 0.37969867754096615 0.4003557568244152 0.45415841973865567 0.4702572658580895 0.41317781661867686 0.4331294128402487 0.4398920646906215 0.4630863369049943 0.4028010405700636 0.4008174878245052 0.42696720951316053 0.42252345027088345 0.3701222158492963 0.39980667192356223 0.3544643004420974 0.36356103291075664 0.3951129032214486 0.40167230719608443 0.44611808687060217 0.41273160479598564 0.3425446636741526 0.4025494601684554 0.4758656468805455
