Raster_benchmarking/DGGS/continuous/raster-268.asc
NCOLS 100
NROWS 100
XLLCORNER 1743151.4121642322
YLLCORNER 5469293.404215462
CELLSIZE 10
NODATA_VALUE -9999
[rows 76 to 94 of 100, columns 0 to 42 of 100]
0.63164141875218 0.6146725353814606 0.6024860735391411 0.6025811649301364 0.5373185768214047 0.5671310232608625 0.6013737095224675 0.6175739374229836 0.660565811696123 0.5773112020240374 0.5820465810920311 0.5815872774389337 0.5393628863203159 0.5394799249858057 0.5220242287890415 0.5174420179407481 0.5578846934695783 0.5757173868849274 0.5337756040257616 0.5732542580487016 0.6008723490969886 0.5823338625107451 0.6033323266451066 0.5319988671009283 0.48548796677617867 0.4702591932238049 0.5127992598639604 0.4830008344483383 0.4243226314435878 0.45315577457093265 0.4987834007733715 0.47866660915862236 0.45077234742713124 0.4741584361467123 0.509834510157085 0.5688957188045334 0.590166358596756 0.5592107109020109 0.5214703440612054 0.5552093291689456 0.5610941303581294 0.5221946656128003 0.506596195848429
0.6267064578896969 0.5977194890092298 0.5705122615496748 0.603766078625271 0.6075068966448907 0.5915708070228939 0.6281542301629637 0.622445817646908 0.591060439008603 0.5917483859891575 0.5508952891282415 0.5769386858014272 0.5708278016808637 0.5267044914590965 0.5082985732045511 0.5195306657434452 0.5826106026030331 0.6065622929551542 0.5926689882100084 0.5712444437153253 0.5910527780089352 0.6235175862851943 0.5719256015050749 0.5697941323637237 0.5426869757418291 0.4830803299568978 0.5091374416131816 0.4375940444283157 0.4343473019255399 0.4786659454123693 0.47779308938508186 0.4532643395045163 0.46344412754266223 0.46256317006120706 0.5014034331996393 0.5201258857734887 0.5689938253618713 0.567161450445277 0.587842822501622 0.561462453463545 0.5517216536814075 0.5488653244406273 0.5361189705033989
0.5731675127156537 0.5888337464171517 0.5783518247441427 0.6293391247584715 0.6709425986552631 0.6657304708865782 0.6801783550694295 0.6089143584614172 0.6099679209202298 0.6176831147887765 0.5765469350166642 0.6145664353613478 0.5715662298376293 0.5387420280932438 0.5122461148433728 0.5351346173386277 0.6091938791286193 0.5982174935430722 0.6143480111577503 0.6159995508636031 0.5907995738726161 0.6065964604900405 0.5982325607940305 0.5459328395910852 0.5094984130307587 0.4856689336051646 0.4765385035438096 0.4533807448214428 0.4444839458498543 0.4262573846333787 0.43418929366079007 0.4657787544098703 0.4891560700750177 0.47980293047995237 0.46619956886685093 0.4913922301220134 0.5221277754612239 0.5429486989071521 0.6073022460421706 0.5567853784231215 0.5442889926562786 0.5791580927413105 0.5618841412007067
0.6219400996368937 0.6010019762665514 0.6138237278985915 0.6096452527675539 0.6537585954088655 0.6872536624291063 0.6851367834247191 0.6420275690103109 0.6603632058371169 0.6254194055909417 0.6278292042825041 0.6059274292234286 0.5770101809441193 0.5869547454636687 0.5434820664357787 0.5642456370115742 0.5893673704494319 0.5677583667773703 0.5796380514473947 0.598364014644772 0.5824496199251428 0.5945029383344479 0.5806320473955994 0.543753817301375 0.5274437518214489 0.525799251169891 0.47544020739851367 0.4441475888507327 0.44497477040916084 0.4074563535777759 0.463759495057095 0.48089770602683257 0.4711023923403407 0.49373292264422075 0.4806262765400666 0.5302602298114293 0.5239267189727128 0.5516953669999909 0.6051692597449604 0.5853228360106734 0.5831634062989116 0.6022809199864114 0.5940114786277252
0.6333650222823372 0.5706622320574003 0.5575355717339188 0.6282183014942179 0.6728854573449562 0.6757938255399872 0.6320781555566553 0.6520116618857855 0.6808112256468862 0.65441611347026 0.6395533096502114 0.6227287978646393 0.6097971117189434 0.6069466126222289 0.5294655019000347 0.5696847849631322 0.5425848388362353 0.5440311153317404 0.5845497345058539 0.5762777114621827 0.567594719579075 0.592110637332841 0.5894763802749599 0.5573894064345173 0.5485223845703108 0.5407310515192347 0.48930998983049184 0.472876155555235 0.4064417873523799 0.4287310865431591 0.45439867548144514 0.47251625936917535 0.48457771861145416 0.5175829330421585 0.5134184311313095 0.5121686952435528 0.4982006270113016 0.5381779508987461 0.621232043097698 0.5933733940856443 0.6167167637040195 0.6436085259637616 0.6529152023509193
0.6054224550797145 0.5500068685102063 0.5634343022213274 0.5614518075489008 0.6140936312491316 0.6105314024187076 0.6164795591816429 0.6304957500567259 0.6295587381327659 0.6673509237652253 0.6776550055129323 0.6396218282425269 0.6141378063734438 0.5966580842863499 0.570755454539193 0.5250757170311425 0.5040399162033364 0.5322443942384169 0.5586399546154837 0.5377875399936283 0.5907309930890787 0.6027508240269255 0.6034120906999414 0.5377564528824135 0.5236589978382399 0.5003075538291146 0.506333329303173 0.4739437967362481 0.4869671890499709 0.4645961062856258 0.456045962461173 0.4981411072069098 0.5177355728336557 0.5211504488235575 0.5173742802462215 0.5143040202446196 0.5688829821174766 0.5861750381846945 0.5768006825001656 0.5968858639760682 0.5890329413537986 0.6383882509323952 0.6304480536454802
0.5485843770691886 0.5501265084431793 0.5358487581866751 0.5652501535666634 0.599569778739921 0.5999642057000771 0.571250875705743 0.5669054047330264 0.6245698860354504 0.6462068063453378 0.6401219771225635 0.6327693434335359 0.5806906300456717 0.586465624538472 0.561378065899627 0.5314278344673743 0.5345387910919099 0.5399598937072655 0.5413531329464404 0.5262345476729365 0.5505800361409305 0.5577887493905941 0.6003165224825071 0.5641063220079257 0.5119824896042917 0.485357413071508 0.4955411577719659 0.47161933214223706 0.5025330188892523 0.48772808716105326 0.42353435138468126 0.4794870575338258 0.5045676964570962 0.48195089310203165 0.520094138960646 0.5289714241362156 0.5559267115143053 0.5609728973182101 0.5588695562350087 0.601441804018589 0.6125695540109696 0.6109442639251497 0.6439124912559667
0.5484958359597166 0.5289643040399465 0.5329876854696178 0.5453904109641421 0.5382711382274465 0.5194058905508122 0.5151087742443494 0.5690206637433529 0.6083090118810033 0.6113066294898978 0.5790392451609307 0.618084648405867 0.5809574166664756 0.5988212011056672 0.579986046722595 0.5408681196552195 0.5346431687525384 0.5141205945699737 0.5377156690570908 0.5379819731450182 0.5668857303389531 0.5851684875089537 0.5899637412354237 0.5491418339116209 0.5724460854578466 0.5390791469889423 0.5416460689093283 0.5172962070253131 0.5081309159077153 0.444552851513027 0.4694014142326226 0.4823788727688907 0.4916207010560518 0.49527747961952057 0.5057024125974299 0.5074740663341376 0.5060556446535979 0.508416407582568 0.5163750675407623 0.5625548992641538 0.567763369499479 0.5942124301679833 0.6141915585963035
0.5286112680323587 0.49697438951806766 0.47878333633847164 0.4777348291735303 0.4977615018440852 0.4991467089057777 0.5254673362517388 0.5557395389454656 0.5125054190197654 0.5102772524508353 0.5459659933742591 0.544560687304511 0.6167469075532517 0.6170837004061579 0.5639164752285765 0.5313994305197518 0.5353653466310246 0.539355785378142 0.5727097772033514 0.5798699407438701 0.5963630933632588 0.5920696905673508 0.5969535732943364 0.6008995291634103 0.6128497341869326 0.5425129337664171 0.5187880167325694 0.5429626291329944 0.4760092284801826 0.454246443555611 0.4907005885768739 0.4511577675298508 0.420581715888887 0.47108950931477783 0.4381012509420127 0.4989157792010015 0.47287775924044223 0.5162317862383604 0.5225750677990223 0.5544062674153266 0.5965699445055104 0.5695014884751675 0.5261624940421908
0.49575114975922474 0.48838084506538776 0.4603571825225928 0.4918035375989982 0.49211618791627276 0.4951149163178865 0.5257363180470206 0.5605935490411591 0.5453088760833099 0.4905363611946797 0.5445988768260044 0.5131092974383314 0.5358302922626033 0.5715156549720072 0.5568118768697032 0.5608533494603547 0.5598734304997453 0.5846468189841763 0.6024703052595718 0.582735394249895 0.6041259898830816 0.5820433104804502 0.5549211832364703 0.5723855959252396 0.5894082099155173 0.6029501101278986 0.5378262060580888 0.5441767368409045 0.48172635940441033 0.49666972412321536 0.4850058055993369 0.4741474762666491 0.4792621558496667 0.4471583448944605 0.49071463084130373 0.5154737426797665 0.4989224618105064 0.4952038634744138 0.5144610104923695 0.5632432515645229 0.547864660398667 0.55609921197723 0.5777380601285013
0.4333576805670952 0.49766177416192847 0.5067033570996401 0.5271999247996175 0.511093282416264 0.5548792749569735 0.5638977015266139 0.5267999752676567 0.5257848592386934 0.5090915190677703 0.505112169044021 0.4854143378767376 0.4913743231777712 0.5151202881410242 0.5053931271053775 0.5567754108099607 0.550709031315176 0.5461615088122294 0.5709161607969719 0.5979174851111835 0.5762678116386251 0.5731709772445265 0.575666585770506 0.5497148035964552 0.5676575634157307 0.5993615783141512 0.6044771012844518 0.5636148103702115 0.48666742445155764 0.4907727913053233 0.4704364319993513 0.4768894925644142 0.4836902677429933 0.5290395495862488 0.5284830033173701 0.4958184151935198 0.49973093032200294 0.4856136800997903 0.5056521922958035 0.5125204178080843 0.5624712651290081 0.5681741780422228 0.5585195304945809
0.4017941106099001 0.47013057074445735 0.48363435990702763 0.4979117276840263 0.534474183358957 0.5273941373286063 0.5616422388564228 0.5723596181118883 0.5589931403516126 0.5254594606961275 0.4807858541403538 0.45023261371495155 0.44414479866953954 0.4879756111870497 0.4868116444110128 0.5109038030484766 0.555169982200743 0.5586687970539024 0.5734122358291065 0.579920387873165 0.6315293812785544 0.6127393378256258 0.5864407872712935 0.5744830655878147 0.5915074500524652 0.6384587561064825 0.6161282980267844 0.5811944321203522 0.5264502189535375 0.5270781220689049 0.49608524581259145 0.561066991142517 0.53570715009223 0.5488855520680105 0.5017140525147052 0.5101288992265378 0.5314280772089465 0.5331700788043514 0.5160342149374335 0.5341940198251175 0.5802949414163039 0.5785752566629262 0.5120001396642574
0.38000647683922084 0.42401903482871905 0.508668631364241 0.5324028076518431 0.5388079133932032 0.5660900502779612 0.5588042873456395 0.5584960622016861 0.5753075355865214 0.5057198062523872 0.4697780127373297 0.4891089309092316 0.4555810124760744 0.48520822018962384 0.47579205901960836 0.5456812944541295 0.5104337685074732 0.5180103427478818 0.5588365272935409 0.6210692479487447 0.6421348592811686 0.6307080261243763 0.5963781812878616 0.6270172210235336 0.6343205194152808 0.6705125694663835 0.6596054734846513 0.6415304168918962 0.5660744754553714 0.5781525888131049 0.5490270222535758 0.5940567540092683 0.6282697380098523 0.544344766183691 0.5070185712559332 0.5475962714236072 0.5234301728136026 0.49123319174413005 0.49637082182221803 0.5348457915524841 0.5813633935793541 0.5506926943985623 0.4903703284077278
0.4199460256306263 0.45357203217948355 0.44464373477698693 0.4834371284412134 0.5226615162774652 0.5548258170592779 0.5736902738733792 0.5446534269761859 0.5720704729247759 0.5462259981250683 0.5224384042780086 0.514373268952403 0.5209782651631553 0.5667324297566149 0.5805247809951143 0.5682690311091808 0.5488770389221947 0.568834926540651 0.5459634996837156 0.6098517084231898 0.6052424119893385 0.6144874096694708 0.6520850250743884 0.6525773334019547 0.6184092928489887 0.6380230069638881 0.6490072772019542 0.6350794479509909 0.5559855104289321 0.594172926384673 0.6119373844957546 0.6457136714012723 0.6648227838479867 0.5988782723064169 0.5545565093162419 0.528102182375399 0.5017032722559762 0.5333433145653038 0.5385528540612193 0.506604432315045 0.560797662846104 0.5300599195479898 0.5074168782415978
0.4052289631115404 0.4723549033051011 0.45919526538158084 0.4622851296829041 0.5045446979034041 0.5446337028605011 0.5432202194019221 0.5496902336704568 0.5384750352602614 0.5088689019120708 0.5180644287865285 0.528314149313598 0.5961857386124193 0.5933868689385582 0.6142514772815314 0.5696773281225981 0.559867394846421 0.5729072938884305 0.5660758463616025 0.57978877452373 0.5735427830368942 0.6019902148629593 0.658522822120029 0.6821344818173783 0.6450890685411188 0.6227943540262685 0.6358065880501138 0.6169513925807358 0.5539585624312943 0.5759616592327721 0.6201784587984261 0.6224456181449136 0.6609852084213643 0.5897170795608014 0.5284841898568685 0.49674905101511996 0.5083163968264107 0.4960907892625821 0.4975571954755148 0.5198359946404717 0.5071441995587531 0.49881583187828077 0.48916369642322866
0.46855726251880664 0.4548369139534863 0.5024533694046253 0.4758247566649487 0.5193770934608996 0.5046133971044868 0.5330296607319184 0.5743937496877064 0.5534996957219822 0.5507052451254442 0.5391167367157313 0.5948112126033523 0.5868804744407873 0.625044941506074 0.5905505810462318 0.5973140660948925 0.6002332561980996 0.616091326644455 0.5817437235559465 0.5470605049601047 0.5851375127206101 0.6330881776722376 0.6758480941312835 0.6691311601819733 0.6139190607365314 0.6293099203984596 0.6423957721922964 0.592186101441053 0.5766388898140842 0.5959949644980557 0.6419558042581077 0.6583077305641286 0.6278817546926956 0.6117951754352785 0.5572329372034841 0.5129069167681004 0.5474453514450365 0.5383522944259997 0.5198391649385146 0.48333463066823085 0.5016205753676941 0.5018081658024203 0.4961136179305892
0.4614909815796162 0.4992169723428714 0.5095361929182793 0.49671275372798146 0.5017365185358388 0.5036137662233887 0.5401819975882365 0.5232145289170949 0.569224802207064 0.5659890176130621 0.5893191095981785 0.5660988121002477 0.6236265432186716 0.5785864850529727 0.595941076407387 0.6038610261523065 0.6656416580600859 0.5895010232927507 0.5579275167298671 0.6024485626946625 0.5741060531662354 0.6354582494857222 0.6630048081647347 0.631828093475887 0.629715920043679 0.61860133859625 0.6515739116074131 0.6346169647066284 0.5815783676326781 0.5986183673982735 0.6648955832963346 0.6648532897720297 0.6526310710517219 0.5926031286287119 0.5285996316355128 0.5125354443105505 0.5104853589512357 0.530649562297737 0.5507400675188143 0.5218927942285445 0.4789041487250023 0.46761427517720866 0.4807126063191655
0.5006958534185072 0.4761580921669458 0.4846924774365396 0.5270350156394377 0.5213329304521707 0.50454743629397 0.5570839500732329 0.5147628527098632 0.5345166896413628 0.5320972174504508 0.5400453541050578 0.5710972642958736 0.5884142219221987 0.5731298146173335 0.5910054790496444 0.5879369505311769 0.6385008712781473 0.612793043164099 0.6121925594035417 0.6252366968013101 0.649055791215234 0.6630351751456107 0.6829598377367525 0.6909414596836155 0.6666931323461196 0.6526856013364191 0.6118504755848136 0.6166879987273399 0.6426142971488562 0.6229957497949631 0.6596951464079597 0.6437124459676413 0.6543359413306046 0.5948700453361124 0.5474258201876894 0.5155450357110924 0.47998169679793234 0.4824693468849986 0.5279400472610775 0.5040851724708028 0.48657372069284205 0.49384390420430957 0.4655746795494741
0.5102895047342161 0.5121888581853873 0.4916478741153095 0.47164543994970826 0.48794431106669034 0.47718247351426857 0.548727561477315 0.5282842774383738 0.5247824140981436 0.5439896500772177 0.5675114069500885 0.5780599120894274 0.542564012854978 0.5613061068001978 0.5629425370289276 0.5911769857966884 0.6397654769188179 0.6194174512596564 0.5814743274764866 0.6155041977406198 0.667603166156561 0.6838721696956724 0.7114113616066935 0.6752132077150772 0.6655524840571375 0.6572775554404912 0.6359147315035737 0.6228421920979736 0.6383258692395726 0.6426429904404394 0.6075084013132308 0.6051900831579955 0.6125108971965242 0.5560741110094174 0.5202729820189497 0.48801591388602034 0.4669176954422425 0.4703475789020624 0.5015673623396542 0.4792459031897801 0.4696622582147868 0.4561464294427962 0.4989104616196635
