Raster_benchmarking/DGGS/continuous/raster-330.asc
NCOLS 100
NROWS 100
XLLCORNER 1743157.6605495042
YLLCORNER 5469290.374558147
CELLSIZE 10
NODATA_VALUE -9999
[rows 76 to 94 of 100, columns 43 to 85 of 100]
0.17532535260437104 0.223428784182914 0.22081328720358512 0.2162721002847612 0.26024556244535807 0.2793501565454813 0.22662698160276173 0.2596232334145179 0.235656591596291 0.15750896204077394 0.15133403278530383 0.0949618124176328 0.09925339927495393 0.1589560550196088 0.1891532341727695 0.20807516619545854 0.1760872387573302 0.19641467411515173 0.21381090961813323 0.21519463929213464 0.16501689864530406 0.18476988040604417 0.1363958384325386 0.18077363775282382 0.25097301708557196 0.20638561544429065 0.23362274659080778 0.2310056487526185 0.2789957183865646 0.3226528379660664 0.30644592289530764 0.3475960419375317 0.342338722658068 0.40080395124990387 0.36204342821206037 0.3896137512952573 0.36419690106443237 0.3469956555659239 0.38162115253517137 0.3845735807123657 0.3320977695658926 0.3476849469640207 0.3529217176700279
0.21246074577762253 0.19645222174336865 0.23430201729755207 0.18202331143438083 0.21159928450978427 0.2522899819005088 0.22923349561860748 0.2818657348803894 0.28426536628905497 0.22908431304711793 0.1538617983949479 0.1483554325381574 0.13700844789074845 0.15050808998377224 0.16472048962761213 0.16457019827439107 0.1524879345488382 0.1750966170242895 0.18027880230360752 0.12734958848660205 0.2007885188951959 0.18130071789148763 0.20552604825500503 0.1917288057410555 0.2731017351413752 0.29506845525583636 0.25003817214587687 0.23222305824235046 0.24396872611546289 0.25679583933456746 0.27534318394696367 0.3489325626747398 0.3732210662775822 0.42124492912991 0.4111796959707604 0.44855247360929806 0.40517876372174333 0.43143585927956335 0.4163291185088158 0.32533630159135357 0.28990723207878905 0.2732790550415701 0.3193653042964517
0.18749938476449451 0.18462067064694593 0.21468552416036216 0.2085724904079456 0.22217417065428874 0.21809760796670616 0.23449882940169012 0.22419660105128622 0.2574958262326669 0.2716557819846917 0.19546006578543393 0.17730892832461176 0.1871427531066211 0.18500131764712527 0.19095846748691525 0.18112328129003213 0.14548778793755668 0.12180572292847168 0.14508706730736007 0.13414728779072813 0.20403332635459132 0.21292390704612243 0.18805767371865054 0.25611836139107313 0.2472521469044695 0.22854937031968703 0.22833933424867098 0.2633990058019705 0.2760090792260637 0.27989598732636267 0.33330969229932556 0.4058700616418554 0.3821221327915056 0.4497661102595563 0.41733151267374513 0.46304131385430225 0.3936864779782832 0.41390736234959735 0.3997607677559868 0.34570365072092846 0.34428373537952767 0.31075463543067133 0.3620921538456691
0.12201546856590198 0.14997829917103042 0.1894607977030484 0.18799990828433216 0.1892775548695134 0.20519118285524518 0.21433751039263468 0.1934284586101393 0.2669952090099545 0.25927312743668623 0.25926040359063085 0.25551101501075646 0.1849646920136836 0.1880394584586397 0.20889085912511035 0.16294385720295837 0.16782822146619658 0.16839134835330186 0.20232015727179617 0.21939449565252 0.2515574799512345 0.22871512574275002 0.26025271296779284 0.24760140561261404 0.2629457572780096 0.24687892474183423 0.2363658031412765 0.2640400239485046 0.2705858740738341 0.2646046772307406 0.33493682182753715 0.43041763731612226 0.4383874151142296 0.4855034621067544 0.4649716769470903 0.46238555972831397 0.3465858484192434 0.3253522021969676 0.37377643676394323 0.3602433813542377 0.323624807317516 0.36027160292008625 0.408223816845777
0.17429698615969738 0.18277282420691005 0.2005000129498675 0.2297223941928727 0.17805940474073423 0.20270301972991836 0.18374362659400148 0.25486989312839425 0.27045485694657784 0.25894060127066115 0.21840733174502514 0.21945176732428287 0.16445549324913855 0.1596789655733627 0.16969919682135223 0.16229626006733902 0.19731177096622873 0.1517177433938674 0.20184231587323964 0.23037348704202487 0.24999814580843915 0.2588544951869114 0.27583464005662695 0.2880050576886068 0.27792425080251953 0.3469807220537003 0.31484863839089594 0.27588522458427184 0.30250438626134324 0.32409482451218213 0.2947777484333133 0.37829151670271316 0.47290386303224413 0.4719374665625439 0.4646719037847391 0.41902595607370874 0.3366042296061749 0.34671832351066634 0.34278561906350347 0.3762863571198872 0.33260912831316375 0.3418834420287352 0.3995629295506237
0.13444341137045104 0.17790575977914827 0.15758462198297257 0.2298867854223889 0.1914443788184354 0.2034509504116925 0.24007906480737226 0.26341639150640317 0.2678538041889587 0.25120363802070217 0.19877775185226415 0.15800657112081698 0.20489844409186098 0.1667707061881467 0.17623071726113573 0.13595135151061483 0.14779880356412803 0.19333340166840454 0.2936923764715146 0.30233471447546706 0.319419955831307 0.3459751274365501 0.34870760419514185 0.3547126040351764 0.32538752599526394 0.4189216517934727 0.3747586367160145 0.2951108611218659 0.3082671117411658 0.30028466816452665 0.3097153721834583 0.3512721288281131 0.44004635155412913 0.5087289479591771 0.43375614365524384 0.3400965587983629 0.33704489823542977 0.3014830592211343 0.3710890540498271 0.38832319268113236 0.3009769528587855 0.2949385198154581 0.35742941394111427
0.1164565649955906 0.12851439828701972 0.15048986205658024 0.19901527708661707 0.2524689084912519 0.21659872625379256 0.22244027547559064 0.2517374707831826 0.21387613691070792 0.21425047057997182 0.2437710753661071 0.2049057615713132 0.16551840764975373 0.15930135114712438 0.15928360249997123 0.1394617170715896 0.23114540014838114 0.2582324644538617 0.33180091799816264 0.3484987384167723 0.3688349815254894 0.3616770399310032 0.33171828032294026 0.3635119503285484 0.3541654089500881 0.38882871994964685 0.37848832097098345 0.37629356789022733 0.35450347616048977 0.3197301968260354 0.3545942415167022 0.4063927419986263 0.37433896905757463 0.36101278270786735 0.3686483938356743 0.37354309685202153 0.3624853216474493 0.332207070884135 0.3717825980584798 0.3243713579108863 0.31831931855032736 0.2841016677243652 0.3668599470303313
0.15270160600686025 0.12725948991564023 0.13562905025513922 0.2139659319638847 0.23147810190189505 0.2954671970935955 0.2523983207999738 0.26085875496280586 0.1925952228380832 0.2184663257768453 0.21143480548525087 0.20960246631939244 0.23486587292531644 0.21080079514372774 0.2380248870909052 0.19415516302730618 0.2771485763789147 0.304391370815559 0.34316795292414104 0.3726217173629663 0.3225426234090905 0.33476670653680024 0.3069025794655004 0.33340263997236974 0.3836485725595635 0.36635070867777336 0.3588072454537611 0.3558537258636381 0.38786677787692936 0.3143433676951153 0.38827544417694787 0.4457683012676583 0.3464211119851562 0.3456949903590406 0.28545330652620393 0.3131663075236473 0.335849467663615 0.3927700281710925 0.38323015718456827 0.3647500747824286 0.3609228055611157 0.31681545393071314 0.3539997473233871
0.15929184696060397 0.11260937931883276 0.1364600281714466 0.19430139395563376 0.28981722754589667 0.32947480698417747 0.2846808554456342 0.25184249061792635 0.24383021778733277 0.28621305105435335 0.27059680280322673 0.2600168416222757 0.2933791417831406 0.24380997055031867 0.2682731419445838 0.25255534891006326 0.2866005884558588 0.2858483860315042 0.30585481374542134 0.3275079202414058 0.37829421625117354 0.3351345036595466 0.3135496333749938 0.36804926912347347 0.36048783210821966 0.3548746262506637 0.3240639709674606 0.322087149156321 0.39919952285599153 0.42163169755942387 0.41837147454607176 0.41734947147251894 0.3353161928754537 0.29598198077918697 0.2812862326189416 0.33711843652998136 0.3358633067325669 0.3277884498847795 0.3812742960971562 0.386729224106105 0.3888108501296625 0.39865904111391837 0.3721922190705143
0.13160585799461802 0.09434648649710485 0.19740314698618752 0.22955448579556903 0.23726519565370796 0.2993429103403013 0.27033960786654826 0.28658286459723875 0.30969606600581306 0.3082661486570395 0.3378599003444351 0.35989060484328195 0.3650898072584657 0.3200148658703854 0.28450023624281234 0.2674983959515708 0.31739699632054835 0.26782816886382355 0.3435604888563105 0.3382541946669572 0.3536417123857216 0.4169426604192254 0.3994083774597715 0.30645213920783554 0.3554561170436632 0.29200027980271603 0.3003640757936175 0.3537820348623393 0.34717257901003806 0.4194381373609709 0.36704498581991357 0.3586356411688814 0.3346853374721434 0.3375388767271983 0.31238013913856616 0.28683055459753315 0.31575582388474344 0.3305335783724756 0.38685339426415677 0.3203631813048262 0.38784208033965656 0.4245557111746746 0.44592836241365963
0.15163030622550264 0.18993648222982518 0.1711212698686548 0.2435717226555219 0.21799950305829846 0.24467450888988276 0.30043364293170066 0.3249488961600558 0.3091244113739786 0.2970135249366438 0.3675415532688603 0.3284261619823609 0.37264222936805774 0.3298013581909837 0.34417447040038585 0.32563775351970914 0.31543033732072234 0.2902033580639122 0.30861217876205627 0.3298117223195853 0.37301197726327723 0.42805498787622914 0.41057207200620005 0.33785580514484587 0.3643238986166271 0.34858289777708357 0.38636543389856987 0.34650965214154417 0.377448099966249 0.39123970195302027 0.3619416516015666 0.4094449580437805 0.3944546730312226 0.3553171621791179 0.3662599095939109 0.35129518208224003 0.35669166837824556 0.37567805736460197 0.4125506767040502 0.36586726593064833 0.35317866695645067 0.4448493938014626 0.4525894326654637
0.2210704893065915 0.25118499023045887 0.1790958345013526 0.24901886960597808 0.2249784683532221 0.2590091104870622 0.22613551989284894 0.2651040720880394 0.33139547884826054 0.3229614829385349 0.3516398254557753 0.3576449832845287 0.3079352863816538 0.3137364674227444 0.28481421978045485 0.34007629296816044 0.3340489675572636 0.3334365201639957 0.3914172642875243 0.41662182966780864 0.45362737094859856 0.4835155989505229 0.42753017282815386 0.41276254204472224 0.40239529614283615 0.3858168299878283 0.4015346450177498 0.4311026160825458 0.43838692792487305 0.38750011333643203 0.4175979449428798 0.37208524528810105 0.4077458614873382 0.4104447479051749 0.3835622166717377 0.42281907319176976 0.4292990783613699 0.47177482647968766 0.4216867403961267 0.36529566767838406 0.3637087553173758 0.3816402567176468 0.42580057721896647
0.22853634884979535 0.2327188750401703 0.2114357503082035 0.26330659523852323 0.23075305520989034 0.246349090501325 0.24441192420155058 0.3045111800748887 0.3027544576501578 0.3727863890560237 0.3608081622914665 0.342075750985171 0.3534519912279805 0.3214986164908276 0.30653940115483336 0.29960111896713326 0.3112263291038425 0.29908383399906535 0.3641819392888721 0.45968211379847784 0.4589013395726404 0.4713439425677865 0.4177076815458527 0.3645491701448408 0.39600394275954637 0.39951456888015957 0.37762256360835406 0.35226128106754145 0.39444193208092704 0.38712712842147706 0.44909874303519454 0.39591037570179044 0.3789033301442676 0.36097588153715776 0.3798722758827731 0.41426538718549766 0.4216156001806852 0.45807520451176637 0.47529929582747127 0.44830959563408745 0.42773978511429467 0.42362212443831104 0.4083648406733727
0.24263852765540503 0.19178068884375615 0.18238464365530738 0.2347223498406653 0.25971970158404595 0.21349605799266824 0.25910092972724225 0.30575353556991414 0.3690087310552252 0.4444986276270101 0.40645846194161805 0.31376539740426806 0.3693547220323713 0.28459761480783136 0.3221990774675962 0.27152192808442394 0.30885633804639756 0.33628519456617273 0.3818569948580481 0.4435410260052885 0.44167735536677555 0.42254889447263294 0.38768217190493415 0.34784639582555776 0.3451067586075414 0.33885991985497976 0.37076132040321946 0.34750803593586077 0.37128214809959503 0.4456675598054152 0.4727966166829514 0.46283749441247307 0.39506218197393067 0.3355698184536416 0.39051464151080745 0.4136832075989369 0.44534734225692085 0.49297809178382085 0.4709725190133953 0.4224191538390821 0.417982794918666 0.39198958845460746 0.43909080877827883
0.231220119816371 0.24270952213210129 0.2344227217498915 0.25078897469339134 0.2155240179791256 0.22689556164238298 0.2682497976484314 0.32391846153313997 0.4038398772894576 0.4276073760456822 0.3881134265951577 0.3764129178495908 0.3696991777861806 0.31182623269243576 0.2945115650368373 0.3517321111162169 0.3642111332983581 0.3879350141092171 0.36169592301986775 0.43227312805532514 0.4652679077502886 0.4781816239718402 0.43064220076811466 0.42493025809089086 0.37376047991508754 0.3921883449026476 0.38819894327198645 0.3621848863319881 0.40744960858418316 0.4769063700157604 0.4822090850693707 0.4482059765134857 0.4441114943757765 0.362648147917521 0.38645039958802835 0.4743086823023959 0.47959465951901276 0.5026596009017719 0.520045649915567 0.5078088386164666 0.4215182546210979 0.39193077382985175 0.41110429230631285
0.26488539861089916 0.3131961811210593 0.3159434781712911 0.2886163198457717 0.30717509512578667 0.27076955844431105 0.2964258683079544 0.4188970893918745 0.41144599051837155 0.40546058457171036 0.44664830026538394 0.4190200459764872 0.3838796408394948 0.3577811473497655 0.40008611195521077 0.3979076494533948 0.4268724097874642 0.369783191883657 0.4181528654679676 0.4531851601488625 0.47790665762307116 0.42768971184516447 0.38810503181795697 0.42194730403893727 0.4295406198959568 0.39353927182661996 0.4003513482308727 0.391572901961769 0.4232364845067069 0.4693084433568163 0.44784526116311146 0.4542452305206346 0.4104452563833096 0.40010915478018694 0.4002766353983138 0.4562470836848167 0.5376319400374633 0.5720899159790451 0.529222085680392 0.5312404144553174 0.4769308951592015 0.45757555466975053 0.45585857560011583
0.333287922843956 0.3011638575851422 0.313613825000606 0.270733931646447 0.2875187451715966 0.3266639358088718 0.34188793906126014 0.3694455950969995 0.3782809612030086 0.43863915325080644 0.4143294458943499 0.40010483348322123 0.4092388637180711 0.40606685605308107 0.4094686853475546 0.42553534097448475 0.42757149850026205 0.4343633289037519 0.416121687886888 0.44381405248186184 0.45794290502145324 0.4241525258391385 0.40535862086404834 0.40338752472405237 0.44016229892575176 0.4101032576371931 0.3778467425981414 0.3964248102718607 0.4535443346632689 0.44562498169927867 0.48655953759327725 0.4313208374921984 0.45523307434804716 0.44703815323310647 0.4438630758839378 0.46133280665016785 0.5072238689486934 0.5772427691550208 0.6118832925441928 0.5294246529418805 0.5600008350081075 0.5513342953147656 0.5906947630045167
0.30019515154332294 0.35565512802909405 0.3750826088603783 0.35211913508871917 0.31555450258691264 0.3401546619442793 0.4144616943332169 0.4260665600247246 0.41820675671976 0.41026968111350687 0.41543309266551814 0.43525274232964295 0.39742633340445255 0.40669162444578166 0.4176827163359531 0.4900361264023763 0.46767751545910585 0.47712645847042007 0.49463039629629485 0.48088467054363115 0.43938179749405065 0.46079226894297076 0.464759410577487 0.4718194271831319 0.4096313231153083 0.3861700497144407 0.4268589203645294 0.49474522663686954 0.4829245040661891 0.5020801696074437 0.5253981764526631 0.4637885730323852 0.5129865822845776 0.4715888021466713 0.5011471584875561 0.48564295164850485 0.5573475231962862 0.614814027095378 0.5998310925379328 0.5785917287209058 0.5584248405155857 0.5605278075852173 0.5926062144337495
0.39457045789367984 0.41595438943229873 0.39454879792368397 0.419211154561064 0.3658065404420811 0.3672793355853102 0.4282250635466373 0.4442381953510613 0.4564184390635012 0.4507970382100004 0.41974439132052893 0.4558474902119837 0.44889920141984296 0.44569997429583547 0.48058740262131705 0.5388923665340829 0.5433649260575709 0.5528973818602256 0.4856433799172247 0.46999630995865177 0.462293424446782 0.494889978233533 0.47469883989347256 0.4537914048967474 0.4311687614413718 0.47279149450212843 0.5005848351730787 0.512298398646589 0.5400282646834264 0.4839203929919045 0.5264600897005506 0.5277049875654354 0.507710868570079 0.47527150437497834 0.5053051889339345 0.5385442863663651 0.6084044374596633 0.6334604311999023 0.6093274905155937 0.5979975898845138 0.6122859949168736 0.6158301086039518 0.5790494658396124
