Raster_benchmarking/DGGS/continuous/raster-388.asc
NCOLS 100
NROWS 100
XLLCORNER 1743164.0558971462
YLLCORNER 5469284.428318992
CELLSIZE 10
NODATA_VALUE -9999
[rows 57 to 75 of 100, columns 0 to 42 of 100]
0.7617486938902575 0.757026600348459 0.7010190274719607 0.6735833093314051 0.649610002789284 0.66913217302337 0.6713006393940797 0.6356462724284682 0.6020260679476827 0.615499436587566 0.6662084707550368 0.6492036010938204 0.5718495698211512 0.5835919675525479 0.5548054803889271 0.5489841355257641 0.5725327794267127 0.5173554379871468 0.5276514569167691 0.564870570371269 0.5914900314486061 0.576579401226627 0.5077308974264657 0.4756077316251597 0.47889089959787257 0.5155904674543602 0.5351432035486569 0.5018782432349352 0.4818395269508193 0.46080057647598965 0.45703776137363605 0.44649924948948616 0.4480017090497754 0.4977723170108304 0.4767644916210008 0.4698278461200958 0.5201702395979706 0.5417133727741253 0.4774075460756875 0.4857569326447143 0.4895120935316143 0.4986228114489618 0.5183758649250448
0.7681579999054623 0.7839240748586612 0.7308422465794039 0.7262028651680547 0.7407862269318948 0.7216467077359799 0.6323595009939791 0.5939493780806079 0.6326226358296158 0.5908147547639546 0.5939280016469421 0.5825200444783176 0.577733319829755 0.5699709213524693 0.5466380123572071 0.5736945156110302 0.5739065482540803 0.5601586344841619 0.5442514027756036 0.5918622473389812 0.5884037947403478 0.5679450532960176 0.5711167519050281 0.566643282607017 0.5364967660542517 0.5445171846877698 0.5482724496686131 0.5216258949708313 0.5031370394802782 0.46163887679129906 0.45744953421603674 0.4936521288274674 0.5155586155543027 0.5022633474499552 0.5125490659531841 0.53106603189595 0.5454402069892249 0.523166326042327 0.5450508908155898 0.4974551947680063 0.5016103806594269 0.5287104151597185 0.5378962244632755
0.7957391886715587 0.8067026365540619 0.811158272964811 0.7488322111467804 0.7701241775408584 0.7514884950676193 0.648211228133217 0.6099699782321444 0.6213343183932286 0.590248211855691 0.5911880038818107 0.5825938102804582 0.6006053894801232 0.5934560621230784 0.5680434631437471 0.6098832896066225 0.5984787608327122 0.5817641211336598 0.5654992320951548 0.6111183808683559 0.6001933033074931 0.6015622332307395 0.5690721034717497 0.5571002917273865 0.537460175365283 0.5595630157443409 0.5116420474221465 0.48348973511218135 0.4855772953487915 0.5003396213630907 0.4729331845653099 0.4952149174983173 0.5306757282247698 0.5088919670692459 0.4938409388718444 0.5435386637293621 0.5135782434389967 0.5459379442846843 0.5581431238542548 0.5703832504484707 0.5776016499281812 0.6012489385452188 0.5155803298630426
0.7951933248859795 0.8138368345458813 0.8275503081753661 0.7976925935791476 0.7491320502193708 0.76339045873882 0.7102220030286532 0.608801473678577 0.5883042380327189 0.5681564225116691 0.5615352757424177 0.5175548528713672 0.5650077246645322 0.5975214243764047 0.6244734501421491 0.6094027267070328 0.5692943934331262 0.5554111057095572 0.622587844557673 0.6255460662509278 0.5710973248133104 0.5812009295577842 0.6115870772776875 0.6109131068374344 0.5773231614154816 0.5390797577889926 0.5130167211142183 0.5189711407355825 0.5043821137889011 0.512309545995615 0.5094121925752634 0.4737073257802064 0.5237502569788415 0.5178112441926448 0.5056173770583667 0.5013394256638449 0.5357210183099674 0.5950448606534977 0.6389586088365188 0.6853543879949229 0.6159629244116598 0.6577394059061175 0.5792118991781945
0.7685971171157103 0.7940692477633405 0.7765481356667002 0.7577280970314072 0.7488031548651487 0.767345092965858 0.6963975834793389 0.5977546677736404 0.5822495439982803 0.5325773941871232 0.5369403464562625 0.5258032187370506 0.5723626440539827 0.5946708136460328 0.6381803101212875 0.5978120505101601 0.6155983161619845 0.585984692280169 0.6176698012803558 0.5906152331422353 0.5883940099108468 0.6257813121056603 0.5934300627222451 0.5776547192130449 0.554273125595928 0.570197441619979 0.5105997931314687 0.5425851353521269 0.5100270277687025 0.5462963395448545 0.558299746265327 0.5384109557616956 0.581335692434812 0.5605853657788491 0.5575605067324046 0.5397574603934122 0.5765970736980929 0.6535088893049665 0.641175101801957 0.6414286571327135 0.6704337733659128 0.6516192942688257 0.575198468767887
0.7760966747089767 0.7990224326829107 0.7595322002591252 0.8144790759875442 0.7781151319106068 0.7251067369820635 0.6798788355122887 0.5888313624754814 0.5818340776743334 0.5399688236026955 0.5258151946891041 0.5662644369902375 0.5543654833105786 0.561728845526395 0.6078093389833511 0.6531140535345231 0.6248518239239647 0.6493902596663479 0.6204552626032576 0.6162885877530586 0.6281906078408737 0.66149765834239 0.6202623837195914 0.6040354250707967 0.5663063546705407 0.5675141979783238 0.5141271702998105 0.5275848219535366 0.5693134826376194 0.5585343001593034 0.6050305932001193 0.6040934871018124 0.6081938238216227 0.6281292037949907 0.5753093172166397 0.5961422091253862 0.6597584356667012 0.6984939354157702 0.7021611109544266 0.6779087547706025 0.681749342692922 0.6467487037571369 0.576941712938691
0.7348856824970954 0.750172399908809 0.7565000684768646 0.7474354897110009 0.7057942373027348 0.6390440830342116 0.6215823588996698 0.5984389250536429 0.5544378206882923 0.5722962938822497 0.5836742136729024 0.5628654407904492 0.5371450206485481 0.5561676694512007 0.5936746252740328 0.6265830848964946 0.6513694466934723 0.6230442694992107 0.5957543439661723 0.6537060997757304 0.6409003290549752 0.6769833469153491 0.6384337154338432 0.6443288805907293 0.6148139643293711 0.6193621936948271 0.5697256539959212 0.6005549940051113 0.5701746063757782 0.5603150131427223 0.6227292930507029 0.6257527874454133 0.6149902752910391 0.6270201755235406 0.6372500225122321 0.6499522871755261 0.6520848284134522 0.6508048297047223 0.7077545799167481 0.6698481462077104 0.695213537695533 0.6497806461087957 0.6321619030151522
0.7075165939697223 0.7040909190709052 0.7054038412139421 0.7538706105103106 0.7112585002259079 0.6227210905121502 0.6033063088327464 0.563414785922862 0.6005960993040257 0.5442027260654613 0.5303252061304278 0.5491498276834724 0.5305918542078064 0.5775266703162046 0.5538307389664278 0.6030059211098497 0.5902510925504957 0.5844359053853618 0.6095483203709154 0.6440799972504071 0.6877405274903331 0.7109950666074188 0.6595167706562104 0.6476154994563715 0.6283911327396404 0.6592352132654627 0.6578536175628471 0.6424888788234225 0.6049307233660789 0.6175674525363789 0.6557346870705247 0.6638116660060258 0.6568531646077365 0.6517992255683398 0.6935117502221635 0.7281333831161958 0.7113027586855618 0.6726058940859172 0.6605000424443401 0.6668377079894954 0.7078703154920613 0.7207994726733341 0.6960479214698736
0.6767995084185346 0.6914563835952984 0.6976632530822715 0.7015112566731021 0.6665096036667578 0.6195952361028304 0.6171999429062235 0.6111873710294684 0.6056036955275346 0.5631413912174793 0.5726815949550452 0.5464567351465198 0.5425051629372915 0.5836239067579585 0.5624761454645186 0.5391009467538459 0.5716468028415829 0.6227214127272565 0.5976060309292751 0.6180085264664341 0.6718355558171103 0.7072525028097979 0.6951739806504698 0.6615637233119773 0.7031722832895928 0.6664256251101984 0.6539164886336362 0.6752793176212939 0.6554898818450744 0.6432788641546228 0.6847768929499248 0.6638733078588843 0.6659041850221897 0.6928901309514724 0.7230509596774366 0.6844270320703181 0.7075563473193467 0.6809071266454731 0.689823838670258 0.7104365278277796 0.7343056936957173 0.7302657193843658 0.6986511085298057
0.7022128142384865 0.6868492647509705 0.6774610218494027 0.7131823971777393 0.6499832620632162 0.6623235217495108 0.630084586777632 0.5998440264799795 0.6176399351632919 0.5841778619484783 0.5953687742944469 0.5565864668709475 0.5735999085813575 0.5859781230566322 0.5720199381650195 0.5417541447223405 0.5981755202206946 0.6209139105590654 0.6052918336012877 0.6611014970175243 0.729859166196384 0.7361189275324365 0.7277080712999079 0.7264820915897363 0.7150539260278588 0.707530061490774 0.6751472165320177 0.6750748159070051 0.6821081860776381 0.7323159630748659 0.7422585988833174 0.695468647718102 0.7254640226252911 0.7416761943398419 0.6859259053314605 0.68867822941804 0.6524820828168179 0.6806280730669533 0.6637761891759779 0.7230759263448411 0.7025446060923743 0.7187449011497207 0.7205003503706916
0.6877207707302081 0.67844790418078 0.7068538300978948 0.7067312277600591 0.6323074030183583 0.5944111714480094 0.6231302256417589 0.5671006012177217 0.5523641771800171 0.5352857845875358 0.54021719875515 0.5646963619452791 0.5838434581745254 0.5745667252898423 0.5885701671929079 0.5574068184749585 0.5976506926393372 0.626743156986252 0.6315009633973706 0.7081259946815754 0.7201501760054684 0.7814504892135292 0.7868898471022513 0.7542461195932859 0.7108620895805965 0.7096977278028685 0.7206019137695521 0.6916251415290633 0.6921821136503719 0.7015091318492767 0.7566871545079575 0.7538157784710128 0.6931387995502319 0.7401512653261184 0.7076187571299735 0.6727381057460609 0.6660349177835191 0.6993783283101115 0.6591620312562467 0.6757674028616633 0.6836714785799396 0.7217472225158152 0.7423386521369111
0.7275816909581464 0.6689989653677417 0.6681987244201801 0.6598225397338517 0.6430641391488855 0.5764466030577431 0.5977216374437763 0.5218104429168724 0.5648857212455672 0.5322084249358834 0.5427791602906963 0.5146545923222217 0.5334982195989538 0.5838426156177008 0.5472258703498327 0.5833851095451532 0.5778743771316373 0.6308958424880508 0.6707768073752707 0.7315794942259426 0.7439436822035675 0.7822031208422384 0.74225033754394 0.7736744082306655 0.7836001590938525 0.7688687581024316 0.7123641517648011 0.6954746629354145 0.7405978643227481 0.7274618149923 0.7353454412538162 0.764453952608234 0.7049889758884458 0.702108439876453 0.7138663208148014 0.7062733397236693 0.6699760479817866 0.7044157424639641 0.6433703555277483 0.6397588684635432 0.6806357536658972 0.7119576571181646 0.7471496143302766
0.7315682872041319 0.7169479923793945 0.6572799509962076 0.6310575085712916 0.6088514773810201 0.5443325626484993 0.5527238076765896 0.5250403380840244 0.5712963522960287 0.5535922469947573 0.5597866866873414 0.5507414375759829 0.5751711854788057 0.5836259109853185 0.5533598654379807 0.5633934269687825 0.6026526354219368 0.6385124253055604 0.6393276389310275 0.7077359970595118 0.7451038598382682 0.7177691098490497 0.7261137952664904 0.7649428512833728 0.7790521930876174 0.760678673255429 0.7625660123911028 0.7220589246682265 0.7622703598754117 0.7611110905225021 0.730330462642073 0.7271953152001862 0.7148697654205276 0.6944756710886598 0.6884112870278559 0.6695059761453144 0.6852610781584441 0.6940138945798625 0.6929064538366588 0.6853145838823008 0.6682765440601697 0.6537565415916108 0.709483151698787
0.6759207364764195 0.6995788507498826 0.6596047298548978 0.6722230893160679 0.6157259645932145 0.5545098823095015 0.5933465720068749 0.5520352600803663 0.573973629027321 0.5461213988378679 0.5571288565817752 0.5651853318043779 0.5372718797164187 0.5564927034646033 0.5497177051649405 0.5962445447167999 0.6334903429153832 0.603288234128342 0.5947677705122454 0.6412687071525505 0.7323453083820669 0.7317653450558324 0.74491498793339 0.7459618327463088 0.7726180841885744 0.7737598800559735 0.7911562692112241 0.7971509601497024 0.7505486435230068 0.7631469296603354 0.7190868388877857 0.7255324464513093 0.7192262603844044 0.7523150554326727 0.7254056807327807 0.7094275192826732 0.7085637154248828 0.6540683932659632 0.6787947982697287 0.6773273436631703 0.6439595432441956 0.6404532038262459 0.6867059079175538
0.6661854828546343 0.639977924414135 0.6795311872885511 0.6281331735587331 0.6375930209379247 0.5793479721475949 0.6194448169800364 0.5906290051579962 0.5558179075721871 0.5567940312158782 0.5636204261499987 0.5709890461871939 0.587371458760729 0.5553889605765957 0.5731930032232815 0.6136393843053509 0.651450836853902 0.6636260459249057 0.6222709674918505 0.6414081674779223 0.7129426560336034 0.7521923260355944 0.7614739850413694 0.7402695998221471 0.7503818993808923 0.7688684807545609 0.7681103807806507 0.7964496002697711 0.7633286278881412 0.7829741663363059 0.7664712364694702 0.7970768573229825 0.7713116245226553 0.7645462957162725 0.7147167421025743 0.7146762093251747 0.6686080730012904 0.673290133421101 0.7205240448335652 0.6983780126156229 0.6921009153353125 0.6672032972065213 0.6310753704299452
0.6321127215944418 0.5818098298510188 0.6362356355787049 0.6325851260998527 0.644716052153564 0.6188340769294022 0.6022806148568471 0.6323091461136938 0.5612409978003792 0.5499575320932343 0.5580387400361543 0.5856228637591818 0.6011115733602217 0.5724212789461832 0.5804659995552115 0.6012799099829628 0.644393715391512 0.6952906525223669 0.6785887953111559 0.6477276237146934 0.6924741955479737 0.7765407182576691 0.7513520935076438 0.7509807740764926 0.7520233096774511 0.775277649752293 0.7706077242798044 0.7884079808272353 0.7757680858765913 0.7710915176955239 0.7444994069911024 0.7950520487080665 0.7923583961365068 0.7889802032494534 0.7340629864489108 0.6981014027994128 0.6948531806931545 0.7182428113295345 0.7166136514847692 0.7032313595302547 0.696408973366374 0.6721344139108838 0.6748340169892404
0.5877734200846763 0.5377715310032264 0.5515903110714696 0.5663082910560016 0.6175182737508387 0.6134105782789919 0.6148476707900805 0.5727263285043497 0.5744628357714097 0.5892951145083609 0.602718752021192 0.5821203212343233 0.5988552077589363 0.5799863448369813 0.6122438479889912 0.630872090172222 0.6592210851495983 0.6920987259154244 0.6906847279794133 0.674464553712251 0.7166188891069487 0.7411349598954848 0.7779583173170963 0.7884689432403057 0.7896230498471039 0.7583901368091364 0.7942011910775906 0.7554743345358802 0.7596817566609763 0.7673662813958061 0.7686369925509893 0.7580042662377144 0.7949273084346012 0.7552182772921342 0.7420817352936042 0.7138437760196262 0.7137853289448053 0.7487148574614474 0.7400102019935304 0.7017912951874338 0.705289426362019 0.6865875669410973 0.6786025409950136
0.5495813596896267 0.5190918667565239 0.5488450534503315 0.5730855979117866 0.6002472712672918 0.5910972185857348 0.5412283509079734 0.5548388938651055 0.5859952097927051 0.5869257799047193 0.5950753127924309 0.5873958349737269 0.6578513061768916 0.6588919661696812 0.6604358145978705 0.6413694313730749 0.6756712421939373 0.7259553161362793 0.7096214480394869 0.7587703943173785 0.7387872477844911 0.7535058519776309 0.8025003719467357 0.8054346372551742 0.8276255107563862 0.8069872901243984 0.7622458976640735 0.7373064503457113 0.7602234917706414 0.7819678398160047 0.7651805791045831 0.7527243303116571 0.7307640984248793 0.7069269965239582 0.704663865711362 0.6584714765618536 0.6838073196170855 0.742272411037704 0.7184426981960733 0.6827171802052417 0.7183760656670695 0.6938855235772076 0.7092825207306837
0.46281523322812307 0.5034880016559572 0.49213975578625696 0.48464835740020684 0.5137875517283018 0.5655462212894159 0.522159792283758 0.5342471762353854 0.5236707257007486 0.583117445704047 0.6108848310740107 0.6162011014240079 0.6663788778659789 0.6847729882614252 0.6589189377053773 0.7105333604930465 0.7272428600726251 0.7616156693760968 0.7889031728922185 0.7693750774744887 0.7425512129002404 0.7916140628902665 0.7588807326880743 0.8011275513562613 0.7916452080993033 0.809552744447757 0.7550398556960569 0.7801904507045331 0.7791610111157813 0.7446720561654193 0.8025667065991728 0.7861336591143417 0.7194509737883023 0.693218265710372 0.7210969518860114 0.6858439342297086 0.7201734127094728 0.720950979033142 0.7178070504786858 0.7493825219235037 0.7390874635145641 0.7308395794570967 0.6805052657232754
