Raster_benchmarking/DGGS/continuous/raster-102.asc
NCOLS 100
NROWS 100
XLLCORNER 1743160.2310531295
YLLCORNER 5469294.8932598885
CELLSIZE 10
NODATA_VALUE -9999
[rows 19 to 37 of 100, columns 0 to 42 of 100]
0.4048091861085045 0.40089490386008564 0.44812984600837485 0.43732513623719976 0.4305688862537094 0.4042823088112261 0.4640454614202426 0.39769929543199994 0.3823949877127722 0.3342808844484958 0.32062484424458676 0.2972890516656855 0.31829089647481223 0.3759970900905815 0.38613133537451144 0.3663248699823432 0.3308674241784915 0.2982225804484864 0.29449125779421875 0.3594170950950196 0.36129590166541203 0.3879278038197942 0.3693004166335516 0.3551569775637729 0.36725967031082857 0.40675003544696225 0.40441677511627533 0.4048472924341781 0.42140186591639167 0.44047354204288813 0.38899691880112897 0.4456131879240529 0.47655477582459926 0.5054051077682528 0.5211414771379941 0.4765439403301427 0.47531930691031216 0.47111123834883073 0.4611807486424256 0.4793761499490932 0.465555988670456 0.5126901327217845 0.495033951590474
0.40945717645819313 0.43883633333490407 0.43743378271864813 0.4458835830836614 0.43270136489954586 0.4145342058249182 0.4565742779728917 0.39285133792654736 0.4031106315189442 0.34573185840909426 0.333733956260144 0.32123073418338005 0.32036489624850584 0.33867443176101897 0.381825016806897 0.36640536112582306 0.3517919116840631 0.30881447758338904 0.3319067240276315 0.32299923358976457 0.32920783994170577 0.3266120719751843 0.3375887618910765 0.3542611298374118 0.3959267897246976 0.3971206934481375 0.3869227877531702 0.41716127948638865 0.41503430766814686 0.42092560599268036 0.42367184262785734 0.41572882475015865 0.4568891802397588 0.484252484284754 0.45190013334901397 0.45140344458402654 0.49387244630268345 0.48272708959186295 0.47882156827796635 0.48651578790402955 0.4950022906794688 0.49369257400232536 0.516877014158716
0.446686314232052 0.4119018924201869 0.4354642115531117 0.45445092138631293 0.3950463284821443 0.4228927997270595 0.4463832621666586 0.3797032450679729 0.39565557271399765 0.365907107706261 0.358522073153423 0.3366652587849918 0.3284649505706692 0.3562843250104932 0.354212395176989 0.34791020239466885 0.3549834292333407 0.3405274192060647 0.3094611722385116 0.3290260134230177 0.3390711149773594 0.352844598421658 0.3331811505884172 0.37917623168227216 0.39589350844374527 0.3796546426192476 0.4237505220162489 0.40906582615887255 0.4179249510014709 0.39789265924672745 0.378768373388557 0.4199895715721155 0.4379198967260498 0.4594173803743393 0.4427640074089805 0.4265117190896191 0.45604041697848435 0.43581310206545076 0.45112569134205316 0.47829500703865413 0.5162343538173709 0.4945798926069633 0.5058927233965173
0.411972004876458 0.4320106347120918 0.461252634642212 0.4418072863406697 0.4287145722392556 0.4249420991515257 0.4136695863303566 0.40147333218615616 0.42685243590053135 0.3793810145831597 0.36536106625418807 0.37146472743228215 0.3379747450633193 0.3585114099522635 0.35594784989131156 0.3660628397144113 0.3481495616359916 0.3468892884906379 0.3386735463836 0.3510400850070556 0.3731830465436634 0.39200116156504106 0.3542801476315327 0.3534407287348972 0.4121238507323611 0.41905206824333857 0.43275374310010445 0.42046336364956705 0.40142816534846526 0.4005935707057739 0.3991885613693392 0.40983881335025557 0.42241355138182185 0.3852212926438229 0.38801606920709253 0.4120435508589423 0.42228148252790304 0.44889566501871897 0.43768984483487194 0.47018492819933305 0.5254381813474535 0.5192870699988651 0.5097011138826859
0.4304847553608184 0.4255154102483362 0.42576982699483473 0.38894553898255646 0.39886235324099106 0.3971095338896693 0.42467554322260886 0.4230858486466109 0.43498053811416826 0.3935420263988842 0.39549921051893006 0.3839334827062289 0.35223355919168586 0.34556202583800166 0.37382354221317793 0.3464169642020522 0.33809968788293077 0.3378097326886902 0.3650249657792229 0.40892945338331466 0.41048450028749317 0.4149577210037324 0.3750853325511937 0.36056735337000023 0.41031299984004316 0.4073955354598638 0.4182718784980734 0.4265960364579014 0.39585050517888404 0.3968372835266112 0.3449445833005911 0.3782734325351805 0.36072302498817677 0.3551990382848835 0.4030818167117981 0.44068226472789385 0.44363104404232834 0.439939288450599 0.4621660654823375 0.44492006410045376 0.4804186794871233 0.4930234296618753 0.4794336871073494
0.429536440116761 0.38783460437328526 0.38916466470211164 0.37914570661015545 0.4279248287984137 0.4205410162082718 0.40643403193654337 0.4277292769614457 0.4108291323047936 0.4029566153930996 0.396264489563346 0.3580015099475827 0.3499139078265948 0.31059867500390625 0.30369554533967325 0.3096428235398849 0.3425879930647279 0.33468258103978943 0.406447681511531 0.41914627827539347 0.39777683139222014 0.3958416775697395 0.39237651655673994 0.3715472948886608 0.3820081005779115 0.4138085060161695 0.43702943901711044 0.4009028164475594 0.3983436396608437 0.3873688513987086 0.3328342640398059 0.36136203996710137 0.3618401365569601 0.37294118306136165 0.37486608729715504 0.4058925585401853 0.3936892746214713 0.42031994414359636 0.3940879127921769 0.43707785173477326 0.4436841179131763 0.45853810461805367 0.46503861358363835
0.4437319175218253 0.4120270905654421 0.35860769264567577 0.36029435889280925 0.4175005840204434 0.4220638071559387 0.4549142547737584 0.4204087566400897 0.4615057510131771 0.38837332912866906 0.3435500643430382 0.3500760632419255 0.2843207318301843 0.28346487477837956 0.258085687555932 0.27806466976509703 0.2876987093799464 0.3230520911270385 0.39285515667512627 0.429433067618274 0.43785074791798395 0.41910457313613375 0.4331656190880166 0.41932396414826706 0.3846426994021102 0.4096548919454433 0.4287303686733406 0.39241437497352954 0.4044089191104175 0.40334956404070565 0.34323556451037784 0.36432683035262176 0.3594841831061153 0.39962017711678166 0.4312498828853148 0.40578526502633 0.39254868676934757 0.356868014510407 0.33668171989267837 0.393540693765219 0.4260211658955528 0.4462016432460565 0.46887400686187825
0.4541901435674162 0.40938801929090485 0.406504821079179 0.3982210752595619 0.40268970403715937 0.4388407126844789 0.4498108786183448 0.4466291774874685 0.45594294026846344 0.39572077574165926 0.34559429085887333 0.3347195116477533 0.32570315068090333 0.2769136680660022 0.25408787224623697 0.2861597145832164 0.2791387573701398 0.3110457828518202 0.334362520209437 0.38234798360570454 0.3947867103269604 0.39580108276879705 0.41832962443855665 0.39251441882587007 0.40743615821020546 0.44065042474399974 0.4253569017037048 0.4173092707746575 0.4023777589758546 0.3900133603317562 0.35464293644409234 0.35397094955369185 0.3442667590136852 0.38834252556530763 0.3923871888616075 0.4118203230208769 0.39911489806317 0.3869855910829991 0.3689752608917909 0.364487736376871 0.4351675134771595 0.4397021270998876 0.4608659189350198
0.416297972116865 0.4277262163067704 0.40905476461062956 0.4322558710164555 0.4369647013243897 0.41903355150851174 0.4424275062419162 0.46605309680116175 0.4375022680034358 0.37575631235650997 0.35169577075161773 0.32944961428105823 0.3522371418958247 0.3271032924180656 0.3026250332077016 0.31011441222391384 0.30514229511291585 0.3289593179791467 0.35790890520927837 0.3539641259961024 0.32941061186826104 0.3640616843764984 0.3620570677672281 0.3928500136457376 0.4344728060538645 0.4264355143065759 0.42301493259606365 0.3992056996492392 0.428022881414585 0.4167154616168163 0.3724098470109144 0.3925752373703106 0.3605867194667739 0.383801482886 0.41181414310337466 0.4205502851780371 0.3946807045238968 0.3973638758732127 0.34266328179667566 0.3498306851266695 0.40660429906344187 0.44034695793529705 0.45631402175789604
0.36858116664802404 0.37530592035037186 0.42935699996728544 0.4272027726569943 0.3995365136310199 0.4396491445335995 0.4274102831916029 0.42258109381575487 0.4244321656587408 0.39086702180160404 0.36595453149554824 0.3710743654345544 0.3523347700642065 0.29474022305817693 0.3190421609819421 0.29944828618903924 0.3169853359657851 0.32135707070004405 0.34761000551120985 0.36616970544395067 0.3314084101169123 0.3092726943168627 0.3483906193717823 0.3792696352467814 0.3905045539947029 0.3850941770678891 0.40402912141303077 0.39859971499002206 0.4468341099202501 0.40943102426042943 0.4015082503842074 0.37943480726032874 0.3496117029007843 0.3829716238004308 0.41829920317775443 0.37045608427696963 0.39852079642723215 0.3848537102971338 0.3324810266282896 0.3394569677707143 0.3591552490897364 0.4312968575501943 0.4754372395430704
0.31580116182354295 0.38118697326435735 0.4139582747586623 0.4091323291240038 0.364637237685871 0.39098748534800454 0.3992845110354508 0.3846793218164243 0.4121504178514772 0.3750211940133833 0.3705975198657466 0.35772816060373486 0.30123374720548396 0.2904314218425412 0.28443178850997886 0.32285087195169365 0.3649036475382881 0.35710192303451416 0.36445768801391154 0.3515847809463226 0.2955788114532606 0.3358754062507816 0.3040198139383854 0.35347250703681377 0.3638064873487703 0.40419737954634627 0.40029557754169964 0.40642311632547656 0.43917880610746274 0.3847559445924595 0.373864540412213 0.3688298785342192 0.3574962478866371 0.3531904373524962 0.3923771794188665 0.39282753693113803 0.39557368066696713 0.37624097183720107 0.36726998911831427 0.37353460211496675 0.3417202934312095 0.3962241637943276 0.44228840142414244
0.32287253893835666 0.3239764556315808 0.3290275840978108 0.34638885714736933 0.3371227275683268 0.3397478224313767 0.381319114201241 0.3969603466853527 0.38760761841825814 0.3678306975965876 0.38880750526819285 0.360322727913659 0.3309905624219147 0.3192825612656242 0.27844388788873636 0.3061058431228712 0.31722521562849393 0.3696516965803307 0.33566065804662515 0.3115786522081098 0.2934257884289284 0.33128809711793944 0.33730213347336174 0.3626322909979826 0.3608221788401483 0.3843583073509465 0.3925944551547445 0.42596550915571857 0.42579781219831575 0.39383515399927077 0.3417943134595106 0.35903184413655037 0.35277877453810563 0.35656786816123287 0.34980701266905734 0.37431586588045485 0.39773969773656964 0.39192768305664305 0.3839141581631099 0.334020952536173 0.3273725274477598 0.37506265712774556 0.389457795271592
0.3013255899777212 0.3175989978892544 0.3061001417954744 0.3164040989167175 0.3365778666897099 0.33270905049366506 0.35380101236279277 0.3476878409209894 0.36210523569324193 0.35918379838934333 0.3508166734448989 0.3472703752142147 0.3765393397379423 0.34975072462936 0.32139399044769323 0.33567275347684206 0.33418722639391246 0.3353539381938401 0.300643953648421 0.28856073011822475 0.3366335081375332 0.310096080280799 0.34886192262124827 0.34925707270484535 0.36719073992607093 0.34244003108158927 0.3641146618768247 0.37904279120107315 0.40216791902658633 0.38999966107558454 0.3445567261273105 0.3191193834194162 0.3007661861437913 0.30821149313951657 0.3239785282817221 0.30215808601906474 0.32616921629745693 0.3660971457696228 0.3692181640519219 0.34087925506644356 0.3195912772690876 0.34993190156426873 0.37125357569157863
0.29537378644721407 0.29767453526908455 0.31555047222635035 0.3560294872127589 0.358047931329152 0.3430026485247857 0.354973052688273 0.3791151213300188 0.36865363345245866 0.38362606257209436 0.38158555447465414 0.37140192518415566 0.3610185261904866 0.3621095587790666 0.3308135635383254 0.3476095882005987 0.3537382489798394 0.28640865982502534 0.26913232457811737 0.29448760703911336 0.30362408197290214 0.3025844999079603 0.3113867786615084 0.34169962511333196 0.35069790179501525 0.36991205009787254 0.37219581800707724 0.37351172236860625 0.3810492452513286 0.329611575408733 0.31131504975417423 0.3010007472935836 0.31360451243104026 0.3128635676549941 0.2854141521008956 0.28726319103784703 0.33840942926296635 0.342747573887042 0.32551088744011014 0.31438340093485845 0.29528555669864587 0.31639502273736636 0.3264712759102239
0.3257333268280929 0.302866148152213 0.3154084782829964 0.36400078028258215 0.38041447600350015 0.3788952237351505 0.339154855237255 0.3730705433248838 0.34763174049450735 0.3798645136722651 0.4083686308229396 0.4070072811513523 0.4038589290364461 0.3689412998273516 0.3025786579904719 0.3054290675735836 0.33876125280073727 0.2960347576029202 0.25126192615640336 0.29252582410419786 0.28385373293003413 0.3091225967651302 0.297438600387714 0.31872103164003235 0.2993653237289749 0.35011394031973403 0.3672792239904975 0.3428142261020421 0.3620094956656748 0.3289737694546828 0.2981505673574901 0.2558165462985471 0.2500334898980794 0.2911168740765555 0.2784455298578774 0.27769533516369316 0.31597654252806384 0.32073468875069205 0.3018569807617888 0.26502531185487443 0.2560849273435261 0.26728604052604044 0.3100095357258313
0.31944930435128577 0.33644643055388695 0.3537946490989345 0.3423774644342461 0.3315744497598853 0.35960120979221516 0.34698408473005443 0.36555623784950636 0.3757561505847883 0.334295984249309 0.33986484941603506 0.3703559153247003 0.3880245963253285 0.36862229859644 0.3445500235048514 0.3208435975858467 0.3076426601803783 0.29555046718140804 0.28475679363704565 0.2798165686155786 0.2566578683797933 0.2785172764420569 0.3152241498635055 0.3095584185865643 0.29931727157671306 0.3342512294568677 0.32705254110453935 0.3322396261953749 0.32574572783968947 0.3139618823946172 0.3134409736904673 0.2758415571522625 0.28638289525354793 0.28583356474411226 0.2816633146104509 0.29166552969866366 0.2805905544396969 0.3062863476272947 0.25420166252751114 0.22505110999483482 0.24921371029037473 0.24776209720570586 0.27305450773516826
0.3500898735928397 0.3692279455900551 0.3762556666785895 0.3273974519405235 0.34578777009626316 0.3451556795072746 0.38980736259358334 0.383810712139789 0.34277692857394 0.32552470411695184 0.3354345179123725 0.3707502152962818 0.39769133738733414 0.35729704814687674 0.34115400980453964 0.3423700584196887 0.3626997670577078 0.30760481336026146 0.3342635270868308 0.32504009170381504 0.28262792236894907 0.27998192424428936 0.3594819439278501 0.368673449625699 0.34087342124382997 0.3093967458696222 0.2918603882160256 0.29757323445063477 0.2748976769149332 0.2771165997861384 0.28284569515113867 0.2689327611916248 0.30302737416698194 0.33101488433326853 0.3108930148971052 0.2862323148346227 0.3085765564651672 0.2548250390667329 0.2149900735546523 0.2354911228256369 0.23478137429848112 0.24889605488855465 0.24149939329761216
0.30416814828854466 0.329274560275099 0.334919267258882 0.3116819506167828 0.3568820282187655 0.335409452227584 0.37536363691247243 0.3670908352383738 0.31004446989079487 0.32139994354042967 0.34661766369486074 0.3353130060382757 0.3394674573371139 0.35031961393656447 0.3637357246811661 0.33639854073508374 0.34697391398969846 0.3169791935317955 0.32929030012922705 0.31715717723808745 0.27951342357011394 0.3018570142808158 0.31246255933626343 0.35339229872186023 0.35948854125314933 0.33685523830923475 0.29218216441277484 0.2928835201283402 0.2655581336198524 0.30110855145167253 0.2986767367733128 0.29961994909661854 0.28615153658918047 0.3233088944860782 0.3274134192401964 0.3135830683634508 0.29355972012923004 0.21506020760023825 0.1951815210321954 0.22070109214032446 0.2201703286360653 0.22096642841488015 0.269681266466399
0.32495328872929874 0.35176815152088386 0.3228257519500693 0.30554231548745675 0.3176940403982434 0.36684003527594816 0.3628481994560152 0.3874451019327907 0.3178601890705165 0.2981303744708703 0.3181213219784496 0.3246891854449708 0.3589235897723175 0.3811705637853042 0.4015131431423582 0.33716237966155915 0.3197727737694335 0.334857178492523 0.3064670394283647 0.30437016556649554 0.2832775926395049 0.30621976237572074 0.3363908870433249 0.3648519865915476 0.34625805390240316 0.3407969049705945 0.2795583687134437 0.2880214623912804 0.3088125696776892 0.3343371652838694 0.3321711156455563 0.29447500795057585 0.3037603555987096 0.30830731896427704 0.32695954458560444 0.3053193989755704 0.2549149033590481 0.2172157400008232 0.19009923795839792 0.22846082960329508 0.22182293045045648 0.20597691631213563 0.22269990418095917
