Raster_benchmarking/DGGS/continuous/raster-113.asc
NCOLS 100
NROWS 100
XLLCORNER 1743160.1156062267
YLLCORNER 5469280.3976735035
CELLSIZE 10
NODATA_VALUE -9999
[rows 19 to 37 of 100, columns 0 to 42 of 100]
0.314169195987895 0.33738153491044826 0.3263330657051066 0.35752798446228573 0.37299028666061557 0.38357822522713697 0.4273980146044106 0.4318531474591829 0.45424038924250965 0.450738853886461 0.4739701280097671 0.45655013824524876 0.45512404778462356 0.5099891864707674 0.5270411208122935 0.5490906517553845 0.5491758148612063 0.5633311533507617 0.5621643740986692 0.5834722680816934 0.5761650356544433 0.5510473084682911 0.5727831510670524 0.5750926607516621 0.5504622768296146 0.5583019956475745 0.5470385095182133 0.5632037655592286 0.5568409905736711 0.5508057965414035 0.5440073570160682 0.5687500297029652 0.5778026217602105 0.5658183629208353 0.6005617596320982 0.6028105256241386 0.6593787481218097 0.68578656413957 0.6861532807712125 0.724692325586144 0.7403479851849237 0.7563266167724758 0.7927558622478396
0.32560138668010075 0.33252103520390175 0.3197316451334967 0.33899288754404255 0.3647839336594068 0.3895818981519925 0.45105745877554687 0.46433399307208767 0.4615844115548704 0.453878094784752 0.4651518310870211 0.4550769321072771 0.4606713076298692 0.5106787613828639 0.5390959100332886 0.5357720610625177 0.5568934133620198 0.5341019469987646 0.5426392826389638 0.5609713199694301 0.5907320025374763 0.5631689870769284 0.5513467947019747 0.5313260163627295 0.5454301316293294 0.5323941863005738 0.5492163417498966 0.5452006728638953 0.5371154381079187 0.5649189777820044 0.5707219748347164 0.5569939152461644 0.5406718423982199 0.5634453962323708 0.6034877324093696 0.6303684051090078 0.6816262464817352 0.7064226122337821 0.7263743146749236 0.7204011867292822 0.7395773367330806 0.7624530158415025 0.7547283771904034
0.32048642787783327 0.34777806250524435 0.3460497171014613 0.35853324996924446 0.3844691636757121 0.40127477038964215 0.452374941454385 0.4459397836618929 0.4529689544729668 0.4806614344787164 0.4805465605093288 0.4561465242519387 0.48197908951024193 0.4954148498056971 0.49511521151106297 0.518487106392961 0.5410525473195104 0.5547496626348676 0.5341210861431465 0.568319525137416 0.5739037918929787 0.5500972457501295 0.5487047332365556 0.5234016301738194 0.5417724044344426 0.5383435240943882 0.5368491914788154 0.5140164632659435 0.5349254697721247 0.5244860231097588 0.5661707637098427 0.5583545089106088 0.582510701071885 0.5699749406309444 0.583235217034003 0.6189186689294878 0.6577752784946526 0.7147478553351464 0.7257118162094224 0.7445257733057857 0.7193882589164142 0.7316579894835128 0.7387067508811154
0.32300327919644756 0.35408360920927257 0.3440091995843558 0.34965926672980846 0.3626980134545895 0.4083014379751009 0.4530864489636253 0.4612504065758185 0.48645165852224354 0.5169058226389098 0.5084935487042934 0.4754129758493346 0.4707238962862775 0.48443115030239464 0.5020835428522864 0.4966845439549763 0.5103551001475349 0.546243973427592 0.5461929345093088 0.5578019373552786 0.5324517084483953 0.5611376177275295 0.5485241814615569 0.5084463706726017 0.5183595590782993 0.5209671052336797 0.4990625395752426 0.5408970258030747 0.544720592741926 0.5328112115532796 0.5247247510789407 0.5567894440222193 0.5767142151226167 0.5646883007170369 0.6120276494479681 0.6058472959581956 0.6573441523738971 0.7052886643583787 0.7179389640405958 0.7396943227786458 0.7250142744641951 0.7351510241426219 0.7635621096459627
0.3419314795339341 0.35501882731250334 0.3510939275249743 0.37946557678618353 0.39175228785685523 0.40127609201556835 0.4376066349560314 0.4488628438205691 0.4996577509099497 0.5172076073838563 0.5061179507804845 0.5080781033640652 0.4932417324222597 0.5196727934931826 0.5079825250059649 0.5172629425697707 0.5059536200328678 0.5160645755749441 0.5209880713182609 0.5147261392405504 0.5370819733141438 0.551165806669173 0.5607719629635318 0.5230887271715137 0.5267688777864802 0.5044626432526214 0.535933587821671 0.5362306304006038 0.5243413400689283 0.5122805642483417 0.547924293133262 0.5681317977938093 0.5771425186745963 0.5814523037458449 0.5829800698424837 0.6047841390802153 0.6602788182031258 0.691349365145348 0.684099036329322 0.6972309453319185 0.7135346563134315 0.7322864885670924 0.7341480427410233
0.346145913551166 0.33553435386268693 0.35840633074200495 0.3815464443647254 0.4203432686329178 0.4088535108423143 0.4076229521314575 0.4342576314015601 0.4835885241870093 0.480397476950046 0.5097316819295423 0.5123846902515796 0.5032229167977976 0.5003461372660122 0.5258061544692313 0.5077923769623582 0.4588613488020363 0.49300180522161924 0.5132785254624253 0.5166172623451836 0.5295072336443811 0.5186258115784403 0.5422399824068194 0.5425805410198613 0.5236221739778819 0.5368621573400606 0.5371899505440328 0.4992715498226655 0.47854793691918185 0.4973212697301766 0.5452402606104637 0.577961460891746 0.5847953363066049 0.5815103018509443 0.5785536466229966 0.6173901872189107 0.6561275087091446 0.6425751744423251 0.6593095128201168 0.6819194685125594 0.681050896948394 0.7127955639139255 0.7249217639851333
0.2891085624861574 0.3312642575310844 0.3465374723445924 0.36677806144660086 0.4017533513760721 0.41174664552928386 0.3903727522151941 0.4128868497437191 0.46203756633169707 0.4637935584209174 0.4618928392546801 0.4951077052152756 0.5182296698970631 0.4994354259548246 0.48609052669771574 0.48798797209529254 0.44575505943445265 0.46657846120333624 0.4910864577144759 0.47797327118128147 0.5074606027888954 0.5373318248474932 0.5376229569737039 0.5436856397479126 0.5285153630745066 0.5069849723329743 0.4984808553442585 0.5009641250461915 0.4839867760782553 0.4829780646114587 0.5138750353481659 0.5613752025240336 0.5578447305742271 0.5843176886409014 0.5969216224905168 0.6300548060751637 0.6561222818967962 0.6341292178345325 0.6437609458235403 0.6782316869646546 0.6837621086482012 0.7186077351796356 0.732187164046069
0.2814636417822457 0.3275155503257382 0.3635178695197937 0.3695959533867467 0.37554288874714054 0.3696781586900345 0.391322119072969 0.38531326780253106 0.4400288051266215 0.4581269688093926 0.43386018157985895 0.4726329643746529 0.49993471363435554 0.4978399482219987 0.49358278251279775 0.4691734145896145 0.4362782052418531 0.44694982733527017 0.4429685899102454 0.4480260341086304 0.46929001629259426 0.49134854725812444 0.522901265277797 0.5177350076171292 0.5439133720080184 0.5219894354456149 0.5059442986178132 0.48757421884432073 0.4778967708860639 0.46725599253529754 0.47998256653796106 0.5138285217634988 0.5709230510235189 0.5697650704388825 0.6019461869616124 0.62195032898073 0.6408617464070065 0.6461430879041627 0.6611693118824336 0.688904021824473 0.6822397133261204 0.685748360391203 0.7204566122143802
0.26415520193458203 0.29608857487031204 0.33766930719436916 0.3749169197087645 0.3590811903719483 0.3554900732513966 0.38539627946199473 0.3776973715708403 0.41572169304509143 0.4244727647588834 0.43448571828079796 0.4326526780841189 0.45235763746923247 0.48869721852301634 0.45798995299513356 0.4731995605114363 0.45189363738756266 0.456111185248972 0.45492204066626896 0.46647012602605525 0.46703323400100705 0.48608656051459126 0.48219287384589204 0.5204612417939379 0.5179944596926477 0.5202969821031346 0.48255635551300735 0.4686140636323176 0.45240464937737884 0.4722655284024347 0.4700773119882151 0.5037430382477546 0.5405360542818146 0.5426883937231949 0.5863289081351151 0.6015479109474685 0.6215876102546115 0.6232956033125733 0.6307650097116885 0.6477179858163185 0.6615638258176653 0.6956440843621592 0.7233249204175365
0.24794075469407634 0.3066952325838752 0.34671804355917457 0.3612529104847706 0.3685311438753383 0.35877288002073215 0.3683277350086321 0.3673938973137093 0.3782077592354956 0.3776566787472527 0.4220160046759238 0.43038945524732547 0.44144233557729684 0.4576119111392116 0.44330616090727964 0.4639118817197717 0.47435041764735325 0.44354099445776557 0.43487331437712534 0.4257803485098311 0.4453574376515595 0.43706704101599275 0.46387679069390503 0.49246826830289203 0.533732129166402 0.49230083552305004 0.49741589896952443 0.47928519983756895 0.4661739354890282 0.4726082401287525 0.5017025488246196 0.48709799988264385 0.5179840524821132 0.5344636355390472 0.5621995247861312 0.5862950185885422 0.5799306470493149 0.600890992240917 0.5998977973037124 0.6309436808263029 0.6766703129992081 0.6916501281408505 0.7243330328633772
0.2627339678021845 0.30778347050888943 0.3157099464746751 0.3580289597119715 0.36808513551578786 0.3599474219682836 0.3476539666087019 0.3775785078370682 0.3824785406447028 0.3645782998142562 0.3692943593745572 0.40442566499784116 0.43759430539000316 0.4270410948694014 0.4235357767456654 0.438355156935696 0.4414572897113996 0.445764620296128 0.4435190576748638 0.43685792379670485 0.4302325304939684 0.43068610151437986 0.4501268746423928 0.464414015125453 0.506386319704552 0.49510373027129084 0.4882614396723154 0.48120003222854646 0.49198408062541027 0.4864122696008705 0.5196464955393493 0.5084404286243355 0.5195485028517958 0.5529421522380965 0.5446802208011073 0.5742304293211457 0.5758227766493343 0.5798113542497451 0.6179312674402783 0.6254194854369911 0.626365282400241 0.6816870870858889 0.7173626501004248
0.26715499445890967 0.2845560498490608 0.32600600775527144 0.3275088538809292 0.31975664623406314 0.34099441249682316 0.34075168791386706 0.34725212705836656 0.372690900667248 0.35324194354571664 0.36898354139205136 0.369108070025217 0.39496495425577133 0.38930315724423603 0.4382513724228815 0.4125577049025402 0.41387620757557575 0.4329497741029733 0.4368867842129068 0.4376383875541819 0.4227483471295768 0.42809778021240036 0.45196392648276157 0.44879428720259207 0.48515019971056766 0.48067702418143365 0.4565012430373025 0.504894664515368 0.49833525493355285 0.49979740721550914 0.5378194653172532 0.5217873670568867 0.5188660208679657 0.5251050335994382 0.5545405171384019 0.5681138104987661 0.565972601124426 0.5841822866468689 0.6210704311263322 0.5904164555553092 0.6036704347180029 0.6365611635299622 0.6880309860475933
0.2743670493345165 0.2829092400065447 0.28499165213580374 0.30806280101164774 0.3151382697177386 0.351969379160759 0.36367646512607266 0.3581958311576056 0.3638107865651588 0.35348110135037886 0.38289100122393066 0.3738769666238204 0.3761578377915968 0.36922586310824257 0.39062690891644775 0.4029398249326281 0.42502299718608433 0.44103077109147887 0.4455187286268731 0.4509665301695973 0.41763317779211795 0.4266185449809775 0.45274878014373393 0.4366972825995692 0.4364831733663678 0.44728015031472557 0.4667150442411281 0.5102651171814727 0.5171218502533808 0.5435067191974529 0.5509399073821744 0.5382991597876101 0.5173933493033509 0.5372482433860684 0.5612585517679977 0.5401808404007321 0.5247733855099859 0.5426877286071663 0.5491875225034045 0.5753424228191264 0.6003248677438184 0.6198699488743245 0.6636639419016965
0.26444129838635555 0.27711242236309125 0.24359696775622774 0.293141802166485 0.3218423417780869 0.33576611893286934 0.3470350382130185 0.3183705273521669 0.33976441358668263 0.36206286881777167 0.37194619268984475 0.3731313466518612 0.3373510358392445 0.34244619174320134 0.3821151745079806 0.3990999181854317 0.43769849685501394 0.4541727511824517 0.45140834855995393 0.462255819402638 0.4194784272030499 0.44248303863974886 0.4352937784283058 0.4467082302491831 0.42910450925573007 0.4430489871237965 0.4815664814478928 0.509960954755438 0.5273994653693169 0.5264451473840402 0.5341827610669764 0.5153257615775789 0.515767006700433 0.5386155733650657 0.5610272328925471 0.5472962148589207 0.5266871119325363 0.5121069670077364 0.5209681131662836 0.5396574992952357 0.5708970208665971 0.622383711797678 0.6421981937118837
0.23924170348846124 0.24811720477491533 0.24057291713814122 0.27263996027799603 0.2830418019916896 0.33339524852175795 0.3289401961786058 0.3110935484063519 0.31407529402062173 0.33721404607711614 0.3522011350934454 0.33608433926375586 0.339895041219685 0.3497424521690492 0.39266831184787365 0.4171434860679529 0.4376521967435978 0.42227583801347857 0.4414321300366552 0.44077236585047397 0.43966180920950604 0.43174416135456406 0.4522452303335475 0.44378590911584553 0.43880976048690457 0.4704092607078322 0.48972685882777456 0.48224574513372037 0.5129877803327059 0.48672306956272904 0.4928983195360728 0.520265835938544 0.5197166323981166 0.5054702199826618 0.5184200457591115 0.5322048144409716 0.5013487886436641 0.5153764591853099 0.510067227526166 0.5237144496743302 0.5513797272669835 0.6051812136283744 0.6075618630992952
0.2092365089229294 0.22456170082226318 0.20034510274820833 0.2585014668746885 0.2622679155865376 0.29247482343251396 0.3258653202351077 0.300097595851942 0.28893433796673834 0.3115198143449681 0.32740973522064165 0.3314601649744584 0.32597613093347505 0.36496940944680606 0.3864297113133784 0.3915820965876263 0.41281810605879604 0.4053051631161405 0.4367775971739643 0.44985021523960017 0.4417900659021319 0.4465159588299526 0.4400982302377478 0.47638625061924667 0.46858530460754355 0.48062230512447573 0.4753763032203667 0.4563066761231572 0.4772448016688955 0.4668093413359833 0.4841959429976121 0.4681597735449491 0.48672071587562266 0.48341424607321193 0.5054657335843711 0.5185340994237974 0.4924922788940182 0.500922845957235 0.4774372280514325 0.4909456728839665 0.5538787845392545 0.6040674854759946 0.6092199950621491
0.17591508015925347 0.19174068231707714 0.17507870600276107 0.21804953096524465 0.24809575787976934 0.25312990103323857 0.2763450225612249 0.2811542113510678 0.3117311103793398 0.3156164976918221 0.30777684224449364 0.3401271843988787 0.3471748917388489 0.33714127422430196 0.35939932626839743 0.36854293243997405 0.37694394455720065 0.4195960357781924 0.40233083133431535 0.4349730507479194 0.4253789693003175 0.4333087649637246 0.43400063416801377 0.4706962986166464 0.4687142377596596 0.4827810783149356 0.48230241593948436 0.44980938959016337 0.45639643287206366 0.4642155305947969 0.44550661667537306 0.43258923705266056 0.44518648960926155 0.4502111315602974 0.47386493042283845 0.48198280261506493 0.46932559910048344 0.48249227110258663 0.4776052008760463 0.49333085971927515 0.530997327895638 0.5693330003772823 0.5825984577518433
0.12650675063181843 0.1708725284298937 0.1522382042303453 0.17215021664373387 0.20154081341831345 0.22600827112524205 0.23375241885513273 0.2754254159849651 0.30169820547052845 0.3095622832501937 0.32024605232671916 0.31119448668086125 0.33537100965128935 0.3553632887280058 0.32287675343611927 0.334482226044703 0.36662741525548154 0.4001263458845694 0.401596781987829 0.4192583315736706 0.39089950170542354 0.4437191681304426 0.4527327608315552 0.4435754970405736 0.47603578038179584 0.4689898561889613 0.4647190565942057 0.4423249507731803 0.40560088141913636 0.4153315986094485 0.4193064837920109 0.42827269828773595 0.4195403071993501 0.44224319418977465 0.45438453179247634 0.44221854677216493 0.4331863969910334 0.4554311266672671 0.5029158386670267 0.48533284879611044 0.5107197141481947 0.5500910778794672 0.6031631320254421
0.1653419322620922 0.17411404651839377 0.16724041747090646 0.19652954246986573 0.184604289662445 0.19601767282727833 0.2035147443489727 0.2595737201053451 0.2837519668022742 0.29486817850606023 0.296678604919134 0.31998653386119236 0.33371727330384665 0.3404497549146661 0.31666265348804973 0.3269207200954464 0.3814719509582142 0.3934812879511258 0.40491323863734613 0.42837357059034115 0.41677268474646006 0.43642531214008345 0.45545299588940724 0.46107877491194393 0.47214195998823194 0.4659723050371507 0.4357655277896967 0.4022714014084601 0.3652468055691072 0.3738147805537137 0.3978640762671828 0.40545661769087915 0.3992555746411627 0.4163917752430409 0.4127983654107275 0.419610005117071 0.44375172551108927 0.4718262431446249 0.49253791744998177 0.513512333448523 0.5434107402996091 0.5541221662779771 0.5902983086277486
