Raster_benchmarking/DGGS/continuous/raster-293.asc
NCOLS 100
NROWS 100
XLLCORNER 1743158.5459839907
YLLCORNER 5469286.558052315
CELLSIZE 10
NODATA_VALUE -9999
[rows 57 to 75 of 100, columns 0 to 42 of 100]
0.2885739754920897 0.2846043159018758 0.2695895103495477 0.2609015913325232 0.26649814767227126 0.2656789508142143 0.23691167269187355 0.22529304257306543 0.22358051033970155 0.19230237871800604 0.18616108102810286 0.150646832957911 0.16120427564970768 0.1597556536492531 0.16013771385215583 0.16802734048196147 0.15876514357942226 0.1778088062408061 0.1926759785908665 0.20936872720564792 0.22484219961699503 0.2669062597212046 0.26765515116895217 0.27402378227814783 0.25612005474433125 0.2710598901937013 0.24996526277557998 0.22796708727296203 0.206058990106187 0.25143047346455427 0.27700182416941993 0.3303402725115153 0.3830273872349202 0.4354771234380239 0.4395895844765629 0.4155920280274756 0.40608092746074287 0.43142455872102314 0.4149400760723057 0.3976237227183467 0.4093410492537639 0.3945604433433415 0.39598413550129474
0.28718974656227053 0.2586376224913471 0.2759801998117753 0.250583131995519 0.23371838117198226 0.23327541708084493 0.2575190898355865 0.24935853412612352 0.2479464489282654 0.21047825802999773 0.19037604022070392 0.19010061259571423 0.2043208057213664 0.21742336849911045 0.21877571823493872 0.19827694472514548 0.17395948017051505 0.1903047965596502 0.207721864850758 0.230321329032747 0.27792300243115275 0.2747475907848252 0.28912101461592843 0.30887956759246893 0.2854565397205054 0.25666468179024676 0.2807860211651788 0.24384448724792165 0.2533329403467765 0.2421019039562376 0.28998011486516956 0.33011225066613475 0.4105859938457746 0.4376195089872898 0.4722734481387414 0.4665279980707603 0.45491365709167786 0.41084440240174025 0.41761680594171363 0.42234133813488917 0.4109566963208554 0.4344527119303349 0.4174748670116735
0.24342473104717827 0.24323544168528075 0.2458592374316999 0.2633309797221367 0.2600228318989702 0.25203126072752935 0.2547964367367337 0.27502058506556165 0.2509484949182055 0.19566961470687794 0.1987041994137127 0.20318893349164197 0.22662919949392984 0.23687134086297035 0.22959043800737858 0.20882830583484152 0.23923765154360316 0.23438067998815537 0.2394499758986439 0.2784654254397757 0.3191631099828971 0.2970167031620205 0.3138335123340144 0.33761125570620665 0.3025387236931412 0.2945969091922963 0.2943708566097708 0.2920434728896144 0.26098110399974667 0.30686240569538403 0.31907765226442686 0.3812766697223651 0.4007745954620119 0.4361627143751014 0.47261002643390176 0.46024924030515313 0.4903898911330154 0.46464097877246024 0.45680469743986524 0.4714945872107196 0.44254816838284017 0.4250108937201848 0.4083174713945466
0.26401158724122264 0.287119752278671 0.2608859803174145 0.2498885291886635 0.24729388776440997 0.2436498509151371 0.28515395418338985 0.27438903443958373 0.2679573732321349 0.20943735956032583 0.19776242106875364 0.2277178420578077 0.24968467868998734 0.23877212175002255 0.22850563518415976 0.25881288099884203 0.2631157200547423 0.27843307469759293 0.2957301821105592 0.3184354067385176 0.3373018389685674 0.3647610500763545 0.3886172837995041 0.3894448977959371 0.34706394014634434 0.3157512450002395 0.30518771907265196 0.29047191974608694 0.3130762788867919 0.3320612398083798 0.3615645080519916 0.4355570445104006 0.43994492417333114 0.48814072556906263 0.4938941805343556 0.508127124060394 0.4809011314871905 0.5041446570575979 0.4887510112276326 0.4672340584864691 0.4379147378071741 0.4321554428048064 0.4233138153781133
0.28698564835245033 0.29005952152991854 0.32078178009193403 0.31529593087305613 0.2829816666023232 0.29614413937769046 0.28141618414112884 0.28492820279714015 0.2675300204274434 0.2580553290590495 0.2117694074163981 0.2368240939845874 0.2604575074466738 0.24588807586730096 0.27196331306951016 0.3059055166974313 0.32259020747912404 0.31902301446923814 0.3375343418082135 0.35163381307333424 0.40424093054103116 0.3752487663682901 0.3909977298215559 0.38673152185860926 0.38423907026211973 0.34138860873801313 0.3481851445996986 0.34804009381665374 0.3723238613570842 0.3902104113762909 0.40497339781758773 0.4342411909597747 0.490336240205086 0.489941320016104 0.49169032619014325 0.46979414164486427 0.5083461785884913 0.5048275216157291 0.4839880652268211 0.45339158055402917 0.4363843422830443 0.44150058976524864 0.4358967358536098
0.31849474856424675 0.35462425780715695 0.3192252899533106 0.32500593626440877 0.28223915009452977 0.28901319840031975 0.293394641901038 0.24460795196923696 0.25022639792988 0.25287285644069807 0.2540357942895943 0.25190855966540526 0.2771711450756131 0.28514505818042746 0.2865225522426678 0.3465425385817562 0.3827178603575617 0.416640819595036 0.39401749449619516 0.42549497322344026 0.4139136219646295 0.41704173463266975 0.4353744356214701 0.42682328348489 0.4226443796370866 0.3834543101550917 0.4083919557493426 0.3914169158909064 0.39440813339904124 0.38647627099550114 0.4110769544731505 0.4469230480090463 0.4859539973037815 0.5127111012958587 0.4865263372228137 0.46431889607392623 0.48058362050602405 0.4644183581670145 0.4517572108342664 0.4769020102856603 0.4400235501611207 0.4404021111946491 0.4231048195360699
0.34094612070907976 0.3693410574101484 0.35031833142253854 0.32892618196720746 0.29438864155170413 0.31498095272877763 0.2692293089680905 0.2537754441790332 0.2842642822319083 0.25626824502282564 0.2878877456617018 0.26948318993334947 0.3030506965496056 0.2971831122660942 0.31867613736452616 0.3330449095046325 0.3853923446347554 0.42495692935416357 0.47914684597682744 0.4907301803447905 0.48999309334041063 0.4772996068016184 0.4635836074283979 0.4305337510742692 0.4513732636562443 0.42467205598044894 0.41671142931441596 0.430811436239842 0.4178792983222563 0.4368397401617218 0.4648775100440519 0.4829069411550111 0.49170982703618854 0.5118932752168939 0.48003991097575494 0.46084898474523933 0.45931978007185587 0.48097609298760685 0.4406989278170178 0.4820155924918472 0.46094003815365764 0.4612107285505257 0.45851421506115225
0.33269465445947227 0.3643634807157115 0.3310418610410826 0.28556700730475776 0.3112528992111158 0.3150290706520355 0.29310995938783896 0.2782440902078949 0.2776169981605761 0.29002612619052387 0.28895051675689504 0.3323657755714497 0.3169880935335297 0.2979443436238175 0.3190743707812781 0.3762014324600025 0.4025377039700207 0.46450329960840236 0.47622072955321926 0.5163740179390599 0.4883322965152022 0.5345697111595481 0.5116973181889871 0.46634486987616486 0.4483867477408677 0.4906555284237083 0.4545991513093708 0.4585486603084116 0.4485787640265101 0.4867249165248098 0.5143869032249836 0.503817429345389 0.5147651463005909 0.5211202889077784 0.5141066228506217 0.5061162355685018 0.4974239936382675 0.46215370877555084 0.4578375235053684 0.4533534149682957 0.4617145598865504 0.47928976204421814 0.4799121339601583
0.3235610907316445 0.318112810977056 0.30413712322566694 0.3146588822855874 0.32359650383033955 0.29270530219436625 0.29211459372223614 0.2753806162611413 0.29616283281364114 0.2850301286975319 0.302231350330054 0.31033207788700184 0.33124872860878485 0.3644088261183434 0.3654478983179444 0.4263018362721461 0.43398173690208214 0.4882271006432196 0.5013606035993727 0.5230745065735256 0.49997738206369824 0.494255450527708 0.5219478409420562 0.506374647342366 0.47254848590840676 0.4764161607723639 0.47968931837928225 0.45660862849743195 0.4898373458601511 0.5056680886225259 0.5113963827260932 0.5153864328952225 0.5242583736719104 0.5256704519453791 0.5284980730238727 0.5573261016535669 0.538124982919845 0.47998680435666585 0.4765583171864449 0.45840663660405856 0.4459978101694926 0.47037060305818 0.5087105125255862
0.3240935579462606 0.3591955499342862 0.32801272320679753 0.29277190698588834 0.33935664517706593 0.3231687212498769 0.29830799656046764 0.2710689825354152 0.27197874898070457 0.30887824204238096 0.30573033746052597 0.34446581977810126 0.374883145407982 0.4086459350485546 0.40311612734346114 0.4594530282381341 0.48402168177974725 0.5241740553825678 0.5115997101054809 0.5323824040174654 0.4916768170158771 0.5016427486952966 0.519921981017562 0.5005966158685249 0.4802024788664885 0.4594959901494292 0.45746658471283497 0.4523112354019812 0.46302900455212415 0.4982281336992187 0.5465773523219581 0.5409319342883513 0.5401341336163513 0.5177258445693034 0.5440838800459226 0.5727529289889554 0.5615036313759486 0.5283785970123718 0.4867780734695266 0.4866427257021896 0.45405958738966834 0.4577890772797311 0.4770891231554584
0.37023671797030017 0.3418432972115071 0.32772532945493743 0.32036757052316783 0.32784529705706245 0.3294880022507747 0.3322069863919949 0.3260377421351391 0.3033053060750945 0.32041012456625756 0.3456990371116773 0.34337821117035894 0.3908550027932808 0.3986007969198194 0.4293285457007337 0.4696021888458414 0.487730367260881 0.5379051695588993 0.5296004762692649 0.5133608849805266 0.521343801172824 0.5025156352612054 0.527507082047671 0.5059500866616207 0.45570150704214246 0.47762739803506016 0.452804392052865 0.44709605422476667 0.4676786197866948 0.4886945403652276 0.5484682423557757 0.5522394714351206 0.5349049955433507 0.5584271626323029 0.588996919489518 0.5874609424084932 0.5800670289188227 0.5479881717556107 0.5271068529931489 0.49622933120832746 0.47771428457804926 0.46021627620059374 0.5110590153808013
0.36612399367579607 0.36316227763779213 0.3597505337957845 0.3421800942548352 0.32660657791781117 0.288364853183084 0.3203188503980037 0.3523121602853454 0.3597389758551824 0.3384792323345345 0.3741973810040974 0.3388485511322973 0.4111851051879832 0.4391209963702741 0.4477808398734899 0.49055874569740493 0.49262307028160096 0.5505656066721669 0.5220248165861806 0.515002571006288 0.5279349608623531 0.5558916712856731 0.5414400078630123 0.4948269040859283 0.47616626051792293 0.46408719882399874 0.4567796536881721 0.4705623357651488 0.5154932132705266 0.52565197335837 0.5400487174145654 0.561651477711244 0.5850945156577059 0.5886670616996799 0.5985356694408637 0.591303277262346 0.5709404299142736 0.5757145497112128 0.5455756245658467 0.4865116000062501 0.4738995781461109 0.4761008466360057 0.4938870191108967
0.3381702459422453 0.330361333773501 0.3310224016529774 0.3250461314125939 0.29671060467786375 0.2714081046199655 0.30735473617193 0.3472209833370213 0.3769176737226604 0.4010795638618783 0.3881759844591113 0.3521736619046486 0.3824237322843863 0.4116213996092953 0.45685176276817857 0.47843016130777904 0.5076039714610983 0.5363117065553702 0.5299942242219933 0.5313738913899634 0.5332596378109418 0.540632439931851 0.50167054645883 0.5014468741665544 0.5079285174059064 0.5119952044082474 0.5000841470303248 0.523883802756347 0.5443535408372333 0.5406177157609623 0.561144987389655 0.5770226571554913 0.6092629134960766 0.5922165498156166 0.6190345400272649 0.5827368572012434 0.5694725857447323 0.5522384460863263 0.5537143832709631 0.5022040993977035 0.4817334974142518 0.48067995910624123 0.5240000354416359
0.37232817637607624 0.3504211493955774 0.3231439621981128 0.31822914742510094 0.3096610318005094 0.2893785765176481 0.3241774899569653 0.36332875345712035 0.36485339434030123 0.4144124177183608 0.38220791387354286 0.3783855933722511 0.3909856148353224 0.4366675450536242 0.471692831368355 0.46799560156369524 0.49645216915354595 0.538561953822901 0.5543758838832841 0.5195925791391857 0.511531858636509 0.545325114118532 0.5101745158546797 0.48746974072903065 0.5064230367041574 0.4966640871603281 0.5350664824148993 0.558293727280361 0.5533328212259057 0.5861683500012226 0.5935717343347969 0.6014598757587234 0.5857173425353601 0.634700373909756 0.5982119671907803 0.5803457420476248 0.5487488384423276 0.5375473689169766 0.5248781707482278 0.5325652458227333 0.5196433867454752 0.5284931231677803 0.5318204103199493
0.35704119509422494 0.32492361652672014 0.33592738256324384 0.31768236609586437 0.29973746417397423 0.3146636839004805 0.3506993838854056 0.33984246979139154 0.37601085542072793 0.3884464182222403 0.38629544947647326 0.38177639804313257 0.410522969363453 0.4678776060426648 0.48915513319719245 0.48145156900331637 0.511977655098425 0.5432534979070138 0.5342439350464163 0.5271126772607323 0.5378837281274299 0.5099156293754019 0.4950826967958407 0.504786720824556 0.48520777603671084 0.496648330492306 0.554880872471823 0.5838149178324525 0.5723133248308662 0.5711367391034603 0.5740814061939478 0.6038904991431322 0.5860308335692609 0.6175015943203109 0.5985734541379047 0.5736207270478674 0.5738254920574075 0.5685500656682992 0.5532102450291781 0.5395944052465301 0.5628215233990018 0.5593214618532463 0.5275288833779868
0.3509516248830585 0.32238811827335545 0.3279702332259718 0.2858989596293352 0.3078931606075554 0.31954902645784344 0.3573268073615068 0.36295254599868365 0.3868837783333089 0.4165252621692046 0.39260901227638306 0.413442182001835 0.4428052679495696 0.48147549236653875 0.46540656440933587 0.48837894398236875 0.49773684840871035 0.5246326545252186 0.5050638024771621 0.5323694646574016 0.531496259812618 0.5141553387560219 0.4992258279427538 0.522155893297146 0.525072808960989 0.5308546697833103 0.54948388471487 0.5765229685464516 0.5792617777024628 0.5805224601790367 0.5874432398953636 0.57665953854561 0.5902340659044393 0.6165487030739674 0.6023442833541868 0.5747710985572239 0.593817538336492 0.5392473127163201 0.5769924261636925 0.5800604594569828 0.5869899663686547 0.5844322337231069 0.5245825671600256
0.31525278661375733 0.33718081812995904 0.32230498784071604 0.33836182189933917 0.3391650476972092 0.33778220874402115 0.3246150895914226 0.3538648246491201 0.3941379540631095 0.38075456978779165 0.37738914187282574 0.4113192895545203 0.423162519766412 0.466914742273683 0.47082508716603866 0.4922320267065302 0.5060980373136655 0.529533168373048 0.5046354669747409 0.5364781002777537 0.51190540213749 0.5230745337219618 0.49565038778885373 0.5082103678512762 0.5347502742876274 0.5374800451918589 0.5819414138634422 0.568052752793889 0.5844659043605256 0.5615289608259746 0.5699900477926013 0.5718722491985008 0.6310558301693079 0.6367338805361467 0.6114403751067553 0.5994355753412399 0.6048308448748358 0.5856969690002738 0.5644957545505849 0.5695804527435977 0.5425816752170715 0.5511162495665122 0.5569979678557756
0.2997950352965795 0.32656150261702466 0.3464952505954873 0.3369314962830011 0.3570792690131199 0.35319965217528226 0.3391621706136423 0.3408490441033562 0.34142593228482254 0.368196301011919 0.39507276679915354 0.3928837826477237 0.4268713884459128 0.4191227055013166 0.44885463024520916 0.47139702791412597 0.47995906749553285 0.49224933927647824 0.5099144874976091 0.50021340872345 0.509226006834778 0.49030197263912817 0.516046667489414 0.5344746225413044 0.56176359120897 0.586663292783239 0.5922356468488189 0.5791799919714189 0.5903737781384295 0.6065028674764434 0.5860505021010791 0.5939172892889818 0.603451091652671 0.64479591056447 0.6469915289212617 0.6265538288958251 0.5995800554914338 0.5996279621154533 0.5734240690895268 0.5729418535938507 0.5627684393946729 0.5250748655071732 0.5299175039376545
0.3295308177481855 0.329319150835891 0.31528693623803467 0.3058932610989066 0.3242471023458537 0.35410222071819564 0.3548078321697988 0.335952405518543 0.3324989514180642 0.3444019705616948 0.37328307504022246 0.3952721593994559 0.39073164653937825 0.4391347587502655 0.4457568698747281 0.4535545819490803 0.5041747925656846 0.4921543058366117 0.5252999574642823 0.49085852381278305 0.5071854094619714 0.5120604720999705 0.5304079650381611 0.5451519677499703 0.5871119471834106 0.5728235752619145 0.610069533051886 0.6149073737862252 0.5892921311416464 0.5733446513225229 0.5658397371034626 0.5879197095055297 0.6162440601536737 0.6031507163831429 0.6141353519566487 0.606679227026211 0.6100910704114905 0.6211365364411161 0.5908698310122158 0.5681144802391354 0.5540694288789956 0.5489765508689939 0.5360720304373675
