Raster_benchmarking/DGGS/continuous/raster-359.asc
NCOLS 100
NROWS 100
XLLCORNER 1743159.2862633597
YLLCORNER 5469284.255459275
CELLSIZE 10
NODATA_VALUE -9999
[rows 57 to 75 of 100, columns 43 to 85 of 100]
0.684602735995677 0.6582706831078582 0.6196367086108108 0.5907240962138911 0.5991729031384364 0.6194004125220278 0.6117168688604454 0.6223124428079011 0.6448741344662516 0.601777454545437 0.6181612135503217 0.5863170595084665 0.5737898687404508 0.526188243814732 0.5172950693813181 0.5558977582572799 0.5901897572771212 0.5893693372995944 0.6260634052304017 0.6391061288410221 0.6189984634474801 0.6824778237446449 0.6987719496438751 0.6923167731024198 0.7248147771882638 0.6894713026020924 0.6832482343054929 0.6897918223290667 0.6504460336736977 0.6945394582272822 0.6717949543934422 0.7231260142409095 0.7158784856308414 0.7206805509009234 0.7781990528500629 0.750715174903174 0.7207375984179457 0.6612855037793443 0.6553915322594697 0.6667574281651943 0.6702178890712195 0.6158604230779132 0.6022155572184521
0.6520723441404433 0.6089040434291928 0.6099476254633698 0.6141471723451005 0.6077681039438062 0.6067433792221357 0.6235189488974545 0.6337951544813158 0.6262130252180789 0.6034770652424192 0.5837996079187212 0.5825753532055012 0.5378347444516375 0.542239378956685 0.5275791409063078 0.5612365485558968 0.5987453884361097 0.5919511652255741 0.6026149300029552 0.6155248791693501 0.6054797674519429 0.6554590956774323 0.7065618506558644 0.7179621482555942 0.7296775630255287 0.7398446234562033 0.7157971698434805 0.724716675550046 0.720431875071171 0.6850004077614334 0.6973325223968856 0.7352975651916488 0.763635551754839 0.7620558166959096 0.7591253560628531 0.7265557880414057 0.6972289794451805 0.6817728427146638 0.6709535519919749 0.6564573601158933 0.687281472627381 0.6406355146056936 0.5874913634459799
0.6281516165919763 0.6168917626188405 0.6061429304967071 0.622212840258288 0.6026205893168614 0.6319593620871073 0.6187375939975849 0.6138822673435745 0.6332441674942897 0.5958712192811885 0.5890180309048868 0.6005601215426614 0.5453564030013929 0.5717066557074512 0.5329753929883306 0.563001492180941 0.5998523859651221 0.613138700859901 0.5897836305681072 0.5944842904758142 0.6388130803064254 0.6790593383037975 0.7135005441612918 0.6870190680741352 0.7226845277661452 0.744578607210064 0.7303422567107257 0.7086964122018605 0.7260404403970973 0.7180733073688714 0.7768241865474768 0.7405402368550935 0.7795193280923725 0.7601511999825674 0.7266641338875353 0.7330311695897735 0.7023618506183458 0.7078176834485724 0.7145978406062041 0.7193390628440471 0.6865982325944291 0.6456645804198543 0.5872968163919806
0.6425878087216695 0.6567217460801138 0.6216510349998527 0.6214932609872417 0.6269259846221545 0.6510472947023589 0.6447267666508313 0.6634883852513617 0.6391683754549415 0.6447265507255276 0.5871561038293456 0.5913067128780028 0.5424573010104664 0.5585991697332036 0.5548816484520215 0.5681971447004476 0.5697649086453603 0.5755948932098517 0.5813092192250285 0.5965296162341576 0.6246985512614595 0.6604304570385815 0.6646420934527016 0.6884328587602465 0.7206723307640696 0.7121690493806965 0.746352773306019 0.7352038846764133 0.7392271891908656 0.7606143239772079 0.7775970827914263 0.7396615364978296 0.7417544599921043 0.7749538479039765 0.7412152057193048 0.7573201382541578 0.7200890239714339 0.7266869724062105 0.7462989973472131 0.7239280134833785 0.7244553896373354 0.6911007584033355 0.6167527879974155
0.684548462613392 0.6690042984338596 0.6428319409876272 0.6220231701871417 0.6693034801930013 0.6738424240123435 0.6951098822505606 0.6694448149691676 0.6532703995243365 0.6463849565296106 0.6076821072702336 0.5673171339379378 0.5286499584826053 0.5515473506841958 0.5416170568635434 0.5654684966396837 0.6072321391452182 0.610386665315533 0.6057967859039993 0.6339407525806771 0.638287903163612 0.674604195931616 0.7050673171160384 0.7015829824377365 0.7087025540476367 0.7082915746988198 0.719248579825817 0.7306035922450604 0.714910229923676 0.7415428425627807 0.752165085858243 0.7588283185739153 0.7410994307683635 0.7472246959292771 0.7879455848341287 0.7489109289985458 0.7295407819013232 0.7127083191696334 0.7307567945412066 0.7382772850582207 0.7232692588529566 0.6777085126246555 0.6681922897901837
0.6756042354264531 0.6528163780978057 0.6631555019269437 0.6594279359781207 0.6884958222111166 0.7144541097194885 0.6862592199449268 0.661651178810488 0.6214010660173868 0.6220129307469425 0.6265036584464465 0.5993963198957051 0.5530131535606059 0.554312906385216 0.5685561600352703 0.5752561007814128 0.6214084148578631 0.598263828404848 0.5931678121529198 0.5956606630061492 0.6361007667226507 0.6990162960191333 0.7064466200602525 0.6942934398640558 0.6879597170439815 0.7118699815502402 0.7344646657956243 0.7613528604314783 0.7808468806733421 0.7852837039372854 0.7866591929314284 0.7558592888787664 0.7689049827984685 0.7828086610758438 0.8018969959644381 0.7693977158801495 0.7466047306001523 0.7674170267286671 0.7572954663531677 0.7478635989927706 0.7488584549015382 0.7005536959770348 0.6513036512671194
0.655175374456649 0.6683635042229354 0.6690421385502272 0.7036925011835413 0.7118095315878362 0.7036942921524066 0.6795648173751052 0.647104338095965 0.6464519350801552 0.6093988156432292 0.6528606596279257 0.6224689073864839 0.5939803222353228 0.5584151008011362 0.5566827447546242 0.6157524049281896 0.6368886443312688 0.6212496389666904 0.5888836734393723 0.589631711950283 0.6466539139680108 0.6699243211688527 0.7170766511743125 0.7248663621470259 0.7325497987088959 0.748848383829689 0.7718315167421438 0.7983627305659209 0.7852160468268233 0.8159703930039145 0.8172594700827327 0.7730586958334452 0.7592201612988024 0.7870735959074228 0.7738404504768757 0.7621638608662189 0.7726230330574968 0.7783147127229049 0.739857834564283 0.743323822171735 0.7402864922939804 0.6939094370310791 0.6574175266274286
0.6420521978317503 0.6560978828209096 0.6821418174819988 0.669689629077092 0.6734782911106689 0.7187678937482788 0.6877553127657299 0.6762024007168558 0.6619448180243166 0.6012560617210229 0.624402532080576 0.6139181597433458 0.5971936758253551 0.5938443354744823 0.5998488608579783 0.6277288246340057 0.6569922943238988 0.6287198148715245 0.6407942136913409 0.6212118757922487 0.6227205138904922 0.6565774426294101 0.7088139497980195 0.7231004541982137 0.7206161744432129 0.7543455313501423 0.8030132642510613 0.7824522474092753 0.796107595334074 0.8089822385842919 0.802180758031607 0.8109168510499731 0.8163381034772377 0.7801732817775116 0.7906085091925581 0.7757303680515784 0.7933424734007031 0.7450990797722238 0.7369334376843778 0.7543597354531622 0.7276230802618187 0.6916037636290157 0.6722931809329735
0.6577164958750016 0.6742315574667076 0.6747302887891964 0.7078864329644521 0.6943770959613031 0.7228550736911948 0.7143450387684485 0.66007041526977 0.6221179533141967 0.6195973897991175 0.587702577389839 0.5864484267014338 0.5731049583715161 0.597772511183314 0.6249837444521532 0.6254650591809513 0.6320334340466041 0.6309074718393365 0.6414753392058831 0.6041370117966296 0.6295449512613281 0.666775560126171 0.7142708621656922 0.7202881315703824 0.7557253784898583 0.7659885671123785 0.8323994266870832 0.8342721001138427 0.8074550968488295 0.8349465824192503 0.824012091364651 0.7852341350219494 0.8110190349002406 0.777798972732454 0.7884732341649828 0.7983324622827707 0.7749857825948899 0.7671697940008199 0.7315699718982432 0.7082999055951147 0.7394956230619624 0.7086277436934917 0.6899117384393741
0.667230217267641 0.6993224828712139 0.7088008916844343 0.6925071493324404 0.7212194870216342 0.6972304849841342 0.6888356000493147 0.6859423528167885 0.6764643815265521 0.6655215844931879 0.6381597146092632 0.6283513373739785 0.5934388157829493 0.6134176307070073 0.6465708505216553 0.6894017846075877 0.690068240286995 0.6703897038735855 0.6474985209610404 0.6296182586752419 0.6858226411033286 0.7081464865414703 0.7109359873402958 0.7717370448499168 0.7880544368174557 0.8120406080797269 0.8374107800145999 0.8434333094638446 0.8213389637233196 0.8242186003721211 0.8060074517609807 0.800875778080396 0.8018489692743426 0.8070555545926484 0.8173105433725176 0.7808581982842131 0.7735857933452776 0.7411310193824959 0.7419404743904296 0.6885012475629746 0.6934397158177135 0.6804349917851379 0.6298360323025428
0.6750239756350592 0.68468157926641 0.7183585909926243 0.7163223123569843 0.7107229357366677 0.7176287945552794 0.7493820047754034 0.7110961857074956 0.6841991993622786 0.6574104509881114 0.66794969197985 0.6290246969003461 0.6582801461821545 0.6454930015884391 0.6941977313730399 0.713677537983924 0.6987894839963186 0.7135566489842683 0.6720797313986836 0.6943671728952333 0.6842876485658322 0.7027828148331662 0.7369221420975862 0.7659795553907365 0.799372503889731 0.7911648443491941 0.8481622546508323 0.81732328872158 0.7820254534320599 0.831647048408171 0.846556150819696 0.8156977866796947 0.7947291539429582 0.7695352324403695 0.8170522901876289 0.812181770390553 0.7892558130267112 0.7451569845776461 0.6998611413755974 0.6762058649184352 0.6876444161283457 0.6946255732978325 0.6416931404154652
0.6702467038626072 0.6969585702190427 0.7241999171895543 0.7193502338132463 0.7268589083666536 0.7394575189459245 0.7181122382231996 0.7140900741317119 0.7139185586807728 0.692282856738869 0.7039957285067494 0.6491114496713124 0.6593056594116392 0.6792193609167579 0.6991448985359195 0.6791042457365002 0.7180426048490967 0.7061923560447312 0.6978810087247608 0.6916104392042596 0.6927380900915172 0.7437114169129933 0.7356737162589686 0.7558367424315843 0.7933432368204103 0.7912459183215086 0.7945816956758535 0.7840456510331976 0.7993144739810792 0.7849815998825981 0.8181252609016884 0.8253299744715389 0.7692045240895036 0.7656059003557224 0.7598235243776879 0.7711260302722471 0.7904130969452635 0.7611330474329316 0.7301420282366543 0.7100254485768669 0.6788335634030132 0.6672534084989816 0.6134419681705339
0.6440839248883001 0.6765402155190312 0.7092064143536075 0.7229079384197918 0.7688915925480785 0.7188784957631542 0.7394142854943976 0.724196079868368 0.7113347912601125 0.7080777023308094 0.69967933728529 0.6867260379211843 0.6771020670207589 0.6881762937132069 0.696692321959969 0.7259930109425682 0.7232407119353738 0.7152436632444373 0.6620527620198927 0.6987600446816556 0.6777190891965553 0.7559832373793286 0.7803765060208586 0.7512696078147083 0.7696620721683914 0.7820469486581727 0.8234807552113301 0.7661889328063618 0.7606091285587792 0.7609916339403547 0.8153743393866225 0.7781809916604314 0.7467609969731586 0.7599818400387837 0.7652622076003792 0.7918931578006994 0.7893279602200775 0.7360652178440216 0.7657232603035637 0.7165522238316027 0.6653935899025114 0.6615086887482439 0.6092562053154752
0.6659789700352668 0.7150000748058037 0.7131271840021773 0.7406029114276409 0.7641520721457772 0.7329629899149217 0.7584052325600267 0.7510266991325817 0.7369026368831874 0.7290009565698642 0.7321506361788794 0.7370331554196252 0.7422035565396544 0.7208790319683956 0.6892980200885844 0.7203562946806272 0.7612088257694624 0.7334956373422873 0.721835867206159 0.6677063175491436 0.7076170328197019 0.7302829188865482 0.7851667415205265 0.7757268275728599 0.7777163947341512 0.8320569839838582 0.8069137472414382 0.7902643649361177 0.7720648248292512 0.7772524710047883 0.7848862213977779 0.7804273533635118 0.7770632996567199 0.7640297959955196 0.798483135363915 0.787058526190173 0.7530947661942747 0.7110173889852615 0.6918274402837228 0.6709699686929599 0.6603657868123473 0.6154576990598707 0.5957981622318752
0.7159951918839377 0.7255912673261614 0.6958976443231507 0.7185035237935222 0.7385548051979063 0.7216897934633012 0.7081417752455889 0.7619323023934812 0.7438666351111369 0.762154463994962 0.7546158912272075 0.7287078347686167 0.7689074225933895 0.769463982475534 0.7267963405207389 0.7364983503441008 0.7634540602031993 0.752316218272385 0.7179469068947518 0.708070430948851 0.7219827354556707 0.7625693395080115 0.7556095766531078 0.7830196075010788 0.8202618642054244 0.8540220148224436 0.853393489862393 0.8236514733124175 0.7655956276649353 0.7628138012319207 0.8151688515066865 0.7656055537785598 0.7925771092333076 0.8005314147875795 0.8012937178084194 0.7768267814774765 0.7118030902846799 0.7311652084435545 0.681979622730112 0.6532497700637765 0.6306061061299578 0.6002009065028001 0.579165429187448
0.7178650392785555 0.7207236123902037 0.7382395215319776 0.73015119609331 0.7216762280092396 0.754558795264184 0.7571294985626017 0.7537207473625062 0.7700106545244618 0.752306708497386 0.7466825135538201 0.7494977853949375 0.7758081140682495 0.7777921223313067 0.741188397844394 0.7737426756639428 0.7939130337424106 0.7644874365230945 0.7499536173488491 0.7455579238766861 0.7268108521973659 0.7490128579279758 0.7959138760625397 0.7887669685640276 0.8236653735290165 0.8563260061968458 0.83788429519732 0.8204675223512925 0.7699638361784481 0.7725807416890592 0.7667637023572453 0.7539121341092806 0.7450258082791498 0.7905927058160762 0.7632790666509228 0.7545965944755397 0.7457213967296314 0.721827067263157 0.6710658971165469 0.6697787571704059 0.6736097326757159 0.6430230037927638 0.6402004387110765
0.7544490006378927 0.7574428501819996 0.7572421689634081 0.7196734311021584 0.7114981558494473 0.7258136279036868 0.7580586855585405 0.7539246245578933 0.7304236851385014 0.7477063203970716 0.7272531989457164 0.7458246357799463 0.7218356166452714 0.7347765359981958 0.7909651324346786 0.779344110112794 0.7898143127925177 0.7487268702590824 0.7338969841182317 0.7683767116152848 0.7364417068891769 0.7816978778445078 0.8174463254932887 0.7851168667131804 0.8159981378132217 0.8263566372046335 0.827052227840879 0.8348603849191277 0.7737340789256076 0.7870872999670748 0.7604848790824223 0.7626414694042541 0.7306172870204171 0.7856800441890035 0.7786185550408649 0.7516797217567904 0.702541574180032 0.683812560756538 0.6905608136647996 0.7012034097350587 0.6896682583136993 0.6636465588679514 0.632030561147346
0.7439741217827892 0.7383478224677932 0.7399940541881002 0.7124993608206575 0.7437801049913365 0.7437890005386383 0.7472529215293211 0.7766664720155924 0.7268096026796524 0.7137381209812393 0.7333201769461627 0.7128497988341682 0.7097105991867826 0.7530546487479789 0.7790274820206966 0.7585506183144423 0.7560300580379749 0.7234816110955278 0.7418062270557108 0.7615283400468307 0.748748627426171 0.7631385892657363 0.7960633587501209 0.8083172285372836 0.8245719654917442 0.8325101391475048 0.838642145599652 0.8113019935419536 0.7817138589787564 0.7520984535999851 0.7359488254199359 0.7636608627379549 0.7621530959774316 0.7893927874777934 0.7923489752984914 0.7440835621677644 0.7125691541510485 0.7214491583414706 0.6990737421335251 0.6728516438948399 0.7006462880721172 0.6526649206909542 0.677213536962998
0.684881268618665 0.694607286469648 0.7217561415250965 0.7192353516322193 0.7204859749829688 0.7466915694701162 0.7814652973388716 0.774723600426278 0.7481510194528832 0.7478361685033704 0.755995869165163 0.717212118388632 0.7283046084713044 0.7404814243211694 0.7142585787998186 0.7090662576415149 0.6994478783861604 0.7428857673868539 0.7360700744230889 0.7642316268097554 0.7748560097531203 0.770446057061514 0.7965129429817858 0.805894922097619 0.8285757990735017 0.8165990268383557 0.7773017802444897 0.7594097790877826 0.7630247490305334 0.7448962363207863 0.7404789722786767 0.7447517118067803 0.7657542373858106 0.7699669409873565 0.7888555401792129 0.782557622787388 0.7491956948700703 0.7353939030242959 0.6972236270235977 0.7046905208884089 0.6897785764155373 0.6595103890152751 0.6641758635029195
