Raster_benchmarking/DGGS/continuous/raster-420.asc
NCOLS 100
NROWS 100
XLLCORNER 1743165.308711236
YLLCORNER 5469285.134014126
CELLSIZE 10
NODATA_VALUE -9999
[rows 38 to 56 of 100, columns 43 to 85 of 100]
0.353392407890697 0.3669145775120302 0.3401191072799964 0.3824191385247696 0.353625640772433 0.35656090207508695 0.40164232521596005 0.3826426085275164 0.3765493502516882 0.41253251651090234 0.400997560073166 0.43491605976973 0.49765369432987633 0.5549067129523692 0.5494947948810055 0.5509181832069001 0.5925311548552132 0.6502050459770982 0.6555209456601135 0.6965547972074267 0.6807089122364716 0.7216525691074627 0.7113230493337884 0.7275191684765204 0.7990542667915962 0.8297550810386153 0.8404561248391469 0.8168172664745553 0.8590555622730767 0.9038548326604837 0.8961246814296026 0.8906012835863787 0.8662507027078754 0.8597610378435329 0.8399668605621972 0.7916045408454587 0.7994241429226981 0.8351498442152494 0.8414246292268363 0.8611990089506117 0.8195781476934303 0.8672193933259742 0.8368638287442676
0.3028147630308811 0.3102543297699552 0.3527280521827997 0.41146278719717044 0.3640220383488978 0.407932627161901 0.40458882860946005 0.36441244967196734 0.3949326725465734 0.38475367086319096 0.41887370395922274 0.42554226368346226 0.4823802882942972 0.5384083966526989 0.5752365177295524 0.5825796194111711 0.6525450989314429 0.7054089785806934 0.7025178700938399 0.7200733079647019 0.7013217858779511 0.6957178973456745 0.7060613940056414 0.7753507007678454 0.8172155688749518 0.8516777375747415 0.8741656127790753 0.832167484217949 0.9044135940772906 0.9303136398651404 0.8683658987972549 0.8428811614879891 0.8328520869413056 0.7990584816276558 0.8111248692846822 0.8232597737187652 0.8260242322712111 0.7746239221885947 0.8189195418395474 0.8386754729829663 0.8117506072197271 0.8657843446265853 0.8935417652163121
0.3286614774487407 0.3267512222297009 0.3495366930037141 0.3577621611612198 0.37592735726607013 0.4021444854770515 0.42378147474699607 0.4018278244123259 0.41992581162141157 0.3822705717245953 0.3756128729730772 0.40406768707989527 0.4928007263351114 0.5486269033125549 0.5984324150504247 0.6295150283268701 0.6728064978621389 0.6731310054264926 0.7044073914984552 0.7646933734741486 0.7323268870032726 0.7458444012805174 0.7552689868022856 0.75722994530001 0.7681553292108749 0.8257312985910791 0.9032977271001227 0.9255708166786345 0.8944337714882862 0.9174985778435054 0.893200522613416 0.8948064657481595 0.8417070096272118 0.8614191026749931 0.8379280883829159 0.8056752904926471 0.8300641164207625 0.8304717175883989 0.8303908841216144 0.8534926509090067 0.8389845831647691 0.8585490149966692 0.8725927275916134
0.3690720503649821 0.3663651669315323 0.36486633583781786 0.3249736760360166 0.37729392598838624 0.41673043776273 0.42344171871212144 0.4408047952048986 0.40105772440318077 0.39260175468354436 0.37794300900131356 0.39163938515620106 0.4688876650443644 0.5170455057404639 0.6090109691092778 0.6840232961049375 0.7226218088614786 0.7322420957318485 0.7149014253599844 0.7808674558291299 0.7985751073073146 0.795218744944665 0.76386213235693 0.7182948700668546 0.7955192252637158 0.8478189615322079 0.8940883158051162 0.9663462382716493 0.9618897651791761 0.9259788231332048 0.9471994889928267 0.9445657470982937 0.8709042956562264 0.831386557343741 0.7897809668459348 0.8055355500866186 0.8156350733193466 0.8247177007219668 0.8111397365274149 0.7714838526678593 0.8440026076337138 0.8805246768308741 0.8788395124551124
0.3748734400971417 0.350456329214421 0.39842629336328167 0.35425446251139 0.3757364159022391 0.4145568722875266 0.4173858311123705 0.42351854969530844 0.42729159124120114 0.4130211087648127 0.42428480052357714 0.46149633583390914 0.5198717208322873 0.5839434068401922 0.6195614537494769 0.7184935293507901 0.7134715593892631 0.7304270436798455 0.741667975800234 0.7412873655528986 0.7962770772249113 0.8124106437617994 0.7667897877235716 0.8001043011667798 0.8214484776727446 0.8505633849108585 0.9095431549329666 0.9840700785860889 0.9647204977629446 0.9308402033206389 0.9474237090232787 0.9161954008478659 0.8627398205696669 0.8570348883817966 0.8029238544086905 0.8125128647245733 0.8169902260059381 0.7996037332686992 0.78228539547913 0.8038726091637289 0.8172763966192947 0.8525632645951504 0.863972938294013
0.4297496944595902 0.3592841133845362 0.3989308527214996 0.41810915914187485 0.38203065152427973 0.41867881312873806 0.4546918298804663 0.46301523623241386 0.4504935710999161 0.4845510369439974 0.4489860143330872 0.4743231810787565 0.5799388509379971 0.6161124861437876 0.6571486026935938 0.7323486188777869 0.7044342873978089 0.7092047862110468 0.7318938356233542 0.7434021500640475 0.7871895666810996 0.7674923407609547 0.8055966221084253 0.7927514586680571 0.8296900173553072 0.8666343388278028 0.9114488625099438 0.9613652318082097 0.9390648371980281 0.9415444804810502 0.9226607605050839 0.9312796480677275 0.8965342110203738 0.8442216803708659 0.8231141074241546 0.8044267009893628 0.7831304628029429 0.8125996260715637 0.7974168854217669 0.7542804372203789 0.8214065389482744 0.8209614764919515 0.8551798620497754
0.455202155291432 0.42316987144961216 0.4260257882688466 0.3924869392806445 0.40654707751953156 0.43993889112842305 0.4533139509881008 0.428740824561592 0.4526751176834991 0.47834944107286287 0.5098633204327733 0.523218997022298 0.5950792834890198 0.6326523157577827 0.6658871298768785 0.6810438280893736 0.7134201313815147 0.7735251541862143 0.7957759159824976 0.7819707303587797 0.8024004848693015 0.7888610301041341 0.7881541363760669 0.7908075620611307 0.8437223541528187 0.8376311123198115 0.8743615156566628 0.8586039241661412 0.8774859386433542 0.8929916359410883 0.8769548008454306 0.8294846965272697 0.8284248264847903 0.8109130102152702 0.8331058867297759 0.8313808343119212 0.7903202984221335 0.819077062280092 0.8146221332665717 0.8125282617326537 0.7927125708020082 0.806165110537008 0.8336681003639059
0.494473434053289 0.5021196834706955 0.4761606267130581 0.38595299466473504 0.4234630506331537 0.4516058745621105 0.4636900079988082 0.42033717075178095 0.4749811903880856 0.5448775837908042 0.5855649706959052 0.6209057216327953 0.6622766851977633 0.698505721373243 0.6894149804372726 0.7193241446541107 0.7253197856675336 0.779322616159604 0.7721787332031185 0.8567650865667171 0.8113054124071507 0.870572758381534 0.8188350909727149 0.7728440443584798 0.8085266599240636 0.8138433378580544 0.8411353011419773 0.8559986900862876 0.8807638720476817 0.8592089209025929 0.8147649237834923 0.7746097789724448 0.7768414778533229 0.7729228368410934 0.7520545975128845 0.7823554988438153 0.7731084809021251 0.8246860564250201 0.8446382283736098 0.8216719116719452 0.8267365066353177 0.80032430065434 0.8263383716388102
0.5678571919162793 0.5145280803078579 0.4867616117721314 0.46516196738655013 0.427213128991047 0.4490700614578761 0.4531433376821938 0.4242023454481516 0.45615278008867244 0.5452547594623984 0.551217349277059 0.5806110746634452 0.6550973906873745 0.6535265955311726 0.6904841592725964 0.6969589814384763 0.7565946851719069 0.7413047586022459 0.7900827086575292 0.8503540920621427 0.843731752752764 0.8397393196795251 0.8459546320896218 0.8091726061508375 0.7685633938403758 0.8082639026141951 0.8301227919617393 0.7999474179407499 0.8168086037994904 0.8153420845079516 0.7908910732263494 0.766405522838913 0.7453387645805867 0.7549724838637331 0.739842566723863 0.7573409341943119 0.8005744634552742 0.8200048580106927 0.8060747599619151 0.7789623359024206 0.7925484394477589 0.7638993422138977 0.7861744935517649
0.5444069369963213 0.5646064569882482 0.5412423986324668 0.4869140384525893 0.44650050189806667 0.4455798191507622 0.4689970646377719 0.4412429235936195 0.5096728229779925 0.5142654043519336 0.5983583601084042 0.6119735747141849 0.6528787619543232 0.6145858141625395 0.6522090744331995 0.7383097393919802 0.7578504035115816 0.7535592846275966 0.779674282623246 0.7789015220726754 0.861418578779675 0.864977003662681 0.817800824256599 0.7915811125075095 0.7747250890532567 0.821645076490738 0.7887960685368678 0.7819102607573135 0.827877654925826 0.7705562659684372 0.7983576080183291 0.7985971326868809 0.7791620674294663 0.7225180130445277 0.7444483843545341 0.7569104839749179 0.7795964229650064 0.7827903080518591 0.8191762768536023 0.7941841936044574 0.7691105480389208 0.7937431714679114 0.832675852072429
0.5767485523329716 0.5888544981456132 0.5478012005441452 0.5125579952008164 0.511433352974257 0.5080886228106626 0.458404345157513 0.47317207145421686 0.5050787474474958 0.5706064525182344 0.6001833143170492 0.6228018807635808 0.6110334652970549 0.5855472808188423 0.6444754247307377 0.6784165044843417 0.7403810665812238 0.7796684818834396 0.7578421287454798 0.7758225277391134 0.8387993369854778 0.879042965071437 0.8415886679098772 0.8207374971141862 0.8275398584225544 0.827654130748679 0.7962237358143086 0.7819097946891587 0.8191831883147073 0.8276623760830456 0.8194683120245968 0.8126434513684797 0.786451388360672 0.7653367340609754 0.7194114152925927 0.7627796056508417 0.7542677319118687 0.7463170665157716 0.7627956782891304 0.7746601613489345 0.7924352576145401 0.8559337324685873 0.8456488826255173
0.6382824789875546 0.6048147211230427 0.6127823634104609 0.60962592611146 0.5799093055343397 0.5039577068184258 0.5449317327129933 0.5659540362729406 0.5543658202064297 0.5420097261469435 0.5823251623778695 0.6010426084917599 0.5765997264136383 0.570920750582029 0.6185399342679372 0.6509039334306677 0.6912536648878673 0.7671342509252959 0.7735666623161139 0.8129276471960424 0.8362206909979532 0.8424315569604238 0.8685225263543606 0.849903184275395 0.8656802557655352 0.8717912406725807 0.8140269970219154 0.7868443245346418 0.7963418912210344 0.8242308491875655 0.8283320381649403 0.7594502889444037 0.7890360983441967 0.7455759443874368 0.7480810029020569 0.7194110383483009 0.7467892817125533 0.7622838135570996 0.7951188534656137 0.8020557116324425 0.8327711189229339 0.8631096831090117 0.8869909254912121
0.6742438812364488 0.6638644972470555 0.591445125520009 0.5588381443534514 0.5835365150506262 0.5671660053221759 0.5738164257287658 0.5373112190543459 0.5394222787255822 0.553785112908144 0.5403254031809319 0.5806975261566643 0.5907486068648368 0.60062759734393 0.6209511839024558 0.6432523944972389 0.681084092885676 0.742045218046454 0.7419245765616229 0.7619807572461044 0.7693181010091447 0.8248944083447888 0.8273895676060038 0.8281461302263903 0.8454623894280643 0.8839294669983648 0.8592767552656331 0.8434336276548516 0.809153723596945 0.8467324654869126 0.8312356207015736 0.7681617787117611 0.7456991284378891 0.7058130550660768 0.7000691880908706 0.6988148517442768 0.7256050909950168 0.749756166319807 0.7663292751640594 0.7840744474961341 0.8069119350319329 0.8841485986956205 0.8998027742400259
0.6628130977339871 0.6592888848939407 0.589684117279881 0.5710822527658485 0.5915331233090007 0.5809406942116875 0.57253881801713 0.5557623455783329 0.5529113936840144 0.5439784919367209 0.56034573027299 0.5977003295680368 0.5802199445139784 0.6169327894322656 0.64870623391753 0.6547576015215543 0.6617826826308838 0.6451274181901854 0.7050575190547117 0.731155280676679 0.7220818044421662 0.7338575056434795 0.7915652742954905 0.8273563657967856 0.8212143129750875 0.8618552503373176 0.8740278092317766 0.7932715124044364 0.7834444879789592 0.8095182458406371 0.8462660329232249 0.8433584202993837 0.7533992620912067 0.7663470647385475 0.6959834176024048 0.6789309948132554 0.7420286118563939 0.7312236106348463 0.7273551753859836 0.7185339859979214 0.808509822743745 0.8604321217281311 0.856751590650602
0.6575275274809232 0.6445425833824439 0.6025908013839623 0.5806609452496427 0.5480977337606371 0.5766813582460616 0.5865960707710571 0.5685317410158933 0.5971539816148604 0.5385666386357247 0.5530112707320243 0.5610735452112973 0.6070753016110545 0.6481266022714699 0.6082267881236288 0.6069365445000239 0.6020456372004809 0.6206352256309939 0.6828022726209622 0.6627176395665363 0.7136401096297783 0.7337567428175473 0.7177177697969861 0.7418033657565474 0.8182946902171981 0.8426109540580697 0.8460878254943764 0.8611171541837414 0.8419433877075624 0.8825286719964512 0.8684595251458079 0.8616411815540308 0.7884633474864535 0.7836062980096528 0.7144707139324151 0.7042867051104784 0.7286278303107834 0.7299696065313154 0.7342938675429238 0.7358857040771951 0.7668040801897021 0.8383716817063825 0.8275744669915225
0.6243786404783271 0.6366058645956201 0.5848579968107336 0.5782415416663274 0.5934877796942575 0.5852088292954538 0.6008301745393652 0.6685417980261097 0.6449135001706653 0.575020338458587 0.5499128556619746 0.5289058051073865 0.5951682950471693 0.6327598212905313 0.6311921559900829 0.6126245454501207 0.6378281366387393 0.5871121892866128 0.6316362284768359 0.6456825396231062 0.6594011923953421 0.653634563972036 0.7162490363226112 0.7362771511124236 0.7905255775618488 0.7811862838665002 0.8437559686351592 0.9019068230779083 0.8911449254034802 0.9001144252601644 0.8832753673601813 0.8229629769735198 0.8166367491802178 0.779282446514375 0.7195038041491797 0.7250222907982201 0.7094624034384021 0.7441802433976926 0.7059902767690286 0.6729904316315538 0.7380519020785506 0.791270504643948 0.8396456610539721
0.6378190325875456 0.6655743746980484 0.6336573501687428 0.6213412952367533 0.594974299253339 0.625886732275288 0.6374651868735643 0.6860128735213431 0.6411341562701901 0.5968144544535858 0.5748762325813984 0.5470302023198084 0.5532059768084239 0.5620639415679648 0.588982799156073 0.5879330996848156 0.6386557550210531 0.6202209614688496 0.5941891253686981 0.5866530368828622 0.608393190321453 0.6556282029360442 0.6488658824351212 0.6981619430405539 0.7758605508313798 0.8117572767165069 0.8340053415155391 0.912837198216726 0.8977895308160007 0.9112114347672947 0.8483318694326055 0.8362427851499538 0.7586714977626434 0.7193909476046372 0.7282931251032757 0.7140686081639879 0.6660976886268234 0.6834226578515048 0.7060861151903314 0.7297612566600383 0.7221275722541711 0.7955769414823328 0.8269136892620631
0.6746375091190357 0.6499230292483343 0.6146076338074979 0.6074742669689719 0.6229643382127452 0.6259034034792903 0.6107238409501865 0.6617591638798183 0.606216125951402 0.5859802030066609 0.5571664370794912 0.5499233217461412 0.5235938828903842 0.5578336382942065 0.5788113314429971 0.6455063614455427 0.6832348586851535 0.6725091374554706 0.6296480328410309 0.599485983006602 0.6407016848534871 0.6423792178298556 0.6857674840296099 0.6768569586704376 0.767323988975333 0.7763245279142614 0.8107591451591842 0.9031270379087863 0.9165038558133642 0.8827262050152238 0.8242409237713455 0.8315862471989671 0.7229030218225883 0.7016568698699528 0.6996144378801592 0.6245895884577767 0.6486335627551053 0.680801909678244 0.6484061959033983 0.694425371866203 0.7100116577154709 0.7629354641298357 0.7872637775494576
0.7002691391345665 0.6712965780782822 0.6248561335667396 0.6127980892826065 0.6023410970025311 0.6403086168071896 0.6453158087143456 0.5799535197583661 0.5829610124882254 0.5452884016804017 0.5435590544122658 0.5068948170242039 0.5292746512782648 0.5529025410746566 0.550692180496257 0.636265787488261 0.647310631574121 0.637558624268097 0.6474532917398259 0.6599458294767894 0.6234372750475126 0.6532687644402816 0.6950499554910345 0.6961410630044609 0.7356479848156016 0.7584281770426764 0.8160089148640828 0.857471965397894 0.8676810243063565 0.8270043213912011 0.8138921200598811 0.7713797176709563 0.6952785133051893 0.6377881326420057 0.6365399421200204 0.5963993297583382 0.6175410867898711 0.6552847193560979 0.6439601419726717 0.6271897137612917 0.6604328695316993 0.7211852988835143 0.7381458588847694
