Raster_benchmarking/DGGS/continuous/raster-431.asc
NCOLS 100
NROWS 100
XLLCORNER 1743155.1667835338
YLLCORNER 5469280.365959813
CELLSIZE 10
NODATA_VALUE -9999
[rows 0 to 18 of 100, columns 0 to 42 of 100]
0.12119593734995335 0.11014827213146153 0.11840615135361071 0.12960362023260652 0.1394307801241471 0.20072393284265977 0.25935418658304044 0.20784839121149348 0.18000212662606696 0.1427075579658207 0.14270987829881432 0.17419607722178593 0.16987455833437054 0.15733344797748053 0.16065412320805378 0.1589453268419546 0.17107990810053725 0.17808099244980385 0.12318690076902815 0.14206170752560024 0.08943632518362671 0.13962682145271557 0.16714467397610822 0.18368299071258204 0.1867310745551957 0.18137382036013705 0.14364534920396102 0.12576554749320756 0.1199206014301812 0.10208981775672377 0.12853301196888642 0.13062383421373744 0.10010831691115073 0.08273429631008887 0.03888523092796422 0.04480031293792378 0.014134826005180153 0.028226744894559282 0.02568842319716209 0.04242519918630103 0.02900346834049468 0.044866261200752745 0.05435098917219258
0.13470730849192084 0.14141668545383854 0.11025148987016234 0.1523083800039094 0.15959266899106722 0.16755026578830223 0.16720527677897928 0.15943165445765226 0.16956835217493854 0.14581985948243126 0.16110478318505925 0.17994097515836882 0.16603534859636399 0.1456482180011928 0.11985778658559537 0.14502263154934875 0.1693339943523186 0.14277999897113508 0.14465885126776407 0.12704237467386334 0.10440315961142362 0.12155220287690513 0.12570889684225695 0.1605670928247959 0.14312006033750116 0.1523194777301736 0.1631953205366912 0.12615935117579932 0.15397425864946773 0.15403143678502815 0.1427234499635121 0.08581475667507708 0.04731314387387138 0.06573848329338258 0.0536599397917502 0.01566401371830243 0.008006717719765502 0.0216648533053755 0.051738806797789506 0.03538451114204491 0.009293214728762435 0.04133340379198837 0.06498059575282954
0.16256013575623185 0.15241821197928074 0.10975937848088721 0.14244349911753212 0.17524460830917993 0.17479898128679888 0.14355079661242334 0.1648274721798251 0.1297693378026387 0.16911580238554347 0.15978843783910884 0.174522024492632 0.15938907101226135 0.1237251298913377 0.08017388281666704 0.11504151047997721 0.14379757726809975 0.1637588004980378 0.19087709725608293 0.13674938730305894 0.13288732236506465 0.08208838601114408 0.10087445197040787 0.12869410318770658 0.09677235762077799 0.16691639581499562 0.1784778372145808 0.1740458016334055 0.14195649524636458 0.1282441121239635 0.13745418950107785 0.0659568750768519 0.044113468435172914 0.025964568314019044 0.005802224110270513 0.033146260013144 0.03401971934297977 0.04727424068539227 0.02462112215607092 0.04941953005868975 0.036164368745959324 0.06770535640210339 0.06319527310273826
0.1353929494539658 0.12764279286147065 0.11606124365267201 0.13107299161849473 0.16388712649718484 0.156555731760679 0.13747400522446895 0.14522342676944022 0.12372842399546215 0.15301854945959398 0.1148639789564441 0.1327309911911627 0.11902323218847898 0.08356299436528493 0.05145716115869904 0.10629727567943592 0.14441977327469346 0.18281787579166242 0.18660386960592024 0.1716208038547063 0.10125327523076959 0.07895296414063227 0.09379394537858692 0.09428052826310677 0.08982716948695828 0.1566589176467471 0.17139483957459176 0.1716799016699227 0.15164928733556313 0.13369297690591853 0.1175406459180493 0.08270870586833352 0.07186159279586686 0.019408267840959063 0.00033723772944299857 0.0 0.017563079504394348 0.05194119228407479 0.06134410509218509 0.06036979275016633 0.03474291872307661 0.06084344609350783 0.11876441048147696
0.17513475215781704 0.1528346896710422 0.10876602917021716 0.12475498333751177 0.16338038752596967 0.20140627879913195 0.1996240945401488 0.1520466806631431 0.16533249215114104 0.17040273534707553 0.10835810835915585 0.10334175454430447 0.08987242272028757 0.09760273439756961 0.043372836504404426 0.10596149284243359 0.13007601697722082 0.13888205368938727 0.17993509629768276 0.1250103349103086 0.0937260252020458 0.08270699957942365 0.09947062682834912 0.09165076423448719 0.0865983654360348 0.15509822954052782 0.16306987103007084 0.17111137047064015 0.12934611914604935 0.08307436776853341 0.07942288231936208 0.09191181759005855 0.06784510228167782 0.0443142753755598 0.037394006672983246 0.02460569823126685 0.026013267483741772 0.03745780817938154 0.09824770634361145 0.05576234533304383 0.06023445987772991 0.09441661127766177 0.13902069240545928
0.19363448110392145 0.16025861605491878 0.17006776011612493 0.18971026774683117 0.20273435521048747 0.17771738553766256 0.21137587950697048 0.18220184476099596 0.1693804251776755 0.15323467832238397 0.10072898872793766 0.1119902892987267 0.09623895086069598 0.11357908836407914 0.09428444997861732 0.0710185814178698 0.09281625085547872 0.12225546668857795 0.15126435797217702 0.11043894218507398 0.11384360508975895 0.07825521128743737 0.10470981736375681 0.06492727166384604 0.11549143847681813 0.138832078438612 0.13637931372588735 0.1584076922394009 0.1493847033546098 0.09049066409803286 0.09171796998680634 0.08928453897488026 0.10787198566440644 0.08764605430338472 0.07216998085252246 0.03697583223213788 0.07002696625943719 0.03819469900637381 0.09045250197030204 0.05769731156496015 0.04629365898753434 0.03884523679622753 0.04408866249597391
0.19125208368824625 0.2115837915341588 0.16639699812647854 0.21338913601456994 0.21656489839963938 0.18484276304899333 0.2178601258806632 0.19082561601989767 0.13179275145056488 0.14272243811719723 0.1402208714488175 0.14622873120853486 0.12062832634410316 0.11108379676699512 0.10089540661935754 0.09937416242708545 0.06583183751983347 0.1055908506614238 0.1227224390362533 0.1255694274740651 0.11633509899725554 0.11477164831838058 0.06371466985507046 0.079810898166399 0.06964474400324323 0.1399288700273382 0.15313286828475814 0.13595678044123882 0.15958385674054887 0.13850064390354455 0.08041883084136144 0.07109600342040819 0.0983660137541299 0.06279579496775711 0.05812035082590693 0.0859171744822597 0.08367972157438616 0.06660226945043869 0.05895404824057596 0.04820762956655674 0.03295461985254843 0.049581089358568024 0.035011158443756026
0.20794850373605406 0.2226656753056717 0.23017968997643892 0.22737643574180977 0.2415903957840337 0.2066768802107383 0.2057925319661155 0.21747988099620272 0.18603473071977092 0.13914601173635624 0.13090202575389323 0.10643690364473668 0.15043860288223226 0.12737844256839825 0.10546621438464979 0.10996392211191822 0.08042199661437241 0.09326078637025177 0.14044074563800357 0.13372134213692624 0.09391616591856931 0.09071593357383041 0.07403767243421364 0.052360873827860595 0.06696328498740725 0.10665823680842977 0.11217002422732539 0.1577825694640532 0.10848695098254539 0.12054883557555861 0.1310694289577111 0.1098518388087551 0.08721309748234955 0.08070381971044172 0.08373355206472957 0.09559006937760742 0.08590539380176111 0.05768531611784893 0.05235995186592681 0.0346505376330927 0.024651713937800003 0.03269542022624625 0.05117325396459063
0.24261369618435427 0.23021733096170854 0.21853763747989083 0.24708707697895635 0.22594505583845365 0.22138839533826596 0.23942438954280265 0.19940071961836534 0.17454425032606966 0.1694464529739791 0.12091285847119175 0.13239593937486352 0.14271010373783236 0.1318561651601157 0.08027607799877468 0.1374546244733118 0.15077376190903172 0.11338886715116041 0.1414104487847653 0.11255612709076152 0.09722642937699127 0.07137501978253546 0.07713039101658559 0.06804424212641406 0.08939710517867111 0.12733451205738305 0.10876468855031225 0.10545137536107377 0.10233728851562325 0.108828676086619 0.13657361326726355 0.14499198731299548 0.10743324694765433 0.12108838008779776 0.0732954640840254 0.06308380141407112 0.07546888423485468 0.05529837890706518 0.054181884474747484 0.05918136403253357 0.02911191224339267 0.04280255547305758 0.022878653564389038
0.28185429107681015 0.2851151144458325 0.2555161850260857 0.27808349369179874 0.24605548290363655 0.2195523725932741 0.20280996872909696 0.18978977095362923 0.20602871425656594 0.1796559725170281 0.15282723718384345 0.15144288910686615 0.16652175868106395 0.11553924709897823 0.11459657309679862 0.11074465431697565 0.15593506517841174 0.17949007900462283 0.13817261205330503 0.11898368891202839 0.13033275420206644 0.11742259739840492 0.13172395854400087 0.08592685583795673 0.08594551518758585 0.09852338013939534 0.09926708571079128 0.11634413354266235 0.10345936815453044 0.10881707488559117 0.12260149452776642 0.12006155989060042 0.1320016696847044 0.11992871467656557 0.10398551992011656 0.06386479344238524 0.0940576313614724 0.06728469183575968 0.048775079888584656 0.08186412433684807 0.043307706795061345 0.028017713904164417 0.05576465228452136
0.3070792442027184 0.32919935208035267 0.3034643050098155 0.29210346296976514 0.2587217645557522 0.22089008714486605 0.1954343769990341 0.18407560146966792 0.19260482457531797 0.15677703855435693 0.15939828586130528 0.14568360017010307 0.1913713219518498 0.1304056378015447 0.13976420479433177 0.14058885338226 0.17426091942222702 0.16036364626357222 0.15083092784445806 0.15306174316328494 0.1674643755048412 0.13450691586520422 0.1580586678663685 0.13409992981680366 0.12056375638910002 0.09306954176955523 0.08427118919183504 0.1320274019369757 0.11772672226060467 0.1252933415949873 0.15093273322574138 0.14578214766914432 0.10911997953686793 0.130073831789464 0.10502373061707727 0.08080220657225057 0.09245581988560192 0.11960445659194037 0.09022847569539078 0.05784040634456859 0.04306581362626552 0.04009678549331186 0.06654010138066146
0.346001180074692 0.3318799320287872 0.3589969787955197 0.33151881992625587 0.25302814935518275 0.21904426730192433 0.22457733329366253 0.18190468365774995 0.1593021376558425 0.15848450773280523 0.1322207009269329 0.15273145057396853 0.16033018653913114 0.1821508346561364 0.16355805867867976 0.17840864656213193 0.2061531248000286 0.20401365071680558 0.19436125148500738 0.23851310922256075 0.2418129172229864 0.2016725017571425 0.18496232194906845 0.16184954832704287 0.13408485869402087 0.15374947750371817 0.11987667710249242 0.13571847492292366 0.1396103390475407 0.14493022571606753 0.19948543518634262 0.1570217361999916 0.17404124552488326 0.14937085893341606 0.09175963446809153 0.07037379010688097 0.09017408441716189 0.11716612735010777 0.11804007854400246 0.047635185595118985 0.06603347917497612 0.05122271443026471 0.0468090001700273
0.3830223423050336 0.36595999410298974 0.36736935858024494 0.35355177653376596 0.2912920212247934 0.26583223818078 0.2363408905416593 0.20971531244308267 0.20275216920071332 0.16968004636453904 0.1560108150641997 0.19544695063410694 0.18548145557239193 0.21427892445719238 0.22637402077405724 0.23391060094102095 0.21141488189721022 0.254164555582045 0.29810320329489104 0.251808999898005 0.26382514100860344 0.2330331817215691 0.18770387627572405 0.17150157484274917 0.20374050362573473 0.14627818076923038 0.12809603125183555 0.17099379551341878 0.15513218631397435 0.21798631824134657 0.2494079935724778 0.19580309397868634 0.18656880121789374 0.14724192447717643 0.0897305611321229 0.10369892467519023 0.08219053745123245 0.10883223145724381 0.10333882964746188 0.07693935089747816 0.05018498623825012 0.03182485261878772 0.03533452616614965
0.3634701957984575 0.3613508599535323 0.3390961334599407 0.3355361464414268 0.30458883215648885 0.28898549465883 0.2798227272394407 0.28474038008841085 0.2667443461060038 0.2497003537971033 0.2333113957150887 0.2071467460672183 0.24816382522698222 0.2561350755649905 0.2590600649792425 0.2756193993377658 0.2822682261832982 0.28038332655862136 0.2938416799948298 0.28973969325873256 0.2929807523472915 0.2409242996254062 0.20688340853919268 0.17650580260612214 0.19577334829250198 0.20320131070628014 0.16884501895588486 0.19034583680909353 0.21783092167666354 0.22154094527732915 0.24511579746187717 0.2254340281076521 0.1870900035979028 0.1657145628082622 0.15468367484672663 0.10665224433480383 0.09484433636249004 0.11471319082295044 0.12841337086393942 0.10235029867927126 0.08902425066911397 0.10338575244756723 0.10766663241767233
0.3814942683429828 0.40803355717610673 0.40006881491621366 0.3722944034445429 0.3366459659388717 0.2946926510009398 0.34331883859146556 0.31657006858957987 0.2953239420051249 0.25873708763332903 0.2611289007395493 0.23261190303854115 0.24179193869069115 0.2674818433460809 0.2858048498719945 0.3184484163695353 0.3345623677973133 0.3558145304425263 0.36542310071440026 0.3058978816794595 0.28827410736819864 0.23277460660449686 0.21819137218661364 0.20498988556827547 0.20632141316678052 0.2323639215709877 0.23746983786589593 0.19546248610814243 0.20939803478326613 0.2357477978142386 0.2640705428258123 0.2303135605999368 0.2201777993998845 0.1685411596686669 0.15169028183900216 0.17532218723594992 0.14477587994993438 0.15974776891281456 0.11783996388269007 0.1542409436362507 0.16041157783031784 0.11681683805360152 0.11079983654878987
0.44656312421997174 0.4089318826429526 0.4036262420500742 0.36438155833714225 0.3474543249914024 0.32232998766707593 0.3401137598778269 0.33270177970277265 0.2934430011524079 0.293707018326268 0.29852247844594715 0.278627233240262 0.2635742041275618 0.31118042353545705 0.3247455449639774 0.32917844036245236 0.3321159369188548 0.34160493432608136 0.35531536496626864 0.34357383654791696 0.30671343128343287 0.28561127663672486 0.249185190501453 0.28230911599046943 0.2602767439285187 0.2629452897259746 0.22635294418424573 0.2314157370304889 0.24525674332079775 0.24480738568519822 0.23956096229517873 0.2107075460278066 0.22579454126796636 0.20497579705040558 0.17811279745230962 0.19235950308688546 0.21602763564758326 0.1938711450284662 0.18598114294661588 0.17240794060723408 0.15935936064415848 0.12458171084692693 0.14655135529386595
0.4315646803343476 0.3662730322352478 0.3339491157173502 0.3632595160777763 0.3214911264477482 0.34990814490378847 0.3762368877995493 0.3452323370765036 0.2751423776321013 0.27356611383587304 0.3201504878981974 0.33039899551368906 0.3341843162394992 0.36756980850304605 0.40483149228688087 0.3589599115810703 0.32490598701572604 0.3488026421767826 0.36381941600213935 0.3243692440405332 0.2998827008586026 0.3040667241642343 0.2925890047336894 0.3124855817963131 0.29957740655886994 0.28766276579581834 0.2670413840183826 0.23244996558983952 0.1959859334029688 0.20011426762349815 0.2106818984381048 0.19647890405654406 0.2163530085617217 0.21156765295258834 0.24293791834172815 0.2500310433698727 0.23606048954060022 0.2337267637772909 0.2450625722215721 0.21880323306997124 0.1924211091682708 0.15884471934319896 0.1454876285838777
0.40231119147784317 0.4026195591720366 0.377303187518985 0.3400727777804264 0.33423649966582636 0.324475462797184 0.348576141504552 0.311298223651624 0.2855892651424922 0.29818343453284335 0.3157904065777084 0.3500680624857613 0.35203502474938536 0.3481912278892145 0.3973382725502336 0.36127518106815143 0.35419613426328905 0.33758681609940183 0.32262436720400367 0.3403002630636339 0.3411430947014341 0.31375819501112895 0.31933702957446986 0.29304778919449204 0.30657724449602997 0.3108792586288646 0.277583723465871 0.21781999182669973 0.2075226778501647 0.21357342538253404 0.20473453228710278 0.20893051016963982 0.2306573394349729 0.25475372818015557 0.23782161044646588 0.23842163704415514 0.2608452042744882 0.2613791463537499 0.24797703135202215 0.21278332696251515 0.19975343101471116 0.1647145862686107 0.16002287609637997
0.41397091369102484 0.4267020318049351 0.38146422948107894 0.39417348086569454 0.3674900872473659 0.34972032818363374 0.32139403801756194 0.3325005093018736 0.287780951478746 0.2834855564767764 0.3304341041923656 0.30537974594090894 0.33349618254627966 0.38420080711597665 0.37674993820727826 0.3679567765262507 0.3492129599537059 0.3178080432161735 0.29631869008708106 0.35008981820221097 0.3562545438221932 0.3107114722135423 0.2800550468593917 0.30571516551238126 0.3268329987142953 0.27533672099491574 0.24448684182725827 0.24645499780768373 0.20142773684918136 0.22562632791447274 0.20424880376809218 0.22087835995875776 0.247622426731739 0.26379162003212975 0.22945119001379077 0.2559946277650076 0.2648727387595514 0.264368346095717 0.2631041592457519 0.24237861644862999 0.17459751023725442 0.19950374210993752 0.22748832513795514
