Raster_benchmarking/DGGS/continuous/raster-386.asc
NCOLS 100
NROWS 100
XLLCORNER 1743163.023683909
YLLCORNER 5469296.697423425
CELLSIZE 10
NODATA_VALUE -9999
[rows 19 to 37 of 100, columns 0 to 42 of 100]
0.1250460155032453 0.14439669829337426 0.10408200188589868 0.07779665668241699 0.10759402411513964 0.14323890731730338 0.1555929550103227 0.16518535540726456 0.13996319879165336 0.15825824234938726 0.18705908833313611 0.22367521357753037 0.1911795487824569 0.17525821816501877 0.21651789774612704 0.22296081323771053 0.2338977994863496 0.22894436117028216 0.23647743296405282 0.22175230178713135 0.21267173325763244 0.21732032274330598 0.26510294804978685 0.3036723327941766 0.348589492816635 0.4023136012925749 0.4271488648873193 0.47532371413997504 0.48907955407451803 0.5111877239542798 0.587481769993168 0.6260337175962457 0.6634927903844448 0.7084986349603862 0.701600772876916 0.7018773237133908 0.751103404615909 0.7937629598269087 0.8340999926183607 0.8612561189513306 0.8602415454239867 0.8965755869886742 0.872664762563635
0.13490281629040135 0.10873489413392347 0.15159199865934989 0.1492748365899074 0.12314603129963339 0.13373381504216067 0.14986233181153488 0.13696435698024084 0.13497826604317986 0.14665237888970734 0.16602989131783488 0.23520250033549855 0.17854197813538747 0.20521601718003032 0.22174643186124346 0.22147004008192114 0.21755581121768064 0.2570216656783708 0.23090224773656276 0.19931188044124862 0.18767940702688743 0.22528200239769214 0.24194032067962742 0.3014791741985622 0.3404031465185405 0.38720112989567135 0.3944432127781058 0.46266574803986504 0.49783072017583896 0.49888034698374073 0.5586700228848822 0.63159944079324 0.6570988608109853 0.6868639677558247 0.7100367938698574 0.7147851484773932 0.7609662190371321 0.8180686081629268 0.7904685803689051 0.8238898982200878 0.8464226974348796 0.8928292339335273 0.8918854947041336
0.14943645914711834 0.12298410476871977 0.1306846700135982 0.18225039587897743 0.1653669883773005 0.15432577665271793 0.09993077065858931 0.12413148570935653 0.1432547097079341 0.15560492574589527 0.17625279240845115 0.20249770179375637 0.1644271299756236 0.17161158750243302 0.22712312305401303 0.2579761858708266 0.25119117341682645 0.2679724678078197 0.2534120810898187 0.2362447899573191 0.21927676896450266 0.2659913774788883 0.28235381434917195 0.3297923256573645 0.348147679960084 0.3751147115003798 0.4073017617273929 0.4047521749245685 0.43782537859249115 0.5147099903369095 0.5540030317360874 0.5880324561784758 0.650109359235848 0.655386951179871 0.7021426235643022 0.7358528015426765 0.7489725182089889 0.7801857615775546 0.7954475276251518 0.7829692967880783 0.8283705774152457 0.867449254020809 0.8885674747654216
0.1455304534059876 0.14550590960410084 0.15498046302796145 0.17282537188457078 0.1457907857499411 0.16923270511987223 0.1301627642131841 0.07123668854151427 0.10616223987961687 0.1662623721077566 0.1360276765514854 0.16453622050195046 0.18475090413533835 0.165852376209218 0.20905362012818984 0.26821017827417987 0.27969444677413613 0.2913666296634254 0.27482066879190187 0.2773383054606418 0.27406295950485093 0.27195909352050207 0.2973390643489253 0.2817628472632249 0.3339024808299868 0.39497619905027676 0.380229330422612 0.4139157344571014 0.40875096886989504 0.4603340291127578 0.5473460287146791 0.6133552847986654 0.6463294249566307 0.6623846772157518 0.7040511139835159 0.7778308371704514 0.7431010460575322 0.7975473630015493 0.7918337024102027 0.7778771626007852 0.8333220241208226 0.8814200835820845 0.8577451215975078
0.11725473960405317 0.1599018087048045 0.14595184731007343 0.15873334077917398 0.13933222686919747 0.12386974102140669 0.0965251149310171 0.08433763501557727 0.11451255644000828 0.13618132175782607 0.13283178995599315 0.1296448099404961 0.17791904070894524 0.1986164718140199 0.21042689416923616 0.2133133594086567 0.2526807544830627 0.30607996986019764 0.32615784089747935 0.3079183217425487 0.33871460146031246 0.32299552406924553 0.2938612405124842 0.32601361495342573 0.36517405848577045 0.39682033426475033 0.3782675827933197 0.37595782947820316 0.43094444761054057 0.49136937760452576 0.5315945223742151 0.5764058978949554 0.6083436151412837 0.6312213799959729 0.6849916405093686 0.7127822744126013 0.7578568518349645 0.7510068781733398 0.7677559036362813 0.7712899127506 0.81411490811172 0.8482771236097914 0.8577525616537668
0.12537927675114524 0.1220539683362857 0.13673075020145822 0.1615793347194923 0.1650830118333842 0.16222062545342264 0.13202059615290138 0.08312058748381305 0.09475528815695262 0.12166816988007031 0.1691583623100995 0.1575281646388761 0.13204145664705466 0.1331460607682467 0.1582054934788365 0.20206976017760178 0.2276757577084852 0.2921048829541196 0.34746552036397044 0.3611458031527101 0.37572511628368416 0.3383794630866042 0.3073936611528631 0.3654736572308505 0.3623074365716881 0.33913241095162955 0.34168015939279794 0.36884042333211275 0.41506355958733476 0.4720604949581721 0.530191087793043 0.6017339024954431 0.6214416078408626 0.6228705384996374 0.67952788459586 0.7359728233375604 0.7180095979868987 0.732558005896823 0.7642136111406138 0.7751071920670826 0.7762820304319811 0.8387678492363223 0.8171396232684974
0.10086872864600055 0.1175378544720601 0.14020254786686936 0.17857505824198738 0.1755915858998274 0.15437241646227667 0.14104110151033636 0.116363447955773 0.142661765600305 0.14471960065992404 0.149987926313155 0.14014409610377684 0.11117947491047098 0.10269505331776199 0.13558258128110304 0.17838162057880572 0.245969967847916 0.2682611367989681 0.32442616320403667 0.366983321011556 0.36264205705042 0.3474406534990001 0.3270630010649209 0.33857319690609483 0.384099053290863 0.3412835277773828 0.3624721374156138 0.37207211566075105 0.4171630334236852 0.45979056001764074 0.5399857090342169 0.5667536031848177 0.5833427059574455 0.6303040157077019 0.6655874792970325 0.7275565691222382 0.742578821751765 0.7373870617346211 0.7299906925241557 0.7533665374461944 0.7834784207928739 0.8160972831611601 0.8169920300373473
0.12975427070897633 0.1317100187575087 0.13476792853487857 0.16151025890502224 0.1799883351128041 0.16407881698089602 0.18204146216629583 0.14745079336656342 0.17205335617308898 0.17288394401686916 0.1616437931588565 0.09071653557597571 0.137140830260456 0.12241711710512809 0.11650677903414464 0.15781578900057008 0.2024688654210092 0.262246582668349 0.33187855742452793 0.3458072150015238 0.34604328388951905 0.29984843788524007 0.2956302406340123 0.37247800160049943 0.3727714429981588 0.3798429063976949 0.4144612690183412 0.4162974522039248 0.4619473178285621 0.5156878424285649 0.54468903965347 0.5546721796339997 0.6122211479810585 0.6458118123453388 0.6844576593476231 0.7009328295876973 0.6897371471837778 0.7126488524825875 0.7256820031575228 0.686507539509139 0.7373210804117774 0.8244483145743993 0.8536920117248912
0.13122690004348875 0.13930528981936058 0.18073229281295305 0.1591274270452765 0.17151497203812563 0.19953499992179427 0.1717258119627197 0.16761446389943405 0.1702987361984532 0.16145816928724735 0.14143452140033286 0.11154825357414254 0.11375973019775748 0.15278572371287116 0.15701589619837528 0.18372024305845921 0.2298156180348187 0.30841913601734916 0.3420325869240803 0.3082458171893835 0.30622407357737375 0.30975786526284804 0.2987220059359364 0.3260690748652846 0.3393197002449476 0.3946741320078078 0.40691638466820157 0.4265121706804192 0.4332806702179714 0.45844426498452545 0.5252121044075112 0.5742111966110628 0.5928070775175721 0.6442097015908299 0.6612330402500468 0.6844768352363056 0.6714873414091127 0.6773076356775898 0.705696239110599 0.750721486980629 0.7402850180001435 0.7918980228201273 0.8231911202509086
0.14175516980594452 0.18301263937529388 0.19839287532918903 0.18502772321132135 0.2042644893268416 0.261546469822624 0.2198490951730922 0.21260247389684178 0.19659685534307933 0.18844457398697295 0.20702310553825665 0.15551149760903998 0.15500644145016604 0.15005376064365217 0.1694964414068018 0.19001152704052168 0.22219791120467933 0.3077812786287223 0.3095748063672221 0.344886219669968 0.31403826658479983 0.3053456705352354 0.3110953938530361 0.32571918655687493 0.31027989971674097 0.34360839982296815 0.3655063303580028 0.42392621448477835 0.4030340752519114 0.4454801327403398 0.4906993507656619 0.5648784533825266 0.5907243535174811 0.6642624791635349 0.6463933076864729 0.6477716428850001 0.6721692529450229 0.7219407775324319 0.7157565194209001 0.7632775383761647 0.7516541189578017 0.7741814491256785 0.7547333753572466
0.15592091973654623 0.20556671017567477 0.24877920789702326 0.2621741888496177 0.2681289705051807 0.2687822594989803 0.27682753853202763 0.2501501003228696 0.2581885663263348 0.21043301256473387 0.22670742465544516 0.2151209964474799 0.17709325075299748 0.18200855787730263 0.19554928402888944 0.2279643864673022 0.24970139941420527 0.2913733512693204 0.31129960354624414 0.3084835797231299 0.2943997729952004 0.3191263215460554 0.3093601933471692 0.3160497857796444 0.3404824528139824 0.35441588035682614 0.3776778702283399 0.40806058511779336 0.39472602167591153 0.4393210879914947 0.49187991487638066 0.569900661257235 0.607487973573921 0.6100304092387547 0.6291725202382054 0.6738969738968538 0.6950804762730818 0.7112355393718808 0.7410756420788408 0.7670297977847229 0.7496469148548738 0.752636319328604 0.7494503803075204
0.16955671074532214 0.2076700489110124 0.2945487322811106 0.3167261945461256 0.3146692157748386 0.31065186006356504 0.31529422298245824 0.2943858432613769 0.25141747552515237 0.22683473483252498 0.2527694046572293 0.23914811011388223 0.24982238708111548 0.2609772799200736 0.2550049073289743 0.24672447728886032 0.24284652262639508 0.2507456334861035 0.27830514910185894 0.2990196488168763 0.325061623289402 0.3377363270349078 0.3410334592411169 0.33212056303588705 0.33127014160088564 0.34314332217375576 0.3957601294940517 0.3920064409268134 0.41173064966265477 0.4302730977041738 0.49803116172235773 0.5317034729010303 0.5877508299365254 0.6319814893151952 0.6414690478801678 0.6847170865070064 0.7189684919950389 0.7281714391815871 0.7009973844694858 0.7014760795770811 0.7310945969811923 0.7064264545350935 0.7130468589865296
0.233406595006614 0.27913918917726194 0.28931943332871873 0.2747908048347112 0.2892688188192372 0.29886369478816666 0.31010466839032624 0.2706316456346082 0.25297248082342855 0.24895135134638385 0.26497460836461617 0.2632566082478838 0.2933991857982614 0.2740526122568501 0.2542995962748776 0.23516573267964017 0.2787131030654187 0.29031380404668133 0.2718707244774114 0.3194142702213094 0.3136979972707445 0.30135103469336805 0.31057239539377 0.3600277753199907 0.3591269336346452 0.3984426322779678 0.36635304834345633 0.38997531777257594 0.4231206741039487 0.48118677148269334 0.500353714123683 0.5525818206943216 0.5465647619609684 0.6019336781275222 0.6231185158948039 0.6301943618358529 0.6650443896969199 0.7088628950534964 0.7141491655375544 0.6660563119448395 0.6817631278536368 0.7095140669132611 0.7211351315294822
0.2581924968815771 0.30797788810113824 0.26660862316375544 0.2833971468188942 0.288231969109106 0.28424867381336716 0.277765998609291 0.290845048758183 0.27775532266594843 0.24672718157654186 0.2639788140771243 0.2698978481445691 0.30155864414717737 0.29712446338840076 0.286329778108649 0.26034947845656636 0.28819208795019796 0.3116097465287997 0.25328746691989834 0.2809102339677896 0.268191300769301 0.29674260051665685 0.3325196802658331 0.3745805967799318 0.38304492031591597 0.41098310631067697 0.43766714906087256 0.42368932176699287 0.48429638649756074 0.505173171927292 0.49648385973888326 0.561647082212419 0.5764112825358952 0.5733579426496389 0.5780545071763963 0.618269806909483 0.6317408013687711 0.6499508497742696 0.6891071502048141 0.6700875239453701 0.7024396624494856 0.6792468537621509 0.7052128518420339
0.2602771804771786 0.2643278123821496 0.27509092634946053 0.28079536593001664 0.3263189364070476 0.3163833357801645 0.29357735801636964 0.2777169499351793 0.28109825704490293 0.26252584532822826 0.2517202003343872 0.2849882080420913 0.30840321833435463 0.2755032882295915 0.2655514408564864 0.3013809947499095 0.30344759626042267 0.26903404481937665 0.2635481422311511 0.3023998260373284 0.2855298102251371 0.3099187811038347 0.3347903520810167 0.36392379070840486 0.38285928578216016 0.45628750819258745 0.45557290280326534 0.5100673450976778 0.511148334826018 0.5172769480232882 0.5234086704163247 0.5430436672181264 0.5810209562645843 0.5596467198245221 0.5932130165152762 0.59942640461158 0.6188565175071891 0.6423864466669339 0.6742130967229243 0.6924688439907981 0.6651515525638682 0.6806310632424573 0.7182943813347725
0.27604968981908695 0.26689765161112344 0.30898654000975256 0.3510560097167725 0.3565882746333259 0.34141098988219015 0.3401730828663405 0.3513190010146275 0.3178958386641136 0.30899278321436363 0.28661552188486145 0.25340662867554853 0.29966576593459787 0.3309946269676381 0.2969868072732552 0.26897279554784737 0.2738869326150673 0.2641446773605923 0.2691690877718062 0.29277625432609017 0.28822062090188655 0.32029663241221107 0.3381126962716534 0.3646561554148335 0.3994475821171263 0.4763390646172346 0.4979101259764518 0.5722038706907042 0.5598181142607841 0.540773727313357 0.5628097121334508 0.5977752089527784 0.5908790457162111 0.538912330350594 0.5561524207146927 0.5628046780125762 0.599075035687944 0.6107597833398792 0.6347223740984305 0.667966315015266 0.6743813096254793 0.6602921539981838 0.6970358552900153
0.27600731986883803 0.2672256746748973 0.3387742261587127 0.3677229478303029 0.3859675474824581 0.39609684551982854 0.38357337821975646 0.37163033574268745 0.30756699959730993 0.3051239724938503 0.28719702079020504 0.2962283399256777 0.30709331958155145 0.32037986642575683 0.30488631836061914 0.31627776489028175 0.2903410925902356 0.2692404738714104 0.30620859489266766 0.3058693948279702 0.31640117340205914 0.31942153981433574 0.35836120980339004 0.3963468005646909 0.4198981658421033 0.4809816566321891 0.5292459907987578 0.5756260241405415 0.5651282380342223 0.5499629025432016 0.5492162844131675 0.5783062027216522 0.5491777861931029 0.5377988783067349 0.5316600504279501 0.5262406038558779 0.570260253526338 0.5522690259266587 0.6195534025083943 0.6057530750779743 0.6493463740272626 0.6812684482068737 0.6609893368893509
0.3161021318649708 0.29884920029126466 0.37230263801490165 0.40679987887562746 0.3976345773283307 0.41694695996428816 0.36497028804137527 0.3517542598285917 0.3074905352231228 0.3268023541051817 0.3076736027403532 0.3018904917297924 0.32090682391628234 0.3365235352177391 0.32815646750557925 0.3170490323842166 0.30496268031440255 0.3084275383839439 0.3226100654261073 0.335340127101629 0.3431715038481631 0.3858451317344341 0.36362224345953126 0.39034851447186425 0.43644592028145357 0.5216512674756476 0.559728763272744 0.5386431122867739 0.539940360197634 0.5273847675208557 0.5396842092627696 0.5482626530463378 0.5037716875326833 0.5161165131672569 0.5366943055167286 0.5138830726906405 0.5062578290617009 0.5147507925028998 0.5456812012214352 0.5820859462999676 0.6123583302095851 0.6705613078400113 0.639563738561793
0.32517380387917405 0.30765851033056585 0.3611617720975316 0.41580810686421066 0.39175860826872283 0.4285996978529268 0.3882205855942519 0.3727339603103907 0.33710946111115514 0.35157870349215725 0.3792966059169168 0.3634856375263959 0.3426234263360195 0.34992351808605815 0.36660596439529286 0.3569852850490809 0.3875921718854815 0.35455638384790705 0.3853287713643846 0.3567793420776125 0.3968273436461803 0.43566468397969826 0.40018243102544276 0.4295163001747096 0.47300742945141067 0.5246289555871679 0.5467844703839017 0.5560109783738204 0.5478192013109991 0.5170966452292994 0.5491062675705589 0.5102323552867923 0.49779586366082423 0.5255702730758933 0.5198840321447102 0.4884420482146022 0.4778351386471396 0.4989134957849498 0.5083073318708656 0.5789646981364004 0.5986772161279339 0.6274075336356888 0.667416066966951
