Raster_benchmarking/DGGS/continuous/raster-191.asc
NCOLS 100
NROWS 100
XLLCORNER 1743159.4923980036
YLLCORNER 5469291.396932054
CELLSIZE 10
NODATA_VALUE -9999
[rows 76 to 94 of 100, columns 0 to 42 of 100]
0.543461103277488 0.5049460336950874 0.4784069137250458 0.5185146302757442 0.5198814117420982 0.5481747925787857 0.5512690827655293 0.5879729559923196 0.6091763912028074 0.6225478340208936 0.6342327553935025 0.6648339928962295 0.6758584052591229 0.6725836839662137 0.718507162155706 0.717642312091936 0.7387898808001809 0.7380825547294713 0.7148081639912898 0.7399706495857848 0.7272744713006922 0.7337030925076834 0.7162669758998522 0.7693326438948281 0.8123921940191119 0.83874142116546 0.8849353712642171 0.8611123903621456 0.8564124709613647 0.8154061858439305 0.8155224095970162 0.850730372072679 0.8217888163164775 0.7869504761357077 0.771159028711682 0.7700736367319416 0.8166047776456987 0.7734487650379482 0.7822977435413403 0.7394095239083011 0.7543991939217837 0.6828694184612375 0.6630807591482323
0.5495048874471856 0.5151773698905106 0.49289883186689437 0.47708124447263955 0.5373420928593878 0.5499403708933929 0.571475122588512 0.6155359578907521 0.6395034450639584 0.6584523872425471 0.6163993984075602 0.6021783357674025 0.6435208627173447 0.6899537885470375 0.7057586754320012 0.7226103268719352 0.7255448439633654 0.7208132842198248 0.7407784395479903 0.7555486916713384 0.7498165842795935 0.7404865481746123 0.7264904382296815 0.7556218479471222 0.7905378777353579 0.8333415539961566 0.8801970898811544 0.9031029628531234 0.8970059929488603 0.9012689299452391 0.8859236063308334 0.8543894049112873 0.8371168356585618 0.8302905680779912 0.7861164225068193 0.7999433618691926 0.8515203168156341 0.8201822605669743 0.8028788016622476 0.793579126916748 0.7693011259939617 0.7352623467436934 0.6901729242813697
0.5299021266582676 0.500061453467766 0.5059806739232527 0.47846225004854825 0.5283192724063814 0.5491766674569265 0.5585905275824615 0.5826483937171419 0.6111331570830763 0.6458471538472041 0.6295879320248978 0.5806344360892051 0.6304989494287463 0.6876782242913984 0.671863320367134 0.6814472856353363 0.7258445663578482 0.7567565114647684 0.7692343016440747 0.7541283489092497 0.7650550500978425 0.810417803892104 0.7727121694409176 0.772639595321308 0.7856758419983183 0.8265326313756997 0.8690687489241704 0.8977852316094133 0.8976039064404814 0.8642746224871765 0.8831512885285745 0.8856166918329198 0.871607297458898 0.868524942904362 0.8075754798168683 0.815063083342377 0.8605287917864667 0.8153129789441478 0.8098987949201537 0.8463537182041421 0.8252934408863049 0.7924022432238595 0.7364676924887361
0.49723768299910337 0.47307287333046 0.4897694506154802 0.4472052751108896 0.4933306819932456 0.5251591367747557 0.552910691333022 0.59669426009006 0.6031217282175818 0.6272203174072218 0.606174352047366 0.5680023028730153 0.6423777853068446 0.6710766032947467 0.6914936966431194 0.6686258806119824 0.7147269974465014 0.742769223010207 0.7840123278029266 0.7916114351185617 0.8148724389184604 0.8491820626604127 0.8148139913787913 0.809965943721376 0.8003867655694937 0.8207941310055951 0.8637271820986575 0.8613682123293458 0.8835607284967957 0.8926932297791011 0.8692218529546258 0.8679479587857761 0.8666274358302841 0.856812564486672 0.8336638918902718 0.8637840847631839 0.8668169456185237 0.8557711922892782 0.8467417602310146 0.8647555753423056 0.8550600881582708 0.818101261697877 0.8048494988848482
0.4625355199153147 0.4476139899257131 0.4500937599347362 0.4507737527460029 0.47371612669086305 0.510117650034143 0.5765071158212574 0.5835195883651684 0.5667858701357622 0.6117400658015404 0.6119889213826053 0.6087438992362313 0.6056280862581306 0.6191395720072949 0.6338727203489412 0.6442103866010016 0.6901378568753734 0.762866018944561 0.8025962722708871 0.834732606016786 0.8336553687033951 0.8461557528943934 0.8346348907075013 0.8063695114065444 0.8209910401906626 0.8086630854693344 0.8252102573124923 0.8522489311678922 0.8768849626519614 0.87579103015249 0.9058199000441557 0.8886924752322649 0.8822661480821171 0.866169790960145 0.855701672910746 0.8504812287786981 0.8456528227392762 0.867919975556728 0.8563672178642127 0.9111644115467321 0.8974354478910967 0.8800445320356528 0.8244862030089121
0.5030576773247223 0.4571423864231228 0.4913504398401703 0.5075523339753346 0.5047034955032682 0.5317485180581005 0.5811337062825134 0.5370966401998237 0.5845116941111167 0.5814157527633528 0.5910164140025409 0.5657431572239087 0.619346834054251 0.5948407477133799 0.6388617405291936 0.6099731750198714 0.6838731619803421 0.7505490459927509 0.7906403679905858 0.8078410463240573 0.8534778455119552 0.8358114873715374 0.877347903348314 0.8726111779185582 0.8519432563084591 0.8289886143467762 0.8800074678052122 0.9041067647380289 0.9003330012637129 0.9351073928133681 0.9416097438662934 0.9638850487273474 0.9194486175334546 0.8509084969469488 0.873228768659414 0.8467209600945169 0.8885331313761639 0.9180833176077885 0.8870533854394693 0.9081768623375774 0.9042232233497476 0.9031209975052913 0.8425707796394579
0.50858949300411 0.5137983985846569 0.5104069694381825 0.5434954200637482 0.5047024288436377 0.5263462266602228 0.5683579012036493 0.5585073707935287 0.5893120398327581 0.6066020972093066 0.6026028079032882 0.619877641936905 0.6485892989255989 0.6625281589240667 0.6371380655067974 0.6655813328020647 0.7510361815315499 0.7848211326170164 0.8020269554822949 0.8753681008338755 0.8845086626463624 0.8469635278175416 0.8954189108133718 0.8901417678114143 0.8682886989493723 0.8452408543596652 0.8741337165563392 0.8933523221707461 0.918692320752748 0.8865722901075107 0.9227271553334025 0.9230096732632307 0.889970377035123 0.8416716501399186 0.856978748385736 0.8411431374670327 0.8764100472873531 0.8983511598598815 0.8970999639435651 0.9409986722553698 0.9141451482478136 0.9042304330315406 0.8517974778504795
0.527177501431291 0.5016676354562875 0.5214863401925733 0.555782111094633 0.5693871170261787 0.5378375845621327 0.5449401078380504 0.6022112521467596 0.6323028608223823 0.6773659973753046 0.6562231734409487 0.6994680563129597 0.7042025252666616 0.6931238390297142 0.6832961789627297 0.7508954729133083 0.7580362846641803 0.7975944113831305 0.8386151099591338 0.8973190570323861 0.8739523824804124 0.8905596424872375 0.8956240610854007 0.9505555657573428 0.9012257207372452 0.9115529217426099 0.8886798970818376 0.928733127596652 0.8949405702981842 0.8632728128305712 0.8651801462985124 0.848632407010668 0.8876759509885669 0.8591921555567993 0.8292581639029633 0.8465635770950003 0.9037399848248687 0.9267965617644837 0.9110637906554266 0.939673568089089 0.8817273732680166 0.8901594497754385 0.855435216175084
0.5091418468812232 0.5231817017257491 0.5495917612247319 0.5553158781029773 0.5682289436024848 0.5551407149621121 0.58685142028579 0.6239322796179825 0.674286815790009 0.7183661812348411 0.7050354050509636 0.7326580021077155 0.7502076300993645 0.7272475863793082 0.7595350799718134 0.8035947847722389 0.8149183758169758 0.8353102348351832 0.8348847123930505 0.855157619690151 0.9019297202226805 0.8985099407698443 0.9105085091989059 0.9476147448358475 0.903051672596858 0.9030456128244343 0.8711987035255098 0.8836099970320129 0.893119601782844 0.8599498255875644 0.8686998813247025 0.872371050044145 0.8461502356978972 0.8612310020342849 0.8710974518675814 0.8380082645072235 0.8790389687249892 0.9577968845858429 0.965046135692597 0.9089285778318688 0.8820537851558736 0.8497794661614043 0.8649921971768236
0.5421688974182666 0.5568153585202419 0.5356127869259111 0.5138689591246719 0.5213910538029756 0.5576309027913776 0.6467581737694185 0.7076799184572414 0.7148943517373317 0.7144635453662854 0.7389007828591337 0.7438378095133307 0.7767254863163421 0.8239367680969037 0.7979045296857323 0.8226815923077664 0.8751270866115302 0.8601629156602489 0.8485412300433555 0.9037331631045066 0.8990273411933228 0.8921767813163421 0.9350832390159206 0.9303529721243953 0.8687288657695749 0.8639508993008005 0.8967908240113884 0.8388090464538155 0.8694464760537894 0.82336817340937 0.852911399346668 0.9001109041961268 0.8958885155949957 0.8871765217081055 0.8835382871886273 0.8554940989431243 0.8839194939907724 0.946185689578013 0.940364735610164 0.9478613903752744 0.9024370452616272 0.858067819499411 0.8752674285033891
0.6188965012612575 0.5619058423009361 0.5395278837350186 0.5171711194902067 0.5648533005767533 0.5907272814522254 0.6339360684414668 0.7072200602685159 0.7350151576687529 0.7629683188065389 0.7540972271806266 0.7823396326993151 0.8097307897384419 0.8145869512146064 0.8292274012984002 0.8345578077897469 0.8863362567211013 0.904056683409318 0.898387752758765 0.9124287440047376 0.9045032129782192 0.9451369652263409 0.9138093658526141 0.9242060550967697 0.8962635006140579 0.8842952652635246 0.9099291854302498 0.8854163108818425 0.8523636053522445 0.8793330804766324 0.870627864988704 0.89372928973742 0.8493956358623489 0.8372461449964411 0.8487146751445184 0.8411877854762224 0.8853132796011899 0.9205483357855232 0.9236164905484474 0.9003891723116694 0.9118744554430857 0.8649963544795914 0.8552152256286609
0.6441339088725672 0.6391481528752558 0.5652401889339542 0.5672621771368922 0.6232621141404794 0.6463773572564244 0.6758660832406062 0.7054235715620644 0.7101428028091605 0.7597542445776466 0.8027357945978236 0.8120720121847005 0.8265045742768277 0.8341367071892289 0.8426882386841675 0.8755883844886934 0.8698563395653108 0.8751586095663979 0.9093575895194256 0.9667445532367945 0.9801581235977789 0.9740933248035071 0.9356280976742076 0.9297440855817718 0.9131717897277688 0.9608486448314775 0.9453096521080907 0.9069087868007286 0.8673115792097862 0.8845722158656483 0.9095584248373111 0.8850987990283491 0.8699642933342481 0.8475544064277061 0.8322088956988001 0.8354712176022138 0.8685860287695191 0.8531677069002029 0.8681513903574237 0.8572832450972048 0.886985459009478 0.8627659153483955 0.8236249769002244
0.6660084827704666 0.6751920419362089 0.6236882876805062 0.6100529897413802 0.6351743377594323 0.6365696891244119 0.6646003487217615 0.6969760564439896 0.724698200661591 0.7715874639548126 0.7792072638868802 0.8278729070568991 0.8120814090753634 0.8344781303868448 0.8200946990485308 0.8638954452122185 0.8344081929136068 0.864648065001578 0.8948988914854858 0.9680491873658956 1.0 0.9765272475821295 0.9569545874660299 0.9550244998181738 0.956770721054635 0.9399875878487778 0.9148727590609174 0.8950291448483864 0.9055187254834606 0.8948762204330726 0.9037440698335575 0.8607328009796451 0.8736233485093816 0.9036086226824269 0.890366253897017 0.900394618719644 0.8657677913693094 0.8780924802574034 0.8749600589882764 0.8356463589566189 0.8195838015889598 0.833962372679682 0.780789725583607
0.6773834250318874 0.6892121922581552 0.6480630338612576 0.6677580454296655 0.6936601088600448 0.7047515870278812 0.7103542563846773 0.7081543362334797 0.6997944337722759 0.7327596081110151 0.7542045484158297 0.827434934030236 0.832491404148997 0.7892462790780754 0.811014946447151 0.8296123934654274 0.8522703866949953 0.8436480806318228 0.9069892532605973 0.9937608848755277 0.9489168383025345 0.9607950428280856 0.9557611876514306 0.9761493127968546 0.9334732227417576 0.922702734208443 0.917161580054492 0.9391717742475366 0.9266610975573153 0.8862500281213428 0.8601177855006319 0.8515962903874396 0.8492909625578946 0.9045476639243406 0.9196672988055208 0.9238685212935793 0.9149732352781876 0.9020954569905215 0.8402585631049238 0.8326132640530763 0.8039338149690208 0.7935068567298904 0.7890673541183967
0.7049782297105571 0.7359610478036601 0.7147123378118166 0.7075973441730113 0.6859157603815934 0.6915099363327726 0.7453912396971266 0.7124656892642531 0.7468660746044188 0.7842508831507192 0.7898644259901235 0.7818022537452186 0.8035997690378724 0.8232817903879645 0.8083321329952547 0.8166897374330082 0.8353814359161092 0.8627538990898809 0.8990426551358693 0.953266662773274 0.9504873748966401 0.9441549295958911 0.9870597449908625 0.9773391095981775 0.939936095440412 0.9559935104352298 0.9406155662232643 0.9484002369230298 0.9179447514318456 0.9133798794293612 0.9204369686525294 0.8943591496684952 0.8886747600821097 0.9074487508523575 0.8981278978776562 0.8672498553908795 0.8618274983920339 0.8914203133688816 0.8626465263468599 0.8400783708703566 0.8026589038178975 0.8157562430362776 0.7754169440736179
0.7499062942859342 0.7392121939692875 0.7091384353210811 0.7248225242479371 0.7465326655795671 0.7080166109933682 0.7545583381086365 0.7505363670935031 0.7491410847679092 0.762102816972366 0.8126713743406586 0.7949201364208826 0.8182956892890322 0.7846299642720619 0.8194726406263083 0.87437715814239 0.8411209155481071 0.8816905229997045 0.8850151611443392 0.9226227689048216 0.9484669582904018 0.9770213328854755 0.9588987628659639 0.9957579363651845 0.9208942418444008 0.9070538620477807 0.9353206134996016 0.8806902908465258 0.8896615859862584 0.9164118474322702 0.9479737970121946 0.9169164428864257 0.8899822377843183 0.917086641733748 0.9044374314595518 0.8950717476916894 0.8507114624528576 0.8465428268461319 0.8442948036713187 0.7936507528697158 0.7794517214468941 0.8117636804509096 0.7758698918287457
0.733353864965038 0.7513416228424445 0.7583248990540293 0.7351852151739027 0.7458862803662621 0.7579579969434567 0.7714186683240937 0.7825752834505794 0.7774027724310172 0.7672429566080319 0.7989968339643415 0.8207237519301955 0.8087665860526377 0.7968572152791629 0.8208211106472443 0.8323823515486714 0.8610189665955357 0.8783782321622312 0.9035808893738277 0.9304573476856832 0.9327770353722213 0.9819274597349584 0.9399595081462587 0.958766952090658 0.9181120177685002 0.9271987532056751 0.891821313215784 0.8750132018304829 0.9019134214722145 0.9179463972499052 0.9450516410959954 0.9425036873147806 0.9100427542926653 0.8948571993375333 0.8911163695531482 0.8842576990638986 0.8848963970133318 0.8161136661559719 0.7948620814238969 0.8134096342532536 0.7983985968421977 0.7670250457504089 0.781512280047868
0.7438749838043031 0.7820881142268137 0.737091060103982 0.7383636110137884 0.7582770808581187 0.7907068567280958 0.7968812786496409 0.8728704407450046 0.835661294632992 0.8215103918896296 0.8528356321791415 0.8314440007514619 0.8263224174724171 0.8259949404264436 0.8182307867758591 0.8028941534641157 0.8662453951001748 0.8765884523081807 0.9274237282415015 0.9416161093948698 0.9610367640290722 0.9688756625363477 0.9544484190739538 0.9400113475235905 0.9505907240038675 0.9285409231981316 0.9108991490497573 0.8896524493160076 0.8905025141892379 0.9671067179440639 0.9356545970302926 0.966010235604299 0.9151527736658354 0.891963744164835 0.9227413411565624 0.8845277160873276 0.8942652397097051 0.8599817837861132 0.783101426435245 0.7619651987593836 0.8023116228140851 0.7700580769043257 0.7688634378638715
0.7836741812208431 0.8106528936806804 0.7783191991569856 0.8082763037315077 0.806693134171564 0.7946604801567986 0.8519389008872573 0.8697471105600711 0.8825363909524451 0.8718392817815036 0.8726282215308496 0.8340845476390403 0.8479794898152493 0.882279633139213 0.8514458071796415 0.8700437155812435 0.8779685523923094 0.9172024549061962 0.9201592506033012 0.906211445157723 0.9136774567826034 0.9366280996971262 0.9406811230632197 0.9501046222455709 0.9075229885700428 0.9173140443179397 0.9009318121696647 0.8795168983870711 0.9141526727221496 0.9399740271686761 0.9784543321107559 0.9786690915145011 0.9567926977460375 0.9386784473468298 0.9041722070976724 0.9015629176981165 0.8769906595386935 0.8095066859106672 0.8013495674308774 0.7908830525947897 0.7877802116872955 0.7599304890640012 0.7752492065432903
