Raster_benchmarking/DGGS/continuous/raster-338.asc
NCOLS 100
NROWS 100
XLLCORNER 1743164.1828602129
YLLCORNER 5469296.536904794
CELLSIZE 10
NODATA_VALUE -9999
[rows 0 to 18 of 100, columns 0 to 42 of 100]
0.012983811705035408 0.008833663383749872 0.0 0.025835994828188963 0.03643490769161326 0.02684141781257857 0.050327154917828354 0.0888441382252453 0.1020472646065959 0.11527468883789362 0.11222995810784425 0.11340339131798502 0.12900969902579196 0.18079308391653354 0.20302253278492094 0.201188178790905 0.23370519103930273 0.23452296177653445 0.2486061315638721 0.24170993660296242 0.2576165988337539 0.288110730145941 0.27024342816067054 0.25447690388420624 0.2701562131005291 0.2850697983351512 0.2803150327811648 0.2589222297266843 0.2755649470215102 0.2749864222336259 0.2984082951529717 0.2775699573462633 0.3090711751852802 0.3484629665999807 0.358319147366585 0.3830742956517078 0.4243839041149172 0.4479417866355745 0.4617226445972143 0.4392835437371358 0.4472335653849597 0.4581813236469599 0.4528321714382895
0.04621616244081374 0.025693129270879266 0.04136518819060683 0.03612323018325652 0.05096446879255666 0.03911023701612861 0.04649362385243605 0.0814616675506124 0.10781897266431167 0.12151666628719938 0.12523390292280442 0.13890363643186696 0.14228855706166296 0.1720201623357028 0.1957777346957254 0.19991130161378598 0.2187020630465999 0.21803046755002334 0.233542632325763 0.24393579140656058 0.2552666318038321 0.2776223600200416 0.27559732742482224 0.2647300217127645 0.2868351377182305 0.2948520937213693 0.28087265164196784 0.2738031357081876 0.27377706242914535 0.2856198399850273 0.2777548516324625 0.2770858683151346 0.31080532943914363 0.35179758944434786 0.3694095961469895 0.37927739512847886 0.4172726864781303 0.4527592131124181 0.4378806067944247 0.45506285823144693 0.45389000767411475 0.4311768057313193 0.461000222200456
0.07607148278849507 0.05837196923690401 0.06879712069927052 0.05114365873150038 0.07207626770044255 0.06388651306457732 0.08514157887241974 0.10799395868426169 0.1135725998268888 0.12770589931075463 0.1314619813947182 0.15808791134151873 0.15445321462825848 0.14586700392984647 0.16954821959598668 0.1944808667865747 0.21605011502763394 0.2223198458406855 0.23553906509478004 0.2518363353868439 0.28368006022279846 0.2541813170701684 0.2575375456843323 0.2572230675158437 0.27788328022318615 0.2881798548684035 0.2762464822674726 0.2792405567275116 0.2847316008496922 0.2737047844997193 0.27197677550273025 0.29449356974969076 0.32355505434809156 0.33593730931416704 0.3359041928853509 0.3501208848598672 0.3846822418296764 0.4170246959506985 0.4414962164567633 0.4484662620574733 0.4650101620330664 0.4546055913341102 0.4541701702377142
0.07699715860262427 0.08249767622122597 0.10051302273029059 0.08829467268385094 0.08314478937485578 0.07004359105934692 0.09168606828023061 0.10888426977394569 0.11132359142770167 0.0945768690868127 0.13280663950542093 0.13837179254187712 0.14892576919570413 0.15941407096044224 0.1642142650692254 0.18023222784952586 0.23223498662266648 0.262189341496361 0.23339579547580766 0.26902709887230214 0.28455382986151306 0.27401478946502333 0.2780425926714241 0.2880349904444886 0.2749447923076617 0.2991363228745785 0.27260993324766164 0.3023795514194644 0.2802721265948074 0.2795236963050445 0.2945331067576693 0.3075110771009546 0.2931799992054073 0.28860459778983844 0.3253408411692039 0.3346376761837589 0.36784205869824765 0.41013377688634406 0.4254092526385982 0.4475771869890876 0.44915334092133524 0.4718906102640128 0.4772889647887469
0.0953703895158064 0.0933156772602731 0.08902358751103341 0.08392565280470447 0.0841796488442435 0.06336947556487393 0.09390666946380229 0.08325980205827967 0.11637055505974352 0.10876248952360289 0.1215680739007907 0.11714737159659591 0.13463446866321482 0.15201704649482894 0.1540858001811887 0.16145025117625053 0.19432283843943338 0.22766717945482218 0.220139065802833 0.2562745429111654 0.2673085845319411 0.2568221287871597 0.25355131461655084 0.2753377558868845 0.27746534283852875 0.2934295730178946 0.2736429385892396 0.28560501595099336 0.25618362506317743 0.27788640987773633 0.26078417753841476 0.2675110865168794 0.2861503882167412 0.30617413245880376 0.30422586368190474 0.34566012655011846 0.3462223766547524 0.38162963201134725 0.39859209530630646 0.4150643177585723 0.44353200247203295 0.44804759446451775 0.46816327422205745
0.11982326728813215 0.12247929401734917 0.108913272715932 0.10811339372380539 0.07165906149475253 0.07907348755635739 0.08898524302065797 0.07797246616951778 0.10463895125575895 0.10915264941717105 0.1123027206081159 0.1347109539908654 0.14588074741404017 0.14931318118047981 0.16425107415305867 0.1654822060212832 0.18293875178913016 0.20018191335259197 0.1924903367876371 0.2054339508497977 0.2509332309459193 0.24688509737664618 0.24775393798405781 0.27900372909437293 0.2599519498520755 0.25175762781046446 0.24650821327158984 0.24756762288750633 0.27095065500287135 0.24742661990764414 0.24390690958725356 0.28535548416463724 0.29210485722238194 0.31599007197458906 0.32644228738159964 0.32938440947174097 0.35832969134195464 0.36003018477183746 0.3796814755752136 0.38771823374925163 0.4245986787775911 0.4582676754620302 0.4648808810336678
0.13063432652595064 0.11822738796584335 0.10903564929550576 0.0830164313379073 0.07953740756171694 0.07324843105375546 0.0813906318867672 0.06394747886047296 0.06148949796863516 0.07990537525339639 0.09771441814437733 0.10906892942764197 0.1356725999833648 0.16706680697880633 0.15982463928930976 0.17885513152280183 0.18441215799389465 0.1987524049833506 0.21862202408712728 0.20096367271418636 0.2234037929992643 0.23503751075099932 0.23042387152611277 0.26419126462000236 0.25356334511224055 0.23989607755509199 0.22530458386984697 0.2596764900886907 0.26158182911222577 0.2472279017698374 0.24356110049830568 0.2455814380156784 0.2848299016692154 0.28727900349147084 0.30137660590610066 0.3111085293769653 0.33547067227991995 0.3515861320185881 0.3742077243427158 0.3976541652807877 0.43932562141079523 0.43145020360175323 0.44606912370407475
0.12056698437723379 0.12510726911273182 0.10736559236796503 0.09983323583356861 0.11287130112839527 0.09110138581276749 0.0590598513665156 0.04230281810276375 0.06372927532363103 0.04136530332658764 0.09254920940835164 0.1423999747762088 0.14639362611812773 0.16352277559346748 0.16855260545295228 0.1499132717640695 0.17222378871481733 0.19279901283183812 0.22827819811237618 0.22217809423129323 0.209425013497044 0.20294539378105206 0.231629035304328 0.23939924402672105 0.2506211489371533 0.22703064331687084 0.21627227465289017 0.23060171710115224 0.23441619616129697 0.26904770978233955 0.22939327190577802 0.2383210858144764 0.25804453007595846 0.2873674123537697 0.2761016192894571 0.29641235303077296 0.3276916341990201 0.3293415953703626 0.36784261032683463 0.4015477513375811 0.433677302895838 0.4405909483695323 0.4464081014650842
0.11771838184215672 0.12312077123362591 0.12668126584926567 0.10384733657956978 0.10597688737607508 0.09040136920533588 0.06807154688293345 0.07035849508562449 0.0658199861217587 0.05753554931510533 0.11299847416244646 0.12443284954271339 0.14519616623627946 0.13521793453725434 0.13640422751947767 0.17001386783315528 0.18227479287454854 0.20588471046597748 0.20422949758896267 0.19311009620981304 0.21201364653169025 0.22387116048323746 0.20025320951220696 0.2096157110068093 0.22772211131269787 0.21960786078324468 0.2293180276609149 0.24103111676279976 0.2221805667005146 0.26095207537882237 0.24089691293089605 0.23199192075976185 0.2634939630433302 0.29820954627208174 0.2857626294814878 0.3290963253553006 0.33830825568395856 0.32535248777938414 0.34480824289783346 0.36728676233695956 0.3887294627819334 0.39991340312579515 0.4464639767281694
0.10726968349071132 0.08593892263578054 0.09426863315988972 0.1258066409857678 0.10287441371376023 0.07060739705527619 0.046502327298836965 0.05370914788532607 0.04853525204006354 0.07755833734727419 0.09562007159599817 0.12089481655911428 0.11216402507546858 0.11861684208508945 0.14327726849372302 0.14197528462209286 0.17301554820390821 0.18237705129540616 0.1921064199121304 0.20619083206806862 0.19047081168495747 0.22108468622136637 0.1916521946665944 0.1943784883970579 0.20808552176750822 0.2251412547787508 0.23107021084615417 0.2138163864166143 0.20866517514128427 0.25166001257117104 0.25717680690984607 0.23884334131448168 0.2634602601774726 0.28947529670089284 0.3181472714290071 0.33277887473212364 0.35728922054517254 0.3585786667435513 0.3643357757698519 0.36343181259729374 0.38687871698463067 0.39352021781957486 0.4149205818784129
0.09908112517077468 0.0985199811955746 0.10853634304292849 0.08536639266718014 0.0815629158393289 0.08358183224479801 0.057492779815289274 0.04272365290359273 0.05133509485094674 0.0641777568888268 0.09430995006488267 0.10540421167775423 0.1161541862541727 0.11658233046238926 0.10173260850835579 0.11578100356454549 0.16007484172004896 0.1927622266234285 0.18349285794727285 0.19706943511494449 0.18290333601126407 0.17758676887262992 0.17486914825425015 0.19854682547121733 0.21600758293454078 0.22615748310388728 0.21480740537736642 0.19517086361281574 0.21557721326475596 0.22046782263934178 0.22986038614610269 0.23191065516489198 0.2512155613994009 0.2548320115380206 0.2960676586972239 0.3333233284399595 0.3480070846853547 0.36175101031899604 0.38007735247318114 0.3822286750795813 0.3912257874495056 0.4044554034409625 0.41239914814462897
0.09973895903999927 0.09801215237063474 0.10544917030280364 0.07267573462190312 0.07032339798252503 0.07911967967288519 0.07170529481672325 0.0435960161075591 0.048613852837598726 0.055533917664024095 0.10594573384249417 0.1046688886011382 0.12274642986520932 0.0992395376118694 0.102434981428862 0.11143442261225238 0.14581309088431707 0.1913812222031698 0.1728751486996167 0.1823614306372801 0.18484222102630352 0.15265609412860284 0.16300249728077526 0.19727716890868383 0.19200389272482 0.18163392454109867 0.17672697432675744 0.1742894356266722 0.2076573284653312 0.21947544153221918 0.22695526409865613 0.20795011422157805 0.25027246746496173 0.24917531402033816 0.2773242002044873 0.28209718080288204 0.34224086547365423 0.3690903645265923 0.3673851495375554 0.3838488892921658 0.4236483924950446 0.44163091520700876 0.4283699593800686
0.11370013613264722 0.08770884178607205 0.08680316018816275 0.07327767534727896 0.09503470187978375 0.08263832177992127 0.08639591238079929 0.07256872220127712 0.08140646109565162 0.08156588369812835 0.0999318077828529 0.11352819656764912 0.1196221130028126 0.14407851091543894 0.1342027939540589 0.13596124620336844 0.15233051249809623 0.1722183799141101 0.194109274759177 0.20115254777513242 0.17093212140012068 0.1665033948418352 0.1583171969621409 0.17351611921185298 0.1881368843873354 0.17646004357001127 0.16614583327897714 0.19204619092218553 0.1866163823826012 0.19976725212645224 0.21721171674213105 0.21989837960152112 0.23379957540575005 0.2662564444442322 0.29148202467905493 0.3113269071164022 0.3392120546872878 0.3517056410819566 0.39217850425584316 0.4175206663303236 0.43973563655106335 0.4400187644146838 0.4230147641447515
0.10272773405105183 0.11604472734336255 0.1164307134119283 0.09960842975151205 0.08213196872976089 0.0824230961425394 0.09883574633202252 0.08921764656353491 0.0761810130852863 0.10177632582796073 0.11219795644020907 0.137383845997059 0.14407785443224452 0.15516702229130744 0.14793410187043138 0.13327202616263514 0.17289729425796488 0.19972347378354685 0.18028847099630113 0.20710005268130346 0.17652667533266983 0.16393722450799764 0.17221378437965942 0.17404855592292268 0.16682589346024262 0.14653819718317357 0.17394276186387314 0.20102990816424218 0.20861574801235397 0.209444166155178 0.20436327719851935 0.22023106171337256 0.2502021209823582 0.2877301414030636 0.2958111336902869 0.2870396174879706 0.311712475566945 0.3477684879724623 0.36913570590073835 0.42140468979401485 0.4398980931736589 0.4498067000233613 0.4264124358656262
0.12215756178500113 0.1338110219166164 0.09662838289508008 0.07593271110305469 0.0960002117637332 0.08348878926725978 0.10213440894956954 0.09703042543803288 0.08286704504352704 0.09701549121047988 0.10387746697256191 0.11925699163642556 0.1474284343556723 0.13511585136012397 0.14718543622456198 0.1404086308496866 0.18704819442098816 0.17050485578372315 0.1731694286790773 0.1947374981430161 0.18589561964749232 0.18375873381794888 0.17885991178199678 0.16601175036468016 0.16001911107508052 0.1671562084411745 0.16255356606970456 0.18441502539170798 0.22166376137142518 0.21867601547884058 0.22652765528733923 0.2188538172743663 0.24923595011596011 0.29488601204773374 0.2955110702848007 0.31175985518630733 0.3276166128000888 0.37113332356751455 0.3656332190797861 0.40872885604762993 0.4107320543982225 0.4223939007611448 0.42013115668270795
0.12441837759142274 0.14370184237781988 0.11760592040265214 0.08652432021023575 0.09306162087532598 0.09799373534118819 0.08793710520972087 0.08720449661392374 0.0796442007782973 0.10935589565838483 0.13993370501079103 0.14334461153312905 0.15883736031961643 0.16699719378697894 0.16261629869723584 0.16858823272273224 0.17299687949501907 0.176902886688083 0.1645662512531646 0.17927804998530894 0.17403354628573356 0.19320044679499704 0.17843397927967905 0.15668206691132688 0.13381793081333346 0.14147874487426518 0.17358886970365164 0.2031127369876953 0.19528967295360244 0.20378670682700298 0.23872057605795508 0.24406138586934842 0.2720485134200749 0.2790883359085731 0.2900386173119341 0.3376789575215502 0.366453403968474 0.3705336667510099 0.38527697748551404 0.3961458886453828 0.42213516760060255 0.4339597751363651 0.4170738097457184
0.13241062876243678 0.1438910886894651 0.13961046610859795 0.12366525067418674 0.08427208055524095 0.10394252936080968 0.12210587444253787 0.1336655619883684 0.11308173519624279 0.12377649249261209 0.15467505145084517 0.1625154133410557 0.17213263789574396 0.16407489293553695 0.15232492902584702 0.1517426816689333 0.1641145430534108 0.1726252583544812 0.1617673079755101 0.1605493191930189 0.1873016729779064 0.17490303554149064 0.15601061896864288 0.14753349955334047 0.14928692371433258 0.17265290727999308 0.1912985830806598 0.20119829048259721 0.20241618860535163 0.22958369727279382 0.23735461250811593 0.24852686946643326 0.2662556269767985 0.2786889903817124 0.31197305961406446 0.34470551579424 0.37847334825143036 0.38187365810331475 0.3993789542258035 0.39550712645272973 0.4067335380896418 0.39688864885948016 0.4100515837443484
0.10952176186152648 0.13412786249786116 0.13150083205611082 0.12105566734387072 0.11171954370123832 0.10437518953938678 0.11186457793694025 0.14253531145825665 0.1614615853606624 0.16124709332629797 0.1691376876133612 0.1541364244162654 0.17226437461254196 0.19322633185894017 0.15952457086257463 0.14641249571271459 0.1625549123681714 0.13935138715291384 0.15951924068578183 0.15382815593752755 0.17518554044151244 0.1587401291133445 0.15178080159771334 0.17566526905673402 0.1440544538131128 0.15302400628028506 0.17334900704258194 0.21603694620053518 0.1986500254449937 0.21938510444869477 0.25098778662122184 0.27453814216052275 0.28814432054419076 0.3334533918768512 0.34032894829857807 0.35915002915649036 0.367646121620445 0.3964347960871944 0.3796340252251966 0.3732584690715753 0.38986937028215773 0.3896934093665191 0.37180090306998054
0.1078834655207035 0.13661366004439102 0.13502327812618642 0.12429954557688468 0.107310602976899 0.0975998295809741 0.1215363746154001 0.1678094561186548 0.1763283661541992 0.1621201075358596 0.1836567886944155 0.15891216041712627 0.16723803055130296 0.18397730568650394 0.17690084020416405 0.17982966881094092 0.15987670027527257 0.15787841276095163 0.12907212375908148 0.1400876502614434 0.15391518280655792 0.1462250345288187 0.1547832101693655 0.15606390791015043 0.16577984182631125 0.1612758312919943 0.17435675870997716 0.18096972805083805 0.21539848440365328 0.20045212373927207 0.22806673929740903 0.25679657647797316 0.3011339931156068 0.3385118014069079 0.34516830262165465 0.3446608704049662 0.3764954468845678 0.378337246335993 0.3836870550025231 0.3874813203743293 0.381844352647566 0.3765786638032514 0.36402723479712495
