Raster_benchmarking/DGGS/continuous/raster-144.asc
NCOLS 100
NROWS 100
XLLCORNER 1743156.5859325381
YLLCORNER 5469277.894542687
CELLSIZE 10
NODATA_VALUE -9999
[rows 19 to 37 of 100, columns 43 to 85 of 100]
0.3012071981724044 0.30742463402950143 0.2621275797267756 0.263791904909694 0.27924658957639653 0.24457677639049116 0.2830690377476417 0.3139927850411184 0.34413585456298174 0.32224612110361683 0.3952051963050663 0.4069145235247618 0.39291107105784684 0.36033255924047797 0.4200242909925169 0.4265740123374201 0.4660407640956593 0.477090859028318 0.5231414805349739 0.5694288556326479 0.592371390427507 0.5780396171673938 0.6061646708127405 0.5738369397312297 0.5224339893448169 0.5202149738596608 0.549963742699601 0.570399819267217 0.5067279212312423 0.44636735862176435 0.4311567285656549 0.3991397850026842 0.3922390885686425 0.4189991009365144 0.40895151238818994 0.3590821297509221 0.41928471082811775 0.4361495453435163 0.478622629412517 0.4547823080100147 0.49995266282311773 0.5427518500915816 0.6230954986330015
0.3639071976484944 0.3173266024777639 0.3403083968986591 0.29448664817777254 0.298265272532845 0.30038438893472136 0.30423233189482707 0.3371126083179201 0.3779316479985626 0.38286616485271513 0.40386514369351845 0.42945594339000837 0.4322931939112709 0.3784642514678896 0.41055667800263845 0.46646258704390003 0.4727223815242416 0.5022982308305726 0.5669641649225846 0.5789748240690253 0.6006935342872858 0.6153045847898627 0.6166608359358269 0.598342672652728 0.5571183879509493 0.5200858936473892 0.5505775953558517 0.5354728318594004 0.509737666190799 0.5000449465578695 0.45718072077359817 0.45420513189972067 0.42812727852866217 0.3934889467397491 0.39773147462444125 0.360279725691304 0.38993899920272396 0.4570987824758642 0.4784729213016141 0.5047212611047938 0.5118890391924001 0.58636621962279 0.6003004764523968
0.37794710930102954 0.3585755770763484 0.3403064426446055 0.37205233718441383 0.33609970351590857 0.3422182204587763 0.338705313849967 0.3615215309610748 0.3850978098025464 0.4145996675609384 0.4124569540745838 0.45515604174415397 0.4613382236989346 0.39893442444837623 0.45689556773317236 0.4939442606771271 0.5038832759803333 0.5470647508623598 0.5663444734002941 0.614699516037634 0.6142593061496987 0.5968259855407549 0.5842909245602788 0.6092826714176015 0.5766391291257109 0.5502210155664614 0.521098470098746 0.5080831862757273 0.5017295269781135 0.4824048460184483 0.48604391290539384 0.45612411360036365 0.4098480684365187 0.36515672988389214 0.38107749726372686 0.3559984920689896 0.4051495563657206 0.4695096669697613 0.49529003496465795 0.529503680133868 0.5521739776263785 0.5816405949198257 0.5769790709859147
0.44553517364168577 0.4000415775080813 0.38817408131808284 0.3853115756375113 0.3865109435526633 0.38611707163691456 0.3926876123069361 0.3760351737174735 0.3787610243212559 0.42646006260507485 0.45607324793265874 0.4855632870508811 0.45160386627053734 0.4366649615502942 0.4462720306397882 0.5039652986094842 0.520029134803125 0.5564642642330855 0.569091272225499 0.5894979375529033 0.594237384548095 0.5909111866991885 0.6176541277605305 0.607913791228377 0.585939747168736 0.5585604232404457 0.5710886924217994 0.5477736747745716 0.49067161804409454 0.4649723206670086 0.4863404157364864 0.47030384119834917 0.42263005642530777 0.4050563388180748 0.36090424686737455 0.3487506303588196 0.3845039368648562 0.4062554082539705 0.4556043313860169 0.5376993103000061 0.5779518701263664 0.553302535133444 0.5927680562759667
0.47595161029882277 0.44955196965708333 0.43020177546776234 0.42675840871970117 0.4085165928296856 0.43966858054224717 0.40475482422486564 0.3828487522223001 0.39045695698927846 0.43017948502872716 0.46314567429205605 0.4679534348839587 0.4387617481030156 0.4569038254979972 0.4777764213597999 0.45250097174394405 0.4982785472158507 0.5095842285005596 0.5428133216907586 0.5628418491661034 0.5565179157267239 0.5813165797107502 0.5904911668971254 0.5808489429822967 0.5564232722412021 0.5665002750642953 0.5600357966501226 0.5671736205564596 0.5159862508032119 0.4817898020436837 0.5177639450052303 0.5103271098761712 0.4618800390303225 0.4466501315784441 0.39098645871123466 0.3683738817368813 0.39253602295872025 0.40441296857749537 0.459181628793121 0.5234217027566004 0.5336526370916443 0.568559621407522 0.5994785637930322
0.45622873268954417 0.44819126109387386 0.4232339072529225 0.421108870617583 0.4427084019929989 0.4200034915527705 0.4192460049111351 0.3989081777048477 0.4002572843045456 0.4580881963951587 0.45424428294684854 0.4812850249930496 0.4557187694717461 0.46936354151965815 0.4776239446670425 0.46979760636737833 0.4913952584619358 0.5096310966998701 0.5361676308909374 0.5601949539648875 0.5876996603807063 0.5747605263514814 0.6136346927262082 0.5840598067938818 0.569321999947905 0.5744502473512887 0.5786680219471552 0.5277805599461777 0.49720103577317326 0.4898477178559005 0.4807226424725192 0.49662063171188725 0.466103841031167 0.4209500456489941 0.4130779979980591 0.4117173381975785 0.42113528959610075 0.42594287297629857 0.4830075695550934 0.5405938426520919 0.5609043309193689 0.5808558067597983 0.5969160245444736
0.5106189870371666 0.4522719509375449 0.46126282320276085 0.4776577111700017 0.4685882413122288 0.43701950726392835 0.45202844601778663 0.4382711011596828 0.41514401287328945 0.4498451871100708 0.4360022024430725 0.450470348902523 0.46099906256397855 0.46885834621419886 0.49435777802790287 0.47051364291509723 0.48183609572750247 0.5396407318459645 0.5846494766334518 0.5891550566427287 0.6046522581510091 0.606975334420583 0.581941954111071 0.6142794435187 0.5966505567257093 0.5783948484295255 0.5654990645738724 0.5114155507266588 0.4649450264836262 0.47665300787844744 0.49497720161009895 0.4330811906134521 0.4377151595386342 0.40031441703242643 0.438971263095572 0.4172295490275192 0.4355995322150428 0.42724489936898785 0.4739585806792524 0.4840237454709557 0.5456148885432244 0.575965072769812 0.5732245537181486
0.5453167820331902 0.5124132075077756 0.5126800093540609 0.5307182858453076 0.5002906646801394 0.4888824301708172 0.4604399439643414 0.48172419931657084 0.4735692296842436 0.49557294000260155 0.47161739778049255 0.4964631793456412 0.4838773408079815 0.4916809582455203 0.49974001467537094 0.5019477460727517 0.504047418094413 0.5102795064179081 0.5755204906179038 0.5645793001086659 0.5862518996739441 0.5752830424535217 0.5816391038170695 0.6073520065242581 0.5621304455793963 0.5209392004747287 0.48631841623239114 0.46910533872403964 0.48498338246300704 0.46655630050629604 0.4865613751910256 0.4813414304304174 0.42820950639711497 0.42828017896489085 0.43067185572102273 0.39456908625994075 0.436138897819378 0.4668046626626255 0.44213162445096776 0.43844053932239335 0.47345732349451136 0.5420986692773093 0.5596200969112604
0.5501512278923847 0.55536125655468 0.5466093431996674 0.5271033556061836 0.5156812160045027 0.49539126663436506 0.48419017856233176 0.5308779647072912 0.5153398708450796 0.5281700863472457 0.5372223503374494 0.5205533906127806 0.5459569678084041 0.548708669236745 0.5639474484159093 0.5583321698566879 0.5473399267969724 0.5355768612022408 0.5444790165040788 0.5822498907374574 0.57433662683706 0.5793394499769452 0.5745761317736954 0.5735662866944798 0.5728337846876789 0.49678969234681103 0.4450596937465314 0.43911482990314127 0.49849377280517604 0.5047925370368476 0.5049144080445104 0.4781322596807896 0.47808888178158754 0.46341286544070737 0.42550706447705283 0.3934673215491398 0.4451464147898272 0.4580319282559358 0.415028520357662 0.41068264463007587 0.481025924467337 0.49152589333662566 0.5637943218032163
0.548768809969496 0.5258311285231975 0.5501201142338524 0.5120476953928267 0.5086674216520471 0.543098355351407 0.5405458496549486 0.5745820404263978 0.5812022818748772 0.5531013162557128 0.526833678425983 0.5570967043793978 0.5476319077323184 0.5222117611440248 0.550686831209694 0.5276081739705109 0.5573302963715517 0.5666560556828891 0.5712047103441269 0.5618269980695133 0.5384384612091151 0.5479312867987907 0.5661747752529076 0.5817338202315573 0.5452539649060394 0.4849790410017962 0.4695729104844228 0.4685490014110226 0.47314031808071993 0.5074743446912426 0.4872278871008011 0.4837968194473923 0.4982737406777648 0.45945874183639157 0.4484708189144233 0.4042906829020299 0.43837153325083766 0.42393693642946395 0.4414572701281327 0.45753200122176163 0.4505498804233779 0.502961340243954 0.5318505332190786
0.533852231437788 0.5359360360901232 0.5182419831174497 0.524075189323455 0.5485599287698688 0.5585476180137724 0.586587219662111 0.6206826798609903 0.5659352607577999 0.556774192542709 0.5469249938764751 0.5235313373873518 0.5731430299073702 0.5488904443561374 0.5696195746021587 0.5350730326303638 0.5349511904173612 0.5746230318068731 0.5398469002902083 0.5476470466101792 0.5461992093646978 0.518633490628411 0.524820719897757 0.5577762944749021 0.5173570875287793 0.5314901721648997 0.5008499323630072 0.4839724313446094 0.4856376414159729 0.4613521638222397 0.4733726284076397 0.4604161346604075 0.5085825231841974 0.48239982146214483 0.4318238251410476 0.43301376347278203 0.4398721062894146 0.4318948533953518 0.4523952420725609 0.46879785866485313 0.46649512439507085 0.5241705202899735 0.5692779612960573
0.5172123283947362 0.5094149542247788 0.5549930935832819 0.5359370686472344 0.5645126659809017 0.6121347295829245 0.6192719990470538 0.6414741568957117 0.5899162043537257 0.5941183138585487 0.5990079860890208 0.59617315871746 0.563600454338993 0.6061915756627243 0.5756358302379845 0.5600076875803909 0.5698162728948379 0.5478692948542423 0.5479394705935393 0.5765317456926304 0.5593252319080008 0.5359783050317806 0.5131159072324363 0.5149666765510186 0.519893980433064 0.5091835339326704 0.5026486850995912 0.4439043533395291 0.46807689457951235 0.48316865834385153 0.5100647166245271 0.4827727663029002 0.4793956652843433 0.5057995304401891 0.4557806346788857 0.45047991903526036 0.4757653611917121 0.4484284542069683 0.44414359254441743 0.4620283381963286 0.5128060537035461 0.555471394554309 0.5591726161765674
0.46589506413092374 0.49036246950434814 0.5137803575036557 0.5934007889544883 0.598051736812219 0.6210866464262171 0.6510538313832329 0.6496294433084954 0.5895692830398296 0.588958439311941 0.6103137464109816 0.6407137724128452 0.6194783896946363 0.6458645750768465 0.5886945177995047 0.5672855779787283 0.5768727923277296 0.5533489170947472 0.5541802746787091 0.5648783433062754 0.5444046168268383 0.5595156916392868 0.5214740052630149 0.5236289870089817 0.5137444493176727 0.5188323243076671 0.49236321303993236 0.42256812789738357 0.4827448745172709 0.5143501966283399 0.51086994415945 0.5520580765990678 0.5120017240016036 0.5360274182736684 0.4818445475085213 0.44338508233023843 0.4904669930688744 0.48642826725128735 0.46446881999153966 0.43795060519915563 0.4891741332238276 0.51627453143259 0.5311323237676513
0.45047545840469416 0.5084763818699102 0.522301133318546 0.5852124936528822 0.6110573832113618 0.5901592810523525 0.62356539065166 0.62807692174228 0.6231535787178853 0.6100286967364547 0.6151310551662873 0.6572701771889168 0.6752169250179041 0.6347972907997845 0.6005034121468991 0.5790162674777358 0.5881887781779243 0.5533328805772965 0.5623268156337576 0.5229218669832687 0.5368767369115575 0.5309589238469418 0.5326393801244781 0.5456019003776803 0.5377681793242067 0.5257717777810024 0.5239804701798544 0.5233240062426601 0.5125656367842607 0.5244658139379288 0.5350707937937992 0.5331708300802699 0.5376840507073064 0.5314035667484847 0.5450730637259865 0.5430118295117154 0.5246440009359604 0.5120953830423394 0.5334281488282385 0.4958359112018163 0.5027910229750908 0.4925466224352045 0.5255446069192681
0.4788227535133996 0.49218299974155594 0.5205547317351992 0.5947497490641873 0.6257168834762328 0.6101473490635723 0.6082468000281583 0.627671966805326 0.6366388264081295 0.6800683891478084 0.640604510261101 0.6643881192863873 0.6503689316619995 0.6409501290933316 0.6287702465348443 0.6322974891745516 0.6270575779299015 0.5849741534249544 0.5412294294421148 0.5187595835523494 0.5337747899292505 0.5168316842461069 0.5440548669791928 0.5082323243288105 0.5514135420482115 0.530764793645891 0.5588599691895992 0.5371049907835742 0.5160716625366527 0.49380334372423873 0.5266140944777661 0.5431036276311583 0.5759085962141112 0.5699703865869532 0.5712030018138342 0.5614020286179233 0.561753025740231 0.5209429164211702 0.5524003798413163 0.5734887437524703 0.534312519467369 0.5336500398077733 0.5232217535429229
0.5078192933008621 0.5204921435866556 0.5518878316061236 0.5790137309794816 0.5846830061625259 0.6119511618465225 0.6164637041390166 0.6369508784498318 0.6319405381160098 0.6687692957128201 0.6588134054027088 0.664838521274983 0.6639178303399565 0.6352950627729946 0.6006934369499701 0.6086914660704157 0.60591514492709 0.5815501411812967 0.5628451639186707 0.5298718877342816 0.5371534293343108 0.5253546698301955 0.523069065866065 0.5010834489657278 0.5282449145909572 0.5220686207660834 0.5386192827472901 0.5488960262243768 0.5459216356092744 0.5347886965946369 0.5154695542010794 0.5241042683280154 0.5774791430946064 0.5931738380709162 0.5943708507826035 0.5551315727892788 0.5671044906380333 0.6059068488074809 0.6292646809847934 0.615957415106974 0.6108060918325431 0.5582168392235001 0.5984099864333654
0.47574128476264166 0.514397779505825 0.5484573070310692 0.546076100405183 0.544500921152039 0.5802055156159787 0.5993649745417141 0.6285866644219701 0.594868138067344 0.6546622038799922 0.6562650663588956 0.6804869368266199 0.6412002169155954 0.6302985421069714 0.6035355481118932 0.585069719588186 0.5713819683626037 0.5763979695803543 0.5718858717593335 0.5451435670688085 0.5293049917562642 0.5452404216122398 0.5425916090024091 0.5493204509498796 0.5323994950359857 0.4898967370752566 0.54601145697502 0.5497669354352116 0.5351984638985523 0.5597481999075827 0.5374859204802285 0.55738588742225 0.5577660846323637 0.6084806139729461 0.6274551840788692 0.5980016336850895 0.6399740657020551 0.6520596398065241 0.6694536270779992 0.6666206860370829 0.6706804072351009 0.6043695008663891 0.6085647988420121
0.463098445797114 0.5220486726024332 0.5325944945228354 0.5293576279576084 0.5076750234250349 0.5250904560237001 0.5954680118228565 0.5728871538365468 0.5741370443925294 0.5852527171747097 0.6131306826386309 0.6316326716504747 0.6300807481789236 0.5980546446013629 0.5773901554622465 0.5832220539324423 0.5470935860535147 0.540870152443494 0.5677768637775815 0.5832650748184731 0.535084967680445 0.5553633842351319 0.557022607630763 0.5210618559902026 0.5166790118186667 0.5111610252711195 0.5098985910616914 0.5523694573308757 0.5910819268212065 0.5732492376581709 0.5640966072906333 0.5928690803219182 0.5861661519302108 0.6426006280058264 0.6255747620973449 0.6396557887113036 0.6429016784901469 0.7112515129187453 0.7248196704221356 0.7398414468470466 0.6982999205837156 0.665306324926556 0.6644670560690257
0.45750670923405545 0.49485652151293774 0.47624564677662784 0.5022078581841377 0.5277411107982689 0.5145177242744097 0.5522381247459933 0.5503158128404978 0.5309317836236362 0.5601973047937527 0.5693954567267643 0.6212227976993592 0.6065900432964959 0.6312164541299071 0.6122558332022996 0.5401670653833435 0.5227669416556003 0.5482547002675765 0.5936347744256257 0.5855259332149192 0.5843363467291427 0.5536345283241108 0.5891301420953728 0.5728518243305536 0.5322170044963991 0.5107309318918587 0.5513788742408255 0.6013155911815878 0.5851911579497022 0.602616599762307 0.6115479944958241 0.6217690977108326 0.6422017796541605 0.6629816306567659 0.6660843386970889 0.6917579227800883 0.6882042725545172 0.7284735735079096 0.7717850764633795 0.7550916187218476 0.7442434299734554 0.697176433668636 0.7007867977022495
