Raster_benchmarking/DGGS/continuous/raster-315.asc
NCOLS 100
NROWS 100
XLLCORNER 1743165.1871124404
YLLCORNER 5469296.682689321
CELLSIZE 10
NODATA_VALUE -9999
[rows 0 to 18 of 100, columns 43 to 85 of 100]
0.6287852491973895 0.6422340929886698 0.6234540406353682 0.6357621358891602 0.6240819758739036 0.5785951843096047 0.5643652081403027 0.49341064454956163 0.4985921079313059 0.47405199419899274 0.4891866618595503 0.49415720250258227 0.5233886323526898 0.524046692709522 0.5054269327086575 0.5635065057671819 0.5471039755360587 0.4965210068994637 0.4983112234135782 0.5185392103905948 0.520272365818131 0.5409183399083873 0.538868013789034 0.5249845705525009 0.5193049261109053 0.4912517425207626 0.48098673140150916 0.4754491146294445 0.4619751656027825 0.4130015252615879 0.45662248608887773 0.40839179448397944 0.3911677478852715 0.39668284313193247 0.3626239509782987 0.41075846949901135 0.3665320809132747 0.3578071556361315 0.318280000053181 0.3612343135745066 0.3542488875092424 0.34176338634945813 0.2795077781079309
0.5624616709528332 0.6048744339661025 0.6030269651261803 0.5773079598634091 0.5941190501611194 0.6015397113555413 0.5289632162816661 0.5016910839250557 0.4792668241630972 0.48726238885400835 0.5195041324209695 0.5095352714710696 0.4796166164581049 0.4733863388643467 0.5331355349797748 0.5502443684353077 0.5493145437139497 0.5126671214056188 0.5232862832415458 0.5788979988323609 0.5731436636229417 0.5658908692844636 0.5261424598658927 0.49895430990942785 0.527657596102013 0.49388451990238885 0.5371402703224742 0.5190512216785701 0.44052617112366216 0.44159734688226676 0.44521794937071746 0.426422838304864 0.37909492077895923 0.40000615285978164 0.37508137043558487 0.3567493328961035 0.36514196609289257 0.30940100457002284 0.32437611351789064 0.27628806893410435 0.3082985319921963 0.32002095081363746 0.28990718173901564
0.4841423994549987 0.5285269109682561 0.560038489811678 0.572005918864556 0.5877254257451466 0.5657774651382084 0.5701674004779048 0.48773151288369215 0.49033945898560294 0.45777755150948995 0.4882817824123679 0.48135740786403974 0.4962889088497614 0.48035409911954735 0.49215233243574713 0.5045514750703065 0.5248349270799867 0.5130081018108487 0.5369982566949689 0.5548799487678634 0.6183189214377661 0.5658094445414251 0.5469593627816569 0.4958966466259671 0.49906079507998213 0.49624371450142235 0.5372138343309122 0.48096380226073787 0.4751303860416343 0.45940003735261065 0.45090497259644335 0.37925432438335066 0.39086944397952567 0.3751671001797737 0.34730978408408625 0.3594711704594993 0.33538221376775623 0.30262228042451333 0.2738326153749289 0.23968953710141855 0.264334054678394 0.3031964857025427 0.2622761062150383
0.46110216558755207 0.48326730689432706 0.5120175378916976 0.5316854406793365 0.581127630204733 0.539354527634551 0.49848225039425015 0.5207382195933837 0.45814569609043637 0.4414584684624227 0.446910573303315 0.48592080300603907 0.4794917102249508 0.46362169785419405 0.53014651363439 0.5090971375120618 0.5530213368880902 0.5632259850735968 0.5462981208460297 0.6169355693919144 0.6280698492127749 0.588837690159789 0.5254040643387745 0.5121837589208873 0.486847894508918 0.5366971412281106 0.5305251948935055 0.45909928631708125 0.4890941090774045 0.493783876361805 0.43245377353580117 0.36552211974047993 0.41861025329710333 0.4015774024541498 0.3909181202317311 0.3640027466485137 0.3279878671917789 0.3164157841571725 0.2629280875840279 0.2492985787975806 0.22562787029359813 0.23074337841962242 0.2448594593446717
0.4384180785742316 0.4581063610586882 0.45448996143839004 0.4949474520150276 0.5297131299571106 0.4810987454762253 0.47859942762389135 0.46403736927329486 0.5017780938714783 0.45397433964738365 0.4462770028139048 0.4968258504711135 0.4821811438933491 0.4835553594676896 0.5343602751969797 0.5147139963245543 0.5702915159327085 0.5543960203054782 0.5377753316967789 0.5776516809169361 0.5890045281555825 0.5124767072379934 0.48773310092119543 0.5202024056730996 0.5047086751330232 0.48379328767181673 0.47219758290337494 0.47896857902650586 0.4606151879646064 0.45391354308331316 0.4380515487644969 0.36203828059407794 0.37902948691634686 0.38867229016903476 0.35893290011606577 0.35651238306324 0.326838896268001 0.3030860298580884 0.20980458595635462 0.22179493642496598 0.19152354843605232 0.20475067326570184 0.17372906570322266
0.4019706413933365 0.4095289220182802 0.43317460823655746 0.49455312606599267 0.5310240667553829 0.49171051378325914 0.4439233927380659 0.4651249519982152 0.4663493850905373 0.4824223252798303 0.4668821986618599 0.47064571744165795 0.5055748324113348 0.4946776395948111 0.5025662806946277 0.5437073833008027 0.5520458611927735 0.5352407504837949 0.5315080761695302 0.5644158773231033 0.5639056809748655 0.4995920538761604 0.47233863210951876 0.45788736844882144 0.48575956892143635 0.47705927613789045 0.4600889535217511 0.4086060997686335 0.4082516002567329 0.43075639280613104 0.3904208456242031 0.34822587086579 0.3603509477221594 0.3272469707572292 0.3633960123346852 0.35419170120720866 0.3243693620511242 0.24285753864101725 0.17492835486275088 0.16459080664036033 0.17045776396781476 0.15681316114792768 0.18876702774460696
0.3571884074872384 0.39207461356736867 0.4289775285015057 0.41860987420312656 0.4750299682375744 0.4779662658970946 0.44054411865831444 0.4325348450569494 0.444745205478018 0.4406009381512535 0.4764625335256343 0.46517706681492893 0.4743799214133251 0.4687166098306872 0.47642650282419924 0.4732999306051952 0.4656517171873097 0.45721986911589446 0.49441289600222876 0.5161716825657682 0.5027831075544981 0.48708286480476864 0.4767379416609364 0.45648837412442383 0.4314748245890392 0.4548800748840361 0.46909494044435374 0.44669747277271105 0.3831652000413954 0.3488931933621214 0.33709945708537725 0.3106351630651448 0.32191675298188616 0.32235380261479774 0.33965270878669107 0.31124553769199803 0.25914428463820316 0.2515072529427907 0.20957816545941899 0.15510832990883142 0.19016650262186496 0.1311843884110433 0.1374979412005788
0.354991051149227 0.34542192640520375 0.346461772690484 0.36546049688075744 0.3877122057134366 0.41110374222890766 0.37491756853536146 0.3924675499523404 0.3817222304132669 0.41933052863461373 0.417184880940587 0.4046457744132916 0.4223062389941887 0.5086647160482978 0.5257245769038005 0.4921327039939442 0.4841344384311722 0.423386539695516 0.4219241129837018 0.4819563580144335 0.5122516495496331 0.45227201056445077 0.4558436261306585 0.44854786457658885 0.43322693274617174 0.46843035178769793 0.45545984232536896 0.45034473675114434 0.4079134306156398 0.3669566626275453 0.28889697339285253 0.26921313471244407 0.27386313011297997 0.32143599042095605 0.2855600015691226 0.2242167498357309 0.22349510091341984 0.17644419134875725 0.16711672029742802 0.1857011447073902 0.19040735091887595 0.13797765880214707 0.13905104724077036
0.35879594142938315 0.3297266045318914 0.34843941812789075 0.3934164027342999 0.3630388122485832 0.3548241602940094 0.3875572943032945 0.3580519139925181 0.3628824195774949 0.3524615442963075 0.3814524375171238 0.3878419130592439 0.43625893103651747 0.47809258122448006 0.49729825636073216 0.48218339076952754 0.41888464391947255 0.38506135813235703 0.4194037140779177 0.4137559414238844 0.47248391626833314 0.5024167819241704 0.49545647001056353 0.4432220652959693 0.4651293988607727 0.45427772664791966 0.46992625647346975 0.4233618825339865 0.38186345052431836 0.32507099990122656 0.3218518572493029 0.2889000032230265 0.28945804102921324 0.2707300869651568 0.2568660705945607 0.2120189045290955 0.18799371701937972 0.17576254853380574 0.17192198445629134 0.15758601039754527 0.2019877142687092 0.14822351593111097 0.13500909360232932
0.33454374505899814 0.3965402193059127 0.38755975771680057 0.4092712858968135 0.344977496602225 0.3808269125569951 0.39455623752974206 0.411733354912135 0.40135732599669816 0.35950011871187726 0.418754414964281 0.4528438208339154 0.45883896862804213 0.5048416614606459 0.4531869304896565 0.3879766308870732 0.40705002813895536 0.4042306084362368 0.382018249003194 0.4188281551039014 0.4394466143249388 0.4629433747541757 0.5119743108547614 0.49616853143744644 0.4584371783812961 0.487516508121655 0.44728289970697954 0.40223695281204197 0.39390274835257244 0.29985256602019444 0.30998017961742413 0.25889313175107226 0.26719933175736754 0.23778470737632657 0.23701303376947888 0.21404549914961807 0.25516105464560535 0.24935339118451166 0.19675053359175218 0.2053382284464483 0.20641806511597383 0.1485046201709596 0.16349575490679338
0.32427266934285026 0.33075048621727693 0.3300531057503534 0.3360594671796348 0.34510599093899597 0.32273947032977457 0.3761901265049123 0.33788457129561994 0.3459135099478657 0.33861427005631395 0.40446715665144345 0.44169726953045735 0.484481397451227 0.4666631572018079 0.4232762449562345 0.3786788628466976 0.40164481238687827 0.3804462520247541 0.40422336260188185 0.3913565060594503 0.42856519917835223 0.487651928877827 0.4914562390762822 0.48471891227570385 0.44878269950168054 0.4477557724444207 0.44418499062354977 0.39723132312558457 0.36478806126603147 0.29508131299562684 0.287472823773635 0.2770989067327444 0.2655725990124569 0.26478339717435095 0.2324585833297243 0.28961692775365283 0.2876399013741203 0.24340310485903863 0.25322475607572437 0.22441392445161995 0.18699908998603595 0.17832104392348064 0.18289290170676317
0.301541168703113 0.3336130880161261 0.314736265132192 0.27172872650292174 0.32496711144704826 0.3170046018328612 0.3308504065771089 0.3506655101297791 0.3372742092831803 0.33071935578764056 0.36397767766196015 0.41654158460235285 0.48781571964196113 0.4524551832540825 0.4553641211709224 0.39551021153754073 0.40212133543380757 0.3867596035427684 0.38816932003621435 0.4344741309213636 0.42026281465768167 0.5281890092531237 0.47966865728629005 0.410795945413375 0.42813357971636307 0.4129924124768723 0.4340340914985633 0.42113117262262956 0.33286928910939834 0.27029368614017535 0.3214115379031961 0.33340222886410964 0.2846943942075721 0.30087276576643196 0.29755546684296136 0.3126165556264694 0.2738250975558008 0.2428238255831521 0.23364973961531685 0.25522740289460066 0.2548769691348814 0.21033489034492478 0.18703271015860098
0.30886263196592023 0.28993825279792174 0.3132905346085028 0.2643820552491092 0.28735744954449055 0.2920448885712542 0.361522246367201 0.3436460937619672 0.3388439539047477 0.34357414665565156 0.333805295981405 0.3731962874125732 0.46170944117041357 0.47845988947985146 0.46761643577423884 0.4353109493704822 0.41645691116249217 0.40769748908628206 0.386692317638988 0.43293429656764937 0.41169432355830066 0.4406151719917276 0.44509812986360237 0.41776148759045195 0.3616834639648283 0.39686335752481805 0.40160393939553646 0.42199337211223786 0.35831067840256914 0.26041536111055424 0.261289926660105 0.31471762265662884 0.2886558156185987 0.30205875321028536 0.31219122989477666 0.27500322938558314 0.2896514062991371 0.2432191123695467 0.2104979113650186 0.2717047831278715 0.2488318230464225 0.23593506510234372 0.17154483107302718
0.27322260735059584 0.3323978194334831 0.2812883825644627 0.2570155742156751 0.2885544426311297 0.3227734357853621 0.33802271990300486 0.3373052060555129 0.3633528258952031 0.347124640591263 0.34091099577433454 0.36367136099772734 0.4480238517757066 0.4786480213222672 0.4127952003300959 0.408531552028767 0.41726472102915513 0.39515528353970175 0.3417961518946986 0.3672167380287922 0.4194021956750799 0.45223591666702445 0.3676089941625616 0.34870818878098475 0.3405853586007311 0.3371885879116308 0.40836673968297105 0.3723035693938048 0.33534455213073094 0.27911276523761974 0.29234923286669406 0.28325004348825755 0.31362614214508644 0.3320245708410738 0.32013596017393375 0.2855658994510684 0.2671137903750411 0.18555447958646287 0.18408655037913108 0.2370027675384095 0.2619632770406455 0.2080561789826016 0.2013695807011997
0.30250633352727824 0.35008354262324043 0.307391743701412 0.28367280310734183 0.2707000178056264 0.3123673117684046 0.30957531138501987 0.3561864808196081 0.374881681461089 0.3859302257861898 0.3680478136686281 0.40928639179441084 0.4484415134349858 0.4384678986298951 0.4178067772987135 0.37778102830435056 0.4008627890887534 0.4053635926315887 0.3558458182601416 0.4031965680777742 0.39183038864578085 0.38955797425208266 0.3511413250588466 0.33216357930734797 0.34273250027765034 0.35326135805547393 0.38434939456104716 0.3682641356684093 0.34543329219329594 0.331900633257443 0.29052673887003383 0.25791226441927406 0.2945019527791929 0.2754801019829736 0.30079901377090906 0.23872103565643923 0.22032750530201664 0.18647586667657526 0.1497587250229122 0.17793468907837082 0.2203691544945127 0.18538777144066962 0.16802432671260903
0.26297625866600916 0.33396076030470623 0.3297201090781283 0.30714478937293044 0.24923312614630586 0.2703376430221772 0.3645073674569198 0.3875665821087307 0.407619551520741 0.4271013900897389 0.36402108541731526 0.40041729444349267 0.3984013379867834 0.46118782035620165 0.4508398917515213 0.4018620181446276 0.36303113998535447 0.36039152937572566 0.40117805741542495 0.43401082526481927 0.4265289437966478 0.35279880888971354 0.3653465241708477 0.3427441143385016 0.3453597540700505 0.32593051285393254 0.3930719686804223 0.3915125016581579 0.31122975014916904 0.27313662726644683 0.2812035236583237 0.27699765205535576 0.2744102331929771 0.29022513275432205 0.2818644868643138 0.21191104964085078 0.18076260978467354 0.14187168634126768 0.1355623270252593 0.16879697371686347 0.18951281852045726 0.19329604630671673 0.15920291532063682
0.2921853686462271 0.3114148198995205 0.31831039457546184 0.3389194190979297 0.28854374791422716 0.33573986220951246 0.3664052784278697 0.3794025045485545 0.3994532882949861 0.35143874505800304 0.37155703138611557 0.3677450848794606 0.36803829876226685 0.38397821235571467 0.42922608177942306 0.4383738348726693 0.3856347905812677 0.3542239810344528 0.38112085979981236 0.408305851461388 0.4140288042358953 0.35445849123064266 0.37703782634074684 0.3268004416533579 0.3493656682534522 0.38126467552242677 0.39309532355236687 0.3443065877126443 0.3442080252096641 0.32703374915104355 0.29890540996978937 0.3038915858854453 0.33812937499098367 0.33357079954904084 0.27708154146785635 0.23028878828294297 0.183247519379112 0.11648123427154247 0.103406167299519 0.1611280947948817 0.18282022804602902 0.19565702110207314 0.18874886652732442
0.3454687707032823 0.30020482688633426 0.3174171947068471 0.3287841604830146 0.3402095166684603 0.29332853696754146 0.35619084041682114 0.38899311946359333 0.338099941876713 0.3310272366057983 0.3583204588992891 0.3942803398377311 0.39059208484326813 0.35679076616808164 0.3676734917813996 0.41050023367929855 0.38659406293002613 0.39339923224004364 0.39687246101636364 0.4237090400817874 0.354894106076185 0.33288553350063593 0.3953296845197547 0.3429555024537887 0.3738496417276471 0.4194457776915688 0.4108219487310792 0.37623550303289316 0.3375637084048591 0.3558819330626519 0.3314716093725078 0.3352626508341152 0.3326530781030772 0.31726936696285923 0.2658294591115663 0.18150439130042548 0.13590639921114595 0.10852601772860312 0.12372257707921991 0.12853118555632362 0.16008886280011111 0.17448172271106668 0.14815529366483568
0.33720335990837663 0.3444072277949767 0.36928495863619615 0.37470377948015643 0.32724270514595954 0.31163894678869675 0.34898592598671485 0.34438020982410494 0.34613009611462897 0.3386292694389571 0.3674329156314182 0.3400329974970303 0.3543013034493281 0.4101951353127375 0.40954719464748873 0.39323880689251406 0.421350967143049 0.41306384892247533 0.3947525001353449 0.3813036140146298 0.3781854353553176 0.3822078775049059 0.39913248555772485 0.3885247205702426 0.41355241504498524 0.43164226647080445 0.4046891204360615 0.393191473927283 0.3588487102843536 0.3780848236447903 0.3310650045186107 0.31135180944882884 0.318173122731387 0.32230513952637596 0.2644183647288345 0.1868726672545349 0.1366655256064594 0.06823939295611026 0.0789526573077953 0.08486171081120533 0.09375081430486981 0.13934411187113277 0.14322292490781774
