Raster_benchmarking/DGGS/continuous/raster-283.asc
NCOLS 100
NROWS 100
XLLCORNER 1743162.6935815832
YLLCORNER 5469290.274941427
CELLSIZE 10
NODATA_VALUE -9999
[rows 57 to 75 of 100, columns 43 to 85 of 100]
0.7324050161219486 0.6467087629911284 0.6913524434949707 0.6405116526961848 0.6354548013822603 0.6607161538485068 0.7091248986733846 0.7480298182129226 0.7188565249883875 0.7479317418567307 0.6976903639343058 0.6857908706935754 0.6599354518547143 0.6169317178882148 0.6176016386676629 0.599309632885868 0.539835713550293 0.5128233118457654 0.548997059331585 0.5162991987649334 0.45058497716255724 0.43121142064567425 0.433397816150397 0.3750426239504525 0.40737742299958823 0.33724957695140345 0.36815575002383183 0.330634991859455 0.31571766136106094 0.30505169727129544 0.25170760661220365 0.19377200718386814 0.2273100800005535 0.2521368081699531 0.32100549820687035 0.27901245091591104 0.2556671660718594 0.28112967328536603 0.18665555051270782 0.15123142241176207 0.19904378635255024 0.21603258412273466 0.19484294820507514
0.7149500756311483 0.6860272465208166 0.6780416047944909 0.7175878788414062 0.6971625683318379 0.7409443402559629 0.6898399283517692 0.7360542684032164 0.7051817143204128 0.7055403158045785 0.7015268203108381 0.7220776819848632 0.6395371731786695 0.6061285332331098 0.5564936817417573 0.5700266915530222 0.5611077302609552 0.55726547228362 0.5699529157173593 0.5278878877637212 0.4630174906335983 0.4325660232522808 0.4485585353441619 0.44442504036477387 0.4226286139162342 0.41233562827345827 0.39262876583527223 0.36175776735703374 0.3711147748274044 0.3442865166297396 0.25144232748572665 0.23231422948770392 0.2729195117892007 0.3282088533368471 0.3059549416475128 0.3118596339976967 0.31067068325551456 0.3021048829093602 0.22561097170796374 0.20289043764734965 0.2321268178508366 0.2600291005445168 0.26413256308410654
0.8132148174036032 0.7964374464550285 0.7332601439419253 0.7525187284526875 0.7535526093189849 0.760924414847478 0.7057216108660167 0.6754642557726553 0.6968579087549648 0.7116466149558652 0.6625729890830363 0.6219879603072495 0.609807255507813 0.5754811318141857 0.5441215382448991 0.5123689676991215 0.5451371903705688 0.5475235631426714 0.4927789811257983 0.485514864126074 0.45883025194415605 0.4641606685687049 0.4833538587491729 0.47573658855044865 0.46138047840873053 0.4464585375945943 0.4465511961005962 0.45622908389002753 0.405367471397461 0.3610733837175441 0.33207577627534884 0.2678467635639406 0.3168760171949623 0.3137958308008264 0.3406493132277884 0.36549156411438516 0.3137905252668451 0.27878230140534493 0.23382085472526823 0.2036849941520024 0.2115078801153861 0.23946992292949498 0.27999931724634747
0.8140092688941727 0.8132803342057175 0.7840263659770428 0.8107281969859853 0.7634184681521169 0.7222112603692539 0.6658500379683787 0.6534240285598009 0.6433895164941175 0.6523925677392834 0.6719998880929723 0.6549325107146737 0.6291083375174121 0.5569203381249079 0.4999987167031368 0.5212853458146317 0.5021180159357198 0.49602727036380845 0.48192637744354827 0.42397661449106416 0.4705726820677473 0.41369253896635705 0.4530012093016452 0.502938868005529 0.45054677874745297 0.46551839615705015 0.45045531242764075 0.46236300674341485 0.43789975773001844 0.32896443321416574 0.3192731216596406 0.29474991540229045 0.3165344916363158 0.2943279853257509 0.31981290811162905 0.3567293493320008 0.37085784548756506 0.2947735047688886 0.27816308546583884 0.29742853146235676 0.24342637062465836 0.20157283288371286 0.3136073784367794
0.8441089178156767 0.8264106384422071 0.7939508570709645 0.8274269146938475 0.8001703124377177 0.7358392172517139 0.7151975579913978 0.6973017292846254 0.6799423927066617 0.6676595120719258 0.6524481981875232 0.658243729379106 0.5987376760018709 0.5816008423975889 0.5372125609434663 0.5385496400935148 0.4921959518918259 0.5275557543387709 0.4867368556145993 0.49947525535684606 0.48628452836771535 0.4687199112165769 0.519202324499751 0.5381364491049234 0.48473984354791505 0.4664038105497359 0.5069126828276026 0.5130223832829157 0.4785425021613577 0.4398300739773657 0.3689716533652134 0.3368418905689362 0.3662671618490062 0.37627917198543426 0.37035014746620576 0.34255944540925376 0.3821421904766942 0.34733040621895633 0.3388555003247789 0.2606301725571591 0.2395695462859522 0.25352939788736667 0.2880382030065649
0.8585621439738352 0.8437525387082727 0.8062403981261901 0.8395707265683201 0.8167401089557386 0.7902100259327298 0.7883050391609532 0.7698632509889664 0.7357611227850025 0.6936474851020781 0.6841503610780697 0.6428438097944511 0.5556779392514438 0.5619465005288571 0.5364645657232855 0.4537840526181763 0.4904233793928392 0.5030108799758829 0.49559870681172974 0.5272855430247086 0.4997174100850616 0.5262839678248056 0.5688223269163446 0.5561987695268753 0.4874223052685957 0.505326258107947 0.5238497192782701 0.5087018404058119 0.5274891675536577 0.5014361583202186 0.48946113440639805 0.4519845388293624 0.3897864425640424 0.40893226172759856 0.37190561650439335 0.4219053188338928 0.3725999566340795 0.40954944489216694 0.374433417167123 0.2889676223321147 0.28371114038124456 0.3039851348125394 0.3089433978783194
0.854277158048703 0.857742478468257 0.816369987083022 0.8015915748494509 0.8135992577836801 0.7927852019350491 0.7240571629954727 0.699498529100381 0.7176612784759553 0.6428494112363936 0.604943022685237 0.5574224170257491 0.5703624477334924 0.5252012237312026 0.529887283950268 0.5413165724673649 0.5241651539007923 0.45351218362575557 0.5178540138424058 0.553827767504874 0.5739671925781414 0.5755208676107484 0.5191222740462619 0.48667511345936476 0.5083438288591656 0.5071855600719695 0.4553708059408163 0.45652765615214475 0.48788803621362614 0.5295525173817007 0.49512442136394524 0.4377299932739432 0.4564780528525039 0.4316488169981212 0.42123884137059375 0.3936551601224595 0.3989400359678506 0.36049421575020096 0.35834193462240044 0.3511847986436416 0.3263188901595545 0.37589381867071003 0.396977953092785
0.8528802062918889 0.8158881983432652 0.8130525170415875 0.8544740802079799 0.8384941575951953 0.7965102604771768 0.7240035113371263 0.6719004900133725 0.6902362658061705 0.6777382400310282 0.6404657883966776 0.56782362430809 0.5595380411480371 0.5741948198927439 0.5769764454769509 0.5716984808629328 0.4655760166451326 0.42145130043755524 0.4886453300609649 0.5419054249991014 0.5739504985823182 0.5818348455776349 0.5059447562937538 0.5020664116730255 0.48340481248729056 0.5247407143621817 0.4881464856734244 0.4064601803786702 0.4497286599724545 0.47063127287289697 0.4945557256218533 0.40774170329173376 0.46754124046796824 0.479702889958325 0.464875846893535 0.4568628513867248 0.41601716422836127 0.36597487722402877 0.4198858898606281 0.3846511671002114 0.4063415074213782 0.3602606009101016 0.4116899003773452
0.7931826518913764 0.8378104772581155 0.7871869977151487 0.7790829422341071 0.7579300918958161 0.7707133324567599 0.7246238211940038 0.697137463371313 0.6745185374588345 0.6833823953832371 0.620654471317564 0.6491469573475794 0.6049304777750608 0.6143917712755483 0.5788495174125888 0.5623821063465446 0.5065143331571765 0.5374442853724267 0.5202379579468726 0.5429866882405886 0.553076825343618 0.5842354079717624 0.5704325127130815 0.5281186526302246 0.5144314677224344 0.5373408178633702 0.47454206507550467 0.4169362152048859 0.46468492987310145 0.42947283596712815 0.46752521412921616 0.44919353402598666 0.44759216777020494 0.4510409725401741 0.45878947783898066 0.43854122972800885 0.40731858437857094 0.44159995754215947 0.46653084324413713 0.39005789442842376 0.40818876328404335 0.37573384590892095 0.4131010940437304
0.7700958212129143 0.8093031123266258 0.8006093909940452 0.743263487531661 0.712485917530425 0.7101314733189116 0.7129461289534993 0.6329377724307396 0.6131320908665687 0.5990620813018107 0.6106523950289708 0.6409160682168393 0.5714557224912206 0.5464443800106195 0.6082252224657886 0.5780628184926597 0.5799556950270678 0.614637268163686 0.5350630655028231 0.5372072820053855 0.5875155327195937 0.5425052016493737 0.5810721623119208 0.5349303519307134 0.5415718853468908 0.5177802472680264 0.41305549474533965 0.3802138529822349 0.44653156337219685 0.468351681430866 0.4622066086203106 0.4570095976231963 0.44888870298375944 0.42271769698224015 0.4554040749670976 0.4259256934835456 0.48215631297921946 0.515292130144689 0.466391401734197 0.4414204998085527 0.4637665002231879 0.42964014724635186 0.45944382257212424
0.8100736041238472 0.806141491028606 0.7505515267949302 0.693484482033759 0.7159742867589838 0.6729669632828064 0.6722909788897422 0.6709593769097261 0.5703004865969791 0.5831071073206525 0.6037108693615236 0.5710722726273985 0.5502581721860874 0.512702538843506 0.5696780577380375 0.6024799080914972 0.5945104658154399 0.5853332908567301 0.5880631872021571 0.6022612411949909 0.5757526327088145 0.5910604716414546 0.5433344045842884 0.4730541442660744 0.46838928745711056 0.45077589506713517 0.4106789002418845 0.38464837200400287 0.4073549302255426 0.45910194607849575 0.4283731949818748 0.37682353838459487 0.38773407960507683 0.39057970885559296 0.4186249559867214 0.49264213293293757 0.5170899843405798 0.5637805257220609 0.5285709505789734 0.5429125632756266 0.5385688107082067 0.5220222432535843 0.5068745658793722
0.8140758065592117 0.783483314790315 0.7451468335921874 0.6486013363904857 0.6511849380305442 0.6725915278311667 0.6639040438039056 0.6497020408761986 0.6223831293929429 0.554580233559086 0.5691615079647143 0.6230896600872242 0.6014926388624816 0.5260450906766204 0.545230816078758 0.5684318650808463 0.6073901708102423 0.6673225554348886 0.6349236550173104 0.5763218870531127 0.5451275714025293 0.6062699576786981 0.5557336313435512 0.45810673609241276 0.4673171046460829 0.3569293197856951 0.38008976688547036 0.33598856004323346 0.3685608688400514 0.3883732218522184 0.38564199790994885 0.34274542223816634 0.3734076899562923 0.35454924761811285 0.4566064413103723 0.4789547226073169 0.5693147722832111 0.5968752053453146 0.5845844102155776 0.5927761047224455 0.6029483062722548 0.6213944517151458 0.5667310112034342
0.7838389595313883 0.6996893165241153 0.6713694550711307 0.6679481298950867 0.6475428543473433 0.6416335357669783 0.6317320195844652 0.625112248130133 0.6170740151576626 0.5789501637995194 0.6328929536511 0.5992607821395458 0.632031225555203 0.5829157054152739 0.5658080538155938 0.6133088843405811 0.6367467053789698 0.6412939465235905 0.6477048198314624 0.5492977210422263 0.5414107190222124 0.5390690924349635 0.5301910715107251 0.5169950698731501 0.45497484472027133 0.38391784506839977 0.3813001912170197 0.3789528925976439 0.38674926665396436 0.3705201567063145 0.394855223244748 0.3531744251451703 0.4027109337328707 0.43062493137324837 0.44336000210293774 0.5119517807379266 0.5380820381892824 0.5456433886801436 0.6047806138914855 0.620453940103241 0.5905852629347601 0.593356221925345 0.6124578043526427
0.7758985263003346 0.7015539631248108 0.640604955222258 0.6346773529900862 0.6386001754861004 0.6564166158915956 0.6236228286313108 0.6323042625223805 0.6350493427291167 0.6667734232345005 0.6919289091478861 0.6347444079984814 0.6462585238890838 0.614325208742049 0.5638599034286023 0.6205228939375376 0.6165704646413508 0.6868231181443294 0.6614401050206075 0.5767119247068568 0.5544050953688731 0.5247482098483964 0.5368038359342129 0.48844503823986546 0.46078971982795447 0.3595076147236714 0.35892415161285995 0.38433720014443484 0.3352988710201934 0.35033538568837075 0.38016712076601683 0.4136667455195595 0.37210686896838185 0.4049386995102036 0.4416697681230922 0.5015076772739707 0.5417700238530038 0.5932567784548243 0.5992641706791921 0.5836660444375437 0.6374143360015739 0.6488540161324978 0.6581981075984767
0.7062423090974311 0.6777105009900085 0.6533667943182054 0.6260199006952055 0.6405002489380744 0.6214945794410157 0.6362380585409548 0.6952647194868603 0.7108013593843637 0.6655666358491478 0.6851445109969704 0.6711295407904992 0.6050936045459028 0.6091542816541572 0.5709191176572284 0.6335398097443303 0.637790446874957 0.6455273912044766 0.6224176986766868 0.548932511806074 0.5709141955850475 0.5512755819298129 0.4714686579999857 0.48341405072111804 0.4439997957500361 0.3633958285310632 0.37446601559819775 0.38930269727677724 0.3577681090599234 0.385124267855009 0.37594878782432656 0.4041982869445279 0.42678783717234475 0.41032938352014553 0.4969429740185033 0.5561871909212003 0.5985472251370753 0.6292008154578784 0.6403654830209331 0.6660167984811477 0.6155203701592834 0.6388658339926525 0.6634178670129827
0.6605639121171981 0.5955108086173551 0.6101589929593755 0.6326697232997194 0.6610300347900067 0.705187918466485 0.7172064744269511 0.7078614371089957 0.7303393628619452 0.6792596464879576 0.6417212370178171 0.677264680990972 0.6006063962984218 0.5444373949699352 0.5570217088339038 0.6083435400366759 0.642631674133227 0.7104549744059993 0.6260637830409792 0.5719856290211294 0.5234922329268311 0.5322764319696021 0.514734047811333 0.4702456214648695 0.39633823297769805 0.36664090844037156 0.40654806628549234 0.3800979455275226 0.3944885088763579 0.4651295277872655 0.41279480049719636 0.4039176927565039 0.4518432994953978 0.4093473984958272 0.4609832653577075 0.5293138873838013 0.5851227554804835 0.6455696598741382 0.6457821408519154 0.6629686763099184 0.6233735659634916 0.6867781543072937 0.694756038009566
0.6917889989150193 0.6361241246006554 0.6171858260097374 0.6408646019235694 0.6282880217536302 0.6824162737931391 0.6901966207014641 0.7163898182277318 0.6829999226943732 0.6874871938900267 0.677790475324095 0.6481981972937497 0.663683513925221 0.5901214978645485 0.6415197341429042 0.6403226141040289 0.6402585980872221 0.6861952968423625 0.6325219167341707 0.6130410452539717 0.5260315879220571 0.5025382128980015 0.5134295799291309 0.4699600839858801 0.4407976776266326 0.4308780716742267 0.37625365315977927 0.35718142997907026 0.4040278872297349 0.4233972568521121 0.42637586796847105 0.39682178470802615 0.460714836441081 0.41455114818036387 0.4520246889787453 0.550813509367901 0.601444127010117 0.6234717223042622 0.6301211990478396 0.6068647825787556 0.6532065355761986 0.6581967301352407 0.6704880719940686
0.6230531741001684 0.6293920128167649 0.5907322548610395 0.59344120727269 0.5885798246734677 0.6293109478945693 0.6296983751579465 0.6419787582166504 0.6781452794078371 0.6818988388192739 0.6285329099748143 0.6651809888868881 0.6686992802860583 0.6179114557010515 0.6015739795563265 0.6680268118551519 0.5972469027777965 0.6051959134936971 0.5606529783382129 0.5767772142941142 0.5829273892676576 0.584062829631656 0.5140773715510469 0.441276974133448 0.44599931793658376 0.3783392462570948 0.38917933552872286 0.39757962641313394 0.3728386210718378 0.35715506288616516 0.37033077572484924 0.4578580154535941 0.44228200966948583 0.415313351189704 0.43710040463399363 0.5399084526803656 0.599285215021932 0.547502657334039 0.6129636813467552 0.590195208911529 0.6436689553462257 0.6575972213014141 0.6533565153798718
0.5751625624342909 0.5521314245477372 0.5995430779200887 0.631665002519267 0.6471468264368265 0.7158433313895484 0.7099936495868839 0.6646890833971001 0.68339676151906 0.6856563102666143 0.6436455633378139 0.6573276907064738 0.6509542791231226 0.6539215251173255 0.601777692717 0.6035130741951508 0.5994766970359638 0.6271440331744779 0.5854464873672589 0.5811957637924253 0.5439334387431212 0.5229017635847315 0.5012678305525538 0.45643647290594946 0.4006076395052723 0.36793877624268095 0.3758188253246434 0.41520860408854243 0.4075733220047605 0.3354603321468894 0.38218453282444875 0.4468940176087861 0.3996645603865354 0.45978762376672827 0.4640427651900044 0.5044150055460475 0.5666744536730866 0.539285220216826 0.5885113922503499 0.6413112067023986 0.6438198546013573 0.6420150134576943 0.594983130186636
