Raster_benchmarking/DGGS/continuous/raster-161.asc
NCOLS 100
NROWS 100
XLLCORNER 1743168.296753737
YLLCORNER 5469280.997956137
CELLSIZE 10
NODATA_VALUE -9999
[rows 76 to 94 of 100, columns 0 to 42 of 100]
0.6382279753585213 0.6151159153461546 0.6187608184889211 0.6130985557956631 0.5853362488383835 0.5760444337650633 0.5869761564404034 0.547801286049082 0.5267564429768937 0.5359282295751847 0.5237887963830673 0.49137193086905095 0.5055304279815847 0.5220075372775045 0.5259469667211176 0.5105839557209557 0.545752386643001 0.5642779941917628 0.5692499462609953 0.5615646870299746 0.5353581632212446 0.5455770569012434 0.5337145167099256 0.5218955747987212 0.5369454524136839 0.5475520771366335 0.5441685348756423 0.5612132121932787 0.5517169463538074 0.570866311794286 0.6007253044414889 0.6085966652374196 0.6418625455535218 0.6398684677517829 0.6692634444153736 0.6506952260955892 0.6709217595833031 0.64948359894757 0.6752344346263711 0.6903098392017948 0.6876823432542258 0.6419502651956844 0.6484705647254717
0.6553018770152276 0.6508756207044318 0.6263992680424904 0.6341729324096864 0.6130766047850192 0.5782599379908847 0.5735807715971967 0.5644148849975648 0.5568573650422118 0.5249001094741371 0.49941302846920016 0.490260631001557 0.49314063207218456 0.486336671071338 0.519854521534564 0.503189506551267 0.5285467758536118 0.5607882653723347 0.5788458238624632 0.5474063454477603 0.5219466380431099 0.5518902670230253 0.5709850075426769 0.5648667177474761 0.5347468952961922 0.5326911661761848 0.5497697268285867 0.5396365962636365 0.5646274725145576 0.572809444375425 0.5803441034870299 0.6175495157353433 0.6475019855962977 0.6256845001475455 0.6288649758775398 0.6491278134186509 0.6649969642336684 0.6478447768406371 0.684430071553749 0.682950120521782 0.6610002634759964 0.6339324160787451 0.6117972261830196
0.6305116555125954 0.6461306144510434 0.6351256230263634 0.6330288777959716 0.6202205469787656 0.5873622735041325 0.5915819221931652 0.5697136973149085 0.5582247386527882 0.5370628176959324 0.4998567823291704 0.5070638864480743 0.49369800874394837 0.4864356784927133 0.5114397678577033 0.5392341898941807 0.5304088276876907 0.5447232296486528 0.5607169685823059 0.5287939434865423 0.5261170833270563 0.5632687928762762 0.5560942230585104 0.5398716124614753 0.5653971394754252 0.5514087169448294 0.5593416774456546 0.5358531381187065 0.567512238038006 0.560328466996262 0.579401348163903 0.6219621147724357 0.6276452515596791 0.6543940299412627 0.6524566639413337 0.648121561489042 0.6539678659340803 0.6447982982382718 0.6660552092252497 0.6428178554283049 0.6380777193882484 0.6574565212166168 0.6335740343517048
0.6165446869790011 0.6270216542672696 0.6332939107249022 0.5950329667912512 0.635521448362236 0.618084114526807 0.6004535860128255 0.5529382300826288 0.551892218644054 0.5226369770394562 0.5131545675673649 0.5471859910206429 0.5150732844718957 0.5265801336614145 0.5614677590114495 0.547897998833077 0.5729844448340673 0.5703824843678457 0.5736375348176936 0.5500577516578884 0.5513271677979459 0.5432825959589764 0.5598189574700565 0.5576016215872709 0.5602645246799979 0.5810947582123824 0.5854679821139392 0.5509306273451252 0.5939549997965059 0.5834012610237318 0.6042042371190326 0.6037481760484718 0.6255687901692485 0.6423970495590057 0.6534721162043716 0.6676756541181577 0.6637986345383333 0.6217817566577186 0.6282310763657631 0.6245523962856929 0.6355284380732502 0.6404949371690755 0.6189184029098659
0.6375642833170319 0.6547909930755449 0.6139972132816169 0.5983888918748465 0.6256549067708536 0.6452990045052064 0.5945849848970548 0.5634679075305233 0.5509559429872983 0.5353719320286205 0.5704468492735075 0.5657893299726198 0.5768432548488364 0.584296412325479 0.5735456258142478 0.5695239738650002 0.5888206265800143 0.6016870835682455 0.6031209370994678 0.603099623158888 0.5596585860060334 0.5481030748832509 0.5601924057484042 0.5929936336634871 0.6065302341047327 0.61396491301063 0.5803432842245017 0.5874713980174541 0.6133999147751265 0.6118594673026605 0.6050958211829305 0.5907648481223186 0.601218542530338 0.6187120372495958 0.6278136448390819 0.6165983584082358 0.6435353067921209 0.619709467182847 0.6418739942557289 0.6162560262803909 0.6134979386075087 0.627099093497421 0.6301499731596045
0.6674524369678343 0.66392289788076 0.6247110826547625 0.6442004461084574 0.6639934691807939 0.6581968777512481 0.6176685419197364 0.6220043631327635 0.5817963823950683 0.5782516410598576 0.6082497132366942 0.608743517952197 0.6149480869069993 0.6078996031642625 0.5890289948455822 0.6172274156623968 0.6320536738993926 0.6372565278178961 0.6437417741725532 0.6115813446120043 0.604060697822311 0.574271585520472 0.5916374900715089 0.6196093467831675 0.6472193402187127 0.6402362435999225 0.6208630984141761 0.6358996088752877 0.6137861513905918 0.6203185438286342 0.6215033525910957 0.6217660313335146 0.633269654067895 0.6098815113460512 0.6103706974232261 0.6087419558519424 0.6375314709038234 0.6292982685962382 0.6428252426337537 0.6617089865597946 0.6419002485502456 0.6097708987803357 0.5867031905221635
0.6839003478432594 0.6849060148713672 0.6649515674374218 0.6461350670604795 0.6504024603803231 0.6319116779343322 0.6399545073762849 0.6122766911973201 0.6199059839198776 0.6468782756516497 0.6233386777430657 0.6324454749049256 0.6328974162925267 0.6135348740281901 0.6309798721531188 0.6450146612086907 0.6671835619261638 0.6430806920534939 0.6461665776399329 0.605235872364676 0.6100142842557655 0.6290853703845194 0.6091271290790892 0.6139428954426338 0.6560458338814477 0.6461206378128895 0.6381087868115716 0.6395099937093546 0.6711820761476425 0.6455187702351949 0.64267508092669 0.6317220869360236 0.6399504561813972 0.6311628415710966 0.6395942603892245 0.6385443520954447 0.6243531534042851 0.6337371622209996 0.6459396686344552 0.6332116226849187 0.6143209060833515 0.6086867022406299 0.6040810136144966
0.7130977170768138 0.7343748819783307 0.6829965715950181 0.6734531713475311 0.6568382394315914 0.6180640666274678 0.6129501927381875 0.6206692243678273 0.6666935830882486 0.7024987047889797 0.691345387202197 0.6570061874687478 0.6591904493261789 0.6597898218333014 0.6765767742061572 0.7000873926717184 0.6908421839128794 0.6390915494153812 0.6651881719403547 0.6397028403172974 0.6306940942284358 0.6522991357975658 0.6566724887442754 0.6380645217154984 0.6758739145846816 0.6584917308697518 0.6577222065519563 0.6906901665786682 0.6718675596770866 0.6825037237064928 0.6806521304060258 0.6864021955667836 0.6465024469440454 0.6812640434377715 0.6273424014934873 0.6097313066997087 0.6372093907717433 0.6099225866935561 0.633779017889276 0.5993743278712962 0.6363417145346595 0.6298891574595877 0.6160449789779135
0.7271776878862903 0.7391657500141892 0.6896326886627696 0.686543046690609 0.6472100448647694 0.6306854541108962 0.6386220279355693 0.6428560148886577 0.6892857597354382 0.7121695480338103 0.7235163041679809 0.7151922460490184 0.7239045816469917 0.7197912381352073 0.7186160700394764 0.7201300882038763 0.7033276467128432 0.7196688639641311 0.714778133565988 0.7147212386290002 0.6936442400025468 0.6714917450325136 0.6561472847126331 0.6756661444930517 0.6687891416428683 0.6862692263712603 0.6794446832855651 0.6824666112531808 0.6958998441512015 0.6820690469311991 0.6861336616837506 0.6917635686321137 0.662344859912058 0.6538691697584977 0.6413095464112162 0.6383793538451692 0.6278717116153615 0.6236057135927366 0.606953061508233 0.6247696784408894 0.6311144521543702 0.6373103250156866 0.6026630602434121
0.7325247823128184 0.7234159763720011 0.7053530953685654 0.6757041572833261 0.6610369706603964 0.6526953175650971 0.6761174038641063 0.67569078763973 0.6800445875644248 0.6905956924993936 0.7147211896013108 0.7556051763475707 0.7586374672516888 0.8008896407940007 0.7846197699067522 0.7867790268373525 0.7814345274504255 0.7676971954159781 0.7669508149253669 0.7442289928646746 0.7403420474149978 0.7272943044928931 0.6812720504037193 0.6527452243443904 0.6612691108231131 0.6944631819505096 0.7043580879309481 0.6859242135915107 0.669073188500712 0.6497838105160217 0.664382557725157 0.6633325753314984 0.6733392797987133 0.6796598413098952 0.6669529414148474 0.6401329839304205 0.6343953319995372 0.6366321907758026 0.6249612813593419 0.6229434973265288 0.6326469213739364 0.6280165744349092 0.6110719783343472
0.6943782891236058 0.7014220614628103 0.7066598604516648 0.6588762581457097 0.666525081704306 0.6564849612027824 0.6601648112311227 0.6934882757877602 0.690135044325459 0.7319034186028585 0.7674300422680607 0.8011655121344428 0.8205561871563252 0.825432535209065 0.8110435799059784 0.7912413771674836 0.8045003755273453 0.797467113800105 0.7688771884832014 0.7715651833514657 0.7493416920237183 0.7263979863170587 0.7306719525865191 0.6961971141277323 0.7025561567541345 0.6875292165951185 0.7083532283995746 0.7102513853468626 0.6937657273512975 0.6970056651130708 0.6724774195133287 0.6882340836587122 0.6872662286274603 0.6564808302051864 0.6681676014477101 0.6877309520294095 0.6756748140322465 0.6830950384820138 0.6531963590493286 0.6474683081052474 0.6492361207401556 0.6284501385511765 0.6082163398072404
0.7010466941872918 0.714418869778877 0.718334438083464 0.6713566000995753 0.6569240447350867 0.6454791135698568 0.6513162628604963 0.6723400739140198 0.7428112900126352 0.7701842865747266 0.810021383914242 0.8447218881598656 0.8383985838667267 0.8689932650111647 0.8368772874324727 0.8299419710930438 0.8474115940648169 0.8421309605716173 0.8216419005739659 0.7671100717380912 0.7646128425209082 0.7239453523595529 0.7304327352165878 0.755074464584481 0.7415337233410161 0.7060963495243652 0.6836005784303665 0.669247451405225 0.6934953932611049 0.6969054982261939 0.7164333061558763 0.6979221472344745 0.7115406551966168 0.6694154447138215 0.6670849910707859 0.6959119318707232 0.6757236270527921 0.7117266317553217 0.6711497645745567 0.6900453008050228 0.689084143842158 0.6593310287136881 0.637614476722628
0.6927359134306336 0.6835031820609401 0.7157607958396505 0.6832841634467922 0.6657238917138464 0.6545810158642856 0.6683932613422234 0.6957893076313759 0.7575401875270134 0.7620814575484093 0.8031377009743031 0.8450509090449585 0.8605703138008501 0.8684933821835988 0.8869723074530976 0.8436270421842291 0.856833890135061 0.8371453208663455 0.8422009259098169 0.8199409582454608 0.7764829805158802 0.753101557212063 0.7687289269524334 0.759287932902508 0.7598720596716705 0.7537010703272072 0.7042686556755795 0.6951095908820442 0.7219397101522246 0.72184023295727 0.7413539248553599 0.7389967897772649 0.7362448881758417 0.7015046441770397 0.6998160027774709 0.6978571752846535 0.6976469019993401 0.697384689409539 0.7175239687033294 0.7018493475912145 0.7075428893816442 0.6831176765290871 0.6529561852995803
0.6899621693011725 0.6933110627589544 0.7050068296606559 0.7059024831675133 0.709242774542813 0.6750033261871207 0.6961891749471968 0.7462467181231938 0.7599407262300513 0.7803786897316267 0.7967905195543353 0.8450422419419592 0.884244955682872 0.9067323490340621 0.9023003743516509 0.8766816137011388 0.8778280871182049 0.8669200259508182 0.8804390345615517 0.8842187075022435 0.8478322213100279 0.8021314717211623 0.8012322402381324 0.8014433156103828 0.7712427351194144 0.7695887564077464 0.7444415151587026 0.72566674719283 0.7388581788583718 0.780734991029183 0.767807508868122 0.764040352989448 0.779138096037535 0.747076258839296 0.7456137734359005 0.7204150882541676 0.7003123616142599 0.7083260460754678 0.7260829684843016 0.7160034823008795 0.719769611820464 0.678094714903302 0.6548977122047551
0.6703211595139431 0.6876063235198504 0.7055972787355 0.6889260782862823 0.7116871837576403 0.7001271611149334 0.7130538051887404 0.7867423075422203 0.8095944901833799 0.814777126191338 0.8234886497800267 0.8576752465944552 0.9161048812091724 0.9241456396972835 0.8990849423822507 0.884867939537465 0.8952670356626595 0.8747817791545673 0.8839917875959379 0.8993286038570519 0.8912612878087937 0.8837878685722175 0.84886981586926 0.8039932425593614 0.7946850647824575 0.7741525684222716 0.785781872462611 0.7445595209271014 0.760838866368031 0.7920670652321457 0.7842638491178122 0.7767540839975695 0.7836245969760834 0.7756579143474124 0.7289591645047946 0.7450439219821808 0.7234034268613931 0.7451599789638896 0.7296523208583365 0.7053073587226577 0.7120071832549857 0.6658775928849404 0.6721300107513998
0.6824308538728614 0.6970792066573246 0.6883672159412068 0.6775486597084873 0.6898627040137649 0.7001502456119145 0.7473537908240758 0.7921100287431412 0.8293699251628993 0.8689440523477044 0.8424203971025714 0.8781758065137751 0.9219950805520088 0.9703257473218453 0.9322595192175808 0.9153475384672713 0.9055548640567979 0.9096655750863231 0.8792003841385453 0.902598656791553 0.8983732194623383 0.9280660117106744 0.8907506155801082 0.834498565006829 0.8223884241346088 0.8009846530496779 0.7785790433500526 0.7671770743967758 0.7700991451475282 0.7948971553109718 0.8004716882050508 0.8129067286116112 0.7857128238519159 0.7727957203580513 0.7320584929486504 0.7325669173382161 0.7699008576750498 0.7834278274158698 0.7518204450518533 0.7506836937049334 0.7388907065395293 0.6796394492669552 0.6550756816852628
0.6828754583240486 0.6960593636514067 0.7225192654855441 0.7095883998185362 0.690517942332559 0.7298161549765333 0.7486910692672859 0.8071215805163818 0.8089674151468944 0.8237984107976197 0.8479760849256347 0.8695590466439342 0.8964111795869576 0.9281705355012149 0.9334417769464735 0.9139390349196762 0.9311492503591736 0.8891207291823199 0.907641376228947 0.884541793780774 0.9233632290736613 0.9334255325920369 0.9257514886630308 0.8740710906368173 0.8429201899565081 0.8508227635086587 0.8049478568047723 0.7984311527193219 0.797418535619943 0.8155406671238259 0.7828546631385032 0.8033594406380626 0.7679536547210947 0.7714825365683464 0.7767435378173344 0.7456365966230687 0.7529895391915308 0.7924285155118925 0.7790067045175472 0.7510407331123823 0.7418603630515058 0.7177058521513513 0.6852916006291726
0.7231171290148545 0.7311153620783974 0.6972941603645684 0.7016128713829151 0.7154138425887572 0.7697900415545105 0.7645826737798567 0.7972442181326664 0.8293781911340807 0.8554783195606754 0.8521617748989577 0.8518741642934406 0.8570223960290031 0.8790391571298016 0.8894892931117588 0.9279957091938099 0.8954393155588626 0.8947585971524991 0.9125188756512338 0.8889603478356471 0.9190692544238894 0.9135703719519687 0.9428199603690979 0.9430883612723423 0.9064155219712821 0.8691634549580362 0.8800907119861301 0.8442363513345101 0.8430256603068901 0.810926880234154 0.7991633271101248 0.7882097494659679 0.7639816239442735 0.7588716020472238 0.7446855969253052 0.7677768459950413 0.748047900721152 0.7780716006751442 0.7726760310613269 0.7564315251286232 0.7280289541075441 0.7009187513221264 0.6903616517029695
0.7002869119164882 0.7319327616619586 0.6964467377506361 0.7024056109141558 0.7352862372561599 0.7448234792952083 0.7934007788764513 0.7843174214994701 0.799604639145005 0.839297622131137 0.8343381331481478 0.8809769903747773 0.8886995336434153 0.880000259985596 0.8706567123946998 0.8732544860038071 0.9128726173809754 0.9223440212827976 0.8870033430105573 0.9185007341141097 0.9391795210001431 0.9410627007483993 0.933872128566957 0.9338950560976874 0.94413551166128 0.9115920803775776 0.9132506688141143 0.9053599812817902 0.8934229017318974 0.8631158645260105 0.8453649061981933 0.8147139665227539 0.8134755700977387 0.7577315173757311 0.7469671075362637 0.7595149944653434 0.7630710545586087 0.8035263339987013 0.7876514804817806 0.760508413250392 0.741092047824917 0.7334942570313897 0.7186403274973402
