Raster_benchmarking/DGGS/continuous/raster-182.asc
NCOLS 100
NROWS 100
XLLCORNER 1743167.3933462703
YLLCORNER 5469297.150882077
CELLSIZE 10
NODATA_VALUE -9999
[rows 76 to 94 of 100, columns 0 to 42 of 100]
0.427986494618926 0.490375761260202 0.4613137659644711 0.4960726552863599 0.4213486909139107 0.41699845399322216 0.43737288539391306 0.4347075876475493 0.44161614774895797 0.48841636911249303 0.5149970774120948 0.505506745202037 0.45254949837530145 0.45080047114221344 0.43176109246973393 0.3651531325387662 0.3561900852778386 0.38402887125705937 0.3630851544775328 0.4283545043541149 0.45587566720748063 0.43808571634343885 0.3733444889040383 0.3567032656728377 0.3122147152760967 0.3073146600338932 0.31932899264882303 0.3396109245754003 0.40761401659946433 0.40139009658627334 0.4124883395563532 0.3956192504896318 0.4630884256333615 0.4864681458682569 0.45418746746327465 0.44065547092798024 0.44875060148262197 0.4193812135769983 0.3927503324168947 0.340016670144372 0.3595292925352401 0.3123192297777181 0.3452571737795789
0.44191102996974746 0.41950815214755127 0.4366537773685134 0.4439499559264827 0.433752113234988 0.4160049311646948 0.4317874004249154 0.47614692946360976 0.4826846453795355 0.500332837873583 0.5302085285047529 0.48994422336611515 0.46020701906603273 0.39799789131236507 0.40486326994084343 0.34418125017115647 0.3729798247020149 0.383188160642285 0.41231914365214406 0.4395733435054619 0.42187377817249067 0.45557774371201365 0.42170512747514216 0.3490082080638776 0.3713346734248313 0.36886917466275654 0.35548326836561944 0.35006714631710306 0.38585076632880616 0.39076899148624245 0.402178904006598 0.3958533207146629 0.43282840994985167 0.4207296437113516 0.4245683258282338 0.4372439149883255 0.4247343847924772 0.4115505509187698 0.373453751232122 0.36255860750770486 0.323082879460411 0.34913929813597266 0.3932208701915048
0.42881890050258414 0.3971697830092092 0.423631363857898 0.42448297805178437 0.4586514293366137 0.45920358369669545 0.4740909779511619 0.4882194631382659 0.5243514016259601 0.5033505454539356 0.5212500627208805 0.49970850811397416 0.4175072223238123 0.3785805354162293 0.36675605171856435 0.34144430085994937 0.3584288278241422 0.4357809765086377 0.4699556806031409 0.45786332506933847 0.4219064249042441 0.4197805125348262 0.39613761442324735 0.3522641214218346 0.35890482437480964 0.35248399327701685 0.3391256830019988 0.33264335602501016 0.37902832077722715 0.3631759747665952 0.3941513262906722 0.37709487889696675 0.3953161205317443 0.42957065617305307 0.4368138830842284 0.4615524720687432 0.4207395331669667 0.36932890291102066 0.391536512731563 0.34886999759529025 0.340704252241189 0.36074457113368735 0.41384200925035186
0.44336467697108145 0.4310920053442383 0.42400181921589236 0.4129561375567679 0.40966800155308775 0.4482314996785155 0.4715591405152956 0.46229269208665436 0.5030971406348521 0.5226953273506458 0.5109004289533995 0.47214755721614154 0.45350704232427774 0.3701515919549556 0.34485874651757203 0.3437488113841697 0.3667517769938875 0.4083252998622848 0.4780181896084256 0.44461846301257346 0.42383056637749056 0.4210180786827563 0.3732788974242422 0.3952883532547478 0.4077294833248682 0.4209270779147702 0.40216139234037984 0.4128257887251957 0.42418155606890773 0.46455709039100335 0.44826203660693215 0.41184832588771186 0.43893649948063895 0.48443824094128796 0.4610909765842829 0.43892175913969145 0.4366194100978379 0.4162849662596835 0.39449923602245773 0.4019855244754672 0.40102259908098425 0.4278989110011491 0.44918744166156693
0.4725203386173503 0.46314752122860736 0.42500238524103023 0.4241021308233183 0.44628213621829727 0.4288215244293381 0.47363575985637296 0.493767731618292 0.48838750603746844 0.50074871434516 0.5195408285430047 0.4724265398608176 0.4472374284136787 0.4193875212099279 0.3866693492843896 0.36232332422761127 0.3898385651254837 0.4509856242161071 0.4899170538976316 0.48201272530181205 0.42666183592229034 0.44576063504374347 0.39583663764525917 0.3822394652276927 0.4195349218262543 0.4264134933184482 0.3827281696814655 0.40832846171828663 0.4603466336568193 0.5002528376776899 0.47321345939412696 0.5066442144517258 0.4861738632290704 0.5025391160614827 0.49107978342527775 0.5153455803900056 0.4539966106132017 0.4558842653560716 0.40003080009184216 0.38830037111610044 0.4333605985656659 0.43885522752540695 0.45686759944398697
0.4369620860662684 0.49300556547682467 0.47338104084817173 0.4377241049406759 0.41761401734301073 0.4752241579190591 0.4926929005802805 0.47069645438189955 0.5100872498544178 0.4912314056153713 0.49715049073922724 0.469719462740442 0.4791706010351273 0.4466176248508824 0.4533573218439664 0.41901175478615293 0.4323574891727397 0.44333149172458564 0.46876144557620875 0.4671844635812794 0.4262088670345187 0.43482870340118673 0.4003317192925478 0.3799986517106098 0.4129134971401376 0.43476440687529855 0.41822224680699077 0.46815278077074585 0.48584531651413143 0.5456780346638347 0.5613277801960067 0.5587643677276712 0.5508407412541048 0.5395789496603218 0.5133946192243602 0.4714214535082934 0.46894517133189273 0.4651478382225352 0.4688076965120929 0.4314822185918418 0.4340295324727716 0.43250967578324023 0.4075719118292393
0.44870983090651817 0.47822018533989974 0.45136218716143206 0.4245162593990373 0.4653626926775669 0.449164195758901 0.47097260283557907 0.4973727600194277 0.5054063141928261 0.5190731968780462 0.5197276567025706 0.5266780345929605 0.47838619597746274 0.494055093109384 0.46122069759956486 0.4508889874354082 0.4867782228665264 0.48085677044789005 0.4655339653286412 0.4479069069023228 0.4277712370783627 0.41283354002059447 0.4308605109363193 0.36794804994436353 0.37746419297848366 0.41676197573859286 0.4355898331434068 0.4578708718923869 0.4696763313161422 0.5532673837744528 0.5509642481633543 0.5935567543022204 0.5537438207677803 0.5200153351228431 0.4744015889401175 0.46121367613776376 0.47187630257609076 0.5175796294803747 0.4677530977474976 0.46182036277087546 0.4754636035337172 0.4205041091562788 0.41942788095665406
0.41220574778313646 0.44079855291288433 0.44555058975628664 0.45233895616241726 0.47813920192647213 0.46687100815194593 0.4863212272341772 0.528292030161736 0.5421461887498249 0.5622571830483994 0.5622053099714113 0.5183586546488669 0.5230119250050995 0.4793635422808734 0.4814447478245055 0.48725972952517266 0.4802617624730526 0.4373511082283135 0.4340001167589768 0.4541996244253162 0.41837213051547506 0.4162366036721096 0.4184735629663683 0.39752685458237463 0.4224855674988168 0.4218458960829195 0.4580735826882269 0.5051189701271829 0.5007194491465108 0.5665932707619258 0.5936153763949105 0.5825140836083663 0.5508634354125992 0.5431492849323764 0.5106759127479953 0.48614999429512556 0.46460182561112295 0.4822196873967313 0.48830685993820633 0.5020733510441445 0.496938842566291 0.44119921830960174 0.45430092117973914
0.41744579193024256 0.4216449037770047 0.4323267973205946 0.4834601337833474 0.4738012278230308 0.4929354267619081 0.47243194865918947 0.4992585403398189 0.5203362670212023 0.5496187163234453 0.5444214724864469 0.5343155998376166 0.4916692314107093 0.47992458272394256 0.5271310001256387 0.526827536678156 0.4997989332550723 0.4370672368270482 0.4367263458276314 0.42573335568385057 0.40423920030516086 0.3681281494680736 0.38970460674925944 0.4549234617695125 0.4757846707264913 0.4703018623342896 0.511709873372092 0.506873887779237 0.4995367184905709 0.5886859311972138 0.6051737154720244 0.6056334740092316 0.5934336385093709 0.5797347208185095 0.506350235492638 0.48600019775406395 0.5126502515915298 0.5060531942591836 0.5128329366495635 0.5030783821030449 0.46661716801339276 0.5076910598131188 0.4898147455500233
0.42917609969867987 0.4191625352524004 0.44167105217081637 0.5038013328937859 0.4947455066852321 0.48313649600106906 0.4814523907728102 0.4611452593300007 0.4947202093403476 0.5424247096850081 0.526494056256873 0.5409333863995208 0.5409622775324413 0.5043717632308364 0.5280807829906738 0.4752285122287424 0.4494845982414978 0.4308047986998332 0.40977567895486533 0.43867185439558554 0.39128823448565375 0.4164627558868406 0.43275882205318894 0.4397179589141401 0.4767390318373267 0.48973190987214854 0.511994688579081 0.5266999760296948 0.5237232539080908 0.5537168750748606 0.6088688334177595 0.5793681493856474 0.6026007029113964 0.5529177587721195 0.5579375244372528 0.480031968850586 0.5028680916729164 0.49393852153321965 0.5227431383918778 0.522301511446631 0.47302156444007515 0.4684008468047945 0.4797720309792077
0.4450618576055384 0.4633291354576554 0.4858053512969089 0.5169597426541617 0.5124524639380964 0.5043651885706522 0.468870871343678 0.4823179464412214 0.530119908720783 0.5404583944756378 0.5044497685673847 0.5359527020987794 0.5807520038672921 0.5696027803802208 0.5069331085156196 0.47954062094086314 0.458498174719529 0.4269125286131038 0.4107635824893057 0.4588964998460814 0.38520462545633255 0.3639727147362217 0.4091582615429023 0.42465598950810984 0.4318788851180547 0.46494261482596183 0.523067819965466 0.5132119880018952 0.5742843427447814 0.5911165323099384 0.5794723223667543 0.6232099140373041 0.5919663255429165 0.5661842520798289 0.5219621756368051 0.47621768344301624 0.5088588684955756 0.4582258105391833 0.5214297988265659 0.5141730297900581 0.47462315824438905 0.4606956303113543 0.48516793453287127
0.41605151364988563 0.4133302760256058 0.45505070800085307 0.4834550119254951 0.4965587564565117 0.48970815417146346 0.5312619393363933 0.4960941436982152 0.5363636770330168 0.5004176217709497 0.523979809166382 0.5350019736696308 0.5674673237004926 0.5435695790195104 0.5326575866665922 0.5271007525450264 0.4699766943814595 0.43366439867479034 0.43095922875821707 0.4181921970573005 0.41366180814717113 0.37419580246845596 0.38116971398074434 0.37849609295102876 0.4462242005500754 0.4815237407432628 0.48506809789918104 0.5465002479054767 0.5654632246835841 0.5508484561116251 0.5697725158293092 0.6105184108354726 0.5618550035294262 0.5508127532296038 0.495662446723563 0.489567697727796 0.5041276152555583 0.46080160853102653 0.49328931639298496 0.4755734655529133 0.4692335857113007 0.4290242237379577 0.4447984152632993
0.4230424220521841 0.40116498293720354 0.4527396725213773 0.46354228893454913 0.5007355144358439 0.5324598747743444 0.4918279645920825 0.4939128136011713 0.5122287454813873 0.5246505528708915 0.5328717275419761 0.5625250525779794 0.5231433952272376 0.5150132447091069 0.502772516452608 0.5165110150802715 0.45710398528441265 0.4022553914073441 0.418937166739431 0.41832705134439063 0.42438521448676975 0.3874212277116732 0.40535577141013673 0.33751470560148705 0.39265357343520757 0.4775089444617633 0.5009867202673393 0.5618012602682482 0.5737841876966235 0.5816045290375043 0.5781616790450907 0.5818728720968912 0.5431323574619998 0.5378332740565837 0.5077818638217932 0.5171567121911832 0.530281294838139 0.5054606260697316 0.4958314945225054 0.44407547743459475 0.48249015056483135 0.4430936900598495 0.4565856558916604
0.43829684657560736 0.42997010853969514 0.4755869932255211 0.4517498393063482 0.4669549059157777 0.5333861707691239 0.4924683682686249 0.5047868681538222 0.4802063996796804 0.49280976419768213 0.5005973101029583 0.549708527761717 0.5110718894335395 0.5302031017186424 0.5130470383782604 0.4853368893645917 0.47561615407687646 0.4208204129072261 0.4314866223759849 0.44202424381386307 0.4185093082272638 0.4042253531690774 0.4034507789851282 0.36406192348637195 0.3960869924104395 0.47269662110146704 0.49116341523854024 0.5226743426522333 0.556483189984261 0.5678989952345387 0.5423899720894224 0.5587250368373592 0.5369842539089048 0.5109134099196428 0.46617914774732616 0.48132442093726113 0.4894075810652658 0.5105125781438496 0.47492911560478607 0.44089732087607686 0.46134296148341536 0.433385307485434 0.43196393331911676
0.3958502643862119 0.46027351414692613 0.4857770111261113 0.4599996437929703 0.5084330023707876 0.5295656181750311 0.48631261820157273 0.45093712763969346 0.5056926650466304 0.47651990953835877 0.4668069232342885 0.5176186163846072 0.5267394856886604 0.5126174054555817 0.5496476340213825 0.5392457865517015 0.49248085610763803 0.4404912592658932 0.4428171398981325 0.44821755849609785 0.4228141821851748 0.42941055005936657 0.39807153549269686 0.3861913947924962 0.44418929971805216 0.4431589452661685 0.49431489647222315 0.49854128127780234 0.5346871926687101 0.5674020940013158 0.49526929582790863 0.4778509759007954 0.4993619814254657 0.46015717782073917 0.4698437941279834 0.46856778783599584 0.49554270578811704 0.5180357504843496 0.5131353159100847 0.46796006597110074 0.42255970187317343 0.4317794215440582 0.4436536333667238
0.37860125035700115 0.41258385432071537 0.4518842988103295 0.4759506242996949 0.4545176930855434 0.4894541462218135 0.513112142954738 0.4666926675361538 0.5064071164761248 0.47274680698135224 0.4676616207083425 0.45352697087116595 0.5016195322877214 0.4835972001541033 0.5144090155372169 0.5098352895027428 0.5107661943104314 0.44043332103957894 0.4495429287484034 0.4198241332779781 0.4436409364809862 0.45055842306962196 0.45362243153426446 0.4136127612378208 0.43067013303158874 0.4820760130253555 0.48385542927831227 0.5164816318767653 0.528302670637689 0.5297767535554351 0.5111420038488598 0.5059462017626836 0.47006583820646597 0.4903279946524483 0.47436802134278067 0.451879221721808 0.4830601293062265 0.459069456616195 0.49918155795219354 0.43941726875811743 0.4163649098874593 0.3950394624423 0.422850178928744
0.38647069350602314 0.4173079558641415 0.4265478869708295 0.4417846017971633 0.47376067212700385 0.5064026960055178 0.5271286659035813 0.5110260758521633 0.48505962431268845 0.5176560404845348 0.4512606894543322 0.44565498431475703 0.4689894790712857 0.49753829505243674 0.47625726505330757 0.48335723984382833 0.4844212338364948 0.4763701049895506 0.47739634098750805 0.4400653230875383 0.44116134767163123 0.47278964658368666 0.4578720873389408 0.4596859371064316 0.4785275297860954 0.49953366542194927 0.5013273455216718 0.5459360981693157 0.5699698843619251 0.5547720052290406 0.5088734004230833 0.4580913656864506 0.46135083471038413 0.4638292773686143 0.45958341971289485 0.4781107337781066 0.4764052095637937 0.4393373722192778 0.4810076607499034 0.4642918115291934 0.42701347806175105 0.3967112736947751 0.38286448661960254
0.4086505401668138 0.40835089781117373 0.3988627355354054 0.42446165946534775 0.4545944927457528 0.46333057143168144 0.4628467691741609 0.4659602720558999 0.43035303071982384 0.4972997542234119 0.48374295024679564 0.44607407628484846 0.41618580202092204 0.4188460450870135 0.47550086731556024 0.47542406464873094 0.4644392869859211 0.5022283927311998 0.4663353288565803 0.46371237150007016 0.45555246936457433 0.4704139141889928 0.48306794970084826 0.4634905317060377 0.5156053176778189 0.511219605428007 0.5113155092967819 0.5201099291222402 0.5414897319032196 0.528068050626217 0.485193181991971 0.47220052090795395 0.452239047013668 0.47807989645629706 0.4966864502230646 0.5321080334786863 0.4939199041955489 0.4524916703366395 0.4351472139165906 0.44678708701125575 0.4085823716173516 0.3868301431643317 0.37839391540080375
0.4087182704478223 0.4401974582889897 0.3889895589265902 0.39682234650173154 0.4273117136276473 0.40606215757805963 0.4339045718589924 0.37003453097134875 0.44003494635867635 0.44582428165853544 0.42178913471655916 0.4481297938716022 0.41086646987196906 0.39669597190816347 0.45264361395727276 0.4438870220343983 0.4865999566210544 0.4912091198909539 0.4937481680500313 0.4440232948858816 0.43383313318685124 0.4478470420206012 0.4947509601363319 0.47650524848739223 0.4993734182496892 0.5360401134046554 0.541990434877469 0.5624594110419815 0.5278532943902416 0.5199296599777442 0.4938891793190047 0.46929216761573217 0.46670776871114156 0.5342831147150893 0.505239562063623 0.5490320166247873 0.5342898430700254 0.49713720864575306 0.47140522853450495 0.42685861121864105 0.44112969668102175 0.4039030760612783 0.3809274926176658
