Raster_benchmarking/DGGS/continuous/raster-26.asc
NCOLS 100
NROWS 100
XLLCORNER 1743154.6394531047
YLLCORNER 5469296.358900264
CELLSIZE 10
NODATA_VALUE -9999
[rows 38 to 56 of 100, columns 43 to 85 of 100]
0.41352325048528443 0.46333535070352483 0.4669975487412573 0.4614793011272534 0.4418424435465001 0.38709175248354843 0.31512835805503586 0.2957728948378304 0.28370479347950833 0.3261086885671938 0.3623674813903432 0.3889891452370314 0.39708619153104635 0.36841437574553426 0.3829482334109947 0.3638377956803306 0.3824339493472641 0.35541932501586315 0.3352783753971753 0.3344745883446381 0.32778403413025836 0.351606276586962 0.3790177405720102 0.3625381829059346 0.3854378345090647 0.3861547140974249 0.38020199956512996 0.3636418213938198 0.3299930148460522 0.31524980964822585 0.31784232317974787 0.30815644204404363 0.2853053803442759 0.27296484515267616 0.27288102480803483 0.2473184361115151 0.22800090382670354 0.1865682789377678 0.18375575662756677 0.1534749228822905 0.1356196957302175 0.1354590163730558 0.10648186497878206
0.43406878956474315 0.44288655997284604 0.4684719007754863 0.43397422984192147 0.40933268463017713 0.39472946557192823 0.32400913699645617 0.3132677141650372 0.30280959762654486 0.3525735918662817 0.34929939698692825 0.37082079881300617 0.39825744591095635 0.37066227596518303 0.37413956163470263 0.3871743709502303 0.3725071806074824 0.3669808713296406 0.37992811155799106 0.38133316840139836 0.3713809221834984 0.3422640903137477 0.3454723297440557 0.36112142330658925 0.34958136346074425 0.3778534965696779 0.4094065580841544 0.36573750753246753 0.3782488442653679 0.3432413016121589 0.31423165477576903 0.3241838409351864 0.2836324123539154 0.24878715715592795 0.2621392451065686 0.22875199593651405 0.16736849510228305 0.13478909922433535 0.13957716815622023 0.13090070267658258 0.13015661177743273 0.13100863413913486 0.12005962646576622
0.45780033723520136 0.4784095979110926 0.47682033468405915 0.4525021955317556 0.396354337658562 0.3891883762601556 0.3469298603049791 0.33541891989501393 0.3427315834524133 0.3460483122825528 0.3565299694849602 0.3750186594933465 0.3836117812049968 0.4044464235628481 0.39117096213449076 0.3934403759299055 0.384114546593867 0.38069684201535114 0.409674716187179 0.38648825190212166 0.3590129176139191 0.36183137488371026 0.3684883707313775 0.36000830127704675 0.3844945055322991 0.38163036157860836 0.3714972164572852 0.37966352976915796 0.3934160981692623 0.36736006108251645 0.3384745215369081 0.3038790691821746 0.282923944442443 0.26752246694065007 0.2372565179919468 0.20542228074930008 0.16957882364307988 0.1395862484402583 0.15009724307820357 0.14593287865696197 0.12628577897968105 0.1445869683116765 0.1530124727888833
0.46554147902992055 0.4598895708056135 0.46809293104886 0.44871224946598554 0.3954720675278274 0.4039047798875213 0.3829235162628673 0.37991611470888415 0.33132757499691873 0.374466061376549 0.3919859696572914 0.3713887373719548 0.38780266302441996 0.39607814999731444 0.40823283153781026 0.40905552632612807 0.42577002670843367 0.3878822568997467 0.4014023136457787 0.3917169520722606 0.39269583845653777 0.3935634088754014 0.36904319265350616 0.3703741590267582 0.3748198266998044 0.40464029197816426 0.3994067290166547 0.3817144616450848 0.41166676796326307 0.39979155174064157 0.3638038207884722 0.3331181667690718 0.29779671420774845 0.26770144634090653 0.1952370836366596 0.17793618338237951 0.14794908661922224 0.1352979648080558 0.15902474120433166 0.15339900126691802 0.1520584961099013 0.1425384769643883 0.1273272301489507
0.45748100855001145 0.4611983755929182 0.4727861895019909 0.45230645021833404 0.4433435221864969 0.40065466378327763 0.3774493473248489 0.3871509128991467 0.39234222905352634 0.4067412741812013 0.4084745382464914 0.42031866046323213 0.40641624621321404 0.3943094823004689 0.41572854238904744 0.41018586236797094 0.4199147814385247 0.40337006864898495 0.3761734661063232 0.38107207460552117 0.3779508744488514 0.4024617141924079 0.40856790975712337 0.394536616148112 0.38829695844507206 0.3875123388758177 0.4123983818948737 0.39494630265414243 0.4168444831237935 0.39142716165900265 0.3577272016879885 0.31150499613270055 0.2526222564612551 0.2168519475920732 0.2009259933165218 0.16862155052370423 0.1658162823056168 0.14735216632429185 0.1409437203154133 0.15934734961731536 0.15312896571899404 0.12644688251952593 0.15983299687716318
0.4582716365666016 0.46414708169880947 0.4999071531017068 0.45670372024447325 0.45035262972147266 0.4464452203972537 0.3931631276823869 0.4222455370520876 0.4095882859638667 0.41366512042345116 0.43855166786918504 0.4256770032960892 0.41642934434460016 0.43827150722123276 0.44972375118576496 0.4204127694649791 0.40225850814831066 0.4367602057237436 0.40390286882188553 0.3785760421777624 0.37816858669598286 0.4133393810580614 0.4353151577084318 0.4310767681181192 0.4177344686254225 0.4064308276418546 0.39352295220951006 0.4107124837190368 0.3879038823485094 0.3428544125030234 0.31383171598850007 0.31205504046303434 0.2734138973011644 0.2065702569640939 0.1900542357984084 0.1825104302585426 0.2012771271620256 0.1666377977990585 0.16535011247583203 0.14737825622027484 0.17480010751081118 0.13064804998402663 0.14291959602800114
0.4879306545450179 0.4664443724460894 0.4618802209601098 0.457370345657907 0.479351175017734 0.447703294083342 0.44312355663121983 0.43456064627217994 0.43626885796073966 0.44130838017549373 0.4281634478236024 0.41723330370034667 0.42752616281276945 0.4102132033935497 0.44489244862878424 0.4388660932287797 0.4190822062317326 0.4425964696085129 0.45699924459816277 0.42363242075413493 0.41845208096435826 0.4242118560648408 0.4341418733608344 0.41698273739903013 0.41296870789133944 0.399916757128989 0.3689881445210627 0.37430480995222853 0.3511329057481198 0.3591543055272265 0.3222905753510052 0.29098417450434694 0.26236896066168336 0.23082332179073858 0.2146893798244973 0.1860095291093619 0.16677059538360448 0.19602561377161493 0.16233687953966272 0.15681930205360117 0.1487313435033526 0.1591478901991231 0.13929042792261778
0.5146591199146501 0.5009369411344684 0.47983234506168715 0.4701718831284964 0.48376631881217264 0.45958052503613483 0.45393408537987423 0.488196829823285 0.5088832093520349 0.46161374049816445 0.42660094875781635 0.42148408040604884 0.42737680768663056 0.43868501517135294 0.40437939042630333 0.4343857893075189 0.4638003976522485 0.4300079353220641 0.46536419726941297 0.4209206851261882 0.42857236337965937 0.4092753834771802 0.40914794098489027 0.42632916557670353 0.446201247417392 0.3886317437505274 0.3736394806378974 0.37623598852018897 0.35492241752866227 0.3484603255484435 0.33249935027181116 0.2873845227053376 0.24021611742584537 0.21436917299468913 0.21679797651652308 0.2121104720789219 0.16095872410602663 0.16309813085649466 0.16679241820049423 0.1603881384915256 0.1217233484269832 0.1428147097995131 0.1294218097848027
0.5276887377876 0.5070101206038669 0.4978130502660222 0.483560943573348 0.495976695639454 0.4805062800844589 0.4940322557888173 0.47316528764059546 0.4865769962713334 0.48685843921321886 0.46508005598008495 0.4576894053122654 0.45158514727355953 0.4423645693644384 0.4226051679391209 0.4286131116459354 0.42128796695855436 0.44173569307398836 0.4420783316585621 0.43549834010314603 0.45207234318063283 0.43413018488909744 0.42945963617670946 0.45271589796392175 0.43470149286888055 0.40931116809804213 0.416075541215367 0.39460912474639437 0.3696320015222425 0.34635693061189554 0.32238211104947373 0.2859931717260885 0.2636067983872775 0.24348770226778865 0.2220122785163172 0.19221025163892905 0.164318217905638 0.1412268853955213 0.14041084160595865 0.11219094112455057 0.12335605967167289 0.11678168143569741 0.1442306337156351
0.5430008380772292 0.5370489081390459 0.5299800018082106 0.52064794845001 0.5098914052812857 0.4882057779051652 0.4863783551572114 0.47890667414083044 0.5207907707016219 0.4905148899359362 0.48579261775244587 0.47935900916476243 0.4394900532238348 0.4350568388092689 0.42498728903303423 0.4324956119325099 0.42836970181909756 0.46318078781443073 0.48058235203285476 0.4307297953945136 0.4217660850660202 0.441179223242406 0.47792288214255496 0.46936628015533527 0.4668817379808265 0.44981460092587555 0.41664974973505475 0.4028944491049724 0.3853197919116489 0.3568837964889637 0.310990802766818 0.27380102670733697 0.2716276195012263 0.22128382703421764 0.21125348949209286 0.17289556179955518 0.16761186716896073 0.16879170383163464 0.11389911646582657 0.10041020924644202 0.10148161641407265 0.10738715036563583 0.12047369148378012
0.4959815872242022 0.5240528809229809 0.49906059190369656 0.4911611368786693 0.5206923634468896 0.4923460078786991 0.47863496635809083 0.5195350766020672 0.5026740547651745 0.4890295300029413 0.48918086971629743 0.4712760967592821 0.47553269071097715 0.4522686165215769 0.44108391962053556 0.4525154269189303 0.446666190394061 0.4557609053178757 0.43969343989982473 0.4308981000513288 0.44434261856131774 0.44881531001291364 0.4949227661074955 0.4599623841947445 0.4859959893125855 0.4631585876492182 0.4148985198465631 0.42570130491790853 0.3897804748800674 0.3925523383498034 0.3433915569258077 0.27560595394575577 0.23352453912295718 0.23293348899327496 0.21821618622590266 0.16314578455040873 0.1717648725015521 0.15933705518361244 0.11139460347219547 0.09838720810651815 0.09610464255350384 0.10974144597091828 0.11731030615962935
0.4753103448786952 0.4631115962290265 0.46885108652441415 0.4958788731126678 0.5131489092703378 0.49920821964984147 0.487621792630344 0.5136376389940337 0.4984679210280685 0.4695464980620183 0.4220021539445157 0.4570112145853841 0.45051374826578716 0.46176408058784035 0.47558904876154834 0.47824747282515184 0.45577297577599557 0.4722454177998522 0.46555746620993627 0.4453338723867192 0.44947877281183385 0.46610203495498853 0.5008836448918076 0.4650212209436571 0.4762596717120102 0.4513656271916302 0.42234918908834324 0.42601162816886595 0.4280042620777949 0.39963577994901595 0.3545668393131554 0.31737583286774596 0.23820564824782683 0.2156610921696659 0.19255902754995313 0.14850259514736308 0.13046497684714056 0.13398169869610466 0.14041578514120537 0.0864009784182175 0.06458312779193208 0.12141685631826596 0.1097856802470177
0.45347302321793087 0.46206879801637496 0.4480496059944904 0.46276386621143295 0.4872375523067725 0.47841781786656407 0.47663327896211827 0.4824116943725446 0.4627049677392712 0.4232243753854423 0.43886626906317805 0.4427079996068531 0.44394216894299404 0.44785134356926315 0.4336417787465757 0.4427974122965504 0.4533324694025757 0.4636698935617397 0.4567052591022847 0.446186628385571 0.4361422803802931 0.4559910720269374 0.477038448481507 0.4758986899811336 0.4579027124576662 0.4510646059828626 0.4420618900396865 0.44971343653211826 0.41086572023975504 0.3803622746459025 0.3900602221211052 0.3427628670231435 0.2730214234929927 0.2548894502036389 0.2325299303990741 0.17414933837418353 0.16615626363637798 0.15831364668013118 0.12016155581987475 0.1352913105738431 0.12924863295852831 0.1111358234816236 0.09522913766335267
0.4423522449340642 0.4718279303171167 0.4351510282174667 0.471412175069158 0.49424069740632587 0.47914866560254393 0.42928945017517567 0.4636675560759289 0.4640951921642712 0.41861944251805017 0.3907024893469055 0.4216040518973665 0.4447035973298603 0.4481970915604467 0.4286345230500176 0.42072078835696275 0.4151789879788566 0.43540694055902684 0.4425288090665723 0.42404464015828325 0.45005747006725916 0.4528658391036631 0.4453853698474534 0.44531479879274244 0.44415953935372154 0.44248807602852536 0.4838852541194969 0.43580764527201576 0.4156304200357105 0.38110354127786655 0.40104340128108484 0.3617253285591839 0.3099656773506755 0.2875501202213301 0.25005916610422824 0.18263699937536015 0.18092037690507173 0.16586183130856447 0.11882358856849502 0.14486352850794953 0.1266294938313455 0.10268408364129122 0.12512634495474034
0.446599208710052 0.456675815755839 0.4296881924879651 0.45123706948961906 0.4519478696772515 0.4502213006806559 0.4401127145481225 0.41423134381692117 0.4193006353400075 0.41056492472222095 0.4077181951776595 0.4028171584125042 0.3934595320018598 0.4088062302747498 0.44053744092729985 0.42033501136880386 0.4011530797834056 0.42706549906224184 0.42618822336667783 0.44640224048903865 0.4408793529648197 0.466506135340764 0.4698128560833497 0.4467995691715046 0.4298420823378221 0.4388942146636329 0.43797867600099993 0.4452930289960499 0.42187918129504126 0.4143257296963474 0.3924786037316174 0.35864097036836295 0.3157132904250315 0.2647804877472162 0.21848588767798602 0.18501720331058044 0.1820270697172907 0.1618531906799266 0.1412427317946871 0.13411332448620572 0.12659208242779046 0.109426211780437 0.12347394847552604
0.4267906909426909 0.4207931931026981 0.43800907730012534 0.4489331978216558 0.45202629331626343 0.4331063852096563 0.45319502209593265 0.42910113075304795 0.38100685790181904 0.3870189901565087 0.38412456751321516 0.40476788218338033 0.35448339620188085 0.4071747301072149 0.43702988445704577 0.42641896585180106 0.4037076072240134 0.4238686044600518 0.4085822656667634 0.4534063388441022 0.44154257027381777 0.4921934371054149 0.49351378675156976 0.4730110274086587 0.47800214533144986 0.4328731897488459 0.43184012541870087 0.432364564037311 0.45174269975722836 0.42051311108243045 0.36512422138066103 0.34156769820294813 0.34756198179709 0.31944280612747417 0.24309504576346083 0.19220772406252348 0.13587483076410908 0.15115707699615483 0.14616691167271562 0.09762921193220626 0.06572239703388436 0.11882746273821902 0.11952477478049994
0.4606813490245088 0.42908797084830347 0.4146709666734311 0.42300838931809437 0.43961082926686906 0.4476032025442247 0.4700798336127946 0.43540030763754 0.4250132923985714 0.4225381344298695 0.40471126972200855 0.3913038822514053 0.3878578655200654 0.42339004190092794 0.426937611055718 0.40700307744924363 0.43715999712828785 0.4189917103980875 0.4453761604690505 0.4509456124454304 0.44794958819395375 0.4758476706678827 0.4671350463947775 0.4882694029112608 0.47041761259745696 0.4170312015165168 0.4208590013314276 0.40649911295152935 0.42658152853869863 0.42388193995476975 0.40486498103563445 0.3719428096228387 0.3716674589626779 0.32870982542590027 0.27536977396620543 0.2397215472810719 0.19453812793433933 0.16480460694155138 0.1420725917488919 0.11222369348987304 0.09362579781675376 0.12763389495055114 0.12873583712222358
0.48149112543237244 0.447205889166695 0.4336765604292567 0.4387343594429376 0.4232172319603325 0.43063697186165517 0.46209627081110227 0.4618037029612799 0.4525647405464832 0.45740577004077637 0.4158433688350803 0.41234713802735223 0.3748227450991005 0.41139885707234014 0.4363917131492502 0.4417539023618406 0.4274967211440368 0.42563271276728043 0.4532839830177586 0.462152444826285 0.4921007593381386 0.4858760214905543 0.48154804345460417 0.4591585422609091 0.4240230557438038 0.4146368653390272 0.3953181171514407 0.4001003094911555 0.4090653054010325 0.39038033715369347 0.3907606034201682 0.3819019420328615 0.36515475568036193 0.3389910436170074 0.3168909998487256 0.2660168746952054 0.24724106790157468 0.20753109443971823 0.1663942101245508 0.16349393628781334 0.14374759691535632 0.1254181394654008 0.10735553673350087
0.5391216435584542 0.4899114284144781 0.4807783243129081 0.4751347142682821 0.45155509287970563 0.4409853467214826 0.46713364159532417 0.48572724133662665 0.4750149704970415 0.47783665479794096 0.43283170626132444 0.42117474396107796 0.4077553264686217 0.4395542212597266 0.43788132828256904 0.4443711345144808 0.46978991376011986 0.4686486796088381 0.4842697223160965 0.4954841089805916 0.5042755317435567 0.487416944479545 0.47072996515019205 0.4365143215027427 0.42248330203811646 0.400630661268611 0.41621334887377137 0.4038701138514765 0.4140796421930016 0.39759990479572 0.3649223918534459 0.36708536957266097 0.3682220903414817 0.32202443333250624 0.29650920390082214 0.2728687004179883 0.2703942581135322 0.21765336188723639 0.16661913088628677 0.16016674534449793 0.17997790245905548 0.16350574354870748 0.15648754139789503
