Raster_benchmarking/DGGS/continuous/raster-431.asc
NCOLS 100
NROWS 100
XLLCORNER 1743155.1667835338
YLLCORNER 5469280.365959813
CELLSIZE 10
NODATA_VALUE -9999
[rows 19 to 37 of 100, columns 43 to 85 of 100]
0.21901128977664364 0.2527367514455589 0.24318534533868377 0.31443050224167507 0.34606813473000125 0.33772229322547415 0.3582970361035662 0.4000448605195342 0.3913486715047718 0.4032564057023452 0.36202132832219003 0.374084000210802 0.3906987208667978 0.3785307267385084 0.3800521424210709 0.4303307902958058 0.43541407267777127 0.44041122395691706 0.43334904057449325 0.42186833223516984 0.39044751083680496 0.3763375934520902 0.4010679302465537 0.4234738359945233 0.47239415742215546 0.46347883737188783 0.4729624385105392 0.5012351307277773 0.5210888328479892 0.5256119648755515 0.5371009509178132 0.5919980920306711 0.6274247150337129 0.6426415035236633 0.6538743393307279 0.6591740708706231 0.6647863583643785 0.6665143914558683 0.6618653230640322 0.6672003566092224 0.6252616225474754 0.6284056751415736 0.628448600153772
0.2072351368028857 0.24067594656399174 0.284627009060769 0.33365365031125993 0.38033193528556425 0.39022151366582464 0.4145234763202109 0.40965483810625 0.43198906791711644 0.43502601986178774 0.3825357766117494 0.38710289126586905 0.41069463031469816 0.4306673268609545 0.4398291577039675 0.4552361568342798 0.43710707668053683 0.4257072693744747 0.41588249708268094 0.3911531291354154 0.40660648974391383 0.38718220275321913 0.44976520649030527 0.47510229708755525 0.512669887798567 0.4856589608925153 0.49187903795236976 0.5294623399889044 0.5742539873458058 0.5899825336192487 0.5642671902019614 0.6156083089343165 0.6247120944645317 0.6725679715067381 0.6488640908065795 0.6523336185885386 0.6280062662901094 0.628096334012091 0.6452460348908239 0.6796398052814324 0.663221601257224 0.6243407274882229 0.602648038188099
0.2730496194747371 0.27738139598947503 0.31273749274189505 0.3513685943333699 0.3676048997734219 0.3798684524309547 0.4118598746285921 0.40878707130091946 0.41481208244529527 0.41885225378052127 0.40345641197131743 0.4286976072381747 0.46125855075037975 0.4908750610919939 0.4793155336273991 0.4672327430922113 0.45689411298101046 0.4857156832118767 0.4594651191115018 0.4224295195032406 0.42655116426503276 0.46374116545445654 0.4612141602517333 0.5264384437170379 0.5387401416724779 0.526490476304002 0.5615624581593853 0.5297468495556782 0.5615832956937307 0.5869813169963519 0.6050952419535767 0.6039351374386198 0.6248681916937593 0.6302881887974269 0.6210268916153799 0.6524846413072558 0.6581331104817486 0.6628459304905824 0.6812893252228412 0.678061502467617 0.6493737095372764 0.6652226353069827 0.6422424414583083
0.3246998392662179 0.3128870997059278 0.3249794684344311 0.3491144433873609 0.37521435985728174 0.3995359732315268 0.39617029946324955 0.3737087536247608 0.41229084971360286 0.3988237504615354 0.4529355243000619 0.47782063132118835 0.5253407133655851 0.5207394380215693 0.507387332091741 0.545213955719728 0.5443189688647581 0.5150084431418467 0.47760455254574385 0.44177611213873486 0.44507420923720475 0.4799559769476494 0.4926118661100425 0.5486421026072249 0.5467212490370807 0.5672975463816816 0.5916136268020525 0.5592284131662981 0.5617144721666851 0.5410201345859722 0.6093305047452022 0.6237077745066654 0.6099366976868634 0.6000222824681122 0.595233899361938 0.6295037968388393 0.6488473031987468 0.6791494218945673 0.6814680496393761 0.6936711772868434 0.6547439243400573 0.6905982688715185 0.6875893851183553
0.35306717078108213 0.3512922868199669 0.3726417840492422 0.38492391070014703 0.4063467717804015 0.4074074641547681 0.3832353406822949 0.38479914612716226 0.43344424846651924 0.41786128489748103 0.46334248037758075 0.5103440172027355 0.5445833295771033 0.5462449963758167 0.5637085687153153 0.5511955563388073 0.5480697326218305 0.5216704383688585 0.5088280299729404 0.5012399256783494 0.4785530780921257 0.48811172245846796 0.5300718751334424 0.5332841931187045 0.5206265289011295 0.5664449068643769 0.5726007464734617 0.5685376366408147 0.5688814998146776 0.5489712508803802 0.6150995077559606 0.6229467257099415 0.6416832158294722 0.626062483741854 0.6155637287887814 0.6292909085888577 0.6345173362336033 0.6625296502231238 0.6988657938500024 0.6864262826681109 0.6993962944582149 0.6993696144015812 0.6657284147198128
0.35711242439723284 0.39341289420294173 0.38788555991866275 0.41245293838781494 0.41167518959236954 0.43132581092305344 0.4114001289379303 0.4390668196821619 0.4332398713516524 0.44313480243873105 0.4897983578791893 0.5423679963374904 0.5477389496636115 0.5410393793595373 0.5508630658506866 0.5700120810388756 0.5594701365514905 0.5320224164606081 0.5238960142067431 0.5428731595882896 0.5048877801881824 0.522159083102094 0.5490771707496934 0.5232779770891172 0.55079917739858 0.530290901241562 0.5448189179282619 0.5622447414757364 0.5904814916581272 0.5622165951351298 0.5915434545426602 0.6249129017809044 0.66550972104847 0.6450406067084161 0.6370460333076132 0.5969702873482137 0.6382791578511099 0.6759766462563347 0.6673436541939674 0.6777315503579675 0.6880046853339438 0.6376741278087659 0.6285418346665796
0.37504630190626065 0.4233948572733275 0.4354813654283702 0.47444040890708655 0.46158961821071665 0.44263737288259775 0.4721265427965571 0.4720056675984182 0.47442383153158973 0.5096797745097704 0.5478958668955923 0.5609630823870679 0.6055673534312592 0.5640304640914856 0.6074269339159621 0.6089328071730284 0.5496516289822032 0.546405346173586 0.5542969804526856 0.5798720167241086 0.5545868348625034 0.559284523430586 0.5551078929992882 0.5287029784483506 0.5598900062493112 0.5658511252452698 0.5678589521878564 0.5570516268138209 0.5846432774687103 0.5767755879400591 0.6387070665709963 0.6577859796920766 0.6768103212214382 0.6397262512108545 0.6595575096129938 0.6561523908961057 0.6450738129436153 0.6905172063145368 0.6744528510050384 0.693883273132963 0.7038149470473821 0.7035632852431621 0.6595706127866325
0.3624056829900844 0.4240695894423537 0.46082804610561656 0.4838872547238808 0.4445887679158685 0.44025064861709473 0.4945193723865396 0.4869372469481327 0.48934407648407163 0.5648264525952236 0.5647826688384254 0.629701998525294 0.6049452453883576 0.6118514671348474 0.5991890093848582 0.6140311673661091 0.593827154571947 0.5837035955214268 0.6218364870685792 0.6240607303675312 0.6103171801015992 0.5957530524682707 0.5964252756539534 0.5582065117331525 0.5908168554746859 0.6399905972699773 0.6219796850661996 0.6205799840725457 0.6339390368374759 0.6296176955784338 0.6684207737310132 0.6810509191247686 0.7047319650265286 0.6908003570093374 0.6724478064859709 0.6238596561648689 0.6654932575669636 0.664571415482701 0.671206399887045 0.6679165097254386 0.7034229283053404 0.7316325396829149 0.6807215251269152
0.38465203312489776 0.3783582551106915 0.435300020038736 0.49489834784101827 0.4952311520500549 0.4973842426801976 0.4830176736949546 0.507467682255477 0.537014977947113 0.5815913604105908 0.6071596424752217 0.6189203663364192 0.6247337678485305 0.5829334834127534 0.5939919589031273 0.5817520087455139 0.6229416920858016 0.6232664475581124 0.6459589264850087 0.6538568924542798 0.6142088575935871 0.5951884239985511 0.570978781759428 0.594698018280389 0.5900113975574338 0.6583955477447719 0.6462378177824107 0.6994289917077778 0.6822498716366526 0.643662885735417 0.6593604995256657 0.6990336327509789 0.7011045267710354 0.6825113627746984 0.6609987165462431 0.6312952089179705 0.6665320647112393 0.6748039678880532 0.651367633444566 0.6531760565854454 0.7120572566932581 0.7351883859856397 0.7555987754206842
0.3481243630444199 0.38267014742907246 0.44559495208383304 0.5054476307808898 0.49815567614830947 0.5258591253465055 0.5036848210474493 0.5196617452885439 0.5349494116453578 0.5849367673355019 0.5843281432869056 0.6093158558531571 0.628015374751665 0.6021555735318457 0.6271315541293904 0.6093894086971718 0.6290070535346179 0.6611891355083995 0.632822851118102 0.6929531156681831 0.6425329594559661 0.614929312809373 0.6061291119571147 0.5801571926343221 0.6040673546482646 0.6522617441290031 0.6749595763504118 0.7536243351993236 0.7264962067146393 0.6891111896595707 0.6863937152111296 0.7400067552404022 0.6798476364326863 0.6512511552497015 0.658374181777151 0.6565013375093608 0.658392130035826 0.6263742414906531 0.6686760174868808 0.6642756900980706 0.6993452439877569 0.6984318058357559 0.7554434706824232
0.3611299370679173 0.4146339021603149 0.44448692348719443 0.46913324175192056 0.46325000738535516 0.4918250208516198 0.5024961945789669 0.5249107895472892 0.5424309247524091 0.5406436558938288 0.5729079669939513 0.5599045328028845 0.5619112883880907 0.5840991152466087 0.5901894697017306 0.5942069899482758 0.6253781629185408 0.6647934622464922 0.6394790592500488 0.6516042684395877 0.6547298264124289 0.6462481895009633 0.6453985523254675 0.6478061492937041 0.6290046084789018 0.6577245318956711 0.6775217816946453 0.6977287410661512 0.7219409294842744 0.701003425327287 0.7196312689696566 0.6961008912632087 0.6799730285502703 0.6465787149550304 0.6325244408671078 0.6339631591392944 0.6573117274068373 0.6558598613479286 0.6795164804312971 0.7223125307674646 0.7174331082130285 0.7262847323217569 0.7379057221066949
0.42311323425239933 0.4103035142501702 0.4624186625574788 0.4460358820743254 0.45827998665496017 0.4806751112614571 0.5287181033931557 0.559277844241566 0.5600137754918585 0.5397591437819804 0.5675930171891755 0.5365818012988965 0.5768400912686109 0.5636985568569709 0.5613758622121954 0.6142021408733482 0.648495422708547 0.6619277236170457 0.6423358726819918 0.6112728824032524 0.642373134692852 0.6226058322349344 0.6176185126332276 0.6530913474842951 0.6626648785009981 0.6788258985674154 0.6881632807650265 0.7365865289321488 0.7025833141448274 0.7418551612217172 0.7058515566695018 0.7097500292235959 0.7182792424722977 0.6659856936798186 0.6580401484783547 0.6425347983053998 0.6351470435221875 0.6644199667977934 0.7229891575080887 0.7494238740684426 0.7364199961444615 0.7372445633066556 0.7448175936015164
0.42609045220159986 0.4158039490092591 0.437008589387588 0.4286016123625652 0.4629393095136409 0.5068471880486642 0.546622127525902 0.5546389885365991 0.5898924571910729 0.5456655714101842 0.5650617376662224 0.5800298549604858 0.5513199455665053 0.5796748912507141 0.5681736002575418 0.6066820076005741 0.5995320978734738 0.6405537363311612 0.6495201616226967 0.6532778927207936 0.6221285343076489 0.6338068670401208 0.642122131331844 0.6055902312406657 0.6491591202466259 0.6746007044405086 0.717241620309206 0.7158754251054207 0.7188824290153334 0.746494755797615 0.729145050816003 0.7111288806330922 0.708384540482251 0.6948000163030916 0.6699314432162149 0.6585516797381664 0.6724523265140798 0.6917568762725813 0.7478876533509862 0.7679461191511725 0.7923937697326424 0.7509354845051959 0.764740054004237
0.43643788764393077 0.41711162749433306 0.4575664826357727 0.4396182024918652 0.43840984181988946 0.4701915252097108 0.5238641857560843 0.5678085735030004 0.5614051184028765 0.5922270306547188 0.5603746456770868 0.6090453404016906 0.5729500248794704 0.5598695895168833 0.5745142588426344 0.5904608331691009 0.5971246845780213 0.6306903052622836 0.6080463558069809 0.6532231441806481 0.618602913151081 0.6370111157700495 0.6018780388427504 0.5914318210300383 0.5881541577494034 0.6274997676455665 0.6812245162942931 0.7337923461983529 0.7124394606392241 0.7024881136021833 0.7035568948363721 0.7314233070355299 0.7190269065279703 0.6923854608527623 0.683962909722406 0.7168638515654646 0.7170546525248273 0.7238867589732136 0.7363049286796508 0.7932873464266801 0.7822566962939838 0.7866067657303161 0.7934518923902365
0.4160534321569619 0.4169031439388099 0.4547346417855317 0.43191082455965035 0.4461966034518935 0.45149665370662645 0.4661732238069857 0.5122866974108562 0.570308498134062 0.6001120017076502 0.5717839691584863 0.578537915856075 0.5925053272973614 0.5430645299131213 0.5404518787524345 0.5626208707714279 0.563830985293132 0.595753970053202 0.5628919377422927 0.6053460419580458 0.5735776809223524 0.5389198384403203 0.5380868766856992 0.5419598673118731 0.5850756472882302 0.6337675262088578 0.6737140550634673 0.683635770018896 0.7079539187914805 0.7194237001132677 0.7372760583546604 0.7131979769738801 0.6835404702265098 0.676465802866614 0.7078742446023903 0.712767915292082 0.7048853223420685 0.6947400668764981 0.7132294319713235 0.7619571049211177 0.7511276136583727 0.7455611197209184 0.7602958987614841
0.4054270632084836 0.4436652201599129 0.4620591512577586 0.42820034124456535 0.4696404451289 0.4459123304727519 0.48959524012820627 0.4883485082893766 0.5419391147503079 0.5595104500235227 0.5846561379723002 0.5845565774738222 0.6059478294581359 0.5715339148097862 0.5445221868552246 0.5338143059782676 0.5268021171329286 0.5469819332209939 0.5287286776532849 0.5236931683464767 0.5563986486761595 0.509560898211013 0.5237813666469386 0.5105345729536729 0.5571263536202713 0.6117228723744731 0.6324179165558343 0.6257888537465156 0.6913790026500121 0.7181368814920943 0.6922648167926633 0.6842595040218531 0.6646537039917845 0.715245674963648 0.6979636243054015 0.6501176031150661 0.6607593860062619 0.680654968029739 0.6941534954396479 0.6808983859458215 0.6866862351500745 0.7316658771055548 0.7860697193331553
0.44280087762304843 0.46535512737660784 0.46402683088753643 0.4551897219879875 0.4765978014461619 0.48543062018143757 0.4989062257656964 0.512418760467733 0.5368018034148799 0.5378209087121345 0.5327533258782359 0.5454121615192092 0.5800601030453728 0.5584275529319417 0.5636921230218935 0.5710765526576136 0.5248273449464922 0.49528874074546925 0.5070781415867733 0.5221812833181326 0.5067575128618467 0.46372776449339764 0.47885042663723676 0.5238854147054509 0.5537541104250187 0.5780698661152502 0.6241216271979406 0.657265761281908 0.6818976355988168 0.6796416973559226 0.6573134720278618 0.6333298153868802 0.6604202993902492 0.6837088377320245 0.6372826378440903 0.6620763261967109 0.6514191140929474 0.6842060028418097 0.6611027598793596 0.640960064190577 0.6760188005572775 0.7190088634830433 0.7649476813580627
0.417765859829454 0.47102883804503204 0.4704827462656204 0.44162849989683745 0.4436772306302343 0.5038558796347002 0.5041090620340194 0.5234670899419889 0.514398994223062 0.48728235232005784 0.4846136987791339 0.5344969314326634 0.5490175120354046 0.5710346242099175 0.541779471020226 0.5718909223854874 0.5184649849182877 0.5063662318755884 0.47107839406185037 0.4656882585105418 0.4996271626936524 0.46679934206773277 0.46304340760749824 0.4920194481556167 0.5438188515014594 0.5611056718950065 0.5803649310448656 0.6158361365691233 0.6638106210336663 0.6869481426365717 0.6611998122894228 0.640760962745612 0.6323808621586959 0.6585276153458977 0.5986005051079968 0.6042822133256073 0.6172348339152565 0.6360046951127919 0.6341825845378458 0.6439669144713522 0.6914526738362983 0.7065980389128873 0.7510139053296137
0.4014676070657326 0.4037813648166724 0.3983036709141239 0.4414261946853313 0.443982730668644 0.48544857785480205 0.5005303034082366 0.4770836694571607 0.4648985427935137 0.4946109503066569 0.4828163338283453 0.4801877906472693 0.5266495304472145 0.550154180968321 0.5587262411639866 0.5702848164965542 0.5319779846220221 0.5345142529647241 0.4771713756212763 0.504688652695336 0.4934054040992459 0.47134777350353696 0.4753226456988152 0.4844885600166904 0.5320280358582533 0.5449741395492101 0.5695073919506322 0.6043572915035721 0.6647539633096232 0.6358981531455723 0.6250104035441999 0.630760833905217 0.6310596005405952 0.6144970454013887 0.6047089711246689 0.5843919597911928 0.5917430100808653 0.6435329742158427 0.6299440502394735 0.6525636758405603 0.6343676172670236 0.67334890651646 0.7492213398158291
