Raster_benchmarking/DGGS/continuous/raster-41.asc
NCOLS 100
NROWS 100
XLLCORNER 1743149.918344787
YLLCORNER 5469286.766259804
CELLSIZE 10
NODATA_VALUE -9999
[rows 57 to 75 of 100, columns 0 to 42 of 100]
0.668272765575862 0.6142034109688422 0.5849061184798517 0.5936936364398763 0.5522110110187584 0.542289724380732 0.5185987245467597 0.5243263602282562 0.512086549664868 0.5042192824789526 0.5384295410587834 0.5320732250072072 0.4775228093413376 0.498714475423886 0.46801350222789534 0.5029860704398184 0.4735856549386912 0.4701547740098735 0.4431687713604766 0.43393799256122884 0.3878577037371001 0.37968588417456234 0.3947810044241872 0.3765161057150905 0.34164708111904035 0.3250872284006403 0.34733866281769477 0.3093312572458721 0.3465821048895473 0.3686483007925482 0.3891979848295143 0.383801997184475 0.3994298770145501 0.41244433558761595 0.38629093835785033 0.3700017352822535 0.3412687409400475 0.3135224045226554 0.3117893432297437 0.30149330081788234 0.2812402300620695 0.2850833696357142 0.2748623367651721
0.6124653039296533 0.594610786791649 0.5848271584323018 0.5513056578138564 0.5627716222499424 0.5818868563772955 0.5656536169356842 0.5166556276253507 0.5081175888244002 0.5320976293952501 0.5594469929402824 0.5347608661757658 0.480583259846292 0.49205028551603847 0.4642163993869172 0.5020200306395383 0.4966092210039198 0.4823833782359562 0.44617262900382226 0.47414622606019885 0.4390413904784546 0.4250334768261647 0.4071610690831938 0.36167422064460747 0.32804801764119057 0.3573087273775797 0.3355053741047349 0.3229432489590113 0.34230089770011535 0.3832955453197786 0.37221007074311174 0.4194285817879974 0.40984368694605583 0.4005962553856053 0.40011557366260575 0.41758057079181765 0.38375755312535914 0.3740723820498695 0.33100475882163577 0.30601635566959345 0.2917879831394338 0.3122570795334798 0.3207436821255769
0.5689901858211964 0.5550001026873437 0.5775653359968772 0.5331847673017945 0.5377270570870268 0.5839160322796098 0.5612689908194242 0.5627402297988878 0.5606991832952621 0.583886213961019 0.5861412612630501 0.5496959248329445 0.5059739793053777 0.475779183145487 0.5036953556423818 0.500621909945516 0.4913961726857874 0.4583965974053632 0.4745955669305722 0.4826235630999024 0.4903322030846189 0.4414739190076075 0.3987538540038623 0.39298126872147443 0.34592061485861575 0.3562010749829101 0.3714952346784217 0.371344621761246 0.35915398631977563 0.37967418140575143 0.36850605947243 0.373818780975379 0.36572025918869167 0.35860191382961076 0.4122685378183743 0.42653150796718997 0.38300027566828504 0.35805135693442935 0.30627144199928036 0.30759679183730165 0.32153380979200774 0.30278858436753625 0.32339328310257753
0.5271530754367546 0.5171396799807622 0.5144227457074302 0.5458171876396433 0.5362294514450701 0.5614381911239886 0.5607030800319021 0.5558055884524766 0.5437525085663063 0.5978038290032938 0.5759580256694534 0.5926042986018756 0.5264228296126882 0.49271120271185986 0.5109947201133298 0.4844753433797581 0.4855851753897731 0.4590274007357173 0.49771291255231076 0.4933575561381206 0.5021454655823874 0.4851510902953026 0.41988892180309106 0.36460971861874786 0.36839487897356876 0.3735086151425405 0.3527675138328647 0.3853857566375387 0.34273991251137204 0.3234244759021222 0.34665296532411555 0.34015452217497666 0.3530859145861517 0.35234959346962513 0.38982303413215136 0.393360647176906 0.3798813589260881 0.3050688304838144 0.3190337479485782 0.2817182156478963 0.31129063747013036 0.32727804175088804 0.3505682546362664
0.5484040989864521 0.5054694272690132 0.4938510979653021 0.5116111378860188 0.4966702797195768 0.508174736065755 0.5356742241602531 0.5045118045997558 0.5205938211128733 0.5334015333757952 0.5444131647938956 0.5219192735472866 0.5177712825854695 0.5408115930104083 0.518980682958734 0.5098311309288092 0.499373246649767 0.5100735126487415 0.4991682775797368 0.474590283348267 0.5020010039863941 0.48823833079597095 0.43383118483767014 0.3973561869736442 0.3818523604358209 0.37140803287390034 0.3693771896061068 0.363173100959613 0.3600569165073537 0.3245436642577873 0.32498738393969623 0.296147489795523 0.32326532788703954 0.3575723397473999 0.35576551718606414 0.34867736959131973 0.3558445966357524 0.33909509424313394 0.2846635993420146 0.3054388813904301 0.3048996376230894 0.3363772363277335 0.3305598678239005
0.5243058050381222 0.51983766496933 0.47996689469715587 0.4603960639709792 0.4825756306016308 0.4759305323009034 0.4684400584771227 0.4888434354714923 0.5450181258519472 0.5424140276659155 0.5296577161909061 0.520328279817608 0.5314834222563001 0.5553138887489263 0.5284124974770464 0.497942313339893 0.479118085778289 0.49773476219545737 0.4885052409372822 0.4965617564354715 0.46633154661918186 0.48010072663755055 0.44009685367362933 0.41917757075352585 0.4103605949472193 0.3506161797230166 0.3588330309344838 0.34445948308895985 0.33382812318061156 0.3327619847852435 0.33275146441548553 0.30502134983661594 0.34350137870573483 0.36355467986872003 0.3673707867612995 0.3626978315182741 0.3396366747325642 0.3345208631558804 0.29844937199616217 0.3173113676411381 0.32413394258362505 0.3500288102607761 0.33910107452379895
0.4745159173546423 0.47067211342165527 0.4634373514369057 0.43348728427193767 0.44350245209771344 0.44576353887992437 0.4743607322787312 0.5126047634077778 0.5292234063833674 0.5263284007519663 0.5282935269382433 0.5514476999268852 0.5414725668328735 0.5103251431273137 0.511862963235505 0.48759682295249623 0.47897972240079906 0.49526688371389527 0.5092957725510636 0.5060660057921068 0.47685338092777535 0.4501356778687437 0.4528163931188833 0.42877858848567374 0.394262686451533 0.3606795433052045 0.339665033101997 0.3743289739442027 0.356543120390614 0.3810497805474536 0.3570174058217384 0.3255977034210974 0.33987988182926954 0.3375347495324921 0.3713717551456281 0.34687238969231904 0.3232062784218538 0.35829069273905784 0.32173315781981765 0.3247551772720529 0.32304344131916923 0.3401852996903654 0.3730144282703179
0.47728009127176146 0.45034739678453284 0.45547550692182487 0.41429400363506363 0.42108727101081006 0.47647900120912035 0.48919205066341026 0.4846549907393905 0.48338927547652666 0.49200308927981756 0.5082227203740907 0.5213222413344798 0.526902254558238 0.4779663429467687 0.4694366775202742 0.5021687282024433 0.46502553611208947 0.5012934546623787 0.5083877929015166 0.49034523749502573 0.48171324942214633 0.4332363859530285 0.420439739120256 0.4346477287342111 0.4273505496052935 0.3666379501517673 0.3814854647415383 0.3744793239456532 0.3962463696397015 0.3934627590153575 0.3773874413552679 0.3408748564992287 0.36592496705451344 0.35915132954251744 0.3422992800532651 0.3055994596015719 0.30601066403292887 0.3537962756227298 0.33161153606473603 0.37419032183716183 0.34627057115705384 0.343846660679811 0.34904400044217115
0.5055686449293714 0.4626251710018808 0.4170633169589125 0.4075218544979953 0.41656617244219046 0.41543344187002584 0.4708037096194613 0.4526236542998458 0.47973519267133685 0.5151574453307247 0.5162094397675255 0.5100889921083832 0.5021018044812091 0.4877182089222169 0.4677157575240247 0.4458100646160542 0.4695795393801799 0.4695196433503561 0.4871486333332054 0.47953940340698203 0.4690065267275642 0.45253706837502644 0.4279765026627661 0.44866751729517335 0.40453818287602944 0.38691472200556015 0.4087622871160819 0.4229780969271356 0.4029469233066567 0.40813945061483314 0.37354428284211855 0.35534096177395824 0.3606380214967907 0.3792607462535875 0.35303370567760106 0.30140173101022544 0.31261116681772105 0.32225717103070106 0.32258297699261496 0.3230822532807348 0.3438263156305176 0.35013625691379496 0.35555725707584573
0.5499779540402884 0.49376594553828285 0.4366755244543933 0.4195908671873213 0.41947953689977646 0.3985186071304437 0.46364892891035 0.47874089466010256 0.4909621514783509 0.4877475840895951 0.4849861245622837 0.4692003275158799 0.5014788317203006 0.47403749932083405 0.4221908777237353 0.4331187395001672 0.48081942300025615 0.47916002279646763 0.4645825024429206 0.4977820962024142 0.4453337032770686 0.4199280855243625 0.3982514174996311 0.45452073537016513 0.3904283063512531 0.4056747521149213 0.40392794778990804 0.39682894213848613 0.3704845084172783 0.35291597467366964 0.3904048710378761 0.3840377490273273 0.3753418701454095 0.36333656543495924 0.34314504406816687 0.2869310817477065 0.290691001856126 0.30089533198263196 0.27952910310449364 0.3118401164063097 0.3637171492976389 0.3740400367469756 0.3833055048441386
0.5470725541735052 0.4795426519389686 0.4593946280624509 0.4131113423665297 0.3971940970754034 0.37893753453091134 0.40369905781612764 0.4039763080678948 0.4189764732069417 0.4319631776584197 0.4468448538536109 0.48968218907929706 0.4876380819188713 0.43748085823192845 0.4226965789660454 0.4501723372919983 0.47419831534594026 0.46658032685077705 0.4904221385145593 0.4562821820323293 0.4235548353087311 0.42531876212967834 0.39107718214383835 0.40705343130502875 0.39443237698873346 0.39625424845056056 0.4164484153321452 0.3635986424314635 0.35663808189772683 0.3509949697164854 0.357294584113606 0.3701896120638261 0.3793935500743317 0.35431783484214646 0.31849084283275725 0.28336852842979987 0.27765435897389557 0.3079578735644531 0.2746215011051368 0.31932498589671043 0.33768588418360573 0.3257496280420359 0.3553839662836288
0.5116494798299362 0.4976055714931421 0.4416346046585795 0.42404381886621717 0.44186455141125486 0.4170819402233496 0.3887020838511947 0.3768457048331864 0.42350587594773026 0.43555807859698226 0.4236388399975729 0.46997829487444137 0.4638456340808029 0.44080263598219077 0.429115179743239 0.4191827955112019 0.46645418068061484 0.47038272182337665 0.4831212336788586 0.44926592240784186 0.43489581861447774 0.3762101554362378 0.36715539161528765 0.3856780051500798 0.37431865378177737 0.37341111210327615 0.3775785496522559 0.39192429728606665 0.3641983692424201 0.3906723143925432 0.35115400923925616 0.36307643709833054 0.3884921091670314 0.39171317747823375 0.3410244647431476 0.28026348524736533 0.29963009804465673 0.27102323822565655 0.3082297806303035 0.31907787909014745 0.3297540438684949 0.306275138512408 0.3328556168830048
0.5005528521649962 0.4941146261823425 0.4528108878790674 0.4546400929595315 0.447817921310254 0.4063718958840603 0.4085696085225115 0.3848558528285531 0.40723049711977877 0.4281805441091721 0.4386822795998964 0.46973337564740775 0.4435658069024567 0.4297579486965736 0.42437052586002494 0.4291403895057674 0.4754048234767079 0.47817228893635816 0.4610818490685519 0.43969432398408187 0.43286531679084944 0.3884245790171606 0.3872459131835865 0.40618631811414824 0.3664274642458866 0.35659116201895186 0.3716870436991625 0.408517632855271 0.40933573145512087 0.3995746195169735 0.3779048276695048 0.3903703780263222 0.38272540172864455 0.38106616646423963 0.32767883683506954 0.3030339506300532 0.3248303951488818 0.2810317451695258 0.29354350104928256 0.2775119399561438 0.2955836081463799 0.298425349034385 0.32252178968852774
0.47468159327057613 0.48605254209299653 0.4528703641151359 0.4356722182406319 0.4607875242192754 0.4517743221066118 0.3906410739139429 0.35517091752285596 0.39306707152023357 0.35864657215384754 0.4242804951509499 0.45171218975749045 0.4619309387933368 0.47164131593129466 0.4318858490973844 0.42394563772873006 0.4655780626404915 0.48184304415304596 0.4932106100488646 0.4799484123336054 0.4299633795833532 0.37874376322300163 0.41138455032265575 0.41675945502801803 0.36370923789661486 0.3594096709789811 0.36870695323983355 0.4052841085490304 0.398545638996399 0.39996928046348035 0.39078420674899117 0.438148436863409 0.40318634324072733 0.38748879765389393 0.3757594414912908 0.33652158680938554 0.3298923384673247 0.31791243308501216 0.30979912716983116 0.30258617735576177 0.29095648561252807 0.3401909576118816 0.31036561188093637
0.4968075938615181 0.4934691182261804 0.4970672803130293 0.4655332505116716 0.4775618322181065 0.42437508813460906 0.4256056506509209 0.39460127431978737 0.393879223276324 0.40832194111233666 0.3689816330179166 0.3673903434223973 0.4047867560324349 0.44409730441376605 0.4674593476189768 0.45473356822336697 0.4908327244514979 0.486970423480008 0.4733351717886345 0.46178460014375616 0.4502239332003736 0.39673435293000925 0.39986891338982544 0.40590180584161667 0.3896260966026271 0.3976664952335213 0.42363988613587844 0.4257086321114239 0.3921446652861468 0.4185652851034927 0.4359804368861932 0.3999497545239455 0.3989310500613909 0.4022746196401726 0.37422706261471916 0.34193454693743947 0.3152214885887154 0.34148328159511904 0.32018782866916984 0.31642599350460815 0.3299224985910381 0.37407186235805484 0.3707721306814705
0.48940355397845553 0.5033259611736182 0.46972701474174705 0.4924986114687475 0.4435553389360749 0.43690955963477396 0.42112834007862154 0.38924939465277336 0.4172071351730471 0.4060170217281463 0.40375283675231916 0.34186196032586047 0.3939723192592457 0.3966493845932911 0.43836188192566555 0.48474117551312584 0.48802179076476954 0.4738675445837788 0.47617281668687367 0.47826293664653907 0.45241950014157123 0.4044004647370285 0.42847530857165383 0.384703990171461 0.39619472917222665 0.3975099081068822 0.41979262903725606 0.42509417438033514 0.41818640284136827 0.4091798017092502 0.4162666841004096 0.4358662346628522 0.40911860414468354 0.40074861193619005 0.38289083725741113 0.34595805587277123 0.3095275638023288 0.31497472229307605 0.33628142254982846 0.39827828510026786 0.3853588858098021 0.36834307984895015 0.3806279340818216
0.4719309264888243 0.48302542366429807 0.48410351461757933 0.4583182962053918 0.46837932032587765 0.4483613751233285 0.43894983431194234 0.39595096255111006 0.41745149271592136 0.42445086465133175 0.4123342038915841 0.37134886754563035 0.39354363851032254 0.4120604258849756 0.4380839631559676 0.4821554511308757 0.4851625501037621 0.492489017991449 0.4648953938084561 0.4433362248633445 0.43079311187604774 0.4082145629234292 0.4528975169866433 0.4066128352219303 0.40818233403306364 0.42584536938695244 0.40253393427273537 0.43219875930184803 0.41765757680391685 0.40518867793351143 0.45418672292962786 0.4326347317659188 0.39336769258234006 0.39210893860584944 0.3418522156861277 0.3335047704032902 0.31970062836059837 0.3645233407634629 0.37445234935377947 0.39831060345583796 0.35068280534339497 0.35842893041014373 0.32859941481500576
0.4837183140254342 0.4921679179008323 0.4575467158686529 0.44541535269939664 0.439643196621648 0.4313347908580518 0.4254434293530082 0.44124561024975395 0.4103841595995896 0.41119777875633173 0.42391146135122926 0.39920823048259935 0.4078353615853195 0.4282447693799947 0.4532592435668422 0.4492912105441613 0.45845854256490165 0.45924586575445636 0.4387166107027683 0.4410903580746541 0.434622940321287 0.4545471629627744 0.4823732245678352 0.46092571418617606 0.4352711551035738 0.44233021954485974 0.4092956787817228 0.3891262605215713 0.4336562231780783 0.43578092741169483 0.44259883693185414 0.4666291855349517 0.4151685708657062 0.3756813199070806 0.3399591139645209 0.3316121716063347 0.3504092838770125 0.35635840778435834 0.35515754634780244 0.36936280955483886 0.3700237800704208 0.3299609728362802 0.3396474691566026
0.4771800733563872 0.4742112670088743 0.4741052469929501 0.4569807495847054 0.4185106417953765 0.42681550134343066 0.4537548167787892 0.4379014771266084 0.4414127028225751 0.4178093807264064 0.413695648490199 0.4216455285792288 0.4352170530279264 0.44121263796655386 0.42293099874404244 0.43563203096836156 0.4361778493003096 0.47171016205794475 0.44758723325418037 0.4548436103141471 0.44416677594691084 0.4726322282753645 0.45600399068654807 0.4838538007257865 0.47302994402153176 0.41970633474526026 0.39341132508381677 0.39955653415390635 0.4467036027320807 0.4604845692674494 0.4491306020901636 0.4454311495593471 0.428977674084787 0.42167453572211716 0.376019349409551 0.38054623423736966 0.3401445372820229 0.3710810521176021 0.37110664883475436 0.3508217680962413 0.3505284996785584 0.3669112537270119 0.33474919135663467
