Raster_benchmarking/DGGS/continuous/raster-250.asc
NCOLS 100
NROWS 100
XLLCORNER 1743157.167561103
YLLCORNER 5469292.785914429
CELLSIZE 10
NODATA_VALUE -9999
[rows 19 to 37 of 100, columns 0 to 42 of 100]
0.3683862986579176 0.3627290276522899 0.3577024838846727 0.331389376248764 0.37305043689456446 0.40385044044654717 0.40519178804496264 0.43899527765277174 0.41032653387512347 0.355113374264407 0.3824844995645624 0.38071788592644024 0.401965199837209 0.41763267387114766 0.3960323751854461 0.3776072999881365 0.39268459218150653 0.4193267125820124 0.43884161153793627 0.486713369918124 0.5306085026047542 0.5460117138925626 0.6052134975885953 0.6389876027922761 0.6763719446638687 0.6869789945412652 0.669074229592359 0.6910543501313886 0.6913569112469903 0.7282445129973459 0.7907820257252386 0.822112139320095 0.8692686462545522 0.9007557083273843 0.8597348664440665 0.8601451906010652 0.8635864728656085 0.8024423175835093 0.8044600964264238 0.7961573989398786 0.7511328274863676 0.7012260787471605 0.6754639737421423
0.4079735589000675 0.3409285915935335 0.283686221593007 0.33197722201609886 0.35613529542311667 0.37327438899749443 0.4138591333212923 0.4043990485581853 0.3546261968992074 0.32986713694089165 0.3161843340346543 0.3621334996520259 0.414830975885713 0.43603403442238986 0.39418235245363187 0.3723918592296944 0.37784444568579 0.4520465458643277 0.4506384637576537 0.5094789108373707 0.5545936253585346 0.5358157224541783 0.5781734900894854 0.6200007305552352 0.6849156811216487 0.681718395589638 0.6822099671566693 0.703725120690664 0.7302946743833744 0.7706903946619841 0.8014968509377869 0.7770630297654589 0.808825797791979 0.8831715849318083 0.8777874239914003 0.8280325400280364 0.7942530157875242 0.7803147238931953 0.7818548167617688 0.7981273078436962 0.755687461046531 0.7260111393551116 0.6709570403934706
0.4197056970784331 0.35173433288690903 0.31878812278636676 0.36638139050591906 0.3633899013427358 0.41279404518270874 0.3956386103040184 0.40717370889211774 0.3617172884306142 0.3480360222095557 0.3525063682669773 0.33693304089844106 0.4014400686307158 0.421368573501921 0.4213167686176116 0.41522209806887306 0.4143968643552364 0.43006593573122814 0.46728571666862645 0.5215829666457825 0.5794456583598454 0.5407977005953313 0.5811709454852139 0.6298313218294435 0.6782670526608205 0.6545243977142902 0.6877984139801883 0.6854795329319724 0.7521232456928292 0.7689264434548769 0.8140866607439637 0.7917755764662158 0.8443196498978993 0.850177962034173 0.8354718621368253 0.8708935794538277 0.8463615500987894 0.760246309419559 0.7393491762529595 0.7698139532406874 0.761449214731831 0.7387251016918341 0.6640503026728203
0.438304518435888 0.41505642898792205 0.35279909078784394 0.4089502131133563 0.4424689753930477 0.3950380344297153 0.39498681490635745 0.43945379886857594 0.4498103753095221 0.37117384244522533 0.3651030360676653 0.3884619663563037 0.3788159872225979 0.44084371593252686 0.4254817930442265 0.4114113199806209 0.45025294036882507 0.4476369017743327 0.5013736596527164 0.530469692534052 0.5766461932436955 0.5263822007489245 0.5613271094746842 0.6462987218823273 0.6286955685235669 0.6340709354785086 0.6546836414382501 0.7307597314921036 0.7685519413215027 0.7658342893091523 0.8094319719009291 0.8169063389662446 0.8053741160132143 0.8645505721179673 0.8631230439220625 0.8686729946607151 0.8312457449093377 0.7765122064787164 0.7665162481579836 0.7684663178766088 0.7570486113448512 0.7406636276850459 0.6415818243427043
0.4841820010970091 0.40470132492447863 0.3756138955565055 0.39543691654341223 0.38129346621533394 0.4082903685522014 0.44391905993094277 0.4767163091483078 0.4576611994129111 0.42664112496814305 0.4255098421812477 0.399845427192255 0.45827924861945785 0.4424677350785967 0.4138119196674913 0.45840381806985697 0.4881835119002736 0.49292684396086484 0.5008402908959138 0.524538593720341 0.5429220583042523 0.536864956710232 0.5421292611002339 0.6320514686338815 0.63909117454287 0.6704986010871845 0.6751380410163595 0.7523291247176941 0.745794243408063 0.7803549434679978 0.8069670748906393 0.780181986319116 0.8536963145150197 0.869938787800274 0.8832304663794921 0.8390238259148933 0.8302535407225129 0.788674020590243 0.7566358036833274 0.7594682239058695 0.7586351380224674 0.7325501076139816 0.6817893296622914
0.49995904175572464 0.4782570863445014 0.4067822130700886 0.4048106649054504 0.3835663672582409 0.414330672111503 0.4433520788070969 0.4986976717051651 0.5082644182853153 0.4672075005949445 0.4424562821373411 0.4770791183324286 0.4946515179142396 0.4431168045399879 0.39885165074048684 0.45194318696939983 0.4907190908990607 0.5334276968135995 0.548050768490391 0.5576516253528058 0.548236484780432 0.521702555952614 0.5667028157508782 0.6141981973812546 0.658217371416526 0.6413151412491563 0.7354972876594794 0.7512026520996733 0.7896858523837191 0.7821095396568366 0.7549546108824681 0.7727386099826552 0.8548699204832608 0.8643366516777354 0.9156048345252006 0.8840769620329213 0.8523600724115529 0.8312107108325104 0.7693545516640592 0.8145593297748981 0.7940963362319332 0.7392218909413938 0.726269490897991
0.5039925588715181 0.48010577062846815 0.4703521342423184 0.4130738802111998 0.4016610501867594 0.44766238429542915 0.4607552785504466 0.48894722264632307 0.5415662186356592 0.5406955373390641 0.5472247526339892 0.5152964989196195 0.4739749366767899 0.44017199016916203 0.4618070257378742 0.4927543847588507 0.4844463578797061 0.539407895695711 0.5393386600097356 0.5588896606775768 0.5223898731085626 0.5606487218515978 0.6006702211942377 0.5778809388968869 0.6096850154963533 0.629318732174875 0.6555555798645012 0.7302671796894568 0.7229510203700215 0.7630041074006728 0.7272675239461865 0.7829711357744745 0.8481301064108762 0.8984966924726749 0.8791544158570076 0.8582577434500562 0.8551589399412592 0.8409873086457922 0.7899402072637846 0.8164765343587225 0.785193790979677 0.8029258487545771 0.7943084720916778
0.4888854869293054 0.47528572368050004 0.47864046917531045 0.46260662238592654 0.42708931168060726 0.4292794129838573 0.4627745422435103 0.4898529074011846 0.5149641964343622 0.5155128820101647 0.5698352111355145 0.5643380555296041 0.5365418972218745 0.5055191497828544 0.45662602036883515 0.4971054231989795 0.5398488395261659 0.5275258098018667 0.5394351187269122 0.5368290004301902 0.5529853142572101 0.5295563380696673 0.5742283107973648 0.5924599545943486 0.5883081307152043 0.6134118814210797 0.6482171684131958 0.6622014107320209 0.7117518445294538 0.7555430999301399 0.7243686787122727 0.8036686753324969 0.8217051166239102 0.8627698159436339 0.9211210442907293 0.8885028155969504 0.8493350616759485 0.8441186370433342 0.8337912660840232 0.7956848630791667 0.8031246216511981 0.8452434275335211 0.8713239979508369
0.46989327682674226 0.448175822151065 0.4740427601851987 0.4144878631861438 0.4062559766532144 0.4385821092665731 0.4528282352164107 0.5228779828136058 0.5100194469209035 0.5505882620281014 0.5521443765639301 0.5656939294369248 0.5354505540694894 0.5030110360710676 0.46901432220919875 0.5347363539918123 0.5696113930444634 0.5301266232779287 0.5177409725284701 0.5244699718131415 0.5751886591788059 0.5524469250957358 0.5378758880292243 0.5427510295739814 0.5474993541314502 0.5902983373593962 0.6136055104244937 0.6438673831033118 0.6994884240071287 0.6920026658896938 0.7129745227369326 0.7754920424532666 0.8243244583822571 0.8670047895549632 0.9321259885692518 0.914473177219746 0.8710235311078028 0.8356813750832709 0.854133274514309 0.8206752707026511 0.853732045309659 0.8692040198747496 0.8611231000053032
0.4857261146544024 0.4327030311704639 0.4341842245175524 0.4268668659572955 0.44324235477889345 0.4929817501631924 0.5057305860636123 0.48711563758452203 0.4921630052385056 0.5738408811195502 0.5894240965952261 0.5744926849864401 0.5486690003875521 0.4966784057660924 0.494437724957972 0.5490754387338928 0.5704216631247594 0.5273653604327885 0.5089762037801576 0.4974998986655254 0.547462569197028 0.5465499048877408 0.5495694092244238 0.5685388535556752 0.5616526127082007 0.5801084797295382 0.6442621363334641 0.6799002723878788 0.6825458117027141 0.688302958248169 0.7426172370578475 0.8030632998606992 0.8821521607432394 0.8943021321050928 0.9573001737519679 0.9420647149865411 0.8417806266604352 0.8705337979052753 0.821395618737907 0.8292015004705477 0.8151263918519902 0.9125339550022902 0.9420458763831457
0.49526842232536217 0.493094178545328 0.49707030450678513 0.5024309370264514 0.49936923245750997 0.5078381038975108 0.4955332574576809 0.4656164241984842 0.5219111320852697 0.5558164855289669 0.5618026214613736 0.5778085168400185 0.5379656714404146 0.5118980819812518 0.541871639800929 0.5491570010717576 0.5792527860674624 0.5261959139107101 0.5661643094553375 0.5386083586802161 0.5383874123155221 0.5492079249340582 0.5672641446600573 0.5624398717635687 0.5749099971579996 0.6318365269476641 0.6800758060117343 0.6955304342564238 0.7032906858936162 0.7014791637884543 0.7604563586121098 0.7786200669732661 0.8549444272447413 0.8929285870880918 0.9341229120879634 0.9328151413182718 0.8755943657182105 0.8925741812518099 0.8546568571719888 0.8645870412876633 0.8335010117009218 0.9179133211906962 0.895708725312367
0.5454777469682272 0.49576250771485547 0.5490605991263744 0.5145901514969263 0.5256692909211821 0.5293405746378895 0.4890569378480072 0.4651160672520591 0.4979132819932235 0.5100996994807675 0.5318442510016542 0.5380163288892782 0.6014488307043351 0.5231590654885411 0.5345597900363884 0.546263468946851 0.5643976809722715 0.5254039626795625 0.5632075647626632 0.5506672975226751 0.5348252226273884 0.5057074152292989 0.5062605458535374 0.5675331929770806 0.6502567552159303 0.6661147989423927 0.7065695664568434 0.7233680769773135 0.6993962046709978 0.7269061613120775 0.7226224222297201 0.7972578531705272 0.7957993725543577 0.8857051826114773 0.8826829225205324 0.9069518214215496 0.9363434054477663 0.8661419043998333 0.8640613702752329 0.8586482501998126 0.8574423275308141 0.9265446010207987 0.9456228264222983
0.5236221667332046 0.5237076325699235 0.5479654897233419 0.557637035875528 0.5356766066020096 0.49154521655392946 0.509342666955749 0.5198740391087223 0.5190502659177505 0.5513731143407412 0.5284633680303708 0.5493880478927038 0.5912810895097314 0.5613021461902116 0.5545866232416279 0.5472324538767812 0.5729198022643592 0.5623881581991602 0.5263482154107144 0.5228550059107663 0.4852102648867592 0.49342862961275674 0.5123976337635936 0.6002351623832152 0.6388123655653222 0.663123499009492 0.6653331680452347 0.70579285145351 0.7134405376305364 0.7061473353655034 0.7416065387753663 0.7983242395220093 0.8019943648678096 0.8523907556431902 0.8816111832746102 0.9344481336008063 0.9436999162029769 0.8927022886582074 0.9142518055208527 0.941489722095181 0.901408350568706 0.898636956441538 0.9091410821156801
0.5142518974521108 0.537437047677005 0.5845095545825324 0.565502501619201 0.529530803203686 0.5224694302950252 0.5071580338894651 0.5107740340813497 0.5302052612920809 0.538051803290839 0.5636052268627701 0.541239952769747 0.553633382751511 0.6010176108651394 0.5965063819067149 0.5411895363799347 0.5658505345899594 0.537671390755865 0.5054003119531499 0.4932005035950999 0.5152078762055908 0.5073763177565905 0.5079180022915497 0.5704104719608338 0.6424824736830185 0.644934803352127 0.6931319666316079 0.6706020468805399 0.6489475377654849 0.6922392709416806 0.7689333788845487 0.8041199918185222 0.8655828116721321 0.9066244135159132 0.9041316813003416 0.9448701399081127 0.9219680608113462 0.9025514023379857 0.9611784033295774 0.9111216995094684 0.9568991555466424 0.9210091248367398 0.9123949798074674
0.5337829602294639 0.5690189718966385 0.5689663408592319 0.5810870918187769 0.5459602308974542 0.5579565965004535 0.5744657905021634 0.5148868306994103 0.5790721220186468 0.5858660017952028 0.5860420435470072 0.5442010738326223 0.5992569366265459 0.6037786290139737 0.5778327502201774 0.5757150755886633 0.5647091340222525 0.5534643318833168 0.49382769605786514 0.5047979165120957 0.49342454442302475 0.5100913329408432 0.5336340244828526 0.5415361703523448 0.5705505330843426 0.6093389680056682 0.6788337434666487 0.6574665152047567 0.6845644067827102 0.6740914729502765 0.7406156715618173 0.7708810734863344 0.8677489362696393 0.8802534255495399 0.9139754897391318 0.9156984843073139 0.9259539093069735 0.896575652817799 0.8949680636958451 0.9101294632775059 0.9223906917751024 0.9370829301561822 0.8781038283790923
0.5607827365415389 0.6066417344743793 0.6465930727246471 0.6275465107071353 0.602513987245819 0.615197178206018 0.594365214424086 0.5427011487427944 0.5515714637463578 0.6062553731188509 0.6153489939368219 0.5800382183452867 0.5618911649067667 0.565590812744378 0.616181829763521 0.6048486205253878 0.5568356651012242 0.5340027689175245 0.475637385170176 0.47925425250684256 0.5036703839047396 0.48022124085912327 0.5257798861483564 0.5285004153341839 0.5857361995824485 0.5769334001085088 0.6303241821911423 0.6074115146182247 0.6456331420322122 0.6647472016551951 0.7165694831416702 0.7480348622325166 0.8382082865008529 0.8192286079149348 0.8578155497440209 0.8850806464677383 0.9163257713179518 0.8928906613431958 0.9171645051832553 0.8883004199839283 0.9162003797302744 0.8630674548826262 0.8529625623923016
0.5528544289987255 0.6368775320359348 0.6421170203736887 0.6713180283350245 0.6261288251253597 0.6141410606201769 0.6522911573860108 0.6348022400703999 0.606465451064172 0.56789310526991 0.5829621000947666 0.5660271978420705 0.5493922585039481 0.5632157005540975 0.5895134285345914 0.5563795843289655 0.5263514311034492 0.47179500009145575 0.43728384419717375 0.45831223953120487 0.4994216777239824 0.48965283894006423 0.5284688977519569 0.5609580025006351 0.5913915301517447 0.5783255916953025 0.5867622954618193 0.5957163002243298 0.6442857272386676 0.7166821352689271 0.7170530621168468 0.7794607241002668 0.7601480803342141 0.7934988387023658 0.7991437582054037 0.8640301013725261 0.8433967611456509 0.8672844093231972 0.901751833615699 0.8828293923260072 0.8855119340578542 0.8605218649925103 0.8444930208735433
0.5831507680367471 0.6533262411313299 0.7191844886130369 0.6392535167459401 0.6298207007981488 0.6501743279932887 0.6426977706054015 0.6482641666925683 0.622727705160201 0.6271534914778893 0.5937936641105991 0.6045781066224671 0.5802727177574594 0.5607358415738354 0.5473495837704674 0.5572935534703348 0.49807026825037104 0.4992904077241451 0.4458288547515883 0.43270315797700853 0.44847874475354743 0.47694135276205407 0.44202789960103556 0.48547113018545235 0.5675581047809684 0.5119349865228134 0.4895905098100168 0.5711770367964546 0.6262151014704472 0.7152861411856135 0.7697708457271557 0.7764517989304452 0.7499996854924661 0.7955466496406884 0.7899359639995513 0.8449670791896375 0.8474205072338731 0.8287678567038987 0.8526354698982587 0.838138515393575 0.8295558454456324 0.8631372882222347 0.8311090764581829
0.6346814144203107 0.6915930069026021 0.7249490363299512 0.6624944773519702 0.6514476229965835 0.6457631932151765 0.6823309555493681 0.6741420008545945 0.6109961182644517 0.6394430178572009 0.6233885850045591 0.5636247173697227 0.5981582969121712 0.5691928771978938 0.5404334936611933 0.5649745961782934 0.5078095297492162 0.4622685335999697 0.4696324559858961 0.4738729943025194 0.4516152009391579 0.4742690539577483 0.4657025803774366 0.4880031761697668 0.5258398251487275 0.5247870494000871 0.5524653524034837 0.5394654701985103 0.6093718590929906 0.7011292143662209 0.6975970818076257 0.7664000778057452 0.7825553068077093 0.7882719234860956 0.7754857559308626 0.7788618759855602 0.7897365960518056 0.8077361986534481 0.8340551096281528 0.8095309525007212 0.818633686400277 0.8187729291675916 0.8452744539003975
