Raster_benchmarking/DGGS/continuous/raster-244.asc
NCOLS 100
NROWS 100
XLLCORNER 1743156.3333596054
YLLCORNER 5469285.146797472
CELLSIZE 10
NODATA_VALUE -9999
[rows 57 to 75 of 100, columns 43 to 85 of 100]
0.7313770360493944 0.6797403658371187 0.6263368634487811 0.5756135774481365 0.5465226367550532 0.5225928703612165 0.5056534384579414 0.5168729281845007 0.4836910595619214 0.4921475617855278 0.5011885188983998 0.5253996103996438 0.48060490777498216 0.5307521855570004 0.5765508457659552 0.5771004575341604 0.6384457191798457 0.5606578251607606 0.5286876711112265 0.49706275933554844 0.5176399408401833 0.45623824109528005 0.46685680087948833 0.41790417469242797 0.3456305618909854 0.41651929384390607 0.4436865885136919 0.45359289272600845 0.41110959724865564 0.4034165222451455 0.365269168679464 0.290072715267965 0.2650385472731466 0.2886670294202375 0.29864081115873736 0.34590842886649803 0.33414784296918587 0.3340123231917515 0.3118122939054234 0.279912732659149 0.2840430539110888 0.27209451081104863 0.28009395395416525
0.6858677438085533 0.6727110466402818 0.6389305078433158 0.5876514900242232 0.539597013401944 0.5572426164056787 0.5438959799222756 0.4984214042474493 0.5101683530875808 0.49545746373365707 0.49291925927929786 0.5201062286493485 0.48968810816246083 0.5012896638380239 0.5646179956587936 0.5782649649295255 0.6182646596795385 0.5579452405501729 0.5288373325450199 0.5302716994983563 0.4831133989860461 0.44216526358284686 0.4327897448105179 0.42728959311245895 0.3923755862084322 0.3984166834144498 0.44932905670119766 0.43288092824923874 0.43760055702614264 0.41626764258366156 0.34896449680931574 0.3340167518250616 0.29950568556864665 0.3445740810548142 0.35270347644169187 0.3692059189609842 0.39287940150017603 0.37219317351318965 0.35174130239843304 0.3352928045893707 0.31937772878888576 0.26930166299106956 0.2644018679524294
0.6980304545441 0.6809931627773119 0.6901278984590972 0.6152291386139717 0.5740078177830691 0.5677579378341234 0.5642998282115438 0.5065941626526431 0.5184217200531605 0.493491664414482 0.5273232413642472 0.4838286200890455 0.4656901288385028 0.48663353752989547 0.5380094696007365 0.5693618741971315 0.5954173413143777 0.5441985408454799 0.5467717964191762 0.49288557584445936 0.46876974314394526 0.44572120510060503 0.4196993479809921 0.4007229608479554 0.3773385644165459 0.41420645438860276 0.41833971888120647 0.40699285956050346 0.4235137212525702 0.3987041465411191 0.3582296010741283 0.3742698489430302 0.3438963664456548 0.38092371760988686 0.3824525556299905 0.4060471958473144 0.4158195029020916 0.3573124311668811 0.3560941812491848 0.3493295658024543 0.28956955105342763 0.2693957098396777 0.27110370963081853
0.7124820249127503 0.6916259003932513 0.6955127339582597 0.655406970425869 0.6341794626622663 0.610261499017542 0.5643638268237691 0.5406659243602026 0.556140588755811 0.5094495669137901 0.5167471427334205 0.5117689139704568 0.5029083744568168 0.5194019480467784 0.5129813218713998 0.5350486367624164 0.551099785018351 0.5341475189931049 0.5240627618134897 0.49439218848141303 0.47451756847128496 0.436734269886855 0.42131393923116595 0.43586858048926513 0.43587679656992007 0.4487261847807933 0.4632655693996414 0.4294506629889905 0.40600770143998066 0.40012850793052257 0.3600432525073557 0.39022682872827075 0.4006606977842412 0.37956915401282854 0.4041819425545058 0.3896271006681667 0.38627149362396773 0.38744152755055417 0.3504124324585349 0.3242677543179836 0.3237216508749762 0.30609700297878417 0.29497464447024985
0.7275369623787891 0.7314308854977255 0.7052895674323927 0.6694751439857691 0.6395460794236931 0.616950231320774 0.6155277472881616 0.5584169375521637 0.5711874993251977 0.5433710525364269 0.49914414851243855 0.47939047270159085 0.4769072819287964 0.4783369476594336 0.5123825424873228 0.48428311113338146 0.4936484110558554 0.5255914861395827 0.5169638647278372 0.4776959611072856 0.4648677912695413 0.48202452292617914 0.46266764334460825 0.4807637309563246 0.48037147020799487 0.48034419634543385 0.46887067122741044 0.44982230806424484 0.40296059506166715 0.4234775828755002 0.39030598849511755 0.39732211394419187 0.42877451465953004 0.4511549723363842 0.41212659426535264 0.4096575927815493 0.43871818115056294 0.4136761378090517 0.3790750268186753 0.3737534247425957 0.34461434008322106 0.33945698855934575 0.34192645464057025
0.7076020183454746 0.7218971832494087 0.6525841006958396 0.6295106781163301 0.5766312564845615 0.5689458832241225 0.5956351328510393 0.5871893434360048 0.5854885194701137 0.5267517306224486 0.48086288384379744 0.5016861889193812 0.49558102387878605 0.4742606436638224 0.514555462718291 0.4971662568853482 0.49523949831819264 0.5124748035031703 0.5227293428904435 0.47710050962633305 0.462688919523061 0.48360319015451736 0.50155956225661 0.5181299336909939 0.4836062316316203 0.48246891709632367 0.5164644997583874 0.5103843113666426 0.47885905886011554 0.4683207619788508 0.4434807331013846 0.4633352510868667 0.48229969233406905 0.4770451992241499 0.4726382870640062 0.4517905456144655 0.45284378333179304 0.45499779943629576 0.42525796299096535 0.3874051615979009 0.38137635668269326 0.35575466863278854 0.3701179357226786
0.7040007258185637 0.6769188813787542 0.6577038519110225 0.6188294288509398 0.5571051210643103 0.55699220310062 0.5378262907632866 0.5406040834158915 0.5696960266408078 0.5495670833152589 0.4802234297412137 0.48285508510092673 0.46732413542827217 0.5106082876779413 0.520033312837647 0.5074778618313925 0.5302340409362241 0.5281363204224699 0.4851632502718848 0.5185199914418683 0.5273424296993549 0.49959650876541845 0.5237603940668184 0.5369432281440122 0.4999236568493594 0.5246505006943705 0.534491211024544 0.5422887392870944 0.5436775153773276 0.5387920767249934 0.5164787975983125 0.5090934436110364 0.5137809001186706 0.48314115487488657 0.5035124451640866 0.49251102837830396 0.47400117075280984 0.4741278357508707 0.4480591961272507 0.3910556007348918 0.34939042928494196 0.3656070803453041 0.38864804509029505
0.6876567675641154 0.6684829449360464 0.6029402741122356 0.5673190012008446 0.5401971912449205 0.5391233929121471 0.5369042821499697 0.5209849465201393 0.5109764135949669 0.5280702475164004 0.4815732025601345 0.4834769175447276 0.5291119987412012 0.5291568412939668 0.5371394460080228 0.507598681328408 0.5111721212384279 0.5211425957272181 0.5045112374843685 0.5410519527908305 0.5688738474004591 0.5604282784330901 0.5752660166527348 0.5587787466264018 0.5346948877259761 0.5473031322682911 0.5166305833064119 0.5545697300077611 0.5627550037918286 0.5413556042241355 0.5423226316013229 0.5128848380870542 0.5323617788101468 0.5267639645396252 0.516180669235407 0.5216274134507217 0.5095474886773518 0.4469883065895784 0.45818199265460574 0.41380967327724794 0.3477144082613053 0.34093385259946274 0.3616690181498134
0.6387260688256965 0.6251500944338175 0.6219075566545481 0.56175596799246 0.5144878987735202 0.5154367133550202 0.530037165321698 0.5097937825922593 0.5141908117627587 0.5030584977663711 0.5150837373045266 0.5017721820186969 0.5392184651987663 0.5069158556127671 0.5160027510563603 0.5025127566801191 0.5190036520010923 0.5084279667877137 0.5221789601496707 0.52954561307513 0.581823525113389 0.5873868678641178 0.5723445436807563 0.5688317083432629 0.5812724907294062 0.5369310881011131 0.5262245166888502 0.5234576065839885 0.5459073395531596 0.5394902963222545 0.5375041294821478 0.5611714975090086 0.5707439124442848 0.5722768696570437 0.5423776295150672 0.5113044027884042 0.49551573623877976 0.4605660681817611 0.41668650618672554 0.4024409314149806 0.34396994822054805 0.38078569865514966 0.37299661506703136
0.6318432330590089 0.5854651295586125 0.5757706999842364 0.5487010939146935 0.503025038778246 0.4957936352525654 0.5107857211432053 0.4769707454295714 0.471329401394435 0.47655441266824794 0.47534387744549694 0.5005500448136615 0.5116475776962535 0.5150853253609491 0.53555927570906 0.5243746527279944 0.5254232727845868 0.5158292950820064 0.5162065460789541 0.5405436270690606 0.5690728507111645 0.5703408643470237 0.5594581253980826 0.5607523214029599 0.5785281051994451 0.5376936043444968 0.5147718123556162 0.5143161733096353 0.5395095224971344 0.573398030729002 0.5690872879520245 0.5940586842155811 0.5882322219085916 0.574657482289533 0.5506199748986952 0.5544708071209982 0.5153758475305609 0.4693383179993293 0.4488888943513939 0.38851654902974436 0.3963668898914678 0.4001712025079439 0.42797241383583695
0.5953491218792735 0.5664443229726019 0.5690501200520196 0.5375512217517311 0.527573542643119 0.4850076207870813 0.48369541751780576 0.47476449589139536 0.4845951878842474 0.5007091555125468 0.48780007613288123 0.4875586540043772 0.4710853089380064 0.47493888484924635 0.5053299262573971 0.5348679043051608 0.5460760948169192 0.545554159211378 0.5479317880100194 0.5482972668798587 0.5526364726392787 0.581015523897117 0.5662693960947465 0.5505934055001628 0.5847299461620162 0.5440526845327538 0.5168228884760241 0.5510387772132228 0.5346965469226672 0.590500174936401 0.6074308917146608 0.580092287478738 0.5885555595692166 0.5777000879136139 0.5768059512974916 0.5628348776347656 0.57038208044012 0.5024975134233017 0.47560514575192675 0.4144985323362581 0.40048595867338344 0.4211673821891012 0.45698324248684175
0.5560468474785853 0.5733140568308508 0.5769670250759648 0.5182937525121633 0.5084191510724477 0.4951995174685941 0.4467225168125473 0.4558479191987531 0.4864735521546432 0.4888042970790682 0.44535457553077057 0.4499658746373511 0.45131493732123545 0.4764059066768758 0.5043397029363268 0.5311405875555597 0.5749426166465368 0.5488147594664664 0.5632039223390454 0.5725653793916634 0.5596424479290217 0.5697608966611978 0.5598185364775192 0.5571195474828418 0.5408791725450214 0.5388618566597244 0.5375691702993631 0.5582733117691744 0.5502672759310328 0.550890758335576 0.5809150577213802 0.5959936904575077 0.585048962567537 0.5882534156162923 0.5783588149465543 0.5902387251580732 0.5728369738154492 0.5252319723313397 0.5045942635518479 0.48201025935627584 0.4674334610560514 0.4654964430182916 0.44970842983910675
0.4823680970763812 0.520123734564737 0.5603988176876799 0.5380565640721761 0.5176954413527199 0.49898766038589076 0.4458695252361056 0.45862686055837804 0.4610802599563557 0.47780546528237977 0.4304181841403824 0.43789809500310817 0.4807995806202403 0.4756145781187822 0.5113867953864595 0.5720273186298789 0.6205853031572215 0.5861575120101935 0.5718598595304938 0.6173738483773842 0.6461062269256204 0.5803721778374993 0.5560471507965615 0.5667658515329166 0.5513497175305627 0.5747944522939319 0.533453643930529 0.5722366362389935 0.5677828186628097 0.5936127912095207 0.5881820169226858 0.5707579780812538 0.5738102324762772 0.5599228708903039 0.586736427838205 0.5887236221256209 0.6056242809589738 0.5619183610990849 0.5379529260233193 0.5278867994005788 0.4922768506540567 0.4917598282913096 0.46538362187166976
0.5153262136236778 0.5401218828028133 0.5663125485313592 0.5446836222154816 0.5299284443861205 0.5046474660259848 0.4781256343698239 0.46822802062266317 0.5042176745369474 0.4719365060176246 0.4861041740890665 0.4662541942625521 0.48684744971154403 0.4902196276025755 0.5477574861421677 0.5499535921122822 0.6018848842250054 0.5722770210516595 0.5842874445689278 0.6336664612456929 0.6390064592429436 0.6039678486258879 0.5601214761886184 0.5779647959506269 0.5878993617780398 0.5976676325426517 0.6058135845327413 0.5970052075781553 0.5568007242450784 0.5733205397664588 0.5781182448553236 0.5961797184961388 0.6167436468934492 0.5821360107488461 0.5976496457383293 0.6365022850073102 0.6164602808916644 0.5835045164570877 0.5344542431705919 0.5344168118787358 0.505103539405277 0.527484122538367 0.4824719319275424
0.5246460336851623 0.5177911232419079 0.5252136514370297 0.5424084800934773 0.47652950280723844 0.4641656650638039 0.4723347245028387 0.498504904151011 0.516149783256633 0.49275295212336856 0.46872333794895704 0.4803620478649251 0.4802585026541932 0.4922070293027271 0.5334884416650052 0.5709146622790795 0.5783326155618368 0.5930505941443368 0.5855399880019585 0.6011759577332858 0.6490664472820251 0.6448331862271156 0.6015707988904704 0.5926137216006454 0.5734681746022512 0.6034583628501599 0.6417089327221803 0.6104751361503391 0.596062497819634 0.6160035341984988 0.6004525324939236 0.6248242941536452 0.6093819643617541 0.6416804321697477 0.6585203653638557 0.6764037649333776 0.6498347096275827 0.6035539960148196 0.5733463269104399 0.5873698047101585 0.5676456955816918 0.5444982285820706 0.5449162243904948
0.49229034255492354 0.49511620420432517 0.49588687254490177 0.5318925743867747 0.4792572455033485 0.46876173861723064 0.49926350631088495 0.488047000994162 0.49463947388496116 0.5187187723834114 0.5156156769317651 0.5024767414352993 0.5228015532496889 0.5580114603847176 0.5531085436154782 0.5532750594684442 0.5781540189957052 0.5959812192654789 0.5813565787925246 0.5998803800352391 0.6207367086609455 0.6611479819481609 0.6248834266266976 0.6331752394660072 0.6264253397536497 0.6460514065754677 0.6660076525587745 0.6414279785114639 0.6609342302374407 0.6196657410279021 0.6221910041030082 0.6304960309120337 0.6588631280377045 0.6704991511113572 0.6680471671026775 0.6540537815622515 0.6628686637930373 0.6428226476286297 0.6105048681890284 0.5889779344543292 0.586708140203528 0.5833918471833582 0.545959675662071
0.4415808390855555 0.4902786497238132 0.528130108160754 0.5217419028385345 0.5239780683575055 0.48482536539411186 0.4826065823295813 0.4957475619670562 0.5169266234738042 0.5055858454029695 0.563922768024441 0.5510309849545483 0.5763237261280555 0.5592787168683653 0.5884389700604762 0.5515111394319754 0.5723681551536424 0.5996339447560566 0.5746004383924153 0.599403226359462 0.6215791521069228 0.6701592495269375 0.6734538821998913 0.6349465489708643 0.6585874536148782 0.6406852507388299 0.6632338229453117 0.6876267637192801 0.702308311511093 0.6588224461405774 0.6682430974831503 0.6731661425761484 0.7029305532709821 0.6709151322129968 0.7019216151411748 0.6564154567547311 0.6546521996114021 0.6496106835839515 0.6047083153039545 0.6441368975703409 0.6703352194275088 0.6086158283499006 0.5715028065552508
0.4855386232242077 0.501101628628921 0.542198571439411 0.532578311716093 0.5092307780139695 0.4834355058626752 0.493586123258552 0.531527226573138 0.5081031217053376 0.5063176228764406 0.5440830408859089 0.5774399214414973 0.5808631605236012 0.5848434148241383 0.6049410417226291 0.5831906924880753 0.6013875815104295 0.5943651026480844 0.5928352638950488 0.6111302123700536 0.6223069539724053 0.6655308243388447 0.6778312437955357 0.6770899070930605 0.6811614933395386 0.6512787599160444 0.6524175860966167 0.6603704305463501 0.7053483311479993 0.6998862740009404 0.6468031198850336 0.6450038754796421 0.6713019165583256 0.6765378842235954 0.6731184773104945 0.6603222139649032 0.6813121351954928 0.6464997392268673 0.5935481035129956 0.622625608195768 0.6178204493288685 0.6396215485982539 0.6306552899636421
0.5281393450372976 0.5414890747109197 0.5166813975869788 0.5147381490792049 0.5154214199472289 0.5180622460620656 0.5008767020430318 0.5044586864159633 0.5248580233934077 0.5082107581683988 0.5134961077844835 0.5720178651135731 0.5688058535567994 0.5947050937512413 0.6147660762446169 0.6078763795817307 0.6105593002293417 0.6154166538028117 0.6128792215535086 0.5881364000700547 0.6376676260552978 0.6744406458079795 0.6589978812315404 0.6370220882913491 0.6559812126027937 0.655263953854062 0.6634052925187124 0.6607818967745024 0.6958453559724164 0.6514023413704833 0.6515963423944371 0.6195529262279675 0.6139513916400823 0.6716815493735487 0.6762592280769998 0.658752985982399 0.670864862624376 0.6459346337655729 0.5998385417997443 0.6321113163062049 0.604088569965638 0.603354986974599 0.6373717989738092
