Raster_benchmarking/DGGS/continuous/raster-44.asc
NCOLS 100
NROWS 100
XLLCORNER 1743149.6360255715
YLLCORNER 5469286.934498617
CELLSIZE 10
NODATA_VALUE -9999
[rows 76 to 94 of 100, columns 43 to 85 of 100]
0.8196207219107744 0.847611603788462 0.800813743201647 0.7888032755562326 0.8339825880164407 0.8484376750075627 0.831172528648736 0.8267314540896546 0.7629512274097825 0.7354750307629497 0.6820963893804067 0.6964453749031213 0.6671787329899352 0.6819910400349631 0.642765714042279 0.6166664497481222 0.645485488378673 0.5723571008906839 0.6144033780899681 0.5864372157720205 0.540483297121608 0.484035482298951 0.5110199745686849 0.5861797028835429 0.6081518845455967 0.6258214693951656 0.6009972872643166 0.6061038801669733 0.6121148771553742 0.6018329070499717 0.614809987091775 0.621472112320416 0.5895156134727756 0.5415540189027992 0.5319207976767925 0.5447511288729108 0.47090763630005994 0.45371447955471605 0.4437383655920315 0.44682574699829913 0.42317248980023603 0.4312954130776837 0.404940338020033
0.83796196190057 0.8773296131230157 0.8601000901977344 0.8322304987103404 0.8011937010684271 0.8087580995409188 0.8207222213944144 0.768863638950169 0.7309587806445649 0.7928054145233305 0.6980892684511733 0.6510623604326485 0.6290126251793271 0.6799122439114457 0.6356062685952142 0.6548665686997515 0.6444835554962325 0.5872033141182138 0.5795540763641222 0.5745672567723363 0.4981186230392612 0.4389450304746538 0.4671733370953695 0.5317085950294682 0.5831071734928919 0.6522572219443372 0.6719514870143569 0.6594728173728129 0.6298675531207434 0.6847274341621997 0.6112513740885271 0.5741682098140882 0.5272078941940188 0.5091276578872991 0.521105196714208 0.4799664412988184 0.4424209282838064 0.44174465458060824 0.4244843556403931 0.4857126973931723 0.40980032446961434 0.4174519315112114 0.3987668802876625
0.8338696986044085 0.8169531599167084 0.8408951569335067 0.8269646676427521 0.8352021692127304 0.8422343328777311 0.7981097665461182 0.7613384471748089 0.7250052423858077 0.72119291419989 0.696148964387651 0.6882473681248473 0.620637059345113 0.6494349055817259 0.6072436838079734 0.5622734322040605 0.5591160998012785 0.528516855717536 0.5108939463999604 0.5294672656870193 0.5115277217390205 0.4918430472854457 0.46450648293199226 0.5274208716922233 0.5763094119845736 0.5858499698326627 0.6401321331770073 0.6502187399665952 0.6913809277527011 0.6885760854932276 0.6230950392085658 0.5605230704130804 0.5632055354157554 0.5112174407761668 0.5018967608766666 0.48821395802213574 0.4440209142524924 0.4366332301617134 0.4243469277228085 0.47728489632002075 0.4067588747603233 0.4222635617417489 0.3651707696397059
0.8267878039088319 0.809095413520569 0.8432286527161672 0.8202986483546084 0.8170164872558436 0.7950172148409607 0.8012638539968362 0.6996043318706082 0.710647323593349 0.745377391620706 0.7149416920598839 0.6706154955831231 0.5964337086044776 0.5729869072778861 0.5376034216776474 0.5161966914888013 0.5651706812462659 0.5348900885149093 0.5166675500480415 0.47063051147746143 0.4811590557724612 0.42834385113932827 0.46355576764646106 0.5186479258726633 0.5587399735945036 0.5979472744525094 0.6065733075420147 0.6459211392685685 0.6830244262596031 0.670718421444722 0.6213465403727748 0.6117104333329236 0.5504713684048014 0.48358698196816174 0.4516979070638203 0.4266208850689446 0.4281481057100362 0.4173939756009392 0.4214036934183481 0.45655234566037983 0.3939567329559801 0.4036456377654188 0.36461544057959794
0.789022102925765 0.8030515829134968 0.7890381822901076 0.7794900218150285 0.8257876810958249 0.7832763240854949 0.7804842243243032 0.7610988044031579 0.725075545017887 0.7189817282486956 0.6867556206446627 0.639475503843466 0.564072076690609 0.5281348960653243 0.5547982664090079 0.5164944646604176 0.527975432879697 0.49713379031941 0.47045290519411076 0.4968475092779589 0.44149439966485393 0.43339304120360733 0.4568066360362696 0.5131770290317653 0.5216211885042561 0.5104508362540152 0.5610929383189684 0.6069008391700692 0.6135590006259266 0.6213626986342834 0.623061338520428 0.5813309175124153 0.5234830131643682 0.467084862455685 0.4387581820760109 0.43019996941233907 0.4678137004667309 0.399682606217529 0.4154210096660952 0.4139790548222711 0.4018200107886939 0.40026102430598337 0.3702213060475947
0.8095329963960252 0.8524335675178735 0.829087149655597 0.781258166401102 0.7993863797297753 0.7830926199786568 0.7788994537782202 0.7612599063409478 0.6730765633550705 0.6233342273241109 0.6076195135490939 0.6264375716571113 0.5371509047002935 0.5009513864032542 0.502878961454768 0.5630663832541888 0.5526216761312781 0.5045468327978446 0.4609638523618003 0.47857857322811137 0.4251796310722121 0.3526292041553136 0.3892861239243158 0.4466560837725343 0.4535715570359033 0.44779477332400086 0.5288741723573068 0.5818228126662558 0.5388015452862635 0.5669848003112927 0.5741068519833297 0.5541870176019711 0.54551163295677 0.49879660100098855 0.4903262360529556 0.46077644954015656 0.45555069492559996 0.4271842463569998 0.4074726083236304 0.4507500930568007 0.3977624952355073 0.3259727764755903 0.37227705638856484
0.8600882404311744 0.8652752424279488 0.8063918030950412 0.8062554708666383 0.7682036146789796 0.722042749566667 0.740920965694638 0.7219468456257804 0.6604324959655231 0.6542798143160211 0.6044314072599449 0.6182112429257937 0.5551338461948038 0.5223837470484739 0.5179392801082782 0.5245817098570755 0.5172416954497748 0.441717059109841 0.47347465762476254 0.4300261235070561 0.36343682408509037 0.3476312269322437 0.38911876316030364 0.4210314745295006 0.4073468606089378 0.4113427515571603 0.47083989602724596 0.4981484572747952 0.5227191946997443 0.5144579936865941 0.5569963081497988 0.5232450216994337 0.5266553094637685 0.5096829606872724 0.4738614063626472 0.5109741043807317 0.4933430954894541 0.4356977291662861 0.41266108540634033 0.4219389998009012 0.3745719177918729 0.3598972333253935 0.33216832529386725
0.850720335237914 0.8372189900658014 0.8177012157428494 0.7741067033913398 0.7414901781629167 0.7087722675120859 0.7029812627220476 0.706779662193926 0.6734837875482256 0.6507986830707658 0.5943751182761934 0.5934784577089447 0.5697891077265562 0.47748207766091566 0.501478394866123 0.5179038633625291 0.49773323516384127 0.4106249537264723 0.40281463035217596 0.36761551693399025 0.3390882934399905 0.30565074164426936 0.3824840197287664 0.3514573550067995 0.35891050710151995 0.38475382135992675 0.42967854108109876 0.4544983983686752 0.44410676832653545 0.520451315784916 0.5109721477831474 0.4912861426699101 0.5424645350953585 0.5563012639080468 0.5326854831131096 0.4875911533994312 0.5155831751584614 0.5051479112263186 0.4497137278515243 0.3907088697843558 0.34922396654080273 0.3441215376060339 0.335908813191346
0.7867267178582543 0.8404178664139795 0.7905635144327561 0.7098535218959566 0.7242080649324966 0.6986969216241495 0.7303815067145901 0.7177130865539931 0.6664246939773905 0.6303746009137506 0.6015154467521782 0.5436277142823912 0.5379510417251674 0.4804262642769905 0.5108352759933906 0.5103307934021567 0.4423357715982842 0.4348509803822313 0.38366775391804514 0.36890192593501087 0.37474034084631286 0.3417865425768781 0.3566802889555923 0.3436683400495142 0.38457608180908504 0.42169995029081564 0.43007270999557856 0.45132783154554224 0.4025178105321269 0.40640966032388076 0.4907711362133807 0.5201188803861709 0.55365236001772 0.5429781180373606 0.528475223814826 0.5100932765489407 0.5308721931064204 0.5561001047763346 0.5117120839005169 0.4010967146722385 0.3618305050264184 0.38781374928733175 0.3613651083912573
0.7599780958046426 0.815441280701549 0.7505613879496282 0.6773070894314853 0.6785333997549826 0.6776905205797766 0.7074233025976344 0.7374333742178453 0.6614750161837438 0.6696160789957954 0.6153934627923185 0.5692640338215523 0.55435206739999 0.49585160787388594 0.4923267578659645 0.44576445872498155 0.39599341914500136 0.3879227879833364 0.36243801921986535 0.3733220004811166 0.36939704028950865 0.34388389001111547 0.36664345293659584 0.39022357864291196 0.39119201225378364 0.46217607934969535 0.4516380764943778 0.3874326435078744 0.3972360904287518 0.3381734864505407 0.425562897542396 0.4893499546443564 0.5295549400656213 0.5479837171123259 0.5091371683129209 0.5029167281768478 0.5334061985108747 0.6061874859862171 0.5233207517694156 0.4065940962996541 0.38216782563195006 0.35475763186642995 0.36096955480557363
0.7679240779788675 0.730534959685162 0.7319705108395178 0.7092533006202818 0.6916444268499132 0.6781910505210575 0.7167029521113696 0.7096379076680563 0.6457261842695089 0.6141032930809893 0.5940937075747392 0.5621652560223824 0.49436846148458136 0.4858727568523001 0.47290917029979423 0.44655644451785936 0.39178581124410927 0.4263045756571128 0.40331509591750836 0.3561051380816816 0.357985065487495 0.3634993282246876 0.3679106210890172 0.3984094189623098 0.4417000583509887 0.43087299752099695 0.41248207599802367 0.4125064027504122 0.34486160996912196 0.3170455028104956 0.36982777717770443 0.41666078000759915 0.4421211781937925 0.44953853565254015 0.4997889436525543 0.5423666456592797 0.5295352671352986 0.5280753192774887 0.5033767537378835 0.47037872704118794 0.4379544299285995 0.40954095292854537 0.38357742924983246
0.7352808017831021 0.6986335387434229 0.7185403688956519 0.6691499852642594 0.6708390479146139 0.726809585162547 0.695363145157472 0.7071919095304687 0.6227071317709109 0.5998517703850762 0.5744338065489479 0.5352722830520178 0.5080626498734359 0.47956637489576603 0.46035788997288923 0.4121752986098952 0.42543323777620534 0.4489787702664021 0.39455128774593007 0.4234062404078445 0.35623371686781535 0.3170412176565913 0.3756657598432072 0.3968325773337167 0.37540624461426814 0.4385689901484796 0.3762440528427767 0.3695464644944983 0.38631143487443326 0.3536173092341962 0.35982899819565917 0.4118524037642827 0.4461735614329084 0.43792079427164526 0.5013418236406587 0.5215611169735543 0.5114744742668602 0.5411630472528284 0.5304839341822503 0.5005569916086694 0.4686923232952902 0.4212503613195064 0.40970116370902715
0.7649925040079504 0.6898123693474582 0.6953397629341265 0.7174935666234259 0.6972051688058308 0.6784384379211496 0.7282187714366778 0.7142541907856759 0.6718713594091237 0.626151942977527 0.6037587955337574 0.5714472186389031 0.5205077051670873 0.5104592990151011 0.4760550548503361 0.4875868220810523 0.4607128289304437 0.420187148416113 0.40210672100254524 0.39419246120764534 0.3760435155033106 0.36370312756988316 0.3329650275570203 0.31380999955986877 0.360407841138117 0.40247976638016175 0.3712853469378948 0.3600308607593717 0.35249877330646967 0.36884537639111437 0.3885759488973737 0.39678696149774145 0.4454138842314449 0.4328373536882074 0.43188673372422987 0.497683547706046 0.5168943098526388 0.5329495961553562 0.5608081401960969 0.5436316855330146 0.48289943443017974 0.4874464786171832 0.4289490093832517
0.7609494808984785 0.7325794954381102 0.7378640871358966 0.7635489430186398 0.6980015403156308 0.6798928121278389 0.7438391540929076 0.7290174710833612 0.6725623509022487 0.7035297013657118 0.6718945307844862 0.6244749735343308 0.5671162255328528 0.4906008929310123 0.5325320846353601 0.5152530815649993 0.49199948645067904 0.46064092197159334 0.4414752385461489 0.41126792177199784 0.34603998538482345 0.33118057444040455 0.34736386163161936 0.29027930229704724 0.309245011456993 0.3549537824211236 0.31796360090387926 0.2926465189577657 0.28741830793347994 0.3474313298037875 0.3555652892080626 0.4134312831915882 0.42706073009784173 0.44311409588703415 0.45094264977469295 0.44770392321076485 0.5081538425604786 0.5714649352350197 0.5667023383286159 0.5610004875200557 0.4946441662649955 0.4821897117165492 0.4458892272491289
0.7391697356610321 0.7731191008833375 0.7892274425741331 0.7533789200049904 0.7100691219660878 0.6819766620299065 0.7037405423628675 0.7047286586816219 0.6934689325338952 0.6636641625312144 0.6813987628655446 0.6559002431624686 0.5823631027124634 0.572524276796484 0.5572986512706567 0.4988872436343355 0.4958804551080814 0.504576616281832 0.45810139160488844 0.44223447349137707 0.36838786657198735 0.31693008827442665 0.3081656687028333 0.3284282578742197 0.3340254178514716 0.34261300718742876 0.30578262734191003 0.2764188732478997 0.2798233741060047 0.31343770284850925 0.30973391179829407 0.3237336655735226 0.337305720257496 0.40245431743708854 0.3737688986574856 0.4292163535850381 0.4870596759421787 0.47005861093114326 0.4991210370110412 0.5346903592319925 0.4667499893531264 0.4832218263538882 0.42702543563123607
0.7348243062786575 0.8286077504051944 0.7808435447653842 0.7947392864469172 0.7309540279509719 0.7385424446779552 0.7357670446649965 0.6987451457059115 0.6968374874702855 0.6864830953724365 0.6759272044274546 0.6637743459219647 0.5938784433300425 0.5748363458905452 0.523405722245976 0.5268204159862632 0.5405069401201433 0.5407684748339115 0.4666479243638133 0.46756217136519423 0.40758724911810174 0.3613204161634922 0.30298564232512193 0.2991230335575071 0.32783724206782544 0.2955350393613868 0.2662037182365385 0.29025348469228285 0.267315275246603 0.24926111396559947 0.22344898858104298 0.24250333921266543 0.2673910362113868 0.31861277571993385 0.33592687640648794 0.3559277428480609 0.42811927532542504 0.4574379546214503 0.4321726794823901 0.5013000682426615 0.4891230382453885 0.4450554139572375 0.4185067284303471
0.7489739316572445 0.8434408296792592 0.8401637976268231 0.7974089710977703 0.7387412208258055 0.7234478845470055 0.6974996699854031 0.691598098390248 0.6479666692695825 0.6809332114552006 0.6829269157974871 0.6802269833526418 0.6397244968134871 0.6111642918690793 0.5660663014236336 0.566487814014666 0.5702893483211594 0.5545763363167858 0.474268975147673 0.45531984171330125 0.4010179325188815 0.35719887007449386 0.3339870969688884 0.3531745540345259 0.31570627511022115 0.30645900850710345 0.2793187177039995 0.26851542399906014 0.24718130795394264 0.23555759536849177 0.21670708854559895 0.23431440539133155 0.24933876817102898 0.2626185632205481 0.29325888920911264 0.2926246632658967 0.3530733494472002 0.3960814426857881 0.39519817375728195 0.3956304503124391 0.4181927771270136 0.44521434325633163 0.4273547425654586
0.7671874192878021 0.8190224310130565 0.8027370195372173 0.8045685201104278 0.7824165378941552 0.715122004837444 0.6910058134303102 0.659080605237437 0.6901804123098285 0.6802756322998417 0.6675422891363536 0.6038205517709191 0.6335569538796081 0.5899697919749036 0.5895781212630985 0.6012745857850413 0.5524604804322707 0.5438455815886541 0.5151609761216631 0.415506645262172 0.4183528566803015 0.40856926726061515 0.37009586223516355 0.3299014606071632 0.3141231074490489 0.2658428813717583 0.2626825410687927 0.2430267935074202 0.1896402175470129 0.15218732375401328 0.1621163276326598 0.14744599362025623 0.17187816305358333 0.2217401466576512 0.28390788219198215 0.25500994764010737 0.31578535689097376 0.3872611092551874 0.3906870740942037 0.3618409687346234 0.4164419720064317 0.42591896942877955 0.37355658201887615
0.7533874152053031 0.7763575956395128 0.8394744229610512 0.8013237983670645 0.7792840834902862 0.7596660610784053 0.7341906500483707 0.7268983238072464 0.6547229785616058 0.6419391966811637 0.618343900213593 0.6080528175777985 0.5743276997844896 0.6036747180314537 0.5709314446541479 0.5494600949985214 0.5329251161093225 0.5304502767611134 0.5288554201767715 0.46166973736892336 0.4393050245504619 0.37985210032715244 0.3274698409529376 0.3287787320613789 0.31074864676171376 0.29984406314443385 0.27247205812774505 0.22833026257015696 0.23113905742179483 0.21896129951231572 0.17206527397428348 0.16439671490181135 0.17110950008084974 0.21844621499775294 0.22985548300000147 0.25945212643399035 0.29162993421568023 0.30600231679794426 0.30439439040035765 0.2929546196331493 0.34489833546199955 0.3567708905353094 0.3661109013233009
