Raster_benchmarking/DGGS/continuous/raster-322.asc
NCOLS 100
NROWS 100
XLLCORNER 1743160.5647262167
YLLCORNER 5469281.727543048
CELLSIZE 10
NODATA_VALUE -9999
[rows 76 to 94 of 100, columns 43 to 85 of 100]
0.44268734636106766 0.4055122391739118 0.42430520216774276 0.39736972695339395 0.34373798709584424 0.3173588122519863 0.3361193113578812 0.3049682311820646 0.26431821903029484 0.22881168296008347 0.2418545906885523 0.21902753994745452 0.24868920702175892 0.24277568312527226 0.2471683345420126 0.2526148778203071 0.2405690955978541 0.24014924445497904 0.2724369404014602 0.26760734404751124 0.2654862146665468 0.23040576593716855 0.22178978643372477 0.2651206944273841 0.2714364865625073 0.30394170126467834 0.3023570151315913 0.30611142364980753 0.3748136622525383 0.3888014374741846 0.3979196725633492 0.33172175291711387 0.350131146081528 0.40698419279367753 0.41718868643635304 0.39431972006341065 0.4045173326664636 0.4431901441789561 0.3791156868076715 0.38812960017248416 0.4060330585816675 0.43483571675162486 0.4853894627616636
0.379391937650635 0.3828032355536601 0.4297375804614351 0.38867697703515575 0.3523838427945825 0.3619396185928859 0.321854338021391 0.2767197367358279 0.23546215243311763 0.16852382882893688 0.17907801760117517 0.2417997309773458 0.2408746468138668 0.22257444757452105 0.22706896071818836 0.2833375548125026 0.2686072717202512 0.30018879080299254 0.23565132017740895 0.24823366022128943 0.22794452390405123 0.21857953790063048 0.2569775530644889 0.2349727667978328 0.2682056679662135 0.31687715449125076 0.3339878248579098 0.37825915428440704 0.3895800230041333 0.40571272582849416 0.38738499387264963 0.3631987489587955 0.3613180303347275 0.4425232462528261 0.3856568557597185 0.39167511266302657 0.42071956486353895 0.4493939076294801 0.42932978482118883 0.4055010836513702 0.3812009030886778 0.3929046153831437 0.4961049615622901
0.36958544495640516 0.3639571757854486 0.3804680136473717 0.3712805528224474 0.3620391106668362 0.33137864116647214 0.27621215269595617 0.2471513162865825 0.17687686473025527 0.17421086472917927 0.16386664504561335 0.22027260269718607 0.21320727232970027 0.19190862797874847 0.19448977077769872 0.20378236090180565 0.22202084296036742 0.279777079564005 0.24977431073766598 0.2347445979011774 0.1947514167288885 0.21004926347453393 0.20528609169037298 0.2803989210145207 0.26864709605676845 0.3466534360307574 0.3355445502409815 0.38690301994407245 0.3427240867617651 0.32636871497672226 0.32851004759582675 0.3501428403917456 0.405501414814342 0.3867931701379589 0.35367908776812185 0.41793342967186864 0.4302682809708287 0.4379196768687685 0.3958236920314377 0.3864827334759338 0.44224449852103337 0.45307305779720664 0.5164123825706927
0.39726168137841805 0.37158707992965384 0.41433985749299085 0.40964650434063327 0.36913311789153197 0.3781781837131705 0.310026780876208 0.2397082956639004 0.1832576926816344 0.15785177626901595 0.14864785715755224 0.1489305653913349 0.17681063423363402 0.2065599564248432 0.1825199364474689 0.18882582134381096 0.22733959111464191 0.2059758451461307 0.18528693033092108 0.2107905397094185 0.19675327138692644 0.19115036341243777 0.2829694867804688 0.31457848091692275 0.3169050556578674 0.3189704696389226 0.3630804322973656 0.38921875282041185 0.35945142553842213 0.30565203614445036 0.30653748670898123 0.3696992729950035 0.3649278619056482 0.34201279273414686 0.3349360113773161 0.37243011096121525 0.4433002576150355 0.42786669454099024 0.44516070899984894 0.42600456161444045 0.4758606746193935 0.4472919860347147 0.5164969967292152
0.4104533021004966 0.415410400370217 0.3642933109172383 0.419941374678477 0.3721212658660538 0.3702478053389019 0.2943512191264411 0.2434064479950287 0.21782595902419397 0.17542060992624936 0.2107639430995949 0.2022922173079246 0.15699887349552147 0.17121645081134512 0.22475516142981058 0.19156924558834693 0.21157329241674516 0.19672416110840335 0.2198022485456899 0.22176706543805683 0.23983001361711184 0.23972099479177003 0.2943501544380178 0.28832803288633924 0.33819761362143347 0.3033053024018096 0.3403261814341663 0.3758514318263049 0.34277008708740114 0.3321093149432796 0.31471638688525266 0.3554671277873285 0.3187414989447259 0.4043228695589106 0.4028326256575673 0.4007019167623629 0.42562725036346055 0.39840341888428565 0.441699470214087 0.4720350752503727 0.4780061159066379 0.5300941034813053 0.5532568351524643
0.39039056090817653 0.38401897605420343 0.3635233389930135 0.39827520317360426 0.40186468183636154 0.3447305908090904 0.31629187679478027 0.3107745603066616 0.2153330090612615 0.22458958213093577 0.24572194170880643 0.18225163165949143 0.23724438151003524 0.21941416366155303 0.25278225674824306 0.24655214456555088 0.2627773257379723 0.2371377131735502 0.2156136704991413 0.24800599787003505 0.22188723614470884 0.2673541705655601 0.2986843443442602 0.32287037238440974 0.33450411566215205 0.2993168845242453 0.27698175073299225 0.32115480312240013 0.3454770871056849 0.3050123610951101 0.2919236802579101 0.28130013456381897 0.2968926540204357 0.4045536689202487 0.3651973568053233 0.4024215635920457 0.3724060361444183 0.35975436352809353 0.42705833410752936 0.45548670121214163 0.5296942335171461 0.5927405661513777 0.5331042044266218
0.36874967326540226 0.3567649485607044 0.38085687919052896 0.3949386546348278 0.34082415995876997 0.31440948465117335 0.2774670807602996 0.23097420653293446 0.26009032086136336 0.2786787225112773 0.22328051296462553 0.19558883337764668 0.2505303498337958 0.24906218618923304 0.24204219186198106 0.27340482634728697 0.2520061145039014 0.23054719781958394 0.19635005171448536 0.2161588799621911 0.2650690916180728 0.24825073905434605 0.2875992651998071 0.27501374317385213 0.24885102710098528 0.2363477809877916 0.23381711483364118 0.2898798126692428 0.2702652904464345 0.28411181260200846 0.2973513900466701 0.25997181118480617 0.3063461207831053 0.3473159329668129 0.39967132409604694 0.42449901466484524 0.3533547532681514 0.3614392371835061 0.4365640243953014 0.5195584545186861 0.522745047200409 0.5951148916814667 0.5659640135554832
0.33086314543964845 0.3250141420978304 0.32516371338326694 0.33905177281056553 0.32871349550325885 0.2614859053823822 0.28777550313200734 0.22898166105028606 0.2718651663592232 0.29812680868761426 0.2834607990138634 0.24956756314320874 0.25882708084526634 0.25955488333008025 0.24738666283583807 0.2351749698904632 0.2026070256305187 0.17901577574672198 0.17088293086317882 0.1713574683631576 0.16562372545203227 0.23976918917242943 0.2595014452992986 0.2392253868215522 0.1764580265011671 0.22007897373473098 0.1843785369644305 0.1820781818044954 0.250916017821215 0.24474551925703777 0.2748303153627418 0.27803467760834755 0.31537708417270977 0.35469899027367446 0.3741054812464179 0.394370878575226 0.35907872406530617 0.4011689827367034 0.4820494852528493 0.5414375927654183 0.5554579201925886 0.549840009394386 0.5972771511602031
0.3488140621945433 0.3487238229842254 0.28503999393941976 0.3234893708973209 0.2511532510362358 0.2431874614452093 0.2782728348819892 0.26217431185378703 0.2689957447866881 0.2655444692760342 0.31688977866547574 0.26343775944256925 0.25532153739087055 0.2597196691729258 0.2279054464422344 0.22128299791045375 0.19988069364628844 0.18732003019068855 0.14370163692611246 0.1147701188523891 0.12490630775134316 0.18742468172171528 0.16969508831193286 0.12105581011087997 0.11931343145388139 0.15611464018428425 0.12553515072966237 0.16879528506914315 0.18800436347925797 0.22760605709757803 0.2863186398773152 0.2806915134805435 0.32535060791322246 0.33252799845858516 0.3172158919045912 0.37685921073696543 0.36111250532713035 0.4348969678881653 0.4961010055250895 0.5097954456013474 0.528533854831036 0.6017296661653754 0.6468323503427238
0.2894955184452877 0.3000317378055621 0.293046367311659 0.3143024760851022 0.28814782496944086 0.22411752926374084 0.24103809874582544 0.2552727580906452 0.2795063253942341 0.318500013656603 0.26984787922814824 0.2803087695067771 0.2588577284730811 0.22866517836188763 0.1864170454131515 0.214351074478918 0.1707368212785067 0.07946177999157907 0.06562556691853744 0.09235895186657282 0.15004014268405466 0.14687622429203734 0.15138601974956667 0.08819366874860869 0.0659901956563086 0.054037522565143985 0.10093127885996087 0.1452140383712606 0.26263016408134787 0.30502833792659073 0.3069617270046138 0.26611850419388633 0.30109993264632434 0.3249271350862701 0.35456450189854877 0.3461732949639926 0.3810556400077281 0.4360979420243888 0.44605679836610185 0.4902870282278557 0.5685120144107009 0.6240436960574427 0.6050028540524572
0.3200823871521014 0.3392594203449444 0.35166899064158047 0.32981671960137315 0.29742779027118976 0.2886480565382865 0.2429999788150521 0.29183720476430247 0.29308178373353755 0.28038608419834765 0.27309983907458474 0.2699221029654743 0.2605745345570119 0.24290726506278332 0.2084304962661573 0.21409050083042325 0.15845511884879088 0.12565493559156737 0.0887397946500891 0.14600473657975 0.14549347719041966 0.1445515574886563 0.17908126538431043 0.12075247970613279 0.15366113986780566 0.09999339447046726 0.13571650414143321 0.24421062674365207 0.2882285898389236 0.2830954478131162 0.3317278419707263 0.3477394567069446 0.3434827512019709 0.39636972271978044 0.4067732640841276 0.3953963307086594 0.37142892253766174 0.43536640772293356 0.43241502155746847 0.44740801157031695 0.5481995228605342 0.5467555970279253 0.5980520891138517
0.3263627801217448 0.34968838524681845 0.3672614954393461 0.3392195240248831 0.32663886935348774 0.2660820249089148 0.2431184263009265 0.3050518492882956 0.2772195256999395 0.24734277508401056 0.2640666970861443 0.23415865805652997 0.23331428115382313 0.18306262356383973 0.1764021241929299 0.16940004190477861 0.17538932402640497 0.10462013623253949 0.09954968810710882 0.12988603591402276 0.15452947182282462 0.1858131715629331 0.14929326339019838 0.16221070246489602 0.1825996838055787 0.1945529842156481 0.20664811152858453 0.259064911836885 0.31877757188028266 0.34953237058138625 0.38857844759992727 0.40021671783993945 0.4102631778744409 0.4243669748931484 0.3803098502551027 0.3778760015367861 0.3827298687882019 0.3663075877930518 0.4030357288205562 0.41693552369075765 0.4905742388092827 0.5446986177806136 0.6205523499267845
0.2717511510100199 0.31225383012644276 0.30104840491298107 0.30323672215614444 0.33728835554972203 0.2892092131024829 0.2893751678168098 0.25422050720446987 0.243764005680782 0.27503470919125234 0.22756295140964528 0.1726345214954131 0.15531267939328552 0.16609843232650387 0.19849543718946228 0.20140954474228595 0.12067496669688767 0.08789470798020076 0.0819727470943446 0.12364336690740198 0.16324832586933413 0.15791634500543533 0.11549596153526707 0.12511339971586494 0.13834254093970824 0.1730024187110273 0.21434107022206197 0.26843428919762247 0.32721108727195275 0.32256240316804524 0.3778746787516032 0.35100580629729655 0.38776802240658975 0.3949534119295797 0.3952804970661879 0.4320063879698544 0.3871358812345383 0.3978120281670972 0.37273868064605653 0.37370226319402083 0.4477476839956816 0.5463646896960271 0.5836400878318102
0.2662093957222526 0.2809327363926365 0.27938807191628595 0.3401632253140606 0.27667493240623625 0.3009326576187629 0.31936265410787673 0.2985615386056319 0.2640100820778381 0.24062095471140657 0.1885265922164047 0.1880663355257636 0.13972606100631735 0.13233457980211383 0.20227339004716027 0.19044081884261124 0.1646922810376484 0.07584281579609431 0.15173917294893718 0.1523829193655067 0.1679665454547948 0.08667554245867812 0.14175234355614244 0.15185337958195946 0.15234848399878098 0.1492313023309635 0.22543999109317833 0.3183539567874538 0.3543437011229074 0.3129612485882859 0.36334876720262577 0.3581349773385591 0.42816300543031727 0.4510769233211717 0.46976463609084634 0.43260243104075224 0.38781338370238094 0.35933296957142247 0.3999638765516607 0.3910568407599965 0.46220304288926534 0.49927765029076737 0.5532221563713619
0.24294673879563097 0.21152496877256324 0.23385759070350806 0.29983570250415686 0.25506919596430977 0.2767924940095477 0.27845274327026853 0.22522497117100168 0.25695950017356567 0.17531096239714236 0.1389305096980894 0.13117723872555906 0.12605949709875366 0.1670694917258384 0.19657644818282957 0.22032539593829004 0.15872341658824735 0.1617613052009578 0.15191860439175886 0.13569612639363016 0.16487695328419008 0.12460244743915898 0.13552402914626846 0.1064976118736912 0.10862105282870348 0.14078095648726993 0.27875570929633037 0.34238090617866557 0.35447573631299933 0.31961210508654153 0.34666177954333754 0.3738468069073602 0.39923449444883063 0.40443860279557775 0.44671053961386414 0.405228859425546 0.4142420834642162 0.41546007737620194 0.36359471516888575 0.410113983971801 0.4489257273749547 0.4473146457624338 0.4895935020522844
0.14387511975892622 0.15739242398659134 0.20839993478352906 0.22474020300355366 0.19025763803819837 0.24773508979126346 0.20460495630079703 0.21408898493464323 0.21270805700441467 0.13370751725497795 0.179816365640064 0.13400928192305572 0.17748150125718765 0.14090119827080477 0.1730888397026046 0.2190696304082196 0.19687241556800855 0.1817018815660444 0.1510161361846985 0.15875720536411778 0.15957061614210366 0.13718454375431208 0.12270845117849721 0.06740639991112103 0.11678428431403934 0.18132384334855303 0.24709245434966787 0.3232943558315469 0.3129866726670152 0.3584609667134226 0.3766075050788025 0.43919163365442343 0.3937030509301409 0.4022458435434572 0.4265190202835909 0.39285065417649984 0.4250217969749273 0.39249144026000404 0.4054574389174783 0.4271685166042795 0.4469096590331876 0.48422677330951536 0.4916911052647732
0.10754651063588312 0.11847744466891558 0.07826024625690658 0.1373754552770942 0.1380793286331615 0.16802055537450905 0.1569415417312895 0.12841103803409612 0.1520737405905088 0.12231978502900272 0.18233591219966228 0.20664339513769514 0.16592934128039735 0.21256672300081633 0.2270561266814089 0.25222494426711334 0.19924113645091843 0.17284426629761285 0.19977996869851958 0.13979930249642014 0.16174700185166843 0.14036589446679515 0.12867573309312136 0.12295013703379386 0.17297418003698375 0.17960032453801505 0.24412048267508202 0.31639885755377534 0.33280277099774025 0.373110137092571 0.38003512088622593 0.4269085272783641 0.442722765410401 0.4424366916681842 0.38915885014813834 0.3557342340850403 0.40668341747962433 0.44200872154115545 0.41632186644408176 0.368444873047388 0.3964658673971012 0.3950688413604566 0.4537163388333586
0.08157810822674914 0.009392905171801198 0.025034090043956077 0.04062498470234185 0.04310078705218822 0.05609576266227779 0.09187899026214091 0.12938515177026816 0.1109479039308589 0.1496908447323646 0.20745028353749864 0.22401183237740263 0.18807572469935466 0.24674841223358607 0.2576366167154374 0.2231709810473597 0.2004504001202573 0.24441945191678305 0.17167154416019303 0.11920607054024034 0.09807425040443825 0.11393287964251307 0.13310292656673553 0.1556917029276943 0.16534185518549932 0.1562858337653617 0.2230304033840311 0.34166040603309616 0.37427109122362073 0.42339813981282914 0.4514737418396962 0.42257699811576077 0.4345719293718345 0.44576683343531126 0.3704988656441 0.3838557250683385 0.4090310263540903 0.4370336428582285 0.37417447845403273 0.34853880076905436 0.3323953394250676 0.375546523993888 0.4226218878961722
0.07066792942354228 0.015360677194028824 0.0 0.023179892075591037 0.07329193468039939 0.10475307135054115 0.13504766539295893 0.1537577568895023 0.1430929953083151 0.18326447085339725 0.19569531515155586 0.2201155858497061 0.22441280100266092 0.2620821850849365 0.24682869794199624 0.20709258079429296 0.21678352178801372 0.20267090207209654 0.1846468378341815 0.152292324885823 0.14024069035509237 0.14339541450134308 0.1489171139861311 0.1967898220524222 0.2057206898246184 0.18536688974435767 0.2647365369537016 0.3448246752377921 0.37572512952993353 0.383483670522881 0.45226457888657606 0.4136565297340773 0.42527446674959113 0.44472920548916484 0.40222027245125064 0.3929161367857521 0.38909891306635247 0.3646478677271844 0.4102358257267247 0.3964461705376056 0.3487780679401307 0.34946079184278883 0.3812594972969824
