Raster_benchmarking/DGGS/continuous/raster-277.asc
NCOLS 100
NROWS 100
XLLCORNER 1743153.8360185602
YLLCORNER 5469296.026427292
CELLSIZE 10
NODATA_VALUE -9999
[rows 57 to 75 of 100, columns 43 to 85 of 100]
0.7649870537594339 0.7556455603988254 0.7391481579711885 0.6946879866276832 0.7080770098908807 0.6964620850039855 0.682430135163842 0.6947339555747727 0.6872204408983854 0.657856696360208 0.6351280983536013 0.589412781539591 0.5864236367659018 0.5971633346501738 0.5992320657923526 0.5825853017430354 0.552431854197036 0.5572591301719116 0.5087282012429116 0.5292840700808443 0.5132011455411655 0.4740859159149878 0.4551401107733885 0.41242455529424077 0.37665543976057186 0.3703104395861518 0.39197539340464677 0.41041644773011876 0.41114700516955716 0.36421472384580494 0.35282770527332236 0.3078021247944554 0.2795364636395434 0.2732980504388756 0.3310819776798627 0.32511141792419473 0.3448096763401382 0.33595407942970085 0.34431234016309753 0.30685072296321897 0.3139702307625268 0.2850121983102023 0.24881380734140576
0.7584248793448094 0.7525079825593216 0.7392542474504539 0.7428866083918092 0.7216288652009579 0.6843352898023061 0.6396612689693757 0.6481068900811776 0.6497943758415328 0.6663249045698225 0.5993022028830299 0.5931655078390679 0.6230048184472289 0.6318359723204708 0.6005587565047191 0.609202084062971 0.6016714966672962 0.5955716961156152 0.5666795927799895 0.520917396853252 0.5359248969062116 0.4893260584193306 0.45646329404490915 0.4252653949727549 0.39052238775479675 0.3691228108974123 0.42384100078166836 0.41464438368731654 0.4110581682356166 0.4002125779229657 0.35188445001030405 0.30765927781341706 0.29185435371167723 0.3065688720835774 0.34012154106935294 0.35798383423473534 0.3281009356534983 0.34948401322312933 0.34239039943348865 0.3352705251173899 0.29512986682443987 0.28080347663938904 0.24719277841491025
0.7756868256345336 0.7664501246558462 0.7643900565381818 0.747644598104761 0.7043778528418442 0.6494532905038699 0.6474737976914763 0.6041511863296178 0.6041617941141393 0.6126144596846012 0.6019480127404226 0.6077822828532147 0.6137711402947186 0.6189752637062036 0.6301804383036337 0.5813025434915403 0.6071147310667019 0.5961507788623437 0.5850991348234674 0.5451707012077224 0.5412882858029916 0.5289482785661686 0.4910756056083294 0.4631357175884756 0.4088681815564769 0.4242031072599234 0.42404185842975545 0.41308158189461525 0.42101824610674254 0.3828602078588577 0.3271701459149816 0.3443948514808843 0.33951425637199784 0.32054679549313014 0.33410695454899064 0.3314832692316413 0.32696855385679996 0.3293925849860661 0.35810745746431805 0.2986618362251574 0.280434211967861 0.2632950641772787 0.24279727114212704
0.7734272598147949 0.7663508149543353 0.7437770223445129 0.69810138279259 0.6903676479466923 0.6556922243083276 0.6462285009112565 0.5944235195171291 0.5984262711758433 0.5919877937779132 0.5927007210589109 0.6441462223121401 0.6110163598134914 0.6250724023428014 0.6168309437297692 0.5707516469167718 0.6030950905880829 0.6084580632074126 0.6007536266113566 0.5501651849686316 0.5508480497066541 0.5576180062553432 0.526699829730159 0.5081682481926532 0.4288775409105981 0.41631473323047874 0.4048029271273894 0.4194046330086353 0.4222142476863893 0.3623096771860696 0.32976052007175416 0.336732662212378 0.3540534108931563 0.38139182268090177 0.35949307648754875 0.33755595349804257 0.34748102721037133 0.357923001789701 0.33434563496135034 0.305785926688889 0.26444010382384026 0.26477694266527985 0.2664902932528603
0.780126101679221 0.7821797696260518 0.7200853361691909 0.7183596528723389 0.6572651936611041 0.6452700297254549 0.6264695830217585 0.6030773665362947 0.6252987542697036 0.6309984653298021 0.5951982422024106 0.6190957917128415 0.6154349037987824 0.6228586081250449 0.6146165101902873 0.5901883361468409 0.6201084340940397 0.5933498423293133 0.5870567737684083 0.6014829668613474 0.5673426578049883 0.5441293969083305 0.5375360239803293 0.5234702345431155 0.46383407628754864 0.47101718347339994 0.42897477760390706 0.40563166250331495 0.3983745079893749 0.38929907413461445 0.3910795634921495 0.3584588718719321 0.3896363942300631 0.36358914530148934 0.3526794667154212 0.36852353882507527 0.3460625962283408 0.3757947860600187 0.36376664347762644 0.3209775495097378 0.29626557993357827 0.30822903157467635 0.3109781292056574
0.7747986467514312 0.7679369425537219 0.7297808341662618 0.7295940142807013 0.6795075197977692 0.6170939383622414 0.6115489493270929 0.6170787771221479 0.6457946125623089 0.6344775039884839 0.6337773118046064 0.6037726392684462 0.6168329479074173 0.5741554018125936 0.6229476428930298 0.6119843999227315 0.5905477423005854 0.5891934949084878 0.584639253672096 0.611024872089101 0.5872100144686934 0.6027057136641134 0.5777724259688571 0.5268362440891328 0.4954531409682534 0.47018120026911775 0.44248415586213324 0.4636966642739632 0.4417608247250728 0.41652159381167775 0.3918353505131664 0.39194494690336873 0.4157874976944873 0.40812642435614077 0.38904553947168147 0.3734634566041569 0.3912958814821506 0.3680656771769439 0.34079785491661096 0.35153865592051553 0.3252959978377754 0.35132986517360265 0.351489596671443
0.7894685734528527 0.7955923353939246 0.7638859685714713 0.7057599055757908 0.6926284750435765 0.6256720690990817 0.6238751118178608 0.6238225467264248 0.6099798569952809 0.6017087216989103 0.6170678524308789 0.6169013364784475 0.6102259324877196 0.6133524850686167 0.5989811363042788 0.625705734870929 0.5973550418827082 0.6022075804268422 0.6200821922223061 0.6017642822637699 0.6181131599654135 0.5892432131205376 0.5700654599457019 0.5072572022558741 0.47293610082185356 0.5107534998115213 0.49241422202669743 0.44774047067435013 0.43362785231065143 0.4217613644818191 0.44279466946481955 0.4032261772410111 0.40741621555809815 0.38991433412584076 0.3687074399216012 0.3682036407361843 0.38034452917018174 0.37875153718923527 0.32863433559939786 0.33163653040605784 0.3467950366790321 0.3389502599353408 0.3292606851736108
0.8058858731449864 0.778693187234141 0.7364586083713209 0.738260531447596 0.7079589062064787 0.6317976379738953 0.633808422375175 0.6344537674828238 0.6324963304180105 0.6076112662978729 0.6117921352134065 0.5891731145951884 0.5933734331085814 0.6003994570042754 0.6072603685556397 0.6133864772960841 0.6088941317785307 0.6381363887372109 0.6170419515439101 0.6039577492252379 0.5817462176770609 0.5733850938344107 0.5143556666948256 0.48831522269231026 0.5112749426629221 0.5094927732414124 0.48775671588253156 0.48785762506963753 0.43861727194255395 0.4707796240538423 0.438697625649877 0.41804200248814105 0.421334373039605 0.39083332154844536 0.37400572836063856 0.37291165575610324 0.36400952363550976 0.33595257236134085 0.31653122172750786 0.3313659867816139 0.36873676513357295 0.35206094438418495 0.37006668591020153
0.7796087989817471 0.7554425040299803 0.7554705424194197 0.7339664578712063 0.709778538850138 0.7074086926890774 0.676049692011879 0.6420020396028805 0.6037298009457223 0.5878346385763232 0.5719838091549599 0.5799172569270324 0.5799857561369168 0.5896829615273323 0.6103149678299792 0.6235930380863904 0.6178886445326748 0.6277276404532206 0.6200172060920074 0.6103536317976704 0.5756908746598716 0.5740630187023547 0.5171145188713894 0.5320434398502145 0.5186789894362388 0.508749458092498 0.47381610552413644 0.45563154182212984 0.43511223924890363 0.41583731270539104 0.4014948509520475 0.4061307505126286 0.3677358447834434 0.3652509078650313 0.35268745036558713 0.35426040928608504 0.37440859220238304 0.3607352439375914 0.3459679918415375 0.3297115920002672 0.3859750854135728 0.37778181895547086 0.3627723877552163
0.7877355237187544 0.7329504877024887 0.7316621415078087 0.7147339531060025 0.7168019569896456 0.7104021019913757 0.7157140523845669 0.6666446726047558 0.6546111329962306 0.6044293270459168 0.6223173916880639 0.5755284500013408 0.6248805230836932 0.6406484824086731 0.6144921038914527 0.6291883846142382 0.6412448486350879 0.6550186911357605 0.5966851268098617 0.5901978549720197 0.5752712416041944 0.5582316972874074 0.5507084071030689 0.5154408482505795 0.5285109889887196 0.5055404294635435 0.5000290754620388 0.46712137987620794 0.4525752142867206 0.40617975959356944 0.3818472305854214 0.368661016424523 0.3502267613212284 0.33193669878205206 0.37178811948235496 0.38248377496722896 0.37817089022760486 0.41130430112952465 0.36627825256007673 0.35123747466083505 0.3731211596374298 0.41091757657078487 0.3576921034476971
0.7981717390713745 0.7654709054987454 0.74699577017634 0.7101302835953407 0.7140236692331293 0.7210236079685455 0.7188333996156824 0.7086510995315579 0.6765630382441801 0.6393195162249722 0.6375746683106409 0.640861643454138 0.6257226021463909 0.6226732452386363 0.6382050098544688 0.6627571342430818 0.6704102395107341 0.6585565983110178 0.6087526964777791 0.5895145899597741 0.581547799465471 0.534796640987835 0.5243370662491774 0.5306855792326429 0.5132733126578009 0.4904521711610102 0.50153863294654 0.465480398669522 0.4170180385941541 0.4015606738042672 0.37770350565358907 0.34385080421645825 0.34509831686705833 0.33220702327404245 0.3691059885316339 0.3964590394824626 0.4046198856454697 0.4173414033963885 0.4196240907622992 0.41627143088749496 0.39914064431935364 0.3928139913106295 0.40273589399116233
0.7821487961533912 0.8001149610504763 0.7698312956453968 0.7563196956419576 0.7351154776980956 0.7395296656367452 0.713874904493922 0.7169336058943377 0.671631399281623 0.6470744850215975 0.6506882608509262 0.6579115466109914 0.6382215042094529 0.5823580475710151 0.6206096491343841 0.6686285672100399 0.6802495298268569 0.6246786175053634 0.6015342580447947 0.5691312767198864 0.5904349182687085 0.5684265516602828 0.5230269102665979 0.5345471888353858 0.5422819107727199 0.5162198518633755 0.47723240462440125 0.4760640041822564 0.43431020833977413 0.3525675306333937 0.39107339881012043 0.358321239903453 0.38006203687990836 0.3481529851072393 0.3513600322823032 0.35643500795404254 0.41219050286589387 0.41586714730370683 0.3963745429975257 0.4032948264145841 0.43338129429576683 0.45605184085100414 0.40414077171384477
0.8118641070763194 0.8008624588886886 0.7873286786566535 0.7971442973664616 0.7615900543823148 0.7461785610532066 0.7473066522819098 0.7374598217757143 0.7006211245449824 0.7057170853807144 0.674834242236511 0.687986787391999 0.6673777053875306 0.6203368749797852 0.6328175426017436 0.6381028884683115 0.6738566163224312 0.6811067725642347 0.6410264668045444 0.6281365759356855 0.5704876744481736 0.5693894385677749 0.5436241533811398 0.5233661404342891 0.5302823951306368 0.5115183859598728 0.496804205410161 0.48590387216749376 0.4589217983385813 0.4403285709014375 0.41518271777985727 0.41865347239406786 0.4052897339372784 0.4027172233701079 0.37835787092103695 0.41847451856441137 0.41986932613778527 0.41200698012557485 0.42361228346785945 0.405553902977299 0.427932668662896 0.44504480919833117 0.3860465534506424
0.798354014651546 0.8075817087017937 0.8161239340577119 0.8000658282935023 0.7734069571511317 0.7868868538565789 0.7730824649634135 0.7186893283139982 0.7080358613829462 0.7042227762790801 0.6637538933483378 0.6706420173409094 0.6881356571730236 0.6822646783487374 0.6748059802276807 0.6684538149940262 0.7091497655296816 0.6933034571671504 0.642631300964569 0.6268822608606972 0.6282018135336818 0.5757350247954341 0.5451709778022571 0.5658496812172473 0.5478610799753145 0.5413013274672981 0.5475906285249416 0.5037121198955956 0.497230511941338 0.472476517274993 0.44371255346854244 0.4208611167309647 0.397225880756942 0.40536335067400564 0.4253939690592358 0.43823385773198237 0.45200098015023815 0.3944298552690148 0.40741212604191085 0.43079467176756914 0.4261486416880905 0.41485844712136566 0.37933444069698175
0.8114739231910645 0.848842380413287 0.8336056071245045 0.8105469189027549 0.8232354296102798 0.8046525366457009 0.7537129190728198 0.7179923730344869 0.7104511647660439 0.7075799916758113 0.6784459165822194 0.6882677049581888 0.7155248902265992 0.7056432128568063 0.680477576283673 0.6861917202146749 0.6968338148408038 0.676379327163973 0.6873964512597937 0.6482784124493067 0.6382203810205096 0.6087649247003009 0.5630046527760515 0.5744795500624249 0.5480112174351175 0.5760050388061551 0.555026806922736 0.5531271905100424 0.4815757700873519 0.4650399599686852 0.4630557052332411 0.464549530344339 0.43693100768458903 0.422327516199752 0.4584449229673094 0.47147215990375785 0.45803000232532576 0.4300436021364147 0.42759889278339075 0.46619626796803515 0.4453978938301617 0.42930204110850334 0.41483125245893776
0.8174049022927097 0.8695585468807827 0.8422991186865457 0.835152921398745 0.8242233762276363 0.8147988403100324 0.7828888458458485 0.7799132021426576 0.7429638206634962 0.6927009134052229 0.7242145332751247 0.7054526813056959 0.7320073209851046 0.7397263934054398 0.7253072644407403 0.688268979585847 0.6855072399845608 0.7285586222064347 0.6892443540228229 0.6235071192767015 0.6090073953363723 0.6244578959764233 0.5783818245254744 0.5646305155721043 0.5519278906302446 0.6105226514867305 0.601667106337695 0.5787650732706753 0.519905605655454 0.439799368690344 0.47267965282049573 0.4893788908314414 0.4684070475855066 0.4726826662097402 0.4750627678533889 0.45453201106453217 0.4732238072491383 0.4597027959334286 0.44597099297134674 0.48269466458405413 0.44204086396114606 0.44062056876317723 0.4417892626409014
0.7890442893159827 0.7798205023049537 0.7927968521385912 0.8178258275625305 0.8058216470656691 0.7977320402714101 0.8029877708862421 0.7886124536841902 0.7481711925186592 0.7350495750588406 0.7168361598499652 0.6801295533698545 0.6998259563483563 0.7137475270077707 0.7544947646415249 0.7430936115644105 0.7202243763945114 0.7206572988414922 0.6953910953477956 0.6518305632243543 0.6509184837724785 0.6686789238696513 0.6370170667154865 0.610148203946245 0.5781449390595488 0.5933991803906039 0.5888516966470357 0.5556143167344515 0.5207063555070376 0.49593847046005696 0.4735555747589097 0.4921489239615325 0.49404915989939446 0.5121713085086899 0.5119614754270789 0.4966582471662913 0.5047608396799839 0.5062772638794405 0.5015788496245909 0.5042683989040729 0.504375921532025 0.4960105935445958 0.44975294146441636
0.7708577911070098 0.761237729351922 0.7703225064341502 0.7839589464823534 0.7919107195144172 0.8259528619326785 0.7937380210472545 0.7840164854649647 0.753033944383636 0.7068114264798798 0.6886520341837997 0.6871442242009257 0.7084958539011906 0.7534667710839862 0.7598446429929447 0.7408654209534092 0.710262590380958 0.7543327597982251 0.7307978115621346 0.6680233263656399 0.685473909570668 0.6878667989616796 0.6619875853270074 0.6246675065327818 0.6006644939564537 0.5672451239350136 0.5806574331905455 0.5907864093723588 0.5422377380298782 0.5066679025876825 0.520144268643612 0.5376345576530595 0.5277942525148362 0.5632972732992261 0.5110869335115507 0.5042202351534503 0.5085469296439582 0.5484893025261307 0.522390895848956 0.5246686464745008 0.5318168254770418 0.5128459665805616 0.49705398741040574
0.7618106285561292 0.726042501487254 0.7520560967423681 0.7927166465456019 0.7894957275501289 0.8226731269875445 0.8170934345102681 0.7688295224875367 0.7565849897047487 0.7434078147409535 0.7188613111276182 0.6858184029314596 0.7256993538967197 0.7519787427207104 0.7657192750347162 0.7232803510312443 0.7186544889381367 0.7222417402801756 0.7129967125057707 0.6971451066016023 0.7101660578865105 0.7198433702016171 0.712826399120183 0.6714102192612871 0.6379035715742218 0.6264943391131363 0.58727563588902 0.5753306752305045 0.5586159544551488 0.5334717917086295 0.5432404411636834 0.5226302351073459 0.565169103686151 0.5636348218868268 0.534143781156198 0.56766983847613 0.5549282419086397 0.5759087652921886 0.5868698552650887 0.5702956064945467 0.5580621978414502 0.5190538125134049 0.5292428469206696
