Raster_benchmarking/DGGS/continuous/raster-43.asc
NCOLS 100
NROWS 100
XLLCORNER 1743163.35975123
YLLCORNER 5469284.022316839
CELLSIZE 10
NODATA_VALUE -9999
[rows 76 to 94 of 100, columns 43 to 85 of 100]
0.3517856109855365 0.36221640623804124 0.38282263392233734 0.3915494655687379 0.3525918958908509 0.37471402100427226 0.37778097565284957 0.36665754170274517 0.3923487190562846 0.40456897661468677 0.4162073896494717 0.45670583681734317 0.45025840276314877 0.5263336620137378 0.5802332478049711 0.5919948080383363 0.6440860594826254 0.6390884156252542 0.6250983035007803 0.5879535495135384 0.5513577300045397 0.5793352069243854 0.5532122420568446 0.584659237031414 0.576728854078987 0.6080106624669992 0.631341190158085 0.6373735445375404 0.6675890536650021 0.6933673220973189 0.7332490361353828 0.7296892446867869 0.7524851584433127 0.7324010218064055 0.745657860287908 0.7245036378394925 0.7002345962172151 0.6967124518227186 0.7231693626299918 0.7340249533593971 0.7068250535012205 0.714969883902571 0.7432469154344225
0.37519521322563976 0.36010728457393154 0.37737442372334695 0.3895121420195326 0.36808421356423776 0.36750223027579054 0.4126975512840324 0.43271853322140774 0.4446590557177863 0.442728798552467 0.4391114298384783 0.47812494115839566 0.49512326151479114 0.5299469152765948 0.5914858368431751 0.6366151218769653 0.6700778425305032 0.6356930640054457 0.605703213917317 0.6149157718597613 0.6135179025410505 0.5769562036127478 0.5792276939003052 0.5807532420295141 0.6052249057352962 0.6078385877411854 0.6254513989547069 0.6255133072375698 0.6433539780254728 0.6844429342648645 0.71348834821455 0.6994376362280542 0.7152324074012494 0.7300020205631148 0.7381641094014322 0.7304624022304897 0.7340074726058912 0.6938763863447657 0.6963638497498355 0.6824286840804121 0.6688975293546342 0.6884344119508528 0.7233206689046051
0.3581704078795206 0.3796400804288582 0.42630929884891655 0.3828445646472095 0.41278950869803754 0.42432819141756856 0.40712151764770577 0.4216425308898743 0.4880345765010508 0.47828095547761956 0.5030018177762746 0.5030492044054036 0.5192159579296679 0.5480071343567819 0.5900500074661518 0.6187168156893662 0.6660279629789921 0.6739844557218939 0.6355857763572493 0.6140152281489545 0.6171250016720268 0.6170147865646535 0.5779548312117595 0.5821147454049966 0.5867980690205145 0.5910710234259748 0.6218635056771932 0.639160349930609 0.6555308627001115 0.6694090716182228 0.7106823757776515 0.6751968751723478 0.6493365186759107 0.7236650239813314 0.7289949595402667 0.7130356143868215 0.7177600672294936 0.7217574536555061 0.7181883321134415 0.6727320436642706 0.6628627761277348 0.6833372885318597 0.6899172583820463
0.3803270146489476 0.40645563612505814 0.40718001789782543 0.39961710020866437 0.42700070905578597 0.43134753255651975 0.4260462591882661 0.4454626264456065 0.45974747243476405 0.4700292242992579 0.5018115217110032 0.5434688967822603 0.569780391483448 0.5904313024948786 0.6285110139490058 0.6262596192496283 0.6774875987955185 0.6898191673299245 0.6517676553097419 0.6333337770258813 0.641900607276904 0.6231619932691975 0.5928829865199572 0.5928142798085877 0.6180737584215242 0.614538124029029 0.6480400366574305 0.6441651052997025 0.6684347570039983 0.7001559164723622 0.7147521313537003 0.7133190064968076 0.6881151899541618 0.6983279183368803 0.6871008476956207 0.7122605249903649 0.7148882489285494 0.7110474243331729 0.6998387057786059 0.6898978863905285 0.6941051622647391 0.6778751147152662 0.6618416815672602
0.4329822506738943 0.4096334750344207 0.39606085447155 0.43390604661929116 0.4531885279017204 0.4602132608803987 0.4347673308572283 0.4611689838723652 0.4573314588747401 0.5136029133779514 0.5279240152575235 0.5229552901639173 0.5666936493943571 0.6024653497359814 0.627960311001419 0.6721121313024337 0.684858883119749 0.6880519352845991 0.6851474855077061 0.6703270918224351 0.6560045177272995 0.6478825205880056 0.6397297177972251 0.640212070836162 0.6363902290415361 0.6128826216070775 0.6186956401587761 0.6545429433841734 0.6460237950077053 0.6730039209482387 0.6907582786535469 0.7135060593354072 0.7177718931304462 0.7251021958958025 0.7053679420521829 0.7097080359607177 0.6896187430717093 0.7211841552127799 0.7124613249974477 0.6806183232587227 0.662228109114264 0.6501924634133381 0.6503859765157383
0.41079799951918516 0.425516873902387 0.3960174541507972 0.4330105086905678 0.4809381591506769 0.48212082761802494 0.45354065584799175 0.4644938778520862 0.48184072471360345 0.5012978771662157 0.5329830439659977 0.5448811265125727 0.5780841208437576 0.6268730669637108 0.652180501990752 0.6832536066683239 0.6787000057872918 0.6735241640770283 0.666263642619987 0.6493141976010366 0.6711102314330389 0.6431871277826693 0.6474441759402505 0.6356250189336383 0.6398621021864496 0.6509611477334096 0.6470109651102393 0.6376523691420279 0.6358397682544215 0.6720473783776091 0.6720164360825565 0.6829624197005825 0.7091847574615394 0.6804408999909742 0.6789772663470159 0.703341781652231 0.6876303183717358 0.6993566444272462 0.6859631782592668 0.6835555002288004 0.6437885598658081 0.6476076596328656 0.6591362798365432
0.44124479106943393 0.45519004253569495 0.41764697882224194 0.4496175311371572 0.5231119970920598 0.4903136967025975 0.46415020199396106 0.48591938291468967 0.4719990175989537 0.4769505149181443 0.502120865342991 0.5523466985717288 0.5980779520250642 0.6394217009512776 0.6431836576068206 0.6765156446585825 0.6993106446093544 0.696863129370079 0.6473275877210287 0.6559797452097196 0.6613033266643549 0.6607053946021226 0.6471085645010917 0.6573036301949254 0.6441596063989128 0.6482213623302964 0.613349879716179 0.6521873644999433 0.6654751039169909 0.6529682145007559 0.6535390556052874 0.6945992995056948 0.680240624724392 0.6600728921133563 0.6521345249371985 0.6860640686466406 0.6834196222958668 0.6893775366603085 0.6453664122904608 0.6424153364957392 0.6414221890299548 0.6324839220306679 0.6565126930946856
0.423200975068532 0.4494449876386857 0.48014283764226345 0.4930734392654048 0.4814758606444979 0.46383684410475257 0.472908000352885 0.4575088497743881 0.46548383289737855 0.4990657511333713 0.523234590294298 0.5142829046954283 0.582745911992481 0.6251748117669823 0.665557382897883 0.6781004358635693 0.6684839353174176 0.6713966228834526 0.6858626943720912 0.6689842134777547 0.6628250157048943 0.6373290011566108 0.6344701026339621 0.65584930604743 0.6689994803362441 0.6516036066026211 0.6245981224262557 0.6297131468430971 0.6518368595174688 0.6402730324749323 0.6601239360394757 0.6744627469375908 0.6707134246436273 0.6671584578826381 0.6547529796636329 0.6659489537400105 0.6751397247574645 0.6617584711151487 0.6112006132979649 0.6094535707320202 0.6283679460799618 0.6452383954992676 0.6473808825696921
0.4154146476210993 0.46293259643120616 0.47276197024218297 0.46228332723386517 0.5031448688780248 0.4697302510719455 0.457602968203334 0.49351576615480675 0.5047143359337237 0.49512520881765576 0.4954115295273418 0.5177969576396888 0.5355079028522449 0.5898145451222144 0.6300198425922526 0.6577563218763678 0.702845948957106 0.6765874216783435 0.6946053229300478 0.6653699205751793 0.6140462546826292 0.6509779346714812 0.6535254645436834 0.6341043596137395 0.6335954423877163 0.6512803795246108 0.6259324409122827 0.6476873932730582 0.6239161258795753 0.6287310174592085 0.6723919251433772 0.6670173349230576 0.6264778419541343 0.6603839278988441 0.6333649736956779 0.6513346878255684 0.6305742196922325 0.6041595465645091 0.6034384467856665 0.6230839653209391 0.6306652242670975 0.6453245918791003 0.6198030970259573
0.41924861701326577 0.43682504039736353 0.4421986065299145 0.4749974384001078 0.47301030504687785 0.47596819803515994 0.48084338584468966 0.459102402765219 0.46982909498764863 0.4887563036053829 0.49604583513806816 0.5036622999804953 0.5578177156336763 0.5716130307272276 0.6385909394159336 0.664294620220898 0.6656464096687404 0.6864229624729671 0.6738117305495025 0.6248780361628453 0.6262059891355065 0.6180774754209301 0.6628521036659738 0.640818213763501 0.6303322449349011 0.6153739847302264 0.6470503994668173 0.6177979938882697 0.6090853162487989 0.6361085980019264 0.6217000794989185 0.610053947131479 0.6221071601175491 0.6169809940351174 0.6316113772592366 0.6420358758995778 0.6088183617676353 0.5989500099551178 0.6231365094808378 0.6272220186727023 0.614468159465055 0.6232965981731505 0.6145749305352989
0.39571866883551216 0.4131730670773678 0.42893534079226586 0.46486947207778706 0.49740692331328284 0.49714286871073426 0.48765216322704935 0.47705352238209003 0.4758921562396443 0.4759905012487907 0.5003642587727066 0.5331216446886066 0.5649356664586008 0.604362043148225 0.6155202077891545 0.6701242343134407 0.6952959148765933 0.6793350544694536 0.6750551625018228 0.6497076018136682 0.6100904601443289 0.6369959192117046 0.6432452350481433 0.6255328384347387 0.6452524179949835 0.6235620316978359 0.6320018943664144 0.6293021185625521 0.6220507359057506 0.6079292516950412 0.616110274781503 0.5903509945366646 0.6219613607629769 0.5956357396529344 0.6335729697407726 0.6046699859844425 0.6157900468759069 0.6002615482964427 0.5861641580037227 0.590699740608083 0.6327920918981192 0.587522884486995 0.5729629534885732
0.36667040705458487 0.402072863250331 0.4240194778303043 0.4512367342224511 0.471258177169084 0.4816038172289433 0.45241476230132405 0.47325420659732137 0.5041868914334714 0.4909643880538493 0.5249719209714816 0.5587970999314856 0.5718043943319202 0.5990589628672336 0.6082251715351588 0.6387215504777285 0.6470219908474086 0.6655050319640136 0.6226234853857923 0.6119901728398188 0.5921710048183049 0.6324957642147561 0.6340425798742183 0.6375360051511275 0.6319737819469453 0.6283462202278947 0.6281338856524464 0.6096774345107551 0.616857030833948 0.6002888007361477 0.5860664284460105 0.5934595955214841 0.5867307517637832 0.6019513063200014 0.5826751433424244 0.5833392577533142 0.5766615956465686 0.5797514344063802 0.5836254967697468 0.5978103006360487 0.6125729754929589 0.5998330111127702 0.5812391026436147
0.33250706444429373 0.34846515636893977 0.37282581625493816 0.42722478808727304 0.44005093317369975 0.46499931054136556 0.43938774050787094 0.4791924680507827 0.4966952217468178 0.5208162102745868 0.548181124177669 0.578946365428988 0.5495144219229728 0.5685076750281076 0.5913586041797738 0.6252330073360692 0.6088373654720391 0.6347905575243512 0.6111819654131313 0.5987067286524691 0.6102416518019027 0.6086620650055239 0.6152700843432961 0.6435310238257105 0.6174875392501548 0.5859810461849266 0.5602518776971941 0.6013718117565121 0.5997316140102049 0.6174273228935955 0.6129138273350888 0.5792222099183681 0.553043068216769 0.5692648833338037 0.5841388650349313 0.5880348145507626 0.5842962877710522 0.6022531125807967 0.6077549777697475 0.6114473750294942 0.6436607733396327 0.6425468349064284 0.6090337318718287
0.2919013058574578 0.3153662128012037 0.3503932493946702 0.38582170048599784 0.39593264431332204 0.4008864687165451 0.4291913614675789 0.4769103714616582 0.5015759739627884 0.546474087476352 0.566835009964229 0.5770423377910744 0.5630324796800458 0.5966550355212821 0.6051384003326243 0.5807862669239313 0.6183876955181694 0.6433426772925024 0.6343456965559604 0.6251510647503171 0.616543919714291 0.6217961812624421 0.6190055129627852 0.6055673505489372 0.6026336107034759 0.5786136054595675 0.5968178543104815 0.5798494393143849 0.5776383681885617 0.5675889797712256 0.5781997968924485 0.5751944929588981 0.5588661853113548 0.5489303194511378 0.5582118774788877 0.5857971823334085 0.5531185571233376 0.5545716622364818 0.5758646084472575 0.5961390097733439 0.6191247466841002 0.642226347145676 0.6183984859604826
0.28476288010283834 0.2987899329844521 0.3674058962640392 0.35497353369158574 0.377066767227194 0.4145171612511791 0.43328969317232907 0.4858249526769662 0.5302121373592067 0.5205398733583344 0.5480509633385192 0.5686017264542379 0.6093448949291624 0.5941659535537651 0.5731970393104168 0.6177231070720156 0.6470051221922678 0.6109714342538488 0.6190594010338862 0.5752681768528779 0.5652158709425507 0.6173338458629296 0.6374746218800249 0.6148962848096919 0.6200797153137759 0.6111594347856878 0.6006397746223887 0.5696472125177935 0.5166919714424466 0.5621821662709497 0.5778904264284909 0.5551860446480927 0.5300239379290237 0.557769579704091 0.5878313416236671 0.5633893454143113 0.5342417009365886 0.5762231470948198 0.5690168135060182 0.5940242633296735 0.6223655630537058 0.5967812532195245 0.5955258629569347
0.30010455743985315 0.28944845939248565 0.33648900279654076 0.3357917651609837 0.362683326705856 0.39095719586012395 0.4200150958496488 0.45826263692480756 0.48404270168210717 0.5014093978882712 0.5255961427279336 0.5826271393883933 0.6001917963194494 0.591386807812158 0.5657695200669689 0.5979948069053884 0.6040514163840196 0.6031100549937153 0.604118799797934 0.5684174502935413 0.5845313096922149 0.5820481448569945 0.6136117385746055 0.6033177303112405 0.5980116432227938 0.5851932645189994 0.5602099571209604 0.5528526746282671 0.5146904619053682 0.5505270305489778 0.5588387011886414 0.5515054218186163 0.5530596345180163 0.5900333055221105 0.5709580034715884 0.5580103892488743 0.5850240743390472 0.568125064104354 0.581391577864396 0.5934003805172209 0.5897709201942805 0.5791782456026054 0.5732090020439329
0.27258731135499975 0.29650464602080967 0.3134820161954123 0.34216934441330427 0.3545622162988323 0.3872316107080269 0.4357104629504933 0.42556353122818463 0.45884907216796794 0.4849749729070191 0.544717733142149 0.5872408093948288 0.5867071633272875 0.5593125677322609 0.528901019824866 0.5620039158925002 0.5846311665084956 0.5640888784915324 0.5881258030741113 0.5691604244335173 0.5840577559777707 0.6059912471743852 0.6071874873511875 0.604047081101909 0.6384056504545474 0.5947590773249898 0.5593052959561694 0.529741041264972 0.5362485685138657 0.5511455625652967 0.528964165632887 0.5517241018386007 0.5811002529384119 0.5830929854057048 0.5772263168162886 0.5999175630368404 0.5820104807889391 0.5888816083835513 0.5873247975376742 0.5706488780837105 0.5959464861557148 0.5945250180799739 0.5541891250285046
0.24803112653175877 0.26471246727992465 0.30733036209453013 0.3600428343831098 0.3647938164689567 0.40849766232401535 0.405630440408982 0.4068795966299584 0.4323472593718942 0.4683724252284682 0.4942736897399981 0.5462493760338626 0.5388341489846245 0.5242924347650463 0.5238461272132928 0.5342443352766556 0.5470623187681424 0.5699231890987462 0.5959568565286516 0.5876590617911343 0.5513266133914828 0.5775622958136646 0.6048729474329206 0.6384772845042418 0.6099417249524177 0.6094440698405343 0.5896732645263959 0.5405573113744392 0.5566336784861974 0.526576882749371 0.527366895694836 0.5644447902141346 0.592840630566922 0.5815462927844601 0.6126062033448312 0.6126818880876679 0.6187653194258577 0.5767617315667792 0.6019302842670073 0.566145149099084 0.5562830369124259 0.5616744490160024 0.5516739640797829
0.24363632427494672 0.2512411343875098 0.2977024596907497 0.3426517728448171 0.41062715163908803 0.41361711622677044 0.3935233453632445 0.4260710748841804 0.4179769110547745 0.4627357908615365 0.4441441465233804 0.4838147450257309 0.5122146772597276 0.5110395527407215 0.49344070119211547 0.48300757013417556 0.4847648606622047 0.5465624446984276 0.5450727979367523 0.5557515104873152 0.5538813747378311 0.5766705732707315 0.6127941652137582 0.6053037657900852 0.6179283120818233 0.6168618755386812 0.5788008032569841 0.5719022547823216 0.5537416415707213 0.5476552267618598 0.556438854878016 0.5709326559753013 0.5839355818953191 0.5998827356654831 0.6450926129692877 0.6497337825722783 0.6289482631735394 0.6009577366383447 0.5862169074933611 0.5476682554970491 0.5184748733512267 0.5373496451055464 0.531053513385814
