Raster_benchmarking/DGGS/continuous/raster-32.asc
NCOLS 100
NROWS 100
XLLCORNER 1743167.6211857237
YLLCORNER 5469296.01972505
CELLSIZE 10
NODATA_VALUE -9999
[rows 0 to 18 of 100, columns 0 to 42 of 100]
0.2989813460563773 0.2915854929048475 0.25942662788246057 0.28744653013596616 0.2528821744586527 0.2415500143808272 0.2797514802146251 0.28826652649953455 0.25722942004782295 0.2733929667101109 0.2920471026460479 0.24066788296362124 0.2523840762559589 0.20395873410669033 0.22936125482671543 0.2195678626120672 0.2587361228099214 0.28704661633748746 0.3001793547477932 0.300756163481761 0.31991703128639104 0.34481405962230616 0.3338505274903133 0.30571767604435307 0.3181610272962228 0.317403623259573 0.3620704941344768 0.392339020974936 0.3701149240095842 0.39159218502352444 0.4086511962260362 0.41641939305526704 0.44171163384075285 0.4673141753647287 0.46782900067552746 0.4988103588663635 0.5149129722573276 0.5104927178938459 0.4827282577812385 0.4957202905859729 0.5308131350578608 0.5572377844116572 0.5576651341438622
0.3224260380587633 0.291182814428109 0.2544585264462532 0.256694052036071 0.24825925741061006 0.25017834196472716 0.23958277305197734 0.23080636014004527 0.2472805874499923 0.2587110698930015 0.2722929884161893 0.2764254004708293 0.25218062295720256 0.23540679592633207 0.24724795068929728 0.2635635234983546 0.2883594176136192 0.2759059892432745 0.3191047664026977 0.3450962401553169 0.32630148044085444 0.34514302952951226 0.3225689316628657 0.31211459843908823 0.29915194370191883 0.34455624808061175 0.3727149536945165 0.3690548609182386 0.37437834921987817 0.4127803057301734 0.43958437879110274 0.4583753158080183 0.4484426122091112 0.49768384086565115 0.505186876792803 0.5233951120427437 0.49106359119081244 0.4629154260087923 0.4740805901258393 0.4853314728182891 0.5027305492723746 0.5740349154877911 0.5697258755253601
0.31915903380472116 0.2581986072876108 0.23190086456712294 0.23092380852659616 0.21347052732247673 0.2207323025800085 0.25307330352463975 0.2361907366271229 0.2164080752415153 0.2368541316580952 0.23276675485972068 0.2563733621649296 0.24101148758339808 0.22604967866641582 0.2500212538578492 0.2831682134975907 0.30471914034696285 0.2806517418548252 0.2840969432524931 0.3399188336109167 0.3482636946552242 0.3255744782503637 0.2871029426664868 0.2842383518872468 0.29945413172788166 0.3367395658227472 0.3632222194648765 0.3686108725679626 0.41746246484881533 0.42535083779388716 0.4377018174738591 0.47194063509397 0.4708670507167299 0.48953244091405734 0.5017023082494939 0.5076595851049088 0.4707292678643993 0.4620180793013787 0.47975969519394124 0.48027615490060577 0.49863542311223674 0.5659483370736119 0.5431647438405662
0.3099315311326292 0.2934489039956567 0.23892793083782604 0.24934147918619726 0.25750107659640964 0.23033759611384327 0.25446592983476685 0.25483593474981187 0.22516929368800018 0.2468933523344182 0.24087714717821673 0.22735979179339832 0.19307696568873256 0.2250645395209736 0.21431763710277224 0.28629610314790555 0.2908581815686961 0.3035677816622254 0.2889426530920602 0.3163364214891889 0.3051993416162266 0.29822268112578343 0.28532306895808274 0.3129642841754717 0.28316924492984363 0.2868923861247855 0.3354517664553215 0.3525820339855934 0.4002704991893012 0.42530788777386813 0.44161313910367966 0.4160240158991339 0.4340938996172731 0.44400048087727734 0.4588171926083032 0.4310638092618484 0.4397929131609627 0.4192348449047084 0.43783754623396237 0.4438093354286076 0.4736339825289243 0.5052793625916759 0.4913186210322349
0.2876235365077957 0.29210423887436343 0.2492788533942287 0.2574320901959957 0.24611902174321706 0.2774505395865736 0.24009324011302632 0.23721783338088312 0.2370728405077132 0.2590137483193609 0.21259181162209273 0.1971360908025859 0.18198802329297303 0.18858871748979597 0.23907431327071593 0.2575859461211151 0.26489790730910856 0.2601812973565838 0.2836034888032901 0.30699289493272197 0.3016520230647858 0.3059476594708844 0.31963153534872546 0.31187795115102257 0.28947664720286637 0.2829284445219693 0.31119694782301094 0.3497603697618752 0.38021945184047173 0.4157552863860658 0.42413403438691166 0.40541762748597604 0.42209090407497435 0.41509779215901094 0.41652613404396605 0.4181477715677265 0.41684456394298997 0.418749334358298 0.42630068964476936 0.41267353774070936 0.4445171433097749 0.4545210046975978 0.45984732372403475
0.30429928349658697 0.32234203047729093 0.27630265943818505 0.28142962561021334 0.23586423668426953 0.23601040981886107 0.270143846449046 0.25405598091501186 0.24316278425328167 0.1989059209691414 0.19182721114372628 0.2097641720491119 0.22438550427322043 0.23637013635783533 0.24994864810969228 0.27917058961847047 0.26844572445828013 0.24374129435965353 0.27307968600563326 0.28371920124115696 0.25767669368342444 0.2575994528320628 0.2831478023838611 0.2762189958801859 0.2864814098435266 0.29231814995775857 0.31298445028789323 0.32868038172018227 0.3418292400009996 0.38740172711245585 0.39290516512258733 0.3667933560977803 0.3860995155052792 0.3767321123813103 0.3966186478381507 0.4093349635794075 0.3927923538567845 0.4190085588500005 0.3813183676026243 0.37559680255561945 0.3812102183017269 0.41438417732632626 0.42929093466402796
0.3300664453101452 0.3259879658474458 0.3185084671500542 0.26905670459040965 0.23373109685331675 0.24154581311790368 0.25682772389577324 0.25977751422291107 0.2443342475040315 0.19152793992984304 0.20463959806083273 0.20657560515043813 0.234503684862563 0.20615066528236306 0.2476377925336548 0.2734284077117866 0.2834193265329395 0.25995988962593863 0.2481737313458086 0.233506533104505 0.25891857579118455 0.25668605480682344 0.28600249392988286 0.3022809937105523 0.26396643171438566 0.24744353684166787 0.2864352771658087 0.3097813462197444 0.3081373536805148 0.3512347161768953 0.36186474331186264 0.34997273635951237 0.3587804922320379 0.40974757275602375 0.3849443201726715 0.4017613743443146 0.4030351874927611 0.4252135949907778 0.35847777287629407 0.3697774497096751 0.3622306870794895 0.35712681843576827 0.3703013825282732
0.3673541918279128 0.324925983900317 0.3146233579559388 0.26456230040552847 0.2459564937056845 0.23723898501282117 0.23250087300547126 0.2573376302387986 0.24614136985606136 0.2336460327974897 0.20490939999268312 0.21722791029149144 0.2189834443413954 0.19675840988949606 0.1937490986619056 0.20755108867592645 0.2364827126875087 0.23840396656374235 0.22232051884488538 0.20235319929365683 0.23313174463976635 0.23577548258555955 0.28533134793399656 0.28668172442391626 0.27848443304849396 0.28052647053170604 0.2961953054048446 0.31507956521948377 0.30720263228425204 0.3422153538820355 0.34292921803836784 0.33147649306576676 0.3893274120624955 0.37649518185003317 0.3983359845484763 0.38307296648246303 0.4091869168045425 0.40755166756072686 0.34682813915135746 0.3708535254147126 0.3586321223187734 0.37132970287879646 0.34425314458743367
0.3318816782697528 0.3419750352704669 0.2870486976947597 0.2614091381349382 0.24853862097630514 0.23062310724610274 0.2550433228286919 0.24596536990134146 0.22836929463607114 0.2171453479738001 0.22782831900880873 0.22464329934037408 0.20544924010220156 0.18469210781022594 0.19842995299205998 0.20005915811761157 0.2046270565921577 0.1722835230555249 0.20441347119638537 0.17669807882370167 0.1909402902998184 0.2123297445129074 0.2749950393436235 0.27623936091932366 0.30551991144743024 0.2714990611820952 0.25951487293767017 0.29325242940069135 0.31948781956726885 0.3057648815186223 0.32875628589310396 0.32182535809303037 0.3498252582884087 0.3771676645443295 0.38447852027311735 0.35705766535901273 0.36648564083067553 0.3530101813750302 0.3378048051248082 0.3292690711342723 0.3418344444991923 0.3380096996211587 0.3388737045680283
0.35539617656732286 0.3578541364757623 0.30454597085495033 0.2950795414113463 0.27934676633013855 0.25539368684641234 0.24374554517890104 0.25770664611262734 0.2914015569741044 0.2805194254274275 0.25356171997427657 0.22917410976025662 0.21926981448810123 0.22634908091424677 0.2010277529202842 0.17574014374040373 0.19996124621250885 0.17634063845374245 0.19146668662613367 0.17254575857722743 0.19081007730526856 0.18861854616467552 0.25655209301621523 0.3023565828154456 0.30027195143404234 0.29946034093282436 0.28024574698074883 0.2982061298716826 0.3271245183493299 0.2927645010236433 0.33796900683693093 0.3397495083850439 0.3700618903647787 0.383216987594117 0.3701699148979841 0.3288896080633008 0.3434064073218011 0.3686128135644505 0.33738315983732975 0.3422946379901659 0.29747983662154714 0.2892877791589733 0.2989664372405335
0.3522039936124732 0.3679967293133872 0.32398564168206256 0.3111671357731052 0.2988959082610925 0.26457506446236395 0.2600722804572213 0.2814560036685762 0.30536648974370323 0.321004648399328 0.31514711469201995 0.29812302136570873 0.2701446979691671 0.20908073021131932 0.2076496835674251 0.2019412264266507 0.18964913056122487 0.1592929439250891 0.20276007791951436 0.20600907493337364 0.18563736179477203 0.16277180603707994 0.23431805761941707 0.2729309720621675 0.30848191851566853 0.3190151836125959 0.3164328611700515 0.3343254417509671 0.3327052798134078 0.28623708058947006 0.31612497676203 0.3415729762159272 0.3563152972893131 0.3740046926766603 0.35879966765136023 0.34606626239451543 0.34970344795842145 0.3807537859004544 0.34662230141361533 0.33802235200977737 0.2839134200103317 0.26633469884419514 0.31630400845880147
0.384710115150875 0.3797616447040192 0.34442145473076524 0.31460791797742743 0.3352790330954404 0.3372959482598723 0.31894160635587004 0.3347547295706147 0.3273542008699435 0.2983387214530708 0.29329142823187154 0.30269468766521257 0.26138162117506075 0.22692437647998598 0.2149018611871204 0.1746996387885335 0.1774319323312853 0.15640162798001106 0.1837425243726462 0.20179122591087315 0.1741586838387256 0.1710365922592075 0.23847207400246723 0.2873964213386098 0.27113409823852946 0.28471896346736103 0.31428484928780664 0.2963534432100544 0.30749622988355396 0.29796871148714815 0.3169081969189315 0.3210195441333978 0.3675025722403762 0.3697295376120834 0.3701171809242848 0.37507918352860165 0.3636757857778742 0.34507471080316837 0.3539380401272716 0.31078990521092603 0.26633213887574003 0.2768108844991474 0.3125507344268425
0.3949838975730549 0.3454732835810252 0.3497488995672615 0.3199849113604299 0.3618313087266293 0.37243342128054535 0.3523298984346968 0.32485971188570034 0.3150981870697207 0.28597022444452563 0.3052132919844052 0.28285195821298853 0.27386510525549623 0.2419959389867133 0.20802228874188947 0.19474708806648208 0.1900075828734737 0.20353427943632843 0.18166866942478663 0.18757075482564978 0.20847609206471762 0.19429889067938674 0.23443120342869014 0.27478293065122006 0.2744561351953392 0.30443782735144476 0.2870957252775128 0.28453223113527953 0.29138323465450516 0.27691765717667616 0.33014151629909205 0.34344342002525474 0.3455737806791313 0.328828988686864 0.34002940356030914 0.3444740820244903 0.3662999907664453 0.3322557902772284 0.3093849022333448 0.2739326607514225 0.256042617781898 0.26176164543043556 0.26903871372681554
0.3784252007337248 0.3421769055587265 0.3514498066889178 0.3382006273104659 0.3517300239685697 0.35991983800040617 0.3585913749460216 0.31987005021641374 0.32009352575713584 0.2639826136834594 0.2579301566278786 0.27860538871632884 0.2755509319909199 0.24920658037881652 0.21342925804741936 0.21052651286021654 0.23788843792141848 0.211163222008722 0.1953803294091264 0.20181275717129193 0.21284313917198755 0.22576825726584462 0.23463080816512635 0.2565168917496026 0.29720227478324146 0.30603884696060757 0.29704798529768484 0.2707724213656878 0.30346337098510234 0.2942576410275208 0.3374983747857817 0.3361299468569974 0.37745815699991514 0.3659503608152428 0.34862533583130295 0.31858647134289336 0.3220527763180396 0.30927536632126806 0.2852795910024111 0.2797870859655083 0.2537906019581253 0.2592136771855282 0.2864630570285115
0.3639051047411889 0.38347537187550723 0.3609144982801672 0.3455010830736919 0.3422691988161696 0.4098923189403855 0.3785513015792401 0.30436134065475023 0.32182070463578505 0.26959384447589596 0.25709052098918345 0.24478740260975174 0.23355625331857863 0.24137443576921147 0.2446151088886914 0.25553602951138543 0.21615171526381438 0.23422649077446067 0.2277749778651615 0.20201718606826682 0.1953940793177746 0.1880278464465916 0.25300347783435245 0.2907446074652038 0.31095942113675185 0.3337206005327713 0.32016986138100495 0.30061595946872843 0.312729745549675 0.3518466298514425 0.3387880919231968 0.3670302375397342 0.3564101838298778 0.3772011668955724 0.36301286553692586 0.34064572598491627 0.28896489829120386 0.23982399738233307 0.24395994071099317 0.2962822477660862 0.24069763654105325 0.2564587173295424 0.24078309315954532
0.3222125084258294 0.3475217438958448 0.34584118909730777 0.3560318963181351 0.34493448742332644 0.3817014598541003 0.3420408371845977 0.31426050224981084 0.2982563312937371 0.2607113848375508 0.27395046010973695 0.23940649788594656 0.23651565100712515 0.25907362355911606 0.24576929267900668 0.23266931864414966 0.21280344114633284 0.23173788708574586 0.2515125138963905 0.20854591151240753 0.19242863595279516 0.1710197644687675 0.20337385980102257 0.248627343115376 0.25197493910174507 0.2543021199221371 0.26552493729038384 0.290193502066212 0.29360362757628805 0.3386698748211369 0.3721791473432143 0.35602092103347494 0.38767429383603724 0.39712129849950206 0.34843500866319466 0.324964479708293 0.3236837665934009 0.2823462352520694 0.24831843810231422 0.24532217686730218 0.249487073686012 0.26751688639783616 0.23528780979119837
0.3113700492021916 0.3609674600526122 0.33694584757627305 0.3459365812403358 0.3441387183894562 0.3733192666330743 0.3591167280984368 0.30769274703897004 0.2760107382383279 0.29081658065981575 0.28590096704010265 0.28652418559575704 0.2588740966342527 0.22879598683410954 0.25039642838246506 0.2076728934128022 0.23298571175580443 0.24141276298975278 0.22645179703030782 0.247851211969267 0.2134935642207671 0.1702211955752604 0.21864175956350637 0.21252237052768067 0.19783209386260878 0.21062543966039557 0.2266365934942726 0.26983505601387564 0.29432097202769514 0.33729940516258733 0.32890110908695397 0.36242276359698344 0.36058490351316874 0.37152625590381977 0.3552869513090251 0.33667180637013616 0.32841443788249686 0.2834076050889057 0.2706115040701207 0.24800871794771245 0.23967496846012987 0.24842345644646532 0.22388513846946884
0.3486216961597325 0.3237518160087082 0.3495982633020875 0.348744955027639 0.3429266067756858 0.3167753572224857 0.3248123837755751 0.30260754398283823 0.3055211450632213 0.31460111568026505 0.306275340408314 0.2677699495201725 0.2714014823630443 0.2552660744090397 0.22572507468018904 0.24304608149013202 0.21032448051497346 0.2182954573910646 0.23965781777191383 0.22123719259060196 0.23989303144060029 0.22609912908664664 0.2011137111705457 0.20072308902719962 0.1847041001014446 0.22134127098127443 0.21581525838210652 0.28274146215889506 0.28980938403163 0.27543199622677084 0.3174487763074698 0.36683272422082613 0.3554281375587736 0.3334313192963426 0.32480282210978584 0.3234037959595946 0.32538007480058534 0.3055344691989936 0.26520787475513197 0.23588591547482335 0.26540407635742386 0.23067025021380694 0.24629464495130912
0.30742790259613373 0.32582956596912704 0.3342545864300431 0.2835101101420896 0.2669282205929448 0.28404406086469974 0.3016240824193783 0.309797545647731 0.2985681167605847 0.33048508824475437 0.2802780965293084 0.26115126409181816 0.2653844799774502 0.279791788433629 0.22317386031293465 0.23157496348677045 0.23101268528590405 0.20873943278274962 0.22906156049029727 0.2459685347058183 0.21421083076074188 0.19664216375927607 0.19844262604394972 0.16979698178103766 0.18692577054832973 0.19769241605242086 0.21058818820798697 0.2675471736555548 0.25381864276270777 0.23710319095730772 0.26573657177039683 0.3342006722100174 0.3195207410579707 0.3357956480303168 0.30821648917190725 0.31647754523580035 0.2837799063094366 0.2789255430706147 0.27859132867613046 0.24575633275465478 0.24598791935590428 0.2461467779096944 0.23358371699836203
