Raster_benchmarking/DGGS/continuous/raster-128.asc
NCOLS 100
NROWS 100
XLLCORNER 1743165.6317096774
YLLCORNER 5469287.66175919
CELLSIZE 10
NODATA_VALUE -9999
[rows 0 to 18 of 100, columns 0 to 42 of 100]
0.4654374004872688 0.4514137798333503 0.5144671579954953 0.5256580854870636 0.5306485027409704 0.5432633225197333 0.5144546600867045 0.48001233914526953 0.451614179891448 0.3977830893467476 0.40272477942136453 0.4134472440993995 0.38367556008064935 0.4308173749793137 0.415697937097488 0.43416177983019844 0.3965746296649517 0.4100971070053888 0.4319802580063998 0.4164665409383848 0.38704286871070726 0.35942388267084924 0.35302400062846523 0.35402777473655234 0.2871741719418462 0.2946394932269201 0.24500671483765477 0.29928548881018874 0.3206800921228934 0.2707853789427315 0.2656665634860399 0.3327251515536686 0.3666906842182296 0.39454970208847984 0.3480194779987297 0.3410542018895932 0.34478031150821914 0.32687874697178687 0.3621182119188843 0.3985445137040428 0.40462546067651767 0.39058391284121985 0.3901637468259649
0.48350156813540995 0.4761315409810546 0.47595452157266976 0.5250782598515518 0.5256181540155462 0.515252388806831 0.5024802107903173 0.4610813188659009 0.3885835885497047 0.38322109867461707 0.4488201323117834 0.41479797560826315 0.40857329665508685 0.40856994716639194 0.4089700362562007 0.4074895422987813 0.45773829257591725 0.4723947413578672 0.4541093888198753 0.4368301221724302 0.41790101915878325 0.418518881045345 0.401739738305306 0.3214483552693264 0.32235769319615626 0.3134467541748287 0.28114316276888923 0.24969370088198556 0.28387557433398697 0.2919056588764441 0.26272093763484405 0.3142391888595133 0.3924275956352623 0.42492158667593183 0.40905286568528465 0.392963730278044 0.3224571610424365 0.3355423814073634 0.3946272043245939 0.4061884954135703 0.4021731299136931 0.4193966536579681 0.3833804389371411
0.4550297553982415 0.4570518792582187 0.42766229625908864 0.4402968370300942 0.4696702192600605 0.4911653317694808 0.47739361780227124 0.4286410537302098 0.41432630349509625 0.4234216635026959 0.43041826844757086 0.4068908398330729 0.37077490332891766 0.39372442684941195 0.44130658974749654 0.40982588457717384 0.43210451008549705 0.4509739707522506 0.3960741555983247 0.41822841743727285 0.41559426718008724 0.3607744010460711 0.37025207327260995 0.3370071331040764 0.30427086009229365 0.2838882272322695 0.31631671031442743 0.2567136471339697 0.27981014727676035 0.2500826263366231 0.24250354387671813 0.31277439081036734 0.3758257542489592 0.4202158244019294 0.4189822779544404 0.3824013512256788 0.3418728664775242 0.3302422308013336 0.3743640623958644 0.3681232301132586 0.376025015547233 0.3595488037638443 0.33507665724487706
0.46650968956241023 0.4550438688018155 0.4229901054315063 0.42206825958219096 0.43209896336315373 0.44057688747273793 0.3990985069995973 0.4391216729978435 0.4208627731435165 0.3920247978450866 0.42061556880521656 0.35834962229637995 0.36149134181287756 0.3784714926444452 0.4334821153969047 0.40432866096490283 0.43012627596300224 0.3885885958982391 0.3658708354604457 0.36518628331969993 0.39482065444445585 0.32328121554022055 0.3169920558372759 0.2959332114457742 0.26951049409702055 0.28613158218287116 0.3033953659864211 0.3269744519247037 0.29872422353434097 0.2785133354641268 0.27477828501299156 0.29791362682819555 0.38133256558360046 0.3826795611448846 0.3747409717117481 0.3863075340783013 0.3864895963413178 0.35915582670966595 0.3511329154882911 0.3630345061155415 0.38016756573641786 0.34349666869204026 0.32600060568989275
0.4152945277016349 0.4330020179587862 0.457388450719464 0.4656050565878847 0.4233921502778147 0.42528234505886314 0.41782968962460026 0.39919227965676324 0.3602063972934488 0.4040803878815565 0.3638209172416251 0.35388148224068056 0.34262038789801036 0.39601483276401045 0.4348096900937214 0.42705780613418826 0.44731568911394426 0.3974494459237968 0.36557021774988324 0.35564508735195194 0.32129158930468227 0.3577871940010829 0.2927002091736074 0.27580409911325365 0.3279403238965247 0.32495482205067133 0.3406672902110951 0.32516872999117136 0.3424291549680581 0.282976393500696 0.2553693059015604 0.2928429501544061 0.3505914564084085 0.37350136776806747 0.3931843395183623 0.3802723113445498 0.37637697510357354 0.37999336720846705 0.36196096769035213 0.37775320208712554 0.33564486570036 0.34884218701939956 0.32805110112824654
0.45215870965181704 0.41036271640009103 0.43479803282470625 0.44120363000843305 0.44242491708198906 0.4117532284670667 0.3293047536069417 0.3516392655990673 0.3332656779582739 0.35016869617589097 0.3432488869966281 0.3804962086871989 0.3675698773667422 0.40598587853838863 0.41469267477385685 0.3980228627063541 0.40560722034585617 0.3596666110014895 0.34812143642675697 0.34019601437225455 0.2808659558112568 0.3157864710692717 0.3416774903484387 0.30595767801106577 0.30295368124280503 0.34179449128412415 0.2989587276441284 0.3032065494223614 0.33269022657543823 0.285070078829126 0.2690684981882759 0.2972067313613306 0.28150795119465927 0.3467798805777689 0.3284521424585271 0.36501240005157326 0.34804034220126945 0.3807716715643185 0.4238321782959936 0.35947089101441687 0.3722023608456446 0.38335962011961017 0.3915934215011845
0.43892161733921 0.45527191978532916 0.4712778923046792 0.462854111488008 0.42100977604937384 0.40238111819881156 0.37713708335186713 0.3300691562884671 0.37445344767604133 0.3664224548225929 0.42093314148691413 0.4026043481870365 0.40181621391616984 0.40389912096829167 0.3498761449596647 0.35551154632042237 0.36085731457440284 0.33371084702181064 0.2875555884452697 0.28371303063463243 0.2808769928526799 0.29289686203054005 0.28835344232565024 0.2737844096452416 0.28168957407865775 0.3007709143819755 0.2663459692359826 0.2916217582081927 0.32085103276892113 0.3426469800337593 0.31541163135253514 0.29265527504251376 0.3423203989826009 0.35517480368479654 0.38667925980045087 0.3463242962225535 0.3825041004765201 0.4119059708983368 0.3888471845645946 0.3932549905096499 0.38524746928982584 0.41182874787257673 0.4241177397942348
0.46928305263045755 0.43816260405326873 0.40081881210047404 0.466381192087235 0.4492608214602342 0.4103349283365068 0.3548553222464372 0.3646100453266026 0.37476314448480563 0.40285748463815424 0.4325555426578736 0.43010709266675573 0.3821759452836858 0.3795153327833897 0.34425126426365055 0.3510464370158721 0.32570842043927345 0.2863320874822648 0.27482657351737566 0.25772786248411744 0.2823118022169358 0.31888511337009817 0.2764554216415737 0.25376398091214114 0.28449886427766924 0.2651166240467208 0.2794111123124851 0.30795957008830666 0.3035307451242824 0.31160329176115803 0.36361319550045546 0.3575510484873085 0.357779484555802 0.35763082926765233 0.38662429334247866 0.3491210432952526 0.3835452091547963 0.4111333895104176 0.4209808260712162 0.40952253488317764 0.4342191011493557 0.38440754015412043 0.4097507620917544
0.45170214524924135 0.4563512625096312 0.41313677576483115 0.42212014879221343 0.40189159557284837 0.42792888639956345 0.4323605454550763 0.400287918352209 0.4074962999051992 0.43740488307900316 0.3928271911959721 0.4263208386979507 0.389825537854717 0.3403864866015096 0.3767968000639281 0.35388315767659584 0.33603246487220156 0.3373119643731873 0.2931216334377805 0.30550211525062265 0.25183142034524786 0.3021408801401536 0.2840451996941252 0.27747742283561183 0.2925649563661321 0.2647642236655007 0.27951337899044204 0.281980828196997 0.3453322952130504 0.3708430286121248 0.39103938184152015 0.3812430076035897 0.35089875741852733 0.3403110385701597 0.40106808655465087 0.3629370716825123 0.35055167160572437 0.39745054567313287 0.42130183931713144 0.41353395459531617 0.4045505985489905 0.42282306572965245 0.43741737582295837
0.43730981606210284 0.44542308446035744 0.4162486630895829 0.3901002563249204 0.3761126593254013 0.4374859360615357 0.4494975720202693 0.4449284652242138 0.4681784030748276 0.43611414797487164 0.37917458138022586 0.38703059568556786 0.36953994960194925 0.37028789002001555 0.4017896165015914 0.35991550994635646 0.35276773034184794 0.35492231859409756 0.31985474266089436 0.27482131141918753 0.24921408074814008 0.2604137263730247 0.30747298184401917 0.31188006684859365 0.3275821706999634 0.30399529118094304 0.24879556330378846 0.30533769279641987 0.30334471138402097 0.30730214220262586 0.37134951065589894 0.35904756341903704 0.35799134734508203 0.39061219997252244 0.3944187841384538 0.4199209588254223 0.39614613129772464 0.4082228279337086 0.42996776286730376 0.4205741372814215 0.38146113704470197 0.4107827088610347 0.3675287218465398
0.4595237668994968 0.4431145204914784 0.4304404644386771 0.4413723649551985 0.43225518028414206 0.4753151951474847 0.4549979266110672 0.5005670492484396 0.4451653302744848 0.4182325302377769 0.3883680414303443 0.3821909614062596 0.34713233167367386 0.38985851018595946 0.3856781339921778 0.36782729232708816 0.3265020310996229 0.3471711123919174 0.3500130922082802 0.31102906419379395 0.2848357786585266 0.30702372136088735 0.2766798286441864 0.3236216411931712 0.29831015446646764 0.2909131206698534 0.29745121757352916 0.27042993539605076 0.3233572673326961 0.29661735754679797 0.319781759150814 0.3233961343923659 0.30309819694178336 0.33389220997290076 0.4017407021102049 0.41568147885898116 0.42934239313232986 0.4071577680540761 0.44144339529954013 0.38524937854389185 0.34794973277947316 0.39230813768097056 0.4036474945600967
0.46436968286325403 0.46128927923964297 0.4578842206904529 0.443480560080456 0.5028047848216404 0.4590980028571575 0.4955106372567401 0.4530443657273483 0.4619646948922376 0.40092097398608195 0.41348332630503637 0.41046348518715353 0.3564670339419942 0.33753838164023503 0.3645935855156774 0.34712033587469093 0.3296207521847806 0.32060585842784234 0.29847943572383884 0.2504548196085373 0.2700102710626333 0.2549352793418018 0.2773644053269971 0.33295142169914965 0.3449006051649376 0.2951392617351971 0.26187387459614364 0.23536333965471215 0.2981379923882902 0.29441124152936243 0.295848658467321 0.33775608848073196 0.3342436596520598 0.3773403766380381 0.3779947990057384 0.40452144321890104 0.4624568117321295 0.42193579346893795 0.431073613484812 0.421402587942848 0.36645189460051647 0.35606507252102154 0.38481090792196065
0.4427512267299534 0.4559234196405801 0.51171258093981 0.48726823645925593 0.4981830039197442 0.45730522677282176 0.4409588193516676 0.43271651164569397 0.42895889155374245 0.4270435616104133 0.39146765216097557 0.3690903897059693 0.3034232893609441 0.3104566987258894 0.3408924422215582 0.34028413591832657 0.2767969763287349 0.28219687138902566 0.26583197754129756 0.23081134620036264 0.24888140153046376 0.25657214815800994 0.24010749121484953 0.3171587891041325 0.29918541937041887 0.28584035015409287 0.2740090021481689 0.24597024068864268 0.2662456083896094 0.2826577715543897 0.35363198678866437 0.36444568053779747 0.4177578335835676 0.4172326724856266 0.4126208622261227 0.44081588465978483 0.42866290662702927 0.4896746340994292 0.4731558894454047 0.4509785638046971 0.3926378017252058 0.38905684388652484 0.4129371277660463
0.4845269802861049 0.4652282646455743 0.5085228759433653 0.5233129544629009 0.49582766835299596 0.4521018583045798 0.4748701615934012 0.4312524887821773 0.4404316019826494 0.38513135044817143 0.3227682543881673 0.29229003348556143 0.26032817300742733 0.23664474992762297 0.2539934712411018 0.3111005826542625 0.2727082435981503 0.27571023931574457 0.19781926094611185 0.24194748288902748 0.1980298175866456 0.21583673408713272 0.19646699328436149 0.27481136981749266 0.3092528152550855 0.22731714101957143 0.21837632250840996 0.2750670789410118 0.2909581103778895 0.2967645559037186 0.33120252641701303 0.3508039777294102 0.4453402126548826 0.43172261027466025 0.3971134723311828 0.41515367861873936 0.4240464004954276 0.5210274406944476 0.5182868436696445 0.5247315563780652 0.48032918486527665 0.4335586601832287 0.4251376630053933
0.45538378408983043 0.46627084278391645 0.4789426988882234 0.5275546351590168 0.4963322452492099 0.4350541729510948 0.41274158840001746 0.4142370270074199 0.36787365701860236 0.3882524105172498 0.3258308856207893 0.3267667083734251 0.26141367341396976 0.24647019410120855 0.2528083325552377 0.2647636117207207 0.26181665846147106 0.25085741546240287 0.2616357240855139 0.24826307680592066 0.2170505422076021 0.18223574903214818 0.23788613657068766 0.2625021023036298 0.24476366646913567 0.22624883358378767 0.2599039029766123 0.28813568732107153 0.3151320295533276 0.3801345743050173 0.382273604055114 0.40235245935827946 0.4366601288618723 0.46568989064806776 0.45396549130390046 0.42226119615829844 0.4864527148619535 0.5149324839350832 0.5167830096161111 0.5401459927521097 0.5227093626033776 0.5011051738590058 0.5136556458250441
0.4704926304708497 0.46924907595327353 0.49389024104808776 0.4758185724578015 0.4849496164476417 0.45459423943331595 0.4116628247355302 0.3771403427380682 0.34284022871001124 0.3594864514302539 0.3225743887013269 0.30211745145741087 0.2912175266465227 0.2598041242678107 0.24560158033636753 0.25598515559354945 0.21097746821470223 0.2678936581512809 0.245834221946595 0.2148866578924678 0.21507169112630983 0.24571584930282808 0.2093652146188819 0.2465699461254437 0.24954242838486695 0.21371405960461784 0.21989165944661715 0.2583365315748807 0.3498477497949213 0.3747797030354664 0.40834841574896363 0.41104189565416094 0.38395857202260114 0.4426442987614306 0.4978843770758102 0.46690270194916667 0.5081651593728805 0.5606082591502831 0.5526515364071961 0.563579767635875 0.5228039964165587 0.5179156162962266 0.5512597244119279
0.4279466238998204 0.4460090026833501 0.43602049886308814 0.44875076778068573 0.47128842661227094 0.480121274902552 0.45709023847554087 0.3717449287803948 0.3796691163209265 0.3477916232040132 0.3269167239786016 0.295493217113157 0.33516187689238847 0.3138970294843515 0.30203500919074644 0.22482155071175702 0.23345471987549699 0.2644464407091396 0.24397874662081404 0.2123139403972725 0.2613097425063538 0.25009162602133267 0.24322326571682987 0.23673387281833871 0.25393830373116927 0.20556952387112198 0.22742280749556884 0.2764935229523017 0.29838208224883894 0.3823914353600659 0.376287305926922 0.3638273227926387 0.4078529663464873 0.4464780078357203 0.4927323088227481 0.4739477369122974 0.48584659632273935 0.5514606048845636 0.5699501995023578 0.5553004751691641 0.5302243727177246 0.5373346191928599 0.5207955170776949
0.4224761281521774 0.42938803593657193 0.48476844261468083 0.47427396063058785 0.45953261067211265 0.43298898260571833 0.43470549587640916 0.3628876564802173 0.3380517611609884 0.3468110040335521 0.31018459324715875 0.3240025899479346 0.33270155935304296 0.31451829058159764 0.32685614254186945 0.2984451050611832 0.23575525920848134 0.22218595759331278 0.24450227382378004 0.27849902702899354 0.24895228020207286 0.26912671688709083 0.24698695081586197 0.21109194644260493 0.18422896300924343 0.2476422351022816 0.307357656123268 0.2858664918160074 0.29994900299863064 0.32142944414151153 0.39704232837792963 0.410225409132526 0.39907000234663925 0.450703529095999 0.46151094180565483 0.466521592845976 0.5094053939045883 0.5305166443495039 0.49609473880736193 0.555207696347736 0.5982684047946216 0.5387842906581217 0.5928042717806891
0.4096125476567544 0.38976628123835366 0.4253867879652564 0.4585495401664136 0.42455762878261183 0.3871559259684278 0.3961249599789063 0.3570591666895646 0.3844449198589222 0.3392428002462871 0.3096384827440295 0.315974224731136 0.3560848158653665 0.3238175987669001 0.29658007354450616 0.2770461098587864 0.24194366172089618 0.24897702670395572 0.24294724151085836 0.296090797267755 0.29883316236444185 0.2801142436307148 0.2369840125247545 0.273777580897453 0.21699021381217432 0.2654882876300851 0.33996676151900634 0.3177050025379407 0.3629471066839332 0.3389711913362171 0.38294249522529267 0.3623120272343876 0.37676475503645673 0.41993677619238584 0.4867125673428626 0.4791090262172433 0.46686896334440453 0.4866943317000749 0.5199008017966033 0.5186840755904754 0.5295296040690256 0.5499305967419245 0.5394543313598226
