Raster_benchmarking/DGGS/continuous/raster-385.asc
NCOLS 100
NROWS 100
XLLCORNER 1743163.2978054548
YLLCORNER 5469297.371109086
CELLSIZE 10
NODATA_VALUE -9999
[rows 19 to 37 of 100, columns 0 to 42 of 100]
0.6316493816233394 0.6247308463568758 0.6274601149434008 0.6059756467465971 0.6104774330980026 0.5776560787417073 0.5992158440549864 0.5686804889727999 0.5611676400439639 0.5905386698053423 0.5997495859532675 0.6383640445593227 0.5980312527218774 0.5879884978173141 0.6157330859886206 0.5879888593164728 0.5579666274091801 0.5881317887405586 0.6179573655079803 0.6183382012153845 0.6213916185413719 0.6452078562709057 0.6026343061255497 0.6225342989418158 0.6158396553679478 0.6066327497870205 0.5843826155975392 0.627329132598729 0.647610167301687 0.6336290474633477 0.6531672755612559 0.6820216528317159 0.6629563792814281 0.6826984348798125 0.6685070914191553 0.6765500155883929 0.6696824283738334 0.662861949759149 0.6745931720675681 0.6615442863244184 0.6681738850163987 0.6458369958805158 0.6602209821808517
0.6178133864385021 0.5872618545413638 0.6026760490014952 0.5986938154451484 0.57158751080967 0.5663141722188446 0.5973902612470819 0.6131375079619719 0.6273682946653931 0.5969511485305163 0.6282423666374247 0.6415628452926893 0.5992519051057403 0.6274364242701886 0.6042267079329541 0.6398830077207731 0.625569516431458 0.597828362908336 0.6328019532901118 0.6092471102508337 0.6532232011388247 0.6500245104151349 0.6116911773493349 0.5935582382191594 0.5982460099168141 0.5768562606819795 0.6008129757370658 0.5961075605576159 0.6106427007551186 0.6577103069175885 0.6831014633479426 0.6945030749692658 0.69824754270343 0.7006849115151581 0.6919685186413244 0.6841074595602092 0.6572834589435322 0.6537457168042022 0.6569088748156174 0.6081682390621255 0.6098559859778556 0.6223864230499196 0.6406339973140096
0.5881064787522556 0.5661683070487604 0.5657753792972987 0.5977900096350502 0.5981730448859104 0.5831650771834858 0.5877947352418652 0.6106923410326835 0.6119493198534964 0.6207984805744561 0.6203704206681279 0.6233122461088875 0.6368765879584477 0.6376348605575067 0.6563625553207535 0.6491358049507772 0.6308235329141422 0.6203435197096863 0.6171096865858717 0.6018012932886565 0.6124776014111667 0.6229026491620274 0.607050728075534 0.5873731325136592 0.5979005291577549 0.5837792331711167 0.6019785352200491 0.6058091376447183 0.6150127545826662 0.6189137280728049 0.6453893042216751 0.6855458457493541 0.6628342302602176 0.6761560156624647 0.673432428017592 0.6633442729007848 0.6719283378039914 0.6270228264763581 0.6295493398969328 0.5951150073743493 0.6275954254418572 0.6392451221568068 0.657036118639171
0.5544922739421908 0.5882616852825021 0.5654302450736125 0.5652554654953135 0.588355855793653 0.5710809596019161 0.5503469540847813 0.595494404089724 0.5809610234112803 0.6170676604391547 0.6689062248769916 0.6456421316782208 0.656207979747744 0.6664421296405635 0.665542401921148 0.6701797947447234 0.6366288791593548 0.6451415993270277 0.6029896195096885 0.6183357218723377 0.6153413747242378 0.6026685838442044 0.5839811939119892 0.6115188538374646 0.6032365081710135 0.5944828709340415 0.5703399740880197 0.6129199119809078 0.588212047993715 0.623046812896017 0.6592883669925445 0.6548439589193087 0.666920196994909 0.6519737465034837 0.6416086258724177 0.6225702224266164 0.6557499504162138 0.622837929264224 0.5872501771712444 0.5804498658013415 0.6099002092308724 0.6099348750345571 0.6265183585585796
0.5786413104150908 0.5788948831734714 0.5812459724513133 0.5588166451802061 0.5948599108305693 0.5897588349761047 0.5540116443191506 0.5766838968192906 0.6117610351272998 0.6547857007241208 0.6647352184947422 0.6520525884092998 0.678466362027288 0.664046270889308 0.6608834407575389 0.6564415091663816 0.6699205388019278 0.6696746149580334 0.6593059665957728 0.6312711103945641 0.619712012396897 0.6324913220718668 0.6199389727744786 0.5826274281311754 0.5804818947259537 0.5706519695489849 0.5910608986561717 0.5961586729703867 0.5756047273350651 0.623067768779081 0.6527697703699817 0.6250148623500061 0.6240753952800843 0.5980933120668467 0.6236400312760229 0.6022429807911278 0.6236982898917378 0.6027893263661463 0.5896486243389681 0.5654111749089066 0.5772996222004843 0.5868046032019367 0.6098937209081248
0.619498727691143 0.6065340877787014 0.6023888068112467 0.571528186427818 0.5767505551479541 0.5859421305516042 0.570541434389152 0.6041103878630738 0.591801543134607 0.6422684621996688 0.6844789096926558 0.6561091923015615 0.6609728891735124 0.6805165730338468 0.6795067641688766 0.6559598811063684 0.6801509574619848 0.6965179259471669 0.6897019102144795 0.687186906787075 0.6748377949248162 0.631665537368222 0.5957200473732128 0.612285350045004 0.6138523339404502 0.58297887887482 0.5868842518891161 0.5543386345061323 0.5607100846098241 0.5728816797215163 0.6142064528640003 0.6176115182539336 0.597059583289572 0.5623859459420324 0.5829841834479584 0.6032643387244628 0.5957304988984083 0.565970646107505 0.5580767449118093 0.5665827129058953 0.5385851534348308 0.5700558708740191 0.563044707678685
0.6390804464294938 0.615602029282972 0.6047930826547855 0.6237212204374617 0.6324703846859898 0.6136551649476606 0.5864893030633332 0.5882420237379932 0.6279344813711233 0.6601662655297172 0.689828754011793 0.6606343313838855 0.6901612028576183 0.6558854641393298 0.6622853258629646 0.699571626389513 0.698120874364857 0.6919908105636917 0.6700281735785469 0.6671582690102933 0.6789493693240761 0.6520846758954141 0.596867576476979 0.6130201935236314 0.5934184562547284 0.6134930882911789 0.5675672743631327 0.5503400685894598 0.5505656848326421 0.5827774570682845 0.6010168497938593 0.5738011061998552 0.5724288290548303 0.5216039889806582 0.5109586735709436 0.5439856954029566 0.5311485625886225 0.5289796252730229 0.5566353699106963 0.5522803239026786 0.5420256707770135 0.5371352116054624 0.5634324805896069
0.6677280601957171 0.640036454033304 0.6394265568588327 0.6237375870040343 0.6276561092968547 0.6135473155645705 0.6155753139584066 0.6041112565697032 0.6451301403134861 0.6590780021779272 0.6688759296647008 0.6486440313132465 0.697330805225308 0.6655025173647598 0.669799331441691 0.6963623611408839 0.6842089626772206 0.6723818140069053 0.6513825185409263 0.6359964484237602 0.6630116716447093 0.6168114697005522 0.5779152467878458 0.6045573673076683 0.5917977717165236 0.6155459395198002 0.572349754499154 0.5647249491458889 0.5432830177418446 0.5549386946540942 0.5663645441325105 0.5166455632296583 0.5012522977353083 0.48313093402393875 0.48757126740352635 0.4909692773674678 0.48948328549931064 0.5118448348358943 0.5083953637836055 0.49351663723486916 0.5107817863632952 0.5154776497833308 0.5419988865454295
0.6303467436961814 0.6700855789149301 0.636741263405483 0.6419398311218399 0.6392217952540489 0.6190485468902716 0.595440267483735 0.6234547645773124 0.6706516294274721 0.6562733273856438 0.657132341459243 0.6646937341261393 0.6602736087161931 0.6630721707560301 0.6655905246025342 0.6542233319174112 0.6458454824882891 0.6498250758060712 0.6539127427019027 0.6426196275259065 0.6319295077604776 0.6217021758100498 0.6055308100853567 0.5871073420982638 0.5942000602275953 0.5909405394301784 0.5911151455560891 0.5789426686648409 0.5600820002615116 0.5665558180172321 0.557710811267775 0.5075162114727193 0.47544979814247224 0.4745262526799988 0.4856862963992873 0.4930801107097005 0.46401420260653686 0.4740258677510298 0.49190057313490226 0.4752284009726412 0.4736298874228214 0.5251174258141135 0.5243613146448739
0.6213986954968166 0.669386266132804 0.6668811949187353 0.6432479497518778 0.6277635816770164 0.6189263157072412 0.6186357214065332 0.6666260125032061 0.6913049486169092 0.6775548529087431 0.6859322272081078 0.6674954005025052 0.6573170301408096 0.6384305476143765 0.6404243994650769 0.6391471596291673 0.6377471848405749 0.6422124290425131 0.6319115043302809 0.6356900581249479 0.6556791667443594 0.6237722580373124 0.5986023304507242 0.620337231828934 0.6367831810807341 0.6155137320716566 0.5887834542057275 0.5829150793313624 0.535852059317584 0.5638028240421211 0.5484931767958781 0.5004507779695514 0.48539593369351 0.45509616860202196 0.45283438961207817 0.4649444833919199 0.4809538828615689 0.49182031563413486 0.48455399204587163 0.46628163056618804 0.4663035985912714 0.4858164712482554 0.5325556117855043
0.5999971451721947 0.62072158641227 0.6230901943631157 0.6230000246734133 0.6242744530805219 0.6380712757701621 0.6358676595790737 0.6351963104497971 0.68440655270637 0.661155911902115 0.6872791513087658 0.6832453481389077 0.6394889528798343 0.6592932486336619 0.6425097163009346 0.6779580732776034 0.6616766255119704 0.6333935544493541 0.6418740731273835 0.6302807377507974 0.6515622732749287 0.6189517189614372 0.6175744576105799 0.6161879878703416 0.6096512404967706 0.6191168187848122 0.5848112998984657 0.584285232972 0.53994359736611 0.5338506366524279 0.5399421167952957 0.5016574626521897 0.49586459288773344 0.49259285453917473 0.4807955348047126 0.4619133399215377 0.46583272675037507 0.48042571255601485 0.4858814856353351 0.4913754123836317 0.494555271522848 0.4950182596083891 0.49750777799810364
0.6157786069412892 0.6147587492522982 0.6387467863147913 0.6190992497978511 0.5939524599591656 0.6425939469719248 0.6274317137290444 0.6167983463209963 0.6821910073157629 0.6774125196492378 0.6525155515053688 0.6544057760198805 0.648138151117089 0.6582026033894186 0.6709041153085772 0.6597386170741101 0.6654370746694438 0.6627986233670414 0.6501098933925922 0.6469230539173483 0.6183689895087189 0.617489505211994 0.5927444882840457 0.6070214506300546 0.6203893283287387 0.5932865196119785 0.5598557677551167 0.5633904729918102 0.5578225801421277 0.5166617786290862 0.5029291889657124 0.5095435447368653 0.5035576321361758 0.4892952155711112 0.49401849485744276 0.4889381446742 0.4663414509789348 0.4869070157921599 0.48051038384504974 0.4845798131921697 0.4381067160409899 0.4863077225126035 0.5188417092665171
0.6445614911456947 0.6419437784387547 0.6302624454266454 0.6378163250580853 0.6400475883302373 0.6211395501633359 0.619621275893291 0.6082273701976285 0.6393770352814083 0.6499020034233407 0.6774350645480659 0.6535157936328206 0.6351453484473968 0.6139105796343581 0.6121768054030032 0.6139296473517389 0.6457600575726433 0.6383330856934977 0.6138825682008431 0.5936302614037827 0.5917686479319731 0.5824918739041971 0.55137185796489 0.55253481726446 0.5486008172124909 0.5511645265146733 0.5501176517481404 0.5498499622594029 0.5461150628166256 0.498663026772979 0.4867394308711706 0.4960449618259764 0.5210578964230006 0.5114444813333437 0.48686156233215344 0.488848001798205 0.46331033363835544 0.4497129579714583 0.45762273837780587 0.45429846081595876 0.4540705538026238 0.5002976676626377 0.5269116274629302
0.6488688803248436 0.6642898548835635 0.6579267364262107 0.6404160475336214 0.6445860364405595 0.6279180789798581 0.5997085726400377 0.6072798240712831 0.613830754931918 0.6300090345827003 0.6616571453965457 0.6224377672487693 0.5904073586432861 0.5967428787794385 0.5969805720667163 0.574267100441994 0.5931784608307298 0.6097093269758038 0.5931077467594352 0.5593159612929325 0.5623516017485239 0.5805499073658391 0.5308443019698801 0.5236797110573675 0.5334798604354961 0.520901583822139 0.5706273690718765 0.5169894788616569 0.5063380529590996 0.4791172797522145 0.4839544047266858 0.5143693393512869 0.5238663074031454 0.50556301345396 0.5267930534745741 0.49486083826460986 0.4406959285317836 0.4553375387789123 0.4231371489947619 0.45211372709130154 0.4418171518539894 0.46902488931060615 0.5191030012430801
0.6385788634516072 0.6330236166975588 0.6432321215663405 0.617761024859253 0.6503163724238128 0.6107498999754499 0.6255991869577626 0.6163171031188147 0.6359121663849349 0.6229377254990879 0.6187259777828478 0.6088737521694045 0.5856737342139836 0.5814010615540798 0.5516918455235543 0.5536536665200811 0.5736851333238502 0.5807783045033849 0.5718479071939718 0.5574394585108206 0.5620863687130009 0.5604370907835106 0.5152177733208505 0.5108888781487074 0.49391555963196293 0.524710262257545 0.5086116580002429 0.5329655547832809 0.5051896360368288 0.5143594739023997 0.5035517445169084 0.5125064367415592 0.49983208095490694 0.49710550390795616 0.49611860006003655 0.4779371513808851 0.45952936479386797 0.4750763583406623 0.4275553736341243 0.45493117877255185 0.4491008986592741 0.47204382909618475 0.47067426828111375
0.6580058901100895 0.6208987712499069 0.6186162332268664 0.6468000090559473 0.6300062020107566 0.6016364368273291 0.5815918886228303 0.6004885188226198 0.6003304647576778 0.5853422772395769 0.599306276522016 0.5686473133206745 0.56922872375542 0.5629879108054316 0.5255646160608859 0.5507157131551594 0.5243214800170448 0.5525440167609642 0.5458258867797455 0.5601229177681307 0.5627472880061599 0.5643865194041074 0.5355418979542041 0.5115911077988032 0.43921501967327947 0.46452291456589717 0.4850710324172056 0.5142372196323182 0.5144520358853083 0.49921712717976763 0.48839459341675284 0.5208424182477963 0.5217528997406343 0.4932678453015495 0.5078823656527689 0.492950923646177 0.49949111900088344 0.46196236227866466 0.4498073359497643 0.45425200777076213 0.43739895029507325 0.43429275688463037 0.4541044504020423
0.668941916763097 0.6534809234166472 0.6161467731687558 0.6428277382363743 0.6174174664808364 0.5972743557610538 0.5577007778112388 0.5602761952291084 0.557322724459784 0.5319207734750069 0.5379028895348319 0.5433140173583435 0.4979377716975627 0.4901036937394819 0.48293595696733765 0.5037340251081851 0.5031671435049109 0.494940899230307 0.512876714010271 0.5360402655507666 0.5317249481166607 0.5165796374934046 0.5094313501872435 0.4738742361215499 0.48985541024073337 0.4925522335126779 0.4828731785147626 0.5019453374201567 0.49608913239173874 0.5284997099675138 0.4941473676229093 0.5035765516144087 0.5128720847446502 0.5199342080240767 0.4967360809465741 0.4707728575232222 0.45756290835585584 0.46296990120727477 0.43545295745900764 0.4304200118044371 0.42336315983651196 0.4416180866340475 0.4332885048632693
0.6686263990992342 0.6267350709317395 0.6226925444776976 0.6207603844674777 0.6390218858886404 0.6022917325065247 0.5842170177265594 0.5514511299324687 0.5084786455632476 0.5136973077877861 0.5113123894284263 0.47468768338646494 0.44635672163566703 0.4600912726984639 0.44330645694478904 0.482537752167041 0.4594271180954522 0.46497169073227174 0.47293630411944865 0.48302234584265846 0.5070254204317992 0.5089842209204642 0.48886366559061667 0.5072300878089644 0.48619664682487446 0.507568899334843 0.5015051170776559 0.5254844920731417 0.5207897533560091 0.5329510611429006 0.4968235069147963 0.5180290130639299 0.4844306916730229 0.5093686232305913 0.4852596469164027 0.49339979872891815 0.4820718498170892 0.44031945646912934 0.4339564932236805 0.4217776362089363 0.4214297253752858 0.4455075227714369 0.46107142238349563
0.6573857684331144 0.6467821339608287 0.6085101028191605 0.6024734926834651 0.6141859721138488 0.5821998793488646 0.5373087711924197 0.5032603174138799 0.4606456711455777 0.4666838361472484 0.48651800417365587 0.4520119707637654 0.4494123444077884 0.43487957496417856 0.42245590698971014 0.4256665111207235 0.3994597431475009 0.4199719978993486 0.46729855555865146 0.4696648642732272 0.46106694765330253 0.48066683340424143 0.5110905303950254 0.5259513123781919 0.49481248222323576 0.49243396566950065 0.49274981586749567 0.5459063060562628 0.5277294167014154 0.5222947290298966 0.5083922190781669 0.5004038656481128 0.5058864728562652 0.508215634656021 0.49437515129646764 0.46487217144563453 0.46817117316798057 0.4801279342010778 0.4822563681657801 0.4882727687121169 0.46498806952846383 0.4785902747293732 0.47678611260470605
