Raster_benchmarking/DGGS/continuous/raster-203.asc
NCOLS 100
NROWS 100
XLLCORNER 1743150.7086642594
YLLCORNER 5469294.587360926
CELLSIZE 10
NODATA_VALUE -9999
[rows 76 to 94 of 100, columns 43 to 85 of 100]
0.6702392991677703 0.7196272330438656 0.6937313249917048 0.708536852250446 0.6348058215463328 0.6073572866538395 0.5954782399841574 0.5901930178627047 0.6191164111601152 0.6451448268853822 0.6345758697403474 0.6414870865739161 0.6247015754025752 0.6210358109576477 0.6044230664599987 0.6213441766297569 0.5886337115445749 0.593587627449549 0.6108177494169145 0.597748894884072 0.6058362380637162 0.5751954315488489 0.5591697903535233 0.5699770118762209 0.5522305647710725 0.5607673209362097 0.5009883364276946 0.4957610163013135 0.504255319192683 0.48860877577066136 0.5093752218341964 0.5030449991625219 0.5070896801247902 0.47404684093391625 0.4713101768273346 0.47456976770183196 0.5060434981341176 0.477690538674169 0.4902185499566726 0.4633093101415202 0.44879342794309196 0.4501784546737642 0.46993423539677015
0.7154263171109345 0.6847606685887804 0.694115993172571 0.7038812578787218 0.6329600242772209 0.5928106245256092 0.6186623730603802 0.6317331985278208 0.6315432644251469 0.6579256609978278 0.6507210215870266 0.6494379536280317 0.6479031319013695 0.6162505536769403 0.5879316059126896 0.6022738305094798 0.6164970598448566 0.5965508332064905 0.6255278129112746 0.5715778313615757 0.5641384337210578 0.5650979526769265 0.5815154840967056 0.5737025950451167 0.5562035278323506 0.5491006409965129 0.5276570175931189 0.501952111822543 0.507791776027327 0.4836768334515042 0.4537029645121207 0.45969203104090794 0.4686257142798281 0.479637217963845 0.47531384974144086 0.4775963658687013 0.49041060951997995 0.4267681139941567 0.41368552452040486 0.44183725708527866 0.40497780199403544 0.47423520007546127 0.48555131692602355
0.6939311055354174 0.6954685533741768 0.676536820709882 0.6575648548714708 0.6387953130617231 0.5720746177079788 0.576135169985133 0.617698776035563 0.5864140767910591 0.5965353077680042 0.6357111707613026 0.6450053101184143 0.6070650601856636 0.5892316174611483 0.5624230697031314 0.5950646082139905 0.5925381723325943 0.5654803614041315 0.6104432450685143 0.5970187417846842 0.5922960464509374 0.5355938845382234 0.5641048569688248 0.5305101472172247 0.5519047229285614 0.5083278442222179 0.5166830840529889 0.5176931293480816 0.4658686771540766 0.4734162447816229 0.4775590411891121 0.46320793508080216 0.4802451679967371 0.4656716188329813 0.4563953279178779 0.48628684308396347 0.47934377397124556 0.42027802426157634 0.38633107556966495 0.3970409236191418 0.4308297203769863 0.446045600945513 0.457022471928507
0.6877049158745905 0.6868742373672159 0.6057919613397726 0.6053752364987026 0.5773481231791867 0.6070804467370375 0.5830724041194061 0.5774860175034382 0.5851271325405873 0.6080124017403886 0.639195759638334 0.5789185186503532 0.5442285517495168 0.5481107011078721 0.5171671588285323 0.5632271082528513 0.5949007274491298 0.5707188726362554 0.5444847098246132 0.5454235612001644 0.5669528101798275 0.5184191089336356 0.5189105987749258 0.5101921402784173 0.5190772938650867 0.4986668661543975 0.4758725612613958 0.5083496573587772 0.4547575821577295 0.4827317618026489 0.44819973073106617 0.4577626601986473 0.4163988274258857 0.422506525151234 0.4557285973478566 0.4715399069177525 0.453158599390803 0.396585550429773 0.36708549377357896 0.4062700527039471 0.3996258106145674 0.43019384765492524 0.46506683734518206
0.6964911590482629 0.6808432195462133 0.6287998364835095 0.615038470236265 0.6401349358972724 0.6074171246499513 0.6481855870808392 0.6281103298431766 0.6363470282017435 0.6316915352720818 0.581399477615829 0.552702048017428 0.5793057468971303 0.5589862740910461 0.562056781152649 0.5717501112741206 0.5410926831680617 0.5529361630532531 0.5341431697544835 0.5619933926960324 0.5255770175072648 0.4970194207199768 0.49969332339907163 0.5085389652976857 0.5006645158379511 0.47467994942091657 0.46544309353790736 0.48993479543558505 0.4819371800870572 0.4922866759313702 0.440816196750946 0.44338152121381946 0.4474684856954821 0.4191791527411144 0.4601747673534912 0.47247731795707865 0.4196034065142014 0.4317073803007531 0.35642888263142913 0.392682671739164 0.3729338732789692 0.40788318758817504 0.423424974757799
0.7110783774155871 0.7182205959905656 0.734462166008801 0.6563522170193189 0.6671143654445999 0.6262100228186013 0.6599732447132574 0.6222019954168371 0.6155905796843001 0.5831914005542206 0.5640273278126634 0.5691328271037672 0.5463382312961337 0.5698143835083186 0.5471250328286592 0.5445765629908955 0.5587042963962042 0.582503226919586 0.5923857067372343 0.544537406637117 0.5474355747566338 0.514149275947654 0.46171990860188833 0.4795749902590856 0.47196984197264263 0.47214761486522544 0.5301394937701965 0.5049114789375071 0.4698701471465526 0.45394305765925075 0.4692523797067237 0.4097069221306994 0.4022511306136272 0.41382151786878313 0.424973480411474 0.45115720770108414 0.43957675270839874 0.41969609234931904 0.3522300632412332 0.3533465456264854 0.3843511575205252 0.3971641254667326 0.3815454633554993
0.7548016517796072 0.758681794130915 0.7406648257519062 0.7194387520659177 0.6891326930326774 0.6750280890876985 0.6580570340154259 0.6688272085572753 0.6471321197859536 0.6240410512707586 0.6250396127908446 0.5984123070432595 0.5447000665236571 0.5770268053446287 0.5631418670802286 0.5476124124546751 0.6052395042157559 0.6077618492593995 0.5847840497200217 0.589481986987066 0.5882269679242458 0.5266079981087255 0.4865669735309099 0.5028960018403599 0.5064343855076323 0.5027573242005138 0.5295137597544649 0.532555677605036 0.4928803455697342 0.4667651708321896 0.4040658697460858 0.3928999843547133 0.3855884599572274 0.39105586405192033 0.4105082007152676 0.451955152554326 0.4090835083610331 0.3731636487082968 0.3302363851478091 0.37473385925927166 0.38018872348806115 0.3584787509980758 0.3735403028555408
0.770195317911571 0.8021303775177345 0.784432020882891 0.7130118314824447 0.7124195811299399 0.6682547307505271 0.6474757885217495 0.6587577838850817 0.6921251287903339 0.6751338471155973 0.6522090546068553 0.6099846319249288 0.5655744494442362 0.5835419511556231 0.5615934522296202 0.5916016238414373 0.5884247674346995 0.6396583235316301 0.6442288239401476 0.6015160635449819 0.5736389714265031 0.5658325359791652 0.5037705738622656 0.5233871160437737 0.5282602224043208 0.5473760696237491 0.568979519879803 0.5331372507038744 0.4337806665473464 0.4626432142510529 0.3948753690685675 0.39980642392389654 0.37108700323995014 0.39375706599002314 0.42307252818944185 0.4484202190944183 0.4203795429295243 0.3743210438111546 0.31925738521803926 0.3061592712430087 0.32470607062527335 0.3520946165881786 0.41922104254169346
0.7623627807250095 0.7736797807934422 0.7708005173896093 0.7198582717462579 0.7574700895962925 0.7437242142226548 0.6783950160241718 0.6889913184777301 0.6911757838104472 0.6479797063910682 0.6455092946962498 0.619628319294713 0.6195369242984164 0.6174305312215225 0.5942114236993176 0.5882449313520632 0.6336304062712921 0.6648634726440127 0.6291624731491593 0.6064906514542399 0.5774053662756836 0.569125432174454 0.5230122963204608 0.5109602304545559 0.5456340149935417 0.5573220308540723 0.5073093311238176 0.5055046726766418 0.452499816068745 0.43968775519719344 0.42404003480087943 0.43823947368575117 0.3815170163140188 0.39195709302383425 0.420779059340843 0.41646437609054393 0.3759545492529934 0.3820804289415092 0.34989857170887273 0.3133558118717457 0.3041299152870591 0.345305815449973 0.4037238477048376
0.7230537965120826 0.7595608073172493 0.7301196306992915 0.7418517385132097 0.7663913077536746 0.7611476067750053 0.7230648557370819 0.7131781386185481 0.6510657221548466 0.6669723905055556 0.6024497341024748 0.5872462466849446 0.6241856481752456 0.6596491996191943 0.6019082703927175 0.6216285864310981 0.6781461980174475 0.6683767216920374 0.659434790814061 0.6729865715535199 0.6540352266748994 0.614933463859844 0.5789485043047934 0.5476321615330563 0.5092590947373382 0.5549857516579819 0.5166602660084387 0.5287674101827483 0.4508645598729026 0.45043879924597363 0.45400316743215474 0.42068459056255136 0.4061403341565945 0.4223212908487177 0.4514619834956068 0.4292047488185972 0.4061594254691837 0.4026509157959207 0.30094222595923076 0.30899036043524425 0.3237235605013554 0.3703053505497121 0.40293196124397207
0.7697489851503174 0.7260701209890447 0.753065633726032 0.7741126729381478 0.7719476200554481 0.748285431144274 0.6975866035433131 0.6912646798681636 0.6559843318298374 0.6550771854077354 0.6341004797111811 0.6203845153195598 0.6698320744446205 0.6774618126747664 0.6861541958743241 0.6869059509551156 0.7065919445734182 0.6721605718604393 0.6755378597684457 0.6875775053608885 0.6431045373032068 0.6111937916435336 0.5863751586259289 0.5964770570243051 0.5649651884683176 0.5687887565110129 0.5505901054255735 0.5446772604585424 0.5349103143858641 0.4687593742652877 0.476621634058886 0.45371439981056205 0.47871155153811557 0.4633800258336245 0.4409126491223171 0.458111659345427 0.4026256979251007 0.3948619802658194 0.3565620105461767 0.29834730950868216 0.30964573461884487 0.3513948039702314 0.3774622216382974
0.7755559438619447 0.7291220748745234 0.7609879362402203 0.7539963330390212 0.8019633141965463 0.7812188018860565 0.7253895586953792 0.6963277983908388 0.7038707111040859 0.7247645608342211 0.6908810837697641 0.6446112230506306 0.6393580951357483 0.6751505794156818 0.7205993977193538 0.709180749408895 0.6626770884505009 0.6872678820049054 0.6572045674294026 0.6596283456396377 0.6728360373138473 0.6081951839525652 0.5974012331807387 0.5937231372413321 0.5879813992916052 0.5904028664060447 0.5502562387591888 0.5664206193863194 0.5578468395024387 0.5484149149914161 0.5005702598761372 0.49933484209496404 0.4721546665680906 0.4681276477049905 0.41144603148712644 0.43243137835435164 0.44900203745139144 0.42909531333389217 0.36559963600717477 0.31600778714176847 0.32709417729490653 0.3922785297927108 0.36850103176099347
0.7367660323392496 0.7737686920130937 0.728335044680534 0.7653284625326885 0.7546198129340282 0.7823556748454126 0.7232748302104886 0.6977008562933495 0.7290344499630519 0.728742777960773 0.7128858431761821 0.6759425456925573 0.6797760450117554 0.6942129653459601 0.7256056942195227 0.691793386440853 0.6693967241967506 0.6710542557269179 0.6328791584921094 0.6780370529135904 0.6948998495727926 0.6686905831444802 0.6005233619340783 0.5825344712257088 0.6147384731972723 0.6137979513421038 0.6113902121683342 0.6019267370657806 0.5799027619886059 0.5945126685703547 0.5451526304027442 0.5501413594401038 0.5085402996882663 0.4414195310112206 0.4167928839274552 0.45918275241415907 0.44461568605194074 0.41384633354866285 0.3857021443105069 0.36847525167950507 0.39365538887087487 0.3966332592788485 0.36300091059465983
0.764794735427139 0.7488376118033456 0.7138782437334128 0.725883430401178 0.7461260556107949 0.7596197383494465 0.7467885111905374 0.7197159351211739 0.7374488000221495 0.7169459832991728 0.6922120920541678 0.7356348684337841 0.7264685900823818 0.6887853200719135 0.6819456027621825 0.7171881642954185 0.6566309028039646 0.6400456444500914 0.6370373275470652 0.6420513117887017 0.689636477536926 0.6352977827413185 0.6256371823809814 0.6330675939721814 0.6182443407319766 0.6257595743985568 0.5964029933630072 0.5861787458035128 0.6122307371316406 0.5988615093280892 0.5885033117274873 0.5542757354571991 0.5321055089839695 0.5254909869306977 0.4702110213322193 0.44592172493115534 0.44438667003841714 0.4428855700288798 0.4853998303728004 0.4258037910557761 0.3946804917163952 0.3876747272860171 0.39328278198944594
0.709185488910411 0.7079894893239592 0.7198927088793536 0.716556249120573 0.7077303439322639 0.7306358782648599 0.7359878179793883 0.7498375473953309 0.7579704635488083 0.7505504025226523 0.7343323663679722 0.751753834353291 0.7543768301134824 0.7123122910333457 0.6864484537774359 0.7155530106543265 0.7103861510024975 0.6822799989596274 0.6497194554430219 0.6561714020702119 0.6926443456840059 0.6327473544822486 0.6574149503031453 0.6621909876788855 0.6449552992500315 0.6004525647622272 0.5990770006289834 0.610259527201609 0.5805471057839622 0.600353870159243 0.5625524107453089 0.5883926281508467 0.5912488174162762 0.5320759487386661 0.5557249226844063 0.5001107724605726 0.5236422466755667 0.5352831583405017 0.5121462151515449 0.4609209517045727 0.4478883908114246 0.4412969535875178 0.4485439837457066
0.6749623908209664 0.6871437482007741 0.7336078946680851 0.7535202309140508 0.7580225720851574 0.7498543535694187 0.7511136476034171 0.7325713670202444 0.7608993329529501 0.7342432553808114 0.7343209311575388 0.6965529378462446 0.7285525483690561 0.6998544919770018 0.7287154759725425 0.703607376290404 0.715004581990081 0.7082782023545229 0.73193967835864 0.6525451227102973 0.6913259297118346 0.6349487826877946 0.6234989726760897 0.6794992413714055 0.6550112666892357 0.6171432019046326 0.6156494305060978 0.6101195131550211 0.610225020389548 0.580831439233785 0.5778975134168164 0.5689860842803077 0.5987963232607643 0.6026633469540534 0.6166076225960656 0.5523303455172847 0.5526460570113014 0.5573565732795238 0.5687097725646975 0.5239486747029731 0.4959110810074347 0.4617492685205364 0.48285670781968243
0.6748009319720435 0.7393141556975039 0.7703062748271563 0.7691567967776014 0.7764271713537666 0.7881403193266827 0.7432175780212551 0.7484336624782025 0.7289359712070705 0.7410210728249039 0.7254491707288049 0.6803637232121493 0.6666676754795581 0.6826180555464534 0.6881493374070493 0.6870436395555621 0.6926635331705276 0.7136862202191605 0.6665011056822031 0.6467377554518662 0.6426936800445912 0.6476542477412792 0.6200569788592006 0.6534908063670296 0.6377707981522549 0.6468724113362738 0.6213745149472302 0.652797994233039 0.6189489068535965 0.6473980409218552 0.6411296810986997 0.5908270853257267 0.6322534798723969 0.6394371579919464 0.6017945965797895 0.6037714847440497 0.5577648499496023 0.528094951020058 0.5453293925310705 0.529422936554328 0.47150247698637904 0.4387578537056611 0.45831057871659564
0.6598252739502168 0.7197807222826251 0.7668188354886128 0.7999822859633813 0.7636226469537414 0.7533244040334648 0.7935408657132198 0.7521020087194878 0.6963981456654883 0.6896319619898623 0.6588198563540495 0.6677574721419539 0.6586319134547997 0.6477124557514672 0.6833050290956709 0.6811853632300079 0.6677418435147268 0.6852669599824794 0.6712887533041327 0.639046961251465 0.6142423788853697 0.6391685079546287 0.6488154171094324 0.6248803758101658 0.6320894883699594 0.6750317016970142 0.623551160032298 0.6201982012299221 0.6349375600855849 0.6374368079943922 0.6698678734782377 0.63911623746043 0.6391238482746123 0.6437875227455361 0.6531004284147072 0.5670668749873152 0.5352956194821741 0.5572437177431906 0.5695776505547036 0.5016911671477471 0.4888074713599102 0.43224580099180043 0.3852434216349921
0.6365647049127897 0.6912344550621514 0.7240835033037436 0.7736006136598997 0.7772737406851332 0.777492258368147 0.7431309359447157 0.7375498660556044 0.6992890486951067 0.7024910306711947 0.6556722249853623 0.6786812155037496 0.6345342888466422 0.6718740651755047 0.6839882989781447 0.6790986689246103 0.7120093423825705 0.6723476505548853 0.6443650610365743 0.650947428081513 0.6808732711244935 0.664340383763862 0.6335459816031338 0.6491484901106509 0.6772052792928719 0.6763838851381987 0.6617679297574409 0.6823014755692277 0.6596033971891977 0.6402750075656469 0.6258994982272157 0.6089983042449348 0.6547659180656592 0.6281600671841574 0.6217947219538638 0.580081808667718 0.5262247217867115 0.5148995725945995 0.5269948023806698 0.5106640471058493 0.4848747523335432 0.4502143261602227 0.3710957357344978
