Raster_benchmarking/DGGS/continuous/raster-268.asc
NCOLS 100
NROWS 100
XLLCORNER 1743151.4121642322
YLLCORNER 5469293.404215462
CELLSIZE 10
NODATA_VALUE -9999
[rows 19 to 37 of 100, columns 43 to 85 of 100]
0.41053072210888764 0.47349773852302374 0.4969038432763592 0.5245190886904278 0.48613384986359687 0.5255101467336667 0.5417425388451489 0.5603501148927408 0.5697655116983749 0.5445404715333505 0.5293586076053423 0.5435981294820204 0.4892219146800448 0.49814671298805946 0.45433180648349714 0.4993573196596407 0.5045125277488913 0.4745509261769957 0.5224638436498062 0.5360180422678928 0.5163218697188617 0.5223876106474438 0.46973977647628057 0.4646648295213452 0.432139264896637 0.3747150803075513 0.35305449872418154 0.34427707938306046 0.29281062135866753 0.26156060861153996 0.277239178237092 0.26604182702266316 0.26076537154126994 0.23192510098667726 0.22615516813586442 0.2464563300989636 0.2016080851805521 0.1670380835476162 0.18209095786516513 0.22791280764668134 0.22915410273850442 0.2948309941833949 0.30376527582314183
0.4049749431405615 0.4344350487500203 0.45906990770347283 0.4697371415058767 0.49511593869664183 0.5325252210630615 0.5272285488727727 0.5390783328488099 0.5278126709588674 0.5112705234749002 0.5327961433129978 0.5438833314161786 0.4761823203164768 0.4841269975350166 0.468755946281779 0.4742183760886586 0.47223453205940824 0.511100708322217 0.5196117713461089 0.5496003114787188 0.5284808736441832 0.5393847404430945 0.45848109636027495 0.4392957399167329 0.43084088058549724 0.38212640249018887 0.37438446078079834 0.2955772378547855 0.32504214202773346 0.2623861114962504 0.3101602992144959 0.31372410084515184 0.2534321738182558 0.22030216187034155 0.22436811463443357 0.24897314003650514 0.19930613139364461 0.17819928618629646 0.1978434797516029 0.21977251693285174 0.289210160898191 0.3428943867997673 0.3000411873648595
0.40636270945665653 0.4266683643394316 0.47704969649087425 0.49612315523085554 0.49737623862872093 0.5069421064719173 0.4929900489515836 0.4995401996157972 0.5267506346940759 0.5001007802191694 0.48775361471248785 0.5085728391640638 0.5105487342494267 0.5250187153929396 0.4760047360776193 0.5268904071161525 0.5252556880196146 0.5435315305047971 0.5439239250356336 0.5489046309294441 0.5281323725988644 0.5128014464414502 0.47928150578205825 0.4837341559756006 0.4391579383481764 0.41215959898348864 0.3966309220572413 0.3408162069397806 0.3319278809024594 0.2944277200782921 0.31403007597854893 0.28451472393736366 0.2428753732687166 0.23758633906410237 0.20777829649920646 0.2350230835594363 0.21015226075430138 0.22284004520640818 0.22031283233103835 0.24418157620404143 0.3183462812681727 0.3347835918668559 0.3328964964619653
0.3758837478683269 0.43835327024422804 0.4204430295664424 0.44083597366561256 0.42166342797764567 0.4215084136464275 0.4687601379974163 0.4801178178411212 0.4799448735585472 0.48342131419040824 0.4865023768921189 0.5241619701791387 0.513434056710472 0.5393238212784568 0.523695499603599 0.5201525816898035 0.5305274882096775 0.5201959220291448 0.5463838240445749 0.5479663603600997 0.49483700571851663 0.4771275550556883 0.4826386619042501 0.4853258030723596 0.47538883646904284 0.44066209124644695 0.42003963216644213 0.36251869938724784 0.34891761705472196 0.3083540139500599 0.311447091743748 0.28419644599930943 0.25821262618291496 0.2499297235234219 0.20597399278061163 0.21150087366503934 0.23474196570761582 0.2658227736002567 0.3030048817951707 0.3283746281906584 0.3063942614521947 0.33395828992458815 0.3133302900554528
0.3856883951874151 0.40219793540815235 0.39314983345352217 0.4024448105650181 0.3700961719610788 0.4206484149968532 0.4557188953581218 0.5181977008539301 0.521813585256898 0.5143838932092517 0.5681249322816464 0.5516323319570091 0.5766215737876915 0.5748363930067691 0.5863737190066376 0.5776451314716295 0.5325958010012949 0.5545445653330915 0.5681234743691626 0.5520225016123083 0.5262197486223901 0.468229868985017 0.4861640956372798 0.5336882566264446 0.5029033461172716 0.45554149629973484 0.4192295160479389 0.41285959502657693 0.35912637057092306 0.2914760508808161 0.2731111169488388 0.2878818824059892 0.2774925782834364 0.24080572861689659 0.25145230629082427 0.25472795846161117 0.23314706600334903 0.297714857993263 0.3039033173127297 0.2983132148276969 0.32027463314577004 0.35181481320392 0.33813164333082535
0.3614191733755794 0.3086024366843154 0.35053032494333425 0.32968743215007984 0.3836024332389582 0.406252649682005 0.46533703581212577 0.552369409935903 0.5746519887051993 0.5824985250470605 0.5674661967756188 0.5711843745306068 0.6056013498745034 0.6392724720951323 0.6390926962920556 0.5487631037697289 0.56476906078736 0.5563882083991958 0.5494240722239617 0.5668235493244157 0.5275355703119564 0.508473647247042 0.5158308979082673 0.5744871755055841 0.5802796935145217 0.5432537806068101 0.4496262896033928 0.41306778351089113 0.36689466693414724 0.2864472021884697 0.3114038091376803 0.3220096159608738 0.2811919282899293 0.2550443649786854 0.22064042926008715 0.24441059521038838 0.28738492052800496 0.325422658246747 0.310568796745803 0.32476033095614243 0.33771093070224295 0.3659378552155507 0.3149271879168181
0.33001727469101927 0.3175099332252259 0.3311983382535908 0.37859794319462414 0.39715401510953935 0.40302557916345283 0.4817717287025456 0.5400891407940765 0.5453954078675606 0.5590919961614025 0.5963442792599317 0.5961688227427162 0.5980360241479169 0.6364346493697292 0.664341164452133 0.6318462770461477 0.6334163044331773 0.5895000136543919 0.6067917727546115 0.5679850894931876 0.5653493294945698 0.5566584130583757 0.6004624279684893 0.6110249419678684 0.5932761350683257 0.5618142866208692 0.5060406140437801 0.4518851992735295 0.40103187985954686 0.33193723152123794 0.3426467420568408 0.30011816652701984 0.3004562036749201 0.24588878951514784 0.2540328493509404 0.2797438382240545 0.3197796630176755 0.31836341896211645 0.3347753812023234 0.3447003583630853 0.2913028473188015 0.28563807401979774 0.27864683725507605
0.3348330199563273 0.3461369606305137 0.37869582073416663 0.3506349998813169 0.42082385316559656 0.40591908709079355 0.47189865789684915 0.5666363252229473 0.5422907545385108 0.568365003488337 0.567906926307043 0.5896421563478951 0.5953979839557063 0.6592996545805997 0.6905498695488719 0.690586493316907 0.6795340119865336 0.6534299425423141 0.6365454503017729 0.6412663994908693 0.5856650228280809 0.6036423244773597 0.6284582471440258 0.6074482337686922 0.5596461955126741 0.5599897393043233 0.5525916728208438 0.508595415504593 0.4651225943053798 0.3866181433983459 0.3825950537346848 0.33649120129884147 0.2830679442039328 0.29164322546058913 0.31637506335050164 0.2871506295243839 0.3336077831125188 0.3416758122413576 0.35310704191054587 0.3020068377330182 0.2784282566722023 0.2562457138680469 0.30056544324288115
0.3709073265544565 0.37975612019538485 0.3774034368270257 0.3945999978203845 0.4345504447066553 0.4441517568370385 0.521490874405473 0.5329751527602026 0.564857026732507 0.6076998124633678 0.6103792249402595 0.6154361832925507 0.6339058957656821 0.6501161955012613 0.7021516264338927 0.6694726294714745 0.6806255540732523 0.6952331074134157 0.6822721479806416 0.6474573409934699 0.6250309031780217 0.6096220319580113 0.6161451627360972 0.5807856181498652 0.5954271318783749 0.5795302504507598 0.5591498793007896 0.5131591163351529 0.4514233652828256 0.4327627841620301 0.40167393320714617 0.33890295631347517 0.29629453822736035 0.3152150417782421 0.3064615310094493 0.31450940204465466 0.287198356356449 0.3427069618377196 0.35706698785510327 0.321978799619487 0.2610536905244718 0.22838830053190912 0.2576986151109957
0.3675794093656447 0.3730583509731189 0.38795165111458435 0.46130387028317554 0.480259744827306 0.50774501327782 0.5063700952871188 0.5739555112526568 0.5440118199643615 0.5888355470737382 0.615196073104339 0.6685006565769707 0.6716003346703345 0.722215350580359 0.6876786621739326 0.7070955653836687 0.7065959201582602 0.7242649388806012 0.7137017454353359 0.6389119940224635 0.6627508621389251 0.6386112956855479 0.6226750684842319 0.6042502333289563 0.5719653431000501 0.5910069067880569 0.5126399042790631 0.48458509874227584 0.44533994556260037 0.412383947106906 0.41899531636970383 0.3456946996471056 0.3212749183003002 0.3024030109777664 0.31277555163451654 0.26631454858885534 0.32300983732580507 0.3565005549231284 0.3139094621041365 0.3093907109189118 0.2580355162101796 0.25291874471442255 0.3053047282421417
0.370071694155603 0.37243873194269356 0.4391980007168218 0.4722265518378535 0.4911570945314423 0.4898722350490221 0.5413973484548662 0.5508094636242811 0.5676606989167965 0.5761210812039039 0.6138457006462276 0.6498027143494135 0.6586594989773324 0.6780524146641322 0.7058941523555377 0.724887419902525 0.6959011847858005 0.7344208039663835 0.7034177001185596 0.6524781611012604 0.626955211365242 0.5940542861257395 0.5927719534254753 0.6072932321482876 0.573727552345174 0.5380012166400542 0.49156675124690286 0.47898368775116973 0.42572159928215086 0.4214924452086649 0.390152532328013 0.32894009182158407 0.3421603885787887 0.3130037762089318 0.29664222601698803 0.28146070822395336 0.3531019792788237 0.3481354701925802 0.3150725009429766 0.27253103969221876 0.2789530233378943 0.3039327563234039 0.2816296480808482
0.3872352644453285 0.4189306910967546 0.4462253246368256 0.48563591148162816 0.5142271883514049 0.48096558826641844 0.5212667731253394 0.5414132122022287 0.5756948175213299 0.6262057734580369 0.6643659898928973 0.6359450937469762 0.6758503559320272 0.6758290740686864 0.6873542410344653 0.7413313027034346 0.6891643540076635 0.7002108425805412 0.6761795771191528 0.6273383205746286 0.6134024931173121 0.6092506514212824 0.6009476809633999 0.6299974491719037 0.5664722564926963 0.5595446240776746 0.519240547574732 0.42864010059484053 0.39928098723406197 0.3375137555333282 0.32361125095328674 0.3468605045133177 0.31754963073117404 0.31394099691324573 0.3456115354757822 0.32305884527216244 0.3604447986013298 0.38660359168334485 0.3360012667643633 0.3035737957925871 0.2879431292055885 0.3219061719565424 0.303563468391977
0.3621117172091545 0.4271627068791715 0.42350940872890475 0.46254272726458356 0.48225023630055847 0.5196479417372348 0.5368501983188557 0.5365781899985658 0.5853728048034835 0.6600959610736938 0.6612624477799082 0.6672630470503733 0.7089397999367428 0.6910461138492402 0.7102764739219163 0.7328293661816289 0.7144895274935638 0.7014022014200627 0.6823063814011842 0.622253397339159 0.5916035673841346 0.602651356701026 0.5794178434860277 0.603014269567564 0.5576819468075319 0.540073177341055 0.4882952330622271 0.4110070346445785 0.3585595067158459 0.32248537391456983 0.31273019930833745 0.2788313083931451 0.2897043864557581 0.28906857884492204 0.3296156868803854 0.3784329060422091 0.3703796313941897 0.3685559952423424 0.38541885509346363 0.3241395921226135 0.3178085958231091 0.2897277024770768 0.332904781569969
0.40864372517697334 0.3945538773025734 0.4694853385161811 0.5177266187224538 0.5528125641361472 0.5663726764818693 0.5452494281802663 0.5964657145132625 0.6118329998961639 0.6912427146511982 0.6776813268946568 0.7145114745506682 0.6866191001497038 0.7333469571151202 0.7228014930515784 0.7668668640965661 0.7414466052205602 0.7132872717866902 0.6527218581231428 0.6100998174808512 0.6188640238721158 0.6026483127667395 0.5972866082818719 0.5904652893377281 0.5210214479216833 0.4992321142689921 0.4481060389010882 0.375759519874234 0.36239077231595407 0.34497886874008876 0.3224669961671222 0.28796368342084594 0.3042140560636916 0.2734140858954919 0.33720015678408033 0.40149821577942724 0.42764535521053565 0.385115904992916 0.3848725058136792 0.345052449054015 0.3185729958301977 0.30792217095576546 0.3513327503936157
0.4105351393131056 0.4519441570306322 0.5068514898377248 0.5120472623794592 0.5803860568220759 0.5645067018767711 0.5811551623538933 0.585698255886306 0.6531302669356974 0.6549151611261042 0.6635365685572372 0.6518330538727728 0.6811515082280726 0.7225885641336218 0.7220891307889166 0.7347136501816894 0.721716819675691 0.7005506042700036 0.6486828625542846 0.6211154303265093 0.5911582266105271 0.5946158505056243 0.619639630272349 0.5790977470367942 0.5119425435497847 0.4734010168922739 0.45792223200215143 0.3970946552154666 0.37334061769437793 0.33872503241246016 0.3359726706131501 0.3373450344733746 0.32181480662459255 0.3497132509347679 0.398266420327815 0.4037486148816834 0.4395606736327632 0.43875691782066384 0.38639967233265726 0.33258138936863074 0.3354843907755172 0.3467124438920287 0.3459141883800861
0.4029062531776035 0.4568591560170035 0.4862553902362282 0.5393595252926028 0.5852475972036074 0.5973792803824635 0.6275410198762259 0.6331074899177163 0.6526508921639623 0.6175007951850319 0.6342067408820493 0.6407357820631979 0.6448339114311638 0.6773100502227765 0.7093183813730827 0.6773407999205004 0.7424623588655603 0.7257846156391711 0.6352080575064509 0.600872200010688 0.6241090139846983 0.6331258349347363 0.6160351304416841 0.5720095575622222 0.5248699789010867 0.4735769249292628 0.43260390014822603 0.39566553149088707 0.40875618777912875 0.35819675335019624 0.3651581740322673 0.3389950964153035 0.32459926645550014 0.38558381892727567 0.438336381195114 0.41483925216781925 0.4560751279197124 0.4537657328426163 0.4258452135195647 0.3485723731434925 0.31600819448102035 0.298773829644511 0.30057394270081206
0.3951465872712296 0.41284721936115953 0.4632891702991309 0.4966707679996266 0.5445744813556483 0.58357009560947 0.5790564000775087 0.6181505399588133 0.5920076724573241 0.598863100380453 0.651799729028154 0.6280273142301004 0.635860616297615 0.6351223209144228 0.6443634427826681 0.646597929894616 0.7209168074822154 0.7120862980930104 0.6887244929009857 0.6599083389496322 0.6007463022236846 0.5778210632595884 0.5999071351530455 0.5929642571895137 0.550434514920498 0.49658256359148106 0.465405199158556 0.45846085817158083 0.4138994499236177 0.4048883195963695 0.38706471135503523 0.3470154582000343 0.3713514904944034 0.43828918864377797 0.4450492852044781 0.448538479823968 0.4128040292669988 0.44745390498389565 0.4486089852238954 0.40472287841864657 0.3666853760393977 0.3442233040940849 0.33194328764010594
0.39243431515357063 0.4548299752332479 0.44942249942533397 0.503053232692292 0.5091298130024878 0.5336351786745178 0.5645309577919648 0.5689569333736711 0.5709223405269139 0.5984573924237374 0.634433311894021 0.6520195393979927 0.6684966006944637 0.6577362954407927 0.6674128376242836 0.6617685917299468 0.6653727889528986 0.7137597369605778 0.643193483828298 0.6642481868410249 0.6094097756589184 0.5759517608959471 0.5843051821663203 0.5754798008948666 0.5455918627613247 0.5362996684143279 0.49301478800243037 0.5035143095671455 0.45186057497895515 0.3965985848298162 0.3819054606258763 0.3785226343776404 0.3806472498396082 0.4724709953648717 0.45695435556736963 0.43139921107223195 0.46470006804768854 0.4592018626567561 0.41563450715014466 0.44498757358521546 0.41274069161295257 0.37164980902737543 0.3904019256226297
0.41368230890797825 0.44150564684314964 0.47001888970891503 0.4836392417661137 0.5153630337748691 0.5340116807504808 0.5527198593354634 0.5608682795076954 0.5927016444708658 0.5634787686972321 0.6090161736745844 0.6519584932240126 0.6786968936774417 0.6665596340393096 0.6758270851886427 0.7064322144059503 0.6639761101402535 0.6879828068309696 0.6305922396588476 0.6370731897786136 0.629699756106141 0.6264276723893909 0.5741323757623942 0.5932046545221448 0.5592913508527806 0.5576016805379969 0.5394378753077145 0.4724663367088762 0.4308523689107614 0.4206558340661815 0.41842345045969487 0.38982054906578345 0.379578259393231 0.43949296228586465 0.4490422750450538 0.42821677385216267 0.44482239782760435 0.44106732818152444 0.4234404939657865 0.41851844501068475 0.4298768454071596 0.411949933614085 0.37629782774334597
