Raster_benchmarking/DGGS/continuous/raster-323.asc
NCOLS 100
NROWS 100
XLLCORNER 1743157.977587222
YLLCORNER 5469282.319370215
CELLSIZE 10
NODATA_VALUE -9999
[rows 57 to 75 of 100, columns 0 to 42 of 100]
0.5646865210465408 0.5493289190086935 0.5642688354101116 0.5758818727966258 0.6410812865788073 0.6710146109845652 0.6380584725079929 0.6782953611405438 0.6763568883235163 0.7162823108069026 0.6800476849742478 0.6593395227285983 0.6770897186554536 0.6707188961129105 0.6700084748775278 0.6704061782032446 0.6629569585954399 0.6900349388119482 0.634373316904873 0.6183213589612042 0.6025288666980977 0.6015014013966944 0.6151620597562598 0.599815655008241 0.609404141459934 0.5775541191981867 0.5836358532135342 0.6319539058859053 0.6471806108934918 0.6477568874155328 0.5924477794495591 0.5949219305744582 0.5641863462941362 0.5209002308858872 0.4995082474219163 0.5289888923866203 0.5257761012461177 0.5534683805214197 0.5500346271922101 0.569106861052183 0.6011254936089672 0.5983493174417285 0.569907682579694
0.5437640010630009 0.5543132439960622 0.5453917569274243 0.5648252296378157 0.6094933942060033 0.6666493029912343 0.6959884091487907 0.6955271730121824 0.6840929795850244 0.7216737965576838 0.734219486085863 0.7047087442702515 0.696864944117445 0.6896503105493006 0.7075346297158205 0.7330186287252349 0.7231686658665667 0.6938616975514251 0.6478624800365282 0.6099964150850069 0.5753014440151596 0.5659836422228562 0.5638335049792289 0.5231701992032192 0.5481454418920648 0.5916033716816036 0.6070886727658136 0.6399318842250351 0.646549016536276 0.5908474974827015 0.5616919023473691 0.5754752231052491 0.5969586660845134 0.5734095877649342 0.548146488352659 0.49810504500593905 0.4937254639737193 0.4923715151315386 0.5569220575073326 0.5322006576070188 0.5406183899210938 0.5588609074569394 0.5732684903210955
0.5430765727437935 0.5777385877069853 0.5619053315771355 0.5921025935008778 0.6279179049915605 0.6550215302895737 0.6716591134589313 0.6508491393638414 0.6969770535666456 0.6800121279389459 0.7109910943347213 0.7208395822124618 0.7427670927684701 0.7063711406204727 0.7318612895446507 0.7328193000445967 0.712683680313514 0.707227848260236 0.6779303584059886 0.6182765709543087 0.5949217055672588 0.562885930796042 0.5657857406683443 0.5317308702432487 0.5467466517806334 0.5471167607654994 0.6147321023228887 0.6124490112840467 0.634525647442014 0.6207258647090348 0.5751511446062737 0.5848614157647635 0.5795145880503951 0.5874422790676718 0.5402848433329045 0.5117727714089276 0.5253162852992419 0.553154776026227 0.544726360772028 0.5748929942605292 0.5886563484721483 0.5680861798391791 0.5692719411096473
0.5297469532752128 0.5474399505303258 0.5887236609647314 0.6194780983034003 0.6190933930435181 0.642188704118983 0.6251572001551416 0.6280253669861017 0.6626066859670335 0.7023634003573787 0.6971795180058751 0.7055537926495908 0.7204180375274881 0.7586849874311634 0.721259761091098 0.7115007722625691 0.7310935818708233 0.701644073502199 0.6584826071540621 0.6614589114328355 0.6361872403555013 0.5961553803292035 0.5873603595183008 0.5659859284347151 0.5627729412497683 0.5275739765188934 0.5865031511041072 0.6086752167277352 0.5775522406530444 0.5798526604354944 0.568627981212946 0.5431086107571778 0.5471523829150773 0.5962125406681097 0.5734042193696323 0.5141275533490686 0.5404529406689347 0.5513525812239598 0.5770416279070256 0.613479693170074 0.6138486302398141 0.6134385960111742 0.6189004890615062
0.5281628086727601 0.5482728908953324 0.5694967553813014 0.5682635144909555 0.6302794967183641 0.6297957412885398 0.6096936436836081 0.6684669842877665 0.6757455374741259 0.6976049701228146 0.6968116100764477 0.6788709127217658 0.7304498119911275 0.7454593889309789 0.7006426936496835 0.7317598767541038 0.7222694007178417 0.6885785370402357 0.6858298853904713 0.637196868342338 0.6409418330743935 0.6132371216836259 0.581128414727096 0.5531084669196431 0.5213867585924323 0.5309068875114565 0.5313889094907216 0.5513684022638402 0.5712098762958921 0.5609427800671054 0.5623375909064731 0.5787175799864328 0.542148027450306 0.5646674157079 0.5781369586555515 0.5627065535163029 0.5704582444588939 0.5619128656215646 0.589317167025854 0.6015422216353686 0.6196766015567857 0.6271203349774302 0.627168849703727
0.49219616899163704 0.4831951988921006 0.5177534527432023 0.5665560770291086 0.5835661679049805 0.6015133352263982 0.6041739245102065 0.6671578152900365 0.6524414759643656 0.6965153801955624 0.6776202773724099 0.6838400831055075 0.6884084039144789 0.7093786896129495 0.6883197153480237 0.729968213538811 0.6720318886158646 0.6938784978482484 0.6426836464600445 0.6235016134285553 0.608961492909235 0.6053989605488471 0.5862148099404366 0.5414114336863287 0.5294252282374575 0.4853046100175251 0.5156948791846984 0.5412753596399217 0.5676122920170591 0.5231652092999863 0.5408072489732249 0.5803195750001013 0.532789675197795 0.5458119489158834 0.5344626099107985 0.5589693960635125 0.5759760615918806 0.5679012051275366 0.5811505172245224 0.6199064672549305 0.5967844261017303 0.6173597597749646 0.5974738607776537
0.5155743778245319 0.5033537127044696 0.5129885812572945 0.52678374633683 0.5194609713327377 0.5787101428609713 0.604619632813509 0.6065541507251935 0.6318908112948017 0.6346167295632239 0.6444803488006681 0.6626028884347164 0.6642972566238834 0.6706372549307714 0.6460873935615172 0.6529908367215923 0.6594734111684925 0.6588434762502077 0.6545918833841008 0.5762820356525337 0.5799246545373734 0.5907194457354841 0.5907650242312813 0.5406442157183389 0.5200823085863767 0.480279398986704 0.4849668777495539 0.5165540193838289 0.5473001047045807 0.5686239077190542 0.5895181144865288 0.5688368836896 0.5787488955578468 0.5780358639715817 0.5453698096738464 0.5414093323718553 0.5575914089364623 0.5632621558874488 0.5462076160442891 0.5779950580690063 0.5840362976376271 0.5866425892499152 0.5846811681519439
0.484050353825837 0.5047311825822962 0.5031203204992418 0.5015468071598383 0.5066589062500038 0.5197367532822276 0.5110193887139356 0.5111654800157742 0.5645682581020155 0.5606927433139549 0.6162183106345274 0.5792110077900917 0.5909743761226239 0.5922445442117023 0.6236927363381064 0.615897184035084 0.6259140979736185 0.6249062308202016 0.613968636765129 0.5603849639514402 0.5487770817513286 0.5907696819742168 0.5855360837290216 0.5700260093740557 0.5461771803291048 0.4994396115923293 0.5096446729305001 0.4990449704077471 0.5110144400698711 0.5809505423415181 0.5698537017165917 0.5775507272605744 0.5514796574501628 0.5906811260750181 0.5501079503264209 0.5775007684245725 0.5553680042034154 0.5378111548287096 0.5198585800657561 0.5307511380966371 0.5587360683090038 0.5486721571582939 0.5075220482594437
0.48457850459315877 0.44773954580775494 0.46479865107492974 0.482669808145819 0.4844990259898865 0.5018046931899288 0.4903306673206066 0.5035656997051867 0.4885901577100818 0.5260544085318908 0.5669088231716646 0.5858945648054655 0.5459686395068585 0.5895871928741576 0.5883262401333732 0.6108989217263179 0.5846160174751556 0.5691259835308344 0.5465961577801479 0.5618839930753714 0.5832014239572496 0.5691390896561911 0.5769020321750417 0.5489521099954585 0.5714581778303213 0.5683624863609765 0.5479399593243685 0.5040661284933636 0.5254314960898301 0.5426257228686924 0.5832977316607703 0.5593328569988187 0.5476320990262813 0.5457710659740249 0.5972778589428656 0.5737909703885006 0.5844313660935114 0.5673452578359713 0.5412415986999932 0.5521695338445848 0.537695963472293 0.5322862885052154 0.49024270889917315
0.45736429453820476 0.4467958127749396 0.4400099155851987 0.4403138265848677 0.5051281342025421 0.5246601657755051 0.49700564237373324 0.4829710005222496 0.4822630044826828 0.5087603195946285 0.5172323576696741 0.535405465659135 0.5686588792827865 0.567360274278796 0.5753446936385007 0.5730904797130502 0.5732353992410422 0.5151859998086965 0.5035736830914189 0.5108567497459265 0.5285866932325455 0.5534410030459195 0.5470049791045697 0.5540212604009576 0.5703851826238527 0.5570175681917992 0.5584549883732052 0.5191302862619104 0.5477718822656064 0.5197801945949022 0.5623411613482928 0.6159100969612886 0.5841752756797701 0.5253761964670953 0.5612335697700862 0.5874073151666843 0.5537234843225475 0.5568153233989317 0.5283328284676693 0.5428764349749581 0.4859397760004771 0.49187090422549085 0.46025081405619017
0.5077328294823537 0.47739351262277185 0.4816981652303208 0.44844291913883155 0.4874278909940849 0.5124962460512438 0.5173343718452067 0.5162144449399674 0.5257238267435922 0.5178785778493424 0.5203471405963239 0.5130510405522022 0.541532147440298 0.530503119210413 0.5790668938188306 0.5338994720307001 0.5572069264156574 0.5399857047406591 0.555581747320031 0.5412630381456848 0.5717795226573176 0.5391101153531027 0.5659652469310547 0.5849708274557656 0.5736147927115065 0.5686623555299319 0.5613589015177245 0.5502315476996598 0.5354509494224582 0.5284683656735635 0.5344152580222186 0.5872049391719103 0.546648746751986 0.5335433074014597 0.5033166222201936 0.5416460638372087 0.5663212243831464 0.5076560577751922 0.5039894214531249 0.4692140173988694 0.48319441781099826 0.4666531448064551 0.4823498453168074
0.5535012430993027 0.5209219306402608 0.5148933042732442 0.45954338074339784 0.5009465688034757 0.5324604852655122 0.49386005438616176 0.5226079102699354 0.5022661754135217 0.48326560842642013 0.48701116799432587 0.5537511396019472 0.5346884289089008 0.552713756174393 0.5661551376662011 0.520650302117203 0.5439872731784795 0.5160170514689735 0.5249914942773559 0.5733057384533105 0.5809426335296977 0.558026983625541 0.5416597519541081 0.5572684518106942 0.5750047277228676 0.5453975858003607 0.5137636390939098 0.5513706251883909 0.5128552769281369 0.5294088203146176 0.5439413694693143 0.581911584785164 0.5065362094544683 0.500244050400257 0.480123316420479 0.5056599025285432 0.5451023330615145 0.5025461402799853 0.4469989491221577 0.431972265579234 0.4616294176439151 0.43095383618863153 0.42690684325936873
0.5270476779839532 0.5136304305641611 0.4829061837413484 0.49812856946539524 0.48251680772115685 0.4959749596219442 0.5100784400388801 0.4936931241908633 0.5182524063857751 0.5176672180603229 0.505041423835198 0.4886064912102469 0.5026782162979491 0.5229435256602496 0.49581053435080386 0.5103038146167291 0.5451732187478264 0.5132338957148467 0.5490722638021511 0.5351749647117813 0.5620720758541937 0.5620789044350427 0.5438272614543234 0.5114845953785692 0.5177789546048397 0.5084602476195206 0.5152519198774593 0.521501006343847 0.5053694228586296 0.5066974188468442 0.5246629388610263 0.5460667123065119 0.5168708303866248 0.4628874098385769 0.4514884880866395 0.5001322457933723 0.5205382723817957 0.5040537107849669 0.4490324472794283 0.39212842933305786 0.41013157922864774 0.41309754629336737 0.37328529942876826
0.5045587472571075 0.46231002914015235 0.4996642536947282 0.5226139970248578 0.47880791464711897 0.4907052645390188 0.5234643325103803 0.5329899409840014 0.5287946980236932 0.4861317121596162 0.4773586206890019 0.49645272209236696 0.4861352545526546 0.4600362408984192 0.47153392785012027 0.5066789386572036 0.5366390737295501 0.5383663088886891 0.5458079358880418 0.5197590369252563 0.5410923105892118 0.5477387544393111 0.5176875172228482 0.4711992668849967 0.5258001213689508 0.5066461653290165 0.523825396745463 0.5421585205438445 0.491082123698705 0.4859172031573254 0.4695347623598589 0.48184664114875403 0.4902847788567052 0.4347222323137186 0.422601233890613 0.4762099068047862 0.493203323605835 0.48185673368153237 0.4380291645054088 0.37619628696437907 0.3475816875405417 0.3517730352411557 0.3187697409527551
0.4857151949935366 0.5103787254126368 0.5217271601574767 0.5329971310112707 0.5387235390567398 0.5207094924902906 0.4863088788183305 0.4835909441457321 0.5143624868577392 0.49293249173100434 0.499482054151523 0.520174736177616 0.5111833093336986 0.49803906194010955 0.4710544621547923 0.48034821530296085 0.49598040212769545 0.5090162466195366 0.528622740130566 0.5398468249769073 0.5521993604332851 0.5462373090496839 0.5234099965429132 0.4958746571102232 0.5014911644748002 0.5127477725892219 0.541172600742397 0.5375716333090425 0.5390200337567412 0.5335980853004917 0.481672954391115 0.487440036471737 0.4587490739540386 0.44049421134397354 0.4451545314056943 0.4532074517233091 0.48015167430757905 0.4259429787378617 0.3979561027373405 0.3675841681164357 0.33560542950863925 0.32884122975294033 0.32293411873919003
0.45679701083507074 0.4665198954026269 0.5172271773814259 0.5163313898923544 0.5316821043821667 0.5278633978686025 0.4924879845245649 0.4594539698826124 0.48183468529490225 0.48433215169419563 0.46624695566790275 0.49191069740595555 0.5091856458780054 0.48246587179867045 0.5025445812681234 0.46790799887701906 0.4733082008438621 0.5173777233282668 0.5520969522621922 0.5556773398232895 0.5694738897330942 0.5595177207973556 0.5289516768009103 0.5418832248633558 0.49749345364236264 0.4901225083771535 0.559648702850282 0.5748000257498241 0.5671779288206918 0.5350554738874455 0.5201275078540157 0.5210935719708566 0.44462443306926813 0.4365542877791494 0.45171720319997044 0.500623814503155 0.49199653775301516 0.45776144963657484 0.4067404563548801 0.3827953081876333 0.32128432954974095 0.34099551048691323 0.3104249492593027
0.5000515865065955 0.4810890514597361 0.47181915369680805 0.5003073086403721 0.49072135817423895 0.4928734290950261 0.441427431159729 0.4341152063527516 0.479727582432314 0.4798256996414499 0.49056980364147734 0.48247281280951937 0.477482082708179 0.4780635970449152 0.4713450577792443 0.49595440383159617 0.5222465571077513 0.5448441829702895 0.5003868950458351 0.5445575115382919 0.5444397273557423 0.5279622590258821 0.5242147933127344 0.5809723178661439 0.5617613989961816 0.5136474812783131 0.5254162314672894 0.5625644365506859 0.5237923999453912 0.4959873822705562 0.49939012316822146 0.5052229457265951 0.45601957214220523 0.4562554034814784 0.480207396717145 0.48777424688250565 0.4282903888974799 0.4264311544036571 0.37891657600341083 0.3854534649681253 0.3396814057966578 0.35170628216722155 0.34181443615921886
0.5262675085466914 0.48045493975760395 0.46980943718306767 0.5020532048400327 0.5119177406288593 0.438266710571369 0.413781150509088 0.4046887691278209 0.48345781179436775 0.47987728265833174 0.4827632357009617 0.5356513991676805 0.5252011765260726 0.5050969502683241 0.4848497589102633 0.545525604238878 0.5239444935567688 0.5245651770544625 0.47238790032686023 0.48314157836422483 0.5034334463357287 0.5031696773543041 0.5449388423897896 0.5939271149150005 0.5680540083773331 0.5531023838768935 0.5319473366936817 0.5293294458240079 0.5318267789179367 0.5043675372410226 0.48879597178301987 0.446724241790281 0.4603740613919266 0.46442198156923886 0.46625655057952853 0.4622119015562731 0.4335892998465458 0.37175819900431106 0.37401769695429665 0.3913062411592269 0.36983467607184767 0.3562654508949367 0.3559213955667173
0.5210040133326685 0.5429491405901568 0.5126247593138986 0.4972182131138371 0.5046770731016941 0.42721031802486514 0.4154098107938856 0.4386383487253205 0.4771732514037283 0.49189740888797945 0.5170627503483419 0.5448173918505356 0.5273854269222871 0.4920705085401365 0.49786682921741265 0.5065892953898796 0.5035871580373744 0.5009663553219009 0.4689445505543311 0.46847719733310816 0.4476853766305795 0.4933688054646048 0.5459962985522944 0.5425144200099647 0.5205249294233589 0.4914076452732496 0.5056336046171522 0.5190816038274378 0.48305963707648547 0.4654030147630731 0.4307128239754558 0.4015370780383522 0.4072612798346529 0.4250080348132364 0.4323204051277575 0.3926827683133516 0.3787495871867602 0.3655429877639311 0.36885188871441704 0.39554367359521003 0.40332432062951334 0.39767026193247723 0.3532105144320768
