Raster_benchmarking/DGGS/continuous/raster-30.asc
NCOLS 100
NROWS 100
XLLCORNER 1743165.2864787534
YLLCORNER 5469291.559843219
CELLSIZE 10
NODATA_VALUE -9999
[rows 76 to 94 of 100, columns 0 to 42 of 100]
0.6216399637666974 0.6351746439899763 0.6734156038530789 0.6324009685253321 0.6338871699494536 0.624790941051255 0.6240073196936454 0.6255235944015349 0.6045974170167944 0.5399750974124282 0.5047287025498886 0.555910911417711 0.568244163637926 0.5508400908416352 0.5804678924872704 0.5348034331789364 0.5705498833270283 0.5396804444792394 0.5258444960407038 0.5271995643018315 0.47746278325415 0.48150212710576773 0.5314740940960024 0.5445271768063431 0.49059241156910294 0.4811430561281377 0.5304604079134302 0.509449670161889 0.4720680839178162 0.46658492779147137 0.49336705809585657 0.5145239419704466 0.5088153428366999 0.49836072090986966 0.49226999512808944 0.4652025975157295 0.45776205790932095 0.5133634146738729 0.5517904635246916 0.4738856998380372 0.45595516750790693 0.4671788753084063 0.45806090929393506
0.6041127044950082 0.6491097187358084 0.6316095298718831 0.6420062092758376 0.620117825616611 0.6126294094397805 0.5743605069677703 0.5949876570368237 0.539677237518858 0.5209597720600184 0.5277986675111975 0.49910033558527667 0.5378756246649848 0.5247935701376563 0.5165485115565495 0.49185885825798453 0.4783959935033556 0.5189258578220105 0.4754399463530052 0.48697103634194655 0.5041108923624976 0.4741386208932406 0.5194346590565434 0.5289356629918643 0.4881869525257065 0.5013955129093487 0.4954796020733157 0.5164945798563755 0.48044356684698425 0.4964195219272825 0.4543080488797157 0.45705965076631583 0.4867802988020171 0.47423472007825757 0.44860708703724383 0.4436224939740346 0.43450949853633847 0.4860493165394462 0.47927620976530844 0.4813120194489131 0.4592155852153709 0.4402784197012726 0.4194030241525252
0.6164935606230051 0.605437048122729 0.6237504480502315 0.5673099925337302 0.5607670526885324 0.5254879852858406 0.5096904428099098 0.5631126515765539 0.5320501563182178 0.4846296918872968 0.5384779767129766 0.4768253465363797 0.4923983972384664 0.5104382443359197 0.4611481413379168 0.4400167676144158 0.44559642147442746 0.422681021151547 0.44592497441812007 0.4875293497659215 0.4776995994399076 0.49852333479956223 0.4675809280544188 0.5098013875265364 0.5422031091492054 0.511974372555736 0.5221671549524686 0.474881470498855 0.4764164739275472 0.47022087873859114 0.48959958998106545 0.4409909023100468 0.3918624760346868 0.431190772631935 0.4082063439304274 0.3970292576287972 0.4455883608897988 0.463018490226008 0.5276458150960228 0.48152803860387045 0.489497044336879 0.4588859251364087 0.4897345821256943
0.5949358606271249 0.5861257295607758 0.6031728913686002 0.5394492648139065 0.5344211978536242 0.47829632463680627 0.48709221408862297 0.5095544844628815 0.5388138967574714 0.48310226892236907 0.510330778457147 0.5065498552882126 0.4570441302407888 0.46361957226537237 0.48867263401034144 0.43303905754584815 0.4185664205441522 0.41471269952320244 0.43792578614511707 0.40717832940669435 0.41500970802960746 0.43918995529582305 0.4027847299561083 0.45876186887718357 0.4763021304532689 0.4823727634829093 0.5394942689168658 0.5154429126765644 0.5070173807638132 0.4709958283507913 0.42375109328503074 0.44969713916276627 0.4073264054901623 0.4233608814044643 0.41475157975649957 0.4165950599664095 0.45937760226143093 0.5043273150790861 0.5325106840859074 0.5155928054851063 0.4462213987019797 0.4360298162977405 0.4387762428564339
0.5838651072038992 0.5584229144984794 0.5531191253574048 0.5086139629606292 0.47318691448711925 0.48538469111413024 0.4566403076328028 0.49886470888379697 0.4993202421240444 0.47661322052127103 0.47643625031888304 0.4503214109210502 0.4040190157856252 0.4053316035148967 0.46600952633278114 0.4428837852056851 0.41667644717333996 0.41739565757854047 0.37746586190214704 0.42043147948864623 0.42748024379171473 0.4120034837875881 0.35138117783950157 0.39963101413304053 0.4553630390936204 0.4664766866798279 0.544710563699965 0.4882022217234864 0.4657316973188152 0.4770121630975875 0.4111992449606885 0.3725745467280082 0.3709721778104838 0.4178320586221396 0.3934460817156834 0.38917757496508126 0.4488462364922186 0.48423912539694436 0.4999645438122795 0.4982307178857524 0.425046705373013 0.3877083288977224 0.40552521474290687
0.5842176123167199 0.532217617026345 0.5305838476268596 0.5310258175011311 0.47858219785798506 0.4360272144108693 0.4675461922937256 0.46636332772704014 0.4609941959869738 0.4871654249394941 0.45526615274793997 0.45165513496901816 0.42654414680858715 0.38483909876952166 0.41949008959979817 0.38634248888869605 0.3543092078933355 0.3644647889552084 0.3118667256611627 0.3365140730972114 0.39363349336638387 0.3825589406775227 0.3386543452090209 0.40747497306724195 0.45659199204009676 0.48310698221721654 0.4425689126945109 0.4406189861954508 0.46187470864477176 0.4435538978563617 0.4199040147353075 0.38464427888256564 0.4003156018486553 0.37529126119833 0.3849737786067463 0.35744132303111203 0.43509112567948444 0.4498606721050378 0.46702542400754304 0.4336779587845798 0.4062955316673231 0.3889617819045642 0.43864327636765293
0.6012268828125025 0.5663037784901873 0.5204525985730718 0.49705619780490773 0.4536705345611134 0.43197711147325113 0.44581642059518134 0.45754665909504294 0.49544682838460136 0.48353887069986656 0.4764438747009389 0.4701921603354713 0.398797354359959 0.3512425702456561 0.35281075170168835 0.3834437631289855 0.3649383491600195 0.3471391577830655 0.3005577187949441 0.300032839953673 0.3088767036187768 0.3369405566815159 0.31322212862389404 0.4120234827071455 0.4333988850510722 0.4510185052033317 0.41281399297435073 0.4225676477638668 0.3718544041953197 0.3925899964066455 0.44037378249157244 0.39783171301821363 0.37456729593920474 0.36693523585530413 0.3476186320297716 0.34548269385894664 0.36062909431860146 0.35661486448338564 0.3602950901742696 0.3396713995472894 0.38038628185350376 0.3930559961247623 0.4346610224591852
0.5789364244031846 0.5240037039213287 0.492267581525596 0.44358224658554996 0.41646010742051914 0.43114135963865635 0.4761690787442422 0.4892313743671933 0.4702584347114875 0.46583653319935925 0.46522236753312946 0.45260807955344573 0.406005648477858 0.37534061726981904 0.38766400135456286 0.37433742877570786 0.3610454618754513 0.29500891732594786 0.322773970384223 0.3137063445959337 0.32780316790302594 0.29406337787217673 0.3532746138803045 0.38052757470920934 0.3741845786580051 0.3873991828687905 0.37080393640591686 0.36082425444986493 0.35738695662798553 0.37939829414920134 0.40020162857813885 0.42464954589144627 0.4246366974978496 0.3575201530228727 0.34630363744419707 0.3371026272660737 0.33669729080029265 0.328980611362476 0.3437539749820365 0.3189005857110388 0.37454227017449665 0.3531787686613937 0.4091911663389011
0.4865906147310021 0.46603667119235215 0.45889958185065094 0.46535351974712985 0.46998543185076086 0.4518208589299202 0.478050560306824 0.4623293617685449 0.43181717815546167 0.49767694569888327 0.48074729208511824 0.42406175519657857 0.3759222245716886 0.34404640962650784 0.3999253334885138 0.35223993348914573 0.3461773032104205 0.2722274205127418 0.2662477936256281 0.2798701509827962 0.29949404556335574 0.2843503746246508 0.33034399403457065 0.3203160380623704 0.3177716294718951 0.30976606322664424 0.30855005800078866 0.34809229030970923 0.3296759349921669 0.34193974825372203 0.446952995941408 0.4476595487098889 0.430723571082468 0.38172090306679646 0.4089578875272052 0.31987888405168025 0.3262305056170469 0.33817103542179106 0.3188567414907815 0.3496256276316365 0.33277884211620523 0.3423194439781914 0.3458739711600334
0.43585013094034736 0.44642122086399116 0.4393661550814366 0.3988294355594765 0.3975274811165969 0.4288179722628823 0.4327530081402525 0.4698777169197141 0.4499562613164946 0.48377287701881133 0.46034826034006193 0.44970384743594927 0.3889945769909656 0.3602136253055095 0.3888977048668191 0.346162493333125 0.27911545330166665 0.29550575671422274 0.298891726979042 0.24985643570703825 0.29680321032827 0.3127887225659853 0.32929157697712325 0.3304629462396665 0.3081612019929808 0.30069320555066864 0.3451486121469813 0.3172927362745478 0.3150166526266954 0.33567857426945397 0.3538010650505547 0.3601703753162573 0.3954908096342632 0.3622574281161481 0.35922260135299666 0.32736227654834443 0.31720579262854826 0.30855862617355545 0.32786063725783654 0.3239720029085479 0.3031074432414281 0.30680251753884946 0.3775785883121131
0.407852250533275 0.39748199127238365 0.4082976404786979 0.40474087017837 0.3749682612599418 0.4071250369519688 0.4753219676230346 0.43836910392847933 0.4279968457040799 0.47601764072739083 0.476668780563549 0.41449793171418114 0.40383160392992085 0.4106512414893407 0.37673019960524107 0.31822829104795813 0.2571079722747145 0.23543032611739595 0.26794352980812464 0.24539574150536653 0.22049751680769608 0.252917101653649 0.32447159902982414 0.34620947015153736 0.30196931174388264 0.3121444198360261 0.3633500136136598 0.3305502387732528 0.3422347101285671 0.32550272085740156 0.35082073843953643 0.35665739776152056 0.3153809363949773 0.32933420618068965 0.35558620602388696 0.3369359472920879 0.32312142709052627 0.27261411968155647 0.3257834621340175 0.32891076074755554 0.33182132871222314 0.2991051722634793 0.34711408468507154
0.398210276949828 0.3757599051234373 0.36060079098052056 0.37583995692921485 0.37392300176782495 0.4366247923649821 0.466751022378207 0.41159702629434974 0.4460385045765603 0.4578215342657972 0.4364381925780358 0.3932546967245259 0.3884398870682278 0.3899890719337489 0.3313638828252325 0.3055800289643565 0.30574653708034405 0.23749975311707108 0.20482580786076415 0.21418340100271796 0.23372885944674027 0.2706290499366989 0.2541617207003014 0.3065455881355953 0.305016983187348 0.28815849460398296 0.3108512779213519 0.33792213982155117 0.3240270983620312 0.30434846297006274 0.294414516066781 0.3142117979001397 0.30511587368554727 0.2806107064543614 0.28734861584532256 0.27053253067795197 0.29699543855230126 0.2577645464662299 0.23553781216175368 0.2920481319520113 0.3141947242626144 0.3334193456781254 0.30427712933532614
0.3859280395576889 0.3830340773698711 0.3671380304203371 0.3325886744337216 0.37987579203020594 0.3752653844516021 0.4245534386593098 0.3921010166402411 0.4275809446290433 0.372529018023505 0.3753758347020541 0.3781173118186809 0.3577486417494207 0.344336158048982 0.3713937744494028 0.30679077940657556 0.30773442571995097 0.25420225761502485 0.21324024782670295 0.1798656972002623 0.1933861404056868 0.1939718424690409 0.22969050561459964 0.26659020209927714 0.3080034746766812 0.2714796889001127 0.2937547216069426 0.26149309721734587 0.24751408123379676 0.30505230069477607 0.302460254877701 0.3013919660495041 0.30824959457242196 0.22441305975814413 0.19886713389804642 0.26049478542043264 0.2554469616199714 0.20557440762505175 0.1874720099492761 0.26792831226208824 0.23104205559273608 0.2674216619551437 0.2895093775523045
0.39531199585870963 0.36568282122896484 0.34430259341369834 0.3220728775540317 0.3869384028084921 0.3912575113970022 0.4064358523022772 0.365699951687909 0.3631264067454657 0.332854711740514 0.33474111584483923 0.3231817074711403 0.2906970146738332 0.33199583984707304 0.35846247853888347 0.34104747172766436 0.3065765697041043 0.251010631317545 0.21352208618542728 0.23228456831796845 0.16936754506737575 0.18869253615437373 0.17948314031285598 0.20541372029415908 0.21511472568825676 0.24456603204177613 0.26898078461574815 0.29173556041095944 0.2654150722152428 0.25651576732745973 0.2471832443146433 0.24669519708038756 0.25666319378652697 0.23638323336364284 0.2265218892014444 0.24793038535378087 0.25230442571412515 0.23562529307324886 0.219801136983553 0.23416793363848537 0.27554501320146285 0.2678167657625509 0.28000055110813254
0.402332367065098 0.36096118249417264 0.3063810678103014 0.3327554077392119 0.3384357958429507 0.34417339834726834 0.3087812043882215 0.32685754076420254 0.28369054111423747 0.2504103753805888 0.27977226300218067 0.2615967110300124 0.2832717556595224 0.2904403647556394 0.3200184111224979 0.2655471608220979 0.25700475195379485 0.22761820002571453 0.23687494720371616 0.18432050782995132 0.15347197753023498 0.1652593315178887 0.17206463157108934 0.23365750840183078 0.20297450047970345 0.2636467230299576 0.27010288928818904 0.2304635533781341 0.2324427633737164 0.21895292142845563 0.2002727397351039 0.24014786062713547 0.2651573022715278 0.22610256349275554 0.266082269661647 0.21293139411777975 0.23117381753034133 0.18070131256949418 0.16975689865817029 0.19325492607866038 0.25051312060208186 0.21744474531203578 0.23024600141667795
0.3365210706916963 0.30639542542775755 0.24555347807309214 0.2699334932306336 0.25334486941082446 0.24220096493428647 0.2172670915089805 0.22530652106209734 0.2639733408065679 0.21169605214878048 0.22930781299012415 0.25534876866941314 0.24726108884513381 0.2109564697149545 0.24270444885397058 0.18667415327833914 0.2110474056117066 0.1547657733869749 0.14887577986104758 0.13366150450669256 0.12174412211503263 0.15977882139859068 0.22636438452712573 0.23589415745881365 0.234859679422898 0.21479620813735056 0.2192809339162347 0.2313541915895877 0.1944825010558608 0.18602554093781765 0.20176279074578404 0.24303295900282684 0.22212971779020604 0.22009269065871082 0.23931882176933642 0.2324961047595295 0.23557884757879274 0.19189296968619118 0.16136299824321335 0.21448589019251396 0.22932864106937637 0.24970597022247004 0.2530698136831673
0.3578524439408627 0.2636785118087627 0.20940202764985427 0.1910439726544897 0.2104233579046285 0.19803236163156596 0.14123834891936243 0.15439285333786212 0.20274210279439955 0.18832187657073823 0.18741233204589036 0.2078255117106195 0.2175621419105906 0.19602800252947347 0.15019666906056248 0.13093998695772727 0.10963808290128746 0.07599718440996399 0.1099238176516734 0.09286076853600803 0.13328259157673733 0.2028061015431373 0.2718658373252137 0.2720902603258048 0.2283835743819948 0.21377806986692027 0.19366422651721515 0.1999642347999228 0.20094454835065598 0.2273011927965346 0.22703880789826905 0.2188563466611477 0.19941915588330422 0.22350240696524262 0.21888542512411788 0.23062707384676095 0.18441073502961908 0.17901910645445743 0.1847405881891465 0.23827040857237067 0.22049272239463935 0.25476153399434825 0.19473465832777334
0.3238785174933733 0.2729394531600632 0.19232200952796227 0.19053916877982638 0.16726367126538846 0.1842393165853799 0.15391303543876841 0.1793958363206248 0.15604874736758434 0.18858146605097698 0.15654306022217215 0.11192619864156678 0.1070368891248672 0.13435456935182707 0.10154236171674166 0.14237872436581378 0.08948465989315255 0.05575571432965627 0.053253487133019535 0.08561406808801605 0.13372482817378323 0.1968369917514306 0.2175983314560618 0.24691467783366647 0.17428284936746485 0.1591634420127802 0.18303638551875367 0.1975058021604787 0.21765397435169997 0.2095434939605818 0.18054581550496543 0.2062110099654219 0.1999495244560378 0.23038482958513817 0.23407164208804032 0.22119285326782345 0.19870618270123522 0.18815239559919897 0.18737095408786095 0.2547470200531809 0.25981404109034656 0.23622013248829835 0.21168758094546875
0.24742972262775417 0.22367686719107824 0.17157716911124085 0.14735178270385937 0.11989028333741561 0.19982842483961505 0.19211078423733166 0.15907558945682623 0.14346217736692257 0.11221599512945135 0.09548701391475778 0.10164231499726377 0.07807023556517041 0.09591099432819496 0.1056265600462582 0.06762317849636798 0.0734196045146817 0.09528376959939382 0.06372885820878896 0.11380486104020196 0.17077820093174698 0.19335879491798474 0.22381261334955938 0.23325404724305393 0.16502015322628 0.17028344618587876 0.1538453349210547 0.15412900655209585 0.14061676360442418 0.2031225388444872 0.1822904170887004 0.17047761382424062 0.18616566395826947 0.20135799680062633 0.19411112560697774 0.20900915707364726 0.1837528957257718 0.1918718731264539 0.24461860621232284 0.24567022809650568 0.24131933168103314 0.20681451498427358 0.22985625471132726
