Raster_benchmarking/DGGS/continuous/raster-425.asc
NCOLS 100
NROWS 100
XLLCORNER 1743151.6412015387
YLLCORNER 5469282.390671528
CELLSIZE 10
NODATA_VALUE -9999
[rows 19 to 37 of 100, columns 0 to 42 of 100]
0.6476855655446287 0.6140157784171169 0.6877313265670241 0.7212833118003968 0.8155555223075233 0.8521374451353585 0.8158403883350784 0.7999803095879829 0.8427725127331359 0.8875108864376924 0.8537093575629613 0.8656009287917416 0.8072072163364167 0.8317841549148454 0.8499068227242752 0.8530788562256449 0.8635802229312709 0.8769398481942258 0.8323831295394872 0.7847712604219611 0.7085217554158397 0.7160146413792126 0.670395539347847 0.6648617841481423 0.6190421791107074 0.6018151331989207 0.6355107924650218 0.606314891613299 0.624710256778631 0.5653424891188806 0.5114252646031082 0.4813652585117608 0.5304624919150269 0.5527240778114269 0.542402249453478 0.4984635273385995 0.5257162401916438 0.5224687443765923 0.5479410626321598 0.49118092780944556 0.4939710210156236 0.5360578264307065 0.5784323594186115
0.6274951800598819 0.6386029463589605 0.706947432730073 0.7325906422278331 0.8199037745208567 0.837996119731666 0.8620655765691997 0.8737707838945606 0.8330917488938799 0.8557700005493812 0.811302703834228 0.8048328183136174 0.78549738148378 0.8107311153208455 0.8190561929453519 0.8196238869138454 0.8013998068594288 0.8110266818699643 0.7741895786964408 0.7792692025250201 0.7429187094393034 0.7126216795081622 0.7064792401164224 0.6594716114626805 0.6223532340181616 0.5920279378519046 0.6362131738333624 0.6071240565512112 0.5830851787446086 0.5570253484072714 0.4973997552287951 0.4929502450620028 0.4650789786142686 0.49950225758753125 0.4790271648823139 0.48053496502336596 0.48008622882239765 0.4925929592938172 0.4879370329019697 0.45147793970487116 0.4489823883862399 0.44164594889396436 0.5184007411716122
0.6450687367295633 0.6541645236099578 0.7012241214686322 0.780064111343467 0.7992149112799356 0.8575323225570477 0.848712709136777 0.8763022323433356 0.7986799668319428 0.8204520331553274 0.7565524462096573 0.7479434477926401 0.7601461226731372 0.7256291426928104 0.7974875760590108 0.7304259506988003 0.7811177345152827 0.7963043739158677 0.7869813544899726 0.7334316337325336 0.7090448451169241 0.7870886733457694 0.710649979053557 0.6286774384817923 0.6382234950184896 0.6038794740757328 0.6412278251870741 0.6154832110321907 0.5914417838586987 0.5389342402184335 0.49180566535531095 0.49144505175061753 0.4588700147876335 0.43140654021277747 0.44422342429924166 0.4408367580546271 0.4505930722721447 0.41021948588851076 0.47341914060783724 0.4433359158743678 0.43244781169241725 0.40366284838925276 0.40889422554631105
0.6883959162911673 0.6779566917271397 0.6804680401950646 0.7146170947647724 0.7664453512098581 0.784687084296528 0.8273570681999005 0.8294116894949031 0.8009845418033601 0.7866225996395344 0.773188321833358 0.7147940106777348 0.7094380257324916 0.7455553822803566 0.7721473891870282 0.7439601895826297 0.746614067545731 0.7267984240055259 0.746082336726846 0.726467946834017 0.696421873127467 0.729919350799992 0.708133962915097 0.6307722282202296 0.6347626617395461 0.5997900219192652 0.6284357220623311 0.6389507349590894 0.5984629894855708 0.6015097053798165 0.5455355140708028 0.4965023570790991 0.45855597944226123 0.4360869526217401 0.41062207764335223 0.4379797700519073 0.422531586106957 0.41026738039751626 0.4589196166679779 0.42033062386612136 0.4177911879185761 0.4053406000303828 0.4104343469743002
0.6656432763473507 0.6516873636489188 0.6807614852017305 0.7479739044599827 0.7720449455630334 0.759515218384414 0.7950055940469154 0.8513020843348993 0.8246885583181469 0.7969098592437583 0.795221597592454 0.7306657918779808 0.7189023826319875 0.7644925735243303 0.7516508201251428 0.7240458490584608 0.7264560788887013 0.7603359739671534 0.7428590927639999 0.6843282872822319 0.7114822710840636 0.6812867689369413 0.7075504231658333 0.6838576785204853 0.6709376975706735 0.6557353100719893 0.6767645355101934 0.6273410699884494 0.6531120643669727 0.6238858101591891 0.5761131389031428 0.4844227885366505 0.4377617983486634 0.42662083395118966 0.4059644502882631 0.4275192673345732 0.40996378075507733 0.3994460860983712 0.4280029552487947 0.44174126616105136 0.42763917955350017 0.3549844607063747 0.430604428186437
0.6896384159078367 0.6510676386129202 0.7003380526335542 0.7492716733237008 0.7424041369047677 0.7335269895874884 0.7840914514785554 0.8124849585243341 0.7993033702543662 0.781513275258056 0.8184345223360932 0.7944455153020653 0.7539342256503015 0.7099629540770424 0.7051159081789997 0.7123068449059569 0.6901469411686996 0.6663886133363488 0.6589414008459487 0.7034421214445062 0.7200393737868193 0.7158318139642686 0.7005861326628123 0.6761103617665202 0.653122059924503 0.6708084172657945 0.6577701056820218 0.6795829320702137 0.6589438090988983 0.6095595697872545 0.5371170058037888 0.4953654115092264 0.4560295787292112 0.37651441615849246 0.3831887931629277 0.40746210345521594 0.44409424674851894 0.3984899793258304 0.3723211672081612 0.38164693355358587 0.39119922365195775 0.3937891775010617 0.3876110175955779
0.6325431108755273 0.6708906406783686 0.7148797086441874 0.7350712592872982 0.7162443896487486 0.7193180282732392 0.7608516417805703 0.7764566408668557 0.8165807263256981 0.8542162643765293 0.8260273910999324 0.8332694729863187 0.7594043518652993 0.6933000038910173 0.681923884653726 0.6714751801467959 0.6308133468165571 0.6014312859653342 0.6217819230047874 0.7083197501871039 0.7106615614573738 0.7512547781662919 0.73219068707805 0.6723326465674776 0.7155259595189772 0.7196939057111446 0.6961718204889191 0.6640015897835333 0.6555348400033879 0.6535407391683602 0.5961219206558199 0.5151951110295981 0.4706538327255778 0.38411246278089645 0.36715689601040524 0.4184207528330743 0.42725417276795413 0.3926092058951242 0.3609759036972748 0.3352342507749531 0.35352458633877787 0.3347417891483348 0.40307407916238575
0.6666526188620855 0.6532299210232567 0.6901780618877571 0.7622336851024313 0.7716423663888972 0.733379111883275 0.7550222080950889 0.8040994717168601 0.8282840104600929 0.8441647868386045 0.846749813500993 0.7908610242664609 0.7463374949587713 0.6826398068659376 0.6769352752363837 0.6686533633020627 0.6504178559728504 0.6242415138772355 0.6490712262267911 0.6927157488295741 0.7499536186708363 0.7283923364111718 0.702661271157283 0.731953930754256 0.7278951680088969 0.7050096657716558 0.7319898342813471 0.6806773973293843 0.6644097191755615 0.6368761220547572 0.5793812079109373 0.5165062197492978 0.44350365785317264 0.39753690267712216 0.38511559814198615 0.4160223015231675 0.39842325884998275 0.3383439023912507 0.31428404299866486 0.34598829244165286 0.3368560267663703 0.33667892841096186 0.3788610707854595
0.7040352983803048 0.6778575340593537 0.7313251334053693 0.7701538907396723 0.7505678773351632 0.7220823379744766 0.7609548750327916 0.7720654357196722 0.7991265186829359 0.848457085602378 0.84137476505304 0.8136576082073717 0.7242626927783847 0.6654705601664275 0.6358213254715059 0.6481243569709864 0.6054996610112918 0.6373867504276167 0.6988710135743794 0.6734408667898409 0.7232108012416115 0.7479951677475204 0.695775594222749 0.6908775064829422 0.7029649694420429 0.7384638027745548 0.7323009210427037 0.7243892388046761 0.6760793355969191 0.6858915414628153 0.5590609008056576 0.496483856924321 0.48914110545502554 0.4643774507848362 0.45522182116442433 0.38076106559105183 0.39680585482850433 0.3461308084570321 0.3233425351390788 0.2913658914173324 0.2925668180435454 0.36379270841859757 0.38024381559633524
0.7564658573070068 0.7325008698117551 0.7259982468709906 0.7886376766857703 0.7874415565854012 0.8063103412291657 0.7922368772561746 0.7655292093226644 0.8188719973872683 0.8020801289163374 0.7603051190726436 0.7421304567572714 0.6907577227924381 0.6683180047639029 0.6349693508172402 0.652582632728494 0.6117447588569339 0.672789161068593 0.6936667456190616 0.6898432024199751 0.7015849630661394 0.6977171115484824 0.6779941646364297 0.6573092387980876 0.6910959093472488 0.6937814685636461 0.7080432136860767 0.6900882798662522 0.6690557249154744 0.6652401011806126 0.599283436725771 0.5344223004136237 0.478212616710389 0.47793513388120534 0.4604917655080549 0.4393321145486995 0.4012888384893501 0.3411553414449506 0.33140255936126023 0.3328388470377779 0.287232798800686 0.35157497959800826 0.4001076909306381
0.7270803748327687 0.7680225770994316 0.7728272142485508 0.7819612791583772 0.803220097269869 0.7909812595706037 0.7573277778904582 0.793565041316082 0.8056110574486886 0.7880822496939384 0.7291186302738925 0.7344289711340896 0.7143474088525187 0.6873125733808839 0.6654972351811934 0.6016718271451339 0.6426664848314878 0.6553284435485685 0.7194458970653796 0.7241100589651794 0.6786157097824747 0.6953933295959139 0.7068706541125148 0.6797797613878636 0.7134769182600617 0.7754214578874037 0.7225800822595022 0.6536879089958125 0.6469232279261998 0.6424212227828039 0.5708964980572797 0.5426021534284879 0.49524417975060286 0.5211889001234156 0.4875562111104168 0.45924214347757647 0.3734383791897909 0.34602071047490546 0.37077664410761924 0.30107809395115 0.3189184878743161 0.2944873383675853 0.3571167047084477
0.7271800720885415 0.7545489627528587 0.7685995877869881 0.7806444170512766 0.7751404949414424 0.7772409008250035 0.7570738496715729 0.7413386082864762 0.772447980180078 0.7703587059045891 0.7388564222139309 0.679760147710147 0.6666668574180898 0.6189256757845081 0.6461405576239265 0.6189708188427974 0.6590148958066767 0.6410341496945032 0.7016780745980304 0.6980003482795477 0.7126589130354348 0.6982955620241149 0.6860072684833052 0.7076489727051627 0.7187966922150175 0.6964013853987094 0.6587634479379585 0.6082749292752494 0.6210746629792516 0.6182119683385169 0.5662781654909288 0.5282356359348931 0.5134137123221739 0.4966210723291758 0.4685888081878212 0.44791096363462846 0.38970692748992886 0.39546159212949644 0.382363390779769 0.38832746208186986 0.3413328966118946 0.3133934229734307 0.3726913342729935
0.7624091691630154 0.7582416142230873 0.7441281566825207 0.7943529379745969 0.737956747510723 0.722091071541594 0.7299052239628454 0.7289442617129346 0.7389288337125529 0.7056451928562117 0.6381276697451448 0.6130487356268376 0.5940392583045423 0.5837241712710494 0.6189352083823185 0.5996962549030845 0.6682048349415934 0.670627539416913 0.6610943330847049 0.6886452487455189 0.6423977322435677 0.6515690556461914 0.6505669671905416 0.6681381901881066 0.673775556075648 0.718210577816438 0.6799534685331787 0.6086656816469442 0.5715954494334246 0.5585646122976421 0.592309203972608 0.5642408261316897 0.5459844663436066 0.5320011812137643 0.47877280690537344 0.4006671793674087 0.42309934236978336 0.38088120418285054 0.4483669149283669 0.4446116415002425 0.3864055152819163 0.37966397607232055 0.42517128327498094
0.7755142513367916 0.7544540347129314 0.776020049054874 0.7468167488566354 0.739708822518268 0.7512833379752695 0.760782808961769 0.7594433699839814 0.7143691771848913 0.668903546453371 0.6048834493998839 0.6262628350089707 0.6072572462721224 0.6261920667882119 0.5907587776591945 0.5799185303047003 0.6316949958620204 0.6518403764736934 0.6266058931061667 0.6381118495819812 0.6526614243305805 0.6533041736046282 0.6889791540909871 0.656791407790664 0.698118989496065 0.6982067952166908 0.6615472012883533 0.6551229267985 0.5951707216475608 0.5428452375902749 0.5419880608619334 0.5488048068548846 0.5427627824953922 0.49503795547515506 0.4588122629191387 0.40265752856380876 0.40783210649184926 0.40560358799638413 0.44880383200772106 0.45825185507507776 0.40511741762963105 0.42096470135355063 0.42756231726484645
0.766309580458711 0.8100144608553933 0.7687804971038709 0.7683518124050718 0.7949112007178097 0.8065537982452946 0.730027351597628 0.7094378721530746 0.6895269130599947 0.6050801358377166 0.5967539643940171 0.5698776110188712 0.6158743063192493 0.5948793489130992 0.6098288199806833 0.5688614773282855 0.5844697493155581 0.5843846159021716 0.5921417522072479 0.6247250649860314 0.6555337112971027 0.63567770437572 0.6684002405734465 0.6778216457248185 0.7061661436974817 0.6688041321337064 0.6729434415159851 0.6345675748124633 0.5727100507154711 0.5522040308567828 0.5576165790866048 0.5168323081077898 0.5396975855517273 0.42863215376630054 0.4408483320798781 0.4840085364241756 0.44157549180897204 0.45995806495901126 0.47670543914367214 0.45266559686192787 0.4080350656794295 0.45077576380324114 0.42047309385257425
0.8155932161452967 0.8030735101364719 0.7796499818652288 0.769875436499278 0.7652022972807692 0.7700700415068608 0.7593779583741247 0.6815400948034956 0.6552190948243615 0.5903635073218413 0.5530183786634973 0.5668849878371424 0.5479573346621247 0.5650961499779154 0.5826833745287112 0.5316356779617286 0.5454927988792947 0.5811582731750167 0.6081383580148513 0.6329563122394423 0.5996551806350174 0.6277557830548368 0.6244422396108665 0.6178139604780032 0.6836482384910133 0.6551343482792504 0.6222066990663244 0.6174977724369849 0.5654121100028424 0.5407766082697929 0.5279572055228955 0.5198173241743399 0.5263516291271232 0.485930720940697 0.4560935904937625 0.47749538378358364 0.4727660242884404 0.444942714808489 0.4555132034842987 0.46870081773737937 0.4338650247033316 0.40042194869809883 0.4123668291383601
0.8109323619343975 0.8235127030687518 0.7889817296695866 0.714612956033903 0.7365156135554116 0.7144440955454411 0.743687392990669 0.6797358364699666 0.6186643139139645 0.5688623214533186 0.6054350362052694 0.5524419894567796 0.5589183250121634 0.5919775307106169 0.550422384208675 0.5729468012166276 0.5603425383679096 0.5950909977816163 0.6128723079758228 0.6064236630512893 0.6496530052681615 0.6497335650804922 0.6236466592018984 0.6013711452811137 0.6604935893536057 0.6448036990113848 0.5801612899578762 0.5551368176246868 0.5898993030437104 0.5138401747531769 0.5097693749813871 0.5716708532274082 0.577338942714705 0.5725344445463293 0.508383589505696 0.48316861083533186 0.4641385410775958 0.4480233839215084 0.4393689664476277 0.4505744506117821 0.45672681525017256 0.41237189852564093 0.41946209562384074
0.7966162035903956 0.7873015263239167 0.7729851569820498 0.7112813889467875 0.7244288614062373 0.6758508282596387 0.708408229948028 0.6469174770160157 0.6201172286117109 0.605682756381659 0.6084994918675648 0.5543604319741938 0.5399286373183654 0.5283494912042324 0.5493371111773205 0.6149544833555303 0.6210512109444314 0.5966889237020477 0.6001800983029068 0.6327241299239637 0.6444937325577427 0.6751592784022422 0.6270859804932853 0.623692271454301 0.584472230255698 0.5596855709134327 0.5468875160678052 0.5870595392686294 0.5860474139411026 0.5485986487282533 0.5420341967905876 0.5516814935960836 0.5420024130053394 0.5189879772845586 0.5065465072615108 0.4519992991534563 0.447934297525853 0.4735821321030522 0.4445027536010635 0.5130790830291343 0.505804468791432 0.4931974991516349 0.4793076079182614
0.7732942069851619 0.7566170182798233 0.7224264696208246 0.6563614354092554 0.7119448543424386 0.668991412911512 0.6647374027929673 0.6457630746705819 0.6769064769993287 0.6757588452757859 0.6324550205242327 0.5956772575075846 0.5776866656446371 0.55407283306104 0.5812590101694933 0.5757927888560165 0.6271542006654375 0.6489579706811898 0.6367901536644338 0.5764818223313753 0.6217586306109563 0.6384058221503635 0.5739899656714413 0.5769501731780456 0.5207741568290974 0.5426404777986695 0.5797636372916293 0.564807871325732 0.5617809253076107 0.5726165518992739 0.5739478734984163 0.557859522084058 0.5387496565073463 0.5865635684439106 0.5230315191513628 0.49299881233730264 0.49656435999894516 0.4746760437294047 0.5105458931428262 0.5295398987663112 0.48980781324355555 0.5264183444675715 0.44846064233417193
