Raster_benchmarking/DGGS/continuous/raster-480.asc
NCOLS 100
NROWS 100
XLLCORNER 1743155.9843031792
YLLCORNER 5469286.128468788
CELLSIZE 10
NODATA_VALUE -9999
[rows 57 to 75 of 100, columns 43 to 85 of 100]
0.8706833477701948 0.8565168943534461 0.879972171803934 0.8404603338251584 0.8269151979443953 0.8296675859209064 0.8783079528068313 0.8583961064169937 0.8498605857060577 0.899836390605667 0.8814795643664509 0.7989197602099709 0.7913752207699758 0.7820803126535215 0.8310711354320032 0.8478312183952489 0.8903079482715284 0.8816020866503992 0.9229193872846402 0.936045813924393 0.9178759987422985 0.9332271154980515 0.9115583653624408 0.8881081024603578 0.9121212515382857 0.9355116640223725 0.9823190379937503 0.9313692694570378 0.8616714164459212 0.825204101853929 0.789243986946331 0.7595128576471097 0.7384063799159456 0.7522416910802167 0.70109909944599 0.7107299086903578 0.749474749536672 0.6783904734945851 0.6742157163001757 0.6861198282461302 0.7674955203624084 0.7394422832750102 0.8032631260033196
0.8684771860677688 0.8956113162958386 0.870544312745829 0.8519435234311835 0.8035743011439821 0.8112941043705 0.8254790043747886 0.8158952198667624 0.855265701909169 0.8394824467844023 0.8236503902127653 0.82440250568548 0.829682995255791 0.812882939058911 0.8140396997019548 0.886948761328856 0.8627481750346261 0.9058943508378728 0.9186348024129336 0.8993617657746712 0.8921125799631497 0.9063621747913172 0.8797291866127502 0.9156705775361953 0.9288434177228404 0.9071629412377169 0.9257793752814204 0.9358847307489432 0.8984305366879847 0.821761058447823 0.8050817739880983 0.7434619793359399 0.7299636485576017 0.7332307060456652 0.7343837606828574 0.6799257135858697 0.7041593003318264 0.6596472604302277 0.6486765000602062 0.7065533097892401 0.7478352485036603 0.7502432712041391 0.7625542938572241
0.8198186927495811 0.8513710368929845 0.9020884845887932 0.8774080307451416 0.8162439293431241 0.8320474855544193 0.7621558536130358 0.756241440503467 0.7877846435158009 0.7948374698156049 0.8036547168732033 0.7877567901265446 0.812950213406567 0.8132877287486707 0.8473642945810224 0.833812258415976 0.8585767802186339 0.8611625479426359 0.9028682448693183 0.8790197741824074 0.9149514554560386 0.921036645314926 0.902679570420232 0.9269996579263963 0.8807086792912826 0.8847765023135972 0.9201407511239195 0.8888625056779113 0.928852055079476 0.8609436780972941 0.7973575200476188 0.7632535557949761 0.7194613427021941 0.7344053164328209 0.7207670707176639 0.6814876909204158 0.6716492809706087 0.6643676616955999 0.666353881906882 0.7305673697781087 0.7131722113758256 0.7359844983411167 0.7945538712459433
0.8384419234947412 0.8395196245279678 0.8936417043400764 0.845076165388689 0.8260427530697025 0.8326240014129247 0.7811337959877521 0.7838538493454621 0.7851940337654331 0.7764341285667841 0.816537250834901 0.8234054132927002 0.8365597446432121 0.8661701492830001 0.8440097563792234 0.8519090870547912 0.8787530488815265 0.8377040337299911 0.8393672948969712 0.8507748157531477 0.8422102352747032 0.8923966720122434 0.8801101626887485 0.8774676962408601 0.8506848435757114 0.8486290042447978 0.8811634195264237 0.8860090007267917 0.8649792382270822 0.8937042957156205 0.8664460070941843 0.81296724376486 0.7514817254557413 0.7446115517210178 0.745469263134981 0.7108147822912733 0.7103641443850466 0.7099632700580594 0.7030327669978502 0.7098662403784161 0.7007485865102281 0.7672919906356528 0.754371788444184
0.8052449583805202 0.8599199605950876 0.9026220827398657 0.8643730097598464 0.8746523298394449 0.8537881856297217 0.7823425955924691 0.7948056461871585 0.7485967941540819 0.8026501814184162 0.7972900471936789 0.8213240158017052 0.847276682097535 0.8476165680510614 0.8935868091218493 0.870486069956565 0.8389002841822407 0.8733554388293584 0.8548444574522545 0.8294905725482515 0.8373634568914714 0.8471520724168479 0.8697344629171673 0.8595775661954969 0.8630136539126906 0.833915196623292 0.8318150031286005 0.8327526618175145 0.8650093456827288 0.8732802711891114 0.9003845483221659 0.8135402402646708 0.8011241598143504 0.7589647463293863 0.6843970473238471 0.7212081291656107 0.7006541397110048 0.6946469337049443 0.679622061478487 0.6821642862509144 0.7001492346936576 0.7252828107997705 0.7878052020505777
0.7827824311423617 0.8546686563450251 0.8455597369354995 0.8556839309474228 0.8542490663285598 0.8573080488419652 0.8342320477142297 0.8022692070587524 0.7672370085299814 0.7686577796010358 0.8090808233555121 0.7930072328480972 0.8582677845851998 0.8577807247459857 0.842370538398506 0.8306797956175727 0.8554123958024415 0.8826075533435214 0.8485178370880659 0.848287924042857 0.8547902367190872 0.8655729999004752 0.8878820419414599 0.8675100920422022 0.8696191416222242 0.8159756110703972 0.8517713014132445 0.8532602658260612 0.8189875217748092 0.8553305922404147 0.8543893982589005 0.8502470777843151 0.780038697811289 0.7364546476450187 0.7231603742498542 0.7012234649231092 0.70581492362314 0.7085574392611034 0.7001681697700604 0.7093765935730741 0.7026690587563992 0.6843553724188972 0.6908339815108402
0.7831231753180281 0.8361400776178421 0.8283897120792435 0.8356786175501547 0.8688485713069166 0.8765125553102424 0.8527347215668101 0.8444748692522464 0.8002719518985909 0.7930525218239679 0.7716315030702222 0.786878784773209 0.8417364332362136 0.8083777316599372 0.8548665582497805 0.8170749422184467 0.8475779847588016 0.8685639465997252 0.8802455659450845 0.8205754844547488 0.8746022419855591 0.8432185693313021 0.8352531705668691 0.8711310228190923 0.8866848367273764 0.8237313511477931 0.8082426437511798 0.8486818989769442 0.8088845362586163 0.8579855420763718 0.853121626718707 0.8200862522501944 0.770419139722969 0.7303864670675607 0.7624004722842023 0.7208550023980085 0.6855703301450016 0.7191930311338541 0.642675604488379 0.713229205395858 0.6914013313421422 0.6975873680457404 0.6776823348690781
0.8035084817643092 0.8331284557689974 0.8380823603892723 0.8856128027867549 0.8443760323244863 0.8623461340443469 0.830325204596559 0.8135995683959625 0.8059969501959486 0.769996690958268 0.7843002759229973 0.8020074832373533 0.8350416692593481 0.7884002393785706 0.8284959276802368 0.8290689859112081 0.8624527400621224 0.8489783246579953 0.8190850049997516 0.8110134984465954 0.8446652658199146 0.8428276600477032 0.8552355164257577 0.8390139869731031 0.877144383361932 0.8487766961534767 0.8360868901853351 0.8609439710372222 0.8559858177616008 0.8258207548985024 0.8343659718786378 0.7952072774133314 0.7532942161440072 0.7211452529789728 0.7816305589567168 0.7603560703992808 0.7362959343599043 0.7177914336504249 0.7116277486311006 0.711635943000369 0.7292634371445398 0.6868849374450583 0.7252847836021953
0.7581654687497673 0.7867369889499919 0.8634994786829471 0.8367345847229164 0.8516270886851856 0.8362031820209883 0.8255160215038909 0.8453295792399378 0.8390697660563724 0.7679126369686002 0.7931160850781556 0.8132013239770571 0.8148626838616798 0.8056038471530862 0.7696621198402519 0.8174802553385319 0.8250460686296651 0.8170124205443046 0.8020234810291713 0.7910897395174261 0.8155527811127713 0.7912380235547707 0.7818141720473973 0.8009937190270096 0.8115607865183624 0.8524799167746197 0.9134673584190227 0.8392915710801722 0.8040058373529714 0.7922875253627659 0.7664503063805905 0.8001923509197381 0.7259569701507795 0.7116598157144539 0.7543562493189759 0.7740995637357777 0.7516706842955233 0.7181811008411666 0.6895725246891735 0.7119977221247641 0.7047289451630304 0.7464367802316175 0.7612948020710585
0.7647008796586375 0.7951686099717382 0.7999911429271103 0.7985383225866806 0.7796603171573392 0.7860412548355339 0.782404611769633 0.8042661263258417 0.8423780775846669 0.7853197866781125 0.7848772274424183 0.8088211160107035 0.8554705987087539 0.8198721175240318 0.8438638869370979 0.8235559936718969 0.8262527270853333 0.8089638752531491 0.8101126190939837 0.8097512514392091 0.8448423279557593 0.7890804442126185 0.7765302101201365 0.8209088694259175 0.7941319845795124 0.7947765153884679 0.8426968792387194 0.865119235065351 0.8541133117283557 0.8168350169670792 0.7701247044046031 0.806890123639279 0.805329577891998 0.7499891980002379 0.7612254574449127 0.749963921018653 0.7594638383963844 0.7553335063008096 0.6994125206234205 0.7047115548239354 0.7216108833282318 0.7519872346166732 0.7705421994487723
0.8123824291208371 0.7500580429424434 0.7614860709258845 0.8125066365908605 0.8136974119406398 0.7957712379107594 0.7756057680807494 0.8378070533882328 0.8255205727418278 0.8416825422649478 0.8085167825112474 0.8595905858579193 0.8669556313198883 0.8933964344664325 0.8867794499712901 0.8489423022593234 0.8475627434207078 0.8471713762877249 0.8804589112037697 0.8719605014231511 0.8362017419515549 0.8179183808701993 0.8400864355400848 0.805765294805582 0.767660236351208 0.8000450591406953 0.7805786929728507 0.8588299702960368 0.8648929950932133 0.7959580694341706 0.7792725903840203 0.8407856226024506 0.8253125313462447 0.8204767500768742 0.8187550569896384 0.7501150417144952 0.7575078120814195 0.7346858872403695 0.7454538091897719 0.7208282500843047 0.7522332277290139 0.7836463145403482 0.8145523721822695
0.7609576098163111 0.7450765681819771 0.7578534377230718 0.7732959807591101 0.8144815292786258 0.8103051310834446 0.8273092896941817 0.8479612540866115 0.8295694633223452 0.8486514362919977 0.8942658733718171 0.8903472931720469 0.910522745869264 0.8864190801272964 0.8735571105027212 0.9012251254854664 0.9072556254715372 0.8814054276085121 0.8348352460392744 0.8343142358140174 0.8700691403845372 0.83200621326558 0.8299757623671653 0.7928212937817698 0.7466362364445366 0.746751731007158 0.8110094444752185 0.831740931851415 0.8234304665653344 0.852330073898323 0.8081970853819795 0.8594283594336461 0.8137626439069092 0.8426857631122296 0.7654568016005968 0.7589193639840373 0.7388859425775999 0.7905205548106086 0.7759899592856551 0.7747181817712714 0.7910047909689405 0.7723167681554335 0.8060989691372429
0.7181865840677761 0.7300493712456456 0.7655245490677399 0.7987516245606442 0.8598938502952826 0.8498580379876556 0.7937129964338326 0.8461571191622809 0.9015185989559631 0.894090202398925 0.9158495801360961 0.9027818519395894 0.9512162047362921 0.8781760408650306 0.89702705723694 0.9030413805417686 0.8800112586824435 0.8696771120458455 0.8517250014706844 0.8180077948590461 0.8636959577467735 0.8166989328847019 0.7973845075403763 0.7973140842675888 0.7661411772772739 0.767200611827438 0.7728321119743976 0.8140001883249705 0.8271149473571522 0.858570462865426 0.8710539319091293 0.8501568653702802 0.8437810173726011 0.8091491276622951 0.75437655619972 0.7620843643343184 0.7745043951596644 0.7841734568048262 0.7809259083035814 0.8230213729533609 0.8065205038239405 0.8250314545225569 0.8418038707960359
0.735307195697842 0.7757498835614589 0.774099057260273 0.804079645272644 0.8346944183812747 0.8628604506442944 0.8110723066400819 0.826352718842378 0.8807682974029525 0.8732487925205938 0.8796649649914134 0.9071439875843883 0.896425295781979 0.8849957382957525 0.8708690486294737 0.8386901331491047 0.82104150066079 0.8508969739204372 0.8535032667927587 0.8491230477396645 0.840509810833015 0.8355733305585591 0.8267649206054806 0.7828342640001782 0.7593827895522012 0.7808680280000687 0.7979141894743308 0.8304619418984392 0.7961260603456669 0.7938300578852961 0.813631149590228 0.8070266771898443 0.8038158285962347 0.7615174298589874 0.7060146179468993 0.7251328193896801 0.7542673521168236 0.7510729926150415 0.825896304635785 0.8327315511835167 0.8169908326527008 0.7905707832705784 0.8369738714562225
0.8220311514395834 0.8291896332822514 0.8048836250591169 0.8565445359840649 0.8629487690112082 0.8886498182159105 0.8667285077682788 0.8720496323928144 0.8652469696360112 0.8937733377048058 0.9071893136778932 0.886989264497088 0.936034344478954 0.9166966047333293 0.8314108864218911 0.8117064186643932 0.8339981251594123 0.8439061834546014 0.8594232392339654 0.8076441899993778 0.799679388187673 0.8344731205488702 0.7765872068271084 0.7879530052838307 0.770325596620633 0.7689078634613038 0.8181921072153783 0.7786024850669582 0.7862672891962853 0.803733776482706 0.7992750956252803 0.8005833144757101 0.7226712337779074 0.7280180017770143 0.6887616058916263 0.6945706254741416 0.7339773020985222 0.7989464390807087 0.8241823558900983 0.8472323944901312 0.8297475784054036 0.76118064020716 0.7751623638722369
0.8429640794705121 0.8508808818157224 0.8489580144051785 0.8384865434530349 0.8798750267720042 0.8495688368469289 0.851281480101444 0.874204155300734 0.8657975242824628 0.9336196863880681 0.9115663922745093 0.924181241344604 0.9300210130435436 0.8925676223673574 0.8283591331211341 0.8369667597484006 0.844864595694742 0.8639770452255799 0.8547122439009737 0.8424042472491026 0.8214275342956202 0.8332616571554043 0.8082695011353278 0.8094188640711172 0.8125147246580908 0.8155751361074324 0.8308145460153489 0.7895192202645565 0.7692153208952373 0.748944691918401 0.7747825807201798 0.7568848061647202 0.7638996243758143 0.7339922151168647 0.7196337701263317 0.7128388465118186 0.7505281393261236 0.7906035623098774 0.7925485001123417 0.7998094805387677 0.8319310915863157 0.7566109092455596 0.7650957757439044
0.8366142365334324 0.8623463681486918 0.9107004644074915 0.8668310442543928 0.9015212734576267 0.8439900610040695 0.807057314646631 0.8573881527356746 0.9213482581884467 0.8907677723659555 0.9500267524358148 0.9429840575887355 0.883718503405091 0.8338446774481134 0.8018670680980374 0.8149479172194317 0.8486936056274553 0.8358214187670041 0.7859818289326767 0.8615693678267503 0.8948425104682172 0.8532795116401423 0.8951283093980537 0.8673421151542018 0.8789605132304658 0.807535482423333 0.8094550330712961 0.7460300200858124 0.729679075243136 0.7613566514620218 0.7506324815770249 0.7614084496450267 0.7886451788300438 0.7485971515303822 0.7201740002966228 0.706246682264865 0.7392118410671177 0.8095460781649353 0.8052465577225137 0.7833321027280774 0.8170288616458727 0.7845117087303454 0.6997717998179943
0.7882881447234983 0.853130602042164 0.8733371939621379 0.9123984529240077 0.8734491418781427 0.8794309867331487 0.8372989156637259 0.8898473322879981 0.9126138442786095 0.8732667696307648 0.9402139757316278 0.9202722445615291 0.8948996466905565 0.8555096829616605 0.8340954551765203 0.8202717334905905 0.8169421004305201 0.8451936178057368 0.8353836893594423 0.8528135453303205 0.8833673092367128 0.882406786366068 0.8978408178687617 0.8984151574706819 0.8610951178961442 0.791159837410113 0.7716322091398373 0.7729114609676672 0.751907067737575 0.7364712161407238 0.7565233989611967 0.7465849659499852 0.7919191469998588 0.7570732926074181 0.7333673429549911 0.7409929098373587 0.7618396641707457 0.8009393686698119 0.8239896003724642 0.8110401537318043 0.8242002413483417 0.7988414777548568 0.7658290254560346
0.7786605203905144 0.8010056693920273 0.8257174568143455 0.8816325861831548 0.8988073596489916 0.8500844785949676 0.8620231488082526 0.8336753090503328 0.8410797604716636 0.8710851238093278 0.8919966762994415 0.8890832247466608 0.8308796238137124 0.8473418690112202 0.8166498206775471 0.852019843971172 0.8257956059192441 0.8134434987047686 0.7924015425540581 0.8436503170030049 0.8786798092653345 0.859501951668566 0.8884777258585075 0.8920847837525082 0.8381885423769417 0.8302464061611615 0.7636282185676722 0.7500297058245554 0.7259731182898245 0.7180448594063658 0.7977029462120944 0.796915510383501 0.7632086486100507 0.7973203256972535 0.8111105956856477 0.7754558141201925 0.7996885483610267 0.8036960077514833 0.812523416825393 0.8086945028461947 0.7963499497704949 0.7841915994904144 0.7779306522801234
