Raster_benchmarking/DGGS/continuous/raster-315.asc
NCOLS 100
NROWS 100
XLLCORNER 1743165.1871124404
YLLCORNER 5469296.682689321
CELLSIZE 10
NODATA_VALUE -9999
[rows 19 to 37 of 100, columns 43 to 85 of 100]
0.3993667262421409 0.3715099566297045 0.3838221596821728 0.41542324094887667 0.38927100509242 0.3174699238400518 0.30886038536759947 0.3312015309947299 0.3722343383334153 0.312858137604521 0.3378467196003528 0.31288840356546177 0.37574894917469986 0.3974580520535689 0.36342761514072625 0.360833082812214 0.4005632389858884 0.4776834885302661 0.4195131618137329 0.42195307125269294 0.3898859068988518 0.3883047635536006 0.4247567820802287 0.39869971712191604 0.4372222652790824 0.4546183310107513 0.39586502143803864 0.34301910422079723 0.38170104321218956 0.3620287610079194 0.3496319360683513 0.3040957131890352 0.2905562579489041 0.33346884583476816 0.2521993463232071 0.23135062054957156 0.12674772986517663 0.07749393796463172 0.10971281553247833 0.10991493690488555 0.05438665187184333 0.06325698530547551 0.10394879040200197
0.4342450422513946 0.40044648494630397 0.40699820294489064 0.38736092868589406 0.3977176882732079 0.3560304186710745 0.3389597332985191 0.35426549240240607 0.36642719068346 0.3376051964387878 0.3512208092370783 0.3332805147935083 0.3958789510898004 0.37575682444847036 0.3903929953699032 0.3854181709309634 0.4163833103567374 0.40866333424166607 0.42539775177804645 0.3956235586372226 0.40241585159608706 0.34109332202521425 0.3828243974244771 0.4198870910349058 0.4593302161155136 0.4039267280692058 0.39065662881139185 0.37746810757036825 0.3718937356585706 0.33720384035027556 0.3268854792892263 0.3277681934013057 0.26637534013959346 0.2459859075008957 0.2646061784747539 0.23579684963366146 0.1582074120836487 0.135557782197371 0.05651995902481763 0.10185271620466649 0.08049232896984465 0.07416258647500022 0.04236971772356762
0.48042903168033774 0.40584996556406555 0.3900285167053958 0.40988116218064835 0.38754044132675175 0.33561284231310057 0.3655262930276199 0.40948043635531317 0.3842169157340003 0.4130823833789179 0.3745313401596514 0.34536189623345037 0.39816027686718714 0.41374540990714564 0.3737271044855497 0.367051202907039 0.4198472067474506 0.42418565974767447 0.4292969643612958 0.3637077263208201 0.3918805642667386 0.3254909201495007 0.38385275899913823 0.41463233906036956 0.42618815156449985 0.44109658197214446 0.43877437037465816 0.38097720584591743 0.3952322440475594 0.4000243376963148 0.29824741369249985 0.29223713283535435 0.2728250677123586 0.20660120248444763 0.25649610942478124 0.2142523982863015 0.18371594695543284 0.13003724527277444 0.10769177041753607 0.042983499175565515 0.053145521202518455 0.08733509891419268 0.07382695812994716
0.47878979540055105 0.41648865914955785 0.4177712175646431 0.4336941734789449 0.41224718124319676 0.4136885709030605 0.41890538579574077 0.43745025401943466 0.4016808534363185 0.42844023722320274 0.3741734630405944 0.36993206944448886 0.34260304069512026 0.3595646708162262 0.36441229930368063 0.3555143388310986 0.4051520576403405 0.43386503679673055 0.3972260327355433 0.38446329333894247 0.3553578780734145 0.3274909773381198 0.37978350107372194 0.39297498042803036 0.3961526572100177 0.3960525456487253 0.42213663806257934 0.38592693817107926 0.368556790902634 0.325425826999083 0.30085623875909895 0.3110886042793337 0.2627629324021749 0.1881257106807271 0.2065934509005954 0.18855813212310463 0.2068439144043979 0.13835834439226505 0.12482937408660015 0.11774150831551507 0.09290764285877617 0.08602005602929609 0.04518822266339982
0.5093623576458659 0.4828833690499096 0.4524905930478939 0.4479279350789166 0.4530498320069033 0.3825401934805126 0.43437252205804927 0.4420500724268922 0.42005194383987066 0.4107142631000749 0.3813549187594477 0.34323352887651903 0.31500874325943246 0.3381683477268758 0.3807972264797266 0.34115400784514316 0.3761856660367618 0.40267295967016997 0.40117510813547863 0.3649817572928841 0.37507289915332565 0.36438922709909155 0.4095349615240869 0.36883207703519627 0.3566297230753722 0.3660936573345314 0.3633500112299673 0.41753930726522365 0.39236575433264537 0.3420258128909633 0.33744171489508895 0.29773219543459545 0.27940400087931977 0.20945560001203758 0.1747562293988905 0.19955633660578231 0.18795766661420799 0.1759292643382855 0.12356487394191494 0.09200849769813718 0.0730358020320835 0.02013533983741096 0.013424547771470608
0.5788772469198522 0.5083760844293513 0.4856004859779213 0.5108296281113228 0.47236126251534843 0.4547229069708709 0.41772750940068687 0.42320285824177634 0.4567273699309891 0.4132027424623461 0.391699396571534 0.36490810386238515 0.3266190334056176 0.32742581326635745 0.3651568781982413 0.38371210309773734 0.3730783530242963 0.4172779279888106 0.39147181662408226 0.34980713774384553 0.36310090548553847 0.374983807876213 0.39836151615624815 0.4118215498241781 0.36311729534634923 0.36760481370803677 0.3862277557753415 0.4008006650171885 0.3619896502616673 0.3615779502266835 0.3471243045209449 0.3101553948168475 0.3064420564958965 0.2327907315455729 0.2224006553169015 0.1594451200512109 0.16511497444547665 0.15754747819436926 0.1002729544015758 0.04728618723226297 0.046908481382157266 0.0 0.036924702038690194
0.5591802854422133 0.5334277121213957 0.5082463550383718 0.5115711949185123 0.48737218374403574 0.44708063914408047 0.477859030421035 0.47999240397215875 0.4484045571880749 0.48137847304398584 0.4283779653499939 0.36406875187026266 0.3217836764381086 0.3788833701909905 0.3439917231098692 0.334860734279451 0.39138047970361806 0.3780532290537478 0.3860559437954832 0.38804436933593317 0.33774077114790024 0.3955035904518038 0.4114850034355807 0.3824182686316949 0.4019010663644668 0.40149017961400313 0.34258999919852073 0.34826444625527647 0.3930408773351005 0.35832677277098607 0.3649549054643681 0.29739439079836477 0.30661809245878546 0.28733185698541575 0.19689044704360545 0.16136142100062148 0.18888089815039977 0.1554230928732352 0.11071309790552931 0.0474686832937093 0.03718040985593495 0.03339485654064258 0.054721600237472454
0.6100603464592534 0.5674442689384569 0.5489988466236608 0.5671443660116232 0.558249338043343 0.5115354390618937 0.4633907348072232 0.4695854862086064 0.43936713059559773 0.4455363841802512 0.41711003324835527 0.3795584249035169 0.3169361317546377 0.3114461590594107 0.34067738938789993 0.3212278264739135 0.35797445146926204 0.36128596531589235 0.36194154499320214 0.3912231169109409 0.3424473025906136 0.3253684741043824 0.365531412775761 0.3774635619746714 0.36200154027309145 0.39813984376355155 0.354686853979533 0.37128899103884805 0.39479253691654337 0.41692468975051683 0.37770764289251463 0.3035240324425424 0.3241410612298098 0.3069261887232335 0.22648498000401274 0.18937609261247287 0.20023610832450267 0.14243749011601525 0.12454127223583618 0.059016869099544886 0.05315462756462781 0.048319712986861635 0.04475463566220345
0.6098117662208955 0.5724014982833397 0.5691169519414313 0.6228859883939251 0.5833076102458805 0.6037901032147673 0.5565415463623372 0.46219525728266486 0.48297543790437025 0.4630052728049194 0.37971433232190427 0.3255862702366453 0.3163902817625302 0.2554163162636148 0.30863212992897854 0.2648184167883323 0.2981036208897535 0.32532212350950707 0.34552949450178866 0.33522271143116406 0.2918208122288011 0.2936813309916481 0.34461020435372614 0.309393990669693 0.3212719207672645 0.3535768612670298 0.38539944496862844 0.4328179197363783 0.4127608292430528 0.4184221880117369 0.3765928176309658 0.3488218861916662 0.3059423843692664 0.2669199351909552 0.21518021989649552 0.2067324833944166 0.1813545699242682 0.14716499199218622 0.10829148652635602 0.10838825428429778 0.09188241817039476 0.0434811640868516 0.08773524533187946
0.6157420224843843 0.6315467126933108 0.6294778019081609 0.6271086525719026 0.6269790739531507 0.5934974368069303 0.5786643463848037 0.48254991931691754 0.48188432167594425 0.43184899459008236 0.39501339921255196 0.3438892586792932 0.3658745482193981 0.3061702584406404 0.33893098397994575 0.3175229156916832 0.29692063499200266 0.3088955368563883 0.3254175260672605 0.37172846995382425 0.3305903585469412 0.28056581100145234 0.32670131758411713 0.3028651136693962 0.34626184548079264 0.3481373597167276 0.37941416879643997 0.3699321265587812 0.3987922907414657 0.3998678408326568 0.42291599534147556 0.3544242513086128 0.3112394082625204 0.2659087298942644 0.23611145687302731 0.2194784252137545 0.19280434633415183 0.1860695604044987 0.1492682623029041 0.10873431322041048 0.08881412965579369 0.11982724409142148 0.12385043736108355
0.6808487939964156 0.6632008739936813 0.6108967701143114 0.5802000522202213 0.5782580059888311 0.6029462959482729 0.5332919553765059 0.531929676201413 0.4768364054714082 0.4426483684048222 0.40922370477510955 0.40444213312210975 0.38160322693702586 0.3663991047657129 0.34611191083500054 0.3392243772498241 0.3140413115749553 0.3158200107832304 0.34038517976199195 0.3658678533672478 0.3631005352845967 0.3054059494247512 0.34824801243855785 0.28515749528467743 0.32007437095638724 0.3274742639117917 0.35910092434779717 0.3749775124670376 0.40925906077214524 0.4315915124041611 0.38489759915475513 0.357399518903459 0.3401738252728698 0.29772539298975753 0.28838564662067967 0.250001561293844 0.20514003698526376 0.20235208970005927 0.18560125419199672 0.12664285162754155 0.11055312964503 0.12487804937400011 0.12904849912662095
0.6198439347496599 0.5926458902839352 0.6212875399009168 0.5511150998623324 0.5638501218488979 0.5889746212304178 0.5360843943599193 0.5296942282816536 0.43681399759009415 0.3892853624834123 0.3778260964724036 0.4159442668240819 0.39829441880116073 0.39584697878215774 0.3671057727683665 0.39962686249832513 0.37801334262342595 0.3703688236915491 0.39080700778549227 0.3529580877927273 0.3378221447072079 0.309101964075617 0.3400932471004128 0.3071049610176685 0.3126079882349861 0.3376544216081061 0.3700267963451476 0.3453542451259958 0.3770034805480729 0.38795186634540696 0.3706592936698088 0.3411563928859715 0.36312886587608 0.3502060622787918 0.31602335226342054 0.29163107429921536 0.2282119351189632 0.20861463102474762 0.21110970154689135 0.16658634657282842 0.20150976305648385 0.18998322561205325 0.19373906909368374
0.629440440127208 0.5974053288641407 0.6077599145541611 0.5501019975030382 0.581356966773743 0.5336799705364578 0.5350393557477238 0.4770084435550642 0.4405198868803388 0.41466383513696425 0.4268251106047764 0.36045235682512844 0.351485713497073 0.34626715115131484 0.37691806804195116 0.41674428501303873 0.41173522920219074 0.3901652127723179 0.40665429571326656 0.3970447782840375 0.36050873790999716 0.3677048096586868 0.32125597981331266 0.2727421972457064 0.2761833183032989 0.30395756091634274 0.3764869296564623 0.3683676135738353 0.3842869001317549 0.42222804646460566 0.3535685824471064 0.3513573171020883 0.3659707552914434 0.40026207797746194 0.3660187620910105 0.2887273594450746 0.312670049008646 0.2871505003316197 0.2968432769461419 0.24659811070716958 0.2691714430813446 0.222605098038521 0.24740893790896057
0.5801554514237022 0.5656854795863173 0.5849598773723124 0.5846381796966332 0.5814413560440543 0.5690585994668304 0.5600485739448209 0.5176143746777812 0.48669380690481634 0.44107671407736176 0.42126104337564557 0.3946639055310385 0.3797531926548285 0.38199478181585034 0.37835049591515924 0.42130416887784145 0.373022840184625 0.37968131778047987 0.3731842501832145 0.347689635182556 0.4032508756784876 0.3999145798176551 0.37125184266916833 0.3343862579732818 0.33051136226442734 0.34176432877724183 0.32948528885564704 0.3207471639468348 0.356867444557929 0.40099138425135156 0.3667555551851232 0.3586372042413858 0.3760387524180997 0.41017169612088983 0.4006995180174148 0.3328885383247888 0.31874007541709504 0.3362116923786825 0.33389023343851876 0.3044482520727929 0.27004726476809937 0.30274312914336776 0.29743471622700085
0.558491767845348 0.5385094536452937 0.5814830535297034 0.6050157746206861 0.6267557410072673 0.6192070336743591 0.559970675847349 0.5406472393838129 0.5054273808792664 0.45742673387434896 0.3695702044225094 0.3441737990874993 0.34534301133987705 0.4024219450677166 0.37750912167095746 0.38758301952309354 0.3571863112354567 0.30549101033762877 0.30369685846323474 0.34223709066288954 0.39042265437025914 0.37851002454556476 0.34023316160209827 0.363592809804217 0.31929379148926496 0.3496102455478462 0.32716085723826543 0.3245493870771936 0.2946769105392748 0.33890201979803164 0.3864803579101893 0.38682224040695334 0.4400837003413805 0.45409340934468734 0.3944406872435008 0.41531850003366244 0.34590215493852916 0.36414471776488483 0.4006269349623887 0.40175388149844377 0.3699598025598779 0.29870617229129925 0.3214907734624183
0.5921432523639414 0.5436584348026915 0.5600157554741767 0.5674912827463223 0.5907308982177627 0.5910401235160153 0.5307565179868861 0.4869893818479523 0.4692458987151967 0.47289069426906344 0.39096801130519887 0.3705331918450201 0.3566612836802293 0.35380144918587886 0.36645440091462506 0.3195303355668757 0.33616426369542723 0.32382357020493424 0.303588780478475 0.32479768712056567 0.36817604344697047 0.38268110007543615 0.3450993892174975 0.332641663569179 0.31997923289257363 0.359134161115071 0.31409926844524194 0.29130123222103793 0.27110903221768645 0.30491932994361126 0.3217449836983329 0.3937478364679875 0.4306500017740735 0.4727028570263687 0.4452021392287287 0.4438382029710137 0.38748637199728453 0.38254869405216857 0.44192488070113606 0.4439720146594013 0.40033485897174526 0.4139326679703636 0.37728104721774064
0.6223314900093216 0.5266173370827023 0.5764743756748543 0.5903375737642129 0.5725768749256697 0.5830670198614301 0.5471590847792747 0.479425700202602 0.44998875528605037 0.44890907871688107 0.413299846105946 0.3938391065097701 0.4071812679438769 0.34669318522615633 0.30619501130814425 0.3194494648932384 0.3457081282297717 0.2653442415338005 0.33280648566450816 0.3178091888318383 0.36876082282984984 0.32007541975710835 0.3441254839255664 0.3786866709984387 0.32528171771443254 0.3148514384755127 0.33279752599684875 0.27684837885219704 0.25486267574626936 0.26720310884870496 0.3532813337517111 0.3947921444632652 0.400561747743057 0.431854421254774 0.43800157291175346 0.4128834969824748 0.4447818872464915 0.3948214719187868 0.4552321708676549 0.4916772830440917 0.436397310578593 0.478972263318549 0.4149875264716294
0.6149332907709884 0.5286242585509289 0.5267047961643766 0.5267810764181632 0.514102079417602 0.5740223731146864 0.561577909441807 0.5304906907101861 0.49036166926898833 0.4892636440217852 0.42784327140475753 0.37668473443170664 0.4035617740122429 0.3676366665276544 0.3175505814133314 0.3129185395769775 0.33756131178741866 0.3026576972110094 0.3180549855991506 0.30453151060412725 0.3614663155509071 0.32164401449687724 0.36637636949477564 0.38321511151297855 0.3802268946640541 0.3703722089942219 0.3572024668111066 0.35383634036001965 0.27469365435689636 0.3312027420693031 0.3445569252570308 0.410475859709245 0.4067922221158032 0.43640469716178226 0.4495445610296855 0.44726541325384656 0.4844125676298125 0.4350434242246105 0.5093105562724537 0.4975283145227554 0.48059176440898227 0.5117099544791642 0.4600518612054386
0.5891316216783296 0.5071547801314618 0.5172212639446917 0.5053987914153282 0.5340437624520671 0.5093685525126338 0.5567870913954399 0.5603124709677122 0.531736142752429 0.4552462138283725 0.4251894306014874 0.41620961559936387 0.37678103924324785 0.3958079143417092 0.3799704544794795 0.31904605410489983 0.33072461138243975 0.3546526414153172 0.32466694343598845 0.34223089944347085 0.3753281253817998 0.3402530724557152 0.3953741876437728 0.42265086511454375 0.3980486672654579 0.3758608609095429 0.35799445511726247 0.37603869330843614 0.3107830667992908 0.308079346736525 0.37772492404933555 0.3651058212296056 0.46186886331282084 0.5177907727767749 0.5081328989787862 0.5412047591382715 0.5327352413894729 0.4832386856326503 0.5381288963829755 0.550145434994191 0.5129149145193912 0.5011011408505459 0.4655696376960097
