Raster_benchmarking/DGGS/continuous/raster-10.asc
NCOLS 100
NROWS 100
XLLCORNER 1743168.9669576853
YLLCORNER 5469291.818365131
CELLSIZE 10
NODATA_VALUE -9999
[rows 38 to 56 of 100, columns 0 to 42 of 100]
0.49357705093274673 0.5417399602781455 0.5063619012722996 0.4483320910814667 0.4636101594920692 0.4695213085247449 0.504610464129827 0.469028428137891 0.5086031758672266 0.5379097027323239 0.5186736503714975 0.4388852375689806 0.4523834556409676 0.42957824190647165 0.4297903070345103 0.46502000387469217 0.4499823876746386 0.46103654852129183 0.4433684690948762 0.4698026053092447 0.4890344161396478 0.5011717053081145 0.5302784243362045 0.5106614143406089 0.4599101304370419 0.4791860097594396 0.4577576611546655 0.4842944432450925 0.485329838223966 0.5077737115127083 0.5059946790273663 0.4620496296061886 0.46359066570790947 0.4307257472979435 0.4017927626772424 0.4354148169054541 0.44803971833393336 0.41706616766753374 0.381570317307231 0.38020778303112435 0.3361194624200104 0.31435547341830633 0.2856179737896114
0.5211229648309933 0.5326538245037 0.5136504024430462 0.4536308607336529 0.4377940460263846 0.4570711555055741 0.5029053855485199 0.49727069671604474 0.5286322771461843 0.5388130705455189 0.4989912687848867 0.45630940994222885 0.44788831739348745 0.4416795714053308 0.452992082651276 0.49655744703378035 0.48580554575006407 0.440478472360457 0.4805575958801051 0.5260819414084611 0.47327706251778934 0.49933498791395103 0.48754177624723394 0.5132681210990112 0.4637265401026682 0.4367629114206457 0.454064630052868 0.44571433427607776 0.47567482152971835 0.49100886713679526 0.4865086889707016 0.46662651880044814 0.4680725252512977 0.40717566990294785 0.419802344339641 0.4205014759886844 0.41755933136506895 0.42859356958571304 0.3961232546845586 0.361380480563982 0.38350999804965347 0.3555432484064942 0.30033382673933784
0.5016233153643029 0.48991095955260344 0.48758581108456817 0.43865608228883235 0.44242074288049443 0.4888956944708468 0.49412930974636926 0.5291817187659045 0.5211189337097596 0.5077270976523768 0.4708997093660953 0.46401801899818507 0.4825842709032463 0.4634050391702264 0.5094802789461397 0.5060580900499473 0.47109589215588604 0.4615173586549282 0.5062653143695383 0.5017928046348958 0.4813833447937287 0.47217782075341586 0.4706177890683059 0.4693532112226622 0.46035310611459185 0.40422810836846146 0.432682883674651 0.4567785146012736 0.49097732579389064 0.5262083721336572 0.49469307004496116 0.49142464934272 0.4506476999189692 0.4328770680235702 0.4484189615966802 0.43477243002954685 0.41708388641059563 0.4204547441705117 0.40235010569423696 0.39492387064539625 0.35711755237056453 0.3398568119147974 0.31594998953492026
0.4782032790905591 0.5369581802425136 0.5153096562641163 0.4837815875480863 0.48753844020770815 0.47380492883709413 0.45520231898541264 0.4874931797819956 0.5034683443366398 0.5042582956372871 0.4927473731911944 0.4562151950203206 0.4832796400587704 0.4816805816968921 0.47896703160129644 0.4870271585551175 0.505958441036859 0.5396189261687805 0.5318155767298305 0.5210201437472983 0.49494434930806647 0.4932695115873345 0.4732040649793414 0.4625746887354225 0.41552741216474076 0.41234575813549723 0.41525697234761133 0.4617838824582991 0.4741707858523153 0.5127474094382756 0.47235799315579075 0.434530059967661 0.45655053514961197 0.48510149849093587 0.46027452179114664 0.44878306020272074 0.42740449772147215 0.3738244556442307 0.3438233485043211 0.35289289822457287 0.3590773946150092 0.34290328967340883 0.37255878680951027
0.4413520845553924 0.5035795860357366 0.4491637356538808 0.47261419567565044 0.4339637252216024 0.461963808401975 0.4492332945503009 0.46648888458065074 0.46605722840414704 0.4805319822879372 0.48570624251967437 0.45288701046158214 0.46658686690460877 0.5009423857968629 0.4835662289212581 0.47219749570251357 0.505398210769201 0.4804247487534269 0.4818824218465305 0.487164134736186 0.4729561911696457 0.49581675469383174 0.45674908550174664 0.4739287120968933 0.42915090805515516 0.45428521342944717 0.45875981960526824 0.47631181756293234 0.5009126976559837 0.5032717811038674 0.4732563216298209 0.44592758733788546 0.4416603295255017 0.4505775094816814 0.4335264011243505 0.44469682800668797 0.3918575193231906 0.4043569114595301 0.36327839396024303 0.321972965315976 0.3554162701443262 0.3766671328607425 0.35572577252455195
0.45622783506963255 0.4803113824354505 0.4291355929881427 0.42204004633924486 0.41303169523122135 0.3894211963315503 0.4500428765890868 0.45180389450452596 0.47457192304337487 0.5377156159738193 0.5111409309670277 0.48077365926933463 0.48903764582102477 0.484933841550614 0.5184308086615115 0.5310537173152743 0.49322708951924044 0.4850334523915247 0.45214038841505527 0.4464092637099187 0.46283891928754056 0.4734630380518305 0.42337713210483985 0.44164164491598584 0.43293777032835595 0.45120958375955966 0.461005927397411 0.46322517657848195 0.4446315963037943 0.5075229720601013 0.475161078176128 0.4263786754700291 0.43718730321780874 0.37587582694092225 0.4125002906205549 0.4262055309615227 0.3669900716187856 0.4108445928855072 0.39709898809013777 0.30609427463986494 0.323952329925633 0.3670888633705628 0.33552642311826913
0.43827205289678006 0.37634961649860527 0.3787133375561917 0.3846259198772001 0.37948041834886165 0.39180981030057377 0.44071646284014393 0.46242313211339797 0.5207031158963624 0.5565140929295448 0.5290043663452894 0.48505565751814833 0.4855245466558498 0.46243941528187166 0.5073568875879324 0.556724736844111 0.544741701917053 0.47787764951067574 0.4613212758976162 0.4409366662926798 0.44647298240766087 0.4582965179404723 0.4523738791560715 0.40842784429050294 0.4188915199524235 0.47242557404393154 0.43001216591456193 0.4460361767052287 0.43987231693865264 0.4632348968746446 0.47494422783625695 0.4572867171500941 0.4137080540777232 0.36234814085944966 0.4099318367398768 0.3916752382408122 0.36970538126195823 0.3976520153857461 0.37895799227963073 0.33700010945623426 0.28151718106462487 0.3339213285729843 0.3182691955828929
0.3804346772635194 0.3258434956283654 0.32578915036544276 0.3303224177461543 0.33762297588238555 0.35293547466616026 0.42616355296313013 0.4605441537940252 0.46672176860782766 0.5444689043276716 0.5363333943275844 0.5341080821002581 0.5124054825978401 0.467445912011627 0.5024175124607384 0.5328785384953483 0.49938618796347456 0.5134908669706914 0.4504980158703056 0.4444180429813674 0.46230950638720114 0.4044489140054491 0.40796803127453646 0.40427433540872176 0.4244818970600653 0.46430523127195283 0.4565794937464497 0.4276977748709163 0.45015696109435244 0.44914396962348563 0.48773848359053573 0.44758430458980497 0.41791774195252335 0.353183841900087 0.34372667979553867 0.37234487878675615 0.37307670547197774 0.3721013615049373 0.35930530036014574 0.3090968719772766 0.27794763191688 0.27250329927714567 0.30325972213117114
0.4103211026329383 0.34749331996505556 0.33736295645991843 0.3807177402723351 0.3892997586259585 0.37663524182074426 0.4179789744731144 0.40624356234976516 0.4288662501351695 0.49939000802493777 0.5166080353310537 0.47335156516843274 0.4900674298987844 0.4836504262256442 0.5035369169742229 0.520922848984725 0.5142108205422954 0.47011331411788765 0.44746293086876276 0.45742024996745195 0.4236694621346019 0.4066995771996888 0.3993219207148597 0.3851795464085196 0.4071586919056032 0.42449621821552114 0.44401510542027545 0.461064334471973 0.4324241882673019 0.43098851927327225 0.46918787038710635 0.4445999879516911 0.4060652249399438 0.3214756217921876 0.33636492303119586 0.3143528781209622 0.34373185756385344 0.3683982442384434 0.35698488114756766 0.34704910166081177 0.3046180971290108 0.2566404426071984 0.2921623713280716
0.4393103894620116 0.40173129467416957 0.357921447568015 0.381478621322217 0.3825479804109448 0.3650314931960494 0.40878741361284976 0.36892456041972393 0.3566567478605962 0.4075291583672117 0.4260825039196959 0.47984643614450256 0.5172795681780011 0.511468145394908 0.5114234085516409 0.49265819908348296 0.4562573467941168 0.4573930600103696 0.479402877497225 0.46605372345082846 0.4793467852922789 0.4555011491549713 0.4529778943619244 0.3988861446744228 0.42181498241640814 0.3868884742186833 0.39420097683340305 0.41016318205069247 0.4309175613612981 0.46313286527859404 0.4665828439959007 0.4259447457216659 0.3510026311106706 0.3016315735916186 0.34172549438894384 0.3100786627061977 0.3293016108667078 0.371196366048584 0.3592070212112005 0.363948970141715 0.33289268512005377 0.2626945601152826 0.2881508575795903
0.4236911769072517 0.42045649752108655 0.42679818348373433 0.36617450317767386 0.39639079729927373 0.38136971976003803 0.3870177335877934 0.3976101120304542 0.33986266340756727 0.33271796477842297 0.390807648799915 0.45565736514700633 0.47053153899610217 0.45157835781966355 0.423039982717301 0.43652042844153094 0.4469633803865486 0.43796854886511066 0.45560177142104386 0.4528644457256658 0.4514631858457697 0.46671698101301845 0.4615891208050237 0.45416152598504667 0.4189421972678762 0.3727326562054331 0.3973363383553512 0.3806334298785944 0.4123699534959247 0.43155402480883037 0.3900151060965681 0.3927999396678861 0.3634920547622611 0.3000046024603954 0.29962645890890377 0.3163403125727189 0.3525340549316952 0.3817060573127594 0.3575914119804543 0.36666727962470175 0.3139673237840159 0.2921214838752902 0.31830095846519757
0.4239164347610792 0.4133644709890398 0.4333338179747843 0.3901177813353187 0.37564294761508726 0.3515635256417196 0.3483219890428828 0.39836296463268267 0.3343058201945557 0.3129512302558924 0.3636523912000616 0.3778585047040961 0.3976213543109288 0.3839685721532685 0.43737397945770295 0.4135878523006493 0.44277151603460846 0.5231476023958738 0.4484746682218198 0.4471303982165797 0.47078718614705933 0.4214114672493172 0.42125025161605095 0.4385818131906412 0.4247209723931851 0.40938881630312596 0.40001896345522675 0.35426125779301254 0.392587548040294 0.41381672234912337 0.41481626561483614 0.3653543855195749 0.3676370523215783 0.3239797764499618 0.33336523028925935 0.3871500980118211 0.3490530799597673 0.36975759307569794 0.366095161175679 0.3670331982699868 0.35306496488633604 0.3303989446747476 0.3227328255328574
0.4110861558462929 0.4048844299287007 0.3820266186184266 0.39590763948772695 0.3749919571031765 0.3549663495183418 0.3437477250988172 0.3614820178750059 0.3283926676578415 0.3209121787910588 0.31960039807302204 0.36179992448592174 0.353117644731237 0.3694097826923233 0.3981995689473598 0.41243118002831375 0.4676359867338114 0.5104439531799682 0.48838515636750546 0.4359024640487522 0.45879847064578777 0.4373008187363281 0.39770681188492824 0.3906096403487439 0.38729198703482215 0.3975922586596654 0.359095786206159 0.3939602817184644 0.3516655990349762 0.3507146409986979 0.3647619407646475 0.3382372079199935 0.31181614603088414 0.2806570327147968 0.3215068301830658 0.35459668704690445 0.34509753549095323 0.3867645671031967 0.3950130898893459 0.3849756251671251 0.3596098679917939 0.3658576653157508 0.3577961660260285
0.41182446109192894 0.3933729839952149 0.4318103339334502 0.42168991230940067 0.38143253352513407 0.3382709584844322 0.32995885902481 0.3641004478016826 0.3215521530870052 0.3295239059871847 0.2896959594829711 0.30999114694545676 0.3425318947773865 0.3097206421945921 0.40733770036977335 0.4439486709571658 0.4455170278148479 0.4515130586801637 0.4449856560524139 0.4186296582751075 0.4678558321816976 0.421589096569107 0.4267248172231358 0.4221221725734316 0.44599936140272506 0.3939488619461508 0.41001893235437936 0.39958290667899565 0.36562999236012816 0.34491972054813647 0.3422659979312678 0.34498020433501336 0.3247920963914644 0.291614312264756 0.31595248441359364 0.348930618337887 0.35139758628165374 0.3804945779009249 0.40726602338291024 0.3769571680705702 0.37337166528811383 0.3976696476687559 0.40639177589489994
0.39394290935644616 0.3567110646166518 0.4204533599045137 0.43527245124960656 0.3755229998182735 0.3933649162360826 0.33745337880598897 0.3361275372298344 0.3449973654006535 0.3106336602622986 0.3280852569306653 0.3140528620961516 0.2926827257481067 0.2940128988970006 0.36934092394596063 0.4265639830058469 0.4030373355450101 0.39406943182810616 0.416552185437381 0.3902007158683742 0.44134835564551966 0.4039489133079114 0.42685981603476586 0.4324086901770305 0.466402017351092 0.45534418931795334 0.4276375005293731 0.40140886936042514 0.36579156772836174 0.33460999074193926 0.3363989677457427 0.3246694833529403 0.3114991957829585 0.28785122054234136 0.2712844305202586 0.3133357464716385 0.3435312895368698 0.37513611288413706 0.39385577215118833 0.37757462336882297 0.3632921419609874 0.37382059454000083 0.39628132958894674
0.33403509676945176 0.3516515426987529 0.3829631691394014 0.4341223953929237 0.38968282928692166 0.4249316447705101 0.37112642684224895 0.35128274271231374 0.30813185943621707 0.3091500120592703 0.29123412629970635 0.28643804197388706 0.2965388112318721 0.31701497307971716 0.33164577145171403 0.40730661400132606 0.3894160461232823 0.4236543172417372 0.42591407106312773 0.41638685241165935 0.4301309251648883 0.41074241263731365 0.398807290634112 0.4744049732940254 0.48302258809859855 0.4501060023053262 0.4213315348932785 0.37911185472033143 0.3486066854993228 0.34337500979609403 0.3121357185910456 0.28391765227052157 0.2590660038262513 0.20205667568914634 0.22066978948893026 0.23960921187985407 0.3213470489473912 0.311815413372231 0.31871827190481694 0.37423753219635286 0.3768478896564123 0.39920734900067983 0.4396229811310318
0.3788440363678887 0.3495260307477797 0.42575680942443384 0.44808485770449874 0.4514055564012466 0.40827889188782923 0.4268673691649068 0.3551780507523333 0.34227955445636815 0.3104164425304642 0.35758598053346075 0.3604283416295952 0.3433374335308557 0.3293810507518519 0.3487641816234269 0.4200377772290066 0.3895046319659699 0.4098006617262113 0.3991252271453583 0.3963803219142146 0.4148216071971012 0.40025059101454075 0.41145492985329585 0.4136765554104558 0.42032869136163664 0.427740598990658 0.41830337073877616 0.41124364753230264 0.4083225829383497 0.3733566606452767 0.32631754967625987 0.3120897206128071 0.2587730234677686 0.2222777651456615 0.2499501932402785 0.2984986939633579 0.27525237045710815 0.340147191899951 0.32534540281963564 0.37309686129272945 0.3772124808360526 0.43659216175315924 0.43488425672156406
0.381494818042471 0.36168247794256403 0.4218095095315439 0.45086736156986734 0.42639852048748333 0.4402354694866339 0.4009369073898434 0.3911416716597415 0.33606864601244624 0.3371564230278227 0.3343604692010161 0.36626603874251923 0.3583760939411755 0.3330778956818635 0.3366946276663378 0.4015914330145676 0.378162274785889 0.3830194034858513 0.3354741212658831 0.3630090840338435 0.3670114354055703 0.41649480000016853 0.3754032436085138 0.3921825492534936 0.4357219060003302 0.4438008144691255 0.43485383592717997 0.4269301181249489 0.38229361388950245 0.35597124041978667 0.32577366078086684 0.32634308894233327 0.27201499198886253 0.2672001993858272 0.30980992692354803 0.31926506997296494 0.30472165856611616 0.3150983718574082 0.3372974190163323 0.35689893762060404 0.38172598575498745 0.4254190304066072 0.4338994961768882
0.3983837625529439 0.40415358507042776 0.47279287571793976 0.4539126911236706 0.49385613905967585 0.44210650735279783 0.4272017305147675 0.3986128724252782 0.3957546735056438 0.4132138581712401 0.4096881083385081 0.3874036762815998 0.3489736806194947 0.37514488054570194 0.3356780426779798 0.39325523878818414 0.3628822709003339 0.3203495525396281 0.3128443293455316 0.3339368708594938 0.34270929037228093 0.36549771122288544 0.41449501035490527 0.3633376032182288 0.38197612963168076 0.44850264179156735 0.43137209128050413 0.4190596501270754 0.40665970065615864 0.35973501323132706 0.34248310390828673 0.3103757073771138 0.31797466688221804 0.2514804885810908 0.2733566634272065 0.34161425114872745 0.34106839123595983 0.3444001360793657 0.36655954835002724 0.376549431149922 0.42978529245378627 0.48598024989647387 0.46957371585227475
