Raster_benchmarking/DGGS/continuous/raster-397.asc
NCOLS 100
NROWS 100
XLLCORNER 1743149.8521804279
YLLCORNER 5469289.6942576105
CELLSIZE 10
NODATA_VALUE -9999
[rows 19 to 37 of 100, columns 0 to 42 of 100]
0.7255812741246044 0.7443805402376077 0.8073789844522127 0.8094706826497637 0.8191105624701739 0.8229943576849349 0.8617219024741001 0.8837191352368489 0.8766334793228171 0.9059438089119931 0.9165024197158983 0.9008724896765465 0.8886860820664557 0.8441168925647026 0.8427082274898504 0.822502303843126 0.8675904690336158 0.8831366996537645 0.8680216106633734 0.8986595460375912 0.8851830007800223 0.8564823213942322 0.7743156817812624 0.7779622002664486 0.7521529976781989 0.7566144616751016 0.7701244972207008 0.8147057193830011 0.8253525382263048 0.8347485440724016 0.8192910958849451 0.7819290811912029 0.7413214795961351 0.7457138200441015 0.7799371482490787 0.751709122963341 0.7381949655256481 0.7811901339584545 0.7469659251874476 0.7572545339282141 0.7505765489684895 0.7775851504620555 0.7502541940566839
0.7495571538948248 0.7897628488267592 0.8007106181576218 0.8432015395261342 0.8611542231082405 0.8689583445946403 0.8557629257083748 0.9086836362483417 0.918787127222444 0.9280050905129653 0.8955921503339236 0.8899838211773858 0.883547670535161 0.8501174246417 0.8167070109069046 0.8219239469977673 0.8109117997987455 0.826709057180434 0.8695445216351605 0.8685181384201853 0.847676302166917 0.7988816791493618 0.7512958098096638 0.7397376229828337 0.7518308210156853 0.7587262860073224 0.7478449317662195 0.7729067239733161 0.7654220564833386 0.8041309221007396 0.8128854624394607 0.7693431094908515 0.7749567628817698 0.77813624406806 0.7677220570458647 0.7326432383042387 0.7442557626295639 0.7902994886394082 0.8051060613664129 0.7644019435142765 0.7591205617449716 0.7258828167893365 0.7245069266238582
0.7737118160053911 0.7885206574665619 0.8279630160165602 0.8703467627734468 0.8941776315458824 0.8810571505589999 0.908684351042173 0.9000587171819538 0.9148496339749375 0.9322994221722091 0.9319052300741153 0.9109470590620737 0.8657438703334863 0.8173588535962811 0.801633676313982 0.8115006061382125 0.8003518414414915 0.8256748678477568 0.8579706590270879 0.856334789325418 0.8048194674776142 0.7425362882877907 0.7310676137497235 0.6662786427238517 0.6800565149721843 0.7031841827664169 0.7154923015515435 0.6783053378472342 0.7133877339278494 0.7507416699105482 0.7601103086522566 0.7874399989635219 0.7804461977506162 0.79440116773423 0.7677259424458384 0.7321108326768343 0.7884919639013566 0.8005781069319066 0.7921006065478555 0.7954440451220365 0.7909039917522754 0.744173288258936 0.7530088152600835
0.7492269647507279 0.7720000713003572 0.818524015683286 0.8264429808068338 0.8683807853225093 0.8634833487780147 0.8994399683389523 0.8674087528730774 0.8947852792907888 0.8900528294388027 0.8893767488348034 0.9092189830836768 0.877296981161375 0.8249001607631173 0.8086473162315627 0.8030837566750891 0.8165195570809106 0.8001052440254799 0.8038528254485525 0.7810400229029403 0.75402342401582 0.7181613721409261 0.684886963839517 0.6915913446998835 0.6764259179420528 0.6708718664335263 0.6977651514764711 0.6756094900935639 0.7075444634955963 0.7392066402348124 0.773795230002157 0.7786344457795612 0.765452699960371 0.7830425502250058 0.7772522347189909 0.7755964766224438 0.7754095638213804 0.8054401077947846 0.7899965005864048 0.8079220990162914 0.7768184621224858 0.7253478891366626 0.71868532683142
0.7437827432087972 0.7861500495360466 0.7971702748065119 0.8307948876944389 0.8499324221490041 0.8987325493121114 0.8915379068535848 0.8458378124729604 0.8767541661009398 0.8498660517689853 0.8947397959345671 0.8997643614303015 0.8486562856384724 0.8155377752790159 0.7991100581841535 0.8187467539018715 0.8183578562559487 0.8008202754864011 0.7628464529368851 0.7637708733645633 0.7363309082642095 0.7049291082927167 0.6723132817132247 0.6892990590220295 0.7047682895401098 0.6976283440634671 0.6841875217256451 0.6776283946454884 0.7066814163593491 0.776341097274765 0.7444649880803589 0.7500468228225966 0.7344481256516543 0.7676853104460509 0.7897058487360498 0.7608343353155123 0.7420957782536731 0.7717817574693119 0.7678524654354996 0.7718835036455703 0.7683929306502735 0.7374735770962861 0.7273405872268635
0.7460381200475968 0.7970887025827406 0.7944493858100034 0.824957427172267 0.8651414729163454 0.8682633925538195 0.885615000440963 0.83594020297489 0.8392486875768889 0.8597979720562801 0.8827160402302553 0.888934197323252 0.8477532381452977 0.8413657017499628 0.8327297325490288 0.8068232723264848 0.7849881988120675 0.756955310948972 0.7395039964665053 0.7659200668273605 0.7286693599915832 0.7287369081756466 0.6977454205706448 0.6421403670894458 0.6568035046188442 0.6515248188807049 0.6851896826946141 0.7090526023902192 0.7392802190574403 0.7277014798795126 0.7701793094125173 0.7513661705609371 0.7532218812642848 0.7533162229005396 0.7448101238264158 0.7740288723678512 0.753929957754917 0.7545419076167056 0.7615732814968157 0.7330780544752158 0.7549112529105082 0.784208272795969 0.7727934798248461
0.7711243904542108 0.7686223663131486 0.7816522096049812 0.8173888112108662 0.8397733619674572 0.8401708933402399 0.872752812025953 0.8662441606850383 0.8459894168592077 0.8489227473231016 0.8531930792466683 0.8597453668961115 0.8653857561858513 0.8331234246629029 0.8208221169156362 0.7965124350123284 0.7603478803292308 0.7443232292500023 0.746014231934054 0.7393484769707108 0.7282942978748564 0.6789633751634268 0.6557723255969177 0.6141469306394175 0.6366993479594815 0.642924265053702 0.6532293147322927 0.6727975315985087 0.7267949047182672 0.7325523852769679 0.7609362262420377 0.8255127556161842 0.7690264994355017 0.7683732873398957 0.7769699266175198 0.767525943140252 0.7577767945034707 0.8191153251631265 0.771712827972114 0.7502378836547607 0.7739285240548582 0.7781134493541914 0.8199164293825814
0.7602777072445751 0.7486928724279042 0.7510456527509507 0.783878022404342 0.8059378619067564 0.8354955464886726 0.8158673499589922 0.8652890208341162 0.8588229135210801 0.8836209802202899 0.8574838634476611 0.8379342315422706 0.855401416908673 0.8301086374422392 0.8315595318409854 0.8056205535166717 0.7925954681076861 0.7601658412977309 0.7738312307249509 0.7497318318894721 0.6987071269794451 0.7034036383667356 0.656459142479621 0.670185189214782 0.6357444254286339 0.6539177971351551 0.6373993977822558 0.6987298220092523 0.7351233951350927 0.7728121246959125 0.7643228501925164 0.7648990768630862 0.7633165935001481 0.7875168609977108 0.8000468129010143 0.7955558019836769 0.7762513350346992 0.7997576267761558 0.7868177083757695 0.8108032432345376 0.812493247662709 0.7946336334766394 0.8324415310678905
0.7233254965724785 0.7079430225349536 0.7226010914260139 0.7842742631511671 0.7774253277209806 0.8041309702459659 0.8258056288012057 0.8611000537257535 0.8697026110093009 0.8648763860403624 0.884445943327881 0.8616399873947137 0.8682411997033049 0.8388159233131556 0.8664907453413645 0.847945099461957 0.791692373228664 0.7729284800819953 0.764693865500139 0.7412608592381346 0.6940048308134755 0.6775978567354766 0.6432968358617681 0.680493696757103 0.6675030774869101 0.671770913752526 0.6477519498178926 0.6632853855940911 0.7204651233812284 0.7640653390492808 0.7572319619299115 0.7532253518022086 0.7470361769595959 0.8020987174746105 0.8072151218068917 0.8006013251142334 0.8136896988436133 0.805564899710037 0.8201078593011877 0.8486787747941389 0.8401074625797001 0.8343061625127469 0.8584336429169255
0.6824168258261173 0.7181641102182172 0.7127265542142043 0.7352322931039366 0.7358363817224165 0.788331528730183 0.8276506495267444 0.8003878576607637 0.8223504696577223 0.8423393228389805 0.8620640567310754 0.8694704860049963 0.8576249251699735 0.8387511682251687 0.844796848155918 0.8304118909513454 0.8054120097993682 0.80473306230178 0.7542181009612676 0.739009297256174 0.6905652014794976 0.6652021148614081 0.6465078380860665 0.6470437392882092 0.6644653272097399 0.6839498398942416 0.6700562841902088 0.6871042556497092 0.7365600856935323 0.7283026321980126 0.7835057712958027 0.7751277038207706 0.7642587956559389 0.7828164788023058 0.7904408195228764 0.7783909547004473 0.8039366153526853 0.7995316188467548 0.8461834982477622 0.8528357937353156 0.8621394328123994 0.8718696200232967 0.8553678821525266
0.6934918382703125 0.7007549610448132 0.6709879163550687 0.6653472432351489 0.7358442589972513 0.769635295017004 0.7566207710838637 0.7757720450703104 0.7800205912522622 0.8072408031158508 0.8563505016836817 0.8552338514002076 0.8695241397131832 0.8678130686955534 0.8099728385931345 0.8137540388414696 0.8004586006150972 0.7798992412253499 0.7306601595367619 0.6931289411820954 0.6997149401484298 0.6743359440735893 0.6529984564434238 0.651951961063638 0.7041138700860138 0.725390302853108 0.7236991069857561 0.7215531986428797 0.7298181798613561 0.7347581658631991 0.7526176714000906 0.7835189505804158 0.8057357633072413 0.8123940934488417 0.8054040609593791 0.7440445222781791 0.8112138586170436 0.8351123026884322 0.8552390025459979 0.8476831280677993 0.8824297438939742 0.8590117071123806 0.8550950414350482
0.6926122394286649 0.6770625531440491 0.6695807747058099 0.6614830622047636 0.7097314477972781 0.7499692701594507 0.755582986717294 0.7445550558503363 0.7580937192023681 0.8050621991850266 0.802637353725045 0.8455603156079569 0.8524561891990661 0.8293979720584636 0.7961394955345796 0.7895626732516111 0.7598618566794413 0.7587482305161815 0.7346494593148868 0.7094474168700178 0.6926195139157427 0.6892183710458204 0.6556581868682899 0.6446414358010125 0.7102381869356844 0.7261626208412403 0.7108125816370751 0.7721187388265837 0.7850516403836031 0.8034738262303924 0.7973596107580133 0.7597391302146811 0.7677328992963547 0.7837887075983285 0.7992199313962696 0.7868451252286752 0.83762395437997 0.8424391257162669 0.8290010668844939 0.8390971533879729 0.8606786245923674 0.8357178291874257 0.8280251552085185
0.6993201558599336 0.6790548108802856 0.6862854326491904 0.6720450082735422 0.7066336347679373 0.6877253008013579 0.7206177180849477 0.726338809219045 0.7693816928129527 0.7491989862213785 0.7842266606822411 0.7810294277906582 0.8131689583905012 0.8155055499784929 0.7699185932668688 0.7715889198885671 0.749479681781768 0.7732488115297255 0.7579774762708446 0.7047931805124961 0.7036141611188462 0.7025227274067947 0.6898949572653822 0.6522858041635653 0.7138388131059449 0.7089741098296151 0.7658052985301927 0.7898957853321339 0.7728182249973018 0.8065761944859778 0.7665305608039733 0.7919409804196907 0.797140529486961 0.7910627082514604 0.8363887053890777 0.824109985001007 0.8317987799134022 0.8618489453653 0.86712543860809 0.8322740066399623 0.8602523427573594 0.871981902577816 0.8257976429465596
0.6518487413737807 0.658643809535435 0.6719390576214629 0.6829304208992157 0.6927174518373882 0.6851784469608322 0.72471883973708 0.7241558390613515 0.762694674522304 0.7648573416536977 0.7362073435483628 0.7316715394263884 0.7469523533397981 0.721733960177595 0.7286451789776924 0.7668264376439442 0.7787781074477195 0.7571007580707247 0.763019048811336 0.700154979870802 0.6924613653921781 0.6860763939143713 0.6930147492349906 0.6759796508123953 0.6841041283047905 0.7207144929510257 0.753410772573549 0.763796191395332 0.7751824299866691 0.7540022472569613 0.7661410090437073 0.7936180830247771 0.7807402740197623 0.8154210369243751 0.8430115491794552 0.8445454518349007 0.8431683783582357 0.8604351993231567 0.8543654952258551 0.8627972518888376 0.8877423808658987 0.8911706088842903 0.8798064529021162
0.6561966485849181 0.6320741040908481 0.6562840315629206 0.6605553883129638 0.6927125379838653 0.6624097610731445 0.6934389133759201 0.7585264908059554 0.7659659037915257 0.7412262092329774 0.7175131318265078 0.7247159132802182 0.7415255440706748 0.6988923053057597 0.6920917622880643 0.7202378497809195 0.7415588047437837 0.7661885831522363 0.7715762015331616 0.7086340811303941 0.7054505016435016 0.7142287772007636 0.7334828733906118 0.6981628694957422 0.7047034859061806 0.704080890848173 0.7650788971039191 0.7676556346004656 0.7689516764442134 0.7718475537084191 0.7639699831240534 0.782645788263963 0.7830133387817001 0.8200571805616562 0.8285527026466069 0.8443743549485284 0.8827870929052901 0.9089344309974899 0.9217074866111272 0.9175780392222721 0.868057803634019 0.8583662454873487 0.8625468616881088
0.6022700792121981 0.5962576036942638 0.6109019424544045 0.6234743898531965 0.6653101733340792 0.6870634927436964 0.7133334131235884 0.7569019686476566 0.7430642750318363 0.7052627257075937 0.7085990070395208 0.6879459471958739 0.7165627407715173 0.6949386222829842 0.7174853546266333 0.7567342115188359 0.7461877248160045 0.7671754358250953 0.7595137822065341 0.758417555363758 0.7527285663608139 0.7215848418217318 0.7467647342043183 0.7276168681888796 0.7674069819333436 0.7780556185990782 0.7548456222735875 0.7754288550734616 0.7941762029401624 0.8163044034565562 0.80072468028737 0.7877746194929682 0.7668037115245255 0.8260576606312245 0.8295669672929601 0.839363428709373 0.8399315373882578 0.8660979245850098 0.9039503593750446 0.8954243588476939 0.8542781956327586 0.8266664340887194 0.8301076736050041
0.588059325991796 0.5688505243426932 0.5951610095126711 0.5848447318906923 0.6725842673678694 0.6961798721390523 0.7121230595628116 0.7056163679808339 0.6957767501327978 0.7033725632602787 0.6765694465395273 0.6949263868412834 0.7249187330617525 0.7143279843087241 0.7247595479902404 0.7676908985463489 0.740045235415643 0.7623664430257949 0.761769568068921 0.7711461889315163 0.777599896336807 0.7195424075230902 0.781889336261003 0.7898854174741603 0.7956571080217637 0.7914319805937733 0.7985220143993955 0.8355746179694031 0.7982316731972975 0.8102656413485655 0.7735204285587922 0.7542154811754582 0.7957765862600432 0.8151937133813107 0.804936627370554 0.8046053632158613 0.8451390708259824 0.8904408660642769 0.8952928577080382 0.8521547322875259 0.8240388994423721 0.8409986528501282 0.8254187251091634
0.593258344637512 0.6006428851304239 0.5608014965388792 0.6008468351922694 0.6397750984956679 0.6654653013746474 0.6563462175428383 0.6881818811711441 0.6876786607151619 0.6721700897041372 0.6776563671852883 0.7023982929434742 0.7408114954229746 0.7121195949192125 0.7255176037960669 0.7679525726789352 0.7610467320675828 0.7285046587839168 0.7465252787756727 0.7461257973891195 0.7594661269173627 0.7641049741341278 0.7775861770741007 0.8013636270175751 0.7847056312429712 0.8114582647995509 0.8381005414427444 0.821746581812805 0.8264604176143534 0.769174453051706 0.7735287599418639 0.7711243062190334 0.7907258658107584 0.8053581386877002 0.8109980488916833 0.7897392542765191 0.8367117117147931 0.8501520968037508 0.8864356324456174 0.8459197045351763 0.832249839281206 0.8447434853196973 0.8125515670973239
0.5774861680076454 0.5806293585018203 0.558112679005227 0.5771807826848908 0.632043206582065 0.6643372458943494 0.6308724323755569 0.6136184666508027 0.6574201428635085 0.6247796410541739 0.6528726265828224 0.7225638811688738 0.7417861096713992 0.7335085461139962 0.7502861144771416 0.7890419652884707 0.7812547746471524 0.7407240101819537 0.7561506767310539 0.7427625865803427 0.7595919388552893 0.7182439246198211 0.7802099277773878 0.8270948437899163 0.8004760625664256 0.8382162676375678 0.8323566652753154 0.8488040987035287 0.8068716837463795 0.771030484966774 0.7546055354707283 0.7724174905536239 0.7768444144039014 0.8133449324666687 0.7946910282179531 0.8048557650776672 0.827658623396217 0.8929917116952811 0.8901071588643529 0.9067511133161495 0.8662044186378918 0.8313615714780013 0.8255038314198566
