Raster_benchmarking/DGGS/continuous/raster-139.asc
NCOLS 100
NROWS 100
XLLCORNER 1743157.8707067377
YLLCORNER 5469286.882679451
CELLSIZE 10
NODATA_VALUE -9999
[rows 76 to 94 of 100, columns 43 to 85 of 100]
0.569640665695463 0.6059900930368658 0.6755468996302879 0.6919800947568799 0.6869788439866839 0.7136210744597324 0.6976844164061868 0.710999574714531 0.7294477317619548 0.7508042726814669 0.7694626774621786 0.75269714968441 0.6737126207487588 0.6702349771737905 0.6845350624833029 0.66444092680439 0.6628392865250848 0.6227968105373695 0.6376939544809536 0.6657278172927068 0.6715869658733657 0.7164399765857276 0.7019327045121935 0.7166105716245077 0.7347692235597759 0.7591060518352856 0.7760375215364473 0.7656345020169593 0.7562488185802115 0.7165034484599845 0.7323728708157129 0.7292727924918966 0.7050274558256892 0.7232801703171667 0.681831988191315 0.6958753647415594 0.7031716277524697 0.694803969223829 0.682388642584996 0.6736908650511884 0.6723405566418008 0.63869989185175 0.6445056283538688
0.5700254304942579 0.6110941885298404 0.6600735740063677 0.6955605918446631 0.6871764698191513 0.6777174563643017 0.7037264499215065 0.7108310011095686 0.7184231017959215 0.7513698352305191 0.7694765738382906 0.7197454688875355 0.6834691022891369 0.6766358022042456 0.6371899138471574 0.6738696511728075 0.6686327786394304 0.6280710431568856 0.6039990289684208 0.6501928902287604 0.6857955997026406 0.7054142688642974 0.6886629002072631 0.7159113625652241 0.7292019975919368 0.7606632345935587 0.7730430232547812 0.7404376193141309 0.7304944828808606 0.7491902103606622 0.7396561632996252 0.7129562110463938 0.6982350183373321 0.691601171047266 0.6644099008047126 0.7048549607314704 0.6955742317511489 0.672340866156133 0.6830351911482883 0.6501771060163317 0.6152379367557503 0.6343270055045244 0.5909606368940478
0.5770133295907244 0.6055922138969101 0.6309251103325599 0.659742194790967 0.6691671981710554 0.6865974495088367 0.7272142600762574 0.7211576106220309 0.727389912568961 0.7586564341334636 0.744449737085088 0.7201347768596226 0.668666008985177 0.6505921666513125 0.6522055239327502 0.6380053045143234 0.6085295842808418 0.6052969029681304 0.6133966183903146 0.6437660856567649 0.65479705944452 0.6930803436286128 0.6932466146341336 0.7127690134531653 0.740824454264112 0.7600705191245384 0.7362811445733561 0.7252254278920132 0.703829211138694 0.7166569432705828 0.749843436865128 0.7111766941767511 0.6650832970440164 0.6641803876190993 0.6403210028960198 0.6779820878159888 0.6780989023310698 0.6850323426407356 0.6644696872630822 0.6496050590971031 0.6152577166420773 0.6316746306456966 0.6010094416630184
0.5594338500183174 0.5797382972426486 0.6497083509244124 0.6417267282783238 0.644982589017455 0.6845629137847493 0.7323137259395962 0.7022666385592982 0.7085035143287591 0.7510238790122501 0.7473653494772328 0.7045673310149013 0.6569637712969407 0.6259122578595807 0.6228949914204227 0.6543002332072211 0.6155551725461615 0.5891866078377844 0.6108045164026905 0.6436848922244193 0.6880094274291501 0.6785420205391226 0.7142499485175251 0.7377707122063317 0.7386662797395678 0.7416437290223535 0.7437746032088272 0.7137534338160522 0.7321867061245216 0.732468318912253 0.7327303818263705 0.6702594444290709 0.6684679053363551 0.6719652269345058 0.6476886663924375 0.6687821372886983 0.6602852216927622 0.6208830575692375 0.6086003517225268 0.6234222977263135 0.6259388181369797 0.6569992466738284 0.6447161799213368
0.527326804811564 0.5580525373617038 0.5829324001169599 0.6192237085769264 0.6230362977858485 0.6830872865769578 0.7281716148312574 0.6829181295007506 0.6891119712769939 0.7006402937918574 0.697703368928134 0.7073439552596397 0.6643920806374608 0.6188188843822587 0.6536225326568038 0.6516523980930533 0.6223461752050921 0.6184081310917002 0.6237925612450498 0.6374081296323844 0.668279573056778 0.6570809189372984 0.6905629749092553 0.7194394380335078 0.7375322702334325 0.7253659245004083 0.7139548702616628 0.7071688678330725 0.6775300075531804 0.685881104907066 0.6858884788726786 0.6669855231040527 0.6863353343579262 0.6530319510696927 0.6640383145268461 0.6528038347106485 0.6189325023202199 0.6159585690043303 0.6258968298720023 0.6567325970557055 0.6406848005997485 0.6638977216538728 0.6403543695083711
0.5193928539977942 0.5702601918672683 0.5896741179204822 0.6109558140288219 0.6287414291262478 0.6595437624956829 0.7208078081566789 0.6773401914502499 0.6673654916987011 0.6918664876170673 0.6901503840378208 0.681437198149521 0.6417828506290102 0.6260552784739368 0.6339211022673357 0.6298944121136167 0.6456695383611508 0.6203879855809743 0.6432626459371604 0.6340699837232644 0.6186855257846152 0.6704073363685992 0.6886711736608208 0.6712062631434941 0.6816139590624358 0.6577760972077984 0.6794381411792677 0.6562755971898371 0.6431619710217094 0.6698474202075749 0.6617756286287372 0.655438432693705 0.6587069415311031 0.6245310709407997 0.6330945149669253 0.643363702770278 0.6202770441782889 0.6306832615626708 0.6548039144411565 0.6729820719454334 0.6633061158708218 0.6528793239890934 0.6683359029058092
0.5610756215815441 0.5757887978474764 0.6046840834590081 0.6188232686566568 0.6374529046164731 0.6708837604942491 0.7049784473268181 0.6994081837825941 0.6968149544597718 0.6804404431271641 0.6527732828006003 0.6766328709694823 0.6544734291241892 0.6180132293385122 0.6090330486042405 0.6481733777514042 0.6388246655671034 0.6578850689942323 0.6638798811850622 0.6618651855217337 0.6193662786621299 0.6634668481764393 0.6405334187195235 0.6282074721503388 0.6203873418348665 0.6441780021114075 0.6138655091766176 0.611062791425535 0.6256967908204383 0.6058196113728972 0.6320163077684686 0.6217199010862179 0.6368240635898664 0.6298729661984869 0.6163521581030267 0.6103395027812321 0.612505783058867 0.6486367526914395 0.6549584086470932 0.6649292031237048 0.6942609139957634 0.6993701790812267 0.7063399653641693
0.5680988003895918 0.5792912872473412 0.5691295590541295 0.6035206231457385 0.6219997417885034 0.6698791963551334 0.6882889699288278 0.6990348494857355 0.6635527661473127 0.6763341425286153 0.6540939445160531 0.682573638428732 0.6495256712051165 0.6214786483343857 0.625742890689079 0.6291118224887167 0.6177357727280246 0.6429711732940772 0.6736079050462188 0.6674094653228391 0.6244578816064351 0.6343436254588678 0.6223968583381332 0.5749144254654988 0.5648681384475785 0.5677160881218635 0.5658572981800607 0.6193840834226657 0.6194924604607351 0.601042860417018 0.5958344812465932 0.653316755087812 0.6594841514891807 0.6395265818721175 0.6356609045463426 0.6581055805993973 0.654255802878309 0.6520965958007907 0.6982607889508482 0.6675903864167195 0.7117014459914038 0.6763156364273792 0.6627396690611228
0.5815540156609059 0.5800321034285156 0.5903949321440518 0.5912934545899763 0.6377471417429299 0.6368003433030098 0.6501318977833962 0.6866903774926733 0.6694524452064898 0.6684021879216353 0.6349980944185395 0.6579906368119809 0.6610861815325575 0.672932287990632 0.6258881011020887 0.6246472192893575 0.6498027425295775 0.6668419076947961 0.6749081242520439 0.6457216918991676 0.6190657384990891 0.6485744551274012 0.632045100396497 0.5659807812830114 0.5625005338265338 0.5683984078900908 0.5457254417350913 0.5886208084704594 0.5764421544453345 0.574400620395321 0.593996947193949 0.6365855647809487 0.6532027953833289 0.6594552096174235 0.644228836647708 0.6380326285159382 0.6412435427352582 0.6930190675655464 0.696971961538603 0.6772174806757791 0.685900888150861 0.6311914262917532 0.5991777737806326
0.5430985923400823 0.5819512122219277 0.6115479555007793 0.6327949580234045 0.6629573562917397 0.6441670515469206 0.6375559130719378 0.6593798179068082 0.6725455069022312 0.6563303931198795 0.6490878361574186 0.6754359533646118 0.664166888106368 0.6929481041271925 0.668752082958961 0.6682459104330684 0.6865339069425852 0.7046733207283432 0.7065527893412756 0.6523102817519821 0.645176336800935 0.6238471080487011 0.6112662726481072 0.6019850819449659 0.5468646292086621 0.5463658876928904 0.5442088337171623 0.5473296679310491 0.5449220660475593 0.5902408835172287 0.6034485353052884 0.5936985651929438 0.5973357187991248 0.6090156008063452 0.6569322614450844 0.6776204731194884 0.6579442944935776 0.6793878454643968 0.6671712825133419 0.675349400909155 0.6573872435280871 0.6490875855815442 0.5917692773256725
0.5850374146343774 0.5600574349187015 0.5954009200021313 0.6210513854194076 0.6674886506619138 0.6565825811837608 0.6770092594711724 0.6927267846335965 0.7015329289282031 0.6651876107844057 0.6536012367538475 0.6426973649028574 0.6444349192738424 0.6702588085303464 0.6654416596939123 0.6976968236085784 0.6842236553853467 0.6800531247811543 0.6916887151396642 0.6608703020847826 0.6423172732245915 0.6194765230031488 0.5947805868566624 0.5911543047717301 0.5581437568926471 0.5382468752740646 0.5215194836974785 0.5295183875396656 0.5557861923187387 0.5809126442134295 0.5612528674043946 0.5723258499458713 0.5968506492108479 0.6196926526205406 0.6738675958592139 0.667430357875244 0.6593345822878703 0.6537667962654543 0.6349738108375822 0.6263852831294305 0.6467549572717084 0.6338114583472557 0.5743132705934805
0.5620042489380044 0.5957299654981745 0.613044383309084 0.6517729575503602 0.648912112431787 0.6854079101958205 0.6798539737824346 0.6784255285846359 0.7001549244362214 0.7010160288890418 0.6493512051310479 0.6716153012553094 0.6247399170856256 0.6601832741336208 0.6485976948314129 0.6951069089285167 0.7043150255945841 0.7034827004554893 0.6843808531775203 0.6508473026643775 0.6092369340361322 0.6213487492007976 0.5590049558599601 0.5918204623412122 0.5769977346616528 0.5673094140129582 0.5569525760835868 0.5261472288112826 0.55420396603071 0.5291869178169604 0.5292013876893744 0.572619960522216 0.5821164502509174 0.6389943627925081 0.6544750919805412 0.6348767954820405 0.628875537735953 0.6244723507221144 0.6013098000561803 0.6036229476283196 0.6209737179780527 0.6290491214902992 0.5791765274999062
0.6020291550200033 0.6270787227364036 0.6510956317042327 0.6421266193123154 0.6609746781727942 0.6806229326699569 0.692336754035087 0.721245384074042 0.7261158816307802 0.6899120361709701 0.6768475952956925 0.675330002325925 0.6407759854198404 0.6359682373663996 0.6465253237917424 0.6992570596614724 0.7025754950134242 0.6982158201673512 0.653255439917859 0.6447159902039438 0.6222279175198973 0.6234271332523127 0.570660635886125 0.5634199550656214 0.5531663406247395 0.5769051599970397 0.5513690995445312 0.5304218555567608 0.5446008773338834 0.549207426447372 0.5684221771725573 0.5579415693137721 0.5824198399263523 0.6118313251772618 0.6230482418118757 0.6300386472248417 0.5973122696532333 0.5902223643032926 0.56246672898157 0.5811099762338997 0.5967692980643434 0.582525313021386 0.552954779797078
0.6345882154944419 0.6126586829430211 0.632421902307742 0.6723516151824087 0.6920545699777986 0.6758740080293241 0.7042208395843175 0.7218235749215686 0.7188687906717853 0.7271966827367567 0.6938699158379359 0.6671681108653056 0.6599580439217538 0.657993580363819 0.6688563381231561 0.6962021601763627 0.681728228064853 0.7033490862113733 0.6625571798170213 0.6467437804485973 0.6346036798578979 0.605301907682137 0.5955884625218445 0.5566298045513515 0.5375768706312586 0.5164112166410803 0.5337353701841061 0.5425490871178589 0.5321784925489771 0.5508310892239798 0.5650871197667204 0.5853641108626467 0.5785432769491169 0.6200279188620536 0.6116637277188856 0.5913098023246345 0.5797420584292969 0.5660131654273335 0.5418180906794189 0.5817224059109612 0.5665162602260496 0.564680987418694 0.5321576209126607
0.6445247576597207 0.6517551887403378 0.6346245071564012 0.6661499439395134 0.7179473706704487 0.7113246253613394 0.7329253053181816 0.7508787025428421 0.7293804789151933 0.7316873579941181 0.7033925318879268 0.7129396795424722 0.7071859676078539 0.7049312421624641 0.7006900688800511 0.7053566604575304 0.7112849682052154 0.6908498038633918 0.675139406310475 0.6752551754851918 0.6440395750714042 0.5922586149088642 0.5915315296836067 0.5316196494873389 0.519018336843633 0.5092980017755868 0.5247547682868251 0.5190077874958855 0.5360130072119084 0.5472508259012645 0.5477271341984666 0.5661239001177747 0.5742957164784441 0.6087938089034001 0.6127996592020473 0.6310324264557494 0.5679429921979225 0.5432489171591225 0.5324348619758363 0.5370568325237801 0.5656347260055983 0.5589499413035588 0.5661412664418951
0.6446133186164631 0.6604863250625124 0.6405312981118096 0.6737345904715151 0.7080211769874687 0.7009081099124578 0.7347295111007999 0.7189973633479134 0.7454838491843393 0.7194808710708853 0.738852327949774 0.7069879152361238 0.7309537930536537 0.7044044631908385 0.7539881174043328 0.7609768420545105 0.7481282938178502 0.7369218155583022 0.7263187207867625 0.6761465968103462 0.6530409879121704 0.628626669219053 0.5621381838732193 0.5479636149047293 0.5320749518844723 0.49748648790874167 0.48182066959242686 0.5101125546117637 0.49536386060036297 0.5424978191432297 0.512711488059787 0.5480926060106226 0.58405141445424 0.5945175604544475 0.6501490011779025 0.6308544623845604 0.584478086330782 0.565865663019151 0.561651075011566 0.5368461487992657 0.5058204365499824 0.521266076547706 0.5395268414865158
0.6143142861847366 0.6403795068858742 0.6744144646371676 0.6925034943931434 0.6842252403159447 0.698009508691617 0.7125186410108426 0.7074302831183609 0.7352266460035907 0.715840048108798 0.6925160605368981 0.702375508708631 0.7288394435609663 0.7241505117029201 0.7330204980010677 0.7517084780102257 0.7155660581388463 0.7075300667018088 0.722265435334727 0.7014504054396745 0.6574563105358793 0.6429821266455675 0.6185770064199527 0.5717109258601423 0.5634179264133272 0.5435929660659627 0.5469587815601744 0.4979049378776543 0.5145082161514952 0.5492561414156164 0.5239873749607817 0.560249912484994 0.5788144359067412 0.5921938666932068 0.6058195990536447 0.6213744064249318 0.606202314805146 0.5664385744732977 0.5755967028016827 0.5571298673671264 0.5192762666970874 0.5153254734817992 0.5083757718392233
0.6244094189831093 0.6664765274432004 0.7017266166011985 0.7056627302251377 0.6927067315987712 0.7092208352904465 0.7010876350231559 0.69352488703671 0.6967016558715851 0.6892017754290687 0.7115195336077605 0.7018448038248617 0.7101151301743841 0.7265749277295942 0.735242501542221 0.7183064623006173 0.6800176239096478 0.7114940706405861 0.7023274761791675 0.6992974845952381 0.6500709128073348 0.6547377005992479 0.6281552063867376 0.5924071191100407 0.5471756262021132 0.5397735832265801 0.5647597361818781 0.5467969493304832 0.5437680205434898 0.5513758155269161 0.5755000304991893 0.545185634439738 0.5343093194087731 0.5711792803058833 0.572136022652869 0.5984965177253464 0.5790313288288143 0.5887839783685211 0.5771948737766565 0.5687539459948652 0.523370360786289 0.5067539426158403 0.5282525492738012
0.66024732701746 0.6835051350312531 0.7145118799875164 0.717433905067035 0.6874261648802104 0.7116715760410934 0.6686889057373776 0.702209852750015 0.6672822304539651 0.6747045264220146 0.6695775945798285 0.6756984939566572 0.7128083238539874 0.7076010643353313 0.7034709083384261 0.6545967168940968 0.6883299837249879 0.6756023051285149 0.6480702263080842 0.6685041631952148 0.636726969371019 0.6267782486195609 0.6199819539076857 0.5916918463711025 0.5437314414949448 0.5419474954282916 0.5206702999275099 0.5152456242506913 0.5478751786314863 0.544558154695153 0.5714921227248254 0.5695984973528014 0.5677044325703693 0.5528560252470934 0.5396006169995555 0.5533526982673284 0.5576550020739718 0.59338255305053 0.595047198977755 0.587376293392305 0.5614352929066216 0.515868134734428 0.5309067719223919
