Raster_benchmarking/DGGS/continuous/raster-66.asc
NCOLS 100
NROWS 100
XLLCORNER 1743154.2276393387
YLLCORNER 5469282.644909481
CELLSIZE 10
NODATA_VALUE -9999
[rows 38 to 56 of 100, columns 43 to 85 of 100]
0.7653831167796973 0.7396134740546421 0.7229915033045546 0.7529322155758275 0.7665448858551464 0.6810311394733054 0.6532289550459147 0.6284779442175682 0.5596834350244726 0.554009078312853 0.5110341179418435 0.4881919614092406 0.4869651827833511 0.4733397834216471 0.4580994811408333 0.41248720798584537 0.39281024406133136 0.40006531032256126 0.4042262918497731 0.393266709520674 0.4393915403950389 0.45311373662773113 0.45770039550563857 0.4303239780789806 0.44247685135243564 0.43796156588890356 0.4726761784411022 0.4630504343019224 0.4590544954230025 0.47435105505080993 0.4342251927616965 0.47690066320196595 0.4579267637543561 0.4871681880125489 0.4877815900879718 0.4919502973353925 0.5216858915267196 0.49026661353090883 0.4254155276611392 0.40006729688158466 0.3419135891151647 0.3626652714535299 0.3105225194802014
0.7756845678227569 0.750210264515911 0.7382750949806135 0.7262609200976706 0.7184231491419502 0.6748909280069276 0.6453070996316191 0.5803761792381794 0.5458043096940607 0.5289317573739245 0.5264271688971138 0.4815709475208878 0.4730234386150993 0.4480059132753354 0.4309026290690124 0.42308708196357314 0.40433732209627904 0.39578170311283944 0.41179605121941104 0.41907793422548506 0.41409059725496117 0.4240489087122429 0.4696938298503022 0.4542069653823922 0.44434952086814605 0.47674520187742725 0.47064792741438405 0.47617489546713654 0.4556901535121131 0.45453939437309543 0.44429046526259247 0.48434411110451825 0.4606155676685457 0.47854855477605635 0.5143817494344461 0.5024513171679503 0.4665531347448725 0.45899310993788484 0.3989848750243424 0.37113017333308157 0.3544138730410617 0.3537823198884222 0.31765409995130056
0.7636982867998429 0.738710302293552 0.730062494227785 0.7059893151050101 0.7165102086933821 0.66985836021645 0.6308138096474049 0.5986334676334844 0.5485214156357824 0.5105008022785479 0.5044600919561506 0.4785545297172698 0.42313385711941404 0.418228205839647 0.410735795701608 0.38919043346111887 0.39711108508911336 0.401856935241627 0.3828759636295889 0.40283506516514517 0.4115965807244568 0.42555363786973094 0.4631496652753331 0.4500482547585938 0.4460306217725738 0.4650293846992709 0.4861516245669024 0.5002291694838169 0.49882855470451115 0.48032716246493945 0.4914714035153908 0.46972320512504584 0.4887510161791521 0.4913633498732205 0.5058259425894727 0.4729987649569889 0.4496382830894653 0.4256644030861775 0.4189060490118847 0.3818132925659683 0.37755653255843913 0.37432720484569826 0.34496845413505955
0.762562895840819 0.7208420954550799 0.7158968139544397 0.7118212619607925 0.6943040201568612 0.6647564500396809 0.6525598328858282 0.610106831572297 0.5709205798572867 0.5046489175808472 0.4943321325211499 0.4369068676915165 0.44321955701267235 0.4105272261595746 0.4044421125996053 0.41530785028791933 0.4122761012950637 0.39489375258479653 0.40078022009260966 0.40253529432440144 0.3983661299780546 0.4190453094011518 0.42525333006834243 0.4316426559972062 0.4240199422966492 0.4588553130415439 0.4687360934331432 0.4978297755055034 0.5132459581015525 0.49579330901067836 0.47314325567808585 0.49140253881367246 0.48253175336958204 0.4961851529959557 0.5186720548451124 0.49721735655775856 0.48632731524160033 0.44423921764871216 0.4036978863405406 0.3805589515175719 0.3774370814325166 0.3338335766360219 0.33825969767229286
0.7555941928514688 0.7162855270337586 0.7229772003689746 0.6959244161057645 0.7105131179853633 0.6591777142053837 0.6176428807914007 0.592348787236558 0.5589933181012053 0.525798193304754 0.46260701950269545 0.4714198642593662 0.4253884829388463 0.4072927302327186 0.39657986186359234 0.3943303945423651 0.4010681806235301 0.42929469498386535 0.4149000798909569 0.4230296230879877 0.388957272300708 0.3918097047099597 0.39800472036526424 0.4095849218188353 0.43331664182307594 0.48491629102210004 0.4772711696703311 0.49751549375840737 0.5062808674189222 0.48857980201904694 0.4601838078461965 0.4604980491756979 0.4497281637287419 0.4684779142762166 0.499206342267987 0.4781987168174125 0.4892286545502438 0.47601264631363893 0.4524639474252394 0.3863787023076161 0.34247196554957293 0.3175100401317188 0.3434716313637995
0.715792025703971 0.7291769692642224 0.6890148735279082 0.6942349720627511 0.6698311588777444 0.6400559324617779 0.6068118521167982 0.5822396017168658 0.5349661576322537 0.5328276129133861 0.5041606207503405 0.48107910184463054 0.47287070675972975 0.43261032403932237 0.4411879179186519 0.420047681525877 0.4413793404255882 0.43231106844527406 0.41103283861091194 0.4257037913077438 0.4056011720429141 0.4275165997469316 0.4104299618342985 0.43459777204086836 0.4695294285246513 0.48949686922943425 0.48110941663477746 0.5060850228169157 0.4917573699712935 0.5073094330796981 0.49244121938230406 0.4536938585935575 0.45986497585041597 0.4817901203350276 0.5115127384225132 0.48372558601388754 0.4532900678056047 0.45496624468075586 0.45199550453401527 0.41735833437627246 0.36305175419811536 0.3395062918966825 0.35616821098630863
0.6900777276316473 0.6847095696964999 0.6929080718205749 0.6706824351516382 0.6677894808705387 0.6461372612365434 0.617376056732291 0.5665296921607882 0.5376219206671305 0.5209637916606821 0.49047480463909976 0.46491632875197214 0.4727616479429384 0.4530552655364996 0.43887572431623983 0.4472198564115602 0.4376038204029661 0.44227616419021626 0.4285157593576848 0.43955994168792284 0.43528141967733713 0.40198021751643975 0.41590092520961175 0.4652971129709776 0.4834144428885682 0.47946682775651683 0.5028526673544863 0.5258221584167072 0.5143252316195694 0.48087998978283186 0.49397354424031925 0.45298433529427745 0.46731652214587305 0.5055424169784216 0.5170700214863745 0.46589060987488684 0.456142194792862 0.4560970729471664 0.434788481906081 0.4406082773564056 0.39659152048726987 0.36294366440556747 0.36318433479603307
0.7068856990219156 0.6656402086879548 0.6869476933325468 0.6999845508616838 0.6726411662075198 0.6551679560307728 0.6134934713428479 0.613707363775065 0.5701659709467867 0.5173814384143873 0.4831999734699414 0.48470560583245936 0.5002103153142897 0.47214440674472413 0.4486531628579484 0.4576314540045665 0.41576556594865177 0.41894896692844563 0.42465964325555344 0.4294892787248223 0.4250273758817024 0.41768888036147206 0.42846117451998117 0.4610974261995806 0.46957458253108864 0.4776838880559903 0.5033060062302616 0.5248405953314376 0.5299458981970883 0.4923452818088502 0.47517299003758917 0.473269791946806 0.4855025676418014 0.4899189040007852 0.5089109979907813 0.48087503995612496 0.4728886147630275 0.4515386989119976 0.46539862827987477 0.42893354561759417 0.41446736976254583 0.3600324522549143 0.32326403152113536
0.6705372342708891 0.6429962828902839 0.6530804683822847 0.6560768036883093 0.7140109830564034 0.6453774294959099 0.6180328644028478 0.6207242912754285 0.598235258088398 0.5157373435850059 0.49826417400970785 0.49900329167022345 0.48422966185905336 0.4800608894316434 0.47941328613043227 0.4721197366866191 0.4287110673924774 0.4073337255677415 0.4089392583418392 0.4134989823080357 0.4365992476417288 0.4376001256386809 0.4274956688755127 0.4160510900605239 0.4389112644256116 0.46316218760858135 0.4753726169168011 0.48782931543788727 0.5282237521896261 0.47921257193185296 0.476225012111332 0.4953179555330325 0.49244177694694075 0.5075769595036794 0.527495281592498 0.48498147605417435 0.4989107110672069 0.4792731701123758 0.46649639078465166 0.4387105005510567 0.40342974934069753 0.36118259588676677 0.33264257174324585
0.6511453261885546 0.6618947775637034 0.6709572256225206 0.6462823628821117 0.665681429621687 0.6568628935286795 0.6162294968968046 0.5784344663562366 0.5721856442295165 0.521647679807503 0.5220988934134264 0.4831864232402058 0.47272633184520396 0.474275115395264 0.47215051679715514 0.44713062543777526 0.4351103081921242 0.454749169583146 0.45989122671952126 0.4527421421750523 0.4520324958257696 0.4171775934545491 0.40143677893843605 0.4253056792974237 0.4359174357099669 0.4549311724358043 0.46891870330882673 0.47444501430986646 0.5075541832851436 0.5026026446622577 0.47189194153597785 0.4713774428345427 0.47426241635012345 0.4849466929493481 0.5250306519814679 0.48089200088088163 0.46502528992704506 0.47478873832247903 0.4626698041292926 0.44039210458138867 0.42273587206060564 0.36932426165649684 0.36790546890820724
0.6193502547392291 0.6122378543259887 0.6434109968354941 0.6478196102099522 0.6578533353986408 0.6378818477866437 0.6002125371083075 0.561398069961654 0.5291937271810611 0.5286568390230095 0.5035245229160543 0.5046755599430255 0.4812333444827449 0.44456358170627364 0.43405950664464965 0.4421098200495222 0.4616893072339177 0.4785099039367621 0.4573100658758431 0.4563952883314414 0.45710149615788886 0.42341524454239504 0.4082145369312086 0.4215374682757842 0.42570353025424124 0.45085867272546115 0.4376991573951564 0.44665553208247916 0.4505646750000452 0.4733844423058949 0.47862048549072006 0.4812982530076471 0.4670369270345165 0.4992861378476443 0.5214214169722714 0.502558003441803 0.4575195574243791 0.47937418676623805 0.4630657049608567 0.42720911796242617 0.42244034412907794 0.3903565881405822 0.3718109657907221
0.6115789919212583 0.6081293957948078 0.6503628084116324 0.6530841983925524 0.6670851068884542 0.6169934883768983 0.584728765499114 0.564250670677661 0.5149498353682592 0.5094448660364189 0.49976253260350606 0.4957320634762769 0.4852528761492723 0.45888520113830966 0.45547276186419333 0.47373515458816257 0.4552338603567974 0.45645146595114017 0.45417046134560507 0.444221711578504 0.45558523395847594 0.4481491764034256 0.41655421461549774 0.4239831338031707 0.43476229825723006 0.4447429308689393 0.4703853267769399 0.47116813321542184 0.4552294773586728 0.44852882795043825 0.4781929568516553 0.4608458726767232 0.4571807675861735 0.49713679597960087 0.48720691304157937 0.48071535259035053 0.45778500332608807 0.4569068791340384 0.4210796428571318 0.4080809276305947 0.38605353130609593 0.3759188198302339 0.364230115613395
0.6045371351191547 0.5979870500885993 0.6417536372755218 0.6352186055616174 0.6553466290256266 0.6452335823088725 0.6241818340254748 0.5599469985289851 0.5408699176383646 0.5459375853433481 0.5331781715083291 0.514355215850378 0.4472166694611634 0.44115564693915854 0.4659601445954421 0.4633599875735095 0.48751598675018776 0.4872974781256188 0.45068432172074613 0.46572913178467673 0.46581549641575065 0.4666427720337886 0.43618548769281446 0.4370045038984499 0.4106716220683645 0.4565742599000522 0.44246843170105277 0.46974921124899693 0.47530972922436776 0.46365809418447373 0.4504660562028784 0.4637563134168582 0.48358907423918257 0.5024419124862484 0.47316187493052775 0.49270177427816597 0.4737480113350232 0.42385014855556985 0.3888001165587794 0.3911138598765272 0.34236510658048186 0.3453362447383375 0.3404229764367742
0.5806432499579128 0.5869564736507613 0.6321215028880972 0.6490642762097084 0.6346260720978202 0.613490698610815 0.6207357336488506 0.5855481837194394 0.5723115291495059 0.5331020645144978 0.5103093697690874 0.4966728684243392 0.49736211505027056 0.4741233715685687 0.5141856385960306 0.5075121771976967 0.5237539799575289 0.48287753857329596 0.4812635239565292 0.4856689993037406 0.4596492947685771 0.47064191124300825 0.48156955449460237 0.4528522971742703 0.42198399729180996 0.4399078554343542 0.43814703643299385 0.4623055457527613 0.4341495521830728 0.4474229837094193 0.4723921573629192 0.47342644331919936 0.4537448070988656 0.48248152416094336 0.48123627214171866 0.46835490213183545 0.438161566105044 0.41957166872858426 0.419085691421735 0.40900710980045174 0.39584233863615925 0.3768458611187056 0.33529057989346867
0.5749390297703835 0.6107802858407038 0.6153706884775925 0.6363526949888492 0.6584659036924894 0.6082142936309342 0.6052539119921794 0.5882095452068568 0.5923085264718957 0.5647715296827208 0.5175119434378906 0.5140349072986597 0.530070601016725 0.507926174641847 0.5231573701613238 0.5130286606025445 0.5297188297286651 0.48625690949572986 0.5000292960344594 0.5081915910152363 0.47575656208328526 0.49211099055485097 0.4817380706563888 0.44584357011824016 0.42336494466362407 0.4455312413265747 0.46459373638983065 0.4605216537388655 0.42253527747866776 0.44881406799832335 0.4572465185778555 0.47116888349614783 0.4473636144627336 0.47844999116644266 0.46233032434618637 0.42152981154578256 0.43187029848043906 0.4184591347146392 0.42289163075223546 0.4226202693589391 0.4123506196222928 0.3904544917306641 0.3610008633029607
0.5610014057336079 0.5814910876516215 0.5993771774355425 0.6166062628589034 0.6067879693594717 0.6047350623392312 0.5845302907750024 0.5814292531761095 0.5662047697912055 0.5479002849666716 0.5401418306459106 0.5325586524680593 0.5081160273205094 0.5132476345731485 0.5506591796402208 0.5493637910293956 0.5342605648709274 0.5172891465616212 0.5088537301380555 0.4980995099475574 0.4679078761342375 0.47700689366358173 0.46612505355502354 0.46903830343254477 0.4416319542531839 0.4684716722984407 0.46794543044176595 0.45038251737216967 0.4233593375934429 0.44915173362410254 0.45628700311686493 0.45515824154115336 0.43733840351941977 0.4553066627210549 0.453252679491323 0.40666656146941965 0.3884885541606654 0.41285029182336563 0.42872452112760934 0.40915098982308107 0.39206577455864716 0.376623311536972 0.39319423316237023
0.5979138236172157 0.5631703953356546 0.5668277592858496 0.5835645932331767 0.6347566047045347 0.6231059692096143 0.5700152698906961 0.5701690414892142 0.5858261723990213 0.5530607019665126 0.5468782730925368 0.5187858016940862 0.5101076692976656 0.5212593489824109 0.5619450450524728 0.5357255650943608 0.5584994217474748 0.5171875026361871 0.5254679029548103 0.5168320423426632 0.46713857586861723 0.4795105858777766 0.4628556094152047 0.46018002488593446 0.4478254419863439 0.4681236681610615 0.4756080874478556 0.44508484238469326 0.41459765170271157 0.43690267831123775 0.43619763526290595 0.4165558165484668 0.4251754505424185 0.40553855525242755 0.40400713686100526 0.3849035615424231 0.37140051798661194 0.37207058696586026 0.39412617440045156 0.4216113055767867 0.402441418695619 0.3811767796376459 0.4146457502136841
0.5518569451858091 0.5753031202707252 0.5759512088337589 0.5772308882815017 0.6272127173730231 0.6175380756173834 0.5996166805475084 0.563084079475821 0.565413822541128 0.5644040903170653 0.5554003298403097 0.5161121781011386 0.5175696377680222 0.5388832500085783 0.5253280832602945 0.5410251288464206 0.5567442340060225 0.5422405713110063 0.4910825000419314 0.491623399945337 0.49606891100471034 0.48255136917398267 0.4511119069943618 0.45440137387975427 0.4385277607957816 0.47658185198803305 0.47291647071763115 0.4249314342748241 0.42015308411838387 0.4308452727596652 0.4216392322035637 0.4198270658867604 0.4134150849729294 0.4066817699148298 0.39507365229933594 0.3947494207890088 0.3679198173813012 0.3804953097014079 0.40896226959947485 0.4038289838970867 0.3922434647727741 0.3899984223570254 0.41396765869158836
0.5207265717467785 0.5559273976143545 0.5414270804921172 0.5794828401740225 0.6120434958103427 0.6200027957025753 0.5981147686873308 0.5936220137725022 0.5735517050357516 0.5692589273363194 0.5197610031190798 0.5255119332468984 0.4884507629396189 0.5106783256041747 0.5099135242690592 0.5419347528307513 0.5147864598209813 0.5118276582267441 0.48755991140185434 0.4731720973694245 0.4541884715577337 0.46392983335918475 0.4944881151962555 0.48119493806194935 0.44951957004362475 0.45243031488865093 0.4450959387182505 0.4309665966253188 0.43573124339550195 0.42467178034826325 0.4149658973314414 0.4450398117738714 0.42381594611743545 0.4383363996012863 0.42249245112012834 0.41767215624835385 0.40313566723929645 0.3853063062422553 0.41088370027413146 0.4281685806275263 0.40721749316121647 0.38496853721584695 0.38690702952368233
