Raster_benchmarking/DGGS/continuous/raster-294.asc
NCOLS 100
NROWS 100
XLLCORNER 1743155.9463063907
YLLCORNER 5469285.784354329
CELLSIZE 10
NODATA_VALUE -9999
[rows 0 to 18 of 100, columns 43 to 85 of 100]
0.14527184305614818 0.17326911306894188 0.15143082459688992 0.11870747044235568 0.11407775304379089 0.12296100416624171 0.12166308050762582 0.12398501407462366 0.1546754630891525 0.1621882813987339 0.18887971530922104 0.26016084390112376 0.27673687722445217 0.3358315709019795 0.30329593039135117 0.3645537532205395 0.4714312321323588 0.45990719689553056 0.5162990138065667 0.5630894169921858 0.5549042887810333 0.539085687090399 0.5229396438914424 0.5552851120155372 0.5117297073667165 0.5140604855373476 0.5621425967792131 0.5490274146850134 0.5243781997639863 0.5534221156378409 0.521668003119899 0.5262151862644868 0.5653218324617787 0.635985046002236 0.6346360319918397 0.611177308912009 0.6198353998036653 0.622375629551007 0.6575328060478446 0.599798863931882 0.536042031412878 0.5689969734043543 0.5369135222562876
0.10312162877321125 0.11519125867969163 0.16441302633751045 0.12436244844932763 0.13708304564483648 0.11747131917932555 0.13795035722377486 0.13293522194113078 0.1687794070977913 0.18908125317276425 0.22681938749563985 0.21433374393509078 0.29112818044858074 0.3045625782029108 0.3423119551682137 0.397541250648102 0.4439891503306115 0.44041462316226 0.49316615433574906 0.5251592095775941 0.4884080383136434 0.5128725933546399 0.4926010012504416 0.5077866515093703 0.4536180460084037 0.4645725852428862 0.47958035950528355 0.5151965026395043 0.49835133147494876 0.5274184155366299 0.5597157901014487 0.5270763753643104 0.5930866264214574 0.5842689374261019 0.607805695091294 0.5717303525337325 0.5513022344230468 0.5653672637073054 0.5788344239454358 0.5566155663206371 0.5309718521169773 0.5426983860588127 0.5517650260758259
0.12096919566087516 0.14062560350190556 0.15054947279768835 0.11054286248503487 0.1433726579547502 0.12069417089075767 0.12536393692373243 0.14545317396791027 0.212540726511987 0.1961646553512457 0.18859474807439616 0.239259463325907 0.27437055847109876 0.3329363537456666 0.3720815770304057 0.39868886232445555 0.41061971704509076 0.4230084521814158 0.47099305443484357 0.46070629451908846 0.44320980552518424 0.4379473462382678 0.4495468769849618 0.4957699884545807 0.4521286720174484 0.4403039818305586 0.4338533787688964 0.5018360383246628 0.4726155393524266 0.5241936183100113 0.5489851506323404 0.5690925003150812 0.5986437778690695 0.5880389321819941 0.5516237454000069 0.5345222089112617 0.5319339289977744 0.5158485704490888 0.5038811988767257 0.4851441654074756 0.5043673079008715 0.5063703938245244 0.5464271210042925
0.12814945655028942 0.1401003216938573 0.1312140746946386 0.10814815769942326 0.07048326121566054 0.08165833383347115 0.12366171966603806 0.1832655049246181 0.220556233749701 0.2282475359597405 0.23864757678196474 0.2429038473541778 0.2922628552837569 0.326430956122385 0.3767451827309201 0.390110414704152 0.3671350744155715 0.3868534445289679 0.4461565839272066 0.41539201714547463 0.3974866271939213 0.42844841136632006 0.43062056269648397 0.4493157380412137 0.4213629374894566 0.47133491420489676 0.4715803496927337 0.47313160858700776 0.4877200641879268 0.48440083088936453 0.4941518958468873 0.5539736436914762 0.6046106356143994 0.5861201327582164 0.5622696199274845 0.5295661307531079 0.5114253805710346 0.5392662966757868 0.491280977368201 0.47968865354725077 0.525733699250162 0.5410423112079331 0.5460319836568203
0.13131398488964946 0.10224137449763483 0.09499773092243227 0.07949202966887621 0.06440728945010857 0.11500340591532199 0.12072932735114462 0.16809457390565496 0.1492489501428666 0.18081325083099892 0.25624188213481963 0.27045475951837655 0.2416850956789074 0.2642327609479921 0.30700689273420056 0.3356555275652521 0.34363790854245785 0.36322565401205625 0.4169654327801527 0.4203390325477926 0.4051230642506016 0.405019433323769 0.4563597622166622 0.4109620617152934 0.43327840299953924 0.46065160410259076 0.45537431828939023 0.415402751952681 0.4502858188399833 0.4765548025239705 0.47986417410522264 0.5257008250790923 0.5711388828971196 0.5700015342984358 0.5462476336725087 0.5256620878720594 0.564056871957936 0.5187495392080834 0.4944556213794518 0.47180770047129506 0.45420924268984947 0.5429404665870506 0.5409748544698578
0.11353337753745155 0.08466550148541556 0.10784921682374338 0.0706585064822148 0.08360377831153176 0.12189473670447161 0.11013463874644368 0.1514775323322632 0.15453637411044482 0.15037386176439527 0.18092880599615707 0.21420632776809004 0.21093792420837407 0.22621890216433907 0.2873154226972346 0.29397395540692245 0.3716873251755145 0.39254819186645623 0.3670488204478655 0.4150164097955238 0.39318097282655345 0.40691442990467247 0.4177285047190221 0.4177022627391979 0.4527619800535552 0.44528343490541805 0.4258475232752732 0.40328437888690144 0.4353537009273067 0.40602058305729694 0.47731898832854724 0.5163395443305794 0.5142967958004088 0.561746683036197 0.5175658342483227 0.512080863323909 0.5363813634902991 0.5046676332956237 0.5039482585643565 0.4800458836517564 0.503357095027057 0.509008636517543 0.4821293944293704
0.0705305239977243 0.10917917108910682 0.11748762718185585 0.1300492578667716 0.11060759239234916 0.10614658800178924 0.14445863310364224 0.10452510024573382 0.14668424715058814 0.12492802114742445 0.16717026883555314 0.19710128854556733 0.20728079291707335 0.19102859588062984 0.2238472162591191 0.2634888526255101 0.3307369193803178 0.38967469234535074 0.36268733775153245 0.40449853502683875 0.42533485127435344 0.38643208498973014 0.4149842030979797 0.4471799484265022 0.44228330373970576 0.3824050393186116 0.35981236472508465 0.36185762540255456 0.3589036420135654 0.39763404216277026 0.406114266956516 0.43314153645313014 0.4813881431003787 0.4848995752917476 0.532655525867714 0.503693906891215 0.49090219228128557 0.455145299815451 0.4586826745372821 0.44948357219084756 0.4876133665774363 0.49032796774885046 0.46735740755253685
0.10444122833239572 0.09230929556619157 0.08805432752814554 0.117824844577341 0.124401928301943 0.0733959978020946 0.08357226848765353 0.08703769090291345 0.10198308976628576 0.12579727676403069 0.12202116210293515 0.14003917042995834 0.19464598871728386 0.19939806000882224 0.17671634018458934 0.24379115939038545 0.2818661379177681 0.34690078195350793 0.3934669142033734 0.36272613644860063 0.41625488710264436 0.4197926013150468 0.3963008533069469 0.3988368519337168 0.4224646942226869 0.35121097514972077 0.35320551045479526 0.31456907039629856 0.37205548142022116 0.37300567500452586 0.37234118484849876 0.3671372289308007 0.40723582159781807 0.45453173017129084 0.4765223952732549 0.4883654914254374 0.45378680982520037 0.46413561147766913 0.4307802949281613 0.47700682705699754 0.46784456738578123 0.49143217318256055 0.468412480077122
0.07902995304774622 0.09952173599352031 0.08472335542717739 0.119576413136736 0.10003632548212739 0.08215237098098764 0.031224487447903966 0.06938351443661749 0.0954722833370044 0.12607743331429 0.07701951402274984 0.0915196878640268 0.11262990439886428 0.10459327746280733 0.1379321265649977 0.2004638897324486 0.2891690839752723 0.30904606160817777 0.379169119676747 0.3344411484084168 0.40530905565784286 0.35858391058846334 0.38319900997475154 0.3788539362963353 0.3709821766789835 0.37037985668496465 0.2850402027383978 0.3256318399451988 0.3577938912221237 0.36307434972011327 0.3353040475119425 0.3452921873127442 0.3458884630462236 0.38849871087570775 0.4121826925360782 0.41781838534096716 0.41506514984757276 0.3974719824504924 0.4198188084895942 0.4620642012968511 0.4997691772468285 0.5034977030433206 0.45612647943823886
0.07754190317019931 0.10776421893616386 0.09760967717228686 0.09469377721696805 0.09594294279934547 0.04078043886696755 0.06266770736154952 0.054840405971695545 0.09378008457376533 0.08949184169263902 0.08919858413824941 0.08335216692887983 0.10285717415462728 0.0872495519569992 0.1403811417183705 0.1633337307805558 0.21098950155167848 0.29101490024021287 0.29149105536108155 0.30813145415609733 0.32446945997579985 0.3523971266929808 0.36907663425393217 0.4028239492421786 0.40146116624215156 0.359739573346827 0.3549777175327337 0.34419251997372813 0.3385999656723071 0.3731437581567378 0.3750242622586239 0.37096768578321965 0.37845043547469864 0.355297005097489 0.3905883740715933 0.37340386387318525 0.35921839998376065 0.4159920275976864 0.41857681581276324 0.41718252207017237 0.44031165591373245 0.4763062179750693 0.4762444357086379
0.0880822203611678 0.07500995168460554 0.12324593788997742 0.10893351757105672 0.03378334557975859 0.05301138479851393 0.0 0.04553742130402184 0.01469024221657046 0.07993089904713221 0.045870723345400786 0.08367885489468266 0.06370303394108648 0.07770932343875624 0.08242348974178103 0.11101552109930182 0.175404577661243 0.24212730128259372 0.20913619038910508 0.24038435396748783 0.28133524913150265 0.32766571228888575 0.3965239013349887 0.3750586834580001 0.3790549742789908 0.35152507551360596 0.3328402333306694 0.3792551219259841 0.3712445159917034 0.3368759972092151 0.3474822543555253 0.37440658959086215 0.3618431915454859 0.383411261295714 0.42440610974524856 0.37155337446046965 0.35567195352425857 0.3921456874376654 0.3738510397097605 0.39576147773035886 0.4300964450464567 0.44256126861887024 0.46050518442973876
0.07250797353048632 0.0791234580051671 0.07352566666308044 0.0701369446442817 0.060962598741118375 0.011464317977414937 0.018691572286482116 0.03474566389476133 0.05299885328657529 0.04540895074998717 0.04847590784881821 0.09830912992457264 0.11695296091354036 0.09952505115669123 0.0681277406881237 0.09855321811399918 0.13954126747994433 0.18216251217589824 0.2219187616068337 0.21993346988186363 0.2554885135756231 0.31575678813790026 0.35531725040390494 0.36368644032876224 0.37906828096791284 0.36027978045558107 0.3142314488154924 0.349415700369689 0.3409078459102288 0.3780062885979843 0.356278105159337 0.37072626092146677 0.34402744261132834 0.37219100410074435 0.40897339460214027 0.397713173128589 0.3755953560044735 0.35993171744781227 0.33593270781615175 0.3499181305754885 0.37653387882416656 0.42929209378315697 0.4400393710435806
0.0867339926483335 0.12433154828416725 0.12282969990792307 0.09716849157388355 0.046744358338546246 0.06628625496065217 0.03899517900094819 0.07149285977057909 0.018356374613286364 0.04383601900427409 0.10777057669097154 0.09385358903772638 0.11811397436370669 0.12260388137122387 0.11532050286454396 0.1630290004772168 0.1409447261491933 0.19376991205237487 0.18145031672434983 0.24132760221937075 0.29806146357909524 0.3444219830933483 0.3803005618465926 0.34932633658588697 0.3476334900948852 0.32492768087454454 0.29608390183121996 0.3380934546116888 0.31304772434729466 0.32466249593040736 0.38419032094500244 0.3826467695644365 0.37372200060716254 0.41726202316903693 0.4487567245239983 0.38081884524636156 0.3735593910366943 0.3417574544334832 0.3469126282678491 0.31982440965554404 0.35296979317061966 0.3851788950810726 0.3957710582183343
0.11648547293676763 0.12674959048182785 0.12633580471851205 0.14478289566394134 0.0830699290936517 0.058291584232415546 0.050387399461633224 0.07833979613186914 0.09197328520540961 0.09327905324623668 0.11161113862894965 0.0982624441988391 0.13198477936760591 0.13038152665266295 0.13593818216686282 0.17265803927053996 0.13731620836703065 0.17732595488006708 0.1931743854189517 0.2201118082772561 0.23276425327280195 0.2988695030033476 0.3537119187194418 0.31490913439135915 0.3534225922706698 0.3176046632883163 0.3484250218638516 0.3380885867367459 0.349469358071188 0.3449785300182207 0.3755563910412682 0.41031884906502913 0.42005762274389213 0.38396900053258987 0.399040182265832 0.3732053126764292 0.3614887045011912 0.35045758349903267 0.33981204362897716 0.35531064451380995 0.3835282487963354 0.3938649175259662 0.41079166055040667
0.13772182470245134 0.16711694373794764 0.16796649426856466 0.16323525268162092 0.12502457274600412 0.14164833668292542 0.12556627688851477 0.09848551204505099 0.07074485576016168 0.11430233312370014 0.09801789345811969 0.09559530029065483 0.08989719788467772 0.14741188966009286 0.1593184034378059 0.16497216325152944 0.168688067832406 0.15744089424234364 0.1297452983727415 0.2248617165201408 0.23330069084926167 0.2458325026181956 0.30905351949794396 0.3430650294177537 0.3500165862424509 0.3775446780484069 0.3897280503074801 0.3661877245363793 0.31514697712470396 0.34072457898554587 0.3778177461832568 0.41587179073030994 0.3967487241519994 0.3472742715755138 0.3452770547512706 0.3632796797494502 0.3668028421410838 0.34457723170557286 0.3475004923016261 0.3776587862802422 0.3835658104779233 0.41504467108554927 0.3844210414261112
0.1848714039717864 0.19174325913660045 0.1729978798741798 0.1471277503606356 0.17133619750917564 0.15030701854978173 0.17697528415630334 0.13736031377944405 0.10426385904234571 0.10849283516248431 0.1308373010761828 0.1366802849415649 0.10357587748818797 0.14016761390018773 0.13854635984934197 0.145810564083211 0.14853925437168622 0.13784703467369425 0.1587272469773531 0.1992993649586155 0.25429332619808415 0.25509434095943057 0.2826275395462688 0.30735465694439096 0.3303586532780619 0.3902027527967166 0.38722713093358074 0.37963253061640795 0.31562238903080847 0.3242483096493702 0.3541922524973149 0.3570916529525586 0.36815831514642394 0.3540276326544571 0.32311150326885335 0.3531071916876712 0.3830464295799742 0.3479069775276963 0.3848134689656497 0.3854805621089175 0.4036848619618668 0.3951058961275283 0.4479689952668588
0.1741522947588403 0.21361997487721057 0.2164961597180334 0.17900784416016743 0.17849113316056167 0.18068925212187673 0.1886676417307462 0.1550382504227851 0.17594519791320565 0.1275897208889195 0.1000706794902974 0.15924012414891828 0.1582007592615204 0.12823268993590278 0.07199185328892609 0.12374710729513282 0.18073765145790402 0.14324947596997142 0.12944645972826202 0.16679390980718134 0.21920786197026082 0.24518707068490578 0.2130290231550741 0.28602338805818234 0.3684671253400596 0.35194860296473585 0.40066739195861895 0.3802001979269901 0.3543857842588972 0.3872571656811813 0.3678974845965887 0.3881141857187124 0.3384410654471449 0.3364374633915606 0.3347889643054594 0.35947638636832785 0.3791091478340816 0.38269711072751533 0.3720042505483157 0.37870019311251263 0.41721261828993644 0.4544467059468673 0.49943907652119146
0.21301721668261595 0.19134110284301387 0.17936924941334353 0.18321508532779948 0.17952323793780325 0.20825120919815276 0.1660927436713009 0.1596356171595348 0.17413708016056056 0.16694250689968465 0.16207177707383208 0.13336064817810311 0.16677482051687906 0.1386035103933977 0.1191063788653723 0.12247803402628947 0.2028975634434006 0.19814169602402787 0.16747121259273334 0.19153940666844338 0.21978310687906288 0.22760371608051808 0.27127575762364464 0.2894336895751517 0.3150041388659118 0.3510253998037841 0.3350536616114747 0.355616379349525 0.3568945529684399 0.37669124667277354 0.3702041053420756 0.37188454680687116 0.36767590687974605 0.34547352953190763 0.36886525338662257 0.34374717876154476 0.3704825838667678 0.3879919716166354 0.400255415416353 0.41271339810282054 0.4088643573769462 0.469622246754887 0.5035564411830206
0.21527317015898473 0.17975985386591314 0.1679928419754573 0.18112039226572363 0.22051029318719928 0.2080907567776508 0.20514181921854607 0.17030162543390204 0.15056373439142992 0.1827037204053565 0.12123308559015436 0.11920942055757296 0.1632393359047608 0.17571294655966085 0.13860979718051067 0.15788363237125702 0.1845432194861084 0.16980140165086893 0.1828677194754334 0.16952397696995972 0.23499356354537143 0.215991620995788 0.23498737560885247 0.24253050498345374 0.308831147477924 0.3227489829786277 0.33561069846954167 0.3651737124092627 0.3677393629714786 0.4100988123554362 0.3799117241612189 0.3589539701918883 0.3443606900876431 0.348904589203697 0.32627874835623216 0.35402351555652906 0.3999874542679464 0.39869007515675436 0.3964238248049122 0.416913867861215 0.41502204923784847 0.43742116711424084 0.46524595211057573
