Raster_benchmarking/DGGS/continuous/raster-259.asc
NCOLS 100
NROWS 100
XLLCORNER 1743160.467882214
YLLCORNER 5469289.8218305055
CELLSIZE 10
NODATA_VALUE -9999
[rows 0 to 18 of 100, columns 0 to 42 of 100]
0.6511068307569472 0.6475160321123876 0.5699823462237984 0.5239883570161626 0.5149779811091315 0.537711940253777 0.5385495430975924 0.5345443116934312 0.5230654142582645 0.49511830276761576 0.5133028189108886 0.4895752768048903 0.49571310975182303 0.5029795210290787 0.4967710971006237 0.48965359719028306 0.5094838334431941 0.5010381633825737 0.5085631517885476 0.4904121884100366 0.4911651501777331 0.4590567159721616 0.4536676180061641 0.4768428360017183 0.5124916748667695 0.4958535411286813 0.49383221472609234 0.5090963099009603 0.47625543029153 0.428887938157943 0.41426006480237776 0.40752514687644115 0.4255238485869996 0.4737538127243446 0.46245165002613514 0.5055462235428992 0.4946297944640609 0.5349303177317959 0.5971741979651868 0.576362111493468 0.6084738963970842 0.6028281705069615 0.544312972469628
0.6328344850504363 0.6105882584150358 0.5942351188279682 0.55059675443476 0.5053083298550403 0.49753454683569276 0.4959913901419125 0.464602935830884 0.48013594838303686 0.4900024581815143 0.49169216107800723 0.4531643173470139 0.4742160610489983 0.4876325452212065 0.5121977814681918 0.5264334903815409 0.5444728761724852 0.5270703195388204 0.4966193945596268 0.532130679787065 0.49896743732339394 0.5138465270540703 0.503782793890969 0.5246710879608837 0.5359177696770138 0.533984617350121 0.5613883796258003 0.49847003562971126 0.4630113089374573 0.4451710894728629 0.3994935943763671 0.4048322343058486 0.4014484406030102 0.4502820201501551 0.42423041861462374 0.47328000516460966 0.4808013170209036 0.5082171943314475 0.5475924872122826 0.5592572470556997 0.5649424041533111 0.6012984898896102 0.5671865834748423
0.6339534372479555 0.6057418263076801 0.5659666055910179 0.5279604019225899 0.4870190142321509 0.4922621880234519 0.4502292767677876 0.461088339405831 0.44241260406346494 0.47499716170061046 0.4396445661451806 0.4228162762783806 0.4413694694305587 0.4506411465072431 0.4859533458567971 0.49325323913333147 0.5006542920829846 0.49631240750751654 0.49014185125534737 0.5511789583553716 0.5688542827441895 0.5530215762313033 0.549627048892893 0.5320899439623253 0.5186618538926657 0.5686504232986954 0.5998178596688233 0.5288714742133233 0.44546812499646693 0.4487715254241331 0.40807497853691566 0.39153541618002896 0.3827182129199545 0.38965892743589853 0.4121521902357264 0.42257778204990937 0.49149204798666657 0.4852371485994353 0.5561686392192897 0.5505137871774293 0.592414854106728 0.5791207340756233 0.5719629731876275
0.5541029983979459 0.5229014225213641 0.5286557146023565 0.49640175245200385 0.4682580495745136 0.44252821912072293 0.4505176163429461 0.45366630596722163 0.40976816562435336 0.423577537820015 0.4394945890677194 0.4344171648630825 0.45780566457667216 0.47329638964863846 0.5015167888914108 0.5239422952404387 0.5430161121046633 0.5061342991888791 0.49990512577232626 0.5515057685449747 0.5761673788283055 0.567604297781866 0.5245862619510433 0.5307617276104506 0.5247457185483247 0.5305846334012717 0.5438117459194957 0.48711820311473825 0.4268028990366459 0.4044400656627138 0.4022154491879364 0.37555221202079075 0.4002804162331829 0.37511237708431616 0.4188683061202183 0.4003914606113674 0.4681469434499368 0.4808944287360204 0.526882785897641 0.5496250772552828 0.5593265129914817 0.5693813834515686 0.5887129227681154
0.5186598556525058 0.4765372496727151 0.4601813172327715 0.4464934765289308 0.4214805228133486 0.4061882560383912 0.4213732540282608 0.38862774176085685 0.3872149177630405 0.4248110220439691 0.42927671529793715 0.49178823602782024 0.5181123050974131 0.4998480519249032 0.5154059309221729 0.5018181654118018 0.5345274544001793 0.5290088224130396 0.5426318084943292 0.5728106574225689 0.5862651176929873 0.5832594335181249 0.5661280513154139 0.5683168556078565 0.5397161716936649 0.5385915003050904 0.5332965819929347 0.48411614943338516 0.45885351648442213 0.4130884251720035 0.4050507215483501 0.37500427436601014 0.3846633834897646 0.3766241713106072 0.3949301316986107 0.3694040779436665 0.38708484078511607 0.44320024029231553 0.4912664329773779 0.5336050517836018 0.5183867903246904 0.547979316371117 0.5534596496043481
0.4795490589450375 0.5048962178610372 0.4815765733301521 0.46766430973787176 0.43822392746785155 0.38420778093670427 0.40394972972305215 0.35460262968516437 0.3626432755420767 0.4264577498090081 0.4542874635633728 0.46657914543032497 0.4961809267611294 0.519703929343996 0.5035753488067162 0.501608069415469 0.5244240459396812 0.5451985219701806 0.5315655836280695 0.5618385909352078 0.5496750556203395 0.5905394447705244 0.5590468316898095 0.5692668510239972 0.5269829798242336 0.5383509375495306 0.49020209664887704 0.44966945117865204 0.4404139142696206 0.4530447108054084 0.4115373260217291 0.42068406454446583 0.39724340426164967 0.3822781224207099 0.3639713556016351 0.3773864209083773 0.38128470883871823 0.4147543875816674 0.43349648766473675 0.5097004571549384 0.5421097584363626 0.5410238695391442 0.5287951991599187
0.4872433049223078 0.45167313097406153 0.4697862803867529 0.4693043494428205 0.4269461594561867 0.36551258611802157 0.34218190878373295 0.35211480417861624 0.3831578355657989 0.4354828377566886 0.4695942368441431 0.47679217225137294 0.5510828591641926 0.5166387102757526 0.5351107653534929 0.5389900334145419 0.5332822283719794 0.5569065571064694 0.5651812930463945 0.5393789021720512 0.542124333142129 0.5775886855423072 0.5995203620459062 0.5515577166181049 0.5394726697618103 0.5124443112383551 0.4534881837744834 0.4264672709136546 0.4441276064364754 0.45555112450849866 0.4133859134151706 0.4300339900264869 0.39602043731793807 0.3485284065840353 0.33410872135126135 0.3742619885058519 0.42512421896798197 0.45284710846201714 0.41712070277895547 0.45715719170350166 0.5023687877380817 0.516366384529938 0.47038437896774604
0.49746124106211737 0.45931659645689177 0.4720192634698559 0.4659297103805518 0.4363876084685737 0.3635746414423712 0.36568114253407696 0.3713715085170492 0.38916416259365894 0.4008493702576551 0.42550352244905665 0.4809558692014643 0.5004207963820108 0.5327876908589992 0.5375565395233148 0.4966319836578457 0.4982541035962273 0.5104969908051766 0.5532408947784031 0.5427392433632605 0.574223636394054 0.5902591540525008 0.567863607443256 0.5314368331674023 0.5140941812422053 0.4990722737007076 0.46042040268149287 0.4632365315461361 0.47583158683202237 0.45373191954456016 0.4101189382379103 0.39625599430902186 0.3816634619302528 0.34853082413266173 0.3783505859628856 0.3654792122037026 0.41571394917828786 0.4505699783644793 0.45930241769572466 0.4718372128781089 0.5148774303933638 0.49562415883438277 0.44629246890647467
0.4973806496212015 0.4787371148676411 0.45438356111093847 0.45227963724490455 0.4119750912749508 0.3762847352409092 0.3880292083922631 0.39422068971502644 0.3788480402125489 0.3685877408835966 0.400686201900922 0.4214674000185577 0.4938717542833397 0.47843877969007786 0.5376777524882452 0.49839377735438256 0.49372440379000443 0.512524696750537 0.5307650088876673 0.5474455032054333 0.5879568473958698 0.5804702019757789 0.5397647854335675 0.5038726145655017 0.499693686639226 0.4798375876119591 0.48983592591009856 0.4921912429423503 0.4572144188877346 0.4332390911272129 0.4490991893038948 0.4175944951273953 0.3910352137900826 0.36758613510004956 0.3670043950880988 0.42224656421007223 0.43037757218013656 0.47644217333114963 0.4816558922170541 0.5012045631741027 0.4967217097205846 0.4768492488719712 0.4531297864911057
0.47665632095784194 0.41071172675442996 0.3759689470183045 0.3732023772118546 0.3924232446815303 0.387737542855256 0.4152597380582838 0.42202449193240676 0.40477764203841426 0.396123609304617 0.3635659459883875 0.3966687697766035 0.4450169262088027 0.44706202161992875 0.5088872377318129 0.5054768754131437 0.49968336868341157 0.561084972927645 0.5357003917145237 0.5476563095872958 0.5222680429382475 0.5008858772711888 0.4896417500308256 0.4842762961663124 0.47524872752463604 0.4650613826946786 0.4694925652552951 0.48295468908150235 0.4684381948372609 0.44636175806669715 0.41417062231517054 0.3916270451891055 0.3772873069041342 0.37743821368740554 0.3886407745439165 0.4127338112250047 0.4610746217113938 0.47469632637484616 0.5040928177789249 0.5052243030025333 0.4724752464975212 0.47684281091327835 0.44242531968931853
0.4532403820702658 0.3836760556534124 0.3360677848715952 0.376517437680022 0.36449103526842264 0.41830384062706405 0.45229590085460325 0.41589539477414045 0.40648222015087876 0.37904565585492944 0.3511936890598815 0.37528877777168973 0.3664006908179338 0.43250226623991206 0.4293532748083368 0.4586178214197165 0.482682588569036 0.5823019452929967 0.6198677025963197 0.5541065172887755 0.49071906026435375 0.47124218818287256 0.4563061590451038 0.4870872667061361 0.4871114102450976 0.48350092030809266 0.45126466285664757 0.4592533927200605 0.4459158424918095 0.42573858423559774 0.385991049733422 0.35564568040407635 0.3513838693888377 0.40338816522943916 0.4187907886911371 0.4431467190668973 0.4449895016117581 0.5019076158324847 0.5048074542441302 0.5043977083762472 0.48944861709788556 0.44770635401948067 0.40704862009296333
0.4377774562962982 0.4176639884416922 0.39927259402506804 0.3861567695419574 0.41616923206250644 0.4498555082325838 0.45601668979896 0.4216862425104837 0.4311772149654607 0.4137108853808783 0.4220849671824182 0.3922488616444454 0.36858627737674554 0.38994219367335964 0.43423548373892307 0.44938600111235955 0.510589049872984 0.5552102567102064 0.5633801285701927 0.5650123375355782 0.5241018584702182 0.497244608126518 0.4385163137098378 0.4283579430899756 0.4734207496154133 0.463498099600469 0.41270161216672835 0.38946149407366765 0.42174154021603194 0.40261801091451926 0.36635819853142765 0.3687401224092624 0.35658399110714756 0.39294385386857594 0.39583222817997316 0.41259870697450884 0.4499458133364659 0.49109733823487106 0.5179541301128229 0.5244639357762999 0.5009590643450013 0.4591852756354268 0.43010413367702993
0.4500073629696343 0.45958895384667725 0.45120836892390404 0.403479579838113 0.4149964980223857 0.4355879419347906 0.4619128636083235 0.4440683106049955 0.40194038719921776 0.4478184277753477 0.41873152621475074 0.43319002590160594 0.37916555544658953 0.43043036063676876 0.48054659352468093 0.456834718005227 0.47965851147608374 0.5262087310525785 0.5886276621504146 0.5443092999842302 0.49796844257067846 0.4538811764859146 0.4438362660763593 0.42437673642443374 0.42422147107628405 0.4388739911793629 0.41909595063180266 0.37571299454338186 0.33353692602658896 0.378210988430046 0.3435718591286657 0.3272228116238845 0.3392475664384351 0.37071113219941265 0.3938538473562302 0.4117746039499109 0.4589160186529569 0.4629633291704876 0.5146504992389616 0.4950515102686701 0.49756808157021204 0.5040819974250815 0.4691302904307183
0.47162616629400117 0.4873359243976487 0.478465097579121 0.4197417695141754 0.4061742816902355 0.406464876984982 0.420765657029816 0.40436673284885094 0.4010890101646447 0.44855775623289146 0.42954066132670204 0.4392914194439805 0.4377563521558853 0.4560632297576204 0.46814037357396676 0.4802980817630047 0.5254540555317224 0.5504983223713912 0.5438887191172107 0.5309081417637356 0.5312741029404692 0.493543311047038 0.4288933562657976 0.3988647753410461 0.38565510860452534 0.36817370743860284 0.37700615744808375 0.3750558117308809 0.325654809987013 0.31927112822197673 0.33413105337748344 0.3059060043452944 0.3287401601420556 0.3395834936074748 0.4112391879882516 0.41563819533443486 0.4142568699338297 0.4595174703794921 0.4630194605113051 0.4854032099072931 0.48409523030901147 0.5056167478397671 0.5073037258679269
0.47668707985875125 0.4631664174012015 0.4696241795971216 0.39958972374473195 0.3994844689501441 0.41753472429315974 0.442352767361899 0.4172434469874866 0.43022963864782826 0.4364632746410343 0.46622069838452096 0.4374444918427943 0.4339059107571929 0.42068307935864246 0.4542592847329998 0.4856335057738042 0.5063996979623507 0.5138130780217743 0.5782489045835851 0.5276210966450291 0.5241351680473899 0.4949996874772753 0.44062126119891976 0.3916301023805351 0.36907554001053466 0.34375381624857754 0.35968606438206674 0.3637199514205416 0.38064313665953775 0.3361120386292904 0.3355817149465173 0.3197048860016144 0.3175625205603025 0.36306530170673945 0.40441602525196707 0.43912516254049144 0.428441028173113 0.4453844921826412 0.5077542117742188 0.5502328132243286 0.5408219984188075 0.5246869568759147 0.5446099288000282
0.46830497586585657 0.44121245914364027 0.42625184163292235 0.4038339185662282 0.3947889002156999 0.4543603316336471 0.4606278825056966 0.45607548934262726 0.4239963875690613 0.47071489371325465 0.4499760486146974 0.4703487934307572 0.4531337685464046 0.44051920432871033 0.4443556584186377 0.48283140828006527 0.4956613561252533 0.5249413029186383 0.5866506077374323 0.5760524211705531 0.5678252931233073 0.5129886994793721 0.4808460242573196 0.4297848493713646 0.39118016644728487 0.3887329592881214 0.33722436122270033 0.3276790555160944 0.3633246970660604 0.3621191218071198 0.34661950986355317 0.32751974618485563 0.3640072877766005 0.39442781391328113 0.40076739680619017 0.4182138112448202 0.45458061615296896 0.46518497597420577 0.5427191473679219 0.556636700038994 0.5279944244668302 0.5567336628723095 0.5546000130201545
0.4587871559381718 0.4328526588923043 0.4123348360383867 0.42163567056345264 0.413639258129116 0.44454398335461476 0.4599913920338369 0.4570750318670184 0.4474769717197065 0.43258928147712233 0.4253067650264817 0.46084763841740123 0.44800303120969365 0.48967784439578804 0.5031674245635268 0.4865442138508368 0.5116971851695304 0.5535623368000944 0.5862031249494849 0.6029147880123893 0.5580968975603464 0.49806568482097885 0.46204122370743383 0.42726509483089437 0.4301756217453517 0.40798534781866147 0.3385092111316469 0.3370970944804393 0.3360398792537948 0.3531830196984397 0.3857016528056223 0.3291614228768915 0.35526082752908006 0.3914118024582827 0.44016644198262744 0.4275271407416975 0.47029841478150086 0.4984720261223666 0.5602032503430818 0.5694776380769397 0.551797450846648 0.5455513858793833 0.5761530238819221
0.43554431787390335 0.43173026656906205 0.46037709364383694 0.4159326155468822 0.4177690080503733 0.4549334719336959 0.4525414237830296 0.4811952366610143 0.47270215784637837 0.47608407161669586 0.478412697898735 0.45826742365929557 0.44421273098573066 0.4541022128934508 0.4618320448961718 0.49953781088841703 0.5289895215821475 0.5656932238568697 0.5999737978924321 0.5877294737871261 0.5454870869735429 0.4815123119749834 0.44058273716793267 0.42860183583821615 0.42667634212676603 0.3833451690816303 0.3466248295314506 0.34204309874427474 0.35486147060639117 0.35039509026166127 0.3683852727442883 0.34640140131790814 0.34985269347677667 0.3761506641192004 0.41721511544206175 0.40751885834306384 0.48479611525850924 0.5015420786504802 0.5537958378525042 0.5619629305141932 0.5881731064344016 0.605170782100578 0.6302457947543827
0.42808351919567045 0.46338404534422056 0.49888345499225106 0.4674951107961959 0.43248939371027495 0.3997944388752948 0.4030781815275011 0.48225299765470236 0.5024379803734252 0.47803978133976394 0.533536144171799 0.49825337009479076 0.5056119481355177 0.46983442550771565 0.4658831697559623 0.4955431642634318 0.5099065233502266 0.5861379563491212 0.6104426173963183 0.5695054640411465 0.5188754527291801 0.46378713073509725 0.46807329018606114 0.4643788670402461 0.3980411111115365 0.38298610182456344 0.4027897945915438 0.42136065504527237 0.39485787270059425 0.3686561908659315 0.3490670375579924 0.3610158164572199 0.3595632766743588 0.3517765718132688 0.3436031534872364 0.400845876903301 0.4510108360718133 0.49258671281282823 0.5240831039094198 0.5663551489637666 0.5904953273842612 0.5949274538273717 0.6473526737318565
