Raster_benchmarking/DGGS/continuous/raster-275.asc
NCOLS 100
NROWS 100
XLLCORNER 1743167.0807609232
YLLCORNER 5469294.382174754
CELLSIZE 10
NODATA_VALUE -9999
[rows 57 to 75 of 100, columns 43 to 85 of 100]
0.591193202669743 0.5931866376471056 0.6117946029412585 0.6440010265336121 0.6504103856368925 0.677023704519708 0.6943522773971956 0.7219656818299521 0.6843035422090318 0.6947294234256498 0.6858628571082526 0.7042745053581286 0.6932808768820746 0.708692443306558 0.7020824879303748 0.7299743264795773 0.726342010488806 0.7106915720498795 0.7098737374624619 0.699021276016194 0.6610894730714799 0.6755186160379315 0.6704250726119337 0.6345638126564601 0.6149923442251273 0.6025563964921578 0.5802029648901051 0.5813663876239585 0.5716963864617829 0.5917096501127564 0.5593761690198745 0.562482807411517 0.5450775943592612 0.5451243915680186 0.5592753004943339 0.577172724824847 0.5726471950192442 0.5379156720216413 0.5350656563498498 0.542998681594437 0.5469862206962199 0.5609299988271318 0.583624779073517
0.5765591997666887 0.6265898340670066 0.6433234077576616 0.6605356709062192 0.6523456699153966 0.667117098632146 0.7191511847779621 0.7217384662246793 0.7225734826730049 0.7296930265119999 0.7109081525315774 0.728341988508606 0.7333456566673322 0.7182164002294188 0.7425333911502603 0.7330490634970863 0.7191912344498204 0.7182841822242686 0.7445438141362154 0.6943068386548344 0.6818515473115359 0.66918988615084 0.6440169577025188 0.6361771898368545 0.6546188724416843 0.6287560051029448 0.5952171223884883 0.619423065812622 0.6162968951249873 0.5837962786532351 0.5784507060537032 0.5696929885028492 0.569017729737867 0.5701165036067387 0.5622110939099967 0.5692216543863646 0.5354168905285078 0.5428804966454036 0.5656419227007806 0.5392676343443678 0.5735847781094943 0.5873734973631052 0.5606245791568403
0.5765973090953327 0.620862972622209 0.6544011734873936 0.677511594352423 0.7052844798349364 0.6936149329214619 0.724713372004728 0.71547275736347 0.709625126899467 0.7259213845586003 0.697203540276509 0.7146702703262401 0.7064371964432937 0.7536810781954365 0.7572710755259647 0.7320119587074249 0.718056040889524 0.7368252386640868 0.7303936869538779 0.7308582216884705 0.7165143706003865 0.7060499153855592 0.6648112299615107 0.6666886991409521 0.6397307154196519 0.6242656195332099 0.604505171709863 0.5966105209327067 0.597532170839446 0.5997968004674975 0.6014132796860701 0.5595758659620277 0.5599674291381819 0.5565140547072224 0.5549673535175303 0.5338043583889999 0.514928012940822 0.5193571702236167 0.5402135307838424 0.5480527238688148 0.5497027173402047 0.571807759300066 0.5727542836836071
0.5725635735286261 0.6235568511929539 0.6576349222345335 0.6750850258345366 0.7107076494434588 0.720733804980638 0.749782915448997 0.7025823133238123 0.7087659988130051 0.6960544309781376 0.7067282041829659 0.7389502891442788 0.7111468557401248 0.7451284714935598 0.7535904493307953 0.7604210700344797 0.7322163001552509 0.7546315834388576 0.7746680571454082 0.7561679091909771 0.7301689224110213 0.7136141349447509 0.7112126265048755 0.6887753872522194 0.7001907671023504 0.6361211144490249 0.6079432565930948 0.616065371948584 0.6225249674941103 0.6150080036746175 0.611365977395498 0.5596376525035229 0.5460487976489133 0.5297277418112892 0.5358912531917291 0.5429344749286013 0.5080507819690363 0.512719795237773 0.4986831686399982 0.5260070631282672 0.580015471792244 0.5692512432984129 0.5815164627189185
0.5898116941772421 0.6202348564288536 0.6459286174973491 0.6672309320506742 0.7190692542507064 0.7154340495642667 0.7503321117712931 0.7088576800103658 0.7004083833513897 0.7087669752970494 0.7217893655042409 0.7361511659257574 0.7257142161805028 0.7524546176715861 0.7378118290317021 0.752146553700055 0.7476309524952645 0.764141773815178 0.7756135568081454 0.752518065206758 0.7643446581165346 0.742638817466441 0.7418671001251218 0.7171325602666183 0.7123989764948485 0.6922158323838279 0.6604782729164244 0.640605791893481 0.6277580498762251 0.5919063965040745 0.6101806047842281 0.5857411389477566 0.566610741110251 0.5416662841044123 0.56136182886214 0.5603489778094316 0.5312847729440537 0.5072695894986715 0.5205160856477934 0.5392130786988316 0.5828109258183078 0.5991979631954784 0.5929006109457765
0.581374618957466 0.619014780242693 0.662920909894047 0.6749239905436807 0.7078611668841003 0.7307025602536291 0.7392011390347368 0.6858553931047682 0.689716631138877 0.6948913284639842 0.7151614654004832 0.7384271673579136 0.7413244575478242 0.7423332700523024 0.7655438975065809 0.7627387639766452 0.7660488257786446 0.7527153728258706 0.7796071077483693 0.7640276885513325 0.767191098150239 0.7500146785743839 0.708639143079143 0.7252989486548012 0.7104933539992754 0.6886136070155097 0.6696351227552966 0.6592750006899905 0.6200901954496908 0.5909405794416054 0.5854155136351638 0.5904757330079972 0.5821098422643445 0.5887642563127283 0.5788280040990106 0.5553816326870405 0.5337385816406685 0.5209753311599213 0.5327565066117377 0.5446158890426412 0.5740530810931129 0.577203980679696 0.6187166666713128
0.6268822690323158 0.6389385868393819 0.6621386729469005 0.6707067965428358 0.6760906860130964 0.7123300471505718 0.7247682862517273 0.6861356832883221 0.6814238910239836 0.679373612675606 0.7112222502562265 0.7183870633467325 0.7531324048462273 0.7648614558997919 0.8072538968144313 0.7925909101461567 0.7976471843431523 0.761807658353815 0.76197110703244 0.7470741245920486 0.7604917300056728 0.7462034970277842 0.7095235219391417 0.72031236937374 0.7259330809637112 0.7177947706905216 0.6963458952051369 0.6492083696396183 0.6243101356314124 0.604796182402503 0.5899886733558777 0.58803273326303 0.5557266756250151 0.5724814680211024 0.5622063522172739 0.5337896108173256 0.5431491399757916 0.5442622387961679 0.5618540730237124 0.5574425143804735 0.5759107649479922 0.5993716074653782 0.6046021237588516
0.6279847396973125 0.6203136497906329 0.6189453558721487 0.6586060924649733 0.6681750194419381 0.7202526260102908 0.715757997518726 0.6827379016699525 0.6774954018792971 0.7033438802549203 0.7190466914114776 0.7253633208729677 0.7545604434736031 0.7667868215272837 0.8352789852024622 0.8205953089808894 0.8175470788711877 0.7815784634489693 0.7344859492791755 0.7466062969059571 0.7313329529014431 0.7115955251294134 0.7143415505820122 0.7168461690987731 0.7386838333364111 0.7270789251232661 0.6706951922642903 0.6267340732027183 0.6259030233561865 0.6385222335631968 0.618773650997738 0.6009167836121106 0.5645581668687111 0.565308674943849 0.5382495194083835 0.5625528647930569 0.5567330405845117 0.5828108396246203 0.572542153055297 0.5703367748092235 0.5892686790565176 0.5906905458736119 0.5749655654787752
0.6231041464843601 0.6521389059086112 0.6588385621567808 0.6732036459338179 0.6721538066724239 0.7015595959614026 0.707294652960956 0.7199056206170591 0.7302063781365569 0.7218963389595844 0.7308004766393112 0.7290005222766476 0.7652429697157292 0.7963818745896079 0.7984780561145847 0.8303105661552482 0.8052295883452107 0.788648012360657 0.7698565213929855 0.7431844961303278 0.7586771025252718 0.7226706737464013 0.7178225006452247 0.7241736560773891 0.7106449832705108 0.7195560665454162 0.6833259686220821 0.6340997868902779 0.6233952025689559 0.6410354542607151 0.6140719329692718 0.5956747043948245 0.6051901089507135 0.573075301211935 0.5931808698236253 0.5821906359748488 0.5932133665083296 0.6108306957145581 0.6042556660195014 0.5949709281495316 0.5902107246544552 0.6216129677082247 0.6377634011260813
0.603091722317865 0.6366684837685757 0.6746310253868176 0.6796785093913571 0.7084218005886525 0.697857438996633 0.7262855264079915 0.7510538035754452 0.7333165855892351 0.727254318874332 0.7140509652272252 0.7548386758216806 0.7609939747765931 0.7864807736104349 0.7710976023137283 0.8136115249824417 0.8200294434999635 0.7963913748807441 0.8201790735586606 0.8094178492221646 0.7558442610536942 0.7603348873971019 0.7152865297208245 0.7201517917769503 0.727935191701837 0.7363778512419809 0.6851480958881195 0.6821952697414332 0.6427612877161425 0.6353642597692415 0.6319508161562242 0.6230790785779694 0.6518978149160641 0.64099913672344 0.6251034097283773 0.6270785728217831 0.6346229857276781 0.6340874412921514 0.6226134053548043 0.6040305482316686 0.6036995101658341 0.640854179823523 0.6607292015185146
0.6194604482925674 0.6633078227573475 0.668030794027295 0.6794678918358746 0.6961410547816609 0.7040053078911425 0.7251777591065641 0.7528010164671519 0.7466544750986734 0.7286994082928818 0.7615398290031898 0.7454418504517784 0.7729034178099474 0.7564381827738798 0.7730302400259136 0.7869918166776428 0.8092119796338939 0.8081910431246068 0.8175238643279923 0.8413692231672578 0.8108762427557925 0.7804200641111438 0.7617404193649344 0.7716152603409124 0.7757438312795689 0.7504275233783212 0.7063401084720989 0.6983566741730272 0.686727537042658 0.6628678729213752 0.6469870264205013 0.6446621859557793 0.6687212043948952 0.6530322360446938 0.6525892268744158 0.6231430948526283 0.6329963860888581 0.6384641781090289 0.6300134513210033 0.6375926912855876 0.6481174855619224 0.6648057710841955 0.667892134159144
0.6333023647262996 0.6460306725085861 0.6642258270169966 0.6903909114483114 0.6806242482004279 0.7028571324825371 0.7740512796609901 0.7659811871056929 0.7242112530988538 0.7492158204728979 0.7737663563892667 0.7992673088774154 0.7997218008793728 0.793362241212797 0.7680008520056983 0.7669624360924278 0.7982494464061161 0.8121096195468377 0.8629093544463045 0.8358596748809418 0.8520369072987231 0.8422876833484818 0.8031674153873556 0.7989696599640728 0.8067080420794631 0.7890454676070207 0.7738543388590176 0.73934676174454 0.6865948843584224 0.6751649715758511 0.6568354429005638 0.6943888504180903 0.6831497072282277 0.6614727633134975 0.6626900130507869 0.6517805125475868 0.6407490815590877 0.6756803116823002 0.6968736018501062 0.7080967257992842 0.7056165426071878 0.7197021468482941 0.6949700674234167
0.6716426831795953 0.6657483077730435 0.6800106122173106 0.6772961470912279 0.6943803470780533 0.7042244085874048 0.7553871169583461 0.746029807646665 0.7394706342759377 0.7444973988630709 0.7619105541484831 0.8053221827137717 0.8044866666152835 0.7776179878750614 0.7969671723175659 0.7857147756375422 0.7930810480378575 0.8150660208578038 0.8209682902234838 0.8516358981351972 0.8527185619909364 0.8525050936361885 0.8187795451210229 0.8423929767652388 0.8425069510085673 0.8352996165086022 0.7912198155371925 0.7577362318022027 0.7133834779430862 0.719387021970816 0.7210389183988207 0.7143432465985986 0.6897394949025756 0.6951346652231623 0.7086464224082781 0.6931866106792401 0.6717324102515251 0.6825025413359534 0.7271615839574892 0.737713776683748 0.7270487237617834 0.7334883872552194 0.7213216296195708
0.6765800695333579 0.6576154396712315 0.6536748350757484 0.6892198221080202 0.6912648511687812 0.7066022487822904 0.7098299961770428 0.7285858637597366 0.7473376644369226 0.7470305021844532 0.794436961678389 0.8095694072374233 0.8021516043427288 0.8104853573866981 0.8209689869392153 0.7934883656258559 0.8011935890802301 0.8255921068552032 0.8066682680009253 0.8288493883094954 0.8457512473008195 0.8364819458967044 0.8444877392016813 0.861953238364247 0.8728902732569428 0.8649325839527584 0.8606490111399457 0.8163241339463454 0.7782005664104275 0.7503002201333142 0.7268074545185603 0.7141218542085629 0.7124421616946892 0.7307922243028842 0.7162802611320566 0.6954763391523079 0.6968571582069811 0.7097749846795222 0.7660562368224983 0.7742246355915893 0.7662302839036617 0.7389682906422008 0.7373240576658167
0.7023675005069313 0.6958317241805289 0.7092013664605247 0.7108753782305275 0.677764075122846 0.6824307341485235 0.7236528594034669 0.7361069398744172 0.7455609624237148 0.7850583141868203 0.7744636282189217 0.8147379793385248 0.7906288701040659 0.7891457406356253 0.781033563425299 0.7929046710793682 0.7948581291602684 0.7983487264593717 0.8240340179773745 0.8491177464799283 0.870914437325577 0.8542933158455798 0.8639796622178615 0.8751419988314102 0.8571929383640959 0.866098825277513 0.8452582674419336 0.8485026216208964 0.7935000800100319 0.7782305389538461 0.7449861349000235 0.7118327190250235 0.7431186661935935 0.7247121021098233 0.7088071181246377 0.714235013036891 0.7329401079258387 0.7451977449345432 0.773358033500628 0.788921416461466 0.7782287911542582 0.7992050068542853 0.7840403265095873
0.7178305419698435 0.7039266621998624 0.7281600062719665 0.7059334753699373 0.6945835128517387 0.7041062088382805 0.7133554239096062 0.731198785361848 0.7481882602288547 0.7871350298003482 0.7758280174687058 0.790743776916505 0.8298526565184007 0.784291888131698 0.7915697998721399 0.8193709829754731 0.8074434156269092 0.8359282546057564 0.823676133976497 0.8681408672484974 0.8736160632660955 0.8601630482658922 0.903018288796747 0.9155123684389543 0.8886260218634574 0.8790531162540287 0.8937278480697276 0.874276116765995 0.8396368851343543 0.7917114909517945 0.7132832133508666 0.7128213019634085 0.7400730696577331 0.6961783657795627 0.6705950582927346 0.6905423624252158 0.7002616799516905 0.7460052656275546 0.7629023810557317 0.781886806608876 0.7885984472159192 0.8180988102583003 0.8233093690638895
0.7156093653657237 0.7191545521491188 0.7237284329931214 0.7069334072835508 0.7066273660557115 0.7176428595092414 0.715650257471629 0.7335443884020993 0.7568593634351414 0.7714990432335967 0.7949419138754079 0.8088415253319741 0.8327717717467594 0.8123894094693436 0.7907290726645131 0.81118024533722 0.8293881053590262 0.8326515636039344 0.831695038576953 0.8699825151070237 0.896303892349497 0.8927447907175289 0.9024575196277326 0.9291092478711727 0.9413157644425127 0.9198999662374895 0.8942884598160427 0.8508433093390839 0.8416010210258938 0.7822344062802707 0.7527360465581148 0.7519877875229678 0.7342638807620112 0.7053905030131117 0.6806742124562533 0.7078967572532772 0.6968632397409299 0.7463412825827783 0.7587409207073356 0.8020531955949375 0.8071529142357997 0.8064164540728447 0.8326409476900823
0.665864523557753 0.6717725099078875 0.6881621469445076 0.7122012766253275 0.7100388210030201 0.6887888172273019 0.7046826011022936 0.7182898714355593 0.7389571057833534 0.7389555471768294 0.7599065252582136 0.7936809598548178 0.8186277100879991 0.8192270973921524 0.8067386998867367 0.8275306797359548 0.8787298787277035 0.8785699912613759 0.8623000964949957 0.9009048030957766 0.9053687330549497 0.9341387352512124 0.9519931641529654 0.9262348700295181 0.9407935840119221 0.9393108542717707 0.892401030549806 0.8774556975366318 0.8436854161279418 0.7828566153589519 0.7789069808009269 0.753792599402905 0.7464872159649195 0.7320491374573922 0.679471723700496 0.7170187695674374 0.7131403772031147 0.7513948025789638 0.7864136069670922 0.7866471202402749 0.8260635509943366 0.8094042712376246 0.8525988880741574
0.6804943739899876 0.6739342472350792 0.6860258557367348 0.6895347813256479 0.684210065766221 0.7094526293870198 0.6957349790928865 0.7341650767420216 0.7632658889684649 0.7533122011419778 0.7781176049612667 0.7974518774839862 0.8245156547154083 0.8604096736392565 0.8596138692068294 0.8711087486629467 0.8622855157426025 0.8778715204474654 0.9107827088023377 0.9181991976043146 0.9185927750883911 0.927812806624741 0.9714547195718564 0.9684140771297294 0.9517552003660467 0.9511532972004695 0.9160133835847397 0.8605632445700568 0.8274524019898275 0.8037993235180984 0.7854842795480254 0.7612783220548851 0.7501429419267281 0.7075025721347085 0.7197508453157353 0.7293769551251957 0.7280012230632218 0.7616015850297964 0.7795713940596904 0.78946191417143 0.7946776092619419 0.8074350323988586 0.8370891479967297
