Raster_benchmarking/DGGS/continuous/raster-406.asc
NCOLS 100
NROWS 100
XLLCORNER 1743163.1246587406
YLLCORNER 5469278.08689871
CELLSIZE 10
NODATA_VALUE -9999
[rows 19 to 37 of 100, columns 43 to 85 of 100]
0.760365479181312 0.7703681858323881 0.772065770892342 0.7494717166754394 0.7829897235024489 0.7469794746876296 0.6902269374998742 0.6985744746839612 0.6849047998682298 0.6640500461810196 0.6384733914894842 0.5891009295673397 0.5786087875619459 0.6013366455624403 0.6148008534234899 0.6341089015682844 0.6012955413454398 0.5889790953539412 0.5798190279468051 0.5705270942220755 0.5548877462923868 0.5393736726353722 0.5059136019636096 0.48673328096906543 0.5222868677786885 0.5128243666292813 0.4776635126636853 0.4862740464201427 0.48814904127874487 0.4723479136008503 0.5057514790203367 0.5430226739809796 0.5439996795892346 0.5224713745594264 0.5548278316532808 0.5666642752544183 0.5377930447578733 0.55236364859013 0.5721390917052164 0.5900304915153052 0.6107667750669924 0.6068645514342007 0.6146988468582054
0.7920123998840616 0.7506718414830259 0.7702465288152881 0.7581394290009399 0.743918652156337 0.7505180235823057 0.7374910724024939 0.7216748291129346 0.6536764961432312 0.6420608248337174 0.6380441136203906 0.6178327397458092 0.581227546234534 0.5869987923055241 0.6040711390013364 0.6400352235339298 0.60323354421734 0.6346800826264959 0.6147667030585715 0.5944805107460522 0.5782135812128607 0.5548798694705122 0.5013905079077043 0.5003789754194161 0.497799518862501 0.49147153959611456 0.48855052250909153 0.4997808387122639 0.4833051737348205 0.5066647756797005 0.530425925703694 0.5042752210028605 0.5466642151974463 0.5405912528838339 0.5639487885513204 0.5624719366957753 0.6021993673061551 0.6208969469412302 0.6604129148959075 0.6572614413211331 0.6739868476132108 0.6386988759644042 0.6494815936754705
0.7831194152865921 0.7423085537689721 0.7384841682829525 0.7546203457513887 0.722349165176067 0.7596970031360859 0.7523539845997551 0.7350615993405591 0.6488744759960722 0.6252805984314982 0.6098777062348866 0.6103880483508798 0.6160906194026677 0.6228153090529953 0.606727117906977 0.6168129792742395 0.6430690926239355 0.6389029399888484 0.6491501550523079 0.5974676003362462 0.5902283725836577 0.5689735305626369 0.5347707161456922 0.5645190177873042 0.5272395695374097 0.5368042728577392 0.5301361967283993 0.5329434611235357 0.5125690856578651 0.53852745391023 0.5157779011972748 0.5401800302326498 0.5504933476596751 0.6184558250455555 0.6230607132701411 0.6114370641778604 0.6442683841630725 0.6576003486494667 0.688436859996233 0.6861410463206125 0.7032198293656566 0.6880809632195718 0.6492100386802472
0.7609457981673571 0.7710138015615382 0.7560043189548314 0.7354813191487448 0.7201539104098785 0.7570513220082982 0.7266455078844438 0.708382293955023 0.6821483527933875 0.6337894960282859 0.6112141909425083 0.5897248306156866 0.6050764281056887 0.660386742880422 0.6201839722252251 0.5963491891063594 0.6300967190118675 0.6750511457969797 0.6816848604279774 0.6616048693916047 0.6155821205135702 0.5720594887170801 0.5846679766564984 0.5902188193571052 0.5859589805085919 0.5405991571049906 0.550106080053699 0.5623908540823915 0.5690576274572176 0.5631879802078086 0.5195398232801051 0.5298286880538317 0.579689177298241 0.6507932176997732 0.6693648327959073 0.7027525163318568 0.7157280819101743 0.744664694832888 0.7463220919446459 0.7727038533867603 0.7431067171930957 0.7627051072634354 0.7298914570179178
0.7695116912085659 0.7909063896020874 0.801242096521576 0.7618411636180554 0.7670160684171989 0.7246903301275429 0.7347295418772346 0.7433365516757634 0.7012024348416498 0.6684828124715442 0.6115245802360717 0.6304611085856087 0.6344739773952559 0.6772177362554178 0.67669942464018 0.6531158086298969 0.6878835103029672 0.6497208728320678 0.6514333033632993 0.6174246863111847 0.6269574097922493 0.6085351602523528 0.5953473015580307 0.6010128927141974 0.6057403164951312 0.6000059569602775 0.5514998401008682 0.5976874944565029 0.5983546523619021 0.5866486626536779 0.5737788113432702 0.5938377506833662 0.6022789863855823 0.6674841238707483 0.703976349040495 0.7279711091608276 0.7422686941270888 0.7361771491041734 0.7441910938984564 0.790806672085498 0.787404258626341 0.750327905998069 0.7525516618482946
0.7960397693828025 0.8165106212443803 0.7680617793640849 0.7766317788453836 0.7516522568821328 0.7014269877541742 0.7472039285955863 0.730461381736228 0.6873875148135599 0.6614970129805309 0.6253083013375733 0.6431262797758697 0.6396044136722934 0.6833428818257529 0.6808956288589639 0.7016301369669401 0.6743418677373809 0.6708011065709569 0.6606301903152185 0.6358576952955246 0.6077045676305407 0.6284264060483655 0.5977636560181081 0.6380679305354149 0.6076343153786437 0.612455657862109 0.5568532754757889 0.5840210918540423 0.5842806447838964 0.5710477198998818 0.5624716635960078 0.60622114796111 0.6154677034945019 0.6570861131272655 0.7161030633698124 0.7329448175225811 0.7135449906767612 0.7445496801446724 0.7379607424868964 0.777462670748354 0.7620904031932159 0.7556292491976242 0.7320596728065317
0.7847231969609031 0.7896418357294352 0.7893886643446927 0.770156284653436 0.7707848103301608 0.7039721371305507 0.7151136856347006 0.7149917813684459 0.6659567881844756 0.6742654116714092 0.6638986091973242 0.6570123849393551 0.6761552899884082 0.688819715365186 0.7185054837595327 0.672198985669437 0.6871516544527297 0.660891898988934 0.6419051878964224 0.6397598547051172 0.619612614368064 0.6034144645299073 0.59039108829589 0.5918484641780553 0.5963848525266829 0.5745108276638223 0.5837830863911189 0.5544628679328649 0.5649818838431249 0.5722851939368919 0.5875571117465431 0.6233466476142103 0.6127127156461832 0.6313685873014052 0.7152286916506642 0.746150470882815 0.7421005477619126 0.7412742016774296 0.7515468501589957 0.7930397428372109 0.765446883188452 0.7815392408815929 0.7481346848241842
0.7861071223765245 0.7974673738288265 0.8034162340117492 0.8195790553264216 0.7468414082553122 0.7194603814799371 0.6938631798318066 0.688135558851425 0.6427086313899093 0.6783455569136393 0.6853947595662586 0.6794595014970581 0.6607562746218614 0.6885902404194574 0.6776480424388178 0.6924077968867356 0.7082826920928686 0.6629163794354479 0.6680991785573309 0.6514539093974442 0.6164063160714791 0.6241681651553146 0.557761461106349 0.5430990851386585 0.5573709513144216 0.5530282333872661 0.5613439109727526 0.5900407158499723 0.5827377712254841 0.6068162387604045 0.6003040805163513 0.5804169866632779 0.6063791716288341 0.6400695216384149 0.7151673489373499 0.796415558031599 0.8015435910518 0.7956269909086794 0.8068173088438297 0.7998259919637716 0.8019534018850987 0.7999412161826739 0.7852380008044517
0.7912952154005015 0.8036942452292865 0.801022025025702 0.7844981124439327 0.751063336953032 0.7163425066362107 0.7103644218639895 0.6951645779232393 0.6474524067891393 0.6597334191496721 0.672848856492516 0.6992001373384802 0.6875920234016638 0.7092366745476071 0.6966814985367593 0.70159147377875 0.7038878627007159 0.6898203197803796 0.7012614353511334 0.6977558910640143 0.6664708378092534 0.6407587130651098 0.5689799173442815 0.5577477834570356 0.5645843589848295 0.574184212546197 0.6105230997170159 0.5802033362471495 0.586177191525871 0.5757786385036062 0.5842757564044501 0.6096568070664322 0.670768065834577 0.6662318142461923 0.7185380778274196 0.8091307076153663 0.8382157971635338 0.8472010950647005 0.8114043212104783 0.8382909617015614 0.8441804112431975 0.8358765921237805 0.8049466469078399
0.7893735908782171 0.8005600072293566 0.8232881899039086 0.812138689246395 0.7695542720022792 0.7273667659171321 0.7080188543479369 0.6870903232055878 0.6628523638164437 0.6376983754341439 0.6652058294111675 0.7121858949265598 0.6983399196152902 0.7137802736799398 0.6836048815788299 0.7053617918534417 0.7293565201161416 0.7420941264926126 0.7129913292114299 0.6976192519196085 0.6550212393319037 0.629785257749459 0.586900397774154 0.5813831750101711 0.5660271014898671 0.5981316896111135 0.6117842668971126 0.628969169245682 0.5871856963838139 0.6109881362330317 0.6100171528430304 0.6474930539113501 0.6567219736138549 0.7113701445165919 0.7536775923477211 0.7984821363155641 0.8154773183809858 0.8551051426448332 0.8516073282780899 0.8828158327737344 0.8292625169794138 0.8442851998659262 0.8441925747899856
0.778690594975908 0.788467796146629 0.7750812096457317 0.7985209471080575 0.7847743703329011 0.7751754142579566 0.7308505778565847 0.702868750679204 0.6967950799582665 0.6900688788668783 0.6511343669466884 0.7104765341575953 0.7217820661909976 0.7165062052966621 0.706627642085672 0.7140594155780683 0.7201764972110474 0.7668612051212519 0.7564575427384977 0.6905315840136749 0.6534265899921985 0.6632111743638853 0.6191575042486354 0.644482441654971 0.6200983481496551 0.6151650307156236 0.57478687817473 0.5741900916792569 0.5901317988155279 0.6235252348549031 0.6548560861211635 0.6955097823429273 0.708338646760795 0.7409955515489101 0.753997324597551 0.819098665491563 0.8296414749972171 0.8620238487945358 0.8601490474356636 0.884071414564831 0.8556214129227445 0.8704639349669302 0.881601154960591
0.758643909435622 0.8058224008033411 0.759299128310359 0.7889714324895319 0.7813523298691343 0.7475462043274683 0.7258204596938336 0.7262632676745416 0.7250573381118728 0.69023803645187 0.6663979640769718 0.6436625448359835 0.6646074762975592 0.7097351742173758 0.7353956932866541 0.7427241892956178 0.7484493660219007 0.7593828814206555 0.7515642282071561 0.727153594033662 0.7016218885658527 0.6513886153457848 0.6514125642334881 0.6809813982695682 0.6198451508005354 0.6404667987926351 0.6027831242534886 0.5381648081448553 0.5615059448438302 0.5765067319073045 0.6409186551476342 0.6877308638077531 0.7109282246116845 0.7001794746250982 0.7718511009726322 0.8223762242942881 0.8381182054068878 0.794627184466339 0.8380156605670052 0.8749571578138561 0.892156166796927 0.899763443125358 0.8893631362483727
0.7787400747549262 0.7565604059266815 0.771398964026219 0.7763141867143231 0.733812690461976 0.750540974305111 0.7217106374771225 0.6916641320555998 0.7215448972044057 0.6763029931382241 0.6781711877679375 0.6537552782722095 0.692567738446346 0.7135121977442512 0.7322894320039983 0.7148127703264229 0.7325712099371672 0.7456828496465763 0.715014485695201 0.6914598884842024 0.6985049342552682 0.677741034043267 0.6444666849164407 0.6444685403305443 0.6323587570816691 0.617328673615426 0.5951970673973866 0.5974961917108621 0.5976221063242286 0.6012016345162571 0.6639249313032849 0.6909663040691955 0.6877067530416043 0.7353930805626601 0.7488339021465916 0.8116869903208999 0.8043842962749455 0.7954320448452895 0.7981436538986569 0.7990482019168331 0.8263370046875209 0.8287801126419386 0.8445666037539574
0.7693888332342697 0.781624683193652 0.7696145763865442 0.7661536876922349 0.7258139274821012 0.7239626753681514 0.6861708349079669 0.7035983252759088 0.6844234843755269 0.6847247177713921 0.7143582212339893 0.6802226340706072 0.6973737033222397 0.6675475350066595 0.7284105004326227 0.751403987630763 0.7278799543888026 0.7498302067962458 0.7248132727929889 0.7284032967475464 0.6758373873264162 0.6370748380628752 0.6432165405844541 0.6654080864013407 0.6487026040037979 0.6173677521593095 0.5932808476354271 0.5645909468428725 0.6041154606597189 0.6400805102765925 0.6955756373722387 0.6979032960520236 0.7360852211938943 0.7468365835966918 0.775327918297898 0.7654816594900714 0.8063647093997026 0.8097043892539747 0.7668605011409517 0.7860346790983045 0.802275669201501 0.7939523924517908 0.8330964729683666
0.7052184671101636 0.7317145050563906 0.7734644103386575 0.7608803318369536 0.7520688623907817 0.7058976758741548 0.7014743832663575 0.6636588956806966 0.6797044945040496 0.6794957675486727 0.7080710124544853 0.6864738689053028 0.7109262295848502 0.7076284957428399 0.6919777128869892 0.7508577340761824 0.7514017049704962 0.7509627808735486 0.6935262230331659 0.6607618419201309 0.6426337620675632 0.6443339376164198 0.6736072606574397 0.6288513465244998 0.6135781618978429 0.5949133257287124 0.5705250662667792 0.5715940003832898 0.6444882511212898 0.6673173722933351 0.7045934371417152 0.7073375167530088 0.7008623086487759 0.7692417782354334 0.7635461570053029 0.7848290856912112 0.8140109479005998 0.8085190561032088 0.7666319411403204 0.7382624507606893 0.7640245434901693 0.7853207463810921 0.7551648465619262
0.7182113338743746 0.7149523918954432 0.7543822534282331 0.7633730000846493 0.7270103868421794 0.6902746609305423 0.7064060947461183 0.6810121929325337 0.6879635389534609 0.7233144904156552 0.707042523163414 0.7168360328290514 0.7244474723898613 0.7318955300138219 0.739074200819043 0.7055436787331081 0.7240970515407098 0.7332718669646963 0.711305615151025 0.6697211358454082 0.6713436108509315 0.6383746981069799 0.6735729142129551 0.6462858057870501 0.6304034587949126 0.5986696812697936 0.6049973987401752 0.5934301287703807 0.661803200486371 0.6830323041013951 0.7160335794242948 0.698116867090784 0.6975651882376915 0.7716009222342477 0.7840779910070222 0.7606492585591347 0.7716312422507656 0.8098921881562484 0.7572497441886483 0.7307861310375287 0.7285319232868606 0.719792376294719 0.7444879596941082
0.6609170618318568 0.6810575884050584 0.7438451565454103 0.7507166111256028 0.7489525904973244 0.6872160278077073 0.678924230996378 0.6932015064733673 0.6846861538560153 0.7306787245895527 0.7425124651170218 0.7388644740269048 0.7561044721723641 0.7296255480277521 0.7673523283936466 0.7186834206278979 0.7412629528308575 0.6903003765384543 0.7008094288212111 0.678132838827549 0.6709050330484166 0.6757078179529785 0.6841270626382588 0.6450074528587368 0.6212050391260481 0.6227499748613149 0.6440691975798405 0.6631032318772583 0.678107160334246 0.6571494787461983 0.6846245540441568 0.7113672290026387 0.7008628570270847 0.7217334610849517 0.7428328710364491 0.7527523646409999 0.7793226978274156 0.7762774139064782 0.7646614633817556 0.738603488966233 0.721180000194916 0.7524629861004787 0.7472663778128082
0.6609534251122822 0.7015681341713538 0.7268471573664974 0.7529069963642694 0.7352336103333372 0.7118515614334706 0.6844571484537462 0.6792499785030572 0.6658721832732958 0.6839574226256038 0.7402360852786657 0.7727937618141161 0.793979461402058 0.7659915564404205 0.7476830607772172 0.7533552945483172 0.745480344062856 0.6747564372994015 0.6938199160825693 0.6835017167881274 0.6907546935072975 0.7091685286071369 0.6760513553692264 0.6646617501078095 0.641168803717271 0.6622557881276743 0.6639411137248372 0.6714390980964969 0.6642733562242344 0.6628739209029019 0.6919743515090521 0.6942554914603273 0.7188451631832381 0.7515491180473322 0.7269698537963988 0.7199017438366435 0.7587670712075612 0.7576023338704885 0.7329517382201157 0.7667621496124141 0.7334550932760707 0.7105279013400929 0.7605932172185897
0.6254445484178988 0.6415904630584934 0.696753947878181 0.6905007805181581 0.683254918365629 0.6892787346975086 0.6830997157828987 0.6782061856229069 0.6563962856058521 0.6807622997171509 0.7072230828968253 0.7622623499044954 0.7714599806220906 0.7589206941934223 0.7248480609936091 0.7475153293298765 0.7587026994053568 0.7008245371059058 0.7250884751642389 0.7203282422054025 0.6977583836569535 0.7050459711009027 0.6978617655536214 0.6554344728160868 0.6685718865042621 0.6851553587316415 0.6502168243425497 0.636419905352504 0.6156852278835317 0.6382972739672805 0.6866706156753499 0.7052975651456268 0.696033884497922 0.7443910293544772 0.7231053418717056 0.739714596778912 0.7409437447341087 0.7646669769018036 0.7505171885574208 0.7671863227700465 0.7189831087502224 0.7300531748829273 0.7615056750089532
