Raster_benchmarking/DGGS/continuous/raster-56.asc
NCOLS 100
NROWS 100
XLLCORNER 1743151.657649495
YLLCORNER 5469280.13912312
CELLSIZE 10
NODATA_VALUE -9999
[rows 0 to 18 of 100, columns 43 to 85 of 100]
0.42112474184055904 0.4359499787619354 0.39292479016409587 0.3282816801360225 0.3239875311623627 0.3326690057744715 0.36345035294205547 0.35856985232372357 0.37214600787685936 0.3664216502418793 0.36438452923055314 0.3202732610465666 0.3543453164234078 0.41091184851284535 0.45083994246609815 0.45356948760906 0.47124819483174274 0.4912387493379971 0.5121392256181454 0.5177455236009694 0.509994430473031 0.46260454478763763 0.47084786720856875 0.4326241631492212 0.44978581078036384 0.4373923160060351 0.4490196788571847 0.48507593851839215 0.4824728876371807 0.45464459450934386 0.44351474228402826 0.4638090978369154 0.44530998494920687 0.4572578096558977 0.4785604696804293 0.4817787278596065 0.4629916191733172 0.4432378619856835 0.4719030396405111 0.4464113725248541 0.4187105049986278 0.4188217454757263 0.3653396784542783
0.39795215121384175 0.4045067744327595 0.3582901570779088 0.3192375628810209 0.35060727890028315 0.3741412848785493 0.3424837201927522 0.37824066193198924 0.3762917118969008 0.38143515692595126 0.31166380362086615 0.27691400421280166 0.3186717159248788 0.4062264026082698 0.44337199937479455 0.4310919748038161 0.43087059989386883 0.45911918139123903 0.4850547554571832 0.5279392228005976 0.4759482685809155 0.4687336727796589 0.4555522324823021 0.410159483313003 0.40794529072978697 0.4335829929501184 0.45853080164503146 0.4584718447241147 0.464599458464061 0.45827503312354334 0.4369626562744516 0.4164986574151781 0.4276815114461966 0.4417939220264062 0.4771437173295105 0.47231426105429036 0.44184843018382336 0.4905800315468608 0.4988475361626112 0.490245941973126 0.4277737454421265 0.43953705563653567 0.37421599278517725
0.3998026589903572 0.3818027657362506 0.41499880897367786 0.3548990834177594 0.3369235996462219 0.36315303611353633 0.36505208459611166 0.39072571034748527 0.3647688400751634 0.3480573587085137 0.2937419294852876 0.29187267504405706 0.29372546628096174 0.3579589332759412 0.3981900801751941 0.43222060846956906 0.4179721605756988 0.45117259615231664 0.5084186222611384 0.4862901949385634 0.5022870239962522 0.47942436833861635 0.4218139001708363 0.41993669738537254 0.3895401246252084 0.41670527329341167 0.4260326018234267 0.43538359966786383 0.43051227438368794 0.43595796576283075 0.37982236305311906 0.41048703557672506 0.36921403869641145 0.38359914675232365 0.4286430541720168 0.3955838784110459 0.4204604777852172 0.4397739663527464 0.456166038907573 0.4471060029933309 0.40926588478925124 0.4316728207022399 0.3908903712357461
0.4038398306077771 0.41156038088596386 0.42861366322273525 0.4044833545024239 0.39602103648558995 0.34511718454589363 0.3695604973125369 0.3793302606899713 0.34157623318141594 0.33462122649629045 0.28963930806202143 0.2913345444541217 0.31652233098356275 0.3176328669061673 0.3787347983856432 0.3966449848962856 0.4244975981615761 0.481711307648556 0.50216148778566 0.4993675675180659 0.4398965653514893 0.4105990920242562 0.42432696383233387 0.4019561329359042 0.3902183827979273 0.39427128252027627 0.453072535489686 0.4541108702268104 0.42754530657818046 0.37792203915117223 0.35561524910043113 0.36445558053777194 0.36610633703083284 0.3506902227676188 0.3493365917238438 0.3407215111486139 0.35124172089274563 0.39008348672234594 0.3786954356937936 0.3920051041321727 0.4139829266461619 0.3990652409798489 0.3603953893266198
0.4405984541061418 0.44213487256083944 0.398732113597499 0.4277840931846908 0.4073660632953651 0.3786954609984418 0.3844354478368066 0.36834292352573583 0.33281809788164024 0.2969564168946949 0.3153509809114683 0.30030809369004285 0.29961413734786063 0.3438455417140626 0.37475220075046944 0.3942465570073371 0.44274604306372356 0.4549910169609591 0.4460975763847428 0.41870208435980305 0.3935115560959913 0.356312584322091 0.3885362179088727 0.3581143453545421 0.3931610801153801 0.388801685415295 0.416814023374615 0.39715183891920663 0.38891871814809104 0.3733241767115631 0.3441916823507815 0.3209502553013993 0.3594247962980497 0.3400196913819536 0.38165525194612965 0.3799687171882515 0.34809661427278454 0.3426890575801806 0.346913007780386 0.3871708889829701 0.3698453678098782 0.3568681598377594 0.3110224626849341
0.3903359313196369 0.412808149079506 0.3769153580078086 0.40377669699576274 0.41059388438752337 0.3887719346192774 0.3797618376999485 0.33501546834432766 0.3144724360229322 0.2823817772896326 0.271284890609552 0.3161926875493118 0.32150314692740817 0.3020697043992633 0.34279041372041485 0.3926544426527636 0.44455287497676577 0.4567249549815882 0.4226687573535287 0.39821310002177474 0.4013433205775011 0.33945672715842684 0.3481811487999629 0.3355200162569426 0.3916351541687449 0.4184984836994985 0.3873592864271529 0.404747359391298 0.3857527725231556 0.3993122304073109 0.37004514058846133 0.3122663324699113 0.32918578527171694 0.38729058853729836 0.35439700248289807 0.3459248802274219 0.33051703694863965 0.3250703514555075 0.30532182631096505 0.3502580793294395 0.32164545996176824 0.34078345696582385 0.3078165177459177
0.38281479856786227 0.36357921956234224 0.39626221467404465 0.3817841273706755 0.39209054828277173 0.369689265234748 0.3217112883161321 0.3171044045465191 0.2848004939067159 0.26943487938162486 0.2609018619019076 0.27081519061507253 0.28292029887050346 0.30231778329078435 0.36251810482569535 0.39372969783969375 0.41134611589865966 0.42558482612774534 0.43257009000095836 0.3958336711146451 0.3721902985709808 0.3567340866515541 0.3370726901509902 0.2971012666002605 0.3407773965176884 0.354533181476248 0.40650607214651835 0.3859324811707771 0.35156824326073344 0.33223654390493 0.3355986917362162 0.3226780749066856 0.33132269064648756 0.37109202917747414 0.3489966385521824 0.34312031011631766 0.3690848155386571 0.32329845752966563 0.31427099811805925 0.30180934812548366 0.3403409851975096 0.32270629904681963 0.25302425569057435
0.4027836775019694 0.34889730414752784 0.3723323187974653 0.4032557985985889 0.3606967620463639 0.32005812437029346 0.32741209459432535 0.3287333895738672 0.31327572200980436 0.2926520013984954 0.29546925947614344 0.26729708799996627 0.28317493521840537 0.32827157947015395 0.3873562934834634 0.39653927972171976 0.39230188606101735 0.40337047923196645 0.4326871851947288 0.39171346505186067 0.3584241947062572 0.35495492372348314 0.3077547976032543 0.29130940341281963 0.32189399309539096 0.3745253129684321 0.4062266453325495 0.3881649292325715 0.35510073459751523 0.31603147968498113 0.3108070901712332 0.33305841256934204 0.3456543031298474 0.36695788865227025 0.3640875690405646 0.33560160660364946 0.3177570083264507 0.3554830867430922 0.34458520518259333 0.2886983583592566 0.27200783371896997 0.2665922270043191 0.2285884133028669
0.37664844340015946 0.3705317503337525 0.35782129283004477 0.3311367566809569 0.32102952265812074 0.2665781380521504 0.281725382460177 0.24960555001150725 0.25678005279056804 0.2743328222840275 0.3015514431448168 0.2983774290456331 0.31706886120353306 0.31328098099681173 0.350630832488254 0.38022924536136365 0.41851678304132744 0.39420693717784366 0.38132302328383305 0.35220507214325836 0.3304923094405466 0.31368058249063924 0.3093359951170841 0.29989305193823707 0.31344589597225186 0.35261206705259157 0.3701381269042725 0.3356361280158596 0.32344733065930764 0.30526402879764847 0.3504872253163366 0.34679927467656607 0.32413548991296054 0.3348737006964512 0.30930910985182947 0.30049100219398517 0.30556028608358304 0.3335158716915017 0.3398477586099567 0.31246555545959387 0.29750742839930683 0.26196920069894564 0.23831002519785865
0.36764257656324706 0.3541747503808674 0.3550126130418465 0.3401823034393651 0.3127987647888586 0.25597910194543266 0.28282871363226053 0.2490742260373703 0.255921052088201 0.25224171382776545 0.2849546645201407 0.28314789447874256 0.32094707245394816 0.29091165020489684 0.3441093160601463 0.40252954726765444 0.39231451657900945 0.3619016567241069 0.34310858409067335 0.28676318918622024 0.2705119414080117 0.3011364300546027 0.3254684578183019 0.2928133622371928 0.3155888936332999 0.31901571359703895 0.31111924922897616 0.30761720740736587 0.335492560556695 0.33729016710807863 0.3177693640120226 0.300361535634162 0.31688029806935497 0.29938511431203113 0.29058954983028346 0.3069331461762909 0.3375842875594186 0.2973501848248808 0.32380160884275444 0.3586714308054777 0.3086156165296242 0.2574695121174603 0.22973999989863575
0.3603131627986477 0.3534729336054755 0.33214724544179297 0.34563417040722816 0.32959696661402194 0.2794016557394615 0.2742221254644157 0.28805885919025015 0.31022904683568603 0.28273663751654293 0.30530051646484274 0.3542457312826424 0.344938312235059 0.3380288534035014 0.3683137899130434 0.3716199192614213 0.38441972253573187 0.38763775979330944 0.3279898380109699 0.28282573571004566 0.2838194692584594 0.33529034190511375 0.3296406198267472 0.3043073206083737 0.3257632259558727 0.3355342714434031 0.3212839573662375 0.31772827069813586 0.32497764792929806 0.3228509795248703 0.346754668828628 0.3124131628096951 0.3419598469790247 0.34663726361883457 0.33473021602842656 0.3186712644823449 0.3268140207782067 0.3070925293837083 0.34109800901137705 0.33226589334606405 0.3334444754501467 0.32932649320812996 0.28460352886063756
0.35203025486831463 0.36329207630545496 0.32889293519600676 0.35803989518503293 0.31066226047088424 0.2780597315100771 0.2946181491037673 0.3220176594104326 0.3292553459734374 0.32239812589173406 0.37173096503100767 0.37174579596752944 0.3828501517513379 0.3495048740322781 0.34317073813684895 0.31692281990019516 0.33797159147883893 0.3584723510531394 0.3215107937518574 0.3035323455787731 0.30921819869618367 0.329174345667493 0.3440384000296127 0.3563157256953599 0.3398109385839868 0.34139028911980346 0.3577820913628684 0.3293664178921528 0.36129255340352484 0.3568947657942695 0.3263036677319063 0.2933559450830681 0.3384890184459498 0.3544458700721368 0.35122386229707825 0.3370380997894891 0.3559326006878226 0.3282688372883799 0.32190810067880726 0.3300555557021587 0.35983241353533213 0.3584569816839221 0.30923604777618685
0.332197025001523 0.36068220503775283 0.3611605554360192 0.37977713736667834 0.3234802177481374 0.339876825522207 0.32774858265192075 0.34049074265786994 0.35891923394039016 0.33956897624465554 0.396058647658297 0.3748574613425162 0.4162973011136116 0.3685259842205679 0.3580495244191495 0.3647541073167888 0.359963008281887 0.3737511213047666 0.3436423184750303 0.2967379495390075 0.32702417496672587 0.3128023507749273 0.3547665462482693 0.37335197590381575 0.3718847567252653 0.37812278377613423 0.3920947470220398 0.3867948753983144 0.3704707969286988 0.37435374510367714 0.35190483782542076 0.3258401409640916 0.35948551905763915 0.3493997162457148 0.3388627591524835 0.3246175815287428 0.3531622474676771 0.3373707527638664 0.38431258048189737 0.397518438788039 0.37794942278047683 0.3625193750584086 0.3566024775992714
0.31506990362165205 0.3132986233712371 0.3568084028391582 0.36559919565823157 0.36289008923147753 0.33840052058360776 0.3611850038499581 0.3422666365269871 0.3418026511228588 0.36628672184715155 0.4340338960664564 0.43511504566826636 0.40209959451500227 0.4126945984631057 0.39460088569983276 0.30865562912829775 0.3488849832003847 0.3552653088147735 0.36119271825822374 0.30648386273431144 0.35308266227097634 0.3260269877778172 0.33297160339405985 0.4076177833729813 0.3960846400131181 0.4252222919050608 0.3691550221043304 0.3658575288406333 0.36146796622989014 0.3660505061095923 0.32810542175197294 0.34684025537627017 0.3617020216654893 0.3547046371459485 0.33304952010287603 0.3511657746116944 0.3446293785278215 0.3855829545698079 0.39903073415642304 0.3777385713523729 0.4093424529924958 0.39371801384255734 0.3562536381558697
0.33460199529895995 0.3389750964835733 0.3385502317125155 0.3919650058613184 0.36873927034755166 0.3577186058597407 0.36053703659578507 0.38891444531646624 0.38890770513477624 0.3846788055325661 0.42310545792802506 0.4075449348934193 0.39632233106440257 0.41461097546734116 0.3922354793321268 0.3789049298873964 0.33377915781173984 0.34057474093864165 0.38228089863862796 0.35805590895685496 0.34525040306726895 0.35413781769639585 0.3553296098328445 0.3701979938667625 0.4192291180233205 0.3869169933918774 0.3832253286311702 0.4001900690053774 0.37331703568910857 0.3663743646533427 0.3442779381097482 0.34258735753225783 0.3658144275731906 0.32323060893208555 0.3479980747335678 0.3654572984683019 0.35803185039633406 0.383972453673046 0.3796080011141253 0.36885433478591967 0.397595180905256 0.3900900207276669 0.35402198236229854
0.29986248473780697 0.31696483755329613 0.3703024650382483 0.3850240433330996 0.4004365586907487 0.35128533396721073 0.36873840688756926 0.38451789047182827 0.4041664466667745 0.36982025382542705 0.41994514643819475 0.4121876335595897 0.3913428952365156 0.3995435498161242 0.38031315116261133 0.40034246544837715 0.3592273047965892 0.38185045225588243 0.38951984887189683 0.41204803702415466 0.39531053011349954 0.3963401633037102 0.41287447406332234 0.37041879438649894 0.3775696296536042 0.414539135811923 0.3768151180373951 0.3946794602640857 0.3780788845060696 0.35135925118190664 0.32438144907558264 0.354726397641147 0.36035622484221735 0.301453084507167 0.36074422573917914 0.3808691264722788 0.38001988886420973 0.36476714387151105 0.37025057630314084 0.37938418995921397 0.36506582074203886 0.32231273239309355 0.34057229954285007
0.31142785370938003 0.31457792407522017 0.34272835959710307 0.38440178891148696 0.3889998919847714 0.3614707119551028 0.3984428255272481 0.3883872659979317 0.3710870309779475 0.39172373399008636 0.4253906352266572 0.44963231545854215 0.412202081624179 0.3971989410667691 0.38030125864394093 0.38801344847076474 0.41464272843625993 0.3781078397156635 0.4359640403472174 0.4088543316678751 0.44662976926234005 0.40330520230274164 0.43023131557631217 0.4163032958886248 0.39199578545665537 0.40580862973263665 0.36217107614503624 0.37237128362578686 0.3681896787712184 0.33458249257550265 0.3422630819181704 0.32661861805684633 0.34489304137860344 0.32881577460220973 0.3148204070312083 0.3736069209051667 0.35138931257338873 0.37063787319600316 0.3959334277359 0.4373357562076711 0.4076942801324959 0.36035160799440463 0.3692076496854425
0.35710852851447067 0.3035913785908444 0.3420228387999819 0.3266386502889941 0.3536456653054227 0.404360307627409 0.4041152343892319 0.40927638814892836 0.4032042213098647 0.3804411575581701 0.40475243333479916 0.46923559911660356 0.41340812962882667 0.3831094050974637 0.36804139527082014 0.3919242259442963 0.4292117618649799 0.39788003706413383 0.45550564377343095 0.4333754803747675 0.44704035673572423 0.44517914520522484 0.44992983452505014 0.4407590403255214 0.4045444110690701 0.3398457060628407 0.3522709853779997 0.31076891518606337 0.3577525432707315 0.304183407809673 0.2963449566616778 0.2893394965642914 0.33434120482791346 0.32703365140436547 0.3215502613746817 0.3517913204316273 0.40305007373229335 0.4227179821603868 0.40362601353096716 0.44574666595136664 0.42770081390637504 0.3992799044549854 0.3844918750338325
0.3910046598147113 0.3702918374595326 0.34925673889009445 0.3450101653499316 0.3261516380963725 0.38643148772571884 0.363868370193576 0.39336335113278736 0.418490486854023 0.3957620903475969 0.4042434797614266 0.4486909537080309 0.40321255871889256 0.3969972974096844 0.4125956309976268 0.463929545519749 0.4431638277850745 0.4609507424425791 0.44839983351202434 0.4322998445924783 0.42889924148940795 0.46380312782608785 0.4658881245646329 0.4153279564084182 0.41729288831911493 0.3511142985760413 0.34323135334757976 0.37547724285612777 0.35065623160110576 0.3136424386127009 0.30340550181167186 0.332446879268865 0.3362635862183302 0.33691961191982756 0.36328559728441734 0.3499054047244007 0.38956962408811346 0.3687231922034823 0.38444144950606013 0.37739908038594744 0.36563753180790426 0.38367660059046915 0.3499337470127933
