Raster_benchmarking/DGGS/continuous/raster-101.asc
NCOLS 100
NROWS 100
XLLCORNER 1743149.4229310576
YLLCORNER 5469286.589517048
CELLSIZE 10
NODATA_VALUE -9999
[rows 38 to 56 of 100, columns 43 to 85 of 100]
0.41208878462952464 0.39568321879109714 0.4021702272466887 0.41060906451725526 0.37792569386001096 0.378878997984872 0.38128240611015124 0.3952054585142639 0.4208669563144458 0.41108135783011057 0.41238854784870466 0.4201813287019938 0.4161539813874812 0.4383362404418267 0.4423679312463423 0.4736879941735666 0.46480267803204217 0.46560935413473603 0.46401609116823844 0.4685725908941631 0.45455902389463076 0.47742259606583626 0.46231082337461676 0.48161584645807465 0.48795244345854066 0.4973827380169234 0.5329717893969147 0.550342196846538 0.5833597631393652 0.6226044176932712 0.6375453913565987 0.6494708783578143 0.6607515341515268 0.669795708521948 0.6550574819664972 0.6552091871486476 0.6479947818870858 0.6370156556632357 0.6500751073561033 0.6398574277489106 0.6485861900349018 0.6476622394562419 0.6656190376320826
0.3888526991544698 0.3935295135518563 0.3953142466699693 0.36555458374622585 0.3414804655581552 0.378723164377462 0.36687565609167344 0.37324096491061265 0.40877405044516674 0.40288067100104535 0.4111230817976448 0.41093403181806293 0.3988832047330604 0.41132911326662125 0.44502980324415475 0.4467538400773092 0.48525964727067344 0.47645369890523825 0.506684131139804 0.4771542172469746 0.46618420161360813 0.47082603109195215 0.4583959889850467 0.46548378919917366 0.47041313742405905 0.5110450154876646 0.5111508311458786 0.5393799917399319 0.5944505984783307 0.5967109220640078 0.5969383105125562 0.6425997630360614 0.653699317888503 0.6270275244686965 0.6308010027892239 0.6590768022217602 0.659997616425692 0.6403202491798085 0.6520362389265191 0.6540459054067477 0.6247637028886679 0.6378056386308454 0.6361958518923132
0.391022352155763 0.39238134209978737 0.3874962319012748 0.3673125814857003 0.34436511369429623 0.3539595858768315 0.3568418120781598 0.37633561136064136 0.41820358903427857 0.4163028061237473 0.4080594088729908 0.40140165998865673 0.40567915141185523 0.39761199703262307 0.40431547676591395 0.43213936130179426 0.46833270761925805 0.49411187889734126 0.500356861513041 0.48856915814104857 0.46151011607603554 0.46516038082719224 0.46696573572163563 0.48762655328629323 0.47751181011346927 0.5134362938015383 0.5374651328935373 0.5538851055755832 0.570539456519087 0.6083919785266729 0.5992086145702465 0.6252321750241434 0.6137910717543532 0.6270746278515399 0.6326930308491976 0.6433065881256419 0.6508869426632747 0.6415841640251131 0.6292238816505231 0.6349965457258342 0.6378751790538226 0.6264531264464016 0.6299376848644129
0.39211765105254914 0.3853061740761642 0.33846739716976104 0.36015948840074774 0.36608194558600615 0.38461399429885146 0.38527016349021354 0.3705309189188526 0.4054458004283683 0.41847575028331485 0.4044947813460408 0.391290254590367 0.3719849904691131 0.41034937977676744 0.4003943676420486 0.41550575559285446 0.4511788610855251 0.46554565941656173 0.4818941520409153 0.46752789971938336 0.47056183497944676 0.48344749461541753 0.5194273856041581 0.512062930769799 0.4828547592071099 0.5147815967077825 0.5515687274444355 0.5788046815631864 0.5986614120139337 0.5789455076402297 0.5803295753681178 0.5903868943037739 0.6081680154921111 0.6153350669275223 0.603839404320021 0.6367245377388537 0.6371949220800647 0.639413251449983 0.6218457807454474 0.603700804058497 0.5919015837151133 0.623489907256444 0.6142349897435341
0.39749486946086093 0.37451715612561637 0.35056039544097367 0.3322963098852517 0.3537373290123751 0.37852335407047705 0.35139239716995735 0.3640671500905385 0.365870016879073 0.3941677703191522 0.4028944197969192 0.4016576020481906 0.40301481109394455 0.40134030049433517 0.4015846535521452 0.4058865655305059 0.4234520614252625 0.4454989453140238 0.46958175113875494 0.48821363160771303 0.4962181608016506 0.5307481327261359 0.5130658908480801 0.5042839132356312 0.4985455241358882 0.5443906958965159 0.5478690271443152 0.5633778256694343 0.5692871915286504 0.5737408692932485 0.5880384272635116 0.58114424986065 0.5668081095782986 0.5731796584537909 0.5922845058584234 0.6092409976042229 0.6079737637208389 0.6078023847348112 0.5968229346876609 0.6019460262383727 0.6013852546365339 0.6064570528306775 0.6228086023949511
0.39458283777592484 0.35939495181418274 0.3241759467975346 0.3507123134531178 0.3492821610425307 0.3539181336029051 0.34042238715697076 0.32763930303874544 0.33047008151325025 0.3622708294307448 0.3866568824253396 0.3969155332251858 0.38627869020899913 0.40716230828748456 0.39205775688726086 0.42381447667249517 0.43421678276258097 0.4256715540102602 0.45386936212061135 0.47100819447131853 0.520764358328249 0.5136206842425993 0.5429836803099495 0.5300517610273392 0.5093289276991675 0.5412226398933901 0.5767462905608102 0.5864527984538291 0.5965341428208295 0.563057063460842 0.5672937634151634 0.5752043269708237 0.5721261746663597 0.5706604572372962 0.5714248141522817 0.6026548300235101 0.5952517262675829 0.573373554086619 0.5552099291862641 0.5864804070777262 0.5828697798060198 0.5767170115387809 0.5850249224523755
0.38686303676036643 0.34739928605499615 0.3210995378188971 0.34449050585478486 0.3401122970155589 0.324510459270683 0.3386687406791582 0.3056908058533458 0.3236829425845924 0.31874788652471436 0.3498198104679275 0.3613895701167642 0.35417620399429534 0.3877094084388032 0.3917465993590004 0.4052748631485082 0.4335540413527351 0.43331229835373497 0.4591077315182416 0.4792274099235301 0.4927218330355054 0.5135657846774626 0.5396240567397587 0.5367005003335188 0.5546181042636859 0.5628673525736558 0.5595941640343983 0.5676889063059838 0.5829310407696808 0.5873520661597527 0.57507975375939 0.5637196030258342 0.5838359215133827 0.5577503530047354 0.559108502062713 0.5948535230729044 0.590744762481597 0.5468513057111436 0.5370757262991975 0.5411421108739859 0.5589634085287482 0.5818674488495619 0.5969759488346079
0.4013958745726767 0.3521496869311838 0.3148088914570186 0.32503107980209794 0.3238913523009654 0.3064553833285884 0.3157529217534981 0.2893624624144907 0.27600664479501136 0.31591975433105185 0.3282893094767072 0.3351210336901108 0.34931559103416254 0.3749506380712772 0.39541957386900545 0.4067803586378071 0.42282747030236506 0.4417909477959804 0.4411480662156418 0.4615405546645031 0.48341224292475693 0.516943362874982 0.5442927847304915 0.5416524570174308 0.5701104813214966 0.549354033734323 0.5711487147637693 0.5657636769304272 0.5960263610860563 0.582144441439917 0.544873223984218 0.5799756122260625 0.5817579310483256 0.5651918662007827 0.5759804856388291 0.5550545850203813 0.5772145159795935 0.5524491611755055 0.5289596263803389 0.5487024998921574 0.5660930637508012 0.5543190624009443 0.5803237439061881
0.39322523796939834 0.3468976205174147 0.31843267083970944 0.3136308009741213 0.3048458521219588 0.28409486926072314 0.3049357184164603 0.2691365182796692 0.25741535852657116 0.2745141128077413 0.3018303527314282 0.32794788046664924 0.32013425750416186 0.335002540087845 0.3582751622619057 0.38995927436770234 0.4217989279734908 0.4190143280152911 0.43960971692306483 0.46080627426771686 0.46311026256591814 0.4858511534276777 0.4939969957917739 0.5161689165062817 0.5384759165849401 0.5440652041348006 0.5567955180787578 0.5747736676137954 0.5781930055556278 0.5614250063812884 0.5601039391753753 0.558267017574305 0.5547578707867082 0.5445967935944312 0.5469825352026675 0.5307870076817329 0.5410318177307891 0.5289853405056831 0.5111022411135723 0.526024099538599 0.5295811131672157 0.5615705411956323 0.5641159662748623
0.3693400326495654 0.3270140889855782 0.3176701689214441 0.2866108280602805 0.26404653867189265 0.2941974297815303 0.29389290052220557 0.25705031335693057 0.24508999839715517 0.2595765710147189 0.2700514951874207 0.2865811078550523 0.2963852048576745 0.3361832635322689 0.37194095490452067 0.36773438294831823 0.3850580777743012 0.4335142244745918 0.44902986833243164 0.4518958223529199 0.4904138285586886 0.49108419745926707 0.4783813388250951 0.5194226295223203 0.5342587056206338 0.5136963634513894 0.5122584608991944 0.5374168286549021 0.5654037712793644 0.5491872047480325 0.5683565095472115 0.5485640604573835 0.5545897508221722 0.527096202858377 0.5267814966373798 0.5164006482243484 0.5109540902952544 0.5078205147635384 0.5006805581138496 0.5050808198429492 0.5286076292881282 0.5605216641247999 0.5729139868210286
0.33644855224436543 0.31059372784741307 0.31706774119806364 0.2944037826508603 0.2924936523084083 0.26681566164893905 0.2643882643494594 0.25192845650012413 0.25811665420434904 0.296075336727602 0.29958539816153146 0.2999293600386556 0.3216306215106529 0.3508651110907165 0.3801145971819043 0.3744058205574968 0.4121707126038219 0.4150225671520096 0.417005180425557 0.4364066271169903 0.4507765487628036 0.47615698079329966 0.47641212922756254 0.5030729466494714 0.5049522329117975 0.5149058170864513 0.5008679804479435 0.5328523885605458 0.5265458428343168 0.5261830923589415 0.5342176744408624 0.521011295019679 0.5419502496644817 0.5319026876048538 0.5053876251917375 0.4982874724907778 0.5252483501325401 0.5088745768453896 0.5034741421372544 0.5243584770721025 0.5267881094626625 0.5227256637850332 0.5489760708433639
0.3163568189363011 0.3166969939381822 0.2883623016920757 0.3044215374960602 0.29066758627061606 0.28542754648693724 0.24373989095480877 0.2706734945281922 0.2950479748842622 0.3093843177219304 0.30992113458421444 0.3015549046643439 0.33884507930191954 0.36778122948756836 0.35347546155818044 0.3867002775228178 0.41384070517371563 0.4230284772381296 0.41624977104712685 0.42613004567887625 0.4229563610598712 0.4317212551285377 0.45384995420136004 0.47782417747115746 0.5080659668684165 0.511417493797443 0.4821010505552823 0.5135323780680158 0.5340084235333387 0.5051385241639419 0.4996667803769116 0.5074899361650463 0.48717119808917997 0.4802571188081246 0.49721301957659886 0.5154625987859128 0.517739118760221 0.5035131369727535 0.48141320066030185 0.5153216432934559 0.5317177209219625 0.5260993251710255 0.5213187667543412
0.3128152617944041 0.3177980842683889 0.31077444852819736 0.29228258725986 0.2742987538686698 0.27203930624779227 0.26734045253657146 0.2822842160551227 0.30634176457490236 0.2998156386180484 0.32299479916681406 0.3073760273384061 0.33663804513275775 0.355909329607192 0.36065884694936634 0.3886143473837084 0.3844620783951547 0.40296136094662743 0.3947469146607067 0.423567818255826 0.434348865543225 0.4425174478568805 0.4473021115923747 0.47971204304673365 0.48704470157843033 0.480482248569122 0.4719265144776117 0.47818401693584167 0.4827478221198893 0.48410291373684394 0.49658674641253375 0.503839531901846 0.49788271777053605 0.4683848826600989 0.4799809740568193 0.5102065636307435 0.5065812758370968 0.5046327051700585 0.5073184938607016 0.5079935029307266 0.49812011734607 0.5083008091363159 0.5257686915294947
0.3438755042866605 0.3299812358607254 0.2952507981762618 0.28293684808958847 0.2798149783060972 0.27691806053369633 0.25469375894443663 0.29707417188655516 0.29009589878395964 0.3117745593959442 0.30268790323969663 0.3316950195776932 0.3421778149018985 0.3628659392070548 0.3807255071011857 0.38157545442389806 0.3962902408801468 0.38187024801970965 0.3858396154657423 0.4083481882788833 0.43553429803288857 0.4519288337022565 0.46571869474445565 0.4382398441406042 0.4498407857348061 0.4363066591746027 0.4574165482824917 0.4733519071274318 0.48955390680555977 0.4873804559283312 0.4708060245497054 0.4959388763421431 0.4856779028750447 0.4618955476828569 0.46698348948906204 0.47645397041330934 0.48601319505446194 0.479739531318099 0.5153634908320197 0.4994182974017918 0.5038082007244634 0.4858767077956294 0.4978875815863481
0.3265284719047068 0.31378716040373117 0.28355594463913636 0.2782144868678849 0.2887453591727761 0.270498300524185 0.29701182269877763 0.30099588056518667 0.29221288105166615 0.323690310327976 0.33440719756808585 0.3250802052720547 0.3665932826746395 0.36714422314423045 0.3691051689374577 0.3584819811268981 0.3834282911914211 0.4019430638281672 0.4115604245118985 0.39088343580877644 0.4150160070886995 0.42550374864902296 0.44387439027201847 0.42547856334006157 0.41590184802675684 0.4258900598982412 0.42543495622619865 0.4387595935663788 0.4486332665914462 0.473979624188945 0.45965210182396804 0.45068045235313003 0.4769012575927115 0.48499524013037515 0.4927693903874785 0.46800406890927354 0.49118448335032217 0.48459818891677714 0.515542389682859 0.5185039454455312 0.513634709988538 0.5013537351793294 0.5030516963170055
0.3351958668881936 0.31422227324553625 0.3080502825734252 0.27296020716249947 0.28953943381449776 0.2983379267674635 0.30469827158638974 0.3218435007337011 0.3017152592734238 0.3257236892045336 0.35326701506436536 0.3420736378489936 0.3652585003198606 0.34730895981208976 0.3413383043289322 0.3394830839205677 0.36349035240010064 0.37580239299064755 0.40586625949674326 0.3819836908034288 0.3877790101328942 0.41512944689355263 0.410070703642757 0.4259436595926192 0.4268515018364563 0.418907957651997 0.43640476888507157 0.43303262253333313 0.43751581527069616 0.4281285469545148 0.43689473595610373 0.4417602605522475 0.43929544937103154 0.46945881260873784 0.49179339106411896 0.4890701570668106 0.4800536981774287 0.4888242296280547 0.48196489484309635 0.5104373525299439 0.5184623650195395 0.49506146419065206 0.4997824215259284
0.36053709853795013 0.3240035363420899 0.3097264277011912 0.2727370563270396 0.27618645525688995 0.27442868993420316 0.2907822974943814 0.309407586124135 0.2967110523765678 0.32975071460792976 0.3389704052183704 0.38370420954424317 0.3815439273995677 0.348155070603336 0.3572143931296064 0.34214689308139107 0.34353679547824884 0.39265287398109555 0.4104140876840296 0.3945404252375021 0.4030353620320285 0.411081833069194 0.4182916297938825 0.4138649571227677 0.42984021198566036 0.4406837336869154 0.4280547767154568 0.44724034640424287 0.45508170558348443 0.43648345329365945 0.4467160513069572 0.43128576352712145 0.4558256372562939 0.45589631135049574 0.4632193368678815 0.47281839914885343 0.48870259104723196 0.46990621586994546 0.44782742872477926 0.4626914221920945 0.49831092350982525 0.4913255704916799 0.48090670143357633
0.3596393446354186 0.31342334552068635 0.2830360177782216 0.2656712559706026 0.2630826782062902 0.30530484683354076 0.30786565680991473 0.3209192619558886 0.3142735925454008 0.3128147427193194 0.35010164646707675 0.382152869989317 0.39329212705857736 0.3566016658273005 0.3337307527087887 0.3492483353694252 0.33111240175605267 0.3829525525943228 0.3998910281156256 0.40364937591395833 0.3805918093845979 0.39944251828659283 0.42841529673191675 0.40266419755970434 0.40967327513337115 0.4354975709351017 0.4332208586601671 0.4355203368108003 0.4501497643549977 0.41580343279110626 0.4147035291909174 0.42418277673740284 0.4273961094326195 0.43762621488398534 0.4735827674272738 0.4551095229471718 0.46418782154730526 0.47159553542468086 0.4491859623496054 0.47343563913381703 0.47112550652482943 0.4703050626318729 0.44262138808263135
0.35343103290406147 0.3162303454379744 0.3009112269889694 0.2786568344262943 0.2959312062052254 0.3187398155743509 0.3361736537911637 0.33037487442722857 0.3206269568620287 0.3112587192341704 0.32830640416257983 0.3372716460913286 0.35654335424533506 0.3540421374470786 0.34092345184757106 0.3470437272916892 0.333607453154334 0.3647633978231072 0.4020091141729117 0.40062326759632527 0.4020375095950665 0.38411260292525196 0.39808296787638997 0.41960807058015714 0.42025043348561647 0.43193123613920303 0.4453907491183827 0.44323892086888517 0.45623337107165796 0.41952106576151715 0.41643974474253903 0.431460756990902 0.4430103723641424 0.44691852131486903 0.45743693498105775 0.46111307778444965 0.47501087938525854 0.44038794825740335 0.43688171141023957 0.4650244907877921 0.4577942570109762 0.45726451156269676 0.44754898357295503
