Raster_benchmarking/DGGS/continuous/raster-127.asc
NCOLS 100
NROWS 100
XLLCORNER 1743169.1476311844
YLLCORNER 5469277.850194807
CELLSIZE 10
NODATA_VALUE -9999
[rows 76 to 94 of 100, columns 0 to 42 of 100]
0.7659217267122063 0.7220492087453705 0.7234234356883219 0.7291615519604313 0.7140110660169073 0.6983767389803867 0.6754403757610424 0.6584100261925103 0.6807513173226094 0.6585997260382322 0.6907660032037611 0.6988850288118389 0.7109356611685622 0.7189816686591377 0.7106043984930022 0.7087747741011273 0.723341363259022 0.7135911479905415 0.6460440169645929 0.6125433872916496 0.5799692337244992 0.5658335607118382 0.5785114171321827 0.6023187992410215 0.6179664639709364 0.597188307264805 0.5867065517075657 0.6167035092738025 0.610610658916495 0.6228341175335856 0.6160766632363559 0.5878166102916977 0.5567945111508307 0.5321421918854962 0.5197684131427698 0.5288195055329314 0.530238314957033 0.5494059349230533 0.5426654046367165 0.4898256059450826 0.4883048145379944 0.4706552337901559 0.43550559060760635
0.7259146349322558 0.7186722021923987 0.706379024264189 0.722022660116185 0.72625362362733 0.7064788595586416 0.7032694201127947 0.6776024921074792 0.651452619463978 0.6429961987078375 0.6637943291071248 0.6721357138083841 0.667053809998303 0.6999254525698004 0.7442699398494469 0.7369045678370068 0.7397646852514473 0.7246497696382672 0.6822730037900164 0.6321612369806432 0.5988854484596338 0.5871083437668444 0.5846551447118926 0.5941123713184738 0.6221305000518761 0.6226454298917098 0.5972578203261493 0.6302580937870242 0.6283700642436147 0.6236844289135609 0.6448099877373838 0.5975812035313695 0.5713285701339134 0.5730823957522706 0.5466048285316213 0.5413420517857622 0.5627226229845759 0.5397508109476856 0.5521968656871643 0.521738448006096 0.5136724094612161 0.5082510779284825 0.48181385227023155
0.7488733443810216 0.7374973044689563 0.7244783805651609 0.7287391623313885 0.7534463031031913 0.7249115732364543 0.6740311898443876 0.6626999293906639 0.6773101240714761 0.6810531232910745 0.6635260815477089 0.670893558587672 0.6946310009293543 0.7173656992205265 0.7103533930580486 0.7242201625002443 0.7331023363369249 0.7294064116547396 0.6945451650870128 0.671756181970459 0.6228660806991925 0.6382041209388153 0.6037536541877151 0.6358855409351016 0.608795569750319 0.6067707910148488 0.598389994749648 0.6024090084691575 0.6197630314972219 0.6402962595643699 0.6292261566511113 0.6178032048677433 0.6232343212846657 0.5793421843300408 0.5790379600708199 0.5496163349823593 0.5373115401970662 0.5586729236076354 0.5360971117214164 0.5313656310096675 0.5142404644133556 0.5168149147405127 0.4989606755080657
0.7400595835669577 0.7215392251426909 0.7177864254077234 0.7389644602469622 0.7509915262106469 0.713237504856497 0.6789770903029244 0.6774779970000682 0.6704219754553304 0.6883142285872433 0.6770799469901709 0.6768950090717009 0.6949221624714842 0.7375904804119547 0.7294477625837457 0.7159665703760657 0.7181696165636173 0.7415175031585293 0.7084146771269593 0.7047425775510756 0.663176669383445 0.6462926410144348 0.6253050127528893 0.6515859350880348 0.6433741348660238 0.6333386382386896 0.6114460576658914 0.5989236518669739 0.589483871676848 0.5987231226968761 0.6450661507698567 0.6527308158887306 0.6391027568656481 0.6070793404139315 0.5665821636699916 0.5706691940242088 0.5427882908835081 0.525528698115467 0.5052244566344004 0.5329108272335098 0.5098183850566507 0.4983360383388229 0.49665828555100144
0.7670520173376357 0.738379510729897 0.7223664381141667 0.7351547211540441 0.7406776015723551 0.7316020392125957 0.7010522099356422 0.6933211535702671 0.6903655550712965 0.6561478994530753 0.6655861854341318 0.6919660441769117 0.6988488025476514 0.7336965661319789 0.7181634438725842 0.7509476649405575 0.7692675769458069 0.7413560004139804 0.7505383741124171 0.7010786607396859 0.704257448493004 0.6715884723296841 0.6673158119344842 0.6435211293807718 0.6363646330735213 0.6343307961307861 0.6273677882171925 0.5890988264160302 0.5770694984282759 0.6040087947686393 0.6473735938977203 0.6577600675001446 0.6632606923619072 0.6356885240938969 0.590556785955789 0.6002477291744915 0.5453439745329327 0.5197857485467693 0.5308847786949291 0.5075298298023088 0.5025701278539975 0.5039572413246497 0.4824963958175053
0.7561826939372408 0.7506367361743691 0.7389968918151079 0.7639999731283109 0.7847702050574216 0.7610073469755017 0.7231499266402385 0.6878043314858898 0.6690479093013955 0.6621543645939774 0.6607164674714219 0.7145605569663156 0.7233212868670147 0.7235263619577297 0.7309140289672986 0.7721219670427626 0.7900014113719 0.7772315517867066 0.7648658794015314 0.7349984938809165 0.7144409624280226 0.6820862286354423 0.6890060406073613 0.6521314134523547 0.627088894893874 0.6157594776109491 0.6025331831987502 0.5826954644810046 0.6053216659597742 0.5950254386622343 0.6127586985303546 0.6562262246783963 0.6633822272176035 0.6279300904336566 0.631509956169871 0.5773190339253403 0.577417234535097 0.5403293579563444 0.5142035144219862 0.5123775717874735 0.5082361596475895 0.5049751268860379 0.4955465087270796
0.7712435041646722 0.7615766068965952 0.7810391875520725 0.7825544358872251 0.7595690539295461 0.7450894481592902 0.7551680077822923 0.7197539695600026 0.6816762353672494 0.6810313017184978 0.7080670962510016 0.7037698382583805 0.7289326013133265 0.7256695903344025 0.7454299078992386 0.7576356590643222 0.7593286648521523 0.7585299074684821 0.7416475687776707 0.7498869678740662 0.7053296421513552 0.6960940035238562 0.6861921404477543 0.6660449419671218 0.6565280091223739 0.6173910042120567 0.6021625234986199 0.6066420322638839 0.6287503487716681 0.6278818627814495 0.610668327946932 0.6504753823312576 0.6316311672483956 0.6305130632733132 0.6089179793834374 0.5734803729330684 0.5533282298535745 0.5490495487644795 0.5241576033559872 0.5192234014429025 0.5009720423474069 0.48604190797456553 0.5217959316806323
0.7980694078554437 0.7968638339640135 0.8088716857543617 0.79470273560349 0.770460545826237 0.7830488537111163 0.774022785922395 0.7441315162197046 0.7107294909843798 0.7170241435850067 0.700933739747923 0.726297936185332 0.7201487599768951 0.7224691756546138 0.7239548219637388 0.7371417570241279 0.7702960624271833 0.7676184731076928 0.7586964731983441 0.7245977481525967 0.6905098301757432 0.6935807491962337 0.69471817259014 0.6770833927154701 0.6357987855717362 0.6544610186092835 0.6589276640407399 0.6254547504611774 0.6378300191194043 0.6280448858804576 0.6323492012048276 0.6590880352930658 0.6522042749475246 0.6010421396066908 0.5856692704174197 0.583138300467931 0.5292427377969536 0.5195529257471436 0.5474202410415465 0.5354337162370496 0.49259186330419674 0.521829606384185 0.5176673104436695
0.8054782381965042 0.7963630702042744 0.8220602670314349 0.8101033515550412 0.7975859054155119 0.7825171649107296 0.7669151671837412 0.7398571117057415 0.7115439396368118 0.7208272342603936 0.7096105913439061 0.7175575267043085 0.7183414708462876 0.7552026879181576 0.7617133684217776 0.7375774829320941 0.748900470495143 0.7444422643097328 0.7556360208155121 0.7275828913787246 0.6819544030857729 0.6939597917268714 0.6847842787228724 0.665779210464823 0.6514326907597249 0.6400642833781327 0.662791101393162 0.6367768520509267 0.6592677001820307 0.6398482807330607 0.6357965490941745 0.6303279132081326 0.6378051658424049 0.6061621209790684 0.5812663266858277 0.5617889747032134 0.5113851861223678 0.5124228925315715 0.5533719252483583 0.5487009291049431 0.5408225038224032 0.5263096485732248 0.5247299861398402
0.7958374994977602 0.8279787040137477 0.8533240270336802 0.8350727978684732 0.839517597774418 0.8363107633856858 0.8190630459391383 0.7876553991385618 0.7352797810508933 0.7635560578906616 0.7489853751270935 0.7456916939564086 0.7565771542296422 0.7890393106997182 0.7937201140933303 0.7784115672393319 0.7472156146527492 0.7235223154439412 0.7118472353294072 0.7156009045016006 0.6989211094091203 0.6886483258775443 0.6470269749196661 0.6588157914589102 0.6535605504666786 0.6498183427113037 0.6343027154172706 0.6235572077125362 0.6495086459555016 0.6499327632322943 0.6631149821226183 0.6611164313892336 0.648920471153331 0.6358161029729846 0.5806512386452788 0.5276119622825122 0.5167175494483407 0.5075159095005922 0.5414812975992681 0.5281949922783741 0.5302074945997511 0.5415214266002758 0.54003203893389
0.8437930961708108 0.8498730417620423 0.8685072871341526 0.8383657782483751 0.8359400384337174 0.832946517445858 0.8227487988449667 0.8169531504449706 0.772796344180826 0.7779932234505159 0.7930025215439604 0.7678004907889774 0.7709273799708498 0.7829589014062021 0.7810453562378241 0.7948770919137245 0.7451269325777788 0.7297364464952232 0.6892359991822701 0.6786882954629152 0.6792968129809273 0.6771492127845137 0.6493101550662496 0.6491278821907276 0.6476242637558373 0.623118993286098 0.6238800620797328 0.6369505569674098 0.6410415813612806 0.6223832002580886 0.636577936044279 0.6362872006324757 0.6209712027293305 0.623043225721679 0.557552892737084 0.5315994286769046 0.5436719890969405 0.5277160728298893 0.5392768220625886 0.5409624446293442 0.5080523681656886 0.5053006056815665 0.5154666275729032
0.8496766797837028 0.8661733845281787 0.8499914960065558 0.853062538574215 0.8594627401561113 0.8627414659921008 0.8330928368003042 0.837722886251585 0.8468687660151359 0.8485049958002775 0.823904307643124 0.8166789020711075 0.7753495934908037 0.7901057626035164 0.8068241991955711 0.7920728090629469 0.7913794714502306 0.7332969319355503 0.6978480937135147 0.6685724905186656 0.6824466600839894 0.6675434674717119 0.6546961453775564 0.616563147534733 0.6098396466804668 0.6298243528035791 0.6186333784606443 0.6082463800746679 0.626404929471077 0.6212711445778709 0.6075296293382898 0.6207461209622691 0.6445209178765938 0.6317266446689259 0.5791349486751874 0.5422486152523591 0.514937239866963 0.5053502598933985 0.5332865509542793 0.5279633504914758 0.4780805822812081 0.4794471621128853 0.5212164638504735
0.8693970174104934 0.8670423679765912 0.86254867664043 0.8547910425153464 0.8815043539311824 0.8625245858775218 0.827328623352715 0.8572642865074191 0.8542080645222194 0.8697669316763966 0.8367669625233746 0.836917285997305 0.8129087519236619 0.7837687124365081 0.7786582635547701 0.7867126988942258 0.7581419928329205 0.7406411376114926 0.7162353107912424 0.6868690330189995 0.658884063940874 0.6692640973821452 0.6520904646205327 0.6192088458221401 0.5943938379835111 0.6027206332761224 0.6083073622221056 0.5955276046813203 0.595706859189833 0.5725397624742454 0.6148900591109481 0.6310157981881584 0.637048694381629 0.6051222796836477 0.5754617509880989 0.5637167599196764 0.5138020114744045 0.509370349713506 0.5281957655076658 0.48576665051854767 0.45729121440213294 0.4881091084486305 0.4854418332195177
0.8774013105770352 0.8405626201003602 0.8400221046521396 0.8571960010591535 0.8862490332284022 0.8387965999193163 0.8237571830447965 0.840008619805863 0.8521130939729894 0.8741782658687355 0.8796564088393398 0.8443731063820681 0.8354066751770112 0.8272276859519989 0.7975378018022523 0.7741857028140453 0.7809327959705539 0.7360849558642865 0.7546867123011846 0.7176333940043238 0.6583087579524652 0.6567558058826426 0.6308477483991726 0.6048287759409925 0.5844617053181281 0.5844058316077065 0.5679086675859931 0.582660379937226 0.5564935256686957 0.5609681496316652 0.5794612399218225 0.6019383302111029 0.6111605530108883 0.6083522416164416 0.5727361983657064 0.5572001729375075 0.5212854143033707 0.5199850438208635 0.5016382720033766 0.490951197370831 0.4630595133226563 0.4699545093407414 0.4734323983378059
0.8554782696664879 0.8473391221228224 0.8415898015565443 0.8858575965027714 0.8961577974572273 0.8501687928276198 0.837394598859556 0.8426490834157359 0.8665063871223833 0.8663512357093867 0.8444169299719859 0.8399183534478597 0.8440778696459958 0.8256109509019303 0.7778428980785086 0.7762713347671579 0.7547881872544183 0.7510567338493247 0.7333335151675349 0.714614620921541 0.6685872098409464 0.6588947107499107 0.6127105150156694 0.6212184696338483 0.6055319296655535 0.5714745700254708 0.5745543582457879 0.5727504901635327 0.5743840696099105 0.5618088632716176 0.5669761636028575 0.5994559250778897 0.5907871761725138 0.5981131251239948 0.5617853931147196 0.5541124841598178 0.5171612017139453 0.5380297914558709 0.5130696142322742 0.4792764537477701 0.4624071703177048 0.4959426903020953 0.4912070432390243
0.8734682140491027 0.8481530755344955 0.8519479087935411 0.8642328182345067 0.9032710250448989 0.8724524367641477 0.8531206178343778 0.8624602889806328 0.8327287469585964 0.8458412853782491 0.8700795767246778 0.8342886444197704 0.8445522403200285 0.7993613178588269 0.7723299120580057 0.7712887821944894 0.7665357370742072 0.7359266579741641 0.7595722293572128 0.7154831161716027 0.687262838787687 0.6661538127950744 0.622484314115297 0.6201835065119335 0.6059300964336359 0.6134540109239123 0.575996315086087 0.5649100549744289 0.5643595760515528 0.584954613074937 0.5692103168323244 0.5749272481191042 0.593182750510587 0.5838617649722978 0.5349883899443335 0.5390487829143302 0.5320165408924108 0.5409261818256611 0.5170189978928407 0.5159627885384861 0.4878321735851406 0.5188072469645751 0.48877305842240276
0.8584972273430126 0.8787558335215798 0.87028128603357 0.8672481166526438 0.8836539290562955 0.8796074867397712 0.862521496216206 0.8466802319070063 0.8412620760546803 0.8399054214919739 0.838082490293468 0.838453230382235 0.8239821321461034 0.8336235695368314 0.7857646481173688 0.7874474119112077 0.776327654464343 0.7488915533813165 0.7530162318597822 0.7196442222664947 0.7149888793302833 0.6704309610304393 0.6732546185462275 0.6541685865818215 0.6300306114810514 0.6242600800663924 0.5965699374285856 0.5890196065269351 0.5897380270049059 0.5784322266908828 0.5626205469054503 0.568335577910947 0.5839247167581605 0.5707930038207512 0.5721248329737585 0.5504149849043839 0.5744488227733514 0.5540882689119765 0.5430823393118568 0.5423387995807779 0.5508559957967744 0.5455896319437323 0.5044426461761847
0.8861795666815662 0.8870761121658155 0.8807795169056921 0.8758074531401863 0.8874152377428068 0.8986620458366331 0.8570300256849319 0.8754045864277201 0.8728399172636204 0.8663105154071347 0.8639762348237262 0.8397831163484865 0.8266131894609904 0.8121370993451377 0.816062634753197 0.7726690062847862 0.7499407712904095 0.7422041984597708 0.7552346829030001 0.7263083716065055 0.7040043263477519 0.7222161800813176 0.7042819392176767 0.6806020366869014 0.6555096692808225 0.6332670685426062 0.6365993420824059 0.6121467468374242 0.6161377521768496 0.5985433024372362 0.6018452202295155 0.5537507365546168 0.5352153521026031 0.5661160921158849 0.5519675204493084 0.561971106216594 0.5839584480181089 0.5424409301804244 0.5550376112462415 0.578137853602493 0.598488549637139 0.5548725672845288 0.5407184463450713
0.9243229573133122 0.8930134622428233 0.8952306972151992 0.8942466028708302 0.8982667069633206 0.9139442014540983 0.885678461827554 0.8698658454576005 0.8824783468915479 0.8411953581927597 0.8148781313287425 0.8200547661731119 0.793412099445488 0.783262713201984 0.7652862802508654 0.7685598314233791 0.7499646926502656 0.7567434763571365 0.7334220286333016 0.7139236797663324 0.7113220368102976 0.7299632349815581 0.7134040186603952 0.6719338237856293 0.6780725846068705 0.6497685307106608 0.6382851566002861 0.6385271451758087 0.637712952807305 0.6199653874498724 0.5978498211936251 0.5570560342510372 0.5609661152003058 0.5714176837547701 0.5640128399925028 0.5796491499899478 0.5771050065943117 0.556105528377449 0.5536499974916995 0.5906766323261502 0.5975587924456537 0.5908296648690091 0.5661714000933816
