Raster_benchmarking/DGGS/continuous/raster-149.asc
NCOLS 100
NROWS 100
XLLCORNER 1743166.7027882356
YLLCORNER 5469278.434353424
CELLSIZE 10
NODATA_VALUE -9999
[rows 0 to 18 of 100, columns 43 to 85 of 100]
0.3115609616520397 0.26643019913278404 0.30230913473614857 0.282376546876019 0.23459237011534076 0.23585407034381417 0.19420988706173328 0.2088643917884295 0.19501717092932264 0.20544694566407729 0.20127866383216897 0.2219866660698655 0.2648874207485518 0.26521225261202225 0.24894521032970296 0.23491229572359548 0.23645133526027717 0.28037673466507956 0.23400542546294653 0.20901716252847496 0.18739347020550579 0.12108846067496372 0.1336312061710254 0.13614551110269213 0.15613339862508735 0.14672049429205236 0.12195677807333244 0.16870389455145512 0.10529358281970787 0.10907715375635843 0.15712262032526075 0.1264344241695302 0.12982465202127436 0.11658609663084199 0.14716749230455048 0.16766265774434774 0.152204865862781 0.13591955990428592 0.13887265233325755 0.11540829100806903 0.11570649098404868 0.0916002892203127 0.11960256008608687
0.3132005023576986 0.28963153050347445 0.27810668593425886 0.2541483330331233 0.2263254580649793 0.20908299990215085 0.1852389465222979 0.1794371757928227 0.1726678507006197 0.20392810045358087 0.20468447791761568 0.24064384945980638 0.2568337097824982 0.2622630377591835 0.26531938665741706 0.25796706737941794 0.28026317767058245 0.2674274469400229 0.2816464959505017 0.2582290001080554 0.17851750014732928 0.14329969859269748 0.1638949571634385 0.17563009729051704 0.18518583880234263 0.19270342008012134 0.18202659509700245 0.15420652052123487 0.1149945782516019 0.10643777428455371 0.1629054428340077 0.18668940462787442 0.15053101975825597 0.15745781452386 0.1708363309701576 0.19362468427764484 0.1955215817651455 0.1701832146526275 0.15103353406491227 0.13001631006408063 0.12637056733891877 0.13924960313555637 0.13392888210176335
0.35217940121836105 0.35290520864875835 0.2952984332129539 0.30584087320648345 0.24212039153311665 0.1922386786122191 0.20980833618608763 0.19587479912467043 0.18924013476132104 0.1797557510659384 0.21819898215863784 0.21635221456043 0.22702563986312155 0.27573709655049433 0.23909326452425986 0.21906315925274206 0.2762056221097282 0.297425110108409 0.2747987782393281 0.2536028593985701 0.1980766832723956 0.16639440933798347 0.18282802551243033 0.14047034732677044 0.17845825419032557 0.20299549586088952 0.17610588676303612 0.1331121245559717 0.10768116543872047 0.11444543932432813 0.16863764095160225 0.19092657996712445 0.15037969038747348 0.1580243305925202 0.15787716263587606 0.21854210633847374 0.17883024119876734 0.2087186650646835 0.15802064594158813 0.16574582572651447 0.16352382181271147 0.1264603623718458 0.13523684673610156
0.3453893783222441 0.31427605123549845 0.3247013772394593 0.26826521532044645 0.2601187825273362 0.22753331953768852 0.20774214999372 0.1862122871081974 0.20116227687595487 0.1948455543859554 0.2370836535020945 0.18686644235995167 0.22356489127765522 0.2366736584934978 0.23013590513854115 0.22612616678149944 0.2503443843455038 0.295328008518491 0.24404460736358996 0.21911692555741477 0.22092295344107651 0.20744327328096818 0.20112751407937887 0.1792351314311346 0.2045777573229203 0.23479662139946195 0.21158369106104108 0.16189431665070475 0.17062264112297473 0.21069373272358619 0.2244898166206503 0.1979025682227707 0.1936954216904985 0.21269110814132258 0.18469470085629472 0.1902787132753122 0.20208555230653386 0.18646460047533953 0.19097893260519422 0.16557011210765785 0.14276896519707571 0.12043228282827062 0.15523439742197545
0.33018285997255603 0.2904504699025136 0.29762398614724533 0.24868356841421654 0.2611655985123952 0.2505677303575834 0.2272856205281988 0.22932394732036077 0.2416464092023938 0.2548917020878936 0.19427364950294537 0.18714430919953431 0.22522267134872148 0.22187076915547102 0.20913694670451535 0.24780972961539005 0.25393021776502134 0.28660008101817447 0.2816822757413826 0.23777196449157503 0.24864001978557737 0.21162105068473427 0.22301778743242087 0.24160481236348175 0.2576513191854369 0.23823649193889512 0.2566531967628156 0.24266614069137346 0.19820581257198236 0.24511598805551296 0.21420017877176603 0.24310045917832662 0.23485961999666302 0.23692693741128423 0.2005789798581351 0.21442199599323267 0.18591566573628796 0.1855360531437034 0.18989613881505166 0.1862036937698975 0.14499606458346265 0.15868930708945606 0.15277434054018568
0.3318777141520213 0.32075959768758405 0.26571961741689326 0.27582863404112523 0.29279460858544953 0.2878931719818496 0.28234214638946437 0.2530833202835106 0.23057619190459686 0.24864799864848794 0.20211754600282886 0.20871270148940074 0.188723971280934 0.20552525457062681 0.24055883261286423 0.2765212325863346 0.2805456468404602 0.3035419201109639 0.2792932800625776 0.26531117833759904 0.2772598008907107 0.24040945778488507 0.23571926034028343 0.23648696482272302 0.24200871785018627 0.22572706461079528 0.2219236346332396 0.21484103471888497 0.24518245254855542 0.2771207325398053 0.24373841856284584 0.25809372775629175 0.2370992001866581 0.220276159364996 0.2588487616598901 0.21406152836975176 0.23337850515510541 0.21901382334062244 0.21955875183829204 0.1981271186236822 0.1576574669046056 0.18998790091311443 0.18063909042982765
0.28473614882870535 0.2799529962428155 0.2717864328246804 0.2504615414368112 0.2699930702919312 0.3056267948972892 0.31330627112442466 0.2870593638561696 0.2754759816252071 0.22737349377233768 0.20819421563276255 0.1728841254587348 0.1989501433104997 0.22079681172319968 0.23091335475831695 0.25706743699936074 0.2563491407837804 0.29161322075463725 0.26400239076179655 0.2702715334077528 0.28471295578182865 0.2924149657261084 0.25293640638646614 0.24022531946720724 0.2092800051697105 0.16690329414714958 0.19730156981732733 0.25223715839072164 0.26519764148608443 0.3286638586075188 0.28627019541811244 0.2634137052609041 0.2805181368795477 0.24041497625354338 0.2742523145482132 0.24153355749040703 0.23304349930469023 0.2310075200815455 0.23514170497392511 0.21790441733105656 0.22565461498385758 0.18017928348878617 0.2213298048735558
0.2807648019877741 0.3055057415733927 0.28821889298340897 0.27642406953805754 0.2703565282849986 0.2868950966420307 0.26660774410618193 0.28062851016635865 0.25021346040196646 0.2544710313819229 0.2477049171931622 0.18889816289597414 0.19826010639942895 0.2567154838451659 0.23951494352760483 0.28360598931816433 0.2683430564201518 0.27555395343723 0.2718165248109165 0.26636838906308574 0.30475769122318436 0.324702107992555 0.27542760607148903 0.2620774953982319 0.20604078326964784 0.206883590362131 0.24327204617746825 0.2914474606290412 0.31607475728680123 0.3292119140288739 0.3308726339383211 0.3024645320351679 0.27268308632467825 0.31573210635651144 0.3094737130336879 0.28592868462975823 0.29086465836911124 0.28919043859414195 0.27891082600440126 0.274221222378977 0.25128202078677603 0.25626893250979504 0.25148173418600156
0.3130416492483046 0.2727084398159348 0.2678539344429383 0.31140517000229156 0.26812468253727373 0.24816912800765326 0.28927232466359326 0.2521769429162325 0.23508618384648672 0.2580615575123491 0.23964928167005656 0.221603565212967 0.20682844161664865 0.2614308883099797 0.24823592901960043 0.3058344593226562 0.2464273868245397 0.2626251225081177 0.28618802547122785 0.32147305391972403 0.28867910002391634 0.31697064128433805 0.2828949063339106 0.2602883420492694 0.23544535005289352 0.2605753536441136 0.28725231387338407 0.29384083381947806 0.3195742252125494 0.3595822389338281 0.3832776104885188 0.33675945923447664 0.31292772239470945 0.3500470727056977 0.31956365225485595 0.352648995952153 0.32495862129144015 0.32384926252888635 0.3247559469669453 0.3039745037664456 0.29191171010427996 0.29548804307818183 0.2743902438017315
0.3022228115897169 0.30316850847551813 0.2882244823405875 0.2631857208942797 0.2585220264703138 0.2583737093729351 0.29979730400178417 0.27587578629395637 0.2839987449403078 0.2869272118575272 0.256344306362509 0.24499414793564517 0.22834353492065954 0.23124970252125468 0.23422343886187902 0.239813591380002 0.2573661241568059 0.30837301755261637 0.30471844643489276 0.2883051147674046 0.30839563568090744 0.2862499114327679 0.2642868401991861 0.25746936742949594 0.2657660189578004 0.2733890471701789 0.31978771224973435 0.3272878732849607 0.3729463743434772 0.3996776944358031 0.39167305144878445 0.3947250531593352 0.35428844586001396 0.3796518406081001 0.33459221392794664 0.3398697248071836 0.3593155802986099 0.39518779501113144 0.3792334450016373 0.35462398326811595 0.3215866819755194 0.2800601429836788 0.3001288816426829
0.29990982573551656 0.27275635160030554 0.29133701406887363 0.2523471217511749 0.2531974055458651 0.31584587974018286 0.3192992625506968 0.34458774210927484 0.3202080927315904 0.3089299846923112 0.27194900823416157 0.21008800488554627 0.24874533023094772 0.23362890301022624 0.21928532080590962 0.23187895399806488 0.28037807451929375 0.3014269724041215 0.2779851163824646 0.3104597715470661 0.2671682429200913 0.2354044074729101 0.2612467636319133 0.29275667244121756 0.28740523994319694 0.26318851040897023 0.34674538314861825 0.40139375101405583 0.4388195709410919 0.47976565821688305 0.4503666084173689 0.42911530968182066 0.41357868579409485 0.36419560139532947 0.37926306033460716 0.37570632175714186 0.42339928620680484 0.46030410769677277 0.38174696649482126 0.3709329577186793 0.33396969735881477 0.312482882742424 0.32618664519997986
0.2870655879806415 0.2800209579238851 0.29814644644535904 0.27238177104088074 0.271348636117376 0.32794179665953654 0.32049154641229055 0.3292288718911836 0.2844957086464552 0.24852587591860587 0.24353369958770021 0.26144825353209683 0.24294358529878118 0.21529764922193861 0.22567887039187082 0.2418842083662373 0.2714618326728149 0.28127483241304535 0.2565883085631932 0.3082328746147604 0.29830097756442353 0.2770363396210869 0.3058146035001371 0.3074576436730453 0.28803095699460235 0.2730928495024416 0.34870618746829396 0.36980805602368555 0.39148505056393074 0.4159182285766345 0.43459725982160935 0.4013684846104473 0.39935381115994445 0.381823539292501 0.375901303053776 0.4146462798979858 0.4288200590292169 0.39202388217996753 0.41010969038941475 0.3736756691225739 0.36406658278341014 0.3704995997089576 0.3446307020974855
0.2856419127458797 0.2891263394187902 0.2636084149296532 0.27193123111137324 0.27155378233975486 0.2999034919308227 0.32265585539695163 0.3129484495288777 0.3181869777413828 0.2730993382053268 0.2636054821002738 0.25817557930972024 0.23196253505722808 0.19879487865216675 0.19328334781483078 0.22733417656849736 0.24879262182402867 0.2447721113421042 0.2319527476211929 0.2739672217380772 0.2871477829252248 0.29363456391907455 0.34060289590126375 0.3146147454154008 0.3203131873286976 0.29786011211846475 0.3757056941067854 0.3854960432953854 0.40249325214609355 0.4042461016425085 0.39984815085260184 0.4141198046547937 0.4065098559980023 0.35761038629768915 0.3682529678205349 0.39622672513603274 0.4200488155943525 0.37779777803308634 0.3821988307911855 0.4169678208966068 0.38057965312894615 0.39212606868964534 0.3188847050739394
0.27796586867451123 0.2864605687717073 0.2762098848525786 0.23027064170328784 0.2253922473005108 0.25305209409796564 0.2955432474776364 0.30794428884355207 0.2965585971890059 0.2762883937798166 0.26877167054703144 0.20419698075833279 0.20868338893177324 0.202306006055959 0.23240307266307544 0.23273984811836423 0.22017350933233057 0.24144090167649554 0.25409511189569217 0.3131144050180794 0.3120388695773903 0.341373821009265 0.3332653686936599 0.36225359925372547 0.37423592873942724 0.3711546173224067 0.3787557669597221 0.3912120336760467 0.4121675090690352 0.42771799113159414 0.42646086921355053 0.4280589283691878 0.4350550977794533 0.3924797490920873 0.38483144878429126 0.4075840184201209 0.4284219787758154 0.4127668822245975 0.41197908788645204 0.4425168854034887 0.38571832732862477 0.36686901976243774 0.343575720787424
0.26930079045679356 0.2517375448507726 0.21172953398319033 0.2061658686593284 0.2033744625795141 0.22429191852350625 0.22574315525436864 0.23498458063212885 0.2551879192189119 0.25001015865578474 0.22884208547263316 0.18325943702412276 0.20020617929429316 0.19085108895186956 0.24006174128230484 0.2550482772246467 0.2546914759190535 0.23897563540575373 0.2802861176792563 0.32076531809969444 0.3599884476267272 0.3854031020418502 0.3592456320841789 0.3985005208658863 0.39833658632211505 0.3798353467700268 0.3981904483958588 0.3743497350945477 0.42356660613536656 0.4681202097168192 0.4387400197850666 0.4478796686098569 0.4117926711958318 0.40982562603366307 0.39924892257644473 0.44284178412791947 0.4430039432804465 0.42284590571746067 0.4530708530902482 0.44659483952822115 0.4193851701918159 0.3604136864345881 0.33080869091676757
0.22849046025745665 0.23754403397062904 0.20655056216766982 0.1754244102656012 0.14514734213079308 0.16175891623889385 0.19335289134521688 0.21104558063447362 0.20662825807780405 0.22501355792053238 0.22377092864776107 0.19503681239094126 0.19759205602401225 0.1854154483705252 0.20340078756606791 0.20677641445109063 0.24956537141470636 0.25897519086821674 0.32493524990966893 0.32465207511125327 0.358786174083186 0.4133600199778515 0.4122815814175664 0.38054808555492065 0.4114968340776218 0.4140972229921998 0.3658611567111567 0.3951271649305365 0.443894894687847 0.4509656736395279 0.4585344827577856 0.4217576360835398 0.4094439251424957 0.43522032490448415 0.43644377714177485 0.40770048175604856 0.4321877361245496 0.4073021689356229 0.4346223381508166 0.40279399286287865 0.3926192961058192 0.36370192786069905 0.34713999730049466
0.16878399606818772 0.15016292118502378 0.15816728986643525 0.12421238393611017 0.1532145664346799 0.13620769662361273 0.182205532768114 0.222446359650552 0.17114776328193898 0.17562559063353686 0.20840543400046105 0.1771679768845871 0.2121673228928249 0.21082376481571907 0.19260741047709284 0.23152163560224984 0.2908991244636122 0.2980304275327257 0.3607856846118046 0.3436236545129578 0.3968538738278455 0.4236663692363474 0.4147931173280389 0.36578587156909637 0.3767185583167164 0.39513780551250954 0.41263880283351784 0.42294697455153485 0.43848618632339176 0.41733426843595745 0.4376059767152474 0.45067192445258436 0.43753062995131603 0.38444596212668436 0.38412187255752345 0.4206981099925758 0.4407875668933533 0.4303339241328193 0.42960906559054995 0.40179432742000304 0.3885473556424287 0.3529776115497632 0.3711300386787915
0.15651826754434148 0.14020710932725092 0.108527739617809 0.10879691449955965 0.11875338964568717 0.13330747229603732 0.1710611091935242 0.2099897774653672 0.1663887339766779 0.14715666162976923 0.1661370602757975 0.2102275313480161 0.2036738433169183 0.20855375764052309 0.24124447161799356 0.24244231533343477 0.2755468834561974 0.33453596822910325 0.36689425833236733 0.354068482893435 0.4002243209765756 0.4406575097719479 0.39494394956556184 0.39946160944749054 0.3677401537523045 0.3866508171976957 0.3892125268287894 0.41898587177741564 0.44844707131125744 0.4916939425203282 0.4686295942876352 0.4751791316056755 0.4062155839128911 0.3620276118894559 0.40244181161069204 0.42122952656627555 0.39174504384154546 0.4208499537893608 0.43916856085128125 0.41300040675739924 0.44308454958837956 0.4179355947492061 0.40516593959127556
0.11445790081766358 0.08446872562860137 0.06481990676449038 0.06886597113221293 0.07818315918729944 0.09097178822756173 0.14154379245816356 0.18288909083711796 0.15923801623065828 0.13356003621076096 0.1704524250780905 0.1841827376079433 0.21270995320810634 0.28879769249156234 0.2463544268528527 0.26298375999974694 0.30442502792263226 0.3851329949506217 0.39370795848574647 0.39094180805487594 0.4017131276535782 0.43499079897599263 0.41174048587205375 0.3594495906887351 0.3588053052989211 0.35946687764755525 0.37982200972873126 0.4480495301843598 0.4900088817539338 0.5158722531122376 0.45208537085166317 0.474170089385307 0.4418239809342593 0.35099639416418854 0.3929541883848322 0.3927706653304118 0.4030308392226939 0.393361843833832 0.40254555386487745 0.4381557216414168 0.4439255159987477 0.4669730515911382 0.4492724576597107
