Raster_benchmarking/DGGS/continuous/raster-277.asc
NCOLS 100
NROWS 100
XLLCORNER 1743153.8360185602
YLLCORNER 5469296.026427292
CELLSIZE 10
NODATA_VALUE -9999
[rows 57 to 75 of 100, columns 0 to 42 of 100]
0.525658921812179 0.49150548695596313 0.47623268386701356 0.44195796579991986 0.4503410355481994 0.40210332798704534 0.4086997531950149 0.3931507251178319 0.3940357874014535 0.4512895053283738 0.43203495429467226 0.49150636603901376 0.5047092614799259 0.5007437388424671 0.5492998368700202 0.5634413154433127 0.5434811214237439 0.5654841604453456 0.5471613353183379 0.55145304456069 0.5883787871840781 0.587580457120181 0.5913962677220956 0.5787551434708623 0.5540005687545067 0.5761492459428118 0.6364029182601518 0.6453565682954302 0.6365429537723436 0.6995305292946435 0.7255691620555171 0.7342683675232703 0.7802245751524078 0.7807462029215877 0.7906083457284 0.8260852008892213 0.8511508018155001 0.8497019489673682 0.8432108999940502 0.8225814032486576 0.8102687085561623 0.7919120656056667 0.7696617483017064
0.5671458349508257 0.5499178100899351 0.5123012375404683 0.4753029738658124 0.44974748532231684 0.4066837314574598 0.4138952619263103 0.40059612018763885 0.457821707114835 0.46869505126164246 0.4616504220620452 0.512416003837966 0.5224074688396434 0.5109878951132829 0.5168000636917268 0.5213378107883774 0.5442323995723424 0.5517641382754535 0.5620133673552464 0.5568580598325572 0.6017030154060674 0.6112931159313405 0.5906695444627522 0.6015530287179314 0.5760953617918823 0.6302820108958098 0.6368697691500719 0.6686839156439879 0.7068011741123587 0.7447648764393356 0.722033122804146 0.7649100370217499 0.7988349305675767 0.8206298028141965 0.8350640308023604 0.8307621434606396 0.8281540870817321 0.873309926555392 0.8374436510781575 0.8339683360946041 0.8179609768373032 0.8244103022181686 0.8184709044597738
0.5849457945415648 0.5719014000741142 0.5367221235778585 0.4647784827250945 0.457631835039655 0.44618783658777356 0.4199960757848999 0.4124371569806207 0.42365727395741043 0.46707942835420385 0.46051400433860057 0.4927327321263472 0.46688010092666576 0.4808099105074518 0.498888200567231 0.5544416892396327 0.5424508294811412 0.5364152589439448 0.5811482678489004 0.6053364910185137 0.5985309893390183 0.6085176122002329 0.5714401992260193 0.5923032691603242 0.6192097795706333 0.629689247150966 0.6273428753299987 0.6766574454198675 0.6930691637662952 0.7522432290347325 0.7505937807510972 0.7854925746581217 0.7829938836370173 0.7790335036740392 0.7999218201808941 0.8379072575237998 0.858110010004823 0.8729755230162697 0.8431065742548816 0.8184859085566906 0.8299396704385341 0.8261182103119675 0.7914721502436161
0.5928116804135478 0.576604941398054 0.5290075853890537 0.5147437490187318 0.455330766200188 0.48577188661588466 0.43667962479438793 0.43202023040045157 0.445951224654989 0.47433023220067283 0.4699223632493146 0.4948360918987729 0.444592715268922 0.49117575607308533 0.5177570004613098 0.5556078515781561 0.5437798552869042 0.5608039241049387 0.5736919788161055 0.5834223063321866 0.5995862743235384 0.5917306345951959 0.5932621863145853 0.6231437987652501 0.6295713709011918 0.6337783554449512 0.6352516882393913 0.6760139461693037 0.7353560527614349 0.7333594685469189 0.7687521147054927 0.7504364205472795 0.7771264820717221 0.7984485717588032 0.7902844881157374 0.8584070521659699 0.8958673546343356 0.8391115042624989 0.8321503953727856 0.8293844712615308 0.8871388737816256 0.8068556779116861 0.7912089174066715
0.5872942588518392 0.5878587399034267 0.5608176619086079 0.5190620545690433 0.49600840474435376 0.5027884696301287 0.4783473774544095 0.4971970556822853 0.5233209959378017 0.5019501651448383 0.49675622255992435 0.49118271982967154 0.479539652324987 0.4992547431914647 0.5218852107332335 0.5130379230974218 0.5369467982332176 0.5590980198949018 0.5645474365674472 0.6094848721531186 0.6390883943763714 0.6061617870454677 0.6053916075734367 0.6345620897705506 0.6435250003633974 0.6292545672482436 0.6458762410186383 0.7114820184939089 0.7220475379351216 0.7591819912848686 0.7912712999344318 0.7534397341824823 0.7400281456422534 0.7565485968776903 0.781463927675456 0.8165859278831079 0.8275066931468901 0.8349018271496351 0.8314480764733236 0.8483229137425594 0.8232457012258245 0.8209596622890748 0.8086155280830727
0.6180455806793086 0.6058234844813715 0.5490165572947343 0.5691392885336137 0.5303108245253148 0.5013298143187529 0.5172203173385799 0.5104488639064025 0.5617350405770696 0.5183086556659409 0.4940406344017661 0.534178436985293 0.5275547974582174 0.5391270360627541 0.5087781611371174 0.5502696866973208 0.5670054492534297 0.5705504459327383 0.6009210710741204 0.639025840119716 0.6402121083434013 0.6089772824608761 0.6373509844551908 0.6588479055911015 0.6244303068514562 0.6444671092732971 0.7087452921575461 0.7572842897240155 0.7725078744309465 0.752611890458964 0.7794002748725338 0.7595518375577662 0.7502566391965177 0.7465233431782862 0.8017770244826112 0.793007788301253 0.8395773209306617 0.845337560540427 0.8470502303394329 0.8550877768996276 0.8233717241763299 0.813325993560328 0.8076538984866657
0.6452906582549987 0.6086045058646209 0.594689863260512 0.5793492892777786 0.5633118424549378 0.55172217665953 0.5323736590878871 0.5690768016614193 0.5997944173067189 0.5793247899546349 0.5622131721078215 0.5629329039536785 0.5551758392714645 0.5348531418225873 0.5666847280816292 0.5375239778803436 0.5560036561343762 0.5659256988184963 0.602021347746746 0.6217502416494866 0.6397388114751764 0.6493401704354702 0.6529583785547398 0.6364495925344621 0.6282207113525686 0.6394468926465093 0.7191231069617305 0.7368846975653569 0.7555236515584618 0.795653818882886 0.7767071587163877 0.7467044373474954 0.769532046282592 0.7531605458613629 0.808375132110741 0.8106793093950818 0.8104518025845039 0.8251150375855947 0.8626372118985831 0.8553550181690467 0.8762062620870851 0.8513020582601392 0.8424586002122105
0.677443021586148 0.6347480078942634 0.602547155159593 0.5803408591161661 0.5806214476225126 0.597941903871644 0.593231813304805 0.6315054524766541 0.6306110794608498 0.6018170377630189 0.5691963817608391 0.5611910994195534 0.5568303950347347 0.5963686062099942 0.5863749075282817 0.6000386887346199 0.5778059029849462 0.5879166788796656 0.5823774462360836 0.653033440413305 0.6691963310126687 0.635510007616875 0.6606341294272782 0.6564089425003777 0.6182419105178439 0.6751086556997049 0.7093962065933538 0.7272650446213235 0.7448518100575383 0.7769774005174741 0.8017721218840974 0.793259511097418 0.7370761630603366 0.7783118251226061 0.7685156727221998 0.7950370894241058 0.8358898931913064 0.8114115738652693 0.8313259874248906 0.8535476471508076 0.8731199773558533 0.8521828788276451 0.8453601131746975
0.6523563090228481 0.64288336760816 0.6120012723202894 0.6300208112631089 0.6084447926305945 0.6413962703902847 0.6499336092529024 0.6455724490295588 0.6511716830274402 0.6348571231943217 0.5928699526563026 0.5845290328121098 0.6218780772642963 0.6092329819558105 0.6294599897753371 0.6269787952311126 0.6143807811768701 0.6037334542297002 0.598474560071474 0.6647943282280254 0.6602883399828018 0.6675769343713854 0.6760461174072172 0.6483277042852711 0.6310210404100232 0.6552517187071719 0.6971127026067708 0.7197559036810379 0.7661268742707378 0.780276959240373 0.8158552155406538 0.7924850175030329 0.8039982754309394 0.7980724332968125 0.8044095854029385 0.7948627332077894 0.8432967202907307 0.8229534165917967 0.8535939078105865 0.8361992851903585 0.8628130732243148 0.8281817615783018 0.8324516677072173
0.6951663391668772 0.6910525029605675 0.6436861369264061 0.6574341601400441 0.6300991604949107 0.6303070797553119 0.6822671326074254 0.6900338787409979 0.6462552354846114 0.6616994224865353 0.6718916557984591 0.6225717838407648 0.635517910366939 0.6187762899842258 0.6266203645217954 0.6545356629669701 0.6562356709942915 0.661222192758583 0.6468755211316559 0.6813271811699709 0.6606391571160397 0.6821469374665986 0.6462434994759367 0.6655101219281372 0.6654640499412331 0.6596623362319964 0.7112879316152673 0.7522876940159189 0.7844957018199064 0.7933347048255422 0.8005125061022851 0.7887745281495755 0.8105444785983659 0.7846227210213488 0.7835616543051107 0.8029409635108953 0.8410637676927725 0.8342866988383891 0.8614125071971569 0.8515060930476779 0.842050561359271 0.8227197828639427 0.7991289977500066
0.6750637481013927 0.6878509480441447 0.6752363384114506 0.6531007954424062 0.6402862806130495 0.6530639374000998 0.677587152088441 0.6999227885902568 0.6949585062215716 0.6911978280431417 0.7183394524590291 0.6888429513165705 0.6663713101539842 0.6390886600469913 0.6662452296386859 0.659461360160754 0.6562630649549736 0.6573300847220741 0.6499184810733469 0.6745438007577996 0.6382139210697385 0.669127592458742 0.670051964894581 0.62980391949653 0.6130207032598333 0.6401730124844157 0.7118037720070396 0.7196289339405213 0.7478716116657838 0.7708516955227895 0.81615411291138 0.8167030662520273 0.8118370497927844 0.8208184643425902 0.8209992255210906 0.8441334035072512 0.818170329590388 0.813541924310301 0.8270534693136931 0.8248182687362541 0.832787025153221 0.8028789238643027 0.8043129812832599
0.7105340465091613 0.6777572474065497 0.6860180658688788 0.6689632712998274 0.6432518836280351 0.6529215677520482 0.6823145753166905 0.709838601882511 0.7187199210138825 0.7270056186073264 0.7286928973817832 0.6598011888938368 0.6438527080489835 0.6588349267136469 0.6950057894432811 0.6932108495384266 0.717321446902493 0.6826162711351075 0.6817670866397566 0.6529868111549967 0.626101825138057 0.6408259719479632 0.6425607211650168 0.6449486726728424 0.5889626608636209 0.6599436760813656 0.6906929481909706 0.7307169354879791 0.7907498323637119 0.800400915195362 0.800250668478783 0.7986902106120829 0.8474469825216936 0.8234325033626231 0.8448392066737291 0.8388506746539275 0.8269986676241753 0.8186158753425382 0.819335200977852 0.8443176337164349 0.8724393465361812 0.832002476405355 0.7925220743470889
0.6826263740617189 0.6821779386497796 0.6685724355241527 0.6771439386338066 0.6569858347227001 0.6981008342106935 0.730216313759284 0.7127372026265442 0.7235011589202872 0.717591986189687 0.6960832816671967 0.6775013812239039 0.6956972745291851 0.6855690953494381 0.6987649769191261 0.6953207972911457 0.6686370962422863 0.6564851916337683 0.6637402482227339 0.6255259487223523 0.6257391680090135 0.6229495189771446 0.649705280165309 0.6351908243922396 0.6591148151824107 0.6896039599449584 0.7097485858712612 0.7575930130164452 0.7670064743572096 0.796151916618403 0.821655294221176 0.8078323725575933 0.8250891963335124 0.8292543964058631 0.8140695410850993 0.8305146638875324 0.8308923392456464 0.8659204740075515 0.8615954135644944 0.8657306884633773 0.8750701219056323 0.8377354645823769 0.8377165655095565
0.7054243167422627 0.6786661878118425 0.6702317355594558 0.687831139857346 0.6887892266674449 0.7124425758988937 0.73802267178925 0.7272987573973319 0.6940357163001378 0.7302897591956438 0.7042647271832986 0.6764394161213434 0.699957008923823 0.6907247165715406 0.7128405355325954 0.714104508152739 0.6853688825480607 0.6656908439093007 0.628437891162965 0.6234424370514362 0.6553210125887668 0.6269906123678289 0.6411816906196832 0.6835679084696554 0.6844584581988417 0.7146014415338093 0.7108046056123829 0.7336305821723853 0.7699905587576823 0.7827738796504444 0.7827858092230336 0.8274325645269356 0.8498978756834703 0.8182972109441762 0.8439519169044256 0.8505266138846835 0.8677684637694862 0.8783558093050404 0.8594607522832021 0.8740569748082244 0.8803982793474545 0.8520948764739541 0.8502265236790422
0.6936150539527974 0.7034659656657856 0.7000808122409142 0.6848141196133738 0.712649405718395 0.721945109945038 0.7504715844700267 0.7371382643496814 0.7509018754423004 0.7402263104475058 0.6928774127880309 0.6991194669730298 0.7014332831539623 0.6974437123094877 0.7072491341076287 0.6757436617180304 0.6643627919436014 0.6470268938620538 0.6580733399433195 0.6567738585993818 0.6473665275057486 0.651253125453242 0.6773824672804996 0.7077270559634639 0.7276499939341199 0.7050690024203822 0.7299524025898856 0.7475853363904637 0.777073104558126 0.7824044414595327 0.8183041517594021 0.8287249504101664 0.8592030881541647 0.846398044919116 0.8511099894669354 0.8153433706286491 0.8124885250589433 0.869004450117376 0.8535294296222368 0.8658191503038392 0.8685983973161941 0.839894825176948 0.8414743886658508
0.7062396818939034 0.6752714770701391 0.6821069066487309 0.6815745259567662 0.7361521645812904 0.7378460587431647 0.7531904362617867 0.7291808006052438 0.770263293779723 0.7158464765634527 0.7009382723805452 0.69407212104943 0.6570173340932909 0.7158563590226604 0.7270654083223967 0.7232048401226728 0.6772415610130132 0.6362485092798094 0.6485836602825772 0.6563501547944504 0.6291017295800454 0.645464288151234 0.6932848636422787 0.7168833581120171 0.7350139866802775 0.7168535183411435 0.7142274728997016 0.7188783363643112 0.7643134488458773 0.7639203246916978 0.8251707411481987 0.7944288054754813 0.8398515370290491 0.8288171817286685 0.8147811371806498 0.7901970658010004 0.7899260916815183 0.808145345841711 0.8537727455640866 0.825148169532579 0.8378222782893121 0.8022969444530578 0.7998761347692798
0.6706390069534901 0.6787516211317461 0.6669115118871785 0.6859279145067849 0.6986256943143088 0.7345924563063075 0.7183760377492366 0.7542450946815502 0.7487779565083004 0.7462363387570456 0.7385001975569665 0.7077711720376662 0.7151746501897346 0.7186076651110136 0.7214627943948123 0.7108034631388968 0.6980856296100474 0.656335343461644 0.6426357347793145 0.6201669692615803 0.6114731221969274 0.6489657844632366 0.6633352371106392 0.7243193972853625 0.7038628626001191 0.718566154294926 0.696023307858383 0.7020667096515133 0.7341183985429697 0.7507293584011606 0.7512667458217405 0.7745064381621481 0.7920943535685219 0.830531179315135 0.8152912511836639 0.8128273263582365 0.8019497057275504 0.7982425174501196 0.7912659962388262 0.8142429341904278 0.7895727455722921 0.790779071656866 0.7892258037006337
0.6800828790839917 0.676127022128355 0.6761666686008865 0.6582358658187448 0.6649777490408654 0.6860693327830534 0.7280931785772643 0.7369965619277723 0.7581057723673476 0.7479018424556136 0.7309987885877204 0.7081011820508927 0.6889440429350436 0.7228158875930074 0.732767950968766 0.6948501095485948 0.7018299204471612 0.6601601283760477 0.6583435127153745 0.6408820276703695 0.6338432547486463 0.6268726659890156 0.6709072076676522 0.6814697530645868 0.7073923799850617 0.6965697406261423 0.6922331687139291 0.6874128407074425 0.7212488282783595 0.723331444991048 0.7577909369004159 0.7358610541858411 0.75831684451494 0.8071886431228004 0.8210036248335055 0.8144253880143084 0.8018561270736563 0.7875869744687003 0.7813274160850613 0.8038523689655734 0.8145529576812455 0.8023992001727374 0.7948586980504521
0.616258353161913 0.6524735718399629 0.649576753148104 0.6537545754051978 0.6866352229095187 0.6736860978592262 0.7234806351970859 0.7150509470808781 0.7404176137002825 0.7114449678934627 0.7277558332901167 0.6999927568728731 0.7010716206665698 0.6851279486119627 0.7185773449340745 0.7222855010165066 0.7228193018212771 0.674720353884378 0.6799306598663265 0.6676084630212316 0.663562345260205 0.6428356404387217 0.6654209385679625 0.6934798739307865 0.6790469701889283 0.6832755510563664 0.691972145599982 0.7063940474437524 0.7369075873887138 0.7582535944465382 0.7459299675639944 0.7418587991367073 0.7521158493895078 0.7654155757806109 0.7968832456770036 0.8013491111701145 0.7867607832486962 0.803379712545702 0.7846331731433722 0.7867239529456174 0.791062120016798 0.7813330084179388 0.7652467401399988
