Raster_benchmarking/DGGS/continuous/raster-137.asc
NCOLS 100
NROWS 100
XLLCORNER 1743157.3051697202
YLLCORNER 5469290.633629098
CELLSIZE 10
NODATA_VALUE -9999
[rows 76 to 94 of 100, columns 43 to 85 of 100]
0.7575401072413879 0.7604453518234833 0.7543998709248771 0.7699705733955652 0.7670905804754353 0.7495884254099997 0.7578005932316001 0.7505347963905249 0.7438313662254308 0.7286989433990261 0.6708413101985586 0.6478532484971486 0.6336619720048301 0.638594473281439 0.6351715313895916 0.6152805134398692 0.5924889549374857 0.5685193124454904 0.579484778580166 0.5883780914942779 0.585104714331704 0.5546786017416069 0.5586381958490321 0.5505800979733085 0.531421895598557 0.5384291698827574 0.5367421508454928 0.516582263299193 0.5221631539231536 0.5214463628499142 0.5011138939692761 0.5175127983243091 0.49192195997482613 0.5147688121299379 0.5150854554921591 0.48346674100632425 0.47803405346915445 0.44721727297908775 0.4507125650884526 0.4692143921920592 0.46486577932862977 0.47881406159272744 0.4648130617386138
0.7700405580289755 0.7666354361966371 0.7612474206839133 0.7868383924080224 0.7782378155519497 0.7822340853242644 0.7673427755652574 0.7472406688869533 0.7174509187252122 0.711700040919182 0.6829454716172066 0.678208840369364 0.6639869763388233 0.646879829246976 0.6489777460844038 0.630596076387476 0.5980806820757986 0.6026829999691424 0.601601720991056 0.593782413755174 0.5872921901659279 0.5719237046361442 0.5463447022084491 0.5289370925838022 0.5258847021073555 0.5334064928175253 0.5265775556667754 0.5212167406413221 0.49664959481596854 0.5131719099624891 0.4955011178433751 0.48910999192876653 0.506039308824467 0.5147755731039373 0.5122080109284374 0.5012828216237126 0.45879157109599433 0.43470585010006696 0.44511427444781576 0.45204725664197515 0.4768213260895542 0.4810148835462732 0.4582167551259273
0.7746039535593651 0.7672543492690004 0.7781056456897109 0.810569588895503 0.7995863085106785 0.7794919109933074 0.7577631642834738 0.7557198122506493 0.7319255146876508 0.6916469684130904 0.6897455028092057 0.6686667412124039 0.6825442809185099 0.656565792249624 0.6309197659007217 0.6220626096491316 0.6041926067346529 0.5781834473982647 0.6097860214532238 0.6108887625563336 0.5888462763297521 0.5554469704524746 0.5295191456560236 0.5294932668536199 0.5165941203384407 0.5099852075924611 0.5066161712843024 0.5044472351241254 0.4983601317161778 0.503726915485269 0.5172522064411065 0.4981392062161761 0.5076878809296473 0.5069978477249251 0.4961294878476066 0.49731835263486757 0.46568133263926303 0.4478927554715461 0.4562650695402291 0.46588669940821975 0.4581008716137265 0.4681774158507103 0.4414204367633148
0.7924651312694329 0.7781095506452861 0.7805674348946826 0.786712123059408 0.794761892147124 0.7778465378112137 0.7744702961845172 0.7547028095481829 0.7177271087579613 0.7090980124849452 0.7086145548033581 0.6865704738696563 0.692203623262438 0.6818811240550081 0.6454088568605394 0.6419233571820371 0.6136338533178757 0.6007457662715208 0.5989013575910795 0.607107375174888 0.5840237812670047 0.5676170108602737 0.5348092534159391 0.523454335091937 0.5325600691866901 0.5331903097250579 0.5107094906645976 0.5041068341160344 0.4921236609041698 0.4890697370750045 0.5070488565372466 0.5161663989112139 0.5070140999336203 0.512906992426525 0.5165416990334889 0.5145645828827811 0.4845335285218122 0.48143766271690197 0.4607661881238704 0.4470198050067211 0.46671267855478626 0.4499298051943044 0.44082611945888567
0.7845386882322974 0.7899896952672638 0.8025673292686302 0.7904761982206973 0.7839600749196369 0.8122842648667669 0.7933329511141749 0.7749124337771385 0.7520617871204854 0.7106656343117126 0.7260920554047499 0.7148229860847473 0.7086256855042269 0.6904364744895027 0.6502423560001611 0.638162618130571 0.617240439907819 0.6201904411890348 0.6170023147910705 0.5968215433308569 0.5721318988034887 0.5894366666483137 0.5526326905717504 0.5186623575956711 0.5405749030542024 0.5463144654051587 0.5259954378670904 0.5120858138158798 0.5011180242827474 0.5119273745062097 0.5228011058726523 0.5359409601805406 0.5095731438256476 0.5138892460580894 0.5157777771786227 0.5229815945232094 0.5039636746623313 0.4832564218404394 0.4551681285593807 0.45591255860724506 0.445908244207715 0.44047997275397677 0.4454986050559617
0.7881681414285511 0.7970255827757183 0.7882277037007014 0.7938873723670348 0.7966305059181482 0.7859730213867898 0.7842107616461785 0.7631926295457933 0.7412983637082416 0.709649007494254 0.7211444309932957 0.7194813329354536 0.7257472280997797 0.711420720818815 0.6867537568935715 0.6632405349986412 0.6496791114967503 0.6260006987844824 0.6046669909470558 0.5952694936697809 0.57993468703793 0.5693626228850085 0.552449419316388 0.524155501755949 0.5241053281653888 0.5319905743648954 0.5513286398621381 0.5196555110148249 0.5270811622459602 0.5373613882546058 0.5323986298780191 0.5217315545067838 0.5166138140359895 0.5073805742188675 0.5165067743986634 0.5171448461967368 0.5032948047288761 0.4763243260784736 0.46438563924802645 0.45390371745408026 0.4562380199412078 0.45726736404617274 0.43150328454915676
0.8079342568474757 0.8220625177843592 0.8086036983766919 0.7992280942652252 0.8105623056156922 0.809307285103118 0.7774737497202311 0.7833993275548292 0.7248895567534469 0.7075338835349059 0.7117806127213413 0.7162688082317493 0.7169206438646111 0.7174987339264653 0.7012084896066675 0.6923222409852227 0.6542375747766441 0.6247816950861914 0.6257481606136879 0.6159782795501386 0.5688547589608862 0.5588777052246152 0.5306988267973427 0.5179911361540124 0.5413172443963059 0.5384539027850059 0.5558827090593527 0.5442132208459304 0.5276594542942821 0.5153364016509997 0.5336235773753781 0.5386907758867291 0.5325581548036064 0.5431089759534397 0.5349264318677484 0.5364725679549999 0.49742409362070644 0.4957636703634956 0.4649501893956062 0.46893398563260674 0.44871003632363676 0.46527409115022483 0.43567276276320716
0.8145871842171053 0.8198928996535171 0.780903259953465 0.7707328573168291 0.7743155774831599 0.7678261588512378 0.7694065052876446 0.7505870476157388 0.7328344275960429 0.7195447012732983 0.7037817891366155 0.6968847633572822 0.707228946174882 0.6761770735404956 0.6721629902274909 0.6683447491359582 0.6460430686840443 0.6272275477332752 0.621262527923117 0.5989480524641569 0.5650182354166022 0.5508608891672262 0.54297261493836 0.5461842921891217 0.5468931796167948 0.548777276679827 0.5522514884166512 0.5678352829804626 0.5370859018507448 0.5471586070812116 0.5295507209461301 0.5310976630820442 0.5418212898788984 0.5436777396704024 0.5359760684645366 0.5296583627354605 0.5180428281807593 0.5214742118847383 0.4912779740826876 0.4819948711941211 0.46746742870643004 0.4559800298630322 0.45022115759242254
0.8230430921004209 0.8002190109296989 0.7886689090560387 0.7598776698422703 0.7708205724764222 0.7413898127710953 0.7346480168270935 0.7527074048410614 0.7218353529693223 0.7219962332711038 0.7029828175282807 0.6845732755949384 0.6842914824854419 0.6678928598403916 0.6538170305531131 0.6649921078069818 0.6571624501639806 0.6350130349408643 0.5962722678941877 0.5785403583958455 0.5633214261971421 0.5573669612739494 0.5608447311257484 0.5315886347948564 0.5473627142571731 0.5820235977702964 0.5657923680530461 0.5729629368677748 0.5682344303375602 0.560924259939973 0.5614796347393898 0.5311145593134069 0.5512461267203438 0.5456785773919951 0.5505176651913183 0.5638604622039933 0.5338642042125693 0.5230536767387568 0.5097539430646869 0.4826865925344674 0.4794708563251879 0.46714438852568324 0.4853483759409002
0.8217133446676519 0.8053860925364302 0.7660968292273085 0.7421423286706853 0.7428900495838852 0.7409424604050842 0.7304920317259808 0.7185382471860366 0.709246234949058 0.694953189212381 0.7080606596698665 0.6676027354728412 0.6594039564426301 0.6835298686161329 0.6617792702838137 0.6591659780141604 0.6715479609617443 0.6479458202502606 0.6101038016884015 0.6020628538483763 0.5983288486022713 0.5676796775454457 0.5593071106965857 0.5555882503946548 0.570190494046522 0.5918905117433145 0.5999309314815172 0.5905766142470452 0.5922058481491087 0.5717245764271505 0.5642153774528026 0.5677619315349762 0.5465278414891417 0.5649176412227725 0.5728028332322096 0.5788366665408408 0.5656766362669583 0.5517875789148767 0.5189444191173586 0.5167468551082425 0.5059718271693139 0.497771891192223 0.483857704218024
0.8138231529497564 0.8041247569576709 0.7641122327418232 0.7447134886058662 0.7292793595394635 0.7050115851340357 0.7001677533342916 0.7136666973962948 0.7034814970745864 0.6962527506484334 0.700051903616067 0.6653274120142482 0.6701286390182696 0.6842317474506765 0.6673884763761586 0.6944643016135928 0.6806880263241074 0.6332955631557516 0.6124124670282461 0.6093755755202765 0.6018013532798537 0.6178478667068863 0.6004770934235009 0.5657428351291479 0.5782701409490331 0.6062963434023321 0.597348879768535 0.615144556676887 0.5895618481640245 0.5946485470522384 0.5954382385359329 0.578845715324678 0.5815515779340774 0.5689423834664169 0.5879940328749108 0.5796405059374796 0.5902752969153218 0.5772810953153859 0.534952854777003 0.5479881715677078 0.5241407714882835 0.508531123000295 0.5010759955125746
0.7897425887115922 0.7847639903440664 0.7830757422508938 0.7443077074581755 0.7429178472716391 0.7348150557924334 0.7149256279462969 0.701094434308517 0.6867423291309194 0.6866595810539453 0.6897605076035483 0.6829184841902178 0.6764215209388932 0.686452139604854 0.6839148170403136 0.6892404833010605 0.675233822644513 0.6516133543440419 0.6346996040755204 0.6083539662191658 0.6301034089374238 0.6160865995021881 0.6269353381792079 0.6020278715919392 0.5880828704633208 0.6056004672367147 0.5967717570267737 0.5944005678157324 0.596962531642 0.5889473060675734 0.5945672164094061 0.583568099519425 0.566466588764841 0.5818322282861309 0.586844791908457 0.5815332786088006 0.5746739356145911 0.5638430777673922 0.5560888665462964 0.5418578690218323 0.544951355534964 0.5177207039480248 0.5266608499193829
0.7947078210704155 0.7953607188136431 0.7589514556747601 0.7586420078928192 0.7482867515189616 0.7173721079749058 0.7207988197600121 0.6782006581537338 0.6753212920695503 0.6721962834286175 0.6801411182339164 0.701611314645089 0.7006479751948445 0.6826036823427183 0.6910941977733251 0.6724311835513507 0.6862339257480583 0.6458882643693786 0.649138658093104 0.6211281588204212 0.6285393220694777 0.6379805638108074 0.6462131607717406 0.6336013182907119 0.6302454395883598 0.6023048653947042 0.6089015910818236 0.5907887842488945 0.5990105493583138 0.5855728804777737 0.5963026515132541 0.5723312841815572 0.5752583208859795 0.6021591843481304 0.558645734248334 0.5438329468707387 0.5709907911566213 0.5507436417766177 0.5603592466351066 0.5429772380847919 0.539886499726562 0.5515668937784233 0.5508696489443753
0.7769078451659356 0.7671905837692072 0.7631366305467298 0.7463905717664255 0.7341900870075736 0.7065052824423995 0.7101855702832646 0.7010835742879602 0.692518925315268 0.6969098831280737 0.6979735106646558 0.7009003505112741 0.6850542580589597 0.6599731718405958 0.6743421435386658 0.69340322766772 0.6869764848059325 0.6578793482574364 0.6424944962561587 0.629669666102426 0.6453327867698766 0.6430965833322817 0.6317014172642765 0.6245675963231105 0.639695501310241 0.6317307069963343 0.5958845120110796 0.6054232536420364 0.5987182029938846 0.5806230636354051 0.598620190351324 0.598045042977843 0.58121179518298 0.5919614638387999 0.5575220054614521 0.5600992820051092 0.5567563801603637 0.5351526615071567 0.5600347276341795 0.5624910272095474 0.5586886844584878 0.576938670108621 0.5584991741814328
0.7792850069037783 0.7554699324816422 0.7567740949497019 0.741291034280172 0.7210388962350399 0.7193455115852984 0.7098245551327148 0.7038424367079553 0.7026105479004265 0.7130622279083288 0.6849429406192657 0.6761341361967336 0.6772641584621172 0.662822505635793 0.6767959430680156 0.6992673479344593 0.6707896983577072 0.6677346992206841 0.655995213638916 0.668484022810223 0.6676979205881257 0.6552214944710937 0.6474930351968406 0.6302370438620475 0.6326690343022647 0.6318838139547847 0.6154867629430208 0.6060213325224312 0.6187207793525945 0.5990828792972174 0.5938361979993827 0.6151078105518543 0.6040929144734203 0.5814982849593808 0.5626095530425337 0.5375573029773629 0.5327671276611435 0.538006033804389 0.5745907152401477 0.5822346104397307 0.5877180894202619 0.5772152455012355 0.556625785549477
0.7621862408224889 0.7595423587913324 0.7474882364526011 0.740126291118946 0.7385480778572221 0.7129911832772456 0.7021975363460135 0.7037512251645284 0.7050929233351106 0.7032499930788751 0.7035062009060992 0.6926289565291244 0.6687915637036224 0.6899106663376251 0.6805761189511592 0.7008225637971643 0.6919509544758659 0.6926178474927335 0.6797062613317756 0.6903244869721036 0.6553142206162467 0.6394760187286391 0.6451876418766398 0.6413666668978304 0.632958492492079 0.6523089127104558 0.639108582168573 0.6241026041181209 0.6269668617352159 0.6216320459677435 0.6260298892943073 0.6056766663966662 0.5902851276900284 0.5625674632629487 0.5529096050494308 0.5442392340681623 0.5447116380360847 0.5442387752342636 0.5801151071348897 0.5753626125097141 0.5909254184154487 0.5807762757367355 0.5446694345752756
0.7245618995649196 0.7345800454049999 0.7527499586559375 0.757962423784192 0.7445453542842541 0.7325558899259572 0.7175077876138394 0.6963121053566181 0.7015192873848467 0.69836086756714 0.6950056818060324 0.6702348479757949 0.6737032562543495 0.6981491977517997 0.7114632843792377 0.699171373221 0.6854669629264616 0.6837786918540607 0.6888398034792269 0.7025323822333476 0.6731593704049521 0.6542722411096391 0.6452512931892018 0.6345330136201712 0.654061273456516 0.6585430090374677 0.6631214423743838 0.6674586825967064 0.6556509016751227 0.6371948762932798 0.643795426435359 0.6209986657463794 0.5836368453197596 0.5643211508049991 0.573984208929383 0.5742955441682588 0.5646342734139751 0.5701455019495799 0.5911774796248123 0.5744726739774653 0.581360800020286 0.5841173797263323 0.5672803069046172
0.7195384448746552 0.7364162514056035 0.7337612929631151 0.7521254431440887 0.7368740626666089 0.7163676158874169 0.69978340396107 0.6909582886288 0.7009128126934098 0.6804373461453743 0.6743861914926215 0.6865200533654187 0.6792566061820281 0.7094580970411685 0.7083095963684602 0.6997914556686933 0.69012973531033 0.687498606858614 0.6845971848143607 0.6943142973148629 0.6994106257822457 0.6620076784796711 0.6474417678173181 0.6607764010957952 0.6406316616481426 0.6392787871006114 0.6602233671581593 0.6610226072493808 0.650723576222034 0.650322095231914 0.6341412087430892 0.6018113008740372 0.5783708997950701 0.5887767112092311 0.5760509845492744 0.5720375333977715 0.5913511201090591 0.5836865033291844 0.5968888847518284 0.5855772171601656 0.5994927106645634 0.6064782414325427 0.5779460916840853
0.7092613721550058 0.7346572477476835 0.7188507730948094 0.7388034115582053 0.7383202641092255 0.7123000679027559 0.7216885034708929 0.7215748706172392 0.6956751587972823 0.6696308686539522 0.6695952917934882 0.6724331497637737 0.6702077048367526 0.6974953879440868 0.7113109274491508 0.6934432995438973 0.7060874733531435 0.7109593656861367 0.686536240324788 0.7051791828386229 0.7006098466634603 0.6743995362219287 0.6549768517105591 0.6595754057257178 0.6636602320467504 0.6535306792882681 0.6660856048544164 0.6726850649679832 0.6734904068444287 0.6500806459197657 0.604223638296238 0.5723254696676737 0.5836277022699262 0.5992100565623368 0.5839856043626082 0.5527290320509871 0.5935435387590784 0.6168022048585312 0.6187094027373737 0.6280813267126129 0.6274434349067456 0.6007235770064501 0.6160690919829721
