Raster_benchmarking/DGGS/continuous/raster-125.asc
NCOLS 100
NROWS 100
XLLCORNER 1743167.7560281968
YLLCORNER 5469277.572742288
CELLSIZE 10
NODATA_VALUE -9999
[rows 0 to 18 of 100, columns 43 to 85 of 100]
0.4620124943626459 0.4453455780719093 0.3930116376856173 0.39005410117701184 0.3917197012727912 0.3802132859030918 0.36019343253255665 0.36049842583322084 0.39093348779113496 0.3842986794858443 0.40489667763305154 0.40998532205115323 0.3876306339084441 0.4116318012927161 0.43799387253763106 0.4155790474238539 0.438688051918257 0.4298707031632086 0.4172841262541344 0.39667081263022425 0.39068464842949097 0.36908273648736184 0.36192702997223025 0.33239940669031404 0.30920494275183635 0.32452204281092967 0.32270194374684275 0.30447751414106383 0.29480472585942413 0.26162305028958366 0.259093487423748 0.24163216489854103 0.23793757141099636 0.2374341054655391 0.22914497985358828 0.2205474935555305 0.21011488485751673 0.22232706830195476 0.2088793935955493 0.2065411066010905 0.21845176487014548 0.17167179119956855 0.14302351236005423
0.48443440839049123 0.4106325780521989 0.3673896482983076 0.41108741171103935 0.40393748161746607 0.3784733287211182 0.3542138616304273 0.35289239483920254 0.38748473711046905 0.38695988293828804 0.4156138909012756 0.39982630323670815 0.4041433549177897 0.413332732541992 0.45075218796380023 0.42088239028383867 0.4170462391295011 0.4137775016674441 0.45561516890269377 0.4139859743207332 0.4011036694629361 0.37268419027605715 0.37854121249681655 0.3336205325380975 0.3370851204526859 0.3113898098610833 0.3113421701625257 0.29130386504333444 0.27745406569665776 0.2892201741391319 0.31052857328280736 0.2262409495826511 0.21149761856325808 0.20387853295686553 0.21874496782339836 0.19577780816520357 0.20449277176592326 0.20603404442475004 0.2388519843492432 0.21098246158474632 0.17972743446240286 0.14202820297281094 0.15230143425771606
0.47554291368117313 0.4258757676169814 0.38123226505921765 0.39345223416004865 0.3970461825778027 0.39432421289811614 0.38394332820872346 0.365813965375074 0.40137718503210384 0.4183397841120195 0.402717328647905 0.4059205965516766 0.3999883907403601 0.43098634035645694 0.4275206066274966 0.41972498970491773 0.43157720272298344 0.4238969906471158 0.4530830614564788 0.4162972498086952 0.4079609253503889 0.38266473966250336 0.39468645981270406 0.3642672047838894 0.37571772400321535 0.36115373934071515 0.3409938653770828 0.2924476530929633 0.30530760187745376 0.2846032394792695 0.2826792466293833 0.23178316890118178 0.18978113729778595 0.20137471020651088 0.22251768101152744 0.20944082065041839 0.1822740537393631 0.20673836366226558 0.22934804538834394 0.19752665452205162 0.19218063537792432 0.13329450727350084 0.13837379269055966
0.4270798067031791 0.42971339371752104 0.385050279659795 0.37551254991992444 0.3942575940657928 0.37391238680213573 0.38138245860052766 0.4176364546067851 0.41564776437713097 0.4090812118587987 0.4438693939271014 0.45130597279379103 0.42407315238153026 0.41007630739886136 0.40258294824366136 0.42814378903518435 0.43596320938768185 0.44943867526962994 0.42794644090356154 0.40325705985625143 0.37950608532468344 0.38755697905646874 0.3605548403407937 0.3985637912849746 0.393845305308912 0.37615767977879766 0.3545760823768192 0.3357103106958053 0.3089248621980747 0.25788977351857456 0.24643676030048955 0.24351355943533146 0.2022046941519086 0.22818380664571758 0.24944973942063445 0.21328473673329884 0.19146216441858904 0.19049101162125323 0.22711991983918298 0.2085224252534571 0.16802058760724842 0.12323793638414113 0.12485144498421473
0.47732152640458747 0.44942382956358223 0.41871819543388245 0.42228032168401575 0.44421882688180064 0.4163219517710332 0.4156704218414597 0.42437448542265677 0.444926898664703 0.4371671630306011 0.4477278248906572 0.46106993256028 0.44192410251387126 0.43878119819113814 0.43198535972156377 0.4375446770635289 0.42442612889909426 0.44127376091109616 0.3998110625054449 0.39748462458653677 0.4098298269501021 0.37740088447002035 0.3701295613764774 0.38366639019208193 0.3807219722575532 0.3647842701113502 0.33418821734069076 0.3022440210505951 0.256868085832209 0.24982137737607296 0.2488655927105562 0.2387571214836983 0.21273488557347492 0.22368246002844716 0.22416687046492237 0.21339112827835083 0.21355556229224873 0.22271240955787686 0.22220572181180387 0.17973405408348325 0.14853184682322237 0.13990089874313907 0.1291618323837023
0.47649215154985675 0.47211422807478426 0.44491213504422783 0.46801690926211714 0.48651956565656407 0.4629758129079695 0.4845098594491937 0.4530612595160655 0.4617194790778341 0.4413777435738112 0.4531814637604956 0.47605770555751215 0.4432975682989648 0.42666273259982207 0.4263045758432947 0.4210549677416703 0.425351894695926 0.4003461519139142 0.40620964531301684 0.4058133300706363 0.4285369917164246 0.42212518930708365 0.4038598534005532 0.3923443261955674 0.3355579613024301 0.3210503387273901 0.34383818528357063 0.28821540033516035 0.24832712315993002 0.24645750785574616 0.1997149009209657 0.2022549346256547 0.22841049670658362 0.22823710944290218 0.2336114851208461 0.24234377707349794 0.22492669635656565 0.22344478777148613 0.18327572794586 0.18298587502240363 0.1598308879340108 0.16026648513718755 0.12063726482736382
0.49646062018475134 0.4950382096456202 0.4801834624514895 0.48508542647024405 0.47191650376057587 0.4898835594907288 0.4814127829819333 0.4620949256937727 0.4848093211424163 0.5022827529063949 0.5034075518023675 0.47404946094141903 0.44205265801065174 0.46880817601509495 0.42492644647202527 0.4103357867725682 0.40423426956353137 0.42123218435703574 0.43516344562122894 0.42542303353127114 0.4245349232560114 0.40200400571348455 0.3796202400530602 0.36810368650986103 0.33433441523372975 0.30956085446841164 0.2867021508546148 0.27502597394259903 0.23300785603046043 0.22898408966300673 0.2185431180898267 0.19790476465224122 0.22131642744486033 0.214377607417137 0.2319999329084531 0.2141641214551632 0.24097997443343286 0.2163150057920166 0.2091337634094488 0.18567818138977465 0.15813427728407747 0.14054077343139204 0.15292394232079645
0.5122796994011176 0.5156441523444347 0.5033954135396106 0.48764235881283874 0.5047070413728129 0.5159827628442223 0.5010934525231849 0.4734089487109748 0.490751792890894 0.48584690299159305 0.5153622977579408 0.48433595907883176 0.4737489868058034 0.4557627674835733 0.45917592383107364 0.39892047065049113 0.3889048589287682 0.40235268645669525 0.39985352137229596 0.4097180118705193 0.40367551865535395 0.39553339837387613 0.37068065971671815 0.34198430247467504 0.3124147449758801 0.2948191569962609 0.25967295974626786 0.2473562158474856 0.19132371545025487 0.22088845557306683 0.21563622029702326 0.21593977912871223 0.2283940739191923 0.2432182096985684 0.22082014880305126 0.2004142188378831 0.21857998286969607 0.23061967576785378 0.2087653368939296 0.17238913504155337 0.13210549307028743 0.14072768924114704 0.1646678934450933
0.4779188819737977 0.5011069881915204 0.5020791133853784 0.46286453962032464 0.469260473732658 0.5072162106903974 0.5018140971677801 0.5047177807412621 0.5141118823721016 0.5029586959667538 0.4947824741962168 0.47918322488768794 0.47613264075369444 0.46598783350248046 0.4252196068307539 0.41188446792901956 0.4006322247487772 0.41663205683379545 0.42835446508450975 0.3881677746522439 0.38242479120219175 0.3828203265506207 0.3210848235940658 0.28655953543475154 0.2965051778565702 0.2623084181141729 0.21832461648120138 0.2027909592596942 0.20822222033250073 0.20605030104440872 0.20443642902105016 0.19992769591960033 0.24464406020362503 0.2450641779813879 0.22956909414962637 0.19739950767691838 0.22504389140350903 0.2057107051138402 0.18025307262412119 0.17015878285108121 0.15135485645487717 0.16643959923305865 0.15016204781222692
0.47176990223245757 0.4897670863211119 0.4701607904705102 0.4435399927790617 0.45924725705952446 0.48717631012116436 0.5397860874622659 0.5218405120266222 0.5038696472926306 0.5247591192315776 0.5356159839408264 0.4871409056977781 0.48468303427007253 0.4760291755657064 0.45420540058169884 0.39649054139656853 0.3819889689284025 0.3784789511267749 0.4224321508304807 0.36242775695684004 0.3676192311911639 0.3195501052666075 0.30311060986299654 0.25469596180652937 0.2503479369073444 0.2562625639674178 0.20066862561181173 0.21938933806547078 0.19248448951910238 0.19301061908348124 0.1537361052420035 0.1806626873275772 0.2374019988535362 0.23904235536636156 0.21608982009161895 0.21829980689227832 0.1940660864713174 0.22040381038998524 0.19091308695347453 0.17880733580781433 0.1964222726671785 0.153932726089896 0.1607708010534631
0.502098206971602 0.4611041777342144 0.4525362903752412 0.450880729793308 0.49187461360959 0.5149779767920175 0.5314858896813561 0.5236116979952643 0.4960416114180039 0.5269498258401889 0.5017193320109393 0.5158300961119391 0.49556100400629666 0.4713726765727475 0.4519945178619974 0.39261146446814826 0.3619220624164604 0.37344012643393903 0.34868400319903603 0.33784457282652774 0.29967421142442574 0.28584469461313095 0.28980155441736005 0.25553899368772004 0.26040663231427424 0.22789686730912578 0.2319105792245269 0.22100884998408468 0.20016379334637188 0.155944315312014 0.15776325698226165 0.1896811671825731 0.23101451664547384 0.23261780866663756 0.22511100251164967 0.18900942811469643 0.17088087033848232 0.20928211454704682 0.18886875643340453 0.2011057507017895 0.20337262050114824 0.18256080745514827 0.1659023863814753
0.48065754399757343 0.4731138172656444 0.45871682954590626 0.4625889988798882 0.46743798604789 0.5013975716765362 0.5227281700580091 0.517942552257438 0.5137249065147558 0.5240076408471991 0.4998698247798596 0.4829443759285554 0.49163292152192795 0.44692192986931595 0.41150362582450445 0.41423263151608447 0.3879517082482427 0.34105048616215905 0.33552286395660574 0.32302437816219565 0.28829238543523056 0.25781191774297363 0.25077302588257294 0.2609128566422949 0.2348079353584217 0.24125674350491985 0.24279466302396716 0.19130671514887115 0.1831511931836437 0.163803420326076 0.13801171881848753 0.15945197826878518 0.19799530222657316 0.22536650073264414 0.22848508230291942 0.1960321588290462 0.17239437806273034 0.2153310565195223 0.1914104991935475 0.19223326108476432 0.20906014556915603 0.19598837413937842 0.20467584661042892
0.5076239735218496 0.48209236701742775 0.4568516599218464 0.4675224766103093 0.48128649153132574 0.4621820477873106 0.49466462149371476 0.49002451006298453 0.5085824307815471 0.4714623793342505 0.46153913176189726 0.4897542552178976 0.47087991032612275 0.46133671566982015 0.4184186601953616 0.3740978060063311 0.3830690445251488 0.3325425793212365 0.3359969382181499 0.32375483512410436 0.28035488618785825 0.2809275567163719 0.255751307850557 0.24719025729293412 0.25241806366032554 0.23758218991421065 0.2389205674430935 0.19897284228882717 0.18247896495170504 0.165767969897302 0.16801888271082238 0.15336597081038875 0.16460317974695357 0.17679158727172603 0.19825925287459256 0.20068274202200834 0.19869430741680233 0.20527165865651906 0.20146786774179656 0.2033384715298854 0.17717794964069292 0.1682847402705011 0.16175964672746865
0.4992966930311471 0.4962176170468697 0.5103672965855224 0.496291424272307 0.44247410385712055 0.4657003617300558 0.43969158879184544 0.4654905009073195 0.4859166004251917 0.48656485179098385 0.4662231929160623 0.4787265465520022 0.4564423585080886 0.44103246436063703 0.40060205193830983 0.38425098366781796 0.3647669280972704 0.3480455664277829 0.31830915711751867 0.3085844773878649 0.27746090980566085 0.25023650027296485 0.23827930657809632 0.22966770707876574 0.19977130045983996 0.22558280340842862 0.23986640736685724 0.19565242484013864 0.16926082298818476 0.17319264724371403 0.1719221366676192 0.14688408740265704 0.15575962205780466 0.16122040146974076 0.20600047130243296 0.19923888756165134 0.20144807679289295 0.18998825316112805 0.21010237628727796 0.17621391161788474 0.18168787557185534 0.16374107292226495 0.17009745120590689
0.49742519921353884 0.4821133730412306 0.4841865719025571 0.4738711724868903 0.46661639916456205 0.4330169027686731 0.4371227631883396 0.43003171932949125 0.4434558813223456 0.44804897147447226 0.4525787415427214 0.4690194463669165 0.46074517310161966 0.4249940381204 0.3905050378178422 0.36203841557160427 0.31666125707480514 0.2954598312345545 0.3001113959332124 0.29251846931588305 0.25395833533107265 0.24480393871543688 0.21416150445655058 0.20213999930979654 0.2043325423232935 0.19944879243656727 0.173981217005952 0.16815826549893467 0.15541187859382127 0.16022486064076813 0.14997534696040005 0.17584624814341276 0.1505550863388247 0.18496724599099265 0.19783831225936455 0.1983742882967676 0.19363655722712775 0.18248396623181423 0.1817066966355466 0.16169781487646642 0.15412012286739882 0.17729510366378942 0.16763468050973243
0.4797244006575593 0.4747501705515208 0.5092090050765895 0.4822027059417068 0.49572924027919196 0.4702640797139106 0.4411505770963259 0.43261820484225344 0.4303194823409003 0.45994876876307306 0.45344399101814603 0.4482253703892094 0.45329562878062785 0.4331315530462634 0.4102045522161003 0.3726079705315568 0.31559561372496925 0.2758422777736054 0.2663306464732315 0.25104535557527347 0.22018885131915583 0.21251735289049492 0.20640315683123237 0.18419400368901695 0.1559111075075833 0.1755143762717018 0.15628298972270618 0.16625768523259302 0.1839347881378972 0.15225942404325493 0.1626047652478188 0.1857162527246862 0.1704881710293001 0.1851526066623346 0.20492207382361885 0.20207476977724403 0.17389650197428475 0.16419640173434627 0.15322880225328672 0.17879876036764655 0.18844935951871397 0.14788503537814507 0.15108680750078474
0.4732631661379985 0.48094479392502576 0.49852047153023216 0.48345761645182256 0.4613539685278696 0.44625053524542635 0.4270186476464155 0.4517765174624021 0.41460508134299434 0.44751350503477916 0.43166062220275997 0.4473524584117162 0.417273779276762 0.4071982215273422 0.39439724109666124 0.3328893384702259 0.3088355462909614 0.27743338852088084 0.2525335625087807 0.21571869059969107 0.20436698705712397 0.1980974285628578 0.17257483412286403 0.18383254151423498 0.1698360235575898 0.17181474317072323 0.1642259942286354 0.15627959950480635 0.15708422867525854 0.14463402394783967 0.13490428669616375 0.14162450289705258 0.1523416915754064 0.17078359933017814 0.19122744060421915 0.155034669552009 0.16927897043818843 0.18139345414954752 0.1603048329471965 0.15465770999150133 0.1561263721764317 0.1666080023883825 0.18923227912826157
0.48682614413437897 0.4673901064227212 0.4575208825142046 0.46030156416580087 0.4860496285307458 0.4636571500984663 0.43957713216600286 0.44804253358187063 0.4165482133765818 0.45715913262270524 0.45669666455089075 0.4357744322263268 0.40719445720893 0.38034707151561287 0.34855974133015405 0.33375932240461414 0.2907522850739298 0.2688867497340751 0.2774260115533542 0.20338525793575557 0.18559560828974386 0.15284521751631844 0.14709313128954943 0.17964031479355197 0.15584612136776882 0.1309280386077417 0.14134331177409995 0.1450541208650417 0.15661275030611385 0.1234467346267704 0.15325190494109042 0.12168208269669542 0.13636781867250802 0.17184635853004546 0.16314362364988302 0.15128962653831798 0.15877035811281107 0.15063975736595944 0.1679227389409598 0.14083064775498927 0.16019674423531283 0.18597333870405125 0.20656403540603852
0.5041911782752687 0.48128029665066757 0.4705449617104398 0.472247088074402 0.4600520717028978 0.4818995069938614 0.4740846212726291 0.45066537921302363 0.4354855579361986 0.4589680312436468 0.4260875172350245 0.4181289023995741 0.38877780430034375 0.3740196880226324 0.3444403392349864 0.30907881228945344 0.3089950187101813 0.283085334598238 0.2669180587774336 0.2266242560202088 0.19910107792100226 0.16043268190038937 0.1383337601741137 0.14443967056764984 0.1328160213278378 0.12056433289693062 0.11881204880719623 0.10616118731763698 0.11065041500641451 0.11241183004946412 0.13061537382850233 0.1313442486218542 0.10787370939080677 0.12410257386624125 0.1503119039305248 0.12308286120843513 0.13565739377896813 0.16188844874487732 0.17799013574390327 0.15910900258783503 0.18510667260158478 0.17775136720824733 0.1687894262123158
