Raster_benchmarking/DGGS/continuous/raster-17.asc
NCOLS 100
NROWS 100
XLLCORNER 1743160.4157030499
YLLCORNER 5469284.678830207
CELLSIZE 10
NODATA_VALUE -9999
[rows 76 to 94 of 100, columns 0 to 42 of 100]
0.7378021958815595 0.713580541472989 0.7525397428707823 0.77745588067568 0.8053234133794758 0.80819826333705 0.8337737300157659 0.8487052719127904 0.863553395513725 0.841242111665037 0.8328889416338033 0.7780061392847271 0.761618525973262 0.780544707260583 0.7749288768829189 0.7654991478676044 0.8091708329397207 0.8027962957554254 0.8067468906938036 0.8169957411521711 0.8139760002036632 0.7566533854379087 0.7160735986812864 0.7202893652173943 0.7171419391725355 0.7328150772013173 0.7143499436949567 0.6915033515508758 0.6748924631741159 0.6685675482257171 0.6576388408061313 0.6216995960006421 0.6072752078789934 0.6022346883565728 0.5681894565499763 0.584045609753824 0.5542377270025995 0.4903398914194602 0.4524736324645182 0.4438189431441314 0.42893412470461395 0.4135256691418199 0.41967698413102417
0.718863057749705 0.7088207302039984 0.7157457712503358 0.769489612149831 0.7817725788081628 0.8030316640261248 0.8625268900915333 0.8896919638456127 0.8713475296248264 0.8574003161140771 0.8142353555875479 0.8091681774072855 0.7899394920722196 0.7596574439281722 0.7614709854894117 0.7919778024847027 0.7955306015397486 0.7828840525808228 0.8222404725889173 0.8214860354266541 0.7941387289214845 0.7677916854928661 0.7116935733156555 0.7156169567391935 0.7084237452314317 0.6986348567326712 0.7060046539022867 0.6711275579864849 0.6664110501396185 0.6253468088596894 0.6159023941906216 0.5888470417195841 0.5845051985830588 0.5753866309222163 0.5400007073467368 0.5390216954264708 0.5462059303129136 0.4929795226598864 0.4154683478533261 0.3951856735849718 0.39364055313845475 0.41120104282109265 0.43406882577941924
0.7510396286036586 0.7295010880286692 0.742408065917317 0.7544638661525195 0.7813561406495739 0.8278442287712969 0.8506850119933409 0.8960397213666185 0.8620081354604383 0.8497888044450748 0.8490688524152499 0.8059520976367796 0.7968280551517187 0.7838976970702934 0.7721194396652876 0.7712129538438249 0.7650158973145748 0.771883420174321 0.8092092590070075 0.789808601802445 0.7983853547966635 0.7637266176967316 0.7056401187857789 0.6954737978520518 0.7304876278089955 0.7214648340606025 0.6845021035612533 0.6548644205407974 0.629122138312203 0.6074954582389929 0.5732668637275582 0.5695707210400346 0.5523018411006888 0.5557409354391085 0.5282464996398033 0.5394754445330883 0.5225386625517358 0.465845463526314 0.43030513697122824 0.3873666414293329 0.4037225923793174 0.4151674610515384 0.3911920591358843
0.7376963491681668 0.7183625211932179 0.7080012022918877 0.7478770161097825 0.8079806169713494 0.8471428089182457 0.8767255077474982 0.9059450710303727 0.8964620317816141 0.8648593432901356 0.8680521923461247 0.8081851710576324 0.7925493302679395 0.8099194625682943 0.7683274666532158 0.7898395141200948 0.7864172758504745 0.7656515562825741 0.7675032050979108 0.7620495024735295 0.7812399772474826 0.7574425466996219 0.7295494566872351 0.7017522049047856 0.7166808414916795 0.7297254406737989 0.6961372860484731 0.6541832484217459 0.6101769427407552 0.6051277775808293 0.5685131220839231 0.5728520001004986 0.52701698534883 0.5446154709926119 0.5481238590204945 0.5000953022007921 0.4770036361980774 0.4378390927059811 0.41635974485397825 0.4126778512312223 0.3774991149026434 0.4034069972434556 0.3952046647487316
0.7461455769194771 0.7496259534450637 0.7233931262493077 0.775117324915884 0.7991369315761446 0.8384342156163564 0.8746771565107143 0.8872101257286371 0.8786034613454614 0.8897587676826755 0.888515520636587 0.8303123473632927 0.8329949818060792 0.808886788466161 0.7842192176832496 0.7960728295877733 0.7991455892668465 0.787266323370645 0.7678377523026404 0.7681292550293584 0.7726884774165447 0.7644598098589002 0.7659282325630786 0.7531487849005931 0.7442065099005241 0.7167438220212868 0.6869505916808061 0.6617417063076254 0.6417902154266547 0.6089349896778694 0.5783248529284648 0.5368265192027992 0.5333198341908101 0.5227049723061264 0.4949613717640199 0.47004635018228036 0.4436905959305558 0.42068042752092827 0.402046669216245 0.4127583959035072 0.41575903657287894 0.3843225995089945 0.3655099458347944
0.776729295291562 0.7810141985692534 0.7497229537839398 0.8128383855242052 0.8505584596871398 0.8563437338182669 0.9060582511044758 0.877512698308504 0.8786120419082982 0.8981510463114927 0.9111681249029242 0.8476059007843261 0.8385876256560342 0.825380910134924 0.7983851904510068 0.8207240013479293 0.8317920227259594 0.8392890457201628 0.8140607821691452 0.7789035301991815 0.75218174584463 0.7665835645906803 0.7613535688835232 0.7435134013847782 0.7285646141698756 0.6749813424136266 0.6555676554480918 0.6246714031420714 0.624556916783686 0.5817710504958763 0.5579367494178545 0.5375425392331178 0.5432331636821105 0.5277854037728997 0.4827531770459998 0.4534800096161279 0.43683401899325475 0.41338754237282244 0.3854206173065231 0.40620626742011545 0.4008383830906505 0.3693465987685853 0.35332183609991924
0.7577449627525148 0.7954279034213175 0.8154703870406771 0.8230502378947073 0.8276334767577699 0.8563913686294355 0.8786128168923042 0.8970574737004969 0.9208129750142311 0.9239453867145746 0.9141846175881607 0.8769829335595666 0.8595500750945222 0.8309436960698546 0.8233339748051398 0.8255580790626855 0.8523400313187433 0.8381744366025505 0.8173522249521045 0.7936610754994465 0.756205217110908 0.7513605843862788 0.7552740160846872 0.7526237764207464 0.7359854942917088 0.6860781974619209 0.6261154707797769 0.6163262644526277 0.6126724947222427 0.5895198930630956 0.56263686043966 0.5429336449693524 0.5540827252685017 0.5444075476167504 0.49853367014336913 0.4713390050385347 0.47473993799321446 0.4459469492717931 0.4141227678474183 0.37909711988169226 0.36284754536440084 0.35917929990994735 0.35891117844195014
0.7959050896299568 0.7823361395830695 0.8136711417609606 0.8393026601737315 0.8579948249520036 0.8596519315755436 0.8952350665578129 0.899282830290136 0.8996518371633551 0.9311439389688801 0.950056010395894 0.8911133982336426 0.8697263407891414 0.872383660321682 0.9030280304254477 0.870388551881233 0.8248505812988787 0.8239606104837993 0.8041686349350867 0.7935439186023823 0.7683205873166941 0.7300233821222125 0.7532663559862508 0.7224010302108057 0.7092041100314846 0.67089468926229 0.6358772743822844 0.6223311504155514 0.5845264562695546 0.5569567354105807 0.5620295389348212 0.5593828998133699 0.5805199901029323 0.5324275577927351 0.5044178916470192 0.5044758241124152 0.4802159581139466 0.41216660823726087 0.3935599699917925 0.40259445982513914 0.39771937770599375 0.3883169275335762 0.3349888660425765
0.7868019111653567 0.80091251373829 0.823905567288626 0.8565593589675425 0.87647382970581 0.8925897859069234 0.9149376425816134 0.9152285434864561 0.9220964955015073 0.9328514273415528 0.9204341204480119 0.9100389227548928 0.8996862539090317 0.9061902597710454 0.8974787871538187 0.8497176592589963 0.810983270533426 0.8169316655410571 0.8183676653813035 0.800314945230341 0.7432433391288583 0.7281504745069748 0.7424145984397783 0.718999672138082 0.6830089958459843 0.6838576503476567 0.6358764476381795 0.6177309142588192 0.5788405652736255 0.5796554727993687 0.5645741976143381 0.5882157687519584 0.587628199398163 0.5305714805220971 0.48811607608835267 0.4764007149262933 0.46770978023107834 0.4119952389596071 0.3999306941027193 0.3927965800305922 0.41604649284146 0.37124139121095523 0.35252373680389854
0.790765041905732 0.8151191211084872 0.8746546085673068 0.9015757953839901 0.91455773070595 0.8814819629156401 0.8870654380148463 0.8874378547052204 0.8926991563984228 0.9077568981641371 0.9065345802702337 0.8996563153972005 0.9306878755963217 0.8973541998088718 0.9131011258270653 0.8606889710166407 0.8364184908185396 0.8467346169761283 0.8111130081261517 0.7831574923146505 0.7626406637349104 0.7679143539846117 0.7154965562709324 0.7237936678096251 0.7043810237600308 0.6985861277779428 0.6330672404696295 0.598158122324261 0.5974273228292715 0.5873616073947334 0.6187809561865086 0.5897402801691938 0.5642757400642715 0.5595615016727187 0.5318298415332932 0.5096241847960207 0.46258663577006043 0.4153103568035001 0.39499568316679745 0.42540534034802424 0.4130040239847915 0.37179022540436435 0.3290848528264865
0.8105571272141577 0.8494215747738786 0.8676620203264738 0.8884591718203859 0.9025276483566768 0.9080952580052882 0.9025356658776124 0.9187022804975179 0.9005211401720272 0.8951679358205864 0.9094148634947252 0.8945914994294746 0.9128934962250058 0.9302781931176767 0.9199961783361699 0.8966581831329737 0.8558241373594518 0.8481150037046058 0.819141144909171 0.8061761520007348 0.7788285165814788 0.783301570126316 0.7649658767244516 0.720608773324602 0.7083725875884578 0.712865017301446 0.6756103585724954 0.6213331686057414 0.5961115382598703 0.6124654747335364 0.6129757920055737 0.5751461635339825 0.583634080577494 0.549004497756307 0.5128154430250959 0.478676571110043 0.45101404745924273 0.46251874934887766 0.45249755423020593 0.4264082289206907 0.4005584207947923 0.39142332429592347 0.3415787689416456
0.8323894939272325 0.8356900688037875 0.9033794944080418 0.9174381071622525 0.9200915186314006 0.908508869163489 0.8942082816320285 0.9132862370098492 0.920270986061943 0.906302793085781 0.9026241315132559 0.893398822020187 0.906125223057366 0.91322535136568 0.8978783757280606 0.8574792526293785 0.8523129084896854 0.8398931153196763 0.8749456384526536 0.8561430010649455 0.8354749625207718 0.8108369133450319 0.7537858687315159 0.7391960521258849 0.7221146951665903 0.7084919381593482 0.7166504238758901 0.6505051825272302 0.6203586580107892 0.6153927825606097 0.611960006483148 0.601620420006301 0.5706049433409761 0.5284747405456484 0.5305875974956055 0.48000488793377194 0.4543240589228391 0.4523218470779054 0.4492975408824092 0.4534164382838821 0.432972324281342 0.39701694491237316 0.348619516344933
0.799776894415495 0.825349636542967 0.8580746789976164 0.8812228123225303 0.9059765571550499 0.8848146462189754 0.8793509217913067 0.8780831256676891 0.9244901204046498 0.9259630283515357 0.9291637961692715 0.9252144853131112 0.9163575208079059 0.8796922376181125 0.8938401107946261 0.862548578490789 0.8762437903398317 0.8689637641665314 0.8407700930516848 0.8459179904092464 0.8374796905207192 0.7883979278956148 0.7582117182602855 0.7414295677226798 0.7289982820628834 0.6869970823361228 0.6898489463034783 0.671646593933259 0.6608729447579 0.6079119289567275 0.5902418016585631 0.6040247418487934 0.5623557455321061 0.5327827445888114 0.5167775728237762 0.4823030377362379 0.4550271517267614 0.4685511298606841 0.4229525461086486 0.41525595765660156 0.4230681139117895 0.4033691182534872 0.4076878680420147
0.7504194435161754 0.7730508902252076 0.7874837321861653 0.8437867652072193 0.8809035576179551 0.8828916617127235 0.8982180113704079 0.8718804691965009 0.8830604962502192 0.9021423800187285 0.928836683234441 0.9210273268398179 0.907331493816163 0.8893077140775992 0.8478956544441804 0.8436060094713557 0.86912515310152 0.8274503448051485 0.8073908730819135 0.8035386773489416 0.7981232484433676 0.7594636321957212 0.7666320762809161 0.7449215954823474 0.6964640940335589 0.6906689665097506 0.6682302974228537 0.6811174947047739 0.686177010460873 0.6436466363760434 0.5838663532152444 0.5921850406033474 0.5763102584103369 0.5290591045908664 0.49826071166714103 0.4593206881808476 0.47188909542725027 0.4354302452975013 0.4340816122860188 0.4207201449090214 0.3883474247656466 0.41844089171431975 0.40560357817048226
0.7417845254028674 0.7584499103284245 0.7868051579947966 0.8116041884105867 0.8658810991859488 0.8905178404573207 0.8890269682761016 0.8748377310848092 0.9000061126421391 0.8929492218246835 0.8920735154783042 0.8860531191111384 0.910015708682685 0.8602792583615646 0.8587793523252643 0.8411805913687948 0.8539091722334369 0.8334464657271747 0.7886774651342104 0.7854694841147613 0.7808807543699493 0.7707315081055295 0.7293219707058098 0.7293212168749932 0.6965834275380905 0.6878317195245783 0.6762837565727643 0.6903514467360897 0.6449360556198597 0.6317456647113989 0.5747608880863555 0.5539599708314432 0.5485633451364553 0.5161380248549399 0.47200416343163765 0.46876331683755684 0.4301553675466671 0.41329750675968574 0.4024777899900324 0.3838930448822873 0.39126179419879303 0.39534169482029047 0.40756185174603826
0.6997693747101054 0.7217412647034552 0.7563204336240918 0.7993224913579672 0.8300100823727156 0.8450500873467858 0.8720274273188203 0.8803859758882677 0.880601122025656 0.8836195226448581 0.8773069892143122 0.8733143262492015 0.9073477041268821 0.8646823105015025 0.8684145360650458 0.8289863219348084 0.8352238003494511 0.8330777837753637 0.7929279570450619 0.7702537214332357 0.7758281579483558 0.7198219001945171 0.6822786878598521 0.6836224956490264 0.7058994829716918 0.6904764829726106 0.6975487931655631 0.6460978251646946 0.6330880612323853 0.6194622965191006 0.6012085665248194 0.5438414764016765 0.5128627777956477 0.5143965895601815 0.46283679996143856 0.45654996432428 0.41937609241485835 0.4158266031352863 0.3865249385962272 0.39217489652672527 0.38290052459090107 0.395000844047479 0.4110861080513744
0.6956058186058448 0.7092588816098003 0.7538439772036198 0.7774244043625896 0.8107951164754711 0.8408390212610746 0.8439175876891067 0.8424495049171556 0.8460279401577578 0.8697153493338671 0.8715378562692581 0.8963550260462191 0.8817482693167542 0.8735297501230106 0.8528576788345593 0.8365983956488146 0.8015365938431818 0.7850993128256756 0.7583441370460794 0.7550225046149085 0.7302007362809734 0.7217379543391131 0.6902525295339651 0.6961649232620346 0.686583132579922 0.6800514330108813 0.6838686254621499 0.6524280307583417 0.614385734677041 0.5620793486403152 0.5288964146613861 0.5129092258184766 0.501499995073319 0.48710148235040646 0.4617813306325089 0.4199681214763808 0.39269955252796407 0.3956320873533675 0.3812380667272485 0.3728948774948564 0.39308424979799406 0.3923044783317119 0.36523960902359787
0.6857368009231377 0.7041640709834545 0.7035500572429979 0.7247191647485 0.7801814535544072 0.7987260183688738 0.7902026085871768 0.7884678654731787 0.8161272367973578 0.8260418062531192 0.8486831991004925 0.8821041803282469 0.8721104334596465 0.8401602455809891 0.8549945923570466 0.835152353161237 0.8091649675338046 0.7378357638524106 0.7197312325220272 0.7124445281443991 0.7204623693612474 0.7319303547018516 0.7291317695395296 0.7104161644826771 0.6529193275387453 0.634184656341486 0.6148364575339399 0.6076218577770562 0.5806722233216278 0.5415031571978095 0.5109070671687609 0.5172109346670677 0.4880637776023924 0.465094957623316 0.4623382123451185 0.4268011151843814 0.399696727484115 0.3871708069720731 0.3589740286065024 0.35703482401506487 0.37101360392196375 0.3738511073329274 0.33844937556526267
0.7205556638340037 0.7237789885857918 0.7092175029316404 0.7175537835130842 0.7606807647565353 0.7743049958170689 0.7845395468073074 0.7673448456653353 0.7831862858358104 0.8017548352802947 0.8199900372054878 0.8426930851804871 0.8177589410459213 0.8378415396445634 0.8016983458698662 0.7854710018645621 0.7372214939447407 0.7277470420010312 0.7287664309724493 0.7101147048999118 0.7196310249188375 0.7304626967120963 0.7350477042499342 0.6992695704852027 0.7037630506420713 0.6704117088501832 0.6403524618379275 0.5860784948569885 0.595243819849738 0.5502916133468069 0.5000389730087913 0.5079745685480707 0.4605849082196902 0.427460478335528 0.4417685920092542 0.42022806161240267 0.4176848910476614 0.37406431230423287 0.39384397163366175 0.37814152941277734 0.37592145164269497 0.3486720606383057 0.3263791712872529
