Raster_benchmarking/DGGS/continuous/raster-299.asc
NCOLS 100
NROWS 100
XLLCORNER 1743149.6283134827
YLLCORNER 5469291.928272312
CELLSIZE 10
NODATA_VALUE -9999
[rows 38 to 56 of 100, columns 43 to 85 of 100]
0.6169939207006421 0.6633858284240199 0.6961869541705913 0.6551548749962233 0.6035433396901734 0.6055844164050597 0.5466752959390748 0.5395423979332916 0.499334329595967 0.4689655634275966 0.47093981013862873 0.47137862147942766 0.475264887178476 0.4657412661560337 0.4310142119151228 0.4209314526699018 0.40190199799630205 0.4068531838773983 0.35830173361965784 0.3682544558912747 0.3590659911404988 0.38394538866671946 0.38376926745253054 0.32939892303557583 0.2952616754025106 0.27801410912250135 0.20937894167287693 0.21520179521129285 0.24514306273248546 0.21275458484710247 0.2469749177573321 0.21105165324755568 0.15929613069164303 0.16436734924516874 0.14727473237491953 0.17316140579518885 0.1533723000970251 0.14737678164071166 0.1417168469911684 0.1564611909230279 0.14082377153547876 0.1670818455318795 0.18833144411186825
0.6291163921846065 0.6340702492426261 0.6419336054431903 0.6266480630081532 0.6089121597797701 0.5906104071518624 0.5692259108646206 0.5424846715426165 0.5328558580351387 0.5007403539970268 0.48004204038139503 0.4869042275447962 0.45745043357598875 0.448120979887825 0.4170172036718487 0.43592883043565617 0.42749365033621295 0.4293732187578141 0.3835540141293223 0.3695522770307655 0.38650324808898073 0.3718260082118982 0.3586240284158035 0.31662572798601796 0.32135649509175446 0.2849378266366883 0.24486531558942146 0.24241326774415287 0.2190517378509394 0.21863574407115724 0.19608269361666503 0.19777236924396452 0.17139927104547498 0.18091000101668347 0.18188604463395028 0.14986904920994337 0.15189753620539945 0.14503408796633882 0.14780863794904775 0.18749623601472432 0.1866269922360359 0.19591999701145035 0.22528651419439336
0.6284600503844675 0.6320598977193754 0.6666422954310453 0.6413727588988477 0.6230734695640563 0.620588062662365 0.599005228157961 0.5322348506100509 0.5127286804578051 0.5182394299497906 0.5029302167979993 0.4690614908918384 0.4497307939919929 0.4230861248480222 0.42677676675003806 0.43078346242887083 0.43639574881909987 0.43515302991503224 0.43614929408167413 0.3997964199866922 0.3970276360803742 0.37583059813671005 0.37160257396350715 0.34968596904097027 0.299236627138557 0.2996116108605209 0.25219875356487215 0.24092201492304988 0.19183903268067698 0.1961977583066684 0.16765225939885628 0.17360288022191506 0.16972103084653786 0.18392042212391507 0.19421674391525293 0.18242194205998094 0.18149944762491482 0.15787603948615825 0.186789234024596 0.18574852569223904 0.20267380288499204 0.1791190786097964 0.21038876987624464
0.6363413097696231 0.6617154540237389 0.6416026250959317 0.6404889689082054 0.6299789550773677 0.6250436889878844 0.5600725951081247 0.5365117652664811 0.5376494933665069 0.5138400794133723 0.46751659624059944 0.4652572880343236 0.44776346490288704 0.45625168888893586 0.45671261168816474 0.45475220134782707 0.43922996223704786 0.4422890978509343 0.4114547385324313 0.39071718422996443 0.39990000935709064 0.36573305703300224 0.37456806554652844 0.3621689985125098 0.3282591844862586 0.27676907684430735 0.22959870371529836 0.24024611795460663 0.2235203428237109 0.1911571090495492 0.16912152480391537 0.20151065386347006 0.16077881209006858 0.16536646202559996 0.1807965231107328 0.17884585736172018 0.17703221743750555 0.18606164562664232 0.1847561036100754 0.20692508362734635 0.211643340395096 0.18002248513293695 0.21002510146475067
0.6517957626474586 0.6666049535240173 0.648059376438295 0.6572681858708208 0.6323123828753113 0.5960668168704063 0.5554160578664451 0.5328827303011692 0.5329732061211419 0.49421041438495456 0.479224383528129 0.4803164244098938 0.4918850154390633 0.5034613791867389 0.4976097423612564 0.4859927143439688 0.4540682210935902 0.42253827360801177 0.41081013782286724 0.40782250594382197 0.38720525955855933 0.3611765127921714 0.3943111352756648 0.34649675278204667 0.32513191354811133 0.25852367929438297 0.23729054491405466 0.24456300642958015 0.26629383293105163 0.23217456349152182 0.207948435806171 0.2145446904577481 0.17004310456164823 0.2063585349104446 0.18853612277293982 0.17577523627461122 0.20576525944806812 0.17212627267237254 0.19717476252296529 0.20261564323039705 0.1888645399138907 0.1872683389135673 0.2073320606359081
0.6507596352174495 0.6466356783665873 0.6271299307697192 0.6232331129083045 0.6263417740223529 0.5819136037111623 0.5636338072832724 0.5283212154240483 0.5329910584219515 0.5074456879456669 0.509096800855265 0.4701946589338578 0.49983208619089187 0.49822747214079544 0.506380115918443 0.4895535457163666 0.4552482691205066 0.4596351828877807 0.415323110615118 0.3871756989563228 0.4007290554839146 0.3706088223454846 0.3488649684259736 0.32363952580778677 0.3153675465815073 0.2774752684849501 0.27599275755291025 0.2570152194032785 0.2559876252775162 0.23252953484283206 0.22065871062427236 0.22140217036646942 0.22633493102350424 0.22366031891827526 0.20497408420578683 0.20339746446952983 0.21303417283406523 0.1953838103544261 0.2304318597649294 0.21295476551949583 0.23030851443804748 0.2355546649854875 0.21097793997842584
0.6812933676390963 0.6606297669739547 0.6512540574577541 0.672985076619296 0.6402164799072979 0.6109691817053464 0.5428903964060146 0.527519712659017 0.5527695686258132 0.5206539352985742 0.5202790841435366 0.5078524043584034 0.4721971802798174 0.46844801706645767 0.4480692393624289 0.46315351570734214 0.47029346986739257 0.4682824576022059 0.418020480097457 0.40259708443323844 0.3647118612331884 0.37823038660975217 0.3296123998426873 0.3241622658189053 0.3268366001603807 0.29609965655632037 0.3092034845080804 0.26969355668560563 0.29103470935655357 0.26704023999711685 0.25665990848032516 0.24571340736524339 0.24874944774587993 0.2587981288154474 0.2264300234647657 0.20886320418559653 0.23562512902440272 0.253298444787476 0.23732249971601843 0.24065311332559688 0.2085861102789669 0.2503516311277268 0.24813170251334035
0.6977260650216357 0.672178855618763 0.6861458080779851 0.6911847520923606 0.6603738860167633 0.5934007844725078 0.5867745026390834 0.561424841889092 0.5773615624657552 0.5757988500110449 0.5398505365088282 0.528167160477015 0.505769167640014 0.46535863378007575 0.4446943340130715 0.4186367782567536 0.41763007765470855 0.4398010353092626 0.4075542622547868 0.4130988994681181 0.36298169269708996 0.3685214417809637 0.36100239253142447 0.3342266257499093 0.3199455837764281 0.3108206400232426 0.3124879826804334 0.29278139832512723 0.2901957732436352 0.27778049268244615 0.2944395319668095 0.3089266375136399 0.2840468692943222 0.31050968381854316 0.28075805744553317 0.26314843812888467 0.27979026350631514 0.2724054040854937 0.28027342532695243 0.2680007839182082 0.2651272508680731 0.260144457282777 0.22781446489816853
0.6871309172202659 0.7070553374185076 0.700590182604434 0.7014218576170757 0.6827819327512226 0.6370024375717396 0.5799059344338393 0.5936111684481502 0.5772676369930371 0.561531436091019 0.5757613214843533 0.5294530654873221 0.5173830965670705 0.4961318160059092 0.4293990251601549 0.39768928347717253 0.4180765739447915 0.4257939190143117 0.3940586822005649 0.4052969768428997 0.38177214848110014 0.3619836327714697 0.3536368160484793 0.33131979793928684 0.3180433948262763 0.35037018352651605 0.353067345822648 0.31412886929638717 0.3048984966836209 0.2942371594220057 0.34817914238177 0.32852242841281565 0.35760195390730326 0.33490963222329073 0.3242292010992955 0.27199423545901347 0.28554834468676193 0.2505440138278517 0.2636892831436579 0.26317315001245317 0.28726432327200785 0.2564318235931624 0.26190235789911065
0.6747179039002644 0.6937391660989232 0.6912728838535415 0.668693097362946 0.6358246756562751 0.6162174106330914 0.5995328980979492 0.611056120648459 0.5749181022447533 0.5734348792336506 0.5412383502983733 0.5586457415660757 0.5067667062565561 0.49817121731368824 0.4367259434565304 0.41480035125752907 0.40898847569230357 0.36737537583023644 0.37100898970349305 0.34812014204922426 0.35860979083508127 0.36895633858918075 0.34330633308442265 0.3273684760220133 0.29113191916582454 0.32629520856430777 0.31882457231579797 0.3495386938257296 0.3183341593506368 0.3087341087659099 0.3222029912603296 0.36018872893420245 0.3474198925566615 0.36277649048287897 0.3380651004316259 0.30628755982165917 0.26622370858257205 0.25103979883763533 0.26650561997064676 0.28502177466466416 0.29524816367299617 0.27025590441917374 0.23438854192396705
0.6411567076571963 0.6678945251114126 0.6585593140869627 0.6678936580728486 0.6565947868055338 0.6199132901111236 0.6303284528209532 0.6241793254300827 0.5857566481058021 0.5438479257868877 0.525832953142628 0.5303675158763382 0.5270839629657311 0.480252722619514 0.4800428615572591 0.42174096824188684 0.3824318464064835 0.3666330193328718 0.3452600155970726 0.3468240167749382 0.3532724149332621 0.34841697723926307 0.3221855729029263 0.30772928541978906 0.28691385117962853 0.32437943356167437 0.3241547075482366 0.34904489663878335 0.3285822758633225 0.33026113332338114 0.33758792772959473 0.34129285509599944 0.3608251357347307 0.3654024899677965 0.3533310737822865 0.335547021658775 0.2997235790268093 0.2709141812489777 0.2513584727347488 0.24982005551322536 0.25876718141355115 0.21844171296790726 0.22402741351972807
0.6607149050630626 0.650898371271385 0.6728211080663062 0.6737696864064336 0.6315830725289991 0.6242650649070052 0.6181195002495676 0.5930514494044407 0.5608157422235596 0.5640245909346203 0.5338015049159022 0.5320443751980017 0.5113490669382105 0.4865942092056132 0.46461026394903515 0.4372568489908253 0.4140529534435939 0.366728875851755 0.35040680791717077 0.31824302143691496 0.31794333249317874 0.3263936746694753 0.3010751189338879 0.2723206482119038 0.25594097902744223 0.28307719454125435 0.31598574333872653 0.3338506420649989 0.31098988638115954 0.28714917594341505 0.32237658433813426 0.29863198718273 0.3170970750574395 0.3293200633073012 0.3529309563266028 0.32064181671470593 0.3088398909259403 0.26774490982684135 0.25949720777160823 0.23055731074217548 0.2279527097680972 0.21438230331135186 0.1820519752178084
0.6371828705950003 0.6780747787467185 0.6906561660991722 0.6817363121813329 0.6531310256634486 0.6212695516113883 0.646538242691931 0.6159142276143548 0.5952358318237975 0.5450024120732067 0.5232929626433918 0.49327189723978265 0.4569108978314738 0.45109078910162625 0.45548012046842984 0.4189041815881386 0.37473457132914945 0.3745388234061169 0.33605406129302856 0.328870250117053 0.33438471444578505 0.34286237905546324 0.2784844968553915 0.2588423182916003 0.2477303443766813 0.29455446966924226 0.29281265660150474 0.29135030266433554 0.29508434507409875 0.28115509925686194 0.2781318056980757 0.30859056608211743 0.31157426609346006 0.309799378133054 0.34976945356118444 0.3280812628430551 0.27239798194098774 0.2509655733989545 0.25836721849738487 0.23359300546439962 0.1904550105587176 0.1765297818142432 0.18275005940189298
0.6654616335780444 0.6568415037188706 0.6656427440201603 0.6290332100375596 0.6420362880788795 0.6127266508561299 0.6438664261594991 0.6011824099197038 0.5754801221689816 0.5389185625319202 0.5212774401421013 0.4934197629806911 0.44613183056838235 0.45071179587589505 0.42933705008089074 0.4022675167349636 0.38768867728175543 0.36326953963257536 0.3373174980735425 0.33139781985382716 0.31851544033200335 0.3391507238177154 0.31355940705801344 0.2649526132007552 0.25735472759622174 0.285434478321748 0.2864419888966811 0.2881457759779504 0.30130312772311324 0.2745991322645341 0.29173120156582916 0.27466596100291346 0.28439749460839386 0.3126931117736531 0.31735982167612103 0.2829980415973289 0.25584670600510023 0.28585153974485955 0.2575474776686217 0.23137900202124345 0.21113993210840984 0.20672814744941814 0.19870270147718963
0.6413380400392823 0.6468846753796816 0.6154411468169119 0.594996340457053 0.6108735801039517 0.5904247566796287 0.6233052616392349 0.5735031185227539 0.5327895089263623 0.4879870028718396 0.4837485709094775 0.4590008803956777 0.4329154089422759 0.4624854346063561 0.4381781890303308 0.40569569554132834 0.3374165530353102 0.3657270737408005 0.35840564712549705 0.34049799076350207 0.3439422478009157 0.34197711367070954 0.34072617823019724 0.3003642777408266 0.2781247834167939 0.2929171190251088 0.2896798625770228 0.2939197089124915 0.26473750183270656 0.28371395301851365 0.26416934479337534 0.30786461581234453 0.3065129650884549 0.3113242979940338 0.3040730255025831 0.2649760337166432 0.26744312094832406 0.2875746285753865 0.2705883322574367 0.2528004135162824 0.21777023210184013 0.21795710811602936 0.2456538593457848
0.6165733039128559 0.6443315108402711 0.6188289427537811 0.6039827898565922 0.5916090179294148 0.5894862736001061 0.5755603377943121 0.547049541179145 0.5020336407818319 0.47173687090267785 0.4425734165210179 0.4554249488418138 0.4444850290661655 0.43755779204420286 0.4120962787065297 0.38739379502446564 0.3732927159665485 0.33737840064172153 0.33751016958662006 0.3122876262482332 0.3254145853564847 0.31903991125334 0.31570255292062926 0.31390325212052783 0.2879061073269663 0.27623609737734084 0.26074827567087744 0.26906405273477785 0.27851274719014063 0.2858487341365764 0.29963722131668 0.30899641032540465 0.30888231313752174 0.2945921989062035 0.2839300809397208 0.26671159173016373 0.2898476269023167 0.25039922686438787 0.26886295417386746 0.246040745949518 0.22097789189723138 0.248817258982846 0.2473552347822713
0.5977379427371691 0.6446549104514133 0.6534495200259828 0.6081482247817247 0.5839288522664968 0.606092750256702 0.6056237121823306 0.5650984506722261 0.5093295393222103 0.4853625826497322 0.44403190694554356 0.44911534363247535 0.3908145807760124 0.40708238081678083 0.4123112507616522 0.3957017242468694 0.3631847378134291 0.35510482376773095 0.30274550717358895 0.303945723166673 0.29883555299231146 0.3294706150928245 0.33089987365705753 0.33074062004318616 0.33110784005061217 0.2740959212508353 0.2733910574452144 0.29681674461356156 0.30616541514357976 0.32303905488741846 0.3401971475851397 0.33557425012366193 0.3228416667568673 0.2935342821600767 0.29502974128495446 0.2707803546722834 0.2948363446588005 0.27849846194044503 0.22458269341236548 0.21222882923480768 0.1984726429424672 0.2108675243209123 0.23995503679289115
0.6121542214876609 0.6338992530520118 0.6316367278255073 0.5835157051302251 0.576493383505954 0.5735527149171677 0.5898846795576113 0.5496356248747998 0.5094509734317562 0.4887572722249033 0.4518001803873812 0.42115012587035 0.4246032281720854 0.40258704004735735 0.3741418242641424 0.36426431326111486 0.3670066230412995 0.32397176037102393 0.33038743821000743 0.3231394872628617 0.3343838487698148 0.32828177061245317 0.344746280229327 0.3388549330958472 0.3388661829975169 0.30893280760766045 0.2875365931832132 0.32312088891187346 0.314090228086165 0.3185153337817885 0.31488149167060403 0.3245184617479886 0.3171919424502857 0.3010504126969251 0.31198672136709604 0.31156414089500256 0.2813759356613072 0.28353797660744673 0.24332249936695874 0.2542268353591851 0.22169851213910058 0.212746255392821 0.23641635001965272
0.627344340455847 0.5998365123611733 0.588966860246517 0.6054305812454013 0.5724838983128739 0.5459264204993832 0.5516720918257624 0.5097968036955515 0.4926490772233916 0.46835617590000833 0.42594770990956005 0.43889313492763665 0.4221142961755095 0.39411590105731853 0.38005675007727396 0.38687383391522867 0.34448324304716 0.3258540305285684 0.34025052822658325 0.32094948376452703 0.324571131795209 0.32351680506978203 0.3160471821990628 0.3354490932822584 0.3117211502629119 0.3072904525024364 0.31580249522923676 0.33016354664432596 0.35629609764080755 0.3385738257516593 0.30887090160503927 0.3147337157435564 0.32130791561909916 0.3209058441113458 0.3323890058174351 0.3170421791716706 0.2802287497664432 0.27561921731393685 0.2690029836296131 0.2473174396226568 0.22996450796620238 0.2559833410212468 0.2634715044658456
