Raster_benchmarking/DGGS/continuous/raster-357.asc
NCOLS 100
NROWS 100
XLLCORNER 1743154.719143277
YLLCORNER 5469294.228421528
CELLSIZE 10
NODATA_VALUE -9999
[rows 57 to 75 of 100, columns 43 to 85 of 100]
0.5640397156934662 0.5853476024185582 0.5488032229497518 0.5608940732945913 0.5757415269457276 0.6072129874297715 0.6529695695150008 0.6430418675923205 0.6739498107606168 0.6617082471006224 0.6181453307498322 0.6453259257760147 0.6390516204612352 0.6287997265063875 0.6149040735878264 0.6031633361303529 0.6437519679774685 0.5996296959153959 0.5941987488680062 0.5545751828423142 0.5523324404500556 0.558643085276875 0.6045755622104559 0.5711016455186285 0.5805348966683455 0.5638129725843872 0.5734441408432468 0.5028711772797246 0.4554261638718998 0.42260868160480347 0.3875752404058564 0.39048380927314724 0.3894842311765448 0.3529087866935456 0.379173305806076 0.34790398161478403 0.3098804103951572 0.339261106055986 0.35739435406624165 0.314538121650106 0.33928446620051944 0.29942578931206704 0.2855257304861118
0.600788669712474 0.5905656551490043 0.5611201170154066 0.551504917305231 0.5765051905089443 0.5956912676549934 0.6264311819936461 0.6260927259801028 0.6368301520880678 0.624342736174104 0.624252289426031 0.6310521542254313 0.6204438964381367 0.6365408927298994 0.6548470843219738 0.6154044327215473 0.6197359787659557 0.6301897259824806 0.5961559031026349 0.5907957221890322 0.5733288252575799 0.5450503787846385 0.5912425313882791 0.5807736799146772 0.5757792916922428 0.5769563226692012 0.5563420353090902 0.5189904246032038 0.5031083548494371 0.4544289110749689 0.4071846022606753 0.3878310705599332 0.37516153080632986 0.35792697831841586 0.3363458064557938 0.3143094846383108 0.30091779457586726 0.3200853776324163 0.3448521602603946 0.3375434569152557 0.3681405059027419 0.3547019885440666 0.3108795454152395
0.5891314995676762 0.5649449639175552 0.5868070195494662 0.5776546590263545 0.5666224957973229 0.6097413560931081 0.6151479661802495 0.6187265853472836 0.6152760036642386 0.6170999277335257 0.6298598447528582 0.6578240530172484 0.6697006196496491 0.6568850015668211 0.6591650505579048 0.6517213561244789 0.6121099576044734 0.6036584093935022 0.6190095470365212 0.5612066196225881 0.5520530012210759 0.5461658307106094 0.5540130647039677 0.5404451149968617 0.5562934249357866 0.576045921731757 0.6059360780540062 0.5443411271614514 0.49513784677519823 0.45966825081163526 0.39085642051702785 0.39335678916075595 0.3563692765727548 0.3771640286804757 0.3153502444991489 0.3246213943648594 0.32120541313265 0.3434032828602018 0.3339389976332494 0.3592781338253055 0.37953097528345303 0.35361089450848915 0.3559300687302915
0.5673011526798634 0.5684165561324992 0.558187023335485 0.5665760015950257 0.5679560301532309 0.6194801420385035 0.6136313593698903 0.6324983807622744 0.6169742052935503 0.636495514353315 0.6426657232868512 0.6323404983334305 0.6294210959265595 0.6441422430426799 0.6511448760331875 0.660346243575124 0.6462619218692507 0.599046598273487 0.6022926444534051 0.5701042374925155 0.5687784775923894 0.5647565452625507 0.5385286961663993 0.5485591243027935 0.5569374653562879 0.5889562629092809 0.5846239937784458 0.5174528871912506 0.47547478081344086 0.44252629102982194 0.4138442646510658 0.38567520646731274 0.4074242344519806 0.3917556642163079 0.33233297434588827 0.32018083099950045 0.31361046577240015 0.3194225701059048 0.3312680738011719 0.36664039745945426 0.36180944769855544 0.34706335713387787 0.3589776530165245
0.5101616572323069 0.5371444492350325 0.5415998956766644 0.5921382716168099 0.6036119442576462 0.6140810547630671 0.629972497869919 0.6351007648197446 0.6273232960890961 0.6614810478260347 0.6362812220146069 0.6570881600299516 0.6552283790429284 0.6409095001152719 0.6477686816973405 0.6247280446283189 0.6322629505863652 0.6351701553324043 0.6001561263669386 0.5865344481665618 0.575572732343155 0.5336004781976456 0.5350754483541962 0.5531716957857251 0.5528007155016492 0.5470442008152628 0.5521151240686436 0.4897239832599867 0.48943200069710885 0.42932703648860404 0.4171905285034038 0.41538802854806944 0.43224201942804025 0.4167020132522582 0.3755156570478254 0.33191705855706255 0.3318209716159523 0.31194522520552304 0.33709308533211196 0.33420618006779396 0.34355837035044445 0.33942898572546076 0.3205033059584271
0.5041533170975658 0.5126997260529481 0.5321548714519051 0.605592799252098 0.6003157546629814 0.6292797192984317 0.6167274637443247 0.6302078068170087 0.6729064876561335 0.6787494194815756 0.6504414518051557 0.6558220281878094 0.6888999858839187 0.6761643458133021 0.6496516488723327 0.6255954976002793 0.6418739520359216 0.6215588415113674 0.6152025155111588 0.5892272799864599 0.5859498954520924 0.54962396102184 0.5124384534851981 0.5182363996911765 0.5667900996254267 0.5750489223537956 0.5663455804184154 0.4966410775533723 0.4569728676349038 0.4556624560733218 0.45283285437441856 0.43089196490903564 0.4427458123773704 0.4388359842315194 0.39446972864576924 0.35874221910056664 0.33431657546389615 0.3348311922165287 0.311664567933159 0.33557778533250343 0.3448457229565437 0.30272062071515027 0.325507415814206
0.49384710288211975 0.5138519206389546 0.5627395270279301 0.619048914440335 0.6371437469891764 0.6430315304021392 0.6728760912266362 0.677359695215321 0.6792504098788879 0.6877309639552831 0.6827012583174314 0.6974484022326487 0.7022336569438223 0.6559040780707465 0.64586897025051 0.6516944915170221 0.6126383826342869 0.6004572637906124 0.6153809802149004 0.5975843457765029 0.5666899109267248 0.5474258326013772 0.5393689303657175 0.5380791952764049 0.530146464263999 0.5542648447955747 0.5726588367827425 0.5336721685089024 0.468908188497044 0.48653315647826856 0.4652528566706451 0.44369787809266015 0.43925564055898036 0.43103734463987625 0.4179958367674999 0.39932499865644205 0.3913528073809427 0.33376959750443935 0.3131469519217684 0.31316585567134014 0.3300710933627513 0.28851451052844923 0.2910830526679266
0.501055541776305 0.5385204941595769 0.5594701207241963 0.6090896269120581 0.6328603293709516 0.6576623330320114 0.6737033474148875 0.6733446226550971 0.6797372733942284 0.7063845924056886 0.6941788925300569 0.7233926559941417 0.6992373155498067 0.670923568568963 0.6755520003763614 0.641884359386523 0.6194027396124432 0.6404302636810608 0.6362143366716099 0.5970611909729264 0.5860054159070411 0.5594016262210646 0.54771663252557 0.5351175561454318 0.5196211793177954 0.5355463288883542 0.5416997670485048 0.5120655268412218 0.4851749307044456 0.47371677490840663 0.46758253085917734 0.4449750239522333 0.4536543280604172 0.4066839028373704 0.3820864691799577 0.371965076927644 0.34906802760423916 0.34293253282011293 0.3557608077799656 0.35388491019476165 0.3249348710103859 0.3180117435782221 0.33478227213019457
0.5393080676531479 0.5473642527035523 0.5875379796095354 0.5849607256661817 0.62955455285978 0.6392049261933336 0.7022495737684316 0.6913764072132503 0.7140272920813111 0.7063126910174822 0.7301358284698409 0.7150563014457905 0.6839119659128509 0.6942945836846762 0.6665404089336059 0.6524253320265428 0.6644622215691123 0.6493837377947674 0.6531219059252623 0.6331313133264406 0.6007009866599328 0.5952002720122144 0.5771034207447462 0.5537413145743799 0.5594664119791236 0.5159114008910539 0.48517762713140145 0.5061593092845734 0.4984947688605234 0.48918524632819765 0.48106796511754824 0.4501840998733724 0.4337249023362146 0.39011620444126477 0.37599490656968165 0.36421079146307983 0.3680284507765295 0.34129177639770897 0.3498118507886464 0.3447761950499037 0.3267909368019036 0.33868132287371744 0.3795428037678191
0.518693494089864 0.5469371423045551 0.5578801644950646 0.5918484241619493 0.6027246631287219 0.62373848986195 0.6735635449524503 0.6875848821029168 0.7019887867014923 0.6819758175922465 0.7062858022027534 0.7076455599570367 0.6696454079872054 0.6780517734951894 0.6923989936871745 0.6624961852787955 0.6545794309239812 0.6350325394214135 0.6165159393100483 0.6013045466722922 0.6038534535917792 0.6035752611960729 0.6037081854544949 0.5787016761264344 0.5289491236181503 0.4881314020869192 0.502079252694792 0.48434876803519594 0.4551075754840606 0.42759203286026215 0.43009168090604916 0.4102838891887776 0.40509802415606566 0.3849754719380409 0.3517887444390303 0.36459616256320204 0.34432731245597475 0.3581363270237042 0.3196498861646223 0.3306956806579148 0.3494979129783476 0.3904800516030259 0.3743728231927629
0.5115647085146231 0.5314042526841934 0.5682981311649233 0.5560571464519253 0.5877676648695704 0.6395197100463019 0.6693342345882802 0.6665997375610528 0.6709288056042356 0.6739814348540746 0.6810363341022341 0.6766061158236849 0.6651932357371239 0.6627023960086127 0.673134758631611 0.6491903737850669 0.6162965422018035 0.606181232838444 0.625406574027002 0.6063323134645282 0.5704709710105348 0.6096247609948766 0.598106642480208 0.5554538615162222 0.5293604119840111 0.47060434061606676 0.46250597367370955 0.45987891367469114 0.443234936466343 0.41038328751759057 0.3827747555171985 0.3933304807728089 0.3917230802944951 0.3750334101540362 0.34429444746178245 0.3439278051264436 0.3171336875676946 0.3518643325074679 0.3198149750181262 0.357245087531633 0.36931323507276936 0.3820051672186421 0.416340643867797
0.46623313237665853 0.5341848143211757 0.5245420498619809 0.5688642349527773 0.5827356276986425 0.6171140898784054 0.6617637387209898 0.6809127783539776 0.6555545784493545 0.6483989625846087 0.6514563392542133 0.6309022999504308 0.6270719710307531 0.6504022035475968 0.6347973249786084 0.6249643662436256 0.6244982616066523 0.6114727242888561 0.6001236206919403 0.5910225366939029 0.6025481354475463 0.5897345253634064 0.5745497544098606 0.537625137165582 0.5237797782148398 0.4992017167619391 0.44941564955044494 0.47535180952332035 0.4278997187850156 0.414680916746522 0.41440908655735365 0.3722151322841525 0.37353151368341425 0.36291746716190737 0.3583155566427832 0.3569950454658398 0.3544385248674048 0.3505129059919224 0.3649806562421364 0.38563772036475036 0.3835539329114194 0.3758241793803105 0.3831823902558132
0.4657624040694001 0.4836325933781871 0.5146353406805523 0.5464054550601133 0.6221684621525374 0.6213198938958945 0.6505015868491643 0.6234862406328395 0.657491804505928 0.6196627309861729 0.6166275172832233 0.6338995684643111 0.6546553473263094 0.6431277314244944 0.5816417100915106 0.5974063447092182 0.5736929452091921 0.5773328160181225 0.563472056553948 0.574361116061935 0.5816534882370132 0.5766283380336026 0.5527816784376476 0.5545717294311753 0.5505432260282607 0.5103997439894441 0.4534398036739345 0.4559645296466591 0.44759579279196543 0.430186666836325 0.39345947987239754 0.3950362171900206 0.3959266209490488 0.3942165138155632 0.4016356729855216 0.3687882741967299 0.3490454764830369 0.3599420594201792 0.40912398211581036 0.40519957032528053 0.4122026103814098 0.39419824890814203 0.3881021358873755
0.4858145356192544 0.5111960145560757 0.525816285123134 0.5398348546450674 0.5765003566537956 0.6014451916349074 0.5985894792972573 0.5967516425396373 0.6158652311407938 0.6266735488571786 0.6144966206707656 0.6552189772051118 0.6578313705669698 0.6126299447956237 0.5675644885160076 0.5662234779676045 0.5727721470578474 0.569156690271188 0.5561578278300611 0.5767105553949888 0.5497793279810977 0.5370860403401686 0.5620240813847952 0.5668425951829194 0.5407031505203482 0.49117261605870427 0.4577263943890238 0.4531643412036793 0.46039462695932504 0.43042527279707893 0.4007303068067087 0.40508171760437617 0.4296059553248826 0.4305722838890508 0.411750440971312 0.35746571839059654 0.3752151992886929 0.3570049773352749 0.404049812769548 0.3860866276500071 0.415613747623918 0.40333717025350246 0.39391836896300786
0.5173149821181908 0.5072109771436272 0.5418497555330355 0.5312527767347712 0.5271223502043912 0.5588366641602661 0.5688710595251462 0.591761698364088 0.5854819354745613 0.5900925767970651 0.6270733747140351 0.634564202863165 0.6380665922565183 0.6172568874516068 0.5810141277382597 0.5577323025130801 0.5559473951176149 0.5301741262122797 0.5397497473882803 0.5692639846732295 0.5454534684497805 0.5466593105964181 0.5515473105891749 0.5302172379642527 0.5334684597332342 0.5177123592338232 0.4790582240969737 0.4746029827358838 0.4402585913622703 0.4446826899434849 0.44215994049344426 0.40788629268306953 0.4348475732346216 0.4050478241910763 0.4106921775591054 0.3718912242938803 0.35405265132197633 0.38282243531254223 0.40410058670289883 0.39536236883191395 0.4039901517160685 0.4049805377461439 0.3479018339110207
0.48332530306379234 0.5295797570254405 0.5297692299294028 0.5365605849814223 0.5224642788273866 0.5297879558700737 0.5483800766117283 0.5863299561058096 0.5933117354805045 0.6045461510550213 0.6078341848359171 0.5878097752102799 0.6015204556853933 0.5779015014588852 0.5612558359016154 0.5640164469483039 0.5186072811498692 0.49680760981251865 0.48666689974342614 0.5342899576967067 0.5444995919950938 0.5205450821002564 0.5166225911193247 0.54702825175398 0.5109976666582807 0.5001988908555154 0.5119002691696916 0.4727323497415357 0.47795730232446126 0.4516774848916286 0.432221110613733 0.4265337017855497 0.41687456363539604 0.4293668994755589 0.41735814676900795 0.4235231111080853 0.36985953214156153 0.37485086879685925 0.38729611894112365 0.37297860037807695 0.387122092022058 0.39217017011220584 0.3749929424702028
0.4899359562421772 0.5023177394421894 0.5286668496941905 0.495652784614403 0.5016310817605681 0.5171715283803651 0.5601866330009633 0.5434366043006716 0.5622418202276234 0.5587967164200005 0.598665954934813 0.5966611530179659 0.5536024076694942 0.5611655497372017 0.5651100100088785 0.5539302731873736 0.49354103720142795 0.45975263641252695 0.4634579386567627 0.4821659850639315 0.5001544754503375 0.512048618024194 0.5206362006804417 0.5358468537486244 0.513858361773693 0.5090377039485008 0.5075312840225755 0.49020047094258085 0.48739900563990535 0.4567729573126091 0.4302709752337868 0.4167705342434748 0.4371553475224294 0.4232149682245647 0.46948414796283755 0.43602260780298346 0.410321370992725 0.3540074588148021 0.36614961703272814 0.36730370150046 0.4043813005225266 0.4014880295549514 0.4047871041197794
0.511048457921408 0.5026170816628168 0.5070539683738162 0.5032075916641364 0.49739847094407397 0.49410554908540316 0.541453505968439 0.5562137073641068 0.5291803056701307 0.5529063266099089 0.5368273464278804 0.5528715852177922 0.5639111893723006 0.5665641768727192 0.5436098891751779 0.5338830846912025 0.5007476569269039 0.46524236423517695 0.48790391051872056 0.47067824685321186 0.502015953966673 0.49632485312395375 0.5296415559590251 0.5266088999734893 0.4890702138260768 0.4739654002394448 0.4646806598121554 0.5063499354786081 0.4696170367910338 0.4497358065827497 0.42850806954205856 0.43800242485710156 0.4416312292122527 0.4463488535384476 0.4584398020290396 0.42922210988841725 0.3683445018453414 0.34913444741274596 0.378163448819088 0.35577797127728455 0.36647141868390015 0.36698128298847876 0.3733262817632192
0.4761067389592775 0.4839033253382915 0.47319677926274384 0.4917700174773895 0.46207862619956863 0.511111898363009 0.5493824641890688 0.5316445593257502 0.5299178414154971 0.5372176330137761 0.5174620204135185 0.5355238399805702 0.5312993269306746 0.5118933423021822 0.5406184582278278 0.5059325831265146 0.48998007288741613 0.45890527218537686 0.4646669680923596 0.4773643357855976 0.5095586168863695 0.49460474109620484 0.5127268843970653 0.5137274308616332 0.4831042619007187 0.46500160982119665 0.46508348301264535 0.4722707963460648 0.46964812297249103 0.45474287020549464 0.4668721723062212 0.4479774496365656 0.4124574059614291 0.45090749907457 0.47356048007282386 0.4306553228980279 0.3578179989073683 0.34505507180638106 0.3521464437764547 0.357128056259157 0.3566912476732736 0.38377902756538024 0.39798333015130666
