Raster_benchmarking/DGGS/continuous/raster-306.asc
NCOLS 100
NROWS 100
XLLCORNER 1743168.5273816274
YLLCORNER 5469287.907603865
CELLSIZE 10
NODATA_VALUE -9999
[rows 76 to 94 of 100, columns 0 to 42 of 100]
0.9306861599230394 0.8938028938281608 0.8808466785388686 0.8406653790037424 0.8473068226701367 0.8572978654456543 0.8647773266182271 0.8214512853871294 0.8125436097629678 0.8046727109615587 0.8132095346731434 0.764949295510556 0.7445788261280173 0.7164026961712366 0.7397786756589713 0.7396792751129657 0.7174471393976168 0.7087224339234868 0.7214740350218523 0.7266624015470639 0.7204392192650957 0.6752972086217252 0.640507277680076 0.6467119916675399 0.6091032747889222 0.6068743356624977 0.550141491539428 0.5145711638314568 0.4956118823011342 0.4588264823300616 0.4592373862335482 0.41856650660124456 0.39911230114619295 0.4052570687553242 0.4269132629686379 0.43171230796260696 0.43219184235974395 0.47399052209688297 0.4479551211825044 0.42888967415349627 0.39355268349151346 0.3807625700256026 0.35647893874248043
0.9162506692135687 0.8839750024756986 0.8486576096124168 0.847976953550424 0.8362884400185288 0.8280244327871469 0.8543590173904689 0.8270255398732681 0.8233594453790862 0.7988042325413709 0.8205367363443065 0.7657707108145229 0.7362552761243951 0.7517663332406673 0.7535460344274999 0.737741365812909 0.7260296769870397 0.7232521412636301 0.7365350335894116 0.7189162256074427 0.67441256625108 0.6426459711187504 0.6693861252864904 0.6471668841286525 0.6267390306349704 0.5703068144306193 0.5354517359974057 0.5108783016028551 0.4863639423600742 0.4436611419120505 0.416582571032677 0.4380883098004324 0.3968867876363375 0.4271627149277024 0.4459340181647865 0.4516007218032765 0.47809646550116774 0.4672487205162552 0.4564206575774865 0.4295694999908274 0.37745871135632836 0.3985188039304883 0.3725742218798952
0.9106004846283824 0.8694600165459268 0.8836596109712638 0.8638691182257555 0.8649269768156775 0.8286710107170174 0.8321917410692108 0.8042027115412705 0.8286176454521396 0.8170191746195712 0.8058214128449384 0.798465778119874 0.7922956888524101 0.793937953999547 0.7647477772750487 0.7802670668265508 0.7649120983971669 0.7555527952580564 0.7385248676609462 0.6773482545217889 0.6370442090628682 0.6373121498567411 0.6174141790491623 0.6204628907993507 0.5879937264013217 0.5591752373156613 0.48416753268358387 0.47882887163059795 0.4705512417143773 0.4508690145727398 0.42995412109017583 0.4260156049023811 0.39178141316334003 0.41184821476717454 0.46176367059223217 0.469291564562395 0.4886332774796562 0.4481785934460107 0.41306526618298617 0.397502461140289 0.38596228302238345 0.36142603202654133 0.3790200089994251
0.8871833558718304 0.8981287680266965 0.865887262217689 0.8743819995977157 0.870424929716829 0.8201418675055229 0.8163399701063392 0.7918678414926662 0.7699372146405372 0.7998172952252006 0.8187488841567916 0.8053299596410766 0.8304847006768132 0.8338918711608374 0.8283255220153027 0.787718937274876 0.7528675159579127 0.7321459887646038 0.725644403589395 0.6459394444260129 0.6352215823767994 0.6205430943883328 0.5724577185417813 0.5485758109063914 0.5267421668895191 0.48836461482558663 0.445201289885282 0.4398117932340667 0.4257281213037677 0.41370836757891233 0.3888497176548262 0.4192651096526544 0.4309949749628619 0.4405093872167379 0.43611133594349605 0.4551602154492151 0.4834125233970236 0.4405463387271544 0.40441858905510536 0.4126994466777562 0.42923320434411616 0.4039921089582485 0.3563067446833205
0.9075710350803061 0.8936006293197397 0.9056249184858857 0.8987148782043154 0.8777633596348584 0.8655884784506966 0.8474997639769035 0.8115958818304781 0.7768432478666046 0.7988866716521221 0.7779161269742783 0.7965361037672865 0.8244815830328956 0.808461816090011 0.7817539888833703 0.7489803780235302 0.7446405944233802 0.6932787892455923 0.6869761010000078 0.6391921613408619 0.6090481031048809 0.6012485112516261 0.5713900419313767 0.5460781427105273 0.49704472425922064 0.48435714522644224 0.45435355960720664 0.4277466388799708 0.3958422116575043 0.40052673491360674 0.3940694545015803 0.4047175956993059 0.3789167656407714 0.4093669555938916 0.3980385374153395 0.42979948071289886 0.46197863207290935 0.42227173066950013 0.4128053279715887 0.3862389652058456 0.3789665339751786 0.3988381957671945 0.39277158245430116
0.8766042478543633 0.8906611852051505 0.9087817393348879 0.8848537935654857 0.8775748709585742 0.8778512099553503 0.8250639553520823 0.8043571212324345 0.8100511721699758 0.8296129755909215 0.7904990214342695 0.805581709876798 0.8245888118665159 0.8367012267961617 0.8063901561507274 0.7609495244858311 0.6864548561024195 0.6496151052216735 0.6708761951679839 0.6367664077841095 0.6284422141567537 0.5804974150336105 0.5735309249103572 0.5103561571816158 0.4797500446733623 0.4468200953911781 0.43156430608932306 0.3834211311781135 0.3816151748676451 0.37582414452705315 0.36014042920961803 0.3901005841760233 0.34277549110663535 0.3764904302201714 0.3927938053869246 0.4024592871935783 0.4393545272056586 0.4357905951006257 0.40029654462791164 0.3542877191709767 0.36750640473372925 0.39112479072665607 0.36248151078609436
0.8847228485652372 0.8820307019228513 0.9002415100026604 0.8858969908640753 0.9121675512844823 0.8843142060236399 0.8350058416495578 0.8465384550950248 0.8418866604953927 0.8456818042351855 0.8040174024419859 0.7891188211913883 0.7985500402898218 0.8121751777470797 0.755708600627089 0.7142986547338398 0.6802290652029203 0.6370311944292573 0.624615881509903 0.6088738008184337 0.5719572590958019 0.5406447150655249 0.527112441990944 0.5269079763203193 0.4871488641790112 0.45791478046609446 0.4421478050240239 0.3829367137434704 0.36945262446036625 0.3939018166748647 0.3766510008063721 0.3708809311786918 0.3349023304328078 0.34452629602125256 0.3766753698329278 0.4045185901487156 0.4256558748930742 0.40212823682481347 0.40085684275702094 0.366182831638135 0.33972924561365053 0.3694882720546516 0.36837469397718253
0.8650907930108633 0.8378043636813117 0.850160288203685 0.9063763526932902 0.9373451325936554 0.8803685084449169 0.8590426275093723 0.8418288877986997 0.86504827488842 0.8679973414953686 0.8169138765480523 0.7960132026945215 0.8235342027565107 0.7820703850437473 0.7349680878227255 0.7049519721110248 0.6479871902184838 0.6425662782318058 0.588828342802595 0.5771572978830695 0.5548332254743384 0.5176871080545941 0.5036349394633005 0.49158101178333957 0.4785741943298442 0.4784364838996665 0.42832575300430215 0.4015092367529238 0.38405066828553275 0.40377268846005426 0.41522681432494885 0.3744544176196574 0.3465711837491829 0.35142082638896277 0.3967689279875108 0.43005824547494226 0.4514699509511308 0.36901237973373996 0.35958648744108085 0.37116401367854185 0.32648948402700156 0.36378014061452274 0.3700211858807483
0.8573853132157905 0.825021204877234 0.8354794193148666 0.8770346741138143 0.8911022670777908 0.8603428507467344 0.8894735235262842 0.8828337268356711 0.8732624387254524 0.854000137331146 0.8323125666870379 0.7953161768930841 0.8072648142326263 0.786620760426322 0.7415400530035092 0.6897504165757403 0.6611626313938415 0.5995871845439011 0.5837965275830219 0.5621336126769219 0.5643888011623192 0.5282951395354204 0.4911236840093053 0.47121658268395133 0.5062082857080886 0.4781065697566735 0.4175096109902214 0.4173825717432066 0.4169264057403943 0.38657042505270467 0.4204296240200165 0.39545828451101384 0.36001186473114366 0.38097636705023186 0.37845480389991165 0.3973330830606126 0.3925744292894879 0.3627042765265674 0.3772517306416294 0.36876132905634157 0.36056449487878206 0.32171240370329623 0.3358517072022386
0.7984492467962798 0.8284351817336041 0.80475275803917 0.8462435777549709 0.8700910431039687 0.8552553546415508 0.8707644715743189 0.8888981820787681 0.8796863810104921 0.845991504510078 0.8216641475543423 0.770041252761094 0.7757088350719898 0.7702421431051629 0.7689068178298567 0.6980048834884326 0.647652088201162 0.6248663711927427 0.6007102160487254 0.5761886628361892 0.510412384500428 0.5014467428900943 0.4852380160407352 0.5156197328601543 0.5135800845393288 0.46382448830246875 0.4284427918952216 0.40196687251632596 0.3999465705549701 0.424895103738718 0.4123483820236027 0.3756602268433767 0.3566096920482304 0.3762902603728416 0.3610383976539629 0.3759134977642481 0.34733996433338177 0.3409430871737625 0.36928748577362264 0.3272160221427733 0.3351469296160395 0.3086796617681882 0.27688019645571876
0.7795945038406189 0.8035999475266852 0.7968888293372837 0.8323983641264684 0.8545277151351988 0.8503150788368676 0.8725596412979139 0.8397613276149974 0.8594282230832823 0.8430907536869275 0.8281933034931583 0.7902405277665023 0.7735529056158388 0.7868525874161477 0.7707283471164207 0.7080707416380514 0.6674415255715774 0.6230518197700222 0.6090138873671938 0.5656578163909728 0.49733777462557055 0.4861563789800628 0.5094368940008149 0.525398041950349 0.5211716268715515 0.44997553150962466 0.45620951912428565 0.4283739126397447 0.4534818668997189 0.45709006265335506 0.40543602327915584 0.388925428142261 0.3578315183301629 0.34934889651737133 0.36217760785392045 0.35545366598819755 0.3404865941360309 0.3342124304913941 0.35978354426897996 0.31819858387740396 0.32332022078646006 0.28346455923124936 0.26652687268265235
0.7815442560630685 0.7959214280718558 0.7955364549610371 0.7836888035084612 0.7669694529146204 0.8379262079311961 0.8548527437947904 0.8156091099615465 0.8040065185062645 0.8048947332553588 0.7973714717764226 0.8048525966415676 0.7820634761121481 0.7669925466039405 0.7555967134375408 0.7004399196964844 0.713558705767888 0.6658318013272142 0.6097879660984424 0.5625344387907503 0.5090384898026205 0.5311603772409378 0.5129539202065384 0.5029943280517759 0.5015758601747242 0.4773125572512467 0.44635518719721495 0.4349105258791445 0.4652811348707055 0.4506020113703482 0.4503621942790025 0.4233876762828877 0.35812971371613156 0.32317797598785586 0.32918674171930046 0.35802283361503795 0.3685886519992425 0.3425282826424501 0.33492667541129023 0.28759369816114166 0.30182692292465374 0.2726137623933815 0.23150789363417887
0.824114669206733 0.7917343794902582 0.795706795562191 0.8034829807147644 0.7781905252190313 0.7974430054779136 0.8455192631890297 0.8220103503657427 0.8344121743971457 0.8032385462751549 0.7905203489217869 0.7914051275104227 0.7723494439708665 0.7674103878140929 0.7571393598861829 0.7243458765831037 0.7161753337119602 0.6655154800280925 0.5866881458486313 0.546837240586519 0.5170160188042928 0.5484225510858439 0.5336186473384656 0.5033336860096013 0.50391512433729 0.47315993856951977 0.4425773385787789 0.431577180261211 0.4204112991090635 0.4036140794046557 0.398747670717221 0.4165609838890535 0.38169615375385524 0.3518867866456332 0.3509137870646078 0.3594486730238518 0.33045320549388957 0.349087770857881 0.3123457852736525 0.2938570005395522 0.2773212934093171 0.2558955727403977 0.2530264589865207
0.8244335102267467 0.7831130352385692 0.8087034545626038 0.8080068078844949 0.8282992647269188 0.8105467636980759 0.8049933164189865 0.8305253246740968 0.8399307906849942 0.8164669687751733 0.7900039876715417 0.7796832308147069 0.7933031106285088 0.761240603301084 0.7699148155517286 0.7565187365017579 0.7125605216411124 0.6498590796529565 0.5852332875852075 0.5692427040536349 0.5607194784358694 0.5615720167890135 0.5347513469329668 0.5027551748874415 0.49511292678658897 0.4648574486778714 0.44696344049701087 0.43596367355205984 0.3812604189608902 0.3894772447141224 0.4060041263091913 0.3852543570362951 0.4067953914646752 0.37484266779575226 0.3974947666963317 0.345343197142311 0.3367520090931823 0.31617036792857905 0.3151984808986399 0.2786791852927711 0.30216651474069045 0.25045418895463983 0.22330063045401918
0.8308662875269034 0.8046488950156943 0.7993274803735471 0.7678655464529679 0.7708855235674423 0.7794796675826735 0.8014589363010391 0.8184935891039539 0.8458361668796034 0.8189072777787354 0.8371149483272564 0.8183106644640874 0.8189615062412465 0.8032455388372748 0.781545734637648 0.7401820268523869 0.7240459015339956 0.6698380653690225 0.5826043116435496 0.5541822349016927 0.5467929178118965 0.5765657571559456 0.5710379443738228 0.5217013716684324 0.4977816628615261 0.4827279630758411 0.46371390956300396 0.39306971072842917 0.3874891821785996 0.4075078052964099 0.40637492249634116 0.36461244792763087 0.365515796510207 0.36994243687743394 0.3980745588731213 0.3466404491244903 0.34439282463077436 0.3226513955327409 0.30093853675677285 0.29222440597271904 0.27309033197502197 0.23936442529450377 0.18355137475379912
0.7933286912062057 0.8125001113925373 0.7551390963176247 0.7526793343782042 0.7686779357244026 0.7561074888208656 0.7871325534717066 0.8203133350771021 0.8570032558960474 0.861931108000197 0.8469026338604941 0.869427234214976 0.8615841248692121 0.7987042426138926 0.758303184325589 0.7041082107092832 0.6920777056600009 0.6461372669441289 0.6194809747407002 0.5551004168322522 0.5321941419143342 0.536569466860139 0.5765530853364575 0.5523485819908279 0.504473564815866 0.46570024989401954 0.4341907134901547 0.3899428248410109 0.3807824545815185 0.3845842143706269 0.35887114495207867 0.3458213241039987 0.3878077465038003 0.3695759139827376 0.3830725878798452 0.38124572966799314 0.3324229681119864 0.3079631455622602 0.27813011434989265 0.282712489380512 0.28110407346827393 0.21314899734798334 0.17645660042282107
0.8220953703133036 0.8115997834694152 0.8002374007436609 0.7678702313277416 0.7672336163453883 0.7892880052846117 0.7860550062095172 0.8165269955973394 0.8179407843609396 0.8556598520701706 0.8640922614001978 0.8518473477329259 0.8404094368302604 0.7734402544295961 0.7497994228736491 0.6999903471624042 0.6752344514648607 0.6364833081863105 0.6125784466418548 0.6051551516524711 0.5835810942050369 0.5515885207476326 0.5282073334995697 0.5140046513668687 0.5020106933214666 0.4397776142928688 0.45048963373726664 0.4094666209934288 0.3916016062905368 0.3778822456531049 0.3877546814448382 0.35293372973653064 0.35739484178385894 0.38562613407836177 0.39364221808271693 0.37139883527144935 0.33316189669350493 0.2956759812519496 0.2715235562737887 0.2590019081456422 0.24387980738531215 0.23779594006257157 0.2218298323249182
0.8315503807847069 0.8145925718337769 0.7954670775118877 0.7746495791358893 0.7624568674150126 0.7601505276964152 0.8107534651565375 0.810771452949193 0.813112511008436 0.8008897852163452 0.8266449002735144 0.7967388169616898 0.7761506015325177 0.7620187582414761 0.7695750682885724 0.71573693046764 0.676629608788089 0.6604540880647544 0.6442814006105162 0.6184574086552906 0.5728146649213399 0.5745987423387064 0.560898729074461 0.5041412691244964 0.4708713012297284 0.4512107231332931 0.42121808132556343 0.4127276279967196 0.4083497708723062 0.40412399813411354 0.39096349296348104 0.38064212570077877 0.3732179308290619 0.37733239932455753 0.3640008254829589 0.3315172672754569 0.3421823166989654 0.30127979912998143 0.2858403338636231 0.25904575564995647 0.2547477436285108 0.250427054901852 0.20513757675903188
0.8495045164809109 0.8190977107890293 0.8105395394827859 0.7654774975769574 0.7589313924429588 0.760385543404173 0.7710441261985566 0.7837140933464771 0.7733756061765099 0.7836227122622279 0.7936095004453408 0.7768465435430632 0.7285166559962342 0.7395773715891514 0.7279538036419705 0.7221680007006459 0.6765536431886424 0.6546631601110441 0.5991981872662135 0.588045313572863 0.5590978420836404 0.5490716945734236 0.553841473268128 0.5184746287334554 0.4717192753876722 0.45707175028480346 0.436178266128863 0.4543114856997059 0.41701679383725854 0.4284573562022018 0.41161244955683257 0.37891969851397356 0.40268770701719225 0.38589901608916144 0.32492802054351305 0.3048928642089914 0.31432804997146957 0.315982400226705 0.282888169708808 0.2849980337096186 0.2923892798226959 0.24475072251639465 0.2173432768130046
