Raster_benchmarking/DGGS/continuous/raster-170.asc
NCOLS 100
NROWS 100
XLLCORNER 1743162.7664713021
YLLCORNER 5469293.015900101
CELLSIZE 10
NODATA_VALUE -9999
[rows 57 to 75 of 100, columns 0 to 42 of 100]
0.6093071250307415 0.5819342851283023 0.6095296796505646 0.6069867030612319 0.5980293660083825 0.5798383860178018 0.6075404370097758 0.6251673689208312 0.6515360395779659 0.6397647281581221 0.6145955890308314 0.6525998340981812 0.664532572785126 0.7031694851388274 0.7067059977458837 0.7407277427581063 0.7108848535736887 0.709063448665812 0.7254167539653685 0.7152330896353221 0.6714774308377301 0.6759159096552183 0.7010621273988764 0.7001752715586833 0.7065089883002242 0.6995971407000109 0.6764538253274693 0.6537514565892071 0.6673761318259037 0.6687753050419218 0.6858761006245202 0.6862037720881726 0.675925379997267 0.6431295396077963 0.5827375934253317 0.5910748775528859 0.5520498349533783 0.46853763768549206 0.4289556648818082 0.3644813856350938 0.3634415331135736 0.346770882811228 0.3187095940170335
0.5937837917525994 0.6117757648480994 0.5812706851529964 0.6014237673355439 0.6013496360332433 0.5882559918139254 0.622677984015509 0.6332507057939938 0.6143779212640155 0.6354075835574982 0.5946529516505324 0.616050964057905 0.6458008791386333 0.6695429750214671 0.6497251786982896 0.6683169665104152 0.6667148451480528 0.6849846749845866 0.677269446585544 0.6493963436272366 0.6479667344261468 0.6560537861412622 0.6592139329021206 0.6533880272726791 0.643824756740545 0.6596728596371941 0.6303371787559149 0.6486128042418339 0.6682323857942329 0.662531211010884 0.6476605117703211 0.6556177107668442 0.6415892937739832 0.5827719645346237 0.5685373121577758 0.5344963436968588 0.5276805346864467 0.4728006423793528 0.42209815139765106 0.41564867853316495 0.404225317803421 0.3548010487445555 0.32857104784655294
0.6460575942359279 0.6225586320981122 0.573081513829955 0.585121370275483 0.6250772226199345 0.6160946922313414 0.5843628468851135 0.5864096432011442 0.5978070198338741 0.5944157661740854 0.6001917211026574 0.5838968274590841 0.610182554734113 0.6032836121594582 0.6262455199461378 0.6235836306842716 0.6515659873065697 0.6423811378479812 0.6765880835720548 0.6375267792143369 0.6380496838117253 0.6658663189181189 0.6392050446241768 0.6497334135135391 0.6211216945921161 0.6104149905637207 0.6081437023616046 0.6293866308318763 0.6684091536388216 0.6603218329750719 0.6421704803169791 0.6592080333501854 0.614150135031282 0.5721555631707067 0.5713777463515805 0.5471827999880381 0.4990087598159665 0.48514473667754193 0.4761547523688619 0.4543534910027774 0.4112082586527278 0.35048402699606773 0.34280436362751426
0.6390893756072167 0.6398026928192974 0.5891565994995868 0.6207512164268807 0.6026889932449269 0.6177075027556924 0.6052008389818332 0.6018927162451941 0.5659840068535614 0.559419704886711 0.5724124182793774 0.5802375042557351 0.5738671881979565 0.5780419150490075 0.582828901244638 0.5807368275874879 0.6028897007406799 0.6592747451656549 0.6609138081919955 0.6663293818270072 0.6507585511200087 0.6332515950991656 0.631648118298599 0.6232671352473045 0.6041981017892493 0.602314882788206 0.6306997371956531 0.6086411105463364 0.6595119664074436 0.636266789664584 0.6143795184855942 0.6184900489446168 0.5618149310521313 0.5565522230262265 0.5210923028446491 0.5215377162434195 0.4784272528993575 0.49168877747100503 0.4452653924582717 0.4657801243326147 0.4375729296141783 0.36073721045024054 0.35625592885122664
0.6439507195586363 0.6131817027788005 0.628605958487097 0.6297677632302319 0.6266526519348542 0.5918273808778793 0.5936870784364602 0.5766055185200494 0.5972011876008504 0.6083051080727464 0.5887048777553754 0.5931005107964573 0.5799737797923679 0.5485737713891666 0.5472549456078805 0.533651416418997 0.5817331301097541 0.62580161615459 0.6734119208454815 0.6752636670618033 0.6847990717086712 0.6804045744525584 0.6221382966912834 0.6347216274597752 0.6347387802907193 0.5880246504914514 0.5786089950850619 0.6145213910984394 0.6273837336349108 0.6294488758232136 0.5885616380213423 0.5409943672418029 0.5430742143590718 0.552965603746198 0.5204927638406194 0.4859225354977315 0.4644758355022044 0.47646328825557693 0.4560083093002144 0.44527061152678105 0.4273720228754647 0.40369797140016705 0.3675647961228886
0.6584616898458795 0.6438745423222663 0.6400037313794386 0.6525256741098043 0.6193376495696276 0.5872299976137604 0.5740387318142721 0.5748269139388267 0.5788680193269065 0.5847943054067257 0.5801736620126131 0.5709063385395634 0.5453498515654738 0.5379709594529082 0.5571040721099504 0.5557027945499486 0.5815259577243416 0.6309198775496512 0.6504688390530625 0.6595673352741934 0.6481603129140999 0.637710389359137 0.6337161622532113 0.6308366460903367 0.6142638152196822 0.590601681131455 0.5873166230981843 0.6191353096150884 0.6105114975067139 0.6078970343924908 0.5405567481187841 0.5209006434875549 0.5089680149691959 0.49616880255271134 0.5146705775498029 0.4892267235764065 0.44961231494028164 0.4553533597396297 0.4275299157884044 0.44269814250146505 0.38995859264597676 0.38133727287853614 0.3586734641012614
0.6826077281388627 0.6407076097321112 0.6519018194606947 0.62696593996676 0.6238910181657624 0.6387296766149465 0.6173971536682978 0.59367672241193 0.5929843838408118 0.5788890700881708 0.5644212668200287 0.5734785913216578 0.5476166411560558 0.515403210645817 0.5821019612333639 0.6031606416457416 0.6111122743921829 0.6176296905269837 0.6311547113614907 0.6178157822373265 0.585665141848828 0.5983616440426924 0.5738900130405001 0.5664922353537147 0.6036728497618596 0.5784552724415929 0.5791815504403007 0.5969820093593937 0.6228125939320088 0.5613356536789927 0.5333904927011363 0.5246938967157971 0.5200077226723204 0.48462063633278846 0.48089521233968135 0.44540435346675356 0.46819837026324906 0.4350516609822072 0.43987780151423805 0.42365494050499314 0.39057961118382584 0.3807240659316641 0.38159874266476634
0.6996843071663518 0.6391995090889524 0.6292674446115505 0.6418270499631593 0.5901671284897191 0.6089958562928155 0.5819816538831492 0.5902468071228789 0.5563778521335637 0.5407900788204575 0.5616134176576247 0.5340545093429729 0.5220061612130336 0.5277712376133907 0.5523697115739641 0.5898035818095712 0.5879609813542908 0.6041319941088561 0.6059920518922499 0.5692625630877126 0.5586075874149218 0.5977036217507579 0.5901974685744114 0.5593697487360432 0.5662667078102246 0.6052936531732678 0.6309315878866798 0.6239480025795324 0.6177950666768187 0.5832671556907755 0.5523694797857257 0.5544054842804629 0.5369518291995347 0.49673943813502874 0.45054197549730624 0.47831978925515506 0.4603575007521617 0.4497389186658911 0.47374376062303236 0.45770912593678303 0.42493343394346655 0.43534632359811704 0.39201425352753605
0.6936859051347745 0.6739312700684894 0.6541980547216848 0.6233812683008244 0.6132287910265327 0.5710279801254864 0.5748204727746894 0.5831655890359846 0.5628495285931078 0.5273979105507771 0.5379670362781426 0.48657528132769234 0.5254740868597586 0.5693934816930827 0.5723119219945055 0.6000447872224032 0.5682048359773234 0.6150092249039928 0.5650997607205327 0.5516477517681694 0.5437927137788092 0.5704827179735674 0.5635622628117277 0.5583519276752669 0.576699261127955 0.613264430791307 0.6570541796920492 0.6515604532822589 0.6269191478397784 0.5973994061591004 0.5608973757837569 0.5834703625954278 0.5429055264818663 0.4954645338046672 0.48424861770280153 0.45668197882318734 0.4976060374018695 0.4671972370709842 0.49793909405045744 0.5081690926374263 0.4630406888753053 0.46973469272380625 0.4141845394061969
0.6862511408630738 0.6488742457899144 0.6688427555312156 0.6589272234210292 0.6360096571185812 0.5872270364296174 0.5924459139204434 0.5932025703334187 0.5531820032904912 0.5416248313867575 0.5096780273507924 0.5272558082609027 0.5451714945232956 0.5895659006879648 0.5530278443332762 0.5928407851259238 0.5741002677366368 0.5849455080262902 0.5490996720950513 0.5441491216399322 0.544262773932661 0.5663072839681615 0.542267980086636 0.5833320791831511 0.5875322464851651 0.6422973027940061 0.6412500203725364 0.6462618646060923 0.6188941379973105 0.6290887425536424 0.583590779191673 0.5721091719688399 0.5523674073373521 0.5047467916750685 0.50731198877914 0.5062599167155201 0.505176436239932 0.5132168343418845 0.5111240286493342 0.5236558569581589 0.5269632584494646 0.5203107842732979 0.48093135967428147
0.6926362005222146 0.6560326133680742 0.6372527395521455 0.6355960833940716 0.5973090750712475 0.6082075421184946 0.56837062432184 0.5570232592904806 0.5212708287019099 0.5055584622334999 0.5175025550169191 0.565642033957247 0.5345947145438803 0.5846974944182611 0.5446813117318736 0.54358606138003 0.5280319306789673 0.5263848549906618 0.5357321566911134 0.5320834678256655 0.5648946623019916 0.5530323533743525 0.569578644982265 0.5926807561449724 0.6312641989539648 0.6789402137699193 0.6510893171624818 0.6433650937822554 0.649761561202549 0.652638432248333 0.6071775358210479 0.5712021799463318 0.5217717293902303 0.5174974448430846 0.49010261402652344 0.5242072282863055 0.5255830511787147 0.5005964305367948 0.5034941302003071 0.5446882911628645 0.5020621093568943 0.49797691828710494 0.47761046555832726
0.6804765377937982 0.6749029672757545 0.6547660112600846 0.6498492622192791 0.6083231942650758 0.5718661277039538 0.5516486397945992 0.5502864407231282 0.5161570921352103 0.5455460844865246 0.5583572781380726 0.5343753041182896 0.5427718386482553 0.5470819452703131 0.5711751870260455 0.5545088944386172 0.5424431593101117 0.5291222126722035 0.5650761640649977 0.5475226569442183 0.553593454504742 0.5856886152349401 0.6145637275186687 0.6478902087133779 0.6607714728626598 0.6487971145182121 0.6832998641006561 0.6622741211018209 0.6572986927890936 0.6223647271862028 0.584086890513907 0.5473517988173106 0.5391717316906013 0.5146653358423136 0.5066706256520755 0.5357142085886647 0.5217204096068934 0.5071212951952966 0.5144707386487914 0.5558999475149434 0.5256960875935066 0.5034951522155698 0.45509318238560864
0.7263671001523615 0.6532714324690494 0.6449257919200816 0.6652278542318276 0.6271728527795668 0.6164705603908215 0.5722750564545952 0.4877600339244661 0.5224802294532273 0.5065812916085235 0.5217065675139 0.5713961030315975 0.529746576682678 0.5414567088115249 0.5465934533397117 0.5542347594025399 0.5422025250579254 0.57930701005928 0.5782772178360658 0.5380953604910101 0.5847553443168871 0.5770676975521586 0.6390278590384731 0.6646834387566276 0.6730342424869589 0.621640487454099 0.6738068863254298 0.6849525498591845 0.6515992129308761 0.6438611946318904 0.5761203890215971 0.5631340659808727 0.5483585228428248 0.5509711174086567 0.5460426814390316 0.5203764075539148 0.5249821034038434 0.5201130716641329 0.5153411593637298 0.5577924939747126 0.525820435746372 0.4669934840669904 0.46425711417730703
0.7090645658452965 0.6925710709280183 0.663155190859114 0.6485122134991088 0.6361032778852029 0.6311524126447359 0.5789371862196395 0.5530568121550663 0.5324445461196649 0.5309978608854844 0.5461363782145315 0.5524115546197198 0.5492418805188167 0.5373538443548213 0.5669587092778492 0.5781131765293094 0.5628355924119843 0.5858922914109849 0.5987383810566909 0.5803828488405378 0.59615715662234 0.5822437572517135 0.613862281659206 0.6318667886634207 0.6531618005910925 0.6269977075514866 0.6338386345197973 0.6578998299454797 0.6636822689114391 0.6613556821448955 0.6018078823857718 0.5565688115501272 0.5315444435498912 0.5243755895582441 0.5321156698762746 0.5549824549609971 0.5374472348420655 0.5425832903043931 0.5506816588032569 0.5223825347588992 0.49694698720439273 0.49336579460234875 0.48973317060158905
0.6973370910985295 0.6631967890282268 0.6593532633295655 0.6278318966283296 0.6244140734672933 0.6192556273856086 0.6007052086201267 0.6024475701460992 0.6109818611941765 0.6140729878794681 0.6025269380494439 0.5767359250105282 0.5620245814869589 0.5505350950217196 0.5852008491626319 0.5583351638358596 0.57418775115111 0.6081023169517106 0.6275048573346047 0.6170096684546557 0.6106453537042149 0.6078416698189589 0.6355148612000555 0.64928708524261 0.6318545615318267 0.6233457118898215 0.6008612260953984 0.6327802636306422 0.6471992779293969 0.6348137568115463 0.5563236945705448 0.5303950122890181 0.5423265022548148 0.5347329046992768 0.5114063144467995 0.5277698057926917 0.5292081928062514 0.5509673395127026 0.5233086352002175 0.5109428219899357 0.478186089086423 0.496968359472423 0.4748316380869601
0.6816510976987666 0.67650076040152 0.6535072774848987 0.6525591681085939 0.6353486918285162 0.6223772765898183 0.6074409951531917 0.5830822573575272 0.5970787140075104 0.6063777084168638 0.6156105438887683 0.5803828312553367 0.5606822875760475 0.5627045274617483 0.5866707075875367 0.5930755208309957 0.5623837164068717 0.5803566414193018 0.6323120607408225 0.6170274777194633 0.6050438156057144 0.6180634908123732 0.6134980665755432 0.6640801907035252 0.6589986465740989 0.6467588316068807 0.6176873188620229 0.6003531396082953 0.6092087511513745 0.5748362369724631 0.5622493839272273 0.5178148730331886 0.5150181183263387 0.5416317269129949 0.5397249117157984 0.5411527229177264 0.5594443364757746 0.5747459770009417 0.5452925316395206 0.5206819608274518 0.4814869629675348 0.469384467394052 0.46691725463833506
0.705438273391181 0.7331551618643539 0.6620963484300435 0.6346120850701518 0.6507980293438292 0.6339027538666784 0.5850819194622903 0.6217865429282565 0.6126705602122058 0.584750432464475 0.5741602842040406 0.5978579531148438 0.5588237267376142 0.5693994218198979 0.5621300806113957 0.5779720297615364 0.59782460828066 0.6105688806770609 0.6162443982512581 0.6599520506598697 0.6224493598743377 0.590974547031031 0.6348543468250334 0.6324000022048162 0.6397092356520794 0.6333231001762523 0.632321156888454 0.6347701946974127 0.6088513854293459 0.581046763282972 0.5304658269471273 0.5029714177503577 0.5263295600607413 0.5518304474046105 0.5343019568843729 0.5614541484117171 0.5783078832752742 0.562672946790071 0.5449380586101822 0.49429789328101376 0.47091246062503506 0.49353372425244596 0.5056260039473919
0.7662028106296964 0.7425174443874948 0.6681873743119399 0.6364080972861622 0.6208422423351659 0.6137591860333294 0.5779389790756614 0.5897420317047023 0.5840610667638929 0.5561146921414275 0.5816294807117841 0.5935025734033055 0.5571242756171679 0.5524354539408932 0.5653861297275292 0.5710410707750693 0.5817116433590844 0.6027668485452965 0.617468075048914 0.6264639738000493 0.5878257679031491 0.6156674076231283 0.6270039892908903 0.5943797056687353 0.6134560610247056 0.5999463460492686 0.634706937525335 0.614323157993972 0.6100055034487171 0.5559204564018007 0.5508355171682446 0.519817858461637 0.5084530392802091 0.5284966145976727 0.540682967305584 0.552136101611475 0.5789506869523432 0.5749926110115605 0.5621465274741924 0.5151772529566616 0.5053000738937996 0.5137201967501239 0.5205736197676132
0.7809023524648673 0.7322040300224518 0.6716692154041058 0.6406145951211472 0.6095941772018318 0.6125876012475036 0.5849230727404557 0.5499594767751026 0.545955472065387 0.5528992516401842 0.5563734143933909 0.5390186398021848 0.5515406033324771 0.5611003018523525 0.5897619985124848 0.554426775417189 0.5611294157250722 0.5483692134324666 0.5971152296380322 0.5583038300377727 0.566893450539244 0.6255104576069962 0.5877191527126151 0.5966848382957037 0.6045080314522826 0.570028856600801 0.6128814314550768 0.5976629444160199 0.5573320667281467 0.5480127425057153 0.5462745410554769 0.5299110124038747 0.5191168831653615 0.5538074811855136 0.5284405858289429 0.5392128303303577 0.5753664311618264 0.5680446906959697 0.5614862797321583 0.5668702531541784 0.5647465006615747 0.5523422068538864 0.5381781454743179
