Raster_benchmarking/DGGS/continuous/raster-362.asc
NCOLS 100
NROWS 100
XLLCORNER 1743161.688909105
YLLCORNER 5469288.731253003
CELLSIZE 10
NODATA_VALUE -9999
[rows 57 to 75 of 100, columns 43 to 85 of 100]
0.7161643550191762 0.7178791797840274 0.7016620341037848 0.7044174260546718 0.670974365233084 0.6327349848225078 0.6943798289332737 0.6815169601198173 0.6598986218215448 0.6333465894691124 0.6550734640156667 0.6488959314057825 0.6601444805779993 0.6748284910828779 0.7011117908117199 0.7095486710780822 0.7448055048776602 0.807882180901799 0.8430332853912219 0.8416632189347342 0.8133124971003521 0.848197787102158 0.8031636887867292 0.8049946729286859 0.8097315725623678 0.7863324772210378 0.7797462814263012 0.7636883122907102 0.7526665852227177 0.7324515419790939 0.8050869616108154 0.8378145179154269 0.843390175635504 0.8100345495667439 0.8441438534942044 0.8998458675012453 0.8982327689941229 0.8992596459354161 0.9013411356397071 0.859529532597107 0.8481377267275442 0.793246810279158 0.7883199369894558
0.7041024449028955 0.7012498061256536 0.6786261597753322 0.6890657711918791 0.7006563993929356 0.7027538960924833 0.6894351846647314 0.6740757288079867 0.6617114271383546 0.6486048805640903 0.6763469083902428 0.69331133491912 0.6808517710605595 0.7005994975022894 0.7193434897540633 0.7389023885759888 0.7890097966591041 0.8294818075228159 0.8117986909052296 0.8320162668473039 0.8329572448035599 0.8561045718329373 0.8495098297899408 0.7829157617478973 0.7752349056016277 0.7928525645132503 0.7640007304939984 0.7987440788277224 0.8074748256703923 0.7700027017532632 0.8039117451441198 0.7941075561317524 0.8312516533916172 0.8386660112793758 0.8408446287922081 0.8412000128088701 0.8609443193836231 0.8625208168251808 0.8715804292653807 0.8302504246504482 0.8474913991759749 0.8145792717671037 0.8207984828480491
0.6955736273388592 0.6880988738381082 0.6970049977564157 0.6657728786083414 0.6860835698446426 0.7115429983415966 0.6819520291515369 0.7060733780018525 0.6743954707049831 0.6681890607040043 0.6844731247146155 0.683067526605422 0.717908505703973 0.7173600262659467 0.7112991872650247 0.7427120720763492 0.7697686707973762 0.8329870613454766 0.8470409356534919 0.8157701222938756 0.8111655664059803 0.8473413384287583 0.8204545136034583 0.7974062242748376 0.8060474171047242 0.7776708993319584 0.8059970623781392 0.8209350379419986 0.8137047254041517 0.8196326457991668 0.7756416507726511 0.7970289225961773 0.7829299466561681 0.7892682487504422 0.828295769674002 0.824410401281013 0.8439012234558966 0.8866633483330354 0.8759458086933215 0.8208188332545255 0.853724816572148 0.8455591732231733 0.7984645346282724
0.7025700908392607 0.6864905936219169 0.6773402428699026 0.6786096767749898 0.7073876256710081 0.7127353315289005 0.6833695218203161 0.7147314233571161 0.7293313348055344 0.691447633023313 0.7024015324888648 0.7100296009556776 0.695834822802076 0.7128100830081399 0.7074119535074674 0.7612713908376759 0.8139689566978773 0.8037819520283013 0.8292375604928852 0.7952575908202217 0.800457951923908 0.7955469187284173 0.8195667997960927 0.8253400783866301 0.7971809817589457 0.8115330134082569 0.8134228002585853 0.8235617836266255 0.806651282477794 0.8200433111164968 0.7827704957121575 0.7901365495173531 0.7649981307974273 0.7679041812530409 0.7645831914997858 0.8110978707998993 0.8168832409072806 0.8538341311929685 0.8330949532457412 0.8484658295037824 0.8373224297173009 0.8182977245176745 0.7881365513950208
0.7049782694185688 0.7184736407943964 0.6936355672132023 0.7264437033218537 0.6991109757691917 0.6802004379446548 0.712914154506559 0.7292987583764146 0.7442513543118056 0.7302720941745494 0.6984652288741918 0.7138033908106217 0.7009927886478203 0.6855578671617666 0.6984956358021873 0.7574486454132076 0.7970460293214343 0.8219316182481436 0.8018631761999774 0.7705326145509036 0.7971405805153685 0.7662524894448797 0.8149884663540362 0.8115190599518065 0.8368287903564339 0.7998745504837607 0.8340987874341093 0.7960225258169796 0.7859715412330383 0.7954788563262414 0.7768091262759249 0.7475532679813962 0.75864452187508 0.7650227656676785 0.7639004650392544 0.7731502091086913 0.7893244831716296 0.8451311316431643 0.8228248647120594 0.812953480589591 0.8075853222015165 0.8053600220319814 0.7987348445130059
0.7156273730929402 0.7215290974954627 0.7269336199378184 0.7133316802941198 0.6893723691917079 0.6935382405384972 0.691269365825696 0.7266624254756557 0.7182676323005227 0.7074307607554602 0.7283527114883143 0.70312256744792 0.7045870637788167 0.7418324572494301 0.7371572983737426 0.7344673940469126 0.7534843577203555 0.7870546654729302 0.7649494320425088 0.7755104159883505 0.7684211807890644 0.7960976389220653 0.7810032450913281 0.8150752088273095 0.855104585139564 0.8463400916486462 0.826675956319514 0.827607528401239 0.8270038004961248 0.8094936313369707 0.7881530388902142 0.7838823123724139 0.775131675429286 0.789938385497267 0.7843906463556074 0.8063655460394763 0.7933851876827099 0.797687100755397 0.7906944747102957 0.7832790489060448 0.8239085543273716 0.8273862548658288 0.8003029143154267
0.7325152369632248 0.6895269245251249 0.6904304318420227 0.6764497047012558 0.717265601582646 0.7066614942100988 0.689444350512955 0.7290188608418519 0.7578428791493159 0.7510058146504507 0.7423084009780434 0.7255862211117821 0.7198836733578144 0.7680567213617895 0.7513247939193306 0.7719752176148637 0.7709085512358134 0.7574194308422457 0.7633124426201376 0.7827745827875056 0.7815561210870848 0.787006020969058 0.837284200050368 0.8483497366458554 0.8443916048147274 0.8626210197570546 0.8168753957025429 0.8240277308197426 0.8308385207876126 0.8003589016617876 0.7965270492845515 0.7737819462098304 0.8046469038252856 0.8302810144874258 0.8029664324822476 0.8160190772590816 0.806235651962195 0.8161489523807436 0.813536662974065 0.7856198916823678 0.7861552232294557 0.8030208552220894 0.7720381474785554
0.7385216731711309 0.7228159161000836 0.6746960541179056 0.6983800978388951 0.6990332069907899 0.7203593216904023 0.7141517384138919 0.7156817278683794 0.735622028464404 0.7396150718146677 0.7426947003044121 0.7244664342673925 0.7566179298969471 0.7305609688265199 0.7362589473767756 0.7841361929377156 0.7796330954829762 0.7927329747838425 0.7822712255058181 0.7761813804589911 0.818276157395656 0.8301302784621434 0.8532081511128818 0.8709302480432867 0.8248807663082461 0.8437347335934802 0.8062951967549079 0.806079576926481 0.7849146246637655 0.770507109978516 0.7408419587683172 0.7594830003888521 0.7838851070633469 0.827408112379077 0.8397520792027358 0.8332606076048011 0.8161797123894878 0.8028693474598543 0.7670291781728943 0.7911297857071409 0.7943478027580669 0.8057688811409666 0.751962310028747
0.7414401669286228 0.6978193821986993 0.7011453712202618 0.7203541923297884 0.6806959046347298 0.6820247453576891 0.737928841234606 0.7231206753835178 0.7463200837508811 0.7823205389538304 0.7814120441878318 0.767250924038354 0.736083193392649 0.7455165045192129 0.7726164632971019 0.7584113419424399 0.7534337166816791 0.7771068791847281 0.7922575529698292 0.8223371063772262 0.8452027534791585 0.8528825458613217 0.8740671135632471 0.866067472774816 0.8097678488790512 0.8199977085164846 0.810478972041969 0.7904479934593402 0.7605817107021609 0.7284408248009144 0.7487253559090536 0.7449884734592487 0.7615884121330786 0.8057557886395482 0.8057606003705924 0.8291062812209203 0.7920314034294438 0.7897210605796571 0.7415144589440245 0.7470264595107411 0.7538388732310577 0.7970709337908203 0.7334755440063897
0.6997457157191501 0.696919200187048 0.6989880362391432 0.7227947349180992 0.6930280511236414 0.6960492589111433 0.7377705547895449 0.7579114389859093 0.7917679993816839 0.7771350817968509 0.7788310677377867 0.760153075196056 0.734853059643236 0.7660983519704859 0.7586379966404108 0.7381226159469383 0.7813998466757534 0.7719827830422753 0.7970491121949616 0.838331544831452 0.8475407044345448 0.8574088469233734 0.8329198119678355 0.839867182164496 0.8092586846717326 0.8000823549454538 0.7692977312830986 0.753390071137459 0.784180533345715 0.7833318158596363 0.7765539813427236 0.7745080404098166 0.7926075039838766 0.7824266458287298 0.7872595208560546 0.7776895918244878 0.7692180206804514 0.773659529809211 0.7376390945097399 0.7451134342694457 0.7658376127241485 0.7706065208252167 0.7378747494373435
0.7055262547500664 0.725425742349126 0.6956992608636562 0.6976234672643715 0.7305964741847055 0.7040523217643941 0.7224905698519736 0.7909934504407435 0.7999841083868579 0.8085194153347586 0.7440075050105682 0.7262232612436339 0.7139602996366851 0.7297095151620452 0.7146422056676016 0.7459370403462334 0.7769631283740228 0.7858731598368555 0.7883316951930337 0.7941491220078162 0.8034527940869115 0.8481395610571407 0.8282464392151503 0.8142547107901096 0.7822831078099599 0.7444249814925575 0.7676211065447262 0.7695209016480093 0.7406358037601234 0.7500714066570111 0.7600537478930449 0.7817986819302672 0.7631934410549772 0.744961728700533 0.7849366500436836 0.7856538876192326 0.7741376411609943 0.7272716383897618 0.7286417732971178 0.7516640301888464 0.7098753321475578 0.717724629952682 0.7070970930375508
0.7085465007994303 0.7211531010029346 0.7304058606365024 0.7151305961649084 0.7309928309247692 0.7438080504198054 0.7418671469842522 0.8037339134167519 0.8118790134092034 0.800277314082401 0.74196264665011 0.72933765457564 0.7255164889466209 0.7178963630112598 0.7044710751463804 0.7569250838214325 0.7552919376072209 0.7756351921574489 0.7622127883830496 0.7658802696830226 0.7825556155183151 0.8120821433605552 0.7992771523654513 0.7814567959456346 0.7728611308711417 0.7184746777270021 0.716619869992695 0.7541700593544938 0.7597386317037442 0.7302900464107456 0.766716705886321 0.7429303576501746 0.7337795203434855 0.7506149654425339 0.7309419908707502 0.7369656707667817 0.7296611667493885 0.7101492371943925 0.7432448856643269 0.7201831549117487 0.679864835048963 0.6798716734361682 0.6822834470590234
0.750791870409616 0.7425922429935355 0.7635596102510511 0.7518618369650185 0.7570081650925378 0.7774162018355208 0.7701471105818214 0.770703066350269 0.8063966519397207 0.7796898198495065 0.7344547998200287 0.6934780850071343 0.6792949460253995 0.6865618158564485 0.701146919761452 0.7225555236817505 0.7386957402913003 0.734215836313227 0.7508658423562308 0.7571206215276891 0.7612166560697565 0.7692457021090908 0.753778204277584 0.7591223648047375 0.7191790510185707 0.7079054876362306 0.7155472557528083 0.6897303937958472 0.7161263116518125 0.7297158797497831 0.7288803400539545 0.7244113014516742 0.7086604763387196 0.7242717393597321 0.717512701989879 0.7063277517114558 0.7176886453925813 0.7289562831149281 0.7317498600583986 0.6876733395375682 0.6632959572715187 0.6356854219152579 0.6482650342241295
0.7378264147473761 0.7582721934870744 0.7476915341526708 0.7490931581953116 0.8000526049168593 0.8000576153180619 0.7851303655443509 0.7672546253177085 0.7627374176581947 0.751129056326241 0.7543773346373991 0.6867965422011619 0.6830096751096706 0.679992692530667 0.7351179914076863 0.7209659747371258 0.7030792605026596 0.7105486626868568 0.7220217420896256 0.7277858151350739 0.7357999660705158 0.7060781853159144 0.7096718126272076 0.7224810906482746 0.6916663131758941 0.6999047119661567 0.6959249422487027 0.6760467414610055 0.6683736111494929 0.7081646559035132 0.7044056499512799 0.6746709388257492 0.6913640554052605 0.6896653142233949 0.7279344402870537 0.7144948071140329 0.7367362182591126 0.7040394459410736 0.7224663282164344 0.6807451196707454 0.6878324377094643 0.6580780859065926 0.6582293388017736
0.7430645260865708 0.7419769823095164 0.7552524477244038 0.7697539705949238 0.771414088388774 0.8190556217971721 0.8111479203701479 0.784274042194619 0.7412979588402511 0.7387632830269067 0.7595176938390983 0.7168778414985645 0.710780636671698 0.7090897727679478 0.7097108711818829 0.7389776157450724 0.7160948395927087 0.7137605734169153 0.6859441013870576 0.6923589493100795 0.7133366377950933 0.6852793516286443 0.68779816525715 0.6632802491936043 0.6630290280312086 0.6542899781272872 0.676625172673927 0.6864865349211435 0.6800989657016578 0.6566714536980728 0.6768784379100622 0.6774597641967388 0.6544482667509688 0.6793524404473541 0.7178259677751752 0.7231427904407834 0.7288600348551291 0.7257729412809097 0.6980109423813067 0.7073787368675073 0.6827796821143408 0.6650732062205181 0.6887672995283074
0.7498986929498479 0.7691866005173885 0.7611855432001047 0.7791883949794642 0.7850269689070563 0.792952897044674 0.8065963206653235 0.7975846929719452 0.7796092116414723 0.7688817562016963 0.7528624779653539 0.7337699616019422 0.7140689060868473 0.7156205665567558 0.7418506371509799 0.7450326534874389 0.7136236559431486 0.7173084607248874 0.68313375136625 0.6719594938231924 0.6939820968509433 0.666268982855576 0.645380148294601 0.6268512162406362 0.6526008591753012 0.657139545332649 0.664982075924009 0.6737280551116567 0.6371363568896199 0.6206491836602362 0.6471477236265328 0.6464946608543191 0.655212049147392 0.6882996993554498 0.6667721764358278 0.7222233346491431 0.6895285125822022 0.6757955653546391 0.6789122960587232 0.6870716248544017 0.6866064757934364 0.7135270027356057 0.7006115228596865
0.7829322039749286 0.7826870285279689 0.7501736620694452 0.7553947894626059 0.7778154722151529 0.7986793265886364 0.8111174295858595 0.8240898194302868 0.8292810338376522 0.8039739895361192 0.7626175451352953 0.734556180682421 0.7538821113920305 0.7448073940595906 0.7421498078872748 0.7408793658962834 0.7155382985703115 0.687041483837075 0.6830211324118696 0.6580151524096081 0.6728497818241057 0.6447804618227303 0.6189326058033277 0.6382544491314621 0.6425279453531323 0.675885045790523 0.6513868226167631 0.6617054353581685 0.6432497691419832 0.6157658010516126 0.6399416505682517 0.6428138550699504 0.6661996239711855 0.6511070370093812 0.6459415700609712 0.7107405407525609 0.6817478429240039 0.6383926738542106 0.6732723912375191 0.6623624402646978 0.6927479605165129 0.7161913855367265 0.7135407107960455
0.7497331081208991 0.7770573626059339 0.7418515268654322 0.7620285013990415 0.7875491659768188 0.8000980965852574 0.7880098283645565 0.8164054718539333 0.8168316845571966 0.8050911237233741 0.7730796605146104 0.7323591304859601 0.7342348139036197 0.7227960416258536 0.6998617832599703 0.7177893082852764 0.6809196091545029 0.657543225207179 0.6455189111484174 0.6586781967629554 0.6173789436804107 0.6254787913149443 0.6213775119704621 0.6306821291423511 0.6069296784935884 0.6490146321084853 0.6346767542353094 0.6395840942524663 0.6120135521237483 0.6239977978672645 0.6278443293833186 0.6496045276600575 0.6230230205867437 0.6450127281863482 0.6539294143186326 0.6779747491622631 0.703676904022567 0.6599676584513692 0.6567035407516948 0.660138689890781 0.6985000296883104 0.7092037874265384 0.6635344336016715
0.7447401794657315 0.7347172751350833 0.761693025009053 0.7618209965418994 0.7777967870580138 0.7561445875964679 0.7617227473754575 0.8079544128240408 0.8197865502007646 0.8104211153934687 0.7903230514545705 0.746925723786665 0.7533626320301501 0.7330902272014429 0.6923792970701255 0.656154197514686 0.6631808464016364 0.6151909527848884 0.6319216137624767 0.6139474686709766 0.610961132417941 0.5872068898467836 0.6131634193969837 0.6060930743243008 0.6252258725063059 0.6057026752644502 0.6454099461278776 0.6661438204213678 0.6446694489121041 0.6000302201532268 0.630387867435552 0.6081896253514827 0.6488037656677165 0.6734305237546426 0.6798467031407565 0.6809951981511425 0.679190456938255 0.698105777762456 0.6571691155347695 0.643718449171377 0.6755418846732731 0.6830475422182806 0.6809451801776596
