Raster_benchmarking/DGGS/continuous/raster-19.asc
NCOLS 100
NROWS 100
XLLCORNER 1743157.3827278905
YLLCORNER 5469289.742669961
CELLSIZE 10
NODATA_VALUE -9999
[rows 38 to 56 of 100, columns 0 to 42 of 100]
0.3307381957493822 0.4003744520479519 0.4155395637238639 0.4119226116520896 0.4354236952465117 0.4985742116281803 0.5310253838693677 0.5574091223226814 0.626631380155299 0.648812688915966 0.6463659688141861 0.6615043346540675 0.6619131074452977 0.6154308856987597 0.6032001921478999 0.627126962160519 0.6657834175402626 0.6485210354107718 0.5706677724884042 0.5138089726252777 0.4924987306333082 0.5086612804551986 0.5060491178709632 0.4819767364082176 0.48721663156288497 0.4733710515998175 0.45516795956539025 0.4308087421128541 0.38302387919656783 0.3735558457505692 0.3962347198878408 0.38354881262066476 0.3489292332046404 0.32870242356789 0.26457090273527956 0.24885608053395017 0.24295704227285786 0.2020324298054162 0.19811580656944536 0.1915423919747501 0.15632801637199967 0.19069211217086318 0.1582701830907036
0.327121504566228 0.36843926689260037 0.4411152186752306 0.41692143752084104 0.44378541732466564 0.4920471979669261 0.5772535776092884 0.5783942916691669 0.6025400328492959 0.6459238483072988 0.6289457982418235 0.6470937677594479 0.6140982193794101 0.6351435044619376 0.6176311606617418 0.5871647327616115 0.6272318604492138 0.5897328046508798 0.5744641675779045 0.5050618225957727 0.4592091024659504 0.4655911449560784 0.47444054950480125 0.45296226124579697 0.4295555170045578 0.45663903482965124 0.4390882439586742 0.4422538746318668 0.3965081173424302 0.3978716342855628 0.40457604139196096 0.3943107055620033 0.3916806416350053 0.3805706287823057 0.33103019318949306 0.27010824813675977 0.23125004730547935 0.19762912359672472 0.2015588865341259 0.20266158285223765 0.18789079218995394 0.20332298690226183 0.17391740165477468
0.3119034286888714 0.35186573968743984 0.38721418054602086 0.40379272053472615 0.45624713071942785 0.5316093028129912 0.5678718822656581 0.5619737372686288 0.617571564928447 0.6183440559404139 0.6186160490753285 0.6028399290615989 0.6174602650448849 0.6160773915112187 0.5799910100114324 0.5813669700242242 0.5797702125409141 0.5625400268410161 0.5647519738037845 0.5236158048023255 0.4667207138679705 0.46082432274121604 0.46216141974819236 0.43471402919174645 0.42178279962517384 0.4166818589720419 0.40382528399806183 0.4236924994320729 0.37661770334899153 0.37296995063029825 0.37088730496315314 0.4121094044163823 0.3772694200895003 0.37483555628531456 0.3077574760542409 0.27637381843329023 0.26081675784283964 0.24547452930112912 0.23379346353198516 0.22609410319040377 0.23836018161901834 0.23258942286295112 0.21244686982253325
0.3367076067228409 0.32628693777608636 0.35916048542787776 0.4029632876276155 0.4741256488021693 0.5419465702371277 0.5532279359558435 0.5607684631000391 0.6011046797459632 0.5947958360274472 0.6132193065143736 0.5738247990773818 0.5404718731498581 0.5586440912241722 0.5979483295239587 0.575442565216654 0.5785795387904612 0.5543396162568803 0.5587940601397892 0.49000455679834615 0.45901147285591265 0.47663864907960213 0.4333875647003243 0.40715427752695205 0.3864147753887804 0.3985844694788756 0.4265708121984767 0.4136682371091007 0.3985230589994959 0.38212639029867135 0.36522730873381853 0.36478732636613387 0.40095296936087504 0.34868889842962764 0.31761575500557326 0.31107264016096475 0.2569597313249217 0.2979710147688785 0.2869230109220654 0.2894891226782961 0.3020888019534417 0.2694587982363985 0.2563077764725418
0.3333634049178465 0.3447378089935557 0.3470613326837351 0.43097633333914137 0.48339807977654176 0.5268665512463789 0.5581232552208464 0.5630857377282269 0.5595264781405265 0.5586546178315814 0.5596942299287484 0.5401822224286368 0.5356064489858513 0.5326949220376007 0.545607193105425 0.5544322293595698 0.558020651224294 0.5302873935527652 0.5156697792967405 0.5026476932672618 0.4839605906968198 0.46637920001304856 0.44987706614085105 0.4206355920078252 0.3873050856391019 0.40412364553696845 0.42641801974618243 0.3884911258016247 0.43970276426205923 0.42298111489241985 0.40683092778083346 0.3864515830541647 0.39762182205830043 0.3755416934042678 0.3209770167466702 0.3205383943581074 0.30272723970671667 0.3033560467290602 0.3006742564493173 0.316571250548928 0.30195869599973146 0.2788938848717149 0.2971851111781399
0.3444976399243313 0.3508444187514881 0.35803508490832414 0.4225756059102033 0.47196979315417864 0.5242462933870211 0.550097981115613 0.5245205070678461 0.5348917903250795 0.5597880496807089 0.5383389370497926 0.5251079091712446 0.573092885210023 0.562710839577623 0.4976430257170029 0.5283378259931232 0.5506067336959846 0.4970408975183722 0.5032612218240027 0.462592612254199 0.4870424196073976 0.48006641334419303 0.4243545792026621 0.40026256807061134 0.3623657809361166 0.41146409691217567 0.39386318981315865 0.4032426322679167 0.44006319777865566 0.45281509011962956 0.4127863284811538 0.39433956025835687 0.3763516960341757 0.38075472078007827 0.348797530574719 0.3119828913822036 0.3016147135849877 0.29362381040169355 0.29999632370803925 0.3303325631557693 0.3270117848012733 0.28928737470047117 0.31264339635051863
0.3524647183109216 0.34208905474197154 0.39715538804571204 0.3973116197441229 0.4443654342914339 0.5078028505196331 0.5008022294879664 0.5141623348047583 0.5396951670776486 0.538249787750125 0.523474567239808 0.5102230813762095 0.5446163776866186 0.5519289050266779 0.505721526684672 0.5274373630873301 0.4831555358832397 0.46391097862672936 0.4534524207106924 0.4532447456265926 0.4334363185639058 0.45111263659903067 0.39890160390923024 0.382439712747322 0.34755662643372287 0.3929363498696213 0.4104651543734413 0.4098051312801988 0.4317176894275875 0.4483553925509701 0.42912999912087985 0.42174557239062177 0.4013662628116007 0.3434589794885064 0.3303381849138647 0.313850262068912 0.31176172443147804 0.30614222427437043 0.33666522898489315 0.3091989413666692 0.30945152008568316 0.28627583561871045 0.2910168074203904
0.3295139786434638 0.3457823179959648 0.41290840242387356 0.42865689476850755 0.455227862561587 0.4958892753373437 0.511334073467387 0.5230375126525538 0.49516733908156146 0.5275145583873473 0.4889865782913789 0.4962098414783216 0.534059229712242 0.553998553317772 0.5326823181049448 0.48977617445153554 0.472739446648856 0.43173640129679314 0.42532297944261405 0.451817587626757 0.4414173750824142 0.4105796603093487 0.3878874962084422 0.3884914450353148 0.3486487088959543 0.3719735252056825 0.4323246696563937 0.43905643548607215 0.4620545885846076 0.4635472945437419 0.44160343887642356 0.44282858857507906 0.41880626766138146 0.36864879042445003 0.3092791973322965 0.2867535363648824 0.2882536149330537 0.3065355327567347 0.33379599183572223 0.3180899383553717 0.3224878359048148 0.30309340409718744 0.2902972920350796
0.30952193877293693 0.35076957475679293 0.4283244543344384 0.4272923177483673 0.4472194833176584 0.4895475761858032 0.5115819187737463 0.4938103979338206 0.5114205686577368 0.4946871178278269 0.4902465815819652 0.4841533874587486 0.5199956227763243 0.49467681131949715 0.46742364062293834 0.47765545743065924 0.4687656456219583 0.4413477046206498 0.42573686002794703 0.4279322122717473 0.41806954528537954 0.4317776941032905 0.3963199276115185 0.3626146768858728 0.3641206659586544 0.3775097565025334 0.42532724899285007 0.42722884544252065 0.4204166336949071 0.4332618342204077 0.43072019188089716 0.3898226349279132 0.3700150266297247 0.36531751531508977 0.34535787825318204 0.30264070596093606 0.31660628246171335 0.30888293847215825 0.3278311151300423 0.3252144926391223 0.33747931356978317 0.3200809119587123 0.2924636968230187
0.3016763899888086 0.32298038248357247 0.41869148342618034 0.4406665844185347 0.4817234081622631 0.4705058917627916 0.5225025900998399 0.48232983518781203 0.47760631683855925 0.46050625738867645 0.5026719154516829 0.4929802153873945 0.5131986225884072 0.49673228725703034 0.4614328407753073 0.44703846498561295 0.4317892249726136 0.406892811354666 0.42850006412450803 0.40894639611602496 0.41044683349422373 0.4476671785060437 0.41386569303569 0.37454874911196867 0.3653889386450412 0.3864228868000435 0.3956398442789806 0.4416822407773807 0.44478641669933444 0.43989118191306964 0.39000812911346144 0.3827322822485468 0.37395571917107107 0.34459466958313817 0.31509153824896047 0.3424227286054673 0.3010326199393073 0.284667506757569 0.28135608198780393 0.2809813571067448 0.31917591442620896 0.29882349901085864 0.267481444927435
0.32160210186972327 0.3245855980743271 0.38893519929653164 0.44120462996837784 0.4862560541258223 0.48870413217974057 0.46309307336060257 0.48653726551372045 0.4640110948077185 0.47118958423015084 0.4642116415885511 0.44061402209108247 0.43324105148495773 0.44351539968850456 0.44585802860397833 0.4372520593345746 0.43844966551962167 0.42643358241336726 0.44590101604487087 0.42829565356401295 0.4330951904943778 0.45092660993238953 0.41164711070806814 0.3661314080477085 0.34452709476100474 0.35825113246498314 0.36996773930166843 0.39181881810700114 0.38804228932560664 0.3854994186383253 0.3759052080332981 0.35583746858016324 0.32261913643449575 0.32246360220629494 0.35093728826189746 0.3557434075232057 0.30767731116676666 0.315623398880183 0.3111256440095356 0.28968152381701756 0.27880023431706347 0.29024850931868423 0.2837002722893518
0.31020190125896335 0.35834276439747875 0.371240677166994 0.41559417903895607 0.46039869290245305 0.47969281173891454 0.44636082649492503 0.499664872904856 0.5101175290179847 0.48777952353850856 0.4411292609595024 0.4620079929244626 0.4097847936838776 0.4429565033851815 0.41169685568478986 0.42974389021668336 0.4095276301481418 0.44946178987345464 0.442297084999749 0.4228848370533764 0.4841997773157319 0.42580645663250694 0.39663649822942093 0.4163746857206422 0.3922897457461633 0.37809501913608506 0.3642277916361728 0.4134603963799653 0.41239865486647076 0.3851186727963049 0.34022554252713866 0.34290280665157463 0.3440845218549084 0.36752061466043595 0.34036335975444865 0.35116912655913585 0.36284461783707594 0.30398155604980787 0.2575217672592765 0.24413584760395757 0.23809278600207961 0.2612386423113221 0.29055568315776714
0.33623854662871666 0.3713077546839047 0.3790047918112812 0.39666362960837975 0.43759591515469703 0.4453015212265871 0.42705808088715275 0.466588276317846 0.46095162601388323 0.482931150294229 0.47487950263838496 0.45548088091827793 0.4410651101967008 0.42164151558311175 0.40680561624855477 0.43561570197831223 0.45534332955984186 0.4455560341194804 0.4397965295584379 0.43656071245213823 0.4820911643372577 0.44667636323831617 0.4391046667434905 0.4254516617598556 0.43406111601039815 0.38349261603460105 0.3967164076517035 0.3979266206793906 0.37708772771779475 0.3793386846138273 0.371487620871042 0.3529574083285278 0.3338632189609098 0.36971008743212497 0.34919420345008406 0.35748137808972524 0.33132915877947416 0.3251033245470351 0.28472150607751845 0.25422280127948266 0.27245437788348204 0.3080804187230318 0.3061864747387119
0.32807714603323557 0.36263372506974595 0.40474839649071087 0.407916304227244 0.3974222426459342 0.4051885293487775 0.41714197225550737 0.4132358943496993 0.42497183716995485 0.44537937862429416 0.4503681765800194 0.41831402194355605 0.4282578496247301 0.42349550175915557 0.4673076434201203 0.4722437572349555 0.4523057999738602 0.4358516835123194 0.44959237207733777 0.4443680034392701 0.4552520403541191 0.47021594730927413 0.47550750174930323 0.4764897418452229 0.4289756605196077 0.3959459139845558 0.380902851349125 0.38207634959207537 0.3775190045132246 0.3622882658405069 0.3660984340731584 0.371084512463037 0.3659940997080781 0.3878336006773168 0.36483007512802146 0.3686651355623592 0.3297548915086982 0.32853892091097936 0.30009832121626406 0.29829731572787893 0.2831552166690569 0.31880068619354734 0.3167665546897401
0.3356270971668362 0.3780648993572843 0.34805045950482627 0.3718420167086849 0.3833510331519658 0.4076551556439338 0.41248356506114486 0.42418809622718934 0.45050658547195266 0.45553803034777623 0.4591798017923053 0.4337084588232677 0.45169721574503285 0.48269437020086525 0.4915351218443004 0.45851619352172995 0.4306569644547378 0.42877433670269605 0.45339261421181265 0.4295111564626598 0.4398505535759312 0.46155105731846774 0.48211806562743637 0.46798503821064186 0.4558480540294593 0.42048586992208564 0.4096615899772031 0.38321028047126526 0.4113284767876017 0.4200283703120196 0.38795300459852694 0.361149237144724 0.36335285893021 0.36389216990102147 0.38969471800216093 0.3836239046695076 0.3479143899307906 0.32498410973225816 0.30873737554737063 0.2883531728647302 0.26320909765549355 0.2763944063747692 0.2956926141426709
0.36885013136108885 0.33220067933539527 0.3298782876748402 0.37688342241446665 0.3445452548499774 0.37569104764126077 0.3768367803982404 0.4162537736387959 0.4875564876480293 0.44319756347014855 0.44259825668845776 0.44590693994562663 0.47253764631797546 0.4594862766050219 0.458223310621343 0.42066489716291705 0.42351138305027847 0.4586072529476345 0.4762680571241197 0.4132678964577492 0.41363506997399 0.4582721896345893 0.48630939499859654 0.4916243844250981 0.43778401702907815 0.429006300055302 0.385456603583679 0.3793978115548923 0.42330670097220946 0.42985230142709296 0.41889923685099834 0.4032665239375089 0.3410640105582812 0.374174302533663 0.39630196986694766 0.36197400251716016 0.33867173562657327 0.3008890354623007 0.31783765189539126 0.27001323222667595 0.2339694012587652 0.310111686471657 0.3217337421538902
0.4009062665318591 0.3498866937112657 0.36476540427669735 0.37063248581567876 0.38315180142420924 0.4134387250305141 0.44031999132468674 0.45740937487546085 0.46783885494534977 0.46737587984478796 0.4443808439920656 0.45474726673091787 0.48637212331210555 0.45931510085946875 0.4783178037186657 0.4510505550145298 0.46601030372762287 0.46205978751167115 0.4362270643791973 0.4410207934995763 0.43798058432224973 0.46378375257033855 0.4605125415787021 0.48537588178385094 0.4785296705632042 0.43997371164152294 0.4178510811479291 0.3870180738948826 0.4208010037253306 0.4306995869335206 0.42885886868853795 0.39438516389048295 0.36227647814280234 0.38602517206715925 0.36178837904778877 0.364613922246169 0.3334637409309264 0.3203123484941158 0.35689291334011936 0.31852408388623565 0.32302946180296216 0.32686582195164876 0.33491141243102146
0.4325969825632532 0.381367742308796 0.3648633090002617 0.39701968906913965 0.4173725828714334 0.41993361993535416 0.4345918633361956 0.47033728312063233 0.503618574587403 0.49597005977443476 0.48885839701843975 0.4668836378322999 0.4779417561444625 0.48029363287276167 0.5061469821785253 0.45469273368827473 0.48793689092482323 0.4494227063755907 0.45752588040350173 0.4825835805663179 0.494956724905842 0.4885864492872071 0.4932414763346564 0.47801126194178833 0.5035937711129858 0.4836683396327724 0.42743833463745673 0.40664407906895106 0.4041455210625106 0.45445227171115454 0.44414480945678103 0.42107171225426915 0.36505903902219033 0.35890413282539585 0.3832939714466737 0.35222584965627224 0.3396754101253311 0.3589998669349675 0.375822056195159 0.36977024166536004 0.32485615623292197 0.3370940455930764 0.3293075315908799
0.3829592098299716 0.3931121682747458 0.3710210366100553 0.3844611298424964 0.38364145164071173 0.3806033977339405 0.44079750988730404 0.45767736321568897 0.5100742866917081 0.4883618980173567 0.47738989349719707 0.5229308118200979 0.5324447784957901 0.4838844303956035 0.4701856133642515 0.4707490898169813 0.4838497171135986 0.45512097385124467 0.4996346089221726 0.5271624120024178 0.5129453701817934 0.5244473315326788 0.5141741242187234 0.5362571699827153 0.5192127294724715 0.46020432358088437 0.45045243277880204 0.4588685386900532 0.47207088073060244 0.459711807117247 0.44112910901290975 0.4497647273109438 0.4102129745273937 0.39924574857843803 0.38976743109300677 0.3748593522408114 0.4030557516377517 0.3830009043169042 0.41640610859515265 0.39895584499725517 0.40165617159474926 0.37750579667361606 0.37410143044051963
