Raster_benchmarking/DGGS/continuous/raster-157.asc
NCOLS 100
NROWS 100
XLLCORNER 1743159.2212578165
YLLCORNER 5469296.128958153
CELLSIZE 10
NODATA_VALUE -9999
[rows 19 to 37 of 100, columns 43 to 85 of 100]
0.5574289846711551 0.5866043072685994 0.5756431178934748 0.5752862653352071 0.6061891082647628 0.5947846187324686 0.6009861682005908 0.6307635647018026 0.640336218394904 0.624346406421262 0.637502113821331 0.6565991543902969 0.6356193614965978 0.6429336766334939 0.5977846843818856 0.5885979262485087 0.6045495182699464 0.604615355299053 0.6118157325909632 0.5813501069983784 0.5948322763358049 0.5693389941593048 0.5572968579399948 0.5297502179013616 0.5429116873561313 0.5542496223443766 0.5498364004567886 0.5669197590974414 0.5368896320243237 0.5877431994018545 0.596708541855901 0.5858125243800617 0.6038851928641155 0.6566481967248514 0.6592578585735778 0.6974068014022491 0.6850824130305048 0.6535788716168633 0.6142597215974268 0.599292273186267 0.6038871420881782 0.5833536697194964 0.5697800981520187
0.5662884847995512 0.5466418608633634 0.5597591276654323 0.5755474631791532 0.585476436542866 0.6188364304795337 0.6108545915093051 0.6207449027756989 0.6127021518870522 0.6133469172943044 0.6280014578344437 0.6445168766728698 0.6420761501996283 0.6330150075343937 0.6317119296242775 0.5991077889670293 0.6114437495284737 0.5911043817269814 0.6006758494058159 0.5634423723878625 0.5690480331529694 0.5399421758935442 0.5361178590070501 0.5625054640962504 0.5415266640327383 0.5445896003002156 0.5291491522046973 0.5249951744208009 0.5298605551569389 0.5332423510936547 0.5753001683710894 0.5571101131887588 0.6048498566194394 0.6645209519410041 0.6601309639219105 0.6945783538201808 0.6621593808012459 0.6142850695010997 0.6027806191967007 0.5712185102386937 0.5841520286912654 0.5786291132121182 0.5750311837318983
0.5734219450862916 0.5737334372203837 0.572515052650839 0.5900573779432862 0.6030533404346322 0.5963330384112474 0.6143221501207041 0.6328104417230117 0.6085000757214889 0.6184276385214189 0.6277392038971175 0.648342571809351 0.6147992977266499 0.6345799996353693 0.6238655243930171 0.5950874320057808 0.6141458266355779 0.5775278860365215 0.5570634247037602 0.5401306090480035 0.5458982199645446 0.5659679247817754 0.5565852056710909 0.5374064167413903 0.5586873351662887 0.5315299043889453 0.5411440263119291 0.5518417524664448 0.5290787009985979 0.5422488030057779 0.5339622369315976 0.5856581552801895 0.6008421472015204 0.6493885565511148 0.6709895957403553 0.6584596682840705 0.6500941142072759 0.6005706732002591 0.5766427034679386 0.5533132437680827 0.5787737151050064 0.5542250636459305 0.5350593525147559
0.5698448387160706 0.5467573913721581 0.5560373192165592 0.5838901846039957 0.5782338923944214 0.5885858297076262 0.6018237113633371 0.6294603504630217 0.6340851014590096 0.6530656064715618 0.6251556581083123 0.6251810259965418 0.6311835245549866 0.6432344884682467 0.6223085736238098 0.5921654750825517 0.5938228648405881 0.5980882149252552 0.5603702290762095 0.555571023746491 0.5542226646128847 0.5496786918771187 0.5639862891058796 0.545863674275231 0.5519637693881857 0.5507928244090757 0.5227126468079959 0.5349977922653648 0.5509701606494487 0.529595226259385 0.5615997133482277 0.5974183521224609 0.6297925681390856 0.6479128004011714 0.6560557393725032 0.6504126096279877 0.653161758701213 0.6235694701659845 0.6101214022932796 0.5686709406363561 0.5706790299241316 0.561383426848275 0.5241350018756061
0.6061000166068378 0.5860820824022686 0.5944091731247445 0.5696537862943262 0.5685040187258039 0.6156774327143473 0.6080122414358271 0.6400979119311366 0.6287080895174627 0.6301977367657183 0.6115899547781556 0.6277760431784537 0.6371674978781845 0.6011174791534133 0.5987569856886885 0.6184064417288809 0.6010645918735433 0.5931970233051109 0.5656976928514527 0.5789054171111012 0.5434071412326859 0.5271622730890294 0.5613248305376942 0.5440419711917398 0.5309487205163229 0.5580123028649939 0.5460325777722835 0.5427236342081178 0.5685770276985633 0.541310251851853 0.5829295668475246 0.6045460343063203 0.6066283415893406 0.6579062905707892 0.6461229092034413 0.6295473226112721 0.6164616246296153 0.6065837844796941 0.5852637889047224 0.5493292964628737 0.554035520466693 0.5746868036925668 0.5463993412138134
0.5966783047726664 0.5975222270078285 0.6101280246426327 0.5718107177767224 0.6112384892740512 0.6109696715592078 0.6262570148507381 0.654987914738295 0.6343849613381252 0.6347871133354105 0.6194870770865626 0.6005484064810022 0.6104996017028844 0.604049474354897 0.607490286938909 0.5958266796388674 0.5879205214200457 0.5775635560782078 0.5928617354145002 0.5746246078517588 0.5456695851825374 0.5244849738713678 0.5509136696884497 0.5466475174153107 0.5463932951469745 0.544307080470147 0.549619829743239 0.5725202921766233 0.5599608314286089 0.5702084520340457 0.5903779648569472 0.5922136053390341 0.5961753899981191 0.649457150714237 0.6633500169150451 0.6472337387782434 0.6039141801658173 0.611349851726783 0.5672973349180567 0.5296489519062931 0.5521966599250528 0.5608567919398295 0.5366589255876846
0.6101939180145337 0.5896626379456764 0.5908086184578091 0.6221366782580632 0.6182794255847751 0.6099833260577101 0.6371273694295905 0.6333230476932413 0.6596561100983032 0.6576899475704682 0.6255502388918168 0.6163753250969798 0.5952347385093059 0.6246888994811651 0.5962556451115706 0.6119983172278128 0.6055790306701179 0.5948651304190935 0.5673600108583159 0.562362748728782 0.5633541075397016 0.5518322016491317 0.5124506860428589 0.4983536932389491 0.509454859017904 0.5413204878256986 0.5436472326706914 0.5556930121946663 0.5423235509805344 0.5356526989188647 0.5662872040181155 0.5619288761513139 0.5866433528806504 0.6038852072682112 0.6411025505304869 0.6408918393163775 0.6025334615274925 0.573889119401073 0.5596384602050788 0.5633795636994215 0.560258509709308 0.5371241089598195 0.5433582837854342
0.6091982626750881 0.615150107647515 0.6354011457055992 0.645135569870391 0.617328521412638 0.62521277397451 0.6064180947727714 0.653697660727544 0.6369089873226064 0.6246552958219409 0.5941097019701683 0.6010534984553496 0.612373033464077 0.6345968266870281 0.6105424431648142 0.6263659986975226 0.6270712089564188 0.5823977609074493 0.5699906754572974 0.5541121421251096 0.5635529539491221 0.5535863818826637 0.507461181945204 0.5023293790237124 0.5142608506660293 0.5265938077509013 0.5449937122147342 0.5265828252646262 0.531068379739418 0.5430246065187524 0.5513865599565311 0.5442824192805968 0.5703983054116725 0.6235794994318605 0.5993770045132795 0.5934094780018581 0.5724458833997204 0.5740619007123341 0.5509226907162545 0.5352777314050465 0.5590982330882247 0.5320126971008539 0.532932758616314
0.6054548060447784 0.6140686258839385 0.6338912540641406 0.6515461849804872 0.6074354039161352 0.5812854440640584 0.5956695671748824 0.5957663731910323 0.6303329723888499 0.634559295248736 0.6082406692456684 0.5860037313161296 0.5844087964527055 0.6095727895429791 0.6063987822445596 0.6299400488053786 0.6084531054387445 0.5868075518229667 0.5593059248964405 0.5767147396547955 0.5643529722747094 0.5245394043137641 0.5012915286714681 0.49217081144567637 0.5203452409144435 0.4978452626705549 0.4968701563751521 0.5289746616530641 0.5320686838274752 0.5522328170943499 0.5496011589815267 0.5701550919148162 0.5662380657894457 0.571438414057548 0.5846177967946874 0.5980833770597161 0.5803565250826321 0.5511421479193269 0.5584566554288051 0.5423675270890013 0.5500894002706302 0.5319771740591978 0.5054363275097034
0.5931369658844424 0.6321876102630232 0.6503415379797197 0.6480110324976747 0.5964645828335124 0.5783939765148883 0.5775621547151771 0.5690645400292428 0.5750113424165719 0.6058180597240134 0.5753792389883083 0.5924822889209115 0.5905073681438027 0.5907413603954835 0.6147768826418152 0.6174643170937775 0.5734255680240841 0.5590192043147587 0.5480458569043144 0.5602673407066145 0.5633654491470796 0.5315492357329604 0.5013791046102601 0.4974807220292553 0.49944615836125505 0.5115179014225967 0.5099383564143607 0.49362235229916784 0.485972118316648 0.5050023288256262 0.5135516523511565 0.556101114909037 0.5766847680673068 0.5505561489487693 0.5701134678359012 0.5540685019341486 0.5566391135858098 0.5249210705596193 0.531645088143759 0.5695289736409745 0.5566400989746558 0.5187786267510015 0.5267809433342752
0.6140782737199381 0.6247126473197113 0.6189066458370635 0.6062968676717967 0.6090934395016592 0.5670920555734803 0.5597265585618538 0.5675922208241652 0.5478422246468251 0.5517708900761444 0.5642315702451345 0.5514259277165922 0.5894653033194773 0.576674233942433 0.5703847444237404 0.5915221853814212 0.5629906870886655 0.5526552715035999 0.5656328824948537 0.5768022593855416 0.5790950946289768 0.5523341996916696 0.5196250518686465 0.5350822914701996 0.5091889286533435 0.5021495837509224 0.5096719512379316 0.5055984318466638 0.48569403620275203 0.5089251094468196 0.5300208206433541 0.5261431883453634 0.5557967687729294 0.5465174843687772 0.5468617672719146 0.5711290597789521 0.5514901250601449 0.5114382864939632 0.5146842163318363 0.5371261620129238 0.524225172131031 0.5007901057521768 0.5049191856751188
0.5964766894934064 0.6169525477598226 0.5899227110944448 0.5963915124740644 0.607505391140463 0.5591577052139142 0.5741060962764208 0.5326628489696769 0.5563809805533468 0.5448074205766357 0.5437973660981962 0.5449939182374871 0.571578315427302 0.5729813721439395 0.5911476552616739 0.5707078075212031 0.5614747832825103 0.5815612916911562 0.5621149449915765 0.5924636100648131 0.5912317843088534 0.5673088889599003 0.5267801948052755 0.5329207972516238 0.5387894975315656 0.515689994122239 0.5059669491889625 0.4956131389120683 0.4704202955849288 0.4882543674748514 0.4833650515254136 0.5022610811219286 0.5445683560038989 0.543691691362584 0.5419999365494168 0.5512116914883964 0.5328057726613946 0.5258435291444428 0.5340182080406511 0.496337453322098 0.4990642926579495 0.5136001903176809 0.5009461441318319
0.5900885160606022 0.6046065797023669 0.5980740937553618 0.5793274093225095 0.5842267281276134 0.5735447290499974 0.5576666557236092 0.5709599903178171 0.5499169837528483 0.5363558743551553 0.5483667334259642 0.5523590682091019 0.5381558280265227 0.5769099138084454 0.5716221867029709 0.5871602150727389 0.5881396036566007 0.5677149840920385 0.5793867782108253 0.6071384002070628 0.5875825051280381 0.5784484003721301 0.5424855100448206 0.5254865968268383 0.5199703667214175 0.4998110402684434 0.4992199461475514 0.4959444750520412 0.48610501653668214 0.4925763490436837 0.4950119941891171 0.4821929556956527 0.5005409696331855 0.5102772169632152 0.5448507749160656 0.5345775379465495 0.5146653022952122 0.5301779311668486 0.5123070159155091 0.5184505725922645 0.48704813279383125 0.48926668333241385 0.5035182796819037
0.5802797260099847 0.5614868584383104 0.5937277423776318 0.5579840158705015 0.5615477556001822 0.5722354287966339 0.5800455777560013 0.5970148361800032 0.5680892539294924 0.5587952438009535 0.5569021761413894 0.5369169774535878 0.5256856334210585 0.54387354452658 0.5637900173605279 0.5975561130037961 0.5893381598545084 0.5812442637319958 0.6125023350185881 0.6086430463414164 0.5952529097104312 0.5462603511620153 0.5372476610768664 0.4996876295808223 0.5197857359074389 0.4921144518879903 0.4956825806234526 0.4941782726841525 0.5235289669272909 0.5405688158484182 0.5312322310510236 0.4991527073256479 0.5048651865509545 0.5380709760320236 0.5361476642534367 0.505926862249143 0.5238716013117583 0.5180189844549604 0.517661774836147 0.5056647397289286 0.4685587318577422 0.46507274208750865 0.4838321360159512
0.5610739617813879 0.5781562262987353 0.5827018616519056 0.5850846165743367 0.585079380651875 0.5918744235999203 0.5746002251486592 0.5694128783425629 0.5918173696718619 0.5925819955760638 0.5539910606416316 0.5687256253411747 0.5621529572969837 0.536999144308003 0.569688026174089 0.5865020120886617 0.6192814965328031 0.6216597201287231 0.623879234921072 0.6118933563941856 0.589498066441155 0.5742297000546086 0.5360011855205881 0.520896921905314 0.5283377523006215 0.5172685615805284 0.4912581592100824 0.5116874840139153 0.5033957234530065 0.5504723919123281 0.5506348464193228 0.521010486069566 0.5211096514131264 0.5069045041240418 0.5095531908136312 0.48700633713891356 0.4936633036491185 0.5316985728148351 0.5151932260437051 0.4946155170375076 0.49892932246438554 0.4528175115257442 0.4586476734598258
0.5648864851229021 0.5873590400681861 0.5742384757356044 0.5934635236519702 0.593694866294208 0.5910677908612606 0.577397280777969 0.5752262720955985 0.5966266208097425 0.593381195980696 0.5814582510772447 0.5997966497964797 0.5534252433486535 0.5488145695776929 0.5771840545080215 0.5868243898577343 0.6302633934861374 0.6493623476732487 0.6240101417500329 0.5905541785030757 0.6139504229585434 0.580906586411704 0.5615524703011108 0.5270196358534 0.5258761824744042 0.5079155944797256 0.5233592155828131 0.5116582944638551 0.5414678965580355 0.5519402245631386 0.5545227632944354 0.5390677290667616 0.5133394799588591 0.49364699485204033 0.5025743746797339 0.49105555178253973 0.5184176213740036 0.517747370221169 0.49555092702514547 0.5088858824018617 0.5058490954922916 0.46660323633515616 0.43823412744764867
0.5837944934551235 0.5597629921628064 0.5674954707982026 0.5749877112395798 0.5831905908243038 0.5612917663381015 0.5833052341110376 0.6028269025529908 0.5999684167115125 0.574523075173656 0.5680189534840132 0.5640326278537725 0.557444605125248 0.5824263302511301 0.5807902286908531 0.615262884056845 0.6289054835589627 0.6169352905648794 0.634301707903822 0.62980440402524 0.6290067703597318 0.5905983384356365 0.569332708152473 0.5510237692490414 0.5334590081455766 0.5494589277844605 0.5365525830285471 0.508384691596443 0.5328200958593835 0.5431894243511715 0.5468720998378375 0.5364310813727836 0.5122209969446953 0.49865027197069095 0.49406859457953867 0.5065510228858635 0.49803704685375255 0.48983293881782003 0.46014064172768576 0.4837614729354654 0.4686366293298944 0.47534661181470195 0.4491884281172962
0.562629836612233 0.5364688356237124 0.5614368393443341 0.5378047889396729 0.5646795958652087 0.5576523444856378 0.5764463170048869 0.5927301164343444 0.602356465127963 0.5672836793800136 0.5602394193248041 0.5743548941667633 0.5608877512893127 0.5587630739681554 0.5998872465655434 0.5885105964975123 0.6124250030358789 0.6101590836020812 0.6252646297866429 0.6597040478373513 0.6436412849017477 0.6171431551863368 0.5588436709964718 0.5163192297791286 0.5403038092932732 0.5404369309306006 0.5417516325859202 0.5206806237064499 0.5197744554261534 0.5211722059535862 0.5335152806168869 0.5527050894643739 0.512268213660407 0.538668225405334 0.47980447262853004 0.49159300406140766 0.46396942065157337 0.4518359740516341 0.4255711046226019 0.44463142201054945 0.4459777235206171 0.44814255514917406 0.4305703714028605
0.5669921776483214 0.5450187871152937 0.5674367256543515 0.5763713860769865 0.5863607961877391 0.5608125357278286 0.568847322191639 0.5874902233838868 0.5821703329243589 0.5962570912504049 0.5830595201722016 0.5861244955608244 0.5677093799605276 0.6014843653626657 0.6037636993417287 0.6009135634183044 0.5745837672287986 0.5745809464062772 0.6206571358548789 0.6110993120797824 0.5922502405860124 0.5982594021274392 0.5604199355225551 0.5292216182806135 0.531818124031183 0.5345362483114239 0.5212951329421336 0.5239630911034088 0.512950989839687 0.48330332724713543 0.5040450105536126 0.5050492762481393 0.5077915623524525 0.5154892700866958 0.46054510065868476 0.436817224091695 0.4467642251447896 0.44360912845567335 0.4095648956360272 0.3872850617256241 0.4053977962293658 0.40455040256340297 0.40813888595663
