Raster_benchmarking/DGGS/continuous/raster-8.asc
NCOLS 100
NROWS 100
XLLCORNER 1743164.2450794568
YLLCORNER 5469282.775170633
CELLSIZE 10
NODATA_VALUE -9999
[rows 19 to 37 of 100, columns 43 to 85 of 100]
0.15225689607422702 0.18918628511626168 0.1914837781505157 0.1743203982574148 0.13668728605897612 0.1391773768016591 0.14779856229496063 0.14248714242202223 0.12713669249327306 0.1670339077292443 0.15954531755488793 0.13554113182435698 0.14316698136272266 0.13144220046061117 0.12507986604916685 0.13962810106238147 0.1789093971903885 0.21181762134473933 0.23462860986033812 0.25772258001640586 0.2715776891375045 0.2622048532355708 0.27541673920694737 0.26572801035582283 0.2642379532169612 0.2480317985823605 0.2883453459931239 0.2938659879677483 0.2993166271548468 0.2967468043873392 0.33947202658906445 0.3428088673908279 0.41107534983898436 0.43097663096458033 0.4752799835495921 0.4884197884055465 0.49564049968812346 0.465273358580421 0.44790507668892393 0.49384804841024754 0.4792547788326409 0.5011827052298132 0.50389033241124
0.1268341126350085 0.17421897116132015 0.15526837560228116 0.13795090060988857 0.11646600313227215 0.11552204130544255 0.10622363827132701 0.10345984428103877 0.10769492577156631 0.1272593969817039 0.16070852977655248 0.16454059532188595 0.13454826038531337 0.10029522892112532 0.11078381101673632 0.15144606109248987 0.18184281878933056 0.20889163593025453 0.2263476555766307 0.26774069714601473 0.2739314942473295 0.29614804172838505 0.308894829797218 0.27690778069530647 0.2699284076806208 0.24658570478825373 0.28002112748776775 0.3042740909228847 0.29532615727750716 0.3000290868946954 0.3275766151015869 0.39149832188205475 0.4305607157862795 0.4497240834670334 0.44557789402475195 0.5052590195489518 0.5373086899405499 0.5210665999240722 0.48405367616342515 0.48089375743846047 0.49554076156953747 0.501145761895349 0.5270106432041692
0.11929740097231427 0.14569166902454508 0.11200323353142794 0.10663185538638986 0.11970911426438555 0.13367939977199012 0.12432857527447115 0.12489117711870812 0.13453764353194625 0.13284053294296178 0.13569175975266673 0.14458700453195558 0.13524874356740146 0.11572155561406837 0.11633317308810232 0.15933228530007773 0.15890400433515695 0.20265165929577655 0.22965278604562153 0.26027300165988293 0.262927794194761 0.2559056444485784 0.30015031253174274 0.2984468358035243 0.3103927862704846 0.2825887420692133 0.2986880365393536 0.30539291007132807 0.30244228452683136 0.3353076297199488 0.35229890852489243 0.3943116852389063 0.4324776435141749 0.4436036228851994 0.4680466600769048 0.5095532399458979 0.535242695624292 0.5099081807548151 0.4969818389946018 0.49269538429968857 0.5057263397974167 0.4966926943305862 0.5190014240077979
0.12045537996671225 0.11177062340768981 0.11198423508058217 0.11688415212857435 0.12640960676085825 0.1399279203541935 0.1386776533936832 0.1538775738548622 0.16150283044282257 0.1287190454606637 0.12528715656145034 0.1233884025270691 0.1558434538318483 0.1110834267894611 0.11497832352842582 0.15483200679591763 0.16941152998163012 0.18897495072695555 0.22160435798542466 0.25615194702851696 0.23086436497737725 0.24986727959681823 0.25246037655801223 0.27883834475844815 0.3270451905484323 0.30374644010214347 0.3373054123010101 0.3543001870472615 0.3627256840487352 0.3554219479416176 0.4019627599133017 0.40505318506857424 0.41016823671213404 0.4544959780590603 0.48384131981834927 0.520918951697634 0.5200714899988392 0.528298364489332 0.5334708906642107 0.5373658393130333 0.5114566346726109 0.5231940790366836 0.47695145605518335
0.08972999080858124 0.10798984849017448 0.1206914934134681 0.13674924299658378 0.13845554885294337 0.11575541533957531 0.13707901692903315 0.1404590971713279 0.15013138922945055 0.12477568751660487 0.09933773450429882 0.1078873510067704 0.11716834119697218 0.09854379566742992 0.08293783472164647 0.12443065220249454 0.15963932334281944 0.19292617299743053 0.21229689596464182 0.23374745587913015 0.2555906780785732 0.26456380647054717 0.269638855438743 0.2837370162417619 0.31398259035990406 0.3230141506016883 0.32721572977116314 0.35345583747340603 0.3618669421832858 0.39915669119589636 0.4181330605883311 0.41478096453424046 0.408176815746296 0.43409200370408824 0.4882655984983264 0.4942209752198379 0.5202375822043686 0.5063679617422268 0.5339157432815398 0.5227731528736077 0.5327581431963262 0.5372237464774742 0.5168516917269459
0.08622261156083308 0.08061065625293576 0.084410773002771 0.11929045413313226 0.15849272230693634 0.1259173102021591 0.10867322420336908 0.11725226755175013 0.1427899034662854 0.1349721406055254 0.10872392639954 0.13295335921000132 0.09933975653999862 0.1076337419267476 0.08375429689891904 0.10911958535864379 0.1984273112444592 0.1946573463254742 0.20240385978231726 0.23056755118808683 0.2533617344110974 0.2851194663076649 0.2844642945678889 0.3035730292924999 0.3063584796451419 0.31170898520782464 0.3605790254892114 0.35348990157914945 0.3858408686749171 0.39927095118510464 0.44333941415958505 0.43766795907502876 0.3981309813000675 0.4337053141876153 0.4999115229861039 0.5072281835575023 0.5366904054305649 0.5083614551840574 0.5160967218733785 0.544001559903188 0.5392320209596918 0.5540583531009504 0.5667734547840828
0.10126939839461385 0.09853057365739833 0.08021671137609243 0.10026467835811782 0.14623747269985948 0.13999561064371538 0.11923921327552883 0.14588843285680803 0.145534572545364 0.11331739711178561 0.09411182822543815 0.1229734946045398 0.1247169714681977 0.11153019704119177 0.08125058330573473 0.1054695960744364 0.15561198301726892 0.16301257569111793 0.21956662272889124 0.23726890717029875 0.26240381574911786 0.2568991654468473 0.3017690376271291 0.2938317472824452 0.3366096231539365 0.3433343573368052 0.36163667483382606 0.3723548382929473 0.402739207370541 0.4285964667289401 0.41691878302984 0.4414828358922761 0.43358324882623767 0.46610014423009477 0.5000967779209964 0.4973814394210472 0.552705210795239 0.5508127661283989 0.547600599311399 0.5706053148861516 0.5653161907235188 0.5547180153809398 0.5763311998839782
0.13066235877802662 0.10889657436223081 0.11234769065829685 0.12014956546039525 0.11958935073380016 0.16895567714086132 0.14660221379359648 0.12044690069752272 0.11271752397554616 0.12014161421955181 0.1244048356413466 0.09613594952655198 0.09392251040030135 0.06457292063808752 0.07806495329427926 0.10394980480619674 0.13132416637345426 0.17049141680210114 0.19811940753454735 0.21612263980262442 0.24784440760409296 0.27363547742245853 0.29532607823784424 0.32093177255481475 0.3246340853056972 0.3500606558882801 0.3564764095874741 0.3941254915627249 0.3901154219227157 0.43287041296930684 0.4388521310572031 0.4502313044362744 0.4782371945115842 0.5076909952814134 0.5082918801850683 0.528671649697623 0.5355505124196557 0.5659032826565257 0.5728346525232638 0.567917716721706 0.5933553183010405 0.5735050063917715 0.5833225089595734
0.1021196202532638 0.12360849754046269 0.12824299952813945 0.1570950681320568 0.15392142122509408 0.1884383669416688 0.14890391016379034 0.15331533233847996 0.14621580297337902 0.11854730482593487 0.10980562039635014 0.08189624001956972 0.06332354542478205 0.06867966727777558 0.08463947216125375 0.12161598989886152 0.12653574838218498 0.1562128304200668 0.17690780509078372 0.17958625017173047 0.2161248350028708 0.25677656778197405 0.29117348439522095 0.31634445396989924 0.3282105627439913 0.3710684954425551 0.3822468018088795 0.3806158594340637 0.4129227586087923 0.4198326287213939 0.45732766860626656 0.468895160321881 0.502759886874154 0.5286695733567849 0.5560879453268724 0.5526594211025618 0.5535301995985564 0.5528923524987208 0.5783262182362483 0.5758544881543579 0.5587771301724885 0.5702893851240323 0.5782093169111088
0.09563179450017427 0.10593752032702217 0.1630249231591294 0.17405244131038627 0.20662577813789487 0.19282928769848612 0.19987519201660275 0.1629678770531061 0.18903561329860916 0.11845636633840827 0.09554921213271539 0.08427232224547293 0.08379111066602815 0.09630822242356835 0.10402942188982907 0.11014073297240508 0.0876869889686046 0.1406457520161427 0.13900364150398023 0.17801627546949977 0.17460238855529364 0.2102939945981491 0.26556960530227747 0.30440053344310924 0.3782878603860383 0.3602859244748133 0.3772665088755776 0.4220550509585146 0.45908976462743945 0.44466184671852454 0.46100282020618694 0.4796909683539845 0.4968873652115592 0.54346610231492 0.5519550802415147 0.5411185534955258 0.5789379294819021 0.5737288419269527 0.5685020968376641 0.5759507504275944 0.5736167461872068 0.5823643657920189 0.565590570394808
0.12847870276835002 0.11539404409527408 0.1432193956664293 0.16130336223880784 0.18183746014482602 0.20853722711058373 0.19602482204219474 0.1791635774807155 0.13574565275626102 0.12931885568566046 0.1320966198082745 0.12221596466392377 0.09334202521206683 0.09358600630327761 0.1257275534487451 0.11510584125429334 0.10321122290930697 0.10122582161770369 0.12934941631724006 0.15290010212444727 0.19738193174829916 0.2115323689688183 0.23213254991455426 0.296012233542975 0.34140882297967684 0.34635111905053767 0.38394444989443655 0.4223380801572197 0.4388164364784573 0.44652761903923993 0.47471474989985857 0.4817411576042296 0.48320574031266783 0.5052234818566096 0.5371162114687319 0.5406406813947776 0.5651128831210488 0.5662839868394022 0.568543392001387 0.5556835908384962 0.5629423704010529 0.5712635644434719 0.560768076238578
0.12469509513481183 0.15004711658100894 0.13939529827522432 0.17493258288477406 0.18781527904281217 0.1892562692615305 0.1781672956748295 0.13352969195685288 0.11309106984703539 0.10645359755497026 0.10673537152210093 0.13649020654972302 0.12366010552166916 0.1139136035200282 0.11879091511479145 0.14080196697832387 0.13028506201828552 0.11382964464786145 0.14167367959435417 0.13988035389062786 0.1703093334331084 0.2126622087880868 0.23462259570970515 0.2863499489250821 0.3393163551995079 0.3466977416195289 0.38214048712036297 0.409490069454877 0.469742584472665 0.46539659787798615 0.4683585797284144 0.4877441838191335 0.4775745691660373 0.475829308445029 0.5163350414419303 0.5417918665126504 0.5949166126077255 0.552414699941157 0.5347216455639985 0.5796671866559036 0.5761925642143191 0.5607574391545448 0.572428452128798
0.11460326101636688 0.1341720629428524 0.1482646949387202 0.15283429516093697 0.1710249725482326 0.15098493943405192 0.1584569041603233 0.12078496411062586 0.12208612533313723 0.11981262028029019 0.11701011488998504 0.10860842345491305 0.10947516857918066 0.12953098727939805 0.13951350387219574 0.11576749070122437 0.1197252501493241 0.12025405581547682 0.14127623607575152 0.16713300225883299 0.18288164583751346 0.2370464277632934 0.2674279102670479 0.3013836312716912 0.3370223072557837 0.3367195816758514 0.3773438357402362 0.4099691325275889 0.4558313764398354 0.4695506788547915 0.46267704661524894 0.48784795602277525 0.4650766363662887 0.4976096341911205 0.5255341742597726 0.5472448167223112 0.5752674662658903 0.5661606798790808 0.5782905925866398 0.5772393683701131 0.5662458621065004 0.5488700746472859 0.5804307832497737
0.0892751546370298 0.13046239965715367 0.15510340533581507 0.16843559658410162 0.13200796498369657 0.12751562232632546 0.1208669044252585 0.09890154261801981 0.08987686567493702 0.10694046172330766 0.12072775905934932 0.10114356802700736 0.11944611714109667 0.1024017891590363 0.1287095722969425 0.13403721706364566 0.14444098212174175 0.13070526492475512 0.14648285223139004 0.18779586395102993 0.22172859964168737 0.2221953139533964 0.2533078326463542 0.26428651508559753 0.2954629859115572 0.34584226384963873 0.36559611566014477 0.4249394545413633 0.45803047943276654 0.4405893395015638 0.4297490831912044 0.47523205596567225 0.49142023997995277 0.49459782175370676 0.5616536435174398 0.5755238051883151 0.5913780561778242 0.5784479109083304 0.5871769545462463 0.5804556804624517 0.5497222816943976 0.545615543953298 0.5891326160312572
0.09743465892619145 0.11226753764374792 0.10886812313884663 0.14631400357523186 0.12573675457755318 0.11912313765656239 0.09087417386078428 0.09732236554168405 0.08935436441972154 0.09081084110380039 0.10007163016547235 0.10542149578280642 0.10291888446221574 0.11844021220217257 0.15171709057444455 0.13875600659611087 0.12827594374591975 0.13602943996252648 0.15803228659152985 0.21190543964719855 0.21660271485841578 0.24322899983176985 0.2731493317695355 0.28896889170236406 0.295189323390935 0.3154234721931008 0.3734346765718303 0.37725227256184907 0.44616599635642534 0.4510050338622032 0.4486458681637101 0.493256387208123 0.49288520103584155 0.5199742232240505 0.5500091507617235 0.5753980774241143 0.5963848812257257 0.5906803563499443 0.5990437108270527 0.5737018539203975 0.5976544490094273 0.5835243456927557 0.6007608018061981
0.13484407096502943 0.11239907382358405 0.10729380427510622 0.09637480722341181 0.10579008807131238 0.11211298288286856 0.08286774110305044 0.08673504318068635 0.08341253591264762 0.08820742353349452 0.05890732001189979 0.10498577609875084 0.10779175181446642 0.11130909442253038 0.13480800784460978 0.13854512161660384 0.16115296971300186 0.14690052011984353 0.17464574701710658 0.21560740639925216 0.22611328357779883 0.2586202423989873 0.32093114239310544 0.33627910011255097 0.3127423733004709 0.33151610412577276 0.36249957358925616 0.4006224222742025 0.41168585263512925 0.4685208987937837 0.4474692336618614 0.47047971219422136 0.5159565947880074 0.5304458196817343 0.5174065499759481 0.5483181682292414 0.5618590749264274 0.5944012158574309 0.5632713152488594 0.5562287462025193 0.5913047139292871 0.5772776169276497 0.5831635710194145
0.11603661972800353 0.13138785451956989 0.11529922779722909 0.10519409225041926 0.08088744922892889 0.07505648960855665 0.09699570853343895 0.0789521795701403 0.10349409724313156 0.07672958301562252 0.07314522574739654 0.08644044070126487 0.12001227393054781 0.11815748791677115 0.11444725695400346 0.13770107696143316 0.16396115766922426 0.18646402423310257 0.19988467367911367 0.22664358796593878 0.2717033439966718 0.30289044272440674 0.34089832659780944 0.3283339269670384 0.3572859747584981 0.38933788753656906 0.3897723810177602 0.40442101988423484 0.45536121328464574 0.47183208229185575 0.4821320038831226 0.48936776812888827 0.5030882645838488 0.5369025917044049 0.5221456369498171 0.5289315340949305 0.5378301225180525 0.5727589748651939 0.5779125156803845 0.5703349416586361 0.6030458071388878 0.5876282165762489 0.617527323528671
0.11271367051084337 0.10161826409261299 0.0894059585834296 0.10393578148788801 0.08383392350629892 0.09332927039111173 0.10102501025610114 0.0767482748410095 0.08539810938151723 0.10147389681877493 0.09318289580883377 0.11436841217634444 0.08995696542029753 0.10461744875333913 0.1293329222620196 0.16410414826515987 0.1621578473731771 0.22035380497804521 0.2376515753313298 0.26756645729921413 0.26810893036900174 0.3026052287337984 0.35349131326323674 0.36805610277898876 0.3875845453647981 0.4107141954848806 0.4222151912552846 0.4467309204136022 0.44032233334669774 0.47895670236336035 0.5195433217956584 0.5031602101404744 0.5445098853518093 0.5616369842652488 0.5564143112973444 0.5378140430913148 0.5334293355955984 0.5686551745156857 0.6014113884860873 0.597798315135967 0.6001167449674047 0.6029673730743123 0.6302617531475798
0.1131106266565285 0.12347485031109924 0.1252965747930365 0.09064089963847557 0.06571737781898307 0.06881181780014971 0.10728752353719412 0.08760935453705605 0.10382620781630468 0.08949981933173579 0.09555148529981487 0.10537617869413302 0.09836649979634485 0.14957277673968447 0.14862170659384172 0.1819178226013824 0.18010363549674951 0.20454542370244963 0.25227801905128555 0.2503241294167791 0.27707006093599756 0.32891313345851936 0.3550809643119783 0.3538010581176822 0.398042530331043 0.4303191778468502 0.45561918187245776 0.4670104815880744 0.46673713068266065 0.49974659559463713 0.5279577658852054 0.5339961539072071 0.5377386778873909 0.5672536609536113 0.5439508302732795 0.5705876562254877 0.5423204745225049 0.5704680498541478 0.6148695500911929 0.6227638178543445 0.6095044895947838 0.6010388553540542 0.6198698731866894
