Raster_benchmarking/DGGS/continuous/raster-279.asc
NCOLS 100
NROWS 100
XLLCORNER 1743157.8662706567
YLLCORNER 5469285.084893334
CELLSIZE 10
NODATA_VALUE -9999
[rows 76 to 94 of 100, columns 43 to 85 of 100]
0.40170343860084895 0.45081462595861904 0.4405014711035423 0.46887184550876193 0.45815832635783066 0.4396112032391091 0.44190148144833913 0.4116384825306316 0.3982398730995537 0.4053712253245003 0.384077565265964 0.3853776949405297 0.3973718422153166 0.38251789016588245 0.3434179986872818 0.3754307912757056 0.3621002718088167 0.3124628196493795 0.273899964140722 0.26511630032011796 0.3004705091714036 0.3082682117945648 0.271921440798611 0.27702095771723473 0.2863500940532537 0.25866983801595805 0.19292413446951076 0.2033520174545493 0.20602494371727015 0.21531735923799414 0.20283136194804283 0.1567426320328036 0.13090763364364139 0.12201852353178766 0.12810710220522833 0.1547865248236413 0.1506646935276592 0.1644653593562862 0.1926327251484828 0.15125057708202522 0.13760963209418717 0.1670660037050737 0.20502584850635683
0.4059275065802531 0.42292647889622254 0.4169509955702788 0.4564482158648441 0.4301019661815678 0.44972630649650974 0.4290219636652898 0.38703168175969066 0.38704694920504845 0.3688312596711584 0.37055081359101627 0.35613463781065774 0.3455268515860978 0.35387967144300186 0.3600772888736088 0.31931761957124716 0.33603298752639216 0.2800742314621101 0.2876847630441745 0.2747313907994771 0.29814434639779275 0.2941764539720131 0.3106524577843819 0.2827564598813609 0.264009053709994 0.2487430664538674 0.17999462523405846 0.188630304700644 0.1575181441403181 0.16757407773557748 0.15743246492955223 0.17518428737863678 0.14589438022501533 0.15751353323882214 0.17555546335629457 0.16885449082724008 0.2002844357125768 0.2168643881466821 0.17234793227314926 0.1582986240746282 0.13079626045096468 0.18288247180440345 0.21164215954410634
0.4103299006873392 0.4419857851666855 0.42077357046685937 0.4024135112130983 0.41543686760399007 0.43748986264330936 0.446257454106308 0.4098582753958731 0.3586838533624221 0.38974218448009906 0.36608636479525397 0.36249121554528224 0.35517724456567523 0.34280791521582893 0.38336496879364135 0.34685672948714646 0.2729773523618917 0.3017463360979006 0.30058417791327435 0.2688886553881427 0.2700988538689926 0.25821242940234496 0.28252582914140345 0.2737542702135539 0.2705525722491063 0.21264340170678298 0.18736947205322882 0.21413253719196845 0.1422848716368619 0.1489159265701647 0.17735093760711945 0.19963093908070462 0.16524660721421508 0.18454347250479364 0.20343141646827312 0.19862475648237912 0.21472010741036518 0.19448630770795422 0.1981170456523642 0.18711411531306676 0.14136642502448013 0.18102711018683842 0.2589459909523525
0.42812496316448445 0.4126653902798696 0.3632646028675677 0.3701195263970735 0.38522185138418175 0.4253664034202955 0.43949644548226063 0.41415901630930924 0.394599401150335 0.3949774493175869 0.39888196840672036 0.3819923650873318 0.3811085314573442 0.39116336072323565 0.36415269192208 0.33293775340474846 0.33561276141996094 0.2915669349408048 0.3149586311064374 0.27091785377016847 0.2860983978813656 0.28658948957878316 0.3027761529248745 0.32584516332423274 0.2753985064549704 0.2582835099057579 0.22314793283913434 0.22936702439053824 0.20987541108578991 0.18929176242969156 0.1601900528562584 0.187857484161729 0.19111948392719763 0.18112783109095237 0.1721590950497335 0.16855713930867758 0.158505395976407 0.1950416937095739 0.1776225846431892 0.15970590857910338 0.19342259556741512 0.24815244635649317 0.25967031440984917
0.39217980688696136 0.3603118466294706 0.35829657765475964 0.3714557711825479 0.3801165385558282 0.413875918401791 0.4101366797076348 0.43751649601721554 0.4303153581648492 0.4420981592340182 0.4065793759515442 0.4004015689772581 0.3488268861808298 0.3693860474200407 0.3783881316005406 0.3855526573672273 0.33207495353479355 0.33464962871883064 0.31990949852844613 0.30665448800267564 0.284671836099379 0.310371102752598 0.3098590488632134 0.3453660915525377 0.3304853452915214 0.2939125442081751 0.26961739121797057 0.23797259398567872 0.24267558179688883 0.1932309629393945 0.17600426797583998 0.197152413864364 0.17219515428067048 0.17707741275425615 0.12226474964471966 0.12803384863365838 0.15067724304167138 0.15816866666153015 0.1415177291812113 0.1706456094231882 0.22215509339055262 0.24172164176423272 0.26132032251533605
0.3611115208554845 0.3621635042755578 0.35901771240905567 0.32864707550218764 0.32697846369545364 0.35205138437854805 0.36950223474429467 0.4165448108386469 0.4442162088713814 0.4225720637161466 0.3806508411377413 0.3673617270839606 0.3562536633281379 0.3623728973091406 0.3846746439937351 0.39407904110805286 0.34260154151325345 0.3256281763164481 0.3300163105574233 0.30454593270807684 0.2505690631453818 0.27584659477685897 0.31876631103728476 0.30673414567639884 0.3411965390816094 0.2955491532825717 0.29489253539529914 0.26438026506173695 0.2525382613527968 0.19024412578834562 0.15354191587973587 0.1503908159171637 0.17316577131456828 0.14296267886760136 0.169073699664996 0.17120637608947437 0.15693511222417045 0.12997041254239755 0.15421793945379672 0.18274263554589165 0.22663865780070178 0.21105293537582787 0.2350808273553366
0.3142177080841427 0.35051222211940447 0.33505542870405747 0.3117555049585777 0.33013609579919767 0.36963435128178496 0.355759456349457 0.37227090579559663 0.4023922538925466 0.41365945901106993 0.36951185537815645 0.3707731899629263 0.33138714136786135 0.35210581983321765 0.3702619185234623 0.36820055839636884 0.3808465301576875 0.3206837667626364 0.31891020039346396 0.285485319738495 0.2511661332500535 0.25581440680330475 0.28872563090230535 0.3210010630155717 0.32671404954869926 0.26147891778505333 0.2421889634175537 0.23387996590350865 0.24035918291238256 0.19182190698485174 0.20710596545819712 0.1880117264509083 0.13402096432919577 0.13045882470524514 0.1753977556586452 0.15139074518215723 0.14673840879584021 0.1380190896512791 0.13479530240440557 0.20068538015989698 0.21038742575678848 0.19909914837512666 0.21084703678263808
0.3394848765876478 0.32957018279452566 0.35043021552441295 0.3575628931810597 0.3291765153000883 0.3600752538253819 0.39225811675459127 0.4164542404854748 0.4303222083081393 0.40175082331085443 0.4019403616385423 0.38517565205782756 0.3999684305442875 0.40059614023912393 0.3637674272898829 0.3870032652128277 0.3810508038911151 0.36007152255795166 0.3097979915181621 0.283941141868685 0.2549793591399372 0.2545128292755085 0.2725241150348599 0.27303398350320823 0.2869296954008897 0.2597276179533891 0.28811828197107786 0.2528412527041189 0.2563687300448283 0.21802262085530055 0.17445527759068866 0.15235949223153275 0.17203026972951976 0.1610892529732953 0.1697454445925184 0.16613733178151263 0.16412269236594315 0.16564604018881104 0.15661814673650812 0.18939582211808784 0.21094927380132705 0.23593845825167423 0.22031579483554614
0.33674642045194114 0.3565797977095464 0.39542404092605854 0.356288301221784 0.3793143372489295 0.34246628746036345 0.37548792742858356 0.396828280129463 0.455642472098029 0.4421982100785932 0.4124230946143435 0.43720442076113947 0.42378934538411145 0.4222362694343262 0.39220875501875563 0.3832758835745289 0.39258190268583104 0.3551330495273636 0.29742345761438643 0.2943741014061487 0.294794181558982 0.2769150091356557 0.2842561821337967 0.27272888597518957 0.2718411561748608 0.2718935205050451 0.29743790343431065 0.2797795585915012 0.24334474915228213 0.24192651388487074 0.15967501452336547 0.15823401065298529 0.1882710819999178 0.18628849725922086 0.14832051573515945 0.19968057524152474 0.21694841096033968 0.21015803205360528 0.19634107997423755 0.21539595725120014 0.2845938106250732 0.2789544891638968 0.2793628467167167
0.33203724641260185 0.3736515326070129 0.36417062883533785 0.38519518804841407 0.35970662807953385 0.3677306940794213 0.3863802189936831 0.4313735389971452 0.4304604911617903 0.4172191749945591 0.437122039462609 0.4327272804335525 0.4513611687599558 0.43553370076529885 0.4342055885828805 0.41147655634390595 0.4215014717120204 0.35708714599255015 0.3374038147682961 0.30018676638783626 0.29036055086927876 0.2766048380633027 0.2634430858024505 0.2480403840205372 0.25319041831421085 0.26921649500258377 0.2740772816747252 0.25042018933829974 0.23589030336935066 0.2360044006789541 0.22946816970273765 0.17582338448630178 0.16188234509443053 0.16832347346767673 0.20582682326296223 0.22918488055015174 0.20537857883474953 0.20624869132449639 0.24785725670326753 0.26045365338984416 0.30327581576770324 0.2846235822972312 0.25205618297712423
0.3598355131642405 0.35275281194652297 0.40717357431280626 0.39763229499232133 0.404539201223807 0.3997900822061672 0.38950523844686646 0.4387252528253067 0.45340074042673967 0.4323613399037087 0.4509916579042759 0.44465818348730274 0.4931901799163359 0.4583354803937346 0.4318337990886149 0.3999254382428852 0.4167841214890372 0.34596969662716576 0.3214015686394102 0.2966137236239369 0.25569211980792905 0.2673929112244439 0.29507791102159353 0.243705693663848 0.22917917261944143 0.2255375236215535 0.25477356526506156 0.25455810160888226 0.24224304160646182 0.24844462026320824 0.25771362363567035 0.20727285339272214 0.17563981030324197 0.2191251840448101 0.24130089505391247 0.2322976907696419 0.2166528029766703 0.25684722736362026 0.29850328757054184 0.296763090716972 0.33086099569516053 0.25656231376584276 0.2470766723712129
0.3223425802669985 0.3681039472303979 0.3727118830360454 0.35214866582526216 0.3704482149345769 0.400262492090214 0.3805830414486419 0.3901095272546018 0.43342595590479144 0.4369178966463578 0.46821661854981106 0.4807676718981186 0.43172456159684947 0.42311563308015565 0.40990067526745433 0.4225791107936972 0.36991938694773363 0.34196104333647565 0.3448161190532593 0.3176893637611518 0.2808409785225294 0.30771363940163293 0.2765693884347499 0.2622488877365771 0.23848116064186203 0.25049348484225065 0.2654119527033839 0.2737986985663826 0.25254882404766865 0.3005521068347941 0.2504424201171363 0.259198245959604 0.25964815121228185 0.26295641032724354 0.2560852435308215 0.2832708013219324 0.25859879452208806 0.24331678294275208 0.303588965335541 0.31920788856541293 0.2860220077488267 0.26506904627392175 0.25584774159373486
0.32570407778000804 0.35920664822162257 0.34859621083039316 0.3605419228871216 0.3614508569258915 0.3821134386907226 0.40091843909652813 0.42048581569585597 0.4199236433360118 0.4511684037566863 0.43989938963019337 0.4358364488225358 0.43425094890409055 0.43850527699737635 0.42002107547878287 0.4176941926508105 0.3669872751475408 0.3795984897659303 0.3742661532199262 0.33286687697279316 0.331347428890593 0.3318954520997998 0.2938560935709408 0.2871430567437712 0.27678032509721884 0.2750844916744502 0.2427606313743051 0.28744162448497557 0.3058807875657208 0.28021446982624504 0.29762731807901155 0.3012186052221394 0.3222614053849561 0.331648960577433 0.3105545474241126 0.27026844388988225 0.26322363005383764 0.23602407138943485 0.2713641653713466 0.29447990576848276 0.29528740616918603 0.2869880173026266 0.2533728072664397
0.3731310973834469 0.3489473974035117 0.3396126888740129 0.37356816401976084 0.3778394887011116 0.38948033173466584 0.38781475834991286 0.4017759879610217 0.4042616254338718 0.4266205317789736 0.4343129371048433 0.4233473952921243 0.44708264397494685 0.46008059448682487 0.4138982629393057 0.39521571023436924 0.4121925037537841 0.3851071036587756 0.3834396622490883 0.3901344880172458 0.36255951543380366 0.3528331340678705 0.29030451402389856 0.26239014897179375 0.24542270209523087 0.2658903969418698 0.2878455652692795 0.3120638694911509 0.29624108293091395 0.30257890813207233 0.3111138347845519 0.29606153163804877 0.32877423430092834 0.3361773623828049 0.3260980719528195 0.331015703747294 0.29561474105518915 0.2683258682899588 0.26856062357715904 0.269020187811572 0.29745450371787807 0.27208588692557656 0.24665261199333752
0.3588287596036819 0.37299307613272875 0.3378404439500314 0.3785120559938377 0.3774013120546404 0.394313968568544 0.4180209560226027 0.42363184681334753 0.3695109418359337 0.4246193557103943 0.447432197344372 0.426964611932379 0.4478374361274955 0.42795895147153734 0.4766186766384342 0.4200582732721389 0.4079693019131614 0.40460895581479916 0.4262139077451173 0.4297224306333267 0.3865156748585453 0.3581879291676441 0.32890465588030254 0.309382836317224 0.24395885839212259 0.30273068019254257 0.30901448124695363 0.295944389399614 0.3192840179493947 0.3014347068590487 0.29164771261811373 0.34947138721605087 0.36390324955787245 0.32556192140153994 0.3176674465321229 0.290580838816711 0.3211814558644982 0.26757540986651857 0.2633721042578296 0.25450203340330546 0.29492325720661344 0.26116995811866234 0.2119666429636041
0.39032295059768196 0.3510070526451861 0.3863146438598304 0.3847265335606992 0.41203279378794866 0.4262022316441341 0.4305627718860148 0.4176433314282388 0.39435720715113387 0.4018733054501933 0.4258343369231465 0.4283646745477434 0.4416440997742346 0.43727702794578727 0.43659109879102936 0.41809439937836457 0.40448942665574805 0.4594145108118421 0.42453135903388506 0.41125929958395985 0.4076544657737206 0.35503672907219347 0.33629246868435103 0.29985029626173754 0.2939796687779755 0.2965012686965526 0.29828402490564404 0.33188696373035514 0.30747276638088333 0.3121568262780215 0.32558727546109656 0.339261112252386 0.3342791537236747 0.3657887414287513 0.32598623495057594 0.29848498435682597 0.3130365288579432 0.29298516720672846 0.2955079720146734 0.2948298412458412 0.24393237827832717 0.255143527060494 0.2303267023909279
0.3842492566102296 0.3663806111085468 0.41057966573715393 0.4169662883466244 0.3883980754950224 0.42247403470254113 0.40730051498644426 0.3927532030799645 0.4346728785642937 0.39211591199994555 0.38580536749586397 0.3902030904961291 0.3821853722485531 0.391271220865157 0.45063962735468044 0.4408957043552733 0.41056970217949257 0.45502391421411315 0.4782254455859723 0.44140710114956316 0.36351201640098585 0.36796697478211404 0.3363049367991298 0.31425132699233055 0.34501305501531426 0.3165081108607243 0.3307728358146503 0.3311060004430895 0.3235425079994289 0.35163386327506696 0.3443389529404701 0.35198913450470676 0.33558164437801086 0.3612893736389779 0.3577220399574384 0.3283140325746789 0.3039793214993058 0.2816591361694836 0.3114050418112433 0.27579211010838184 0.21792000067728598 0.19964050009094872 0.1846601223127615
0.4109762844472212 0.4086594965410122 0.38944699235243335 0.3841695937037417 0.40268500224932985 0.3982400169979587 0.4026772088580824 0.4249524338785274 0.40502493898675007 0.4310009582565211 0.42522895629796215 0.37274884330526326 0.36787641686247946 0.3986649455284777 0.4300195945447801 0.4432213378687601 0.4505188987606928 0.4897129866869464 0.48549143094075653 0.41575317352336605 0.3791649468375166 0.35021276365245224 0.370633741418035 0.32384092803196546 0.322229147838083 0.3060884942381146 0.29977730934212465 0.29932216168928455 0.3317417853015811 0.32689966856948455 0.3544721220861246 0.35313847172607904 0.35392737267669244 0.34651025484778397 0.3148026160947038 0.3402735303417269 0.2892693192760498 0.2710025939166987 0.2975473028651054 0.25786603734270175 0.21207967059696506 0.1589863567739273 0.1518408303185773
0.40487798266295627 0.39770496470926736 0.35805672702701175 0.40111355012834526 0.41931926709221085 0.40939488920526695 0.4362951262686172 0.44782670247467204 0.4284089732824574 0.4170100423376661 0.4297394643816092 0.40877573400695794 0.3849159922130107 0.431314896489887 0.42434530358519545 0.4351805543461495 0.49475643134921315 0.4941689442900413 0.48066619203038036 0.42608824688871216 0.4407344899362816 0.390035927031154 0.36595797604229247 0.311765756476408 0.28819435194578713 0.30174900933888016 0.3215913266072526 0.3037632423892148 0.33607230387808007 0.348270614091625 0.3661175512513021 0.3618823857372317 0.40450417239971664 0.3801064907791944 0.30790480218687105 0.29991385521722447 0.2891347101583866 0.2565251176182188 0.2750742200194085 0.2098762101459504 0.15959707225908898 0.11507172804289419 0.11539663896134336
