Raster_benchmarking/DGGS/continuous/raster-284.asc
NCOLS 100
NROWS 100
XLLCORNER 1743161.0680468495
YLLCORNER 5469279.301018982
CELLSIZE 10
NODATA_VALUE -9999
[rows 19 to 37 of 100, columns 0 to 41 of 100]
0.7170188571230784 0.7597578383435468 0.7686573526950242 0.8113141522059932 0.8087777617095814 0.8208991197053002 0.8072459392882785 0.8148352096426691 0.8039590259930047 0.789943241562356 0.8094019037426654 0.7948128742290208 0.8392238863462174 0.8382830526036426 0.870851188748127 0.8884703376342299 0.8751568499936518 0.8823223555103208 0.8448344330611871 0.8585444229803035 0.8597335208009323 0.8456542767888425 0.8525920371518042 0.8392165964605541 0.8277548742361575 0.8329245613308585 0.8216120095484011 0.8031952390020014 0.8251781925322135 0.8219413083225099 0.8128719365960192 0.7644721111822879 0.727661773733994 0.7202558085474094 0.7254073880351765 0.698896333154761 0.6976645532159378 0.703220138133605 0.6864071064543102 0.676668427835451 0.697395737284383 0.6829388718991714
0.7237150109947887 0.7034831350250119 0.7406656919247179 0.7905990580381067 0.7851499517666735 0.8082847127362125 0.8070709153252087 0.7980477682570637 0.7800980956695837 0.7984920828075395 0.8178399717415251 0.8161711553372604 0.8230613369006362 0.8535432067814254 0.8572952042305939 0.8747395354692227 0.8777502230880329 0.8694138259117773 0.8383978917301853 0.8360978036129403 0.8568424416462724 0.8287980731179007 0.8230683859112616 0.8355129164219218 0.8311060805846667 0.7827196558842292 0.7949038144199275 0.7997517409187348 0.7910222638368143 0.7903667099192747 0.7558562591778122 0.7540809734466728 0.746648296020728 0.7064915287567882 0.7161983548685337 0.7332814802688331 0.7272248175936443 0.6946577849583621 0.6925886101316449 0.6853656747837191 0.6953336721025248 0.6856053361454267
0.7092420004677042 0.7018740106977255 0.7105536886875051 0.720456454970191 0.7337847326758247 0.7707739709160562 0.7847084961372061 0.7907490159394597 0.7767400513454665 0.8056135116460839 0.8122733553234247 0.8385928859569396 0.8516231703913506 0.8282596531295403 0.8256740272441462 0.8109933309247803 0.8254180216072535 0.8081482676587223 0.8016581634529482 0.7865736363944241 0.8148466396948185 0.8043973999440314 0.8016808030872339 0.7720232747973881 0.7809892274527468 0.7860564007763543 0.7799818765423747 0.7560222702847137 0.7531066665036044 0.7363882157873649 0.7533857610626002 0.7524787340240001 0.7446737080858007 0.7264884561669762 0.6865045140545253 0.722220174855593 0.706105687641311 0.6960422468982954 0.655704992040286 0.677192268652221 0.6549055057924671 0.6830697871303447
0.672672576675968 0.7222345757603355 0.7065076769678296 0.6843756719922529 0.7252961342895348 0.7490786768185849 0.789404818034409 0.7931581831921851 0.8029096385355221 0.7951757887067114 0.8304419898023135 0.8229811512080814 0.7958053939351393 0.8405696234708787 0.8316387670606908 0.7988883018943274 0.7863155858639277 0.7792724142101368 0.7399066607805331 0.7436880271880509 0.7547285280821365 0.7888160483290046 0.7536133833092168 0.7587694323062226 0.7671875843674942 0.7526765276567634 0.76309508050544 0.7733356561446643 0.7647522202717988 0.7200841598350234 0.7060253531792062 0.7272914125985043 0.6828341920912416 0.7055018750637696 0.7045060656252767 0.6963349951596921 0.6817943741124782 0.6700655014943415 0.6277365840341876 0.6274276455843288 0.6274195947579138 0.6780371507644914
0.6585872602312547 0.6927459781312784 0.7138920308575789 0.7039554552624324 0.6700476090847151 0.7033980877972879 0.7301668498908936 0.7335566335739984 0.7478216018822561 0.7803440805456683 0.8011114140970818 0.79207469826373 0.7683670333290122 0.7806864572543681 0.7875907229001722 0.7500578600718758 0.7332967725668802 0.7267003750205728 0.7293945487047845 0.6973206577163376 0.7131569460160317 0.7286072845698406 0.7262165982175253 0.7381137003063564 0.7704554624327127 0.7521764783534779 0.7737891198515026 0.7599578428027217 0.767454783445257 0.7093045478907232 0.6996503167654556 0.7103219524294353 0.6520878209243901 0.642194769901039 0.6531962953086107 0.6498711339538331 0.652930582248908 0.6195401467871365 0.6136089217925103 0.6065073927841963 0.629745739924704 0.6537031264397648
0.6464674412672944 0.7031966575012814 0.7008487531202592 0.6539830737478791 0.6482153774388243 0.6731594543477917 0.717814729962051 0.7190357956525801 0.7272730595844159 0.7650663972904652 0.7767953035093568 0.7408394088778916 0.7400958662106091 0.7495892835886572 0.7681413155479714 0.7205834788749557 0.7321052862818692 0.7250741649280509 0.6881981329887238 0.6976537423034034 0.7054886401080507 0.6951151162484748 0.7298251124532571 0.7274811729891063 0.7706534314662066 0.7802379508340528 0.772349973479148 0.7618138855030911 0.7259805167469938 0.7342491883371568 0.7199483108531904 0.6863435375267742 0.6180025990101791 0.5884136928913528 0.6251122868246037 0.600036290435144 0.602016852235879 0.6330466162670183 0.631600138231908 0.6133833274100612 0.6061367447099109 0.6081994755500578
0.686387223830686 0.6972053093774989 0.6670404883591283 0.6394590710845458 0.6612776748127454 0.6552427849039264 0.6931239091743597 0.7107493577856622 0.7374767577828264 0.7286980311555481 0.7205908174212006 0.7416185896469143 0.7372586149604858 0.7304544471996302 0.7250856926816991 0.7452533781996643 0.7389311101636283 0.7098735395924411 0.6851122659791377 0.6917200170451503 0.7228567440972957 0.704252688010196 0.7063965547240421 0.6992649709649265 0.7209381027215804 0.7607982120304922 0.7451810875600958 0.748485907113451 0.7184322286410469 0.7025477904141936 0.6777487132672981 0.6546729784676324 0.6420828090121892 0.5962336162522074 0.5663345626133173 0.5886169261986168 0.598922999460113 0.6143994163971301 0.5889971662873508 0.5966726461531366 0.5855969870386261 0.550542395549001
0.671068767785066 0.6849744563490999 0.6489736996572806 0.6519388853117113 0.6703625183463134 0.6420454064498307 0.6527781106101137 0.6708516075206292 0.7216308404032581 0.714879219011013 0.6907299314443839 0.69696638022925 0.7358387147369939 0.7122276031859547 0.7477674402365145 0.7445255821501723 0.720270998532623 0.6914033167954895 0.6978348719074282 0.7023694658635857 0.7277402087603456 0.7064588595213032 0.719582940811582 0.6807823805825068 0.7191866574743946 0.7415295897087945 0.7352865155954816 0.7044596255548693 0.7036610135144994 0.6877625652754061 0.6652837017129031 0.6918282864446132 0.6374274795284245 0.6028738905993564 0.5953332662895163 0.5557702177468853 0.5539701736941857 0.5618651013313729 0.5563122824653319 0.5444167018431277 0.5300131954700879 0.5293063054692675
0.6493980413121639 0.6743428968775753 0.6428193454172971 0.6453547408614704 0.6773443266682619 0.688863583141024 0.6518071622826301 0.674362508727879 0.6815892070557605 0.6889623667620995 0.7204073652586117 0.7082895622331972 0.752681714286254 0.7588982455845368 0.7256576155179513 0.7324508095495891 0.7307962192606543 0.7127128979711466 0.7334442445557742 0.7001210972243312 0.6805379406082346 0.6829719331930694 0.7031894179317494 0.6695572011800669 0.6868778633084803 0.7013994291153574 0.7219772618948154 0.7357902732751984 0.7228619128202315 0.710797041362266 0.6671853769913154 0.639900357433726 0.634366860843308 0.6186396465435525 0.5716869803103524 0.5614831178068086 0.5566776077851316 0.5505717819437552 0.5062267648579022 0.5187630297389588 0.5091576298816606 0.537243612148045
0.6243467465405612 0.6410246767482964 0.6413371858439966 0.6685509354634802 0.7100139313169006 0.6955702329660021 0.6471700545603286 0.6346279334504467 0.6435493922431386 0.6732600490246715 0.7169569725935059 0.7429092837149832 0.7742693760831751 0.7667085439956197 0.7569385820593342 0.709199861811482 0.7212491863717934 0.7484331079604902 0.7087035424745369 0.7133642737967526 0.7164166817699832 0.6709340873138327 0.6753688721110358 0.6910197814430344 0.6752383879748934 0.6498457451043859 0.7087390537827334 0.702780420605471 0.7139214617664881 0.6999810679746031 0.6828394138194296 0.638097947412741 0.6371276007938874 0.5964070434940771 0.5742569653368482 0.5976935279014506 0.5491246976303956 0.5200036731141089 0.5033663190739879 0.4709658790205548 0.5065228437719804 0.4930075032246466
0.5682457727420609 0.613133379079223 0.6222325044087019 0.6887747660621726 0.7015943624222938 0.6940994977064137 0.6806321453138512 0.6470806068006931 0.6595473836892759 0.6781693592499114 0.6844488516798428 0.7146011514157641 0.7383825527714326 0.7183003622609501 0.729186740995368 0.7415844882852856 0.7285276927829654 0.7261006228740382 0.7142778499212515 0.739275206785468 0.706920174974004 0.6946042380640043 0.6900098211991837 0.7096214847094637 0.7070234306959287 0.697073971827718 0.6664682747455469 0.6519309716871594 0.6792718419446349 0.6698129045721114 0.6538583177546704 0.6098666370017061 0.5844357644196537 0.5857927537068238 0.5697419327064615 0.5680430755330936 0.5517599565219783 0.5051152007128398 0.4794581676914651 0.4635325228809409 0.47813688060388804 0.45578346399149955
0.5463538074509586 0.5579071340376321 0.6153965074105537 0.6712251127107591 0.6620571608986274 0.6731233601040953 0.6770455803743791 0.6460295916667325 0.6382927518465916 0.6863874922898964 0.6988047303137578 0.723263702261093 0.7454657548530005 0.7356473605000515 0.7419476912716166 0.7222422099429707 0.7257795974625749 0.708131172917959 0.7397838406030635 0.7274187735789074 0.6959879881293368 0.7141891212508763 0.7112220159851309 0.7161544969644944 0.7091027762673732 0.7031076135600376 0.6562005756326184 0.6266846379921878 0.6259222744070869 0.6096225051747663 0.585960090961801 0.5803028876312293 0.5592456066904457 0.5418895635489414 0.563704185655162 0.5606196537145752 0.5068161642129089 0.5076252056143177 0.4581776991650606 0.460106571242777 0.46916324384762137 0.4639385449020133
0.5237524514033823 0.5322766219912461 0.5861283408807041 0.6559546058300906 0.6634288657978448 0.6710961807240282 0.6248874258111403 0.5970065051219573 0.6142618076297299 0.6530102598152213 0.698714844956839 0.7132383843849761 0.7068908178585774 0.7271380335422721 0.720315758157296 0.7213822303210804 0.68805459233899 0.693970533771385 0.7264337698892187 0.7022129562833253 0.6974728835287787 0.6973608587234255 0.6849351091712993 0.7056455956680061 0.673997867779805 0.6724950241054173 0.6662482509399041 0.6225248016762724 0.6207014063324281 0.5787488669809496 0.571825049288051 0.5805505013458373 0.5510195219538435 0.5302902072843279 0.5332182903428337 0.5464758537475082 0.5051245317632748 0.4885582576577649 0.4783548339666567 0.47192550273549166 0.42240791553865686 0.4194758281011585
0.5193772828886377 0.5554345271415954 0.5744455887021835 0.6240680893198707 0.6336656043177248 0.6635236431419244 0.6257764734022513 0.592777980809984 0.6235951347990191 0.6214724764861601 0.6522635643460105 0.699303822076526 0.7075683741545804 0.7263757785574478 0.7086375728583671 0.6925330934196411 0.7075921464610156 0.7174354234476867 0.7134461156944353 0.7151326413628452 0.7019705133295634 0.6942185417035945 0.6863307036638432 0.648755751169197 0.68665546439589 0.6850606805192583 0.6814881271872386 0.6586099970209065 0.6359724763192386 0.6019886742228763 0.579536530499474 0.5861118888515043 0.5759557380226812 0.5164606503868712 0.49848858260270096 0.5308875215819922 0.4782115266927727 0.4482483526011957 0.46793760831598485 0.4310943306657384 0.40592407423558935 0.4322662848559029
0.5140258226089215 0.5130634146798037 0.5677634636561693 0.5779554607301766 0.5885819953886859 0.6166724380954595 0.6319500043814402 0.6070454083569256 0.5926600635789452 0.6107076157686847 0.6706714037880575 0.6682830402032973 0.7042223099831956 0.7228424616975059 0.6998087789991334 0.6971031151686062 0.6839796562875818 0.6760320471367234 0.6712532251658098 0.6840232127921352 0.7043754041928338 0.6796589273445738 0.6336386438567286 0.6308909977981 0.6456723962321489 0.6624749512088259 0.656148749563071 0.6222025679917366 0.5983418782148763 0.5851914933713654 0.5583091533229559 0.5627807550600655 0.550678481253002 0.5374410654154891 0.507088688122692 0.48780882985616836 0.4712051772991777 0.48452360254936566 0.44814749646059393 0.41377814517805667 0.42230823870625794 0.42298955121567655
0.49319685765094534 0.5082027199463204 0.5656248544083384 0.5587852372947766 0.5985707461868519 0.6042640384123198 0.5939408820257461 0.6058314148354266 0.5977606128621461 0.6509051263484118 0.6326668283582104 0.6276122161550968 0.6443917911705104 0.6639048146637271 0.6761274190945737 0.6757606569329877 0.6935331892595846 0.6453021680814097 0.6643284827579758 0.6782951075938353 0.6959070101616448 0.6527568189511503 0.5994506343001957 0.6173881700589445 0.5949004641027951 0.6056521346215283 0.6179873814593737 0.6378149650002359 0.6182411616731945 0.5789604121422829 0.5369542620140243 0.5399003773620901 0.5460219148056122 0.5307073425051484 0.5174392747483352 0.4863596571261647 0.4575565570915578 0.4785367012251205 0.46191540440170853 0.44012040814690756 0.44678778692333826 0.4466434280677491
0.4972919186946112 0.5041155097229318 0.552592256369259 0.567450673782007 0.5669265156725933 0.5588297805105428 0.5960994111511312 0.5784220984527607 0.6049246940012843 0.6466401648846906 0.6387635582450054 0.6372203079846095 0.6364863784601457 0.6395457218236421 0.6748332087884296 0.6753680028033068 0.6759719497386635 0.6616197351699148 0.6662126998992426 0.6858392114871108 0.6717390451336127 0.6365300420149971 0.5931871916029963 0.5920515517572894 0.5866959918396514 0.5768230510355922 0.5978543778631499 0.6090298912215725 0.6029754793385487 0.6075093753580125 0.550165202959724 0.5440388291204767 0.5650643385047674 0.5677165102721614 0.5431645543412508 0.4969188653244959 0.4633828591642754 0.47519176195740964 0.45143133608365216 0.4855573298759948 0.46824158899092405 0.4630793737844171
0.4953804774522424 0.5395180915020703 0.5462090682273887 0.5721518924300748 0.555587860985026 0.500422262432295 0.5549493367223305 0.5968183773710098 0.6012220134616035 0.633526115701061 0.6085275308516411 0.6401815563253818 0.6201789250896789 0.6191325327118845 0.6284695213729639 0.6563676728206274 0.625613131167394 0.6273152423591896 0.6535086436253045 0.6523330060842057 0.6010963740026155 0.6114623322886144 0.5847062921959397 0.5735629710331085 0.5512532895007023 0.5368152964953404 0.5970410623567937 0.6123307561316939 0.5800892757079144 0.600049223693395 0.5768720588420179 0.5765504980009856 0.5420002252080187 0.5425985898143004 0.5323582148093564 0.5256681261757938 0.5056707724489249 0.46317462214694294 0.4794341297460456 0.4862563114783182 0.4447555882015361 0.41148014635741764
0.4675166602720497 0.4873376266655617 0.5485400270541978 0.5347271099684344 0.51238109913406 0.5381140261668911 0.5547108414936177 0.6146828538724838 0.6080503428183051 0.6277337682906532 0.5873585622151388 0.5889343858954983 0.5958140375830421 0.6202328535037335 0.5895484071047996 0.6256597588031539 0.6237842085548313 0.5764523681577188 0.5941953107441315 0.595909391872538 0.5574501767512079 0.5415987288649778 0.5299819550728264 0.5234055362622823 0.5506476889788438 0.5528523555851589 0.5826697930061049 0.5819524235985072 0.5668473135639516 0.5406182773943479 0.5383422409672157 0.5576359180000943 0.5705240140731183 0.5531717992381042 0.5501876744097959 0.5161226580066072 0.5271477099290974 0.5290516920140045 0.49932891147230385 0.45729869207404933 0.43677480659269274 0.42234382761963074
