Raster_benchmarking/DGGS/continuous/raster-38.asc
NCOLS 100
NROWS 100
XLLCORNER 1743164.3970481989
YLLCORNER 5469285.192500648
CELLSIZE 10
NODATA_VALUE -9999
[rows 0 to 18 of 100, columns 0 to 42 of 100]
0.1805267576266126 0.19900119588385398 0.15790344458358513 0.16157827110133055 0.14204226150480725 0.14945968006187973 0.14011239593238684 0.14567627452879067 0.18234079997449676 0.15524234087910135 0.16622829031489592 0.11825080413449282 0.1373797869155057 0.124371393733338 0.1056842085041426 0.07963581424011096 0.07497014673695468 0.07340269963711521 0.09739082257843754 0.0854737607957866 0.16601530384472313 0.17858490712306363 0.15785787855610817 0.09218681402749981 0.07173801646771413 0.09948580156997973 0.07243141678187702 0.10636531524081375 0.10074104411753737 0.1310618730943418 0.13845189036748104 0.14096433518990237 0.15901723434258208 0.14835897749662388 0.16596092068686286 0.19172143792681925 0.234830868865706 0.27300248693948537 0.28613990150971336 0.3331507720977734 0.35475620684186354 0.3711204743023396 0.3976904419421393
0.20105968047372086 0.21607601980833396 0.16584601644797572 0.1432160648990856 0.15203441528102327 0.17418666011161724 0.10951617069942264 0.15343529660448765 0.14657450106634734 0.1887527835490718 0.19181779024461665 0.18968800402489097 0.16384154108025956 0.15642458152332414 0.12834996944551835 0.12849891308780215 0.08494725531795047 0.0514867572869726 0.04740026974017576 0.06626196065356854 0.14540842638754384 0.1918517356794861 0.19318741763920882 0.16572919663735713 0.09661085236646236 0.1000414311372322 0.12225692059343632 0.14626233253303786 0.1451422530851687 0.17836091647214586 0.19705334076475936 0.18388212949540436 0.15864898236379188 0.1487610587512306 0.15525598567168394 0.1837272039354494 0.26249389524484484 0.2727324476836305 0.33088271121815716 0.3417656743180541 0.3691429729562501 0.3426725552488553 0.3331688756786282
0.2286790200170159 0.18688981933177737 0.20577143699270448 0.19041856426737494 0.21326362624475526 0.18348949645395676 0.1408711036666534 0.16995274582712913 0.18438857915738693 0.21130914110813684 0.20116602030075223 0.20049482259962792 0.15765139457924784 0.09097954571017239 0.11124843186566662 0.11744509743419779 0.07418300275294311 0.09689780511311241 0.08384253015868245 0.08727309716378356 0.14116267195947518 0.19730545955131384 0.18940291077705468 0.18588316784978498 0.16995506326046142 0.1655957597152927 0.19083452483049515 0.19447012107827835 0.20267305972229213 0.21150360224970166 0.23887244533635102 0.21547968561601433 0.21329126232744666 0.1682416594979711 0.17667083093306807 0.23375956075311422 0.2324295937871361 0.2713143536060993 0.29145270149465224 0.33125439573074583 0.31152016166403673 0.3294268332019214 0.33870988811230013
0.21491907910285543 0.2373863588170229 0.28584361690933535 0.23334337685160245 0.26192702639950893 0.21620939251521756 0.20745371030462567 0.23027671192517923 0.18992555735606292 0.19444212082894952 0.21376061077986408 0.19291272585677222 0.11468873198035173 0.1031475041881257 0.07320021329887984 0.11851191283014714 0.0866865053164271 0.08622968879326347 0.06998175378861057 0.14179381569147953 0.14490223750736936 0.1731525448545704 0.19865732851815182 0.181568436764502 0.1619277388136984 0.1660895675594264 0.1700907249693694 0.19431026127246387 0.2518282674125272 0.26985109874105495 0.2716653198477619 0.23694910625159493 0.21786997543830908 0.24731166250494618 0.2643295667570835 0.27734705207800553 0.2517524871389857 0.29176859024803625 0.30303464523867074 0.30870555129657046 0.27980175677630104 0.315434107045294 0.302096243701777
0.2502997848129347 0.257358662215842 0.3190848077119872 0.3071124328791672 0.2587395724137554 0.2574465972298554 0.25214317337218334 0.23519468036099014 0.2488357705250213 0.23151861872753968 0.15989254792777605 0.13029050157260075 0.0720977146739323 0.07868916109736554 0.08054468779907552 0.104590724835008 0.07270492082855676 0.08664282364098806 0.0979992675353436 0.15354655517809843 0.15314348334707925 0.1634353512210521 0.23397113501382713 0.23244988452573398 0.19732726505745007 0.19220861585010743 0.20633341750345946 0.2749075094460812 0.31462432747575153 0.29726007159810813 0.2728035759964029 0.30035701577736557 0.2685839686293908 0.27563490844652294 0.3017071815588397 0.2961083456892222 0.2728185929342813 0.2639582670424008 0.3039498079521878 0.27509145643771377 0.29705532663067813 0.30938620833995684 0.28088049687123645
0.2369585721993582 0.2633975497036837 0.32146113776469737 0.31457331723674337 0.3087901328009409 0.2838542450371698 0.289025127249419 0.261326358389827 0.2647790196632688 0.2104629944384372 0.15920735471251551 0.0912605993740089 0.07282817974108656 0.08919289597865565 0.0591452211917758 0.09883506335566263 0.09098580088665954 0.12036938533293054 0.1537990225357091 0.1310739948558833 0.14352438952999963 0.19432204999725683 0.24696178557219534 0.22576175138030188 0.27614667301784224 0.2745141589439783 0.2649244485636701 0.29450584351783154 0.31269131162046326 0.31908876255624413 0.296657563993745 0.30461945458155726 0.30183215806818364 0.2776124715618582 0.25919364695771463 0.28452990395324584 0.28623193294286303 0.2612807633980173 0.2686719286850599 0.29824341278196465 0.263494938760328 0.2827350539648228 0.29370934640152996
0.30884207108723327 0.2993542734069134 0.3008464071579532 0.3008159558626089 0.3030608107557669 0.3026235259907713 0.31308260143328376 0.2694378084483966 0.23363697683187143 0.20887968873257173 0.18197781909465105 0.1259607929496251 0.10529373095382204 0.11002811411221862 0.11903237064301954 0.0875263895561853 0.1208435624271631 0.17895819812296695 0.17229373011155805 0.1961361729107983 0.17991864325836862 0.24233469719057105 0.23304922031047987 0.2589158864599791 0.2871957830271351 0.2887484218281295 0.30122114921319393 0.279971700276686 0.33633180393587153 0.3151902941185548 0.3071046442793901 0.34562653227726875 0.33630065432553613 0.2880816622019113 0.2931312974163721 0.3137118436256797 0.3191747121805303 0.32132174168642247 0.30175332700383156 0.29452512728572244 0.30632492573949643 0.3147604188878858 0.297550272589098
0.2978427527579815 0.30426057976710236 0.31095505386774824 0.28590739969863505 0.31997874558773387 0.2907629457807239 0.2774017692479858 0.25404567395481525 0.25416470500074606 0.23936626354237994 0.20677964375795735 0.13223366099270628 0.1364778936344111 0.16003573376763422 0.1584017274239245 0.14335337242606003 0.15692809864790375 0.1765675014266681 0.22098495776238158 0.1742552979697555 0.2031644033171252 0.257459419606644 0.30558704499021777 0.28478357477034805 0.326311769545647 0.290487601358951 0.2756681637480414 0.3237469458840942 0.3539618012853921 0.3240728633351682 0.3442877996554865 0.34870013951849743 0.3375603080199999 0.3216329339942174 0.34837067222092727 0.3068009039645155 0.3095284546098866 0.3403559918009321 0.3600957126302583 0.315011412858203 0.33825467869222897 0.32708673736323424 0.25111992977282244
0.25696667003396295 0.27688403126796574 0.29644680707808957 0.29551104942489737 0.2760866685995047 0.3049768012316209 0.25272516000305506 0.2587495084826606 0.2631353883456407 0.22689948311859715 0.23007360146636116 0.16473116685493666 0.20629945847666945 0.19529656914565247 0.15999903701636975 0.15636465459690788 0.15641074425018936 0.1831513346993488 0.16349031280071008 0.18075713595777915 0.24684706706611276 0.24237090588350563 0.3132240137617106 0.31899201123487225 0.3333062710290744 0.3268851734401207 0.3112894735627743 0.3715094216316102 0.39561884712608564 0.37818517074077207 0.3827491692042307 0.3623127175248892 0.3920508317112962 0.38271795622197835 0.39729611267516207 0.3534108593341982 0.3130273494856984 0.3202020061443061 0.3445328151687194 0.3261404770580543 0.3010838254824744 0.2868212230223322 0.25726979631951524
0.2040156110087701 0.23243167885315397 0.21707638785059893 0.2540778862463167 0.27664663110122073 0.28545538423984257 0.2934069028423725 0.25569534722274495 0.30111814180194707 0.25453004143904306 0.20007932712792886 0.19620134183237933 0.20901306922833002 0.2165253624188674 0.23015505041938678 0.17091395435791132 0.14260274285938287 0.17894281928057099 0.16195581586913277 0.18303347611015525 0.24378619214866176 0.2720236367757164 0.29031118840666353 0.29068249850989825 0.3014664126640899 0.34850638196885664 0.3418179529742375 0.35672747912702407 0.42308882079487414 0.4118288417020884 0.4557592431162848 0.410636348377258 0.42591447681189354 0.428205555649428 0.43037596434275566 0.3630535731535934 0.3406462618233158 0.3628926796541897 0.38628818214983857 0.33522366948432253 0.3113861975647269 0.29468054445068176 0.2776899961194711
0.24476126110041074 0.22801442000169922 0.20959442311849819 0.23327532811728513 0.2674122420803718 0.2805993627577212 0.2786279287862126 0.27218340601037616 0.2945496684626531 0.25636479464508855 0.26449596868648595 0.2532476886743344 0.26948060493617143 0.2413327122504927 0.20636226485344142 0.19175543580973334 0.17825414548436808 0.16271600674510997 0.23341795443747562 0.24973411654931596 0.2805296393008606 0.27733652195126 0.32635244300010335 0.3024810712000921 0.32105089418905897 0.3359041202191228 0.3750480089934237 0.3875697908253672 0.3852023914493862 0.42596538248457216 0.3846979390297722 0.3949899103286559 0.40601832899822965 0.4392457441410053 0.4200100117205441 0.4424687731617772 0.39690870437221776 0.42904005890274144 0.39235917207615423 0.39714621090130287 0.32514572002200937 0.28647695394394523 0.30657648141020216
0.24593733056407843 0.22993378115834073 0.22829307417470848 0.23820116977752617 0.17650091280236044 0.2547449770223686 0.28477587315008557 0.28128286322558665 0.29379302157591175 0.26079765358129714 0.23967199870510614 0.27817084831262556 0.28742490513494556 0.28917041055366344 0.23544544461074962 0.2033924764603508 0.19107059128443668 0.2367002737245811 0.26713369926443414 0.2500264841297011 0.2950241083278712 0.2830993118610558 0.3273887077364766 0.3209297389139425 0.3148190482424458 0.35358597021219057 0.3499559920241156 0.3641964702599681 0.3845111984948558 0.41401868516765655 0.3833537410343395 0.3886867788215424 0.3833027111855994 0.4143400332938966 0.440804606043019 0.4493710027003376 0.4416211615003856 0.4393061411481336 0.44432309317535945 0.40287482906532956 0.3693389020615966 0.34359765892253913 0.2993528836115008
0.21042644725000242 0.22412699456295254 0.2103562662219605 0.21757982172960214 0.1955349030826697 0.21106175558343387 0.20848324738448398 0.27106380048242823 0.29169526010473695 0.2987194550950156 0.2899153973278872 0.29085525004427837 0.32619895199284793 0.30449697366727596 0.27093892409675374 0.2706183774695642 0.25854938523231275 0.25044777799026174 0.28390586285627356 0.30095560456012727 0.2943320161587706 0.30909804504450833 0.3572107013656254 0.34818559895763407 0.34187740077100237 0.37949402770895063 0.40583810879998417 0.41740601776736536 0.43565364112031957 0.3780780774134264 0.37069706231036137 0.4281447687249697 0.39446341927557405 0.42288217055893174 0.41378754948614344 0.44740008510528156 0.4379728578920606 0.41746107551971634 0.4288030382478751 0.43101847355181355 0.37523217233133166 0.34360950648169497 0.35759128890911923
0.18486877003654303 0.15594676760370374 0.14684257195270492 0.1837171172813768 0.19970694128581382 0.1922762649261777 0.18489871153891166 0.26211759292263126 0.2669188990186616 0.29236896132054735 0.306508727801315 0.30270518173893196 0.31385918536368235 0.3326348057836265 0.2872521767913704 0.2822258320801036 0.3107825080678925 0.273885690321369 0.2667697611857407 0.3036922801450151 0.27343260688900217 0.29517962680412035 0.3560784380756919 0.3278350735984953 0.33334353794244326 0.36022975517808853 0.4306151128274183 0.46977187117264896 0.45714767740897494 0.42784841819875735 0.4095730213686008 0.44197607365477376 0.43490520833182506 0.3993316985395457 0.3831480176201941 0.43433888427500417 0.43277324891530167 0.4182231768931213 0.4653687781264424 0.3878041370232347 0.3274146060814725 0.3141011219354963 0.34635110068583247
0.16487982146637944 0.16221593441816007 0.15906731673431865 0.19400665537210166 0.21465798154970409 0.16946192050741093 0.20805901820877562 0.2519129381776449 0.2987769592312244 0.2774240677198136 0.33293955492659016 0.3386977267624387 0.3084625393036383 0.3010467051124923 0.29319902461810204 0.340959363814724 0.3459938993211936 0.2954061924202264 0.32589809064174424 0.3018257562915313 0.2774915655423808 0.2789936944139166 0.294178075658758 0.322348217720874 0.32632489935102355 0.36543418490974977 0.4203619521340617 0.4578298806405374 0.4152660050299755 0.3861374443315699 0.3997192067679056 0.3821835778943485 0.41281582281096524 0.34935487549997984 0.350749596867863 0.37153118550968306 0.41398335799122155 0.43083596632123866 0.39540048726272337 0.3822608709543722 0.3261188631265711 0.31735434017909614 0.3172151945920034
0.1702336604468246 0.14639108588225386 0.13725515580969214 0.2093328244694047 0.21045894490415487 0.17911443440807984 0.16748904139722182 0.2177116583049805 0.2787854391092085 0.27466548279920505 0.33445960435657535 0.35254213341611934 0.28214575340798687 0.328753528382659 0.3606264985457646 0.318873389004072 0.33825451645527477 0.33012502904198193 0.32151283933693536 0.28016409853954166 0.2918492350346814 0.29390158006176537 0.2881964407563936 0.3112861919228423 0.3855739465691775 0.36151254978658065 0.42389711103375693 0.423452984196284 0.41108104043941934 0.35847377173772527 0.34810015335392164 0.3405684972302351 0.36307280526196506 0.33574326930578385 0.338408822921446 0.37237297849321493 0.41689981538466087 0.3793484029675674 0.3905356477476045 0.33364563970294436 0.3305338227217896 0.2999493132589737 0.3127388654335293
0.14353133632087836 0.17014625279126194 0.19391584178731944 0.1971897430681302 0.17924912390058476 0.1742865880788248 0.2132585235300556 0.22930582044542264 0.26714732873715513 0.2851838668876966 0.3069558233649755 0.33111804716994314 0.3306013071401455 0.33735702304533144 0.37469834043438177 0.355489046245446 0.3589081120070321 0.35888484872399373 0.3511603713675634 0.2934693525484344 0.31362821327496493 0.2908113509466468 0.3163565783058144 0.30403880832135455 0.320332609896333 0.39299197755608034 0.42754080329272215 0.4068037298851256 0.3960970643293736 0.36822077687103927 0.34531889990833237 0.3715089541412324 0.3465252554430051 0.364622977952221 0.36146224384549047 0.32940725878417243 0.3568316731275596 0.3562079742318688 0.34677419183189095 0.3503121747594256 0.2753977522640449 0.28072556274831345 0.29540580966872654
0.17219192681051881 0.18821762794153699 0.18839173740067003 0.19858919929643387 0.1599411031939801 0.1694012113623862 0.178676266170246 0.2142666976402664 0.22101749705729073 0.24921614419104743 0.29219470490614957 0.29974518218027146 0.3196909184287685 0.31878039236286293 0.36327308051517043 0.38174756265267656 0.378542500635696 0.34171558344195957 0.35516699640758403 0.3249865542141975 0.28963997911578665 0.29395400988786263 0.28503825874123717 0.28038247828670326 0.27714220359533637 0.3032976074167848 0.3648590076903983 0.36398257178583365 0.32246832425365857 0.35433058662869615 0.3959148645068852 0.3599275928714169 0.36783758787161047 0.3286116408004527 0.32254724468201307 0.3293900750604251 0.3065034599365185 0.30601252439182797 0.31977152889263294 0.30721821845811925 0.2601002159682991 0.31225091108494846 0.3102858260561471
0.10582798790195498 0.14974086451257393 0.14496682621781679 0.1611020430653904 0.14757878240782368 0.19058222538433553 0.23428671602956555 0.24035113958486165 0.21173242617791113 0.24802718548372674 0.2528191130159825 0.27652883228406944 0.32160141498320405 0.31624403355048447 0.33562845646928285 0.33263026251666533 0.3303216912460997 0.3116121851372364 0.29717978396405287 0.33032864384895827 0.2909986673221846 0.2673029024487592 0.27130790901909047 0.2744324773402761 0.2741806900247909 0.2982655109653491 0.3233811312065386 0.34465661502962075 0.322798349430943 0.34197967813427904 0.31198838967950904 0.3059285316721554 0.28559170086092106 0.30766105004900346 0.2748417213870512 0.3025322106807914 0.26357895815255733 0.25561006036346473 0.2897954010795767 0.2593961053272256 0.29824829393433633 0.31811532201399134 0.3099702101557707
