Raster_benchmarking/DGGS/continuous/raster-408.asc
NCOLS 100
NROWS 100
XLLCORNER 1743154.5358712429
YLLCORNER 5469294.877344298
CELLSIZE 10
NODATA_VALUE -9999
[rows 76 to 94 of 100, columns 43 to 85 of 100]
0.38679738087415577 0.377768343833864 0.3933284506010056 0.3398917023750963 0.31832222582491815 0.2845147945253162 0.28593825170236886 0.313845751045259 0.2840967434577101 0.29418989245045635 0.2931211806163327 0.3177387893347788 0.3180689560204008 0.29663378970910287 0.35557481023925597 0.34430866848116254 0.31718049719515173 0.3200974724207729 0.3532618528926439 0.3443020602079428 0.2844171903288252 0.29449494571226603 0.2675180155051694 0.29773582004028776 0.3439280157702251 0.30109977305427843 0.3206697515820929 0.27897876505100994 0.2906358916487626 0.33050884734988883 0.39041528678306564 0.3981811613215106 0.33836149251468717 0.32469271808377953 0.37822074222688806 0.3160481577620325 0.30625530707099924 0.29021885925702007 0.27516174025747214 0.30091416539654564 0.33770774139509 0.36484769347863 0.35832891052723936
0.35175690868998793 0.34210706171450633 0.3683143166026465 0.34705054170185523 0.33753511857885155 0.2708274550655561 0.2829784500029499 0.29470343512004665 0.3113960429450428 0.2836792083784495 0.2634926462793644 0.26978198769033096 0.2732594575510538 0.2855382685261977 0.306785768725053 0.3025153297064723 0.32948630141640867 0.3233599982173218 0.2887735409155551 0.28053716700249987 0.25107473005711656 0.2630731780418097 0.2519767506700547 0.2953678286047129 0.3175639562655387 0.32575066015984705 0.3282671784245311 0.2902944494907436 0.3280028468062142 0.3518879982386134 0.3862459993742791 0.36080417898673983 0.3281201041860538 0.32942013983233176 0.33824488078916687 0.30572144359559955 0.29638849618009927 0.2922218218316191 0.32166590979851173 0.30020307731582707 0.36008960580593163 0.36290363899319494 0.34836176522694934
0.3435858551085802 0.30790060714382145 0.32798714012976804 0.31276959528910203 0.3079937056264848 0.24449156049922666 0.2259450155092017 0.2325526691857056 0.27208240670907435 0.2820879845459208 0.2828676065026345 0.2594986183376486 0.23870452914575405 0.28935196978396194 0.32327037835761124 0.31670782500552896 0.32305583756330497 0.30174684516691613 0.311596141266026 0.2863760892428548 0.28954427295370067 0.27516103829602295 0.23444363650006525 0.2739567257017456 0.24337441398669882 0.3031054797527992 0.3063227459180331 0.30296707743763185 0.302407565647527 0.3123757631187328 0.3302482128887822 0.3642443338666115 0.3923784742828278 0.32976705831011227 0.3125058781629061 0.29764067414275774 0.31402129492850916 0.34202977107729293 0.33749851704262956 0.3352014269263774 0.3645509241883434 0.38043105146139267 0.3450961710431664
0.308928834036946 0.328646291381349 0.3376533802908765 0.31733129569925494 0.3039367051248168 0.23761241008746753 0.22952169817923376 0.2529967967441008 0.2917641410396439 0.27123390550483345 0.2112858488911935 0.21812498197953648 0.2803640412646228 0.3039600576076769 0.3164866218304672 0.30653701343124223 0.30474466170435105 0.30781560947500763 0.3262428313298585 0.32086634261270613 0.3368750348244902 0.307557153488893 0.27367394052102445 0.2515560734860122 0.27430076923160707 0.259738976138909 0.2970518068659 0.26642071902607706 0.29432460813780076 0.34812012197949194 0.3236492968028371 0.354591741208127 0.35550071164937813 0.33399064476941376 0.34830303936715373 0.32233415056027265 0.3156043047403476 0.31932568427356506 0.2979756090645763 0.32673386372403906 0.334352360660591 0.37611504508488236 0.39679583161316523
0.33510287161812896 0.297591485144117 0.3055230585737068 0.2896947865392776 0.3119968170251545 0.2678612524353518 0.21718879959828447 0.228758571288317 0.2590250989308236 0.21524845265004952 0.18654847445513958 0.2444579866371406 0.26776417014094134 0.29634459245841865 0.28559718694394903 0.3000574111525249 0.316881036891944 0.31650781942455497 0.3515687377668148 0.34248125379210986 0.33155152369794383 0.32951116210122333 0.2650002819265165 0.2722442124479034 0.3193898093183793 0.2708970536690328 0.27206088243240867 0.3060156085995515 0.29314001042690324 0.3253817562103312 0.3547328817370601 0.3427914993898468 0.38872968182463863 0.36163830139062175 0.340733338735348 0.314111575045677 0.33287943196139713 0.31554889685591125 0.2524340504972193 0.33638970788287326 0.35297659522521785 0.3495152670741379 0.3858367337602957
0.3490786840978256 0.33523530352648356 0.29788438715840576 0.25733729874455163 0.2839971531303893 0.2737453946248542 0.22494513638888447 0.23831773260542388 0.24640210789034256 0.18551307615309848 0.19565457619774135 0.19419350407597089 0.22065199762712046 0.2690709104723181 0.2972494409542401 0.29691558603436513 0.27568115445574876 0.2853648724974065 0.3222282113060641 0.31484781270097306 0.3189209256164912 0.30498717822410604 0.31678101972725053 0.31345179229779985 0.33928454400821323 0.32131377719881815 0.29810901298009784 0.3285624721139064 0.3212158372019719 0.3366405818506416 0.35156993457301017 0.34727580999466523 0.3086618271265122 0.30163468418818956 0.30134463103404513 0.3024492175366187 0.32041487427145604 0.3001999241509275 0.28607933264596763 0.3092440370830647 0.32078722792269165 0.35817079752107017 0.35954955067137573
0.34477549023246257 0.306750485406542 0.25389793936632027 0.2715727937478425 0.25659126958429146 0.20871858353659795 0.19353842192013807 0.20516268446606964 0.2063849776148705 0.1653709706347549 0.1586753525783933 0.2080390250620927 0.24447064006492125 0.29462011083300127 0.30982900732690855 0.29207083553945795 0.26435271350399747 0.27357780550161154 0.31478167205689456 0.31223370335626466 0.26072098188329895 0.3144357734076828 0.30388834425342354 0.32493095120950133 0.3389790538097273 0.34400856574683414 0.3610016753718241 0.38490907731262103 0.37153635885140995 0.3613670641011845 0.3935921065676828 0.3317559729845535 0.30672129380571084 0.3302776990476021 0.27991154893364284 0.278813881734013 0.29941682465200065 0.287889164643785 0.3265468419357713 0.3048293791866461 0.35895405150927606 0.35831993860180006 0.36495928035587927
0.31497347925416713 0.285218413935689 0.24405784839261294 0.26150209283490894 0.23086270176759008 0.21819658336880962 0.14480961252458713 0.13854896357024682 0.17139702431608347 0.17026380849205827 0.16737025062654343 0.2207330354054243 0.2877886192354063 0.30825604500899695 0.33847509550924487 0.2920216590872043 0.2911892528431099 0.26823446568855064 0.2693310409019013 0.29484960816584554 0.2681825067606524 0.27944128053276407 0.3232595031171907 0.3400735393050933 0.37839416856842356 0.3894963174672963 0.36498026216024926 0.4024665294805109 0.3816095816511645 0.36901586532902736 0.3696387038280953 0.36261224096139855 0.36901589508882365 0.31404273281036954 0.2758957820782607 0.28177205229351054 0.3220105957711408 0.28864560325694094 0.3119683654058342 0.34054949595753575 0.3824241098482261 0.4110298340671212 0.40338279420845025
0.33248254890977796 0.265699298993814 0.24843404329685426 0.2530196236482119 0.21557136543919117 0.20397571620651106 0.1241573682910075 0.1636445435010817 0.13942284039182215 0.1273509136579628 0.1728016705021337 0.2236975742478986 0.28271190097330945 0.3299850701371109 0.32844058906024515 0.2837673392472668 0.25093309614380177 0.28914630477650183 0.2774395944872588 0.3017644148615385 0.2523431781846075 0.26407079180544857 0.3231387941794337 0.3688593856097116 0.38953524784360377 0.3924910209163473 0.3933734557840174 0.38578247818977945 0.3855589185918328 0.3908837896469444 0.3909209326027907 0.40057904651315007 0.3888312684884452 0.36637858642311616 0.31839436334628834 0.3298858059381653 0.3175794847103413 0.3014600864178296 0.29074951275678235 0.3401872260814607 0.38119191237373623 0.4296081354628232 0.4575543104547714
0.310980497877374 0.30363947405078034 0.25000103228312015 0.21001742347458285 0.18412375657234897 0.15708303941363308 0.1009206092953049 0.13687975114273238 0.14362032728346988 0.13706028078799348 0.16356049224532607 0.20801454811895834 0.2718386283085326 0.30752102407829124 0.2885529941693545 0.3053560440959124 0.26643248227705535 0.26838454033963655 0.26674440122787857 0.3188582098268343 0.28195788792711807 0.2999287572448274 0.3373697950723806 0.38215601442984787 0.39401121394136646 0.38010491171013655 0.35820248336590904 0.40531757658754697 0.411370422957119 0.40033668106783826 0.3870985726441001 0.38750807866188175 0.39277157741224455 0.3411594175320778 0.3732869276804851 0.36543544862110133 0.3804739679901029 0.365033843122708 0.38639919013304386 0.37910760921951814 0.3596735027338799 0.3961141572087953 0.4101086654346847
0.28860910069501966 0.27477668827680746 0.2462270321786979 0.23652850333920203 0.19539455632897135 0.11943880705394821 0.07891455110653259 0.08501011423893827 0.0969673283974208 0.1073987568465303 0.1355496881136209 0.20505436258273496 0.26032079201515257 0.28739308362233246 0.2810856096427798 0.30254148243695755 0.3265604566127473 0.2920179585214799 0.3155673158756076 0.30964679044135834 0.33421246576651104 0.3390846092823598 0.3306480905258569 0.3337854555599209 0.37707384613033096 0.3462942492324121 0.36451384080984367 0.3844909129405799 0.43089150872410475 0.4251756853013248 0.425593905813889 0.43062678893617695 0.40674062353014473 0.3752303386297409 0.3522083595639908 0.3608702384887138 0.4124731839649016 0.41255827261156064 0.426220627034198 0.3923731384373051 0.39020531810939946 0.3905474099439401 0.38594725032593363
0.29162476385583075 0.2760140255637611 0.25456301593083336 0.19241768208981097 0.1668107680304291 0.12205844828835812 0.07121388784039476 0.07538132315412198 0.06875935145047486 0.1023156510064319 0.13442748076853014 0.19416258049710275 0.21406378053310526 0.23283461083742304 0.2509946102999981 0.265504093527945 0.307742829739878 0.2862862075694393 0.2988016280671796 0.27069217052084243 0.30188405036363924 0.29825500597439136 0.31666883086652414 0.32773427172830444 0.3699597997264383 0.3437052891266626 0.3741356286535853 0.4032453955303651 0.3897239337780176 0.45151528620739034 0.47446038851500577 0.4466699098009322 0.3806689556619839 0.3875156147421467 0.3963132689705831 0.4219422171902286 0.43280632815478215 0.45679975900670816 0.4511597381142554 0.4372551309569029 0.3962477055338271 0.434812859157075 0.4361680766670116
0.3151516696350944 0.2889803574117019 0.22670320509830383 0.1777289364623626 0.1419645388031186 0.08468683621283046 0.08732940505689184 0.10555705356987968 0.10267313456657129 0.09777650571917082 0.10996601431117482 0.164752506711567 0.2429610832529006 0.23531989885618895 0.2424140473449255 0.2792595406532475 0.25537235288144094 0.25787183681853637 0.2887424646873296 0.2628229139769854 0.23649548807264617 0.2904621904893226 0.2735752507621222 0.3256555828035458 0.3301822878748461 0.30990151182882963 0.34796692040216726 0.38628166386764984 0.3825281235597219 0.44366064118892184 0.46987547888577846 0.42787502817263107 0.3952971162344387 0.404531280413654 0.4110515708954932 0.4208886002248075 0.46683299720365673 0.43430455223859826 0.43440465596225974 0.4530149454454571 0.436667414514309 0.4269220918795406 0.4174198572299134
0.331266676301965 0.27344414526774685 0.2044890705861678 0.1721309641681258 0.12187049622150291 0.07702361558849191 0.09488287432601772 0.10708883161996749 0.0854516272946621 0.14571691348935736 0.14368288544579835 0.17964952433160247 0.22992892821032684 0.2526347252452296 0.2692695899319782 0.2772956803406165 0.23874486428101663 0.2784497208478554 0.28067904453718484 0.2638320423885584 0.22912883322743596 0.24026771385601112 0.2448667959179223 0.30957963423303 0.28823281579090404 0.29886458544139727 0.325884915229248 0.33133791752346664 0.3956340015398922 0.44877024671397875 0.42219125589921025 0.4483219476021732 0.44020735491291685 0.4140481210761311 0.40033114702261546 0.4138276042023441 0.46799293216539756 0.4458803647360307 0.4461452556248873 0.40869063780558396 0.4081868968001308 0.4390028122359222 0.4044730259416276
0.3282373819840471 0.26696631099236645 0.23279573509553844 0.18547273156402275 0.1273462390083734 0.1045429213618939 0.07004829466545553 0.08315957126368369 0.10089566944066075 0.16414414710825698 0.16194360432633217 0.2061546839011375 0.24992033876773387 0.2518555443716579 0.30359215315895444 0.26849524810548453 0.2575138546046229 0.24693351586347215 0.22302921240119622 0.24734890944606555 0.22185048353499298 0.20557118617561543 0.24894818806260743 0.2722238064103329 0.29243750459892814 0.29230762901798985 0.3054503622201025 0.3394408222542033 0.3971768392324974 0.42115335583096386 0.4321352944155886 0.4440465797381782 0.48629717262880107 0.4339558060741291 0.4300643981324735 0.422468622817307 0.46015915623102877 0.47058005272960085 0.4196212660095263 0.4303024314475701 0.4233662151823031 0.4654170331612977 0.414935963338167
0.28876364694212914 0.22738879350918584 0.23076593411037324 0.19462698258255212 0.1547727800771597 0.11537220680569565 0.10159663948889698 0.149519647791218 0.13111946484669962 0.139012495670671 0.1850970173070753 0.19624712314654477 0.253998242376904 0.2883964955419033 0.2547400624201363 0.25123423728901956 0.22834520821991675 0.25413768520657276 0.25333285083476165 0.20775925275256368 0.22113476600714316 0.2239013564947855 0.23527005645725466 0.21193995853302777 0.21257426708570837 0.24422576071044808 0.2952469062863245 0.34773265910331635 0.3582524515865024 0.40481826336382903 0.3991225110200049 0.46557291962838915 0.4998103429391902 0.4863510332327265 0.47953893515171886 0.4887935680251198 0.4889911719084074 0.4696203276266583 0.43304752431460125 0.44427955902765537 0.4298272103649669 0.4693498417072951 0.45210525624649894
0.2548032904642709 0.21259546365290274 0.20234563692736518 0.1732108815515394 0.13094042050690083 0.14225603294163328 0.15487904475779388 0.16334009218512854 0.20411255881582832 0.16960291782704365 0.19798094284817952 0.20327808743180042 0.2678504680467317 0.284941542965046 0.2678394525805429 0.25690640514385915 0.252722426078395 0.22914350203132225 0.24052595049187792 0.21217125294559322 0.21709968757680767 0.202794727258637 0.17546945046860662 0.22963988057404428 0.20688646996873228 0.25611697859377214 0.2708121346045381 0.2841406796490872 0.3247828437024718 0.3518233247766951 0.3738998894504021 0.4620438280769991 0.48019232819270324 0.5059599389963234 0.5050229585626759 0.44503431126257487 0.46156841247609287 0.4638832209592047 0.5122024217493892 0.4680049516682669 0.478763682472831 0.475943427323325 0.48621535863830956
0.26440120633621833 0.2419214806544209 0.212177709820431 0.20473207526227982 0.20730101962333095 0.18864201848425902 0.16729047478607045 0.2129296946616815 0.1816487824636166 0.17446468138177457 0.1998454965639011 0.2526239814239961 0.23625314419582052 0.2540900940608789 0.278765138846627 0.24557813300340497 0.20843375307113604 0.2380288484513919 0.20727569622124656 0.17679572332001206 0.16330372641866694 0.21270187781353572 0.2334510753676102 0.24051115811921256 0.2046072589493695 0.23893894856380138 0.24976530911417177 0.2934894779596842 0.3137686316492878 0.34848324504122885 0.37772210537934403 0.4145057786259975 0.44600636265784094 0.4873187746181497 0.4793790569434898 0.4435387714683602 0.4730018092259828 0.45256808760193956 0.4867702956732311 0.5132439979526913 0.48534876775234786 0.49270934055965987 0.5159960825170901
0.3111812162180202 0.2694205962768057 0.24138521454056863 0.21611585538881908 0.19617676427018405 0.18838309280869917 0.2192574058610505 0.21862499439247096 0.19482989183945992 0.21630884369517128 0.21207304932820778 0.21940748097121088 0.26752243071702825 0.25782686749627637 0.2765979131653694 0.21179193708388214 0.19490243585539976 0.21709099361480264 0.15925683604194948 0.19792076615908616 0.16055704543842558 0.22535291669203006 0.2493310024542989 0.2698353678410142 0.23971723269273867 0.28196882137894663 0.29283770576845647 0.3207070359410293 0.33982447175525776 0.3330707859119326 0.3751189278171895 0.4126118708008249 0.4378624638694757 0.4599114768660728 0.4437740202260474 0.4514653023435804 0.45850481090650885 0.46431067885779936 0.47725667342932043 0.48636116587633876 0.49316706588988823 0.4736021486943234 0.504890948151766
