Raster_benchmarking/DGGS/continuous/raster-499.asc
NCOLS 100
NROWS 100
XLLCORNER 1743159.7838678705
YLLCORNER 5469284.515772057
CELLSIZE 10
NODATA_VALUE -9999
[rows 19 to 37 of 100, columns 0 to 42 of 100]
0.6483645033981008 0.6211135635914271 0.6474059203162639 0.5876590966612801 0.5791443605688557 0.5765204622065395 0.5783867898985716 0.6057589862528524 0.5508785627686772 0.5360614032756966 0.4746258728260267 0.47654291035722124 0.4506219413394996 0.46657349467151626 0.47420698923073207 0.5041375885890492 0.4802948723956304 0.5033696413410892 0.5179667457277319 0.5187754276487041 0.5668456469625556 0.5614168780826113 0.5275066793298437 0.4971642447957278 0.48854701528476446 0.4867408589416989 0.4714306199018095 0.5257222076137285 0.5233122984780618 0.5076127260187069 0.4533464839240188 0.4535867019536648 0.4800647906022858 0.47545175424577946 0.503438842749014 0.5140721591716704 0.514398495172973 0.5410839657154065 0.5103506050669979 0.5381034516421266 0.6019697912299165 0.5680005232132078 0.549113572880847
0.6210319448927517 0.624243108558541 0.5928633902911401 0.6239793739319945 0.6407307453209097 0.6190144873416422 0.5821090539341404 0.6026731708339796 0.5767823945665157 0.5207273275830903 0.4726382125146914 0.45732513208377107 0.4959604678345267 0.46965762691049306 0.47718074395340987 0.5063508526061222 0.5280818522373234 0.5341468950782777 0.5265024450592588 0.553648159151751 0.5245254625358636 0.5315927202533779 0.5392567596291542 0.5023692962321575 0.47427575870092653 0.49135709505766967 0.4653089521438166 0.47497076568186486 0.475059161137182 0.4920423168543725 0.5035874604688193 0.4646360651665409 0.46943951515199195 0.49296059284304355 0.47599805268797085 0.512442002787332 0.5271264513714303 0.4855968630493919 0.518034642373565 0.5536539946223511 0.5417339221188814 0.5453412484441668 0.5770949310420435
0.5840549970483928 0.5605661186053316 0.5726971668256948 0.5643651904720539 0.627286723138423 0.6040828981453734 0.6220124146570003 0.5752903147133205 0.5371195624934905 0.49991640383765434 0.5175285564007646 0.5081923638355687 0.4893863011224382 0.4959197830189375 0.4753344693272961 0.4647966496970248 0.5099583482798393 0.4985506976451651 0.525806195302624 0.541397156222437 0.5020725819129531 0.5305843850026525 0.5262590379655435 0.4973453762179668 0.4962536706190115 0.49515857143543 0.42978924109640154 0.45317507327077006 0.4247154042620862 0.48629219121337036 0.49862147980144733 0.4902632056404604 0.49937229269196637 0.5067785072978395 0.43915153034837157 0.48679293959974484 0.486781848997391 0.49666650786229977 0.5432794278938742 0.5304179579239455 0.5467490592028553 0.5793453750995181 0.5634660623608656
0.5633497855329682 0.5543757703761399 0.5324024235250383 0.5490857534921328 0.5613254768587675 0.5707859185768838 0.5943621118037189 0.5589726950417354 0.526998243735139 0.4948052226802118 0.47305114260306236 0.47941739696741903 0.4480956490649946 0.47258769646633114 0.48103313706779677 0.4673977168485699 0.4965983902906362 0.512728745527252 0.5361909110794439 0.4825581791393144 0.4776597932464813 0.46288310427040347 0.4734926684648803 0.4629232114227827 0.4795307609966344 0.4497914529455738 0.43912276235693515 0.4351678561467801 0.39363000803695897 0.4222255565977078 0.4693404753075469 0.44760043705427766 0.45928613181442834 0.485479484507286 0.48002708672897393 0.5010759267858442 0.4781476218559184 0.5129390808344517 0.5558015872278399 0.5517030569943644 0.5734587122081783 0.58721710526486 0.6161859439320663
0.49278855669480254 0.5366321506531707 0.5056473622932933 0.515460772276786 0.5667201891955289 0.5253724907320708 0.5518265897385942 0.5390178031944803 0.5235830160076462 0.494971084580603 0.489414646676836 0.5136029719677294 0.46540746347540396 0.4410011385670531 0.4415001294436767 0.45919367406150546 0.5139193329088915 0.47836963386178377 0.5049425588266915 0.4906366025262873 0.47356860139437934 0.4495475163858882 0.4205116009171781 0.4696531097529639 0.4654964392369688 0.4176597755379122 0.459188867428782 0.4432737339459691 0.4089085215317157 0.43236677904273946 0.45407968086017686 0.41933856742332404 0.45648947221100106 0.4834505340234278 0.4716120270578212 0.49313942735414884 0.5214619014518556 0.5108209840569687 0.5847018186362443 0.6160356316928337 0.6289360331767853 0.6205457349143159 0.618111728247426
0.49573758292184195 0.49202473654310214 0.5272432731962926 0.5543941737023688 0.5606513957414502 0.5248481626614087 0.5599099231917904 0.5458610775145454 0.5415233574799062 0.5207447575858798 0.5472633605885012 0.5340033223806898 0.4956061032990597 0.47136054864925353 0.42214989635702926 0.4482782770230995 0.48058059005998816 0.4684063323540617 0.46729053241710605 0.4646404703725946 0.4214835930294727 0.42665277310168576 0.38018037809331146 0.40673961213874027 0.4167923621474069 0.40945942218610587 0.4039882287021666 0.4336107244023941 0.4324737023656097 0.41704412316724904 0.41889873404921224 0.4373234664635233 0.43415912428661296 0.4354071169332881 0.4680264372488703 0.47743503102846624 0.5064882859401121 0.5399819535192959 0.5679309720017868 0.5768174310447806 0.6244777932965494 0.6223221778340511 0.6374414003677702
0.48775302763869555 0.46700131597048455 0.46779634044791296 0.5057102188321057 0.564137418304294 0.5375271480933054 0.5180472307591 0.550107572640006 0.5634116934824462 0.5339920295927404 0.5752859479511205 0.5553348086693004 0.5354076825599213 0.4818169415440001 0.4449783278195913 0.4198798715458869 0.44544323846164785 0.4751188744238031 0.5274827575239239 0.4938572575016531 0.42231857007047047 0.41383858690160846 0.3491500471811969 0.40918660416747704 0.3974225322033727 0.38588077450030567 0.42744491013411884 0.42825706363692956 0.37834162658160114 0.40922261006030214 0.386754172122201 0.3979467060536318 0.4738159687931018 0.4680629816161285 0.41243686905331317 0.4896992610507598 0.5223853957632972 0.5266513267425701 0.5704289650488139 0.5926794764534712 0.5838911621933904 0.640970180163104 0.7062657769239525
0.4687965655825559 0.4790312728211752 0.4691951694838999 0.5302402628935375 0.5104673768999696 0.5401120304564491 0.5016848346376227 0.5224201266380075 0.5676856833745114 0.5630965397886746 0.5485293600549019 0.5269789358836342 0.5651979528883891 0.5193341752783365 0.47378377525074516 0.4420313668619546 0.48764289519171505 0.4706053033528243 0.49503483196846493 0.4534206682256356 0.4567928176381099 0.42466876659337 0.42214258572544705 0.39113763838117294 0.404398562413546 0.3832652967862121 0.4143263927593395 0.36209675604181085 0.3729154496077025 0.39432111852450086 0.41066794451870353 0.40647699978572205 0.4218394619326725 0.45713292697989877 0.4869221960652671 0.5045145950276139 0.5428666906973931 0.5583499964203433 0.5702148591722265 0.6048284545993461 0.5908622161273624 0.6761995195460018 0.709315041388784
0.43795553782943164 0.4221847626108384 0.4641304198810612 0.48304662633153517 0.5110086753552444 0.5032183196566273 0.5263387660200852 0.48331989270213943 0.5018221006220516 0.5548733987933501 0.5383749168665252 0.5272781533530521 0.560752197888331 0.5398543955527035 0.4702921344169158 0.4446099592831412 0.48882141612405355 0.4916079817553084 0.4708644040612919 0.4627641918709776 0.45962092399977844 0.44541583983270555 0.42484865139399935 0.3902281916541793 0.38410061809375134 0.39076315134222284 0.36332521664801576 0.39452434989229285 0.39861649400208937 0.4042281537803105 0.4361362463095408 0.40558759652661924 0.4441531779580015 0.4477752582403662 0.4624326904903814 0.5294630874729329 0.5143132289698576 0.5424846678616978 0.5761589743007264 0.6189860712164773 0.6179646687929271 0.6508234881726735 0.6869912456631551
0.44511577956728976 0.4002710358263154 0.41364382508604697 0.4576693262871591 0.4517229545052883 0.4923970130238627 0.5391251490967034 0.49496856393665545 0.48875065182986815 0.5408278777085594 0.5103254462673302 0.5389571246038596 0.5459613059862841 0.5429107463816015 0.49105052403246363 0.4831181489131298 0.4824037917642054 0.4838280850435724 0.5068568266709281 0.5022857157717243 0.4442151623872343 0.43743445793679137 0.45791716341041117 0.4161072953094324 0.4128445333970468 0.37042576801871463 0.4027701142164025 0.4203438839836621 0.3998500245371685 0.41414982293140296 0.4489930595378046 0.4427439943616679 0.4203243413229928 0.4379062801999527 0.5096424176779164 0.516253863955464 0.49727094306404496 0.5061190478865731 0.5668931490608656 0.5734750343360773 0.588742898975688 0.6356167677073538 0.7009347317082594
0.4439552420524003 0.43138294985786924 0.37770069973868015 0.38246265140784086 0.39973803271854985 0.43074076257084654 0.5226371620711427 0.4871150226395733 0.5107104392430658 0.5174372831842641 0.5255001042298612 0.5321844339759135 0.562979540684669 0.559093799133339 0.5241559390426233 0.45282513885212444 0.45298162022699956 0.4623816422808077 0.4906669647077864 0.4805605537731329 0.48240135262312694 0.4683855828475333 0.45545480526306653 0.4416993033483635 0.43701255841801506 0.4234422367288064 0.3991465714364081 0.44625802391782576 0.4206973209823153 0.45271144353492887 0.44064723539394324 0.46093213799237936 0.4406156218993836 0.45800862710357215 0.5108636229269663 0.4951209672261969 0.4711624908580173 0.4932562722293717 0.5413149174951022 0.618384578953044 0.6244192585658416 0.6509236914399522 0.7333668089190366
0.4163575622953551 0.3927011727592238 0.35426924560928696 0.3958583938322462 0.40783973938644097 0.4237798200519377 0.46567987839445957 0.4936220042538317 0.4942415541090718 0.46556144825946044 0.5208361390240052 0.512738235161126 0.4990314013554139 0.5024151061871777 0.4829976896977308 0.46391939121222225 0.45760514384658646 0.4393521627680043 0.435757367855925 0.4441342944792093 0.42534223846956626 0.4212561343412648 0.43653904886257944 0.42315253541778086 0.4177589817231721 0.4066042374498612 0.4016070065715429 0.443616017786745 0.47676906198655566 0.4730942702203354 0.4638983111622423 0.4713768063331826 0.4810247608805095 0.4803418541461741 0.48686628224357364 0.503920981861315 0.48415243664974855 0.528109277489934 0.5537922300650372 0.6337002509775193 0.6290201225234344 0.6635860016383733 0.7187573258442306
0.4056749482567939 0.36179804432291013 0.3508468615529787 0.3509709170770204 0.3849298261415873 0.4264552460418954 0.4096301532942377 0.4581846690074454 0.44282260062463746 0.42764636101183773 0.4911004915106773 0.5200186121273672 0.5052981410338807 0.49535748730194384 0.4976065805895249 0.4632281281937462 0.5006667253954264 0.42549941325356794 0.39023798306670715 0.4194579084155712 0.3795302617736545 0.3663875826749818 0.3695679715796724 0.37874614129492673 0.4083604486509705 0.44446158201719754 0.4062156367022723 0.4473790237967134 0.5059625842441737 0.5348771423920634 0.540757478169136 0.5359975396036497 0.5416729700381505 0.5378112710994388 0.4943308401375738 0.49976757291444857 0.5188356168357061 0.6006982513847235 0.6120778872860578 0.6506761481265263 0.6764673260257579 0.69850191952503 0.713514999782655
0.4394538176964078 0.4091355994271538 0.4187642453208857 0.3896500909355699 0.38635661310773617 0.38286677685886306 0.40178843808968495 0.3973222527961247 0.399768254456888 0.4207292288278647 0.4532466606883486 0.4840610175514672 0.4640468523548122 0.48217004484965303 0.46859562479001843 0.44593432168989205 0.4383962855551938 0.4246426011817477 0.41075309927067943 0.3590268372199639 0.3866536984027907 0.36814652445698787 0.3967574998630347 0.3713021337359786 0.41865157039642714 0.45345983525038114 0.47156735405697725 0.4700046734679407 0.5356556718809611 0.5456068056882921 0.5802610533906138 0.5562279835541322 0.564487658195249 0.5305823691744561 0.530055778521871 0.5516933500239576 0.5540730181219028 0.6246530016458801 0.6212914806753709 0.6422475916567879 0.6897612731208794 0.6582390589771456 0.6898840701870396
0.4313310171734429 0.38679808937220117 0.4103172279800648 0.38547658668296114 0.4024484163377506 0.39089547728672025 0.3544251423853165 0.3731287705762262 0.34255169430495275 0.41179273267660355 0.42068110361007854 0.4294851862358971 0.4437662866522684 0.4586881424233668 0.46623536263265725 0.41473262356472973 0.4051040219247901 0.4095419766561368 0.37814007364961755 0.38098236454072093 0.3419200864258521 0.36363316964291253 0.355768236637854 0.37724540389479927 0.4380276943818879 0.45043237615297466 0.49555621860893123 0.497676838242103 0.5144999910385238 0.5855790914121041 0.5943159725249193 0.6035989949719203 0.6193115821473195 0.5482151556993896 0.5642736279687782 0.5752770477978126 0.6357618929749598 0.6628732771206446 0.6453142469372627 0.6717065552864228 0.6784631019654956 0.7093377191632347 0.6798628440219918
0.4508285160197988 0.3938351466226426 0.36650510052722496 0.3905949651420604 0.36244834918324215 0.36313403337061056 0.35673751665746295 0.38868817810997486 0.36829546390150025 0.3484271535968104 0.3766196468990712 0.4516732600202917 0.46505718397357837 0.456872364903575 0.4735950086874738 0.43196866720958393 0.38554457246650764 0.3725322281169528 0.39587862174251776 0.38517578377818834 0.3575207480511358 0.3367259935711557 0.35228467849306366 0.36537865468292896 0.3940220518875023 0.4338109330262651 0.5015524037743924 0.4966564798705301 0.4943380408025323 0.5683682971107155 0.5879206814129833 0.5868230025483285 0.6124095841292748 0.5763789489579186 0.5890521336551372 0.6360745463923987 0.6352228312585171 0.6710599105208807 0.6600512606841348 0.6489089938795422 0.6774993956994889 0.7091441696123905 0.7583446218445768
0.4083623932143619 0.3759787282115688 0.38191420614212546 0.3904331582922073 0.3998020212206967 0.3569341348828726 0.39075916383516784 0.37140534227524646 0.35442608945850307 0.38081154831571906 0.38030147442858814 0.4062127432223039 0.4530742727035539 0.4346023822576931 0.4309508838477895 0.3953229325073941 0.3722535717818907 0.38756321028088386 0.3706286323752925 0.35715839856803017 0.376723007688179 0.3713856227508612 0.38434355557143535 0.39528481172087815 0.4051401882748959 0.4334578097031778 0.48012619365136466 0.5185286702231604 0.48732197807127575 0.5104332290042431 0.5664717696790946 0.5850083925991757 0.5822259639252264 0.5829376649139238 0.5999018613105612 0.6643933892676237 0.6643802902057907 0.6420491584137752 0.6583553400696338 0.6773401479372693 0.6806652907381224 0.726587139513785 0.7649147190594331
0.4672083673906764 0.42998472646270197 0.4456132119993451 0.39468505422421024 0.4155204639458777 0.3938883109144996 0.33842857321378783 0.31923234756997365 0.35563003482322314 0.3486475597890882 0.34926511628561585 0.38678621122304124 0.4411288989195186 0.4375611237109574 0.37712088332587024 0.39178507537882035 0.3809943074097105 0.41117468201155283 0.40719646633978035 0.38007220647822126 0.36138285824224525 0.36593462436103386 0.3956454103235191 0.39306571708385485 0.3889881064695655 0.45243189510099396 0.46668200796049597 0.5112736799188725 0.5030810595094065 0.5119033563792368 0.5565296636689275 0.5953687534899496 0.6235899176934616 0.6442302551742183 0.6209073681075206 0.6410741498934968 0.6606075173719804 0.6665262521670579 0.6714025533209322 0.6733913966463546 0.6983652319718158 0.6895380137475783 0.7190370254078124
0.4750048187349889 0.46618122701272824 0.4563901566407843 0.43521140240744444 0.38775454777253476 0.330087963356835 0.3032795441298841 0.32122847807403215 0.3347912605988205 0.3581867023554115 0.3557646034863933 0.38741142253506633 0.3833561942256557 0.36074639101456074 0.36327606112484023 0.3633949191849103 0.4033120794236376 0.4111469480934878 0.39746513849343335 0.35346459932030894 0.3549478547295612 0.32918662701190643 0.38215449293622533 0.354857006262137 0.3566601040196342 0.39608944971999643 0.46313157107009056 0.5008155378166367 0.545977954304387 0.5359818191093261 0.5305766624306919 0.5703802739154661 0.6181970563657351 0.6149505597249604 0.6753036521681355 0.6529836084017592 0.682659036154226 0.6703992836308226 0.6630015721358976 0.6551153243014183 0.641476382557229 0.6636225164480285 0.714793941550233
