Raster_benchmarking/DGGS/continuous/raster-240.asc
NCOLS 100
NROWS 100
XLLCORNER 1743156.4999825542
YLLCORNER 5469285.083247335
CELLSIZE 10
NODATA_VALUE -9999
[rows 38 to 56 of 100, columns 0 to 42 of 100]
0.3887567572026512 0.39381309733499903 0.3935284079661724 0.4096674233044489 0.44100734051193974 0.4088271042768203 0.4617221516175671 0.4356819466079926 0.48371632112160323 0.5034841650916222 0.48962827000411396 0.47070214373214647 0.45986606148413506 0.5050642010957042 0.47406640463745825 0.47508043367921954 0.47990762770608086 0.45818492696310176 0.3946978127415951 0.4173504188306313 0.4150917313608311 0.4001812653612463 0.4191152917678499 0.404459991843159 0.3726085256345305 0.35910698449227085 0.3732721352170444 0.4317015706460276 0.4839558616740983 0.48521562461280016 0.5034196705187589 0.5070420600484515 0.5531565520058611 0.5622635592346679 0.6111478609703704 0.6450067931250558 0.6883913502767667 0.7118309492603564 0.7622158242682068 0.7760100583004611 0.7799080310899021 0.7842306770717014 0.7396202381365997
0.3795653369887368 0.37048920035162364 0.3799110026120937 0.4385242315600251 0.430910077961549 0.42810717173043217 0.48833288678864695 0.48888283646161623 0.5033608737391726 0.4981442556878553 0.45091758963312195 0.44882484668830824 0.4409521398862972 0.4595344139203972 0.4330790576051295 0.43380121848036546 0.4259359418491624 0.45526911044319907 0.4292264021299766 0.375136660388739 0.4273892546896308 0.4319931267707811 0.44830875511990503 0.41990695745876316 0.416504021111571 0.3751928368180024 0.36802078982254655 0.39598179777711484 0.49548231474305493 0.4913130641925882 0.46375092490700637 0.46931863941579927 0.5529506930132623 0.548763760047517 0.5858629358284378 0.5704225493226822 0.6206042139386214 0.6829439311518875 0.7055653150737383 0.7789630776604751 0.7376953651691951 0.7215050884826784 0.6942004154292785
0.43081014996088185 0.40730304139640355 0.42117112250879774 0.4655025320773734 0.46609600238006893 0.4545702766595162 0.48933078648360234 0.4905222200589406 0.5035166744547969 0.5321761380619682 0.48995414715680485 0.42981334413708283 0.4533174646910735 0.4652562619195147 0.44330377088429423 0.4408711959739452 0.4625971066487703 0.4201036101847842 0.38779846109660704 0.40040280257844774 0.43622927145001855 0.45694712545325333 0.43904793278894894 0.38025104281806604 0.3703577628490627 0.4078725621494832 0.39150832876814357 0.40417217320420673 0.48606318577412827 0.46703626360515205 0.48649875300388556 0.45842480019736065 0.5229565948197045 0.5607321518519384 0.5387673436188251 0.5633527755515401 0.5981951249441735 0.638054709519967 0.6886001825257412 0.7299008158474052 0.7553754393934345 0.6900292550370565 0.6958001189384121
0.4518911320857462 0.4834065777923673 0.47324149120668724 0.513075936930224 0.5011800518535227 0.525456968982214 0.4875032257869947 0.5325949777266027 0.49237394668798007 0.5030590932737714 0.4374869013515599 0.391519582113466 0.39930785399548 0.4065552022742532 0.41733568455458186 0.4848630827721687 0.3986266017435242 0.37641076382250194 0.39917410455458785 0.3979018711426892 0.41391121221517463 0.43042797042220454 0.4123437491729303 0.38866038058599156 0.37797043094290994 0.36481129893681974 0.3757374927457446 0.47648131398184823 0.4391633299191913 0.47713741967285866 0.44634913890219774 0.4347230838300083 0.4625709081683587 0.5399678218116155 0.5701738773128284 0.5593286593554676 0.5754075405848708 0.6527563942971206 0.6698702137674579 0.7740908844723241 0.7034641887519123 0.6923397760922791 0.7016964891524213
0.5137105826812288 0.521669470591144 0.5508514081770184 0.510177755665067 0.5228609478984413 0.5301435099164831 0.5076996985016814 0.5084250008319224 0.4472001888434792 0.41586108680237194 0.3695712333195933 0.36396930543941086 0.3586218474822859 0.3412723151518028 0.40697828108875633 0.3864084427673915 0.3962930998766607 0.37145083844943017 0.36282588809068717 0.4133768258487921 0.42427491610347823 0.36713188257677926 0.36353552657161603 0.36711571864791054 0.3970909538670664 0.4075549586159737 0.3745858559905843 0.4138965829310617 0.4210287945535008 0.46629066036295563 0.46411982603240215 0.442938706962944 0.46956180044113555 0.4845148264957343 0.5515331391843137 0.5629811319972953 0.620237576616614 0.6602649606631872 0.6994472701403264 0.7292330542035721 0.7057669527175143 0.6484975680940571 0.6687974676536836
0.5031821341573485 0.5475127327740809 0.5147522623678253 0.5265780183831843 0.5300922293701946 0.5626095416419186 0.5255151909512216 0.4972410257754947 0.46227722756548667 0.3767403508566532 0.33332308154244494 0.33353402740874777 0.3218755502797011 0.31929317034353566 0.3161146477689187 0.3734483999299766 0.34232226073306077 0.39490973864170653 0.412477138497674 0.41243562467745615 0.43005830227357356 0.35396834465842836 0.36684927750530333 0.34675577715774347 0.35145434286400445 0.373155427565262 0.3769767243140769 0.411924614313184 0.38868219274112303 0.43642358161675404 0.4703644655716937 0.44653563096661636 0.4582525846106087 0.5020148363956728 0.5446825683964248 0.6150939440953516 0.6464975991150697 0.6951720958670264 0.6605116415198424 0.6867322586774682 0.6711333062738076 0.6517768055534011 0.7028617632953613
0.4844646127660654 0.5372725401981842 0.5587009317020102 0.5677709361240633 0.5522163635823146 0.5208496078457197 0.48846605849758046 0.4846265181542686 0.41083751521720435 0.39681010499317043 0.36410170536026776 0.33356713332483034 0.2838225154655191 0.28767104720298176 0.29499043303047373 0.3433107124962686 0.329765544829102 0.3525758435848194 0.41720526469824853 0.3951089287317843 0.39499108886943296 0.3494201071143227 0.37447614647808947 0.35715170057436896 0.36209423151048287 0.387335714820637 0.3626856280580844 0.39257196404718875 0.3891404819957565 0.4271430605297699 0.43064051912929835 0.4282762358048315 0.4508188401930539 0.5161398088959951 0.5176735143880928 0.5767861367144839 0.6434200590418226 0.6598809191423236 0.6915987059450385 0.7245891226066198 0.698820185109415 0.7090492148791614 0.6766139667733279
0.486367590611618 0.47341666101504554 0.5529328313741662 0.5644871303823096 0.5155084392810731 0.46797369419250145 0.42982368825790257 0.4497217452266607 0.39833821082501575 0.3815361947913109 0.3348376203170964 0.28192550624455676 0.271870628115388 0.24887855385472957 0.24969260632462867 0.2827608334635632 0.32671866137420563 0.3648001523857775 0.3992997449316946 0.37541361666471923 0.35865984997643263 0.34593721854363974 0.35534779949381534 0.3885946688348674 0.36681124178028063 0.3767401621248115 0.36805146454678067 0.3720321754887276 0.36614046781633897 0.37857757060177344 0.3824119449738211 0.4261509160091904 0.4587601900887224 0.4948519452735718 0.5229931488962103 0.545210405171493 0.6115449134399804 0.6678766005331496 0.6534074798357086 0.6953422009154959 0.6776322778751024 0.6971779233255021 0.7049048011267842
0.49041697589941285 0.4670523014813071 0.5030443274605091 0.5277016472782142 0.5388443819317638 0.5058618100669514 0.4279181923033036 0.4000640221121714 0.3551689334508433 0.33903725398116813 0.3301330779582954 0.3308507110952741 0.276808840145955 0.25703112231654895 0.281052808141495 0.28219857917108604 0.318269370874858 0.3738862059899525 0.3832263220291301 0.361247652211404 0.3909418875700214 0.3892467366736978 0.36519907999695467 0.36306615923233093 0.3780783026480702 0.37119349989418393 0.3656794413396323 0.36572560599997495 0.35088075794351914 0.3910510884223403 0.38859365911962607 0.38744500787393776 0.43978103096465854 0.49140499217397055 0.5435694312702146 0.6070527530467664 0.6239408368420093 0.6770294812473379 0.6776433410863967 0.6742542276919783 0.6896165632500718 0.6790670291325885 0.7279698000175604
0.49996954715479675 0.4577289232476989 0.5334801320025575 0.5329916341406142 0.5057586055586237 0.47044869463344086 0.4391359249704311 0.40733889874027474 0.350098244851022 0.29578588513382736 0.3314571794113382 0.3050672855539141 0.3206028704841498 0.3120076493573027 0.29962594537620957 0.35576034981594856 0.34163478544569986 0.32039724760024746 0.34736223138078515 0.4009612377496513 0.42598503250630926 0.39977855368038245 0.3627634613164363 0.4030438211795983 0.33533986571723495 0.32110748260882477 0.3664803675423643 0.357087001461722 0.3744930251809127 0.34498793225155583 0.40303099471523024 0.43259498545762803 0.47665410859785445 0.49739808295049026 0.6012704697301602 0.6504358134666569 0.6486593272716074 0.6889029590719853 0.7122214989042809 0.6921904492374948 0.6799713715320426 0.7375547697325386 0.7362611556879365
0.45914685832518887 0.48897633084129577 0.5080193136546103 0.5057719404755976 0.5226797012799744 0.484931591209274 0.4100041382894432 0.3813163471214484 0.3187819945944047 0.2979286492461898 0.27558894115152016 0.2915124480412491 0.33265652587248135 0.3400467612614421 0.3484502056534671 0.3719715634958911 0.30308468855585974 0.3305946832699725 0.344415430883334 0.3819762707324624 0.37801378539157365 0.39888389097800825 0.363918892440399 0.37855364240600964 0.31555852043999244 0.29364105342449487 0.3471001607121149 0.3478547913337516 0.32295221757910775 0.3555230536897257 0.4053615555817627 0.4137186345408104 0.45119838319703864 0.5557172565573217 0.6089423056263201 0.6307965261308297 0.6653971974975634 0.6668521809267935 0.6774034957194714 0.7306538188147985 0.7234455343880315 0.719488650982121 0.7233770504517293
0.4132191154025911 0.448558933735859 0.45518290756389906 0.5297298624418759 0.491463823748084 0.425755298715123 0.38799390727598077 0.3572096202591574 0.3068672771275166 0.32753985764611665 0.31480687330549884 0.27974356956213087 0.3318349599187399 0.31917300109216956 0.3045098432222399 0.3444719301501482 0.31436340645657584 0.29496423490726037 0.3110613543025431 0.3589468257561176 0.3623619492044825 0.31744921818500316 0.3687600858616589 0.32558974419431974 0.3154885156853047 0.3180450338729023 0.3323569591998675 0.3474740023332143 0.3492537890147335 0.3688566496205812 0.4359759660830866 0.4599680176698096 0.4970178334972973 0.5327501341785013 0.5894279065969996 0.6393032249689117 0.6374446507421007 0.6341079027908473 0.6622621827514839 0.720265802202159 0.745322793690354 0.6994287013572401 0.7350126612063445
0.4122310500528932 0.42876937554210526 0.44729348366333266 0.49614714815023353 0.42331128677319857 0.3774485667291951 0.36857519930905336 0.3319579666281518 0.32373441694184196 0.318546172830274 0.278658358936424 0.2759794298415745 0.26570130783153056 0.3253220321137588 0.3103776699261105 0.30995802117023435 0.34360277885005 0.3257320022652962 0.3152188603290608 0.3168545305422558 0.3475396893692554 0.35653264022740133 0.37576687988112045 0.36187002501877996 0.3435865716535869 0.38940810320114355 0.387830949422787 0.36722416036956673 0.3834049414512874 0.3801437995150242 0.4395951570455784 0.47499368613453763 0.4902774465541418 0.5501687479029927 0.5387891633759729 0.5846763572621516 0.6056083785768724 0.5958617661313307 0.6724489169493671 0.695363306794075 0.722064953707252 0.7194150134926572 0.7016292532691113
0.34741426357627053 0.3738831668313549 0.4329381054007179 0.4500315468346421 0.39828387095494855 0.39283482967562616 0.34042828731105856 0.3447136759783533 0.3402704278408072 0.2766736565393081 0.2753180751847122 0.22724770378313805 0.28221385884480904 0.33201717932993413 0.3343637673343578 0.3676575822223149 0.34799567745468857 0.2995638260500815 0.3240456923369365 0.36203239707921603 0.3872888646888696 0.4075009348584924 0.4212647853846658 0.45944091189466535 0.44385831142556137 0.40622933739507705 0.4108255628337038 0.4203959579122975 0.4415317536928533 0.46469223963450246 0.41345362901519817 0.4239272723746852 0.48467443567506574 0.5589072925661224 0.5146733402328265 0.5392059378143058 0.5892059217758224 0.607819957155872 0.6240208370243663 0.7033296499737385 0.680100524294921 0.6685080752044144 0.6505689372153116
0.3696664215996462 0.37268318738744577 0.37150972207223953 0.3484983238342619 0.3634541669777964 0.32640990372203743 0.3301031455178792 0.32340965362704266 0.2965301345949201 0.29403734078961696 0.25799196423583604 0.2417736758685486 0.2574262117262307 0.3108880789128989 0.33813016100465004 0.35623579967681396 0.33441548093676776 0.3242789981587286 0.32916668981544606 0.33258542878769026 0.37519879105932713 0.4139469896147773 0.4018362945065509 0.46341195156187004 0.4762366979595503 0.4706695238742653 0.4094299062886542 0.40917619084266627 0.4611130806681709 0.45404158200656725 0.4336132813318591 0.4485674477093991 0.5027554385734276 0.48623964031300715 0.5142563984117334 0.5239126066028208 0.5510366947720231 0.5739200042870078 0.6110884851333374 0.6824514603347959 0.6348256857701332 0.6799647545344518 0.6568014105651767
0.3934296001000638 0.41288302407832017 0.3340755467852956 0.32987739102388497 0.30990865985855603 0.3079574545490288 0.2926216571193174 0.3359538256573485 0.28915123367071927 0.2366713886338808 0.2413344887953927 0.19838721554637828 0.2112325689546075 0.23274317208749049 0.30568410976007776 0.2832026381689722 0.2836106013842976 0.3242745198652267 0.3412216402786381 0.32442849543264335 0.33166132246634483 0.367638607417683 0.4067173477702346 0.4844840181279003 0.43383014195968556 0.4684961393100094 0.42908297602896306 0.46513318235427004 0.4698279444758404 0.5033578725889296 0.4356065819404129 0.4383467001712831 0.4627725054922694 0.4926931508181364 0.5100883587842094 0.4947441568076712 0.5147444653837789 0.5277657737517661 0.5680497222570283 0.659637135928177 0.6530324163157367 0.6436624397051397 0.6315852894823214
0.3755152148722176 0.35733483981113884 0.35295499841328903 0.32207756618242134 0.2830231536900294 0.2520545759823078 0.27809115516400473 0.27266690870896493 0.2741084148407955 0.29183416957945285 0.2767890198135137 0.26927321164595824 0.23594957557179536 0.21884372566779026 0.2615988557887547 0.24413420451452053 0.2760414132223313 0.29228733360951564 0.32049941235980955 0.32638803884780987 0.3587481910838135 0.3682673337292112 0.42519223093902536 0.42176845428353493 0.4296912526657578 0.4588487815270408 0.40798947470363256 0.4032082636302694 0.45286306247085695 0.48435514810884334 0.49241562742380485 0.49428501634546523 0.4752568501226041 0.4408451903679313 0.45402255432131217 0.492832113990602 0.5043998408672113 0.524736804376709 0.5983498726127423 0.645894478067956 0.6274605122609529 0.6337717359157213 0.6080229321839533
0.34950872239233227 0.3469675507910742 0.30629885516884553 0.2722760264001026 0.2509225996921134 0.2418056242206554 0.239918859766806 0.2481266297295598 0.3089149275339995 0.2980030669222872 0.30641434043541776 0.28881311504097446 0.25842387986533266 0.22188184707361733 0.21825005289860874 0.21760946544664297 0.2654115119352679 0.2954613059822237 0.3048797504180416 0.2536430360382783 0.3208369404234244 0.3772085490885223 0.3584369892202973 0.3586649895848179 0.4011566052308098 0.404756899254078 0.4073464117293801 0.3712123999183725 0.4262386006279724 0.4472515978579151 0.47858141568568274 0.4656787189058476 0.4753968012815073 0.4617502429737087 0.43864783119943257 0.46114111038017724 0.5129349381006565 0.5192203935558679 0.5949610095769051 0.6255934355985354 0.6252203933867818 0.6025081642304158 0.616638591968334
0.37992058302756393 0.3687925739920305 0.3171312777394997 0.27967474186613983 0.20047118333437353 0.1874310242452674 0.2664809388752024 0.29368187553272906 0.29948971534329266 0.2883922254713652 0.24592451230888387 0.23663385067413795 0.26590354902914565 0.2336628060026728 0.25272953272963805 0.2624128173829182 0.26061461475287945 0.22855690046933624 0.23015657051705024 0.2787888104587629 0.31355547862426275 0.36555437288218795 0.3393728854046567 0.3440786639404022 0.38024328947964275 0.39095342089481094 0.38205230480442687 0.3576661613686127 0.36186155608401493 0.41536388238326266 0.42674763831157075 0.4270771891461845 0.45007168083487825 0.47425515383767086 0.47192429313388184 0.4847304600896007 0.5047437771786356 0.4956627611843401 0.522667423379924 0.5524888547781378 0.5804685827208851 0.5881477351654495 0.5600229234983912
