Raster_benchmarking/DGGS/continuous/raster-363.asc
NCOLS 100
NROWS 100
XLLCORNER 1743150.4159664384
YLLCORNER 5469297.320983271
CELLSIZE 10
NODATA_VALUE -9999
[rows 76 to 94 of 100, columns 0 to 42 of 100]
0.9464818744235917 0.9472783989944003 1.0 0.9736597131139892 0.9284034419268815 0.9239826500413157 0.9831867680501905 0.9461542011918805 0.9654584765525516 0.941454021393549 0.9102765058649502 0.8974960627027802 0.8608429468543203 0.8695761228143238 0.8376212569272016 0.8608606202765169 0.8442807640421071 0.8913618435059364 0.8839408931881405 0.8850716327246567 0.8869388560356033 0.9012633436596829 0.8748828873154626 0.8573064969378508 0.885642849008674 0.8518602763955976 0.8612350558195065 0.8590301805169033 0.8400779052449976 0.8516597366968806 0.8623958053212752 0.8430844633185349 0.7980225852058219 0.800454370044033 0.8420938660694434 0.8361130270609727 0.7852282158299768 0.7883681568931609 0.832256231568842 0.8491550526986107 0.832039057873786 0.781842809707547 0.8039669962211327
0.8922598194372057 0.9268570337543839 0.9905010769724933 0.9682580064561211 0.9340715748919696 0.9375239762886848 0.9272947157479734 0.9389011945225355 0.9129351055274386 0.9173525005948469 0.876728239398503 0.8630285771019905 0.871498230762734 0.8544820913283647 0.8533548146815095 0.8470677855026076 0.8699237505806208 0.8516964115309809 0.8533983315116743 0.8453259091595978 0.8526958663927235 0.8803590183325741 0.8644902523420306 0.8379097751613599 0.8178813199198129 0.833426190595074 0.8064583604336223 0.8045371973165522 0.8020156507901015 0.8267629751645 0.818938730391747 0.8476062847129852 0.8520218685351306 0.8217306604344795 0.8284764791477701 0.8500839365931406 0.8459242100510346 0.8485464657839592 0.8202433135709652 0.8488292134679353 0.8010869381080316 0.7842594151977366 0.7724546570586421
0.8905173183658155 0.9437922886654984 0.9655615619784135 0.9600184517875111 0.9229418474566327 0.936473782333706 0.9267468994739931 0.9143781118789892 0.8981677481964049 0.9060776114357084 0.8656345325888403 0.8686120744253861 0.8947907686609063 0.8602191064286162 0.9018991175109057 0.8818879419726001 0.8698481168134177 0.8791515203158137 0.8433957519808102 0.8272199954922109 0.873244596321183 0.8422294269454761 0.8342258339091184 0.7911135687404582 0.7631380653394858 0.7519771323764322 0.7537328891632071 0.7947074392913125 0.8286111007285382 0.8450803367351786 0.8042145121960598 0.8128092747653204 0.8326458237191285 0.8232615977128409 0.8872402011461543 0.8569702759576359 0.8590834790220735 0.8202561233236229 0.8233814942770187 0.8350436017541653 0.8041344306185997 0.7977013646698364 0.7668388665314917
0.8648758455040024 0.9044362130128465 0.9385039052879525 0.9272009417495983 0.929993440183527 0.9475884230491989 0.9340353999210277 0.8943098156751993 0.8717058645300152 0.887468285584817 0.8436885102236166 0.8566011437211455 0.8377326748186523 0.8451683291778193 0.8841293597265706 0.8973995983031933 0.9056866151668103 0.8825530815648471 0.8766221354152535 0.8336714898937613 0.8575508203469135 0.8534484381998373 0.7946209657553605 0.7752298167264562 0.7604811826635423 0.7267095837569815 0.7666728656571156 0.7669983223534441 0.8427203885500619 0.8473097875521853 0.8180923372795318 0.8611855121366812 0.8372323870828922 0.8407169264610757 0.8701954764977727 0.8745213999660816 0.8674119542878194 0.8564432345560964 0.832090378441728 0.7897809904203928 0.7859597919304688 0.7802809626385915 0.804131203078286
0.8435618592268624 0.9221241069438804 0.9276737881238489 0.9519723759036766 0.9184742587025456 0.9045681380640906 0.9303886019949749 0.9189522555703361 0.8747614192202926 0.8758316542159797 0.8457901326102791 0.8519824204523642 0.8363702856901398 0.8322191184739566 0.8468755788224269 0.8476571252633823 0.8912585966640477 0.8978467238321619 0.8782914675770302 0.8697246588563032 0.837965014299232 0.8384776058221607 0.7625135151369923 0.7382914384951567 0.7332189934512718 0.7224348991050468 0.7306252858052912 0.7647436316298698 0.821854693628363 0.8374514464308639 0.8519384962435071 0.857902473713759 0.8841182571605244 0.8473826132045007 0.8317878808172492 0.8219181145953471 0.8614281022953598 0.8439575862454285 0.8077857963281317 0.8078780956005777 0.788409576836537 0.7559146732840073 0.8077030783581256
0.8883701582422143 0.9247372283579154 0.9299432414911266 0.9407633549244635 0.927428579918042 0.9038795272400164 0.8926123140571273 0.8994074982892613 0.9149760182558505 0.8650342080815476 0.867085385578827 0.8878683714031307 0.8861015410268874 0.8361113916305462 0.8695779796109634 0.8450938252355115 0.8900927266135734 0.8758240312142289 0.8459649929277604 0.8443907091862443 0.8225079958974055 0.8157862528432147 0.7995750504013756 0.7606392250448718 0.7458036116860844 0.7567129660562733 0.7619776240470835 0.8022517311240668 0.8184930757597115 0.829923348524438 0.8516098614173019 0.8635788115450117 0.8415255889360084 0.8281811684672636 0.8335401013656658 0.818807179051737 0.8327680893762496 0.7959970096986893 0.7590721401327908 0.7673854794334751 0.760998566089587 0.7511241026152622 0.7992656701354782
0.8953119260398285 0.9437921740570483 0.9705456641859398 0.9415144601657351 0.937603005117025 0.8970041366568058 0.9050345574790688 0.9289306890539678 0.9215281277277243 0.9049814621037406 0.8878516435587822 0.862221546171319 0.884351702656831 0.8704295516395136 0.8772756170215279 0.8806459033977831 0.8697656015018356 0.8353831250579057 0.8215294229618461 0.8361696680540933 0.805441201049869 0.8155723882730755 0.7892252226280994 0.7737562096168235 0.7366096506347161 0.7421477211443569 0.7612304341662065 0.7916935778781289 0.7935430674766132 0.789877551477463 0.8285796275135274 0.8252409368521703 0.8480052684088725 0.8657068817440055 0.835969528928882 0.7941836559965492 0.7829815743410089 0.79519983642016 0.735272759440917 0.7655290633147652 0.7435387031791303 0.7632979783287994 0.7737284837176625
0.8819064957813814 0.9078688100233889 0.9480000981123335 0.9364561060658692 0.953694042905326 0.9328259710329306 0.9308836333493036 0.928057754187079 0.8924813873999311 0.8880131416956857 0.8688668149702315 0.8670602669181904 0.8709006952520943 0.8900790707009454 0.8597008164546022 0.8750917162311473 0.851919569638988 0.8305214230613092 0.8075782710708881 0.8156184112847107 0.7884871734257137 0.774703092297438 0.7112785702636959 0.7062928929304864 0.7159988160512754 0.7327422918856847 0.7522827504400276 0.7301112503053858 0.7394356988248483 0.7627396262727446 0.7732557877809605 0.8208457544254573 0.8312171318518323 0.849665184024081 0.8582881483504641 0.8217930722543441 0.7966747616423937 0.7634726961863707 0.7561779238766366 0.7707406482854008 0.7503264858400704 0.7194860802340367 0.7224662893401347
0.8664973569170407 0.904491039089864 0.9500273870034868 0.9405104087227281 0.9894821590683487 0.9552071058765365 0.9815896980983917 0.9306844984934357 0.8844522421381809 0.8745712661603511 0.8603380231622535 0.894365691969799 0.8843020326289363 0.8988255539596747 0.8971663700895788 0.8926388734924282 0.8873965031025822 0.8381782752786539 0.8219607068525209 0.783870569503609 0.7331211131181384 0.700238386041683 0.6833932350400309 0.6884246916597039 0.6863026810644847 0.7239238113633665 0.7016338510767218 0.7023097260062345 0.7510696045134295 0.727152298230057 0.7553203961104026 0.7798279947333249 0.7723744095873799 0.8416027467193554 0.8783794302763622 0.8598270305947117 0.8492073210770847 0.8262616650518074 0.7779666142244477 0.7732102168301076 0.7521035692538307 0.7152801777353641 0.7129419622913379
0.871205758559352 0.8963410540246918 0.8848530923146132 0.9577646199999515 0.963433623087546 0.9714926184519405 0.9474198208607393 0.9089751051023507 0.8600774417984195 0.8841916771860723 0.8528699148342136 0.8625970549392931 0.8677267829456703 0.8528160854980763 0.8682673763001683 0.8564697107594257 0.850270916303008 0.8690241677971428 0.7947507222164808 0.768932756318916 0.7018706644615218 0.6942263338086451 0.6827447017921232 0.6853546753763714 0.6713365200817418 0.6832100145603252 0.689931862941689 0.7009140082007106 0.7635190018135443 0.7459977978859276 0.7383377292779241 0.7483598602741176 0.761139312017244 0.8390353118037991 0.8395369257529623 0.8759500665305475 0.828564448688487 0.8210795185342754 0.7799760199638218 0.7500163526290607 0.7198281347456963 0.6967435834162764 0.6782852922599361
0.8565866065329 0.8387189008355291 0.8425383011683694 0.9004790718696446 0.9488916564720343 0.9176286671697135 0.9292134647791077 0.9119802298213882 0.872141027787687 0.8730136667019139 0.8987377891396595 0.861613775537325 0.8298269149542211 0.8392697523919987 0.8355456514450249 0.8666964052609246 0.8716073485165712 0.8544377042409997 0.8125607177477955 0.7543330676767123 0.7122693586396381 0.7088518311450146 0.7117965105384082 0.6804495872533731 0.6793907324985284 0.7041067999269276 0.6854045549344419 0.7015688721792698 0.7678304330236829 0.72398559398161 0.7338431477103647 0.7489143816281558 0.7889027888019563 0.844543645702991 0.8672304818968563 0.8580730706942514 0.8195048537261972 0.8137610855793888 0.8016742929365098 0.7786756439643574 0.7239842726022581 0.6834643607902834 0.6640794280463609
0.8300536252191373 0.8479194423534173 0.8454675974041681 0.8453601535210901 0.8953832433855861 0.899176933868424 0.8910994880608321 0.8786340655096194 0.8526467111611449 0.8536748218823677 0.8579849617794183 0.8660750309599478 0.8154640421616827 0.7910248705982791 0.8052640974783657 0.8264456270025095 0.8199775489222919 0.8092214452006651 0.8072765713845391 0.765651870073998 0.7308935023472884 0.6944968066704605 0.6812209259938019 0.6950559263672226 0.7189441387222859 0.7263553405693468 0.7341349937016064 0.7410173912603922 0.770912293971134 0.7408032811101081 0.7597124520727684 0.7811855364222041 0.7722845203493723 0.8157770262944376 0.8198434827905988 0.8191229698094374 0.7998353046371213 0.8285143219443981 0.7767785783064195 0.7532066537005008 0.7093654105674296 0.6810359811978793 0.6990972708021674
0.8214778123969197 0.8337317760752221 0.7906281544402544 0.8562296328477775 0.8473468306931073 0.8764168294143405 0.8959296153687588 0.8579496599273526 0.8195929068843136 0.8252980917324618 0.8621135260315952 0.8345768105261714 0.8141377541235064 0.7827435691621784 0.7775080073314886 0.824082514498773 0.8359619728274559 0.8347742783550511 0.8244412021164682 0.7990405775605376 0.7399820695574089 0.721879858821885 0.699252620693267 0.7286638877441179 0.7145244820768513 0.7071211852331055 0.7385483059570189 0.7544786224895569 0.7821700198560849 0.7919411472434036 0.7868967218047632 0.7728850306220498 0.8009626543026948 0.8322702817887153 0.8366804641696053 0.8292949608107208 0.8218670255208776 0.8136899859304638 0.8186031787915982 0.795375096178345 0.76867094838451 0.7125929932008325 0.6763436545801251
0.7680654458259172 0.8073970640387536 0.798023827403493 0.8367306773840549 0.8675139825806698 0.879121064557943 0.8606225210345363 0.8383230212160299 0.8218181401226076 0.8347384505148824 0.8633679089379355 0.8546082689147093 0.8327657339656556 0.8155158180165658 0.7861239317889713 0.8084304122883235 0.7858864913325017 0.7921439221563057 0.77883926124342 0.7600260462488964 0.7222200970579443 0.68839983073329 0.6854846048312202 0.6967649904293717 0.6891603489620026 0.7166523946431598 0.7541986603274667 0.7925856091030786 0.8043270986970842 0.7992511531068619 0.7935829561552367 0.7875898511195688 0.787168170555185 0.802200556938807 0.8372243293879389 0.8324143821952946 0.7940104482418842 0.804334159551123 0.7845484664208584 0.7805959749103709 0.7306785898373823 0.7016937378574069 0.6961785234170609
0.775844925468649 0.7649039026371733 0.7757463538044004 0.8200552233273707 0.8399971446528582 0.8904186610187118 0.900754412650537 0.8510655340424482 0.8238874817983602 0.8231533415472506 0.8162151789346901 0.8072667469286924 0.8237583455299224 0.7940167445997502 0.8277796877235121 0.8147821964168167 0.7574841002982836 0.7339910559809841 0.7336126898755052 0.7588619498842794 0.7349480808685168 0.7190555379560978 0.6742306249000549 0.6641126219936566 0.6880984426659668 0.7290069025556555 0.7884249881207445 0.7743025499273073 0.786079004691741 0.7808859261642039 0.7554395462822883 0.7750607345182753 0.7702630331346583 0.7950943895515575 0.8273091020906327 0.8143329265470345 0.8016969334285559 0.8447705570030467 0.8315073381055789 0.7821759345693244 0.752729392671062 0.7323861577709151 0.6400995463722822
0.7598940286178069 0.7632608313816635 0.8116306865782362 0.8337498390160657 0.8364208126170946 0.8424054323501406 0.8744473533936022 0.8525252808515561 0.8266736424077408 0.7986480167941051 0.7855943811100334 0.801042646284756 0.7835267681644497 0.807742016084163 0.8074534567391122 0.7741297426045197 0.7530563530671585 0.7422248571257636 0.7053884902662383 0.7115574680218724 0.6994407194400022 0.7019201846314984 0.6918529414484997 0.6702570383247921 0.691004317673927 0.7450550843500133 0.7920113505605876 0.8130808883627378 0.776562954328309 0.7586780866611953 0.7144625136526759 0.7298257990205611 0.7273152013669446 0.747762467959875 0.7963218305277723 0.815887941744719 0.8246910089442715 0.833600694919443 0.7882873330915643 0.7763585536614803 0.7687550542675152 0.7301224581080487 0.6821870662061997
0.7374803762380365 0.7978501943659343 0.8235736116326228 0.8036062425603692 0.8254598834796515 0.8598081616540806 0.8617704079412908 0.8636226367970126 0.8018391328934653 0.7794800931608368 0.7547132848800546 0.7748310895133573 0.7626438974940885 0.7960527476115803 0.7775331332108409 0.8049089909719923 0.7881222781354639 0.7435349240747519 0.6986054520201098 0.70872283799362 0.6807534240212568 0.6814080016035535 0.6644999889172781 0.6830700218733847 0.7214634089741054 0.7410943330306038 0.8211664831783873 0.7898315771621393 0.7712324153143683 0.7419946381268736 0.7230525855096543 0.7255216469098471 0.7202346888421979 0.7244161396692678 0.7456312584270685 0.810389435439073 0.81109557340809 0.8241343183247892 0.8039302134081264 0.7616532585987759 0.780674536272827 0.7355611951516472 0.6641112988250107
0.7789347013998404 0.8106510659621162 0.8045729878000193 0.8300361755343785 0.803758328010271 0.8364378475056551 0.8408581575017908 0.8594976299064264 0.8158309391467253 0.7757680719367687 0.7598219101070172 0.757777401670639 0.771004568051788 0.8024798654512373 0.7887000891984333 0.7905993085024289 0.7756812275356905 0.7231070527731491 0.6773461691302678 0.6944236448027883 0.7215907347220082 0.6980358312119904 0.684259582841722 0.6810611723066876 0.6835719611987178 0.7153071445829576 0.7414583167781724 0.7960464046326535 0.7795403635806354 0.7343562981916446 0.7286543742308818 0.7490740541984945 0.7434213900245752 0.7229519275613949 0.7645635374608573 0.7790005048797087 0.7513236801803266 0.7868508192726312 0.74798678816707 0.7572485998298102 0.7771491511458893 0.7362023679442496 0.6699788309067968
0.7578277675390132 0.7906819248467127 0.8193041364021579 0.8275492382638195 0.832386457305483 0.8449016582803816 0.846663384859344 0.8651812380384255 0.8378072117589015 0.8130506603861875 0.7840071030016584 0.8047803062062073 0.7900886870632055 0.7831344837012285 0.7768249397785107 0.7608196475042482 0.7806900783883108 0.7570653443628746 0.700206165508482 0.6865541102210141 0.7070726519513485 0.7235851824018152 0.6996632389532732 0.6825033399718045 0.6929121235663835 0.7138692280049409 0.735029755226327 0.7600924389478736 0.7640351933267929 0.7211457746887785 0.769517538162415 0.7773531224631915 0.7598870871857883 0.7111266292999957 0.7280127858115334 0.7252165358060408 0.7269591438507558 0.7577082621225019 0.7309006066994723 0.7045389609988822 0.7359959325362199 0.6960062685764505 0.6660019633396764
