Raster_benchmarking/DGGS/continuous/raster-362.asc
NCOLS 100
NROWS 100
XLLCORNER 1743161.688909105
YLLCORNER 5469288.731253003
CELLSIZE 10
NODATA_VALUE -9999
[rows 19 to 37 of 100, columns 43 to 85 of 100]
0.6076400520571491 0.6096386701732344 0.608379262257873 0.6175344875843591 0.5689496677371612 0.5988126726783723 0.5798347821123838 0.5626751928719874 0.5731630213789654 0.5901823655997624 0.60360276866408 0.6265279658749849 0.6034102449725709 0.6038612774177542 0.5956311864691914 0.6120716867557788 0.6144021552396776 0.632485095299653 0.6410374565516742 0.6868552677954681 0.6613536950958707 0.6957534923443456 0.7068633972925875 0.6872454462197205 0.739643649799933 0.7304153158894217 0.7282172116495481 0.7191817839011291 0.7213502621346586 0.6962808635869977 0.703873413428537 0.732389942272901 0.7868083698439696 0.809450356695294 0.81907873352852 0.8544168589424797 0.8644971639148002 0.8880331212388736 0.8841031804484134 0.8432993036937244 0.8018573539894275 0.8105764402671073 0.8117999622476804
0.6111000634806733 0.6042886675486466 0.6172068548001799 0.599318821540277 0.5774633534252542 0.6031049910371888 0.5786619872341798 0.5790878758472745 0.6160318384220125 0.595639875829749 0.6041495417840658 0.6440456531162345 0.6423628589649829 0.6135614773220719 0.6287162354504943 0.5885633279938587 0.6251887969112486 0.6376595995817875 0.6687683043453354 0.6898594990670784 0.7018567635184952 0.690293709754776 0.6844490212664075 0.6976491741920388 0.7489494034894913 0.7423016524946511 0.7274264881160759 0.7117973716407774 0.7190546412495572 0.7242905411472544 0.7342382452240535 0.7305445472562524 0.7616100734408329 0.7700223309390335 0.8148181954181543 0.8325896744942524 0.8782070158779587 0.8769015623675912 0.865503556717206 0.8173550668577353 0.8152712440551197 0.778527909375022 0.7936079031737078
0.6405770660984893 0.62370122981855 0.5977870316945911 0.5661195596940498 0.557435614139544 0.5948391619833825 0.620500954199169 0.6160876910127618 0.5921329606134746 0.6012059860862637 0.615319672645423 0.6305691068306346 0.6590787332732111 0.6289341839074913 0.6302011902432253 0.5868789751914721 0.6330241633647373 0.6151444614135106 0.6307383504149913 0.6441744998275925 0.681866757197561 0.7137869929588956 0.7203016342299436 0.7232054155657668 0.7467334188366789 0.7557729211846669 0.7481457442103415 0.7398677545241994 0.7411274662765595 0.7526759920830004 0.7468517348753524 0.7921386960548131 0.781324646945125 0.7637302096872478 0.8015268996962395 0.7998309654764097 0.8274547491934687 0.8743597265580529 0.8500273068915091 0.8220029571082815 0.819426642914684 0.7731906772845535 0.7661196660583797
0.6360990704713415 0.5938260049478737 0.5890370164397846 0.558159522355723 0.5841597371596309 0.5929455951560184 0.592503911732624 0.6004338731150475 0.5975650444850988 0.6064342546531291 0.6219604797116781 0.6110306708407629 0.638825571966887 0.6318036320000743 0.629710637409447 0.6161817804047622 0.6325172493120704 0.6096114694647321 0.6589554585349371 0.664227698734615 0.7035804339593366 0.7212994240567905 0.7213726745064648 0.6837993450559621 0.6978409964197547 0.7178434066950201 0.767353298374303 0.7908311903562985 0.7601106004097775 0.7685068188744013 0.7495555168240694 0.7501353186031959 0.7502897540015212 0.7657488734100723 0.772615500134049 0.8003627898023292 0.8304645575598573 0.8289852214322314 0.8389607178299842 0.8251082687717901 0.7809177524982132 0.7723719663603795 0.7816685029332506
0.596785130266499 0.5962279002554176 0.575202293065171 0.5282967175616842 0.5305039398938282 0.5673570251489092 0.5584213704990353 0.5650960650000076 0.6046834861107373 0.5942912060412339 0.6133569519324978 0.6134600345704764 0.6481417719288058 0.6522800749198323 0.6257480855543234 0.6277341247729602 0.6139125184663705 0.6182503680546416 0.666889422953778 0.6726190133247534 0.693012267768416 0.7187197714410121 0.714040942394486 0.6908056418996171 0.6852053437935597 0.7054062049105044 0.769755525507449 0.7974593996635637 0.7628191596399232 0.7550455357943764 0.7332215370997212 0.7735862140167413 0.7437830903654247 0.7528627336369593 0.7564699168376434 0.7718233251917573 0.7797325623759472 0.8183136992041737 0.8094703835872741 0.7938843337328627 0.8312088479124655 0.8347299010883507 0.8099954840298568
0.6064342489123883 0.565272182051997 0.506963284414081 0.5137550669024976 0.5272172163436549 0.5252448504877018 0.5653963544931094 0.5472734227329372 0.574283091580495 0.5759357796650417 0.5887558184763667 0.6145241737745893 0.6191105418778645 0.5931402105838942 0.5930860312855846 0.6136405792295855 0.6070908310818197 0.6054095259921745 0.6587506192857862 0.6834399581345919 0.7109720319288801 0.7312590914346717 0.7116808416138388 0.7266381946645023 0.7103898756852925 0.7380731122688449 0.7452876315385555 0.754867116437815 0.7781415004838125 0.7616058962409932 0.7536237722319541 0.7641280258706735 0.7585261343129777 0.7581423064851851 0.742103572068441 0.7460880524729654 0.7987581362507924 0.8041392270715837 0.7980947572754618 0.8128207058500814 0.8305372700230642 0.8138819700821495 0.8237252614210963
0.5633451706722318 0.5185158289603787 0.5289788880368079 0.48557252169517623 0.5281902575705737 0.5150676010008411 0.5433273958236978 0.5766808061125958 0.5670890818686398 0.5721377193015318 0.5874867387185316 0.571953752805478 0.6151381781572263 0.588911002306167 0.5879599631550557 0.5815866287220958 0.5952225525428705 0.5933220063542802 0.66249017218039 0.6673129209027117 0.7156221613154519 0.713170855882845 0.741542207567256 0.7444936157943057 0.7156940106494616 0.7272412392419425 0.7419602513365554 0.761945330549222 0.786758337328899 0.7853450126410532 0.7760914243508571 0.7783471755669147 0.7832983268400505 0.7505604798947881 0.7526120110992874 0.7524216168833116 0.772951722616866 0.7987034254039846 0.8013260035860439 0.8407455160924845 0.8195174362015523 0.8655391283372594 0.8079855088471846
0.582948277669031 0.5357253024035611 0.509197013466247 0.5175089217244963 0.5304579695744321 0.5324378882103348 0.5350322864912272 0.5497078719694718 0.5854248385583376 0.5581751874647549 0.5891762360476702 0.5676341966388387 0.5802924117257694 0.5499458310951415 0.5591994467835477 0.593086258784004 0.586471870394355 0.5859579427228699 0.6359988746475845 0.6491362513470539 0.6815347513724817 0.7026025697593327 0.7052403937044217 0.6990905012132443 0.6978743758439867 0.7179652823129785 0.7528853503477008 0.7873636207698838 0.7769549896873433 0.7553102770938336 0.7465441302697711 0.7388534034127229 0.7615805357112674 0.746187579096748 0.7876872857395005 0.7838632327126944 0.7876769251042541 0.8057474283002218 0.8033076825946648 0.8197966400653377 0.815130535823837 0.8538569310577669 0.8212296200829666
0.6056748031097559 0.5490624615392408 0.5525725221135228 0.5310339463439464 0.5278384392436976 0.5509674831569044 0.5524812984993717 0.5486035335278144 0.5771577654604945 0.5649144308398548 0.5541607469843389 0.5535981936751667 0.5462459243893253 0.5574220901266905 0.5620478835622191 0.5797309281293348 0.5717409433756155 0.5931312578124727 0.5910394940618758 0.6224529979260257 0.6510000370575971 0.7039353700845861 0.6870290228091704 0.6827985256495442 0.7079697900257103 0.7279671350513075 0.7466537632642097 0.8025323490021213 0.7916127828676965 0.7774035527759984 0.7472702263703903 0.7368177571377533 0.760829214219003 0.7583549703391245 0.7590485907365022 0.7932257867307901 0.8139683719715564 0.795134262983807 0.8068053270462713 0.7889619678574313 0.809462721071753 0.8198342692954353 0.7873439759874092
0.5915688360533545 0.5895998003511197 0.5574653470145832 0.5820138765328399 0.5584232341217223 0.5278058858121392 0.5205367521849134 0.5334980067423859 0.5611444796896113 0.5562000105959114 0.5727721666089928 0.5465799278414916 0.5238250172279908 0.5437295373552855 0.567020445019342 0.5685618118027642 0.5869575338641031 0.6166606462337308 0.6119013585001588 0.6228790023717303 0.6642333591832351 0.6873932724224106 0.6762389556629838 0.7102684786979382 0.7110444683016287 0.7067689722365395 0.7693239836160476 0.7887374919005529 0.7919718489671064 0.808363382697362 0.7789206517542812 0.7779024166840162 0.7537988913691159 0.7822005532612663 0.7917496534693178 0.8140262013450419 0.7920784401335025 0.8170589783457847 0.7819917914266725 0.8194801274619624 0.8231194273511937 0.7856622356459976 0.7877925870893719
0.5698151601456292 0.5631378164743224 0.5824588087342424 0.5884887662032827 0.555697992962649 0.5590987291478751 0.5538570310439435 0.5219125859700076 0.5480856770236818 0.5578058557903935 0.5649126127587664 0.5371374815157204 0.5245702065090767 0.5357617507090717 0.5428082354145123 0.568361705822937 0.6068496404586087 0.6702153475262203 0.6207140249802052 0.6308279345310519 0.6176561597387529 0.6399984486769106 0.6799788876108197 0.721093540368389 0.7295946048654015 0.7147724119553641 0.7935215056891024 0.8187199632075648 0.7901992630947122 0.8218459808559094 0.7914544345684157 0.7566640462715991 0.7333097583261868 0.7496631149683299 0.8171304094756554 0.8277092805446417 0.8313660559083402 0.825756533333508 0.783139213186031 0.8127642430987919 0.8080456665171417 0.7859122141897509 0.7977783092123216
0.6045953853670184 0.603796278684452 0.5600263485691597 0.5583218174478606 0.5603008146724817 0.5935178502493478 0.5785996793072278 0.5591605345138422 0.5420862167028672 0.5414920515684744 0.5475057213926774 0.5277264795684442 0.5620007341077226 0.5649359952176901 0.5506045996256378 0.5839071369292741 0.6282132324146372 0.6684442429092465 0.6535102544061248 0.6247328116910741 0.6054066834303681 0.6160401807782557 0.6791329331313724 0.7079712273260444 0.7292896340586688 0.7537428666133003 0.7762583531878154 0.7973497937883305 0.8169402563614677 0.8013213572211806 0.7874003328464126 0.7681064558743406 0.762359849209722 0.7969561840311193 0.8198836986439766 0.8168260639328073 0.7994743612452171 0.8189672704388433 0.7930884393476987 0.7834989685632366 0.8075187450507426 0.8000822017154575 0.7873586793321509
0.614175067985469 0.6004852348907298 0.5656025382258313 0.5872691479508763 0.5683403029897134 0.6023049750141518 0.5868266308929113 0.5665203357331171 0.5417254950940782 0.5347669554905675 0.5316439930032726 0.5125222672877747 0.5229623171550623 0.5754124994410145 0.5832294670530964 0.6014568876682304 0.6212801227795419 0.6270626514748463 0.6076864654164418 0.6284165886094356 0.6257392983225414 0.6153703036651222 0.6579257600409895 0.6905723587708638 0.6999180416727866 0.7179722674101845 0.7436262022899062 0.797780027039198 0.812530360256021 0.7828043602165154 0.7771009999973403 0.8006139800190568 0.7672715072985565 0.8239965877417618 0.8363031884447768 0.8254593372929805 0.831587826649346 0.8140448621689893 0.8051997284591682 0.784993113020103 0.7761007143763795 0.7515755402360454 0.7687673339877698
0.6085625864718835 0.5900529212915884 0.6002404548826158 0.5918647966017259 0.5994884986525588 0.5756465893028019 0.5595294458787894 0.5344590003093307 0.5277820263605248 0.5315148973418657 0.5401592323574085 0.5173725039425112 0.5421167594045933 0.577028679581917 0.5638428058233703 0.5657724688105478 0.5539693175791968 0.5899831517649974 0.5828232235065582 0.5884777363707419 0.5659227544457087 0.6176896925391229 0.6390712860985672 0.6521585105321829 0.6951389813608263 0.719919942816585 0.7447972446197316 0.8147875238168018 0.8167362318006014 0.7853904847319837 0.8012462541195945 0.8089126752164774 0.7801776806566032 0.765310488475699 0.7768769258460706 0.792711894572632 0.8338884948889512 0.8216938828335496 0.7791440381524516 0.7759091100906856 0.7908153173246089 0.8085757043376561 0.795825422068843
0.6372418862927536 0.6368686324177528 0.6147293851597266 0.5707133645596723 0.5814179380491259 0.5475732220047211 0.5452089087806349 0.5763971462499909 0.5661916467918328 0.4948698486873056 0.547308638387851 0.5618713321109301 0.5493780243828111 0.5389576886167893 0.519337361199848 0.5263542220235946 0.5367361157750189 0.5157083652032579 0.5290638844782974 0.5354198246142947 0.5816248123357511 0.5544163399296893 0.6217237796761673 0.6640246611793077 0.6921555802724214 0.7466550409494704 0.7696912108900044 0.8066188264894102 0.8479463806458324 0.8368359043389478 0.816137943760085 0.823188856937332 0.8082068409756314 0.7549149961247756 0.8049643186401834 0.7994406300925834 0.8216893062686879 0.8138089248911204 0.80259663427793 0.7774630546028021 0.7914175928036181 0.8129578967357521 0.8046383302435168
0.6428303662395414 0.6409401331820124 0.642361364874771 0.6224306635229953 0.5801068341520049 0.5635540314730272 0.5634216383560802 0.5601227764651545 0.5764976521816205 0.5394989854986574 0.5439517658143018 0.5442682185251609 0.5802934404248213 0.5646586885212436 0.5354022095457762 0.5258417196658935 0.5283545822431086 0.5033893411223037 0.5096233522624254 0.5492671665486804 0.5740989820919212 0.5735024884017397 0.6271526864868178 0.6869257632567779 0.717097044242059 0.7533295839869403 0.7955068997498651 0.800792864083828 0.8499441537138084 0.8533623511086059 0.8195553945256496 0.8156590365332232 0.7891952683178041 0.7754068745929589 0.7947571516615743 0.8194461146329832 0.7975231217354832 0.8014925907338485 0.7850377624519261 0.7737568106914198 0.7935434754918999 0.7885155079591644 0.8120371957942969
0.6080829030313304 0.6395095865573183 0.6452778552582529 0.6270129306093984 0.6352518623924649 0.6069968470748509 0.6005751357831983 0.5756559486175875 0.5875989254410278 0.5665171308304394 0.561804515258216 0.5556708246096599 0.5603653015942733 0.5985074152064762 0.5579222366566899 0.5648069871024709 0.5431285794040766 0.5089698126636946 0.5261339163423431 0.5426281660097815 0.5519316725187327 0.5916036917180366 0.604242262005709 0.6468760546792055 0.7129928231494114 0.7281318938654245 0.7655394447800234 0.8145013699089497 0.8383387197808085 0.8595542254921791 0.8126121945518634 0.7894189521826174 0.8146102865056148 0.7957407169036539 0.775674849787695 0.8213060747509658 0.7960021028844081 0.7746810932831708 0.7977447600679501 0.8091054074139847 0.7858910256975113 0.7867405641412647 0.7826984933180643
0.6378614585343915 0.6540618843948204 0.6186432269145636 0.6074997340130889 0.6370894246730777 0.5928288030477781 0.6055952965697209 0.6129990374520506 0.5693943825510667 0.6015714248755256 0.5650227790740554 0.5816007917121948 0.5967893479238641 0.5790135949510362 0.5688826343726794 0.5774905377680039 0.5652685560052617 0.5311914584542966 0.5601130968381726 0.5739484824440549 0.5915625563673242 0.6266502382873683 0.6386640055995967 0.6841979285098602 0.7246033209180462 0.7781112576610989 0.7897786437790708 0.8175369624436123 0.8350519522326088 0.8620205372019398 0.8564165331771142 0.8586484178994215 0.8321902015203542 0.8288312517979518 0.791927410567258 0.7906009384780891 0.7876643520716383 0.7538434600019713 0.7889555300324248 0.7660302002557997 0.7663431703080819 0.7851541533141603 0.7654467123570099
0.6571531970889359 0.6717550788914782 0.602293826261524 0.5967080168590164 0.6331453563036927 0.6176268626100029 0.6140158306509014 0.6246635065504873 0.5992415874079307 0.6091757797236832 0.5931060032754004 0.5640659562433359 0.5863251226596139 0.6217691513829929 0.5813839860265557 0.5563223795816585 0.5847963457077399 0.5749766429991812 0.6014709420948856 0.6403975169176682 0.625495299037228 0.6770688123252846 0.6894468063652308 0.6869865596091463 0.736147779480919 0.775322751811308 0.782152538181697 0.8007632905741607 0.8212407662973835 0.8807029896240223 0.8500188078306596 0.8628103916982915 0.8492416610529235 0.8086453068108395 0.8029886481271366 0.8291501821593565 0.7951355124557542 0.7429096258358506 0.7450701971826135 0.7815251758115658 0.7761839717865179 0.7318460127192986 0.715020605892185
