Raster_benchmarking/DGGS/continuous/raster-116.asc
NCOLS 100
NROWS 100
XLLCORNER 1743166.7279256126
YLLCORNER 5469289.954316597
CELLSIZE 10
NODATA_VALUE -9999
[rows 0 to 18 of 100, columns 0 to 42 of 100]
0.20816110443822858 0.26084449560104483 0.2844302834259681 0.2916946192555365 0.28578219075973876 0.3209931982687257 0.312646567024091 0.3040842072095527 0.2845964605521616 0.32918741076452185 0.372225674183037 0.37403650122907817 0.34411348843494505 0.4141969327083041 0.47075006547841347 0.4524943982854098 0.47644059919949827 0.47855354006741296 0.4010038097116144 0.419244380634761 0.37946101834664403 0.3986873618331858 0.36878495197944794 0.3949427633367063 0.41139807063327377 0.42036325211470427 0.47077636036659504 0.5096069338601601 0.5015247535541842 0.5157949751523947 0.5036301106552834 0.5660419229200263 0.6291012012026835 0.6467431183001072 0.6536642652577248 0.6350776982702421 0.6033732986623218 0.5559624456406432 0.5401113252851606 0.5493813289255187 0.6206494882399055 0.5909710008824256 0.553624616980571
0.2243722617815118 0.24611575379092157 0.24763875631655677 0.28047778817062613 0.2586852298295745 0.30415714431574414 0.30215630944256366 0.361500206744257 0.37037709182247375 0.3812372921073661 0.3638948146171315 0.3935488806415295 0.3700332116109303 0.41463345205945373 0.44559710629317373 0.5116451750057948 0.5192894874760839 0.4691255131010832 0.44645289903036445 0.4272395524595333 0.4376442737518816 0.40722322100790814 0.36612433946868866 0.36947779984352064 0.40828065106020556 0.4300016584894491 0.4486027177359451 0.5022109532528585 0.5258418804048799 0.5143232384568669 0.5187182024468191 0.5611696994135905 0.6126628162189165 0.5923952302619173 0.6242074153318841 0.6628701957343807 0.5962117578729934 0.5859586734968695 0.6010552382357699 0.5933965724318954 0.6113742640372026 0.5556076018087118 0.5357028372862123
0.2276456976793849 0.22627908635410166 0.2602472489713708 0.2950026943529916 0.257809532858201 0.302645729840114 0.35937717750549336 0.3817610251157213 0.3769267638538202 0.40371085373838883 0.43712335063501584 0.4354254881326504 0.39866179841233995 0.4322955458127271 0.48282050848203023 0.48321622313164203 0.5257695076071007 0.5348223504850874 0.49646526848590067 0.4674390752524079 0.43881730698809324 0.40556861953992834 0.3942365298418092 0.4281531422902862 0.4207006839807205 0.42806134315632716 0.48019696642368204 0.5018622502663597 0.4954497889280839 0.5008791332914138 0.5211838426771715 0.5300124534682348 0.5726463461686129 0.6177228998196539 0.6365234692050832 0.6565966376324665 0.6298575915174084 0.5925935247482558 0.6303570224744396 0.6281089864247709 0.5981342697206632 0.5808324075147585 0.5616600497367752
0.2660737521508437 0.24898657100274343 0.31621567526665306 0.3014824068711765 0.3075215637224113 0.31838170064988286 0.41285387421941244 0.4237657113499965 0.44936260729102867 0.4637806081569436 0.4578753469409067 0.44313218020753764 0.477617576750988 0.4905968147898742 0.47489495556250194 0.481102708904404 0.5033897769724913 0.5306309056599453 0.5066607933429129 0.46958977686068565 0.42327773051187384 0.4108890506310858 0.4237788623954587 0.40847175521244333 0.3953964355024768 0.43506381365929586 0.49463096839121 0.49788781732722925 0.5088646145559884 0.49169533942610083 0.5226295442407274 0.5493238448067402 0.5852205863787105 0.617131123038154 0.6637629110245613 0.6221101563792091 0.5979580765805964 0.6507452780345117 0.6647242025959991 0.6740925464782003 0.6478614860258737 0.5950334788589918 0.574616234631833
0.24852605953045773 0.2840085872406249 0.33132072230385484 0.352913448668341 0.33246384753075703 0.3503288115498725 0.42253663628020327 0.4113134334151289 0.4356221108885079 0.4863430296490253 0.49744491380221173 0.44684336296486415 0.467661572948301 0.5033480415049075 0.4851146170496371 0.5377388232723715 0.5511022926256623 0.5210918996442956 0.5375582373603963 0.46697932106203816 0.41645654565482143 0.40598183203410343 0.3982131558874902 0.4459423371414116 0.4241824673922622 0.4533557339505415 0.5125449047497539 0.5049265940442005 0.45173886977721817 0.5037191297186556 0.46941725476497076 0.542113849126314 0.5851628519278468 0.6207554877670505 0.6524661958540281 0.6285709470548406 0.5863571457853577 0.642067842838915 0.6599866615049705 0.6356488759416463 0.6881312437394922 0.6314497497223033 0.5797931030958415
0.265839263919812 0.3243420383300175 0.30607362133706084 0.3298856385260619 0.3309826459862618 0.34696400249225684 0.39486628256275713 0.43789005070883824 0.4513433407740154 0.47802491379740847 0.5038841106329413 0.4840074053748678 0.476880937042838 0.5330152580823279 0.5300183504193481 0.5486094474139833 0.5382260265416674 0.5406040507542518 0.5552025210544992 0.5161775244770574 0.4571336980298999 0.46538765588548503 0.4202517298867333 0.44066645357073414 0.4491432804124773 0.46421605203736127 0.5045592667929191 0.48928690629425126 0.4894322491681818 0.489216256624761 0.5118109835708633 0.563127506924067 0.5791848187496758 0.5933912776927058 0.6176672533543365 0.5838709433270842 0.6177710605429235 0.6220966845999086 0.6523519294960972 0.6426718573653771 0.6510704761820804 0.6291701310181838 0.5835349592851898
0.30732094672350363 0.2756745461649762 0.29427060737470595 0.3325271399024506 0.3446653460917499 0.36965365926993243 0.3812450936414027 0.43667984620730754 0.47368247908070366 0.4901562621919141 0.514635685812067 0.5185309830358147 0.49540716067003554 0.524826838712783 0.5805659541967798 0.5573752096284564 0.5368102600336108 0.50930212173728 0.532820046325549 0.5213798404967854 0.5004704141884353 0.4733082949599546 0.4421816023748608 0.4754687582716428 0.4782809446318995 0.5210131871025881 0.516718536596004 0.5340082899639614 0.4713142103475666 0.5310236119073367 0.5309330906243971 0.5569058307831111 0.6277692934826616 0.6177141028044829 0.6006929783728706 0.6239081885425823 0.5973482295003144 0.6023289686001386 0.6209541418136509 0.6523072149971852 0.6334134070891311 0.6490086611886899 0.6207664152656566
0.26691446831727333 0.3051933381416349 0.31914313055108184 0.3184465898456627 0.31992528208367316 0.34384961289933813 0.3391370696676364 0.42021151389312217 0.46845496889103955 0.4555840942598936 0.46522563748601975 0.528714188278904 0.5668344918944838 0.5602209132588678 0.5543623551972197 0.549673715831459 0.5149954324740188 0.5365229029979766 0.5290962932922239 0.560425748410796 0.5209332993521386 0.5113022072548292 0.5103229950868712 0.5208644623740875 0.5156484632744553 0.5380089401306523 0.5437737300379363 0.5693353203481823 0.5584753127121255 0.5153913765940875 0.5867097645844466 0.6261375711555086 0.6439378217290223 0.6584251046507102 0.6233068815983334 0.644973883221454 0.6391432129093472 0.6066547629113562 0.5798221338392828 0.6239519992744881 0.5889367626922772 0.6147559001672436 0.5556658374411733
0.23962709765019036 0.2600737169734229 0.2531708252653933 0.2868732208390117 0.3112315279875084 0.30639101210228453 0.33773491339824385 0.3862806461027366 0.4181975716462159 0.4382346580090389 0.4595216106899513 0.5248026053912117 0.59362351595013 0.542567415682091 0.5242481809517389 0.49638174540295454 0.5047689536092748 0.5179503326596532 0.5562779650156028 0.5178920980072186 0.5522666233239052 0.549054474960175 0.5109259856419089 0.5157971551297242 0.5861253878816507 0.5940556753416911 0.5902008057490776 0.5575438786274189 0.5807257332142349 0.5491755872741088 0.5797008829296066 0.5860268218111017 0.6585865572065523 0.6393871305506358 0.6514980430508921 0.6465227275685582 0.6528222241353596 0.6328315807590162 0.5705516052924737 0.6153056161804188 0.556135897989984 0.5474848003261086 0.5369238913530675
0.31198752239486777 0.28924037268055586 0.3143958803265578 0.31471947668396594 0.3184975309516803 0.2849472033229231 0.3522886282821903 0.35719271011786313 0.38612184277729233 0.4596878870721697 0.4931475897435566 0.5004935909225398 0.5116955114648134 0.5208347866738793 0.4949451958193163 0.49711713765841736 0.5279452546829566 0.5538757833079023 0.5736942742179086 0.5258605131937628 0.5087141963200199 0.5216238933703926 0.562655208141003 0.5327711023445243 0.570360790605815 0.5386206475581915 0.5435973867435094 0.5665263967734471 0.5578355365217148 0.5622611837716454 0.568520486719064 0.6006591119754647 0.6051334813762395 0.6529786362132994 0.6289176590947695 0.6105464380512676 0.622459293889843 0.6119659459661476 0.5852579309169269 0.5879105193222505 0.5831792606282653 0.5553998052606646 0.5242147681156176
0.3197347929149122 0.3373106725475727 0.3508896240181791 0.3455253386900329 0.293094521660313 0.27294260434863427 0.3195241844715509 0.3395185095162225 0.41792874437643696 0.44066367891775804 0.5141461187010034 0.49207990398701035 0.4947535910371976 0.5112851763379913 0.5393302232127397 0.5298989067408302 0.5289853878918693 0.5559974727957635 0.5675223010436181 0.49381424531729645 0.49333272538966816 0.5219372570752645 0.5646545091906505 0.5311464515890907 0.5077018943721345 0.527062103017349 0.5482667004396466 0.5478210673944869 0.5381146899182659 0.5945949505362854 0.6022237822042928 0.5917233363401785 0.6071726601725642 0.606628732096394 0.6219493464224509 0.624859689143297 0.6246728998381703 0.6149054327287542 0.5571058443157756 0.5514054444318841 0.5851260180015179 0.5800889205805586 0.5691945486842314
0.3720343677977095 0.3273219613358339 0.34941298053858166 0.31221585766843185 0.3194130220515171 0.31880912174887527 0.34609466727658134 0.39159354987756173 0.42898549155035165 0.4900142197964888 0.4544872625869515 0.47041999886661234 0.49736334250782427 0.4868799393770215 0.5181311173869061 0.5655997783016483 0.5999946029844864 0.5819867866560546 0.5441491886505829 0.5163969645699452 0.5279220602580317 0.484214976942986 0.4643983423282421 0.47183351682191343 0.4725382620031549 0.4813866280552504 0.49804469012264785 0.5229349922539542 0.5368396356469507 0.6105434188695227 0.5810043779245653 0.6103795588043702 0.6253450949399744 0.6474824613236254 0.6317138911351872 0.6270346242421394 0.6363134598404773 0.5651918354154273 0.5464243171942075 0.567689618587676 0.5940610716732976 0.60431165641644 0.5735364305615035
0.38666470433288586 0.35137773056660504 0.33984034818205516 0.3435005582412881 0.30241693136968223 0.36716953685566867 0.37784347022617404 0.4237084817382646 0.4588732508489274 0.4460112924583547 0.44880357194365295 0.45276668026862193 0.4561098842518971 0.49326330538435614 0.4832875813753411 0.5291600364218304 0.6081016496112746 0.579217855130484 0.5979054391828907 0.5667334326869043 0.5021601466407131 0.5091942325608187 0.46285682410837775 0.5049989166019122 0.4464370068020189 0.5167032626446598 0.5320095902536486 0.5186366691846627 0.5578161393900447 0.6199244466909727 0.6192166801020343 0.6297788034531202 0.6275507726547367 0.6136536196738356 0.6553501254226842 0.6355450611126225 0.6311927376495271 0.5940457874449855 0.5684554466354266 0.5588941322917022 0.5621598937757746 0.5686517541907915 0.5887834086581775
0.34636189953908075 0.33758838386629264 0.3190640506687358 0.35423110543471664 0.3463150943082566 0.3940165050866174 0.3682131833555793 0.3727356302132166 0.42009982194948847 0.40532131404556193 0.4269687810812955 0.4827234837090664 0.4574527852618296 0.44983239930613117 0.4936070140822257 0.5167079003626174 0.5557789157102906 0.5720079335472308 0.5664870278333914 0.5651030534309095 0.49573647625050116 0.5199481670792342 0.5381054178466131 0.5233717039990449 0.4905514680404524 0.4900514230571304 0.5151130678863138 0.5809381799685925 0.5941390730534718 0.5872363342364841 0.6487307067147602 0.6466859975596241 0.6479261496197787 0.6175442345953872 0.6126154581832434 0.610470927266027 0.630790362892111 0.5849288774329181 0.5640451399867237 0.5569755215695362 0.5318866658022203 0.539825710364694 0.5859233067917261
0.38903173488692594 0.36087698037278665 0.3582154712801848 0.3587785056393381 0.41005477838531273 0.4072991387802336 0.38562445413226587 0.35123714120511557 0.363766391601024 0.41484857493895116 0.42482386462944777 0.47945552026458893 0.48813153045569807 0.48214817736241833 0.48194457638493854 0.5323368403079609 0.555561318466725 0.5590648305904954 0.5117014727518745 0.521875580112806 0.5232684955343347 0.5443659346604341 0.5264272605809726 0.5423212564706718 0.5309452593882283 0.531598752156512 0.5737215935870569 0.6003559029815673 0.6071641015633621 0.6228560533301699 0.6533455707224649 0.658788798136105 0.6325387325157813 0.6056675797922114 0.605046261305489 0.5633778949818484 0.5893664343301298 0.5408318325798137 0.5358660320652279 0.5590090117368549 0.5600469523333215 0.5755185034381 0.5638324353601825
0.34287917517064864 0.34458298618436484 0.3481115034502567 0.3702341199915499 0.37391567627445604 0.3862837912340382 0.4060911373790497 0.3844242360087202 0.397724203753856 0.3610856863232368 0.4202559145677352 0.4651993060567092 0.43918579532989543 0.4773793046324316 0.48675983401618345 0.5132806476077123 0.4913952679688202 0.5379389394286823 0.519568941937438 0.5250784579723626 0.5219813817985053 0.5576599977262219 0.5779699852998998 0.6031536534217631 0.5894406476074018 0.5924650368966505 0.6268395824848108 0.6244408673871497 0.6730928065439934 0.6852071419514465 0.7031378735410426 0.6764600803287998 0.6093436553970641 0.6016840298641047 0.6129896498426066 0.56650037668358 0.5505710693077789 0.5302915515769213 0.5239545580782191 0.5041026415008869 0.5184387040238021 0.5376597420332454 0.5319285481673969
0.33886513933935 0.4040985007991163 0.4147687327805036 0.41312689995981294 0.37810841635735604 0.4010893547010251 0.3938843740014452 0.3606444561682031 0.37062261023935983 0.34700622927158914 0.38029785432334995 0.4451308000885799 0.455182028631123 0.48192123735291453 0.4548143157437049 0.46111668772271225 0.47398357927709567 0.5513777795539436 0.5795976143915663 0.5383672131208629 0.5599985896950354 0.576884869714148 0.6730493513686264 0.6657678730440872 0.6856931549925577 0.6525562253028825 0.6656217904953259 0.7103109652212536 0.7254852542212973 0.7450564557087132 0.7242879221550721 0.6770705925797373 0.62693959820061 0.5807858034197758 0.6115764451524068 0.5831050778174083 0.5447093752402085 0.5155361119185818 0.4769709699584839 0.4649127919809156 0.49339028881188274 0.5184839657920965 0.5411336982520943
0.39397807084840614 0.39987960535727507 0.4334240753736928 0.39883551983387333 0.3594930603027538 0.3912767689790448 0.35093191504444093 0.34616606498135305 0.37907149550889274 0.3818050134186723 0.366704501434464 0.4296396988581795 0.42495644020663115 0.47586063290224095 0.49143844431282824 0.48966821026150464 0.49743101770952114 0.5704380616254775 0.599858195424828 0.5933056264407537 0.6132466402868704 0.6227802039418961 0.6889972569907393 0.6813265912312162 0.6677330277068799 0.6981283200094399 0.7116184511504735 0.7050209210012386 0.7114015346904746 0.7288668485677 0.7093453974413912 0.7164925210813174 0.6969682656060948 0.6113276030345653 0.6150787524573693 0.5727038208965745 0.538449664340135 0.5033927305335778 0.5135739213050907 0.4753544817224236 0.5166172497725524 0.49169221014262665 0.4954299107244017
0.39852299764792914 0.37610696006843863 0.40938604623689906 0.37803571477191844 0.3943338238584253 0.41087105518765143 0.39314692533943024 0.38991758386461095 0.32735354144181145 0.37556488672416577 0.37277619292791214 0.38822133681246807 0.43171136321632586 0.5007994328677524 0.5366401402932791 0.5446719231106629 0.5601027795462706 0.6056036057583607 0.6353579956622799 0.6497551852154669 0.6378679538333916 0.6585365736621166 0.7063227285863286 0.6797186025650828 0.6687740328232104 0.6989599612020384 0.6812949435443489 0.7182141190534289 0.7213404739962022 0.726948951932681 0.7338457278830507 0.726005670982943 0.7263224352478573 0.6377177518290756 0.6008280410272756 0.5926968610848533 0.581308238610648 0.530400707386252 0.49340907384568194 0.4744274081210766 0.49547710199227557 0.47818514799035616 0.4372370780198763
