Raster_benchmarking/DGGS/continuous/raster-200.asc
NCOLS 100
NROWS 100
XLLCORNER 1743154.2276695708
YLLCORNER 5469287.190629297
CELLSIZE 10
NODATA_VALUE -9999
[rows 0 to 18 of 100, columns 43 to 85 of 100]
0.5274303801447895 0.5041976535311455 0.5022363628634682 0.4913839890845219 0.46469763511064843 0.4456394313726712 0.43745461872793845 0.4377139253199794 0.4580257174172875 0.42910439142751094 0.398691287814291 0.3947955419618593 0.37544180399111704 0.39869898390861525 0.40617954919634586 0.4238477662915318 0.4427466380476499 0.4100091227363606 0.4494880463840539 0.4845711862443411 0.47792649390875885 0.4465995502943209 0.4367923721796678 0.46887127502145537 0.45360053811601897 0.40754354957912026 0.4478892886590944 0.4931770280312615 0.49376341969243503 0.4780916274504318 0.4879765118520047 0.506206504440672 0.47006212679502013 0.49257022719876303 0.461661978300405 0.4370990090852409 0.4560829053603808 0.4316591702400975 0.458556922900574 0.4661667815481148 0.4851977141165324 0.517541180009539 0.552764620118062
0.5059583938560493 0.4742351036419689 0.4800116573700346 0.4853572153674834 0.4609952664905741 0.45828741230915554 0.44376096591696207 0.4251808880841969 0.42572940618242916 0.44000412705258213 0.43050244216703004 0.39543999724230633 0.3964401542786391 0.37149560818876604 0.3656152676821246 0.40739358175238755 0.400711561735124 0.4286200230813144 0.4299344263403522 0.4512519553098281 0.462998920230179 0.46349327898951853 0.4486605424628211 0.4430830847805211 0.41602190676261924 0.44627210233335834 0.45401504587757596 0.4894260878872697 0.5152823149566305 0.4855313024792869 0.5179234869187151 0.5331330958555003 0.5048622684903712 0.5003545312072692 0.4606827807720203 0.453336644272968 0.4462344900947523 0.44623273244548534 0.46942709753123596 0.46890940932953995 0.5154953365244058 0.5457072223875115 0.5465469575801652
0.4669956247815392 0.45314735628272607 0.4338394055563506 0.42924963139275335 0.43708366038980473 0.4110213200459945 0.4237394746566178 0.436019609483146 0.43743607086699493 0.43957095056443785 0.4010236669463655 0.38615138859347126 0.34909439956985444 0.33683122242743735 0.3663382880689595 0.3876018262406227 0.39198994607944104 0.42732090942607587 0.4316913333454614 0.4575876518764226 0.4374736871805593 0.4453434005036685 0.4465590991688003 0.4160941077786153 0.4311995488180824 0.41882488785056515 0.48050939590118863 0.5147734310318254 0.5008949603015351 0.5194357025393849 0.5404859813703491 0.5376212890134986 0.5113288491608581 0.5027730914984498 0.4872200849076539 0.45726347103187265 0.4758417504678617 0.46067019972918516 0.4652831570486901 0.46906606812113877 0.495599950265593 0.527466303267375 0.5610635399684523
0.49269356164724576 0.44494392531381116 0.4383816691673506 0.42233034368662953 0.41389190487647465 0.41012554719362493 0.3958926775537334 0.40497679411385357 0.3937568827822629 0.38703806708158683 0.3945781320029569 0.36980092222268723 0.3499840661285976 0.3596306297911627 0.3761751749781286 0.37054492000062034 0.4013629914519636 0.40773579215507727 0.4153189082308607 0.41513297512379377 0.4209585122283204 0.4395073536232402 0.43104449686796686 0.4398358006669401 0.41371439029586776 0.4486393624347541 0.4503269414291514 0.4763817252838969 0.5166230932563729 0.5197028459901298 0.5385427867475651 0.5428421049841784 0.5230828331593157 0.50207824564336 0.46724486982054236 0.47886796605584986 0.48439314112072707 0.4655111513078049 0.4940289922771055 0.48695691432414734 0.504047606168605 0.5366168599809467 0.5349378921995123
0.5116777026355979 0.47743584646506426 0.4614678249446113 0.4143060135542097 0.40466530371623977 0.4169760668083669 0.397513354444176 0.3955250341308204 0.36826708823230225 0.3909057446884304 0.39323571249776373 0.3955254212093453 0.3703969655108726 0.37024489289999635 0.3804539235395805 0.3832892610350629 0.3740219299233615 0.41181392818012064 0.4150178454305033 0.3699211826547196 0.38220446093431565 0.4134537377480713 0.44429584069112527 0.45448537205641387 0.44013373571414366 0.45182218462004525 0.4819212064285584 0.4826098904257147 0.48087159177380767 0.5110459677613035 0.5137643177744362 0.5304425513921401 0.5149265055490879 0.5003826284869287 0.49016285854263525 0.4612387954734692 0.47530863695394887 0.5055813229931742 0.5096546163725206 0.49302871226699374 0.48366056066434066 0.510771844975127 0.5274369184517547
0.48879714807091723 0.4767397294719569 0.45731468202075093 0.4607033501131263 0.4392340681583176 0.45792795399837793 0.43345722721084556 0.415641417414022 0.3791956058987031 0.40034283225181244 0.3812128766645525 0.3856265994720739 0.3592325300601946 0.3593248390268142 0.3431128151572341 0.38509701896073395 0.38197427746866097 0.3867989808411154 0.3834818217476825 0.3637551375673218 0.36455894198112854 0.3721605748413445 0.4364694182100558 0.4544974750227722 0.45656220085847377 0.44072995449811486 0.4747762870822275 0.47082110155083445 0.4833714660600134 0.525508660858946 0.5382617628719183 0.5417633730499511 0.5415210236830249 0.5186695590490917 0.486701654071068 0.4982917448848068 0.4677942244406188 0.4886659140375358 0.472850564103661 0.5096212020641288 0.4957594599418288 0.5094901853924783 0.5627825630800432
0.4694838415479321 0.4428568581315556 0.4553003273195655 0.45732072008630703 0.46147037927358664 0.468808831689214 0.4417147327021704 0.38722593831966257 0.3972557826824973 0.363233176106142 0.36263659541507814 0.344854625425738 0.3240515339708234 0.3241933836663973 0.30703779828051425 0.3410735412182496 0.33039511062431787 0.31329914659479263 0.33756032303999467 0.35568973776728974 0.3431571418703463 0.36743860426113706 0.40717065989562334 0.4487134796672853 0.4659441188809903 0.4372864524791442 0.4604363537600364 0.49764552536757956 0.5046579014499901 0.5163686633204024 0.5552281032788896 0.5451253688179066 0.5082398693961303 0.5066639441539756 0.5112346009305073 0.5158464509212752 0.5152102302846135 0.47514017533581926 0.4672334333021147 0.5070523035145587 0.5034514019407955 0.5194011124400535 0.5255677828078245
0.46371874173275757 0.47331163409865895 0.4749211436606577 0.48823153855617885 0.47703549203542683 0.46794846721300526 0.40869778587175076 0.387801339366891 0.37009674015103466 0.34871342385758525 0.3286793543957292 0.31423037017542427 0.32224372901912224 0.31517278841118107 0.3056635184258139 0.30847222825758536 0.3153276646165975 0.31603669078351715 0.30636118786320804 0.32441051943231874 0.33868795495608767 0.3731240042355469 0.3745898733030821 0.4335364251162012 0.4332263566977464 0.4356646573997236 0.4674841333358136 0.4768271513277708 0.48660245009848396 0.5225377805779371 0.5339723474595863 0.5146419671628062 0.5057382308381515 0.49185115594437356 0.5044538563386617 0.5112885542143486 0.5142803744258518 0.48079987351130843 0.47976072171326456 0.48461680686687375 0.5012882643558304 0.48746908740109685 0.5110351113979917
0.46058746138641815 0.47532097006286506 0.45675068142159464 0.4676347378951117 0.4638829811869166 0.4605586832782226 0.42267577392499617 0.40431940255274745 0.3818261005233763 0.3542549988875084 0.3526695017302076 0.34282951476473084 0.3522159537972359 0.3280438025952567 0.3026226788824645 0.3055347785241858 0.30014563137135175 0.30500741166241047 0.3070756801833648 0.3366001021678551 0.32812025272171025 0.3329499331862489 0.34368567038565806 0.39295775469250305 0.4097473362514388 0.40866918947190223 0.4209859725752441 0.442824997882778 0.4988817509318733 0.5411276667515944 0.5556552097851343 0.5479889325672506 0.5175213919783973 0.48313327036382525 0.507510993889687 0.5012215419066182 0.5001738019282963 0.4776229680455619 0.46541386785799804 0.47871651045464747 0.489005798188613 0.4757411427596225 0.4695582649731725
0.4915402291324811 0.4759515050978958 0.4534341045497268 0.4723553524274354 0.4538645375519037 0.4401671076492707 0.44632940108053815 0.4378271184421938 0.3919776750479459 0.3942579925983835 0.35602826724555175 0.3364725940849353 0.34093824462685846 0.3481790503974941 0.2967279925997552 0.29114250311319684 0.28608429279260983 0.3150080203672234 0.31967475423159086 0.3017359722516924 0.30639504307479337 0.31175123720040493 0.31874006064122407 0.3645056931228347 0.3563844060563691 0.3887467019646672 0.39550572697139746 0.43762687073457734 0.46938508973343823 0.49906026634223166 0.5162905776608459 0.5154140419221251 0.5307256975517819 0.48533852451484727 0.4965796347673359 0.48101531711497736 0.5017924409883423 0.4529971757571942 0.43842468562283277 0.46653427998258973 0.4606939794448377 0.48886713555535294 0.4707228338826514
0.4888548079927174 0.4675412762783162 0.45352745062763844 0.4539858573820097 0.4364347912399014 0.4203851939024807 0.4225235524997662 0.419542103474773 0.39006275780319516 0.38907164288322393 0.3895542584547955 0.38057567792000446 0.36579527130994755 0.3391818504323406 0.29158181723405263 0.2778475983992566 0.28549126643318073 0.2904999565891113 0.3000134749073782 0.2955710780737363 0.31315139852474805 0.2829274698189085 0.3275071238578846 0.33479959934697345 0.38065798853560784 0.37643542347581266 0.39666799018187365 0.4180331777545253 0.4597908382783448 0.514748980746554 0.5137606758248732 0.5149373410172502 0.5199163027957862 0.5135687680714079 0.5076964278756846 0.4999787693202089 0.46746255672354586 0.45629478680384633 0.42703209824134225 0.42817170261436727 0.4660840178386683 0.4809089636800305 0.46288095053547246
0.5125442147624608 0.46590183118915773 0.46702113338195594 0.4360426366360918 0.451835068136701 0.4566862467899836 0.42383970324612297 0.4109047663577244 0.4039974593530692 0.3630881863978734 0.36755642854274473 0.35178302048567067 0.3649132194437706 0.3400080588220651 0.31663350145397867 0.2877660983195112 0.3056599574424578 0.31265752363778604 0.32443872139362806 0.30626408665616867 0.3090521680276317 0.3327315721496794 0.34089040270960036 0.35075894376071676 0.377540908423815 0.37857222020538905 0.4295903169480001 0.4188576181485568 0.45717244158119946 0.5097694206031445 0.4893845475020753 0.48020716850695183 0.47536834911579967 0.47451189372476965 0.4651964470226368 0.48772274709373714 0.46275679666779396 0.48171003636680554 0.4533524437858665 0.4697282960631092 0.46660317927600947 0.46245156926126707 0.450557427336912
0.48191513454599494 0.49774592459040573 0.47920681432304635 0.4406859742854881 0.4449112592625213 0.4491129367801946 0.4108550365995522 0.41723365246651867 0.37992642208396493 0.352734640496832 0.34251184584324335 0.3643215802690021 0.35835919979580844 0.32411271667768404 0.31378743801603115 0.31524497727347073 0.31093809330982136 0.30149726173520064 0.3300191242815171 0.3403151048540963 0.3043718043464392 0.323577767028079 0.3078209269203786 0.33040093798023207 0.34815336493422483 0.42148902649010467 0.40984296080965105 0.4474447553007427 0.4476065426250139 0.49201011419469853 0.4908003627362555 0.46784992390123464 0.48065958446174345 0.44801310805119 0.47248994493765056 0.48816946681882734 0.45316555240441875 0.4773866188410665 0.4806203002488806 0.44576821330992294 0.43243259104574333 0.4284087850360925 0.43650633711013576
0.5097416597825263 0.4825911299398423 0.44431006901258246 0.4326643500858835 0.41241732028865813 0.3987881690701553 0.40010963280923734 0.3675874898520912 0.3565890137884396 0.32723956471262766 0.35600128860005875 0.3306501988543003 0.3426237280748305 0.35240635445448676 0.32546540220101144 0.3315121705952904 0.32362003821518853 0.3351521899869677 0.31150266863243775 0.33260283492153153 0.33085236603276597 0.3019541185756224 0.31079073472236796 0.31467946238012817 0.345400811587817 0.3940003172982609 0.40461789629398776 0.43155757326369026 0.4806580903250126 0.5215667957105236 0.48563727881447444 0.46564353381748197 0.463848075519686 0.4514113879089145 0.47067891765175274 0.48318154817177095 0.45966309034741526 0.4573262002848293 0.4702489205342221 0.46323668830222 0.4598639896807857 0.47118831110298204 0.4512807978750744
0.48200430817804035 0.5059829613906484 0.43443269716186494 0.4095506169246392 0.3914325942961802 0.38436006599972894 0.3805560209221804 0.38029746856554647 0.34965367578902434 0.33036648724557904 0.36653191648924416 0.33934681866972355 0.34277338902546955 0.36902856126787514 0.3383659989453774 0.3219662607064781 0.322617482453685 0.335308465491501 0.3368799977004337 0.35980601055870326 0.31886536509488683 0.3057963800644021 0.3149635118559705 0.31453698283318626 0.33775312908041827 0.38223053633034915 0.39515799715971994 0.413343567414659 0.4673066685806974 0.5410296838538882 0.5247125876610275 0.5286707266623842 0.4611389113162004 0.45877199983214706 0.467888430917617 0.4832103885331679 0.49671080421896535 0.44803055757684185 0.46411106045008116 0.48887061371414764 0.4895719974655869 0.4678029887908831 0.4691871000859262
0.4900188773214178 0.4846518011277928 0.4633901385645466 0.4078148184489856 0.4069735461424024 0.37207556053948804 0.33881507618854156 0.373631912583562 0.3649428668098453 0.3533640593356268 0.3729663189676955 0.3638426090601294 0.3980169538069382 0.41204862833996886 0.3727467807065556 0.38596299712976817 0.3766952932763891 0.3686852047576529 0.37412330946307076 0.36359096315061656 0.3510808745971318 0.3283901136838532 0.34013994974787387 0.33647242220542756 0.33967845433747496 0.392351535971827 0.39261313039473617 0.43610009510233055 0.48908739730161016 0.5222606601046148 0.5085102236208106 0.5195325798298615 0.47891465164763003 0.4793456367229775 0.493707736695721 0.5074834493576269 0.5084788980528656 0.47412569815587197 0.49952074663791085 0.47737240093739053 0.48545326255038357 0.47888617581699244 0.4745954630493668
0.5036185820407455 0.4761152810625975 0.47187150051486926 0.43512579541209573 0.3987164382187598 0.34586367825420294 0.3458723821365971 0.33538158927762945 0.359238562016589 0.33843332311636354 0.38593777267336976 0.40321814200491346 0.4177089512026742 0.4254826659710856 0.41791622308396004 0.4076331273149465 0.4012593990357409 0.3878011941537804 0.37912275088883673 0.3417061667980791 0.33598024624512274 0.32364134492407093 0.33459857841096097 0.34745048336722695 0.35469506842656917 0.39738598488936233 0.40663117374199564 0.43218126082283476 0.4803135363999047 0.5150450379969796 0.4954085175336598 0.5093562982253204 0.4752358540531084 0.47591201358033164 0.5001560667792959 0.5267614344461167 0.5066809167245288 0.508588256813162 0.5200747259008567 0.5180664810679817 0.5139776394046061 0.5285477285526373 0.5448245258549046
0.48772489308062567 0.4824390130093562 0.44769783447332906 0.41159241319545553 0.40276112762299515 0.3581175377621279 0.3472332848354497 0.3499034744455772 0.3531524470582826 0.3709893662954809 0.39732624435537994 0.41172948518054764 0.4156124270763529 0.4184156972113229 0.40650729410961856 0.3934771107712834 0.4049404760589564 0.4008251724163705 0.3945407058005649 0.3424114316215802 0.3658696215797471 0.3584620163033535 0.3698108203273018 0.38715698861673886 0.40379238687660185 0.4099306390838746 0.4337303252897807 0.4349990181975794 0.49221402617694243 0.5109993972685987 0.477736166046385 0.5050572172900367 0.505365747355043 0.472288761623077 0.5110661047288512 0.49673506410746315 0.5079195748097758 0.5330516895986214 0.5582735662861227 0.5504989038662333 0.5632785384106617 0.552413491842439 0.5563063966527675
0.5033375078349073 0.47181817129288345 0.44702140732717927 0.4488561065674856 0.416524933251181 0.35544106470497594 0.3680333441173928 0.3774900908193478 0.3800330672881364 0.383401726498092 0.4096627815496885 0.45726571210215033 0.4324709879895244 0.46461140109109683 0.42125016391340636 0.4087197462193685 0.40875712043558915 0.41835509837171736 0.3641817747975667 0.3578377861202042 0.3576281059691941 0.3681236545782556 0.3720666697454095 0.4048930592469645 0.4067451941991532 0.4123392795036285 0.42456942793275293 0.46764508112745184 0.45921127610731466 0.4706579793572802 0.4802256500268881 0.5063940814814964 0.499876168162593 0.47434150210784953 0.4973001576792044 0.508807192065603 0.5306329253171641 0.5764884091848516 0.5666538387221473 0.5562359849882114 0.5770444180460592 0.5992577885434408 0.5782520551702285
