Raster_benchmarking/DGGS/continuous/raster-90.asc
NCOLS 100
NROWS 100
XLLCORNER 1743163.3769943905
YLLCORNER 5469284.6176724825
CELLSIZE 10
NODATA_VALUE -9999
[rows 0 to 18 of 100, columns 43 to 85 of 100]
0.6533742093171219 0.6335207633453179 0.6166175617269744 0.6322075378216104 0.6161588218840847 0.6133173683499727 0.628441833810498 0.6173486330048711 0.619565034197847 0.6517066203687473 0.6671680782517706 0.6724141219377348 0.7085712671000944 0.7157882568385285 0.7333410764887385 0.7660606095564346 0.7832748012117366 0.7743397870619183 0.7966302449632762 0.8188386318632908 0.7949437034886291 0.8331261957019019 0.8337169557621813 0.8302704028465904 0.8599054479353377 0.863069419918386 0.8501420227904034 0.8571088261541441 0.9095835678620402 0.9148585465899558 0.9348932474122008 0.9103332793796923 0.8936618570018906 0.8419995025737806 0.8505941127446734 0.8333043100860706 0.8315717844429731 0.8322523682364225 0.8005175968708345 0.8340315096848138 0.7889239430929189 0.7803880231492796 0.7930206840169712
0.6444380235087481 0.6341708680713006 0.6514312886790887 0.6415820277214397 0.6307420375414958 0.6361499396624067 0.6409296235123935 0.6155349799509441 0.6570982425227552 0.6491531659106635 0.6628946868416583 0.6801241188021676 0.6788781890875796 0.7296530022734589 0.7264173851588622 0.7518612208323703 0.7927794104722966 0.818325448365924 0.792635317160145 0.8337048053250334 0.8126756357350634 0.8300745737032406 0.8598515925272424 0.8414682622089508 0.8607411612726827 0.8619720702935721 0.8631815384707794 0.8582003960881184 0.8894850955728616 0.8954364771569223 0.9063052059273006 0.8896423643567491 0.8973627545329192 0.8484361585881738 0.8636353223161404 0.8383169449452187 0.8164157001373173 0.7885832397605841 0.7967639578135618 0.7934824168908463 0.778881505342752 0.8025890102767266 0.8074604353567657
0.6625155648819901 0.6534504321015695 0.6705069579995544 0.6810301092783251 0.6356757576453069 0.6556424176292928 0.6548711452110684 0.6285216379108876 0.6502738076043353 0.675712332102103 0.6761076005679284 0.6781823529701246 0.7095912710140211 0.7239074984118472 0.7526982290578963 0.7534770136373932 0.7879680225361347 0.8270801884131539 0.8125227106944287 0.824718712972379 0.8333863243701063 0.8613545845575312 0.8819921179018759 0.8778817326914246 0.8584364486304744 0.8540207300709578 0.8551840132901251 0.8513170423595035 0.8586908293471778 0.8820994881723303 0.8940937580685365 0.8839758627249142 0.8871208198359467 0.8650456948792039 0.8585151850902347 0.8648173443508581 0.8025935863070116 0.7866929058553196 0.7976911439181237 0.7866665718803092 0.783057656794206 0.8007255661347563 0.8096401378330553
0.6821186890521143 0.6678880696937131 0.6839526090313384 0.6914162490273915 0.6503759883110222 0.6799369178089135 0.6731454961933608 0.6536346145279753 0.6594163954514373 0.6880935930929711 0.7067161372930865 0.6763916875240831 0.6901386093194537 0.7072934621562212 0.7541236695485917 0.7699990512359182 0.797231454652818 0.8236797150734528 0.8024418174399884 0.814154123094321 0.8504575301943473 0.8437895068007233 0.8731758731785135 0.881963841295489 0.877067265556407 0.8292574792190126 0.8352249012007208 0.8605045117401011 0.8811000450905498 0.8619219213827016 0.8890620184152226 0.8538068914972261 0.8587412903324706 0.8677502557070736 0.8542410078502389 0.8427335231350339 0.8106264731842415 0.7882737057012442 0.7847221725002572 0.8147982108195013 0.8260176430451849 0.785067625229502 0.7958469411017185
0.6698041483451139 0.6949811068186779 0.6826345765013438 0.6916083212980847 0.6771410502732141 0.6556212209741356 0.6659762328341404 0.7090065745623514 0.6882972510647724 0.7135831221257097 0.6885530162031628 0.6912905866185779 0.6853769449017862 0.7118027308247529 0.7633531623827879 0.7733751175868547 0.7750091530172668 0.7816427698334875 0.7873173554564762 0.8190955187926354 0.8201416741602691 0.8582476598300782 0.8870114966772809 0.8723650092555989 0.8570714633794173 0.8159217529762757 0.8212658242074167 0.8699457127558435 0.8506773119087525 0.8819346163249258 0.8857242581206619 0.8498012847013082 0.8726262620709228 0.884988100161039 0.8554497104395872 0.8330629908334478 0.830585378199553 0.7865552216311534 0.7966429808274483 0.8368935053519039 0.80063589936561 0.7922397225843504 0.80304034574037
0.6715152698555308 0.7054657732183084 0.7072124919315477 0.7139790285157467 0.6922321049343388 0.6824802325731002 0.6840301773281404 0.6963989303213665 0.7107049561859108 0.7316223569011159 0.718230916602305 0.7304213187547454 0.7023511490355688 0.7194919157825825 0.7452026767621923 0.7567238705794184 0.801195295794796 0.8098831569021069 0.7773804625936749 0.8189272691405391 0.814843280159497 0.8604120178991225 0.8607998079482809 0.8387529541177072 0.8256888412806169 0.8043258272857909 0.8487826480898891 0.8471350097059738 0.8418507486001848 0.8762958272638502 0.8795379063729412 0.8660432797295461 0.8591806268893908 0.8901957355098958 0.8783709714010653 0.8218106406222551 0.8313099600156684 0.8135735941448018 0.8049210146091099 0.8364049975315274 0.8121270593139446 0.784217542482861 0.7809160526327784
0.6856226702129036 0.6788540950690727 0.6743758048320642 0.6759429068962852 0.6588384366612294 0.6641189126729672 0.6781103483960939 0.6801313669210006 0.7165379702903362 0.6976016797201942 0.7441729951398521 0.7371085737913178 0.7198932844974266 0.7385451832786573 0.7385963577166381 0.7759438329195327 0.7756901282446733 0.7946360877849232 0.7671086692485405 0.7761820194984704 0.784874327114762 0.8375615945837813 0.8232605838230355 0.7976431200019142 0.804921082072182 0.7994390841688839 0.8248508709703164 0.8313013949585317 0.8678725796409845 0.852620053282 0.8750009781263571 0.8884599993357373 0.889818833659236 0.8915451012720162 0.8872994016223137 0.8325014192260184 0.807541583123713 0.8092893334431391 0.8246355718430496 0.810907562499587 0.8056609375211924 0.811715994946352 0.7995557468847284
0.6848537734486208 0.6991458135987867 0.6717168880328144 0.6756103167272017 0.650555271550183 0.6422567591429498 0.6619970139919851 0.6741274385619239 0.69095472724479 0.6996112083826159 0.7344367043900863 0.7541101745644146 0.7341728949683995 0.756702104380078 0.7721800523474435 0.8019824542660905 0.8024753395085888 0.808017390921684 0.7720207353592689 0.8003881630718678 0.7948942734581274 0.8087934805292539 0.8058712126793786 0.8004006384029831 0.7848454246616939 0.8040892934800687 0.8090538804585753 0.8370684798950674 0.8708204931913821 0.867746891035494 0.9217980834919727 0.920711748178759 0.9040655415391624 0.8877227421918054 0.8812442435477166 0.8507328648958945 0.8402806182378245 0.8495398915316814 0.8278664374508444 0.7982020226989233 0.7979498765865771 0.7836003243789486 0.7853909317371613
0.6966766003478854 0.7045797628803679 0.7108959963551333 0.692236780061903 0.659756473545212 0.6568555969015405 0.6764152101493219 0.6773523878373623 0.6691224710815854 0.6858688874541646 0.7258495553608604 0.7455788861501496 0.7532280840262306 0.7606089066905247 0.7625587652268679 0.7760956030542113 0.7874151926625854 0.7768560307399119 0.7769142350243747 0.7700626179738137 0.7559974959146009 0.7634559504182873 0.7695236648407657 0.7943425811395408 0.7859729160758973 0.8125922060453489 0.8495257686377857 0.8811254412260464 0.8848935326083797 0.9060591906213191 0.9322326335508978 0.9527057748304536 0.9082755754210087 0.899347794918065 0.8833037076962323 0.9074627332231776 0.9012145073966508 0.8729182682024242 0.8583964304847022 0.8385761093304793 0.7978171070508658 0.7938064311374401 0.7650842646557173
0.6773213738602064 0.6650937484560991 0.6906308291962481 0.6832299727689449 0.7040752074177039 0.712519336111113 0.68427207792733 0.6991888113336867 0.682740601470465 0.6894184137199608 0.7135703011588281 0.7102300501291042 0.7196991886459173 0.7393130962209129 0.7436073981216448 0.7703419418870606 0.7665654375689271 0.7770289490747615 0.750282294497528 0.7474226332679489 0.7703629050718586 0.754750698846277 0.758571591629598 0.7856928142191575 0.8121878705087883 0.8291262434066362 0.8714536424270235 0.8990281088037508 0.8973769031397238 0.9031634114518358 0.9410211679414979 0.9766836959026411 0.9532836007661156 0.9482646219305415 0.9282029730326077 0.8889660719667568 0.9015884191229759 0.8858901194737564 0.8422436131804887 0.8154804329973109 0.8213062283112164 0.7710326537626561 0.7771565024219838
0.6734923393286857 0.6731060934077499 0.6761807334676495 0.682383870918861 0.696991775863287 0.7299509775742319 0.704560414869365 0.7268580870905964 0.7029310677572601 0.7125509376656936 0.6997782697438779 0.7266179498890815 0.7062363686436854 0.6857841271173484 0.7178388464232309 0.7313971165721235 0.7398520342680102 0.7574722342885147 0.7567635297906335 0.7246975181448687 0.7266563639528921 0.7443094246736605 0.7448524499028514 0.7724959843254163 0.8281143305145567 0.8539821979089779 0.8727794206239171 0.930298298970944 0.9108168693435407 0.9371523353975961 0.9565750784298456 0.9708801353700459 0.9580832905323725 0.985334160636928 0.935069466230119 0.9022852128776339 0.8828663229112012 0.8901473756051389 0.8628091192419263 0.8487542457073138 0.8165193674226465 0.7510338950777449 0.7511690139753453
0.6615999109263058 0.6769977308126491 0.6493506987849894 0.6812654674654565 0.6705120463708445 0.7181390029058338 0.7254033101854287 0.7134003401462076 0.734902726270289 0.6991294820474673 0.7318495798230104 0.7383715525237078 0.7107324556307626 0.7204770398120997 0.7372496883604387 0.7572086426237384 0.73234818107996 0.7674191930788563 0.7625629306793871 0.757852733358171 0.7385266600184219 0.7724624212909377 0.7819320717453762 0.7680058493556692 0.8139502848208786 0.8303437190483517 0.8802716683575738 0.9030820360010059 0.9321523825973892 0.9253141580995742 0.9455016153463317 0.9334864072840446 0.9498772030699545 0.9497921205566079 0.931171526100259 0.8839221168693654 0.8727310474409341 0.8873697695199162 0.8426839582865616 0.8158637292174249 0.7984651528623131 0.7658907404073365 0.7708504811610309
0.653994119641397 0.6409354432735668 0.6326447398826718 0.6345452834830103 0.6716327665274182 0.6585368871401528 0.700778077495363 0.7312788609667498 0.7027288652031762 0.7074312659307056 0.6982590314629593 0.723340246598957 0.717445128045912 0.7061081823263519 0.7413409089483615 0.751264842968324 0.7659861942241566 0.7735355013898945 0.7659924249959149 0.7681266107493327 0.7576182020300832 0.7825371886226913 0.7945363320199085 0.7874770382805133 0.8363728242399746 0.8575481219404719 0.8743391546055485 0.9161099896493274 0.935170838832269 0.9177495955444784 0.9476799879383594 0.9158610773482215 0.9396004824139634 0.9463181281375349 0.9314763455628992 0.8892565138537589 0.8665837836641693 0.8761194397666646 0.8354441457354651 0.8037112743957823 0.771054241057198 0.7602268623094252 0.7754190981267141
0.6228566177583248 0.6056841331990129 0.6232514148231758 0.6258131462661791 0.6677694863544483 0.6681528177068816 0.6890543254664263 0.7006772283617743 0.6974042373543029 0.7246431512218633 0.7194631443843116 0.7319158624578235 0.7474177771517866 0.7293727603409417 0.7446088135895261 0.7614104407188991 0.7514176063400643 0.7715751457554065 0.7775715325244854 0.8000841734414661 0.7716146316691571 0.7888436429940855 0.8014242891267678 0.8187248764504819 0.8225258416452342 0.8328910445254133 0.8712551167520154 0.8822671522145461 0.917333465731893 0.9064743324737737 0.9290526509961466 0.9187389817621344 0.9084437784159977 0.8974270386577564 0.876376117955545 0.8869889906778045 0.8735771352983167 0.8528598722610251 0.8342632930023703 0.8108959580409425 0.7806482441894455 0.7552262502550837 0.7678938111036078
0.6113895735301823 0.6225210202128304 0.6452946856252354 0.6629928415815552 0.6716072220229599 0.6425530287306322 0.6925456777876304 0.7011413849901675 0.7268608451977613 0.7117455880584215 0.7212459940819199 0.7042378345609689 0.7343086214926721 0.7832933194844324 0.7549186307966828 0.752174218140583 0.7676245158683556 0.8118150814964061 0.8119864345524755 0.8114941114291 0.8054560748646399 0.7749590148483907 0.7852576636813692 0.839654147977283 0.8083070192683789 0.817306482726888 0.8539614971898166 0.8685562867458397 0.9154413649590114 0.9474118150118814 0.9303674884841187 0.9086505291317871 0.8857969760695739 0.8806900269479662 0.8707075529463386 0.8417426230686146 0.8735502233472224 0.8420483043081607 0.8314616111692944 0.8146422942581714 0.7824491774012473 0.7734586720329252 0.7693926732262256
0.6028509404945948 0.6395019468495484 0.673578270110267 0.6699265937338236 0.6433417287312426 0.6528685497154074 0.681118164252819 0.6905021298690535 0.7116109046737261 0.7099418681830165 0.7284504734888956 0.6945332119597964 0.7189980889079988 0.743788990163623 0.7810206984459996 0.7657014971732972 0.7632693985937987 0.8026195710346096 0.7782917940346019 0.8068843779601983 0.7812847660211195 0.7876062438849728 0.8123303780891661 0.8159804022893423 0.819324843626871 0.8094064653670701 0.8376744506474253 0.8600135345577039 0.8984990663913476 0.9334923024529728 0.9149934424476541 0.9237813237598962 0.895712226621935 0.8742436832051776 0.849920961769338 0.8397236856717906 0.8634436471983187 0.8534876094169741 0.8032215431713202 0.8145495600858677 0.7767140603278032 0.7952631908989892 0.7825864076283453
0.6301000968351783 0.6732248397115502 0.6734250473771646 0.6559032939683009 0.6356399163511415 0.6580009491705832 0.6485249101974652 0.6811334956828051 0.6841555885401127 0.7086510954637196 0.7064213168752486 0.7001234103114442 0.7081628205700685 0.7232024137331287 0.7330485261468304 0.784053702311075 0.7833190595192183 0.7758131849070671 0.7923640334162579 0.78935488772081 0.8166695679426279 0.8250262271004397 0.8506516234084339 0.8589273129101083 0.852367813290115 0.8181407144954121 0.846409682180012 0.8498936280463429 0.8888747443316721 0.9299209433002006 0.9025553563433696 0.9002113460732248 0.8836684092971011 0.8850507263365022 0.8552086617157199 0.8484040348934817 0.847432434248692 0.8512444246771007 0.8354820394859639 0.7890085111898254 0.8065552046035867 0.8140493046663633 0.8070633114836984
0.6511311179298935 0.6545486844521948 0.6772442243131028 0.6712613783434526 0.6349369887905222 0.6585601288476216 0.6496241119696992 0.669540218307174 0.6623839589343183 0.6786610475730716 0.6695633709367231 0.6829199836268722 0.6987280429048751 0.7253284733684429 0.7328722071918143 0.7864902638815566 0.7969957860883068 0.8171130620417749 0.8136672325186495 0.8064545462756968 0.8120472040281358 0.8463811105573998 0.8777520131187115 0.8782574224856954 0.8638917147266642 0.872246063902835 0.8692891055770224 0.8879298048120158 0.8814474522443597 0.9211361214221581 0.9034665904444665 0.8893621410963988 0.8515658780183374 0.8595393787021858 0.8571021775625096 0.8302395160266998 0.8140676461448922 0.8327370925488665 0.821390350191974 0.8005145017500184 0.7893413326967104 0.7869917652611221 0.7869953743442006
0.6183791274170972 0.6504519510858761 0.63037436856928 0.6442237318480888 0.6197262333393356 0.630271101741928 0.6229995179197338 0.6571588819541976 0.6391362255078054 0.652439110340696 0.6519268483190983 0.687167797663059 0.6921310587517279 0.7054784103358005 0.7555217761585822 0.7867496665851721 0.7998416883557768 0.8067279397968995 0.8146005855087842 0.8055323165800987 0.8367718081333525 0.8710450937688541 0.8790905577288052 0.8798023468784998 0.891002315751096 0.878589216442266 0.874333702194446 0.866828129376394 0.8791352879507984 0.9064013395314683 0.8799431643051071 0.8787440985415707 0.8512134648926666 0.8316821146001016 0.8196780320775645 0.7933237614607668 0.8155863409577288 0.7946844931345345 0.7937006522973742 0.7667252616888157 0.7625905835134275 0.7617944149126015 0.7715117550836853
