Raster_benchmarking/DGGS/continuous/raster-287.asc
NCOLS 100
NROWS 100
XLLCORNER 1743161.5663487213
YLLCORNER 5469290.637028915
CELLSIZE 10
NODATA_VALUE -9999
[rows 57 to 75 of 100, columns 0 to 42 of 100]
0.613953640651043 0.6525846190616293 0.6446761346996215 0.6214656887018168 0.6365671885373236 0.623290761214069 0.6414430185121421 0.6160598900249752 0.5864196476407703 0.6071020974122308 0.5821121093529981 0.5965918117083948 0.5854599646828555 0.583822407637219 0.5691412182790373 0.5759164244848431 0.5587097722359706 0.5741266255331011 0.6144643659552839 0.5963340648930922 0.645400081560982 0.6598414229378895 0.6331424766793013 0.6363151729055089 0.6242271927561149 0.5869577013658263 0.6024717275197271 0.5602602259735839 0.5298673622106348 0.531317643718885 0.49124998681743925 0.5310888134283583 0.5662069124543455 0.5809893315843161 0.5989566715981883 0.5483093521842677 0.560303558898584 0.5354111455599372 0.543129427903368 0.5788275952034888 0.5857428788752189 0.6021503298419056 0.640418051947286
0.6293180399593005 0.651859844869123 0.6855641490071399 0.6734499539266711 0.6454470829055543 0.6596151297228668 0.6654268805460999 0.6170646350059561 0.616742919158787 0.6021732538840974 0.5903707386477055 0.6017280022853545 0.563940675908646 0.5610205556331721 0.5732377596860732 0.5836177402686178 0.5983412402629863 0.5926634942689026 0.5881253734120464 0.5852894870031864 0.6306835177354367 0.6280438288175799 0.609162791157216 0.625920114221281 0.6178709102947886 0.5630125372685579 0.5596520588612358 0.5384451561903515 0.5123360336976688 0.5202042788263751 0.5264165042620498 0.5229679874857167 0.544291338768144 0.5251922886429894 0.5152790569355677 0.5303647433218569 0.5418059836410324 0.5639940462057697 0.5621757437197223 0.5706936176666924 0.6091353707093666 0.603900453939852 0.5851547027391382
0.6854937183685812 0.6828879149542766 0.7213055278693763 0.6877031601694643 0.7073474890180999 0.6983491420367133 0.6935493468694969 0.6684048574283016 0.6382813924310973 0.6174268496829414 0.5909695088174401 0.6069551212779596 0.5729505086343463 0.561254786884148 0.5593493729535447 0.5919871443823922 0.5574071639284393 0.5577677401936779 0.5751950495542905 0.557287210843482 0.5819964793437181 0.6279371187423499 0.630386464947293 0.5969735777869934 0.5641227871010775 0.5496952320194249 0.4826100409391706 0.5086084346781699 0.4747824879226664 0.5132184968559844 0.514822617283143 0.507557449622918 0.5124004314199011 0.511267203334043 0.48982949235534334 0.5570218993982494 0.5580717191630169 0.5802424211442447 0.6023067169979506 0.6164537936102276 0.6044910299738231 0.6035790877217824 0.5746888676849806
0.6897832557446967 0.6850520912887145 0.7006143704362806 0.6770442242450962 0.6855617639877282 0.718950852014221 0.70220491052067 0.6414648343443335 0.6187741636526553 0.6058059800959834 0.6273209759987277 0.5924313167384647 0.6026719587424288 0.5789752589225091 0.5745761847360756 0.5656167102208745 0.5907840792869093 0.5814057173211707 0.5545171591232241 0.578450804886508 0.564707200684935 0.5859543138905141 0.5856553628366022 0.5752964811891026 0.5369057393955389 0.5175737396962018 0.501519821703132 0.48051817224565635 0.5081277345068372 0.5122037474295172 0.49493185158255243 0.4986212061549977 0.5042363357065679 0.5328619831835507 0.5409450429010033 0.547965476632516 0.57258537454063 0.5810430226002077 0.5971534983579779 0.6150183844749948 0.5993653239944995 0.6104601221822427 0.6016113742813988
0.6953136611535482 0.6661794321114394 0.6755962269356143 0.6486346789102644 0.6729172774703578 0.717577880038162 0.70398350187619 0.6590055713976936 0.6200147742256767 0.627277200373355 0.6367422252181879 0.5983371552085279 0.6119920433051338 0.5654915711208701 0.5691628068848298 0.5593836787601626 0.5835008572446337 0.5640401018479709 0.5701202874023693 0.5746074520455164 0.5638855605864762 0.5684889038023418 0.5432651282864495 0.5275363665371708 0.5508233970401205 0.5544470718610465 0.5180280757466714 0.48318647970324624 0.5111805279839361 0.5098599987812613 0.4809247029906866 0.5200172006213507 0.5402409279274151 0.5423398747649697 0.5329858429190932 0.5352953800897815 0.5885114757512248 0.6142098609949584 0.6098238677701452 0.5876095671313868 0.5721601717477094 0.5890570518093248 0.5996662238975202
0.6942652902977594 0.6952159703377155 0.6794390669562927 0.6496578428622686 0.6780105507335252 0.6904054549570938 0.7001251044300114 0.6665964086555578 0.6268567123532657 0.5937055170888804 0.6328170146809584 0.621480752970131 0.6213526549825916 0.600582964980369 0.5888723274156696 0.588135259232499 0.6043612146942313 0.5806964498835375 0.608821390721865 0.564061036747262 0.5641168888176111 0.5433185191574671 0.5567285589329726 0.5330663028484202 0.5644352358824516 0.5451949927468329 0.5475990354648135 0.5186837372478741 0.4941904767608682 0.5175836365739647 0.5003623955507529 0.5373233846026004 0.5569390504586642 0.5452843832739483 0.5276909691354129 0.5540159727549623 0.6037687784403281 0.6402396346174445 0.6185909589461482 0.6117178398021583 0.5931937399650031 0.5831672180549055 0.6024154001551953
0.7497309763235439 0.698822692415206 0.6715221726345153 0.6488687441086286 0.6743190689514508 0.6673619905692291 0.7012036628784124 0.6737749823042402 0.5873120143163918 0.6148586128386897 0.6052884853024322 0.5787962527176572 0.5881073624980576 0.5984860971257523 0.5747895098236816 0.5968156609730405 0.6102743548146726 0.6089764484026075 0.6318241531455597 0.5862092071739027 0.5441711833684607 0.536261481409656 0.5389597020087645 0.5461777972446377 0.5576713279359892 0.5767825840978775 0.560778955577899 0.5191296966654415 0.49313891311506525 0.47816783346912556 0.49795900336982785 0.5239992067682745 0.5435532198839295 0.547436991743064 0.5421943271775753 0.579865835669289 0.5928833450680835 0.6219406834016877 0.671230303402555 0.6079402045671105 0.5809758781838661 0.6001484932345843 0.5971260648790718
0.7021090741628973 0.6875040847383729 0.6620500019389962 0.6559060955268712 0.6433773038624401 0.6654211353662896 0.6885840112795839 0.6367629221391413 0.6132456315516303 0.6150073331212097 0.6078387782835377 0.5740099161604542 0.5811638337942124 0.6038170427626022 0.6258218187794483 0.6358235915007169 0.6235422336091971 0.6065753903162147 0.609192558549509 0.5795965677636027 0.5635821675403124 0.5437444464632942 0.5795060341693743 0.5768143259538359 0.5668841317662842 0.5460680759308145 0.5482668731487905 0.5452145763907561 0.5406531517720702 0.494272528179011 0.5016813836258088 0.5136202963567376 0.5678992588866383 0.5853133808943112 0.5759846279134331 0.562018785757904 0.5649174550936427 0.6137929644959106 0.6603624609299292 0.6363893237512689 0.6376069268297866 0.6371059842342932 0.5924455912523009
0.733293996332869 0.7057460860562722 0.6846943526209213 0.6622394431251932 0.6340624825076817 0.6694403803220746 0.6621726914575949 0.6488331758773428 0.5937448369177082 0.5839636695192134 0.5889895867520483 0.595145626137409 0.5994809091023088 0.5999196744821124 0.6165824131091242 0.6435249039215464 0.6478369216957105 0.6055726231111477 0.5851816300317739 0.5817671872564545 0.6013920052767524 0.582071595500628 0.5724798076433217 0.579095993509894 0.5682854391254324 0.576010059350919 0.5431921029045289 0.5453666674524873 0.5341092590755556 0.5281270914093386 0.5206326982193181 0.5449124775100997 0.5685521581071035 0.5933761845109629 0.6004746501886598 0.5873515748023117 0.5886277461126638 0.6036510312109052 0.6207729512781781 0.610048743940798 0.6496972747739223 0.6310335331820002 0.6411081509390238
0.7182118622020081 0.6761938490343897 0.6844305430044596 0.675006876734595 0.6413570760144257 0.6303981325278261 0.6295345847895149 0.6352130826264558 0.592187057489344 0.6065059692327 0.6074346725524603 0.6033037293322956 0.6279550199980748 0.6439863740445319 0.6409344701547094 0.6395483600417999 0.6165231041913136 0.5913394080158215 0.5996418703480767 0.5810028584854479 0.6235202273654246 0.5961492336527353 0.6106644323726184 0.5954355797914503 0.6137965892468664 0.592222591305986 0.5676703497193729 0.5790323588143688 0.5468098822966414 0.571779806866454 0.5805027104626594 0.5688266413395422 0.6161114835022239 0.6535922107263993 0.6528274302337876 0.6615946255799354 0.6195115128350651 0.6503623155372305 0.6186168574223082 0.6089452082649225 0.6522268965804942 0.6387472727941382 0.6333510632900382
0.6640760303672267 0.6868045186960373 0.657510337738888 0.6716544944054845 0.6307899529976152 0.6687952245740002 0.6666896697746475 0.6339792600623001 0.6156797494849794 0.5726783464447662 0.5615994769448579 0.5950627757922429 0.6473021082022604 0.6585050203087992 0.6483298413290761 0.6243732370002905 0.6403184337536563 0.6260900203871788 0.5779580024234354 0.5770897031646862 0.6176575042070028 0.6449911511570539 0.6459597882195159 0.6242440973312451 0.616512788191142 0.5821647470600042 0.541381539538823 0.5573625916050575 0.6030388841972086 0.5816155324719796 0.5853433309341484 0.60515617844651 0.6518722692407732 0.6432987891775078 0.6902163723012482 0.6992863204364966 0.6796445048327567 0.6300908703679888 0.6182825109751396 0.6288589944046896 0.6473276606102667 0.5872916964525634 0.5725435690611093
0.6436437074951183 0.6588713627528369 0.6734699510193815 0.6335840180915339 0.6156567850133513 0.6460746328782677 0.6182369375955967 0.6418762417107218 0.6022763113677666 0.5655540663596497 0.5604301190229773 0.5807946397595131 0.5992335136138845 0.6168538478113761 0.6493784019981877 0.6260530398435226 0.6066153128700478 0.5946120162423106 0.5714750534986004 0.589111727656706 0.6232272789955946 0.6375226359127942 0.5996704690124304 0.5977913232320622 0.5938455541786033 0.5710298982368659 0.5785509020355941 0.5756422935738678 0.6040588808826687 0.5742329915355269 0.5721074516845229 0.5988943261689678 0.6198328143035245 0.6674130922140079 0.6806721198247966 0.6623644545529848 0.6456291150646516 0.635559048520441 0.6481128047423055 0.6647124407417662 0.6299427525634507 0.5888004025133795 0.5623079662678093
0.6314718850454627 0.627611184465606 0.6517862308176605 0.6349304520417413 0.6063518373388577 0.6308124863139492 0.6104747838656076 0.5730338600817184 0.5768663749916099 0.5396930961016684 0.5462021145493388 0.5581977186715441 0.6076327318371862 0.5955732969717179 0.6243179739944612 0.6397138189591622 0.6223596238868042 0.6302907967262242 0.597038448261551 0.5978515688462999 0.61548679886332 0.6322834384978889 0.6105238287906539 0.5908996336117044 0.621941401310426 0.5896084961665791 0.5979112377761697 0.6048784056569317 0.5928576330744595 0.583990434426561 0.5771853609324249 0.5915699970264957 0.6230331531142114 0.6550288629737878 0.6561811081516213 0.6361840082212458 0.6557041257360149 0.6404445340835392 0.6702644129538007 0.6446564016377688 0.6349492797854095 0.6041677778103951 0.5914672424715295
0.6190424702681149 0.6265897308623726 0.6424377278204019 0.6233083623743121 0.5964717972625865 0.579998061572473 0.5476960468284511 0.5478972992102606 0.5314980023942264 0.5216090162722427 0.5677460258794169 0.5711991763285008 0.5819827555085771 0.6020455772088502 0.6422227372641686 0.6344046379771936 0.6294155427247458 0.6248467504763104 0.6285264270126496 0.6238205898193083 0.6258468920948255 0.65106105762745 0.6019935514932767 0.5941840296884469 0.5976802969280731 0.6059100365339782 0.5921763893294134 0.5683024514037416 0.5768416672452158 0.5764708554640678 0.5794501436390245 0.6076705400404726 0.6290360936098119 0.6238810905092632 0.6570830327095792 0.6543547215692278 0.6534119706678745 0.6917947013966254 0.7130735919639923 0.6787232374474257 0.6865948541081714 0.6370914722775985 0.6180644794558514
0.6291985733730293 0.6423829387239528 0.6507289759225908 0.6257909564865182 0.5959242821178615 0.5577343297405541 0.5291499907257149 0.5305407181614799 0.5223665520104135 0.5131313963267399 0.5347684223494865 0.5228062458708267 0.5485186424415879 0.601467887282365 0.6209215558991649 0.6170474762197397 0.5964527088555521 0.6215127117095068 0.6687808326119901 0.6672857476241607 0.6712273886750619 0.6789366973047786 0.6518660129928402 0.607604966883677 0.5858162686640288 0.5831852257377568 0.5840375703015867 0.6019746944388703 0.5929241652749747 0.6138060339783572 0.5777716666954786 0.6218876298464587 0.5933450082069532 0.629070948283103 0.6729300279571311 0.6651541124973377 0.6495953426100357 0.7143744397422885 0.7367477309672873 0.7198283677171478 0.701172521708179 0.6916693067808214 0.6931007739506283
0.625869146301199 0.6429119946715425 0.661485528524649 0.6234576930583997 0.620606234581184 0.607201732464363 0.5604320875115799 0.5883779531158622 0.5693011434771105 0.5562357767956823 0.514972884451226 0.5180887741398682 0.5274170229558727 0.5805575586484302 0.5853851240240372 0.5771500887362646 0.6185609816659532 0.6464523877493465 0.6903627038364425 0.6833587552426793 0.6584140177127118 0.676877307058516 0.6453445116801494 0.6317510436223808 0.637263733948661 0.6329485477744912 0.6161262278422763 0.6201894967187761 0.6357374499073101 0.6198209758437494 0.6309209831243604 0.6169302432795812 0.636264021379199 0.6831723445495497 0.6935101423201169 0.6959696968176885 0.6661762084632951 0.6919262096574181 0.7236251685289479 0.7284759010019581 0.7057111290401635 0.674337403411824 0.6874740261856408
0.6404316381255406 0.6490653001220411 0.625019576329162 0.6440070337819731 0.6348225607285486 0.6266370618433472 0.5850278658330577 0.6182839386590782 0.6140026478719796 0.5671060147008826 0.5428719607343108 0.5272502092321906 0.542845058264323 0.5655565254286586 0.5475492001776079 0.5990207820099679 0.6183785522649389 0.654427611015456 0.6768997383154871 0.6642495794007739 0.659217092128584 0.6765680207731762 0.6501550009605173 0.6582534656212267 0.6407038973539776 0.6095019618160977 0.6403084634488243 0.640374355187775 0.6132947076626755 0.6511341951346665 0.6394413014489851 0.6665213356461515 0.6531251847015714 0.7129013745443182 0.726817599977694 0.724602370732401 0.674624735846235 0.7184767344218078 0.7359585622351216 0.7172306705758325 0.6725274564231654 0.6850508638226328 0.6773979607107332
0.6351482934027877 0.653253933395441 0.6364314517195314 0.639646431450276 0.6360690330945504 0.645552694237524 0.6463855495781056 0.598351803458237 0.6079812459415205 0.5911002379006236 0.5676225849378062 0.5349184510696892 0.5358033836755786 0.536521855801075 0.53312124572516 0.5570742992658754 0.5834870923474075 0.5973252639394828 0.6223716113757596 0.6705267569158984 0.6568694114651923 0.6468999658285702 0.6231644955349164 0.6396846122734405 0.6062989038100418 0.623441054076709 0.6133409537992907 0.6602501584245907 0.6412352912523752 0.6621003380800833 0.65608332070751 0.6881342767754437 0.7077290952811709 0.7008205626929868 0.7371915041609983 0.7291856105493231 0.7054052386573105 0.7293222786969275 0.724621209086962 0.7120172769508328 0.6969743285523508 0.6737124398053241 0.6774904289904216
0.6690704682053643 0.642340083860162 0.6722071631482717 0.6685237433641883 0.7037737184940352 0.685257890228371 0.6565591353322687 0.6036280703883105 0.6087060547303111 0.6134161468602293 0.5659828372443504 0.5382112693471428 0.5248712325463661 0.5081512659663778 0.5262131427476762 0.5523362506325473 0.5652852622396686 0.5592960725930372 0.5961292267243208 0.6334205817250829 0.6489233391092223 0.6381963814322513 0.6206486317356725 0.6316879514091439 0.6151821952334854 0.6216914616417613 0.6307301187175998 0.6647872369868318 0.7133960806472812 0.7076215267326653 0.7151427117083411 0.6898746939622502 0.730021384006838 0.7461819464299605 0.7589590531566626 0.7220123341844783 0.7192456762878507 0.7296244798207313 0.6974755269330228 0.720935408975583 0.6965217627951891 0.695310044316205 0.7036243969426467
