Raster_benchmarking/DGGS/continuous/raster-113.asc
NCOLS 100
NROWS 100
XLLCORNER 1743160.1156062267
YLLCORNER 5469280.3976735035
CELLSIZE 10
NODATA_VALUE -9999
[rows 57 to 75 of 100, columns 43 to 85 of 100]
0.4954139621151607 0.534316535710389 0.5265564321005163 0.4911286627756162 0.4945845792618666 0.49186705854405965 0.5163928092413581 0.576056635417496 0.6016206328912314 0.602059449135618 0.5899516376064037 0.5750860357067252 0.5728411271558226 0.5886769063419723 0.5852761067467104 0.6024207682424264 0.6055213872806768 0.5988731490194036 0.6271191078431055 0.6508004585097071 0.6783686048061237 0.704663583190936 0.7055949306884015 0.7217481220398275 0.7470017137637031 0.7435503095480699 0.6971667398811746 0.6809667860015677 0.6561486911302329 0.6726279768246839 0.683034051696927 0.6802589138204884 0.6734396125912614 0.661851950793082 0.6798227187720736 0.6906934119555856 0.7188245793976138 0.7114686189587024 0.7223589401746454 0.7482367543350571 0.7535812669388359 0.7482153744879665 0.7407993039090766
0.4709327250845302 0.5082295254042632 0.49747482257892284 0.47960304581960356 0.47372340298589993 0.475993515120967 0.5011082549590511 0.5232286892699125 0.5587250643637549 0.5717668886871634 0.5615650933764864 0.5562652648566287 0.5721126455641578 0.5496862469483759 0.5734597528254864 0.5782628572553756 0.5895385960163267 0.5945873185754659 0.6140295771331651 0.6564212808863159 0.6536496238582497 0.701039343175752 0.7161229414759457 0.7284868577929081 0.7185547611068537 0.7388142949360016 0.6893856746154816 0.6632286161783431 0.6754235225794002 0.6341687957660415 0.6575789496395571 0.6400902171212549 0.6322475066838302 0.6639058678836481 0.6514513913668775 0.6593700265616709 0.6958211183403074 0.6732639341023992 0.6998289624943725 0.6933166048906956 0.7011991780996749 0.7542179554464651 0.7327986865298852
0.4458333997168484 0.4729995014318202 0.492254565998045 0.4750297971797297 0.46782447439728786 0.49044260517164856 0.48750567045495624 0.5090758800419272 0.5295511021046725 0.5265490958070617 0.5523816204032164 0.5720063551260549 0.5605282626992599 0.528873643999128 0.5199424429647069 0.5398365598984296 0.5478602613990616 0.5717474416598434 0.6146515587104039 0.6599528452553975 0.6529183552199621 0.6948928516229994 0.6937297059217942 0.7021962763091353 0.7367848757821392 0.7177776468945097 0.7087098151206588 0.6921462262790166 0.6649816475964236 0.6487080409969885 0.6509827656165124 0.6540150686779435 0.6359452082740483 0.6632520182978193 0.6605902543650326 0.6355921012122309 0.6592621224530584 0.6735748386287589 0.6838819221570427 0.6674750825275831 0.6886146507090887 0.7046298194286775 0.7295416082337888
0.4552674606762705 0.4973974795460742 0.495836708990745 0.49743221212090755 0.4879887340537694 0.46108486824146633 0.48972858966481353 0.48938445329006885 0.49492700528416955 0.5307755033293382 0.5189092617216695 0.5332562225801473 0.5269298180212016 0.5173063721559331 0.5102115700947732 0.5014537729901819 0.5136136581983815 0.5697675185880438 0.6314607603724659 0.640491072259472 0.6477682969672385 0.67855973899005 0.697601483465516 0.7160207389892522 0.7008378013451958 0.7115908328019631 0.6908508803981434 0.7018648365926415 0.6949537884080376 0.6757268143806615 0.6596002300549988 0.6785916449560626 0.6412061640342404 0.6274292086184048 0.6419202616096087 0.6198671606713155 0.6599114824735537 0.6512162606939222 0.679200410347375 0.663343541845871 0.69742566324108 0.7068954262730491 0.6904110491181239
0.4061103218585482 0.4596571410530929 0.4675660341139885 0.46496507994265024 0.4663634090099715 0.45217249022650374 0.4777317085764056 0.46637771306751263 0.4720549207550756 0.5061132636154508 0.5115273732866608 0.5075823788866253 0.48215077036482024 0.4815572364552935 0.481758019902387 0.5037052877673968 0.517985775861191 0.5739350539099943 0.6153445237670944 0.6449044817690901 0.6493546993781895 0.6353642690604837 0.662012669083901 0.6702146806456867 0.7078890699963116 0.7012313132859993 0.7156865924878102 0.6942795575935404 0.6968867951282245 0.6470721842464143 0.6470160616644353 0.67542240085469 0.6508465526633167 0.6321514973829074 0.6297849743683618 0.6298925731376256 0.6369558667237809 0.6578570869108598 0.652603480481275 0.64265073413494 0.6775628509566576 0.6915185892373423 0.6649549113714612
0.38571124018577196 0.39909737365488573 0.4248611671409524 0.4220995243713111 0.4104782315979951 0.4236257762112807 0.45102573399672624 0.4658032120519309 0.4485060811610642 0.4828979898275024 0.49002500687882516 0.4854796230179227 0.4541256813129577 0.4510234143714492 0.44695718474145163 0.4802602082088152 0.5097512217111676 0.5788492707672347 0.5929480250455901 0.5957106851616569 0.6431861599779233 0.6379997903568629 0.6485582776418098 0.6778274579573674 0.6868351322371318 0.7106164428387013 0.6805333080449151 0.6938358720703925 0.6671742929189894 0.6466032870786641 0.6477528393734603 0.6598047009502183 0.6472726274131099 0.6333864705674919 0.6212889899286285 0.6392909742421523 0.6400580265297168 0.6574492203457684 0.6331130524679893 0.6626599671072039 0.638574621138662 0.6372984527346246 0.6479768561271003
0.4127235455868507 0.40046898193676456 0.4037209777594637 0.4099748100189799 0.4032643327133904 0.44177747560834085 0.44542107214698756 0.45885745961940805 0.4351977856716166 0.4598660479488567 0.4502496287090628 0.44714126360337714 0.45939971573176835 0.4370955022942588 0.45007537100547584 0.4640834296354348 0.49519654548298625 0.5296540647269137 0.5757241985772965 0.5615362478452319 0.6080127545561842 0.6420393708926849 0.624769169249298 0.6344262846759916 0.6431250659628367 0.6610836383432948 0.6503564753447816 0.6763847237735834 0.6638183400566505 0.6664024734154329 0.6424162276473748 0.636712701177815 0.6677843229613998 0.637420611324285 0.6500785428816737 0.6544621589281022 0.6268097736121496 0.6226988809565617 0.6400963189899843 0.6445603218438904 0.6435282511051467 0.6233662677811008 0.6091765245053323
0.4416431581819776 0.4149784675533757 0.4149655680396204 0.4056346458544343 0.41924589505225046 0.41430746785681777 0.4146319268582097 0.4110650109172792 0.41103118855577736 0.4184538179755282 0.42994879985631385 0.46234927559670425 0.447447156973148 0.4392181597793159 0.44895105513462313 0.4745846224100938 0.4989196662941542 0.5324816515234724 0.5629685653965844 0.548466258329541 0.58042214524955 0.6349594929984634 0.6293461877877176 0.6084618899673984 0.6146593653766955 0.6501626033389897 0.6454830450899862 0.6144774485900801 0.6489936114279458 0.6402656504856922 0.6432072089309161 0.6281129135161478 0.637917402962734 0.6736302395632465 0.6278527407608491 0.6352662716727924 0.6184045644302488 0.5771829851512894 0.6078547218892979 0.5903821507459687 0.6197932078316637 0.6228955266248006 0.5901426529467368
0.4382554305348469 0.4215714736898373 0.4123576629943212 0.3936273634175702 0.4147328830049711 0.4183250671833938 0.4497825520900735 0.4308047420166132 0.4274628708776218 0.42733457759581883 0.45382936442731014 0.4503464140170513 0.4343998644597093 0.46825929063771954 0.4725226968226734 0.46147853477877343 0.5008056858904916 0.5333395481579827 0.551822478390309 0.5460546907295941 0.5677739815283994 0.578665184164269 0.5867715636608549 0.60810802050669 0.613174382786243 0.6215107769659343 0.6153333071344693 0.5913868593886691 0.6236286160671273 0.617951242788188 0.6096572794128888 0.624523662687255 0.6113886594655713 0.6496539124524878 0.62484081071337 0.5895452379931041 0.5910235032328665 0.5724756379183877 0.5629714909672369 0.5788004563191208 0.5804685656018803 0.5713239698198874 0.5570920844338362
0.4491371912400344 0.4681116562195801 0.455662677168727 0.42001379413245166 0.4416831534717832 0.46510360434178444 0.45036582150628823 0.43004187076627587 0.4522343980496452 0.4320152148797828 0.4401284333032826 0.42953364413910533 0.45890369782815693 0.4703739290008163 0.45414471128443484 0.4694513771779614 0.505423270631091 0.5366968814853309 0.5206815486222454 0.5490408270354434 0.5674145559447519 0.5376835857527437 0.5471372427368093 0.5612868665946174 0.584984337301155 0.5557454882884235 0.5803185393701248 0.5975558136935976 0.6226032521126434 0.5932792888982661 0.5958588714836277 0.6100863017405838 0.5945324418777042 0.6042843693313054 0.5760042682284338 0.5482281335463047 0.5504663039398289 0.5545443561383417 0.5521650352029724 0.5605524997718925 0.5384677286594693 0.5138520560840065 0.509325927946486
0.4338300936051962 0.4712056172496154 0.43711084225694125 0.43789009183695343 0.4652451724813573 0.44194102799479035 0.4659888304253848 0.4577591086213758 0.43766568227984454 0.4429522086451993 0.4616452442238263 0.4590664273262623 0.46898357783196953 0.45857926944119737 0.46657032693317274 0.48522033612880144 0.48747529274005985 0.5158823577237829 0.5156338862616598 0.5178086940421335 0.5534118548721368 0.5390382192911201 0.5388545182064878 0.5326907282548041 0.5558520089890022 0.5506766339825876 0.5698687099419772 0.6088155472559957 0.6145576817647468 0.6044728546383175 0.6015788763681712 0.5700116944595298 0.5642898670730689 0.576407204015596 0.5555576941708301 0.5434443517994456 0.5599860021462272 0.5489862997438956 0.5362360926111558 0.5406565869516786 0.5119448841024815 0.49783599908312265 0.48922748769661384
0.4177243522858999 0.4646586495342741 0.42567064451999653 0.4541583970704364 0.45913945552899854 0.45405554981685564 0.43490259205455944 0.4534472869111016 0.47262318475680964 0.4880229861958505 0.47642706205821705 0.4470932089401025 0.4701424476412886 0.4463487541165873 0.46361073456698665 0.43407625861491433 0.4514400254298628 0.4771498004485268 0.5008553992457534 0.5225019089802052 0.5182072105115226 0.5297588879037657 0.5355692665043464 0.5305867641363144 0.5485626481389707 0.5231832386924726 0.5466326867413072 0.5670169127218149 0.6025817927820118 0.6201482923636474 0.6180992262428864 0.5770212646084745 0.5716375056085113 0.5494135738659637 0.5504878669026134 0.5413065440728752 0.5346578175157651 0.5266053442010955 0.5098029646453345 0.5264967671447431 0.5081325190175481 0.4513085502332045 0.46538281128409964
0.4290286832007504 0.4173333960224032 0.4256536654074882 0.43046960872651074 0.4452483335180009 0.43975065789489465 0.4334825778404356 0.4358659435649214 0.4643430302926337 0.4680246891289808 0.4676135816657924 0.4767973747679919 0.47555345826867396 0.43772329424409 0.44482912211948783 0.4311668494866316 0.4542035543928051 0.4638497410897139 0.4533287559189509 0.49760195821278574 0.49667906895659014 0.4949880343240368 0.49634237060717706 0.522934789083305 0.5100961609334689 0.5158550922907886 0.5139555752541892 0.5433147858385643 0.571618095802299 0.6049193147590102 0.5962711150522516 0.5593215607047973 0.5653055404134422 0.5406137251590316 0.5359744150413466 0.549167750809236 0.5046086711720602 0.49005719337519527 0.48315175901318125 0.46749487406945234 0.46844162141623247 0.4489007084512564 0.44589599360813115
0.38845942475184037 0.4163778868073992 0.40651555032389575 0.38874181205151953 0.4165285035663053 0.4114461153667531 0.4224225731149844 0.41009766777366585 0.44964850687161834 0.4931192789891219 0.4817936069473551 0.4921230954583789 0.4762544016666287 0.4569721647900851 0.4694348739269714 0.44774696556005916 0.42617467985458785 0.4376001091862584 0.45684683013568883 0.4421435317832804 0.49039935661433537 0.48069246321909936 0.4657648698037901 0.4764416720479577 0.4982828833877186 0.5111780757954547 0.503681396115285 0.5340526077341435 0.5291574248215074 0.5780376411799734 0.5680204819663109 0.5444788013216116 0.532901039953512 0.5212802660006286 0.5319923180861259 0.5301004670110404 0.4965582023673051 0.487026422033078 0.46888568117965757 0.42810135261659205 0.43087656385860573 0.41951868012972166 0.4342402690668779
0.4030579590477937 0.3977089781507743 0.40093328840657183 0.4180086214872787 0.41853647957326523 0.37997008333304555 0.4000716987939407 0.41729341840680445 0.4241708279933285 0.47468571569867946 0.4721525892665261 0.4598275986717238 0.468072620966956 0.4373991628930748 0.44972036293580625 0.42833688519862223 0.42734840803495544 0.4353475761941415 0.4334127035626819 0.4245593628758394 0.4556640462687812 0.4558327429441606 0.4780858137140094 0.46302879368071 0.4823945915802218 0.5036756826358982 0.5152694308155648 0.5074760138641095 0.5054252688785872 0.5328988027473871 0.5344931290139395 0.5204709250251001 0.5068331221536645 0.5202322158381391 0.5137221519966013 0.47650642541054383 0.4938614006650539 0.4788587554689045 0.463218023455005 0.43180921738379063 0.3910426784779643 0.40138420796469326 0.4190275703771701
0.37601398018017584 0.3920651116596878 0.37913457576456366 0.4136464871210236 0.3996245979075896 0.37444685664665456 0.39875833008867906 0.3898167070447553 0.3892794615147504 0.4380340930508447 0.4588228121823307 0.4325328717688406 0.45325303695964864 0.4587732715088768 0.44293238243150734 0.45157054496389687 0.4082624606922657 0.41866877475403524 0.4133558363075692 0.3980998646140316 0.4321957593861276 0.4625358675737944 0.47411547888083194 0.45951592214145237 0.46593539395009964 0.4728120028133493 0.503893347031933 0.49534886236633335 0.4615959040976452 0.4838427636505476 0.4814505766607034 0.463273160410908 0.4896814632588384 0.5242249334409214 0.46723218578077624 0.44701624770219905 0.44575026814056357 0.44227458546441223 0.4407730578529477 0.41466001087498616 0.3722321718546995 0.35195682843946535 0.3743278057598146
0.3341134142726292 0.3787501137967299 0.37807843596390883 0.37930646786137545 0.37890170033209936 0.3671453373265334 0.37172370734782173 0.3614527595991185 0.37752797249020775 0.39186825637612327 0.4121935071382182 0.43441677835497783 0.40652143648202704 0.4187848511009657 0.43696287627164404 0.43095443743663414 0.4047817500708957 0.406235922343019 0.3885999140700731 0.3927462608134006 0.3948713786534827 0.4264417302132157 0.4419600389668627 0.433383143747875 0.4507134728094855 0.44514893222182594 0.4469088150806798 0.4448027626254339 0.44004996663399293 0.4259052942635738 0.43874898252002403 0.45675043102681356 0.44829995933106964 0.44271274058012966 0.4528822594808141 0.4514114534321985 0.40283098664010625 0.40186582829064565 0.3994296663805877 0.36938602929614794 0.3583240543668659 0.3488277788212275 0.37089918588641013
0.29406242987876713 0.32490907605353125 0.33428620431661693 0.3552623376441 0.35999430015684747 0.339726815450134 0.3611372333682267 0.35664726230488353 0.387772308323938 0.40679585428764786 0.3984928015912874 0.4090949887311663 0.4065853072855591 0.39289899996504934 0.372814540390766 0.3842760295051548 0.35279994937841463 0.37622864303014164 0.3657515997933886 0.37584754561542216 0.35502628332774105 0.3809824071671717 0.42989796165258165 0.4318355547993412 0.4167344572364905 0.39436519222514055 0.40367211715837703 0.3832888145143253 0.40539899479412606 0.37101678738961585 0.38078838474216375 0.41932835437351734 0.4364184641790715 0.4070940457832517 0.3999991008730908 0.4319824438450257 0.40508594596691394 0.3718456846587517 0.3723217432473276 0.3470198817940809 0.3480733460032165 0.39398941664380754 0.38215310418114345
0.3009331258057244 0.3206771280696998 0.3114559854314122 0.31348079287221214 0.32302466164096927 0.3080350479171207 0.32148428326118045 0.34166808277852323 0.3851913138457577 0.39800740428012166 0.37112893677113984 0.37638650261113576 0.35481924387080593 0.3537969340861134 0.34056479972079895 0.34100050439595225 0.31747684744501936 0.3196916726650044 0.31751202200023565 0.3211281905634344 0.34717171785543033 0.3484268757809931 0.3834581106112904 0.3798311231724331 0.3879840682708301 0.38505416084517086 0.3495607870573597 0.3823095374107819 0.3502425417746116 0.3791231062492889 0.38033905317102895 0.3805845615050307 0.39564037544804515 0.37244490230177146 0.39363973490577914 0.41416509890922815 0.3896636135348164 0.39001560525602136 0.36967201718354104 0.36638956191040234 0.3549617551953539 0.37303134745478234 0.3930942777552915
