Raster_benchmarking/DGGS/continuous/raster-385.asc
NCOLS 100
NROWS 100
XLLCORNER 1743163.2978054548
YLLCORNER 5469297.371109086
CELLSIZE 10
NODATA_VALUE -9999
[rows 76 to 94 of 100, columns 43 to 85 of 100]
0.27734711079911484 0.3016499341863711 0.28770821190189694 0.3293416033406542 0.32387990296163727 0.3152746763989434 0.33593069502926487 0.3218094496316187 0.3344763562543323 0.3692650851034523 0.38068869322157867 0.3901009771270707 0.3878757790795171 0.3925958213693988 0.42080828736087256 0.4214695379716722 0.4387463542457049 0.4305782275835321 0.41671082524261077 0.3692359356904652 0.37504266034502504 0.3530655722571426 0.3778987879397272 0.3776296278488684 0.34404019543138675 0.3625384797518838 0.4114128705464866 0.41143496077470487 0.44004500676287456 0.43478653485995494 0.42087708998221957 0.37232184385382777 0.38191331738554163 0.412037925141893 0.4397220654479599 0.4294520670747927 0.45062014602086864 0.496264441033374 0.540524187766537 0.5492146347898382 0.5558274965796506 0.5112976916182717 0.5325077535438442
0.2634134446759991 0.2527418564311326 0.27452122775883353 0.29602075837983405 0.29302110114563956 0.31098644583711094 0.31760661603594187 0.30435910056187004 0.30184868452641694 0.35576755071608834 0.37153178717121543 0.3752302750936627 0.37953583043673805 0.3546315787054409 0.351366935219765 0.36341086121654587 0.39271441228078824 0.38726467697966993 0.3746013699363354 0.3845707957337609 0.36028906575635855 0.34596390215095 0.3396854879211157 0.3483705363960253 0.34898626126478083 0.3972499642663526 0.4007614901510373 0.40923257199677576 0.41277429542139926 0.4042590903362502 0.4220436393843494 0.41324949230129676 0.3721461065085133 0.3939571989922584 0.3910150936228438 0.3922257782359961 0.4341768652748355 0.45611512987306335 0.5008126420573725 0.49754268181594014 0.5141222794942695 0.5050014125329807 0.5079048099175717
0.2571122262710543 0.2299971555723521 0.2700923891587981 0.283723885720285 0.2900342245719082 0.31559256486609694 0.3092332476698198 0.2591006824325641 0.263616066299013 0.2856055980710994 0.3225693349474232 0.3641347458574146 0.3588449179970195 0.3382982144221165 0.3599651877579087 0.3263012774059583 0.35035764157991406 0.33274274430712547 0.34546981213027544 0.35896251051958195 0.342552766730145 0.3365304960330594 0.3312009383393407 0.3222885606098591 0.3471083629686982 0.3965088906215701 0.3773650088702529 0.38427745448939515 0.3921724128451533 0.39076825038262236 0.4066372077758358 0.3923829329703055 0.3734376781435703 0.377009189668244 0.3956608990988994 0.4076636610375408 0.4221550541569202 0.4471240183526894 0.4612119953473036 0.4918306677603487 0.49212366375509664 0.4469849092947259 0.45804312134705655
0.25747795574849774 0.26969896847631897 0.276146187828406 0.27513426922234213 0.25932913549224573 0.25335868673369655 0.28550779250564623 0.2581449794635971 0.2548279652452154 0.26704690923109653 0.3047813479458873 0.3477866485135348 0.3621007198979453 0.35883791050422476 0.34564479056100444 0.30493924503668374 0.28791434742615474 0.3255431771341081 0.3414796379226693 0.3391465482682458 0.33578388277896254 0.34138816978022524 0.34320031517607724 0.35412793404058773 0.3683079487976547 0.40332778426555804 0.4109812815124685 0.4171793016631072 0.4027286202258783 0.37359280229420694 0.37461975396834823 0.39876196096057887 0.3988651677795565 0.3979439383562621 0.3898207633439728 0.39822146336490244 0.4482217582008647 0.45331713410156804 0.4451391554281586 0.45149874054609096 0.4497000071630821 0.4520927152173126 0.4371934016425445
0.2703587013337124 0.2576473537106191 0.25919336265015563 0.25430943588744465 0.27004685351769964 0.24409658974857384 0.2908924910670477 0.2671684838020422 0.24657752520167323 0.27342300345084397 0.3049167610447261 0.33449793149472207 0.35758083590324424 0.32832054799979804 0.3237926868657392 0.301016856627524 0.30000892425993236 0.2690859445270126 0.2855599163716235 0.3174049443082774 0.2969213565071339 0.3225514090577992 0.338048038648932 0.30618324569069566 0.33987159193613037 0.3762717472073711 0.3660449910497167 0.38916997544252674 0.35746440837878746 0.37172851700126247 0.39601013660273177 0.407115403029293 0.39715204970365314 0.43890157119499107 0.42294327862950704 0.428892450275228 0.4326717611039826 0.45382106223003443 0.4566823708657002 0.4299678817342345 0.4563036726333655 0.4365764625301718 0.40820640984131645
0.24397556950084795 0.2510770979279775 0.24656589344392357 0.23949822387763234 0.26914729890370254 0.25028795721125385 0.2704700936078773 0.2859024353473321 0.2754448829056974 0.2988347680176365 0.32789382938412076 0.34064305919608084 0.3343914726065262 0.35297582469443856 0.3305405931310204 0.3187610076724728 0.31167619033378835 0.2747760278537551 0.2774171463259339 0.2798449757052553 0.2690983182657284 0.24205185071437801 0.2831005406077916 0.30535218304177003 0.3138285074665021 0.3509036157423482 0.37085003401236954 0.36009073798301827 0.35160397823978856 0.33579257707649585 0.3748200124988072 0.381224114128111 0.41695347230081703 0.4391681568003956 0.4358553082449991 0.4395444813080038 0.4531736628905424 0.429690110847891 0.4173358131179596 0.4283443420208741 0.43194887409540017 0.410964298313667 0.4233824078419427
0.27851423830161126 0.2699358617341469 0.23211895961631204 0.2704645848737263 0.2695891960224366 0.21329981765087971 0.2740713031567829 0.2891574416843486 0.29920047662003274 0.3294998887503777 0.34389568699001094 0.34126488331529964 0.3381915849989728 0.3279525934318673 0.32005314243181693 0.33015495801173395 0.32328126239343596 0.2845676081360543 0.28337194676001287 0.266456149757231 0.21489281801994733 0.176138390206056 0.24981729350261953 0.24842282475027289 0.2820519515517953 0.320200324178624 0.3517490365969114 0.3563346829928164 0.3271809950006446 0.33982099611466654 0.32963174654411453 0.35650680298025106 0.3816023478814161 0.43382386687409946 0.45530333134063444 0.4744912269566339 0.4693375047069839 0.44765980790934096 0.4133715537199489 0.3793776172702566 0.39100270460110276 0.41667871129999356 0.43027448640552857
0.263918526581378 0.2368765525369426 0.23133658494190598 0.2173122554182077 0.2410572181568206 0.24123881455857799 0.264147672824927 0.2565221325010036 0.2600731022716611 0.2755149187273137 0.30535835251982607 0.3333389945203653 0.35192522394586206 0.336341743678693 0.3192565355284807 0.32973552546636115 0.3237417854393898 0.3032152306710349 0.30246925591780577 0.2889350406041576 0.23017422861516498 0.2280297649771395 0.23336101031778267 0.26600357303991967 0.2618844426877662 0.28434505256209086 0.2983916102916466 0.3387971103526199 0.315644720769292 0.35314226973041185 0.3425949707224098 0.3575162477660811 0.3881941713004766 0.39732079185083824 0.4316408441811655 0.46724741402086245 0.43854697994327646 0.4203247409066832 0.4081887305125522 0.3670646269789328 0.38638542487954636 0.3893786326218758 0.40949332240954106
0.23324604644451244 0.20016627146841 0.19152988105344726 0.2038875686409115 0.21071301632810036 0.21378725495193865 0.22167388764957244 0.26213545766781077 0.2615297052247383 0.25498727730624615 0.2938083412083495 0.3252246234093222 0.3383014211322793 0.3467215898730728 0.31089378236628656 0.2809790683548679 0.3078717060884211 0.30264198725561137 0.2794615845702952 0.28529068308892 0.24829122492109884 0.21613275796797293 0.22543176044908886 0.22874782324154164 0.28100183844079446 0.2850501298237989 0.32541101646457493 0.32738893394516694 0.34941390914804943 0.33588996397361165 0.37464914280708406 0.38306027012414784 0.38145017623019023 0.3643545966089733 0.4026736084671312 0.42841459201787696 0.39958495808108463 0.3848722630685812 0.3760674639009933 0.34619280847195716 0.35358183933880055 0.3692684848236796 0.39940847437538807
0.22410169128698462 0.2021641661802056 0.181914657201275 0.20210052993873684 0.18845299271480595 0.18514263928934585 0.21218988567464422 0.2527346245394899 0.23675116671047797 0.2559940900812922 0.2648233385015495 0.31114619346518035 0.3216820833097215 0.344204614266982 0.3421873226975463 0.32259773670926806 0.3147449479134209 0.29054907083477144 0.299086661859819 0.2897889625915926 0.25362524679210147 0.21936371432515975 0.23020177598905378 0.2570929814277337 0.26259060996904565 0.2980148735002877 0.32257679884535767 0.31372280553033327 0.3434343051443642 0.32901904512780966 0.3641430138266178 0.3512411584759537 0.37032649444801335 0.35426611485982873 0.3688599149310719 0.39623287131290974 0.3871056800786934 0.36920654994768815 0.32941194281111985 0.32410419667839885 0.3304770896514188 0.35878467662459385 0.3553239872529514
0.20649513458358917 0.19196466865270348 0.2190189534505821 0.20706438087349385 0.18831471201418432 0.21969706203869446 0.24423149622700072 0.2208932598696694 0.2455115538027044 0.24865134878681633 0.25849267703634254 0.3067771765180041 0.3019782704459586 0.3146939650684878 0.3511725163629952 0.3395455550884171 0.2942287969483191 0.28572588887293526 0.2798763077021963 0.24587966508809947 0.24983687020450393 0.24030544365990944 0.20737286637819288 0.23064982658307145 0.24837623538422485 0.30945479080364313 0.30829853282158903 0.32063681535993005 0.305085495869496 0.3069064464493481 0.34592138545906875 0.34874324550883784 0.36769773779274595 0.3733299034217371 0.37035047928395765 0.3546183586692491 0.3298828502866298 0.3222152321119496 0.3304850542266272 0.35360674422227506 0.3329457959090876 0.34388453653751455 0.34867522705110754
0.23012942790164934 0.21756944910882622 0.20716453736200308 0.2059568606789833 0.2314697484797103 0.21963482990243013 0.2329260561375038 0.22150792046945275 0.26694124954695847 0.2649800308950549 0.2809355515005557 0.29865295474169756 0.3186334825494756 0.30751849214488375 0.3316775416906073 0.32599039054387413 0.30740113039734196 0.29021785935152994 0.28583476704656463 0.24648998251137902 0.23135548277495602 0.24503018864765824 0.20990838345607132 0.2482401184088899 0.24334208328896148 0.24806131448074692 0.26833338765177445 0.2686602465967473 0.29291463387816513 0.31703336856504727 0.3328975442746055 0.3266902659526306 0.3209507890101373 0.32547153068969786 0.3330372850782352 0.33059170144597916 0.3285045325104111 0.3444145334322682 0.3316450017222767 0.3232516578986587 0.3433560287500483 0.31264105028957534 0.3191828285561148
0.21709587706495065 0.1997224155895182 0.24630491308992453 0.23846682088748875 0.22847427777095958 0.26536182907020917 0.26552021957423 0.2548444305589418 0.2649669702089692 0.2571579264676957 0.25446689529864747 0.26343123723776307 0.31238815057678637 0.3084820424059973 0.34315503710372536 0.31203161690772374 0.3121094467659901 0.26480907514530466 0.2563424328479464 0.2774174981011702 0.2342415303618626 0.2170152669363722 0.20011168804282653 0.24915944960756267 0.26113009577090635 0.2291685426321909 0.28397374992896296 0.2778085928457701 0.2848150396205591 0.32081445129979097 0.33760580376506194 0.3047124567583181 0.2783771143601915 0.28611715015052736 0.31537576549533036 0.30985490823302886 0.32927552194505516 0.30643016388779415 0.2973085771268124 0.3230849630466371 0.3105862007050608 0.30509958157780886 0.29697537689214504
0.26890189337266335 0.2515636622222085 0.24546169822227926 0.251306347980888 0.24477992421796935 0.25160039712662596 0.25000008798793455 0.2579697779250239 0.24116738052441372 0.22642863383554765 0.26057473216192595 0.2676824371018045 0.29584054101596785 0.3022377682053667 0.3256662726089713 0.33081381427090706 0.28358296292548985 0.25786120655560607 0.2841921963007986 0.2516339576528507 0.2549815286983754 0.21479048615933763 0.21801486235620757 0.1968142769272058 0.22732863031601355 0.2058459488315691 0.2621607682216296 0.27938643105005345 0.2813920355515891 0.2682577015305541 0.2982605592744754 0.2671291957517429 0.2756794240934391 0.2673369273701525 0.27950588430628304 0.2871287574796147 0.29515880658757254 0.29872239149631297 0.3206026180539814 0.33485277633929617 0.32899170252713095 0.29651002110553387 0.2964209426827056
0.2641157283892736 0.22767669322575246 0.23221046997754874 0.2204481513523709 0.23835290247600685 0.22656786826930705 0.26727513467071323 0.2623654595871811 0.24322736097720754 0.24377592535131745 0.2644483532246235 0.2688162792848347 0.288402405581858 0.3452105932785529 0.34280821556088675 0.33044984169219965 0.2901741329202981 0.2520559900237174 0.26128524386252217 0.2606517159297014 0.2294939472867516 0.20935368241029256 0.19046123722031494 0.1815643418635418 0.18397118122060793 0.20143962432950058 0.22429489264185531 0.2655251809593931 0.26444862241902084 0.2585825107712039 0.2818141160689675 0.2256950397075103 0.260230625717592 0.2475144018194769 0.23127723816487944 0.27309785097596284 0.2664339227226182 0.2802391754776416 0.2982820103613857 0.28284082902488616 0.2916639348173362 0.3312723238738444 0.2753688227808734
0.2978080618494704 0.27051775249172283 0.2749132839658544 0.26123244608825624 0.2701876603436999 0.27266272875465875 0.25068324796508773 0.25470079142172475 0.2777857350115627 0.25848126447754227 0.26537891504226874 0.3033549024096756 0.3066817712432308 0.2942180256927628 0.3087654705746306 0.30162280055199664 0.2721741114304872 0.2773461051853331 0.2790232272004598 0.2849654683509393 0.24709808909559905 0.23814984260326633 0.23152286909142603 0.21279364761672762 0.19486249823171453 0.2299388876788043 0.25699701240322154 0.27316133808406434 0.24075699558929467 0.2702423484272836 0.25324667413650975 0.24008913671628215 0.19829349424994214 0.20676328625007864 0.1972505296739728 0.23107374242629086 0.21543961973280326 0.23641381151826646 0.2786597830336228 0.2906593706171315 0.26032854049101495 0.28087642028924414 0.2648811037117493
0.2985119886860463 0.3288465987960659 0.2981592899221538 0.30375094981223855 0.26746869389296113 0.2557777768801635 0.2619874318357103 0.28515994217340596 0.3144536196026645 0.2978999444235585 0.30058659131358956 0.3123059213777216 0.30028759856728005 0.2613049023090009 0.2961986563043508 0.2661150381497529 0.23833701902523294 0.23880234918735896 0.2846408562980495 0.2801086141874063 0.2597856030488345 0.2543773075330278 0.2484619275555787 0.2297939610129 0.2121927446261636 0.22946044413882583 0.25107373334052424 0.24966646726649067 0.2213070361744013 0.2320354594261966 0.21613690953643802 0.20340239713350633 0.20560820622361245 0.18722285626499358 0.1881760635064251 0.17327763380692837 0.22054361919707718 0.22012143417878574 0.2516239773807034 0.254788249156061 0.2266303057510457 0.22517588694213883 0.22895115552601486
0.31184387807417874 0.3242560284865236 0.34026320996991066 0.33678788573602464 0.28983891764376574 0.28923575524436457 0.32771535719923556 0.34852989769929016 0.34853447505482626 0.33550883041505464 0.3376267435888394 0.30915542129732293 0.28708239825367854 0.2711047106845088 0.2979526792339331 0.3067012568596679 0.2600088456298412 0.2958242148863916 0.2924287868108811 0.30213067864893633 0.30224976230926 0.27660269050164266 0.23759907133938737 0.21675630858670555 0.2075761948679569 0.2222718239227594 0.2109492680500402 0.2538739652029851 0.2239055949835821 0.20521179957439967 0.20041711622428712 0.15546928756809025 0.16372324526921425 0.18373197313411901 0.1967360009468583 0.1824898415351074 0.18174022982884805 0.193991600854505 0.1985998519174767 0.19052029392020534 0.1863500971655884 0.19988616086088784 0.17401556569669135
0.3142994929427416 0.33012190769183825 0.3456206531599897 0.3417493371034959 0.31050685106180437 0.31352904761868544 0.3154020298725106 0.3685512683339172 0.3557818511734233 0.3671509695463128 0.3132290336274849 0.28711744071880835 0.2961225726781578 0.2526780491762322 0.26390699242751015 0.31378613321565146 0.3116485864326247 0.31543196691397674 0.3166045693697395 0.3249911537051288 0.3265462572844752 0.3030453524753993 0.2903985334923831 0.2549260929026072 0.24040685831814065 0.20177674297087772 0.2200212006285784 0.23794819236448692 0.2175969968559036 0.17179220222105065 0.19933479720433658 0.14582890514223973 0.14159537841047687 0.14984450041462494 0.16164960287817007 0.1862681426751853 0.1808282592602478 0.12142266699144025 0.13519822360570796 0.13804299843805812 0.13862403106365212 0.143836480890723 0.12543634527837813
