Raster_benchmarking/DGGS/continuous/raster-211.asc
NCOLS 100
NROWS 100
XLLCORNER 1743160.4488458652
YLLCORNER 5469295.785140681
CELLSIZE 10
NODATA_VALUE -9999
[rows 0 to 18 of 100, columns 0 to 42 of 100]
0.7214447704413609 0.7421994029890207 0.7167672993795531 0.7207247467343498 0.7145414649669384 0.7157729150084322 0.7239688407353546 0.7385132703438158 0.7361985063411962 0.6951418915254125 0.7348189571485207 0.7122713647323474 0.7517690895970267 0.7935644049864649 0.7870164352010678 0.8214692922558611 0.8203914552561613 0.8713620876397128 0.9024074623836392 0.895006167825529 0.9280060253893295 0.9540515851975422 0.9991838128643274 0.9905824084902164 0.9848375122087424 0.9838336538399407 0.9823819277101729 0.9606426113477766 0.9205674689756081 0.9266816752099151 0.852180022479583 0.8185815207169417 0.7962821878209373 0.7552056037159253 0.7016791300725347 0.6836040529488963 0.6300537533645986 0.6190907143231084 0.5998168709970193 0.5741435624883278 0.5753721256605486 0.6146303431152667 0.5841062293434469
0.6896922392342404 0.7276994370382125 0.7215286790286082 0.6808557501950844 0.6826657054186644 0.7239606995336723 0.739767720248573 0.7311426425823575 0.6810069773871017 0.7106862519133795 0.7181775837614937 0.7108964766953036 0.7528467264051965 0.7837951854390036 0.7864958253294018 0.8130028515698888 0.7969756558250454 0.8536673572044776 0.8898135875518142 0.8806972295138384 0.9291148749706288 0.9568018381328992 0.9704068560971922 0.9720411553938886 1.0 0.9815685717123035 0.982435716182197 0.9569315504946909 0.9387908060361486 0.9077358426001717 0.8900886092767997 0.8450262397083771 0.783001763423613 0.737529697537782 0.6884512342784204 0.6682547980298005 0.6436088058463009 0.6144890757823386 0.5676753231209588 0.5841106934082246 0.5783189989628311 0.5913814581752318 0.5619237418339162
0.6876553275678333 0.6955861145029921 0.7077726558634369 0.6668943883422975 0.6768207285291964 0.6969521115455375 0.7290302932328571 0.71018009353193 0.6999023829608708 0.6663934423881555 0.7246808165385707 0.7537507142122842 0.7527963293377362 0.7265366718053924 0.7606683062418437 0.767965643073097 0.7703867537794616 0.8028577102926991 0.8455902217991457 0.8915455863746129 0.899338047561535 0.959871671067085 0.9424355915010679 0.9692054889912095 0.9523206653541785 0.9889741938631861 0.9861810628318922 0.9507228464625814 0.9489506883598976 0.9472362643220407 0.8819075306245646 0.8704504696861186 0.7872025178221997 0.7422592870722174 0.6753006812020114 0.6474731839808351 0.6398636365208229 0.5757976343141863 0.5750617114770513 0.5528204785432446 0.5666484786449324 0.5246157024800437 0.547711818129998
0.6441980351570911 0.6937961887583822 0.7027926482768706 0.6686044120545109 0.6906741856105791 0.6856717137965758 0.7196944561012469 0.7219216072633748 0.7081728187416674 0.7281514159402909 0.7376020276968608 0.7568958688674607 0.7629395868856409 0.763298489275803 0.766591072930933 0.7890233549374627 0.7809741899288134 0.7896143353133341 0.8241639638090482 0.8605600360169714 0.8818382763386682 0.9042616845479542 0.9332314579041806 0.9517992638932498 0.9208602537017436 0.9288265685543938 0.9360429207120773 0.9357932356982086 0.9515556575276767 0.9225230545019407 0.9057784498484703 0.8602645803923281 0.8053581436152732 0.7812004755136651 0.7153645344928601 0.6839546728839095 0.6808362908833171 0.6144751881982465 0.5919534257207214 0.5605605092165767 0.5524101161433929 0.5525608181841897 0.561196487911961
0.6418437988260036 0.6830556943160878 0.6908629383613981 0.6678649700478002 0.6540743045835533 0.691716962375224 0.7063578324205768 0.7091997453180422 0.725258263229888 0.7547914438600313 0.748223212924695 0.7832364588779193 0.7850203902791859 0.8020609442182831 0.8018489367653207 0.8058724852073721 0.8059529330044978 0.8287986779053773 0.8536078562675518 0.8582382963645313 0.8544459135998959 0.8691542151045853 0.8867994576226264 0.8999103356882511 0.8887115592318118 0.8796372906616934 0.8958758160646025 0.94168265293232 0.9458232598876365 0.9293885992692087 0.8821020607317122 0.8624789862614067 0.8003992063505156 0.8001290531862316 0.7552191078752972 0.7366441074783603 0.7205854587728616 0.6804509300259538 0.6247910888204777 0.6313841940362986 0.6031844500748379 0.5781234257889014 0.5873421225141869
0.6050711520433071 0.6211592733728051 0.6555193004888871 0.6325959148057255 0.6603930507111542 0.6920054999024363 0.7279956298887537 0.7200285900187741 0.7174811738544323 0.7531439815930862 0.7689690069781127 0.7634221102431897 0.7782266896352279 0.7920552751085851 0.8045390986901076 0.8182476266528851 0.8296265073874954 0.8154972427487592 0.8617520457120472 0.8746470958956905 0.8638607259837415 0.8506815859549932 0.8576780305108214 0.8861120483854967 0.8757176307575338 0.8882789718856164 0.8749679582754255 0.8833583515113652 0.8743496864880527 0.8846734268121511 0.8460667069215978 0.8334225149218738 0.8057119167612821 0.8029121737523897 0.8030314312560674 0.7396040619757034 0.7050647756059318 0.6844095255569365 0.6919285197403293 0.6633026970489981 0.6371878048845038 0.6405270520679753 0.6338588813453635
0.5763046433168012 0.5760737936813184 0.6226941846639231 0.6122989400553244 0.6440176232871889 0.6959038228292288 0.7220550014638645 0.7346768214334389 0.7278630186274866 0.764209625224252 0.7654670063616729 0.7936881232996106 0.8114182484260883 0.8303876339155507 0.8270111103560267 0.8215992734777852 0.8046857616917473 0.8113609502398681 0.880488914349043 0.9012752314124716 0.8703976544655567 0.907403035492216 0.8665964783439407 0.8380555285864529 0.8689552563691597 0.8446039393884812 0.87237411332062 0.848538084898915 0.8370010418248867 0.8416539572681264 0.8264290592357096 0.82181211316817 0.8345685736983812 0.8314379037451517 0.7991817579816912 0.747332705703643 0.7231539678519956 0.7029844496601589 0.6888004624402027 0.6635769779436616 0.6675189435424669 0.6513194871831638 0.6558431542349986
0.5832953436452177 0.5964740792921988 0.6182303881440374 0.6509060436542945 0.6833944763232261 0.7164150599339137 0.7229217345761426 0.7222230682867613 0.7627957117667706 0.731342169164157 0.7587777379682062 0.7809809146670004 0.7881703873450414 0.8157250980327067 0.844401939777352 0.8230895723643823 0.8525789324189992 0.8417129446883317 0.8565852520263983 0.8632289157711087 0.8839654808813927 0.8700493631943977 0.8757521846575673 0.8467358720681329 0.8399003640924722 0.830727425939356 0.860866283311616 0.8750904619471684 0.8329936768371081 0.8218258493739782 0.8297702451997017 0.8393372426938219 0.7994975530251969 0.8083443312816169 0.7858791545859197 0.7738786381211459 0.7253765172392488 0.6968888205334908 0.696425509908358 0.6550105499070709 0.6741877792244682 0.6346594119231606 0.6379365517261208
0.5530658969114852 0.5857032374085429 0.6044025857572947 0.6269110561024138 0.6824797242266739 0.7012235638253628 0.7163143330282049 0.7244993258295067 0.7336309232256004 0.7309608883746059 0.7850022027044077 0.7799680790265019 0.7776284039249926 0.8226620696768633 0.8550946233363792 0.8320988330511524 0.8426857013368683 0.8573839645651586 0.8632300839873347 0.878084615689767 0.8674259138064596 0.8856150868247771 0.8892463810311302 0.8474887282708926 0.8700485585651024 0.8527512443324834 0.8775187815890357 0.8673594804643532 0.8677652066172121 0.8115452241496771 0.8173988084927595 0.8234682906347317 0.8107309922476772 0.782144692290304 0.7782558879718414 0.7437494002551971 0.7591235762213783 0.7194323449468237 0.704056010842883 0.6807911562113196 0.6993579248027463 0.6714009544754637 0.6553077697510781
0.5639730539893649 0.6054536063979199 0.5911094214289669 0.6243966043629137 0.6577780575913378 0.6943377289924426 0.7035022863763857 0.7411266313342172 0.7419903861273637 0.7595233263307769 0.7905784526949501 0.8135510134016173 0.8149204986144145 0.8289471056593622 0.8411699885234545 0.8304134561880722 0.8261362219379609 0.8443554115430332 0.8694487355113789 0.8502152095236899 0.8537106498138125 0.8706920695053181 0.8559950056487081 0.8583958335741575 0.8561261822254328 0.8436193641726939 0.8764169018541944 0.8550305830803444 0.8667538476804199 0.8720676801399053 0.8372927557326254 0.822944187169223 0.81584183890141 0.8292194165489696 0.7839801252287378 0.7569039909021638 0.7614299340233954 0.7435103452681459 0.7448377216278128 0.7094773338560251 0.7049329250687485 0.718744698992047 0.697417608943368
0.5482622938214509 0.617012143386775 0.5794217276437291 0.6063637253486515 0.6282371447034919 0.6566423595018812 0.707374596358211 0.7226617638288853 0.7400462425632096 0.7760096935543744 0.8101323720039448 0.7918452456471602 0.8301674624728796 0.8740395229114515 0.8809380147346435 0.851213684100629 0.842264092804615 0.8454304792557775 0.8490345857964599 0.814425444940433 0.8247543383714694 0.8325495884850197 0.8503723748148723 0.8427249252148807 0.8445516894242104 0.8676615128940076 0.8559540078097796 0.8441604104766214 0.8819732551929785 0.877627877397739 0.8742773415812859 0.8351725898759457 0.8575787814743502 0.8456528498392709 0.8299605441202487 0.8093235429055134 0.79362788943739 0.751607494050944 0.7487208345599049 0.7527511378924571 0.7481574803545336 0.7448190651059832 0.7180820093564645
0.5601731463072023 0.6119378731582219 0.5966757104700339 0.653090156123397 0.6653325409928266 0.6849477968669913 0.6830805727217248 0.7109409498683471 0.763293601042767 0.8037178820783062 0.8214100490443306 0.8429879231046724 0.8448710174017869 0.8797859204441163 0.880700119882137 0.8865726503586887 0.8476688337950715 0.852701118492213 0.8288351926062137 0.8139527095858744 0.8508090643305604 0.8435231494829667 0.8225212537885651 0.8439186709418371 0.8323145158304819 0.8651401904955862 0.8556532485865591 0.8760901064494584 0.8591259226423977 0.8523992402791095 0.8809080876427867 0.892216242479601 0.8625107644935204 0.8474628115900432 0.7938630990090961 0.7871698112709395 0.7631918570699527 0.7378711550534155 0.7056283018493554 0.6980791280219099 0.733407684912162 0.7385233055631563 0.720927216313609
0.5564182920719716 0.5929091721343575 0.631500991289992 0.6524689852064439 0.652083830713146 0.68454071195492 0.6817764676540125 0.7279513987821643 0.77385567905488 0.7991954739116399 0.7863049346068858 0.8419948614034088 0.8488938154989849 0.8226993460853421 0.8592598767913534 0.8765099083367128 0.8307101526304145 0.8483689263604418 0.8475120287995553 0.8587614609587492 0.8430089944329007 0.86138933344855 0.8488802668378991 0.8421941089809744 0.8331943928481934 0.8528308839834758 0.8581880808139487 0.8507083955584558 0.8514877436943314 0.8817332791232732 0.9127841650650735 0.9002380160561982 0.8527585239780979 0.8126764149349123 0.7936334802986851 0.77940523170362 0.753336833636627 0.7169580197278419 0.7111538046164384 0.6957932519096016 0.703533313743956 0.7231300531913366 0.7110118213184984
0.5644147252046636 0.6182748444261429 0.6261366213007533 0.6471828892801726 0.6412567528657025 0.6552854052106848 0.6605854960324841 0.7269599784993179 0.7562821948745461 0.7454584624820428 0.7784670770955487 0.7879781137705473 0.815589171795596 0.8331586007220599 0.8471031683806749 0.8582853119974244 0.8481197820226293 0.8623016629717981 0.8411042418633762 0.8695513715376645 0.869502420661006 0.8661749174157785 0.8659730928200138 0.8428815892265772 0.8394258969211041 0.8187394411781457 0.8300729326162789 0.842311040758088 0.872249362052541 0.8942989894227756 0.9087373998742809 0.8878384352914097 0.8774367108881007 0.8257981651105257 0.8102624293568862 0.7707226619918338 0.7536605272904743 0.7341356148315403 0.7179853355910308 0.7198805441253162 0.7181727910783146 0.6875661484708967 0.7263434838374629
0.5807831817135193 0.5955238244766079 0.5988785430590148 0.6005431705952151 0.5998570617803758 0.6419961197095633 0.6703262128594069 0.6650979313741922 0.7308083451715862 0.7429502580308364 0.7293926139893819 0.780373223950572 0.8015572755197876 0.8506168954703123 0.8427141027118323 0.7952377043832144 0.8485549263024355 0.8400382734063836 0.8226912683658988 0.8440242416824149 0.8636812984356835 0.8951467116687558 0.8652954821553871 0.8194990604030394 0.8272355592624858 0.8226948513507077 0.8199891581240337 0.8497336190299195 0.869102179210926 0.8818865529255703 0.8816686378273354 0.8726229751203578 0.8516292953856895 0.8527078334401667 0.8202613883807777 0.7794440648925505 0.7361959811324992 0.7559379592295664 0.7231533234379582 0.6983636583531346 0.6812615730785051 0.6763832345566338 0.688188526498834
0.5429626699205616 0.5935346398015198 0.5777669066759745 0.5718746246042788 0.609949834223269 0.6145450382295996 0.6466795893976586 0.6694167721493482 0.6815159029683928 0.6954203554884392 0.7002249784532741 0.755110718977806 0.7755121536122557 0.7689918443893865 0.7954856987571985 0.8192686922398554 0.820754650556496 0.8300416079727773 0.8307611819861107 0.8805058469755424 0.8900830943822408 0.8640110519687542 0.8475689819307926 0.8567257674809686 0.8279966208172883 0.797453512386548 0.8223021566327816 0.820757268601758 0.8318827879745008 0.8622574589763382 0.8750009070638461 0.8337719435508361 0.8508629753464635 0.8339469080777941 0.8069022398044529 0.7750047691380404 0.7476329739976428 0.7309845538905976 0.7441328165491513 0.7120656096825531 0.6984326476653402 0.6614598444768454 0.662079121592461
0.5471048914558136 0.5846040890535881 0.5701746878134368 0.5838238776901941 0.6060705283929969 0.6374581616787831 0.664645548491533 0.665012735511635 0.6557033437614901 0.6529350166495325 0.7056476617598589 0.6933762074167162 0.7360336364313347 0.7309637518505163 0.7277825193003838 0.7736843805834314 0.7909301228631335 0.8258816442667049 0.8283572010078171 0.8896183435615755 0.8913568881206668 0.8529814131889955 0.8758185794932273 0.8584161601957451 0.8228737598342899 0.8097510813114661 0.82890314497363 0.8076550936111784 0.8126470715462164 0.8591704799331166 0.8463710418966471 0.83454032479047 0.8175426506173951 0.817918541015065 0.7858063065521201 0.7725725671085377 0.7543772317561229 0.7694989311404846 0.7423014922119575 0.7287380692419827 0.682694534148874 0.6768548240694238 0.6875390796507496
0.5633601431456718 0.5860364618170262 0.5730169079924473 0.5757165303093865 0.572121638680773 0.5833540220685182 0.6305749220658632 0.6238839077954984 0.6420347282338795 0.6817952467956189 0.6916347997956919 0.6758347615643184 0.7062342051960309 0.7162329969524835 0.7090962464499153 0.7240420058147875 0.7831693174623869 0.8285879042733776 0.856707021349041 0.8444189309568298 0.8566959310491636 0.859925137601941 0.8460380016837363 0.8177017415007966 0.8214801072353384 0.8071687571439555 0.8071751785353161 0.8330532413510695 0.8205146261087487 0.8230432418023812 0.8158934825461511 0.8296096849522279 0.8128649753152372 0.7778620153586757 0.794025551218746 0.7570129920040511 0.7856145465677826 0.7908644789288575 0.7609052393812958 0.7512888791673046 0.7183243270253696 0.7079292630811592 0.7025591945525104
0.5953044360992387 0.5877193125791709 0.5772209860166961 0.5774495739482449 0.6136779941037711 0.587344007925153 0.6438114410107068 0.6521594143977076 0.6618565690592255 0.6469079748070523 0.6604493847953822 0.6770015037441721 0.6586497728727433 0.6826359157447427 0.6998814279827253 0.7284134969621017 0.7483408673326423 0.7818084598639459 0.8406682667352877 0.8689049475017083 0.8660469586260319 0.8828799457477144 0.8337682428381508 0.837805866574291 0.838048854389451 0.8135736271641735 0.8168236538292429 0.836006981233911 0.8074157917527247 0.7887429449158899 0.8176600699012623 0.8162296189704886 0.7750131749549353 0.7506255762736634 0.7935395036029059 0.7722633983243893 0.7849406593927624 0.8264970199067792 0.7581637976276567 0.7336369575683056 0.7499317339000545 0.7583871029874696 0.6997118045140295
