Raster_benchmarking/DGGS/continuous/raster-225.asc
NCOLS 100
NROWS 100
XLLCORNER 1743151.97142421
YLLCORNER 5469293.697265333
CELLSIZE 10
NODATA_VALUE -9999
[rows 38 to 56 of 100, columns 43 to 85 of 100]
0.3744468577058966 0.38307308282284547 0.3468895630913957 0.33957810951018447 0.31474552184457544 0.32387789230550934 0.30838377134325506 0.2828075108475961 0.320130624805296 0.2935886051672142 0.27026868510377305 0.2527521400649359 0.2827959058846523 0.2465839982686468 0.23726310579175905 0.24251293941433447 0.27057908747599635 0.25521031705837516 0.2678253384946358 0.24000883259306915 0.24698349886026869 0.24895244565493627 0.21232404913376268 0.23115202340579183 0.2427341956786906 0.2451323930514256 0.2725760608147128 0.25502055480125324 0.26155734072855535 0.3056230232938785 0.2830073810092034 0.28622024752898884 0.28960318827361226 0.3353927387969299 0.3070311580004142 0.32578700704417984 0.29485216669208525 0.3110420346423325 0.30444724228000286 0.34543545306119017 0.32732382904637974 0.2934703458882083 0.28284377726532706
0.40938941076133134 0.4043147391870709 0.36707135178317707 0.3618782665173663 0.3377521792827502 0.3667198491076399 0.35275911479394767 0.33325404244199985 0.33546251157399 0.29919097394072597 0.31251236551572503 0.28593539152211367 0.2791507152289757 0.2648141937655545 0.24975410934187373 0.2856545908119077 0.2896149434566665 0.3153515032760037 0.30798036600901707 0.3098164009656971 0.28507006530915663 0.27973601298416406 0.2383168485490827 0.24626169830678382 0.285380968843686 0.28643657071870077 0.272465360154033 0.2554096443048496 0.24093280532231687 0.24876183587944736 0.267423264470022 0.2456903159201035 0.25854929358402756 0.30120720323070266 0.2909360543151227 0.31087966017772095 0.338075772204781 0.3330727298776371 0.3238264426466323 0.3576878452221823 0.3208405261484742 0.2836427588958081 0.2882824574268855
0.40872770694414673 0.3784993683980783 0.38133811389797717 0.3677251049887802 0.3779300532986894 0.3603772382739 0.3822518725834848 0.3615397215503263 0.3303595694519286 0.34348419632861404 0.3323966343272979 0.33611742036303266 0.3246240459444842 0.26196069634586994 0.2475563440261132 0.2575939202593813 0.2782163559004716 0.3199329719602706 0.2972633458907114 0.3110415363829467 0.3004803429240615 0.26833649660263625 0.274089303783057 0.2899231629709208 0.28089138551617127 0.2789470318065782 0.26146636206291046 0.24313621411457334 0.2581648319522587 0.2574832476154559 0.22155966645695932 0.22929656319461747 0.2392094297403772 0.26761426152718354 0.2713544155706523 0.29148643203669894 0.3232857097864804 0.34040545222575747 0.36608693960719296 0.363226054481016 0.32589913431216866 0.29223554320536693 0.29417909389053115
0.4733677427702285 0.44141168896683614 0.4088020064487835 0.3966530512202811 0.40174667492806276 0.346608587402629 0.35660471828322027 0.3124955213459011 0.30809287427260945 0.34906608264523553 0.3499645379123382 0.34100720872149276 0.34233753178762566 0.3114990355121552 0.30049641501894786 0.3082994969774699 0.31820709281258514 0.3567921586793275 0.3429452557913822 0.33596114089382606 0.3110601687112248 0.2948904192770392 0.2535860234512736 0.2504273616416162 0.2571420245245393 0.24620517753453516 0.2662367050991177 0.2687698629746017 0.2589820315897916 0.24547531386195207 0.2341463424207017 0.22970601925715087 0.2764859957911542 0.27361593814683505 0.29584348852023307 0.3209733750235337 0.3657700508082083 0.3670035765239279 0.33935678575078926 0.3549403835866462 0.33930151517185464 0.2719255415746941 0.24216639328182832
0.49254363037323323 0.4292941563357086 0.41696720355505656 0.4476859308710696 0.3868507212570442 0.37839577848604256 0.34225392705234414 0.31207113927482094 0.33594170346327 0.31212189830601234 0.35075854721851685 0.3524869052699278 0.3574538637809356 0.3730842252288596 0.3464599831520087 0.33040949389554847 0.361703341670967 0.3594511990019571 0.35048210129304547 0.3867502249773366 0.31917695274475344 0.30513844906651255 0.2919895562325534 0.24138214714935216 0.2827446316227998 0.2679126119963009 0.3010746651402845 0.3106062533767638 0.2973966143646163 0.24899733296507648 0.2391665354788977 0.25052691270360805 0.2932704431503594 0.28059748350490027 0.275492606666451 0.3426655250560208 0.36535053089851754 0.37952917839333516 0.3668501216496111 0.3525118635747734 0.3282537657812396 0.24302898822733784 0.257541810499078
0.47428501758714775 0.44555248534000425 0.47174685149524376 0.4589594349786692 0.42667375266189717 0.38895743273784544 0.38504254363585566 0.36374837770580526 0.3273851295125342 0.37499501110966166 0.37940310205561134 0.3663378845306298 0.4132289555942756 0.40165481938217695 0.3766770025991337 0.37184380189706095 0.36415289589871785 0.3617123866393467 0.39169240829045887 0.4169442769908874 0.3752715036783009 0.38760314781136895 0.34122622948691594 0.30006498955518346 0.31065858743902464 0.31033588405467855 0.2872210435632347 0.28293418391993674 0.29709095727660856 0.24016853447064637 0.24618111210646196 0.2521648612881046 0.2944775715733695 0.24948360616337778 0.26652196247356474 0.30353532543944073 0.33543086405389577 0.334996680336665 0.32542462704573216 0.3433145118078975 0.31117372492315926 0.25288023299949586 0.2579733409160349
0.5194090903894324 0.4966344700252748 0.49387475562695965 0.5202009165864769 0.46350892857589693 0.4203135983511003 0.3838598404827292 0.3744126875699957 0.3558268415297974 0.3974533261168139 0.39228108181494764 0.409795430188845 0.40491698911883084 0.4105049406258389 0.3956423319695399 0.38389182296123275 0.3689419058370049 0.42868857515936976 0.41385369618797246 0.4348323730728269 0.4359858895312926 0.4249430887401845 0.39425772905062856 0.3418526654186624 0.33002523792124355 0.32202115050608615 0.272337892262999 0.25940887945611135 0.2862852724058922 0.2758365328102467 0.27892081238986777 0.2939523934677461 0.29539057451746853 0.2597106277217024 0.2566998276596554 0.23892566147040464 0.3019457008912789 0.297938242708874 0.28029983957984655 0.28116536418666865 0.27962845035816314 0.2921579228244777 0.2811422104538784
0.5003058234257872 0.5286749868926058 0.5529259122623527 0.5771146262584558 0.5377117794017243 0.4592602843350309 0.43301862620146414 0.44475218852997267 0.40795480823452723 0.4349103515849092 0.4130482076861896 0.38550846995757043 0.3763317908910135 0.4346872800684206 0.4246361914773013 0.40593394808704614 0.3963969301782456 0.4124477272337942 0.44228218378168505 0.4359643830652654 0.43649400971021407 0.45065458215430665 0.4334592556749014 0.39184810152378785 0.3478873511478889 0.34333946480707017 0.33252275064716325 0.3005505208379438 0.25081140017297104 0.234882271673001 0.25163581667164114 0.28239020874296206 0.2706095103213368 0.2736998380253288 0.22227509903785012 0.26193950087957896 0.2769605204832353 0.29744539671001985 0.29574271480659303 0.2939178674093928 0.306395264628462 0.3170555241547767 0.27181233082209844
0.514843724648483 0.4845600891001074 0.5261820374070225 0.6013849004768886 0.5790003531439786 0.5091961384707108 0.4787653438701724 0.4772219618747607 0.42563768814455416 0.4468541873310703 0.3984565442724286 0.3597129508903885 0.4084502846391049 0.42231302317080543 0.423185025566714 0.4182316463791374 0.44368546858845426 0.41910143050656273 0.4328995821931872 0.47598996641282715 0.48370978929912445 0.4390370449683662 0.42049336107116464 0.4358276120032012 0.3912487098283874 0.3951176465944509 0.375410279885575 0.2741130245903855 0.2862826311668315 0.25932525356501657 0.23756482647888 0.2344579975088471 0.28603016975055934 0.25628800133494156 0.24423345872475324 0.216033848567738 0.2326428430557976 0.2725576159130906 0.29722870280496805 0.3355048122654134 0.28863240786248645 0.30089026439059813 0.2792767496280913
0.4773616455476837 0.4983288188425088 0.5543295284267914 0.5684911752487394 0.5615069705545994 0.5019247884979973 0.4931061244221984 0.45612974551488017 0.4391492084762114 0.4403292631222145 0.4186282268985128 0.41553451269578084 0.42077817546704205 0.4117994764773637 0.39879063128507736 0.4240393001798159 0.4292937857695295 0.41608309119843123 0.46422876485765757 0.47324841794686767 0.47414732186754033 0.4702005623590422 0.48201787228627735 0.45852410886282013 0.4401401469703888 0.4201695333478539 0.38979410998052655 0.36163287008803763 0.33765602274948536 0.303471581141235 0.2637029507406643 0.27279073226588524 0.271611681705297 0.24116573254523277 0.2524650031875861 0.23765607915580783 0.26265435850612484 0.29582739618445597 0.3347553386674086 0.31805040751537794 0.3175726429737605 0.31546572518324856 0.3243461351606688
0.4935519153572276 0.5196754709116637 0.5673905259720305 0.5476716614489041 0.5514130987011139 0.5412422430757389 0.5040332222300558 0.44647753755339487 0.4515954764053633 0.41939537818438377 0.38913967216605144 0.4052244042263925 0.3878453462378181 0.4093866040573243 0.40715521929683 0.4323282958449833 0.4308695850019003 0.4354836015872061 0.42581004520602517 0.48558040818314807 0.4800441001342881 0.4822361778146184 0.49372362733813413 0.4758819696270632 0.42734344141921865 0.4474516751099437 0.412499827238092 0.431937654145786 0.401837956249598 0.34977553243029336 0.33234794071060775 0.3103272412386065 0.294831987324774 0.26104429755627123 0.2790222028567131 0.25525067394175244 0.3029075410422398 0.33362347351008376 0.34707173225202814 0.36085161971079377 0.3459132607292714 0.35393539526327994 0.31280306246810696
0.5270283183329764 0.535912717558562 0.550997358946557 0.5544582005608262 0.5210025079636686 0.5058128366650719 0.5242070864916782 0.470707450926062 0.4434722810769454 0.41859465960203524 0.41937000017304416 0.3795119664759003 0.38313476577597555 0.3773433125792275 0.38584414439087905 0.3778507186987825 0.41062707735401843 0.4192725435176244 0.39060900669212384 0.4475357113083754 0.45606306101670097 0.4980015523167826 0.4855986391784301 0.47271227928104276 0.431776536310405 0.4458787545439402 0.44591546651108604 0.42420400138293674 0.39210435317447184 0.3758368980012674 0.3626841723675664 0.3451550465807719 0.33121569352149843 0.3101837351845158 0.274027616322289 0.28955979587534797 0.3076501557979612 0.27526282911354016 0.2871805402173456 0.3066509480883633 0.29130099900734185 0.3205284979218321 0.347871566709379
0.5511311766979641 0.5662599046772365 0.5177578814104866 0.5205718847460632 0.5233054346852409 0.5444875259846287 0.49661105875354894 0.48514329151003965 0.48064952265093935 0.43875620755776046 0.41171441592116814 0.3843301108894391 0.37469276002706153 0.3830735780421293 0.40981086526007643 0.37024459402974497 0.38266148199563493 0.35991542462431986 0.3863223546545607 0.38679446598947714 0.4513382724508828 0.4691257442246557 0.43935933224730755 0.4591288873801696 0.43973578046658585 0.43077813171407475 0.46254922514374025 0.47199110160410734 0.45086409947849915 0.4236589909889764 0.3976568200904604 0.36386749450061523 0.3312626412381645 0.29701030568287 0.29819428849537377 0.35574546588748596 0.3052998231371736 0.2838760658560737 0.253866838847035 0.25009313955303136 0.28420383172130853 0.2890619907566058 0.31701312339182525
0.5651162414771883 0.5404622935704474 0.5309503258082353 0.5310657711542196 0.49964002881609726 0.5301612438021303 0.5326451580596441 0.5185205960258888 0.45552727175191954 0.4228839676283425 0.4212866649567493 0.3944422368204116 0.42797595933919486 0.4386572518781003 0.414427782323249 0.36537920516549044 0.3970060365352169 0.3831858670269353 0.3915939174333373 0.38878212405074764 0.42032520005354435 0.43959476826726945 0.4500339402947869 0.4306796796874773 0.4398352741785764 0.44688654621738794 0.46046004279409336 0.42871905382106523 0.4128772085845954 0.3952242871876711 0.37273814078363093 0.3831927227386532 0.3195511786222313 0.30330057643142194 0.32496089121044364 0.3267113093258968 0.34484428790237753 0.3006021578125546 0.28025171878530114 0.26635733609458956 0.25665856188703384 0.2777869786936403 0.35474370158045765
0.5713693553377281 0.5317063617363057 0.5456740129681137 0.5078534579666182 0.5159342521359991 0.5123630392237679 0.5375939809884 0.5146247790757554 0.5139471232054215 0.48350682974613285 0.45214314572879977 0.4226292125031233 0.43909106687549504 0.44867063415764497 0.4308617115684089 0.3674040345357378 0.3854396897923903 0.408141393247038 0.3893619951118748 0.431729083268295 0.4516233488160109 0.41163659011567805 0.43981614797271523 0.4214283237402833 0.4388210737124752 0.45453339201282356 0.4491416676352669 0.4659839507500397 0.40508870465468333 0.3894065340246225 0.36602871807020354 0.39024450445046993 0.3488764521690924 0.3339724831566501 0.30685997622202316 0.3459147998052519 0.3450939100103601 0.341358132145359 0.2874538145271676 0.28299223678984636 0.30486614244010357 0.30170957986312125 0.32669233425098526
0.5401474312308129 0.5314881270039921 0.5384527853986498 0.5058745332235827 0.5304883929467409 0.5337105283601566 0.4965336501950948 0.5293545814554884 0.5189588181466653 0.5070934949787919 0.49285120446023123 0.4944534775420069 0.4702966788534185 0.4575022465022417 0.44097360973457167 0.384606154164417 0.40442412643697817 0.40342241696180026 0.4253192700364178 0.44034042802872403 0.44036751080655073 0.43349674638496916 0.4251496658250127 0.4321526224005291 0.4635255670306765 0.4495622951969248 0.4427668278863459 0.47528695699502777 0.4326561771382999 0.37853120688947245 0.36885327464173956 0.3828304336877122 0.3664139422731694 0.32721753298667594 0.3159386667532114 0.31376145736776295 0.3445022858226046 0.36522333247461747 0.3225133188646555 0.2923465488449013 0.2979373423990133 0.30470677296029286 0.36942955511412523
0.5418325462268992 0.5671134256920031 0.5195940394462378 0.5268070550444055 0.5126369018284667 0.4836307433345551 0.49962716114837213 0.5111191376977875 0.5313102877259095 0.5335585344373991 0.49141008129210245 0.5110735270952428 0.5196905339707845 0.4869822194305573 0.47020428310867796 0.42439541051442436 0.4515636097554696 0.41652417466142555 0.42222287645793855 0.40731588397475066 0.42728284730132987 0.46048521125023045 0.44689622204131596 0.5123504517225278 0.4790699095654568 0.4690406554801109 0.4448145691189959 0.48262326552021917 0.43633469130571867 0.43235978297965577 0.4189054931788568 0.3560181982150387 0.34286478869722115 0.3437083023570357 0.2947570434212464 0.2791354415455374 0.2998526505335774 0.34552862945418994 0.31076633357859224 0.3343862592389633 0.3514315109520247 0.3409542286702571 0.357586599963063
0.5664783073406113 0.547846471647034 0.5575402656886571 0.5531738705647857 0.5042934826125341 0.5132298463948619 0.4952831291836797 0.49078383089247085 0.5288096127596672 0.5233296365930517 0.5397828056096302 0.5215934342845993 0.5312608901480668 0.5090788391620761 0.5050795532698711 0.4985773341786026 0.48727457990195455 0.4627311562394766 0.4544240481541455 0.44897734954888985 0.43630332067253136 0.4844889720579433 0.4965637216396377 0.47045489981728195 0.46206750036255967 0.45745890781436543 0.44448388289185914 0.47370908140375334 0.4740199784149255 0.44126811456888954 0.43496979948332715 0.41368471070158647 0.36774534330304404 0.31688401313089565 0.3348530067578231 0.3287344951832515 0.3044612635869738 0.31965247909386885 0.33927853421825255 0.343199640519075 0.365194637658174 0.3437774322420879 0.39713818079136615
0.5914573492808878 0.550833513190225 0.5789461213555952 0.5255261456237308 0.5413945542371235 0.5153691168132891 0.4940227774941478 0.4915432579231201 0.4930750084770409 0.5143596794371653 0.5494887244356798 0.564186061878032 0.5545224071243566 0.5553349436084024 0.550599005888643 0.5081021999894225 0.5124046449978519 0.532788149964256 0.507370037713224 0.49451135569114396 0.4843935986224091 0.4902419234278103 0.5031049207592628 0.4975936399229814 0.4836673253370643 0.464744647373996 0.4500832378563939 0.424987614665238 0.4339554193299585 0.47159083077368014 0.4057835696603202 0.40733040518219554 0.38989480308733704 0.3278412113569234 0.3658001503637423 0.3575124692539935 0.3255224014275514 0.3382349595905729 0.3566697977989203 0.321642405993083 0.36345970608395695 0.37609417511173937 0.38010239732176937
