Raster_benchmarking/DGGS/continuous/raster-440.asc
NCOLS 100
NROWS 100
XLLCORNER 1743166.5040596449
YLLCORNER 5469293.360246755
CELLSIZE 10
NODATA_VALUE -9999
[rows 0 to 18 of 100, columns 0 to 42 of 100]
0.29453435405141337 0.3110414347585178 0.35672970758844313 0.32698763650252516 0.35671922574902026 0.38253715240956404 0.45379248285432333 0.4609938310829578 0.49910120289049326 0.5165481422976318 0.5343905073506803 0.5955237556161392 0.5863876344921409 0.601050337125117 0.5884032696083265 0.6080240011158713 0.5474759820927874 0.5464544560672633 0.5043963603085424 0.47453578861851836 0.46817482917322817 0.44487555050564015 0.41088035636612386 0.42456489533720565 0.4377393233824803 0.464960201333092 0.45614880057406 0.478268456861323 0.4844042955543536 0.4715247385276837 0.4910837388285744 0.5058622300642496 0.5411501621443372 0.5610508449826856 0.5427805639193382 0.5712139536106051 0.6069471907900191 0.6853590952023668 0.7303084385761103 0.7204172751883591 0.7416471588988824 0.7087207192331467 0.7468140405692811
0.30285557732009283 0.29490980708061554 0.3049873743084836 0.3740026599492235 0.3590887702810597 0.4185236771881269 0.45283258933618786 0.49956436321331293 0.5183326161330712 0.5526824449558027 0.5797580946072279 0.559593945267309 0.5651202847415606 0.5683118308912332 0.5286681820774157 0.5210321206003661 0.5068745916232161 0.49360264962811906 0.45921198177029826 0.4349199655973232 0.42992301430721686 0.3839467939491228 0.3961172377805588 0.36192856259927464 0.37110989403828976 0.4012342469868525 0.4225472996519125 0.44310154408740526 0.4602818618735998 0.5170217143720393 0.536037216541955 0.5686750892265179 0.5852297502491517 0.5651398112339927 0.5901946565556458 0.5770528273893271 0.6231308929935123 0.6840835993873355 0.6998468994899326 0.7422149822599013 0.7473546836894782 0.7235884619510665 0.7503549335060127
0.25821114923122845 0.28847259216587146 0.27469426144487374 0.31760373294491356 0.3589324412719078 0.44634822927354745 0.4738590868909408 0.4515130499766572 0.4918730044988618 0.5358359259038451 0.5556171541209267 0.558156860969076 0.5268984196373133 0.5771509099168498 0.5622711334374785 0.5296645614264067 0.523188825422055 0.498143179758952 0.47130350776344915 0.40256814110887745 0.4092352841697043 0.39286182747463966 0.3889872036744025 0.353833581531817 0.36348231971764516 0.39941035647656653 0.4272086959286487 0.4176484833277439 0.4694719960154449 0.48696091210069503 0.5398989663748166 0.5780756171442296 0.5631919324142813 0.5448666314456192 0.6002770582023916 0.6378570835420935 0.6257804399659739 0.6741181577796855 0.6943638539672637 0.6809272252238268 0.7268625222216596 0.7257579174251019 0.7746104597559197
0.23391349466669112 0.25712613830317327 0.3124976698787805 0.2896987891740642 0.3857759922569819 0.4300415636376339 0.41775054732310474 0.43465558050155734 0.4790900054318955 0.4627876417259677 0.5014776274840819 0.5341978913709516 0.4905835146718344 0.5265791413655667 0.5127072115722169 0.5377724735407604 0.523435626506056 0.4936214608157949 0.4729530541060069 0.4055312362993741 0.4082757795868243 0.3553544709889833 0.37172351724183894 0.3622881033284046 0.40132191578232645 0.4087930362424729 0.44547586451321963 0.380187535003141 0.45742098317464996 0.48971257899023074 0.5301524237272314 0.5212753029734319 0.5449242308628268 0.5601479441465111 0.6260677798175234 0.6512956626730143 0.6692044422319927 0.6605211755994904 0.6298232623795741 0.6296216068724655 0.7003765542938694 0.7038472858568506 0.7768634645624076
0.28769263987328003 0.3070526783525686 0.32010894591589906 0.3420752974089533 0.35679190723385135 0.3750470696953145 0.41794973377123423 0.4615026923392534 0.44034027683043653 0.4865477256214351 0.4538376497678247 0.49591845465418405 0.4952331491519111 0.5007910265499755 0.5157189728736962 0.49968260499387834 0.4653231552196795 0.48405052665533294 0.44289593859762955 0.437461153177084 0.4172776012150539 0.4194793078668022 0.39594304066219244 0.3890220242012809 0.3697441160771806 0.4090968601909687 0.4448348302781443 0.4700598661127181 0.4761909107289042 0.4828572515804904 0.534509423926549 0.5673976380632593 0.5790885313892147 0.5813534403522645 0.6199355685068354 0.641984342038326 0.6260739978837063 0.6283062871209293 0.6353938601978691 0.6526663154997682 0.7038671263049514 0.6940768724103835 0.7345377590216978
0.29842993467408335 0.31500669221030503 0.3380048295165061 0.37694762041413804 0.35306034900054845 0.3762833284896559 0.44882552766820577 0.4771325918045798 0.4844918852889075 0.47245872028989444 0.47052501317103074 0.4359303021686017 0.47917218016810087 0.483495280914595 0.44076865199829274 0.4634658278440612 0.4306836322118252 0.48171811403106335 0.480293823705552 0.4875306064022459 0.45838147114749417 0.41499772134156976 0.39875374885007825 0.36619648430430596 0.3663471310120913 0.4354596198616939 0.4321620393101869 0.4826437430950708 0.4764621676422275 0.46438434297209014 0.520341427158266 0.5584164600707175 0.5805404521484739 0.6240211433873964 0.6388884779080044 0.6670499747747697 0.6165874719535798 0.6000121495853569 0.6177669667842284 0.6511297861130585 0.7065857925134988 0.7210976719961584 0.730129511791342
0.27754132600914533 0.2995532750183098 0.37507970819859177 0.4091629367340862 0.4084055002200191 0.4038005981324335 0.45323664075424236 0.43477078100763095 0.4398119585565483 0.4183390088651436 0.43807549759079917 0.4173124342066829 0.40811967009348 0.43205436511275286 0.39452570425620714 0.4210789819633012 0.43253414470452023 0.42132414501098436 0.43655421214852136 0.4663021995448992 0.46072413872849144 0.4437597741622289 0.38376609102009496 0.3909873775292605 0.40928452713644803 0.4721737269325566 0.47777574279186275 0.4814025609260759 0.48441514387099 0.44353824660221275 0.462997375055906 0.5437340085981106 0.5609990157366884 0.5928842957739265 0.6529782857221569 0.6477546522582848 0.5939179523652647 0.6282796308932072 0.6309440253711516 0.6808630151520311 0.7150286161852898 0.742063713219147 0.7270282837667866
0.2781568297465351 0.29868044694273727 0.3596283954974331 0.40803241312327276 0.4104663618532977 0.47761500949111824 0.4622813146680459 0.4884157695054386 0.42009077638918685 0.4156623788785171 0.4371009665097 0.4123736324573521 0.40373825249147843 0.4206364824829991 0.3662374103205697 0.33604315608122165 0.4297692136735754 0.42400270807038026 0.42252442992317185 0.45772918060736856 0.4184693364956473 0.4494528322401904 0.4082911937525251 0.42016147754866373 0.433164998964185 0.4850191642355357 0.49592758025772876 0.4694534688718319 0.44004229865099315 0.4466987421497722 0.43424006383014846 0.48368248893160876 0.5646637177160193 0.6210302209438864 0.6090976555144075 0.6454470048729206 0.565575422651816 0.5627865425583574 0.6010074700662152 0.6262959836364009 0.6650921455683515 0.7367136854074514 0.7544268467228584
0.2663969647261004 0.28845225129048613 0.33325561965302325 0.3877278667081978 0.4332864181873079 0.4744544795530531 0.4383924374923915 0.46806503467755994 0.4353633397640989 0.4255797551365318 0.402621551212707 0.40701027171161913 0.3596071813122956 0.38190661316833785 0.3803980914990455 0.37479812434629767 0.404000656387671 0.4139822585512366 0.3768076062380046 0.4082209555884402 0.4173542858938328 0.42259489536236217 0.4319358451624036 0.39698575682203685 0.4156704935885848 0.43232873125381277 0.4524460876808292 0.47172104520368785 0.48025038600864367 0.502054032414505 0.4597811358654658 0.4653526127041632 0.5165449995347291 0.5763360620705906 0.5746244632975576 0.5775536025176714 0.5503646620179343 0.5575211916600733 0.5902319737211954 0.6414865262193548 0.6469477456592105 0.6739776169029246 0.7056456112980172
0.24493690980371843 0.29087961323688727 0.30876338117758845 0.34592881342224335 0.3839045156550431 0.4546762658261084 0.4277919019854702 0.39155865312781346 0.41301150667894104 0.40543304386215195 0.37229467781928627 0.3926933812703249 0.32763681502765835 0.3005999837639577 0.324940286053114 0.36832523515505644 0.343370707998962 0.3913141529127519 0.3543844614793079 0.3405586571530338 0.3693330820081124 0.37205335193337175 0.3814927217189885 0.3930423489804486 0.41410357954036486 0.4409526106922231 0.45026063646366593 0.48926975912038323 0.5087495776372212 0.5168174844098528 0.4988163112949083 0.49671178226979645 0.48718171303141355 0.5477578723716089 0.5850391409414971 0.5397506237437245 0.5188213076157239 0.5567721701066318 0.576772927015966 0.5882626955890757 0.649396587635619 0.6556218202565447 0.6484104955169699
0.23923064548015 0.27807592277655846 0.3076454319181479 0.3288556684131082 0.41293394752719675 0.45249550641189346 0.4385025077788658 0.4234963093888245 0.41921789323811687 0.4174059829444836 0.3617960972644626 0.33394171312695586 0.2987861439716201 0.30216040834019114 0.3280891313156717 0.3145872473401222 0.31397912647621623 0.35482100421084894 0.3704730359466442 0.3540180125064197 0.3378896343883248 0.3644757776549775 0.37422097932939463 0.38736834998111025 0.41821105071094905 0.45599945735377256 0.5087587407665564 0.5173722214938657 0.5201137056270367 0.4886528126481991 0.4659396001230509 0.4728554014471798 0.49711455825740253 0.5460985224932544 0.566620856879111 0.567555387358544 0.546304689555539 0.553860311429107 0.5828790929551245 0.5904121698689226 0.6049675126710032 0.6209458833799766 0.635940079483126
0.219440960134042 0.2536714809125309 0.27645993224005966 0.344723446249559 0.40116436406324346 0.3931806753534325 0.4132041898621265 0.4155567248330445 0.4180326084009762 0.3720078560958075 0.32049146517108285 0.2595902624686141 0.2706683629138341 0.31153060420758294 0.2712463136427351 0.239508071117342 0.30792526363781814 0.3400459626151986 0.3148885005890409 0.3397114968207345 0.3543325424580118 0.3584261850368015 0.3811993439283004 0.4661706474060246 0.4610665521681062 0.4482877537413537 0.46145183851066685 0.535603695260518 0.5193027180921548 0.48010627439353143 0.4883026880165479 0.47134757585921166 0.5159258673309824 0.527498208183261 0.5239404217952514 0.5469537768049929 0.5309827340390805 0.5179333172048785 0.5879233445701152 0.581095755921163 0.6426273598684534 0.6657146680086938 0.6730850417198511
0.24268771872553427 0.267554905663782 0.29515809727528347 0.33794975088361234 0.35883089545212143 0.35933975487405634 0.36261550319621655 0.3910795496641579 0.3675999070192168 0.3494491981625227 0.32945084590325685 0.28177456589976535 0.3027431920470953 0.28336703835074223 0.2653876557664284 0.2900203870225461 0.2700394910410251 0.2950810632739939 0.3286043911243924 0.36510005270276535 0.34269983154465383 0.4099423383353458 0.44368850614304484 0.43317352671681025 0.47135602702258844 0.45393945667098934 0.46559067659725356 0.5094889087173333 0.4748083081939156 0.48632404164484094 0.491517372980552 0.5032801896056109 0.4941855780837124 0.5240716233829879 0.5605686366334304 0.5788026938268334 0.5335908530689382 0.5586546006065957 0.5895814195331326 0.5903700380074173 0.6134202361796524 0.6907909889498813 0.7020572439198266
0.2496514781544343 0.31283703793469864 0.33287221889818086 0.3110924027707822 0.28936732183072517 0.3419386330122507 0.3477021614499036 0.3667684185045864 0.31930171184800193 0.29969702375400237 0.28848735942836895 0.299702547722991 0.29078833022967093 0.24335387080593224 0.28241525722662697 0.28757689456479607 0.28629791078952566 0.269258788563521 0.3220901643614258 0.3358737106506648 0.3325838258783152 0.39925000310462283 0.3953677898888488 0.4515662541646686 0.44135637654384696 0.4268111804703574 0.43518592657978117 0.45322507973850057 0.5019936952763854 0.5527577311704434 0.50373752312119 0.5361342699541832 0.5533931879872361 0.5373960004311898 0.5529100101008577 0.5979519898675419 0.5760922779923832 0.5865642733405121 0.6137836034518671 0.6215499088490888 0.6565331600876957 0.6904466352461037 0.6964346154576313
0.2931391040195761 0.28993011996918877 0.296062806555356 0.24856349775821468 0.267910082250464 0.28127630433674217 0.286355800430186 0.3222535536066818 0.30100757687338187 0.3349883549115177 0.30320601575124395 0.31923407415266225 0.2840000916454295 0.304744564752079 0.2958463023023928 0.3154090598646688 0.30602781428446535 0.33179331599049205 0.32031050592942245 0.3610177621450266 0.3568246067443347 0.39747945214787206 0.39057496517046764 0.381915962575723 0.4124847244734508 0.3933601535523254 0.44562649877982224 0.47253776386638946 0.5117208344327007 0.5188328721700137 0.5516018371250272 0.6015318672914122 0.5834256643649328 0.6187413654305618 0.6147817365703877 0.6442182833015532 0.6198052520166444 0.6138027907854753 0.6498349783874654 0.6418521881234747 0.6350500254858694 0.6977605773520356 0.7448904458660673
0.26468636168921866 0.3113412270212365 0.254448922363106 0.24463126310187 0.28916083562651196 0.260952056485647 0.25045897695787095 0.23214504258514101 0.3297278586063632 0.35415635011996954 0.35465294330540376 0.3328836407021501 0.30617646793838993 0.3151927962948542 0.297516737470192 0.28397551580059494 0.32144546768023 0.32082948240359094 0.36103827426504415 0.3872871551667351 0.35348578943442466 0.38187001865850223 0.3726338741141047 0.35148286559951764 0.4083520403620246 0.38352108390250345 0.4110974913341983 0.4558648071853425 0.5470120994048545 0.5826529875647998 0.5702048681084827 0.6331527217731325 0.5977567119398723 0.6552388159614381 0.6709817955018761 0.6888016435280561 0.6825133053612036 0.6453017182126184 0.6453655705149509 0.6301053942838988 0.6243163400308943 0.6633485467098337 0.7004928710559325
0.2394125059848116 0.27438475369544685 0.24727151910269807 0.27337707728762206 0.260965848450041 0.28345070991889304 0.2653891428894454 0.30808186645818164 0.34107007905575143 0.3673978343459916 0.33420377685939695 0.35088721767372066 0.3146001487361752 0.30067796686849824 0.28294822409225295 0.2974619352055747 0.30411485175570374 0.3404715380836132 0.3629760809526267 0.33317758264576736 0.3615344922654688 0.3713751414709777 0.3249560606204011 0.35896507311785736 0.3607527518668502 0.40036001626685963 0.4332959929412855 0.4281830519514672 0.5157324851893561 0.5791882805865833 0.5977102391607312 0.5992343435831985 0.642885696871938 0.677481265906177 0.6812638498018128 0.7048438253747189 0.7055514862871215 0.6600894238272962 0.6804588772518622 0.6277471686991489 0.6473049997334368 0.6662101965868157 0.6786074552141558
0.25183234107491526 0.22703252543501432 0.19963105850762064 0.22676919497862658 0.27056506565919186 0.2957784471002446 0.3222823844310187 0.32252345756407336 0.3413397002523094 0.35997450990679236 0.30781593933956536 0.31036240188210906 0.35221338215420234 0.31268000622130104 0.32928174391531345 0.3251634505457779 0.31002641776795486 0.31634728435287973 0.31116665330154486 0.34528936370330215 0.33299088179974706 0.31572034775702645 0.33859748762590025 0.3408542267447385 0.34675001599179583 0.40799696035681104 0.44570412834073175 0.4205318591630803 0.5013202429007501 0.4979252318018032 0.6036329200003661 0.6393827340911414 0.6286706568876457 0.6703318041367942 0.693501624049325 0.6835643695751107 0.6783546842456147 0.6894330132524106 0.6607960793124954 0.6677308522143347 0.6638067306796729 0.6558093953465799 0.6847615814504088
0.2625231414346953 0.2590056099035748 0.21107387088133822 0.24036415903483613 0.23617618479200675 0.2951813036526984 0.29909378163759326 0.33538457650925596 0.3172921983619801 0.3327226441265557 0.3491888914503745 0.3548510573493196 0.3657786598077459 0.35557713786478634 0.30514985391495225 0.29766054129610453 0.3423106741883143 0.337146187771045 0.3380038562092632 0.29147470981777185 0.2936457984927921 0.30427492993729155 0.33341725124527055 0.31834135484224296 0.36191344761146055 0.4318119119879146 0.4675790511999391 0.45806033800322254 0.46110737127926893 0.5411871018846748 0.577003453833458 0.5864920511305888 0.6170475189895742 0.6591353112099639 0.6786590701950926 0.6699001431673212 0.6987329001645078 0.7106698405772749 0.6814849773750908 0.6605429881239144 0.6494560773414573 0.69653468485847 0.6831702422037226
