Raster_benchmarking/DGGS/continuous/raster-255.asc
NCOLS 100
NROWS 100
XLLCORNER 1743168.2675146903
YLLCORNER 5469287.446103808
CELLSIZE 10
NODATA_VALUE -9999
[rows 38 to 56 of 100, columns 0 to 42 of 100]
0.21991134038649404 0.23901776714274262 0.2547058184136821 0.3392127998891647 0.33202747021491225 0.35876321962169877 0.42409915310671115 0.4448092474949511 0.4092899421581194 0.43467661031882104 0.4673761259233407 0.5046361788372542 0.516389815428515 0.4961256699997452 0.4791229788823818 0.5064542878903491 0.48976970287053545 0.48845053515321774 0.5091802433170726 0.48268113010547475 0.46877870562818824 0.45786651005461565 0.44240351765551156 0.43947858340954205 0.4750884244587809 0.5017405980961225 0.4922582449270523 0.4763752720285231 0.42962635960617546 0.40307198785144016 0.42391941469685007 0.39118388922199926 0.3534653652765458 0.32670736647381854 0.2654134368468678 0.22989829476961338 0.24123016281185053 0.1773174985397486 0.18203609597215442 0.14158088619156226 0.15267112960116036 0.1225135845224111 0.16504897839434945
0.25962523336937166 0.25312025734488436 0.2617877578969839 0.3033076471706601 0.36627986133125007 0.3933516645921733 0.3857265651676593 0.4062421937260037 0.47693963030276343 0.4632161649895619 0.5002863412144719 0.5062488008377259 0.5273365929427972 0.5460905749934994 0.5551998288368716 0.5496474621529919 0.5418801282935517 0.5481471022613427 0.5686609255736496 0.4957401728289852 0.5349828784041759 0.49754338654671204 0.47369185210748527 0.46454894647719513 0.5099077601582057 0.505212715614378 0.5536010425158729 0.5068139626315487 0.45091121183879457 0.45176906014475426 0.4728996799233448 0.40839077227170983 0.3672294601171198 0.3114017971172316 0.27146839484281954 0.24446980597774715 0.2487093130694649 0.22631815702456484 0.20488776023930727 0.17181465723718972 0.13753425615917045 0.17315792411888353 0.15872200818331195
0.2948059476415068 0.29964340404413675 0.2918350148403356 0.34655717190211816 0.32448916415891343 0.38069738859563396 0.40141185196088736 0.43295164543548414 0.47309551230962116 0.4480446528001503 0.44352468909660403 0.4937695958273542 0.5089551471513024 0.5101214757389376 0.49976842925589243 0.5450176703673095 0.5066364066544391 0.5332794769690841 0.5436912567700583 0.4878383998835171 0.4850432025667748 0.50672245089059 0.47978253039879515 0.49036311916138564 0.48653406961231793 0.5306890470750492 0.5250447987538325 0.5437519780889339 0.5167030757338119 0.48673264295120744 0.4747140904482628 0.43948244398265823 0.39303727624827095 0.3689172922966808 0.31817447804687343 0.288188612068529 0.29966064450594776 0.2360642644127271 0.21469916153543364 0.15751775745045363 0.15738355824006445 0.15651701370614854 0.16995099924909604
0.2853283824440471 0.31849070866327206 0.3276648005421244 0.3496642045300294 0.32980655296740424 0.39561112158210343 0.4250459562880149 0.4101546895094583 0.4272140268648789 0.4339062607106799 0.4532365212388897 0.5394849301407717 0.5665019510634094 0.5175333242851755 0.4938675293259592 0.51903597725304 0.49631707409689235 0.5086244332505855 0.4731622830371785 0.49391561268885514 0.48592775497787666 0.5022528870030232 0.5443445377918651 0.5093184118078149 0.4746199968260753 0.5432130178236169 0.5563899046067362 0.5068133590109658 0.5281639536397514 0.5006562488254299 0.46309567237291105 0.43935823435750376 0.44651526049871787 0.3946563936269307 0.4007512038038667 0.3561354905009745 0.3009612435764077 0.28068266921893426 0.1973173544706774 0.18431020997569836 0.14085518996056906 0.16498475430333742 0.16322522244650886
0.32798689863072433 0.3211905295999136 0.35129369925220366 0.33384375532212185 0.3495896841952145 0.4308341305104047 0.4610390516161355 0.4493261951301098 0.46472008660908953 0.45170451702395176 0.5011783246882158 0.5307527869950387 0.5698703494328534 0.5669527100989301 0.5460797920606507 0.524722867649449 0.4975200431724013 0.5052679631940395 0.510792907089434 0.48142981881715363 0.4722637653799037 0.49709876706858236 0.5401285976905652 0.5099650821036312 0.527393037852475 0.5448333542539424 0.5056986746043565 0.5121481654822787 0.5062704000401297 0.5029506335213074 0.5078806561823425 0.4369572740846461 0.4002681036983585 0.390953463926315 0.35962158512977654 0.3408153600227617 0.3038248508837452 0.27390242720793107 0.23551784965689326 0.2018492348917036 0.18000926883374543 0.14677237909081267 0.17736147768232036
0.3464415680213592 0.35407496554688145 0.35315730403169593 0.40002704215706125 0.42633677082346055 0.41190617703034293 0.47059495801141893 0.488799134306322 0.4834077980899474 0.5094397018235145 0.513678301127242 0.5592008610002319 0.5488425987224925 0.5718413228050722 0.5531439958981255 0.5039445741637506 0.4996304238385621 0.5196268389306196 0.5189151730091395 0.5185881140580892 0.5282508822088788 0.5182939322724462 0.5449508205323454 0.52065712434164 0.4888838213203967 0.53169230777841 0.5360727164088686 0.5558274617703608 0.5521080031396114 0.5257656026913056 0.5088301533967656 0.43996310959543 0.45352532725195877 0.4345839189829821 0.37451947285968856 0.31905964133304116 0.30297171964481084 0.2787628645833736 0.18269624244579175 0.21607303223236213 0.1722969730472724 0.16563403581656425 0.20495479362925786
0.3594161633697719 0.4079296233760087 0.37687714694616464 0.4227973366550759 0.43209230475461496 0.42297723326300807 0.4570087604068558 0.47236181851981235 0.45934677508252386 0.47029658395205226 0.5294013367648026 0.5328309979464679 0.5866151591759823 0.5501293533754581 0.5830407600509833 0.5305161240448381 0.511006045628315 0.5216342302692977 0.5603182670262521 0.5680213362516362 0.5923239387440945 0.5770939353907167 0.5606810960188698 0.5917262955475672 0.5560298268360102 0.5338627757793286 0.5486780159263265 0.4963146807187073 0.526840660864271 0.46857048854175415 0.49723779103550236 0.44389317373502324 0.4279249571621099 0.4166921159771907 0.360012995885648 0.3238556622032024 0.3201768191720434 0.28283797786200887 0.2395011861170466 0.21603555821207038 0.23714938272552805 0.22328363717478172 0.2360562405371127
0.42317728068002103 0.38538265929681553 0.4102395613176058 0.40761226077370555 0.44099823446255904 0.42745640007213465 0.4324700905974921 0.5027061221660829 0.47499811702762684 0.4914426741843545 0.5129206015226638 0.5650305144633702 0.6136812030944001 0.5781772028871859 0.5775206385382784 0.5697887976683569 0.5866276993804145 0.5569670249380986 0.5835998750612857 0.6351818130818184 0.6456626548310536 0.6695189941382376 0.637987256385408 0.6514718862748624 0.5965880862564069 0.5414283345951525 0.5252308840709202 0.5520445304708754 0.48997935016729205 0.4788468264743776 0.4469740818326413 0.3863903298511116 0.3982611727972702 0.38787200222566176 0.3749395149102194 0.31106033146034684 0.31356134952402814 0.270116559552054 0.27285421575368535 0.26982441316226125 0.22121485987919917 0.23729081332192828 0.21651246819530634
0.37443298382806034 0.39089363966929785 0.387716496843701 0.421132286132451 0.47993835836427357 0.43969146498966033 0.42631736850787244 0.5008660006302715 0.5427017090006657 0.5609040183025563 0.6035859538201396 0.6252678159613367 0.5833485501279345 0.5877090205450428 0.5760616266587495 0.5909471292789102 0.5967540389148108 0.6304745956032864 0.6590083178389906 0.6528359935968182 0.6938522826410293 0.693157891032281 0.6655379737610431 0.6773495226130728 0.6633325858743927 0.5982061202238835 0.5879024932527557 0.5680091922785263 0.5200104662210049 0.4970313656490268 0.4346930535337081 0.3855134620560333 0.353594429299705 0.3718422042261129 0.3541793513428009 0.3321651420910119 0.3314545506610433 0.31678231095903303 0.27695300151813035 0.25306206847073937 0.2777669178945126 0.25859770331124904 0.21939113590993645
0.4237338089846692 0.41457185430734267 0.43506704749643016 0.47969442211241914 0.4886199656418305 0.44593004395179997 0.45050375527387343 0.4910200648884995 0.5434862440096713 0.5644648747604075 0.6616450582245377 0.5862017719574328 0.584227643958023 0.5804167391215329 0.6240442345586397 0.6274493507613931 0.6351168590262054 0.6401631235066803 0.6680209442270952 0.675207645616722 0.6757686164560621 0.6708774381390815 0.7005399962159167 0.7092118681196803 0.6920960055456841 0.6713130670568992 0.6653899653575479 0.5495596810933504 0.4980682743229286 0.5099363353950515 0.437886650902549 0.4174818963594853 0.3610883541974061 0.3526259937996842 0.3162174301002425 0.3535212127177166 0.35556981367852175 0.3560321068914809 0.27955135930143754 0.3092751813296191 0.2896859129003224 0.22761703498473898 0.18350840359290876
0.422104497264275 0.4463717221456461 0.4798901586048643 0.46567844065411396 0.46371295754291353 0.5172019756415552 0.531814109775361 0.5214200988293445 0.534516677349615 0.5529236571035429 0.5698010615707584 0.5878665916492942 0.5931522516920803 0.6071531175109772 0.5848018360318677 0.6184925128857993 0.6235474501783005 0.5885815237985624 0.6204855092008817 0.6362690621156338 0.6162879232482708 0.639870741708764 0.671972452998609 0.6570793211438044 0.6314821024360615 0.6416312622443798 0.6356239563920429 0.5935606525125448 0.5618084563307408 0.4954303552181042 0.47606909580865203 0.46440481088926017 0.4181625138264506 0.4252305831451251 0.4089288328578764 0.39604598377881833 0.42099368298057055 0.39057858661139294 0.3703275401335727 0.31950999968015786 0.3296860645102103 0.28241406879047054 0.22339112461508592
0.4283721487016835 0.4353754296708341 0.5012092865590895 0.5206760418119495 0.5140346881424076 0.5276835517057238 0.5259113218689652 0.4817168717203303 0.4961970616193256 0.5635476516643844 0.547346971085284 0.544532653942826 0.5900445916489027 0.5978367175670001 0.6033442108936586 0.6061753568728722 0.5517098077313334 0.536580679019778 0.5359245145720818 0.5867030918455988 0.5845891033719225 0.6008261835370043 0.6558287575918759 0.6481722261918009 0.6082300541891752 0.6240032303756314 0.6278903579890915 0.6044429871601084 0.5889653850936082 0.5144668435609155 0.5463306869468556 0.5186300049149987 0.4951431896319896 0.4864652334941117 0.4266496357250595 0.4319323891264239 0.42748763744694146 0.41002865020702767 0.40899910397574385 0.3791592764279939 0.2968595901963656 0.30544241712241016 0.24877706393533516
0.42317024258003094 0.48429982767085733 0.4911773070388155 0.4973523383565251 0.4914938897862171 0.5087706062461413 0.46669856567781626 0.4890827392554289 0.5061218538991547 0.5315239331997375 0.578383351311864 0.5800663315629925 0.5766453510354218 0.6018494606025955 0.5893533437465428 0.5528947390570401 0.5255101962416072 0.5454955412716935 0.5284361478745535 0.5366458316504865 0.5892813580889786 0.6324372788943208 0.6307647216708195 0.6644889100410133 0.6632904680716765 0.6367763997756556 0.6566542008046667 0.6197565167743266 0.5885303881833772 0.5323369159653939 0.5480111892516447 0.5163750655426027 0.48937285994374 0.5058782456355614 0.4786485327191493 0.4698893181874805 0.4789648158051139 0.49867936468211876 0.43631671961451374 0.3823573382170617 0.33942867281190564 0.3412245809760914 0.2849269192857112
0.46238413671205536 0.49049577700313957 0.49371915726002946 0.45837485310157833 0.4538102557343088 0.4870235525414861 0.4679559470795937 0.4959440209556902 0.44641280959262475 0.4882963167165974 0.5958421322173093 0.577907016511773 0.5748091707024001 0.5658503682627417 0.5430428743509909 0.5264365692259931 0.46836326475382206 0.5026696322676552 0.5239586918975928 0.5607737529710579 0.6195932708591837 0.648664528020715 0.6568942025751835 0.6314475419651426 0.6407894785827023 0.6157611575763172 0.619768464842466 0.6069739128005335 0.5148457456266938 0.5191440806066544 0.5220227524359282 0.5423281413960286 0.48740074833901853 0.5533838344425096 0.5678158364213445 0.529099516042676 0.5698586017801227 0.5262998010615101 0.4962547660470636 0.40803098623955597 0.36515988314999526 0.3465869832380274 0.35334566829875
0.4774799319705487 0.5151192824168629 0.5146787005990999 0.48004472622822736 0.4607431375911186 0.4762536570573341 0.49098274280549964 0.4690497902046677 0.43800948238250326 0.48675070668451076 0.556611130382322 0.5268094754267525 0.5282718945610577 0.5491903514561318 0.5134448783804334 0.47093411243312183 0.45981718943528543 0.5152011259994611 0.519563523788836 0.6030882864474669 0.606729070424323 0.6110950110899414 0.6070253963233474 0.6052848579323331 0.5772514619113975 0.5843664905616803 0.5448152006783906 0.5615716027806248 0.5238162237983415 0.5385239226894375 0.5389576959384919 0.5315297037179748 0.5135858496272833 0.5239773868056615 0.5695620524595776 0.571489323021747 0.5992323283309239 0.5882035624556873 0.5426313107068909 0.4785362924006989 0.43494521442651884 0.3860889209845981 0.3894138519799818
0.4711760814893196 0.47459399050169515 0.5145727108700697 0.4834210799816423 0.4446362775738846 0.4388523345161667 0.44710652432796305 0.4451061604650057 0.43375450697475837 0.44477316309690457 0.5007068608290296 0.5137667941877444 0.5008716061805608 0.5102780437739539 0.46517850179436887 0.4743567163086497 0.4643224726802939 0.521238303878079 0.5240259502922551 0.6103398079345492 0.6385313046715797 0.5992903662144892 0.6095728858921244 0.6177926195199382 0.6043350269733175 0.5591250655667201 0.5001189920760915 0.529151863039064 0.5127551275813009 0.5273299564454035 0.553535423632616 0.5425607983152968 0.5812732695059418 0.6069816819550465 0.5776193696231623 0.5939587775180118 0.6295646727473762 0.5812310612214346 0.5457767750803386 0.5596882846637087 0.51483758137051 0.47971226152031304 0.4114551633105511
0.4696144414697136 0.46746676950998106 0.5173868518457932 0.493342784855565 0.4703475468820219 0.4122952041241916 0.40603445488099454 0.36627341116600814 0.35804871927567933 0.41041285563765134 0.3917569759635232 0.41545456679737747 0.4537721127493443 0.43048738244407514 0.42229813334536737 0.4207303515593895 0.48686361229679537 0.5156130320136334 0.5788666546844836 0.6168397316628695 0.6065191314314681 0.6220030565838826 0.6186441933915322 0.6125591402732674 0.5576085411918869 0.5204140186326031 0.4658029477265056 0.463068364889613 0.5284372880357456 0.5478341440697154 0.5914705353042707 0.5785575145404048 0.6249785132557235 0.6206544261040223 0.6197248868644581 0.6180340905698232 0.6498356112043988 0.6219811459039934 0.5712194929019523 0.5872237013355156 0.5564750292116831 0.5061434058185315 0.4483281208251985
0.45071812972898173 0.46286497345464367 0.5140456591451301 0.4556344488853011 0.4390385563757858 0.41302187551414005 0.3598774065316474 0.37928088689251555 0.33970952234185775 0.3779399586494348 0.3517702684358895 0.40239019425166567 0.4306485288912396 0.40763684046455667 0.4092327467686267 0.4130327782178289 0.4327480366918132 0.48771029015828804 0.5855570251818523 0.6021591375690881 0.6411279292902267 0.6400315449799613 0.6133041967268423 0.5859271631707114 0.5102894238613134 0.5306621060674989 0.4615694851902828 0.5027936237167803 0.5030494199571706 0.5889649808084317 0.6197962750352562 0.601305171001222 0.6125749429646044 0.621053684702582 0.654474410085806 0.6191350743104811 0.6152568351306279 0.6275040823454986 0.6078103730206846 0.57589958650634 0.5551858807864343 0.5060144657421315 0.5225288708262256
0.499879847689462 0.49120206956779194 0.4928332762594334 0.488960007656401 0.4298971431061448 0.40092488226569284 0.36674200116016237 0.33953989551242175 0.33683126241187433 0.36415451162320184 0.37847497996944235 0.36179955191619534 0.38181692513174814 0.42838743681927444 0.40158416536719294 0.40962261089251134 0.44419289451363525 0.49258569280300946 0.5263257660438637 0.5883736019308854 0.558225843746144 0.5704005255307039 0.6098189390150532 0.5730002974372599 0.5570126298178415 0.513710999309958 0.5188918517284196 0.4815848095549996 0.5236983716889204 0.5699461483640778 0.5996027439963224 0.5794717420903209 0.6206510339213177 0.5935128823683801 0.6443881942869951 0.652926503604932 0.6394538724614549 0.612243575306684 0.5771961263306081 0.5831970240072966 0.5699730740500171 0.5282251705254618 0.5435271954456751
