Raster_benchmarking/DGGS/continuous/raster-284.asc
NCOLS 100
NROWS 100
XLLCORNER 1743161.0680468495
YLLCORNER 5469279.301018982
CELLSIZE 10
NODATA_VALUE -9999
[rows 0 to 18 of 100, columns 42 to 83 of 100]
0.8753593746232298 0.8952626028556376 0.8774602748790234 0.8675426351592803 0.8260084016725471 0.8554302824007366 0.8259521547507184 0.7574739880550508 0.7653622244274724 0.801411644272679 0.8141377199366021 0.8108202497239603 0.8129998007392705 0.7977900590622795 0.7703710746014943 0.7799367936728631 0.7653391657956712 0.7749000868836317 0.7669146490663544 0.8034393692108949 0.7703612426660621 0.7387157281013266 0.7477438859552412 0.7352461462299895 0.7593900801046842 0.7416544345101812 0.7190796672621783 0.7346750395455826 0.7070828217818478 0.6937588420254512 0.663389151649388 0.6180300771117956 0.5973374692803072 0.6078304917063606 0.6527952718806118 0.6758221640762491 0.638010342182679 0.6546836734208076 0.6103579860671664 0.5695152839525401 0.5447089099546997 0.5630473144993239
0.8590618870657555 0.8907003026012668 0.8425138269017001 0.8271131410993321 0.848847684741601 0.808340941818279 0.8108818159375444 0.7858283634993192 0.7758301368107502 0.7874459941489003 0.7788174159574063 0.7782904900844827 0.7895826789138052 0.799835544449399 0.767762805915805 0.7591001292862203 0.7587054178424956 0.7456080018456386 0.7569188191071837 0.776582712463037 0.7487625838914647 0.7554033119945989 0.732927530929378 0.7502894377918806 0.7445783131653992 0.7387237442581891 0.7250110167072571 0.6866324135910695 0.6793426082492523 0.6561315644689891 0.673428185532671 0.6465307056872478 0.5985731657035178 0.5941946612485378 0.6436835578226687 0.6649851771094079 0.6424514579894051 0.646984367407627 0.5974907942313302 0.5883625313783067 0.5490467193744669 0.5947232230873536
0.9040313713832421 0.8906410579525459 0.8373156283849548 0.8112493230591573 0.8280641557224926 0.8118246777197483 0.7616184331586402 0.7375959139828259 0.748820038456352 0.7652108181277539 0.7432797588084881 0.750105539019977 0.7927162787459034 0.7816224443045945 0.7338584281678314 0.7340694577837497 0.7606905083695432 0.7564127092089767 0.7652468948711023 0.7457064074301584 0.7462483900766058 0.7121769088300437 0.7182193819462299 0.7077790947589514 0.7104045093097393 0.7313907632512671 0.7218117588534465 0.6715884729092874 0.6733423042984131 0.6498307969650142 0.659228329948712 0.6406509485415326 0.6022053816685546 0.6172593184303817 0.6332458224379339 0.6735456392711237 0.6331009180398607 0.6316566625198422 0.6000167509382944 0.5515291327137205 0.5898153376271382 0.5976884561208342
0.8906601168185844 0.8760609116810555 0.8568005855937243 0.8336807277332983 0.7830239715646709 0.7725123010818995 0.7860734212095256 0.7593782548056818 0.7692099495836486 0.7669259860301579 0.7531601738775535 0.7617925806334008 0.7756704920121207 0.7448438090540382 0.7271213043474108 0.7035657134589407 0.7251819396153645 0.7281426460473771 0.7471445316382996 0.7449831975934122 0.743043860559632 0.7487633366363248 0.7317195458771132 0.710327920223247 0.7383606043442922 0.7105019164611115 0.7088837494961837 0.6716451205097509 0.6667061951740254 0.6754544449779308 0.6377665001037854 0.6404998085367203 0.622106587592183 0.6019817427316491 0.6116163253382761 0.6353196766523279 0.6311107874534304 0.6404564383907096 0.599973670368147 0.5686541446891596 0.5753311137779589 0.5649455210676203
0.8554558174375598 0.8198171024075295 0.806741584841511 0.8093278714599967 0.7693060079320417 0.759553827643459 0.7762885369765339 0.7832974478270489 0.754776277668792 0.7885811417674526 0.7373483998739767 0.749754795393018 0.7521928233552044 0.7323026194685653 0.687875913264726 0.6913048584597489 0.7117558855241328 0.7359669076722944 0.7168290023604174 0.709791416539149 0.7226370909792431 0.7635947183291263 0.730875423223679 0.7354909685272829 0.6909112666495417 0.6819274149908333 0.6711677478364844 0.6787807968984865 0.678333683488137 0.6622333420453751 0.645527712167121 0.6608828242995 0.6356256560781566 0.6002614036437647 0.6059410604628621 0.6099472461721454 0.6322413705147181 0.6328983119576674 0.5933105050690857 0.569868190567409 0.5658511548620204 0.5490846378198047
0.8702865439538602 0.8054761248204054 0.8082404508929195 0.8068889888947798 0.7710736824184383 0.7869281337115809 0.7376355877395425 0.716214439760807 0.7298523913889559 0.7615615924356028 0.7278384408550904 0.7331913350621881 0.7177249895556692 0.7144820067386285 0.6645478728681822 0.6856294950257812 0.6758325756007854 0.7229392758149301 0.7243878276110345 0.7136210117351697 0.7377389969781134 0.7462215130492263 0.7341641487936408 0.7456553726655581 0.7015121904426541 0.6800106762073815 0.6625695330867913 0.633526828328038 0.6493247440019025 0.630716801649673 0.6446988594716917 0.6615643238211184 0.6219702322371637 0.5956566661092625 0.6008395283568994 0.6001384349645544 0.5764524843891102 0.6201130290104921 0.6088991805264087 0.5547050357477074 0.5698216059087736 0.5617308683445514
0.8732494669263425 0.816541574373332 0.7832540471294572 0.7918694804462492 0.795229607605401 0.7806942085064736 0.7464442346672874 0.707143172810523 0.6990464000546385 0.7408968990942222 0.7068225498906735 0.7206353915371642 0.6737855285635902 0.6843570749550878 0.6664477770212629 0.6491630244618684 0.6997810377733249 0.7129047861391206 0.7571431791493465 0.7488631030503924 0.7285723855758763 0.7627258650668397 0.7602172027709122 0.7157089423652232 0.7136267131025267 0.6542454849482323 0.6340691216589873 0.6300589520650149 0.630826296719959 0.6506165770791222 0.6133020827473237 0.6281491799441324 0.5960369324399348 0.567874038132972 0.5493530451434087 0.5417528769783623 0.545577712687228 0.5866674300905179 0.5783488488177252 0.5510455772783925 0.5609683031786973 0.5456034528186626
0.8685329816430777 0.8229246570934695 0.7881842488806169 0.7851399140930907 0.775402124130307 0.7822360015684238 0.7164585163028905 0.6972702181688709 0.7015598590042798 0.7217705615230677 0.7051689843403183 0.7070978189031869 0.6700046879597181 0.6612421442590172 0.6801678870778738 0.6831835696571622 0.6845015766067126 0.7322056281072113 0.7560468223058817 0.76473186342582 0.7204995643562491 0.7277603097205719 0.7353391293928788 0.7234069171326599 0.684626338985203 0.6712705939080601 0.6558338428326916 0.6451419833165375 0.6211653342273971 0.6266034090087313 0.5905025590631953 0.5764364044588328 0.5485758126536591 0.5436420888838429 0.5212310182857313 0.5266612663796783 0.5402263725993965 0.5416478430183372 0.5469156973434606 0.5671470244628968 0.5220904168796108 0.5218262756121597
0.8537023477512944 0.8195378520301729 0.8088502487854571 0.737868600867231 0.7698944330113449 0.7578358654506863 0.7184612011401018 0.6887795854254044 0.6995599981212218 0.6791657317463304 0.6602493951685744 0.6376256407429478 0.6675468755231 0.7009019811786446 0.7012960193857309 0.6438070532840702 0.7158541910909056 0.7362237608529274 0.7380370279853881 0.7597735207186964 0.7427626772907452 0.6984922684797532 0.7435423487547314 0.7291669626284264 0.6956084950123463 0.688614416694983 0.6685576999770148 0.6271533597420003 0.6203711304635103 0.587893101806554 0.583604750539904 0.5321470495213267 0.5131855841855947 0.5339971480737489 0.5286205419471576 0.48781412296658216 0.5168686418012803 0.5809688611089847 0.5711286499771898 0.5565860960383747 0.5241316032544868 0.4837858135545769
0.861306981079415 0.8546251084635218 0.8165423694952471 0.7591986000281752 0.7540647470870984 0.7109214425050975 0.6968968959509121 0.7083047349599905 0.6909777490984087 0.7098823409802298 0.6541920016389837 0.6476433850005554 0.6866142056453252 0.7160036181251547 0.7162580895311784 0.6842653187238086 0.7160409950232297 0.7004416900518873 0.7182626567710865 0.7216217071907922 0.7306174677848168 0.6977083373607537 0.7153668112449671 0.7180376348472021 0.6764133986613153 0.6823053903037225 0.653898094897082 0.6165975903902494 0.5832809337868258 0.5444189284230886 0.5500178788221541 0.5489874063272737 0.5181565637036107 0.4885232467041865 0.5275235646068298 0.5277718739950384 0.5204083568657226 0.5697405425838605 0.5458236311010138 0.548675626729763 0.5420559088550116 0.5340931251275257
0.8481769955770572 0.8549459323046781 0.7980638266658221 0.7712870655877769 0.7439747406068328 0.7083397318429808 0.7225027053368579 0.7222901898766232 0.7456010145662965 0.7300190284735961 0.6781727969525311 0.6630759153342987 0.6713060059553102 0.7122517490105806 0.7443166238103702 0.7401562627096133 0.7328071940001416 0.7109317169760547 0.7195670515065643 0.7170753171137151 0.7277343254605284 0.6987737018818034 0.6640481487174397 0.657121697253392 0.6421118608448908 0.6756522960591925 0.6607757806567562 0.6439051131957787 0.605900709540941 0.5426996688246599 0.5429481009244101 0.5481895071618588 0.5180125655231078 0.4728780863333594 0.5076975999933659 0.5325332015407284 0.5056684360840774 0.5408686658724923 0.5388230848433838 0.5759822255201045 0.5533730017395461 0.5292211219442857
0.8519076866669358 0.8648636149610343 0.8152592825655397 0.7945913610213893 0.7603777069797834 0.7341978829509678 0.7505846207439252 0.7732132110355896 0.7584529752893784 0.7379340879911201 0.7066558212840196 0.711976157745802 0.6837276752462711 0.6889192506065052 0.7249491693070249 0.7400821215001397 0.694827783902397 0.70811864946359 0.705629681916674 0.6965064689396285 0.7071998763221644 0.6645547608066203 0.6735856603001356 0.6646288940039958 0.6544346321237412 0.6379551853716215 0.66219775516803 0.6556601095485926 0.6176964137233918 0.543843592532917 0.5261403640031127 0.48725217758541106 0.4817987353310726 0.4651930132458087 0.4854827500688686 0.5146814003103265 0.5234417097976755 0.5022858485840489 0.5181683824229284 0.5156280310033432 0.5394949579188758 0.4935221119486332
0.8445064784460575 0.8523640419237423 0.8174721207291215 0.796277546118646 0.7597195943677174 0.7840623021849855 0.7507460960961336 0.7710162940358658 0.7666566499672839 0.7135772299364844 0.7009836022452628 0.7204958148960227 0.7013291937218814 0.702131422734247 0.6861889492202888 0.7277258511936732 0.7130737136196176 0.6633466214293002 0.6986148612616633 0.712960561705189 0.6604142650366895 0.6590465800097395 0.618012428526388 0.600977632079446 0.6178922029205441 0.6192639658826694 0.6353555201394266 0.630062161786395 0.6135507350599949 0.5656448816705271 0.5166257305515712 0.48934338719756576 0.49841411625089893 0.5025021475262783 0.501560610786654 0.4829611992311446 0.4978991742619363 0.5135934733109113 0.5069375568301966 0.5164617322939095 0.4962378994461577 0.5161723857097298
0.8094265226325642 0.7911248470998069 0.8006153305386015 0.7651907965211963 0.7967755669519955 0.7971122499140224 0.7460058807189222 0.7731429668156026 0.7410135021241355 0.7128599203652274 0.7082522131654125 0.7112931975721709 0.7199090655889394 0.6968274022306459 0.6734828147160681 0.7113879916731681 0.688059786418994 0.6513264304744364 0.6552012724835791 0.6541061368000817 0.6498562789482478 0.6661661297485012 0.6272445178749935 0.6204850828414249 0.6125644084996036 0.5818911813756457 0.6075594161649429 0.5631251950851939 0.5483026393187999 0.5293002862619164 0.5028017518933495 0.5195898798200306 0.5025753866161448 0.48860262524280546 0.4780898977840325 0.4652142755229374 0.47349851905477813 0.4819910228331086 0.4978055515539369 0.46455067622803586 0.46663407540114543 0.47018806506155086
0.7822674266544533 0.7419275063287946 0.7513094201542317 0.7611713421402627 0.7659574727030071 0.7719247531335597 0.738087179785966 0.750509580703552 0.7426078580830668 0.7191757210352078 0.7206244771410357 0.7019742064043002 0.707495402750527 0.6573018052732752 0.667623166054416 0.6588325577732193 0.6666298031661874 0.6404102188269771 0.6323708608386877 0.6141408326398247 0.653020776066149 0.6477365250843276 0.6157218977678621 0.5940986006178188 0.589778010883361 0.5715328913175555 0.5563158717903651 0.5310496926933376 0.5336985848620818 0.4861433808143164 0.5075672460579204 0.4975736323249606 0.4852447011627022 0.47266292457488185 0.4331336184028753 0.44120340238498595 0.45566251963710863 0.42332073143894833 0.4700419232011584 0.44768026525962284 0.45351673321710906 0.4408000360191964
0.7640001848539884 0.7683099146254037 0.7416879935036277 0.7661866845587318 0.7650727051739085 0.7400694267652747 0.7429538114603724 0.754709337750447 0.7518180200275931 0.722163332433671 0.7308310025387271 0.7073921169742078 0.6770343302794619 0.6330342466564527 0.6375606926903308 0.6279617873663775 0.5954643158356332 0.6227419842705058 0.6237553098743824 0.6154810604617055 0.608593113859111 0.6339969071716891 0.6195782664015639 0.6141345984398632 0.577856610178371 0.5531457579117949 0.5797303442821434 0.5362005155334142 0.5109373271793516 0.46905950251583645 0.48409759743008246 0.47124448556944387 0.4468327735430044 0.43386288143445007 0.42675331442703834 0.3878668456505746 0.3882108087477392 0.39933944591909587 0.43431339272247843 0.4459259685330797 0.4152702730044302 0.4163033923386061
0.736934498712417 0.7542547083583167 0.7221176611681622 0.7178619566496933 0.7448060794637945 0.7469219290515603 0.7271392600743929 0.7676085141734094 0.7302684985571991 0.7640366620256757 0.7170191684566879 0.7223880056430088 0.6603602272136696 0.6265111516018116 0.5908539646837543 0.5951451510966919 0.5909696587548849 0.5726863760050153 0.5986113975651101 0.5858480049195374 0.5736183952857317 0.5977924816501514 0.5775198577810521 0.6025926749801448 0.5724961051730679 0.5707561101325308 0.5758310851393298 0.5522501786621917 0.5184943790229615 0.4497117403939985 0.47859147164419996 0.4154997967118862 0.4052246167697122 0.4383563655136017 0.42811557658070587 0.3686249212590848 0.384730480760796 0.3799881187562312 0.3860748961835274 0.3986311934467806 0.41969230005349045 0.39931351144251304
0.7384395949209519 0.7500455752122404 0.7294433800915483 0.6931440394349259 0.691921078043637 0.7242014442935656 0.7057665740338461 0.7015370675491198 0.712698242954829 0.7161259225773716 0.6943711577841755 0.6834059978258868 0.6506991536778521 0.6343834231871053 0.5976057305038613 0.588139425564199 0.6036910789699289 0.5719661151165089 0.5929014232902619 0.5836576437476327 0.600788290666086 0.5897328220344802 0.5855326550160933 0.576644687904943 0.5536358004497318 0.5467470485581811 0.5786194775988882 0.5568429442003721 0.49093896873631393 0.4897372057768236 0.4657588449128025 0.4390655201019569 0.4176448213450764 0.39197066664452795 0.3898518691135944 0.36988197397055417 0.3731599225582838 0.4117012791107426 0.38084956102877804 0.3719336688320172 0.3937310279568307 0.40768629560986946
0.7213723717103018 0.7127824660865437 0.7246639639549027 0.7050366452904949 0.6879911609604346 0.664989469514327 0.663954140603651 0.7192484738079316 0.6814373402314953 0.6915093119753019 0.63847363559444 0.6236425158638063 0.5856888999873104 0.5816036807701923 0.6090493917301998 0.5982743842480689 0.569694020529407 0.5631131669911633 0.5484128281619541 0.5584795629743108 0.5831870526705573 0.576057557467142 0.6009962834640914 0.5897073947879631 0.5798013204271875 0.5379592192651106 0.537286303409098 0.5542934134548034 0.5014669083206211 0.4989706971830985 0.44989247590620324 0.41305857858164213 0.4056988434296458 0.4169370245331556 0.3821331295223909 0.4035137520243677 0.37990266022276953 0.4239772921753665 0.4023228635417679 0.37413491793460824 0.4070257427233555 0.41088546041662966
