Raster_benchmarking/DGGS/continuous/raster-388.asc
NCOLS 100
NROWS 100
XLLCORNER 1743164.0558971462
YLLCORNER 5469284.428318992
CELLSIZE 10
NODATA_VALUE -9999
[rows 19 to 37 of 100, columns 43 to 85 of 100]
0.33033144608919685 0.3690279589942307 0.3671854403088917 0.39892710964281736 0.3988668458288466 0.40761859097016395 0.3571706039572959 0.33007654001103454 0.2910067715022197 0.27860568423354504 0.22327375467181362 0.1884371651397584 0.1794116090533884 0.16605636775969485 0.12744636675179946 0.13302623694123392 0.12900984554470943 0.14432825436033883 0.13542365823639235 0.12248384376859633 0.09857622447547304 0.1189058721875043 0.15279079801758252 0.18486042549526427 0.17747133288557942 0.26221813159342094 0.3080538224800712 0.3186480444365356 0.32035920818174546 0.32807053365247907 0.32138546585218564 0.3324030635591158 0.31939648584448127 0.3454323453014838 0.3718615834605297 0.3490749744764845 0.35295866037120016 0.3137606823077973 0.33092654644530006 0.35828920620606247 0.3186417525918744 0.3073829677793041 0.245490361906915
0.27398878438792096 0.32909719617576855 0.3199515293019606 0.34994948557066313 0.43340036610372684 0.39283503872333186 0.3948807867266505 0.34430033907046037 0.3194172834500357 0.31317549633264175 0.22207889591681923 0.20839390009777922 0.22328313261733324 0.1817426652294034 0.18875782213958145 0.16590984968733283 0.18804877598355213 0.15688741739404882 0.0947644872172145 0.12618186925147315 0.11154774006802427 0.14065329561783946 0.1825877671341451 0.18143508657314905 0.16683599232366886 0.26080814550702053 0.2745565228680478 0.30429942327124676 0.391150683536412 0.3516647305726698 0.3161130790755545 0.3607912884169303 0.3570325728850366 0.3872698549456879 0.36644969492222756 0.3467048696286285 0.3701669910269989 0.3186013701066019 0.3499012358682403 0.3513890697058811 0.36066316083015487 0.28746348647444875 0.23617141072003192
0.26721026955085014 0.3263108724265199 0.3230970376051156 0.36541630046503615 0.37689126774043236 0.41505748892325117 0.40267624971336535 0.33135550670117975 0.3452932553695073 0.3042110108513979 0.284792894309516 0.23161273603558571 0.2170173064293936 0.17579381382540568 0.19030553511927076 0.15850269344004134 0.147533335203901 0.1385176772207908 0.07874742362412837 0.08969683577998944 0.10216443096413064 0.09371931591547802 0.12792000450229082 0.15815421233148566 0.20607262511458665 0.22060722861733847 0.2683892381527397 0.3366789058072806 0.37716724823383246 0.3775727827023236 0.37259700871994406 0.3294982064107447 0.30629382927862586 0.35541224400483246 0.31426466539645004 0.31285283826293986 0.36296635216991613 0.35779749255850546 0.3770822082007778 0.3545258624831182 0.3429749447479719 0.2737901634836718 0.2917073531634488
0.298895489286079 0.3078889727608792 0.36493714856890175 0.39839965222278073 0.34934192074290227 0.33971975606454613 0.3562658284106906 0.3908367154937821 0.360772300083034 0.3268186586446872 0.2809835576969414 0.22474610440257345 0.17331717991768755 0.16594212199106453 0.1447684008257618 0.14248420366049358 0.19762093462849578 0.11949518773104138 0.12624826977548154 0.10487163330079095 0.10421620667791145 0.07363901703956882 0.10920270943476075 0.14242247708893907 0.22229527947851496 0.20660913008056425 0.2665909309913826 0.3371772286540603 0.3902794065703349 0.3553349732010026 0.4057033731999532 0.33721148532281287 0.29268025083054344 0.2963578380687448 0.2818749226900509 0.291255007882228 0.28234120851847183 0.2854058995849547 0.32115568263054234 0.26808526936081584 0.2631863559958289 0.2644054142108512 0.2875526126233944
0.27924097265988057 0.3363909263508082 0.3459212242177367 0.41239951160627447 0.3931496328759408 0.3638457441926713 0.3876807758154034 0.38554975872179326 0.3881332232417841 0.31125403450084066 0.3221104737855642 0.26284946075589055 0.2255120614392815 0.15494341160777386 0.17533049818467403 0.14007583199684231 0.16465591125561274 0.1403675720650109 0.14118262159743591 0.08999427141378466 0.08827868677739227 0.10079877722215762 0.11906392789594807 0.16098730957758883 0.2125898744105577 0.19189774304278706 0.26387474904430985 0.28634688655781637 0.3193474908397884 0.36906759765476727 0.4015717397072033 0.3700067264413508 0.33222050155306526 0.2824029070023922 0.2925214257469961 0.28777362334863765 0.2633682882338157 0.30355964891633425 0.2616524420385175 0.2530872954437256 0.26119356850910863 0.2867182092343576 0.29211641933257926
0.273793937895286 0.3000698542869591 0.3843392889443198 0.39313228543565465 0.41848020825987137 0.40020611957403535 0.3910193671807758 0.35963783019439405 0.3681854702680304 0.2989612569479955 0.3326940745426233 0.24799188111709597 0.23130681576621256 0.1754693567018445 0.12686250405009433 0.13089595764766818 0.13784655027083684 0.17618517231885855 0.14593152081918237 0.14682331465359647 0.10529652939458889 0.101089765887185 0.07506764313852202 0.1593566486675401 0.14257204186449687 0.21248875783090712 0.19550227953502683 0.23560922079099172 0.35298255564622993 0.3313818522056364 0.35549965181461257 0.29976908133861346 0.3068259709303137 0.29614964686604084 0.34508262259826367 0.3502548234559065 0.298228405670843 0.29814983536250933 0.256017159149487 0.25270293804587335 0.2651391245511435 0.2909736805507867 0.29968291774633166
0.2739297082943898 0.3131692807409368 0.3619195987193239 0.3771102902336958 0.3917616977038758 0.35927467619699205 0.38742969795351495 0.36578150798704007 0.31295738968604225 0.30210549084783855 0.3219768588181456 0.2996166195957025 0.23065181505688942 0.22962756460397635 0.19514312828323002 0.19635505850135976 0.16547271288825685 0.14891581501117365 0.1763562064106122 0.1781201561824561 0.11905191331013039 0.14238023114175058 0.1279134333739761 0.16457655555616782 0.18380319048848826 0.2158652223398914 0.23773762343975335 0.2231984468707393 0.26937050884881947 0.2965244121638601 0.3079976425321262 0.28709524826703986 0.2921028688260321 0.33012955812112976 0.36413815742239886 0.3428916705062863 0.3001776400919415 0.2544788494981477 0.2795756767751748 0.28351243977292695 0.26967701029298385 0.311838602013466 0.2738521097621308
0.27525833474143113 0.3247693116937111 0.3413168049129521 0.3783401670848651 0.3578913738755014 0.3334634694598303 0.3790951209077375 0.3318240402950245 0.30476375638379627 0.3089606957856371 0.29843802863864655 0.2798547660395791 0.28223997521511446 0.28496499148047344 0.20674368466805207 0.20313390257333047 0.2397982079395718 0.16633713658577062 0.2028685665544192 0.1991751189771387 0.17954354267952535 0.1282586335810825 0.10798759744389733 0.14833917606129882 0.19613459372340408 0.23988045801017105 0.23676418416676964 0.2542450725419237 0.22238242935309568 0.288458218581814 0.29753916148920817 0.3041805792182477 0.23150405824448608 0.3062385039581934 0.31059797135511147 0.3189251167942257 0.31045840687486514 0.24263037142876284 0.2633859979236961 0.3095129516997831 0.3002422975443502 0.29684934073709535 0.25817410480847053
0.32703239442152343 0.3258821447512301 0.3047388417367658 0.3377325000842502 0.334031791805574 0.3532378779509729 0.3423993938434092 0.3101686730983928 0.31820296419608013 0.32177821652616145 0.311262137292271 0.3558334412184297 0.3325269486848122 0.2956383770729103 0.24445204740593526 0.28119892349803827 0.23711769841450867 0.19050729856324672 0.20602645339556033 0.1736819320178881 0.1721587359832757 0.1322095975221984 0.13848023605352608 0.19797585271322848 0.18447966491848794 0.21281212973108085 0.23897164758629652 0.2501888651847648 0.2278167912177306 0.2111046548161862 0.28142012491458446 0.2696247621777316 0.27670599019082526 0.26305526105482135 0.28088116386162215 0.2832438113063899 0.23490020986301077 0.23443226298921327 0.25502459423460805 0.29490114487006197 0.2884776642890889 0.2721738497786028 0.2754524593632074
0.2682829545466585 0.3080912412363765 0.2931739032082775 0.36181839494231943 0.35833259067075984 0.37457105093005083 0.3671540659511348 0.3221098964897812 0.3051196082709186 0.3390386948287014 0.3620139580485334 0.3917775939603209 0.41394877685902576 0.352868988358883 0.3154581829703974 0.2581652237858029 0.2365802210885105 0.22551904967740186 0.19940573041218737 0.1611174380816967 0.1267197654565173 0.14218233183668355 0.12652121497507796 0.17969651243470516 0.23919864884014275 0.21204706380946928 0.2326442218584566 0.21516639947334676 0.19142724541342626 0.1990025568067407 0.21635640070385706 0.25145712350253957 0.23888096162982664 0.2727900198934127 0.2764336809851742 0.23558110966067072 0.19899503024719029 0.2297380395244981 0.2188704720257525 0.24500028285163933 0.28767265546339243 0.27723037209753687 0.3544275938098402
0.27014710132469133 0.31767041939324114 0.37456162743275867 0.377346740444252 0.3441333522122372 0.3688783529811853 0.3542837043679614 0.366747026628627 0.38858860737408085 0.38514687759414185 0.42490670935262476 0.42858705418192095 0.4248361760684393 0.3557627130799387 0.3688963207503183 0.33527226931210263 0.26095202108260884 0.22778872314491683 0.23010023929647208 0.1571282443314412 0.13144258206137732 0.11238989531130751 0.13818102917286065 0.2002030563602739 0.16876590117234425 0.18473024076772904 0.23174469158085478 0.19258973789593126 0.22781401295038195 0.19432684418827648 0.2572525850086796 0.2785263704989167 0.2727828825693272 0.28854000822539755 0.3006597982069462 0.27572214884140295 0.26566438844482565 0.24378929811221736 0.25196992052440326 0.2787221444024835 0.28832734237321317 0.29771461354841167 0.3313817419745259
0.3366348965168721 0.3483547925002964 0.3908621895427538 0.41315228811404886 0.39157472286808387 0.355469817888744 0.3332078223569749 0.3710185220299544 0.41983115853330366 0.4370244701017424 0.45098027014144626 0.4393028537037758 0.44394368829817105 0.4177930584769734 0.377098972182785 0.3123608806532753 0.31355657250519414 0.2265079160697734 0.22931436559526064 0.20547798309537352 0.14329870323520602 0.11846528060977465 0.1556942135853104 0.19947908644514611 0.18356304550982902 0.2260284996480821 0.21355416952753453 0.21859047315681832 0.2236890779721847 0.21773504217900455 0.2716639146417083 0.3274870815487269 0.3521548106132992 0.29944875630610324 0.301297735863334 0.3007958515687649 0.268836108848614 0.3167368546325137 0.3432177606469314 0.3365349341180519 0.3199281197731151 0.28805308631134313 0.28656181069271774
0.3389491273105421 0.3529900539830984 0.4078633157565656 0.43506986949818693 0.42525378952613674 0.41480216544488285 0.40047964089284294 0.38945445056798295 0.3904734501508107 0.44603003725616913 0.47181437599387194 0.43994873124381156 0.4353904306744244 0.4350086671380222 0.4008943251785072 0.33838751877710754 0.31078380710749615 0.2690780088397575 0.21270325810892957 0.1555662778943033 0.1610256141237682 0.16537444462468198 0.18713881315744935 0.21030095820116604 0.2010107155440638 0.19610463342711934 0.18798396896628855 0.22535639839035235 0.21051585005533424 0.270797609945996 0.2573045751427005 0.3211593988636923 0.3316833439319086 0.36399033020603944 0.3881537709797901 0.35752830108224765 0.37634982632414293 0.38364180782945984 0.3226330040249859 0.32360221046945314 0.3620805419757624 0.33927555228019723 0.31984387752057303
0.3249596829660676 0.34146071843572756 0.4082564080742761 0.41464727957266373 0.45364527055045745 0.45419216826243697 0.4102659341258856 0.38227335277592533 0.3996031502805433 0.46051720676009583 0.45940795358035275 0.48452168333607176 0.4870314857233342 0.4607183237353277 0.3632976887011392 0.301982404572445 0.298255019107454 0.2450186383275182 0.23441132828450975 0.20927693246081416 0.15031683138352991 0.20125690889014633 0.17025252555343015 0.18194399744843878 0.23096154172678754 0.2080486685464181 0.2454943779603859 0.25442237976720034 0.2247101915848642 0.26486631050091397 0.28248252327951284 0.3038151634534836 0.38996378251279273 0.3639066164049808 0.4065548507057231 0.41245800607955013 0.4421238583760802 0.3773603186117551 0.37677455354841044 0.3554713273634893 0.36714475986873135 0.3301844931318794 0.2494480365999943
0.29615317485376647 0.37760859051298534 0.40756130059481055 0.3966459143165601 0.4506016472948228 0.44828082996635255 0.4272665152081799 0.40369851043576893 0.46667987124596216 0.4788549398812503 0.4497125144600986 0.4534590073095126 0.43310091595596006 0.43990763879328165 0.3715277131521541 0.3394515394686249 0.31378565319898866 0.2880199784501706 0.2649087426804004 0.21668146028449453 0.19368071322793468 0.2268947182173555 0.23419678117443024 0.2309554058473338 0.26752484794303544 0.2667908378784614 0.24979922601282215 0.24090148679636894 0.3006583883548114 0.3070874621781269 0.3127204824651861 0.3276725876750408 0.39925336129909966 0.4008519851733879 0.39905029295074773 0.44884821133571595 0.4582111109255885 0.44331892785813976 0.39128413074351087 0.3987640086386034 0.360576375495121 0.3326529843840793 0.2467931561387532
0.2920007472435689 0.3402763617145007 0.3578770768098988 0.4127219257967133 0.43058656163386044 0.4605719231207756 0.43180418878546584 0.45195142931343224 0.5021568341319714 0.48445835663815107 0.47184423175390033 0.463801408904541 0.405939255688351 0.4174879102301665 0.39301542715415844 0.3678721069651359 0.3560142581226361 0.3255661281668909 0.32669521745867064 0.26796721373239285 0.2904324121839504 0.2497700288123897 0.298793948650475 0.31541553234341124 0.33866973583975085 0.34451909346779735 0.31454141561423926 0.31775101577358966 0.3135648174319997 0.29395337375063263 0.29878192443156065 0.3632731190364728 0.37647933988735693 0.41348691198844834 0.40928105868915404 0.45283136939774055 0.45220194049567675 0.45031480052577366 0.3953364342610788 0.37906474615157026 0.3548583112380103 0.299026358066565 0.25122463089652897
0.2385891324306762 0.318706628397935 0.31957965351725987 0.3813490520444007 0.41236836271332517 0.4033434541006069 0.40252061251429466 0.4535201408915672 0.5003500006696202 0.5216039185505361 0.47695498055031404 0.4474947667050561 0.4390598244392992 0.44717351196052746 0.38795328707332505 0.39156457075347645 0.3810384559591129 0.37740423122056244 0.35407883174768945 0.3251307900837664 0.29989560683687916 0.31000461411620867 0.3498804644390252 0.32755016261188746 0.37109498311300826 0.3933251081623891 0.37181124048609004 0.34416483788035857 0.3544665644938404 0.3183548993625797 0.3376379103655319 0.34756165554198204 0.36768346984918027 0.3908624376098672 0.4187961129270698 0.4410229844865076 0.434824424364048 0.42770267342845303 0.3752790662213354 0.3798811950090166 0.34284380831647326 0.2637004351958399 0.23904337180076543
0.18594707456394746 0.2560085656690658 0.34999322668972466 0.3343461772517061 0.36493468929735234 0.35591762647858893 0.38259538874700794 0.4587408594163566 0.4914505108213166 0.483864998188519 0.4965549731040404 0.48141188795737017 0.4734882781316763 0.4809888264983032 0.42549713679586104 0.38956275181851924 0.4360904159271405 0.4435259764841006 0.4079131264405819 0.34648997520501973 0.24249988013891793 0.3147385195535428 0.37119007415677663 0.35764666434690084 0.4012955734978311 0.42871066041717737 0.39945680024888347 0.37143184715211586 0.41731877618568575 0.3757650893171635 0.3774230291830843 0.32188406213906917 0.320333218821672 0.3859039204450173 0.34700116143750126 0.3990852038878107 0.43639152116266783 0.4236970193107214 0.3614599311428596 0.3653586392993312 0.32494207582045936 0.270729547486114 0.24150321294606963
0.22970267146175638 0.2634331590326675 0.33589690183302595 0.3269126148157721 0.3775937744413297 0.353827184563965 0.4266387186086608 0.43909474882392063 0.4679012439571292 0.5026649306412228 0.4868169572973607 0.48873876885119344 0.4642968853041874 0.4586301820967573 0.45530668847032757 0.4152118806991404 0.40960353808855204 0.4509264937242177 0.4333549094738117 0.38402614879804675 0.31962575734290416 0.33543511872807164 0.37666559677655775 0.4206168464212677 0.4208954547817189 0.4030014686783915 0.41048020742264657 0.4124851580434964 0.37155474683432665 0.35330175195540137 0.3296045188408813 0.35481765261837267 0.37293334671695416 0.36995143854340823 0.3549617460736572 0.3567581636612 0.3940860061098022 0.3688992166862817 0.3448500154830829 0.3227215133131032 0.28589735441096364 0.2878347503430992 0.2658525449565795
