Raster_benchmarking/DGGS/continuous/raster-58.asc
NCOLS 100
NROWS 100
XLLCORNER 1743164.4313690488
YLLCORNER 5469278.3942752
CELLSIZE 10
NODATA_VALUE -9999
[rows 0 to 18 of 100, columns 0 to 42 of 100]
0.7872223991864478 0.8330600685204292 0.8313509603606922 0.8362159457634931 0.8462126746363753 0.8518156869888986 0.8259043776453923 0.8325554788508573 0.8111523527370227 0.8289490028429148 0.8496868307357234 0.823113769484742 0.8339295529567398 0.8520653021340145 0.832519209732449 0.815814161498567 0.8038245205121028 0.8107709988471555 0.8102445612240344 0.7896732274397792 0.7957274638727422 0.8070722759409074 0.8034360043219094 0.8075269538199529 0.8233257471446607 0.8391382767565618 0.8173640745412807 0.7871199673015626 0.7738152351793907 0.7759897195262272 0.760101378581539 0.7549772246967775 0.705269914698645 0.6918135883171255 0.67347367218659 0.6541103868660002 0.6549523884773333 0.6551473518643852 0.6044815056433109 0.5516008018364807 0.5307756992819036 0.508841794716351 0.4624244059665996
0.8208914505392988 0.8771968559876662 0.8905609197440116 0.8914329132272425 0.8486319189082755 0.8516091082121117 0.8629659746134923 0.8459739018408594 0.82328067890059 0.8399788169698599 0.8544700477146625 0.8405056421236198 0.867238725574745 0.841237361780232 0.8737578256103699 0.8498118897268515 0.8369026066166323 0.8442767587531844 0.8211193727474233 0.7881823180982126 0.7945075192941206 0.7526318053448294 0.763209535472869 0.793531991009377 0.8195841400322524 0.8049179186034716 0.8275217848545072 0.7865462759449003 0.8031928186095584 0.7768290112585682 0.7836158767818698 0.7513714577541025 0.6995899868100737 0.68883410042708 0.7077894877109686 0.7074355121891226 0.6682585053157767 0.668307362059238 0.6266865919319194 0.5575972231458786 0.5653016432143957 0.5104570286189278 0.48976557626150846
0.8511562245278153 0.8783361730815129 0.8629711188258766 0.8928859681756017 0.8777926122366746 0.8803001777951653 0.89331901631952 0.8570359102415914 0.8549153529886289 0.8943255747421462 0.8844412313908054 0.8541089779811921 0.8524205446756037 0.8675451128525888 0.8697328701049358 0.8462388623530229 0.8318186437047194 0.8413797209432242 0.8270994997322403 0.8050486281037895 0.761924159474319 0.7616850707749542 0.7928693247023008 0.8034809225636779 0.8169158652697351 0.7812170822049734 0.8077909563446496 0.7895433054623868 0.8027178423975354 0.795168611280285 0.7799881455058608 0.7561725667100357 0.7490769106181031 0.7543571561249622 0.7206294543190037 0.7118375544955051 0.7139054906836578 0.6763065885288337 0.6563966009987044 0.6220297562842233 0.5871786356034112 0.5841139235372693 0.562057843667907
0.8410410658993186 0.9057798828603001 0.8545975151451003 0.8511392203369122 0.8537843702464146 0.8868135164180287 0.8627472091330771 0.8940669697700616 0.8505523820545146 0.9001317585486464 0.8926427684266471 0.8760803108101957 0.8409765262333838 0.8265413967601707 0.8508897857586005 0.8734912032006794 0.8249117387156493 0.8047207434047752 0.80517468662767 0.7759139427792904 0.797428303337975 0.7878898104819707 0.8311691433026074 0.8215480676873561 0.8061432506775209 0.78836684020377 0.7629305515334966 0.7862432512732815 0.7800019984361534 0.8330947926615254 0.7758927705338864 0.7580666788012335 0.7549431151956136 0.7945288820309653 0.7521164171745208 0.7093521743286364 0.6861443870544853 0.6839761969841672 0.636460402578248 0.6345517212168488 0.5899263977691253 0.6095758768497311 0.5800784974956991
0.874781019020219 0.8807455124309227 0.8955754023255423 0.889515571967443 0.8686930552376809 0.8637098686067863 0.8701039043855398 0.8454267647185542 0.8511025145827225 0.8643170155034628 0.8671279438260628 0.8902632413727264 0.8401637032037449 0.8593225156288571 0.8657356842479653 0.8566545209095772 0.8214879255278117 0.8112741021641469 0.8016310228344268 0.7824818407285522 0.7890725447225189 0.8130156168735841 0.8356159817736533 0.8393134361108525 0.8257861462400111 0.821809592157885 0.7730195680100953 0.7784438308372288 0.7922753109960714 0.8244537325494368 0.8181106190623557 0.7848511375151652 0.7452742903381069 0.7449821956522423 0.7389857050522788 0.7217528690548303 0.6839474232949123 0.6455962301165932 0.6484015854680777 0.636376075605986 0.6023462093827064 0.5865069051136317 0.5951615783604748
0.9037060479699738 0.8823145778774751 0.9102926536133316 0.8647221211870202 0.8981077611288069 0.8958278765123047 0.8444425349477834 0.8374185189101471 0.8378493982393361 0.8705729572425417 0.8874309035390645 0.8857102289929784 0.8772554394703053 0.8662236881723289 0.8661996294037674 0.8724807378781717 0.8392975683993518 0.8392413394691227 0.808838800241288 0.8438306032629554 0.8176521568446947 0.8280710012092595 0.8348033043784894 0.8027465923107276 0.8216597306026839 0.7958882112823639 0.7810094152050896 0.7778337572991573 0.8138704212010156 0.8213220922294544 0.8051047699568936 0.775662648880946 0.7551494055457366 0.7334051503224006 0.6958531142579987 0.6631293323952938 0.6460848491775937 0.6160614265915498 0.6142616584775167 0.607813104854453 0.5667641154350185 0.5739579366967099 0.5591492745702692
0.8990616271762709 0.9031577205810818 0.8993645862415157 0.8925936204372068 0.8960727771153681 0.8906571326790703 0.8547191660212229 0.8471548655032853 0.855586265219188 0.8487051518755476 0.8828336718371358 0.8981110637911479 0.8466358256160311 0.8345348500298059 0.831074455025432 0.8503347615041761 0.8489960202542568 0.8270716334887882 0.8441142394341974 0.8609684127398759 0.8742891491242166 0.8771940850259206 0.8622257273610712 0.8080830990770008 0.7813037511250615 0.8051154628605317 0.7919810471541422 0.7893535291773244 0.8121106477073298 0.7816082197468838 0.7607437389438656 0.7417855900736516 0.7475983682784108 0.6962131700498226 0.7048411816081981 0.6417507513086245 0.6285477233758252 0.604326512990078 0.5843799383094147 0.5605722918011117 0.5608918524382137 0.5796601126006332 0.5768718632240725
0.911063268201322 0.9461486458673822 0.9085582490671341 0.9213419573081394 0.913624530438642 0.8710392144432293 0.8367548911160602 0.8308575848858867 0.8546399619599956 0.8263153527341885 0.8379559423786687 0.8802246407884262 0.8440247519236765 0.8502364771402692 0.8520953303570029 0.8129994338219803 0.8458035750779472 0.8537193140558956 0.8448336584880605 0.8619008633988451 0.8854904727749842 0.8633392224912376 0.8815316923042192 0.8548372140709206 0.7995274323966343 0.7756920471035829 0.7597941899478818 0.756224183869799 0.7924816126958036 0.8054884224837069 0.7921687182189606 0.7383454341280159 0.7247892343836985 0.697813761092735 0.6797724810848639 0.6611155109992759 0.6283179809499942 0.6199381684594433 0.5952848865323561 0.5884640051079478 0.5757772633206256 0.5689967366567157 0.5650151626581015
0.9119774636831262 0.8998723798181757 0.9123734928357441 0.9451028811390005 0.9161282219021544 0.8794733584885155 0.8733860713041477 0.8368570144326477 0.8436923362311187 0.861745589710759 0.8509173247940875 0.8582270347919327 0.8737640896962595 0.889215917731575 0.8830903489005266 0.8383856000998867 0.830427236037406 0.8317596985979367 0.868698330977446 0.8712097008839645 0.8719548851208239 0.8528874417666602 0.8629745461083774 0.8635721437965355 0.8630467997674731 0.8351219619831471 0.7747849902111139 0.7734088831221735 0.7761538662618185 0.7831931339687428 0.7603811275287203 0.7607399356471876 0.7475448829375673 0.6972558951462795 0.6728442403863681 0.6453140547014745 0.6371931019165767 0.6127860513736756 0.602540959100917 0.5803274545305026 0.5688014554549871 0.5855829179435902 0.5612182946058896
0.8796395804736821 0.9034641361063129 0.9307424091107989 0.9463091247383433 0.8967804105248743 0.9006431275479048 0.9063556217363583 0.8799284727369071 0.8923389984777865 0.8736978244306823 0.8887790967303281 0.9232030101596655 0.9254205445701826 0.9245957409316987 0.8940105157935749 0.8441017425248347 0.8445366658367742 0.8378861946488546 0.8438579125975137 0.8914891086476244 0.8857945278058381 0.8215215122466467 0.8456037839968208 0.8712185690694713 0.8374010730767946 0.8510253484207503 0.8387496883278378 0.7983300409545414 0.7867101985000315 0.74132448087495 0.7608528356526292 0.732462024876098 0.7613010720146375 0.732960427399584 0.6931603932563136 0.683458821219473 0.6286940678437638 0.6486574709100561 0.6179564777750743 0.6075114743557074 0.575473221477771 0.5591789619465004 0.6046621202953243
0.921287254487021 0.9370964335820132 0.927638004197363 0.9583175009763872 0.918501141237116 0.9045151248651963 0.8754446328038001 0.896423553392108 0.894791249342145 0.9126119884897351 0.8954380354041647 0.9087919775190982 0.921720833528874 0.907245255124233 0.8701069396535397 0.8371260042018189 0.8502189778300939 0.8916053816291843 0.8720683064184819 0.9059629103005361 0.8672242624175633 0.8139012367108029 0.8290400677186355 0.855247664775697 0.859332751165746 0.8751926435578351 0.8536064399570231 0.8397860114884504 0.815744880788751 0.7585971570514878 0.760519917804808 0.7233123702109877 0.7296290792963833 0.7287384010293926 0.6845524293643422 0.6535608604805194 0.6411323888345146 0.6094028445735286 0.6026834411382916 0.6204979428864441 0.5846103624490904 0.5990201092149132 0.6104317112787854
0.955343899468117 0.9781524135094425 0.9532524377150065 0.9856870512870068 0.9111188827731802 0.8909702550274361 0.8721966952964935 0.8893421365225429 0.9137355054444732 0.9647055204286786 0.9523142354596261 0.9056348923860977 0.8970159930054173 0.9121165061257969 0.8947316919693805 0.8517545208524142 0.8591381618459332 0.9139848657758692 0.89741730360398 0.8983207360848385 0.853435059283115 0.818045018160351 0.8228748460545261 0.8426126934493423 0.8662509421070919 0.8678229010291857 0.8523556162874406 0.8468486570032236 0.7970433177158981 0.8035653477504862 0.7895215672047546 0.7276269793340167 0.7158898096502556 0.7379394776878654 0.6944035326338988 0.6738888088834248 0.6431288304327776 0.5920104894108588 0.622092897764393 0.6093109692971719 0.6093617928529128 0.5969827515644796 0.6236218825414396
0.9568731974916554 0.9710498852821358 1.0 0.9981259433453413 0.9412385192506256 0.9395373536116377 0.9264787773221779 0.9091725251128517 0.925670531035326 0.9655841241120745 0.9717489771368791 0.9231242751802052 0.9403244121739005 0.921780268857687 0.8868791313362179 0.8744134481387692 0.9099000639844985 0.9230777686783146 0.8753882927188608 0.8644900787037288 0.8363504349918125 0.8028380767099714 0.799439284827158 0.8440556541466321 0.8434925832236814 0.8502315375938475 0.8517962509075029 0.841971868755411 0.8003705807821045 0.7741417376987069 0.782074148777634 0.7374828181784996 0.7100784218360194 0.7266437256143813 0.6978096007811128 0.6613554688020774 0.6440897485526125 0.6139700848211871 0.6184820046612629 0.6134888097843377 0.6478795446412953 0.6207529302159596 0.6322747576615799
0.9521758091309577 0.980064660356961 0.9805830244062443 0.9802528736692291 0.9503595548801632 0.9317136793322497 0.9304483909626966 0.9251220492651496 0.926412487871352 0.9647213581170182 0.9609988074090511 0.9792080985779691 0.94680238118928 0.9101120090990916 0.8897984774265651 0.9045496253870497 0.9198772724340306 0.9213732590807933 0.8539946978693592 0.8464290852840823 0.8054373653359229 0.8008605571247335 0.8243319119404457 0.8017331071913287 0.8099579119892141 0.803591458667645 0.7864517683697407 0.7972410912930242 0.766171442699176 0.7800891770795585 0.7875930333468747 0.7538325023962588 0.7087677886696735 0.7059689793256854 0.6897395823056 0.6291120652868302 0.639924450860841 0.6643016609527937 0.6727304037543371 0.6538539950025918 0.6598498510692953 0.6439054117204288 0.6038019737291364
0.9382492638250036 0.9858307321861784 0.9710572201881819 0.9517222749268549 0.967025864345281 0.9169844633762801 0.9224458040275895 0.897824147665739 0.9156098983668322 0.9278823566928481 0.9516449943749399 0.9677990396375558 0.9589834797157882 0.9291102339646943 0.8979205671612123 0.9103075224229111 0.9055900101915952 0.9036080035823514 0.8515093405137301 0.8186057626540134 0.794533241380848 0.7693616175109882 0.7908883673382039 0.7783190764994532 0.7435226422028305 0.7483076470726099 0.7553655078479778 0.7565867181031325 0.7725856123852346 0.7783143304517497 0.7494256253923753 0.720916274834742 0.6981565434514653 0.676245709340957 0.6429737714754676 0.6536472498901835 0.6590725921887843 0.6579472361070426 0.6874167994158801 0.6596936265718093 0.6512674830479944 0.6392326546304974 0.6053912728861531
0.9157253079179422 0.9523003378820805 0.9509624251592291 0.9665554442977122 0.9664159271616239 0.9476977634940107 0.9164616586344478 0.9114364019024299 0.9469468921802084 0.9560337684909143 0.937177564527544 0.9693756319100031 0.9571658049954738 0.9151693532408993 0.9305158494334548 0.9123532340827507 0.8958866360399268 0.8654245983932579 0.8606491328257894 0.8439580781261502 0.7960814990776217 0.7624259855687661 0.7769902602879497 0.7155385355320044 0.7395432082576999 0.7372867945254239 0.7475862234383792 0.7665751862457576 0.7508959518357272 0.7785717627714032 0.7453577596778451 0.6869768081173944 0.702060471856396 0.6349788855182299 0.6600167373328789 0.6845522337805957 0.6932776865090118 0.6711015252334257 0.6935175815843504 0.6843438467222906 0.6604349035354086 0.6211120486825562 0.5814739529458314
0.864987195511914 0.9092775391793351 0.9368917961373092 0.9288278697592179 0.8981523783071877 0.9075254566404164 0.9331257423724213 0.9052342673647016 0.9030199038615442 0.9087050165298666 0.9465721941629326 0.9278908952376789 0.9441998542383326 0.9308624807783203 0.9223695478708556 0.8667553093547807 0.8571059149619998 0.8592994243100324 0.8371242736619761 0.7999504449533305 0.7857870400306073 0.7487358465465062 0.7400667680018611 0.726726739803156 0.7279102604414305 0.7242553230970117 0.7351949686704904 0.7393470694001861 0.759383322059264 0.7875366818271275 0.742494028683929 0.7230946353803477 0.6850194084309295 0.6458335053656843 0.6621659747079457 0.6588587259859042 0.6670702852927597 0.6658174353025396 0.6695278756643442 0.6525218180468613 0.6290069831539004 0.5965383274023713 0.5804130294478808
0.828638204525942 0.8392594793790915 0.8766177455668296 0.8914708826636402 0.9026998299066915 0.8821447113686888 0.8976012853879781 0.9414646557124159 0.9050382781719897 0.8997190488492659 0.9082819868940882 0.9356156360685507 0.9354101781645201 0.9109285991695366 0.8772157727942754 0.8491236624728656 0.8094571609016548 0.8260287780985138 0.8073924613626451 0.8066199810834069 0.7673908532643783 0.7062822266920938 0.7057161193044224 0.7223318654854131 0.7418584469594336 0.7301746121693277 0.7532811858270575 0.7909005868010758 0.7812491522370613 0.7976249657978953 0.7550477152945091 0.7234362062084595 0.6592043472981123 0.632324460452916 0.6669012986053191 0.6771751858788208 0.6367314395151581 0.6371488185429383 0.6421329235285552 0.6228571384446592 0.5904747167653902 0.5774964947838594 0.558904477250731
0.859648559284147 0.8300328025732874 0.8382615692387875 0.8708744357675676 0.8598146361955692 0.8505214624545206 0.8819614162705928 0.9007611500354773 0.8988007782189129 0.8899611457125478 0.911635593975768 0.8863100113609401 0.8812697565235607 0.909969985750964 0.8947054283692353 0.8296832851079815 0.8084531412813436 0.8064104173964993 0.7683513858753862 0.7831959138339468 0.7384340122442886 0.6894029202784118 0.7009940660504651 0.7403087024291567 0.7624138119126108 0.7886499048889823 0.775516988979687 0.7850365705345999 0.7823982459962522 0.7497373646354686 0.7327332880030891 0.6918854449610183 0.672239299405548 0.6388928817439158 0.6190509985438895 0.6435640359981333 0.622350826494527 0.6351114244210481 0.6022691595804489 0.5831851753359667 0.5816745914181766 0.5150332997389064 0.5051901967118422
