Raster_benchmarking/DGGS/continuous/raster-210.asc
NCOLS 100
NROWS 100
XLLCORNER 1743156.9143606322
YLLCORNER 5469295.163596122
CELLSIZE 10
NODATA_VALUE -9999
[rows 76 to 94 of 100, columns 43 to 85 of 100]
0.7825473860603412 0.784242553166074 0.7819061369502848 0.7723602145122002 0.812478555265114 0.8105595154141769 0.8395722930976396 0.8356920238686679 0.8278291696041059 0.8305738175869162 0.7980337688777351 0.779784411420447 0.7545251670379035 0.763441742918781 0.7531136991391741 0.7580747027826266 0.7333218338313395 0.719202769890776 0.7166154124690418 0.7418270362367254 0.728947836654581 0.7157269022523437 0.7240443934044307 0.7493313872876416 0.737494382867127 0.7357149416087154 0.7540932788192134 0.7390804982982705 0.7480820168348654 0.7408249820014151 0.7651903341407006 0.7693913316581404 0.7773381941685631 0.7578463107206058 0.7495014518239057 0.7896688076144707 0.8120252517943114 0.8335477245105696 0.8299711850211045 0.8350952173960968 0.8072159598205428 0.8157253372384629 0.785553912307331
0.827683307759404 0.8098320457401387 0.7949719132841219 0.8041246349364167 0.831826320059661 0.8525747991633302 0.8821155655065197 0.857751093576861 0.8636285765729745 0.8377549911766596 0.8134798689126457 0.7594226462582279 0.7677373275741384 0.7726620551155085 0.7460283690035048 0.7483574525178385 0.7610740229214316 0.7518301603191897 0.7498911758985265 0.7142674787165934 0.7009385992993045 0.7232840744398812 0.7267677924832958 0.7312873531759033 0.7092335711079226 0.7219188771884667 0.7434358740648511 0.7451588461205505 0.7412804725229767 0.7469680278366142 0.7532856088261048 0.7654321529981027 0.7759176587157987 0.7350695034956934 0.7462844841215331 0.7676747222229332 0.8049103821168878 0.8113216923966152 0.8046156271081153 0.8319169502846432 0.8089227227793563 0.8376810613300733 0.819335868812673
0.8549670519244416 0.8573837880778982 0.8578094000143924 0.8477864042321173 0.8742120270213538 0.9009408626612053 0.8919063254602635 0.8998130919332792 0.88009442180554 0.8824361228508232 0.8411734252395652 0.8109957139081934 0.7725808141815083 0.765360597321028 0.7517215606442923 0.7669219920243284 0.7683583504408077 0.7430481097061079 0.7255851704928209 0.6914113381043251 0.7156680344357592 0.7310688706779283 0.7366026684771613 0.7490991040283327 0.7065793224557456 0.6827414201344616 0.6923779162767514 0.7173354036437143 0.7481059742365226 0.7683931398164534 0.7478262246844378 0.7518515712035821 0.7681953660680164 0.750330377832282 0.7533922457275879 0.7850129911199762 0.7762502967660005 0.819461960393118 0.828735019143213 0.8245091626387557 0.8368217518840472 0.8625724138961646 0.8250684590929465
0.8908519089509073 0.8822658411500616 0.886727125978047 0.8472230783441541 0.8991368227995359 0.9128550496843025 0.9241540347724951 0.9134786872155366 0.9201577993034423 0.8869853757064443 0.8565513413316448 0.8476887871375215 0.8231940815078858 0.7908540867352315 0.77965323591333 0.7863565648339038 0.764151922848708 0.7412742183920132 0.6997653744261001 0.6960817524036984 0.7195638924077083 0.6884786957763419 0.7160878730459462 0.7331463888592616 0.7103096121827543 0.6803765662873349 0.7125768663864959 0.7099514899255424 0.7182435438208096 0.7577694697035258 0.7512831110341508 0.7850413591960581 0.7676382813506365 0.7619499721748183 0.7542828539793307 0.7601007721095838 0.7734146571201105 0.842666476757084 0.8405901471015996 0.8418204367238813 0.8667083248407201 0.8987557409912983 0.8493416492132193
0.8999119376968855 0.8955195260454475 0.8687935623372075 0.851274321264045 0.8925422874552872 0.87488023450167 0.9002556743786044 0.8853861509658916 0.9153954814162698 0.8985757376770948 0.8483036547124907 0.8472525190723003 0.8193040109681771 0.7877532140648477 0.7807280621400331 0.7700405376884065 0.7567717137526679 0.7558373564170114 0.7251323967931368 0.6937057630670443 0.6987280645959963 0.7067171561131549 0.6986443600497884 0.7428816270893626 0.7212147444583648 0.7259549971668697 0.7275241552332099 0.7434522150601188 0.7251488197882774 0.7705346365456838 0.7745328629577775 0.7629428194612593 0.7492244650201214 0.741158805069703 0.7578836603899622 0.7750739391418597 0.792379974238401 0.8255435873862017 0.8269596451663889 0.8436218101386571 0.8742158700822026 0.8984936213990409 0.8693814136808299
0.8994741519334823 0.9143114482404223 0.9203045279973348 0.8838914171233253 0.8724404002608626 0.8630954593878498 0.8903715131892337 0.8842160668714589 0.9121849012533163 0.8993385188734954 0.8419906884050694 0.8152251528371249 0.7793681881622503 0.7638184823017661 0.7774601584750126 0.7573116326861953 0.7654816740633856 0.7536634026375704 0.7173194539363397 0.7099884200098445 0.7010320614977525 0.7030013061839643 0.7103577525154363 0.731280151882193 0.726936011765479 0.7142920052976712 0.74407833253354 0.7426147435821547 0.7360171341904381 0.7480545828041565 0.7390876149116421 0.7214111317095286 0.746157966054078 0.7478080717619587 0.7791819349762411 0.7811889200984081 0.8044222467998561 0.8416505635114436 0.8301498854450856 0.8245769797755735 0.8631928616312137 0.8615049584517913 0.879905489432427
0.8860302808772176 0.9263072673179591 0.923885790409309 0.8943682030657348 0.8762502998860456 0.872965767359347 0.860952092816938 0.8608798274110135 0.8789941547507715 0.8678001479914862 0.8538849412607571 0.8376723290258689 0.7854527341563997 0.7641466701445885 0.7561481769888436 0.7516880816589238 0.7498419615476076 0.7442126432806193 0.7230368762824136 0.7515186800292241 0.7392123715983673 0.7542155872031638 0.7448444370867361 0.7530681933925703 0.7641504399199999 0.7732871508154138 0.7682462170402673 0.7315166594694108 0.7243727427793807 0.7274063518448108 0.7295757760099968 0.7715839142122051 0.7634450022958513 0.7925633076311227 0.7897077554614439 0.7960359788091932 0.8165235805752634 0.8179605558028661 0.8153376284418181 0.8262225031785538 0.8474949210986666 0.8725027872882201 0.8738443319616271
0.9117555778516548 0.910761806839094 0.9228942459796835 0.9033390863335905 0.8726284106795843 0.865928432737272 0.8567361760864417 0.8646402570616434 0.8494329254604909 0.8960928393069915 0.8441123654577742 0.8071844598068599 0.7931038178964287 0.7669898107549915 0.7975280546077023 0.7883679430099143 0.7629232543254434 0.7536757418442782 0.7735982060385286 0.7487224949325709 0.7704638746651656 0.7993291549269563 0.7841490365343943 0.8324107180048121 0.8071950465334083 0.7978888626619117 0.778514224186683 0.7291109378782769 0.7094158656129714 0.6977098999876862 0.7716722298064296 0.7950096757297515 0.807299444987858 0.8167165997826007 0.8205682574772232 0.7872882446420698 0.798046171799914 0.7914641853005216 0.8466214626837162 0.8620567690983714 0.8398017962781166 0.854975801096198 0.8606335488305603
0.8929213188841016 0.8847123116791218 0.9043442762843035 0.8773654381860049 0.8578560045082299 0.8802152265717871 0.8558272289553173 0.8507349425205872 0.8470492758783056 0.8637557906941339 0.840479084572736 0.8181886895788558 0.8290209942362841 0.830736560226731 0.8025757680597556 0.8136842253327791 0.7997575871516924 0.7867708508150357 0.7830773257537947 0.7822084481018622 0.8197667423557486 0.8146026174555123 0.8212380178367981 0.8382359848558965 0.8333229344116049 0.8160485056473338 0.8065124347218005 0.7772400005277124 0.7441331625508356 0.7633698055117739 0.778487939683881 0.7778037424546979 0.8132493433212471 0.8093851542133222 0.8016302651449159 0.7759799989208607 0.7948980254972522 0.7946183598608638 0.843502473981967 0.8549025072550471 0.8686257926639946 0.8568519982102947 0.831202028875402
0.9241157693113401 0.9177825106720955 0.8987455165076885 0.8729652240025384 0.8575994134832674 0.861671165054127 0.8500713428850689 0.8168921722129393 0.8266804287693117 0.8161706759759465 0.856385077574965 0.8692927415839358 0.8305033956041179 0.8366135111045847 0.8285890171850828 0.7911914695359965 0.8142033568533757 0.8368961592126891 0.8117392265740403 0.8590195198515708 0.8599771817531038 0.8583420589273159 0.8512783936249083 0.853540119164074 0.844353567897391 0.833888270730709 0.789665093113678 0.8077399353957404 0.7870117448034041 0.7628695913649453 0.7788351231775691 0.8108628065715454 0.7899273575982442 0.7971839496092146 0.7834734871438791 0.7827630130337879 0.7953110290087436 0.8351422240366887 0.8454527109557014 0.8578088345211062 0.8675215009462923 0.830543195118262 0.8583614301313164
0.9081658310188472 0.8832592095572532 0.8843744847706041 0.841454910353748 0.8343496570167678 0.8230148650231095 0.8272110192364834 0.8106813468717949 0.821122631051489 0.8090278246654043 0.8452662569787164 0.8403467388112255 0.8607740549622974 0.824468386869942 0.8245849111206838 0.8229303196654183 0.8220781245238612 0.8568558849145611 0.8351511168958767 0.8684002500287934 0.8681148283158704 0.8454060582778393 0.8690513110272943 0.8566959936512619 0.8295888715723351 0.802952958001089 0.7955687692806247 0.7967566553098938 0.8139180407040477 0.787873208517194 0.8250793892873584 0.8094266330868973 0.796973922965545 0.8148732592041269 0.8156780415082162 0.7973880612141906 0.8058797605907977 0.8213643877428191 0.8457757889360981 0.8535248901824678 0.8671514011108964 0.8407020709670739 0.8699842394379514
0.8727435064999431 0.8468501606043873 0.875414995440184 0.8174567263790536 0.8326359085808799 0.8118214660266648 0.8383183534417148 0.8388275602547969 0.8251369507292594 0.8271921794714635 0.8455599258134742 0.8066814717763306 0.828735647080948 0.8392966910108631 0.824397779903346 0.814599960726084 0.8431941026926527 0.8631593375634011 0.8348477650933774 0.8297807474613053 0.868110961977024 0.8727833523008434 0.8414415425669092 0.8194918703543147 0.8031060000892648 0.7984797045687092 0.7780323316074517 0.8015579569669197 0.8171992569997151 0.8337416804945629 0.809096793389961 0.8208192855160242 0.7815774838758541 0.7927658706248362 0.7981472693428198 0.8031115089637093 0.8197396793350179 0.8078083541412445 0.8588124805641543 0.8844092639024225 0.8646621989237209 0.8817918639799875 0.8605704004628015
0.8896217772456054 0.8617772767775814 0.8803028607294828 0.8421949384859813 0.8401315458332677 0.8582590377575721 0.821960655692828 0.8420627691257035 0.8470167827329341 0.8577619689499193 0.8302035300471957 0.8331305993876078 0.8377493806009572 0.8251537254985 0.8307113765794648 0.8108111338987429 0.8152030060326203 0.864153761774957 0.8464517314005995 0.8551917376252848 0.8677691930133992 0.8671813892811415 0.8557409115676229 0.8109355823547703 0.8092302132052024 0.777507422483882 0.7942514251580206 0.7791591442299393 0.7908639648893893 0.8266455458762896 0.8227233088827531 0.7930096107442998 0.7817044070914347 0.7757587904184226 0.7898168926777219 0.7800052762554094 0.8109393586293572 0.8220557109086681 0.8549823010230311 0.8831162792954342 0.8806610079486975 0.881773399837485 0.8546366438342728
0.9390620085601293 0.919526868689388 0.8799204540311869 0.8633060427170193 0.8397539893816499 0.8690124853318203 0.8242095654123831 0.8288907810551489 0.8556797581420285 0.8538524628926817 0.8584068421968402 0.8413366191731455 0.864522260190806 0.8658797177237818 0.833536106367132 0.8068172100913793 0.8377025547219177 0.8599812393349949 0.8803491076593559 0.874008297780893 0.8808692115790023 0.863123885528343 0.8470950513939681 0.8435600934087509 0.7895454487239769 0.7700434069836252 0.7835332959076738 0.7826651105142085 0.8107218195743836 0.8129691796490888 0.8050243282423988 0.7779270063925698 0.7829557199088518 0.7577289927190111 0.7524625317095505 0.7658006919064202 0.7617592985834266 0.796440044298985 0.8041743481289791 0.849467281444659 0.8734065133119543 0.8811207191091346 0.8544497748264969
0.9393222028492172 0.910599079694859 0.8970981257079518 0.876989805567927 0.8402117418902408 0.844461339027187 0.8603848884595846 0.8630790466496231 0.836662932947468 0.8416345980094206 0.8511681525009075 0.8749862448075441 0.8653144842916582 0.8512569580898629 0.8502352354730625 0.8156668233340257 0.8080193199703021 0.8208883133280449 0.8582817411304134 0.8983527304382822 0.8855960570627514 0.879406716519435 0.8533067272522704 0.8480771030307133 0.8165955870197456 0.7944732794619919 0.7828076548149965 0.7713794605482713 0.7862053823331897 0.8005294286987519 0.8172313016136403 0.8102050085914626 0.7595056441321438 0.7592760743683742 0.7632084550149485 0.7719489824471126 0.7599895269255373 0.7801175096684261 0.7856825346666353 0.8026549327604175 0.8291319407307817 0.8287815910499786 0.8320871516249937
0.9393414548788288 0.9279693908594779 0.9126976682535759 0.8645820493329647 0.8590553024623014 0.8547434408897224 0.8453900099682742 0.8430252783462817 0.8310335990901802 0.8387497902978658 0.8646003233036493 0.8752775845191179 0.847256211687864 0.8377278629462076 0.8175085765620165 0.812978975362631 0.8324128670291482 0.832982413940838 0.8621308809933687 0.9094036431683235 0.8980672321290929 0.9027719043967124 0.8738447365356365 0.8259007405374347 0.8211498207786637 0.7869303691650107 0.807679132085222 0.7782909773648324 0.7828379240291717 0.8141016140486782 0.8005381589866601 0.8142318609647147 0.7729332880577495 0.7515377992670067 0.7372938740737319 0.7531114463137896 0.7609585210106884 0.7565492413519737 0.7712179018511801 0.8171849579347906 0.8081061113279068 0.8044457078208143 0.8223220996314953
0.9393135453701916 0.9084567896504869 0.8911102248949265 0.8726816130870247 0.8775833574934209 0.8854673149063285 0.8719650541757504 0.8443894727454363 0.8619247301101699 0.8733111113660051 0.8532950011776943 0.8695387008981167 0.8581581036399331 0.8368615647893718 0.8308288178929212 0.8198032505977729 0.8418220146342846 0.8378952504558871 0.8776468504519945 0.870365813572221 0.8836472290313078 0.8853910066345995 0.8751586809641855 0.844777991769238 0.8196166493505965 0.8027579181685479 0.807258013887204 0.804173914489508 0.7884112930142028 0.8120608365699717 0.8121792427581922 0.7766343616635197 0.7866670404805968 0.7542866652698186 0.7604796393473435 0.776644681275197 0.7604253787442705 0.7771619620730525 0.8027064787651192 0.8150274198271829 0.7813313924739178 0.7997755796644191 0.7817076867640531
0.9444311895180875 0.9374148445824959 0.9004380056798496 0.9186573912008725 0.9162679622864096 0.9162581817307676 0.871219417766785 0.8581989405723361 0.8653770953594075 0.8642470423843375 0.8428508447628358 0.8599993840679249 0.8612596962569423 0.8257957961459115 0.8081240075382905 0.8207126869038268 0.8114291301485496 0.8332131346677427 0.8583088652042007 0.8851295607801283 0.8942851153353691 0.8600421209603082 0.8661134600713931 0.849492949706655 0.8657943596151452 0.8456892790759374 0.8329504086568287 0.8056548944483619 0.8159368624502746 0.7761807316625297 0.7870548201284842 0.7843485184093508 0.781413416835478 0.7827505772892001 0.7717514522625533 0.74538505444292 0.777912520833553 0.7748318431911378 0.7639702289461208 0.7776471221156777 0.7447015439983375 0.7443564751387652 0.7604678310257037
0.9680673193816232 0.9353314746667762 0.923937930545939 0.9253887156639685 0.9303450987884793 0.9002335148840347 0.9060522483224549 0.8811722908877035 0.8825217790442651 0.8801658371030154 0.8687525821348967 0.870222473686045 0.8466400871342651 0.8417122320779404 0.8180667173009422 0.8170977252870038 0.8256739516870475 0.8404686147703593 0.8749855952138731 0.8891145985395056 0.8814147991845422 0.8690974168736451 0.8674606032181761 0.8439793823637798 0.872866454218828 0.8678131385702152 0.8257947422116769 0.8043513563393402 0.8097468640709541 0.8094035840685915 0.8101818091815256 0.7904323578326348 0.7753450770824712 0.7897820298690585 0.773304232962763 0.7837182144908149 0.7610163156216744 0.7460961708236744 0.7673245520287718 0.7578845540815741 0.7506957067830602 0.757305001365886 0.7279097200510457
