Raster_benchmarking/DGGS/continuous/raster-403.asc
NCOLS 100
NROWS 100
XLLCORNER 1743150.757449292
YLLCORNER 5469297.048554719
CELLSIZE 10
NODATA_VALUE -9999
[rows 19 to 37 of 100, columns 43 to 85 of 100]
0.6741021780863283 0.6598654402508548 0.6637471877175372 0.6836971369610197 0.7406221983209177 0.7315197295190662 0.7769634572017778 0.7479309487781542 0.6747621359641599 0.6374773835736469 0.6129685286366278 0.6278118712201491 0.5977076226035619 0.566301746684396 0.5830225838750147 0.5516599816482058 0.5574762242010814 0.5632516872265654 0.6046254919027962 0.5947644966307881 0.5775042014752703 0.5793325480685587 0.6067266612871605 0.5871499576337372 0.5437909096767762 0.5013599837960505 0.48090037198817964 0.4914390366763443 0.46511454808924574 0.49086289627658763 0.46689509252205985 0.48348386925977305 0.4688294751900582 0.42505612384806185 0.3999937650621192 0.35655903539214895 0.39758318211337695 0.40982913922157976 0.38997268495000686 0.35972016542582597 0.39235800156429745 0.3953909988991714 0.436674371963869
0.6315544588277404 0.6542802933212852 0.6310284695447611 0.6614264627158092 0.7431588486868058 0.6888547333769106 0.7452963983807555 0.7659123091262837 0.7244012888586022 0.666574370601503 0.6086683902898662 0.5937695900245074 0.6091136257399908 0.5717422928453011 0.5689851617897321 0.5782853809441066 0.5636134233020204 0.5353083578343867 0.5686770236254415 0.5902926636497752 0.5415952866796067 0.5893435384939703 0.5996399600254052 0.5579573122131497 0.5307884277562255 0.5445886246483895 0.5374889181531365 0.5366484644926042 0.524266532735935 0.4907524648070713 0.5003243470082923 0.5107023857672391 0.5023782607009772 0.40917302401931654 0.38047958393894943 0.3481657153929549 0.36105924635123704 0.3754499460206761 0.33627068668557164 0.34858006979619593 0.3817147773342901 0.3645947669031818 0.34874498788746716
0.6156280080408605 0.5792043430172061 0.5996421727834474 0.6484544084643646 0.6654030814933108 0.6602083364083203 0.6691794910448399 0.7281755136214071 0.7119437156859719 0.6895667663501281 0.6580494125013154 0.6171296314239639 0.5772134167773362 0.5765560195012017 0.513624710542825 0.5479017626095835 0.48975554778936287 0.5202535467974105 0.5288681315343943 0.5559676445483549 0.5615234832023186 0.5312729146390971 0.5300999311145966 0.5096973547404057 0.5266752015378855 0.481820666467265 0.5117010365516446 0.488043428650009 0.4752033757155432 0.49001734665906416 0.5172925553948642 0.4959016877997359 0.45243092453006445 0.418483407545866 0.40229311457019373 0.3760913512010529 0.3279160794156654 0.35001648827763393 0.3720911865418066 0.33451124819522204 0.3343386028497759 0.34884700514996275 0.3039199674292574
0.5799921797076074 0.6008462113024068 0.5922895637052006 0.5801604440464674 0.609326536072957 0.6641465688584176 0.6751321142989218 0.6996884039837903 0.7001188755343599 0.6867370070224181 0.615455068576807 0.597661135874639 0.613315353571772 0.5406014440123962 0.4889493644349684 0.5265913938168921 0.4547995992674291 0.49105062831966867 0.470977465860586 0.49260361308189005 0.525953456960094 0.47255706158266614 0.4708273209627987 0.4510537109613063 0.5031097244434133 0.4446142664811239 0.48522673944331735 0.44028067829554624 0.4801316962878213 0.4746034097363214 0.45078088266411137 0.46634945827016694 0.3975528359777578 0.38663003121826417 0.31932200450755327 0.3410829456583074 0.35445674651551334 0.35406642604474126 0.36816384003344005 0.2909398220945501 0.31012475439112036 0.26850951946918894 0.2524960051376358
0.5687238403893973 0.5363362118402065 0.5672229634552788 0.5662255896833429 0.5993494199606789 0.6487145387208704 0.6329587896599629 0.6210221974319312 0.6457987152414765 0.6740221302253497 0.6315084972212147 0.6363275468921534 0.6348339912524107 0.5615976486207362 0.48917339134889853 0.4964286539519718 0.5146782234308945 0.4666895629177598 0.502015867656286 0.4782754147278675 0.4520460657607846 0.43095758757555047 0.4165442357146583 0.42680143498400014 0.4062319396176437 0.4009986844149177 0.40764252947895935 0.42393836722755457 0.37827772317669334 0.37113457426938234 0.4210207750714856 0.3943625788325421 0.34439661668404087 0.3574398046600247 0.33938383061103633 0.32007269010484707 0.29977089482233427 0.3045583611738262 0.29112014535990216 0.28466135135851556 0.30518135173021743 0.28289625699879756 0.2817096496464866
0.49045594448311597 0.540495045966936 0.5766033664666256 0.535522650257107 0.579364555615241 0.6161841135256191 0.600000527231439 0.6138643582448463 0.6381326425229026 0.6149054871686537 0.6277365755771112 0.6326459743690234 0.6354624827036638 0.5678562742512349 0.5188966756420695 0.5015346274305256 0.5430084410278354 0.5525856529541969 0.5300582251083233 0.4490376745854355 0.4227673282489635 0.42331354962210677 0.3929030696835558 0.3774727533601596 0.3411879745568199 0.32526745061965423 0.3376879062018811 0.34962284061983984 0.33074805683187486 0.33235476836676114 0.35204561281139646 0.3323389727732113 0.3056928124198386 0.29316721791614164 0.27982169489293923 0.2665022464300313 0.30153443888769593 0.32000997329523884 0.29042292057117486 0.24110916622035014 0.25875034193617635 0.25561109498687173 0.2584700680651611
0.5033303322724697 0.4976884903088375 0.5149044814327551 0.5131252547423562 0.5304906013635057 0.5602619139436517 0.5733940366069857 0.6398869302365426 0.6437040672499903 0.6244567970285752 0.6532874694140414 0.5957608555321108 0.5747170225052239 0.5693120143120228 0.5464016272779958 0.50500157312976 0.5336456983083241 0.5571354588048856 0.49977586393547696 0.4780466154581943 0.45893702073732784 0.40476123623057503 0.37586833393145197 0.3560913461621478 0.2910891980533984 0.2991502239546109 0.35405233941624303 0.32110095394085697 0.27558019421055924 0.32397783382749706 0.29640295925711907 0.28502644663643456 0.2619239238908834 0.289806316811113 0.26283975207083066 0.284705279918415 0.26586295537855903 0.2788770338355685 0.23684116062899024 0.24238161536239491 0.22756066080831727 0.23759360132236454 0.2434015490101838
0.43539667623899286 0.4975897406573115 0.5282091812519829 0.5270200609421051 0.48828099717624024 0.49351179868102246 0.5398692106055286 0.618459398373631 0.6542279833404876 0.6379160964019163 0.6374402581132427 0.5961134069135657 0.573643345640623 0.5441183426448521 0.5352336448996253 0.5501157750362671 0.5541277446657166 0.5322226691502439 0.5507946745688503 0.5019704429540115 0.46718938908167096 0.37538275306904495 0.3290758740022462 0.33052180032550454 0.26820360618506933 0.3236479285723117 0.34114209827791886 0.272906045718185 0.2334179930879754 0.30022583838979955 0.28632681960987505 0.30740584300058715 0.28236360813483663 0.2835587014258164 0.31608698436193067 0.27300146402254155 0.2941115584027213 0.26638303050376294 0.1992476590977337 0.1936868333672138 0.10267109520303086 0.204345449453711 0.25149812245147896
0.46054166337159586 0.4325763733067678 0.4624018928852152 0.47715119542040507 0.5163795097680496 0.5150728254759294 0.5054425984740074 0.5548686151492055 0.6184809644661668 0.5932410525791153 0.6024617708260414 0.5806518715680966 0.5754586265451271 0.5643554356597464 0.5719169178530747 0.5773458409124835 0.5664725043138488 0.5470658609096232 0.5615277723746767 0.4864204794106277 0.44188631498832354 0.4130077600610333 0.3384919567660246 0.3337246841911343 0.3105980723627157 0.2744910024597063 0.32139865857918504 0.2614367219644846 0.2476285575782195 0.24754862018121018 0.270427023052166 0.3139099953247682 0.2879212875819487 0.26833242419825504 0.3043162427879648 0.2951147319974876 0.2806835013934252 0.2749393645086464 0.25368794556293006 0.21610024507545633 0.19672332638194365 0.2286434665710865 0.22189070257191848
0.4334646687463296 0.4329313353841726 0.4237906811777756 0.4364236219209378 0.5155315114911951 0.485107504347581 0.5226238583239532 0.5073083572777312 0.5757420868351557 0.5699142531426554 0.5147469442406841 0.5437396975227802 0.48654199337744736 0.49445061379112326 0.5561433656177326 0.5370898015756198 0.5837235417337198 0.5262284060441804 0.5554280310357649 0.5121161826014085 0.42899707346175264 0.4344721308490848 0.3772801319828232 0.3190133329203537 0.2677380789405138 0.31393449803890294 0.3059473319638537 0.2782435635055837 0.2919052183060702 0.27157612111513757 0.2940379894357926 0.29585650406009584 0.27296532195531814 0.31444598404217616 0.3081252779636701 0.3131416687195928 0.31468769353453824 0.28165164982521496 0.24170526249684465 0.1862430109599259 0.20370566083430933 0.2322558757369303 0.24951188304560795
0.4358843907886273 0.38198284678456224 0.4018606802456939 0.4277401581094569 0.44460134991481415 0.4905412857031938 0.4909213027883447 0.5076041721372155 0.5281660800376966 0.5211013823427563 0.5271896493772527 0.5217674067719057 0.47808897507605114 0.49492650580515896 0.5492008421610818 0.5405618119206481 0.5391307521234963 0.5443525638442301 0.5341846135170064 0.495041822979763 0.4628866765929585 0.43777145417142355 0.4062556201964499 0.3628395378684775 0.32842057009817127 0.3177953270023819 0.31573474193764706 0.24911890570188758 0.2785052204490837 0.258785410957469 0.2567987039374071 0.26952216688464314 0.26555400475050334 0.303445155861404 0.2760280712852557 0.2885900988886194 0.2995493635082767 0.23055191881491963 0.23987591664392752 0.19668802887581702 0.21870887396998004 0.23255254343443676 0.22495475501993908
0.37304724217316954 0.3661273619202333 0.3548659148968068 0.38275696501837686 0.4349380936648489 0.47668633560249635 0.47318815705466044 0.48917405447377793 0.5094408567004196 0.5474279944232064 0.577751510676643 0.5483313559067913 0.5126613279274289 0.5266583515443584 0.49063476950211393 0.5378844728977028 0.5153541143192225 0.5194603267257858 0.5076532838441603 0.4779532706724925 0.5036594638003135 0.4111952647824632 0.42076834976337774 0.36546773387639403 0.2940976112063056 0.2966936816502924 0.2845424287290462 0.24573784224120312 0.2277633557388698 0.24541699914439113 0.2766375322049735 0.28811717122805236 0.3256513119839516 0.3105122664447286 0.3165291478197474 0.2668795914424478 0.22999660310873538 0.2279342469055216 0.2260509449638978 0.19519882021095653 0.23448257938705291 0.22940812710331512 0.2064467461211614
0.3606392222571631 0.4059858716239011 0.37439239505156935 0.40252093686465273 0.415595528965915 0.48096407550483333 0.4542807066349124 0.49872446871027654 0.5220648488045837 0.5105382386091843 0.5210565074259498 0.549350873523822 0.5172284050974674 0.5382440835696359 0.4768132676929054 0.48539488936985664 0.4729852404414538 0.492465601605674 0.4847552580713499 0.5265181316617856 0.46865640771637207 0.41374115775898185 0.38712800114728135 0.38021043635680757 0.3635903624777798 0.3230386214383117 0.27193616146969124 0.2614539370500065 0.269815958788492 0.2778534965329785 0.24688270384310904 0.27595451784903424 0.2956793330769622 0.304095066858115 0.2844136302841719 0.26240032856709544 0.21078201401824012 0.2266569209680861 0.2264260586397119 0.21172549881757632 0.2439610903531746 0.233710759039577 0.24801750305703396
0.3740752757642122 0.4081705486314367 0.39174387977938213 0.41441658078706434 0.46950664517171814 0.4734885209735284 0.43797861824723655 0.4727308019702862 0.4576365804607896 0.5156338820828338 0.5605153859372519 0.5614484085620559 0.557797318600793 0.5419786202448419 0.5092819245780268 0.47687136087922877 0.47425231245268407 0.5220496278466248 0.5380880834114625 0.4788691612010935 0.4771577628926555 0.4350404564528502 0.3829728595858851 0.3673019254266274 0.3800938233943496 0.37195764503603646 0.3390647641699621 0.2881889615501949 0.2193877819992536 0.2167653181313113 0.27324908853324603 0.22646916136013848 0.24603814161475707 0.3109691414425955 0.293282097241305 0.23877281777443557 0.21165202718208062 0.24586877001805474 0.249648253227554 0.1973520657205005 0.19454561186394873 0.217326675581584 0.246180383076652
0.34278009442430396 0.3941313046794852 0.40959760892026265 0.4430941334724827 0.4592028818472278 0.4301015542447767 0.4140234838810581 0.43765799692919183 0.4434152527622439 0.4714153594250134 0.5086306636812883 0.5425192040697427 0.5559759526085967 0.5003974471180127 0.49125753944068273 0.4975779395693558 0.47161827338040185 0.5269610169658145 0.5166168084758307 0.49458734847879965 0.4743840808677219 0.4604043375605681 0.3923343148459659 0.4156395148292553 0.4017054029597518 0.3358079231088261 0.29220048940094484 0.2728333749889202 0.2095339131559488 0.20591065804035155 0.23220572498174089 0.22608530260824047 0.25412665500538884 0.2691468623663735 0.25927864550683694 0.25278635465087207 0.2672805520491497 0.24458475672346586 0.24506569508363418 0.2116682672548488 0.2123894944424612 0.21332101213713228 0.22674484850377175
0.3245958878316242 0.3430833681297763 0.4097535858707711 0.41124385120126694 0.45192347991383014 0.45079785836296493 0.37399348613922057 0.42122799076612566 0.47236438016558513 0.47718848633764993 0.48033016371281967 0.49845005911510787 0.5349519130354529 0.4930824853696906 0.4948146175687864 0.4827175836419354 0.4737552579754347 0.5183871364839615 0.4892715942829317 0.4769441746747359 0.4983548192104284 0.4263518107886559 0.38957662314036623 0.3632810019801477 0.3760870058234792 0.34126952332997623 0.30530958024376564 0.26356479342699457 0.2563839252813604 0.20481466788973304 0.18328726565221978 0.1827784620013963 0.23759848663089023 0.24474296073769916 0.2210236667286683 0.21704743219290423 0.2599913108685561 0.23966813082589322 0.2246420733888396 0.20138689286346603 0.2303368578957761 0.2527223161859022 0.2968205545223199
0.3020423107778269 0.34887969036496236 0.36786311267329 0.4030043096902066 0.39475122971266446 0.4231079771560542 0.3797193864656308 0.4004246701458915 0.4496627508354695 0.46719117508410113 0.434935602053772 0.45489355265694026 0.45836208349809326 0.4737609217266411 0.49214033510466787 0.48175568011891784 0.495431256976978 0.4823124661556885 0.44739044410873635 0.43024564595933357 0.4171790418468869 0.44544948870281825 0.37578703999950425 0.3931794432563989 0.37076928857779046 0.3441709673149843 0.28890430561088765 0.25471880845384576 0.23571318762192647 0.20541514598710814 0.19915348249176093 0.19947711720521905 0.22372003017936615 0.19376811752734224 0.20729806721384597 0.23713858813060182 0.21597637930855298 0.20275597711114512 0.18539167322311698 0.23315013642292934 0.27301897686787424 0.25784473520132817 0.28495477487423626
0.25095166218096043 0.2881122290300614 0.28979988498820813 0.33248412846616976 0.38521391070079636 0.4041464471559821 0.35953457333627514 0.33969706463358407 0.3528851894140659 0.4426930879007089 0.4459261370373442 0.4518735077486854 0.41182596294750856 0.42070667009155804 0.39896786295608805 0.4293330980057554 0.44010965647974915 0.4432937441068918 0.4492590553839991 0.43985976895187856 0.4180246969574955 0.3689552168734515 0.36832369402568454 0.37444672827801884 0.3506599350180256 0.31499435166903733 0.2622958031609856 0.21769869397154598 0.23454105365829508 0.17403152954639853 0.17291354295753403 0.2019383752446639 0.19096659595916043 0.197749171302942 0.24433712488103912 0.2519006273201293 0.21273614927704781 0.22334584946785027 0.21086221634667374 0.2121275767883689 0.24740615144884245 0.29841514008294145 0.2972124624156106
0.27226245752618927 0.23843589015346403 0.29514325226143645 0.3324680699661319 0.3741747284959455 0.38429746893841005 0.36413917350154407 0.34947446079824546 0.32543862766517706 0.3781950582788351 0.4299152980676467 0.42396646495227236 0.3870029894439887 0.372680319072358 0.4087254716324606 0.4287296462791865 0.40500404354627256 0.44367885198875484 0.3780633365229714 0.38485846115710565 0.35704440379154573 0.3444161437644556 0.35843188052906116 0.32745036676515094 0.28862743974688687 0.2321726551110627 0.23142106868222248 0.22402232196016986 0.1981679896959439 0.15157722828420414 0.15751203414132173 0.14380129960779525 0.20134302104837426 0.17541244564014616 0.17723554593406568 0.1945643157997384 0.19971086525964332 0.22230483246512317 0.20628994834738457 0.22642423422324837 0.24287620278512703 0.28419331754431587 0.29553394648194314
