Raster_benchmarking/DGGS/continuous/raster-111.asc
NCOLS 100
NROWS 100
XLLCORNER 1743154.89162572
YLLCORNER 5469278.196077875
CELLSIZE 10
NODATA_VALUE -9999
[rows 57 to 75 of 100, columns 0 to 42 of 100]
0.399174480265503 0.4138581715131256 0.4335519161995323 0.4176455124906669 0.44116113178087873 0.5152683757119295 0.5439003295603897 0.5336213549066801 0.4850361430239194 0.5124859163856239 0.4914032403264547 0.4910756140876651 0.47004369069550644 0.47385852814175816 0.4826485377976321 0.5528572656842166 0.49060085217112087 0.49717226473889914 0.495167834551 0.47081831602029667 0.4685041467467999 0.4956587963702568 0.47582645517189776 0.4931045643435439 0.4674194488162325 0.4966663609289502 0.4640524486291027 0.5191499569325015 0.5527326368131515 0.5665728226112376 0.5612463684445774 0.5283758970408962 0.5548077285203992 0.516583864650879 0.56698578707915 0.5869445202102762 0.5881548994975704 0.6453332517642774 0.6127047099040677 0.648334417565884 0.6031340553821989 0.6066171803540337 0.6217625704541699
0.4441664498887047 0.42277449292756125 0.4664567274117671 0.4878243792824941 0.49899996868461644 0.5232826958388911 0.52166959302076 0.5407400221815563 0.5025147257623968 0.5399937857903638 0.5219195589491022 0.4981001642197267 0.5192535381465704 0.5092995914847261 0.5014986145276287 0.4890874817896947 0.497547139896353 0.5136786824226615 0.5030145776052584 0.48539020689491597 0.4643725981259577 0.4720244164504639 0.4836725437710692 0.49020522715590065 0.48250960381834135 0.46848531102246366 0.4669390211936015 0.49327498209493775 0.5249931516984435 0.5268167973639883 0.503371714754313 0.4984817571017698 0.5334867198773654 0.5441665927719131 0.5436979859996339 0.5388412198089914 0.6051212593983217 0.6420001378166418 0.6280958147184408 0.6159469905234588 0.6175287535652554 0.6415596731937337 0.6120156496419838
0.49211839096407056 0.4746158030906205 0.5022558691746348 0.4814555872849265 0.5108063990424021 0.5094252809778789 0.5336510757538968 0.49917149152336054 0.548836070790213 0.5659681705224963 0.5642568540538053 0.5208005438171966 0.5091125542929055 0.5439018022598339 0.5188416337599046 0.4869022561756928 0.4992803784608078 0.4748906229186507 0.46748517522305355 0.45795532560709534 0.45987919424744517 0.4612723292585691 0.45154898900332724 0.49758057475087664 0.45494883610206777 0.45844442733124996 0.4535718509304913 0.4774727137914806 0.4851515859908932 0.5196126013679165 0.49378431506043896 0.5000498586977056 0.5336939398751619 0.5262199266554868 0.5511049787673801 0.5260605469629726 0.5874686869826123 0.5863578679169306 0.6381778223537381 0.6468215175586645 0.6387981187770378 0.6645390116448558 0.6216174054860795
0.5337868127663808 0.5351615809875431 0.5074512040322485 0.49021729237715317 0.5063628990008198 0.518872548186588 0.5012386349146566 0.5121560751733131 0.550486120996893 0.5326937903319142 0.5372769957921567 0.5503938446353855 0.5635360293791981 0.5596330655740823 0.5226237111070573 0.48353573845431086 0.46107271289674434 0.461165965424846 0.48875017560364253 0.4775646361627603 0.47123280103319065 0.45051007580857133 0.45417993064476986 0.46469350965207484 0.47744770962360866 0.48130243509043213 0.453729071195035 0.46087427856270347 0.479217593042165 0.4842561460695322 0.5219120538215216 0.502509630555085 0.5422128270209002 0.5175020596714708 0.5326654050046112 0.5559068018875968 0.5336168844165329 0.5814443175036708 0.63957951157626 0.6669505781949342 0.6914522272986354 0.6700786834578982 0.638874650501362
0.545140206191041 0.5714616293740145 0.5182914946440684 0.5323020725196088 0.5007060217622852 0.5440608693037853 0.5045903763873277 0.5175735846468219 0.5200761114088397 0.5463417905442088 0.5338743087117969 0.5715521509427857 0.5440347766139649 0.5115373309005113 0.48251550115493025 0.493281688942772 0.49953058922374116 0.49610733773281995 0.5150425062567536 0.5044803140476644 0.46798001712071086 0.43888568531029043 0.4889902928565429 0.4583928234777493 0.44709196776916454 0.4451300283261048 0.4575579207096624 0.4344807510746026 0.4836785327268525 0.46207646180167183 0.5031286845457754 0.5228275433479387 0.5418619350934933 0.5650985897216086 0.543805726772609 0.5475042266771306 0.5804462593944212 0.5800802299517888 0.6371094620726276 0.7176075695559035 0.7317727629978042 0.7285825660333619 0.6853830099098931
0.6017544816600049 0.5863947147265663 0.5679852993208294 0.5386613990086497 0.522104606137355 0.5040621411149189 0.5144622597757522 0.5367457444917401 0.51028276844497 0.5164195241415485 0.5104814755389354 0.5378651914645304 0.5551168836827017 0.5512704387514958 0.5057610494054635 0.49612542356915995 0.5243119477021918 0.5090726853943605 0.5139244089131042 0.49851358463601625 0.5045273422253498 0.505779993244534 0.4936130733731498 0.4467834072521858 0.4375867486082024 0.4629165335572529 0.4689363112200995 0.4468517926227002 0.4799477315184672 0.47882446954251756 0.5221227866631072 0.5237919717310572 0.5734279718333811 0.5641464507426324 0.5927774957958567 0.5688964937254507 0.6055352299896121 0.5951277714706199 0.6549022448002426 0.6739654346365607 0.7212791552068403 0.7075277241811564 0.7038593518165145
0.6197042973957959 0.5628515032581501 0.5415340550535485 0.5524389913170725 0.5488591977147286 0.5269502034925242 0.5510185611625867 0.5303778778886692 0.5088989825971573 0.5143333461356976 0.4951840387787738 0.5061991730029214 0.5138568966328435 0.5611724743819182 0.5111184909028472 0.4965838262014681 0.5354865233800082 0.5131928273367198 0.493143932538497 0.5319442852515721 0.513112168328223 0.5122897696969416 0.4738086866994294 0.48542633359099663 0.4847178845847175 0.4617803056821327 0.48654983327395424 0.4711480320483043 0.47866310426779657 0.48704672260385556 0.48407504880852126 0.515518590738053 0.5462119777125065 0.6137723007517928 0.6230975290739845 0.6123686441282367 0.6081563658407587 0.6385074449592429 0.6737275181523377 0.6914413803785886 0.7146343645236317 0.7411630836470219 0.7428637960072342
0.6045062060128817 0.5681401042245252 0.5672124345253631 0.582797024069517 0.5876783345324647 0.5501422947795445 0.5398346802990317 0.5201659482546339 0.519823154570423 0.5034268728038828 0.5027343814139867 0.5447294489721517 0.5402870753398725 0.5247211646821036 0.5242896082512144 0.542644717276549 0.5271697710678807 0.4885084622086273 0.4836972378563372 0.4890441075126415 0.4945693691430189 0.5112232368885108 0.4968986470345291 0.5178537638966847 0.512687508433529 0.4682680665890411 0.46168578172192026 0.441640520190544 0.4626792954531983 0.48338014920398437 0.5129252313460222 0.5315014279998412 0.5720285611341468 0.6154148739420753 0.6247566415447833 0.6686013916952315 0.6593707554972666 0.6448956820108173 0.6928634914792127 0.7043047836191078 0.7049814685384082 0.7583183267613094 0.7588212569536589
0.6368810190235668 0.586374888384158 0.6300120673668068 0.6539017610396849 0.6553755321156265 0.6234163337790507 0.5512215361799659 0.5181038212983792 0.5236813517559868 0.5197366736711504 0.5410976908213748 0.5522152147902237 0.53786315245102 0.5074021665505105 0.5261357347966201 0.55452919748741 0.5145467602707466 0.4864439211718744 0.50830482256722 0.5142473114105098 0.48835643857373545 0.5240792623517286 0.506420859558712 0.5135812176914267 0.5067385580555422 0.4813809484214415 0.47320922069373167 0.479546043696645 0.4887193859170706 0.4989793291541816 0.5682505176901569 0.6190436431622475 0.6187241714341983 0.6360007473316558 0.6647715481954406 0.675734424226881 0.6915150381201578 0.648825285878773 0.709605080140517 0.7149693032660239 0.7018844304859639 0.7646650887800829 0.7531879941495451
0.6513947496623744 0.6016231455629173 0.6192161893613887 0.6670229076375728 0.6478256923585959 0.6195783055925558 0.5953627006856205 0.5526817203067746 0.53473213793055 0.5522606056962026 0.5523616982705082 0.5167557398606568 0.5403039285096212 0.4945764335665959 0.486771303094812 0.48100756254013927 0.45674014488920367 0.49209775180419346 0.47627956265642096 0.5215145078488763 0.4872995072654198 0.5071624703216701 0.5002952616395492 0.5460547618207422 0.5279693340557325 0.4998597890141562 0.5039812770774867 0.511342538489156 0.5061983602685408 0.5063755335662316 0.5535420747541895 0.6000902521001298 0.6365144852238858 0.6616399586356564 0.6615262768534224 0.6667881178014977 0.6796042098657737 0.6977956779984602 0.687618856576372 0.6723041561035139 0.6953926176651873 0.7140272598594579 0.7748154297628183
0.6711401795750143 0.6446344544458588 0.6392751948293042 0.6581916491133065 0.6510021594918011 0.6091854161054447 0.6068543759947779 0.5586335980823859 0.5459483966642102 0.5430440286098254 0.5512696103435538 0.5095910443824458 0.5327548533655022 0.48914045679348617 0.4545167248765115 0.4334808148021408 0.4701402663446783 0.45219081336480116 0.4954007225812587 0.5256316074693185 0.490815414734984 0.48486767942241454 0.4847753484206321 0.532424744635845 0.5304381989477376 0.5655948666770798 0.5175632384458904 0.5162448593745692 0.5533964728393307 0.5323252884170631 0.5840064158390272 0.5843684939576059 0.5965276046286399 0.6036382584773884 0.6307168417516487 0.6743976128608132 0.6474922332952338 0.6747381288208179 0.6688123572105453 0.6734238361650946 0.6936839619389528 0.7264693162648362 0.7384770411702591
0.6900101785320463 0.6874873165877051 0.6718704702551825 0.6450136588374732 0.6019237656623823 0.605176299688018 0.6319469754940957 0.6253748777780727 0.6127416020780049 0.6017597500165746 0.5907715211689563 0.5829169565702694 0.5483591649357323 0.49130885610695585 0.43983634097463437 0.4494099393045068 0.4566790562145726 0.48004758753138754 0.4840716237959948 0.5163174164952629 0.49302539485885927 0.5217165166306905 0.5325154354194288 0.5515731772248805 0.5526373341653724 0.593390034065402 0.5948339089078092 0.5719172437496745 0.5850819800381014 0.5853302798142733 0.5628963873828858 0.5475953405026303 0.5629834512886761 0.5751962541570111 0.6101117957118872 0.6243130414567445 0.6682773011194865 0.6941148148867026 0.6965510905288239 0.7091741150138848 0.7023292969492616 0.747025956847769 0.7570018850344759
0.7047748138991358 0.700195788841632 0.6646826123236546 0.6147582537153935 0.5796341827837033 0.5968591659380339 0.6119922777121704 0.6536079002033311 0.6157550355987075 0.625753496216835 0.6220239978993556 0.5958890798825255 0.5457790065166995 0.513244044338485 0.4717977914488072 0.42263877216710943 0.41547677684282946 0.4232717278444894 0.4678382281271095 0.47406221112322816 0.523472693713702 0.531939311810863 0.5680728956181039 0.5716578744310682 0.5825983179062434 0.5787424256812642 0.617419593865226 0.6320222070013348 0.6265921479333129 0.5709311347108563 0.5799961770715085 0.4983482187974742 0.5453661119914048 0.6077942922623749 0.5730203295747056 0.5702394197916193 0.6346075210546862 0.6712814545922708 0.6940436898995479 0.7166535473031209 0.6973058793998655 0.7567078584088038 0.7691389793550228
0.7290041399254408 0.6917388094723679 0.6724830922373478 0.620391239678072 0.6160020472355203 0.6087853803794786 0.6350856016655834 0.6512000311789965 0.6124179500383506 0.5937813475542332 0.6038928476909645 0.5773581417232121 0.5578666261612797 0.5158140355529044 0.46600242571117034 0.4256847745254341 0.4075547607490375 0.42452328397128064 0.47283735245621994 0.49359418336244687 0.5266881492195613 0.5526604118038668 0.5800989916457026 0.6032628950403908 0.6031566710402142 0.5790318902057963 0.6007774570710728 0.6291081698293758 0.6232762132579346 0.5807090194917073 0.5786509972326659 0.5325034935700723 0.5575301144228798 0.5740498098690179 0.5950149733343759 0.5666421497877843 0.6108678554082502 0.63314623386476 0.6746206733088647 0.6802314374935855 0.7148282401633881 0.7432800208892515 0.7402303454475738
0.7140693107946504 0.6734699555205381 0.651382604365605 0.6038931097777739 0.613677762583672 0.6107619344524224 0.6120163744099892 0.5933168311403731 0.5885997340372614 0.5943592377362446 0.5894352931862834 0.58585930752406 0.5515155834457302 0.5142363563541709 0.48509853472917563 0.42559403632056253 0.40838441687711946 0.4317404661199242 0.44644772244054326 0.4614841029994043 0.490601042976871 0.5472362608297673 0.5507401223501408 0.6019491519542434 0.5936264054704531 0.6026576945825968 0.5919401491942002 0.6446982794196247 0.6046959407282512 0.6009394079805153 0.6040162081432103 0.6070319452551638 0.5743165800118187 0.572155348154069 0.5963792334520847 0.5662832022069281 0.6402183825225138 0.6491491901501718 0.6475853583748532 0.6843371123169788 0.711768869742795 0.7102739303682607 0.7374556833371547
0.655715287422439 0.6554632370382081 0.5989819963765921 0.5813923487596079 0.567958787189028 0.5670953541289142 0.5911978099215213 0.5588655241055765 0.5725519297843742 0.5592561234674469 0.5577021968338094 0.5182607812663783 0.4900852410977605 0.4900003376707891 0.4618333091459971 0.43324403895984387 0.44392616405382823 0.45117391733042 0.464933566760665 0.5156910249007266 0.5226666087856346 0.5439236310090969 0.575492694792305 0.602835871335834 0.5907591469051898 0.6053376500016143 0.6125773634370013 0.6544709981689425 0.6557393109493337 0.6237363710346324 0.6465297752886339 0.6497530282269635 0.6303768300539617 0.5797456146448949 0.6089264822411729 0.6205150701387196 0.6286260538472522 0.6670992872776756 0.6675814622280072 0.6546535607576625 0.6712028360498885 0.7179586497538825 0.707426108529211
0.6575768631186035 0.6301246934799383 0.5761156459873619 0.5882411366561113 0.5700625492192987 0.5781915182720869 0.5890454142863975 0.5738254339741474 0.578098986132167 0.564702006398263 0.5274147274819766 0.48634424350585526 0.45739253044629014 0.4564836480340762 0.4641970123732339 0.42446380371516007 0.4273312237287489 0.48793443466277425 0.528359118497248 0.5638618500990276 0.5312919124827232 0.5660695069730404 0.5875642823637395 0.5763145879426705 0.5554567422423194 0.5749370850801843 0.6262465559934948 0.6860676053864434 0.6831497434215531 0.6404070826470771 0.6701143651673267 0.6678268862506946 0.6053742448250204 0.5809012525316357 0.6146300352994895 0.6168758947332679 0.6068374922554683 0.6193541488105154 0.6700859500781318 0.6505232223972268 0.696153462728383 0.693056224309863 0.6961243436569026
0.6590900338743286 0.6135304099339572 0.571824466803058 0.54714072179134 0.5583190141593574 0.5854666194435673 0.5771658197467594 0.594061002365243 0.5742068422643806 0.5252435479088018 0.5271858948449507 0.5199620625269363 0.47460182971071463 0.4843073926298542 0.42709745724352804 0.4442519550023974 0.4544419467370514 0.4823703311800055 0.5357398738463637 0.5509779250796795 0.5395174173442401 0.5388998906108661 0.5600809885003605 0.5597903525683612 0.5652340248479468 0.587300484920608 0.6359887483486454 0.6690697006089762 0.6731282186602862 0.6545705965335882 0.6931135417024141 0.6701171413717871 0.6344884723490032 0.608063776024328 0.6031754116699469 0.6440676442276564 0.6246039859648033 0.6480186937694473 0.6770147082144279 0.652496553334423 0.6765564523062754 0.7050503896121197 0.6825674613925286
0.6277077696831432 0.6134939283022253 0.5785872388871341 0.5329638167699986 0.5483224084230423 0.5725525841358972 0.5808497479945809 0.5768759838748511 0.5370855347434489 0.5333838683952628 0.5116772223148349 0.5294809208121471 0.46880086677809757 0.48258144216057536 0.4435167506512267 0.42872069465725016 0.4304213192602746 0.4941049283936809 0.48980359349698527 0.49080317894008735 0.5406506838084821 0.5997297315552921 0.582042615137528 0.6076849972827126 0.5729895890695859 0.59592003490245 0.6329580522058647 0.6620308026695654 0.6926300155060957 0.7029996866929927 0.6775290611540878 0.6545986063162358 0.6623056726282021 0.6426581483330724 0.6609610556670381 0.642366870348988 0.6441117058172262 0.7084264358098135 0.7081609218282429 0.7126506126766892 0.7302250554257254 0.7001499907005919 0.6890926452866961
