Raster_benchmarking/DGGS/continuous/raster-475.asc
NCOLS 100
NROWS 100
XLLCORNER 1743153.4776979424
YLLCORNER 5469287.747427033
CELLSIZE 10
NODATA_VALUE -9999
[rows 0 to 18 of 100, columns 0 to 42 of 100]
0.6250684441089045 0.5818453009583135 0.5712792748232369 0.5676732756422506 0.5186234559798975 0.5413623051195287 0.5369668762149502 0.5407041045571913 0.5262889887001354 0.5587051891747324 0.5269896606166192 0.5083656960306574 0.5317488817476922 0.5550192191112341 0.5549706751213463 0.5643447344710593 0.5335871037211788 0.510075463792469 0.5082726115578887 0.5150211787117173 0.4984034652417169 0.5334401682140472 0.5475186977119328 0.5698337810647275 0.5829220166196192 0.5786346754455676 0.5405360713961395 0.5326650165708798 0.49860920978378565 0.4965149469672969 0.47219560184905485 0.45986684770743924 0.47807408592005757 0.43585892245831787 0.4342510666307777 0.4062654527575403 0.42118806094517847 0.4060927735244064 0.38976362432085515 0.34714363436720247 0.31971330228866324 0.32177962098699076 0.33020249055552336
0.6241373422141653 0.5901527131597374 0.5720224844572185 0.5491587447626266 0.5224916396535759 0.5480674214441507 0.5528297917117457 0.5605287806282869 0.5368117894217923 0.5426424241715734 0.5304316967836773 0.510979631752469 0.5204565300396866 0.5366382391889034 0.5387207184045006 0.5539575735312005 0.5238718031153946 0.5168633468616967 0.5239775230107788 0.5100884177405127 0.4884475375523147 0.5205875374365376 0.5526677004584958 0.5910653462410315 0.5768854570436385 0.5523520263835027 0.5626865141512768 0.5517704188392099 0.5009587321004189 0.5068314203990819 0.4995274092964972 0.47090341797289154 0.4899272970178023 0.45351953354307933 0.43834698224697655 0.410139762824616 0.41824080907758854 0.40066414691735197 0.36363754878811494 0.3725739516358192 0.3409577443685743 0.3221828899696929 0.332119392340705
0.6199719899376148 0.5937072949023241 0.6092772754146047 0.5984670343691244 0.558904216773147 0.5660671352475758 0.5785902277531928 0.5381529045182717 0.5208817144325786 0.5516111093628236 0.5316927491382142 0.5305612743714899 0.5224280335228635 0.5300740005687133 0.5511933263854609 0.5299434596065857 0.5318573929574119 0.5071676736265536 0.5360722284591868 0.5110767506080949 0.5012977879879573 0.527550730364776 0.5862234147419055 0.6065966780767835 0.57614639896368 0.5720024241995298 0.5791938839680504 0.5678089751038004 0.5341212204897192 0.49408785129465527 0.47826059723816294 0.4791498198523575 0.47836377368975025 0.47588781388403373 0.45011837624534046 0.4272941196584492 0.4073589115862531 0.3659223672641431 0.35976583694964714 0.3567645692012475 0.3704714661708324 0.3499327828803258 0.315083376571369
0.6625745003378877 0.6314606352559675 0.5870524126330346 0.5948965671892616 0.5625579011373224 0.5858747652593588 0.562551126223356 0.5686887200127119 0.5633619557257595 0.5591277366892723 0.5425453471493199 0.518057363346519 0.5150940170182879 0.5240946539700693 0.534815385437898 0.510129188868946 0.5082851433563587 0.4951638850714296 0.48960859275471474 0.4951364694868971 0.5340199536164734 0.5379558668092637 0.5502356484490512 0.5908513201553164 0.5749958441469223 0.5824777901406624 0.5491703100661107 0.5560104081033461 0.5493683928739219 0.5155209018038888 0.47446887343456856 0.4769155022466251 0.4688817893515101 0.4415057206730585 0.44815225519946406 0.42139660689442254 0.4089593649318508 0.36804626081496816 0.37375505080493665 0.36132221197405223 0.3601080954593813 0.33586068671369557 0.3267517171262723
0.6412138902107066 0.6343447686306517 0.5819293253030615 0.5896520840600558 0.5566175810401194 0.5719366305774287 0.5706485635169732 0.5984945526992428 0.5865865934796394 0.5731932361618123 0.5299479151652826 0.5478921438978488 0.539001048761356 0.5289961287358291 0.5241226791225408 0.5227550652911243 0.5038570795475774 0.5202122936262346 0.4918803092084766 0.52950158894883 0.5274702011595557 0.5600356805999054 0.5690443249536065 0.5822770251614788 0.5914905818209809 0.5868233215303964 0.5323187923924221 0.5510786962369373 0.5245495060283392 0.4967904373759782 0.481285315446798 0.48515336915562496 0.4572975812882084 0.4382257728810157 0.3963654080226324 0.3876362873211796 0.3611918526515975 0.35092782824046903 0.3625175773796476 0.359954319170824 0.34334276114047146 0.3070258432372894 0.3047768070742986
0.6366339678069532 0.6077283672656663 0.5951666134392501 0.6107988658496455 0.5912070992967928 0.5699614003917828 0.5664938259829067 0.5796325100617731 0.5643125123968209 0.5707618664715428 0.562546969007599 0.5426572126027863 0.524313441760906 0.5090703364041608 0.5060479539207234 0.530046619843908 0.5293588099840721 0.5047167121889633 0.5074501244202466 0.5215014311040276 0.5164189414042649 0.5409708950889155 0.5737559317634509 0.5690274604575475 0.556265444000988 0.5645721108644977 0.5455951007870721 0.5254964582580545 0.5306188217350568 0.5163615031730653 0.4837069032175027 0.5054788281320849 0.4610630729435915 0.4469937029922185 0.405176810398577 0.4015501149940116 0.3714164503944291 0.3794755653466345 0.37950457291887524 0.35157418959282866 0.31685624641995247 0.3293114095104144 0.33105417212389865
0.6126607739432576 0.6076053649877629 0.5940829827218336 0.6028465452550317 0.6250628781434753 0.5875326994748944 0.5715751396765668 0.5957994067330928 0.5989924406535554 0.5620570348725388 0.5470321771786255 0.5684647513207552 0.5523595740875248 0.5514518142578435 0.5074117739495314 0.5137403864096544 0.5117449559057459 0.5377913306080414 0.5304197519631205 0.5098368001223564 0.5551543272984191 0.5344762333893225 0.5365244462439042 0.5549978551282609 0.5380790355996855 0.5146588481341923 0.5188340587583827 0.5192326800187544 0.5087324279196913 0.5170507423622048 0.5169115391218068 0.5224962426642229 0.48399543183293925 0.44303945928201727 0.4484951886519476 0.40153595220085114 0.37194464953411754 0.37555342092392846 0.3415672964882469 0.32728933872582505 0.32044390291097236 0.32023089093439205 0.3285358058329882
0.6397378698658159 0.5943359456828319 0.6083826108846196 0.6025094156817465 0.6070129639467076 0.614109590261942 0.5994262552233511 0.5887980272151808 0.5769804571673742 0.5824715102025196 0.5791005413561814 0.5670894000935989 0.5708531733045197 0.5620575921524589 0.5336393703886845 0.5223088281368699 0.5204505435285411 0.524777087351335 0.5291224175805574 0.509890615438264 0.5039046033999759 0.53475529467817 0.5321760623799578 0.5234804157941046 0.5363486881752292 0.5226571692640608 0.525031491405018 0.4810034716702533 0.5054674813416967 0.5003296519655598 0.49940839911626467 0.5133240320800049 0.4636083831529051 0.46095065011395325 0.4505835811221307 0.4024913810873292 0.3859385218663073 0.35480857382715003 0.3250665878861435 0.319590692369128 0.3310936317760045 0.32967988180030705 0.30822914990482886
0.6418355383676899 0.6009669132751373 0.6057724707734727 0.6198239768838619 0.6493707960562125 0.6329955692805042 0.6405302179435249 0.6411656627504521 0.6216827373730188 0.5921948416183205 0.5731161170210453 0.5481589386379495 0.554452254030527 0.5656130726732935 0.5600898106290617 0.5640596352368684 0.5532647953111701 0.5541156471780958 0.5067375548026368 0.5053975299089498 0.5027378277806291 0.5285658132072798 0.5068031237408793 0.5463760703372005 0.5756975522439515 0.5183069360681217 0.5064575700204856 0.4986277130412201 0.4699396077097457 0.47180860800051316 0.48802284798731627 0.4858211807696318 0.47820041056341955 0.45639920770414966 0.4269870579716296 0.4102813541305063 0.37525569646962736 0.3593915575023949 0.3184170995060892 0.30437656138276803 0.3030111997905912 0.2900917160613654 0.3117266656074947
0.6255772617257755 0.6152062442564648 0.6062518574326573 0.6181122288975814 0.6403216683960316 0.6554393814142225 0.6277289032598781 0.6252805034557039 0.6150750046708948 0.6099007634473262 0.5618412805058677 0.5621227438196762 0.5414760269255925 0.55075419005981 0.5641184035705649 0.5896089479197881 0.5944382750658289 0.5639683299612465 0.5439713181085682 0.532968865688556 0.5141407137774985 0.526388752998747 0.5197581570852462 0.5128207252136765 0.5536738665667749 0.5470252831619932 0.5311507717996433 0.500209760288621 0.49806607168704303 0.46206849923108634 0.48751338484244283 0.4558515818296395 0.43147275801634694 0.4431672839638139 0.41237881193931053 0.37643649153654163 0.360354351401333 0.3270557083988988 0.30930026586815773 0.30993823762386374 0.3145176474902263 0.29881347529290814 0.3035753822122994
0.6405044919354784 0.6200922283002245 0.6127621870233001 0.6121673210651436 0.6401869348242845 0.6539240805396143 0.6349510419153038 0.6110581314852094 0.6255057809216705 0.5751945659519411 0.569263198169705 0.5654473308384458 0.5709591609913282 0.5543984588168834 0.5842835068734875 0.6014148459076916 0.5953717319997516 0.5935720578016201 0.5593644507156857 0.5414799815400533 0.535993450456404 0.5280807343184051 0.5243993754363775 0.5148827952471818 0.5325014359595563 0.5505824978313446 0.558092598798587 0.5409837684001708 0.47778192614024206 0.46536048506991995 0.47497190888345825 0.46374269867277546 0.4360430226856709 0.44775340816528264 0.41304306155344217 0.36959650421204837 0.34976239583699353 0.35863054900799646 0.32310893216150044 0.29535819581380424 0.2950204617982916 0.31698959924462894 0.32654083280333224
0.6392326591789785 0.6186549922262655 0.6051505688006099 0.6341297975276097 0.6394734865080826 0.6508241538812715 0.6300543628708648 0.6274727124015428 0.6050840956245521 0.5585740370087457 0.5739676425720389 0.5422068095027018 0.5373710621998115 0.5298072710679916 0.5712214876936631 0.5497898594730292 0.5897404423486079 0.5778184519346248 0.5417637856010149 0.5301671883430216 0.5407531972004548 0.5185281869587812 0.5140514847043323 0.5281826786672965 0.5547100330962197 0.5675807017826717 0.5721840779205548 0.5446482757038899 0.5012847996248306 0.47093289681603456 0.5025397847082775 0.4938488818246662 0.4722265994944391 0.4377328799596043 0.41090567498595015 0.36448573913209753 0.38044616738344716 0.36357150637037233 0.35471432094573874 0.31988638897835947 0.33099899885155487 0.3225469072681031 0.2994815219992536
0.5855325139427553 0.5985078439291204 0.6149296987337487 0.6456186225798933 0.6305016425801253 0.6441784962766888 0.6303592886684753 0.6082078011136652 0.553752298690318 0.5393839646103827 0.5469712165660005 0.5561381012916257 0.5142307830149747 0.5210637526194508 0.5344626382985336 0.531650934921009 0.5721457446645196 0.5417104996065745 0.5573371592392933 0.5605686194788618 0.5372307742083556 0.5199365874869397 0.5284989458500372 0.5150161294954291 0.5471349157536864 0.5637711245181865 0.5473467743261237 0.5279942232285582 0.5221257455649932 0.4966839760598349 0.49246793632463665 0.47105941259888323 0.49064925952629074 0.4568247929254605 0.3991481384842779 0.4047468584863624 0.3653584396891263 0.3712266409334464 0.3682035183049838 0.3270208255829941 0.32374318682260966 0.321637027013991 0.29233803655912904
0.5771484565577432 0.6100894238012913 0.6193239150924379 0.618103138509803 0.6258223202456662 0.6113373301287136 0.579344208597917 0.5764779225096971 0.5696598503088389 0.5386412859811308 0.5341117089485118 0.5449940655601465 0.5111938101955027 0.5332642886239954 0.509355466328217 0.5300929716705934 0.538181631453586 0.5441496431657961 0.5336111125605468 0.547469736469976 0.5085145458526442 0.5178859074574304 0.5133079222414502 0.5336397742307348 0.5395682628897602 0.5415857007803668 0.5385810531545706 0.5269387667334661 0.5027065879693473 0.5027109482288088 0.4762690981468576 0.4729360911855275 0.48663741886448036 0.47111635386175804 0.4147613610823917 0.4096189623915159 0.38440350324375705 0.396631668755775 0.3724560095490411 0.3525834774895972 0.3242922697489021 0.32360339268170624 0.29644527253612496
0.5654652526472486 0.5994781232171119 0.6166340225986394 0.612001839028014 0.5741945799018655 0.5711642939886374 0.579135099807611 0.558708437793382 0.5651539232990821 0.5728732143823826 0.5466602848179014 0.5220681144004695 0.4948416105673678 0.4881518499564963 0.5026446985890278 0.5254044317102841 0.5677817868016067 0.5601394562094176 0.5319416740376985 0.5127395584146918 0.49085219349528847 0.5062556196031387 0.5022703165039072 0.535035775688561 0.5116069274676124 0.5424798608003043 0.5289642027815648 0.5247885259860235 0.5122663325899828 0.5160635974398761 0.5043826155079497 0.47373878992252416 0.4805695891822103 0.47093995111998427 0.43051584373317775 0.42708802368876236 0.43669057455284577 0.42419019445938855 0.38661687239531717 0.3739723570383001 0.3455161743000982 0.3418215183841402 0.3251508992076962
0.5688410856799764 0.5830039316435148 0.5584509190090006 0.5616190020367704 0.5555736271607697 0.579840321303665 0.5992683029464404 0.5916784027737795 0.5900710525381512 0.563543188652336 0.5226643173305754 0.5283227176651891 0.5150483071907016 0.4945468033780945 0.49362382104040853 0.512884459096606 0.5589970952857347 0.5337086180535887 0.5326654188246275 0.48585891094671585 0.46481814528432325 0.4883443069782375 0.48954599147223155 0.5077807002375951 0.4832705992585989 0.5093458784561007 0.5202906524015047 0.49810928957019296 0.49579331162838547 0.4817622746516002 0.4547426270132431 0.45152911548803465 0.4718472644436077 0.4470000733372758 0.43823888215419693 0.4403544588502549 0.4506254896279286 0.4262875563443595 0.37740470075515603 0.3640142497059102 0.3406191471497592 0.35104706358799315 0.32931090692987114
0.5516396810406679 0.5592816919416745 0.5353560779616988 0.5582504240296363 0.5773799012704081 0.6052495053861308 0.5805857452069921 0.5685567811182488 0.5748723134897473 0.5442126205592247 0.5381247405791914 0.5080577773955403 0.4816496010470559 0.4831933810844096 0.48980174955367645 0.537283700701326 0.5523036573208576 0.5115694931772388 0.515340983434164 0.4857993323055531 0.4760789674596591 0.49623310552993805 0.4567812056487297 0.4927924211536639 0.49155424671351206 0.47472734848443077 0.46107919580125034 0.4451162656687332 0.4221136409477341 0.4405655522281907 0.4406396231783861 0.44089159505521086 0.45039243209294383 0.42158034542669603 0.4129743320962566 0.4183198840143384 0.4255117804768107 0.4006640019689807 0.37813277540156337 0.3542906946912059 0.34854592273202234 0.3230800556673409 0.3148240293747144
0.5504011339471019 0.5135226032189006 0.5125908824924139 0.5381035408197007 0.5853040813350016 0.5989302160545341 0.5673799795694411 0.5450044748078153 0.5358760416416767 0.5375493947597013 0.52308575565733 0.4750334592860495 0.438449616867074 0.44781619060478944 0.5014571941227141 0.5141311288740475 0.5186415845907503 0.5183298335538916 0.5080858965224163 0.5209406869651458 0.4799204536509438 0.4908072890654834 0.4850883739572684 0.4838342298787649 0.47810227087897694 0.46059481946163466 0.44222214766398404 0.44603757554851453 0.42049088199498147 0.40717634669924685 0.4455584318108275 0.4317709423601812 0.4513303389544488 0.4550311782235463 0.4431196020353109 0.4297573667638886 0.4455948961023835 0.4215462224457235 0.4051848787265764 0.3750610566757724 0.3519429051702162 0.3202910367451132 0.3226957995164822
0.5038956249798723 0.5340623354378382 0.5407526373193067 0.5563116321356404 0.576956374089924 0.5662813499984364 0.5765847826183597 0.5609190839454855 0.5278322170716694 0.4949516874519902 0.45788298769736846 0.45126395362230004 0.4162143201392615 0.46275129516808267 0.4667886379549384 0.49306627579774903 0.4918496085129595 0.5151614242023389 0.49989064023792945 0.5284482598217997 0.5200517145517499 0.47732846672183904 0.479692349069611 0.48980369013149144 0.46498645767419944 0.4632047078526126 0.473403842475159 0.4337418747956095 0.420667145284979 0.41832177863631065 0.418235116577729 0.42806573746515597 0.46777349510787203 0.45763991606687415 0.4094024021364795 0.4140024903785481 0.41805769952974603 0.41456140385220674 0.38159438982948 0.36407723030615835 0.3532303361872987 0.31124041797801366 0.29232721264522704
