Raster_benchmarking/DGGS/continuous/raster-446.asc
NCOLS 100
NROWS 100
XLLCORNER 1743151.6854289793
YLLCORNER 5469279.179223042
CELLSIZE 10
NODATA_VALUE -9999
[rows 19 to 37 of 100, columns 0 to 42 of 100]
0.6522283332000004 0.6773736680678425 0.6697679305569574 0.6408729145301639 0.6212763748558906 0.5690462651616023 0.5656305274182468 0.5236510585967823 0.5034812441562224 0.47700649788588595 0.45792893617045893 0.5019986392727214 0.5020569601416862 0.5083386042105625 0.5200462123668456 0.4850802917960161 0.46270104113059946 0.4552201658227832 0.4420329787804989 0.4579459567731983 0.4584544296298682 0.42549727336186455 0.39146680610480483 0.3379759924143009 0.2780759765904196 0.27417902935131 0.2931273433149529 0.28448172736486693 0.29411337193199605 0.2919042108716051 0.2673444480755304 0.2467705446522838 0.1786376011648882 0.1603203081229162 0.10491027204974254 0.09849201323766082 0.0877599256939315 0.08694566703505939 0.07733231132356447 0.07091834710710818 0.10128341699767522 0.1083445948749553 0.11232020516341831
0.6712076941942745 0.6885419310073722 0.6497813075601423 0.6409531486796495 0.6071345694132586 0.5842498308094324 0.5583780243865487 0.542552513700814 0.5127452497276025 0.5039429722196469 0.5048640423419234 0.49720816826092246 0.46763403980350754 0.47329405185447815 0.480751640233893 0.4937508763731057 0.4348131464486758 0.44230698386022027 0.48544084621771705 0.47796721583433577 0.4537167611986947 0.40554889369870684 0.39511160974317766 0.3209731529069171 0.2743397821201819 0.2862782489665665 0.26464673401793415 0.27288628118469727 0.32620556016980656 0.28287936339226966 0.28462421048817443 0.21494444206392674 0.16610388915926041 0.170796937270482 0.11250575543181371 0.11413213421073147 0.05428799338438895 0.06620690095838609 0.07212380004497837 0.0877663996157008 0.10520219926821142 0.0960501701897538 0.10673040329304942
0.6454191404681039 0.671749141452765 0.6571878387861341 0.6165046376633554 0.5727415246711964 0.5848951043970217 0.5816661343235288 0.5335417551865241 0.49974456040810983 0.5037237472488918 0.51632682890599 0.5031149578239041 0.4986912573260118 0.48043204547631246 0.4995078541509667 0.49136650315726393 0.4905640672306285 0.47933026999686545 0.48854109767183235 0.4828602909879089 0.4262330814287296 0.4231682838156091 0.3692509277360351 0.32524498576785477 0.27526854132370854 0.2454094111227564 0.27856407522896215 0.28122811414125143 0.2696625536781258 0.2646455112218895 0.26715311060396757 0.2123440019142805 0.21106828733196903 0.16815818656746015 0.14963213318355706 0.14226270251355175 0.14051676759756346 0.1332437067697201 0.1517104439092285 0.12734482048473947 0.11939877049979655 0.14745750532234642 0.12750415163199944
0.6389062298788777 0.6673403125782043 0.6555940472764284 0.6324041084827109 0.5815396833270926 0.5714083796627459 0.5520950957516639 0.5530256790989307 0.5277861792845717 0.4929362853991198 0.4929326933128305 0.5098761229938497 0.5198960202135352 0.5349531398448711 0.5530467241736511 0.559738581333396 0.5428046921922032 0.5183820174796396 0.5179475403289793 0.4820397946752981 0.4272436535026662 0.39184502954117667 0.3912627274284448 0.3369842496631144 0.26690965434613306 0.2699481142559024 0.26693164786019 0.2683599301466036 0.24972586497699586 0.21531341197478643 0.23391736512012248 0.215727320569011 0.22029171565655742 0.186901972272031 0.1491365228736941 0.1634098745040613 0.18758824468745475 0.1818403540092735 0.17968583042216288 0.1622940124089253 0.18810504351917462 0.18364009363152978 0.1656988707308064
0.6497597774543478 0.6307264874827887 0.6517393154512762 0.6468761791256732 0.6207321992127706 0.6176143240360372 0.5805686110981703 0.5533715441462516 0.5538591034110071 0.5334907122899581 0.5167200030065063 0.5180892014099705 0.5602663058562013 0.5697846261161827 0.546411027056384 0.5478386194309163 0.539153065273231 0.5316368352628923 0.5298097463596031 0.4854536113689903 0.46538289601594085 0.4179331657380825 0.41039800844598273 0.3268434421278049 0.283547994613439 0.2963108391685104 0.2493911279287933 0.24547669307789807 0.2033167953144668 0.19714949345995844 0.21074402376369322 0.24993298714821366 0.24836968538734794 0.2272938482945958 0.2157129031007746 0.18170429404515342 0.20970358335552897 0.18279921060651871 0.16586537244441496 0.15654366701094885 0.16744741444706346 0.1579357199130244 0.16269517264322847
0.6206853947380072 0.6377939064077053 0.6266014146726024 0.650028106120861 0.6519903215697709 0.6119266520668856 0.6081245635592716 0.5664151709942018 0.5311404577193403 0.5485148648652424 0.5762665463249799 0.5759145956332669 0.5546654449034604 0.5810849671247732 0.5440874691313358 0.5595342764246796 0.5880653581139984 0.5335971798680731 0.5289669360263779 0.5156436857781929 0.4609022185714831 0.43279981580045707 0.42143994067119633 0.325661131046911 0.3009084832284338 0.284585902217004 0.2552225559673984 0.23264588305936074 0.20487668855305308 0.2102292855449009 0.1889981274294795 0.2555611129200032 0.24985147860045218 0.21656643737789005 0.25211216798198605 0.20928068897403246 0.23699921432581894 0.22234260282033877 0.18366754983389064 0.1615575673510361 0.15097472429384917 0.19332426666421257 0.20774270512118415
0.6611478874134663 0.6622052260848035 0.6463589455114197 0.6568357490946461 0.6511504998424356 0.6235267334319796 0.610102764228597 0.5919002635150067 0.561155404802876 0.544146029005437 0.5417822029400639 0.5831401336362306 0.5693480085396603 0.5643104415708079 0.604029831906956 0.5857133558493081 0.5485252995726266 0.5480051375553624 0.5065422096492399 0.49457469546755634 0.4816938011732833 0.4702211404967542 0.39729443356259403 0.3428947497779666 0.3055569772181088 0.2759963693221903 0.233680383719835 0.21942590193545772 0.24722797256016804 0.22552057839694262 0.21126389086419972 0.24583301012607645 0.2613911602776141 0.23155315188100192 0.22467008323852378 0.2354337412752233 0.2439728557182538 0.214870547912284 0.22751464329204796 0.19015237410280392 0.17377312607187942 0.16512886812602373 0.2118970272112796
0.677360405997534 0.6790343243279282 0.6391663575739208 0.6294692226498207 0.6182461721490489 0.6432911181790466 0.6244428836697232 0.5819570394783373 0.5525225760204527 0.5339485712727623 0.5636141558746653 0.577952367319275 0.5590173016439329 0.5769281850523783 0.6294333289545269 0.5700875677376296 0.5435033245092532 0.5480372648558122 0.5223334092174693 0.5104268935447418 0.4758542016852711 0.45274657521262107 0.44045203494353813 0.385060860228266 0.3102452929961285 0.27386248354746795 0.24125965540250746 0.21008020705830413 0.23298030094407207 0.24987233740967882 0.2161084575905622 0.20210081968146848 0.22291130018006974 0.2620790323543057 0.21641058497940996 0.2335091107181626 0.23784765438793193 0.21300026428426153 0.2418816784111837 0.23005511821969965 0.21340457656233253 0.16951538011578568 0.17135782867849786
0.689963198211466 0.7068545711506827 0.7049317595868524 0.6857866673367757 0.6343185039457361 0.6307987927745113 0.6114586497172562 0.5783280478304026 0.5686049410914017 0.574060994548251 0.5518114802157266 0.5821954402509237 0.6057755624978827 0.590559761322446 0.6021065029090712 0.5834385100696156 0.5631638917977618 0.5457744126771461 0.5164170764429973 0.5164025581720616 0.45904917158784286 0.46998616614073807 0.43422377980608473 0.3865089063918602 0.3452882878604966 0.28968932325507213 0.2693331212288123 0.2297977327964161 0.23317174429118082 0.2238085472252413 0.21290361634665222 0.22321660767508578 0.2679192926091033 0.27519729237043894 0.2463761248528267 0.21886745636874788 0.2209975373262916 0.218264525221695 0.19960812668398847 0.18808183299279377 0.19997687115438825 0.18059432293138053 0.1682007386554083
0.7628705239939472 0.7427072704419306 0.7285224813988002 0.709815856861946 0.669079885186103 0.6193362677767347 0.6195418383622188 0.6138612871377767 0.5734762893149538 0.5730350798526216 0.5934172884209286 0.6099062380313781 0.657324690222445 0.6222247410380987 0.5933453476994558 0.5715029279616122 0.5924470431222677 0.5520411960176886 0.4921593843354278 0.4928861377598272 0.46887451626335896 0.42184584214793996 0.3910719717566993 0.38938473608053775 0.40023793828483445 0.328582211582994 0.30613450021131344 0.2520486469179057 0.16627555204328096 0.21162970825262437 0.22293658679093012 0.24561589717768267 0.3006355702143895 0.28030592034141083 0.28423305585674424 0.27423485254059393 0.22613995735972306 0.22706824989620297 0.2143594647360577 0.2020409739739105 0.18051684101303606 0.15696723449456781 0.14953873512050608
0.7527724702679308 0.7610475192763707 0.7513188989447668 0.7038129345793482 0.6672059792683875 0.6644149522388708 0.6432113336002532 0.6327196948232261 0.5885671702027087 0.600706001614203 0.5984891470953243 0.638886365158746 0.6472975538996885 0.6165939124796467 0.6001564199270858 0.6010054820855919 0.5950718434161145 0.5370203707938123 0.5376817506044521 0.495440336890753 0.44616570364002434 0.4427371855930798 0.41993286536273383 0.42349388663147525 0.3869406330527521 0.3635527086443843 0.31254788483919294 0.2740664522738019 0.23601045142910396 0.22958284992064348 0.22745257534653496 0.27414798078081587 0.31214120835534637 0.2864369020882376 0.25738618796809165 0.26619287776498834 0.2658195427311456 0.2632645749923828 0.21921903222345088 0.19292603890013707 0.17809666743028438 0.16932206694249757 0.194748898567733
0.7806133741471669 0.7581048471614598 0.7771211878202349 0.712945018936569 0.7261857243667276 0.6630824447102258 0.6691517073538616 0.6568376576919177 0.6214398443034935 0.6110311635295982 0.6386745325329047 0.6435820764446121 0.6674100686429113 0.6565189204308506 0.6396910106088451 0.5975783469485632 0.603161856777367 0.5810647869920967 0.5596991407935175 0.52145885281439 0.4436102552264677 0.4405030386738658 0.40048047692365407 0.42760064355843114 0.4150327019562317 0.3477777401592312 0.3003873352255679 0.25004757532325406 0.23001716939739067 0.2523450538611244 0.2720676001950573 0.2688530479961001 0.3046631933565685 0.2597184639003194 0.24156753208452475 0.2813113843586445 0.26369861409911227 0.25311082882998676 0.26065902846215944 0.21095975977571896 0.20938177014194934 0.2346544849100528 0.2151013630364863
0.810109280331167 0.7802390508706549 0.7919398981228891 0.7241134505999939 0.6857120656228248 0.6695682225398972 0.6651814729695189 0.6422001313715529 0.650801323031326 0.618396178657178 0.6587275744742752 0.6357624057184174 0.626860687646153 0.6145572433854259 0.6018023365061472 0.6323122271627823 0.5882035378318868 0.5474131447001686 0.5350152747159249 0.5124587668396542 0.4450928508347991 0.42757742910042157 0.41398279828282036 0.3990073023812636 0.3631334846890937 0.3552900010396764 0.29953208306067697 0.27989030849320484 0.2928890960917554 0.2984656273369951 0.2911053143773953 0.30108277081664175 0.3029370075063067 0.2903660733666382 0.26309571359218786 0.28861379395300535 0.2626035915006685 0.25404401390888703 0.27841107805737886 0.25457433062866297 0.22601830932107364 0.2448800284957335 0.2310313359250459
0.8332293554432657 0.7710227779400542 0.7956389531299223 0.7146216900642434 0.6654766452558191 0.6626815634196542 0.6969718536677458 0.6658452134283129 0.6369296880992462 0.6832469507218302 0.6831735088358405 0.634313004135064 0.6155829378154013 0.6161363396515483 0.6249854386527715 0.5963023188072314 0.5768177379695931 0.5655597103597532 0.5426861741387798 0.5123803047219617 0.44485311803235983 0.45631603121124525 0.43568208558356364 0.39401390912622797 0.3836101032467773 0.3538451528337668 0.3293966894675916 0.3101468265912676 0.31177156248731946 0.30498224407047614 0.280440868953352 0.2730952867056536 0.2584264522877653 0.25698745521953387 0.2847944995682017 0.2731506394019258 0.2577806614470189 0.28083190546758846 0.2693611732274754 0.2594268305581033 0.2507871785242121 0.2459146298015291 0.2630809154008036
0.8115333602251312 0.7800096908681244 0.7698983219707574 0.7438504566141418 0.7123356501357675 0.7002712190606343 0.7072544416916957 0.6919372501871169 0.6670359646666376 0.697575825881248 0.6817329472951758 0.6640801048743376 0.6483423694668772 0.6095446226485383 0.6273818109008367 0.5915353709219178 0.5769705757354218 0.5611426434799637 0.5161193970664203 0.4504561457761107 0.44134500970350843 0.429197542047832 0.4373808764919615 0.3920943331689148 0.3546937464604787 0.333923270997081 0.3208771581765037 0.3068384409785578 0.3200691148656265 0.3027560918477096 0.30028779086205387 0.25552745050059716 0.2707156878480177 0.24894242263645722 0.25314015398895645 0.23429613115685233 0.25216056117292796 0.2738097669478857 0.25896029171789364 0.2510165262511897 0.2622210689217005 0.23836856714237895 0.25301796916245745
0.8330570113285642 0.7808650899520779 0.7505659526231757 0.7369813520020316 0.7365585298323265 0.7066934432891679 0.7016207092961325 0.7177978417475143 0.6970972886105574 0.6766934800750407 0.6844784329741322 0.6552781828899207 0.646039620133705 0.6669480348978292 0.6571495773544842 0.5949442801777421 0.5538528687031568 0.496754669057769 0.46605620191521896 0.41850905345872647 0.38729166888126887 0.3913846164000288 0.3960931228216342 0.4055241734461106 0.37948690402105656 0.3547719337249336 0.3422595947445292 0.3177649545971472 0.2900399139979425 0.2865607776643866 0.2843064571528832 0.27799615527322746 0.25968120508894144 0.243516752681294 0.23642150072399296 0.24796686635203638 0.25310341791205826 0.27499141357113727 0.23821454716672766 0.2507905469357669 0.24203505222379104 0.22376511563936627 0.26719808574785586
0.8588231012314484 0.8267492147064408 0.7987358659923786 0.783650425068233 0.7577651828700243 0.759928813108905 0.7195110089636394 0.7637115568199542 0.7319734136310226 0.7310876866059121 0.7000050422805015 0.6640097282284456 0.6733188848490598 0.6480817375618717 0.6247109813948004 0.5697684110873703 0.5220786271565975 0.4832797738204351 0.4333427053577303 0.4099038902181616 0.3608558272069255 0.35964883206255127 0.347199182521465 0.3681114249954545 0.3618036429287104 0.32367530511909287 0.33289361571696113 0.3053720083133265 0.3150954104693128 0.2909193002200727 0.24254034002015878 0.23610329955860124 0.2488969491537503 0.24631261096883578 0.2227147544062035 0.2083292196840355 0.23468883328184417 0.23183426903061857 0.207567268658612 0.2401602518961524 0.23466317991422742 0.255054613694457 0.2927650645768764
0.8468031363025108 0.8626608251485559 0.8436168910417589 0.8548978615149794 0.8216909216738105 0.7818745764546211 0.7524451830693862 0.7561650669196154 0.79951471817984 0.7537777816383501 0.7205995251206536 0.6957148051230007 0.6903327179530129 0.6507286469812597 0.602621679940206 0.5720354323089473 0.564764183741841 0.48442179518000306 0.41434735366711706 0.3696935733939411 0.3041140164459049 0.29206611609503785 0.30412754808460063 0.30049885716454766 0.2884309525940544 0.3083138968878149 0.33409626245740703 0.32911686432034853 0.3293698960949262 0.2791761532733411 0.24808104120642424 0.23846955438210318 0.2099195806039721 0.23552293198682325 0.19315736380636997 0.22568920040723525 0.20759239183292136 0.23075289762272508 0.20211664503780255 0.23239988736233977 0.26134973218379165 0.25623915782065404 0.3174185728572175
0.8813649139573301 0.8584620788940107 0.8627096430437647 0.8673445466724891 0.8453088980498722 0.7978495400860989 0.8017520945667589 0.7852347728425465 0.7600919474122716 0.7522811098592235 0.6842763112490281 0.6873875177936485 0.6246291634626545 0.5953817215055771 0.5737688917977151 0.5391218396240968 0.515403706275638 0.49468564113374713 0.41539154879111595 0.387662054400829 0.3106214143055774 0.3062681825541465 0.28316247741821654 0.31345191080982365 0.2855200373847126 0.33629994083631193 0.31734408092372646 0.34725108739307453 0.3589039889861811 0.31931289219006964 0.26986341772377326 0.2239920068794545 0.2160269772573815 0.19169642846399007 0.17482472811217536 0.20725544345927974 0.23734350499312376 0.20212331772212724 0.21686732866155506 0.23430880319551553 0.24403787146344172 0.2959219515539744 0.28587116820515357
