Raster_benchmarking/DGGS/continuous/raster-164.asc
NCOLS 100
NROWS 100
XLLCORNER 1743157.7742671361
YLLCORNER 5469291.104450964
CELLSIZE 10
NODATA_VALUE -9999
[rows 57 to 75 of 100, columns 0 to 42 of 100]
0.8492296539469293 0.8104263735730509 0.8027587388508008 0.7706394127158592 0.7757482502164392 0.7454759007264772 0.7102467699764589 0.6802211123121102 0.6822988939152084 0.6994309445148682 0.6998527657774979 0.7128599822627887 0.6800762314775008 0.6837494678362673 0.6976579508378624 0.6774275362062725 0.6849075800561981 0.6546918008168686 0.6551457859025045 0.6080378024125587 0.5614969828058417 0.5460094286413947 0.589152158506348 0.5746576038573273 0.5387046332965664 0.5272582513304936 0.5485429466022245 0.5568955616135803 0.6070643052365928 0.6466264248126249 0.6327320974706429 0.6658059227543546 0.6628684466329016 0.6999368944419629 0.7159203948920735 0.7033420258659044 0.6991222566138097 0.6693929677902447 0.6813713484341014 0.6153591860121309 0.5932089592443996 0.5738267614681413 0.5417393210494176
0.8289746993020065 0.8179535520542939 0.8123762511766452 0.7599805485017005 0.7397567615103553 0.6908682158236973 0.6697153206257692 0.6730766423796175 0.7000984431600614 0.673180671790827 0.6794977528478108 0.7075677677817939 0.7044640794261517 0.6891507702548435 0.6737716683829388 0.7103217984554255 0.7032171954756236 0.6368302815581879 0.6200034985779579 0.6165232847128134 0.5946829732720059 0.5701913609400625 0.5866772360782894 0.5900755105633467 0.5715516340349607 0.5741248876656595 0.5566002684115754 0.5994795949072932 0.6430917574476787 0.6664116777357942 0.6868633847520811 0.6610155329865948 0.7000303406378614 0.7169685270042232 0.7157851373746971 0.7103567259984661 0.696404089906252 0.6907050400273036 0.6877896654900951 0.6542324197145988 0.6167850752304689 0.5581902640435887 0.5156172373044733
0.8700474896949669 0.812599999032169 0.8075602227460474 0.7559156466272736 0.7163203134417423 0.693772945751158 0.653004304904603 0.6571757153852178 0.6892560134752183 0.6891524012053455 0.6737779281772167 0.6812181094028409 0.7119245994685427 0.6807648469516965 0.6857877990832364 0.7091531233074528 0.6855879831571254 0.6259085153037093 0.6162049066349258 0.5899973109131694 0.5622677877535741 0.5590535561379827 0.5938951197321353 0.6036569379808346 0.5566841591753633 0.5533159423087485 0.5771569982172681 0.6355721121262891 0.6707624569556316 0.6885480424626577 0.7038242855852684 0.6941739504999853 0.7015557227287085 0.7004320423571595 0.7144065153970595 0.704215680964993 0.6416362972018856 0.6720260528173413 0.6443877195526276 0.6069376537571063 0.6101417547398065 0.5858845012702135 0.49717696140641265
0.8446793386771716 0.843334026095479 0.8070724300292068 0.7690626377099898 0.7582804526395324 0.6962363450274499 0.7068143024375715 0.6797060951965056 0.6800994365929738 0.6624412034735891 0.6658393645882054 0.6618853966268331 0.6996366734452147 0.6879741148428271 0.6765029747119202 0.6723000724677501 0.6393604821036101 0.6075449549809336 0.5886028980158049 0.589816968678764 0.5895597507991673 0.5620495540605218 0.5717458684728001 0.6038147133192782 0.5822353489342548 0.5955175663206711 0.6141063641919688 0.6287724858255723 0.6873631395180145 0.7001501303425085 0.7325001559748529 0.7348830015029204 0.7364508383660986 0.7471461218060508 0.7474165557471956 0.7022298519910717 0.6399345021849724 0.6476263382802026 0.623807861549843 0.5923532138038645 0.596218621921299 0.5835094786593763 0.5308076303434209
0.8469253150771112 0.855294562584339 0.8151598309892217 0.7646069824594588 0.7797234052961658 0.7202510827243839 0.7270864846075111 0.7049988557784718 0.6785069406996885 0.6430927227601588 0.6382663991592848 0.6631149883158398 0.6706254503079289 0.6337096166887716 0.6169629846412529 0.6331160064909502 0.6077320604889537 0.5590787530258226 0.55795584100422 0.5780259608523073 0.54715420269257 0.545831037204034 0.6082936383346866 0.5939026753082061 0.6045211776376394 0.6003936724148209 0.6315158616548622 0.6635597095551559 0.6531699534262014 0.7207392737944988 0.729249037726444 0.7193088862845645 0.7477104956823923 0.7392160524750594 0.7326766975930112 0.6744532155408572 0.6634761179993649 0.6322925229812801 0.5836027817220157 0.5879366657478226 0.6038538577771471 0.559089372115693 0.5549216493162981
0.8765662254597273 0.8203818037833525 0.8298756006047164 0.7796453544625004 0.7646404039197954 0.7281304126827504 0.7127615759798716 0.6571105565495808 0.6197256001183988 0.6244412174515899 0.6288604277243067 0.6450982966130604 0.6548228853944231 0.6388873624184871 0.6140707758025166 0.587066702245192 0.5784306412079663 0.5380780047503679 0.5627346668402419 0.5350903027417081 0.5369089809172866 0.5299426966943058 0.5700389172741278 0.5950794677727892 0.5946092198697234 0.6075615166816347 0.6694017935328281 0.6868724701750378 0.7035544961990033 0.7064013362060352 0.7211804668812403 0.7501016982808275 0.7269677448283492 0.7388684232716339 0.7131418612899298 0.6878279570019309 0.6269129293050798 0.5847702688403289 0.567622296315586 0.5727800138893404 0.608941840127755 0.591070695816766 0.5335316620667313
0.8665874334644872 0.8041226518908009 0.8084114220327897 0.7725070319467978 0.7857882525198832 0.7521069059258775 0.6843581624124926 0.6750601315658245 0.6173687362914265 0.6083318695371231 0.614207922857792 0.6300369647222899 0.6433807601305863 0.6162023096504469 0.612899570257142 0.6034801576753591 0.5537993840403693 0.5454349372721776 0.5286301925095366 0.5242666920235712 0.5230496646279758 0.5125296027452044 0.5259017017305481 0.5539210263693396 0.5812387532399518 0.5950077014025883 0.6649499479510832 0.660764347297837 0.7011360583151615 0.703739820328818 0.7544253883924461 0.7341990764341714 0.6844541358670091 0.7098810100599751 0.706379153656967 0.6693343652780991 0.6010743064839733 0.6040384872362703 0.5813234921419828 0.5731645885432587 0.5743380395495515 0.5709568558961635 0.5505963068094681
0.8850540082797207 0.8193796848423739 0.7952418012598219 0.8111411031133441 0.7827096294672238 0.7646073310908575 0.7252252812351705 0.6830785960699607 0.6440759055418849 0.6155311964985084 0.6392262567387927 0.621480390371284 0.6319555354325118 0.6304016606192856 0.6309745204219455 0.6066498467428038 0.6055848020812467 0.5819220280751545 0.5821866457187389 0.5562358513556167 0.5387808104379199 0.5083961121424468 0.5450367328262246 0.5314503577157883 0.5689486224899294 0.6250451692699782 0.6239748817401697 0.6821964055206382 0.7068176874012853 0.7047896792302394 0.707546411490671 0.7044429053879169 0.6893147216685732 0.6443799959207697 0.6285412006008098 0.6067226394297689 0.5811483635546005 0.5742642471841959 0.572364351396958 0.5337510257538447 0.5253946089447836 0.5064707095361102 0.533342326446644
0.8561775329888134 0.8307726118215644 0.79104556027027 0.7653183592760054 0.7605176969404515 0.7636988870826448 0.731314170477902 0.663701797364535 0.653402779143887 0.6334431753038958 0.6071195996598875 0.629139817583157 0.6368079736952359 0.6360881580625488 0.5944303686667776 0.5839960442977171 0.590913386295443 0.6166485921855241 0.5877789600194181 0.5771578904849844 0.5294439620443414 0.5193904824471549 0.5280288897832429 0.5145286646620003 0.5519698285647694 0.6120442455290197 0.6189044034506135 0.6331187925308339 0.6644897792809141 0.6859819682750466 0.6677109359632634 0.6970824033628207 0.6747902766909788 0.6443082474779868 0.5685204693032415 0.5489888030406626 0.5245601415359511 0.557930490337248 0.541547167763426 0.49614813198703644 0.491041177372454 0.512497276815732 0.5041087349900079
0.8475316934076911 0.8322181090104129 0.8103693145104999 0.7655804099725313 0.763516605679367 0.7324312444782105 0.7019904919137234 0.6840050825632282 0.66872173201853 0.6393896494774294 0.6314001896380601 0.619818258938879 0.6656798304377305 0.6448402325856382 0.620238667509942 0.592371459490525 0.6128669418191405 0.6118830304976864 0.6073004584850534 0.588338561041678 0.5231994814253093 0.5077741465215269 0.48714854084540804 0.5167286391943537 0.5446965263563294 0.5704311008787016 0.5735510364581035 0.6020167896549168 0.6143769963860943 0.6209148201978245 0.6386477143939158 0.65593547896988 0.6506255012010423 0.6101492983626682 0.5533991395403925 0.5319449805809082 0.5275329128981145 0.498950635608772 0.5041475328999668 0.4667183142921639 0.441472808714927 0.47441379854783106 0.48568314871095153
0.8115940262988889 0.8166564036876324 0.8000094776978132 0.7926776341091816 0.7525876270169759 0.7134196661955702 0.7117830259994145 0.6938888669209767 0.7134841095792436 0.6753205704089147 0.6484619259917078 0.6361717152969072 0.6688543839192114 0.6429178232311669 0.6390814263907582 0.6362558988745017 0.6198957371155057 0.5998164700833778 0.6097020487993594 0.550044028024848 0.5560277262955717 0.5014129885160513 0.4743927360580402 0.4926183343425265 0.5048488949981027 0.5181928980519372 0.5430415745830404 0.5656125722393831 0.6221608458264986 0.5900796783829124 0.6157448017694489 0.5944552554478983 0.5855604908027439 0.5954334947617603 0.5202607897673074 0.5084397432868704 0.5087197704410602 0.45945330921823574 0.44414435694879695 0.42973157056959166 0.4200617163399647 0.4580621221313327 0.4304385923778026
0.7944912248633073 0.7811609691651836 0.768908598296334 0.7661272141875242 0.7467167367299821 0.7457978822867243 0.7435555827050564 0.7046064589337465 0.7385744014039735 0.7055679500862226 0.6870379938947058 0.6759739078268091 0.6797906350122216 0.6658258419953005 0.6649521898714175 0.6191444746138788 0.5595345533536363 0.5582496953397991 0.5421017389363632 0.5337648834765543 0.5178446003934544 0.5079192702065626 0.4831352589243328 0.4588533680142587 0.5017693238024612 0.5203614835899193 0.507073661594888 0.5607195378990549 0.5475954690895523 0.5850435064943944 0.5724259309623373 0.5686903191248179 0.5687354739658835 0.5801390323419824 0.5629918733569078 0.5358868453540115 0.4847487739704507 0.45581058721042045 0.4785186910990286 0.430088283027586 0.4039706380667866 0.4247662724710317 0.421833044517897
0.8086742280581051 0.7934226222740778 0.7953212764045252 0.7842385754932298 0.7786980540427034 0.7721812436234553 0.7488301905332935 0.7546567327573415 0.7355881671156068 0.6983343874315787 0.6846824701222107 0.6472018761006354 0.6504443718099098 0.6427718218709321 0.6401232186706074 0.588316226455177 0.5335300852647933 0.5069834658182172 0.5068523388194788 0.5031285678147821 0.4875755910372398 0.46275655370845864 0.46006818700000573 0.47751339495953493 0.4760280307848635 0.46242278819820415 0.4794288393379292 0.4959617823734159 0.5172854334612844 0.5235456593553092 0.5571950030894426 0.5388496841299898 0.5720944551612713 0.5544972887245051 0.5666011049165798 0.503019910534419 0.47340604596045643 0.468551766865847 0.48713634507629755 0.4359160751276352 0.4299746921569693 0.4456267883714459 0.45554839204403735
0.7691927995810482 0.747586579048868 0.7715575669725947 0.7765692918155167 0.7820381029473993 0.7965004938676643 0.7661943355800728 0.75344233382272 0.7181063093479643 0.7172812677089044 0.6691074079742092 0.6436782887463024 0.6215976358969829 0.6473232846244057 0.6184726016612586 0.5748738514599574 0.5218689821396612 0.5018845824389889 0.5155266743855521 0.5092173339118159 0.49774104405848235 0.4761396607115622 0.4650075475360062 0.45259579815566503 0.475771267436624 0.4512641458095483 0.4626607190746804 0.4983236361386014 0.49510491224157 0.5074554026087983 0.5168356952481524 0.5447060341039748 0.5334626032112174 0.5536753552235374 0.5375353374051892 0.5132861835168202 0.4869218372501584 0.4770068864192803 0.5036309793920324 0.48543226336287326 0.45538687464520083 0.4342037899037207 0.42345732138206904
0.730962889841558 0.739067609343582 0.711488002069257 0.7598040476435213 0.7586294746942257 0.7814011104924753 0.8050222993141567 0.7817371188465546 0.7233686115447137 0.7212521908729502 0.6647320445742132 0.649290044567889 0.6358276966947123 0.6300673591201847 0.576771622541446 0.5496467444880624 0.5487531951384634 0.4899298728622047 0.46488210559882376 0.49162039239355176 0.49667944271197967 0.4753130250352196 0.46622982945645247 0.46147647258514485 0.48136699089564156 0.4679591930890138 0.44238464231389046 0.471907161359369 0.49986528046704337 0.5192824937675073 0.5220373298710099 0.5140010931706794 0.5093740049412676 0.5449144473607627 0.5629047810793576 0.5372275655627201 0.5078874321455847 0.4856050540051458 0.49871824132176534 0.4610013509437679 0.4409308248469381 0.43383957371038184 0.40187763916703095
0.7620235441502737 0.7541825916398668 0.7478417359848583 0.7276178162007593 0.7374830841934013 0.7792523817070186 0.7748577644526083 0.7636404949132211 0.7431783338607041 0.6860854699437338 0.6826906900320227 0.6625423886218639 0.6578244008305035 0.6197672421487364 0.5877384622864602 0.5497923759181829 0.5292343379210166 0.4933760612655923 0.47108445496905105 0.4957021035370995 0.47572039526035526 0.488593385495569 0.476931256535304 0.4821730220650741 0.49566172679009046 0.48079280411802633 0.45878253933574453 0.4545513976711372 0.449070348780359 0.4620600641436259 0.4697685694965663 0.4838662140246339 0.5107600972548431 0.5118706979098911 0.5447215943131156 0.531714586977795 0.5090230530989885 0.5097213948020641 0.49941790619575394 0.4916873573345987 0.44905675034746106 0.41827028284819795 0.3993730362455909
0.7608378232808545 0.7358265752700849 0.7320357573688134 0.7401430203428162 0.7755539915124708 0.769252307504549 0.7839447797432569 0.7843975375732678 0.7349989275489552 0.7084663210145795 0.6585763113787821 0.6376809045788359 0.627650499195694 0.6028298285506654 0.5836185317599311 0.5294625862692383 0.5422962690241571 0.503645313719769 0.48349627208708396 0.4846225804309457 0.4831240064338742 0.4883405842334838 0.4423689210565246 0.4314141671720724 0.4414392376263349 0.4534550899891921 0.4643908950117441 0.4692180773181432 0.4476337275784871 0.4580437091776921 0.4355769398844519 0.464685161772318 0.5116328883674972 0.5150638370996868 0.5027886906777735 0.5316972423705826 0.5254009172643141 0.47862835808712506 0.4628415329494664 0.4901875207918049 0.47486305841700277 0.4419401986078928 0.4327470529868458
0.7639956613604857 0.7514097602498409 0.756449770067948 0.7679650081619999 0.7806213732621216 0.7840973569236205 0.792933223397949 0.7681108692843429 0.7355834208495278 0.7027142067312523 0.6632315503333324 0.6807908012023509 0.6420179489412223 0.6026512919321269 0.5621099563198995 0.5392577946022518 0.5299911628370377 0.47720696812272645 0.46733964710109777 0.4698573272894299 0.4695995426553097 0.45972138748317065 0.47670440714670037 0.45187607510212974 0.4784037362837692 0.46446801078351607 0.4475336234059129 0.4347268405830736 0.4105783693365441 0.40175332254893165 0.4364950680339074 0.4462726249009316 0.5090893661134694 0.5182899657032443 0.5075286480881938 0.513361312830069 0.49957363556801265 0.5052231037791274 0.44412546841816536 0.45606662126291203 0.4377765050085276 0.4198747109247338 0.4092742994289302
0.7812918276325542 0.7591363234873677 0.7316836806429122 0.7508929104049067 0.7657134978670904 0.745322191505741 0.7589945535993662 0.7336830109489331 0.7230237561727136 0.7103897663769037 0.6790059202318749 0.6429960412981511 0.6625941749234112 0.6186986884003002 0.5468292258532406 0.5041042098055186 0.4847524040186859 0.48833528458913755 0.4825616506136903 0.4888851467199023 0.4560561606201355 0.45420234105888596 0.4970121421757336 0.44348512517994726 0.47099882071458643 0.4117379824394132 0.39172830280712284 0.42345807697012633 0.4246714730605983 0.4311225766203301 0.3932949263697601 0.4323879777317328 0.4814292128507876 0.5108407139751491 0.5089461675562963 0.4962547136505657 0.5182496409699567 0.4929940678873512 0.4471422198673693 0.4186901057609904 0.387094476668511 0.3758705281285252 0.4052636493373564
