Raster_benchmarking/DGGS/continuous/raster-128.asc
NCOLS 100
NROWS 100
XLLCORNER 1743165.6317096774
YLLCORNER 5469287.66175919
CELLSIZE 10
NODATA_VALUE -9999
[rows 76 to 94 of 100, columns 0 to 42 of 100]
0.7699928762806431 0.7485290477836363 0.7717941191582155 0.8186613982771003 0.860755874253025 0.9098153483435283 0.9103473960705781 0.9175791690884058 0.9015392993355843 0.8985725680237996 0.923822576213683 0.9294109968924282 0.9417302485164395 0.9050012667330707 0.8703142960410541 0.8417011643374166 0.7986948595991405 0.7918542582734607 0.7601836495186721 0.7381588374062908 0.6876934680644348 0.6947776833131714 0.7080283292942816 0.7213342468574706 0.682581415439998 0.622485168787419 0.6351755298019006 0.6123062852655332 0.6147678382061469 0.6095101011907172 0.6112183072427242 0.5734771610663237 0.588561749634103 0.5571119877090531 0.5638662137221043 0.5809125351432639 0.5919390313282776 0.5858409678804247 0.5658023653137607 0.5336906044215768 0.5412583346966489 0.5019990553335079 0.49258663104446876
0.699191410167948 0.7169681533436538 0.760222850897577 0.830432841310541 0.8865499231094841 0.9071254842635426 0.9668310557457674 0.959397056971715 0.9509685535245426 0.9131849655173482 0.893947995159818 0.9106887010293592 0.9316522884363648 0.8559482247007486 0.8411958721253013 0.862895385074666 0.8613903460793608 0.7607548968500553 0.7175229869077139 0.7259337668800415 0.7064674369275442 0.7060772113824888 0.7202084528585834 0.6921215196554196 0.6763644594813778 0.6876560445689159 0.6693820467720611 0.6181354419976162 0.5832298886332259 0.6012089936000798 0.5787002959255689 0.6137880639820678 0.6268010754139841 0.6119725010049236 0.5810006952898762 0.5946572195277613 0.5826592429771561 0.5743361284316285 0.5168107947454808 0.4939772111851174 0.5255191466203016 0.48338303739414884 0.4793344772950011
0.7116679528528947 0.702790976305563 0.7492242813308897 0.7807834123098488 0.8191121130810759 0.8791474070795636 0.9435702889164213 0.9177543282897955 0.9154176287754002 0.9328752809626627 0.9354357980209232 0.8927386538765647 0.8828299835089056 0.8746967545976192 0.8605182605157207 0.8128094507045206 0.7888855786990395 0.782438854705181 0.7427955240955004 0.6738350636996406 0.7178729089295531 0.6951495325825084 0.7191828584283143 0.6613071028857966 0.6711096000675707 0.6719056462619007 0.6583090768063666 0.6716485629346186 0.6287251364778862 0.584248783755076 0.6179867520431671 0.6206256112984675 0.6608705367978146 0.6390253894234041 0.6483434526166242 0.6152570936286443 0.5933703336433734 0.5962350448226558 0.5652479803906975 0.5391889762348745 0.5553897722217276 0.5474718687557192 0.512689669677294
0.7434333604850589 0.7691495683980225 0.7420809811706598 0.7735489623114881 0.8160776436083905 0.8686460375924827 0.9243999559804948 0.9276104236562022 0.919167597836637 0.9168128902270551 0.8972021506096399 0.8653859450039527 0.9133540080967759 0.8858219077678441 0.886941160049215 0.8204085662188236 0.7520862051965814 0.7487218131973272 0.7092956458716392 0.6940499945749774 0.6728154175782667 0.6554064506697559 0.6652515748151127 0.6607559955232978 0.6646255086514045 0.6482906110397444 0.63257666866867 0.6228089605071522 0.6809904671372696 0.6279547155036049 0.6111169929133065 0.6449143691497389 0.6745623784373463 0.6697195759331545 0.6416947773938091 0.593431405497316 0.6042797859624689 0.6169329196080631 0.5497588120851303 0.5557339328714191 0.500091949814866 0.5527133815696059 0.5597955164590414
0.7394831434232052 0.784530652198225 0.7829158880646614 0.8365193463131478 0.8602806710695299 0.9258157040005567 0.911335160402238 0.9449982426803379 0.8905037149134984 0.8782937003006039 0.8628727600394922 0.8758857557332235 0.8739168523080539 0.9197582234959474 0.8252036835877803 0.7904625111830809 0.7572180887680006 0.7080116498953603 0.7507412585210744 0.7108945806033606 0.6841114956947384 0.6796958527304802 0.6700027410130596 0.6149118531366798 0.5936696438500426 0.6028829990363126 0.6268755332033197 0.6065074350982628 0.6655429965712195 0.6627783905730619 0.6747324114031049 0.6663290867750747 0.6370464917937658 0.5849178853764663 0.6134225369294133 0.5998835736540015 0.618399305170282 0.5997050911862896 0.5608300795809148 0.5578394062106767 0.5172299104659541 0.5316598588747706 0.5146967280480704
0.726021526975422 0.804087569171312 0.8008775568516219 0.8321142882691094 0.8952456835543321 0.8937243329762667 0.9357414585355212 0.9083526036138143 0.9019411892994337 0.8396720423265052 0.8230943927253577 0.8432708174257885 0.9046228100867222 0.8539355007977638 0.8337342232723074 0.7709141487502319 0.725799017916077 0.7557710416985716 0.7525137486956157 0.7166341588487449 0.6981422116853581 0.6506208924594826 0.6434859565218191 0.6307937837667372 0.5532974335371723 0.5938691767894033 0.5896231335544848 0.6565068144311331 0.6600849057464943 0.6586993680081115 0.6653530789075738 0.603439993746948 0.5919378116370715 0.5666457311998738 0.5336813746570236 0.5297069956489866 0.5432264674309046 0.5560536626447152 0.5896121076690088 0.6123914901544014 0.5963177317416658 0.5571168436982936 0.5420482845710443
0.7908062543568991 0.8269377328692165 0.8569809817954593 0.8275072679838082 0.8507602864172542 0.891956840614872 0.8957578726937695 0.9085929022442288 0.8912540981513541 0.8559783672296067 0.8166391858751654 0.76683258262996 0.8293792606072635 0.813464751504917 0.7557534232469858 0.7611835616993354 0.7543189370169151 0.7237894587598882 0.7232889480732115 0.7374725223877101 0.7048878113264428 0.714234154677408 0.6502272160830532 0.6541353828962271 0.622765595864108 0.5802795546841844 0.6074960314775465 0.6363092740824459 0.6255019048884787 0.6734171380618347 0.6009193358078739 0.5859865648598513 0.6011172340581469 0.535289831476919 0.5557628970868747 0.5452572503785433 0.5192405975188272 0.5712610073684524 0.5943282814252253 0.6014463997144595 0.570181431336276 0.537380701050676 0.5276977727618358
0.8354120735343161 0.8661671308993708 0.8350968883084691 0.8315681043539015 0.8697356262139198 0.864868674417701 0.8337064411993147 0.8734037537594926 0.838811836060919 0.8128057838483773 0.748927760013526 0.7397958567078147 0.7008891909230204 0.7373690168697054 0.7224313420020079 0.71986487637615 0.7172543568208103 0.6864154888177495 0.6843997891497706 0.7000153480745781 0.7436295188301281 0.7362031024347047 0.6767698618382758 0.6848759713781004 0.6280373152472087 0.6195304788859911 0.6589792228109964 0.6539357920860895 0.655166642266008 0.6276121712390729 0.604814476451171 0.5890769349912401 0.5721519926365594 0.5196573510823936 0.517309736527621 0.5310687844394489 0.48127941835514554 0.5182613577008024 0.5919154876283462 0.5776676978167224 0.570398729373238 0.5557348490775065 0.5296870406659597
0.7890791480590073 0.8323968180793928 0.7839177870116237 0.7855275261766953 0.7660784863413397 0.7682363983354835 0.7464578849330873 0.8065035386107686 0.7970635825365785 0.727445773643576 0.7184952657637763 0.6913796811438111 0.6908290352647559 0.736981074348768 0.7386866288085733 0.7010409604107083 0.7119789222023687 0.7157946249629928 0.6684625034976446 0.6836665675398373 0.7086300865225883 0.7196792259924241 0.6714940314710094 0.6987972159485618 0.649751901771842 0.6382958294595049 0.6679970900347422 0.6544117089226429 0.5954684375478119 0.6152156679180226 0.623729725591483 0.6274454513354623 0.5680275480238098 0.5759235109220322 0.5551870958205943 0.5482851765371664 0.5425263303376865 0.49784068113954233 0.4978213913210962 0.5211734409400373 0.49224423426364444 0.5024744666072738 0.500291426857378
0.7970242588435276 0.7547520070102949 0.7492679654176347 0.7684953120374001 0.7511828196777446 0.7166591497297856 0.6993465299133413 0.724299484202597 0.7145323132106693 0.6859413772300533 0.6359169772857769 0.6195367535661939 0.6573107462161091 0.6767540429585025 0.7336995490255657 0.6836170178274593 0.7173143403762312 0.7119824081310175 0.6624228054501037 0.6755907805607453 0.7266169842374407 0.7412316369818831 0.7225794014000338 0.7298527424227973 0.6674028979448793 0.642362246688931 0.603385826715955 0.6199400910379352 0.5806746890020158 0.6338386331640649 0.6208673295297402 0.5739065746138016 0.5873397696089991 0.5345345442852534 0.5744045713363353 0.5408711772018275 0.500942712195778 0.49854651775444103 0.5164631303425712 0.46308406980712097 0.49667826512395563 0.4955003157962166 0.4359934365020798
0.8055434399512017 0.7773056827335587 0.7598094803291024 0.7451082879162884 0.7351754083810268 0.7202309455425995 0.6831338338169186 0.6541459126098613 0.6375239435424789 0.6513515661617264 0.6495377743191751 0.6113232024277001 0.6392700875530929 0.6748511723449973 0.6936674609724102 0.6951499269668326 0.6706553898964633 0.7003923263721757 0.6938198876693149 0.7446607069190949 0.7114296780619492 0.7377491310608018 0.7126734699768247 0.7280993908662527 0.6830301560002517 0.689598175007138 0.6584983806892865 0.605321794948817 0.6228073886913739 0.6082578920739139 0.5927852675301483 0.566778347478127 0.5884755198688048 0.5389819970241485 0.5629348292140961 0.5395900023304027 0.5174075547272862 0.5391617877052673 0.5213661640266211 0.45143480350219983 0.4243443647222698 0.4299100641782941 0.4134307699395648
0.8139090321273589 0.8026216269305946 0.7539430827500144 0.7520361583090539 0.7199957821686277 0.68860148024791 0.7106955247160288 0.6224421397149641 0.6038888489913264 0.6319575433928005 0.6459878143196651 0.650650083403399 0.6174318477388729 0.6694671897970613 0.6337629246473171 0.699190274320081 0.6989036315250691 0.7432003581967636 0.7480372481953969 0.7325121797018942 0.7599598726114194 0.7761141261009882 0.7446874700284849 0.7014816010686795 0.7294653452750359 0.696364000901965 0.6708628997290228 0.6206476094156542 0.5869171606661708 0.5694987858231656 0.6109547513972909 0.591507902859452 0.5514191994631148 0.5424193876947068 0.5394632658013881 0.5463748896958717 0.5427966515232494 0.5174112552949663 0.4709253678787002 0.4303211629566148 0.4142727470436673 0.4227036147363669 0.42705136211804057
0.8097270388919987 0.7551241039290116 0.7465251891288515 0.7559905618115652 0.7325816457726438 0.7083935256358918 0.7101633772269556 0.6362846385176486 0.594289495129207 0.5702928246303662 0.628389889693935 0.612681784138208 0.6001940879930393 0.6560057276649913 0.6348816881995867 0.6754864527465094 0.7023835744002735 0.699399221026391 0.7210694628037913 0.7268693362924299 0.7295092508341203 0.7482072846656136 0.7149885757317744 0.6857729241043004 0.7259560685035461 0.712348579730573 0.6381626267276411 0.6047785673097101 0.5617574826450531 0.5837746322001427 0.6321715277879417 0.592494270901888 0.5392918423321248 0.5167476327976825 0.5429727122403525 0.5196379457905863 0.4737478764786946 0.48492894362102884 0.41324076825429934 0.3854539762073773 0.3915437326973255 0.3744019418337343 0.3744493045425736
0.7582519233294988 0.7158695458159069 0.7286591279675055 0.7265097879544872 0.7187689808060713 0.6925401965970576 0.6591662834132543 0.5974482969734286 0.5712052396430134 0.5943768373319428 0.5682367614974734 0.600524316755557 0.6542175803461783 0.6477521404127918 0.6407171828711984 0.615011265165218 0.6054638789573779 0.6454848551150235 0.6886298119238592 0.6838500021763997 0.7105035201246912 0.7169351212433411 0.6810342176178145 0.6747565079146134 0.7213562432732833 0.7245359145362296 0.6339146007660889 0.6464665546780755 0.5944677964016818 0.5805887439907337 0.6217952340939291 0.5293904801180579 0.4865058835714974 0.48177550645464307 0.4839106573355141 0.4417389131509886 0.42212504327701267 0.4389621579087523 0.37384562381920466 0.3667728484925764 0.33568282039172365 0.37210966979029536 0.3764279520152896
0.7155616209580142 0.7072046064316889 0.63946936051177 0.6258773972002117 0.6184057467751337 0.5912268072380984 0.5852968092940456 0.5947198074314195 0.5970739149429389 0.6001194042110469 0.5564101560690317 0.5703776974555047 0.6126023411326535 0.6368576293898391 0.6102031441748198 0.619697189917152 0.6158689459314209 0.6070187378441005 0.672927947584985 0.6816752308914569 0.7179326957948697 0.7320461985742164 0.7217162272009412 0.7404378655325604 0.7358675927139631 0.6890550614182083 0.6548754455695032 0.6334190978507451 0.5843335939382998 0.6067479808807623 0.6158472424678997 0.5210823018078707 0.4808468858558531 0.5069508133601329 0.4989687819451767 0.4399462457307685 0.4153444787169022 0.41573300845443484 0.4246572560164239 0.37539022086092755 0.3911378473589783 0.36619251066576813 0.3615397505598341
0.6142748468083241 0.6047447644001059 0.6051897389677601 0.6030925223736673 0.5567729119062816 0.5760828699363066 0.5333250864448607 0.5550109093496381 0.5875816188232716 0.6029346906927759 0.5741734075910864 0.5761642372472638 0.5650719385124544 0.5831623215009155 0.5881906369167877 0.6023187558163174 0.629933610229708 0.6500117347325243 0.6438842065547308 0.6724142189714315 0.7308133132214462 0.7453724481860154 0.772490525341273 0.7799139381188308 0.7604631654406132 0.6915814545434138 0.7113751915403024 0.6379814535039351 0.6039532542624023 0.5926816362955606 0.5749502519209954 0.5378645315007895 0.4918883737087706 0.5286022249159789 0.46455440131559206 0.42269749688899366 0.44433911106196367 0.44399337978365394 0.3944581000165979 0.3749488942936203 0.34865581949515984 0.3887676346594083 0.34553383212029015
0.5853174439713336 0.5343543700116863 0.561777359620425 0.5593530115518487 0.5361330281857853 0.5408620776072279 0.5448867939709472 0.49222646602916287 0.5071137561491297 0.5237859204922568 0.5263372396521425 0.5619455467424501 0.6029551510595954 0.5871449892210497 0.5986823588453439 0.5964610356901259 0.6084946492910004 0.6323064651578979 0.6524495692324609 0.6635633349235518 0.7028068174946022 0.7354719482449944 0.7167180119724271 0.7279780003797007 0.7092874045568315 0.7200529327482293 0.683003671059377 0.6539767050838373 0.6289686666248798 0.6153366603818559 0.6213678479908676 0.5670024766762587 0.5238852542954794 0.5352854593464905 0.46985647457782087 0.4786882647345711 0.45599323508349693 0.46111061666156866 0.43728812884307794 0.3981976074013482 0.39996197833699443 0.37005592798629094 0.425022980983709
0.5069044064170598 0.5172867792614287 0.476950771891085 0.5033451701329554 0.5297267754236131 0.5318469930841769 0.5238385411221066 0.49946426695597257 0.46578453213890625 0.5076805593566645 0.5325562393014422 0.5757169171815931 0.6174009783687046 0.6086587803480398 0.5439276416395317 0.5503578010635432 0.5166638795899207 0.5959278988014148 0.6501559783153074 0.6321453078271826 0.6788769624196356 0.6887016328523157 0.6935035511682873 0.7230363206786031 0.7475248869069142 0.7435862805084947 0.7652078918868418 0.6612889624028326 0.6351849017915989 0.6147400198813996 0.6041787207039585 0.5540927258508567 0.5312082227707339 0.5592666093063468 0.5202119989314143 0.4996618508163648 0.507970317798831 0.4526790409197385 0.37679641034242317 0.39032114002944374 0.3722494716270792 0.4229916219344038 0.46382558499754717
0.4857564877787923 0.4896123717570691 0.4947875577038684 0.4577368605755148 0.4822952282383938 0.4951634758909697 0.4455938638475789 0.4460542537003753 0.4314060094360241 0.48505541309777056 0.48731031913009554 0.5150975907460741 0.5321625904767833 0.5501152568059895 0.5035208899649183 0.47639959782660474 0.5213577801971436 0.5870482756787051 0.6410903238788012 0.6210608480896894 0.6350534200391407 0.6518558460750716 0.646549084395435 0.6877978407677351 0.7408263508853933 0.7432628196008462 0.7267739626325294 0.7010343689116408 0.6483091774112894 0.6405440174193374 0.5970550773268564 0.5825655421657937 0.5403132549785218 0.5792569925243635 0.5286710445935905 0.5348546855955972 0.49203481178779096 0.48712252482800783 0.3927243257929768 0.3808915480044507 0.38826233162083934 0.3952260675667344 0.44818909074698005
