Raster_benchmarking/DGGS/continuous/raster-450.asc
NCOLS 100
NROWS 100
XLLCORNER 1743158.1576656152
YLLCORNER 5469282.975769271
CELLSIZE 10
NODATA_VALUE -9999
[rows 38 to 56 of 100, columns 42 to 83 of 100]
0.6045690414406849 0.6502379119199363 0.6745777102952241 0.6763622069189301 0.6770651066792819 0.6511796651547234 0.6314642294594135 0.6345514361390133 0.6331834511531399 0.5746826542343806 0.5866505458012777 0.5873131029270718 0.5535636742848921 0.5338566981234516 0.5568026516675906 0.5569303211958473 0.5285168785553056 0.5246440157625573 0.5229008650347979 0.5436951223452412 0.5630102214680663 0.5440144876350549 0.52023711012592 0.53613017028821 0.5108976262023568 0.4976703609817472 0.5179070048859179 0.5124276857929745 0.5363386347273812 0.5324267303808378 0.48511912268834023 0.4948965693819235 0.5003195580126573 0.46821277955904933 0.44320973959471743 0.47720405055730925 0.455897544111879 0.48017956352165014 0.4741671349426587 0.4631228704933498 0.4123845532076766 0.39897815856077057
0.5801907255217741 0.6098082348257202 0.6592566700622511 0.6479114224544784 0.6626639759892846 0.6355638654335968 0.6403277347015955 0.6109575752141919 0.5986531818505335 0.6085737683942594 0.5692422804673818 0.5737040632132789 0.5585346052171157 0.5641809142465147 0.5429499339940344 0.5296312862170929 0.5431574330133304 0.5151436695600394 0.5252296073157844 0.5358928222095027 0.5026464441216809 0.5309349603575589 0.5282551126903366 0.5286158001825012 0.5228819122763768 0.5275662105862169 0.5279336196927589 0.4847696803007325 0.5143095938181517 0.5059328272781323 0.4721061820850689 0.46635562160899013 0.461446527445377 0.45716287268022066 0.4393426014178137 0.478458308505691 0.4388577246442811 0.43917428892008054 0.45633586072004906 0.44659180074356 0.41256220594494314 0.3746164091624453
0.572451285460945 0.5838732107400382 0.6396495346157952 0.6093645632700859 0.6246156999282041 0.6233183942205875 0.5892425874946648 0.614578531171016 0.6196732057098268 0.5861625259492368 0.5555208408928295 0.540518286820853 0.5274992639125026 0.56006292287867 0.5426429691956893 0.5224476750581571 0.5566858654888637 0.5273419323544869 0.5115539157910681 0.4850165826433675 0.4524632719067763 0.4954680005144283 0.5030353349239814 0.48820297784363914 0.5124292471098778 0.51263865534991 0.4916811235655421 0.45656986111154724 0.46560440632787453 0.47586409011459346 0.4724675146954884 0.46398639386152013 0.42960213138569875 0.43866387184047406 0.44750917144225755 0.44943584027325 0.47848283720748314 0.43816651942632695 0.4367268366718441 0.4282390650097815 0.38201361992735094 0.35930947995356854
0.5480563218459561 0.581194564131252 0.5923372867355486 0.5967915520698375 0.5880994380023965 0.5838320707500938 0.5957546741070421 0.6288772939639744 0.6058712030310038 0.5653768585700027 0.57321979766575 0.5497871597341893 0.5195217232016812 0.5263263503657991 0.5377199456613708 0.518338346815225 0.5110303414622114 0.5029498503348108 0.48067970619219286 0.446891140651636 0.4241942604860605 0.46763813387528197 0.4853412341234805 0.48269820925855406 0.4698406847301051 0.5013864125858591 0.4906145300937978 0.4598778368451543 0.4532042946179339 0.4680522220948552 0.4450123166578301 0.4045492139791994 0.39156679085648705 0.43124428875218 0.43239211296873264 0.4391663881073465 0.4260473153121428 0.45864869932601704 0.40315069394795044 0.38705885227463793 0.33942338226680885 0.34248373668396237
0.5765012397062012 0.5704169903336863 0.5732296722274441 0.5678775527157471 0.5853854954824418 0.5802958091331786 0.598559647038093 0.626228919598314 0.6179512944766012 0.5730481212782685 0.5450753440002049 0.5307667541879609 0.5340807777876986 0.49781727674672216 0.4962896027237455 0.49552911227541024 0.5182390004325882 0.4833813127107937 0.43738939581306774 0.43698461078737405 0.4227452522358777 0.4628720518167379 0.463011571620007 0.4669532864581306 0.4415633415440017 0.46222518860527295 0.4645140715739048 0.4551868369476913 0.4358413752501873 0.44207358354134807 0.4045498134905475 0.39793395644600543 0.3785670270900607 0.39347370837884527 0.4406210052482083 0.4057126612292801 0.4212094569337461 0.4450453485688444 0.4021580279682967 0.3622990869329305 0.33265153304673745 0.3715181166728651
0.6116185819096084 0.6004588879915344 0.6119233796000934 0.5785264649644616 0.6063192273310137 0.5914406544738887 0.5710647588484955 0.581688687133879 0.6311315581722315 0.6111103302035806 0.5373896935577944 0.5143945753813903 0.5137881774594819 0.5052413952331951 0.48831070682252 0.47933690131641515 0.4622843450233116 0.4665117274842603 0.4650749098134498 0.4527951557862183 0.4569143221453393 0.4369994551158105 0.4355244945790161 0.4202398683758794 0.39441457491280724 0.3894184337259931 0.40359322813315734 0.39012527753499815 0.36985218432421696 0.36754902130591083 0.3530940439999734 0.3451113076025819 0.3806097829264438 0.4167720397150955 0.4349647781263306 0.4024892944470242 0.41484382339451426 0.4015546579556429 0.3988263434766678 0.3815273583208281 0.37128619259116785 0.36674034211282325
0.6286490994629614 0.6380119236089977 0.6204300366735157 0.5752890686709169 0.5755465344261836 0.5800053871071096 0.5802417112254501 0.6066881796524716 0.6254526667264368 0.612675313043683 0.5588266329529763 0.5303532653714768 0.4659596813755596 0.47265906450115813 0.44614549996730185 0.44573423959720787 0.45431474405517497 0.48126729041801436 0.4851549496568917 0.4621968672131906 0.44686636230899884 0.43798118458045693 0.3954474542278669 0.3973804368594896 0.37214582037958316 0.3668451091933314 0.35707442783051785 0.37651610646605066 0.3665189996814143 0.3679788417950568 0.33379770587815655 0.36650331172466016 0.3610707760540115 0.4196705816736699 0.402532639421332 0.386934975609557 0.43248695941618215 0.40245952398487544 0.41561801732740655 0.38225706109400753 0.3282954535909134 0.3539228737304803
0.6178744049040994 0.6223004563694426 0.6174295416124901 0.5859191254988003 0.5598324764424395 0.5650272599519451 0.5994080213799258 0.5736222881926747 0.5668628969265781 0.558967551043237 0.555467029856974 0.5191550753091502 0.49535368708814836 0.4614318379070035 0.44171978578289045 0.44980185323205857 0.4337309225085477 0.4704375378761848 0.4867490246481545 0.44919601929321357 0.43237230773521856 0.41136013427089363 0.42004778090106876 0.38950527202664587 0.3494244743199629 0.3473125632787859 0.32575625284026705 0.33085664102461537 0.3204172400361568 0.3251703931747184 0.3592340310073774 0.3425454092090485 0.3918986477663685 0.4085384568197042 0.3951277117973012 0.38688192397921894 0.41975368225968446 0.41444373178604654 0.4138451781232992 0.3803036544429208 0.3419416765922548 0.3153159571565193
0.608060340778287 0.5870906754101207 0.6074136590363248 0.6177442482205747 0.5901606738847529 0.5889233812065453 0.6070855446126099 0.5527928124374382 0.566196203764589 0.5679542919369145 0.5437146218010431 0.4878414509121426 0.4630657194801585 0.4767893537132233 0.46794050982202473 0.446689350146558 0.43355605603811126 0.46028533993996573 0.45175467507553096 0.4332547325762987 0.3760149538102498 0.3878142951084408 0.38912878158833836 0.35098034334751954 0.31835604548924673 0.3102018419793428 0.35002484513428306 0.31958015821375374 0.3352437869178722 0.3445213506945499 0.3389582357042555 0.37327459058244666 0.3902941037842134 0.3961136408810177 0.4114677099289953 0.40614784232217516 0.36572672105009735 0.3723935765389372 0.3770690770693215 0.3442612250897565 0.30741688401711514 0.292875197723826
0.5895347872659913 0.5826599038740666 0.6138948917994314 0.6227530269366703 0.6188099427015071 0.6097946495622598 0.5995757507214777 0.5547171586869029 0.5579838706382888 0.5116807129769481 0.5338758218695037 0.5110168028535611 0.4912564837008208 0.44816872742980707 0.4448357991946363 0.4692776120991833 0.4496323938706271 0.45062711145537826 0.44862482060948033 0.4148566727618421 0.3675199770351531 0.36433703270567547 0.35529162608116593 0.3518128457730058 0.3255756957422879 0.2953794130597047 0.2969999207526112 0.31828922533230386 0.29520135428480776 0.3256536468354466 0.3340994343410935 0.36795937762795927 0.35407217792056717 0.3838862029102418 0.39518084038640694 0.391888934228901 0.39705894545542036 0.37189471461106716 0.3464102866403498 0.3254631064740532 0.32413961699603494 0.2963529388417441
0.5581872240001937 0.5906289585448635 0.5733839781124915 0.6341408261344798 0.6475641919067832 0.5925002053933053 0.5703965540862813 0.5516665801882321 0.5405466606338227 0.5337926100635237 0.4831482003260936 0.5092628073096664 0.46775199423443276 0.46822070083981454 0.49051148795458016 0.48515038723290055 0.47596047739589925 0.46472772073398705 0.4472519267597665 0.3929328454359116 0.3795462833346638 0.3786953519791306 0.3421875529107116 0.2934465455042728 0.28727423871143964 0.29466643715940344 0.2968171572527354 0.28914256403171723 0.25357564357609447 0.2984914124330411 0.31406087011916806 0.31107045092425095 0.3387628028281331 0.3441506779241839 0.34444381931942103 0.3528853342839619 0.4002700400967653 0.3572534629358624 0.35399410675630294 0.33559557049740524 0.34264251952178537 0.29455277827809145
0.5640493601613695 0.60920933181345 0.5855809564936266 0.6071052698299543 0.5968130745682924 0.5925155694033493 0.5720385715959226 0.586060015500654 0.5700880980613968 0.5168406718019767 0.49580770758948634 0.4781689512851452 0.4703761700478053 0.4556840461303631 0.44203332738055395 0.431921880223257 0.43531807998417676 0.4272891661874556 0.4058326262441755 0.3750420773195431 0.37791448583313053 0.3778162417966342 0.3595402084778428 0.2898171846923802 0.2734708214033511 0.24942679950664426 0.2653093999281627 0.27915002017936336 0.2736460433679101 0.2540368821971495 0.2701670752888521 0.30129483634906945 0.2880784335324309 0.3141123044863782 0.32336567799875027 0.3168232396372464 0.33127561007838674 0.3454707604388633 0.31284293417686126 0.3040331392512405 0.32630467506528127 0.30315194187471733
0.5688165016117611 0.6179567302251359 0.6393200392347834 0.6453402234991256 0.6324630688281027 0.6125731947675003 0.5912150594281939 0.5547712822984139 0.5566418146852585 0.519347178102252 0.4970687072871912 0.46096740365269506 0.42557644844364106 0.418693841981354 0.4375838857819046 0.40005858372332886 0.4141596655664435 0.4047651454864058 0.3714095446653705 0.39425555444805044 0.3643351762219524 0.3614171859214267 0.3578097597086428 0.28040032866940917 0.2445300770650488 0.2448223895729788 0.23087925313544883 0.267481511833543 0.26486379358793544 0.27509458288619343 0.2549598246522445 0.28482013476566936 0.2603690451463462 0.2915316833309075 0.2665427540465903 0.2629190755064925 0.28133932440274884 0.3164112997772631 0.2836253064320522 0.2804831664293644 0.27382730424611657 0.2898574496553411
0.6080504430330675 0.6050991360650393 0.5973152271373965 0.6093130936228588 0.6060737753862304 0.5740947528275016 0.5812717909678636 0.5352402535485258 0.5394930002691404 0.5018434949581234 0.4724611763575555 0.4577738721672438 0.41721439256086285 0.38417198470691344 0.3898917933994224 0.40690981810344423 0.38066641370288307 0.3923501236805215 0.3839553257001633 0.37929871280103516 0.38933085682847507 0.3761416764686805 0.33090188557394623 0.3195227206325955 0.28177603185164096 0.23107038974683622 0.2164764615026578 0.262065487629169 0.2604714495901444 0.2294037314908825 0.2575159509704659 0.2633068195551749 0.25862136992890394 0.2563057626650579 0.2487628190550226 0.2206293333701291 0.2409631286660691 0.2591391561110833 0.2508785109327816 0.2412148990400599 0.2512087527902982 0.24751514694668092
0.6217925456197531 0.5984497211764495 0.6134148676020944 0.6108404293903154 0.5716184799729793 0.5490545995366496 0.5689607748929167 0.5287878472229168 0.5210823955920644 0.4932960636653059 0.4264561669142616 0.42634365454996037 0.38562519935735 0.3861278122666235 0.38040590766459276 0.3908328484453788 0.374192934214646 0.376054067995719 0.37577918075415534 0.3648326252939156 0.37470651890619006 0.3382494087294604 0.3332530684705916 0.2976839663394515 0.26463216756988095 0.2532372143484904 0.23094631039981306 0.25580129312751804 0.2596357201775889 0.20708764408161362 0.23025426884809966 0.22391188711152443 0.2757126189159333 0.23824824885526674 0.196135944728762 0.22549077308371893 0.20484859349698703 0.2486590622430868 0.22158343132269676 0.21574896382861813 0.20850011380014571 0.23148628396069357
0.5903856032631507 0.5790772586493634 0.6195141896225828 0.6033723576815853 0.5615759687599702 0.567275737803632 0.5460830722055313 0.5136979683321218 0.47436433575523823 0.47488323386402304 0.4185589959620752 0.4216724927293236 0.372539390038104 0.3766691202924397 0.3720354517712972 0.3890891404381148 0.397123768797972 0.3633891317059976 0.35010096342218106 0.3555581090478898 0.3540677025476082 0.3183536660956392 0.29252451223589593 0.2629273033136995 0.23821028573556616 0.21701382961580523 0.23459314237431228 0.22644985870186143 0.21107851546749692 0.20253023815204305 0.21981372537345487 0.1913927789697629 0.18893154361982398 0.18831623499412714 0.19262816457499515 0.20539749630549425 0.19507737401523204 0.21523532426240483 0.1789391695206884 0.16743469131939206 0.1819017569846134 0.18789734842663555
0.5517223339883068 0.5694341297266222 0.599767132962441 0.6034141531280465 0.5701757975912144 0.5445820469206049 0.5299629564290133 0.48712282642458654 0.4767768446310817 0.4787651278568394 0.4400550543091648 0.4272599658116588 0.36857632101790055 0.37755378438182396 0.37533563225227085 0.3780400531017908 0.400015548818343 0.37968940660634076 0.3670251890651014 0.31888050865033485 0.3077792585534514 0.2793381422022 0.23615026515571472 0.22973958215566156 0.22427274383074738 0.23784771730214208 0.24170401891678145 0.20147571733241346 0.16614198097477179 0.15321905882695902 0.16158518205880842 0.17568342571558562 0.14670689447626659 0.15017506718481052 0.15501263870825926 0.19170089983514885 0.19456486423638508 0.1739658790542473 0.14696546059180093 0.13650245214293005 0.12625460177957326 0.11749343629178881
0.5591066657798481 0.5633391493234066 0.5949707652666232 0.5911744838461782 0.5931184730178204 0.5379802886733742 0.48425403973757786 0.4687809196897287 0.46642847614797417 0.43424013856603005 0.4434748292457229 0.4146634953830037 0.37705523890164433 0.3618110029274633 0.376766868515215 0.3977217205612067 0.4005195076536474 0.38788952998718473 0.3595695618524021 0.30963425072693884 0.27357347820038075 0.2555786920707881 0.23850167520707594 0.19593528994334036 0.216792510329893 0.21807586677933705 0.20715224728057535 0.18839958653442093 0.17079506519861037 0.1427172727617487 0.11631006496749734 0.12701901363224657 0.15432827756739267 0.16027026173154402 0.11997293426363483 0.14270124532045583 0.13012321619109143 0.12398012179191031 0.11221601427554068 0.1436513437871073 0.13709482648177665 0.11086593046960683
0.5166054186444875 0.5403099324318809 0.5349728435189904 0.5639229834069999 0.5832978432080703 0.5231623032491608 0.4978623531542212 0.48794259269274665 0.4628450614705606 0.44767034996115035 0.4194796931183682 0.42000376748285945 0.3621152442599248 0.3479449827007601 0.3557626042315189 0.3615231171616991 0.37374460992507913 0.33623701199781086 0.32122985655569414 0.299570965191867 0.2972497760122315 0.2504970728323764 0.24422240798762174 0.21057721767940932 0.16748108565457975 0.19133818955709936 0.1832623641880957 0.16520022427384087 0.12206748670480544 0.12779651685001384 0.1200913083689435 0.13505293559405823 0.1498065163427142 0.1293682726919307 0.10687424651692116 0.10193100216376715 0.11048683636317541 0.13119328605801095 0.12604113813413795 0.1300733247830013 0.08370077902417249 0.1312746816518304
