Raster_benchmarking/DGGS/continuous/raster-333.asc
NCOLS 100
NROWS 100
XLLCORNER 1743152.4142256277
YLLCORNER 5469288.607369421
CELLSIZE 10
NODATA_VALUE -9999
[rows 0 to 18 of 100, columns 0 to 42 of 100]
0.9205178573046856 0.9012063715583811 0.9128325257932682 0.883369224264283 0.9387915805336282 0.9438110926903739 0.9000218273678751 0.8835123440309758 0.9061523353761944 0.8801690027600436 0.8665285775975003 0.8436525689060189 0.8406748680210219 0.7600296691082193 0.7666430959515466 0.7551431028660914 0.7448074279193942 0.7346354598144517 0.7120952306425159 0.7616376323730345 0.7531238592047012 0.7334039932105171 0.7004618616231152 0.7078421921634173 0.6737484195992878 0.6830736172820466 0.662553489081461 0.628161308843949 0.6202272632710077 0.6741998463379264 0.768052202912356 0.7801321789840359 0.7555723226912727 0.801902296616986 0.7896541079984465 0.7509113852594479 0.7549190995728238 0.7122738529549933 0.6695166796508109 0.6703820100410135 0.6872315297933447 0.7345969936664852 0.7092243961203113
0.8670321830596005 0.9004573253581925 0.8536813364337275 0.8587379599661905 0.8781978810679709 0.9029270474072824 0.876935402389228 0.8358240582624809 0.8505616942554132 0.8594196679311791 0.8036595676419032 0.8436140197049279 0.8311040237092582 0.7767664904541859 0.795798286337863 0.7764065693068322 0.7431796183363499 0.7311734276541157 0.72531751480293 0.72950340806008 0.766322832968818 0.7959355613787522 0.7446302288574725 0.7412467339146506 0.6793109703552557 0.6472262548714217 0.636354365655099 0.6631003333126647 0.6370554074790795 0.6980177294556676 0.7376593453440945 0.7459344889142743 0.7493234077607349 0.7554289026125636 0.7338770319772947 0.7231298655641094 0.6923711004822922 0.6955083700183649 0.6939806206940968 0.6477243962840911 0.6525560197705209 0.7145171235562248 0.7351051785916756
0.8387172286404583 0.8576175357369145 0.8122779937217923 0.8174281886996001 0.8350041894005001 0.9242915649307449 0.8514622249640904 0.7789566300747092 0.79479782176254 0.7647183191841115 0.7521900909964597 0.8223405681586821 0.8078609812795453 0.7917649372521124 0.7715949318306439 0.7580377381837607 0.7314136684543753 0.7371790276474958 0.7496348823463371 0.7305906205357658 0.7547840435945767 0.8070337690866005 0.7914095689227442 0.7375177583822965 0.6883834806768556 0.6428423352067006 0.6764028938559422 0.6248596926000679 0.6380640444961073 0.6824863107123676 0.7128995245582691 0.7897893559323329 0.7911383544693064 0.7487940082713028 0.7058183377942202 0.6788665666912975 0.6664635212752298 0.633304314765245 0.6326813336688165 0.6160967996268156 0.6735413819436566 0.7094123366057427 0.7333175289196732
0.8117274775435444 0.810583675617319 0.8060610757142921 0.8278858820979382 0.8464190598167736 0.8873690524813755 0.8338284295356876 0.7576936147304433 0.7397735244890351 0.7157733662247847 0.7526263513172795 0.744995082799271 0.7894541757601465 0.817876411524769 0.8201732878174367 0.7710184153643862 0.7581023451696338 0.761885596159656 0.7803648037647691 0.80848378570656 0.8118717787673863 0.8306681746118891 0.8282980193861634 0.7618226249461504 0.7297698923956245 0.7068545789994446 0.656867905810049 0.6506625552206698 0.7046342099609088 0.7338142803357015 0.7685112554079515 0.779869511315733 0.7431615685981674 0.7310669017606269 0.7339224682655382 0.7099137867216894 0.6671347765401854 0.6547367013487013 0.6447568705078622 0.6594117344334908 0.6631340066392492 0.7030141694257641 0.7111380754152915
0.7575657474912131 0.7240797586337568 0.7335934264373195 0.8155020655787619 0.8145299595227302 0.8199697044771823 0.7840265391026394 0.6887298401309574 0.7133674892682644 0.6769517267596405 0.7283787193621416 0.746119976230448 0.7793909734030899 0.7954800887577015 0.7976518357312156 0.8083554584848276 0.7866378449152287 0.7666821966568884 0.7693336989046589 0.8284294052848105 0.8603518637443515 0.8352113494823739 0.8117067909643421 0.8231219034608999 0.7353174431049075 0.7026960302814835 0.7230919155844787 0.7607037583843413 0.7400793110882099 0.8019343114890154 0.7692462386342008 0.7401561007286054 0.7578534613035599 0.7212778135474516 0.7059676457575929 0.7773565268771244 0.7493846195583792 0.7051992958742004 0.6745463683799071 0.683430881682585 0.6538901191975164 0.6904912151729816 0.7465650935010985
0.7039525400294635 0.733250683317861 0.7276205748963027 0.7256495232503827 0.7496246554023032 0.7168485552919829 0.7030699162905849 0.6810242718425946 0.6377772652584758 0.6913696174985778 0.715543681776438 0.7138427613122367 0.7021159303733653 0.7594615039188927 0.7623585983923888 0.7958132220637866 0.7997898235513206 0.7777026285602189 0.7991590758985568 0.806110213304767 0.8538171946346829 0.8437977535097707 0.7958807814252075 0.7790175890865283 0.7677313181800756 0.7929062515332826 0.7534761619011346 0.7986396318878914 0.7997864353181674 0.7728696209314038 0.7607237035707761 0.7818935772570962 0.7415346499375689 0.7086327568015133 0.7329274875672896 0.7818417556124433 0.744353917225193 0.7329870712930344 0.704697844038676 0.7116492216375054 0.7171702354051767 0.7008248778436582 0.7442024392727846
0.6951765025116605 0.6916603861193217 0.6682422972561178 0.708937881313655 0.7162000797969612 0.6256398592880661 0.6663651573856632 0.6028854280737727 0.6485357079204975 0.6720886807796482 0.6915755532101657 0.6582991153415304 0.6905921423381032 0.6466902827182439 0.7224279676590113 0.7943603700368072 0.7955279238813565 0.8354486328570725 0.8537305198904799 0.8060612111795021 0.8432460325512519 0.835831456336917 0.8708487109786914 0.8149236583202409 0.8304081464842515 0.8074320560442296 0.829234164918041 0.840646368782001 0.7976136149720404 0.7842640209602574 0.7776652831206424 0.791572600628289 0.7802139434446602 0.7739419321556599 0.7670585705574802 0.7801675480287729 0.7932520953676732 0.8049171541762236 0.7816593689326325 0.7141726742514818 0.740651018045956 0.7838549799315677 0.7650091992236574
0.6473704431121545 0.6480299864796386 0.6734161972409757 0.6367449257951565 0.6366586882410314 0.653514684621507 0.6242462683119789 0.6243655802288114 0.6302498110101792 0.6638325243546876 0.6424225644578667 0.6314715056745013 0.6410439499906926 0.634677252009978 0.6917061115652393 0.7686148054380348 0.8112522876435182 0.8398338409709509 0.8344569908850437 0.815619663182509 0.8830666311461707 0.8721261637347747 0.8972976263416212 0.836480762858386 0.8169270410814501 0.8173885664313649 0.8789710537405808 0.8804535081527038 0.836886959393118 0.8122242753869124 0.8029936578917691 0.8249145940174603 0.8350366128527902 0.8093825446843322 0.7490852660734929 0.7923394929888098 0.7616099309350511 0.7731932649507414 0.761861887939894 0.7312541177203942 0.7226405177278747 0.7742260265958731 0.7466367235908135
0.6342628590066302 0.6386922045007946 0.6424747426942763 0.6345708894380436 0.6335903561630514 0.5872847414798549 0.5778372027076688 0.5820147590580124 0.5731010214283392 0.6311423022474488 0.6175049960969562 0.6212066440557675 0.5922700483634936 0.6544372063284185 0.6661036162277882 0.7560250710937342 0.8100888294604323 0.8310822647371647 0.8669610764440833 0.8803753433450313 0.9194759456583786 0.9397717767684263 0.9002469446432259 0.8988336481562135 0.8884059948682905 0.8642545277213308 0.8991605146453212 0.8936021236625099 0.9134189155474232 0.9097328053261762 0.8563208864936261 0.8602940570407991 0.863470538779032 0.8030095403640506 0.7821601636126817 0.7833110263983382 0.7663624755408157 0.7402622844709078 0.7867666653778347 0.7857208733351921 0.7598169261240991 0.7515298464257183 0.7654480022816327
0.5817689541082588 0.5750106492599625 0.6290513770358029 0.5709186278679744 0.564657279103484 0.5499312501752444 0.5744515382340031 0.5609550005468817 0.5727597494953253 0.5956524908609246 0.5815732000302726 0.6270608671866754 0.5948228528445323 0.6775218424677119 0.6989465840246154 0.7308865592583577 0.7938751209282435 0.8266234246250891 0.811938656348958 0.889967794041685 0.8725613618600565 0.8997652807348063 0.9400538327785464 0.8762730929471532 0.8782042486280418 0.8428977437614252 0.8701034848722934 0.8796872955244538 0.9109867338063626 0.9272861569979703 0.9035332828628461 0.9176640812789727 0.9029162100746673 0.9027404349396787 0.8558078020355944 0.7892655347717245 0.7330518518145891 0.7548477019477157 0.7380263252322966 0.7995548739746073 0.8033830088883551 0.8106778921967167 0.8215623477548595
0.5980691419206939 0.5657326816730354 0.6002323964947112 0.5574140218670481 0.5778305100108039 0.6170634681989589 0.6358373835035313 0.652839692197801 0.5913938814885905 0.5471115593608998 0.5836269107022234 0.579991358431466 0.6126913588771771 0.6309599203342654 0.6585992023765259 0.6700731392763236 0.7230414342281192 0.8101508351294082 0.8280798010774888 0.8664250532806891 0.8987989012457354 0.9327361556641803 0.8806366184106413 0.8668649007138369 0.8690456773142791 0.8138277750273804 0.8590870025293811 0.9103268409097341 0.9606172774572591 0.9383805799792502 0.8991223020897364 0.8991952373106291 0.9031308081751747 0.9060426038816118 0.8663447351921256 0.8150355705237314 0.7331738206145076 0.7036367947057791 0.7614642737257907 0.7642594289176725 0.7646822496430599 0.8272605741454269 0.866862747453901
0.5666258936182454 0.550475494975463 0.5872890912843584 0.5922671887609592 0.6238554995962224 0.5864560721965703 0.6325925097577553 0.6070133548391081 0.6122761423080635 0.6308465310690845 0.6350256545801392 0.6546373217183449 0.6103711846577589 0.6265843216527459 0.7015271874730352 0.7314361894162067 0.7574570981220341 0.7438557531000279 0.8177667043902244 0.804064754309866 0.8475209501993511 0.8463941049452217 0.8644080056459773 0.8731490053436366 0.8670517643261603 0.8392291659202884 0.8466281792570759 0.9244930374323896 0.9399956973485193 0.9422971227209643 0.8606714736957953 0.8374470018154735 0.8947827178831528 0.8791289210561626 0.827861893203911 0.7548834154731522 0.7441786658863453 0.7346588355283432 0.7458371191719487 0.7781949275208061 0.7762739744413535 0.7905303986062262 0.8540851681308163
0.5368125813803794 0.5427661226036896 0.5661106556315987 0.6338481242159859 0.5913889693438859 0.5779644204551072 0.6197013034409229 0.6238145648004896 0.6421243889115786 0.619889238320006 0.6321553838227201 0.6862139184626685 0.6472212471425064 0.6672359320358509 0.6946232326082805 0.6984501853515759 0.7290007288822932 0.7272730371083633 0.7889587592209493 0.8071008876811723 0.8670149756488617 0.8761905127484959 0.8423479666962964 0.8683959876590264 0.8632284716984703 0.909915184395676 0.8794627626963518 0.8858067617431081 0.9261478292625553 0.9075531825088936 0.8501067115533546 0.8394010898310745 0.8338577276988208 0.840929795114139 0.7692305127775524 0.7571403805556414 0.7069743981676953 0.722476843258272 0.7312151574440569 0.7937484216778792 0.7725382599133611 0.832530087070154 0.8024417311029783
0.5571538705775563 0.5702291659541281 0.6087746921526637 0.6115626664604826 0.5650373148562519 0.5726337138084652 0.5687818676660865 0.5547630226608105 0.6101991088607104 0.6604723745065368 0.6351062343459235 0.6704334175200368 0.6763499358371203 0.63426478789746 0.6448114058260155 0.6810125915550987 0.7163622483013318 0.7250837199898743 0.7278694154024092 0.8151319760574908 0.83577015616743 0.8370389387610999 0.8593324810162216 0.8890447011665629 0.91065822245421 0.892044941093225 0.9041332417271741 0.9211886069959662 0.915795026797918 0.8746012210249395 0.8511655117458696 0.8206378456826398 0.8609749794605907 0.8091899731488806 0.7645569374019344 0.7548174524646473 0.7352530541620467 0.7671121277120471 0.7952462106990001 0.7648764432853038 0.7678250812026927 0.7590942732875233 0.8040879224824072
0.577468155727649 0.5900811684160874 0.5820861660769614 0.5813123539235446 0.5501642207084443 0.5602829538958606 0.5539456833064927 0.5386570545097584 0.6267317761952376 0.6619485910246121 0.6460525644818136 0.6441339069735382 0.6862804428523005 0.6683115471512455 0.6288809490934197 0.6630742188362126 0.7533266763416476 0.7534680586568081 0.7588476854698654 0.7644565843479211 0.77859672255135 0.8118781495810324 0.8334651586726443 0.9158944280574404 0.9491126476343391 0.9448251769976967 0.9207062753423912 0.9239660496705585 0.9232971722617085 0.8727613801978202 0.806208833715898 0.8379726227688643 0.8209945938062871 0.8123021307250392 0.7358473309111587 0.7097356642907889 0.7582550467367414 0.7389051952314443 0.7573419707745173 0.788385464425062 0.725819790753753 0.7452425781485054 0.7692757573487524
0.5107708834371415 0.5216929789294326 0.5363055642150114 0.5529007292358156 0.5236037502768832 0.5723717691426443 0.5377161290562087 0.5543167541867822 0.6109156866695982 0.6293623731930106 0.67689240180969 0.6344986149532535 0.6617020193863389 0.7073467692587246 0.666026738363207 0.7053396387227591 0.7480307545661764 0.7545499592318619 0.8071843005950362 0.8098214715470656 0.8422718924440553 0.8318233107882226 0.8745075914780472 0.888745497710657 0.9258970352018772 0.8941025211354618 0.8699685123465555 0.8822600537058589 0.9141044592568743 0.8606080216040015 0.8063212118519542 0.8030741346903788 0.8450726151050748 0.826670754449825 0.7473766036907975 0.7066833960101461 0.730258793209456 0.6918095504098093 0.7110907824042398 0.7214135146083048 0.7329690241112864 0.7498920966617821 0.7535231120709681
0.5237524965331699 0.49597796312818276 0.512442746358273 0.5286389739470557 0.5045380300376848 0.5474480702896267 0.5714903190733108 0.5477872955127565 0.6100919720281892 0.6650981797566703 0.6752394947965179 0.6962820665522726 0.7023466297968978 0.7082330040841606 0.6734138002459592 0.6935862117957852 0.7239812935216097 0.7716128637988675 0.8294616850646167 0.8526995344431513 0.8386857021971144 0.9018726862074705 0.9120962022548053 0.8528931104074413 0.8569161613989612 0.8589195556794292 0.8705677412135212 0.8714251859240674 0.8345484797219411 0.8514898857946959 0.8487080781592313 0.7851100744037668 0.8048640069873115 0.809581285425966 0.7258617031020034 0.7095602230937426 0.7114514042333352 0.6947032173748501 0.7049301173170351 0.7147673732560513 0.6904055391042702 0.7078887441799574 0.7604169090069979
0.49163355295691635 0.5262693060448982 0.48605462613096995 0.48100656470991326 0.5087592914711551 0.5103331206940929 0.5491372193449584 0.5394995733826068 0.5491518666210616 0.6510896039326095 0.6858807445202509 0.6788367532160953 0.7077645813905521 0.6783656653885264 0.6784131092882655 0.7189699248099194 0.6882827398694954 0.7380408427852054 0.7726228599081119 0.8004699601822128 0.8655034176963727 0.925002257041347 0.8773435871313087 0.8770048685773114 0.8633817624959582 0.9226530695224171 0.9103160253110525 0.8576513842803789 0.8296122016407407 0.8181665332386452 0.8090768456188319 0.8076521185348831 0.8140100233481422 0.7882401281055493 0.7490775682328737 0.7137294515581383 0.7165316530169437 0.653903122969909 0.6683804029678754 0.747648437994347 0.7383794820273388 0.7296761380619873 0.7503673033948909
0.5181370053221317 0.5409339336281569 0.50976855040462 0.4683135650329544 0.45768341932301826 0.45096206237755915 0.502933936768114 0.5252449452328002 0.5531322809299124 0.5675702582738587 0.6569529342254838 0.7143794239465856 0.7386567239838772 0.7230855349960883 0.697106147961096 0.7059810724232615 0.6887329137416001 0.7173634125383379 0.7590568584211566 0.849946382722314 0.8754109284627566 0.9566036819296783 0.907527761914183 0.8961069201542786 0.8665406008440173 0.9164025422321666 0.9294309341572249 0.897614903578976 0.8141271176677045 0.8146408720050983 0.8169530870910658 0.8163843635139645 0.8089885108459342 0.8222309122974277 0.7920140726789439 0.6803846225510889 0.6545488727027271 0.6438391819260852 0.713858776458697 0.7327954930591956 0.7579901952019822 0.8222903375411081 0.794102846857529
