Raster_benchmarking/DGGS/continuous/raster-32.asc
NCOLS 100
NROWS 100
XLLCORNER 1743167.6211857237
YLLCORNER 5469296.01972505
CELLSIZE 10
NODATA_VALUE -9999
[rows 76 to 94 of 100, columns 43 to 85 of 100]
0.8051306541420153 0.7983621295958829 0.8413756914332846 0.8559544959754865 0.8493622913024401 0.8631225575927548 0.8826612951858781 0.8782507951383988 0.9328147202533374 0.8933053581171281 0.9255196574885739 0.9136135802281348 0.9324740971820016 0.8958431625294351 0.8915012127340092 0.9127802857410791 0.9447227862120811 0.9339710012168004 0.9288095909498648 0.8955447521024676 0.8613735799205573 0.8748426127923069 0.8489698816408342 0.8230861722085768 0.7959681635975043 0.7830063012487188 0.7980717631279 0.7966474700340024 0.760549054632685 0.7749489609674333 0.7905937488385913 0.7562798246618165 0.7267468882332161 0.7405756356525598 0.7345924103286996 0.7147343265694469 0.7072172759341642 0.7207885183555633 0.6990809602407997 0.680126538144892 0.6213144248221544 0.6129560459798671 0.6468696392259885
0.8703421872773985 0.8317738789093999 0.8116450597103191 0.8479899656854306 0.836550839792418 0.8301946944087346 0.8727844379244182 0.9200235854219433 0.940533278540277 0.9035560310923204 0.9280534664536684 0.9338819958236468 0.9326136622793668 0.9481324053361854 0.9640291307236489 0.962290519838131 0.9390489258068278 0.9700209555614893 0.9420271314744306 0.9488988211128228 0.9064816766913314 0.8918259397661779 0.8570600726122682 0.8464956112300567 0.8206950849363449 0.7823784411948538 0.8005742377850973 0.7753566807212151 0.7398449688563076 0.7518414184332274 0.7478677705427434 0.7628124671476598 0.7424065348407479 0.6927596827775296 0.7226520656336174 0.6938258326285179 0.6535960684238682 0.6632928281427178 0.6432217681882391 0.6286124781904358 0.6289617526208766 0.6061613684204272 0.6094269786126856
0.8870671611495752 0.8733519059714818 0.8169132935956072 0.7925004929325408 0.804345868085106 0.843311723205534 0.8754941771121301 0.9154446967226579 0.9424509436417354 0.9239921411030526 0.9055385954591294 0.906553619953732 0.8959643209397046 0.9078876285990277 0.9839801549216266 0.9854307560174134 0.980329589734977 0.965554697478053 0.9665857970699266 0.9620116266263871 0.9417553546250814 0.8844501818387933 0.8773216244462951 0.8559361951012203 0.8445333381336039 0.816653756810771 0.7633632376164816 0.7563907259932878 0.7123901556910563 0.7566314963830014 0.7324077310536291 0.7283719816389362 0.7207195680057198 0.7132826829437376 0.6690542978060849 0.6478980547742513 0.6520484115117103 0.6413127833126937 0.6214954731975735 0.5905623086794836 0.5694093535955828 0.5727924469829111 0.6007440286365352
0.9031852877266218 0.8687417403320447 0.823635555033408 0.7760344272741916 0.8195872774427727 0.8261319087951206 0.8416941375715632 0.9020796105629443 0.9109157585005884 0.8807112838917348 0.9160932463821562 0.9029154544941997 0.8747840709876875 0.9004263446508648 0.9303833487941492 0.9759176598455306 0.9889745505637169 0.9664821946573089 0.9537829524893192 0.9806743136900097 0.9168859714024057 0.8877687611460576 0.8990760992970728 0.8589708980583035 0.8154487007041407 0.7896681057034451 0.7523023555218071 0.7596698314211263 0.7308810058875718 0.7335822104002918 0.6838212773075826 0.6865045769221291 0.6890801735345173 0.6719542942332397 0.6640337770682944 0.6698466576844848 0.6548915998054972 0.6481839324920885 0.6104800581745237 0.6065121558056908 0.6048434133452951 0.5789909476114766 0.6030939088580121
0.8978894005700258 0.8334969943250602 0.7936738130601045 0.7832458747360552 0.7854622479063232 0.8132759242518801 0.8270117399306629 0.8825981412665812 0.8918010232493512 0.8832798142801109 0.8793137117207824 0.8730723257566017 0.8856393985386931 0.9004477027790891 0.91253985504001 0.9347049042184677 0.9675862678074784 0.9782921261579535 0.9985321602916558 0.9855274658052731 0.9173636436503518 0.9181361180772851 0.8988966808357566 0.8924055049658495 0.8219935271795097 0.7850340098434743 0.7545864886773999 0.7739930599048961 0.7511405506238529 0.7466575741904621 0.6867603267340141 0.6624726539726268 0.6601275791767622 0.656458390957131 0.658308933286338 0.6294703029288661 0.6239783558288614 0.6260965417121971 0.6244189427134617 0.557048505002901 0.5656719356991032 0.5996387673893969 0.6139915107852286
0.9006375491529294 0.8611750517462553 0.7971241345988418 0.7836835751083036 0.7924148589109614 0.8169847392346354 0.8072547420613472 0.8397892765643789 0.8343819320570612 0.8454983238535114 0.8662643481336152 0.8772014722870238 0.9335872467409403 0.9519521657455492 0.947892808927045 0.968426328681292 0.956572146646422 0.9658044596506924 0.9697600327208894 0.9484866014717157 0.8977361905286507 0.9203636068980705 0.9240834363701541 0.891555998558246 0.8209813212189626 0.7900777253349663 0.7912015473122211 0.7772791338964183 0.7698332023625247 0.7167043708562966 0.6500780095454085 0.658979563412145 0.6151554968175299 0.625261141395604 0.5993772575664708 0.6249939633975461 0.5878255062858777 0.5604961457680216 0.5403458558641273 0.5317444412662593 0.5725153790694345 0.5808688191965803 0.5703008060846522
0.8861716256617959 0.8533732871454489 0.786146246007049 0.821279190577798 0.814948051724062 0.7898395454550224 0.8087184143165503 0.8114811079426466 0.8373441466351158 0.8675766976836006 0.8283019331770197 0.9016497604084915 0.9354309820295359 0.9396009979132776 0.9807429304451952 0.9723050456513359 1.0 0.9635639896783861 0.9795536825083269 0.9606510467863444 0.885157281908545 0.9062694426575609 0.8877763606900981 0.8660298759834955 0.8580490246493231 0.7873844351641553 0.7759590461432525 0.7833980495408961 0.7360784944133403 0.6832760764739002 0.6001080063557501 0.6353433207342695 0.6024987640698789 0.5828349757100378 0.5292866515353355 0.5747081990165498 0.5847894353463132 0.540064287472276 0.5119359351498887 0.5291885786511051 0.5209212189898335 0.5276156552480257 0.5562733778416027
0.8884820813379131 0.8408320845640396 0.8305266399132333 0.8203098216833595 0.8375527005897893 0.8196426287041467 0.8039865558554249 0.8466799412219599 0.8674787937088314 0.8587768394106043 0.8499885931199516 0.8839369960901776 0.9362410085132082 0.9530291836049672 0.9669546372210506 0.9435906875181612 0.9666613767684193 0.9682157430630705 0.9621819902152514 0.9333403939562845 0.8893940032179707 0.8541325681144305 0.8658513695263631 0.8348252057177651 0.8185555595308156 0.7889404901726813 0.7861420522423106 0.7792099052329271 0.738464357083227 0.6655918025697112 0.6147622446556787 0.6245389985671267 0.628688901695334 0.5983935314379868 0.5524005139597336 0.5452765179666482 0.5822399998999683 0.5569928387282829 0.5373249786646577 0.5335476826174099 0.509512524029334 0.5089296115597529 0.5174294691074324
0.8856455478658121 0.85830121702263 0.8281458401331937 0.8289554195590857 0.812937555517605 0.8406681684094663 0.8041245941681745 0.8547625974455673 0.8520678640780444 0.8803286626329903 0.8748484424372469 0.886170913407853 0.8743137330633165 0.9425796488801647 0.9185002273511716 0.9166424969643602 0.9667683551372186 0.9563850215940106 0.9274337169137836 0.9053643820907553 0.8918187902597077 0.8561953251058656 0.8297694035170263 0.7901538183629371 0.7718943772502809 0.8039027390419357 0.7836633994666651 0.7928795112861162 0.7371752680356493 0.7125440199601929 0.6397094297945419 0.6173654719706052 0.6407596037229226 0.6240091002985394 0.578038589734235 0.5815794049363137 0.5503831917051346 0.5615908438111863 0.5259342315480368 0.4937530785668021 0.48784761102080526 0.4599748856747871 0.45469707370726403
0.874752728300306 0.8761438872557304 0.8552818867948601 0.846511154981825 0.8505116889734883 0.8577760009831793 0.828842548638975 0.837035434241095 0.8301611487008211 0.8609640746226255 0.8914532574244124 0.9104095833356917 0.9090111291685279 0.9221178613669709 0.9453523860713338 0.9332268832869411 0.9245916765690383 0.9166936981413373 0.9057238892939538 0.8680822345939446 0.8707838810154517 0.8509886567711219 0.8296676981316427 0.7899481977229288 0.7799828333505612 0.7845920883405691 0.7607607729495308 0.7705691469104227 0.7748940436006893 0.7236112164295824 0.7165878116181229 0.6618516781653699 0.66279803883176 0.6197660064174142 0.6160862952316112 0.5871313039026904 0.5489917609090826 0.528795552734955 0.4981850276992443 0.5263761218336089 0.5166110765215478 0.4619183394976727 0.45340616663029193
0.8880957592444191 0.8930777080067763 0.8795581397559956 0.8417057076383997 0.8370709579852988 0.8424595573863645 0.8756510122019231 0.8647589328282411 0.8612994961597721 0.8541762579445006 0.8977202427447663 0.8935691414475311 0.9002704044670065 0.8749041792071844 0.9179363100413598 0.9232350049586627 0.9143962888063696 0.8793022303571952 0.8570171412465732 0.870882900583701 0.8439462069728495 0.8259025767191953 0.8239165619341062 0.7838476604520898 0.780951178047281 0.7537118770046238 0.7454711252609009 0.748552365925803 0.764615270753763 0.7620125524657805 0.737651848970575 0.6927269738992374 0.6482009778095226 0.6193881796365086 0.6087294957237083 0.572052902389778 0.547846548121308 0.5317789064756716 0.5142734760341497 0.4965796810527769 0.5100475700117525 0.49961755056501456 0.4817797911517662
0.8475498423977883 0.8480730993838386 0.8409379027380465 0.8445508780966969 0.8136707747566104 0.8350808370426063 0.8427650971281347 0.876183359029124 0.8806108957587803 0.892090711997432 0.8863648196922421 0.8827306105129631 0.8498721401044653 0.851948005991295 0.8717924910539644 0.8654054291943702 0.8569562280361902 0.879332921156781 0.8248171244207869 0.8304163052444532 0.8068903553472053 0.8421911153629018 0.837391173360288 0.8123927319596069 0.7865971370421191 0.76688433366975 0.7440569385697848 0.7696353696706975 0.7179690359594261 0.7187427948606566 0.7010309811446879 0.6583155970175437 0.6572238701758687 0.6291737827014163 0.5975496266077717 0.6032110787066051 0.5527723943232672 0.5046215791594639 0.4892391994167477 0.4728945647959975 0.46166529307992193 0.45124843750593097 0.4107619872324929
0.8090244339296967 0.7822877710759414 0.8222027759115501 0.7986573175193513 0.7955944927132889 0.8338325883103642 0.8744662129164015 0.8344595945351574 0.8665097836137273 0.8562482698863977 0.8634138126685391 0.8358626395045895 0.8198471358073014 0.8219547444750841 0.8160974046878734 0.8257686834590668 0.8326660706967665 0.8264536042830258 0.8124246374568044 0.8072759489335991 0.7884409586951159 0.8314229803787125 0.844791864295412 0.8158862872755536 0.8341522283808109 0.8106558876807294 0.7851619573518602 0.7409583223367152 0.7171935566867067 0.6909195873067535 0.6838178372286964 0.6794091568875258 0.6448604206550544 0.6433952586855124 0.635987386818532 0.5810180720993858 0.5320617007411694 0.522105448331373 0.5119160268766666 0.43854426632584276 0.4255219168242755 0.39924251845341163 0.38455565503683364
0.7488870024904243 0.7486947002061376 0.7375018282358498 0.7758514374621552 0.798406791640394 0.8180219635934843 0.8141803734004288 0.8067888248506544 0.8088568054744122 0.8148377193741615 0.8253825212183199 0.8284686767766638 0.8161979483234871 0.8107316922204594 0.7930067230979891 0.811373759163739 0.8449763914423735 0.7991699989634927 0.8232057435995619 0.8014632447794275 0.7966243816661065 0.8006926144768821 0.8455063782449489 0.7943916000016612 0.7740952239238343 0.7670166702718536 0.785912321485421 0.744146364924188 0.7564987844274154 0.716232429782457 0.7197917519921959 0.6884734703292177 0.678099959792972 0.62038185714528 0.5985910411157334 0.5583412758133085 0.5259821925978254 0.46861175595994503 0.4459338862031557 0.4219563742741223 0.4208451932067893 0.38764485321987924 0.4161381876743755
0.7671585779081602 0.7175651816623109 0.6969945783226908 0.7340842965198686 0.7163061214965751 0.7837780691241634 0.8002630406847325 0.8081655221656856 0.7800073482013523 0.794060479794294 0.8384081918948965 0.8351917423258901 0.7769385739146343 0.8098139881651333 0.7840336173342694 0.8015559888836911 0.8343621548293563 0.8304089467637136 0.8052300591707818 0.7763951284580436 0.8033001237755594 0.7874253855597527 0.8389885011009852 0.826009374181414 0.7601392012334371 0.7711940988849113 0.776439100182379 0.739086252921039 0.7571971270073569 0.7008917988518482 0.7039658823349794 0.6804035824448781 0.6604539843318404 0.6488625588365371 0.6098029624292995 0.5351706791953984 0.5046138799308025 0.47226285166346155 0.42827728666685777 0.4419357321109635 0.4227715644550593 0.41220494070262587 0.40439814183394945
0.7642943314491598 0.7572359170683772 0.7330649372584342 0.710071127525488 0.7132945797563549 0.7510972581148893 0.7520836435969456 0.7603117280445838 0.7817250724750062 0.7845377240552066 0.7920537141923027 0.809335618247128 0.7821708999399297 0.771422902557727 0.783158789151431 0.8005484997864372 0.7882961889313178 0.8035293305805059 0.7830052468204147 0.7879578687707885 0.7695863808157033 0.8014422608803443 0.8293540375128804 0.8131944323515711 0.742784250411534 0.7568740161192884 0.764508655219046 0.761709956477708 0.7479596049582806 0.6937702435116434 0.6376213229405224 0.6273854068354698 0.6077196131619154 0.617621173985677 0.5954793983088928 0.5573545075327968 0.511055307748279 0.46467590429867917 0.4684441794449468 0.4429051591282877 0.42182689124233663 0.41491596303300315 0.363513175901747
0.735292310016984 0.7333123893632719 0.7340643784619495 0.7266842532738123 0.6977369332813201 0.7589828145233686 0.7807312334699004 0.7713462835892714 0.7487905264545677 0.7988922159152473 0.8328443396275504 0.8061753718248148 0.8002367778590014 0.7681048681493108 0.7689705788286393 0.7953913620346679 0.7508016524770295 0.7569926923976543 0.7734777041021588 0.7657449972479409 0.776017836098428 0.7855658967143131 0.8152480063684204 0.7668139508319187 0.7361777208593392 0.7341213245561362 0.7590507179461388 0.7523741035281493 0.7157296803571133 0.652621967939513 0.6259413991333515 0.6363074575316577 0.610317774947865 0.6100243291809015 0.6318165022008112 0.5730774672911587 0.5312046177982731 0.4683520216364241 0.44927023339923217 0.4306128417118112 0.38724491490075047 0.38234037214211314 0.38189898639991526
0.7325969794344657 0.7162077957545042 0.7127301701905421 0.6898034880624967 0.6912800078257092 0.755519871717462 0.7663352633439465 0.7535299034420533 0.7460195588255888 0.778757620114023 0.8021429916163042 0.8112731434049714 0.8372435624147615 0.8116605923530152 0.7699203220094586 0.7881316153790954 0.8081853632997615 0.8004716627585025 0.8068458913672794 0.7655790694846669 0.7691743648179338 0.7965835928823584 0.7637052002153437 0.7690366776108902 0.7536438080033755 0.7448978655405902 0.7345144783511594 0.7316362911170293 0.6818583670120199 0.6506435744309343 0.6463323132759542 0.6124383530899239 0.6386435034769115 0.6160748796394488 0.6287556310718361 0.5999993775460803 0.5682747457184033 0.5123256839771945 0.4760115115103911 0.43597879133709855 0.45113311687446916 0.43172040871836836 0.4217775655908814
0.7007349147074454 0.6852088370634442 0.6987634058693102 0.6924783350512217 0.7227776083429228 0.7607705657197051 0.7549175434623148 0.7594712525345109 0.7864339073052747 0.7829531334698586 0.7712756134614956 0.7837983234626542 0.8293575158275491 0.7837043805203797 0.7542332780755637 0.8054970715492258 0.8106787800054979 0.8084367731690572 0.7935999331773999 0.7963894705004224 0.747694263473524 0.7584174182218616 0.7452245225852211 0.7870881289568049 0.7801357455652953 0.7615233952102535 0.7179410669669505 0.6833546929917819 0.6497743729906194 0.6723476276378682 0.6257753911232021 0.6486865116952425 0.6358551796007056 0.6178727946674836 0.6263696254257832 0.6249480011640139 0.5724422481030751 0.5022771123535084 0.454454059771462 0.43131054099094807 0.47237490590708014 0.4376266743634706 0.43452933950615436
