Raster_benchmarking/DGGS/continuous/raster-261.asc
NCOLS 100
NROWS 100
XLLCORNER 1743158.883561163
YLLCORNER 5469283.750478784
CELLSIZE 10
NODATA_VALUE -9999
[rows 38 to 56 of 100, columns 0 to 42 of 100]
0.8910523170651415 0.8844941086337625 0.8661618785808254 0.8494881834854529 0.8618654453911454 0.8687585918636928 0.8366896481448761 0.825514453100251 0.8361084245947822 0.7976656748144864 0.7806427254735206 0.7407656421319065 0.7128245458031468 0.7042358584502865 0.6770387503371158 0.6515144166586472 0.6268053395399376 0.5959802707585697 0.5613458927320526 0.5744266994559857 0.5502459866663393 0.5544198136124834 0.5398655084406352 0.5233776779100613 0.5278784729280702 0.533625893012234 0.5525886086247634 0.5531661908022626 0.5324646736584357 0.5692642278109846 0.5819429507520352 0.5720458450939621 0.5570516015446862 0.5590504041773724 0.587994859700332 0.61135328502421 0.6240441369745559 0.672895427650473 0.6326082321607311 0.6312103930536849 0.5947887637497902 0.6035856165085005 0.6094868199806163
0.8386668097321264 0.8394073919981471 0.8570746797550672 0.8334209160701935 0.8137370493372751 0.7899035177918475 0.8256836768234183 0.823956362973502 0.8155250083671685 0.7876104592600273 0.7848751719614976 0.733990095993551 0.7220138172742743 0.713626373951795 0.6645749119754202 0.6297985004712957 0.6288089888688894 0.5696811355735397 0.5648679864955835 0.5324989273641058 0.5369639759731099 0.5010612315095223 0.4906063431124491 0.47368466788839014 0.5007515221054474 0.4941441257300952 0.4997169204754204 0.5287919948172956 0.5298994787689083 0.5254721396465637 0.5477477419652728 0.5562828530665784 0.5912021581576219 0.6013589170278743 0.6213049425995838 0.6523746852862735 0.6629590633787698 0.6633186128232753 0.6429726342592248 0.61644433289143 0.5772529540560571 0.5824351521560693 0.6033244655478717
0.8544638090926652 0.8267794056300262 0.8513094130409442 0.8243058789464274 0.7801060993004055 0.7666157973234585 0.7583252071025465 0.781637192135693 0.750713630942655 0.7524525346642853 0.7500452005389072 0.6876302596587328 0.6747094824749261 0.6635347846074924 0.6137334091291295 0.6138681437637372 0.5926091613733749 0.5930579221765856 0.578054513695938 0.5371561301407565 0.5346257378442499 0.5232934913704385 0.4929725290392338 0.5102200605718713 0.48858180581816746 0.4676761906122972 0.4990864071750821 0.5316479736419696 0.5571135541075911 0.5911960474378882 0.5894928701027818 0.553948343457002 0.5854259782010829 0.5869564466794517 0.6141292308059491 0.6378707024311951 0.6147621619550977 0.6574423504491155 0.6430681734851655 0.6169184216592294 0.6066018257401891 0.6122362876584024 0.6133705101930887
0.8315696278974004 0.8118295365539209 0.8404304231000428 0.8069725674546606 0.7706699164079698 0.7404537690807792 0.7496369266874687 0.7305790898822341 0.7319383410659432 0.7541596073153336 0.7015564067775769 0.6724839858637804 0.6225044312628821 0.6219369114081337 0.6165984835519535 0.6036221187870819 0.5688559097369975 0.6107531821343402 0.5822431456020841 0.5432921878944669 0.5286867869327014 0.5342088165486116 0.5213272893035914 0.4764450272056422 0.5199718407935322 0.4877656644036185 0.5117122210362818 0.5290477472498053 0.5714258986112725 0.6051399804899177 0.5973512319820256 0.5921134223047246 0.6068285851480365 0.6090898850080814 0.6373334497147137 0.616139182995933 0.6403493704193268 0.6276470053440631 0.6333135203278403 0.5956959818826164 0.5991670633200518 0.6006852047331256 0.5814725288526272
0.8588622559373046 0.8153594382912893 0.8342986234283856 0.7962249232357201 0.761575222635962 0.7226156207396692 0.7071238200816151 0.719425632343406 0.7367019000899329 0.7270331605285524 0.6661969501802254 0.6396530862861906 0.6185522087556021 0.6029562265913802 0.5806980298620207 0.5795392623556036 0.5661512934856975 0.5615801910076359 0.5677293962309105 0.5532630707161866 0.5339622846001416 0.493103493570208 0.4780731247289698 0.5100166710768571 0.5272656991986896 0.5326717853950081 0.5113387832754521 0.5766737326552032 0.5943735711857917 0.5775251213288906 0.620145477944528 0.5866772156798536 0.5945106101536833 0.6203752011044291 0.6512094678691591 0.6515493795151605 0.6484582233150613 0.6765926282068803 0.6621743708994609 0.6727683785484225 0.6255328437682733 0.615557242456814 0.6116341934417701
0.8557043701614826 0.8248603165649705 0.8314029425893119 0.7948514815915805 0.7578503797132056 0.7459419920897751 0.7015393445206882 0.700536240192653 0.7303495315339797 0.7073953583837593 0.6623439364336094 0.5721466936418313 0.6161031672778208 0.6325941409538612 0.6075974291343305 0.5626486303250929 0.5648251646006596 0.5908861982066169 0.5573973680455275 0.5750381741595975 0.5419507835043964 0.5008798701513509 0.5202962795808536 0.5138388703572957 0.5374691695252194 0.5616949101333006 0.5355047883773777 0.5655261351553574 0.5520389689400185 0.5820983621377795 0.6031980297753635 0.624272660178526 0.6384485223344338 0.6373244944733241 0.6446476995229451 0.6751438856638273 0.7119195869652214 0.7165475204547213 0.6893598691843228 0.721426123523257 0.6704928611714215 0.6246184045891572 0.6448827156757938
0.8081475095159133 0.7796504838012605 0.7648144287268669 0.7343036429110391 0.7260490985289091 0.731364319240277 0.6893632540450692 0.6879845498982017 0.6796118373583242 0.6358710179004834 0.600571432447339 0.5964974853700754 0.5740777865239998 0.6252192524362291 0.6111540077289876 0.5488003499891486 0.5681854651414824 0.5489516069833453 0.5520333624385764 0.5278800032291566 0.5405432506184992 0.5112246546353525 0.4822970688876304 0.48823814360414886 0.5381137977714348 0.5433924201498774 0.5556676306518499 0.585275806057216 0.5518017837868059 0.5770649624009999 0.5917014276421122 0.6012431195682465 0.5990055280857209 0.6605308810757999 0.6914006580430958 0.6863815490158428 0.6946233188306756 0.6897125508644347 0.7004849938844403 0.6872254465489076 0.6612142717593681 0.6751595937856195 0.6564989821703459
0.7501360172929069 0.7160328966752576 0.7325538976356948 0.6917440365049016 0.7161918267581956 0.7040239624091219 0.675504364257289 0.6461717667092158 0.6456985565553719 0.6351830368773582 0.6056836248913534 0.5938677548227156 0.5666177098128438 0.6001249398450489 0.5621280519323756 0.5487023819033489 0.5307515580937285 0.5124034021676033 0.5357231650875681 0.4854606834898444 0.529414240204383 0.5100385454181854 0.47631487649989196 0.46927277854757043 0.5078303531744948 0.5168711506186363 0.5537767150321589 0.5782487114329364 0.5758233060231683 0.5646293482012908 0.5767545246641604 0.5825477604314465 0.636590899708566 0.6634413300398553 0.7010177927149388 0.6827850920510103 0.691248496284216 0.6858281871705378 0.7075757119474737 0.7182774475122549 0.7058934191427485 0.6947239998369205 0.666046075496508
0.7332629830799406 0.7383932570851998 0.7064368097292653 0.6955790877709893 0.7274379741729795 0.7247842024541629 0.6843224689510852 0.6727300488873396 0.6387576049443363 0.6397683002832311 0.604564984311099 0.5993016427373153 0.5702255825894371 0.5689949782327122 0.562673908713622 0.514144615720386 0.5442639937292861 0.5246198062478479 0.517423286484248 0.5359837071778325 0.5202145270118425 0.4800768351713945 0.4860083137655314 0.4916384970416979 0.4800675545987411 0.5317455731076561 0.5353862073293241 0.5505799279436673 0.5313103907789523 0.5336939777130661 0.5673845388593026 0.5810501202414807 0.633879745582838 0.6468316176344808 0.6925550571688466 0.6896582339263113 0.7173462314686309 0.69483732959117 0.6854937604956463 0.7196888321554005 0.6888359843169378 0.714058134875001 0.6623382730674958
0.6885515384806212 0.7313290323131377 0.7187096128907372 0.7066729108536325 0.6855739982569541 0.7146550546855251 0.6455486514484836 0.6334607076457902 0.6286886213914452 0.6623364875552893 0.6254143834290673 0.6310527737520226 0.5738144954379277 0.5543258875087634 0.5362313611540337 0.5052166955902453 0.52639409346886 0.5437599726505197 0.5280222397547706 0.5261276439615774 0.5042124659013307 0.4562788220646693 0.4686982787967851 0.4601282144778226 0.505664798502713 0.5026809841613135 0.5103082742831575 0.5278786242273248 0.5627880358539087 0.5571278292937759 0.5398332358853111 0.5581319288060484 0.6292508353376928 0.6242169841373119 0.6571055019948612 0.7010488305811915 0.7244703924690787 0.7245639782499552 0.7111093853343599 0.682378900075029 0.6726916580867035 0.7099176122948054 0.6649394604555473
0.7030019569376624 0.7385817646785964 0.717102669487177 0.686704668184655 0.7073263561583697 0.6778076832402186 0.6592971469376819 0.6313849635296395 0.6562562305173159 0.6303939747695707 0.6353437920653077 0.5927761529252551 0.5965942513998841 0.5971625906539849 0.5711572034637461 0.5543411715151634 0.5251958766117562 0.5466746819958831 0.5602214789479414 0.5310882672000021 0.48723175749095354 0.4529217650039892 0.4961460169743758 0.47382282978559076 0.49598396280052054 0.5147424452682053 0.5312828652014447 0.5767817953929251 0.5885099864909559 0.5996526113189565 0.5559801139523592 0.5759179721779056 0.5926783009271474 0.6177598986943724 0.6531540210436082 0.6629083209444421 0.6791340402324385 0.6669187776246298 0.7056757010442539 0.6796781092969405 0.6786406368398824 0.6787578711180421 0.6760080354219323
0.6700922531974334 0.6933011984318844 0.7199910061206167 0.694000963144072 0.6496317864009934 0.6375784320767168 0.6315324906421996 0.6562539054856835 0.6332664991504351 0.5731962618818558 0.6153682978173615 0.6019446653141387 0.6230490475474744 0.5987723582446206 0.5820378128660048 0.5544951055564724 0.5568836746088316 0.5166020193510348 0.5631988999032055 0.5540661064892556 0.5263454780473917 0.46603400831689745 0.48484839966098897 0.5162224352600006 0.49690753021057577 0.5027103912426061 0.5285668058724686 0.6009672775542215 0.5763010801424084 0.5979586890223646 0.5909138079661004 0.581839319722534 0.6181010520302959 0.6381345287199298 0.6530390075702059 0.6536380160927585 0.6755289406194366 0.6415407166951783 0.6801575809749718 0.6830871012949173 0.6908229753682289 0.6842365309998184 0.67313287978652
0.6679968068785612 0.6949026505214333 0.6644368511521661 0.6590874545035322 0.6365950295161787 0.6613113102593705 0.6628623952764294 0.6223428416830084 0.6044604515600648 0.55105096625531 0.5458222849248997 0.5439326101498899 0.5949114510654965 0.6077801463090473 0.5709805786612153 0.5596925622603063 0.5537622811463964 0.538299799385197 0.5398689411804342 0.5233443460046802 0.508443762936166 0.4840569669340434 0.48908582963779024 0.5329796306686675 0.5144203156558773 0.5421335599408841 0.5409210128835827 0.5952783946297867 0.6197625205233064 0.6517509021688347 0.6526891990469031 0.6470621022854565 0.6298668377669827 0.6168876384613398 0.6610710120928498 0.6227987099642667 0.6392277223993987 0.6209820957868387 0.6170408366668136 0.630391037042457 0.6382085404730036 0.6389794550831756 0.6739918602738962
0.6814429624137228 0.6681632466334257 0.6404532354740656 0.6561665750482788 0.6309896899197156 0.6274806474489452 0.6416184009851624 0.6539192468140427 0.5981369160098949 0.5501439674079434 0.5429093174339377 0.5332811123532771 0.578376822725767 0.5774174409796607 0.5740694201128118 0.5567944357829671 0.5543825070274895 0.5544238806527281 0.5551046647044812 0.5301207584379084 0.5415037878392948 0.5490925924640587 0.503261227801723 0.512989302337165 0.5238526284932643 0.5084676736489198 0.5465978743843936 0.5963413893809377 0.6257826731974693 0.6473347366141274 0.6646505123764599 0.6742165089027135 0.6700928404464119 0.6514212786602903 0.6426541120527024 0.6385740353660166 0.6256860163732578 0.6229707442313027 0.6212090462616123 0.6143929139051236 0.6501756516682826 0.6385174913781317 0.6388355904873494
0.674853721399248 0.6743994779457533 0.6806982409869529 0.6626177828543652 0.640478985171231 0.6834646610299225 0.6565864844879465 0.6016048414463805 0.5686560653210876 0.5592724573523599 0.5668894342485233 0.573414042361811 0.5657664405300058 0.5544475510770014 0.5725058638678721 0.5540710306015674 0.570994456173143 0.5990508738134701 0.5990498685078189 0.5689658536814931 0.5588721073033877 0.5595020877430631 0.5131366491192088 0.4953841092486031 0.5302151867031859 0.539740566273067 0.5626730092313208 0.6152838192384809 0.6115444072140314 0.6157726144412303 0.6516520198117638 0.6703254096898372 0.6264777616618831 0.6321233826949476 0.6366045454772238 0.6646229897940643 0.6497859062844507 0.6193626107731047 0.6219660591220685 0.5948282201587233 0.6238727897834376 0.619622459669961 0.5834224950366089
0.6973701929730656 0.682105348972143 0.6638712872050321 0.6609657268326901 0.6899356400641715 0.7094418084879707 0.6328662890870617 0.5927720817601156 0.5617052538143755 0.546771024757309 0.527593976120627 0.5421111762428136 0.5550234685928704 0.5985459521840085 0.5820542902034457 0.5445499867054905 0.5688721199627512 0.609974255802573 0.6149132986220349 0.6037134724713505 0.5790367867819084 0.5290683728310502 0.5292721034673498 0.4907792465675601 0.5151144403106577 0.5767960453505064 0.5836969048823095 0.6296765789623276 0.6264845402046921 0.6519527523039476 0.6428929583757187 0.651812240889562 0.6181499765420412 0.6336269798873014 0.6145349206441628 0.647829707088569 0.6663870780177215 0.6279231051676806 0.5831732062422176 0.6048987293890232 0.60737125758085 0.5556543220662289 0.5605903902662981
0.753844839650824 0.6957368394380481 0.7181820735711976 0.6732099267288216 0.6877389104942568 0.6656808684372967 0.6754012781584136 0.6184395259273262 0.6011267081152899 0.5844833014485148 0.5425760857377013 0.5369301427315551 0.5858808199850807 0.6148623217258079 0.566745135447577 0.5672227373735893 0.5923158431546102 0.5714140907284753 0.5706906285019753 0.5927974674925482 0.5990090018195672 0.5328659238802891 0.5244775356132535 0.48287727741830666 0.5332432651692832 0.5600350835480433 0.5826526849036195 0.6426859695761686 0.6414520552472169 0.6535402686363434 0.6480862824467001 0.6339742142443645 0.617554508408923 0.6310106893905276 0.63996269390484 0.6436587620490052 0.6389469361489296 0.6298956081849126 0.590301877497144 0.6066276609331898 0.5683135516612161 0.5621497401590285 0.5460387053089776
0.7565508143317503 0.6992317525580215 0.7293927520938308 0.7194889270314831 0.6696026057384369 0.7041078402789114 0.6762817783091072 0.6183761000403806 0.6098089548868061 0.5546666760590334 0.5281501314189104 0.553516905088812 0.5499274615513317 0.6195724495212411 0.6062382271888224 0.5990555220113404 0.5567564837868466 0.5632213561683574 0.5657827446976654 0.600979902483324 0.5578814575568617 0.5548363210694304 0.5222938794528619 0.494256338004832 0.5341112728513342 0.5006656776862393 0.5667757300612098 0.6197369387565188 0.6153636530176667 0.6515991276516523 0.6480174101475379 0.6135600563901995 0.6076566257050265 0.607477222830153 0.5858141173859922 0.589727089024069 0.5880900905269312 0.6133099368506186 0.5539600715716155 0.5491314909803806 0.5411298610403954 0.5071157094071681 0.557502574294524
0.705671105277363 0.7030645025864325 0.7073533530371645 0.6757902662929158 0.6484263653249606 0.634579056709427 0.6622826118965048 0.5952484163439109 0.5547659845465328 0.5465869017408627 0.5447801534661894 0.524230269415221 0.5538607795553664 0.5803427392551649 0.6029997481566128 0.5684798412708286 0.5726453783946348 0.5794891222254002 0.5485564282512086 0.559112029040779 0.5645254424965289 0.5569796816816983 0.5249792634406432 0.4763514969578582 0.4940952052814318 0.4761403667470873 0.5098363906815407 0.5377508394196424 0.5633724445856475 0.5995660499077078 0.5703198209819698 0.6022562508458721 0.6010185881205458 0.5843104667377976 0.5824431102979515 0.5498741148393664 0.540482459397035 0.547512421592049 0.5476154174156332 0.537709623187931 0.48872587795987305 0.5051320636394101 0.5090296813628082
