Raster_benchmarking/DGGS/continuous/raster-188.asc
NCOLS 100
NROWS 100
XLLCORNER 1743162.8187409837
YLLCORNER 5469280.540289386
CELLSIZE 10
NODATA_VALUE -9999
[rows 76 to 94 of 100, columns 0 to 42 of 100]
0.2707847103485902 0.2824881686176614 0.3210599028400341 0.25285334773291657 0.26763804813660347 0.28348803699551267 0.28320113853039236 0.2614758385076287 0.2386216551102221 0.2673928247206619 0.21970839673829762 0.25674617875489536 0.21623849667810915 0.24266492714535945 0.247391804357087 0.3044149524414788 0.26536618453187977 0.30643671345880863 0.3296597051958064 0.34611347386108937 0.41499802037519457 0.4481831020620391 0.4778592407244572 0.5009091328283919 0.5203641178368836 0.5604987656773464 0.5779123358261002 0.5831474152665767 0.6290733108171506 0.6990675242865283 0.7433043687799022 0.7116674189913466 0.7487262873767441 0.7767385869510569 0.7726511305231567 0.765117941972039 0.7616962795147334 0.7283727645664895 0.71018975473065 0.7334283590520377 0.7470005733086369 0.7751784583152893 0.7762831958738926
0.31679742638227004 0.28008655269638144 0.3302823823225154 0.3058222692930715 0.25463902172915054 0.2886378754455443 0.31151215817583183 0.28810108040900007 0.271555834024678 0.24446309286465384 0.23546692304268038 0.22058706158663408 0.2399914864383526 0.26598545842303767 0.2815905338407832 0.2805354759249497 0.30718802086074337 0.34012914326920535 0.3512639631898244 0.3612111357386973 0.4835165333553064 0.4517215449268734 0.46811123749110306 0.5297661366274878 0.49600750197050847 0.5430477967850739 0.5355723974264746 0.5974771237561741 0.6279486782860351 0.6867560526477053 0.6998581111448897 0.7259876020336882 0.7763740691441756 0.7967453204081306 0.8100558222607841 0.8084009457717363 0.7907539363016427 0.7822710165484331 0.7338572951709834 0.7666600524522724 0.8027569290054477 0.7843238552462687 0.8143381355667131
0.3426290331102961 0.33696353449271116 0.3139521477379782 0.31162262985399736 0.26571433666893857 0.25470758382394615 0.29612050912007337 0.2691743257412561 0.25732340582262364 0.2573656898945518 0.2468586785078432 0.27062635546912334 0.2916320398001031 0.2678947681350026 0.2972633242707428 0.2779170927395272 0.2586277923858249 0.3017165828117043 0.327483129487164 0.3920070943702142 0.3785043156850219 0.41588017722579756 0.45029524461606707 0.5171016302379511 0.5380458944359913 0.5102467394390068 0.5143008016128398 0.5887880366467962 0.6425167770922822 0.6530331962654515 0.688558129208041 0.7719687798949799 0.7551896562096079 0.7882109348925198 0.8133649875645428 0.8154006928612209 0.8223362204539054 0.80611580365856 0.7836183149940072 0.80458959797934 0.7691270559661907 0.7943010041200941 0.7432181602960699
0.39313086665912034 0.37604983499311667 0.3649797798275435 0.3100734195068233 0.2911836047943236 0.24669267187995592 0.22855178318921654 0.24271495196582016 0.2918178411548163 0.24045498560621567 0.2269060337007379 0.25539205680899074 0.2545389614843317 0.2654275459314804 0.31120124765057416 0.2975548581853235 0.2552265631527622 0.32820129978956847 0.33380589217049195 0.3377018621135045 0.37691618848749675 0.4359776838344416 0.4666310098313939 0.5608745989746086 0.5644545491359061 0.5881350140666017 0.5379686234757828 0.5609137711786483 0.6261740201363558 0.6649471500875223 0.7205625941329761 0.8063789639632761 0.831333149309757 0.838030371611332 0.8679629850037766 0.8549862761544407 0.9024541433779151 0.8115458764541605 0.8302173783682458 0.8238057100730583 0.7639176031870079 0.7821486354191761 0.696555475171073
0.43311743932938684 0.3973294725147252 0.395260526385609 0.33757121673935003 0.2889234210318909 0.25890861787808206 0.2906688278259433 0.27361541513386334 0.2792942519771557 0.23542567281283874 0.25845926358981913 0.24849255815657303 0.27006407206241284 0.2698832586592365 0.2911038556044561 0.26398850086489567 0.27825219561126463 0.36453977823410033 0.40407048775448934 0.361650218091803 0.38756938218293874 0.4562084069422589 0.5095425837894477 0.5411740234489368 0.6015121076498255 0.5843033965961801 0.5953884047653034 0.6071549114019611 0.6422595315598213 0.6893191854800499 0.7763146197614917 0.8132502186502057 0.8708783086217281 0.8429884414902444 0.8412114172067876 0.8532299551064761 0.8934720174031069 0.8654740795259492 0.8287979469017013 0.80184973012029 0.717586817508346 0.7249152824317543 0.7001529205777722
0.41667783110063167 0.39856257415253243 0.38833265769313746 0.40503638609442 0.34888982334322527 0.2721845317757024 0.2958570760587769 0.260925529804782 0.24249090468349685 0.20601575353768506 0.20836761314563193 0.28174113159714 0.27023652057227493 0.23023872988862779 0.27020815509339574 0.24467178141287974 0.2916799889907523 0.391553715724144 0.4280112602356063 0.43604087304189537 0.4459450966740671 0.4902766223887719 0.45820884697265196 0.5736302577186341 0.6017753366830066 0.5740512056011878 0.6181955710888357 0.6607234762745468 0.6765261767113794 0.7472054957228371 0.7664832382901667 0.8140661921906571 0.8924777826196263 0.9068594746682617 0.9275647084540537 0.8597021036553532 0.863692720776594 0.8605637798417319 0.7712986061926692 0.7410856822607831 0.7093688391334472 0.6897234897504165 0.7216782159276773
0.4271127953801129 0.3826970385356686 0.42729640726781953 0.417065806162895 0.39789933050958415 0.34295894614781625 0.35715861874085747 0.30440269686798993 0.287387206810047 0.29011463567065376 0.27109442338661566 0.2745845315205981 0.2407487318180269 0.2536868124583318 0.2761606629934437 0.261786486688045 0.2669688536361382 0.33511776809957866 0.3953738363968514 0.40027958941060077 0.4850369261694539 0.5156888301635811 0.5152991148932679 0.5950419242678348 0.6304192043086504 0.646408270860856 0.6432760249751966 0.7059720701123412 0.6922680488744081 0.7139554373969154 0.7288874032672112 0.8078891902633061 0.8617042738863787 0.9535624650131023 0.934574122212379 0.9120589913470707 0.8895536826643162 0.8328682665345377 0.7708315213663017 0.7990181471430973 0.8096236624859405 0.7572670034865243 0.7255151229437233
0.40735409778988735 0.4179257847580364 0.4263640472971019 0.4415394284964323 0.39867067746502627 0.3645806135996077 0.41079375236577287 0.36090336409455664 0.4018110860139032 0.3370942359931699 0.27850048908535296 0.2871929550203469 0.2631610905851574 0.3049504282124898 0.29267137256747516 0.30374525340309017 0.28672343654902255 0.3742985216908598 0.4000920247784358 0.4311448433674043 0.45291415954892694 0.5263744936463524 0.5763740552282368 0.5727239036187708 0.6078732864269367 0.6598252089461688 0.6669064567069043 0.6794566976037576 0.7499352001755208 0.7266370202957175 0.7524062457703212 0.8133010735679145 0.9353068446822633 0.9441407426734745 0.9426560519485474 0.8814669485891912 0.874504183747436 0.8240798664369946 0.7932834288224423 0.7934233120734446 0.8194589211354851 0.8316470824836064 0.7899124290462077
0.4522702078978254 0.40790067587937995 0.41833618826960706 0.4087263790889819 0.40065020685785147 0.44986222387838687 0.39255750082128793 0.42641477723882487 0.38584622137954294 0.3475931868609333 0.35523653490716445 0.3072377230444463 0.34044603699575005 0.28964021786327876 0.29602353278250015 0.3542106597123762 0.3744526898851836 0.4133967828701057 0.4640266470291736 0.4407491507138675 0.49064295342580927 0.5455999744636694 0.5656375822382024 0.5258246696990327 0.5974772397746122 0.6187085516055434 0.599872575019165 0.6716021291983774 0.7160174877161762 0.7770910484956218 0.795558606436992 0.8643557403982077 0.9135036441074847 0.9063258157091044 0.8793932689058895 0.8717458492841449 0.8991424532897985 0.877602472720464 0.8540721478286232 0.8519233845794462 0.862840389639074 0.8241895997182512 0.8044520190630975
0.41584430468106476 0.42135486993307103 0.41196550964288153 0.4473745040318285 0.496285738350811 0.42511526542734207 0.3992079231338648 0.4322546433070744 0.46249182406286193 0.4326850077031876 0.4045880369796587 0.3385203317802846 0.3477668964476321 0.30800145164229653 0.36891595210766986 0.36123663688040863 0.3578361254372797 0.4308782556198237 0.4578778734885637 0.48796839460616237 0.4865511962012193 0.5354214712398356 0.5361960721599988 0.4947688964529697 0.5219754945038542 0.5711833414010671 0.5854973241016449 0.6674550064103514 0.7603698847836285 0.7678679624302368 0.8094364757614383 0.8312413630557411 0.8962317093044058 0.9345696409712818 0.9381684381931723 0.9187756437580259 0.8672367174829576 0.9094561477141666 0.9006753254496729 0.8778697313288762 0.8709929180034097 0.8297199360125272 0.7420640914404857
0.4362386554292988 0.450880006718087 0.47530018051536416 0.49056629888755426 0.48610434483757414 0.49831193218165154 0.47189907312929713 0.4571998882737769 0.46274264063151566 0.4614076494823122 0.40147017645901173 0.3721260167219213 0.3398207571887205 0.3491433612168427 0.40942211708508885 0.4112444784087132 0.4653969148877449 0.4358016198865777 0.4976980571617545 0.49878491382797113 0.5047532551669165 0.4996920446619162 0.5657197577279964 0.5440162799280808 0.5639180380347594 0.5731005949396412 0.583819574065301 0.643632581489482 0.7012471628137164 0.7659469799883452 0.8462697044474348 0.8601667912689136 0.8460255235123272 0.8681948310144487 0.8506704622381428 0.8866460199103656 0.8700185936191708 0.8463901179492762 0.8680378828650533 0.8876270519414936 0.8627986941638021 0.8443357639602865 0.7397461122997271
0.49510561290101995 0.5154937431042268 0.5162746261431634 0.4963563132923813 0.5387166841611198 0.46963345044217936 0.44415672121219907 0.43235090628127526 0.4956546539181794 0.5013519923849756 0.43597814211648045 0.43565963146724895 0.425964448350992 0.3734711479124709 0.3845238892939203 0.45627902481885196 0.5041251914685232 0.48812340870049736 0.5102944443211469 0.48731842711365775 0.5334424874977152 0.5834011731918923 0.5995146919849934 0.5837259738592917 0.5493795142020494 0.6054411493311229 0.634195343176657 0.7000044915003933 0.7078050088649429 0.7735232983827511 0.8224385228401556 0.9034394965833664 0.9013371365301894 0.8801370724535983 0.8615189839317402 0.881743668840832 0.8669290974280316 0.869906032728263 0.8193798926445763 0.7963538265279488 0.8417195161720147 0.8015344001518546 0.763300921709088
0.566640649558022 0.5360219443767051 0.513818339332924 0.4788043294164737 0.48641280132078524 0.4909944189154814 0.44657934765663737 0.43821587246705895 0.4366083165150943 0.47955070605442435 0.471480233411258 0.4447313726818605 0.36539401122616805 0.34418868214069864 0.35187863109776324 0.40263676562630984 0.4910811294549776 0.539306590243181 0.5010608722189425 0.5415432117061063 0.5846661078102163 0.5692341802075351 0.6177910883747377 0.5993503344020649 0.5986977445885715 0.6687233888162726 0.6745391507294688 0.7032304643846969 0.755913949812896 0.74896480792821 0.8012059247883461 0.8820520054730818 0.8933661525127272 0.8525599327784428 0.9091195782978342 0.9194220935588173 0.9103841852561068 0.8607200715235773 0.8047855779485574 0.770083171472897 0.7889071799683098 0.7665535454472592 0.769979691821292
0.5549455167367481 0.5475108837093374 0.5449988013964318 0.46713288605503656 0.4639686293331307 0.4560497578235487 0.4782304009869535 0.468720883764865 0.4658882443099297 0.46813633389598297 0.4299934945512096 0.39063038100027087 0.3281157109771107 0.3127651811200316 0.3442551395557949 0.3855415508877245 0.5063690065210436 0.5554650669111931 0.5530497544908292 0.5589004662733785 0.6072305696343633 0.6451483350278446 0.6752586209445861 0.6734643048413065 0.6935490202911455 0.7119988219900694 0.7218508991493886 0.7624497324902032 0.7088328679393613 0.7801742746193702 0.8252657502635102 0.8314673339894244 0.8828421566626942 0.8526577533769999 0.8640839051073164 0.9397203141230178 0.955865566510331 0.8632613324962132 0.7644595324388842 0.7586448396525624 0.7387219232522046 0.8012375414052899 0.7779009077726939
0.5679404728535731 0.539135160442368 0.48485921606209886 0.48076394612781026 0.4263397930904957 0.4323457728134721 0.4341559973504722 0.4290893558291918 0.39859904448985495 0.4270407688674798 0.3911411822754878 0.36123265455077064 0.3870252930740955 0.3740288212697997 0.34159139166734837 0.41504523314250585 0.48418378793800576 0.5680017838264819 0.5454356895916697 0.5944395456987492 0.5961883554697262 0.6223994664669371 0.6867586810327332 0.670155175802181 0.7342271733891242 0.7214440817522 0.72947010797822 0.7779948119401991 0.7633267954568193 0.7919715812978934 0.8292754726181343 0.8740693797341461 0.8269462499514942 0.8544056336210409 0.8600119702859838 0.9165715366187805 0.9375597708973012 0.8620180085956124 0.7787867255090585 0.761856992526718 0.7122250931057073 0.7648914265912157 0.7582120506386316
0.5030097262409157 0.5241560064498234 0.43420485683606375 0.42678760800747867 0.43409800111102276 0.44354452017184287 0.4159489712305647 0.41026736015342047 0.3621836224020851 0.32094166385514755 0.3209395063224726 0.37152413555969704 0.33024126616283755 0.3842953972354232 0.37933980501305753 0.40720844514134547 0.5046089343738569 0.5602359243250848 0.602109591910841 0.5893942678674554 0.6787275443580741 0.6871140047810316 0.654292814331893 0.7167320886298731 0.7822774894948374 0.7415623731922907 0.7733786777977815 0.7475274226482197 0.7509473665477798 0.8134268166487266 0.8026136019834937 0.8483577667451739 0.8426163708423706 0.8770785620172676 0.9130438455156595 0.8644085408441339 0.8733536537960339 0.8302770039623537 0.7884832580591109 0.7835661450117942 0.7040071499446161 0.7640038484582125 0.726015951660481
0.5367540187693103 0.4964095983610276 0.42169004004762706 0.43430041266449637 0.4097021726464871 0.37178979754958486 0.4004622457386791 0.38950188965602733 0.3064974628426145 0.3045295144323237 0.36665699604234847 0.3989082726330191 0.3736945249289066 0.4095937025437737 0.38955526046081135 0.4422624585058379 0.43473214804564875 0.5315209582100725 0.5683690683454422 0.6392324864118969 0.6733740177547926 0.7037192529441775 0.7202768094353916 0.7780812375616816 0.8385707250112423 0.8442775596835808 0.8131151795129681 0.770813639429378 0.7855952563760513 0.7598719954993033 0.8148602763018968 0.7916465876427669 0.7826018926712827 0.8104537102158145 0.8616438662305481 0.8592906679254628 0.7957414742997163 0.7628300352298332 0.7801168392152898 0.7486422572908221 0.7796327245871628 0.7437770922949073 0.7338318834921147
0.5598899288727338 0.51797636204438 0.41803043262409645 0.44726962993800357 0.36387537223440164 0.42213869856206593 0.384605872347281 0.3312687508588331 0.2928626071629094 0.3049631145241928 0.3753444842143928 0.42630389881077924 0.4370474770511667 0.45197105710276464 0.46142847684969607 0.4178435410921002 0.36341182236500635 0.5267220440754965 0.5527696862296956 0.5969474063424223 0.7034836353267506 0.6835023962496634 0.7262080102725124 0.7382300768297265 0.8080505692410861 0.8416617574771176 0.8547780742499913 0.8516579737956328 0.815971727550479 0.7444052256741299 0.7752148289305761 0.794918840059416 0.8298415670250453 0.8152257125931182 0.8076586826223133 0.8262404697187847 0.7685848705442262 0.7638945524320372 0.7195406246353396 0.7904776970253765 0.8040666914657574 0.796333611516955 0.8247372903063832
0.48641227952279004 0.4592693307319402 0.47812191023238704 0.4596311018082458 0.4398970030119232 0.4137602364800626 0.3446775053225687 0.34570829852640367 0.3253380753084863 0.3087771279033213 0.36703852703785844 0.3742011153443997 0.4298510989144433 0.41603228761301 0.42318837503420564 0.4297887428504546 0.47079505517124326 0.547628800468739 0.5833224123188047 0.6394970680720495 0.6915954768199345 0.7456175053095158 0.8032135300470057 0.7869630761201598 0.801315908577411 0.8010789371147351 0.8600572584517299 0.8246118245437616 0.7908523417367996 0.7780442765552261 0.7613807145093081 0.8046358055903206 0.8371215708199448 0.7893621472545029 0.820344364835038 0.7850668143625584 0.7726796923309405 0.7123228393661901 0.7784152640657536 0.8127426978293609 0.8144112364405098 0.7961536854270911 0.8024120722653112
