Raster_benchmarking/DGGS/continuous/raster-222.asc
NCOLS 100
NROWS 100
XLLCORNER 1743157.014880497
YLLCORNER 5469296.520828747
CELLSIZE 10
NODATA_VALUE -9999
[rows 0 to 18 of 100, columns 43 to 85 of 100]
0.6756175286177936 0.7122458647902761 0.6773957221060062 0.6858315581242604 0.6962679952709209 0.7156305166707178 0.675173421648516 0.7188252934461741 0.7407582948349706 0.7433091797483137 0.7169490415325582 0.7392977142420151 0.6928712723258239 0.7629822744846833 0.8086462503331675 0.800123573744699 0.8388235746613137 0.8134257398088596 0.7936456564590001 0.821671637091407 0.7799869340536654 0.7434605619861198 0.7524504148613176 0.7442704241245178 0.714258728096174 0.7222119066491594 0.7075558049675212 0.7343452260567053 0.7379481399137031 0.701454114119338 0.6882434384957554 0.7009213209047233 0.6907222195347683 0.6533865539885805 0.6392883441527907 0.6376037219852461 0.6400400295384121 0.6616736304772335 0.681773777882797 0.7142018504240403 0.7172139512761793 0.7194364969378776 0.7040228909310019
0.6994530083044277 0.7519992778074792 0.7625682255911826 0.7962696103042406 0.7984572395549026 0.7344926639613276 0.7669783686298444 0.7532249303215037 0.7526362746127239 0.8032220996382511 0.7958223436068361 0.7402962139754214 0.7295156533014159 0.7651923837649194 0.8243114197756466 0.7875234674300046 0.8067363093102353 0.8312235576849555 0.7980983022224402 0.7993468375137229 0.7543895263024057 0.7800236438799981 0.7570304951596385 0.7333493795803794 0.7465974619725454 0.744647494975874 0.678054521268279 0.716894678086353 0.6827722466018544 0.741204989491204 0.735440792422536 0.7313124626711203 0.6438506740600294 0.6065355093813715 0.6080216940822691 0.5935192426351792 0.6033404681677409 0.633029723645723 0.682981243854495 0.7044071668668497 0.7201110257968013 0.7102440449216901 0.7191208264831643
0.6959237571300373 0.7167016456241908 0.7685558603137387 0.8159607050022143 0.8282629949463568 0.7882237341021912 0.8187086724343952 0.8011992439310673 0.816103085223374 0.7838805668261639 0.7962366059731533 0.7861521047449519 0.7920240804407507 0.7760144629421722 0.8360368764406848 0.8399128008609846 0.8364481089857323 0.8617681971505001 0.8117364548701368 0.8156541483087301 0.8019889515205273 0.807974872355165 0.8109151149673877 0.7774486270810784 0.7184479048044835 0.6948714774308608 0.6914673858208611 0.7450906412657461 0.7517849296209766 0.7659831321156197 0.7674184502617408 0.7087083190418636 0.636475287617844 0.5957203423970443 0.6046074572890089 0.5913226343890947 0.6110804316848206 0.5910424024361844 0.644839063944368 0.6965281938848539 0.6905396507663147 0.7315297512490493 0.7523770380584064
0.7378116997253665 0.7584735953225631 0.785806547466625 0.8125223526059097 0.8375252430732609 0.85068774177481 0.839230903675339 0.8572797706389857 0.8527987470517931 0.8555593390146946 0.840125622572043 0.7816562311072841 0.7892377095444172 0.8224601856731761 0.8115835327542341 0.8703137263490909 0.8697710088977584 0.8641657599153891 0.8496918302946757 0.8823200679869836 0.8791925128662024 0.8407592320052745 0.8502372834572616 0.8223805319936234 0.715068918975399 0.6972380783174721 0.7269025803386904 0.7540618843850136 0.8051971873638822 0.75782138554587 0.7636491032989856 0.6798595888628789 0.5919532227430784 0.6080671794175128 0.6497163822391792 0.5801206375875819 0.5622635518686724 0.6194519641394269 0.5944207412387561 0.6289977022371817 0.6591115289600128 0.7302875221003875 0.7456862494766774
0.7460176284615633 0.763386522187742 0.8035848918694352 0.8025656034121521 0.8535854370728089 0.8411058501063728 0.841058282015269 0.841886290387874 0.822140401815543 0.8292151650234627 0.8352391485488966 0.8308148537057768 0.8228319640195889 0.821986061622028 0.801478853578658 0.8268786926422113 0.842305436211276 0.8821132448875715 0.8674064507286214 0.8874947965712083 0.9093640008425938 0.8559371225405807 0.844921621783944 0.8244186731557659 0.7541889260749414 0.7460743842798085 0.719665797422116 0.7585660939896939 0.7716480660109494 0.7686419523175184 0.7809143685287931 0.6804481179474728 0.6823996005262928 0.644130982057445 0.6744680938763136 0.6214547431778207 0.6014781554413415 0.5927677694680921 0.6221161131756762 0.6530280612837355 0.6468703461199882 0.6782157183964409 0.6769621222825475
0.7199938960871002 0.7972825563689416 0.8639751089734273 0.8493979873153344 0.8520304402956712 0.8664802968903353 0.9303912085200778 0.8337867057047053 0.8106814273880438 0.8365943847958682 0.8511502813706785 0.8387050468909195 0.8463690491499177 0.8069590596167494 0.813549291596776 0.8167442887472374 0.8233160322875684 0.9014586908220713 0.9043246533198627 0.9264660394862361 0.8942158639833188 0.8619011557146256 0.8233487617944891 0.8351184396824932 0.790189496487319 0.7780949557811736 0.7209853835054272 0.7464753371625372 0.7351965238402511 0.7760050348920999 0.7736177783386525 0.6994119930542314 0.6939337159563231 0.6497334440051061 0.6587213246141137 0.650565864394347 0.6348952029353822 0.6036856132612034 0.5599155616983386 0.6466140119215406 0.6724348969882703 0.6922938437697435 0.6601299076440353
0.7930284443705221 0.8069142117352077 0.8712792111164702 0.9032018910198749 0.9170444453004777 0.9327367959305557 0.9467762237305253 0.8875490061903847 0.8519654390296569 0.8540727853382799 0.8501501613103265 0.8472375096799342 0.8855650750287498 0.8814888380310478 0.8490672634073392 0.8679406430274673 0.8521491250298896 0.9034912893835032 0.8778916464556871 0.9039372404577636 0.89247140096875 0.873738598230248 0.8358530649480393 0.7756251528385661 0.7848330331969141 0.7637114107718997 0.7818073915303928 0.7790095003143878 0.7549501096531983 0.7411856055165261 0.7396663572374055 0.7396108467425188 0.7119974457001387 0.7213726087396878 0.7009380468613254 0.6244523690198907 0.6187628523506088 0.6076445460797788 0.6317499790303451 0.6083328615182539 0.6746651269502045 0.7095256698923321 0.693335857858056
0.8070741239815196 0.8587991656130584 0.868137229043659 0.8953168511302844 1.0 0.9681112346086508 0.9290449278548616 0.8771196839874532 0.8387570760512599 0.8325690885111485 0.8711195869754615 0.866128140118023 0.8880816392529794 0.9230635373978987 0.8864802205773576 0.8833482914547691 0.9038108956019574 0.9203611119307965 0.8695095038560383 0.8747736875284643 0.8705327194902761 0.8821973184558025 0.8640835999250429 0.7676095179272892 0.7256371635550948 0.7731212234103774 0.8066292674305964 0.823889303277825 0.8140108700105859 0.7919941485138665 0.7409927485206046 0.7635742151479773 0.7406494863003097 0.6765546308101541 0.7066454505886031 0.6178210121798008 0.5839391517109421 0.609341740636653 0.6204816876834166 0.6482513738875648 0.6594188543789496 0.6645516964268903 0.7145873122206013
0.8655244163675323 0.8812678043136797 0.8705901412183851 0.9265174324493904 0.9550287265549245 0.9754281049133793 0.9029641522989015 0.8797935520988192 0.8894715860169233 0.8557314409115107 0.8952449276754447 0.8882116820626369 0.8614841677864133 0.914680063481583 0.8981841062410986 0.8755701258723255 0.8655801445062683 0.8827053855288886 0.8720267482925436 0.8259203604365354 0.8548028972303452 0.869959370553625 0.8252570877520502 0.7911605642284868 0.7738674879830018 0.7581428496619438 0.7758862212437223 0.7851238217105087 0.8080881945410099 0.7521634707443787 0.7716238684989895 0.7357752671926077 0.6927735544361696 0.6747876189863278 0.6482158961935387 0.6298036543282504 0.6409109491545009 0.6148080529974719 0.6430449384463213 0.6692723022800681 0.6974604216649612 0.667307679131455 0.7280938540618865
0.8957792005380522 0.8736207634489183 0.9286464430319478 0.9822556740697995 0.9929548737448309 0.9248402395136234 0.9114317758617134 0.8926502872021592 0.9248558147232062 0.8940749950586463 0.9032661969008682 0.9119575156995546 0.8655915494606947 0.8677025592742713 0.888679413122289 0.8803822672326564 0.8543847269750938 0.8309463987635385 0.8217838737952563 0.8008899936344331 0.8010341614108754 0.8057491271333231 0.8409043399777986 0.7837738070841319 0.7871057781545286 0.820114606517461 0.7994174756437381 0.822115952896635 0.7773957795284571 0.7465713117419902 0.7537012140863477 0.7305442873256182 0.6965623545145265 0.7020224182854782 0.6656505183361637 0.624021964595538 0.6441937224340595 0.6391005116051929 0.70852047848531 0.7067190186743468 0.6709400120408022 0.7405923978257892 0.7440692223854211
0.9118399832454992 0.9118911836766008 0.9404061080603086 0.9647326142049157 0.9633896120506872 0.9312224800574374 0.9094254962873812 0.9253750255385145 0.9131899776727118 0.9102559234048984 0.8861395620035881 0.8803820847358699 0.903720199349279 0.8849344256377437 0.8406298491575317 0.7796240996958939 0.7431474401550618 0.756848391501322 0.7420254486349918 0.759915314790566 0.7782749930923215 0.7689597547447435 0.8050227149104359 0.8367571621005482 0.8154330270145109 0.8298971795172687 0.8354377396440347 0.8260895607662836 0.8227606336529749 0.7799854115065404 0.7619784091676861 0.7009407559195895 0.6632618148787163 0.657400448998793 0.6866887554283162 0.620856535306435 0.6492126275105642 0.6411775567408697 0.7129968217942343 0.7433719689714589 0.7539649059914393 0.7449974684526057 0.7796175224419902
0.9132468706549498 0.9185734243383114 0.880784504283846 0.9595140287454424 0.9911303093619285 0.9578965894670624 0.9028972342716625 0.914103085603906 0.9120994718144103 0.9071961744425626 0.9178675405321421 0.863669057045251 0.8529351313174048 0.8174802005680568 0.8206281206971718 0.7579383683438896 0.6843506126473672 0.731764195327487 0.7300795668585756 0.7010439621908631 0.7468102558077586 0.7627651406623241 0.8048435448861224 0.7821929009776954 0.8044249508790041 0.7850550446485569 0.8150015650885806 0.8498261255515288 0.8317170142369531 0.7594677948260189 0.7941610290090594 0.725446038510814 0.6670848985201936 0.665509392233549 0.6870636454468985 0.6558277981910887 0.6187253073465436 0.6359048241121709 0.6894008250950783 0.7150414680179297 0.7720829925288416 0.7673396920715023 0.7907000625195505
0.8846878199465813 0.9058548892563363 0.8927283467222661 0.8977062069739291 0.9139780604252343 0.9552562007287098 0.9545250827567899 0.9305562221024558 0.9288691139679233 0.9010562363675401 0.858549422404592 0.8522378776317379 0.8345025908312417 0.786041209566386 0.7495159456662562 0.680681948786286 0.6775233996901382 0.6494602621052239 0.666484784964813 0.6911190561875905 0.6903337891810274 0.7411728154617523 0.7391320834893118 0.7666328043804705 0.7778240077597469 0.7997340712643901 0.8052677261152864 0.8173321843178605 0.8008027979224442 0.7670359525503456 0.7830241403495773 0.7017276002439632 0.6985747051080697 0.6889263168592621 0.6492620964665516 0.6996102446779426 0.6658553579096922 0.6701630050274714 0.6900662304901517 0.7702376702989986 0.7719584902219745 0.747360450775505 0.7537905391221932
0.9109620873438441 0.9003017398419363 0.909853012738841 0.8823705181981748 0.8871336369541729 0.9537965174372046 0.9391967833104498 0.930796981670538 0.8606110067912444 0.8489109257511499 0.8377831741072937 0.7866727012765649 0.7810343282394161 0.749942719191684 0.7106791885650633 0.681671710968317 0.6081135969763487 0.6513611329286179 0.659424776830742 0.6149728732364634 0.6278172826839821 0.6959892905157418 0.7341690924118218 0.7159095770077208 0.7406761439332892 0.7272067272224596 0.7422756718188299 0.7368477914406933 0.7814423241628389 0.7193818040860678 0.7364225420037459 0.7383434103426516 0.72232302550953 0.6974916558604958 0.6486783811683863 0.7197873531519883 0.735254114759232 0.7162626046396764 0.7531818490500113 0.773743007474747 0.7698696778371 0.7406541259240734 0.7602985140633235
0.8761054616630127 0.8844079595216165 0.9085536854070433 0.9193617466336259 0.8975999352071182 0.936168596711559 0.9544689001843292 0.8979742727483402 0.869853726877377 0.812280864032478 0.7775798688636981 0.779162818268311 0.7287822251588559 0.692725749156959 0.631148013387111 0.6567212335137571 0.6363790705328086 0.6118110698385173 0.6468586411699987 0.6090973858923089 0.6525178545558499 0.6897808103578225 0.686629751755205 0.7564341292283636 0.7069304038336541 0.705984353348307 0.6933839802119306 0.7034792294758083 0.7478192968234932 0.7202094632284548 0.7372691831069113 0.6841462930211749 0.6678334749673791 0.6674912931770398 0.680779762747973 0.7016145426519145 0.7307832915626543 0.7592693969285036 0.7460000264597249 0.7647815450047851 0.7662075036688426 0.7781467131491058 0.810090486132212
0.9193672373385032 0.9108395250129071 0.8775187320952357 0.8818302877797266 0.9198504092539589 0.9338545448236972 0.9342863467743332 0.9043613598031227 0.8863649667279342 0.7822118164428008 0.7477950443472686 0.7496102130185774 0.6246164352466258 0.609699826765465 0.5909865852986889 0.6267754380743863 0.5945632286766067 0.5904754567101504 0.6321484679454115 0.5757726856094563 0.5935776001831079 0.6380209965004168 0.6750521502454528 0.7088399839421441 0.7572704108837077 0.6750620425044755 0.6817670577025747 0.6670550999719961 0.7339255831776249 0.6798975938718866 0.7035878943543818 0.7049052172697011 0.6640910606001904 0.6581948587064299 0.7061887433337809 0.6966839372715983 0.7270967729330593 0.719836128381285 0.7678934232587749 0.7999130630069597 0.8159732233390453 0.7843493476078853 0.7922158980422885
0.8889273373491561 0.912046700149472 0.8747709133075273 0.8549997898754943 0.8867000130707416 0.9141188965770315 0.9149490009360796 0.8572337952075334 0.8314125368510796 0.8036473096980232 0.7802345709241671 0.7309917282238068 0.6438997608758391 0.6160974635487346 0.5749703538656563 0.6064057621478809 0.5689620679084377 0.581268862810497 0.6052450926402159 0.5918724884506856 0.5938546851127443 0.6341684967446851 0.6395305746635591 0.6973351200582325 0.723106951027055 0.6801598948677727 0.6554541759719927 0.6454490370253784 0.6419295329378584 0.6444654213170411 0.6958513986796223 0.6364470524479838 0.6314754650850932 0.6067285078129244 0.6054924224487678 0.651516993014665 0.6340869403642204 0.6766537248886394 0.7274368941188869 0.7555109834466768 0.7625713340472688 0.7804687351040585 0.8233399230405881
0.8412323488737594 0.8933274234995893 0.8886988522251961 0.8338082721184225 0.8674427489251 0.8786153703397468 0.8837934473559989 0.8819401151172943 0.8571398944092439 0.7942918539336262 0.7520095047441627 0.6814851918790567 0.6715532603013956 0.6498093588356766 0.5890935505779407 0.5838020972787359 0.5363845572746234 0.5505423831340436 0.5520556786675163 0.5181104698962044 0.5066503169315816 0.5631647867803029 0.6621537293607829 0.6338413428295392 0.6366445008936776 0.6415545342187136 0.613974903410217 0.6185036654759531 0.5928067122023074 0.60766088941524 0.6827517155042807 0.6528262383092143 0.593890054083347 0.6096834232632339 0.5773642952469709 0.6049370955236844 0.5947687316601601 0.6444078021256363 0.6443623897832343 0.6538671084764212 0.6627142602453107 0.7427465304377407 0.7892624544119091
0.8392679645753088 0.8503670981357437 0.8824362526739262 0.8434693162086006 0.8799633476188156 0.8575605821940483 0.9072567309749715 0.8887356790540496 0.8527488363278056 0.8152336612404583 0.7073753622219628 0.6936749706637827 0.6574130501664093 0.6392083350114154 0.5653088274068975 0.5634393241946728 0.5529948416383136 0.5221618646489556 0.5068971393168975 0.5230744767878902 0.5178190799775991 0.5292010515823345 0.5838106946145607 0.6455909734657375 0.6552616989649347 0.5860271097208438 0.558099168780589 0.5829239592579398 0.6025046713839234 0.579828324235792 0.5800425108749784 0.5882016614414244 0.5699974465771402 0.5660391743366464 0.5652773153203602 0.6019242614078903 0.5726510868344225 0.6145959652530961 0.6567981064684911 0.6649441227546512 0.6890941499746555 0.7178805944101584 0.7423429875738611
