Raster_benchmarking/DGGS/continuous/raster-8.asc
NCOLS 100
NROWS 100
XLLCORNER 1743164.2450794568
YLLCORNER 5469282.775170633
CELLSIZE 10
NODATA_VALUE -9999
[rows 57 to 75 of 100, columns 0 to 42 of 100]
0.7243151117982946 0.712050014829417 0.7281996005244252 0.7182326060058919 0.7298580980780288 0.7213063320681934 0.6866341507503776 0.6782477833499994 0.6338659812386428 0.5862153496028947 0.5771220638950828 0.5662403282346489 0.526780396436569 0.5180888302015113 0.5589897343916247 0.5506379233001821 0.5424753243324103 0.5579865427939976 0.576671022170977 0.5559030206470407 0.5711541701159127 0.5665679804947642 0.5545549440777924 0.5598676416240693 0.5310339731930802 0.5267967626060558 0.5239226333585028 0.501785347350842 0.5158014541895266 0.557497536416042 0.5583993979011758 0.5401624252790361 0.5287972937968349 0.5145263327366962 0.49826564048578653 0.48230510897801065 0.4558804464569441 0.4536588279140391 0.44524750849995776 0.43243442178156233 0.45013670921349935 0.4759088306211209 0.4961524589450432
0.7636234856593407 0.7449802381567643 0.7506520476832549 0.7590203585199796 0.7356106636468321 0.7068334183171809 0.6927941465393141 0.7042678995777998 0.6534603441599126 0.6189448735487371 0.5861686564079415 0.5528248420058585 0.5376270820208243 0.5554071439925794 0.5492356921875959 0.5448141997280208 0.5829234455568829 0.6089397349837542 0.5781931279587685 0.5590338150232206 0.5632145465010509 0.6025607450499343 0.5506948320338371 0.5448292373969001 0.5377481240230222 0.5012293333343285 0.5454464824343322 0.546788516863324 0.5360318404281286 0.5601600025477651 0.5626921998101748 0.5422958221333921 0.5374487855079154 0.5389121034461787 0.5513370595578295 0.539472337189883 0.5185700408892657 0.4564616661011706 0.48684325616988555 0.49594302038347515 0.48305494472942306 0.4950684523293497 0.5230472707761324
0.7649940817136117 0.7529304752137368 0.7470464283161204 0.7447039375660125 0.7105671763307223 0.704385543071821 0.7179121032642368 0.7240395555764666 0.6668704475021616 0.645876574437256 0.6211724014598853 0.5709051031111242 0.5825263413461494 0.579655089097003 0.5524564268587022 0.5671864723014849 0.5863503014124747 0.5971851291727605 0.583663987855112 0.5888384274180718 0.5931291827081873 0.6012361127851209 0.5722003794207142 0.5233727976049142 0.5177598770779767 0.5137473007673404 0.5470030262456734 0.5318388692119974 0.5474693733890005 0.5573568109740283 0.5936467694617039 0.5908045408375973 0.5612886205349565 0.5731282646904342 0.5859844832259398 0.5461073710366107 0.5334087018142807 0.5041339331677508 0.47601620996813626 0.5014857537909704 0.4950922502971752 0.5230927445182132 0.5279535476495649
0.7416324080261704 0.7597646855775102 0.753562785950295 0.7171611997126058 0.7392696429573558 0.7221991860631299 0.7390502063643726 0.7395732859660119 0.6807894991373141 0.6482963328625653 0.6525358418466644 0.6108645972334862 0.5958079653574745 0.5821803804273438 0.5867114069884866 0.5726475733332645 0.5848399148491028 0.5730065483037238 0.5849646749201916 0.5998799877436224 0.6168350067471996 0.6021663246118221 0.5684890419152774 0.5206570390375687 0.5333689202432492 0.525605335326987 0.5397494741324461 0.5626032225000004 0.5591161741452092 0.5856785287745435 0.594398903012597 0.5956306701657255 0.5753799686899768 0.6042756715364308 0.5984634283963549 0.5965077815156449 0.5583233747221424 0.46895263480996746 0.4872475461877983 0.4732219461496016 0.47993118205151253 0.5229387143066595 0.552291420207632
0.7510243946059874 0.7826491543672845 0.773377308828132 0.7487128539821577 0.7498695558221653 0.742625522430792 0.7339814577838127 0.699965403875548 0.6707579985703294 0.6570944745248065 0.6488370978079375 0.6454728564189863 0.6381921438710842 0.5920378490978665 0.6001220261216165 0.6107997333375604 0.582907669100623 0.5957378706280024 0.632550628052669 0.6472706454720681 0.6252986797240838 0.6054960977901002 0.5841820459925694 0.5397381623429315 0.5400210030149841 0.5413737393403635 0.5390829420222988 0.5552078352383325 0.5438624069212616 0.58218787810329 0.583310058236424 0.5887413095120405 0.5840380288968169 0.5958202528838975 0.5757950307346961 0.573071410807773 0.550592212372432 0.512203995175195 0.48173415265917163 0.4835089782635353 0.4987574823685125 0.5198615611489704 0.5423676865317639
0.8038291707930127 0.7665013050902049 0.7771219872654594 0.7604877300376057 0.7609320111661496 0.7713980112636399 0.7410851878017605 0.6946077583306696 0.6890303129749356 0.6498654135364968 0.6767599349659177 0.6550630069523005 0.6371238244796978 0.6154002114492736 0.6343820874441376 0.6213526396873149 0.6286040091606528 0.6439258021679516 0.6674226037270863 0.6568168683690053 0.6080653279477972 0.5933693912824147 0.5970740614195609 0.5601099163302493 0.5581198448063812 0.5176165887233454 0.521890596492602 0.5698638295303033 0.5741517034727741 0.531316007589018 0.5915037586101122 0.5703334560350701 0.5878045358093585 0.5952214787111325 0.5768898105606981 0.5818607932620927 0.5422074910847723 0.5015241802512231 0.51249226391715 0.5042227741164099 0.49679534207344955 0.47831814895115615 0.5288195714562899
0.8311049902444378 0.8285219894816922 0.7718484840139407 0.7896961191688796 0.7663616892946985 0.7387609101139901 0.7305437681395712 0.7033222231346654 0.6969791693674972 0.683644428555366 0.6732507502391798 0.6742869756985339 0.6601900676032704 0.6411937065954085 0.6216861104087102 0.6406607881512855 0.6527203489305465 0.6574639219454852 0.6620452535427698 0.6385043457786814 0.6298041420751043 0.6123079989047612 0.577704797046536 0.5934010991160052 0.5689209856582818 0.5213363424981423 0.5525194992493371 0.568403588267595 0.5608755697791369 0.5637264054215401 0.5888783358988271 0.5733338578744683 0.5749343315650066 0.5937985621529023 0.5484810219266015 0.552279047024037 0.5422817163642714 0.5086682037233562 0.5169363283652206 0.4950352305267222 0.4783739339921315 0.47599879193225 0.4912101821829739
0.8602242111207169 0.8585856526658603 0.8349523826769915 0.7917672350586189 0.7481900052434289 0.7481118043988317 0.7434571870535969 0.718920992101418 0.6970804236576037 0.7342797703839266 0.6869016016997689 0.6737551405809615 0.6610443869470198 0.6402229897527045 0.6485075505547312 0.6383497753746128 0.645347317235715 0.6866150747624522 0.6566963549683269 0.6781143657135746 0.6307379889525141 0.5980744963886766 0.5918923307711422 0.5916666477976934 0.5688200686640313 0.523847190407441 0.5521765661792226 0.5305369710322023 0.5708546193874688 0.5825307419507897 0.5914331261371872 0.5867831522510414 0.5900870912269082 0.5643483386733376 0.5229292872784207 0.5106941955672829 0.5057325188653549 0.5128339092223346 0.4974146249293932 0.49451305415780655 0.4972342944531397 0.456022230541143 0.49886807431989594
0.8920729511750957 0.886864100173112 0.8397482605400568 0.8073951375358748 0.7789359477042751 0.7600314717317064 0.7371926407883953 0.7439858243419345 0.7190019298748733 0.7462007505916685 0.7252122954609949 0.7013767125164004 0.7193762590132283 0.7021961695893686 0.6936042409455592 0.6863012933858376 0.6734588669192638 0.6764577920122362 0.693649810020019 0.6441379571737714 0.6556957878907964 0.6046220664948081 0.575229487121659 0.6110438274708135 0.5987877665854437 0.5916171507344746 0.5588140705532847 0.5433484852791092 0.5645862165705449 0.5742852095810128 0.5666466676583257 0.5658952254934944 0.5416650142825512 0.5096517197465762 0.5236688064661594 0.5115536907925455 0.48790949573079245 0.47341574127837593 0.48158146820084435 0.4732444768249398 0.4742349068519629 0.47507292451413596 0.4842700720655402
0.8865176552226511 0.9050149946883295 0.8706834132272993 0.8747739118222586 0.8186755164719803 0.7795832533079599 0.765674176457689 0.7271100115592012 0.7529707001408004 0.7398255883357523 0.7274058065422128 0.7344744319372052 0.7302961231613498 0.757902474214077 0.7486730900603585 0.7393377811044599 0.6995962899895654 0.6822809756857552 0.6528316426116847 0.638268240199053 0.619440702439705 0.6155057545728119 0.5933001875769875 0.5884580751830313 0.6014654984476171 0.6053722859701874 0.5810560993420345 0.5924819020620234 0.5986986457002684 0.5481337089600913 0.5712930306244318 0.543311269353422 0.5421791887086918 0.5005285518204782 0.5336524420760566 0.5116418170341552 0.4874450998773857 0.47051490150448727 0.4776952401528939 0.5193091362789926 0.4814072043600353 0.5004445022132088 0.4639210692195551
0.9272812883134385 0.945090641813166 0.913565580665657 0.8741265483961079 0.8683729053872072 0.804888332174305 0.7719413701773079 0.7765543211994725 0.7601909169888023 0.7489482997332301 0.7788349973027459 0.7960586966789578 0.796943453549609 0.7898417962678622 0.7673785994987183 0.7677619380145465 0.7042828948175968 0.6771797273438986 0.676066169244932 0.627694029202387 0.6204772162535589 0.6383440333950651 0.6364121097657838 0.6186727302016217 0.6386615853826214 0.6608376062536824 0.6494122576934861 0.6130863416012887 0.617112195044463 0.5919196638045839 0.5513289831115368 0.5586471806077901 0.5356327195967774 0.5240624827094169 0.5314925375224622 0.4891685308471249 0.5015331189151536 0.4893537802384948 0.4957689146075119 0.4924298223426773 0.48782578281921557 0.4734826759206442 0.4774997279710232
0.9345331396518447 0.9659999747977602 0.945881491453141 0.9222696634809138 0.8727652289210385 0.859257177204986 0.832470967392757 0.7847546775441414 0.7804796271230084 0.7886305189565883 0.7844859205452145 0.8502308870817182 0.8277934813234978 0.8276108214432832 0.7979054694280548 0.7715133298873201 0.7465931927865446 0.7016039035662145 0.6935274176402595 0.6232189512639129 0.6564856693946387 0.6384539026462126 0.6428677388364811 0.6931710360846387 0.6746622670367111 0.6897280689043791 0.655712248331422 0.6195346208580972 0.6337053452879423 0.6195764744607787 0.5979434888632107 0.5569484398095126 0.5653668230424154 0.5371068730195753 0.5235006472554831 0.49234147338686035 0.4703629740142574 0.5034051765218133 0.5181032557967465 0.5219636081528175 0.4716789005567302 0.4587795171874137 0.4367528962925253
0.9549495038608224 0.9890380472145894 0.9736244744047293 0.9565663863351858 0.8854762531191953 0.8915150664419499 0.8431315498140883 0.8229327888988249 0.7906207646920432 0.7943753953430316 0.8070757494484747 0.8253209998245346 0.8494269913774988 0.8426056255850617 0.8009696523212567 0.7886340019533179 0.7455251227995701 0.7066072485596117 0.6812633326825822 0.6495280945363974 0.6651057354110292 0.6708461457887054 0.6691237839865278 0.6871188482362357 0.7089853950298041 0.6896722320801603 0.671853827152709 0.6744781307064973 0.6350638553282147 0.6141133412734336 0.5735573236637566 0.5632912497105971 0.5432574145008033 0.5181702969927542 0.4957156081353209 0.4722650512004871 0.4712805160213457 0.46378141662392025 0.4875783705772758 0.5175709215964893 0.47967229041622905 0.4590940738701467 0.4486605409719434
1.0 0.9862893670782911 0.9505406714568604 0.9576329160371498 0.8938088529730916 0.8961609999986705 0.8399712874781099 0.8098765701469547 0.829250239550188 0.8095852925047778 0.7916826325420185 0.7915347126700787 0.8267411479022435 0.8387847664792673 0.8253467315139561 0.8016983356081828 0.7610799106026026 0.6940388868759941 0.6728142008067161 0.6527565968283086 0.6707061685576876 0.6538563931517019 0.7198709648899461 0.7411860330432606 0.7166578876352111 0.7265463479466719 0.6832790315111842 0.688694329346806 0.6569414318210143 0.6030788758923743 0.5897468540712587 0.5521087025817013 0.5448142769039902 0.5500401470034231 0.5278290878423236 0.49137104764797584 0.4985144860639546 0.46676721829673534 0.46216576588179137 0.49638751256477887 0.46763690404619684 0.4876040961089371 0.468964083916662
0.9969318623628811 0.9972703747317693 0.9648054249740211 0.9650406961475284 0.9140048884059455 0.891728993729888 0.8877715887852288 0.8626131066933194 0.8547852371814961 0.8514396150061679 0.8058531066814539 0.8219104237383309 0.8095083224483506 0.8316077732515816 0.7955077625216247 0.7855335751513141 0.775728705556658 0.7233556916137727 0.6889216963441868 0.6942463445658504 0.7002753379979666 0.6985318253915821 0.7372842820368388 0.743787275845863 0.7124526102476554 0.718462258903762 0.7218339095497062 0.7064365967641593 0.6377834917019722 0.6205649703777506 0.5811438124064078 0.563515149648507 0.5179667712888467 0.5613840290329208 0.5487835677966196 0.5178776441056305 0.48454539487508913 0.48431300533800953 0.48189952083889326 0.488474641176674 0.4717075018436808 0.46428338128490587 0.47140852811636064
0.9756823343327092 0.969879284506125 0.9574599890152952 0.9414199494962506 0.9237389627092659 0.9375627203513346 0.9169810825308884 0.9045644083202257 0.8656343221213562 0.8550135394271647 0.8406539303926579 0.821835292384765 0.8274237599129814 0.855533208021825 0.8105386200587655 0.7662005050786584 0.7527857295504866 0.7591117673449087 0.7022967375116292 0.7040646932318022 0.7281242988557912 0.7367713825293265 0.7339621741905379 0.734003981926965 0.7165145714059086 0.740677438696515 0.7346275460810655 0.7020329234781173 0.6549109357805726 0.5794751400897558 0.5689287555111577 0.5161965161918337 0.5036084820723943 0.5456857328891055 0.5324616223751452 0.5362197742532198 0.49034855859980375 0.47754859460092003 0.44336763471723345 0.41673767108716436 0.4086128784711801 0.41499829790629794 0.4271002646930015
0.9499305050871103 0.940350245313716 0.9518341183877178 0.9170096070127768 0.9046587810788779 0.9066042527113287 0.901331507137887 0.9119906500201357 0.889941337113066 0.8871818982366199 0.8512707870375897 0.8515906980443539 0.8585264528116081 0.8648627068946654 0.809284075531753 0.7593957949372088 0.7418411587826977 0.7405152302166689 0.7389533924288795 0.7041904475123637 0.7140110684030604 0.7180190569276996 0.7326899245204607 0.7191136141960094 0.7318280223300693 0.7500474477423738 0.7172100418890879 0.6700464683484644 0.634921448412584 0.5991881608818651 0.5821332068177082 0.5650534187351811 0.5257293249227595 0.5333548422999376 0.5150214148039259 0.5095617862851703 0.5023247302223991 0.4651542544926827 0.4520654660661114 0.42649270309886633 0.40792789167389043 0.43660841443836534 0.40639380534614256
0.9592814967680654 0.9548882198628471 0.9181846280160114 0.8994266869839427 0.886107863951544 0.9010181237745507 0.9066180661749146 0.8832177266458253 0.8627341772333809 0.8712459416843632 0.8751911900117596 0.8437277339206423 0.8761735823097309 0.8528789869874729 0.8341971044618998 0.8071337980287673 0.7649310622394144 0.7281535382858538 0.734981781856883 0.7041686799410755 0.7333379235747094 0.724554173249158 0.7343637508988997 0.7308318211271176 0.7437423157533567 0.7525871797835955 0.7152653566243417 0.6947099682622903 0.6681796457028808 0.6475298846123023 0.6111960078033214 0.5676356221010173 0.5440325691853841 0.4859018098439073 0.49150257537105696 0.5220845261790387 0.49282358283093697 0.4780324152441354 0.462244839962457 0.43119570158960846 0.4127539187037305 0.42307734358202814 0.397417387153561
0.9270558546487667 0.9554773802356302 0.9272960610000691 0.8873941186552801 0.8931367112158238 0.9110436649287863 0.8918389640155481 0.9078604363541155 0.8902007524260007 0.8842404032542697 0.8670959278311641 0.8733202333452853 0.9055075988461955 0.8808858721989509 0.8439155693473716 0.8138995376199152 0.7769181906188372 0.7260358271941076 0.7261242172019052 0.7066672012619403 0.7204767824927566 0.7125841308678297 0.7166248281247136 0.6985360549807554 0.7353715720394042 0.7241452054659907 0.7196494050447767 0.7095786866983663 0.6847417410118424 0.6412334275018894 0.5842813929257135 0.5862280972304327 0.5304226020405846 0.49251194897962774 0.48126499716928356 0.4945227959276308 0.48983424858591873 0.4594644956924791 0.4688887411064732 0.4440560115595692 0.4444660671424393 0.40068904533736477 0.394001217306655
