Raster_benchmarking/DGGS/continuous/raster-449.asc
NCOLS 100
NROWS 100
XLLCORNER 1743168.8266370897
YLLCORNER 5469292.373928865
CELLSIZE 10
NODATA_VALUE -9999
[rows 38 to 56 of 100, columns 0 to 42 of 100]
0.6812879187761575 0.6633084201160233 0.6409099279966459 0.6009830151536086 0.6203821970244691 0.6708827401153181 0.6564678955025702 0.6327742707888645 0.6432569279755543 0.6470477052887275 0.6254405331219282 0.6473628541988934 0.6365869742995288 0.617566505251645 0.6137072507765917 0.5621076774476768 0.5354346577282224 0.5498096171306198 0.49151792126117705 0.4955877934039173 0.48690279950928733 0.485857043842598 0.49067175434338656 0.5401861149269875 0.547239919398218 0.5367345128538562 0.5187652433023228 0.5431334149836278 0.5296351503332484 0.5664776402325298 0.5019418525414742 0.4860261367573723 0.4643042660095606 0.45612742492154457 0.43176755106212344 0.4584305102190671 0.43211608515583255 0.41866767986212855 0.34777279276917117 0.3281445992714913 0.30989483059920325 0.30596077740438216 0.27053477067765097
0.6716562520859902 0.6781539171577862 0.6295592633006014 0.634835590249272 0.6502414826322431 0.6692011548759677 0.7126303869101956 0.7059314992954958 0.6947389523047344 0.6661090948353353 0.6551033965035356 0.6660665913879767 0.6532117208118918 0.635716387475614 0.6212811094866473 0.5612519073264065 0.5554128431752877 0.5396410815994827 0.5215801608048233 0.5179175396362273 0.5140099224138778 0.5510001549728507 0.549714654759661 0.5387997599340634 0.5645210980938797 0.5526172244074634 0.5604848406689531 0.5656968572189798 0.5642205894039118 0.5886089886442514 0.5606633149461154 0.5359565002379002 0.4998052318658393 0.47707499293608696 0.4810923200314275 0.4781460262729317 0.4401911690106013 0.41923771913401553 0.373962192403044 0.3344988355516907 0.3280964908818371 0.32536429104910436 0.2641093001906264
0.6937886979461948 0.6642165381962265 0.6402026065463384 0.6655998019844461 0.6942660212062977 0.7362999130272806 0.7384678498967577 0.7180223476780901 0.7377821539784705 0.7253818948995175 0.7082586522042749 0.6729580965052209 0.6431189357832298 0.6482174554383832 0.6492455719175435 0.5814662879710099 0.5637338856302638 0.5628219627921688 0.5562201592216254 0.5500908472314067 0.5606380717914534 0.5712584407075354 0.5638938425807846 0.5634651421876886 0.6027192404468455 0.6045242409717545 0.5979168629568882 0.5754646905803564 0.5877680553058954 0.5852049963157225 0.5375715153967151 0.5460971085382383 0.5445922821546773 0.5465166059947049 0.5031810254652891 0.4930320325558491 0.466841901260954 0.41328457472194297 0.4067630981571438 0.34810683844609763 0.35065821431546657 0.3159783416106658 0.26860180148139173
0.7117141031311107 0.7122416893907717 0.6966453344303583 0.7040298006913592 0.7289167625243663 0.7674246898176187 0.7741434477741288 0.7617436849233054 0.7324526344579954 0.6989938871876432 0.6851222831851588 0.6634371098658988 0.6794119490301497 0.6665584465714549 0.6659286840849433 0.6115938762922529 0.5920857553992371 0.621067512112932 0.601328681185908 0.6170571051275602 0.6181038490563604 0.6008225030849486 0.5908553792882624 0.5843460054959647 0.6198878803930623 0.5980866808497999 0.5774096208722077 0.5910694728618677 0.6083427483610295 0.6019611826569398 0.5535964994717807 0.5494438908780853 0.5298985295876024 0.5446716897058874 0.5159808897383014 0.4807315797837708 0.47667709892948745 0.44208592870546104 0.4380219221571163 0.40178416518493626 0.36232236513397587 0.36266009757672285 0.3192524236310319
0.7161262257277803 0.699078341531944 0.7187090464070194 0.7308065503652211 0.7371736437061701 0.7993787540256391 0.7737557611591256 0.749430807480749 0.7297647199103255 0.7383505998707561 0.7160708086073035 0.6964895273318111 0.7054580595693714 0.7117283011817804 0.6903553038987407 0.6350676519828413 0.6529875565792024 0.6600652628145296 0.6626986261350216 0.6586066272919698 0.652515655976331 0.6141751285343466 0.6282982551788231 0.6271694043602155 0.6138361782187248 0.5979251054081418 0.5698915147384193 0.6007220158692481 0.5928338338912613 0.5928038143008972 0.5845470838363042 0.545683220816471 0.5654043483983622 0.541619909745902 0.5065302212744949 0.5306699902559857 0.48061753855315975 0.46159482621110204 0.4713167772977071 0.43830643587095575 0.4123360603211154 0.3826039688283812 0.3605882937507899
0.7559600527231257 0.726378076991351 0.7580863354612492 0.757068172200005 0.7664698099226486 0.8195382618766288 0.8094798721438349 0.7862471120693875 0.75405557372351 0.7618524289243988 0.7248093530869523 0.7050579285473938 0.7414062855864767 0.7517296183406363 0.7167029073964323 0.6740299043558565 0.6730230639496708 0.6579387314878489 0.6832784487861624 0.6633391911577344 0.6370182989282902 0.6222970333406393 0.6263370510492869 0.6487436936864317 0.6188459743321952 0.619682094703606 0.5986942312462649 0.6012028174542833 0.5637367630665203 0.5595450707921725 0.558667383207084 0.5599234447100635 0.5841264403515475 0.549270649393528 0.516680260889252 0.5276874832374716 0.5088270271961673 0.49602618248591707 0.46262021910708195 0.4480727537720612 0.4201173217722362 0.409082957653617 0.38650541327402155
0.7668440229794042 0.7685410035072937 0.8005852237875664 0.77912713412513 0.7861373947507947 0.8267713370689784 0.8443389255888019 0.817735776424324 0.7957398341795763 0.7447577529480346 0.7638518405732722 0.7511056793847762 0.7370189985430639 0.7495825634986206 0.7191647526184406 0.6801268145423461 0.7194872463797627 0.7020082227311913 0.6975405904228977 0.6564597305991232 0.6570612009400408 0.6463777629739812 0.6409104483940447 0.6566594645290743 0.6284529289888521 0.5707712979227726 0.5575730535397928 0.5497213656894293 0.561236623053163 0.54053457466769 0.5641091077547424 0.6077011916251837 0.5708857603436656 0.5745679597028664 0.5326701385995772 0.5027894027758169 0.5054522438032892 0.5004957154447296 0.461030344545446 0.4573263171755822 0.4385069302957586 0.37550021883947937 0.40110685198972074
0.8082610557070249 0.7955263847062405 0.8152360587355187 0.8032958976177873 0.8272567458889937 0.8358249403752439 0.8296267571498509 0.8110734769988968 0.8018564768782015 0.7857074764991059 0.8060851638314053 0.7692920176513534 0.7541168271707446 0.746619622981605 0.7259166413594903 0.745407006673391 0.7437479441629676 0.7051585728906539 0.6818388551139531 0.6704585668448377 0.6847331544276744 0.7025820765693603 0.6887251036443086 0.6575828701277849 0.6468469943990316 0.5953707781415576 0.5903736682428221 0.5789694023568738 0.5681885474227308 0.5892245195002322 0.6226015154516622 0.6054917407664063 0.6034541369870449 0.5744709598061867 0.559605269405556 0.5486771575863831 0.5231911599062512 0.49099475540132226 0.5048602538023854 0.48580206427768174 0.4285727802616358 0.3807386769430258 0.4023262950015697
0.8276449588764366 0.8167663621957417 0.8380022414996182 0.8547716687459154 0.8713821880625573 0.8733710214834155 0.8255086883024546 0.7980426556401892 0.8222171478065514 0.802623469969086 0.8429241603386186 0.8392104054812387 0.8023736184269473 0.768686406044144 0.7856304937820399 0.7902901159985193 0.7580077977721976 0.7444584069903861 0.7453191249805694 0.7195554035633048 0.7212266784478824 0.7115332706930447 0.697514218923854 0.6734555657344535 0.6594299073120916 0.6325946526647253 0.64208615271472 0.6098608899498789 0.5961858287515688 0.6384063710330605 0.6388164627262847 0.6239856920652955 0.6288861849169305 0.6008476702153566 0.5890836736862591 0.5567463339149296 0.5267125189824704 0.517564603613378 0.5152807840343989 0.4719592600062774 0.4415184148326548 0.4055889706004023 0.4149067600933935
0.8457956153638938 0.8310424575246115 0.823279435111614 0.8601353423321964 0.8727891785216353 0.8495501487724434 0.8420191899597023 0.8280447029575163 0.8155370816406272 0.850783265419742 0.8514778963719972 0.8658613227886369 0.850304732906496 0.8335085029992199 0.8261823545937004 0.8356140677541107 0.7902826444199269 0.7749620889826637 0.7659069958043732 0.7607522132915542 0.7272118330129284 0.7500776146902639 0.7010162915151774 0.6749796102280563 0.6417154068644136 0.6345905107260861 0.6431197258853157 0.6408273126033636 0.6556345863878508 0.6633142361944068 0.6237738079177737 0.5972312043329839 0.6037141622963249 0.6051451266843058 0.6001916187127739 0.5779777322846844 0.5567484629600595 0.5278963078034513 0.47664371212166423 0.45594714214604437 0.45987734276650705 0.4580537068321898 0.43927486798147974
0.8227187116266411 0.827490223564906 0.8221937170873377 0.8800159064231133 0.8825728933117388 0.8704024376721909 0.8442053460858862 0.8110797302115579 0.8408693144665785 0.9092833596664176 0.856028767974293 0.8867940937327278 0.8593651170897108 0.8116937929771106 0.8060312735553863 0.8483012644279915 0.8429979523521214 0.8278057101919116 0.8084044585344333 0.7842614772175878 0.746385960663537 0.7764985341203318 0.7292117035341537 0.6960438141122305 0.6811246027424978 0.6411792914479697 0.6396524280193637 0.6684987907407003 0.6516465004014346 0.6871502434364039 0.6249393864427162 0.6313422935189467 0.6176692855588396 0.608051002474335 0.58316395140091 0.5810205673539766 0.5536331935157079 0.4811933668654384 0.48545167201786404 0.48482112466327487 0.4813590252254338 0.4752248639635796 0.4715543233034404
0.7960977849781479 0.7859803865684698 0.8176575714785108 0.8342501662896233 0.8307060709592532 0.8545168656542753 0.8322665443390683 0.8298039388089604 0.8461550317299947 0.8814515592401523 0.8650730974653468 0.8720287341075353 0.8547522671857019 0.847270556713626 0.8318214569150845 0.8101484675929176 0.8211965433116428 0.802000346444751 0.7875935521417645 0.7841837676165939 0.7645572331379314 0.774099171830717 0.7662947024647989 0.7194200444462847 0.721329546246192 0.6705383007988085 0.6721114545497318 0.698916017331652 0.6614937424044036 0.6812491268631632 0.6472540646574292 0.6296047167146739 0.6328600555847557 0.638423042492189 0.6200712713215514 0.5847220523884323 0.5537491963890236 0.523236559757115 0.49161856363200596 0.47650488565231947 0.4542968631384491 0.471847933331189 0.45769600817967165
0.7808974049569738 0.7873583946706647 0.7954619917738863 0.8373741587373571 0.8238847243306595 0.8171487457107545 0.8223869745974084 0.8197317417484971 0.8561352003232532 0.881210263947776 0.8504648292043601 0.8624088967997553 0.8450769725468543 0.8501326106737025 0.8526440080398975 0.823982658478432 0.8018227406533057 0.7750443392954041 0.7788570029967024 0.7734109434916469 0.7912231006576906 0.8027303252135667 0.7788467186760863 0.7749060436495991 0.7219004676077284 0.6954280844272608 0.7148339866821226 0.7136529631697213 0.6905446075442374 0.6506525971776576 0.6637411186140408 0.6426143344498828 0.6555092295486825 0.6543404772721136 0.5887761372843062 0.5854534897875932 0.5404693104617433 0.4946884302816572 0.48951930808057204 0.48068534113462935 0.45237747758805263 0.47199223490351433 0.44129706229180116
0.7825620190669682 0.7687261503545073 0.803969826150711 0.8018917035554667 0.8281693866474311 0.817658759083903 0.7960448009398725 0.8147559704969636 0.8349883847152242 0.8432094104587801 0.8648039221059824 0.8479302225036819 0.8360404797463673 0.8006407567930023 0.8085840010187019 0.7913658325399128 0.7891945040439801 0.780907989284165 0.7712658221227083 0.7589775762448008 0.7832015780384044 0.7805794731519985 0.8002248940458881 0.8123537804731817 0.7587932408934234 0.7370763025727312 0.7421220881558968 0.7061737034294334 0.7024943332643624 0.6703817632170989 0.6796397000853869 0.6786891395148079 0.6300518532891516 0.6148370181840469 0.5905241394725961 0.5595169390775221 0.5460723356672926 0.5505245097514332 0.5264016038972504 0.5091896345543959 0.48795741293149353 0.4734902759129924 0.43621899154434074
0.7624828117911651 0.7583583617340197 0.8058883353794951 0.8109954968926208 0.817479937733451 0.7608434574036914 0.7910837631843879 0.81565484040341 0.8221335880216591 0.847514423380231 0.8704806543893419 0.8490284968611109 0.8493494349154361 0.7997407497341656 0.8176880223350906 0.7924553440664461 0.7752795148592484 0.7485550167830398 0.7538362659737642 0.749866952561387 0.7574128369525079 0.7979396088300744 0.7906930628480819 0.845550786946977 0.8112878211051134 0.8058962831379419 0.743128045362131 0.7250737223837029 0.7085634780618183 0.7017206033988658 0.669003358452265 0.6673163103031696 0.6601361268945033 0.6293671858107044 0.5828992514548033 0.5867024595686713 0.5751591877737554 0.5565811017978561 0.5301541893912568 0.5125593608751624 0.4975086205480834 0.4596310418220008 0.4563375794374125
0.7752405100863726 0.7474006873371742 0.7564412922766229 0.7580490843405884 0.7851132617728589 0.799239750053579 0.7844349600515587 0.8050099753880977 0.8398564790672353 0.8384262820392828 0.8515548720962406 0.8484472979221115 0.8450004441707275 0.8192828120422083 0.7889436769988408 0.7946977053013384 0.7472204818097736 0.7377023973685575 0.7636093230462744 0.7829082404510119 0.7924340513168302 0.8126197745567947 0.8058216587831215 0.8427700380291184 0.8069027835281211 0.7963550636423973 0.7739735950817316 0.7674659068136239 0.7369620528500264 0.698888898004517 0.6717122438744758 0.671461888449349 0.6338074044555266 0.6384601585600417 0.6128582203600685 0.5715510903197208 0.554389929973233 0.5455233858487812 0.5027240845107406 0.5017727950913682 0.4865872256914197 0.4884804419347606 0.467962636382313
0.791477254715586 0.792481160463228 0.7659762569635852 0.7366463904242735 0.7602713414264679 0.7762836781921406 0.7933528454838362 0.8416627426807565 0.8331065399476092 0.8398168179392373 0.839813707750939 0.85123297847799 0.8656190440794438 0.8334006563078964 0.8259905048422616 0.8023482967231635 0.7478858991395804 0.7413196174844245 0.7251546580952961 0.7407487204326121 0.772505457406729 0.8225919147783989 0.824529877041169 0.846014864343388 0.814695262677451 0.7909785695217 0.7913427191099118 0.7903828633165775 0.7549482220484379 0.7074277549921214 0.6753011294381012 0.6687944138512748 0.6501562986075495 0.6513919520943033 0.622733228008713 0.5556223457803502 0.5595310077502428 0.5010411496641806 0.48867986229144655 0.4654853120533444 0.4633477262889574 0.4679848962737198 0.4395377399745246
0.7540992339628407 0.7638969232113753 0.7494069774753641 0.7507987431943883 0.7745977685479255 0.7947208026820042 0.786318879649343 0.7980357120850325 0.832208537329938 0.8438583839071979 0.8687969871861536 0.8774810223312477 0.8673722263775473 0.8361330506365007 0.8282920045628317 0.8230733859707091 0.7757668679711612 0.7730106846265414 0.7343552635330812 0.7366147793611145 0.7793523540156504 0.8261331264681862 0.835037312366966 0.8461828105073603 0.8380860040285377 0.8268083711309335 0.8023879610811797 0.7926394439465131 0.7432271754482095 0.6892077215178776 0.6701736366101989 0.6566922381383682 0.6558869951606243 0.6399453178132001 0.5963268087987724 0.6098476626658191 0.5753055291565357 0.5315214793863535 0.49633072995197736 0.4894344957827481 0.4974993522000433 0.4836935327595962 0.4408973070466056
0.751004828727241 0.7441329982195127 0.7815249903631438 0.771276006321903 0.7894492918523031 0.7995880121328116 0.8038851916002585 0.7984802220684193 0.8023158685126257 0.814897921772663 0.8433004768904514 0.8761552409187193 0.8480711947106241 0.8240159234013359 0.8254044495387951 0.8390571121677517 0.8231245228099876 0.7591125915765327 0.7334338990377514 0.7437413295009568 0.7648328613515716 0.8053378556769971 0.8160363517996482 0.8581249008088251 0.8394281056729379 0.8362937702933506 0.8162885083981438 0.795980947818702 0.7519741992591742 0.6845956650081735 0.701563761299025 0.6711557910454234 0.6681678703158584 0.6304248616245538 0.6172771210812826 0.6240712563486824 0.5786131581234573 0.5315288007998075 0.491510407569897 0.5103282827343919 0.5190078425150263 0.46803083808518137 0.49376703872415323
