Raster_benchmarking/DGGS/continuous/raster-387.asc
NCOLS 100
NROWS 100
XLLCORNER 1743157.1306532265
YLLCORNER 5469289.6356198555
CELLSIZE 10
NODATA_VALUE -9999
[rows 38 to 56 of 100, columns 0 to 42 of 100]
0.17869612794276613 0.17263416473042648 0.1657082954897688 0.14347530801527192 0.13362508937788925 0.16073793097199712 0.1160056221190607 0.1459291433244433 0.12974144316929676 0.150249151452694 0.1271245536354629 0.11764161549336376 0.09965152889060891 0.09759004983094795 0.06579695894423775 0.044600366400715616 0.05888203797725455 0.06368971733634453 0.08496049065947896 0.07743144706582726 0.09857154791624025 0.06817020041270659 0.09700413255630291 0.07924747049617538 0.1055620256038219 0.10230459235099466 0.13735807550058418 0.1178379972014165 0.14074608157073512 0.1403845417686404 0.11982261951306206 0.15098342166012937 0.14055498475073533 0.19800736726143325 0.206986025406388 0.21913672749538185 0.2539446887859107 0.27118809356462614 0.2784174403623395 0.2951985499405011 0.29458245927576193 0.2794625614938703 0.280047145663615
0.1801237331319946 0.177599850532805 0.19934890039328085 0.20016129692516804 0.17336972971241815 0.15347306858835344 0.14230733229689166 0.103143793228836 0.12181613097613693 0.1409654903325484 0.12888008881254312 0.08378807905468424 0.06918506347951142 0.07341685911474163 0.08081869686567981 0.04394633072527049 0.0767114580976766 0.025564730539521532 0.058433073661577184 0.058536152290033915 0.06082577421330184 0.07208147896547808 0.09738166071172616 0.09847815571822219 0.1271034406824341 0.12950039351118806 0.16146534853017966 0.1581795080238753 0.15375874781294507 0.13452655630977045 0.1502451761786442 0.12335678400770184 0.16522676225496116 0.19946986227582325 0.22986815097323907 0.2457493603210685 0.23994033527857755 0.29491679853254305 0.2767321604855222 0.29261668493503507 0.2831692603393227 0.3070776905978476 0.29088261308513275
0.15600285647082693 0.14850768264832923 0.20322606359535056 0.20719374023115403 0.18878827015113372 0.17995628496148589 0.1415552763173836 0.14487537240392476 0.14854428016097462 0.17675747414187962 0.1392263555190642 0.11464921490022116 0.10965315764996471 0.0937249619062621 0.08021504321317535 0.09531093367110337 0.09019569941368469 0.08103375807491534 0.07869780171238941 0.09027077553449041 0.09755073727825979 0.08407471065661744 0.05839560151014836 0.07168727558805475 0.1232582990844918 0.1485996594052951 0.13860177760858966 0.14530476190290834 0.133288816917408 0.16411975575854573 0.16560093928393124 0.1860274765336506 0.20516179583597519 0.20704573351172317 0.19692959965354373 0.19918093805574988 0.23082716509487505 0.22862174480054823 0.2445193733091482 0.2738259083048036 0.296710741593726 0.2588467068518534 0.26708587267775274
0.18371617245784153 0.16011283951600538 0.18195443911505013 0.19473026293509335 0.1728267790877832 0.15888714214897204 0.14638883641230568 0.1516542979840257 0.14272601279429234 0.18512917538238954 0.17264925266051614 0.1419422855797771 0.15067157940562187 0.14679245656621442 0.15068212258765226 0.13980868163313515 0.10930731263215905 0.09081731879332584 0.09262631915774124 0.0968395080618297 0.07869366921099656 0.08001174453833114 0.10257797257806038 0.07823840352164586 0.08997625066258837 0.11379356848205062 0.11389311690780853 0.12226905270774864 0.15288202026706282 0.19314605703990528 0.180858802316213 0.19626043299031667 0.2218225570783322 0.22407678319162952 0.18041232005516805 0.19408139915945877 0.19389412237562975 0.21682937743397404 0.22803106568696666 0.24029740066699623 0.2517314839923942 0.2454545278832456 0.2900670566139833
0.19966033448544407 0.1847628902481863 0.216213069661823 0.2433848791848796 0.21575478669662357 0.170851694661995 0.16753203125975766 0.18730907977315492 0.17499982495365035 0.17964148494353915 0.16669067522197467 0.17987335352780903 0.17983568813336956 0.13625467668150354 0.16103817740800372 0.11918870035737839 0.116350321288804 0.1020125284178562 0.14800360340412222 0.15170400084122737 0.09985275349381784 0.0875702902624156 0.09279603495127278 0.0858219116980481 0.10616061768706007 0.10042929702942806 0.12497487042486097 0.1497262116385472 0.1836295201481866 0.18239005170267486 0.19995132800464627 0.21906231470225856 0.20512357287647098 0.1732297867741323 0.1923136851031673 0.17290225283655317 0.17055217951297855 0.1629064015334248 0.18963864775286474 0.19578398489286736 0.23944306612964064 0.25678269832767864 0.28441725785023597
0.23942147124301585 0.2463380756985989 0.2337234973741515 0.24686147537135208 0.2639739359859031 0.23649321147786134 0.21414873125583983 0.2231090542848567 0.23233945023246597 0.22150307252692306 0.2171523670511995 0.20097098380999992 0.18986863761944722 0.1531600792487844 0.16432850157132076 0.13869956074424994 0.11344044636343123 0.13413047846321993 0.15767087139404104 0.17630798532205283 0.16267838107707416 0.13207027496883492 0.1395345916767439 0.1368187400217423 0.11365185017342504 0.14423777354944264 0.14585539536265826 0.1692776755792732 0.192580519392286 0.17816107689292654 0.20217039260071734 0.187678594344953 0.19087738008119368 0.14315873480857327 0.17148507883145675 0.1446510961772718 0.16477290029080402 0.17228434203709025 0.17442260167169463 0.20422430739515585 0.23260924950761463 0.2633606454348136 0.2878015046185829
0.2260510197864181 0.2693650206822181 0.2493981088281765 0.2730598342765698 0.2612305392580835 0.24016890894468243 0.27555516032862215 0.2633718679934652 0.2733325075012233 0.257341688787006 0.2477008168908644 0.20855838842665722 0.21986178040952675 0.20530182122577478 0.21794547657321617 0.16830949097951947 0.15756104894234668 0.16856687944619617 0.14619381836530748 0.1703001123239812 0.17181291536278334 0.1282591711959893 0.15416967808306625 0.15700475652455767 0.1535010992074872 0.15139633700826619 0.16634433327632137 0.17717239060954723 0.1602408239408319 0.15471594954039472 0.18230995511152387 0.1627173773268453 0.16696838263627575 0.1727445440605743 0.14460950839113576 0.146096433447384 0.15873768758455814 0.18572844359039087 0.22138468762619515 0.21529559350488484 0.24872538964946947 0.24634126792036812 0.2545997482335127
0.21935724111996985 0.25289466358705004 0.26861476397213285 0.2417511348772084 0.2404521841310094 0.276624292308106 0.2803810010489888 0.2812866494192885 0.24728436262147796 0.27673206734460126 0.2714889882258054 0.25480884365357737 0.2702551854140047 0.2568518359516334 0.2410829535134632 0.22668238405926355 0.21978937478080943 0.18816019400174605 0.15335556687150204 0.17241529287578838 0.1800178160690545 0.14431814603325177 0.1462079319049881 0.14622647631600932 0.14263247244165148 0.14008870058601686 0.12975116837586967 0.14608096632659265 0.12482108372679232 0.17560958617114075 0.14137420784979982 0.18520776043035247 0.196549424929929 0.16123917210550115 0.17976089385156738 0.20440711873014508 0.1726360017594141 0.19199487227716544 0.23486885024114942 0.227534009513 0.2516317308191261 0.26032295801458 0.26181430982531717
0.22251226758148532 0.22810524261436435 0.23153329493017255 0.2289596738010552 0.2760850315903616 0.28634282455870264 0.29024227684117726 0.2391049210242772 0.2514258619099397 0.27749804241448794 0.27788571420921765 0.30200534967944986 0.2789103783045529 0.24083829930391226 0.21899556698603953 0.21369812366568844 0.20811752349834603 0.19304988459645592 0.18008092062774136 0.18839646084868505 0.15180697328630754 0.17413200752244176 0.15968849255743173 0.15747789504864215 0.16367463223564938 0.13954287589204528 0.11929090468882214 0.13462473038306916 0.11686340205085391 0.1364969755683137 0.12329390508179044 0.1332599612130877 0.18011579551905135 0.19275874377028376 0.19525967768699873 0.2193662811741332 0.20055727719851668 0.23400012620410587 0.24957494149001297 0.2781366896543038 0.2785502852571437 0.27560096097196063 0.30330866321846095
0.24749410171730327 0.25380109949421936 0.2192923485472323 0.22830785503565218 0.2840807542431233 0.2854852093913464 0.28219920707814317 0.2332210503502189 0.25041694149684796 0.282027437292722 0.25891464341303516 0.2945526686034308 0.2743369174472803 0.26932904780058087 0.2545938550555742 0.22576473094878272 0.23463642424372222 0.23745369309465783 0.18932632823186266 0.21305628113357758 0.14693654545306384 0.15042556385203734 0.17354921724502256 0.17293025550025823 0.17815888747269945 0.1627822216958132 0.1439020212469271 0.08860710656456398 0.08903508907806859 0.06237191244080382 0.12361300999453453 0.1292527053000489 0.16961832783825592 0.1873293875265754 0.20193022243151987 0.20771164648765594 0.22131114698365117 0.24852827970313426 0.28461751615503017 0.2690768691958254 0.31618593439786585 0.3417733723195874 0.357340282497329
0.25620311880988456 0.2747193785875174 0.23494223115320761 0.25126832741100924 0.25526712486810116 0.292679579584886 0.246870995007048 0.2706188622020955 0.2594743722360601 0.28952551553388184 0.27160810804037905 0.2662430473021694 0.24046316879556856 0.2543360322390557 0.2342127479709336 0.22090850241837162 0.22311138015860144 0.1985687530612157 0.21022085865893986 0.1901496444742953 0.16418886425382714 0.1822537328684573 0.1763480581061136 0.19409110771352217 0.17228568785619067 0.1504763066973098 0.11649788792469443 0.10691957874020006 0.11180327714534458 0.09749792781656774 0.11833645302712154 0.12332641328987734 0.16154504252322735 0.1570439659525106 0.18612678609965677 0.2099060477177433 0.24824002369700018 0.26116154853932855 0.2850390131278815 0.33317671834859564 0.32642885792333554 0.3192145681408695 0.3538104411420371
0.21051571634529254 0.2604866527097248 0.26192762905446165 0.27281672419076086 0.29040835725637304 0.2992813416927703 0.2649289203254392 0.25236194510508575 0.25261892827424215 0.25720325744227834 0.23767335669335504 0.20410109028267107 0.19897036619029607 0.22946353400939293 0.256857284035968 0.24304449673213951 0.2167051110277693 0.19889366010377382 0.19672756807124214 0.13516731067511922 0.14152705612691824 0.16303199986360928 0.18447424917294308 0.163568807783378 0.1534484919104859 0.12096335348161041 0.09758015185160052 0.10603262300595372 0.10745230148553363 0.11528226365939086 0.14199399979407967 0.11179965239740738 0.15393783263266586 0.14231221239678574 0.15140529346425416 0.2082325717454158 0.22303736958443948 0.24436103004050397 0.2933258173103974 0.36584751828544537 0.3533501424396925 0.35134730405748194 0.3536440215406827
0.21861879798960457 0.21994067570044307 0.2545192256619874 0.2518132304200337 0.2814893941272418 0.25725700338815916 0.27100058968115 0.23503451945854045 0.25717387309195083 0.249194860265564 0.21620159328625269 0.23507034130532434 0.19726736089206007 0.20094330050410752 0.23199612066206893 0.21212833033975761 0.18823380459683292 0.19975541493081095 0.1679769401448862 0.1452020103361816 0.17444297389474578 0.1921894182029807 0.18190871620040813 0.17606520637708892 0.14476653171019374 0.10904500915040675 0.07668986635425891 0.1213218348517845 0.11045013982727592 0.12426369813409965 0.12480463949991337 0.10215167906200508 0.1415997834255969 0.14661479491112553 0.1650692643351681 0.19158611255528224 0.26340162457013705 0.31181787094602686 0.33583120767925967 0.3584926498967562 0.36479328181965026 0.3701801242154412 0.38758106779169005
0.20446554656333482 0.2282909749015142 0.22701274828533757 0.2541126546275977 0.25066631482349144 0.2207101303172449 0.23900771807547316 0.2549646635402394 0.24949456137565715 0.22604103977865414 0.24647388009135002 0.22992327920176367 0.19825388349625048 0.1829400329276026 0.2062703571953105 0.1795665823309081 0.13750780898502768 0.14368255666057653 0.14986058074994585 0.1714177568511281 0.15536604510161497 0.15176760119498392 0.13752118169691063 0.1586278127097709 0.1504753318526676 0.08623185582759173 0.10374047094784726 0.09193537687490393 0.13827929400223377 0.14654990657247602 0.12953327352303307 0.12172375009193691 0.1639928309782228 0.15552944566955948 0.17702354378206572 0.22988698999866833 0.3000417876200521 0.32691712214573176 0.348559298296574 0.345270382357538 0.356942000201649 0.42322365274132445 0.40286615091549755
0.23320901368523056 0.20624569766687562 0.24505616250300682 0.27001112720597226 0.2634055043488314 0.27157801200125886 0.26504176013785286 0.22761933306515825 0.2205630877650415 0.19100492693005777 0.22123351842825315 0.21288933530560153 0.2235253181334548 0.17396180061367528 0.17932803767141878 0.17517138887917433 0.13742005648157396 0.11965860550577144 0.1444838088616908 0.15201229211026798 0.14737670738755715 0.15648666561342453 0.14408814747472606 0.13892042035871036 0.12178160740827174 0.12010627937584833 0.11465246788573268 0.13171461663001222 0.12447153896569269 0.15230029835401107 0.1690776100231375 0.16148231743746225 0.1519852341077657 0.18927559483581843 0.22126047310965516 0.2917091906735546 0.32516403827377527 0.34610358725373963 0.3573053124195177 0.36055712806713874 0.3721521620531255 0.39579647980465554 0.42977132738939283
0.25248787982400916 0.21846421478429184 0.20722541976882924 0.22389064697251673 0.2746800139445494 0.25422032542326894 0.24186203855250438 0.253747871462588 0.20383345993186708 0.19471466742324992 0.213760589561635 0.23856257087285163 0.23186780125658388 0.1628334557468292 0.1728265725476435 0.14736749224789777 0.12155669871584567 0.1365563455243053 0.15722683520303335 0.14447019346643297 0.12004328035150294 0.08558777779279154 0.08209287392796975 0.09827414975494081 0.11498769160348343 0.16857644817026812 0.13664930161865343 0.17745461256827202 0.16417564853383207 0.1724909314840552 0.1630590492301067 0.1907701308914108 0.16875410913823563 0.18942492655992926 0.26972858317492754 0.30203814306083077 0.32319481447543913 0.37792528747088316 0.38999690210302523 0.409642856546717 0.3776352291701475 0.4098342578707871 0.4160219153043785
0.22459583231907446 0.23104406931494392 0.22833332377389268 0.2561165506754305 0.2576953205941988 0.24588145888898125 0.22826928059625576 0.2457065509951653 0.21939426238459517 0.20115126786212068 0.2315797777654109 0.22198064239076998 0.2129156837784206 0.17155665174048595 0.17325499701785615 0.15033733924797996 0.13987954467664654 0.11574793083271884 0.11715598479190649 0.11078396531220946 0.10746201044146148 0.102406178975851 0.09387285093127899 0.11471078535134416 0.12249567200884352 0.15748029181905898 0.15744905233199807 0.2019849009234816 0.20167332048690165 0.20666387408242726 0.18761635722228592 0.2075962216267887 0.20364107246083282 0.254881740933939 0.2723264917399068 0.29883831052301607 0.31571352585884715 0.35932365720792614 0.39123290171086295 0.426987841545452 0.41913844132409944 0.4421917701174388 0.43972610508911375
0.2581833067872099 0.26310100949589593 0.24155253874699664 0.254817563884074 0.24616699039563714 0.2917590040460519 0.22701146967145094 0.21334034697914883 0.21282117782609591 0.21736769628157646 0.24893138540105686 0.26327976667193353 0.25666433163700747 0.23894287061875774 0.1750579902809053 0.15282274444796817 0.14050154594219594 0.08764064468005882 0.08796438329301942 0.11593994417519944 0.10740961199163884 0.07904252539652898 0.10780041561811425 0.10003529975055661 0.13826871204028607 0.176422321860832 0.15779755013591562 0.17591706619020125 0.16748036368815525 0.18838727558330798 0.18906126337586326 0.2021161933996461 0.2414687366809742 0.2685508616118391 0.29951163231353717 0.3340689850053432 0.3602141769909319 0.3426914557154104 0.38604950745447836 0.43446748580945765 0.4057183237681696 0.4666025179238299 0.42321427655231736
0.23887810235220255 0.22939251902244634 0.2602042622858513 0.24321999796972799 0.2686965668701041 0.25256067446901603 0.2253144681765413 0.21558627459441632 0.2379447711064741 0.23331934727444056 0.22693186149879657 0.24383029176458096 0.2205490243177094 0.18808557932905173 0.1906786007202484 0.1662075826835816 0.1485314232831474 0.12358375005555061 0.1090500658458931 0.11470047305188635 0.10559539287399992 0.12722481106093617 0.1507749982856217 0.12453798645365502 0.13378056945243427 0.1385501239572003 0.1530050962524067 0.1954819744193117 0.2004869613869044 0.18834189419320072 0.19398381312911128 0.19883914872247377 0.24923212313189702 0.26727833473319096 0.3265278638623074 0.31944362215807687 0.34737539546729823 0.34266885381092327 0.35726658874154565 0.38603839430356246 0.4032242590830147 0.41942121914535946 0.43596521898831114
