Raster_benchmarking/DGGS/continuous/raster-352.asc
NCOLS 100
NROWS 100
XLLCORNER 1743164.0504481767
YLLCORNER 5469292.807254396
CELLSIZE 10
NODATA_VALUE -9999
[rows 19 to 37 of 100, columns 43 to 85 of 100]
0.5861162074226095 0.529681552090853 0.5143011525635531 0.5079098977670127 0.4860218062660105 0.4174748094484961 0.4292724954293421 0.41545316385961595 0.40418700372122013 0.4497529854029804 0.4116585309262805 0.4220457581856336 0.4016971104292451 0.35902834356561064 0.3392585817239181 0.33945586558401136 0.3688488021986441 0.33653626078172527 0.323631315797666 0.2794957191584723 0.2874094399709805 0.3014280859475553 0.32879130420321845 0.3427534286873439 0.3326416384838893 0.3190824994279828 0.39660985781860336 0.42239418156496267 0.37602863628499583 0.39164364859460465 0.4012966846948296 0.4475734059800773 0.4494240414305875 0.4728207380917843 0.42133413667199054 0.4156369403677462 0.4319145223428798 0.37524019226082206 0.37019815100642467 0.38435876307680855 0.41031555971006667 0.39891860072669433 0.43503949253096447
0.5698686347991855 0.546406135471837 0.48923379681486806 0.5044470609685178 0.45321347659704475 0.43681593898951127 0.3816756608354886 0.39356747183545016 0.4203930677171488 0.42726119213576214 0.38395508079359825 0.416543593755064 0.39663668137248137 0.38915906435541875 0.3643776938063969 0.3402174302929371 0.31283938965303265 0.33428906246970236 0.2978137577388042 0.2744295213922666 0.3045990002218552 0.2955384564758259 0.3118763707556464 0.3216749908574343 0.31044399370407183 0.31571423445801666 0.37697564290929475 0.40235917232156077 0.38740372005761603 0.39487472452603434 0.43621249082339947 0.46063408547746404 0.4599247125823893 0.4543402324330456 0.46636324593828027 0.4431260774264997 0.4799213779215053 0.45969726697797003 0.4400222021397629 0.4141885762623034 0.3943175442172609 0.3911071521156592 0.41336942968386586
0.5641408146518366 0.5457169866335505 0.49205275071055643 0.47313062470518014 0.46274178893994605 0.39427894170154926 0.40260041504752775 0.3975220688455755 0.41592771125288996 0.3469109142616274 0.37265890332804064 0.3891260884385066 0.39052826755945524 0.4155421298092186 0.3707191231362184 0.3357422205917538 0.33328550311264005 0.3102373180625573 0.2663584594636756 0.2686624436267201 0.2543624717303704 0.2895483353408834 0.3183155933486736 0.3264674959691666 0.3284004500874507 0.32926128327808973 0.3737201973963457 0.3660188518863519 0.4167339647270077 0.4463597669952591 0.44432032445577974 0.4158253957260795 0.4559034904957324 0.46252183303297656 0.5089293785535782 0.5160185255178266 0.4848788544733573 0.5040292482050659 0.4764307097186128 0.45919671861097755 0.4214455972497062 0.41330124837157883 0.44679811602411273
0.5372059281159679 0.5185487535442961 0.5086973510656201 0.48374983461142246 0.4256216015932715 0.4219698590213471 0.4270949028691253 0.4135054581593422 0.3851342668052353 0.38792662491717006 0.3873968156738784 0.40338577263451386 0.4122133699954376 0.37546543608317706 0.3762598115981088 0.3802644613925597 0.36407325287676395 0.3292471922435662 0.30124393283089645 0.26199069937947816 0.26838927198040413 0.2978232169644192 0.3465235374880352 0.3215300383562347 0.330472042665338 0.36743642161891193 0.34514414064522103 0.377702109571208 0.3807696568665186 0.43180043681925023 0.4182042619420686 0.4413327855945897 0.43628023751212813 0.4499030749507421 0.49446772205238637 0.4917103211179031 0.4978248888657759 0.5111085657615135 0.5205368591683769 0.5099805530364125 0.4574984102405707 0.472848442664633 0.5013629146657768
0.5451038333584055 0.5081708770916209 0.46420274337626277 0.46428363171800113 0.41371339947460717 0.39528323804982446 0.37986734612391254 0.4135521962652691 0.4211984676391473 0.4016908222023073 0.37916838231661665 0.4009439815244864 0.3603233708915948 0.36938277101128336 0.3630581906772641 0.35671278521759847 0.3727439814232534 0.34401501553812985 0.2876930776902399 0.2809923585853512 0.28161148384157814 0.33016187119059165 0.32916050182061063 0.3322682406624376 0.38061045496780105 0.37925377438241814 0.35397706147887237 0.3677298000108313 0.38660246196093884 0.3915382985880413 0.43621983190617264 0.47987400290281756 0.4791295590113922 0.4968003001806649 0.48458983646661785 0.50849290382669 0.522014802659224 0.5684258535332608 0.5525573601722448 0.4950634761203548 0.5159667812733505 0.5525972367174911 0.5072504197552617
0.522925358542143 0.4923753421147297 0.4539274289095919 0.44514484891175965 0.40158962417118516 0.4133555082903048 0.39338918850495075 0.4043468705146285 0.412933257298523 0.4041747094448319 0.38636153132529333 0.38887674978990033 0.36911582590381 0.40740364569356247 0.3550934927069539 0.3753304609666249 0.3227597144887374 0.2998299978114016 0.31782590383034337 0.285927605017492 0.31422889790054287 0.3081241429437089 0.33332814106911124 0.3155065429090169 0.3798826273862324 0.38337012653513286 0.37016832131003957 0.3538491271914475 0.3854577469281212 0.4351929327856414 0.4730735205903226 0.477615647740644 0.5131385097056966 0.5361579017913779 0.5413701839543125 0.5006326531047752 0.5232530047152077 0.5461806741177455 0.5320918260121368 0.5294577925784665 0.5765849747569115 0.5348059823981243 0.5401965442545371
0.5089217139326507 0.4163899858780437 0.40223967559226864 0.4314767699958085 0.45131411349002365 0.42176959311060963 0.4262439974998948 0.3738692407885575 0.377869029540782 0.3789244044295832 0.3652241940315793 0.3713249211827083 0.3623376192277156 0.42940382964073653 0.39536091544954605 0.3704301355594841 0.30938317763314843 0.304047083891905 0.3288464122953301 0.34338781346534397 0.3407123762047001 0.34925711804971515 0.3640170642808879 0.3252973243613737 0.3457228988929383 0.3835769187662909 0.3998745665033126 0.39107018764042234 0.39762786743757755 0.44299978877219365 0.4453369855900035 0.47845214645867057 0.532535142842807 0.5680632012172552 0.560483461794192 0.5367010876641479 0.5669763778182239 0.5754948709910532 0.5393825514706642 0.5698181814900918 0.5826649240105022 0.5840582954734093 0.553024956102499
0.49970615698560594 0.4282944759373603 0.40050660646046216 0.4412430596503322 0.4402444748832722 0.4205836680391214 0.4341737591228842 0.39644151535543204 0.4128134483381568 0.4020910827440502 0.39601880113143684 0.39888023861287497 0.37685077052753974 0.4113607404454994 0.3770766753948645 0.3808808948765906 0.3405490124569402 0.31281651409239136 0.34080058321036205 0.34446492066829104 0.3541129711417272 0.34603644138152867 0.357716604330657 0.3761870010868029 0.38143515087603574 0.3917320853935897 0.41888583911949717 0.43021574501416127 0.43943153284334113 0.45357855882142833 0.4601721564968691 0.4846293682080802 0.5201832330175011 0.5639940719314804 0.5484977658041164 0.5606993211850585 0.5956543927642701 0.5735098862966586 0.5482149294305478 0.5376515584591242 0.5585705168221767 0.5800734081530649 0.5806245073146858
0.5148571249547216 0.44955217741003517 0.43054407479943435 0.3813777127137541 0.3995966506644883 0.4473819591842197 0.41846061332004303 0.4015134210503359 0.4456846200220167 0.44552018061094306 0.4420010356343343 0.38470979539391387 0.4296233966569206 0.4343467644520282 0.36253769512668066 0.339088651774845 0.3440868238668443 0.34345022544724046 0.34502595343373543 0.2815293003079121 0.3462302353701143 0.36141436848608255 0.3634355253862682 0.3723123430389242 0.3997226262876457 0.3928181460376084 0.4328113496866566 0.436501523905353 0.44284311842024193 0.44597597834156644 0.45356554378257835 0.4396172890894207 0.5213228122845227 0.5606021855218364 0.5977987202736412 0.6119693768977167 0.6225065666630569 0.5859555835325893 0.5771500693756783 0.5552199949117975 0.5939839908944204 0.6245579938846537 0.5798471691231905
0.48954654969192174 0.44274213687856845 0.39408510762487464 0.4130634055824452 0.4065018890302105 0.43672367558144404 0.39170985748481796 0.4207059643058739 0.4180647507805198 0.43974952105885534 0.44936474951233357 0.4401247097890199 0.4344854515471337 0.41840379914490694 0.38306779947855757 0.3525703108915043 0.3214101974325894 0.3551197256419928 0.33433555652360736 0.3169016002940145 0.31939550566634867 0.36850904362142706 0.36875893156492817 0.3783970972931431 0.42753029003513476 0.42636514213877447 0.4296192433165831 0.4224398279628565 0.4206644773230313 0.4244710099717421 0.42912074280435936 0.46349925969018496 0.5062314133232008 0.5609865013254077 0.5780796307670147 0.5602568937547735 0.6104061643835021 0.573559441521943 0.5780323306714678 0.5691020471119402 0.6077429624734891 0.5934793138112721 0.5978379940932169
0.44185431824080645 0.4183142175959711 0.37110114225587115 0.38000715264762613 0.36552474184361194 0.3970633925318548 0.3946840616603 0.39247138902667683 0.44130154488758994 0.4609458314522729 0.4361788096514676 0.4108942486108449 0.39358310797371304 0.41031236145740224 0.3514360622126645 0.35597400423139924 0.36920334638209806 0.32551601533845176 0.3002106360260939 0.31870632007470795 0.32542541925547425 0.328044106105141 0.3750874483242959 0.3638441670297533 0.41078520303626975 0.4743187953182545 0.47107980020466084 0.4619148355382963 0.42726177948703986 0.4238648382308342 0.42149960302172 0.48197985025417245 0.5149232338671423 0.5162610385682161 0.5519366442213487 0.5296052297864909 0.5881111425589837 0.6157015136161466 0.5774379477511731 0.5355996784487226 0.5622529925505421 0.614057419257761 0.5813997135383777
0.4557175393441863 0.43577197548354984 0.38088175619060977 0.40998730223157537 0.37121100005980884 0.38110261446611216 0.3781119523203314 0.38621099154312594 0.39087033343571337 0.4249600509790448 0.4335863267242747 0.3973097046352093 0.36799314505701997 0.35106557057803045 0.3410057608616649 0.37619999978924795 0.36067648295155225 0.3489691197318127 0.3244717753987975 0.33523116944599957 0.34380045740696275 0.35821830551319267 0.3951879095629681 0.3899851130803496 0.4240797694294176 0.46014206261682966 0.49125634175006266 0.44289256380089753 0.4451467668895385 0.4517736481746239 0.4182026582233369 0.4684203225085282 0.4776704398006865 0.48163070435582006 0.516155968707781 0.550950264876381 0.5516327778950537 0.5461821831582211 0.5571222097735015 0.5247057717839856 0.5559005201567114 0.5633624949423228 0.572150844313025
0.4550066471649356 0.38744614882979705 0.3999398528405596 0.4011479615159304 0.4336970461526974 0.4177060709860302 0.4064721349132872 0.3821886394324771 0.3895187786388159 0.3764488576637367 0.3826964755258906 0.37617462069218827 0.34678285422605415 0.32070480668773205 0.3398343635516539 0.3461748190915394 0.3537781030072049 0.33187939909015285 0.3214314065917911 0.35850902465729084 0.35114737989911765 0.3988557163852111 0.4498565277915999 0.4526510546850601 0.4537778760624868 0.4915313894747581 0.46157148549082117 0.45401616293717006 0.46734222636987627 0.4246069919992698 0.44601098654130694 0.4411023009523086 0.47968243093040164 0.4497290762106426 0.5147765546826931 0.522082859288476 0.5119403018621718 0.568649348424005 0.566604928291478 0.5388180008001574 0.5475417336240467 0.5652761010547919 0.6056257162865025
0.4277680693354327 0.4258933686575999 0.4352753263890068 0.45529891358567787 0.44879053253964435 0.4450445200819738 0.38618938900572053 0.3658974474961333 0.3816214505136585 0.3580838058824364 0.388774059098605 0.39787640453563394 0.3465796492812748 0.3186117589799531 0.3078074541794013 0.30788636134669517 0.3060422975537629 0.327965812344121 0.3548929923903992 0.32900219521566276 0.3868011286207608 0.43836489942902473 0.4730789641071936 0.5056908730385369 0.5207548770832807 0.4957593442861164 0.48092284750863074 0.4872820988285282 0.4666661344828302 0.4587717037381274 0.4761627819192111 0.47509904572417866 0.4942648148087223 0.4888528797375808 0.47317617655239524 0.5098790304944001 0.49331472015690253 0.5131826494550729 0.526559233729243 0.53244505527859 0.539620764391969 0.5990319503169258 0.6264508716204146
0.4795401291121583 0.4508430437851866 0.4647053498920909 0.4901058977604146 0.44397500313982846 0.4524163653973335 0.40631520867632587 0.3608788447190022 0.35148220387606477 0.3947373589344447 0.34204363315688807 0.37364230522726105 0.3304473577478084 0.28980468170752005 0.280639656906977 0.3160214535818152 0.31954416314563333 0.32406982355335173 0.3565624041279933 0.3271269349387527 0.37703421598190645 0.4542428694166274 0.4647604205795482 0.48490936837381676 0.4901462737772265 0.5489727982732118 0.48091214686751727 0.5040820208067728 0.4621652082909443 0.482893742473315 0.47122296426731164 0.5081647110198526 0.5175732997322751 0.48514995421568646 0.48605999209754935 0.45960329404506167 0.47164123278980014 0.4632912960090963 0.5081157510382943 0.5618945813551652 0.5867651115093067 0.592694412307951 0.5931954423811114
0.4939850231231182 0.46950793226221166 0.5091821671206952 0.519106114743889 0.48162487402774995 0.41518640300872106 0.41716020380885616 0.36055091671689954 0.3611457348382635 0.3767045590307316 0.3253773707679746 0.35320041073834296 0.34947419455357415 0.2856799650791009 0.2809310513699202 0.281174102694209 0.323301364865364 0.35361024233496796 0.35819646507924036 0.3422787654085458 0.35883706529887494 0.4443116112774142 0.46082190850942456 0.44557575531825633 0.48570020892640847 0.494898320962412 0.48796728922467353 0.4769630545511307 0.48581039464212844 0.502700783012152 0.47599389122188185 0.488743845680183 0.5061287894850552 0.493053723856974 0.47868472778688226 0.4988314056610852 0.4808234258467261 0.4896004388052592 0.5137673283271486 0.5247198253081977 0.5503560789783547 0.6095210517427323 0.6037408833951174
0.5087649551536928 0.47751137758789697 0.47967334969574477 0.5056851942990483 0.47941263874621903 0.3997678638144611 0.420579444358785 0.38906641583935236 0.3214766435321974 0.32039429297360394 0.29940240285612096 0.3065519126803823 0.31798142295282 0.33434678162627496 0.30986626924072486 0.29415422425101045 0.3037293015598318 0.3555391792509884 0.3206620849927832 0.35179232917175896 0.38367352035928803 0.4167498920325031 0.43014754427596186 0.4351424096096111 0.4939754110198185 0.5295073959523564 0.5238315201373759 0.470694076873704 0.5116138518825274 0.4967369695788767 0.48533101571162546 0.45633237841063246 0.4997806901247485 0.49335821324992557 0.46099558580319755 0.48510893684269285 0.4677290000506468 0.46972364648241677 0.5064009758347897 0.5213971909121736 0.5435141028400351 0.5845998255433924 0.600116832264492
0.49261483534866707 0.5166353196829974 0.5202581048238925 0.46789197566988916 0.4364775743373576 0.4229058077672526 0.39833620715430207 0.361003555330258 0.3259361789594975 0.3251826374784208 0.3235716849470463 0.32143969790358073 0.29933086885282434 0.3552297042583302 0.34541856338762406 0.3480203079232664 0.326979572650095 0.32934323752645644 0.3265586321950421 0.3515602294580542 0.377599123732432 0.42239883966850306 0.3993258740494628 0.4046088721490846 0.46296582855557544 0.4904842812299988 0.5040226886929876 0.49136758793264335 0.5032824518944826 0.4752441891740656 0.47758723412050047 0.4990746904636226 0.4580239941376387 0.48409293885525534 0.4693519563731238 0.4872444953018958 0.4907661636377153 0.5090008310239621 0.5299496943014621 0.543921917341495 0.5692278429847457 0.580805627476058 0.5546859303971439
0.509780954264539 0.5642941230667267 0.4977211549758425 0.4191508149018515 0.4093216777179326 0.41516903846548936 0.3625692443081776 0.3453243614728238 0.3437285633588857 0.3608327794575371 0.3145931989836199 0.2984172675256037 0.325103852245967 0.36536094507562067 0.3536564638880265 0.32224015675039214 0.28834540373148626 0.29065217308956814 0.3196568899669196 0.354034236569601 0.39588453700828247 0.38526981972649527 0.40535085380776753 0.3869482972645117 0.42348814358603726 0.5147041388261503 0.47464902026151845 0.4653771166527244 0.4688178191162264 0.484934283722828 0.5153676488952696 0.5042185701931102 0.48803419802738984 0.47222172349970604 0.5069261459916532 0.48487931402020557 0.5337805321695579 0.5835288155930282 0.5790575734791286 0.5902205915294393 0.5771158736491504 0.5294254113699847 0.5340460728514766
