Raster_benchmarking/DGGS/continuous/raster-213.asc
NCOLS 100
NROWS 100
XLLCORNER 1743160.9143082744
YLLCORNER 5469284.150560763
CELLSIZE 10
NODATA_VALUE -9999
[rows 0 to 18 of 100, columns 43 to 85 of 100]
0.8631194434699592 0.8159376067051858 0.8336939843343643 0.8484476308294878 0.7978681950015505 0.7590190280155624 0.7423367152743532 0.7394148743519966 0.7261864296253311 0.7045769269433072 0.6665004185123673 0.6731246623447521 0.6502690190479131 0.677331367491729 0.6736064694310168 0.6362316189637707 0.6343558570586152 0.6625008911403715 0.6101662217972875 0.5881840239527163 0.5143865150654247 0.4740404800064726 0.45339603615773866 0.47488972958584946 0.4463160216599658 0.4272715081944814 0.41374510304349654 0.38976641267745865 0.3827862945893292 0.36457257567515766 0.3874982900140523 0.358026321889144 0.3447435584919579 0.32225119404594643 0.35941013930592247 0.37088430775422954 0.3898581185489281 0.4128680636878415 0.4401745423024194 0.45384426057764027 0.5177489408291571 0.568636191147713 0.5681664313303684
0.8393800005696913 0.8533426946737679 0.8110408875488171 0.8548176194567174 0.8076899531418034 0.7858031052912229 0.7062111086664165 0.6737641917992488 0.715301174794365 0.6644516222737423 0.676613440284998 0.6519596288352318 0.6330456659446394 0.6326813082587057 0.6757117905889627 0.6568915781602989 0.6168347590090469 0.6478378376935954 0.6167095083925551 0.5897050141754419 0.5182846022801576 0.4949749339817966 0.4784849292935312 0.4575127862554112 0.40164484557166735 0.3935660218724814 0.41461935495515634 0.38341538783456824 0.36200796827086407 0.3352600160834343 0.31899082187642075 0.31300464316426 0.29798646270561496 0.316671842767979 0.3391449681346847 0.3521331554765343 0.393854332768083 0.42213409749662184 0.434151862169314 0.43959985928714895 0.48412933392387475 0.5372402385588967 0.5328294450387422
0.8328029386909763 0.8354884619068929 0.7963902593066458 0.8299826306195076 0.7992370347629096 0.768251385951465 0.7319112792003003 0.7048294007724818 0.6965908289219298 0.6622255904187009 0.635089595380193 0.6481567171487285 0.6054903563882176 0.6005631916901979 0.6300543170201791 0.6478682062000851 0.6282890610523043 0.5899013373925989 0.5460288961552839 0.5539685516950271 0.4804125359505616 0.4561874485762975 0.41203472798374724 0.39682804349303147 0.3772039579527763 0.3597632491566546 0.3752597501254956 0.384702902122681 0.34352110944802944 0.34449894850195617 0.3262441809253902 0.2843773156283821 0.3094735796123733 0.29925352936618155 0.3495769081780556 0.3787065782417242 0.4002773797379861 0.4274299906369327 0.417824094233271 0.4398242276869163 0.43165706834347345 0.47777557479961275 0.4565223167152337
0.8107078007125681 0.7716161955080674 0.8096078248831583 0.7995348069858434 0.7575239536038288 0.708545750722095 0.6963730139980373 0.6917914094118316 0.6838273506618622 0.70649618559523 0.6660183128563982 0.6255749650211638 0.6445776527201363 0.6141344066225889 0.5970679820353568 0.5991687975669135 0.5846312911482172 0.5413513312475766 0.509447148427048 0.5085633601194992 0.49541565605019733 0.43444707272553984 0.40739318552922843 0.36124665708442766 0.34459806452111097 0.3728025546535086 0.3503601699489861 0.3780757741343757 0.39132192398165755 0.37131181403523633 0.34976955273374966 0.2831132618369826 0.2814280478054988 0.28873358887312656 0.3411402158196108 0.3788125245154075 0.3986072609726608 0.38463300675485995 0.4216543226671035 0.43791440311633406 0.42470856694644904 0.4162404834365043 0.3821037855345897
0.8040082617059234 0.7704359168464952 0.7763823257871622 0.7365020507219868 0.7378393727450335 0.7067966643277266 0.70687148903715 0.7089954764730659 0.7298374557837423 0.7148880478205006 0.6608416476070302 0.6281511260620628 0.6549693654258878 0.615925437312595 0.629481389721177 0.5929764305484749 0.5836311347619559 0.5623995449151153 0.5337895690254487 0.513251136034123 0.4657445621467269 0.4369541583682276 0.38069244386048195 0.3704179871600919 0.3762147302655893 0.3309109495622172 0.3396429008381596 0.38168751516426336 0.38085226673192973 0.3602929598674493 0.3422336121488239 0.3103179227521176 0.3309428224869384 0.30563899948918033 0.3132537283463235 0.34941529837753793 0.40340327383381447 0.40378591536676545 0.38559262491114576 0.4095892366392388 0.4110074793079316 0.36094311313171207 0.3577708254038293
0.7767034485773108 0.7416320428610284 0.756943038743254 0.7402787662310852 0.7364074094859914 0.6931034032417888 0.7173964207777055 0.7271967821646629 0.686697394398731 0.6869769759715851 0.6764836135656083 0.6363971470940606 0.6443249310378899 0.6486837498362931 0.5944887416485575 0.60772239830698 0.5883864890061217 0.5325310524303347 0.5088857204020164 0.5054321276916506 0.4500485421953665 0.35721166557727413 0.36501358002319073 0.34685730266720527 0.33881089694647143 0.32566863525876794 0.3250239535558052 0.3856958870978127 0.33726533891866844 0.3083016965550838 0.3234180198662641 0.364061426296327 0.36994230315901055 0.33656103175244934 0.35208300458945346 0.3576847872255115 0.38389886622106834 0.3848636181452229 0.36356313481469527 0.3830525379196602 0.339509725166606 0.32092346434540076 0.32566353055210895
0.7620696359394488 0.7487541550956798 0.7302387224844381 0.7000069197467791 0.6940529095615681 0.6919290864002164 0.7198555159185162 0.7037028458032963 0.7053242209903591 0.64958695477654 0.65582882558888 0.6012468892465936 0.612516291710285 0.601380887335774 0.5995171831556171 0.5864896919548735 0.5577744690456433 0.5378248524479958 0.497673254468847 0.47010538982535865 0.4411084320266347 0.3665791582379774 0.3700510780887422 0.37177338870390436 0.369601055429749 0.3582665291109122 0.33380451321134114 0.35163193166783446 0.3734321685208507 0.3622742989711882 0.3739885242568772 0.3817031670820551 0.35484242393929943 0.3238027614265196 0.34201669479348884 0.3441209384157972 0.3344264968005748 0.3196423130199856 0.3452583191688159 0.35431023690487673 0.328131939110818 0.3207082662602755 0.3304309269202367
0.7309263844858849 0.7487012750098397 0.7106282668935479 0.7025297895488107 0.719521202415579 0.712241436502518 0.7032896627696601 0.6866494907296292 0.6738024857847101 0.6452883335458576 0.5985960841421536 0.5656638305032221 0.5748870927512523 0.5503807428001947 0.54910242438964 0.5391691246361465 0.5581785738744981 0.5226799382906367 0.5166736397589881 0.4816139644683069 0.43829416545392075 0.4090491749549186 0.3816103459686735 0.37945051924563333 0.3760418768967677 0.3350349093433526 0.3367273379404111 0.3968830616657553 0.3947643381043085 0.3455571320828118 0.37772395451388635 0.3808548784294767 0.3215452968740098 0.32249015780911794 0.3096379840816194 0.3028253697828846 0.32970926865392125 0.3220946276591667 0.3275793773750478 0.2985720163190655 0.30307203833775254 0.24233938935006716 0.30987465023751015
0.7172112596906182 0.7298333696770753 0.6962723483458821 0.6798026198487022 0.7052575413194159 0.7147773998137328 0.6860529635440795 0.6490431695895843 0.630946344336339 0.5968302817921176 0.6155905487651079 0.5703332888235044 0.5275369445205356 0.5510946408026507 0.5181065483462196 0.5235787788422613 0.5247512131482772 0.5313081870344005 0.4613294218510346 0.4457523231753171 0.42086814827567937 0.42246554115427404 0.39633281014701266 0.4075890437627765 0.36256438109193184 0.3743153538856678 0.3792990482746788 0.40213711884475534 0.3814121124135404 0.39015843998897354 0.3424655748109101 0.3189047946556462 0.3122341056404319 0.3348627265374825 0.32137903094186493 0.30370727011653725 0.3191783704185145 0.29294022313944823 0.294822185790812 0.27231087689100897 0.26026019939811146 0.26083960815239543 0.2729823074601102
0.7277792684927588 0.6692498771391538 0.7017272559455032 0.7185580606628962 0.7347544488107346 0.7499527799418909 0.6674771795452684 0.6562454174085418 0.6085431664986041 0.5881942702691607 0.5687321249271872 0.5690682602149002 0.5386069916149743 0.5242687957542606 0.5299084343476809 0.4877736058905917 0.531957757515855 0.51889849500166 0.4838828936118392 0.4240204384806716 0.4135550428044612 0.3850943201786379 0.40584459635874875 0.4091599623241633 0.36553581138162194 0.3551712586690751 0.3530274249301109 0.3591005058354808 0.3953151558870908 0.428751982118073 0.3905518210616294 0.32541092260767435 0.300300983053343 0.29211509224629817 0.3135656381760283 0.3338592263988984 0.28601264056661563 0.2587779200097618 0.25479817692361645 0.23303988427313782 0.21872898829082799 0.1811618739228147 0.21198359591758525
0.7213179341224882 0.6707149329101127 0.685229010404827 0.7296788091008702 0.7363942779843562 0.6874889794762556 0.6556587926859312 0.6243196546768023 0.6330084150280433 0.6113272956791675 0.5855118615101632 0.5615934206719039 0.5786501150678961 0.5340434390772789 0.5246290024656858 0.5052526023622629 0.513947094490729 0.5098904709362783 0.45525169384844383 0.4214429914815938 0.43307147518466643 0.41504291177267283 0.40935251530726247 0.3740315755527401 0.3663245826425548 0.3604426551361415 0.37971103397510336 0.3482265899115491 0.3760853519042612 0.40226512515847573 0.35686272252772316 0.35800921331762103 0.2930179581721497 0.32013622126073804 0.3110613160602446 0.35298240809494885 0.30318580205299417 0.28951760980564367 0.25632177691663205 0.25256403479612954 0.19904644358075393 0.18041144430726966 0.22868351248044566
0.7300669975663311 0.6863696827060759 0.6797776220737155 0.7224253848643462 0.6958099106340147 0.6774904348063048 0.6780715980793519 0.6462032248095957 0.6329911381463542 0.6175652843599703 0.5770174152145451 0.5650975128164586 0.5504256638651415 0.5459017030082158 0.5237226538872226 0.5539877482758462 0.5232326228883969 0.47895751315430796 0.45209655265349497 0.4844864759144585 0.4475496075176501 0.4341909780059223 0.42099994217190145 0.38954795215854315 0.3670500507536063 0.37592037629707453 0.3517018662715744 0.35655262597520254 0.3602053192111703 0.3734704631949887 0.3397996823742653 0.35055763912231086 0.33196155871157634 0.31419088209153956 0.31481696634487866 0.3652838892181836 0.3456460074876413 0.29412877569809653 0.28148350121035914 0.27148730630213974 0.2509330958256309 0.2183567524633582 0.2677869130036807
0.7223358143779206 0.673703390931294 0.7063664171776408 0.6962349951420215 0.6912353612681752 0.6935209739774119 0.6787548600516343 0.661053830778853 0.6604932841848477 0.6322095057938406 0.6177004556249439 0.5897462873124131 0.5505094927782141 0.5217272125123936 0.5193654821251702 0.5248539299241348 0.5013676803504251 0.5182674221693947 0.4789820344136582 0.5237479592959482 0.5127250668830298 0.4967429468150673 0.46742159463124544 0.43043363360045717 0.40770544830566957 0.38701033976724486 0.3511728508598218 0.3881464386360598 0.3602880235040352 0.3670250460398806 0.37501992701745474 0.37385264671192486 0.38570626266130437 0.35458523845718387 0.3400226881383823 0.33136157654919773 0.32467820081393584 0.32104933549799247 0.314606678119102 0.2454020605247385 0.237642572310047 0.23866904086023435 0.25298147822116984
0.6923364822076812 0.651708118331228 0.7090107760896966 0.7028472808725885 0.7154551054127598 0.7572832577106826 0.7163990609017847 0.6998196283524253 0.6665308452265791 0.6697669281199229 0.6069324156840971 0.5552061270781771 0.5694251095735527 0.5272020531163432 0.5415110204677096 0.5081434112717159 0.4993517649671551 0.5203383112570972 0.4924819025347377 0.5377174264569118 0.5288175529745283 0.4990611038620298 0.4589318863772576 0.45253489638842664 0.4133127463109058 0.38483383447222513 0.3685659050151333 0.3848703624156892 0.40270857737195853 0.4094056338705135 0.4159534005381224 0.41958470101118717 0.3954305990304441 0.37708480314222875 0.3577171182275064 0.3390771683974298 0.34822656011101705 0.35082132847648395 0.2999766895023154 0.24713645911941054 0.18859057994226258 0.14902830695421657 0.20996556944855327
0.6951307571438133 0.7060693211427649 0.676820709226095 0.7002228812041459 0.6980744235178514 0.7301567958811928 0.7094765997557327 0.6398699647463905 0.6230608369003572 0.6108368120614297 0.5851067907423068 0.5886528303988191 0.558242211925415 0.5603733383414162 0.5143938288775468 0.5248324091085375 0.5052507459120421 0.5063023801405205 0.492450526581703 0.5190377273992525 0.5104076105517235 0.5128350578792357 0.48251511439627015 0.4479972859428178 0.4452271151907067 0.3871418954934203 0.4100576867873458 0.40011117681073627 0.4222608026246378 0.40901647745191927 0.4215829809430495 0.4164420860880541 0.41983115688478484 0.4198586788630268 0.4022159716372474 0.4002927290912934 0.35941895902360743 0.320209380920791 0.26551585371824465 0.25240012964206654 0.2050657060355188 0.22087336227623272 0.21041711679233147
0.7042156940785396 0.6956612453455114 0.6855842455453609 0.7246547398413946 0.7002099985359151 0.682269760661315 0.6531761116480995 0.632898867603677 0.5987341456141118 0.580296422295342 0.5927798180198608 0.552081113590654 0.5320163272669378 0.5398547129244211 0.5005310306996351 0.5076160804489336 0.49611622035600045 0.47552274074476303 0.49546132099878604 0.4795943601250995 0.49910282311019694 0.5110186020414043 0.4696666880381739 0.4829528526635884 0.43815692409199153 0.4100678192274372 0.4360119983580904 0.4358799236745479 0.41546430023950537 0.4008546577842006 0.44382479364997734 0.44901159658800427 0.4117724172213201 0.4155179324061077 0.41237803267027695 0.4071905784121312 0.3405314387145465 0.28422186759039264 0.28307733730504747 0.21338858123523846 0.19192330370110483 0.21379612839696605 0.2184451422302599
0.7052768345499834 0.6799856325101236 0.6867492879022579 0.7267890277770844 0.7004103012217565 0.6693283770930476 0.6513522986179611 0.6448018353721945 0.6268276471056804 0.570310263924108 0.5763807105042928 0.5550533368323308 0.5393408402675697 0.5281485637040996 0.5350630850487652 0.47510808581399067 0.47724033017936013 0.4880464153783895 0.47541162661845454 0.4656557085240297 0.5190915408264327 0.5034148993823715 0.47854699053253175 0.4701275716277337 0.43870545942087985 0.45435168644443163 0.42752660059393893 0.4528654405824212 0.42046574298483425 0.40286156242980126 0.4523160430971195 0.4463118445836882 0.43440399365273236 0.40873417036180054 0.398345808629921 0.39847525634446307 0.36092976482586053 0.3062890639703713 0.28741603042741554 0.23969064367241047 0.24495252048604882 0.23493657261623 0.21437040070705385
0.6915778763815942 0.6350435697784438 0.6867943030438427 0.7057347682882151 0.7162770560323167 0.6850118360517778 0.6480235720006008 0.6594379063123735 0.6340459413984807 0.5957588883585512 0.5432786713234093 0.5422332620412529 0.5735215599890714 0.577293130759608 0.5371262684581172 0.4725737563166194 0.4531626779541121 0.47152389438380526 0.48630647115229125 0.48626246419472524 0.53169211704544 0.5506076919844062 0.48487622629679195 0.47479621752344947 0.46160173880481165 0.47658169012419477 0.4456974706498544 0.4812953777831539 0.43496989713431916 0.4363039986846747 0.45715162340200366 0.44089461240360217 0.4139448651703277 0.43173778685724623 0.41932564241870846 0.4200798954148916 0.36295323521286005 0.3240608867703767 0.2669726993072216 0.2722725457559637 0.2567829578508328 0.20173100255152318 0.20319901044219538
0.6952980080991475 0.6884221824996105 0.6822314281894163 0.6759602433250935 0.6685060079638367 0.6382514501294739 0.6308631555396745 0.6295823426158924 0.5899662439432867 0.5892223496855915 0.5665434538702752 0.5461189505772788 0.5653749356539095 0.5686671135497825 0.5168603332379218 0.4918579067565461 0.49966433646853076 0.4981760961535989 0.5211863711696559 0.515012518530815 0.5421487249805895 0.5233389210606099 0.512318580047399 0.4996537988315728 0.47851751442032064 0.47741442028986475 0.4592344175724851 0.44949740535342253 0.464566854943808 0.4300769533609622 0.4443931368690096 0.4424750199148933 0.40152947487691876 0.4025684048686953 0.38604708865896714 0.3982440049212866 0.3481309211886558 0.3253539336840464 0.277356546138887 0.2775703521673319 0.25819701841956155 0.2434446908815192 0.2657289896503474
