Raster_benchmarking/DGGS/continuous/raster-458.asc
NCOLS 100
NROWS 100
XLLCORNER 1743164.7091191197
YLLCORNER 5469292.687948973
CELLSIZE 10
NODATA_VALUE -9999
[rows 76 to 94 of 100, columns 0 to 41 of 100]
0.12898305864571236 0.15971133169348536 0.1518199974954387 0.12673849565417408 0.1549585013187177 0.14880286392025519 0.1729274053421093 0.13171140257574782 0.10989892115188807 0.17751771146638057 0.20536866659722622 0.21437045553226702 0.20643887403531028 0.2203646073030323 0.20345495781139275 0.18032407996165778 0.1861513798799734 0.16520681958723138 0.16039604863675677 0.17524490373944032 0.15488856618973867 0.09993204063446927 0.09859960937674626 0.05743590906335423 0.06928625320465312 0.12379076090071303 0.13014635252065376 0.155710445700444 0.18946324878253512 0.2443847499109673 0.2633942370791156 0.24010340095922628 0.2325667633702159 0.22945742797177263 0.15650434386016437 0.15497275088264462 0.15964182737403962 0.14369293420492443 0.1555137854291614 0.17745677300442358 0.2351325126865991 0.2525919627565219
0.16472969565000786 0.1414454791652701 0.1832235260236831 0.18154464902772163 0.1774105066035181 0.13728360080319704 0.15785308540139084 0.10672738948545964 0.06940731753352743 0.1417729531127163 0.17422856677631507 0.16546084441905845 0.21211141772447964 0.24583630233386447 0.25062858931946025 0.21969002327006684 0.24273662151780898 0.22967046187518314 0.20942569756422438 0.1725945272086374 0.09637473263058512 0.10335334362409854 0.12653741042136402 0.10316723141341544 0.11089613449962905 0.16129264969587165 0.18113134006941814 0.22541129481352523 0.2619712091893538 0.2655366788091147 0.2561215588653577 0.23388129959700885 0.22430053021202095 0.18877011861827064 0.2050155809810344 0.1789867411715259 0.12533806754319896 0.14195422537264257 0.19524767646541674 0.18704122383287583 0.23693006599464078 0.23687394368632836
0.13491056982021568 0.1628737227722891 0.19077256529209646 0.15648601784906585 0.16578699280520054 0.15963128600280582 0.12769460196679067 0.1099623279095128 0.10752927209533061 0.1295506558317801 0.16394329370642224 0.14701483029317025 0.1556259348213905 0.22304874629211663 0.22001969220234865 0.23541443265012857 0.1736940481901753 0.17813981842245677 0.20900424637616005 0.1712056917337608 0.12622482215523242 0.09743713529472085 0.07165216567194796 0.08982727756442635 0.10572247395583848 0.15546969950684653 0.20412364663327648 0.21545492287596033 0.25699441630755815 0.24355953705173572 0.2757982370869061 0.22581939928768474 0.23969066649893347 0.19749400294521907 0.16415545290892936 0.19456878093750282 0.12620658802545304 0.14331156382180102 0.1722187164234255 0.1954798066215273 0.23695501901352356 0.2523481044077002
0.15103192072652305 0.14476208249563804 0.16226506268996488 0.14118192861747555 0.14695799955811853 0.14063099796460107 0.15918641769992292 0.1301927897616356 0.0953282829395129 0.14552855001123335 0.17877096242821544 0.14369056485122614 0.15110294790423545 0.19294342408079443 0.2138173267927643 0.1991551344359861 0.16740678865578465 0.19146237203893354 0.15662381435133613 0.1390050930816583 0.16013668787613017 0.11228216041797513 0.09352277721372727 0.13017244633456748 0.14687182815381714 0.1882912563068803 0.19690152293702595 0.2344565015113275 0.2733094656458688 0.25382192561977446 0.2744540235993226 0.285883751358559 0.241529514886419 0.2135110069879176 0.18733837926200544 0.19132079710757108 0.14330319373380682 0.171434329997172 0.21670041330288395 0.18702522054264006 0.2482926470757941 0.2103706630165402
0.21288802127003065 0.18371064858424654 0.17005455395235414 0.1622758130883839 0.1811834366514503 0.1676030897659959 0.14657550898758903 0.08050537056086375 0.11614931211083246 0.13591936901833535 0.15086299738910577 0.16267775352247277 0.19470993010612989 0.19216024136383902 0.19021640246618013 0.19653069381732904 0.20037052802123095 0.17966661098961897 0.19303282085339113 0.1783549982220437 0.17297977098913073 0.11059175916242786 0.10268248765235588 0.14969561385653077 0.15338689059428695 0.18054027814600696 0.17631260864876713 0.22389328341329048 0.2185968475842289 0.2615738650960974 0.29874109398870186 0.2984328040425194 0.26781116267345734 0.2689674940938306 0.2355209251662272 0.21212022042473586 0.19318994037285944 0.21051837000316007 0.21197636996580246 0.2126829698852138 0.18007233693161992 0.22460029636845807
0.28914463642171434 0.264456314452813 0.21312576822649476 0.22580598407422336 0.21960599151328902 0.18863871602862942 0.10511158525637418 0.07103957490700116 0.07168057626798775 0.106923456943484 0.19161173453673272 0.1497628430269338 0.19897789958221843 0.18602619143474314 0.22949323561674703 0.17046573816553823 0.16167754717490007 0.1597788172733993 0.1635987305565322 0.17119224148962434 0.16844061881185005 0.1458644715247021 0.13477861870241806 0.1090471935946392 0.15974652633824082 0.13350177995051896 0.1497359905575583 0.14831084245051632 0.1779909063946949 0.2361054796529017 0.31019269330047544 0.2925245468924682 0.34078277568865734 0.2890979636500475 0.26539392249612453 0.27483072801552944 0.23027061031743076 0.2385436985813624 0.2139990900218896 0.17408329775425582 0.16121136013046933 0.21279420660284212
0.2886912841986043 0.28249192993891253 0.22338538734487257 0.18703979708523583 0.21419441264617417 0.18172166232757608 0.1682563513753873 0.08719524027794515 0.05908155285860101 0.09330007916734337 0.1582345813544095 0.16472309717151754 0.18053469814878123 0.21760846947099732 0.1908342229744146 0.1740670613307081 0.18881606015291624 0.14662436463866776 0.13215042574523633 0.1519817855732807 0.13576803662271866 0.1688072451120313 0.11789750928926816 0.11379291015385198 0.12704597728288664 0.13919773873092536 0.18174921020414395 0.15524232429096504 0.2105111879436607 0.2491030589050641 0.27910582587381527 0.3345953697637017 0.3609474312219836 0.3227980345557187 0.3361984743668324 0.2735054775817753 0.24555071929168104 0.2119216338397453 0.2232611562416621 0.19780366130385932 0.22681620446330328 0.21063719901593447
0.3185388624652264 0.252009439800507 0.25229941312779497 0.20087017447702996 0.16816652113492944 0.15799388061862424 0.17340828153154497 0.09899974560088352 0.0947813822307534 0.09738036563617887 0.12615199823222714 0.172411792681962 0.1460574259380367 0.21735099926004225 0.21959306698009792 0.19960492672088212 0.19307902438840266 0.13106857551312104 0.13180135361136908 0.14019693228265545 0.15573021175396792 0.16913982750830805 0.11754653997493703 0.14632698510512754 0.15614862518842024 0.14216091205889794 0.1608321020005961 0.15142372524241862 0.16264343031032985 0.24079791918297846 0.3087877060318079 0.325229427167269 0.40075682731222156 0.3757016026349693 0.35734015302068545 0.26230150853722567 0.2396764830718725 0.2603162261065075 0.24085289872291774 0.24671346981524175 0.21539770994126833 0.23499229168032332
0.2753166935741127 0.2616482057175004 0.23866804618710494 0.24224399436930474 0.16855499902691723 0.15363537308326541 0.14316242417497602 0.13168677396757922 0.11286265937300848 0.09160322236949177 0.13906757463707978 0.1349583791125278 0.15724288182874238 0.18061172358809705 0.19568527197931287 0.1722363779267462 0.19623973486818216 0.1358104330997151 0.11304720680086242 0.12169415218243036 0.14752305370547195 0.11016974153467067 0.08892045973028193 0.07659079718720807 0.0731330469453227 0.10248375782254159 0.16526734232341786 0.17841267002897104 0.22143587352404714 0.25168065387309446 0.29772116319800973 0.3371191976763951 0.400397883490717 0.3716526353606577 0.3243191755496096 0.28326736029451915 0.27116926940716723 0.2560199578416304 0.2901412398378495 0.281538762926853 0.2747958742265261 0.22704674001431913
0.26361925138595743 0.25347087630583165 0.2721094219545758 0.26616575721932173 0.22607619524437755 0.16136468764895728 0.13005685380600995 0.12366387942441745 0.10153524914842307 0.10718371995402179 0.13984953993716587 0.09822070628588264 0.08156756608245977 0.13946604779066352 0.16491438961174562 0.19813367404073878 0.21811486228591315 0.1382839138844387 0.12040924260284008 0.13316897140056472 0.11068751261034557 0.1311412140953202 0.07422155745040439 0.05601251687029735 0.07673124979336159 0.1290309514428482 0.12247390032247316 0.17462226448677756 0.21267442444984933 0.25586346303327406 0.31898100232381427 0.35103077469843935 0.38547810790995046 0.3379610330627681 0.31679715411498194 0.3571520395729622 0.3340216225746721 0.3238434225235596 0.2915264876771134 0.2732968515153624 0.27586181572377666 0.24082341493854229
0.22651297436398982 0.23807792314563428 0.261304658921195 0.23856287402042345 0.22588202435536991 0.20967122365370763 0.13430646729116916 0.12973489016825193 0.10343772953209192 0.12350318348565201 0.13726142490112717 0.13019765517431175 0.0754241348889734 0.1024190152010535 0.14678997735205704 0.17522686935843038 0.15999166581920807 0.14493281173292755 0.12638230800435923 0.1360581701520406 0.12530453807810074 0.12993463707827446 0.13249594036438894 0.1215058214789224 0.09371236380784641 0.1407754979444799 0.1729379799232762 0.16102494568299364 0.18741598478901034 0.25871086619833555 0.28400874428259343 0.37306038406695025 0.3539734745053939 0.3569282030970977 0.3645064772078067 0.37715898414537885 0.3705211007120217 0.3223142260663926 0.2904683510520726 0.3102381861799889 0.2741689679556404 0.2797527297269851
0.27122067304724734 0.2286705197173989 0.2050405111424655 0.20474376582438752 0.22449067245932322 0.19539134320502582 0.14177051474104577 0.15051584662751055 0.14111169425397224 0.11098865715007522 0.13546073801199754 0.10573730010011524 0.06810297366738344 0.08698323561397307 0.12923496927852418 0.15015156414339395 0.14169745260297067 0.13616593754785408 0.12138595510962391 0.12713531192205452 0.17340299089924013 0.13765171472238194 0.10905270931594864 0.07708346074420704 0.09917070783504509 0.11484851719206479 0.1793939403814932 0.16911563808198968 0.21930299665349312 0.24936508242187802 0.30820566731894244 0.35121314872205284 0.4120395897544482 0.4164401483929294 0.3874727617339501 0.3778392138402786 0.4045992871446642 0.3630265476040301 0.3658126230418957 0.3145253985723701 0.31656959835404136 0.289197459047489
0.24166426357419044 0.22992321967384427 0.20646600229130593 0.19031000617407326 0.20985752449554376 0.16752745657590104 0.1203354509224481 0.1444059190797146 0.12555772301564377 0.11699954853123538 0.14259360369235177 0.07623652166061709 0.07008725185740623 0.07850839338920244 0.12174780470162475 0.15027826817110912 0.11015404254661133 0.11086425344109672 0.09503334098556925 0.12160836191856787 0.13957442841700704 0.11754996574171951 0.08903826314789906 0.074259834194019 0.1325105341218793 0.16753761520739194 0.18675166709999014 0.2271056217386207 0.21501341215362849 0.2789369363703317 0.3230370924619693 0.3495518558155983 0.3709245927119638 0.42741428431556305 0.41871801040523915 0.4085208451844727 0.3679118319170891 0.36281036217931206 0.34387205586958236 0.32854937674686013 0.36082802374190176 0.3121878728135327
0.24253539767432478 0.214543916724296 0.2297961096834392 0.18680643362549196 0.168484231092924 0.1602727639503472 0.1338883241036197 0.11268439375278427 0.08663038977199375 0.11019962723651952 0.12376771293689415 0.09303819102649165 0.09044835299388469 0.11332606403311823 0.11032774533052979 0.12300587077288687 0.0921796306524739 0.08362061750757332 0.11827133081821113 0.11622285051976973 0.15675957180793829 0.13583288813592892 0.08108642437007095 0.09177261561822711 0.09549985339883747 0.18140488421076395 0.2329783968600745 0.26104031309844605 0.23958827615612033 0.27151729066511315 0.3177341160895863 0.3719559055600769 0.4048396149046622 0.4148020520192291 0.39891978703880693 0.342928567634179 0.3152618228579632 0.31233679622994975 0.35634169920471825 0.35562056676764886 0.3952152531120216 0.33583949595382107
0.22191876750781128 0.23409163671962116 0.19418977235416912 0.1849050955776342 0.14627636840311148 0.16690403630733472 0.13204717610708258 0.1719017630579427 0.1147439669253452 0.10949494869752888 0.10192925513829057 0.1193516000813502 0.14441645379294196 0.09369380953899697 0.0922014248790645 0.07590147426942781 0.11834891501947156 0.1030223337225799 0.09843619481260882 0.15461265988488485 0.1444800953018956 0.11071811823897339 0.07128276408096375 0.103765215145543 0.15801862182891865 0.1641965112948811 0.1987410352550595 0.24781427064105505 0.2199602285159721 0.2586938163937941 0.3031363460051183 0.3305271157950347 0.3319313344856257 0.3468656461572898 0.36003969757565657 0.3238546095927685 0.29489151576553624 0.31905946319333583 0.34016672886942134 0.3621574850510225 0.34976806775352604 0.32975290511755395
0.2787112689135941 0.2664586714236668 0.23556124508762416 0.22598391716746563 0.1943538624001213 0.19755446498277607 0.17670499082195937 0.1641830174298107 0.18703378851620384 0.1272386385077038 0.15752844320868095 0.15061177239589485 0.1803104728501723 0.15058048542187918 0.10911981322994262 0.12580908733368296 0.09669663912222279 0.08601244301694093 0.12769679475023452 0.1304721830018974 0.17095202387400427 0.15994114542747617 0.10333790059979994 0.1478496112654348 0.18786979016257538 0.16703383852229556 0.21148904338724542 0.21529997669988676 0.2249984796225798 0.22198007761353497 0.27510688011491197 0.3355484262454188 0.3291010735745888 0.32392549444087654 0.2924573594003508 0.3399248906201074 0.3179655547815529 0.33753502912525296 0.315378466092417 0.33752482414986595 0.35789159821671007 0.3848822767635321
0.24909113639649086 0.2460815887170719 0.18310789106839237 0.17219643534012655 0.18093822409768764 0.1948029431596896 0.22264037164703135 0.18154406364092532 0.17231781265498086 0.14067957737408454 0.1568395970797367 0.16808690578713947 0.19053971200047856 0.17165104873876488 0.15283576448222339 0.09912410635508943 0.10773346716282454 0.14004168980692133 0.17441162663378587 0.1938456504225991 0.1710536337163382 0.17415528854374 0.17332647559777245 0.13645720168030767 0.17502868804544433 0.18431002437173222 0.19643850722260922 0.21401023332619223 0.24863194424225535 0.2459609999409587 0.24970468514792343 0.3040604954716775 0.33954079559047395 0.32902407319665766 0.3405510998939651 0.30472098000228504 0.31339374469760717 0.31013277526129324 0.3249406843928077 0.3736133750943443 0.37821624256915043 0.3848453425361805
0.19578970996411613 0.2282087076985152 0.16689679780367575 0.19370560139444265 0.1804544880220007 0.19008480196953068 0.22390173933116905 0.1695299327715098 0.18479235414165043 0.18114413436337054 0.13608478018157041 0.17903046179931917 0.22085368552591236 0.20981770026518787 0.15363643076993763 0.13400231014726455 0.10549854003456054 0.1273952268340804 0.1955540242341459 0.18681568263297846 0.17153078679946304 0.14661434572495635 0.17609225540410822 0.15867552225164672 0.12423977479193823 0.19965358131461527 0.2138789328698304 0.19681261884739717 0.23054933337654993 0.22771884843977727 0.22909455017876434 0.3031838537800402 0.37874178277970777 0.3593199011530277 0.35641572618443806 0.3381041412774489 0.28186712141603637 0.2942312041004593 0.33427729807554835 0.37242588407261856 0.3872077413752739 0.3442716503369894
0.23240091252845907 0.19287401944981045 0.16806538932235088 0.2086843197880373 0.18599688746452564 0.23110660029702057 0.20709217819008155 0.15498103417665615 0.17823248250042037 0.17443065355989532 0.1956855234420226 0.1896653067483472 0.18623144249127055 0.16457820204583504 0.16427872773802346 0.10573729395600383 0.14343096790696735 0.16926212507945412 0.17895830761921275 0.1530940993139995 0.17814012681406693 0.13397717320911476 0.13646912398327635 0.1535280731874556 0.16348575891072503 0.1508383389717419 0.19001730601892455 0.19116495450548246 0.19863049944654115 0.23281290999480228 0.2536046307301155 0.26734624957401476 0.30322047076300856 0.3275243744562302 0.34111261832512163 0.30684540451817316 0.3225782543896213 0.32149381345815936 0.34977011815358283 0.32203041345037614 0.3500065561646163 0.31385006367694157
