Raster_benchmarking/DGGS/continuous/raster-403.asc
NCOLS 100
NROWS 100
XLLCORNER 1743150.757449292
YLLCORNER 5469297.048554719
CELLSIZE 10
NODATA_VALUE -9999
[rows 0 to 18 of 100, columns 43 to 85 of 100]
0.9311331045035139 0.8930341482502425 0.9271749276212987 0.9494414576533681 0.9473844098657702 0.9653215731234337 0.9191492805899073 0.9639837761615838 0.9946273252539332 0.94521219201615 0.9854020998572856 0.9377005728733956 0.8609876557971005 0.8283766606565819 0.8431338356473311 0.7902889561079871 0.7873757066704035 0.7521192486946041 0.787582240955229 0.7195686856707644 0.7292199241150626 0.6358336976224771 0.5978087183551385 0.6232446187071594 0.5892454140223958 0.5808755287452364 0.5860819734513733 0.6279423400828862 0.6477365391321712 0.6512670672101757 0.6882882993094356 0.7009721349457575 0.7535596945736233 0.7720846232314044 0.7673565774696082 0.7402301911602164 0.7514686163294998 0.7349295947586287 0.7719210668227954 0.7173013578064741 0.6633916353287442 0.6736339038984164 0.676118782388543
0.9178803621775392 0.8799775418608665 0.8824858969548366 0.9318364222164501 0.9292148245875257 0.9248862240747702 0.8957625410064951 0.94164917941805 0.9451038885573673 0.9370757696871618 0.9561254439620863 0.9308994640451627 0.8923475108563043 0.8344972456975887 0.8032125433897949 0.8255445777258255 0.8402887138540657 0.7837144017855633 0.7722956424560701 0.7173341046092354 0.6940578646478889 0.6319246784777687 0.567206969175141 0.567856196959575 0.5877955239338841 0.5597874645831086 0.5530037247127457 0.545679075092639 0.5667475802607492 0.6230339795478163 0.6425904523896239 0.7194857604291421 0.7288654572571546 0.7286804641716844 0.7255793430888473 0.6860574597341402 0.7129845443288849 0.689118438641784 0.6765626638571893 0.7121760448170541 0.6942847447403023 0.6626176888356946 0.6309438391095693
0.8959592320523212 0.895399435393896 0.8432002091798178 0.875810137559631 0.8937158550797892 0.857123398358348 0.8602024332028928 0.9165207698011655 0.9273893066406405 0.9343949149568079 0.9481602026001034 0.9016683380073178 0.9071801987923868 0.8423873500933499 0.7928715893140638 0.8024628133194714 0.8515769207410817 0.8077660623429516 0.7769921709442895 0.7407944187067492 0.6842757246415503 0.6433194235202939 0.584269356414607 0.5507695822657788 0.5206379035747232 0.5437771322107632 0.49195028637070237 0.5122494641263994 0.5336363988801259 0.6084659037016951 0.6612748456582549 0.6625159742396061 0.7158388318470986 0.6837447441109092 0.7080484840849424 0.6765980313272818 0.6462649276124689 0.6397876533724999 0.6478995792141558 0.6517291840713095 0.6605164153148787 0.6792644557239915 0.626122355770877
0.8410308360554641 0.8812345400337038 0.8874544846230971 0.8700318707797924 0.9111283007014027 0.8677825320700147 0.861616194914042 0.9001280554730526 0.9376608623887079 0.9609413296914742 0.9254723461629135 0.8925201842381975 0.8386276323994019 0.7996449495327759 0.7628477270760725 0.7751381783190583 0.7896883847063821 0.7461014597292837 0.7221511876550447 0.6670913386463552 0.6130489541633669 0.5991373513508865 0.6151034500705046 0.59742432193854 0.5560303726620718 0.5593582653731367 0.5351241720373429 0.4942712502637615 0.5626044118671314 0.5768645719372693 0.6426338641073888 0.6680032664251729 0.6614117280442062 0.6664977798255777 0.641463219183314 0.6689492442166476 0.611665755316018 0.608565369643031 0.6625228012776186 0.6542337349589269 0.680476829559868 0.6502083088203062 0.6547545632934716
0.8034777659507609 0.8473103578330107 0.8704446966446916 0.9106660483921424 0.8934241470014828 0.8930836859987092 0.9081600776352236 0.8990478810637766 0.9403025119246243 0.9449563633988337 0.9320529275754023 0.8618783620798698 0.8259518338403521 0.8197378410669238 0.7951059742926417 0.7513586021853248 0.7860971479622563 0.7255263036690507 0.6976589070190532 0.6887627533804832 0.6243008684253046 0.6294272397163138 0.6117058938829703 0.6056252288381632 0.6018756055042169 0.5217078251209565 0.5085863821567266 0.49600969028138103 0.5435581051175759 0.571620472471247 0.6620905357595461 0.6979119600618775 0.7019492339272617 0.6891897440449959 0.6346007440054575 0.6311314929494793 0.6444447668186694 0.6077336548431024 0.6215578577738238 0.6659269419642989 0.6277333863352804 0.6337154493428285 0.6750731267345335
0.8506950586378171 0.854819282721015 0.8601912268661681 0.9211254290223383 0.8909306702196415 0.9327619319710367 0.9386179872936352 0.8899245004803255 0.8890045070561597 0.9354073403602697 0.9048421590776944 0.8607700766176124 0.7901438435091686 0.7862975301302564 0.759736285085733 0.7691593810035994 0.8138452967322173 0.7807867685862734 0.6871101292999907 0.6595076622902016 0.6051879599946818 0.6098104076916095 0.6165780640992321 0.5855522655178153 0.5588701020610054 0.5382285285610582 0.5718052918438463 0.5432101913612553 0.5948368417224527 0.6052358568359524 0.6160541203512672 0.6661964686097747 0.6777539647517947 0.6578775600003363 0.5920187207322556 0.6068267047626037 0.605802940091725 0.6101847163842558 0.5991928632136295 0.6707271776828515 0.7009343760318717 0.6651695806568246 0.6919798168569943
0.8438997453336085 0.8330059919309228 0.8629123319675498 0.9223288444475575 0.9411156790731843 0.9502024485446965 0.9443501738444188 0.8925275679734541 0.9005384870981757 0.8780549237049636 0.8928257312959339 0.839806652320117 0.7967249448361235 0.8011672294422864 0.7545490909033357 0.7951794479507173 0.8237295817601193 0.7779225069288899 0.7446322562945067 0.6303578795386292 0.5852252435898506 0.5818257035596329 0.558172091649289 0.5748425176075151 0.5860112508354649 0.5620359975522785 0.5837437010707504 0.5742606576282271 0.6140586875101621 0.5812619951689248 0.5800168904122509 0.6251615995110885 0.5965377627632894 0.5812595900296695 0.5805486233759252 0.5707488513705249 0.6387105328852912 0.62205050019671 0.6188973036401233 0.6748133574295471 0.7124367466744118 0.7022567062509713 0.6629240449379358
0.8304802196414572 0.8086735764187458 0.8391898353253066 0.875149309359716 0.8869269213188786 0.9133302519111287 0.929651522374873 0.9257981600538336 0.9333584283071052 0.8658828841922126 0.8693517563441134 0.8513627844011552 0.77412422893321 0.7792610014025031 0.7642053904063442 0.7738707319311865 0.788618862049948 0.778743597397346 0.7394677034392059 0.6536046211705507 0.6026747817534357 0.5562838755728653 0.5747118103144637 0.5768746140765069 0.590061682696171 0.5672728288460807 0.6201506250923735 0.6092005285309119 0.6287054500662015 0.6021536153896698 0.5994305463424916 0.5650852383687287 0.5929773644288991 0.587193861997781 0.5774558429657026 0.5342746780998662 0.5715487199235106 0.5788494596212314 0.6226930609347135 0.6469132635051491 0.6971770493480424 0.7240213347719663 0.6807725147520256
0.8231461576939748 0.8312506922924175 0.8129158047882199 0.8265111480840355 0.8486524855745169 0.8355511383461647 0.8531006662248407 0.9011039277910999 0.919409697801272 0.8396003216589158 0.8415748866819328 0.8538216095411753 0.8031944989290137 0.78115726877382 0.7922082125085897 0.7986877106068816 0.7901197277481496 0.7217514940834971 0.6486720891915426 0.6756403960631191 0.6286462336020017 0.6016365078611322 0.5282589872768303 0.544672850778896 0.5360327062375804 0.5901645383321675 0.603140701838881 0.5596482815920429 0.5638818696397259 0.5774645788633005 0.5870701811467188 0.536436352971558 0.5239872054433867 0.549133635538814 0.541278002348592 0.5536688634714951 0.5039981379354135 0.5544873674120938 0.5813826362101072 0.6212871860743032 0.6851470445416268 0.660410120014922 0.7112973028973812
0.7787344289333438 0.788927308610779 0.8491468190464211 0.8320656074728637 0.8416631020979756 0.857599382416102 0.8681478115744831 0.8783395157074346 0.8960914342094336 0.8338625086568274 0.8306032874587844 0.8162310280643527 0.8031463129901526 0.7558727518562229 0.7686621161905939 0.744756843366433 0.7743039175407794 0.7069728891964894 0.6365301655928512 0.6383373489219226 0.6484501170848002 0.5706532324606545 0.5252022664683537 0.4961993677750974 0.5459649518387761 0.5737028324017684 0.5675364545895079 0.5745591613777159 0.5669149541521397 0.5560571662992478 0.542473009095726 0.5628923358770379 0.5320389487304688 0.5626744485110873 0.576216806224197 0.535055711750687 0.5027436489352389 0.5189574951412305 0.5476094046202138 0.6251307706346639 0.6607000821468328 0.6396299552204348 0.6708785180822197
0.7397102972886511 0.7904840752579045 0.8366679565287608 0.8748052887468013 0.8933581192995438 0.862469696732202 0.8941254093819303 0.8693306924511334 0.8656635986542152 0.8430300049901804 0.7990010447763061 0.8231675751283911 0.8199775107744159 0.7464524667950169 0.7410510295913567 0.76109917692571 0.7235210325884928 0.7052948610283474 0.6721452073289168 0.6796011489803048 0.6449586162053098 0.6126735643746549 0.5278930820653522 0.5263730172807987 0.5026353378382152 0.546333085402633 0.5408802375208072 0.5830702650409564 0.5845068999684118 0.5913892039238092 0.5827484564639388 0.5937690985954732 0.5749495295781754 0.579669232287465 0.5398547114148982 0.5048253755886294 0.47355054916193456 0.5365906837945583 0.5940597694604111 0.6286584777423995 0.5845725131031726 0.6489345723928706 0.6633013007174439
0.7082896178208449 0.735115455271522 0.7912454746355976 0.8475734817133991 0.83171762252469 0.8202312481503938 0.7949491562453789 0.8320285398095251 0.8000432382700253 0.7942702954486578 0.7408141230458917 0.7596048944296693 0.7420483733562651 0.7342576937766828 0.6993488901552997 0.7122335971486663 0.7141313257243807 0.7302665351783021 0.6702468436034742 0.6402091138503092 0.5966671404293945 0.6211957984702321 0.5502039871582802 0.5207031612540223 0.49024295571638554 0.479658606771456 0.5413463987744224 0.5591704625380308 0.5318669232233842 0.5655062505320366 0.5523577683086857 0.5821568504107382 0.5310558661950696 0.5091249413651869 0.501085725267101 0.49242111137848715 0.527906080998106 0.5371717058269404 0.5805474512363176 0.6007817452583801 0.6237782049520582 0.646522117681477 0.6737614098653448
0.6958732629649823 0.7642744580996464 0.7508702272183431 0.8227816820976797 0.8140909994292982 0.7680077878688196 0.7558270192428741 0.7832323373926385 0.7471435998701934 0.7547443104594845 0.7103898387636665 0.7175739552572894 0.7332424192949423 0.7413451373739676 0.7087762795236294 0.7167540713789503 0.6931582275689974 0.6838152651259656 0.6978748050235458 0.6292795707418306 0.6039509036254901 0.604700973186115 0.6062937734818657 0.5462438993248431 0.5180449263264182 0.47963892607560205 0.4796176529850696 0.5154647899383159 0.5231380999368456 0.5503425120086803 0.5484582117523791 0.5517052260890637 0.5062143979628512 0.4660229567715067 0.43448479714498706 0.4540743933465365 0.5050191829820937 0.5090482125186622 0.572686560964941 0.5714360822652491 0.6292394477940423 0.6101345517387732 0.6064070803957501
0.709603311859194 0.7590014523601016 0.7824112284094912 0.7498535328629479 0.7313649937674518 0.7561971671601861 0.7338837402193876 0.7140253657602518 0.6820708209460679 0.6681456611425477 0.7249213148288572 0.7309589458888637 0.7086956043843843 0.6980801601516777 0.6756011995214862 0.7002481834922332 0.6688256878324176 0.6600010137770761 0.6875199414975484 0.6571423252465937 0.6286966059491802 0.596800403491961 0.5690030435203127 0.5286556810762632 0.5156444786225042 0.5300920357667079 0.5411338316298164 0.4983198669170543 0.5002490719075107 0.5094683836231174 0.5223486331995989 0.49288379380589387 0.4689451736382708 0.48042212271867674 0.48697916467449986 0.4749248968393511 0.47704530819238833 0.47907546356408615 0.5345161135527807 0.5791582813586924 0.5672671252052274 0.575382166432413 0.5605963231237868
0.7873214764054531 0.7517468788060458 0.7857874072785517 0.7406419800857316 0.6849302502852013 0.7072317329330584 0.7294855704151886 0.6974741203646758 0.6378105834554154 0.6662262546374714 0.700523258375893 0.7043598506102835 0.6687722621601878 0.6825515183601806 0.6918706042426832 0.6207278691629167 0.5748112425524436 0.6000689767631278 0.615917730172231 0.6363822918265538 0.6243125971716004 0.5968807276884227 0.5532197329931012 0.5243412148455051 0.4987440429388686 0.5432766012208023 0.5309762563983458 0.4917189753556162 0.4881277018850457 0.4727156614788427 0.5119330285908689 0.47354348194531054 0.43742534559541746 0.4726393376152039 0.43061100664722624 0.44856526956351706 0.4350358030633625 0.46761207433629437 0.5201475465617249 0.5539286545551652 0.581383739371203 0.5327738330443649 0.5403090786951458
0.8031221093842931 0.776296208516824 0.7682890733171756 0.7441972596287628 0.6966769450992616 0.7306285226835562 0.7178888897968525 0.6782990103062516 0.6443547831439598 0.6929397847036592 0.6579979617996153 0.6682858316338067 0.6676431337692564 0.6569666318473021 0.6379920826285119 0.5989602799157496 0.5747333019149535 0.5706503264525448 0.585059566310155 0.623878363250327 0.6023143707316126 0.5908986552215978 0.5896958834606822 0.5097148970183341 0.5330191227827034 0.5128851286162157 0.5350710499273084 0.5322610970795943 0.5083989992691316 0.5013880014804518 0.45886619057051997 0.4600830163040283 0.4334069089877129 0.4183830256247618 0.4280999347270145 0.42364823046355055 0.4402008459072119 0.4552307858389653 0.43963991499777516 0.450300578668459 0.4968750555378443 0.5206586534360678 0.4995990544587176
0.778865702897052 0.747103548185376 0.7294741852221878 0.7237797948955339 0.6969841765705548 0.6989916673927459 0.748784864996918 0.7202353937661725 0.6929462008481213 0.6671365232702712 0.6252986865929503 0.6468807148055395 0.6018710632944354 0.61897836462945 0.6315282034200875 0.5441430820353698 0.5110582831892652 0.5218715963379872 0.5485182538986307 0.580233938264767 0.5780149721783 0.6279763491072685 0.5977802532885764 0.5837450382560966 0.49909261553149953 0.5181054610971264 0.5117669066469904 0.4664476493483856 0.498638211741728 0.5126099125065833 0.44775221284852124 0.499943789853222 0.5103547366402923 0.4699658726536151 0.4256485510329385 0.4251703828563971 0.4007725121116215 0.41284291415883334 0.4047940117950209 0.4329051772997488 0.4103870576422347 0.4310903326845058 0.4537276250543832
0.7848780139990071 0.7221935941805017 0.6798257395162424 0.7088562846134816 0.7610790701686595 0.7503992101551678 0.7413926928667444 0.7046794885248852 0.7001859113913237 0.6487846898662186 0.6110512671832613 0.6493218875573097 0.641709616338575 0.6099470136164334 0.6150196138983994 0.5312981953743304 0.5423662924550455 0.5481868724034952 0.5908823148075011 0.5824293730033724 0.5834731801565876 0.6133772976168926 0.6226688150755805 0.5975216915745252 0.5617983449509826 0.5210853046244253 0.4744061937475013 0.44852803431822746 0.47655824842632477 0.47896930290301176 0.4983258868972514 0.4784779493050144 0.46462668413837105 0.4362215729097764 0.4521278228350729 0.4152341802918379 0.4340733455362131 0.43957706877383007 0.41164623022371405 0.38980231964307005 0.3743791358000985 0.42580203009196776 0.48121060503381524
0.7883746836674909 0.6809908997234256 0.6772644886877314 0.6837567272603525 0.7723204784748388 0.7907793360391485 0.7918442235131148 0.7162977591704052 0.7117052109967407 0.6388800235339221 0.6197102712786783 0.6367846626474529 0.6240554216846542 0.5567850952222078 0.554307904999356 0.5121505918792839 0.4540145406777429 0.5309515778175693 0.5996479879396359 0.6310499619042336 0.6251140794237611 0.6282203529125457 0.6448142146678628 0.5745383028930542 0.5599111681933877 0.49042608316581904 0.4762002476461448 0.48089861257025635 0.4231608242994151 0.5010440674093468 0.4898340805905692 0.49165645452907886 0.511130289764935 0.44434070746180493 0.4132302056447332 0.4159730146321307 0.3949066007829313 0.44261501340299125 0.4307806172226033 0.3743766233303149 0.3836080204172537 0.39197373707762295 0.46678338609571757
