Raster_benchmarking/DGGS/continuous/raster-33.asc
NCOLS 100
NROWS 100
XLLCORNER 1743161.8449787728
YLLCORNER 5469296.267816545
CELLSIZE 10
NODATA_VALUE -9999
[rows 0 to 18 of 100, columns 0 to 42 of 100]
0.2807171353817426 0.25868561911409077 0.21407865038077875 0.24056467449003122 0.2521178780486754 0.24992367144454744 0.25784823033260523 0.27537725646115296 0.28856665779285284 0.3016218532024243 0.2803699721700761 0.2671676342522919 0.24365801781225455 0.2564657423151329 0.20426941020731035 0.21237642538149423 0.22009459854425598 0.1970179279445134 0.21716003193335937 0.23836564218140438 0.22788851319608436 0.24524303573425899 0.19856385460666956 0.1841415840227911 0.17112449515462916 0.1798391571350301 0.13281968111975048 0.1492514612515757 0.14786003259801364 0.15894874738724207 0.1205156020765903 0.11595682874651404 0.13996924958049578 0.11858760098376447 0.08451696210190034 0.09021903842603242 0.13727430329360885 0.1905543628423179 0.19797936842498623 0.19428553760670988 0.2039494706577301 0.20410802406319734 0.20050582573590928
0.3034294328604053 0.28066548545684494 0.2572305138675562 0.2708625057153294 0.2679006281006316 0.2965413550087297 0.30014773454534066 0.2993374888324446 0.2637992633067002 0.2667350155183126 0.2602389265319723 0.25201138458119526 0.2579649555439899 0.25746326649746004 0.23592295221954507 0.24215465673932768 0.2800766431259223 0.2671523174058367 0.2967145111085594 0.2901578516867934 0.28765479148080525 0.27409408509436217 0.2585014851890992 0.2131096001480819 0.18763320101337494 0.19485076802685894 0.18289194469097594 0.18763730258403158 0.15561160984098726 0.1374299644735238 0.14501060731643597 0.12534956535084327 0.10104024726289651 0.10305338103624172 0.10814013369696618 0.11789697637383123 0.13653278962093865 0.1949040045238139 0.19225414684771394 0.18966259489899878 0.21224740402790077 0.2039949284207771 0.20558663961029855
0.2738470626424682 0.29455801341000043 0.26799915571068444 0.2800815106013115 0.26672959527169 0.28186462607193025 0.32336967713394094 0.2921489367005127 0.2926360554320008 0.2634741926782735 0.24585149165947634 0.2675340695583012 0.287928569378418 0.2810282198623127 0.28393018366737455 0.30049918348947896 0.3244921084273071 0.3252064018666985 0.32287644275410027 0.3031485843944688 0.3137775703547196 0.29984017319291595 0.3145689743801371 0.25284612814620216 0.22736114539817626 0.19627237638661407 0.21788391237148602 0.1873121082235534 0.2062408626609851 0.1695332516180217 0.17066756491373225 0.14277505567023255 0.1077076034168062 0.08728233662120995 0.10484184730649729 0.15708494883360702 0.1950702607970029 0.22141552339505785 0.2301140266207012 0.2041824386214594 0.19673561431934952 0.21275994719738656 0.23361903059424913
0.32838979899134413 0.293199968568038 0.3226870437379079 0.3045590483429657 0.3117300207308002 0.31016183065087477 0.3316721923555831 0.3220885213899982 0.29485867613912514 0.27518195669290285 0.27785459956777675 0.2997138386432684 0.31236677033061516 0.2787223480279927 0.29670830368366174 0.3230811430058337 0.3148167303154886 0.2979731298942326 0.3087940728294924 0.30026616432119785 0.3184559677087348 0.3306673954301518 0.29461581821488037 0.268953611155136 0.25255632520878674 0.23718219336461724 0.2322041703190381 0.22167300719163874 0.21362642452005923 0.1743399377382256 0.16754607917847517 0.16554490632452232 0.16216893034876814 0.1263975302862404 0.11636953534581324 0.16164583292022366 0.18435870438369767 0.18036237524421828 0.18665591704190143 0.22043844029542542 0.20363976666642228 0.2230891711731534 0.22876058225687676
0.33250244706205173 0.3201580720614582 0.34904792430296316 0.32970925936042916 0.3603946644399669 0.3533797989511988 0.3192927749509905 0.3454551379569483 0.33483276806000156 0.29988237705070964 0.32138783675151994 0.3311529469285006 0.31360926910073866 0.28606894340932687 0.31987407993377026 0.3075240547743305 0.3318233027249816 0.28623972996555325 0.2849332733410365 0.28351459420290437 0.29653930842020537 0.30753004645282594 0.3513504723215349 0.31530368653397056 0.26635299029236476 0.2610635626742484 0.25332053620705397 0.2266136763563937 0.22706633167246418 0.1934945071365745 0.18403377597746068 0.19342314078933887 0.15742555198308433 0.16368676974233895 0.1574938451687052 0.16699272864556586 0.19439067653318556 0.18298939019307986 0.1721986607655954 0.1922773274957119 0.19925375032505852 0.2275240909804101 0.19875387107951553
0.3707981945652243 0.3329686139929391 0.337914797997941 0.37509508710324346 0.3752413520453569 0.35849244126666835 0.35770237488399165 0.3226430900150672 0.33153221941666533 0.3227430242559777 0.31053004889624336 0.31958197260397314 0.33922842265372377 0.3148071266424178 0.31234971819646756 0.34466012752351105 0.33536946377891613 0.32487864458618315 0.31245753991077196 0.27240193565750015 0.30818311402333765 0.3368557751152956 0.35830163315557145 0.31494061659487654 0.2834526188874623 0.26304298397954984 0.26663734410077483 0.23927543856701702 0.21965625552646675 0.22083293419166602 0.20381394216464113 0.18615664840930435 0.15791356158549988 0.17301758056317024 0.20111467090727247 0.18664582234010854 0.2272647580072801 0.21514968104957788 0.19245761003468137 0.17715503468767257 0.22207791766045235 0.218472341840247 0.20451096215369333
0.35309938981447303 0.39035381005488085 0.38640103140850957 0.3810009098660023 0.34856536389115 0.3451906214598372 0.34402783094727263 0.33556379073509895 0.307221004751062 0.29122603846685824 0.2959990602351946 0.3174575059816099 0.34246748571453245 0.3349698186889295 0.33914060017526804 0.3250384509258483 0.3499921213213231 0.3072314710264259 0.28327045378281324 0.28938340634131543 0.29086318007051065 0.3245511015592757 0.36648940684911707 0.3414957650318577 0.3061248932856358 0.2916612165639258 0.27561132399684535 0.26529191401505653 0.23677734880481238 0.2333259743377712 0.2011814143489455 0.1850922945070557 0.1978165794011302 0.19948133610789767 0.19161529462160526 0.1888187336584322 0.2325146649202792 0.24609651261875629 0.22796003971264392 0.21822427117392237 0.20431424050745553 0.222172807255315 0.19165995358792323
0.3779832317476792 0.41049632527047203 0.4284159810124223 0.4018475083578155 0.3839747880606724 0.353366958047099 0.3462282191390622 0.3415485152150161 0.3299387479070556 0.32730316115505503 0.34342972244505987 0.308865567209163 0.30197901847571984 0.3362778616723552 0.32425993738542713 0.3002564548872463 0.32270655973408896 0.29835585544407595 0.2978122799308534 0.3058854074153596 0.3180970059872667 0.30703573772910114 0.3196828421152104 0.33018360542205055 0.29511246950372433 0.27013453469819443 0.2538316791795057 0.25341205203084993 0.24695230062588955 0.19392475691069552 0.19392159251110752 0.1905279667968632 0.19084885105001412 0.19073017503451992 0.21321744510535898 0.20687068668457384 0.2091242238489466 0.23573338720543704 0.2308017907367682 0.2211285334522388 0.20268008178544264 0.1852758048040007 0.1990501437466433
0.43181835085609827 0.4231984984492439 0.45762146269168014 0.3992659984112986 0.35561698489490096 0.3649762780491316 0.34806925992019094 0.35749751441880384 0.3547396118896647 0.3448532702540784 0.36323877152459655 0.31244301551511044 0.3025379537721798 0.29355869545538354 0.27874129545851195 0.28133144055825043 0.2828765065349183 0.2913381402188388 0.31595553272749294 0.31260800118772947 0.2817613919639588 0.3012984974928532 0.3241068435672633 0.30880294096730376 0.2882856197583138 0.24073847318822802 0.26166931417596045 0.2107357313920894 0.2049036457384604 0.1788320138943964 0.19939468850559883 0.1823888090262367 0.12754965249448535 0.15976125176309522 0.1717977994833626 0.17482276803364372 0.16780814974075686 0.19153487886512752 0.2225483784619046 0.22504787962412318 0.22427140418003327 0.2212772441580108 0.1824574719870601
0.43085052565007886 0.43623450353471144 0.4337365395889486 0.4007675458174041 0.3781183850936531 0.3365816197481029 0.36608026967128576 0.37742405889935604 0.34582110250432263 0.35903197333302556 0.3526314962217913 0.33688428394637665 0.3248280020351084 0.29020427838587554 0.2706669631503999 0.2767563118423494 0.2869694733424513 0.27475195837934796 0.255491445437583 0.26486426696483384 0.25057852102850264 0.28938026509260173 0.29302971289603413 0.267886305809261 0.23917491456212314 0.21269794839390632 0.19696780859682714 0.2005845082831771 0.19235718529410223 0.15968779887388315 0.16752388153910394 0.14529252644296145 0.15128442170637332 0.12978973506488098 0.12101920180441267 0.12423269007938414 0.15474848723036774 0.16303099123581744 0.14862800704354498 0.1839722516595928 0.2061221453950963 0.21388175899969353 0.21744741776523202
0.4553511357353083 0.4576004465565793 0.49512149964164254 0.4498139892802687 0.3848500137435435 0.35492268926385967 0.3572782178696614 0.3537334440936097 0.36620282976091134 0.3704038962584404 0.34950629470484357 0.3265605048677403 0.33628919009294234 0.3163530181516354 0.2657361859555214 0.2576429862822281 0.27804118454475957 0.2826497472576657 0.2617656464765653 0.25694722105125334 0.2647954517154596 0.26640455485697534 0.31238904366305137 0.27450840842533536 0.23678453007133612 0.20051348704397917 0.15312573892621154 0.20225799940103412 0.1761367314153874 0.17319780348489627 0.11575581051364518 0.1321458697599527 0.11456529017127158 0.12071603089215507 0.11246661017295534 0.138302076617692 0.11464587188040162 0.14429965523076346 0.12411028584494933 0.1604539321137361 0.16745033965307166 0.19831604370634875 0.21811576261112
0.4905927678662238 0.4578605569821907 0.4809927450029742 0.4615729704006771 0.44753571441872575 0.3960803177479638 0.40419004589290136 0.39207388796305626 0.40635009037341774 0.3927406728609014 0.3867784402327449 0.34016157595198315 0.3103893466596964 0.29717191828337 0.2668170478351177 0.2832173765485854 0.2784408358222366 0.27693579510919475 0.2873256260772197 0.29721720426459125 0.29776895568939116 0.2660141647984114 0.263109319330157 0.26374147554685734 0.22808760686096663 0.21574738740782667 0.19189924410254403 0.19041422946579598 0.20197877071317508 0.1721852072693963 0.1551741369650213 0.11439228075503408 0.10877823906488875 0.10901758135204574 0.11438244075992891 0.11731498587325183 0.11620518909217013 0.14796383082774295 0.15650718720281537 0.1313007915402098 0.1712159058992145 0.19187181563113442 0.17252116067392712
0.49835231566621196 0.4959106679656787 0.46774594960180105 0.48156630163162173 0.46927351835911885 0.4374492528755037 0.4462777249256785 0.4379834359081661 0.42015517591185025 0.38201799224223004 0.3928225852254381 0.37820260600634886 0.303493357406885 0.30972363593440255 0.2939247996199088 0.26036549917806157 0.2685506725738105 0.2581798065509814 0.30133989255411553 0.31239896298256403 0.29770331141388556 0.297531414438308 0.261647505922246 0.24276439900053592 0.20636316384038936 0.20924079676866664 0.1677925310601016 0.15989280942310594 0.1921273377868764 0.18838201615006098 0.17422676379362678 0.15072384950440637 0.1398299210084493 0.1412956943415874 0.1456656503491699 0.1628992696572306 0.14528934958122858 0.15990454242458474 0.1616246681105065 0.12628993497582183 0.13148470712471488 0.1598105059741558 0.16892019734174935
0.5377716544603935 0.5018245245769856 0.4811622171418858 0.4685690724276925 0.48110753449065086 0.4517509234139631 0.4309521853798809 0.43694533594325685 0.4291491380223215 0.41362889642765427 0.41955730859919005 0.3975756311649918 0.35655735386947773 0.32449006880569203 0.29240829067722984 0.2688318601506823 0.288865804319318 0.25930953615047303 0.2617340818188386 0.30215355818458683 0.307520476687939 0.27568400856564446 0.26954305175453713 0.23422195273295945 0.2076448069973267 0.1873709174080348 0.14957143591003813 0.16290517393418127 0.17714420463995198 0.17384352183139443 0.18186346686107296 0.1653042047062 0.15114067756544808 0.1277109972128562 0.1523739558640563 0.17386386136140644 0.17555527468790064 0.13427924813796768 0.16152160377463218 0.16147869150973587 0.12857572005285015 0.13701371722758027 0.15266693003905676
0.5497432238951961 0.5086724481610149 0.5512101762101173 0.48927088675212244 0.4837501283532134 0.45797875454112363 0.45133739777765164 0.4155336104566696 0.428301420663743 0.40024607608151214 0.41791907088170116 0.3975452348272097 0.3865213002186666 0.347390464729851 0.32423137338184804 0.280037392549709 0.27918042709968066 0.2715078863161889 0.22990979718971707 0.2717693620673271 0.28384879980663147 0.2615489806241096 0.2214026809738837 0.20559481167867924 0.2015406401176735 0.17702989188258542 0.1624840479733582 0.14693776102811265 0.14249996407749216 0.18860918770377838 0.17994501038687108 0.177145653511783 0.15794243642886666 0.18124882567518616 0.16620172825780247 0.15962130431077418 0.15259645949805056 0.18152237495715634 0.1756470425470253 0.17471230752680372 0.1351260594353133 0.14120886873519592 0.1423655093551468
0.5383916434340943 0.5171189421898763 0.5145020187280666 0.49855377744879426 0.48868982993128557 0.4552459044497884 0.421934995634289 0.4353221635240999 0.4164731149790309 0.41750668585329215 0.399230754105952 0.41865118441734706 0.37606758973256826 0.3680403773552445 0.31718691016670564 0.33508702701151827 0.28590454272609866 0.30175181264947903 0.3039481575075829 0.29748572052934524 0.2709827751112454 0.26690912972296366 0.2511781538441704 0.22026386584889085 0.21993528625015285 0.18918622403673216 0.18366003126613795 0.14290978772871377 0.17305158972041415 0.19023501264127668 0.1811033094348581 0.17019046342774707 0.16724971074336245 0.1928279741325544 0.17990393395831683 0.19355044951045838 0.19474267324298547 0.19806379411887237 0.20037218940635224 0.17804639150923926 0.178574202465712 0.15653038612397496 0.16483878061500074
0.5539364965669081 0.5167165861637008 0.5112448276269695 0.5255048110501142 0.4874315341571973 0.48369076448344434 0.4270391279813388 0.4025349948073862 0.3916325849271563 0.39595771690906806 0.4372310295657382 0.4107078394294555 0.41120546967223404 0.39312947207240106 0.33521642965233506 0.3492380500238999 0.3132187669138116 0.33170103288944064 0.3216768833881826 0.323938985219523 0.2697639663927639 0.26046645608161245 0.2639364511386783 0.22607813693029502 0.22219757655460953 0.20552704885998685 0.19056286684702378 0.16196862001902326 0.1686180853384656 0.16003361345322364 0.19469274177386373 0.18865436470116745 0.18557271812576717 0.20500563205471772 0.18162544265601102 0.18995182280425763 0.2076716216189817 0.22445418962406316 0.19578136226817983 0.19843218004477586 0.2221983642510147 0.16940598933384463 0.19921825315475397
0.5787857837578331 0.5688246472826244 0.5325883119107578 0.5536671186097277 0.5124348865540779 0.5101950839215305 0.46419233183456965 0.4453395795068699 0.42650777215880675 0.41354550334005485 0.3920432653158601 0.38736645375669804 0.3672260198856876 0.3832468492149649 0.3577987585731542 0.3570751685932597 0.3177123738964818 0.3338933373597373 0.30951172458221093 0.327208290071629 0.27458955075885894 0.24722562500644887 0.2164180467987302 0.21903757636398896 0.2320232364092356 0.195463268169741 0.17404312213302972 0.1685990465659423 0.183707677092802 0.176487696168949 0.21792428492454086 0.21227866581860608 0.2018835995132951 0.20357488335747306 0.1799379854158517 0.21215473663796028 0.2033207800840712 0.19867970312035454 0.20799521461854617 0.19770610433632219 0.20970291447012282 0.18523877457118176 0.19374048547894726
0.5979123301615527 0.5664559577989869 0.5666046703303742 0.565432701152682 0.5605589635448086 0.5312001668122822 0.49324276637694553 0.4562689131842413 0.3926072419201033 0.37114172776102733 0.36784326775452647 0.38006513595396263 0.37864298380309924 0.36350244006515225 0.3941420563547179 0.3318841701336787 0.3157409628110444 0.3348737189627596 0.3269559141645595 0.3254630500250409 0.31173676248656496 0.26679789245853874 0.22767310884119027 0.21610989812411302 0.23635714667446234 0.23272241866699425 0.22935080276962266 0.21577137244511807 0.17290862234068222 0.2091442050687078 0.20725401117657896 0.19855930448196757 0.16770806703177243 0.20122651955304183 0.22062135680551348 0.17835956770460512 0.1768993945965761 0.18978079483129745 0.21605700082530147 0.196200807364773 0.18244244442020335 0.19295675966875106 0.21608222881229167
