Raster_benchmarking/DGGS/continuous/raster-404.asc
NCOLS 100
NROWS 100
XLLCORNER 1743169.0841455583
YLLCORNER 5469280.942691093
CELLSIZE 10
NODATA_VALUE -9999
[rows 57 to 75 of 100, columns 43 to 85 of 100]
0.4996086996713149 0.5563077840640043 0.5530667841281995 0.5719572932403058 0.5057420865821456 0.4606364814789016 0.48381180233873633 0.5356461841230996 0.5620645208963637 0.5791935144057917 0.5774423650487671 0.5992928706350543 0.5672738015823512 0.6303343067796501 0.611190119281571 0.6329586787694402 0.6145166534676124 0.6381344479913911 0.6903155140945517 0.6780143426945711 0.725065252781468 0.7405759402306167 0.7386642994352094 0.7052895171008092 0.7278382866858416 0.7440438177749954 0.725669273785342 0.7059841604880207 0.661901343017513 0.6725085264431735 0.7275776304564426 0.7515932139389129 0.7046988798336424 0.6530350681090387 0.6523108737249705 0.6052794166960441 0.5916240041125205 0.5704195123830215 0.6009595310757778 0.6023571135407356 0.5889534662076077 0.5706118000868091 0.5902052501525504
0.5616913410239904 0.5750307261197618 0.5531887611775612 0.5882250083557237 0.5333099573920559 0.4986846593480917 0.5234158760887931 0.5579776524807916 0.5339612143708218 0.5736017490563351 0.5693362228526943 0.5564329988319353 0.5839232456923029 0.6546013773050363 0.6774452438521305 0.6789369847586512 0.6991537371567074 0.6879971052833178 0.7343408503594935 0.7486991170600104 0.7744049569262378 0.7757822857383487 0.7817197724846412 0.7418524308701434 0.7458165159246317 0.73491730825384 0.7026886980847051 0.7167002734253366 0.6880707586711635 0.682212170071565 0.7447409794900789 0.7559780172164936 0.6974254019471804 0.7164484554595734 0.6436289426323016 0.6471180674597709 0.6507806828805108 0.6034439269548991 0.6183399272461152 0.6216744953390091 0.6503655874126706 0.6226698016492659 0.6316163557410244
0.5809211657275086 0.5900390575394304 0.5526228880451932 0.5845294219537582 0.5589634061314447 0.5527688335556205 0.5122744205060917 0.5493666747429344 0.5640213657861706 0.5678912785824851 0.6055424228411166 0.6163778714531716 0.6699257100401497 0.6680836601041074 0.6837393280581113 0.686904569842625 0.7048488648198492 0.7152834640046214 0.6915844676157886 0.6992727130858173 0.7539096343074485 0.7415234525532085 0.7569850277027116 0.7897881374358054 0.7381818730881915 0.7591395970280354 0.7497402735151305 0.7568753497191253 0.7298436061882001 0.7018973542924394 0.7044406487340416 0.7294975688946647 0.6952590358615329 0.6811021592384504 0.6619834886268814 0.6818097336016012 0.6561096699123935 0.59991113954266 0.6021907323164819 0.6355735856418685 0.640141255912801 0.6140552498607577 0.6315343165722811
0.5866128994004352 0.5559452802624235 0.5595384382550223 0.5468788737862199 0.5625993108314119 0.5460885520905339 0.539310279967241 0.554904118288476 0.5326506724772695 0.536783353754327 0.6017838223408293 0.6395942838720068 0.6885923280765123 0.7206157990921818 0.7347216566654569 0.7295915489752555 0.7069838733675762 0.7199047961892898 0.7178163555817755 0.7078387711241676 0.72247848884517 0.8016700993705199 0.7861474190593051 0.7998956593106832 0.7980383474872185 0.7783293508699963 0.7934931172052531 0.7751397858589264 0.7440093036332367 0.6736575677259605 0.670758001035612 0.702371817451857 0.6680069761107749 0.6637206775359125 0.6703703931372147 0.7300756689409954 0.6969377264343016 0.6205064422231005 0.6396159284181406 0.6627080775314128 0.6738657565456502 0.6355835037698179 0.6469088801030589
0.574956570771021 0.5904297144026149 0.5561139123301485 0.5350511415037549 0.5428621097683343 0.5634095014861905 0.5249497681494047 0.5766831723530079 0.5717648603640161 0.5854488842216921 0.583188550859861 0.6126521512704792 0.6497933381904603 0.6736889693666372 0.7068228067110001 0.7214471823372518 0.7205368072701183 0.7155220966245369 0.7158566213692765 0.7099636822760105 0.753774726849615 0.7772739370589004 0.7809956356800383 0.7467687887592369 0.7517678424199445 0.7222112387006896 0.7644821979897793 0.7125731777384195 0.7329448377759676 0.7211259154279003 0.7009145224512685 0.6846933537740654 0.6771095282742481 0.6653434927831573 0.6796040383256745 0.7339039401713768 0.6770765069625335 0.6972986827359111 0.6856261408477655 0.6525135153380212 0.6458290036539747 0.643536572238042 0.6180475997765841
0.5467199733758334 0.5815312314832117 0.599749670441197 0.558992672148303 0.5766910567037614 0.575849315663563 0.5543699039776355 0.5270091012550095 0.5277746915813084 0.5757725432368802 0.6299136706186579 0.655448952051258 0.6493888910658424 0.661692590508432 0.6899415338135081 0.7583228157715081 0.7770391797232591 0.7766458933422827 0.7866458638471567 0.7647547116798858 0.737653781942517 0.7194981881532704 0.7248820363716748 0.7419018881051651 0.749332988067245 0.6990470040397287 0.7172964549096904 0.6886072207115117 0.69064404559083 0.6862506913328762 0.6929394353146752 0.7207814260304916 0.7188862748216953 0.7069399337902762 0.688362765761248 0.7341978763919036 0.721916942346205 0.6974756001165705 0.6328678272630055 0.6535844895988011 0.6305512381594061 0.5979995521027425 0.5965876250007125
0.5449637910236782 0.5791584118956813 0.5898990208144413 0.5495812425459756 0.5674694195455822 0.5789236602203581 0.5539051241937326 0.5747530546940492 0.552145541472172 0.5702856178506851 0.6167770085982336 0.6458349600047429 0.6629476926679249 0.6595874144403195 0.6922042359812642 0.7223285792382136 0.798553937651112 0.8044921521346172 0.8289037649553994 0.7735668282257254 0.7624275925519158 0.7332766756946759 0.755498907553013 0.7003591647790968 0.7103352798254334 0.7179617966744957 0.670934472286585 0.6559097388759108 0.6351531194321163 0.6510439984517451 0.6741118897406325 0.71695829822644 0.7312722676793719 0.6842409875039119 0.6722392405926402 0.6494043028425405 0.660682201683369 0.6511137300536448 0.619068921785559 0.6469953823260762 0.6217312784973767 0.6242630222691735 0.6444444482560138
0.5178777895192052 0.5607084956633259 0.5924364410327638 0.5968578390394212 0.5762457796134107 0.5868260205657234 0.5468448819624379 0.5746339373526177 0.5824201564787244 0.5625048993923758 0.6163880011389418 0.6369429553853019 0.6294707120234928 0.679711079373402 0.6888805657220722 0.7551933844522347 0.798667351139007 0.8305798898676301 0.8221888888487625 0.814580306207503 0.7873673088952446 0.747758066250778 0.7194591255978982 0.6877318694596414 0.7028417966276507 0.676749689702949 0.6501056488868574 0.6307332710959322 0.6611119971519629 0.6224593590310203 0.6424566494525891 0.6980649019702908 0.7007341213436389 0.6833209522108763 0.6247752602118636 0.6119727890177846 0.6418983786105326 0.6583678471236699 0.5826660155908147 0.5792144022442546 0.6217575691091303 0.6407124622142076 0.6237461098753991
0.5237339542407784 0.545505703993904 0.566347383473334 0.5205517131879519 0.5382558489240777 0.5511265663094256 0.5404337154578882 0.5279881459348766 0.5851741488855751 0.5983523452570741 0.6373916862452239 0.6290544528388339 0.6578292544171112 0.6750120859762253 0.6962585288333868 0.7628059114758455 0.7791815373094232 0.7662425483135582 0.7685998681714449 0.805373320984624 0.7645319670416587 0.7774645945640142 0.7565138793696614 0.7199447016437481 0.7319254682337568 0.6772688392511651 0.6934614406257361 0.679109902526377 0.6542459105213022 0.6318384456153813 0.6890129525191444 0.7083977810343395 0.6558683236685083 0.6792564031345897 0.6455827884138544 0.6483230805112126 0.6015711135278248 0.6020150142867357 0.5911556851903906 0.5488651070409484 0.5891799776458339 0.6158962679770847 0.5937080388828807
0.5109430243586722 0.48917067171497913 0.5302146486846053 0.5081228562148737 0.5076194303115881 0.5074578408081725 0.5136699446367557 0.5346353200135494 0.5876627596654004 0.6211607448307953 0.6279166423203638 0.6834993458865014 0.6435101081006387 0.6804579179289241 0.694556649348941 0.762476228619461 0.7754659504569977 0.7613774928996587 0.7742016389455375 0.7693769382861768 0.793655829289815 0.7675357995553191 0.7754640562515182 0.7529574439473214 0.7070192242035201 0.7092265415862292 0.7057132020956556 0.6286235071325176 0.6440529325569196 0.6516256632681869 0.6964626538293448 0.6917409408622411 0.6435569014802169 0.6472035000149731 0.6573052016259229 0.6642364562692687 0.645265144772823 0.5953013113828346 0.559538325906361 0.551193176640987 0.5594377954507996 0.6167245182469883 0.6269192128106793
0.44869060985425524 0.4820791669894161 0.5041578571891868 0.5032159360855535 0.5397962704693801 0.5407007961194611 0.5186078613532367 0.5302547657615859 0.5632155455855223 0.5999921426146648 0.5848164187386524 0.6044015941228631 0.6786559955951211 0.698770326811897 0.691107598780211 0.7534241443603461 0.7409013533377758 0.7694343329321469 0.7480807221005537 0.7680583472711475 0.7760124306597432 0.7847433267236767 0.7180112741418739 0.6954097472634589 0.7258480703734229 0.650405790773419 0.6658359871166334 0.6350672553132896 0.6259924253374114 0.6735154336456456 0.6653508432322985 0.6582144224694915 0.6507261009215274 0.6606214813745517 0.634902544675735 0.6517394912763637 0.6177474347941782 0.6288570111131994 0.601129531863146 0.5419434396205385 0.5895928861500574 0.5915265668641737 0.6451857569012345
0.4311354914483436 0.43862354201963166 0.47011752725099354 0.4735419445290072 0.5183323377854069 0.550355127020041 0.537260895852944 0.5151119362100319 0.5325373849346464 0.5751214842625801 0.568147333175935 0.5808486274604591 0.6255176618154065 0.702915045626959 0.724655645530378 0.7248871103120599 0.7180659182075678 0.7152523552921001 0.7250665771392508 0.8063188344135568 0.7762681523330424 0.7673234179748958 0.7586540094632938 0.7052647645481969 0.6533705185242649 0.6209017332624222 0.6564328383313325 0.609179441619256 0.6268617650921022 0.6223840974173087 0.6287438256641399 0.6431000605329753 0.6541550441733311 0.6626964450449032 0.634385859989326 0.6219509426875133 0.6457056429948709 0.6298647310502479 0.6312918660348225 0.5333840943012162 0.6104945338744315 0.6307559330420628 0.6130401219999397
0.4507363435246901 0.47742617641677976 0.4545324890614938 0.5258206735692483 0.546594075426136 0.51440455950906 0.5320496188457758 0.5100672363082167 0.540782512652314 0.5687558966903061 0.547643546756164 0.5856677471673062 0.6323493327234443 0.6821137839716435 0.6839489345170683 0.6800725061882735 0.6982182169253875 0.7244243338426122 0.7243870271069993 0.7288792021341172 0.7260013410550678 0.7641925538494578 0.7488605450221514 0.7250924433254202 0.6761026194446892 0.6450644716241658 0.6085991609923171 0.6445268369942332 0.6509872212886232 0.6910772236893042 0.6749525112344599 0.6525023332128792 0.6782725292976918 0.6393760800705061 0.6206292605380017 0.6322719411118501 0.6432625192988125 0.6387735117990824 0.6312024618218475 0.6064745133381405 0.6084385595756047 0.6152590243559941 0.6302615610944209
0.4238378847696854 0.48663718399698164 0.5176758829330621 0.5031689629485101 0.5466928114577027 0.5501777872664372 0.48911450721632 0.49424801710085653 0.5240628551271763 0.5214061140698941 0.5647401669846576 0.6089355215251534 0.6418286160717399 0.6347508007543758 0.6479594279327542 0.6672873006717769 0.7184741710658187 0.7521386882146531 0.7313826186928837 0.6993235414859301 0.7221982307514221 0.6959950810134329 0.735321182089587 0.7506814024914336 0.7106664053671677 0.6721698557488339 0.6868194447367099 0.6540690541768546 0.6930456465651529 0.7463617527851275 0.7337089590484781 0.7036103390757121 0.678781835902229 0.608053847702418 0.6398358555417203 0.6647973620692836 0.6217789981049893 0.6209700810259289 0.6445955481145369 0.6348322975591467 0.6307751193236665 0.6040681255907154 0.566224768013162
0.41875921627623386 0.4911355515754875 0.5027007805303488 0.5278315007250202 0.524294375260932 0.5254218526010326 0.4909246583469033 0.5194776595717953 0.5345371495412851 0.5505582388505004 0.5469850661299587 0.6159230624247152 0.613982549781526 0.6157116555800185 0.6705180678457802 0.6841742938503578 0.7358541322788905 0.7686253406323131 0.7745167985134326 0.7087367849757847 0.7179164417679351 0.7273981563991938 0.763321533134057 0.7106331338945076 0.6875212346406503 0.6643566257011735 0.6982255040275124 0.7399778217963817 0.7722932130967622 0.787771613722763 0.7270405349901844 0.7083066833952596 0.655480782781569 0.6189581911223722 0.616367354407806 0.6236038896000309 0.6350753169809606 0.6265762730651127 0.6307962003533043 0.6468496285591374 0.6025663689456054 0.6125637781477667 0.5627906204750753
0.41815727785040685 0.44512051866439145 0.4566771142965375 0.4697676670124817 0.4587833828390554 0.46337914973158756 0.4815447125049723 0.5373045685584491 0.5259149754357266 0.536883151053886 0.5463899131492109 0.5935909451903039 0.6176940720308328 0.6638464994281489 0.6259562374681419 0.6377202223729587 0.7089328116848906 0.7624957070497944 0.7184945384546988 0.7554581038189531 0.7582696215015999 0.7687055980337596 0.7209477515769921 0.7229532386434493 0.7310219296777001 0.7270883174226273 0.7186353412893312 0.7946580826451425 0.8027729297992549 0.8184567910667185 0.7445499214981036 0.7501457792745846 0.6698429024777106 0.6300404227889179 0.6531194316062818 0.6299084534670182 0.6510157398913883 0.6643296373376127 0.6464058186407131 0.6019354229955012 0.5740580658549737 0.5662583634581887 0.5590814139514785
0.4342077930657791 0.4253571890799123 0.45461949888423403 0.4766664486022474 0.46426294421596354 0.48814395047866693 0.4776316914374273 0.5152045033744033 0.5205611868957659 0.5381368099927629 0.6058452081731162 0.628519975880258 0.6101783144711241 0.6773381167474825 0.6601649672328435 0.6406184215036347 0.6624161580169656 0.7034399654901937 0.7106135874600091 0.7583377388532001 0.7475450457449361 0.747379467515028 0.7464539218792678 0.7344028956362756 0.7506568655010186 0.743978085900091 0.7789989678575039 0.8256076587931349 0.7814173136708126 0.7571281681000352 0.756945232390363 0.7637110019470623 0.7131568716296599 0.6540379972905281 0.6424035498859157 0.6759250553888333 0.6948327430519314 0.6629166655286258 0.6268792914115561 0.6500599792721684 0.6066697114294473 0.5869861635269121 0.5967255511297873
0.47433890878733526 0.4623762116544507 0.435088997838256 0.461704647055156 0.44583029784164313 0.47179707353878675 0.47499384253702237 0.46421579500894655 0.5481285128055019 0.5744885075615802 0.5819918249457575 0.6054388519928471 0.6499573334163761 0.6500639118290954 0.6636846553866175 0.5976786853353069 0.6726730598307932 0.7163189466444042 0.7256251341761387 0.7272945470695161 0.7051304388748468 0.701498909988362 0.6858502614426712 0.6894865027015871 0.747584658384965 0.756356543460178 0.7640137901560485 0.828366713416632 0.777379836519537 0.7914615069874287 0.7553481088919671 0.7139229846829787 0.7205631809251987 0.6652832001048467 0.715572707821008 0.7118721743772107 0.716493413253978 0.7145565611685225 0.6605524242946103 0.6385631758018006 0.6318283972457028 0.6404046459575949 0.6577217989856539
0.48722779109062203 0.4896838352588845 0.4805212309680213 0.4923263267786634 0.4814498684423466 0.46532900157699564 0.4573326648700907 0.5092485467639633 0.5428075736354315 0.5686282715311534 0.594739739378564 0.6317243876082592 0.6268449360864131 0.6158258921622541 0.6203583412091294 0.5853226676147094 0.6252712040542033 0.7059834859952464 0.6964580638429502 0.7108873714196223 0.7052968084092388 0.7294494975291829 0.7027100522902302 0.7023099151083013 0.7051244458889173 0.7577071368058893 0.7635400307513914 0.7881497994749228 0.7920945177956801 0.7554144963343888 0.7340113466748143 0.7614814388139535 0.7246256762919303 0.7196077978838739 0.7132547286043496 0.6785968568941086 0.7288933179248217 0.7164675557515091 0.7055551329566603 0.6776281762008481 0.706608805921514 0.7215351163419322 0.7019994164858798
