Raster_benchmarking/DGGS/continuous/raster-120.asc
NCOLS 100
NROWS 100
XLLCORNER 1743154.7815280985
YLLCORNER 5469280.860333668
CELLSIZE 10
NODATA_VALUE -9999
[rows 0 to 18 of 100, columns 43 to 85 of 100]
0.6437734099022894 0.6320004995772086 0.6319791365717358 0.6451048650545103 0.6453171196079781 0.6435278125390196 0.653389843204798 0.6396087757812877 0.6490654560667478 0.6347671437195868 0.5978794534649082 0.6218574503884118 0.6007084066409535 0.5614206116281396 0.5559896174340173 0.5596662852929762 0.5196508964444585 0.4860841144161708 0.4787552189200269 0.4889944269102104 0.4748158104389819 0.493481142199101 0.47460350313602623 0.4784933523667292 0.44763194721042354 0.3963763041273253 0.38303506505319146 0.3734002060789726 0.3891851123160058 0.38038655846499503 0.3899448893065428 0.3593028896217447 0.3787155649880397 0.35248266949006746 0.3636622090049807 0.35865228742583233 0.3562457076427429 0.3618779476752402 0.35591126365093106 0.3197085313385622 0.2900032623845638 0.27504801863565703 0.2760629553451469
0.606567371762027 0.6200212316588793 0.626895535815967 0.6199647476825995 0.6199410874435467 0.6417430832195546 0.6616226290621584 0.6505510386208666 0.6440060048758338 0.6018546492668062 0.5971420363527283 0.6158708871145249 0.5948371857407473 0.5599894637052798 0.5837731816215245 0.5738615735749544 0.5315935900965869 0.5133179392529807 0.5025269017737573 0.5226088994550041 0.49882152109485955 0.4733638401217745 0.49084422458350113 0.4555318089651029 0.4384190873368538 0.39672342417456585 0.39487458387425045 0.3910087597892956 0.3906944576892222 0.375465204527807 0.3864462458624765 0.37577937392226063 0.3532325297936955 0.3399044872879853 0.3416533442968088 0.36778491240615757 0.34704589339679326 0.34848450820430976 0.3354905606741012 0.2886383221196822 0.2894327993210175 0.2785861168346201 0.269789354103109
0.6006546628580838 0.6241075206263097 0.5951745325178126 0.6376558765575915 0.6468912364099515 0.6419615077725694 0.6259125320149874 0.6320257251911138 0.6300154043977779 0.5961306562517894 0.5990089878427036 0.6244599026294941 0.5876613313774276 0.6009356466909578 0.6068840604640263 0.5891986613854143 0.5478699897216427 0.527375968225363 0.5196812072527879 0.5407197212295094 0.5063583161830418 0.4703548308746778 0.496803596206061 0.4841577661436085 0.4164750479031833 0.42292741129502615 0.3942227996054714 0.4084831230114832 0.42848145850019115 0.40449994687568686 0.36294506933970333 0.34137649087861704 0.3492550912212111 0.3541514724824509 0.3422647666426591 0.3283966213411594 0.3552632388237785 0.3372906403173624 0.32241045602628415 0.3088290373643542 0.28513574781999257 0.27266508275418616 0.25780725405056654
0.6179849155085325 0.6202660957712275 0.6161382589729075 0.6059955828778659 0.636881950415466 0.6719090274781456 0.6482366840160045 0.614081210211474 0.6116391562512201 0.5716959687140214 0.5880510136194451 0.6331404534972608 0.6042658828697244 0.6238523419775455 0.6013993830315804 0.6252296154207664 0.5955152069043541 0.547848553308946 0.5718137937320247 0.5587169740023875 0.5370725167548476 0.49173251020463815 0.4805629946251023 0.48549539746628945 0.4265653816046666 0.41530812370411263 0.41734795550907994 0.4526250862668045 0.4500676233896326 0.4510559074306103 0.38990640487449907 0.3295344979266273 0.33387248967907185 0.30529910544022326 0.2930892727760181 0.29383029610955835 0.31106574956785477 0.34540666027272504 0.2934182399498176 0.30508026281725886 0.26206084721501494 0.26118544075887706 0.23155563919784777
0.6315068958235165 0.614368395500037 0.6155449981330721 0.6233927984845573 0.6299434600427897 0.6521509705533415 0.6368751696947085 0.6437705944801174 0.5974426698559586 0.5971888086809679 0.6059005092892056 0.6312733992550484 0.6292112765922302 0.6173892170552006 0.6282963558294896 0.6142379158540505 0.5859940291418416 0.5740852867152592 0.5795478629965761 0.5467877269047347 0.5400980114576606 0.5189088189347644 0.4840331971047068 0.47756878054687596 0.44831561047760915 0.4342845463383368 0.41802080419829196 0.4369505156356722 0.4163992846746758 0.41674537662414907 0.3617797176868676 0.3413974119310103 0.32759203079761795 0.3185905640244564 0.29317509502338945 0.29286605762468837 0.3046416363896021 0.27816422559998477 0.2779849696748446 0.26890147902749206 0.2825660595163446 0.25324760257073164 0.22806610608662953
0.5983323637588048 0.6160743117400934 0.6335266086551103 0.6052247345958303 0.6221478667511751 0.6284796056544665 0.6494495240171586 0.6517651332921899 0.6335113905070435 0.5975029446748252 0.6158927564353496 0.6345901123535524 0.6236994139210319 0.6592405745289559 0.6557774864706342 0.6268637942964059 0.6236538088597146 0.607145905440912 0.5799685185103987 0.5918341549955117 0.5710497250134775 0.5285775944658438 0.5224427449289485 0.47314659122393904 0.4505047720706969 0.4196538138246119 0.41009772629247543 0.40927023451538547 0.3879293626760527 0.37789542219801175 0.36264191896134473 0.32911001951554975 0.3277600627297438 0.31546042157832865 0.28234366539809064 0.29359978926364055 0.25425890684334684 0.24052998932808756 0.25518635798629646 0.24255418332014173 0.2583746738213191 0.23660368980146607 0.21327745779753615
0.5678288020489792 0.6070680086957957 0.6126986746152878 0.6302846420105785 0.6178240837171446 0.6302671211958403 0.6320906748791473 0.632267201853234 0.6409841733053074 0.6272286626735419 0.6217799403830259 0.6167058134838168 0.6419880501610378 0.6536550804440145 0.6362063878872756 0.6567286719606203 0.6435651911750764 0.6254779268871753 0.5870500259456064 0.579344595436088 0.5587744836609712 0.5387676407390286 0.5315420523935138 0.4915962213331398 0.46654136349462866 0.44550544359335237 0.3941479418625053 0.40340553047291416 0.40715549763330217 0.38550675186627764 0.3834975011083022 0.3250266068266601 0.30245343535469493 0.27035447854409567 0.2760366318805027 0.2718966107149566 0.23724348462189776 0.2213809821273745 0.2576571031693764 0.2677012604811639 0.27703850845369843 0.24642659471173883 0.2218894786691212
0.5589644838134717 0.5827760490585128 0.6141123793183929 0.6423861003596212 0.6572347103455992 0.6722596137826533 0.6601052196019247 0.6207222551051114 0.6393585743403667 0.6471788917782718 0.6148229698798868 0.5958365309752502 0.6144284636463576 0.6421791972519542 0.6434646163452747 0.662875003730342 0.6607074176448093 0.6364674358498753 0.615977986197109 0.5724721927462221 0.5711920163331246 0.5938482586486681 0.5339853412276883 0.515155202034784 0.4831972024600226 0.43030768633057265 0.4249350257012014 0.3837375909259373 0.39793481256962243 0.41302291951188935 0.3631933949992623 0.36283990946750655 0.2943383875345483 0.26374856695917287 0.2499601216341845 0.27600564966201335 0.22934549132659016 0.2089698890001945 0.2562899341113394 0.27357509841507965 0.27207289276826074 0.27429468128953927 0.22915633775264016
0.6007978145778308 0.6148836428956024 0.5926629220376709 0.6249125516504099 0.6201998363840854 0.6331969480864105 0.6485514581969526 0.6236128033633253 0.6296529211183356 0.6497320373904576 0.6270392980936297 0.5922216602850006 0.6311979387414789 0.6552846171576369 0.630514184932598 0.6432976196950704 0.6309528621608728 0.6151007615599094 0.5835061789901509 0.5679237131150331 0.530105107328092 0.5258589998433087 0.5187151423742338 0.5076357442503803 0.446864002397344 0.4155173925188018 0.42806206252874063 0.405263890886201 0.4008969766848574 0.3854205186679929 0.35038194516183896 0.33029680274495754 0.2817814135407324 0.2771694831258977 0.24005608216744212 0.22687680136950503 0.227571694619454 0.22554243451628664 0.24058327700010904 0.2565471439995741 0.24869895704640227 0.2638356655343137 0.2609661046436034
0.6285399519879016 0.6162546108203312 0.5783636214358031 0.5691630954949003 0.5846500504864215 0.5930187499106624 0.6310731196203759 0.6517290473936295 0.6374726465596245 0.6131934877432362 0.6193647921479216 0.60182410073687 0.604364719154751 0.6335035414656829 0.6365765423475402 0.6415820614123668 0.6116723151868859 0.6013988993081191 0.5518323694563971 0.5353072269713771 0.5177531093306722 0.5010771881428407 0.5020351430527109 0.5001946804741841 0.43938556237679866 0.4250433986246098 0.40800177192081705 0.4202191519810671 0.3964191434047515 0.35847869475580035 0.31660511702016736 0.3186243072376259 0.2726440564294915 0.2445188616112846 0.21984137600239081 0.21725149264086877 0.19943158187563464 0.21374975897151005 0.2202269871467755 0.23844143812407295 0.2567466890160539 0.27578367947792654 0.28206837866399753
0.5916443563375438 0.6035602711785252 0.5721673316013492 0.6006715117650928 0.602823130412902 0.6123631081119973 0.5988028003633846 0.6260514400985674 0.614815792369406 0.5937370637834547 0.5986976804124571 0.6088704361632854 0.6322048706555036 0.6420525771015319 0.6220958590210929 0.6280045956582188 0.6019862146829325 0.5685832302970705 0.5560170581659959 0.5174163165562509 0.5030108780168527 0.48140026168801275 0.48391220321723916 0.4674232196285376 0.4581129551001244 0.42033746229743124 0.4033442946105474 0.39752432145200894 0.3905014180603059 0.3607898624379856 0.32428103072640313 0.33187511419781895 0.31054935529863587 0.27804126684798974 0.2577728865348598 0.2470460929258868 0.21189322318600962 0.2004121069668189 0.2048067361092259 0.22366315021832675 0.23533457651019374 0.275692393908029 0.2748619450799583
0.5805348231064877 0.555576922961259 0.5822459674759658 0.5883791803323021 0.5841867424660417 0.5744334088701059 0.6055135474731269 0.5971045360143313 0.6136130906112072 0.5725054244732661 0.5742008263237689 0.621043466880313 0.5897590933901984 0.6062695630401029 0.5871652989751424 0.5763629759404977 0.5742129961578827 0.5850889383377292 0.5594148726851506 0.5368464811569383 0.49378199013460494 0.4507882482294676 0.4754149276035478 0.4461653960867401 0.4398426279653991 0.4192891434938774 0.38284985460677695 0.37434018074765985 0.371522148642384 0.3466061485186586 0.32078282872180247 0.3024316177805915 0.31179872093808264 0.3129923691078284 0.28210061976222073 0.2778745106140571 0.2206628416315376 0.21018861445824233 0.23236938749165487 0.24171831982495923 0.2603116694679425 0.260154793426566 0.24052440563946847
0.5909500636786198 0.5609526250010098 0.5476990487862674 0.5775636806642429 0.5906238639391651 0.5729011874793278 0.5938783638465094 0.5815292930415723 0.594632279153624 0.5706832166217168 0.5725726697453462 0.6034174125976363 0.5838266301018141 0.5865259171163726 0.5611167525706094 0.5506556781375924 0.553373346826852 0.542454796429794 0.5298880571615965 0.5245077789085039 0.4981981524905905 0.46971940952960667 0.46299999850520523 0.4619955649244533 0.4507409737656693 0.4246027354269638 0.41540020473379596 0.38730455806036995 0.33731197060281887 0.3426340928307327 0.3356987826013205 0.30029538828264324 0.3167008985042687 0.2885257348055883 0.31161941404228183 0.2852074447685158 0.23368087056530346 0.2085693908715318 0.2241958625639964 0.2491633439412148 0.25643533215524256 0.2732861062378722 0.2674338027313166
0.5795189239960906 0.5504428189814007 0.5521390754328963 0.5631837280066754 0.5754942811702131 0.5999482886329385 0.5885176113318692 0.5581618742713242 0.6027702075107282 0.595275936468381 0.5674008414402751 0.5885994981021276 0.5945931100000156 0.5742433654481909 0.5627432246949098 0.5638875194029391 0.5385976394910958 0.5149810981788413 0.513915000992404 0.47892823623720493 0.4553051512830843 0.4497221481857424 0.4244547883385416 0.44804050001815676 0.4137826176284091 0.4373340406790902 0.3710264769738596 0.34931043171601883 0.31106339684471623 0.30207431497477344 0.318354620314679 0.32777357821244213 0.28430773622187966 0.2838553240605338 0.26418472628748313 0.28502559548042206 0.24844728006499253 0.24293369636319345 0.2699257321830312 0.2823368114397879 0.2976851326758187 0.294111805622159 0.2632014589436452
0.5636834943901964 0.5592365899742597 0.5758263869968695 0.5810567973063515 0.5948528974619468 0.6115818473231752 0.5833979650416713 0.5844696667110827 0.5874199358623742 0.5892416726865998 0.5781880958814994 0.600145337297978 0.5921950239488928 0.5843595496518144 0.536723842659869 0.5243677188037995 0.5395599480814566 0.49485723125331343 0.48091750712234754 0.47552303364008286 0.4214557079401454 0.40011440306630663 0.41072194347600655 0.4075005574116952 0.3939549315921088 0.4110937151922722 0.35919287289890695 0.34445910002342633 0.29942800166159655 0.2679475214637551 0.28244090367546537 0.2850929733763812 0.2794494825953719 0.2807497629702331 0.25438981072311523 0.2650067669265747 0.24689111409182737 0.26944430611797965 0.2694882528313426 0.2853564655258894 0.30226132268282824 0.27710648839699537 0.2677332376139851
0.5400446161200086 0.5756357047107438 0.5877969521803085 0.5767370986794018 0.590566603950781 0.6072503339117002 0.5822304612151109 0.5846097585019384 0.5630741278044271 0.5938099705133769 0.5835267558421402 0.6089224634114703 0.6074861667629639 0.578385141718926 0.5414366015011546 0.5172284785572622 0.49579640099766425 0.5099339484830216 0.4792217846262821 0.4654610729969718 0.4120140359631486 0.37840189450107536 0.36000865024439516 0.36796851093714805 0.3697952398229689 0.40003246873885834 0.34654779961206716 0.29521732466911854 0.26090227730633836 0.2608578363256689 0.28645514166666664 0.27816875088582665 0.26293613312369807 0.2599114821759544 0.23309704606482637 0.2652777121116663 0.2570357699320878 0.23213736886448685 0.2745668194163174 0.2835693781245623 0.2834991940845973 0.29788727099120865 0.29551613558060746
0.5221852476980151 0.5352418631079999 0.5474450466367444 0.5794629016472551 0.5655924721717591 0.5844453938658818 0.5683936562592544 0.582989570996708 0.5656609985552027 0.569365389034015 0.5541911443996345 0.5878909830308476 0.5839289872440698 0.5789517209858431 0.5535512419415158 0.4947262934891721 0.47781264803083834 0.4688743574773406 0.44921221787296217 0.41881655027926934 0.42038265398552377 0.3739941916794738 0.36130605461453785 0.3673127921242607 0.37227186042015054 0.37588533558343323 0.32305490467146125 0.2950871542254202 0.2691036062083696 0.28062981044576235 0.2538515264439285 0.25403603237075334 0.2673367422548925 0.2697093001157622 0.23484330354033295 0.22733230553629916 0.2208970447549057 0.2081666762267161 0.23519352696516926 0.26334583346941354 0.26793713264656904 0.26123591044334166 0.2819198706979201
0.5272704441501299 0.5166237865651294 0.5284978974168867 0.5765708693441931 0.5516399943876351 0.5471361705521858 0.5438205120908556 0.5429167437588909 0.5292007450015923 0.5160862026378632 0.5273361471976707 0.5360247185201715 0.5451570387874269 0.5616155104185089 0.5194135615595427 0.5044855358796664 0.4950189251721844 0.45289541059444605 0.42117244414393373 0.42388580931794617 0.403681881890585 0.3761994791774102 0.3697667658648921 0.39125088919359957 0.35394036821430447 0.331106274272678 0.3346534675406167 0.30934012168755526 0.270784521361245 0.26468540972314425 0.2735548341006252 0.2547391600021111 0.24171435773716524 0.242007793119094 0.21759214653097828 0.23827358502181156 0.21158424719500313 0.21793082286400642 0.20093927371518544 0.249464425114792 0.26384836744050166 0.2611188094263783 0.28100542853871674
0.4930248417584284 0.5055807970014777 0.542408387300657 0.5562798898135165 0.5377330275276806 0.5344395621486738 0.53265955407562 0.5092050731578812 0.4984775122964417 0.5190745314767664 0.5031868104532088 0.5128389700039042 0.5425919488127546 0.5257617072235735 0.5075417738013766 0.4873246392061643 0.458023809007541 0.4400432685543483 0.44126648215703373 0.41791510851401387 0.4022915639753165 0.3716906040980859 0.36436788926259156 0.35598315836138555 0.3667062406922592 0.31613104941553416 0.3248688188932513 0.3045555094492757 0.2848563605224017 0.2772939325313459 0.2355546253214811 0.23389573255566098 0.2397570665993537 0.23904656038706842 0.22923056935570657 0.19290545355911745 0.20293721954628113 0.1847399026156624 0.18135265955636046 0.2202227318138644 0.24797322816873393 0.2771117086466079 0.2547715582995134
