Raster_benchmarking/DGGS/continuous/raster-480.asc
NCOLS 100
NROWS 100
XLLCORNER 1743155.9843031792
YLLCORNER 5469286.128468788
CELLSIZE 10
NODATA_VALUE -9999
[rows 57 to 75 of 100, columns 0 to 42 of 100]
0.8187720128793181 0.8398179395190815 0.7822164350717817 0.7113066502941239 0.6834450277410894 0.6634402949107443 0.728944181163821 0.7521395880122351 0.7134525524134611 0.7294465569757217 0.746433606554395 0.8069734122941838 0.8801581054426902 0.9146341792085946 0.8441945074388916 0.8264297276338948 0.7685465380731343 0.71255553189781 0.7427714142472434 0.7007009900751399 0.7036758665916707 0.7720383747095897 0.7676473424720025 0.6927307660150757 0.6968459880632015 0.703780471738293 0.741736545685338 0.7108425241128182 0.6847374925250845 0.6367234431987485 0.6887584379952428 0.6855189533175856 0.6530822020843886 0.6485849119798719 0.6939062611069161 0.6648255063656597 0.6680173353901989 0.6879664721429046 0.7113137459914772 0.7381864681852938 0.8111488319876868 0.8157349697116082 0.8617706218411452
0.8656240361064902 0.8596956048269856 0.7823647498635224 0.7252853640835222 0.6938459748987097 0.6901947608735682 0.7032800226079228 0.715591915434935 0.7017133724037462 0.7454122528964403 0.7750783996135194 0.8194745946106229 0.8500847807164318 0.8780229356776653 0.8609740661098234 0.7957477469983697 0.7693293994223224 0.7527895356904563 0.7345314579130752 0.6813738613094741 0.7139371678382226 0.7174679306628532 0.7553780573232233 0.6922849494594907 0.7038168847504954 0.6898659053982036 0.7143844381815768 0.6727006891031743 0.6935629761603023 0.6590698679767105 0.6728080990282111 0.6841852213272652 0.6950995075071574 0.6903094174518262 0.7079447031987206 0.7251644577810928 0.6967414574420197 0.6834734718021548 0.7310569339367878 0.7604440422683594 0.7935567092542098 0.8191697810667973 0.8372481794910205
0.8322111565132252 0.8375613796405308 0.7808027012416988 0.7545805621467155 0.7096674264980571 0.6399011196198329 0.6550525623283666 0.6927195844806593 0.6975876787677007 0.7246521457309687 0.7509217233191202 0.7965101219853552 0.833291713387669 0.8415985324550356 0.851209294707998 0.7998549769440145 0.7633555723451942 0.7684477324895103 0.7279928223840276 0.6742824786761915 0.7407603070940599 0.7388040671131963 0.7588184826934948 0.7116596430202097 0.7376877884558578 0.7312944928836083 0.6913320379805562 0.6763372728967193 0.7296073048323781 0.7227720795299788 0.6730870929688328 0.6917618516472988 0.7168282380438757 0.6967296026069458 0.729464378800292 0.7066263872821048 0.6827797164283689 0.6697847401104324 0.7225364852886496 0.793307301993665 0.7617396823716375 0.798796170073893 0.8342359991224335
0.8451753452693856 0.8231508427892767 0.7568141287303539 0.7368826739038332 0.7081176718788798 0.6516489366546038 0.6511410130176664 0.6955589394291073 0.6975344552790723 0.7241195979550547 0.7343705649892736 0.7363826099935903 0.7879337882053308 0.7776152320169255 0.776353630092432 0.7539772132617913 0.7491958785398365 0.7514177194015704 0.6838787467560382 0.7254150719695756 0.7374530111339133 0.7165004343243077 0.7310902563594237 0.7431334095328977 0.6813787555247123 0.7040670713279745 0.7014928242159691 0.7283069244348217 0.7001857178909218 0.7032549954361454 0.7262361640647454 0.7350851084773593 0.7471382917351908 0.7219554024132273 0.7118964660886662 0.6940380868697292 0.663587358634433 0.6971239217914773 0.7311925511476245 0.7931092593566149 0.7841491486758125 0.7708324348953963 0.7705476609560447
0.8474790415577166 0.812909859684385 0.7352513402258454 0.7037500512148731 0.6851919037899585 0.6624469671400566 0.6380342855163832 0.6364379196291058 0.6480737901222697 0.6217628066981128 0.6860742268277298 0.7227965764867421 0.7471018545394134 0.7749119959978579 0.750216269440057 0.7132130302803601 0.7048691853067679 0.7026406789605616 0.668862589979937 0.7199549221378615 0.7378662339714868 0.6943766984134451 0.7355201770533564 0.723738953388309 0.6677951751141151 0.6775029948660136 0.7201103852381192 0.7648347046562333 0.717954342449976 0.7496865980724573 0.7588891280162766 0.704150412852755 0.7706299870123957 0.8015482827354098 0.7588909591303872 0.6997706533560136 0.6794783645123464 0.6680191328504699 0.7503384559575935 0.7468521142142045 0.7708644241301984 0.7858666207593848 0.8063648283836292
0.8415235174086142 0.7773107100240986 0.7459348062250382 0.6974846522546173 0.6933268406707792 0.6476269599830561 0.615498729524036 0.6017295550194761 0.6344464792797061 0.6100714766408655 0.6782615788497693 0.6770637616538421 0.7164445816811719 0.7262908748823652 0.7282425091919044 0.7509391226086696 0.7417019819334992 0.7110014409824478 0.6866064748717412 0.6962987279588546 0.7064936637851329 0.7147456168272779 0.7260775245543348 0.7229609406648962 0.7185407553313673 0.7090586157369383 0.7436976094682797 0.7640392813006789 0.7312246588555937 0.7467380619478522 0.7814145722589059 0.734153782500905 0.7790914518167246 0.7357831308020735 0.7352540101721107 0.7208302045655203 0.7034074487664217 0.7194365968724986 0.7271047818671922 0.7326327202994187 0.7367350345585293 0.7708871823925052 0.8021497251384344
0.8244507142553057 0.7777750846925539 0.7273524214399644 0.7002841220800043 0.706909418965528 0.654020281930865 0.6475898934807248 0.616650540920498 0.6039282006223372 0.6175884955975977 0.6083683995069176 0.6575289438154628 0.6841018132473257 0.6838219079829282 0.6881223918552962 0.7297634873411154 0.7566793129007833 0.742266472043088 0.6943575943037621 0.6936139284656472 0.721749354577505 0.7885794265552568 0.7772458116068972 0.7458806438187914 0.7678240033447425 0.7257383490862049 0.7297872009213145 0.7357187592045654 0.7932716138368675 0.778718599335337 0.807718458945928 0.7612893785755613 0.7486769793147878 0.7498131872750085 0.7184981801221173 0.6977424102145521 0.6906394746304673 0.6842818859678471 0.6994533535284193 0.7002760471006593 0.7264354925958334 0.7976285821052289 0.7848209847176184
0.7832865516712643 0.734999573398533 0.7550218224978156 0.6929205127764815 0.7062720746216585 0.6566356194956341 0.6376679305172391 0.6299114264098165 0.6575168811599822 0.5961857218224139 0.5932507410371272 0.649450459827879 0.6433355261825021 0.6625402168111006 0.6824327419884404 0.7379518486508329 0.7672576734256025 0.7638709832215181 0.7111483592183125 0.6946517437964552 0.7296374001592391 0.8034639397559079 0.8180499246427593 0.8065359931255214 0.8020354253480005 0.8002642788246878 0.7644221495079956 0.789462265310803 0.796764159998432 0.7757582398736939 0.7851552888014793 0.7865977475073844 0.7896702041774937 0.7200059775838208 0.7115070991177982 0.6791371936402577 0.7023689992460772 0.6856561985151839 0.6548470833950392 0.6738309951937501 0.7370042957584555 0.7806679848019716 0.735360409969721
0.7473907616284247 0.7542803139479031 0.6989552227509732 0.6984016129002146 0.6755981643538128 0.6491762727379189 0.6472293950790722 0.6571891203309924 0.6159225690490668 0.6158138920390341 0.5835591199461959 0.598217956499911 0.5838410617440513 0.5989745984038606 0.6650402262659235 0.7264412390115503 0.764486978592632 0.7561431183283029 0.7380473478188048 0.7145405530138912 0.7793114711114161 0.8351711469397904 0.8640938229003656 0.8357534909654395 0.8272285930476166 0.8089984826934722 0.7890579909056767 0.8145338550160803 0.7985971416842014 0.8376970146616429 0.7970808498857562 0.7942258697385723 0.7808001253922441 0.7239291470587869 0.7137565779029899 0.671981391292968 0.6676511201978231 0.6710738349529546 0.643358592167519 0.6842512116068993 0.710041436383605 0.7309016846563744 0.7390097449400381
0.7508924773142396 0.7005248519106136 0.679187924321874 0.6941140691041188 0.6396912434456545 0.6788832471793941 0.6296013297837658 0.6393680605943127 0.6085047913377303 0.5772304756470508 0.6254454439636004 0.6211115722948486 0.584239959574427 0.603085156494107 0.6407814096486194 0.7020497201414957 0.7206018485666286 0.744642372192729 0.7466143358798971 0.7279251604862662 0.7886234528274302 0.8422535256262875 0.8475338004253754 0.8463355612498371 0.8164451814413539 0.7869875974604715 0.8292308805935558 0.8423368040514397 0.8102851281773258 0.8570039285107853 0.8457766532061611 0.7867577195114341 0.7596645339467597 0.7297178995194115 0.6894207626296527 0.6792862061777545 0.6535979670065629 0.6583690469810377 0.6865343747419905 0.6908645587168729 0.6692332396356557 0.6931761758585177 0.7297741552141077
0.704049741581774 0.6890058397272169 0.6666771703765363 0.6363471385670659 0.6691132891175722 0.6858989426872332 0.658900113098363 0.6516974385667863 0.6261083124456384 0.5878566631332153 0.555220327649342 0.56956702445147 0.6102106337847248 0.6341012265996634 0.6212364547041936 0.6790473953551476 0.7492110362821675 0.7622927577376487 0.7387530115217255 0.7610476929806361 0.8256855401649387 0.7985434942768737 0.8386009624420616 0.8278639706366966 0.7749062352436337 0.7606870776263839 0.7781972288974425 0.8138018532995795 0.8562598654054481 0.8703409566667889 0.815672405982455 0.763973118335998 0.7108018502328983 0.6773968180368172 0.6876681345408558 0.662648584843635 0.689028749505435 0.6682790923728259 0.6398220899798256 0.6414244170020298 0.6936368120516828 0.7179777616843651 0.7610803605130333
0.7109930456587739 0.6657521031766567 0.6546387420908516 0.6240376748868717 0.6134035912763324 0.6143570455168461 0.5966954162402094 0.6089712434814489 0.5908519875056151 0.5915510880306668 0.5663209144683458 0.5802523727280402 0.6511286113492383 0.6429307609737215 0.6328108463645306 0.6463492662981973 0.725041795029016 0.7295463760138177 0.771353700019133 0.8071041600795212 0.8271712013213529 0.81992066960641 0.8350397816234896 0.8516773099919392 0.8120849234995466 0.8053285565910426 0.7690414145377262 0.8055714655014449 0.8620955625649235 0.8315652265667853 0.8203335963735644 0.7521045126345142 0.7495236661305597 0.7009574919888809 0.7081587589161258 0.6931723822793758 0.6542496846416933 0.6672821849432202 0.6690114701020714 0.6841745767980859 0.6840181563474417 0.7013009015134687 0.7625837799920631
0.6374475568278979 0.6087883407187722 0.5906416272944449 0.6136548743660427 0.6390507072925747 0.6210120890872987 0.5986383428232458 0.5458102769549108 0.5858677991866037 0.5541293537000526 0.559714009072857 0.6152598481934759 0.6277795285940487 0.6634097304040089 0.6531133372591635 0.6507445757695401 0.7081320593231261 0.7788627836530386 0.7866276978637566 0.8398848162396114 0.8179084661104933 0.835814403512416 0.847090145369054 0.8406648602227154 0.8081760544372804 0.7695311036261204 0.7855663927772908 0.824502891785176 0.8440905151421961 0.8674900846162715 0.7838138213730075 0.7570849293098316 0.7443789572460124 0.7788244379763376 0.6924963089210742 0.6614511997839192 0.6648870909570858 0.6739453865976878 0.6489134206813624 0.6430888970793177 0.6850923102579632 0.69179496024528 0.7454089796776768
0.6358351131092728 0.6413803619750397 0.6169118781244036 0.6330845916747104 0.5855427323674548 0.5852598111820481 0.582134059884825 0.5922253254950716 0.5516776726812458 0.5763019108726126 0.5851131018959603 0.5509445978598877 0.5858430369242295 0.6193697201086152 0.6355096874496653 0.6915290341559162 0.7000592832529325 0.7310810902630359 0.7893030873393847 0.8283222837632425 0.8444437301948479 0.8250903850292908 0.8540101519001994 0.8288714673694533 0.7926891213044923 0.8364173159840681 0.8099019919324453 0.8156218980652387 0.8203394460361579 0.8143773965690694 0.7834853052349142 0.7787914293314625 0.7802614588196628 0.7328358425643123 0.6896115391327502 0.7123493001711368 0.7001645075368362 0.7091048077804388 0.6678833821432331 0.6865331232312387 0.6563695340458254 0.7210676583357797 0.7276525382509764
0.6588982932463752 0.598152897276159 0.6356201172166023 0.6233038742425946 0.5937663419336022 0.5629479741850394 0.557173776805974 0.5710561355888873 0.601767655143038 0.5968188391066586 0.5583165573581637 0.543873978064283 0.6091880818895534 0.6233259823968487 0.6322098046149822 0.6705858015216347 0.695142259487158 0.737610423432035 0.7646205384802209 0.7989422963932972 0.8054320835627088 0.8309083203938091 0.8216741696285241 0.8013019999483997 0.8460992277969613 0.8555830462484664 0.8284941528264604 0.7880131276826721 0.7660970854926277 0.7510313170809728 0.7175237469063586 0.7284754938508898 0.7549359385935915 0.7332386660732767 0.6840155832822788 0.6710459601412612 0.672447069635268 0.6703051485084225 0.7001433867142224 0.7142222406449966 0.6965543852373557 0.6885914807965947 0.7443135155014053
0.6464494379436663 0.6478528809396384 0.6006872199098654 0.6269884649776469 0.587042009589767 0.546360075892427 0.5592088718005421 0.5412897923084445 0.5710513497636241 0.5408342632201305 0.529985679814086 0.5210577754818227 0.5836345284663501 0.5625031417169748 0.611832734482513 0.6400852275795608 0.6868058523355677 0.7095631639427042 0.7104717567627689 0.7451747307138341 0.7617117079057798 0.7906364234146103 0.8346433703915268 0.8188640963906189 0.8455697563569197 0.8651431259207847 0.8054758557971232 0.7938288912682487 0.7440757976111779 0.7550311299457593 0.7110653077561325 0.6978423008928166 0.7156912041716068 0.671675839652458 0.6376076761400122 0.6381690907620939 0.6546774335466164 0.6516659059704576 0.6797642221153818 0.7217761346044039 0.6951927954608335 0.6959647448591385 0.7452329194531149
0.650317351254204 0.6935354341024036 0.6498902117047578 0.5841520371173826 0.5701996532303331 0.5099448906091125 0.5005231238843956 0.491653254492149 0.5108410548012992 0.520340529871162 0.49761443841355657 0.505758091260776 0.4964790164447949 0.5320097736939275 0.5666697253604783 0.6278220301380855 0.661518977026251 0.6639053412002894 0.740541165581173 0.7411229668501262 0.7965281518697164 0.7949729699926225 0.772893325895104 0.7906978932243475 0.8189916523440265 0.8458722138928909 0.8340192394974361 0.7545648944152799 0.747109728588812 0.7729446869852122 0.6990178699974765 0.6741877035065001 0.6464317605922234 0.637204323986675 0.592023291980224 0.6126938476262289 0.5978574553368049 0.5882558347385666 0.6414282607262513 0.6817057693322736 0.7100364179463997 0.7016895355207793 0.7747995147962383
0.677386557626097 0.6632627053595519 0.6388918129439161 0.6126855200734111 0.5655114421743999 0.507175384603271 0.4818330568936107 0.47928698846773493 0.48390330654397 0.4877578451105117 0.49343555045883497 0.521099035772339 0.49640987660158453 0.5282312921444188 0.5291332999045998 0.6134400173531999 0.6252787627142052 0.6591962416957646 0.7291353676861789 0.7424875053928756 0.769145404680908 0.8012560505742549 0.7725061284319953 0.8126695583704843 0.8093668997013479 0.7913333215892848 0.8101324326571027 0.8064580223242664 0.7741861447532233 0.7383107112854567 0.6847475517399273 0.6596374142199787 0.6273186308840665 0.617118327050752 0.5986597961477305 0.5942892494208891 0.5445919232940097 0.579351682839679 0.5951634464955274 0.6097686400570822 0.6727910341907223 0.7120078240659382 0.724736840583969
0.6269183667553997 0.6557429330881314 0.6325348789240688 0.5679902892244422 0.5475046583662148 0.4797579495026655 0.45642210379838766 0.48937471999490706 0.45733553311499464 0.45647543270061147 0.5275281522132202 0.5475236060125602 0.5292276712992019 0.5068532221972408 0.564711227705996 0.549660991199746 0.6282789554700253 0.6850640243723971 0.7373064438632578 0.7533869765769344 0.7682149170579252 0.745261238295963 0.7358522409464682 0.7755713833357372 0.7793488067348772 0.7725150314773461 0.7572343518345543 0.7858050929117175 0.7349529681735631 0.7659079646251415 0.6873411498962748 0.6387417681467965 0.6611082462769531 0.6644168065834313 0.5959442912573732 0.5612077345867346 0.5223120062890192 0.5260846452882314 0.5654135718162745 0.5815776704607819 0.6223980332612503 0.6380421294110744 0.7046451035184629
