Raster_benchmarking/DGGS/continuous/raster-38.asc
NCOLS 100
NROWS 100
XLLCORNER 1743164.3970481989
YLLCORNER 5469285.192500648
CELLSIZE 10
NODATA_VALUE -9999
[rows 0 to 18 of 100, columns 43 to 85 of 100]
0.36311344300755577 0.32886914681003526 0.3755546017153884 0.38151306010423436 0.37336219449085345 0.3739080198365664 0.339059497751376 0.27413744373657706 0.2663338865865424 0.2423448261820403 0.23572561123268826 0.2108683154391992 0.23604189278166957 0.1942272427775945 0.203124349914539 0.20033191008427667 0.208341769727442 0.22518959494918478 0.28127343780402325 0.28698078760898094 0.27296248457603756 0.29503444444751575 0.3259125699537663 0.372967750519226 0.3570653037869908 0.3911010515874054 0.37768122736114684 0.38183074611390705 0.3645136304365133 0.35016278581425114 0.37418635732556876 0.3949558982929033 0.392081993614665 0.3793606189351534 0.392703085683765 0.3749351769107696 0.32912790287345794 0.2952955373846696 0.26313003633414656 0.2942235099170628 0.27346403594770696 0.28986446634181007 0.3440295330434476
0.3220556694526497 0.3023003287979029 0.3305381460252312 0.3365770631553644 0.33939934784434467 0.3502568145272121 0.32749115045692767 0.302363948030579 0.2862331059911955 0.29248429863814335 0.2579721750924233 0.26170681231700055 0.2631213362639377 0.21093371615825343 0.22367140208977984 0.2178414574560765 0.20629916057800238 0.20616853668003132 0.23853143234856747 0.2950253833001885 0.2699210541054009 0.2817923484555983 0.3376479278756392 0.39383776667498216 0.41053730816577955 0.4386365990267942 0.4331107590092616 0.450529471260704 0.3962222629020511 0.4091381896758882 0.36645491857224705 0.37501974140704936 0.36638428299137277 0.359048448163234 0.35054246430985375 0.3323693314761517 0.2968521032633427 0.310282995953166 0.25742466922281343 0.24492934001574046 0.2982007051386881 0.3352427700677989 0.3719493454642708
0.3281827493853132 0.3017271168394202 0.3008633680531778 0.29839208523948596 0.31157340645317005 0.34162118359998145 0.32902763568579607 0.29974898751202017 0.27187475860181676 0.27118504660044557 0.3142441588622256 0.3058896132513252 0.25876275671266097 0.24977298278204896 0.21003088821329616 0.16570705986597056 0.17052219737410987 0.17493579356882763 0.2447081041445293 0.2513404025273582 0.29296533382449447 0.3122852901450055 0.3146046132475167 0.378745678825827 0.37833355590645595 0.4132495184064997 0.4126658207431946 0.3832357504744825 0.4143246849325353 0.36968248639833123 0.36939327145813833 0.3581881726192933 0.34119064263541393 0.31259989181524206 0.29305062910745017 0.30835778796916924 0.25310812343132355 0.28446340689698685 0.29599727736643583 0.2620921876667701 0.29097446171019037 0.35447080043355456 0.35078190059318404
0.32601542448361703 0.3539413126645443 0.3458733453169086 0.3213685716616243 0.30334925616016495 0.25712367785998685 0.2822073877031824 0.32121297307204283 0.3100437563551202 0.29326835660460315 0.3094630403164266 0.3161692042050672 0.25177638572512967 0.22041427707516711 0.17458821417260081 0.16531830163623165 0.18400609653690472 0.20200850751460547 0.23271091708813046 0.25361123605601854 0.2688624500196444 0.2808275110568988 0.3012037588325393 0.32983052333277396 0.35523418796790507 0.4148844599319923 0.37722876330477717 0.37250482596965045 0.3496992771404464 0.368486475971194 0.3322041979881503 0.3418341989380737 0.28898917130749036 0.3117425313193553 0.2561482045560648 0.23884033384168993 0.24867941415499062 0.25057388982779977 0.27198294956330105 0.29683893963929486 0.33771097212282014 0.35243344165167484 0.36723034983516667
0.27898945423550914 0.29820313671880794 0.2956115139008426 0.2977348794469414 0.30298020580511054 0.30076381066323465 0.27344877369517107 0.324484124701257 0.3490886414655298 0.3485786097602774 0.3605347392110043 0.3311113300623173 0.2908756177028884 0.21146291103456044 0.19893688939149198 0.19823661361749595 0.16368389508504855 0.1606436691182664 0.20030451454942022 0.19736828856409086 0.21593958631970403 0.26285751112525496 0.25293128489056843 0.2850618958925318 0.3755000990392374 0.37492630323371356 0.3675904164379921 0.3384654069795871 0.34295659012899815 0.35786161693517166 0.3590774298474415 0.33549656488571006 0.2829754352683727 0.27116509214499274 0.23767160868475207 0.22705816714168775 0.23035126534951228 0.2399816981768518 0.2751450382032214 0.28936867277875344 0.306382628091596 0.3199667216517515 0.3469971848300627
0.29937163402355216 0.2507427183596607 0.25007614765197694 0.2521436759062718 0.27333248710203434 0.29297817308942387 0.2941932763714875 0.33876442312352323 0.331345584077472 0.3770553664579057 0.3355208606962624 0.35014719114780024 0.2873312235239393 0.22600445786005727 0.2528875839803678 0.20071857848161384 0.20468435226550213 0.16516800645375973 0.21993117008897942 0.2219566593651947 0.2228304831085783 0.22216720440141882 0.2762088895350706 0.2808205355614386 0.33935893431197856 0.3741264138463708 0.40367104097823947 0.3838963752054838 0.3833793924067935 0.31856625991359544 0.31535109562568525 0.3050970329582947 0.25478550761190993 0.25907849743126976 0.2512245319891076 0.2587840010857477 0.22412094495034213 0.21410849534561227 0.23312498075970947 0.2734151414087244 0.2926793713442168 0.3046949177959308 0.3529217096648533
0.2581019937914205 0.3101844947215007 0.3093612150230194 0.3024671975416615 0.2963715506849767 0.3117651266474584 0.346342431862639 0.351124931941017 0.3189137368614948 0.3671469302909357 0.3249949411484335 0.2959596730901121 0.2942384002486641 0.27072526924603785 0.2735853277177706 0.20820243835388447 0.21536129697044498 0.2346374517088083 0.24577075857498043 0.25126023779925305 0.2378346923066874 0.25681038305613946 0.2564007330197396 0.2616718266533145 0.29669871022532135 0.32722083262414636 0.3860866403000853 0.4038134922504415 0.373115495947487 0.36669222775319005 0.33639980366486955 0.3211566249871644 0.2715554923082459 0.2806887795461143 0.2674226279351142 0.25055649468483465 0.22771943013569546 0.2204247477903545 0.2382394911868347 0.25944011056258537 0.3147251610017901 0.3392163275446601 0.31900111927164926
0.2940770943647488 0.29903063343975944 0.33527554721919317 0.3510779200111723 0.3461943884108807 0.32337254875567006 0.32015326194941973 0.3155737329505977 0.3513934347095994 0.3600704075611853 0.31124204394010485 0.26817457072255296 0.28764978980760675 0.298831044272903 0.25220692737527123 0.25973868263397665 0.2706562899207006 0.23754580482951623 0.2682152259086052 0.2635122290849779 0.2300873315166551 0.2078866182375951 0.2307633489561387 0.27686997790875173 0.2955059868088076 0.3397329205227257 0.36201702973089767 0.3612290118218727 0.3594504739129097 0.34911117026503763 0.3325614329416146 0.33675554141182723 0.3029897731466307 0.2739694359562626 0.256527111219585 0.2817357685700324 0.2842077160381765 0.2526399524166543 0.29651520452277386 0.3272696628942401 0.3361067912661442 0.29599737378558993 0.3358788095904823
0.3130518944538638 0.3224927270775729 0.35557960387539167 0.35208386588505647 0.34457815159906485 0.34472216702355996 0.3592877460778476 0.3392019273169293 0.3314590029580908 0.35965638693473995 0.2787381277535718 0.2631982544610649 0.27508526238079983 0.2930373513547227 0.2985756970713144 0.2578971781916514 0.2545600730943208 0.2961991106152377 0.2869375333065257 0.24567950439368597 0.2546936921636003 0.24332061659325155 0.19729109712440124 0.25013627895771784 0.2641691450507551 0.29756122699352994 0.3621794768417422 0.35658510941310156 0.30531166279142774 0.31018491087076866 0.3545331906198238 0.3451346429919204 0.3381463264200859 0.28153860729527175 0.292198985589442 0.29396109375345114 0.2645816101540483 0.3048673034433864 0.29823958666993705 0.31293816149771986 0.33448532245920887 0.32622430571319394 0.3484686450717301
0.3488911607346526 0.3768093585358131 0.3711078574505871 0.3887852353306676 0.3596949091239975 0.33997766600124657 0.32054412983608566 0.3647101294830305 0.33049715904476645 0.3493691159396736 0.2841347499433625 0.2610442830691212 0.2992798456584414 0.32128784544754974 0.31170441728987996 0.29652822806375556 0.2924046996892528 0.3218515392260758 0.29969834374378773 0.24236998832787188 0.23205174947830112 0.22515439668161455 0.23682196159271066 0.18653958026333747 0.2694379602938685 0.31276755152717095 0.34636843117028054 0.3137410094094468 0.2726190570876251 0.28263457212265874 0.3434998636016279 0.33862329297180543 0.3070921804870588 0.29984779952381885 0.2904850059033736 0.27509805184984804 0.29042950032103454 0.28401519849316015 0.2883159746599997 0.3231517808830942 0.3494910979773693 0.38593642242732495 0.3561133713439991
0.31228929813384854 0.35761767811256023 0.3470192399178745 0.36329561464011806 0.34521759612028097 0.3430668031218436 0.3271775664335711 0.33035865205601594 0.3517900890551739 0.3087007937069637 0.3227477402506589 0.3042843210872545 0.29163089713581036 0.3079941126156614 0.26992962903073037 0.27657900838659316 0.3083203604388823 0.3205488250060713 0.2876642462165068 0.21907003609971162 0.24215342875726464 0.26392209721865667 0.2597822066093924 0.25167763556694256 0.2747316744729183 0.2674045329513012 0.28393722702361285 0.27156472721595953 0.2979589319764016 0.2742697412898802 0.3192366347394141 0.3044301774457794 0.3138435367975573 0.32227989289491327 0.3079897782730112 0.3353876333541418 0.3159052109959647 0.3392478841026997 0.3680238475052648 0.37250093022292347 0.38618579990666513 0.43517412560913243 0.4174972165827829
0.3351284269393853 0.3647942415518665 0.3304497058873141 0.3351356228077513 0.3405830715478774 0.35852708807044875 0.3624747436811537 0.3482939542150614 0.3450152472186918 0.28835722495643085 0.2775866446466837 0.29533509708257644 0.29742296012826475 0.2586710642184749 0.23467679298009841 0.25734237292363354 0.309134007126381 0.30465821801764853 0.24415043496328856 0.20963294715199 0.2383394237373223 0.2670335501579522 0.29608605746658484 0.26549378542300184 0.24495506865587774 0.2676112974050544 0.28259866948878065 0.25035289617118184 0.2607829541032966 0.26229694565519734 0.30885862972982575 0.3127912433276197 0.2946921840448585 0.3123952044965021 0.3545896428879376 0.36959008933316434 0.3403267865980977 0.33846780733567294 0.3896621102751735 0.40267840377144976 0.4156764752476909 0.4354815755069092 0.472169595093911
0.35234230259982896 0.3638264704503756 0.38634541092819075 0.3930222093002798 0.3645904418598246 0.35341596434794914 0.3476567339598758 0.3827484303286872 0.3433334150488893 0.2910300725108478 0.26331271807975104 0.26249531806327797 0.23606575604978922 0.2511436586342976 0.23665205161938047 0.26282453169020137 0.3086178546435905 0.28615421627819976 0.2481169028930909 0.2381372050952117 0.2590472649603741 0.29101122186225503 0.2769588235948948 0.2671032670249333 0.25425909703890687 0.2119707989350798 0.23031657273522962 0.2580533693071592 0.28098798182885326 0.24989083822357985 0.2729868855503915 0.30734416791633357 0.30639042062254973 0.3070141610469876 0.3332901646049408 0.3445231813387307 0.3445760189936381 0.37997216800468214 0.39457791580350193 0.4171701764940769 0.4874085389754238 0.4902770288668898 0.4784674102939838
0.3509705174419857 0.33213380851893703 0.3864962514469664 0.39855370878066526 0.34410534080768546 0.3313618830878187 0.378422156444593 0.4208039467140646 0.35021075569733034 0.2706533078387676 0.25705706710205445 0.20242858454235285 0.2350411503521105 0.24292648856692423 0.2688220953344016 0.2841377835854682 0.27649968219239096 0.31315702081311547 0.24597491869647403 0.2236040570819816 0.24495359722010884 0.28074173855632556 0.24006054081353406 0.2223096455794817 0.2365354873726738 0.2090159813796036 0.20799226101843904 0.22429294476449668 0.2527615314223218 0.2873056686115166 0.305236014885889 0.32761419518673524 0.329705244749749 0.3567797074100933 0.3910181588153605 0.38553789374236824 0.35632440377608837 0.36435721536697335 0.431772276289107 0.4584128510375265 0.5212115114871971 0.543772918237362 0.5340955526030494
0.33310023976211717 0.34288870537442323 0.3483936743492763 0.33729070990518284 0.3679602670200886 0.328039682355067 0.34698915907037137 0.3418680242347248 0.32839791358955106 0.28359999505331823 0.2909648515687876 0.2739986448155761 0.2719352748716908 0.2854139454295015 0.2655206453037158 0.29116461782392733 0.26641126830867606 0.27221980247753724 0.23442131818781392 0.24108459247644978 0.2570176755663497 0.23000175708006165 0.2444483421139983 0.24291413027371983 0.2479406970697921 0.21696826640671604 0.22321632251886508 0.25644280242985007 0.2912189149630326 0.28687707095296994 0.33320267154185373 0.3635998734846985 0.3418529228894165 0.37060269524240397 0.40360647417015916 0.42705562923473095 0.4092069213875667 0.4206996725219206 0.4485424095170531 0.4557534589966402 0.5176001107278042 0.5106550042439237 0.5690543332259496
0.34899228058792214 0.326713489141541 0.35391014968080897 0.3581616457936645 0.35371897841458055 0.3374979415829492 0.35162329740092885 0.329163754852298 0.33350598233833123 0.33144720251761206 0.3427346270221482 0.3650219712244017 0.3561604159550279 0.32763370113819 0.3404038306269136 0.29872231145040085 0.2979161560446204 0.23351519223432396 0.2608376929741754 0.2657478076517785 0.2614003963673501 0.20787450339215247 0.21958212381287667 0.2815355993301195 0.27429326176799546 0.2758935037100686 0.23730145551014772 0.25651874327014157 0.2850115380201254 0.3314103542680934 0.35910950991035795 0.39338136075742774 0.3431977302788037 0.3576696806714208 0.41375034807552413 0.4072214667445598 0.414654460950551 0.4469816646811217 0.44773915247080737 0.4960998767583406 0.5247909779496028 0.4948868064734533 0.5368897169494881
0.3379701743915251 0.35004268404156896 0.3330621443323002 0.3037142562200129 0.33043682618173736 0.35062387090933816 0.33750479276636874 0.37535401023380244 0.3636653303234695 0.3371114050017548 0.36959189593099545 0.3526962736792454 0.36621477836816657 0.3800997095004701 0.35772821895519696 0.33705658750236195 0.2853066361306432 0.2876537460852456 0.2676501719205649 0.2587387388423795 0.23871694963130044 0.2133140457517922 0.24059701855648635 0.2690823594947988 0.27750357350651517 0.2959593703267206 0.3053884841777758 0.3323656915453306 0.3482329288171206 0.34951132757735587 0.3492368309577471 0.41712632906123137 0.38942041241937664 0.40779743011997904 0.42757557907696353 0.46955505211001713 0.4572169627472866 0.4684744993689408 0.4571647504493428 0.49450937787794924 0.48374934619064797 0.5104137819659299 0.523928565384428
0.34264730751117367 0.30276461524045645 0.3032650771566349 0.29184711556133436 0.3198946685094487 0.299177194646567 0.3148624973021641 0.385325213890026 0.37281326098409834 0.37283111328502916 0.4279079382094761 0.4139079812706399 0.40486297846667324 0.39441856343223436 0.3603685192089056 0.324810376053774 0.3173397219706541 0.298073921443947 0.2684003750201203 0.21381036532942202 0.23394059606848996 0.19799650766563034 0.238222846363897 0.2397200812006379 0.25368414797353633 0.26319426185253386 0.3175981523620197 0.3493016928258333 0.3313437964730727 0.3411067345509436 0.3563576389110339 0.4150506772850862 0.3998253365893681 0.4126328720579628 0.47191807095135 0.5004067199268747 0.47524154907029265 0.4756116820353338 0.5107807887852054 0.520095668317473 0.5246597147995404 0.5122091143733543 0.5107595411408898
0.35237397629702244 0.35560806207627216 0.33515956764199667 0.3636361164327094 0.3600007798430653 0.32717319211643575 0.35905136627046513 0.385448441353604 0.44257665209238783 0.4690250122480092 0.44948662511783644 0.4279766216508604 0.4357542275175256 0.39261133371953294 0.38224906584726964 0.3417817384782495 0.27622360525503875 0.2779113397349882 0.2706685600428102 0.2615975847437049 0.23859202827308054 0.24910620578022463 0.26017965416813527 0.2851342104490263 0.31363752851059185 0.3380448601087895 0.34756120539861374 0.3512526202785455 0.3845741360968957 0.36935111997533393 0.4147359138255549 0.418906022458665 0.44174549971703714 0.459586663893579 0.4313405100680749 0.4903965158129321 0.4946213588530492 0.5063945097913152 0.4823516897426643 0.49597223697886617 0.5201581956208864 0.5301898592403856 0.5360482718621509
