Raster_benchmarking/DGGS/continuous/raster-66.asc
NCOLS 100
NROWS 100
XLLCORNER 1743154.2276393387
YLLCORNER 5469282.644909481
CELLSIZE 10
NODATA_VALUE -9999
[rows 0 to 18 of 100, columns 43 to 85 of 100]
0.9157893956419512 0.8815554814230243 0.8996055308527799 0.9031540137519091 0.8834717894937109 0.8818652594472864 0.8860389035987823 0.901967997034795 0.8889591016743382 0.9117018463258694 0.8936263873964246 0.8843381958110793 0.8953126674840691 0.8732022913573545 0.8709982900437755 0.8589198715026167 0.8352695908529896 0.8441767029459528 0.842753260608943 0.8342146180432389 0.8451374509344914 0.8345094346828514 0.8017972705580745 0.7970727400768892 0.7814256627654574 0.8090979708960823 0.8009974433174338 0.8186730896989264 0.8027333270536277 0.7723633208705564 0.7478464249539888 0.6773902340320088 0.6743716222287913 0.667436819356677 0.6989077252658252 0.6780222491885959 0.664990446374827 0.6107724181593395 0.5775836113463717 0.5948997684181307 0.5778427225015417 0.5407810858778782 0.5268788506940879
0.9429797122118004 0.8996924777456773 0.8851853026569596 0.8967554015290112 0.8960487129887668 0.9145361954834017 0.904216562684001 0.8879443175964167 0.8911855349855886 0.9209586309841772 0.9277127596359886 0.9219257796063917 0.9322532953775238 0.909529836714366 0.8684992640422621 0.8875802572602655 0.852840350416805 0.8489647716901882 0.8410136784170605 0.8319060093639097 0.8424257458115376 0.7869246642910621 0.7693142759536191 0.7564560821539713 0.7720201121292691 0.7775395141379933 0.765394344966107 0.7750724478238264 0.7533265502814458 0.747473839611796 0.6904295280511126 0.6678270498391117 0.648874549297468 0.6567531608489946 0.6494887428278029 0.6426672951665351 0.643411612754786 0.6202291272491791 0.605891715912458 0.5715771113723184 0.5437465384123333 0.5244223346073864 0.5201450532711921
0.9502393033549127 0.9097652224723289 0.876888502582726 0.901794173200662 0.8819001092710281 0.8984958972973701 0.917854668020219 0.8944558722809232 0.9220183241967657 0.890512722190167 0.8903202785281125 0.9346522585964939 0.9370312205601159 0.8883044368687146 0.8884969325887677 0.8919752045165305 0.8778444754161299 0.8340375428618612 0.8323336659289599 0.8285399507646847 0.8163415137599784 0.7732254979751008 0.7532618709248038 0.7320352568785673 0.7480693720096308 0.7640952985273389 0.7355288042328295 0.716037642711929 0.7041687868103493 0.6815690183699984 0.6509471880020522 0.636854111325929 0.6463904189497446 0.6382513980006468 0.6729263055279692 0.6310221183095465 0.6107930610215941 0.6014357538272697 0.5794098985870916 0.5511723872607941 0.5297767912912699 0.5469578115385453 0.5399537680991823
0.94986940585912 0.8993962719720685 0.9048674020725574 0.9020754933379588 0.9077656964365557 0.8897268213270453 0.8976839301617271 0.8710404381860346 0.8696956736555002 0.8826109355798847 0.9034904655249762 0.9138653067064766 0.9144772876925459 0.8755247293119474 0.8452383011902597 0.8461133018887194 0.8523681702224278 0.8154779883144767 0.8001647644435267 0.7887055237967736 0.7885523072988888 0.7547702881249875 0.746741499261539 0.7365917100135508 0.7590083760470187 0.7366270073191541 0.7081235513402778 0.6889839448808898 0.6694425888860872 0.6685764602829884 0.6705520532548099 0.636899268133321 0.6254939316743029 0.6262878321572727 0.6272301553391678 0.6080235267501969 0.6214688407111235 0.6047873310870067 0.5784653575347175 0.5477234231440896 0.5510247863786214 0.5499526424582536 0.5283903394030072
0.9365757412168273 0.9054622835838716 0.895562612282028 0.8835473104680637 0.8975056019112824 0.8550805927828374 0.8578970860883328 0.8438017952335041 0.8504819532983128 0.8718032264130322 0.9171598172743478 0.9010405544917505 0.8709095114274162 0.8642580247130097 0.8492653237900908 0.8287247148931863 0.8245286903547022 0.78875822422847 0.7922182930066997 0.734761809407691 0.7111794184644451 0.703480132656957 0.709818325899859 0.7109206382208021 0.7329608527215205 0.7138513611496348 0.6817256134706836 0.6631919397698908 0.6318239608364794 0.6437033643248595 0.6516816753904856 0.6331808801393226 0.6009374239692821 0.5819249474202342 0.5957604107183692 0.5830372994319448 0.5984803809106272 0.6037180753866093 0.5725006374438625 0.5485799045590714 0.5374612102407214 0.5336440338031718 0.5292758020696458
0.915868094898036 0.9206644037779211 0.9200316404890849 0.8839146039194232 0.8573793646248317 0.8323669170616118 0.8418691174028058 0.8501391809288271 0.8636728404476369 0.8847810440512478 0.8893522007917114 0.8950636959286115 0.8508875886136438 0.83394695556608 0.829719139288062 0.816338249814933 0.7956803820108175 0.7683476038136684 0.7431120729641494 0.7208955401147094 0.7053043011969876 0.719345037334692 0.7192787684780881 0.676650573573895 0.6861848018419268 0.6737777549609494 0.6789228378624174 0.6493035602084773 0.6174035625421943 0.6326440450505445 0.6206346472818852 0.6222252539574784 0.5975853928805878 0.5762389183992971 0.5881192879867374 0.5547824062656358 0.5501148121137008 0.5771854809731112 0.564034257728365 0.5439540700193177 0.5573007440003048 0.5442138896616117 0.5201917513552049
0.9421614292342516 0.9172204186147364 0.9269428829143187 0.907421755144117 0.8515713459486988 0.8464538807065278 0.8101057356854603 0.8345124794015083 0.8390860625901031 0.8709326148459975 0.8959138472631781 0.8825297028033149 0.8652461687440559 0.8392450831312829 0.8357904830777549 0.8064417264649095 0.7400559005941297 0.7408682916885072 0.7111547490783535 0.7202923632946113 0.6768331496269824 0.6733699757649727 0.6900200958171402 0.6862955800447411 0.6506806194308022 0.6374352982646778 0.63978435581956 0.603959842622376 0.5554491027074225 0.6278518666825725 0.6286916818628215 0.6022139585225245 0.6009245042177831 0.5669328207777973 0.5627904718043977 0.572278747002489 0.5454621692066535 0.5438305705094586 0.5580242188566944 0.5616197878222168 0.551644892336283 0.548065011810768 0.5279747088742378
0.9109916357094028 0.9051922625539169 0.9081746846796814 0.8838370160644425 0.8768297966130129 0.8351961936027197 0.8421608734390293 0.8508214770816083 0.8405937453824314 0.8630662620139032 0.8656713232599769 0.8456530566810403 0.8466763434102902 0.8492026331441227 0.8450416079980694 0.7946378036535234 0.7402333443557918 0.7307415747893968 0.733287531109196 0.7227712181042245 0.6980421328650979 0.6738593837801512 0.6978249402503223 0.6921098089395835 0.6712910649050163 0.6468857451849056 0.6289793506823474 0.6057786823768156 0.6032812536742173 0.6170265167044836 0.6147863322808729 0.5642931581622723 0.5518039681122894 0.5619401530806172 0.5351890148965643 0.5477974323969039 0.5448550990801787 0.5640793320991871 0.5591003303887097 0.5392650039411274 0.5105789740796441 0.5358774361335468 0.5385171097692422
0.8464036735292597 0.860236613739631 0.8724267568604585 0.8552928463806684 0.8704751614995235 0.8508722825295817 0.8426819930462194 0.8433906380844006 0.8494050807968416 0.8279004037143288 0.8589200563138341 0.8213466320892406 0.8048815705424605 0.8172934918213471 0.8136040008726856 0.7949890181968572 0.7693727868811812 0.7392769717613543 0.7149017722402167 0.7426781268236826 0.7183481324946408 0.67244253450199 0.698629676468823 0.6757515944757853 0.6512404357819926 0.6529314591714441 0.6132621975000881 0.5972538774023483 0.6120230458266015 0.5970644046066578 0.5877796378533438 0.5773833613519147 0.5274099366566098 0.5307617374849491 0.5266376193806639 0.5274255274933849 0.562077849771211 0.5204624714123904 0.5021615261143768 0.4990415873188915 0.4923967400510869 0.5211722152904231 0.5100834680498384
0.8344070424312273 0.8713929474950707 0.8598136032039493 0.8776738217928398 0.8530344326858165 0.8441970694927937 0.8464032582012726 0.8453543318570136 0.8417768851708747 0.8211740524074095 0.8164485601246217 0.8245490907421017 0.8096963719714978 0.7962082348829193 0.7751275950621387 0.7782481879080619 0.7817942063297508 0.7477920622273166 0.7175325785043265 0.7290718580206098 0.7261760360620416 0.6800358832458797 0.6949098416944567 0.6640561905990268 0.6268198631373324 0.6198234922233508 0.620062062182208 0.6121162548134538 0.6049792644696818 0.6045439782832712 0.5753729440418118 0.541476874242858 0.5437414504303469 0.5283442968357173 0.5289291110789185 0.549738417351961 0.5279140307105921 0.5375801676071497 0.5120072866404065 0.4866733566001216 0.5146895080153883 0.4869096080347941 0.4817427791061801
0.8450831789631446 0.8575627000131759 0.8377893385034134 0.8342406680600397 0.8465165243960447 0.8473373965185201 0.7986448039133974 0.7985911575530595 0.8108818373500873 0.8001840230851788 0.8075836416845543 0.8035544561740211 0.7732945219347073 0.7938467164050617 0.772840380918215 0.7772352117787636 0.7820521903912496 0.7494453894365438 0.7488158565022262 0.7165798737394256 0.7086380183563094 0.674425014010299 0.6543641028157642 0.6585890153453042 0.6459711569670513 0.6312987795528766 0.6246759915862979 0.615004825911748 0.5906864802156824 0.5697217730962388 0.5873252178906615 0.5500903859622197 0.5258653949055899 0.5385448015902315 0.5290753098543695 0.5486213329762126 0.5461704217603939 0.5432652844798564 0.5008587165507274 0.5089385308808692 0.516293526904469 0.5118888391315727 0.5010315942195109
0.8287533373333089 0.8274303812590491 0.8256972283944213 0.8566876378332566 0.83099398825555 0.8360960940910585 0.8025231466176405 0.7964013244596674 0.7902813740475368 0.7874997648174278 0.7771151617391724 0.787178746381031 0.7864406897869463 0.7920600127236823 0.820008719897488 0.7973841514559158 0.7619234825049817 0.7842615202446861 0.7413951322333759 0.738950737495603 0.6844919694365662 0.6613365482797915 0.6211508076092155 0.6265547908584855 0.6058081486904023 0.6197320941179582 0.5794900330092255 0.578318918631147 0.5511470028385088 0.5680594194254014 0.5486341768372952 0.5406888079578058 0.5388633975076518 0.5328298885821783 0.5502309780887631 0.5492975742287244 0.5500371319667317 0.5262423717053916 0.5120911221056927 0.5276326866594802 0.5072607372412693 0.49606760012341417 0.46827100877126543
0.809144879856767 0.8089331193923409 0.8091734235252531 0.8322571513076062 0.8611960821953802 0.844733263368117 0.8256366377695992 0.8151864625508379 0.7815713391616503 0.7549725044069256 0.7609969333335385 0.7844633924929575 0.8207681846969179 0.8019849586910446 0.8348133249246212 0.7883497604723501 0.7650790707800585 0.7804748646810515 0.7532945572399833 0.7368518411886553 0.6947955837787391 0.6535364171645215 0.6292396785984529 0.5997288154828125 0.5686652187557731 0.5744411817731265 0.5726410576784458 0.5618382212755464 0.5158129458834683 0.5442434599002364 0.5215492074164633 0.525805778341921 0.5239039351625908 0.5238499509446709 0.5306248125249715 0.5570904928213867 0.5364431881539599 0.5372742235183818 0.5047102254250522 0.5062997642726925 0.5105645379083623 0.5099331261867504 0.4624343392688781
0.8087538686778695 0.8200080359268146 0.8085011524209529 0.819072460374781 0.826772763518038 0.8348500346241223 0.8118386300942262 0.7967523861950687 0.7849871341520808 0.7590070586591919 0.7546616182126709 0.8022882242781639 0.8439457408638527 0.8423721282799194 0.8215272200632496 0.819617707586523 0.8087135411318507 0.7588527403702318 0.7471054195779511 0.7423044021471247 0.6720156283577302 0.6457442282882521 0.6359693786647762 0.5852030645488515 0.551849271973011 0.5704777838555825 0.5204683739694828 0.4923050523893388 0.4774565372949092 0.5255916011429383 0.5497450522425708 0.5479394119471643 0.5381482849757406 0.5303492450444796 0.5085787429798698 0.5264338286838535 0.5234316928634264 0.5075084095520745 0.4941680664530295 0.4843349151565159 0.4745554652631411 0.49504283643138797 0.49481175890275003
0.79993086946396 0.7919660253102846 0.8091921812117548 0.8455594362618186 0.8530298203333521 0.8119687248259622 0.7827012505975122 0.7704190975869466 0.783071091884982 0.7920600322006912 0.765514943720633 0.8169531307535615 0.8273946399855858 0.8438705619232584 0.8022466797343801 0.7937503449839654 0.8095592553847404 0.7996020669123836 0.7614181036773575 0.723687326461399 0.6821027503960003 0.6570645904283222 0.6593246512292368 0.6161564368559181 0.5649693664628862 0.541745021349268 0.5081214705079783 0.4995313927715648 0.46169398600445954 0.5015131481057714 0.5252473613442322 0.5489501037046848 0.5390606626021474 0.5431471453241036 0.5210965453762748 0.5066682105978936 0.45719284835075236 0.4694822137434103 0.4508274965054332 0.4717184340762234 0.4366615807089893 0.4768941305685111 0.48545542499393546
0.8045723812552902 0.7968514904538934 0.8051512578348838 0.8136330056082263 0.8444099278385993 0.8198470501546533 0.8134602426895567 0.7810078212810542 0.7756068330605064 0.7788787196908861 0.7903788263852383 0.8043809777991892 0.7884910389680404 0.8138775132395974 0.817832961714451 0.8023583530350472 0.8045839964420735 0.7864458405268875 0.7476648982585579 0.7000198645593673 0.674913834477583 0.649597533304544 0.6338892174536062 0.6173129543979808 0.5546932024206126 0.5592398156887537 0.5478749802431261 0.5207127241214718 0.4966622546303091 0.5243328954972324 0.53930624479694 0.5352251157556243 0.5308271601344537 0.5199214599121791 0.5022660151983439 0.45208875322764186 0.455561699334831 0.44327817906014316 0.4641668393362599 0.46292786465051994 0.4399698232678522 0.48168252349471063 0.4889766096163297
0.804615822246411 0.8157535953960088 0.8420748361650594 0.8263582179773588 0.8144629086755892 0.8001923631180825 0.8141142304223955 0.8054707969476825 0.7915613586467487 0.8005477026135353 0.8013992058221484 0.7816243417944281 0.7608343704904398 0.7951375558541994 0.8025103741813849 0.8045140288994971 0.8107265893595647 0.781354236694581 0.7299990607989739 0.6774771432434439 0.6447157115730222 0.6314278699926932 0.6440493144459524 0.5971053708413357 0.5507462120211155 0.5537421672647108 0.5401669527134014 0.540572340562144 0.5178772183120526 0.5189015766432675 0.5133899543302967 0.5420646149359636 0.504232796485081 0.49229116699879116 0.4818822005013351 0.479160309772668 0.437391856204938 0.46544950899916676 0.47364431032137405 0.4626633084620966 0.4487536200673202 0.45661217574501684 0.48122624222779015
0.7737816179946985 0.786948730466924 0.7919149550799797 0.837139294039005 0.817198106345045 0.8377546480342876 0.8172533118296764 0.809828811011753 0.8026488829190781 0.809387125712773 0.7668401967064596 0.7710756389087641 0.7895707881170675 0.7830204931700774 0.7813598446911972 0.7585670457953885 0.7844923427234548 0.7470616294999786 0.7367563614819616 0.6705817657781513 0.6252760393767857 0.6055111817762486 0.5999125499682022 0.583296792126395 0.5867717985362081 0.554865745907414 0.5621494387825109 0.5705774731135832 0.5347686979731965 0.5434824373108872 0.5071597964685755 0.5281691480139263 0.5248487515960832 0.4974094379122461 0.48128257830098103 0.4583400668233524 0.4642892491247108 0.44456920432846964 0.462336570530642 0.4885261112976046 0.4911575130075915 0.48661011318196823 0.46999490061807636
0.7682877807857045 0.7904350790738143 0.790245123084419 0.8332455210613209 0.8495646998081404 0.8513061759980879 0.8711487340849374 0.8592049484694203 0.8209128658394083 0.8161986158153816 0.7678190194390789 0.7463247822314379 0.7582643903796301 0.7480553677284729 0.7387456260495577 0.7485218379089718 0.7523669014682415 0.7192660774611159 0.7141338632790792 0.6534712004551022 0.6306433990614423 0.5935289174013386 0.586728305394049 0.6018589225708537 0.5921935588108459 0.569880070381563 0.5724099051149333 0.5782268489184195 0.5863723848754745 0.5702411277305689 0.5144890242849499 0.5370266091298387 0.5406637398455553 0.4984339440110492 0.4692818239780118 0.4492937046979226 0.4591809283961386 0.4695166172939055 0.47972692279881807 0.46925009160928943 0.5049782368284619 0.45959301835401767 0.4479207904847602
