Raster_benchmarking/DGGS/continuous/raster-277.asc
NCOLS 100
NROWS 100
XLLCORNER 1743153.8360185602
YLLCORNER 5469296.026427292
CELLSIZE 10
NODATA_VALUE -9999
[rows 0 to 18 of 100, columns 0 to 42 of 100]
0.9441391413839507 0.9260566770471834 0.9045062675897374 0.930107708403557 0.95463116158762 0.9272144407459402 0.9196854317007167 0.8963893171445956 0.8390495817059098 0.8478765355035496 0.8410807930059168 0.8533441637717981 0.8452311435436909 0.8254493715095282 0.7900836545023303 0.7906481078449472 0.8143058174851411 0.8327687810210047 0.8334854926542754 0.8323187891552672 0.8019337241588494 0.7875720452899436 0.7714658671280251 0.7608318819913619 0.7834567773676729 0.7933779707023692 0.7454578442350435 0.7032696356562409 0.7013988112982336 0.6950980673239232 0.7002797418559298 0.6915791554002495 0.6426383225552634 0.587780893363477 0.5549832316124814 0.5017264367582358 0.45306358827582716 0.4537049931772981 0.4998552490435215 0.5109128624260187 0.47398703952992005 0.4287370676388036 0.4113290865336504
0.9187105094362626 0.933598583030505 0.9380890279561709 0.9074361354317458 0.954800120126744 0.9638539174653037 0.9239114012587466 0.9027180435422341 0.8956331762782453 0.8894041671236358 0.8724929776698833 0.8627342346970777 0.8591135322331614 0.8123141487976219 0.8302398224830652 0.8171514609616461 0.8174045046033633 0.8075677730540204 0.8555997536753058 0.8307492089499161 0.8392813255658332 0.7895785324344924 0.7924612465827009 0.770158424531073 0.75118549178123 0.7643596748402339 0.7647423407811218 0.716108296277871 0.6890970451048963 0.7062557701476427 0.6979056752776706 0.6718230564843465 0.6145881871685195 0.5927632993764165 0.551085553375031 0.5022683915875542 0.5076683974354382 0.4823146498835802 0.48838298184538803 0.5123506017038301 0.4879121793642294 0.4462697954363121 0.4501602759311597
0.8855813898158718 0.9080583336426324 0.9089768792478102 0.9055164101892061 0.9381691485318646 0.9726278307592919 0.9520043900782669 0.953618448319798 0.9558684510597969 0.9411224242216605 0.9106630289338405 0.8927663231504633 0.8494102708785857 0.8535777818947617 0.8412382183499173 0.8429960195900966 0.7980331738446371 0.8095699038984315 0.8459456352673371 0.8190806336785077 0.8307872774725525 0.8270089970021396 0.8015537610687937 0.7678574577347742 0.7616019265147488 0.7531297919524128 0.7468338653794808 0.7037627556464213 0.7063422356300564 0.6683177931378679 0.6438604121188798 0.6203638831267719 0.6330225571952258 0.5846715232300376 0.5917757972773361 0.5669573071202465 0.5130496289169681 0.49335733473366394 0.5190841001512291 0.46898305369828563 0.474262583471278 0.4731069302793671 0.443170347479348
0.9074610028268427 0.9005180256217118 0.9034115947017969 0.9406775365295507 0.9178208955982212 0.9452414683166201 0.9551160757506668 0.9477345351273077 0.9714440957958245 0.968118503128147 0.9493164023582467 0.9182733367352816 0.8994527976513175 0.8608191602198128 0.8356958494828597 0.822995835637864 0.8127279561973847 0.8424355630210383 0.8362170445750339 0.8518572098331575 0.8540849487508971 0.813561616820043 0.8042759759008447 0.7958203358296737 0.8278776718431496 0.805331234939046 0.7743953670494604 0.7175823100980138 0.6975743916420749 0.6494447449760773 0.6132666235085529 0.6146215962919184 0.5970905448804865 0.6104559543189577 0.565003327615705 0.5605610799913645 0.5311938605070676 0.5065679524979007 0.4908521507384542 0.452459952194265 0.45672316952205794 0.43179140058087956 0.45448601496192065
0.8854471548202131 0.8877027395941762 0.9007135933843597 0.8870388698628674 0.9262731177328036 0.9203012914414662 0.9536569839059111 0.9800782077914137 0.9816164033149808 0.9559413475854223 0.9254103523004462 0.9196538624269474 0.8904346502267819 0.888780103426858 0.8771125581438675 0.8679053623395346 0.83864976705731 0.8728610404208557 0.8656765240374557 0.8399242821766187 0.8159439414579001 0.7952667668818403 0.8107420096305972 0.8122266411083213 0.8714229080859275 0.8077986303336911 0.7467387732714504 0.7103466122887006 0.6735777068047238 0.6557093550378518 0.5951513254847498 0.620505682993484 0.5843502861318671 0.5781705428977512 0.5906739818918054 0.5802787457312387 0.5558180585429215 0.490079369917003 0.4588356090695738 0.4362724289966262 0.4384158590269075 0.43788617998593016 0.4348596000644724
0.8897260769248831 0.8651027544113749 0.8564657863340703 0.8855487730404973 0.8730725718127776 0.9214855520621806 0.9286316539792879 0.9675664950961075 0.9558835818605662 0.9473046344741494 0.9417184992033486 0.9073612469275809 0.8954463664139978 0.8921714475331611 0.8469304555503808 0.8317674830937526 0.8180754601009315 0.8633135520793939 0.8533994239741592 0.8508599257276093 0.8246556469729507 0.8310047562780769 0.803704146169511 0.8332544488265498 0.8338774125130382 0.7693924675366381 0.7292561876687415 0.7063492400310383 0.6731133064943994 0.6190963616942792 0.6010826129044458 0.6081758904682713 0.5769780310322129 0.5905792713561584 0.5914816214893305 0.5991577761089487 0.5349402839880024 0.49649706606673244 0.4864582553579789 0.4879095814494173 0.45741327975134144 0.44142453640729795 0.41274448741055236
0.8547566080540795 0.8801131857982651 0.85583390742543 0.8556385985808778 0.8593035216612337 0.9097961412406117 0.9414074443475761 0.9539172619224294 0.9265340281291046 0.9385556821135602 0.8924914197180059 0.8920670256234506 0.8857267882266329 0.8754294121830583 0.8228382790979932 0.8519212270508866 0.8366783488603656 0.8640214547478818 0.8575145787890955 0.8235963416136296 0.8229995143313503 0.8160092563034861 0.7834705850563659 0.8089514943483145 0.8057092911185133 0.7668900594870512 0.7300133745103672 0.709405782968561 0.6428762221495334 0.6534495864862101 0.6283279244677294 0.5997568418087049 0.5861394744927316 0.5943563533981358 0.598677249736645 0.5950754447356332 0.5794029588809678 0.5368080370844799 0.477412693245371 0.48838910453747797 0.47264287591366844 0.4366716294893961 0.4080692302112844
0.8962185206374093 0.8632968290672831 0.885154139941991 0.8650083138065979 0.8593654806119831 0.8948724954733017 0.9093003557987038 0.9171430096039368 0.8908049272957532 0.8838718694381898 0.8802996024992659 0.8788973151012923 0.8498939397867378 0.863326774281129 0.855543843644758 0.847549505949609 0.8342896762149533 0.8697785991915207 0.8731950595667506 0.8497614042532392 0.8032300394277204 0.8194267020902735 0.7843972354777077 0.7674291073796257 0.7516297982025706 0.7774372046979964 0.754176126407736 0.7254946665314371 0.6466294604039111 0.6390200850899588 0.6685970121960029 0.6416464449246598 0.6017976479309232 0.5801082878394392 0.5813910141591787 0.5617184321313134 0.565763200069337 0.5395635856983402 0.49723756313113904 0.4822835940614907 0.47035846878930015 0.4864460602894732 0.4794917363836396
0.9101996841101572 0.8944335645700129 0.8680308663680669 0.8484413333130987 0.8590913952396076 0.8345311557877511 0.8409732735126952 0.8749358243473377 0.8952908610115478 0.9121625171181296 0.8724880572445151 0.8706834574292248 0.8487993268110025 0.8519583972403062 0.8509561745154275 0.8458498184162971 0.8763722617007903 0.8394400740886238 0.8587493598458047 0.859526060796307 0.8156906264896219 0.7769723017902238 0.7808570241971852 0.7636872772014871 0.7377852874795446 0.7588878129293263 0.7612558327769682 0.7019883383498452 0.6639361187921089 0.6652203782391919 0.6659751368839124 0.6418225099026181 0.5992228313012178 0.5644528739219381 0.5990261737635065 0.5626112191068947 0.5147664479623377 0.5297460160997219 0.5349966627760818 0.4914642386039287 0.4864700548106495 0.5064731417071304 0.48394860560641495
0.8853009435200465 0.8878308401632868 0.8826861971938446 0.8397924493461525 0.8309449787344892 0.8391363659377516 0.8495664212767035 0.8669592064194269 0.8989226003042734 0.9027913267569992 0.8654909597934201 0.8404412470274358 0.8450304952348022 0.8511078736803159 0.8762775192464549 0.8753057908283934 0.8751227966074949 0.846351656757676 0.8624333323036001 0.8666801804825347 0.817520729161564 0.7903823659616249 0.7629674228839788 0.7762952028059213 0.731054444944359 0.7336466125762233 0.7451841463231389 0.7288973904956685 0.7176200068445862 0.6915060441112524 0.6595502441433128 0.6222693204942693 0.5916935402762494 0.5816720405762804 0.5558458213015922 0.5641880833755729 0.5179673069639298 0.549692696428297 0.537949162844559 0.49979999362612876 0.4728073401893268 0.48916364340800855 0.5014506170690185
0.9232083355166237 0.861061402175634 0.8541054430884367 0.8258997148951364 0.8069592327619572 0.805812108877551 0.8371882059097064 0.8469873350038832 0.8873826161756149 0.8903130280167123 0.8556752204466096 0.8314259423510638 0.8695374409973061 0.8237146420453687 0.833074842078591 0.8562888410200221 0.8898824050743781 0.8683493109563268 0.8568468463103024 0.8315074834451893 0.8491903582799213 0.8163630462438332 0.7982731072880014 0.7634779628952064 0.7788550646738585 0.7434971628819568 0.753766909721419 0.7147689535509578 0.7225797469215615 0.711579912877349 0.6614683848413931 0.6403748133312323 0.6439438299930663 0.6070510837945559 0.5262873639711036 0.5354130483320637 0.5361415782136004 0.5316235149280016 0.5282912826708811 0.5088384108192856 0.5064497488723426 0.48620753724981736 0.46212647316704974
0.9110875211018029 0.8622621494965564 0.876734523520696 0.8556189480664036 0.7944085058728066 0.8214309011916352 0.8249054970663181 0.8596699261059778 0.8484704835475012 0.8517083946593488 0.8262696744669541 0.8349998524094355 0.8310975866314882 0.8369239467073337 0.8238599384199173 0.8472343083189479 0.8889899290588346 0.8635524898124862 0.852980643066767 0.8342391726619882 0.8357680919282311 0.8198377120654006 0.7951194937883673 0.7515996119292958 0.7317855526532199 0.7476254549364766 0.7419092716958896 0.7317928414195386 0.7158402645966818 0.676564648488801 0.6823350477160675 0.6585176202596623 0.6245770287147269 0.581267633343476 0.5343918101878435 0.5237100837236955 0.55702816813486 0.5433002624210254 0.5592084045250564 0.5187117716503568 0.5252286326681281 0.4909359473370271 0.4917038600840536
0.8656642757791444 0.8543420049419161 0.8773818432237082 0.8586664763512342 0.7873404049459645 0.7913687495479719 0.8403224990021911 0.8299405899938583 0.7971577574492964 0.7932691168020974 0.798074579356647 0.8229735865095374 0.8128287104444387 0.7787025680762726 0.7934869043622562 0.8261135753777781 0.8754160186470922 0.8368897693017114 0.8254424354072641 0.8361691808948111 0.8065969388367196 0.7708110974944721 0.7736415938058053 0.7569378604350994 0.7139414807353538 0.6980677155862315 0.6860538780773081 0.7228799619698031 0.7265632487287025 0.6879629022607715 0.6934426770560994 0.6729690374901268 0.6297026143468112 0.5772804187152808 0.5366209801712722 0.5274162841900537 0.5288734077757428 0.5702293099975859 0.5502620196822566 0.5538347538942898 0.5591453444356405 0.5070403893652295 0.485969383832482
0.9109946745259939 0.885836867978382 0.8328770018145308 0.8098840200162646 0.7839933350987683 0.7974542929058089 0.8341470510252741 0.8225619152646999 0.8411645453626014 0.8045477824078358 0.7785400296028214 0.7843532779188329 0.76897167517761 0.7725055945783849 0.7937931846904751 0.8151087062159791 0.8393077317202702 0.8241152825665952 0.8196876544429728 0.8121885686019945 0.7883170120188909 0.77697536476969 0.8002123292106702 0.7535152667576781 0.7294642759114058 0.7133636487905956 0.7305461922559907 0.715490579178274 0.7306983903489226 0.6918575352080212 0.6435900641798604 0.6418551136122855 0.5803321404230591 0.5855697359215705 0.5681250201159221 0.530753589709426 0.5079986045639967 0.5579513526333458 0.5525416788976123 0.5169865243670488 0.5038477207151769 0.534169942932811 0.5451456897054349
0.9124490310248136 0.8946023915307784 0.8321948833017512 0.8018402783415225 0.8045197652299513 0.8175986894323397 0.830553161688085 0.8412462206672621 0.8470561440354503 0.7894855963345887 0.7842033601539788 0.7693806411356121 0.785862138254492 0.778822967352074 0.796587739936249 0.8207413755309898 0.7823003533554149 0.8101363335225938 0.8184081636323708 0.7778134577186986 0.7782959541712965 0.7819564110425958 0.8032775456676281 0.7476031720570446 0.7102530539123738 0.6909025268715286 0.7099164205741956 0.6687209554734589 0.6918086023733273 0.6758954332769685 0.6305044198855709 0.6231588969148296 0.5690809645120991 0.5463224081998012 0.5720561145633626 0.5325888147312645 0.5110548086137894 0.5421932517730879 0.5448830218925319 0.5561756676943604 0.5057072027165589 0.5249890056790457 0.5395391365417218
0.908167105053628 0.8878714570260279 0.8553528835260089 0.8417227493946837 0.8412384870062768 0.8651124085541094 0.8372529833312988 0.8654315933295237 0.8106339973958284 0.8119798108487217 0.7990687131853133 0.776710713217734 0.8160294261419234 0.7945166709228911 0.8253101745738566 0.8177027764149273 0.8169525899269684 0.7788996644630237 0.7731592735357026 0.7825027013122939 0.8049658916326284 0.7696367776578098 0.7771537088587364 0.7295817813817642 0.7402297083431537 0.6970716419308562 0.6559209303060283 0.6551724406084763 0.6382606587413905 0.6274733138996806 0.6037717676117551 0.5838385947877051 0.579199542560904 0.544182558599171 0.5443285766090084 0.5450896080578758 0.5256206765131848 0.5175291058360196 0.5400307407962616 0.5578776735801707 0.5443029635985205 0.5290725798998793 0.5419150797231073
0.9398106015052049 0.885805973738749 0.9054184638169555 0.880180073562732 0.8749426474311615 0.900329602449486 0.8805100275628323 0.8309340317583195 0.8123533772512594 0.8182777293995875 0.7904698038953409 0.8158225827657596 0.8151944663728832 0.8387594821985838 0.8162916230089879 0.8023477100829104 0.7975000137209703 0.7827155179881615 0.810723543248037 0.7843647184408442 0.8172613550016804 0.7816545882460386 0.7728007378763513 0.7490596787335166 0.7199868577440847 0.6713995464392015 0.649052638645563 0.666708917702865 0.6375983632378949 0.6215968765200813 0.5889180753593074 0.5533316260609674 0.5640940215192403 0.5425977694998293 0.5629810347850225 0.5597084317427719 0.5017827663957191 0.5168299061614036 0.5383336387670231 0.5497200961873387 0.5520963228643296 0.5334340560958027 0.5318831213928278
0.9150906350734006 0.9074821792667912 0.8701624326491129 0.8462378150910399 0.834011285058065 0.8852863346300777 0.8754915794938954 0.8239565819783019 0.832194542086028 0.7765634262003215 0.7974672185987884 0.8170227590708601 0.8348366834457256 0.8460615131719369 0.8098646866484049 0.7842105865812006 0.7740044189484028 0.7910898804501029 0.8239812647571639 0.8097589196327688 0.7974302268420246 0.7860147428761796 0.772877931324792 0.7649273900634316 0.7467081730092251 0.703608876259164 0.6521876798574459 0.6445291599697046 0.6419389444901288 0.6212143182571518 0.5674129993303385 0.5734672423051789 0.5980026049859769 0.580036823201426 0.586484870636255 0.5490521132221242 0.5213385342765966 0.49869979591643804 0.5174913760103161 0.5468862167960553 0.5312574745667102 0.564744978777042 0.5208249417535941
0.8902337811216782 0.8967806285732061 0.8618926973104987 0.86215328849727 0.8306683748771613 0.8510582020030585 0.8742894061678552 0.8706324410682703 0.8225507433642878 0.8222674128114928 0.783230646149317 0.8069794352308161 0.8421625235424334 0.8409817399907058 0.8118461787303303 0.8015152380361376 0.813912587743533 0.7907376925141149 0.8058974913036443 0.8216574666155436 0.7903505488131055 0.7819928228524555 0.8048847237126545 0.7772018823541673 0.7670552005540372 0.7142535645631213 0.6836254000838745 0.6593052202196223 0.6243322005179883 0.6229528509648542 0.5843962760902495 0.5661640820008712 0.5987184528084877 0.5975281874629955 0.5766476381358816 0.5261614910903569 0.5385551371740273 0.5067346074266704 0.4975963696727201 0.5547771676294739 0.5576428640572031 0.5352654994074076 0.5210333798121924
