Raster_benchmarking/DGGS/continuous/raster-133.asc
NCOLS 100
NROWS 100
XLLCORNER 1743157.8752793563
YLLCORNER 5469295.733889674
CELLSIZE 10
NODATA_VALUE -9999
[rows 57 to 75 of 100, columns 43 to 85 of 100]
0.4611863458157596 0.4477972285190221 0.41023311718043565 0.4027213862803231 0.4252018771261902 0.44566252499634007 0.44493975768730265 0.41862208743632423 0.4202053078233908 0.3904844315106287 0.3613315464646741 0.3500620202795803 0.34081949923948096 0.348081989758103 0.354208892427205 0.3498509466475156 0.343562313949466 0.34988577078855876 0.37607039417352717 0.30731530266441126 0.3103062310376 0.3470357479949239 0.35796327646603227 0.2840449417523883 0.2758253501851183 0.2945384483898478 0.3220322669226477 0.31840800486743176 0.2925711802646417 0.3131051796089773 0.29757214099871265 0.2792188589607526 0.29801116956971896 0.32259848988536105 0.36052529049679977 0.36025060342893883 0.323688266784795 0.33596681345699997 0.34818168548955575 0.3965548390124536 0.43897786108403214 0.44825910113783807 0.4180890237789011
0.4335502045358 0.45263217426115265 0.43402137484162695 0.41829455335202537 0.40544955215795103 0.401490215622749 0.4237636748650407 0.41433534264668376 0.412612602805114 0.41384162258493656 0.4046563375116009 0.3768308791415418 0.34757291999074574 0.3564530721573469 0.3701694221992846 0.3775653027442352 0.36073092121967526 0.36454268425642655 0.328022064067428 0.3173840036499336 0.2925732735520802 0.30307990761429604 0.3295129791563151 0.3006194052051261 0.3148934574615337 0.31228211407471956 0.33927211828339904 0.32877680626383493 0.31848046498313665 0.32152300657912913 0.29482402684537484 0.2968105366519028 0.30744122498155657 0.3521566491620884 0.377567338835525 0.3548941005770559 0.34345889663214013 0.3584594507827761 0.38814679766605764 0.39486047379030687 0.4474323485588571 0.43269020017596405 0.4326312054146092
0.4413512784290674 0.42234857429967476 0.4366036744259057 0.40610923051678643 0.41199024694928993 0.3952918554553021 0.40798760603370765 0.402927214925765 0.43749350284230054 0.4278742748570089 0.37454300101102767 0.3969586803883408 0.3642594863196229 0.3868198308920994 0.3788404899521072 0.3489741833888412 0.3429875477010843 0.37378815008130273 0.34404151749917006 0.33930025347441806 0.32724257494504844 0.298757283505517 0.3022464613831805 0.31087749545152354 0.2795226481750652 0.2750629348315602 0.3296798763705225 0.3168870544032113 0.2977001533405577 0.30499432709010665 0.3186360588970105 0.32400997372665846 0.35536825133321576 0.3653492715762103 0.38959861179826333 0.38114636973703103 0.35588584582270544 0.37870084620567024 0.3614769203162849 0.37214271470232163 0.4386926975158567 0.42430171104896286 0.43231306879859344
0.4611914765525987 0.42383820321216376 0.42111365707232884 0.4077134653235592 0.43612151489848927 0.4208836549890083 0.42698491407686306 0.4268670956525961 0.4119385624251079 0.42963549603548645 0.4003210430813141 0.4010532115045534 0.35352897168360997 0.36619718512379945 0.3596257890759015 0.352779067400193 0.3406934563275208 0.36847650040323293 0.3524731439065407 0.33716451325281493 0.3063193639435613 0.28811132162169767 0.2625442347361287 0.2847632365377556 0.26630650741537404 0.2610178178920234 0.3105356300749283 0.30666043270424936 0.2906737517806519 0.301138230788618 0.3321451697837037 0.31225783027352993 0.3443007179232986 0.38567733977981555 0.3887844275476446 0.38242186257756555 0.37270835720149803 0.34925688453810744 0.34894432995521935 0.37447638433671804 0.4314323742171094 0.45801476028693133 0.4366624649298838
0.45276407963573984 0.4272166619071824 0.42835538652981375 0.42875199665628083 0.4258852330695693 0.40077973712627835 0.3856917032144534 0.39736832943055217 0.389069621702633 0.40040035246323086 0.4374553722601189 0.3859118445387523 0.3734592048335489 0.35848307922561945 0.36578644350976075 0.3636054080520787 0.34978090438544146 0.36794743401919133 0.40302604177067725 0.3637568364651573 0.3232945383868709 0.30238080626788605 0.2513560140109673 0.26522044382833215 0.2467557867132348 0.28157482422119307 0.2753612061452748 0.30530213497583975 0.28192077804745447 0.2948978034996689 0.31360834290041684 0.3082788999535314 0.35270416900466983 0.37686326509396517 0.37857606187025383 0.36805397729314343 0.37955997948168013 0.38288003471673016 0.37495630524253454 0.4078325401870169 0.40266403790375466 0.4248877535801764 0.47781328886512514
0.43155825233146344 0.45038447568514894 0.4505346245916637 0.442304308836242 0.40507775742086893 0.4039393953278241 0.4013250208833287 0.4047983582508304 0.3852379417930574 0.4230799611793459 0.41999193676810576 0.40902014534008174 0.400086184650987 0.4104620789638547 0.3995012677985784 0.4036302634097278 0.39179561971964 0.38451785088745716 0.40653294699132875 0.3610639918163436 0.32476453316104376 0.31143125451306375 0.2935160061085435 0.2636848278753581 0.29622225291977233 0.28636477476294986 0.31746187767982925 0.2829438046832648 0.30311379160953744 0.2852340439259033 0.29353737781171707 0.32233341151024913 0.3397306063397983 0.36356447170157363 0.3440566807802936 0.37213229671239756 0.36625368339560366 0.3840923161919719 0.40573262707483165 0.39875696179736536 0.4113332567223355 0.4163678432524938 0.4764692993413341
0.45822468137697375 0.4522087894242594 0.4273224225547141 0.4381107915599286 0.4010536245586441 0.41644380643169127 0.4172233302501319 0.4380402607795312 0.403205056734533 0.4300154135947826 0.427067226846277 0.4303401873939056 0.42416539098907974 0.42665694921667907 0.39627077679834366 0.3805475840892849 0.4154644703310517 0.3722175970682821 0.3974472324562235 0.3395307926902363 0.33205376313981083 0.3090809868288731 0.29061623375237544 0.29464616595734344 0.33622113074658294 0.313218220146892 0.3466420690227057 0.3129840079149965 0.3038954467052139 0.28526986115577635 0.2842968024592198 0.3481319092752646 0.36820465862765006 0.3612898354180179 0.34449925025728717 0.36378176451795013 0.39712914418062856 0.3697757736713785 0.39452931343455994 0.3717240301539312 0.36751078930914177 0.41172590348185134 0.44822059722268476
0.4443664807699288 0.43861392109739467 0.423180615968863 0.4110239868226227 0.42731623899256055 0.42938991348571887 0.4242942061500102 0.4412861738782313 0.46975849367025857 0.4506716822111648 0.4630754346325542 0.4163460568766951 0.4125857029779421 0.39869223881242755 0.37955428638159755 0.39997266651674707 0.40045513727427356 0.3653866138042946 0.35738826231701704 0.3437489083717359 0.3495211014109055 0.3112152678304901 0.31300162551766303 0.31502252673620695 0.3436222222671133 0.3510099324289117 0.3345741419955073 0.3547653535287735 0.35747083414546355 0.3192052885819158 0.30106112072099367 0.3332641672236568 0.36208985820528256 0.33154466613200784 0.3678896746429944 0.3870963998343053 0.3990804026141329 0.3725863421442246 0.39145933448494785 0.3830473912964722 0.37174279136426003 0.3909721970090227 0.4255044750193553
0.44413287020739023 0.42180353181293667 0.4298914393556366 0.42128767735301514 0.4496278553444156 0.45781281561218956 0.46882111122472514 0.45905142134784965 0.49301357677381186 0.4889138446079196 0.47380655617703976 0.4412621498702819 0.42587102268888594 0.42079473537040585 0.41722682852039283 0.41774022106709907 0.3602204935530646 0.38287272695550534 0.35666694623098427 0.3471106708480714 0.3431430920383035 0.33610802107468274 0.3218663285005978 0.31002005849052994 0.3219799527458562 0.36165710760088715 0.351716253280045 0.3622133262963236 0.3601589340059177 0.32505438608265613 0.30530066629834307 0.310093997377288 0.32644992645964727 0.32368325778915075 0.32761576001756276 0.39138257683981115 0.41166392633375004 0.3767969879171012 0.36979573045793895 0.3702837289100541 0.3619954460044314 0.39880087024305627 0.39376258777649714
0.4687244545521761 0.44103190105855533 0.45784635070830526 0.44601022163230913 0.4477041532328018 0.4868533152645463 0.5081291635796058 0.506519202391178 0.48052992139394995 0.49337446935352064 0.46626518313318516 0.42295182675734133 0.41050129136947516 0.41403514922675183 0.39402115227032747 0.4082541567656281 0.3735094624208684 0.36039597566088233 0.3784332305240341 0.3761863653233905 0.37692610823405026 0.3610311331566052 0.3404170629874748 0.3642787182561862 0.3476433097275048 0.35804200529128505 0.37476035564996735 0.36549534225210917 0.33106529236177296 0.34163370072160215 0.331243021640489 0.3303298401434569 0.3234892435126337 0.36857903555819244 0.3864861287512008 0.4084917306876986 0.43300797041783196 0.42339113051304544 0.4419576359382117 0.4224422504776632 0.4250641474089037 0.4339897784496681 0.4087835023173128
0.47255054838068966 0.44531601050930264 0.4536439926043437 0.4464322433660061 0.5009099424354089 0.47737783825753266 0.48796840522775964 0.48169233697582786 0.4944800128724983 0.4865478774255858 0.4601171199090891 0.4262302304506952 0.4235425375772612 0.4009503368615947 0.41022517769843425 0.4010366956674909 0.40799284756893 0.3853550771997443 0.35672852287155027 0.39992107351455664 0.39394042390676964 0.3768401190899802 0.3732372416293274 0.3803052886919991 0.3826353651672648 0.3780665344600789 0.3627903719193975 0.35928076455276775 0.32946214813084784 0.33156922109790593 0.34927658795723754 0.35071675423141807 0.335784357741834 0.37098516486002253 0.41573793077440185 0.4011834496271453 0.4324866336539528 0.46359891391369895 0.48049482081125616 0.4526092868361133 0.46171160644767795 0.46516575332239973 0.4497777077170344
0.477672416723696 0.4915269825621792 0.4524676323494288 0.45318522010405926 0.4778989787795628 0.4823450979039871 0.5036497150122603 0.5114493011258711 0.5207245840958129 0.4889124902665598 0.44778683718499057 0.43852002921944866 0.403268831306702 0.38609121421045695 0.40693272585859935 0.3897604308040768 0.39486294092805846 0.39749479358759854 0.3757580524805352 0.38687835538157545 0.40042814783703473 0.4117815524467758 0.3856412344552183 0.4042429040330052 0.4154288287976788 0.42347565090055145 0.41771127185209506 0.3805139494908669 0.3680378588191546 0.3504374475006977 0.34691698880434063 0.3418325917072974 0.37095562375753555 0.3935969155998029 0.39700540259166023 0.42643082944047317 0.4797473999606553 0.4745729331583397 0.49170703200954946 0.49245251508626575 0.4867296387675909 0.4758204885252254 0.47853181347236395
0.5147549430967894 0.49568700913795055 0.4577740381353472 0.4623411420048609 0.4934497174435084 0.5165949923599524 0.516192982306315 0.48968913582478035 0.49480370385080036 0.4674658719731701 0.46072115847690126 0.43947538280839654 0.38151225688075907 0.37709419620054435 0.36586779278211623 0.37841072902806194 0.4140390241379576 0.3775692122183534 0.3799975634699342 0.38970963659197333 0.379440779460502 0.4035187936969963 0.4204462018805853 0.41813611052269284 0.4579373047403808 0.42899722385250016 0.42735415632703455 0.39549272896246285 0.35433396661058403 0.34267560505611744 0.32641914424379537 0.33636352598630587 0.35760010085076893 0.400960392746993 0.44584808868423464 0.4836264191389951 0.5039974108268697 0.5000788078665849 0.5312775629608686 0.5275857408526463 0.5082093412820194 0.4756675518217221 0.43951941221287005
0.5050732756716522 0.5056408986132859 0.48056584299659316 0.4920087366803138 0.5228899506501871 0.5242031319588174 0.502826277423971 0.4849933499645259 0.5017701023618526 0.49827373057607893 0.46813452675450384 0.45020302937282536 0.3829240360234894 0.37174040295983757 0.37196386247642804 0.41135861720354133 0.40434212527840757 0.3852667628821589 0.38687267191249597 0.4026999282329948 0.39412989338690585 0.40200345146638367 0.41055703819059813 0.44052546382866864 0.4783917668421708 0.4545663075367866 0.42764644539488356 0.40665928152899233 0.4126487258163145 0.36903627527044636 0.3730210222833076 0.35248857447380916 0.3568492944921818 0.396110982946414 0.42750834597162435 0.4638499464107928 0.48043467765189624 0.47652968219644154 0.48665047010181145 0.4970359574813539 0.5000310384266407 0.46926132488484756 0.42191281974791667
0.5203919564471841 0.543980672945765 0.533735439542614 0.5417766963212011 0.5144508073095555 0.5389432187706363 0.5324612865847769 0.4854930568544991 0.48973960136794314 0.49192629692545625 0.4921019909728292 0.4502634425535843 0.39568408947293154 0.3653922943344516 0.3587886225144136 0.39638522360001116 0.42655540813119625 0.4034617666113988 0.4110331206348365 0.4319967975750222 0.429696439020401 0.4357826463683535 0.42736377140230375 0.4384818706994069 0.48048960877299624 0.4461939435432991 0.42874314767081617 0.4382547708833622 0.45210659864440034 0.4126003568861658 0.39612504400382914 0.4228313737611042 0.40191565927060435 0.4226570474019805 0.4284778438730245 0.4467596272231271 0.46106100990190146 0.49829470457400266 0.5005896106715108 0.46967897713669504 0.4629025437418985 0.46208784607696 0.4306763041819291
0.5715707818301413 0.5548013720087437 0.5672639593672198 0.5395186049910115 0.5201601714256135 0.5516996792404204 0.5154662052670379 0.5286105521961054 0.5114612447538237 0.48222180715630836 0.479718693816075 0.4288714244611607 0.4214269895278508 0.38887493081889424 0.39697027377918276 0.4132589292167571 0.42735651105490824 0.40440417138151236 0.4132165476223162 0.4215686411818552 0.41532019693030653 0.45164458749643743 0.46842531227445533 0.4897404540777297 0.5067418491266552 0.4974157514585896 0.4667408695806372 0.44971235186502423 0.4660529877427837 0.4321365913086043 0.4201223581836448 0.45145990103608763 0.4421044012567172 0.4409594297607831 0.47864374479257477 0.4763045254985013 0.4693622616369344 0.5052516897688225 0.5126953006386028 0.4949479297157614 0.4722163989825084 0.46582372671819244 0.4702005256942407
0.5998473071085623 0.6154605921362075 0.6160595384166373 0.5753868975652141 0.5586032642089999 0.5415637781457241 0.5370143478836892 0.5354526857975537 0.4927873085060295 0.523270410998046 0.49775557472451976 0.4362114421023124 0.42282122150130497 0.41311398912375774 0.40165312609113585 0.44227236009924 0.43217451302777815 0.4306990935442968 0.4024057878772064 0.40219894898024156 0.41500053488973415 0.4722746515702976 0.48625886912909977 0.4645861625517123 0.5008691851913813 0.4669075060238585 0.4929900104210869 0.4549747189450539 0.45056883990946117 0.4338615451747739 0.457803713352942 0.4584565125201551 0.4556977407807061 0.4619102164615454 0.5270948349573891 0.49071348461562353 0.4918401137249683 0.49661608110954225 0.4856740678870175 0.48950611712573233 0.45801467232144877 0.47154547184920953 0.4625828455119716
0.6010021680035188 0.605584450350413 0.6212842487497411 0.6174712758895864 0.6146069823933316 0.5728332538394244 0.5599635654590316 0.5703528393164137 0.562489411539147 0.5268158677585257 0.5262247166535728 0.483226381897533 0.47410620212542093 0.4367328634120795 0.4230052404134672 0.4540780581489419 0.4329188799169201 0.4281048474427602 0.46695803879776465 0.45616888400368166 0.42839682790392475 0.44385181164655413 0.49151767803195007 0.4747540809260899 0.47784564861517664 0.46958036871248265 0.47356094888069655 0.4936142367812371 0.459841379444393 0.4677902867518082 0.46834336463020654 0.45621909971179525 0.4754481242966704 0.5174484244418416 0.5333982877657687 0.4984988719850323 0.5282517770219499 0.515236575630406 0.5180582130347484 0.5228775357874493 0.483270273569076 0.48112615849089463 0.46674852184229737
0.6439192506909514 0.6143788303327163 0.6273337041831195 0.6493399646005201 0.62753660475622 0.6134259306716128 0.6411879549992673 0.5939480891320379 0.5998627749588401 0.5809252983290404 0.5375887215379784 0.5302187041263189 0.5172760427753208 0.5044572791988712 0.45931176134235696 0.4601151556742522 0.4518681328356507 0.47631997058750525 0.49641644645354654 0.47115684040602174 0.4625056004217508 0.479735680570396 0.47408844688626767 0.48268253872781175 0.5027570028777452 0.4676253451616717 0.4720206423147212 0.4541080235761544 0.4876447510205454 0.46014780688472917 0.4971507896040877 0.46772798523667336 0.5033470208484638 0.4982076033787497 0.5023404011921001 0.5207723851516319 0.5271430354937249 0.5465334861434883 0.5482281538818606 0.5260193970499714 0.5390574789204564 0.5328384057582944 0.49547303213687954
