Raster_benchmarking/DGGS/continuous/raster-444.asc
NCOLS 100
NROWS 100
XLLCORNER 1743159.2605864923
YLLCORNER 5469281.709790518
CELLSIZE 10
NODATA_VALUE -9999
[rows 38 to 56 of 100, columns 43 to 85 of 100]
0.2464765534680549 0.2919980289241165 0.2704513791027563 0.27015833218715896 0.3142152787750866 0.3242565629496244 0.32565419757502323 0.34158204568027634 0.33096403161985793 0.2972491167894236 0.2918231850017629 0.28502153614888076 0.268888115679995 0.28957074455921467 0.35372065904244443 0.35609833455711654 0.37571435416743065 0.441263051521662 0.4267897096106551 0.43493751662862995 0.4692287042863411 0.4869872880171489 0.46353134376910704 0.4948611800973786 0.4537131866390982 0.4769872314692039 0.4830629640212637 0.47238045948524027 0.4351717078101273 0.4321924480057024 0.4143022102812401 0.4129941249948596 0.4135369045929229 0.4253638391820291 0.4338208889054129 0.4339255270349767 0.4286103616799411 0.46231047647860196 0.45954118230332486 0.44937415116108087 0.44133294709399373 0.45341025800230805 0.42466503268820704
0.2597959893035824 0.27822750052729994 0.28922016172953896 0.263003691931302 0.289761492803495 0.3296923310433863 0.3226138119681365 0.31421564507260913 0.322741953911584 0.27434743219077257 0.25600966940217673 0.2923877327990925 0.33175977911646537 0.3378449439944767 0.3477672180014688 0.3526972824141014 0.35192714357508037 0.3651658805016045 0.43442022630658267 0.4343208427634666 0.41197764012321736 0.4250296706613533 0.4650471714460036 0.4350398964377958 0.4299379447990905 0.47352096531544646 0.47624497044638414 0.4522704081867158 0.4189792724196955 0.4042190850723866 0.40795946882965534 0.4165827508503192 0.4385515655988581 0.4437603540518084 0.46224389556718093 0.4507707323036526 0.4652691229952981 0.5023084357239592 0.505081743259379 0.4601495312862816 0.40058377185372557 0.4047008682041908 0.44294333338075736
0.25582335476568374 0.24269826615467374 0.24042047154803323 0.24132833396059303 0.27869778677503815 0.3212184735425121 0.31981287630026195 0.2944508743355406 0.27401851218136025 0.311041087470455 0.29647976421146577 0.2742577533038855 0.33173603451220557 0.3381593306087741 0.30997642225403704 0.30458608940826565 0.30487041814185395 0.34164713117739925 0.4054848582078981 0.40015239544464176 0.38693879093328704 0.4375120372739712 0.42564418741880394 0.4504345755315978 0.47071147212518616 0.4684615153947887 0.45264107724305885 0.47402280033892963 0.4472097952884909 0.4400200314275062 0.449637460416833 0.4379430321762293 0.4641208490060953 0.4474482971861038 0.4114850370989783 0.4590146330314047 0.46523040759915196 0.48936020630912236 0.5013063800825114 0.45486442969060253 0.4445831826794899 0.4323484556824797 0.43934392311922804
0.20925896695950805 0.2454058545509661 0.22631693494309685 0.2642630868861478 0.27102482282672535 0.290150078719117 0.29126958143141934 0.2920859975894614 0.28005214944713985 0.2753317398240298 0.30706392495395396 0.2682028454432372 0.2986128317486625 0.29686753784644637 0.29412883137985574 0.29638432810879883 0.30023731885547544 0.32417565322537745 0.33566722980840824 0.3424888063276857 0.34811575050718596 0.38613702853734666 0.42989728795445514 0.4385636807876839 0.43081523115654236 0.43072795147290993 0.4687028411251091 0.4573062239851224 0.4439893914532077 0.4430777525037482 0.4531350478334684 0.427989323552603 0.4244311722322121 0.39967973691555503 0.3810528932698775 0.4198629589818839 0.46509108693087303 0.5026484513828093 0.5102946345719729 0.4756568770875886 0.4809219838907097 0.4655649739370851 0.39349935062330393
0.22873764582634498 0.2084205565669134 0.25902600935249037 0.2242366778036269 0.2543998555691958 0.244701473035671 0.24832515672394997 0.25282485712086805 0.27739768245978347 0.2868079811686527 0.3090951746544122 0.2905082960934542 0.32016008898456294 0.3079361825669657 0.2699436715024036 0.24928264827196156 0.257873249193234 0.2850217476132626 0.32338380693193364 0.3791018844514664 0.3943192043997153 0.41700585486395775 0.42976920592872303 0.43726387600772426 0.4672778209139073 0.44328071732312047 0.45549828781041574 0.47313850817987146 0.4558770565615264 0.46719996343565434 0.422344487317251 0.4268340576440423 0.393390187222095 0.40011980590726176 0.41655328817579024 0.4281830335487799 0.46400708822367576 0.4559003639925639 0.4555930117518403 0.4650062368920137 0.440885671615571 0.4493818655502134 0.39992920118317365
0.21387224950477296 0.2238298907386277 0.2722970891294823 0.26835432443623625 0.23923744913714812 0.23960062829086812 0.2554154325412999 0.24069171608523918 0.290398694506199 0.28333038181907655 0.3186395853983705 0.2833898275477097 0.29202230552970604 0.23589068769176483 0.24129444384191912 0.22886757963681015 0.25988513784361517 0.26984459359622753 0.34665439777491674 0.3570736772871024 0.4046573816968459 0.3918862913582116 0.38450849552844923 0.43221829782119675 0.46331365649495027 0.4195124091492313 0.4322301900288934 0.4335804207939448 0.4611995796385608 0.4623054614896021 0.4087120261657761 0.4209100903026898 0.43250333009287045 0.399669409695479 0.3827470715521894 0.44780675470180425 0.4557768694432213 0.46511298461402273 0.47138361884769 0.43905261142384877 0.43941952072444673 0.39481574841814937 0.3734668753750409
0.23069689509890737 0.27035184631977355 0.2981940426764151 0.2784845599144561 0.2594898786485927 0.25292729557262345 0.29170703248675633 0.26257115860775165 0.2892699698185409 0.3182424614771873 0.3213324866820458 0.28191825110425234 0.24781464338085119 0.2138376964906538 0.20146805565197323 0.2445358047220483 0.28909060171984075 0.3007586978832425 0.32221279027089544 0.3528754530998538 0.3828608536290295 0.363152220027609 0.3681792889354273 0.4060688844049814 0.4332677561173742 0.44921471069477564 0.47622191194668795 0.4537835140548925 0.459517318851852 0.4557761380265965 0.41138571736655544 0.4122105771371837 0.39324665853534596 0.4012420372407846 0.4040638652722066 0.4613295592417278 0.46639753056043765 0.4960134691928535 0.514477060254316 0.48339375648993615 0.4393562271570767 0.3894382412313315 0.3783053468963021
0.2682811823461693 0.25825271763845586 0.30097377677452947 0.29506071434884845 0.2679460981824354 0.3009268462261173 0.31923773620204726 0.2679090781101224 0.2711710117026698 0.29434484701211616 0.3177984750521961 0.2713688318306524 0.21825637485673977 0.19693808266738677 0.19537822975188643 0.23336862031195035 0.27859150043324044 0.2738271397341769 0.29095371150174665 0.315238309209301 0.34701922118453987 0.3628860576908456 0.3978819562206247 0.41560891347515844 0.4810799077980463 0.4735978323402332 0.49197127230026183 0.45079275376627376 0.4939299787436838 0.46161269415703304 0.41041300004220854 0.41070191117870114 0.4173271997574329 0.44326588462434946 0.4308424833215013 0.49066232091650397 0.5138616798428018 0.4908820268120639 0.5307562838210153 0.5157900423383738 0.4731141700596231 0.4132443081490499 0.35444638610145823
0.23199373328941217 0.2441064628667464 0.25660874475466444 0.2538432167904587 0.2941535132215033 0.3236672792143955 0.31779141753018664 0.2895576920492027 0.3028856714832819 0.2915479440419811 0.27342581884890516 0.2730777870676086 0.2665181430051032 0.21592998377717715 0.21879244583199547 0.25895880611665106 0.27141089412517866 0.2853491963896202 0.2771346985453236 0.3217141397686654 0.3314371307630871 0.37526028634989894 0.42634261633250303 0.47863252078068147 0.4712658284965612 0.47738927582515345 0.46609497881995493 0.47411083150853445 0.47533140470415775 0.4522647869861963 0.41379532179229994 0.40713791554061135 0.38660653903154035 0.4194630102201989 0.4122231111901992 0.4466708066398984 0.5015298686899127 0.5070787118050647 0.53091107983538 0.49435855615617497 0.4743580262681683 0.4254875141613755 0.4043504244408363
0.23912149489605194 0.2529162160384808 0.2382795763989691 0.2450867921460446 0.3024219365815788 0.29577062997228304 0.30831689487936736 0.27607951657853924 0.26558760652333935 0.29383644835108685 0.2871189812233289 0.26113806327422945 0.2591604461960929 0.22978053187918532 0.2556390847859176 0.2114795136381248 0.21472330145489932 0.23218234951393427 0.24525693412397426 0.28616074214367343 0.3633531419635654 0.3845852329009847 0.4426832539745708 0.44184229231006344 0.4801575377861172 0.4707001911040311 0.4320961779940414 0.44861422874952 0.42694434070074694 0.43152035299776564 0.4013603565956419 0.4189454213907475 0.39525171252255453 0.39203434100082835 0.4324715592833079 0.41811459215412095 0.4957874397193951 0.4810347988522747 0.5213121307936515 0.460438501139885 0.4524354124870326 0.43779864950229813 0.4096972261638013
0.2515389988329647 0.2354414058109758 0.2426475448703227 0.2591503746755313 0.2951703935953776 0.3253793398380082 0.3253588527786022 0.3022089786550309 0.2892913880357661 0.2928678974130705 0.26005291992705315 0.26797108149002696 0.23144044090476285 0.2491408388256615 0.24958963180750432 0.21823788109093883 0.2329373795400889 0.21982494680891917 0.24156068778107506 0.2859439433520915 0.32826826462973113 0.3633440088707881 0.3945138469891358 0.46570996378702484 0.4355489208824764 0.4553944615927631 0.4126011928568361 0.3957352039500575 0.3916272199288424 0.3981066995134954 0.39754126558280506 0.40258041265434047 0.3791610168987936 0.3960093870972449 0.4095471135280298 0.4039079219840619 0.4629566305060805 0.46394004852170095 0.48110746365172835 0.44901890006608663 0.40690295359397 0.40942710282379324 0.4274455376927313
0.2765134623354545 0.2774816632623445 0.24400509138076965 0.30325926984158047 0.2974835940173789 0.3212288874581715 0.3375388087264368 0.3138995121428812 0.318933423907895 0.283424751160371 0.24362238513373397 0.2092730410654488 0.20476100519260684 0.24526561243954606 0.18738098892159283 0.22062384890545325 0.2208337126501234 0.21224723771408072 0.23382159727846288 0.26881379709325715 0.3318557926021305 0.3559021518882015 0.4131734293462313 0.4189774120483853 0.44503627741425783 0.4640909052690047 0.4445925500291781 0.3964041131119679 0.38997944970108644 0.3873836464687301 0.3805510494677055 0.34453179147751345 0.340995675236382 0.3546387685266415 0.37194934466093893 0.36905888746127785 0.38994145844889516 0.46502858918881096 0.4733476177559216 0.44938967433852817 0.4249969775218781 0.39939481144766953 0.41440394795286856
0.33952920135624176 0.2850749952691028 0.2972464121769248 0.30120890532584826 0.3179735496891513 0.3399707289932626 0.3211466059247748 0.3066885133000376 0.31690309089595625 0.31838190721996257 0.26308117446154544 0.2318448927079334 0.250003248805548 0.2280139760782941 0.19594342023996564 0.2376905296930932 0.25066948225828245 0.24533068143551276 0.26503075267436443 0.30014877194560396 0.32941403629079985 0.3365112476062142 0.37158717604755764 0.40831132936225956 0.39294891047731484 0.436950504931279 0.41796623250030074 0.4303998080632603 0.4124546587084297 0.3650578146158323 0.37243205670787505 0.357931414410457 0.38730930105976147 0.4014964948861636 0.3761921322121931 0.36535631367294147 0.4060917878059243 0.4472292901579109 0.4339011208780398 0.4670852546699114 0.44871799268094703 0.4604647631676198 0.46281535762248416
0.36228109591970925 0.3754156341560311 0.35511153341186924 0.36012036482670645 0.32362926907425965 0.36238733872262885 0.3422579812072352 0.3179238092322671 0.3187824778000563 0.33584352040433885 0.33519313672506323 0.2659364666225657 0.25664619754967927 0.2251343006649765 0.22335675916723507 0.21565690481267144 0.22479932125276816 0.2481325759205613 0.2655110921101291 0.28943772046820204 0.319643246969061 0.3386852156569033 0.35945140139633097 0.3989389764011805 0.3622829877450975 0.39576809917162953 0.45086240561000646 0.4033051558981785 0.40397385234619126 0.35053160656392784 0.3412379336910538 0.3391541740330715 0.37434657557772233 0.4006638791643458 0.42535476009774975 0.4033857439278415 0.37173968494599485 0.40082872846137285 0.45662027369698155 0.47463387560764647 0.46212709043318145 0.4499008893281138 0.4474174177838618
0.36175267210670325 0.4018838444823024 0.36871103646964287 0.36153066153024693 0.3495772147976273 0.33067387247020297 0.31481103334108645 0.33033493238382144 0.36145922173762274 0.35506298354790977 0.3252384481178292 0.3268551548300918 0.2607460816005071 0.23323577911163437 0.24785363185274534 0.25977346775943155 0.2504590268976389 0.2574185916524411 0.23168489180216292 0.26646273370564977 0.2878690356885713 0.3569302109061564 0.3506791073962864 0.3717823768883934 0.3716975555046982 0.42580739812307544 0.4108040182481995 0.41297221820751706 0.3687554835476294 0.3629916668624281 0.3558173919931663 0.33252594384755846 0.37093076435545375 0.3856301548933644 0.3909444562706995 0.42201005078946163 0.40638196734071746 0.3925211041565064 0.39549706878763463 0.42338313888575024 0.44299964415510484 0.44031888161123983 0.44020465449601087
0.40686348661017685 0.43556823080181506 0.40198896962049285 0.3991495606320903 0.3468496225004583 0.35897207148376237 0.325823317238806 0.3688320607639606 0.3701044001820617 0.3572390918633062 0.37933346989517436 0.3441650732062292 0.2829691825508217 0.252374686791625 0.2802987402129644 0.24125931107810902 0.2676007402473898 0.2651746860523987 0.22021296059738582 0.2747134900846919 0.32059783613130344 0.3245085654647613 0.33930141908794204 0.346618325837091 0.39739246404887035 0.3799020275121968 0.4153759647648706 0.38997324825838453 0.39767548408717773 0.34977893279858785 0.31784498693321533 0.3259686759898868 0.35824116608173207 0.35797970654711353 0.4014028891028347 0.41486533584737384 0.4137663296291538 0.38710152159334105 0.4046822899923143 0.406925913276668 0.44568122715809577 0.47833032306535384 0.47659392532228584
0.43819253078466164 0.42657877741008526 0.41083592513312434 0.4229163844543115 0.3795600312850613 0.35918941639825097 0.34659235546186196 0.39049915204217744 0.39100854463769935 0.4144107683621661 0.4191111465705653 0.3595007407100279 0.3341585763340084 0.3084295899616259 0.2839009003943199 0.24611141065433917 0.2750943197138821 0.23523305837954417 0.26634218350248245 0.2777752951484577 0.28389738464540815 0.32474434836430344 0.3077932534011513 0.33360275301977516 0.35258006288181587 0.38795295956979925 0.35131542742404925 0.3631861911661227 0.37030340554640795 0.3678254433028294 0.3636434934075968 0.3409499413352088 0.3730516888673008 0.3920244288660828 0.4027404098338475 0.3983076564617544 0.4352838370926081 0.4376097804013901 0.4177602709634666 0.44683129083162054 0.45623670792225574 0.4617508108969289 0.4363033495703003
0.4249953410575455 0.43175241341654663 0.4280991383163932 0.44487217830780074 0.41769598169364863 0.4099063480945057 0.36413876535191914 0.4118500858075763 0.3903062916813724 0.41420141070058175 0.4112542624826596 0.3656533679133409 0.33428274125446933 0.34960906100841427 0.28503739373730846 0.2691120495248299 0.2497472646663091 0.23512524891050396 0.2322930859636757 0.26920266807690896 0.3001039315796479 0.3080086605354142 0.2807910484247587 0.3010636054725617 0.359082368222974 0.3446111187768835 0.3468504264193516 0.3048715118664762 0.31366449854589185 0.35376030077168696 0.36282783094656657 0.35807642171031734 0.341737692770536 0.36201073806236694 0.3631425457133899 0.42661738188167053 0.4325434005046863 0.4419079558551047 0.4237219111190483 0.4139906680093641 0.44692537527654386 0.4627742403070722 0.43393898098437944
0.42980525889861104 0.44258691469425054 0.4438053359564334 0.44033033185882137 0.446453155793076 0.3948504095926067 0.36675165823345773 0.3996927954710569 0.3784589229804227 0.3857514504511075 0.3970305094731686 0.36679159058388056 0.36969100232790625 0.3725709961714652 0.31001808899328165 0.31997547038296575 0.31266671835464854 0.2879858931004237 0.25423539096767317 0.24451242973750484 0.2871263711094434 0.26468311224428537 0.30321720361731846 0.31914535678040545 0.32665213681594013 0.3275823374356045 0.2920003878252163 0.29983050272612605 0.35427274383558177 0.34823088824164944 0.33092017957990966 0.3379427011265262 0.3392826647340696 0.3649856648383858 0.37422623616760853 0.4026556111669127 0.4000817555589411 0.39983787854792396 0.3955289246637074 0.39234032792488455 0.4081361803412667 0.4265675903531891 0.37107104480668684
