Raster_benchmarking/DGGS/continuous/raster-383.asc
NCOLS 100
NROWS 100
XLLCORNER 1743159.5545171797
YLLCORNER 5469293.097946162
CELLSIZE 10
NODATA_VALUE -9999
[rows 76 to 94 of 100, columns 0 to 42 of 100]
0.5799986769493417 0.6162723465635146 0.5910507909829542 0.5514502550585892 0.559736118764899 0.5594114464382611 0.5600168111738459 0.5758427200597581 0.5706149515578536 0.5885172365116823 0.5833508445228714 0.5773764885467902 0.600575516397596 0.6040215336790149 0.5944596888935624 0.5904318835599247 0.5989789591132803 0.6034737374648884 0.6194943714347435 0.6284720290970012 0.6360856013707751 0.6198317936498059 0.6079998357815902 0.6467955962124706 0.6330813009879914 0.6543837441980468 0.6995548244701515 0.7212125463983852 0.7279730911301436 0.7647945083496441 0.7969700253988556 0.8508699565443479 0.8421413044723332 0.8496372809794983 0.8280553975955491 0.8727483157826215 0.8719894325239019 0.8947029423584562 0.8890591278895125 0.8851770843200742 0.8637099948334055 0.8641792277752458 0.8668324175773173
0.5790044883395662 0.6361496265407552 0.609828703114647 0.6091775877196164 0.6208776926649698 0.5954396137194837 0.6329631436932688 0.6039591024968022 0.6126409353895468 0.5831518435664786 0.637111120764492 0.6538143853730218 0.6476415267370059 0.6446154352125854 0.6395775127120745 0.6521411444466978 0.6343367807882373 0.6171529808752776 0.6100057058511901 0.6098854354587283 0.6037557466771839 0.6263250453028277 0.640361852355848 0.6235693434754476 0.6299923799591138 0.677384370760026 0.7105264246318447 0.7084076946505804 0.7312529874853012 0.7969582908974552 0.834934144175627 0.8576255545846111 0.8583994112329959 0.8383736693530242 0.8404553138199782 0.8587017404374859 0.8770948944522134 0.8720113420667776 0.8828162080056402 0.8690084349793639 0.876954695543862 0.8741071076787119 0.8730470008904867
0.6180911187965317 0.6534503389991595 0.6375778441427522 0.6292802396330935 0.6644311359299384 0.6872623127104478 0.6738222129561033 0.6736940459587906 0.641134541860087 0.6438159887989899 0.676235661536358 0.6872164536071893 0.6483559434564996 0.6496646525602189 0.6279970701606368 0.6476625988322078 0.642727175532584 0.6085688099115486 0.6157389048760249 0.6188974776036997 0.617754378743017 0.6328880894513483 0.607842566902799 0.6413695817766345 0.6418785901312621 0.6821729844676011 0.7116475381981907 0.7598899948120564 0.7840481356706491 0.822846559341211 0.8598963485808845 0.8578754212969559 0.8652437206843198 0.8566000977647924 0.8496763624339652 0.8739115110885569 0.8852579282324544 0.8953799032442137 0.8971630794601606 0.8821448941088917 0.9050475031220852 0.8926473543734904 0.8856339662947125
0.6180098260247877 0.6278372685969342 0.6409806696276192 0.6771177429465995 0.6953637283239515 0.7216607597779161 0.6958487991570993 0.716762877230933 0.710454431023153 0.7019715748543068 0.6957964126726888 0.7028166867950505 0.6714516226958052 0.6593544305474871 0.6340479055849805 0.6281907160056741 0.6068670275841996 0.5916103903499317 0.6438856478790533 0.6383698817952427 0.6691078276803784 0.6624495861434483 0.6527537917852821 0.6012475947067982 0.663224140163128 0.7456358108204832 0.7745393434215743 0.8079471608604186 0.806265835921978 0.8481554435924985 0.8687935136069649 0.8948127481317119 0.8764148482896024 0.8406304495816672 0.8817279708674441 0.8936871109636404 0.9238680250898733 0.9304226029262055 0.9183287717916464 0.9283088940038616 0.9168662978019371 0.9231494025528776 0.9043396007351598
0.6663947324217078 0.6359963746614419 0.667571290744277 0.6740126738487382 0.7220117749028481 0.7307827076197582 0.7423702218255706 0.7345278556903957 0.7322200293199221 0.713783383185925 0.719820590509172 0.7194701708782117 0.7081531407697353 0.6997569049089855 0.6460010123952644 0.6345700731474943 0.6124203902916313 0.6223615119472801 0.6446302949570987 0.6404610700214475 0.6763065881189102 0.6977885641394582 0.6889930313019714 0.6860445329143676 0.7166546639467372 0.7611135722147397 0.7942174436838816 0.7925694895895229 0.8348963890201335 0.8646767887238146 0.8646481914828885 0.8524827456683137 0.8798217152868356 0.8869699827901878 0.9149148533604585 0.9220043777308011 0.9479874807275367 0.9382517144618355 0.9616280660618103 0.9545049958558187 0.9335818584494933 0.8894470893714341 0.905841774603564
0.6507434894348735 0.6654969826063539 0.6801613339616359 0.6822831612675145 0.7071774301882519 0.7322077958457418 0.7270226878124316 0.7187451616997019 0.7375230363135729 0.728736408092521 0.7208433862890249 0.6916185736004872 0.7133070811375765 0.7284988366183535 0.6804593656494644 0.6645053059858842 0.6296915923013524 0.6390248651885269 0.632260474147784 0.6514832974672732 0.6659138387216919 0.6851611747693941 0.703595255971363 0.7313795349039579 0.7345245003220928 0.7611902393573996 0.7531515056540826 0.7944346076041517 0.8272567284879829 0.8618030495455927 0.8704983328614275 0.8657965323806097 0.8668398630527522 0.895760965836249 0.9322459376596592 0.938614682149133 0.9758615623131065 0.9762961869893182 0.989526930845891 0.9758978898660977 0.9347776933928882 0.8805455562746897 0.9080625213509386
0.6643938398499712 0.6826465129558236 0.6914258778306733 0.6690129058703627 0.6947738344946686 0.7258804324231878 0.7567077142748044 0.7408831677641501 0.7346190290390056 0.7348175196823984 0.7269759444919204 0.7277445881684826 0.7014163929160405 0.718387385320771 0.7281202948074457 0.7006374635267899 0.6714768443075092 0.6809045815788748 0.6683689616069292 0.6746049575589672 0.6733466976073276 0.6613005026152251 0.701059966522245 0.7235827985925689 0.7380906665950177 0.7391973977512427 0.7598799503484063 0.7879236728863768 0.8123076980370253 0.8278049727520027 0.8521021498382373 0.8818668691278695 0.8822086154601179 0.9000308913711103 0.9297872413359217 0.9248599119724684 0.9557623906822273 0.9909079348385218 0.9960956462348551 0.9670486846571635 0.9186374512867924 0.9201897893003314 0.8992568291366385
0.6601765558171545 0.7034288604788023 0.7123975449441792 0.7033137154902374 0.7012901280734831 0.71594053383303 0.7284134683077053 0.7617923803740391 0.7392260583894782 0.7095055270180471 0.7313004494547253 0.7298074884655216 0.7287597492336704 0.731806452962648 0.7059299238778944 0.7075003634856611 0.6967115768627519 0.6531528077677536 0.684350347601447 0.6766683911577147 0.645199175789127 0.6518535010571417 0.6777420556660071 0.7185745990529746 0.7446129372436688 0.7257461310623597 0.7589222474164347 0.7981723976394681 0.7813410295019703 0.7963320732082423 0.8377038184272952 0.8588030772614494 0.8685893455331642 0.9105065996318614 0.9266319607223947 0.9595412248564079 0.9509238733372656 1.0 0.9975194192982965 0.9693516657544833 0.9413115166801233 0.8880305518677939 0.9124334821190602
0.6944908838480599 0.7026483761461975 0.7110531313505583 0.7128301763162549 0.6973036309196631 0.7002859876170271 0.7207644106327699 0.768517380437684 0.7630640970484242 0.7274235757127507 0.7263756797780746 0.7340394515220956 0.7537663964210864 0.7480812974672821 0.7343980557730582 0.7189907116974581 0.7157023446897468 0.7037315552213645 0.7135750661116793 0.7008416699536435 0.6566822184483384 0.643006048819493 0.6729298098355102 0.725637961506694 0.7396396382045803 0.7534492740379329 0.7333875835358412 0.7790814003250598 0.7878401941396265 0.7964226196416123 0.8103207633564671 0.850259083911688 0.8711440110003876 0.9230122506080057 0.9421851914871175 0.9319337635903276 0.9609472886001871 0.9458947279568826 0.9440941977207596 0.919608949340354 0.9312186162424702 0.889773031176933 0.904016771314493
0.7341528824196608 0.739219302984676 0.7572987715736219 0.751776054355471 0.7341030302353981 0.7146435681518601 0.7337689696607891 0.7705375110117286 0.7739788911656845 0.7671464864739266 0.7574048738091576 0.7754593605985504 0.7682453729495121 0.7312831558493228 0.7595377840642589 0.7493261148770153 0.745502171725023 0.7468763575369572 0.7129768045214298 0.7107703139584344 0.6807393451629733 0.682999286991333 0.7080635417908713 0.719018838931158 0.7284309470350163 0.726429895015151 0.774724833579968 0.7812108419033096 0.788165560521632 0.8008133871744714 0.8149546605484569 0.8553305551714677 0.8703470636808202 0.8978059640058135 0.9247760724329639 0.9360847076824177 0.9517456964795554 0.9303171423267549 0.940515046004015 0.8983303239309336 0.8997364076119523 0.9279806643677244 0.8826705185622035
0.7424268972328609 0.7578825990824676 0.7350167763452277 0.724233170565748 0.7393242722039738 0.7812895737668393 0.7976789676379824 0.7878068590552949 0.768456539417178 0.7890100785187653 0.7911772380953439 0.7875941441604719 0.766322038960783 0.7377867718640425 0.7504748607003398 0.7514905514974088 0.7497135326329798 0.7435891987635976 0.7416767732623464 0.7332035978398678 0.6893851672743774 0.6648526911109615 0.6916944027239188 0.7117416357363868 0.6952236076371453 0.7513414530896625 0.7690889469727835 0.788996777888955 0.7778665151518311 0.8046111688458707 0.8270284142943622 0.8767642735265129 0.8925668149344087 0.880368670389475 0.91485436596859 0.9132701046693095 0.9195413998881333 0.9345640718368577 0.9153150970530505 0.9066922423555203 0.907462287790728 0.8974491825942547 0.8934795400327873
0.7432792545063832 0.7682810444210736 0.7504237033935919 0.7144166824707187 0.7509068723933 0.7932978245859 0.8203354186874436 0.8264952543057298 0.776453161021956 0.7741098454229421 0.8093122437138986 0.7980411050560421 0.7780489029700944 0.7341890117142948 0.7248843774002927 0.7712323406415694 0.776983134258753 0.7659435100361531 0.7322723211492045 0.7307341582488336 0.7194285654042019 0.6787123793939435 0.6936110481215477 0.6583000170999185 0.7279299316109656 0.7483311999512402 0.7471137747360194 0.7383157870152934 0.7678805138456605 0.823351493119952 0.8485474813631467 0.8808007423513871 0.8900175655225874 0.8567001388084495 0.8742405958238163 0.9052669942586351 0.9226029504403086 0.8883607566359326 0.903070797960299 0.8972913710270648 0.9173597775180835 0.9305525508577196 0.9046617512557062
0.7694721459195848 0.7608153239935938 0.7532457291795602 0.7525922396597085 0.7382582025082429 0.7934240074641156 0.815333066190893 0.7833168882911404 0.7810472896190468 0.793592997222216 0.8002249688775865 0.7953845866508267 0.7858473317421265 0.7475857913455992 0.7327024484015073 0.7413581538366291 0.7851750308314664 0.7665537518693942 0.7426073162016327 0.7281378511124134 0.7216978165371704 0.7026123179533882 0.6916572170810489 0.7059944063572696 0.7202494184456012 0.745894919559013 0.7458014532299921 0.7671980148412457 0.7864172597494793 0.8185931721113059 0.8647636910158948 0.8774007452947148 0.839129475817069 0.8476835531037179 0.8794467681294765 0.8992848261301384 0.8788486238271117 0.9033087124021609 0.8907068831159864 0.8899317024463546 0.884896221643782 0.9206427658370122 0.9034957983358913
0.7680021940216191 0.7511610546761842 0.7571413099912602 0.734269270745895 0.7495201023552258 0.7784488961434783 0.8072063880646134 0.7951773882787666 0.7918712358872309 0.7665099024003968 0.7983489660665384 0.7945688064078837 0.7640507132282887 0.7602861481940354 0.7649515683229978 0.7448182318256344 0.7439097615347094 0.7702191819215242 0.7585140365269468 0.7937747253185135 0.7566102195475408 0.7142974181052005 0.7261121174728044 0.7605880443097348 0.7365542486562844 0.7604113398002872 0.767621283516802 0.7481770964809684 0.8050036416067626 0.8335339723085987 0.8396961106938627 0.8498773668988454 0.8581264282980371 0.8498454392192384 0.8808103970529831 0.9080636369335795 0.8750975299225221 0.8722340746895701 0.8835704151000209 0.8989031563001963 0.8795644031362689 0.8959488909311824 0.904258183613622
0.7523524840198794 0.7755380535940722 0.7654088054355157 0.716766689075005 0.7353745890154377 0.7671223970119484 0.7678068868434071 0.7477376866760509 0.7911640382666766 0.808065783089007 0.7881446067414472 0.7797803308124791 0.7854788206706507 0.776910624864497 0.7710538145235666 0.7616490691245839 0.7504476234206335 0.7832818675929815 0.7664052542958183 0.7681552656189129 0.7444734844264908 0.739177902772793 0.7412459589619202 0.7514285056964821 0.7828131776583209 0.7837170657374478 0.768410074065677 0.7894666387647988 0.8054357593079148 0.8325555943061418 0.8229179772743457 0.8433379871423834 0.8381323708474792 0.836158373755766 0.8598873287065242 0.8602158349739767 0.8700480379852068 0.867544683216265 0.8437232534907418 0.8502841735798 0.85400889151405 0.8706179363258862 0.8644367150021299
0.72963265134764 0.7631596331021261 0.7502663707723946 0.7179037597199772 0.7484692651844544 0.7238515398505073 0.7352180937927157 0.7346974217884717 0.789647406359373 0.7922427394246507 0.8206384489851425 0.8158207771730513 0.7596546443957574 0.7611591287655434 0.7765872291219835 0.7330824788646039 0.7469469545397963 0.750587620708158 0.7909317003118171 0.8103623534283412 0.784847871222228 0.7415754122173097 0.7613678696749466 0.7765783173146725 0.7728966247525073 0.7919480632122964 0.768420601454205 0.77082856021014 0.7835733121231149 0.7767192836804103 0.8111774061252082 0.8358649722120068 0.8249385928596795 0.8323325504125046 0.8720871428008522 0.8791909764562229 0.8707320119558183 0.82795215711 0.8281301432345045 0.8249776367657213 0.857573724421468 0.8587042156644281 0.8547818736150359
0.7255898404115521 0.7368029668279024 0.7476980483407968 0.7522459524734741 0.7508135639427986 0.7205126725303592 0.7607312158410119 0.7712127997972391 0.7797687547662295 0.7775028541255182 0.8054766154513318 0.7954612901486522 0.7622425106139615 0.7364865781780687 0.749858072464232 0.7268684721489049 0.7389671646497314 0.7874348661966326 0.783596445009618 0.7933400931281402 0.7671467487890015 0.7341836550764324 0.7524465219626935 0.7522059276327864 0.7634800838308917 0.7598397710582735 0.7458760042470138 0.7540735840084511 0.7626845037046628 0.7870572522761344 0.7898523073843363 0.8511694076558266 0.8572751165111917 0.8377715545125726 0.8516772962918777 0.8452047962959539 0.8408991232809586 0.8097208923491817 0.829360029098055 0.815719766378488 0.8278196455213658 0.8787709744320106 0.8721877910058986
0.7518139490392182 0.7571779157643975 0.7428079171943147 0.7316018885168851 0.7382883011749155 0.7356562097244292 0.7484575029156707 0.771643901393512 0.7503017200034354 0.7498555907328626 0.7775058006208916 0.7828197479423412 0.7667328109527193 0.7402104755307684 0.7616453859833902 0.7365488051937173 0.7448105435096264 0.8075841023446464 0.788736646827448 0.7989401466488767 0.7938053566893709 0.7723477413519045 0.7856262759506926 0.7564510116855162 0.7880122243226143 0.737019446871466 0.7661177905434075 0.7413652861928042 0.7417183857397832 0.7536056480415023 0.8128783709027505 0.8437746305835716 0.825245874880337 0.8674686823905977 0.8585110603808684 0.8455983895226942 0.8455326603922774 0.8335941817227338 0.8242176887718076 0.8266597165556429 0.8388675132225738 0.8699268155488277 0.876530312509494
0.7567548566636958 0.7643474275083635 0.744884776668079 0.7690212537397537 0.7629966846911916 0.7257041226658049 0.7425670759959 0.7251085897300691 0.7634476987861097 0.7407471525235139 0.7425193231813614 0.7654110623250787 0.7344525703159785 0.7599610231446844 0.7519001356455566 0.7440830990731664 0.7663407104692395 0.7852870529925114 0.7850275407282634 0.7939327947660444 0.7635793884479459 0.7587436090529283 0.7788949713535961 0.7727109932960353 0.7980938809280368 0.7678516746091337 0.7687748380228026 0.7573113993552621 0.7559973599159794 0.7984659091293842 0.8001479109838538 0.825841220327555 0.8164368634604746 0.8333128579822255 0.8266798361677643 0.8401675339079444 0.8475695184179239 0.8423581842396346 0.8061301647993924 0.7996779475983563 0.8353815579103309 0.8654864795156587 0.8460938581614404
