Raster_benchmarking/DGGS/continuous/raster-244.asc
NCOLS 100
NROWS 100
XLLCORNER 1743156.3333596054
YLLCORNER 5469285.146797472
CELLSIZE 10
NODATA_VALUE -9999
[rows 0 to 18 of 100, columns 0 to 42 of 100]
0.5318187761749483 0.5455054277905953 0.5070714769179491 0.49365952409633473 0.4891072453055774 0.5068714249681028 0.5604929485190797 0.5271062211331807 0.5409896920590042 0.5044872387405959 0.5058311291269162 0.5269136599100579 0.5127569015645299 0.5266714654886128 0.5497689727165411 0.5647869321489495 0.5482238242831673 0.5925490156463509 0.5626301325347156 0.5571775439425986 0.5530539597202752 0.5500216997925416 0.5398493292196421 0.5344232883083947 0.5386351783210893 0.4828831295210891 0.47486720714386266 0.4958545918432874 0.48477434292111776 0.46571799525118923 0.4691307280169961 0.43561891518909834 0.41222643816631704 0.3313632796718169 0.29705827423872566 0.2827805126210467 0.25126590216653266 0.27151378149219624 0.2759206619127899 0.2393036296836827 0.20278449061715137 0.16594976699422265 0.15164865744457193
0.5921854223339018 0.5565647680793997 0.529782399777543 0.5094510351286274 0.5254163763753981 0.5743841529451107 0.5651286839003018 0.6042232642980782 0.571726552672363 0.5450565313011672 0.5570878441552882 0.5856234942122311 0.5397867789059088 0.5295817736868871 0.536006765495895 0.5750314296239887 0.5403244825629343 0.5898965898438842 0.5725621821891818 0.5555175197324917 0.5650851983182028 0.555553534296622 0.5508196120092018 0.5818791030788211 0.5123761625499259 0.4890414839865329 0.48069217924571717 0.5355789028819957 0.5155000539828283 0.49040370684255624 0.47186301507298184 0.47089419938285854 0.40942339583432996 0.3403551688602199 0.3437795912112484 0.3021195268259273 0.3018210515457278 0.2645296061239734 0.28695005683788505 0.27913989627787933 0.2285669384216201 0.17990630178106762 0.16851834927992737
0.6036341185338568 0.5671296123059945 0.5760698593935645 0.5305333216109281 0.5679761024787255 0.5590418587443878 0.5754037897060976 0.5978394273259259 0.6115591111836495 0.5909612910565263 0.6154882751137799 0.6055095050774828 0.5639999983271266 0.5486893060323607 0.5895392416370996 0.5962894677520407 0.5507690091798205 0.5679213204785728 0.5938633080136984 0.5788704635315032 0.589614894646411 0.5696998733369625 0.5590956620206042 0.5781108213765063 0.5261372457579837 0.49505107688064764 0.5200899156206823 0.544938623818331 0.5296510909330309 0.503320769066435 0.46064837179458346 0.46791431197416095 0.41115184780619796 0.3681834611191622 0.364080180934059 0.3197727426714408 0.300958717905998 0.30398582008610187 0.27495674784958485 0.26892675562905655 0.21453018784512767 0.17606986490204962 0.1369050499345477
0.5901325099497963 0.5654742331748155 0.5734102950428077 0.574713845876343 0.5836143147502402 0.5358908117540687 0.5959987815572745 0.6054107406876431 0.583472671337887 0.6012288215012734 0.6517031124515114 0.6418358127200142 0.6276401298655043 0.5980544352292735 0.5801767248145374 0.5868982920300817 0.5437795667126771 0.5463767515662528 0.5875016448475329 0.6172997936641574 0.5822287244084439 0.6017119359781601 0.5781939758068152 0.5877605226957927 0.5576616555155152 0.5301316758721037 0.5557119315013781 0.5554466302191262 0.5620457348528997 0.5082775147687664 0.48192668476016864 0.4276600132688107 0.4249684454281075 0.363610084333655 0.33305164722488884 0.36971911170358285 0.31706365966477157 0.311042764314372 0.25910792742894084 0.2558993938881078 0.2284394542112138 0.18311114693206393 0.18310291575462878
0.5813708718314418 0.5716854461394467 0.5882027105038569 0.5592062189235596 0.5548174428009582 0.5589210263419877 0.6056566000912487 0.600371190467763 0.6148718517471363 0.6579094133454726 0.674134129895893 0.6726774111913443 0.6451713564256005 0.6273839979017366 0.5982616973931782 0.6069068220904879 0.5695823472391724 0.572722215029903 0.6153364368986669 0.6176330152292655 0.6147039407221321 0.6191058889749672 0.5746329807690644 0.5913034607722271 0.591058155663028 0.5759115069623348 0.5655436118170458 0.5846545653032915 0.5534104919866811 0.49171651093841295 0.4602967220034711 0.4521574633651899 0.4202134379230946 0.39455894415647463 0.34052975442986394 0.3654382972728308 0.34485150546313564 0.322030728373641 0.28128981599798775 0.2898829352506703 0.24612925665934227 0.21442964653437066 0.17355496293337852
0.6142191984275054 0.5843453683067968 0.5911633065850391 0.5333663819588718 0.5902296039139606 0.6408482763757405 0.6575598056854733 0.6362211975229418 0.6155444814912661 0.6360736573112122 0.6811120152057901 0.7182318122254453 0.6558827515078446 0.6122922140450975 0.6168406473663914 0.5953232045584663 0.5739484150399254 0.6152247934967376 0.5864433974734867 0.6169156168543455 0.6048047876613146 0.6100616747548032 0.5771738422148174 0.5925708253093914 0.6166936386384587 0.5794131949622245 0.6028240423453933 0.5775937743699273 0.5585961028839612 0.49752916502384137 0.5044908979056559 0.48772242546651806 0.42136332345674027 0.3772661833674011 0.35278567678503475 0.32286275819949467 0.3560244060625352 0.34314244266112187 0.3207599214240283 0.28249352372014636 0.2705838209581831 0.2035835614571967 0.18410643408861835
0.6164372799672379 0.6285819958031467 0.6309570186047007 0.6136582963598181 0.6473065948094017 0.68607818300202 0.6697246651946703 0.6899630473626415 0.6539107970939999 0.6796406429953882 0.7024458664343675 0.7103249245748976 0.6813358210521808 0.6722580570952452 0.6199648616394469 0.6410365072206544 0.6188091237964102 0.6063982947218057 0.5911332021790854 0.6292176323084784 0.6011137182418299 0.614703997360955 0.6126438401627042 0.5947685369285497 0.6201400149991615 0.5858280844902044 0.6219240784254213 0.5676077128684112 0.5456704201361704 0.5105732032814556 0.4962747775630905 0.4762975740552344 0.4553731479144 0.42503227544342553 0.38946301782383047 0.3628303521826695 0.3811535426968519 0.3702135517377528 0.3203828448739234 0.3123008764552393 0.25403208996607496 0.22138950334598426 0.2270005868734352
0.6122008030467888 0.6346235450024407 0.6472461314053252 0.6706868654682814 0.7043498423131753 0.6926803218066437 0.6972047011168268 0.7046766796275244 0.6934876175289185 0.729201465506429 0.7483650859130893 0.7092664540076673 0.7193444097430746 0.691439979363402 0.6227517609893135 0.6333910147254929 0.6207526270097045 0.5738590739806511 0.5876557146257759 0.6081795446958583 0.6017102827444609 0.6532680006357237 0.6081547096202887 0.6101002688371603 0.6414445595627468 0.6198722911139262 0.5962510801790516 0.6168841607980103 0.5620825523065665 0.5234037418056122 0.4963055131069031 0.5441407595350354 0.5216939640780904 0.4975188231434037 0.45437638825056165 0.43603474253544366 0.407099569480564 0.3570941729821154 0.36300616880093783 0.34941740953892997 0.2795288300076854 0.2874407819782105 0.27954430475237935
0.6323196439551929 0.6647120640438314 0.6633858186560287 0.7003826455042914 0.7034536995461603 0.7291786406633991 0.7044627133680246 0.7582259345850828 0.7487442784344694 0.7561946628048121 0.7889900480882481 0.73615088453156 0.7105939159720601 0.7149952923638069 0.6452006549141323 0.6378630316431864 0.6021553472819914 0.5953770745676441 0.5957353345161276 0.6365499720677973 0.6314734125255966 0.6592290499410296 0.6558044380008018 0.6100158378246293 0.6107958258236239 0.6007967436059136 0.6055781344693084 0.6090590635804395 0.5569659173754372 0.5077291786054796 0.5167797363889367 0.5451754314151207 0.5130868321948356 0.5144630762825664 0.47087144716993506 0.45048185252087525 0.42069147024236453 0.362572193921198 0.3449393199536419 0.29513887624784335 0.28728595582303396 0.27766292601833953 0.25081351906573623
0.6810500394114751 0.6871093375464519 0.6915523865363972 0.6648035034995144 0.7056736747400745 0.7364611042052907 0.7205620188646672 0.7908024606887489 0.7897218160855715 0.8108296856944591 0.8114575279435396 0.8078386838731116 0.7203881372377084 0.7098353809563335 0.6865110534276074 0.6191832004500525 0.5916306725383019 0.5698035375216085 0.6077402105684756 0.6211741280226223 0.6262248475842166 0.6467032850075154 0.6206443997935263 0.6130047579113238 0.6119617798014225 0.6033191121870937 0.5807723566899246 0.5768690397851637 0.5446727218148564 0.5256903655564534 0.5331892192299483 0.5626331815302227 0.5565095748121673 0.5075353419807388 0.48297151453643444 0.4908380297421973 0.42104807507802866 0.36798152534878664 0.3232274916947497 0.3043558528990634 0.3290387844862706 0.28738670652226556 0.25334059257425656
0.6775499722981497 0.6915508134673012 0.6910789667012686 0.673950694136254 0.7185616707038612 0.7202385986868359 0.7513095487001863 0.7701581918286579 0.7645182315699542 0.7861189056681993 0.7696527383902769 0.7662648728145808 0.744364539259393 0.6955999129013766 0.6857329116501163 0.6602070659380516 0.6458129123460793 0.6186654204492417 0.6318586367136866 0.6457365587105147 0.641146194607757 0.6739738219969461 0.6575616344706111 0.6516693269268674 0.6485955651714564 0.6492399852161024 0.5998273573563836 0.5886477911407784 0.5968333049424005 0.5576435208233657 0.5808539419607537 0.5727417370371809 0.5689242495634881 0.5394383787481319 0.5273049286380085 0.46744073920277984 0.46034190851530027 0.4062640524868385 0.36386294515344336 0.3753168525228123 0.34711581022274635 0.3448960056138628 0.32320881106465293
0.665513293848489 0.672242966092278 0.6809407453387004 0.7102625772340273 0.7632960556434465 0.7769490045869499 0.773989147247935 0.7583619490588063 0.7636213049447376 0.7497353300637116 0.7629076649721397 0.7345274742486275 0.7502035769055869 0.7403013982478523 0.6973019216949554 0.6739546115031335 0.686485426481863 0.640050664989023 0.6789407263589009 0.6601527530492878 0.651191663349188 0.6463447133489045 0.6506629106166232 0.6870661262981019 0.6498829696071686 0.6615279545299512 0.6348627145167769 0.6473526834092416 0.5948341022097305 0.5994570267734762 0.6219407408971364 0.6292748760107804 0.6090179355734969 0.5503477067063691 0.4943059929983682 0.4567680349908919 0.4737818587694719 0.4580501014673114 0.3810640298505426 0.38310563452652635 0.360149870683755 0.39220100562051385 0.38004126107531844
0.6894808406619729 0.6508053871096898 0.658576653818198 0.7049521238868833 0.7469297196072049 0.7513962640205804 0.7422010529157854 0.7575850130519282 0.756870198622118 0.7699006040964663 0.7426276458204428 0.7595007549179422 0.7350423619501331 0.7380913909656246 0.7389523626853387 0.733941449868549 0.6883687291276064 0.6658052635039032 0.6932903617285148 0.6920859329690923 0.6845833856592648 0.6629699416023809 0.6646050379555046 0.6682356835196293 0.6803205677702359 0.6802885173271751 0.6518019034898506 0.6628286397177088 0.6170074200094511 0.6518251856269485 0.6298079153396526 0.6102273172114496 0.6027852325987704 0.5450390366109044 0.5302066146716818 0.49552480138237703 0.4573447303030508 0.448033983835812 0.4151133452233937 0.4309049910268854 0.42233474019735495 0.4184029750787252 0.4310286422413613
0.676374996339138 0.6558366341542397 0.6807847733219978 0.6952161321709405 0.7268179944162754 0.7365892055003512 0.7410476430352663 0.8004574256134039 0.7793690842565271 0.7751458015941871 0.7430687554091411 0.7458003428510473 0.7367926361083569 0.7672223135891223 0.7563959522560658 0.7552511200564934 0.7388956616447842 0.7275956916669993 0.7580986098416197 0.7440820058158751 0.7256529363783049 0.6851425689452113 0.6592585573538465 0.6659899362983861 0.6882978202247362 0.6830106029794899 0.6475576783951817 0.659394478803151 0.6279668301726397 0.6573671418300628 0.6603165047313172 0.6552214211708467 0.6090093886555633 0.5979862078363778 0.564735990766423 0.47028281285585316 0.4842985308100096 0.43857092450546586 0.42661251766895664 0.4871344184775311 0.46094693466623615 0.4505947140443018 0.46587973853268416
0.691674411286391 0.7124530325611587 0.6736274056171081 0.694678827345051 0.7123720693371667 0.7216150986305182 0.7591269025415054 0.8051385087345669 0.7737311634067143 0.79999730367755 0.7946627965623092 0.7930178646671091 0.7817063899723848 0.7736327845609793 0.755323863900632 0.7758268591024224 0.7306013789421075 0.7277612389431872 0.7619260854629516 0.7508890073885293 0.7624560275841661 0.7152576313240874 0.6888152617656185 0.7018467420143849 0.694461682894513 0.7047535425845496 0.7002840790117615 0.6901542814087682 0.6580743529224757 0.6606764094669442 0.6560515079497989 0.6582778750170392 0.6259482529438468 0.6197112155580685 0.5636557615528287 0.527107084823575 0.48721947915259295 0.45840138686950854 0.45623787953232997 0.4309749757469419 0.4391236533862646 0.45630545886736895 0.44860560056749105
0.7724747298225041 0.7357547141155829 0.6882885505943428 0.6831761320114756 0.7503898077054546 0.7496310509538725 0.7716170231449917 0.8009621157358604 0.8020160402067272 0.8196913626381942 0.8199390928621683 0.8117368398829763 0.827441956036971 0.8133999937842435 0.7623070033098753 0.7684819979958021 0.7511383306270845 0.7422088406831411 0.7783924954111293 0.7779902462248658 0.7569698425296757 0.7829704112466027 0.7519845642575075 0.7175813192157763 0.7270077714287595 0.7063018594961775 0.7002342994932319 0.6652336619385333 0.6894653333315268 0.6746038379877007 0.7112481234703752 0.6989896098481123 0.657056681828651 0.5866751069651766 0.5300480456446367 0.5058636226333367 0.5146549042517851 0.48435139807519445 0.46412251448984276 0.4470143216069319 0.4257638736268719 0.4387567550486906 0.4474922359712038
0.7805722621500814 0.7388538141958436 0.7364861077641398 0.7268479258641358 0.7538337444849835 0.742761902890099 0.7980440840161088 0.7814172334315467 0.8062349219223237 0.7981190795670198 0.8141314712400983 0.8182456393976302 0.8286614566126721 0.8226934339941828 0.7727543281634917 0.7617475593881631 0.7658053737669828 0.7452756556103656 0.7372280331439167 0.7676043722184998 0.7608618738838338 0.7835006040258609 0.7454216617465421 0.7434220834203698 0.7455050526777218 0.7467865175683228 0.7549106903711599 0.7395288792143984 0.6908220685793657 0.725162535620151 0.7261308157619144 0.6965216436842496 0.6400712759173145 0.6137342185998292 0.5364501257658928 0.49639787850408224 0.48548201365330357 0.5072965267502658 0.4735329262464053 0.4844748780368862 0.483127624724611 0.45989553179323567 0.4794649850582764
0.8491033615340745 0.78010233909923 0.7464927887237327 0.7316558126651664 0.7626770821155108 0.7631852408711177 0.8065596178412257 0.8044293814880366 0.8318035634942186 0.7984588127373633 0.8463873210669614 0.8821535709705891 0.840741698875676 0.7738534224399013 0.798187125598574 0.7564048551438025 0.7634000298323633 0.7309323898520211 0.7564753586818286 0.7749189475356368 0.7866124002859659 0.7610558542845558 0.8087756192290518 0.8236573572227758 0.7894849306819427 0.7740046036968768 0.7542871627569019 0.7816714411227332 0.7302134121539843 0.7390360853057703 0.7663459889572805 0.7463180706084428 0.669432085325763 0.5946124920019563 0.5812941422965825 0.5229929783652765 0.5206638558270944 0.4978492523093712 0.47796231154520524 0.4812843969974095 0.4716438251213448 0.5027425919166143 0.46222302047433916
0.8738950781991839 0.8507013153530234 0.7888938781764354 0.7709139293348136 0.7948437804704265 0.788186360327517 0.8352825434059079 0.844527100044703 0.8149602308484072 0.818181745772817 0.8239842790671801 0.8534396016831808 0.8308391960681063 0.8165442720461353 0.8019375549728537 0.7799999809419332 0.7827949026305714 0.7654222136608128 0.7376869957451877 0.7645293975269489 0.7698879147958188 0.812445239165333 0.8090892598939022 0.8367539483074119 0.7999025403901019 0.7611031597321329 0.7579066249331317 0.7521245375047119 0.7443180404983321 0.7559093686124108 0.7499287692174657 0.7458454911258915 0.7037214579633491 0.6292786565680197 0.5863904366213565 0.5620026736591026 0.5377631061657521 0.5224165567360273 0.4905473186304536 0.5132058089443546 0.5202611714491959 0.5041774080114133 0.4837754570620315
