Raster_benchmarking/DGGS/continuous/raster-210.asc
NCOLS 100
NROWS 100
XLLCORNER 1743156.9143606322
YLLCORNER 5469295.163596122
CELLSIZE 10
NODATA_VALUE -9999
[rows 57 to 75 of 100, columns 0 to 42 of 100]
0.9010098462370676 0.9246125860992697 0.9306614536407448 0.9408369926492735 0.9278389359920773 0.9659225592090223 0.9826453356745455 0.9593546175236555 0.930762934120633 0.9188341818807488 0.9158646353404871 0.9148133512748186 0.9101361745755813 0.9199554002108425 0.9621270427336828 0.9464702709689174 0.9374928629311097 0.959760979151584 0.9763630187189899 0.9439485901049928 0.9779834446532305 0.969348071750911 0.9737480954260996 0.929654678316891 0.9293312141114136 0.9144187281508103 0.8652868495755811 0.8609578114148991 0.8719782205588471 0.8255705377569382 0.8215311643215286 0.7644683697377025 0.7220626923641007 0.6817084979775775 0.6737173296133625 0.6668163347694825 0.6343244987756607 0.6453753432479022 0.644683087937807 0.6737748171810441 0.6701460174786463 0.6592383437225676 0.6519197920674475
0.8768199907024381 0.9140302270065408 0.9136254813589817 0.9362532521399667 0.935027067187766 0.9394589977874318 0.9518928015575964 0.9637043335378735 0.9045061084699478 0.9024936920498144 0.9281602709002222 0.9317965971047513 0.9445405971278447 0.9373912734975003 0.9252574246711048 0.9255055517297963 0.9375434828575582 0.9555635859099901 0.9403188204748824 0.9342380325287518 0.9359643315167838 0.9483535407771045 0.9532233472673399 0.9255256183699052 0.8983047728907477 0.8954848934268984 0.8622421034831922 0.8644885179838664 0.8280633919263759 0.8178908311060824 0.779856295449242 0.7414096308433857 0.6963606563886462 0.6794171221163124 0.6861117254701027 0.6704373651958971 0.6426654393655684 0.6574087771824407 0.6531314773171821 0.6671385829662765 0.6329610343202843 0.6593443604986124 0.6678840744110165
0.8967210192185439 0.9261532715411435 0.9353228425094514 0.9712039032890536 0.9745615070785884 0.9567481271939634 0.9573868519926796 0.9521372330183658 0.9097247456240359 0.9318678325944861 0.9236090594901538 0.9225605985865893 0.9445289953165362 0.9182264574332594 0.9185716020470684 0.9382822054641917 0.9334274649088125 0.9182152412244801 0.9099922207979653 0.905842081506848 0.8958934194454549 0.9036613547137562 0.916051286294893 0.9346326493664743 0.9237808683793691 0.9049944283988332 0.8727882768060669 0.82971946962317 0.8334468420938793 0.7958976295165618 0.7693431841499931 0.7278627739393753 0.7179693195114838 0.7054921278957775 0.665480186530962 0.6415752176671216 0.6396779772629051 0.6564999714731393 0.6468023065966598 0.6565640958449411 0.6167900339396586 0.6634165729840618 0.6707359179961323
0.9032851050508606 0.9031467808055597 0.924463389091845 0.9622650537670958 0.9672437479657178 0.9492631307020933 0.9393472331245958 0.9507871505725553 0.951507735240916 0.9268257004475605 0.9062882934533233 0.9383250732531424 0.9170546360155527 0.9014846837705383 0.8967114050430726 0.9099729481566122 0.9294528561410051 0.8948589000642866 0.9185386896073282 0.8989128357386844 0.9052833360236312 0.8817403116224319 0.9305673675727206 0.9230116236898682 0.8845416809002368 0.8727122964971518 0.844323243386026 0.8379088367781312 0.8349753607213272 0.812494241140939 0.782415295536941 0.7256507341330951 0.6976884524281635 0.6879588258883522 0.6529403804167521 0.6390878681856963 0.6526715391744997 0.6329515297436591 0.655005219902842 0.6519857242564121 0.6410490715249008 0.6255973075754743 0.6603984090049709
0.8923605161269614 0.8962105044467749 0.9546150419891429 0.9466757095788472 0.9508795615765876 0.9555690727063577 0.9577350211803328 0.9511894282736313 0.9326633633298134 0.939696272129977 0.9130186137538954 0.8903875025170432 0.9094525274013139 0.8836821921069781 0.8691423829054297 0.9065607495242315 0.9017487419978965 0.865818481342679 0.8794937374766841 0.895879442836001 0.8830482592499296 0.8828748478182369 0.9150293852135166 0.9302104798758727 0.9051863139682762 0.8583956554030933 0.8482246706562692 0.7978950837619173 0.7923814360362396 0.774874091469535 0.7688181534943817 0.7420929555846746 0.7212791791051897 0.6822064051648432 0.6647553375488388 0.6511251671119412 0.6119055991542236 0.5988057765497147 0.6194390379397865 0.6519340253397102 0.6404485867778732 0.6346979053505274 0.6275377703735399
0.8916652000994589 0.9186840571926238 0.910562819871657 0.9347910509542469 0.958517873194187 0.9242239424966251 0.9387482790895305 0.9246966827971425 0.9224918658486411 0.8995495929745351 0.8611911101064735 0.8776464966679087 0.8677518899460352 0.850084245496663 0.8630412981150455 0.8803311199172327 0.8904301629638193 0.8746759059039974 0.8549715625003454 0.8763389192002806 0.8969503052893001 0.9021408464487234 0.887881495174635 0.8881150878937777 0.8646450793737294 0.8252691345647146 0.8075434168357167 0.792205803999831 0.7840640379337379 0.7432901307053823 0.7622619520944872 0.7283845893909393 0.6958929334339296 0.68181567504261 0.6622570233235414 0.6670020743766469 0.6423898994192891 0.6216853257660006 0.6400788167999589 0.6606851960302104 0.6819446714331022 0.6687841460241143 0.6284141677750366
0.937789524028334 0.9293953345223966 0.9247436382215327 0.9409262363270354 0.9786647000028935 0.9237584537380976 0.8919071694846664 0.9011903280004514 0.8813066524617857 0.8719461796196438 0.8413544778100891 0.831957214488238 0.8469001963057163 0.8457596676937718 0.8373845663266402 0.8412627032903595 0.8772221866004143 0.8884285905271077 0.848868186824342 0.8657022480830806 0.9001714009340668 0.8799105756601194 0.9101823744360288 0.8607957490884401 0.8162487307636571 0.8162310135518014 0.7870176443899424 0.7999016388937629 0.7443599083192594 0.7388975765242211 0.7251076560654917 0.7356253092153793 0.7370619680070271 0.6936379314366627 0.6668164652306486 0.6870913974740647 0.6687072375159663 0.6432944801795941 0.6481598796224471 0.6799658385791479 0.690197973146845 0.662727965420104 0.6330667317756806
0.9002920460422037 0.9172867139627994 0.9269584538528428 0.9194356582042811 0.9074824283687064 0.8981062156061025 0.9030032441194468 0.8755237895245204 0.8755351927314481 0.8687156530993777 0.8557523028801908 0.8322085920660183 0.8050569094392289 0.8129592431381056 0.8511590048067297 0.8456706730298198 0.8814092714729931 0.8948155697902552 0.8769549786786205 0.8657783548385688 0.881302953519944 0.8917970229939863 0.8947132908957045 0.8596885161913436 0.8174693862318367 0.824322818448224 0.7846384626552115 0.7850035059849201 0.7726201589913073 0.7227082097998138 0.7338607300825855 0.7182807955300307 0.7145391439918934 0.7014470861430289 0.7055732837746509 0.6812806987812692 0.6812366557517946 0.6741346607537957 0.6602971676789912 0.6695958345772264 0.6427101098027105 0.6524321164935631 0.6337428860013004
0.8959799302821776 0.8905396035470254 0.9253877051671471 0.9029110523394549 0.8977008710038256 0.9007208176234025 0.8856553622533484 0.8592031072603876 0.8598120217977383 0.887692876467416 0.8765061936413904 0.8282327840575348 0.8111984081964335 0.7931964447046337 0.8193957882249863 0.8562333481954523 0.8820831467273509 0.9081017441634821 0.8818652390576195 0.8977103167872541 0.9049067844666341 0.9096243463529652 0.8734860610215903 0.8713980719474917 0.8574299043407217 0.8231797714466876 0.7927911863381714 0.7917075987350758 0.7497688858034119 0.7407393339278788 0.7176963202073868 0.7235545510838428 0.6768787982308404 0.6746085438385817 0.6976483820004783 0.6831580525625687 0.6756058057387115 0.6658388556941145 0.6256695360479355 0.6353215857417664 0.6328804935248666 0.6458049396177225 0.6575463568539665
0.9145731824665506 0.9010324264331427 0.902026155482891 0.9167778026078923 0.9286264203096556 0.8932882884086013 0.8784004783447991 0.8891931837257759 0.8658636978963465 0.8819912309620586 0.8694597322350202 0.8541454128682151 0.8152929049658307 0.8154237793629658 0.8513881695535285 0.8720453756426617 0.8837695994262531 0.889611331687124 0.9202394329025423 0.9115045714553162 0.9354369639278475 0.9209053594222201 0.9073556665610933 0.8892901774842839 0.8430803261436274 0.8000059714882873 0.772796217378598 0.7791443267093414 0.762572860680523 0.7477570710657347 0.7454609487524634 0.7233546542443385 0.6808124049737025 0.7064841090996639 0.67235312019315 0.6533787384665598 0.6724978563137844 0.6416177229926382 0.6290408787259264 0.634085675896749 0.6481888550872279 0.6359502126244895 0.6409322064810228
0.9271306422726648 0.9107116270799925 0.9306033416884305 0.9299860080303842 0.9160502074309175 0.9140405229863351 0.9267652396037277 0.888033190173594 0.8885436094675091 0.8672921721410509 0.8704242792763122 0.8565350014789986 0.8135195926826607 0.8377348953751765 0.8211925286223225 0.88232201159438 0.8867307548771642 0.9299657502905735 0.9416965972238299 0.9448421569028558 0.9491524654536169 0.9290803762362652 0.9209153381964013 0.9058067273062259 0.8485564332543398 0.7971915658004363 0.7891834594115927 0.7809114127636032 0.7638836004901672 0.7428452120494943 0.7527331287151374 0.7190705704854086 0.6979987675776548 0.7060062523872206 0.6954950839543254 0.6742909609562795 0.630948958663067 0.6588029340335421 0.663480666563679 0.6440652762134377 0.6505859839656349 0.6525903073769863 0.6764269533988494
0.9385186854595862 0.9342178917764153 0.9213862512945845 0.9133136786381199 0.9286634438425018 0.9293531069184361 0.9062589365663294 0.8688323926987219 0.8559680074056202 0.8663969585378744 0.8758311591326581 0.858096854105141 0.8387958174631848 0.8281532914162864 0.8354508242972128 0.8604040283089216 0.9188869273716164 0.9355020516553351 0.9459516888564444 0.9231570555601271 0.9428796570778181 0.9169041914590874 0.9310276543608692 0.9146948183591921 0.8862587270618056 0.8344352591434617 0.8190184994045805 0.7994076592104126 0.7674921933549306 0.7545681111269382 0.7614653457637216 0.7391101599588518 0.743722968127599 0.7125710061549602 0.6905844505206623 0.670754432472562 0.6274061392410099 0.6435999143614403 0.6607903082552425 0.648810485139286 0.6740914470044342 0.6685992880658598 0.7131270200547294
0.9109740862336886 0.9431783727580738 0.9433652257355146 0.9413139645167773 0.948306491297381 0.9000240071497714 0.8874240242135387 0.8658503539332955 0.852365376671798 0.8664195874897103 0.8560636936478938 0.8492146053262603 0.8341686131174888 0.8682409675570351 0.8464296720996115 0.8927002478281324 0.9117243165389091 0.9441967678948204 0.9554370588432832 0.9391281423668217 0.9133056450290468 0.9152680772396466 0.9413940456692279 0.8854610065340791 0.8682559942196305 0.8277491776263951 0.8121484180131568 0.799449791292557 0.7639133266590353 0.781236582633757 0.786737119515104 0.7666076113673261 0.7863349846496374 0.7231915095308897 0.7268507803048341 0.7087119839210401 0.6434200096464929 0.6447072573068057 0.644418353915175 0.6586729619466668 0.6655780932822459 0.6978397454869607 0.733053678643013
0.9114170493759204 0.9201405084822767 0.9159053056860041 0.9527299795636611 0.9476734238637063 0.9186186994081588 0.8645720366329808 0.8435841120565615 0.8185598280005394 0.8336877067182086 0.8533583365238794 0.8359844831538812 0.8404992508852648 0.8752326318455672 0.8719095827083393 0.8987966768815876 0.9272220946911286 0.9268410397244068 0.9201151493102055 0.9473684190035697 0.9531804806896926 0.9424989728098511 0.924193045692807 0.8847334673264077 0.8462635549282943 0.8600781064224249 0.8039436169510885 0.7865953713227539 0.7664193079912013 0.778984158915063 0.8032084179147383 0.7832730352574443 0.7789686912357687 0.7557826256797738 0.7265035431108581 0.702770998571686 0.6688766865077826 0.6835958713281959 0.6719940858244566 0.6850343707432073 0.7025804145934196 0.720581854438705 0.7628680524414877
0.9341769946261608 0.9005794461891515 0.9075745205660437 0.9308445748692501 0.934693908321316 0.9244012386728536 0.8633132863386204 0.8443153921759207 0.8239673073367896 0.8307892305291703 0.8300745399104318 0.8272284288154973 0.8229326499694781 0.8498433738990401 0.9096764844185778 0.9274068237239256 0.954312831139912 0.9377967867642439 0.9351466212457682 0.9706757185518974 0.9604930920313784 0.915896912751593 0.9196976480711039 0.8631894633778404 0.8554884230012133 0.8733342078113775 0.8241475680054472 0.7828082040423369 0.7516310293766401 0.7956028379241719 0.8017529793477721 0.8151930739036628 0.7968189558671687 0.7595463438302215 0.7036067336387236 0.6799168215706183 0.6782891744409784 0.6820243923136222 0.6923752054466155 0.6758526094781656 0.6959455893154809 0.729278775934599 0.7612935464802166
0.8855282947974749 0.8997212314888007 0.9189099653315387 0.9253476614815555 0.9274639979713787 0.9174178184721867 0.886703266838732 0.8736567603506687 0.8496021415724306 0.8494310349479102 0.8356024577409282 0.8289015833892309 0.8294551768522772 0.8595545571703763 0.8913815344586479 0.9179416018651606 0.9653821920446831 0.9599381814811665 0.9353359155656795 0.9642513298614926 0.9707171870509717 0.9270719657047901 0.8979047589614316 0.878740894783134 0.8675843949735037 0.8675921814090142 0.8497147641341498 0.7827677905139345 0.7694943425798381 0.7782659778059805 0.8010022167557607 0.7927264845317298 0.7702244857426788 0.7709013612547294 0.7225405042597515 0.6976340323411567 0.7073909376602856 0.6967536377541906 0.7219054128517542 0.7102309980083188 0.7176819177954655 0.7358317682379525 0.769656287483746
0.8697187655742168 0.8992539745652156 0.9071550541374157 0.9094290451856832 0.9342950755352674 0.8858996565434215 0.8875956494515015 0.8859012457494893 0.8525291566055431 0.857953400895381 0.849054980895476 0.8532771327497106 0.8530165708583296 0.8797641652526228 0.9131348157441807 0.9501156084605101 0.9476578505693909 0.930711105090653 0.9354186053132135 0.9577883592810083 0.9493171716353181 0.9339408987363218 0.9009604901942406 0.8753124130917015 0.8709871624149897 0.876356748348728 0.8398063724461856 0.8219767684159187 0.763693584611809 0.7691261843162899 0.789759283458554 0.7950486790656207 0.7619603344251655 0.7732080805653158 0.7471379026322318 0.7471469649594283 0.7517385754654186 0.7353487871838896 0.7174861765184063 0.721051029144806 0.7607248967219006 0.7672612882622143 0.7661500033406432
0.8536144190447629 0.8630075658885044 0.8903837991031098 0.8835935134417693 0.9089413306910114 0.8720546842517158 0.898745734990903 0.8906122123561722 0.8819505661621138 0.8625911077048811 0.8576275717142652 0.8530869535082668 0.8650073068342397 0.9085910594736148 0.9354577045285525 0.9432375504700898 0.9457424600340171 0.9159246299265853 0.9263249576945017 0.9057579918202505 0.929654619774491 0.9046427990764287 0.8776268695760706 0.8831416293036549 0.8733915540211931 0.8472980056912192 0.8564421873976168 0.8258028035709188 0.8015118676998572 0.7751498280002808 0.7795636791444434 0.7741024888866738 0.768603533046402 0.7617557704347396 0.7512557184530074 0.7363497567638273 0.7482169364619311 0.7347188856070597 0.7508571267041244 0.7799150580465922 0.7605937024981867 0.752401510744391 0.7521718411854634
0.819850227608566 0.8094233610270395 0.8318818565541769 0.8347049395699117 0.8605350801336142 0.8792010779362291 0.873370544414841 0.8878920185590569 0.8800140085138779 0.8785972158815429 0.8868669294999464 0.8641939422721421 0.9034303117197517 0.8871567567868027 0.9297647947880026 0.9264672543840757 0.9394998054402521 0.9002316253470685 0.8836692247558511 0.8959371006652711 0.9041533179430059 0.906835634869406 0.8808344040435574 0.8981024599972831 0.9078467531654095 0.8559104556561679 0.8414153758809712 0.8481405185468293 0.8214180420610189 0.7893256662160414 0.7777123386813659 0.7877610087629626 0.8128817388909804 0.8094374027711879 0.7994768553208008 0.7862660532514032 0.7333384359155083 0.7391452061583814 0.7992586796857739 0.7677712805365051 0.7825285215262175 0.7601426725123134 0.756564262980659
