Raster_benchmarking/DGGS/continuous/raster-208.asc
NCOLS 100
NROWS 100
XLLCORNER 1743163.3126309877
YLLCORNER 5469285.560346068
CELLSIZE 10
NODATA_VALUE -9999
[rows 38 to 56 of 100, columns 43 to 85 of 100]
0.49873413014097845 0.4968853885041184 0.5269198716019526 0.538626697754235 0.5811561237105747 0.5921735210762142 0.5839717268942747 0.5804596526291715 0.5618738635918323 0.5676217907657459 0.5298349477189954 0.5179824130139945 0.5143284721351992 0.4846155789544173 0.4889422515413133 0.4690428925178215 0.5129474653251292 0.511468729484833 0.5312758338794417 0.527822138021909 0.5632712583898931 0.5778429880338927 0.5715262203583912 0.6041469517466349 0.5720182968407622 0.6103393203199374 0.6042733606082284 0.5991538880479017 0.6199032701311776 0.6434409213396671 0.6374638340585073 0.6421792907415322 0.6308861482749692 0.6179792141331321 0.6066134476755154 0.640312315024254 0.6316446655348956 0.6336064306637029 0.6429584681058329 0.6580639184086782 0.6899233948757182 0.7327955784246587 0.6899730740865164
0.5005574821529315 0.5156917877090313 0.5381865637532397 0.548391577728471 0.545346527815761 0.5764485872356775 0.5814576648138216 0.5937033887728467 0.5564646795254043 0.5497978520727782 0.5635973597419154 0.5651135587222229 0.5430250659265539 0.5030832108180566 0.5227167056158268 0.49027489041190514 0.5162100999595196 0.5312584058067129 0.5423698161705273 0.5995071654758817 0.6052999951253657 0.5945730549922741 0.573270194196492 0.6164223278514175 0.6322768603545532 0.6263646530305098 0.6277315275704604 0.6660538775749922 0.6336835358894864 0.6596087424710594 0.6790282853042984 0.6674245753621526 0.6296325415554829 0.6110376661837541 0.6311815822278048 0.6444229047334822 0.6265023251105352 0.6080176533866336 0.6653887157566867 0.7126117886626999 0.7136252926009545 0.74720899649574 0.731685524401372
0.5216965299150801 0.5400800518123955 0.5237262411785776 0.5683016889990558 0.5536918433032505 0.6029486245079457 0.6076373557519573 0.6086120063516957 0.5989897163590929 0.6025923695206047 0.5885014172038185 0.5710635518074134 0.5432370679032464 0.5132858088898467 0.5578173908578008 0.5267174823418057 0.549786963450537 0.5563798183182864 0.5624466274992597 0.6160391941768282 0.5936187333064763 0.5877342254892466 0.6089250204670064 0.6171189437300669 0.6221650059444235 0.6297182295675405 0.6687199225587975 0.6685171070282833 0.6690838981893162 0.6760267910363281 0.6548215708985237 0.6817466777805996 0.6563757447321907 0.6487591167386616 0.6329713513945202 0.6276757106386116 0.6129153863377769 0.6146211232623838 0.6843288663892098 0.7236475333394461 0.7477148342543729 0.7286674422760093 0.7373110908409035
0.5055449312817402 0.5116191575515978 0.5644862593782387 0.5701773716144363 0.5801928832787174 0.5798680810042784 0.6024752643573795 0.6153534780754212 0.6048383486480533 0.6226636342066151 0.5868391138430314 0.6099190622459878 0.5987416992790567 0.5496435350735093 0.600264791110286 0.60550839313189 0.566009878238375 0.5861431427341021 0.593985580675739 0.6138266542170313 0.5886689663453991 0.6095230064424024 0.5811902247258206 0.5801149341758632 0.6197197923162558 0.65364107055357 0.6761299156854109 0.6581344632364938 0.6662772778883412 0.6899920239858397 0.6986041798140064 0.7032120962778625 0.6945642074152584 0.6986608486535758 0.6521552901688346 0.6507278909690704 0.6608159768416153 0.6309753860212686 0.6508847444173009 0.7136152991099762 0.7639568430946467 0.7811336037680252 0.7831501936617251
0.5071775023018206 0.5407469579455486 0.5822194745233459 0.591314019628542 0.5993787318486397 0.5930837075866044 0.6077762251167029 0.6250831255798346 0.6140802757952099 0.6405800193163248 0.6178494335791617 0.6392993197914446 0.6081081543507173 0.5967377578161744 0.6055284780484175 0.6165204353327983 0.5979928915114079 0.6137950857276692 0.5951625246649441 0.6344181450042969 0.6047404818439166 0.5851995460416671 0.5915024157665734 0.6080230904859883 0.6130475477370774 0.6572226530854944 0.6573205841275651 0.6595351734646527 0.6829125399551731 0.7270567192927001 0.724589840585309 0.7220996887227371 0.7393588004378481 0.7435293883904139 0.7027162139147313 0.6860113977123927 0.6632455389730216 0.6425026241590249 0.6718141943410867 0.7035573609178616 0.7262059034734435 0.7756062492222354 0.7586475123084891
0.5383134187132382 0.5458572774786878 0.5878106618972225 0.6098038754123069 0.6195903912141854 0.6346217872340777 0.6418326709814877 0.6086843038086367 0.6320459710630965 0.6359929303970336 0.6586778503692108 0.6486469098902107 0.6359114058034946 0.6084948481781203 0.6144221238388183 0.6536978208120781 0.6232745376178622 0.6381519236673093 0.6154335114674404 0.6291225825304453 0.6027790705551866 0.5715742049691109 0.620249006002133 0.6352821715795547 0.6623634781859127 0.6689877365536292 0.6902275671887772 0.6533812096700875 0.6724201781923332 0.7246538346632291 0.7503435390814347 0.7525999640328702 0.7440496506270382 0.7467447892123825 0.7023261433177659 0.7009340090255095 0.6783516527270983 0.637917830871312 0.6667316180910592 0.7252762767060487 0.7337737922702622 0.7708398850827421 0.7547593809941708
0.547091559738808 0.5596372215567168 0.5799885720511158 0.6277356017340603 0.654719564210912 0.6231815702194888 0.643131489547625 0.638254274006395 0.6271370693286812 0.6372136459496442 0.66973052370429 0.636646658026252 0.6475262258250156 0.6510740476661461 0.6545561393956827 0.6582635712917644 0.6442563792971896 0.6284892689771877 0.6423360553114822 0.6261875810273686 0.5949918035530378 0.6073026845350463 0.6236863718956 0.6494199821729508 0.6760157645085547 0.6765229247297168 0.6823063703919793 0.6897303982273149 0.6738181556855696 0.7013911181116396 0.7246424368562604 0.7222545294286518 0.751287354152846 0.7239289116962715 0.7328236867810338 0.7051251032992573 0.6771067607704276 0.6859913549627695 0.6948585199802141 0.7461245363204932 0.7624150544753573 0.7507893501966668 0.7533021309186162
0.5623227644019251 0.5604999457356273 0.60624411670378 0.622941695095116 0.6150446153901772 0.6587762398437355 0.6894347745075753 0.6710946630450656 0.6519679697234306 0.6389134106674971 0.6533451596263542 0.6811314834891886 0.6788669323846259 0.6612730703601523 0.6697697148638813 0.6773382821086469 0.6340689204228909 0.6194592177541147 0.6536846892903366 0.6560194771877822 0.6482780096120953 0.612497851955102 0.648021074978917 0.6596124840893995 0.674187562016782 0.6796880768907078 0.7016780070756642 0.6710115638568663 0.7132851173125855 0.7358063910466592 0.6892919585691124 0.7048260451173737 0.7496972023362604 0.7506431029196972 0.722568886770359 0.6787970321898682 0.6784659698259798 0.7272662592076556 0.7046660936716085 0.744157735598175 0.7363248551921872 0.7961990838272544 0.7899889823927732
0.5930379414912441 0.634315004526983 0.615646143518021 0.600918915909705 0.6245241367691593 0.6680232753201376 0.6925282104719241 0.7159335415539819 0.6951993516138433 0.6791502376762785 0.6873426732741176 0.7151608888736918 0.6894398747740813 0.7069917273734861 0.6972777207997133 0.7002399068740202 0.6524695785257512 0.6326278495803364 0.668587853227808 0.6506210431749292 0.6520540837097186 0.6528948729095999 0.6845766139842303 0.7061822069193072 0.6953705760614018 0.6880050261594869 0.6887868765716061 0.7038376317196384 0.7034170628405185 0.6874716827314911 0.6942276990910637 0.7287565394491471 0.725054239744621 0.7259485670808384 0.7274455754213094 0.7297825846697051 0.7313695655906466 0.7177389184366259 0.7500953852206145 0.7621094877337051 0.7392300334209533 0.7521026763170401 0.7842378537879214
0.6735270074172863 0.6801171213178713 0.6751761432220252 0.6360449990316508 0.6494541441028562 0.6238840747918236 0.6714608287945603 0.7220137805658479 0.7106503168021339 0.7278015749514879 0.693856540860853 0.7210394163410727 0.7376195292898365 0.7568131579009757 0.7487688479820762 0.7184735869936058 0.6626316673504755 0.6480195385716393 0.6606700568489615 0.700320728668543 0.6747262929155889 0.7145263773870879 0.7012161388883941 0.7092739807647195 0.7182081988697618 0.7141239379775159 0.6810685266253396 0.664843910097689 0.7091162201741533 0.7185668872105594 0.7148142797581908 0.7061533366741408 0.718918733606919 0.7348277992287141 0.719701910050049 0.7146896568604488 0.734105126591993 0.7212852595688929 0.7269681879827967 0.7477744301000236 0.7403861397596253 0.7478603089959042 0.7824716219590379
0.6809142292752663 0.7193331434777628 0.7057102735475312 0.6739601911641028 0.6806321379241044 0.6507841000633325 0.6694498721044794 0.712867603803049 0.7174622360499682 0.7001406050909913 0.7194226706259612 0.7152235863885708 0.723516325243935 0.7061062427943432 0.7261187576280781 0.7050417791748098 0.7206152167198706 0.6657343885863547 0.6830948913312558 0.7197012407839789 0.7053974698371378 0.6965684803068372 0.7126564006504105 0.7393066623926461 0.7320044676409069 0.7242618652539179 0.6989817071005078 0.7070753609046156 0.6903514893438166 0.7317659743850542 0.734677002489795 0.7331088035060281 0.7194986410554766 0.7176783742025866 0.7319014050474728 0.7492563446860244 0.7423104043717584 0.7067312321847351 0.6958409305478935 0.703227364079884 0.7375908441769047 0.7493827610903143 0.7720999698610784
0.7062311929822253 0.7225803858276959 0.7138625745399175 0.71303449605689 0.6890892489856758 0.6804172230104943 0.6850189772550664 0.7103407997452523 0.7201391807356706 0.7316865962265535 0.7234170417666225 0.6902780830137367 0.7179401786593477 0.7197813422285102 0.7315422679405434 0.7501868343249032 0.7319645400041587 0.7072387733795026 0.688707727808977 0.7238841343754503 0.7375635576094315 0.719265791498013 0.6981058312905972 0.7090929231229265 0.7252828382522828 0.7382545021679817 0.6941523067064249 0.7265793970022603 0.7406019800213137 0.7415425478573356 0.7163040201898442 0.7296283675207057 0.7362320619165091 0.7512737061968684 0.7577941491126862 0.7386311327717388 0.7370385534745653 0.6939402361479171 0.723886324073272 0.7210277187133299 0.7418276141221675 0.7677824265859297 0.8206394973494389
0.6964422305227332 0.6894484673861703 0.7103616584625067 0.7055098495781524 0.7149123469815953 0.6769411047671106 0.7132332586069922 0.7073956923961997 0.7094545013645103 0.6950713665169311 0.7095393560943954 0.709331452631828 0.6914718807375563 0.7204274038320391 0.7492726508605322 0.7222018066730879 0.7497019310790217 0.7195430200915218 0.7278658928680036 0.7471208776495963 0.7162814023322768 0.7367268908498924 0.693134277166515 0.7004739596985787 0.7266257468900698 0.7211404655641108 0.6903046673174279 0.7051800920124812 0.7495553366424234 0.7200456415782205 0.7389732376956659 0.7694408397740268 0.7426813487497064 0.7546006256504308 0.7713546702226837 0.7396573532337014 0.7629709531527501 0.7416141987339119 0.7154261310121259 0.7261095183480065 0.7803421837890886 0.7873086010316789 0.8236113609363194
0.691038305055766 0.70927751978907 0.7274739396734161 0.7310465925520272 0.6939250775663017 0.698851923646753 0.7365201757424139 0.7368118211711779 0.7075209076358918 0.6660220284558115 0.6598401212165724 0.6649112723234312 0.7167330747466861 0.7692421593246679 0.7365531437673282 0.7191268868031991 0.7723018438248731 0.7828017845009501 0.7369673287920127 0.7671756553260087 0.7497810334323929 0.7359300616262128 0.70872883774382 0.7021108919594181 0.7111626087272512 0.6685795377378817 0.6994930908101064 0.7139591372130621 0.7113692400612913 0.7213437766750093 0.750967725462993 0.7976083276772344 0.7580775117370128 0.7744490421583221 0.7627484702522331 0.7890746647636029 0.761874728457133 0.7587167582103773 0.7402520352431519 0.7875881727197515 0.7777753661152899 0.773906841845608 0.8104923166690625
0.6823507119364317 0.712807723831235 0.7006389681878343 0.7153233400395151 0.6746365478238763 0.6729059339707264 0.7071910045987112 0.6994192389884044 0.7284244062867202 0.7059299136761042 0.6734011595428988 0.6773372975579026 0.6709534829844194 0.6892444454816382 0.7067617522255756 0.718809913932136 0.7630935484470653 0.7828332824376641 0.771047429196208 0.7714087848544796 0.7526884956209483 0.7332555857145892 0.7029972013416199 0.7249206850940039 0.7171304100933531 0.6888701778953372 0.7054443196339361 0.7531670557340874 0.7386953252765893 0.7551802848099886 0.7525595647510414 0.8073055816160937 0.7895161349179742 0.7999018957825664 0.8023447713775768 0.7893484119631379 0.779205839505631 0.785239468478825 0.7979553808587277 0.7673338865488135 0.7901440123158787 0.787927570895609 0.8197766437054986
0.7092549295678444 0.6821237299156742 0.6665809242663896 0.6637043539627058 0.7045494572214153 0.7075262565187772 0.7061539372715364 0.7209574027250041 0.6816210867454982 0.6950432017241164 0.6685202888107951 0.690044916779096 0.678835991461742 0.6627768801932057 0.7019463506405845 0.7063608594110836 0.7391393361703829 0.7761121103434139 0.7841502378673506 0.7374280636396333 0.7216439476342328 0.6988378296111148 0.6877784434642416 0.7281562092006918 0.7242103879916615 0.7495601129390298 0.7264077137323136 0.7751778149922754 0.732323326789743 0.759307219771653 0.7914060788505276 0.8089142184509354 0.7992774195518669 0.832751360224893 0.7926530901605704 0.7918667981655266 0.8188694123052138 0.8373716339765116 0.7840550296797913 0.7641474442363626 0.7667312435090872 0.7918456683050537 0.817356247461864
0.6998445863761356 0.6897090283389381 0.6947948650980781 0.7119340154641579 0.6994930838837026 0.6710226391782982 0.6727377795923103 0.6932047085804696 0.6607251551485896 0.690069335582614 0.6881082176464639 0.6561326884213776 0.646227940992578 0.652653796152198 0.6803242080146051 0.7189280995593055 0.7085026236695168 0.7574419599504957 0.7552627968062173 0.734113737729415 0.7422334682679651 0.7384932501923587 0.710490177322465 0.7383559921827433 0.7494150814513459 0.7661388199026851 0.7662634121417963 0.738670012260792 0.7526866470838203 0.7658603496893657 0.8187028875217318 0.8236003305195337 0.8242339509470848 0.8000866524372995 0.8316020265295018 0.8302893291013226 0.8404358879242216 0.8482573851029113 0.8396125110235605 0.8172365514690295 0.7836635302128748 0.8191501249788441 0.8450451908951164
0.69888446638929 0.6970323798814869 0.6966196537361002 0.7037912858697295 0.6935518178185627 0.6947409941153994 0.7058942540330498 0.6518752531468276 0.6715051361299298 0.6655787696776695 0.6642710542953392 0.6474295070808429 0.6268263030977108 0.6582999551172606 0.7017193561695115 0.7284817230451597 0.7288523962318729 0.7089959831586531 0.7551643549616828 0.7651763548174952 0.7346611954474234 0.7440895878124735 0.7158890290930409 0.7351648666321363 0.7751798262196585 0.775761814719034 0.7536012946738313 0.7486089216391942 0.7875175490269473 0.782271078820112 0.8239980620135444 0.8361101179499656 0.8386399046888435 0.8074167948870129 0.8339567087209631 0.8366907190876702 0.8608797012215851 0.8671283747844569 0.8574561159229996 0.7973093782390179 0.8269699917187241 0.8208813744865191 0.8299312961183736
0.7195846947380925 0.6979826890348415 0.6697930887736112 0.6933149127290837 0.6867752578902473 0.6806579970420881 0.7120546823756795 0.6676732267100446 0.68819921042036 0.6981444619098119 0.6696845937499667 0.6588897468361423 0.6247386456799673 0.6445176639765595 0.65087795740453 0.6903038827002893 0.6881286607500674 0.6761815052197735 0.7141561090124111 0.7356259986310986 0.7732073786305029 0.74486771507964 0.7640303016807616 0.7611113148254744 0.7562450316499367 0.7786471526946692 0.8149236300016243 0.8088933486948331 0.8097935983812756 0.8261076980087829 0.8624844687100607 0.8428441353390272 0.8293021327430626 0.817047419337376 0.8325490509651516 0.8499026144584043 0.8442861471264129 0.8577984320272156 0.8379801665681359 0.8267382714667374 0.8090581926669459 0.8250449063118698 0.870772297990413
