Raster_benchmarking/DGGS/continuous/raster-43.asc
NCOLS 100
NROWS 100
XLLCORNER 1743163.35975123
YLLCORNER 5469284.022316839
CELLSIZE 10
NODATA_VALUE -9999
[rows 57 to 75 of 100, columns 43 to 85 of 100]
0.42512995200700904 0.44967861963262895 0.4322110510404387 0.407121819145315 0.4435439617950958 0.42281524858159814 0.3864193506780377 0.3873398069175561 0.4103335953116113 0.3739332501047225 0.4110810877231839 0.3866251227163529 0.40081181037847197 0.3896755625989914 0.3781956498901922 0.3964921161548161 0.3998070972138084 0.42613009182949746 0.4246502701020824 0.417157898284267 0.4458321346937851 0.4909062977266171 0.5172569377283092 0.5482266606437937 0.5808782850819523 0.6114107583970919 0.6068191585833463 0.624770126546679 0.6362860995674278 0.6268975206000252 0.6668863819533045 0.6536052886640047 0.6901834016295738 0.6862512628103586 0.7065477006923809 0.7254708623357201 0.7584402434031757 0.7518277427141192 0.7731547534243438 0.7646701861150713 0.7555023104455988 0.7737888179702487 0.7752775451573531
0.4120750432147662 0.41558147846292554 0.38902520731435153 0.42089006534650664 0.4100983112553637 0.43373470677812676 0.40115734608818887 0.4087854636994812 0.3967000449510842 0.3997657752481716 0.4161778085613852 0.4156684803524182 0.39544239628009675 0.3775491427818785 0.395747495167651 0.4041803326871607 0.4062152499859562 0.4379325544738204 0.468215252112463 0.4249919743344401 0.4470348230465263 0.5039719236745369 0.5085318483141534 0.5670543085764723 0.5597330472038942 0.5888005307177773 0.5942391600793457 0.57385609250149 0.5900707625622749 0.6294616726718306 0.6222036261983925 0.6712792952583482 0.6837075191382322 0.7080809364902152 0.7270804926998636 0.7378401083366825 0.7826703180638519 0.7443214404320772 0.7618967538812559 0.7436855202677384 0.7516522808949023 0.7917627047244808 0.7767722908437107
0.39728951351896213 0.40958700432732753 0.3889604092126923 0.4158632782245663 0.3957415151448738 0.41296536293920405 0.3884225693799839 0.38865603672369914 0.39960754402979326 0.4000496575221901 0.4230948818210037 0.43059391318087425 0.40421710636234104 0.3970381127511612 0.4223888111198494 0.42607080262543434 0.4696047193166822 0.4690802556010028 0.4893171493666627 0.46473869975809207 0.5003700400069823 0.5211236112298917 0.5646315264923132 0.5693095040710707 0.5509985541975452 0.5753762604600354 0.5755100928453043 0.5786376961056093 0.597272410368084 0.5896718254848021 0.6334446204834494 0.642630889678842 0.6793904236610294 0.7287393764326195 0.7133456844859456 0.7596469655953091 0.7900015254448143 0.7653629499884529 0.7856805377348838 0.7673277590023343 0.7875438739297528 0.7854062551351273 0.761587226155463
0.38208788248260905 0.39601025712037086 0.40175996293020766 0.4036528274319848 0.40887382456403637 0.4215041489595723 0.4296590800261813 0.394937938325528 0.3809096225082403 0.4252155190310662 0.39554683267027263 0.41632699898379344 0.4204413320465469 0.42601377683074887 0.4255275595496992 0.47988577094136686 0.5045766852887731 0.5092766865913901 0.5105787486617722 0.49934273059615825 0.4961454208752009 0.5549475879359728 0.5708423485750835 0.5571096103523994 0.5867921419447282 0.5546925203036799 0.5514054250254746 0.5437358675109681 0.5596407954422449 0.6063784167643376 0.6369133029187652 0.688487807507657 0.7152066711449702 0.6994303073356638 0.7060176082963984 0.7237057476900128 0.7862253324768496 0.7964230749530664 0.8007816599243412 0.8225152559253343 0.8212201436321025 0.7989375747810237 0.7770715207242727
0.41772016439614745 0.4069943006238328 0.417473476435262 0.4218915736578573 0.41769470225799 0.41523765517149 0.43013754627503525 0.42162390357141527 0.4425109251318425 0.43746539284310615 0.42097067357034335 0.4472654395364607 0.46025505721448096 0.44863930007937386 0.45169814918499973 0.5091358605230307 0.5052233045510353 0.5052788239453364 0.5158446306750242 0.5480348095080083 0.5567199683130837 0.535288718332081 0.5564371508699856 0.5646663929610393 0.6045316106930029 0.5635544344855856 0.5534207226924412 0.575818364881259 0.5493871016148203 0.5712116085082902 0.5988768270488773 0.6711962146334948 0.6952513408344567 0.6849582254437735 0.71917729973145 0.738779955678867 0.7335850563825687 0.747733824909305 0.7687517744086309 0.803118697092808 0.8197319508103789 0.8073963768618796 0.7600980004065706
0.42125347441603295 0.41669226080371985 0.4043802390232296 0.4174804487176987 0.44441664080011906 0.43544877256206127 0.43394895339335565 0.4353229583496865 0.4574452212617977 0.4400538179468561 0.4387051127045272 0.4518280551380811 0.46094444945322066 0.4654503467526831 0.5019309196579957 0.49260460476224044 0.5322135396565334 0.5278769343399722 0.5236606692397933 0.5428929790596212 0.57122652888491 0.5560044872512332 0.5596126545005856 0.5596546288359814 0.6137132399593641 0.5778364337599612 0.5777470803454668 0.5776796242536882 0.5669979703892983 0.5849805804224922 0.5909691783607393 0.6297278759807029 0.6710374243498174 0.702300408023001 0.6797532033865731 0.7195588548394115 0.736398833312481 0.7503437046360643 0.7611221608638025 0.7772924514107346 0.8149755655030154 0.7893193411348545 0.7874927280991287
0.3958893607874533 0.3917756696657515 0.43702053358751314 0.4462405500554586 0.4303011444230077 0.44898300440623534 0.43319416752748047 0.44233654436291764 0.48671301268803235 0.474917835157152 0.4518835208744354 0.48068133253487844 0.46042883606660007 0.4828081994073707 0.4977479323791129 0.5133031415126351 0.5233422111979965 0.5263550648503987 0.5082539053843136 0.5571911483708223 0.5492324989957039 0.5583517006809836 0.5627093983550717 0.5912513275876707 0.5875068573600696 0.5701034393777707 0.5571115451278177 0.5772734670363542 0.5926723393338963 0.5891962146082548 0.5980034100872423 0.6234058002531816 0.6670074413076535 0.6776168471424671 0.7001082189397076 0.7105718745205709 0.7166752274157362 0.7220956077329544 0.7498077016989261 0.78543594144168 0.8105796841001213 0.8232815302037254 0.8350492947234274
0.40057345287464186 0.4010784202851501 0.4260503273776065 0.4206107166007981 0.42601721295575545 0.46606205859558236 0.47309755378112134 0.46226048542372195 0.49710879979327427 0.4580496123854831 0.4682564851081549 0.46067737206576526 0.46409730930407384 0.520320928673716 0.5186566860342603 0.5303362017759579 0.5536358572378817 0.5518398607993756 0.5208547323338709 0.5604584276348377 0.5805156178293039 0.5655082634558328 0.5992600051397197 0.558466714382241 0.5638450076402121 0.5434710735977734 0.5514725559378728 0.562316906050168 0.5609083364350819 0.6102511212165164 0.6144122211518553 0.6395995694287446 0.6671389383955904 0.6902871423020264 0.7242922423191412 0.726327346899093 0.7301895539689008 0.7112421342026032 0.7507285206298103 0.7730699270086505 0.7793368314998479 0.8292370993615744 0.84467973894427
0.4331879132802376 0.40828884518545183 0.4153109719287473 0.4043036856268482 0.44390367572067446 0.4529471071172478 0.45687862931066087 0.45408581326870323 0.47840566533264656 0.45200603485952046 0.45202688863945 0.4871680185145865 0.4807871720835183 0.53509053441422 0.5343619234598311 0.5558656963389412 0.5511863930556384 0.5518166473941419 0.533566054105141 0.5405037769327586 0.5867093056600654 0.5752680797507227 0.5480841175996423 0.5600161505923431 0.5500012806913627 0.5593602420641174 0.560764192119169 0.5616958287658316 0.613606075164708 0.6309884011930323 0.6537167416194428 0.6595833547972264 0.6978569049922374 0.7147034901028283 0.7227071484567938 0.7206014134759252 0.7322110461365552 0.731423960259634 0.7495609718068302 0.7740648019381985 0.7903794906809752 0.8365163756422456 0.8478306523538771
0.3918138409192697 0.4298160698768606 0.4206218827375084 0.39404705998257455 0.4358713455028685 0.4358388368568206 0.40756829846867054 0.4417753111453807 0.4358246607187744 0.45109570778960334 0.497051306943542 0.4801171000021343 0.519434513597172 0.546371597122836 0.542985449942013 0.5287018792171293 0.5150063272209989 0.5399261750470389 0.5738631678750387 0.5638878638407815 0.572522096192759 0.560205011571143 0.5536993331028038 0.536795598859411 0.5468773792188306 0.5784934474722245 0.6051252906042541 0.602439392407876 0.6198012844705417 0.629652642944158 0.6727273898630873 0.6706867993463403 0.6675067218690317 0.7195843180700259 0.7373234773984872 0.7609790067797907 0.7648678731201349 0.7830652353879172 0.776679635197092 0.7915955396473701 0.8446657946096781 0.8382777159464653 0.8651568787593539
0.38725347231490714 0.41657614911215385 0.4284025783663748 0.4061912592000522 0.40311048571747576 0.40190264350412386 0.42296546245670963 0.43787901071319085 0.44208787404379757 0.4816604341962658 0.4804077082380148 0.5070530147602208 0.5128903911298544 0.5285426247010128 0.5165979565483363 0.5067804116343618 0.5456516139994034 0.5455101153900919 0.5777988734892656 0.5771867583637099 0.587114293369411 0.5602929843539782 0.581307481650416 0.574764522876269 0.5613152045912733 0.5876911302541907 0.5961835155321453 0.5856253679976072 0.5931355787740684 0.6526099994062052 0.6645360996053035 0.7004979064875735 0.7111701499091 0.678796989321867 0.6896451681633026 0.7409123012854532 0.7673471402504605 0.7754843368903289 0.8259135723378742 0.8470687715955791 0.8728877894178132 0.8577641462564243 0.8253740257260455
0.4191134698990759 0.397455365654573 0.41570020776413996 0.4247307776732391 0.39767276246133854 0.39635374367709103 0.4003650825697246 0.43331978268653104 0.44745526091032023 0.45216229973903477 0.44951387493517364 0.4618090134222149 0.4755438936110471 0.49957547622894094 0.500509368462501 0.5097685825744753 0.556843276043611 0.5374858234938122 0.5495635165264454 0.5468588789657575 0.5636054117606243 0.5810105465553294 0.5811094597602747 0.5985421305772644 0.5885596768280527 0.6135062703246893 0.6031830911328254 0.6169953775547589 0.5985684779126362 0.6178021481933188 0.659832208628272 0.6859424871196868 0.7042571118022417 0.6717510876965923 0.6914371811132232 0.7373886037486916 0.7857177895119798 0.7960439475307475 0.8484323380725233 0.8493001334223104 0.8624889870386188 0.8273275541959496 0.8217359738781329
0.3626700711263127 0.37590146464032126 0.4057432991443552 0.385963498876193 0.35387340660453875 0.38431601561869133 0.3994471346893799 0.38901497412506153 0.40589311787340143 0.4217915631774353 0.4187984499079433 0.4365104749040919 0.4518820164935299 0.506164192814884 0.508283854600088 0.5626237106114911 0.5628568671047359 0.5848796988356972 0.603049594211428 0.5805821512341225 0.6023346376488316 0.591362013561647 0.6039517715812882 0.5964774570030658 0.6019968938093558 0.6232255261219328 0.6273080613636871 0.6288284095700177 0.6410434476322459 0.6425407632162755 0.6662598213357627 0.7077087252736379 0.7016934421993102 0.6983485959673092 0.7014018488007827 0.722536041456215 0.7654378603269653 0.7894846533804082 0.8223068963801322 0.844521069791476 0.8397042427345491 0.8266545879304729 0.8199845869579643
0.3621187769908243 0.36742465790534956 0.37292525266958787 0.33566126909628535 0.33444376637980117 0.38697924603975703 0.35969607256250896 0.3988722982063897 0.3925999812419736 0.41791756757277493 0.41736713386044805 0.4391359302966866 0.45395103038654866 0.4860267549956101 0.5393318678654924 0.5541146291144388 0.6046501940748479 0.5900053352322061 0.6253402887032428 0.6209718390833207 0.6215992780459403 0.5857790974933494 0.5991142233066853 0.5966592821774998 0.6167200401637606 0.6381117256049874 0.6321744598968244 0.6506275343014815 0.6363808453709 0.6834943714033591 0.7172498293150305 0.7431715223218212 0.7304939817661876 0.7504177986368042 0.7430201032319756 0.7441485313639371 0.7644773293584385 0.7978506936381913 0.8329094684430464 0.8363690202942752 0.863302851952386 0.8110688228335166 0.804284310313768
0.3097348335563082 0.3404805459008824 0.3112312415533744 0.33043071358796766 0.35769092824182674 0.3746963758678342 0.3552856646418666 0.3604441405806459 0.36787214976846855 0.3759400606933972 0.41331623714403076 0.4214200883748232 0.45872300292416335 0.4596351316703141 0.5162848822254165 0.5369515488777002 0.5821934127987451 0.601856775980412 0.5835249922908669 0.5897909193615994 0.6080763605458025 0.5891447418462127 0.5974350325285165 0.6048564198186847 0.5938154132944187 0.5931334172542196 0.6323789384625895 0.6268544184797955 0.6441608008624206 0.7148600920916266 0.7162303007606622 0.7300561932896681 0.733426096687962 0.7763346131966957 0.7474850352639125 0.7326643721842703 0.7406810056956968 0.7556494737079684 0.7735374372026155 0.8223946950731974 0.866048853093294 0.838173852816135 0.8196497054425972
0.28077829176467495 0.2952237656775936 0.2993914838843266 0.3289414130741064 0.39224052812663857 0.37708160769767474 0.40519304948819795 0.384530715579608 0.36921596980817 0.3860247628918948 0.3704673793838031 0.3801987061824358 0.40824701169411165 0.45740514040920227 0.4845073453789381 0.5103319573051708 0.5518648276678231 0.5875100716743897 0.5723083552446071 0.5938820217468809 0.5838293341545949 0.5839537275815615 0.6135763566613767 0.578881003036984 0.5849000503863592 0.5908532883163575 0.6022005872552031 0.6191725409929786 0.687027183416434 0.7332396116058151 0.7370309096636576 0.7769516081084789 0.7938971648628912 0.7726855119156226 0.7634106430652537 0.757637959962157 0.7374791851541347 0.7453572715928074 0.7568936929795275 0.8079576633715787 0.8599946248210872 0.8647215416835591 0.8397967042774653
0.2853518704254971 0.27204094698558484 0.3302678552068684 0.36919094295353416 0.38490003471910345 0.4144213106056794 0.3785205818738413 0.36630886754564307 0.3593273034824089 0.34873039200392025 0.3470706853009834 0.388020391555945 0.40880281302047483 0.44760208108108007 0.5022414734378933 0.5283580716109123 0.5387263390288473 0.5594590114585125 0.5533314328123468 0.562077879264372 0.5622653531475507 0.5675608971521524 0.6054550617492267 0.5713173028873809 0.5580333406834038 0.6026473633338566 0.6003869021790651 0.6460750878009225 0.6720969301506288 0.7248487793153247 0.7171389313488633 0.7491789506709265 0.7592612166866164 0.772640600116715 0.7470974739761868 0.7217643859756034 0.7048550354366838 0.7116802853412889 0.7385831184641058 0.7940007656254757 0.8446581882302288 0.8436318217087495 0.8229916798684052
0.26138176251517115 0.3079797698570737 0.33855586227154905 0.3695504995919432 0.4015845680327099 0.3921544352419851 0.40433561329638107 0.3664170893538069 0.3428035872023273 0.3803962210458554 0.361945975310868 0.40882742804742334 0.4331921171139294 0.4586241312497852 0.5266402572517266 0.5544186558296281 0.5990922290534741 0.593962253629065 0.5921716776616817 0.5554876522676077 0.5490714321334029 0.5854010004609114 0.605614793791943 0.5712881912236669 0.5698240208683999 0.5799230065228506 0.6020253988111055 0.6320722694004693 0.7033697455641371 0.7452069381602503 0.7387420025474604 0.7826127010188696 0.7868303444461702 0.7817354899279916 0.7416044750522607 0.7187795989638424 0.7037474439927283 0.7129571304457711 0.7153429941815234 0.7538722460219217 0.8164514977952507 0.8120600504028745 0.8094359525445788
0.333479255792113 0.33581603920334185 0.3758081997268612 0.3818257516596305 0.3599468172564901 0.37592325670389454 0.3977484382993377 0.35648089206708417 0.3767940154830379 0.4003067675179468 0.42261324994074256 0.4391157517924263 0.45795508772150817 0.48617444833308643 0.5664470322934894 0.596435778414227 0.5939636093298327 0.6132935556800422 0.6052185548549388 0.5732750601325226 0.5517295944737073 0.5669279543413461 0.5818696735023796 0.5706457763229226 0.5533135515500487 0.5853747735670589 0.6314495209402091 0.649051250186525 0.6961826754721262 0.7166423485512424 0.7194330519520461 0.7614848037152538 0.7608961057540513 0.7512211447782232 0.7451523345369345 0.7443184988280024 0.684923179165563 0.6887252339582819 0.7029683906316393 0.7350571170386173 0.7430915380868724 0.7643949050037022 0.7836001993980488
