Raster_benchmarking/DGGS/continuous/raster-114.asc
NCOLS 100
NROWS 100
XLLCORNER 1743152.6422855763
YLLCORNER 5469295.877389714
CELLSIZE 10
NODATA_VALUE -9999
[rows 76 to 94 of 100, columns 0 to 42 of 100]
0.26336618028876213 0.2720211042296738 0.2888067391073137 0.29986333411397614 0.2820940445607536 0.3018225172252121 0.31585846824490477 0.29055786742073086 0.30316680447902133 0.29053615311908154 0.26591860331234873 0.2367450827009575 0.27871880143275807 0.2863768040440002 0.28446676799312703 0.29300823295810313 0.33915154609041653 0.3487841929939191 0.3672474145550814 0.3636505471102902 0.40231441854060385 0.34409568754784686 0.35454963820572993 0.39563762539442315 0.40810366259812153 0.4169546178140212 0.41008703938236146 0.38104358374625774 0.3901152018283893 0.3179027144124925 0.3325356536934759 0.33062697906998545 0.29030318875772615 0.3463555286823156 0.3564727010997406 0.36880255711866555 0.3748949723831931 0.37295483614879443 0.37228623998348953 0.3412043996234394 0.33750840779847285 0.30501787243524614 0.3091515769137664
0.26111805178843384 0.25919103604807253 0.26067705558582277 0.28626655569886894 0.289043656288434 0.27745632149190735 0.3064555322464626 0.2948136032027907 0.32594733870125403 0.28504182721480925 0.2716426753310769 0.2688905621616697 0.25698600038595076 0.28698065835240477 0.31907630940947856 0.33008208656319227 0.34644938461731406 0.35133669753549085 0.38326092693367514 0.358796329253518 0.35018327490489687 0.3663829186934414 0.3872190052438511 0.42665373680522783 0.3896528583682594 0.39471000805149886 0.3982264233154483 0.39125409657731536 0.3643396431656233 0.30951441097395943 0.28831571485616037 0.29101232664213966 0.31728374777590174 0.37874566245690816 0.4022968176365807 0.38658669289494996 0.41814149208240736 0.386795839811754 0.39098452851006077 0.3903184231963158 0.351572729575498 0.3889101497134131 0.3676648181977259
0.2832435302353137 0.30345205111868423 0.2707451775842282 0.3016343703098226 0.28716299010668006 0.3440013185614762 0.34366591596515633 0.3316934105651664 0.2983630149743672 0.2811430210505901 0.29244028875761724 0.25255704281489716 0.2842275668080948 0.2653777192892954 0.29976102491791784 0.3448632996299116 0.34296567965016794 0.3611488995702138 0.38230780874024567 0.36782339518818574 0.3771989674528238 0.3508721159354003 0.39205821564817267 0.44893156053929534 0.4543952178291468 0.4484017230368105 0.42550269277809555 0.38597369262925935 0.3646307461782239 0.34838011649479717 0.3171246362921567 0.35892013935332134 0.3959005434471272 0.406176031950261 0.40076825653342957 0.3804602018789833 0.4254842596773976 0.4111908042067815 0.4172440208650445 0.39848665674548844 0.41662269732189755 0.40874455144961436 0.41104626681243056
0.3091172140490577 0.28756284044329833 0.31032741838826683 0.3203686079840789 0.35433442801761933 0.37795783115672604 0.3420955113648578 0.3434139188542234 0.3222400509049964 0.2744586446054507 0.29945061408732765 0.26016783015634654 0.2634644496482802 0.2594648535588529 0.2864083535649526 0.34951882001881407 0.3699931205406282 0.3668881523259816 0.34056695132846004 0.3725018135481064 0.35487600633511734 0.3681972364736513 0.38408105447350105 0.44445247561763324 0.43015296269155046 0.4416705192927139 0.3994390350489861 0.3917778214093751 0.3959255197310066 0.3888672903387196 0.40367967133424243 0.4041532368335868 0.3771467215776589 0.4067183352317328 0.366951888145241 0.41062017569708836 0.4064620945919345 0.42929686718070065 0.43485729340485996 0.4780422711562326 0.4834270662674205 0.5009184291457298 0.4530561301759462
0.36170011950536746 0.34060912799130283 0.32451481208302574 0.371296241467322 0.40480911437118194 0.40496209608004774 0.34341991046288767 0.31230919613264674 0.30223496078882645 0.30767503790235107 0.2713530764748942 0.266689842402251 0.26053387833777764 0.2703798546438239 0.3320503749293193 0.36681200050159046 0.36073131877513787 0.3754276920128418 0.3413852242124753 0.3776371659774128 0.357196065720944 0.37934478504831054 0.381316460537583 0.4474670732039714 0.4496643835611445 0.47981096833419673 0.45020604240799145 0.42211823357705347 0.3703539114300833 0.40408796019547055 0.39860992542338336 0.3572567171598243 0.4079580336597962 0.41149806284986007 0.3760886444164905 0.3867564690250603 0.42361275348834326 0.4439224267905486 0.46053653924761123 0.49975408181080067 0.48635263643958904 0.5214530508145959 0.5257013277505697
0.3984237279133764 0.37370019497466517 0.3558969505287919 0.42600582364484113 0.3910128741934785 0.3615714990105201 0.3582211233079948 0.3041851050314379 0.3299018194849452 0.3030893785785708 0.30664427531920424 0.29802413381846604 0.27437068055646574 0.32991363543279156 0.33192166120406047 0.3528006878929157 0.3420653594127161 0.32594076276750467 0.3280153213479361 0.38289748610768537 0.39365688023657996 0.37859841397234084 0.4318662907971252 0.46121068739309445 0.44020512217580254 0.4607761050116744 0.4092256044058493 0.39974400651675407 0.4077666389635806 0.37593773048178436 0.3727497666091715 0.331469604967176 0.3879274168104738 0.4269295436281599 0.42960632867936016 0.38816025725769626 0.3946697509139965 0.46939205421007346 0.45768328820514753 0.49518942112990716 0.46744933396697413 0.5245449457349027 0.5217045640840433
0.42322964306332106 0.40607449605105633 0.4074364171540059 0.3913428857455493 0.3862705532220602 0.32655087930724463 0.30309336739478326 0.3288327838402297 0.3232241100056718 0.33926527594122396 0.3459017369053442 0.3544828421394615 0.31260629131884243 0.28348700004808686 0.3031729273923215 0.331073434847064 0.33299959691440534 0.3003128525275894 0.31970449915611415 0.3534471304998499 0.39047305110709274 0.39360791566171777 0.41959552950979145 0.4288873499091357 0.44500769266524587 0.4237681841343804 0.4305194864552262 0.42487249466361937 0.4408837587885825 0.41115069529127385 0.346187252204648 0.31814427626047503 0.3709836741979029 0.3997973482530816 0.43009709284572634 0.4099741040969654 0.4189128814572512 0.47074674258306326 0.4890004437099239 0.5166908953235172 0.4878014349809198 0.49227231975089014 0.5205255505948221
0.46805228694404755 0.4719165155727753 0.40943912004779737 0.43634279265792053 0.41861166592886667 0.37742793452530843 0.33586945624485187 0.2851433827525705 0.36229752546047345 0.36404474824688443 0.339992389654779 0.3748301741508925 0.3224269036979178 0.27410669862538745 0.3153052042835993 0.28697706058223743 0.3344702035101264 0.33716433035398036 0.336539959362487 0.26544566773049144 0.3662663778882641 0.4050188631280158 0.4113044540772617 0.39042087627102934 0.40285875463009113 0.38877243977678305 0.41809076265498624 0.45921196731034675 0.4176550900979062 0.4244846817321799 0.3750555628015135 0.3287209829862603 0.4043984840942646 0.4410307749988421 0.4108129752858405 0.45760615277871003 0.4575965464692674 0.4635432182664931 0.4391158693358427 0.46444124294772254 0.48895782942116944 0.48912385143884435 0.4843962105151127
0.4595971162458453 0.4084341944219924 0.39557652041987057 0.41338765096419783 0.35807785655183705 0.37029679635328827 0.3620466257610149 0.31349929493410905 0.35355898178383083 0.3283493370837729 0.37258051919940033 0.3225505965293926 0.30034562925282865 0.2930274678560767 0.3113148117928713 0.3221118824178482 0.30962379927246975 0.332654492666995 0.33344856061695416 0.3349166901510639 0.347122126950013 0.3748089558365588 0.39260475412731555 0.3782510930722693 0.395978705946119 0.3605127270604255 0.3866389745401772 0.4110408646223391 0.43608434780493144 0.4098599254801974 0.36135520263335297 0.31725469734923384 0.35161521613140456 0.36867624890219697 0.40397774834934724 0.42415702270111866 0.4565936328110975 0.4262983515166665 0.43031249011253925 0.4183197304899932 0.4255964887530375 0.4911787577401434 0.5028770300536805
0.46103056183047464 0.4355788745626151 0.37713520079183227 0.3696357226871403 0.33711668277377177 0.3195761035631101 0.3642210981255878 0.3414754691176368 0.3100729353480229 0.35599174506959486 0.3780383400339701 0.3279480300998863 0.3302451865998372 0.3147784363443906 0.2837863029422153 0.2619061186219637 0.29391244769567937 0.2935732255924242 0.31747455565990923 0.32014947146119754 0.3842103995590847 0.40585688976866946 0.3866066920645779 0.3895591334394986 0.3774383573007375 0.3971493724555732 0.3851311097893507 0.4340180124610511 0.40199796052482617 0.35511029057790516 0.2965701453404747 0.2962719492807878 0.2997219848104335 0.3288845002501898 0.3632358152660158 0.4330764035224911 0.4181397277691407 0.44569131850004845 0.45576909060683013 0.41586688853402637 0.4352904676521558 0.4662091323936244 0.5139318938866535
0.4152380580694856 0.40071920086269674 0.37044543772560734 0.36863658236885394 0.38527578588209294 0.33212082966154655 0.36135997416572063 0.29691232537762785 0.3020253327883029 0.32439507705627235 0.3394746803415181 0.34260063037435196 0.31788327906015457 0.32838865170472076 0.2906308473179427 0.2673371590203236 0.30353299188267385 0.33241838824573 0.33588188533000224 0.38150036305027707 0.3794802071089521 0.3640594259950116 0.3881033578065743 0.3745368891093098 0.35535389733148864 0.4042993297932186 0.4150994246579906 0.3661059138282872 0.38671690881893767 0.30333668584227386 0.2836306450666126 0.3266832446793415 0.31819478637464527 0.34620720226355145 0.3831483589725123 0.40796675696080126 0.4174017851365079 0.4172013482381742 0.4329437992657777 0.4341036727769977 0.41506509571205025 0.4668259173767561 0.47273010887592565
0.4593170456281995 0.3922438562999307 0.40206365120048654 0.40210141715325476 0.41706499920543716 0.3617322104342812 0.32049814427416684 0.2957223324993538 0.2861108995743791 0.3169099149112512 0.29117002168092737 0.34728920998516133 0.3220444551877772 0.33593873870852725 0.3145058611893016 0.2895230169737638 0.32616007516149137 0.39675219616601964 0.384077482214091 0.3907350351930667 0.37620134940200667 0.35795365861699996 0.3884570078148973 0.3653007435212882 0.37614735108681036 0.38242421677787564 0.35950726473929384 0.35055025261655537 0.3201568929607988 0.28240769156440026 0.3198659908473685 0.3035704758681521 0.34290465414235766 0.40506949226128836 0.40590450145150453 0.39473319281036756 0.41376264972090815 0.3833451040226063 0.3928988712078149 0.4746551840258262 0.44619585287507313 0.4081347383487404 0.43079780370639476
0.4426023350835174 0.40308297564598516 0.43268060890135956 0.43245620972182613 0.3979266610651182 0.3188504491600481 0.3323580657747338 0.3021578236315783 0.2861638999342263 0.2949479554931422 0.2778957279003787 0.2945585954811192 0.2757355909432646 0.2663850613381213 0.30217516250606324 0.3228019594422415 0.36844887765784357 0.3812460756782656 0.38617970124225554 0.3844747044790836 0.42350502735516743 0.40462509243560313 0.3808197038402142 0.40447187031744586 0.3376859344984615 0.36328088427665894 0.30442656626717857 0.32970299455050667 0.3326591958272244 0.32475963207964353 0.29637518161891696 0.3417068610087076 0.3916456979311822 0.41818928096275776 0.45106120299952823 0.4388131544761862 0.3869166654657281 0.3727612175224256 0.38381765480451163 0.39047831434000174 0.3925640692685165 0.4131680085417999 0.4019158915180455
0.44397764264424655 0.414608392103597 0.44563529577295163 0.4143920307762831 0.37876861976272747 0.3074256635627895 0.3158333565768345 0.2637254035510408 0.24077151765729585 0.2549361445113605 0.2728043314824866 0.25634563695468204 0.2501261005790135 0.27968231138520455 0.3392181586378328 0.36817935082119496 0.38577567488876224 0.3910523332103505 0.40719129021762523 0.4391564140064059 0.44566304764214887 0.40887638162575013 0.39732838238551266 0.40980758339231 0.36652347404008107 0.31578975303855417 0.28105178257653635 0.2589497546848939 0.3115330632153324 0.3184389783414418 0.34997027374573375 0.3885861031050877 0.41027116061855023 0.41582367802742326 0.41048272676907466 0.45829211640513395 0.39456611542208286 0.3727683979917321 0.39727173478841094 0.36089598920110777 0.40269466897157397 0.41627318108676004 0.41858012935516103
0.4447784052670722 0.4519633364824941 0.4016107732208814 0.3983602728226837 0.39535647499204457 0.345368790942059 0.3369393911056974 0.335809423047021 0.27627771322719513 0.25326562554719556 0.21577588620597654 0.20170067116915893 0.2299855757278822 0.2804097212665504 0.27716762642378234 0.3576796577825617 0.3474513042460889 0.3567988100387051 0.392788304876431 0.40856437279646773 0.4146852391007766 0.3776882679710004 0.3613878160846443 0.33116463483427533 0.3275780037052942 0.34619548111253234 0.26168943634481745 0.23371727259390201 0.25124595793454835 0.308269625111922 0.359236323034275 0.3817486766891921 0.3625320457006548 0.3874765514173336 0.3989744917094853 0.4332221774391596 0.4468311483219087 0.40625715722217176 0.37136837913227266 0.3526548929552623 0.37086814077839525 0.424611875059909 0.41943545959554446
0.4525565363206605 0.4412170744857685 0.39700814092671666 0.37865718212717536 0.4033721964099691 0.4088268543109309 0.3338981244829386 0.33943611940426827 0.297152843958407 0.27124935542055656 0.20591076712651182 0.09426329426691234 0.2099087430825504 0.23893823309741324 0.31034610752177516 0.3319851434294932 0.32765660327669105 0.3324382908854604 0.3917278995276302 0.38567490876558397 0.3895759796126572 0.3099493652233872 0.33374188976776326 0.3264837550077563 0.3279881293498163 0.35507679812557247 0.2725701258145258 0.21518566248773935 0.3006235382722092 0.29495649987718314 0.35766118878666253 0.3674595408557382 0.3620931009750639 0.3483182845479642 0.41713553684982246 0.4511701171195284 0.4185429570211724 0.38681219785246734 0.39562608993355736 0.35975035782188564 0.4095120034561478 0.3945942363371182 0.4458465019544875
0.4562332427499908 0.4255487161992434 0.4348675360601873 0.4286174306054071 0.4390112566430686 0.42129552610990184 0.3601844517851179 0.33410706089153847 0.3466138392395602 0.28607597742367236 0.21795637101083284 0.20406997090750056 0.24792625907975835 0.25872686330402855 0.28808226646522106 0.28653453658704 0.32939490494313917 0.3064542105841437 0.34487842650258144 0.3352605499612588 0.34813745608249125 0.31339808991713564 0.34502348260063387 0.32082227454632717 0.36589989783750304 0.30733085094066287 0.2811343459251294 0.26853566100702614 0.31101429138534203 0.3118626333419705 0.3406506260228 0.3445668606564574 0.36806509182434805 0.395495034531442 0.4029609313417215 0.43566969631735586 0.38752582944694186 0.41746532834911454 0.3655079085556908 0.38272258347245125 0.4195075877449103 0.39435781989524005 0.4233572938490533
0.4816258290312611 0.4619144639621882 0.45182402674337696 0.42496874467159335 0.45074505141898974 0.41048878655334464 0.43227410641065384 0.40879705778004277 0.340125757948281 0.28138073286683407 0.2711706615706598 0.29211684392792675 0.2962125683485962 0.2980815018234812 0.3013130889333876 0.2931599650951064 0.3156271906685814 0.31917386171697376 0.32738979957695213 0.31933129432753676 0.31760797193264145 0.2977037573687894 0.34161216470327493 0.3393453371360267 0.3343617366041884 0.34440335204662603 0.3312581476395533 0.3305070931839429 0.31492955526112454 0.31052554981784586 0.32767183311903036 0.32552007347294004 0.3375988459398141 0.33532860144926574 0.36040758368802095 0.41135969767022745 0.4062917370042252 0.4098310900124178 0.3788069466206859 0.37109035545568875 0.40929249280045554 0.4247953018176576 0.43141129149197666
0.47454091115371466 0.4895359220025423 0.4348831307519185 0.46060140534598315 0.4577223227757933 0.45425998580182847 0.4412849307374436 0.42347835116228605 0.3942709980360075 0.3437890617931567 0.37767155335479274 0.35243238177544245 0.38672140817715095 0.3335954394140646 0.34953200655339434 0.3323036662134658 0.34455980565561967 0.36223864814048823 0.30227069151662767 0.3423402049002371 0.300663805151878 0.34126549663358463 0.3581341779987965 0.37511643316014276 0.39664756220043074 0.38536670919198773 0.351783149359034 0.3415101933208846 0.3824183161325879 0.35441804161329904 0.3373805871063522 0.367203096168124 0.3760966816198829 0.3873292321124231 0.3528694797169349 0.3652428112589506 0.3520742761318289 0.3558337692710066 0.4002837793119379 0.39475868396923214 0.39334159623146703 0.3986599055514092 0.4220096765439206
