Raster_benchmarking/DGGS/continuous/raster-53.asc
NCOLS 100
NROWS 100
XLLCORNER 1743154.6516522714
YLLCORNER 5469290.877786083
CELLSIZE 10
NODATA_VALUE -9999
[rows 0 to 18 of 100, columns 0 to 42 of 100]
0.3020573469996564 0.2612621917959173 0.24501219647477773 0.2499647693710799 0.26155905752999276 0.2663007240614689 0.2355263993098466 0.26247880013749797 0.2638486785722537 0.25494078512642726 0.2559692467135928 0.2618484972517322 0.2519801673193298 0.2410702128984649 0.18394570346806566 0.20059208104802356 0.17614843593586976 0.19954018948074037 0.22390809109078758 0.2050003157866603 0.20631594238532797 0.20385936672067181 0.18250095258195206 0.182136888943539 0.19328526149789368 0.21183331016480658 0.2546267409975197 0.22887212488203995 0.2236334305840092 0.26490521725097976 0.27191434464474595 0.25289097232311397 0.26353958372036496 0.26922724318266683 0.2801524617606415 0.2686966004533936 0.2616866210993226 0.26503645674371745 0.27089003973513087 0.22732847188011773 0.20829895576999596 0.2208430536195982 0.18126235000305477
0.2627010247170804 0.26110252933441686 0.2627634538852522 0.2371919902885426 0.24663273648606343 0.2390761011184553 0.22467293070028432 0.23452536894104672 0.23851373023493447 0.24984472415934827 0.2585636525205506 0.2520874233269766 0.260420291187363 0.2303455113157 0.19821999602101759 0.2080043884312708 0.19101971843769075 0.1996862678347864 0.22112761051343024 0.22518085473367203 0.2298383547206868 0.2084267677019395 0.2133254675536726 0.205788591902147 0.19002417026741902 0.21000617978165928 0.231527265323977 0.22627330590795514 0.20369364729029718 0.21374351743922987 0.22523009796677673 0.2500107021421036 0.25126534932622857 0.2879466355244711 0.2917153141461424 0.2711656417461353 0.2715707762855718 0.26621734451051127 0.240150761880539 0.22010856165819645 0.2145746568239731 0.20067312070989368 0.20827687968301611
0.27940967272480005 0.27299547245759154 0.2745225664510429 0.24886534250124623 0.2134259304265016 0.23278358144366287 0.24077115560355952 0.23979326920359137 0.24725970284989232 0.26157397024535456 0.27484074102543327 0.24164478275807783 0.24265278760438577 0.2320877435988891 0.18714964666202932 0.2003243039734665 0.20056001773531876 0.2319757257343822 0.2436163067507557 0.23265691910788697 0.22873747147760531 0.21467228631898633 0.1994304949617011 0.20984910196934098 0.20253316809236996 0.17975606744566172 0.19177910311792765 0.22190986538226715 0.20180738868884548 0.21218987075567658 0.23462605715380977 0.25890026511185427 0.27743529364333885 0.27590165695852675 0.2996545825782686 0.27008847026994626 0.27992200873074186 0.2668448426998459 0.23284188396488173 0.22646814428047937 0.20296409497090373 0.22626303607728593 0.21499444116217814
0.29326453731452345 0.27244744090955864 0.24800780760839564 0.25810921813400567 0.22702925541765573 0.2249775628649627 0.20472868749288634 0.22064862101403146 0.24097858615831716 0.26313901800210987 0.24664303326248577 0.23953572913487006 0.2186708857032079 0.21354575137716647 0.19248974684148867 0.18579475752124208 0.22430524981366956 0.22659536706167574 0.2283730404466636 0.20877032571239154 0.2218236979983437 0.19405362481233926 0.20500988662711514 0.1939542970235434 0.21359205832895847 0.1933698609897106 0.21051988241852201 0.21242524825605563 0.21707748136192073 0.21207402818951848 0.2193021123490104 0.21996254210392827 0.23703491198655977 0.2427691034524595 0.2485564813081168 0.27839901423573554 0.2574947323154823 0.2527121328529531 0.2457635782944817 0.2484233242794687 0.24742917965978406 0.22826260344408686 0.20418390550964277
0.2672616062347933 0.2640439442936417 0.23901253518630297 0.2453406093441926 0.24293461490992738 0.22760268060734434 0.21629986245727087 0.2398798269946429 0.24989838222969127 0.2672402998182968 0.251745042743892 0.24012661774803631 0.20235167185364966 0.20704818063301064 0.17276032977581052 0.2091684935280087 0.20448606220065876 0.1910935546867108 0.2143147034378456 0.20230850924253432 0.19660401324129528 0.18364477148782007 0.21555350744420407 0.20076492006927396 0.22612446696732283 0.231502436282228 0.21431606748370108 0.20265022014469034 0.19566769460008038 0.19761188759052578 0.20869111510264507 0.1905589759078877 0.21630478694419317 0.24027808228858138 0.22847813351477886 0.24307515021747164 0.26477274277373836 0.25548601317204767 0.2728860373185021 0.2691409205239583 0.27491213223672933 0.2542680499449447 0.2225116404921637
0.26283473578414174 0.2533255571515962 0.247954140119569 0.23470479270000508 0.20121185687445672 0.2006013835494131 0.20709985044351667 0.2354065429929369 0.25646007128212095 0.2286432753782861 0.23042631014014892 0.23825212898124576 0.20794954985764544 0.19236872416612036 0.20711480530669027 0.20601421998835248 0.19100118364329804 0.195874198191509 0.18042744674505168 0.2097766760187279 0.20420462786694474 0.18293429451898416 0.1884046784360264 0.19080959134780862 0.20368563009544224 0.21116931071583384 0.21899717320478376 0.22371592056785453 0.202790923970851 0.21423115398494738 0.18965571756553645 0.1943600770925591 0.20065466473003393 0.20042328108780189 0.22453279838324805 0.23212282116017602 0.24283742348412035 0.2790942109406604 0.29058035293266415 0.2881660100346163 0.2660542216928522 0.2478851741248944 0.20815030210620106
0.2459743685626743 0.2399495043527824 0.22078564617998322 0.20791246060335647 0.20734531003931223 0.20054380469501623 0.1999587454733073 0.23003100178896585 0.26484955425677353 0.2645267390549945 0.2311216715257225 0.24993173332211993 0.2297286085231728 0.20772528219605305 0.21628257336524423 0.18367511285699722 0.16011207782730022 0.1619401013742368 0.17549677001032554 0.19914049239986328 0.17487647784892932 0.19071417846166697 0.18885516586714127 0.17681935928678302 0.1801748322298371 0.1819522686085229 0.23207432933006192 0.21307886372370832 0.21589891537308492 0.208689741804313 0.18351640621429124 0.19960871936530797 0.21893095530435355 0.2291959712159524 0.21312369130950715 0.2695220642854903 0.27707591323124164 0.2744772347640702 0.27119256304060574 0.28936536896008364 0.2749899493068342 0.26066986330613323 0.22478869656043318
0.20802545085690527 0.21037639893453575 0.2125373860707297 0.195920466211439 0.21116016052690845 0.21189392331656787 0.2187907515350069 0.20380626595661616 0.2225267721149422 0.2484828652009285 0.21959542720906555 0.2249232852196376 0.22488120715450838 0.22305270629982535 0.18554259902924372 0.16205090243870787 0.15208303721122396 0.19538772419065462 0.20588409839118332 0.20722637596427287 0.1899703871121877 0.21212094654393104 0.19978399254865284 0.20370931728431327 0.18906677955853946 0.1767699240633884 0.19746101989764778 0.23196916600992018 0.22270753969982693 0.2152158836119848 0.2093565150774139 0.210736753626101 0.21387012312708828 0.20368106887880463 0.2472938719207696 0.2764177136398033 0.28901695111649 0.28470167581401223 0.2611081570111594 0.28828425715575257 0.30345289020637223 0.2788268795596976 0.26063291515646697
0.1674349298981322 0.19315417404937557 0.18370553086265123 0.20432421043759424 0.1998160585487657 0.2169425497932343 0.2060098951482716 0.2081691489859882 0.21046741116190226 0.2228048943665477 0.22798999814652007 0.24272240582439278 0.21136897763436535 0.19366318603138813 0.17424076040349257 0.1767977138009077 0.17590938688370886 0.18439789902577336 0.21755821386826463 0.19746490067139003 0.2215220868224952 0.19519786022342217 0.19361057628438993 0.20328294576928174 0.17830099905142455 0.19025400130455067 0.1810267777131594 0.21828033240433053 0.23272818193490755 0.2295473984973244 0.2209167457889746 0.22546260262277532 0.20180628881075074 0.22444658033517254 0.25410626099168604 0.2810023824206728 0.28582285999472457 0.27402252623544743 0.27361846879040785 0.30303036538054196 0.2991852599018975 0.29320865665944684 0.25856078431423163
0.13928288651572343 0.16097304735299156 0.19635302766496127 0.164393610591069 0.16475267403549432 0.1672926971198909 0.19366474760728972 0.2188999273769913 0.18985087873683013 0.20393693578614577 0.21771344006656448 0.22367724107387824 0.21119253914550562 0.17830574552862968 0.18834695788299846 0.17984268900148082 0.2001747115654504 0.1932350808356758 0.20892600291372965 0.20697430110356357 0.20739608854002975 0.20110623468126773 0.19717637313744976 0.210522273932424 0.17974530271766334 0.1933937927685588 0.22167407151329785 0.21942995287776973 0.20232832278825913 0.23566734729880243 0.23329764514845772 0.229273952466761 0.24055373444272535 0.23064125051282575 0.23064652236805017 0.2630620597155852 0.24579762652739937 0.28376612949589164 0.2836665005355809 0.29742149768325743 0.3070314727726744 0.3009289662142438 0.2902076819610696
0.14112478528865396 0.17537077477286764 0.19283506450865434 0.1568259657132535 0.14936971230758503 0.19109684715384656 0.1950308474419615 0.19292145695786897 0.20937493059191012 0.19996917840971715 0.23210074215298535 0.19052168835524036 0.16220283162738064 0.17621698387206888 0.16112925561365454 0.17046135664731576 0.1933774394495566 0.21700106823574702 0.24382280593805056 0.2351128091061014 0.2244125990924252 0.22403310131641563 0.2121841645982098 0.20860571786798096 0.19621220683932533 0.20088562048433908 0.21848393092217866 0.21641235962258237 0.2009997183585463 0.2119596217741581 0.2103457096724974 0.25082166765494474 0.24609120595174497 0.23196076301527355 0.2526603681905033 0.2499553662616667 0.2333088224291231 0.2960805486139451 0.30446935107695133 0.32715564475219566 0.3036040971905686 0.30175157973244415 0.30979952336887523
0.14984395354488705 0.1395363923764819 0.17711787760781544 0.1924756247169491 0.16001369107034932 0.19035467313976193 0.18079732475551646 0.1876212664124279 0.18706218838697078 0.22478661714099643 0.21462105365896475 0.18086242676300252 0.19069675249300336 0.1556912063883313 0.16227192690146383 0.18549873664023855 0.1888738407906518 0.2165239206722701 0.22146753739853148 0.20692559394918686 0.20573758137722098 0.23050344716726953 0.2375801135256535 0.20844034249492863 0.2186830012826544 0.2333689124998487 0.2466950115893064 0.21987636992201412 0.21937579425853965 0.22650017047318652 0.2541893758734883 0.26815411215048907 0.2472148845983957 0.23698897373082922 0.27085973942017416 0.262285483846853 0.281264166697792 0.2993695470993273 0.29115589234972866 0.31856836755970763 0.3159340100671511 0.3074714536112544 0.3296569064834464
0.1328177474419966 0.1633961548119749 0.1660802178840895 0.15841376927029197 0.1869217878179415 0.16927848104773638 0.18875454636853714 0.20394721769804391 0.20910610173351918 0.20608417726496872 0.2000808249272232 0.1943672865549584 0.19963230463931791 0.1785773676046696 0.17056278694834492 0.17719225752161152 0.23453477177878806 0.21954597316045588 0.2274599439073457 0.23702949292631778 0.20514682264709774 0.23299658541173932 0.23193835451313077 0.2168646256891666 0.23997781900321086 0.2616262330783429 0.27881324165482174 0.2538829639468232 0.2522724981731403 0.2794604326476605 0.2967407760305027 0.29087138768715537 0.27425889691691907 0.2500322760466056 0.25699508295771933 0.29931004529196187 0.31317008606849456 0.3146911247139174 0.3218156042999973 0.3159120887558409 0.3296374723951403 0.3597950075188773 0.3666743724920146
0.14193150203009813 0.15995178750653785 0.16274444525737605 0.1723841056923929 0.19658664448583457 0.18758745837347085 0.188173249575715 0.19342775430269601 0.19971703163646445 0.18207079308899712 0.21307134706513575 0.19598567685781787 0.20224372391111176 0.17618619073106692 0.19447726698497206 0.19706247710881775 0.23697568141716313 0.24927603083547697 0.25114550966763133 0.23908115369547425 0.2450806605990501 0.23171326773897363 0.22383255447629802 0.2453946221433496 0.25650510633559326 0.26613107238921413 0.27827687129036727 0.28652233831044555 0.26905789536964964 0.28238145705060724 0.29567521832834986 0.3330294149731432 0.3163724460483895 0.29284141188623564 0.3078376652047961 0.30302682411708776 0.30400227765596227 0.3422414552274979 0.33574609971809616 0.3422153395171459 0.3470755647837489 0.37220553420303526 0.36653973673106904
0.17580944176809943 0.14723904667377666 0.14004923926509574 0.1884405155452712 0.19430752195183187 0.19553167578841824 0.20345817919927334 0.20078559150791508 0.18769671336372296 0.18095030267959972 0.19536118950322587 0.17178191405015453 0.16594035705910182 0.16872414767974425 0.20483424405534517 0.2114743733488482 0.2358313563724567 0.20378498675708692 0.21499595742346303 0.2257064511181233 0.22970258786125985 0.23146183951278648 0.24437827952503371 0.25697227756056795 0.3113050916374525 0.29179076479727667 0.30660194199516283 0.325271198991814 0.3149075317710201 0.30489249988963446 0.32769013833240945 0.3554654433284602 0.34864559264884426 0.31268859259993714 0.31677495985560467 0.33755234340379997 0.3370425288794485 0.3648528069194816 0.35642173075343164 0.38233856103061636 0.3964434459074635 0.3764271158818943 0.36642636631286424
0.1693474075670244 0.16500443385031735 0.14678297970073872 0.16360704062666134 0.17722223895903105 0.17685958275891636 0.18768587211959176 0.20041624314853393 0.1944598071065116 0.1758860867931774 0.19454523538789034 0.16032176843757576 0.15053983423843922 0.18669762423207634 0.2045258905997585 0.19572168962052186 0.18749564804149732 0.1926700527768897 0.2162693435887405 0.2096153078365488 0.2068028723891695 0.21673294982617092 0.2635914811900949 0.29265174087839324 0.29973598615617 0.3008347780783606 0.3266419435048886 0.3359072144300142 0.34106775981417803 0.325147293721388 0.359107812507584 0.35310513871881805 0.3595160300680654 0.3428104853175462 0.3180597593797929 0.3284490804949573 0.3404756455562264 0.3678088713166557 0.3703317249138612 0.36687359901302 0.38537764091131227 0.4074768981127028 0.392217539064758
0.12036301834415403 0.14086895420019505 0.16489981377605828 0.1724821046309456 0.1789408643409918 0.17228043208465715 0.2052680828312373 0.1934549503527611 0.16812020653587248 0.18139603204788143 0.16447131573622162 0.16260615711014093 0.1580956462997863 0.17954916550880237 0.17076486059358958 0.16109250079405948 0.20052955455862445 0.2034935067345367 0.18342894652517588 0.2089816162065082 0.19444367322989636 0.20697965864589377 0.2548793379584145 0.3121818603232685 0.33123509114927324 0.30335863931857077 0.3186985423697134 0.3181878563000948 0.3232320892179539 0.31748366306035514 0.36487268681869645 0.3580498218795205 0.33850305910182904 0.3458580087339446 0.3655208188461472 0.3639136044314171 0.34286024788625796 0.3547488229906307 0.35016100592809435 0.37554366633006314 0.4258484412513072 0.40375376995426415 0.41807086616248146
0.08739342209418974 0.09521912169336948 0.1219580134554975 0.1359389044880816 0.14053352065613067 0.15780862981993762 0.18424217769007703 0.20558299568932445 0.21023787069946442 0.19064886230602232 0.17924710092332702 0.2042544583173603 0.16282544603055443 0.1528837353677748 0.14641011282887328 0.1519147316469289 0.16195627668044582 0.15988394018470362 0.19292104424713516 0.19981644362903014 0.20746799982693767 0.23632416865664044 0.2783757324418598 0.2943467907897242 0.3282548854736979 0.327219685167948 0.3237183376747734 0.3098411222518483 0.30730746982576046 0.30440223421510443 0.31402384217619095 0.33309197164519494 0.3560293356474807 0.3568882621973097 0.3491945889699886 0.35781304932057645 0.3491383437914748 0.3396312825087463 0.33550321878378914 0.3725894249546661 0.40705297982031563 0.43403370876574593 0.40394568696878463
0.03778373997889418 0.052960348392063775 0.07741008995330582 0.0967704591470183 0.11715838712723857 0.14795858339350246 0.20776742324622177 0.22589607806404055 0.2185836173025065 0.19018378177260128 0.2048001964468656 0.21468366476576722 0.2099254788104932 0.1879313063123962 0.1394169964533101 0.12741999867276851 0.12568237677238758 0.1532909251441795 0.15502553492141322 0.1946989398081735 0.21027454289311212 0.25396632217206483 0.26845097577506644 0.3071742655442972 0.30129971678424444 0.3113214551029423 0.2755506715859144 0.27648758715368305 0.28132074990688977 0.3254437099320529 0.33140790351441485 0.3364176139780955 0.3818978941473645 0.3323555258386258 0.321337740291318 0.32573868926849037 0.3443545234848004 0.34498753445909164 0.3250476737349642 0.37251286865547095 0.41053394392100623 0.4123531772244403 0.43093943403200247
