Raster_benchmarking/DGGS/continuous/raster-264.asc
NCOLS 100
NROWS 100
XLLCORNER 1743153.6975630193
YLLCORNER 5469296.81164756
CELLSIZE 10
NODATA_VALUE -9999
[rows 0 to 18 of 100, columns 43 to 85 of 100]
0.3321577232336845 0.2829725095315909 0.27862723457288785 0.28804758363969946 0.23458782881145257 0.2175910141072426 0.2098827788293325 0.174064178620751 0.183229431236189 0.1502647822227728 0.17340623975944433 0.15724704268496245 0.14116057982139682 0.13113377589787562 0.10524170096526303 0.06590334416388267 0.10759853202244861 0.13473455866528666 0.14584886058861513 0.14252086184262283 0.1163474992328956 0.12095974540124946 0.12600031142435514 0.1421701826722221 0.19078954373738058 0.24215296573549666 0.22358193137072302 0.20824759412627836 0.21644521785071733 0.18702247794224544 0.195530828435634 0.1947799368173245 0.2096466983887497 0.1749373093315686 0.177646995684039 0.18776673536011323 0.2361940120206513 0.23151429203747717 0.22292247940805535 0.20185245967742013 0.16585699195803982 0.13377196931863944 0.16685791942424377
0.2879713881961928 0.2763449873772175 0.24142954680527826 0.2265025018284746 0.2497081648335473 0.23318457170702067 0.2199533495989903 0.215876356810131 0.1881211863509098 0.14581147444972334 0.1374005882971834 0.13898285110602432 0.12138939562814824 0.10044981907544623 0.08195676165804286 0.08449902806588173 0.09881366360556043 0.14300473975084244 0.133100080372148 0.1195858636011582 0.08813621763652117 0.11516617201210644 0.11192452859764189 0.13075506231051265 0.15647673467327164 0.19268738565964427 0.2121904155913936 0.21540467478787392 0.20730524425045163 0.1676351995635804 0.18853487466307894 0.17146757550830133 0.18203749815115364 0.19152745186650158 0.1662234059629775 0.19034426410314875 0.19505203966744453 0.2208492512225592 0.23455049988969862 0.22763317846494482 0.18860017797758732 0.1649810829020987 0.15277352713497602
0.23911915351636615 0.23123789851364418 0.23334199146672363 0.20259482604996004 0.23057501605116376 0.23858969909241662 0.23398838905831298 0.21165204703462565 0.20037317917166989 0.12805637966757982 0.11337663162976237 0.0737759214073426 0.09917763816196079 0.06298395879693439 0.06723241491548183 0.09540364191085582 0.08307549086544015 0.11617297327468057 0.11579905310061102 0.090705565025781 0.07658770929835376 0.09566854723801381 0.09748194654873393 0.11673942647101627 0.16621352742063647 0.21153052274954673 0.19967289226811752 0.22111383093288794 0.2271822950222498 0.18434656852713924 0.18960735183024743 0.16072213305424543 0.16341267684084407 0.15456121187101848 0.17702902369134546 0.16836337869969034 0.21423568144940222 0.2603111773592898 0.22405800208569457 0.20113384938081477 0.18269755608726512 0.1506866647225775 0.17518876760700403
0.21164450169866925 0.20215039850451463 0.21787787254689434 0.21121065928222588 0.2281717066778622 0.2084607703101564 0.2003420631215377 0.1856649447698515 0.18021009670163346 0.12366273565271295 0.10226706043988203 0.08544616524776329 0.06691995423027738 0.06399603203788487 0.05803943404348074 0.07896232371035247 0.10168140360529815 0.09991401208412135 0.10069688838238426 0.08356444404730988 0.09718438193977418 0.09444715362526354 0.09257243473243214 0.10270746334635844 0.17056611581074227 0.20711211555547143 0.20038398670453253 0.21912326506223265 0.21619794635898656 0.2134314975618128 0.18416990313640041 0.1489015079168097 0.17497343399067744 0.1564074258306767 0.16505154696771634 0.17326509946984991 0.21662725202226404 0.25714283660255327 0.23876981755217727 0.21396721542902458 0.21558871948952005 0.22228516290096265 0.19735324592773354
0.2081795249292711 0.19109020010261657 0.1953535403541242 0.1994783521794667 0.19397136451115096 0.20600978124126754 0.20900078790485074 0.16615334347412963 0.1905395560083256 0.17029559928395652 0.14267738314833048 0.10885292389728976 0.09508439006681542 0.07362011735817939 0.06056018235265269 0.0661073945232756 0.07130703687051708 0.07341042727890318 0.07093321453688749 0.05377109648513086 0.10174394907980093 0.12586923457061577 0.09533653716973303 0.12259660226098165 0.15661287347099545 0.19168822686669437 0.18815915472422204 0.1823920842675397 0.17956758228606168 0.201153473503475 0.18081140243367264 0.1582673638577305 0.1885049038813715 0.1966450249954429 0.20217091938741766 0.1831820608287721 0.1964311409553327 0.2284605599051622 0.2376466895547041 0.26809697822589534 0.23025767380207326 0.25309791874555054 0.2063614098829709
0.2294231048818791 0.22155519837802498 0.20808319863905478 0.2169487329284207 0.20665410233688727 0.2081973156603147 0.17811480228800838 0.17161589998190235 0.19744149832522123 0.1603696374514706 0.14916339876525486 0.15875638172453846 0.1378929976780675 0.1366687475510274 0.09374572846992092 0.06246290442157559 0.062277203512129634 0.0412466444338174 0.06168977250986316 0.05439818901661612 0.09118651578213673 0.12626272210263653 0.11628108415147188 0.11918017521406216 0.1333431119644613 0.13213148590633417 0.17481556401124088 0.18480243046406036 0.1690291255069355 0.20693605826489173 0.19559559566686235 0.20367751916005575 0.1814498170838359 0.16011290417419427 0.1737032472643345 0.2030097006573294 0.22410089713033157 0.2443496247091823 0.2513025714101127 0.2664652107715853 0.28005007202963983 0.24625340821396155 0.24689066722783326
0.2147720137681925 0.19329387898163006 0.20578117918600727 0.21794667621351296 0.24386470071083405 0.24314813816537023 0.1832708308484556 0.18881350659409002 0.217860857668721 0.20127458619334263 0.18167639820829634 0.17694116044928862 0.15762292980322562 0.15686001833784102 0.1408947067655792 0.11028984233561867 0.07401427172655224 0.0 0.03350156511031361 0.06532934257898383 0.09583009884498354 0.10819030762992204 0.12773659874009405 0.10950732209383426 0.09840973708640788 0.09516156426795326 0.1588875404677572 0.13283574807120682 0.15597037174165895 0.18630190091656448 0.19993497342876282 0.21521142582293265 0.21255106509257068 0.15763169583080514 0.16132091327998754 0.17538397926217889 0.19670941953961898 0.26723215299654735 0.25201893056653224 0.23224913163060126 0.2425508545911489 0.28443055920862675 0.27327293763145744
0.23327831732318347 0.1911396050015313 0.19331100958975067 0.1851414107630074 0.22789649765678133 0.2472662463753083 0.21396796882400237 0.20844672935118427 0.22211246414080718 0.22525322426670646 0.1722553665122454 0.14900934392295523 0.14969231821373455 0.12004330279125366 0.11469374858622837 0.09673992010448143 0.05697757346318807 0.040677491521556024 0.04856476215727341 0.047728963398898455 0.08859634291701672 0.07545631368344952 0.08664612907744947 0.09328964397538399 0.12156616760303963 0.12891614118036193 0.14117332918723222 0.1432970855372868 0.14076538154440338 0.15661175769397165 0.1947964779742119 0.21423127889803315 0.2250997599706017 0.20936261005681153 0.19152203322795183 0.20008600768140275 0.20869959044673952 0.21206613420924206 0.24599872700078312 0.21991624420018058 0.24930373301747705 0.2503345641669108 0.24977024753305146
0.20535045624756257 0.1810994744596602 0.21608288136594841 0.19612623817104663 0.2268967318877443 0.24554366692819427 0.23108629426641628 0.2138028094024349 0.22578437933767695 0.22251930800380465 0.15472531470437698 0.1294510966290766 0.15236939013509362 0.11116054542168027 0.123048478874644 0.1216367621454504 0.06713889896128278 0.05386945178430252 0.05022130625101334 0.04391040359471117 0.06103041709816735 0.05659247818341516 0.0643647510912402 0.10208266537304439 0.13204042892701134 0.13725423548346571 0.1572911785533412 0.14059338143154004 0.15692068901456632 0.15716696601235705 0.1845276814594261 0.23342214817542403 0.2255799464382658 0.25468940526447703 0.2248943898840524 0.2299522090751169 0.22173250718038334 0.22237700833132812 0.2257652166594481 0.20874049829705327 0.2297497314724061 0.23670064231898325 0.25838934370392647
0.2406534862220797 0.23683764369767377 0.2347077069836144 0.23092675055262069 0.23207659026519611 0.25784145721780144 0.22286720238291666 0.19946300311081516 0.2224502109280587 0.22046550551415148 0.161702235725467 0.13678930179155369 0.13366687558713264 0.11750855610505521 0.11406331685946554 0.08636526957081916 0.08074260760671467 0.05179127952650438 0.06046620614248227 0.08900803763956067 0.10158838642475003 0.10345333788570477 0.08587524332769775 0.1147997284160032 0.11640307587922448 0.1000352730913331 0.11798605786865729 0.16811641684453807 0.17961698627071807 0.163210170745162 0.17259797494746995 0.19685379503988631 0.2368550347976 0.25223347507492866 0.2197668447169869 0.20796416459087114 0.2056615962346025 0.20433001059722997 0.22493938150611753 0.22110956702385323 0.20934106777620265 0.21797383974313086 0.21565913531646635
0.22842849824472655 0.21531543080463678 0.25434593669584515 0.2499570301599842 0.2523591260606311 0.250339383422648 0.21392417884911702 0.18046084841132126 0.2090623607158177 0.1954239456922617 0.17588223352383933 0.1533861451499457 0.13686762922999032 0.08888702709776304 0.11597188355424737 0.09302646753959386 0.0747403686811884 0.0894293931035953 0.11791159335417811 0.10551019234685259 0.09900925558620065 0.11780748051165167 0.12036109207122155 0.150239367955395 0.11986658863156734 0.10569040721170803 0.14380937871212585 0.1570346728824969 0.17142659804815066 0.20320931990984592 0.21770523173305067 0.19268259953275133 0.22661872504576336 0.23465351998891074 0.2410721929354676 0.2207110899976089 0.21180005719994693 0.2189031046756422 0.23446742404044424 0.24036756921680463 0.2114901734990932 0.20028304124043345 0.196809242540967
0.2529251280580434 0.22995079498163493 0.26177662523529355 0.2409407838149586 0.2552398295491834 0.2356296910662307 0.23111125031822222 0.17995027864870317 0.19595972705134934 0.17643876979584489 0.16564060067424258 0.13923067409008433 0.12463347349619697 0.10510674241726178 0.11282201566298536 0.08769234077435127 0.08498438220380176 0.11776243634766219 0.1304623752738475 0.13201659199396612 0.13632156222307462 0.10162325361218723 0.10572349182305957 0.13367030920159692 0.15246632870578364 0.13928710155368723 0.13399532215396803 0.1570300505577552 0.2017053617989094 0.20366701939850196 0.2204670720889521 0.22462980775832536 0.23982103124312015 0.2413339125816977 0.23257129655457082 0.22260551905486856 0.24625493128498713 0.25423225450886416 0.2215336830017187 0.22911635741129868 0.2412841550221549 0.2137294722999892 0.20938012290493058
0.2584197634695874 0.27326587399116326 0.2541106973326227 0.24493985646873206 0.27184085292357996 0.2593006273961863 0.25980902504721265 0.2090381180062227 0.23052365655785423 0.22773150304236345 0.18419439372408208 0.16512796291481668 0.11770159774797269 0.1396800767669762 0.1052512059548439 0.09693954935097515 0.08598299850069958 0.12264433616107132 0.1546355101983832 0.143897189752476 0.14771315086491243 0.11421900166034754 0.11994809642708698 0.1356725058997475 0.12972962611381644 0.16122773909014285 0.17339964922846787 0.16029896641616487 0.17338972824014007 0.19897485842410212 0.2405112213350486 0.251755223699358 0.24365967076643813 0.24917060868533092 0.23474900860754966 0.224637884405446 0.2379061497666043 0.2605421408289796 0.21461392089328327 0.2343846616197765 0.23812851197234033 0.24451044841989464 0.19938639514159573
0.2783079206581224 0.2941428665507167 0.27231757342279334 0.2658147872781992 0.2815639272074307 0.27572864277518727 0.26166159746130707 0.21989906971616058 0.20184099082462806 0.23004386183676248 0.2024804705185535 0.17284279520234652 0.1209484284855839 0.09879253184785834 0.10451190551044673 0.10350512559735175 0.1000281705596062 0.1020184273626521 0.12688697002078575 0.11778764218714045 0.12281031391317643 0.12709022848833726 0.12362580460019036 0.1299449275584095 0.15936899641080504 0.14767856757420178 0.1750304877767343 0.1732093988604514 0.20179216470624978 0.21141614771031184 0.24087530378114705 0.26938693411613546 0.30123689736965537 0.27455166021895167 0.2692423210170301 0.2386736444832238 0.2507125225965471 0.2604168744258064 0.23258292413095932 0.2185816623782837 0.21082660683685017 0.230913737562973 0.2172370827807841
0.3170264797327325 0.2612112085198866 0.26072794666154464 0.2403022374330237 0.2509627817926375 0.2944822001987873 0.24827008078131613 0.20026506494379115 0.22790213812730903 0.21907860458060371 0.17965103306824814 0.1384067433411578 0.12921432488190712 0.11632412567998912 0.10619076103842542 0.08353996585005607 0.10208832061770773 0.0855920460387753 0.11670913669333058 0.1417412866532592 0.13813795721635705 0.13926342779650955 0.14803151126756994 0.1504545174703612 0.14837145538567126 0.16987890950545945 0.21356503803225374 0.22666382837782073 0.21816430954865323 0.2024697668773196 0.2412827541931771 0.28869297383144144 0.30263695695294535 0.35742432905843396 0.3128794185164407 0.2416683973056889 0.23040291209440117 0.24844892777033478 0.23845924552253311 0.22617955400709874 0.23473623011431724 0.22376607187893202 0.21862369967261655
0.30547555931635223 0.2934009683127609 0.24067624987038477 0.2432734295708082 0.23067812019473816 0.2401968819144842 0.2431778851808272 0.2327205178492577 0.2019610074096607 0.18480615269101874 0.18743089069235466 0.16843549584327752 0.13159359561454234 0.10197877708782536 0.09402986274062854 0.0941444298190133 0.09225597069026294 0.11834518536638812 0.10984998632722301 0.12299634391489093 0.1415284107531852 0.15380779499496938 0.1717286637599676 0.14580263411918018 0.17907041048366498 0.18607872702374356 0.22441946703322754 0.2133692460966184 0.20477510824114117 0.21210857776406555 0.2688913485298005 0.27657973746254255 0.29429389423814556 0.2972209579330457 0.2912884594168304 0.24904181107577894 0.24079392250092038 0.25035418081567823 0.21300421390047025 0.24565066795749205 0.23554405492104039 0.21905848334698838 0.23478533738904356
0.31611715205267715 0.2943988705430486 0.27458273806542605 0.24301359357007263 0.2474126858399862 0.21072307700784884 0.20693497006886996 0.22570078461808749 0.19913845088678978 0.22113374201413707 0.20057903074187886 0.18540903221305963 0.15513521995157623 0.1310374164552926 0.0953908054985747 0.09647410941983771 0.13196505307094972 0.12970487406714107 0.1113763941666079 0.11314138220366127 0.13882481614115144 0.15967331082264088 0.15954556249884694 0.14475174933216664 0.20275706420262876 0.22844589708552174 0.23380529257135477 0.21702047501621383 0.25164485155034655 0.2475767330038274 0.2410049356856571 0.27637057305747575 0.28741167236446125 0.29377896716644675 0.2842710958328514 0.26862267219674346 0.22061397308027153 0.2404536458230379 0.21754405961385506 0.21643106364416193 0.20723659756250545 0.1907633356495823 0.24101288973699966
0.32272180695665065 0.30821917153769673 0.27551405562798403 0.2704834510148559 0.2276037054080351 0.22981775203716864 0.2163789364407788 0.22541417871115693 0.21490557002672742 0.19903172911044406 0.19249231806352607 0.18913860108482633 0.15092522940661268 0.13983951561225072 0.13931716758787516 0.1371898632911411 0.13442866366145567 0.15292960238070044 0.15082961378648432 0.1210814277712769 0.14490979025179196 0.12515825373643524 0.16083398869295762 0.20010027735068214 0.21841472834083445 0.2471449766101247 0.23869278873102692 0.2284316826489125 0.24111155032377096 0.22751484345284728 0.2495565309859334 0.2396441726527157 0.2736454662055285 0.27846235999733476 0.2631920913253149 0.24920039408719638 0.21911905628684128 0.21435312282138685 0.21844161778343518 0.2031708145161318 0.18996148893569903 0.18955452163936176 0.20744082609651512
0.33581188375865234 0.3239251779714464 0.3203340972511749 0.29827016904493103 0.25973680708319635 0.2326474777798366 0.24383437434350083 0.26335873349180344 0.25201105067992535 0.21143184347336855 0.20839070120586226 0.21859953372369254 0.1410330772041519 0.12748783739949865 0.12626392484015592 0.11759455044783373 0.14505520736510216 0.15911753759776193 0.170874272091042 0.1363534606300284 0.14857068252339145 0.11352011528567875 0.14927803219922425 0.19252430398890144 0.21362176093692134 0.2457891015716703 0.23261587222696242 0.21558990977266232 0.21585627733728577 0.23341391241524487 0.2527337990507002 0.23788819456977162 0.24543246211823294 0.23834150991888506 0.2485158956890447 0.20861309182219626 0.2158566845107121 0.1888287643072422 0.18377073507056008 0.19463273667514575 0.2127998210838869 0.19715505690212712 0.19371035375241605
