Raster_benchmarking/DGGS/continuous/raster-104.asc
NCOLS 100
NROWS 100
XLLCORNER 1743150.1844775819
YLLCORNER 5469294.702181659
CELLSIZE 10
NODATA_VALUE -9999
[rows 38 to 56 of 100, columns 0 to 42 of 100]
0.5435104088035922 0.5710350266855195 0.5803231299140917 0.5845084831907552 0.611047689127387 0.6049531340381613 0.6040371530613206 0.5793732621385702 0.5343808891131389 0.5462520371231805 0.5444946941876908 0.5235307865462847 0.5308293535619176 0.5776450650055777 0.5510587286773503 0.5062078186726056 0.4965235475277992 0.46966867596365947 0.4949733959722656 0.500394112518491 0.4683754067030946 0.49021863548494937 0.4757958420601016 0.4622811985928577 0.44083612729182453 0.457119408109087 0.4498607266170284 0.48143129874664314 0.4805127524417142 0.4325871299369576 0.45988663753913644 0.4475524696200256 0.4580512768524257 0.4771088124948277 0.4676224248703814 0.46631364058864405 0.43892128145470277 0.46498766859963725 0.45448275520339293 0.4507112946292492 0.49980503373052076 0.5217759329682333 0.5356030632487994
0.5790371769836933 0.5769353403223434 0.6116092455006054 0.584883442594252 0.5739532657713248 0.5847212886237534 0.5716130385649084 0.5567816061771761 0.5430192179375536 0.5466087751585721 0.5713544489257376 0.5676633099252592 0.5504564798221138 0.5633311131674837 0.5373836728636352 0.5063120958262086 0.4984668362623712 0.49483228189835615 0.49897896583660123 0.4970339377121293 0.49034673333213696 0.4982574834191545 0.49448684762373407 0.4958074505864737 0.48468744501287925 0.4795836415792682 0.5116921209009634 0.486441549625421 0.5020569550515176 0.45394015933639253 0.4651683253314383 0.45851048443330644 0.45682992068455164 0.47592179085723774 0.44326577950744045 0.4382010184664068 0.4703553344976526 0.4541023534374284 0.46481353834786554 0.49435839965379197 0.5197186643085648 0.5102908268900518 0.5148869731736321
0.5938213362707665 0.6262709009701715 0.6065421492077111 0.5821604862201961 0.5914352399665052 0.566605251825589 0.543524475058231 0.535032022610317 0.5668558218177558 0.5556277774401661 0.5707108943804234 0.5887201963281973 0.5898612168588241 0.5777711186918798 0.5924595898772621 0.5527581018173455 0.5208299647703403 0.5062525793739284 0.5362291488744214 0.5303181681242605 0.516663144994994 0.4598586548437229 0.47775060680740306 0.4895328754497281 0.4876071562386286 0.5119071642375079 0.5050038366686198 0.5402355354144295 0.5054344244734217 0.5004042796040836 0.49401408776856287 0.46715605881932176 0.49051277935835347 0.4600223350568694 0.4509501339356904 0.43487113352471035 0.464850115090127 0.44753421857438713 0.47457712750076675 0.5237360671168593 0.5386644897857186 0.5460396545932273 0.5275063561648063
0.5888911751268915 0.6232859606079248 0.6011827333095452 0.5734876457361527 0.5532265065212839 0.5809156234496783 0.5567221075670957 0.5577745655600864 0.5450275449181874 0.5973352515857078 0.5925773011829499 0.6013165046425875 0.593199114842425 0.5920550938339321 0.6150786978815654 0.5724669233501298 0.5682391867500008 0.557005035955442 0.5346637608734167 0.549624659396151 0.5197299035484926 0.4869071825398799 0.48057820356948633 0.4785496792509132 0.478727451949503 0.5105686347179256 0.520920066152831 0.5378697157682872 0.4986146794128505 0.48377620992742343 0.508122292252544 0.5231409062762113 0.5030318643322886 0.4777830282162749 0.4539859811338552 0.45507829656216264 0.46786268487318516 0.4946301305538247 0.5198302828400071 0.5193422251743262 0.5266720501365976 0.5425195000828437 0.5217759706900115
0.6006933145723798 0.5963943362601853 0.5893901159828435 0.5819036972926585 0.5705740623742427 0.5586058949231055 0.5425171535231439 0.5587670412504865 0.5906195419564849 0.6126016957483026 0.6419284503295325 0.6420433781412025 0.6248802269219156 0.6498079823853814 0.622435295668476 0.6061077311587104 0.5820507358006248 0.5666946434947409 0.5771560050800534 0.5592214549058812 0.5100252455624089 0.5192464324877805 0.47464078389023967 0.4775524644499957 0.479589611770378 0.5172364026411357 0.5214427060015805 0.5157011371405398 0.5056683302050321 0.4865040434863151 0.5030969941273747 0.5246831363660016 0.5078826865763643 0.49867360605422556 0.49197860158664547 0.45982062566223264 0.4871923454836835 0.5110519063309191 0.5080684617055824 0.5298773235263659 0.5105402985076029 0.493162256233077 0.5068578268669698
0.5797859934164746 0.588483095776066 0.6051798269927567 0.6227265047004487 0.5943970998477613 0.5901358208616326 0.5746504475965353 0.5972344406062853 0.5859756093127693 0.6192559855495134 0.6496820359429947 0.663880086457703 0.6881473245816454 0.6649025834480019 0.6547833286610169 0.6353579944942029 0.5952432465279868 0.5754530128149772 0.5798474918527335 0.5414445008217158 0.530777667182769 0.5186494421475176 0.5079488274061135 0.5171647070123236 0.5182747759869697 0.5089070780759456 0.5445560829882171 0.5326048391965176 0.5118751232198072 0.5344672186384327 0.51681736660509 0.558001301634431 0.5536177453959846 0.5370714821679256 0.5002514800849305 0.46428365501204716 0.4614507752520254 0.5007630306645448 0.5047877329135126 0.4970193580418553 0.4949616926785037 0.5080021380722746 0.49974008635457573
0.6026551050343153 0.6242279104362503 0.6303644146235617 0.6330667121705424 0.6124658080000839 0.5978114187351112 0.615942386578571 0.6131523379048105 0.6481357325636304 0.6492885163367417 0.6869123434934542 0.6965684362653887 0.6889576541381629 0.6818247276255569 0.6553382463949121 0.6671014831621505 0.6055899186747887 0.6000049139372927 0.6117330305457404 0.5857697250969867 0.5751196174446505 0.5347626490916658 0.5169444783381666 0.5060815754292934 0.5365587380064076 0.5439784603487922 0.5508588844532248 0.5471666208342805 0.5351851678235585 0.5509567968049582 0.5554789959309012 0.5499236676081329 0.5758168402562698 0.5597725630905368 0.5056105205157094 0.4836972100983448 0.5048230615554914 0.4657163776155384 0.4989379015466592 0.5140818648536287 0.5197841690090342 0.5216843688043135 0.5066557987503468
0.6470782615239569 0.6255191573454603 0.6504899577404687 0.6567427399799503 0.637181448697462 0.6539885889603189 0.6368658058110735 0.6534290517082003 0.6678447025842165 0.6511796880119527 0.7011576813747965 0.6936969491082375 0.7136468804454454 0.6909527154090407 0.6738403749894534 0.6615167921903716 0.6448486668188299 0.6231638787716128 0.60617529321589 0.588060719799038 0.5857484308330838 0.5806858294288642 0.5740557206210759 0.5516504777764165 0.5658286274749732 0.5527033952064917 0.5534529156348456 0.5822053987720724 0.5601004659557796 0.571748629091268 0.5963366738016092 0.589292280819542 0.5770009918600465 0.5700648330807376 0.5362399987924996 0.5215859906827492 0.5363938472371448 0.5292755519891765 0.5049556271989154 0.5408302351983331 0.5449017760187536 0.5506850860492152 0.5563113703576786
0.6228124745849616 0.6520317843809399 0.6654511846011366 0.682815779797625 0.6804304192235443 0.6863768989387684 0.7164339014088829 0.7159526672473208 0.6885355288397568 0.6661161107803176 0.6860064780818523 0.7276091914234206 0.7108099154636046 0.743046284250186 0.6930603018753797 0.6888285874570914 0.6368891696194009 0.6064343231276023 0.6251909211158211 0.6077553401509682 0.6161458448790018 0.5886204196718874 0.6101090574856657 0.6035770215232491 0.5765629852289499 0.593729620192582 0.6060005054413923 0.6158318258286343 0.587154656619653 0.5797842844577754 0.6067626146309829 0.6359227548437417 0.6287405632064371 0.6108360826112309 0.5841536726238667 0.5771996014736722 0.5785587792817293 0.5692213362010136 0.5391137896706643 0.5600164773299982 0.5558595391528054 0.5417100351956813 0.5773737067736724
0.6493082016540705 0.6728524596091018 0.6874673793520925 0.7150796026828321 0.731925955518028 0.716405626680701 0.7372898672250634 0.7178633489526829 0.7272547762679152 0.7216770588373667 0.6982013249864264 0.7178462884184831 0.7473616451063461 0.7536033472328024 0.7128053801893968 0.7128143670379615 0.6566779530002042 0.6170457715632388 0.5988456222262639 0.6014310349757072 0.5966312993588956 0.6008260801703125 0.5962452726161653 0.5860980016665704 0.5974179498774951 0.5802359068025993 0.6135593752737086 0.5938274030451206 0.6032696169399926 0.6362362867597042 0.6206947551618611 0.663581136580203 0.6530505807354848 0.6503957898653213 0.6120657050061894 0.6010624512378466 0.5818885654285227 0.5675000465119893 0.5528396985755936 0.5584181122752473 0.5852168626654768 0.5838184247657802 0.5843257515084455
0.6613139620693478 0.6968329847039035 0.7006463058636194 0.7126130898940913 0.7622741466814519 0.766777146186221 0.7466598963565244 0.7553326246959144 0.7189843534531153 0.7059058464445139 0.7125045652244288 0.7548659289636098 0.7702527275676019 0.7878606239516721 0.7356320736760191 0.7145727400796745 0.7020062616564333 0.6576715978936459 0.6480766214290886 0.6074235527113143 0.5899533839248958 0.5995049032222577 0.5942506838041307 0.6214277382061014 0.601863025792802 0.6050106565339535 0.6322776255576212 0.6192300207083469 0.6461438860173877 0.6526217735153331 0.6660668839632341 0.6699495605584005 0.6369277184555754 0.637303746955495 0.6118521795132599 0.6216648119760385 0.6154526438973124 0.5574176881643933 0.5904280008735018 0.6147441921499752 0.6313175373187928 0.6146781862271798 0.6204301483610686
0.6906374669042435 0.6951961464207361 0.7259579974582521 0.7329718665128826 0.7503120223276363 0.770162880239934 0.7663192446221896 0.7394514918320877 0.7565459930497047 0.743184013462541 0.757472670678799 0.7811940391584633 0.8080207663953727 0.7941694701759389 0.7875529379153077 0.7459226350446573 0.7511922555009684 0.7109202098213054 0.686864329038213 0.6625449878650878 0.6199200291942091 0.6258164800222166 0.6356910190189866 0.6182837713670837 0.645363120438514 0.6241395079883235 0.6365638871530829 0.6201023896394102 0.6287065782577567 0.654990482732623 0.6842475624689679 0.6889000195723927 0.6485741429927507 0.6507406886575062 0.6276889479018212 0.6412529144147563 0.6253817081945584 0.6082246917103883 0.6181376666289009 0.6573979554257672 0.6409409309304323 0.6685848774551829 0.6654984055709753
0.6886391263776955 0.6951247409959305 0.7459934958998803 0.7775012773863065 0.7675103392635093 0.7625364949416803 0.7650610062814034 0.7460949610659754 0.7457798420726712 0.7388766960927221 0.7557634247484837 0.8086540674030416 0.8233839384155449 0.8419518251905187 0.81421938177195 0.8154807952478352 0.7883055774382837 0.7318054310188671 0.70196419118323 0.6956927001599806 0.6588153490899479 0.6585178332551644 0.659438636797723 0.6446794331284497 0.6715304371750497 0.6723287773061888 0.6777421814075231 0.6636427566211662 0.6381498099054711 0.6669696125907854 0.6849759852756668 0.674423681320715 0.6762800029220233 0.6835581818556402 0.6701186192543024 0.6326527309872068 0.6490528010506463 0.6634992711034694 0.6797406894351573 0.6720666571201943 0.6757973430197324 0.6781925413968091 0.6862644498670314
0.6948340742757307 0.7024481414021493 0.7415110101819099 0.7587895226669003 0.7745827189129616 0.7780894467728086 0.7687461589989927 0.7698097928652023 0.78118294013166 0.7782271421303315 0.7800281316712929 0.7904129240666128 0.8183628532268568 0.8271432950628 0.8684106457572073 0.869400654782477 0.8269363985885392 0.7929382552408996 0.7273779205214463 0.6953193695764777 0.6932961948599053 0.6708794307608323 0.6949043835988794 0.6701875703773801 0.7026198251161758 0.6926652819411242 0.6931700936765054 0.6668189978488925 0.6621286907377412 0.6602639175381153 0.6866915634469463 0.7089533536964229 0.6868622092617056 0.681890506184752 0.6734701025248222 0.6801671693610857 0.6909612138763815 0.6936111516881617 0.709347302278321 0.6757431803757407 0.7145629907210601 0.7075869797072613 0.7044958124585216
0.7100316395491915 0.758069040332049 0.7748566434125892 0.8159945144878394 0.8334764007672406 0.8185928823409065 0.7874589388790227 0.7750404882434204 0.7977198449083818 0.796350675061061 0.8078049285294004 0.8020894396311915 0.8500057431160591 0.868613170330847 0.8659205077424794 0.885953803163574 0.856390893605932 0.823692825186487 0.7864242379102822 0.7397882584628143 0.7102666332563385 0.6957223046291016 0.721933029632848 0.7203002078630961 0.7298837459267905 0.6858587480435042 0.699201874059912 0.6946117963280163 0.6917031350733908 0.6942504120781725 0.698905718775365 0.7111775234374161 0.6754742715330754 0.6713417803796851 0.6934424615939849 0.687296579273152 0.7012411672132093 0.717053523988293 0.6971916490844244 0.6974639628065354 0.7047101035237655 0.7464698273209449 0.7336369260759957
0.7147255205490268 0.7372109226871245 0.8058260160479941 0.8020106005197238 0.837318452996309 0.8485422247499538 0.8294631787072805 0.8254203573215017 0.8136607073276471 0.8071169942293679 0.8228807532648343 0.8611088013912129 0.8763179477801566 0.8961608613273774 0.9212180713082209 0.9105165856978127 0.8787648105390026 0.863449957153279 0.8174625561358706 0.8104395264272478 0.8011879151014173 0.7781866434109651 0.7479692025697147 0.728219623835535 0.7485619411174276 0.7164176053963187 0.7412167558094045 0.7131923265032081 0.7212346492349396 0.7134604233758176 0.7205556079364897 0.7173564682424879 0.7048740247197748 0.6925614285877953 0.7151260126750225 0.7095615260777506 0.7122186549381307 0.7198371831616304 0.7232789825128361 0.7148705404823841 0.7343861295909416 0.7605861743991751 0.7619613165834204
0.7217416970599346 0.7530644048587711 0.7767298591538395 0.8096200900408174 0.8100590500338148 0.8254594800495804 0.8633716970782557 0.8602089894290504 0.8549532385831089 0.8065278974303275 0.8324106190219774 0.854190630289792 0.8753721063566883 0.9366999245191837 0.9153740382447596 0.9150174517690376 0.9068294766933706 0.9002326513657715 0.8610592790737552 0.862862126016913 0.843557994301617 0.8199934810556337 0.7884662391922245 0.752783887885022 0.7762665214747239 0.7541287015041568 0.761406594957408 0.7429186924893719 0.7214503261417984 0.6984688229293361 0.711865009880919 0.7297067238863332 0.7224214483805526 0.7018172570310506 0.7179093341270886 0.7516537867224812 0.7440529637381202 0.7249490567897534 0.7715796796507293 0.7875413518270454 0.7918026068290184 0.7965344502889254 0.7656915268476827
0.7205407406780566 0.7683955610401219 0.7959384206208843 0.8035634285662704 0.8259533508888992 0.8154878200013431 0.8566406633146184 0.8495672623529897 0.8566370847243169 0.8352280764242004 0.8738496105721606 0.9029522921613715 0.9131327848841371 0.9158524279229671 0.9301616945004042 0.9101976579624542 0.8980353783355828 0.8936496397817808 0.882791351611345 0.898232817583591 0.8642408440780865 0.8391969767911187 0.8418119729946747 0.8249584055151338 0.8211020505271629 0.8105216161896199 0.7879443814801765 0.7711608220700525 0.7451779176293853 0.7108192759700661 0.7255056170338994 0.7418814989395655 0.7246268668317375 0.7118073485891794 0.7200938040636155 0.7298827086326937 0.762800899861292 0.7515261927900306 0.7902339160507877 0.785514500668759 0.7868322444578947 0.8013874666807719 0.782854126737961
0.7272287154201859 0.7486987292250055 0.8017332714184887 0.827118490989601 0.8179555560254269 0.8414619275285686 0.8425472340456786 0.8301557937148436 0.8677452007248868 0.845517259471019 0.8607080365192744 0.9139118108666688 0.9434073098929939 0.972082117433524 0.9359449201110431 0.9322826941051336 0.9477044408638212 0.9139257491395 0.9079257359067204 0.9235152050434574 0.8882463803693363 0.9123597455570605 0.8847578862682401 0.890404349843551 0.8473279719805042 0.818666758273526 0.8255084745873477 0.8192047430680931 0.7660838542907183 0.7548822394040116 0.7513674727797649 0.7067345856862063 0.7333592048847486 0.7258485190459855 0.7287937217085619 0.7305499712727249 0.7664366346557453 0.7864333070997851 0.7943379137691395 0.8361113620850791 0.8251482883510199 0.7976759268218606 0.8182689293582851
