Raster_benchmarking/DGGS/continuous/raster-105.asc
NCOLS 100
NROWS 100
XLLCORNER 1743164.9645881867
YLLCORNER 5469294.628958623
CELLSIZE 10
NODATA_VALUE -9999
[rows 38 to 56 of 100, columns 43 to 85 of 100]
0.6873675104838235 0.723176160328832 0.6398653441854615 0.6112042205699617 0.5757429711824626 0.5595684579027245 0.5524300563202444 0.5043588927083715 0.48101758426102226 0.45859802625013907 0.4694543912757067 0.4866019450751485 0.5029678417144565 0.4982024293262004 0.4832923049326113 0.4807886881686168 0.48836985979696573 0.45870633533967853 0.4436104795406322 0.4521006148197176 0.4386645713737661 0.4005040934574349 0.4006729757978492 0.4182233988399788 0.436095868511651 0.43703146368133733 0.4133653842482362 0.40217363100769987 0.3470480032903132 0.26958856761021477 0.28049409077369153 0.2426110109458308 0.2220965670561957 0.1751371721302384 0.1561467048233634 0.15281679343133386 0.18804029430279315 0.2054756139046129 0.16188958906121761 0.17618749258266528 0.1832146764876319 0.1905745637849656 0.1554184273285434
0.6912374021608648 0.6940579686580631 0.6640333831703122 0.6162044883213751 0.5701970576540282 0.5652267484691285 0.5560916358795446 0.5476715932912927 0.5059815096368124 0.5048150108278175 0.5162076465115265 0.5129410351115573 0.5447518882624381 0.5146990452310682 0.5128294804818306 0.505605992505196 0.4857912031089 0.492565461395386 0.48770813711065913 0.48570145467524484 0.4591511611079874 0.43377606232320026 0.42116051972863555 0.43645722426279526 0.43492096831420957 0.45463104773794016 0.4355526968943425 0.4072156868617971 0.3513812384950813 0.2885208106898783 0.2899402716549794 0.28873245791600316 0.23782899561233414 0.21975785423936625 0.18380577527953326 0.19298404014233972 0.19675780004841284 0.2114568056858766 0.18321440374402495 0.19781737983960682 0.18869022158613216 0.17895238029281713 0.1403382515746976
0.6597028447695953 0.6572377637271432 0.6609849226005221 0.6157525573150212 0.5731866947532999 0.5774027750964904 0.5842078608584368 0.5461754033427145 0.5373711254347628 0.5641961098178792 0.5649376067863751 0.5706011667395688 0.5670113046380121 0.5907314693215232 0.5720693827040814 0.5619941000925399 0.5436351833956472 0.5326826141822981 0.517138931777104 0.5061591305300258 0.48522201075129856 0.4185703928358198 0.430912431115864 0.4031298225643767 0.433971928985057 0.41913457700550116 0.39772427235366015 0.40424712620583303 0.35344860271817125 0.33621254315557053 0.3450217694130465 0.33897813323802894 0.3029776214554612 0.2614531945306157 0.2622956911863597 0.2229988767125344 0.23432852206824512 0.20654284877888412 0.18285770813554186 0.21661000282558746 0.1882293209178663 0.15899882755953257 0.1580831098707408
0.6176497899729219 0.6236110522758496 0.6545677506110452 0.6309116383792923 0.603154122157518 0.6051371713485305 0.5654486617323538 0.5594576976571284 0.5965059388257168 0.614639794868775 0.5915866864742468 0.5808723327731297 0.5650371767296627 0.5963135271703224 0.5684925609011644 0.5723658431498256 0.5331902946846085 0.5437316142026544 0.5051736562071251 0.5173948796228719 0.4811844535805067 0.4548638351267395 0.43119061395227015 0.4250884156689893 0.3951549475076236 0.4020752185209778 0.3878055471594386 0.39197747437948377 0.4099225735391552 0.37984288599580124 0.3797133030067144 0.3947508594462821 0.3646548104015582 0.30752514162089667 0.30646475191378864 0.25543054019994177 0.2366725020735364 0.2108958130229072 0.19511831773553515 0.18737142959173225 0.19643721315609947 0.16632025711021653 0.13545410336584293
0.6014142652255443 0.6240044735626664 0.6409049126662938 0.6352846481849342 0.629527034083135 0.6053657468271673 0.575944818948632 0.6074858553885953 0.6132733710666073 0.6157178611122646 0.6039758197643731 0.5532046147910898 0.570974014486067 0.5920296903494937 0.5790915163453608 0.5439123425772926 0.5518154416312712 0.5563694089808009 0.5293103555375558 0.5125180195111445 0.5032960270657442 0.49455620843761333 0.4852555903391882 0.44303477925972107 0.43360442704434343 0.40028888580511396 0.3855547691845829 0.4153229715455312 0.4119857520359161 0.42543270416976814 0.39336625158081756 0.42478800386951104 0.39445645419245967 0.35687417664079746 0.3202376250237386 0.2955532973555098 0.2680556509601431 0.19727324945395713 0.21300716059053337 0.19380658385533764 0.19894853616176614 0.1631207410851999 0.1666639104372994
0.5542781014775295 0.6045016177153415 0.6058455175183042 0.6083200434263379 0.6311151386008534 0.5970457565577265 0.6017842415303206 0.5932820331295254 0.6083216252615531 0.618122160541529 0.5716175262058741 0.5576488507074099 0.5547963399783207 0.5491266037475588 0.5448661826490642 0.5561296518728264 0.5662468515083916 0.5803598731603753 0.5494332458035374 0.5113137643173592 0.5143970100287382 0.5104078860599045 0.484013398018733 0.44582348664127447 0.43437986545503143 0.4085811541842911 0.4215380246951998 0.44306125321857404 0.44406501275841254 0.45830675612425076 0.41599431351887917 0.4027862923435943 0.4036048187281771 0.37895952949033795 0.33363647530029467 0.2745153182414656 0.2532654491102349 0.20173222047259387 0.191796494102713 0.2077863338731894 0.17710540997078664 0.1516228665298707 0.16488491633089083
0.5361585491827188 0.5476212444689602 0.5664957230563841 0.6106702011631904 0.61949507003282 0.6250811928604088 0.6196103290342925 0.6070476754461183 0.6033721569324907 0.5947744199437724 0.5950298057385908 0.5737214426254333 0.5903388839340362 0.5667112136768132 0.5423285191178238 0.5564729873416857 0.5902470296375508 0.5753591563433599 0.5412433720837371 0.5114823713033555 0.5130245132003365 0.5273908629912751 0.5038825670947903 0.4797200397480258 0.41995955189455836 0.41118991626472273 0.4558375541260218 0.4450275786873484 0.45079197798973064 0.467360334510135 0.4498993687665914 0.4266767527816183 0.3864920852796696 0.35644860284846913 0.358670258375624 0.3078413095546272 0.24276280444226447 0.21460810380354733 0.20568548000165326 0.198297712959913 0.1988421655420353 0.17842743811313524 0.16974410164299078
0.5561062348532292 0.5731681657263703 0.5455635705542947 0.5934044693459302 0.6014243281738771 0.6137649773728104 0.631191446237625 0.6149767088186534 0.6223379073974462 0.6288352726134572 0.6265946770059845 0.5917392551643014 0.5740446336886386 0.5804117338833353 0.5885230861540863 0.5690219819019635 0.5803349027644085 0.5688091677851906 0.5535576378798366 0.5505957102346044 0.5232281540658955 0.5167573384856342 0.5101574579152719 0.4781528026732056 0.4329782515670121 0.4275149993017706 0.4689583028972045 0.4556048368408275 0.46321960691392633 0.4420318606465977 0.43903777944114303 0.44691974841369997 0.3978927164316501 0.3632620826650411 0.3523683415882763 0.3134915175541815 0.273535799107994 0.266524763450842 0.25243554730177215 0.20868855439381376 0.2211900581921329 0.19307242418304588 0.19312730242267884
0.5732444818249157 0.5576362253845745 0.5592160834693275 0.5600381273684204 0.6149541204684132 0.6388775631998368 0.5994038066661698 0.5844024351184136 0.5946038540953859 0.6381218011915011 0.6154438013410362 0.6249928583282702 0.589057256955 0.5960133317499533 0.5795033122802125 0.5581551129088445 0.5791651628524563 0.557017135811753 0.5656080600207775 0.556080744149714 0.5165116880343474 0.529694091212661 0.4870293589570076 0.45917424414169145 0.46733466494311965 0.4670717033744116 0.4733613222650313 0.4713321614411241 0.4521430609625993 0.4667463104631217 0.4586678764673311 0.4313234002086146 0.41044672341824145 0.41384880276456343 0.39059654901321367 0.3098700558809305 0.30714354960503687 0.2654966822059566 0.27086521667829266 0.2390011642204993 0.25055539809688376 0.2419357829908323 0.220806932949664
0.5574422571874984 0.5812314733679932 0.5679796695443153 0.5750569783049856 0.5671330138548302 0.5746220692755645 0.5818349275530336 0.5796644914676667 0.6082330200252336 0.584283667438473 0.6097104023276912 0.6216970050896033 0.6089922691159143 0.594637296542556 0.5627661175665143 0.5621133562884052 0.5601810308107669 0.5353930284190234 0.5681167634221239 0.5705348258635381 0.5271089034435658 0.49740164981168217 0.46795845626933735 0.445074732704091 0.447243125847203 0.4498549639273687 0.4573633821396143 0.4539485766510833 0.4778601176778452 0.46759015955839095 0.4364253271786144 0.41980735036570493 0.398754830119648 0.398237280396763 0.39475024312791646 0.3405349980004805 0.3003378498530602 0.29592460101702656 0.2730581198016824 0.23931282091879388 0.24163365428612232 0.2152524391906602 0.2133592691460708
0.567431491431233 0.5866618133953346 0.584076685641166 0.5759828649303907 0.5704545169304055 0.5741207890110519 0.5743540352990372 0.569020781904467 0.5689683781339944 0.571837970659328 0.5780293489231668 0.5582168186500891 0.584475822051737 0.5708288937383036 0.5552711277613884 0.5669268875810558 0.5779663858440895 0.541754981209157 0.5448929589606484 0.5416977092212106 0.4983813845664832 0.47347367746378116 0.47090849553828207 0.42958758249511203 0.4688779615356111 0.4779507545889955 0.46462944714443044 0.4669656517319857 0.47268833908978475 0.48024192468890775 0.439472080838036 0.44385148968773575 0.4063012042038543 0.39224061080252903 0.4013110196893108 0.3973619267467317 0.32725573557939897 0.3156968543243693 0.29469063292216346 0.2360719464039998 0.20808779295349644 0.21301698269585653 0.20936517191902046
0.5533538560875938 0.5709622441894351 0.5425494858725488 0.5469661105497748 0.535291171429396 0.5653737122384197 0.5402159175822177 0.5242152151576379 0.5448408761996723 0.5630565190603485 0.5590438125599624 0.5326289735200629 0.568864655896929 0.5702280253108198 0.569251389810802 0.5468565862811147 0.5572558826547256 0.5558329808527768 0.5309055329205877 0.4759442819819389 0.4671011265372305 0.4516818995609891 0.45734251523338293 0.4532863967507313 0.4289027363579793 0.44386498022718285 0.4871673700092442 0.5002528356189415 0.48600181121360736 0.47659843018745485 0.4615514725522598 0.44448365373677395 0.43556839627260474 0.42938443181326 0.3999823306385658 0.40432435294037306 0.3614912319803942 0.31604313106280335 0.31439649060649727 0.2592540153654894 0.22844211966209377 0.20341910257584167 0.18418244422115052
0.5616214175382779 0.5488326569891504 0.5295393456502013 0.520540519727807 0.5482556441650847 0.540087280500433 0.5113802762771957 0.5071818867146755 0.5309185715205988 0.52120627417257 0.519454356452846 0.5260546293248848 0.5585869108241204 0.55479348475412 0.5737314136882937 0.5677535462993595 0.5237004242042377 0.5137274184509169 0.4781424287556897 0.4542841219927899 0.4492134123166215 0.4265580931146628 0.4133878494267885 0.4314910333879244 0.422176799333375 0.4154524743639174 0.4893335270864824 0.498190377705219 0.5002664517528427 0.531586105709354 0.4647671141190069 0.4563241983365093 0.46244022369278254 0.44334963627906754 0.40476259676220233 0.40212215238513377 0.39369931399131525 0.3528435684076838 0.3381876998035281 0.29755910681822395 0.2663547907374275 0.2130083364589039 0.18163631766607075
0.527557846719927 0.5502551390740623 0.5401735816118118 0.5511561004041262 0.5258017800884077 0.5463426738665257 0.5113212734213854 0.5155350190092574 0.5361407867948279 0.5089642045835555 0.5262202775759444 0.54275532423325 0.5230812096992782 0.5211069271623362 0.5203244174085734 0.5271533451133733 0.5209948530575593 0.4894023824327964 0.4873391692836421 0.4539926328086812 0.43609175132998784 0.4529075444323557 0.42464558228541016 0.44435067290959085 0.44724535862728015 0.45108234911556333 0.4660389106694177 0.5174655845465094 0.5219040499248683 0.5341708082119547 0.4888812692757384 0.4951768788664824 0.48107927371569775 0.4748003011147601 0.41377959227850936 0.3894760998369026 0.3745988162112685 0.3754938042064161 0.3121257994719366 0.2783686510082773 0.23344866996156557 0.19367631163201715 0.19422529403578398
0.5380759756766965 0.5143535238266166 0.5357611134857857 0.53786136046071 0.5474719949247825 0.5541712478207037 0.5434602499147929 0.5221508590062758 0.5195634688846813 0.5230851125356235 0.5376417977737155 0.5281919032409135 0.5331175126795822 0.5040764737170321 0.508641404265477 0.5322252344672141 0.4925278246774149 0.4888112618772076 0.481460258268305 0.4574370032932692 0.44888640679126746 0.4684271573697316 0.48171399413237487 0.46164536928399524 0.46568259744510476 0.4848670816639754 0.5102716872521864 0.5252186485519547 0.5229295818370948 0.5063545691795895 0.5093831217536979 0.4769857497328107 0.4680685127709612 0.48403677705608433 0.4445651901790328 0.4095610583249012 0.3930343789200704 0.3782665707170639 0.31621077136394343 0.2739363598353599 0.2201264862402453 0.1905609736412413 0.20202491530123676
0.5065182786788163 0.48491650036718603 0.49742123965861657 0.5116496115486001 0.5531625725327913 0.5292479017749315 0.5277292149034817 0.5156798046310711 0.5449122303487348 0.5409329347169132 0.5203481623391064 0.5288234353241895 0.5210889738275715 0.5178318018838448 0.49681501321818183 0.5124126989290031 0.4702992767256773 0.48388619065717947 0.4478248352571135 0.45256554850641023 0.4467017218969279 0.4509467197955783 0.4921306653190051 0.5026731307486495 0.4793669207542745 0.47325199407993973 0.515419431311242 0.5137941615993387 0.5041653139768619 0.5062608541774781 0.48122564260607553 0.4791111123885029 0.4936759638304204 0.4999646394354301 0.46193614285238965 0.45073510495219704 0.39960371210992407 0.34803838331884135 0.3117881208491648 0.26137636488805144 0.249857086434277 0.21230209872340924 0.18993612198198498
0.49164953733716604 0.4917703941074753 0.5225971694441893 0.5071050793029804 0.519491781826629 0.5440227975872467 0.516703944210533 0.5266904589723932 0.5602209924465281 0.5825920984322467 0.5624123393081399 0.51644799197383 0.5274561260817833 0.5049888298098207 0.5162848234329843 0.46058438802814655 0.4524852454399051 0.43932317420363914 0.4190438941524923 0.4314641540780169 0.41664740255793853 0.4523472769142194 0.4628267169163512 0.5087790317546305 0.4885388444961019 0.47985323240320504 0.4965517981300938 0.5052308074980607 0.5124899225134877 0.5466476851323097 0.5059839210556086 0.4733202583084234 0.48352491022580274 0.5026949500223528 0.4735669489815301 0.45995730985775424 0.3936367617737398 0.3573365689196635 0.32240000976366695 0.2517740936025449 0.2392785048074994 0.1927441464583435 0.1776744565627956
0.5138325301780381 0.5014203466648304 0.5150360142980387 0.49561821030572034 0.5101820039334449 0.5257640875240605 0.5366213216312711 0.5312643241905219 0.5276890335162682 0.5651465320403759 0.5565907403503945 0.5604132977045272 0.5238606037079975 0.5298873261039154 0.5140470128331232 0.47634732071203084 0.44806398289169325 0.4452371197743957 0.42907738063386214 0.4329763896076731 0.4185735206335366 0.4477831688224647 0.47831525324225205 0.489665043009879 0.49888470535045176 0.5085169545544186 0.5156217713965119 0.5134524451039203 0.5138382341362305 0.49822201481373846 0.5211854149046875 0.48560177601882276 0.4935680916064086 0.48283021868100967 0.46909429772064276 0.437501554520554 0.40821890845358627 0.37146213349996593 0.30372407085928127 0.2496250590937097 0.24941453886607168 0.20966316314961922 0.19015845605173348
0.5052315552913792 0.4875114584924249 0.5200669502657076 0.5154563426777417 0.4959700789427799 0.5055141007383632 0.5270950536121611 0.503317052137277 0.5478219988297026 0.5697992246098342 0.5788734582914336 0.5632452243258048 0.552619330266443 0.5420241082666661 0.5014162770342778 0.4695069735096032 0.45305260125481467 0.47449884197321723 0.46316547049918866 0.42993875337789433 0.4526902948085805 0.4410661113600154 0.47646193785156626 0.5296346572213415 0.5500178631846178 0.5549557076046688 0.5503254977067746 0.5223240435266362 0.49883099917176826 0.5043333471327246 0.5092083662665698 0.5194776362125851 0.47862369699216195 0.496837762455992 0.4392099005155187 0.4215361251071931 0.40177363756695866 0.3520204534686931 0.3125034441109221 0.286889292583125 0.272608489407671 0.20745839586127277 0.19580843213974777
