Raster_benchmarking/DGGS/continuous/raster-240.asc
NCOLS 100
NROWS 100
XLLCORNER 1743156.4999825542
YLLCORNER 5469285.083247335
CELLSIZE 10
NODATA_VALUE -9999
[rows 57 to 75 of 100, columns 43 to 85 of 100]
0.425276375353313 0.5048935345291051 0.5059573367755197 0.5389948490673449 0.5406013937029145 0.5409618990719416 0.5450477688171788 0.5117897403641049 0.49497959446353473 0.5036645694536274 0.4687471081138288 0.38161790976613347 0.3493775766561344 0.3458584871781189 0.2950295691959425 0.34732194044135484 0.3339879298039409 0.31454632954604084 0.32450205073749167 0.3837069161736597 0.38895054488601677 0.4293093246001271 0.4937592187961868 0.5147524196197792 0.5289148362643745 0.5492480913829183 0.54897249016966 0.5099008644301606 0.5215804106159763 0.533231983612164 0.5518286436819977 0.5975554179431871 0.6227712738603078 0.6089126213686819 0.6065601557044701 0.6737510983752997 0.6485265066310402 0.715313208104683 0.6895404279516394 0.72530592550107 0.7192756508979035 0.7038521134327806 0.7053469084021488
0.477288401220753 0.45062828810655814 0.4559423344491412 0.48820461241828084 0.45816814590197125 0.4931793943970212 0.4720363871396546 0.448701335260469 0.43841895160723865 0.4703852085181254 0.47132219391301533 0.4319542793865879 0.352653532499947 0.3601739758178278 0.3252054203655922 0.3600658077291433 0.3642243341160112 0.3127345193875346 0.3158689492227421 0.36791401793609524 0.36512756512307415 0.43364723978288067 0.49357502218835053 0.48053175470269077 0.49973301715433893 0.507976504671384 0.4987317305306121 0.4938078565845486 0.5493342164259183 0.5670504731116087 0.6060363393656696 0.5822039319738816 0.6508414659305115 0.6474403461164631 0.6314283314239547 0.6789043087479075 0.7219715839519439 0.6987195482743089 0.7163141870365598 0.7185768184783508 0.7096435687903978 0.7221650298367721 0.7308110352634165
0.47988770739511943 0.40312065627406346 0.3960007928016329 0.42887944210591494 0.38002798951825706 0.45089179938464663 0.45499833983997995 0.4243831531045594 0.43226193253977024 0.4380871239266829 0.4145831295348056 0.3679162436585902 0.35868566119857415 0.31431054714503054 0.3437703838565122 0.3648242066657827 0.35414407313598395 0.3394699684600716 0.31070866979514006 0.330734676825823 0.3345491498134199 0.4356848521377982 0.4506082302945668 0.4841609109704351 0.453652208092266 0.48201778503710135 0.47193174401911325 0.4611869038776664 0.5254503418873652 0.5431486809482228 0.5939979378374353 0.6201476296590331 0.6511498133238621 0.6238740366229023 0.658437471078417 0.6808153662097403 0.7282826239616071 0.663377318683438 0.683291781676849 0.6897295234129148 0.6889811788937992 0.6932743278067954 0.7151342166712088
0.4404977712383069 0.40324423738181725 0.3454702162507733 0.331778111216262 0.37332989486266577 0.37604632432986923 0.4134003963676426 0.3964582816479066 0.42894483882688256 0.3735708036719484 0.4097059458452741 0.3588919109957214 0.35641867701223273 0.31091740323061323 0.2972961480361951 0.3111737909352029 0.33105645392165217 0.32550165086142996 0.30479744536993647 0.35712543948092695 0.34533613733045787 0.38916312351727184 0.45984716659758734 0.4517424184576858 0.4196835902646394 0.42420321241844405 0.4736534649984769 0.47318319049075286 0.5000249195844572 0.544163387621812 0.5868625780474284 0.6066699901618329 0.6373627906193848 0.6647398607622673 0.6945024798929985 0.6937623237180263 0.6967200588944983 0.6621483616558393 0.6495895772471749 0.672380885961714 0.6950564531646715 0.6984874978831982 0.6878708691709232
0.4050535933347206 0.39229342827334085 0.34382976749716565 0.34592208397528296 0.3442373513752936 0.35489258130472945 0.3429153364341407 0.4097014329037307 0.39664942475882553 0.3973735846608693 0.36374870341887805 0.3376499813442905 0.32814522152747333 0.32867574800098887 0.34911841459695847 0.283721262430219 0.29262211870959526 0.29742537337141034 0.32548332669923474 0.3692008755611656 0.36201284169027464 0.357619150915209 0.44360527784747905 0.423889686107691 0.373278958389497 0.43434758049003674 0.3929517673538349 0.4372377826344131 0.4449076600699059 0.5063182470600153 0.5478374656080488 0.6286246089188738 0.6812130372389983 0.6439550279447629 0.6643706696859255 0.7116502643426394 0.7128000343664518 0.6440891891882665 0.6103788006246019 0.6600240476358266 0.6420834068970032 0.7085507373018293 0.6996657638840114
0.3785100675066964 0.37663765732445087 0.3697727272803515 0.3433508824913535 0.3750166723974587 0.37335688432955805 0.3819880456062708 0.4020276622325645 0.4316663700957217 0.3941177797357829 0.3894929800854227 0.33949001528712613 0.3400822933048172 0.33814244893396356 0.3077022674232053 0.2814530725175363 0.31127709411845333 0.34078000209634113 0.35501903742520347 0.35064863511002003 0.36987289620750924 0.3650841515093627 0.39187765785078943 0.44154086663349273 0.4152301540111401 0.43185266388171883 0.4591181789748145 0.4264653768007993 0.45104474751257106 0.5561771010749895 0.5890691840000681 0.6182669427865292 0.6705997354652065 0.6579929289174701 0.7118906804890873 0.6821832535023022 0.6639717589598516 0.604345640700541 0.6174158802603489 0.6773599263064247 0.652151218294714 0.6952841566646252 0.6689338673196622
0.35077942985569394 0.32361846341731926 0.34302096939178095 0.36666004391452356 0.35658866056171923 0.33961572600111045 0.379858117257382 0.3653658953900268 0.4012344117058367 0.36876531859100203 0.3511478573000133 0.3028522466637519 0.3057412824759105 0.28364272524255774 0.2981473946609352 0.3109104326892226 0.30348521898278785 0.32706999456291297 0.3453243640664077 0.29665051124699415 0.29431531904369607 0.3390407952516172 0.4106319728838716 0.39635445077982384 0.4133140350718631 0.4741360212193907 0.46701917746001365 0.45747814308929097 0.48193102779685576 0.568396987288772 0.6134774543295325 0.634711507400695 0.653195344009331 0.695098224174794 0.7082556562097532 0.6242850454008136 0.6091555931742193 0.6220159869577516 0.6185614945916216 0.6916246097215779 0.7034370811687473 0.6784284629426299 0.6566973868496881
0.32422889101292635 0.33458956576775 0.3175033539090972 0.3131782929957231 0.3081442438216359 0.32011437482113964 0.31448077202273633 0.3543364474522435 0.3586356981397328 0.3397888638076143 0.3594759959676032 0.31830589989167246 0.29529758288443714 0.27612755529375566 0.3131656241804911 0.27425490630284055 0.2785354299130932 0.33847058090104437 0.3281203012095105 0.28304530102975844 0.3305168439938468 0.3666576410537285 0.3506030808299174 0.38934372037091736 0.41451760629942735 0.47667157742717287 0.5240902764482889 0.49207813755236374 0.4974921287498447 0.5330660548530533 0.5986510423049546 0.6256369210421121 0.67210596396541 0.6380290166905512 0.6492226103943641 0.6121151848271942 0.579382687667898 0.5897777739374411 0.6336746119656993 0.6544709461052777 0.6573541198978533 0.6908309275981198 0.6974829337261
0.2514767716615367 0.310667331557454 0.3350100674321707 0.3385361046906879 0.35533406089675457 0.28796602720399805 0.30881764328416395 0.3033018162464748 0.31503708262041763 0.36135134505624394 0.34829192285949917 0.29815017086258455 0.26076291621654457 0.2304213902626234 0.26965667700005114 0.2729524070790516 0.2990774169551992 0.32876080264098007 0.2998780389071101 0.3118433603739066 0.274895540494235 0.3311794970432769 0.3516768935741267 0.40560688322333 0.42866728690716654 0.520565537928299 0.5345793250990747 0.5239384196973198 0.5672902403892207 0.5663288295628124 0.5450547270334596 0.5808652601243182 0.6639515134203452 0.6659788036589804 0.6159701759008526 0.635450197408271 0.6074663865189946 0.613396961080491 0.6572447614812215 0.67628301981163 0.6682013970854601 0.69136221568346 0.7110582159401735
0.25048374242139654 0.26833306761846804 0.2968643814090346 0.27126634455123305 0.27526302878546827 0.2919614137628925 0.27792970435432574 0.2614667273785508 0.31183167742650914 0.3246471098648673 0.35174271989343625 0.3086414827168541 0.2490649667083253 0.2463059118369919 0.2836904437154042 0.2842980594762788 0.277918369994289 0.2942307385343923 0.2912955377634441 0.30861517437452973 0.3062971714467645 0.34565365853702684 0.36541448610169636 0.3677109466857197 0.4380792207211707 0.5065527397065092 0.5426913146494735 0.5556764068937714 0.5660362100266023 0.5391277063249335 0.5962240070013728 0.6096202260790863 0.6041659862976636 0.612511387700527 0.6054357683941396 0.668383811483376 0.6392909702056361 0.6165384415896548 0.6610622236853957 0.686457832552539 0.7122177974979862 0.703341298538237 0.7141910701687691
0.22381154811713141 0.25911651081573267 0.2592413253629499 0.260179671402993 0.23586789630661878 0.2767978262258648 0.2749611362308103 0.30575507479491326 0.2587168737885967 0.2638869181600209 0.2970593189888172 0.32479355944912036 0.2689035870994337 0.24619667698269856 0.26144488298876084 0.2507674264440823 0.24284136511758017 0.25902297465254787 0.2597492125599514 0.284540583464935 0.3272439625886125 0.36190006345557474 0.33983900353042734 0.3999034880111038 0.41467589651743836 0.49553387375990643 0.5521661652392407 0.5244219184591065 0.5528833729953248 0.5693682229161664 0.563663018838712 0.564547820799744 0.6381577922323005 0.5950493336145789 0.6545916410618704 0.6246746969695426 0.6641851625705129 0.6831364818143609 0.6560847854410429 0.7330554143806224 0.7461151082174413 0.7117178288965146 0.6929788358644099
0.23972885909201577 0.2969944972311459 0.25568903981126184 0.23743905050571634 0.28218429344090995 0.24388457628100677 0.2572006960975001 0.32791573512350036 0.28279496598137593 0.27044464289281844 0.2745292253985776 0.3211339615813148 0.3116872743305518 0.2849409089982819 0.2876850067467236 0.25334245383582255 0.28071595405950983 0.2794476496420142 0.3038173591871946 0.29259013909849707 0.31959156235979147 0.35920014256473126 0.4133152536795296 0.4289648444636305 0.490788694866759 0.5240778854050274 0.5360023429925495 0.5672404088761717 0.5705738388107516 0.5400989685950932 0.5607992765610721 0.56338601020575 0.6250986229918308 0.6093759719727897 0.6390612453725036 0.6461929585527537 0.6354582862943001 0.6664611668776316 0.6823692319173031 0.7130795868101539 0.7407005112873998 0.7398986360551132 0.7202750618993481
0.3222509856929321 0.3247876302406619 0.2705854409865978 0.2518999598409813 0.2822505983514418 0.26500551861443433 0.30532789181365827 0.30482848989471434 0.3550965085137971 0.3073776848468038 0.28783758251093366 0.3022163181029148 0.41502909292456447 0.34805625765689296 0.2871944211545611 0.31498245973285033 0.29843702586214077 0.2735756643448224 0.29954405322672184 0.2835190368482568 0.2608693741126982 0.3518533745697491 0.4132865507916286 0.4283990868962746 0.5123256213192957 0.528941232026975 0.5260616525231903 0.5137103858252983 0.5218498907835917 0.536261288738378 0.5667953130720511 0.5867220529297476 0.5978498793063675 0.5952605454755597 0.635348189032034 0.6123074701213337 0.6824056930618523 0.6778915581961144 0.7656859240557993 0.7357045422154526 0.8184365871430013 0.7574648340015456 0.7738113291415523
0.2689419204433863 0.27366428734214865 0.25704853139191597 0.2262431713037633 0.2305396245958217 0.27377417096104045 0.24392494475035545 0.2687028947482536 0.27393879633829005 0.28797981691277696 0.28793315361452365 0.29663273967757015 0.31721874886286994 0.3320127401327118 0.31164204334750695 0.32280709063315666 0.35190987249483674 0.3173573350711686 0.3000607874778543 0.302753663547201 0.2902977143021222 0.3715348624441286 0.39645987338206434 0.43504124703357844 0.5073390395265077 0.5442321685706735 0.48811888720214364 0.5062158283460384 0.5271070123457724 0.547384659523797 0.5758030598213432 0.614825697071247 0.6418207683087456 0.6114826441864119 0.6441788244328122 0.6200172458177627 0.6562553080604975 0.6880506245249253 0.7486488367036863 0.7302640639961364 0.7458578958518336 0.7498533440326597 0.7608249108033209
0.29071647103586756 0.25465339874532356 0.2151847903839075 0.2201743769170453 0.21332086214849466 0.22974427671990463 0.2619837633699263 0.2716666814275877 0.26523031027242894 0.2556060283420656 0.25398256647767903 0.2796366584023345 0.265993480976751 0.3017511377109425 0.33053914814438884 0.3390246331366847 0.3359460516892736 0.3264267159009824 0.31134589085244224 0.30171459455942445 0.3085042998055627 0.38187393204516656 0.4245172890909434 0.45077553822005983 0.4911244074378274 0.5223247823041903 0.511365349685427 0.5455258568875708 0.5189492110880296 0.5545597423044638 0.5523725386686649 0.5653518281060641 0.6131855261828326 0.5950715593764588 0.5828007195692994 0.6429189092179796 0.687930072525646 0.7159066416971103 0.685513071213694 0.7037328329304683 0.7622050327317202 0.7327614768569667 0.7546690912801617
0.2980836115328756 0.2553505643912567 0.238918415593178 0.18621129662091707 0.18708134695263318 0.2044908957239804 0.18957522435142174 0.23901708686745496 0.23848332373920705 0.2323543878410065 0.23224740665671484 0.19936469480361402 0.2588071025524636 0.2688275964223983 0.23835963112736652 0.28221711581739584 0.31448384823739256 0.2768401342928631 0.2814697658216073 0.3051677393897992 0.35846351835798007 0.38787806949614545 0.42327765802300854 0.4604912931502449 0.49730835303075144 0.4456452628887338 0.508553185446713 0.5258064019953951 0.5295049882507565 0.5080039939602867 0.5251194092938704 0.5380012069097777 0.6019564396098062 0.5580330348352345 0.6335579910820349 0.6650701327374865 0.6986093912916927 0.666187965381729 0.7118489080082575 0.7271745156874945 0.755529158421337 0.7535553761024033 0.7424991060150914
0.31591714663911885 0.2254725001085111 0.2207469538705193 0.2043088408709093 0.17078316151386994 0.1945982865779621 0.1777294487523824 0.19833873325887805 0.17518551177044195 0.20294239825921867 0.20011107056997504 0.2149030225874303 0.20629088162487955 0.20263947206396618 0.19417276600574365 0.2062794464305656 0.2578785902742532 0.27685745649003585 0.29836882892435684 0.2987015720205026 0.321111429591291 0.3750551903541983 0.4621751833009124 0.4937005561655871 0.4696123834260817 0.4617060550381823 0.4464802856981841 0.5090349918557313 0.5087223759545223 0.5459240006842383 0.5417170491930569 0.5497380993022511 0.5658945773456406 0.5588374517296117 0.5973491580365118 0.646290454801525 0.6629287136296992 0.6618142701836536 0.6557689731123841 0.6853812495081353 0.7357163843920698 0.7007753616769004 0.712683624055413
0.2526616248783306 0.23741272351044915 0.2019782505294415 0.1765877780296984 0.19211689337316054 0.17423893191801484 0.13132247323278004 0.12298841212808137 0.15316187027200434 0.18921509574497317 0.1910441558233296 0.17546768392287695 0.16754514956293154 0.21172691780582598 0.17807290580637433 0.22515431299828856 0.26243815545785865 0.23511740642012047 0.28965861605069987 0.29945786978413325 0.37105957178614785 0.3773670616542483 0.4518101718450809 0.45395414825489394 0.4869235487110744 0.44532451464039174 0.4895509058533095 0.4764276742535335 0.5161703311412451 0.5386457775900977 0.5554313746075099 0.5818315482891396 0.5966614261729308 0.5961225600610645 0.6134742279032486 0.6550749447448379 0.6656456552468889 0.6600924814544752 0.675273833186937 0.6590499895485814 0.6752481846822757 0.6917266825578021 0.7177044444520754
0.265106617865548 0.24700017390066603 0.21357097665738492 0.16975089552263486 0.20569689263605592 0.15844416548678866 0.10462006141894056 0.13616085741111686 0.12230278726393326 0.16000130262581494 0.17256971378473251 0.12405396551790336 0.1453957240991971 0.1523377610020435 0.18864784647747807 0.26258766496871655 0.23782367267148577 0.25526365292658604 0.27975189992349786 0.3477441291442987 0.36421222382015456 0.3706988640314899 0.4189441310701475 0.42339508672218346 0.4824318476759657 0.4841693088254755 0.5018569759796271 0.5007591610750528 0.514796984476092 0.5739588301173216 0.6097617403430189 0.5668758011214526 0.5904858996193725 0.6046049173685054 0.6298713904751233 0.6089295447167401 0.6315328542883828 0.6482759395374669 0.649054756011999 0.6193429471283597 0.6604964974503723 0.6570557407833351 0.7297872893919298
