Raster_benchmarking/DGGS/continuous/raster-298.asc
NCOLS 100
NROWS 100
XLLCORNER 1743158.7610309324
YLLCORNER 5469296.161625677
CELLSIZE 10
NODATA_VALUE -9999
[rows 57 to 75 of 100, columns 0 to 42 of 100]
0.6700926839160352 0.702165472427207 0.7105785924762361 0.7646840549761138 0.780122168113675 0.8161411205081999 0.8156547263560626 0.852227576082042 0.885357285146736 0.8553435151029342 0.7871947839409571 0.7565910415939745 0.7654266860722299 0.7636713406181131 0.7256375545533226 0.6365267503747977 0.5808909165283875 0.5636749913636613 0.5651360567383834 0.5597598376542265 0.536729690177106 0.5269367379041953 0.5396212626130243 0.47811209774787766 0.43456685161542896 0.5051823439804901 0.4914081346624242 0.5326350329105228 0.565664831652778 0.5308614447299491 0.48955366901881053 0.5177223200839332 0.49558636982795523 0.4469657497268809 0.4369423664400668 0.3839891601121634 0.366481177897365 0.37419417943706473 0.3802559526776395 0.34219528651539377 0.29726763288795477 0.3324552788704478 0.3576216892113227
0.6502033332867736 0.6964907779301999 0.7138726232654263 0.728414866319026 0.7775408456883053 0.7737428029802128 0.8437691104047638 0.8760077608107052 0.8886301321641253 0.8934732734243103 0.8493988103334683 0.8068128636701176 0.7751376949948565 0.7332806991396181 0.687417494530049 0.6313297352800072 0.5659000619205333 0.5814943498110562 0.5641365135703263 0.5480426023342355 0.5201841884211504 0.5162993715586341 0.4836900294933733 0.4511050913573425 0.48527413643043177 0.5129583828616315 0.5437788787611894 0.5782267217598327 0.585438478984051 0.5539681407353567 0.5219509182267478 0.5243259919454855 0.4790401317083859 0.46044871367681356 0.4412671230183729 0.44617553099931234 0.401362811295222 0.43193498921403317 0.4197543197659363 0.34529232435112545 0.2898576304036614 0.3111630283527317 0.3398021171417367
0.6521885632268293 0.6735090520686083 0.6886634289832693 0.6697659905696426 0.7253665387681031 0.7257244232590789 0.7832318120054051 0.8760045843582297 0.9339691845553862 0.8984234732520411 0.8586999328546482 0.8261537982355225 0.754471988682525 0.734698715553863 0.6587003508361591 0.6162253557621632 0.5603600133685102 0.5752702402636123 0.5408762420074893 0.5369497493692662 0.5283132679096654 0.5005381691755637 0.4708810884714057 0.5077573371436942 0.47430503675112 0.5123176985324123 0.5214390672882607 0.5426325609787794 0.6041061944261517 0.5296307524822605 0.4838608311987744 0.5283668749827397 0.5164573180903809 0.5116324842252776 0.47665150539570555 0.4838031665897506 0.47314126710358956 0.441715391439038 0.45446446482036296 0.396503210904912 0.3373731337686296 0.36951343498124495 0.3812255378685335
0.6879249791114866 0.6902750295633381 0.6864689299641198 0.6636724624787028 0.7222317258352631 0.7428625175835951 0.7735060696649423 0.8503271078822796 0.841491430133669 0.877779501591957 0.8673536766992296 0.8286439246519457 0.7682326281561485 0.7075312027706925 0.691604331526102 0.5994825346779359 0.5452281534390695 0.5506975592219601 0.5589361827392834 0.5241508477289389 0.4920989843098437 0.5157427197620447 0.49109926233747997 0.5447929446251264 0.5456696415317259 0.5323894684605472 0.5320582529453033 0.5598463890544861 0.5235271644627673 0.5286945384372379 0.4873720534563345 0.49042123410921323 0.4940229203743904 0.4827460253524153 0.4557161553848823 0.4700056548258872 0.4382866162353224 0.4647652166003377 0.4282232017189932 0.38619583416507486 0.34049482807716774 0.37259194711222005 0.3531286425070444
0.6719190660107838 0.6894988389887926 0.6601838817476056 0.6955591803614384 0.6948925954393131 0.768324102440919 0.8086163539347071 0.8173801009574613 0.7864695605391547 0.8027040169755985 0.83030847249082 0.8040285914686681 0.7728023266950729 0.7302529312085506 0.7026419639496061 0.644775317264964 0.5830104055683453 0.5868543663588336 0.5966153964375276 0.5779744260041878 0.5147740370095009 0.5405877342746422 0.5127487767915577 0.5502279514910091 0.6057135078354203 0.5503467311122063 0.579695232494296 0.5390719711810253 0.5274120121463199 0.5050426444544112 0.5295460022026421 0.5151445043865771 0.5077005434125552 0.46640217276154156 0.4951178745399603 0.47960794712500104 0.45695396519692816 0.4480445933642373 0.44981829824299674 0.3799291041463759 0.366298870425002 0.3617080603749011 0.35161780858238
0.6652425217437505 0.6731734900961908 0.7045971084908202 0.7223160174119252 0.7229615109555544 0.7662439619244614 0.8008166490558972 0.7881583379874972 0.7626852828160252 0.8103747700024417 0.8222144631576728 0.7838392418466301 0.7776280342818007 0.7505217140550472 0.6743457765526898 0.6084395010149186 0.5591408564351127 0.5696070060614805 0.5799131107509132 0.5767218599187123 0.5294651822459432 0.5605954913565191 0.5377159682253919 0.5552522816524982 0.5825396175289302 0.6113025735924027 0.5653651873610624 0.5680502486289837 0.5327304446693482 0.5238656247070799 0.5156592297908221 0.5163919449321202 0.5258823556905627 0.4957064217607056 0.46537872196265917 0.49068110624920513 0.43791576990687625 0.4395760921541327 0.44686633866125364 0.38793978344516766 0.32646856129662716 0.329840723274583 0.33484157270817766
0.7317438017765912 0.6976363439710473 0.6733958653909561 0.7022540513217798 0.7440850703827402 0.7912475270980222 0.7774448026954409 0.7765170319132161 0.7914277248158342 0.7503014101151205 0.7643289892849395 0.739573581928053 0.7566462974114266 0.7184287050395983 0.6753905613357165 0.6249957855769769 0.5796667172652222 0.6187620171673224 0.6311407592712841 0.6191950810014846 0.587286890523833 0.601879192928461 0.5766342288056351 0.6175158534154505 0.648651621555235 0.6021642009549547 0.5970321601264061 0.5944135346361865 0.5910072817125553 0.5265313703133381 0.5271062019291388 0.47978829953342667 0.4672872473621924 0.4735018189058708 0.422653325759112 0.4440384373332864 0.4644587639010141 0.39354666373234437 0.3935168022471196 0.3686794195588159 0.33648341263153786 0.3580083850803754 0.3511648852724569
0.707100516947155 0.7280341079726654 0.7411911155367878 0.7555041368244582 0.7674663232840548 0.7558420933170913 0.7596962762487924 0.7975025485476982 0.7842291498663546 0.746122661954063 0.7516154956789812 0.7430762253879073 0.7346100408453007 0.734619241705315 0.6805177417295337 0.6848240129542432 0.6597578891819168 0.6611674500148007 0.6636383316420067 0.6264358675703094 0.6128529522328409 0.5822621702891408 0.5708300116925639 0.5880861894975706 0.605984950202236 0.6104288948765474 0.6109981086156722 0.5879912567446335 0.5477473858397139 0.5568091712062161 0.5406745265540229 0.5321299238482448 0.49089318866764825 0.44890692894428397 0.4820252197261565 0.4560524156088752 0.43846985588779047 0.4087072048253605 0.383603236176007 0.34847051190707823 0.3568436714484873 0.3306633800614784 0.3694656470715176
0.7052397343574166 0.7377556349519588 0.7475607949348511 0.786417210702646 0.758576510906201 0.7685979586964842 0.8059658509792527 0.7562006064182025 0.7635300936490803 0.7355475480949579 0.7340446119513414 0.7335749842675845 0.739234477945812 0.7073306923986147 0.6883257581615048 0.6551308800368404 0.6667548320338629 0.6836122545652338 0.6680136726708586 0.5967236516809102 0.5878621945103869 0.6143291475098146 0.5833451819513645 0.6162846229059995 0.5948812986049726 0.6149359083457678 0.5956504434279545 0.5883643837819861 0.5224948748114168 0.49491922908584207 0.5147478745080861 0.5270809247729514 0.5166740811142465 0.49782265542025206 0.46979492840001186 0.4506686050217985 0.446117695521246 0.39938675301425225 0.3221019305683852 0.33073265203938446 0.32708030958958684 0.3282843193045807 0.3995222147690827
0.7532885853880475 0.7102349093460352 0.7541785056655403 0.7603149938887785 0.7652820869277303 0.7705480814424481 0.7789847022898183 0.7882307140952094 0.7922667865682776 0.7752559109141438 0.7719583406692067 0.7329158172515234 0.7122444051856458 0.6879575336648941 0.6666302849625657 0.7123232020003964 0.6878012129287986 0.6621838077060315 0.6798106660470103 0.6219058938680322 0.5901392203904088 0.5924940038834298 0.5589125833256875 0.598859061401243 0.575608371202135 0.5882983564270966 0.5566828524192234 0.5151793981965589 0.4718889538856641 0.498641605575289 0.4756683468677275 0.4543068704813197 0.47214620419250747 0.45286866151291366 0.4520963535190062 0.4065704701179241 0.37558733705550845 0.3652009376956108 0.309942680255279 0.291259510812596 0.2764912221368648 0.33287940306972635 0.32996190900212813
0.7448191200796173 0.755542971737476 0.7398043230927762 0.753980690698531 0.7527894249163019 0.7774104491860085 0.7921738128369912 0.8250264306106079 0.8591797763695662 0.808597860285274 0.7867426766398163 0.7236515722786451 0.7205661347697354 0.7326618827467173 0.6969568014216199 0.7017577043068358 0.6796917059494262 0.6987450987357535 0.6685830742492287 0.6660162459816825 0.6598341953568336 0.6110230837668799 0.5703832288981977 0.5747378115019234 0.5968966377023343 0.5893920239984395 0.4998591732436495 0.47378373126096507 0.4788232569727904 0.48202831893226117 0.44226172506046335 0.46274223468670334 0.44847635328631974 0.41190607181958544 0.43637979168989127 0.45258162562047727 0.4038014858208728 0.40504865035165344 0.34256412871336417 0.3258678337386678 0.2765693070299847 0.34371425206340217 0.32397355826788243
0.6982018871397143 0.6980249992765479 0.7280465776230427 0.6800414228116836 0.6855137408006673 0.7641182123312985 0.7609882469787179 0.7804152105490679 0.7980275465547627 0.7529518303876934 0.7183725441377208 0.7363607237343277 0.6976880467479003 0.7043673091406468 0.6895128886489897 0.6313861143445018 0.678474398661687 0.6634346623561195 0.6591374788481823 0.5856550681738347 0.5584012480218895 0.5646336458482561 0.5842736609673215 0.5562816230710268 0.5656061752256195 0.5516839198418487 0.5070126808334593 0.47538830905345986 0.47765318271693386 0.4416490357165384 0.4508341504323178 0.4213384585084364 0.40730192175310986 0.41292256564917607 0.42440605030565504 0.44338048940943103 0.43843601455285097 0.40023196305385034 0.3713286519099134 0.29766584270671204 0.2723623628008597 0.32419010394062936 0.3183653956508421
0.6745174419034716 0.684160682648539 0.6714119084025191 0.6806382483732781 0.6479432340036637 0.6834995801611448 0.7324227480585965 0.7555298863052599 0.732424943257466 0.6901496678941317 0.6923744191822785 0.7191781090749972 0.6980498742316595 0.6738223814856252 0.6052976636100545 0.6243994569669679 0.661590743588856 0.6448972186449242 0.5947069540230226 0.5843751934852289 0.524098157782757 0.5108076773756541 0.5196402704193425 0.5246599377800716 0.50178534134121 0.4847908755216256 0.5242571121099681 0.49433339119095376 0.4730968949032941 0.46106218559473133 0.4394346113840954 0.3998724478019497 0.44373149844471305 0.40459110277705757 0.4343217520223722 0.40909029246331824 0.4186030888459464 0.4157778149408287 0.3743905236946518 0.35176906603218316 0.310626083506482 0.35004964000039446 0.3495649932817081
0.6169258211978802 0.6436768281267055 0.651932280368674 0.6116686362931357 0.6341619913343349 0.6399954738316135 0.6432227547315789 0.6656935666176305 0.6794630184973516 0.6909473367669176 0.6809384206423195 0.6949413077651819 0.6381625823224845 0.6478549167649618 0.6141141724327674 0.6164799398556869 0.6302255271640974 0.6099058641329003 0.5772081424673722 0.5854421448292527 0.5166614335117533 0.502220324249091 0.5037628116713149 0.516767935294794 0.5168734394897813 0.4859403961376797 0.49250773568562073 0.46773135614305494 0.4108086442452325 0.40826970785629113 0.3837055935199908 0.42383646988063683 0.4063382280334939 0.42265266314466116 0.42801818424080756 0.4331845944072782 0.4138768058579783 0.4108292465242817 0.3956608967095427 0.3978758159703741 0.4005053490417153 0.399609751032191 0.4250371217803726
0.539804403047576 0.605112497896238 0.623214130839706 0.5877128117196495 0.632628171927443 0.6448697664093622 0.6070943729030704 0.6046000022406741 0.6584564378344288 0.6781973614457834 0.6917503763698815 0.6599422719589784 0.636686893477721 0.5812977414677163 0.5621765175174306 0.5541520649757886 0.5494322737600579 0.5330705848492095 0.578354458522225 0.5938777214044393 0.5155322689751082 0.4705914336847376 0.4528032464251281 0.5103948708512778 0.46973966072363654 0.4896681968455751 0.4636768707651348 0.44841367372270136 0.4011995249940584 0.4073742008295807 0.39418859414526586 0.4275230142151538 0.43088476479874915 0.4242073156736859 0.40234023838471444 0.4064577199204311 0.38220766146248514 0.416713138256399 0.4056330082958072 0.43014274736337305 0.43302815002319484 0.4313597984236292 0.44607548791391444
0.5517592221407973 0.5423891279965615 0.6053876437749782 0.6103870231945898 0.6041171130387465 0.6277831491100389 0.6082987525953408 0.6033591981089008 0.6181375897743301 0.6206163258269923 0.6499949385326262 0.6420930640104772 0.6575685815453368 0.6001173228364178 0.563972389630464 0.5071777465252365 0.5236796192151175 0.5073669027156418 0.5370089971433882 0.5707765276194319 0.5294626196045132 0.4920461672993279 0.4725539834983087 0.4798780620956647 0.49040323334574043 0.46711109101679166 0.47776378904176836 0.44287271197585737 0.38850992383416866 0.43202212542818935 0.4190110146756112 0.418171195924751 0.42336618813459725 0.42424232613787966 0.37624020506439504 0.3501278311989277 0.35710108062199397 0.3608674300569438 0.40844743556294116 0.4122491320425709 0.4429828011579236 0.431177734116019 0.4423017662322208
0.5234200544088099 0.5538911045419525 0.5890962458164797 0.6141782370566669 0.5731693043922133 0.5912385884906477 0.6144286786227496 0.6368849185097597 0.6104847384100778 0.6131769675184068 0.6516269717870008 0.6588869094339616 0.6278669256654978 0.557226617006825 0.5490417095143211 0.5047257516930783 0.49067355240503896 0.5326019240402947 0.5369193573160375 0.5544510407308401 0.5570909536938577 0.5154540816927462 0.46045529027281096 0.443676836381383 0.4161477466900177 0.4151698988593584 0.41688106565550465 0.42241141475366517 0.36385605622014217 0.401538700688902 0.4384857145515943 0.44428311630635914 0.421243643446722 0.3869767260242298 0.37123313444795053 0.3354730304132683 0.3449622970949916 0.34313521211938347 0.3997598430335001 0.45487873426307734 0.47842408899618594 0.47266967295100193 0.4435698010233632
0.5449666750746726 0.5400135452147806 0.5356978831715216 0.5738936238252663 0.5598890576433585 0.5553614903413921 0.5477296655277237 0.6122759098337429 0.5958571941155101 0.6329183853172072 0.6121446416025609 0.599104716743296 0.6226478944785079 0.5562795413729773 0.5060355294608435 0.5137662656449141 0.5280721141104999 0.490315119813217 0.5110520645964726 0.5719312104428497 0.5642662975067165 0.5349890007862159 0.515558118011211 0.4553599280722061 0.39865968318052747 0.40386161452487124 0.39281094157473523 0.40596810777137 0.36966774338698494 0.39219977742306245 0.3774908049607249 0.37363815131367917 0.3900275310811187 0.39223642292479965 0.39359346779499754 0.3664424208137291 0.39102685603299675 0.3893925162680085 0.3973427348044089 0.47668545401144025 0.471586367664214 0.4539109032555623 0.46410065202357426
0.4756487101751497 0.5230866294282417 0.5025456660081878 0.5257627147481865 0.5304069900647822 0.5615204312437361 0.5301451362106856 0.5698101986565615 0.6005058328766877 0.6281553678186574 0.6262840755228883 0.6149106700546823 0.6190440555574369 0.548358877948504 0.5218054355157429 0.5251315445492514 0.49079985017970007 0.5212966375655147 0.5730778014050617 0.5680189989391731 0.5222162111365776 0.5127494270092017 0.49771138153110284 0.4468748985386145 0.4438059468214175 0.41071045066242273 0.4038279805450235 0.4149509506394319 0.3327401948000522 0.34375272329244516 0.3568288504529532 0.3515195936975849 0.39088334488552506 0.40214997325885254 0.3710305862995767 0.36586796867819216 0.3429040894941916 0.4214345843546998 0.4440040902958826 0.4701448471673174 0.5028549851395426 0.4578976314909286 0.46782403068432926
