Raster_benchmarking/DGGS/continuous/raster-35.asc
NCOLS 100
NROWS 100
XLLCORNER 1743164.6195858591
YLLCORNER 5469289.653779994
CELLSIZE 10
NODATA_VALUE -9999
[rows 0 to 18 of 100, columns 43 to 85 of 100]
0.5239936578604427 0.5699152045548916 0.5869524918708293 0.6161531345889943 0.6480414459084272 0.6559088138262054 0.6729696430422364 0.6990767666112238 0.7287403664585668 0.7541686197456335 0.7504528641334691 0.7373191543152636 0.7569652911836325 0.7651919714407031 0.7588949894363647 0.764741142627396 0.7707743666362167 0.7931726907219464 0.7680127317354543 0.7824034967261102 0.7389243610346448 0.7290291609057673 0.7596259972146108 0.7700541444615655 0.7710340150686601 0.8089113301986242 0.8132943015360502 0.8261956560026844 0.8510971683447286 0.886278143793644 0.8893122040519541 0.9015956017635317 0.9032687169133015 0.8934634170985049 0.8450620952845732 0.8461172148791832 0.8294749429542679 0.8390683758857883 0.8332358893665611 0.8495461831492779 0.8577771954909111 0.8504206522056742 0.8821411164692128
0.512229263321629 0.564845305458475 0.6008584702949955 0.6270201704856638 0.6467932469500067 0.6405657789048068 0.664872017790374 0.7134921212153411 0.71650362918483 0.7201030424942133 0.7258444053740425 0.7658132302173967 0.780508757586685 0.7701758147665533 0.7974599441933352 0.7814796747574596 0.7939546553414611 0.8198688578078734 0.7935424286906908 0.7944805316124145 0.7442902058734818 0.7342777869686818 0.7605390972894309 0.7734495237612339 0.7640644238193072 0.7856131104541448 0.8375607382365384 0.8317872517193248 0.8734979410982713 0.8691525257832315 0.9182959135057628 0.9285872569297866 0.9249525158800531 0.889001402524611 0.8905264223909818 0.8885569789460391 0.8557345773616856 0.8537250244470452 0.8489743128404937 0.8657004253952927 0.8878589082469874 0.8834203123054472 0.889409659705534
0.5290979018000295 0.5666520992315474 0.5897323747493015 0.6283038224743288 0.6250325052394572 0.6379837988268799 0.6909113577363645 0.7033177851675276 0.7061899194638337 0.7270719837174702 0.722606698617925 0.7558210016759119 0.7530680605385847 0.7729577581470152 0.8123054681065569 0.8150258742493965 0.8205163966909073 0.8393576681448797 0.8319674822268417 0.7995990789643488 0.789221114903985 0.7899643049450069 0.7779177626154804 0.7951218798911569 0.7684558002670328 0.8176251834999084 0.8340058217557093 0.8611924909637371 0.8891581889968088 0.9231325157618007 0.9190167186486342 0.8994054026839099 0.8897003290432881 0.8661376957225325 0.869470881948548 0.8802598659658456 0.8731770160770936 0.8615034138840629 0.8850335874768794 0.8946287982444948 0.8890333472607175 0.9224003525815246 0.904104926585235
0.5475591831396995 0.5996389630474815 0.5865131493816811 0.620267283765437 0.6303381970009648 0.6627160522490854 0.6796665401035441 0.6777454408355654 0.7280986424551872 0.7350508896060425 0.7531283790478508 0.7366260959090719 0.7661309394891432 0.8251006608447716 0.7936707240180532 0.8082670202653941 0.8243698358968427 0.8231793931488586 0.8203497755353025 0.8142612406131283 0.7875733860063024 0.7703686480739989 0.8120577129369505 0.8000018517669946 0.8193916218818703 0.8033296178818322 0.8327009831651004 0.8904370208708796 0.8846120160156921 0.9303562742349488 0.9273449595710457 0.9068479213242209 0.8698338274916552 0.8870443140152526 0.8667048855469663 0.8501287595204877 0.8719482110391723 0.8898301414866072 0.8712170993482307 0.8915322667740245 0.9007931972484101 0.9319231114884783 0.9112549354795928
0.5567743101897227 0.5776516010552861 0.6113032679348566 0.6601558476754514 0.6681025774758055 0.661920498468802 0.6850781773364099 0.6887399015403449 0.7145389774752667 0.7581086553291304 0.7667972446174462 0.7703580536237468 0.7988288085949553 0.7918035159968767 0.802078277259093 0.8141226305253982 0.842028311879003 0.8497267276222168 0.8380810643827431 0.8206883604040902 0.828001200738975 0.7986482934191336 0.8319386587106775 0.833250115141325 0.8462586599571238 0.8094592470590337 0.8323408399012934 0.8909439154641035 0.9144277432855942 0.9158471032628733 0.8998603707546603 0.8919714728860787 0.869873836540171 0.8775769492888206 0.8652794378998522 0.8499135804756908 0.8618986729559186 0.8984541305068431 0.8878864610372108 0.9115972914078072 0.9299994395320654 0.9066223572814704 0.8955338751762084
0.5854852607646236 0.62081834928191 0.6231041782829937 0.6520264564587972 0.6624945009448442 0.6583475620557888 0.6612328796384702 0.6538107856986479 0.685277235960266 0.7498943154957385 0.7771938389048805 0.7698533856714918 0.7712221405030715 0.7999444205632652 0.8217672637212186 0.830491326225512 0.8401665908599136 0.8535822448684991 0.8657349211510328 0.8169300860005931 0.8183927694871922 0.8454973255229681 0.8473649185350379 0.8692335385335652 0.8438716018731801 0.837895880123292 0.847974066021561 0.8741027417849413 0.9070860474518123 0.9180759436675732 0.909220915376276 0.8645753956644209 0.852910796271733 0.8567497934019037 0.8600919676908257 0.8684476396440665 0.8678127554643796 0.8842062833407544 0.9170069734851654 0.9259466824928797 0.9411168463939527 0.9409195500354723 0.8958502030809443
0.5757568593299416 0.6202619569391296 0.6362587534353468 0.6232579265130729 0.6310076342792613 0.6298524844108462 0.6457636131155577 0.6424275651229332 0.680456879822346 0.7056995968947207 0.7564991070602722 0.7541700785011397 0.7778438706121243 0.8332587947717338 0.8391276045164432 0.8334079553339545 0.8528624769686999 0.8487310241068712 0.8701717011131656 0.865204756333947 0.8621402281092811 0.8840248900600526 0.9128990861924575 0.9090903283524372 0.9088007977250395 0.9049291621474329 0.9093326165858315 0.9017597494902586 0.9191985782856935 0.9084548948309327 0.8922750738604095 0.8694044891854477 0.8444362967341766 0.8499951825396528 0.8477401855496834 0.8538482626051308 0.8994919925287582 0.9171963900620425 0.9120463848932275 0.9113046750865245 0.9454375259420088 0.9220553116441974 0.8861072431669685
0.5840074116989191 0.6062776294735751 0.6025840439605413 0.6289614498539827 0.620070817531022 0.5886790815400623 0.6242605104524366 0.6577303992411971 0.6678348709305354 0.7184804269876293 0.7448568614300232 0.7535302564177839 0.7916860139728699 0.8545941655679107 0.8819962646208519 0.885957455803107 0.8769599249073723 0.8747221053796818 0.868957260910646 0.8513893923371464 0.9114011585139983 0.9327839751423026 0.9194049215341005 0.958228445927657 0.9569885900121115 0.9325789786574772 0.9317678474833588 0.9227899113534179 0.8966857963332885 0.8796567341089153 0.8603877755016694 0.8338436945747397 0.8639743948670483 0.8576025410330929 0.8343484198704414 0.8587757597712946 0.8811121319306828 0.908337401714912 0.9001484099972473 0.9323430194950232 0.909513538608591 0.9105508931554263 0.8690233423711642
0.6036906561476161 0.6273911365191815 0.6254843146640298 0.6230021744903586 0.633506288636068 0.5945271211785451 0.627533994431354 0.6443349324828104 0.6987829222432317 0.7007817042951555 0.7460679095644339 0.7461020671955254 0.7964862069564289 0.851960744516768 0.8682905344056445 0.895704096375199 0.8833885803956023 0.8825405327474841 0.8775725762091292 0.8761170613794976 0.9107057131759 0.9501553758526681 0.956456039029273 0.9341245797194889 0.957125759301976 0.9677867374786671 0.9508112916911301 0.9170554585309271 0.9302461412118143 0.9022383020770189 0.8715931099593143 0.8704618815622045 0.8407540900604663 0.8664149115240133 0.8588095780465479 0.8799790560492383 0.886400810419385 0.9027419850442178 0.8843951592332507 0.9072636594292304 0.8793633396360936 0.9115256672559785 0.9008460167754246
0.5785875855376132 0.6282776117298476 0.6371619682147783 0.6294634649251281 0.6438520782700143 0.6091481343252967 0.6088254633268811 0.6261020960038685 0.6821893829305746 0.7085367839108706 0.7567174940042861 0.774846788664839 0.8129503689648534 0.8389464395425504 0.8506786523464342 0.8659108265081852 0.8683268167055493 0.8639825281927918 0.8938751817865258 0.9158488247430067 0.9278777751485643 0.9708230736977237 0.9531055158169569 0.9525184454335961 0.9724629982470884 0.9499753127857846 0.9156405098467943 0.9260115209882593 0.9345856487929981 0.9077285841376492 0.9054987228974568 0.881228579475167 0.8539395636834167 0.8676650675995934 0.8449825523994693 0.8776191680913193 0.8994323948635918 0.8980948188158706 0.8725139863250954 0.8561553510375662 0.884017433505709 0.8836172297208056 0.8674780190370412
0.6056476628363586 0.6291289839192995 0.6107405080476842 0.6077206799989211 0.6317952237721248 0.5990387029499697 0.6358588220667398 0.6271151413341916 0.6425583206621235 0.6831002900372748 0.7233383450664791 0.7640972119829627 0.7621352726558882 0.8078133630507219 0.8311512812555374 0.856780531556401 0.8557769249106125 0.8703256085551397 0.9221803696826385 0.9245796318852872 0.9438028931925367 0.9442061967471244 0.9426843048161313 0.9523956005554863 0.9522111793168448 0.9519957884678447 0.9205921796440967 0.9152631636429325 0.9347124453228689 0.915438986561176 0.9185380257616816 0.8815926685131532 0.8652282778317658 0.8657235576928531 0.8496383438434097 0.8542782930141384 0.8727562352385595 0.8564573311953323 0.8761152939487273 0.8799948723462645 0.8595812359074909 0.8482752184249137 0.8407918983238346
0.6278957668050299 0.6426967317595574 0.6079425898362353 0.6146569754694649 0.6367241296390294 0.6019576939670418 0.6182006157379435 0.6386163337285906 0.6711686597090624 0.6771574793630849 0.7093517418895052 0.7158054096485182 0.769863935169864 0.7836319268838464 0.8415009805908711 0.8578303628433919 0.9037069845295902 0.9228715400941134 0.9307140628847249 0.9213466703533981 0.9379864381182197 0.9526812882885611 0.9457303060743502 0.9486859045111179 0.9524680766450702 0.9090167549642214 0.9229051231878821 0.8813300904949969 0.9336626950921244 0.9466772416341735 0.9015243508866284 0.8983588082108832 0.8637244212860128 0.8711214010528355 0.833306908921911 0.8180342018516877 0.8141600341511055 0.8243779976374286 0.8332133835437179 0.8490061448064359 0.8453075179230426 0.8531365669666531 0.8248665861084888
0.6213632729541548 0.6445143124326281 0.6258368451342964 0.6188531587646537 0.6422104096615944 0.6309369967971701 0.6312420340866965 0.6373595089843247 0.6835919453796925 0.7028036489194228 0.692542942714619 0.7494831081175841 0.7656097729892247 0.8012612839140563 0.847245335749086 0.8769254790313386 0.9216482303057574 0.9385841566318188 0.8990844051514174 0.9145543235546171 0.9180713485805777 0.9278462746413068 0.939617214160352 0.9139131199255406 0.9318189936539202 0.918964590827687 0.9138047659117479 0.8823782493182626 0.8903399894679095 0.9101436764320809 0.9129344318101502 0.8760301021948602 0.8864843066392332 0.8592793960007833 0.8258066239091446 0.814039209410619 0.800333223280132 0.8273073719441233 0.8196281269358365 0.8284454173273924 0.8399581756375221 0.8481117383896221 0.8118818650196459
0.5806229280163431 0.6002581056129281 0.6217730946441434 0.6305448944432539 0.6469083397345445 0.6378221650892468 0.6400634251989763 0.666048253512642 0.6849171616548291 0.7154262246966041 0.7475839566982948 0.7481694736463084 0.8161777450970825 0.8532372062638021 0.8736875606354749 0.9007946117334049 0.9047131499140919 0.9310054062274192 0.8975270164970138 0.9083938459499035 0.9029621416546209 0.8989002592304929 0.9055374291817936 0.9141941080593626 0.9148818618490351 0.9423948132890584 0.8951558700898975 0.8763327577906297 0.8745981278304644 0.8958420402066867 0.8969057705899216 0.8836446952741207 0.8697361568470747 0.8531188492124772 0.8377624031554819 0.7876560344779452 0.7614821176555572 0.7754009185497597 0.8208920995411586 0.8369545064231878 0.8242263242083137 0.8238392743154812 0.8050205468666651
0.5961313866861948 0.6314457885739652 0.6405190345885065 0.6586485012475212 0.6748886563036728 0.6560581182336099 0.6833621279641916 0.7111082496810353 0.7206384096080275 0.7317652422353865 0.7708860295005646 0.8023915092812431 0.8333857092554171 0.8777850034577209 0.8756353224988827 0.9209804324908821 0.9242892608867089 0.9178877798592197 0.9403810861978182 0.9248863774176924 0.9216722858265127 0.9034120179590758 0.8842642627687215 0.9135726977963718 0.9017028302112143 0.9385123218337845 0.8999864445162183 0.881539139814385 0.8707533012666675 0.8520574187706027 0.8764655550432913 0.843781411870342 0.8690611857784263 0.847175234775037 0.8233065733448542 0.7655306070038891 0.7592087093357673 0.7706371463618832 0.7672987366051377 0.7969970924551101 0.8155087666256601 0.8317072039214845 0.8076049471403581
0.6099364426976777 0.6452860413238498 0.6592302200153756 0.6863109973708463 0.6869265370135269 0.6865268983642407 0.7207555817965569 0.7136989157890238 0.7239440599812383 0.7638898518296608 0.7939236115581294 0.7813981861009707 0.8415626867212433 0.9123446511605525 0.9024345020352018 0.9031572525718262 0.9165900871100943 0.9249500709575564 0.9155921762638977 0.9233264207887927 0.9215894010318936 0.8905008144428053 0.8920649220894652 0.8946461125661325 0.9168578935018619 0.9272994653877258 0.9205373406305247 0.8753865370079438 0.8807774104320706 0.8530191700925281 0.8410666893040201 0.8332500105193074 0.8187283061753169 0.8300957327219112 0.7858395502962 0.765532758285016 0.7777287379862116 0.7479126648739595 0.7754093722153385 0.7879955784412785 0.78813226567846 0.819924344152181 0.8065721171462394
0.6292025432609049 0.6163389718716961 0.6467040318680207 0.6829609348058504 0.691332311181806 0.7183948487902426 0.7201710698472166 0.7494461293189274 0.7500464479364173 0.7816266089442687 0.7869261772387414 0.8098096470060808 0.8787055868666024 0.9005547875104836 0.9126727726492098 0.9168139542732249 0.9099583159830225 0.9095666905065132 0.9347768084417977 0.9179722200728101 0.9362819107986525 0.9243572669578765 0.898114373000162 0.9316632687780056 0.9216784802321637 0.8987556685451356 0.8985130076596375 0.8748041650929883 0.8926825200916007 0.857583521124884 0.8679077206547766 0.8348075949024455 0.8108394793641469 0.7935593868844688 0.811035048056428 0.7627648727659319 0.772134225048363 0.7475824290336018 0.7509071953027662 0.7688773629315306 0.8117077675056241 0.7935176239071869 0.8104049212115363
0.6284121473463032 0.6086865678453133 0.609448263624525 0.6405429909236782 0.6930691385181792 0.6859856388540332 0.6932454904070838 0.7452245025764941 0.7504274068323112 0.7746443250584997 0.7867605830269851 0.8468236296325665 0.9098324826483036 0.9523577904443546 0.951039154364771 0.9586065953346412 0.9141529199810282 0.9366829191270672 0.9241335391673644 0.9296735569029352 0.9181798599322666 0.9515363161474826 0.9176033675675643 0.9274597012369159 0.9203535543894549 0.886604837448974 0.8754022784573962 0.8818163302312008 0.8705223571082094 0.8800561524636267 0.848088788063034 0.8326572010556079 0.8180973931523461 0.7952011097719199 0.7910357331150102 0.781538852001735 0.7631058140523665 0.7615613828974266 0.7598000435851741 0.7953320070901386 0.8025039621871346 0.8005863492129679 0.7504045711651588
0.6346612721264872 0.6124562574177373 0.6299751638895893 0.6639123531381238 0.6873018836660489 0.6948602709499772 0.7029648435260129 0.7585809022659921 0.7793849157234201 0.7733245675749285 0.8253246775354918 0.8554833311033336 0.9166446486260356 0.9620011257386916 0.9491601946324207 0.9331481851533586 0.9288683334474801 0.9247235234207656 0.9529356010226063 0.9624554609340982 0.9372330042150653 0.9272022988905754 0.9320714754239674 0.9031563659718507 0.8863408084971554 0.8774418990503734 0.880441734506583 0.8518438265709983 0.8457970293108344 0.8610227374790365 0.8457750171532018 0.8358760356654504 0.8118936822329127 0.781697288662167 0.7883356867336495 0.7626312433125072 0.762235237289561 0.7522835362495215 0.7487780946502299 0.764354279670825 0.765488721845212 0.7440800543506859 0.7333804687518692
