Raster_benchmarking/DGGS/continuous/raster-172.asc
NCOLS 100
NROWS 100
XLLCORNER 1743152.534660058
YLLCORNER 5469281.6092779795
CELLSIZE 10
NODATA_VALUE -9999
[rows 19 to 37 of 100, columns 43 to 85 of 100]
0.39747578742863476 0.44148228386631305 0.42055231551551525 0.4119372961001375 0.3854947228538547 0.35715461160020545 0.3002950806483478 0.2825999564583955 0.29217093697524776 0.33718517007850407 0.3100799006974682 0.28631628835884954 0.2995508833855448 0.31247087218087755 0.34600171753167464 0.30736975447119813 0.3445279454529854 0.3666779605437443 0.3922940665927204 0.3690166191394524 0.3774256839813396 0.387244866629601 0.3823146019648051 0.38063552984868454 0.36019403312718784 0.2718912390002159 0.2965465290816881 0.25653156828115714 0.25935020815501014 0.31370418013741036 0.3405080878898133 0.32710212544696876 0.2899161861882318 0.3136840351592544 0.3441333377383515 0.3555304252701202 0.3876668128350254 0.45370478947809206 0.47153847008849925 0.5251616291321464 0.5293813324279546 0.6115836136045614 0.6456897551093123
0.4038446285951217 0.46016666876939033 0.4567434223301707 0.4417949599243712 0.40136735038334026 0.40125218814177965 0.3548258863920418 0.33689411675737657 0.3067344163052639 0.33553573900654526 0.3393178104178607 0.33823112404292793 0.29861061591214677 0.30381289379327875 0.31113253395696605 0.3084371687956535 0.31323078325424325 0.3278626941231789 0.3595557048940181 0.3711381210746272 0.39543796973792167 0.3560915330942852 0.330033150096003 0.30813389763765264 0.3480911861907263 0.2707578445583069 0.2577891759386749 0.28381588819152687 0.31110082556430824 0.3387008567668404 0.3212386145933954 0.3107366427203542 0.2878353041536502 0.3134937276135066 0.3073331393676536 0.36522686321008035 0.35691337111452937 0.40666200888858595 0.44870878122428703 0.45416962479698153 0.510658211061506 0.5994708732973841 0.6376803999501655
0.42422914955057406 0.41674171976982366 0.45512066609291385 0.4535378196500101 0.43196456504145814 0.3790922438849916 0.3654819502418572 0.27816233279062874 0.3195927362617655 0.34152308223294764 0.34337359121906563 0.3405909904970972 0.3119815685562252 0.30305957262276706 0.3006387951733428 0.29246436914369556 0.3307649220115512 0.33706579055400127 0.362584958262619 0.3820604091671374 0.34586596510076445 0.35648752377008824 0.30660697685007826 0.2939401590780305 0.33316959637584714 0.3241524195751178 0.2949488289779687 0.28522830560883217 0.29481603281180235 0.3141217733451007 0.30255164631690096 0.2416577410333355 0.2651898528652198 0.32549334595939095 0.32271680824419574 0.3312326703287575 0.34420641653230827 0.37201377928843193 0.39521593768033775 0.4284373816821983 0.4900432275308452 0.5841803140046757 0.6314316313980114
0.4277367363783412 0.4479811302482351 0.43675846888561526 0.3956182751393454 0.37980571502633453 0.32225517013609356 0.323054692680734 0.3295598815364316 0.34205382154138786 0.3487619011355537 0.3480268862282752 0.3460186882480967 0.2934111498927549 0.27626854760877545 0.32251662435390027 0.2947366054378818 0.2910083890436326 0.3433343834416625 0.33491723839982035 0.3407337248081384 0.3358979034579473 0.3034047025035825 0.3036537170583152 0.2872339942517214 0.28739825137077385 0.26934727497833877 0.2807370614970922 0.27717747874096627 0.2929483105041301 0.26262868561148717 0.270797759522796 0.26366720631167234 0.2981792090716419 0.2888158968939487 0.29123302763695325 0.33079508621955145 0.3119993585973387 0.3772683658072042 0.3569619191016653 0.4080809771251083 0.4689658545341328 0.5254527744555002 0.6052411908549276
0.4770982814265277 0.4831305022735917 0.431322919199642 0.37735025536666594 0.37623796018828304 0.32500018369075795 0.33602711927408696 0.33633486561607107 0.3106913306014258 0.2937045562663026 0.3400798046308958 0.3271439084971147 0.2799063660423973 0.2637041804263871 0.31609456401210856 0.3253912899137204 0.3265456830069181 0.3352259908632705 0.32692139232008155 0.3501724068543026 0.33620357574263515 0.3411585645024687 0.29201990571380787 0.3137340748468558 0.31441189136329895 0.2585469207914211 0.26386906939216137 0.3106367382816477 0.25817170601714107 0.2590400545853816 0.29151820726364325 0.2848053988538406 0.2826245929870252 0.2790773314857027 0.3174163798929929 0.31406724838910327 0.339706290461343 0.34246246144406467 0.3760737286453663 0.3827640259689037 0.44665722067203384 0.506070541425465 0.5946990192779384
0.5002567788623561 0.45837691854540275 0.3933099708711025 0.3836568360196953 0.3297347528954281 0.34439112519061027 0.31332674443056496 0.2843480106014658 0.276137823888158 0.2731663119096814 0.29740089666513964 0.2886917266962862 0.23152167119826175 0.2578063214257628 0.2881514161901328 0.3041035197845902 0.3067672761117313 0.34111707468136926 0.33380488012188764 0.30277307492981553 0.3364649141369381 0.3306478238204913 0.29355028799309846 0.2863854983641591 0.30028478217468363 0.2704890867263855 0.25451055866416866 0.29024192433410206 0.2352428561572783 0.24352299827812296 0.27005019397735863 0.26817363899305896 0.29205327440157436 0.2933936832184454 0.2973139242733749 0.2811682824069528 0.3080905383749003 0.3539158090704174 0.4014127917625591 0.40259865083441976 0.48135138533394495 0.49203023548092134 0.5743028722403487
0.46150227256919896 0.45325462734197003 0.3790676527974391 0.37856254855699245 0.3217417332801988 0.2995043514019714 0.2967022941951577 0.2829933295780584 0.28966152392143607 0.26396344706939984 0.24499512228301237 0.2039758077987254 0.22000436706476478 0.24018134461556384 0.2634245461525389 0.2939132782971293 0.29266947746701744 0.27329816904111853 0.29239744138754675 0.29556390714699016 0.3018571269051353 0.33133713146854626 0.2971040925872121 0.30520676139869196 0.2987283354471604 0.26360408730589363 0.22343648256782717 0.27552975717144496 0.257466064072747 0.1967165341175542 0.2455508215528967 0.21339085691249438 0.2897703830273167 0.27679033688399635 0.3052040973800239 0.31092669109151966 0.3613674850221458 0.3831760760559882 0.4372589737578652 0.46522000435064076 0.45324906524987696 0.508840981850891 0.5560373534285064
0.431466645463449 0.38241715045094493 0.4005297553777847 0.3837134445145472 0.36522116454637293 0.3290572516663113 0.3056503880230154 0.26534762589892097 0.2879055529689031 0.2605655567577541 0.2024495592066993 0.1883012904594032 0.2462247401913159 0.2779611720546702 0.24686243559873902 0.2848251300921666 0.2743778285819998 0.2579934900194238 0.25849993028749463 0.2782711618538665 0.30226944059681704 0.3188543770676734 0.31533045784463176 0.27685459768155674 0.24494974296380786 0.22867543111569003 0.21597444451509315 0.21353637305776133 0.2000813526612708 0.2298229286509789 0.2207940936504117 0.21513955513605396 0.2679971274579014 0.27570078932827063 0.279394283054764 0.31832163620888904 0.33000686651108907 0.40837475573708804 0.42816726647538367 0.43257919030612846 0.4393677990905597 0.49732765705768944 0.5225123607214971
0.3887738343666416 0.3472862159295257 0.3569936320279409 0.3731047344271995 0.34413304540832185 0.3589476734804995 0.3241331529791093 0.2638058132909942 0.29442329476767765 0.2466703541484957 0.1936959183869059 0.20033684611385236 0.22341899558616019 0.25239687173288233 0.2434052590861291 0.2772290501876439 0.23502870376577167 0.2607110568599 0.24563956858727887 0.29984063728408566 0.2728190964851688 0.24918332600698861 0.23929226020981967 0.278769136354002 0.25752895251668967 0.24887495434620222 0.20147943708687316 0.1878296130135929 0.22026576126465525 0.22515483381134835 0.2225560563579236 0.28128203014701336 0.32715868130640313 0.3025252553688835 0.28674874922692345 0.2639238812656911 0.3220793895856711 0.3823185553174486 0.3629315808931156 0.40090080841397213 0.42749773113723105 0.4788152192314693 0.5187830737422243
0.41317762651820195 0.3536464443923172 0.3423847523453345 0.3292352594375049 0.3009241199025991 0.3159393262453583 0.3131811047424117 0.28595737752846223 0.2759245095798317 0.2814129512388685 0.20875581808808438 0.23815544916831696 0.23155118761778104 0.23531152222496712 0.22443892449583255 0.21795134041219846 0.24272149119869904 0.2829595358934079 0.2676894333741688 0.24676207603859363 0.27136526116336346 0.24869207026479573 0.2289255940746534 0.27920751321590626 0.2372697074709356 0.2315580073974416 0.2451593406909523 0.18435763032363617 0.21173629901366414 0.24655713634866255 0.26113613986333306 0.2969985519905561 0.3310659822470143 0.3296972113362071 0.29466736226162105 0.24800165034088495 0.3178656019796893 0.34348390245545596 0.34478669359627245 0.37913529162806847 0.4354433792659048 0.4899577710746798 0.4962015800172051
0.40384648123833516 0.39544490348539985 0.33586799551226804 0.23300991231097978 0.2578188927213493 0.29049556014019057 0.34724011837844965 0.3333010741972463 0.2802522417758136 0.28543250958033844 0.2598439172574807 0.2099999813821156 0.2394264545591439 0.2288171648904042 0.21114853099079864 0.2164575965989041 0.2447686191499382 0.2621097458948496 0.28202284425090607 0.21361073342740863 0.21359345995972312 0.21005297547705004 0.22347033042966372 0.27066707944405544 0.2215834133385883 0.21305327244265787 0.2328783468383846 0.20925550106839927 0.19598533106684654 0.20164382154751104 0.2238400253093089 0.28779509217147814 0.29880544892711225 0.3313865329451088 0.30748014614987174 0.23334660633647086 0.31729995120556187 0.32154411096651436 0.3191316411702612 0.35708867653997456 0.4326569705143176 0.4474566643278721 0.4416042833342064
0.4148086358814155 0.4002447818663974 0.29368705822900676 0.28004920745216166 0.2802521313265972 0.3076544021878565 0.3389758911132751 0.3319071054735328 0.2986205949681283 0.30363318326806926 0.26250296053523 0.1888547150413232 0.18032684610675526 0.17086323505130932 0.17379960838570596 0.20638714086680068 0.2076403944839665 0.26521604325820713 0.2721874861407391 0.2331348672759939 0.2362165330668418 0.23206095380469563 0.2168821928594548 0.23380467519601053 0.2443118747757228 0.2795578182009906 0.25159833780079943 0.26249937140582164 0.23661104503815977 0.23578288034898148 0.23909274494687408 0.27143396833550626 0.29090137265385585 0.298775588832257 0.27441744163857346 0.2849376697938232 0.282402963119957 0.29317173770953375 0.3479642804369928 0.3824667365697804 0.3989604973221514 0.39968406656273686 0.44449535705096227
0.3684224540819622 0.37552182332814704 0.31825063266635883 0.2533236993666883 0.2610355728974734 0.3158093097110585 0.2953076414742075 0.3370112885895328 0.31251761952558216 0.2782493470495827 0.19408130708776059 0.16679801724050397 0.15171746585006338 0.1996466943750468 0.17561079872536414 0.1727319876604418 0.21039395626588206 0.2378523805547665 0.26724321171037363 0.2639056011457663 0.2473302027461976 0.1978274740016267 0.19784609695310407 0.21866180822703488 0.236360522303503 0.2857812526256915 0.2757171897549194 0.24122143547304828 0.2190532602715673 0.27220610985913046 0.28675411963402214 0.29374466231741264 0.31248198753440415 0.2973220617859348 0.26384471923494013 0.2417717078812397 0.27439255850523286 0.3091036115841499 0.3581856629874129 0.36420925283459543 0.38170039767822067 0.4003550029377285 0.43141589608270414
0.36841239051967095 0.37148361811777825 0.32048140591352575 0.2827041632944755 0.2826713570597838 0.3012493770823733 0.27036784670095315 0.25421000021119344 0.27654063488621644 0.19429072753409532 0.16943347232024616 0.1358666214669222 0.15157571193426236 0.15993350543055027 0.18608141197834938 0.21420456887882353 0.22316126953518228 0.2256445785365016 0.23808662741634365 0.2604403999935255 0.24594500577565898 0.2655237536933296 0.21749692086008846 0.19296187719166133 0.2221294187726654 0.24798205629603268 0.25135207053483377 0.24149384011310118 0.2366291482735332 0.23337817697544141 0.238122728251288 0.2645532826212651 0.28333976469303085 0.2914811961250343 0.2530338952264769 0.25644710625790523 0.312941162358318 0.30185034430821245 0.32859198488043806 0.3588836994554325 0.3714453509289076 0.42231337568433314 0.4210596730012824
0.3680267581081859 0.298297662213801 0.26214875325850134 0.23382822754982807 0.28034673066137716 0.2605789111330431 0.23719587564183625 0.2559918832326256 0.2126156891213433 0.1748662797111469 0.14754119167176616 0.1600837150766092 0.129428175677728 0.13982882802451113 0.15723707000432913 0.1574049226311476 0.1656600828110812 0.20796049874266906 0.2640742800427404 0.27430296682430494 0.2630267909443522 0.28572605939349094 0.27715806695619033 0.20753186780145352 0.18713547489616839 0.20093041083448482 0.2138595138560838 0.2579416669255538 0.2486544689868511 0.22795278665883753 0.2397018519466571 0.22862801819171072 0.2402104481169108 0.2334316273050227 0.28021460378542606 0.3079448741384081 0.3320001400869601 0.35585249071276204 0.33684231423979993 0.34431422136642226 0.36701411383133786 0.37098266162228 0.4317803814480131
0.32158317157534033 0.2593904445854172 0.2352890636914317 0.21213200974535795 0.2249169145918231 0.22890229697741715 0.268912819013217 0.2633958116292827 0.19175849575034007 0.20701306782517195 0.16658334781853645 0.135269116804879 0.15732564136695815 0.13209035869313374 0.16810312920156625 0.15766287918578278 0.19230018458950196 0.22044124165455176 0.22410207316981998 0.23704763484403066 0.2662276575138513 0.2642650187635591 0.2907486809571783 0.28315437517770065 0.23601114562073186 0.240297713780598 0.21545936562980247 0.20988909481693635 0.25575389852270064 0.23965285341086873 0.2306200511950169 0.23164583936325522 0.20670683661403125 0.2657174066291901 0.27290320568407145 0.29435930900773716 0.3456767778379529 0.339372153914317 0.33683475060795903 0.36797793848544136 0.3828494510826119 0.4196845276051578 0.4362854061625403
0.2794177681478243 0.25642048875340745 0.2958547631648037 0.263256904807783 0.22317353793382397 0.24611501099423072 0.25124563524103394 0.2265172375098374 0.20771594843479727 0.17470078583665863 0.13673918344610198 0.08779881143661868 0.09182198499149131 0.11788671066338313 0.15682160443614546 0.18261535565616288 0.208953335039077 0.1958830769287287 0.19836729758874896 0.2823194846589398 0.28572525330907145 0.26688074262985995 0.2503391915063945 0.27952178490852175 0.23683067692252932 0.25640891032921936 0.21744824166348156 0.19589062062637091 0.2498363833291812 0.21498416947127694 0.22981188838333022 0.19081700373726188 0.25812956402413934 0.28424977944491125 0.28585630035043785 0.2905686482835395 0.34410388062290365 0.3678804497886713 0.385062696923328 0.3596845980467798 0.38190581421244246 0.3970885740462391 0.40399738385967143
0.27988013419383573 0.28583455449331985 0.31011895520343097 0.2632797384314667 0.2663241743007201 0.21792933679377804 0.20692529810783752 0.19712859540040678 0.14237197182208194 0.12097839766045634 0.10508620267518289 0.05162374592644359 0.07026533725817756 0.10011954211672312 0.15018330714742184 0.15948690755018638 0.17226485935948643 0.17197056439781266 0.20660245814174832 0.240934882991236 0.209175742070126 0.2436819092897204 0.27574903943515294 0.24287292195917526 0.26114791294275136 0.25045987086732807 0.20950685879603376 0.1842269049385768 0.2289065602203371 0.2434608277710877 0.21802578052701288 0.21281050733351303 0.269090490138071 0.2870110746535782 0.2868389450398625 0.28096208012874774 0.3356569605425028 0.3706663316003598 0.35864950515841415 0.3964168099245718 0.431421991525645 0.4187026218730651 0.4196924716008875
0.2843322123374822 0.30220885589270935 0.2958203259157583 0.29673686568352886 0.2755734252112498 0.23364328509575466 0.1748100194312903 0.14657859651411892 0.16403142112337016 0.12021012733423977 0.0822055242801863 0.03311752705852182 0.039461909913336264 0.0669334452402263 0.1191014039034048 0.16549544153540524 0.1769820544775751 0.19771324163800003 0.18394898186830458 0.1829192991436347 0.20308353760324768 0.1923160302720532 0.2352923446597866 0.24983567409839194 0.21841191270942983 0.24140974945722543 0.23391023218631662 0.20664902940976979 0.22741006671936348 0.20934575676928047 0.23194025693921058 0.19610343936294417 0.24558911678279696 0.29561842885077105 0.2589765774657471 0.28362657048739287 0.3086050921119792 0.34606555406448314 0.35592114893940524 0.4434713934782642 0.4472609100588535 0.4198734337644875 0.41150011393847397
