Raster_benchmarking/DGGS/continuous/raster-301.asc
NCOLS 100
NROWS 100
XLLCORNER 1743164.4341449938
YLLCORNER 5469286.381582434
CELLSIZE 10
NODATA_VALUE -9999
[rows 0 to 18 of 100, columns 0 to 42 of 100]
0.6206123318029597 0.6305142201035474 0.5995491991145627 0.6179926789328722 0.5725128237693244 0.5613692752426821 0.5776534828952755 0.5847385416877203 0.575588935135418 0.5947170128936065 0.5845959985256105 0.5749984081432334 0.6005844712788039 0.5919984659801845 0.5890139593161818 0.6222878474683292 0.6040614919831641 0.6362862133055185 0.5995907176015002 0.6330662714108926 0.6684669325334162 0.7099094208464543 0.7228301612109138 0.7389370742051427 0.7603946495231876 0.8002607011620688 0.8122079104722162 0.8076489984376399 0.8111459481188428 0.8203102407248306 0.819032458707014 0.8073069589883455 0.7866165780184295 0.8060819419610981 0.8044793738685626 0.8010590263246093 0.8264051241496627 0.8132893570874653 0.835569960254914 0.8464636700393711 0.8519567900991076 0.857223993539323 0.9108343833525833
0.6363147994057766 0.6333474680729325 0.6088642243009047 0.6170586819089436 0.5800496600674061 0.5791646336530092 0.5884122979156947 0.5738878983788973 0.5973387076014792 0.582192377676445 0.5824259798250316 0.5635665309559725 0.5619944353549401 0.561258972541487 0.5825226668152611 0.6253323872157204 0.6328262825753395 0.6094505714752154 0.5944007171548574 0.6049787284898385 0.6447116936507857 0.6807748931940368 0.7342298267951545 0.7345603444692806 0.7612214086197526 0.7895118911568666 0.8218873797480188 0.7963394253015936 0.8371229898396172 0.8151732134301616 0.8099503806742925 0.8039384567348293 0.8243004522968564 0.7981165515960424 0.7862811457640996 0.7986118629083373 0.7989640994500794 0.8349372359484161 0.8769232834119635 0.8577763962287945 0.833907270628196 0.8616706929115262 0.9025583878310565
0.6028208150530778 0.6414542286583482 0.6335604779503802 0.607835705286535 0.5988044729334293 0.5895559861147422 0.5677472663006936 0.5599511942755853 0.5859979978509072 0.578705690316463 0.5911430487068671 0.5854812473139374 0.5926618759173883 0.5822286761007215 0.5871845806570538 0.5962690547843309 0.5957179296318041 0.6132175897045187 0.5959034502380118 0.6145033433536561 0.6476056886048912 0.6627069818165325 0.6743089927472345 0.7176166902990753 0.7229667716212347 0.7425546756991569 0.7835455432959341 0.7870984497143451 0.811664932109227 0.7845250223501407 0.8199088838034934 0.8087444009312146 0.8248801825728397 0.8052806583399207 0.823071254260738 0.8227144460118843 0.8385347443988935 0.8622200583093697 0.8496807131490437 0.8521095049741453 0.8758099910828577 0.9016533564419006 0.8946462211404185
0.6141431738960645 0.6159210910066648 0.6231239662532928 0.6316694716597494 0.6315303126609096 0.5727226795274762 0.5486472319356756 0.573208537397444 0.5783649210529028 0.5837895184152327 0.5830510458032603 0.5668168165999078 0.5484067663471464 0.5505431784857804 0.5841902873710363 0.5917795159386809 0.5960420920326469 0.5711410059196105 0.586415133479432 0.6134525525720165 0.6365112571346007 0.6357579225237753 0.6526223028338558 0.7012389312723253 0.7015533694581196 0.7398676999259626 0.7426614817177909 0.7597118850484813 0.7475501589321565 0.7765856077927616 0.8168953606571986 0.8218017855633407 0.8060104868373943 0.8061335857408707 0.7858243739285351 0.8125567995704718 0.8564068096506062 0.8557216107983152 0.8834994981433507 0.8783485116123816 0.872849395648953 0.9056508607208915 0.9320959688539616
0.608899509346803 0.6500364410600683 0.6215485909611501 0.6221803899823054 0.6227668921021904 0.5838524761148423 0.5631155004945708 0.5717107554343478 0.5957007309936591 0.5873354341132354 0.5589529124090465 0.5674905304034118 0.5367576972206874 0.5308017369090251 0.5413392445331902 0.5730629361874636 0.5624301555969475 0.5602172440712904 0.5852563218718944 0.6018257433521325 0.6424986783635815 0.6301357490294593 0.6521233172457072 0.6893497889550576 0.6919954084229268 0.714625890730157 0.7130078280670757 0.6969000340559328 0.7346758409188562 0.7859649314045823 0.8283947430858342 0.8277392334317197 0.8317885992367804 0.8241277069797568 0.8347879381627931 0.8397477262625278 0.8549307376272672 0.8345581229541225 0.8637622836289454 0.8540430387686876 0.8519327887945054 0.8822796497861409 0.9145018184902188
0.6250735278801806 0.6281036776479892 0.6665492937014709 0.6124547810994992 0.6052506002376766 0.5723491625182412 0.5143213845016076 0.5237507579828246 0.5543481489079288 0.5702001282575361 0.5580243709133953 0.539022975916013 0.5342446209731188 0.5483551609848962 0.5338196195947896 0.542546720276634 0.5757518000250463 0.5621803934412593 0.576095231314661 0.5971019448228013 0.6292620378643735 0.629668494475551 0.6750339858898106 0.6587491309239015 0.6765145809211697 0.7015155601889649 0.6701667781343372 0.6899260743296437 0.6982114203348743 0.7380485174280275 0.8060747348770523 0.8390016949295027 0.8297823093114326 0.8249685479640373 0.8294222793557018 0.8109420037801167 0.8322949482510612 0.8319685476592527 0.8055594070281201 0.8092692916761242 0.8381550723479211 0.8695855981188325 0.8899148734273727
0.6011940148668204 0.6280812896461989 0.6144686377807304 0.6184764262957133 0.6138270362555505 0.5558338706078587 0.5622941822630457 0.5387204940459824 0.5348852058294454 0.551983630645709 0.5676690344699433 0.5649544381712811 0.5405139639655052 0.5430063824583459 0.5409846529090687 0.568911243265781 0.5550035629995467 0.5731772019418261 0.6174481566609644 0.6091228312396463 0.6554453328672596 0.659550437841776 0.6728537260130192 0.6791436576659357 0.668155943022734 0.6709080052525034 0.6796655504427934 0.6727025235784966 0.6972956651892629 0.7338529295184004 0.7588956053554191 0.8041984354414256 0.7800803417701285 0.788384030715366 0.8131754258332717 0.7916776683001443 0.7916055974946076 0.7784830224716943 0.8044362536707348 0.8249678812250686 0.8666379137706435 0.8737191532937746 0.8871826380807797
0.5985575256323064 0.598731671204462 0.636485927121578 0.6163504623746581 0.593957365273298 0.5586938130239136 0.5821273983984447 0.5688086143333594 0.5428996309264451 0.5693877882237601 0.6035056703073037 0.5886664688593166 0.5829628644445992 0.5831085248234933 0.5467867805551773 0.5937324544074368 0.5890641681386521 0.5944278524814613 0.6350502607044598 0.6607355926278556 0.6605990522264363 0.6543443272533134 0.6627244348931587 0.6503264014457574 0.671123448450148 0.6725584939796333 0.6760511044887842 0.6895030832398429 0.7043027196917125 0.7333678855253695 0.7450676229894351 0.737669043055258 0.7656223136328604 0.760299208787202 0.7749782210242104 0.7739830955451962 0.7864933603826048 0.7927931536436276 0.7735647715424318 0.8175654830362444 0.8406968299565368 0.866176574659512 0.905637497730407
0.5978648009060491 0.6184173882942428 0.6464902200973135 0.6365743273138493 0.6032695518154038 0.586503644082293 0.570608849118722 0.5918369515866984 0.5725363578262934 0.587370876325695 0.6026674183285117 0.5835682402329324 0.5966980499808185 0.6045510218532959 0.5838148750280502 0.6163860150289808 0.6096677203358358 0.614752879863206 0.631237954475897 0.6580588389945707 0.6259899876572945 0.6358921980809975 0.6628406182234761 0.6730965535910245 0.6611845248794089 0.6358564893157315 0.630386118166554 0.6735799811043155 0.6598849571332017 0.6622468108619523 0.6642174445084303 0.6926967368576917 0.6977324456964017 0.7115109703758684 0.7249671876681028 0.7456448288678873 0.7570146395562223 0.7897249424229004 0.8018761062821885 0.8067315611321655 0.8455593276137908 0.8726965184292855 0.8895701632299496
0.5838712837062161 0.6031058969130535 0.6436348993259474 0.6645336860707494 0.658718894548599 0.6156972707529871 0.5756306509219037 0.5799832455353987 0.6042319695368312 0.635061022822823 0.6505509390628225 0.5937908431946582 0.5876454759074822 0.5809563497769236 0.6144011718839394 0.6061729556190557 0.6392171689325062 0.6385449551781344 0.6249320509440425 0.6496102594538422 0.6197821660267394 0.6422706054758709 0.6857689322204342 0.6776683696763514 0.6363255855796535 0.6455481192676799 0.6223488476671145 0.6588497057438845 0.6535642335851488 0.6424604770261894 0.6264915544683398 0.6816160442538747 0.6614554156273864 0.6697806107108175 0.723660781566795 0.7334284323656963 0.7908891576369719 0.7576314634629346 0.7649195094920019 0.8222431770954519 0.8073653302113197 0.8493954187924816 0.8697654605156224
0.617914014245505 0.6410237610884192 0.6869863085455896 0.6886631999721052 0.6637895725995133 0.6587985515510308 0.6368395141173543 0.5995187046286073 0.6052888426239826 0.6161511864331629 0.6273041567496549 0.6235841727832777 0.6335006754803897 0.6043190960450362 0.5987967994399008 0.6291005952217629 0.6272854384914685 0.6390484894429491 0.6132971862789292 0.6214928256958747 0.6458683650009036 0.6572043464503222 0.6548514723525962 0.6659347754651664 0.6317463322249154 0.6080947449225033 0.6425852045524704 0.6612368313493859 0.6759946811818625 0.6502228524037258 0.6479734556194285 0.6584076141395357 0.6514626419735071 0.662162547117468 0.6929296168233275 0.7138028221857737 0.740863566918286 0.767546433960735 0.7748548270370903 0.8206747035427914 0.821363126969402 0.8502045804511985 0.8710570760406999
0.6375679352781524 0.6553229519634215 0.6936056896766156 0.6922230429259318 0.6685305825813019 0.6743812140580892 0.6761864183179004 0.6595479665923921 0.6245486464590616 0.6155162419205704 0.6088831984943853 0.6192220103432611 0.6358585775952019 0.6236148681477003 0.5947141951810013 0.5992485471015986 0.6290146961737516 0.6556563624385259 0.647538997236529 0.6542106871738206 0.6466152387138013 0.6475982688147816 0.6684854849536467 0.6623170056516822 0.6191610871891792 0.6451059817461955 0.6460001754125649 0.6566352134775765 0.6536397824634143 0.6309829241247406 0.6363684549936585 0.6220190574531348 0.6231942041610601 0.6466942517604645 0.6882395454143627 0.7068779231299656 0.7357202300583793 0.7813404172896434 0.7867356292732648 0.8580960299217888 0.8859613560211258 0.8959264040728837 0.8872799755041237
0.6344473068582837 0.6617575308705392 0.679829141089203 0.6564270806450175 0.6671326537994823 0.6688001791567494 0.6870017293473447 0.6857157260991136 0.6724785814650354 0.6510576297175446 0.6181511370219246 0.6359604544523275 0.6484113519322663 0.6076866777905 0.6240146177352569 0.6331041382907501 0.6351957457938756 0.6178530114120148 0.6485366370946836 0.6442412091985504 0.6679594547457226 0.6703319773515165 0.6646305677081571 0.6698122007257012 0.6577744334252379 0.6279439833847206 0.6441368277463775 0.62295858812788 0.6460973603864534 0.6287911173234729 0.6318785286390923 0.610290301003015 0.6335217322764467 0.653308125861809 0.6925955066120516 0.7054359639614179 0.7527425975506425 0.7784021804765645 0.840181859286359 0.8666274270425013 0.8706851524329455 0.9028598602702719 0.940070242605374
0.6642460104765312 0.6570006540647194 0.6863605595584998 0.6435543251357988 0.6591242524477948 0.6876707657031988 0.6832610573741046 0.7015933851504154 0.6927212997949254 0.666911860906946 0.6611372837762032 0.6307187840638503 0.6226235323588447 0.6374249353745961 0.6501714270931069 0.6518902702857059 0.6356075267153284 0.6233016013926514 0.5918500139493788 0.632091025390357 0.6216639327613477 0.6264182207548437 0.6772413551925952 0.6765421656917633 0.6750789479449362 0.6376874434724219 0.6267772430871227 0.6452663976541196 0.6536231714766326 0.6017846215271322 0.5908728911094623 0.5777251139689731 0.5985820953082794 0.6626441033665036 0.6630926537476614 0.722895636917458 0.7791740499687533 0.8309798969994199 0.8888318191067264 0.9059508311421981 0.9169574372833805 0.8997364577569785 0.942308217795016
0.6701810717081003 0.647001391937603 0.6773333989421049 0.6463672270310976 0.64893226136356 0.669724680570096 0.6597628978904954 0.7049033653766341 0.6882077955430839 0.6822993955340443 0.6713656453459533 0.6239860458664174 0.6494433506858974 0.6324467352084995 0.6291695737015938 0.6365810946617925 0.6374434452690182 0.6326331229292401 0.6397691869792871 0.6261334288223521 0.6177412807466834 0.6244064810753884 0.6640649196875865 0.6816461722749372 0.6716005059012133 0.6511288427018564 0.6360255186261323 0.6082492935461183 0.6002956663707933 0.599114379458348 0.6112184913272536 0.59996157385925 0.6427175993948024 0.668022356553686 0.6913485870821139 0.7292842481070847 0.7543359898157881 0.818682944208407 0.8678107269921806 0.88719193148594 0.8931749267090481 0.8738196094218947 0.8904487093126019
0.6332014767605953 0.6483761368319817 0.6544558223294011 0.6243045680939661 0.6544853374862185 0.6460635813055668 0.6550342874609143 0.6686659302186835 0.6950996328918311 0.6534939929944319 0.6630935847182552 0.6208501517194864 0.6289288499329222 0.6286547595701694 0.639322331059795 0.6458643315065161 0.6665607087733679 0.6659103700615598 0.6495453683965302 0.6184090635458984 0.6113945000732195 0.6246032243815997 0.6695242216199844 0.6622630142579854 0.6470213282763262 0.6453704024018955 0.6156084623950815 0.6401426459766268 0.6219087590112119 0.6129370527249317 0.601949622100067 0.6005234322114053 0.6713789325915109 0.6932476413755714 0.7207626357273291 0.7361721862778736 0.7386648314845423 0.8057709110219033 0.8323852023008474 0.8212614259011174 0.8344690422583003 0.87392189081744 0.8867887669205563
0.6369316052316092 0.6705614143123876 0.6451831879485317 0.6278370910368364 0.6418934478879575 0.6650277557585245 0.661117191450361 0.6624386505034677 0.6627810287328698 0.6584568087657107 0.657920262651709 0.6588789019292819 0.636655265944686 0.6452141724668631 0.6378505775934593 0.6395717256140957 0.6377092932151669 0.6638287971306568 0.639411506257191 0.6037703375399143 0.6388965587496923 0.6514534887047625 0.6356070301376429 0.6292752575455359 0.6539715123356266 0.6352525592013407 0.5923196957684216 0.6270098679107002 0.644626367790377 0.6037836793047933 0.6233031086519222 0.6204375485101815 0.631612599571294 0.6817766212792237 0.7315450398975579 0.7440756735954175 0.7451031866061124 0.7512561674473717 0.7780067427691705 0.8167147332104182 0.8128258979097227 0.8593767533936728 0.8764303658681671
0.6431766205299108 0.6447787494947829 0.6583185545961606 0.6200023847656985 0.6177329741041403 0.6544817618976978 0.6737786057811301 0.6557994515069291 0.6716987725384015 0.6656305013312939 0.6694411844631952 0.6220504848117716 0.6250730349844187 0.6328132387745146 0.6828995289322267 0.6604928453550807 0.6583739307878241 0.6536750958358973 0.6331039825491505 0.6093629522110202 0.6128782215657945 0.6345959020805395 0.6554372986100535 0.6475864198265399 0.6292584608549369 0.6145342283015324 0.5832211335778903 0.6119710493043388 0.6436518752565222 0.6462910317947317 0.6056025750614562 0.6380444065453599 0.623822367132295 0.6802860896353549 0.7089593583727575 0.7102056019974522 0.741327080378531 0.7784789183763531 0.7464153963349552 0.7748475852054677 0.790209277564304 0.8211200527134267 0.8553385216835743
0.6323299683768863 0.6587104410644071 0.6747595975328774 0.6441095466496427 0.6150310498652378 0.6213491855958965 0.640010469407169 0.6388153914551243 0.6297968363532475 0.642750628484553 0.6441765922668876 0.6164932963359286 0.6487353518508903 0.6594879943632977 0.6599248639335252 0.6679971332659019 0.678019470160566 0.6515352966606516 0.6435480279857939 0.615947590247442 0.6336908594231542 0.666070085395206 0.6647252799278658 0.6507249928293144 0.6464486785429169 0.6001028824006309 0.5983598457943049 0.6058680088585869 0.6284447226310234 0.6431319737806115 0.6287375492147328 0.6360459144901035 0.6584862283667536 0.6520670384173937 0.6652976931522584 0.7217781250520126 0.7396024745130071 0.7815070321578058 0.7740076207930037 0.7709618957029324 0.783012978058526 0.7993364741658991 0.7896630801431785
