Raster_benchmarking/DGGS/continuous/raster-419.asc
NCOLS 100
NROWS 100
XLLCORNER 1743159.564421119
YLLCORNER 5469282.080246694
CELLSIZE 10
NODATA_VALUE -9999
[rows 38 to 56 of 100, columns 43 to 85 of 100]
0.6063222387586802 0.6072277451524227 0.6413090774059429 0.6144285026994069 0.6377831778377789 0.5907202162897477 0.5302284358628828 0.5121273763336519 0.48012126661675647 0.5122019013480256 0.48406159243500685 0.43504108439953115 0.427462807845217 0.44703539592151376 0.4826399174926385 0.5128444037393597 0.4811552110020663 0.4824967015311221 0.4806566337121703 0.4217831716454322 0.40171378145535686 0.3862643222102254 0.3936568789740541 0.3844600622408123 0.43610068746791886 0.3710969937976725 0.3720672381847815 0.3597080204830587 0.3438318648781193 0.29888235410921044 0.3162242132363272 0.27058469266395696 0.2581626569048885 0.2815468290132675 0.2587546362053209 0.22418601420705406 0.17130524363960958 0.1648485756090135 0.11240071251715451 0.09665163765046213 0.131231094365645 0.10233147334059217 0.13213330734637208
0.6271677317756646 0.6492646885583472 0.6454502487570692 0.6304891008463039 0.6564685869735047 0.6091480992340842 0.565504715113253 0.5011870102726927 0.4995261490870326 0.5005481515214567 0.49917065104543523 0.4793448430774859 0.44460022886176076 0.44943559042912873 0.4842759214834707 0.5104797670164447 0.5245143324050825 0.48490102816998765 0.5072307210490096 0.47706050172178155 0.4246783582032103 0.4566364290262417 0.4643698263076838 0.4538310653969797 0.40294511240465225 0.3626682890834189 0.3582648884034769 0.3452629791561542 0.3203913292690123 0.28545931333139435 0.3319311901915374 0.30580033861669015 0.2985186387630024 0.26990573203338 0.2510724161439313 0.22820089689314338 0.20320700031247826 0.19679318494723258 0.14222336662241852 0.16818597730100854 0.1739761693600956 0.13893772091159323 0.16822937803324162
0.6842685991011362 0.6265581791248106 0.6303239960042113 0.5995861252724212 0.6350902983684485 0.6125473751056073 0.5156053981462788 0.46515657781352343 0.46321027663961506 0.4998753823257413 0.499873118985888 0.49665971667027997 0.4497238436774697 0.5024265915525185 0.529744278445943 0.4961043899041991 0.49614802240935163 0.4642602263893137 0.46701261835007346 0.4729391745734515 0.4691282629948913 0.4668558619573362 0.4576374149544597 0.4613804164750812 0.44888374951885046 0.4009304168798915 0.33313396012664326 0.35157588257643824 0.30288868716991924 0.29495933526424617 0.31198706077641786 0.3067092125154661 0.3211748330365553 0.25955138593409344 0.2689098048298761 0.1981002424564654 0.17949150477919973 0.21225025384870666 0.19631528468164577 0.17514994023525687 0.1472763089675436 0.1813510057838657 0.1984267585101688
0.6457053908957235 0.6600857932765096 0.6062397479462748 0.6014471986359351 0.5653133749440433 0.5527485632591758 0.5480352217415501 0.48589577239154097 0.45446252643944385 0.5170899776074973 0.4789349609646127 0.48796603948337774 0.5278865052022907 0.5109835727117175 0.48262683115896476 0.45921261482949266 0.44133196581616346 0.47503736808865554 0.45305910790523335 0.4490660510387007 0.4490062400540823 0.46527207255842884 0.461996427312574 0.45364660422387065 0.44462265920169536 0.3892898428327521 0.32664219296931923 0.29374441987190086 0.26101312483393774 0.33033616131294885 0.30509777268214744 0.34361137503664024 0.3141507905059422 0.262152246378122 0.2629142072402522 0.22782465787338646 0.20153757884119114 0.14385566756529958 0.13173200085203077 0.11403814708533738 0.09970053956705799 0.11235398422930641 0.10671486438028147
0.6643183623769363 0.6422121933807498 0.6263391171917211 0.6083191643247073 0.6107099639527055 0.5651707216972898 0.5130882965914637 0.48192842341187614 0.4904820743092035 0.5266234896092399 0.5162927896624269 0.4934090797958722 0.5565883942135419 0.4776887624723377 0.4631145761099078 0.4589285447861284 0.4654110665285257 0.44635783469419943 0.4266669493038528 0.4412072608386323 0.43945610329541246 0.4551495861495676 0.48416006130781053 0.4489986017743591 0.4059505858658055 0.35915776899576 0.3485151572422777 0.2743043733449934 0.24706105339554577 0.3314434579993585 0.34624241004953954 0.3456192087701402 0.30841638211242967 0.2338260474660162 0.1785394895490558 0.16766156601243637 0.20752197976558656 0.1283601692244857 0.09159816030834905 0.09374004780243157 0.09877962790088776 0.0955860758296419 0.09196029733621332
0.6400934500783292 0.6265002147830027 0.6158699065482766 0.5644047529061578 0.5504638810948803 0.5460039380798464 0.4903312964714129 0.5155205769435776 0.48924040255622947 0.5471403267237448 0.5068600491915641 0.5170841649263531 0.511079795074273 0.5095897444719385 0.4892935170387603 0.42995691168008704 0.4247432149236501 0.4722786430143354 0.5031280858806649 0.46541400937536986 0.4874781768098878 0.4870080670145952 0.4135706840604619 0.402150347303967 0.39232630670977625 0.370369522096302 0.3126215469942926 0.3019542585605095 0.25948491099892174 0.27148536167284865 0.27169070268234546 0.289385462174016 0.3187404837690202 0.2508502158038848 0.1828698997941504 0.19622401637527823 0.13986297505432307 0.10361279210488764 0.09191510019508223 0.13793718112694944 0.12708138723537998 0.10374607738159192 0.07123392551848118
0.6469598462506438 0.6270223876189072 0.557890623963008 0.5617278191608488 0.5001684022295475 0.5443772610880557 0.5050249077638026 0.4846032338164016 0.5078751245019175 0.5679928107077006 0.5644463937398118 0.562964339265784 0.5275846820185554 0.5165351431024394 0.4608955845993103 0.4361158831049181 0.45047149326352703 0.5161507539466585 0.5250832696241605 0.49111669330368857 0.4933246301124483 0.466134100671253 0.4170789405342016 0.4074668706434705 0.3759527208682657 0.3257338628386871 0.2656827229514323 0.27910429146793836 0.22960741852906882 0.2791476779864337 0.3065804402934339 0.31584089238682816 0.30047437433254853 0.2457090076517391 0.12794323829073492 0.12395487441695939 0.15164686112224654 0.08510515632177829 0.09132713777428057 0.11090801799508776 0.13292596865747144 0.14581168184667295 0.09257992909787419
0.6532879170439012 0.63216809941827 0.5514919632413066 0.5471323577415522 0.5393665567239591 0.5030107924816408 0.5251651642917302 0.5180312747207589 0.523304496413013 0.5414500742063412 0.5563280938102395 0.5283877804384911 0.5512913270085569 0.5140044954877752 0.49689315662034256 0.5020750772009686 0.5111365825308347 0.5301844293442828 0.5789947353781651 0.5291666717532003 0.4923160777664778 0.4875057585676368 0.46370408313708417 0.4119648354743141 0.3668933487734162 0.33256942190397343 0.27512607409773454 0.2833362593142945 0.2740737876545032 0.29583588936431754 0.3321987078380543 0.3082863170747806 0.26575466384257257 0.25367311895166683 0.20422677062465056 0.12324816272073295 0.1246940821677295 0.13291664354389135 0.15532090403391663 0.167800701080554 0.16579229306021925 0.11903038668589243 0.13184449448671226
0.7266011432679146 0.616478469979863 0.5925798250023127 0.5500374126904105 0.5289198239249921 0.5215736849894756 0.5184760859597582 0.555453495347686 0.5427598737435252 0.5104978976573045 0.5337173882035108 0.5698218345533506 0.5355646104753371 0.540081090163938 0.557922760856093 0.5609219892531454 0.5100969468584969 0.574412728336977 0.5964763604620138 0.5699495206534716 0.5307851601693446 0.49120399680556126 0.4443265516179638 0.4206451355168148 0.3256208225521573 0.3111965181500911 0.3101514200596377 0.2691786088983837 0.21617890246622276 0.2625026963062062 0.3109699036414595 0.30010949414227617 0.2554739024274084 0.26138333845747375 0.19241230741064264 0.1727659218599568 0.10973504132922632 0.14421551313460054 0.1667524223771134 0.1585621772909764 0.16149366052443237 0.13584279701383453 0.1304995306342152
0.7353135429216905 0.6410466259850998 0.5998807328455533 0.594589506589463 0.5263657972410768 0.5348928533498443 0.5571152484343376 0.571751370990153 0.5841314711953738 0.5489847488128043 0.5200804234713469 0.5602190435158542 0.5550813255903191 0.5606571180893533 0.5648256863664113 0.5340917167709626 0.5326369377191267 0.603950064154008 0.5680790707291086 0.5897617617324156 0.5521329467590316 0.4582074442158932 0.4740755899250546 0.41654624898977316 0.3278552768548109 0.31870061848223524 0.23894032998575335 0.22717746406454364 0.2818133502465782 0.29214544331203246 0.3108594266113052 0.24514856887972297 0.2034931590580124 0.2056621666439241 0.1996146800940589 0.14450158994693724 0.1819429460142903 0.1381673163177211 0.1314747273751797 0.13769643170994159 0.1550042937415279 0.1736130133501442 0.13040784115742987
0.7244031519454253 0.677800867347166 0.6088976264084408 0.5719452297452456 0.5753100511501837 0.5765470834355754 0.5590896688090525 0.5960178996668737 0.5712481503553539 0.5651426076690313 0.5182537687727119 0.546751967870212 0.5968217611167316 0.6205360833321404 0.5936089375787865 0.5903860701045859 0.5744499676143013 0.57913388080407 0.6062814585040844 0.6022678343027407 0.521937030493355 0.47260758966826144 0.45736269096445425 0.397999092810156 0.3098494268103865 0.284912333792843 0.23035782857101794 0.2375663725147026 0.28071583526238936 0.3120719677368302 0.26289208045033 0.19603186687781404 0.18382097188817206 0.18613815844407444 0.12862840078669166 0.14184511810719036 0.19600271520069176 0.17648723628211999 0.1510321998290998 0.15260738294518786 0.12913596920704284 0.15895750470361947 0.18305328651594227
0.7340097955750434 0.6919730118402587 0.6420626344536418 0.5755985541545461 0.5715919389588382 0.53690896416403 0.5247565169099001 0.5667347694903688 0.5844498423315007 0.5395051125652593 0.557623576448155 0.5922612562956682 0.6251379477849434 0.6090895796636996 0.6186144953415219 0.6123519832403437 0.5698313107268214 0.5918795819178233 0.5942142561103159 0.6071334287427472 0.5888006889564318 0.5159741975953258 0.46352566069933276 0.3743014792823031 0.32288584971689943 0.30463049802318126 0.23509348572988026 0.273222944907 0.26985165875373457 0.27484889980237537 0.2812671409295199 0.20328058969316892 0.15416619633368603 0.15220254889562684 0.18219724922220695 0.1979695154010997 0.16897581754568713 0.15467355384850928 0.1523185880128848 0.17430930732455246 0.18112644027939465 0.15432733533648418 0.20002055954854736
0.7554116074943535 0.6990461728155566 0.6010198566887021 0.5819472206637247 0.5941344305411479 0.5363149029523222 0.5133870088957072 0.5461250570357825 0.5319549596710615 0.5618202980055229 0.5323625711471629 0.57064268122989 0.6096002973825957 0.6298634170563283 0.5714131006514924 0.5878513724027999 0.599233820464522 0.6300194942029324 0.5849743154697298 0.595571333695496 0.6067869504484702 0.5173698188211729 0.4562474171873389 0.4282248727511175 0.3592114982843178 0.3126622240119462 0.24304790937559612 0.2065152328741227 0.21016086854394245 0.22889884106094566 0.24975366489193027 0.21669054608289728 0.13696054841478839 0.15388355096463838 0.22278537090691217 0.18876557869997015 0.20882622485632815 0.15557977790206604 0.13890854720237913 0.20197231834490645 0.18603737493829015 0.2109155030772741 0.20244378929589135
0.7284873443671446 0.6467445176528949 0.6252550799496112 0.589629937484618 0.5859058759008673 0.5800455105292824 0.5117375362275962 0.5463805968171098 0.526182028591136 0.5545503379776798 0.5709638944014535 0.582264646807076 0.5839317091920493 0.6091423637960747 0.6118638950204928 0.557734979550166 0.5664178642610964 0.6126713466742882 0.6334004226672859 0.5688328596544122 0.5412989642169217 0.5261535139003353 0.46609303487161197 0.41319220134252255 0.3476762826281847 0.28293989763197636 0.2599170684586202 0.18582212511246865 0.2218003516704447 0.23782924373805822 0.19291372338018908 0.17045005116942138 0.1954544402131417 0.15513749583123349 0.17253030458294225 0.18432441459278037 0.19491422956701376 0.1790827650874577 0.20731619944047303 0.1847345647259129 0.23756330848983695 0.24735965443330762 0.2222850630687267
0.726527720888397 0.6844107906526421 0.6266556008309764 0.6255308776713864 0.5850909917994632 0.5133838250859142 0.4924434914921379 0.5623624194308007 0.5621367544731583 0.6263877138360406 0.6575185915941134 0.6114609558140682 0.5853882013748473 0.6167890447797343 0.5908025210535526 0.5859116837035169 0.6057423120495433 0.5992194016465684 0.6595257175639 0.6091672595402502 0.528701972281538 0.541144585154479 0.5006403693921946 0.42184024190704217 0.3541882659793969 0.2573124194309536 0.2085641436491875 0.19128774901544393 0.15291801826556894 0.19990854751485704 0.20190667456604974 0.17489639492196662 0.21258250091383532 0.21923860167574344 0.1825886925053135 0.21628331390427286 0.22449706709770548 0.20066305840499035 0.24261522342029873 0.22637651409466056 0.3020155215925706 0.30337167960541134 0.28183452917202434
0.7046753604804642 0.6733700598859615 0.6680961950433907 0.6424922372066025 0.5727388473103078 0.5187206970179837 0.515310112368185 0.5389638874336052 0.5530260162941606 0.5944342706984755 0.6012338993085317 0.6297532165456785 0.5908385869910536 0.6072955422837707 0.5649009880756233 0.5825037207633486 0.5653056912238335 0.5706927974506354 0.6145712010473935 0.5820599404699235 0.4992463151249541 0.4879054305865561 0.4852392702269217 0.43329717126574785 0.34643569614144737 0.30114698153544384 0.25451066577013187 0.19122880437466191 0.16699715232433315 0.1667883391571835 0.2329365505055438 0.2126610753361888 0.21939566159607773 0.2515047101922601 0.21030546536123607 0.24709972410678685 0.23486727571073615 0.2433704815825816 0.22685802980928932 0.26924963194953855 0.2957123675734764 0.27373711498925324 0.2472213569301966
0.7251126563500532 0.6870588523942651 0.6561290617773115 0.6293521788693867 0.6218061186515071 0.5586929638923098 0.5126013328698193 0.5639290805961757 0.5390733425985991 0.5609259006128803 0.5914169724077238 0.6257525053557611 0.6081779492613214 0.5418736422224665 0.5066466767802411 0.5561965315444122 0.5527984814836252 0.5424692530090691 0.5852144724770932 0.5465463270461347 0.5358850337483911 0.4811739382699962 0.43712895295913606 0.3734261478710077 0.344602199181734 0.31223664002312596 0.2710487544313796 0.21288758929981233 0.16430343498988148 0.20465876000102073 0.23133898218866716 0.24483393088417413 0.24806546642135563 0.2847486942943499 0.2504834219165086 0.2783765005612718 0.2879564077308409 0.2908397539821076 0.24889549063630748 0.23202691197669334 0.2720392825450768 0.2589488707068837 0.26074645011714187
0.6982243345292702 0.6652597151662584 0.6561710914714296 0.6233520878876023 0.6061162866560547 0.5643830182088628 0.518341332716918 0.5677408374118117 0.5660894724341176 0.5307157005914287 0.5921160907611631 0.5963123115317291 0.570236876870697 0.5390308665678586 0.5012809863624723 0.5336301206162946 0.5703653952108343 0.547246250421492 0.5564917026745652 0.5338900194317212 0.5204101890959737 0.48125299853362724 0.4686299674756623 0.36297746655347984 0.3539438920366465 0.31813293828246786 0.29166801265659864 0.24468780778316454 0.20250656450078755 0.20700432748589503 0.19840557388546992 0.25182611520464276 0.26955915842458594 0.291356006576531 0.26638092936103963 0.2870154975690072 0.29980680824684025 0.24550284976429 0.2516340173639414 0.23978158252714304 0.26805638766610307 0.2707049133637037 0.2289486003651531
0.6487504893717886 0.7000108228533256 0.6960093330038142 0.6813739992435527 0.6408697165563334 0.6118499216669246 0.5211944586728352 0.5784844594494124 0.584739322353813 0.5431953232069004 0.5344848701061072 0.512837144532375 0.5698719945846181 0.5139837347395784 0.4706667585399113 0.5152152115214372 0.5219792141572234 0.5402965471091078 0.5010641648620718 0.5270771966914902 0.527923224014055 0.47950379738260046 0.46665629560400096 0.35460749504571637 0.3018462025812736 0.3019181013524878 0.265156276714411 0.21717861723554766 0.18398988358718185 0.20367997153093115 0.2129640014828989 0.26467097282281005 0.2520828128648891 0.28831964514191794 0.3366419887587974 0.2932512600146434 0.2994085931021138 0.2901844666180632 0.2132258753984578 0.23595232162833543 0.2597799276603771 0.2308617652510754 0.2438340006972746
