Raster_benchmarking/DGGS/continuous/raster-194.asc
NCOLS 100
NROWS 100
XLLCORNER 1743151.3736991326
YLLCORNER 5469291.230864864
CELLSIZE 10
NODATA_VALUE -9999
[rows 19 to 37 of 100, columns 43 to 85 of 100]
0.41389804791174334 0.44055910767863465 0.45279119190356604 0.42369684376685485 0.4309653018145418 0.4397515947541363 0.4132869144284569 0.42954303424467516 0.4192688065343894 0.43344573227006483 0.42858859526890997 0.4164411982536695 0.43012429311167716 0.40984048121748495 0.41064462848488914 0.4254664189001721 0.3993948693266978 0.3919264607733726 0.3665716296986842 0.3550280957236585 0.3620843818487144 0.37184633977850273 0.34059463141186885 0.33204799040290695 0.3268340814706305 0.3104226576179131 0.31299416416098996 0.323041769256185 0.3012864321986237 0.3020084990729192 0.31222916101258136 0.36321686565736755 0.35453540295364483 0.3691844233912204 0.3793104297337624 0.3762720934226911 0.40568263980681424 0.4336755058632322 0.4076509962656054 0.39422677724730926 0.3912463616743924 0.41115256415599216 0.3863198675752343
0.420320380722487 0.40876134549462634 0.42235194773410306 0.4189621591327187 0.4436622974378306 0.4074455268891975 0.3973555874520998 0.413912164213269 0.39744114679125725 0.4041395333780755 0.37273141171695084 0.3877941292720216 0.4236297674201854 0.44887343023188647 0.444097062129028 0.4164158607149388 0.37964999288473833 0.3563147961706245 0.31781272871824773 0.31649243306245034 0.3362691853003073 0.328864970073367 0.3009332674139336 0.30296241891723225 0.32337165399674817 0.2964666774289773 0.28476221305269017 0.3263180191850969 0.3238627623006251 0.3206291231989536 0.2904049906294485 0.3350362171343134 0.35649232182588825 0.3582683305889206 0.37763696006176894 0.3847543389281737 0.38713069138680667 0.3928203894617249 0.42964750947046737 0.4041526918947196 0.39144157748926967 0.4012348089121494 0.3766305765162842
0.37770472625187734 0.41575118943058725 0.41374650064706586 0.3925160785382988 0.402820317659013 0.3770946860033075 0.40368246758150234 0.39836986363338683 0.4081056497749706 0.3973210763492989 0.40795649652960453 0.4046385206708468 0.41206937625910556 0.4331277375635724 0.4229599558500657 0.42644104583000614 0.3836073618911359 0.364190453099437 0.33863077018010646 0.310317302184115 0.322944060885188 0.3225992131729428 0.31677825711139657 0.2999860156900764 0.28884014190971496 0.28377256161417697 0.2801953926650226 0.3214590469960689 0.3355018592788385 0.31423874472301144 0.3270392340890298 0.33801516140160476 0.3382677133854016 0.3286962341592424 0.36223488239541024 0.3457041832683228 0.36052253567223225 0.3952758729652711 0.39274023849457235 0.4022392421009494 0.38803385816594027 0.40235660465348966 0.3880342346894158
0.3685085524396523 0.3696582294129517 0.41238227413952566 0.39868906647056074 0.38490486284315917 0.38157175743824656 0.35002868049111474 0.3608464999949529 0.4113158242743078 0.40773345706827063 0.3993213172734389 0.3995063422288282 0.4146160079913918 0.4252136118508071 0.44789867341970235 0.4301690340254492 0.4127485119191672 0.368830371987472 0.3272182799887229 0.29319934172656403 0.3037869184624828 0.3061084047461478 0.2983208786194264 0.29153114937426355 0.2862715800276824 0.3019748352105643 0.2759595656231901 0.30326350918958206 0.3150872530956735 0.28974749051935544 0.2720952517479901 0.333257932061837 0.34285043490393774 0.3278901941609211 0.3083645708622055 0.34148241207415414 0.36194839800017997 0.3570051519203364 0.3944711201472235 0.3992763666334819 0.4262032459263514 0.40210808662940983 0.4246484187354451
0.3838019076040767 0.35623559006460814 0.3586289753189926 0.3725250116461617 0.35034564752778 0.34804235705813635 0.3473222746995942 0.3693409765870785 0.3637499011134386 0.3890962656132313 0.39964042451760806 0.43227717633436497 0.43839202667105154 0.44885437932569433 0.4175679279832791 0.4184085760918696 0.37817722562068357 0.3495233701877397 0.3522904914728894 0.32435682371576763 0.31914362110827743 0.2882378365897225 0.2567010857747848 0.27936789713607474 0.27574274322641673 0.2897538974367214 0.2577431767913174 0.282922285064248 0.32005957520241557 0.3096674606267313 0.29429186229218585 0.2989402095548074 0.32043422720527176 0.329794305057143 0.32156720818496176 0.31106563960950384 0.35184125294873025 0.33894504936969366 0.3602462553613426 0.3692184192874411 0.3766242936308224 0.3974615828823158 0.4402517941867191
0.3794106426768926 0.33762899915130606 0.3540523895390523 0.3708370555042662 0.36948602865728075 0.37428739010181855 0.3621914306783117 0.3666045708436051 0.36501934333700253 0.4087213788517856 0.4572767982333314 0.4442870805175546 0.4505310632215186 0.43966638609756453 0.4104527473052432 0.413093304411108 0.34206246918136995 0.3491502549775981 0.3303952388529268 0.30622829521562356 0.2831761953578682 0.2757442861444077 0.23999664143810537 0.2629506299413516 0.2862688198888929 0.286452806755557 0.25625714010525924 0.2593338451874793 0.310226561337549 0.30244844587800274 0.28086230223509695 0.28539573015428843 0.3195452332823058 0.2910461750106697 0.2954587989741862 0.32482721748146265 0.31294857740244253 0.35122923363048864 0.36723932043954644 0.35965288163386117 0.3733966795905835 0.3845403148040614 0.41978945426524394
0.3358095855142436 0.3376909059179151 0.32532998562051924 0.35225513439262207 0.33661382404032575 0.37433212044391134 0.3809781017296621 0.37674587229035883 0.3871747311472125 0.4058019654246494 0.40025622607405803 0.43720999483458656 0.4232003239103031 0.42875236886778184 0.39526084751871904 0.3885094587178376 0.3615867129099629 0.3321858330984337 0.34522644294230037 0.31200099475332105 0.30800239582111605 0.2653372581362786 0.2652654329965509 0.27945602644909456 0.27760468596737636 0.2715481839477211 0.2520675959711479 0.27223448727811633 0.2647337617012764 0.25597551040345534 0.27787060589236684 0.2651203687598712 0.26473602824587067 0.2766567766495347 0.2904014152133235 0.3130197394121841 0.30615761791123136 0.35574389050466765 0.3638314864346945 0.367474826401612 0.3618429819454074 0.3892286412500342 0.3845821688188284
0.3238237074177962 0.3492885082266327 0.348920760379944 0.3400715588586413 0.33361955718590514 0.3844937445083517 0.3602213921340855 0.3861045070025754 0.3871414627654605 0.4024120746415088 0.37463206182170494 0.3928286502713113 0.421668027125788 0.4117000366019234 0.3989567993770818 0.3992893306529077 0.33553404422746513 0.3701270298515498 0.3785133931930818 0.3666315006831327 0.3487412776205976 0.3185823666777481 0.2630980023258158 0.2875550751258574 0.29704925070547467 0.2705448583509328 0.267882643014125 0.25722401534941886 0.27030109283122167 0.25441412452052503 0.25524748290481974 0.2827191170661118 0.2670666504274864 0.27514529119148395 0.3183133002318176 0.30127140580006284 0.33251293476613536 0.31312779040776173 0.33839902451383475 0.3316272662955654 0.3826230389525165 0.38940787884769296 0.36497229627676225
0.35912682192355677 0.36740707379184256 0.34794531797252987 0.35054110843230984 0.35366957605634664 0.3771099399015912 0.3764770522549441 0.3609743455507765 0.36669071228869554 0.35680778557178144 0.3383149033743544 0.3596478605287337 0.37652453959719345 0.3704565348733563 0.38360407381331035 0.399360362739161 0.39159775300926897 0.3841001545567433 0.36983157141217443 0.37696600004236985 0.3552158407507537 0.3212003507261576 0.28707849376100486 0.30265178608336635 0.3024077447416915 0.2552092749238199 0.24588568792710686 0.2592049440970074 0.2744475095928145 0.2792130103275211 0.27938071887312405 0.3056361105216981 0.3128538044347899 0.3179980628654686 0.31251152073056493 0.3317423918370571 0.3262855727084472 0.3185767682524387 0.3231189607821704 0.318638669793354 0.3432338262466547 0.34541851394425604 0.3653862354389558
0.36423685291090474 0.3765741509119611 0.3400239822699541 0.3452108845062414 0.357377012909882 0.400877724853251 0.39452308726090807 0.3845380097497786 0.33823799883654954 0.3638174343896404 0.33209234672297777 0.3599407271624806 0.3703901008284691 0.34822509101233023 0.3612061785203457 0.40633431084899674 0.412929170770869 0.4070936017032131 0.3952650033195496 0.38172793637872554 0.3738383570089223 0.3193367118467346 0.3159702005834599 0.28369014780402685 0.2724530360266389 0.23558749728930903 0.23243677101027999 0.2289690518946758 0.25150109668232506 0.2923440646005518 0.32821207607367675 0.33659108108832897 0.3251076321151927 0.3218576801296753 0.2889919627368429 0.28347249429179344 0.30422546937081485 0.281373059905508 0.252013174299692 0.3007264706149416 0.3240573211903538 0.3555983836027402 0.384988539382118
0.39324479837931514 0.37503423715924256 0.364741253971295 0.37636791841900513 0.36975107827418136 0.38950453041772265 0.4185019244939825 0.38102029098170254 0.36338178430651996 0.34418030841488423 0.31021810988372084 0.33052005679280805 0.3360873993833893 0.35967007843811993 0.34629132064588103 0.3704077476638558 0.41738991798104763 0.4213213072941279 0.40883407772231295 0.3798442062157327 0.35155990850635543 0.3340587192450784 0.3307962988844218 0.2974136936340448 0.23751306589775423 0.22404762226968483 0.22131406209967264 0.22658391009845325 0.26242448759498305 0.276316492416616 0.30519245691703945 0.3189208975754607 0.2903406613433911 0.29412001159050905 0.298105958872105 0.28943206771729846 0.2972713060999722 0.2744419362413315 0.25006655209259987 0.29407192469565485 0.299731295285333 0.3156249987786985 0.3650402913467165
0.3808490199134989 0.38340265215832703 0.3409618401110711 0.38078293717616196 0.402801955942566 0.4003162151662043 0.4173168372653517 0.362590618468612 0.341453961509969 0.3459438814431167 0.3011370798923151 0.3055161239748036 0.30822279777662903 0.3527395852790487 0.35972443131743675 0.4053345283332139 0.41280459570489925 0.4157284780320774 0.40810295563801646 0.39318705265347087 0.3741833311643667 0.30673198313587235 0.2844922201603543 0.29370710490952373 0.24633726405463688 0.21887920313052744 0.23288414197140023 0.26866370125319944 0.26522351663129595 0.2772242023831044 0.26359313575683146 0.27798476166162334 0.3160939629235769 0.27930716670189876 0.25869123843399894 0.2500126170811567 0.27580506729007503 0.27662659724990396 0.2590644910637399 0.2951813185771155 0.2813872983248118 0.3288609089404166 0.34191968687489277
0.3981807958140369 0.36272587259490785 0.3456709508966982 0.3793060209061215 0.39780109196237795 0.3985716404192929 0.39069411792241077 0.3917557029576945 0.35718318090537704 0.34626008532496777 0.3296689651846766 0.3199874687773598 0.34745746132563543 0.34752166799023326 0.3877151717635287 0.4111801554925848 0.3917647786787122 0.39013388807482946 0.382400535905675 0.38273579529539903 0.3371585471910977 0.31909531432961363 0.32838752502048035 0.29001359309307895 0.25290204328020194 0.23411166499509742 0.2300167807440445 0.2715958428504244 0.28327458449091936 0.25662843627203663 0.2938271610561517 0.27494959384369894 0.27203711867371044 0.23557743257292044 0.22682149592896206 0.24316137210331962 0.24657790274396757 0.257531016627854 0.2938005988893941 0.2877279247880082 0.3148207656688781 0.3191697147351054 0.32385894377083524
0.4029693743319386 0.40002126880247446 0.38924953588426986 0.40193026267480986 0.42282451260765 0.42558832103667327 0.4165180324414091 0.37084010855030286 0.36930392311715704 0.3400754983372495 0.29024726014000657 0.3188428457532227 0.3535790390538361 0.3804230712549108 0.393290213947709 0.421337702169209 0.42989799235279325 0.3773646249975069 0.37923870899261763 0.3603322488340852 0.3125855018698574 0.3240095939324955 0.3279793163898684 0.29309910479221 0.2586851813809404 0.2800666129661041 0.2439399816622487 0.24903412756165677 0.30014613500101295 0.2632799348881846 0.29058772351083134 0.2692858564671409 0.2393990108244154 0.22250663417719466 0.20851666805780944 0.21788264568236593 0.21711989448369365 0.25566779236935827 0.2773510166152585 0.30397803085993436 0.3052891211718455 0.33237496808249384 0.3156174514823583
0.41479513191587625 0.4186000692377173 0.37910394262616914 0.389090975349422 0.371031748777556 0.38233418409284947 0.3689895995422229 0.3697976849624388 0.3324242270060487 0.32444122372892586 0.27745148971604405 0.2839917331302588 0.32702839819321744 0.3337690209546415 0.34499606236637714 0.3733722341723231 0.39140882062811105 0.3971765780097867 0.3716300511166034 0.3639354947951315 0.34127284828081833 0.32555549458707556 0.34187457680536704 0.29476307380008027 0.3055724874446606 0.2897064403391852 0.27146824716136386 0.26296589700070333 0.2956122658723874 0.2738283551540583 0.2674663629675874 0.22291889989672 0.1934410943289652 0.18931007315029733 0.21534112372284342 0.221607031451485 0.23262789903577086 0.22267961407071651 0.24559205367549614 0.29050469933019823 0.2975904293926455 0.3180029805808046 0.2977401967114688
0.4219295882831165 0.38839275771266396 0.3703686844527161 0.38358854039905643 0.3763316205403732 0.36982698974958866 0.3975948811897664 0.38040796197630156 0.3345691247174551 0.30718895536848784 0.2683430209011592 0.2683489651397774 0.2714204672456874 0.28024276399275083 0.304570976287467 0.3271522346158182 0.38679906909434875 0.3902975403235751 0.3651722970080276 0.3352228677257549 0.32532209328817774 0.32038313763248466 0.3391794003846324 0.2908445868075131 0.29612930421883593 0.27815756283563986 0.27714941615185457 0.26369361663576946 0.25940606837324165 0.26056719204662765 0.22606154291453445 0.2120125461780467 0.1874046658667039 0.2154207310818275 0.1886720906325214 0.21941770971067315 0.2052236444961587 0.2037098159180169 0.2361988179038455 0.2435620452411412 0.2848691666618189 0.2841679734474941 0.2979427160177239
0.40025235982340657 0.367309641489417 0.3505710437515934 0.37154234185954743 0.3873178761992966 0.3538701290742139 0.38584223786418337 0.3568570707238949 0.34958595367778433 0.31050339590849385 0.2653319623091185 0.26828123837806134 0.26131945590672107 0.27972684751563265 0.28940253833928775 0.32887334689056014 0.3223411372107244 0.3308291225616412 0.35736942532994576 0.3343544818405836 0.32678232447506683 0.3332465971986531 0.2979875873124169 0.2878050987345291 0.26838096432003955 0.26284933964785645 0.2849421229011615 0.2721916476645711 0.24274133905010828 0.23156178535166105 0.2012056357716005 0.1763386579052535 0.21001426875149348 0.20410164937441094 0.20180138647364962 0.19760893889358283 0.1797091169241665 0.2023323648918434 0.21354475163547648 0.2499743042291451 0.2703926767277933 0.2604576210664461 0.28895642081325196
0.39452202284998616 0.405558990206267 0.3588508651247586 0.3831784509104328 0.3771552393415558 0.346706370050924 0.3431369688679182 0.33185808794840566 0.34613307879788924 0.30928089425904426 0.26478386963020184 0.2781538227563632 0.262201903608533 0.28222254901531824 0.29345970067452903 0.2985690108684536 0.30263290683203925 0.30650345078166175 0.3338761008038843 0.32593506652587173 0.3509455680040572 0.3079826699121384 0.2878031681920839 0.30985926854423346 0.2584355232583515 0.2577768118918129 0.24886581977735078 0.2568670080314315 0.2446273234678397 0.20575774617655312 0.18010007944736545 0.18252206117071126 0.18206180730832897 0.19011031702602552 0.19866200397987027 0.17001698104396445 0.16032613381689093 0.16023094662104165 0.1604089052531799 0.20546961460133942 0.2560259376594591 0.27018103660658316 0.25783341752974237
0.4174947501851009 0.4139289946956026 0.3840361990569053 0.3796147506831447 0.3867565513394348 0.3705259811588596 0.33960886223297226 0.3136580124385042 0.30098863475137455 0.3034110536999577 0.28070205263885184 0.29556739082631905 0.3015914023670498 0.316934778507882 0.2897177444514649 0.2967330392171103 0.31748803652686836 0.32330813205853864 0.33243408428374693 0.31889705446839184 0.31347328496716526 0.3193863648709715 0.3229568789819341 0.31667223213819495 0.29612264328099214 0.29572035081872067 0.26931638755933435 0.2762105077390928 0.2495837735916731 0.21851347021729664 0.19516852106452692 0.21715168998401352 0.20900670072027702 0.20078263257039553 0.18790811015809966 0.1923206133239698 0.1608123597732058 0.14788848427141216 0.18553705014473587 0.20466859220146222 0.23800468721828488 0.22708423579534384 0.2479835687862123
