Raster_benchmarking/DGGS/continuous/raster-128.asc
NCOLS 100
NROWS 100
XLLCORNER 1743165.6317096774
YLLCORNER 5469287.66175919
CELLSIZE 10
NODATA_VALUE -9999
[rows 38 to 56 of 100, columns 0 to 42 of 100]
0.6363598286079473 0.6411119509022583 0.622946235126177 0.5999697562217065 0.650440464185118 0.6415540532440798 0.7056944898091295 0.7127182211609905 0.7558623900762752 0.7447078905818509 0.7583025365101493 0.7451562288064325 0.7617498243398354 0.8161735124611265 0.8418279549414464 0.8248692795052822 0.7920194550484397 0.7810980678945544 0.8158279920940407 0.8269989234593954 0.8354009363731246 0.8315643327187213 0.8118265652551949 0.7941614181381168 0.8247303631247069 0.8117100638078305 0.8013954914330683 0.7870562962823786 0.7712534972867988 0.8228792544106182 0.7998612278321309 0.8054126739286691 0.7660412220944375 0.7624936634407248 0.7850499620887561 0.7486564605043544 0.7378864305841997 0.7771466417960166 0.7131323771595507 0.6891197231402081 0.6390221073866892 0.6610243930256918 0.6597180193092725
0.5728604991188592 0.6229639533649887 0.6379215028481477 0.6813038676784948 0.6532477961710533 0.7032152371622996 0.7620618925833145 0.74591616469142 0.7967935033996631 0.7637025051741761 0.7503505542837192 0.776215212096027 0.8259774593412003 0.8269449025661644 0.8623671759771808 0.8498146515996713 0.8071868795690325 0.7762610981653449 0.8373434589582951 0.8700297958482301 0.9025896902341397 0.9058570892439917 0.8496088061309941 0.8150317058376672 0.8475581263200384 0.8391983953179104 0.7798855706139735 0.8070244404952924 0.8230140496887965 0.8285974508884796 0.8578440046955966 0.816993050118551 0.8560449264946618 0.787524089777848 0.7449197928769584 0.7767040916146105 0.7598978126338428 0.7526453848365863 0.7174353842298857 0.6550285684000792 0.6272693765558841 0.6715028100782043 0.6374488066043679
0.5850256154964958 0.6138284490580994 0.6612829200341054 0.7080823216532911 0.7529605938889974 0.7380344000724458 0.7437622738932143 0.8164580602924773 0.8106326047006293 0.7954761509269451 0.7748511924403184 0.8151618732149108 0.8586998406279457 0.8893819552823229 0.893582903342049 0.8925263484342425 0.8986035307955327 0.8200554546808589 0.8460549578775068 0.9066462252220143 0.890101116665461 0.9089611472462382 0.8668147517729122 0.8332017495097994 0.8224871345730607 0.8512014623923925 0.8272502840223455 0.8546669931295736 0.8346395205644829 0.8171058229933431 0.8325654312601322 0.8283090218070926 0.7999388756553575 0.8134172695419665 0.7471297294215542 0.7349558902023856 0.7359647875092713 0.7161035836400855 0.691382044997095 0.6742807833661675 0.6475660288556427 0.6449110660951172 0.6698047383843271
0.6016280099860792 0.6380039256446302 0.6598740683383871 0.7126888194325225 0.8030248787811832 0.7527692051246103 0.7733735967451892 0.8177148444635477 0.8169421226148206 0.8330727179809286 0.8228090015145852 0.8600755477073184 0.9422086874472004 0.889792716965044 0.926313603306371 0.8971294281064169 0.9397943793529386 0.8440791626819476 0.8363260610304132 0.8677156839771784 0.9216137741902719 0.912564668873711 0.8487627157993244 0.8425218623218835 0.8572290472791412 0.8437898482180267 0.8138717562404632 0.828232008359954 0.8706500980662497 0.8565805298405959 0.8491937070499079 0.8746699873875285 0.8422272495974168 0.7860449350754042 0.7642486942447555 0.7376831488007541 0.6985293179574456 0.6930737206018706 0.7161077719265083 0.6556279085155824 0.6901019545109749 0.6402338020064916 0.6083515509538379
0.6421687360327183 0.6796297253059724 0.7487835167733436 0.7747278463102343 0.749642069517278 0.800125017614697 0.7912528073174091 0.8005050448769337 0.8378675057469206 0.8460899709952457 0.8803353816395726 0.8468569038709153 0.9126603985002206 0.8969246261656235 0.8820008796788839 0.8840986129435069 0.8847694655359655 0.8976372330271937 0.8457789596064411 0.8490946929920064 0.8518455441820822 0.8792448804797877 0.849899606559941 0.8367591951011927 0.8349305685685502 0.8673759727554162 0.8473996394503053 0.836897643373512 0.8608886022925588 0.8753395696003701 0.8935357879741914 0.8682620458927699 0.8561776593098417 0.7961799535930636 0.7895462117349126 0.7128818120025996 0.7137120114513088 0.6816816978511115 0.6614456991306225 0.676756542051776 0.7089656344780136 0.6578902748157205 0.6674299804329034
0.6392472158300598 0.714680318306717 0.7710090206639135 0.7464676634546347 0.7564845537079978 0.786099161591179 0.8255520726442813 0.8485958040570539 0.8883196069676114 0.8765484996696185 0.8667821030441093 0.8817561982517478 0.872915950785233 0.8797771851235892 0.9370916047057684 0.8603552000026886 0.8390274743223305 0.849500087271633 0.8617005970094684 0.8826195632437284 0.8974988498112634 0.8911332547397417 0.8889198401951696 0.830623374294893 0.8620023820117924 0.8450639483545108 0.7999189824626849 0.8473671897629393 0.8551776919048348 0.8737913854704228 0.8580618359429645 0.8879401115000486 0.8462069361517325 0.8096914414619533 0.7996375133486833 0.7196788726765678 0.6919871955382023 0.7169050829337327 0.6826408416620654 0.7156087272721757 0.670864171381614 0.687045313549231 0.6680760855978013
0.6669987369122908 0.6942178706681473 0.7827852823423322 0.8011708308778436 0.7549071679259185 0.8020039326620182 0.8015283435316148 0.8857543691194729 0.8710499269890399 0.8463824081961385 0.8466574362281287 0.9122154330362893 0.8949494831481211 0.9464311976264578 0.9005924502210919 0.9038825758237382 0.8756032625393111 0.8418009506635585 0.8270317672890698 0.8531085341201551 0.858018640647388 0.8833976889107864 0.8399235676548098 0.8090511435889775 0.7981514937769127 0.8542857196121586 0.8247530002729371 0.8270113397132036 0.8596246071001571 0.8875317518447582 0.888259143367096 0.8948865194874064 0.8312832359439071 0.8222311850310084 0.8062380614638495 0.7309213148196397 0.7167252534346548 0.6995477240184704 0.6744684499889008 0.708761204468421 0.6597417843861366 0.6778727765042092 0.6521600072547798
0.6900153145002685 0.7538059829733957 0.7480954428479761 0.8124934883263099 0.8005047458291272 0.8183251484060544 0.8252230056654392 0.8416467994744323 0.8745485386548674 0.8836902468853164 0.8353143352317663 0.8890510673718293 0.9491190364696164 0.938694724412095 0.9567699527607713 0.8971914292496742 0.8284785204116029 0.8599290265833054 0.831000583684418 0.828029193423537 0.8161336366119041 0.8643896976358404 0.8316594801212608 0.7793718199523145 0.7785247292926888 0.8320050689226259 0.8710347222323165 0.8593918768750697 0.8610765337450182 0.9243938427525594 0.9222952018314294 0.8739319191176772 0.858481857940508 0.8060661675697172 0.8060005133207577 0.7836667971527037 0.6947479298256591 0.6924685018487658 0.6833800095351963 0.7263136133981426 0.7078706888841116 0.6889385409477154 0.7344406169321396
0.7112308763798262 0.744730436020423 0.7820785113264208 0.8124627340969994 0.8149078767114384 0.8043109137253666 0.84063761833077 0.8699535962599152 0.8981399623209477 0.8406982140206822 0.876238795991861 0.8731476409185331 0.9279821317451333 0.926456764201487 0.9312327563806992 0.8637047472411388 0.839094298124486 0.8179285020808721 0.8622893012860054 0.8206223174630641 0.83528045900428 0.8602889073524815 0.8190155969052457 0.8295505616662112 0.827407279341472 0.8619007030261174 0.9033163159429837 0.8640503666793964 0.9099855049997908 0.8891121830674437 0.9524100137231364 0.9250695173743211 0.8537946188523686 0.8390576942179749 0.8214031488036472 0.7666787362355146 0.6989236969668567 0.6845117311298875 0.6988196718022491 0.7058888254103052 0.7466684855009145 0.7320999419891054 0.7375976961496337
0.7241237229824457 0.7718665515904033 0.7904056898435956 0.7834942382270496 0.791737421673413 0.8310353626211909 0.857333703987463 0.8982736702292304 0.8902391954196806 0.8996248993668484 0.8825822573037224 0.861921028611744 0.8677184882109932 0.9106483827222949 0.9005333990757931 0.9018390392271806 0.830204910750073 0.8674670675794275 0.8459542432822287 0.8365999228077062 0.7999167012401753 0.8792342513509874 0.8926016330661671 0.8869400851528004 0.8896318897211463 0.9110673064945266 0.8866431633840309 0.9392607777655682 0.9465875402785622 0.8871422707720883 0.9312147756000392 0.8755650634500131 0.9099716236096341 0.8392787242649363 0.8385684020438683 0.8026112440384161 0.778760024028309 0.7289374211082142 0.7125989792203343 0.7196359201662647 0.7509562674641107 0.7005314459752687 0.7317177113141702
0.6970524866703928 0.7464333939216224 0.7934442686091204 0.7654870829373946 0.8230331130864584 0.8254718254547035 0.8598912813974106 0.9151263932192535 0.9440997216306748 0.9163371235898323 0.9357084702526164 0.9122269695438254 0.8681714420167209 0.891021353990426 0.9302761881199942 0.9048687807691871 0.8541994291128019 0.8505267641872059 0.8401257950938481 0.8747979864957617 0.8504839864536161 0.8815331318482709 0.9095754814935214 0.8785460859659479 0.8713291921911568 0.8871342273173966 0.915421621838248 0.9334028586635615 0.9021156985504802 0.8845498497059111 0.8829316054623068 0.85877064039648 0.8631861203773274 0.8688453603482481 0.7992758117018993 0.7802552514518122 0.7398961447449044 0.7670837162511894 0.7627881794595212 0.7475017940008096 0.7553424249166334 0.6954974097933889 0.6769370531282934
0.6895955649558719 0.7639706839536444 0.7611003931647421 0.7860028330058778 0.8420021839662725 0.8685963906009483 0.9250732823433939 0.9379365621955992 0.9406152179828442 0.9231796086078845 0.9222818606701549 0.9304679920671962 0.8654427303669116 0.9117101336576127 0.8872195368161705 0.8638195296188077 0.9243633226533837 0.9037293290598605 0.905533552798147 0.8942016337959577 0.8464249333449401 0.912233774018715 0.9114543386817334 0.8803663553959689 0.9289494007482311 0.9224730174471806 0.9045632772870148 0.9235441042798926 0.939015704744703 0.9196181615159719 0.8495175015092797 0.8756891508064658 0.8662422133047494 0.8093417801050831 0.7545557346776147 0.7703551904256055 0.7172667283101829 0.7127366731202457 0.7506226074820131 0.7204640881057814 0.7224092653266186 0.7365084057398132 0.6770974665596523
0.7172147714816032 0.7497124136573113 0.7397442547177415 0.7855027121296223 0.817311661727391 0.8210945917196818 0.8384380195607005 0.8861995320970809 0.91051210873103 0.94014908316886 0.911340979167392 0.9023172182377951 0.8556318947388677 0.8812468464048608 0.8343515358778548 0.8636968042256289 0.8786792396506965 0.8792441098886115 0.9221852942251728 0.8944480727121535 0.9183545563960116 0.9303445230616385 0.9421726013571511 0.8835048382444257 0.8610922589159261 0.8829389056614867 0.9467474338938624 0.9564953630984228 0.9352329685677104 0.906853045652581 0.9091114983702897 0.883544537947118 0.8650175000414339 0.8078296893187267 0.7984725260066977 0.7848419679342733 0.7844015674121578 0.7248377964313449 0.7312526658266494 0.7860545551002278 0.7496243648475792 0.7176401286730276 0.7578095365748891
0.7429805759812601 0.773873949262074 0.7581650830770048 0.7552779550550011 0.8059875550707825 0.8264050537643385 0.8297989632304182 0.8422431667641479 0.8468964196959654 0.8834177085509619 0.9342650570482742 0.8761531572097843 0.8800703287041527 0.8361392638495964 0.8321007316445055 0.8206774400262404 0.8530677272847756 0.8680556397934885 0.8797726156019466 0.9158152428070769 0.9308870384813501 0.9101399834156497 0.9022525057843417 0.9027487756555309 0.8720828396654994 0.9276781545254377 0.9575159084451769 0.9157304859544865 0.8889053026125027 0.8614328047470178 0.8668382776651194 0.8794318261543187 0.8558374554885156 0.7746685622863653 0.758109321534409 0.7399803226008292 0.7827204608628064 0.7162051917233021 0.7525997805274006 0.772979096312341 0.7789897046382055 0.7767501343967235 0.7566446131315436
0.7935298660254989 0.7820120324041591 0.7815247032000017 0.8030893055347937 0.8105178523293746 0.815149565665309 0.8237226150146132 0.8470071299003548 0.8851559659552514 0.880750858414306 0.9148067826801702 0.8872459157650828 0.8218832238344477 0.8122058813786563 0.7997377692300405 0.856918064415685 0.8737700253986805 0.8613115338334871 0.8750439497991229 0.9166553762607146 0.8758802841722251 0.847825362407009 0.8582157726619748 0.849406075897119 0.8764030829758681 0.8802447961840377 0.9227216048974773 0.9459963541722078 0.9410733887298397 0.916413007528231 0.8675022897799014 0.8298887757887596 0.8413695374754973 0.8075637789885605 0.7759898943341555 0.776321162456168 0.7715179629253103 0.7169935569265797 0.7517667240114628 0.7752158592620169 0.7902884010243205 0.7906441087873006 0.8056278478333457
0.7663972042078033 0.7922879269825454 0.7923400951689515 0.7831843589040041 0.785540481217867 0.8184714493129968 0.8810487010944369 0.8706141873341886 0.8827715580494042 0.8408269645275517 0.8340175131263952 0.8670075494521946 0.8371469043024552 0.8088706220158602 0.8268070803436861 0.80271999859927 0.8004909499448167 0.8277444808738978 0.8610224155578918 0.8706631025556069 0.871467321353171 0.8240548089199792 0.8018946701710634 0.7953106201923915 0.8169201116096356 0.8701443785286372 0.8987553307756779 0.8885592108812299 0.9305767363780277 0.8795352334956306 0.8757002933897422 0.803709355141789 0.7761363460137157 0.7404989567373423 0.7042742696134306 0.7019450079060273 0.7192427380700872 0.7391162298570014 0.7073966918114853 0.7903467840905538 0.8441889085584406 0.8434992645457089 0.8565277596822453
0.776114439134512 0.7911869033020846 0.7621368092829167 0.7858207996138091 0.7693356766383158 0.8297944735988712 0.7990173508324273 0.8270510639226242 0.8252109765308928 0.8313485724214766 0.8585144143026611 0.875831000102476 0.8212063628488102 0.8166873896785923 0.8288141959537795 0.8400375996313145 0.8029229157819618 0.8212508826913634 0.8431200007133804 0.8339637921656899 0.8264088708625337 0.8235386367607779 0.8186917949021387 0.7944276569135462 0.8372280602701067 0.8484242084192822 0.8824957792774921 0.8612486540269338 0.8470751253336665 0.8356050270568225 0.830235138434496 0.8063158899963754 0.7232829425877494 0.717893544366669 0.6976072977161624 0.7387692115868189 0.7619916788308726 0.7156340340165553 0.7279607227540954 0.775522398630424 0.8774579451623453 0.8778625735394767 0.850400926959965
0.7532975331799662 0.7785212066682382 0.7354741664805298 0.7601244572802368 0.7390045451532767 0.8129419671878463 0.7943248834246429 0.8144085409417445 0.812350536481518 0.8287505915332769 0.8619065807438031 0.8341683500891549 0.8498297114393374 0.7974727494995466 0.8064220558702719 0.8024385337556562 0.8597723103600967 0.8305940660268136 0.8455697749377545 0.8252568625693231 0.8434539873136436 0.8655028205354958 0.8462058350273601 0.8315772333629595 0.8279093207944904 0.8028719737428284 0.8039658101532018 0.7753533796683056 0.7823287565999933 0.7986288933378638 0.8642868461835478 0.8138590087411665 0.7328263262196328 0.7576259295349899 0.6956985050450614 0.7138981660712709 0.7392402350112095 0.7294774298363914 0.7348570905119052 0.7708471683216891 0.8802030018497402 0.8484450287173341 0.9061098927085448
0.7193764747396777 0.7108744306063071 0.7153611433739628 0.7641614594445775 0.7885899686068055 0.7864021433730743 0.8059029706899662 0.7647435832584084 0.7758474554211781 0.8253323318298392 0.8084109336921065 0.8485284919469219 0.8837328547153536 0.8582757746810107 0.8491169994755567 0.7880200999405579 0.8047026245342699 0.7993849488321619 0.8543635976135764 0.8099913434476915 0.8497199626455139 0.8651658761125757 0.874580672143895 0.8998519989554984 0.8520208473743707 0.8489188799165132 0.800416659259985 0.7741464135385653 0.7644542515028317 0.7754087219391954 0.808520261526921 0.8076997860008546 0.7604781064852323 0.7436469108863153 0.7558473556131297 0.7539209081314111 0.7573820982449028 0.7379752416897101 0.7238790775163365 0.808165745242582 0.8550212264255322 0.8604572751363967 0.8897392371254546
