Raster_benchmarking/DGGS/continuous/raster-327.asc
NCOLS 100
NROWS 100
XLLCORNER 1743158.0143856157
YLLCORNER 5469290.944081568
CELLSIZE 10
NODATA_VALUE -9999
[rows 76 to 94 of 100, columns 0 to 42 of 100]
0.6309570621819134 0.6415595814792356 0.6704434380297398 0.660495838926151 0.691702857515388 0.7100596593451918 0.6930324038492357 0.708587788586542 0.6875393332430096 0.658403470918545 0.6632405279092164 0.6592086197123702 0.6607085144566441 0.643089625932462 0.6312815675483124 0.6192771962014865 0.6112736200427034 0.5918017109681292 0.5889782759389723 0.5621297027939397 0.5820769567985801 0.632333058404758 0.6590683153674951 0.6602588669736639 0.6250629108054043 0.6225131290964139 0.6341174514835913 0.6286988131380712 0.6477990731725056 0.6356845805178454 0.6623847631334343 0.6469118842661721 0.6752811035819641 0.6599747434373273 0.6725008737321976 0.6498621171902879 0.5913519768975114 0.5782097334335813 0.5773651353619079 0.5796518077959231 0.6012462959431404 0.6039581418163307 0.6175296548566246
0.6209891579254166 0.6372283498330038 0.6333063888104847 0.6469774270254183 0.6530637157015982 0.6989629502269139 0.697993412582062 0.6910531652314574 0.6811037485708903 0.6432032011694123 0.6375580695529411 0.6678297843093782 0.6437973064735617 0.6124853061341762 0.604306900747492 0.5897372187379752 0.6089096065716764 0.5665420622564403 0.577908987929944 0.557025739359612 0.5658249434239432 0.59290308154117 0.6498923448225028 0.6532355441045054 0.6123829002332748 0.6012144727595735 0.5950149816750665 0.6077970770460527 0.6249215420499897 0.6438953043158815 0.6336071063360013 0.6362064324081362 0.6527784724379856 0.6694630059684071 0.6655565983865047 0.6313822685763639 0.5901857162292655 0.5559259627991859 0.5493945932412724 0.5637259004303643 0.5684107509214438 0.591490528626751 0.6075098241236023
0.6075583984497528 0.5989031745084263 0.6097343330049564 0.6238434813550283 0.6516995815943896 0.6663965807946662 0.683226962486915 0.7141720173901225 0.6885195996829349 0.6560186126101688 0.6454556852613678 0.647787956291831 0.5969131022621489 0.6000155425845112 0.5930459279968452 0.60341385321835 0.5976676512044148 0.5688512244675471 0.5423812057107362 0.5390157391163646 0.5809775921602301 0.5894857707556566 0.6377696127799961 0.6354374966326016 0.5935119111510592 0.5852186479328614 0.5647580710771819 0.5813078186970865 0.6395829849234206 0.6480717825297884 0.6722877349039481 0.6410273663162791 0.6612203918640429 0.6532645404756182 0.6547650058377069 0.6330010648583482 0.6187902366122225 0.5654084474384861 0.5673008542536544 0.5837916606796233 0.6184105173615012 0.6132589960826302 0.6304321664671806
0.5826184844718274 0.5896825614099743 0.6044931229932458 0.6348132209115113 0.686384042114938 0.6609522293460277 0.6992472854225136 0.7003269089634954 0.6898541339993661 0.6497356856518901 0.6490773021868548 0.6159748678657865 0.5711062880704525 0.5697059097812651 0.5477949046088927 0.5721836783336093 0.5638414369291738 0.5300757861124428 0.5257077340557136 0.5500011796198426 0.5411849959245112 0.5727088612051775 0.6148336448400741 0.6288773269865028 0.6286974468234601 0.5905722952212684 0.5748000334337632 0.5919561164879575 0.61897573235132 0.6567415754167532 0.6767138882139337 0.6630882874388718 0.6456062041220664 0.6424790610838849 0.6421806984689553 0.6201411415334731 0.6370955885974658 0.5958981685547092 0.573548069408215 0.6070203074306924 0.6321608975814402 0.6219223072043101 0.64776299287596
0.5803417953946282 0.5843842932223128 0.6106540622887636 0.6482461124155442 0.6704348567825547 0.66819226661252 0.6575513546340754 0.6723029708214662 0.6417910583961286 0.654779300103667 0.6280392851622558 0.602500886870126 0.5948153713714444 0.5693975083083501 0.5404647912876329 0.5149329979056932 0.5181290514126274 0.5366422017556142 0.547151600499091 0.5651218483363317 0.5549120122001485 0.6014515048724739 0.5948726754197664 0.6081000364588549 0.5941636921695227 0.6124105606533353 0.6107739570352073 0.5869307540126204 0.613303187938681 0.6110541139444285 0.6358378987193755 0.6301669637736049 0.6269302021854795 0.6373794871898243 0.6328594381273944 0.6549913989276199 0.620871736533011 0.6035011859561107 0.5721111281883982 0.5898171912634707 0.6030924413778657 0.6579980491283807 0.6557751754015352
0.5396655895570301 0.5645553023357549 0.5636227839203651 0.6186164433207822 0.6527180940880731 0.6324322833117493 0.6316442020543116 0.6254121994997882 0.6342094425218053 0.6481938976450188 0.6423680541014607 0.6039023125698024 0.5535687737643036 0.5581279715103629 0.5166814829308202 0.5278707698181881 0.5206700959170093 0.5381507472857661 0.5240291138715103 0.5629229850613028 0.5895778920713329 0.593022654941023 0.6061469122682518 0.5651158153236066 0.5776352830634104 0.5696521496496058 0.5822339259248803 0.5846637788580329 0.6104951088605993 0.5888771419716747 0.6010434931611732 0.6370783658141461 0.6652365571208538 0.6652500487487464 0.6578718973634206 0.6304776440569543 0.643655732861011 0.6445542511768156 0.6052343406120199 0.5930162675165722 0.6183404642519892 0.6608532695378996 0.6660537140029335
0.5564404871922325 0.5856214236939039 0.5604345292931902 0.5897092573858248 0.6256837039213172 0.6573163011471949 0.6488529535426365 0.6425555659992312 0.6093914570480664 0.6147640505582926 0.6186216231883057 0.604425666478604 0.5758471904957191 0.520296369148953 0.5312638679855924 0.5031924165614816 0.5213004243505234 0.5163263193217794 0.5217352062359668 0.5603535467749825 0.5516788761441748 0.5574035161952584 0.5729032034222096 0.5503157297661493 0.561352884723852 0.5889143653472073 0.5798585363747091 0.5632041177041708 0.5562700974644956 0.578637478543613 0.6181841569661836 0.6167850766740532 0.6491761791665459 0.6316843308103948 0.6197227781747546 0.6515610621097798 0.660517575564874 0.6473192734043387 0.607722296649552 0.5979592042566675 0.6282421663361818 0.629932854142115 0.6565335419150079
0.5770722417271518 0.5645376758037102 0.5868788552928497 0.6169849430381757 0.635863869759625 0.6249332612201344 0.650630637794612 0.6032220719977689 0.5888708948482602 0.5849689952098008 0.5839278966749207 0.5936806706536402 0.5737793589656681 0.5556031590246338 0.5073262737085372 0.5185208376961518 0.5208945945517517 0.5272386038720751 0.560589163132607 0.5596522246073712 0.5485383479599836 0.5211208980256505 0.509481936437073 0.514484104378123 0.5555562853571265 0.563375122038324 0.5856587084424502 0.5831777803948319 0.5567139444184789 0.5629097749033557 0.5876593387718211 0.6052138178021088 0.5937876726916589 0.6278254379020177 0.6093320066297516 0.6184963269137187 0.6663709011763063 0.6516426541901497 0.6168396830918488 0.6144761241546264 0.5927690316047005 0.6329084092226486 0.6442919624433555
0.5369007626970712 0.5391834056731308 0.5519274652308356 0.5815470686738025 0.6227618721456349 0.6128230803117751 0.5950216797365102 0.6104158750391352 0.6043636602460153 0.5737289020271085 0.6026004894425077 0.5731823241071567 0.574888413434811 0.568012238428704 0.528448066509445 0.5165917730181099 0.5181592224057656 0.5435602394236592 0.5558018000699173 0.5488717755641397 0.5721084397757735 0.5302982117850624 0.5420358626145616 0.5262357160392326 0.55183266427233 0.5516067306148301 0.5660797453961408 0.582009670094854 0.6001045162923432 0.5837833023191196 0.5698940706383222 0.5751620106856881 0.6169099096187945 0.6238315812586082 0.6250662898972459 0.6272846216327564 0.6345272706749157 0.631789637852449 0.6315051550178259 0.618527569541152 0.6000181451407716 0.6157369816377561 0.6554980830777266
0.5065153395620846 0.504701396580562 0.5087856496352955 0.5440684287848175 0.5757948020653548 0.5712937794303177 0.5914653732761429 0.6037993670100139 0.5786129315591159 0.6142832303836538 0.6228143923112173 0.6182595889304148 0.593689127821054 0.5443775611900652 0.5169069712171803 0.5262348614162577 0.5312997088660625 0.5747440257635484 0.570418567031869 0.5691714364984745 0.5716414333490236 0.5425848413415557 0.5628713717806344 0.541819623571788 0.5311241158741119 0.5591610420889143 0.6009423606737023 0.5974195399135837 0.591804285434372 0.583637899574415 0.5945357567351827 0.61913820477406 0.6115952970335152 0.6263818618635326 0.6221537854807643 0.6718287603914982 0.6719907301383626 0.6377803607342133 0.6283686128319946 0.6554363004316274 0.6379806810771262 0.6216957925234742 0.6240632380606109
0.5186432692155665 0.520088309896673 0.5208543039491274 0.5558811815496663 0.5805618446111974 0.5757669545838457 0.5924488657282369 0.5575992552060759 0.5655805913288108 0.6000044506463261 0.5967252252768814 0.6277754679540106 0.6072563374194102 0.5621057852423781 0.5370427100775977 0.5393850406981656 0.5652408065980389 0.5823563192981016 0.5643799154651841 0.5613404760082579 0.5827205030652622 0.5712282888458502 0.5317036204928627 0.5214507456272424 0.521161579604944 0.5816898200801836 0.6009517657341512 0.637549461985847 0.6383718026957748 0.5990290493000375 0.631801144170959 0.6191273929405874 0.5995536749501685 0.6277265094248108 0.6418025817964569 0.695964771863858 0.6819373128715204 0.6643963093594163 0.6612694036928335 0.6690370783408531 0.6320096159020405 0.6174923234846224 0.6343893954087461
0.5077168237568548 0.4926617122805201 0.5056602795860835 0.5379073090783085 0.5461248439186139 0.5697849558299322 0.5577142797288253 0.5477787693653934 0.5700080493682359 0.6025266253895738 0.6028343538174631 0.6125836568310534 0.6032306401973392 0.594928189474157 0.5816616703111585 0.5699068063166075 0.5760716727031862 0.5956422424271106 0.5868228667562769 0.5841009752949373 0.5508928137892329 0.5713853139608408 0.524296433842816 0.5332493706578826 0.5322524395504181 0.5900478298391664 0.6412437433896653 0.6228273722006562 0.6456529893302712 0.6469347468394934 0.6294522017636088 0.6093982016999298 0.6244179280277331 0.6368457558750756 0.709935669534817 0.6878030742423412 0.707329445369697 0.6933230713948646 0.7256844831337338 0.6907758976787722 0.6437807608471579 0.651987874392365 0.6244043728182967
0.5119104821921788 0.5055148838237843 0.5234755945105253 0.537553570695536 0.5548251317977142 0.5743054352217812 0.565612594935016 0.5510663105890286 0.5855310397339369 0.5713453602991211 0.5947843790133991 0.588116406834748 0.5874118847237567 0.622361943068576 0.588420843830324 0.5937865131574591 0.5736708129093188 0.6000449336130155 0.5780461986365723 0.583406734410601 0.5657677727415905 0.5518817718499737 0.5535150906132127 0.5610130717894446 0.5840877193379292 0.610630034217183 0.630190018355398 0.6502769648924323 0.6240665837193046 0.6282323524797003 0.6194978462654174 0.6414745988172456 0.6545810159621287 0.6603138177216906 0.6994383168699202 0.703140705655284 0.695176156519933 0.7188887491297881 0.7160529287922552 0.6684461416321087 0.6580558443099451 0.6529877435958098 0.6339073850545669
0.5449980567530738 0.5250195730514909 0.5337775205269096 0.5570212182469387 0.6010375768590026 0.6029295342493549 0.5667157569891335 0.5684586709519347 0.5764545328994074 0.5740188564138995 0.5893620000620221 0.5960159067158295 0.6002794070840844 0.6270863589529211 0.6208569593640016 0.6025150125765295 0.5781434253306441 0.6192703736098871 0.6043517153258583 0.5591215333996149 0.5390311807131597 0.5544904484183132 0.5395236720812664 0.5434714204814634 0.5696275891872284 0.6164290667309787 0.6241335581221537 0.6561421205763416 0.6478537255493582 0.6482124735670881 0.6591577940083468 0.6734502385394484 0.6762752500885276 0.705782211944493 0.7144811035284585 0.6990065299483341 0.6933517628898648 0.6907866044963563 0.676551431104894 0.7018218326882465 0.6964588740014198 0.6925197667646498 0.6571705742713654
0.5652536668276456 0.5703746848950999 0.5751374422985875 0.5786604062586732 0.5931636658115498 0.6111398087557801 0.5966981134911771 0.576675473276201 0.5728191183212408 0.5889454668335784 0.566736673565555 0.5925941675385568 0.6051158717356385 0.5955732712211166 0.6066981954337856 0.6024996939529397 0.583035798597403 0.60966999756161 0.5877446620859429 0.5798483877143346 0.5689907713620227 0.5334110058846422 0.5487407367770214 0.5455684406797456 0.5530327996720005 0.5774446156895756 0.6047149344998098 0.6272148535033167 0.6359991996151696 0.6618800089884551 0.6891709078837146 0.6961015569671274 0.7072093403997313 0.704191471166519 0.6973393674022861 0.7216421420733813 0.694778098979739 0.6822036490113244 0.694656430502305 0.6809739892826578 0.6890979676275698 0.6944367089894452 0.6796763881259835
0.5966798627618823 0.6144565533948642 0.6070403638955237 0.6016802847679421 0.6118559464566871 0.585140163848295 0.5862036223737458 0.5649272895755113 0.5935734588070839 0.5906615125144163 0.5776976991740957 0.578399389357025 0.6225104143565198 0.6180502442490117 0.582929388546619 0.6199241421076866 0.6186140265948896 0.6156340790501715 0.582467375672155 0.5799396065636084 0.5809036040711937 0.5655278657263676 0.5252787933175657 0.5278281889244862 0.5323117416734975 0.5797318502691582 0.5794208863913601 0.6215454352028456 0.6297039816436572 0.6421035799507918 0.7087557683552205 0.7089742165061131 0.682109750490714 0.6973357163861781 0.7276924235021117 0.737723247205608 0.7286407687080343 0.7206348856440816 0.6887470221120532 0.6627928650058033 0.68615707285351 0.663759045932862 0.6549806576219062
0.601364047845107 0.611763517905082 0.6010386656300337 0.602025978721312 0.5907180556737589 0.5587052612511598 0.587674839600952 0.5760133543866423 0.5645130184759822 0.6074195404139905 0.5971406120014665 0.5887802622689507 0.5970852263738414 0.6063348082505884 0.620957125332364 0.6229468294675752 0.594291086064531 0.5772897216627754 0.5816590748893997 0.58461740427996 0.5739178907605128 0.5450072200421141 0.5744557978827499 0.5752505172344232 0.5528271528733989 0.5776263657863515 0.610436553148661 0.5952016638611269 0.617097083209486 0.6467576487979413 0.6680868658176788 0.6607081165256562 0.6571406798492483 0.6939456891091894 0.7173374184556238 0.7021024181385481 0.6977029985266472 0.7006587302324455 0.6804746789831927 0.6547445230525941 0.641587549233746 0.6673883410233207 0.6363264742170304
0.593723215601968 0.5948300447403674 0.6320242140147716 0.5859818831339042 0.5609836143623907 0.5660848247731801 0.5500485080065528 0.5485949830819828 0.5708531646047318 0.5989611390024114 0.6186445546107765 0.6117557516679201 0.586738537859963 0.588574856508175 0.606647399637614 0.6112841702754716 0.6140893661841578 0.5822909897070248 0.5822864703447951 0.5945945844372765 0.5476194009269978 0.5664147068452784 0.6092532656757262 0.5947120061293867 0.6019271221168515 0.6296448604310377 0.6278645083868006 0.6245071549720997 0.6186354398163162 0.6465821842657717 0.6391451051728343 0.6480055628952459 0.6648123281867044 0.6845759218839613 0.6689692816471619 0.6736586899021415 0.6805812658774671 0.6738619681442556 0.6786007788383985 0.6488328015471426 0.6325499338447872 0.6685228955787912 0.6306407623549121
0.6157399878711448 0.6112415824645345 0.6469541587592706 0.6261933706922267 0.601249122225131 0.5451232707170582 0.5413738062907533 0.5576961786988914 0.5713369307793192 0.5934452024343023 0.6057256113518396 0.6113017702168534 0.6093884154287665 0.5996751032535056 0.6268569405455708 0.6348213903040305 0.6408379721299432 0.5927009074427356 0.6176762508288438 0.6104564852977539 0.6050792302120791 0.6222157834363546 0.6397822629282965 0.6248612811506261 0.6247615987829989 0.6407867115039585 0.6084712922698926 0.624065625224684 0.619944023412546 0.6243903005852893 0.6284778293754391 0.673482742190107 0.662008829087602 0.6821402047155034 0.6991502751674978 0.7040334951584334 0.69349905498117 0.6653742118342183 0.6907942108624571 0.6755041519112985 0.6693147756263252 0.6547303415417701 0.6478604076488134
