Raster_benchmarking/DGGS/continuous/raster-86.asc
NCOLS 100
NROWS 100
XLLCORNER 1743166.8687702965
YLLCORNER 5469281.326857297
CELLSIZE 10
NODATA_VALUE -9999
[rows 38 to 56 of 100, columns 0 to 42 of 100]
0.28789061892391754 0.26817953338789374 0.2930396294417473 0.34782005660370663 0.38548658295862837 0.4211227362083139 0.4369962850428034 0.3960424959640764 0.4047850246355633 0.38844882277322296 0.34028687437688027 0.2925930246894259 0.30538938365021695 0.24302790517851275 0.2313904095282865 0.24608357431084524 0.2026229999449887 0.2101260199619776 0.20051173990246177 0.20266882930491523 0.24323525723309694 0.26979921048933897 0.31755268826123484 0.3135433319566081 0.2871539292818316 0.2698097894138002 0.19045449849746438 0.2111231803444228 0.21033030230140873 0.2106749848807313 0.2698920059437143 0.26773123690918843 0.29607654113464205 0.2540080204822516 0.23724701488508967 0.28702994029796713 0.30142136354982496 0.335042999884573 0.34544256624065595 0.3234252560634606 0.3425666779715534 0.3353721710629324 0.361488487612622
0.3049644674562535 0.28373523129929795 0.33646907518433594 0.34434085251490854 0.39863204468369434 0.43349790792960674 0.4445667222070997 0.463793336302459 0.4248347344664791 0.3870794053830514 0.3634991512276851 0.34686301926814117 0.33169855473574456 0.3075551031579692 0.2758351730566131 0.2794540512118183 0.26505166670319824 0.20559076306000304 0.24704753778160807 0.2517462028008574 0.26000372621703044 0.3184172054064461 0.30624287664118366 0.2998843298465911 0.30283319932411035 0.2346191143693591 0.2226402344403416 0.1691886216939128 0.1693697122153158 0.21418091767916195 0.2531245787526968 0.2516010369642219 0.2270692495543996 0.22309621767937826 0.20446713158113208 0.22420823412316493 0.2773245328705118 0.2883180443925527 0.3240314130161151 0.3483377852060451 0.380725437956194 0.3486022803749357 0.3301304797403246
0.31479091746171295 0.29920121826711776 0.34193813425127256 0.34805095456588464 0.4067563849551677 0.46703747549443636 0.5021837530909092 0.4747107883667793 0.45082775038445433 0.4426333774229142 0.4222214239808618 0.40326513625434335 0.34608344218951853 0.3795203142247994 0.3480311301882267 0.2823173598908336 0.25517851378873363 0.23800039288297034 0.261588507101545 0.273404628607949 0.283852196397989 0.3297283855488918 0.33731463114686383 0.328661623877929 0.31345496965692743 0.26738097882466255 0.20950721079284912 0.19796855675309866 0.17430997904849976 0.16076610560526738 0.1676417989355287 0.15385379311782996 0.18508847612921184 0.20630051598270135 0.2589551912844049 0.25594477227502577 0.300619760333204 0.2962473968867112 0.334556016667479 0.356692580674454 0.3782256040510779 0.3491392799290838 0.32717933656154946
0.32343261757682 0.3576286211968767 0.3575545711979574 0.3470810215794151 0.43399033536186815 0.488468483049503 0.47740792522451675 0.4958079268174968 0.4272901969395146 0.4168342282850898 0.45355877702947245 0.4373085767632786 0.4101417438346646 0.39839142681842243 0.39369911798500856 0.28698279657694215 0.312030274221059 0.2790887505713435 0.296909618509448 0.24145395484751248 0.3154481096838745 0.31447148742736586 0.3371611502739643 0.34749643007818964 0.2905353128136526 0.2840540111972213 0.2557923303227188 0.2763287897794662 0.17233116685805244 0.15038204163650867 0.1803657214390498 0.11912074212471857 0.1600350219192095 0.23768817258008645 0.2725891773407592 0.24922453030874062 0.3178579958865985 0.336279199413253 0.3623545824015695 0.4254171000020985 0.3881087428188665 0.3087643422918955 0.3088877776712793
0.381094372893909 0.39561395763833246 0.4163028218406789 0.39802001928186265 0.4473836428147035 0.5106438550999948 0.5139873313477165 0.48364490506897895 0.45947568566795605 0.48019726420080283 0.4816324441521607 0.46040890582329935 0.48149589539485016 0.4416702539026312 0.4268925599200606 0.3913963161443384 0.35324261477755287 0.3496842904374745 0.28317959380625196 0.29514603987123733 0.30832428857423005 0.3506087020367634 0.3356372860616436 0.3025872835273467 0.2930911583509796 0.2436642697919395 0.25111163143656606 0.22000904103390723 0.1817360553299853 0.19000015488325853 0.16884557785844656 0.175009780179743 0.21074287925781793 0.2339432311815552 0.271666871221621 0.29651408907626636 0.27041843401298976 0.3228734091107556 0.3789642463559534 0.404966514648334 0.3901347880023944 0.3515771703047245 0.3591883869391078
0.42711814541131354 0.43415959069249216 0.44285145420637123 0.44580524538860056 0.4687427842389975 0.471632835125649 0.47215685588069156 0.49760582841753503 0.5052592987092204 0.5363511356918305 0.5432522234044449 0.5041808460871094 0.4927665571238358 0.4920700314753591 0.4716586762729942 0.4230543116172383 0.38423465967238707 0.3856460988627725 0.3438178422951866 0.30834009334362494 0.3516378981759841 0.3511169391102953 0.3275158100786338 0.33719592899055173 0.2965659747438454 0.2692445843920088 0.23902949536540866 0.18087092584902342 0.1680573900482568 0.17654385038491224 0.20787218132988186 0.2123398922049515 0.23271973638611268 0.24919319613280239 0.28287047451030845 0.2674531416934849 0.285502104868811 0.305646198597928 0.33091973574015804 0.35381627055114506 0.3740841933171271 0.36030001370393644 0.36322995576827144
0.46197717838551805 0.46463626320313295 0.4712982494111658 0.4376626871238769 0.4102547500312154 0.431250526916845 0.4614600940239027 0.5074116880111798 0.543299840107536 0.5374212792632638 0.5368554545538569 0.5647754013992411 0.5479627402235411 0.5545545243575244 0.5192346372643183 0.479260498642435 0.45487918332777566 0.43878617039933393 0.39606850839864055 0.37287709947958547 0.33175363199475855 0.3080433033595433 0.32823010706799705 0.33342578949457635 0.3071191164279896 0.2663244372494209 0.2166620950214157 0.16242180161603595 0.1695932996936863 0.19396097726496916 0.1930939149644543 0.19339027936219735 0.22307642633088964 0.2549298645432068 0.30877752464490144 0.32914389607783606 0.28473970813680477 0.289695488190283 0.3551694368255721 0.36771227614071034 0.35001225584308654 0.33535913221399677 0.375878332310055
0.538629310957442 0.5095808124937802 0.4958055404800711 0.4265646012496338 0.41552987397449825 0.4196433843069051 0.4761742932510705 0.5228630867660089 0.5294661272099729 0.5467910594532562 0.5527891430143258 0.5728448934706918 0.5777378840028227 0.5935492124884288 0.5519858136350925 0.5353503289480046 0.4965762830607903 0.4277570027206069 0.41860107976528327 0.38568413801566176 0.3766207773456983 0.33708828807857966 0.356044383734907 0.3060747617250844 0.3069629590311562 0.27832051208748143 0.2391480046423629 0.20894384242396058 0.18376265353424137 0.21349085499839598 0.1982145634358155 0.16212994605086783 0.25305374544370346 0.2930810762695923 0.3339825005957099 0.3525720165919311 0.3123179300514258 0.33758883097633036 0.3199330276109913 0.33430707481361105 0.3689028364533476 0.3716681893169908 0.4185418276479427
0.5475282889372864 0.5229644125743621 0.5118575697840779 0.43869232320382273 0.445891076482311 0.4287514060306962 0.4723062853439476 0.5199015704970156 0.5174716517916844 0.541395946944165 0.5725277323932297 0.5890151589365482 0.5639116070772618 0.5730554415086969 0.5469342789537568 0.5524352518124948 0.4911318460905841 0.46802811535333183 0.46601932382966615 0.4232070276498019 0.3829249105946636 0.3533096047335879 0.33644315183393764 0.3131993382230676 0.2951571757182574 0.2875141835537826 0.26625735287585506 0.25087134224815144 0.24165511437476866 0.21523645725853155 0.18354082859241086 0.18573569382765936 0.24635725114247684 0.2511789889514458 0.3260983198884364 0.3319289360275394 0.3124511009333613 0.31212947646255096 0.3134925370692594 0.2915409416707456 0.33834533256948585 0.3298026956046053 0.3919173836091379
0.5690439011225865 0.5257047040137127 0.5294607258505409 0.46105913634053913 0.4456620101416442 0.46357002273194525 0.5039925662430558 0.5613300927370056 0.5685094418198399 0.5319066267842537 0.5621469666189979 0.5373003703041461 0.5671015670953028 0.5657528955151057 0.5632581163612806 0.5144292888907654 0.4722714949279904 0.4809678025211866 0.47917249672783835 0.4613120542812811 0.4351491513897621 0.41927346958159234 0.372176798401383 0.344699124972965 0.3342154843453118 0.3195366527792425 0.30662209953940517 0.27911014488432234 0.2550613753414963 0.2195408300426417 0.1696478372540767 0.19516155369540392 0.23585024096831692 0.256936651730176 0.319065502879141 0.32431389238446373 0.32686958195585475 0.30223006093094834 0.2811577750094091 0.29037826626578084 0.328902309661988 0.3188611172415895 0.3127153336809934
0.5570039116703668 0.5478958112882282 0.5195407026055451 0.5241048178175115 0.5071741328373995 0.5288971900032255 0.5671249500007861 0.5532187306295708 0.5391036762224948 0.5901907309232792 0.5843272485982776 0.6182942138658142 0.6222370535272186 0.5999275459577503 0.5877081840289897 0.5336611172915515 0.5300335497370376 0.5227984796954496 0.499512891493398 0.4686570259601191 0.44263085827520376 0.4201570420647733 0.39504993811217926 0.40267519435211163 0.345204962880183 0.35982028662493676 0.30790766691590293 0.309653296031236 0.2544668277333362 0.22261811227596442 0.20064520791373405 0.24996586220773484 0.2807294336272594 0.3096541986029904 0.3168165858058581 0.2952422126423167 0.29305315118337316 0.29742965681416983 0.3261137162534267 0.35207198682612323 0.32952438296373854 0.34290716419386924 0.30915583082823084
0.5254981783184135 0.5418397246348595 0.5630180401065471 0.5331439913195866 0.5340239529268024 0.5864949031294826 0.5514983894824592 0.5530178525097712 0.5398271876470662 0.5830804356802681 0.5774336758746869 0.666919769193154 0.6263132776980564 0.6430198121201433 0.5882486413377582 0.6063538673824105 0.5379080113183606 0.5524170310058352 0.5293201771781344 0.5274970962583717 0.4954369413455142 0.442290668410746 0.46602971530864973 0.44520309149482373 0.3654051010107882 0.3654637690483036 0.3734287224102862 0.34918151801602904 0.30908166678653765 0.2569441564983218 0.22131806488871816 0.2389036909392207 0.2764608960327988 0.32462492048961716 0.2859563496436991 0.2910054402829243 0.294391245224382 0.31292082290014694 0.3500787386765031 0.35278084695693995 0.31416577487741737 0.3156637614695567 0.3305545394396997
0.5190783660056837 0.5710810064782773 0.5999609773817239 0.6132840405809471 0.615744252970377 0.6121288678313505 0.5813034918333706 0.5514339924295507 0.5989895546571459 0.559234957474133 0.5728057467426683 0.6001344998507392 0.631100750478504 0.6321365497021705 0.6054861001165148 0.5854895484051216 0.5761732426811245 0.5581185965305058 0.5443003129335484 0.5027215990804949 0.48410361643225147 0.5061889329671408 0.4950728889811837 0.4762711829209646 0.42111726276581246 0.3975045779685423 0.38866839005640313 0.37826389849111264 0.34668540437435413 0.3251539123382797 0.2866169276603739 0.2674277717236304 0.28179533458731065 0.31115608313101284 0.2940636920038788 0.32902867000451974 0.3326303022096482 0.3018059319551791 0.3250198146406814 0.35317201454948355 0.3646825867292041 0.36719132772474383 0.3638383265923827
0.5196177133630848 0.5571223241966424 0.6184350077044524 0.6538273484823593 0.6545916816314975 0.5900254326868535 0.5672203639895335 0.5681136829162795 0.5951163551327492 0.5700965853389888 0.5718596075295599 0.5769608254075989 0.5647390812837232 0.5824180073233594 0.6043811304813692 0.5899368183901198 0.634639904264356 0.6170443587463867 0.581174112983988 0.5292287467377982 0.5391264297281437 0.5395313649659846 0.5135277258699565 0.46707049521706073 0.45706480316335424 0.4303955619872598 0.3821176026879344 0.3623240436993643 0.36435377570138994 0.3452299006670409 0.3074383853117434 0.3414147514743178 0.3266984435600617 0.3126953341721139 0.30388762261615704 0.31743234081584015 0.30643427845736687 0.31087531506233873 0.3343298449380261 0.36222741427845406 0.3594899784630581 0.3259384415240973 0.35866195683237956
0.5743090721703735 0.597263558136615 0.6672430321658532 0.6834590348917725 0.6838905617689898 0.6914809284497637 0.6470501658904376 0.6022505098579229 0.582212745278027 0.5772608486503551 0.6216053644778916 0.5850655277705104 0.5555543141241647 0.5657538892756758 0.5943547180756391 0.6355684537307017 0.630667162853817 0.6305474955503252 0.5858884902199321 0.5617180781462934 0.5803681613286461 0.527085918235099 0.501766229222391 0.4871746698481997 0.4654945404599556 0.4566978718050885 0.39120966366312554 0.34465203534191496 0.3344626756992899 0.39156439015402744 0.37549817140779745 0.33129331569520903 0.33629246893874615 0.38047319150167286 0.36961354575069105 0.31572379800165445 0.28374517219280304 0.2836755122790669 0.2974869672810869 0.32677132760528027 0.33395529814782987 0.356043722078206 0.36440197928570534
0.6333151717292048 0.697286548205418 0.7219591146974982 0.7323363493292628 0.748157088927015 0.7340773167443938 0.668962089340369 0.6497368120526179 0.6604501718662056 0.6324637941840072 0.6227717733787841 0.5879958677556404 0.5627907103935846 0.5647408199190729 0.5756454753830297 0.6651241211603205 0.618810025958464 0.5694984638322779 0.5786614440370506 0.5803927351393938 0.5765998772780402 0.5594635280545951 0.48371281730336596 0.4678913671766244 0.4601916510134446 0.4346076554741294 0.4011307163217708 0.36531301965028273 0.38553939493824696 0.3891512001245266 0.38016769507257286 0.3569615696358686 0.36563626238141733 0.3856179768333293 0.3831750705302907 0.3493791872037769 0.3215096231161487 0.2834042090053133 0.29213592762058166 0.31760676007874145 0.3276737182050218 0.32699741775323843 0.33243094264851397
0.6828910728129429 0.73441967581162 0.7391005724492008 0.771814195843592 0.7735252673213285 0.7393756512190457 0.7087438721027901 0.650694646121407 0.6569887389758284 0.6539571846427409 0.6253319133733065 0.6146408057762586 0.6238793244197613 0.5901525722840306 0.6053181634461163 0.6223670643024355 0.5880631720215922 0.5788624910350827 0.6034769541333759 0.5699932749854005 0.5666044686978418 0.5022185526558733 0.46334754858222943 0.4322979747672137 0.42554018538477856 0.4479946171224708 0.4180293531723621 0.3743634467083473 0.40119578653332344 0.3940332355902356 0.39383285120644057 0.38975677072283843 0.377362715165637 0.36202720392401844 0.38133371038230673 0.35228316259128956 0.29503623591212313 0.32205552206767457 0.31288342666570884 0.3796487667552477 0.37229804744135225 0.353317853588907 0.3260600476090875
0.6991646011586539 0.7185950782119785 0.7338269400545117 0.7655781034436028 0.7705429107578119 0.7709656284067665 0.7499855522118537 0.6980358194117962 0.6997509934120392 0.6743057970532321 0.607586895258485 0.6450893042985781 0.598708899441537 0.5769835800038455 0.6154583408211282 0.6308344553371538 0.5952833806448339 0.5879717293101911 0.6038458199722343 0.5829055944961038 0.5518470961311702 0.500260189503483 0.468576911749962 0.45198411600867505 0.419369414365465 0.46144148260562323 0.44952042468732445 0.4242174199811604 0.4108935826191058 0.34535975058730983 0.3723390502197361 0.3642283024978742 0.37121237274776053 0.36811142687148396 0.35380923293054223 0.31501533112669766 0.314769873492623 0.31174788715896246 0.36868512840326084 0.38925436823673043 0.36566886640586443 0.34997437931474484 0.32036786515335175
0.7481524473446349 0.7078028291765535 0.7489702993714874 0.7636028191745193 0.7308210627116991 0.7129015485419846 0.731819054925334 0.6909699171412672 0.6650539437773044 0.6517163933109903 0.605338809221375 0.591367016488184 0.6004877007362234 0.6321737479376692 0.6469999886150126 0.6164765926809225 0.629250843473024 0.6042312769387126 0.5446760353567601 0.5047059627480329 0.5004691668788956 0.4943692184873404 0.4608081305748885 0.4230716299583495 0.40629500642378125 0.45320205187103885 0.4635691420059852 0.43986501472460937 0.4277488130877122 0.36562012158064533 0.338657189387537 0.3509367279674018 0.31113486223013104 0.3661796868631797 0.3331219583748343 0.3172636401847711 0.3399045797540229 0.3337627229075735 0.38711241206091573 0.3998496724625488 0.33732129599129 0.38567081327522207 0.38776527341984396
