Raster_benchmarking/DGGS/continuous/raster-133.asc
NCOLS 100
NROWS 100
XLLCORNER 1743157.8752793563
YLLCORNER 5469295.733889674
CELLSIZE 10
NODATA_VALUE -9999
[rows 0 to 18 of 100, columns 0 to 42 of 100]
0.8875125978374795 0.8668968641757893 0.8414530248740665 0.8345613178695276 0.8335159920963073 0.8008881193492211 0.7660176138873314 0.741023021849794 0.7081630431829755 0.6813357196212512 0.6656663654252387 0.6985406399876878 0.6921025727959594 0.6959490972564092 0.6748811066730497 0.6738875214266288 0.6662189336516608 0.6436909389403961 0.6434995389258781 0.6191773185096511 0.5876773039047146 0.6133133567473658 0.5831685067097571 0.5831810484002334 0.5632440040927972 0.5447583134133006 0.5557246204060425 0.5842336636540871 0.557439550636087 0.5658047313385167 0.5542296730702966 0.5569701935035761 0.5403601916119836 0.5027298337951163 0.5008913972248507 0.4988088102763212 0.49801942729005066 0.48547216364219403 0.5005439542135331 0.5030631987742843 0.5001036133045696 0.4886160289283772 0.4981796321916834
0.8990610784619294 0.881582304836917 0.8734816103815062 0.8233718665750522 0.7944440822797734 0.7972303518840611 0.7824976790518486 0.7142135234557615 0.6924429499214129 0.6643430716690635 0.6916084308560982 0.6877031228739522 0.6624107436631806 0.6650304862490745 0.6578219739756345 0.6388581342768664 0.6590010039277007 0.6747282454937018 0.6278579938847534 0.6037475996513326 0.5948542527528214 0.6094683224276586 0.5804308536480808 0.5868324114099557 0.577123691088336 0.5526724299714805 0.5527043325158909 0.5604900050087872 0.5759045791868908 0.5565007929597586 0.5571964406172035 0.5718811706679168 0.5635966173231043 0.5102648506132836 0.513307912565574 0.5358741677478693 0.5166314702531212 0.5056547736164136 0.521514273352667 0.5079547300988047 0.5097921781037319 0.49611137631637003 0.4935100363462279
0.9025857532225906 0.8630080740834409 0.8779844768746344 0.8344699580048827 0.8039288811223426 0.7778250751277426 0.7880343232672157 0.7603069822059126 0.709107639462332 0.6598976788569445 0.6694186608928585 0.7024428738491676 0.6906119645539629 0.6899175832435799 0.66726885604553 0.6695909260946292 0.6641545013660699 0.6564182097339749 0.6369320485709143 0.6430231171511952 0.6126178882337927 0.6038520570220729 0.6145978646434611 0.5842565050478719 0.6010438146641771 0.5512723303292922 0.5665812211903157 0.5648964318195343 0.5777197864406756 0.5565074623618889 0.5638830148362074 0.5993991796086964 0.546873144724411 0.537346021680762 0.5110290614139 0.5179421496854036 0.5591843285071221 0.547289378427401 0.5500852707031482 0.5493001314647046 0.4985970373227903 0.4981471692915596 0.4674628631806086
0.8986540949185166 0.870450800659731 0.8830673236754157 0.844071092918462 0.8130522302619797 0.8135358833306158 0.7708383076363935 0.7691230510336923 0.7018515641107148 0.6823094681845088 0.691566209593752 0.6783439135089094 0.6623603983717828 0.6534248459743072 0.6582804497728423 0.6916751371500673 0.7160627447065894 0.7112825975195387 0.6995945348210428 0.6441845711221033 0.6225323303299437 0.6294548272347206 0.6228657671437229 0.6164892012077497 0.594249950307923 0.5786217778685475 0.562857841705569 0.5877769869786293 0.6037509322860173 0.56675198323437 0.6098334931814373 0.6208431960093702 0.6012085546083376 0.5579850393893565 0.5570981135537184 0.531908372151668 0.5425948223730102 0.5753057208509672 0.5784732820199057 0.5567990440895261 0.5313868804038655 0.5255132078407926 0.4815456389462848
0.9172696542960141 0.9182181562628515 0.8976406469452688 0.8775089637718804 0.8818028391161944 0.8229981156710097 0.7962399904746437 0.7775390666456509 0.7187292618634621 0.6583459184528176 0.6480856487224476 0.67078682059997 0.6686358995124502 0.6644600430420383 0.6990994433707642 0.7283818129390353 0.7321270413549966 0.7093585488353615 0.7135358351575564 0.684726499384737 0.6364890423500053 0.6449905261951653 0.6288141911236147 0.622383782410422 0.6356091316225384 0.5981754689590599 0.5785979345770718 0.5771716235179845 0.6071996267696999 0.6018654189516488 0.6220461926113514 0.6430020999554348 0.6033552250161838 0.5936578801733319 0.6095650174633676 0.5642245992826316 0.5736542379960601 0.5569359399948641 0.5673349303994577 0.5549297376507404 0.5467504725594228 0.5309265984846171 0.5028492726812887
0.9083537494911273 0.9519202915207808 0.9121192905194814 0.908738316910666 0.878037399473523 0.8703258755629618 0.8335354258804303 0.7918737879912682 0.7246881379509479 0.6778037719271269 0.6616714381731396 0.6460163091380147 0.6884729469818573 0.6567884277388844 0.7133562589128237 0.7377953260515344 0.7476282286464789 0.7746653496166679 0.7361276095354186 0.6852640050982938 0.6623944388725957 0.6165170266234609 0.6291267559633006 0.6441615380650317 0.6168380062801451 0.6369901838969821 0.6103481581052458 0.5975651738645942 0.5947048156781659 0.6276390904157064 0.6098158201103298 0.6613035238679074 0.660493826196175 0.6663019041006282 0.6131506563199354 0.6159387580510162 0.6039502408451141 0.5920691785311925 0.575016467656741 0.5689248053613944 0.548296326769504 0.5082414890639372 0.521746628114294
0.922947624757428 0.886314468181942 0.8782779642166929 0.8624282134395558 0.8586063603155598 0.8222020140068893 0.8284472031989706 0.7574448106580765 0.6996527287231002 0.6906317883249581 0.6542481012308697 0.6426052191947909 0.6886600062151831 0.6941658527190817 0.6801216549611044 0.6870995833806205 0.7038376958816894 0.7305609794764626 0.7019565163608644 0.6751717296164989 0.6724143030945668 0.6361297831509954 0.6469121386611585 0.6421657578873237 0.6372589919620736 0.6154502148223351 0.5895229857431937 0.6078421976161987 0.5987535242646086 0.5897802213568806 0.5983113638752549 0.6469794138995181 0.646077336970493 0.6197527210335068 0.6180552040450425 0.5916393977381429 0.5743221404136475 0.5770485966304271 0.5631021890350846 0.5480772889610308 0.5003495189232541 0.5127183318184838 0.507874730656314
0.9066650642221418 0.8601170112422581 0.836126223603234 0.8356858741224835 0.8270058481675011 0.811996686545099 0.7916190494906451 0.7562786310351993 0.6943928115928168 0.6497828974197744 0.6627015218494016 0.6563400843079779 0.679343725587991 0.7061269424375027 0.6980103819790481 0.7032363194271345 0.6807841455476932 0.6904113059653704 0.6755196532079094 0.6499152278070612 0.6586706274228692 0.6663088595676167 0.6455042221846942 0.6559153171928082 0.61307702569014 0.6021273499677754 0.569392980939256 0.5831360926616364 0.5811496194838103 0.5660723754247123 0.5715544613751399 0.6071344067052441 0.6091339984507785 0.5928219882530071 0.5828153946331419 0.5814450098217334 0.524466436387691 0.5078235749414649 0.5312135441216917 0.5020472909056131 0.4677265577115443 0.4852958695079206 0.4907358355254605
0.8824373421416353 0.8528168293019829 0.8517590394641554 0.8315440533185637 0.8226561543399596 0.8251873941957849 0.7964000908177479 0.750699714097099 0.7256721775604267 0.6576311913837363 0.632473425618519 0.6609668333893163 0.6455617372730429 0.6621077831416657 0.6994999746814956 0.675331621394157 0.7003290773739896 0.7042159857579237 0.6752737077415522 0.6494854370714862 0.6337595090075515 0.6406976123045411 0.6552288313355901 0.6671815761819451 0.608881481176098 0.5725711791820484 0.5768813982208462 0.5741881087005121 0.5963885170113745 0.6074665000894361 0.5944446752233372 0.5757544160232584 0.605863472109886 0.607353648438322 0.5661681131014664 0.5248682411364372 0.5092881708346588 0.49972992438623565 0.4652382514868687 0.468234342424948 0.43425858689153357 0.46344110194511495 0.4682493852955134
0.8532731674480123 0.8428124691873218 0.8064782147996986 0.808041881081854 0.7973941628305918 0.8156964762198825 0.8018442068106217 0.7494001319294615 0.7042189268801718 0.6651031141356603 0.6483643782946981 0.6253831846686206 0.6298020385637307 0.6805441410769776 0.659801293969228 0.6901673898302452 0.7006178107839354 0.7034818419832407 0.673742571406467 0.6672020740048179 0.6340768068806488 0.642340179052434 0.6397808059603811 0.6590898984606348 0.6063160343852794 0.5937499927023255 0.5960031376840165 0.5598603992222386 0.5664543585358938 0.6023485752623248 0.5786608570712141 0.5619791004258476 0.5766907695782612 0.5866358077842884 0.5326441256419506 0.5119859700286447 0.4609413193361172 0.43107190040063637 0.4153017241511411 0.42300369455036435 0.42653592439866933 0.42019748849142285 0.42561780374801944
0.8153877986439411 0.79886761287621 0.7773184988524929 0.74786285486396 0.7451546443748448 0.7431487089922328 0.7621369012377149 0.7193094192971883 0.7261246481909396 0.6813095664032714 0.6344640198651784 0.6334253091975895 0.6250830187552067 0.6304838968054184 0.650059747459881 0.6537348609480297 0.689290160855156 0.6759187827687343 0.6566386837725956 0.6434041890045887 0.6435060569157821 0.6303687877024295 0.6264006000345206 0.6060672400580409 0.5999589346610369 0.6144700343690542 0.5985462510844826 0.582320913140348 0.5733414402130743 0.5937716420211534 0.5719490001014942 0.539658442196906 0.5079489469896523 0.515547314144269 0.5092869065512791 0.49654645785850127 0.47718306658458126 0.43602275540398133 0.41179857478698617 0.42274355995547186 0.4115328630666262 0.40785475557844775 0.40046881199368195
0.8071378726797515 0.7911016367236816 0.772541420709548 0.7496756901461825 0.7176164459334106 0.6939936659915573 0.7032522752207233 0.7001044988129733 0.7209436225604037 0.6988100648831 0.6862627808191277 0.6424794741422957 0.6536807476181522 0.6409171611472085 0.6449423429249026 0.6422181138797045 0.632254893019904 0.648052511676617 0.6585796195287646 0.6543992552495209 0.6266280458225303 0.6067049965547912 0.6020092146218842 0.6217685782161724 0.6084372909316864 0.5829793652883771 0.5991224925410961 0.5890757404636886 0.5777273062208882 0.5620675359664542 0.5471182691489874 0.5071358811505279 0.49461917370284025 0.4632611441990786 0.48477046839762794 0.44049315430537955 0.45278178529440977 0.4313950290333034 0.4222117616053557 0.38798227652230505 0.3909586468901897 0.3877700367905395 0.3695503651270733
0.7798752527091396 0.7455448021735686 0.7218180957210638 0.7051596936684393 0.7164620257506115 0.712269829604752 0.6987566273020891 0.6769382293769034 0.6858802445084367 0.690054259988069 0.6888627460907264 0.6480844325017998 0.6393323728363943 0.6724787638775724 0.6722195916070934 0.6316830892419185 0.6419493877224993 0.6274415821649698 0.6404715242686062 0.6164174252026839 0.5965205135938734 0.627863758383067 0.6103827337644202 0.6027655093157543 0.5679237699786593 0.5618504597689772 0.5758524937304885 0.5820736860865338 0.5440060143556754 0.5334387584287156 0.5053692854192221 0.5060733303184446 0.4589249161251553 0.44507376982547553 0.4361527342027315 0.43436568187702723 0.4117890280468649 0.4142356623285118 0.37462548019932096 0.3713340080096915 0.3823690839053222 0.35932340580785027 0.3861506494206161
0.7472142849718106 0.7260983303405376 0.698222738220795 0.7141371734497857 0.6974730014302449 0.665792279224988 0.7044384627163748 0.6982165287335147 0.682823172577839 0.6690168680128947 0.6620127087092986 0.6810134313997677 0.6867252970295956 0.6866761136286234 0.6960751851557485 0.657521661207781 0.655483655865423 0.6005187696466378 0.6092578230848184 0.5875889337520748 0.5978297041328577 0.6076705935003007 0.5907302888196351 0.5497541016224876 0.5529146333311483 0.5450726943793888 0.5768568046846033 0.5575665647227853 0.5420624532754775 0.5425185658674918 0.48503121249989634 0.4914509164185979 0.46849114692752114 0.38940575494685886 0.41980184716587343 0.4291603759161469 0.4183765753435943 0.34855273307300294 0.3833092409051789 0.37051720307394725 0.34628691567409237 0.35074032925010923 0.3716052969072022
0.7403806442278702 0.6999555679370839 0.7142158258558479 0.7218793379084468 0.7056970653231542 0.6890701711771894 0.6765122996729248 0.6737766390681127 0.6788663515640369 0.6665365687496135 0.6836810045600056 0.6966971368612506 0.6959047557462632 0.6839625367540083 0.6775153146017665 0.6742404149531203 0.6538948379046517 0.5969777182956506 0.5927823065142337 0.5879911996423803 0.6015511985192757 0.554886574844031 0.5534668842870671 0.5234410511007731 0.5391308612433934 0.5540401824197809 0.556188868728493 0.5551213992026174 0.5454509119426921 0.5216154001908915 0.4913827021413899 0.45663805876809915 0.45374373804575346 0.3946764499076032 0.3957827682117571 0.4047876819119399 0.39799306753963926 0.3507538839534524 0.3653806786973445 0.368745768104486 0.35957112622426585 0.3383078386285123 0.35838252393172115
0.7230620001580553 0.7062618667930664 0.7236392225803322 0.7176848216216353 0.6877050012943954 0.6951718909873665 0.702116444294546 0.7023685500141872 0.6710229084063127 0.6970504643012378 0.6651021648922248 0.683671164062778 0.6877727718989085 0.6522670519624287 0.6430219553179927 0.6434932691329555 0.6581084799763779 0.6287854439591558 0.6068400299194157 0.5913042538013834 0.5718253516091949 0.5388295310634156 0.5410123230600081 0.5230416169024262 0.5360469868145369 0.5153449958451506 0.5016194326567052 0.5328919216033878 0.5283093291623929 0.49660272610137784 0.45538168426256337 0.4355476318912343 0.422174559981475 0.41556768429727137 0.39008699500139493 0.38051415324421894 0.38175302292434865 0.3599679043974723 0.36181595204702827 0.3532133158208806 0.3847198848836008 0.3738660277906014 0.36615451946329963
0.7159398452791553 0.7115085901919737 0.6987574430328027 0.6845920460190678 0.7067704759045775 0.685537953732444 0.6730787445607562 0.6684532348445911 0.6676383193093511 0.7037341166046065 0.6823814604359268 0.6619446959455609 0.6455050618332321 0.6265221882180767 0.6576305696084237 0.6455322934555431 0.6567108975622611 0.6346612189770304 0.6169199972702575 0.6083514425416904 0.5914974556942063 0.5831728314901765 0.5590426663660439 0.508707685976815 0.5009543499205007 0.505059029982923 0.49133242436179597 0.48575412139832397 0.47932224098945775 0.4813480305167521 0.47232094085326676 0.4605621859518764 0.441556893260524 0.43815585286633246 0.42700566006968843 0.3875427373012346 0.4129748299922849 0.4047685119443767 0.3663538694239154 0.3545028544809689 0.3760535570816054 0.3763597492927274 0.3819866853330853
0.7050885365414019 0.6670525327954653 0.6778494053778302 0.6678754306754858 0.6948236057439787 0.6603678568262931 0.6866958132345113 0.6421091671465282 0.6604499623039036 0.6805345818843911 0.6758614139338396 0.6761649033951259 0.6522909495788718 0.632802068522512 0.6293857937482198 0.6236632488328313 0.6398774105149847 0.639852543214461 0.6246231887696458 0.598499353742288 0.5706631129928798 0.5706076364902094 0.579550350005223 0.5291755680644431 0.5056954081061314 0.4770920338854787 0.478498015475928 0.4656408100883141 0.4572652688011536 0.49681266520828793 0.47758620634208176 0.4771187661124863 0.4383556959955738 0.43395246893503275 0.4416886630928905 0.4176529715588006 0.41943237085134655 0.4341047408901265 0.37691294438991046 0.3411447053869168 0.3575149421421368 0.3804605142499108 0.39525903931166156
0.701665561551786 0.6705085442920222 0.6746679078845583 0.6637389978594237 0.6634857529981643 0.6586789624689611 0.6810026826189612 0.6556482290221975 0.654527744389561 0.6682758370704359 0.6814264290210559 0.6807367753779219 0.6721497490981746 0.6589293838591522 0.6269079818868859 0.6387320355758954 0.6582857190895531 0.6611705627183467 0.6243023186525649 0.5789151359602108 0.5669679277621444 0.5595429342285558 0.5726701468887488 0.5183881493351201 0.5079652091271604 0.48975238957633216 0.45316075095455727 0.45526232835671715 0.4683697298886579 0.4783788947427145 0.48707619597727403 0.4519907794003856 0.44979374646549725 0.4235076934822247 0.43346959838203514 0.3990952939237574 0.3897165587806606 0.36292774433928215 0.35230408514355305 0.3229908100171349 0.33251526626054684 0.37860141899462885 0.35980870044004076
