Raster_benchmarking/DGGS/continuous/raster-191.asc
NCOLS 100
NROWS 100
XLLCORNER 1743159.4923980036
YLLCORNER 5469291.396932054
CELLSIZE 10
NODATA_VALUE -9999
[rows 0 to 18 of 100, columns 43 to 85 of 100]
0.41639443397353043 0.4688450892711102 0.4379026510127005 0.44920543021436055 0.46934619899476665 0.4607329785403276 0.47419145636276533 0.46869831211519214 0.4692349559579271 0.4272700404218146 0.4476859171512473 0.470951982770558 0.46998531813075894 0.49488588994804544 0.438477269578459 0.4398089393203233 0.449636274415452 0.45351145197289744 0.4504052223515774 0.4637533859619067 0.48803738895318294 0.4322406582990166 0.4001335690351161 0.38618104870186903 0.3540010168967171 0.3479028887898853 0.3361808860904782 0.34866929956705284 0.31679487546445556 0.25842362344048037 0.243814080247216 0.22247136696302672 0.22210161641399423 0.20203155387031893 0.17146929682388917 0.17962104385481925 0.1459033505062557 0.1952766865616277 0.17832265922879373 0.21679415809789837 0.2818176459261558 0.2636905355478666 0.3118269172215697
0.41374311696345795 0.4626707819545851 0.4488406016369451 0.46944614366545423 0.5181276762189017 0.470248239372976 0.47570719881841783 0.48387795360994323 0.41929941002464904 0.44228618243759327 0.4164179585267656 0.49830554671418914 0.5063071718541655 0.4532571432544335 0.453781211606876 0.4315685391922897 0.4214095982464868 0.5067410825085439 0.5290923350916044 0.5290845518541591 0.5744602886572078 0.45939117638827304 0.4086397612189894 0.4044060071009516 0.4035172881403521 0.35768450714343625 0.31014373603594586 0.30833620191047095 0.2872849410236995 0.23621305087225927 0.23347382823988808 0.2842867109445629 0.2828779515109917 0.22209307612140683 0.1914808522474135 0.17335596816210844 0.12164181514042038 0.16876688859247074 0.20666718227059458 0.27877580163077736 0.30461322962345216 0.2954908973764092 0.29153082082007914
0.41070428492429506 0.4184854241163026 0.4584724711167538 0.5050151924979928 0.5086582730320482 0.47992533619436434 0.4562478812935161 0.45112474613306325 0.4775561464546376 0.46238668510099307 0.48413275771950853 0.4806501338853001 0.48587147829282873 0.4677100108747425 0.4613913016547522 0.4179925130209741 0.4426453177326221 0.5152488074414021 0.5525795007879384 0.5410055822235993 0.5115082635217281 0.47333218143228006 0.4586625420813148 0.44152365882245187 0.398710143148779 0.4026184338519983 0.38337445603427245 0.34775878880530264 0.3160113301366104 0.2450065695474196 0.2325168406101444 0.2795082568796353 0.28887606335879396 0.2325170673992923 0.18417544510219583 0.18364652028270204 0.18028507242478836 0.19408609069459984 0.26214937780900904 0.2890748607916535 0.32014269338528034 0.2829732661782602 0.2929004130922586
0.38375484796432074 0.39540598021890794 0.4527814673237409 0.4826115521531474 0.5215618245351915 0.5010262486314461 0.4592249140676136 0.47644624220991594 0.5100474731687272 0.5018220735800203 0.4798554158994355 0.46788618246270747 0.46372627828060187 0.4487440660400553 0.4395619578619175 0.43413944442348046 0.45670592365499735 0.5037129388565225 0.5352720084612462 0.5539663649343509 0.5363090337155888 0.5099061869110967 0.4383535282552177 0.4227208713462183 0.4613566654551199 0.4043111220315169 0.385738220229984 0.3574451430883482 0.298659811530734 0.2537005432332879 0.26733392488317237 0.29035511466027225 0.28048883286679704 0.2797090059162602 0.2312507509906799 0.18780508572813004 0.17172640739144698 0.20039699320703167 0.2942101784399084 0.2865147810910697 0.29768602621688045 0.32513818732251837 0.35987753995769456
0.41718660200454993 0.43417850427431215 0.42886023768024234 0.46717754554222635 0.4834556098743728 0.5244745928550515 0.5030148704311893 0.4908994002064423 0.47348428937516984 0.46486288492752575 0.47884104307601655 0.4565476564740523 0.42501978373678984 0.43471604684671605 0.40730814696585776 0.4186091984065439 0.4764236387606766 0.48327035383688666 0.4599371482838297 0.49976170340842385 0.5172275184864455 0.4903925909344874 0.4801265199175517 0.46162232125279057 0.43149765983906707 0.4461323197764845 0.3578468245066366 0.3140764626740792 0.295163911846147 0.28527459390437343 0.3136595444845464 0.31480991701906413 0.31962754509645686 0.26307748403470077 0.2218145513089944 0.20992691174420264 0.20305436738572666 0.2288990065944983 0.26422807789880526 0.33851260227913776 0.3609510842675968 0.3773626455949214 0.3622343843582484
0.4103186513118793 0.4431591394892456 0.46830048570908284 0.45791783532924785 0.49745572636676055 0.4930137424907706 0.5042406031520645 0.4607542770168189 0.4804638219288315 0.4714866156123519 0.4157963977999081 0.3918930612447348 0.3849106532826108 0.40763722141714065 0.4162316442519371 0.4238846766429156 0.4711712078199104 0.44746911774120557 0.4382055869820512 0.45957496038060874 0.47138221152435206 0.49024330524473275 0.49433036458915164 0.4768453744404162 0.45301852704514817 0.4083573767806095 0.36444110809782704 0.3645103528497227 0.3066821027758347 0.3492601494599243 0.34590955826341213 0.31648411511823 0.3441348225775422 0.29306242630634405 0.2965196970599594 0.25138981032863494 0.22716769781784674 0.2755805879410632 0.2903083604837296 0.33114167610831535 0.38486445915135986 0.3902420172767632 0.34540337978027336
0.38218173566361163 0.39617123786761593 0.4248955598973007 0.46873267926032014 0.4615567232225411 0.4759150830023039 0.45566791223438885 0.4247500441539892 0.40429853987560643 0.40900538469441833 0.4196795173933668 0.3783833963906106 0.4147338143298473 0.4128669776209734 0.4406772875542556 0.43752827912808995 0.4296690372133187 0.45515336727570604 0.42525660304006085 0.43229968038699834 0.44702283464274684 0.4809285843544899 0.4742843098464538 0.4445929842628171 0.4606125444227855 0.43164943957618296 0.4374646914055419 0.3967653387353373 0.3448709814772828 0.3367269644164256 0.35194856888704806 0.36495603363947926 0.34486658506706336 0.29465285712546446 0.27158891598305834 0.29318227671102304 0.2863925107812313 0.32260444704873803 0.3598904133415013 0.3889319928322248 0.4021755598837849 0.3820974113288359 0.3548175743597346
0.37269534911063906 0.4011427743286206 0.4207276719851791 0.4255531257096538 0.42687064896926497 0.3976331358305612 0.4013560751848986 0.40363394212798503 0.3668442776100037 0.3864995870650571 0.4012849205969327 0.42506260515944677 0.42165674333538156 0.4639711899043663 0.4821370482781522 0.4382846106724303 0.4583503549210778 0.47389326428420014 0.47765633041087135 0.4306627554634254 0.4282776204655926 0.4581066286337949 0.4638407051347812 0.4455433716812384 0.47500346696608653 0.4357424795656974 0.458896873126028 0.42245468492296867 0.3867183040455011 0.386857011210506 0.37288939244883473 0.38633231550158936 0.31220813447928625 0.3536340086554569 0.3103565948972082 0.3102744497479193 0.3369367561154385 0.32547158584766434 0.36045479220455745 0.379180444160869 0.4060893703814961 0.4102340753649584 0.4057936184395329
0.37919966021435264 0.3797088214598842 0.37310361382287294 0.37905496693605756 0.37841623461293683 0.3777316460599191 0.3548465909586122 0.3651022852143108 0.37442341180730093 0.38334203099474234 0.38411840732522173 0.395591655907396 0.42705889633861377 0.4416951379352648 0.44106383175674135 0.4541538733266603 0.46384993267638996 0.4366614574568604 0.4782886908123527 0.45080546960283996 0.4483321261149331 0.4715791598855467 0.4434986114393633 0.4439905594871088 0.4380184088672541 0.4624101970229877 0.4506100067466396 0.40548520646619135 0.41945002539823056 0.4326615998890977 0.4129568402617676 0.41831361371747244 0.3906406096571843 0.3912543585172615 0.37840545016709387 0.37769699931802014 0.3869090642993097 0.38722760187761546 0.36487924828905194 0.37769016555124535 0.41540816375690215 0.38082595418222964 0.3597066628788944
0.31870950660315595 0.3562212257705485 0.35597107858848925 0.33912087010318864 0.33044848622515466 0.357615545606647 0.3465569410540695 0.34078617590380855 0.33791554731957807 0.38145076106486553 0.34649929127749346 0.4133038976705715 0.4022404038883185 0.4618862849740804 0.4521230519419418 0.44132502873660645 0.4666916024254635 0.4221513944424452 0.44974085162137206 0.45135524247044223 0.46207774990048095 0.49081667487403396 0.4698982892479031 0.4608822808631272 0.4451268597565593 0.4569487602607926 0.4112115564441275 0.42556962937318854 0.4655096486744893 0.47490239266722334 0.45708702700817816 0.4039639967427205 0.42738595317106204 0.39907113713483505 0.4127919311677218 0.37931391567762346 0.40023814178111966 0.3961543756428805 0.33592526676206996 0.3785973606548932 0.3938490187917485 0.37550776878935943 0.3853560739756631
0.3369595338813728 0.3299593350165415 0.31017327904979497 0.3119159027628168 0.3112159602400618 0.30836989588580416 0.3305575871196214 0.3235576359158592 0.36101052648258025 0.38511083081292546 0.35898293908299767 0.3956528839419071 0.4331025899609194 0.43173940792859555 0.4517093299471083 0.47275871393571783 0.4405094498140088 0.4504261127924791 0.46180704850121335 0.43132412757560235 0.44908896034993406 0.4899815707949728 0.4677688157382747 0.43357254056364014 0.44793922131725294 0.4610815448831406 0.41987870837344055 0.41094626019247643 0.4512004445635754 0.4312500318306204 0.40587308808880423 0.42851131346871785 0.4257442890518761 0.4214247314755397 0.4053678321164635 0.37514877101883026 0.3506029834066216 0.36334156074483487 0.326367124821679 0.3479322794763728 0.3632164087442657 0.3870084730339539 0.36249547486879063
0.310388924444385 0.26989485898079246 0.2706813607462796 0.2624699586016994 0.2565486851800203 0.3125945412118441 0.3061717561412739 0.3431893205457542 0.37149349289794853 0.37216027766341864 0.3742090503616457 0.4183958554959254 0.45491265395136704 0.4497471125251051 0.4749620468671753 0.49032343782526305 0.47230842354122277 0.46800370113190853 0.4435215036200625 0.4664350028383431 0.462260992942733 0.4549249005358175 0.4582848186579608 0.4552373223255448 0.44418430401792064 0.42323248059818186 0.46612843053180725 0.45614329117693414 0.4212446921286803 0.42667945066782487 0.41541753435918016 0.4622487413155897 0.4547072675408605 0.4097782370805608 0.3736188515220657 0.38256951405149703 0.33018117005295544 0.3615002650725254 0.33166617826395894 0.3308931420642876 0.3613460005719125 0.3888272463425858 0.3593814420299338
0.30691716226446963 0.2643494945614527 0.2451451610520329 0.2423056096194291 0.23058615341296695 0.280429447408887 0.32057767787744984 0.33390034790499284 0.2958007769074583 0.325351087615012 0.35342049263067465 0.3767717788722524 0.41941307599557204 0.4457297625126712 0.4796432838807253 0.48967746062821765 0.4574611882237266 0.45876279095890754 0.4535652455294759 0.46359976368612227 0.5097078300304906 0.5074937003385867 0.4513458446289786 0.4158878518505197 0.4041453115447929 0.42889359341715894 0.46130594919950285 0.44220153142544116 0.42017172274915404 0.392477493000887 0.40458818662368123 0.4525270948618312 0.4482488669270424 0.399207374889445 0.3603785872186926 0.34976685398611257 0.30667382472214666 0.31899301503994415 0.32225532410176655 0.33829747274208916 0.325240360408281 0.36782338993208064 0.3647709927221498
0.2749737107955673 0.23263271909762653 0.23136741187639198 0.2408926726296265 0.20562104273340895 0.27948396750505977 0.2896352321357214 0.2766360782947009 0.2733646440996677 0.2971334652562037 0.34609491442384205 0.40881449501702355 0.3846794312396302 0.42643417951766815 0.41746965792526114 0.47556220716686126 0.4973667251074802 0.4762306232043086 0.4814265408200201 0.48999152142758534 0.542343694124968 0.5210066303423878 0.45732913069908565 0.41164823056882327 0.4132902069426981 0.42265691352063167 0.4245078237860354 0.4020246839792302 0.37223883528138035 0.42275198850504997 0.4507751831290552 0.45889038659390863 0.41122208889638606 0.41095206385604943 0.4173473821143301 0.3804122516934585 0.31494200087223334 0.3386589281704884 0.3138449799088902 0.33767826504260406 0.2859981243324241 0.3298133048805797 0.35008769863878375
0.2715790462429515 0.27795573725082584 0.24252745801812078 0.1735417586268879 0.2021269671069915 0.2300330074582883 0.2652185414885392 0.2584635015573153 0.3225294882959296 0.33414189969202757 0.39654767180038336 0.4197094747384977 0.4150792118137872 0.4426394668810836 0.46848934760076283 0.46732247328412596 0.4892921925218687 0.4737147146495073 0.4816099761523685 0.5032099076892577 0.49145613267366717 0.4636415586294826 0.4536084407191511 0.41518552176892354 0.41401108070357473 0.4087527491668165 0.40643794187685706 0.38273054785928706 0.34757885498438923 0.39264405564907795 0.3931769876357683 0.42658953835143404 0.4055477391182365 0.3824693255051344 0.3807392967534062 0.3439418932391342 0.3076242006705611 0.34042040326840733 0.3431385621025573 0.30058806125215165 0.3352459514083563 0.3536284724963531 0.3443875734858853
0.2983540426657808 0.25014347649120283 0.20576402161875124 0.20624259478395657 0.16155964042668747 0.19196170139108323 0.18276006040146087 0.24150098567315179 0.30540953654279235 0.3276093748265881 0.4025567974657704 0.44180018866108206 0.4305076144850599 0.43007868328747834 0.43266029239488735 0.4533075224625925 0.48365589775999585 0.47174492956909025 0.5068499060757105 0.5283486278949568 0.5106474494983916 0.506199906129361 0.4642318585447423 0.42421766585509796 0.3928908820320236 0.3929148843449307 0.3802081544366299 0.3460400064305189 0.34104585031996076 0.35567520926883706 0.4024048060647982 0.44255988406500985 0.419824617377575 0.4139506493102811 0.3668624484340704 0.2952789476412028 0.2855999107001864 0.32619732031591253 0.3526904856074714 0.31928384958212985 0.35538722595501226 0.3570018248927027 0.310160284522242
0.2417828072778032 0.21026101140725428 0.21117435319458297 0.1662392850759118 0.15031518454255377 0.16416099845706522 0.17132409352780162 0.26797925600669453 0.3203437396120739 0.34037037689106664 0.376218407662134 0.4123817394647825 0.48016502106099507 0.47483622110217405 0.45606531069896555 0.5008868616623572 0.47774478598680326 0.5219409645866618 0.5384872607927558 0.5275415224924463 0.542169974784087 0.5018100780619286 0.4702116027540163 0.4634741052348697 0.4361892479770208 0.3860997877485701 0.36992566839564156 0.33383215510658937 0.35194344796627175 0.32661102275622844 0.3378296241243608 0.39995201743781783 0.41775603063524275 0.3832334017432245 0.34175667440273116 0.2993395151642793 0.292562151931029 0.3254035729248345 0.34281732716804253 0.3713399624270578 0.3571490381201227 0.33516354428579487 0.32056522873148857
0.22369271636082108 0.2007399551284363 0.21935007238670412 0.15096959385777398 0.1443747103493057 0.19735684623252112 0.17850229958874886 0.26320950303253443 0.29687373219430563 0.3615035967885738 0.3678545260837646 0.4322617439296079 0.5064968253391673 0.5275428077089251 0.4998185141817451 0.48400140406029 0.47873762492308203 0.5217415729714442 0.5665864085746287 0.5288244700601549 0.5754461818290624 0.5056403681142825 0.47781773303532965 0.4745260141022704 0.4773140484488899 0.4124061504451025 0.34827431606730863 0.3708736622968135 0.3160374214986973 0.3459124666977999 0.313940637692529 0.3714732023551353 0.3968500069216077 0.3677321120708483 0.3032133047303531 0.3058541458824595 0.29202005947085863 0.2839770211699017 0.29958799205846826 0.3711910348528269 0.36480928629204146 0.3167102920567113 0.33314675752912076
0.2666865769816033 0.2211680047962176 0.2488005522474118 0.19622448597165354 0.19460499178249424 0.18373316281493257 0.22069127944703867 0.28442494166262616 0.2887909784399879 0.34169827416017673 0.39242571539159526 0.44052786784487896 0.4770524861665053 0.5248934277296646 0.5103907646665355 0.517096510776715 0.5149658804320841 0.5434062068880195 0.5603074496211755 0.5369648800352793 0.5438112853248429 0.5590323723970472 0.49868372060679617 0.5133198014485885 0.44430356863341813 0.41734850738002627 0.3995155417136273 0.36854434000924224 0.335614811728027 0.3441486094630737 0.3606177231499962 0.3452018923947901 0.33257280015981083 0.34829409267291195 0.3369386368545453 0.2899095241227611 0.2529633636880538 0.26611745417259497 0.32492768593351107 0.3340945054470008 0.3400625484001984 0.30400798020697695 0.301396370272967
