Raster_benchmarking/DGGS/continuous/raster-350.asc
NCOLS 100
NROWS 100
XLLCORNER 1743149.4557903355
YLLCORNER 5469285.846868629
CELLSIZE 10
NODATA_VALUE -9999
[rows 57 to 75 of 100, columns 0 to 42 of 100]
0.07106598248111974 0.08196736178056815 0.09443621980040391 0.12691641019145705 0.16359118559390287 0.19678403405691336 0.2348734497745591 0.25531611662481785 0.29620622906396304 0.3702841335861599 0.40209842810556773 0.38306836587928883 0.4027231662355979 0.4290757950254204 0.4419686437524429 0.43075059374173114 0.4534093513846847 0.46091467059141633 0.42960491362949627 0.4798608604285912 0.4700220481358169 0.5400539888146957 0.5600191677455253 0.5538942720959863 0.5748311750414646 0.5848726818462807 0.6462587660158218 0.6527956833506443 0.6668863239828104 0.6913015212963319 0.71417509361954 0.6885518733748248 0.7122266714440292 0.7160495532487778 0.7418873041405826 0.7403438331436839 0.7272926799570516 0.7571852358320509 0.7500571888926377 0.7041413753703585 0.6694929332463051 0.6625787005847085 0.6077120653312088
0.07492348542687605 0.0757131412021183 0.0934740811818385 0.12496353039180345 0.1928354208035314 0.2472163242236941 0.2892306022459492 0.28749822462529256 0.2965435888799318 0.33995174723541255 0.3507787273744113 0.3648522362484475 0.40616055159058656 0.4311968288787667 0.4740702234642228 0.4675701984987654 0.4589463161998533 0.44102421844747064 0.46452909539947007 0.4678422517355888 0.4768127651528431 0.52599839602417 0.5242510480756507 0.5346655605869193 0.5313119551559946 0.5805760926781929 0.6013360035859983 0.6328054199944224 0.6391757762078878 0.6737750848447335 0.6826433543946696 0.7111501230132162 0.7069909252296076 0.720487856912699 0.7565884429449449 0.7491106408669171 0.7522981213490239 0.7528589243702187 0.7699299856897645 0.7289554849338986 0.6770663378853322 0.6851439835652736 0.6409845528500071
0.06962593118096705 0.10001965551955258 0.14453949574640873 0.18325832726123253 0.1974672537516911 0.24719381780554034 0.28627126515209517 0.3183670515304175 0.3391527811735278 0.36927187626246966 0.38500715624554904 0.34987088038432035 0.36274801787157335 0.43226306767987505 0.45170131151004256 0.4557341429574685 0.467153187457105 0.4587818554221046 0.48605502269543893 0.5009950208060783 0.5116061455469488 0.5384969459433078 0.5235617783214078 0.5270713370603013 0.5368288723730212 0.5616707159064147 0.6088075261194599 0.6485083853115884 0.6896117792972272 0.6994618028070867 0.6900961208284209 0.7075571163248227 0.7312154595694342 0.7601365755587709 0.7452059760396471 0.7735496185642029 0.7950970273095879 0.7706478947346297 0.7530325242299833 0.7329653698498588 0.6730736637124802 0.6873303391113854 0.683676704038204
0.12751558618781575 0.13554797452928272 0.16800837451256068 0.18681922615421687 0.20647993712630078 0.26777623902932834 0.2733268915281177 0.2877736058577232 0.34377508636880605 0.32720650414542063 0.35895106329964854 0.37465170546525967 0.39054010398302136 0.42605927344029687 0.4560351429911873 0.4494997914116569 0.45485645959135335 0.4443694658806812 0.465048648269228 0.45243229632274906 0.5085105687163369 0.49760206597888756 0.503335321652949 0.5313613158970983 0.560105576091104 0.5513391804248706 0.5552995243530153 0.6007736663358001 0.6464554452538279 0.6906852147314811 0.7106952814779547 0.7087460903865178 0.7136611922400191 0.7443306053019927 0.7425275626122902 0.7344011192465578 0.7554302678971714 0.7454831287976764 0.7087389674421883 0.6790817654858577 0.6553359397243183 0.6548129279601435 0.6810025032872526
0.17092655797960418 0.18405665117200845 0.2324067377810188 0.23788840922970483 0.25960562815978855 0.23378229561396835 0.24078800373706089 0.2749728739003244 0.32810053244318665 0.32851102677073873 0.3065192844521797 0.34675513586131074 0.3484047346439344 0.41837993781005306 0.44784775483046174 0.4706104808006072 0.42702167518675677 0.40919450799003926 0.4085437577116868 0.47202871743620745 0.4656220259328928 0.49904812289232003 0.5061654392832157 0.5225778381822151 0.5154720063074208 0.5457945558450571 0.5365215808758996 0.5987415226480574 0.6212236626301445 0.6452688825478902 0.7202901719116701 0.728236392119949 0.7664077423440232 0.7321522720427321 0.7878340404214754 0.733964561161583 0.7037068157686931 0.7106675288714418 0.7218449246084375 0.7101278176518747 0.6538152718817624 0.657071896381202 0.6859526808489786
0.163811541734372 0.17857799873691274 0.22393254275253752 0.23552407066277922 0.24688247064482313 0.26936346196163186 0.26277765170791917 0.296710293340789 0.2989671329047748 0.35220357332289104 0.3428081012050459 0.34991687585382253 0.3519683234770445 0.42429073570935705 0.43266132292820375 0.45245113930446007 0.4410943618582111 0.44950013579047754 0.4476478776007996 0.4842861192040862 0.46299780929005735 0.47140231045468767 0.48915659214877505 0.5197729339946872 0.5362630267040086 0.5509771593405284 0.5510727006541595 0.5819627128793157 0.6377356093334073 0.6333577473516472 0.7055750041084388 0.7336027523206172 0.7238000609013734 0.734308190344497 0.7181834435421951 0.712498824429395 0.7032163814139833 0.6763243096594989 0.6936469788328666 0.7029134194559257 0.6539813343828369 0.6854090133688384 0.6702833433564928
0.16745382498402694 0.18595798021850152 0.1740608288076012 0.22275338826080013 0.21494760083427358 0.24704872242700737 0.29142786164901346 0.31513490009453654 0.3148954967955915 0.37707501250711806 0.3664956722883977 0.38452841729817533 0.3834249668356731 0.4031584893915884 0.44339595795941866 0.4329532593685531 0.4715232096180782 0.4713571737040867 0.5071523134596418 0.49456303412612107 0.45697072338389577 0.47124959877331574 0.4972557963528409 0.5243882862252245 0.5562102728402437 0.5575254190443731 0.5867252630285176 0.5725034310504703 0.6121970180613877 0.645283208563739 0.6447278540216622 0.6844523072127541 0.7378871674176485 0.7115104291562914 0.6963725792657873 0.7139602183056015 0.6777265882956646 0.6640432198307333 0.6778879264675397 0.71079908001458 0.671696925644605 0.6855384729615579 0.6615740006848098
0.12512877725664057 0.16627741031792842 0.19150452287328412 0.20400065219992525 0.22309536270290045 0.247097805761168 0.2658246274140228 0.31502236546833573 0.36540690994253555 0.3796717899526422 0.36478480448521716 0.3797728360451129 0.42464041449900564 0.44590117806183005 0.42957885039806676 0.466152923189901 0.5123134564995289 0.5293515260956498 0.532687365947949 0.5004178670360324 0.4731832306483595 0.48529603755411466 0.5238765129924413 0.5254820415895636 0.558663376707287 0.5658302416096532 0.5488470316024544 0.567041941706494 0.5866711371054137 0.6066773582506375 0.6476150525752349 0.6634506153621631 0.6896321844999868 0.716897339304208 0.6991652483807638 0.6958658097881516 0.6532932726010607 0.6769626673383382 0.6827149193322941 0.6999032929022507 0.6812573706619237 0.671678990983567 0.6742956798875832
0.15318528415991042 0.2089133420003225 0.24108469444863528 0.23848422152609408 0.2862580942955995 0.26980556758010676 0.244498788587601 0.30391904216897736 0.3728474796955382 0.366572699101777 0.4115053748266205 0.40562185781278953 0.44406515823836085 0.4537085777631628 0.40712923075614493 0.4705878705917503 0.5132818094334187 0.5091163351594685 0.5203806214229593 0.5069358541078276 0.5022379624170302 0.5019542765093615 0.5407556317083955 0.5371487029120986 0.5564647389261124 0.588875576678868 0.5577900627581859 0.5540422214947512 0.5739098736742275 0.6081136089900809 0.6362803194173998 0.6303690177035217 0.6673462891764366 0.6962514357508056 0.6800258621179278 0.6558433956899501 0.655543776495113 0.6722468700274752 0.6897715562589036 0.696039214338091 0.6894901824269792 0.6879291224113113 0.6728932438289174
0.17994595133647287 0.21412481004518916 0.25984350787548144 0.2885649675224322 0.26859063964809726 0.2981284075329375 0.2900388227340668 0.32219366557279744 0.3843468394950398 0.3848573388489302 0.4399273131123302 0.46950175197657623 0.4361718395076947 0.4482986714534014 0.48301682137802987 0.4719651824948459 0.5183108458708134 0.5355931700200804 0.5362027149057319 0.5562510746769185 0.5403322128712762 0.5576935953948935 0.5679528259839247 0.589656432623225 0.5595296880894111 0.594647589579119 0.5781075959913192 0.5741513174435845 0.583371425167567 0.612964065748944 0.6577249334741475 0.6467194639394948 0.6882179715755051 0.6966667294018218 0.6854255306611099 0.6864928857028264 0.6702668776893554 0.6904255572745976 0.7152921605362422 0.6895444277781476 0.6985285594424632 0.6969630776501518 0.6883097046811885
0.1683784515864244 0.2256944000304511 0.2950536762919115 0.29254587358668127 0.30667710361477696 0.3298277405559513 0.3133709344063666 0.327891203546077 0.36160647341708896 0.4146581276859031 0.4399724170839795 0.4874237518489479 0.4820782307244062 0.5045637250007836 0.5063015324205453 0.5116644660630214 0.49445010651584037 0.5113318263472183 0.5286070011936881 0.5573744187013967 0.604644358148573 0.5887543916285736 0.6070476998846991 0.5737332136759036 0.5679008889517229 0.599413350021725 0.6014968784323491 0.5946155162249239 0.6360579890238892 0.6193850879146534 0.6628153056188955 0.6754920200132232 0.6696878224283335 0.697592504016352 0.7348622314768553 0.7376748011641963 0.7042297194954374 0.691175494332231 0.6883011442331158 0.7016589216322756 0.6790813869179408 0.6966964023377072 0.6508641581452497
0.20382088962005926 0.22610906730822983 0.30283714698164316 0.3222670441698957 0.34405343877128314 0.33430039393663813 0.3539186358547976 0.37508867331290885 0.39001849763144636 0.4401465369520454 0.4637584270208196 0.47715993391323974 0.4770418390661653 0.5058996578114854 0.4835852899296247 0.4957808464538145 0.509228592060666 0.5184525261471061 0.5562218460942802 0.5998065943175104 0.6108086292851506 0.6036482454155908 0.5869537944616724 0.5905399264489769 0.5757954092419769 0.6116879699389537 0.6171648464793514 0.6216069046276901 0.6334983882016461 0.6707402294965196 0.683040432515128 0.6845086975415896 0.6942769479606365 0.7346315662235088 0.7196425345161296 0.7376742819481266 0.7134890469039711 0.6849725925345231 0.6978133693888924 0.6716060676212712 0.6838049020483461 0.6636014005316031 0.6775101377733226
0.25081618016705487 0.25203350688659004 0.28871647026142905 0.2888412515662798 0.3478171714882071 0.3220950884768721 0.330854127339207 0.36772128393235126 0.4228796660176951 0.4448206152594532 0.46556524974665964 0.44364840941609535 0.4381455036689499 0.47363262334985756 0.491421143266397 0.4847128925278401 0.5017260369725164 0.5550259370951559 0.5950910627695579 0.5806263452744559 0.5915947006100661 0.5862722696013425 0.6168332343697359 0.6032560966504875 0.6243778901776409 0.6337322545329206 0.6634155477559863 0.6611242382134267 0.6810328453500663 0.6801790605305118 0.6824123294163842 0.694907229191 0.7181456323931364 0.7108618236794546 0.7204159424459768 0.7085948827601191 0.69283613564276 0.6877591773142449 0.6809089697739054 0.6945410245105424 0.654232056690433 0.6528081513872309 0.679039391517994
0.30680064923909417 0.282883094800442 0.30087483413620547 0.3033343553307625 0.3516580286518146 0.3375792069288874 0.33140747523505565 0.38871150979425323 0.4056175611119231 0.42621420379008657 0.4183586657636253 0.4455103899292659 0.4776499922655418 0.5015654329520678 0.5191756354925672 0.529088337462638 0.5323805083990086 0.596256783164068 0.5842085463279686 0.5831435987925492 0.6342454861362787 0.6360113055985247 0.593747962877625 0.6159263758894824 0.6085149649881526 0.631557982796583 0.6539056983912116 0.6502166523544389 0.6666163293377623 0.6947370240520561 0.6961746255297394 0.6893796870552191 0.6850723331410283 0.7057951260291045 0.7249307306214091 0.7298224316866128 0.709168694858337 0.706696553680835 0.6892725453485086 0.7020686158687086 0.6988081446085763 0.7067670679660939 0.6931383813324602
0.3207643188355264 0.2906599758926469 0.31787694002829686 0.3510931826131756 0.3226868991726173 0.33541540129912134 0.357349778559079 0.3665180367173066 0.3924409210702713 0.3861384104798844 0.41193021106526834 0.4702843191684197 0.4830972044954633 0.5373027228745013 0.5488202142012651 0.5872451085467598 0.5729997344938363 0.6060147407469377 0.6126861284924942 0.6227128039402048 0.6387316871084442 0.6190145143116567 0.6018320693295731 0.5874111051454478 0.6094797767954142 0.6381234237018043 0.6039700083043383 0.6299275195053012 0.6894299225572531 0.7056272350197269 0.6572109374914915 0.6767981876922032 0.7049851275148205 0.6738465236456878 0.6933144785837096 0.7163773341740717 0.7139642295059463 0.6950019955090216 0.7180419127497564 0.6923153105837907 0.6932401960547404 0.6931737034805416 0.7001647226852717
0.32786481809705503 0.33564703627277875 0.3764942166571366 0.3732772150822606 0.3774396163571638 0.3456686381484496 0.36789376851410066 0.3674246538679354 0.3772206178403186 0.4197265182852387 0.4188730710029169 0.4578545481635674 0.47265854721951733 0.5231054009266046 0.5628908574089272 0.6176406311199794 0.6014512772619307 0.656634990679455 0.6452296145476439 0.6509888899552506 0.6340609015564876 0.613044949767627 0.6035362058498728 0.6037375639039294 0.6068471486853465 0.607359046415201 0.6144442856228254 0.6289103572457727 0.6637766036359466 0.6810509661973003 0.6673290244545835 0.6730026665084795 0.7020538118678642 0.6864641409834618 0.6819985781331157 0.6922210525611249 0.7501212051719609 0.7410362958645719 0.7431121963778281 0.6972037436841105 0.7350232496071999 0.7493341413427661 0.730935989395289
0.29986087923968746 0.332087315820016 0.3797235183574502 0.35476308784914984 0.3841292597904208 0.39935625441436984 0.42203010816150716 0.4207031079462974 0.39968636210288516 0.4066393506508275 0.476806089687348 0.4906551323346291 0.5323066241369587 0.5845287619471735 0.6136349121398993 0.6159758667842037 0.6389274103886248 0.6645103048498385 0.7109433177637752 0.689655973872312 0.6659143213343406 0.6130054307830045 0.6195200178854543 0.6093262983669854 0.5954607619367818 0.5884641009096591 0.591677095372521 0.6304880811770491 0.6940249703190763 0.6983988234207213 0.7046065249904073 0.684934824522679 0.6892151167177196 0.6544087380084586 0.6400373435066768 0.7180368073876475 0.755149702830123 0.7573528341027517 0.7354757239268677 0.7078682842310008 0.7032883759765673 0.7431864583279852 0.8206784950798924
0.28434266712412454 0.29992222355760445 0.3445686656553353 0.36789037149602155 0.3663767093391936 0.3912925648536627 0.3954278354110357 0.4029776133273045 0.42545775264183805 0.4213904331042523 0.4684603383487895 0.5111173067473165 0.5726420910120553 0.5875257744161874 0.608366578162498 0.604606280514727 0.6269481567213182 0.6565040543357106 0.6423241849304554 0.6544171339279612 0.6612618794998785 0.6479737880933796 0.5922791327530419 0.5978312612822085 0.6127042717300621 0.6306813369173749 0.6393432383580985 0.6795027367456349 0.6698292826806006 0.6970154967641676 0.7358153691488223 0.7261503704848687 0.7088659093326882 0.701331987782474 0.7034502214649553 0.6986018657928212 0.7345305580278951 0.7754769009595339 0.7792331442565206 0.7314704043039211 0.7640334097226991 0.7823297671728248 0.7995360130169151
0.29995887670212035 0.3196724911246736 0.31506841614357395 0.3406343832186373 0.4093373246671804 0.3853918333174453 0.43571690294050747 0.4080041124927249 0.4155565930263981 0.4340372964588171 0.493248884719808 0.5292520595390205 0.5659110736671966 0.5511886808588249 0.598357344638477 0.6012808260219926 0.5899027343223093 0.6130940188813918 0.6234417205581783 0.6119120923728135 0.6470561790933179 0.6408474146192875 0.5666795604084074 0.6089560709882964 0.6128334972547853 0.6366226965380621 0.6441383930252583 0.6823567459055195 0.6972882270225952 0.7029547167179618 0.7548733009179375 0.7212469221081074 0.694797724463853 0.7055322312491611 0.6771400017908875 0.7064688974505894 0.7538585652466325 0.77416743350579 0.7801341278682644 0.7621430781831802 0.7386814885914338 0.7810268393733363 0.770260315377841
