Raster_benchmarking/DGGS/continuous/raster-280.asc
NCOLS 100
NROWS 100
XLLCORNER 1743164.4569610953
YLLCORNER 5469289.775219932
CELLSIZE 10
NODATA_VALUE -9999
[rows 57 to 75 of 100, columns 0 to 42 of 100]
0.9026539567131617 0.9242045552872362 0.8848791838241945 0.8733001764744536 0.8453247165353484 0.8060467734364831 0.8033488982254927 0.8455653620669865 0.8634961981586009 0.8777599615367929 0.8555906526609559 0.8483226582194127 0.8612658182273192 0.867487818700832 0.9013244517242565 0.9056495290934153 0.8530449124062132 0.8653920113595132 0.868422359848093 0.8259632822401753 0.7802262181206839 0.7598028832697813 0.7542910106776466 0.761053008553649 0.7498667210414613 0.7465918412064699 0.7431870305080148 0.7306589153772619 0.7423602540415742 0.7110149718297593 0.6928731077557446 0.6667090550572458 0.6629988561790531 0.7231937516898316 0.6900234999503616 0.6919498331489106 0.6983843874249631 0.6650046659822828 0.662307671551671 0.6319461713080513 0.636054297928796 0.6312562960625395 0.6000889509457825
0.871030405036489 0.8630144576518086 0.8653792389501043 0.8265674110580684 0.8366772528481741 0.8031639419124023 0.7936482354922739 0.8153481884262156 0.7988285683569157 0.8329074555423001 0.8547071709012889 0.8172007032903418 0.84482332574074 0.8253783945065103 0.8738578225913468 0.8492063397169937 0.8693564833179075 0.8211660321750388 0.8329908663534364 0.8398967731658455 0.8158830132605388 0.7636625644469537 0.7382844416855537 0.7419420921750215 0.7464194624174318 0.7429142406139776 0.7201138371006558 0.7368863472836918 0.7355148232006985 0.710998746451807 0.6750781267090302 0.7053400764999274 0.695583560589557 0.6908153225220239 0.7292334458666672 0.7355799769432632 0.6928954535370464 0.6824675246690745 0.6677153403749464 0.6642433966187181 0.6657536685846407 0.6421965526560119 0.617422598449003
0.872389949115388 0.8314993528614051 0.8435444115433708 0.8189087890034695 0.7811690632571231 0.7646959136562747 0.7890815298820026 0.7587329865984739 0.8084941490510228 0.811879087111272 0.8221096965983352 0.8108307213639082 0.7927280416617417 0.7997184137294963 0.8486707953737543 0.8287263773507888 0.852465217236127 0.801898322883108 0.8258621984936184 0.8204279839201597 0.7976637191252132 0.7547046829263252 0.7493387954744901 0.7243400647367126 0.7294889291810065 0.7590495476901173 0.718988575923165 0.7141762363002108 0.6943327592550137 0.6914265675314231 0.6724007961244948 0.6953652749387411 0.7075601642983541 0.7071300248776328 0.738669030966836 0.7413560673921308 0.7107658586095659 0.7092571458784869 0.6880970872765714 0.685026663954936 0.655846544882111 0.6280477298319893 0.6119826299950424
0.8570022033013084 0.8424083750714725 0.816232378886748 0.7676477950301359 0.7667106911465024 0.7619531735883854 0.7781030698855554 0.7902127246951848 0.8195118867329203 0.8015132655358573 0.8117224386467689 0.7873321508274504 0.7998757915274276 0.7917829986261474 0.8373150864946162 0.8265786234911132 0.8308155288676033 0.832817109729513 0.797957493367934 0.8125340064041192 0.7900223617477823 0.7517437461809341 0.7208712802306073 0.7005035671911523 0.7297043221937951 0.7394791423300364 0.7060986641562299 0.6999092823170373 0.7050659338029298 0.6948264669518381 0.694270004061811 0.7300363059499142 0.7022611772563986 0.7087925347521353 0.7258268285526502 0.7060558334437727 0.7054263907446912 0.6944133117365385 0.6587259034451681 0.6675647283904399 0.6299058049845092 0.6439061917779966 0.6130890061543087
0.8446018540861921 0.8310949858514657 0.8013141476663092 0.7617878635828909 0.739117379674318 0.7679661990230657 0.7928882809600248 0.8220233203369832 0.809760484633848 0.7864773396867191 0.7721106723506596 0.7744386471777296 0.8093345182361525 0.8178851498590419 0.8519876550247026 0.8574533775527893 0.8239093723527259 0.7963437446326064 0.7983889086950053 0.7720031162707987 0.7269978230757698 0.7117420653292675 0.7119642606579349 0.7009699753102181 0.7039442990552557 0.726748241681579 0.7155780499855563 0.7019818052771258 0.6968628935531288 0.7121470481144107 0.7170833096280673 0.7570382045059809 0.7369552793806133 0.6859756467529218 0.699562504598886 0.6982166362227186 0.7065133474476616 0.6881706312483405 0.6437531300668923 0.6383390710937498 0.633310943846756 0.6590467273519682 0.633108112344896
0.8150706607928482 0.7909004473436793 0.7679157686555335 0.7359997373871278 0.7612335923099229 0.802274741764198 0.7900307563986322 0.790356258862714 0.7831272479939085 0.7584737496140501 0.7563418856197233 0.7439237973208512 0.74141822737501 0.7891701562278125 0.8149495681233581 0.8307124235876361 0.800994682637452 0.7935254565839066 0.7568935800409151 0.7463728924438346 0.7109814911098311 0.6851775889225394 0.6895663536436916 0.6998760615028708 0.7034924844179141 0.7041528774399248 0.7387318594565814 0.6981632130263707 0.7291491556841504 0.7529194300729847 0.7755122548338088 0.7419668214706947 0.7434683738121499 0.6929305158485034 0.6756934828969696 0.6494310076673954 0.6404162434994207 0.6818593404227595 0.6481999372361776 0.6343558373241468 0.6297085158863941 0.618231221901849 0.6175260741586263
0.7562532938435138 0.7841807585802568 0.7413548790312663 0.7238404372189444 0.7433887766620163 0.7979609332017091 0.7980819477651617 0.7995321727466781 0.780589646393249 0.7558089150758505 0.7163225305754058 0.690877695080852 0.7312334686381896 0.785806534462627 0.7879800290423478 0.8129981946096181 0.7590173071412806 0.7348864694915035 0.7210738804095997 0.701312604495019 0.7307768508020854 0.6868462454187398 0.7056219434466043 0.7051654189532275 0.7289543894529027 0.7474097624598404 0.7110485559197645 0.7227476536260546 0.7540858527391178 0.7534743720297977 0.7599776233331119 0.7758828248252917 0.7533986877450901 0.6838869904906089 0.6783473017442456 0.6297706448161068 0.6359598822697804 0.6493367857823328 0.6536324724416639 0.6214989861498528 0.6056476031019531 0.5947361495441627 0.628149813173086
0.7167753185454555 0.7563160822734073 0.7400611384536152 0.7378104209555627 0.7518835702285173 0.7425368244002561 0.7607662860068047 0.7999355655966224 0.7728793335278697 0.7389793053904249 0.6792487553379718 0.689569670831541 0.696989898593297 0.7266466405761227 0.7824739513474607 0.759494559276542 0.7795882400108353 0.7162266048951696 0.6881699415820354 0.7049120417731642 0.7200934355742207 0.7001820703321715 0.7240854521619057 0.7339916350792183 0.729814693763152 0.7164593757338436 0.7366531288449729 0.7561644153117549 0.7302423152054638 0.739058288196878 0.7428385767085206 0.7408094704293167 0.7145864320563107 0.6671178310743053 0.6384961832195102 0.6209308851224972 0.6145767957046608 0.6351325743157773 0.6354508191862641 0.6128301223195542 0.5985480462205546 0.6011032589046735 0.5854096515522798
0.6802219839576188 0.7389366497322657 0.7455618335845772 0.7610233478039776 0.7372669283333446 0.7369123080180642 0.7450550309171926 0.7809184363155358 0.7287512203886923 0.6926125684051564 0.686235747860408 0.6492900241673822 0.6906434000417984 0.7260632292763725 0.7331336309022713 0.7594710264316106 0.709523455355163 0.714073303034743 0.6919024518479079 0.6697601175691702 0.7017426400744452 0.7347323845238921 0.7181395285160758 0.7256724813425489 0.6986996367274281 0.669097267882716 0.7379676043608873 0.7453555645407532 0.7484106786744567 0.7225628375312825 0.7480220704158991 0.7146537272923462 0.6782805988738239 0.6947717149159 0.6680638366796621 0.612568605557175 0.5940485077985161 0.59670083809504 0.6238786310790182 0.6364967607957648 0.6509347125894134 0.6254442294694239 0.6078669659617578
0.6731239825999323 0.6682848454849536 0.7045062315304518 0.7392896289931703 0.7485516129904292 0.713650321180004 0.7150846876915746 0.7120435228985837 0.7147595170307933 0.6814759712730698 0.6322361597501449 0.6311336467263855 0.6874026063436267 0.6739341290454103 0.6943112820707913 0.6754327835118034 0.6731600275352756 0.6524519774006363 0.655411650188069 0.6664132531763269 0.7065754154311111 0.7116171057970528 0.697335417841839 0.7202944680302527 0.7071643872549436 0.6860459768462106 0.7100242570979782 0.6942215107527177 0.7161975765846121 0.7318942513935356 0.7130797438536636 0.7208125367893087 0.6769361243651443 0.6626091868737352 0.6818298236856701 0.6341220346965404 0.633371573287031 0.6158922853136874 0.6013231487824049 0.6446865033401846 0.6409719682912531 0.613757331688037 0.5535066468810602
0.6226874724683497 0.6155366984444369 0.635285137222533 0.6872559314716319 0.7034913036862744 0.7152704817160032 0.7199012199535679 0.7198012316918204 0.66746317712826 0.6628271124903812 0.6329424700626222 0.6191565709055767 0.6622285307164275 0.673443422799694 0.6817612698127413 0.6463109236490658 0.6533057811813521 0.6423023079839801 0.6422606765168815 0.6659958814841764 0.6816034015606439 0.6936725832519075 0.69427950455748 0.7031921219295074 0.7071597706097487 0.6739283087300519 0.730498771654877 0.7094518571321216 0.7115840625790358 0.7511923705095892 0.7444896531290038 0.7019344577901344 0.6876522934525626 0.6558338364363274 0.6869462643324904 0.6643112512872718 0.6367888384444572 0.584603141095158 0.6141699192635318 0.6136497349355806 0.5877735033826696 0.5851247250581473 0.5552426607380191
0.6101983037095895 0.6035988679256147 0.6093872337054563 0.6554560285143638 0.6567224471430263 0.6779066568267692 0.6520137345771457 0.675411310412288 0.6583275677315816 0.652806941080064 0.6042958699876733 0.6016332005696013 0.6027467877098219 0.6333279896329804 0.6529417852687751 0.6634232302493219 0.6569874178085585 0.6354894575666687 0.6816518705564333 0.7074689544970755 0.7010814542029824 0.7302697720251651 0.7251979336209243 0.7452191534912951 0.724439278102035 0.7385176148287027 0.7403818279217262 0.7312744109780522 0.7072242935963121 0.7019355515300507 0.7126164930061755 0.7046340094349458 0.7095066633165279 0.6685479847276136 0.6665379464848795 0.6713242508299424 0.6088153914360763 0.5771185607533702 0.6079308335256932 0.583398257981104 0.5758505556098698 0.5804987685111179 0.5391537657009876
0.5933127561487784 0.5971616541503034 0.5777286909970929 0.6145577367645891 0.6337625758482175 0.6152642599421247 0.6374922993878471 0.608708625039647 0.6353115981936092 0.6184953437942308 0.5674241708753738 0.5523643842766897 0.5587690316151788 0.5775601176617475 0.6437398372240271 0.6583097216278405 0.636722200464599 0.6456175406300885 0.7020999642355458 0.7251179012779887 0.7417426804449894 0.758450768877889 0.7329822835036384 0.7358085108375539 0.7535129531765081 0.754911798147466 0.762197058036232 0.7479919961753564 0.713024972265085 0.7030027173062865 0.7126162771946092 0.7121679120258436 0.6914082604123009 0.7094539588142372 0.6979623328932706 0.6664853960297928 0.6175165324830194 0.585881558612053 0.605844917309396 0.5980956188772314 0.5410215134988201 0.521551441022775 0.5511686714081876
0.5948671418504035 0.5544762741328002 0.5612074737323147 0.5740272910404273 0.5689067476902546 0.582316697072757 0.572640852909817 0.5673952975515236 0.5716783692082004 0.5800998577569293 0.5739995449020586 0.5441305456554155 0.5643619710164638 0.5862291093315909 0.6281636564703502 0.6616903534187081 0.6459129524552334 0.689403220890097 0.7169107389098185 0.7115105053267953 0.7454721756594729 0.7495945350256549 0.7456267938885296 0.7824328053797852 0.765422201731502 0.749566358916765 0.7080552131779846 0.7049220524398301 0.7080478590540549 0.7088270477405199 0.689856691573447 0.6734221142864039 0.7220419780331356 0.7076296190594614 0.6853822660777871 0.6701851325023146 0.6442819792485162 0.6182564404820075 0.5638736749064683 0.5363155210187344 0.5613487216711083 0.5791555698400933 0.5501343345701291
0.5579118728586487 0.5344817429259818 0.5318330830495142 0.533840742265666 0.5548018573446667 0.5025414035182929 0.5406170024156629 0.5124305724580343 0.5542701062504342 0.5665336651129562 0.5730458051529599 0.562769579579649 0.5507152181698247 0.562014803571024 0.6108536208114161 0.6388571840247382 0.6710825933302073 0.6685922782303119 0.7094340633522425 0.7484022982703002 0.7685926837945921 0.7715410471543216 0.7673830164457105 0.7872098215803981 0.7413643429619694 0.7311451355207517 0.7003208203224232 0.6820508799783427 0.6662339028979469 0.7025218786766858 0.6795498219612083 0.6707957377179675 0.6935311952855292 0.6983975638577674 0.6897876784631608 0.6523233585077843 0.6326305953089185 0.5885566255386452 0.5759720870234556 0.5010481731357792 0.5713230027667561 0.5887871116369772 0.61331779994776
0.5600655041687395 0.5501779609224291 0.5338412394353181 0.5564494052778777 0.5266858278212625 0.530083783685685 0.5062128397045994 0.5317517155048529 0.537780194322718 0.53618267829585 0.5666852985978296 0.5863588351587514 0.5642999849899766 0.580732457189569 0.595147055469713 0.5964715379469754 0.6275113028770286 0.6618487848119697 0.6787598060142537 0.7408567566939886 0.7331388143051997 0.7733095696545562 0.7558107699259474 0.7220149248258911 0.7122963595030248 0.6845771992497061 0.67856552563279 0.6397922107070942 0.6498334184012691 0.6489444862183609 0.6571399666044347 0.6388311490315479 0.6239955980597932 0.668676543292339 0.6456391368367392 0.6170365353785336 0.6244147520164031 0.5730854033250332 0.5625770258743191 0.5162121665682221 0.5517893405386176 0.594228610809662 0.6049243600811594
0.5173218853283877 0.5044625189486348 0.514114118915806 0.5408910953856441 0.5381233486110696 0.4856212210501677 0.5198135236164023 0.5029666534169636 0.5328233843257065 0.4989233469593562 0.5332881975473291 0.5640844251865826 0.5756437889417112 0.5447247501335092 0.5604121572735163 0.6282176987929539 0.6236261358602908 0.6682520573305443 0.6856462200766146 0.6999284109738377 0.6946817599661629 0.7321225025778755 0.7005224474263776 0.6956348339113129 0.7220604418879418 0.6861400982374805 0.6633749229560407 0.6315621367732426 0.6467239536291639 0.6171175210591984 0.5995723712925326 0.5878841873212903 0.580953465333729 0.6121365244502386 0.5999792451640392 0.5997031177156231 0.5796972137752715 0.5676922167599038 0.5379880853934831 0.5344175817159873 0.5179109084877924 0.5584540786255408 0.606037567077149
0.5093660787568434 0.467910903974617 0.49180391596074957 0.4836977937176182 0.5005847805635505 0.4740376486699424 0.4857941775651727 0.5087802343374143 0.506987758307225 0.5145544758038088 0.500116171136391 0.5341666236815154 0.530019761771288 0.5261977965847369 0.5628950574785679 0.5607912750870132 0.5822331248955127 0.633848410244633 0.6425212160015735 0.6847842267367236 0.6651363835896605 0.68739221397221 0.6675122327391348 0.6769951581653136 0.6919586935309763 0.6814032846921882 0.6532828465394676 0.6469496160178576 0.6066489694541524 0.6239864098852632 0.6183705930530801 0.5935087316829887 0.5689702404830939 0.5970901085453134 0.5913369368613367 0.5557085876898431 0.5324080136990358 0.5608330468510813 0.5614018565195785 0.5483481157472948 0.5171132833440159 0.5465225468446313 0.5950584286355302
0.5064369972649921 0.46266424397171396 0.4946484161876192 0.472056820075061 0.48035570295671665 0.4745777064011251 0.4950578167631681 0.5199098533769417 0.48182562388818284 0.4848535501719766 0.4786390002465814 0.4865589334965776 0.49664387880449046 0.543229870432048 0.5654444006157442 0.5287034774554468 0.584595110185285 0.593717552547026 0.6382430248405208 0.6553617639213638 0.6342492909949277 0.634395839213561 0.6269657180554518 0.6857834292389818 0.6889436088192056 0.6822255905067104 0.6274963083765092 0.5989667797874079 0.6097840411806892 0.6283587609589572 0.6153298409899092 0.6031841545603578 0.6009056259798735 0.5660704364515081 0.5574157159462181 0.5433345704098301 0.5057630053649202 0.5149003386326142 0.5500695080389145 0.5331839025738982 0.5369754003676723 0.5460362969640968 0.5743866308602855
