Raster_benchmarking/DGGS/continuous/raster-243.asc
NCOLS 100
NROWS 100
XLLCORNER 1743158.7723908154
YLLCORNER 5469295.0694898255
CELLSIZE 10
NODATA_VALUE -9999
[rows 57 to 75 of 100, columns 43 to 85 of 100]
0.7298034326104735 0.7518043905497577 0.8104097363310693 0.8393114389955477 0.8620562451657131 0.860787994669046 0.9007050614142478 0.886467156619349 0.8858218461103541 0.8512912800182029 0.8309854264549005 0.8183345623372617 0.8120231771044683 0.8284289312196047 0.8153345499287722 0.8015333683565011 0.7745530987036848 0.7934804797064715 0.7576602748007422 0.757635794445916 0.7769220601597059 0.8208168846560259 0.8391664304715272 0.8383215175226325 0.8384042684015915 0.8121013961489174 0.8265808510762788 0.8457445189612028 0.7969182928761287 0.7949661872820408 0.8087923112564945 0.8331837684981488 0.824607427646326 0.7727679130330349 0.7767387247972656 0.7967136850845635 0.8232037243081038 0.756970333154704 0.7251310297278724 0.6953761118754824 0.6547355692330478 0.6560722183036747 0.6901898340849455
0.7499270284079607 0.7894183616427336 0.8395663920281113 0.8455576665004488 0.858582442585265 0.9088801105393954 0.8848607732395225 0.9107824884633066 0.8603211373013943 0.8435699222001016 0.8532459621178377 0.8296512125510962 0.8370107807898931 0.8331589981797229 0.7855924121973397 0.7918742494390527 0.7871837169452445 0.7698461416696348 0.7781036951172179 0.7749221064791125 0.7437090687485592 0.7798915764897726 0.8053706225099357 0.8004097899318289 0.84733883560199 0.8516389122388114 0.8230458278387263 0.8353722598920981 0.8196287016417857 0.7802989487926814 0.7943085435973327 0.8224944985542048 0.8402682782363451 0.7982733516610642 0.778711379414023 0.8102131626328991 0.8349650141632445 0.784974148798904 0.757705428246021 0.7338919040508276 0.7113252590363124 0.6881858927980414 0.6865409917859064
0.8009622805520924 0.8229781170945762 0.8441685469809365 0.8654799656903314 0.8843773939218571 0.899895586188854 0.901843343586187 0.8840426340181555 0.8642395965237042 0.8693059539501479 0.8262933001940009 0.8328365629284673 0.8551173393906218 0.8175549709058514 0.7925272896132487 0.7730311365850128 0.7980600593206199 0.7555303484589664 0.7716389794725048 0.7736620162068147 0.731189490098475 0.7516149872152726 0.7642062790158103 0.7955719470780029 0.8454070546455492 0.8160636897604636 0.8327416986435792 0.8470454133351543 0.8018632191588325 0.8186276138656396 0.8137080344371949 0.8332945162729629 0.8235823290974854 0.8188965245183403 0.8250411227627995 0.7855282380124969 0.8301730283067442 0.7714317192601068 0.7914020530282061 0.754203151116884 0.6984587403483785 0.6754931587886855 0.6517319827975655
0.8191591923200741 0.8278556521209958 0.832959630121498 0.8300562968972769 0.8852677374200699 0.8909107897763654 0.8886174759624684 0.8741962848198317 0.8512052896459786 0.8691517670718026 0.8603519810664917 0.8389184588360667 0.7918221884920604 0.7836562316158266 0.7776764852859246 0.7718133910245418 0.8045560339791105 0.7685131081071143 0.7523089957908503 0.7769579492980447 0.7322938329341601 0.7364539628187786 0.7680191114401071 0.7724413360650599 0.8258183072333314 0.8243084637852829 0.8386285087964046 0.8278779555736969 0.8228614812934173 0.801028170731115 0.8079524570978059 0.8190457627989675 0.7975511374204823 0.8001078198373438 0.812412759139399 0.7749663667474814 0.7646996267774794 0.7677413464525064 0.7388796630646575 0.7066006922722359 0.7121212453890343 0.681952149972751 0.6793471229323443
0.7987191461871928 0.8162082017270733 0.7966575305337271 0.8233510683076151 0.8426413026567048 0.8476641473648605 0.8690097725998788 0.8694356385564753 0.8726309095019877 0.8361119762718103 0.8181514470931488 0.7743675036868681 0.7724350668997839 0.8007694740173313 0.8037172175595387 0.7616425879852585 0.7837005839357444 0.7871659187543518 0.7912297504976615 0.7686444390440109 0.7229745340980323 0.7686216079696737 0.7882960733388855 0.8029333151428637 0.7800252529899707 0.7847822845010086 0.8169738778154892 0.8404315845632029 0.8382023113709929 0.8098524452982517 0.8256667498370119 0.8255430795827327 0.7943127351346495 0.7961306889424725 0.7557776939827543 0.7371549221826719 0.7169043690837473 0.7694041586833862 0.7562677664480267 0.7023566128593275 0.6648813681436042 0.6591705241619762 0.6556397317876212
0.777208636983776 0.794664238244119 0.795068175044499 0.7667367811232851 0.7801787847082248 0.8275058027892491 0.8439858858409452 0.8342618241777762 0.8126810274481706 0.7994482123491331 0.7786852701507352 0.74241064332749 0.7328244164227928 0.7497307002087481 0.7700525082996293 0.7822065221418916 0.7731141935124226 0.7690152492659676 0.7635782185364077 0.7290256038162615 0.7214980261873429 0.7727228114776521 0.7610834706289364 0.7790096099080289 0.8078151790202462 0.7911072291266124 0.7829089217780213 0.8118946991593536 0.8026667687020023 0.8302732770190188 0.8308837309684757 0.8022682786035699 0.8163707129150338 0.7676116805956508 0.7509482377736252 0.7172703780833956 0.6948868301367285 0.7365182686307312 0.7087744088881828 0.7127474161645224 0.6783982763421529 0.6511075335513521 0.6516590940582744
0.7413768053323573 0.7457590445496013 0.7466396058732743 0.7478628622938345 0.771526740816588 0.8186932417738384 0.8334818436983653 0.8533415219799736 0.8300775787439328 0.7836188727819586 0.7690352170135494 0.7334457897225302 0.7071858592183912 0.7480472096292291 0.7432430160945411 0.7716958934192955 0.7720818893080322 0.7472303605017042 0.7206897177504337 0.700071029107297 0.7036999149158498 0.7650647718209354 0.7918576701081735 0.7604151089879285 0.7809256156259086 0.8001257852410265 0.7843136331972604 0.7899986739335054 0.7975947429513285 0.8406366992806749 0.8281210953515928 0.8363975480535155 0.8377358058559188 0.8000822499405054 0.7662192432723043 0.7282318003944748 0.6879860043582118 0.6777301002509798 0.6918202256677114 0.6686277466373148 0.6449151253143249 0.6582417918144698 0.6190774213884951
0.7515896643783475 0.7366867386431478 0.7488744043878506 0.7482286493630411 0.8105894188398094 0.8199156059999669 0.830385135151899 0.8231727158253218 0.7987250398111663 0.7975152861422404 0.7769500515371517 0.7618723017694199 0.7459765312167552 0.7232102077655831 0.7341800972706244 0.7616744508370891 0.7528864186058464 0.7662062274400606 0.737644569748607 0.7111866595897522 0.7508667833539845 0.7435602619580197 0.7491528605492344 0.762289395394133 0.7618966187873069 0.8014451834337616 0.8093013254702202 0.8192780729199923 0.8057316182357419 0.8085259292698178 0.8256837628180779 0.8192857401764494 0.815925800908201 0.7834038717206926 0.7408074644292714 0.6883435521648958 0.6539790476563664 0.6871602044526033 0.6880898433778037 0.6355139760573187 0.6553690552126189 0.6466093943878312 0.5966474322796246
0.7273221230512638 0.7227326361671097 0.7415237254795335 0.7767727051325849 0.8014548440382163 0.8496808467059821 0.8631562702874951 0.8202049587393262 0.8410610445570978 0.8350647810853786 0.7952693656056299 0.7556830456089483 0.7595894357876297 0.7286124093170815 0.7150890223811303 0.7350126012284286 0.7728526794064061 0.7563665390618226 0.7272480083706563 0.729714201238218 0.7667836993413617 0.7482737197027728 0.7743487862947332 0.7745252174173276 0.7946892151537844 0.8011702337605314 0.797187427461754 0.7990658680463366 0.8193162670219017 0.7943273329259695 0.8235293164828945 0.8308246939648598 0.824227579379972 0.8016858980719558 0.7499753047091616 0.7086652954886996 0.644467745306548 0.6438170384163003 0.657838731793934 0.6271122057145139 0.6230944587845941 0.6552592022898577 0.6432176742181298
0.7506755592695301 0.7729618222480185 0.7577179655690423 0.7725320332509261 0.8337771513431838 0.8387442352274188 0.8564588882487345 0.8257802821657539 0.8244533642236469 0.8323963306146568 0.8073038894570045 0.7596360752115262 0.7589030706816189 0.7404889315973568 0.7388528127398193 0.7671504177945531 0.7529592623726588 0.7343438286984982 0.723681311779395 0.7332777329206223 0.7311491974744635 0.748637932047612 0.7725152245577597 0.812907944458925 0.8195420970473418 0.8090113104692306 0.837089258209102 0.798667631959292 0.8120979215730505 0.8250961460144028 0.7886395032122894 0.7828457386122648 0.7750460208759328 0.7728257460382226 0.7315246308161488 0.6704268654316367 0.635827833241662 0.6381213572734231 0.6168504478507639 0.6363071342674732 0.6487032941125509 0.6648678868371587 0.6558016769912023
0.7329378608837627 0.7626728214450216 0.7905020035248771 0.8164189120841585 0.8542214072386256 0.8371989191756842 0.8217704037253841 0.8387606390465425 0.8494853774542392 0.836227877112403 0.7865767976918872 0.7895020658345805 0.7303294479238632 0.7543010379035903 0.7355123748836251 0.7511013833577135 0.7531606327150782 0.7129596614775783 0.7276838091376634 0.7731752768648542 0.7652939888005595 0.7813363229496794 0.7659464020757488 0.8134035461731346 0.8403189551424103 0.825777676525597 0.8487418030321411 0.7964473554831756 0.7784003109159793 0.8064622154949505 0.8053552407124304 0.7981249021135628 0.7566120077174943 0.7140927164300694 0.684358746453315 0.6612116530655059 0.6457627149843863 0.653210388682332 0.6156269618587927 0.6319529628544005 0.636376861431924 0.6492624679794099 0.6732706062560783
0.7694305496754013 0.7855432831326202 0.8078211023712549 0.8157174776602408 0.8562502975856382 0.8394080401774623 0.8587832774877384 0.8490237463096229 0.8276194652585038 0.8225910601221132 0.8204783597174711 0.7966328853558484 0.7645101005314175 0.7344208852093003 0.7526585887891928 0.7343617937001389 0.7383155565200746 0.7274023893545642 0.7606244428682538 0.7801582806767831 0.7783272241595292 0.7698350627493878 0.8191518287799417 0.8426989871630194 0.840081032925677 0.8200738258591139 0.8461555925612227 0.8267590428307046 0.788864609030189 0.8014528756974787 0.8153085181053918 0.7892642218163873 0.7662536681345697 0.7123777622395291 0.715086951240463 0.6903005771538991 0.6683166702608628 0.6674243810673016 0.6837650615811783 0.6848449769768563 0.6978960060465391 0.6775592334451385 0.6936674620493768
0.7602208745614062 0.7621340732493932 0.793478560834074 0.8123996312944565 0.8565530444149005 0.8529501602782212 0.8535529109273552 0.8666755829907461 0.8833655689034635 0.8588692687224657 0.8555606017589696 0.8087045241830733 0.802697684107458 0.7809525465298647 0.7228160772584767 0.7400226074768675 0.7133532985060567 0.7176392895132094 0.7400791075153202 0.7782025867733151 0.8022125213498609 0.7909511427898164 0.8439873593522539 0.8331846494473666 0.8200393265374835 0.8045407919825659 0.8101305357130032 0.8107924792227991 0.8407703247370639 0.7976738919120409 0.8158194426733576 0.7580970845555047 0.7332651695768266 0.7014943293694234 0.6768379220302949 0.6999145154900946 0.7029163739266199 0.694554949359832 0.6912967383362406 0.6793836648326683 0.6950259038726718 0.673008358317242 0.6863775162852577
0.7876665177343354 0.8081702020856983 0.8181370962167642 0.8330327528369447 0.8853106744681463 0.8938919208864754 0.8857270720954673 0.8485983857420927 0.8422039961192079 0.8523908922812157 0.8492981574294646 0.8386192228662542 0.8132595546036566 0.7815037503090717 0.7328569871799527 0.7329910332471582 0.7400311911926053 0.7588006477032485 0.742094992270247 0.7945938834236043 0.7758450156225057 0.8088271160233105 0.809881414157966 0.8056966698850476 0.8176576094726444 0.8495278596292263 0.8302694282331501 0.8362065969087454 0.8676759897872612 0.8324609977132409 0.7850333797330153 0.7556677568291809 0.749596568969318 0.739552088896829 0.7116864851057078 0.7190025738991334 0.7256437786757491 0.7076646036078464 0.6997611151358639 0.6895688932239363 0.7036282009376589 0.6718915088462902 0.6689815790411354
0.8307812654064012 0.8330833491076256 0.8354687609082948 0.8449753498309529 0.9033043339108111 0.8985860886689241 0.875420101479393 0.8349983204070226 0.8581700982452616 0.8324535068417537 0.8603327605314572 0.866487789946263 0.8375515266057101 0.776399620159662 0.7154349115915141 0.7351273156327156 0.7116412568910256 0.7504048284238484 0.7759023422055188 0.7799532903704083 0.7674906069817465 0.7738835596818978 0.7705255940141698 0.816532611519448 0.8659533014410856 0.856599277276664 0.8578052436773513 0.8396644885241 0.8626476359414169 0.7826095337375509 0.7626877807105146 0.7690648017619869 0.7681743254579705 0.7495810124185479 0.7092231243840191 0.7177152502516693 0.7045329296345253 0.6615371844462038 0.6456650218859411 0.6899970449948457 0.6722646515237239 0.6445798796708995 0.6257036240464607
0.8262503749778047 0.8263992105643866 0.8407268618602701 0.8803224263941958 0.8606012170151202 0.8715354101024557 0.8757243695895875 0.8563570495963575 0.8338536689163575 0.848533442216057 0.8343765168047527 0.8355338006251521 0.8242719217539918 0.7696314928136282 0.7439534772671135 0.7315403950891277 0.7589995270883411 0.7501561467146858 0.7388720051805797 0.7350933115425792 0.7279323712876233 0.719255527958329 0.74326287802129 0.7748082271818942 0.8377991999852368 0.8592115682997886 0.8718267907262174 0.8566656759148136 0.8345044526058479 0.7637319511894867 0.7819495653541088 0.7794502772784063 0.7452298064091325 0.7288415198175661 0.728962340349342 0.7164781028006622 0.7079083481149039 0.6752775710101988 0.6669725231014918 0.6649605745407738 0.6696692491447365 0.6376280738830564 0.6138529243146642
0.7878061895385066 0.8481886806819929 0.8753498368479861 0.8647229776867444 0.8386183209507231 0.8727777131912169 0.8258781738051504 0.8417286873639805 0.8037844818848914 0.7851552417076523 0.7842165775578479 0.7909362436914705 0.7718288750199475 0.749918381630211 0.7506686615655864 0.721368332681212 0.7634353482177872 0.7465717660902479 0.720641744825466 0.7181302398689776 0.7019715128879613 0.705211737656786 0.7365781329810859 0.7811254835670214 0.8075458725518287 0.8095531252660331 0.8443208865921757 0.8247902006381466 0.760735107401423 0.7502110602630944 0.7546862444776221 0.743752149363009 0.7676908803366765 0.717068112525009 0.7346386648737423 0.7333837444226231 0.7295518043371946 0.6948102037327785 0.6453334714136186 0.6250745697366384 0.6035605337351448 0.614545464543483 0.5907016647594723
0.7848854469576527 0.8118096472259044 0.8420390833122386 0.8774015250927893 0.8973628940856362 0.8756362649046739 0.8575859745666263 0.8127848790927813 0.7919687446734213 0.7872399135244124 0.769786862658866 0.777013886511837 0.7671217650600857 0.7588566217115477 0.7565786193799363 0.7299489491985919 0.7453194514925519 0.7286466008397677 0.6844650694550746 0.6874597827220622 0.6806812249366606 0.7229078818723242 0.7551031034475804 0.7968532031684201 0.8138235163569832 0.7698821462418362 0.7680757190504713 0.7543145896489847 0.7514327799711167 0.7756687391232029 0.7726227699692253 0.7473586173926483 0.7226619275680995 0.7197256328755556 0.7149673665651507 0.6972738060276579 0.7113163962588968 0.6764826605471908 0.6791472189758829 0.6240515962130256 0.585906634567662 0.5984033498281874 0.5602631452859224
0.7923561760425216 0.8192311730412176 0.8500414593822503 0.8643787726437658 0.9000786653118791 0.8930296327328605 0.8571764644877861 0.8489323752980269 0.8116979712657436 0.7817861177477172 0.758889641178603 0.7504577401966604 0.7289737372866677 0.7206228332229623 0.6906278898590723 0.7120504046054694 0.7048082135358956 0.7127456354846909 0.6956751527189595 0.6685821457862298 0.6799898344951014 0.7099353274692439 0.7568286283544277 0.7610045906317611 0.7883379596264019 0.7836140761935958 0.7244833151900527 0.7332063165000902 0.7342175777359872 0.773181105693089 0.7683504753426001 0.7237691095029667 0.7323901331748895 0.7051126742229835 0.7071052628090907 0.6857829872849254 0.6959367008395396 0.671301166333022 0.6732126429662396 0.5981330418884631 0.5892099094734197 0.5946818198581375 0.560376890819067
