Raster_benchmarking/DGGS/continuous/raster-341.asc
NCOLS 100
NROWS 100
XLLCORNER 1743163.234330357
YLLCORNER 5469277.885562472
CELLSIZE 10
NODATA_VALUE -9999
[rows 76 to 94 of 100, columns 43 to 85 of 100]
0.4434266373029743 0.4346087560930885 0.42564116561828036 0.4112597863647878 0.4193494814519871 0.40546581508773755 0.4132563132504409 0.4049164952043769 0.42305967066594985 0.4026754053215942 0.3475122949194104 0.3487106448708664 0.3412115267245514 0.28426232934339624 0.29588620800360377 0.26284848143455575 0.27584124771491 0.28875644425407193 0.3033548688918556 0.2986091546449718 0.2997102281841528 0.2758722167531171 0.2685049963028558 0.30059811174124423 0.32327983257116677 0.34040420970485036 0.3347283078804514 0.3384428472272747 0.3447654580417189 0.3910925335648841 0.3951577929112896 0.4170174614084397 0.4495591126552757 0.4955320266266042 0.5233912522513487 0.5425389611843211 0.5665239950556896 0.5427276698060574 0.5835156834563049 0.5951856045760661 0.6108726358393245 0.5816931389948072 0.5996858828807952
0.41751972442391 0.4321135917861144 0.45019079831774406 0.44370384043366706 0.40804080412901256 0.4033283276859628 0.3909188680210952 0.41950183896453247 0.3936966956502631 0.39866274332740353 0.3771221425081348 0.36869920337393536 0.2988689980464014 0.2794831417731022 0.2930254730314589 0.2716363893268078 0.27459069197166347 0.2734028671228526 0.2802160959767987 0.28471570265525337 0.3124531607910332 0.29492699425220537 0.27225866913481706 0.2719296499017203 0.32979276192685686 0.347486902754659 0.33211935632947376 0.3471229799298311 0.3494712746472945 0.37013872794555597 0.4344547940420352 0.463004761222677 0.4788419163693505 0.49400928934851895 0.5412166938177264 0.5393834903339002 0.5386205551063251 0.5396170685251599 0.5447303743847616 0.5799919604040623 0.6083150981595954 0.5987391967500512 0.6111216665977285
0.41012333805235457 0.39763047827937104 0.44356012813123186 0.4234804806963646 0.4096075803501439 0.3942987325069522 0.39061797609975524 0.3812699262369125 0.39473234355181097 0.3701771290977051 0.3516196425505161 0.35655942165375937 0.3678127929480496 0.3452970642210416 0.35648728434855786 0.3092610076084644 0.2982048734361521 0.2652899038518932 0.2812458078024968 0.31577528474336186 0.3383895209944463 0.28154173076885697 0.27590904082433443 0.27887180036740744 0.3408926679603211 0.3718822949847101 0.37142692935708876 0.36942868742562374 0.35762899016061556 0.40554420096755 0.4456547739199724 0.4409683263175431 0.49035152514393093 0.5093876924597334 0.5230564721391359 0.5248511789335748 0.5624850761305265 0.5344786133819007 0.5621529747309254 0.5672909718157312 0.6280078491602802 0.6349306316130556 0.649107641189771
0.37564306878236786 0.3979866041601486 0.41654151232580827 0.42287333422077733 0.3870889495422528 0.3627411524418827 0.4193786558147616 0.3674066944126054 0.39977793180915056 0.3428687938907336 0.3217985328810054 0.32934438796141086 0.3705813772293821 0.36897243751792097 0.38498120350752285 0.32317267544709055 0.2861344090700996 0.29068473330863526 0.26299745383699036 0.3300518708511148 0.3333736407049224 0.30257994419258183 0.27454063803750517 0.30936188116590924 0.3494642607172232 0.40947898893028334 0.4163762363035919 0.3762623989869646 0.34356910068051133 0.406612714910528 0.401543860032917 0.45298407886915726 0.43573725323015866 0.5072352107427551 0.5477553779867198 0.5825531844423637 0.5755952934280839 0.5640092964918841 0.5673770745482889 0.5915000663866107 0.6473288635443473 0.687707956831579 0.7102822513003691
0.39317800859334073 0.3689210178177989 0.40146054787301616 0.3880975669673481 0.36533732114878575 0.34474293487708113 0.34145823523730634 0.3246770923763837 0.3131216732485116 0.33534343592772586 0.32433943652549774 0.3406441722550605 0.3408282802948673 0.35976442923875546 0.347525567299666 0.3438043840859261 0.3422259826566741 0.33088924398402525 0.30242714946338595 0.315573454620423 0.34176368937110413 0.3144850474939996 0.29966031706286983 0.32709655656589554 0.3904864655905714 0.4066313287552958 0.4125540250301334 0.41232751461252226 0.37724938532962565 0.37230140329863715 0.3823536529383632 0.4275445836641542 0.4229914100030351 0.48053719577516774 0.5397106654570267 0.585144261156749 0.591321891986715 0.5828041069253423 0.5873971009948572 0.6060006229419628 0.622935189582368 0.6801037587340572 0.6727466113007715
0.37413341508459846 0.37001128026927627 0.335163059148974 0.342384704610612 0.3354708105843477 0.31841295363731553 0.2943098627068447 0.3169958484876948 0.28974473378418564 0.31860485241191117 0.3095161592689204 0.3253919794826056 0.3532150876733803 0.3378241402130426 0.33077142289767764 0.36324294346348235 0.35790607662023166 0.3403597020072294 0.31924533762329294 0.33287669899243016 0.30569592296029713 0.295991915429626 0.31780622717117846 0.3331111199132627 0.38169525450689995 0.4006547150041225 0.41360234546163616 0.3971272566128783 0.3729935444414398 0.3852566395717762 0.4288009206847557 0.4218827733779629 0.4206731567189582 0.4793316285193098 0.5513595891070274 0.5669915557566605 0.5731138862516931 0.5768955987877822 0.590936919513351 0.6442838337395871 0.6623592463325565 0.6896313322858941 0.681395721964238
0.396595336206237 0.34962983180376006 0.3038867525537075 0.332106813867541 0.29558997046817737 0.2923489680912885 0.30776495893667544 0.2863083396030161 0.2947583387896708 0.3144303936220247 0.30038512498362735 0.33727465831169806 0.3551954844635845 0.33755409806303155 0.35060671058598736 0.3745350194388073 0.3159325053428395 0.3308366324544968 0.31836040063653426 0.30449997187982414 0.3051142223875873 0.32677729998796123 0.3378164429557684 0.3590001102443313 0.3860682642165792 0.36050770942040766 0.39760283667455265 0.3716850039924792 0.37564648905158343 0.4110002398413745 0.42974102383928264 0.44500899811069705 0.4646177720803687 0.4677847492453037 0.5253209559853796 0.5441700574659306 0.5682285734085115 0.5964961487207049 0.6077427553992788 0.6495973563497947 0.6476608341804896 0.6966551356322194 0.6890417533481832
0.3830865486622965 0.3453403700143884 0.30036643665777996 0.3132855236352599 0.3098011215026467 0.30027368847212416 0.2739223063289584 0.28444065289821113 0.2682432989873832 0.30617376624205744 0.3057736565317058 0.3116163189507096 0.31305960607367495 0.33173569213691734 0.39670919213968914 0.3479981185665622 0.3044161929882269 0.31249145163750613 0.30598637550809005 0.28036123439154687 0.31161501708455747 0.31503430664032733 0.3254528790383785 0.3569838768466809 0.36989997443891093 0.3507706241274974 0.38110885310158443 0.40649995039282116 0.40967691043139687 0.3913670135064029 0.37114289957013685 0.4449537107814896 0.45355834500421427 0.494230209428245 0.5351283047340251 0.5247810510127167 0.5642136917776903 0.6021381599165466 0.6846368941394854 0.685795389962074 0.6845907274941956 0.6789741245209029 0.721998594181649
0.3963290850275507 0.3395620782603772 0.33929034967559485 0.3085941491121818 0.3132552320210023 0.3169876327126997 0.28409558436859494 0.29407266746560357 0.282612842266049 0.255979650228301 0.28374645978529206 0.2872144530173901 0.31159710755521786 0.32916735805196723 0.3528190888685119 0.3133312049123579 0.3055526934608724 0.2991200587704578 0.3389111052142067 0.3084800133061967 0.3135089372762688 0.32403583951530335 0.30868138803965284 0.33847024948854165 0.3863750857987453 0.365224260697488 0.39462157859699376 0.416472555138164 0.44847352933400025 0.4314644888864748 0.4103397722197243 0.4583849837276694 0.4923593898783911 0.5119401355972815 0.5274366693330826 0.5384642329478447 0.5677777619848581 0.6290312311543503 0.7113246158559327 0.7188113356303852 0.7020088474796298 0.6995979605338091 0.736129779585417
0.36779512827260435 0.34858138207943035 0.33372328928044853 0.30427112621113944 0.34207518130902353 0.3379786268992593 0.27359633918457826 0.26304743327324565 0.26771154903445454 0.2596076326801511 0.26064446657806184 0.3176707468229226 0.303066181237468 0.29267020141738875 0.2866965902084056 0.3041569727611747 0.3129073518900198 0.31105971060881954 0.3352357183977397 0.3281595622581653 0.35876089463122274 0.3651476908809564 0.3377450806547013 0.34708465594032023 0.3692151087048638 0.36984711295587214 0.37205344238387356 0.423494327332472 0.46277889009887296 0.4797249829267587 0.48807282426894105 0.46552216981336797 0.49235943524776843 0.4943583146416432 0.5230174903749819 0.558027707050473 0.5715532864275611 0.6561829287475142 0.7079500049822357 0.7294083833613505 0.698142866811004 0.6765131572709313 0.7095671261212315
0.3534014102916302 0.3274018619036025 0.3332908394118256 0.31718551670834894 0.36652248947217464 0.34024155840421966 0.28289211862062774 0.2803020641266701 0.2967976153837211 0.3203763408111277 0.2902729078177805 0.3234621826140231 0.312708469400848 0.31424003789235566 0.2796754799157886 0.2743170466608459 0.2835661024936099 0.30265733249969845 0.3652881937195906 0.380478213473676 0.37331298702555643 0.3800729829914098 0.3810089309409082 0.4054920547384822 0.369831675643997 0.3977450371937464 0.4077556361911799 0.4512264464713826 0.4727780482208827 0.4773730811483567 0.4766637766781378 0.4963194963511264 0.5174125080803536 0.5337377123245947 0.5416574502020576 0.5226396710655867 0.5532333593944383 0.6096344252168314 0.6844523101828658 0.7239555327303004 0.7029790321945366 0.7021243868878502 0.7106089973134108
0.3914998766358807 0.36843839958920266 0.3240949572792914 0.3331772199485796 0.36586951160221975 0.36313472961039217 0.29836346078581805 0.32695850510588215 0.3431037841540439 0.3417178128587532 0.3388133508854782 0.31834297294911035 0.3036403120927048 0.3046887293113699 0.297361170873644 0.30091896771116133 0.30133063538429466 0.3157060227432144 0.3656550624217414 0.3705782386964394 0.4234910490857762 0.42377562499747823 0.4592005378181503 0.4464168975229758 0.41626341371338915 0.4267054638330504 0.4563799210090756 0.439130964542041 0.4855386829621905 0.46026450279410674 0.46735313600087014 0.5157952076575709 0.51816336908627 0.5518974718364461 0.5230630006861073 0.5213355078548952 0.5553918219934945 0.6486509166953837 0.7072977685105383 0.6732115266742001 0.6751642709219124 0.6907370843692855 0.6563692058934181
0.4165753832366189 0.4076540612692009 0.34214216362447536 0.3728594166347348 0.3825743344798163 0.34012056704263566 0.3262914696383429 0.30606781533474514 0.32915710181867935 0.36704103007341893 0.37123045278254807 0.32336994205297076 0.30699341012731035 0.3372876117193586 0.34668164589714556 0.3456978178722308 0.3196489216295073 0.3365821098348401 0.3638607885353712 0.40261163321804094 0.418337478883712 0.4318293520908164 0.4193429005318814 0.4324652981758423 0.46959778104775585 0.47330237276576637 0.4521134684553811 0.4685342623268953 0.5061816132396421 0.5123789827672858 0.5148265933608501 0.5251068780512107 0.5390289880889525 0.5482280471432228 0.5538885302522882 0.5434028145676126 0.5998722594979101 0.6279175126440791 0.6475735120795169 0.650284189674576 0.684144215589788 0.6660230764342581 0.6775041576665647
0.4516128786969427 0.42706511230223265 0.3669025024188558 0.36305108204290787 0.3712197153548048 0.37766261800247714 0.33839831361481587 0.3405373125588199 0.34510746204341297 0.36651402106378267 0.3726013762181911 0.34691318172375524 0.3533525097961098 0.3593051566310386 0.31912415329803323 0.32596600503517786 0.36748822526701946 0.4009971950976243 0.3764952207144531 0.4021935798384089 0.4624113890808807 0.41846911681019355 0.4344204986209303 0.4547946237408975 0.45745542532464556 0.49080642182066964 0.5020433354469014 0.5338708684319011 0.535385518248182 0.5861041192251913 0.5924356167931784 0.549758204348002 0.5320861078780921 0.5454439490282819 0.534144698389741 0.5733235047339894 0.5795220625012718 0.589148604375074 0.6017341044189668 0.6435964664126331 0.6684298458824749 0.6446060840693776 0.64327437450072
0.487150746404732 0.45174496715822976 0.45025329096671757 0.40617106884924364 0.3674328812396632 0.3594084558579358 0.37864506391062686 0.39230999802557615 0.3787973307473854 0.40957584296363037 0.37301726164304694 0.3725200795036971 0.3748432524507011 0.3686348700651824 0.3499675818545392 0.3587906183215494 0.3731006176289879 0.4300799151257389 0.44424195589064414 0.4579326983793312 0.43461533373083666 0.43777909172287255 0.46840646042389056 0.4386934747872174 0.46505765563460894 0.5254977153826028 0.5362730290076557 0.5695554920075362 0.5857183839481139 0.6002201771973554 0.5963001375595312 0.6246596702906048 0.6094860381138749 0.6099627690342527 0.6089979061153568 0.5816895477004099 0.5918097615545655 0.5906215182785679 0.6147585140013747 0.6466986836075919 0.6702461325143078 0.6757929113623021 0.689454063265339
0.4681201119818232 0.5048076381328336 0.468829778361556 0.46725256880459304 0.4106720759410229 0.423652241621938 0.3936264594876516 0.40990108896846794 0.4128575220104327 0.3970013738761775 0.41717514093067637 0.42831391514271927 0.44443313906728577 0.38040344377231355 0.3808956857293874 0.3782397397935195 0.4408739251814247 0.4593858503026333 0.44094814932670107 0.4768945233190815 0.47548524585542407 0.46439252081553745 0.45749018988996687 0.46550145170972096 0.5008835075006918 0.5256634953203317 0.5681584598532341 0.5647037951132496 0.5949769369253697 0.5927221440645474 0.6495098560584063 0.6047537009614863 0.6387933079316565 0.6122558970568186 0.6453506592280269 0.6083388088207761 0.5777799975158959 0.5745105739615078 0.6010868106159383 0.614456501782202 0.6543889336460956 0.686157487449315 0.6605541291366749
0.4964897936667967 0.5237406701590489 0.4895916075286675 0.4891079832600447 0.4732323997785788 0.4262124542839676 0.45588744808229886 0.4558645542352971 0.4307355030867652 0.40300036157371044 0.43449291033228193 0.4378320685728175 0.4329625545371863 0.41888318002764346 0.44387216301138044 0.43249424423938315 0.45333381321037497 0.4275826798150896 0.4638560346295157 0.48425589073380276 0.49102739619769625 0.46679206526168004 0.48097006712779544 0.5102071259805335 0.5111407156736614 0.5488890709260646 0.5475310430779077 0.5749412921896819 0.5856817357749861 0.5907855640572399 0.6136865979927661 0.604397858151664 0.6484307475266089 0.6457166129433322 0.6487236986010305 0.6275735361317121 0.5796723102618484 0.6115030247638646 0.6340063089557123 0.6249592812600578 0.6048526172454245 0.6476029600977526 0.624301740263824
0.5389451674605972 0.5583928375928568 0.5200430826593211 0.5159346382416347 0.5102808246053668 0.5072356356701763 0.4998976668528878 0.47083031472110504 0.44215520321129975 0.4344537881336207 0.39763266679265963 0.4228403726287695 0.441570216025384 0.4607597803351774 0.44469938156396005 0.44953977946678036 0.44154383722312257 0.46158925241960297 0.4628782099014615 0.45399816967270334 0.45455349373327925 0.475141156008955 0.5211894405250137 0.5060650761696027 0.5333673118992504 0.5204002849154316 0.5479311521353728 0.5539079050996654 0.5973141994218063 0.6037316257939495 0.6095845897069541 0.5879026953400998 0.6270673328906639 0.6062805415729438 0.6082212920298388 0.6096742362608446 0.5974626756789804 0.6137039265065485 0.6380557899376282 0.6130819410878238 0.5869994185039114 0.6153741666425766 0.5920880658715939
0.5702463699189803 0.5585679608102773 0.5663470219370592 0.5681784870427244 0.5418235857416162 0.5463006089151258 0.504620480914155 0.4858071143332487 0.4608705280553154 0.4353157543211612 0.43825357639458196 0.44456420278929315 0.4482022735051306 0.43031176505287594 0.4804836094136676 0.46428380953755083 0.4787610914206211 0.46799051660992336 0.47030216812228726 0.4675696425294119 0.45034780516499406 0.4589983004289925 0.46372481244316105 0.512331145631504 0.4874724353131675 0.5128834860693275 0.5245599829676303 0.567432512077619 0.587459560322095 0.6061729398815298 0.5911810059186307 0.5909690631639819 0.5814577951900817 0.5671249085206367 0.5846699219652033 0.590857285775386 0.603569057737984 0.6028141698952092 0.6361520080230447 0.6154080506816201 0.5704762611481927 0.5651581031033144 0.5568592085339288
