Raster_benchmarking/DGGS/continuous/raster-262.asc
NCOLS 100
NROWS 100
XLLCORNER 1743162.8284347893
YLLCORNER 5469279.297905566
CELLSIZE 10
NODATA_VALUE -9999
[rows 76 to 94 of 100, columns 43 to 85 of 100]
0.49892436721849076 0.4908996883793027 0.4524104912339707 0.4624356522808024 0.4487739886585032 0.4572680921374283 0.431365451423144 0.41417221108621094 0.40805155296442913 0.3919270089207459 0.3986532038038422 0.4360916860514182 0.4383952266357965 0.4172127278222829 0.3836578802873702 0.4076207367263558 0.4149646927623683 0.33194125876889874 0.3288443433384675 0.3428734301580622 0.3007561040218478 0.2992206423649049 0.350274804441858 0.3167404559638998 0.3304602452931834 0.29525974804239286 0.2934086925311741 0.3310708524319816 0.3402297824976396 0.3241189613850293 0.28987604581588106 0.3434088110839114 0.31864296149415017 0.30002955930095127 0.2850904863139966 0.2805367324793143 0.29851815868237586 0.30680643601933993 0.3512781237740441 0.36245704543254953 0.38323836269452405 0.4321589526695767 0.44192313397526717
0.4921383744868408 0.47997245435240926 0.47474981248686315 0.4942191658488975 0.5072824842827336 0.4686608665408368 0.40135358157340206 0.4127984707799309 0.3898506033006011 0.40147578624862285 0.43154193041310085 0.4186287897672375 0.40527107455472094 0.41163587567694465 0.36553384593850036 0.34170792593586125 0.34756027365797704 0.33162662597618164 0.3345056775634234 0.34107641939955347 0.3065521197425433 0.32196929839438704 0.2992409654130687 0.33886991545281353 0.3338391686430147 0.31050358280925 0.34477492945563043 0.3294196159939572 0.3583112152414951 0.36417994625404615 0.3575381338705028 0.3642583267230751 0.3414487006737407 0.32946042211672916 0.3064610539055859 0.3226675802903175 0.3005710982925987 0.30577703369403236 0.36024745959731574 0.37688228710423205 0.41389329347455234 0.4339813982967742 0.4248663187146622
0.5152012749235526 0.5162987922529768 0.5261675269778676 0.49197546378977813 0.5083316418851233 0.4806206915507827 0.40145691273673656 0.4346636299999753 0.4146291818802924 0.39666724330525055 0.4658221946566838 0.4551648546132485 0.4330998928110924 0.3666017819824134 0.36100319371244577 0.3244680234058504 0.30709762221049214 0.2841452862691041 0.32183570342689555 0.31237815216218434 0.30645579432595466 0.3165696653326455 0.28840642800063554 0.35386727663336665 0.37326554045812077 0.33192273793212446 0.3339238150187034 0.32600364258418263 0.31259356192688587 0.36342882673090726 0.4102722159673725 0.3800151804600363 0.39026845599502646 0.37019494560032723 0.32916126656567035 0.3215536734921405 0.32294898206560546 0.3119448932485104 0.33447973496322736 0.3978459780337537 0.37439475344888984 0.44661956315038104 0.49306557083355335
0.53288931808979 0.5180290743326361 0.5330056135861891 0.48647597063358344 0.49373148122746074 0.4565786865820299 0.4582745870688388 0.43900877491795515 0.41761536085770423 0.38966314412137876 0.3918323315435107 0.407406984144087 0.3775683609678174 0.3484750082676692 0.34592855727451227 0.3413343188777341 0.3279953482557014 0.2869852908081581 0.31253718592537477 0.3279297528630258 0.31704047167270405 0.3326117930570843 0.3308981997300473 0.37129930313896575 0.3879538551726863 0.34366571530158596 0.354960009850258 0.3280979461982038 0.34042935216409254 0.33226063867389055 0.3925051785463445 0.3769874056629812 0.348096883645558 0.3516346357355671 0.3567998928072383 0.3294314941642017 0.32929405190846894 0.34589121685091817 0.36027158327646625 0.393277447606977 0.3791351474084638 0.4256543356751648 0.47722985886494945
0.5367677212750934 0.48962702829079685 0.4892233418842358 0.48770162040944204 0.5157226943795548 0.5051663655271657 0.47043210223114973 0.4342218170189104 0.38676431594638155 0.3738276036464295 0.39163655312572637 0.374017372236209 0.3481638475525769 0.34960894841600115 0.2903699066257419 0.3297897171828636 0.3124025633313684 0.3236015004020076 0.300186785513393 0.3358616944448633 0.354594181071799 0.34646285603167704 0.36645228327686624 0.37653212845780043 0.3957481413291806 0.3642596300041639 0.3535639766114165 0.37173777263681046 0.3558067313591227 0.36255477404507286 0.358207180732227 0.3656406792448217 0.34667183310951266 0.336037332491478 0.3100260560766681 0.3440892377463372 0.3632583502117811 0.4064770132104151 0.42695361222397155 0.4224849091006111 0.4081614618947068 0.43643352126896295 0.47100525217655215
0.4992797645641348 0.5182462359643486 0.4906824371335291 0.5111996864195525 0.49059887267325664 0.476653269660101 0.45617596903557167 0.41143502365661205 0.4178640720172656 0.41653444883388824 0.37977385736355973 0.3966377018786468 0.33106047916425335 0.3130518957907665 0.3127785931797846 0.3035592320832184 0.3247158677196065 0.372360969056631 0.38079204974700337 0.37706231680433266 0.39726451957925313 0.41093080473130184 0.4202206788596026 0.3779027674747656 0.38100198734402063 0.37633906418660057 0.37154093038840047 0.3577050133005301 0.39716040999107366 0.37754655666819537 0.3694794896201202 0.375543137779008 0.3719071063753881 0.34412446745955905 0.31586851987723463 0.36993099681878366 0.3565782005498383 0.4150692808536171 0.43076548642173057 0.4169762731695809 0.4664763176804416 0.4507855124620511 0.4618553159665804
0.5345511278472029 0.5390772603775229 0.5244718986212785 0.4984774367279956 0.484870638814909 0.46491903887010244 0.4194856690731849 0.3906918499783801 0.40955620451152613 0.3879630833363822 0.3980679072100029 0.41466788461510934 0.3570325183296512 0.35565865272824376 0.31605453620509305 0.3605746681229978 0.3702092507817059 0.3909198100201341 0.4015085758022345 0.3622113051754106 0.39242231340190115 0.4267423167585267 0.43246010744284913 0.36768877519819926 0.36515686927269836 0.36000726532065846 0.3726088016583129 0.3935269015635091 0.4248854362941992 0.406057655098207 0.38894106255933214 0.38100724800275415 0.3848049953051061 0.36075788882925075 0.35002104571492876 0.3819633470603295 0.36658951570822024 0.4027846434693687 0.4183320613834129 0.4352414675738145 0.4934332523711746 0.5118085455277436 0.5172241351521736
0.5068045001719691 0.5039464744833417 0.5256012162303642 0.47729931925434105 0.4515084174943314 0.4614605710028583 0.4523948177867575 0.43017061281761915 0.419347315463729 0.42133279739041196 0.4037573201332063 0.3924077362047235 0.3847547356863856 0.3695917855244559 0.36707927337242574 0.3466285881656584 0.35235586733683316 0.3690322429559571 0.3471655668107381 0.36741010411259156 0.3882875174472878 0.4286151106066446 0.4321445156045676 0.39487924715496 0.36635856368073616 0.3969033785886821 0.37185808430966166 0.3958985245507781 0.40181784123549263 0.3902576829568834 0.3866756134353796 0.39472769891376264 0.4283464149378167 0.39924704458120025 0.3520642304837335 0.3513941488852876 0.3976110383976161 0.4158781942224593 0.42618963087362327 0.47557484726463645 0.48230943247292885 0.5256111017621694 0.5098774251644327
0.4346889054621313 0.4514134785859938 0.48528204381521334 0.4404936654811919 0.46417454222851195 0.4541803425098913 0.42186503838266687 0.41296670287190285 0.38721900765809525 0.38230585083552465 0.3759573456408867 0.3900493970214049 0.3695003895189235 0.34439613739411745 0.3706730535977032 0.3775884433377716 0.3854506392968782 0.37616235564138834 0.3376849776405172 0.39208741345337433 0.40523822236799584 0.40903173183155045 0.449188432002417 0.4132744708355044 0.4066511503658822 0.4048222853319602 0.35260278579495424 0.3816586060216722 0.4032882600463327 0.42005540481277226 0.4089023593231294 0.4426511084576984 0.43475508516165057 0.3853508986266318 0.37017109878000704 0.36874286116037436 0.40052216861405 0.4353644253833358 0.43081115624110267 0.4773921631615047 0.47050795624390035 0.48447531178269776 0.5171589250040767
0.42180124897044574 0.41832247615323703 0.456574666337891 0.4426976505975099 0.42187430544035537 0.41811203718014284 0.42062857714863316 0.43024677779019266 0.4066143450623487 0.3799338211913523 0.36978389148366286 0.3819154388890104 0.3525835354741458 0.3821208068929189 0.3816635801166272 0.40484005653700567 0.3922425966352148 0.3367943938205692 0.3542508609266404 0.3472951288970399 0.37809297455080054 0.39212528864481566 0.3852277734202553 0.39802721386610845 0.39571478156848305 0.3768891047791915 0.3628425064322215 0.3805375985412718 0.39239283532262986 0.41143993053303024 0.41421876188834345 0.459096479781775 0.43151540264798316 0.40495987547075374 0.4119142872284908 0.38333192966677376 0.4323846259363157 0.4681075700841609 0.46411661994464115 0.48626612777143696 0.49276140576376376 0.4744942893046083 0.4967904176129277
0.4436244379112466 0.42722123938986195 0.41491129548438244 0.4090381811054048 0.39286862492235813 0.4106539706071936 0.39299248117853613 0.41661008183178827 0.441155572141766 0.39546250879095607 0.3719166743388873 0.41365728864254153 0.3863425290938073 0.4483036327864517 0.46511000968303623 0.4033896179696756 0.3619279539072221 0.3722620953557056 0.3452548237706437 0.34508291759538284 0.40551824995919467 0.3712290721193619 0.380795649159992 0.4314831463749064 0.4440243436107747 0.4123033144618123 0.409555484809288 0.45165422054663606 0.4526760021763231 0.46011748580472644 0.4653862756349457 0.47037011309970467 0.4660393064260359 0.47157111432326404 0.43536602793176055 0.44199049781269756 0.44049922601950453 0.48405650783048987 0.5469335267140212 0.5253259509547883 0.5409148850993355 0.5381997566223046 0.481559098096888
0.45376192220338585 0.45992052714419074 0.4561225093041994 0.3988628910833296 0.3892062347926652 0.4051836605614048 0.40233218193030984 0.45687864244206927 0.4418917853538623 0.4236960143443464 0.41039726697676787 0.43750801925523747 0.4487733291357086 0.4602079027266749 0.47474473330916667 0.4336407112305375 0.3725397323938008 0.36763869259577164 0.3747721729074327 0.3750441057058581 0.3783691467171323 0.40476239262838204 0.408157911594868 0.42296908572111563 0.4123219588224861 0.4353144263462822 0.4261435725441902 0.45472984545431827 0.4865471262052604 0.5098420032905656 0.46319179142577194 0.46990628695681513 0.4941572072926924 0.4857432553250203 0.4596709349504464 0.4748770158913782 0.45971869696644757 0.5178267972099794 0.5547404202439569 0.5515178085547354 0.5546139324523206 0.5649409720593507 0.5687243247655062
0.5088913315021597 0.4774080578272607 0.4412166440422002 0.4508189786330755 0.4288287554053925 0.4054282466977768 0.41027910903522735 0.4368507977790676 0.46869352736216313 0.46657811358481954 0.4727591012447195 0.4943713239361367 0.4855705682591398 0.4671523674638895 0.48207236456388464 0.4308392701043846 0.42635823342367357 0.4209649731763465 0.35666759695087535 0.3844998621811599 0.3765370909324307 0.40060821826017534 0.3563465688738374 0.3873273148888245 0.4259777961076959 0.43048821818596966 0.43313874508278566 0.48772673180879683 0.5042462928477162 0.5025106693083827 0.5156318652388184 0.5391065901400581 0.5272109249211226 0.5241445836052472 0.53526754601693 0.48144722232980613 0.4976907719450741 0.5296323062457207 0.5861719336128006 0.5633330152712958 0.554368974151481 0.5602850162683469 0.5915909882748878
0.4932452951201236 0.4908154867568585 0.47730865344916285 0.45489041290273446 0.4417226804646974 0.4452892147309086 0.4547337115397077 0.5103729643955298 0.5032031759069089 0.49468863714230754 0.4704885053290692 0.4783465765451362 0.49647783063664414 0.49653034553183045 0.4900217947642662 0.46793072712393224 0.446849728263899 0.46383920110433946 0.39586443384507886 0.38110207957149816 0.38258611353913546 0.3966856845790306 0.3885718546304672 0.4450351779959782 0.4769738519319814 0.4747293532939422 0.4667477935989744 0.4967822440100735 0.48705317329248793 0.5310620701140367 0.5323342524771696 0.5410911974242626 0.5371224257718085 0.5412256447827526 0.5013166942678269 0.5198452672719204 0.5190543049437435 0.5842558105895865 0.6060620416030759 0.5684085131404678 0.6026969885129511 0.6148821393507431 0.6219978804002226
0.49413510142095146 0.47304974645923836 0.5084034234462523 0.4973603174092343 0.4866360632499951 0.4744795809793575 0.5303384101603642 0.5438407888172597 0.5176594149658643 0.4929071669165794 0.5051635359807825 0.5397665393106554 0.55207079134899 0.5424248779365508 0.5086631663877634 0.5055496256450841 0.5108449432661685 0.47240030173951875 0.4599075646573851 0.40776844983875415 0.3822504389029735 0.4231869594164824 0.40185587468373096 0.4909503800909197 0.4973677597738893 0.48972156414750634 0.4651436309028921 0.5277734279772317 0.5188933986883255 0.537640330711842 0.5525304358500684 0.5378799619065022 0.5364212917579648 0.5484737296342898 0.5225067005008079 0.54539140561697 0.5788584357201919 0.5773246827781868 0.6285389051391886 0.6019741676949414 0.6123315661371121 0.6333298627280237 0.642923484113966
0.5054294644642696 0.498147829285365 0.5052675755553345 0.5120317493040013 0.5327118092128742 0.5095257527219795 0.5265401176209048 0.5033722580421471 0.49950400586614674 0.4988955748393152 0.5371527430952386 0.5312874242185998 0.5537482903615948 0.5491949579302319 0.5465117621246287 0.5232465771884645 0.5261836968176884 0.49448295122376973 0.4631093685480117 0.4158931126599242 0.4128411425836153 0.4539612224449843 0.4505431423454853 0.5080236912122429 0.5262838957648014 0.5056636261766024 0.5058481006053477 0.5391180737237443 0.5679862679865123 0.5348244042622273 0.5944381234703118 0.5938626367763866 0.5895952782562138 0.5653075406598289 0.5772026992956144 0.5575640651441164 0.6077905977837533 0.631985436934298 0.654953565834534 0.619406155063332 0.6207717743723348 0.6524513761986617 0.6377346574754136
0.5191454584745543 0.5657936256445527 0.548706155817666 0.544012023014561 0.5459693405197226 0.5346956663991125 0.5541672434913396 0.5083891114505422 0.5162436662931544 0.5140490922945551 0.5389971683732028 0.5723785891152534 0.5947216797484454 0.5892756273805779 0.5439465982046787 0.5263738633622478 0.5603732504874459 0.5258890193004652 0.4554976256708235 0.43983878286075734 0.45920819367205284 0.4526277572350018 0.49990013687725654 0.4867643549824031 0.52724631134977 0.5105434776130394 0.5454114609664373 0.5808312455826881 0.5644997104618253 0.5990788765809244 0.6003733718583768 0.5767739441264418 0.5956378240405776 0.5794751496240547 0.5596515652176285 0.598913486701103 0.6659348960055183 0.6858676743840666 0.7011634216465289 0.6568189594928366 0.6442243465023912 0.6650695971813654 0.7151576789088349
0.5720810717599141 0.5845586502918076 0.5632073113057191 0.5715009371315112 0.5340046536596859 0.5348604718242296 0.5402480439126268 0.5494919804735936 0.5496521215458379 0.5360663384185631 0.5841404906982262 0.6110395063558803 0.5800903530380191 0.5910482154722254 0.5594680996032351 0.539363244595778 0.527462145603058 0.5008104554608037 0.4820064537567779 0.4694988737070611 0.4925326272174321 0.47194483458598796 0.4822386265630293 0.46548070659531904 0.532614020092918 0.5327784029683633 0.5895559379951242 0.6063490530555573 0.5853969090281891 0.6064263975736114 0.6222726068219044 0.6131116084513675 0.6259915691182228 0.58998007691218 0.5973088007001889 0.6250479225393635 0.6844556090222098 0.6988982877112239 0.6966133837449819 0.6893286480794039 0.7184750564491066 0.7365693073406887 0.7353273426657881
0.5956225171640711 0.5801557550736116 0.6373768467059067 0.6032553071214706 0.5922663970137142 0.5516009840718756 0.5407532169032833 0.5831399918728364 0.5630739107024381 0.5932713345207661 0.6075730441722332 0.6118242094530462 0.6376047965913072 0.6363605312524647 0.6039063547941539 0.5478272951132988 0.5384599712155852 0.5252001875257893 0.4781572178897931 0.47748622819476505 0.48904184377556686 0.4415697143192888 0.44069352680323465 0.45865257337701437 0.5082944709751354 0.5460100535483852 0.6147663118581949 0.6388601505070246 0.6275005546455972 0.6638773418705676 0.6362768675286417 0.6390676670374408 0.6553908988873288 0.6156096945625785 0.62118603992466 0.656012903183739 0.6563892210593611 0.7044310372711327 0.7017425753270786 0.6971230298381471 0.7109938079499 0.7612162784829286 0.7788469735660326
