Raster_benchmarking/DGGS/continuous/raster-302.asc
NCOLS 100
NROWS 100
XLLCORNER 1743157.7397785783
YLLCORNER 5469282.524336579
CELLSIZE 10
NODATA_VALUE -9999
[rows 19 to 37 of 100, columns 0 to 41 of 100]
0.34173818627056946 0.36932635882375014 0.3603103781464903 0.34703129206093114 0.39513506282847144 0.422221423155111 0.41677753341098817 0.438946403999505 0.4150774394576065 0.45263740235252387 0.4612273242321368 0.4516249085162337 0.47425274492832625 0.4596564882603591 0.45870675558461427 0.43045802358913926 0.44321097430784545 0.4264307014624028 0.3770491597239052 0.3468413554546641 0.3194781923474803 0.3309218047832505 0.2775531633220057 0.2650863909589781 0.2638274192060378 0.26699785732766246 0.22655444272028818 0.21358284860370894 0.2468758262680536 0.23713044670444172 0.23920719367876694 0.2537214505992357 0.25392458320523403 0.2357352549352805 0.2604857869279385 0.26641455767569466 0.2858546160259691 0.2568098120782924 0.30923442784723315 0.31104099041660327 0.34041168964558977 0.35292047744479565
0.287405787905087 0.3224529827055642 0.325798921484907 0.3679690693547341 0.3999402061708047 0.39843387517513207 0.4541016227273375 0.4429227622784148 0.3880089805200159 0.417880405657242 0.45190593555714814 0.4645441532137427 0.4424309274225879 0.4518011304788121 0.45307425007733904 0.4298145519244379 0.436866775636524 0.4044662654965498 0.4401702589903654 0.348516018738929 0.325726746735497 0.2949329861723171 0.2565715050392665 0.259299701629841 0.18374526577639663 0.223759639723566 0.24584246165709175 0.17789213397667528 0.1715333344289206 0.2227139614388754 0.23669678759360868 0.2045414448614777 0.18954238925153966 0.23113835785588097 0.23076248738696217 0.25880361032764504 0.2910988251041931 0.23902978933866 0.26223337370472066 0.2865413731921771 0.2880856923076295 0.3429566897012225
0.2991826126127087 0.31162283841890914 0.36983836710572726 0.376001792460464 0.39401667170633037 0.4113747153978476 0.4332778332424943 0.4034473281171448 0.4213457569102189 0.438669997388215 0.4402716547675212 0.42258355670363984 0.4182760082433669 0.3928966819158107 0.41248399813979614 0.45315878188209235 0.43599135095031133 0.4205482814164453 0.3919236969761609 0.3659117146457464 0.31031438760967156 0.28916693572030244 0.24844297441908 0.22354593451577898 0.19592438910570517 0.21671468208453157 0.20187900254563015 0.1680412364978788 0.19849449734924057 0.2043437599566724 0.23100389062077853 0.22326155111463447 0.2570673951426816 0.24275709121527206 0.2741082854662238 0.275078016419916 0.25973796907540037 0.24288817388046394 0.2660397906059511 0.28897591411481 0.2800931266544469 0.3572777916528518
0.2738431044678558 0.301368442255671 0.3883735265393722 0.3845732431788573 0.38351359687748976 0.3747692040146797 0.4039657868975812 0.39096509641642846 0.384156759307641 0.3977602889222423 0.4136055255446602 0.4306125789117192 0.38846041677524706 0.40274532460863594 0.3908930124210878 0.4003522278817685 0.4267117246738321 0.42890567990103434 0.4162269913863829 0.3462894162836351 0.33425160251292657 0.32073182976221354 0.28947817085330174 0.26862086979485456 0.20481021275042272 0.21724058582770986 0.18259024273544558 0.17584076532617748 0.15900520137486587 0.186182717895414 0.17543607026045493 0.23666580623905287 0.2645450269849651 0.26803429280458757 0.25599942091128647 0.27433549803816887 0.2836041139914727 0.2597720105822628 0.2304172050949967 0.25731679005549957 0.2894601629779017 0.33609900128557574
0.3137447980560001 0.3369336257365231 0.3819302319014922 0.35519293163009513 0.4012165694534231 0.3910792026124904 0.4058780648619135 0.4588157415851935 0.42294381724652064 0.42928005099279143 0.4217212413232317 0.39989716097516387 0.40461232621771726 0.42962468111278246 0.4366253046136138 0.44465659589956635 0.4322198140402839 0.4089429147087786 0.4292596055608267 0.36369541606723405 0.36858824664865897 0.34413775932464097 0.2775137365727702 0.25459096813360355 0.2554005476392136 0.23801237713317952 0.23474491799862784 0.21574826572852718 0.2020891636582788 0.19204337534130958 0.1960070454857094 0.23704316194439332 0.28587531933498134 0.3126660617935297 0.30109490730373994 0.29822695510644054 0.29358613158088875 0.24255683998892436 0.2709400738862559 0.26775128591072717 0.2975125204795774 0.30815348322931546
0.3053457221848676 0.35170330026749597 0.3704235201982238 0.3767659763417248 0.37418113361543853 0.4189246639661226 0.46483435591524924 0.45660271126064145 0.5005559100652276 0.425892947654046 0.40940473454868687 0.41812352591807045 0.4411768817419366 0.4534336702660638 0.4758110593924671 0.41648429070381665 0.43691983762882414 0.4230613329182243 0.4229583357997599 0.3689791373035101 0.3606792357729456 0.3515443104901041 0.3237336390664033 0.2937373677781826 0.2106501140501669 0.25078105727526045 0.23642685656805704 0.24849625102304967 0.20814026438556826 0.21182701194360676 0.2603359676497734 0.2822211656751539 0.3257997009843347 0.32766421675031165 0.3182043651251331 0.3041674180902573 0.27509300972053924 0.240741941390983 0.2913581987051079 0.2517880570828207 0.23233124508926845 0.2974870281996153
0.3112429545315916 0.3469694521605534 0.3717575488949893 0.3488131723772705 0.3734846226151519 0.42024044646829256 0.41699199795063163 0.44460528204991706 0.4277924894950668 0.41025439610022796 0.40491489509490297 0.430254981557481 0.4373714289479916 0.46529089855357275 0.43340486899180525 0.4250109530727483 0.4039477109862678 0.40598932082229244 0.3921972521241461 0.3843488595498668 0.35782958982645174 0.2925213658268203 0.28340469182963 0.2860564770774094 0.2728372149238463 0.2508600173324316 0.23481231374659725 0.2170843475476792 0.24991387655454267 0.2547378608956822 0.26865143885632237 0.29345352157320326 0.3061873718568399 0.2848719527363416 0.2649082753242901 0.2768175134666323 0.2805133940191969 0.2352920507519116 0.2660102962240684 0.26813256675123714 0.243879095964386 0.27852596214463016
0.2860267594555624 0.31658776803658817 0.3329320796181598 0.32923588165169054 0.35505417575794884 0.39539697831899634 0.4086336516843209 0.39366374220698885 0.4161865607624161 0.40310572313108867 0.36973995567323725 0.38127386086056936 0.44220408462715244 0.4147108669766867 0.44446019839670436 0.42723066631223583 0.414219010291456 0.39361623326097767 0.37616772093042317 0.364545925600528 0.31730968814616595 0.2763388795858314 0.2749517516406265 0.25807449213565026 0.2665903082228457 0.25435625859494115 0.2922329741302642 0.24439195386874973 0.22295708667884365 0.2491483876970652 0.26676972995099263 0.24721427296261417 0.2888786841934282 0.29269042469213086 0.24899456024842567 0.25375942535081586 0.23605752195159832 0.2536815814629997 0.25075272607487353 0.27690285505005674 0.26100894262326424 0.2927554508203775
0.30521448712652394 0.3132548073028131 0.3471701992810123 0.3386973808649233 0.38500743292715733 0.3553902673402998 0.4052102129012497 0.37487909933026986 0.4020592321554334 0.3887576628779519 0.35893292622556744 0.3824443052952433 0.38576259853695116 0.4005589951262178 0.37700405645880714 0.37491992799793894 0.3635079689768127 0.3866388549169713 0.3374859582059517 0.333942654513119 0.33332103373536986 0.30538265036197637 0.28967787998555566 0.26469721306886596 0.2843864830017845 0.29838828300949255 0.267137391527858 0.28493474583429174 0.27628632366368217 0.24131716630628058 0.2224255041099976 0.24956263092487901 0.27291606615891084 0.25322846832595886 0.21897020022647237 0.24045867473603372 0.23100187578650944 0.20580152939509563 0.1990037431502906 0.22488280197378577 0.2567975808261675 0.2619595031637646
0.38358974393299944 0.3336130057497874 0.34444728747985376 0.3819274598394371 0.3806766597695849 0.3547917696923908 0.39215008730733286 0.3890648880487874 0.3586806399544634 0.3344883886049045 0.35810856428457766 0.39121198431727744 0.375510442771588 0.35211544916387455 0.36555272655543164 0.33511398124117026 0.38357522109913206 0.3369154209463103 0.2918505545302047 0.2802865317259322 0.26833751945140283 0.29151317697855483 0.2946191794478487 0.293366390605295 0.2823456270867849 0.28169324163293313 0.3102510192605092 0.2856712647973378 0.2747414071981875 0.21745895974528945 0.20433968699630287 0.21112049732044336 0.24762473716971775 0.20828740171361598 0.19722822805659054 0.20410844357680644 0.21864578972774287 0.2331878829562235 0.1849943881028224 0.22408250729430113 0.20368363751742508 0.2224682111100105
0.3317642607464992 0.3280959311550218 0.3320268043749149 0.3680955744774565 0.38218627887711953 0.38369019496268747 0.38426320600980907 0.38817656493939173 0.3396015345591657 0.32765694073165497 0.36592312943126926 0.3779381629401074 0.395557960731254 0.37525198522778064 0.3644366596807944 0.3178014228228902 0.33468219910388186 0.3039128955491875 0.31991795091117237 0.31032193659295687 0.3039929116461094 0.30710381881827725 0.27344156010586984 0.23757419100965702 0.26508731979323297 0.2610140908381359 0.28230712865175284 0.25186493325198833 0.2621731766742355 0.2569590345735885 0.2478368429386323 0.198998887006871 0.2296367294702356 0.2390473176594835 0.22180501182424464 0.2533999006795122 0.22305310142420987 0.23913099146264893 0.20450935529972586 0.24315425087886774 0.2425746228077169 0.23291665512062248
0.2935009664246154 0.2886035246832885 0.3240422633118994 0.3605811460348261 0.35967035946826625 0.3387460577786583 0.37446743971907875 0.36314931034032455 0.33613975474040486 0.34196093833730024 0.369023359192747 0.36303118281993463 0.4046298875303569 0.3589776846545791 0.32318869490899044 0.2763759267332231 0.27431076176369174 0.28909794134651645 0.28608100632291966 0.30274451239520456 0.2797680619344079 0.2905042423231036 0.2680242299650212 0.20585782326659438 0.17871379645237168 0.18419928655113435 0.2191361465580182 0.20689973128150654 0.2095933045712135 0.2534903870471492 0.23003321230050164 0.2283426698703116 0.2294665294331592 0.23125869061286664 0.23703774242511905 0.2510974081022921 0.2617220792163554 0.2832446937341158 0.24738014490133436 0.25940794428184355 0.23065703998519596 0.22283496612440173
0.2860726164755427 0.31216170382730857 0.3353164685358834 0.34993203388082883 0.3674968424904761 0.32886163100304666 0.3245843310450554 0.34149195758929546 0.3771511970223189 0.3503033778645376 0.33973685715636054 0.38841711801614776 0.3775324810277702 0.347715608406114 0.33117684545698817 0.2798360184498668 0.25587968750886964 0.24050308744306828 0.2802356033170693 0.2579935626046555 0.275580860475328 0.30357444136517037 0.24658229213245578 0.1909174801997478 0.18377930080438196 0.19346647179086351 0.19742924218204297 0.1928237649746473 0.19197802652105947 0.1986712865315354 0.18523782216903117 0.19122086314189296 0.19039410361129436 0.1904338625014178 0.2332449293682737 0.23393318793800683 0.27943535187569135 0.28190038330322337 0.2348946933759325 0.22949459117532262 0.24817510770576065 0.2638149775682266
0.2841135492306496 0.300846112272496 0.34764514889819415 0.3292590953723234 0.32699249780759926 0.32275316192443276 0.3142592741019888 0.30734895123900546 0.3613654892192387 0.32508487358693694 0.34131525344764047 0.3444415540047385 0.35154775661901294 0.35528730255380614 0.2843135078436414 0.2677537702675365 0.25998118240718754 0.24163198174706088 0.2553009846054875 0.261969550358358 0.293086922413113 0.31600651888747816 0.27234941298936566 0.19707613555298611 0.116807052887015 0.15268590673839116 0.15776608587294677 0.1772237996551095 0.1507001284795555 0.16057100612251818 0.17492140123899727 0.19314258109284843 0.20593155275760403 0.20019372859829154 0.18750312014917347 0.24109250784930855 0.26943863203672835 0.25946172360521874 0.2705676978499852 0.2813235613180144 0.25991606564776876 0.29141036626538974
0.2781139696549008 0.27629613209432224 0.2848071760490027 0.32716684795444556 0.32451457220929486 0.28429849966934895 0.27835292254949656 0.32822626229918095 0.31293148500374696 0.3133443976106386 0.31008096858914674 0.31822138822964585 0.3276028730525543 0.3268051300045228 0.30899921507228 0.3137110064907451 0.2817100257185207 0.26623749199594066 0.2951271628329291 0.2953187738628786 0.26815346041969046 0.2955031136209305 0.2310177516290995 0.19947838198599824 0.17504308588655226 0.15244415472159303 0.17189919034260362 0.20938928524120007 0.2215169328851375 0.1617275659924071 0.16071882247173247 0.2081556143555888 0.2141193639868657 0.16946925826034803 0.16288368422800098 0.19221119711701093 0.2268411603359342 0.25342740906327266 0.23888153209083818 0.27063945540558626 0.2882397099011654 0.278729634727408
0.3038955947594078 0.27938354467249116 0.2879614798689007 0.30949483029026004 0.3037397804419767 0.2784454967525805 0.26828051032020106 0.3244486806560422 0.3251544401008779 0.2872946123616299 0.26858948848730946 0.3253686595992001 0.34402445169682266 0.3199846500720343 0.31598637256856504 0.2903661762536185 0.27724023506847395 0.29930001689453106 0.2969705638690219 0.2581095373837488 0.26195330755352086 0.2641489060794661 0.2725052609512645 0.21637335345416878 0.2082593108646729 0.17932591846202348 0.1803635143392996 0.18411433200011715 0.24519836638511802 0.2265159628521769 0.19416937168961293 0.19878000119333047 0.18213891072999136 0.22272759987120883 0.2152134984502754 0.24225650411841645 0.2045298486604839 0.2582618779220679 0.2696141957548587 0.28585255925247594 0.2578701795638294 0.27030400313862485
0.26686169340683247 0.2638798033062477 0.2302022751097013 0.24587949248563848 0.27453681376309264 0.28106677262403446 0.25131382580085326 0.2636110012770338 0.2658095343256611 0.26799052198316387 0.30802022929219924 0.3115595100432753 0.3233389408004654 0.31916673297312614 0.31588598814817737 0.3095211640765622 0.2804526336420099 0.303158782376857 0.2946449575780975 0.2702874887258748 0.28849301495674345 0.2919906988942361 0.2650039640413277 0.2532053963491147 0.21965895167208968 0.23715893124381462 0.1861123713870273 0.21517665203854228 0.22619911421311556 0.264561992560768 0.21005792359586373 0.22455306551909002 0.23610336365548024 0.2193295953638356 0.21129162216959363 0.23937546797053005 0.22948656795576655 0.24174986743312438 0.26959203761334444 0.27205131946685457 0.23238263123271652 0.27729547038813224
0.27177893249985335 0.24456162662779415 0.2352243368814133 0.24298306141576712 0.2531702859567988 0.24789943054028332 0.23250839495750028 0.27358277118573454 0.2862062637769534 0.2783927070950634 0.3117613581925115 0.2830087424996368 0.26983264879339935 0.29008715577206706 0.33980041062520533 0.3402526846229266 0.33205701419115485 0.3328289166665405 0.28433853880361126 0.3017710803978174 0.30914666544193403 0.3017490507843137 0.27865039868597163 0.2703479504937975 0.21347724641962357 0.231426938289707 0.23153604032077355 0.22728931030744864 0.27578887386943823 0.24574951844833354 0.27564261390957207 0.26529823988435175 0.2978180395206903 0.2766568409273819 0.27738107664975004 0.24108400360675722 0.20097674180551048 0.2210415924319654 0.24702394030727384 0.24941021264509103 0.21856664262171135 0.25863947713602914
0.211207681121267 0.2465725507363489 0.2133048884815171 0.2403769062437608 0.28441854829279994 0.28467093767800267 0.27040799035187485 0.276155492665101 0.2859075952978406 0.3198285058715954 0.339028368761945 0.3293303631257473 0.3294087066460635 0.3178914166371307 0.3080603708427306 0.31971101717275763 0.3412363860957676 0.30872429594929385 0.29326467268630263 0.3117057685094735 0.3209417966586971 0.26233751584332976 0.2885258882882382 0.2660822619630618 0.24710193776475434 0.20634111944206834 0.23082925070213334 0.21323754615119644 0.27226563640856694 0.2792406857008283 0.29020944045134334 0.2450882174020827 0.258728601555677 0.29097670285537636 0.27314985871712244 0.28567618142423756 0.24070536914556925 0.24161225882653847 0.24791832502943534 0.2865472452847541 0.3109128647395021 0.2926074770043704
