Raster_benchmarking/DGGS/continuous/raster-287.asc
NCOLS 100
NROWS 100
XLLCORNER 1743161.5663487213
YLLCORNER 5469290.637028915
CELLSIZE 10
NODATA_VALUE -9999
[rows 38 to 56 of 100, columns 0 to 42 of 100]
0.4741652087869857 0.4466336756953328 0.4326469708510311 0.4410004177820992 0.42244872315868 0.3868968389023076 0.38390359704205956 0.36405905619263984 0.3522367146834003 0.3876601288213494 0.40801334079494855 0.44390015642900743 0.4489557492582979 0.421518399249504 0.4342906195506078 0.4150843748281675 0.4265706330443788 0.4856690255090423 0.5337888231766591 0.5749433437982555 0.6032740866049552 0.5763775447342062 0.5961237611611246 0.6040608126004476 0.6164941433282355 0.615445093990969 0.6201102023709092 0.6255890792638513 0.6233382978477159 0.5890807710049002 0.578765034608925 0.6334803139557947 0.644159598232286 0.6541562568848467 0.6401558008974544 0.6817035774052984 0.7158588879124189 0.735212490934556 0.7371351557037402 0.7478208002786807 0.7256910376140467 0.6863540988900959 0.673255758274837
0.4371360430881872 0.45901570986062545 0.45846325188432524 0.41359747321867835 0.4237278406856871 0.3513323773771862 0.3045887009645833 0.32558558521943964 0.3408513648565165 0.37157277926367094 0.44035211335219254 0.44659964811155567 0.3991295065283466 0.42423523373190325 0.4194417203303355 0.44496950764257437 0.43872788905997206 0.49332527316812363 0.5586120801640132 0.6039226118110196 0.5952359799167559 0.5790005341421133 0.6093135112250752 0.5956669591663136 0.6582299883046866 0.6319480559644992 0.6597238464008071 0.618888989160516 0.5996263546853996 0.5799983164110529 0.5850273440738857 0.6000799862734821 0.6615883012520543 0.6509495548614529 0.6641633634395059 0.6684149805496573 0.716925189313872 0.7747528735158652 0.7919344941555597 0.7826078212601107 0.7533649285354458 0.7282261705934389 0.6900181189104717
0.4161425445078493 0.4449728299721935 0.408413139879617 0.3966641630164939 0.4113591675373907 0.3619267632767734 0.31974414598018563 0.3082469685832881 0.36163310949607 0.3663496756078619 0.43419695248044815 0.44762658625833535 0.4426944670549801 0.42893997441496456 0.4656168013684671 0.4405995678902798 0.4521577714228771 0.47413098483577537 0.5367183731653381 0.5847041069695486 0.5728336065259869 0.6094883126481356 0.6117707764054988 0.6075069131097821 0.6180335748649118 0.6187513146194504 0.6307895652861011 0.5804269364564177 0.591216898555528 0.5670487821081583 0.5809964375016519 0.6216801668249553 0.6486419090358929 0.6609439449631436 0.6545788881688986 0.6611655612920659 0.7061380453302339 0.7518019738244198 0.776195593517623 0.7956212921679707 0.7800678454028643 0.7625447736268535 0.6966746316092515
0.4135624450795165 0.40185021935319665 0.3788672242988734 0.3886123996753721 0.3660570335961426 0.3648910689613112 0.33746646654909435 0.3312794676405584 0.3358030091006605 0.3893481097855459 0.3841716407159498 0.43821305229673624 0.4736923133432494 0.4747746106459422 0.49942118933450297 0.48842889605691464 0.47777407573757485 0.5120072100652916 0.5037045278171693 0.5336875703877612 0.5792094531330183 0.6068978126393911 0.6032715781931013 0.6103959996766541 0.6266566179701665 0.5988293478649719 0.572580493750271 0.556300644479833 0.5768402336577115 0.6006552233661373 0.6087335504983464 0.6283980646782387 0.6064857643164071 0.6146406275353915 0.6548263758133147 0.6666110210863696 0.6834387622722015 0.7099928987526211 0.7654932956804387 0.7557296306144518 0.7800554298053287 0.7432990957637347 0.7227209083157031
0.3779291536656438 0.41112469873269863 0.3754227906867256 0.3689165319533608 0.3591226537333696 0.3546044852315717 0.35804978867387743 0.36365902818653195 0.3529422137351575 0.3987059525717124 0.4041933236754033 0.41957719337998944 0.4705466344172979 0.49201313191845786 0.4667399179463826 0.4709551950401857 0.46408609492464575 0.5073220042565385 0.5069778551846374 0.5406039385036302 0.5624229518070614 0.5615622058310953 0.5820458558149056 0.6427510423879079 0.6170313148007568 0.6308789376605463 0.5781741640319972 0.5884534375999843 0.6132338422104993 0.5949974051948811 0.579913427891601 0.6051650521226825 0.5833591693610567 0.6207248392545897 0.6215060835121404 0.6750438413396279 0.6861284010890127 0.7221052853008184 0.733080544573068 0.7507297663424647 0.7810021289643998 0.7730074521669268 0.7648987011324999
0.387933049976013 0.38449398611283786 0.39254616727601965 0.37855532906724054 0.42906282199847884 0.36954173632746656 0.3623649272382474 0.3697632462107214 0.39390724191378174 0.4250235424673511 0.40953183417600786 0.41683002293415894 0.4407969697126605 0.4384017064674296 0.45299548794881306 0.4661371529957167 0.48080264909476167 0.48623155433894777 0.5137140889813199 0.516380254156429 0.5420687640973337 0.5830962128986353 0.6068188000911409 0.6311442882537918 0.6326904482705221 0.6155583843081295 0.5945117857714604 0.6355903295364589 0.6435895225327306 0.6288146081748588 0.6136171455867234 0.6050463091998233 0.600352207141407 0.6213191738710118 0.6362676497446486 0.671567051368278 0.6545061788023714 0.6941654731231999 0.7014920995401116 0.7527756979715955 0.7314649520587255 0.7391775112740812 0.797160484985311
0.4545681047541945 0.44897588577182423 0.4526101193559858 0.41419271227043186 0.4123293163500147 0.401654702846634 0.40439964110567006 0.38331296597144304 0.38754633735410693 0.40739915775532204 0.4047863189800951 0.37056510033654516 0.3803178655778247 0.42328723326110324 0.4315986405217058 0.4476825283865754 0.46623134586415305 0.5003303864311155 0.5161374401242316 0.5269295097803178 0.5551654589472328 0.573319764123892 0.6190699451280648 0.6248840126017664 0.6566893147012068 0.6464785979087295 0.6225848066954333 0.6346217774004891 0.6850223402148695 0.6731954135502367 0.6362416222767086 0.6384041882148687 0.6543981609277333 0.6662406803805199 0.6838408465850652 0.6450773435826426 0.6487460489385876 0.7098589406577327 0.7186141665035698 0.7322431706800158 0.746524880607647 0.7318181226435096 0.7359952388333719
0.4608030814413794 0.474478403248165 0.46011659374713443 0.4361105999018549 0.43791591205037694 0.401205188943323 0.3745642789976772 0.3898039140968159 0.4187044220535827 0.4097230852226359 0.3750406180414159 0.3712350671073738 0.3583534787491372 0.3803579570198356 0.37748496993368813 0.42528919429231354 0.4963390350441334 0.4937783610000287 0.5331617824016545 0.5336385309388484 0.547504098033963 0.6152569700427682 0.639101899807424 0.6126469398726324 0.6341685492060871 0.6203605945127243 0.6504786160363704 0.6684195561321783 0.6972746864672578 0.7025413595134583 0.7059728810155014 0.7080386714231425 0.693502660232511 0.6867685018445534 0.6883539096397795 0.6701945351368003 0.6605320638946428 0.7023525292365549 0.7495153743462404 0.7441335433498582 0.7753805839793383 0.7165357152829365 0.7227377521155885
0.44969561841281397 0.44314968316941356 0.4696406705794514 0.45533006853270297 0.4515276559020153 0.4223710216669852 0.4134793175914347 0.42558015801924054 0.3939853998358489 0.40409503941815317 0.4071240992294327 0.3655315639254086 0.35315378159239225 0.3483962492817701 0.36950332429447713 0.43064446749543 0.48713277978006536 0.5088311505707134 0.5226894722807364 0.5419277966623152 0.6062399358501274 0.6209850354875547 0.646478142566716 0.6125470014328086 0.6452509497134158 0.6412752215635258 0.6528304624895188 0.6891376085165559 0.7105504501998398 0.71983279822743 0.7048278939697112 0.6982874663027747 0.6913468514970612 0.6634047594437462 0.6664791266112537 0.6631851311270541 0.6539300097968781 0.6772941158098099 0.7127062673527803 0.7348310983720658 0.7221564012566535 0.7250111740329872 0.7364413972395673
0.44602769698169764 0.4473514280993647 0.44323364155418593 0.44046947857732105 0.4543834327006463 0.41963051434616316 0.4329765418710569 0.43484705915807365 0.39990701320800387 0.40583251989627966 0.41260766634696955 0.3696004249364283 0.3581363107943872 0.3379090284295981 0.32889600049141976 0.3972787747597924 0.4766889101865423 0.5338058667016312 0.5411043463907527 0.5905434062133285 0.6136053084425407 0.6339115141699364 0.6473259603842428 0.6063393841856024 0.6115754986379048 0.6543008426974708 0.6735638384922412 0.6771905360637972 0.6912597593531534 0.7210262516633775 0.738229739467467 0.7168812614910719 0.6668127181623043 0.6566683153778178 0.693430898571877 0.6726627318527402 0.660501232291058 0.6933055912806348 0.7103129778225341 0.7405632425718306 0.7216609422287685 0.7226357463613591 0.7199459509784224
0.42862279013061944 0.43518125981820244 0.461569293989027 0.4459836251567755 0.44166800815016527 0.45956565010563066 0.45361822681037567 0.4368676259836913 0.4341118051163658 0.4413969782591575 0.4125859801705904 0.4326876686896683 0.41087108024771796 0.4095735689980617 0.4314582369991076 0.43531077446240646 0.47186922268157694 0.5317031665648161 0.5707942670603665 0.5982320523807302 0.6123265715088948 0.6375027249641102 0.630347332610192 0.6355439319398732 0.6316718595579115 0.6259636513127538 0.6460606587884571 0.644297335033587 0.6923395356154795 0.7083689475819328 0.679751172116359 0.6881327080877205 0.6891546957481056 0.6508094617442017 0.6483449306054638 0.6286135598457219 0.626874436636566 0.6449905579315048 0.6995836532403749 0.7106637213542477 0.726139785147347 0.7277614050325145 0.7432010655721424
0.46367979061810627 0.48873856307078256 0.4828718203257322 0.47064581038576825 0.5057619381282241 0.511982143257213 0.4959450953485472 0.4762795517534772 0.4831329132055558 0.45217413817985164 0.4420602417262249 0.46684193722851425 0.44745144113353774 0.46372942842346426 0.4508495432510616 0.4627040829446632 0.5042880392473448 0.5155085408588955 0.5862003293019968 0.5967061405164703 0.610299178580684 0.5963015161071461 0.6273625451827346 0.6305215938808171 0.637788542787882 0.6375318800322246 0.6336926283391925 0.6609249314716229 0.6735390752777698 0.6561328428200831 0.6541523209762525 0.671409130292574 0.6702992782097555 0.6431522312406285 0.6331135732366509 0.6066422195466354 0.6265375811366015 0.6639032332182302 0.6384828976019632 0.6526520365254033 0.6693080170621657 0.7018061340711846 0.7556244445982941
0.5105195142262817 0.4728905768387364 0.510872213926213 0.5001641243126838 0.5188862861360091 0.48989848340779135 0.483926451827327 0.48643736452475866 0.4893980205196576 0.4911284054999222 0.5157863772497768 0.482368488503764 0.4757720092857756 0.47730210161231656 0.4787905298015892 0.4808254974584419 0.5433201736094221 0.5347091075651325 0.5580396023836705 0.5692299479754108 0.5886226045625824 0.5772756063440813 0.6294273504664523 0.6209554143586341 0.6423431999361471 0.6494953542755996 0.6323424368072377 0.6532343445356125 0.6321302370659873 0.6343635672436763 0.6136610784380606 0.6348543494427391 0.6099700591527468 0.6204270122985069 0.631484415504215 0.6229061178689439 0.6150559951909025 0.6424586268573367 0.6262079319531877 0.6680684737759303 0.6658118386608478 0.7239486912505085 0.7111702467271992
0.520690754798774 0.5240364527405716 0.5200903259830002 0.5527836580472939 0.5612859772734008 0.492371809522304 0.4580132191426226 0.4594724087587424 0.47645273253281256 0.49579459546324434 0.5435153565849256 0.5330754345947974 0.5448020864805988 0.4979096154516033 0.4981326069619283 0.5084574809832135 0.560112769255187 0.5528424658246672 0.5871517554367754 0.579325282622177 0.5578106544683639 0.5934122168124529 0.5970874438853587 0.6301318010463564 0.6549628128967963 0.6408787100772341 0.6321222004010784 0.6527446116119326 0.6182254546581816 0.6168875101803024 0.6023481846361756 0.6210947998017307 0.5894734354467813 0.6192275626728526 0.6169500948299215 0.6250666022321799 0.6018906956480834 0.6352556781273508 0.6297285571648085 0.658038313758637 0.7026991838814474 0.6944937689220171 0.7323513176450143
0.4969508218048495 0.522673842877972 0.5409306862072578 0.5356913749069141 0.535101813212538 0.5400222875619368 0.518378000108252 0.515568609727429 0.5060665284946223 0.5571388252946071 0.5549014582647653 0.5588646644290983 0.5517286027935672 0.504370520172145 0.5254469246474197 0.5340607548859663 0.5618752393730173 0.5445944153368727 0.563059980968171 0.5450297871368318 0.56256892271857 0.5783170335405825 0.617495088148988 0.6002368564332801 0.6435258131006979 0.6516388481579843 0.6361371820383938 0.6178128726582549 0.6037607958950758 0.5639854190875683 0.5501581641650877 0.5964550745746011 0.584119835190907 0.5922564373814513 0.5738937702613268 0.5799591256452498 0.6151784916020919 0.5979107507933593 0.6351111657673881 0.6527198406383894 0.662795558054572 0.7006731522087527 0.7295065695182769
0.5427906656401638 0.5623361359401678 0.5382963787056061 0.5374285025393357 0.5983894641789804 0.5844457095534485 0.5274449976188361 0.5313116969324087 0.5567464669758663 0.5645758744615905 0.5742717741749815 0.5685008564565676 0.5615449921641054 0.5112242811639329 0.4851489211887697 0.4904802271333863 0.5214142321324251 0.5308122531012762 0.5621022474165868 0.5643342117332609 0.5638951161386946 0.5859054258903157 0.6148997238465103 0.5947254066891561 0.6168569918911626 0.6059665689662577 0.5999139580472475 0.5796073563003844 0.5646703263145572 0.5482599682769712 0.541386213525397 0.5940884016630478 0.620712373384585 0.5860122627515626 0.6011553489545909 0.5887255120046259 0.5943944740644751 0.5950119930894717 0.6086462838222046 0.6169063534121004 0.6045105159011284 0.6757468784734955 0.7074734003080655
0.5434683933779785 0.5634259410612316 0.5524695203462682 0.5785878007486874 0.6010066987070333 0.6191777797816038 0.5606394282108683 0.5529358024482329 0.544217943736792 0.5538204781884056 0.5739498604334949 0.5565841390939306 0.5555399281578224 0.5314459204607421 0.5098979158100223 0.5109377131770271 0.5242450671267299 0.558936919293452 0.5864084253153653 0.5921932694708528 0.6098853509718811 0.6251552402523396 0.655782859798524 0.6454563700773226 0.6143346017854326 0.631207481465111 0.6162643944505414 0.5854926303898289 0.5343635219485452 0.5304949768878857 0.5382081108824893 0.5478557808694315 0.5810251986026896 0.6084058663169821 0.6266097240555808 0.5916001930401567 0.6207943689882366 0.6132051444560295 0.6077281188528849 0.6195657488665924 0.645307985505536 0.665107676811286 0.698814841278742
0.5710677942721643 0.5754203097276086 0.6231447262513609 0.6344048015410947 0.6325659605402932 0.6192666988583245 0.6251360780290873 0.5939081448233214 0.5813653047111803 0.5864734083130362 0.5758113925935081 0.581478948201941 0.538845284746365 0.536839307460651 0.5068489389913825 0.5413134014105714 0.5027415146226735 0.5270391145408536 0.5721053776730223 0.6141006629405252 0.6464591425257004 0.6418547717324092 0.639142733313004 0.6479222116929808 0.6096302843633892 0.6309756979801564 0.6146359558719928 0.5528973852961235 0.5155966258305521 0.5059874291262622 0.5104544408337947 0.539118811400868 0.5385404315152554 0.5558415217484376 0.6046769383833899 0.5972325911766008 0.6053687320369355 0.6023023745702719 0.5648948123609245 0.5869985886047213 0.6319881282465494 0.655478440967154 0.6353224339039557
0.6116486261878656 0.6169137654472597 0.6167491886710689 0.6270650052950293 0.6601652421750093 0.6484953866341575 0.6482118789896991 0.6345916092703936 0.6071877494925089 0.5635323170393572 0.5792147996842186 0.5744255929591959 0.542804209361896 0.5482935548012878 0.5536065909255349 0.5516115360064914 0.5584067946003651 0.5414513610313977 0.5846980843199298 0.6188579414308388 0.6253726461662306 0.6554425694817098 0.6561622856590956 0.6342711348513211 0.6291604375290458 0.59986385582953 0.608240908384609 0.5723678182677573 0.5258533222506074 0.5259755750558792 0.4916962915248919 0.5102125756767744 0.5235158376315429 0.5582370879031671 0.5960497629788418 0.5996084296615224 0.5598488851846852 0.5507072148922407 0.5359460834074796 0.5803407851913653 0.6225559989427015 0.6466302207148914 0.6574195697201023
