Raster_benchmarking/DGGS/continuous/raster-299.asc
NCOLS 100
NROWS 100
XLLCORNER 1743149.6283134827
YLLCORNER 5469291.928272312
CELLSIZE 10
NODATA_VALUE -9999
[rows 0 to 18 of 100, columns 0 to 42 of 100]
0.7953962306709322 0.7905414889330411 0.7532618096136632 0.7786609412160506 0.750275490621066 0.7712686703180845 0.7813748991933572 0.7352878708743701 0.7902632622276186 0.7858500873681581 0.7644410755344483 0.7681466917044901 0.7542138954931255 0.7841724284294509 0.7678763070702991 0.7210727381582105 0.7447543180140512 0.7282323639186268 0.7436152593240706 0.7206531052788461 0.708525361193596 0.7305183597354169 0.7097597801695394 0.7328333700017362 0.6928915982535726 0.6907959862445704 0.6999416094377348 0.7120908604450231 0.7470732921692466 0.7734352011052589 0.7796386942887712 0.7637571210217774 0.7941445300360389 0.802759731220877 0.8377694267695873 0.8505579788114066 0.8072036061567833 0.7986443094346195 0.8055577193263779 0.8426590513747055 0.8021768477617848 0.7759659175410674 0.7982056384965857
0.7876237350912614 0.7910268902011014 0.75728425606553 0.765647385286346 0.7444151129846598 0.7437893335251397 0.7527311194193581 0.7550764532534731 0.7489069069320538 0.7243169622898562 0.7250569840151503 0.72195602057349 0.7710816888518899 0.7730438317073093 0.7770965655972741 0.7398562573464074 0.7436364061812153 0.7268379981918905 0.7220789690119082 0.7302916690250233 0.7377237162530185 0.7199043582570928 0.695665009804166 0.7033511607833133 0.6796209393941813 0.6706796153812569 0.6904532396866202 0.7337970495625492 0.7425806551331663 0.7382353306404943 0.7476756080340384 0.7708939347984323 0.7710054048454118 0.7758577793664475 0.7797542587222341 0.8097253281269605 0.7968373999765055 0.7669095267463936 0.7791034378231332 0.811693497040714 0.798873705064274 0.7735521798221635 0.774888006929923
0.770800986887627 0.7754672851599982 0.786181586213246 0.7668679641040405 0.7674449304672414 0.7388346538988726 0.7239111423635632 0.7240762734940809 0.7098039888963023 0.7130125719592678 0.7285669118058198 0.7114999176203058 0.7667806495203621 0.7719463851369663 0.7577283999545998 0.7770958381591062 0.7349605144129494 0.7403657382713275 0.7069026176537112 0.7287221035156831 0.7246748192979898 0.7111579009206929 0.6984457339838827 0.6540768035818928 0.6723917937280318 0.6676001188383724 0.6838260028574965 0.696178481535716 0.7295676649041768 0.7248277419587238 0.7483552940307713 0.7307266210430802 0.7612431306751848 0.7688742200882493 0.7878861134788754 0.7889310427518016 0.7627824525705463 0.7541258511027538 0.7691883551671372 0.7822946605014766 0.77634946839821 0.7396176511219016 0.7438580788562019
0.8212400071521702 0.7943956220862934 0.79657153635959 0.7823013805338245 0.7316504976486911 0.7435116775094768 0.7207580603566462 0.7229955335148466 0.7306160191332552 0.746149062632691 0.7269037826674097 0.7112736649298134 0.7375506649546487 0.7611665468063031 0.754084599030545 0.7361954042242437 0.7086309340796151 0.7136045208700809 0.6997344577065404 0.6865289530635957 0.7041644003144705 0.719085680284704 0.6743826742046194 0.6472750509314524 0.6679370273576454 0.6480865985464432 0.6634734088673148 0.6745054955826053 0.6754320819151012 0.68067713268197 0.7254129198099151 0.6969956752656077 0.713840951458849 0.7433201594003349 0.7331473582688031 0.7303734250669386 0.7308457699278363 0.7575629457721044 0.767403353069025 0.7639881326846685 0.7433803542578491 0.7243462289969486 0.7556697062667901
0.8016916597661843 0.8092090324856758 0.7834700381164482 0.7569506308726771 0.7284387028410028 0.756113525499095 0.743559278936932 0.7439719241637849 0.7602291844747779 0.7531505659017401 0.747626846593996 0.7148142621887366 0.7394639691532248 0.7133787785955481 0.7145274538686789 0.7263245927988417 0.6934310798230452 0.6855271864310467 0.6998759699444791 0.709569985777267 0.7221712288535421 0.716378038397085 0.663154927180256 0.6487403827979034 0.65752369610795 0.645250480434844 0.6344114033154589 0.6749233655193896 0.6500217463805208 0.6641725962998899 0.6733579892968262 0.7064514217623225 0.7304097946373033 0.7263006401743394 0.7356014418618788 0.7183565887698578 0.6980702471308383 0.6960468834682909 0.7302828395228762 0.7463054894416931 0.7401803948432769 0.7502599734916351 0.731406265733189
0.817984762611089 0.8382960101779929 0.807013337563787 0.789920049119749 0.7562095396392361 0.7595105629984639 0.7621261110467378 0.7476604886970568 0.7399307758842534 0.7588703571610921 0.7517765941990706 0.7132796802644465 0.7151779108953309 0.7137628831440269 0.6899914999099234 0.6938905272276189 0.7034834445084458 0.7006645797022382 0.7034370941767183 0.7131072305002186 0.6921916031884532 0.6911372370060648 0.6525671913906652 0.645108746930239 0.6674375456853887 0.6522574112764694 0.642685299182683 0.651917705592027 0.6472277170288544 0.6491291645383181 0.6412529345837554 0.6384144713322596 0.6795463251127759 0.691385097223109 0.724163439134954 0.6743442094486489 0.684254669733064 0.667544965329658 0.6940112021797674 0.7363853703032052 0.7339729987914038 0.7564774254128992 0.755451496316448
0.841220546076462 0.8291424026325788 0.8093972900113716 0.76322186335723 0.7452015882696956 0.7363046020047929 0.7709736084419228 0.7413397205027004 0.7646391698787258 0.7696020223756296 0.7316242479475787 0.7255969481864056 0.6822037084344803 0.6474841695010333 0.697189599126022 0.7201913513714855 0.7172900505555547 0.6911910699412352 0.7005747065242496 0.7046856372356234 0.6550474853404479 0.6472416735864864 0.6374778119902429 0.6627584917384676 0.6372593229652727 0.6303175083696104 0.5995872736802159 0.5940671024277535 0.5813808393463251 0.5738564239239171 0.6103362049181695 0.6178741675652042 0.6406066884354941 0.7104460728416917 0.6778220331704642 0.6637075381710225 0.6602193297704841 0.6917471323102434 0.6958703318234009 0.7081473652661389 0.7355817440243965 0.7669231246471075 0.7589869051063699
0.8389227921239815 0.8389386481613201 0.8408996654075943 0.7938959431605492 0.7893052131966869 0.7761135158491685 0.74849272889356 0.745994618453379 0.7798976486869995 0.7715713866830399 0.7737148800842512 0.7320042683214797 0.714977994027238 0.685846903433351 0.7008808434865069 0.7102352858651676 0.7302720687777539 0.6844571978082318 0.6713549408350152 0.6743013958663309 0.664273501449772 0.6181892554777246 0.6262650467659473 0.6314189929539631 0.6212702907725871 0.5997453034321553 0.5985859594622192 0.576488772146775 0.5958229063674393 0.5805944511886288 0.6034586053303139 0.611861023693186 0.6299605012609237 0.6538048004962507 0.6478082218651158 0.6512403726028418 0.6640330030357552 0.7092558387848721 0.7063409342117662 0.7195213320478386 0.7232462397596028 0.7418098263260343 0.7445301936414086
0.8846103251625335 0.8525710125466107 0.8319389716463328 0.8545291382183148 0.799222088821207 0.7784494080008648 0.7903258604531433 0.7801333976631868 0.7629507695900208 0.7486060655892368 0.7902008598600907 0.783453558838022 0.7389922797138947 0.6889645066409812 0.7122538065982672 0.7320858422303175 0.7247713910590586 0.7079525854095069 0.6905433958700006 0.6378239276401596 0.6362087335920801 0.6051030585542578 0.6089152525087219 0.6164256777198439 0.6058427748369063 0.5983013805764221 0.5966156929436309 0.5734678293810797 0.5654628355853708 0.5975355506715415 0.5877486718077611 0.5874870040263793 0.609092138542572 0.6629279872655909 0.6383128407086613 0.6430188430832567 0.6354166197601879 0.6850933340097396 0.7016680265399414 0.7433340198629088 0.7403921756955189 0.7230669290133969 0.7660084599684577
0.8655042665508076 0.8809660727743882 0.857924179023406 0.835352999304567 0.8337954041877523 0.8050352300503836 0.8239760057641384 0.8211314349588276 0.800388140930086 0.7787947721343735 0.7818874748056772 0.7743001575147688 0.7682344932845503 0.7221899116541569 0.7257155931270152 0.725851489611351 0.7208018452676517 0.7360566451173975 0.706387663415031 0.6543575745448476 0.6090592910322824 0.5915305015380775 0.5981584582615314 0.5818115144999505 0.5874063592330798 0.6143209150254599 0.5804034486568924 0.5570108551988291 0.571280877159859 0.572864728277213 0.5543813248579308 0.5908939086279826 0.6097949275352189 0.6626401490821254 0.6650581903696478 0.6560279594064197 0.6424974231353959 0.6501144282408365 0.6722557537177741 0.7197998512782445 0.7181016303416434 0.7137378363250824 0.7650462668666532
0.8574276814288876 0.8658062906424566 0.8452544056402901 0.8607898622285791 0.8187459882211264 0.8392596064293079 0.835675457368064 0.8160153318636777 0.8038570563117309 0.8062683164489906 0.7922497165456365 0.7684250029906886 0.7824428524997223 0.7533164546721128 0.7604023902262418 0.7795202693232659 0.755585825235804 0.7508019730529552 0.7276191267769435 0.66984995469935 0.6347098188420849 0.5976450210955278 0.5671920047621312 0.5740866058745107 0.5845859405242207 0.6054863453485883 0.589797586091087 0.5747109219286497 0.5859119714989324 0.5427089423718179 0.5426754349494389 0.5566289428408878 0.6084388057616453 0.6635120540648102 0.6312821430329805 0.6474221511159518 0.6729624741140469 0.6582334052144778 0.6632063882922712 0.6912363160946229 0.7210820908679358 0.7432202620684708 0.7425891931853734
0.8351805631569599 0.8345112233910069 0.8737951025276179 0.8725049420878564 0.8201635728148493 0.8322316883554256 0.8373066165938394 0.8143209659104509 0.8336754626428545 0.8097715320250272 0.7655914036008259 0.7757648117813187 0.7816946820409661 0.7959147703622657 0.7868556836792259 0.7930336828678549 0.7902790885789271 0.7620401812047753 0.7068535986541896 0.6921049423255762 0.6557260744259681 0.6035323506768852 0.5931773266505853 0.6131924220520766 0.6131144755585648 0.6191262331420396 0.5797395622978673 0.5987847124991272 0.5708541090238216 0.5874544069342101 0.5588939815000158 0.5868029660669447 0.5856341562375064 0.6291814912048107 0.6380468785587756 0.6714277384022127 0.670027878241191 0.6440529706859632 0.6606718761858741 0.6843098944834844 0.663641482734534 0.7084839834114867 0.713570775887716
0.8039216589218416 0.8183573676747253 0.8572241549227534 0.8569048239072948 0.8535072048270599 0.8057168178745975 0.800441267266522 0.8233127688333001 0.8040455360395014 0.8086473865409026 0.7953434738445504 0.7575238637597005 0.7759778980506138 0.7690405608407131 0.7665529697885457 0.7779365515099856 0.7487828586868416 0.7593517155316284 0.6975479277658148 0.6541874264005058 0.6275942319118348 0.6153961967968482 0.5901040956303213 0.5921961247464291 0.6155607165458298 0.5966257763678952 0.59355354263225 0.6109187793934241 0.5954820218093705 0.5816164132578215 0.5601578365253161 0.5796553665417694 0.5992027122907455 0.6044230501820156 0.6240307500569616 0.6669493711975778 0.6644092292295103 0.6602725973558097 0.6360005192548652 0.6553900184923206 0.6257492968781715 0.6285000236220318 0.6554257212328416
0.8109251920198223 0.8031124526465354 0.8497949511334385 0.829723534868584 0.8459258356422515 0.8081918678226907 0.8197701139293514 0.8461963248134211 0.8290838286624801 0.8287472959330525 0.800709985582362 0.7575589930108075 0.7881636071388136 0.7965384750289225 0.7999028738464362 0.7965474692450584 0.7581260019302529 0.7624670783902747 0.7070279876924477 0.6789218007123473 0.6363498492015468 0.6324632871263791 0.6478981210375341 0.6216267410903817 0.6270213843796624 0.5957647868600777 0.5933252330651566 0.5697913469520599 0.5675730948073 0.5475207757235838 0.5535986709866398 0.5681896282073701 0.5911785679400453 0.6081345249734216 0.6001462385898491 0.6394101681637281 0.666153077302331 0.681058914341287 0.6614524561985855 0.653938890094094 0.6485961045468522 0.6134691681174931 0.6078873168052125
0.7858376472519899 0.7876941895244208 0.8185683603660527 0.8563416961433479 0.8310249776129772 0.8320452670983434 0.8078012653343866 0.8218971030705503 0.8229174181609749 0.809296244981508 0.7796522911563386 0.7772698924790763 0.7723647039707723 0.7982649986041535 0.8093389682035268 0.8057402048798176 0.7930696366398348 0.7775406288825245 0.6963288570363776 0.6850429460738235 0.6598195056228646 0.6522460430973648 0.6379196106153322 0.6553383314007002 0.6192641713560809 0.6434849703655727 0.6160862175584786 0.5910673491414111 0.5755947130706371 0.5659530514251729 0.5716143062996372 0.5611411672909935 0.5821486568616225 0.5746828455859553 0.5638730166327648 0.6066737686877082 0.6605259841291772 0.7029480034535281 0.6622337276408469 0.6754929271639744 0.6444674806684267 0.6098252672162792 0.6186731016581615
0.7912678447749356 0.8150519883231281 0.8230627741344632 0.8282623399377285 0.8342891767106889 0.8480845286004133 0.8094928588085233 0.795889206132897 0.8170720335510857 0.829890274311675 0.7939125237544132 0.7773540315310843 0.7654099027642014 0.7688425816542754 0.7951434264811849 0.7818868679117362 0.7664164350764152 0.7520592897306067 0.6925263677816499 0.670682957265143 0.662599396474589 0.6681613531434001 0.6697498154442074 0.6637669692025363 0.6473582576073205 0.6613144763670928 0.6359988951496199 0.6107893278006207 0.6039197410063135 0.5922527087893854 0.6120940538033401 0.5729387442398591 0.5786203673086813 0.5908400768853119 0.5691703094940874 0.6007670475735067 0.636990769101618 0.6509200806285126 0.670923567562299 0.6550967233799725 0.6273763602059754 0.623645980328701 0.6133046636512455
0.7934708391311834 0.8132694965475987 0.8428141791170919 0.8317417491687448 0.8294587481123994 0.8544009804509198 0.7886990117976842 0.7725817286582874 0.7953007957992768 0.8091532075720387 0.7546710810430532 0.7398762213237884 0.7436785871215525 0.7866611156095943 0.7759072271794515 0.7592344864491467 0.7584307194519914 0.6932814478712851 0.7057270046958269 0.682434301638588 0.671893717346519 0.6567061884113292 0.6816893247397524 0.6985391328031805 0.6889483333230721 0.6561574914364778 0.6810219001512925 0.6688220948933871 0.6459405245298467 0.6133406739530953 0.6290999512482599 0.6187940915864323 0.5823038277930811 0.5649606935572565 0.5781189915899084 0.6044194190582468 0.6466503500731638 0.6544321767538327 0.658617057345031 0.6183732339075999 0.6206088496829648 0.5925956930941464 0.5663998578335863
0.8265486975347003 0.8168767293744605 0.8363269297086758 0.83646451276865 0.803893640667297 0.8262323080854276 0.7908418195818644 0.7585684910840685 0.7587831172771371 0.7506328408060915 0.7641730328229037 0.7450862392037289 0.7480603590047701 0.7356198173549043 0.7637203097062571 0.7324968194810109 0.7250145551718017 0.6694176103789619 0.6738197673567974 0.6893774554858639 0.6510994249697877 0.6562699660931921 0.6472794993723355 0.6660255970837733 0.6799122376281662 0.6998753545302412 0.692492645900402 0.6490865512569737 0.6587192111690642 0.6578330936367853 0.6476394029542936 0.6317933252407215 0.6270379510739189 0.5767438444339751 0.5983437523874194 0.6278635507404208 0.6350117113871236 0.6400732517376416 0.6083740605260626 0.5993425692659924 0.6158129535793201 0.6062298299134502 0.553988957919572
0.8474678781804146 0.8214325080763921 0.8024427225034673 0.7922013879046733 0.802345540152173 0.8217421041764605 0.8100236977451499 0.7698394214445233 0.7475729205834115 0.761642913851377 0.7690896220768568 0.7291191454387418 0.7296823576576789 0.7254024618333892 0.7348237648808692 0.7407799500676433 0.6859464710223743 0.6609895387158986 0.6571453505077752 0.6894138257255381 0.6847613902412609 0.6631722277506824 0.6449451494949973 0.6435928813176881 0.6466856739066077 0.6846863314891262 0.6665012459217634 0.6718921553273498 0.6814279587531614 0.7164499433125983 0.6886277518058929 0.6643261562299306 0.6529709278842476 0.6016637564477193 0.5991839025079579 0.6311895312991697 0.6405685097820611 0.6287597712311589 0.5853766148196424 0.5746778788978112 0.5826325665477318 0.5947511139766062 0.5518784970282412
