Raster_benchmarking/DGGS/continuous/raster-292.asc
NCOLS 100
NROWS 100
XLLCORNER 1743151.6409444911
YLLCORNER 5469295.325339436
CELLSIZE 10
NODATA_VALUE -9999
[rows 38 to 56 of 100, columns 43 to 85 of 100]
0.4768085138355734 0.5148911697727593 0.5125609700136899 0.49635313903250955 0.4654955983116457 0.4815670024459152 0.4701128572930611 0.4472007783901859 0.48402294090934944 0.43636169190304286 0.49124232888243896 0.5126777223183384 0.5659449146215306 0.6007236025996521 0.6134225095466146 0.5453886526438825 0.597335194874961 0.5890836479146468 0.49649949428249057 0.5139057240334741 0.5237863443452417 0.595915161054542 0.5743127357766261 0.5858787017134404 0.5728562219753248 0.535277981378545 0.5148619506797147 0.4527676541921502 0.47813224215360084 0.449293899876107 0.4578024516146335 0.45810155801099767 0.4843786131482489 0.5401731598411074 0.595075248859453 0.6158761381295499 0.6544344652217603 0.6570310568017299 0.6312134667922183 0.5672004315533097 0.5694717170709149 0.5132319053969853 0.4830852564697943
0.49121221703595636 0.500897495190925 0.5075092484840532 0.4971698283643978 0.457181415889169 0.46724361254968144 0.4348144405072804 0.43800288049142616 0.4346153412757048 0.41471903204766375 0.41930497264049094 0.4962014148381419 0.5083874095997579 0.5817084215820129 0.5947834856110953 0.5556110052390252 0.547926802145074 0.48260733900948594 0.4839672499577344 0.49598878631603766 0.5223526171058817 0.5350678191180263 0.523123224656427 0.49224524948011816 0.5270416162739704 0.4833629299081719 0.46722817179111914 0.46833137384823154 0.46912247587447825 0.43696619831332284 0.47402172957761946 0.5442780061731183 0.5411012625615823 0.5452584969711007 0.6266596735219254 0.6520478191029235 0.631760392679524 0.587090262729336 0.54839657846529 0.5247643670334382 0.5270725578059693 0.5372379301300751 0.49318428723037916
0.5153300844299348 0.45071297906153285 0.5077139840267475 0.48876503327415527 0.42569019904693434 0.39591938406879507 0.3750136789701605 0.3865526020338299 0.3698447787677511 0.3491719085465951 0.4203188962676666 0.4334109460728902 0.5387246346048236 0.5704534708968915 0.5932409381716666 0.5326406184800917 0.491702916932451 0.46195297615298886 0.4629339345209758 0.4728361018247495 0.46816874040107 0.5431009268973784 0.5231148231756335 0.4716313535411346 0.4329056480965241 0.4566967464386641 0.42039640450222293 0.4439131531345544 0.4452281610800469 0.436674921450896 0.4932555235198031 0.5534896037028421 0.6083711915558513 0.6255325888656323 0.6271579675271194 0.6619855908884067 0.5899204806851649 0.5547842563845439 0.5625709596257751 0.5394427548457451 0.5441308216897738 0.5406543548136391 0.4845423241118479
0.4882815013618197 0.47857242606139994 0.49307101965804095 0.5026445493169396 0.4570521683647233 0.4652199899455015 0.4276101861855482 0.424013358918734 0.3589675219942342 0.3949722754967128 0.37670615787417877 0.47528620183101833 0.49781117563519117 0.5512417574959335 0.5460293688480471 0.48962095396167205 0.4814147856572747 0.48547104014907416 0.43190832414128794 0.4285368160396258 0.4606282755314158 0.5060012843191182 0.4918526662880762 0.46597312462362345 0.4252900687069819 0.4370444559475735 0.4347150181400131 0.4745123720475234 0.4412794012817877 0.48535814270223526 0.5578954371510835 0.5797053900212653 0.6036595950642323 0.592364095665118 0.6563368832114022 0.6237201872022733 0.6409926592680083 0.5567100577581398 0.5673938772233279 0.5179873100983682 0.5403369687709978 0.5649981907123047 0.496977254769212
0.4674319808000151 0.5326575992233561 0.5211572032968519 0.45940478525294626 0.4176693754416666 0.44963993531821506 0.38314908194897873 0.37337261883109385 0.3468058630794613 0.39049879342364174 0.4006418066925725 0.488090039117346 0.502014399246659 0.5177976062865072 0.48118383343239945 0.44119116024999777 0.4836344899073009 0.4576182456977352 0.4208572159256968 0.46995237306734056 0.46171321756600314 0.46867513504241703 0.4327280202207114 0.4306192173624414 0.4310548407305437 0.4786200799051165 0.4801561946494176 0.42651330440239943 0.5019363556517668 0.5170282829202816 0.5194408187644914 0.5941390868632239 0.6326758799895333 0.6147580661428498 0.5965466115246497 0.5844944798245715 0.6211544485141608 0.6184785481629542 0.6114655844343869 0.5756080794374656 0.6116514889456214 0.5783866013424416 0.4682330109951246
0.48827646175438305 0.5094487980430333 0.4956419004278165 0.4277933634548768 0.4212456489552583 0.43114244381332445 0.4088378169253811 0.4101489044437885 0.38459799687764556 0.45931832291729346 0.46881041457813877 0.4817723989380128 0.48703062979139566 0.5110167304891399 0.45625037474639585 0.43540654044961896 0.43951498968480796 0.468972490180209 0.44788003779080154 0.4289819484010768 0.44244567208170943 0.4460964363465825 0.465209073795648 0.4586800194305435 0.4689971587357637 0.4652841075483608 0.47363002327851306 0.5123064240539129 0.4931638861388263 0.5317088725748238 0.5440860527979392 0.5507951609944248 0.580707225943141 0.5793765755899138 0.5959558145870837 0.5845539640394746 0.6277022734688007 0.6052926363083547 0.6072986179813431 0.6272982813503093 0.6040793201828866 0.6030226011781619 0.5293479771925991
0.5049049557114414 0.501656889318741 0.45641442165575646 0.45174157984516555 0.44008026411285867 0.3788341056529461 0.4378217259295823 0.4450214783138778 0.4437766773707654 0.47075030288378467 0.43818086868811923 0.4331362326215675 0.4034739479041827 0.4411713538310713 0.4464238942124985 0.458403182600024 0.4235058281944316 0.4494503317778914 0.5047066672073014 0.5101956602169909 0.48989751934837117 0.43753466772872585 0.4351041186652743 0.5242436551628851 0.5292087601538765 0.511196636384181 0.5316716298066511 0.5248864472699579 0.4797619877725928 0.4771854811267569 0.5117674287198948 0.5958311313812716 0.5712746789116214 0.563452578730776 0.6121763051209227 0.6026927804027239 0.6019934585475267 0.6597834683036935 0.6121379862926094 0.6259048705965957 0.63376098717594 0.6220367827685799 0.5838815476383925
0.45642904372851917 0.4759005811450018 0.489913313459884 0.4595015180224065 0.4330341574350688 0.41229490780026307 0.44219656536046226 0.44208087878960506 0.43491664751535986 0.437889461720614 0.42558640861589364 0.40144514165015016 0.3933983844765744 0.42394993509762174 0.4420646195340745 0.45031423517383634 0.4738908268582971 0.48990563008933413 0.4592419903202415 0.48021924416685335 0.44761437608009724 0.4820243152606881 0.44818863019622507 0.4875479305008383 0.5258872576909893 0.5633700984191236 0.5090346912640769 0.5068243759161947 0.5137168516241388 0.5065611209173334 0.5715737000885374 0.5562381304168781 0.5569260401935965 0.602167579041156 0.5839477356435634 0.5938322027401368 0.5657949530664578 0.5982707663566016 0.6150580399331717 0.6456222438652237 0.6439900979051247 0.6084115071030335 0.5992097028999238
0.491829551096269 0.46976225391149334 0.5015664585021846 0.5350319635201708 0.4965948695636934 0.4259031361278262 0.4270781927420751 0.4491554867515926 0.44162894925918794 0.4563898575288351 0.4385696255853741 0.4027679389413376 0.4125791001085945 0.3692555651775223 0.41065562873314193 0.5110518356487493 0.44397473332243265 0.4731913722642453 0.5261728977572063 0.5045333078429041 0.452020007213555 0.47610207746595984 0.49369455790429884 0.4908109815981031 0.5106197869133241 0.5697322832919964 0.5421444163015621 0.5365582337675221 0.49627499361452565 0.4820930189059969 0.5321796775452179 0.6025595857527902 0.6040529184876592 0.59539454289101 0.5488810563776196 0.5623270920811161 0.552715560741618 0.550696074896315 0.5976136734508439 0.655979877664692 0.6167983052124563 0.5974725137084415 0.5571119212123442
0.5656247226714324 0.5572676233796745 0.5639000085884357 0.5334995507787286 0.5427948953908848 0.4574560981061134 0.44728320405581223 0.47463402257198584 0.447877347009047 0.4477468222568344 0.42247419835439215 0.3847122458270965 0.3812138696371611 0.42844311822173775 0.47075543948870635 0.5108090408829731 0.46875290638287154 0.4831010804087767 0.5214513761081234 0.5577733661294398 0.5026713695034571 0.4868810555422912 0.48962514586845435 0.5606430626096556 0.5774513340764852 0.5572147409353743 0.5496118950966506 0.512138795761433 0.5319517588805703 0.5418231580717924 0.5355866765629606 0.5875564366408689 0.5448937310500849 0.5492614340006942 0.5725198701240097 0.5233888831269216 0.5553910344132496 0.6207104216762925 0.6222871279720685 0.631641964828005 0.5864639150066021 0.5869799730020223 0.5794189068016852
0.6424854044108266 0.6184858136846331 0.6146768741150338 0.5837515658460036 0.5506641564058549 0.5543798352122725 0.49314964984383924 0.48717052671191396 0.48697364448341757 0.41379682058546385 0.40421374848941255 0.41931883521159957 0.42399648205955737 0.45127761362044244 0.46830848230408045 0.497592315712199 0.447866453352656 0.4644469329269958 0.5521580670128183 0.5682270403299908 0.544351965015498 0.4928489374300486 0.5223783261186438 0.5388309655189747 0.5927409151379549 0.6059176011652527 0.5853770464222492 0.5830953763248358 0.5328734222307266 0.5409500477085605 0.5628946812288576 0.5126108179806679 0.5524566317065559 0.5829160678074325 0.5235058768042421 0.5009861819008992 0.5938868536850415 0.6119094863257178 0.5908869261373781 0.5945020193625388 0.5852673695471636 0.6188571912078066 0.5615024004376332
0.6277463835540436 0.5980933807306595 0.5803233247794491 0.551207015476248 0.579696006100275 0.545989383786883 0.5403639899749836 0.5429803881162761 0.4685140343390036 0.38012333439354773 0.38938129809611527 0.3892329296034824 0.4448212383566335 0.41219744919878215 0.4744577023190193 0.49609128319377965 0.5095860340442023 0.5069563907124562 0.5097007195890145 0.5526556712878709 0.5663246210507683 0.533615679172944 0.4993213785504313 0.47821758279017695 0.5098974456018369 0.5521883129328802 0.587501677742935 0.5779306040388836 0.5877570065424312 0.5600805297901164 0.5367584231493239 0.559218187555254 0.5185146160046634 0.5460614704508231 0.5396275720846792 0.48735465595756217 0.5598093627620441 0.5626257451023494 0.587251983089513 0.6160558406122761 0.548953123312305 0.5682293968243985 0.543501498007633
0.6130241813151871 0.6143838511422974 0.5768821208973975 0.6148934821547962 0.6335194378610506 0.6540808093024341 0.5832298162385127 0.5235855434106079 0.45997135074917617 0.3893846685637815 0.4148399117854513 0.41304639635512247 0.3843652828104165 0.37634802136453493 0.41409490077295613 0.5100930509910206 0.5436450396864254 0.5489433387235716 0.5052934903153928 0.5432283352050434 0.5570203124534024 0.5816751241628397 0.5374842026220796 0.49974918998083706 0.5058556466085656 0.5395682438740906 0.5705198773697168 0.5419330727903247 0.544469160572401 0.5747426339314632 0.509462384233502 0.5269277582075188 0.5257051417314611 0.5027003389589205 0.4861543668148329 0.4953877605419581 0.515065856769964 0.5722587782932889 0.5658544827263221 0.6104832632549271 0.578224846144815 0.5165611962422075 0.5161652167425289
0.6325762173869475 0.6364549372472712 0.6221555411171862 0.5940229728477122 0.5994738416915829 0.606136723307933 0.5400374974448229 0.4809531572090293 0.4493356047801216 0.45001955358540596 0.43361081823793496 0.4529905862277351 0.403444122913854 0.36873131016330774 0.3710778833433868 0.42794875980686226 0.4761720524264096 0.5169538663790406 0.5015821582113162 0.5552332967375382 0.5533697745209845 0.5432959339113345 0.5548905772117388 0.5314140458070037 0.5469615295508806 0.5563554060563968 0.5568683451362081 0.5968610072826344 0.605738926655219 0.5901251210858821 0.5277325919970838 0.5733423725100546 0.5507223749224299 0.537211756803875 0.5346304716625753 0.5338548033862603 0.5063013819134149 0.544711860715853 0.5662549096235117 0.6086216106196478 0.566232723677493 0.5298373946531972 0.5040292764988524
0.6124693973703319 0.5619828149821694 0.5821234652889277 0.6207249390805244 0.5706334426117398 0.5640036645627048 0.5071177691865737 0.45584379452399487 0.42511053190174286 0.45489325082702253 0.4077471531886861 0.4128294004581282 0.41427121038744175 0.36057909820699857 0.3816085406217393 0.3590901863048789 0.44681021934804005 0.4186040169122854 0.4957508648937652 0.5308383878690887 0.4791022763868915 0.5029290274816592 0.49225348341521696 0.5479170228453499 0.5652070131800067 0.5199190530583179 0.5766883347529084 0.5859839138208497 0.5957706057027433 0.5708237283759358 0.523748500180794 0.5608546859190825 0.5770080404213845 0.5483167007202665 0.5301801243428899 0.5409320453042369 0.5131520220790468 0.5409859357584341 0.5828844437582301 0.5408691376874675 0.5345891262422486 0.4553269813880646 0.4832455041579249
0.5477703791188484 0.5725138905399116 0.542405701785189 0.5333537270137139 0.5335684832842046 0.5534376135002711 0.5086091447671285 0.5208457448632717 0.47305939433664307 0.43598782714549716 0.40903329296220514 0.37463637639823594 0.37297845246672556 0.3468636604622231 0.32298776914322475 0.33320275159882273 0.3968785913723591 0.39615066959371237 0.4290109073750985 0.48664514856021757 0.4821146481419349 0.4437079041565422 0.4824386380428168 0.4931858556701369 0.5321412862852859 0.4982218451783875 0.5853450643216727 0.6265676842168464 0.5989071827434274 0.575258149251231 0.5459775453752682 0.5804728967991427 0.594410205772431 0.5974429592300561 0.5306553264195955 0.538810038886782 0.5493481360530911 0.5855343291986341 0.5442344737697331 0.5398039277349648 0.45986261420285873 0.4682900119931109 0.49424200200324026
0.5753916215270954 0.5858751109795751 0.5192353231565453 0.5209825155265511 0.4994248158134311 0.48270039458224806 0.507914178443479 0.49562322782691526 0.47171342373289693 0.42394726463957605 0.4166287847654792 0.347804199194004 0.3380959122284781 0.31439376253654905 0.33157012372849776 0.3811053873386993 0.4190872171683837 0.41988651513950176 0.38779615413661234 0.46114252430963326 0.398052448459232 0.3754594400312227 0.46166979535598673 0.5076144263006832 0.537673134903187 0.5049542924930515 0.5801096735728343 0.5986263013280817 0.5586795248327714 0.48817723088563003 0.5538003080332554 0.569389325264811 0.5775812038025903 0.5706407710938045 0.5840191856964949 0.5607656660644632 0.5427532489646556 0.5733075632909218 0.5295164256822308 0.4641386442159006 0.5145643453005913 0.4763681762371229 0.5340126128702664
0.5977393624454306 0.5319578769122008 0.5307983923631271 0.5311807307022868 0.46366665128714585 0.486075858418868 0.45499112541206815 0.4653295551200125 0.44407859818817275 0.43471836390217145 0.380697905866718 0.36865785327132944 0.3643964776501157 0.30970548596878233 0.314560433119739 0.35903548268919666 0.4023266306916881 0.40583365943328353 0.3573285617297583 0.4077279440308669 0.3573801296186872 0.35083593590611223 0.4375692970648515 0.42530481273989906 0.4980126977053527 0.49685695427996984 0.51804778332616 0.5982147160594053 0.5600686958049903 0.506316933643665 0.49719444827835835 0.5184200208750323 0.5990053648764686 0.590363566873221 0.6024418148957144 0.5321778506255715 0.5287781594446911 0.5698535952216646 0.5286458986265269 0.46864664961576946 0.5105846547700957 0.5168579289040004 0.49554950234287115
0.5406175942856892 0.5571864064091654 0.5262082545724769 0.5320845645596003 0.4298250194748105 0.39936640165138576 0.40866913389608855 0.4574107961786237 0.4272059296579903 0.4155566129885126 0.3779475617017234 0.3575061069159991 0.37852302028365725 0.30545706063228933 0.33649062176420635 0.3393045102463953 0.3883050368612323 0.3565446436530201 0.3465441759078606 0.33673942916642485 0.3675198233432876 0.33332186341775966 0.3628433030676116 0.40059392510316927 0.43283463229249713 0.4797344046417419 0.5218608830258845 0.5702927904482137 0.5395419954128803 0.5184971719147614 0.5179884489906059 0.5338032077082219 0.5964707252839279 0.5872211567477655 0.6043952585762166 0.5472772320340044 0.5311053119885961 0.536776473426231 0.5144428469598404 0.5116279894667091 0.5042448314869737 0.4516486651730463 0.4959145853867619
