Raster_benchmarking/DGGS/continuous/raster-30.asc
NCOLS 100
NROWS 100
XLLCORNER 1743165.2864787534
YLLCORNER 5469291.559843219
CELLSIZE 10
NODATA_VALUE -9999
[rows 38 to 56 of 100, columns 43 to 85 of 100]
0.4261757451457023 0.44769853231667645 0.49200973887937016 0.5502507986026082 0.5260805083845046 0.5192556526109611 0.552529816566971 0.5329348438899218 0.5359209093886012 0.5830141081257035 0.5605326499479765 0.5725190901541621 0.5341203679776507 0.5520734463660251 0.5439767327827737 0.5455020935725825 0.5496083168973636 0.517908179617316 0.456177474005552 0.4453346591090069 0.4736744575745157 0.4957423066793345 0.5059681505788431 0.45569137583602476 0.5252705362142391 0.5138993726409187 0.5648367835217256 0.6333388888758413 0.6459283144106023 0.5948505948212762 0.5965750768622584 0.6148414455044607 0.6001001730907438 0.6089813657814771 0.6380040793822629 0.6815874663449484 0.6676241983433485 0.71685717516799 0.7087485951077989 0.7809414220652385 0.7808305033458123 0.7736146716330137 0.7687042361265071
0.4529720952240031 0.4569142055168539 0.5228613905551958 0.5633811476061321 0.5615979917592397 0.5465907657814623 0.5356210999085855 0.5330956061475732 0.5209043300657358 0.5314304622764237 0.5762603181138748 0.5708624695110013 0.5434232501658197 0.5042163678695003 0.5164177863838625 0.47787720028864955 0.510120312227962 0.47968052511740483 0.4613093071218616 0.42374538775701864 0.41599292237436847 0.45185478876534896 0.44771018117903894 0.4764771094547646 0.49792807413792495 0.5152380731187118 0.6010806041056237 0.5805599004620501 0.6138666741117333 0.5998046963577174 0.5574943222680313 0.5818849657955437 0.6151232532512436 0.583196374094328 0.6359115594166511 0.6318179311238193 0.6825075616233496 0.729393301058619 0.7489898367359933 0.7462144188035842 0.7342304655760056 0.7398626763730487 0.7745765888298639
0.4448255389875827 0.5203736433432994 0.5616804781206575 0.5710074105102754 0.5128910254895578 0.47057174207101293 0.5047898274689916 0.48596338223492735 0.5396858579522014 0.543907529163331 0.5303016551474555 0.5463476784981509 0.5069594010120427 0.475884534707187 0.5065508783903546 0.4613715008264669 0.4333031168832258 0.41564906188947326 0.4117811150922904 0.42149224700003135 0.463350281055611 0.42696592570683856 0.43452370142256325 0.48270106003894436 0.5046648120618059 0.557684027934143 0.5764478104626604 0.5795251851659684 0.5977537714850479 0.5445778861152832 0.5598359181114633 0.55704571576277 0.5688628320445273 0.5499628786664317 0.5974597894399815 0.6108729273168532 0.615587136076269 0.6765907351652763 0.7421785242890342 0.7513726609854959 0.7519270554994425 0.6979681310892434 0.7813899704825978
0.48618255390620013 0.5013933357483034 0.5625796710290756 0.5825333985569922 0.5414863632750141 0.48594571447910667 0.5037012229505204 0.5157345842119709 0.4909267409153483 0.4932280099324778 0.539625540911458 0.4978229356328862 0.507246586768046 0.45903492874711505 0.4882027344504021 0.4965763317819657 0.41041987362133536 0.3822081307096653 0.43478521565954886 0.4241865190421198 0.46380677383716645 0.43388320938752123 0.4804985894835039 0.49597698428945547 0.5296142916408245 0.54367821378954 0.5977249372550762 0.6195098311684046 0.5572711032253502 0.5360488559702556 0.571962082319542 0.5676908512768135 0.5574225502158927 0.5288870670470973 0.5565103900095486 0.5640900299331205 0.5982031419029714 0.6173991800591279 0.6957064888362269 0.7516713734594493 0.7459137162092501 0.6954770125132126 0.7714118852031405
0.4681035455424785 0.5151386529416242 0.5072608571680564 0.5440047617271435 0.511562845680332 0.49813319171195514 0.492856144255738 0.4867030600596793 0.461769937830714 0.48692065749491814 0.4988758137466438 0.47655598719954956 0.5072043077433086 0.482809422847117 0.5011296349320677 0.49672124305136794 0.41032769296131405 0.4015867870451028 0.43279150488548457 0.4827821990780552 0.4773061783060557 0.4887947226999377 0.5472608045201074 0.5866393320568704 0.574389025376323 0.5775477077105419 0.6050842277025165 0.64315500055581 0.5712471230676086 0.5751572001849882 0.5555478122763521 0.5189861699599569 0.5143493870127653 0.5728067407425926 0.5578787511834358 0.5271480900195549 0.5378363020866054 0.602124610918665 0.6667758645235438 0.7222208956311801 0.6815896036341235 0.6974203348519504 0.770477273867559
0.48450924779554666 0.5026686005627881 0.4732248898703768 0.5124133756260199 0.51233582483855 0.4579905896389135 0.4448587461957316 0.4486899012143631 0.4356569864146239 0.47974916158676334 0.4789663801086616 0.46963030076751416 0.46729135233976077 0.4863387838589304 0.45591914847220605 0.4857011290340868 0.4590565389513358 0.47991185672121034 0.4652159164104981 0.4941801909019285 0.48246277064783855 0.49501814350319556 0.5594520527786258 0.5803261887973233 0.5828534017578761 0.6021489342917563 0.5901319802515315 0.6059714004049981 0.5771961369278146 0.5481675887201155 0.5597119198067536 0.512618421446646 0.4914436240697807 0.4896993329386057 0.5129583442782748 0.5518019115693404 0.5589915584086247 0.6145911439000153 0.6083781827280643 0.6614922146619429 0.6532905331273116 0.6688173239613532 0.7477067936602518
0.46153885885351714 0.4990197684003023 0.4990081830579288 0.43800517704939707 0.43550069819925 0.47149245477972057 0.4596465239775837 0.39863031881777017 0.39360587465257507 0.4171131716850335 0.4956748432430708 0.4985085528218132 0.4600657946208447 0.4805728953392443 0.4445684340755693 0.43374420614177667 0.4848753652378514 0.459831712285067 0.4902969382132515 0.5151568585183993 0.4949944333614419 0.5285691382859219 0.5623629353524074 0.5921366141843577 0.5625408747005773 0.5456255119987025 0.5733612127831259 0.6115587422373241 0.5963168248105942 0.5542362928922806 0.5353321735375661 0.49337617340725815 0.5119874458643423 0.4873397177956229 0.48011905142399064 0.5179214380253586 0.5617047337315906 0.6172660857419384 0.5891568027968771 0.6227127481738531 0.6084268221158654 0.662360248537371 0.7423487297536469
0.461417221169878 0.4663235106402213 0.46190017096731295 0.41689910320308265 0.45214753037567923 0.4713191907635882 0.4483239463675252 0.40243503490568033 0.4229302805352338 0.43756566730673263 0.4539952189401614 0.4158735307700197 0.4293795130745193 0.4495289883546918 0.480014958366698 0.4561706869857809 0.46656582994457696 0.4518823805713606 0.47420736201860597 0.46737452613996666 0.5101166379816281 0.565931144245072 0.5845488285241827 0.6146473028720362 0.588666799349627 0.5401003119236544 0.5664109005541367 0.5850980056207961 0.6167180472324771 0.5799573339817224 0.555179618500186 0.56239739155246 0.5167761960305373 0.538063829958033 0.5069128683519982 0.5520191380544065 0.6094428107168738 0.6193513023497275 0.6428337790391853 0.6786131062301312 0.6294417919144244 0.6765364674632982 0.7111030767604617
0.4144226856648308 0.46942678454029113 0.4405367739839756 0.4223783583701549 0.41709523603937576 0.4269459724866458 0.4315634118927637 0.44982770553551443 0.43213010515085015 0.46861603108569605 0.4521785500158842 0.39821324235102956 0.41506392367032935 0.43552935075303567 0.44288914057617906 0.4547995826997484 0.44911487994551635 0.45175947698451735 0.43908054276345415 0.4791951762897351 0.47996639127766066 0.5451149647678898 0.5753967083047913 0.5657973591304036 0.5555217160814317 0.5441768178854253 0.5970129947284616 0.6372832736329959 0.6587085968347607 0.6179139154776071 0.5643895945278329 0.6012789463070584 0.5393011370274928 0.5179972197816113 0.5228489359947356 0.5482002896911526 0.5721652794115033 0.6401162486881354 0.663775740612296 0.6921731006379757 0.6688940243927702 0.6685396071503841 0.7294574337998284
0.4446874851281269 0.45626101481615683 0.44262517440825266 0.3985619859243293 0.40581742374607177 0.3917707128854453 0.42290588787793354 0.46651164130031125 0.45383431396898255 0.4076555475379887 0.4287621420561168 0.4506465192983718 0.4389607016186844 0.4648575923505834 0.516475584805572 0.4876314575671188 0.48316528136487147 0.4449614868981133 0.46715299405582417 0.5021059675399279 0.5052382135942852 0.48455022554269855 0.526467598765779 0.5678179793006484 0.5440113014312854 0.5477792839630358 0.5669242848368857 0.6082799575149098 0.65096899603829 0.6375238899401916 0.5849922006332292 0.60497390567225 0.6145060118852422 0.5398268803691351 0.5165296623694111 0.5339590681995087 0.5962192436062681 0.6683273744280073 0.679854623091405 0.6995376208169627 0.7000834898981891 0.6711734106143664 0.6899211391333646
0.43985838164229846 0.41151614470935677 0.4439345950954323 0.41001562118828505 0.39497098248140866 0.3678622335915156 0.4439750481980684 0.4121557975513502 0.4183475143632391 0.4000989643445961 0.3878184889230636 0.4150247206083655 0.4701935494011248 0.5051656360686017 0.5653578890216546 0.5550883132563458 0.5191954096796024 0.48658503378279594 0.49393029216371453 0.4872648140752989 0.45614828057848955 0.48246097152440265 0.5073151425493138 0.5365723271345133 0.5523054919995766 0.5942932903202811 0.603720322474579 0.5937835024962975 0.622083314524026 0.6323762702311104 0.6502148275526393 0.6237136825806492 0.5989301619027788 0.5843740043177242 0.5378372577729645 0.5461876113898679 0.6175830271077324 0.6432374191346226 0.7095717652423223 0.7217498216454157 0.7222431555823757 0.6933461895670668 0.7410074366675221
0.4371888386784507 0.4441129615537798 0.4486721667518459 0.440680989421007 0.38416870210303083 0.3834706817780741 0.43690920360259017 0.4447965575346047 0.4149367827939575 0.430089129846195 0.43826952591869783 0.4506157190812481 0.4694473569312518 0.478929321835677 0.5586120341257788 0.5425449288834029 0.5394854253773677 0.5268216829893381 0.47530381736653926 0.49378435544521543 0.4787105240085117 0.4718573834730388 0.46351465570139505 0.49458347039467543 0.5598738501692838 0.5984223774193975 0.5737965282966153 0.5913107212773958 0.5937706160639694 0.611445112157487 0.6454066799530435 0.6769490253473536 0.6318982228358561 0.59339222920101 0.5808133727450839 0.5888054846783154 0.5808793717870673 0.642293757765394 0.7276222183489552 0.7803341638689372 0.7543121341210458 0.7555826387986223 0.7662729999158361
0.442171168751337 0.4134932526898665 0.45714227842179445 0.43046349899026853 0.4591040582156678 0.41490065037357177 0.4313708697112957 0.4493779131284636 0.46821956924618463 0.506021182375256 0.47117651082450585 0.4932072840799603 0.508714865021513 0.4759623928653264 0.5097185694291406 0.5735516389034649 0.5486404329136662 0.5427911888826565 0.479415360573874 0.4333126088963537 0.4466405882235571 0.4878247751663789 0.487008159079277 0.458844513898914 0.5303943874458672 0.5392874319516033 0.5471555380202817 0.6095230494606837 0.6407725929191249 0.6227402943691737 0.6522665947120672 0.6759898381398305 0.6574555164174049 0.5782605899845846 0.5783317520313703 0.5731680290378511 0.5866507604595196 0.6522239967241958 0.6932189213246069 0.7862424204522234 0.7744948123494908 0.7867143092441351 0.724916829551746
0.46333205264155647 0.49107658829407774 0.4849331097689439 0.5093255716353173 0.49522722761993193 0.45344126603755963 0.4411665651736955 0.48175199491439924 0.5087970565054691 0.5335234548624316 0.5278894836815106 0.5063954456259858 0.5176057572366234 0.5363264814312585 0.5492890610203522 0.5449640644421906 0.5144462593400325 0.4925448576458852 0.49129633817682417 0.49025867614523166 0.47724092672213675 0.4451638242121219 0.4253926520022868 0.4634747990911816 0.4695948846783772 0.4593787779357321 0.4958171057992561 0.5744715070052807 0.6255255045149688 0.6361266566020929 0.6458709597222884 0.629114323836938 0.633567756596821 0.6401407515998314 0.6146062672836178 0.6250161218650562 0.6656682854596152 0.6716262402671547 0.7150485388619877 0.7997706971954223 0.7993730439268579 0.7550770980341615 0.7592785778945633
0.4475933365953365 0.515796280699065 0.4945506416752519 0.535994672193462 0.4979750737252832 0.5244522757366448 0.5055584703370215 0.49877826966562344 0.5457800498902743 0.5444822309325663 0.5211949120871274 0.5312796124329227 0.5468660793321377 0.5350240389166167 0.5763516533737789 0.5852015396957204 0.5526147765492945 0.4572409818477575 0.42730818200694604 0.4328201042836596 0.48412830025843606 0.46071390004795926 0.4207608272399557 0.42657227325258257 0.4417849972228154 0.4585184017771997 0.5218356212517532 0.5022219910632293 0.5568832509229585 0.6375936906162227 0.6264525209910841 0.6616437278618716 0.6858522000557863 0.7024135688942659 0.6926972776659687 0.7060553311324831 0.7128943671624681 0.7541246788157411 0.7549236059450102 0.7824453466548261 0.776700405863018 0.7659982588620876 0.7867760941456976
0.4654667905825985 0.478233238887722 0.4925510159327858 0.4587882598056012 0.47941151591978637 0.45918560844507383 0.45285245529177576 0.4776264760111067 0.5052776228860668 0.5473237016943664 0.5346012235130354 0.5287719278390703 0.4918666717878298 0.49604277397687063 0.5232486554423843 0.5141057550097123 0.5268498761359532 0.45758821682100104 0.42084012624924155 0.41349631875341664 0.4671837087889716 0.4651881481685969 0.482098493082192 0.49005518862887976 0.48463308024120577 0.5067764941177397 0.54759649356879 0.5357081524239146 0.5787370539381883 0.6222138124373152 0.6020189178755233 0.6043756394409775 0.6551665864792855 0.6939086304683353 0.6937742562426055 0.6429937271648956 0.6759020707678225 0.7112056679098264 0.7261551145693445 0.741608470189574 0.79301564798494 0.8001040911425962 0.7843519106693865
0.43956503923448753 0.4920376658096695 0.4672782563217611 0.4323712973657569 0.4276416730102287 0.43142185162409813 0.43113521028572077 0.43242983117918826 0.4288209450052535 0.47467824721081575 0.5112422545559187 0.46997379661659233 0.47336536559542275 0.48009826079323487 0.5525430984525046 0.5409178162733754 0.501847743654887 0.46713968010245066 0.4407904685588758 0.45063937878613947 0.4376137102410713 0.4379666068634393 0.4496534958507666 0.5157514315275409 0.5481038283094526 0.5463537492902185 0.5088075294574332 0.5532570648560496 0.6008480594174468 0.6243640361504402 0.6203237644448021 0.592625631061798 0.6089960085302748 0.6706522798953208 0.6150544351531226 0.5874156466118569 0.6302779405904215 0.6552773773883597 0.7127738774518415 0.7635736704338923 0.740931730653379 0.7245481892234382 0.730153282894154
0.45888623294237796 0.44140849891066813 0.4202478443746323 0.42510508424440585 0.4567695860887286 0.46137310825464645 0.4260439168377801 0.43061545250706207 0.4365602755373774 0.4645994401790167 0.43669899353372565 0.41955464548835836 0.4512742195751345 0.46589045462453293 0.535215109721069 0.5386733684883979 0.4814902124291565 0.47392781673001505 0.4514699220154494 0.48020009573984 0.46574423115445845 0.48484320084208216 0.47244881290901863 0.5106799963120918 0.5441390798006103 0.517575434474698 0.5154164904989604 0.5390163960188757 0.6149759479883854 0.6397181764312562 0.6119358771718536 0.5672374495702427 0.6174049062805195 0.6002395874702592 0.5786969832274558 0.6075884981255094 0.5950727617010361 0.648258819062938 0.6918090548436645 0.7442013381981003 0.732304739503001 0.7251847333103664 0.7505244175227014
0.45043783334820814 0.39443763161364825 0.4187802001951661 0.42435963462445286 0.43624688510517995 0.4139015360025513 0.41808631408435165 0.4226799327192992 0.4395004010553117 0.4393518539085926 0.44456954973762625 0.4325536705385208 0.4737267179391984 0.4728150294505699 0.5012656005586454 0.5253038186610367 0.4738865865650637 0.4615820920973331 0.48318776477217323 0.48535050723839435 0.46161830521064806 0.46805655213150477 0.5120107970530786 0.5060634988262968 0.4912173558116488 0.49502613285144625 0.5278052793015566 0.5568041622580248 0.6059624231516569 0.5918753875962172 0.5571878168127229 0.5558516493021813 0.6060678145948336 0.6103369273149724 0.5367443495439421 0.5440670272220254 0.605802695420794 0.6284498174661931 0.6378654619369811 0.6847087085504816 0.7238411931929501 0.7313600752054895 0.7401871471072055
