Raster_benchmarking/DGGS/continuous/raster-124.asc
NCOLS 100
NROWS 100
XLLCORNER 1743160.448369731
YLLCORNER 5469277.729353563
CELLSIZE 10
NODATA_VALUE -9999
[rows 38 to 56 of 100, columns 43 to 85 of 100]
0.701626595548736 0.6966938671281954 0.7109232835381556 0.7307470926230039 0.6958161895333355 0.7053592403425095 0.7117391090405331 0.7002688141100224 0.6697923537398838 0.6880441520269993 0.6179394706218052 0.5875675540485434 0.6036009803101627 0.5809721280591181 0.555102356594295 0.5182199188428551 0.4668965424353115 0.4446560800720142 0.48048935553097266 0.4631933788120961 0.4918217628507249 0.5529318991294268 0.5775242011057848 0.5874982782344298 0.5663557344666657 0.5711131576770228 0.5897254328205608 0.5593105021493494 0.5774203016606414 0.6213658750872559 0.6495009779379268 0.6645296249049724 0.6514425986288059 0.6259307441710221 0.652719999612166 0.6946661929696898 0.7145236022470763 0.7421919796649006 0.7593482127344093 0.7245575462797769 0.7737238067606337 0.7735766148934553 0.7815434515917666
0.6581380852186942 0.7026813104595186 0.7264149862730621 0.7385790897205873 0.6736343334279566 0.6979451931419063 0.6814868554182818 0.6966591498573789 0.6953190987469846 0.6848011619276766 0.6687585674441394 0.6040043887538706 0.6140416929081418 0.5776954198103232 0.5459174869719988 0.5347149279507667 0.481958189014736 0.4339724794760999 0.43768982828320163 0.44798973198203274 0.5034330261731951 0.5300755552876003 0.5877582112808951 0.5884966326141537 0.5740778754515723 0.5564582197694893 0.5453406714792807 0.5366713957800762 0.5536798444864115 0.6194228736116955 0.68022069289433 0.6858246245050418 0.6430321130676193 0.6567969695604308 0.6539701036447444 0.6755497912072814 0.7169975594660877 0.739410726151822 0.6910445947699497 0.6840564925476378 0.71643126923466 0.7691381515809991 0.7933731224671005
0.6526984776735507 0.6975436945351409 0.7039138877929761 0.7077359310898955 0.6846674427495486 0.6861532719723181 0.7012930897129431 0.7017284637271498 0.6958927775155822 0.675834210061672 0.6710515186689916 0.6197118582510345 0.600564743953613 0.566112935119708 0.5642978541638002 0.531136454841935 0.4712807814971045 0.44991442385556996 0.4639829145680902 0.4489671805050301 0.4763465229054914 0.5499496637903212 0.5548022198594074 0.5801173984571056 0.564149589982397 0.554646141303045 0.5579226961822877 0.546892922550938 0.597699549602725 0.6385922157401528 0.6834051064889837 0.6794877011377987 0.6672853890278032 0.6486834349964382 0.6500915415085868 0.6942158102392775 0.668373441186187 0.6992985015114151 0.7050467554042417 0.6874527966274722 0.6890881578675201 0.7553379129061432 0.7733999960262823
0.643961699901445 0.6793518945402046 0.6621781873144573 0.6593788895082295 0.660058236656704 0.7067999491303669 0.6962236963754327 0.6743304979060328 0.6797568248615486 0.6813467838267574 0.6060227837182399 0.6185928176135869 0.580047221019423 0.5552545354139484 0.5282911892440045 0.5349089674725296 0.48845383841405865 0.43920026852961147 0.4309277000877006 0.4928845943950262 0.5000390279004845 0.5542952679867675 0.5835337572089963 0.5766235475369297 0.5427510896041496 0.5333642565657198 0.5247056536979777 0.5310793312621152 0.5603492261870103 0.6286596556993128 0.6680194221823762 0.6836217891124927 0.7030944403383748 0.6948064889513681 0.6959515660452514 0.6608431123968025 0.6410478898863778 0.7002965266427016 0.7082342061954989 0.6929919882556766 0.7089494740284767 0.728111240665764 0.6878435414916091
0.630732511238285 0.623671211375876 0.6727955512710375 0.6438529170675904 0.6534979699911727 0.7075402916974988 0.6902343850314456 0.7168211169784023 0.6661613401079768 0.6508276560361578 0.6112909254662833 0.5997428722067436 0.5664425542761534 0.5433897462907546 0.5580849773348555 0.5379691901187154 0.485065912032735 0.49196168333549467 0.4634930340818612 0.4975994554504958 0.5342000477114737 0.5351114537386292 0.5916411616118104 0.550451100392115 0.5432383654856592 0.5321399891000431 0.5424953157752582 0.558134179317696 0.5490259875411508 0.5669632376702344 0.6476092669068112 0.6885751619480392 0.6704458024531054 0.7031341774393183 0.69178389438923 0.7152231228991459 0.6846739256009995 0.7034083074642224 0.6795234431920213 0.6769366514321609 0.6710683661861315 0.695670912334381 0.71347497487787
0.6227140436162545 0.6426254129626131 0.6701083693645645 0.6164006243177756 0.6344047379318825 0.6974128130415792 0.7289556293892664 0.7142393004765432 0.6483839266483543 0.6309140610864881 0.6155447173155338 0.6248288912366696 0.6321758208101872 0.5618015512602448 0.5355182571057282 0.5272988432150776 0.49627262012670775 0.5040088410777053 0.4804510633698949 0.5333024821695975 0.5466692935868775 0.5696476102655045 0.608405360221825 0.5432284226139695 0.5371572847094755 0.5430762012745787 0.5786723977452707 0.5714308574570551 0.5254959298951642 0.5723724515963516 0.5913590011355442 0.6581734701475056 0.6903611264390419 0.7253856896401308 0.7445407248394683 0.7237355243295561 0.737920558234189 0.699455679502353 0.6565791839613998 0.6619528255607545 0.6676928071922154 0.6985317072520719 0.6888135407956242
0.6329139129372584 0.6668764501802832 0.6759928564800827 0.6295156078677132 0.6554858239433885 0.6340148546781249 0.6593638298799382 0.6549790051283915 0.6609122178321475 0.6799960578445826 0.6496920088181354 0.6238699105694765 0.6227035215857912 0.5554837469086533 0.5379903449235665 0.5430228392726804 0.5213139099926731 0.509674601506864 0.5295048498290122 0.5303729593696908 0.5799673942234208 0.5947959780849555 0.6045062631167826 0.5429122794399426 0.5119532880024947 0.5210269632525641 0.5141140789557216 0.5079219647522146 0.5564355526255533 0.5493013682175159 0.6050615143366036 0.6379646082316608 0.702156581112634 0.6970537726789177 0.7571492931603175 0.737129264707782 0.7524399115155288 0.6929312414396434 0.687051032270129 0.7062765601128898 0.7244629877156685 0.7158069554822174 0.6753390446084329
0.6052348737592476 0.6178662782295906 0.6596138980980197 0.6198792693562019 0.6533781455019272 0.5948794620065788 0.6107886956360874 0.6363603978086728 0.6781066687213441 0.6946104995778171 0.6612668057710497 0.627737871755538 0.6235759755070687 0.5826171041651391 0.5313972389189392 0.5506286162718381 0.5055271485114767 0.5162872038208175 0.5206593186897055 0.531315041561943 0.5427647946198468 0.5998569236367803 0.58237764618502 0.5366728123355194 0.5256931978862576 0.5204900814724256 0.5010387348718274 0.5438750021204405 0.529588974336642 0.5847715008103369 0.6042070181523321 0.6686535784999842 0.7006428978131616 0.7394821126029573 0.7547783793430175 0.740932944399415 0.7586528865685402 0.7327407416078509 0.7276873618746174 0.6949528121214652 0.7355840903915429 0.723944910469716 0.6888317797698199
0.5988225493598456 0.6135140421349006 0.6074074950792615 0.6166482622221097 0.6021339558903709 0.5948125609856856 0.6081500242497152 0.616616935764799 0.6751206761335182 0.6732804291523171 0.6615655118442655 0.5905405727184542 0.5776362422944757 0.5565490620948185 0.5284998440856757 0.5685089439598412 0.5290598199428286 0.5318878447463075 0.5500997988735935 0.5298173567648814 0.5712441540973516 0.5922775719891717 0.5935966156488262 0.5865260546940302 0.548086758194787 0.5204314962867101 0.5428511742318383 0.5277140703636625 0.5517674239258595 0.5651001961611267 0.5785460856079377 0.6278587508870286 0.6970106879660306 0.7052151387425283 0.73202405745523 0.725163371072944 0.719399303725717 0.7421148428516103 0.7160661165299413 0.7264363325429471 0.7459573253370047 0.7194325901139849 0.7418611709919585
0.5943718855468605 0.5750207143826724 0.5992425647480619 0.5886903245837654 0.6270840564965597 0.5912874246984057 0.5618920618524413 0.5809720353063007 0.6261411083341455 0.6039205206669149 0.627808150889773 0.5779112434251601 0.5663389504559542 0.5329850479582806 0.5625239029533801 0.5566916794215677 0.5728462280068807 0.5897327946821393 0.606980059001457 0.6000901412556325 0.5617580763378968 0.5534524629302536 0.572472866063471 0.5703812970295816 0.5528355136031707 0.5536096824623588 0.5154030114323548 0.5275399929424268 0.5207320912915244 0.5362312701012822 0.5590202126685387 0.6096974128734948 0.667090466187294 0.683947023354864 0.7499303398697534 0.7100624638682177 0.7344109174397935 0.7108426383619854 0.7133774670323507 0.7217409449737978 0.7539686042660887 0.7638815815129169 0.7283401113490812
0.5536560599498914 0.5613357236248472 0.6002120403350486 0.5842118146636825 0.6030142790468768 0.565140720747479 0.5422067148961759 0.5203917797822121 0.5276996878498393 0.5490368934011118 0.5699860488240059 0.5349167589456806 0.5437928926087743 0.5103670147675944 0.5133739526575664 0.5466554734587288 0.5861103945957168 0.6137201586944652 0.6171455160783716 0.6011417330188649 0.5496031610404265 0.5463700657576658 0.5656333575035793 0.5726605599415482 0.5674500357780355 0.5717351212093693 0.5599064204042477 0.5389628908209908 0.566451278980926 0.5567395830945331 0.5810988941241604 0.6229835775547082 0.6834299727095133 0.6658503725321697 0.680896994721752 0.701219308160148 0.7235448045026515 0.7189923573906023 0.7227927984257214 0.705393522050575 0.7547219671508876 0.7586981972890952 0.7471336713818472
0.5616759261000146 0.5590841034066739 0.5762602099915101 0.5526291665317964 0.5852521689441158 0.554979799931504 0.4988855832807149 0.5067225048219446 0.4986311754634957 0.5350896480993879 0.5417186774769549 0.5093680856676709 0.49012436811143906 0.5190565200091634 0.5186713959313528 0.5231271396318694 0.5452016281820851 0.6126197994660867 0.6194731572604525 0.5786185523173316 0.5657672822871113 0.5511076517758816 0.5798287225973713 0.5762314566131804 0.5612841815847881 0.5477172762037952 0.5414622871369695 0.5826225096436889 0.5482262570781246 0.5483385474991721 0.5648959784632167 0.6436568233144165 0.6634405856805092 0.6919750068541879 0.6933014764248165 0.6752801251698215 0.7213522107292725 0.7280734878750919 0.7594839093767294 0.7288409655624506 0.6981982017570877 0.7293981524847178 0.7907606155772402
0.5555058995240808 0.541610494767123 0.5201063117961399 0.5243368084326561 0.5658592816582323 0.5212115061777144 0.5117616980615454 0.5299349670381468 0.53767175804968 0.48752260325892494 0.4989899928907763 0.48849714714596854 0.5152010762454658 0.49609438948147505 0.4949367352580366 0.5146057734343368 0.5462381518840601 0.5820271568873215 0.57736600209787 0.5809069210840477 0.5882010477500355 0.5922765257634388 0.5827811576586598 0.6059329091916066 0.5926577817667611 0.5665022039655428 0.5913271260735267 0.5998458255075343 0.5853485974077962 0.559490495464129 0.5907975444957886 0.6233937720025484 0.6259949566759192 0.681495533904049 0.6934209916155013 0.6993286247255031 0.711046995787939 0.7188698621148943 0.748541378361035 0.7074185073702653 0.6789646160154384 0.7305197638574599 0.7794182061336484
0.5473464686253086 0.5097619953339663 0.4741963042554782 0.4850174287263029 0.545413720031014 0.5342939388019997 0.5218891432731414 0.5481707950477538 0.523812683357014 0.5132781128871983 0.4712344516767043 0.4652375496754024 0.4782046921108765 0.5025006528323418 0.48864042786742035 0.48066994055403606 0.48611072317132503 0.5502626868473443 0.5686248607078659 0.5846161011599791 0.5719689620206226 0.5581131010475906 0.589859859453899 0.5832108350999037 0.602157341953972 0.6085547521158143 0.6211960868242669 0.6253830740900181 0.5860279989114205 0.5620747015626907 0.5787269293677672 0.5964729509431723 0.6109832074784203 0.6499745322413649 0.6585495654787759 0.6619654039099653 0.6949607030569053 0.6968942227286611 0.7305641766189599 0.7151147698828293 0.6912264061384219 0.7672786197906122 0.7920277103879519
0.5267962874174151 0.4898256634348703 0.4479161654723326 0.47659856441058085 0.4672431769845101 0.4903444524963658 0.48202030120438877 0.5110341248325815 0.5103490515964882 0.4807682819395102 0.4492952509381513 0.4715360986601237 0.48815345493597995 0.48916049627085895 0.4852124453433854 0.5015436759768283 0.5019648418670656 0.4964921570949815 0.5462363397525432 0.5246556273778917 0.524324570630014 0.5419307393050468 0.5698306990340525 0.5885570924146261 0.609057322558321 0.6161805926033777 0.6509146322139254 0.6249747806672873 0.6107071263598493 0.6155001360722503 0.576175000898336 0.5847786996543395 0.6199441078225004 0.6247626876702176 0.6508726242587118 0.6582174358995022 0.6969270071605735 0.7029099261426719 0.7002036005671696 0.7433680641304811 0.718096906916035 0.7463005789259284 0.8032030943257272
0.4650999899653637 0.4196740704596307 0.4473969745506672 0.4250890068134251 0.4265968581556123 0.4578171164129772 0.5040735882945482 0.5145752943836099 0.4973824467080994 0.4443210137883243 0.42265528040112027 0.432841787423289 0.4470038672954662 0.45323386770889545 0.4848905997151724 0.4614682637344026 0.4661779970931288 0.4952133780078732 0.5007125194089802 0.5172279475191073 0.5123864836611572 0.5528655574286927 0.5667411098228337 0.5795561511499042 0.5445636854641794 0.5992664258771843 0.6261873597239538 0.5768588296823481 0.5944724867211434 0.6102862176684284 0.5957355704435808 0.587824577473391 0.5660901142732095 0.6264310741986943 0.6360566748778104 0.6310086590740646 0.7060676357308352 0.7132401873986638 0.7119444629136871 0.7351430862819553 0.7236129087860552 0.7628529950357953 0.8174922063254654
0.40168204129202245 0.3817038599035745 0.36855858915262757 0.4186771702521574 0.45042193140068526 0.4466220016577605 0.4726924718751025 0.5003589168890643 0.5069113724167829 0.4599608050061034 0.45751559173229805 0.4404903054208444 0.4832328374797279 0.48583783767453614 0.4428059433766891 0.46439722126101807 0.46911390302736744 0.4751451107496503 0.5388562603708166 0.5328457736179402 0.4981280289539618 0.5005854196535636 0.5231937430810181 0.5494923204465378 0.5818356963592008 0.5881949410518857 0.6086249904924277 0.5666286434304331 0.5884412508111063 0.5555730037087507 0.5446773331205406 0.5623762846866582 0.567498294868244 0.6093190274368666 0.6257607774174541 0.6278315507543961 0.6596876958812483 0.6515865389431788 0.6744561646797373 0.7465703998867479 0.7719223844108026 0.758748612052187 0.792979941516247
0.40675491562379434 0.39254729698007906 0.28303816031193707 0.3570097941781888 0.42669977323747943 0.44556714243201806 0.4337664301594739 0.4263867202067889 0.46176914038380446 0.45363628509803544 0.45653028657734085 0.4366598853210752 0.4725751213846572 0.4853796659250366 0.447660193189334 0.43232948657638437 0.4761871519591525 0.5306887350166754 0.5306323344860038 0.49745251044427524 0.5168127215750444 0.5357216822925744 0.5093731577564292 0.5801136450280255 0.593927849322501 0.5837359257878673 0.5678287668367398 0.5721425258855426 0.5292660302530382 0.5332438843896974 0.545849571528134 0.589251628394726 0.5934288948824107 0.6277414821093501 0.6048091017997715 0.6366716773600914 0.6144944427101247 0.6720789282388072 0.68166557988952 0.698883450682991 0.7609272525082926 0.7894726303287252 0.793042028376147
0.4298292805733161 0.3948745212933666 0.3566048610269701 0.3479482105191101 0.3942832401121932 0.44722257464914256 0.43089488868886394 0.4216798739639195 0.46191647920608014 0.45987849021889615 0.4417592970090797 0.457724258524169 0.4686970125038484 0.44751196125724113 0.43751971368730275 0.44425001395294766 0.47499379591344504 0.526355393667947 0.5529228460522847 0.5238093270284566 0.5144011890997263 0.5406455470588862 0.5622714698776509 0.5865690963144752 0.5868868853882074 0.5855276104182526 0.5348045393400275 0.5169725739654164 0.5258985953685711 0.5268024325241885 0.5303210583085763 0.547445259691162 0.5762077991519017 0.5987451462476995 0.611824601936167 0.6177167796939694 0.6528075112548652 0.6317092446387775 0.6495714660875149 0.7110555013077736 0.7182799972139745 0.7736140661681121 0.7667092370238633
