Raster_benchmarking/DGGS/continuous/raster-411.asc
NCOLS 100
NROWS 100
XLLCORNER 1743150.1186593387
YLLCORNER 5469291.629240333
CELLSIZE 10
NODATA_VALUE -9999
[rows 76 to 94 of 100, columns 0 to 42 of 100]
0.43597589422509725 0.4285193857121203 0.45134467077828894 0.4880005049454216 0.5259698044119064 0.5346665129085982 0.5510943523656257 0.548765031102817 0.533675809341894 0.5572693648967874 0.5745407008813426 0.5403599424263203 0.5610472394803021 0.5384420483135094 0.5595009100862686 0.5643320774705063 0.5365141838917764 0.5163328792592384 0.5381295362655338 0.5556493689864321 0.5521384987857998 0.5326124666960789 0.5623571025671601 0.5390241983603197 0.5074285505207271 0.5381273759352928 0.5530246213806194 0.6136081442517964 0.6206731792278797 0.612214530773656 0.647642423345789 0.6599366694673331 0.6744560664990835 0.6292881139764936 0.6037821301959654 0.5842104238343081 0.5446926874262598 0.4931263397898703 0.4794618736181875 0.5014995909774218 0.4917762950608905 0.494920191418212 0.5283546520468686
0.46724569024459006 0.44905360399471106 0.4595095257078427 0.49133301923021316 0.5296700452658963 0.5595006971136082 0.5555017032705132 0.5831230864026065 0.5326567229725712 0.547001768037702 0.5090546023777668 0.5030686989461444 0.5480578614186954 0.5323258528316862 0.53045232145034 0.5029102250425755 0.5415593849146189 0.5684479290312302 0.5550842305152132 0.5120684472173938 0.5423004047447775 0.5562707413942491 0.5443324601679493 0.5251509009008317 0.514005200412098 0.5236047141027177 0.5571117102439036 0.5607986569809356 0.6154625874557336 0.6228577311478231 0.6076196415773593 0.6590262517638891 0.6613436919046298 0.6557563015773169 0.6178721039354054 0.5489522067759949 0.5417173961748365 0.5088659524763565 0.47514253337003726 0.45855427042014657 0.4705974731973132 0.4975244250225793 0.5138316193077214
0.437954186579329 0.47809121888604106 0.48485127872850414 0.47988445067206975 0.5138011923482019 0.5503431841293128 0.5520446925379281 0.5437626337646768 0.5601332276733932 0.5584326670699421 0.5065520323183942 0.4960637923309342 0.49150524278329455 0.5199334984996832 0.5294169224051459 0.5277091095273297 0.5487287322028446 0.5451989999669364 0.5160507315173163 0.5067718170977661 0.5203146875246766 0.5552624631718245 0.500933144879918 0.5080432374587283 0.507282741809159 0.48854449823114243 0.5119589281872304 0.5277708049698822 0.5671542137790142 0.5747114759198407 0.6036255855561705 0.6419267042286428 0.6081425819928953 0.5956926909500762 0.5684551868474802 0.5316837410947344 0.5243081211183662 0.5282039874404748 0.5083264318457414 0.48886015952993844 0.49384914933014745 0.5319127991341253 0.5282541281500963
0.47742338660972483 0.464106714623489 0.4804419920112183 0.4948637004070526 0.52587271276497 0.5769505731585693 0.5556566327332014 0.5501935272156979 0.5228488773092637 0.5513348784466863 0.5375299184108843 0.5105698621014438 0.5076532607214637 0.5012479902603293 0.5149930208441109 0.5114712427129379 0.5362171295098251 0.5415441363495541 0.5128003333433325 0.5172450530603129 0.5133281521152379 0.5396780896437673 0.5297700544381149 0.4822178432647586 0.511625553345896 0.506439663785788 0.5131364353907281 0.5316422482543356 0.5447026677570275 0.561618968549841 0.5947505459237332 0.6000286069755749 0.5980602367895168 0.5824186029750577 0.5803915178797373 0.5677383920655068 0.5491564592795279 0.5291264776342284 0.4888478667391667 0.49444119681259735 0.4914920716246751 0.5190357434779183 0.533909493016562
0.5132524263049145 0.5019361823458731 0.5126487993564014 0.4887681711560929 0.5170464768842861 0.5272374233171 0.5475507737746724 0.5145853129331727 0.49499840696120545 0.49511688768568823 0.5013487272581882 0.5170491930766227 0.4977292740136241 0.4643696350040833 0.5072341918063424 0.496940995796003 0.5216685188261343 0.5252491035678686 0.5087454544109478 0.5198570799368857 0.5078376615588517 0.48303456372535164 0.5113486866663158 0.49834450425569954 0.5092885366011888 0.5051484545694147 0.5232529713204799 0.5711973640777767 0.5604409254380239 0.5414816220480202 0.5586689646786471 0.5655147816483731 0.6001337216429877 0.5873592261182023 0.5595131238842075 0.5893307028811752 0.5646355038673104 0.5559940949703346 0.5230910542108294 0.5508423329065114 0.5272510728925398 0.5289942836063861 0.5416466319810095
0.49138441574047254 0.5249264981851516 0.5086682660378483 0.5295737224806826 0.5210336372970378 0.5406451654946605 0.509276142222713 0.4670744419954193 0.49225590640385425 0.4817145465727451 0.49569222118545875 0.5190316084802591 0.492952287284642 0.4399342700911085 0.46594647686140805 0.5116726617300574 0.5499734925380354 0.549696952155052 0.5116670735730227 0.5273853179205841 0.5221324485059163 0.46186032475358163 0.4786686016294564 0.5052407159409988 0.5418583522937516 0.5080130605983132 0.534726135601309 0.5704484227334974 0.5587927024468377 0.5742740819451994 0.5437618679330393 0.5619469262788722 0.5971336603556521 0.5773615622591421 0.5676618232617825 0.5900827202512209 0.5815837230512676 0.5422866116358949 0.561110244155637 0.5531060697612018 0.5643599720210487 0.5649736161472743 0.5561398345811043
0.5136451529650766 0.5466941828868515 0.5352863871652374 0.560382046958904 0.5408880921466963 0.5033061853016209 0.47696196088924103 0.4527324182806863 0.4518976865373977 0.48555828557350905 0.49740621994926376 0.529505513407827 0.4994326810678419 0.48312135869636996 0.5064153258449056 0.5103967423188494 0.5343422783416394 0.5421265305520685 0.5166068903448598 0.5105019634671619 0.5047764664629697 0.5040403595747761 0.4824078238461243 0.5118549805240538 0.5387922605905527 0.5321279406478374 0.5600636525551739 0.5221513342016443 0.533412473424223 0.530726305621044 0.5446198068648467 0.5707854525118178 0.5654379267959476 0.525632297178747 0.5263079436483281 0.5406601960691165 0.5575032618573388 0.5387112382947431 0.5283408793968349 0.5189449540870247 0.5326568517678085 0.5119716846699394 0.5155430381676128
0.5204631209882161 0.5484348220802454 0.5402445497788868 0.5512878860166134 0.5252074237516536 0.5182631689446018 0.5123265444238487 0.4707945244756664 0.47768110524518187 0.47644535159573537 0.5157976065676875 0.5031015739211535 0.5070883954246144 0.46798389749447616 0.48396070022333953 0.5074495769744902 0.5214996252858052 0.5426243953519958 0.5149994106599793 0.5178035568525345 0.48134126687845186 0.4979243811372802 0.5163738529853089 0.5167822467711379 0.5572351700937387 0.5316453663007867 0.5252856460817436 0.5238166503129377 0.4831292372356018 0.48327077608927993 0.49261729777808994 0.5226754535791897 0.5099901979526278 0.49450742912006074 0.5259033668573584 0.5165497287347421 0.5466308790556674 0.535514412656113 0.5255944505595721 0.5156985652783506 0.5522699881959299 0.5118555298917016 0.5051907609501493
0.5128880522447282 0.5577603046827139 0.5286396253455046 0.5056698853334822 0.5219207725330126 0.5181289713204316 0.5346103025338768 0.511212334842495 0.4952299879079426 0.49759490323075994 0.4950572811997612 0.5188127912984153 0.5027278975264436 0.4746576978152119 0.4841068424631777 0.4833137980631219 0.4706398379596952 0.46585891364932364 0.49233622023362617 0.4632331423345273 0.4678292542298829 0.47297328534501526 0.47136726665550516 0.5179930259347532 0.538234021295851 0.5210477610491534 0.5292219785955867 0.5068111331342895 0.4937214866455922 0.4944060477894616 0.48811327923085784 0.481302907288808 0.4830818743135622 0.5004895200766777 0.4829257201874108 0.5250947596573524 0.5316946899776588 0.5358771519156187 0.5185190394901433 0.5109719195950344 0.5433398193614862 0.5453224559842235 0.5415037525891451
0.509750156345143 0.5357459000130118 0.48922705658478105 0.49318250105103234 0.49367690886772964 0.517587982023361 0.5340702256117287 0.5316127062416173 0.49840284178968186 0.4862043235551904 0.48869792648694765 0.534458101589289 0.47758869289041495 0.4711900781257891 0.4668129714763549 0.4766056657882574 0.46851675986801644 0.4492889847631699 0.4205698825680887 0.4169642087423498 0.42931421986586404 0.44807123611951033 0.4559478079743272 0.5197719425960349 0.5041019358393151 0.5232169597125551 0.4649634935090707 0.4505395746042388 0.46224919362246975 0.4633215574276992 0.45478748484280135 0.49820053165505224 0.48832306011979065 0.47680771425838286 0.49523112570521 0.5062544991762779 0.5133279163326792 0.5699660958853665 0.5106348315585075 0.5056198419068596 0.5295158802864983 0.5363121152749483 0.5136197598877813
0.4977595546035097 0.48003995067858285 0.5055363106169524 0.5244258855719098 0.5384286282720989 0.5289670327659183 0.5427955242297725 0.573866040325741 0.5550820989049109 0.543583651632563 0.5385918035228086 0.5041727294973014 0.491753458606805 0.4849263852114414 0.49296254845511484 0.49052153375190943 0.44489142537559273 0.42027453108124935 0.41502497377364855 0.4046153473036563 0.4207969411202425 0.4622952956828086 0.45236273989435455 0.49894278032957584 0.4987837947175506 0.4845291007247918 0.4564354903704661 0.4756845727699978 0.46334074903672395 0.4699071572215205 0.4660668607438626 0.4991453562004032 0.4857336836585564 0.5179829659021322 0.5012363663337149 0.4776851497663607 0.5101295663969407 0.5471834265478817 0.5078271203928243 0.5125733826867945 0.4942116573043226 0.5122902650052111 0.5080978889605385
0.48872286315316626 0.48143892282985074 0.49092585177813514 0.4977544071021971 0.539138513288631 0.5393468960526681 0.5361868861793381 0.5707409056615966 0.5629952282721914 0.5597360821852079 0.5478786856857542 0.5040966881627832 0.4961268239654445 0.5289053940320636 0.5019993682515597 0.4842283787805968 0.49045927392458505 0.456946409897627 0.4705877254213915 0.42388493187587295 0.4219073216865033 0.4747658815133735 0.4402065157863963 0.44971184766213546 0.4581869345161535 0.4891237091619631 0.4592158849587331 0.460599746811971 0.45160775551264865 0.451494969559047 0.49485055114436055 0.5076921012247496 0.5035564619247439 0.5069837677936506 0.4880819932666021 0.4735774326817207 0.48889177579768756 0.5172179075344093 0.505899450819692 0.5014889247358677 0.5013512176303357 0.5086790010412438 0.5082842378484989
0.49675956729125365 0.4908949445359991 0.5387608941614154 0.5411812243016039 0.5786487830586198 0.5902340287062102 0.5604512465399825 0.5485636042284979 0.5797966673735703 0.5357745907828424 0.5145002378762559 0.5425588902244713 0.5362709453800386 0.5008708666429285 0.49653404441574645 0.504828519835707 0.47639917241700513 0.49483580942781974 0.49267370970166974 0.4513749814063031 0.45370826738999004 0.467745729758783 0.4735419094602082 0.47416668380156063 0.4652671667156201 0.4689180457698694 0.4904922976360539 0.4544698936206921 0.45708216821145475 0.48270399489172516 0.46871896653154754 0.4876794780567167 0.5098445669230771 0.5080846258410703 0.4914933526781803 0.45301114867246584 0.4359366424340653 0.4647137336861451 0.4991625308528875 0.49479667228456786 0.48667438407032354 0.49460018773832287 0.5131570847157728
0.487451617532244 0.517261452036489 0.5390689990343347 0.5840868557880791 0.557863004170158 0.5928742392933002 0.5521590936566906 0.5754067842888324 0.5633806706087104 0.5294453110475015 0.5392696268432257 0.5406775583207679 0.5063965779238293 0.4981097689805815 0.5090911746068801 0.4730335589506589 0.47600592208278414 0.5205389627532285 0.5012972660002811 0.46567487312036 0.46189511106610853 0.438242911770929 0.46007275455527813 0.4998561235920319 0.4541643329772985 0.46513988443896676 0.45020509666880304 0.45280341771038934 0.45599026243046253 0.45198252889670154 0.43640365404740855 0.4776241355671968 0.4851731908785576 0.4740986478557473 0.4587067639779545 0.4178897371219182 0.406418639197914 0.4306960335567264 0.46558555532148005 0.5147574075641268 0.4863833485644945 0.5183111820887708 0.48756638406579267
0.5214295423676796 0.49383826003811243 0.5465821986947088 0.5378323297952253 0.5557505292631383 0.5850256520244551 0.579735293144954 0.5591219144011194 0.5746821936646981 0.5589014867857514 0.568453804928661 0.557248263090573 0.5281629847441834 0.5137075476482308 0.5157924212194159 0.5190240398408903 0.5023319604011847 0.5238334539659442 0.5298513658390528 0.47697288455315334 0.5002514031431168 0.4704677798338142 0.5072338412273214 0.47394856129230056 0.4886125209538587 0.46082379458258976 0.4400222752595979 0.45566521742546773 0.45212030126454367 0.45773937947100446 0.43572223719896913 0.47372903160333146 0.45554210886251023 0.469861388932077 0.42170416203021427 0.4387221415605816 0.3976734497753182 0.40236349797204857 0.42262659376581446 0.48720683307825574 0.5079568896570107 0.5164271937243716 0.503184857896821
0.5144484135411933 0.4854279555631203 0.510328389888057 0.549683214177054 0.5817684175270347 0.5909696727963524 0.5970368582750519 0.6092240872246546 0.5732818265145092 0.5515753215311145 0.5875282516984067 0.571983356630027 0.5567882414656916 0.5808849126609518 0.5595414709355367 0.5645361195090665 0.5321882438813129 0.5443897562655124 0.540619186272509 0.4962010270291316 0.5218192483796374 0.5049348422149668 0.47869409820188574 0.49091272134555625 0.4425422959489314 0.42458445402981176 0.45005543924601377 0.4758213695126542 0.45780185747024965 0.42645481490547793 0.4409172224110171 0.44223794084099194 0.4657141917132382 0.45884922483137536 0.4188835431351398 0.4193947698850105 0.4195185291627638 0.39671161000694166 0.44018021490484405 0.4329228455762056 0.4594450999469861 0.513159470951206 0.49331272302429063
0.49981840842090425 0.5011535504831028 0.4837306194242716 0.5186180413592275 0.5357042254723786 0.5437824732222785 0.5583630884067455 0.5493996495600358 0.5539497542550335 0.581485155988333 0.6055388402438662 0.6309195047150181 0.6201615038541707 0.6167095730878184 0.5865014622892011 0.5734586532998756 0.5163033627071095 0.4968249286168224 0.532818072608928 0.49496669210721006 0.49936418577978053 0.46492486221421536 0.4485974618810106 0.43228309600045156 0.469372621290523 0.45498546196856426 0.45556119652936444 0.46228891895447083 0.4362935322577787 0.4596324071455389 0.42563571002075523 0.45951878748912156 0.4593949620628084 0.44536961710827383 0.43322837338644016 0.4209786214867397 0.3859232556550713 0.3892359914743433 0.42392490992727955 0.4475194671116675 0.47400982853467466 0.4941265255555861 0.465952180243213
0.4694408419140339 0.504453683088238 0.4629369210333639 0.4980331856707935 0.5242388281880053 0.5606739091477146 0.5691435363177001 0.5731969688543403 0.5625686499305095 0.5789937209620867 0.6078026630382806 0.6468351999756162 0.6259700375368101 0.6382806214982357 0.5856238349549607 0.5396893866718573 0.5115545669252547 0.48765372402540463 0.519783956977577 0.5293247708726828 0.47590596693455706 0.46962426363008297 0.43707217525574743 0.4209800492031907 0.4400846908137859 0.43666120227650423 0.4185317144684706 0.4245221686411502 0.44980462738389576 0.4623383241249612 0.4322023645453715 0.46389717901615174 0.4281441924954337 0.420925642115819 0.4436079940029379 0.3861125073893692 0.3732147964844606 0.37322932607660136 0.43593604898345156 0.418645612308197 0.42846203174211583 0.43947477292635845 0.46510880386229847
0.4409740684196576 0.4631830656684488 0.46460541828071356 0.4960324259290032 0.5167604128709805 0.5293984690307004 0.5372372534529685 0.5571830911821171 0.5623161232139651 0.587919459086009 0.60523223282308 0.6386040350533434 0.6123930606170803 0.6037296753741592 0.5814720530624793 0.5604231913224709 0.5769302455285222 0.5396907899796533 0.512736561314979 0.5376913233160712 0.4952837122405821 0.46883388729764985 0.47620028237785617 0.47833375454945254 0.4614991186561596 0.4686407748806626 0.45021215739836595 0.44515839223255893 0.42686819842375345 0.419102553824661 0.4251064717774863 0.4193987920159501 0.42030350055843924 0.4177203628900272 0.44434839533866505 0.4339267134682692 0.39860571848526344 0.41156683542567946 0.44766055907212005 0.4753993074584775 0.4545165913609252 0.46705708038651444 0.48828472800244715
