Raster_benchmarking/DGGS/continuous/raster-162.asc
NCOLS 100
NROWS 100
XLLCORNER 1743160.8236235208
YLLCORNER 5469283.380852181
CELLSIZE 10
NODATA_VALUE -9999
[rows 0 to 18 of 100, columns 0 to 42 of 100]
0.8544339747049388 0.8150187159942636 0.846507214799051 0.8766361243632992 0.850471795599182 0.8954698719012459 0.8602079976580203 0.8056339100096095 0.8312544068540636 0.8261777586519754 0.8039568379066354 0.7995849446166021 0.8163331123314158 0.7989227979043989 0.7872972459300689 0.7877491231934745 0.7701265483299009 0.7583040103414462 0.7200631997676309 0.6836788436356044 0.6342872538984968 0.583685959285273 0.5925303349794443 0.5659262112768729 0.5491251156480997 0.5899355530606791 0.6129652761623624 0.5958994994241701 0.583870803838041 0.6078754878132837 0.5817682575998686 0.5915927210458405 0.5971205341282735 0.5805653354033097 0.5830710056065451 0.5235408530218179 0.5149117527173378 0.5035493270849466 0.4975706250055974 0.4606728680419465 0.4673572602172761 0.49451231399748746 0.4810003383100803
0.8334058790394256 0.8196490327084858 0.8649903933508178 0.8753319555536566 0.8643681481968546 0.8569435073628014 0.8473182309204361 0.803869600539331 0.816045089400816 0.8131389499648685 0.8425586664488661 0.8044210844334069 0.8327531687493934 0.8044076175692502 0.8353691750567828 0.8131429754587931 0.7416576942292336 0.7600425812331497 0.6983972516851285 0.6928450967125936 0.6898110103211643 0.6584025728077263 0.6214886831988155 0.5877644670974365 0.5613008307679366 0.5470984355370431 0.5699130997257452 0.5364073656937245 0.5466332138803239 0.5927317768123118 0.5983366634102242 0.5531320346815102 0.5806125246491052 0.5298942835335387 0.5565624262525343 0.5602293710319954 0.5412563044757054 0.5202086418791468 0.48805199205437255 0.4677781247300584 0.43646310831856094 0.43500697365986835 0.4796858928965463
0.836190422700629 0.8402846001372238 0.8670457358420918 0.8394595067640213 0.8500306094660027 0.9129595843217926 0.8630676130485117 0.8402926008128637 0.8164945000857273 0.8054265794787632 0.8213433716950822 0.8431317285913518 0.8295519017126118 0.852779766051765 0.8279326789030759 0.7876315437973997 0.7626077481263168 0.7449841495774179 0.7110316756808335 0.714902005658971 0.7101860882215688 0.690784137728487 0.6704864189284324 0.6169079782029817 0.5777717666359158 0.5649702415193176 0.5344725341022794 0.5136075394250984 0.5268234221221345 0.5378068667823709 0.523527675655172 0.5564575429986816 0.540001049560494 0.49737376240000164 0.5400269006289004 0.54575112038857 0.5188128466297189 0.49455713389063505 0.442894790838407 0.42086459047420915 0.4079331891271419 0.42640051781110705 0.4108107533198162
0.8550692857705675 0.8701233885745877 0.8905879776175823 0.8534574885731523 0.8899721550668623 0.9067049808736258 0.8840476010781084 0.8899517735500069 0.8356891491501003 0.7893574738254134 0.8036564161066 0.8303165055410373 0.8557882079774429 0.8515222058309388 0.8237079060677268 0.7953376192449516 0.7716970147540114 0.7760584555524145 0.7683505422340786 0.7521686741349269 0.6924578112492481 0.6560391215539801 0.6649527666293306 0.6051762695030872 0.5634398870293652 0.5505211079517666 0.5188690467962085 0.5489408478186963 0.5379189485652948 0.5130300508743267 0.5022447445290148 0.5316486332784064 0.5244184398011414 0.5144127544323932 0.4778096992463339 0.47838897463391933 0.516928206378663 0.4512061106776421 0.4567950671003914 0.40326373417249994 0.41732248554313095 0.40427551086688923 0.4070673062995396
0.8696894086879652 0.9179772729484045 0.9071253931908848 0.8844649350723336 0.8937257448998842 0.9401243568993614 0.9348485644580099 0.894532905113738 0.8234650784170889 0.8185182078656267 0.809630600509404 0.854926077275822 0.8192466027438731 0.817254363402092 0.8252708683293566 0.7602500152988075 0.7867356225810097 0.7901500370712619 0.7787186636648614 0.7285323975362156 0.735803814469391 0.6854850912392303 0.61148283798686 0.5793696034368803 0.5392739478284817 0.5205669194374181 0.5349509966148386 0.5146507848769305 0.5166853972818655 0.5173982188156259 0.5161918453482529 0.46800173249466115 0.4626797811108183 0.46824614169089673 0.44757999996706926 0.4785043709573182 0.46154571800030253 0.4389260044237305 0.4515626425263388 0.4157055728817256 0.4109832557709165 0.4052633053949558 0.42208329166893893
0.9135443519383223 0.9479232412455727 0.9116712649656662 0.9202408854459768 0.9512969404654039 0.9489804549400355 0.9226042732067505 0.8849499891109253 0.8421858691370923 0.83937473832773 0.8610284034544858 0.8639634180251753 0.8490924188520024 0.8314292938671832 0.8030888129681829 0.8052742213823137 0.7931089625584296 0.7746264652267576 0.7665234098307452 0.7549950909487437 0.7298211787158254 0.6649431756657382 0.6050923921368417 0.5985589557035316 0.5521997721430515 0.510910406864802 0.5225366484253354 0.506165949273933 0.551124291863635 0.5068918001903 0.47228092857208526 0.442115419532792 0.43972390975467357 0.4496415099001439 0.46210380308065885 0.4151739710691847 0.4146011947656134 0.38224727340209286 0.3843402748264435 0.39538125959387554 0.402908556174549 0.39449618120803953 0.36928418065084434
0.9587572311547761 0.9615902881092385 0.9442731068697706 0.9526352226456352 0.927959066595067 0.9169508344375652 0.9371309701547375 0.8989155597592093 0.8838570881347827 0.8248877146259086 0.8414632283335534 0.8887864350570065 0.8898910102754835 0.8554942125749084 0.8484125315354442 0.8239169994397972 0.7978951574046924 0.7404775292931396 0.7462053120458682 0.7399189271540547 0.7189577410114457 0.6753230102890843 0.5937724497054111 0.5769867162872276 0.5177665724005709 0.5238352073383037 0.5073562309899099 0.525001444694334 0.5459867662588784 0.5426817719628351 0.5033536646074902 0.4511537714029416 0.4324627017776218 0.4481628762541496 0.4380232515499662 0.39139408615070853 0.40222093641610623 0.37058039579766505 0.3753718654654861 0.41167860118787103 0.3700734948671586 0.3288192410743927 0.38435462968558765
0.9438978651859476 0.9724161380152399 0.958055584398389 0.9140603413014481 0.9238563637294688 0.9348998982485802 0.926594772726309 0.9054527322495739 0.855721331242 0.8537255895566187 0.8567608693107485 0.8934400576311872 0.8946501238272239 0.8582275030983154 0.8609956694850042 0.8685833005636291 0.8400160220951092 0.8044203166730263 0.7782501259970873 0.7371677814873198 0.7257451494316111 0.6923644035576414 0.6198650571928703 0.5502208957838276 0.519403781952809 0.5026855894338349 0.5366150395731548 0.5367166393512655 0.514303196188857 0.4971276483380511 0.4704254720430062 0.45326332785943585 0.4338485864994433 0.42245097771919543 0.4334304771858619 0.3968942814933444 0.38589723643706414 0.38388776738885205 0.42247328166173265 0.4101800885467884 0.41199219290709743 0.36240046034817386 0.35971769248713115
0.9747138784466669 0.9372772454604811 0.9140628149268664 0.8822530101203173 0.894885400258161 0.914449439978386 0.934338960785345 0.9018099069176776 0.8921866994149038 0.8927433826236618 0.8750956923223738 0.8888368527668036 0.8894127683579358 0.8788293738117341 0.8815915354254673 0.8535415499488297 0.8515376685028847 0.834103107835421 0.8036966752390079 0.7629205223942347 0.6878763520859424 0.6343959608353319 0.5893344768024212 0.5680143103442662 0.54919901290736 0.500618820139353 0.515786147363242 0.5362657389906128 0.5199969745644384 0.5258157659423411 0.5027193505061607 0.4738538418901673 0.4469716800809261 0.4313665803773963 0.41284436953012243 0.3925103474455297 0.3908126330254362 0.4229474702705362 0.4053993860417918 0.39664157945877926 0.39300706726290796 0.4108626266924272 0.37004434511406054
0.9361854314274511 0.9620392963393176 0.9446588270181162 0.9268668683134379 0.930749056404861 0.8906236664598026 0.8957087826857901 0.857218885287195 0.8644246989494322 0.8618870010355212 0.8448781062753 0.8323933979561906 0.8405463056327002 0.8468255366780606 0.8454931049228962 0.8565819075616664 0.813804405698476 0.8177562188007282 0.8261737222986018 0.7698729853057695 0.7093006709917065 0.6265006816821388 0.6021162567794122 0.5923635895130098 0.5522028815458392 0.5545633333962106 0.5539447932693091 0.541768240497995 0.5063814720995955 0.4764940521281616 0.46954418457767555 0.4938293729363099 0.464895120617025 0.45407517225075245 0.42081878366660197 0.38329579963898935 0.4056440522010079 0.456778126226001 0.4642255044803974 0.4628540687345139 0.4095241549439639 0.41917811717019765 0.3795628333276915
0.9289120691300521 0.9563827690516409 0.9826827962844139 0.952228651353808 0.907782478423962 0.8670545871277022 0.874959474836706 0.8544657680803719 0.892787812278277 0.8797896288911857 0.8449306541039909 0.8286730811861889 0.8347246417091316 0.8373713784879507 0.8454791772412015 0.8050127503279251 0.8115444208323347 0.8613494477282236 0.7752625341394773 0.7365241807119569 0.686828593334662 0.6368513260299311 0.6043728367695395 0.5798001718949298 0.5354177915557172 0.5613391474896822 0.5335058679560866 0.5339923061477833 0.4700952523937371 0.44911229673484554 0.45826161494568923 0.46745910880260644 0.4509160017973155 0.4003469290669032 0.4253992136756578 0.4008439408196743 0.45794579449235645 0.4838318127482506 0.4597091693064951 0.4681511441522324 0.4325202533572888 0.4191041831006296 0.3718857935149729
0.938961565727199 0.9676436259127689 0.9661813977990411 0.9378642177405075 0.9256301464913278 0.8857692642820643 0.883558399058417 0.8751382554760143 0.8645533228298775 0.8706544308239323 0.8832773012081448 0.8325492782809035 0.84786828659066 0.8530576855845134 0.8399827248686549 0.835323223608136 0.8508922389150002 0.7854074419789042 0.7410181375594461 0.7104365159321909 0.6833073814527514 0.6099616898111129 0.5942381254427014 0.570749295210863 0.5248845041209524 0.5087520858257464 0.5287823059778105 0.49432849508061305 0.48550332759750603 0.4812304762454309 0.4692939730494152 0.46743238319110836 0.4247234121032726 0.4467221886286977 0.43401396838044676 0.446715516844791 0.4488934110917817 0.48785225481666705 0.446074882947586 0.4513154672792282 0.4600534719478973 0.45282080465443775 0.38421077221687633
1.0 0.9861480650940785 0.9323772838053297 0.9354782498586087 0.8872424632936438 0.8428854268289995 0.833328042636376 0.8629984742963285 0.8725554886365555 0.866589767165427 0.85630222977631 0.8452254464693961 0.8536926534211021 0.8431610841018736 0.8105953971882888 0.8520761267942828 0.7928631575770426 0.7822324358950447 0.7259227073589327 0.6820068241795373 0.6314086407065987 0.5794452170916151 0.5873420922435781 0.5577622227636199 0.5410632143457266 0.5097978510835056 0.5261080018310953 0.5177605925207994 0.521766010987901 0.4938920556771469 0.47921133429306073 0.4607789642986509 0.4670340756817785 0.4623252874660876 0.4640460660593957 0.426311944998178 0.48689735668375494 0.487863921659518 0.49081636928138234 0.4494239906291246 0.4757582856121749 0.44535779839074313 0.3949023380733541
0.9904663288331732 0.9395942587455669 0.9161460118614059 0.8989557510423241 0.8671780953542986 0.8618813435932392 0.8420836495966495 0.882457921282069 0.8566330606175641 0.8319484346527747 0.8466608943325289 0.8477256556372292 0.8382238557871599 0.824361224879398 0.8077732566116539 0.8246102713218482 0.7964523504407269 0.730708186904039 0.6856085250348687 0.6570468357425558 0.6558008948970191 0.6027249019347881 0.5935410027219691 0.5696223571720292 0.5507958891914528 0.5132733498012743 0.5011416964076061 0.4949035521818233 0.5050975459889386 0.47504753953418877 0.47189598801785143 0.48499908459791374 0.4582688155153154 0.42747227974616775 0.4384834699783467 0.4662400198868912 0.47594362979590576 0.49530297703977344 0.47939852358897056 0.4511918367954436 0.45627625214578854 0.4566207038773956 0.44207390244337536
0.9428492051362054 0.9273855034701953 0.9182639745703914 0.8857127582604934 0.8849788254624066 0.851860164043765 0.8322807728855014 0.8837207032834264 0.8653218398311615 0.8625045223863766 0.8544525353416564 0.8412111902671383 0.8240553598956987 0.8468759675440549 0.828255347818366 0.7918114621763515 0.777155282435423 0.6966038750976384 0.6553113435173691 0.6616454872208374 0.64062196343222 0.5992894234951661 0.5730038897616403 0.6040188542788985 0.5807880825590768 0.5354128839445369 0.5105688920886345 0.5189476437949889 0.5015048290126253 0.4868482093368765 0.47427961986113293 0.44660349409729466 0.45144549148072144 0.41683759144701643 0.4363435590963273 0.4545341993331618 0.4662071104674058 0.47752372367600177 0.43933141280879867 0.43441418784414815 0.4549817380836333 0.443226613388375 0.43822580302488334
0.9434702440422612 0.9124004755694786 0.90719401133282 0.8444594459202046 0.8348667375730032 0.8480765667382584 0.8536043176751735 0.8729352627041187 0.8726230278860477 0.8331526445134377 0.856986989587623 0.8494211056770001 0.8484761592160154 0.8177272644794873 0.795422847775039 0.7581767433794174 0.7325737847909594 0.6748909172433105 0.6831995039858976 0.640133686210936 0.635983936274966 0.6057942809611457 0.5695578576551832 0.5844938766516152 0.5822099456074425 0.5346904903199158 0.5555074614955287 0.4913740713699269 0.4871309979165396 0.48628869756121573 0.46570082752006514 0.4713516822826574 0.4809790317614277 0.44265884891663576 0.4407436667059396 0.42569256631680313 0.4347334335609045 0.4296154208740684 0.4422768313366929 0.45800668286287416 0.44508910564956594 0.4144671367088231 0.43095077753014144
0.940896445194785 0.8979342012582038 0.8726714041356396 0.8242017499345742 0.7874085955898847 0.7802317649092803 0.8096125799154731 0.8096384061929689 0.8205444460196065 0.8222043301480378 0.7914363467953792 0.8319341711604331 0.804368286781665 0.8209553344572802 0.8034865224445257 0.7519915976938832 0.6927029476313347 0.6893532585806693 0.6695725409032687 0.6537569692513405 0.601083133899326 0.6203206330352853 0.5611177253752188 0.5538755869652284 0.5394963010043794 0.5650789832364886 0.5595727989052235 0.5123337186496678 0.5026426878084577 0.4584575030438524 0.47514059355419525 0.48715326074563764 0.4967378985881631 0.46828188179927877 0.43604269559923564 0.40654293959579 0.4400546810092092 0.4474465233142908 0.480744951705677 0.47566802387897605 0.43689175651016393 0.44973520298625647 0.4533059191247295
0.9259710603001374 0.9166375206425528 0.8542584628448934 0.8260211219864441 0.7884347356746723 0.7663073234382507 0.7469603522473431 0.7637863221782978 0.724879890379208 0.7506726807059865 0.7571789883213658 0.7930136888545375 0.7903747523863293 0.7617670646794176 0.7391033427374095 0.7277933703835983 0.6870345642113003 0.6947331667531964 0.6402139861142637 0.5939458029154251 0.5915421394422414 0.5925289249227541 0.5462974135385559 0.5106411764208761 0.5223470571500095 0.529336018604209 0.5019933730926054 0.5079153296571133 0.5273525844934775 0.5144080865420724 0.4871338723326058 0.49990790353356857 0.48794940732322944 0.46383342247874765 0.41168577369207765 0.4238422612157005 0.41194424923045886 0.442488779858293 0.480171173306134 0.45079501651030973 0.45410868912168406 0.4468060192582464 0.4590245824378723
0.9189603793252605 0.8832287310546111 0.8743513419394521 0.8592144632010571 0.7925525418234785 0.7563952956627886 0.7420861242051643 0.697194211968547 0.7200494378840457 0.6699203513202284 0.7566141519465402 0.7834557183793487 0.7740378615907827 0.7674338762125392 0.7343847891013308 0.7258177400012531 0.7111133081062787 0.673585519457084 0.6290572880985253 0.579726888700152 0.566165087668798 0.5514632144344291 0.5550790154648865 0.5181260598803236 0.49126991754253796 0.47993152805106215 0.5106074092473298 0.54868370365193 0.5223185060531463 0.5122750062049735 0.5184199056355568 0.5326227803885686 0.4874196967925936 0.45015244609861044 0.4455445729299864 0.43284467203044924 0.4669987704831241 0.4537599019641633 0.4378287507791366 0.4394095011711806 0.47527116073896525 0.4182841161893823 0.41270611084919395
