Raster_benchmarking/DGGS/continuous/raster-137.asc
NCOLS 100
NROWS 100
XLLCORNER 1743157.3051697202
YLLCORNER 5469290.633629098
CELLSIZE 10
NODATA_VALUE -9999
[rows 57 to 75 of 100, columns 43 to 85 of 100]
0.5632704177798765 0.5813364849486037 0.5634194668887202 0.5702176035429276 0.5753760287474561 0.5823892688417485 0.5969619268997985 0.5964493463460537 0.5696214773503993 0.5469854741386617 0.5546410416800138 0.5762834037773242 0.5581853781458952 0.5515893243065674 0.5575775005187615 0.5442877913006907 0.5388368719298967 0.5630931066618232 0.5395679842961866 0.5500817985967615 0.521057619842598 0.5093275969826299 0.48829097882400335 0.4479262177777732 0.4349306755294437 0.41073318629103245 0.4200597869236058 0.3897187584043173 0.38657871122635734 0.35450914521371235 0.3376728805553372 0.3364969898468036 0.3428538817724921 0.3500360114515702 0.3322296185391928 0.30123512214391834 0.2828041346648249 0.28411712018512486 0.2893383918319165 0.30313906374277616 0.30956578461199585 0.2981471579328986 0.2941570024246453
0.5716177582768186 0.5994694554997184 0.5840239827853108 0.5718335852658814 0.5716557898641561 0.5945854057422744 0.580281174290141 0.5868911509833339 0.5757833462114116 0.5609652946589218 0.5603331724299548 0.5772155979954446 0.5834850312218427 0.5907520208705833 0.5610511390991182 0.5560663790337912 0.5498324097826709 0.5590870383884872 0.5489304974999292 0.549294691951269 0.5234372249972844 0.5137125008815798 0.4893705849595425 0.4476898607786176 0.42706415463238967 0.4114437532656178 0.42720130738811213 0.41006573491269643 0.3727113093454261 0.35011526814772786 0.36169318188156274 0.34300701765254826 0.35269106082952245 0.3703601381053356 0.35774366046653394 0.3368618095242906 0.33096755552051893 0.30691247732504673 0.31088518118567765 0.33721509987891296 0.3307066123705817 0.2882167114962437 0.3053455428229209
0.6029108625405193 0.6180883236473169 0.6052000053172367 0.6001851002191795 0.6036344446215135 0.6145469818261401 0.5926371495092195 0.5887620711820517 0.5879521503853031 0.5742931376579148 0.5799753155289054 0.5817472555835043 0.5807509553004153 0.5771640107664294 0.5727217216866216 0.5591440668590244 0.5619775308871524 0.5606550823863977 0.5510682929230118 0.5341851347798362 0.5416632387079233 0.5004188539806792 0.47240202706170853 0.46773803796932006 0.4574591168276454 0.4469391365912248 0.42779298247329284 0.4040370335963101 0.4020750544514721 0.3813860852690846 0.3753626371449801 0.3707843188705461 0.3712798472243827 0.37365371728003666 0.3514881736744944 0.3606766151361015 0.3412034733468613 0.33189471014517113 0.3202568499523485 0.3313050442560083 0.32429561755300046 0.30654097154275445 0.3230729296551445
0.6479868550342966 0.6328720402067014 0.6311083410586638 0.6431935477437675 0.638566576338757 0.6188227107280524 0.5883120303835168 0.5764723149909088 0.5843638121634905 0.5824992098874137 0.5696204698765354 0.554902918127677 0.5740752310226148 0.5583481993642034 0.5678423985648418 0.5762510741513818 0.5566099092001379 0.5527849733342942 0.5326288470999374 0.5159022805322306 0.5318934003322178 0.5244394833052213 0.48159176273470455 0.463937839775063 0.47376451229154826 0.4577991014245803 0.4390942996022865 0.44115289976161953 0.4246324732340159 0.3741669770003676 0.3949491332817118 0.39796291274552426 0.3876151494632852 0.3847215834978764 0.3613258371629703 0.3504355743713175 0.35257082683758795 0.3574289875356175 0.34450532100608533 0.32897140943860576 0.3353863147961018 0.33217293568791745 0.33578736547019644
0.6691645866459628 0.6690188428635236 0.6455791769080643 0.6714988764199546 0.6592205644215106 0.6179557503456555 0.5967074145576164 0.5996696852212064 0.5780066626411366 0.5809642257441249 0.5693064444793657 0.5588643646965955 0.5700939630445874 0.5673884212662077 0.5622930732571351 0.5707591595737478 0.5604721269863513 0.5430541793906434 0.5487432754670807 0.5129314645824771 0.5112386948607226 0.5186865424612358 0.5105399905075063 0.5032779964530207 0.4872947937558038 0.47748505788259465 0.4552610644174042 0.4460126519629385 0.41707613620945244 0.4045952339895687 0.3984839374165446 0.4017020310127562 0.3990612891633287 0.3783738539925986 0.3743325286942115 0.37275724112319236 0.3627955429651289 0.3496838250885057 0.3372904467065064 0.32882482907720406 0.33013005746553303 0.3482056534397081 0.35710125887122796
0.6899541561547363 0.6747210780608067 0.6679675051621159 0.6909812434187496 0.6535575490556155 0.6381299895044231 0.609817373866359 0.5846436067481767 0.5962196443812868 0.5944085182323379 0.574297663812772 0.5750262316923732 0.5715857703032038 0.5915978013697847 0.5691691180492651 0.587024565389209 0.5695095011588525 0.5485299473019576 0.5253711916977009 0.5255842675120181 0.5236020272238869 0.5328791335579637 0.5180740645115982 0.49359293654265163 0.4954229845749168 0.48108696689913927 0.4422599820660376 0.43564369516280294 0.41898958582879625 0.40422509793925293 0.38577542007774085 0.3864176166942349 0.38673935088033595 0.39167937505828027 0.3715655927453682 0.3691401158455936 0.365183281870896 0.3474948111959923 0.3436848029615078 0.34590950537359455 0.3485820068604108 0.34468385847783584 0.3938389474905403
0.6915450387684332 0.7001991721338188 0.6795939532685532 0.6827221849691 0.6757405528143562 0.6568711527839295 0.6360058813540268 0.6122886620046014 0.6215098536080708 0.6098890875226266 0.5869594655314816 0.5710402407137255 0.586122321606607 0.5903128255974651 0.584728436361363 0.5884076912284439 0.5628060251736265 0.5576205070791049 0.5356306983133401 0.5522109858873249 0.5422490856226834 0.5450386395299822 0.5294322821255409 0.49976682953780605 0.5040292248732319 0.4660471874329887 0.4494673816930845 0.4461757833972568 0.42024934934461416 0.41833715055771153 0.4105775987087302 0.3953287355937868 0.398340540378831 0.39156640083167954 0.3992167315149772 0.3999766417406844 0.38508199321190256 0.38275106766412287 0.38650118251950033 0.3655909064093293 0.38239233571966147 0.38391487089182375 0.3883372044876561
0.7126347008742511 0.7085526505932467 0.7053975202455265 0.6866874522421722 0.6724149153840612 0.6400767740930814 0.6383945594799235 0.6437193470642535 0.6148044791332828 0.5996490334539829 0.5819931934285453 0.5834247060421378 0.6111407597836281 0.6120995820358655 0.5983223423947742 0.5745162805323484 0.5668512771608951 0.5564518051743352 0.5663503668176089 0.5655258607317454 0.5581289263599942 0.5410444032554307 0.510555166701372 0.5064877591654181 0.5135076742797122 0.479831702237808 0.4581385735886978 0.43699995021057075 0.4418228404003448 0.4113949533674791 0.4265945975517204 0.40347479229907457 0.42967401225463414 0.430116652883856 0.3976981444562469 0.39002949492131994 0.40724817898404475 0.40887416960578826 0.4028782010810113 0.4027902631211343 0.3951741753713909 0.3895427543291754 0.39485344684163115
0.7252584302404271 0.7258748952167446 0.7041786150091683 0.707499537764006 0.6899777883142639 0.6739167097427899 0.6517451603636986 0.6560212307632625 0.6453125333885252 0.6189032673906013 0.6144555644166139 0.59760129722619 0.5995782006863375 0.5925898822326056 0.5932966768112808 0.5933484239681348 0.5637203515021314 0.5518144083877724 0.5536118014098464 0.5626702463328902 0.5549657793862528 0.5532233539629743 0.5279855115119646 0.5139614538978412 0.522105752687133 0.5112910002666241 0.49014508828426173 0.48449344309924514 0.45632228332302677 0.43633510986107077 0.4228845813502928 0.40460836558889146 0.43250672294246 0.42699893758529295 0.41778378516854026 0.42397138265236256 0.417087299877936 0.4332160876156464 0.4061632659490199 0.4155755635741389 0.390263547910951 0.4066373156471373 0.4276052305243201
0.7436450041549727 0.7328172320888412 0.7292594252461863 0.7253655574203677 0.7089804188878779 0.669456788855899 0.6515448773070265 0.652074244481872 0.6403119018987429 0.6514870807106669 0.617007739072158 0.5951587579273018 0.5818695725128277 0.5734936628183742 0.5871996367559211 0.5920797729571838 0.5809110300592272 0.5699908259727625 0.568013391603091 0.5601120767054928 0.565809208233387 0.5616076286908189 0.5570978194719476 0.538660799666937 0.5325846580102819 0.5133910666708891 0.505025207246408 0.49615197384809107 0.48226182427069025 0.43820914728904364 0.42837261346115696 0.4171637649677573 0.4460451994286642 0.4423016159318551 0.45023526773282757 0.449974828615369 0.4283377347687405 0.45522776478510424 0.42250521258191825 0.4114875116521284 0.4005691428065044 0.4134544950348934 0.4404686286460234
0.7530224207154035 0.7575036780433273 0.7466054889353274 0.7304699089143715 0.7006407365909803 0.6931408793406582 0.6700563421845893 0.6704322030006734 0.6545248987461133 0.6409632252021231 0.6083728182736925 0.6110468979117125 0.5920937691207421 0.5807113895632386 0.5717136653251821 0.5519301252892684 0.5439170941893926 0.5422712273704421 0.5646143860665737 0.5593627070767335 0.5578085686778296 0.549096763853114 0.5487672670431049 0.5442787708560338 0.5379408292023657 0.5071801901509752 0.5008057829193225 0.4928592694525494 0.48397658798861554 0.4709430256675878 0.46294167687583143 0.45725018538439877 0.43173475754219953 0.42568256363503915 0.4358313162777178 0.42778625956844124 0.4371651959062654 0.4420303417395407 0.4351704465806262 0.43581655591835455 0.43353698265733326 0.4375289268949014 0.4277663197578569
0.7667292931456116 0.758404431850569 0.7323728258000772 0.712867141517451 0.7160020485751312 0.6961737158766086 0.6716210351110311 0.6695798455335906 0.6737182320788583 0.6536321905142541 0.6070234902298643 0.5894059239835097 0.5879933093973716 0.5705597990912118 0.5478039716257069 0.5255266460076952 0.5188673962496897 0.5295661737807267 0.5609317949090177 0.5671679751996447 0.5676032922602731 0.5470226924810497 0.5285282686363468 0.5415949058486824 0.5323565001019616 0.531908982792781 0.5281618811350403 0.5118115709624057 0.5025897665196404 0.4824407488033168 0.46394855156508996 0.47202865882167333 0.4391453958781539 0.43152372760421104 0.43964823493458544 0.43344685752794865 0.44851664285980275 0.45840494627893785 0.47186330023022405 0.45973884711232266 0.4520157262333817 0.4297741579056367 0.43257713096192646
0.7604051592978551 0.7587460668556489 0.729172908379062 0.7269181520359502 0.7061604820808797 0.7191170694588154 0.6999737183286937 0.6876047729948462 0.6596782468719332 0.6527414629779559 0.6062530683359598 0.5945745867532357 0.5869415566258244 0.5579549597665708 0.5605566888393179 0.541004290193911 0.5141147762238968 0.5359498495888647 0.5363859999133002 0.5635609829527389 0.5623609491256337 0.5495196508892634 0.5287755041540546 0.5160419786012855 0.5100866856379013 0.5194266389603358 0.5319041436875469 0.5144291282153013 0.5040850289096235 0.47400262028399515 0.4651079435823306 0.4597877911179255 0.4646165053694592 0.4533676441040797 0.43701474867366935 0.4466799407848621 0.4634879860338487 0.4520451204897574 0.4745198265265277 0.46896012173044194 0.44604749903632984 0.4344069431181336 0.42837613597556723
0.7504851258597736 0.7366051748206797 0.7334336449293662 0.6980551876696456 0.7089324627773674 0.7172975883392777 0.7064140016487963 0.6719411293807178 0.6574893551739412 0.6405447679952458 0.6228978673266475 0.6015306308075706 0.6037138322628082 0.5757637891774992 0.5473155245918487 0.5149098772083932 0.5334860394924151 0.5330664157546293 0.5526774556116727 0.5436447867174312 0.5518750854496478 0.5522832073657102 0.5418698094994346 0.5169186428397899 0.5273448792692553 0.5153559505758691 0.5259529044303574 0.5420917129163446 0.5070497214942533 0.47257706573289043 0.45773995577482607 0.4743245198123002 0.4512671356322118 0.463776426366223 0.46189412256170026 0.47556861911871795 0.45694771694650255 0.4514320264582168 0.46676790104419913 0.49960692555930925 0.44988684029086967 0.4548465835359324 0.4237624359717679
0.7425989586227982 0.7347933913612827 0.722029422280828 0.7205997842511549 0.7164102309991465 0.7252392087991545 0.7031965130067597 0.6708621114999368 0.6599537793110304 0.6494347103054989 0.6364752785172828 0.6320717935537686 0.6024850311675823 0.5917456838583396 0.5781828283118358 0.5605696836011116 0.5469705433671913 0.5347216569134104 0.549953025615907 0.5256234341722317 0.5417702770365619 0.5169402675358428 0.5182100979701721 0.5044290574709498 0.5272223794307909 0.5199752325649841 0.5322939207777038 0.5502213182397081 0.5185645799944222 0.5002519120359508 0.46798121693001105 0.46641360174314306 0.4646270695024095 0.46583187703376616 0.47387043033507237 0.4639166685446009 0.4718322926236369 0.484382270352233 0.47466188332537795 0.4690581769604971 0.4631146331820101 0.45650942145542905 0.43028889193645947
0.7580385643782902 0.7409796134613325 0.7284567649464934 0.7031112704709642 0.704123770125263 0.6999725986645418 0.7049980814616089 0.6846713349487089 0.6805597258304379 0.6696650888470215 0.66630289025574 0.6512118808048767 0.6022904298555244 0.5927919522874788 0.5675066102723217 0.5692482630272823 0.5454476469466184 0.5446212120088674 0.5527403598394071 0.5234506703671207 0.5280527470464195 0.5054655953901303 0.5088209896747666 0.5105468439617631 0.5424132163289047 0.5511848181800705 0.5355531301231339 0.5493084614670238 0.5027550920346269 0.49436122067851623 0.47091445064566484 0.48290479966705485 0.45504316201195255 0.450729767040749 0.4630197872720785 0.4628798578537416 0.47614794858790604 0.47952113398746404 0.4818267623249371 0.4650718419114705 0.44966003051054687 0.4385734754367864 0.4546759176780089
0.7779306942326841 0.7387645246282541 0.7346130898365925 0.7145814456667603 0.7139614022306836 0.7014753180520135 0.7028724599372168 0.7020045302291791 0.6991659117431124 0.6675547569836223 0.6564701260474465 0.6477733390431037 0.6182203971701871 0.5889088003420456 0.580266227115579 0.5620111540564102 0.5633369887345214 0.5544279932542029 0.5411498783255089 0.5177925380937309 0.5176947681857589 0.5152373846052641 0.5251751542279065 0.5089418784270469 0.5252274439954716 0.5359144072302655 0.5424306263924822 0.5282940109292925 0.5131194211922033 0.5082574966054418 0.5001134562419461 0.4811883138590349 0.4745107618409839 0.45537619494011683 0.45406934152283496 0.452479604596392 0.4746724106174868 0.4562988845341397 0.46229406628461034 0.46618134675919803 0.46612791783019886 0.46909428289803307 0.4694513536150915
0.7685694597367346 0.7646301727346314 0.7683666652208896 0.7387304407494378 0.7353479269843046 0.7059562994321458 0.7273023615822946 0.7221898141501976 0.7174875203924392 0.6700401387492235 0.6784676178478951 0.6652993949949736 0.6221671546389962 0.5919545970268892 0.5728877222677129 0.5713659723396926 0.5602645018636266 0.5727132189612283 0.5553467938019028 0.5118503974426438 0.5344386180041433 0.533218291918342 0.5316978266098038 0.5286593478813321 0.5371267119764382 0.5475577737579423 0.5388424663263742 0.5456389002375922 0.5385153755311013 0.5075038389509893 0.5024122691058869 0.4862830094203995 0.4726179267447396 0.4602134083170822 0.484063984861633 0.47243084828969334 0.4588740495587488 0.4371358629396075 0.4371042384776767 0.43299306437451673 0.4696106255068073 0.4736774628330241 0.46649885593647367
0.7841351153155756 0.7598890717241851 0.7734483685293007 0.7731334035555469 0.7514071095996083 0.7476029162664013 0.7430844807936162 0.7289654269407807 0.713324289668582 0.7103238921302003 0.6678072733146269 0.6706273115984017 0.6458455515029028 0.6266539711467676 0.6000734472927912 0.5841615115529742 0.5814825844058104 0.5710027359994517 0.5491921247969105 0.5516240188031629 0.5561513422875107 0.5327653800931194 0.5353877430456072 0.5271377276374563 0.5268041803077487 0.548307553265181 0.5227998065519077 0.5163180956317973 0.5335691032055573 0.5170036858599512 0.49515923597928524 0.5103359382433642 0.4886256002101194 0.47138590187903445 0.4870399535117914 0.47896526019878416 0.47006414150748876 0.4597074871172629 0.458888457244465 0.45329906664813335 0.47892826705483943 0.4789945409506871 0.4782552771285168
