Raster_benchmarking/DGGS/continuous/raster-483.asc
NCOLS 100
NROWS 100
XLLCORNER 1743168.514655503
YLLCORNER 5469286.636351382
CELLSIZE 10
NODATA_VALUE -9999
[rows 0 to 18 of 100, columns 43 to 85 of 100]
0.32238423280868655 0.33640686481557225 0.2961998679819276 0.27184975343777246 0.28656460664208555 0.26929202087115517 0.30082132835120323 0.2960499613181077 0.2702697731315048 0.28894291290318935 0.2902061380764118 0.282086403225076 0.24546176886577273 0.24367458553447463 0.22631419363712724 0.2508574097522039 0.2304688263006783 0.20193541536671566 0.22453435941478267 0.22396049705973847 0.22500389414009142 0.21082619928531293 0.24539547679446833 0.25033698967143775 0.22911318622866392 0.2456109798495288 0.20867078964114313 0.1578579562113386 0.11479910803969862 0.09464266790520824 0.10643785085408375 0.12298142604025543 0.09984752243870136 0.10145425293805536 0.07705564609202767 0.07341771335535324 0.0890414767781073 0.06345098906599236 0.11023804373016781 0.11032199471020596 0.14916577063064143 0.14184275452140618 0.1454050381365052
0.33012923303459724 0.3206446130203674 0.29116983060013557 0.2863639227137009 0.31412352103333935 0.31400971410313133 0.312025683701393 0.2847286260246497 0.2808050230143363 0.27054446393708026 0.27452193253926666 0.24605067694450708 0.24754143939250367 0.2418655826989228 0.2667943810186554 0.2362250823375587 0.20950030824055482 0.19762374149272072 0.17119648018835515 0.20601493677302718 0.17862817992523458 0.17204445740124066 0.20471404569972126 0.2354564587865304 0.2238045201871614 0.1837984199351511 0.18202937501729968 0.12963346168173287 0.12017460529772966 0.08127917786635847 0.08556900556000127 0.11654060980275313 0.11199723626583376 0.0938496411180815 0.04527268407888277 0.062750444599491 0.03997182296103007 0.06066632490282267 0.10065082861494928 0.10380095334760049 0.12064234752778404 0.11258375787216261 0.13659417229624168
0.3253272446876687 0.31441074615288234 0.3110760901401166 0.3105437745056437 0.2709048449604663 0.2720597577029142 0.24764234654320041 0.25984750402385887 0.2947919641968487 0.26503628393357576 0.2721212904001625 0.27537120385287134 0.27132186231425104 0.2764222600956485 0.28622055931686646 0.2546276062788889 0.2338273468341304 0.18893128354944375 0.16713192308340946 0.20084410204832223 0.19488758419623328 0.18200759732975616 0.2030004029297399 0.1867271069684749 0.18985707366187216 0.15716338104977445 0.16502600075816973 0.1386013907690354 0.11239541430696981 0.11004894142084012 0.10188646887530858 0.12655486174650543 0.09885998942146382 0.1051737248180623 0.07128918727544993 0.02363298467580165 0.033937761715438636 0.09199586975309261 0.11722035259807038 0.11879068069446713 0.13080918455125906 0.12423202994434965 0.17054430778280058
0.3608440655994236 0.34846382503223894 0.31384614198023664 0.2818626914819935 0.236134520331145 0.23125135302468336 0.23038566303289865 0.23837122058712346 0.2800873747962701 0.29664295988441136 0.29926999281549876 0.2794242843232974 0.2581312569229026 0.23693586600324826 0.2493245696462564 0.2578154004074153 0.25735707968956434 0.194485605755677 0.17544324664930877 0.19604609712306204 0.18410750424126748 0.2087585746090693 0.19157021219176099 0.20254684939277787 0.17033963143062983 0.16504663513687523 0.15227094385254858 0.13893020813872525 0.15490800758183268 0.12778568826000056 0.11626935331706231 0.1124021397361442 0.11920741440114865 0.11039300517413586 0.07817404529057342 0.020594432199331988 0.02322353836784292 0.09660349526353725 0.10102345532290784 0.11562373216814498 0.15737648300954132 0.16082914018332126 0.17790853961925182
0.33849243767748977 0.3658030921586731 0.3191930119787709 0.2598609748869143 0.2509214599124842 0.24180874151942713 0.24899770554540623 0.2673848515485477 0.288298615993726 0.2668305467540063 0.2592122131797504 0.23476655449112538 0.23114784926904366 0.24050383554068303 0.2655448437318849 0.2663341135823183 0.24158362954302626 0.21054995012255362 0.21173303078199118 0.21001459283352122 0.20827922299980867 0.2027834277324478 0.20976018858482345 0.17061680941155247 0.17491554454458866 0.14188662838830238 0.13798763151961008 0.14442151552496918 0.09827514427278393 0.08926654788484162 0.05829176217952372 0.08647673224819169 0.08908165504194333 0.08441751210493027 0.059683633942068805 0.03141908698335644 0.0560323631098786 0.06929148880675576 0.10394854365779603 0.13090916568748842 0.12541966590233725 0.16678306500444962 0.1478201053083949
0.36919986787863374 0.3520104916163534 0.3294504195115418 0.3044520500263844 0.25540363838563296 0.23378091439348733 0.24095031427667143 0.2419429308330786 0.2611542180874776 0.2410474298538613 0.20511088420720408 0.21534359643392958 0.2385026126798628 0.2093733690130205 0.22834465889781067 0.22764044659199315 0.23221060475635527 0.24256592840903823 0.2368549988678011 0.21752482513058533 0.2089655956865122 0.2018494548143138 0.18562968893021445 0.15569221940531186 0.17242008730538635 0.16430022806105052 0.13541538379353657 0.14066055515633694 0.09524484780056583 0.08016871560179928 0.04063583281569704 0.05384079456888682 0.039283578092512136 0.08533675661548566 0.07398624186179582 0.06301011081467078 0.029536627793951324 0.06663058256218597 0.11442117803714823 0.12423717733413239 0.13378752871666058 0.1412915296841106 0.14333905481424897
0.33026563194921954 0.3492171363883551 0.32545449520020064 0.28858794165408175 0.2644423553526386 0.23989919817450456 0.22173980996562492 0.23426814477349678 0.251649654395218 0.19552843468184455 0.20117368337173042 0.19742969150408143 0.19166742065353193 0.17463310160050521 0.18925603986916978 0.1631891434880456 0.1856188127099596 0.21021969131384602 0.22529000558582105 0.19186566962529789 0.1907619040082252 0.19308778890141937 0.19176491638507334 0.16056826713160055 0.12840449706631096 0.14345202559656686 0.12654614245487 0.09856893999498267 0.07478932538815816 0.07295197557042311 0.05272326954538067 0.006287467244063885 0.0013072745590342154 0.04369703469849225 0.021075307992988148 0.06503470037679156 0.07065186070045608 0.06082861766886898 0.12830577273374916 0.13084074834991152 0.12634050155710164 0.11729357090761407 0.1351642479934168
0.32089992250699184 0.3223846707155655 0.31894497182111253 0.30744763450600493 0.2896395077487251 0.23253129404968254 0.1930178795459024 0.20894152241177427 0.215731295186778 0.17627420329965962 0.16111937548085573 0.16364863303798416 0.1732683163659407 0.16598238459752032 0.11670544753628959 0.12520409626863005 0.16709094878781638 0.21714517556205093 0.2162891720508668 0.1937962897779959 0.20406022849634223 0.18818258748028718 0.16679616141578563 0.1446901174761929 0.1014549685874866 0.09464141220438063 0.10635118881372077 0.10443110325381783 0.1011349079315239 0.09069867633820931 0.025992408272425896 0.003133982723063604 0.002696729086849219 0.03240874646647931 0.0 0.026654847240699265 0.055227025270791166 0.06741537879960555 0.1057485048570802 0.13864737377466718 0.15031250659851517 0.09791177339800688 0.08689485511105186
0.28275315422786845 0.28626442435092636 0.30747316532702246 0.2887585988934261 0.2871927615209984 0.23648292366821982 0.21695887276871606 0.2171918301197029 0.21220560739307778 0.21299255142811374 0.20489387386950947 0.17947040651231969 0.14667260367166446 0.1440570763919559 0.123195742240385 0.12737260560944624 0.18128693349750186 0.18178471408583194 0.17577439829651406 0.21009576207573388 0.1800639273879272 0.19539741424653798 0.1551419951108688 0.12012525089808998 0.10595553689404318 0.10743053930093613 0.11465929831179394 0.08515263749707258 0.08008719175427022 0.06198504002862533 0.07336634379454939 0.019362287167373662 0.015274132670607484 0.04198593934348465 0.07996285445811974 0.0844751177793376 0.06177787720742988 0.10480343562627012 0.14272965313378974 0.15487913841569032 0.15683287633959586 0.11167634471374002 0.10330550220420368
0.3118932815297032 0.3187022112768917 0.28427283635855827 0.30327603798986486 0.26348590348466683 0.2794569472509683 0.2757912057185417 0.23903200921143178 0.23130241239076788 0.21149424974546088 0.18087759730579261 0.18967120556030437 0.17082282970561696 0.12854121646257285 0.12316735853077967 0.1316933047720551 0.19944120765960008 0.19165811966406526 0.1529158128979756 0.17021627076690407 0.1698295232341751 0.17420339391900772 0.14785210493773124 0.1064512023309433 0.10642679554223161 0.10135594958626819 0.10051345636089769 0.12097885191598895 0.11715143988891974 0.11376451908163035 0.09412818050030561 0.0709193267068234 0.041111038943909654 0.10579718490293455 0.11090434373617239 0.0856860880874239 0.09987520100965055 0.11063483059507369 0.14282869732176712 0.14073876774680774 0.1337038733491533 0.16077565420560497 0.13866708023515079
0.33290310646356 0.35448942179333404 0.33118626012219426 0.30587791101250356 0.29529458495202665 0.3035602121704179 0.29754163992123794 0.25550977970920524 0.25678360969199465 0.22616604238823448 0.20570288907711884 0.18856432734464126 0.15837908837974968 0.1132812180605215 0.12768238988992625 0.15737289778965344 0.17133034826155663 0.2087937211269689 0.1549642414307971 0.15404882392742564 0.18223837888454583 0.15789089441939666 0.12379093529298202 0.11178295776772161 0.130040558772031 0.107485219731748 0.15284449672949774 0.15581993356643603 0.11328904562613754 0.10755441539825293 0.11439813553460657 0.08690537979747537 0.12156669861367758 0.12750166437626376 0.14162094011633447 0.13639645604926895 0.1263916948545614 0.14147067005249084 0.17614485916339528 0.1455729270260805 0.16438214942486323 0.16139937515286565 0.17064984121158766
0.3846047132640211 0.3940556415255576 0.35420399847609163 0.3228812664475066 0.36355114963463514 0.33956678429231735 0.3136186002145409 0.2600540624326149 0.27521302179967017 0.21763220789762958 0.22778919715025522 0.16377040036166135 0.15663860087358156 0.14435638141054222 0.10284205527203165 0.15857903730664857 0.18944164889205056 0.19770133065518433 0.19762953617432744 0.18571895103772307 0.19151092093927818 0.16798992942561017 0.14261947126880004 0.11743330931458419 0.11733681127796527 0.15854056240540515 0.16611438600553047 0.16975693312556359 0.1730355508091185 0.12038931534937992 0.12315880799439195 0.08773669215196588 0.12941002047081906 0.1583798384315556 0.17215262060501726 0.1881099555465045 0.20515063551102017 0.17281489522817733 0.18352720020477928 0.156585355985001 0.14842061332982073 0.18839522673102435 0.1617625875069724
0.35758453492264836 0.39513612865570313 0.3853229821960275 0.3638159081603335 0.3584959380826048 0.3486329918430208 0.31346430534352315 0.2627903415701958 0.25337580132299514 0.20978477933414177 0.18326181346703693 0.15035638626090825 0.12614482638840158 0.15507416683208092 0.1581118750966284 0.1380016627998133 0.14864685934430036 0.16714464950060623 0.1989269180715394 0.18639071830501452 0.1662251682787116 0.17181031340683628 0.14741892585011793 0.1607444795336565 0.17326827648026744 0.1660491963680082 0.16119580863749322 0.1470402475148989 0.1367701298517784 0.16066239932518314 0.11983555019795203 0.11063107080484254 0.12317840379222754 0.1490094220441514 0.19107927258333665 0.21579245553810766 0.24182134142311584 0.22345221507070362 0.17194326840352073 0.16624497537697622 0.16628926943992814 0.20160337395004913 0.24051113979932257
0.3964423713673318 0.3594795464989679 0.35379931469493037 0.3673889498640645 0.3620901631475073 0.33446842345636546 0.28009746401300273 0.2503415874185772 0.18441950485404598 0.18086546788480767 0.18866817062055294 0.1497830394104894 0.12027004747273064 0.1421243201092293 0.14107955909652337 0.11451812143635035 0.11893372687343078 0.1599434129211768 0.18277825731622077 0.1721506204359091 0.1707588286162877 0.1905967996740513 0.19240176772855405 0.1916588496445536 0.15550288286017355 0.18098444541508596 0.16832127487482237 0.17199667351207423 0.16844515797410256 0.15767070052189922 0.11572930083649616 0.14426639665408705 0.16901177489213567 0.1774984726658707 0.22857347326312877 0.24184906617304625 0.22301666080219507 0.1995313220108259 0.20228186202211343 0.19918842244602894 0.20840429460100202 0.2328507734237657 0.277671963750403
0.36656228627196674 0.38779377927923975 0.3813192493695434 0.37455977252842493 0.3385950846966531 0.27803445011685723 0.24627190382883749 0.18587521066702914 0.1576630584984506 0.16109264114360822 0.13288052796924277 0.09569593526363032 0.07668719351269285 0.08769975151302624 0.08732666732878844 0.12178655552394466 0.1350367706215401 0.16187744715321267 0.15903012667021263 0.18348654321175334 0.1888323558138891 0.20220384643814537 0.19503140899183255 0.1549334486525928 0.17105187982093548 0.15503263683246638 0.16598899606502468 0.16793694423622846 0.1342794255648083 0.1244395989231174 0.11238430425601492 0.13847464443491841 0.178250806148673 0.1916735063491221 0.22230595877821077 0.20373378832400715 0.22877721031200599 0.21714351630793835 0.2528507369744155 0.23311320350980133 0.2725345034415923 0.28334939084893773 0.30807690462335696
0.3368918545055084 0.36510120456288214 0.39875294458160937 0.3695307967638607 0.29679261186443406 0.23751782708513383 0.21886055534293572 0.16456614864114083 0.12972398744477193 0.13366883179942635 0.10788806060049608 0.0902212255409645 0.06910151449670074 0.09478873084539677 0.06926110338170971 0.09351764158557248 0.1186409960163048 0.11706065274215786 0.13420654301667725 0.1501991275677093 0.1640053559639332 0.1531982457771165 0.18458931136566034 0.14613894434709376 0.1173771685340382 0.11164756460154318 0.10323859469635208 0.1386284194404032 0.12837533887976857 0.15516707598138849 0.12723408426265181 0.10883155949407661 0.14705808570694995 0.17864573698437783 0.18066161171304942 0.19178126958183317 0.21027832007888364 0.2548282709072439 0.2853734449801633 0.24934603781061787 0.26857077425114656 0.2987872656695628 0.3436020108603152
0.3484656172082518 0.3257885723877509 0.34341164632944277 0.3239214700400238 0.310596008480816 0.2560192221245449 0.19845747289429616 0.17323958213160948 0.1663688703526276 0.11525001718496518 0.091580155918384 0.1089285282335888 0.0963038413334952 0.0810508066090835 0.09777963892907567 0.10097339228052093 0.10539480740165932 0.15244014253220534 0.1462038722124442 0.11862226139515449 0.1531292904008172 0.1598213014676057 0.14492748716343845 0.11122220482982116 0.09927685796956148 0.11832046323017975 0.10295531351911992 0.1327792109102686 0.14713424974241396 0.13921038867300675 0.10656171207461457 0.12259420882184362 0.15282224935973418 0.16090385079729694 0.15321290351237246 0.18103881212360148 0.2040580343781557 0.24750807166653344 0.27623510013553365 0.27837837824690637 0.2828933152055876 0.3131154149588214 0.3242177722474922
0.3381749876915604 0.30421854877948146 0.2863085572935818 0.3151107075062846 0.31402162751500745 0.29712387141837987 0.24507562684026296 0.17305115191131146 0.14860923256854375 0.15578854948947204 0.1378757919541739 0.13544298917215974 0.12577317098209212 0.12297522841633719 0.07341062370013743 0.08735213239602402 0.11049156544977204 0.12317659794148712 0.14512522804629008 0.14197132344618435 0.13494726227603804 0.14168002422990597 0.12801834544673 0.09684712794070496 0.09898565486886433 0.13945187770016232 0.14482558746048624 0.13545214798738237 0.09586829468503354 0.10560669870269199 0.10435052776049898 0.11948072636151955 0.11601182415418464 0.14880783500488615 0.17107746807895516 0.17448787718445938 0.18966803314968284 0.2418005787263463 0.2393946523955295 0.25555048652089235 0.2881344217646699 0.32438128597535953 0.32732584622543276
0.31532555890271474 0.29959299310802384 0.2707338673919053 0.2650104672836196 0.30232769078827776 0.2898830612810462 0.225905898006944 0.19613545392840015 0.17416607901036282 0.17270175731681572 0.136815711479723 0.15764019975094834 0.14104016471603203 0.13488986197023814 0.14853472410378546 0.13284037754232048 0.11115905873217888 0.13838655092753235 0.1652734261873655 0.1632146255516835 0.14323000005578343 0.10872180341094011 0.10670760672212692 0.12644112567461918 0.13780601238177015 0.09985108051533398 0.09826567949143558 0.10698073381782007 0.09539509932117271 0.10517129806070151 0.1237576449689745 0.11679413517127804 0.1339335601571996 0.14423418617601003 0.19488484039866713 0.2103439264025086 0.20133184137372956 0.23986195678306868 0.28015473580418293 0.2787366156389729 0.2596344344005584 0.26814146893567686 0.30609204323122846
