Raster_benchmarking/DGGS/continuous/raster-17.asc
NCOLS 100
NROWS 100
XLLCORNER 1743160.4157030499
YLLCORNER 5469284.678830207
CELLSIZE 10
NODATA_VALUE -9999
[rows 19 to 37 of 100, columns 43 to 85 of 100]
0.6298187261387266 0.6561220975625018 0.6837108602398158 0.7064872614351768 0.6716507152443236 0.6373101290535896 0.6199581832710128 0.6529516456253907 0.6617883992129657 0.6224817890550598 0.6184001859818851 0.6061592042105405 0.5854221748914558 0.6069349344361226 0.6195214680236897 0.6176274667648011 0.5902201723837754 0.5876337071270679 0.6221723374196123 0.6526003300555862 0.647877700518054 0.5950724777063201 0.5821129616320232 0.6058175166079744 0.5825772442939171 0.5945944861962481 0.5930247468178236 0.5924393786124253 0.55637903433119 0.5896089402931872 0.5761700505800103 0.5614575893121203 0.5638628459399904 0.5966822483127152 0.5897884861260064 0.6121559091943558 0.5741841452500162 0.5733421135007506 0.5578623605534103 0.5483964305228788 0.5237176899737371 0.562050124429532 0.5314438945978256
0.6415010643580801 0.6803207128800093 0.7044911491659386 0.6850219302516564 0.6862518258712027 0.6495379933299466 0.6369014677574556 0.6241845353600353 0.6399290277592371 0.6455557211646635 0.6242539330137059 0.5898489481695836 0.6058898389830224 0.5718407559248312 0.5717578326037817 0.5699781981487883 0.5809304063361425 0.6179091993807588 0.643420586393431 0.6557936118773062 0.6373384192190991 0.5975613715554084 0.6195788564771052 0.6186171445727918 0.5988242816230522 0.5857632993253736 0.5923712148504844 0.5867566686666867 0.5778971696012312 0.5769171767440351 0.5700384246282454 0.5811880810389384 0.5793998652021674 0.5595461866405333 0.5846915245816607 0.5785483416679796 0.5567355022165223 0.547819823680688 0.550785971719134 0.5381983216342872 0.5328257745762751 0.534651142527729 0.5323210142581576
0.6564146617197943 0.6722018886811041 0.7012821121545708 0.6982210634253451 0.654212719217375 0.6451501738255759 0.6428131519210699 0.6168295943603795 0.6262038395749416 0.6378914102497036 0.612596736891494 0.6087324928184947 0.5878503735611809 0.5482296245926518 0.5366022262724724 0.5403800349405874 0.5602622507567527 0.6108280090680769 0.6125055389065638 0.6626600682376308 0.6238627036703032 0.6163394631573204 0.6324426530293522 0.6404936896025574 0.628294747205532 0.6299422605773529 0.5840972314306172 0.5968428887617497 0.5543223244519063 0.5606055319886066 0.5777892331110239 0.6012675735430487 0.594595206355277 0.5666679815205352 0.5595205185306008 0.5374113323143049 0.542301258873474 0.5670813312059002 0.5464192037261653 0.5479312232912552 0.5200998519454665 0.5104603082229521 0.5110059366341551
0.6241678966115921 0.6553784087222699 0.6632019643213606 0.6844624087079137 0.6549864140073537 0.6633294487359824 0.6182065419461804 0.6076461803037692 0.5964844202859921 0.6288943692497325 0.6008006245992991 0.6009095183148948 0.5541721599748819 0.5676171090444304 0.5274926184642917 0.549605907394292 0.5505765994327471 0.6108436125446332 0.6204987490874344 0.6443398995236773 0.6224649298663204 0.6105474029389165 0.5937799977999046 0.6225444976672606 0.6304219047322139 0.6146908252974503 0.6079334030633929 0.6121241471720802 0.5730760489951362 0.5829346860979955 0.589849803052571 0.6080611594903902 0.5794213719164687 0.5615439099650302 0.5694675787933965 0.536825754570446 0.5256926390197169 0.5368501984442393 0.5124802993341335 0.5334597200993499 0.5369043305707487 0.4984017707869776 0.51643869458218
0.6050774187589367 0.6587443751282857 0.6646671076609921 0.6587675947134719 0.6327117034666839 0.6612336303978045 0.6275047288337899 0.6111252951451497 0.6147893028583424 0.609101269097072 0.5775788217537229 0.577420498563497 0.5602622025702687 0.5599758223052544 0.5229304301978 0.5088663057995868 0.5460367669072436 0.5959530795321186 0.6163427849999426 0.6210219839354446 0.6137526315434463 0.570619258945324 0.587991884262528 0.617863730801455 0.6155483526552025 0.6049023071523713 0.5983333359809491 0.6046456200861041 0.5667981511145204 0.5910551801242414 0.6028729557801149 0.6251986673146654 0.5789077620393832 0.5533365831015766 0.5402635532070762 0.5317047082139476 0.5274784484688821 0.4763079094060125 0.47068333585089955 0.50239018498037 0.4843114623180859 0.49667057444999746 0.5051687141938975
0.6545764840226677 0.658348318468513 0.6577016402180788 0.628454698977244 0.6273249873075873 0.6424069533983787 0.6247724063360135 0.6147629658125382 0.6008744791603502 0.5993878266569717 0.5766488775336388 0.5780575616300407 0.5792896229427805 0.5566014451336478 0.5436444646866065 0.513492654673646 0.5285121604351487 0.5515377709855354 0.5828606940462211 0.5746603461044939 0.563070405867458 0.5467760998534498 0.5984265555921956 0.6042136554421667 0.6094636594013512 0.5975941750596477 0.5835691286265814 0.6035491318052156 0.5792510760011657 0.5853716012454372 0.5853422684421101 0.5736709389112851 0.5786807615252866 0.5632907042031203 0.5071983281585164 0.5213344443271224 0.49524524488451177 0.4700564454392229 0.48044041559513595 0.48994074913312013 0.47003285126285327 0.46132643546109703 0.4707877084174969
0.669451310983092 0.6540792667114605 0.6374988929443616 0.6409468322312052 0.616907294638546 0.6046083683686059 0.578776075870522 0.5759886466807335 0.5583299865877996 0.5432441542064352 0.5483767153790018 0.5352373585151239 0.5674471202262802 0.5565710778291623 0.5116088486575309 0.518902334678527 0.531268956541541 0.569518426450362 0.5637750258117682 0.5611928697735156 0.5396412265150924 0.5279325157913067 0.5696692426977409 0.591362370796265 0.6126332189816922 0.6049910576211514 0.5759438699576086 0.5768451880722044 0.5708580417851721 0.551284322663749 0.5379332003809809 0.5176901525007706 0.5465044825510587 0.5375523065506019 0.4785911837779463 0.4622386790576068 0.46480033309052887 0.4559925424614961 0.4536529761652775 0.4523547745624228 0.46843572592102756 0.4369068455903966 0.453844935658119
0.6326280779795824 0.6217534798662929 0.6082959960856336 0.5994819555338355 0.5922316833890515 0.5987492519893056 0.5858463682926817 0.5979921296528361 0.5855684033410703 0.5477230245014051 0.5536705404884458 0.5490310588047622 0.5360345778074347 0.5423691578812082 0.51175200562996 0.5338286076869524 0.5254642766441193 0.550970726528714 0.5366903925618296 0.5451074125215207 0.520386605579567 0.48884880761988353 0.5085447727481127 0.5656997317949289 0.5722579546340135 0.5675314636511734 0.5710811922361104 0.5745720289413797 0.5740311343712149 0.5256300099256809 0.5033258614816527 0.49585279481524486 0.5273640272514327 0.541604377508132 0.4909685226997547 0.46140794111497363 0.4443908979935939 0.45641437557778414 0.4686584664100195 0.4554777695389586 0.42697756233688966 0.4309994506840743 0.4405938262665715
0.6426498575186353 0.6387139372982765 0.5890793406978927 0.5812452135069596 0.616124747585284 0.6212371491295321 0.6132099964147788 0.5670601697042019 0.563691226509019 0.5815867114208847 0.558269595896828 0.5284780428110756 0.5094549995884161 0.5072300150146443 0.5015873329692788 0.5214630299735529 0.5455056989910595 0.5535910704611642 0.5160013273841869 0.5034057954775454 0.5208210469935269 0.48719780393690393 0.4827411492262791 0.518925561828969 0.5359861692963869 0.5099085583845873 0.5290302805069083 0.5789891475106844 0.561684532864014 0.5152895895085582 0.5207981700450223 0.48870158501336347 0.5081293323427155 0.5194442148519514 0.5005573478716766 0.4613622262492358 0.4839266457846373 0.4817921464567201 0.45749405358385786 0.4701112003332362 0.45470481003541824 0.4226342879253136 0.4417906042070661
0.6517445258895043 0.6033881893376056 0.5724616512505898 0.5689879663787901 0.5990906564253832 0.6292261099179182 0.6239961535912155 0.5879948754258975 0.5985626198850726 0.567583072860386 0.5511732773145773 0.553188442167577 0.5192382861080912 0.5352261314280915 0.5426412190555546 0.5060109749976269 0.5219228446364237 0.5309936655423751 0.5008266041282505 0.49179290936995884 0.5130836514811491 0.4934810675249293 0.48052176864460455 0.48775370414248126 0.5196540768591038 0.4911977515642297 0.524007260801529 0.5424069890496842 0.5180915394700814 0.5114288428591545 0.5076641277039289 0.5099474476602535 0.48855896037455593 0.4845201800788179 0.48799069793232147 0.4707066263640015 0.4824165355251728 0.4662219003496824 0.4682515103066995 0.4511744769174307 0.44352174634176944 0.4542908432541894 0.45304360273863187
0.6305888195763898 0.5957142061460826 0.5887337083485723 0.560103352621976 0.5847834773992749 0.6053784745866695 0.6219429082738435 0.6114342094737117 0.5938471305991739 0.5684627682475255 0.5864068938808076 0.5640155447938742 0.5673196445830219 0.5546069573057368 0.5448163153380297 0.5233423450808014 0.5229297519619741 0.4888726378862482 0.49906639438024086 0.5111321472741926 0.5087062965925102 0.4964327167150648 0.46238206534803444 0.48225666810248724 0.5012657651488711 0.48479658550271376 0.4780733961529939 0.5056705655691603 0.47847607349691906 0.4584390869272306 0.49109019790565267 0.47868577598358236 0.47218061541346623 0.49730281101525103 0.4604045571541346 0.4467618543084743 0.48012828235496197 0.4621463453158418 0.4745027372508303 0.4627312666193806 0.4484960208112293 0.46723673167709606 0.4492977247917448
0.6519221849074832 0.6434473752707589 0.607995107437032 0.588356024216471 0.5986827272223685 0.6252153253777245 0.6144623917843173 0.577491748611904 0.5912543641547408 0.579046324755185 0.5778237862160477 0.5722732011006749 0.583537515643172 0.5749749521319342 0.5421857775671088 0.5471893278365892 0.5079896037233851 0.4877159474185402 0.5014110653064154 0.5064421823710407 0.5036314574518176 0.4808699076363545 0.45293596292045846 0.46337103774269023 0.469477164136287 0.47038926754463983 0.47131872411200143 0.4957364974472603 0.46520020221259717 0.4944350745475709 0.4923163151006059 0.4638110251657979 0.48000429355400853 0.48971814788155515 0.4613288076898596 0.4675137575229422 0.4536616869760504 0.44042949325696173 0.45481759382566583 0.4856313661066973 0.45660851496891797 0.45985126007302085 0.45119551617502285
0.6507854899328827 0.6798697870670449 0.6481836043229156 0.6093675716453857 0.6211084812411571 0.6332487196295629 0.5994354928317466 0.5600635483546601 0.5996549920663734 0.5977513695391322 0.56196673905514 0.5714612107230331 0.5809335032046147 0.5674911272452566 0.5398923853335098 0.5613048639006164 0.5385083505155009 0.5065091362333636 0.5216391935737785 0.5133339622765843 0.49030398832840233 0.46874175210560254 0.4676227168539195 0.45077490575252366 0.44630208807025845 0.47778931117695966 0.4584158663688648 0.45604574542698767 0.45226629936053137 0.4949127636190502 0.505400659378017 0.44988865795116134 0.4845141195996204 0.46424562211214093 0.4503743359333974 0.44659327043833863 0.4690385310806592 0.43236234501809845 0.4728222131616583 0.4990592883187575 0.4626748342081676 0.48590499630355627 0.4725430399900497
0.6658468146601584 0.6723672462991045 0.6457013563480165 0.6168497548629978 0.6238693995579326 0.6233731826433753 0.6085203081858221 0.6038018037718887 0.5845802985302451 0.5893170758015138 0.5568589974123429 0.5356456564240177 0.540260756046305 0.5322356080115983 0.5336007811163379 0.5493371842937308 0.504519881654904 0.504527321221056 0.49243945988002313 0.49982555781990057 0.49042404261521344 0.47210678933418726 0.454059343125745 0.44478729721330573 0.42460902856777744 0.46308830660671635 0.4326243877759829 0.4612101810455111 0.44898969024124147 0.48135339888305423 0.49408692094975637 0.4878509791537842 0.4532469471607495 0.46818195397623413 0.4797718288017313 0.4704902130095957 0.46660048490972833 0.4381917282954902 0.46450040112052476 0.4725621969686118 0.4536580126478096 0.46572922687772866 0.4413329577427046
0.6628948936964387 0.7086285303777154 0.675333033189538 0.6169495202875601 0.6453268719163754 0.6262374277780294 0.6109618773256117 0.5877136076835375 0.5648477478704875 0.5484953264503065 0.5602153751980045 0.5385927014080364 0.5332922207965533 0.5742509276191179 0.544277750086529 0.5088149797858378 0.506898361279993 0.5002089483559213 0.46266139300144266 0.4651592951356853 0.44655686745053913 0.4271574560021663 0.4142221627729186 0.42856574083543403 0.4388232190614787 0.42841286320164035 0.41406496895953765 0.42405285141508 0.4417193499671075 0.47223421997483894 0.4804280353204216 0.4911057200529266 0.4724575612814282 0.46646810927761895 0.45911659258578236 0.4701000772565467 0.4655096231171195 0.4363379706360407 0.4385852025042406 0.441842439466965 0.41624576156433063 0.4045932597198146 0.4018273827474516
0.6778833035246958 0.6937165892875624 0.671380315678395 0.6500115270292475 0.6393110448450814 0.6291220227128771 0.5969290401449933 0.5615329313315401 0.5515070667465735 0.5595254911909275 0.5215799237149135 0.5213542981743781 0.5332096827183069 0.5601040649557253 0.537357266357715 0.49790476337437817 0.51378779180528 0.4974595976622818 0.4591607891671352 0.44522859029599743 0.45951045392644685 0.43205969414235346 0.43131654725663426 0.4210780036198691 0.4337382688674157 0.4286571383316244 0.4122450731019315 0.4209541160761745 0.4213330015125564 0.4243223715419907 0.4541116950130469 0.4776382752207768 0.4576372011641195 0.46367361209666896 0.4718676207773434 0.44889143216372684 0.41277096735012925 0.3895106531224055 0.38643346533248396 0.3817538244903477 0.39798444389206133 0.4087310874937462 0.4082202731553866
0.6887558337416884 0.6667612559040821 0.64276968563606 0.6667019236235455 0.6380837827824325 0.5980053936626614 0.5688292684827387 0.59546614300658 0.5726101681579373 0.557050279608604 0.5204518669282472 0.5072744975542918 0.5337728036921747 0.5172789136672126 0.5108663216347742 0.5131844915815605 0.4785846781086392 0.48629530288012046 0.463633554413425 0.42779640923781614 0.4587487134292829 0.44984907350505265 0.44971457783453844 0.4255992540994397 0.42540806549801796 0.4159495955328922 0.41335332414290105 0.4418330848448549 0.4410330232108852 0.4384870879077017 0.4757034624494283 0.48497006272637355 0.441109055490753 0.4616725065026396 0.447914593493332 0.43132004372757615 0.3979741067844477 0.3914433256368268 0.3925983942722244 0.36301551071767 0.3789931214000256 0.34245417722963656 0.3843972777387647
0.7127300792945449 0.6964787203053172 0.6519969592788208 0.6635017168047411 0.6108832981425888 0.5972209620729917 0.5714099009834336 0.5723081588778959 0.5507021951707808 0.5472636395011642 0.5041335892533098 0.5087329345778117 0.5203679319480445 0.5279782144262856 0.503610382698664 0.4962959028558911 0.4840571829526468 0.454617761562907 0.4322742230274382 0.4253435287187917 0.4325759260553202 0.4315842698227627 0.45161156819336384 0.42486829215878075 0.4447559443010585 0.4558212351825814 0.43160588701736513 0.440812348493847 0.4648805775380481 0.4849402187948566 0.4852566324549559 0.4754460227542745 0.43880318514787764 0.432775898080434 0.44904229504063603 0.44859022961634487 0.41454469411823597 0.38531900959539195 0.3701096564803256 0.35450360859191526 0.34790163721254663 0.3575727445024003 0.3647544207539259
0.6745261752127977 0.6763757365620288 0.6516802417116618 0.6670240172494188 0.6369338719344292 0.6030451308627562 0.5558902072037293 0.5317074439083657 0.5402317715182726 0.4970944708080426 0.48776728581699 0.47944851438266484 0.4698928980308112 0.49569036456782467 0.49615488380296807 0.5020143743921068 0.47895168756294754 0.482720626263615 0.46526989800325896 0.41536271053822527 0.412950443553884 0.4364671891129784 0.4523322160955575 0.45882791845589915 0.4599216460070708 0.4490888064144117 0.44878532411951105 0.46366386847231794 0.456025090362315 0.4905357660641279 0.47310150553163044 0.4426986565885969 0.4588237127842717 0.44701222593663764 0.46165124208187036 0.42642098614685353 0.4269097767385267 0.40675183044298213 0.3571543572050251 0.3352678867392056 0.3581972682770278 0.3361719897962131 0.3556708530867976
