Raster_benchmarking/DGGS/continuous/raster-408.asc
NCOLS 100
NROWS 100
XLLCORNER 1743154.5358712429
YLLCORNER 5469294.877344298
CELLSIZE 10
NODATA_VALUE -9999
[rows 19 to 37 of 100, columns 0 to 42 of 100]
0.2482403789290555 0.2413786618526002 0.2511441220886584 0.23733735461569086 0.24459813718049828 0.22839736775390987 0.27434676621053766 0.2784027574663333 0.24555623298395565 0.2913740412172485 0.3164095162608636 0.3060589438340205 0.2789066604064462 0.32597269426550735 0.3626382252857701 0.38440921299309166 0.36783557725341703 0.3310925915711052 0.33954466256173355 0.37754542080643927 0.4120519531077585 0.43629101074208065 0.47430155968051085 0.5249624385041949 0.5491736759119447 0.5125540274035655 0.5096528114202542 0.5143160436571887 0.4839395332275575 0.48814164812149846 0.4665833525074245 0.43488165242197996 0.3970851811580891 0.3985705841684932 0.44814160372492556 0.47887499751562285 0.5081287578532787 0.4831552467533335 0.46383085458848106 0.45592597220870995 0.5298709281795803 0.5439321508285041 0.5212787307734109
0.21639529182455222 0.24789314715931027 0.27224736623376333 0.2784431781809257 0.2678311204750341 0.26109764914290134 0.24310820145952614 0.25470875890164135 0.2090706129071696 0.2454764104574982 0.27604183887841266 0.26668833464933006 0.31831065528931585 0.33855405367283425 0.37851140697535174 0.3782391488189119 0.3307710010638193 0.3143204396711787 0.3369846567426945 0.35931722022503476 0.3867654722201077 0.429640557052371 0.48977351221483684 0.4875998258504775 0.5424654171173862 0.5621199246115931 0.5318249006148061 0.5311009005020212 0.5254153311355144 0.5286193574363379 0.4395199646853805 0.4049588536132384 0.4272251071763981 0.408787799938859 0.4513368894432896 0.48002189890549285 0.46614388548392965 0.51251238273654 0.46304719115237614 0.4750827731278417 0.5016056566883513 0.5389802142811656 0.539134495053611
0.22477097001589924 0.2119149806273144 0.21570039746248157 0.2303181595946751 0.2617878911747822 0.2115218293935767 0.2133127996241617 0.2210488120834219 0.2030907893378202 0.23577933394093806 0.24939231651696506 0.24157222243643592 0.3019713268349971 0.34148672318535683 0.3641982615473873 0.3751623040956794 0.3623505258553514 0.3675154060644382 0.3572482274757201 0.365336460567029 0.39325710209207176 0.43731071124826937 0.49389699120381547 0.5144773196606541 0.5277338582181428 0.5661096017288444 0.5243001916216429 0.5055944487317081 0.508562960692869 0.4943807634663831 0.4500353431433977 0.4070782754976693 0.4176634114020659 0.40595731920302264 0.44512111215305533 0.44626204424816635 0.48152864506402415 0.44233287334324917 0.4792699659006163 0.4917356031351704 0.4657203115190244 0.4926499778629511 0.5163151583392491
0.18520513130948738 0.21632007031872033 0.20531965389964973 0.2101960751915947 0.2058401195069823 0.1988602887234653 0.1849910919752576 0.1784304553602378 0.18194888622244515 0.21747883935372156 0.2430361357033564 0.2481327297317404 0.278631399690537 0.30728830144239533 0.3210953418415611 0.3385505843021279 0.3412499971323945 0.3370196910570455 0.3650906468461912 0.42127070973643177 0.4155150639001462 0.46634916277349026 0.4853235203601349 0.5109644122989858 0.5281552683147387 0.5589274821303032 0.5290109851629845 0.5487988950707551 0.4929502222935524 0.4875800908354342 0.47368822238262304 0.4353642410943599 0.40712900128239826 0.4302515452730181 0.41905894543733063 0.420212697423771 0.4157911878667692 0.4127544709661899 0.4509641701754996 0.44761495979209565 0.4178115766659437 0.4360054997362082 0.5042222810904236
0.17734323075347397 0.17975628572282965 0.21110521477133598 0.22208716960197303 0.2034982975700667 0.20647736517692214 0.20866078890880535 0.2140228699468247 0.1772332244800489 0.22765622907001198 0.20057275276433306 0.25120788144297146 0.23410566841422747 0.27534109459717804 0.2506986988303995 0.27817707374109363 0.2812637668605441 0.29578959115402703 0.361154447500626 0.4351864385104677 0.4421668164130396 0.43971130453510265 0.47208404680617044 0.47292207435976513 0.4998118889648524 0.518053651621664 0.5433057207529451 0.5023234570014218 0.49286347124034713 0.45902157351741313 0.46636754090149357 0.4746775462970636 0.4534008815928635 0.4305195378887751 0.3873184075443273 0.40331961712664177 0.38625347241825403 0.36960424025752986 0.3711485345433622 0.42164824950563484 0.4325815169865214 0.4166988320349425 0.44259112106904264
0.17816017461925826 0.2228131445367726 0.20728004232241307 0.2373732978714404 0.2083100209879371 0.20037676375941343 0.21807148462385678 0.21426959378476992 0.21576420961628276 0.20671045146406286 0.24004413345802286 0.248485570781454 0.22656190645771346 0.22989221983191804 0.23986736127224764 0.24281523166431893 0.2744428845862982 0.2932058538376046 0.3296232453758511 0.4022567891236082 0.4233030468717229 0.4542203105576901 0.444077074363812 0.4313109291305316 0.47771513323765424 0.5126462661288764 0.48845268561907185 0.5318680169291734 0.4739580236718547 0.43838978407032814 0.4731163791213019 0.4731070399101967 0.44209183375798644 0.380030767063468 0.36272515158708013 0.32722860354451866 0.33287027329552155 0.331995221827415 0.3385408611251006 0.39276898985663716 0.40801284617955336 0.4161238745436348 0.4184480938475144
0.17625447867903166 0.18275215804359413 0.2101245756192138 0.2243562028744593 0.21485258977023947 0.1905858672886661 0.22606244273287945 0.21502859219485768 0.24216578233797073 0.2263361627654843 0.2469430142455896 0.22918078777243528 0.22362157811141106 0.24587307988141763 0.24227280597137338 0.2812717975607109 0.2737394554654265 0.3266302851206401 0.37210792121773556 0.4122374108984808 0.4219793115582385 0.4541153577399131 0.42127440644905834 0.41415092575230683 0.461559270555758 0.49185097425940777 0.48204870891909246 0.5016108378601212 0.4365468658472535 0.46182094846532756 0.45596422334978576 0.4470888848097687 0.4494073916065011 0.38751955768552304 0.35526481719082964 0.35458866631622615 0.31673624704811765 0.3111794266600748 0.3514016115626136 0.3679444717220268 0.4120509873300404 0.42593410361615486 0.4283425210963142
0.21977710386271104 0.21580121844576486 0.24570301586044974 0.24444987772572488 0.23854111221442004 0.23464571938014603 0.17883530457852784 0.20614995333972377 0.22522279473664797 0.22523641834056835 0.21207095435653991 0.21432181134857517 0.2535783760289351 0.28977994873452667 0.2664917463909387 0.2514876225517205 0.2910642319931235 0.3168350013007687 0.33085325319437725 0.3818871603478124 0.4150955470423901 0.423725872245518 0.4285847272387653 0.4329615094403987 0.44826336008565637 0.4832633865403803 0.48504337436186473 0.45912493527254333 0.46708374204138625 0.4355285943278102 0.43723321802838977 0.46579184287502035 0.4402707415625915 0.4438771752446711 0.4030541791177335 0.369082174263749 0.32706599537363873 0.32778376136079934 0.3254282883591519 0.35085007489201137 0.3976710909240074 0.42689931489048827 0.41802707595763955
0.23630221620910882 0.24909340618784795 0.2137624262052835 0.23414478174705863 0.20276626962006278 0.20438670085166147 0.16005487963646298 0.20256800324706023 0.17543246254950054 0.16853180499017273 0.2045794070042332 0.20046197084434558 0.2355409343378888 0.2505015276999298 0.27556564329748845 0.3051985718657496 0.2976808946716598 0.3207441534737075 0.32059647145205294 0.3384675973043692 0.3645225200911075 0.3698427262909051 0.36692591635467725 0.38713366123615023 0.425969040695368 0.4545052375756136 0.4606844634466238 0.44857812707675515 0.4391233843642695 0.4592583006577959 0.46834175691736313 0.4230605044264956 0.43023619488857184 0.38841853320327513 0.37621691356283726 0.3814817976932449 0.32789363596929044 0.3356450003285671 0.30753839077110734 0.3081909175558705 0.3584835374156023 0.3950764306841879 0.43587308857741247
0.25378993572047565 0.22944557427511852 0.2479326183762833 0.2289631030738801 0.22390845581306892 0.16645717782558775 0.16298799061529415 0.1518638989594095 0.16124151783439347 0.1359264539967704 0.1730471302319074 0.20426896230891237 0.25694983716499104 0.26545282815348603 0.2667960877038196 0.3229176499516711 0.32418830024260714 0.29869002249308063 0.3569735890152851 0.3690633786785746 0.3427146119022445 0.3427036357088397 0.3379044609969511 0.3818630646469718 0.4098997488328604 0.4067481747548903 0.4094989804142203 0.4680556856471167 0.4160985593406986 0.46059711558061345 0.43016291738871176 0.44246608247543523 0.396754697047227 0.4114685504801652 0.3893005011787402 0.3622222668158909 0.33358850915107074 0.3281654248458281 0.32333655901299696 0.3153719345021794 0.3504914274139629 0.3937294970604104 0.4441200136000239
0.22590268607246164 0.20112294892968482 0.23360660821481224 0.21254934758071214 0.2190581961568189 0.19452414689976325 0.18560869599598182 0.17910391216904759 0.18780282618639654 0.2013681635538191 0.2092183160433272 0.2431438506555897 0.26670822192637067 0.2851910459475732 0.2928550964755351 0.3117230350452669 0.3316800990201589 0.32481200597229776 0.35501123512804283 0.33589894778517476 0.34414767662549484 0.3657762192164094 0.3475436406217889 0.3676211169626187 0.3820530287257992 0.40529898499425415 0.4046594793506288 0.42835671437767325 0.4097209332438032 0.4248746590954484 0.4037025272494057 0.36992252017004423 0.3779374492312624 0.34074534447718113 0.3564125544189069 0.3345314065004433 0.3586781411275484 0.3773009900845335 0.36836690897262003 0.3783728271159396 0.36155769939112864 0.3964400309696927 0.4080361697867652
0.19677298683514033 0.22528909085520687 0.2431700334075619 0.20015768688299185 0.22884095898204213 0.2157158478562963 0.20912884195746967 0.19494941727755052 0.17539867863410624 0.18435744373552573 0.24640099716386635 0.26607008434176543 0.26469734333043726 0.2528633698728705 0.2750989615561446 0.2976386630265899 0.30828070655970763 0.3247034782358352 0.33404021881593315 0.3547923483100467 0.3496326511293975 0.3115951194234667 0.3657025956320181 0.396188801695807 0.34302473782217935 0.3630842411890442 0.3789662551517227 0.4019417985194679 0.39838949105822113 0.3813991510267629 0.3948977561805502 0.36785077695060975 0.37213730265884126 0.3327781914335731 0.32749901434073053 0.36092685796014823 0.37518277281511475 0.35805492640690295 0.36391035375871084 0.38900051769338595 0.39240212339219277 0.43290390553310093 0.3944110927066618
0.14515841852752961 0.1468211159390395 0.1973132127674989 0.18317535550815045 0.20920106047573755 0.20575973003910636 0.2208434720844127 0.17933620801667063 0.21126215104004345 0.19094756815111644 0.245660915686476 0.23987912658447308 0.2616392876166063 0.27873573956775305 0.2863937780801154 0.30193862216770373 0.3459901674711872 0.3559404291567502 0.3347096533179 0.3191664364664421 0.3277408879117771 0.3391948686154048 0.3172580304442019 0.34678267667677387 0.34052871275150437 0.33856527286575067 0.3843616118459294 0.38059715892675366 0.38256229081804904 0.3775388785639483 0.340558257971863 0.34136707636996944 0.3389788858441701 0.366723447373543 0.35278105487521877 0.3731203339417941 0.33084492214109684 0.35050499826173515 0.3297155144900905 0.35549202043554123 0.3796464565892085 0.3885506421847189 0.36910824235708484
0.12656435252154566 0.10198959409720221 0.1372854250204556 0.16596731245498234 0.20388940504744393 0.22103598549389414 0.1963741073147071 0.19973828349750378 0.22347001156202848 0.19758482472768812 0.22304987196621637 0.21896061371432582 0.2909317864077893 0.2767770233076549 0.32037014195110886 0.3499208012784708 0.33496718422397864 0.37834692888553695 0.3741052200201042 0.34467193325894785 0.3155707481401831 0.3219420590583691 0.31285221875640434 0.3464526526987626 0.31715764725668505 0.32219766779801023 0.3817016821332745 0.38548315334309363 0.3609101681492112 0.3304962275192077 0.3334557480793079 0.3538936681939925 0.3447428866107986 0.3415503381115002 0.38283331356309336 0.37178690398888997 0.3192552136041405 0.2983633135023197 0.30883587980066135 0.324891166235814 0.38193636366785144 0.3681268394952033 0.3623873054499742
0.17899602294755376 0.13350240732494995 0.1638983489663697 0.18355125518249493 0.1738117660614863 0.21019180234128954 0.23055139881941095 0.21584543248286825 0.2636619334349693 0.25575669342284196 0.23243686998767119 0.24416951520752486 0.31334016045404073 0.3405368877936142 0.32284555323181346 0.345463233162741 0.3796518309951415 0.35214314998063573 0.34875624479717765 0.3435024682613575 0.37573107293624786 0.38391211616529597 0.3470627891537866 0.3696062129641976 0.3508562118201311 0.3750689822987211 0.3608000957142541 0.39179414295839676 0.3587824332072682 0.3415438932142718 0.34678004721293254 0.3553268582367643 0.3513705148953156 0.3536972511379479 0.3678462282776933 0.3588424671068939 0.3757723041164984 0.3411660944466021 0.36348881154834967 0.3493123216073078 0.34508868210464094 0.31654677703773876 0.33914010069174994
0.18263672428928895 0.19753498327924468 0.18055661967105904 0.16226629415398713 0.21542626779558047 0.2297441238836418 0.253128421747736 0.26959988179487016 0.2958257838442863 0.27876361532922417 0.3019671106861054 0.3224294189107433 0.32089417912981616 0.3524231865492801 0.34726175337015197 0.3554436093376145 0.3617324917772446 0.38201447713656334 0.39236232931121834 0.3880445181319097 0.3962367124327777 0.39318930805438806 0.3684022081099292 0.40176506725900524 0.384649674196595 0.35208795545967636 0.3917723483711711 0.36502798338166587 0.3493431881215314 0.3496774949738991 0.3637409726967692 0.3803505536379734 0.3557519270401329 0.38921204581088503 0.4081155023035477 0.37321889904852656 0.3988007545171159 0.3641951705294253 0.3591899023140347 0.3951786492561576 0.3339250162133509 0.33146509516489164 0.35464551553838497
0.18799736214260784 0.23535320821379999 0.21932048774995905 0.19547533616597854 0.23835572123357454 0.22299793907445495 0.24814217569848332 0.26023429198227904 0.27746710086652016 0.29786692375015394 0.2844965790169773 0.3371183135953009 0.34948600666099294 0.37979859438347346 0.378172426040793 0.3777493059508771 0.3405100537191557 0.3528525236812273 0.3737363587341854 0.42500886113434616 0.39961392821291836 0.39243103182343236 0.42935368935819757 0.4236140908993909 0.4008559590673047 0.36253815603320577 0.37968808207281934 0.3963087415136594 0.3824961440464805 0.34214774578781787 0.32943873874394364 0.34283481053007525 0.3433161205919694 0.3916011730638756 0.3926305951531627 0.3804059288187972 0.41196227840182614 0.3718209412252572 0.38411236670815313 0.38683166587395545 0.35944142625571235 0.35266544968589475 0.36189618866310014
0.20227890290424552 0.22740270386522884 0.21002144910498133 0.21264264227330051 0.20538449426941252 0.24913008209203574 0.234996224910103 0.2739014663747817 0.3143513599665523 0.3106191551926942 0.3190021561780844 0.3170438976094786 0.3308655016301718 0.3916249994403064 0.4047544181214032 0.3637146542768101 0.3647539911961422 0.3555073853027947 0.39882878035162556 0.42000395999167167 0.4149966327392352 0.40465356307158357 0.45276538043152187 0.4318293391649614 0.3940144593124186 0.3806093753888588 0.38201965172645325 0.3839196390433282 0.35957288274019983 0.3297149931827566 0.32071033496581886 0.3263294867837418 0.3441481268953121 0.3708589358721825 0.3672536301757232 0.38951580110869216 0.41223012218490773 0.4246963579792705 0.40257097297759387 0.43337554811007656 0.36840070180556617 0.3733034897455938 0.34861326398314424
0.2411171187223009 0.19644064497354644 0.22057064171783103 0.249977663370439 0.22929077492736902 0.27052784229433285 0.262949938649144 0.29997108870264655 0.3109821572537108 0.34898207885670546 0.38078696795505346 0.37410899094839245 0.35464811674668933 0.4130878065127367 0.382299038668679 0.37649244729797143 0.3743843211394801 0.3470212317150887 0.38126714526128613 0.4288603530566609 0.41060581534446655 0.4199887263783407 0.4457203228843902 0.3972608551984419 0.38491602722080265 0.37901618799903586 0.3947191784113894 0.3756707203632556 0.3651716094591338 0.3646646318009607 0.3564628859292956 0.3929755520544906 0.3842887191674646 0.3767974672727063 0.38817824556689007 0.3981151918660795 0.38115026907903066 0.4038041728408028 0.4244000714850591 0.4494479656758971 0.3994833636957765 0.3674845858901891 0.35525454121880323
