Raster_benchmarking/DGGS/continuous/raster-30.asc
NCOLS 100
NROWS 100
XLLCORNER 1743165.2864787534
YLLCORNER 5469291.559843219
CELLSIZE 10
NODATA_VALUE -9999
[rows 76 to 94 of 100, columns 43 to 85 of 100]
0.424576794703283 0.4264344139616005 0.4392085341535041 0.46696330489562654 0.4478199428888287 0.470526375545253 0.4397909253277436 0.42888705150819145 0.4543046301737726 0.40232701763499934 0.40903778558503245 0.3320161621108929 0.3625735318798653 0.30538772624181604 0.3140822724315602 0.2957752116687467 0.3524017110230441 0.39237228087545684 0.35288513270475946 0.3414608848675904 0.38644385086907534 0.39136308536909753 0.43177583178116447 0.42548498633182225 0.4700935591013881 0.5444967437002444 0.5308542016959172 0.5785645171449278 0.4993691853406788 0.487907599687748 0.41861827882727776 0.40057251934724963 0.390732480317992 0.35342629296829964 0.3736725701511833 0.3435432214899049 0.37940594291227475 0.4246382090118196 0.44457582684440267 0.4128696382122301 0.43565627544931984 0.46122760436601623 0.44550102932464547
0.4190153677835102 0.44578794727662857 0.43045699529394404 0.4358418618333904 0.43958047931286404 0.4688038667233091 0.42256535164919623 0.4195163378835921 0.40734780016335514 0.4357138780344794 0.4292490037517543 0.3735480851485655 0.39319403086035587 0.37543515943773104 0.364600780590952 0.3560985545085029 0.3168363054790304 0.3778942298235794 0.3401724718307808 0.39031574707703587 0.3846715953850745 0.4299632676365052 0.44528639948022486 0.49043539637061434 0.5105929182226839 0.5227236442966817 0.5611984510026485 0.5103795514014335 0.4829199651097035 0.48253714230050765 0.3988462435779623 0.3864831437488857 0.33943985476995175 0.3484084278693099 0.3612835855042749 0.40267765131700445 0.3777091132726025 0.4029732130813396 0.42625606357821294 0.43031257420174557 0.4114242346158626 0.41157119330363817 0.44279046755377494
0.44024811641208206 0.4211364456110299 0.41934079067025637 0.4456885875976874 0.43624863962735294 0.4260988916662289 0.45993271833840127 0.48075405180867586 0.4414814740847233 0.39957548160151446 0.41183042975330686 0.44828702760354555 0.4441030827850178 0.41819689296357815 0.35552341096831735 0.34410713909952606 0.3285579927044113 0.3394469464262947 0.3317694773275468 0.37849201789495457 0.3927548710413383 0.37721719736450576 0.45058491274401663 0.479996114751081 0.5040669436397106 0.559946578354236 0.5652540086898896 0.49097859263575433 0.47568535875086954 0.482369613498889 0.40718015965369914 0.3556073113577446 0.318848220916105 0.34009859680307947 0.3957528859154778 0.3996726004729973 0.3675957151551997 0.40537510338419863 0.4432562483588089 0.4647286377129765 0.45480741696720955 0.42529642587840494 0.44481520578826594
0.43270477891131276 0.4451246730255486 0.4467455791468649 0.41863974591488834 0.4178116155643864 0.4040072094462078 0.4210816903958265 0.4404437280499308 0.4297408050313555 0.37833423668669086 0.4173988426920864 0.440333456907367 0.41760184742078216 0.45296818876681044 0.4099923399343627 0.3964278380053706 0.3937564144504972 0.4068105775764352 0.38742783290773547 0.4131998052440959 0.37565295625099854 0.40846412840797325 0.4086052349060345 0.45916642835632454 0.5263137188255087 0.5500595287469326 0.5196474082141749 0.5547871292158162 0.5276423355624965 0.5176908951762238 0.4461818765147586 0.38516792490717655 0.34351139061508396 0.3728000728523717 0.3676112970089986 0.3471637202836737 0.3538017700293611 0.3862075204186222 0.4193492385971993 0.41214517713376037 0.45441142598542117 0.45075040619832835 0.49464877615645353
0.44431962937244046 0.43619945653020387 0.4565325211025829 0.40388616169585984 0.4144423992505655 0.45629905985982816 0.47234464934452947 0.45012142109528736 0.4562971647901589 0.38229154269112714 0.39331028430742837 0.41805264664657493 0.4430741625200047 0.4445259174630965 0.413385631172326 0.42179703722112916 0.3851295301930251 0.3913776599012565 0.3840330510599431 0.38735314811171034 0.3713237775334845 0.42416892125888156 0.41293333638434554 0.48442386576599683 0.5259375727205063 0.5109254035283121 0.5328687544264716 0.5494735590276839 0.5157839052424508 0.49086680906003793 0.43897788425999174 0.4064948828408215 0.385537878523674 0.3917642648484997 0.3783663447436208 0.3288972366097859 0.3235217908790742 0.3429830182344194 0.3703407220792898 0.41101276275248827 0.458102387155742 0.49240693350986486 0.5162547138676182
0.45076863975652676 0.41978939354565675 0.429442585613976 0.4342202214120537 0.39066163852594077 0.44407941682590996 0.4465782259138569 0.4710511977216909 0.44917944001289795 0.4240422594123704 0.38428172247679687 0.41650348128694636 0.4186631220197496 0.43962398531513697 0.4320140944251733 0.4374944771284416 0.42725293020562993 0.43543699943302155 0.43233469237832994 0.4134161045468235 0.424447481456952 0.4042975485703951 0.41931402728468375 0.4665247169320281 0.4868930204724007 0.484547822018674 0.5331819334347457 0.569181775771866 0.5382713449635909 0.47520164861612935 0.4570160917474909 0.4474053982772627 0.39410764647518104 0.3838881336971187 0.35563253067774586 0.3592263282228487 0.34553242785259874 0.37589773954897104 0.37604736537412514 0.3828000384693376 0.43267545089960113 0.4620505580518339 0.46066282103390066
0.44521432881566225 0.4310077819220587 0.4317164697894511 0.4544117738645126 0.41662646236861195 0.3825528827370721 0.43464724275304983 0.43063457749527656 0.44148955154003844 0.4224713728685948 0.4361321540390236 0.4468267615288985 0.4191699395667454 0.4172851122374241 0.4365351227687264 0.48687017871056504 0.4671136110642571 0.45266102626223026 0.4043252188937304 0.4119832311416041 0.44938698969225455 0.43453832619667987 0.4216740027489289 0.45546334740798305 0.4646785695170054 0.5416328244907085 0.5229822663284761 0.5550860149550134 0.5653964630891848 0.5003732613870154 0.5122129806212244 0.48222081703507913 0.42941593266494915 0.40696361536286924 0.389670770020317 0.3765268416091401 0.3488985530648301 0.37589581745383005 0.37322822692961044 0.35983343690356945 0.35818590226863356 0.4005331569460357 0.448461025778342
0.39482291094312716 0.3878324255715419 0.39321682846029427 0.43411143396431984 0.4293058083628224 0.44567716952380537 0.4238863011217869 0.3640679802424772 0.3685197243698815 0.376574357655074 0.3727606234348787 0.40233809324587977 0.39307285188297364 0.4197796477874701 0.44950892701182893 0.43759229411782113 0.4145582605838953 0.3935452866161782 0.3947255581706258 0.36609741913602006 0.4037474271486261 0.4076982721470041 0.4706014360048814 0.48462350639717544 0.4619793240189187 0.5207665792710526 0.5466086038390532 0.5657741046091466 0.5322067005337938 0.5397086531793315 0.5173431718435133 0.4844250714909654 0.46442301167568956 0.4434822543075648 0.4548013034207669 0.4644129909590593 0.4327832864947697 0.4392182265700363 0.3997575883919012 0.33261005744838135 0.34177630208668935 0.375401394233518 0.3934429346575454
0.3766327334951438 0.4133005042384281 0.41313342401539355 0.3984206028055377 0.41678043743109133 0.41856059937591783 0.3600739626461661 0.32850698437179765 0.33245714713571556 0.3597203979682741 0.39340592577128286 0.3682348635646413 0.3717562324909154 0.39028913178161206 0.4477988946837465 0.4376211532667625 0.4062300723031132 0.40877100691218676 0.40324715627176577 0.388280100987177 0.4409618976550719 0.4435335420727759 0.41856130115123635 0.4505316067306996 0.48549750760289323 0.4530739246951962 0.515584677438555 0.5523091408672857 0.5312313358913567 0.5148887640017438 0.4997214853466102 0.44428875435975423 0.4737264996556323 0.42038815670425905 0.4536046039244436 0.4855858495185838 0.43047414467081313 0.44119245390002737 0.43011575324633694 0.35745566878751256 0.34754245808402706 0.33230863825925083 0.3689063376549739
0.3855958036764625 0.38204671152414243 0.3688199211382564 0.35936932047580966 0.38647668614186714 0.37319318941707325 0.38991527185138347 0.33593722698855694 0.3338172389220644 0.3967084611073587 0.36617934032407107 0.37246290585984504 0.38141916453043917 0.3995014087722913 0.4001999728896798 0.4129492555240916 0.45552951471792746 0.4145627826373877 0.4133132852507743 0.4401032032674323 0.4470022023311457 0.4528757249423764 0.4054055539165055 0.44233712772611733 0.46591843628749435 0.4806951055347628 0.47588447845612153 0.5410647231414414 0.564545739985598 0.5226869480455353 0.5066886110215705 0.5004440028678478 0.45972377918489327 0.46785290041093514 0.49101463642517396 0.48018929406705474 0.45284991298141475 0.47659439112814406 0.43542993290754406 0.4434814481960898 0.38401950275192975 0.36655392295821326 0.3709991020287227
0.31178218161033944 0.3470177496004973 0.35157214997110114 0.3881149648586649 0.4068128192070246 0.3833711673484781 0.39818449685770896 0.32199329534469556 0.3873005722596915 0.39956136498093 0.37387763735253116 0.416928859044201 0.37840309622404517 0.3773036641424213 0.3846661259377345 0.45396886271144693 0.4826815436638624 0.44952643043548185 0.465414779959823 0.48364553481108885 0.43627501765944204 0.38861621579380184 0.42427449075628954 0.41505524236864144 0.4271615440512496 0.45352488105055555 0.45440573882813984 0.5046640282544627 0.563159829076822 0.574403169429965 0.5643174630277088 0.4902198862799152 0.4974350816484985 0.46070870936453734 0.4760938257746435 0.5132618395281283 0.4389258221411345 0.4469714188100415 0.4777187173833414 0.4630645742112194 0.46623633040529555 0.43498444830134825 0.3748380874567026
0.2962967438016073 0.31156281680264186 0.3585541643843793 0.3418239960545215 0.3948279679834663 0.3472149225666679 0.3681927808163675 0.383614247152066 0.3750326816304914 0.3586696699989994 0.40565208359514254 0.39148565895912646 0.3877741685480419 0.4002312291159707 0.4338976710906725 0.4396749927398587 0.43748151188804707 0.49630133085956424 0.49179081260695134 0.49701610460901335 0.44318900825385216 0.4242741290745881 0.3872118483844981 0.4439868914004504 0.4675412134863114 0.4986132489069684 0.5195402489554994 0.5253886700770128 0.5641269305993369 0.5606543285193961 0.5546745601045175 0.5136934356557166 0.5372975326651009 0.46016956198851056 0.48475468802449506 0.49515884286570055 0.45929738862098324 0.4521223245749139 0.49136362560779484 0.48730814580039467 0.4501841409047678 0.41336918615360957 0.4354786804845195
0.2844031659297392 0.3218012884401311 0.30813132365124685 0.3211529830945224 0.3281859377494541 0.3761457858129045 0.38074873539609655 0.3662219581155373 0.3724687564976053 0.37476625184869483 0.3754972587944728 0.3954028367627161 0.37370396901086017 0.3999266906263879 0.40773703165608866 0.4174852179915779 0.4499048283189068 0.5104948523209472 0.48511200808122656 0.5162507408058105 0.4588991569315685 0.4412553323783169 0.45065686398624016 0.4080423333133169 0.4382912354853868 0.47459795165951046 0.505669262304658 0.5365115752351878 0.5683821592683417 0.58559153260927 0.5497434691016638 0.5766069777445838 0.5164864575449216 0.4895070872147716 0.47711017513043874 0.5112390735068655 0.4873341819141892 0.47370150812039835 0.48117814150379373 0.45896926111048225 0.44966675997747524 0.45718101520401283 0.43150167885113366
0.2897854413447605 0.29728208705778636 0.269554394361968 0.325676911633425 0.32896076090245085 0.32629647707993253 0.3099156820318042 0.3111495581727323 0.3433690645731739 0.39058191449154955 0.3899101030018426 0.40543306056860956 0.40681318873136124 0.44976564136503827 0.44742163221467135 0.41653168501010723 0.453428754612836 0.47719330323393616 0.5130134330640913 0.5344598985016504 0.5220003003707647 0.4512741023563332 0.4484693472061496 0.46123874961238 0.4528020918086827 0.49592935628130275 0.49863899806469353 0.551234389871727 0.5388809310890937 0.587372318155846 0.5566830155102488 0.5488275071015741 0.5657508802443368 0.4973118906077005 0.5216048709301929 0.48203721380833653 0.46608472472797247 0.4398953302039172 0.4633126998732258 0.4604478475860745 0.42824865179633387 0.4497587739469597 0.38475736966031054
0.24302662048861595 0.19408716303440537 0.2414142250766394 0.24703772954530728 0.2623386630249485 0.3050811294327825 0.3120370248410076 0.323362716059298 0.35854295788575363 0.32099275451923187 0.3642529993878891 0.3502364079148141 0.42996336814554087 0.45295785762852325 0.42697104429559546 0.4137921123983908 0.4389077006484627 0.4489655404321377 0.48529704633586546 0.5262133590461635 0.4923718903378679 0.5008995179391943 0.4985070404500863 0.4552747098464661 0.4444429814311186 0.4473286509599788 0.4746959201962135 0.5063360045731348 0.5502062579310182 0.5389614390123307 0.5601502549344981 0.527904576630472 0.5326824724376169 0.5386565779592698 0.5359160590230464 0.5325195955161489 0.4579764712048067 0.42476185046430454 0.4682917701570582 0.4618535816806049 0.4559365475214377 0.3988586535047773 0.3739988447096202
0.21336675840435462 0.19384594683972842 0.21844124915580335 0.19149388652377827 0.26795540055558176 0.2588233054132746 0.3091272417547485 0.2792983803391242 0.3217691177288677 0.3257751709349045 0.37189984173121315 0.38006376077751264 0.39199323218825965 0.40847429566436566 0.4471850079955272 0.39182302007099856 0.43402973947413825 0.47951020892810464 0.5193826720111901 0.5122308094188187 0.5078477683311803 0.49797593026628684 0.467582515202819 0.4661695441780301 0.4806287828355933 0.4677896184237117 0.4440228691588972 0.5086852217741306 0.5253298692969846 0.5009009396949272 0.5023176545426076 0.4913168774726853 0.511946079229277 0.5230235397369503 0.48543714939896687 0.4869481375662636 0.4391406359272168 0.42966426072617275 0.4555129079603948 0.4592077376919469 0.43058179615857967 0.39033526897893966 0.38761273117154105
0.23978714399179824 0.22363239231000887 0.22012616075471536 0.16359824367889073 0.2532066917384047 0.2850939759138252 0.31183195088882976 0.2799146863666857 0.29509334256879677 0.3607759469163448 0.3975166162848026 0.38738087056511394 0.4035007746861136 0.4098432751045062 0.41672828253682087 0.38875740236263057 0.4439692517785709 0.48377346259542503 0.5446446892119944 0.5592090294843783 0.516693191501585 0.5307534085007237 0.5143299870142478 0.5112829087743063 0.43536780421568944 0.42612788875994845 0.4758440027830828 0.4708752304616905 0.5114512985428759 0.5379016471776055 0.5128817222425198 0.5058214255075807 0.452407080550627 0.4599391157661433 0.48241478952490197 0.4380817874737619 0.4440093785014572 0.4887605970330906 0.4548264599930301 0.4577988143041813 0.42711820735440814 0.43716549489041734 0.3520980761131177
0.23560593392801787 0.19375103682084607 0.1900764099864261 0.23406394971142894 0.21589618057673593 0.2169564919597352 0.26241795553562597 0.26790716763348393 0.3269969837921297 0.3155878755405687 0.3612076401800676 0.3905511577467498 0.41875514163241423 0.4080728452440901 0.4316967808062775 0.44613890531219985 0.4572989466784954 0.5027601725446766 0.5421713674471224 0.5138431285899757 0.555355976188879 0.5076316509247552 0.5125204741561538 0.46759361046968445 0.426507834337148 0.45501318998674123 0.48748369637250505 0.4869362775725336 0.482172307282323 0.5126815408608484 0.4673154663922543 0.41210520613075124 0.43923787381082957 0.39965948733344114 0.43643197976221293 0.41861308078040604 0.4857530264782478 0.48299882044374687 0.43361322277831293 0.45865386972305 0.4020146615157707 0.38117581941602996 0.3670896037257997
0.20185919951826364 0.19852202564659682 0.2642697508890805 0.26210209352750624 0.2330522231282871 0.2242494055680537 0.2678687763840532 0.2818248239166269 0.29017548353735567 0.3392354751092575 0.3165963472634066 0.380998376495862 0.3597325999784888 0.37653631627643214 0.40292412560087576 0.4533113124109661 0.442680978869319 0.48139047020763776 0.4797214643690035 0.5310177453013737 0.5383082188533007 0.5531333266029806 0.49879248473947596 0.47489281173611786 0.45519896577809865 0.4195851898019831 0.4644880122718693 0.5025301229841417 0.44740613829080567 0.4688123773523553 0.3962419672772952 0.3537324820795288 0.38343366671738516 0.3667047231403417 0.4207604012311669 0.43971362762637584 0.48705023674429077 0.4749808254515566 0.4618836184917858 0.44348310162166726 0.3965851637340613 0.34106207094144 0.34067653375915047
