Raster_benchmarking/DGGS/continuous/raster-60.asc
NCOLS 100
NROWS 100
XLLCORNER 1743160.248936601
YLLCORNER 5469292.3429569965
CELLSIZE 10
NODATA_VALUE -9999
[rows 0 to 18 of 100, columns 0 to 42 of 100]
0.22319697177495423 0.23195779794324278 0.25246089872430455 0.28700782908493283 0.32369805878251673 0.27239107659602824 0.2661084438147876 0.29047517740882933 0.31850875944347745 0.2888714931213632 0.3185303579528504 0.31299036344695325 0.27358958842789055 0.26915346460125633 0.3306552513136588 0.32316916906347126 0.4011256391600253 0.4479665304067775 0.43016001469260934 0.49578025029669454 0.49675295026479016 0.4788289658017974 0.5567048257110992 0.5607091747434095 0.5248691861443773 0.5698102254456363 0.5134640764437602 0.5244350435413132 0.5142113709381795 0.48791339244012205 0.47702604016891165 0.47231941250033554 0.46905373498096886 0.43622654830472807 0.44152435568165965 0.4208026906390699 0.3984116871380859 0.3767621373338889 0.3405719712497395 0.4028899513009773 0.4921449523689982 0.5230783363461995 0.4714871671176129
0.20152424792227475 0.23942356090293831 0.217230906385337 0.25758347216520905 0.2721816552917614 0.2719511057826548 0.25063662781494944 0.2562245426841404 0.254029545495322 0.24459873230358684 0.24669057594262697 0.29345687333299153 0.30085437397767417 0.33186195351954995 0.33427174163443074 0.3340022377758146 0.43017584134996667 0.40663780857987253 0.438281311884568 0.44886888868452607 0.4410073544827378 0.5390099500579456 0.5751615168339145 0.5749457845926682 0.48280929730093386 0.5249608622901273 0.5029745585241543 0.4900522054309735 0.5120280071984608 0.4710730427938708 0.452927153217309 0.45211101534902004 0.5053341671248028 0.4834268318180617 0.44687572142416826 0.43873187755955556 0.4302626230130838 0.41691144312619133 0.3909764329650671 0.4369092931280569 0.526922354650925 0.5290283894229751 0.507260990436381
0.24964277492646536 0.19798223609381568 0.17168740766738214 0.17553910641272885 0.21477115285168957 0.2140297906942112 0.2287941515380858 0.25952974160999936 0.29442207020632655 0.2833449433959159 0.26402321211574287 0.2491650547498114 0.24344355909058277 0.30018917247245697 0.29274598180873035 0.3539245326869844 0.4101813311502296 0.4263153906482267 0.4271141761649698 0.4160090977074666 0.482233672767532 0.541209959132437 0.529604970580075 0.5449394531246416 0.5281023841800848 0.5193950525789277 0.5278494580792514 0.4796536955932576 0.500198265155075 0.4865409464290912 0.49188814311914897 0.44808064543014015 0.4753629095716279 0.4654838005023464 0.4437472603742893 0.4107322523683431 0.362095208898856 0.36978706277893336 0.4373341938454404 0.4609660889465283 0.5178453111355487 0.49164227814178346 0.4634417999174715
0.2772567667977683 0.24515671031825192 0.18985245874884293 0.18871157901809985 0.1653962099881406 0.2078098689320469 0.1748725975999813 0.20495107431506324 0.2644730885224901 0.23030481377821418 0.2551980345985966 0.27481606059008984 0.2517587515546475 0.24340626652617023 0.28650160152033416 0.3467238723584904 0.41579325932132793 0.4011428743922601 0.4508468083669698 0.4408003606869569 0.4776298196159632 0.4798923977029397 0.5727665946757757 0.5708301545122572 0.5171086616197025 0.5412539906904698 0.49255407843150056 0.47499211375130146 0.49161199771983827 0.5292519264924423 0.47215334623752797 0.43232201865763614 0.4757234676592475 0.4321865185441111 0.42466472830220464 0.4282320821802791 0.3442575253074779 0.4280787296381076 0.40455865592283846 0.4748173035014326 0.4939738881091075 0.4530999548653162 0.4223268214545151
0.1986537164954103 0.1723347135567573 0.16087795227523666 0.16513323116524306 0.17066365830548397 0.16745439548684204 0.1636566078708486 0.2242880025467271 0.23319102914848086 0.2515533673109072 0.2283244839001223 0.21413101907513993 0.22843510675526738 0.24604481196871705 0.285982465639895 0.29933534332661305 0.32038754633656263 0.36170401247683454 0.4376274570582069 0.4665203859362236 0.4454701801531283 0.46011962520970107 0.4916242672065678 0.5621309758020793 0.5263574782081979 0.5691887502418317 0.5502382438294043 0.5368866728713731 0.5332567203782462 0.5285837774569986 0.4896577425260804 0.44469698685534326 0.4786421251249494 0.43100077506942236 0.4338324458990895 0.4545265081003782 0.4521434535744343 0.4547367826112927 0.47074439784711436 0.46073306083682863 0.4846375809433392 0.49769574782993414 0.4722633867548785
0.14132092865591034 0.1270829655829071 0.19563434077374375 0.1464922311542505 0.11763771392529059 0.12124689543436722 0.16859628344397318 0.20444515560202176 0.19650739860037614 0.25326692663457984 0.25670620979403674 0.2364329381226664 0.23720399143611112 0.22634849049295624 0.27648032881116597 0.2707658649703954 0.29412708523298303 0.35643623789156736 0.4201321346012316 0.4456675280604318 0.4411959499649728 0.4387800007956518 0.4800563234716784 0.5300991093777333 0.5640830543973624 0.5370532539338065 0.5583321294532901 0.5118263956529064 0.5164205053847972 0.5047886613551195 0.5087119673293256 0.4776299078088967 0.4598658921346351 0.47580620744617547 0.4565688274508664 0.45026310594713953 0.49852875234138694 0.47220873833658183 0.49898812070968074 0.5058168701022598 0.5456318897024113 0.4750834022842064 0.47654331292245833
0.1683267898478567 0.13294613988276052 0.12327233611184119 0.15061127440353492 0.1163634435184135 0.07742105800091464 0.12791045471979717 0.18325437124986663 0.164576770277175 0.20028878919423335 0.18638017192154016 0.1842753158705695 0.2252902657506144 0.22181196187573246 0.21390029961264245 0.27242935467182183 0.2350787165747779 0.27978837783030447 0.3107417481485878 0.3882745704065745 0.44047237616015855 0.43153230807889403 0.4996553465852851 0.5428223225089549 0.5807561245945013 0.5939370513270726 0.57121928303111 0.5670716568938848 0.5911263197453369 0.5523981730708738 0.5305755683619177 0.49714358805559805 0.47893663174998274 0.5086385941760481 0.5085878517090023 0.48716934283837326 0.4935048866389076 0.47101572847043965 0.46069883530411054 0.48986364609854377 0.5088478246139473 0.4571005614481933 0.4425381038521136
0.15299614782951262 0.13406767662601957 0.15204215966202553 0.10705082846249832 0.06073697033574688 0.0660955236039924 0.10449192713712015 0.1172804402718219 0.14655134650051754 0.14375642681980733 0.1889444358615513 0.16896400248887794 0.17483743269046106 0.15856688479874317 0.20577304040476765 0.20399354075211726 0.19784330404896341 0.20744766225003178 0.2574423595743549 0.30167056977705264 0.4153223790911229 0.45923935058507737 0.4791048626953097 0.543324412717424 0.5357359894749235 0.5806464402318234 0.5893210310521034 0.6160860951489617 0.6800161429319209 0.5921725024632961 0.5405641192222566 0.5010439998774835 0.48882909193895213 0.5064726108011692 0.49506307512536046 0.47806044531780306 0.45913611554010325 0.49834870629032085 0.5252062324385872 0.5394036168831319 0.4701057697259622 0.45117465430634324 0.44545003511696263
0.09281491261174694 0.12614837637685758 0.12939214118845832 0.09054540872267575 0.06908511644126926 0.11831750390913845 0.15877331058891342 0.11398595081785108 0.17578790412077833 0.1536413959790994 0.17827838115649006 0.18769127868599825 0.18568988581864285 0.16893425371526422 0.1514339952948539 0.20283474392471706 0.22192029504777225 0.2137504690697015 0.2711411887795416 0.27647820829639086 0.3572347697442617 0.3871017178615999 0.4620838566136324 0.5200543703734472 0.5328540262978356 0.5729607812451104 0.6177815245835986 0.6568951315395446 0.6579974168938504 0.685919429518165 0.6162605595213481 0.5470359999201284 0.5613935504639246 0.549306010650184 0.5031540399796225 0.5207426008360374 0.5157340786324127 0.5484432557235178 0.5666192926464949 0.5358703505964024 0.5133624998360256 0.43609079266676354 0.447920679563279
0.1019538528890621 0.14418603452440762 0.11065579405271558 0.10765071947297938 0.14848106365672714 0.12631072827985654 0.16977059222679947 0.1637347750082756 0.1456913813521568 0.1389312484569133 0.175617976310758 0.1856063616596092 0.1406160342523415 0.16395617277482505 0.1551864863282903 0.15564939950261927 0.1798936757635774 0.19523480615010952 0.22418351199298883 0.22344015346501336 0.2882727519975406 0.3834976382789064 0.5004545830881818 0.5419473285803591 0.580847928049115 0.634251227935539 0.6837586053150094 0.6923935924800917 0.730468829706108 0.6947151888770337 0.6790191771716693 0.6069824023743398 0.5363377558959744 0.5436896554415626 0.5343124902398264 0.5880914239344355 0.5678060464931513 0.5349136525317394 0.5138309009745128 0.5061216068175423 0.5075424904886856 0.49564755303713137 0.45273151408256457
0.1379451050279636 0.11781473260622335 0.10518766175140798 0.10112989191528662 0.14902415332160807 0.17199946629513363 0.17805385385080935 0.16742818271404453 0.19210417621442397 0.1704220669788397 0.13953958392922602 0.10959346123076678 0.13801766330861473 0.10474808025744048 0.08066082598880214 0.12658050077696723 0.16537205412643985 0.21795838917562774 0.26712924153334683 0.24699956295790687 0.30258198746034143 0.3168003514510185 0.397117190095163 0.48012266993558284 0.540477828266132 0.591539594173825 0.626159237416412 0.7027884345605733 0.7192312029610514 0.7215403400756227 0.6807342456419937 0.6210443690095782 0.6201658589273172 0.6017355862672138 0.6050781466149302 0.6418145079675709 0.6066717927234246 0.5833991381767614 0.5811737085423497 0.554555888571814 0.516225597381106 0.48266438555016583 0.5395160876197511
0.16830249122240867 0.1170285442385968 0.10787441568117452 0.14191388120886536 0.16392168561286044 0.12730447523408442 0.1332556328749875 0.13295241160104646 0.15545665552129403 0.14188232733874434 0.10377831420151049 0.12478317146345028 0.06862125626288568 0.09083528669914934 0.06670423762771023 0.10875198791701902 0.14206419266977982 0.20460318302032732 0.257931078802984 0.23988629585148258 0.240915395950993 0.3285631528488378 0.3529029648689693 0.45282439001631974 0.5678044446808659 0.5720462940318157 0.5980054626044812 0.6456431442666063 0.7160887012671749 0.6983051049503377 0.6590767590986467 0.6090278714423012 0.6746265025475359 0.6404614179106498 0.676868139641453 0.6533479079577013 0.6585375306848601 0.63864440842602 0.6210895664038961 0.5123017922883012 0.4750946364647847 0.5261191637377086 0.5643205225201159
0.09751260665982955 0.11347784126276321 0.14241905585809106 0.14695091242438288 0.16498499486381213 0.15013186467386921 0.1572018818356776 0.11187127845596619 0.12112894363018371 0.1471980994623014 0.1249730048850169 0.11351392788600514 0.05924403837582687 0.07022733068682889 0.09305222288691785 0.11491709030121146 0.10585631857553597 0.18266530051465268 0.2486711361103655 0.26230680849154103 0.28007718837703094 0.3109747400963629 0.34363260710556914 0.4304687421496615 0.5187553260466261 0.5608243579331257 0.5470442895596609 0.6388012809951318 0.691495485205864 0.6422583152955395 0.6171501613281347 0.5989895405143221 0.6634169817162288 0.6715071833121067 0.6616733008206771 0.6913541648056769 0.6480506912370003 0.6091251479745157 0.5861149012834552 0.5376895836778148 0.5546913436895959 0.5327933757185965 0.5325784167533895
0.10093971406996395 0.09017112787722899 0.15241567737121628 0.14627775657275466 0.17866967636280295 0.18669056433402273 0.19848218957253264 0.16955096059703895 0.09694188685874058 0.13172445914798983 0.12972017123560603 0.08112822856408702 0.08587048625649012 0.1186032165089931 0.08702285556509741 0.09537173140284 0.11907813410256517 0.19146800773676853 0.1884689988281518 0.2159567674624133 0.24552228995366937 0.2735152359971537 0.3228696900821994 0.43544086820420613 0.45913401439527507 0.48138968664889986 0.5249054647725981 0.6148718171877704 0.6499434028166159 0.6406777790772845 0.6122877821458346 0.5932015296334145 0.5909241323903013 0.6419698242428821 0.6238249619686266 0.6899737638901084 0.6648285792202859 0.6327234218465285 0.6365598921230443 0.6016836174520612 0.539679568206655 0.537159801170695 0.5566044538906434
0.07529212177558121 0.08823928929904744 0.1111329615272318 0.1818280606158712 0.1520218997498646 0.1690346484447375 0.165029702241479 0.15159451595730647 0.09063750378453866 0.08922463230900743 0.08063475277778964 0.12637271916478693 0.11149320547552634 0.09399275702405387 0.14861941820945393 0.1644165277950147 0.1800220996662258 0.21090790322084804 0.23891360591578026 0.19933239681249076 0.2158090666071956 0.3260739748612373 0.3666502084286323 0.4120723805114838 0.38587954576164357 0.414655991310404 0.4553350804058373 0.5335326796645602 0.5847191010787962 0.5975856600212041 0.644557447503941 0.6512590238023206 0.6248180397517824 0.6203821483218916 0.6378023870631404 0.69125826814325 0.6952394789137571 0.6645712009968261 0.6074992129263567 0.6178773243644511 0.5763836714988881 0.6234092943477172 0.6235764625933735
0.0 0.08073222717185684 0.06767313615747098 0.15444065207856536 0.18420473077323568 0.13075496545299467 0.16370410284231257 0.09092509252966095 0.06627184162220817 0.07965526968977486 0.0991766249334994 0.11910880298004002 0.09182275956771685 0.10368850419694033 0.1286835231191225 0.18970918995628094 0.22955498967260762 0.19202034907468515 0.23289574160685134 0.2585633954370339 0.23416468990518824 0.31173147971132226 0.3650422141062447 0.41035524394289496 0.3639223610350149 0.4479476125477265 0.45147754594001516 0.5024428136047256 0.6085300214833795 0.6346506485395565 0.6406079646330002 0.6484084253972352 0.6580910228705458 0.6426377431632547 0.670189716128452 0.6810072320650971 0.6750511912246275 0.6841290945561352 0.6201574797416357 0.6517529333048023 0.6383080901441934 0.6634499259462064 0.6395751320022375
0.019884642713341893 0.03913336387475203 0.07946861652446172 0.15128052164670708 0.1671543518652061 0.1139712567043181 0.14457970813381021 0.11168802198089225 0.09120471054086604 0.07497362178616507 0.10720854305044086 0.12507197431323222 0.14145574070330025 0.11594879609821954 0.14700046927079846 0.1781355388857332 0.23116643837117987 0.22566451704394122 0.2807512665386856 0.290696419675653 0.3297098681683881 0.2999981655427168 0.31972129502277685 0.39466692648544094 0.40838628135571153 0.4819734004289551 0.5226113718930296 0.5395068425930555 0.5708926270262633 0.5872506137180119 0.6295910077839763 0.611076620975548 0.6609909218325478 0.6758095524366544 0.6995685243638002 0.6896525525675802 0.7029447526160677 0.6378560593805257 0.5972138016603101 0.600258836649294 0.5971835833577044 0.6118908993922697 0.6081638923034217
0.005156296395041433 0.03669729219281434 0.06953916328357677 0.146808734802718 0.15730376429977103 0.13782205557856278 0.09516860837296393 0.09215143250538124 0.134478597461439 0.14537778366350726 0.10510122155182015 0.10730420090649175 0.11975185952389025 0.14442388339475662 0.17693508576465108 0.1694128840271305 0.21162027317439497 0.24219372776108145 0.3151134953110892 0.3388467915042869 0.3503773076037966 0.34754776012078203 0.3242088377443653 0.38744624711516046 0.4679258806186837 0.5072692570410288 0.5236934098501983 0.5505877665682677 0.5281540687579758 0.5859682684123951 0.5684043763936112 0.622275909845721 0.6403639973404377 0.6884137280013632 0.6704263814804555 0.6741974796689653 0.6669507872158446 0.6428375375581433 0.6215290852861123 0.6174447816558823 0.5851976161652238 0.5810250698442817 0.545246982761295
0.058221920484693004 0.02344163077488326 0.08068297223632229 0.13043552379814394 0.1597618780388887 0.1614402084216547 0.15624090959652306 0.1683987501927782 0.16929699499670087 0.16075507213298051 0.12500049430873436 0.10407354930841384 0.15887704158033644 0.1417199648745577 0.19788334506205363 0.15737834385120628 0.2202538616456084 0.2740148463845654 0.28709961778746024 0.345383675385911 0.3772129191133229 0.39850532590078624 0.4280553924727664 0.4085725530424251 0.4594547409371119 0.46324711397584367 0.5535381592011897 0.5402497946765175 0.5666753828422421 0.5976171256196607 0.5762922220150701 0.6442357961075218 0.6953419023576873 0.6504088041489411 0.6644965749993523 0.6903253653225976 0.6774248209921289 0.6487495071672926 0.5912793608546036 0.5993540412906191 0.5336171334974753 0.5197831150619768 0.5300750431235554
