Raster_benchmarking/DGGS/continuous/raster-109.asc
NCOLS 100
NROWS 100
XLLCORNER 1743158.5776513112
YLLCORNER 5469278.121353939
CELLSIZE 10
NODATA_VALUE -9999
[rows 57 to 75 of 100, columns 0 to 42 of 100]
0.43074534282801663 0.4502104756274004 0.46788546324540337 0.5130931009825541 0.47089618985178017 0.44803366408328155 0.4537903096477918 0.44034155732615315 0.4775449831931207 0.48652332898140555 0.4650396473006484 0.4578785534029359 0.4509292454013754 0.4873374676822591 0.46372214741851636 0.4612744433454044 0.4909608316782341 0.4678769063873321 0.42054395841762876 0.37741364551430584 0.44111142952433535 0.43799021904752233 0.4240148592765974 0.41416847383882127 0.40617348693281796 0.36446416572385326 0.32889846447746457 0.36351148582938353 0.32102267414983865 0.25377053605513733 0.23408934642617302 0.19986847444379963 0.21416498585271732 0.25241295777248174 0.21431952909652235 0.20242791875268162 0.17711376499853482 0.1803547247879288 0.15875837022577904 0.19100704144536387 0.17885761347165488 0.175133624174758 0.201986600387981
0.41176377101972933 0.4212217107130078 0.492530247439223 0.510312058146473 0.519485258919005 0.5001648123910822 0.461713513011758 0.42230269039561447 0.47281072301249083 0.4582140825198939 0.4586596727988625 0.4769058611898908 0.4883785473712562 0.4498500300350665 0.44961828369717816 0.4846295427010562 0.4802834406384414 0.45404810936864254 0.4168140366316135 0.3966200054217119 0.40070845646199915 0.39843080501378164 0.43816238166361116 0.42482739364988253 0.3808075475846729 0.3602446176101993 0.3355957390717982 0.30776827933921885 0.3152131328275806 0.2568412142153653 0.2140898086648491 0.23097083022019235 0.2483842678686156 0.20416023521972146 0.18882326614857534 0.19484974461103838 0.18777980066595393 0.15323248591766597 0.17295980582058837 0.18313990704978614 0.1933423674258418 0.18812118067137829 0.19245321880954389
0.45851263715960733 0.4339772579523673 0.4518393759165587 0.5033972292746878 0.4844970350100649 0.49823118528771637 0.4580351424635498 0.422347557213576 0.44065649445868077 0.47345576758195784 0.502687423418883 0.46872864526927926 0.46461145944865206 0.45137088003044945 0.4253246574260967 0.4554514762290703 0.4292557700566326 0.4227669183044922 0.37703360644212885 0.40387863405567365 0.41410939095966115 0.39358844667404796 0.4037443008250601 0.40701050205943984 0.3575118618793316 0.32049799705565013 0.3258447262669722 0.30024058491377914 0.3181347806074874 0.2650477291418555 0.27032099883657684 0.24846354975583834 0.22719567162458695 0.21368700553484204 0.16414829975155323 0.20169434794894683 0.1921215270207532 0.1778165940974771 0.18856039467172445 0.22155822768505065 0.20113433082571455 0.15092876512824352 0.15158947290427824
0.45608620111919984 0.46875882419870835 0.4575872499174324 0.48397108422657314 0.4701020967307264 0.44833081864833463 0.4694799856011277 0.46337154793172686 0.4555910606624196 0.4879316999948436 0.49390425528139564 0.4672735716204835 0.47201905508988495 0.4243753130452097 0.45324901194706446 0.40649441154248933 0.40624557770668684 0.39444190222757103 0.35397399980209704 0.3316506155546433 0.35030102273982033 0.35321812845194656 0.354337111812655 0.3326541330979483 0.3532478611420058 0.30676011763548183 0.320023452861634 0.28557304711633985 0.31077994849576485 0.25982011263692867 0.24127800650223258 0.21781580142466264 0.18932942239824319 0.2061347503913726 0.16176433518628786 0.15907513641334187 0.15865460871534326 0.14635726765204066 0.2037548879596822 0.2265781994822067 0.16441917297951353 0.17565495976332182 0.18058095192947582
0.4521555152775683 0.43467998737105223 0.5036633796508668 0.5078673562744005 0.49780238845802643 0.4299162461810689 0.43912222590720096 0.4176296214620964 0.4565044208473754 0.44308473506783 0.49460784430738375 0.4988869200316161 0.45719093788183407 0.39964565689209147 0.436201731496707 0.399919011490105 0.4121997535037775 0.374398439538859 0.3074912136586198 0.2903734309032114 0.33635426971032134 0.33649262368496907 0.3390617035929741 0.3348913892773313 0.31316670694197396 0.29685711970042206 0.33230231427978685 0.3174422933808747 0.3151298173262088 0.25425338700891703 0.2149810830276642 0.18199144653975108 0.18525041676818063 0.16169095873346875 0.14101952289872627 0.13452424912214095 0.1632084407036809 0.15852682434454798 0.21384838239210888 0.21756682288950577 0.19860776955326898 0.1806891519105386 0.1697326517179629
0.4593414733259417 0.48557995335657644 0.5297632944982188 0.5061176375829013 0.5017676846383892 0.48837960200782216 0.4691983996630155 0.4622014650737747 0.41749404976909854 0.42555730114188245 0.46686019996843187 0.4571796900001601 0.4260317733962553 0.4106681943045721 0.4017808917998603 0.40493508416606283 0.37655721626506805 0.3527220927403033 0.3143553390086257 0.3210997623692672 0.33342856482511457 0.3275755763345522 0.3066232212214962 0.3138004539335489 0.3061899851657849 0.2908722403584108 0.28458838034375183 0.3074396960666721 0.26213076397221513 0.20919824482459917 0.1854970575478063 0.1892892421590735 0.16298190561813916 0.15306845957552037 0.17944070018838026 0.17878927917043314 0.1418131106941208 0.17710368027305531 0.19873649156013173 0.21053054950787764 0.17883838544926514 0.1817627294637827 0.22872242584470615
0.5076577354974853 0.5308280720071523 0.5550713300090282 0.5679182876006094 0.5119281120914082 0.4885309642874777 0.469948711162781 0.4376816830206548 0.4440742829617116 0.4398258445440547 0.4302417434494113 0.4245366592215439 0.4220060348092462 0.447612453112353 0.36942247284079127 0.3487635288204013 0.3602126627522887 0.3362636352006153 0.33242645614297706 0.35557283385406113 0.31947914184739906 0.32226112993836 0.28594574851225985 0.27643954002133475 0.2214766727107774 0.20589972530552306 0.21345223605656957 0.26008587766992675 0.22140948012441128 0.20029483066871806 0.16398827832653523 0.15057433694805702 0.17931361140486482 0.16972225932412424 0.18797410316132931 0.1525763021768102 0.1855760059172495 0.1898631358783136 0.18079492710458717 0.17932630117201123 0.19336929752513232 0.23708983560795016 0.21681503422771553
0.5001385996716118 0.512296460293041 0.5183013470302843 0.5436708891671248 0.5212463859581401 0.4629555173696332 0.45280159272128256 0.44921909948290967 0.4268817390592581 0.43214188160477573 0.4254581274036566 0.4313253404736393 0.40407400889576905 0.41525506704054654 0.3780577796221949 0.3595633279703007 0.2946966320835695 0.27589849275778405 0.28034954329683687 0.28208951119138514 0.2975371037451264 0.3069788749114112 0.2862548018651523 0.24247450023444928 0.1870015037727108 0.18829388817985632 0.21177327137937513 0.20553609468072212 0.17745569798281718 0.16759467580953322 0.1605962231357533 0.18350365430090154 0.2075583398437358 0.16943934366558247 0.1719329569947731 0.19347756607825004 0.19487742412413694 0.21831664389859343 0.20185912064839456 0.18646937525169152 0.23868117485100382 0.22550103205559138 0.2610820778750881
0.5536708638505133 0.5362758012876804 0.5017735346561323 0.5474980988439309 0.5151600291157802 0.46256195510715686 0.4468059506309813 0.4544163957806979 0.4105289620827347 0.37430054920360173 0.39546366340007383 0.4140771506959663 0.39265629406667374 0.4139275366421805 0.3501818233695858 0.30801395475448023 0.3003825370766743 0.25086730293550474 0.26715199740820256 0.2833459290338308 0.28272143540153166 0.2309302545302178 0.2377381159127396 0.20492105565263105 0.19207259756620063 0.15774399364860636 0.14711947280019164 0.13532882354949127 0.12400522760696528 0.19539362461706758 0.16797023219936635 0.17475975825223236 0.21205518927267797 0.22571440471464785 0.20212578535022493 0.2084122464728582 0.2347985715609371 0.269932737232312 0.22847187663802893 0.24177272181364387 0.24621575046910638 0.2631002952132539 0.3103754919093832
0.5200420469239901 0.5007736633241013 0.5020252779574478 0.49624513608634957 0.44614624883787096 0.46863963175602474 0.4394218683822212 0.39386146381284737 0.4083909314428772 0.3570970284329091 0.3912071375548864 0.39127554630238703 0.38370578473314804 0.3776243912340256 0.32856600930720187 0.30139300040303 0.28890751444726975 0.2833175248307648 0.2349647341828828 0.26126068961150734 0.22982695804408917 0.2165017117789696 0.22316679117384267 0.20899991963237674 0.16674532287256363 0.1734601521428611 0.14179036378234594 0.1333204757552817 0.10529846616386972 0.16818609466661136 0.16538695425193628 0.16555209978618649 0.18127051886379464 0.1972717624710614 0.2092774963390938 0.23134673143419207 0.2339459085727762 0.25534689089730445 0.23131937866166297 0.24786159322371037 0.2858518755979997 0.28066828980641634 0.3567512955321005
0.5145547810243944 0.5422746089561319 0.5034014845244529 0.46308061983623133 0.43212449244746254 0.42330898609402273 0.37814351373229804 0.364016369813143 0.374088671285304 0.35610701058784167 0.35990694421671016 0.34228157534399456 0.37238104996528915 0.3365867288267113 0.35686494667754565 0.3461567590976694 0.3037625686336473 0.26470161906988243 0.19996496840400346 0.18447005692177 0.2183292961841715 0.2208275452147134 0.2052163053141541 0.20387521114053292 0.18617603043124775 0.13906544846697552 0.12712213951119036 0.0578899095731532 0.08432597463413018 0.11197603237339916 0.14340588115958458 0.19607125748818863 0.2037231495367088 0.21290651342890432 0.2312124123949369 0.2006261254322201 0.2370419145523424 0.28994395858063915 0.23383401388296127 0.2429910623677689 0.2922748286993633 0.3124940285584477 0.39417146173678375
0.5178013762990555 0.5040879352441563 0.5182023976293652 0.4541285029506245 0.4303208106558599 0.40853798179323186 0.37847650207383104 0.40800262785901154 0.39574523753798746 0.37208553964581537 0.37807952958612434 0.341122625741036 0.3273799779956713 0.33483045097078296 0.32337421182433973 0.3243108201623128 0.28975003021825296 0.21288487285885888 0.17567679244510004 0.16374297786318365 0.16106717064978077 0.16170006938431525 0.19973088022516639 0.17927057060959561 0.16627939020246332 0.1375468428871905 0.06605552871055168 0.07032053127947922 0.07369105374225085 0.09704708955403778 0.15648742098053797 0.17545256030843565 0.21857571235028206 0.2309224450254656 0.1994013477216403 0.23166603067753536 0.2641056237473594 0.24170699935579432 0.23890384375025964 0.24396571135690678 0.28747780226782865 0.30397471820522515 0.3811513784898155
0.44687751628263805 0.4788100221134591 0.5001965752414435 0.47293541783923215 0.4617638816871107 0.43914533629774477 0.42112114335848577 0.3792632894466166 0.37669164412653033 0.3869096231882446 0.4051926682112946 0.3680207553154856 0.32709369556083157 0.32653210033605395 0.3058967199933843 0.3280045262472591 0.2467143567938993 0.223058667190988 0.1541043293984407 0.08262726984305306 0.1676659155652297 0.17701366686497672 0.1866985804005413 0.13316607545175418 0.0848591248175632 0.0892317412431855 0.08606817782105244 0.01454937439586983 0.11037421465694706 0.151285777261334 0.14811964655788143 0.2072695181712151 0.23405348347608812 0.19044464005859332 0.2298182627976057 0.26048659090962656 0.24192753830553862 0.2321586740498012 0.2504133583918001 0.3022773300089134 0.32393437316362156 0.3351708693299386 0.34505358947916487
0.4391301529732535 0.4297316983034898 0.4411561825503447 0.4641094309541735 0.4286322390987345 0.4304327086309179 0.4233381500511296 0.376365893057053 0.39856512610117545 0.395442309224403 0.3729345430905067 0.3327490553459244 0.3300697867348699 0.3472170233529869 0.3193690369289268 0.2696017275561043 0.2622159912775927 0.18775727207642914 0.16018383428244715 0.1571892504368144 0.15038530171256426 0.16122603805154737 0.15563242736968674 0.1256810311240107 0.05648666827900409 0.07639436596583818 0.08133582486180477 0.08456353292794089 0.11287832666918442 0.15969743098819342 0.15596952729704172 0.18271340672857425 0.23238129114195522 0.20620778252288924 0.23030624332507812 0.27775766783946515 0.25405031597747607 0.26290840239596974 0.2308714938164514 0.25644309551128225 0.25488903128593143 0.27220276654313913 0.2970328709107885
0.4077461843794664 0.39613325252722886 0.42461606820533426 0.3960883878991693 0.381858276037173 0.4109800217199848 0.37520567622314865 0.3654723481507582 0.3812480695385571 0.4247347685418622 0.3715263922747478 0.369030633611071 0.351471446443278 0.3112887875948338 0.25662728805705715 0.25387322972503473 0.25650246495017914 0.2103865014211158 0.15239216490724916 0.1473962080214927 0.1615333340079402 0.13730110075121443 0.09646671683227838 0.07310114314656582 0.06157934650550499 0.048779376279579935 0.05793162841222655 0.08834137351554648 0.12289983615547277 0.14165649943752648 0.16508322222009666 0.22864902529060563 0.20050232366767481 0.20079012303144775 0.21602670619534423 0.25752263134090986 0.25958838223489444 0.264236670266305 0.23975436679751322 0.22715132729315454 0.269381938096803 0.26524505897000134 0.2448362223949307
0.42781755341102606 0.3870029689532477 0.4064405885205849 0.37893867638930107 0.4089286339304497 0.3982581487556211 0.4113179098115651 0.4032630899052185 0.43985304852224927 0.39754138898864816 0.3787351844047679 0.36849758024409457 0.35009377600562014 0.33050002055615985 0.26109455619563016 0.25862771070846646 0.24850181315032455 0.20926859805108264 0.14915826982907032 0.11704530039606185 0.136431620110261 0.1403881469950338 0.09466609956818858 0.04627641799538282 0.03476658819482177 0.058726569053193164 0.05959269226559202 0.05751415057602875 0.1067087284467957 0.14269080818632301 0.15194573368639322 0.20036167077386147 0.22496712211750713 0.189889638768608 0.19721316492147956 0.20904014749551827 0.18420430793670556 0.22564245275514735 0.22117089917960994 0.2426970845969232 0.23147949099380108 0.20206818627931775 0.21744414142742208
0.43657499380861087 0.38858217097413966 0.42060126283633015 0.37332070530669836 0.3863884724716843 0.44648773004698217 0.44995744005872007 0.44747262065256144 0.4461499565985966 0.4029712535545297 0.38663962190247236 0.33746986067788126 0.3499692695108374 0.3126101391376093 0.2573545485769297 0.27003194240519995 0.21446086143579043 0.14615805277445926 0.15235499127463198 0.13530459463608094 0.10943634738305812 0.13653717488841513 0.10515676267423492 0.015211732053153662 0.0258752607924736 0.04707216873617227 0.055431299825259454 0.01596224674944501 0.09893326987878653 0.12613504037092407 0.12256495971219696 0.18731906697924458 0.15694267853391128 0.16667031047326333 0.15519786422482054 0.1385432123810181 0.15114367552726182 0.179231266495242 0.21659679950214591 0.20676705516386215 0.18337728192625677 0.2078138493901242 0.1803526300014057
0.41308233204152356 0.4074322088371451 0.39950886047670303 0.39649425624448326 0.38166040997416933 0.38151257197316696 0.3929384900113585 0.42326476275498887 0.3866575093808809 0.35954001738972186 0.36088899937661095 0.37510623831734813 0.34472852759309563 0.30664359698862437 0.2519362343105807 0.24856554494043812 0.18622260677106492 0.13167280220061825 0.15632103421868315 0.12847612514347204 0.11414211261307128 0.10765586761527896 0.08916683692260509 0.07814819505441493 0.05603351553124141 0.03352029207617796 0.0351713781665941 0.08174664171901876 0.08480064306167878 0.08457689912209608 0.09952997935440579 0.13323867176399615 0.1678905134648657 0.15235719608755827 0.11666991153920382 0.1068132078962423 0.1488596527517607 0.17528397178475552 0.18473395881001328 0.16153756516801976 0.15501773613491796 0.1614041042926263 0.17215331754066873
0.4589225776659005 0.46059660636765803 0.3761328562348827 0.3658598908047069 0.3706564100629131 0.39478344358886036 0.38800528069100726 0.36794001785436664 0.32356755904606305 0.322853619548 0.33987143051702184 0.342171216717582 0.3188589235500521 0.2879040473044448 0.2468819328408957 0.19811641026999363 0.2035420416034363 0.13884113526570704 0.14503377305590945 0.0934048988410283 0.0902549552442762 0.08486792238673348 0.10364346209575696 0.08743410588410133 0.0915726743762849 0.037474354382756495 0.06018271193215808 0.10790036519163568 0.08102615717669098 0.06896975941961667 0.0802633308356908 0.13452006593601107 0.1563498033172867 0.12242646116034905 0.13348976417127964 0.13244940579495457 0.1636793771617661 0.15278938519506538 0.12781745533166058 0.14483380626669096 0.15786584093345413 0.15875140581041 0.14169877440913187
