Raster_benchmarking/DGGS/continuous/raster-17.asc
NCOLS 100
NROWS 100
XLLCORNER 1743160.4157030499
YLLCORNER 5469284.678830207
CELLSIZE 10
NODATA_VALUE -9999
[rows 57 to 75 of 100, columns 0 to 42 of 100]
0.9269555066003334 0.9409252987236796 0.9346666519483988 0.9014518439094884 0.9093953517352339 0.9207797705494856 0.9130718793293499 0.9318801199945025 0.9334972349704213 0.8970505638284819 0.9000068230560712 0.9244049169088514 0.9004174214575584 0.8825020350596126 0.854625628834548 0.8195298661372368 0.7932196264488797 0.8045472264494039 0.7829963362022586 0.7908796373392977 0.7887176807929317 0.7688542962684696 0.7919907579197463 0.7983962946413762 0.7885439275184825 0.7786863609628322 0.7309760851136454 0.7222823697694032 0.7030454056403599 0.67619246402273 0.6423658570547248 0.6147763632247135 0.5892641205626009 0.6077043617212925 0.5886359255603646 0.6129408144508501 0.6359297421035504 0.6396201340895484 0.6562167268130417 0.6592991675782106 0.6315233982496621 0.6139773401685047 0.6426526530637264
0.9074893641032711 0.9393070608958001 0.9470994934024097 0.9047271935124414 0.8950428614881111 0.9287186877716145 0.9081397832728011 0.9215582813502659 0.9349435396978438 0.9046693011759693 0.9280011863049304 0.9157380081535793 0.880182048348058 0.8545982216263839 0.8206756604321659 0.8131773161310037 0.8216796820931299 0.7796397909733651 0.7868935444662537 0.7618987784292114 0.7605543892017995 0.7746546391724948 0.7940948114043593 0.7554271206733616 0.7278205941144018 0.7404482142346488 0.7151795472495234 0.7208422432129012 0.6788133115924339 0.6537508247810078 0.618027634723634 0.6147709502441091 0.6101824542936158 0.5902606531496796 0.5935453149035803 0.5942580414982855 0.634988546656425 0.6130707232863949 0.6399402870643539 0.6267738255304871 0.6185806297890956 0.5985681523136072 0.5971347105989617
0.936732389971339 0.9450989313552481 0.9220817102130227 0.9066712064278913 0.9183859341302731 0.9142033216911949 0.8833786024571016 0.8857294726172512 0.8923286213434634 0.9195550154964092 0.9283681553342493 0.9259736397628922 0.8701148608731034 0.8301884464151437 0.812137959367978 0.8076516587127708 0.8325361706183366 0.7999952138991592 0.7711552826031097 0.7843730659479011 0.7709200913508155 0.7926906863547633 0.7756885558682363 0.7482683977619223 0.7158977590769 0.7370576859216296 0.7032260596981361 0.6870626703568645 0.7076539588245827 0.6513200830873055 0.6322454379694405 0.6077333566677027 0.614225621428973 0.6184552878462766 0.6096493009590523 0.6142723166732391 0.6210264058583785 0.5879484488401308 0.6028601210417841 0.5742994976964377 0.5628946734305948 0.5787507596274789 0.5863060565748527
0.9198728415775939 0.9194727510036247 0.8988222817392043 0.89233394919307 0.8927714426741228 0.9069388187888737 0.8929616073694838 0.8699577554838056 0.9039500402791211 0.9112301775812423 0.9079325804108183 0.9102467163181003 0.905337803365286 0.8477134695412433 0.826070940523075 0.8515342497284863 0.8228549650508252 0.8124705741003534 0.8187875348114826 0.7924864743693114 0.7771747568095726 0.8153051012182809 0.7699671699639623 0.7522307010139311 0.7221198622855762 0.7028902317526804 0.7125081362440696 0.6983286859871257 0.6986349787840271 0.6482774474985573 0.6227541126411337 0.6292479221035729 0.6325801214104911 0.6092106803505086 0.5816478065181844 0.5742969279784812 0.5727469562659573 0.6010832236285458 0.6048943030977695 0.583078443679646 0.5664095957192828 0.5475510303067529 0.5417190887253424
0.9135538174360491 0.9251265520982354 0.9121885608008734 0.8966321054779592 0.9069359987460525 0.8726405640418693 0.857824686969488 0.8881511996586462 0.9098449504127598 0.9113998675099283 0.9210598199753856 0.9237414145232252 0.9206263583166233 0.8808103442793027 0.8624988411387233 0.8473062632948255 0.8183491863598564 0.8289523320011939 0.8415663542094235 0.8170044620980589 0.7998205310619941 0.8158335344856229 0.8264721968119191 0.7844328423013299 0.7372088417050164 0.7262055216626002 0.6983409819533125 0.7035889701520709 0.6707014846432527 0.678045775284421 0.6605627501159483 0.6163097044823505 0.5916807797380963 0.5913540882962676 0.6041085632648873 0.592974411996426 0.5525193838625528 0.5806258767076357 0.5631220914963077 0.5778945405030476 0.5808772211412819 0.5225742123180799 0.5113946984123247
0.8786060736363497 0.900381884074368 0.8796050494741857 0.883304698019872 0.8827258034593506 0.8487439565312463 0.8447674775901792 0.8831530068038267 0.9099270653196985 0.9212066629488194 0.9247397839591098 0.9264019966172902 0.925302649201859 0.9073860295482359 0.9024302739228341 0.8573591329980673 0.8163604647033484 0.8498685622712238 0.8073474447093615 0.8008211422675658 0.8118853091038347 0.8278220078052602 0.8394761176545149 0.7758200806687965 0.7532515653386874 0.7503017265958027 0.7143222750037801 0.7110365355183612 0.6589911654805988 0.6559106757676745 0.6556518354983061 0.6139384272977564 0.5917918933954665 0.5956428170698471 0.5664017815028219 0.5571137001296094 0.5846026345240785 0.564932793337587 0.5726055325205548 0.5446844560082297 0.5346441251453181 0.5005417504251897 0.4752793239174778
0.871738036452926 0.8952017093540393 0.8647960569459718 0.8477861842368088 0.8409284635462831 0.8308121208184832 0.8343094197353913 0.8806027101433608 0.9059630453157865 0.9151903895522924 0.9277257182441714 0.9254432956602332 0.9383058295229898 0.939548964013971 0.9139307229462079 0.8549146769761634 0.8268022658010001 0.8269131791130441 0.8238067786191046 0.7978877022365691 0.8085708759886604 0.8121967527761866 0.8479697399530796 0.7928305575582076 0.7709227369278195 0.7326348883341103 0.7352422887122005 0.7104071722833832 0.6601262350757138 0.6434493930760931 0.607851115508432 0.594139903821889 0.5849951088971588 0.5843337692070955 0.5337237671357054 0.5358330748506359 0.5786848387436216 0.5732324862128212 0.5602898082729448 0.554464665212511 0.5102870973495449 0.47103386308399176 0.44565874393282995
0.8871261697227455 0.8884495167514266 0.90258030211118 0.8741899785026803 0.8704408259421145 0.8547699219252411 0.8504223413600981 0.8852169181525277 0.8751443528388713 0.9093736513709948 0.9048526267744809 0.9295519373281642 0.9334626754362783 0.9213932630423319 0.9299734456568546 0.8956965687872455 0.870181933748593 0.831453708299771 0.8279554495647554 0.8153396136325697 0.8380615037896 0.8213070347282854 0.8104787678388589 0.7795815225366302 0.7832578528771806 0.7414174379285412 0.7364693911427931 0.7149955997175247 0.683849348283682 0.6384504167999201 0.6311475264409142 0.5863260964275412 0.5866572241869809 0.5597234383522696 0.5646301499900152 0.5530504280002854 0.5728290224631564 0.5589711622041521 0.5154646752241454 0.5257189856079639 0.48711709118561203 0.4670542149433003 0.4561349412333818
0.8575183423396291 0.8635784471430138 0.8956052240524106 0.8507057419806621 0.8586829125021386 0.8631224224753842 0.8584872148243448 0.8666932831562068 0.8871308661081191 0.8822847673814435 0.8626925742682904 0.9049291985280622 0.9148454556466932 0.9128774359461186 0.9187494730690674 0.8983987371707447 0.8593800551837604 0.8559468230409258 0.8547568280602071 0.8509415345779515 0.8386565661567659 0.8154782206369885 0.7920423916395336 0.81211833365166 0.7970003920347037 0.7385004542982091 0.7380021931222964 0.6955765099352454 0.675777129745022 0.6697267969693074 0.6176485345732677 0.5815276514537916 0.57159586503869 0.5415152632209487 0.5370395389091464 0.5668954802364278 0.5602597760448051 0.5580126505286795 0.49123457293627726 0.47502283221116265 0.4573615123938912 0.48411843747891287 0.46754792771103293
0.8756738557677592 0.8887533414931799 0.8605336717941677 0.8560419760478075 0.8584596265018528 0.8297448547598157 0.8470911610621125 0.8556377659042501 0.8634545101413372 0.8454350520311116 0.8635058452848922 0.8787606523171024 0.9145350443658139 0.900034383795101 0.9024960285437683 0.8682136926825036 0.8516685613299161 0.8432520323443312 0.8271435442432865 0.8291524108190303 0.8536393322274995 0.824551664000947 0.7974271738714935 0.7896779579462743 0.7831429652058604 0.7398025410675506 0.7325499530317354 0.7022320771275138 0.6971763325051403 0.6685170626581002 0.6639802981273333 0.6140511184240998 0.5948886412268691 0.5610405136257912 0.55991671249462 0.5409676313497052 0.5328302769227664 0.5423001590760975 0.528546041431257 0.4735971479916305 0.47810667799003154 0.4533241587633257 0.4748212453060099
0.8753092842598169 0.8894329784633725 0.8847883257926425 0.8618948785225583 0.814910443135867 0.8007364592423504 0.8114833906748671 0.8340918448774016 0.8149209353133846 0.8324278357376107 0.8306906918708024 0.861532179097859 0.8988460151032119 0.8890057162850508 0.8662125996756024 0.8530810176916173 0.8441309146199211 0.8072718938238781 0.7884561820876377 0.821723815254995 0.8315938541086795 0.8155552905256324 0.8083781146916842 0.7675086442260215 0.7663894970936996 0.7335069196714789 0.723411517231832 0.7176879101513063 0.6955795857955475 0.6848268543462421 0.672149465292319 0.6504253505425734 0.6281445588521313 0.6084641855722235 0.5933056316120117 0.5676748844752741 0.5379504965453151 0.5149997051884294 0.5265609548359587 0.5030016920636572 0.47671075562999365 0.47624398240648513 0.4499275644752581
0.8502043619989881 0.8300499749309416 0.8508310565741166 0.825940699720204 0.8071760171270872 0.8083486875478635 0.8466557704008734 0.844011545209177 0.8425502849860328 0.8200560376185755 0.804097608758358 0.8468815905904655 0.8592900085510901 0.8582306033271372 0.8582850229418596 0.8547211070615194 0.814509408958536 0.811736215968149 0.787590910250127 0.7882295798189214 0.7964030011024582 0.8163143667920629 0.8179186889390696 0.7710461478333716 0.7428336173731682 0.7439479946786747 0.7232876527043924 0.737197396435198 0.6935253865343749 0.6843299198370022 0.6803909526106483 0.6493012186344205 0.6407617571687044 0.6150366031744264 0.5949446104619575 0.5432965797518619 0.5322654272826701 0.511876133972817 0.49104090573189846 0.48651420311777677 0.4869396336009451 0.467485748263902 0.4709493086018525
0.7908125619457914 0.8043021222113722 0.7971636494021025 0.7936489525859727 0.8497129065085749 0.8161548127458206 0.8478085114025614 0.8175058183105796 0.811001897576312 0.8070891626825102 0.7750053748574222 0.8180565721851457 0.8381422094678314 0.8404168537744721 0.853871851305089 0.856344317896946 0.8267410573679252 0.8155831321943389 0.7824653206864292 0.7942592326959976 0.7708995897437486 0.8063200960368659 0.7869573202329314 0.7402104157569592 0.7286863258109311 0.7275369456793077 0.740608754150109 0.7509707077790334 0.7275772794038835 0.6922020238427415 0.6287856729142709 0.629429219874786 0.6035811338135147 0.6127527245709763 0.5907701426453948 0.5399079510347305 0.5343758445312266 0.540960987113318 0.5069085069703084 0.5277444821276868 0.5163331639178371 0.4951982886820737 0.4621880218245933
0.7693596384142962 0.7702531808886964 0.7699773031415533 0.7909827054940822 0.8236149339977729 0.796232367437653 0.8025544601559428 0.8053073073737267 0.7959426475834395 0.7766035685379109 0.7684129409857579 0.8027513372562077 0.7999349676553904 0.8317574684299518 0.8136087243077254 0.8202929243015341 0.824115341442267 0.8390687426500302 0.8200586554985944 0.7974909108489634 0.8046068250299027 0.7980693324640189 0.7720514038464921 0.7476022866179637 0.7513689682900739 0.7398086978521914 0.7443777786065175 0.732890860700756 0.6990270859245427 0.6881059916025143 0.656163200728563 0.5994565598011351 0.582102300589316 0.5764248091027583 0.5719311691225079 0.5450742597212096 0.5614971456451651 0.5199577927677652 0.49935775760818296 0.5131428253037407 0.5081504630826094 0.4638708355069337 0.4608789274065221
0.7511793786829307 0.7831985429511565 0.7535651180014461 0.7620507289180151 0.7755402861746031 0.7804530096800243 0.7958198153902515 0.7891515388267577 0.8306211161617136 0.807110062714204 0.7649708296375444 0.7805322331244903 0.7781851256495483 0.7975956010502021 0.8201911384070165 0.8271895285926156 0.85401879946779 0.8408000595799178 0.8669748516538811 0.8257624396226002 0.8330120989847438 0.7942732946818111 0.7252390302148414 0.7495851352484122 0.7532337273502202 0.7442044934078595 0.7081081291918347 0.6874887559355829 0.6694594634761957 0.6554233451575012 0.6632518913852583 0.6347222516080623 0.5719560887194661 0.5785449636110734 0.5611142816670747 0.5607035186779971 0.5588973808413283 0.5586955914170374 0.5318157710703759 0.4879349471381506 0.4776439057370222 0.46732088109654635 0.41522035824278614
0.7713206859442023 0.7833205735658699 0.7664011849787004 0.7662874760710779 0.802879646439043 0.7968522236607752 0.7939268521184742 0.8011403683416569 0.8350304409246342 0.8182480075690978 0.8100031907785226 0.7891881831182118 0.8154972845636302 0.8227394219626375 0.8132466660319047 0.8192178102455012 0.8501772202905713 0.8381844462679515 0.8611006143726443 0.8423052274187968 0.8002346922705303 0.7733328276055256 0.7196452917187722 0.7237708865969065 0.7395602606416808 0.7375049656770413 0.7370091823878335 0.7108254743713335 0.6933975204301822 0.6525569748399289 0.6449686887624124 0.617624858002278 0.5691717204798452 0.5669543319638841 0.5461509070318842 0.5575451514870169 0.5600456721956478 0.53893933308297 0.5234455699907149 0.4841962156496897 0.4685535100828693 0.45244150206436223 0.4431498546506641
0.7933007306348615 0.7911047288695924 0.7958561725334496 0.808104486986569 0.803282338325345 0.792520681930221 0.8052277601672678 0.7877879353190416 0.8106218460164486 0.7980747490760111 0.7793237911767937 0.7871895583234237 0.8125561953224407 0.8136106012281102 0.8172019896279163 0.8016277007373985 0.8341264297003937 0.8147648375466074 0.8107170125157225 0.8394440702087099 0.8222782229153905 0.7583115058937302 0.7365399395527389 0.7190273234288109 0.7136065375317052 0.7317848777440082 0.7402712321770472 0.7097891692089029 0.6811155521729158 0.645426624187365 0.6198203245496477 0.6162137402962943 0.6036406077619018 0.5597725801342636 0.5556816095324165 0.5619786397352258 0.5726715250141967 0.5414473167965215 0.5186213733693767 0.4996112448813017 0.47227432517769846 0.4643480309087373 0.45189514559879634
0.7698665016247783 0.7675140807373937 0.7688120985470146 0.8006464931101673 0.8020621037172775 0.7992873981463686 0.7836346902626664 0.8024968783667873 0.8255081903649457 0.8074509581021903 0.8269715427790763 0.8190078242194844 0.8047008834014454 0.797756806930338 0.792238680882874 0.7897197371321967 0.8192587017274094 0.808543205208549 0.8375923886194039 0.8436162953830373 0.8228117303372913 0.7662774310910941 0.7352494639944838 0.7275345699298054 0.6971788717861741 0.7024660511499591 0.6863523078433599 0.6804636160375999 0.6622733693064579 0.642858081255487 0.6287258474965833 0.597454758039089 0.5781034844725031 0.5704448254055166 0.5622909264095054 0.5965154783432464 0.5882927288653063 0.5458609192502963 0.5034345274171986 0.46174171114963913 0.4584040671933147 0.4461611659757326 0.4337518832859423
0.7327919479862914 0.7468420848118084 0.7604142115573431 0.7993297826328474 0.7846238608836356 0.8119991615614791 0.794834505721959 0.8110723748925027 0.8570109003210559 0.8245339439541818 0.8339986700749176 0.8198826088551245 0.7601499225672973 0.7627834241289767 0.7549503100659668 0.7697878385151864 0.8227103113869207 0.8346738028954708 0.8307234472148722 0.8128158732918593 0.8225649189145937 0.7662520724903619 0.7265580179311124 0.7428374667216648 0.7201759990983732 0.7371899981036232 0.7090480914406561 0.6914750637390639 0.654512534442156 0.6483483311570509 0.6523812148703723 0.5983670421518336 0.5982249011043779 0.6068653576643951 0.6136366981812218 0.6087995860882609 0.5843320672162684 0.5122425849017554 0.4541392804776836 0.4603553294885157 0.42999792259602354 0.4244212769746349 0.44316959653371485
