Raster_benchmarking/DGGS/continuous/raster-113.asc
NCOLS 100
NROWS 100
XLLCORNER 1743160.1156062267
YLLCORNER 5469280.3976735035
CELLSIZE 10
NODATA_VALUE -9999
[rows 57 to 75 of 100, columns 0 to 42 of 100]
0.1155378919380398 0.12436625495727816 0.13403983508430448 0.1114797057447855 0.10599385573754018 0.10962126168634477 0.15765158031764182 0.16724624182178116 0.16420696563579062 0.15991470943432115 0.15914885817995592 0.16810199066903408 0.15907980535424154 0.1787716644629509 0.15313168100638505 0.13606025868416785 0.14210932689187464 0.16156091556234276 0.1532298957827535 0.12193424151192034 0.09157439868259021 0.10150093460380712 0.13362477077721951 0.16967354279342112 0.20373814490297182 0.21069354346332905 0.23842815718799357 0.2562804734210435 0.251408402950761 0.2462872056609734 0.2286588395378872 0.24595323471215763 0.23913869238643198 0.226323469271028 0.245466939625209 0.23588834765813033 0.25014838398155853 0.27936391942776834 0.30166463086249334 0.34809166062742675 0.3607709461359826 0.3808483375198878 0.4310296839700575
0.11732158293274698 0.11502553188472125 0.1139487228445611 0.12161137374999786 0.0866107754844087 0.10355976589467147 0.1381502620548869 0.14022874968878293 0.1538667003065721 0.1724364509655649 0.18613860648768468 0.17353043389274744 0.1961749708086048 0.15653567925587086 0.16263650875488342 0.15983483033457402 0.164530041617001 0.15675661653643905 0.1119969007410383 0.09986030911938452 0.12182605100121961 0.10696252252699813 0.1361284859402362 0.17582697933950017 0.20079023029731913 0.18542915929509832 0.2283785432083057 0.23720289148174364 0.2300138655107208 0.2362131808186095 0.25461903154777715 0.25015196792085825 0.2731799937261021 0.25771474809276385 0.25784620739167086 0.2769345087840792 0.29111680963118786 0.28473977567040665 0.32552577979177344 0.34362293950814676 0.3377048803382228 0.3809444078410952 0.4344492405278513
0.13338858964414912 0.1219521982404735 0.13644528458911662 0.1294627337489686 0.12154139690661504 0.14912474178383797 0.13559770339571411 0.15535457346003356 0.15624454828497694 0.17564624587702937 0.19731422519505948 0.174893829511676 0.18281893480028352 0.16149988895746886 0.13352792733089924 0.1563470100064625 0.15680051781729834 0.15516470520806386 0.1088026622638643 0.1011767931411235 0.11810980639917182 0.10676645836531432 0.13394426243039828 0.1408784161613444 0.1736295116078134 0.1629529920513985 0.17983413525727804 0.19205763143990126 0.21551842532015 0.21529181346251242 0.217668186316163 0.26451254409993746 0.2466822660285638 0.2636053575225964 0.28291306217523726 0.2657829205487474 0.27996221201877686 0.29764942132513267 0.32417029691198046 0.3284981478725655 0.3271914684213663 0.3673558816863433 0.413268858101112
0.13958416940771934 0.10979266883078366 0.12215762490722691 0.13840674441673226 0.12581784843931662 0.16211038121602356 0.17629722067711528 0.14913501696362463 0.17144036638543347 0.1741687269310712 0.16688889010052413 0.17075733647600042 0.18325494832420103 0.16067175346517168 0.13740991989182785 0.1187872768258667 0.15122880748382148 0.15897145464290577 0.13723717165130378 0.11968669036395442 0.1036968347834092 0.10681477932386596 0.09511857399333873 0.1424362457499778 0.14011253394743986 0.15122493197579198 0.15972329749626946 0.2050168979367951 0.1904208136017239 0.21654477898953647 0.2051991595490295 0.24443394690853193 0.24619808158941386 0.23659844218658385 0.26883341763685353 0.2849157929658898 0.30696773388361753 0.31248431367890345 0.28604778543234005 0.3079453836145405 0.3207706723944033 0.34624928931981297 0.39654094395641964
0.17325793343836784 0.12980350447597327 0.13329100397356627 0.11692956230734132 0.15525857192500403 0.1652979216531112 0.14729247745560287 0.1646167117014132 0.15542930005672517 0.1419826945153684 0.16100897829755909 0.13237743980914288 0.15461428765082436 0.13802331706557391 0.10457619360430882 0.10750538126528483 0.11685232940250938 0.12843783301463468 0.12091138435963754 0.11265191496249104 0.12970969636197982 0.13219585154101005 0.1173160638220589 0.13113153512277684 0.145043685745708 0.14679943466854758 0.15915032596730663 0.2014520142898055 0.20971704984088013 0.19742812805788532 0.22477584750634197 0.23120894909779147 0.22848875072903874 0.23848397444385194 0.25209890992645223 0.28044697484179154 0.31093012443680496 0.2948608581795644 0.32306126172228355 0.31576261168476494 0.36080234068778966 0.361140351897989 0.3967701218714352
0.18614506675745127 0.13587856601201498 0.1259647923140843 0.12836833730764913 0.15478481946133904 0.13667974166473085 0.15903555039354406 0.1460324483568475 0.13984496211511102 0.15927154627735365 0.1538569699478014 0.11167696869353212 0.09738742512500621 0.12082607497894587 0.09520203204221776 0.08063398783813851 0.07507143612906247 0.0781091577349565 0.11458599896316347 0.11533286055665198 0.1163157782280222 0.12420104898428083 0.14435327878090984 0.13951748007299714 0.12664096256893437 0.141556762210648 0.1508782833740739 0.18899401121704393 0.21836991474776732 0.22235606681465342 0.18691023119533487 0.19726775487173526 0.2168324719835483 0.23018819777773408 0.29172570527551306 0.3064528067085236 0.31181713013067974 0.2940388246116602 0.3139479593631344 0.3195357388190208 0.3726858824694831 0.3888574324377457 0.38388264432604335
0.16503525500156302 0.13710563555498312 0.12831588738777255 0.14364744719309663 0.13951469244126052 0.146412889461353 0.14242423469108625 0.14064098413865206 0.13048840235072073 0.15415791709144128 0.1496997714723193 0.12665345229694075 0.11695309314973946 0.08658528784953907 0.07455225124417797 0.09104269635823778 0.06293224877242916 0.07136465279676253 0.10045753739980683 0.10931210570226561 0.12535428751996733 0.15368627871362933 0.14300817744297406 0.14310173828282205 0.1384794353720593 0.13457156979935034 0.1460370087334116 0.16989138552832758 0.2026875670164953 0.21738790002457004 0.1859304916320059 0.213211548078821 0.21581783444361982 0.24662866930952193 0.274391064433734 0.27197774163099003 0.3051436377898806 0.3248311889143861 0.3586369952730534 0.3514800849704835 0.38677231920786254 0.3951968916894595 0.4058313298339468
0.1613532387099582 0.15028952281694266 0.12423981988442177 0.13274667733770157 0.14471876676867226 0.12897592765177604 0.11753116607684687 0.12919884457573863 0.1536197611120306 0.15022095460619747 0.133426249667984 0.1180945026116331 0.07582466637503711 0.08547030467457606 0.05180955171437138 0.06772273225006442 0.05762202387412612 0.05827504548520547 0.09030968014716621 0.09657734221954634 0.14958265101092913 0.14946261794754465 0.18946580325137038 0.19116123498188933 0.16267900906602406 0.14407121656695032 0.1637244528012119 0.1857188785359146 0.22309101247022714 0.21612115531074233 0.17517283275641013 0.22043644554931094 0.231104991502894 0.24054767758809173 0.2407230998195361 0.26993150330146465 0.30099673017289497 0.35758223028394953 0.37542129921971823 0.36864154722966563 0.388440242074507 0.41185104324223326 0.42875311573711383
0.13539888663580135 0.16004056753236792 0.1410210275842643 0.15474742301450398 0.16847192941610264 0.14935649520947106 0.13392291156527156 0.1518202651859481 0.16271524143697083 0.12065484266368169 0.08602939600626076 0.07034950556623307 0.07146561215608645 0.0507064432481331 0.07355869608638256 0.050257234244873425 0.09015721079758432 0.09867980556249108 0.08348326947293583 0.11898741963031614 0.14210943679676685 0.15956773420509784 0.16426063106006059 0.19243926025713753 0.17089150903102265 0.16174719968490858 0.18476098794661716 0.17009760793876808 0.1692517904000418 0.19127763659768549 0.1789449527293171 0.1972911674697788 0.2317058974523398 0.24966394621156954 0.24904121346789482 0.2916836785254138 0.30292535965863726 0.34607500899288535 0.37426512774442655 0.39863845885107435 0.41892840090012395 0.4414801591385327 0.4256329015309136
0.1257486422896648 0.12566019907192696 0.1512350287918076 0.15353375879944633 0.1712520822220969 0.14696868019940854 0.1459002449362431 0.1349346130845479 0.14084734567522894 0.09888425557508981 0.07619270418230789 0.08512321265124796 0.05698013386215237 0.06133270706510574 0.06629476205778193 0.06736570534189001 0.10483161352255937 0.07854303405365887 0.09550481653867779 0.09989657246748175 0.13528911347456793 0.1445952391078261 0.17319013400511288 0.20343952341100277 0.1885367692695346 0.18385613355638486 0.20126389556505414 0.17799904740602995 0.1657266452365295 0.15869969863843847 0.18991528595761284 0.182924001706995 0.2194925619356412 0.24340509760298465 0.26158626207850644 0.3055165792289472 0.28736487155494944 0.3391385699254479 0.36360333990404714 0.3954257567891708 0.4338255035825318 0.41971186311448616 0.45074730917683536
0.12436991027145539 0.10879088961133994 0.10812462477398399 0.1487292462902004 0.1309016745920125 0.1308942537349314 0.1126933165261596 0.1401668322547148 0.11056592346339499 0.11089099754454766 0.08355078462376485 0.06608630433323169 0.09162472746494642 0.08164311377632012 0.09926580865171518 0.09592609909599857 0.09039604035997627 0.08636760354027508 0.08235865477089502 0.10317627922255827 0.1231800799505884 0.12390927833801833 0.17035457550530084 0.17373127963483428 0.1550713857728711 0.18086451250475116 0.1724269024994916 0.15857329863655367 0.1526468758792405 0.15623137051960598 0.18905848679013904 0.20267917704829416 0.2189607024819155 0.24186635922163097 0.2708335832815918 0.3028499974772746 0.3269683145443724 0.3318187893455799 0.36538144278596457 0.3880214212795949 0.4307453539228039 0.43029353487000643 0.431096801963049
0.11887994663304004 0.0773136352003269 0.09115527899409184 0.12417706572210095 0.14054100957557392 0.1282236404783396 0.1059806590291571 0.1064164029168231 0.1084157774443045 0.10000961496430351 0.059943938403585965 0.07984245132991319 0.08652517395386333 0.1109180297974275 0.10537365763118767 0.09020553222472914 0.07482990050889199 0.07239066914023029 0.11232865110669156 0.10964880633753497 0.11135877228956645 0.1307197359940426 0.12444737895561715 0.13834276927165348 0.1269465068877879 0.13662789346407295 0.13890459544512374 0.17534387467453083 0.16005687777272873 0.15423284487711428 0.17807913839746095 0.20265593459365708 0.22346688072505 0.22103602537620712 0.2508709183353107 0.287854586984896 0.3576142465376502 0.3413652121069812 0.3516615873538638 0.36315061100596013 0.41027846528161527 0.3956933905205739 0.4107969373316327
0.08937324669586838 0.07634065809208021 0.08763015676405757 0.08911884974675567 0.09046800770012099 0.09018780600558447 0.0935401492891566 0.1078555785522054 0.07968225966748178 0.058281640300438406 0.0596548231153868 0.08450620162285494 0.07508341668208812 0.0844726508526074 0.07243706661175704 0.09140291643626056 0.056066884253052694 0.06936751874888235 0.0880855070544568 0.0929080598380234 0.11143523092115744 0.1055135694224672 0.1008693309236844 0.14437706492748814 0.13061296926567167 0.14302814641804035 0.17037338363261081 0.17908792329988094 0.16106514329349653 0.18694848133752162 0.19313609959229072 0.19402392379914543 0.22923797760333173 0.25091887464419194 0.27610816020198387 0.28253704802670376 0.3119871255217282 0.333871919297344 0.36491626117558496 0.3699679938884998 0.3984433818161825 0.37326454347894467 0.4148315028415408
0.08291255091962979 0.0742113976849805 0.058666092278214545 0.0832869908579483 0.11032702450631332 0.0923510545922353 0.07899817441916546 0.06973274605900978 0.05955054955779026 0.07534625783909914 0.061514974536892496 0.08180726121088679 0.08537218287360056 0.07929898758594701 0.05531872163684012 0.06435314366231099 0.04444535470312059 0.06285197979154318 0.09753053996738192 0.09691012192440324 0.08765125860863875 0.11711278435225767 0.11249960896989245 0.1382814110426821 0.13195783920478338 0.1533944737633726 0.1912377743299444 0.17862528227053384 0.1647198286720061 0.18743952648065956 0.19431777844499828 0.19538348058728391 0.20498208032270068 0.27210641227058074 0.2869759483731729 0.29394808117267773 0.31346036203883454 0.31267902286461746 0.32040604423012725 0.36249044329592317 0.36202453858098305 0.3913862152253071 0.3902588829896886
0.07456928862292955 0.05038247438038546 0.04010128173135946 0.06319008085051837 0.09323499740189627 0.0873364714114257 0.09573820039997616 0.08187388415866803 0.06003529214688527 0.06013243145792491 0.05495027899685865 0.0633297735214223 0.0713449261138687 0.04752310158723625 0.059918698225020904 0.05265789233307258 0.03893299287889315 0.06151897641989756 0.09343931092560077 0.08948682187735216 0.06318854194134775 0.08278835647287307 0.09923060240665549 0.11857687351114429 0.16940449257468973 0.164277444018221 0.19082951250637417 0.18969871024143894 0.21872620935731624 0.21974657461264274 0.22357626595201222 0.1979961908949216 0.2360896814378845 0.25968104034992634 0.2666141669460392 0.29181035993599336 0.30869606579069275 0.3405282630347102 0.32655619396484836 0.35183910598166757 0.37337882371110903 0.36851736505083577 0.3672990981363039
0.058712388169650964 0.07848483955279041 0.06270550488198005 0.04256906590161226 0.05177714956464501 0.052072942446018594 0.08114286272413992 0.06803726259121513 0.09085760407585056 0.0638099218668847 0.03685559558037077 0.010690924468267844 0.00929068564276839 0.036246792427751494 0.016311118564225582 0.031338667727773765 0.0446997331534964 0.07186357296075359 0.058317328444032195 0.04011026913355376 0.038636603972084425 0.060633929543347516 0.10508275888048509 0.13717680797154852 0.1764670014843314 0.18433481324339618 0.23303023498292716 0.23004215274558956 0.2477955225815732 0.24412670082326976 0.20646444155502516 0.20831954749331028 0.24051328699620103 0.2593169510916834 0.28935250946638724 0.3069600475744256 0.3196178724010152 0.3132706242690419 0.34608291013004044 0.3348707794835064 0.33516708051884164 0.34760243350136555 0.33645026616980966
0.08998607268926757 0.07248511686636762 0.07065484719817704 0.04706666134095661 0.048032534957458704 0.06194060337783555 0.0864792122532375 0.08573053343244448 0.07462144064598449 0.0426178576477657 0.019133220491517146 0.003931298404849596 0.01737508529786232 0.014183180767944515 0.01920325491539025 0.040779233745499396 0.05581322252381398 0.05432687795869755 0.057672034417533095 0.042561114969812415 0.05701376553962426 0.08267798717860156 0.12351545221113512 0.15019926599003386 0.1580589182246299 0.18174173884365386 0.239221415421949 0.24636901997809704 0.23255112411882206 0.23301465389623394 0.21480493838659914 0.22913210667572462 0.23652031840732776 0.2372993491716341 0.2706156325635186 0.2951937572798548 0.29531904122463865 0.2877879954980675 0.3274874832814031 0.325301618417731 0.31209367606883237 0.3038223975690062 0.30400100180146344
0.10159335195358526 0.06625847576410353 0.05558384760262672 0.06303399761350952 0.06079119828119717 0.07263012321508301 0.07971063960926947 0.07836948425619211 0.0928328082578768 0.05628709297688354 0.0294333287476774 0.00644865034679944 0.01652831276981378 0.0 0.012902581217371064 0.023149193552839335 0.04230576524430679 0.07670023001492966 0.07531614231980827 0.05502930904590435 0.04974486959023957 0.08968076356128019 0.11983287488265426 0.13929580213497728 0.1383697799195572 0.18252586996571163 0.21660730677763612 0.2398835019661425 0.22764221553364944 0.2318543241377369 0.2105732805807811 0.23338362038178118 0.21381447687258961 0.22842180273175056 0.23545763125388067 0.24168228081460363 0.2510986516744817 0.2472555062097713 0.2892383471334683 0.2682408621706772 0.2638489861741491 0.2851303059843661 0.2948158222925124
0.07487493610629042 0.07321980712861667 0.04897341453857334 0.043336154303203756 0.061984961452621126 0.07073780530690661 0.0887831093372056 0.09774918790226625 0.09702576889711577 0.08412138546125024 0.038829702273045906 0.01923015981908791 0.027684746470646202 0.005979060023522416 0.03719573606073451 0.029999544480596427 0.0479082902531541 0.07816144601964889 0.09050857204206886 0.07872294146163551 0.06952482458890935 0.10528241146734213 0.14260808768190522 0.15327883936593917 0.1481196299900973 0.16801783232098555 0.18121730704478267 0.19808092158056984 0.20015023695321982 0.1863415533036319 0.21716096515360753 0.21594676674533803 0.21835668806093658 0.21098106437546904 0.2082909389601469 0.23601484233217698 0.21777425017269034 0.24029813275768433 0.2509386156415807 0.24183150409882354 0.23833615504925978 0.24801727486033248 0.25482892993380407
