Raster_benchmarking/DGGS/continuous/raster-94.asc
NCOLS 100
NROWS 100
XLLCORNER 1743162.596353571
YLLCORNER 5469288.714714705
CELLSIZE 10
NODATA_VALUE -9999
[rows 76 to 94 of 100, columns 0 to 42 of 100]
0.49757946338427933 0.5242351913787382 0.5308109969519834 0.5613984001830709 0.5755519188494818 0.6227437857875814 0.6081975799152757 0.6211608459592568 0.628081422657239 0.6163417555153322 0.5879841854777121 0.569979477115645 0.5772693754341229 0.5540752691864644 0.5612698390557411 0.5298655609567714 0.5184984006920026 0.5501282538195021 0.5753304185578021 0.5808091764586468 0.6030462221878866 0.600294991362381 0.6064026668456698 0.5954404479029966 0.6180861334889023 0.6085748256589866 0.5651929314788666 0.5529909135535542 0.5396303300756473 0.5304509750191263 0.5669183708786838 0.5751043569567935 0.5587119409966311 0.5638681593712339 0.5862228014131099 0.5585144734278363 0.5554387465373141 0.5354813652695463 0.576571050211276 0.5399871990107267 0.5371105659992513 0.5236871111589783 0.5404438588567502
0.5107811861197177 0.5058653597722718 0.5493905049316661 0.5843313893589314 0.5615011963130324 0.5855350562864421 0.6048715535883001 0.6070318106283461 0.5928528146199922 0.5679602894922988 0.5744307532076367 0.5799190569890604 0.5467308887742153 0.5489605653502952 0.5701649225588523 0.5660764343709555 0.5339793657049859 0.530098271383738 0.5608730219300136 0.6199161686673679 0.6179382837673636 0.6081436081218508 0.6061219786431662 0.6208272453485053 0.6091245315333723 0.6172135492914724 0.5892747950683991 0.5870395043278241 0.5818663819292502 0.5998022427519684 0.6054512576415256 0.5667820160481561 0.6043884617284533 0.6326660963661904 0.5931325790390686 0.5938129039534049 0.608419755094427 0.5862104024748607 0.578056217347437 0.6068770615323895 0.5872719680348641 0.5740526273776623 0.5723573282731079
0.4893716213108793 0.540568326009522 0.5282123706309655 0.5718084402840508 0.5728305291391722 0.57944340727671 0.6217836108859185 0.6271277607558372 0.5982939865860724 0.5701416392437667 0.5892876754450695 0.5960417939608358 0.5683014499580968 0.572535420546373 0.5637459107625494 0.5513467453443093 0.5572928861441138 0.5749215969035752 0.5963718252134834 0.6113059066245418 0.598457948680149 0.609062314077303 0.6079569022815773 0.6263785228497811 0.62480435034019 0.6244795533477907 0.6253318966845316 0.6337216173526117 0.6233028648688725 0.615992939982328 0.6194043988697697 0.6203625011567803 0.6141234518090168 0.6473357024067117 0.6376980936661358 0.6124944505796843 0.6144065503471219 0.6418633597937868 0.6299006157538425 0.6268700754636425 0.6424340112896223 0.6279521686075171 0.6232948277319376
0.4895457157908025 0.5435385897353372 0.5280006492699897 0.552627285646484 0.5896956727309574 0.6081249035224476 0.5942909818741727 0.6019163847105453 0.6095246236719195 0.6210479485362271 0.6115191988800601 0.5915656265305551 0.5653222684961964 0.5492586912884803 0.586441937844212 0.5938237549084288 0.5718782180435392 0.5712541347474354 0.6005529009246162 0.60604908646355 0.6140418272218546 0.6459985461901842 0.6410202142945072 0.6349824153656946 0.6633700048446329 0.6374827041931131 0.6430599020509151 0.6663163609444516 0.6464635344807579 0.6172093536964907 0.646543235781617 0.6496832691700778 0.642612818299209 0.657362669774485 0.6650871244196164 0.6672506566422647 0.640397788587277 0.6651081748014277 0.6444927771468358 0.6743573741238069 0.6598052842409958 0.6354561067020231 0.6701058473181091
0.5089379067630833 0.5337756243045072 0.5355709007003439 0.5828428616895616 0.601341951519149 0.5941891806413544 0.6162254920752115 0.5854299510153185 0.6068591735302031 0.6174329144466096 0.5861702732364773 0.5616170121783504 0.568535207473879 0.5538680403833163 0.583515916677123 0.6034720462197989 0.5877712422364605 0.6120678476462565 0.6297590843205014 0.614781430148286 0.6126568310875863 0.652592759214705 0.6532667880918718 0.6851458490615162 0.662940964567235 0.665942540697885 0.6949870953319885 0.6623341780798631 0.6668443735285626 0.6793643252068695 0.6699775986977106 0.664564809594926 0.6802030832003979 0.6738908861645363 0.6656308316107177 0.6557479524292353 0.6444075012941843 0.6617814715661359 0.6747149055174095 0.6680588594143512 0.6534517559523082 0.6408783339125882 0.6825312953989054
0.5232033023709263 0.5124424794997622 0.5635822809223461 0.6027812417320136 0.6173822941112344 0.6262222671353807 0.6037203485229159 0.5969377093112903 0.6023669208125223 0.6177972798887209 0.6200139388718282 0.5872266740653376 0.5976016449157452 0.5751327231000561 0.5903730325941355 0.5772094311756457 0.6302805782824645 0.6472627045549482 0.6376849105889971 0.6185611908562069 0.6446940111661094 0.6617998233072483 0.6933884865590394 0.7137067733600452 0.6890001594015985 0.7060525957257272 0.7005202833026072 0.6867555122944431 0.6937546921922197 0.7378837996866467 0.7337819968892895 0.6833694126185272 0.7140833996096496 0.6889028208570783 0.6921137635177719 0.664318191248327 0.6409728478462648 0.6586185984290854 0.6761927049366923 0.6926380665066065 0.6985433074111282 0.6671082881803047 0.6878432992303886
0.5349073506635958 0.5446139035706692 0.5860055414014091 0.5683358958409154 0.5693151830987697 0.5532867208301471 0.5654118029525028 0.5736225188893649 0.5941903237147437 0.5980469603795739 0.6039939491892633 0.5833101175057392 0.605111789577773 0.5958355074743256 0.6049559081288366 0.6188538370330724 0.6233887923233635 0.6685860889775365 0.6751632988863266 0.6600463746077534 0.6911597644014662 0.6999668663041816 0.6896579955225506 0.681023627613285 0.704121335072967 0.7286779496813617 0.7119188891978684 0.7162986285302999 0.7682232962531637 0.7685946004347498 0.7696170792109633 0.7564976587671842 0.7193801605868979 0.7134618863159151 0.7029514606405927 0.6992658006249802 0.6790925120409499 0.6959332529783514 0.7186145560168793 0.7363528832341664 0.7282099326555967 0.7044986140648748 0.6973675907041127
0.5391119420362176 0.5564081462621233 0.5680202428996929 0.5775663003463276 0.5456869971219857 0.5459304831234781 0.5726455907105136 0.5701318698791947 0.5820670354409716 0.6089461166955306 0.6080241603267644 0.6319001750693616 0.6333950157472109 0.6008678824325315 0.6525387715844321 0.652015427307612 0.6605723306892224 0.6940101990129991 0.7081013368774752 0.7062359236547326 0.7033590120016375 0.6931106621324538 0.7081071811365988 0.6952137167599302 0.7161739445717221 0.7772764211615162 0.7412326983796952 0.7565674921665999 0.7832547129079865 0.8041563087536356 0.785024592466816 0.7910275813791082 0.7673965811529516 0.7416962280714277 0.7365387620621217 0.7134186563844072 0.7042408854169545 0.7370695177302978 0.7352661113688282 0.7647514803030995 0.7554522436034131 0.7476289013654426 0.7390777016705052
0.5300622314709262 0.5479501640183805 0.5874118843355556 0.5738122185584575 0.5403065183421869 0.5469789657406926 0.5708509666390621 0.6247044369431436 0.6273611962493224 0.6146477170103162 0.6376887344868345 0.6735513894798498 0.6339730215319295 0.6544232330944468 0.6713014436255113 0.6644616023966519 0.6817019126409991 0.6877408452574638 0.6969019556598026 0.7035289514741773 0.7194280275635297 0.7138664536662923 0.7027223677768164 0.7104596818253962 0.7378747358432162 0.7623696431510758 0.7510492683763574 0.7771446014132442 0.8006618081561013 0.7816395313227624 0.7841042002037346 0.7890331840560406 0.7761114773426889 0.7538583934045399 0.7639816120288965 0.7695935405079328 0.7468130471543942 0.7202371212041401 0.7368986458943069 0.7358129687957897 0.7561608097506268 0.7554505147502245 0.7643687828720719
0.5191784463498864 0.5838423306425584 0.5890256945766839 0.5532068428573506 0.5649040178706 0.5621245986636986 0.6100386154980322 0.6351001315698902 0.6508998320307701 0.6704382246883539 0.6743472703585016 0.6974600018332856 0.6720626061401672 0.6947852494024203 0.6980637991375714 0.6995679328937876 0.6998674424836642 0.7195454617443318 0.6985084973746648 0.7035184976602556 0.698196680784151 0.6938903844854418 0.7303569231156789 0.7151344584775845 0.7618115483345966 0.7459793579818842 0.7642324170378869 0.8028879013617101 0.7765386220394161 0.7741257461961913 0.810186009216416 0.8012813889447375 0.7705468536957919 0.765934333293089 0.7561346519216733 0.7800408662809416 0.7758767883547304 0.7514734017127246 0.7447498575428989 0.7688536587295198 0.7489285352697388 0.7727270026694736 0.7375432456436517
0.5652330617379194 0.5915259837047085 0.6090718822599168 0.5890195505011022 0.6081287210563484 0.605360896567829 0.6286481482270319 0.6508996602217079 0.6729612658945703 0.6762869458432176 0.6841764935429175 0.7144424033305953 0.7221426010609532 0.7301135755911909 0.6895609000176061 0.6941715680481049 0.6984780547777966 0.7135792544000635 0.7371119352760495 0.7177270424099431 0.691814357815801 0.7288686974953505 0.7345702034920506 0.7455638743782524 0.7719691916197366 0.7745644404579629 0.7822675422357147 0.8040016800159383 0.81311660739563 0.8094401932812287 0.8303183626329469 0.8235387011307918 0.8112371306816598 0.8156554832867655 0.7977618291810288 0.7874395766521425 0.7630929843091289 0.7555403069097862 0.7466176587953129 0.7691226548724361 0.7787617204986329 0.7932582855876131 0.7583582177751097
0.567774486896528 0.6060645376307019 0.5932556830117568 0.6287308750793277 0.6312286746871291 0.6496913573403161 0.6631121772155145 0.6780344558665731 0.7077339256693908 0.6946182026330526 0.7142361688011226 0.7494860615183558 0.7399726929406313 0.7345966278917699 0.7268711593571733 0.7135105515862458 0.7176708469029666 0.7272115816341331 0.7345248671329131 0.7025385554851704 0.7443112570557262 0.7592921404955468 0.7730147487686346 0.772012034687992 0.7918078536803577 0.7637034458876321 0.7547898011127396 0.7659540751081102 0.8070020780770646 0.8322710227534968 0.8328507269062108 0.8205174714460733 0.8052110941215322 0.8001550960310829 0.7892847138141832 0.7956465516406496 0.7654288200116137 0.7641790690963064 0.8006322538417677 0.7954505533648133 0.7820445386589118 0.7829804835435862 0.798203772873913
0.5623107107686137 0.6097963510190277 0.6176111189694509 0.6318409923438214 0.6818213514149152 0.6663160702852322 0.6755278615288353 0.6753168980946282 0.7188075698067662 0.7235141005657546 0.7131178312684353 0.7429636455898923 0.7653219216496853 0.7565236047841147 0.738032131952423 0.7395951863931373 0.7307986370368491 0.7381081596834281 0.760233533228357 0.7269196328524585 0.7452797474233682 0.7437111012464155 0.7567370168862526 0.7611191717359658 0.7739235959647058 0.8043604548633494 0.7906710522517684 0.8006027984342061 0.812508506442627 0.8250304667214299 0.838306355074113 0.8409725389866476 0.8117232800977915 0.7909590835385654 0.7768258752612283 0.8056403763149131 0.7907503695952728 0.8122294059616668 0.8028947564937057 0.800418349461397 0.8306724383041034 0.8222136783826586 0.8052350817428627
0.5888554482672397 0.5937321380038032 0.6338830097509669 0.6745739407339258 0.6653858717696657 0.6937972049030161 0.6770080504649035 0.7155603597832143 0.722920877885309 0.7074444534907126 0.7356138654025186 0.733665823344714 0.7751183781940147 0.7702750139315874 0.7534790823653773 0.7799649914130952 0.755126367987925 0.7764395488785073 0.796494915082416 0.7676204980739693 0.7529379429677981 0.7287213006509891 0.7311712544037934 0.7333580539693928 0.7527806374977343 0.7940861328462 0.8012594988432874 0.7811095400652176 0.7994523424042691 0.8529244112609239 0.8383815599880939 0.8409304913117447 0.8128507589118658 0.7994773399824832 0.7831166792804446 0.7911605424531268 0.7891168765935587 0.8299711724334936 0.8458501164817729 0.825858574173663 0.8698663632177754 0.8574413928297916 0.8147575934246205
0.5983423750536637 0.6310091911747887 0.6402581077241746 0.6625297916738274 0.6950813407565168 0.6958775258754997 0.6966259834183509 0.7057956054281842 0.7049970742804519 0.720082495124207 0.7380113451931817 0.7679965108964005 0.8035815032066621 0.7821403445025922 0.7953443815223938 0.7846870117647521 0.8142892884902789 0.7998105676350022 0.7973118986104056 0.800761638563558 0.7927341343100283 0.7783012972470241 0.7275268848370784 0.7271256194942494 0.7442793571712668 0.7696349809545541 0.7891378795902035 0.75693261937121 0.7878618581333863 0.8293989172862157 0.8094966824401161 0.8324445817016448 0.8298976462184173 0.8418865692023678 0.8215766287341573 0.8122211581062732 0.8377112023928264 0.876647530306078 0.8799539440869967 0.9064078553733207 0.8968221446910383 0.8859309732368021 0.8620664399252551
0.6556238066939211 0.6821288494756157 0.6905515178892787 0.6886337999237687 0.7002620991763927 0.6940152223700686 0.7243481149279821 0.7295480632612573 0.7439823998621982 0.7315720256165502 0.7520742410155852 0.7956004706474022 0.8220497760934046 0.8206780404105788 0.8334884789950792 0.8379057033101062 0.8570880336874769 0.8403926969773059 0.8048974010454212 0.8189865918081631 0.8234059319868895 0.7859755565857611 0.7520581604579446 0.7249199262501488 0.7537699798858346 0.7407411307420377 0.7684403794586789 0.7460520644682944 0.7661866752428201 0.8008147643856715 0.8209002914722261 0.798479451167046 0.8473133322120288 0.8411162071808036 0.8570274864456332 0.828060856985199 0.8554549440129054 0.8846220203341146 0.8945232679577242 0.9360308203844441 0.9084318456430628 0.918255672533584 0.8953762800072438
0.6630330914562537 0.6909218233297691 0.6897524685038652 0.6853898032652208 0.6945451202582692 0.7082818666971293 0.7166912931815882 0.7477226634634161 0.7387603133090781 0.7404344302186355 0.7602197116661799 0.8197245134596504 0.8031946580370652 0.8352793197735032 0.8577325296827947 0.8590788206518765 0.8681418392575366 0.8541590164851609 0.8444374114256451 0.8442711215940887 0.8191287040459337 0.7601298529568806 0.7651968116641026 0.7678277558167704 0.771902657204774 0.7675601385257276 0.7732870286673186 0.8064277988090278 0.8148919941804487 0.8067110739394865 0.8233993314946917 0.8327303228005815 0.8321757142407018 0.8484145736093668 0.8604795853499899 0.8626122639743714 0.8751118186202645 0.9142943384106074 0.9499358042411683 0.9552069059209325 0.9435557591275708 0.911571532631228 0.9078440417183335
0.6799106223953625 0.7106964870049952 0.7162910798057591 0.7474763148146599 0.7099383798692386 0.7070310252754501 0.7327918590402092 0.7426260255342838 0.7169819996134331 0.7265042683365441 0.7953154373980243 0.8286093585434822 0.8105918436881715 0.8521823451235768 0.8635645139414714 0.8872696055501265 0.9082004331191944 0.8940291059110894 0.8347575549852856 0.8567290253677955 0.821640432069762 0.7459976163543445 0.7466833568828314 0.7367120416645183 0.7759289891418096 0.7899211418872228 0.7823777916773852 0.8089234744637315 0.8028680701408585 0.8338222092851878 0.8217337298610228 0.8627534594206236 0.8369163482730981 0.8553989609647885 0.8683299680911316 0.8965329174844747 0.9004920620970249 0.9652316522326907 0.9751885545296592 0.9648312253524437 0.9277789229613579 0.9257945937967349 0.9346192517940699
0.6659607210349913 0.7209530113888923 0.7100659055619247 0.7375720545519812 0.729388225133896 0.7339191477091749 0.7470107559806751 0.7572499426641306 0.7479195116745826 0.7514287184538855 0.784070073012273 0.8019513832984274 0.839422120809661 0.8600126205628428 0.8768329857394843 0.8933401765340006 0.9070958217251379 0.8605047169177462 0.8376693830566296 0.8432099421787417 0.8091140369406704 0.7578943541437233 0.7296257796451224 0.7339585648840481 0.7882914967629657 0.7664820500755096 0.763896291745424 0.786880181195432 0.8227759074827345 0.8539080027611149 0.8533381461524422 0.8752988695180991 0.8850275178405281 0.8991045595379419 0.9187961506433979 0.9109264681421723 0.9505040504863272 0.9709906676247231 0.9366018664339364 0.9407634619961887 0.945589370650577 0.9575592056308133 0.9650495203042945
