Raster_benchmarking/DGGS/continuous/raster-300.asc
NCOLS 100
NROWS 100
XLLCORNER 1743149.2701317538
YLLCORNER 5469285.557204261
CELLSIZE 10
NODATA_VALUE -9999
[rows 0 to 18 of 100, columns 43 to 85 of 100]
0.39417795970369524 0.397914883859834 0.3989735182411943 0.4464390408484632 0.4459703629395413 0.47596951058233017 0.4813425640357074 0.5298297834868122 0.49543781875341764 0.5035145455742844 0.5027355864414429 0.46259267418186567 0.5307658025747302 0.5337528275473377 0.5330540633690072 0.5449187498127412 0.5568230652564774 0.5304454454500709 0.5332967638755213 0.5622278930561241 0.5652608219794095 0.5424780107330005 0.5596474392187439 0.560152764743408 0.5501449326586458 0.5822998121337535 0.5931465422213851 0.6384923373370923 0.6048126567848152 0.6557986186262486 0.6521698912318178 0.614678614556742 0.6205302209784321 0.5872906698510889 0.5850714703732572 0.5533716486012608 0.5802178500801934 0.6160347597227858 0.6326484912580339 0.6314661689055401 0.6384457227798872 0.6152765437021467 0.603183261873974
0.36733685371800057 0.41453541222887114 0.41565195426660767 0.42621463182068753 0.44138344417979575 0.4635186416981649 0.49634501097217454 0.48305433288518473 0.5162679648180846 0.5352041847931759 0.5066089019540123 0.512976214336155 0.5460811759184682 0.5305691188394333 0.5365649982079488 0.5740569995272194 0.5508259394349884 0.5368054170846024 0.545853919676359 0.5543523654030427 0.5523578300649342 0.5733897101583856 0.5706039966739734 0.5353425726821924 0.5794525932130917 0.5911430995676581 0.6252369849848333 0.6569108354422566 0.6289933156204415 0.6158415109895762 0.6198651331329942 0.6554199072685232 0.6513731528994746 0.6338512054191118 0.5960855463927012 0.5849339998775654 0.585050660892026 0.6055593043185148 0.6283028494516749 0.614281830119499 0.6262224397473556 0.596294643419014 0.6196644398824335
0.38415397380902927 0.40927598772699947 0.4211653955594194 0.4171419223153511 0.44588095480458073 0.4779824629190032 0.4594246452929231 0.47361219800049087 0.5024154162270992 0.5365012607443801 0.500498450114829 0.5050670519726956 0.523714971473013 0.5876850380853283 0.5779353691420092 0.5775457458509609 0.5852192656714783 0.5817637583058126 0.5961838677662977 0.6047416585418643 0.5613557694096248 0.5656417228612362 0.5682814589180124 0.5313535736171527 0.5932514446232497 0.5926647718876572 0.6312200377370335 0.6507245334464901 0.6547504836688814 0.64232523287023 0.6521256039695851 0.6546014768713364 0.6358145390898581 0.6619910378850833 0.6401133635406119 0.629299860324799 0.5920673554514331 0.6153154840599393 0.6572823511642378 0.6424154084958349 0.638685829910213 0.5927616388428554 0.6024396268062114
0.4149198556360182 0.39141201026020633 0.42829112983265427 0.4378607496648522 0.4387886166065817 0.4743937502677409 0.485187816498436 0.4608524777834762 0.48187399285075294 0.5298396040184548 0.5408924318983099 0.5174207409302612 0.557674310657698 0.5571034873651581 0.5711088253988126 0.5742485571631887 0.580997308533675 0.5618380775016943 0.5568005729120193 0.5592563041003392 0.5666109148388181 0.5743745642838685 0.5584511224059828 0.579906167007648 0.6044838730626431 0.5923433125321439 0.6159498283516754 0.6414195749422386 0.6539933229830638 0.640144521800534 0.6552101683839329 0.6843491742643658 0.677134027778062 0.6568739759696577 0.6472395537548091 0.6188870478070737 0.6306175915127709 0.6211319207417244 0.6566011846338596 0.6579979495431215 0.6161633041383973 0.5955885738425265 0.6009560798828725
0.4255325543939524 0.40813754817936415 0.4372264197952497 0.44254169060131193 0.43013657210649275 0.4661360078847966 0.438034596325974 0.4521650756113979 0.47733575207723383 0.5115484600783068 0.5120052274911803 0.5479911054082661 0.569427357688289 0.5628311136409363 0.5794953790412944 0.5379305462935414 0.5748721934422325 0.5714046274293352 0.5506391019851362 0.5705102275289371 0.5608552318448174 0.570093281920445 0.5586777144866129 0.5848355905645848 0.6054324364766732 0.6269140247679204 0.6297142506839198 0.6283661970147532 0.6713193811627725 0.6883451695283885 0.6880291621739972 0.7033073468860486 0.7166474344664919 0.6817811683611309 0.6673190062563362 0.6153942293699072 0.617762792499077 0.678367812918556 0.670554764238601 0.6345300089379092 0.6242773047741562 0.5989605147791488 0.5938943662848337
0.4428479894623059 0.4489575875265074 0.4642967141119724 0.4721239025210892 0.4422806532416969 0.42364839540361576 0.4466833450189548 0.45162636767607334 0.473718492498931 0.5001857170238174 0.47705103164378876 0.48989849625164067 0.519277565408804 0.5686001892592075 0.5439103566982582 0.5447326268947983 0.5611209759936723 0.5559435186055066 0.5776173507103214 0.5871155049070168 0.5763409937284262 0.5951900027571839 0.5787783334184469 0.603084457535947 0.6239547622762946 0.6345178094609322 0.5935970799235295 0.6486343853689258 0.6668397535683828 0.7004334307740757 0.7132460581052057 0.7093775289648618 0.7179955287233933 0.6644841806170787 0.6626265881616742 0.6244810365722658 0.6298679200555956 0.6344686053065642 0.64658866614117 0.6344174310904994 0.6572491798564076 0.6331979621154924 0.5621152472925285
0.43548458428770676 0.4573254096653487 0.4789091874502533 0.45791546490671686 0.4256586755544306 0.4422184868537583 0.48422570865533787 0.46474968006454964 0.44741271942218624 0.4566864280421777 0.47851277964471495 0.48205206251032073 0.49414864437071515 0.5739716447253316 0.6028431602307388 0.6030281239136508 0.594099041951748 0.553627364315107 0.5872756831773172 0.5949435587182871 0.5837024144091287 0.6169599999674051 0.5914935998075557 0.5832299501328633 0.6036566113470598 0.6138997195469581 0.6115600156649725 0.6054316695873849 0.6298900531544773 0.6642680732445743 0.6722815798722259 0.695361673499144 0.6807668366578976 0.687593778000178 0.6806358578711201 0.6457549137008972 0.629222510453013 0.6156860070328615 0.6580002527084942 0.6679200440785535 0.62356227239136 0.6454265111717342 0.6084578191542275
0.41553295395160933 0.4114804525747885 0.43374881596246023 0.43313062811556075 0.4568549155156404 0.4449172508146379 0.49700108413777877 0.48257002896776596 0.4553035345713613 0.4914079845342601 0.4852949663887387 0.47737728819098346 0.4850322937746893 0.5362406371106356 0.5864583627909801 0.6037821593497479 0.5877694677490553 0.5825315909754745 0.6101245942724706 0.580399337028117 0.5836191764231231 0.579237718007186 0.5981349988656416 0.5682309691786079 0.5945841212715325 0.5745570690922106 0.5544063813659417 0.5904857657204294 0.6169935713569119 0.6065443765666307 0.6068207828470883 0.6554913090254786 0.6585239158478498 0.6377211717266713 0.6603019022380143 0.6227694981250942 0.6302373130811272 0.641711159097785 0.6493865465949261 0.6589609939935748 0.6248604515679217 0.6266586678145222 0.6160637251998711
0.3768948817876889 0.3910584057957288 0.4338050261090382 0.4527629251098612 0.470602720614301 0.48873216970292815 0.4817410686266356 0.4919867616931176 0.4815121697368369 0.49337977615045947 0.46270120702444845 0.4453571420067742 0.4921181614680067 0.5094170494553257 0.5381640166199383 0.6073547705101306 0.6201443671546016 0.601758368032543 0.6015304031380106 0.5848101878180273 0.5809072032143661 0.5791198814747724 0.5675333378269419 0.5361561590075832 0.5579436348263294 0.5641498550041456 0.5255609294780766 0.5367738255211321 0.5393584888940055 0.5581201751650936 0.5499493559629431 0.5718136504123255 0.5974008455558991 0.625509827151768 0.6441958555778542 0.634707496931406 0.6198533924766803 0.6211596552238599 0.6165985690852241 0.6111046112218845 0.6294363548681613 0.6153884469633335 0.5882494377608394
0.3398239477968423 0.3745526778913195 0.39413462022204043 0.4537754190420862 0.4341636862063314 0.4613234506065988 0.47184173457170364 0.45151287142595087 0.49945408776257516 0.5011050147528636 0.4788065159144594 0.45982448555780164 0.4707984969300816 0.4986255584888957 0.532735233395923 0.5830151695996658 0.5815007110985017 0.6014991170285716 0.5745979769489119 0.538633870153779 0.5352047424829801 0.5186035102070945 0.5282523516758224 0.5081971195282952 0.5307858985931219 0.5335326648113261 0.5090784410766602 0.5260432572735163 0.52565199614333 0.5386642210280538 0.5329684445105829 0.5464736809683707 0.5446907131547364 0.5626070187480765 0.5540879667317501 0.5851594850506421 0.6075778725628991 0.6234082120928932 0.5871320085173156 0.592369839695152 0.5897867079519319 0.5926876483821213 0.6204139776037678
0.323705509397025 0.3707609182535841 0.38997819341012374 0.4368172450381295 0.45004316234744013 0.4127032371667502 0.4241752703395183 0.42986489463912014 0.47520852670831215 0.49021704160060736 0.4506801859444707 0.44912271971241646 0.4672411111777532 0.48536622864249956 0.5434613177008816 0.5802520380550966 0.6019762626339401 0.5814625220879428 0.5338199319920949 0.5087289002874175 0.5264381780126016 0.5315846851602472 0.5333419286032994 0.5408613649096166 0.5360780123896998 0.502982927189006 0.5113236892878101 0.5327182760946788 0.4956035955952635 0.4810065636908279 0.5073296033729032 0.517451425851054 0.5426050697076953 0.5174135636669487 0.5087873636415376 0.5163315284232867 0.5423978292757065 0.5978845437608205 0.5568370986275983 0.5815706074594497 0.5977802614458132 0.5928067717828814 0.6208634813108447
0.332201721400784 0.35903127472781016 0.37483173428234356 0.3961951527520381 0.432529941401968 0.4120093596314367 0.4271440001179793 0.42580075785430777 0.4480886885261952 0.4346831797289654 0.433394668247168 0.43885884797057817 0.4921716749710555 0.4948526885957995 0.5061467630125227 0.5335113146350414 0.5616984805775174 0.5332003662568673 0.5235914765162073 0.5127986083165117 0.4925069344837941 0.528497775985594 0.5163893541406536 0.5288861299061697 0.5499982220563002 0.5145492431764463 0.5298634934126664 0.5322186615966301 0.4979798855625194 0.49932078530655066 0.47163695196277844 0.5312615710500673 0.5248192653573601 0.5323029285551103 0.5322033614419891 0.5298504891811732 0.5181257852918394 0.565360771093798 0.5599672021271402 0.5543035531542024 0.5857553928013103 0.5867782372188777 0.5965600708559247
0.3183726494623359 0.3447932975877268 0.3729305384927215 0.3579925822606959 0.3943969437644066 0.4609166162519606 0.4602719938176643 0.43542335297957874 0.42076375023767654 0.4570960022972864 0.4334142243441292 0.4186758899678467 0.4825988403451746 0.5114338031376483 0.5367276209584491 0.5426098767473837 0.5489267350628884 0.5206221711987893 0.4934987658571989 0.47056052595397746 0.49987838137873664 0.4958086577059946 0.5024629216495701 0.5545718547319021 0.5285316771002454 0.5176222211981278 0.5135238055808342 0.4644111042771749 0.4748616869711099 0.4856289020186385 0.4762642835285551 0.5081483837981787 0.48513189970254234 0.49652958809896053 0.5117067275300536 0.4990436112377303 0.4863788479394864 0.5150118476800047 0.5341953317298552 0.5678330650393791 0.5590816906700153 0.565563674462425 0.5795973160528729
0.288790054919051 0.3285239818208156 0.3783361724467199 0.3615760253485666 0.3724543608988076 0.42122656553750254 0.4512994442163954 0.4443299894745319 0.4456613211608906 0.414154777468177 0.4077820704457622 0.4342862101509656 0.4795914479835633 0.47483583769324017 0.5065912184831695 0.4909791495999399 0.4896546439922476 0.4891531806145076 0.47685754361286736 0.48419899417832024 0.49502934994703496 0.5098856475801943 0.525385968055932 0.5664499348204365 0.5517551847945387 0.5445906145052518 0.5163119130937227 0.4744648290640718 0.45413361831728627 0.45700351924021626 0.5046882580135044 0.4766125939499342 0.5097999207943883 0.5295665682549339 0.5099343566731269 0.48606290843437255 0.4925482988455344 0.5141093631028211 0.5421421763620174 0.5446223243022688 0.5141432671609292 0.5150160697352272 0.5129061977659845
0.3398584327133539 0.3682940738701795 0.3986874874388288 0.36708259806119925 0.41069116878183004 0.39705483992985535 0.4488779614054166 0.43422281321533074 0.4179281951357525 0.44805992273801987 0.4029396315533468 0.406581759080252 0.48167515217759144 0.4898948702830831 0.534077149575526 0.5110792521897108 0.5214350465984909 0.467842076913247 0.47173867029744165 0.45858112020379055 0.479759909994975 0.4726478518281284 0.4979302864099476 0.5303319773990378 0.5559266618034201 0.5488503115914125 0.5032980330359449 0.4608639084635868 0.4640280151270413 0.46166543077846495 0.4846962928883788 0.4710575766303647 0.4875197381957923 0.5176964873256279 0.4892222808565201 0.45349911089539036 0.45308114822745926 0.48908360317243943 0.5203362598593203 0.5202842632770747 0.503492717710211 0.47967521713729233 0.46733800250739327
0.35776826653999494 0.3820656898560811 0.38029287694532643 0.4154952905539894 0.42317557608982925 0.41083783193008344 0.41237045256116905 0.44829865637950034 0.4387202333620792 0.40250110386892235 0.4168407916379089 0.4090274620552743 0.4496678827464857 0.4769110604147517 0.5239929207091792 0.5078858550133545 0.5290189914616223 0.49060735866569105 0.48650312428882764 0.504972296618508 0.5143532793075076 0.4991924338874335 0.5297848977755241 0.5060962480952633 0.5083469332304679 0.5221241172678623 0.5055768687336284 0.49043213092591814 0.49827835851386637 0.4892616093927764 0.4913680852853406 0.48787546575338187 0.4757836325878706 0.5164836301711201 0.48710899088733967 0.47665846318076216 0.47915303379599444 0.47750255154006893 0.4860565900541214 0.4992466953209991 0.48665511933195477 0.4812666608657547 0.47891749847991544
0.3319799391037047 0.3663281790120754 0.3937433209545902 0.412450308470886 0.44549987484932546 0.43569899205921214 0.4524197444487633 0.4569881812189398 0.4106399346302985 0.4023148358260302 0.42802891570075036 0.4560978680776943 0.4854543844846486 0.5018825594566955 0.4896810529258158 0.5032821222428125 0.5102925505653151 0.5359955336180687 0.5204885164531288 0.5080847063456355 0.5338712653741604 0.5402318025983485 0.5207828405171895 0.5115735199538906 0.4940222298724405 0.5129473581871924 0.5137021511231764 0.5254150262134538 0.5347816737293456 0.5227866911004472 0.49928379511182003 0.486053036058994 0.5089871372599386 0.4825920635873303 0.45355501628743955 0.44413154728877885 0.44781549037564744 0.4469009352829448 0.4361427388172762 0.4677190666956181 0.44184578261774987 0.4392685388955547 0.47500409770708424
0.37696303971226003 0.3772850433820654 0.3802159261129183 0.3889932959414873 0.4290926950172694 0.4185819973523569 0.44583090113351864 0.46867965443201115 0.4416720017953365 0.40858927667076306 0.42789224807403314 0.45790475432853217 0.452171613104619 0.46220682461534546 0.48695429314734834 0.49050930553290545 0.5098276415372521 0.5461588531400429 0.5188705363285299 0.496541869436729 0.5516107649336821 0.5379162955822789 0.5516165171058112 0.523490144719196 0.5310387068311598 0.49986175953575407 0.5151978069374747 0.5701913284148732 0.567764207469973 0.5468490935604845 0.5157235881544798 0.5201675496621135 0.525868916309145 0.5096495204409273 0.4932134641027726 0.47608227236127443 0.4626505525078302 0.4620028299268002 0.44049111296959836 0.4777186480346479 0.4731580970384251 0.4709909370834866 0.4753240843905286
0.35359787511371615 0.38253466413114395 0.38331697499685713 0.3834464759044633 0.402230151637532 0.40678231425472144 0.45516813106586884 0.42700673896842334 0.418406812170825 0.4477182785701187 0.4504027355035455 0.44157147792968177 0.4273343321842578 0.45503731406691955 0.4929251849791934 0.5301902407288179 0.5391958178151043 0.5554423566056824 0.515156008688017 0.5079969792858069 0.5275743504274799 0.5462499277907799 0.5563418082857408 0.5464331423503164 0.5559665443982624 0.5241199368411132 0.5132978899962648 0.5758452747252037 0.5965440125665574 0.5615486924051558 0.5462098711957183 0.5888326851553501 0.5565091230383833 0.5681099603156646 0.5304452623768467 0.47732511085765383 0.4728537794470044 0.4684916900402487 0.4401786845620156 0.44428098249737225 0.45601959603700615 0.4648330104896444 0.4617008249513581
