Raster_benchmarking/DGGS/continuous/raster-154.asc
NCOLS 100
NROWS 100
XLLCORNER 1743152.37758096
YLLCORNER 5469284.269915673
CELLSIZE 10
NODATA_VALUE -9999
[rows 57 to 75 of 100, columns 43 to 85 of 100]
0.4837060130191947 0.493033592311949 0.5076892688218806 0.5137205790881648 0.5389132881332773 0.5133618592518756 0.5434513305882084 0.5270057260969707 0.521326407252979 0.4452670328919926 0.43122578550266394 0.44050523187244595 0.40259589215790237 0.38054728742505295 0.37236862675124494 0.41180321102005235 0.4670962254522262 0.4680280515994788 0.5081190588765679 0.5167036223868697 0.4963375619333423 0.4815044518142671 0.5177891686074542 0.5629553759878465 0.5885957335869744 0.6121522417878008 0.6704476021731784 0.6936808784631431 0.6874165006085589 0.671743878543362 0.6970008555234108 0.6885993220684608 0.6360350811090454 0.6279530785730316 0.6018637885512387 0.65430279188333 0.6669497279081765 0.6505859001041526 0.6183554898426543 0.6474226710063081 0.6438988483924103 0.6176346454298458 0.6027741622994912
0.5333528712159102 0.5412118737400708 0.5590934050729471 0.5939818875371096 0.5902102912123505 0.5409795430799276 0.5356086848004394 0.5312594620960223 0.5333986252889127 0.49975479737556316 0.4391487246357761 0.4192690596612807 0.4108547710889077 0.37938755263040996 0.3971826765942626 0.4274271642735226 0.4897207678891945 0.46335897258521136 0.4986337075532741 0.4783147988295414 0.5043225357214931 0.4732352150865468 0.49523536308068683 0.5336595255848924 0.5612470946476634 0.6305148748501956 0.6652916858200943 0.6894489714186427 0.6818578864816499 0.66675049958554 0.6728840681523441 0.6871300161739825 0.6141559384796211 0.5902062206248574 0.6061183258053283 0.6550464009966689 0.6324381175456258 0.6552286934791699 0.6232174555886524 0.635679933451393 0.6223251385503803 0.5805460864355402 0.6117350771380805
0.5465599770736511 0.5474753683521103 0.5614375606175289 0.5997802459586473 0.5968798872078228 0.5924257876134001 0.5433621822539301 0.5640998962557275 0.5580498756655405 0.4972291082487766 0.4758461077298479 0.4464866377205429 0.4619859687310998 0.433602526340571 0.4369474391647186 0.4563711555608699 0.4885115721190566 0.5187360344157838 0.5053628422970091 0.4667661689351397 0.4890970928868458 0.47872085798517194 0.5206090732155566 0.5648096530375921 0.587876981447876 0.5807109643959141 0.6061695958032448 0.6453338560253288 0.6650999312543682 0.6726115220531127 0.6287013859445124 0.6163827796303121 0.6187424966719535 0.6324842852057241 0.6237959908772943 0.6156079099293073 0.5976786774497915 0.6348635906735379 0.6165283607294565 0.6574892484850404 0.6304760537402883 0.6409144082991006 0.6324514500430225
0.5488490982272535 0.5450523511913621 0.5973579480909725 0.5987120090051844 0.6111025027913451 0.6168308801355935 0.5698931605207704 0.5514154598195189 0.5866395636850074 0.5552770619133924 0.5258786244778226 0.5345863088140461 0.4961945598922319 0.45380857211694897 0.4484398107901203 0.44555278726840847 0.46880500095318856 0.5100295817374453 0.5162709178166007 0.46910142985336956 0.4910177015344891 0.5225000364035491 0.550785918544973 0.6182825123500437 0.5750896273351631 0.5759795475563506 0.5733689680294634 0.6288131888985294 0.6032646711020098 0.6439912599319892 0.6292848766891291 0.6179809443327025 0.578156121097505 0.5879427129553539 0.5882174569326215 0.5619917803832691 0.5598429761009102 0.5955202736673296 0.6104691465655698 0.6511522048442727 0.6726556804618455 0.6555475331243459 0.6485200835718598
0.570088381133197 0.5955370077728078 0.5912267707168463 0.5599937158619229 0.5855746916740938 0.583142110346048 0.5762198482059604 0.5841767710675932 0.6086113014856724 0.5953940763925438 0.5701471731123263 0.5409154269637811 0.5432718097353918 0.528230923256358 0.49367671243073574 0.513094040532956 0.5304100541398286 0.5459464998102388 0.5093144025495326 0.4937542434142256 0.49847416066018113 0.5311687775658847 0.6112678119269385 0.6496346149588277 0.5946113062792121 0.5938300096082354 0.568860673735697 0.6018644034067622 0.5815475062677155 0.5735737870255185 0.573550267817883 0.5893186255942601 0.5530880567378845 0.5908195498549789 0.5906531731213142 0.557213992698262 0.5887718248499252 0.6210016205581603 0.6137715849221634 0.6520139384886658 0.6437915314584103 0.656387148439083 0.6668533483685225
0.5952894127365636 0.5889683863122875 0.5511307725494606 0.5538744566746708 0.5926020765413282 0.5752983930943725 0.5764584540994057 0.6373098353067232 0.6280595645191147 0.592401752933568 0.5724998891324588 0.5548591466122383 0.5495424401047999 0.5417286288792118 0.5337692284198355 0.5267727850711799 0.5428361902864087 0.5568898276827021 0.5200930183587615 0.539865605002069 0.5119283655775463 0.5417772522393669 0.626195149880769 0.6676973337361601 0.6437947757866108 0.5969179847714007 0.6087876771358485 0.5863261686969713 0.5805018540394111 0.5560377316275034 0.5332568529002117 0.5308699778906808 0.5281684688269214 0.558877459094189 0.584673405026313 0.598384580273786 0.6234928183972052 0.6210783317644593 0.6269200369740313 0.6145747520306596 0.6128201950782035 0.6745138031039897 0.6653320178963924
0.5921531657679053 0.5691122963200798 0.5422805040233952 0.5495409701579254 0.599456391473965 0.56776356751625 0.6092081327820291 0.5839007261581356 0.5864335779791208 0.5907390715875224 0.5883205752817127 0.6072502178364818 0.5726442631169547 0.5689876787742839 0.5245119378957388 0.4864202522511819 0.49933366719502104 0.544597572806561 0.5235752745946073 0.5516172589719931 0.5655387038190369 0.6041793710924138 0.6108777335323323 0.6262764462525107 0.6144785179039449 0.6058698182808094 0.5982098775996707 0.5548870852768877 0.5751769520707064 0.5879492685834625 0.5455468802736229 0.5356293237684497 0.5249271229152794 0.5825364870424848 0.6028399129178938 0.6111148817733173 0.6217464652691386 0.5969215609262662 0.5955803294825881 0.6294169076536043 0.6103028695315255 0.6613370644763127 0.6641572692378716
0.5798301396541514 0.5355364611524769 0.5727685943810376 0.5866500491385757 0.5714562731840042 0.5703868895976505 0.589023129256584 0.5964212766932478 0.603990185865032 0.6192036790222952 0.6220636551271677 0.6389239024919732 0.5975708271914012 0.6018642931578412 0.552917562599814 0.4987779171799972 0.5333161411963334 0.5200733521644308 0.5781398905191133 0.5668869597417905 0.6153527382265842 0.611828187213777 0.6348284219188148 0.5971626906966109 0.5811819010462903 0.5992481265461549 0.5914389292867199 0.5724467123719464 0.6143672017347277 0.5984994239572085 0.5882595327095987 0.5475501862863172 0.556662876284539 0.5555809310348456 0.5722634730048873 0.6079808599415935 0.5867941876544894 0.5916622185521339 0.58452002375668 0.6133366581298816 0.5956885982624505 0.6249730927459562 0.6195483834137187
0.6087519685046668 0.5862955352632828 0.5448131666931447 0.5699415974385242 0.5280957144800024 0.543334021978726 0.5877874446199709 0.5644383629645909 0.5782093001942024 0.6229693786954617 0.6304715903277528 0.650595230948929 0.6162922627470999 0.5952083761831525 0.5878290938496928 0.5155104506006226 0.5161657224013565 0.580433858411698 0.5979152205695041 0.5807799151773049 0.6088828828456747 0.6441961799421465 0.6095857604942708 0.6089464139031273 0.577840555778853 0.6144928780935658 0.6206300818710361 0.6261014078269489 0.6003785363754113 0.5951570194830567 0.5702458631918147 0.537479580623765 0.5601415000591581 0.5409628567403684 0.5762814463356816 0.585741592810934 0.5978089908099187 0.6098178210867665 0.5562092053400225 0.5769320749136152 0.6019502518689265 0.5928385496281698 0.5786876648866647
0.5856397969827969 0.5773371690431922 0.5343044356746974 0.5328952963564525 0.5337466811735185 0.5280523591667895 0.5931077470667816 0.5807425152814935 0.5795818655767248 0.5947715632096244 0.6025174613455025 0.6395370038400741 0.6104778041535783 0.6225358548895228 0.5635465324739956 0.533194133167114 0.5757898031486646 0.5987326720366898 0.588747384053206 0.6534252568965446 0.642063704601683 0.6768870598568234 0.6593480394747547 0.6063530713614633 0.6045332210193114 0.5974570017920682 0.627284886465903 0.6291596364600115 0.5881396613833788 0.5574298846515449 0.5738013863202278 0.5236751938082783 0.5227241977331611 0.5570242500063272 0.5642300065270865 0.6051753555083352 0.5992299581483405 0.6107499448877471 0.5655973689673014 0.5154276393988919 0.5529726019952232 0.559700443180123 0.5742121021580175
0.5902388713314767 0.5402358816250358 0.5451379922663123 0.5238130070941582 0.5169443212719217 0.5315758763894051 0.5630633171920694 0.5963360583544275 0.5849069630458046 0.6095833893830696 0.6142311719774064 0.6005630406470033 0.6182249784719358 0.5704589476676724 0.5616825011491374 0.5422012487851768 0.5778447515006153 0.6232505329168102 0.6040265551799243 0.6236452545129144 0.6479345922162821 0.6760632320369904 0.6761125270110284 0.639409879616052 0.5871280628466189 0.6064607287593838 0.5735310298552941 0.5702865225716507 0.5664148735012742 0.5715964014157556 0.550271978606092 0.5703674897845644 0.5444838107973982 0.588843536201738 0.571574684982393 0.5739530418744407 0.6096965929246062 0.61094068682868 0.561783728172244 0.5284384369790855 0.5079006122722085 0.543904659251974 0.5173457987511539
0.5910964412111083 0.5427937296179883 0.5402501332338024 0.5208005182433411 0.5497795296605331 0.5646572167056606 0.5517315426392084 0.551468245377076 0.5962348074186954 0.5899697732819784 0.5632432530705359 0.5948912424012409 0.570617275363054 0.5430485856824673 0.5599361821127924 0.5247273020334193 0.5620264010880003 0.6019879509623374 0.5992363419716443 0.6580921313856257 0.6351364243891577 0.6577559547338186 0.6647774333205527 0.6628884423387322 0.5874569264370325 0.561464671424895 0.5679793818547947 0.5442881316508702 0.5539817011663906 0.5658419495642135 0.5557723425102694 0.5588251027783415 0.5687472162205661 0.6186018177427245 0.5839268274057304 0.561743336459244 0.6165671815147956 0.591374543512434 0.5192752533811997 0.48193043986580375 0.47333164988156 0.4770184100871906 0.4896108676517714
0.5861058581481406 0.556543999546222 0.5463051404608114 0.5185378603386044 0.547803475426115 0.5392673328968222 0.5758810319054778 0.5862849771226483 0.5920029024321005 0.5798956666024946 0.553856631825254 0.5404089150665599 0.568801998730809 0.5825952159916463 0.5441903223614961 0.5385597128866423 0.5751144446728694 0.5884426577135414 0.5955862677564389 0.6109259498720157 0.6237331798370154 0.6717704524299281 0.6582934505057526 0.6456097196395272 0.6275879545473726 0.5701454578284859 0.5781705186514564 0.5780259382197916 0.5560090994240724 0.5435784943039574 0.5582910747811631 0.5796126682646455 0.6013397971507886 0.572973202042848 0.6076307059033731 0.6213314870875914 0.6135616672714957 0.5840408627624245 0.5468360158584469 0.5103113011555409 0.4972698908546322 0.48421022065419217 0.47259609895810434
0.5796671188183149 0.5621597145456025 0.5195301502497156 0.5305123326233261 0.5210028675330779 0.5348756722310857 0.5652554459553629 0.5511909818248145 0.5909706088997093 0.5905403597339144 0.5706412825549327 0.5419531816293712 0.5599309874165799 0.5634591464033382 0.5276865994507398 0.5418974128136292 0.5167971119182815 0.5273873759002077 0.5752857051838082 0.5730252212671382 0.5955397660646436 0.6390386917190677 0.6435481979733483 0.6455543994166937 0.6235599414211738 0.5614161785331135 0.5703162517760514 0.5355053068611556 0.5587693233021017 0.5810563785262781 0.5452200332695107 0.5755373864635237 0.581349436328318 0.5458666053131876 0.6074312009242708 0.6097223369402321 0.6280011938356878 0.601153639769799 0.5588811036667792 0.5074773707852671 0.5038462329862916 0.4854187656038645 0.48828592532641285
0.5642274873185773 0.5448385570816585 0.5477812249742635 0.5345742664664668 0.5441634672719573 0.5198303598509156 0.5306827472016562 0.5760629703319274 0.5547188197461539 0.5478672233798084 0.5663597510366805 0.5270533339939919 0.5412411596879058 0.5528814546664871 0.531673065563301 0.5399300404089884 0.5312255989534567 0.5439156305531575 0.5237929547068486 0.5447212540411271 0.5738868281508201 0.5679046795026295 0.5916214511382076 0.5740387399716508 0.5950230978935825 0.5473676641178759 0.5412973482124296 0.5463853149577979 0.5401918388380194 0.6020085370944588 0.5695782804846419 0.5769334429537973 0.5672936539778431 0.5597203364480786 0.5715502989557638 0.5686011057199867 0.5884640065323182 0.5566749712559704 0.5491845695648698 0.5282459614037043 0.47228165307315007 0.4788629530960455 0.456921646892551
0.5482594254930997 0.5500883778518788 0.5027899505001581 0.47847676280568996 0.5312186621576557 0.5306184841846978 0.557746415954529 0.5578146672871828 0.5894753785924549 0.5774557995734547 0.5645825708377851 0.5258668641718816 0.5091341387227192 0.5231856401049194 0.5023371626619412 0.5241153201814225 0.5306692812218295 0.5321999811379116 0.5136025426117248 0.54304340932605 0.5512425412523335 0.5665478779379036 0.5644814435114812 0.5475725290688916 0.5416498782777154 0.5447809095927306 0.5688643713177621 0.5470193057551945 0.5743078550754186 0.6026927187429647 0.5618478539511643 0.5752249565996665 0.5551299774512428 0.5479518864101118 0.5850288267006298 0.5608608827861982 0.5395154312998881 0.551503330961004 0.5473855793262251 0.4731161538280807 0.4403407031253623 0.4465489340450346 0.4290350867542113
0.5003792886197853 0.5291763419849715 0.4826265203749114 0.4695977650566395 0.49397970831716675 0.5293577160865947 0.505099842853058 0.5112865008230191 0.5781135640457874 0.5879994562279438 0.5447784754881483 0.5289352745444865 0.5384881422551747 0.5612772331852135 0.5259819517106733 0.5115783134642122 0.50571099742183 0.5111948005680432 0.56939292042861 0.5503936139607132 0.5696896116731915 0.5813096715814986 0.5843610417428861 0.5690781571014396 0.5280987010127476 0.562986185896888 0.5449035261649801 0.5427118249618589 0.5892984281135367 0.5901673420638549 0.6027541815389635 0.5711461063051461 0.5969464296442663 0.5531933944820331 0.5716858632278493 0.5696512483177264 0.5453294531974333 0.5250273051104172 0.5178005029370852 0.44957468996492667 0.4474460486226185 0.44739383823327644 0.42841334599907566
0.4941267995290307 0.49761750765478385 0.5128427548834306 0.4902326813513528 0.504298762753111 0.48813614774407693 0.5225279952010276 0.49987305184461645 0.5323268092558978 0.572773768222075 0.5832516251790526 0.5676476743949715 0.5751375106556185 0.5477993627543842 0.5338638647952111 0.5307015061129908 0.5197358038581639 0.5501836658844387 0.554431807718992 0.5680060912486363 0.5552799774908793 0.5427576906408266 0.5376376343687952 0.5723891732394882 0.536090386800597 0.5200359672813611 0.5324465978988836 0.5244412486720237 0.5609658910934676 0.5692619946144131 0.564077010040129 0.590887446215984 0.5796085324149931 0.6070613932091307 0.5901483765578991 0.5658347044029439 0.5484764545995467 0.5487940332539669 0.5313565373845781 0.46558300453594254 0.45538345774103955 0.4087340698727941 0.39590947841883206
0.5308602410187055 0.5270125058253881 0.5156324750342479 0.5068521881946052 0.4949669875045806 0.5495159123167177 0.5446117403942164 0.5350925482577511 0.5743440190705776 0.5740180269088438 0.5375415877350319 0.5326993764313926 0.5416010840026049 0.5365843416501934 0.5631767867829882 0.5618591927434964 0.5280495546216641 0.5363383093350141 0.5599308707237594 0.5567241957526883 0.5602233680422817 0.5202935119144044 0.5637228168668803 0.5333145513663663 0.5672763723195857 0.5395421834465897 0.5807628422792062 0.5721350653570707 0.6048259142867024 0.6025401133460604 0.6064463225152246 0.5662056717455259 0.5674732131766047 0.5798497148065129 0.5883165241856813 0.5284213284006745 0.5146425054999111 0.5029246708172393 0.4838146860828669 0.47854185200258914 0.4389385225049109 0.43010011544465154 0.38847918482644617
