Raster_benchmarking/DGGS/continuous/raster-161.asc
NCOLS 100
NROWS 100
XLLCORNER 1743168.296753737
YLLCORNER 5469280.997956137
CELLSIZE 10
NODATA_VALUE -9999
[rows 57 to 75 of 100, columns 43 to 85 of 100]
0.646877514193361 0.6035765311274535 0.5981739771289738 0.5704546162653721 0.5901441334160977 0.5947641149058197 0.558457204737277 0.5254235663147017 0.5192417362000634 0.49285618869412107 0.4774866658918636 0.4872944588279698 0.4753806560768824 0.5109243556851544 0.48546382424993495 0.49152281277369236 0.5303422666200972 0.49282907974505424 0.5161609847464301 0.4732345564682671 0.4730422295061734 0.45149768180339006 0.4678482186214597 0.45536305592071696 0.46869385195772517 0.44562754092746704 0.4412913673642258 0.4382120289469741 0.45240623914922096 0.5149192552110582 0.5382505614803416 0.537724943345781 0.5535674198783177 0.5931676905481347 0.610366708405209 0.5914355495865496 0.611045733577539 0.5854167302589818 0.581401174080717 0.5734365307411003 0.6182101072638905 0.597446537114057 0.5393596097119773
0.6403057258571815 0.6569586170019213 0.6221265210295245 0.6081478532694182 0.6043114246254471 0.6118406797307684 0.5831738985602138 0.5297248645456982 0.4964886511935461 0.48861808169366217 0.4798555322687826 0.45084199188270835 0.46608186311300503 0.4922640954883512 0.4794333370814853 0.48402317498748343 0.47215781047705824 0.4936064464710766 0.4978088731928735 0.4634124482989285 0.47457004115955176 0.45762495844515355 0.4470297188195669 0.4613579640689473 0.461294740483401 0.46539697206917857 0.462578999308862 0.4285367221034524 0.45941365966927716 0.4969409514699971 0.5481801030311149 0.5447873587096884 0.5482593380683587 0.5798914075151581 0.5843914022566632 0.5741113336572544 0.5816607392330811 0.5662864811124845 0.5820729806898638 0.5792577471753294 0.5868292022953667 0.5836392611982301 0.5471235623026915
0.6201524084177563 0.6502549527621995 0.6970152837564055 0.6346776318759131 0.6276534371354334 0.6193500998143601 0.6160070203592639 0.5569315832866355 0.49621718742100474 0.47147908084388845 0.4601591695511018 0.4761615412927214 0.46480236456386415 0.4918293375230588 0.4815967377266389 0.48893938093522926 0.4505405835535091 0.4710157094397948 0.4388750756713008 0.440917119339744 0.46012097178285966 0.4349466111083744 0.417307029522801 0.44953789751828194 0.4299484949694971 0.45203106139764054 0.4401207902030869 0.4578305069141953 0.4678835953777842 0.5117188342332315 0.5287546098157272 0.541294985725193 0.55584398328365 0.5961485565371811 0.5920424920254784 0.5633852770256432 0.558335840860095 0.5742940488601465 0.5818466009012437 0.5681144299949803 0.5742380227518102 0.5548503082796717 0.5247239280214048
0.6097267844158923 0.6315152234438507 0.647588643884279 0.6391487242913306 0.6140834087963688 0.6092648605549207 0.6021185763237511 0.5680039517142957 0.504317053971454 0.4626276902454517 0.4500797973129289 0.45149356321775563 0.4706011876244643 0.47704456056668804 0.4589277502685948 0.452261037602845 0.42849621131996946 0.4625120750517949 0.4458990631580508 0.4494618052016521 0.45335214140539315 0.4432662079581036 0.41950906396858156 0.40750734817590095 0.419976685109141 0.45944759313370037 0.4562640519288765 0.4601909713925972 0.46132132568851536 0.49737181105386913 0.518736717481546 0.5410163713281083 0.563878918996484 0.5876585771441891 0.6063402473926922 0.5825229336834644 0.5451923143029347 0.5637862118710714 0.5827307914311894 0.5783190608982761 0.575995422977332 0.5443267598095161 0.533636923588025
0.6210437692217119 0.6124600878275677 0.6076372017642175 0.6265284189443248 0.6174038213781775 0.6132574695353549 0.5646859200304732 0.551989927490855 0.5282926345125422 0.4966735771762045 0.45039810395766994 0.4556621375901259 0.46741896147036116 0.4683936209265245 0.4688559838686894 0.4340897645993339 0.43263071201101466 0.4335159875761877 0.4572855037138725 0.44981643401636745 0.43679128766022385 0.4467808152810613 0.41164043887612717 0.416799049145861 0.4380539830102796 0.44296121509227093 0.44230985979250115 0.47847100440664175 0.5067426263801507 0.5242120133817205 0.5538561629302454 0.5569809358597566 0.5945712123707514 0.6120371908400037 0.6257114482278497 0.5881908846780433 0.560474023609402 0.5542373410052532 0.556345266153643 0.5688028238482193 0.5626413872455701 0.5509907413695834 0.5574363226849449
0.5998897497373289 0.6000546913326354 0.5685243125735778 0.5789461279385667 0.6131429091838578 0.600739596856166 0.5597030837340639 0.5630143532647895 0.5464666137010116 0.47634892722209604 0.43870786166367365 0.45702343368291126 0.48676156157582495 0.47174407475674246 0.4768144749841671 0.4485776892586101 0.41255589330938547 0.4086544221086457 0.4159408032345497 0.4471971045348082 0.44002516921212576 0.4302380651453455 0.42064375461049625 0.4226271362597635 0.4326775169999977 0.4739618027297055 0.49994901042186624 0.5068774822311465 0.505182278141781 0.5387629619528889 0.5675180996087489 0.605913283712322 0.6128361509831369 0.6188305972739172 0.6157204573555155 0.5853865892779532 0.5641676787742178 0.5469207388233378 0.5318964336054879 0.5215823931638796 0.5370330149207831 0.5546715347633399 0.5602671391066387
0.5656191410309369 0.555322332475576 0.5588267814264696 0.5975171475087943 0.5925335951316117 0.5656846015214906 0.5743721235722586 0.5362980023507601 0.5327040384659699 0.5057021347228109 0.43575803094986687 0.47777181928800366 0.47936910530493004 0.48660947334901894 0.4328323813823876 0.4494811079579899 0.4106039383419987 0.4333969556543559 0.3976717960020828 0.43681266393722257 0.4595196418166954 0.4433018421734375 0.44705861347795023 0.4317468079911241 0.4807016662926961 0.49836296155982174 0.5197784475369753 0.5128440552027687 0.518067127024255 0.5316244475407808 0.552153964740029 0.6170440886730602 0.6364215871753676 0.6522520842455688 0.6333767229452862 0.576521429189338 0.5699410422774744 0.5519598827151286 0.5129607210234572 0.5304618890033493 0.5297906942833008 0.5536354480824363 0.5443173227035615
0.5636147018209935 0.5571025497053913 0.584753943391907 0.5791986987268279 0.5575208027403776 0.5392560952519965 0.5235188559889065 0.5328351326558907 0.5271732848684896 0.4927944231905614 0.4734227306281653 0.45054889100501583 0.48739786717819783 0.475864364100373 0.4515254205153477 0.4491109741855127 0.4576008833802741 0.4308426605550921 0.41479432413967243 0.41027138337244595 0.45483692152161553 0.4686950047721764 0.4774222396655582 0.45345683345106585 0.46140178426534983 0.49010814106301853 0.5162773523505606 0.5189374872564038 0.5075684831259145 0.5146267959108947 0.5354111989627022 0.5959895401850536 0.6137468256506501 0.6376062748261133 0.6027375634676038 0.5748793163347842 0.5568889276719722 0.5456423390152663 0.5218258556816322 0.5473937608342512 0.5569595724645537 0.5503942764808172 0.5510502918523417
0.5746137494497886 0.5656065719482991 0.5775749270674442 0.5425770426301844 0.5258761338980547 0.5444853013172691 0.532081497128862 0.5046606074989701 0.5074444744451684 0.47042915093061954 0.44588902746234366 0.4433758990087413 0.48076132742826366 0.4687562398633201 0.4446023321774976 0.44993625069427823 0.45728394433968866 0.413199969859816 0.4060266285880225 0.44937972798298076 0.44855254754637963 0.4476841223904944 0.4528179336469041 0.45734991431828487 0.49425423991374373 0.4738725824224941 0.47261669266304707 0.48714520163403807 0.5212375885014898 0.5477047117828033 0.5507826750098128 0.5859144278532206 0.6408043690762136 0.628579770273346 0.6035033477583687 0.5881450607907899 0.5704316305710174 0.5422281613380847 0.5514371512758999 0.5588369680208211 0.5606787097438066 0.5735121559868855 0.5583839217405572
0.5773301073502547 0.5871376533750196 0.594435347483341 0.5655707089567573 0.5150838772506128 0.5334963432171606 0.5056768600884911 0.49183503354739533 0.4908625129201581 0.4801950849704477 0.48253824918018406 0.4781353773184537 0.5035134204498944 0.4838325608807823 0.4502419377289745 0.4455082462791668 0.43287084700965106 0.4214595113581263 0.4360373788074689 0.4484528605581464 0.4416434118722066 0.4440306056934621 0.44252265044966543 0.4655240292251343 0.45740194903769815 0.4469520885942119 0.4471131249338327 0.5012419574009277 0.5299613335825996 0.5582881213199717 0.5793071158459057 0.5848438401805067 0.6112390938187424 0.6117877685998356 0.6032414359053485 0.5964098921510158 0.6058399814478962 0.5824385719517451 0.5730546247411187 0.5682713147188747 0.5736173306109249 0.5680498075355382 0.509402078954947
0.6098341972228196 0.5732694598273566 0.5735589342393383 0.5720303596558008 0.509679943691561 0.4880797012007751 0.48813367496455357 0.5076894130019267 0.49580069358871737 0.49899952291373184 0.5002413643327344 0.5113703237498285 0.5049642678340273 0.4747722379966313 0.457795997182717 0.45189333117396147 0.41273378235353103 0.4040994395518101 0.4269282771877376 0.4639345015562651 0.4428981451760525 0.4545610384088731 0.40774527660611964 0.4494958258931475 0.43296301381890084 0.46327892260098325 0.4560717585446432 0.5069734054141055 0.5645584979280198 0.5833668180545794 0.5971877464281858 0.5937564808159009 0.6025282314941959 0.6369490238253083 0.6421838682579584 0.632073487579769 0.6114187833472671 0.5887427339741774 0.5904565377642635 0.589740955495124 0.5839998045939409 0.5385501351405155 0.49161129621517985
0.6046247147363236 0.5868679552697446 0.6015899991805348 0.5736260779424682 0.5404175181270029 0.501139891151162 0.496249915125136 0.522406033154211 0.5323080867550063 0.5162583772540222 0.5213796521860664 0.5126772231568495 0.5057121093881094 0.5057854270782143 0.4521882007811055 0.4178259355750861 0.39595347240228546 0.41183486367130245 0.43661003357928513 0.462813327021326 0.4491271569390199 0.4433341665288379 0.46187730382931885 0.46315574940776016 0.4697439548706395 0.4930253739244609 0.501415353919021 0.5505672450018286 0.5562640023042483 0.5759268180311773 0.5833061227300889 0.5899320856088095 0.6025409099891869 0.6169242504613786 0.6331539577742382 0.6492280993447763 0.6182079425937494 0.6003700469887724 0.5920908906287566 0.6042598925060789 0.5916012162221894 0.5328348016537469 0.51869782053522
0.597437474936558 0.6209248416392705 0.618868148706696 0.5998072939117497 0.5713572801988027 0.5169829833066859 0.5102353349703982 0.5403495729149526 0.5306263598595102 0.5401392649466193 0.5062523567076355 0.5306710091377151 0.5256245556807784 0.47881856908439097 0.464006232945158 0.42242020537222985 0.4175641745806382 0.4434469634028367 0.45402655655852153 0.4473688165877031 0.4465444530908746 0.47099784664362265 0.4492596332298003 0.46684311099035436 0.4837670600734716 0.5361073256301622 0.5482827325933167 0.548882202115421 0.5747153113346942 0.5785612691442917 0.5865112932528195 0.5796582519180505 0.601348176859776 0.600718989630429 0.6427767241070982 0.6479620700489344 0.6492224460559893 0.6256066498546244 0.6264130725081642 0.5899639904913524 0.5832035904201948 0.5713194464796276 0.5570100474130012
0.6094821566091699 0.6073356285167779 0.6073084971062674 0.5970696329908031 0.6013026911511894 0.5721272686991935 0.542378251627125 0.5459233737710734 0.5633198752081765 0.5248596434365246 0.508352410521939 0.49580433968191034 0.49141168220660864 0.47212804008413756 0.4716204653935698 0.4169421055374233 0.4030756893386106 0.41094174612366147 0.43981410519401376 0.4535047415737316 0.46803337667908385 0.47088519266702555 0.4975157691555666 0.5018684242850814 0.4933526009073667 0.5348029168139032 0.5356219847835096 0.5818344358833002 0.5919901545204013 0.5840610801559254 0.5651054121982472 0.5867911786963754 0.5813815655961336 0.6058230819884258 0.6370784761854394 0.6335504631108962 0.6298536345301403 0.6175912301291759 0.6098483102572404 0.5923698252488986 0.5893375602506241 0.5533384221239899 0.5597023085843407
0.5846477314347102 0.5977176526635176 0.6193988528777882 0.5880621558066327 0.6017839201262626 0.5466667238237285 0.5407458655847436 0.5569996886279821 0.5691138453461025 0.5471575829774301 0.555054453891126 0.5265287959052264 0.47436454591544974 0.49827405463458047 0.4563750281705919 0.45168806567166303 0.4148682707542599 0.4264532089367966 0.43781156363238355 0.45940861029973806 0.4477092414416426 0.5113175994981262 0.5475166940162064 0.5200478729662027 0.5290997023926268 0.5446490941563452 0.5575944059465908 0.5687431953176038 0.5769997963650465 0.5847972875990705 0.5783339315528764 0.5869279479588883 0.598018108435329 0.6041263428359794 0.6258888483160908 0.6608837149526842 0.6508767762675804 0.6320915501125075 0.5937732452112472 0.6100353027315175 0.5638303053872911 0.5700089627970587 0.5631484270156205
0.581660190830539 0.5791599294885483 0.6019014125378069 0.5854615808459255 0.5908039473860606 0.5591897096553622 0.5469867094664833 0.5661138586666254 0.5363608816249689 0.5352785287186781 0.5236426467124481 0.5115481744921514 0.4977747719744405 0.5028972364816915 0.4671940076326828 0.4630903432353963 0.4215704460287184 0.43107700083229383 0.4443217245162649 0.45600313921279445 0.48381067814690426 0.5088397444995967 0.5197338397022031 0.5186825790459307 0.5465400446123428 0.5563968133935451 0.5897131192755988 0.5876972760944112 0.6003977297982748 0.6136346906578364 0.6311414625010557 0.6214554478434774 0.6344322524068688 0.6235778683263724 0.6527459534993878 0.6528845596161867 0.6532082175579887 0.6473832716114211 0.6311852803275235 0.6318526537537781 0.6034283074294574 0.6088848571442047 0.5720057565991686
0.5815134765543025 0.5736020541436748 0.5568978018176867 0.5672780836322445 0.5389425012705646 0.55595143774503 0.5787911933197493 0.5602595543329945 0.5621948661532407 0.5456565535897681 0.5295413224088871 0.5280521936512995 0.505695311742407 0.5176098031779126 0.4988166583663599 0.45180351327703683 0.4305419845391557 0.4529966307708894 0.43321462665498767 0.4708223706869682 0.5062497528231504 0.49781210447283986 0.5031998795273789 0.5463986313933397 0.5486657017327846 0.5895520600351775 0.5976768050891899 0.6263582597054685 0.6108366692048629 0.6088595945586232 0.632464676872616 0.6482527866639881 0.6532745194179523 0.648845703734006 0.6440012215442974 0.663908250777478 0.6619956203374925 0.6747204000643037 0.6556844348947621 0.645726750837618 0.6354256985465461 0.633203318441565 0.5864892360797461
0.5695275167620697 0.5556556734352862 0.5770160040388008 0.5551204796324996 0.5268276846119958 0.5349035628204672 0.5719639846383694 0.5907682587549241 0.5871723348994646 0.5616175203609028 0.5450524102713352 0.5004541747175247 0.50226769767317 0.5161002075347286 0.47567636798830926 0.4546988722298337 0.43341037414588535 0.4642926755595049 0.4785086841884992 0.4794243292832093 0.4816884574379532 0.5001795563672875 0.5093629623974048 0.5692906329283689 0.5671638246413309 0.5840423366893679 0.6153876223135968 0.6391405550473612 0.6229956297767115 0.6363958959136072 0.6432727564322093 0.671652151228923 0.6630473140095445 0.6864006939765153 0.6727838596169349 0.6789891616272224 0.6605006555466 0.6910720515881642 0.6916247275218191 0.668546040088828 0.6389230245418523 0.6576297395099953 0.6485531824232232
0.6122325139879127 0.5630252669791549 0.5553379787815543 0.5510295512545137 0.5260188210601379 0.5373997655585796 0.5577955440053054 0.5772583596362693 0.5925117202302745 0.5714509778995861 0.5468075542915595 0.5197609107731975 0.5035734407399314 0.49718414384400006 0.4730572824535896 0.4790548632381859 0.4513361098436306 0.4667734031178178 0.46611393630421805 0.4902176431516822 0.5053717618128839 0.521352960983813 0.5469274717312318 0.5758767433201804 0.5931247825040455 0.5988284256546261 0.6399305262642617 0.6183329040885487 0.6315273731231236 0.6464404494583098 0.6394235369393928 0.6821668145836253 0.6949144386770877 0.7105242636198225 0.7221111056838907 0.6991143634074809 0.6862121484708995 0.6954141762222976 0.6849216942123773 0.6648050085012829 0.6695528871391281 0.6775800376346506 0.6721934820175918
