Raster_benchmarking/DGGS/continuous/raster-408.asc
NCOLS 100
NROWS 100
XLLCORNER 1743154.5358712429
YLLCORNER 5469294.877344298
CELLSIZE 10
NODATA_VALUE -9999
[rows 38 to 56 of 100, columns 43 to 85 of 100]
0.3846800609366976 0.3883720170966948 0.4253033529763989 0.4664835220987329 0.46857823062057236 0.4822916398471442 0.5242264283989483 0.5113902799223135 0.5254673875217434 0.5092846301501361 0.5499990813850851 0.5470642108633198 0.5151890004794031 0.5232453655143015 0.5620131581617763 0.5485004660063019 0.5096522694278118 0.44271222072243144 0.4148202978468404 0.4038228635663362 0.40956134248099085 0.39613502571535736 0.37065910009222885 0.3808304325351343 0.3706949576075385 0.3526622616411889 0.40683229618431427 0.4086183051707419 0.4527176048462746 0.4755026267686157 0.5150110358160432 0.5149636354462652 0.5557607863243547 0.5389336597347372 0.4810880178759258 0.4691824199250433 0.4560054548780934 0.4488402462097258 0.47206334569962577 0.5025601539723811 0.49671625228653166 0.5042384011397305 0.5430412341612668
0.42366611799946446 0.4017203666526256 0.43944683927156025 0.4385215386349282 0.4580362346002148 0.4988853613603951 0.4999988030936282 0.501541130230992 0.5014621910199848 0.5226899927767932 0.553727516455425 0.5388722732518793 0.5609231583505025 0.5422615007341973 0.5615376835381437 0.5176152437948154 0.47658198788364814 0.4835018375865957 0.4114833847166531 0.38486396622932467 0.35047725327822604 0.3435882069599092 0.3469447927103464 0.33497608593428924 0.362331661856368 0.3469795967548428 0.3544831459591552 0.3995486946519387 0.4328893040991425 0.4855001180815347 0.48181874903484734 0.4971228767471081 0.5339438870162905 0.510944177196002 0.5438764777062127 0.5172233850756097 0.4541350702894953 0.4462014088165297 0.4963740566284289 0.49423266398092836 0.4832779030926656 0.538989221130825 0.5798920770429095
0.4503151885832033 0.39795055284528147 0.41194568556038447 0.4269843845040611 0.4836485336060499 0.5158831723176331 0.48201093543454243 0.4630512113064322 0.49082494931340614 0.4962567389479977 0.5372996570372759 0.5128553141672438 0.5489363844189038 0.5478772021083438 0.5387196652443135 0.5164307431093674 0.4667765877992614 0.4739130955942788 0.44680974373298477 0.36073534770573196 0.3361396775215412 0.3549276149024869 0.2976069207162487 0.3230303799380606 0.35759759905920535 0.37238400840419816 0.365778062764828 0.4089441040893584 0.4789776826888905 0.5159150117345387 0.5064211259105347 0.498646061186905 0.5163809552104103 0.5248939435198369 0.5836202061119503 0.5201765833238342 0.4788548359288901 0.4599763158963164 0.46201263971993384 0.49267253166442987 0.4830169139526017 0.5175385132354247 0.5453767209335244
0.4199068393840611 0.43522943664358055 0.4282340737437588 0.43850645635627605 0.49466203693517324 0.4815823443057174 0.5119101201816997 0.492799721943953 0.5088605320652181 0.4948045674043368 0.5259112198481202 0.5077599479715345 0.4948943412629808 0.4949305688976012 0.5065819937029585 0.44561569508625165 0.428045484087709 0.4197116298515119 0.4200629668704109 0.3873979024460355 0.32624118700783794 0.3333174063179271 0.33529343527114813 0.3210993010667729 0.37567038552562765 0.4058087794638731 0.4066333554710704 0.4634948602182615 0.45141331060399387 0.4964403143467841 0.4781364002796935 0.517698599731044 0.5391424317316867 0.5482289863479037 0.5592082768314975 0.5419081511643615 0.5213065610275869 0.5053173564206906 0.5263556622045904 0.48549790327215475 0.5156770126838364 0.5341533990708809 0.5470391137896595
0.4581045304910238 0.4633651101727773 0.462287645833367 0.44367400329318624 0.49988697588795905 0.4754583940274524 0.531598336584098 0.5490003794473689 0.5377114198024262 0.4991530863896884 0.5271942102779015 0.5116304945098981 0.4674586143413639 0.48256518975183044 0.4602744823320797 0.44156136315984296 0.4350289157832594 0.41040005922990924 0.35091429343483593 0.3471406050088354 0.3338903247738039 0.3288132730311326 0.3608585901314133 0.37029810021887555 0.3849834272418722 0.39697863146957924 0.42183926104368624 0.4460297194994086 0.48066757996065435 0.47600251969784696 0.5103882194180761 0.5135966985265207 0.5571187570102042 0.5606418781931201 0.5636229499625739 0.5727574800343065 0.5678107188547018 0.5683773265450227 0.5530097669963192 0.5273330020480985 0.5355729896837149 0.5498340223980268 0.5787699405938056
0.46057980223174505 0.4170528536477611 0.4174752919661492 0.47859555649040203 0.4671431320119899 0.5046793105825981 0.5155615436973496 0.5150967392262042 0.4816164634384794 0.5255887650931325 0.4965938295593014 0.45315301392889845 0.47440023544771864 0.4441735377495973 0.44473257637421104 0.4502303628854591 0.42014822665534834 0.4063127211479308 0.36865317278004817 0.34496720027503797 0.3409604702481582 0.36324299374856117 0.37468627126807996 0.36838972429411027 0.3634316072659296 0.41591943205271453 0.4510816208866523 0.4767262046441169 0.5142855530278466 0.5109808274292198 0.4864489083754298 0.5422953622245766 0.5838331126859339 0.5865429621224353 0.5843402206595184 0.5492906047548125 0.574496333390906 0.5573374918332257 0.5555715650522604 0.5748498124510345 0.5660477065442268 0.5686478933899887 0.5821359903262667
0.43060421533392795 0.40545047221617175 0.421119178692095 0.4498404993923238 0.4257137858530362 0.49052065939054507 0.49985083619455317 0.48025607567071843 0.4346880400177342 0.4946082915250362 0.498774720758962 0.452953349563311 0.43804667829209476 0.4109207628969518 0.43292776206813505 0.43045977475383557 0.40902748975066094 0.3912123241400207 0.36445733057538554 0.31669958772791407 0.31789751827766266 0.33964028908182176 0.3901575618682922 0.39777668047482884 0.3980461289778635 0.42111847051955187 0.458984166287621 0.49206092930970713 0.5249513325766897 0.5456234289844257 0.4980119142438296 0.5561058719439115 0.5699060997551161 0.5911829219640325 0.5865498216062067 0.5708771088661085 0.5649955685315248 0.5731616701300515 0.5681697954429841 0.5564755659942696 0.5820178968418686 0.5472666839358536 0.5636191764738473
0.4513907914979376 0.41994404803369734 0.43776211328190817 0.4318909608610071 0.4168741224160722 0.44145774678680294 0.42721202944010866 0.43045538743816747 0.4301471280904689 0.4219149048467755 0.48490714492147374 0.4893541643670209 0.48051713477416386 0.4151537952129249 0.4540500059077508 0.4480806535854946 0.4279120628781215 0.39767134588300984 0.3777789744405327 0.3449002464141385 0.3274586837827673 0.34167298516286165 0.40466103927552777 0.3880214178234358 0.4167614471912179 0.42323083130504097 0.47145096844238477 0.4598577225058647 0.5085622145167847 0.5321793542275957 0.5092193792808284 0.5138626777842229 0.5487434807022664 0.5612962041400715 0.528608452333496 0.5298110186852529 0.5808045160335957 0.5688177756043084 0.5719076978690311 0.5914488687013028 0.5702538092538496 0.5772013855728898 0.5920950880434314
0.41748048033622315 0.39496055249272827 0.4003502081676182 0.393077899622354 0.4192990064293167 0.3910553168487961 0.43483690309829265 0.40228604532838225 0.38656303328289243 0.3996574565562232 0.474696432507751 0.47393527137667674 0.46464163882678755 0.42403201646759364 0.42490104553880104 0.40917809853197934 0.41378237173353977 0.4031406271704822 0.40373308851702194 0.3577290773377166 0.3550457320857307 0.34807704991588934 0.39840708760478694 0.400356402322223 0.38635762489631853 0.3901294724250207 0.43569077073404733 0.5042471658874996 0.5225661241682232 0.5593323205697487 0.5573315226202198 0.567830928441999 0.514667281873667 0.5455778154705948 0.5091478414871662 0.5210775542169 0.5542178701853381 0.5653421713053549 0.548265759105353 0.5584905769293836 0.584785123609297 0.5727339430526854 0.5853643007746513
0.4094843475448692 0.4091520939475076 0.40355120687717383 0.3708779615277531 0.3698732546316242 0.3683755867033567 0.37043975936780593 0.35686094831394854 0.3630015987464483 0.39425530717234714 0.4431099407190123 0.4506455060045261 0.4941232450836002 0.4656539821196168 0.428844627373682 0.4204956308965617 0.4182376771315049 0.41987683896764594 0.394962275145249 0.38708312554074 0.3932618648866516 0.3813692561168631 0.37609682485124096 0.3978633658182468 0.3819439924761589 0.4253746476662529 0.45733165830276784 0.49167489507538453 0.5339438255788158 0.5570853435965876 0.573637276532046 0.5726530890128778 0.5701099106321705 0.5201166190189774 0.5283384058974279 0.5206131253534579 0.5500257267876716 0.5790549612022196 0.5995680771952425 0.5785694165619787 0.5852205899272471 0.6027856328117669 0.6238853897088208
0.4052012524091168 0.41095949711470653 0.3552957609307137 0.3596325946587381 0.31584392221393226 0.3022050694550137 0.3000770436285568 0.31713123535547705 0.3152857295846447 0.38024598105905216 0.42302822063054163 0.45792242819609086 0.4963434483091709 0.45280266989610574 0.45237118170946794 0.4293967610739185 0.4091457476938985 0.3919923248662792 0.41347340632180984 0.4030216719639803 0.403477409933698 0.41219271161072946 0.35406944678629165 0.39979687600578273 0.40098040930252005 0.40712196895632063 0.4384801491897136 0.4548039108957121 0.47927997571517805 0.5416804304844984 0.5860576802392602 0.5353865037620321 0.5589780712778144 0.5360251062017304 0.5127340226557178 0.5339703302245615 0.5340488141684713 0.5866459259901551 0.5941562675548631 0.5740066827783308 0.5608632040460236 0.6279055646475997 0.6631386027588866
0.35152182025438006 0.3644446820652025 0.34141507427121737 0.29512950734397964 0.31666227897154575 0.3297646886603573 0.3030222632467182 0.30364851367372736 0.32275027891318536 0.361665308621554 0.37805654808826705 0.42261131446596956 0.4499635786933946 0.45953381728286535 0.4423092983170576 0.4235952077504118 0.4484780592096683 0.40818946644582443 0.4433641466036712 0.4468262323436014 0.4315495351373715 0.4231682869765536 0.41760218739937743 0.408637422024963 0.42995970050669546 0.4255991015075902 0.4456805618062871 0.4334768974775566 0.45922144734394327 0.493984916164404 0.49418097776906406 0.5166082481593163 0.5190400039159543 0.5592861878626414 0.5757985353860435 0.5854126768631976 0.5411827492998804 0.5618673541100506 0.5898954428653558 0.5641421984385206 0.5586813660360632 0.572103848420989 0.6337739643947405
0.3564483628029348 0.3739381339923945 0.3157142327334891 0.2851171198379639 0.2865072467784368 0.32076746542590406 0.3164469703869393 0.3221713534691682 0.3165801555383422 0.34649285779993144 0.3476614698060752 0.4072070481416281 0.45269220390758785 0.44059847142539 0.4391767175279454 0.444625948051311 0.44379761266820117 0.4451828862444316 0.43633414664731446 0.46576181835775515 0.45875748327824056 0.4581457228934549 0.4060561643855309 0.4003954822579766 0.39258681017623814 0.385005543409682 0.39994255193589173 0.427324454673828 0.47691518132557303 0.48564209154578536 0.47115128415098173 0.5000051773289313 0.5300890941018164 0.5928551942749074 0.587135172834683 0.6139323240991762 0.5903143913761776 0.593525582468035 0.536047005188321 0.5753191323522947 0.5703027367510984 0.5820685169204867 0.607020750511473
0.3491218894262932 0.34738123494994577 0.3418875868327628 0.32368299402893563 0.3079754913790538 0.27644467566045194 0.30017023776077373 0.2836644252583999 0.3096672502863648 0.35444249127211525 0.35449116846566125 0.40602999635021747 0.45429547938464576 0.4656404366633873 0.4684211874499268 0.43947767981749025 0.437199472841257 0.4603690020650058 0.45807356262319965 0.4917983006339875 0.49616727874033206 0.4499724643364182 0.48296593278267647 0.4670609539732124 0.4447171482397527 0.414090094980482 0.45446968514633 0.46670827410897847 0.4943753068356234 0.504641734064262 0.4727673114098552 0.4973747034077798 0.5423380914061662 0.5820488210514824 0.6130300231609332 0.5812646350384935 0.5603498827014066 0.5678209406954758 0.5466243842428098 0.5490281572254371 0.5335534655266048 0.5594853955948598 0.6124236388187618
0.39240561909577537 0.35631930061402606 0.3040936044123583 0.3233376815718205 0.2952373362203748 0.2810232683607613 0.2784109911334855 0.30721764769194176 0.29903212738575174 0.3035733017199698 0.35541578458066886 0.3477318737771058 0.40060134476051845 0.43845918957019664 0.46594752829033176 0.45223157140079523 0.48931829243041675 0.49317630816974783 0.46368575296683734 0.5041604557459457 0.5088237119618108 0.5148048110256935 0.49547484432411976 0.477722056113341 0.4836234210331221 0.4542775166359205 0.47904004609348055 0.4784337698764763 0.5014020798262283 0.47313790192242794 0.45264068006156 0.47917839743842444 0.5403449111558534 0.5895877910800501 0.5973649894309324 0.5517819671795025 0.5334236174829388 0.5691246827644504 0.5127987039239716 0.5064881341347031 0.5283987231758487 0.5783851864364676 0.5911945020825256
0.3698549476255843 0.33093354791003404 0.34362460115426857 0.3183516620887253 0.2823350100758778 0.25833340866932825 0.27619272531436284 0.25967323422642347 0.3083634589291932 0.3163371991013907 0.32026258842923117 0.32318008990202207 0.38122972547074224 0.39880886854466785 0.40209643581516846 0.4210036974259102 0.4442102010629714 0.468668022522963 0.46803099876136633 0.47159078966072815 0.5000222840433776 0.5403948952482267 0.5445863574033665 0.532325234427482 0.5063926454413072 0.5189481438249521 0.5081575560523024 0.5063608719584469 0.5370731518453931 0.5111701780315083 0.5049832697867987 0.5023631323629303 0.5115902699258063 0.5313392715328421 0.5527630279256845 0.5408850899426588 0.5436520225199339 0.5610676226733003 0.539257865649193 0.5474075758448678 0.5539819353145681 0.5810035648747389 0.5590466315198737
0.3869927316836125 0.32767259524929204 0.32338244557420237 0.26868382528342755 0.23671406510265736 0.258189250449785 0.2265150457608211 0.2768362507620966 0.3129536334262066 0.30140842555172126 0.2968997225023695 0.3282946510789826 0.3514013607282901 0.36153767858275776 0.3644314756180114 0.42180259035468676 0.4191487098596026 0.42603095887947745 0.4253096834788261 0.4703816320421575 0.5482699267366884 0.5456968905648075 0.5355877682153983 0.5586680290227821 0.5400946679937575 0.5030154049606137 0.4797608292603522 0.5015741857691032 0.5252016026658632 0.5059506711463191 0.5306470359848697 0.5412779626716343 0.544869505364979 0.5715845248446446 0.5422787739193625 0.5792954433164152 0.572727037921494 0.5621226932506528 0.5518798329766796 0.5788940360598 0.5711309857537832 0.5826150799266541 0.5666071458982525
0.41408866345170026 0.3810016284636229 0.32756038460503667 0.26513059580518517 0.23679103021641887 0.23400684054550738 0.22717833482586822 0.26673595604934974 0.25385293235821005 0.2887938313555436 0.28553374258958086 0.3210519247637267 0.34265367975629546 0.33418906451740826 0.3528515438323911 0.3850608093156225 0.41970026957273016 0.40858620398725304 0.4193943434448169 0.468253905880794 0.5083232610221899 0.5619537545920825 0.5617100991468129 0.5252203443990682 0.5629093006065493 0.5347251629998078 0.5240188354975508 0.5437744068379646 0.522664443054501 0.493417782268359 0.48157775238749156 0.48520753158737345 0.5164089688049605 0.564672086793326 0.5927025045863296 0.5792128631493344 0.5863383676360737 0.5725706228687755 0.5594170325521308 0.5731390259618545 0.5826857553230268 0.5894083474388472 0.5894651844312165
0.43436459539558153 0.3896234899592755 0.31859120478274444 0.3036931340779531 0.2983720022093129 0.27558207861060785 0.21212889871794985 0.25521792796452053 0.2408861185243167 0.3056136909478285 0.33289920312679033 0.3294577634245688 0.37851426951764977 0.34060530910834097 0.28305457414397894 0.3939688190311176 0.4111733776733678 0.41832570606158875 0.4563882025663493 0.5040118039538249 0.5503338608099331 0.5523801881900146 0.5811540681791278 0.530402681876485 0.5436558404021885 0.5422823071913633 0.546164374307114 0.5280156428630801 0.5675240216142584 0.5292126598963507 0.45660202078871387 0.5110774422593775 0.5168335892537702 0.5437419833908641 0.5958424950902934 0.6088486661551076 0.6028570880903552 0.5991341169778892 0.5929753358038099 0.5575298848899402 0.5814491179714738 0.5974875640512527 0.6459423570435373
