Raster_benchmarking/DGGS/continuous/raster-214.asc
NCOLS 100
NROWS 100
XLLCORNER 1743159.2859024454
YLLCORNER 5469286.57049605
CELLSIZE 10
NODATA_VALUE -9999
[rows 57 to 75 of 100, columns 43 to 85 of 100]
0.6473397067695005 0.6073083120060837 0.6089836801284453 0.6262286798896076 0.6004581603724523 0.5882419822470718 0.621344749927527 0.6443540539633079 0.6471260888292681 0.6461590474175598 0.657473741279003 0.660801815786533 0.643187023213572 0.6501147358139636 0.6588923781496593 0.6636361727810168 0.6980595358676251 0.7034765739428219 0.7410908939753523 0.7238771612375144 0.7527786985085521 0.7592954451142927 0.7816852722273494 0.7853044331305671 0.7583325732943066 0.7745902522259569 0.7396322612207187 0.7105740024781204 0.7287766703999993 0.7198961321559547 0.6899362720865495 0.672748596491542 0.6752615812490868 0.7130707220938847 0.717064863688749 0.746027645294489 0.7281603197986519 0.7400107671640739 0.6908370795755142 0.6648705062603063 0.6538292172362025 0.6007084681973346 0.563339239768304
0.5974181722033002 0.6021058883468716 0.6392480850529625 0.6145945455964426 0.640578308155858 0.6287538410901967 0.625318258349514 0.6609050901523638 0.6525943485114346 0.6741537198222579 0.6696795255847809 0.6460775830976511 0.6419777870954774 0.6703203080561703 0.6811893933775234 0.6704760510441837 0.7166263612355652 0.7228007640579178 0.7162264785957833 0.7136287811513816 0.7226510981384715 0.7622974870930671 0.7645695635267652 0.7744420060333986 0.7352875670324635 0.7336811140675662 0.7335859671149395 0.7325120302239208 0.6981719286830814 0.7138378831463683 0.708768143157641 0.6805475449124381 0.6936094221238788 0.730482000972791 0.742287780276395 0.7383500481992143 0.7559978153147524 0.7287822339828257 0.6880244063345456 0.6856404334672995 0.6600347036657728 0.6242629119313661 0.5729412279108547
0.6115332699138584 0.6315035200429214 0.6437929516205866 0.6188089711684921 0.6190136138440544 0.629450447069091 0.616196431218343 0.6313944613703043 0.6420900859729872 0.6435699732549076 0.6543730146939022 0.6796836128296468 0.6486612608886655 0.6886047507963975 0.6638292593451445 0.6928497378120178 0.7256715408140091 0.7011025099645212 0.7076587851611569 0.7376657261337787 0.7338842360005011 0.7363749742102437 0.7467807661032162 0.746347182175085 0.749836899863749 0.7353850764347297 0.7492431331301794 0.7173541255055208 0.7052555948951429 0.6979407132823825 0.6765110272772985 0.6980732692125846 0.724283247622341 0.7119695735309527 0.7506252915421304 0.7497427904772391 0.7573073007993927 0.7094712611614935 0.7121399547990822 0.6695612379661025 0.6287794529664631 0.6074519286769886 0.5915410958910651
0.6280366126375301 0.6126620399584655 0.635681452362141 0.6207448148340295 0.6502184093090009 0.642528513785378 0.6498691383325109 0.6325970874887131 0.632146057865689 0.6536083704343792 0.6744278806504299 0.6724583921584252 0.6730254015162307 0.651479970968328 0.6757114752805051 0.6976470697533178 0.707825216783391 0.7169490127829753 0.7391820480383057 0.7314106321440913 0.7430047147391801 0.7417229209360494 0.7091994677749156 0.7416341161830774 0.7458173918324035 0.7235853621709708 0.7271705466061502 0.7326835784807801 0.741387135047844 0.7065953054255991 0.6867249372056781 0.7066625126916283 0.7109258988883874 0.6871948281598215 0.719207938466673 0.740430179773813 0.7344424122061735 0.707947288308504 0.6957280278441612 0.6621841692984083 0.6072947045211156 0.6112329055030874 0.590838101615261
0.6266779767044476 0.6046880434214124 0.6044115913723929 0.5848828608076513 0.623408107642134 0.6105270038644224 0.6353520259832293 0.6209963763372708 0.6174478859431115 0.652888258090733 0.6638301381327778 0.6610253024129953 0.6420179793396361 0.6566174239122109 0.6565164836404165 0.7024500829428072 0.7194450050310885 0.7330631787455941 0.74274864681981 0.7657535367535926 0.7420053219718941 0.7240588559902233 0.7233309212480987 0.7098171670514143 0.7318366065688544 0.7402782322625364 0.7291253669384445 0.7185311157319005 0.7102085897426568 0.687984299339796 0.6703246110149113 0.6713414140897302 0.6622936861234626 0.6886908201405773 0.708258604937752 0.7002800151606943 0.7398494379229265 0.7142041913636159 0.69101221092757 0.6474555957294295 0.6206459644301784 0.6244440553512443 0.5916207554049547
0.5917262509936151 0.5904660292134262 0.5553365121229226 0.5781689360382267 0.5813265544772319 0.5816047389203619 0.6136386912294339 0.6166382913141416 0.6180803594945634 0.6155383558490116 0.603693699648937 0.6450925163205548 0.6466702624632824 0.6737168372775776 0.6524149150132375 0.6843566898664865 0.7042197581545356 0.7389764985762529 0.7575471135413883 0.7517575940463708 0.7366241210314045 0.7067868283121435 0.681390554168952 0.682271141479334 0.7175837376984163 0.6997268688049236 0.7143956802355713 0.697273712739095 0.6902586944463919 0.6780353729925895 0.6851596067144893 0.6656874163512746 0.6623001007889829 0.6784393947718765 0.6850284493602493 0.720923001391234 0.7313287391973091 0.7015145072348583 0.6605144352015195 0.6339461954236861 0.6386079996274833 0.6456260708430174 0.6302478142804939
0.5516999798410157 0.5335151027498967 0.5428991457166206 0.5352408973681085 0.5740913195458177 0.5709503547802686 0.6057824794641292 0.5966912666237777 0.6113318625371652 0.5815314059702543 0.6136690669151857 0.6264154134345162 0.6161539101776575 0.6487627107814254 0.6705761782798857 0.667800830888256 0.7013444953842455 0.7241940954183554 0.7351201318316296 0.7385066550819908 0.7522641376814241 0.7265669585712694 0.6747788104386448 0.6723702145423681 0.661163714406656 0.669758155945064 0.6627193550122754 0.6529572875492223 0.6519204613130963 0.6606254495722172 0.6790446151594757 0.6558824859696928 0.6620404903839858 0.67146959308978 0.6861249495936637 0.7121390567624403 0.7326905912297055 0.7245330528641412 0.684748952035106 0.6696942453693009 0.6513478891143326 0.63984260758793 0.6521344993854788
0.5458911276335826 0.5365602739808357 0.5258610445089403 0.5278509212369596 0.5288218848529045 0.5470412139577762 0.5536846850042682 0.5702752204385373 0.5872931623076927 0.5876218424336375 0.5743877653168217 0.5990511788132368 0.6293876484910143 0.6295420177454772 0.6379694572829705 0.6580623628569459 0.7069556951604852 0.7352308653138774 0.7501377373682 0.7246457593491257 0.7305657179122514 0.7083197998519519 0.6952924987843624 0.6803112768700884 0.6498365281573196 0.6447229153029321 0.6232015774155919 0.6162073090749287 0.619510303144075 0.6330462909834941 0.673514732450067 0.6915633908999049 0.67819007511253 0.6956966906217963 0.6901081647618423 0.7268637680465895 0.7448748562488168 0.7064167229714653 0.7008414315311094 0.6969990244829828 0.698693937926421 0.6645465825236845 0.6396010747372047
0.545335866208994 0.569970832142112 0.5562417574871461 0.5732817979616396 0.5366353385808441 0.5405852517771185 0.5578812150138773 0.5464474756465214 0.5807308380497637 0.5842282732492181 0.584114919708166 0.614524781189551 0.6277593783108494 0.6467532556450514 0.6452397217494441 0.6553989616570778 0.6977380823575878 0.6955961327769851 0.7307518819993924 0.7135424394565375 0.693743189683647 0.7092527280412764 0.7160770718540448 0.6717171764612244 0.6706440906873837 0.647954631363632 0.6349412809961648 0.6276567437449019 0.6199413459744377 0.6559574191086167 0.6656643785683843 0.685873459314182 0.6827212442925609 0.7092860315531112 0.7405626316643452 0.7467807042596148 0.7616552399530926 0.7210020162601327 0.7300628591034454 0.710830546672686 0.6692803259004889 0.6649729033714428 0.6767098695384401
0.5750508240778197 0.5709082746364845 0.5912393831758684 0.6068883718472529 0.5839582971948498 0.5504359858645025 0.5808301374246411 0.5788452475461456 0.5532741079299549 0.6035151283760357 0.6178767506249561 0.6256553867083727 0.6237898542782861 0.650199814908143 0.6312601403009146 0.6478629318184451 0.6865214317157544 0.6988880988728055 0.6756169238462578 0.6849095896121294 0.7054683369650198 0.6846914062783488 0.7107315083203304 0.6757437097911307 0.6478252333196158 0.651642159662515 0.6156178812595134 0.6247915737274823 0.656589562987551 0.6883252023901281 0.7175788036840833 0.742185081877461 0.7436991887877509 0.7660684593124933 0.7675415925570185 0.7620743382100745 0.7711749383238435 0.7456145786638051 0.7421093153174007 0.6975977690097989 0.6845839462979496 0.666784944325237 0.6755790595038864
0.5939973856931566 0.5789885359954119 0.5937909793647875 0.588495740383279 0.5710672173093931 0.5803100197643918 0.5739941900838067 0.5595575033503796 0.5440000810829942 0.5741206967053449 0.5995284457897443 0.6164097225899021 0.6267288903910635 0.6253049237917845 0.6135642778858384 0.6388297479203177 0.6590322614538158 0.674542871955934 0.6812378381187875 0.6712025874395671 0.6733227813741931 0.6885726336179764 0.6918353150008424 0.6888658336440284 0.6528542164915673 0.6425533200740797 0.6483550481775471 0.6838164435079309 0.6988608496013985 0.6917252872146792 0.7156605431106746 0.7651288953295678 0.7588369240941507 0.768538212489823 0.7494410412128735 0.7319385081525335 0.758750970544994 0.7492832812473041 0.7426047914524719 0.7111988098828265 0.7149478303529868 0.6943187931307749 0.7052369058989166
0.5928297313071305 0.5679144493385658 0.5737654070644935 0.5762220225820224 0.560114250188894 0.586777556578607 0.5816701832815 0.5823181918985876 0.568432370902166 0.6000648522230514 0.5782769085054171 0.5827178009616995 0.5822355144460737 0.6013007770760685 0.5931183932654457 0.6233306546101884 0.6444673812679055 0.6553431942670118 0.697510646371145 0.6777701354437501 0.6948827847609438 0.7050213378345079 0.6931501026293592 0.6744175823660277 0.6242714621872882 0.6533697863911945 0.6811692221256865 0.6807025712841049 0.6986572658951634 0.7249916632849357 0.7514424610535935 0.7654916029108052 0.7636278440145919 0.7617712973373229 0.7198581677832095 0.7304113071544165 0.7486424820065644 0.7615400856298471 0.7667589703795157 0.7432920179645066 0.7342198526481354 0.6915299026917452 0.695483142933001
0.556954182518825 0.5753150376363306 0.5638625315139112 0.5888668073987704 0.5618546654557958 0.5461455924037576 0.5371433802882135 0.5610864132373811 0.5859926593940367 0.5919779375346284 0.5689691397767105 0.5735607948143822 0.5839346210506826 0.57803363810317 0.6238715672528162 0.6204009409409778 0.6414236461984014 0.6393269839273614 0.6737890450714867 0.6370034058998147 0.6541681586848364 0.6561950709832122 0.6679538724148236 0.6545378533042742 0.6569254599304828 0.6695037297216508 0.7020874922294966 0.6989611160999503 0.7184235418664878 0.7515475655555055 0.7617285637108435 0.7667714561577156 0.7653762389632395 0.7707906454737546 0.7304695987905381 0.7309608440252161 0.7447479582167249 0.7686796887666241 0.7576968565307823 0.7290854453373079 0.7353828630922953 0.7141445756055851 0.7131279343329492
0.5484378428335412 0.5723770454707804 0.5947807254992074 0.5921545632051246 0.5590601652789569 0.577831858389948 0.534507798131548 0.5523989375858219 0.6088375066935089 0.6315129160083705 0.6139273473611071 0.6014418156072503 0.5992183923769673 0.6119273287660835 0.613927620938816 0.6024897396328626 0.6202792620371275 0.6475590372008584 0.6437463096519292 0.613687677452733 0.6025703517844617 0.6079012036626998 0.6416541850431322 0.6194343740013143 0.6222571053448558 0.6699966615696984 0.6972011142866353 0.6927569885009166 0.7492701299036345 0.738849338771814 0.7604528778300773 0.771397476589471 0.773806939935461 0.7772607687895358 0.7488328587811225 0.7324697479410645 0.7723566093393828 0.7561781050773543 0.7430680817017292 0.728453306650848 0.7234764533813858 0.7242886501006357 0.7591121921206445
0.5377161815806283 0.5396727486291183 0.572655772995361 0.5684489071155044 0.5802176031705235 0.5830292584087207 0.5942824585323238 0.5716710732645156 0.6100047423869309 0.6365138941055755 0.6460770249320256 0.6307254077543863 0.6396559076313505 0.6445097353846188 0.6089514485845562 0.6178732217115753 0.6371204124325638 0.6421801824598115 0.6316909143738773 0.6234394113604076 0.6200852016034061 0.6215664456175845 0.6372024832351274 0.6421460166219124 0.6667362043155729 0.6558818314925474 0.6698996351872202 0.6986874395332291 0.7390187241995435 0.7347311551291318 0.7348196855818862 0.7740590014336878 0.7849075165754902 0.7598226683467972 0.7670924250853974 0.7408428447752919 0.7650907274270893 0.757032181442453 0.7609364901318479 0.7283247427802377 0.7411388181210681 0.7404119477001627 0.7384180299286364
0.5525648631450446 0.578478788352168 0.5491659133704505 0.5571415892138243 0.5559931944643322 0.5862381958273445 0.605299407567085 0.5760123500118656 0.5958698857324545 0.6262935287851673 0.6495011482132226 0.6577924369563936 0.7084344442494933 0.6774355058399714 0.6169791658479005 0.6026107210730016 0.5953250138525321 0.6118833849603095 0.6233674299903679 0.6226062432140673 0.5815991708458241 0.6441481042647228 0.6580822950465384 0.6406696197722083 0.6587825479219207 0.6542189287073386 0.6810562288483607 0.6932644784284407 0.7138993182573302 0.722426125251087 0.7344387958284371 0.7539174859573173 0.8039650124523752 0.7596446668680138 0.7387458831204659 0.7369409370241936 0.7743322194789254 0.7674777439803834 0.7523880771247284 0.7560472097032539 0.7823284772288794 0.7789268866226432 0.7781665864113901
0.6009396757669004 0.5934402091293247 0.5968578999448965 0.5853582028947463 0.5920272696309309 0.6122618188113169 0.5973767212846257 0.6029570477763921 0.6139473201111537 0.6315566104764023 0.6673873169564647 0.6762390232222761 0.6885662214243282 0.6565739493336095 0.6287221436702173 0.6331116994058325 0.6195238280749138 0.5825983855216282 0.5927354540800922 0.6304108163939559 0.6057422324083297 0.6270906737794896 0.6740381365014971 0.6618698562104129 0.6613766389960718 0.6955492554954341 0.7124542025426187 0.7121686496752163 0.7361015240768499 0.7498309383351793 0.7397791593636248 0.775444891860718 0.758837566915237 0.7706318880356113 0.7392467731709953 0.7630433401742658 0.7388663274604558 0.7385590705521555 0.7527275233178152 0.7658228488150091 0.7547446792334824 0.7635647823908907 0.7646419919983982
0.6088316671992006 0.6220051435186932 0.6157455457203227 0.6443534503452273 0.638119122524769 0.6123290698501641 0.587021668729418 0.5942892747380799 0.623665248260622 0.6553528556347435 0.6488143795533271 0.6709136629711567 0.6579622805819689 0.6632306743140827 0.6340346167893239 0.6327448952207475 0.6061656231791208 0.618957197415074 0.5939956098864512 0.6306406932678232 0.645069082142475 0.6554477524680666 0.6624641236780657 0.6436364484867245 0.6598913038441759 0.7146864409414214 0.7192454180094942 0.7236040983874935 0.7659849839499159 0.7696558396692547 0.7894452127249453 0.7767828455052749 0.7386244695271773 0.7466325757294217 0.7338148296462285 0.7635297334741613 0.7523108140230288 0.7514819804184542 0.7415570973321426 0.729866838821395 0.7624987455235503 0.775559215287292 0.7485747573070323
0.6236476537634021 0.6056135970888985 0.6352827765548357 0.6561430598092634 0.6516890292021951 0.6227982261594307 0.5922375677234266 0.6289297393493377 0.6283523126736268 0.6425757919876741 0.6606218714875661 0.6621225421871211 0.6724420432344981 0.6696508608736857 0.6445274199291857 0.6406056425985285 0.6224568041203554 0.6248742838255542 0.6183536790746836 0.6533690997804363 0.6731778165844468 0.6910595207746766 0.70451439617108 0.6686939471516092 0.681057272570532 0.7228632637498931 0.7397283591185764 0.7504588773601734 0.7749891662477979 0.7555974267335016 0.7539999168459611 0.7696790669494558 0.7600521473277282 0.7421254693992929 0.7523167984488512 0.7415417086481837 0.733083214648334 0.760287996555331 0.7249423331769311 0.7165918264008917 0.7376565652269385 0.737996757420973 0.7027985947153415
