Raster_benchmarking/DGGS/continuous/raster-204.asc
NCOLS 100
NROWS 100
XLLCORNER 1743167.5662913092
YLLCORNER 5469280.820027526
CELLSIZE 10
NODATA_VALUE -9999
[rows 76 to 94 of 100, columns 0 to 42 of 100]
0.6691944205330532 0.6589135407705106 0.6921345717283983 0.6823570458195678 0.6978680434821168 0.6718620164577144 0.627809284914658 0.6207645117157545 0.6366307788370074 0.6394781869569385 0.647595821990458 0.641757572168471 0.6322919286456988 0.6138609814663215 0.6201822497953658 0.6256762425848391 0.623784426859919 0.6111651653253204 0.6360864846472164 0.629117834972368 0.6174245687242739 0.592435098096291 0.5891721760584806 0.5731807206936819 0.5888668400819739 0.5626656554072886 0.5767397017855449 0.5440795204785303 0.5243895741544862 0.5118101671250835 0.4586114959359185 0.4546694376661029 0.45911173902780106 0.4661880448814298 0.47454324099213535 0.46590172740726477 0.46294483154388194 0.437843860945025 0.4478469704363098 0.42761446396977576 0.43571413484716803 0.38993467864306175 0.3664017894469384
0.6949472460845754 0.6783071659190509 0.6903906389193063 0.6704891919875581 0.6833254303952961 0.6648341473873467 0.6199707853196049 0.6167890515804172 0.5991795346335073 0.6242630933588768 0.6406985014622095 0.6347391508546789 0.5960511413920696 0.6262212021896835 0.6105871137133723 0.624385997477137 0.5869890659895426 0.6000627018373023 0.641848566989906 0.6563094757516853 0.6378307096866846 0.6123726345671833 0.5990222753359812 0.5731884777888226 0.5721356515687074 0.5789699022343278 0.5790721836862507 0.5450313948007275 0.5250911783214536 0.5059623087084133 0.44605742799574843 0.4466471850099444 0.4342404943311362 0.4548101486216435 0.4555023924089186 0.4346593902487449 0.416268054119662 0.40311592626265724 0.39041802661995784 0.39237798960728615 0.4160499796448083 0.3903064548746713 0.41613631229959885
0.6882216228938303 0.6950219779222863 0.693629785456015 0.6923500244300622 0.676494025264404 0.6287037610256775 0.5985452047930375 0.6002377693849102 0.6031072946465476 0.5996299889721561 0.608308280193835 0.6419396778268368 0.5992177829771805 0.6006749993037892 0.618551143410791 0.6140155065069961 0.5705307597295911 0.5863739775386089 0.5918609577761589 0.6285765974164207 0.6224184969354531 0.642401538155858 0.6338148048802048 0.5883199649633313 0.6061173682642721 0.5927538497121604 0.5832153192959906 0.5842270366475698 0.548786722892393 0.5075320930490625 0.4741283611536211 0.4416198985404697 0.4697057075466029 0.43966151148868504 0.43953077310870636 0.4158495357932315 0.4351847961614961 0.42448337423916027 0.39202661063268135 0.3902881749633985 0.3952702496167521 0.41743697655335515 0.4148533193360976
0.6447550425705031 0.6537415971850944 0.682456155027689 0.6881548895182346 0.6248297739013264 0.5946922118546297 0.5780971492662358 0.609348323961021 0.5858083063037571 0.5915251374219942 0.6204653746758301 0.6497857849941966 0.6505356613157802 0.6233510054073013 0.6122504534251513 0.5717039870381849 0.5638349717589627 0.5793176794979142 0.5754718249411703 0.6072998024317189 0.6253605230263215 0.6271843560579408 0.6254713174092711 0.6109887834674528 0.6463020372093832 0.603603621117444 0.5933970468310902 0.5751642577507301 0.5565240844808793 0.5262579281534827 0.4694478730715731 0.4528205308503597 0.481866967175284 0.46943684657911633 0.4189291140474867 0.4012971425270316 0.3952313820828171 0.4177118603924726 0.41894414972996225 0.40118872194961525 0.3769755873023458 0.41220820240742345 0.3786148224268907
0.6671340563917733 0.6844633393718834 0.6959041224752083 0.6811778062520181 0.6644663862956111 0.6234534483639942 0.6093829116736988 0.591958048800592 0.613622453704455 0.6254539476795119 0.6171027467013458 0.6245168900822706 0.623987233552879 0.607350371567297 0.5853998901393899 0.5852892135641204 0.5710898305990912 0.5981950935460981 0.6149368323817026 0.6222169777220375 0.6067049128506147 0.6431355829912053 0.6417054185335457 0.667760382262065 0.6682273585167049 0.6145740938485619 0.6032097307157533 0.5805550337856873 0.5322281024610596 0.5281434150505284 0.4973659837093479 0.47805970974261824 0.49501041569538645 0.47318415499501143 0.44273607010559446 0.45363582706855854 0.439137636159196 0.4277041307405886 0.42708235748777623 0.44099947492510966 0.42987683795542986 0.41636383801086363 0.4209272581565741
0.6925666149819798 0.6593645826187209 0.6507539789411191 0.6755645827177202 0.6827109163569663 0.6367962110778266 0.644292084354751 0.608614783820763 0.6153898536638255 0.6389975422393029 0.6293093584045139 0.6269066630911767 0.6404427368733249 0.6099231848454015 0.5948701765075183 0.6027091326644451 0.5942691166904158 0.5786960732469613 0.6011014245966358 0.5963732392446609 0.6272965724206803 0.637082129923958 0.685124600259052 0.692322211360825 0.6607063430678665 0.6311583952267495 0.6281485926459505 0.5809206418994152 0.5533247116659721 0.5109697454463948 0.4673347511286862 0.49381295257164637 0.48576964101539705 0.4959919915029232 0.48237967157243394 0.4649728898399298 0.44459070144949275 0.43740758631602217 0.466637411366401 0.4771424235806396 0.44664016397868966 0.47150998818699336 0.46222102362296463
0.6745828596353907 0.6821321658475383 0.679910574284996 0.6499011983108657 0.6707869444899752 0.6668400759287507 0.6438814578495475 0.6472552641300255 0.6394073507829398 0.6202164673450778 0.6447532841739924 0.6320107062685767 0.6652311411809674 0.6605308352558629 0.6315099307635846 0.6012645181404915 0.6056377455645423 0.6018617868042281 0.6070170315771654 0.6265736091663041 0.671708497826711 0.6674406713966815 0.6989619216169104 0.6818894004365772 0.6625374941500913 0.6472514884093734 0.6007760516578189 0.5992102028394841 0.5629458212441385 0.5162740192774026 0.4687502849677842 0.4861339020295038 0.5033547826040751 0.48821729650762885 0.49335408897834165 0.4862119087805024 0.46255238505062807 0.5013596811857813 0.49437227322975114 0.49251086840069574 0.5036189659269802 0.4823414070286426 0.45897683200321315
0.6793139768003632 0.6618454664245654 0.6621293380447858 0.6675106311514892 0.6429689747206788 0.6646653645136671 0.6605120026215905 0.6757948698931681 0.6383715004137371 0.6229424342882637 0.6611780935472689 0.6569192970398193 0.6654903360967548 0.647125876579762 0.6616317845136862 0.6475791186162722 0.646544990805351 0.6292010729514113 0.6263029185441523 0.6336168827527531 0.6773600019772129 0.6763643047544741 0.6760457631068189 0.6777000167797813 0.6311860755261754 0.5967871025773055 0.5929905636377976 0.573661233016121 0.5450058673663559 0.5061922040201663 0.48029981603091393 0.49047149334405615 0.5038935243242169 0.5111891275045378 0.4986791258451689 0.4801607089565563 0.48394414528794066 0.5006343642198497 0.5234075068072013 0.5270339124805764 0.507927068928253 0.5035575728836683 0.4975187827742518
0.6748429998904414 0.6502612727935793 0.660437083227542 0.6371188238683042 0.6573448493976642 0.6459709624704338 0.6606332360685632 0.6681525602555134 0.6638116106372802 0.632475047023428 0.6282312635715602 0.6302217371290234 0.6128342407620314 0.6368019298229836 0.6175430176430476 0.6099734969311517 0.607855524397904 0.6299485006500027 0.6515893135567136 0.6512028602850584 0.6595619745772023 0.6704984389771844 0.6421667528774334 0.629972286107904 0.6082219060390347 0.5981611380524816 0.5997187099553843 0.5446451098675221 0.537491479792003 0.5513714182125812 0.5106500027715386 0.496356128055013 0.5306419872422652 0.5060960930024562 0.49953086288544274 0.48577604513105654 0.5119442768387039 0.515973248593797 0.5229140470986138 0.5116973265440037 0.5205083438397148 0.49587846551361076 0.47898905169473643
0.647429074766684 0.6517918111396743 0.6249166783418473 0.6287061852157995 0.6449351220394124 0.6299060077598071 0.6710288950498593 0.663739438027052 0.6541276797679353 0.6348010554309472 0.6386868825002957 0.6052164510173053 0.5946956532384396 0.60947727469141 0.6135810992529529 0.5989932833249589 0.6037992934554014 0.6016326090795802 0.6215511036912599 0.658969421986076 0.6611215745227219 0.6731978228801339 0.6424520902938163 0.6477149486774312 0.617207147756833 0.5755079682127158 0.574160511820881 0.5598523748807345 0.5413111557027398 0.5590463457071869 0.5571943805797235 0.5279613763507802 0.5282336050197393 0.5334940336250324 0.5244202958052376 0.5372492493255078 0.523569374389663 0.5472600843796317 0.5521116930468769 0.5233322295165576 0.4970931214695462 0.49676633589731284 0.49701478795484033
0.6405151417562877 0.6606312832024822 0.6136148429916239 0.6115729877617494 0.599887366422969 0.6057462626694434 0.6407774021198731 0.6402789258577848 0.6160066111313423 0.6307078175781204 0.6338235904883411 0.6063764421902447 0.6084536129619686 0.6024570545140582 0.6321220498611498 0.6033531108188577 0.6245696719659211 0.6359360325288433 0.6311446933394308 0.6254355994498888 0.6424584956839086 0.6338009680516175 0.6313856179882075 0.6258682230184771 0.6068003310626496 0.5645201109901946 0.5664697468235007 0.5519300307661081 0.5512885424801314 0.5575383454053732 0.5435097387066611 0.5592546414036066 0.5503838505007734 0.5283803216991297 0.5569894225986175 0.5465105157934499 0.5336590979502314 0.5461764739200465 0.5405579911744348 0.5241991664827125 0.501593880074851 0.4761118033587476 0.4941585639020754
0.6709950207955867 0.6397677250471007 0.6321888996566734 0.6102972975892297 0.5848633808818298 0.6136783332996615 0.5938760392123573 0.6088396732959934 0.5991795818742585 0.5897056461288342 0.5787304673795122 0.6187379148913935 0.6056095078758604 0.6255848384558275 0.6179948071857321 0.6089597254361815 0.602147812630108 0.6369944288183369 0.6481796208444812 0.6381590390207882 0.6510363446870852 0.6198967059843651 0.6481834447830658 0.6460751155877396 0.6029909553465634 0.5786039731200708 0.5406041528945131 0.5371040077670785 0.5824612548206689 0.5555833165365168 0.5508115461857401 0.5478870050220892 0.5631299761751951 0.5310758106942066 0.5528296636182908 0.524095492533988 0.5230712019486373 0.5292391572403523 0.5290335873463557 0.49150386274941266 0.48681417113577585 0.48026763971725694 0.4577674296473327
0.6471747490405163 0.6222649258784564 0.6189534027220043 0.6041848528174775 0.5717531402763206 0.5851197799316061 0.5626367635930037 0.5526737588968612 0.548974041141028 0.5833599782339467 0.5739342153807594 0.6008871803257317 0.5772506587251802 0.6172495100968229 0.606268860584039 0.5856604291877883 0.6092216851991185 0.6268973798750755 0.6327794037516229 0.6517044947639993 0.63573609501327 0.6364500707607894 0.6239127677141588 0.626924856201457 0.6043685841080941 0.560716644886464 0.5405639350995498 0.5538725738860566 0.5468317167039058 0.5441084420263574 0.5406237794487905 0.5535022714054805 0.5568228383792502 0.5557893254485496 0.524139356046625 0.5223444455029894 0.5119079960904591 0.5185651185607282 0.4914237154107821 0.4940498923760475 0.46927285526126594 0.4521061406690757 0.4529743504524279
0.6096047286996916 0.6327012110390523 0.6328236812475873 0.5981122616323963 0.5955843082558858 0.5733907707456166 0.5359305668075707 0.5256246798711217 0.5516767968260635 0.5371750804709353 0.5638639379751945 0.565493424801029 0.5661866075798526 0.6100199352873245 0.617726351174429 0.6105168029130033 0.5721579973883649 0.6010654025139924 0.6368040679110302 0.6444224932616868 0.6463488484901624 0.6363979140865373 0.6296222689633703 0.6052386817566476 0.5627193103924524 0.5752632138605157 0.5390023938112605 0.5789429253387051 0.5837285200018172 0.5608631125394193 0.5428695402109509 0.5550059903526587 0.5204554121829037 0.5401637506308709 0.5078546106383244 0.4996398388337124 0.4935604985626627 0.5011243057380206 0.4498466981196557 0.43659294515519875 0.45144274518105854 0.40629842209974504 0.40662508932869057
0.6337989246319522 0.6110351806397979 0.6017129156683804 0.579555039927357 0.56029144159656 0.5722997357439996 0.5444297134638838 0.5359288097904906 0.5134011665042854 0.5006768609970578 0.5095574014330723 0.5106760170355535 0.5264874029004926 0.5505196532127669 0.5669915237967624 0.5906684164273421 0.5912977276624973 0.5873909121897622 0.5964680009934067 0.6054315179103195 0.5832294017384406 0.6052973724939799 0.5721290475459174 0.5619532828928135 0.5417866324737496 0.5528666658264053 0.5446456482749245 0.559513624121723 0.547937472153965 0.5403678093048817 0.5613143109232381 0.553104298262513 0.5478268898728984 0.5327755257099972 0.52582964796502 0.5235511372378663 0.4835096014083652 0.4904387401803011 0.47032872608682874 0.4425222933755442 0.4589909072716888 0.40009947127814516 0.40892892353206345
0.6360854157735132 0.618791610236763 0.5744857189607203 0.5607971679432706 0.5367211622710071 0.5757288909196191 0.5557225541560671 0.5056510352211331 0.48284593903318673 0.4929660316038087 0.4767878893446202 0.48207580480910445 0.5192348804068225 0.5506207760881903 0.577716515157396 0.5705689114413001 0.533970795152354 0.5641809537169272 0.5617869579934502 0.5421732803203292 0.5313136874851516 0.5752534627569421 0.5786068952742734 0.5576633464567796 0.5576546075613625 0.5401265586142742 0.5406095390136623 0.5471331367073698 0.5386165689521544 0.5312684718967216 0.5499821467729936 0.5555188751464718 0.5120337610230364 0.5027303591398672 0.5445318225580043 0.5070563044650683 0.5052494980468459 0.47128765698223346 0.4678281811841625 0.4338261479555424 0.4542591103651043 0.4046933529633186 0.3624481730409069
0.6374817340076333 0.6105701840432641 0.598916183078147 0.5904152178504471 0.5492856037192505 0.5775699067881642 0.5646647450136902 0.5339307339519306 0.5012606887264084 0.48276822085370247 0.49962403517299464 0.5083388948287333 0.5419156007652841 0.5339158662398643 0.5531770108950222 0.5679384072866336 0.5656016016537494 0.5476072038718636 0.5410661277674442 0.5028638974794283 0.5185671276054538 0.4988132731871904 0.5311150970846609 0.51686556811041 0.5332446273546555 0.5299349275083407 0.5361014597230762 0.5302255031905102 0.5300362238389009 0.511192930747836 0.5444673087641024 0.5363367617522565 0.5384776971598831 0.5046197943955802 0.5131357352773546 0.5140865113491639 0.5030018129589531 0.47293908220144276 0.4378185780223754 0.41358264071529327 0.41147665309652137 0.4042205337227103 0.38167670327821557
0.6016251912764832 0.6071366788354515 0.6285572201879264 0.5895096007826566 0.5749746064087831 0.5761259489643481 0.5507448033551025 0.4856184869493534 0.4719295622736444 0.4698308519325375 0.49723458931421033 0.5284105649727557 0.5444696560724287 0.5587529296405024 0.5605128439265965 0.5373127757906035 0.5317090420109714 0.5350216517133416 0.5140129537149267 0.46805847562030645 0.47470395989393843 0.4635280899091448 0.4569968073926235 0.47985675510553083 0.49515063026296 0.5172168797372318 0.49834830218904086 0.504585730962372 0.4945640352495285 0.48130845307799724 0.48891261655071 0.5260880320923706 0.5194196144058623 0.5101807694382448 0.5042875453910488 0.5232567416147255 0.483971827949108 0.47573719073580206 0.40695776438656794 0.3763763518164668 0.39303088462072977 0.39812224519524375 0.3817098760987641
0.6182758811794995 0.6042224003372805 0.6245127909328987 0.6061229221838456 0.5881726335013685 0.5372717100028507 0.4903584592378058 0.4746173076200079 0.48241790316570504 0.48234897341239086 0.48594574115752676 0.48771505963946965 0.5014684272753587 0.5312163268800909 0.5309191167469427 0.5062962678258645 0.5151353531293723 0.5036620085110483 0.47774132969854294 0.4611150024966473 0.45142622978239055 0.441510028194904 0.42654777535884003 0.4550419190717242 0.47995330922516527 0.48155007881722034 0.45491705079331923 0.45558104479073275 0.4569457135373939 0.4912362142974822 0.4768675693836489 0.49651528047312954 0.5213165676026567 0.4986060158569222 0.5126872145436263 0.5002737656832107 0.471193287683389 0.44792043045298974 0.38244247133992526 0.3609546761579979 0.3926488402608328 0.38595705800086694 0.3888257360462237
