Raster_benchmarking/DGGS/continuous/raster-89.asc
NCOLS 100
NROWS 100
XLLCORNER 1743150.1946194707
YLLCORNER 5469292.811013063
CELLSIZE 10
NODATA_VALUE -9999
[rows 0 to 18 of 100, columns 0 to 42 of 100]
0.5056831194221012 0.4267598257218523 0.38600489226022705 0.3727933307386998 0.37357147963547865 0.34636093707904325 0.3217724095592854 0.3224085271746334 0.30997890995604704 0.3546319403563694 0.37667287336610683 0.41691687649668185 0.41669487441207537 0.41540870804548663 0.40587698789935905 0.4086822423135521 0.42759225744800056 0.4026285083122464 0.44246489094719754 0.40724870116553025 0.35988234916522843 0.38084684635724175 0.37442173043180593 0.38738398329200463 0.34456573365990684 0.34462329069142084 0.3041924558428598 0.30448407988186216 0.32696270297878005 0.32232668228548705 0.26481269015019904 0.2815283468288318 0.33800044280695146 0.32960129083155065 0.2747487025154787 0.28485181102646223 0.31492839532469336 0.3210622441059057 0.32785151278236657 0.31609573004646063 0.27086793982009233 0.22676660580948393 0.15372180268430907
0.5124152884169415 0.46122710954185026 0.418767009999252 0.3939096971279858 0.37871735671291884 0.36836172985026505 0.3616724831974036 0.3127206747989563 0.31789724887277154 0.33640679421974645 0.3729231925161162 0.40975955748235476 0.43606690811425336 0.44430332094616826 0.3979634717045468 0.40094532137108146 0.4144772248956988 0.40224825671124387 0.44772588781027306 0.4057845155552479 0.35312683776986803 0.3881606140847989 0.39331277861497405 0.3901063306710676 0.3852439914654781 0.3824432209105696 0.33784868149365244 0.33537252424934894 0.3510158354132853 0.30109580715475226 0.302463067208032 0.2943930190576896 0.3489853776114476 0.34728284315372876 0.2875744974303367 0.262924024490149 0.27537080327725033 0.3139132150161487 0.3133536255565565 0.3305804806679838 0.30167526762082564 0.24945883218349008 0.16449023846055444
0.5199131810525972 0.478350763510431 0.4536693957005333 0.42091911978804014 0.3778380656773091 0.38018326031413924 0.35459222903091486 0.3247324741641729 0.32886285659614595 0.35708692297517824 0.37892222600391234 0.4124596706743307 0.43438542475553554 0.4537047147613194 0.4359051364950964 0.41322256757236014 0.40197526662833066 0.42049764169516496 0.39827331714796815 0.3847979330542408 0.35997386348187377 0.3655005459137653 0.3449814954293498 0.35294141157520126 0.36548874050310143 0.3552346739865118 0.3210983225925441 0.3176244316489077 0.33796673590165766 0.3198829102829823 0.3291895700782005 0.3018136207222459 0.33420226865375496 0.32412244250838557 0.3117369473645269 0.27163366404626177 0.3045888934707677 0.3244229689051699 0.3203807965405679 0.3246862066035126 0.2776867333555507 0.24258850367831508 0.20965732668781753
0.45721218583293616 0.45417565573293356 0.4494061152219356 0.42952365104508533 0.39267537812186815 0.39404335503628535 0.3551674782502581 0.3481900729650001 0.35760885772374 0.39686450968745274 0.39103214404510817 0.41703457517877296 0.4546012803365058 0.4563580354201136 0.4322509196350608 0.4339781898843532 0.43855482079424735 0.4130193656324366 0.4088343592351076 0.38870869732364166 0.3793482871825267 0.361053919365168 0.35915845813108704 0.3484135908916801 0.37172423653360387 0.35543929516730816 0.33685486403244186 0.3147469750027817 0.3429696962237678 0.3085751171383789 0.3413316554093416 0.3210565192936918 0.32032875278117023 0.29064415833703494 0.3132894177844981 0.3071544799523622 0.290503775368019 0.30865288786276956 0.324362349066219 0.31588682948818503 0.33598395880182236 0.27606644064347946 0.22895338415843228
0.4863490531770956 0.463913653549035 0.44974338350269094 0.44727059661545204 0.4250244011497537 0.417350213158347 0.41585913383389556 0.38194099937769094 0.4064258563848171 0.3877547737078573 0.4061658986265576 0.4538962714120855 0.4507408743361976 0.4152493250415945 0.4383475255317428 0.409883874568995 0.42915903134487693 0.4263148898929205 0.365894002549035 0.364072664861194 0.391889488896241 0.3667007851269238 0.3651233856656253 0.38668472617350635 0.39771321515931124 0.35289485838266293 0.3412854373908415 0.3592717785588151 0.3166667711787686 0.31637732043445377 0.3000694299808615 0.336475997285853 0.32859666864699016 0.3111840222527399 0.3241809201946959 0.2895866114389461 0.2832593045715047 0.317822998577603 0.3106582712501345 0.33415046140245375 0.3180961371057998 0.2631723456673395 0.240599744794945
0.5186403303481942 0.4950763211677039 0.5285196003209398 0.45211102627577093 0.43637301277213714 0.4230326749243128 0.46919333971328075 0.44136995492277364 0.3999943131450461 0.4198326898046408 0.45072097813435774 0.45888507639748916 0.40863811157046137 0.4155256766462091 0.4402428038130708 0.40978337787145697 0.40558060883593994 0.3902545883419009 0.36675351776568393 0.3307336136703034 0.35021786665749405 0.35673566232979725 0.3514921454086574 0.3607246025920679 0.3960986177460314 0.37926355158854613 0.33482849765716854 0.34479419044995613 0.32307265758205067 0.3315363034466268 0.29888959039685425 0.2784983783853934 0.28500031938201026 0.3175083539468623 0.31707617805011173 0.3011065748213274 0.3270467270733753 0.3317007886713595 0.31560046070750464 0.3113659389172905 0.30775126717797663 0.2929974135203055 0.24993448708233884
0.5170321539640095 0.5127855408906214 0.5415868619494162 0.4989375364717553 0.5000622790124426 0.46290042465039133 0.4533875876834718 0.4780809213502739 0.43810735268365 0.43877452453013166 0.4814780387721843 0.4643501115831365 0.4442119744217218 0.44047026242223714 0.4400915039432124 0.44969644049396895 0.4247526303920446 0.3880526088396129 0.3519944882113171 0.34396655754797295 0.3368394319516809 0.35836654631744547 0.356787907384822 0.3774439901643534 0.3384320787889661 0.3341559378896797 0.3163993369538026 0.32235126229809563 0.33467315663144537 0.2847069828214541 0.2711228137660891 0.2758472863196655 0.3436370717593425 0.3528858864874756 0.33635519862300944 0.34932047768927427 0.3136305902274543 0.3572449604800616 0.3452216735336686 0.35362469826525006 0.3091744157893708 0.27458452661961713 0.27432428912151896
0.48231993910741444 0.5436979917958473 0.539592548356034 0.5439411713880593 0.5499750414666702 0.5178003195274853 0.4958870744831135 0.47605254120911655 0.4718393483227697 0.4448607215554758 0.4687241654088428 0.48843675422676985 0.4756383507048755 0.4326773216187073 0.43650275475194394 0.4292342492345717 0.4191579308652664 0.3714669121581187 0.3491335278988424 0.33367881221330836 0.3375500995227732 0.35368172691507965 0.3942046809864793 0.35844293918561365 0.3307140101629021 0.31216939781465897 0.3224380074592318 0.35920159926986917 0.32720161525651664 0.3207318192577869 0.25567296959690006 0.2940340637061551 0.3515990382597447 0.3447596284347759 0.35104479962805013 0.3408024884083042 0.30414483524264496 0.3339813864230586 0.3894813371184527 0.3518041845738157 0.3439767163346536 0.29795252671568656 0.30294102703242987
0.5412898238545085 0.5445745691103777 0.5364877766043499 0.5396428890903892 0.5858280582345811 0.5771021114122749 0.5353106379387326 0.516522983491094 0.5039718772095252 0.49553417251371756 0.4751506146823006 0.48437886844826794 0.45249178201134344 0.4356033515228273 0.44979976572554253 0.44615930325060393 0.4635089920520101 0.4231638813071654 0.386958672713481 0.34753771509076237 0.3442328845869847 0.3733672479009875 0.4094937775375126 0.36281719655778916 0.38250813990368726 0.3648857352208862 0.35702936208595965 0.3670849373130726 0.38536687355634464 0.35080370182363013 0.3442876834681811 0.3306387186975864 0.33241660226965414 0.34981175959937993 0.3276138042317775 0.31895481051654073 0.34281486503144926 0.3515029077649815 0.3679471025309444 0.35722610929691256 0.32975290631373344 0.3010625067833443 0.2645570289088145
0.5542250547233059 0.5235610678704951 0.508234765398369 0.5679623712427978 0.5765910751718095 0.5770915669867809 0.5750187713004857 0.5482879612984878 0.525355595924117 0.49733398300526704 0.45746012403002173 0.4455505457944032 0.4358569665630386 0.40822657091706266 0.410390518385115 0.44607747714286905 0.46027194113898084 0.43521014995148977 0.3732758418310859 0.35884282202574225 0.39272788022477517 0.37756243529252187 0.4159377301600633 0.35988327697114003 0.37441247618298873 0.4086262749673161 0.42946106965116315 0.4340901600172906 0.3996879595350285 0.3736111687174324 0.33185445619056764 0.32956569682728665 0.37116292734836964 0.3633609027373157 0.30565974991302386 0.3446248984270061 0.3264562584851941 0.3421870153206511 0.34872683605183613 0.37949355077660074 0.3518711959718467 0.3297137809139077 0.28359751457164273
0.5424301652115071 0.5568652659799095 0.5552356123014177 0.5799383476143721 0.5629995679980657 0.5982132515484342 0.5886655671565886 0.555770129859432 0.5269377720100844 0.5364565932766938 0.5087595137490906 0.476134914014632 0.4454132846217829 0.4427652203782626 0.44582836673966514 0.4394246543136557 0.4360417910008265 0.3971092864887922 0.40672809420479333 0.4199682990915651 0.4301236499291966 0.42658013530175853 0.4199161477818101 0.38588843650084637 0.40527365266725895 0.4374838316095449 0.42973600502433495 0.4531718256767761 0.4171637990095282 0.3880333654898318 0.36664526608570236 0.39193630947937375 0.39484974978286713 0.3677140136320998 0.3037076888512559 0.32327421900347697 0.32710718148847534 0.3167199272868242 0.3686126157645838 0.3519997652975953 0.3209831877786 0.28546519322492125 0.28920976434157625
0.5414393942810365 0.5664302612812873 0.5524766998419638 0.5594573080718225 0.6094813120827713 0.5745195039404766 0.5764721747426066 0.5381710366568639 0.539357286220491 0.5418494913992876 0.5227122674789392 0.47018954099145316 0.4596423810470254 0.4848331809258942 0.46876940550411705 0.4362973495712202 0.43438471809604684 0.40956435939073105 0.41315608176832097 0.41538838644777215 0.43694466344164923 0.38354526508414644 0.357963639093153 0.3891763838556623 0.4154518825275753 0.46696588626999236 0.49061360082954303 0.46140900344817354 0.4686203288427895 0.4499533208851894 0.4596143969173435 0.409721165897187 0.4025424219258593 0.35309222008277935 0.3275610664323833 0.35554501249193043 0.32925268136378144 0.3284264989405126 0.34917950129816433 0.3597480258973991 0.3161630497714002 0.3126563381814574 0.29132216301460917
0.5462439047871627 0.5766712628651407 0.597226493656725 0.5760202759355625 0.5863639987516635 0.5732657039634087 0.5668443287680972 0.5762337707451005 0.5568610643744989 0.5390625579077111 0.5263433267455444 0.527936177510056 0.5089413280252832 0.48553090090697876 0.4664382316652124 0.46370584240075974 0.4474342722852068 0.4702606180946074 0.42856168172322445 0.4298592137120418 0.44060310791246377 0.39076353197188896 0.4187928775439821 0.42464163761710355 0.44426250019431957 0.4678371875556452 0.4944167329585004 0.5125834840403444 0.531160250874549 0.5115007164933522 0.4647418188776514 0.43996555690960887 0.4320259142776884 0.3665550884907609 0.37132967568030195 0.3435136589567169 0.33115156070988844 0.3266709299021759 0.3556334321616898 0.3685390823322811 0.3300616346804654 0.30770051736553433 0.31269195391457216
0.6014265740616037 0.5781425325149423 0.5878152773220602 0.5700890975471262 0.5518065661490721 0.5647012365914937 0.5724819452998886 0.5532925287567155 0.5660512732855952 0.54742372492083 0.5519125074320795 0.5347223262308172 0.49084347899910996 0.5245000791284876 0.49947164227875696 0.4689908992999313 0.5026622748907497 0.47811957115957643 0.4836844814978705 0.4707568946040457 0.40658069680251835 0.4082113652349227 0.4011527498154829 0.4342328135457386 0.5090589621275375 0.532395659350247 0.5357728627747604 0.5472159224650281 0.5218941116738384 0.5346221533108617 0.5256096356441607 0.4529727180759612 0.4384672710529514 0.42642713415622463 0.37590911269350774 0.38858892738856105 0.3531686932245832 0.33229425793786643 0.37624075371238636 0.35220213210229473 0.3527828150211046 0.34277310672573696 0.3537741557091115
0.5514103930267176 0.5880843087322277 0.5879518202398123 0.577577172161012 0.5448158416148461 0.5358790626131036 0.5432921365271965 0.584744129355213 0.5775610960998786 0.5611035171382739 0.5172853852040199 0.5117651608864084 0.4944390851857684 0.5312094971807063 0.5335904352592692 0.4787657516504505 0.5086258728760203 0.49050222417679856 0.446918661763238 0.47665505454844753 0.4575500937605656 0.43082908450732027 0.42578650287472636 0.4952320525027149 0.5029597820231804 0.5193899799918913 0.5150517175067839 0.5544321199815766 0.5501576241334404 0.5676680326570401 0.5390053115021289 0.49228616334322123 0.4381100135912814 0.41605106571096945 0.42211086369318473 0.4054465149256757 0.4158667929309467 0.3841877888404598 0.3581312025389782 0.3765940248831808 0.386411976772042 0.3481192299622809 0.3799497247170608
0.5621928441106323 0.5843590757291981 0.5576639896695995 0.5430582686624335 0.5092505607835266 0.5069117435529377 0.5202247583467108 0.5417717320470183 0.5733399806664583 0.5477990387562874 0.5418165057155435 0.543176178768261 0.5544005603377783 0.5339982907764939 0.549911035771931 0.5049433122725415 0.475648643040696 0.4650632168163742 0.4244925406070722 0.43409049884879036 0.4868312994253714 0.47230387525038114 0.4465131109087293 0.47142409586301975 0.5233206700478129 0.5446857789011673 0.5570938155464648 0.5763416380639028 0.6002054986677295 0.5749815757869556 0.5504842069671846 0.5294604921293655 0.46885265512655055 0.46586424943511706 0.4938171606946348 0.4498823069955703 0.45899253565633524 0.3846480794050883 0.3220300283356961 0.3831473444382116 0.3563827650074326 0.3481869655212019 0.40442559214094576
0.5920761502536547 0.6222390156780677 0.6148201481637144 0.588534691796602 0.5499243139666835 0.5225917169119046 0.5491108658886077 0.5541458565213453 0.5346060161240954 0.5494896329717753 0.5479343122961899 0.5110922044279397 0.533250961944528 0.5381809225324787 0.5235753674531987 0.4940046033004099 0.4896640371482626 0.4615827761033138 0.4551991904488625 0.44268189573121974 0.48183895265023186 0.4699107075149402 0.4903809128618702 0.5177077559498177 0.49680216825735274 0.5207808079066899 0.5583888747421982 0.5792850139477934 0.5612249696890593 0.5796371081149809 0.5465792036791626 0.5090947956669447 0.4924957914376311 0.5239506885966041 0.5323644961666653 0.5253884007425418 0.4877408073971992 0.4330525851402704 0.3691965298569391 0.38470065311654095 0.38697556506447384 0.38609109602196096 0.41363540235803686
0.6739933856486209 0.6516891928028081 0.6209807147638596 0.5846525718258534 0.5763741071551122 0.5421692092755933 0.4930436545914525 0.5442822920782344 0.5265966734895734 0.49768939603362194 0.4908063978575107 0.5149560002837286 0.5158411014729583 0.48230948511192234 0.47696454037353303 0.46211843830998317 0.4628589982745975 0.4843134273501828 0.43038419151523527 0.47365077801816935 0.5133612208105099 0.5295057827079551 0.5278269973012303 0.5184377606686752 0.5168552230136592 0.5328297355574078 0.5393046039792191 0.5781341510572605 0.5840874411335719 0.5853305302310646 0.5302612476753936 0.5286972837224047 0.5122533984477443 0.505843370934491 0.5464327800425247 0.4940811086108428 0.5027710678310348 0.47595031324781295 0.4284248570353644 0.42456676154210793 0.41469588345858127 0.3797453304358305 0.4069256245720975
0.6696206009118865 0.6831450084444884 0.6211579697638046 0.6224749635981859 0.6117652330575919 0.546851666614913 0.5426055988337957 0.5457754438872521 0.5671688083256727 0.5304429130492607 0.5171960208503009 0.537102639478769 0.5251755011871084 0.5065596381532502 0.5253379108561325 0.49210895194395776 0.47262208652402826 0.49039554819508513 0.4813210041347724 0.5254110062112873 0.5621260690479941 0.5669774898379815 0.5822261260059297 0.5755631238921314 0.5448406703672448 0.5719407744606463 0.5683957250473459 0.5526419774648889 0.5776273522576922 0.5817119421754463 0.5346484388299004 0.5240011907853055 0.5486705364473411 0.5330961921522622 0.5330583147610203 0.5122061904445449 0.5165796610320857 0.4868161066821647 0.4945184021079385 0.4646423812183876 0.46909124600312513 0.42269772044593124 0.440259767102889
