Raster_benchmarking/DGGS/continuous/raster-390.asc
NCOLS 100
NROWS 100
XLLCORNER 1743156.120679458
YLLCORNER 5469297.458053543
CELLSIZE 10
NODATA_VALUE -9999
[rows 76 to 94 of 100, columns 0 to 42 of 100]
0.6488693096910105 0.6706857402075209 0.6209124124119889 0.6133720728327972 0.6620855465127254 0.6891118146542369 0.6739193646373799 0.66281974431763 0.6998141679485941 0.6876257717413223 0.7011064616478242 0.6864529753450673 0.7319010203249646 0.70914814410291 0.7458262103202735 0.7915733265559979 0.797571537490325 0.7904826515007408 0.7128824999067697 0.6486577301921246 0.6411652865019656 0.6059124093819757 0.6344228271819637 0.5906092660143235 0.5724341025017537 0.5485547227388794 0.5097749282916858 0.5061954615230781 0.5036825073622833 0.42373701879619496 0.4396918943414867 0.4824075705583869 0.49914658423624575 0.5132831168049089 0.4885453251284064 0.5347476351874074 0.4879332328720696 0.475399684105025 0.5161644140896765 0.5616902970925113 0.5753380836352222 0.5153318927040235 0.5244008613572911
0.6626921657997853 0.6476344397651487 0.6359233942179476 0.6117821165711976 0.6234044068827544 0.6457750261155276 0.6657470322906661 0.7396474677590069 0.71698012550518 0.6970549527736017 0.6963694382176723 0.6873552385770912 0.6962572383174747 0.6907247947969494 0.7081394571023338 0.789185309725401 0.79127088673631 0.7674510295881112 0.7275659218585354 0.700703752249011 0.6405467219694715 0.6189670929975992 0.5804898130637376 0.5996092594070124 0.6134887795936896 0.5836138989060586 0.5545570401815677 0.5374600676515854 0.4634762055487215 0.42827027223921066 0.4771611583522276 0.4655961480110578 0.4855523616095673 0.46548336283574576 0.46713726533610084 0.5347445564640421 0.4899539585396314 0.49837638242855314 0.5420285725536386 0.5186194325078503 0.5630086584757601 0.5544588345168064 0.5081053202839458
0.6762687654602058 0.6576012043101634 0.6014152064425102 0.6123469235045047 0.6621019489171949 0.6774600737726117 0.7144667446471022 0.7586213016972315 0.7522334596744406 0.7462500265047035 0.7386796208680956 0.7075431372757748 0.7324445470645805 0.6927968358919931 0.7177543251516472 0.741021219981567 0.7646496521129139 0.7324862980203889 0.7256816218340663 0.7405116660296697 0.6550314033111779 0.5923778818429541 0.5931193349162995 0.5827263675827387 0.5670085152207595 0.597804323463796 0.5341779061738158 0.4889539002312488 0.47720336949195435 0.4311857803842344 0.460553204642877 0.5049984204170196 0.49108079295512436 0.48548495250815915 0.47444634158902166 0.4652600341484887 0.4778934498838945 0.4941322518919349 0.5083178443093915 0.4841798477300782 0.5312906516054393 0.5465624720709967 0.5165254694180402
0.6693446297900959 0.6648214423212263 0.652724684231698 0.5949106918148875 0.6286914212353651 0.6759854929169258 0.7090817646841584 0.801074550462082 0.8106732811831576 0.7930458035828333 0.7278860771191841 0.7236514845162204 0.7278603741415125 0.6903771874609574 0.7428542789761712 0.7655375241787511 0.7677932822251861 0.7406251876536223 0.7299923004053566 0.758726172099788 0.6918739922051436 0.6296890040807305 0.597861988194302 0.6004013604476652 0.6132388260966105 0.5772553673531369 0.5377539840194907 0.46385376444973364 0.5099030557339288 0.489640730594043 0.4515869335152457 0.48355718140292897 0.47984660935814033 0.4842690281967796 0.4544686599245076 0.437753100993118 0.45765870209300946 0.4941103465858825 0.4971606174349863 0.4539238557258821 0.4601657339684904 0.459176521598933 0.4701828780748075
0.6417917278076979 0.6237106345101328 0.6130497012079597 0.5854342183543396 0.6176519584054649 0.6901058036715514 0.6970359091231578 0.7458392024919629 0.7938153375338791 0.7641927877534558 0.764108022417835 0.7597073760157574 0.7339511163878089 0.7025625674271605 0.7754598177670221 0.7550641031747677 0.7442270970319838 0.7709908572844388 0.7715681482177988 0.7413515964641342 0.6926429503895036 0.6481071904740121 0.6560433299995625 0.6236304911986785 0.6182004039229452 0.5837111826790671 0.5235644141157696 0.49420299076530216 0.47220279772887613 0.4774772895932942 0.5057668283078149 0.5017215982594599 0.4559707636221298 0.4492230723434818 0.4954240388491246 0.5008276013331473 0.45465732255470476 0.4265773974111314 0.41332232564968424 0.43716582675446164 0.4225915518646962 0.46566552424807567 0.46908479081970833
0.6766691450056402 0.654892593229103 0.6270020958361603 0.6390871338041266 0.6608617416265964 0.6754155399798781 0.6979494121590745 0.7113686574884064 0.7436339234686489 0.7664932863750753 0.7138414606814245 0.6920756123613874 0.7134800572960592 0.7459388133092355 0.7649031746144596 0.8150714541376459 0.8047215346930824 0.7841643312097174 0.7460583930256564 0.7292298116205179 0.6566422305732749 0.6351530369093051 0.6591561400867784 0.6283882486500506 0.6128136479755425 0.6220654273579616 0.5401127810316564 0.5350287483269094 0.47668566311329086 0.4545070474195911 0.48355128529127006 0.4963222418646031 0.4626725179942242 0.4727951881943372 0.47572419609191413 0.4811301697557446 0.46392425289217415 0.3938815663415973 0.40168581033854484 0.3887615177540788 0.44414526159303197 0.49238317652225344 0.4968302922966862
0.6691544109086367 0.6533193902128203 0.6191266199424725 0.639781197531881 0.6276949892972895 0.685309713011681 0.6915749294840418 0.7594742945914247 0.8054324010563815 0.7591311472308309 0.7575229734828953 0.7180725586304018 0.699306785177016 0.7232081544073885 0.7730364942459518 0.8132907131430708 0.816350194668249 0.799475754392849 0.7293164330403232 0.7081181782098227 0.681904799511023 0.6922873912849894 0.6367932887988205 0.6483723004889456 0.6438131677740184 0.6093031115037812 0.609748684903685 0.5616292554959077 0.5365047443198695 0.49369435668441014 0.48391435051901016 0.4822519133782916 0.4883721583086638 0.46411819308913255 0.44433479219664995 0.415326299863033 0.42553265882739505 0.40649063861084245 0.3944459738324689 0.43354923246137783 0.4025306451796973 0.4129969428301798 0.43813135681243703
0.6651004175447761 0.6347016087757936 0.629808098286484 0.6360864346641194 0.6734264880857523 0.6855645748096987 0.6953413641425287 0.8171200495991686 0.7590269477629792 0.7907252783584168 0.7472340641370817 0.7536758591360281 0.7300018500137326 0.7336983849859938 0.738436849521384 0.7882791245930911 0.7863131059173158 0.8030345079991807 0.7805744079291143 0.7103146158392054 0.7259864106014772 0.681649708301854 0.657828855339783 0.6685709354573258 0.6785658928060866 0.6750958317426164 0.6406696893578202 0.5728231696156515 0.49949487427089745 0.4492442905614936 0.4030862702146139 0.4026901531797304 0.4555228291540309 0.4995881813469887 0.47092496036232945 0.42534542015367816 0.42314160748161317 0.40179034707890265 0.3821469396366449 0.4172474931875996 0.3943492978544529 0.43909147701840096 0.42083062691159345
0.6404901921247163 0.6060043152675636 0.6063107160433573 0.613828267099497 0.6783815528462485 0.6660837997718948 0.6998863907502997 0.7143297331793812 0.7558100158047973 0.742686398794354 0.6919928853211382 0.6846267282192804 0.7205959726188034 0.6892782015886919 0.7095328299241777 0.7106026149346135 0.7820257223127526 0.7475878589572829 0.76564078726196 0.759541929222043 0.7227502414739161 0.731017260821008 0.697774293299178 0.682904834304665 0.6791770390108031 0.6357771338222908 0.5947326554804039 0.578027321703344 0.4970059780215044 0.4446811166670461 0.415460662902042 0.42274874019517333 0.5006201483442123 0.5018506181676649 0.5019524545115055 0.4460509707562816 0.450846509207287 0.40276132947184257 0.41392747645762873 0.45201746392589787 0.43435205279252775 0.44809595579011907 0.4436828529196079
0.6300975221267157 0.5787003073610864 0.5704589632019288 0.632234312704826 0.6725902214816608 0.697214317489862 0.6900793673058541 0.6819976374788947 0.6676898156668254 0.6879776395145021 0.6957192715911196 0.6738355976201892 0.6732141305827388 0.7058101842982188 0.6892170946695603 0.6946463634254394 0.7660221242882578 0.7471456855108107 0.7604939882307185 0.7145273067725734 0.7080308191608433 0.7089367537926188 0.6686917643337675 0.6487920344233032 0.6257497603222205 0.6579367008597569 0.5835491675411196 0.5910008212759498 0.5231471625804499 0.4416289083396983 0.43772063780021636 0.49636510104004444 0.4824975906165711 0.483405197724094 0.45357601223403504 0.5009943405098983 0.514993152755901 0.4753777200720992 0.4764235846364555 0.4563998328624825 0.45675611506000696 0.49209731477264856 0.43306109061561743
0.6067612810806017 0.573571922729576 0.5640300588067584 0.5828437665318389 0.6202407413830638 0.6848813971078139 0.6979871594457423 0.6795032956288154 0.6689955862785866 0.6585018868217554 0.6473280168416372 0.6195038355005655 0.6678185776989161 0.7089997434786202 0.731782093321562 0.7313891188829478 0.7474018908563053 0.7761679670000792 0.739836232229408 0.727900170566789 0.6835689137633425 0.6800786655710027 0.6698973896528319 0.6320708153331394 0.598097010178791 0.6110070193867123 0.5765472655612202 0.5322955659416737 0.502934044476668 0.4729517132390323 0.5018668328499313 0.4996697074489388 0.48349000482341237 0.4884108038872177 0.4530300095203992 0.5224670192082508 0.5263939703802765 0.5311968139799019 0.516402230579902 0.44761873941536745 0.45673392982320354 0.47271414086098634 0.4573455507234602
0.5604580150261427 0.6002805784402528 0.5433283586044576 0.5767485810786808 0.56820510790886 0.5919213554944233 0.6555996414714055 0.7186354505358128 0.7211139081188984 0.7076482251144416 0.631405487606534 0.6196110222683533 0.6187755507484167 0.6860118908660372 0.7109742919233013 0.7705019552403907 0.7530476451122153 0.7825249637851219 0.7518319589125739 0.7380178611836316 0.6738826539932408 0.622278075465952 0.6454652463415306 0.6606959918633531 0.5899788138608775 0.5488012622785171 0.5187236064824186 0.5093670214279261 0.4639778564667521 0.4302360348492207 0.4600557515648756 0.5128941733917425 0.4423191177685834 0.46521010704015553 0.46009688434645263 0.49471123999111233 0.4842632646818626 0.5222761450231743 0.5237133236398058 0.4719460835882529 0.4926175801826232 0.4966368689519763 0.44064382812626907
0.5557340344932317 0.5376519580430703 0.5460601385323716 0.5672799778040241 0.582483564647901 0.61344069080093 0.6177877103905536 0.7019175283935508 0.7083664923478534 0.6595536182029743 0.596412602161688 0.6273362416182755 0.6110324105741352 0.6715341906680502 0.6782006818768422 0.6883411486575163 0.6879317999464891 0.706897056942722 0.708330956839542 0.6873369046823609 0.6362179290435008 0.6184854103204817 0.5990091565004318 0.5911841648237044 0.5580489524347138 0.5230688478900102 0.4540847166426323 0.4723388009226155 0.41098978820597115 0.4200600231082134 0.4392575613306028 0.4279193872464148 0.4204707305128968 0.4500189716598269 0.4664812791274833 0.48010764181212134 0.45396773771149596 0.45264422736785886 0.463057697193323 0.45665508858971 0.44044026097459515 0.4658999831068698 0.4410230402444853
0.5377361267743043 0.5532632932873212 0.5809115581409632 0.5436412068506843 0.5457435243823437 0.5614025251521149 0.6112023858427559 0.6701236526703012 0.6823184384621446 0.6206535931527734 0.5908121942810095 0.5688831041768792 0.6347361544767551 0.6660783522496109 0.6531758017916006 0.6163675932880861 0.6209604928632535 0.6762190764663115 0.6342680630100672 0.6429506440118935 0.6177674202533481 0.5750414373432107 0.5319794905887038 0.5162543993961104 0.497034426635416 0.433331143561605 0.3845311242987267 0.3799742832099814 0.38909780941035677 0.40656314961459555 0.38223686326485606 0.4225894196019048 0.37624475495933807 0.40431966382206225 0.45865734291643134 0.42148199143203746 0.479995209655949 0.4813983043621721 0.4403252613790361 0.43927167717134175 0.40462195136785234 0.41644046758637526 0.4629661851053324
0.47082830773994716 0.5388853702203852 0.5408481952563393 0.5021224912647666 0.5301115894511189 0.5780420187983726 0.6091011634686381 0.5990804830438257 0.6165678981541006 0.554972542674606 0.5605129590201579 0.5620652437507879 0.5853209122827159 0.6123932231672041 0.5691658977005338 0.5940795999115817 0.6049513538780757 0.6139935977561971 0.6157178584322736 0.5885463911024701 0.5506051841910039 0.4766615090394405 0.483501896737966 0.4681497860984157 0.44478384328431053 0.43133136148244106 0.3525193815803757 0.3454237786309215 0.35359311575334496 0.3634514719076987 0.3772601254653971 0.37753734164897357 0.37618511430987145 0.37866787165375076 0.40917233591587004 0.3977585232425802 0.4771785481912385 0.4723912384856441 0.43633984354874084 0.47322313398516813 0.41534353895787474 0.41374371956685224 0.44565073112482745
0.47260195037572134 0.5030730718317366 0.48819468028317076 0.5048878887304484 0.49086319523056726 0.530365038826657 0.5604119902876218 0.636975293874126 0.5758751992302927 0.5576705673606157 0.553183404472864 0.519600669099231 0.5537712203930568 0.5370535158011926 0.5783259235561118 0.5664882054647605 0.5339119490298706 0.5836007108494896 0.5110359653819793 0.4876386277758009 0.46097459247267564 0.4100023399717397 0.42769340391150384 0.4045226834413473 0.37369234901904547 0.3558372301385997 0.3967258035721536 0.36685829288654653 0.321315084005896 0.3557501138796141 0.34762482994927296 0.3023694505060143 0.28946210880202666 0.29819718610176676 0.3627977587490259 0.4217504480661155 0.4281837412880514 0.44825207831143393 0.42428639499207155 0.46594123612244853 0.3985477978162223 0.43281584246784943 0.41462049356058983
0.424189768774115 0.46701727495836637 0.4422481262607575 0.47492129435887964 0.4936067221215175 0.5552244486178688 0.5854416758016731 0.5805642105436941 0.5532952865611621 0.5646041644769408 0.5007307200856609 0.514478617063858 0.5055289330211123 0.47959146345440123 0.515846681033902 0.524835627258233 0.49874618455828545 0.47667210699796764 0.47378059853148485 0.415450266904467 0.39383322998836967 0.37881968519403914 0.34895849105111443 0.32678000052248873 0.3278421920110788 0.33026288292808964 0.3752397988406574 0.33273384620514107 0.34257820468865374 0.2856080597295187 0.26670515030425584 0.24456775082229726 0.2945754218065379 0.3253242476469143 0.32013800192020747 0.3193085988329432 0.3819537303852391 0.4261061983055845 0.416275549633171 0.4116292119059827 0.3527895414704908 0.39393746464093143 0.37853081702001046
0.3851188597061796 0.37128168746573303 0.40515130448499326 0.40043492280702686 0.4404389085174156 0.5047687779356326 0.5455381154268573 0.5711194196937754 0.5105089315540878 0.5141147037612666 0.4944130701152638 0.5110703352036067 0.5020800991762524 0.48295853050582305 0.4314349234583727 0.40324780717017544 0.3803864984612837 0.42754245210251346 0.3710152816929742 0.33374471153857943 0.3341897058590259 0.3336963781382163 0.32826568592653665 0.3155510418487915 0.330220496127939 0.3650900303921541 0.3396161320713847 0.3007740716126484 0.31959755771269727 0.24992422884948748 0.2576809442472561 0.22473499249600673 0.2592568913372312 0.27630226756847737 0.2640145605894377 0.2841708141268308 0.33396527190932646 0.3677051078654757 0.30682493829376684 0.29313299299936074 0.3057402466519164 0.34140951607052733 0.3043330773213367
0.3560326115453263 0.39500861672239296 0.40875718196827937 0.42025862922654433 0.45873658871978223 0.502171953434469 0.5172812223272595 0.49503194982112325 0.48593493758735734 0.49329406485897753 0.5091240647726499 0.4637971513388342 0.4638855464264302 0.4396014262950949 0.3502233920874252 0.37074376619965865 0.31314119021737946 0.306878594404438 0.34735043645818514 0.2870917451262131 0.3325620580997707 0.34325041936244083 0.3297548473131161 0.33311864120134466 0.31435586635460006 0.27827072142643827 0.28313888685423827 0.25149913241284916 0.2674247698998137 0.2676431268239652 0.23693957889476847 0.21017438169371516 0.25895999241755513 0.23008299724975254 0.23901602750392276 0.2291586556821044 0.2954492823047557 0.26623985946453765 0.2391430018417285 0.28541414167117085 0.2688726404946322 0.3112193851171945 0.2903223680739612
