Raster_benchmarking/DGGS/continuous/raster-114.asc
NCOLS 100
NROWS 100
XLLCORNER 1743152.6422855763
YLLCORNER 5469295.877389714
CELLSIZE 10
NODATA_VALUE -9999
[rows 0 to 18 of 100, columns 43 to 85 of 100]
0.8329956385791735 0.8200017546942193 0.7897184836424793 0.724477894247319 0.6520282089412848 0.6429839766581141 0.6187513534438306 0.6475708529574231 0.634323315619375 0.6683803340084307 0.7234319745059591 0.7279033141534181 0.7468425111372885 0.7171808465754375 0.7264991785726983 0.751671275913484 0.7927704921151748 0.7846126578687023 0.752409617015022 0.7390997970077693 0.7360703864585502 0.6849335793775858 0.6907475775669027 0.6580030731638359 0.6714915981945637 0.6681687156786041 0.6267806502395301 0.6341456145864522 0.5639641582784246 0.5183356472607937 0.46543734540403797 0.42329965612915244 0.4247105608538989 0.383196665089627 0.37833105829177527 0.40171818616796007 0.41440781359585993 0.4053969290002557 0.403924714006386 0.3598385382929851 0.3640872844519521 0.4012463520368983 0.3999640182435012
0.8549272654760833 0.8092561103813318 0.7372959406099834 0.694511190004742 0.6364267309122842 0.6616441875789169 0.6450923532092139 0.677097822990588 0.6365534501502759 0.689688333962318 0.6628469415015699 0.7203388880676757 0.7721450800137182 0.7236790802217627 0.7262585747397367 0.7183381441045753 0.7843788095959927 0.7323538526352044 0.7236934962659473 0.7014842743197851 0.690493109365921 0.6919334524542039 0.6526301263818416 0.6652629087851204 0.6127938798278547 0.62436970942383 0.6102420922911298 0.588791236768422 0.5795197579954595 0.5591905072900393 0.5329553071030305 0.4781112467419738 0.4362733970127993 0.44325216694259645 0.44083469152591087 0.4087763381556525 0.43740514031590066 0.41347319379398456 0.3914501382039339 0.35439672138434136 0.34241387859441025 0.34002409151718543 0.3953691805116496
0.7966285705495447 0.7989958263635343 0.7329143211114633 0.7098314061247676 0.6944097661516956 0.654224189570987 0.6261205381130972 0.6558007389351641 0.657876969649777 0.6798992643462412 0.6739766767620072 0.7533287307466388 0.8009274756295784 0.7627551039301004 0.7086687612504945 0.7306235754703465 0.7611373275183609 0.7513155800476953 0.7170995407591724 0.7102763874763077 0.6442429508334988 0.6584402725693143 0.6824412607714334 0.63268554621346 0.6529782653945282 0.6028675270070306 0.621291965176937 0.6066981707554807 0.5840692358318373 0.558996229735845 0.5336000894778091 0.504005900571737 0.5017546378207187 0.4773848851302081 0.4719048039886509 0.4360529852870454 0.4537599786207453 0.4552536670864142 0.44997976303473164 0.41223820734555167 0.3948906634373317 0.3449320434793438 0.3599271460793565
0.8057393709045902 0.7766442980855227 0.7797645389572402 0.7368762131086101 0.6984309853084575 0.6851977057833524 0.6571211050823484 0.623060329201686 0.6083877868245378 0.698485158086866 0.7221913503334247 0.7614960628772793 0.799287596558133 0.778734211422057 0.7116306467141131 0.7274790004555083 0.7100769028112052 0.710799407815129 0.7357050637216306 0.7014649736626882 0.646337348927653 0.6291052728771971 0.6733449788572365 0.6297867664870459 0.6866422867130733 0.6550316101381384 0.5865061411452479 0.6326682656504351 0.6067768367567588 0.568917679552303 0.5751050664518649 0.5827564512672925 0.523536107408234 0.5347087202325487 0.487721652307259 0.4601769379128423 0.473283051382332 0.44979292840407487 0.4526368490401905 0.41929362725648345 0.3870797333907695 0.36359438446452913 0.36775487363876364
0.8101796043780415 0.7979030133678254 0.7423135073117655 0.7413866284163724 0.7136292154129213 0.6871749330686746 0.6297837611081547 0.630714772889702 0.6556897891521668 0.6907688576514293 0.7544119137483735 0.773643997932484 0.7739708550823337 0.754309442241151 0.7312073577789294 0.7706858637792744 0.7364584103372342 0.7186396446891806 0.7166282360263788 0.6872959277505799 0.6379442189242632 0.6649586784070126 0.6276536574343795 0.6318678408408552 0.6448159986928551 0.6558469996151959 0.6294272652379664 0.6277661765247375 0.6169012997100873 0.6493055463753258 0.5910473938846788 0.603910868784126 0.5765374100919695 0.5525270276354386 0.49671415727458945 0.5002422649636178 0.5206198798008312 0.5109377088445138 0.41728285172845747 0.41229618851294625 0.4291698626512483 0.41852251081927105 0.3622238484414292
0.824709453598773 0.7728827887852289 0.6997818597337385 0.701520169122914 0.6719082219286274 0.7151861609909376 0.656488204794752 0.6957468728668798 0.7247838972758093 0.7467541080479614 0.7849092598150921 0.7685112143587924 0.7640468192831509 0.7561136246146886 0.745317350158378 0.7681001099174359 0.7830442922184832 0.7693024526578469 0.7312452745956025 0.7187928847912096 0.6426701081072073 0.645979141618913 0.6143415225876449 0.6044249104723266 0.6634186150017032 0.6313290831973942 0.6600193442938064 0.6532070983504927 0.683294818169978 0.644145724314827 0.6466512574424536 0.6419189984995892 0.6497390148785533 0.5772888069757047 0.5475015048779509 0.5820790853331379 0.566722382548438 0.5310035399591084 0.42420532072725997 0.3897099488485202 0.42683982794585557 0.43097670407468713 0.42080935593005037
0.8217810094021251 0.7594074545213483 0.741169033166437 0.6944974092161069 0.6735841967251701 0.7211266591599869 0.7381425444875165 0.7564149838305366 0.7502731193877746 0.7926815180381982 0.7528658287017671 0.7519245025053726 0.7564459588188037 0.7823381244340286 0.7321518314596451 0.7480379478442937 0.7452027550869484 0.7803294631014996 0.7334919692405625 0.7065291782635712 0.65436486930604 0.6216154444607187 0.6405905768937035 0.6182036197865884 0.6231613183556355 0.6720939580428518 0.6852194703202035 0.7119980290402415 0.6825309790766512 0.6751914358583462 0.6563785945945751 0.651783364963169 0.6614588746381448 0.6458235410615324 0.5975623354385833 0.5989899036429773 0.5641449070459131 0.5331786034428969 0.4652513956041948 0.4229924931982636 0.4139760666284212 0.44176672533009204 0.3847370836836233
0.7926125121278601 0.7747714197125057 0.7499627157083442 0.6935407514031017 0.7082148542304058 0.7494682117909757 0.7720801543590862 0.7922312840401057 0.781283620580014 0.7832409575433907 0.7812388915122824 0.7969874419696972 0.7875417314462769 0.7640978140009949 0.7242421769326408 0.7513461880573837 0.7629423218195078 0.7719443107306198 0.7306739656836551 0.6955974527253076 0.6351992652248635 0.6253264173452241 0.6418005629140444 0.6474300593836029 0.6419023712850253 0.6384982170124023 0.6833543070310704 0.7199137271981738 0.7028534935195203 0.7082198525059645 0.6568798828807262 0.6787590690118306 0.6895119766891241 0.6850450258324896 0.6473639290055968 0.5874406515171309 0.6055757093822495 0.5325535639355277 0.5185947297380343 0.4520469288834482 0.4223345746865809 0.43344352612794773 0.3702247352786545
0.6778474268562179 0.685087390108101 0.6884396867229043 0.6921605381121578 0.7128625010619916 0.7217362099509621 0.7437347610817714 0.7697470463190078 0.7324342333063354 0.7670990594920342 0.7347365890013831 0.7842680668818286 0.7419582073899509 0.7483552901856757 0.7853934567615057 0.7700067083780577 0.7573962798095017 0.7452352858567646 0.7386026362546071 0.7230503385510082 0.7167271545754517 0.6881354707001514 0.6714495757596151 0.6259769271464314 0.6615028966638676 0.6665781141939552 0.7010527638447153 0.6916534163307884 0.6724182480598286 0.6941744730796865 0.7299284792919695 0.6925047401609494 0.7369182264080785 0.7140700901642237 0.6447271164358486 0.6235918237472328 0.6076725065313331 0.5533279072653654 0.5361303608446374 0.4518308339104567 0.4428485417047162 0.38613198088546097 0.3708073770314145
0.6251027439167183 0.617862205488294 0.6137711338658378 0.6447777010189736 0.6451999826109778 0.7163999552124757 0.739458748777939 0.7689182701203569 0.7308183480741155 0.7728064579830665 0.718945226462665 0.7227807061117647 0.7323204592503996 0.7744497994758969 0.7998810311329826 0.820831590223424 0.8270942881527362 0.8141867325836644 0.7707926586927903 0.756131537942475 0.7554489896544581 0.7191858445313324 0.653479595808891 0.6586416603075891 0.6558270085297275 0.6810818980873691 0.7187912693358249 0.730063468389844 0.7206848112160423 0.7129939965807062 0.7595404198644551 0.7352757064244011 0.7423531235533353 0.6688615577040727 0.643537588772166 0.6379695313215353 0.5824379190174311 0.5054130418188453 0.5083792133722167 0.4528698399029306 0.44860977040654276 0.37404888853052903 0.34924273329550387
0.5987902527557659 0.6302621798843905 0.617919969360352 0.6190419716094674 0.6505348887372993 0.7169667138611705 0.6954127252725407 0.7185285952446784 0.7565515793678539 0.7732819162551763 0.7619076037279259 0.7087027400903817 0.7217623340308736 0.7650804843941426 0.7904398531272159 0.8420852902547892 0.8479807438205189 0.823936408307014 0.7978298033183929 0.8031105861716443 0.7916949844006201 0.7056649578911675 0.6706836735258063 0.62118733551956 0.609108669549069 0.6559225526162418 0.7039024851139645 0.731807829548097 0.7421089309123475 0.7440912953376121 0.7355369329046721 0.7705432398925528 0.7609044396651794 0.7041653721568453 0.6565426454998851 0.5967562343716887 0.5372919540586082 0.4809007124168086 0.4970900185703346 0.48607338946565565 0.4148572775402404 0.4285466291631795 0.431878733029086
0.5371611411360833 0.618389452963697 0.6309684601305643 0.5913327291675776 0.6351798206482168 0.7096707802676961 0.7236320614953664 0.7167449698517342 0.7585257166657214 0.7814120718924165 0.7724961255494106 0.7489868652672387 0.7393451230825075 0.7819021332640566 0.8262281535567234 0.8329888953683907 0.8298425747186173 0.8082403224967067 0.7905306387605381 0.8150029706223523 0.7759691754149852 0.7023961858504948 0.6739739430639525 0.6179123878653959 0.6145912635292987 0.6505785398234437 0.7123818714527772 0.7101358746256933 0.7097904769609513 0.7193359469765082 0.7500403444466385 0.7436697676147761 0.7367903738837758 0.6754804578673189 0.6316207834648616 0.562214691186105 0.4936758175627668 0.5272889012818889 0.4637832201338391 0.42537001139680564 0.41853293556545806 0.4130013718766433 0.4564607244454758
0.5791499498863393 0.5515282184185087 0.5860525539037448 0.5857666225591598 0.6201275127228926 0.634865054091596 0.6813878439669536 0.7588847775668671 0.7673096967841986 0.7436016827998702 0.737300033150738 0.751795001498845 0.7011102927081528 0.7649212777598865 0.7916086227800954 0.781392296676409 0.7867461130718689 0.765640395426729 0.7665712656851827 0.7840905385969001 0.7865727660246288 0.7454974969517623 0.69970611023186 0.6532969280940689 0.6496590514681951 0.6735992637069612 0.69803031270461 0.6704161098521109 0.641122532099607 0.6664332786888401 0.6569229596993488 0.6625247370193034 0.6299237105399857 0.636407496122525 0.6189801954716673 0.5380941238770424 0.5386452544052797 0.5450259149899399 0.4906017490404759 0.45891139041594653 0.4701251169724051 0.4334188379385762 0.4191333253804298
0.5873851099570667 0.5912164336620693 0.5774713046524237 0.549240479747274 0.58492125448207 0.6558274003296118 0.7104663416917446 0.7060954955084222 0.7606839098131443 0.7418516025263078 0.6907145501188461 0.7227108641090692 0.6759891427889939 0.750218737184388 0.7748195610106857 0.7960166772442702 0.7334645244805924 0.7699878810895018 0.7451672249162589 0.7266958161103033 0.7486230763743855 0.7098183395359495 0.6943999284678937 0.6479755196783453 0.6816362762345894 0.664758949379201 0.6375282321687428 0.635876080969096 0.5845074112560653 0.5771429275342281 0.6047687626608418 0.578694850128193 0.6016704465685417 0.6094585560341016 0.5634840076675799 0.5812110847089507 0.5901792477784491 0.5758814906876468 0.5404417189036766 0.5219405092081663 0.4551912922624615 0.434758079641401 0.43259527196209635
0.561023139567785 0.5598281196311345 0.587379677096602 0.5766617193501652 0.5868797505018075 0.6832258745752819 0.733806163463946 0.7130936632124942 0.7605780322679627 0.7142094480366483 0.7044696200734109 0.6735015148249502 0.6973339225537668 0.7138941600442389 0.7384363266538565 0.7688907429986997 0.7757896404755648 0.7195089326911569 0.7174693220939604 0.7124478344303166 0.6754961955126296 0.6738000805585863 0.7007208440737723 0.6467474112787255 0.64742008669187 0.6492075013374556 0.6243251777368046 0.6159304443601853 0.5813865793932745 0.559387604122445 0.5822700530149286 0.5643385084703897 0.5802450715764618 0.5994514405652464 0.5338402911773868 0.5472785515061029 0.5471041349914172 0.5864643454618345 0.5676344316918582 0.5149833256833519 0.5276302511964917 0.5111499170223687 0.48601998728030293
0.5318216245563245 0.520007239160045 0.547292887150497 0.603011375590798 0.6301269143005505 0.6555025943444969 0.7199806010878352 0.7154307970957446 0.7315471665610485 0.679387439500534 0.6964800094647053 0.6957538911397636 0.6465169439082687 0.7266113573125065 0.7170354361850724 0.7585238266428528 0.7956907974485651 0.7767878305996844 0.7330677796610975 0.6673249253048078 0.6587738995710437 0.6463461762162849 0.6864251931767726 0.6460293060287381 0.6332034861125667 0.6481805547109705 0.5920399647911164 0.6298245346380399 0.5915271228368425 0.5654956592125464 0.5585212928650658 0.5410365961783435 0.5983519189132093 0.604135933163366 0.5301231094659081 0.5724991851887209 0.5573379403078701 0.5853967828954522 0.5317707311580231 0.5523457107424256 0.5344187109006039 0.5182796517169165 0.5409055841536159
0.586476202168468 0.5328286050817156 0.5993132129367719 0.6185919167716649 0.6207992524589832 0.6676669503459716 0.6822919163750598 0.6765309402558477 0.7035110452628666 0.6748622402726432 0.6875395210655091 0.6461572735296721 0.6382172656727233 0.7195553041036205 0.7446895160684002 0.753623356068366 0.7292742666953091 0.7632518382376832 0.692243968320141 0.6729606271904405 0.6674728149553776 0.6829960748625322 0.6990789605144041 0.680389423077797 0.6397222074656936 0.6244671625639933 0.6461403387490063 0.6181360795481801 0.6444279686810594 0.5960330071028689 0.5535693680357604 0.5758999036856824 0.5747135124883808 0.5607007868384244 0.559291049024913 0.572603784981749 0.58825611796286 0.5554493593442369 0.5751465510488624 0.5771356497884619 0.5387826630334468 0.5393266062896213 0.49717430085429953
0.5938832688109001 0.5870855105701432 0.5765831996824115 0.5910213974854467 0.6258553261756362 0.6514901668213912 0.6458156027864824 0.6480830245751257 0.6232479528100212 0.6540872080433174 0.6505680900482391 0.6747560352111607 0.6706690504735757 0.7091336574052001 0.750616095943682 0.7738094615617344 0.734454808569445 0.740393221978338 0.7043842454240368 0.7068786805767123 0.7080793592083683 0.6801682896050212 0.6898619477612672 0.706056418384916 0.6806182521751102 0.6228099853977512 0.6334936069297029 0.6137196917092654 0.6514456002856411 0.5911939529462693 0.5745497278193885 0.6178342069740944 0.5991255981621502 0.5418725520159601 0.541878121953482 0.5908151670882171 0.5692872457056858 0.6095128339860153 0.6375746040326308 0.6347468415528783 0.6167041354156408 0.5564224508428623 0.5016637090489647
0.5597514651508091 0.5417971753844314 0.5786397474362079 0.5361389104046757 0.5266065450134929 0.5662840112627678 0.5921517688086287 0.5959887088586909 0.6090184040632814 0.5787397430715545 0.604280770765843 0.6777028776783529 0.6640580669298355 0.730250071012508 0.7456280798381967 0.7257965454833937 0.7299241927272253 0.7715373373256965 0.7218429062984323 0.6810000067386123 0.6965831756998389 0.6930185807971941 0.6904623001126493 0.7148185177789735 0.6715729813002255 0.6284784152994847 0.5986898146319951 0.5937840403105025 0.627986666033821 0.5895975490972014 0.5639940418107872 0.6103813968868327 0.5751902580614441 0.5770938611541718 0.5919854366310916 0.6115799582374704 0.5865942122443868 0.636019504196814 0.6321897469848502 0.6578185868320667 0.6449322203824326 0.5556520947463675 0.5487104764860138
