Raster_benchmarking/DGGS/continuous/raster-352.asc
NCOLS 100
NROWS 100
XLLCORNER 1743164.0504481767
YLLCORNER 5469292.807254396
CELLSIZE 10
NODATA_VALUE -9999
[rows 38 to 56 of 100, columns 0 to 42 of 100]
0.4065736233041408 0.38393010273952055 0.3591810291876925 0.39923219802027426 0.35863352268146226 0.3584934356977638 0.3307247246847978 0.3076687539318639 0.307759060645011 0.2809304740261255 0.3154586879133793 0.27509169899633784 0.26678939885271175 0.27975745231069726 0.2885963722793829 0.3010562076288216 0.2998430895294066 0.3188025355060436 0.2964636988405832 0.32591797292933977 0.29236954504938195 0.3421404949658547 0.3079775840699342 0.342316425814602 0.3006095825751961 0.338280577380488 0.3630426293111623 0.34345832712573277 0.3613816684735106 0.3469591297137835 0.3624966416669817 0.32555861254974483 0.3084916560708063 0.32657878792484796 0.32004708802350323 0.3195686532686558 0.31607561158928105 0.3541550435733608 0.3878953316448297 0.4492503310846097 0.46904775307770646 0.4540546370940559 0.484915591676365
0.447117438254775 0.4161637158905386 0.4024904295175292 0.4208477194631917 0.40221305531078855 0.3833463443490231 0.3254010699124421 0.3182626490326822 0.28441766900793675 0.2738836410932604 0.32384758247488776 0.31778123218619975 0.32549662726557727 0.3071753631194866 0.27547273358342594 0.31563268084434354 0.32835940251889917 0.33698139379938874 0.338406050108443 0.3281936176350303 0.32912199401446723 0.33484934117937937 0.3468212256448453 0.3071000510635346 0.27940090973223936 0.28912135408899536 0.3101875265217709 0.3327136146297976 0.3341151001882334 0.33682195722509634 0.36314037682004363 0.3380532871369241 0.3071903330616175 0.31574443494668936 0.2870572308059807 0.3336054870711059 0.34393931122644444 0.3782354980067099 0.4280721643949633 0.45603653622298457 0.45242295321138526 0.4134982731372038 0.44327035026871
0.46809750414622747 0.449138831802204 0.43843710930204355 0.42215109858143185 0.4151606233604894 0.4126918972049695 0.34589182131859125 0.3437107042192907 0.3100627093847176 0.30321987932573524 0.3127156843088088 0.3225071852323007 0.329022330120978 0.3262727628130033 0.2967323183640654 0.322840829654826 0.3716264011736752 0.35187212706772336 0.29361862337832406 0.2961379766345187 0.3212278931056005 0.3147359015363006 0.3157086285920953 0.2686598716132268 0.2533658831676258 0.29965109984338806 0.31481255458996443 0.3205964894505005 0.3337268863148619 0.3450268080113983 0.3841696475219007 0.3590778666735886 0.31508236919592825 0.31332891288635156 0.3289691836431321 0.37674093461697084 0.38535661452003633 0.39281981620705597 0.4469392624717841 0.4387563923430047 0.4224482069680706 0.39131539434855217 0.41234083657506176
0.5156906042966991 0.4628632876129711 0.41157323945366575 0.42115102599218024 0.4274243206657878 0.4000619304063316 0.3838982464533824 0.37126149496156496 0.3616535551835894 0.3549864012717401 0.2968798530156356 0.33427751866279226 0.2958105097220821 0.3208016343181795 0.3045312936529387 0.3641518365028842 0.3707049085927385 0.33916421549837034 0.29158215815439514 0.29397017768835515 0.3238642482756823 0.29654281074614863 0.26139429373715967 0.2593317591387072 0.25184850567471273 0.2640013940757189 0.287448109776485 0.3518884117706222 0.3706761440814493 0.3625149671166858 0.3676129801746118 0.3066188595381809 0.29607729525296894 0.2905983800345319 0.3583026843261216 0.35498491496933554 0.40418996127040385 0.4063553694503735 0.43497848719753235 0.3981262275636762 0.40852922064661473 0.38786941284671284 0.3366020843485263
0.5053472548788069 0.45743426036707513 0.468252492665103 0.45599087611092226 0.4183802416887021 0.4417438909850181 0.4027579501716806 0.3993502509805956 0.36742092461372927 0.3819620611331469 0.3374840203102275 0.3624900949033859 0.32690189309518985 0.3399065191492358 0.3484177737682594 0.3675038448846353 0.39575198204876466 0.34521112596868564 0.33760068988041747 0.3290780653468381 0.29928434333436776 0.2724958655833513 0.259482395188718 0.2857967749735131 0.27495991836406836 0.2767942222587792 0.2913888641861259 0.3157627508161863 0.35197979014275693 0.31936186848688897 0.3398787364132782 0.2903368745501533 0.25985549462804974 0.2915345980392395 0.33742594846970386 0.3484330711808263 0.35834776101842 0.3749325719762154 0.3995657345107531 0.4065230313738629 0.4030949321259914 0.3803870676835609 0.34492329966190494
0.5349164154033934 0.5032694161478645 0.4427882055103682 0.47286936180418093 0.4377742686562201 0.46189303133189324 0.44934560068444596 0.3952247805833824 0.39528960438307464 0.40688677676231766 0.38727231073585466 0.40669883293275527 0.41847880894411593 0.4124476124367936 0.409521927600479 0.3957321564015027 0.40595550071424397 0.37628947925199946 0.31601779494868354 0.2890752308975608 0.2845279568273189 0.2995360173604834 0.28104738149553715 0.29917425268375325 0.2657813070481155 0.3051611188377758 0.3667525350350896 0.35043902271835836 0.3350380398251874 0.3131190307886252 0.3172368634157071 0.2900302530374394 0.25708775848881127 0.2990685654241405 0.31308632473670533 0.3541122241728758 0.37916576507962046 0.3794883115475118 0.36744076461158953 0.37048019132528504 0.41395000173494206 0.37631960537141573 0.33324109851938005
0.48349544844787046 0.47120320576154967 0.4571425036941479 0.4409205408961445 0.4126520973103193 0.41578051689680456 0.45769861312825627 0.4336997510001174 0.4203718244012202 0.4196294723885087 0.4367172087436041 0.4347223023178318 0.4277724262000445 0.38254345963728437 0.40178922482786766 0.41972604990403956 0.3688903790244955 0.3631557376007575 0.3399809028163566 0.30515988637156827 0.2952446390879039 0.26184309906139036 0.2833130412783865 0.2537865901226193 0.2651724885296729 0.3231222237386835 0.34947986294646316 0.3732190043212866 0.3522902145139929 0.36182044893696885 0.317138386895879 0.27952780980426895 0.29471892573936836 0.2961982280447573 0.3324241930546782 0.32234881079591965 0.35200752617422054 0.33853186518486666 0.34915682539947096 0.36226730580942956 0.37259273433285994 0.37431359530141484 0.3504111017366908
0.5121737489667835 0.47872363677148744 0.44156280154224103 0.4598725070087393 0.43855380269932054 0.42450894922514326 0.44747717865013725 0.4691980550291288 0.46651724083932966 0.45068878242526533 0.4304341947901417 0.42539321877803415 0.4109770488922768 0.36959861745552136 0.3808471570343131 0.3553329980138028 0.3843549175218859 0.34286097354771033 0.35785511459030417 0.277770745260667 0.22781542764830143 0.24403576013300218 0.2565842952024939 0.2888978263733853 0.3259772595499589 0.3378946092746589 0.3274795301585835 0.33334605993487676 0.399810233707037 0.34353643888585983 0.29522924255641547 0.27575603398104315 0.27548241153113356 0.2978101235608468 0.29720299323901017 0.3019588418740319 0.318356496035468 0.33992918062372696 0.34173660244586784 0.3336092204842976 0.3649607742420397 0.3670193012306006 0.33592826477577237
0.47316517970878846 0.45763710859546564 0.4677249494017275 0.45236048809745577 0.4519511777284995 0.4243245120382961 0.4562036402421587 0.46522855527537565 0.44503554540296586 0.43412828883882665 0.41492155077067816 0.4451732395661662 0.42961229351982316 0.37665765056027023 0.3672865733860055 0.34252429446500404 0.36042228338739857 0.3683421707535263 0.3617741623001286 0.3026135791670036 0.2996338471951487 0.28440564332596013 0.2661066326458155 0.2650710240696574 0.31787041010055683 0.3269445337015621 0.3405135422719338 0.32925243807747817 0.33416602915371824 0.29891312524238206 0.2653605702632109 0.288271584477663 0.28423187704265085 0.263861494170662 0.29913195732261605 0.3174416509820948 0.2913513042091596 0.29147703450318385 0.3062854718373606 0.33415289775861934 0.2946150523623761 0.30695161236185164 0.30538880359277965
0.46118251923182213 0.44562521960848156 0.4078474662924237 0.44468426756078083 0.4071226694839949 0.4251701914049083 0.41223992474194104 0.44523436011486783 0.46961219536683446 0.4689582814667864 0.4358530263190112 0.4016302996816766 0.43065236956099767 0.39541033133035236 0.39287987894524246 0.3321449935068578 0.31564063562446404 0.3266190809375584 0.32626611040066555 0.2855512628048945 0.2957379404428939 0.2740032941810174 0.26975963698923616 0.25240192196904193 0.28237657158226886 0.3218116068919832 0.31297598812270505 0.2995317001131914 0.3106777670975262 0.2700255565401319 0.284257126147506 0.26632156921169015 0.2787363656945177 0.2450061866759275 0.29303210838599086 0.2925984846167128 0.2513483805629291 0.2554179104882193 0.2727462239576693 0.27975257508881424 0.254673515362151 0.286536992400782 0.26343941650266456
0.48205977388826254 0.45356676219512615 0.41583090349829105 0.4023766858980373 0.35355489129640466 0.3723137331867356 0.43896833164351573 0.4449336594676882 0.4620256298504532 0.424031728520259 0.3995318318271462 0.3933059525144623 0.41256961822513516 0.3889287153126123 0.3686337494938269 0.3132583717367875 0.328244237371067 0.33676136202059204 0.33778569613090975 0.33052063513285423 0.3062645143701832 0.3115030409680224 0.3067652000711863 0.2863097274576027 0.25627805946262866 0.29417605714169365 0.26919230214086176 0.2638875301926833 0.25935092952543126 0.29420648416947953 0.27510835777699894 0.26440334505103047 0.2698480953884075 0.24738967569535952 0.2609112151363849 0.2635957387081641 0.25712214025383323 0.2620416571464083 0.2474418918769661 0.2550840441380393 0.2798726741734634 0.24758589926722963 0.2584945096484731
0.49067340842775153 0.4652886015272158 0.3883467923339292 0.35618549046790166 0.32621716004757856 0.3951133424100869 0.4159894734284275 0.40912516049426234 0.4069744330187806 0.39253803323972825 0.39889144345264 0.34343464543567576 0.3442317165189884 0.3717554823295639 0.33755775129763615 0.32209927526466964 0.31959257367885724 0.34091410048736326 0.3254401166611207 0.2958270248056858 0.27772611757525845 0.3184002091525917 0.3190458957317434 0.29690862762591125 0.2690746580411545 0.2503714782405566 0.24613766636823228 0.26856079349174367 0.24333188628999075 0.26853216575033695 0.25235951914814025 0.21336784662999844 0.20798001427047746 0.2360817695368343 0.238585075570205 0.2533533291145615 0.22284426409308433 0.20849324910784195 0.21327778675724615 0.2187197738531935 0.28193861107410745 0.22943571410768432 0.23637836111232446
0.43557318904389436 0.42639022508102165 0.371137163857331 0.343703217540367 0.3213646380173085 0.362323995962276 0.39922255812753743 0.39141970338196824 0.36932822457665665 0.3747197495798179 0.39183214558388046 0.3511916742674183 0.35624581570864117 0.3543768696889206 0.31421757183918897 0.2976602012868344 0.30503320767946085 0.27905041976319245 0.3144410446252823 0.3146713674111757 0.3268357633400175 0.3215129378205866 0.2819108988601669 0.3055946893830382 0.304653793313082 0.2622388508563435 0.2760768894830685 0.23805107244912752 0.24337183374834476 0.22054495360983623 0.21637095782304397 0.19568670887284687 0.1962785801073968 0.22335470181414416 0.24224736845199524 0.2424690902259278 0.20946837737168442 0.21560919985524726 0.20653824518444913 0.2240076394052584 0.20673548833758817 0.21641446165116876 0.22681579299088525
0.3928291136885495 0.37303127963397154 0.3380536473777751 0.34248751684218487 0.2870236298520816 0.3396813644622411 0.33710082490938403 0.32304462518660565 0.3462266525828879 0.39213009903770585 0.3807923010199511 0.3453472714577135 0.3561230031893355 0.3358537542928581 0.33716770334053253 0.30595870653692886 0.25711011466858974 0.30165063975941675 0.28689943569739446 0.3074951380129551 0.3224333775169246 0.29179914516423944 0.28969811478280244 0.32364057613582825 0.3198553312215553 0.28270346812075936 0.24994967552069935 0.2266395862116443 0.17876196697191038 0.21244069330621068 0.20570073124163787 0.1921363704635992 0.21402598185522503 0.20349908609247552 0.23198314801876932 0.20000109189687998 0.2139782209047643 0.23522312960028316 0.19836962269658076 0.18399098312377155 0.21437870246214905 0.23868851548753314 0.2355017088925912
0.36170550366903387 0.3753408094433013 0.3243527136077414 0.33577659732334403 0.32307869108302856 0.2903096697306439 0.31373327819067653 0.3245814367527436 0.34539243219231963 0.3859493722710123 0.3745949147296294 0.35551264953216527 0.37577919047254627 0.341962632379922 0.32878573756846297 0.3029236852221503 0.3108834053731853 0.3056067088480193 0.31859398707441666 0.34187302816372306 0.32605866372554987 0.33945664251405494 0.32891764460968337 0.3181769735048512 0.3243015376702013 0.29549981536068326 0.2856629337515249 0.21501682457152807 0.20413114352781978 0.18110167958363654 0.19413328614470796 0.19359129369624592 0.18620727753930952 0.15070047830051675 0.16427546137810306 0.20945574417010074 0.21123544862491905 0.231104907449624 0.2171164438024183 0.20168950719932502 0.23405580912357254 0.23583526102183158 0.24627672217027102
0.3692875902381745 0.38560340829945605 0.3394364133056355 0.32498420359512564 0.2930118677346931 0.273115045637614 0.30180067362568586 0.3355825432858338 0.3699312038090324 0.38578023094458885 0.38968094537477355 0.3814244419139394 0.3978921753187672 0.3692199392455128 0.3852876390322732 0.34337694652636047 0.274886185914666 0.2942544453836054 0.3172062085911282 0.3371496789166109 0.3935053861515713 0.39386431914994907 0.37369018385230635 0.3424429301189419 0.3256102209129454 0.2804935994413088 0.2977418115879593 0.22288229648378965 0.18878311937612097 0.1890382893493316 0.17233039343639 0.14118434188221485 0.11102905125320656 0.13042056151451145 0.1534944878884471 0.15709355550476578 0.21805499046443488 0.18850317285070806 0.20382513931334673 0.1713107689763098 0.18260210506998212 0.2280513750871691 0.20222091053282296
0.3591181269654911 0.3678582086899408 0.3579204573526937 0.3485341688710931 0.32328063991432415 0.31856091354971994 0.3494795109526478 0.37076698684412385 0.3716133186775331 0.3768194304097684 0.3455481940983511 0.35997112056839464 0.3446593609372056 0.35318045331983494 0.35803646115698246 0.3356514174223139 0.28660799659448744 0.2978966208249453 0.30793817594655465 0.32618463098763945 0.34797474097803205 0.39173770509761274 0.3476485041042327 0.32227945206593367 0.29465073758576493 0.2784999903563322 0.24242506871158107 0.2247176814248079 0.19642999859437654 0.1656873970215515 0.13326185404246427 0.12700236070105733 0.08922377224245719 0.13477783041574734 0.1391845330833827 0.1395593047622126 0.1493340414230881 0.2022136940966086 0.2240724754905983 0.20951917174411175 0.21821597566371323 0.21618784582046396 0.21364530858635675
0.40334156549292566 0.37463383656110244 0.35259949816180225 0.36657054607382644 0.2942539593860814 0.33665592356732 0.34944855708307254 0.3351514016258304 0.37605114433756154 0.3695434386030529 0.31001693074255704 0.33349981107931703 0.2941700483452374 0.3448572433017126 0.3412843985616826 0.2981854903555889 0.3231618695388573 0.2767220367626693 0.29981468748144313 0.3046054642469652 0.3689195704653743 0.3558492147388693 0.3275020116256447 0.27812891012196445 0.25024688054093264 0.2265968313780872 0.251475664895532 0.20775827209316922 0.18649071301046977 0.18737644113938687 0.1275732726428407 0.09551134196796014 0.08813513309478879 0.09553118708607977 0.11675575597969072 0.11864990129944816 0.12450241581277449 0.188050868291971 0.1720929198538984 0.20546902822366403 0.23266794316531803 0.23813253049886385 0.20739568718936055
0.3789559875771288 0.3643517058767697 0.3867625725055961 0.3579612636008253 0.34933091299433433 0.35978834477666544 0.35757690720554614 0.3459957151718453 0.32778236427872726 0.3328853440658755 0.294675565163204 0.31548583971433564 0.2957566922492453 0.33145894481134036 0.3210278298267098 0.3046839337594206 0.28858690242181134 0.2762800229511911 0.27223610972419127 0.2924971613851826 0.30373243598066124 0.30923446035717556 0.31255105946050094 0.24732537766073315 0.2235473029094064 0.20553579424795276 0.20156379563322416 0.2228415332727598 0.16664074220442798 0.1646453015046085 0.1101607263780046 0.10754326477549402 0.10987216644638624 0.12346697244393015 0.13943919556399229 0.14245146922007493 0.14349715399983498 0.18513146709779044 0.17589481199195967 0.20927925777633788 0.25095731753243017 0.29457380907036146 0.30159973649525246
