Raster_benchmarking/DGGS/continuous/raster-127.asc
NCOLS 100
NROWS 100
XLLCORNER 1743169.1476311844
YLLCORNER 5469277.850194807
CELLSIZE 10
NODATA_VALUE -9999
[rows 0 to 18 of 100, columns 43 to 85 of 100]
0.5925795213356196 0.597072208434095 0.5812802117920427 0.5545519297561925 0.5411017356128754 0.536826947529382 0.5512955242340235 0.5257280550458059 0.5438600494459668 0.5171887436031004 0.5330815989146847 0.5473787261243899 0.5443216000816439 0.5282763355367541 0.491638219603089 0.4908603264928127 0.4794420302857411 0.5043984405136852 0.4776092762806091 0.4148376636708078 0.4102410345801142 0.4019563242468439 0.366392118059594 0.338193604355678 0.33970752161813694 0.35857419436158033 0.3600659329444961 0.37421872176671456 0.34957690834168115 0.3401044442698695 0.32826489341570053 0.3090108054843308 0.2813848730265549 0.27914090891414484 0.29815908495179283 0.3230004614085508 0.32211551254700294 0.3153587362069304 0.32230732685019575 0.33374296145228594 0.3650959040737223 0.35726797505582986 0.3758139753754625
0.6119520695413032 0.6327943463781235 0.6098446809229295 0.6031690790528192 0.5431135911302941 0.510577138639167 0.524312101959459 0.518864155427205 0.5532269991926305 0.5651471145747837 0.5568786001216496 0.5194638069450407 0.5293813292413193 0.5601317151162107 0.5115644000794595 0.49555645119936426 0.481599164152964 0.5114618213152446 0.4546624312369263 0.418132655432775 0.4101348899502618 0.3876821265097689 0.3561672135065999 0.37734705944934915 0.3804907048699436 0.3573330874048386 0.362309921726206 0.34141766931814893 0.35945450516151284 0.3372439565613489 0.3516488069937677 0.33668421747687444 0.2962501119295143 0.2552087340512297 0.3041688193671576 0.31144025817991805 0.2916805935727255 0.2949102440287983 0.33352636872793584 0.3406340900784426 0.3491225690177493 0.3796759011467094 0.38562790832794897
0.6035385382642311 0.6113290326463383 0.5766509030328546 0.5640510904471426 0.5287881906901898 0.5318935420517344 0.5156697314649129 0.49950404779871893 0.5065112354212732 0.5478379502313728 0.5300106051723646 0.5066861597973121 0.5068881341874445 0.5391206513179999 0.525338861478673 0.5026867824339397 0.5104235120066487 0.4847848719362046 0.4726469194586065 0.4326257234202961 0.4079847348740275 0.41099923420804385 0.3778862747562067 0.355979653716541 0.38338221208069484 0.37226555437026326 0.38534431724759105 0.3589973203546132 0.33616351291616897 0.3361243666506 0.3209772689626112 0.29631358939021657 0.2856248417362939 0.294468766742878 0.2961274433172939 0.30147393828448854 0.29318306335186756 0.3268679890992539 0.33136385504269883 0.33150030283365617 0.3597401369915931 0.3840258142913135 0.41630651091251125
0.5473824312388615 0.5518751334647707 0.5536272355735462 0.5710540632828598 0.5335266567539773 0.5073781994746482 0.5156792744956811 0.5134129467464537 0.509608964413289 0.5045093207507797 0.5176897082716139 0.5186212914305243 0.5246413689050167 0.5154351950833737 0.48938584074796176 0.4899430281648556 0.48095257958558396 0.46197757747297014 0.449188150242899 0.4409101942999048 0.41050311562404035 0.4031343830606974 0.38686922732295376 0.37162700971939194 0.4059627114667499 0.39550899289180586 0.4092408470794452 0.3722555372257885 0.34172303931284953 0.3354359755767764 0.33589734715414304 0.31567967479264236 0.30742495643101786 0.2809307313498644 0.27781642359302977 0.27428968151210936 0.3160114929350757 0.3040548218651661 0.3172122793826471 0.3287709992538102 0.3482586098941855 0.40101101026281594 0.4085074712629473
0.5367940318194152 0.5396033168334834 0.5439435191982693 0.5299770399820141 0.5235184364037458 0.5012803726006021 0.49109855429286026 0.46565849153756733 0.48091564096129363 0.4595663387816785 0.4637273257715858 0.5039529280594147 0.505304239947758 0.5045189365530186 0.5000641082376293 0.4837628986428345 0.5012098280798893 0.46897408017993214 0.47111210338799586 0.46928060191110105 0.42957917931959944 0.4487052940866061 0.42212838225158966 0.394249232542132 0.4142293222717328 0.37982768691238417 0.39891843436806823 0.36966617273639124 0.35140462865278715 0.38699038520346507 0.3717733286997176 0.32310218055234496 0.3135285132220261 0.28823038618739694 0.27009992042698894 0.27741765460187434 0.32188140657402714 0.31616380924444676 0.32170279930586865 0.3421188876906162 0.35216118514583206 0.3919668562060315 0.4202389994954755
0.543690038344572 0.5735455598269642 0.5645637270642033 0.5382870238566189 0.5192340386009804 0.4590244312770005 0.4608308088701995 0.43758858586071564 0.4723863374424562 0.43885343427618484 0.4402521631441781 0.462753835493876 0.5003008295821544 0.5081324859481149 0.4940277990507999 0.5035898925865959 0.49192951925214196 0.4892894069082541 0.4833530623743536 0.457666841924388 0.43379007306548206 0.45398540020031947 0.44811048907444556 0.4286526163821684 0.4113761642405708 0.3806541381486045 0.3773437178133846 0.36202739842327714 0.36126732349417834 0.4086838163320123 0.39599286789771493 0.37356199238864 0.3373810022987709 0.2839943725293965 0.26949858330891185 0.29467116502586854 0.3344933853902858 0.35147624858893045 0.33692876065108457 0.3554106839452178 0.35152343374043005 0.3695227183340354 0.41000906940206516
0.5459834381908993 0.5497490226231325 0.5638409263365679 0.5221124203184208 0.5099282971042783 0.4854421049309449 0.4569953167746599 0.4379621665218267 0.4563846042781631 0.44368909586943384 0.4515701946099499 0.4745374732639717 0.48492997566235135 0.5101381608413794 0.5261036743932059 0.500843745607963 0.49013657087781 0.45243946048497397 0.46084849480067763 0.4444780682127665 0.46655179026840476 0.47573269277875674 0.4525021547480597 0.42020100387639286 0.42546523967592903 0.3733365319374469 0.3684992496542285 0.3840069582658552 0.3850481843988997 0.3770928514111296 0.3921747513498622 0.35961932846120676 0.3379775225930552 0.289735387992656 0.2863160368999653 0.3214710421998361 0.30094607370745746 0.3243530356907992 0.34299275513803335 0.35696250763572546 0.3619365362184042 0.3761457504305594 0.37998659142844865
0.5111470730085801 0.5567583719338276 0.5599798341175428 0.5244723690707079 0.4783293683814233 0.4387562085472237 0.42376748678171056 0.45155378597352813 0.4496816144130572 0.46343858086464024 0.478468943491162 0.4828545547722023 0.5001383191398259 0.5156915129692373 0.4971263335465369 0.50642978842444 0.4811863725232962 0.43163135318068596 0.4308522274324412 0.4360095753435317 0.4272089415719953 0.45662610834502 0.445604371121284 0.4379073808535282 0.4388824837672372 0.396133652096623 0.38977429806966657 0.386160091810671 0.3876837808566031 0.3586776070138966 0.35631395519268466 0.35386220239497573 0.32268204039997467 0.31623331062923077 0.307674736872148 0.3274138655922312 0.3354768712117972 0.30435681704962986 0.35182294284737065 0.3607228885001367 0.347713613491827 0.3352857815422394 0.3589858811986846
0.49253754493343554 0.505790462048799 0.5203945230304798 0.510800825705641 0.4562573296909012 0.45193821435551745 0.42996631813926056 0.4439163443081451 0.46314141665956865 0.4507333114495769 0.47163804420468486 0.4737621214141074 0.5124099944231039 0.4816967482236108 0.47267425627262255 0.4946547487975344 0.47032018319824226 0.42398380730509366 0.43390180008398993 0.4125195689774571 0.42668163430586137 0.44340733503507224 0.43141999488782856 0.4311679055030253 0.4452686489263895 0.3980133138833114 0.3780842662466011 0.37858567369973095 0.364789826687902 0.3692452758258351 0.3824054948257114 0.3547093363459093 0.3484296236929344 0.3201574713108851 0.2978023392374449 0.3248538376153415 0.3231619379450603 0.3100373886709672 0.3364053814209944 0.3146787272300001 0.32847615058735274 0.33549960179777144 0.3506968695186869
0.4823214073704991 0.5341278081461742 0.4821609431600693 0.4688239175737825 0.43101560811072914 0.435227534766757 0.44461645379779574 0.45702561552472243 0.4566520717956267 0.43666429004672297 0.450418802766731 0.47460011879254377 0.4742876365075652 0.49060642350848077 0.4622333985075336 0.4488794891602436 0.43890553872125826 0.4251936778427196 0.41001114878423006 0.4059308612252979 0.4121590235634637 0.3756142158749173 0.4220222079920625 0.44550647119829384 0.4318093111131351 0.4211789768205044 0.39514110862197593 0.3808275166890641 0.3690117876365297 0.39983339141962365 0.3921515469461543 0.36330116945498825 0.3563365965741561 0.3262477477370135 0.3090144707904763 0.28241961250438036 0.27814374141457965 0.29429617505344347 0.28578219202228644 0.2996946360125748 0.31190745919020124 0.3126938682365205 0.3280966340793037
0.4767752859391221 0.47188208147391736 0.4724426624302513 0.45286095569047224 0.44309597144835633 0.43278596812866027 0.43094206327208096 0.44175664761891215 0.4411795593926197 0.4315711706677889 0.4459744266530692 0.46147564557812726 0.45062443366970917 0.46063172151804194 0.44022360588122883 0.4033430364330756 0.4031466412367687 0.40923774001693364 0.37803202755900384 0.3822671878240076 0.38706318801686135 0.38165920294569816 0.3999424116257387 0.4180271379157184 0.41236950733823696 0.40323557746171346 0.37743988532326905 0.3595700568124984 0.38418019210150195 0.3643355518742804 0.3750884719824108 0.32707706340372367 0.31038629900547055 0.2921579693672669 0.2760557740203445 0.2817122299487054 0.27720771943873795 0.27502909277404664 0.2918118913144885 0.2871510674903696 0.3019812089703636 0.3174412075687366 0.3577729814890158
0.49820522941580386 0.4890810427851096 0.4311007637143253 0.40500739521054646 0.38699954805610237 0.3792966506315196 0.39100797154362904 0.3981516073210618 0.39108214050117995 0.4028879599939126 0.40540040279215306 0.4260614505620535 0.44459469177703775 0.42297924078509497 0.42808950146906893 0.3926105506825154 0.3963112406296637 0.3638470386850949 0.3654513464601092 0.3934547253976808 0.36518383780930974 0.38622320572711316 0.37471262817040724 0.4128217259865482 0.4249052959677061 0.40539921174542526 0.40090934430489866 0.37289214791522446 0.3737050451157675 0.36719455851082156 0.37468864479671504 0.3296480962533496 0.30857537799428963 0.3034191288622935 0.28849512431881225 0.2596338388867027 0.2708128768558671 0.2522429707646145 0.2737667799323701 0.3113205729059474 0.2891484074116232 0.3091403252738964 0.31925487548632814
0.4613638342781743 0.4673071249998832 0.43315616246065936 0.4242279179138308 0.3954184996224893 0.38802642850622016 0.4050461316145282 0.39865770794051286 0.39789743280787554 0.37997873981951413 0.38555924749872555 0.3937409051054798 0.41132263926584933 0.3909649801393115 0.38165767475516305 0.39632854369882153 0.3869520051921984 0.3538286045328319 0.34757671304425364 0.34343920338941875 0.3488598391195458 0.3630271470418867 0.38061327310892845 0.40545125338802607 0.41667861689879937 0.38103908411746257 0.37964997495429104 0.3615766236749008 0.38374356726293746 0.3517251958667727 0.36839230306947607 0.3205012569507321 0.3121114115769568 0.30552176834689687 0.2794743441159062 0.27252019751719975 0.24316726924983906 0.24232742674522556 0.26067182585991505 0.29573028336178675 0.29748987341355687 0.30108308262709527 0.3107388633637056
0.45487876662781407 0.3999621206484159 0.4078875379736731 0.3786050442388212 0.3821238135511879 0.38468498421945674 0.39309342751723114 0.3744757503704171 0.397327721899901 0.3881655346199512 0.38449112380794115 0.3879153778325766 0.3656063301842362 0.3824043807315063 0.3761041625186409 0.3988028952978117 0.3876933377998885 0.37063350378390986 0.3572152313421276 0.3294486693564036 0.33280698293838235 0.34894256085635694 0.37215588368140623 0.3939267424661852 0.3963475421924986 0.38004306310066643 0.37287737924868314 0.3821266966145323 0.38497302888843754 0.3740550127367365 0.3548652091505646 0.3356776928973185 0.30753657050047406 0.2586413894882069 0.2818132934822172 0.2462608439122098 0.25084482518446477 0.23052775427807445 0.2770420680939715 0.2849298140628318 0.2817094695087635 0.2632637017635168 0.2867012074471875
0.42463476671268696 0.4184118429676087 0.3926531860952294 0.40762342821182873 0.3746805240794818 0.39839244480282116 0.38878168252189554 0.37493210470045435 0.3878230985880104 0.3560724086887587 0.34552547574129105 0.3329274691351285 0.3275289925219348 0.3397280474809477 0.3495561953545767 0.3529790441371231 0.3628662784993397 0.35873259665132423 0.34171556736946923 0.32919985913541877 0.3355864735998379 0.36474092679579223 0.390081649112913 0.3881214839604658 0.3816789818063387 0.3726547636541832 0.35995540863208747 0.3609629380239524 0.3569454011444312 0.3448787187558986 0.3474171497473484 0.3218173917684609 0.3041028788140214 0.26165151578946866 0.27129193785973493 0.2638581551156843 0.24012622213709506 0.24336843583745982 0.24768287238552933 0.24388411447717237 0.2628734982040957 0.2753705611688786 0.26638620801799623
0.43980454571195887 0.4017099889079349 0.4037612222992504 0.40507938333260335 0.37405050538475676 0.38682343681125436 0.37652941941170465 0.37656606232586987 0.36900297134466564 0.38501334227019063 0.3502359731631506 0.30505971412533606 0.30486826714292486 0.30955790068789035 0.34124218922532756 0.34599847654197935 0.3418148362486742 0.2998853184097795 0.29755601545910737 0.30512410287385117 0.32925436119876617 0.3676532094990766 0.38125009938139404 0.37913339064164403 0.3555909405278577 0.35312215677749814 0.3636169278091404 0.36349377881804806 0.3736847637510347 0.36685782808813044 0.3324963934367689 0.3421667039563211 0.31147079733575644 0.2867886144033778 0.29238851070897337 0.27528319678756413 0.2613775879382261 0.2031951143918845 0.2309504184226181 0.22776078458093452 0.2444688724513762 0.2294772429853654 0.2423655972131876
0.40155165290942535 0.39386742436750966 0.397078552763877 0.39502897646854296 0.38968386800139887 0.3974410063973054 0.3576852225268637 0.362908705160648 0.3481788593790692 0.3709521235900763 0.32343191264711024 0.30999966645536436 0.28745002341034853 0.295437342761545 0.2896768240342393 0.315476841312869 0.3143786359350541 0.27957185873526447 0.30647391437949006 0.3435408607552327 0.35260461093881346 0.34762068441970567 0.36306977064308604 0.3780461080636201 0.3499756602386668 0.3499181633998569 0.3288685794802659 0.32830852847314823 0.34015458663003145 0.33723173704010634 0.3286149669409381 0.31957166299368495 0.3426082894379697 0.2920656505374025 0.3030835669748219 0.29064490928641007 0.2507470356215474 0.2248613896644134 0.24129259233598552 0.22547356048990422 0.22449354036338673 0.2220467537947976 0.2519273602569704
0.43221910889918697 0.3877247953853167 0.3892417237527199 0.3879400543970851 0.3877973445874931 0.38853079504664395 0.3683585812575566 0.3602470824746614 0.3429694267032055 0.3469355476007772 0.32298350247391283 0.27450637920436594 0.2852801709720571 0.2280301522137045 0.2668115145910182 0.2680487797188065 0.2694456856416256 0.2652935879497764 0.31600655215281825 0.33430433921942065 0.36174371939757327 0.3688157881576536 0.3441014709542067 0.3486425950808547 0.33410353577295243 0.3176684797195242 0.2967868057857114 0.3158451641206159 0.3108944857301873 0.3062463377288386 0.2996078058969319 0.34986148762166386 0.3477404919529045 0.3213412472838061 0.2898877551236274 0.29417730138258885 0.2396336794020305 0.1991861604566239 0.24722443803629351 0.2572060301044398 0.23905889300026636 0.23980471830006092 0.22200687590941842
0.4396461943850593 0.4190210371549657 0.4067551713611427 0.38827091513534395 0.39006898945431595 0.40656178968471124 0.36517657569864026 0.33864794255286096 0.3167445540086677 0.29012394600527575 0.28052200564895696 0.2586253720688186 0.2690568183608017 0.24390080625413452 0.2333399301491005 0.2533078078509272 0.2621838088171034 0.2602671064746685 0.3016870560060502 0.3533943625483528 0.35658643649635324 0.332125489691305 0.3302852825701552 0.32149582003461086 0.30928009146487206 0.286307424360005 0.28550121764470693 0.2839008648477268 0.27094151947791817 0.27713300839339583 0.2932376245059448 0.3025549920292411 0.34713990793918403 0.3449115459720327 0.31794881368301364 0.28027119900643294 0.25379236733479477 0.22346527542248043 0.2407173489681594 0.23208685274319496 0.22204456917506374 0.23721291879106976 0.22935558553369081
