Raster_benchmarking/DGGS/continuous/raster-196.asc
NCOLS 100
NROWS 100
XLLCORNER 1743165.016955077
YLLCORNER 5469277.669717171
CELLSIZE 10
NODATA_VALUE -9999
[rows 19 to 37 of 100, columns 0 to 42 of 100]
0.6151786255659659 0.6025404603224183 0.5634465925187434 0.5721985034579803 0.5730456229795742 0.5830156189532355 0.5773944298179974 0.5436381654526463 0.5851041031689462 0.5845835992525233 0.5921784528538058 0.5501316914344422 0.5907229191457196 0.581545928644987 0.5607156315619695 0.5726765363371464 0.5464262110489679 0.5535315430070359 0.5639717917391623 0.5735393708504254 0.5687808496113108 0.5242128520231637 0.5422778433071676 0.5282815197644853 0.5188673827512073 0.5256137443497053 0.5698073002905971 0.596542431315281 0.5815800750317477 0.6139072500579121 0.6142075811932837 0.6887214348993651 0.6872715122669625 0.7066880806613828 0.7120741310727114 0.7300731536358422 0.7509817786392482 0.7494780188270485 0.7250319513876757 0.7578651443683931 0.7471389717388668 0.7467576823096934 0.7452551387874223
0.5680278479613651 0.5597606071165361 0.5999112067428114 0.5706790369856921 0.5563373182739321 0.5438816628962275 0.5463132685829306 0.5280144315252966 0.5370308919903792 0.5518748678078067 0.5341640894354448 0.5430654837237617 0.5517259215725295 0.5676068532606544 0.5301171458724033 0.5525118942797974 0.5303429967968376 0.5667718771070045 0.5498473170866451 0.5645205863024407 0.5777622955089943 0.5412750895583304 0.5085394667571188 0.5044894837897095 0.52888094384502 0.5515147323102453 0.5328452038015563 0.5868862664757856 0.5612529177539515 0.5828967292799189 0.6213660333911596 0.652426371148882 0.7033096709906591 0.6746919572016612 0.6832095519885876 0.6956020976682127 0.7188472145709064 0.74432026240356 0.7161730461710673 0.7338689513837439 0.7499597204592865 0.730224997644593 0.7334677744197867
0.49734270111580686 0.5273433471992437 0.5600309429927531 0.5528879275669843 0.5308392979932635 0.4994281433430744 0.5096985540004256 0.5406487772369449 0.5397852816014309 0.5316097901465349 0.5721734205891102 0.5630937592869188 0.5276067749199875 0.5258046353321567 0.5249431415640796 0.5576911178268067 0.5415509572756999 0.5366418590122536 0.5578943712864173 0.5495369525185512 0.5395211600241873 0.5201001334776261 0.4982847384471631 0.5130906400122779 0.521806217457567 0.5209979932949236 0.543825851821987 0.5598162496763744 0.575453968233754 0.5938254536042726 0.6068898571112827 0.6515063004059027 0.6682756347030347 0.6710151909498938 0.6711267046158101 0.6596774310394137 0.666083237616777 0.6926747379404415 0.6954501028689404 0.7193465101434465 0.7280898310151801 0.7505814626381914 0.7148717324080672
0.4681912718874432 0.5246222783788246 0.5415694028880222 0.5182166805072563 0.5082510855772918 0.495401072443631 0.4808271157203034 0.5021669179684017 0.5064843578241779 0.50943525887999 0.5614942903595946 0.5691281629192397 0.5530601119723285 0.5211369736079755 0.5372687180933271 0.5527550240289126 0.5758700705412676 0.5550233584105854 0.5625460016189856 0.5452747064841377 0.5723005336228992 0.49991505538567566 0.4939752792232894 0.5093815343808638 0.5149148003360414 0.526627744091443 0.5970511759556263 0.5915352179711878 0.6459553473295702 0.5980482836432285 0.6126162559739556 0.655766029989396 0.6173793360191908 0.6153459076262244 0.6377332397666426 0.6789859179866495 0.6548787295722068 0.7239167309160535 0.735097406797504 0.7110589187007549 0.7427554861780842 0.7242109112191464 0.6904965753600472
0.4771375791880043 0.48658792070003 0.5079879738069234 0.47952398260044604 0.5054459217198011 0.4797038467913854 0.4660048069615432 0.45410263432183234 0.48650096745460497 0.5078334696807969 0.49769130293087993 0.5253883103524973 0.5218608150332519 0.5516171148992954 0.5152195784113686 0.549225477228059 0.5468265922359036 0.5500613114388498 0.5594139153078191 0.5283701409432625 0.5072918842826176 0.4903458174866914 0.5166702495540549 0.505048803827687 0.5344966617416639 0.569104424439297 0.5710017555677958 0.6035244166887695 0.6553611961199681 0.6392345374261212 0.6577138994325132 0.6541400411301382 0.6407531925364303 0.6249048336164763 0.6638706791300696 0.666190997690297 0.6994056898902336 0.7089369807366797 0.7310461214923872 0.7171947710765778 0.7059324885868377 0.7056518847371943 0.6824001293910776
0.46896324099929043 0.4723113189539142 0.4623229891131997 0.46768407117997896 0.46955241002953957 0.43636519534557106 0.4309449275236267 0.43598577261798344 0.4628695323540004 0.48241328755760027 0.4693290446294008 0.4872496076336856 0.5014588671941036 0.4930801020215503 0.5131711017130282 0.5467437432502451 0.5285056745183236 0.526974523822867 0.5321197591373539 0.538788139137875 0.497154698018732 0.5021050418807853 0.48010821677328147 0.49388081819319835 0.5657405353661331 0.5724819716396545 0.5653527334280685 0.6194062874536114 0.6436137097393689 0.6438096347670318 0.6514475984561309 0.6439532700910597 0.6480000634099764 0.6529281067003999 0.6338822498423035 0.6656899248792333 0.692105939822131 0.6822731591556034 0.7087507759490841 0.7277948699165352 0.7082728941939641 0.700949945263253 0.6943605163966127
0.4571235594227855 0.4642186047116631 0.45869797419432407 0.42834616398326486 0.4399483369354213 0.44632576248373984 0.4649733820971821 0.45298675404662136 0.42479161912618124 0.469580905118993 0.46583000482509157 0.4656676910905505 0.4715810028859842 0.505484399743026 0.48963275557699804 0.5051522184215756 0.5219329395965547 0.5500683211761715 0.5370090273766328 0.49787619437911573 0.504561827373074 0.5216985380433378 0.5303259398787984 0.5245430892260904 0.5279143772237249 0.5691562185675075 0.5545534230403382 0.5681332858021834 0.5936146197071832 0.6469235185541777 0.6484828195079448 0.6313203528285077 0.6590013021812617 0.652618345691587 0.6353911034217994 0.6465378691247319 0.6592152382722044 0.6953498595248291 0.6733625683774973 0.6952765876978829 0.6820793465081887 0.7138502278277002 0.6953809558045326
0.4361229398163048 0.4660526828242547 0.4310213189013546 0.4435393433973404 0.44494356136298424 0.42530774778209113 0.44290373591895915 0.43277680219431736 0.4058271971185453 0.42776758264771286 0.45658066664364677 0.46153653860368327 0.46683831622731664 0.5085346006648834 0.5214715525056811 0.5103864883872292 0.5145106311419365 0.508638924369444 0.5452358190008141 0.5189974630312862 0.4941259136201317 0.5322198384326505 0.5180552710573723 0.5466382391492143 0.5169464245540576 0.5641800986217071 0.5546902615464142 0.563258698072835 0.5954560759928609 0.6331973892214389 0.6442139691481681 0.6321228640210148 0.6121621682324659 0.6151134748401617 0.61652645826601 0.6422030182052046 0.6820279218711599 0.7010085566435889 0.6861202156297485 0.6668185527705579 0.6663256875450099 0.6708039696868279 0.6973012343835638
0.4275546765026157 0.43287245810031044 0.4029538164937674 0.42083977017725777 0.37654560509680873 0.3836002621409404 0.40896510254510693 0.4089806547611414 0.4039451434382418 0.4538972279856429 0.4655953660662929 0.4386417768998158 0.4478392536287863 0.4413290630486625 0.48378608472103335 0.45757364512749915 0.49209925010199534 0.5151979247946108 0.5238004455796222 0.5202415202001923 0.5223418045427433 0.5003217902278007 0.5018729460626425 0.5331998117535446 0.5063387454040623 0.5498493258490172 0.5663919975467518 0.5758542159485059 0.6375393217919243 0.6610393391040468 0.685256213903103 0.6738034996541357 0.6413564929457518 0.6624861532562454 0.6574434277579464 0.6696819839655148 0.657073142163506 0.6760308204639593 0.6472979352600956 0.6516920626682416 0.6395627232856226 0.6557460405093196 0.6857581215197066
0.4379325275436803 0.43494138152077705 0.4133050277131816 0.3914752264497315 0.35826695185835966 0.3782748230223573 0.3733059079520807 0.39745302807666355 0.4285967424760471 0.4603404015446699 0.4420503188546987 0.4425590556906457 0.41239205767111803 0.4251412156035734 0.4188743517551351 0.4229499607968603 0.4668118878869969 0.48919767935547914 0.5326507562962111 0.5176034690894933 0.5497548502841129 0.5437859384493728 0.5117039461803325 0.5287822290100928 0.5126748394920362 0.5253449027038715 0.5529653205627431 0.5663122615761824 0.6316429651246896 0.6574192842929174 0.6716653488609925 0.6758428755705903 0.6778330734754078 0.6680141237117009 0.6553836710118893 0.6622615393226817 0.6566482044450765 0.6761092222217772 0.6628563258555313 0.6785147287077464 0.6833963940612127 0.660850193187936 0.648876969784704
0.38203113476845746 0.40308748767238495 0.42415379612811227 0.39676994768307167 0.3699678927493676 0.37791090839881075 0.37895375667417136 0.3926331448423204 0.4151218128715535 0.4162258984002404 0.4087165328821271 0.40611334524114273 0.4196444275094132 0.4025054695233977 0.41391724283995696 0.4147295285931378 0.4147162478700733 0.4436849889481058 0.4931338179348562 0.48276457841766685 0.5394958417859418 0.5318089397416502 0.5226543742363746 0.5220083261328716 0.531121534112666 0.5437311516097568 0.5485898152699242 0.5863331479796984 0.6214455387986805 0.6192387408601582 0.6277715379265536 0.6708132555282218 0.6547920815424576 0.6917924011685909 0.708807105929706 0.6950794416025778 0.6863388054579048 0.670715185913315 0.6724140563718336 0.7078646126713696 0.6910163968113406 0.6464519977961782 0.6587555934242505
0.3567512829597952 0.3893061812104895 0.40073412339320114 0.38350282300103333 0.39550658037930947 0.37677060871761897 0.3293895410169938 0.3828906468144231 0.40378105576267903 0.41194436466229584 0.4173211693470875 0.3959687057408931 0.37248493318580633 0.38198973056361635 0.37157051741611175 0.41042626029917795 0.38776757131321454 0.43477239557636005 0.43578959437232573 0.47810292668417054 0.49209524838970087 0.4996656044595186 0.5423158905057934 0.53590246306064 0.5725468549657602 0.5630625294699354 0.6001174170582788 0.6110573296160209 0.619062387925048 0.6074717197860309 0.6362693765306698 0.632940739059183 0.6693720392488678 0.6886081850761835 0.6939652775790063 0.6799175489498612 0.6913973340942745 0.6713832726160871 0.7034703251189814 0.6825605616200627 0.7027842938870715 0.6734871202013754 0.6305821065608952
0.3847951858573938 0.3671243909496996 0.36014803747079777 0.3808854212670973 0.39323585734171457 0.3308014709619228 0.33197699470604924 0.34011654477137715 0.37003225834421494 0.3712486076733838 0.40259675519651367 0.3599500658459569 0.3630537268128423 0.3918828155801302 0.3697600433748871 0.3883255103313342 0.4073139813352166 0.435919965779076 0.46015462005130947 0.4399845228513146 0.4880489222022895 0.5227373552704937 0.5034742738496625 0.5474849545600817 0.5904556573940671 0.5865215095458541 0.6115181714924862 0.6050249168431038 0.627108419211321 0.6255815602576489 0.6202295714019361 0.59530914858568 0.6261933866928973 0.6835556721473872 0.691920639033132 0.6695624487294751 0.6723617097503517 0.6828276603819798 0.6716998311128225 0.6865622254647842 0.7013976895095755 0.6431738805931163 0.6324264412025484
0.3756017015014968 0.387133307671846 0.3612643817780073 0.3383674465943514 0.3617440220251799 0.321380027372057 0.30000074761461926 0.31233490295442506 0.315425105726656 0.33769900886388254 0.36088556542912936 0.37810951371900975 0.38813116094429684 0.3477248562831796 0.35184355286676267 0.3548067033128647 0.41413354789103696 0.4472997044698013 0.44922003231956553 0.45582693412172726 0.44945603586570654 0.49997316296460165 0.5054297690507561 0.5240427909374875 0.5509641829065747 0.5719959753502645 0.5830761290513337 0.5748026851670276 0.5862026948205803 0.5925999414896906 0.5696668556924469 0.5814176413635354 0.6036468517445823 0.637769493764636 0.6656456858411992 0.6500385258019418 0.6363702124415754 0.6846705024494187 0.6743756147223021 0.6867937108210658 0.6741707713240643 0.6449937200154013 0.6484089611956233
0.34583217211031547 0.37691145880645355 0.3380266875213863 0.352303641817049 0.3272803044219448 0.31362197037296746 0.2986123250385308 0.3128705233287071 0.32621489218471655 0.32313028566095087 0.3415777001388296 0.3585334553190932 0.3857546798487208 0.3604106308170984 0.3366843324202231 0.3507766639374682 0.37540295604394947 0.3994242529874652 0.418900077747466 0.45023070573644713 0.45791459925036554 0.45276602610185895 0.5055664141975476 0.5294999507896044 0.5666860472775271 0.562053575264315 0.5468445428244116 0.5769042148243531 0.57836447643099 0.545536542850633 0.5420582826901199 0.544619836344284 0.5858336146691475 0.6153582331822093 0.6082305233618273 0.6242538236728659 0.648657796326877 0.6484231771048964 0.6771514826490054 0.6823841462681836 0.6736071649077459 0.6642967281680611 0.6275269748711143
0.34602621196074934 0.34231562202623517 0.3397329553540787 0.32993276579457187 0.3639507523803273 0.3278482136243817 0.294765402770551 0.33701933317841026 0.30070763793655225 0.33795427659049443 0.31707010418272547 0.35755881119630145 0.3658330134206095 0.3647236125148606 0.29100040607023636 0.3183490190712064 0.3970380667105083 0.38089012966196334 0.38314206452001337 0.4260015687280874 0.435569509100427 0.46286407645570304 0.48576593997166395 0.5341382550232444 0.5321345040829045 0.5625953894183936 0.5464822929804577 0.5239633264009017 0.5067049346245753 0.5267800189188249 0.5116900573489012 0.5243099971442485 0.5390903255205414 0.5857454305492263 0.5735379815470701 0.6330519518520027 0.6432089475128334 0.6593637080126081 0.6535700602687116 0.6842785477885373 0.6826244037009181 0.6661547212615586 0.6293503006300452
0.36273751230758655 0.38259693787810745 0.34916865603734676 0.33863983920932555 0.350754263092029 0.3647170105483878 0.36926397600151584 0.33736069537213964 0.35444627172945786 0.32813766378607834 0.3348935783478625 0.3034131210154992 0.34198437686415895 0.3498491222868113 0.3293669550218207 0.3266055492624624 0.38363518890540604 0.39035483886135847 0.3870053409493721 0.42721463142374727 0.4314270895460014 0.469242374824843 0.4465005626315349 0.4929501382224276 0.49686994287586195 0.5347247450485456 0.5570423936851867 0.5258606095645371 0.5376246307218292 0.5019129032449655 0.5197192233178014 0.5201798901557386 0.5211022456713812 0.5490839685991235 0.5546106292114694 0.6059199957042264 0.612113194442356 0.6406760893793157 0.6555156209834786 0.6530973794816937 0.6472627347369773 0.6264601575945188 0.624207949618563
0.42583251580562637 0.40976860818488653 0.3570758907193524 0.37406772883362827 0.39838200812070923 0.4001492893562149 0.39031598764772163 0.3851180600061933 0.34662860005843216 0.32631717122577086 0.3067339922904217 0.3021952655942127 0.3061356379181289 0.3528808241811058 0.3352692923625727 0.3539259400127705 0.3665012426147716 0.3485143568071691 0.38959986669965607 0.40892883633937693 0.4451361134163186 0.4450759338512333 0.4394498327079688 0.4621091540309577 0.48619464534844503 0.5262547280559992 0.5366568436545726 0.5594874027057302 0.5345494943165413 0.5409918395730609 0.5168933317454123 0.5201003288893019 0.5679742497916266 0.5436666741293738 0.537988684333116 0.5498241830258577 0.593814577881232 0.6158454115654236 0.5737938897835666 0.5914820106184666 0.6243574220344427 0.6305545686554475 0.6637847632978737
0.4259194027402186 0.4134034409293107 0.3720140095983126 0.3926533566789273 0.39969754951884323 0.4309566277150943 0.4315997372265064 0.39501175128621085 0.3433427953939224 0.3624014417444898 0.3526088950416804 0.31598316744768107 0.3434942208377454 0.32318301632058233 0.33248580668871686 0.35111917706438106 0.348049940378719 0.33318808476437994 0.35294963760489284 0.40340881109765003 0.41684698212560733 0.45146181173178074 0.4371378961550258 0.4934990877744297 0.4766627421557082 0.5186653517671963 0.5036308154367237 0.5448955534664272 0.5353081711642823 0.5504901833128937 0.5432907182510553 0.5650781772885614 0.5587124426121419 0.5335991074307677 0.5234047097536898 0.5613062890860634 0.5812369626104116 0.6169399167853258 0.6037531291513516 0.6076233311851253 0.6438127106219756 0.6718509432107038 0.712198704694863
