Raster_benchmarking/DGGS/continuous/raster-343.asc
NCOLS 100
NROWS 100
XLLCORNER 1743160.8594763472
YLLCORNER 5469294.938169321
CELLSIZE 10
NODATA_VALUE -9999
[rows 38 to 56 of 100, columns 43 to 85 of 100]
0.5155650796566992 0.5011264468696759 0.49407214720173903 0.5140025823450539 0.5226962562710433 0.5145742782528465 0.5489862958559242 0.5273638478106771 0.5264338448495052 0.5477149286128763 0.5480090339438842 0.5362801327882695 0.5342951732691236 0.5403700673873505 0.5101296235528385 0.5152874965227682 0.4955487374875515 0.4989277140344974 0.4579426009115986 0.4695232211981432 0.4226725847726817 0.39772483291344896 0.40255490860633164 0.3611763833439602 0.3663528338063333 0.32489430096617616 0.3405604022728775 0.35677480501029624 0.35883521957377335 0.3266957413951922 0.3419247057274657 0.3213072204815112 0.3497266825771809 0.31645191075595525 0.3133743005872873 0.3373272736722237 0.32947036408293146 0.35638109189469325 0.36164535564950173 0.3744226692353639 0.35171454257338647 0.3816732719292207 0.3180008663482398
0.5617647427022571 0.5600221681787168 0.5269563924383724 0.5664978594138232 0.5432820448347918 0.5427484648414349 0.523752234375255 0.5756223555024012 0.5639464556284721 0.5470703701585572 0.553646934766641 0.5206694835035254 0.5352096558737262 0.49350708691265927 0.5086331308966363 0.5393524812341793 0.5067001376100707 0.49329012976845804 0.4716908039320077 0.43397910219162783 0.42737707789609447 0.3760048309649937 0.37080882699818307 0.3435177336370473 0.3731724839607917 0.3354935288356557 0.3301532585462746 0.3585851100279194 0.3617537867002006 0.3318953831009082 0.36236673512773376 0.3683426183635328 0.3339956512234286 0.3149999587733386 0.3125211913700984 0.2933515639882393 0.3233200621690731 0.29820240453372077 0.3327972158646735 0.35437249237438667 0.35398150923886057 0.3404337062291994 0.3239694239017493
0.5936458929666362 0.5710226771001903 0.5675426938890331 0.5841542363487788 0.5479372331417414 0.5354023059241942 0.5601504874278569 0.6065186547405998 0.5575827721571902 0.5426123711509384 0.5278258391225276 0.5208862409852493 0.501398228062094 0.4867729176396137 0.5237414460903578 0.5299501822953661 0.5073167559663717 0.47760281077346944 0.4449758312415499 0.4591613135699471 0.4085265311089661 0.39401953194185596 0.3506648380561217 0.3503571687069382 0.37853862928460624 0.3557220928959198 0.3473419244333982 0.3778988376144443 0.39399696894061714 0.35785923590237134 0.33073859504313186 0.3578945549807869 0.3401805528779205 0.2811807439074252 0.2614643556213241 0.2524966485840258 0.2692189591341367 0.267385084151721 0.33112750231129406 0.3319010432294343 0.3294708179095162 0.353428079252244 0.3260490132906233
0.5813457871576385 0.6061299609584054 0.6235494445518365 0.6245411595904609 0.5677955707167173 0.5817313248369212 0.5688461015079501 0.567102914116192 0.554968727618706 0.5666484766203895 0.5351427061958091 0.5118954063537567 0.5183456712289265 0.49905323554468906 0.5210387985185264 0.498013023436171 0.44741385284484214 0.4522643604888964 0.42576449272809164 0.39544592817352126 0.3891216178769338 0.3872118892593564 0.3599398374995348 0.3769104629942551 0.3529105860925838 0.3459057903643939 0.3627187020843776 0.35125697382160437 0.3811239412986286 0.37529650166454753 0.34421147927946427 0.3011521273556373 0.2882232139483851 0.28888016485964585 0.26465777942531404 0.23864894262806857 0.25685562089652225 0.28117675163704225 0.3080398900789015 0.33044238656729547 0.30937216953844826 0.3002721599275621 0.29597512900805156
0.6360009669107269 0.6189608113082798 0.6168243681902331 0.6295001524892717 0.5746106149063964 0.5788465210795803 0.5858889806523975 0.5717782838777136 0.5976952063766279 0.5491095485360621 0.5605575422591462 0.5603612419685241 0.5562734120128321 0.5227803356130196 0.5163307078967393 0.46032960451539195 0.4598630638103744 0.4145030760948978 0.40124463988777187 0.3662209197491907 0.36951236787053693 0.36381620552247973 0.34945108591711244 0.3831132120703842 0.36177780761294304 0.3528480943968877 0.3473209315733384 0.3636822388086548 0.3714746779532838 0.3250519555792581 0.3013663243242763 0.2985055977491734 0.2925304526697224 0.278848501351793 0.2448850583749593 0.21480612646424993 0.23331732891774493 0.24092234220640707 0.26383852607192126 0.2963189563418739 0.31908183346411784 0.28850628469400524 0.27612091457459115
0.6495721661462484 0.6338839445476363 0.6354443113890079 0.6044087193969642 0.608260444143295 0.6081581634138894 0.5979406214100613 0.5947180088753767 0.6152461132346725 0.5914394427054177 0.5770475244588988 0.5820922284948435 0.554212959282445 0.5517471611662768 0.5166426039456815 0.4748760761512916 0.4448475161309959 0.437055976001249 0.4039909872661703 0.38472658473708093 0.37144853207867096 0.38241008120124576 0.3847645172246454 0.4039837538070741 0.36529482785698636 0.3905465380215768 0.37671777974690757 0.36447263665004803 0.3446005618018747 0.34238491348425376 0.29809999077432425 0.31671867077764837 0.30420620793987446 0.2993659324416232 0.2485834988105681 0.2156552150435633 0.25728313436586814 0.28185842286927065 0.24958712439291872 0.24710591258820458 0.287403941294712 0.26250463103631844 0.2691281522395312
0.6254473242333656 0.6384130247552373 0.6606280454041211 0.6424975805255003 0.6091389402649536 0.5963887614795372 0.5910489123698313 0.6385720989318435 0.6295595626983069 0.6012834604778677 0.5570075892111408 0.5680470312252468 0.5483493126426012 0.5360159769522326 0.5164795583751083 0.4789488837152741 0.4266272681543046 0.4153721485142071 0.39954654066483686 0.36079184243689194 0.3517304348590386 0.35314943801651216 0.3611490546119452 0.38551291032534607 0.3844497511641992 0.4281964728191242 0.39436678323009405 0.4244193877513065 0.359680770934926 0.30535663399360224 0.27845265847020295 0.30004187357702744 0.30551116167502324 0.28958360932100063 0.24804534142484133 0.24115086008773184 0.2750066415458361 0.280585187001113 0.28578320812530583 0.2514816254662631 0.26939681593385106 0.21729433299343406 0.21406296366254188
0.6047735361002355 0.6242523879945419 0.6271698478832796 0.6211593045483528 0.6149588263139342 0.6102478447620864 0.6195827015808509 0.6352030512817171 0.5827334581229576 0.556982119503649 0.5691068779866235 0.5561491866397397 0.5044215124216748 0.5061379959169093 0.4831484081924868 0.468944792482163 0.42254588113561437 0.4081002618166098 0.35599518756452136 0.3423673039308897 0.3463805300632836 0.3547680251565951 0.35656926658980187 0.39083403247334614 0.3996157081224432 0.3993280382674812 0.4287082595119581 0.40292987387910467 0.3854090181034644 0.317045609653292 0.30695801904331305 0.3050124163073505 0.31415841122792343 0.32477981411911083 0.2939496327076512 0.31743779160927316 0.2956941120674158 0.3155492423376395 0.2811032893126088 0.2928378384732385 0.2561552180027266 0.2504148822550664 0.22975196711338644
0.5813246551946012 0.5599055618855243 0.6012981886797689 0.612332843824102 0.5990604045247457 0.5675885539241979 0.6049390226230555 0.612595339376029 0.5815222140595557 0.5715524850969449 0.5527320903803926 0.5159068675557797 0.5024439896888077 0.46212874285978633 0.44704852588457034 0.43628253301873304 0.4026237654204708 0.38461133031300426 0.3873146290423196 0.36018030701984505 0.3433853148628759 0.3507243856181466 0.3839269558785954 0.3695590777544609 0.40516322517030423 0.3959335205137269 0.40228278057634326 0.4041806863571609 0.38070484169522445 0.3360357509319169 0.3458370906398175 0.3148181506464852 0.3267233536217263 0.3300694175544842 0.34868491072023616 0.33888272155521104 0.3224912575607179 0.33590898710340583 0.3271098101903023 0.3381994836968205 0.32005760266878464 0.2790592970134088 0.2799946514594528
0.5738106139494676 0.5586866678839497 0.5532325292812057 0.569802127711009 0.549327721624723 0.5662904033774784 0.5789345929736208 0.5993639295806902 0.5772046028711497 0.5579481470561793 0.5364341826189962 0.5068920214969463 0.5234302637030516 0.47629686318411313 0.45919907707889485 0.4075071508520589 0.38836519674686576 0.372476323788829 0.36265946850781083 0.3563669816285232 0.38609559192162207 0.37578628546224513 0.3889379630480691 0.3931399420258316 0.41082510626174007 0.418840002184709 0.40765592642257753 0.39794996803240745 0.3939878216873677 0.3701507865159263 0.32991168368574614 0.30166379673967075 0.32356393632297725 0.33454462436427945 0.3457844647947992 0.31422232393739125 0.3251809781970515 0.34626614563327257 0.34973629290681424 0.3628715878874615 0.33086148336154514 0.3121609025080166 0.2973786208521161
0.5702221798185514 0.5846354910390271 0.530513413428488 0.5312802086685267 0.5313347546453229 0.5110320496283679 0.5643103386928167 0.595075416254838 0.541020738184744 0.5237845185159887 0.5213252426573676 0.5490407054417422 0.49410012215218846 0.4928300747039457 0.4679677316815611 0.3986461234052431 0.4002800344883468 0.3431451041211497 0.3482799054004962 0.33778641965722944 0.4030425398348153 0.4037148680610256 0.38744763422977074 0.40291105863215637 0.3797173519178898 0.37585683052552654 0.39760722174856067 0.4298668866538006 0.40625148264760796 0.3569477775471982 0.33545728978475275 0.32013191707658983 0.3255820223922193 0.32920573736644504 0.32215004859048785 0.33882159244132604 0.3179128228904849 0.29033424109520645 0.34121455275097107 0.3418471231815869 0.3343239487529867 0.3188147834603717 0.33103744466234464
0.5605170540583052 0.5461269426712301 0.5430570551860976 0.5426643482425818 0.5253013959744733 0.5263600327909288 0.5249576670119179 0.5297368345120821 0.5591142466558563 0.546223067336078 0.54065814555676 0.5137671583507212 0.4696440931361633 0.4780470340629408 0.4301241547144258 0.39655278617344725 0.36948588669811383 0.3735675023347079 0.37896644690479125 0.3897044700766483 0.4114301015729921 0.4244190693907739 0.45084119078821644 0.4558296916250875 0.422325999135855 0.39585390930571834 0.3933384178298711 0.42568946822609377 0.405572087334375 0.39275476879315957 0.37775569082795213 0.3462718227159234 0.33120703328998186 0.3567678060893114 0.3183622004987556 0.29521472903607204 0.2931115208343477 0.2804395712681192 0.29227595045940125 0.298092050130704 0.3419960322503598 0.3049220014646179 0.3245653896743497
0.5923187000593022 0.5715942058341066 0.5536054839809301 0.520673170671149 0.5209473710039553 0.500548429374966 0.5295155910263641 0.506643878062224 0.5550157120753669 0.5423846186029695 0.5435753571181442 0.5038051246226612 0.4924175216345214 0.4303129061568924 0.44688583185565556 0.4038842851829209 0.3934856211402966 0.3911869531057893 0.39893221253775385 0.41769963794898163 0.4068028773289037 0.4469442661446766 0.4483031382554701 0.4631425763920291 0.43433024700407147 0.4310817517921682 0.4281285912744226 0.41637678562533287 0.3852255536024634 0.35372990813829275 0.3897954824762292 0.3875678650956464 0.3578266186872575 0.3516622704534156 0.3237609793015851 0.2885874120710276 0.30289011348146194 0.2954744472627489 0.31657200076551656 0.30841574261459204 0.3090765176581222 0.3238524982061668 0.3424877581656261
0.6062556424374317 0.5554114966046164 0.5247870591688593 0.4917039998632302 0.507513107024461 0.5076194993881455 0.5119036793899397 0.5114982869585404 0.5136654079996923 0.5163364250281994 0.5117569258467365 0.519783013334634 0.47023120565809673 0.47382302385709835 0.4433997771258576 0.4143930169918391 0.3930965571274722 0.42308463307467253 0.4161170390816822 0.4409989560522164 0.44931123851087573 0.42206223681738536 0.4359724186599349 0.4377802733872887 0.4442234950613333 0.41168901909699673 0.4252480737094402 0.43005952143178383 0.3973234791719335 0.374700221620089 0.37061205310027345 0.3799489413716694 0.36378667909799633 0.3427529514286348 0.3413543331494508 0.2837050412754618 0.30107311182794205 0.28907180728614373 0.31638470992992446 0.31862049457029556 0.31539961516191756 0.3433038052401717 0.332823373839617
0.620073806924696 0.5670219234871505 0.541947966918641 0.48648296418632886 0.5181717452196816 0.5279966022063515 0.5608738529149632 0.5323286739054656 0.5372161686211085 0.5026361654132501 0.5086834109990893 0.5007982574252751 0.485513063998603 0.49769650274103777 0.4487684232908059 0.41671629191267884 0.41789404220055626 0.39415322407586983 0.4377580747993043 0.4512809692875896 0.44650072646026906 0.43382682977377474 0.46408154324411244 0.4687158729679388 0.40740329587570306 0.3800123000861657 0.4117800300900945 0.40454941212648216 0.38939880458000486 0.3888921985457675 0.3704286378394939 0.3816783788986548 0.37110772913705536 0.3659998555058335 0.34627202972333504 0.29120431488847687 0.3221021013763378 0.3160980031381219 0.2912923731542311 0.27384337978105444 0.3357047672104723 0.35078242118744746 0.3693941462766401
0.6313579751112409 0.5862698852829179 0.5654257684712675 0.5376749935410374 0.5608491309925046 0.5431576004863404 0.5719308892784498 0.578258304778629 0.567717754833403 0.5369797252530798 0.5215575513785745 0.5111744702722083 0.5213801935472835 0.5004894859272072 0.43953229941975597 0.4360631374413736 0.44505838048127283 0.4199318249666557 0.43549914460965955 0.43203248425971547 0.44038000045843995 0.42927715343295425 0.45195920990583593 0.4375043007665291 0.4114610340659194 0.3853742048954761 0.40030267346825144 0.42155653266580223 0.40933096899314025 0.3812551115962314 0.3893541209082276 0.3627323228131191 0.35291829963692567 0.37428092850422895 0.31659064865622316 0.31290998716333024 0.31748567635513597 0.3087487818002645 0.279765715715072 0.3147863706552387 0.33463753587353373 0.34046948179867437 0.3754927042595027
0.657586737006962 0.6343357854701142 0.6016605925620176 0.604741769679579 0.6117223565012874 0.5746082416281038 0.6018141967288302 0.5762950479556082 0.5979808707365633 0.5746957645007246 0.5630516332331998 0.5485021106694751 0.5057478858999008 0.4734308163470359 0.456857295331431 0.43590178400496676 0.4308373735991626 0.4678322529671781 0.46466379875121 0.47069465459457105 0.4545263931259167 0.44684306908442156 0.42749701387297606 0.4474910375958434 0.3974100406603658 0.38497630885149053 0.3937910282636626 0.4160042127949678 0.3745990950317509 0.37232810417652434 0.34557448278432334 0.36475724108398394 0.3554724074047317 0.36308544035999846 0.3122234802791115 0.30009602916333633 0.31418792198696627 0.2835405807881345 0.29195259556937564 0.2908262184350687 0.3220170487475016 0.351320348439132 0.36286783962542934
0.660160007553701 0.6445696151293298 0.6142040676886463 0.6129225382725729 0.6065485885114056 0.6070394825864776 0.5881400238071199 0.6031899994714416 0.5749785631837052 0.5704981878241133 0.5497078963097911 0.5537576976585264 0.5194545508224295 0.479955671289609 0.4514652959369715 0.4461984340383966 0.4445290528054834 0.4542346765553668 0.5042303465719177 0.47706527578787356 0.4655716808903097 0.48368532171380285 0.46478870829007873 0.44027859575927986 0.3956086303105763 0.3973886359962818 0.427951640035552 0.4009980762645243 0.39042977009441276 0.3651701115316722 0.3459663886788842 0.33276141089926736 0.3304825528264085 0.31869501367279235 0.32067378601597446 0.2849294639699563 0.2809550809854531 0.2902333661292943 0.2783960699510682 0.3179291218800606 0.31152252108171496 0.3134249071393284 0.3303224478914243
0.6811932846757595 0.698401212019612 0.6532930719801221 0.5991561164600284 0.6030811286029877 0.6228039218354641 0.632897932316651 0.613876979506352 0.612099246801292 0.5971041015372994 0.5815994189385196 0.5695101392269986 0.49340190232110875 0.4675009120650112 0.46866077323714983 0.44555431099761045 0.44055903254063666 0.486069211592699 0.4898853679252897 0.5280543937793725 0.47941445104552327 0.4713003990351118 0.4153283592466545 0.4040402448947601 0.3943493897894774 0.4012471967386533 0.40071309636910896 0.42765831039219526 0.39550116498331367 0.35815215725091504 0.3725082207333298 0.35310322929011323 0.33845134305882785 0.33552193322575113 0.3438025414601761 0.3358464237282928 0.2899564956493476 0.2650068782274037 0.27275301342292857 0.3124940320475715 0.33064973993561053 0.30573477324770326 0.302272755332021
