Raster_benchmarking/DGGS/continuous/raster-99.asc
NCOLS 100
NROWS 100
XLLCORNER 1743156.1656873794
YLLCORNER 5469281.001737557
CELLSIZE 10
NODATA_VALUE -9999
[rows 0 to 18 of 100, columns 43 to 85 of 100]
0.6667526410372303 0.6820408859211051 0.6823019862066843 0.6745975140495043 0.6689236013810061 0.6811379868095379 0.6415589186223347 0.6295393600575891 0.6584572288409257 0.6807500012273966 0.6408912379635946 0.6718910094149345 0.6583997859522248 0.7119275696476709 0.7523570593618495 0.7555417204929 0.749053811512677 0.7164364009749282 0.7018809965199959 0.6854702513778536 0.68726548221963 0.6195691263759734 0.6272259819680294 0.580943667658225 0.5869494816551735 0.5918319699458895 0.6067009070382896 0.6858506746932395 0.6073213251945067 0.5475290288220525 0.5697437546969517 0.565523827030657 0.5260382943304883 0.542996726715842 0.5253219192576409 0.46765731673708455 0.47328734152553886 0.47349260295608225 0.4603267475451595 0.4318893830242911 0.42414906125135626 0.46498846238929115 0.4264572115258074
0.6629426234141063 0.701718264503503 0.6769045565148497 0.6635257419521879 0.6921656505769385 0.6829642058290646 0.6328867320987135 0.6534702937874358 0.6535108666672178 0.6842076141834394 0.6357889725388317 0.6256133417239156 0.6504148261207781 0.7260036551484091 0.762608877368777 0.7890075456012695 0.7593849205239199 0.7066569187856271 0.7235251680896251 0.6830995546039791 0.6763462899128657 0.6715534718230084 0.6346749912939862 0.584543638351907 0.6031694344678368 0.6455004261923545 0.6275418072527627 0.6490479474327279 0.6467789310205005 0.6026208800113494 0.5940398014865694 0.6056408264632108 0.5869131596453716 0.5449009205700697 0.5347009678991516 0.4999008836412854 0.47671877226065723 0.4927332013127186 0.4901366513984692 0.46345273501407674 0.4627395358349736 0.4257836083692614 0.4460159129976603
0.6670926392831931 0.6963049188966419 0.6757792602653327 0.718733739510931 0.6978560381415838 0.6580862856451299 0.6237043074347174 0.6738259049664695 0.6808043269462124 0.6810186654889976 0.662801734700822 0.639595032693274 0.6719838368353434 0.6824186482352826 0.7549889407607667 0.778582876134155 0.7284677793695192 0.713976853079561 0.6861779934494503 0.6845078575955861 0.6810870913755508 0.6344937896244578 0.6535368810490596 0.6017258549985924 0.6632025262389618 0.6431297380102354 0.6692937568537384 0.6701645909288391 0.659315001083091 0.5796003273576238 0.539787195942236 0.5696589065850587 0.6050972071663723 0.5850621952297669 0.5324211364279605 0.5287793022680431 0.4975343823506165 0.5244850950158996 0.5133124285354399 0.45255374344407967 0.4302907251641418 0.4176565288922212 0.40389955514529285
0.6863397434698827 0.6758266965010816 0.6852899198526717 0.6869359583199446 0.6934760484115164 0.6160614171726361 0.605292955290506 0.6484109159173956 0.6826716350588333 0.7100242543444999 0.669495490169218 0.6705613388262027 0.6279871367490983 0.6473531121824483 0.6838068677753597 0.768722070638213 0.7582430880331789 0.7612661196487729 0.7087296937012783 0.7292646913628107 0.6895918357889983 0.6991259757104036 0.6640717477254121 0.65491456543503 0.7036223577357288 0.642292631522183 0.6562351443208074 0.6611876852975784 0.6263500554706584 0.596503175732939 0.5481438225624075 0.5937137258294485 0.5984679720348204 0.5760366053772451 0.552012571779017 0.5777041525762703 0.552887849828375 0.5050628299477319 0.5209092533940679 0.482837081454483 0.44012363998841825 0.4318683357363347 0.41590743714350653
0.6561724182928963 0.6555634047367082 0.6289071345891596 0.6498936226055877 0.6653242135498785 0.6145673960458192 0.6282251486778162 0.6002215867563025 0.6326187169153356 0.6777473543647037 0.6493717439034195 0.6340710383058304 0.5975310341026124 0.6227229274142895 0.6830092865052383 0.7507764690496735 0.7865898306182156 0.7616769578092176 0.7100972889956875 0.7413363256417707 0.7181314006385943 0.7268004527649837 0.7314628735987165 0.7431182138439948 0.6891476663841627 0.6968873360865149 0.6757821693160154 0.7321887915979345 0.6812099085697675 0.6145278400371709 0.5966407011946323 0.5390339139508413 0.5691831509369029 0.5719676973404241 0.5919212048748416 0.561929584651626 0.5583552109926363 0.5327237019814539 0.5567518818286816 0.5448251529972079 0.4543237670866176 0.47167252622798844 0.4361723338896926
0.6172739792518056 0.6161999098695664 0.6513446803594035 0.6324421863565517 0.6096993161145452 0.5936961807083041 0.5838204238845436 0.5868033454009022 0.5912312216137476 0.6518504307789552 0.6488316973645097 0.6413674918215774 0.6269624665631401 0.605867634137166 0.6701113399898361 0.7377683336128699 0.7483548794332582 0.7395841367724842 0.6895323120843336 0.7076898303583253 0.6678159396719201 0.6902870507190577 0.6870773186564526 0.6992851762815605 0.6652911273732813 0.6599945984816422 0.6843895602963129 0.6758446609427805 0.6648144396861444 0.6641565685671607 0.6480485054869358 0.5821223519883643 0.5644374651619091 0.5831718352586516 0.5686000905511277 0.6114901501051365 0.5498415344684349 0.5747830335824626 0.5671381320756346 0.5260115942081188 0.4916910888319825 0.4700350223849041 0.4393739281460747
0.6021984580868058 0.5716141561756822 0.5906863698384525 0.6217370804070892 0.5797423744417035 0.5743300016573597 0.5629107898054214 0.569803392997491 0.6061342044030137 0.6174557098190726 0.6392124669359747 0.6327902022797441 0.5957259528809045 0.5939925603617556 0.6180076070750351 0.6811781571493539 0.70709764521123 0.6787643324644527 0.6469072978852035 0.600441067203427 0.5943688882034006 0.6321460866956274 0.6548421633484582 0.6259769192283928 0.6647788735300585 0.6531661502621928 0.6352077618227363 0.634980443671345 0.6393427190158316 0.6682782958869783 0.6366046839097291 0.6430870909873839 0.5833256458459278 0.6021140895323521 0.6172472666064256 0.633455246673945 0.5832780625259283 0.5568682087973487 0.5449560699248918 0.5480706271783023 0.5164225705572412 0.49033952821474763 0.480412182962604
0.5838599512521677 0.5740423691591869 0.5551690644760718 0.5877789932830201 0.5915482846484067 0.6069120667940111 0.585392274524951 0.5443122260590271 0.5848967314503692 0.6133179175393598 0.6333852886323007 0.6172337161940569 0.6486965083270415 0.6365809081300394 0.6356537574183732 0.6265514404930674 0.6030552516290677 0.6522121829966137 0.5836458906099793 0.5989911933949797 0.5890848553237163 0.6092200716385686 0.5837813039787999 0.6264063867260344 0.6514265531376963 0.6808785717757287 0.6447269971729512 0.6273490605810675 0.6576956535585095 0.6261347807498007 0.6635824970194981 0.610231814651756 0.6313998710449898 0.5985143147920661 0.6271409704146416 0.5832206906839917 0.5499784287692243 0.5560192532523077 0.49927136326432947 0.5132534164461143 0.5262983252106944 0.5000349965862857 0.4442823149041561
0.5851633951000504 0.6059895290906047 0.549448913911843 0.5285554448903182 0.5817500836517184 0.5838990382790467 0.5485328531808962 0.5672136081166745 0.5707807223504776 0.5516042691692324 0.6056927488229916 0.6075851190664406 0.6110748022809505 0.6402098256813151 0.5914430882562642 0.537627299868092 0.557869364802991 0.6115643205756823 0.5605724888522722 0.5360080121010061 0.602325621364005 0.611183511707443 0.5771779029487277 0.5755247639695922 0.6282563675203936 0.6604320254739104 0.6691331623403882 0.6520997493688715 0.6079438268251568 0.637658811734612 0.6440278190277257 0.6262860724333391 0.5926896549912762 0.6485698996734627 0.5946333296744741 0.6083550202644913 0.5239219302188837 0.4970093416248118 0.4837003608176588 0.46083333871410675 0.4954422809873955 0.49800771951380585 0.48025223701374586
0.6073629348530716 0.5909114065626365 0.525214137399374 0.5561950229893459 0.5835736364666432 0.5689580748307219 0.5299529325622699 0.5583658280231893 0.5642903919864195 0.587804391114703 0.5812075239315309 0.6095497187339511 0.6111987486069008 0.57916460426716 0.5796185107788256 0.5824426515153296 0.5882927034859577 0.571888979154339 0.5797838386592595 0.5504708970236951 0.5809605418436028 0.5729284696918046 0.5911546551249339 0.5889467573940291 0.6189032383359079 0.6379545453592301 0.6076184805263917 0.6096847852807031 0.6124794399966029 0.6444122733441857 0.6126393004386023 0.6080195620359675 0.5971055488693242 0.6122403064967112 0.5999054376053454 0.5531116707384863 0.5520796461468239 0.49044723966895104 0.47903696779944177 0.48993825529895746 0.48887703717238284 0.43602759741940195 0.443816898863193
0.5975514523656744 0.5694001237432498 0.5321391673442536 0.5241867283464936 0.528880726282843 0.5650436626492312 0.5058926677308287 0.5162097760594406 0.5488076481871694 0.5463710061590633 0.5879478379533514 0.5933974484329211 0.6145653878808764 0.6032952281664801 0.616135471681354 0.6057818299409338 0.616565370793346 0.5758435035293594 0.5805117734767301 0.5502721177611718 0.568290505234968 0.5421580240864651 0.5608123415686297 0.5972189433688364 0.6018986935412104 0.6401350160126665 0.6586950025467262 0.6102474118680354 0.6401454186818198 0.6688341396976506 0.6358519479042677 0.6431058701469382 0.61757523312455 0.5619389993826911 0.5783951193974998 0.5538405583797177 0.5453090942020118 0.49056774038687545 0.4789404356628822 0.4811546687202827 0.44094704858279804 0.40284300442863075 0.35476242924878154
0.5952100386948551 0.5597799944488556 0.5621109357713137 0.5607280526046368 0.5193425018607758 0.5498669135897999 0.5284675828049461 0.5155219389707139 0.5112114818981092 0.4975554460871276 0.5174651283522442 0.5354465852597586 0.5838536532539531 0.541437027642853 0.5527113577379498 0.5510931067953886 0.6006647090455308 0.5919908999334517 0.540844771182475 0.5332223452850174 0.5261553098291791 0.5412210751870521 0.5455233889126587 0.5514457540570887 0.6001871128799453 0.6148931276830805 0.6570896452029334 0.6872264053890844 0.6735218252230103 0.6259119628440455 0.6371847219457715 0.6030479098598283 0.5855592568402334 0.5795437069857705 0.577628687316471 0.5565359802117325 0.5079172448257487 0.47499192414259145 0.4887927798443588 0.40464976136576547 0.3844741161943455 0.3423621934306557 0.35257846847597996
0.5819320844894177 0.5933768985080683 0.5935698944686295 0.558049080882667 0.5315503867138798 0.512551788982615 0.5227576563164253 0.46881719902649927 0.5036218965220686 0.499109852708191 0.5381293568114834 0.5300913557157259 0.5567880151837786 0.5118992173325095 0.5494994482918009 0.5728399216139647 0.5478337514121561 0.551571970380633 0.47754101469652316 0.4560257241971756 0.501333365591787 0.47837831638825656 0.5220002428671372 0.5919833392890114 0.6245582607982891 0.6425708789857842 0.6439739208831542 0.6787439990331736 0.6886821449423648 0.6274324390441222 0.6495626447800489 0.6413800628617733 0.6326609773973789 0.6252297345165946 0.5935344970575265 0.5914041819293997 0.5732493416471193 0.5231046345137059 0.47090071347974943 0.362671953767204 0.36024644949118634 0.36120620678828974 0.3569210701402
0.6219954818210098 0.5852137628979402 0.5808161168895569 0.6040899043641965 0.5778275468219697 0.5483789523003879 0.5500401800379138 0.521206012942846 0.5204478625599062 0.49249482962638386 0.5074172245869366 0.47822442588155434 0.49253522073670286 0.529333889534725 0.5181985498137078 0.573757107871884 0.549832335517155 0.5170886508202984 0.4892688301852346 0.5156700667861854 0.5068920235104599 0.5259215023630914 0.5764241656583003 0.6071163962929582 0.6106368527977576 0.632144957134591 0.6224612429218371 0.6249497318718225 0.6552567384453666 0.6057997576932879 0.61266073663863 0.5879907812292827 0.5645522241128378 0.5966551879790903 0.5631974811253939 0.5417795276125 0.5707825767759627 0.506134259205765 0.458822485598122 0.3913339804785664 0.3523920183883417 0.34901223396310505 0.3882377612001884
0.5890223771961004 0.5916294970645937 0.5892269485908254 0.5926470950548016 0.6012416888210006 0.5569980725070156 0.5639540188104029 0.5514149501158712 0.5027200618628138 0.48968247372339957 0.4962854812777749 0.4752552051201329 0.539492356081168 0.5557872937313793 0.5405589786429733 0.5454775216872236 0.5924525791379295 0.5764165141140681 0.5544965056472086 0.48388590114183166 0.49805510990656626 0.5456983579887057 0.6066253152138411 0.6333426575832644 0.5993277191806717 0.5894276517722397 0.608423415486248 0.6028764854492684 0.5954942648380118 0.5955454161795826 0.5926456352905699 0.5404338552183675 0.5347567528900253 0.5290050336609723 0.5344687213256222 0.5706429908527808 0.5008102831529246 0.5112169019962273 0.45465937606440354 0.36518564699400974 0.3696492762909146 0.38453744916519017 0.3997986679566945
0.6177517489063087 0.5728510921964348 0.5836657820938304 0.5679220811559763 0.591405736155274 0.5769267981603682 0.5337277752723898 0.5488064570345325 0.5311901102613587 0.5083459496640403 0.5023437451364535 0.5310733620700727 0.5259388719955039 0.5738217796773698 0.55283957097605 0.5893279676311046 0.5819840744043486 0.5958298134678918 0.5597762407295972 0.5429506562730534 0.5582159820809998 0.5781830941380713 0.6073097988755257 0.5967313254302626 0.5761415054669262 0.5603601728942122 0.5946775203341305 0.5583443760859097 0.5303215524835584 0.5149833010531877 0.5480228988068654 0.5116125247932517 0.4777586660126719 0.52437787887895 0.5420914191034745 0.4987241391043299 0.4738238156784296 0.4431300770791034 0.4257814805410415 0.37654586298171216 0.3569860174233647 0.36751508232011865 0.3970767855072316
0.5924650867196987 0.5608898869723473 0.5372527242738283 0.5935943015900292 0.557769622488013 0.5187802911922049 0.5537907539340183 0.5209761904687812 0.5265314944802472 0.5352999856503715 0.5390872101120004 0.4997593693542989 0.4841126623910647 0.5369726585335325 0.5388071175157585 0.5497782138150001 0.5326588454839774 0.5583143649584209 0.5266093584656846 0.5310351652296005 0.5661994990212107 0.5888645993324794 0.5783971719291617 0.5883994777839849 0.5436660541749497 0.555893136284939 0.5526476257111529 0.5232254267881015 0.5127017673397521 0.5022038492331778 0.5345347758032359 0.5146307219073335 0.4773972764998007 0.4534075107561861 0.5066104480327708 0.5245310791105132 0.49985407855573377 0.41373648784241046 0.41442420230117905 0.3515849907941392 0.390803285230514 0.4134832927848983 0.385291004338975
0.5739470277588546 0.5256690690987962 0.5393998932234608 0.5458686279837396 0.531833409042533 0.5084115721754594 0.5249401129495289 0.5237782499890425 0.5073650448857092 0.5056745518510715 0.5197055958295856 0.5071014488428668 0.5036882359256352 0.5123459683156182 0.5337998347466854 0.5395245235423163 0.5199404725351217 0.48638594849443434 0.5057017801453526 0.5198081718942582 0.5348904016482415 0.5213398556617942 0.5440624971903443 0.5239507899798571 0.5509458213212391 0.5968143206462847 0.5964934432204281 0.5778965778214317 0.5504375434450791 0.5405514703986645 0.4792725997993737 0.4637028807519003 0.4854040055551589 0.4603113011207926 0.46688356146526855 0.4437507870073692 0.458945719473917 0.42726669296393666 0.39697891695216697 0.40902285898410434 0.3788306672487414 0.4227511564153088 0.4272116556107511
0.5439856980824697 0.5362029809547162 0.5194363010013758 0.49758100594270166 0.4782646373234781 0.48244095709229007 0.502702635463638 0.5655944170042428 0.5329122420176817 0.5184580075276202 0.5247222008367637 0.5106750483508652 0.5510481742926409 0.547320116121552 0.5401834471201938 0.4834728278186917 0.46868739120054304 0.46911172880342816 0.4564998795977575 0.5386428722548194 0.5050286440564132 0.521986837183784 0.5141314556020836 0.5376861655894724 0.5690188074297424 0.579911957808489 0.5623268788869227 0.5951300216014321 0.5775214112925283 0.5191726333703687 0.5119096149514826 0.4572580206823719 0.4364999149586551 0.4646191450937735 0.4465030353774056 0.4316668974589961 0.46026285669975564 0.48197639853744545 0.43096483504345806 0.41698363946885764 0.3808431606339733 0.3871925359440003 0.38628093789200485
