Raster_benchmarking/DGGS/continuous/raster-104.asc
NCOLS 100
NROWS 100
XLLCORNER 1743150.1844775819
YLLCORNER 5469294.702181659
CELLSIZE 10
NODATA_VALUE -9999
[rows 76 to 94 of 100, columns 43 to 85 of 100]
0.9297647457532999 0.9146732808754461 0.9270807259883229 0.9206642445664608 0.9208120785068441 0.9284765592410897 0.9403889867256031 0.937719064543696 0.9423292223378742 0.9285690757472581 0.9053097858776437 0.8971819111444411 0.8463890139277207 0.8417162784448454 0.8267985824771529 0.8027361921848573 0.8437770647782158 0.8145107850231288 0.7752776081677868 0.7515209436833231 0.7058189664253863 0.7165902070376188 0.7156456825366087 0.6862832912691951 0.6966755450407089 0.6648610645677604 0.6263116131583232 0.6610621396208103 0.6655507800262594 0.6474270784570161 0.6919715325817104 0.6852015565046916 0.6761985324472465 0.6530307420844258 0.67693950047865 0.6471470256447577 0.6417879692259774 0.6497149384975861 0.647711783958211 0.6537973496878803 0.630954184875092 0.6361809914634742 0.6359632177928793
0.9080138678417267 0.9318858636801156 0.9062423143875982 0.9331958952791258 0.9279471686972053 0.9011268493592494 0.9198935688504513 0.9046497290466138 0.8997724493233331 0.8906814226617109 0.8891231856173009 0.8678364196262345 0.8592068190806834 0.8267915852660566 0.8000253339047727 0.7950528085202299 0.8276727184062488 0.8017308508028484 0.7906885354299829 0.7461531308190072 0.7269934150945382 0.6866587772216831 0.7103777643887418 0.6932225899800417 0.658749891619201 0.6522879369307143 0.6115751576621776 0.6390766897823577 0.636877356355389 0.6415344654536509 0.6714333244808026 0.6791449040026065 0.6719524607934464 0.6450366611353258 0.6632250927443538 0.6657064877926857 0.6647919398857379 0.646740505825859 0.6328738029816411 0.6246872845877246 0.6356388933443906 0.6209474928197051 0.6296308833806005
0.9261540373278438 0.9178112207408825 0.9168624561314833 0.8954930186036058 0.8795622362524447 0.8910475337220207 0.9203996863702034 0.8719308313794684 0.8569415170122193 0.8434654561798212 0.8533064972059843 0.8611338015648694 0.8327641505226127 0.8214578532226439 0.7781099237171321 0.7925341311662196 0.8026064448150807 0.7749798177693074 0.7959433408606398 0.7410962480719605 0.7151466141768027 0.6855624095483381 0.6721242406214469 0.6679603718976531 0.6344568975258782 0.6482524176889629 0.6003662657465493 0.6432277582875859 0.6306899175080201 0.6276799751274076 0.6646594238468021 0.6390534308037937 0.6512958698445188 0.6339226450093667 0.6644707563741061 0.645926745277914 0.6540127469990549 0.6499344301815632 0.6337973663979054 0.6166288507035463 0.6040265291463672 0.6098243870169315 0.6260878785755895
0.8889853086943114 0.9073475113052913 0.8928825359930606 0.8892100257590133 0.8754091447870318 0.8725381454987459 0.8810364872072365 0.8788609817228186 0.8840533808648011 0.8553016826180506 0.8581906098305738 0.844525567954741 0.8320835109640874 0.7923128220295222 0.7884568278676505 0.8106478404380861 0.7868869679499264 0.7872438283506127 0.7907693488128599 0.770935183712201 0.7427749753014327 0.7219876578669381 0.700603979875568 0.6778180454391788 0.6454234437652763 0.6362149627015068 0.6152034952405384 0.6147287021562904 0.6411263830606064 0.6297762116090987 0.6414046801073758 0.6488810656404828 0.6549770743490838 0.6282322974008011 0.6076498933386542 0.6144600147677919 0.6516682513975678 0.644628075683635 0.6390714820343225 0.641488489867032 0.6202324937464605 0.6067334226667936 0.6325940245105819
0.8949002689445124 0.8864775727147518 0.9082605943917652 0.8677018359014183 0.8610609173372409 0.8630175519193904 0.8746812647028755 0.8976508249419711 0.8776134116174598 0.8460197927504527 0.8573294000799182 0.8401299000969266 0.8268623401112463 0.7800970241688077 0.7959050673857071 0.8169618549703886 0.8223756476985711 0.8096444741399541 0.7745775547810938 0.7520263107869968 0.7415990345882845 0.7124674451708237 0.7083036983539387 0.6661340031685494 0.6367832293671568 0.6544351603984989 0.6162625679677313 0.614781607986282 0.6288937007616511 0.6218011799536993 0.6488069969764388 0.6568696868430087 0.6396912901688854 0.6202032656877609 0.6046417058615234 0.6178438193687066 0.6162030869028791 0.6528370878718126 0.6560868270011356 0.6325340999921373 0.6428672452814834 0.6327123776643097 0.613212385968169
0.8738658164738676 0.8639153545212549 0.8832732693529111 0.8980996636376861 0.8785819473188066 0.8811442979802225 0.8938160811604119 0.8874971987208728 0.8614270580111212 0.8737384097501918 0.8636313008372712 0.8348942501978708 0.804789678192928 0.785519409410969 0.7918661474036071 0.7832984004262329 0.7988619217518526 0.7901742918794762 0.806301992073155 0.7785041963795607 0.7663665085952476 0.7237515428765722 0.745841376748227 0.7136204496634354 0.6684226176294702 0.646829200024451 0.6547015894999367 0.6534225623913801 0.6252757334306244 0.6276356292620917 0.6514940877869836 0.6552968666210414 0.6239020524665359 0.5954607598949611 0.62119536715237 0.5837256512751268 0.6071056676997918 0.6105785830058278 0.6077114220188413 0.6285690340928698 0.6541556159925107 0.6455724587246002 0.6360087845352574
0.8234056064436994 0.871471986777692 0.8926525013755349 0.8680959697749759 0.8707552467524213 0.878504371726973 0.9029581626663924 0.8924327437846925 0.8833214942565494 0.8512941085828376 0.800295462133336 0.7855913533206791 0.7930895904029531 0.7824952855588873 0.7553048604001857 0.7820756091769209 0.7868911395805508 0.8135292144829737 0.7990911503726337 0.7675942893313535 0.7558562789986087 0.7686050309351465 0.765363537469823 0.7470665586701999 0.7255059523155669 0.6661352732616287 0.6722724034701157 0.6388395904852464 0.6103732550417912 0.6393802758340588 0.6431202418974089 0.6235431930813126 0.6134579515333505 0.5846189623037695 0.6108977803372242 0.6134114794348022 0.5809570879702386 0.5837438280215862 0.6057844455331745 0.6480404656525937 0.6552423995947476 0.6768032610600064 0.693091159493126
0.8556605391566633 0.8443546437790351 0.8417923908052575 0.8669869374566311 0.8963877890365212 0.8828337287196185 0.9040816684745896 0.9050896430449449 0.8945249938045353 0.8579393135816099 0.7925472171899852 0.7704878214684572 0.7604078608732455 0.7585504879056374 0.7896217484353386 0.7835375784084346 0.8190640005062466 0.8087486826468684 0.7920374561617959 0.7999263526750001 0.8009885050573469 0.7850271189973091 0.7805706950248502 0.7534799253160748 0.757058920506734 0.6964166302905079 0.6666525026336603 0.6331107817305555 0.6330984973501174 0.6177043465975657 0.6203773981352102 0.6539692964371946 0.6019943096729137 0.5972050355625873 0.6081443404495025 0.5922310832255713 0.5851156059669548 0.5853523707409294 0.5994837971763167 0.6298788710551401 0.6401822553920847 0.6661862431862343 0.6903323170446211
0.8457724687470981 0.8654152540105641 0.8493129224693547 0.8694135462730356 0.8983955921002684 0.9136089423889479 0.9121902485919997 0.8988655883044381 0.8856227020721852 0.8495785718958877 0.7995315035179494 0.8027380705256135 0.7712417751758825 0.8015791836829895 0.7860515659620481 0.7909114089515678 0.8297742754286925 0.8375054026002016 0.8052865647282907 0.8023960635725265 0.7913752235575617 0.773520403745554 0.7947606471350493 0.7509572413890669 0.7699203176904907 0.7145009104355886 0.6701304903257748 0.6570193661364281 0.6455090361182664 0.6372719189932343 0.6521757102179478 0.6492879445944892 0.6253726221889886 0.5780177317113937 0.5743693888869409 0.5671299739220143 0.58469127436028 0.5818842522554274 0.5995660406245648 0.6274044073499897 0.6637984362143088 0.6637209430367487 0.6724166020468779
0.8177855354544579 0.8368434862448357 0.8316642129338537 0.8447630638477994 0.8773019972881412 0.8909769724995676 0.885784744444943 0.8849879882629572 0.8811178010688491 0.8512909924337081 0.8402624451760359 0.8406859119831392 0.8285613262829299 0.8142248745783878 0.8297276326502023 0.8170748484475007 0.8230916565772237 0.8484446711782397 0.8413348179575477 0.8331454908517253 0.8070413889328153 0.7714918503479693 0.7459922458485847 0.7493624930202067 0.7284585044786732 0.7026221705772471 0.6850890636664188 0.6561972311258428 0.6397205218922538 0.6490220719129158 0.6226802411194424 0.6308643491953445 0.6026870258573614 0.5711190016008151 0.5465140032946207 0.550410420120615 0.5785722304132573 0.5961523993249902 0.603251305116992 0.6116865741919124 0.6454011860424098 0.6137467343613227 0.6474617323592793
0.7867380252541275 0.8001631122087383 0.8225308158409815 0.8549119917228396 0.8487369761792931 0.8765524081768753 0.8431290289603885 0.8429203594270546 0.8613514141028333 0.8587421773150474 0.8656844865375685 0.8419803729563394 0.8445780062526353 0.8229530113530534 0.8343985175337425 0.8426024545114696 0.8680777415840439 0.8696540030656997 0.8565761057224597 0.8404152591083521 0.8257783887071733 0.7847601729201255 0.7553113757910991 0.7618370482976269 0.7448451720751501 0.7122980507701021 0.6781926073916075 0.6390295744359537 0.6229362636998623 0.6224668468669566 0.6104018543429587 0.6091243070962039 0.561063303248194 0.5473050301180084 0.5239913165523917 0.540781722697262 0.5396680336637524 0.562885503422331 0.582921165989203 0.5959316850489879 0.6060162661713795 0.6237615738721481 0.5837934527958015
0.7930843108369766 0.8092660412022933 0.8339473046899389 0.8429685100460564 0.8696921035526147 0.8464875619627084 0.851233876796974 0.8214373943162429 0.8388940816974044 0.868339321134643 0.8494361550141393 0.864504092857964 0.8239158707639402 0.8279555288528153 0.8286442107711234 0.8457623461401708 0.8573848498492763 0.8792249531066013 0.8447732409428929 0.8526397337797397 0.8158729699157601 0.8245540832263721 0.7852312141146066 0.7636914963996458 0.706179102398618 0.6880197516274662 0.6544418940896406 0.639373030729409 0.6311806601850615 0.6127567611670082 0.6114685640533669 0.6000674750839865 0.5703664750920101 0.5343264027381037 0.5173682713768559 0.5323965550925963 0.5417340739416381 0.575443747362545 0.5852009843994127 0.603987344517051 0.6159950488164133 0.6176634395342525 0.6061503163184606
0.7921844787777457 0.8130705264492 0.796656465393765 0.8451125674971531 0.8530812620293856 0.8591757423879668 0.8095485212281704 0.8165266292814761 0.8472620562772474 0.8682237305007486 0.8460086585590398 0.8448260051139884 0.8343766520905571 0.8268554879727206 0.8748517012380461 0.8685267056330275 0.8762505252696082 0.8870481255979186 0.8623601375804726 0.8541520374094148 0.8298459722936308 0.8045508200816414 0.8029077585465129 0.7476340148091469 0.7017910827386886 0.6631930519365515 0.6803343888660321 0.670960195952147 0.6659965380324906 0.650060397111152 0.6079329783639988 0.5744712000492764 0.5594664861231916 0.5597810676206108 0.5196121501558987 0.5672140044144304 0.5435199842926864 0.5791565296153304 0.5566754618611257 0.5846738865648566 0.6080712069641048 0.5863406247470907 0.5892698787484782
0.7921253996469572 0.7773264821351342 0.8059915423382893 0.8095776317062425 0.8415643866036431 0.8461553941279116 0.8254774869885163 0.8193294908683598 0.8473583786918586 0.8331729341442251 0.8163790552957662 0.8360609708439721 0.838280456002794 0.8559639256410811 0.873181532407694 0.8763907561916374 0.8849103493912575 0.844150970652741 0.8642482927775815 0.8366576309983574 0.8462829903773895 0.8315715512231296 0.7849067244460991 0.7451811974807522 0.6977590216029351 0.6731774506127528 0.6839532618878457 0.6542078942939659 0.63747462125571 0.6325716456112436 0.599575038023734 0.6120146841086771 0.6030447606756125 0.5615143159695656 0.5612964403181279 0.5857129259012078 0.5698708240605229 0.5564916981816905 0.5593817388067349 0.5757789730066573 0.6233692757132662 0.6018553854613675 0.6377578568027344
0.7770008467185509 0.8131450633857628 0.8175656858142172 0.8338054288740663 0.8156591522778371 0.8261471030728847 0.8434207316246173 0.8091894041252844 0.8170067174844771 0.8197864134624965 0.8193743896259622 0.8250978585638779 0.8346839967193915 0.8431061118129114 0.8284550047926221 0.8372234189883362 0.8750528721749613 0.8655432837507806 0.8265106784536924 0.8081314852440526 0.8192084052641895 0.8050397536385779 0.7953202639321268 0.7273300843231615 0.7247707452824054 0.6921437598561913 0.6576601208784557 0.6773930258940664 0.6714689345507814 0.6230946102388866 0.6092024629837011 0.6232684471506114 0.6280710803265778 0.6156466750376256 0.6213265897051773 0.6051485224008321 0.5850126777156552 0.583403237478808 0.5645746601509348 0.5841967778265479 0.6247430226978229 0.6366377171641744 0.6433619054995461
0.7955245449932365 0.8085848967336215 0.7901243125416916 0.8122633801302304 0.8457287825670468 0.8517151029699584 0.8290421376422424 0.816027500610549 0.8211436737212401 0.8326029805204282 0.8142052210433118 0.831886108554286 0.82960223391528 0.8239424113010935 0.8314974743363044 0.8581526834145933 0.8754758771189195 0.8392151880581532 0.8371660355564803 0.8352159452182433 0.8300300049863395 0.8046455980065841 0.7647658793362119 0.732088469534364 0.6948152639719536 0.6758725260862429 0.6805483281132901 0.6635529098661482 0.6349321153863343 0.637119583032773 0.6461297082869889 0.6077126895979742 0.6215241669814102 0.6052943720453818 0.6192040892328899 0.604241671259899 0.5864702886184204 0.5774172701580373 0.6048704133450014 0.6162326045451716 0.6183653082747369 0.638369356146564 0.6266421727419056
0.7833818579108818 0.7988896663712175 0.8077941975519917 0.8247983046791383 0.8286683085122681 0.8267700435633265 0.8381418008997917 0.8443326187887762 0.8188458184300427 0.8118725011884669 0.8247112131393474 0.8063837381352262 0.8037460275261797 0.842631776945195 0.8519827795354764 0.8360910447476215 0.8518263259904933 0.8296888137004382 0.8266146510762726 0.8296560645408658 0.817127723720299 0.7925118151395041 0.7166962236286188 0.7418449648662724 0.7127454632056642 0.707002507579936 0.6713201116794886 0.6817857385387472 0.6435382507115817 0.6364610843984106 0.6643019730465939 0.6166107724048832 0.6177537041332427 0.6015216584341182 0.6004301241173203 0.6090869051434422 0.5720236416045635 0.5779939666349286 0.6027424455439502 0.6165454807597698 0.6160080134621034 0.628805403381942 0.6563595809541405
0.7884794226063078 0.7900697430502918 0.8107376262046365 0.8361643858148721 0.8427888117237072 0.8478933113626893 0.8496687604209733 0.8347617413488845 0.8060241388044168 0.8227784087182416 0.7852570418344883 0.7814545097966242 0.7864596281642816 0.8172419338983371 0.8078588799389221 0.8161033364353026 0.803449650493385 0.8175632930997535 0.8295483540904132 0.8278666418718593 0.7817300003068856 0.7595125769183816 0.7609998780017143 0.7459220614501867 0.7152369676285147 0.7250092836121153 0.6895722158693949 0.680894504613476 0.649433890098082 0.660774056177112 0.6399050843719982 0.6369232530816032 0.6308774499711193 0.6156133496659513 0.59186070202133 0.6031104591170887 0.5985670670292198 0.5822917798088195 0.6203041678101107 0.6333214814580157 0.6508901773444382 0.643864667934657 0.6367512110176468
0.7757033861419731 0.7987796157312952 0.7927257548723873 0.8462237738922896 0.8487830307094897 0.8233975817371314 0.7933702786731278 0.8160882213811564 0.7990019929734279 0.7719467664567717 0.7839007661329573 0.8001962850513816 0.7971558307887932 0.815343500416092 0.7910143498634113 0.7742547481529086 0.8128630343550044 0.7826533093317708 0.7838557453725697 0.8160620906141383 0.7939899163077652 0.7654753524569813 0.7839933748636596 0.7819851274291147 0.7547683794822713 0.7243751417352544 0.6735369746363825 0.6869666531568108 0.6638349148985706 0.6423724754749769 0.6466422739348343 0.6267859000639221 0.6284662095831933 0.6173922164100494 0.5747373686140552 0.6084354211535096 0.5983935858884797 0.6164240689109239 0.6046127376762347 0.6125138495235679 0.6234569125646882 0.6315831649951602 0.6654657731197038
