Raster_benchmarking/DGGS/continuous/raster-404.asc
NCOLS 100
NROWS 100
XLLCORNER 1743169.0841455583
YLLCORNER 5469280.942691093
CELLSIZE 10
NODATA_VALUE -9999
[rows 38 to 56 of 100, columns 43 to 85 of 100]
0.7674793785858443 0.7935497272982559 0.7125370842333693 0.6817107872445523 0.6654762761130036 0.6324273975969542 0.6310066161586753 0.55701004111866 0.5205385031508366 0.5174313840498851 0.5207126395387917 0.5561113856471587 0.5822336946435237 0.5470663515540686 0.527652357405626 0.4608376385300356 0.47756438901478643 0.46971897563922876 0.4588791278156152 0.5110250738436684 0.5258778919672049 0.5369084632014327 0.5203411655846557 0.525819655622691 0.5073972442270546 0.4874883905769809 0.49755878702945705 0.5414946501821951 0.546661123402692 0.5450214744955137 0.4816646679448423 0.5028648281029033 0.5186254953723667 0.5696932036241 0.5855590438995977 0.5852423856319002 0.6074826127002835 0.6043641713185434 0.5739613495730777 0.546984808008247 0.5665545283709783 0.586563603691678 0.5401684545299953
0.7626038746135918 0.7670121190721433 0.7394784777505032 0.7403044379137185 0.6932315688927563 0.6586121698481313 0.5902735220068865 0.541177158339212 0.5213827888350412 0.4935296638097339 0.5582233682505818 0.5489214285789806 0.5402116893423345 0.578648072619227 0.5307243057498192 0.5219980493936448 0.4737888361341983 0.4871576150656357 0.4824268341675674 0.48395441181986515 0.5246126240888028 0.5080140590110078 0.49313201835284326 0.5303202478145627 0.47649874354784594 0.47187067593015447 0.4989166821054568 0.49106410811011614 0.5100804468936208 0.5404542762610085 0.5215902783843204 0.5008948595935734 0.5247889347626921 0.5639383586164427 0.5507376569414355 0.5727161226239037 0.5690195002331444 0.6096490861756403 0.5944633648477343 0.5600768797877435 0.5576782575119836 0.5449706242217146 0.5233324819868391
0.7397572934330539 0.7333838151372812 0.7211099861048926 0.7363623439275742 0.6599027244457975 0.6075459128159394 0.5842802074045965 0.5962880119420045 0.5446714682854968 0.5066995590112097 0.554735713578524 0.5462225761592897 0.5274056153022074 0.5722087629878574 0.5420413921313664 0.5025549121177009 0.4548910131360333 0.4827033109847261 0.4928713286679929 0.48395199228040053 0.4911672939389137 0.46464917932060096 0.4663360602566126 0.5145741802583882 0.5112814715296538 0.4945454792338584 0.4893416643039604 0.48566122050525656 0.5443104938566257 0.5175140682471387 0.4903620098906112 0.5245687339394818 0.5087730977979265 0.5757123162874082 0.5461126700381993 0.5000420321107498 0.5647741865264256 0.5425453620977219 0.5823851227902861 0.568117810001163 0.49783100939959724 0.5021945340811594 0.5014048056221319
0.6891474595597803 0.7141130108540168 0.6904020373157237 0.6796447455881744 0.6520300277611084 0.6138188040684401 0.6164765598255989 0.5828483421257882 0.5614689014751247 0.5148019936412015 0.5178212529498524 0.5477212832132425 0.549496563758875 0.5479905202468559 0.5022752877634257 0.49648613203286956 0.4873181380851553 0.49941170537510765 0.4876914968026151 0.4420795610392679 0.45532790437292464 0.48855823079226235 0.4903890032517534 0.5057255398226508 0.501282138661058 0.48626257059876876 0.4987782045459481 0.5134959056364868 0.5588356393144268 0.5588506094052216 0.5074935802871282 0.5273469355285794 0.5151250816537019 0.5450509198727419 0.5141211858293937 0.5321179198362713 0.5446699918181795 0.5225695081000559 0.5227355121172255 0.5027674704985848 0.47889349598176084 0.48369691996338526 0.4934383207383467
0.689647960658906 0.6409753818234676 0.6257497702338938 0.6719961047641771 0.6487837056312025 0.6242777678946788 0.5707659428132189 0.5600311189158501 0.5891150005862148 0.5604471921214116 0.5432501559823705 0.5524005582995537 0.5808558662008122 0.5626238902092688 0.4799271947194916 0.47808104097949133 0.4938255535442928 0.5063051577046533 0.4678818122048928 0.44729635822883296 0.44674780711690293 0.4611279635163149 0.4538950456838983 0.4731537932936707 0.5338409369066911 0.5291818647559831 0.5453237714705294 0.5834708122886585 0.5933145048514817 0.5272587887483163 0.5585484410448575 0.5633979791182293 0.5644264946057267 0.5040994792039467 0.4868704501313458 0.4965596587927309 0.5586895901724316 0.5824924868286279 0.5224783572725261 0.4988645246302613 0.4922540025407391 0.4681177825127825 0.47589337193751835
0.6583738291102266 0.652054023082989 0.6252297618071803 0.5946839207349292 0.6307949194486773 0.6152781742394425 0.5802460907945552 0.5582798826466004 0.5815231899266 0.5440062016667236 0.5456385546490834 0.5079245594184775 0.5638018844712951 0.5244516075954471 0.49895710994749415 0.5332183301689298 0.509545480086842 0.5275486843245099 0.4990934429568087 0.4664644443675882 0.4482007918119749 0.4788729284474429 0.5039264662358335 0.5192741093235174 0.5336147942425785 0.5217893649883943 0.5319260830931004 0.5862479244097082 0.5849599789869735 0.541905653142039 0.5546418273420874 0.5962098242944608 0.5935450487126077 0.5736322510875714 0.5105256708302012 0.5559472643436039 0.5652886071864592 0.5823085889374845 0.5517102632072988 0.48816420977474495 0.5135716852202553 0.5054341199252104 0.4658873084799711
0.6736233037498283 0.5978024399759201 0.5819643768182191 0.577024099429884 0.5899283070172195 0.5453523905370484 0.5521128660018112 0.6114156063592278 0.5843499453615707 0.5654683260074546 0.5053144003526227 0.4768437229276712 0.5206222922638675 0.5594399548882617 0.48674006082491783 0.525579426694916 0.48626469897134184 0.4806583994816267 0.492517718603466 0.44592758623385714 0.44834706086089116 0.4907165590222386 0.49110561159951593 0.5655717280282134 0.5424891249527924 0.5023500611095764 0.5502808878788875 0.5812023441387149 0.5689787852578576 0.5969663619759266 0.5702517575119417 0.5988335844643682 0.5892395925598275 0.5900557388411372 0.5672541688526183 0.560467432233958 0.5406892265307636 0.5913331790787985 0.5623422459258437 0.4977601403744536 0.5220595741201521 0.5394462327870976 0.5074690682963292
0.6549093026641939 0.607154457407168 0.572597190209106 0.5824140417409076 0.5395295030100521 0.5807110470260437 0.5774769224150715 0.5783632434005774 0.552039748170625 0.5547185528716211 0.5076816102947876 0.47512647064118374 0.5039252073343714 0.5065808959770365 0.4834843148292283 0.5254246093526598 0.49799666008571547 0.4714626849947625 0.4686228307384435 0.4838050088124479 0.4747480167199389 0.47782882073716565 0.5144181109037985 0.5281048711659999 0.5464980256887342 0.5510136008626589 0.5460254485493045 0.5795220628449758 0.5721112557280532 0.5755179711082576 0.5849486878232136 0.5646139068538523 0.597615879481607 0.5906936519909266 0.5949262058735566 0.5742055325786801 0.5584848396409985 0.5403528212802401 0.5370811483799648 0.5247736119636627 0.5131152499016917 0.4991356036987075 0.5085272777026186
0.635834589609204 0.6299589377719466 0.6141297855045991 0.5843198566699731 0.581282550700494 0.5760335485747554 0.5325146232411433 0.5530906709165889 0.5502540839778771 0.47835444519904413 0.45827805503585883 0.42014003045552745 0.47041188059251415 0.4556008313353123 0.4852182641453463 0.48958839772543733 0.4879178335330957 0.4461811249337606 0.4153175524457629 0.442690376814399 0.49067191446767594 0.5104277881740856 0.5034599386098064 0.5320490579880353 0.505904565117327 0.5492195702506047 0.5170501273878091 0.5142083062678612 0.5231477355718133 0.5140446473070404 0.533318798155309 0.5220786496091596 0.5852092940245761 0.626422413491845 0.5799963444107944 0.5721354986734485 0.5592233791705742 0.5198704384820029 0.5057272828627233 0.4879689225813703 0.5417725847398247 0.5247738075308624 0.5130423862827337
0.607006813589985 0.5975164198213413 0.6175894683920865 0.5942549361592774 0.5368452171491968 0.5450271665143016 0.5452494903585113 0.5284950419045494 0.4980832777083456 0.46955296322342366 0.4597179037577391 0.40644402780949745 0.4097475482812629 0.4668853027553068 0.48508384945309824 0.47263206684538733 0.449286128127896 0.45301306454106266 0.3998168044010765 0.44282103458091454 0.4506036539581232 0.4455745840586837 0.46911897266726194 0.5086729323552153 0.5227044690943595 0.5359262684347996 0.5079255108662756 0.5483276313307458 0.5501221833678016 0.5502139760470325 0.5556885859060163 0.5446772705305761 0.5797455170196383 0.6203136665698736 0.587222553099927 0.5727939748206335 0.5297364397754306 0.528082265196334 0.4814968995897459 0.5171148408786194 0.5226354015080431 0.5261665399210474 0.5328441213958328
0.5905783482361039 0.5987487975298948 0.5564266297310934 0.5317652315601358 0.49515361031636373 0.485051936873137 0.4958422314956982 0.5547350394840266 0.5030987739884518 0.45046279627897257 0.43642502536773314 0.4560788773758926 0.42703773558759256 0.39717267959731606 0.4425488898432845 0.474611413657355 0.46272423997965184 0.43663489787113424 0.3919194597928113 0.39470554901469174 0.4142362514192549 0.4235943734860235 0.42901287388118403 0.49048444862025675 0.4856889555178137 0.4643069683730146 0.5205359751325498 0.527424983688304 0.5665440439958664 0.5553859834401635 0.5374977920104268 0.5666887680090104 0.5938474993197055 0.6106198977193862 0.586312601715175 0.5896546569721745 0.5708940371481587 0.5206203812838239 0.5095995383411471 0.5051781601364892 0.549136417912626 0.5635008882764126 0.5232613828386641
0.5828910069558361 0.5765910203932176 0.5588242453313853 0.5089106431621435 0.4933329780947364 0.500280640506929 0.4665710040371918 0.5145309143889406 0.4989547691157195 0.4850599194439671 0.46359176862900575 0.43057788929905577 0.4208132237489507 0.4136051837922146 0.43377575150686315 0.39986772735344395 0.4185903055127052 0.4272481506584137 0.42774089391367104 0.43867292819630804 0.41798049649427144 0.4070864123163997 0.4578986282688944 0.5196908135844742 0.47425216166620016 0.472036232948927 0.45973264236304484 0.4859507348679636 0.5163522123448281 0.5138140601498763 0.5530304766124896 0.5780721981436528 0.5353765106715558 0.5343812436071235 0.5442495499239495 0.5800417091694622 0.5708520274497872 0.539131147899564 0.5333262336958552 0.5409193498300459 0.5030897385084252 0.4993088994374341 0.5446144261284793
0.5715613304913696 0.5677295933796946 0.5125106323615429 0.5183884894169699 0.4546567870184694 0.4771512882505767 0.42214000383709643 0.43944164977884054 0.4378595614381232 0.4778956572934261 0.4877562499416041 0.49126510585647665 0.433385209712139 0.42109879636331543 0.4214019952649098 0.39271362116985103 0.4032732555522292 0.4422415981882765 0.43375012994516077 0.40954247158716994 0.45361647672994027 0.42528564969124544 0.4504520170110826 0.5292798577924968 0.5174202796116973 0.4835322977970246 0.47468606998843416 0.48334405753580073 0.5050446909435586 0.5159928650628467 0.5594054621527045 0.5451222922289494 0.5162846380099668 0.5057075342310156 0.5090860869502213 0.5286188046557199 0.524935805821991 0.5582360385292319 0.528946024867249 0.5067325739817001 0.5174143885499257 0.5153189834758753 0.5323915624117103
0.5339931936945186 0.5499770559835474 0.5094617863524041 0.4744543628632643 0.44884363780471037 0.4633884161299063 0.4132193644143092 0.44655330787364217 0.46474132474570606 0.4600746934289946 0.48969247707986896 0.47536609523352896 0.44785636319619815 0.4434830159606027 0.4244817038492816 0.42579663458045397 0.4622110860475409 0.45039869197330246 0.4738152434950567 0.48502459374268253 0.48186919022545777 0.4529428084196617 0.4972529912539155 0.5027162768976117 0.542865451235714 0.5097847897794389 0.5383972091768203 0.5277925163498255 0.5335080923677944 0.5300790098551774 0.5288533455244462 0.5131512731435122 0.5365663557332605 0.49364010977232103 0.47786713336332404 0.5028454844549965 0.5240211638073937 0.5509789811351227 0.48934189775277404 0.4901534865512589 0.5104838992464228 0.5378003828677024 0.5830075206221867
0.553233685536051 0.56737029495062 0.5136525034289146 0.42977524472204237 0.43788593351586014 0.39814876402381055 0.45597257715901157 0.4350259271852948 0.4403618331851369 0.4535446438898861 0.4574299648719862 0.4728190713156336 0.43988937761060337 0.4373128269233647 0.45958986293357973 0.41145551266759106 0.4519944493218191 0.47608900566959056 0.48105683095361096 0.4995820242164488 0.524430967299525 0.47611990184999115 0.5344683795740024 0.5264503674243406 0.5724365393220832 0.5089916311180445 0.5460668310890586 0.5611625520319937 0.5703290082175048 0.5576705555729006 0.5168040255019196 0.5271132971214195 0.5165312386276688 0.49239745435406856 0.49607247275186 0.482096589627794 0.4795596008708504 0.5034531442780271 0.51187624698598 0.5065638832459418 0.5165911354303951 0.5624484359059627 0.6101474782634205
0.5401655801505908 0.5364060844806235 0.49168152339622795 0.494906137201709 0.4576037584982931 0.4114557380179062 0.46129105277202237 0.47739751878533904 0.45838323526963165 0.449706544913837 0.5080870953616485 0.49463956333043224 0.507915677980832 0.4710367743974989 0.4989064748858437 0.4658741850886813 0.509143007300271 0.5297526200602097 0.5443922043002181 0.5577031068334072 0.5453081183341706 0.5851470552784187 0.5767169757246748 0.578738986442635 0.5872805357706887 0.5973972841066458 0.6041844108819019 0.5758415459772321 0.5856330180946709 0.6133475717201422 0.5834325653264482 0.5606963891959674 0.5457551530570318 0.5532400326164103 0.5331180453153208 0.5192541600958853 0.518725630491959 0.4998581954153434 0.5326432049843094 0.5541089339910469 0.5482499718538474 0.5614407335588164 0.5964859542137966
0.5189544674275134 0.5279925920778443 0.5371686625606278 0.5231308837694854 0.43475835187525913 0.42576721536943407 0.48541887741777484 0.49188528156554245 0.4532823144415663 0.4385373020228603 0.49377730302477557 0.5416037367740067 0.519583451438024 0.5463230888573279 0.5652563151742686 0.55651553451807 0.5481648957155169 0.5372607602196307 0.5440133993256074 0.5803654709447905 0.5916792493426387 0.6537172402728485 0.6216618874446798 0.6732795463123314 0.6294016887084671 0.6059325700981566 0.6461974496169194 0.6365375693905276 0.6418678881586042 0.6701513159356913 0.6202775978146368 0.6186795220841363 0.6212629820491951 0.6091974327460624 0.5866195346044146 0.521441456092415 0.5250856388471817 0.5572288220603118 0.562022124362647 0.5507079117249818 0.5808316406854376 0.5706782459363224 0.580773742038014
0.4706217377391041 0.5231676433403184 0.5513042075633974 0.4957043286313023 0.4614570394382784 0.45488178457040535 0.4974259092809879 0.5164927634813286 0.49030514816254106 0.4956152527154615 0.5181170787753621 0.5507971439414123 0.5932116436556202 0.5963771393935183 0.5595835169802714 0.5385087363218585 0.5709977968202525 0.5785074729890406 0.6324525173271689 0.6164857079688755 0.6511227837694082 0.6841987854141681 0.6745768742609755 0.6974317831581969 0.6867246230393007 0.643028021407271 0.6969682350359333 0.6853790118289016 0.6542929685240237 0.6559059544203987 0.6891714028365179 0.6898457496205892 0.6330421647156982 0.6064163583182832 0.5605446956580409 0.5533665856457618 0.5230147204525997 0.5297949372454406 0.5482208918016539 0.5685257685788724 0.5583501083578788 0.5895392749013483 0.5600509812667441
0.5140310053157374 0.49085192819224993 0.504341681687077 0.5449658228442062 0.4879697213691325 0.4598148932727262 0.4569078048264624 0.48325601801507384 0.5172623449261331 0.5399010437588212 0.5207696136207708 0.5692044452946816 0.589180965427505 0.6008233864948667 0.5597675661416621 0.537177832686894 0.5957726889128446 0.6543142057946801 0.6797404610509107 0.658132898175341 0.7021362356957667 0.7133168508193058 0.740217658991687 0.7273418673113481 0.7174082296997627 0.7070434401827083 0.6809557881850872 0.713313342160954 0.6933546448118255 0.6602896785163588 0.7196407025081656 0.7254561083387203 0.6547855563419986 0.6627982084726743 0.5801183055178718 0.5496911114599248 0.5582062496309582 0.5719881906463459 0.5919829768760494 0.6082400504194446 0.6209616503900568 0.5981115364759668 0.576597332770678
