Raster_benchmarking/DGGS/continuous/raster-348.asc
NCOLS 100
NROWS 100
XLLCORNER 1743159.8940430023
YLLCORNER 5469279.025671206
CELLSIZE 10
NODATA_VALUE -9999
[rows 76 to 94 of 100, columns 0 to 42 of 100]
0.40576069902594997 0.4369164486205482 0.41028421269135457 0.45559591897779184 0.45867172057455424 0.4715091218676588 0.5138725508712845 0.5101601186603153 0.4812664833266876 0.5108166239426375 0.5197295446719646 0.5397646069947389 0.5036208067979946 0.5057680424993299 0.5124812892988763 0.4974473650054661 0.48128675988120834 0.5040364542450704 0.498250376130918 0.51394732848752 0.47767771192668473 0.46865269347365807 0.46313875988289493 0.439755602423936 0.4488175498637078 0.4776767122266522 0.44513990825775823 0.453016952691393 0.4383446596456129 0.4773508025987439 0.5186835889571169 0.5201160310787982 0.5709934173744097 0.5708125202975621 0.5416288349464434 0.5589360109459461 0.5887366066099319 0.5945194223055835 0.6072175412707053 0.5872261823820497 0.5923588226801579 0.6005832719427247 0.5967946248650653
0.3774196607664424 0.4247780316831481 0.4154789261547275 0.454692605052962 0.4407591316759072 0.458885313675125 0.4662103195021583 0.4919617021673762 0.49891504708103135 0.523362682437232 0.5093014531536172 0.5288645573495474 0.5282631157332044 0.5185357228594301 0.48516980679232324 0.5016143585641456 0.49385261562778787 0.5132616607364815 0.5232621915219413 0.5084329857995885 0.4764371880402483 0.4383750743760032 0.45129676298158505 0.44052169055645646 0.485063101541916 0.49363614563709723 0.5077278320909685 0.48041561642437947 0.4760830200453531 0.4920551549775373 0.5224726228060577 0.5306936899952018 0.5718531829470628 0.5721961084721287 0.5896942613067874 0.6058468612249445 0.5883181958586292 0.5675791820228034 0.597487444762305 0.5917402504823533 0.6282766375015667 0.6027428577052126 0.616173091778417
0.40200055786000266 0.38269004552324226 0.386980343546663 0.4336944616087133 0.40365999785706785 0.41608256355599577 0.46082192598229466 0.4851403840335429 0.49533281423714876 0.4934802693338113 0.5021443932969146 0.5219867508204548 0.5092994138904388 0.5321344582991407 0.49828171034812846 0.4650783232021529 0.47692271069843545 0.502498167160367 0.5023862257953426 0.4953429273867078 0.4995815665624155 0.44605686596963456 0.47205237648211884 0.47510945994536996 0.4779791634049386 0.5016299477991025 0.4857119117479678 0.49960177104006764 0.5121017589623054 0.5412739721597403 0.5416509302440013 0.5624085786241153 0.5835194112569017 0.5651807640910702 0.5567675730459337 0.6011506069002738 0.5930040933493591 0.5840561437060267 0.5957480177198762 0.603891207649562 0.6112772334764606 0.6135281238865241 0.6228805654996039
0.3842347629613471 0.376972519884842 0.39489862527051417 0.3962609257513361 0.3992130972940172 0.3988116525604129 0.4247571854064852 0.479390701162288 0.5041295303894557 0.5219080407775886 0.5526884345792857 0.5432712024834843 0.5428038695493367 0.5288789602653499 0.5069615052521451 0.4941384401941711 0.4684711063877683 0.5159814279562702 0.522161282211499 0.5295082462700526 0.5025609077094637 0.45007713400273114 0.44493743939947117 0.4643649534574387 0.4686070337765562 0.49248616995539013 0.4967434749112288 0.5104299567118168 0.5633388598624427 0.5333658733812031 0.5165129095098101 0.5219887713589278 0.5759624184977021 0.5770512225277944 0.5702485875551662 0.5729185901014372 0.6314660186908129 0.5730193476435703 0.5678977322146648 0.5752507178628778 0.601991051861182 0.6062420338887899 0.6188943774638633
0.3935059875784478 0.41237708616017005 0.40723704468008237 0.3954452264279597 0.41166021874067754 0.4331159516556929 0.43949584809481723 0.4445511236706499 0.4802954252453929 0.5251493880722212 0.5272984918921034 0.5560903642749352 0.5540130322261576 0.5178871219555481 0.5026354025576323 0.5223558529447621 0.49093033047852724 0.5271090688460154 0.5182055062715049 0.539820840238488 0.5454498567799059 0.4889787572946496 0.47999329211078395 0.49895768120918993 0.5093884735122294 0.5282927890853569 0.5031954545011418 0.5222643541211708 0.5551183235827355 0.563739282677632 0.5478773092747528 0.5234708301485853 0.5520235527335388 0.5529268132871993 0.5526770624900033 0.5789562393600656 0.6277887984927871 0.6034455311120561 0.5750283428180585 0.5862511308138416 0.5762301590010688 0.5778123306839856 0.5886011791223275
0.3915433721660731 0.3839399336528527 0.4167431866984515 0.3934053995591893 0.38288024292058 0.419564994751482 0.44133911662391456 0.4240369420641163 0.4689954618912313 0.4998811949714106 0.5429570369186121 0.5472855917508002 0.5105378364362009 0.48401232250564075 0.5020622966865442 0.4885040780591864 0.5269899924830995 0.5392703106410396 0.5479735174307323 0.5386878289979901 0.5542359036229627 0.5113835018554509 0.4904341194060613 0.49543752643000066 0.5110990801158563 0.5371495934382313 0.5432100305609207 0.5521516031867648 0.581455403841903 0.5722109686019844 0.5495908315001503 0.5233690737567098 0.5105609579844498 0.5595493273289518 0.5485245798831606 0.5576801429920151 0.614044956837774 0.5857251504896043 0.5976845966776648 0.5518114311672332 0.5323343638500997 0.5597585826018904 0.576774037725688
0.40994928651066104 0.3832199832050672 0.41430719760815954 0.40869149691912554 0.3938265830256956 0.4346348566896181 0.4150243862810279 0.43790535013690524 0.48152836699871227 0.5027496663887182 0.4969972894770041 0.5178895230908285 0.5159273577343568 0.5045190026872348 0.503113247053876 0.48744165770777076 0.5015375551764221 0.5311542131120683 0.5529071087381532 0.5440773105994882 0.5516679145256468 0.5544840372956209 0.5266501561862376 0.5299018945908476 0.5372824981465883 0.5398323630560203 0.5421145060818452 0.5559838758338885 0.5506188023464276 0.5664675404513286 0.5391254833558985 0.5416312811424744 0.5392861885883883 0.5351647753147892 0.5449042989869893 0.5584259131620152 0.5812905702250063 0.5850195045889629 0.5709037752229533 0.5308327605728879 0.5434307623323515 0.5630303552826211 0.5704708510621029
0.40077351709244396 0.4019135908663 0.37968468961444557 0.410882903827491 0.41874353356325983 0.4525849990474143 0.4315345996696093 0.44145842061330187 0.4822697963269614 0.5035461981091931 0.4996533394324854 0.5176425105089864 0.5141840843918625 0.5183868158316717 0.4989923487054403 0.47333022289265525 0.477696689704378 0.49575380018870724 0.5531659714941285 0.5433645048655182 0.5819941470500835 0.5382357612589701 0.52723613280169 0.5453311382304281 0.5047543618983459 0.5284590627727914 0.5579657489744247 0.561440836338757 0.5370053429851208 0.5308166616544447 0.5492462816432114 0.5294110135833687 0.5324428496580954 0.5577280733304065 0.5609110660614439 0.5729750863354274 0.5247739605348128 0.5676155384173823 0.5654147898657136 0.5161093596971676 0.515235277756862 0.5390239906108234 0.5698915548051912
0.424383157222785 0.4071411235618026 0.41256826077211295 0.40122624162713444 0.4340477515254916 0.4486989166709604 0.4510854661740077 0.45114429125886074 0.47668599570568726 0.47672551771662636 0.4808178620023938 0.4819775341880257 0.5314938287988167 0.5144121917475073 0.5114907547722307 0.4973035697073957 0.5147385166639443 0.515652998315663 0.5350170971057473 0.5631441824184166 0.5709474078667065 0.5670319700389043 0.5612905488749279 0.5204341087898117 0.5381476965734313 0.5156334242555379 0.5031199458688694 0.50910525716803 0.5119770990885739 0.5486149816701484 0.567647429652311 0.5465351923347442 0.5492840327608617 0.5477855812745066 0.5763121502039794 0.5860062398933259 0.5818774623189901 0.5751464993664767 0.5537158940919709 0.5490038931645294 0.5469857720915602 0.574773648606538 0.5602920026654404
0.4544980091337723 0.4185048039777463 0.422601564667265 0.41680089828986333 0.44263496919389544 0.4681009981250109 0.4449066674442098 0.48365169844096373 0.49837104836053336 0.46835449760511594 0.47968882378738753 0.49181782615378605 0.5243484707001913 0.5422577791491074 0.5280230259121144 0.5360553109618059 0.5294947020815528 0.5528337518220542 0.5686495979375731 0.5899305041212283 0.5950969486001221 0.5676526279138578 0.5404131188991584 0.5388131169788911 0.528605536816664 0.5402860135192559 0.5265167573333618 0.5139456645659181 0.49730534920653113 0.5171941709096961 0.5496578690116314 0.5598716948080602 0.5385420225874983 0.5538595417713422 0.5605718648060646 0.6088816921473299 0.607347664052277 0.579532723692597 0.5610976571708028 0.5693087711485976 0.5360709799732034 0.5529587985747401 0.5905518199262075
0.4549169160415841 0.4398918473050713 0.427676965981157 0.4490557388657138 0.4305091430209216 0.46363699942040143 0.4629713367343384 0.44224658118742044 0.4753472562600667 0.4903580294714995 0.5217564937730298 0.5176380230179729 0.5339961299062661 0.5278929820962246 0.568191864297844 0.5588030011687048 0.5727182292930808 0.5411639415687635 0.5650879766696427 0.5794255986869264 0.5946982871741351 0.5526613605735264 0.5480946866053364 0.5247847850635454 0.5433225239242186 0.5161031091743535 0.5213914963146208 0.4994389561469629 0.498107345065566 0.49599524343433166 0.4910772690625752 0.5243772359787968 0.5465520245220796 0.5633781124999344 0.591349319305482 0.609793949609798 0.5871011453793206 0.5925195420001538 0.5798538350351709 0.5718550467016252 0.5636771579007883 0.5809750480799564 0.5793645747714564
0.44928757849386686 0.483813395029688 0.4898627592857513 0.46858755212012265 0.46257126139317567 0.46718297197185754 0.45456178660578206 0.44427012678134986 0.4408733375747303 0.49184429821087516 0.5180563037436446 0.5435174320168242 0.5443443687201109 0.5459982015315804 0.5668812029363675 0.5407870116008552 0.5717531068105088 0.5685918218596673 0.5758889543156657 0.5883517131978293 0.6090314490862879 0.5396067571708948 0.5109576601382292 0.5305336380728645 0.5468946987898706 0.5460323661545337 0.5087062385053619 0.5111781553723463 0.4937223644750712 0.5130982209760162 0.4897787113445832 0.5310694982575979 0.5293114344403634 0.543936084814613 0.6086452990780492 0.61808095366936 0.623743203983218 0.6016176433217713 0.5989415373833846 0.6257555599561591 0.6409867847957632 0.6038482906845734 0.6237295966938396
0.45487780844817727 0.5052472155669703 0.516184666406506 0.4983420377036051 0.5081304917990537 0.4784434823322883 0.4594467072851098 0.43482878905787925 0.4872421676823659 0.4908843569911422 0.5148084477041107 0.5259000229223294 0.559282053726667 0.5544394842514855 0.5596222127995494 0.5308142226650316 0.5512961356791373 0.5574285185430573 0.5605120958572304 0.5901062068302975 0.5487654249692812 0.5299075778983958 0.5123799113547857 0.4977094870069847 0.5008491685442872 0.5168467167081762 0.528203799741504 0.4964188525016511 0.4794049767090195 0.4765439182181788 0.47579710891901317 0.5157973198944069 0.5428311144293094 0.55524968489205 0.6054446157385692 0.6089065983340822 0.5999360593540303 0.5925762484492048 0.6326688001368947 0.6346196637194799 0.6262735245302754 0.6251867088170475 0.637516306219639
0.4963295713661304 0.4869544140720275 0.5169563818924928 0.5182100729067947 0.5207373720573405 0.4828296677845121 0.45131316564373486 0.46040228280721573 0.4900288834051979 0.4940916366474181 0.5410287417252865 0.5594189314158688 0.5422510827748107 0.5393159091331763 0.5112882519024922 0.5158079532913047 0.5395880451568715 0.5579060146037649 0.5819921006794971 0.5517342513315007 0.563037957094633 0.5176994034006824 0.5051452658062066 0.4884427358555518 0.503756295555109 0.50290988553044 0.5155844770476223 0.471307837859171 0.454989075434267 0.49778771601315525 0.4911336513286507 0.5446046070458748 0.5615464079603937 0.5570804649426503 0.5632315425138007 0.5745505222823043 0.5547484491968306 0.5880374798603362 0.6094687869648333 0.6120258055316768 0.6382798266221901 0.5972693747704514 0.6185344370980629
0.47763863726109324 0.4856618964101741 0.5038650082186243 0.5194613222935531 0.529226178531616 0.48251725408364077 0.4765676803010793 0.4674936540200662 0.49097874190077107 0.5191496045150782 0.527131109000242 0.548060843124667 0.5493446717927704 0.5128005824520677 0.503294959373171 0.5266945136838723 0.5108324253555145 0.5453361293428753 0.5514430877674976 0.5439987489492383 0.5514681215096919 0.5523107313284821 0.5013347845341525 0.49973277662802573 0.489533267908647 0.4648193684817123 0.47481297148600193 0.49609457486756275 0.5064808347208711 0.5079749291402013 0.4981376716395457 0.5213608771506403 0.5400091020989485 0.5652410047281623 0.561397486944446 0.5693294015965368 0.5703895650730009 0.5848736759741845 0.6109028220238416 0.5830830359608893 0.5651855369633435 0.5751195380163991 0.5878496810548965
0.5028141863717558 0.5096628911974653 0.49292277748611296 0.5192821807412691 0.5045238677210129 0.4591788776325904 0.4680974629855203 0.4920679154146242 0.5490790718594918 0.5643958009086969 0.5353366397806323 0.5463170215399217 0.5665614958284965 0.5300446431661179 0.505942511134215 0.5465971378061678 0.5293309779302525 0.5556447373036425 0.5561365391288762 0.5586799096396375 0.5414408852711236 0.543278297607266 0.5301653364988433 0.5049086421423035 0.45167235856086063 0.4714731287229513 0.4456186547828927 0.5011827195199944 0.4757006180749962 0.5153858947103513 0.521835259194889 0.5516408002877746 0.5780382195039498 0.5543808595130033 0.5606147750504564 0.5813145315089953 0.5875756559800985 0.5952743827420649 0.5808543793301316 0.5800508280134672 0.5385075837975986 0.5701871643136557 0.598521871201242
0.5189952361888274 0.499360286641666 0.47767094427521517 0.4882763728156107 0.5003637951527042 0.4712025854898918 0.5003487933308932 0.5383213780393432 0.568240985617381 0.5653400376623735 0.5666472161848748 0.5754781473577503 0.5492238664023704 0.5176838550608319 0.52343964740126 0.5467153802328966 0.5709157224141059 0.5621855660148217 0.5859584010037256 0.5523220218473993 0.5323232300439671 0.5322664428272673 0.47773712911589644 0.4565089114896746 0.4410438109342833 0.44567135395653457 0.47295982015843474 0.4991294022577605 0.5215635759677769 0.5040991825537804 0.5431975445841386 0.5472068417432262 0.5993304971193696 0.61113648502938 0.5760847043638077 0.5997575486569633 0.5938650828279973 0.586116253349197 0.5880856524016721 0.5694086676711629 0.5435569779064942 0.5779839257156208 0.5630120121759689
0.5088071186839432 0.4729177213665651 0.471878815251436 0.5131607580180183 0.5123617208644841 0.49790033396803135 0.49327410893815576 0.5050680862261633 0.547930466127312 0.5501256382065746 0.5537348536152016 0.5432133833558983 0.5582156270403472 0.5368760393032148 0.523560851321413 0.5571795092232575 0.5730788797342384 0.5968691785124454 0.607226191841575 0.5675575252369038 0.5836103549616534 0.5475206013023413 0.4813563208412463 0.47998955907705987 0.4464141126205802 0.4746498532151907 0.5002606615953624 0.5025721654317519 0.5327113788448328 0.5139787592991456 0.5092770785321836 0.5680283369192631 0.6244499902184701 0.6035028562708777 0.6117874008896859 0.6281901158518833 0.612963155009202 0.5929314502983298 0.5579123333115399 0.5452881476840082 0.5782295035594722 0.5457133669095376 0.5708513740075184
0.4966312309906072 0.4683823786537389 0.5081217200728354 0.49423920532316223 0.48654398902258017 0.4973559106709294 0.48331726051714025 0.5192303430950066 0.5050856112945373 0.5170710551083411 0.5567721798960671 0.5361404099140908 0.5387420965047922 0.5328461889156497 0.5257321368306448 0.5730314950743747 0.5957589585508059 0.6235910675502627 0.6024610378349962 0.6119504408997689 0.5877681071855938 0.5566053736039431 0.5259178847635649 0.49615569744052 0.47812055213731175 0.4752753406911383 0.5057335638132063 0.4911344025746765 0.4921767336506036 0.5248553019809089 0.5358562540412733 0.5528370621218105 0.6157234215557674 0.6391255975023998 0.6151029791295951 0.6415587159532892 0.5932483356675188 0.5743362196237058 0.5871234690648441 0.5655584453670112 0.5413655988134843 0.5441426832930364 0.5366333641187179
