Raster_benchmarking/DGGS/continuous/raster-389.asc
NCOLS 100
NROWS 100
XLLCORNER 1743154.533498776
YLLCORNER 5469296.916662222
CELLSIZE 10
NODATA_VALUE -9999
[rows 57 to 75 of 100, columns 43 to 85 of 100]
0.40319093653549914 0.42324211786244303 0.4509114584289752 0.4778157547282749 0.45951636527533 0.5360380243667902 0.5778339676889165 0.5881402829522455 0.6143174986939035 0.657565260599321 0.6770029268765437 0.686354772511955 0.7164729017684233 0.7257154884498829 0.733349190377041 0.7000348319648264 0.6814418459995089 0.7162743758217354 0.6507635610716136 0.6423984800041691 0.613572383559692 0.5840418351583765 0.6071534382896975 0.6294296849501931 0.6544018208179073 0.6887657722809963 0.6365428506011467 0.64079293303583 0.6076932273097161 0.5700662473896609 0.5378683447977074 0.46639774949577506 0.3732761038659381 0.38449163382582235 0.3154162967769093 0.27590427925012384 0.29330039217028586 0.23214172896225393 0.17659506297161237 0.1799507448405899 0.18759061917733638 0.15551387195480312 0.1924813538293843
0.3610447432091123 0.405218957948024 0.4245330815262402 0.45628649153571876 0.4984783077014159 0.5777624089019712 0.6286264248477764 0.6374474799193175 0.6554977316033083 0.6573449587079694 0.7035720976700859 0.7101177682298679 0.7544699215667539 0.7549082097622571 0.7350921076849394 0.6655635544131269 0.6902653271641513 0.6895474673425233 0.6560228698250311 0.6258703209860355 0.5778041028150174 0.5629044718538899 0.5505962126205438 0.6237668748574513 0.670195457715467 0.6842175867508365 0.6787350809776937 0.6502358002376979 0.5891673103996814 0.5752864843974446 0.5220834106225345 0.4776645965709679 0.4384617727752196 0.3722734810726328 0.33028147873649577 0.3221543049806976 0.29715537618618076 0.22198023974496903 0.15734380856620064 0.16694400603207546 0.13392799180206783 0.21293002152765214 0.23136434706246384
0.40770332115590757 0.42946650894719274 0.3981082542354302 0.4487191911351542 0.5073006081231294 0.5755801013335242 0.6239282463963776 0.6204530479927884 0.6430570760667417 0.6729022439245845 0.7091549741458877 0.7099810532799636 0.6790067271713285 0.6919027806395901 0.6906587993987892 0.676539995121709 0.6474178850446382 0.6243821170440722 0.6494251892174001 0.6044373105037852 0.5991138347127651 0.5507015760985511 0.6075092312464925 0.6297782625984392 0.6723172749358574 0.6750287616438427 0.6666720574549472 0.6665785258280615 0.5708234805952778 0.5472178923156334 0.5187104456593216 0.44987105612167255 0.47548212019319464 0.44460492663329143 0.35860268206510454 0.3384925066927638 0.26432266170823465 0.2399057586419777 0.1913567298332926 0.19847284940557744 0.1653962588755528 0.2107217053874593 0.19429257547739237
0.4260880667920921 0.4566026132247109 0.4188047239579582 0.5021594831650985 0.5650854338907212 0.5864750899052993 0.589652220915873 0.6034783114456732 0.6643088098623288 0.6538445311464278 0.6969275787294593 0.6916527736726926 0.6850904162403874 0.6511752918290655 0.6702228454572438 0.7085837442664993 0.7001649245172994 0.6219989555877219 0.5911638716698394 0.5654499560169188 0.57400998848677 0.6165611881133044 0.6388670625708817 0.6718895645876107 0.6757382321037902 0.6341685003252651 0.6706388392692185 0.6622604018267297 0.5955277920642408 0.5681202338672862 0.48191852939141083 0.46564222422504425 0.47504822798952595 0.4356535529676612 0.41573136691114726 0.38841284200504256 0.3038051404261106 0.26008510253996303 0.17543219616684047 0.19271989384777252 0.18414000229048638 0.17878092882688457 0.16131083207515856
0.46989186009768663 0.49486671890846057 0.4895760964294164 0.49074240996206775 0.5604272798430929 0.5852372093495358 0.6385247725248334 0.6483681990911405 0.6104585122502276 0.6328680135547451 0.6258628692084672 0.6120250235951308 0.6185539988760267 0.6485042032304057 0.6547523635495196 0.6431666189112901 0.6619438418691856 0.648171464581719 0.6072038060534328 0.5822184156756143 0.5778957538262074 0.606211115970466 0.5942235708604156 0.6428184783954055 0.6090915201561884 0.6548565731475327 0.6444678696552848 0.6708872128336083 0.6305955187953357 0.5923531789010735 0.5110587706774355 0.5529143999179752 0.5495574802919423 0.48317742851795076 0.41834301991681033 0.35611232678204746 0.3107343630729885 0.2757319443354352 0.27634332453440885 0.2501744431828765 0.18548706197713832 0.19646682152361103 0.18778384865472267
0.5175094603990482 0.48375784432599 0.4841585961902222 0.5552952012117356 0.5927620977843464 0.6296275562143386 0.5998745017192428 0.5733001068655653 0.5973305346854989 0.5740311404762822 0.5759794970348681 0.5565553829394746 0.5679887583269181 0.5827934181478585 0.6392870000405262 0.6368934597749418 0.5860496601001106 0.5910078827266619 0.6313979479767384 0.6346167707192139 0.5902724334622749 0.5919813383929141 0.5585328649793704 0.5875558798312539 0.5684107020760432 0.6236876745754156 0.6815478291905437 0.6489794167936156 0.6315414396174802 0.6141673920171965 0.5605767515449458 0.5739761950540124 0.5712658005273268 0.5224176247491907 0.4887141353452033 0.41789183688047965 0.35657892844829714 0.34354937617609227 0.2994419113164905 0.2982994854826108 0.2200151179362041 0.26721289395783304 0.2596402215407967
0.5097534644360671 0.531018031475191 0.5378752964038589 0.5891487478375368 0.5661836578852821 0.611845030926098 0.5670246820243877 0.5734912761207238 0.5823593053773312 0.5730590310390187 0.5318686524168516 0.562999164726023 0.5580077881500873 0.5962097034533446 0.5721357370353268 0.5753896419649919 0.569495296702709 0.5820431672506867 0.6367896264639561 0.6166182481008593 0.651784029130764 0.6366209251939756 0.6254268305037846 0.5634647900580106 0.57387991942534 0.6235715035236119 0.6203945091843343 0.6454900333224572 0.6098792807204273 0.5898438158680077 0.5692238335369213 0.5426548766870082 0.5510912360420281 0.5497955834586457 0.4792964061447416 0.4809824802139763 0.4532380653912076 0.3735853359559298 0.3645913199485127 0.3088657636756874 0.2871909479374615 0.309333577505457 0.2716293181156642
0.5532295173422376 0.5417781819464621 0.5874289518837152 0.6301576322346758 0.6154318929748651 0.5981755898992717 0.5582511400645797 0.5458247019996394 0.5410024136049111 0.5250917989098967 0.5271535351421445 0.5630587937131083 0.5964459708633048 0.5579016399824497 0.5850495495650665 0.5839528976309625 0.575778970065413 0.6100744944850711 0.6533635188824218 0.626073238811379 0.6373555490732695 0.6689427640126301 0.6768319766189106 0.6260010085756273 0.5805788947765844 0.575676880076609 0.5962150298161283 0.5904582594220719 0.6208421332692013 0.5638683429812268 0.5231136928553288 0.5102166114672056 0.5451580871840923 0.5694966191586838 0.5252608237406499 0.4852106630751001 0.45840181456302964 0.3896000530354568 0.3401084352014518 0.36285967002075914 0.36060582594256113 0.2894273458510101 0.26910015700767104
0.589803927779856 0.5724398391044735 0.6278039091571053 0.6406796654475275 0.631416442621409 0.5877726964809755 0.6007859537438062 0.5961372440396385 0.55408276220319 0.583282707450037 0.604757034176034 0.56979709351946 0.5543599206268103 0.5547721799035641 0.5517178843686785 0.596693963216407 0.5985414732434665 0.6412527478380441 0.6745810437822894 0.6447046122301708 0.6644750286955983 0.6676970323572061 0.6487250187570777 0.6377708703914244 0.6242113067459651 0.5795370966528782 0.6153584911605045 0.6120199309808366 0.6159872381958723 0.5643601010262254 0.5915528900119152 0.5739488460435136 0.5414614835192169 0.5475461593603567 0.5730881580546786 0.5329877562502631 0.4633430165139525 0.4552722380130218 0.4237537237955748 0.40080452408123285 0.3354110964004932 0.3209763329754375 0.30925596745146444
0.6314412286907531 0.6263570103049089 0.6322701882054961 0.6270725568187312 0.6587574577865314 0.6425331810205099 0.5820425317716793 0.6519787907619532 0.6321417723235764 0.6208683397056176 0.6224908903300232 0.6020034891526451 0.5688379080898073 0.5372449990052519 0.5529966337588805 0.6000864667027538 0.6589398465309645 0.67073294959308 0.6368475504471129 0.6458347339402942 0.7151109015352084 0.6788553757067541 0.7129828068652695 0.7025340324710615 0.6567723969984439 0.6347125864493319 0.5933893280943114 0.6198174800783226 0.5654845153288567 0.5576812074426253 0.5960575440924584 0.5601685098995561 0.6341836981237886 0.577237440892592 0.597321444248802 0.5340819296519539 0.5158644397960886 0.4548571357239735 0.37870494349984785 0.3844645279094693 0.40103801661048466 0.3417378276728891 0.3363899147069488
0.6124599087355557 0.6134583551805441 0.6583329126204006 0.6655950174622056 0.6360367403193021 0.6302430198385275 0.5855917936108302 0.656999020576412 0.6513018957089362 0.6627098201130454 0.6713555005916703 0.6218240539639402 0.5829728000127267 0.555364443447391 0.6198193206975372 0.612123369055184 0.6457352919764124 0.6260507958115518 0.6381400092591343 0.6663157050855691 0.6816077119514359 0.6789216827681683 0.6836018177301785 0.7067445154397766 0.672509750364476 0.6335074431608877 0.6082883502128607 0.6284143657964405 0.5728218845513724 0.5774474377825118 0.5997788938302385 0.5801390223281977 0.6281338183437306 0.61420843962737 0.5398376534100303 0.5360714756463703 0.47961533273451395 0.48014607987554586 0.46097869997800694 0.40425939660998905 0.36883614543144777 0.3412076370351155 0.3071644023337766
0.5718632705375958 0.6181028021840339 0.5807038274025005 0.6659214377697348 0.6600129931022712 0.6851126239295442 0.6165455057475995 0.6742566795155324 0.6854550944523521 0.6714670969689002 0.6822544975542308 0.6637862270481169 0.6040462953057154 0.6072160041055438 0.628451728401697 0.5908904930193803 0.6330238889776363 0.5989073500945677 0.6572051861798248 0.696394594381205 0.668533279651216 0.6515520003924158 0.6768587431789171 0.65116597377647 0.6518460434956566 0.6296850614890761 0.6457851222573701 0.6179606595309942 0.623472986189087 0.6421358858852744 0.6195713480858059 0.5964343835363425 0.6065495337058925 0.6020194887932896 0.5448110999494606 0.520659747428853 0.5169813280719037 0.52732405609212 0.5171698111121463 0.47269993829764323 0.44234806004756244 0.3952520781838447 0.32571099505022344
0.5736680823826166 0.5837916775725966 0.5867006254275875 0.6551780682907441 0.68184225470458 0.6975497340237409 0.692147111889945 0.6393018494571198 0.6383125687338227 0.6578822729760176 0.7004588684963848 0.670966330271058 0.6209651985773998 0.5945224301514684 0.6297119829433491 0.5858290558376356 0.5698227750157479 0.6179994665452011 0.6439663235410585 0.6560152522109977 0.7035132267739073 0.6956762283070004 0.7358155285736644 0.6826469228592761 0.7027920363316679 0.6375084811063688 0.6018789291358426 0.6387615413918702 0.6430402590678436 0.671160146427028 0.6623138476981861 0.6625108856983442 0.6317139970692943 0.6657835342738573 0.6443371089820742 0.5679919150627148 0.5503134364039224 0.5806854390310555 0.5535813219404362 0.5255285645494472 0.476587939548273 0.4094900034056154 0.39263942565746085
0.6173318271186639 0.6315249354293287 0.6270062570321777 0.6270804612469787 0.7024679393077738 0.6999663089598716 0.7120341724746639 0.6692517083958711 0.6509704462025702 0.6294914983923281 0.6785167683073773 0.6522871181011016 0.6717721835670558 0.5899225398731202 0.6109327892059279 0.5596345931578878 0.5835094850526422 0.6039130304560545 0.6389730518685409 0.6496268518387449 0.6569692912684141 0.7018304108688405 0.7785303537731357 0.6975408553818976 0.7052144881698236 0.6694931681001131 0.5855833342806533 0.665647231033362 0.6705573990358085 0.6913430444660099 0.6905368984246215 0.6811578858503804 0.7013287167642482 0.6721035697092219 0.6864065275819057 0.6224671079053399 0.6580722300231604 0.6305962578032757 0.6485509313429065 0.5568419860053224 0.5471021091930343 0.4623503961129353 0.3746969302886602
0.5725372304250139 0.5664839918628877 0.6060721674949193 0.6550752119173229 0.6566522370077035 0.6107667976341037 0.6591178807345528 0.6103709585417765 0.6298569263746269 0.5896231474384696 0.620752044558005 0.6325627123983719 0.630415419732034 0.5837458594694388 0.5810284570227936 0.5656225026975055 0.552008504050722 0.591770559260785 0.5896727562399068 0.6008537107176257 0.6580356416779627 0.6775249895463124 0.7378559287826608 0.7164391818090988 0.6682043497509189 0.6388196530159482 0.620785952703045 0.6801522742712224 0.7213477298926543 0.6992827986000585 0.677411433402178 0.7195685081448612 0.7131669071259673 0.6973947420280435 0.7011544884573507 0.675480055559714 0.67569619243115 0.6336573506842764 0.5839504273325313 0.5465736900507997 0.5373795186779877 0.5330969956162106 0.4668230953882417
0.5323741336668468 0.5637853778815455 0.5688145538867371 0.6026647931373218 0.58334827429997 0.5965199256584399 0.5645666703660654 0.553596558397567 0.5754641545691382 0.5347718101983552 0.5748116377884127 0.5718222104310028 0.6310340960858708 0.5606009112068111 0.5630989735524154 0.5869759939874666 0.5662219798112803 0.5893988141657169 0.5786659798696318 0.6033953576758628 0.6022489611816337 0.6297865632737328 0.6564815433500841 0.6838005730489204 0.6953153164351976 0.6499304864386876 0.6575655461737254 0.7065140773409626 0.7009783265142624 0.6698560532028439 0.7102027940301062 0.7038722898928325 0.6536881056173197 0.6426923897470269 0.6193736986476037 0.6100484076891738 0.6320269985741288 0.5872216102454545 0.5643307538747032 0.5935862228660426 0.5576429264155247 0.5319631745163271 0.509327479973371
0.5344070567491843 0.5485839450578476 0.506365008261246 0.5122756017884108 0.5239169116903791 0.5421438685714514 0.5679516404813064 0.5975640147995381 0.5470453535816191 0.5383155346155443 0.5333710144365761 0.580350669150417 0.5970338333499168 0.567815148010227 0.5803496813052601 0.5443211999534764 0.5347196054739081 0.5766028094428134 0.5491735848327882 0.6088163453269119 0.5771642840939976 0.6120910875262272 0.6516357430186139 0.6826055363050237 0.7134611781628868 0.6742994369712533 0.7045532573352786 0.6677477675914832 0.6842483410750776 0.6653753113794615 0.6879100971379665 0.699201828922901 0.6684743260000011 0.6310121259837681 0.5956850461545378 0.6287885110365067 0.6516903436721087 0.6061607729446096 0.5739591429724129 0.5647462833427139 0.5408271487766175 0.5300810726475401 0.5214297166639243
0.557534695101603 0.5141649920566315 0.49986060441859803 0.5214850916831824 0.5393612624768037 0.5830300451975747 0.6195137881244221 0.5801098458497006 0.5237973767656326 0.48345641488360225 0.4869459746193641 0.5539405915455978 0.5369557783242458 0.5742768505057605 0.5536222327069094 0.5717357571746452 0.5659956806487487 0.5524269873161973 0.5509802486920247 0.5566369379478103 0.5859942216832101 0.6204167794778686 0.6014297494740785 0.6667843189931305 0.7160077477382868 0.6689346432586976 0.6784122084273635 0.6593282216925908 0.6821111538763998 0.6458116611028971 0.6227883988995423 0.6669301505026216 0.6790734664006188 0.6932610848992952 0.6423321113311484 0.6435665319949385 0.6621627028205805 0.6106669996700396 0.6356401443798296 0.6170361448714776 0.5644152418892252 0.5426985176398297 0.5196652541840765
0.543916839004486 0.45626657431058765 0.46954518702228704 0.4661267751735031 0.49957733100762763 0.4997884851514438 0.5097712011466877 0.51851794080037 0.4879429874868766 0.4472856673696222 0.4718735818956077 0.5235197589812277 0.5357381868435935 0.5455749342366377 0.5160725799756657 0.5255462914214486 0.5185075275907681 0.5385622627506064 0.5527510291607016 0.5910531638374453 0.5903657477345723 0.5994993321435999 0.6580396510530835 0.6637233574444786 0.6724263169053175 0.6765655051806857 0.6952956760425303 0.7271036547844354 0.7376690078124009 0.6674376600973412 0.6638349606622015 0.6785760445469877 0.7067963871071822 0.6994421378505408 0.6516967102366505 0.6462194025621736 0.6162774335321927 0.628832275296146 0.6643777755764345 0.6345160151533447 0.5658123982245538 0.5298717962150704 0.556486551382603
