Raster_benchmarking/DGGS/continuous/raster-489.asc
NCOLS 100
NROWS 100
XLLCORNER 1743168.465259257
YLLCORNER 5469284.667603099
CELLSIZE 10
NODATA_VALUE -9999
[rows 0 to 18 of 100, columns 0 to 42 of 100]
0.8038400079928438 0.766706938775791 0.7797346545730303 0.782946952299997 0.8070830789970059 0.7889612206212424 0.7940925004323748 0.8265809203043661 0.8448899594246523 0.8633813736559384 0.8488311954364914 0.8466325472804819 0.8230382355870771 0.8495976993312988 0.8336011139624292 0.8309163943222941 0.7984565860079481 0.7913419550294095 0.7841434857347798 0.7686161089853026 0.7339778226182355 0.7052020327413179 0.7272086850824245 0.7160616908862413 0.7365828459588181 0.7594398654361065 0.7398046279380424 0.7364641779744768 0.7122795458160158 0.6913917202900419 0.6654077151269028 0.6754323205152906 0.666007664649723 0.6754685483456733 0.6830446059895149 0.6986560941783088 0.737497531483089 0.7486956415891085 0.744881039115913 0.7165559322750537 0.7046575994542768 0.6926777442623491 0.6707724468993421
0.8002691544139505 0.7634766501002356 0.7667402911736715 0.7676557586139137 0.7920154776298509 0.7867495824117501 0.7984282315321893 0.8385680722741922 0.8398298088176002 0.8720962790453893 0.8621018812664727 0.8459757279724394 0.8110911787742691 0.8087157275022558 0.8354150144661661 0.8266020558220151 0.8164899319778227 0.7846186721817481 0.7706481053604323 0.7540213353975922 0.7463408536534039 0.7567062321133569 0.751462268804231 0.7423458016410559 0.734918924403733 0.7648229053169008 0.7665132319812703 0.7572434344956308 0.7172106039452868 0.7129480322230809 0.7062138322611136 0.6887341910685346 0.6977115781959858 0.7171374875570488 0.7236944785210475 0.7386497105085709 0.7431445294722049 0.7484470146623711 0.7321978630668224 0.7256685247626459 0.7117345397790901 0.6790417837572543 0.6778968256164625
0.7704410075100164 0.7447531205665783 0.7441935758934682 0.7392674588326335 0.7727012633794773 0.8173028165642258 0.8325942351055484 0.833875231594305 0.8240977751852111 0.8439777540875747 0.8563266098390565 0.8219586430187451 0.7974041082135438 0.7926801174818613 0.8071359877412086 0.7920659294974217 0.8128690245034518 0.779121488722165 0.7523865892218721 0.7468728943306968 0.768283857514816 0.756709578342114 0.7777802329087063 0.7579246133089996 0.769570856909222 0.7755532441549767 0.7620611812464807 0.7707771867025152 0.7399277480247365 0.7158471972153874 0.6988497657438115 0.7055568107842457 0.7409365381242845 0.7465286117258049 0.7363145932199673 0.7197741817109079 0.7476497602218573 0.7675950969531371 0.7543899019076448 0.7334643709335299 0.6855769845784841 0.6728116030189498 0.6606607839073291
0.768773484574501 0.7450489849595445 0.7388662951011533 0.7472503571982559 0.762153109481148 0.7918326959168825 0.8053396552243994 0.8213411834206609 0.8205636192069167 0.8088944499830627 0.8241647408047738 0.8244789453355885 0.8032673137239191 0.7838305699525812 0.7666463642756398 0.7720338156212674 0.8113167694880024 0.812359325491058 0.7809922898365451 0.7487859187614998 0.7521419463788422 0.780057624228834 0.7802279136389532 0.765489163357575 0.7935805954757327 0.7846005682789511 0.8073218846658 0.7633188936654143 0.739530498360624 0.7102463765862975 0.7225685778301014 0.7452021652093961 0.7488332617065602 0.752469642549823 0.7438984879007468 0.7308776324845742 0.7305909774396345 0.7479452040734008 0.7299122694572108 0.7239931582255801 0.7025157118340531 0.6871261854392012 0.6651569988117552
0.7370420285031841 0.7383887051249359 0.7619497351111654 0.7614139356391966 0.7568077133750292 0.7812379179762948 0.7779270646213055 0.7926973034443254 0.816827893582706 0.8188685036580099 0.8128752339176432 0.8067715891664102 0.7803837274077334 0.7688104411872198 0.790054832340513 0.7896236932854594 0.8151068706479023 0.8116198210419376 0.8125896138917009 0.7748568388011328 0.772236550260283 0.7607403086794878 0.7729016710731651 0.7896038866681029 0.800027678534464 0.8006921798415436 0.8090794511442971 0.8100274261189678 0.7605291910465702 0.7362502469389325 0.7405945349922766 0.7618913680342698 0.7758693153858762 0.7599735562407167 0.7595536147490308 0.7449117453193362 0.722314696032217 0.7402239948433643 0.7449284229725681 0.7373557891173802 0.7075866009962579 0.6768410653233433 0.6739871675060091
0.7515896300397592 0.7423113263020236 0.75918457044502 0.7423568020690505 0.7402464973456847 0.7606985479091528 0.7836846231199129 0.8002199455560258 0.8193873960232023 0.8241022517959397 0.7967237573578257 0.807253655059845 0.8213242443510549 0.788358979423227 0.8071064556723532 0.7983455826956529 0.8179035299895989 0.827750017362975 0.8333137202198103 0.8156260033004835 0.8076590475770519 0.8092604993194009 0.8181601002630722 0.8421093802237472 0.838670245192646 0.8441592067047186 0.8381996136074347 0.8299021044601477 0.7952143114861618 0.7747995424050194 0.7970335821143454 0.7695080194188197 0.7751904603882778 0.762057932247612 0.7576066018604021 0.7393869573571437 0.7247600168338196 0.7152020800432202 0.7098645726904884 0.7083987343139639 0.722480536332077 0.6976070046356531 0.6513958194721051
0.7650780043836563 0.7423505728384201 0.7418041519238628 0.7380144498634824 0.7526500933545448 0.7549935468993235 0.7702040856622024 0.7873961012557995 0.8042230025772515 0.8093929989001964 0.7947725042972453 0.813724153198512 0.8162408807893756 0.8255388766288797 0.8011609578779052 0.8263251108135715 0.8361067715962255 0.8651973772615973 0.8471152173737968 0.8458639218751436 0.8301846794049336 0.8352147485196801 0.8428827972702592 0.8471031926465008 0.8752840500400549 0.8732496398028248 0.8578372390414138 0.8450510972678228 0.8245511808398741 0.8435350955961555 0.7939784710672072 0.7858793762501288 0.7756808361419892 0.7593844129730941 0.7607326679674885 0.7461886074417825 0.7212100460941984 0.7114572028561175 0.7270882678163688 0.7173237234122779 0.7253773921153367 0.7007791090038069 0.6852102048806813
0.73490991118628 0.7131108462202764 0.7260293792175653 0.7299493032261648 0.7257444572027623 0.7573582738807882 0.7447331032336219 0.7755900926931149 0.7690759815860675 0.7767223768202379 0.7804959167602545 0.7822846788574231 0.7968050926784673 0.8054093512418611 0.8190186595553042 0.8252722705739006 0.8335343784615743 0.8559509698969979 0.8602209735893025 0.8757042322871071 0.8569135144964598 0.8521536874597009 0.8586464234500153 0.8532166758354041 0.8823041853512664 0.8809720972494763 0.8744647971370526 0.8638335789250563 0.8572857919158271 0.8657056041102014 0.815767621563251 0.819203119720526 0.8023863771671284 0.7675399559120095 0.7471844426693796 0.755465556921996 0.7658724744785138 0.7431010914042474 0.7366096441854798 0.722439715450638 0.7107816202137169 0.7066965756114008 0.6958253093334116
0.7270116966367338 0.7062812540621878 0.711678522575703 0.755429626740755 0.7496261044011683 0.7312028947035029 0.7580135212267144 0.7420034949856332 0.7653621473991419 0.8014630778211929 0.763657059568378 0.7723814277268085 0.7731722007474403 0.8146340415496909 0.7938933191026891 0.8131469867318812 0.8606062739075195 0.8657397635016745 0.8592193726869696 0.8937420754024392 0.8957099889925719 0.8952282699565187 0.8854428001495462 0.8711956090420024 0.8962993961598397 0.9106790983963863 0.9045966992846894 0.8902795795345413 0.8738531716702703 0.8858596476249319 0.8253044636615138 0.8179935538796389 0.8137265753354749 0.7874793839869318 0.7713866528070039 0.771540574567424 0.7630302899233097 0.7689164223239419 0.7652954646107146 0.7404112215501273 0.7184522609315582 0.7048701567470577 0.7147704996062867
0.735020975062977 0.7155656837575513 0.7301554537536238 0.7575927783050544 0.7416562806526126 0.7253759333240041 0.7499895122683832 0.7451829987507486 0.7605096923369525 0.773769414918591 0.7703246784278474 0.7860714479485019 0.7848307429610353 0.7953981930340842 0.795665989360561 0.8242782479226213 0.858026811275881 0.8527480113549012 0.8603121728859918 0.8786966822190029 0.8875439170709116 0.9012063774253468 0.8793480234603634 0.8719689125220892 0.8988006119486462 0.9175004767233814 0.9358964504137722 0.8982969578841127 0.9005330617224311 0.8935989602779167 0.8493010782044336 0.828784969663698 0.7859217489364776 0.7990278832799704 0.7858349944690345 0.8056529087083165 0.7985461558308984 0.7662103597027146 0.7403171035604513 0.7340872799639342 0.7167157561838488 0.7126030226249777 0.6822558993647646
0.7183382160155876 0.7272497915512047 0.7395269154533713 0.7303207405702237 0.7413451524570566 0.7195876239688034 0.7402415212731585 0.7552139560311103 0.7620644220694816 0.7754080441319283 0.7568409504940293 0.7615544285942638 0.7565517209392637 0.7815076443254847 0.802802298403523 0.8233480576620172 0.8462795308523671 0.8683378100019217 0.8649054679786901 0.8900169334280859 0.9083542268389544 0.9170086612854407 0.9019044170978318 0.907748427893466 0.8943357814123591 0.9420095252824003 0.9462683334110471 0.9228079399634815 0.8861800436238471 0.89544103457001 0.8669702115385619 0.8353083522920106 0.8133281849132481 0.7725501443378898 0.7951661524386433 0.7940568661968276 0.7846424587125498 0.7895735378906319 0.7538463576858027 0.7319706310857375 0.7149771117031329 0.6897696732267962 0.6590628604439932
0.718561129093864 0.7453554254432101 0.7420402859047888 0.7459023456467991 0.7162387880652745 0.7226090412648242 0.7382793556426377 0.7440014365578353 0.7764482582264879 0.7727294201429965 0.7843832796251958 0.7691503100026543 0.7607740496074005 0.7647676013649972 0.8035793263502764 0.8121841382507128 0.8390590513948507 0.8547349005432051 0.8636014712974173 0.881708417815884 0.9033734313891243 0.919837216773872 0.8936635001862026 0.8920098359431227 0.9058096652333836 0.905124003488181 0.9178030403113713 0.8830453091560481 0.88995563034432 0.8787488768953512 0.852060035196052 0.8387455374309721 0.7909883266694078 0.7697848047562134 0.7588410722753716 0.7548672883448149 0.761422584803367 0.7546311670151828 0.7495215481113743 0.7108216311151913 0.6963242542294583 0.6718522039012496 0.6739234233945027
0.7357852352579893 0.7236779845468828 0.7252770094653485 0.7393273896050322 0.7304720776867222 0.6987872329554968 0.738781762219291 0.7558871204895921 0.7692758513957069 0.7487222898588468 0.79367910297158 0.7808353057774936 0.7812619744119182 0.7665779584112529 0.8114175620013533 0.8029343003562601 0.8080785599663767 0.807210387339321 0.8179884547607637 0.8546930869900112 0.8622267753380137 0.9085845841191 0.8993864174131354 0.9051847659326393 0.9036414382260447 0.9022269267870289 0.8695562641892268 0.8603486746536214 0.8551407228177667 0.8669398554300131 0.8232212702778844 0.829706889797121 0.7798321096322017 0.7533181605323396 0.7679159978357198 0.7497767441284414 0.743364292947767 0.7682223889588129 0.7257882903715064 0.712263162450059 0.7071427836783004 0.6948815519909395 0.6956012811488607
0.7117794012264853 0.7147887238458867 0.7365820868927632 0.7193895588607544 0.7041208025022263 0.7033655959917353 0.7240726235494731 0.7348307688830341 0.7451043981021472 0.7498343097459299 0.7898879804939787 0.772291791344059 0.7954035000128268 0.7831460193612783 0.7945442641805748 0.7942365295949088 0.805816318759365 0.8248548103898368 0.809939591321777 0.8388507882993628 0.8477713379467368 0.8788828663064017 0.8737557814793436 0.8828635434154122 0.8808071964850304 0.8644212165000378 0.8770150317348373 0.8664240899259174 0.8459478399098219 0.8468086488540371 0.8186989871603804 0.8225834541436446 0.7673943721430211 0.7306162381480361 0.7359277737143147 0.7402854487334518 0.7527345338491274 0.7547749438090988 0.7175007063824013 0.7029375176252003 0.7178871122886415 0.7129599689428556 0.6923478132792369
0.7030318212860239 0.7353130434092089 0.7263663141057759 0.705820875392358 0.713389783835552 0.7234078348766703 0.7132302747933987 0.7319080514993503 0.7580816131534607 0.7763518433599412 0.7913981016579885 0.7935131136770234 0.7817384077072498 0.7615958937546504 0.7772661300003466 0.809774438359949 0.8090093097907208 0.829710880134404 0.8301171198363039 0.8069260765131012 0.8191143767303677 0.8655766859048635 0.8458439892674255 0.864169578062497 0.8833087723116724 0.8597743277144092 0.8642663658569851 0.8562625512462211 0.8556198052281568 0.8282043849290629 0.836602524015734 0.8224300733883605 0.7792567310830125 0.730949278566522 0.7198434302126897 0.7205742937690078 0.7443990080635446 0.7405444212705087 0.7139008160389563 0.6989581850446219 0.7049176113957671 0.7053230872688773 0.7017471719303215
0.6970145640117154 0.7139737176532929 0.7086187181878287 0.6905104028864985 0.7065711246034043 0.7190003731632639 0.7173588958671817 0.7616238962017335 0.7715515791663725 0.7797267963536054 0.7743214998760026 0.7612264169146566 0.7583724134224025 0.7743437853430253 0.7592573919449035 0.8055227162601167 0.806913828715638 0.7939651625437443 0.8193568403101328 0.8257126525141255 0.8303555630272242 0.8549887571494968 0.8394808549753892 0.8313423167331206 0.8572260759845849 0.8558448613000984 0.8553197357429762 0.8698929893285439 0.8755434764815716 0.848959155679718 0.8426384405302512 0.8123535390185191 0.7625718952472743 0.7451039902104105 0.732507813506818 0.7252415350780269 0.7062179258255995 0.7172727514739267 0.6972820438471117 0.678651462578139 0.692413583465805 0.6897411376836569 0.7029580434161022
0.7224813478982187 0.708743050322901 0.6944815712680059 0.6936060831572127 0.7067424642279577 0.6536947287150525 0.7194284856754295 0.7567908590707237 0.7579642243639559 0.7920693285185159 0.8095137932626078 0.7883003951155786 0.766024198284652 0.7652770407696585 0.782476030274049 0.7763995808675442 0.7735305601866417 0.7943815786494666 0.8153002267767036 0.8359038137103774 0.8553693697007313 0.833500316782413 0.8383203973535529 0.8383679980027401 0.8513593311425096 0.8349366078190226 0.8599127278343482 0.8840742615694215 0.8506591566963464 0.8554470221256849 0.8497002101831554 0.8238232994187292 0.7618673026239238 0.7217394118907237 0.7134860312190903 0.7188067929271512 0.7136121417855588 0.6891202288456105 0.7094967889386937 0.6987365491066162 0.7185950777412025 0.7129041902214776 0.7229850906169799
0.7116453117321617 0.6971743088000617 0.7026614992577994 0.7108578268002256 0.6961092801729896 0.7111552442725969 0.7371741245023625 0.7406296741593005 0.7609971753528749 0.80511492354106 0.8152574751889572 0.7865947755800872 0.7698655267948034 0.7692590842193693 0.772199205177191 0.7914065808880951 0.7875365411523076 0.7985902993567614 0.8225605083419193 0.8482084311138537 0.8596388982625864 0.8538316529474324 0.8299227946259151 0.8334360938933506 0.8528659908424363 0.8441398088427424 0.8688612141251965 0.8747281294477836 0.8660293528135258 0.8602879319097215 0.8114656713150589 0.7763803668441788 0.7736121323932809 0.7369388832491298 0.7389985089157477 0.7364980236074385 0.7367063100694601 0.7412166655660715 0.7208688432370663 0.7203398255831881 0.7339013922845695 0.7296640842463649 0.7079652000334925
0.6870609337434392 0.7005263196664574 0.7047648607780428 0.705667225378847 0.690793910789649 0.7222827920068036 0.7380894182968879 0.7539104366507113 0.7820535836622933 0.7979640788168677 0.7913691530884689 0.804958540813957 0.805790776989861 0.7889510211849962 0.8046246661087391 0.8235549317592598 0.8432618814412705 0.833802836197233 0.8270091833794604 0.8377070929520248 0.8671538733578759 0.8555651318136872 0.8402961973048816 0.870502789013087 0.8786083805824139 0.8796986552733399 0.8495614386504421 0.85907216738085 0.8497765191650402 0.8305097244395969 0.8144283019833582 0.7697656562037769 0.7715329331131923 0.7863068511530312 0.7748696158403747 0.7703640282393425 0.7862634059672482 0.7872574337606708 0.7460083360449655 0.7655569413830559 0.7600716394275845 0.724442970102199 0.7176542736038379
