Raster_benchmarking/DGGS/continuous/raster-464.asc
NCOLS 100
NROWS 100
XLLCORNER 1743151.822352794
YLLCORNER 5469287.048969172
CELLSIZE 10
NODATA_VALUE -9999
[rows 0 to 18 of 100, columns 0 to 42 of 100]
0.6284057367809518 0.5730686710997643 0.5698194908764542 0.6090447493996374 0.5580831745763136 0.5649891008531671 0.5375094392179022 0.504240298880266 0.5499958161016327 0.5902182691574837 0.5921515024441255 0.5580805477391861 0.5848408616789708 0.5597297943752695 0.4909709236261153 0.41857346070384405 0.43601460295895056 0.39683713931465686 0.3671175837751913 0.3112016415593319 0.21955871126483828 0.20170845156157788 0.13358901857251237 0.11364044191996178 0.15055115373518488 0.11952883750050354 0.06639772302405897 0.04395575321276349 0.02969568900819038 0.04347940640382114 0.062326537957829574 0.0716181653376173 0.07243841265537565 0.009502780791953725 0.035434465247568575 0.05476616584506095 0.10000277858323918 0.0844562864791105 0.07850106211779964 0.09055047220707707 0.10609820366242732 0.16850759944865842 0.1646404780135529
0.6317292908788544 0.5593757542167198 0.5516040690185524 0.5611943802295994 0.5485971593068781 0.5246377279137014 0.523552366281291 0.5486162530037306 0.5419894723900859 0.5905719417447011 0.5600395127982769 0.5567258763705958 0.5509543050099917 0.5242903742598174 0.476219463308941 0.4794641373905679 0.43214924404537347 0.3669338063611908 0.3423176337418501 0.27900982312747874 0.21644020969519348 0.1800068543297632 0.13516963859155265 0.11693244940482601 0.10905146292970426 0.09131519463506634 0.09770688384348424 0.06411077395587693 0.05156244724631118 0.06098772582529224 0.07879445823052995 0.10302946942074849 0.06249798182689366 0.026947626923089222 0.04115925279969726 0.08547926398637679 0.07068808819017192 0.10146929491106775 0.08425912273562991 0.08880430514491666 0.1145102359826054 0.14474624754749219 0.1999683357078733
0.5644608830491521 0.5409317128096757 0.5431010453512451 0.5511733639812706 0.5537847067485667 0.5324361291112882 0.527865256049595 0.5596781775534485 0.5241132615097607 0.5713457023213705 0.5208358442913213 0.5034110253599137 0.5261293053367408 0.5518020772771822 0.525653764253586 0.4878661632846325 0.43941144195667753 0.39567691805573924 0.3396417688972921 0.2970871809093105 0.1891891509018845 0.14114440244032633 0.13525273508348906 0.1534371295875812 0.09590490790611735 0.051118858653341384 0.08239990604188661 0.07448261833772897 0.0843392310453437 0.05425178185177193 0.08999928997101446 0.09326061268904808 0.07555601163604732 0.07038522623341559 0.06283381438896701 0.0806971836300156 0.0770445240202021 0.12212558619551195 0.09517075838796933 0.07639952541696897 0.1258235695241832 0.09551254928319867 0.19287292727161223
0.5529537580686834 0.5693665775620502 0.5403634455105556 0.5523302572630303 0.5335264561066059 0.5432637131462182 0.5537758314542339 0.5435849837116118 0.519716135928811 0.5551621762057587 0.5319439864916921 0.5061927079463773 0.5452600018418029 0.4989036102336012 0.4751095896923704 0.45801631869981374 0.40669524220689696 0.38315310330357166 0.31514978391920745 0.2798576475141657 0.19523560188684275 0.16767299439967118 0.1501162180973672 0.12229721332099801 0.12098713915608907 0.05379658847241645 0.05494468575366868 0.07831857122010544 0.054659656937542475 0.030791675213733667 0.037160097622504475 0.07517288705835622 0.10327610659812879 0.08697765879564429 0.10924881387099218 0.10644497063976917 0.12996597545795482 0.10083540100367577 0.1013854225898523 0.11879758025360813 0.1550835600712475 0.12886104733268758 0.1771766456503941
0.523939323592314 0.5672098225884912 0.5616928799028924 0.525580734704366 0.5478839032245829 0.5072036082191693 0.4973229456993505 0.5156125428239374 0.47471272909439455 0.509470215194044 0.534867789334996 0.5182120661715812 0.5093017037135504 0.5085755007755262 0.4736196997654185 0.4065919014190123 0.3404868597480067 0.3224533730637282 0.31263234693942765 0.25163296578045746 0.21832319994072544 0.14004785676106485 0.16542878162388 0.1560315452201759 0.12291055726684551 0.032819059874619354 0.02440017211943557 0.021482060243893285 0.005436652550946482 0.016829558931582726 0.042914796837218716 0.09764975222146512 0.1108702344973985 0.15071853003107838 0.13202272185434802 0.1345398347697418 0.0928694207826106 0.09621591303116414 0.12522657585130725 0.13713924127615137 0.13814888638619477 0.2003872720816921 0.18649048649968952
0.5274585460844732 0.5176268617068808 0.5330125106309289 0.5241845075067331 0.512572307569247 0.4800152501529328 0.4571800374652164 0.4620926354802817 0.4539794111876013 0.4407930239065374 0.46619110191245233 0.44380527386899354 0.45588917600409706 0.4675818910181923 0.4100634025921536 0.3635437302620397 0.31780164269382666 0.2886653205315508 0.25864098807775304 0.20821674011753086 0.17049775546720639 0.1884980085231816 0.16872326849311642 0.14736030516795673 0.11679417375838469 0.09858337021444481 0.04277229234244278 0.04487380092986069 0.03366915134586719 0.013301757133517812 0.03124645808136327 0.10519725754905974 0.10700398032015211 0.1327815632364845 0.13398793934950037 0.12244647896019312 0.09993844176183614 0.07337485492962204 0.08900431664235667 0.1014341429415944 0.15655547847446397 0.1975404682222604 0.21962685092982817
0.4790638527105668 0.4685161456054485 0.5111108911300161 0.47966872272571964 0.5009185335299239 0.4297998191260143 0.414637105261733 0.4275957623413215 0.4415787215503544 0.44522931176066205 0.45318363062620814 0.39447924472918106 0.40375078871166187 0.4070745588459572 0.40346579234439434 0.33624846506160433 0.27208577893047275 0.281096811481764 0.23280209047314504 0.18677238983677663 0.14675279174749173 0.16142357894623022 0.17798590232695985 0.14016897019128846 0.11274824977186855 0.08517180536785106 0.07249125552186476 0.04999598819684836 0.05275182226839239 0.0 0.06257794507060055 0.08598627458540643 0.12592967336268865 0.13660742508777565 0.11067901591931158 0.09893448927544828 0.09894541947204323 0.08802285996624014 0.08694045685022664 0.1266379194470973 0.13494301903373193 0.18015686983789228 0.2195836755827112
0.4808251329713502 0.45227596282464394 0.46934412931992336 0.4846417231910118 0.4703581217409079 0.467332471242956 0.4333492843183913 0.43344078227814165 0.47209235286490103 0.4481242361704994 0.40345794775713484 0.35031706148811603 0.36766960040039876 0.3779474350384282 0.3609730344222378 0.3255721358579954 0.2654889973984332 0.25128151058470644 0.2054402820134353 0.163754760356199 0.1504064340441162 0.14453777823516484 0.13270947966504193 0.15571768591058197 0.10397565127487629 0.11557890560347182 0.09749018739118216 0.10660827387865196 0.0688384207264592 0.029689568568505135 0.050140814928277246 0.09573332465683385 0.12635602069446034 0.124579657104181 0.11948092781962183 0.1128275316762428 0.07593570498229878 0.10753708114194407 0.08343506473265876 0.10971317031421528 0.16437451444148216 0.21353987835877433 0.2771448500068212
0.443583414247181 0.42843641932312476 0.464215814672128 0.471647057404541 0.5061391345810041 0.5101112478476386 0.48129841586163635 0.4522960699567865 0.4785734110848769 0.44629360757703457 0.35930660411009324 0.3396109989591299 0.3294357204505821 0.369626240838569 0.31660667086882904 0.2567407928337876 0.19072640778993394 0.1740391099860275 0.15110760083387975 0.12350719522003961 0.1544993063562484 0.13096493745904683 0.1292163726361342 0.1495333578863373 0.1250983760929113 0.08640325084995013 0.10389062264897174 0.1388919648091192 0.10754596731310928 0.07072334275016022 0.07014497185196064 0.08463789515826167 0.12611434648041261 0.10203471261550538 0.07333926111835545 0.08511627917233025 0.0629345110317917 0.07017852850497595 0.13690394643963047 0.16359393711344927 0.20590342639519066 0.22715045557739325 0.2900141373627057
0.48423182792673186 0.42478620176692217 0.44073742272076544 0.46071372517864895 0.4614160416317703 0.4783024026341071 0.47826254866355594 0.4796606005733382 0.45472618339249127 0.421470805411133 0.35934626012905474 0.34100884877255583 0.34914689846916125 0.29273440284192753 0.2631307368443479 0.23521480663570207 0.18309361660887177 0.17711902229705861 0.14446330876275557 0.14391960593690117 0.09927342964937273 0.09597291296957439 0.08708157647075927 0.15128067088070837 0.1567011105278436 0.10727574839073059 0.13086439743401057 0.13943036400893313 0.13337696408044838 0.10226208999724182 0.10645417146692833 0.10646873328123242 0.1392055396573494 0.12468027215816095 0.08584659271180614 0.07171505026119576 0.10512959285064791 0.10140112940879087 0.12730959380853366 0.18402859104201558 0.21532292753129872 0.26875610304692255 0.3478145541271568
0.5179904841976417 0.4396824094813276 0.46969865176111497 0.4765406495048124 0.4781719933216063 0.4950582780548317 0.44255413356229345 0.4488993222174094 0.3950614902280165 0.37140692394611297 0.3333782139696172 0.3552036340715425 0.30429381434718034 0.2981479299871997 0.25220664059533193 0.22256466590400392 0.19470809349526852 0.14418909662050725 0.1449635611643389 0.1459640073887265 0.08784907209798982 0.051514713036331206 0.055527145374438876 0.12886005112143398 0.16066891891273463 0.1467676457493549 0.1242746019978631 0.1761832413214534 0.16333275103282488 0.15486448011673928 0.11368587110340901 0.13948364164838745 0.15112239954542533 0.12280847408212855 0.08263090015537479 0.08274389126850579 0.13524079652304816 0.1287233543241378 0.13667105088251677 0.2380943317863748 0.25280805382014404 0.3230307797961268 0.3764507970527839
0.4982835048245044 0.44914493527875343 0.4767678568655589 0.5000417945673435 0.4981456651139034 0.4669697349338513 0.4079834141013635 0.37986883298708435 0.34383110353287144 0.3143048133657647 0.3132553916396378 0.296091235907421 0.30983917463804717 0.26542545488314523 0.21815135414289877 0.2223351197816121 0.18889461607983327 0.1429292337204194 0.09627052948502952 0.100764555951761 0.09934699783937774 0.053283953138080806 0.03737380664099189 0.09504097715917337 0.10963429485387692 0.11775707427459052 0.12923067592088874 0.14835330185015272 0.1604953520481915 0.1783593357064843 0.16013886030546273 0.1371697717197148 0.13670364827649 0.15297345095101625 0.11933782839501088 0.1360271826573603 0.12740247753883893 0.1286388547561532 0.15637712550985217 0.21122034639300538 0.258322332070515 0.3133136534517033 0.34564202500370567
0.5270259718857968 0.45963771339456233 0.4534891668510996 0.4913119465999467 0.4410902941447423 0.41904691370891434 0.387875156037933 0.347767278114083 0.3382609451796334 0.30332049154566604 0.31827204983622603 0.27962340811539244 0.23083309239785385 0.19815939954964906 0.20521516058500583 0.2037343547536223 0.13465153447626174 0.0985747225783917 0.10099832111899934 0.08374593098320275 0.08425899297317538 0.018713436436496485 0.061893379022120706 0.05177291068535923 0.07274751530356434 0.08697403778446632 0.13424912980567474 0.18108651183146457 0.2080702963781813 0.20830533742370297 0.16770815041719878 0.13173700346479153 0.15017334530861576 0.12976519829057837 0.14304993020614903 0.13112315529718443 0.11175231341813624 0.1324027441218697 0.18037960010844628 0.20490115042306256 0.28056253061321884 0.306797350916347 0.3275540444065936
0.5131387302207984 0.5107133674903607 0.4818515437213651 0.4476660683532798 0.44658838057488703 0.44212950601299356 0.3795374101960604 0.3588403068303977 0.32863219338968563 0.3088944437918836 0.2710090356981593 0.24288282592139102 0.22222052685440358 0.20725546404806952 0.21823429364708583 0.20857896075430643 0.15470895578624885 0.09324013798453025 0.08694046406477351 0.08323974540117356 0.09125684692429713 0.04544680165491951 0.038726726596798836 0.06051681600122108 0.08988019991710174 0.13187412682531488 0.1563873113293699 0.1570937350443924 0.16559702933117756 0.17308013677673104 0.13335822685946258 0.16674627686444124 0.14901112406085598 0.15798019326219173 0.13723661907583706 0.1628180815684901 0.13017438806501058 0.1624722312396135 0.19297174523181235 0.24683799158322825 0.2784343290460325 0.33812509776081234 0.33909101382606816
0.4994598347539083 0.523650157826797 0.498952901812283 0.4808742552332453 0.4652979880303119 0.43129532714343094 0.4083477644863372 0.4028428422071609 0.36476909807700814 0.2768102954442 0.31885268925461213 0.30219867191249816 0.274837217403146 0.20652987885184326 0.2181339075637051 0.1953921335612973 0.1720880255981561 0.12813269134442656 0.09931624562625649 0.09293185848192224 0.05342300766406135 0.06677274700249339 0.047499366968479576 0.035204633702753944 0.11032903053338204 0.13640603036695823 0.16672534975873374 0.13734920896859237 0.16557480208898348 0.1694982206536332 0.16401817946339936 0.14011993939816533 0.1572025898270175 0.11132683540025508 0.12282432615311359 0.17650739236029817 0.138741901062118 0.15597764080602466 0.19978251835019248 0.21541342200454072 0.29049849910973957 0.32901092199239773 0.3274290189648435
0.4996807477663439 0.5037009097702666 0.4873028086760052 0.48522561616519366 0.429106408842922 0.4009150291504871 0.4171094692868027 0.38378088238150276 0.35287631133208064 0.3476033392591628 0.31719021066106445 0.3089064299689701 0.2584937180769994 0.2323790753777003 0.19307568722297047 0.1980470306016224 0.13353448993275271 0.13879832533592604 0.1328020646446158 0.1118138913893229 0.05528838444904809 0.07760906486600788 0.07501495539027195 0.08366050069854047 0.07869937627068287 0.15568183566310334 0.16638483687102582 0.18919338066664257 0.17389133784230068 0.1521028077041675 0.14586353647519498 0.12242981363009994 0.12224959725176761 0.11145841139850822 0.1624968200603978 0.19508979594949688 0.18517975759444216 0.19429345103073575 0.22805435191042753 0.29557284302740244 0.31660454542742117 0.3197084159388533 0.3488796823525766
0.5051332851841521 0.44542278501134197 0.47562545849110327 0.4776777922863145 0.4198814573102763 0.42631294690599103 0.4425186256981284 0.41333563602223294 0.42182737405268167 0.4005353761106987 0.33312117293447685 0.3312768113921904 0.26951711059973693 0.2837944787542191 0.20687558652447535 0.18135427723698158 0.15128167084675273 0.11121800423079228 0.1530325083055695 0.10880452706398633 0.06987918424221064 0.0505029519147689 0.08188150767115125 0.06705932095998023 0.10820465229523706 0.12804386988409042 0.12248784196529264 0.17508641396929883 0.14922379239951586 0.1886732741147033 0.18904360838589906 0.1937921392037397 0.18894831525273034 0.15822965180583165 0.19117065132599265 0.16122872749381606 0.19357490290130144 0.24267344928099682 0.252066677486721 0.3088862087125047 0.35449850530938704 0.3703443521159747 0.3321419441764935
0.46622260238508967 0.4476887003053059 0.4622995096350505 0.46877521851530707 0.45593256275165833 0.46853444931521104 0.4295837576632404 0.41908887838927666 0.432363959360215 0.4164540553649272 0.38129582083575336 0.3531434216197454 0.28062839327036365 0.2706705373056516 0.22358408413555977 0.2213611798666448 0.19377861441478408 0.1479354721273343 0.14648943215778742 0.09801236826689552 0.109909545943428 0.07859203291263754 0.06812057022346718 0.06839215704621299 0.08568876437547929 0.1476259849933535 0.13260118641011498 0.17062462637816783 0.156307207124666 0.1404871347844875 0.17495633928288856 0.19189013369624844 0.18601307171150472 0.1913481831929925 0.2384275585330542 0.2486818627559014 0.2515483747401641 0.28278170695870664 0.31760355009034363 0.31144483596117445 0.32911826219056406 0.3615793879694787 0.33398429541922225
0.4796143301820348 0.4526077386527876 0.45383168306579924 0.48163902073918863 0.45020395000860364 0.4498130087811832 0.443342722757889 0.46686603381022534 0.43269081657759645 0.39732534287337334 0.370311019014151 0.3206041708030461 0.2750708535793232 0.2916720954323175 0.22400528406455442 0.22025712061212938 0.20410641990701733 0.20824329937259276 0.1561907098252269 0.09409205045083346 0.10622493114354054 0.09738085258868837 0.10236070503085745 0.09987654870899496 0.11448128273421064 0.13456167058903934 0.15878171247235165 0.14298121443648473 0.14193023861003107 0.1482648893156612 0.20279053890168935 0.18282958473997538 0.21154723595734318 0.23802151180931935 0.2874264529458777 0.29426627927153165 0.31100438946888265 0.29613538325797406 0.34156252906696066 0.36548391759121984 0.3739282025126971 0.3129479406794231 0.3505798831491963
