Raster_benchmarking/DGGS/continuous/raster-72.asc
NCOLS 100
NROWS 100
XLLCORNER 1743165.5060028294
YLLCORNER 5469278.892864844
CELLSIZE 10
NODATA_VALUE -9999
[rows 38 to 56 of 100, columns 43 to 85 of 100]
0.3742854666634594 0.3725501037683724 0.38927079189785024 0.370928163412011 0.3716542510577196 0.38611511597211295 0.3967430373250326 0.395010188418125 0.38541138383107676 0.37335691932694576 0.3699261994858755 0.39353828346474534 0.4029725307079442 0.4149128824173509 0.4363821774800037 0.3999575929719691 0.40050697060759377 0.37148723890707264 0.3875694875103445 0.3798897592458871 0.3869000488038464 0.41903944045511404 0.4306317799302922 0.40858278507477996 0.4151408259612284 0.4112381471430931 0.4256947189741396 0.44054274861175863 0.4317957637934576 0.45457744901389685 0.45562814227459214 0.4735545603183386 0.4600812313117159 0.47321098740730816 0.4671505916095744 0.42824258226541423 0.42005097136691355 0.44026892179574106 0.4540904991565613 0.4516309105483577 0.41976687052452 0.42483979126267807 0.40710119631955627
0.35482493548949157 0.36483566691924035 0.36614645106840904 0.38948436318428736 0.3782614500051064 0.3578266690527556 0.3643675554640769 0.34911550580110334 0.35290569254771864 0.3768927266462738 0.36989060497500653 0.39554310598859943 0.43075213112423094 0.44084951240274967 0.4372808587173157 0.4217001358134126 0.3987019232671444 0.3819742098469715 0.3657295455203415 0.38703569633428225 0.4052143483765942 0.4227504686531845 0.44987282811108864 0.4220625968368361 0.4277807731385389 0.42253097036076054 0.4043083947948207 0.4441852661526829 0.4473875584802593 0.43969751148378433 0.4359345635820797 0.4395418626516417 0.4482526529700654 0.47072748671286097 0.4699471414075439 0.4662701572820742 0.4425519605283769 0.4572636409143935 0.44459822871520793 0.44842775689328324 0.4443683130018229 0.4316096180727896 0.4453855141139799
0.3518717703150928 0.33329781295236777 0.35364452149748254 0.3690913120748044 0.3736569185511661 0.36135393686112904 0.3419440918591848 0.34187175625086086 0.37339388080651803 0.3815568569259804 0.39718102484984075 0.40513340715756274 0.4021687846622421 0.43668050189150764 0.4365340672158456 0.43100987822925424 0.41650475243771756 0.38309788656369914 0.3963403849118681 0.38511925090913757 0.39695459902601005 0.4314644626557011 0.43558906420680604 0.4448760933970237 0.4340816889290491 0.426699285404872 0.4268809846325456 0.4126518408659766 0.42586079419149137 0.4395673110227237 0.4417371567135648 0.4584030937574711 0.45798557988656124 0.4408290632074698 0.4438870253605291 0.45912894434806517 0.4492345327158296 0.461909019373397 0.4690108458140096 0.44768285926518003 0.4588555637261072 0.46616117898710363 0.45000882441359263
0.33305978124286223 0.3096256388598367 0.31723644856476424 0.36434743548310905 0.3744851761762808 0.3425773350155111 0.3466656729590365 0.33490668942175505 0.3627765225870351 0.3763734757721399 0.40367605172810694 0.3998802431490529 0.4056839606689766 0.42165827496133335 0.4202488180508916 0.42065956586340264 0.41366661998843834 0.40895605052181927 0.4013868937593744 0.432315062848847 0.427142841008883 0.44532149947027383 0.43928293413728814 0.43357139206647954 0.45968973095605886 0.44641109687645025 0.42146639425311666 0.41164964176005014 0.4257037885767068 0.4367952247225909 0.4494536939926367 0.47332957279842386 0.46137467871122095 0.4546440508849336 0.45561548063307683 0.46360549075539875 0.4454502848854162 0.4594036771543459 0.4743599686814491 0.45233145105704775 0.475717134004826 0.46145651655456343 0.46129057268829277
0.33662143883551005 0.3247520554071065 0.30988990182856996 0.3362302806004161 0.3517441339582269 0.3400112929711332 0.36315581132205527 0.3472644883522621 0.3353728417620828 0.38064179191568537 0.40271702026742945 0.4176017256756148 0.4169740648068194 0.41773066003522474 0.4281985010616821 0.4151782864999315 0.4278568735689872 0.4230888576481269 0.4410466256624558 0.4420368978526187 0.440617399183048 0.44076461239188053 0.4578095576893775 0.46206858068898465 0.4555255490235584 0.4476860651219896 0.43263257819611006 0.45394124381669904 0.43900495695364744 0.4242309882028193 0.43995315068030333 0.4614948834932385 0.47817616952816466 0.46821291249480085 0.4773752310457619 0.4516877942506684 0.46671399115933865 0.46325499724822305 0.4604270761408653 0.45661763530562055 0.4573432249109408 0.4507115219280438 0.44391633834561073
0.3019527480261653 0.294691083977899 0.31863916542257825 0.3322354327430442 0.3381004428873409 0.35265545863014736 0.3671311384133739 0.3307544326834088 0.317290578902846 0.3460564837819869 0.40624988067182544 0.41054697778619353 0.4200829565274243 0.3818024175843154 0.3888406444338263 0.38952671123615723 0.4189695545781774 0.4301455011770775 0.4539158096680989 0.44154443754797457 0.4782931467004471 0.45951524505015234 0.4593070269877425 0.4445477383788753 0.4438256695425716 0.4336854655049257 0.45447400119175413 0.4563685597909991 0.44408950348381154 0.4386930621631886 0.4274360345357691 0.4468424483125093 0.46111077418203855 0.48332256521779576 0.4607320690858638 0.47039461959043716 0.46888093413271237 0.4564992226134058 0.475577506242015 0.45356181025642206 0.4540125812152156 0.4581222811067598 0.4533628768528553
0.31041514900348777 0.30713684489011583 0.30466275288056877 0.313876571257754 0.3188782583733018 0.32810440786553624 0.33688746294710126 0.33374326098423707 0.33163798979221826 0.3482687127408594 0.39416307818131985 0.3933779895464458 0.3980632028103275 0.37236808134022487 0.3767475583126978 0.3926773655049874 0.4095948668133209 0.42900494155012026 0.4489281060925656 0.463010472238687 0.4797737048844304 0.4729406067891207 0.4659996818060982 0.4436209409035295 0.4557562161314632 0.4321524041150287 0.45802353911993055 0.4646345815099074 0.4708627997292798 0.45557677745912917 0.4292947441904451 0.44481073236218077 0.44895554642416374 0.4694977877678701 0.46486712460566393 0.4626754815117752 0.48859316747927223 0.4690450380374404 0.45722394566878993 0.46332429247664836 0.4686683631011862 0.48179766405339225 0.4652144595249525
0.312719114002217 0.32770282029550307 0.32332268083011945 0.30733642903062997 0.3258687785731504 0.3213264353803769 0.3446760805441393 0.35832513555384166 0.35410722800395444 0.36716499836075006 0.3664717266320887 0.36070858337241907 0.36687143387198656 0.38495484130134094 0.3729021105619609 0.37038761809226606 0.38593667537990717 0.40919263650545196 0.43488452870500416 0.4727921766396199 0.47716921759503006 0.4898679508318903 0.4761561590240217 0.46351931832219073 0.4547563867610956 0.43620805037829735 0.4396377649665328 0.46586388785452576 0.4590793571357879 0.4506574534212705 0.4574295101414702 0.4666467898374329 0.4630827792542401 0.44794309893981793 0.4667098005036997 0.46146306134469467 0.48474042312926424 0.47353786815389726 0.49395021414777557 0.4907312238641716 0.4890036721079034 0.500063014680871 0.4926402619057648
0.3253920968339235 0.3292768266721909 0.3338849331860124 0.3082964651924629 0.32755664047069155 0.30987417314167587 0.3397690061352571 0.3301719723062519 0.33898795325123615 0.35444999732522653 0.34225985823433547 0.35440676254481623 0.36618707103072895 0.38677772329390153 0.3853153397029945 0.38614246027467164 0.38752423780712913 0.399341560896881 0.41791920210632494 0.4426658137744063 0.45875075342169347 0.4625193950453156 0.4442825472751574 0.45578001995253603 0.4332891869275089 0.4382125256827337 0.42568311284746313 0.43669597842060137 0.4392223497541039 0.4390301215554489 0.43970850400690326 0.45304796783602896 0.4217038776287163 0.4276822568950336 0.42289183063864483 0.45029743174349457 0.4725040464183821 0.4883914612966191 0.505210399970867 0.4825279639090762 0.48489970056704634 0.5094942474581352 0.49852245637956205
0.2959000671635964 0.29386878342886064 0.3301914078056778 0.32819409504147734 0.322273162890347 0.3086420485854836 0.3131632862371138 0.3099131458173285 0.2977768621575635 0.31867411249329597 0.33945387088419177 0.3773419859482688 0.40805813417990683 0.37952521418035023 0.4055281759191649 0.39389322612500205 0.36389787201175605 0.3960603392964776 0.40403816154281674 0.42159631386797103 0.4362030383109766 0.4366961974009158 0.4546525690201974 0.4409729757303861 0.43137763930070233 0.4295724042353996 0.40758575431236865 0.4326319176857364 0.39958430265213124 0.4286365830200139 0.43698649409645174 0.4281859524787875 0.40446361463946023 0.42580209659028107 0.4207588757444157 0.42667594860866187 0.431669622145564 0.46392364877949704 0.48818714165222366 0.5101853916049406 0.5250861024588044 0.49736169136038727 0.4858030747358944
0.2868647985886044 0.28030652217720575 0.27573945354349333 0.2864062500630307 0.27770983125837545 0.2870047437268823 0.27897128157390993 0.2952883909115579 0.3044003951028837 0.3182103765177872 0.33667056110872506 0.3811148329514965 0.39970892019175613 0.3771765529209004 0.39914135797115613 0.3777547188439665 0.36354218660379567 0.3870810916892116 0.3938578397819771 0.4313804873143114 0.4119440749046666 0.4069878478821949 0.40107353772682586 0.414404433098511 0.41293829459648435 0.39669903209788593 0.3899126947611575 0.4127636377823646 0.385027219709378 0.40340505802962545 0.4441614309074547 0.44664532275937113 0.43427078295449995 0.45400211094336274 0.4515004456947435 0.4516075642903421 0.4340720232232145 0.45695205276408224 0.4904485054263611 0.519714244349075 0.5442989722696804 0.5337565728484536 0.5289968315931852
0.3000146125524198 0.2789377798988342 0.26869858462640517 0.2868038833799646 0.2562615863820078 0.26161887242366766 0.28920130549832734 0.29278607443617494 0.33256192744627566 0.33334552668032746 0.3571391512736287 0.3774156362125765 0.3972325723669555 0.38898324817450264 0.3652604607744461 0.37057828558338013 0.3734348184706236 0.387694626305686 0.40869287769386453 0.39808185992578876 0.4092428230452813 0.3975634467010389 0.378754022521872 0.396274364354796 0.40297045458041947 0.3890393852006429 0.39710423176337684 0.37911549548103046 0.38204036589798546 0.42107391089959856 0.45034450596836045 0.45948932325157765 0.4641203245995987 0.45367827081494444 0.4771317676647021 0.46077156739484143 0.44642397288680424 0.4680694978316122 0.5215018113155095 0.5178733227504096 0.5546345076873023 0.5477077559536779 0.5210874850332385
0.29727312501065795 0.279841875985899 0.25427004750271065 0.26566708613760065 0.25720731937399627 0.28397648547146775 0.2866262105033783 0.3212430354627432 0.3138986871572477 0.3332652167638721 0.35361354415112123 0.35108157783676064 0.3580395290140724 0.3714683941660064 0.35804963831829145 0.3542524892471652 0.3685536365145685 0.3816859450070736 0.39827081820823645 0.41072287059150525 0.3897517957313846 0.3809619039244515 0.36069698320949406 0.36709585230945246 0.38715172710100176 0.4211981175491235 0.4169898030145714 0.3969999355330646 0.4107535696995425 0.40769220731619543 0.44262467266322464 0.4722518575959603 0.47313610507163806 0.49006554357771837 0.4707170366403042 0.47178043669847675 0.4759167634555895 0.49708468683371354 0.510656643551925 0.5433882252871146 0.5291104702316722 0.5351643991124982 0.5245048274663947
0.26335958290228717 0.28418030212400086 0.2589883525253619 0.26560727337610873 0.2598542195775896 0.2971096668512838 0.3168656425514128 0.31018464418012337 0.32297047140802665 0.34106439041433356 0.3287671572538202 0.3498668301154537 0.3479569373168989 0.35915790944057147 0.3719270292098291 0.36765089350604996 0.3737161083037853 0.3848451362904571 0.41751148517217607 0.4107864208179151 0.3597003272047025 0.3748937132603243 0.35469467126575 0.36423375473885017 0.3851563235579701 0.3967999050643184 0.4266051236615729 0.4202328074442901 0.39358374274874697 0.40051595879544877 0.4251742986403972 0.46369496201153443 0.4830255313379325 0.47175468133765636 0.474878312980961 0.48558282352441223 0.47940122960370984 0.4995987551634015 0.5228666503347118 0.5374344591026843 0.529657007818223 0.539689464919175 0.5430698930252864
0.2562930735166691 0.27184016506386577 0.2779614751060804 0.2612303621113045 0.27955252823057836 0.31397771539684294 0.31415459313498023 0.33717265292827986 0.3563238003963561 0.33847148677590566 0.3215477883363953 0.33848266313330533 0.3409272089049588 0.36567288690134125 0.37597659620124124 0.3830224282689212 0.40724363837908467 0.41218645127877646 0.41826547270501724 0.40389684586651037 0.3706420170432856 0.369227426087843 0.39241945130295747 0.39403287853907654 0.3903360847232298 0.4204811357068248 0.4278107800976182 0.4197222669362287 0.4244813757690282 0.4160818386041955 0.43483784618997895 0.44051214985868564 0.4596655436788557 0.47857864640539693 0.45793326887382635 0.4715113862296193 0.48207592287685286 0.47360779916908063 0.49558984732649697 0.5041878857937979 0.4883512303250333 0.5150120741996025 0.5076864029858168
0.25732168345705575 0.2628578289614239 0.26689068041765424 0.2939402397608436 0.314738998993204 0.3090172483844035 0.32794033542266765 0.35002223262119503 0.3580621014252004 0.3546884089441143 0.34047332063750985 0.3511572213266851 0.34835048513475053 0.38002691042522774 0.4003933753050041 0.41602080995966156 0.39915604620220196 0.39422659094132984 0.4090978906871735 0.4044098635808568 0.3787704064201789 0.4046162372849555 0.403868725028649 0.41024015171979505 0.399622418489174 0.4121175080765647 0.4100742204898732 0.4216572223574379 0.43849930308223656 0.4108337129941979 0.4360635033853155 0.4542893523647692 0.48665607228700675 0.47325296926827465 0.46043043870309946 0.4652287958693369 0.4327046794749719 0.44464101044991156 0.4710768828495333 0.45703902612365527 0.44691370182612217 0.4586638021067811 0.4721980641021505
0.25465370928093783 0.26470650124501527 0.24915035675435152 0.26885077279733005 0.31419472555951655 0.33850143189728926 0.33231521175680306 0.3582221642378068 0.36195652279981555 0.34508448079867116 0.34108614076056043 0.3731641357621941 0.36453538626602866 0.40384311000156176 0.39511564783730707 0.41042078133076604 0.4101853967606775 0.4058900991018878 0.42556986406706143 0.3921740513842104 0.3993822441666176 0.41251792164622353 0.4173299390778747 0.42923862132085233 0.43250859782710066 0.4237064986736003 0.4192715587328774 0.4130717740433794 0.4314203970910332 0.42354173594221683 0.4525523214782698 0.460357999509829 0.465269023224051 0.46981435207347927 0.4563397337754184 0.46514856266856747 0.43653787262470833 0.44095911007509686 0.42959010225781974 0.42624969713592764 0.41957727295666686 0.4435560859777739 0.44521360180325636
0.2666843455688002 0.2636498668921133 0.2532881173036966 0.29826776675836686 0.29770971378394634 0.33506973356306446 0.345210386427798 0.35499559125442703 0.3428366122718978 0.36287619072366667 0.36907495112780614 0.4019825588983058 0.4036682721561295 0.41391792092041674 0.41394770552788457 0.41952222940684253 0.4053153798905217 0.41718542368414996 0.4213920680887753 0.4291136581557124 0.430650173306123 0.43753247974267506 0.45512651382774466 0.43222504962799563 0.4275829071944748 0.4093800196734929 0.3944525772701293 0.42199186669426136 0.41145136988940656 0.4294758947621698 0.4568064086157537 0.4780474330855911 0.5021601662972763 0.49854294881048333 0.4822303436940021 0.4709932366570439 0.4301084189359266 0.44182088585515145 0.4257250836783899 0.438335396865758 0.43398672783221287 0.4258984786412992 0.4313402842777969
0.2926451067794349 0.28972517457751623 0.2941111437135789 0.2993296415029508 0.2980120578126772 0.316075468867199 0.34558085615217937 0.3538706075542201 0.3708367749549072 0.3913877889331933 0.40464406335262243 0.4170188304203926 0.4355459300523786 0.42882878982188655 0.42204809976651647 0.402876336720718 0.4084705190213806 0.4056011423721762 0.42616353906689175 0.43938400147325424 0.4431915043908129 0.4549337938579705 0.4444733172599763 0.4232824319376012 0.4186062654740847 0.41042054703350456 0.3998674263553941 0.4188209873024243 0.4145349239402761 0.45127500806459214 0.464440527769564 0.47376378616761916 0.47399312922813525 0.49138541603707725 0.4693566441753531 0.4480365006867625 0.41575869887497796 0.4099163481339601 0.44332082416112195 0.4368560131646278 0.43171824043958956 0.43188932692433996 0.4219406720831955
