Raster_benchmarking/DGGS/continuous/raster-482.asc
NCOLS 100
NROWS 100
XLLCORNER 1743150.1931418998
YLLCORNER 5469292.0501735415
CELLSIZE 10
NODATA_VALUE -9999
[rows 19 to 37 of 100, columns 43 to 85 of 100]
0.6460073355723327 0.640164312550656 0.6565713764727055 0.6532502351028103 0.633481730274431 0.6332434014990359 0.6252504343494767 0.5922852285332424 0.6082917571119386 0.5929773239373808 0.6183127893962762 0.6536387916564739 0.6342885642257107 0.6319559496007329 0.6399394181624102 0.6455888230885025 0.6490524587106158 0.6235069974527297 0.6224801563695398 0.5952350263171794 0.59912044647657 0.6188671422570344 0.6293942806303959 0.6396621707544187 0.6411064603219501 0.6534773415028746 0.6668248048121002 0.6808371014150233 0.633236945865508 0.6135528106086323 0.589114874379708 0.5686222781354284 0.5522111185376599 0.5192241744872881 0.5092752092577764 0.5319656918847646 0.5028297955862507 0.463233691268168 0.4432603541824846 0.439707677361213 0.3888161282736266 0.3824178278687286 0.37329604693518037
0.6466710796101635 0.6498994584209068 0.6468455466434259 0.6386170578785876 0.6617847351880308 0.6522948685432388 0.589829441970461 0.6111849335827794 0.589012966479885 0.6132956718777701 0.5998177812817096 0.6308377787254805 0.6538346342085172 0.6505389844231866 0.6353074362358675 0.618856314567503 0.6258381806027487 0.6140193915492153 0.6357545176789205 0.6280519169918484 0.613275153006918 0.5987302264569049 0.5938979646319128 0.649113008696943 0.6255413162624375 0.6803378529013724 0.6898156375141826 0.6895334415558172 0.6808018830534598 0.6379167282468629 0.6275301849972512 0.5581894682535302 0.5227743795731808 0.504551564729257 0.5120263695673855 0.5418830432661262 0.5160993981487412 0.47506212429295364 0.4695988972300852 0.4535092791717446 0.42427685814146127 0.35989585343608366 0.34515906839410354
0.6629684071544408 0.65522488730473 0.6413980251261656 0.657393119998198 0.6278497133940167 0.6379644705120762 0.5918790792503367 0.5891231304036125 0.5910942631127395 0.6270095549498212 0.6425779777161578 0.6287116716537984 0.6569495027033094 0.6505971014596704 0.66548017585746 0.6507799001221132 0.665192740969316 0.6386150572234768 0.6634356727967694 0.6450003732312947 0.6301010976093308 0.629579915844147 0.6418037029870977 0.6455149207685269 0.6485040407082983 0.6756572434557045 0.690585203265182 0.6744949349463948 0.6602721892158957 0.626402083119208 0.585860119628195 0.5807425175416787 0.549686166965325 0.5300170509124963 0.5016363196447196 0.5200250835735881 0.511168587849718 0.48315426481447044 0.4648043193363834 0.4408082022931084 0.38651166683802674 0.37940211693041964 0.354881062378098
0.6828473892436732 0.6838863158472192 0.6503049087201666 0.6662972873051569 0.642359184040698 0.6468788103175275 0.612125614427385 0.6172009311448564 0.586512528045402 0.6491621156788395 0.671112987892275 0.6803920670867014 0.675780099457051 0.6513395783617112 0.6592609559592814 0.6784254302826581 0.6741976097352271 0.6762057932089847 0.692254268774383 0.6690335364661798 0.6720877219858593 0.6515686400962478 0.6785052677827442 0.645553056707146 0.6367931533819136 0.671667643752071 0.7053829326273761 0.6752856606604347 0.6264669291681827 0.610019934158551 0.5773083534786639 0.5482367155382497 0.542214332876737 0.528201645490641 0.5235475663447869 0.47348956524250874 0.4529914122131179 0.4691786378259661 0.41241938222799507 0.41370977900594785 0.3676803780663952 0.3542509793873063 0.31606585621272887
0.7000653843789346 0.6948221766801251 0.683268147517322 0.6481642085141996 0.6480204177201293 0.6439822754675242 0.6154335851417612 0.5951240326881865 0.6389750675636405 0.6595698581305057 0.6584304986825114 0.6628679508968385 0.6691451468648965 0.6664663741299852 0.6920085945919189 0.6788974673303584 0.7006793144725287 0.6942151951532638 0.6627860123990736 0.6541269411336813 0.6606826874485316 0.6754191271945154 0.6872874106849688 0.6570633216476722 0.6363902215150353 0.6755278789326624 0.6973461763866552 0.6603093540983598 0.6373834824453968 0.6251493690371288 0.567266999908618 0.5675184972543684 0.5311691090278015 0.5320055162909423 0.5142039058517698 0.4712313667524353 0.459623502915313 0.46142813000102895 0.46206775952148227 0.43964706581842933 0.37574813599868917 0.3524486030320039 0.3417054089223207
0.6929072965943318 0.6684002068182823 0.6842182864899299 0.6542149966307473 0.6373327511542846 0.6182461000564584 0.6126170461954461 0.6195079088598557 0.6350500241906882 0.6325834024623186 0.6676981240426191 0.6389548608666726 0.6356679356026939 0.6638526037991168 0.6918783129161638 0.685780790851153 0.6942047818951178 0.6956054822433677 0.6638992545139599 0.6415981481029033 0.652778982798378 0.6823203143555421 0.6834710244601215 0.6684198672497883 0.6414796422557623 0.6728122507050237 0.7170859475507609 0.6672474410745836 0.6619135490652571 0.6317388402709209 0.5658295730005619 0.562530177171817 0.5065824732795443 0.5170346906810187 0.5007698076368204 0.47330148945874373 0.48419943716476976 0.4875202030339529 0.4596781969757274 0.44982188368690623 0.427975815251266 0.39198824379442637 0.3320666080194222
0.6846199766164682 0.6593949468690211 0.6545043138556912 0.6562126961022636 0.6366794946776023 0.5976340677173225 0.6099678853647034 0.6234052101107648 0.6498825443216326 0.6580031911568341 0.6719654430958006 0.6419137505039689 0.6308355923363238 0.680809750065445 0.7015952735923128 0.7067736517855885 0.7126242669540014 0.6672050588764191 0.6846817558751648 0.6709035826818411 0.6985997063164389 0.6677270851833618 0.6513951467615119 0.6508004939803762 0.6534638553341523 0.6632421179322522 0.7125052239845613 0.6787695265224681 0.6259904410804672 0.5840664488518096 0.5612669409726917 0.535783328220021 0.5308303472997271 0.5297346489307825 0.4983677372762475 0.4802187769930477 0.480967439001084 0.46964816710168034 0.43620385992386324 0.45263383092728154 0.4377376163881171 0.370877464740797 0.30485393291337615
0.6295829636771005 0.6388665544947607 0.6720007447451131 0.6736035339840585 0.6329520421045752 0.587052836387197 0.572170511316179 0.5902060014937917 0.6288653504594536 0.6237572489289867 0.6536051350931283 0.6256155118336933 0.6351704286952133 0.6895255370081345 0.7057885852043569 0.6968453315257389 0.6979215243735863 0.6793426615132069 0.6609315027202767 0.6918087836481749 0.7208098439294616 0.7133658565190614 0.6833353562767779 0.6910177655590463 0.663201360056231 0.6584550520205237 0.6987401970292454 0.6605168343788964 0.6228194215688826 0.5615503109489609 0.5506479200583517 0.5430272860649549 0.5534970793711413 0.5355591848352451 0.4732123628783273 0.5013668655198389 0.4841685517828336 0.47432076134114654 0.41958173728697545 0.454360808209594 0.41299048066270394 0.36164070590113956 0.31839958579621486
0.6565282114943917 0.6377667193096999 0.6629345477321609 0.6520902087532343 0.6478481370971771 0.616028698618075 0.5697469823365654 0.5718842467116879 0.5922891879333452 0.6108254118841411 0.6073282290457711 0.6149427859209803 0.6139036768008878 0.6499757220491388 0.7124726892059913 0.7111555856924427 0.7057968534531376 0.6920215504200538 0.6741182722686584 0.686930865056797 0.6926732303813848 0.7130959043053605 0.7067393862668735 0.678715825653211 0.704344189479388 0.6833431789804393 0.6883300955219955 0.6512123814691885 0.6087806647143224 0.5703307572912515 0.5535282509725274 0.5568837272309646 0.5571031799113306 0.5309013078593109 0.47522048849860377 0.4870782775768948 0.4670579291255443 0.48374879275029614 0.4482439290485311 0.4432306943784276 0.40146050840591907 0.38425561491928245 0.3765538432667722
0.635188870541122 0.6127347879148393 0.623722477476894 0.6390301693730442 0.6290051496606275 0.5948997584571847 0.5554081136836098 0.5945828055284916 0.5904456798922273 0.6179805541960214 0.5878138492469145 0.6268885790827361 0.6195001098729128 0.664749614351646 0.6979130869945542 0.675856017925707 0.6550014510342507 0.6757529641872456 0.6850885931766544 0.6718338165641837 0.7061657756165888 0.7091273787091967 0.6995909190062742 0.7098165479699546 0.7147118916007056 0.6860742603673053 0.6803824330462028 0.6506022353476864 0.6199330382960694 0.5711684218637042 0.5530163025862952 0.556855833196364 0.5440501217863285 0.4997256323300419 0.494079521992757 0.476049804279023 0.47931737700617 0.5028475832553615 0.47403986887082594 0.45086409817902645 0.42231204002358763 0.4041022139972438 0.3641251310895883
0.6793783449969698 0.6384389225789521 0.646249665983527 0.6542212252872496 0.6637723739540669 0.6203182568778777 0.5989488925968486 0.591358515496557 0.5969231565059315 0.6181869785079932 0.6152842594958368 0.6171567038185 0.6568778633847044 0.6650374508887141 0.6648090674821109 0.6781389029360657 0.6518519556320704 0.6583211598149933 0.672934564763441 0.6650220265171651 0.6973474603684873 0.7091802703455894 0.7085401688191074 0.7043660713709103 0.6863171819870466 0.7013709566375868 0.7000973698388643 0.6397868220582729 0.6316900756800677 0.6280299131188276 0.5885969488388457 0.594364749929116 0.5473287367367841 0.5049147200663372 0.4963636075316899 0.48898685860259494 0.5138972257097021 0.4826851517226047 0.4779075397898985 0.4539925692335926 0.40383350831843035 0.38275530069826164 0.3448138477883021
0.697252489316377 0.6538932339451522 0.6531916333406713 0.6666112818182816 0.6611174813057116 0.6473757284645442 0.6428090875642806 0.6310373057090962 0.6195166514232346 0.5976172487089879 0.6042344455887401 0.604815733014406 0.6632373562015422 0.6491287484079392 0.6387863482216607 0.6533057059153741 0.6470500188827761 0.677567951568887 0.6481419548842415 0.6564010766455252 0.6591327076871583 0.6868930808408873 0.7001401273785968 0.7209142931492674 0.71188978199116 0.7113558607039929 0.7138705627812604 0.685341741153404 0.6279359844805645 0.6195105490704843 0.6350933223184839 0.5833939210554263 0.5761213836934835 0.5240737854907154 0.4926961497427571 0.4904726624297626 0.5269310612908189 0.49132227226167424 0.4907806624266612 0.4805969085136964 0.4147478501960419 0.37509878522280465 0.3489508187654566
0.7100721508025074 0.6675849200774814 0.6604512181571097 0.6718174164117625 0.6587505702396959 0.6215004675324587 0.6375493117940724 0.6421187849761577 0.6513450370755347 0.6316924534343796 0.5998519488071482 0.6200542876347968 0.6551810746557412 0.6598110759998167 0.640595283512984 0.684168572256383 0.6978684007296888 0.6839599487106947 0.6909294241665256 0.6625113166028588 0.6585144580726536 0.6633603542038566 0.7095174864919408 0.7296642773227886 0.727560129218581 0.7089446750885603 0.7063273564715946 0.6722183847991069 0.6386393929524782 0.6476093406760661 0.6122595858521743 0.6005773296333371 0.5929049580509403 0.5653005391222506 0.5202554243004506 0.5034075024152062 0.4960098129429677 0.4949787250938814 0.4720756777348873 0.48081388494252864 0.43937021526939035 0.3913108451332211 0.37515353968249127
0.7033474363883983 0.700365824280068 0.6754474728124051 0.6408454192293449 0.620911180720649 0.6450195937167559 0.6462891716647433 0.6575117714405889 0.6484275783004273 0.6260739421244345 0.613212360588231 0.6304087191569475 0.6411913723217711 0.656153561637007 0.6552249992937175 0.6991960951092185 0.7092517835662904 0.6715962765022692 0.6872669749211969 0.6609250045123424 0.6622445293099504 0.6793981186263861 0.6876288442377564 0.7254661154195159 0.7367203856979215 0.7296656663767362 0.7286220037580399 0.7129271755094774 0.6553736743491412 0.6481755059418419 0.6518820579382218 0.6245257994410693 0.6145237484010851 0.5729136870558051 0.4990299808224962 0.4847421650164665 0.4913822730197602 0.49007840731374924 0.5108040482723099 0.49822909492599693 0.42791103001371905 0.4374217167568842 0.4165419007383625
0.716569260934161 0.6875455798244079 0.6816785063861543 0.6795325165085259 0.6510291828146116 0.6696579436204106 0.6926204539091187 0.6813726474775718 0.6775970122077652 0.6640501770133 0.6463823017730392 0.6756588813657112 0.6973009517795619 0.6729827818902999 0.6927198587485232 0.6918092596157247 0.7042487711378486 0.6873066547553565 0.6711096562812259 0.6720795267252301 0.6982334837082613 0.7014036312120755 0.686521538769881 0.704560957031906 0.7516153974257357 0.7524938692843895 0.764298810016163 0.7155074766826136 0.6931501683570896 0.6814757373264697 0.6584643867886234 0.6636879795028707 0.613464452383339 0.5732644045101909 0.5350506167607438 0.5360532727434358 0.5282892654140694 0.5377837270639464 0.5091489819581976 0.501728352530813 0.45436116193689197 0.4256697423831654 0.4351449533944125
0.6883964876133476 0.6709687966917751 0.7005275505787509 0.6696100866804284 0.6448689775728482 0.6643767015861121 0.6865386069074417 0.694517305622103 0.7167690118602141 0.7064599540170426 0.7000134878464829 0.7228110190551517 0.7088498872132075 0.6865691601725793 0.6916723379048604 0.7150378194055304 0.6951941608195416 0.6985487571468102 0.7011356822511591 0.6868320321532454 0.691088193863647 0.6891504322223515 0.6846399800473121 0.7102736493136449 0.7390117990057433 0.7710791758837812 0.7730853757358849 0.7592519654003551 0.7197505118357465 0.6854088067919156 0.6812374593496903 0.65404934296786 0.6490896692160542 0.6092911744345818 0.557477450527714 0.539436476961584 0.5564099739148185 0.5377860477355099 0.534818598132768 0.49453635407254437 0.47126683149230103 0.4410646755792331 0.44751131447720466
0.6915712196746772 0.6965877955968948 0.6760086688342675 0.6423126005446886 0.6527897650337269 0.678402767268476 0.7009371809288235 0.7219933493391811 0.7361945800633752 0.7162959528329483 0.7316936544998011 0.718631500032725 0.7245089408571396 0.7113306503156633 0.7051667556474053 0.7231636322074494 0.701175228562748 0.7175642423489431 0.7102633830642641 0.7230188965579242 0.7321597014739128 0.7040464062173812 0.7047419252435738 0.7436127182935709 0.758187770623242 0.7586084269071911 0.784593539101733 0.7579088811380916 0.7466239873797721 0.7101047127039448 0.7101389581189066 0.684048579412442 0.6518893454339209 0.6025169086279388 0.5717299973832707 0.5849013709877386 0.5446863316364664 0.5636529695901442 0.511464838086267 0.4919312703805056 0.4731411903502634 0.48857851606400515 0.46553881197890074
0.7126387119665353 0.6703866207491492 0.640528859533013 0.6743268628681114 0.6476419389969537 0.6806305463700247 0.6908387001560035 0.6978138134599039 0.7464923744448199 0.7588262619089092 0.7933489939219007 0.7455523565537375 0.7517860716854805 0.704981097056755 0.7032896910774086 0.7074563865722262 0.7387710388603991 0.7316704618108152 0.7375954137610872 0.7337692869498864 0.7203654647173682 0.7196215481465162 0.7195536274596898 0.7570669061403925 0.7568090064296659 0.7569592930088063 0.7681494373533873 0.7329118601528121 0.7190060968821809 0.6850987494717758 0.7078303302279811 0.6595873511531255 0.6410788834349553 0.5917044228052328 0.5929568511713285 0.5916558912807977 0.5498993789264861 0.562277179577169 0.5242823604925416 0.49615867505741396 0.5253277094262414 0.48036582801427874 0.506221333748283
0.7190438797904756 0.7119253877480065 0.6927748684241619 0.6769174584112537 0.6902469133899798 0.6762122776790291 0.6951229620793835 0.7042923322419172 0.7532803277213103 0.767698654721409 0.7594883336536158 0.767434413334604 0.7552127543139562 0.7310109368714579 0.6978277142672912 0.7224706650866427 0.7091879990032135 0.7266144540582828 0.7074935393152916 0.6885130143843784 0.7130849130630096 0.7289825627710345 0.702443312348669 0.7210503701765097 0.7299820222208262 0.7344867881541012 0.7107057292593185 0.6788586191516452 0.6810084730187563 0.6624085998882873 0.676778581823913 0.654240297989978 0.6462217196022428 0.6010466464921458 0.5652850014961592 0.5621073268207353 0.5513141604164313 0.5538595759788433 0.5196882611170023 0.5274925297986723 0.4959032577730245 0.4919118897598349 0.49075595977799336
