Raster_benchmarking/DGGS/continuous/raster-9.asc
NCOLS 100
NROWS 100
XLLCORNER 1743154.8492566606
YLLCORNER 5469286.034072835
CELLSIZE 10
NODATA_VALUE -9999
[rows 38 to 56 of 100, columns 0 to 42 of 100]
0.5925788590823882 0.5436368815652184 0.5212358307967303 0.5300875994124556 0.5396669283291944 0.5989029583941485 0.6159277368149996 0.6240437357057553 0.6434615977238202 0.5866902401816156 0.5708635563880878 0.6082959905009163 0.5816359597039126 0.5644035566490548 0.47173302866309863 0.4210047823823719 0.4286953789295312 0.41274131572329853 0.370000044452627 0.33378670266238414 0.4071907543044996 0.42330624892963153 0.463432914755173 0.4575520095372909 0.44902280892236635 0.39587567461838524 0.3914696317815453 0.42078514539497786 0.394005896274653 0.33339240842856743 0.33511578236403294 0.32771931188366377 0.351016639183995 0.324013722063288 0.35105440940526067 0.3245000555609341 0.34559411197495943 0.401511973568929 0.4327597556242447 0.45180326598197834 0.45046575224193874 0.4334776015495081 0.34626338142440116
0.5763310499300199 0.5305572170708607 0.5052386763388331 0.5287896133927446 0.5592687353194965 0.5363876868669982 0.5557088882510994 0.6049483647886106 0.6311887212182449 0.6353920555787286 0.6117459719568491 0.584696604290574 0.5435178163067567 0.514021323395753 0.47065526858500367 0.46603251309157695 0.4099957525060773 0.3594654833245464 0.3535176168097359 0.3526758000595992 0.35593027212928324 0.4257946886814034 0.45887180522134435 0.4775932199016556 0.46446407555196084 0.4164201755948853 0.3825168071959198 0.38060403114249136 0.3476287737849427 0.3720551806554417 0.3763585500717278 0.3095676887728692 0.3197178400154433 0.3675412253956497 0.3465299309539946 0.3596655297216695 0.3828384965494389 0.397209219131529 0.41190741340337444 0.3651815374595173 0.3609066287727658 0.3377461632110907 0.33792858438694406
0.5715589333580616 0.5402443911535662 0.5233684622586271 0.5065026296674261 0.5397700235692368 0.5331453804610049 0.575353940513727 0.5592198947993051 0.5940169134579005 0.6309738624759355 0.6155256025342928 0.5942745491234865 0.5240881894037289 0.5044107374072688 0.4924185704519839 0.4977229757327905 0.40590289333862156 0.3737999153245644 0.3732751341660502 0.31987888918354745 0.34239263773479844 0.39481371305647645 0.4265709874313145 0.4456122210137135 0.4730223461226593 0.45374521329819406 0.4293133539112068 0.3766630855084776 0.37077117965460943 0.3947200120077516 0.39333811069610064 0.3346820838308251 0.3539308848632433 0.3942496916293603 0.3974908610331207 0.37501190713488447 0.3948926188467869 0.3412335095100775 0.3381184201397655 0.3395713436577918 0.3493921226315657 0.30331344717712183 0.3146606711730863
0.518516656137512 0.5019644182403488 0.5239520820934785 0.47201708713059876 0.5043674136376513 0.5022864374445191 0.5384538708928113 0.6038614963101028 0.6035965584572357 0.634289694583807 0.655180840852047 0.6115325217843133 0.5769215913480567 0.5612635785495483 0.5191087877779104 0.5021561855175143 0.4373449805928916 0.41685883513375566 0.38007854714522765 0.3542115106465074 0.4037730091525887 0.4104683556042631 0.4156669504069273 0.42976797385473736 0.4557392661426639 0.4160760189429167 0.4086780825910092 0.40012679036773924 0.4050352242548295 0.3765250091335993 0.3604872516569888 0.33182264172570397 0.37730504856310726 0.4027534027211715 0.41753721197754057 0.4450400166061852 0.394236776109143 0.389179852780066 0.354984748107726 0.31460144829358455 0.33045511997244686 0.334603511266503 0.31473697927398075
0.5182641923596732 0.5070543926457488 0.465865850677624 0.43354739818242327 0.4821661142204646 0.510256419388086 0.5370466084818522 0.6018654779594738 0.6441062982461634 0.6592878909525058 0.6539865101905779 0.6340368095737592 0.5925913036093308 0.5954861974207701 0.529898975034456 0.5161334953149253 0.49589917061839894 0.4281332670853885 0.4165153406558682 0.38339423307193543 0.414567815129034 0.442438729602063 0.4284840968013866 0.40026134682761866 0.4366999660622718 0.4641389404295581 0.4182268555885733 0.3972201139346649 0.3918146819254638 0.44884617867735066 0.435267052061549 0.38197292349197665 0.44131678780213807 0.47397697806674516 0.48693615995781675 0.4943099628433816 0.4293381536699715 0.3777966804521973 0.37491466122061906 0.2925017068217441 0.31293092480360746 0.2538262518227554 0.2932460531691064
0.5108801048415597 0.4649941328359153 0.4277183061812398 0.4612658656135366 0.4772491613038126 0.48775554424051154 0.5246956170721591 0.6215260783183996 0.6221440282771734 0.5990062514223176 0.6097397401342657 0.5964184738855021 0.5953775134460786 0.5611117180749862 0.5179783415926346 0.47961385451633604 0.47768663364135755 0.463159781762056 0.4253400735627071 0.3924569227105324 0.40393041647928635 0.4130327979480992 0.44503329235262323 0.4781509433474046 0.4794912115658764 0.47474373841453865 0.4817096399551978 0.45036844517977354 0.41367872041887427 0.4238197194453709 0.44108042460786556 0.4153747415384121 0.4153336238772244 0.4689826178134953 0.4814495022011046 0.4619961026976447 0.43546072421202087 0.432385270106282 0.3777840456434657 0.3419864112193217 0.29880950091101016 0.28976982631172093 0.26347947252696513
0.48706661493612236 0.4203953130915343 0.41105229025005696 0.40961459672385075 0.4328905360870007 0.47947537699514914 0.5279040089737965 0.6003154949195008 0.577958463865655 0.6001975450506394 0.5931506963321064 0.5303958151681666 0.5518592395884009 0.5144270223046801 0.4934882164847091 0.47333192957767894 0.45269136630416973 0.40542478536954146 0.4302649161662462 0.44690177367587935 0.4475518311745792 0.4476195553759389 0.44892207708535276 0.4604156448558414 0.45863667004584846 0.47272748306120416 0.4741607012969733 0.4764468907508743 0.45455095784664373 0.4392393794019219 0.41858101817614995 0.3825846397543242 0.3892288752088774 0.4609754964252712 0.4733958558959865 0.454663866611735 0.4536922006387264 0.4288293463919462 0.37269416384181736 0.3910854521722322 0.32894467123856985 0.31585849694498347 0.32278194284014156
0.4396689233556948 0.434526946391961 0.4353778098197932 0.4102978989979364 0.4312416703205052 0.477262142094436 0.524923883193745 0.5605392236088896 0.5919136899144355 0.5801767791827879 0.5730158760352301 0.5385475356891748 0.5217363524430367 0.4901887805983975 0.5039103202471431 0.48815979294743156 0.46345649424019947 0.4786546580191634 0.46635746338601836 0.46849244291116593 0.43824986833937 0.46590421664420617 0.46320427379529594 0.4785668331364762 0.43134279572241674 0.4498001647698719 0.41513820922407174 0.44536992533289405 0.4532397358252624 0.4574762397688405 0.4523501871809123 0.4454627140383038 0.42691493712904127 0.5025221153446394 0.48127127706199563 0.45969497467172205 0.46918476913465307 0.4310457982731026 0.4237529999409605 0.3356861274692364 0.32396560463875346 0.3038618387909912 0.31910940507452823
0.40825117668472083 0.433045644243768 0.434870825959746 0.4061650338121873 0.45636223898755984 0.4502986756364029 0.5160670163222095 0.5542551633319184 0.5819161155658529 0.5668803898642 0.5478977764395866 0.5759725154565566 0.533478606787446 0.4838459241092577 0.47657630616379887 0.4346247834619071 0.4930156648223774 0.48955217346083274 0.4781495741229734 0.435353830500172 0.43785005377373 0.5059947514628824 0.5164764482470007 0.5079964187868012 0.43858884135421816 0.4043847800641764 0.42932646165984195 0.38199272123547817 0.41705470043960763 0.440879315142006 0.4313185318196262 0.43903436974480337 0.4484062461221766 0.515371077723786 0.4889010875929192 0.49989134840644717 0.492306226510672 0.46979418868068556 0.3572806733684816 0.29943666150643244 0.34307971134220294 0.3311836709919868 0.2852547558997094
0.38667033018824454 0.37743232598331433 0.40413060820158553 0.4402385459166551 0.46970835039747905 0.49626599027459595 0.5100556615941642 0.5089958292235779 0.5180788983922592 0.5202844167023458 0.5442346737830194 0.5887254141258267 0.5763995301803938 0.51758792253025 0.4821202787385743 0.48008697300649134 0.5013526567679744 0.5099210544918289 0.5008603592385482 0.4659960116500963 0.48762420578256965 0.48989451374998993 0.455692142080288 0.5046500179155358 0.4688541664381915 0.44263310138564277 0.3934815730736521 0.3918441416263972 0.4250317058680203 0.4413069037434463 0.4495408405891694 0.4775186360328438 0.476935966800106 0.45729673985094993 0.45315908034893737 0.49990412170475435 0.48947517978705957 0.432201421629112 0.36704040234742347 0.36402724007377274 0.3366828987787805 0.33476776873861686 0.27916799739226317
0.304212810959634 0.324294879447064 0.3409173429909218 0.421033007032927 0.41592589284308634 0.46420368360125014 0.502957886695991 0.5087686524408029 0.49008889992395643 0.5576126200102061 0.56677227446932 0.5715004597331735 0.5484522936710647 0.5958942752146922 0.5212815628847814 0.5465897184397998 0.5208202237813876 0.4912966270215327 0.49505326188970616 0.5164753965029302 0.5046102223120636 0.46432502469973974 0.488628701738721 0.46563188323216226 0.4799477355156746 0.41601434809354887 0.38360753227077765 0.36268107517073556 0.3783283827164619 0.384071527727724 0.41559526952629217 0.4945617808662281 0.5050786832765941 0.47251053696061873 0.4386131884923898 0.43629842848905015 0.4861194932654266 0.47396455686558125 0.41920608906329526 0.3455208774741432 0.3201412394557456 0.26099366953898745 0.24648036495176545
0.30707547572534927 0.30326317795094454 0.3072515006518145 0.34732006036579305 0.40227153639986557 0.4591720821699361 0.4700530666671524 0.5014167891956558 0.5119749330683211 0.5541079134839051 0.5510474039631795 0.5722358062099901 0.5690088697105828 0.5461569305377728 0.570179289736497 0.5238746621084958 0.5488525892051888 0.5085482139822816 0.47971739970187705 0.48208006333979575 0.46259769227118436 0.4893892913622985 0.5250704655010414 0.48245260318510336 0.47532674183624507 0.4231818589278715 0.42141422154672203 0.42371330116468825 0.3829421658418409 0.388489624272532 0.4271569284369516 0.4740184234252349 0.4658016108705678 0.47673163569698046 0.46750544398470556 0.49752029960104566 0.47010020803399744 0.4773938404536159 0.4130473766860399 0.38767479445352643 0.3395974877134086 0.32786349970139783 0.2724908227120247
0.3126922266236544 0.30364551936343476 0.3246140801386396 0.29575639328595726 0.33710629766041966 0.407416135647699 0.4497269937429431 0.39181613749188754 0.4669056038859408 0.4663520108348536 0.5614387950959103 0.6272092066678684 0.5591047169370126 0.5600001885218352 0.5530884398070078 0.5261311437553627 0.5199703610213269 0.5027224451679503 0.4436207476302595 0.4726113866981021 0.5032492211367527 0.508179950896364 0.5182003573245924 0.5344780998831085 0.5037872098095056 0.42118828647713313 0.40963130866512676 0.44867740922129906 0.43329387288154897 0.4639175427438003 0.4771965549237594 0.4904636326286576 0.46090980371227774 0.4472707571839798 0.43418334473513376 0.4863247452827661 0.5075792954783834 0.4947302505188406 0.44548202905615614 0.45443175978452727 0.3980636598198055 0.3219481903317679 0.27443430022418913
0.3156335143351913 0.3214022468419082 0.30890271684140336 0.33879673217434525 0.324572727820323 0.357409472846269 0.3967818422664045 0.3826115198867333 0.4127245053880102 0.43350737049485794 0.5240672989103561 0.5884195996830607 0.601291565434287 0.6174116152722131 0.5803270973449589 0.5126306624436195 0.5160227779124447 0.4871215283579146 0.4416928465342943 0.4703795045543514 0.4711938232864005 0.5135651022391027 0.5394451672530352 0.5463060144382567 0.4967072635206199 0.4570655246205848 0.41169561407300687 0.43354537452303726 0.40125967106929006 0.43102036982510444 0.44578731975053226 0.5041343155888653 0.5082734368485572 0.454443238675805 0.4520660937014969 0.4483147237728188 0.4558152616329802 0.48060985516005467 0.42681345700062634 0.43917187430141047 0.35623655279955335 0.3224284464318754 0.30966832447290094
0.3342171108910868 0.37304444623251737 0.34429999908129116 0.34608500252195884 0.35589177626663665 0.3829027811005791 0.3565966890250608 0.4129573557102062 0.4494537685596174 0.4368251753670832 0.503682519531083 0.5404489324797458 0.5925451239977935 0.6072184940082542 0.564845405467821 0.49461397634896986 0.5080679075589417 0.4492671642220097 0.411192592027053 0.43520159021707094 0.44937474351180534 0.49540032584212246 0.5044755631316025 0.5261093972737906 0.5200195807549038 0.44907354706571617 0.4414320115745065 0.4263792125670666 0.4415228943220655 0.3820811845738595 0.4718764258267239 0.4978515042755049 0.5205206624031692 0.5092664590545257 0.4669479429129632 0.482487847866997 0.4459526914513943 0.48478184174436195 0.41257876614126315 0.38666089083560634 0.3702190384830715 0.35978546574877457 0.3235417817521801
0.34067337569123934 0.3601189931099578 0.3990420489521325 0.4029612097932115 0.37343604452890006 0.4021844685894619 0.3541709379176505 0.3733279174369481 0.42576815370014753 0.43660961381562413 0.47738747362573175 0.5787372593127232 0.6056930505514828 0.5649752246234957 0.5325207890777751 0.49874093551367665 0.4497507387455586 0.4249855224681507 0.43184501023789074 0.4653205634276756 0.46986621581188537 0.4848736272579142 0.45748503469077667 0.5094423023865966 0.4751156344975189 0.44185495452963225 0.39869140243302714 0.4062121313183995 0.42568350529547155 0.44522284275400537 0.44307849472600325 0.4565289008757172 0.4943327017282802 0.5189246500128918 0.47302427007786435 0.4511914114401458 0.41462656471232706 0.4263923246096552 0.39442658892301297 0.3944972598678625 0.42815159695630456 0.418957133757724 0.4107728488415198
0.39575284303062724 0.3995718773374042 0.3668298142412188 0.3686062965793468 0.3697806517159016 0.36727313652865656 0.38218318515136557 0.3638788912232268 0.3948682045053976 0.45175814540690085 0.5176578259520405 0.574993768676453 0.5702146658691265 0.5683856828935143 0.49322013383937446 0.48233344677360623 0.472948774445437 0.4485037971399326 0.4357384530285681 0.4615146797506587 0.44214209514433406 0.42644164321914035 0.4256124766049867 0.45093756356741355 0.472598664735473 0.4610074403749819 0.40523903672304157 0.3599054232227544 0.4390331382187968 0.44401020466614466 0.4119878668940475 0.4435530913622411 0.42882517716885227 0.4657278759614177 0.46254621355615805 0.38972785579088004 0.41744122291472907 0.3994109141294753 0.4304984167940437 0.4327830997640342 0.4568298502311529 0.45156055257952 0.4644440763575311
0.36859961943754355 0.39095796010786416 0.3222427365509879 0.30914748528223823 0.37171241903647495 0.3350011077994372 0.35282417265624194 0.3983268528564213 0.39604094862745726 0.42506005464401647 0.45789117863369994 0.5169980848472397 0.515296789301303 0.5296701171468653 0.5041064369505108 0.4555177492460131 0.42636611873800845 0.42023764876847713 0.39674414727359986 0.40928768426057566 0.41426464518105444 0.443962433652102 0.4215450437863685 0.4409345273528402 0.38890220176613516 0.4020951526514343 0.41984302559112263 0.41352695335445877 0.4049126821814187 0.38559640734384903 0.3900785671244921 0.43969966083720413 0.4265394674206271 0.46027552673615413 0.4390680626170452 0.3704930490592871 0.40352097089163064 0.42395164786727235 0.4053927572050693 0.44126586208541047 0.4667765185656998 0.4739254092182857 0.4133123693356678
0.32201061279477255 0.34022134926258496 0.2907319594100231 0.30930506142379083 0.3310911518546015 0.3633795188113414 0.33919017037784727 0.36746094548577846 0.4103876537359396 0.38856944012026967 0.43693236058817775 0.4287347725965381 0.48283185513200444 0.43324672883560733 0.4275452957738981 0.47374336432806885 0.4552099310296897 0.40011644435566296 0.39565982950565576 0.39628093459957037 0.39152522073793666 0.4045005267111681 0.3832151836313008 0.37632601853548947 0.4062673726390645 0.3701938182535875 0.40878870996276584 0.42089825936860065 0.44808994244347594 0.42570096809564545 0.3930312113343432 0.3716195836384309 0.3836366203758635 0.4094159588983597 0.40297443309860514 0.38667132566975515 0.3734046301426045 0.3670655353794496 0.400412295319095 0.4490842192020548 0.4336481831488778 0.43756610400736495 0.4168887030068103
