Raster_benchmarking/DGGS/continuous/raster-32.asc
NCOLS 100
NROWS 100
XLLCORNER 1743167.6211857237
YLLCORNER 5469296.01972505
CELLSIZE 10
NODATA_VALUE -9999
[rows 19 to 37 of 100, columns 43 to 85 of 100]
0.31371673438252096 0.3479504769158215 0.3897074611254296 0.39133168327209317 0.41862431754660157 0.44563402484166276 0.4321900328662559 0.45868950953768395 0.482196827519852 0.46441001187516645 0.466405367834249 0.42056253910245534 0.4194334479247609 0.3437713725019908 0.3297564075850255 0.3481582660798546 0.3421675018920142 0.3715119967298833 0.36714216243536063 0.39357539063837316 0.3760715502804164 0.39198329683951005 0.3768794156793738 0.3927338873350864 0.40703843405616363 0.46233225400286143 0.5223973026825492 0.5342991403357191 0.5560764397516952 0.5559795982663354 0.5280822455056885 0.5635271719956374 0.5557470939033693 0.5240525409685934 0.5417016676694881 0.5273572236568062 0.5382266102751819 0.5189134131537223 0.5023288597479054 0.48304512888080986 0.4696420146636798 0.4522466828828454 0.460243901690149
0.3105810581638558 0.33464076695757144 0.3678240511693928 0.42581296362766635 0.4632732973786492 0.45542657370437784 0.4430272351642355 0.4533547653102486 0.4777594184835073 0.44979261978779383 0.46650006875631306 0.4420337486894114 0.4485482364831827 0.391729444154589 0.3544287901443861 0.37466641672331663 0.35676307288203835 0.3485855421616873 0.3621503335734286 0.36770364654896454 0.3750177739165605 0.3828589368567985 0.37265396215638313 0.4155616688549262 0.4297148622806604 0.4796135090485214 0.5146861699085981 0.5398534965272365 0.5534883405743928 0.5472173748028548 0.5772328400696966 0.5395962958639844 0.5599865685684148 0.5467536389621741 0.5643780557426613 0.5418827085659677 0.5103012644501401 0.515299734215798 0.5065829787810495 0.5071452467742994 0.5196616046690539 0.4666821070822282 0.4453146459463184
0.31349339731328035 0.331949445537582 0.37858636896314846 0.43964433203291275 0.4674450380391814 0.48125687642644116 0.46881819372760863 0.4610090186026066 0.4517499273159676 0.4777633289672336 0.4998987618588914 0.4673239589703052 0.4506944374829537 0.43494866054170434 0.41992719834889936 0.38673749133086355 0.38060106932816257 0.391886843962538 0.40755886971268174 0.43256136276219465 0.4263705871187084 0.4303973348634014 0.4342676528762541 0.418911543608532 0.4577490841250095 0.4809387324010292 0.48469273786823847 0.5051594870830854 0.5521395846506563 0.5695750475070903 0.5793483929038513 0.5614834087112345 0.578480526135309 0.5494775683846301 0.5708700230320845 0.5241657832179952 0.4944208233195905 0.5051664115782886 0.5056940233532587 0.5183399495225144 0.49546353062617576 0.47549024273733703 0.4902459961107827
0.3109789021283701 0.3592982778001724 0.3876502096355465 0.44576653114112313 0.465837455816189 0.4732671327445534 0.5136306815174471 0.5058639741346813 0.4688125423558867 0.5036634036033963 0.5181702897158832 0.49058638833291773 0.46781314123537737 0.4371604592681602 0.4385980578678797 0.40835528590919445 0.42194242851801844 0.43774794139508516 0.42683922398758756 0.4530422316211298 0.4629937814565587 0.4287116898030958 0.4288335008076869 0.4755700182084159 0.49319074212813635 0.48468107380829484 0.5363794309095937 0.5323569572720832 0.5156443364710352 0.5354699956239979 0.5278585774753126 0.5709057691669485 0.5674671896896603 0.535329848370886 0.543972695264028 0.5121162830631258 0.5038051260088224 0.5048114453131167 0.5292705293306506 0.5380090992271905 0.5128432386771654 0.4929567213515338 0.47463824748964545
0.3629712141634091 0.39440600684481264 0.3920001139025482 0.4525113883270987 0.4624963540380859 0.5078885939082807 0.5216634194969035 0.5005777300622034 0.4887821250163058 0.5232722865720489 0.5359264386224312 0.5143516745955157 0.4970315501319921 0.4424546876786783 0.4326561503460223 0.4349877220659966 0.4553945793164183 0.45039801137470004 0.4133367267340652 0.4333385706045136 0.442696417601927 0.4623272757484906 0.48742925852213864 0.4790614473014101 0.5064001886808546 0.49394867464378894 0.5220016277721671 0.5401900042393448 0.5673125749557345 0.5404365368046244 0.5461427028484261 0.5465647334067177 0.5361738244668417 0.572790779580681 0.5264648760268241 0.5165208163498812 0.503685377109416 0.5312906548313793 0.5525216342511207 0.5381824449745028 0.5150550494408136 0.490969068627326 0.4383956312414853
0.4091943934047454 0.44716238251676727 0.43601445125700433 0.4425830990261078 0.47821712077024947 0.5087256152731584 0.5436538873983838 0.5228419033620915 0.507000606675961 0.5083167039165224 0.5253028387955533 0.5331527250107195 0.4872364582909075 0.463636322482097 0.44356078505586366 0.4493671115593529 0.43772849016940474 0.4328338458220449 0.4364653407281414 0.44217582772894926 0.5083962348141086 0.5222695023120948 0.536868996698334 0.5216976150073697 0.5041547971881185 0.49498109506273785 0.5144205753616038 0.5370538869299548 0.5849781493842799 0.55914120711999 0.534044047368728 0.5441228235377695 0.5315080221303934 0.5587093556599446 0.5613377921825946 0.5567084488745614 0.5467792026046111 0.5153157548157988 0.5486188317603047 0.5654863642151158 0.5261604347923213 0.45851929528531926 0.4259796861491681
0.46219882059137424 0.45663379814211275 0.48376430685561017 0.46998349046981636 0.5179432688425569 0.5313767228417342 0.5343688856972874 0.5332961416546086 0.546597852650819 0.5540538919901983 0.5399697689283279 0.5103732616253581 0.49068915045515177 0.5002940835848855 0.5103085155107278 0.49400037703805083 0.4994847621674192 0.4916915259573886 0.45929169680007687 0.490601228323928 0.5027883942916187 0.5586704429393932 0.5428848850956467 0.5511876678397389 0.5321008608270841 0.534546191577468 0.5302802681269061 0.5410181654215963 0.5631885844130994 0.538572408781165 0.5347872544335048 0.5349997610840878 0.5287127877252695 0.5756705584486477 0.5418766847941012 0.5327176307776091 0.5306909470461424 0.5355928990066577 0.5361141063805385 0.5683067157511952 0.5519448307945677 0.4740382671669656 0.42236557735841546
0.45503197643628496 0.5081560746004576 0.5166267508766644 0.5330748726256419 0.5417904812434557 0.5213035095682026 0.5648435154454896 0.5133275116353838 0.5118677820855255 0.5599598647520215 0.5815935266287533 0.5205440948686794 0.545180472844605 0.5184761050285454 0.5300381374208644 0.49995810681389985 0.5053981374334712 0.5018394043701165 0.5071841775429696 0.5327543084626892 0.5063503137121824 0.5891470184070408 0.5940307163265472 0.5702769033147014 0.5362098118639076 0.5692369117955458 0.5941292170870759 0.5490370062120862 0.527927532194405 0.542660690424276 0.5173325329147636 0.5363017106679628 0.5675609608450913 0.5408340688985339 0.5496710066428631 0.5588639892511602 0.5534083657772214 0.56264139068104 0.5682011550534956 0.5432749665536941 0.5538744716998514 0.4748836781168839 0.4335355544474578
0.4936526949378543 0.5008478243658517 0.5168126289845426 0.560616032330375 0.5615368203472305 0.5409827691971679 0.5495780436890902 0.5269385336310575 0.5110482634223926 0.5370436874420951 0.5499258771009691 0.5415171826430688 0.556660990256234 0.5323313113781918 0.5401108905644623 0.5310495270575868 0.5317366045479949 0.5593214092989212 0.5548645434429383 0.5419603116678731 0.5804695888651206 0.5934323642906443 0.6044524418533178 0.5774255069122829 0.5674041998713548 0.5950295083896275 0.6009988413812059 0.5770791078132912 0.537523753867461 0.5091541138164738 0.5406533665209735 0.5244417092219659 0.5656233653400048 0.5405144561634092 0.5269306578321404 0.5394439893256244 0.5386975194273969 0.5788976571862928 0.5672760814341188 0.55061627332657 0.5594245559148535 0.4981340155489151 0.47381197496683036
0.5467893263950834 0.5503128664738179 0.5691227140699736 0.5734251764448101 0.5539883339521592 0.5592990420734159 0.5576166347502417 0.5397334228416034 0.5364719473213524 0.5341468415913404 0.5577415073738665 0.5709044272719921 0.5785648891066898 0.5319466738830217 0.5285420174732348 0.5649497883567097 0.5841887165195141 0.5738343499019753 0.5476067562205084 0.5930738820013375 0.5832559939959541 0.62216296566745 0.643296196048497 0.5964986081244535 0.6277440609410099 0.6134227188824802 0.5557230374626756 0.5582322989455292 0.5453799212170136 0.5148913950537629 0.5352237409371293 0.5263625688344493 0.5585182938812151 0.5467944922563293 0.5590204244677854 0.5348176017372885 0.5750077774046914 0.5875327760548574 0.5797348049198281 0.5276122928160757 0.5350251186214268 0.48106027226497505 0.4648965816825883
0.546201760315064 0.569701533764573 0.6024498688058588 0.5873657078400635 0.5635369381267573 0.5712371112709625 0.556516848993011 0.5652163490338509 0.5429243444031631 0.5595622150243558 0.594207454108177 0.5701231907253229 0.5824601917108257 0.5484149756189813 0.5772379185817871 0.5803319181743869 0.6090721017900396 0.5813507185848207 0.5876430933106624 0.599656238712883 0.6060049347296405 0.6151440953093129 0.6357526234921326 0.6196781439432805 0.5981098534407774 0.580518648405952 0.5912944685748187 0.5398524371370189 0.5237041298357901 0.5335554885713046 0.5591599831160948 0.5471257519103957 0.5373011984880758 0.5290613608086213 0.5498059961282181 0.5346975688576389 0.560429278202792 0.5553919353660846 0.5666256911294228 0.5318410315096149 0.5027289509561462 0.4882378549888974 0.4933030074659705
0.6044497041807214 0.5696543647999386 0.5890406705839223 0.5694962246563188 0.6123730084883816 0.5588363680820312 0.5522354872083031 0.5511614622234781 0.5543821171437688 0.5713199364334439 0.6084171815384205 0.5898864932018181 0.5788249171496567 0.5770714171828615 0.594018882718384 0.6031366567432226 0.5917480826496504 0.605374870189035 0.6203386866920758 0.6190739813753326 0.5746387392040354 0.613078861746398 0.608171873591819 0.6117291323329684 0.6251475122164322 0.592554889647856 0.5949405481603731 0.5639741067610858 0.5507635181758969 0.526076683674045 0.5651163133271607 0.5283230516419098 0.5517536276805319 0.5464176229082809 0.49482268150721564 0.5239219927210628 0.4852272326179189 0.5286649869873336 0.5274639401936271 0.5074827037830427 0.5150198603709892 0.5114960367402746 0.5044087429664733
0.6032348068547683 0.5986459126439488 0.6128450248549471 0.5773063726832814 0.5801365221217891 0.5684366095837222 0.5795582248675616 0.5903491833754897 0.5812563507570209 0.6070302963420626 0.6593979121354362 0.6492463725414792 0.6233784839082026 0.6341292993255745 0.6450344737621871 0.6312681180579651 0.6095758885108323 0.5975057566764925 0.6100044729582565 0.6153660134912566 0.6085779187327881 0.5936646313620176 0.6332465329074591 0.6483099985638365 0.624093065579527 0.636308710559916 0.635847205035535 0.5935006397607281 0.5720105611786053 0.536594706196028 0.5277659816148392 0.5118672872885821 0.5018956475133778 0.5320354470186714 0.5171774469207713 0.5141276876635438 0.4836738454995665 0.5421856177507813 0.5299129182395338 0.5324022972284459 0.5044476861521874 0.5117156727150562 0.4927891920518697
0.6117306564679543 0.5739165616122702 0.5947686225582883 0.5890702704813906 0.5995037686657828 0.6082902331221084 0.6013632702922991 0.5953317946933185 0.6483640403836776 0.6722415476637615 0.681072738406322 0.690558347412124 0.6574814198438449 0.6279648418455123 0.6427158804498418 0.6303288916159234 0.6088891012020364 0.6279008973507922 0.6493263508743351 0.629365991078124 0.6193157845539229 0.6550871952968569 0.6408605656296648 0.6396704504988556 0.6424937674148484 0.6486553267351769 0.622389518426059 0.5918655397588147 0.5305582027616327 0.523286014479777 0.523162372636914 0.5275935591517947 0.49704241133821103 0.4930068437634653 0.5209222476650434 0.5261563902332941 0.49418448929278624 0.5388577000341809 0.5738199783568956 0.5377699609443233 0.5027844631302397 0.521867517968782 0.4774696480327117
0.6018103876785643 0.5897289302315405 0.5686417547184734 0.5844183195067063 0.6022627691904907 0.5951984403322425 0.6314927849010341 0.6347234787301319 0.6861658041511737 0.6965814906550357 0.6943573280541581 0.7037040097098222 0.684667072071284 0.6758018929861935 0.6845727805251492 0.6438647371340969 0.6317180313478118 0.6280161208960822 0.6575715009727318 0.6301643391399522 0.6786509704713511 0.6812406939626687 0.674218803589835 0.6217323301914467 0.5945695163118481 0.6021067713911098 0.5758877941487338 0.5724581434386985 0.5432069558031515 0.5183015579522681 0.4880866770718252 0.5109489907857153 0.4619827116164692 0.4783171837398019 0.4930901967223987 0.5008922072210803 0.5078429038086107 0.5574470137965902 0.5963902347868214 0.5633763696980789 0.5476480891365451 0.5229683930064455 0.49010416298880505
0.6008454258751542 0.6136629203862815 0.574413284672974 0.6276783444444772 0.6340327015204079 0.6212812377235543 0.6296034792084229 0.6408990668461515 0.6713419077743853 0.6746034830594848 0.6896334708787762 0.698301441163178 0.7180490237463706 0.687158715409913 0.7107152655949972 0.661281248471524 0.6320464936775203 0.6567208795018464 0.6661553854275023 0.6852429337466406 0.6799112089849446 0.6654405666298714 0.6842982614752554 0.6146265755559643 0.5913149653920775 0.5758825132358628 0.5480081114877045 0.5612737207554857 0.5212173999730332 0.49581617204743295 0.46464973099186013 0.4819234510508075 0.45492191248157887 0.4914543357096149 0.47760110351279483 0.4857417565610383 0.549676418410331 0.5852779360717156 0.623496630868648 0.609442946662414 0.581937077463389 0.5497551875981697 0.5268689031540782
0.6226052592507588 0.6151745199384258 0.6206132349491671 0.6199570610594203 0.6497034893204741 0.6629161122416778 0.6588768779540738 0.6435608213279884 0.6862657801240553 0.6747946205058557 0.6967092360748921 0.6790943612838289 0.7084241041290832 0.6992607517836578 0.6907516425598768 0.6709076241208332 0.6796944756353915 0.6735932496770359 0.6950551484886769 0.6913199725703516 0.6812799487393816 0.6633765136410092 0.6375509962986536 0.6110097965445055 0.6150947682812145 0.5937969824264291 0.5434873868146403 0.5386782260666695 0.481898109357846 0.49240097506906017 0.46762506617941557 0.49373094226812486 0.5071273158877274 0.49340881050481794 0.47657204244100804 0.5014244519019048 0.5324274295286189 0.5541710601490024 0.5703827625990674 0.5668159796914892 0.552297700687015 0.537543818738025 0.5555351577563674
0.658487963133436 0.6341924750355828 0.615541012148445 0.6263528866091531 0.6545897565923133 0.630541840088552 0.6325238036824757 0.653464559141751 0.6698275126025296 0.6683478651375242 0.6652226276612901 0.6508241619980033 0.6560192982580612 0.7081929242024737 0.7041569987062127 0.7063432543316848 0.699775511480151 0.717969332269581 0.7179380204679265 0.7269468518950808 0.6910920075089757 0.647222942939149 0.6363799629856827 0.62934343509607 0.601885063217808 0.5823146622829235 0.5435191656903762 0.49980756481271227 0.46597464037403163 0.49656401311316006 0.5118424477764921 0.5228302595055923 0.5062428923514434 0.5355193161355182 0.533981067279552 0.5388757004186442 0.5387447848308835 0.5926410896988975 0.6078773632247625 0.5971610810334399 0.5506639642841025 0.5297684144174724 0.5496617471139473
0.6299245681161426 0.6567307278221437 0.6681861233783829 0.6217902200693666 0.6554523071068626 0.6348610934980186 0.6261895029571549 0.6480742109017088 0.6991327584404006 0.6911697247747929 0.6775463771886535 0.6297606418179196 0.6732278997586355 0.6814731479703813 0.704600081156867 0.7164638047358189 0.7274744967035358 0.6824242045631077 0.7112250787366575 0.7162718774733978 0.7017516635454185 0.6529266665054007 0.5964005888171015 0.5987452586453642 0.5758961776932195 0.5721054402406347 0.5621824740661957 0.5087590721229249 0.5244946484239524 0.4864524170756318 0.5072620606401134 0.47953422510564875 0.4842721047056112 0.516858993397471 0.5317880977076221 0.5408921815929354 0.5550812016043445 0.6103755890081499 0.5872092558680344 0.5972842468558371 0.5809253869316533 0.5516429233909579 0.5408844986161365
