Raster_benchmarking/DGGS/continuous/raster-240.asc
NCOLS 100
NROWS 100
XLLCORNER 1743156.4999825542
YLLCORNER 5469285.083247335
CELLSIZE 10
NODATA_VALUE -9999
[rows 19 to 37 of 100, columns 0 to 42 of 100]
0.36853118112707883 0.38539959733735213 0.39448203236955903 0.3892623382052028 0.37874440695229616 0.3876009557448346 0.40686300429163663 0.36207793283742146 0.3715310300389412 0.33286992584141756 0.3961020748978953 0.40208859265879837 0.4219792547480625 0.37423453442869675 0.36827246687173665 0.3985043783595302 0.4501608528614695 0.44754573437547746 0.4526193988633018 0.4730845464557925 0.5126494139064177 0.539139258350397 0.5551732292515468 0.5909581400095705 0.5864940088657057 0.6618964498960659 0.6148858479111917 0.6201217618522002 0.6267096226865468 0.6114874869266994 0.6005107997374441 0.6590877038221875 0.6774164513663751 0.745187935708317 0.7715931812186614 0.7758944672123143 0.7408677996468784 0.7237443354759227 0.7499827204946374 0.7415189608818589 0.7422566905964201 0.6784416770215714 0.723255382801233
0.4030271198777302 0.4099838758962363 0.3887892258000594 0.34368871208335583 0.3866965908129948 0.36407603487966733 0.3714698253813349 0.3073728659980251 0.3070684882351616 0.36148297436306875 0.3529159833904815 0.3575501958006346 0.3492497096492778 0.3511040810701635 0.387424224804054 0.4290625087535107 0.4746034647158647 0.5020582631030879 0.5068410734752187 0.5380697457374028 0.5251880090992055 0.5617227287261121 0.5572921853759346 0.6004835784522597 0.5843096782837071 0.6055437019859538 0.6220721712727261 0.6236289488786463 0.6101313858879857 0.6054642064146054 0.618556056861043 0.6202662878196421 0.6720823528842307 0.7260745556011683 0.7037183435444194 0.7439487765014346 0.7326880954065589 0.6710809741095547 0.6722249625942575 0.7021410827062549 0.6802104668051115 0.6594154545750589 0.6563685497930462
0.41133146800684545 0.4098830764465327 0.3933504037424386 0.3222983403500714 0.361759541711386 0.33654748516435695 0.3345455729059429 0.31129100839589524 0.3519556959139102 0.32859521849117246 0.34756757164950897 0.3284852836181159 0.33093877422947804 0.34806519274645575 0.4057093918145321 0.4308200293432842 0.44049506267230126 0.48605029237697284 0.5352467903167873 0.5414700125427641 0.5312422025404661 0.5310633037010096 0.5824857806795245 0.6046631777798184 0.5650137248565653 0.5965172421780008 0.6197885422310718 0.6808034591485295 0.654577217537214 0.6603422782735938 0.6607111309162774 0.6065260543549325 0.6668381926738052 0.7000584717881698 0.6831901776633157 0.7221421081107803 0.7320032283538068 0.6662374243533802 0.6332284255131214 0.5794304580345719 0.6284032853690708 0.5900455134251175 0.6428949331904135
0.4250442139414544 0.40694042015566206 0.35682736872570736 0.3464474320023408 0.36878974020400873 0.3412993350166391 0.3252402302154053 0.29400411859665454 0.3243260479444455 0.32887319144396815 0.28054111710901797 0.3523652080966019 0.3768027603800515 0.37624306542223707 0.4199642556056993 0.3947476012230562 0.4166620961797287 0.4738380759094064 0.482937683783134 0.5348053705744422 0.5098546715940195 0.49468744091883204 0.5167048661771936 0.5170651171121763 0.5672202088000599 0.5477907857620365 0.613185787384429 0.6087001837362553 0.663814608307589 0.6550567629471981 0.6427775118109987 0.5885505696571187 0.6197190525549148 0.6781794482883365 0.6583384871099108 0.6395314505314825 0.6764978402318174 0.6718430199113403 0.621906024549279 0.5692794712442061 0.6037150283617643 0.6024143914354356 0.64970894546859
0.4276110126391256 0.3759306582028178 0.3790454341720849 0.3837563774723179 0.32482706050918575 0.30467613796609677 0.3001518360832687 0.29448014091773095 0.2726705054424675 0.2842561568673582 0.27141482732820466 0.3066355051276713 0.3924924534151346 0.41344329489670717 0.38664500020079945 0.3729838675990075 0.3756518539170647 0.3911533108998111 0.4344635687168368 0.48368008357800524 0.4638176923304082 0.4602313400693905 0.48880084838698784 0.4707165276886707 0.5039798701543514 0.5369734021918038 0.536775142656922 0.5708286764617245 0.6075482106201668 0.6304344713349184 0.6454983676492706 0.5732215630350486 0.6116121514314965 0.5990049529355918 0.6285244526717426 0.5757569988219491 0.5873774219919093 0.6210864269635218 0.5733757547816624 0.5748554399890141 0.5796672380774136 0.6034978375781874 0.617089041780911
0.3937020926377997 0.4135165604096562 0.4125211431361623 0.36355427770308235 0.3510317406803031 0.30655331242102496 0.3347622447338392 0.3089499701702857 0.25993113355508307 0.23796822742337442 0.26826476441666436 0.2980130058641641 0.3619942769759388 0.3757517490424884 0.4160661996954401 0.3920448432777934 0.41022959263507414 0.41484178808362926 0.40261696239956246 0.43731849144189266 0.4733482096618941 0.4950529301890918 0.4789449627127937 0.4667218915507511 0.5029414358845414 0.5375242323454569 0.5530370763642604 0.539094068575739 0.6003335677133816 0.626642153869258 0.6224892237768966 0.593900869317024 0.5656686414527713 0.5566903846612814 0.5757391585604446 0.5944697555647862 0.5749995296709326 0.6100440387520586 0.5746976057210758 0.5501441496452217 0.5752979023536818 0.6430475567169699 0.6332067249720481
0.4256863097439455 0.4188625054858619 0.3805517338793936 0.3920657680811856 0.40722519175334304 0.33931580876090456 0.3340621183932054 0.28428099751927494 0.2617995581204954 0.2539401115379585 0.27951650343959367 0.31995321752258693 0.3369509290175539 0.3832366203851107 0.40036766987073463 0.40088704598288066 0.3705041588329371 0.4015600283947118 0.39977479036525804 0.3499045670764403 0.3870755608154174 0.4708787868709362 0.45854071427297066 0.4790029332729385 0.5089456764604139 0.5069299214546701 0.5332459593495139 0.531360829327086 0.5541752293760782 0.6002512329119242 0.5757094251113901 0.5681286780390938 0.5505529629053161 0.621145085545733 0.578029046270331 0.5742826438041212 0.5720676198718005 0.5819974271403843 0.5791590283828624 0.5904553028312151 0.619893134613291 0.6245942796472127 0.6843541328195203
0.44383454021818236 0.41603740438098186 0.4186829652758829 0.39866028433844447 0.4161968731740423 0.35032051911209666 0.3517102365618636 0.31634024734697613 0.31603130725210055 0.3195117091695299 0.3124518306525812 0.34693274699671645 0.3748074582999906 0.40224438884947084 0.40619605779556395 0.3836776223461262 0.3681898887823166 0.3508092015746631 0.3225034196087161 0.3326603079698114 0.3589087367465938 0.4204354597354622 0.4363336747384652 0.4544248020741302 0.5010438655727777 0.5154710545306019 0.5403838992516715 0.5460896267023996 0.5645325295274436 0.5456904130035937 0.5829488726538617 0.5879229114363105 0.549049199967989 0.6086182503181785 0.6143342237144344 0.612158194824586 0.5940428384659036 0.600280184866394 0.6031648939123219 0.6581105109994696 0.6519898117580261 0.6532944448721473 0.7167022676131771
0.45716552119711695 0.4782049819907015 0.450243171344769 0.480285129806956 0.4409153487169677 0.3996819690385603 0.3684523548530355 0.30303116571755495 0.28706873863638005 0.28664818684180127 0.2961106967750928 0.3461326972520925 0.37182079374322496 0.41098064341502494 0.3898268120924556 0.4078731306436692 0.32483100500306644 0.3154117639285154 0.33466042629176906 0.29530318613195106 0.3766804910816949 0.40161615057013106 0.3761158405891101 0.4013655902683964 0.47258743847683654 0.519571663254285 0.5432797688088633 0.5386101349129255 0.5643423706746724 0.5592226755589954 0.5359086259730153 0.5245259823076825 0.5083130979755637 0.5636530912613242 0.6012867833386281 0.5940511517267374 0.5897483202247076 0.6290612557410664 0.6263378355951559 0.7302027256742036 0.7272130212432341 0.7039389202151146 0.7279896738511984
0.4300974067315508 0.4584288809287213 0.4661401445434686 0.4712122442171185 0.44050661218144954 0.38086029441129177 0.3718996414858871 0.3171025914409136 0.2911625452588705 0.31521972811808796 0.32243824308471625 0.3596922910407039 0.3454512229624846 0.35636657930363724 0.3907380289960198 0.394284473187312 0.33843048393513525 0.31840050787969393 0.315666026026145 0.33755789328905245 0.3735580778125316 0.4081020677064448 0.3645923573273367 0.3695059886641652 0.410806861470505 0.4808370168671264 0.5101834182336077 0.5268980583927946 0.5515659721231659 0.5288482198659527 0.5750540182573792 0.5032453790390965 0.5057732937692386 0.5172355394436888 0.5436747530124091 0.5540433132903474 0.6328267858277559 0.6115896536430723 0.67555163155128 0.7465880427321269 0.6964982028709351 0.7272481650523567 0.6980744492425428
0.4202080624568937 0.40665341612431927 0.44429882923344743 0.45918242928172526 0.46621356385648244 0.422754037825387 0.37353118960543563 0.3723730870669614 0.3139039448181935 0.324551532238863 0.3036109265938673 0.3479945615536922 0.32171835237645785 0.3089580619662888 0.35026490750679184 0.3692105642552954 0.32643703857330564 0.34355523149019207 0.3168580808622953 0.2829637648561139 0.3777769200591667 0.4050128000784547 0.34959531769429064 0.32862038594053855 0.41444467077308295 0.41565778077252835 0.4793664975984848 0.5246439716880315 0.5332707873336651 0.5491392174525211 0.5534002601152945 0.5391492082026346 0.5268772862696947 0.5136161711409957 0.5660715953285388 0.559147141596139 0.5650499965165445 0.6182159525152767 0.6848377644789788 0.7707479919864528 0.7634565328118317 0.7154336671802091 0.759685336404855
0.41323412025875333 0.4151127633944632 0.4503380196570726 0.478164448513168 0.4154560694754003 0.4542567359513257 0.4018775664226729 0.40482674262561336 0.3563316980179089 0.3781891929844571 0.35147566203968655 0.359879229524787 0.3267231815234206 0.3636357550137286 0.3719828201023671 0.3873307631273942 0.3816054656891276 0.3524497477349321 0.3409733824858514 0.3025457316734368 0.33472180566485127 0.41078728177862855 0.3636412691984855 0.34033251116405056 0.3901480081654698 0.41041054201116695 0.4806329648763722 0.5047321622854137 0.5206085589019446 0.5387304019902845 0.566325449845566 0.5342032366246351 0.566596352183118 0.5513321543153565 0.552648670886296 0.5393529922148177 0.5833929403907395 0.6303234342722995 0.7156851476145076 0.7389252117538855 0.7844441854399825 0.7386483105316424 0.7625417677680318
0.42062031852338366 0.4460903509485 0.4693961337782207 0.45579264562866734 0.4433689473634309 0.4558181133899799 0.38999311049519797 0.3649011100493554 0.36746622495468856 0.34622730255832124 0.33766802415276514 0.3445799811678741 0.3394375763308278 0.3366575905182056 0.387366236272452 0.36370471185921577 0.3768233588334342 0.3684992005063857 0.3518738678260105 0.3497156187025125 0.3972036936020214 0.40379283619137746 0.3569736446564634 0.3810746591869887 0.41220304995873286 0.40651554366349496 0.44576060979385673 0.45456100605418054 0.49649942371342937 0.5657414912170677 0.5406734997999513 0.557398261634781 0.5947046833424339 0.5944799669615384 0.618160849895206 0.5885275034905817 0.6251968995745864 0.6322662890007416 0.7161417333109749 0.7173857810050684 0.7706081941091049 0.8209888833397491 0.7798088476898641
0.3892991808154046 0.4154982592053305 0.42199618841137376 0.45201011873278385 0.4130628788590952 0.3991841097417651 0.38281627753568165 0.39756838562179747 0.34419768105752885 0.3625227542669158 0.3713634370871749 0.3491231037992255 0.3468076797186187 0.39050949826727777 0.3884365722560656 0.37257458927169357 0.3453002140099493 0.37619262977424894 0.3645256581660773 0.35000211642996193 0.3881778902373123 0.35863514000399 0.3838507798670091 0.4418173777715916 0.4153691630706643 0.43238875127929155 0.469056279498417 0.49249025708238053 0.5345332888630782 0.5149621323607988 0.5166382049351238 0.5056269450857943 0.5600259130166034 0.5914659201917679 0.613028466866268 0.6292374569616732 0.6698807136341965 0.7008075714812123 0.679171869356264 0.7021256071266097 0.7415315225925271 0.8069380917400881 0.7940498963966831
0.4078262075473835 0.37446000851083977 0.4107827037445319 0.4353566671081287 0.41137535377514145 0.4205500216457167 0.44208692403396 0.3800457242040446 0.35614460435317297 0.35858463550951025 0.3354673328382978 0.37750071692044546 0.38160365732173746 0.40481356143824077 0.423976258536603 0.36322769656632364 0.4041421364930952 0.39471413246913845 0.3531727144915775 0.33482643153478303 0.33577580079525815 0.37170200756923544 0.40808218200814783 0.4728040415789128 0.4851952431473319 0.47403030465202867 0.5108070257470786 0.5072262502189709 0.48764050303678397 0.51606228634541 0.4758279383132849 0.49642925257884646 0.5239350636581908 0.5500167567600651 0.611377711975025 0.6552588582247852 0.6608211926452325 0.7429853846663639 0.737964258339127 0.7275210124330312 0.7471340233134808 0.7806549930150054 0.7962044921814982
0.3779364534528037 0.3845963764910751 0.403338430240442 0.43471399583727477 0.39872154329329296 0.4028809369538788 0.44996443500283956 0.39612152466389666 0.40860631142418297 0.35053314186014445 0.36728869725613317 0.4095821464919335 0.394906243218856 0.39577942653961445 0.44390922721405207 0.40570789059661055 0.4521469645735183 0.40210802585940075 0.3568234723003097 0.3216572376505622 0.36803616095934966 0.37376250130788663 0.4544519640236561 0.452977878809802 0.44435475644914485 0.440622489619489 0.4616716701356532 0.47966518161428945 0.5203070943685786 0.480098207260172 0.4807989916053647 0.5232077827856771 0.5414083488194927 0.5578764575223952 0.579796354958022 0.6338649231346195 0.6949173462123975 0.7351584468819212 0.7567832962587145 0.7951720696858509 0.8065339999738059 0.7821187090136398 0.7974663999267568
0.3451473967236104 0.30785283870902785 0.3553176740652597 0.38561352782547864 0.4298125954367259 0.42027105040764023 0.42890179146435226 0.45132835205696853 0.41913746549940917 0.38778775254046227 0.44064817960600006 0.47683225360530007 0.4520770592783099 0.44788923617480625 0.4674863519208545 0.4831585580440319 0.46915937157524956 0.4468347205172008 0.4132991558533328 0.35661610136945615 0.4284668703580922 0.4285115771823423 0.45087646132938014 0.4373873913606881 0.4294150988333336 0.41702326044156085 0.42576633309024314 0.45252163802452444 0.47842316304360055 0.4850933983177857 0.5290249016613909 0.5410865082510342 0.5281946552754676 0.549629713451965 0.6228696777066582 0.6724116103920635 0.6738079897762791 0.7462450300769352 0.7863868215682807 0.8198118108525346 0.8047379660356335 0.8465906220324013 0.8588832959805358
0.31667420391790296 0.363845109121027 0.37638964541455827 0.36542098799491896 0.40095893262139704 0.3970678442732306 0.46346062302459834 0.4314644766983672 0.4554300941017818 0.42596859495160994 0.4419943054117283 0.49385368309776656 0.45690005794828226 0.4685082185914895 0.5183962127051086 0.48836578356839716 0.4888282778714811 0.442206704097016 0.4068309395939393 0.40737669932030696 0.42890326979362936 0.3858013799161415 0.3935468894911689 0.43481415029093257 0.42969476751566316 0.39319952284215404 0.4337678009955947 0.46670909550782763 0.4756914570928372 0.47679331776275946 0.49553040062190945 0.5164233280501765 0.5526238911276556 0.5589447953802141 0.6595820899707054 0.6924431931640288 0.7005026103823021 0.7058959611047343 0.8020464253907837 0.80778590817416 0.8180222948633964 0.8323723821868857 0.8349349515205228
0.3153406091569043 0.37045968658541395 0.3564986690069118 0.37421987963164277 0.3872793886432946 0.41600073963214845 0.4231617081362578 0.44381611657249764 0.4381516158374002 0.4733355269094061 0.4880278064955587 0.47508542448727875 0.4974095353215207 0.5309318271831974 0.48024215437907336 0.5182324693196477 0.45681603769545887 0.44001430445682116 0.4151796163039418 0.4217203620180436 0.4088678680906526 0.37260641841355624 0.38316124549412794 0.402805202673303 0.39871139890864465 0.34854314322484303 0.39822443049172374 0.4162798209253766 0.4377766877671909 0.49509062461858233 0.5260296960649902 0.5036026800235548 0.5285249859415158 0.6024446558010064 0.6548384695252856 0.6997164910195194 0.7169121837247617 0.6964560631369417 0.7707101272090376 0.8242664122492863 0.8059489289837318 0.8297203000542994 0.8131596023838783
