Raster_benchmarking/DGGS/continuous/raster-210.asc
NCOLS 100
NROWS 100
XLLCORNER 1743156.9143606322
YLLCORNER 5469295.163596122
CELLSIZE 10
NODATA_VALUE -9999
[rows 57 to 75 of 100, columns 43 to 85 of 100]
0.6904811717756043 0.718514222182692 0.7063909926510339 0.6899432126228161 0.6657890893528474 0.6820865884234246 0.6560487221026822 0.6487781951474225 0.6573387124962523 0.6528589217810012 0.6205322548047405 0.6270723093133835 0.6146514881438676 0.6017851492436189 0.6521096621853768 0.6612512523632842 0.6120091717893444 0.6138387063168658 0.6285818391452114 0.6081310629145684 0.5945527991177214 0.5912316852088935 0.5492951251353044 0.5421584373038978 0.5585956916909215 0.5646515142190205 0.5300218930580031 0.5382379866358898 0.545992919556928 0.5881878840596734 0.567861460533165 0.5825823484705944 0.5774004141415189 0.5827611412033584 0.584482885976709 0.6110800331707473 0.579208540572646 0.5963624168208819 0.6249287137695182 0.5988778626154037 0.6205742258914388 0.5771972910578695 0.6141092970835644
0.6733543624902636 0.68555887212101 0.7260197607285803 0.7054984483572551 0.6931378297830726 0.6841142916032822 0.686158824833012 0.6399911743464685 0.6350536732889779 0.6627288138770407 0.6342313311351371 0.6058228344813438 0.636264190716668 0.6433807535995892 0.6474011852983237 0.6531087834942493 0.6171006991038205 0.637239495080051 0.6173304938984463 0.5967266915559281 0.5798374744940131 0.5756486260201704 0.5463306967203315 0.5555072406202004 0.5589877736349378 0.5392353923102798 0.5325700880335209 0.5258216701553489 0.5352461975777553 0.5500344892273663 0.5795285395809676 0.601041140413438 0.586473704304799 0.5728448308614136 0.5911164675141665 0.6080036836898859 0.6141344554784193 0.595605544158553 0.6279470758988626 0.6053512617141583 0.6114884952238693 0.5829518705485106 0.5921408714293065
0.6778137000665292 0.704850451760183 0.7262619748858644 0.722820563850169 0.7171495898540208 0.716656729653869 0.6849157732837725 0.6439736998919854 0.6490285157486231 0.651762651022345 0.6519148857372967 0.6146267126395628 0.6008665086342345 0.6134582082944984 0.6141836688264833 0.6289701476754213 0.650859702363429 0.6502239893879374 0.6029652020703095 0.570110318779327 0.5730236237461811 0.5590797785033353 0.5486489778875249 0.5649645181076332 0.530651959661593 0.5218982887188375 0.5567671990061884 0.557298220608691 0.5640497616141604 0.5459534965511617 0.5701235664463838 0.5688194893781202 0.5938228217067318 0.5916176208082122 0.5930030654402747 0.6065829096086203 0.6188626097254932 0.5980666610225839 0.6268423267756035 0.6433857978197183 0.6041576831546517 0.5873269146984005 0.5968512464069041
0.6651217222589031 0.6927411509131228 0.6907733000443195 0.6909310068561801 0.6930593315408009 0.6870528675604038 0.6696385315433426 0.6779353248168424 0.6844067299106955 0.6606327931821802 0.6497650137607028 0.6459817932587627 0.6153245486032752 0.6165685764649206 0.6000512486301741 0.6249765610708193 0.6379985071226321 0.6212000478182335 0.6020794232501313 0.5724002657096283 0.5489390500161468 0.5466121279685446 0.5635145303803168 0.5636796523145352 0.5510734172013361 0.5441892578416422 0.5369377937420795 0.568889259811143 0.5553080165073366 0.5416038396956159 0.5479059968129235 0.5722835703249601 0.561124697374009 0.5739232996789091 0.6016637773888959 0.5797343353995221 0.6177136001373141 0.6127524230420441 0.6325267647215626 0.6240184950234878 0.6242519416746309 0.61624957592507 0.6209083131679565
0.6446249745745146 0.6387500684807376 0.6476845514799086 0.6871955012529404 0.6907754502183756 0.6478508769690305 0.6583964107997661 0.6792121816443955 0.6680766945034661 0.6764081447399993 0.6563512803785235 0.6510100356968938 0.6510183818801202 0.6160906586985926 0.6352763619374403 0.6283612271288527 0.6413745669241315 0.6700945618276243 0.6172086903642016 0.6015972085021213 0.5943480330851254 0.5561545026491064 0.5600974029296835 0.5386180468152041 0.5346391217031029 0.5175310948361161 0.5252643278509936 0.5501849153072192 0.534548877209894 0.5531683125429036 0.5433360532286756 0.5639276450883636 0.5739703531557301 0.5514118174586706 0.5625663860578117 0.5722852041602731 0.6263713581553754 0.6224376231814256 0.6187141509947479 0.6416879703291957 0.6339012226616262 0.6467047215165133 0.6386390398599233
0.6287027165620829 0.6293245466342648 0.6462150225031884 0.6639033453591263 0.6563736832133495 0.6478110304507827 0.6558466177579029 0.649420806846306 0.6786432280909023 0.67190603969817 0.6650636182243965 0.627333793060343 0.646305333201332 0.6379084614948904 0.626882144477887 0.6271005929322826 0.6432670196775663 0.6725154929267203 0.6363082952788482 0.6215609612342798 0.5841435259722484 0.5754137396291695 0.5739553108865815 0.5498909339033528 0.540510554010126 0.5276633044489821 0.5625233527472707 0.5313770905379843 0.5430412708684398 0.5550737558702886 0.5780193829371649 0.5564245862716595 0.5823821999228443 0.5935530691688506 0.5810528994037198 0.6046928002439959 0.6093646452732934 0.6049521349561754 0.6549930877874839 0.6589573404684576 0.6320176058966561 0.627035885812893 0.6096155438829418
0.6495245189000871 0.6247268111340033 0.6542495385716812 0.6310805504409661 0.6600959389806341 0.6252191904021744 0.6556056361787211 0.6423921144840358 0.6601883534694042 0.7003705015997653 0.6659951123250761 0.6361544420574948 0.6198011833717568 0.5908911112745469 0.6160765328431586 0.6562100243278418 0.6624339879913986 0.6610506324264401 0.6360517150063266 0.594990686303971 0.5879304512583535 0.5941787715276535 0.5595795197635374 0.5474336298787589 0.549805900329228 0.5528143955883512 0.550869646286094 0.5481722275332631 0.5561422560665732 0.5974291415911877 0.5702416848813687 0.5905301863162798 0.5779342479819588 0.576094869795159 0.5908909709179985 0.6082494257152111 0.6011409522947011 0.6200739446503886 0.6458872503081282 0.6613927978558335 0.6343255703477212 0.6186640088633233 0.6153122903596439
0.6422870269592208 0.6586798642509839 0.6552066867858121 0.6410951353749247 0.6412655773672747 0.6414113458188047 0.6504288855204762 0.6694790522170069 0.6496015699537656 0.6579590799851177 0.6626059230996912 0.6472564245797209 0.6025437938627578 0.6006083763248103 0.6150843964867898 0.6150003126416963 0.6170237808307222 0.6054119603889929 0.6329457618579608 0.6127198713039652 0.633157854260295 0.6040578194913445 0.5907656688212084 0.5875303724741665 0.5768955618593967 0.5733224484170004 0.5832031898568915 0.6050187387515892 0.5855381873562329 0.6209171192526977 0.6043401949858472 0.6263011790217509 0.5927442485438406 0.5757811868440007 0.5768239175375527 0.6090101279571002 0.6265338449667093 0.6430005189000033 0.6504672608101454 0.6330816978630199 0.6337176374029054 0.651685462202246 0.6448539226100689
0.6595525168815344 0.6247033508332169 0.6620740439960963 0.6817236177203161 0.6465403542855601 0.6296090631399149 0.6567186294874873 0.64480205951843 0.6359768993141598 0.652467057650508 0.6236419735074742 0.6123821326427604 0.6075177746281988 0.6092632154652966 0.6157587270864875 0.6222916063066082 0.6123090439729462 0.5999812763400275 0.6056893370551156 0.6436706070481888 0.6197876676757169 0.6365378207062805 0.6129161982829482 0.622830380499143 0.6043420810343716 0.5676500690968038 0.619839044522594 0.6296978832762018 0.6366738791919828 0.6405685522351041 0.6510043350397762 0.6306155290085415 0.6090289730143224 0.6214211220520043 0.6036850245673189 0.5843118902390985 0.5925936915576978 0.6125893126404717 0.6236780103519901 0.6377459880148161 0.6330574206639024 0.6444856586745101 0.6415144123861796
0.6580457117965418 0.6529599688576398 0.6525165938295874 0.6862993190109374 0.6604858376871602 0.6370848314228305 0.649552468407568 0.6700027215814583 0.6681352640388134 0.6601411330701932 0.6339906666764555 0.6462624713454642 0.6100675099398885 0.6316661863254909 0.612992771027411 0.6381101265110047 0.6173536664828134 0.5935175800576303 0.6199869543589279 0.617758090906978 0.6204078570435446 0.6303378894380706 0.6179594910509436 0.6307726113608055 0.6037805347583938 0.6000622765456964 0.6130040195124098 0.6335528088016091 0.6109033252825672 0.6190787562805681 0.6405819481734643 0.6040349413831517 0.6152152185764779 0.5897609859968644 0.5968336030014005 0.5882566657939037 0.6013236755959169 0.6281015404352328 0.6620696637168832 0.6521104450841877 0.6777404520690127 0.6642204742757297 0.6732285223561955
0.662672993765198 0.6711684269660683 0.6960385344674302 0.6941985904666866 0.6760845541668179 0.6949136955885258 0.6677165541737632 0.7008778405126845 0.6670270150533608 0.6876318859950848 0.6436739445399364 0.6479903880351368 0.6407243648591269 0.6201003491283986 0.6398224069495054 0.6224828611575398 0.615837048663051 0.5957573028103158 0.6319182745614196 0.6575565625228915 0.6368161983368185 0.6245668257130221 0.6192420927398916 0.6271287271178265 0.6369297023596538 0.6028718578119572 0.6302817654891907 0.6035149475301459 0.6432125314273031 0.638098261499595 0.6188992650052724 0.6126878030504469 0.6374235066363654 0.613264448577997 0.6368683459926043 0.6513523796412723 0.6422707914831779 0.6425612564141181 0.671445698427699 0.6711204644391251 0.6514774604302365 0.6715373726604996 0.6768846463827697
0.7111336897318995 0.6801970426419534 0.6858685535444106 0.7089368890550906 0.7096695570658337 0.7180350919831103 0.7070389072604322 0.6901127343075608 0.6998497246961403 0.6753495175190867 0.6638545314300096 0.6519229679877011 0.6661245341058482 0.6621880894289468 0.6239894797405444 0.6361222218744914 0.634408629552698 0.6417251173841845 0.6248147110793033 0.6480145546460114 0.6389336859462875 0.6695656310276108 0.6734876422091368 0.6326353048453492 0.6334130752104241 0.610969824634625 0.6118814281598772 0.6083742055158466 0.6358181431775937 0.6284686352297858 0.6189320964502412 0.6358664607293519 0.6330168972225472 0.6373014618988105 0.6681702604021696 0.6791912403453132 0.6797248552498679 0.6709561422019217 0.6611997229112099 0.6892195434421519 0.6643241854089994 0.669093545479956 0.6690841445533393
0.733841517952141 0.7042143761621086 0.68482106187511 0.6999202355636788 0.6871136831119993 0.6816441608106804 0.7134954447737678 0.7017891823733088 0.7218096899247478 0.7052655136821863 0.7031660501167301 0.6927429794345183 0.6602487208304136 0.659861181623178 0.6433955779310441 0.6125826248828483 0.6483945354485315 0.6322070435079682 0.6543291528967481 0.6547062053515397 0.6591772209083326 0.6800556339187196 0.6758244312977375 0.6878564195343987 0.6354648028158391 0.6246148538178999 0.6476755958137622 0.6254834123873017 0.6282625047140804 0.6261954456498788 0.620266834076484 0.6453012418413584 0.6635426729956349 0.635779293460201 0.6584446006038656 0.6940817649029691 0.6982131943002396 0.6952173381139592 0.6672388932114887 0.6899822685634401 0.6528155529898054 0.6633959064545516 0.6604266601950007
0.7530928184799061 0.7600983404196737 0.7398932689237214 0.7042800788797462 0.7060943558646707 0.6805001437011827 0.6965053796419582 0.6810895908921903 0.6996903919744604 0.6642267604655115 0.6730521357947254 0.6785047483767448 0.6844413097827778 0.6750231981620163 0.6725268324727292 0.6681786114360674 0.629150727467502 0.6409015716531639 0.6437977209752912 0.6444077234086849 0.6838273353370873 0.7023211022990209 0.6832958438771389 0.7040258825726649 0.6839853335948425 0.6576635058263268 0.6604011162371859 0.6774380655850922 0.6689477713420526 0.65604565951168 0.6803785419725032 0.6754452421807976 0.6943327536842435 0.6823863048677923 0.7001342885040404 0.7134793052437914 0.7068974153201963 0.6959603222951685 0.6973530372562506 0.6747720699086354 0.6572229656509586 0.683303353382265 0.6674116441564439
0.7610104885571158 0.8043601190140838 0.7434802061578797 0.7206987365320549 0.7151625001565312 0.721910413431759 0.7347377035832915 0.7138993703453181 0.6955686413152001 0.6535970061262992 0.6922002127308974 0.6886517391934209 0.6717947454422052 0.6953651559578412 0.6809323880280329 0.6856601171293072 0.6556247880758692 0.6457546742929536 0.6662729202079343 0.6647296104012599 0.670118675859202 0.6879398542885476 0.6925432311754015 0.6761439881088293 0.7130946559009281 0.7101781384969098 0.6925482994561079 0.6816436325482939 0.6830553026509687 0.6870758669044257 0.6975151974505788 0.7256255808056549 0.6979241816942893 0.723664874728086 0.7245910900087004 0.6940521484200439 0.7022079454973305 0.6973124268794141 0.6776076202845502 0.6790845103498846 0.6603409867284227 0.6717230201542119 0.67510812176796
0.7850343874199647 0.7638814558028802 0.7470214670284414 0.7124974583899696 0.7135006127539197 0.7199706930192198 0.7169836005629845 0.7017038766096675 0.7073362790737436 0.676453630989957 0.686686855211057 0.6799900982917857 0.694732877103942 0.6882171343074037 0.6927255448955336 0.6989601314112064 0.6890110108078333 0.6990751750033716 0.7022807909049804 0.7096547855220482 0.6898861799564999 0.7150440124329643 0.6833758272836383 0.6758698837355464 0.7247660924364983 0.7427416217746129 0.7246247014976706 0.7029642308378655 0.6868360569783744 0.7107180875797098 0.697051439509764 0.7073891035511873 0.7115780342825726 0.715770927637642 0.748305930618677 0.7514156616171042 0.7213636287433363 0.7323722931211152 0.7129267351844043 0.6998554755882894 0.7073995215518618 0.7056431168322235 0.6991501225650644
0.7645728579396457 0.7344256178970107 0.7322349198575211 0.7507268184762235 0.735796296746778 0.7100429033820077 0.7344031383661722 0.7071399669828864 0.7161766586192041 0.7118388371686113 0.7210404779930715 0.6942223550661509 0.7001233627338918 0.7031564610628815 0.7287172026077564 0.7330753541951036 0.7502475003857543 0.7442307695639595 0.7137161129276594 0.7345621441290785 0.7181795878046965 0.715954016926895 0.7113784403004753 0.6837794308420552 0.7420780407251759 0.757501599355766 0.7349156751413777 0.7345314823117842 0.7078784594968104 0.7235604883816797 0.7326369156234851 0.7192324923548644 0.7383224841713123 0.7447833319776022 0.773171693934413 0.7904654913893643 0.7401813455959607 0.7300728390707852 0.7413903069636723 0.7450726905192606 0.6958583457227513 0.679427885769525 0.6802506715181775
0.7345204026504316 0.7314647438585475 0.7352232984773506 0.7716817418642844 0.7497894465260144 0.7449267858105373 0.7315481020194656 0.7614474026454011 0.7555993772375275 0.7685160151454715 0.7297078357941824 0.7133522234422297 0.7014571603646436 0.692785593703858 0.7406516218925043 0.7612532950205015 0.7664565059590034 0.7434578952808741 0.7223036493650069 0.7285152997094154 0.7363110226084479 0.7243244206728243 0.6949606726013906 0.6942794936483919 0.7396744501192827 0.7647984787753471 0.743371549788011 0.721587185867049 0.7303713085915118 0.731128932098534 0.7453485675933816 0.762676771776898 0.757206431260738 0.781677412593 0.7927341638838394 0.8106305041701887 0.7972441412573662 0.7665015286072483 0.7471904469614836 0.7385614189779954 0.7161347267764898 0.7348295048607897 0.7276513093666501
0.7616091431274962 0.746489914306359 0.7740062410551892 0.7735781180253344 0.7860220144741684 0.7704948708663191 0.7837341076834506 0.8159242823707763 0.7884754587109527 0.7917198957979332 0.7836195645578208 0.7331706755440671 0.7156125571474174 0.706466276657999 0.7405294390956364 0.7630866832761816 0.7735949187572154 0.7530044863204004 0.71873165391966 0.7326441524487298 0.7167992410705871 0.7289132090700206 0.6984759728073667 0.7370409966707447 0.7648266803648782 0.7546439685625286 0.7474089609669964 0.7258330088177164 0.7165811440973686 0.7495948181648372 0.7737369610801833 0.7612297249482387 0.7561592776884294 0.7646433151342809 0.7906856374833683 0.8175535047302721 0.8323724099359916 0.8229720941426498 0.8069468114736533 0.7805625584872468 0.7479260929726324 0.7484957292871782 0.7446244262412746
