Raster_benchmarking/DGGS/continuous/raster-50.asc
NCOLS 100
NROWS 100
XLLCORNER 1743166.051239448
YLLCORNER 5469296.3659528745
CELLSIZE 10
NODATA_VALUE -9999
[rows 38 to 56 of 100, columns 43 to 85 of 100]
0.6658214947464095 0.635137779429416 0.5992507151758933 0.5992055042993748 0.5763479692502648 0.581118995346348 0.6086847606334778 0.5733740387619465 0.5765765145264957 0.5749811039891352 0.5509749515321378 0.5652290178232684 0.6121106460940249 0.6087637691041775 0.6676819071385203 0.6570562358667292 0.6672999058447435 0.6085113216677184 0.6368744014457964 0.6315113056319935 0.5812761522401303 0.6049834584996642 0.601033523034257 0.5654692360559284 0.4938379469148351 0.4590599854792329 0.4574572136189908 0.4884137008030844 0.4838672714929639 0.43833944627615334 0.4446332412677362 0.405540616689447 0.4107365459412959 0.4278552497806646 0.4548107300789802 0.47156256296953963 0.4826754077037119 0.4820242958086791 0.4642292903793735 0.4311860872815807 0.44267286562817926 0.4224519713479167 0.38723229228499145
0.7132613125474254 0.709004473573449 0.6696296788571837 0.6775806585576286 0.641071758450896 0.6214510646176449 0.5795354675581941 0.5775548787862677 0.6170163867843752 0.5922156804767327 0.5504869325817647 0.6155545908960613 0.6488670149153156 0.6425430416010076 0.6444151147301864 0.6650473190687191 0.6465016957678268 0.6398974950023243 0.6405755248095831 0.6462519275412983 0.5797244143439366 0.5472809426088238 0.5627286167982477 0.560551258145581 0.5029789072362583 0.47447098740554233 0.46730666586115766 0.48321688822987047 0.46379615639104693 0.4667776386618883 0.4493336101408082 0.44594469395670305 0.40048916536774165 0.4083579493780425 0.40288816534575617 0.41117215140467317 0.44130105821448934 0.3937211798598935 0.43174953003006106 0.4368231431747302 0.40457669776465477 0.4258537276393809 0.4109726848408774
0.7373347720204645 0.7516988060626889 0.7549811360968148 0.6924049473341761 0.715516843172791 0.6486611725798441 0.6024825208587605 0.5997453689042446 0.5897401111671658 0.6007680009028684 0.5524958961290283 0.6320154898117802 0.6087385315749568 0.632869426004153 0.5971550006261059 0.6121088983277915 0.6538205660312623 0.6584662441649771 0.6599918812976174 0.6132466273520985 0.5776543045594053 0.5488496213309703 0.5670966197560618 0.5721258219023668 0.5577915995894964 0.5292266782501232 0.503391325617867 0.5237716726592349 0.518850156375076 0.5282071430721375 0.5007997899268719 0.4478414652326441 0.3875095421166615 0.4223828577868163 0.40845216376063415 0.4283073596369376 0.388336075904623 0.4039384073095586 0.3764874738807449 0.4018743871668795 0.38357357099556183 0.42010958401565435 0.41084325046818504
0.7629358849298505 0.7717840720641692 0.7576787685969203 0.6891295669543698 0.7028018807962472 0.6380717676528727 0.608279521740871 0.6318731685863599 0.6186170237350858 0.6036332169965077 0.589480174182563 0.6166455168057535 0.5924710402029398 0.5959593124858084 0.632535406445774 0.6006436667184212 0.60085646936776 0.6323144564400991 0.6573474184629767 0.6611775517945746 0.6120571777691909 0.6188044839343914 0.6196775282382433 0.5653000259804939 0.5600257064090421 0.5741668532423132 0.5718490545628809 0.5797177576239684 0.5777227169469634 0.5186839525999295 0.46307842574038105 0.4317532799516377 0.4025281185229817 0.3827602036314625 0.41531616558704576 0.4002479376363886 0.4143360761570124 0.42546622822454777 0.40759477137285005 0.40847889669285886 0.39682206016419724 0.3944894063520893 0.41828417338827223
0.7775196558383641 0.7861880913995055 0.7382064067734077 0.6832964694653395 0.6754530891463515 0.6686272819143093 0.6593551579347606 0.6616764866777627 0.61074526190593 0.6097509438804685 0.6036028540718021 0.5891635285893352 0.6178419808910286 0.6602879961715594 0.6586629367839373 0.6322473325174022 0.6228382232134022 0.6392774023609256 0.6232464989764649 0.6697234874716251 0.6497135463341046 0.6291661460246009 0.6555498500726763 0.6120842449745227 0.5691573643004768 0.5632299179406344 0.6047763416442996 0.5738819142875815 0.5659272064940324 0.5624810240169845 0.5358306632234772 0.5004341831068231 0.4117503181538331 0.3764016596173665 0.39140295589175983 0.4014932224753816 0.44879691412827755 0.4131962001005919 0.4160854074021481 0.39840799497492296 0.4518038746131312 0.45133840563746297 0.3818929885419752
0.786096235199497 0.779643749147175 0.7552756485227027 0.7017732531040931 0.6643275741179206 0.6419614146113414 0.6240825764395566 0.6306413434863329 0.612218774373518 0.5872023075403109 0.5822035118712523 0.6260749888021131 0.628109550415964 0.6722690725625978 0.6591746083040515 0.6585264552524972 0.6225754708572544 0.6044349647326307 0.6314017101249809 0.6426645980762942 0.6318133603598497 0.6350177086135862 0.6453820268627151 0.6242133879203591 0.6299267727822987 0.6230902154999041 0.5883718014884406 0.6208526082661054 0.588875402322686 0.5775503775496326 0.551106830617207 0.505087023366864 0.4496682474555216 0.4104363503609346 0.4051902175840256 0.41978526670846183 0.4546195337902149 0.4196982215997947 0.4304067399115139 0.4518800165494037 0.4925196336687271 0.4676688129595182 0.3910682660124103
0.7514653410510148 0.7369556981488511 0.7755733815021705 0.736923508663384 0.7158868789335575 0.629898881000672 0.6280027015016121 0.6324385290406748 0.547493653275653 0.5768265076422953 0.6252482404349611 0.6684104142190472 0.6986412390260041 0.6549714316145269 0.6267152322096116 0.6519966764021982 0.6618331919380956 0.6246550617521491 0.6151773058537638 0.5932172301869405 0.6512708915979047 0.6187683318856539 0.6394036827825724 0.6280993665666484 0.6181701892762778 0.6324378953385665 0.6193794073101093 0.6440546605292561 0.6076345642936162 0.5492758234444464 0.5545105952252457 0.49615461965476326 0.4154826618155808 0.4350121003073895 0.39545732100976655 0.41019891499160793 0.4444658337991148 0.43065132472561335 0.4037961137776365 0.4228083591936887 0.5011744192197871 0.4913019343250049 0.444000449461624
0.7422745341216307 0.7236315711562787 0.7220220395965503 0.6801441588261575 0.6600848474790326 0.6498703573844413 0.608347952494225 0.5999585450964832 0.5506922863895498 0.5935500934283807 0.6329261222936268 0.6571053979671181 0.6544529381309397 0.6020955867843902 0.6440931030106284 0.6439196691023298 0.6303283581898705 0.6147752104647325 0.6049786628074653 0.5851951952120201 0.5792157737727408 0.6104992536577197 0.6271081929903924 0.6112179868324802 0.6315127703748986 0.6298431932472989 0.6039916065641203 0.6569881283396702 0.6010548398991646 0.5926179991423589 0.5158586806788421 0.4863093322938247 0.4343584390504073 0.4486513882518702 0.46091565486546926 0.4587977048806599 0.4663626423255276 0.4272646093466818 0.43860757042017556 0.42798728437010103 0.43312385168412165 0.4327668307453573 0.422759491483106
0.764173193147965 0.7530057832259625 0.6750241820872139 0.6420169768597381 0.621467089067561 0.6116129280567656 0.5735111450798434 0.5627658995220581 0.5670517371695684 0.605550211039555 0.6379907276288178 0.6562073782774732 0.6052683616889064 0.6402309766665414 0.608817337130752 0.603634201586056 0.642582489310258 0.588703468068203 0.5939967575371867 0.6208178782089586 0.5846546409061267 0.6142726258798957 0.6081456232848361 0.610511748569508 0.5717123025689818 0.605393268446328 0.6362920314993195 0.6423196122813075 0.6281051892657747 0.5757985834618117 0.5414526004452505 0.5400408581422927 0.49780677776846005 0.43078219792564304 0.42164727247296735 0.46287061047960154 0.49423921765787693 0.47292861073228337 0.43959066080749204 0.41658416461991093 0.43068431847329797 0.4175552963104673 0.40305990220651333
0.733908947575393 0.7294828965259307 0.7167803506039002 0.6758294651619429 0.6596235108861959 0.6289735400174737 0.592427002704113 0.5668347488653771 0.5818702711210192 0.6031039456973621 0.659527074480069 0.623826221882246 0.6559344097138229 0.6348914061553569 0.6229232718688932 0.6403486604146844 0.6228093082897975 0.6107248205141125 0.6341559827009131 0.6160682331889153 0.5994733381540855 0.6046441538552468 0.6565549288966209 0.6402077137382991 0.6316551694286375 0.575658646263169 0.5850811819659841 0.5971901870015935 0.5377778793912614 0.5391538549015428 0.5830849471919041 0.5554730230121896 0.47223529059407243 0.4489588776102001 0.48741902394862535 0.4568956930039382 0.4753997570442738 0.45988003571552843 0.4096742761940242 0.437401749170754 0.43501732678958255 0.4656196482012753 0.41549854184804863
0.7233285493437587 0.6966643212581034 0.7156865785271074 0.6668771103284343 0.6712271235456495 0.6021937832591159 0.6029408880548429 0.5461988597567066 0.5666600558026519 0.6034986688004118 0.6488533769624738 0.632277079612757 0.6297466279974223 0.6316349467498826 0.6903814066108901 0.701967542880513 0.6716514810592379 0.6018519632102788 0.6158451767666898 0.6248063758304618 0.6216627714719268 0.6702412978157319 0.6565137596140957 0.6067643820490023 0.609321574786297 0.5587667283652545 0.536319215900725 0.5657122727813089 0.5095983263887357 0.5183897516066748 0.5747877708044984 0.5442654797479597 0.5114501415616504 0.526675229287444 0.5010994191653861 0.4896365200476473 0.5201962597585316 0.4542607476925981 0.42146155112648565 0.44430405504577336 0.5026421075311984 0.438515898029429 0.46316944675205907
0.6786330182099255 0.6464777506863778 0.626910610666869 0.6059707243500355 0.5891093034231771 0.5858903345811634 0.5521943191844076 0.5833098775916833 0.6214276891035851 0.6222617287029694 0.6049083751839226 0.6125750726776701 0.6111061149228739 0.6423596022375111 0.6562809211336713 0.6811588376952368 0.6599743251295631 0.6397333658128157 0.647865845717475 0.6517894991163808 0.6552374818837468 0.6742390449404393 0.6724513472316603 0.6108554318635838 0.5727605523274377 0.5768114645522042 0.5540255967508986 0.5227672908696582 0.5406547242701255 0.5590609224968852 0.5451684842882244 0.5450244608125328 0.5191189653196028 0.5215828464918106 0.5255914884960986 0.47578040014661 0.4992589614717418 0.46983290858634486 0.4410919566673707 0.489800466089323 0.4991566532781938 0.43943571354861705 0.4694134667775273
0.6604589431273141 0.6482559868963904 0.6114001491530745 0.5935353956828364 0.5556629005086754 0.5326396790772284 0.5617411952521173 0.6034216437366546 0.5866926183550748 0.5762591287375554 0.6038771494009426 0.6288365891841179 0.5864540499503131 0.6197352829464471 0.6610914441304582 0.6728194018051379 0.691888961707167 0.701136396572014 0.6452481790366973 0.636508253017659 0.6135216472949229 0.6912333769194767 0.6876046258057346 0.6325299933731239 0.6140636339926618 0.5698156116951306 0.5401382338874047 0.5601361206745363 0.5565692669963445 0.5862187328654427 0.5980363946168753 0.5490467364582908 0.5705822027021225 0.5672979547425068 0.4869354234956986 0.501136016305227 0.4865367501214522 0.4645081065288249 0.44579369947323183 0.4583255437150362 0.4799652962017272 0.4249619123939078 0.40953071374562655
0.6971407151053356 0.670280314269765 0.61159743271362 0.5838938044412609 0.5171934864295951 0.51900692146689 0.5785141812922191 0.5791498624491168 0.5702076376253666 0.5943563286300156 0.6388341914495008 0.6166666659166693 0.5662149554835784 0.5747085198008901 0.5811385183749126 0.636174751734309 0.6775420686512655 0.6916033671939154 0.6403122803594009 0.6317780258303898 0.6310121596499694 0.6800854733896832 0.6404849770674682 0.6213354339925973 0.6415728900193229 0.604500889615087 0.5680739184997712 0.5480630967236911 0.5878412622822848 0.5699850675154551 0.6255266611067652 0.6172790996628887 0.580268831122168 0.5864836828421747 0.5067994589640489 0.4623377789909901 0.47776397844092844 0.44700868226937746 0.4258870871882598 0.48980995491316304 0.4867032063840018 0.48038077277361024 0.4513457391644389
0.7369712423509446 0.7073168434104838 0.6305275776344136 0.5613643192099488 0.5267453980431767 0.5324787974708985 0.5621452287619817 0.553738920528374 0.6071163693033624 0.5871507360821528 0.6138852071251077 0.5854991762674739 0.6052254282272779 0.5967582569937367 0.5742598607070507 0.6017367065245369 0.6548242298389054 0.6333927586442866 0.6853536918350992 0.6503459312434874 0.6924732276230993 0.6456310803907933 0.6275645142811626 0.6479719122090036 0.6189840335349416 0.5987629841057087 0.6187748438348187 0.6195751402426967 0.6103159380851445 0.5724238396023702 0.6411583569212977 0.6397654534863657 0.6028993008907797 0.555783233651358 0.5638945278347356 0.4573479990513718 0.4416606882794133 0.4037922918524988 0.41377453504469586 0.441344503487248 0.4960403569683597 0.5165243867966809 0.5003913529696816
0.6965843585155271 0.6855171310422462 0.6844886629599983 0.624182459707134 0.5917976903589407 0.5669753594505701 0.5400314654021291 0.5693046837786422 0.566111560610964 0.5721142681242946 0.6031359863229109 0.5491950600034426 0.5467691594252299 0.5599910864742815 0.6007181872079861 0.6287854159667815 0.632131871463574 0.625438763815663 0.6598404797781757 0.6754253854480882 0.6846705635954262 0.6906249038754704 0.6439576613591552 0.6348218588176604 0.6569053959881995 0.6337329742117674 0.6543460024876913 0.6117900765004866 0.5722731273021556 0.5784289730853354 0.6024743616164123 0.592500899858263 0.5658123242423702 0.5448095774493784 0.5295541594896553 0.4905624845006652 0.48885974459204773 0.42789742227956845 0.47178203196426666 0.49598671335805056 0.5480762469982187 0.5145692800742392 0.5031345798010541
0.6543715249272163 0.6372429394056917 0.6601462053581965 0.6588284311256748 0.6244041476126622 0.5979329157156181 0.5975042175342931 0.6312377466793563 0.6120476865505523 0.5716519300149426 0.5622338700509117 0.5359555877747476 0.5288321123764457 0.5603425847025897 0.5945933623412293 0.6453853724212323 0.6303536387437291 0.6330259148150376 0.6409263735725379 0.6935766981966411 0.687053870283763 0.6855125608859248 0.6657887027177929 0.6430829537705263 0.6963598530309798 0.6505328869286833 0.6166770750510819 0.6206668570965672 0.6011183005221303 0.556004507317423 0.5540577415620423 0.5778786929591193 0.5644708888166815 0.5580684878363025 0.5852854553418306 0.5181129125469197 0.4604276011185948 0.477591298409338 0.4717766508319821 0.4917779649069909 0.5504131273010487 0.5372366849629074 0.48734665507692343
0.6602491188203907 0.6220273601146377 0.6074857533854378 0.6118906405457238 0.6242383487296543 0.6215644346776783 0.615533596491198 0.6124131577345283 0.6098524513478308 0.6055157001190777 0.6065211675602384 0.5959501585326141 0.5897311640909197 0.5913184018560848 0.6297344430888998 0.6357341893644184 0.6601781710293905 0.6611762058562036 0.6361694599090733 0.671438274541994 0.7153114013334618 0.7122383861799891 0.6953852003985809 0.7074205867353056 0.6981822446178644 0.7024904632263299 0.6546906455109838 0.5898552167782944 0.629829724170116 0.6046530998792998 0.5622081153424894 0.5770218648851427 0.6002789215911892 0.572639040981453 0.5686606458047815 0.48411049549169877 0.5101355400977211 0.5365806275788725 0.5560892482573009 0.5089490810635166 0.5527004859889295 0.5471904604516794 0.5846899308031499
0.6051865919942702 0.5915718174771014 0.5700651312542132 0.5779546592422634 0.5660438684104883 0.5827206850304969 0.6303386282588518 0.5853464396896724 0.5349876953809242 0.5809899280282 0.6044634257458797 0.586554029066304 0.5545654496082039 0.6174708765032081 0.6637175071453527 0.6454831110955366 0.7180236195630502 0.667203577884168 0.6831446439024423 0.6713695396358289 0.6859676858730577 0.6947509207998595 0.7371087252858065 0.7045319124819274 0.7291702440997878 0.7025473410695883 0.6437289017902774 0.6492595607809617 0.5993577745798223 0.5784048598562493 0.5832290505213406 0.6072012050020151 0.5715424340920529 0.5785532893303758 0.5105770528118964 0.4882623858869286 0.5150532533659159 0.5342775656950488 0.5720979681203423 0.5131301018444981 0.5386463002160821 0.5839173890678931 0.6396274735481705
