Raster_benchmarking/DGGS/continuous/raster-301.asc
NCOLS 100
NROWS 100
XLLCORNER 1743164.4341449938
YLLCORNER 5469286.381582434
CELLSIZE 10
NODATA_VALUE -9999
[rows 0 to 18 of 100, columns 43 to 85 of 100]
0.9144343701883496 0.9185010291652155 0.9275315042268674 0.9355792413706858 0.9346200631615124 0.907377292685733 0.9044077988054604 0.8992104691724536 0.9276927635154961 0.9282200082795119 0.9317927237869142 0.9213966243420911 0.9305841000777363 0.914784977672698 0.9451738501363525 0.9400824411146697 0.9598186652903363 0.9760538630258428 0.947872587671123 0.9218523584665621 0.8974243344614384 0.8699612723754979 0.8580720298659125 0.8398299905364053 0.8239149122266136 0.8541134533280311 0.8218257790523852 0.8112303196949626 0.8085530497520212 0.8210119004984933 0.800229223354044 0.8126961701093179 0.7912547731764542 0.7833428397058338 0.7666121470855578 0.7437182990932633 0.7479432142609731 0.7308782941269113 0.7611351873828959 0.7507729274113419 0.7787183792492823 0.7658545660075107 0.807938224971959
0.9205494446262245 0.8938999169064482 0.9299007947250655 0.9101225925609672 0.9241391234347274 0.901156736205051 0.9068057425649085 0.9178704247932286 0.9191952665626468 0.9251481266226993 0.9390912334813452 0.9144458847278933 0.9038774570779651 0.9094029427287047 0.907318975967399 0.9085627688332925 0.9519141361079482 0.9719692583210321 0.9403817846253736 0.9525335364411527 0.9015902185932805 0.863606185782327 0.8371983120929563 0.8451198813078066 0.8416964191652261 0.8433979219651669 0.8482516808821018 0.8558675673923933 0.8188303423530149 0.8035297214338255 0.8198689681624857 0.829586436127586 0.8025779008057078 0.7736062600152404 0.7745989491814242 0.7518765508681557 0.7335719544067713 0.7396160722655138 0.7400984501201604 0.7623311905538724 0.7581019878414084 0.7989853420039522 0.7869558237245171
0.9023942958998018 0.8873738752191231 0.9084953124122458 0.9427915807075327 0.9439312358677572 0.9257797373515189 0.9287752007019272 0.9134602685034418 0.90941764377601 0.895434342669903 0.8908079858699511 0.8853403442742438 0.915650610423798 0.9020067256567089 0.9054233891713858 0.9068000666669787 0.9267574420395907 0.9215066884159204 0.9428358424761059 0.9336650501869516 0.9314503898416695 0.9004800934696323 0.861536710674946 0.8579397163014632 0.8250716699905182 0.8250839098506123 0.8467194370949774 0.8587446740550382 0.8184251244855999 0.811677680635633 0.8024960795662109 0.7989133587046822 0.8016274296888958 0.8050080891023964 0.780340011139757 0.7840739938161694 0.7650082739091405 0.76510706212947 0.7491078913475623 0.7365800741273705 0.7621063812890873 0.7770322900922485 0.7853901593221914
0.9248691152011415 0.9358480562197171 0.9135808471247039 0.9220978767203691 0.9447955764044303 0.9591861309819452 0.9398864235855258 0.9411486457154181 0.9127331055501073 0.8780181280728172 0.8676649675974851 0.9138163127138018 0.8817972574533087 0.8791668219296989 0.8861027762686727 0.9224017703491807 0.9066582987308082 0.8996793623504595 0.9206967305000239 0.940867112390274 0.9215545320530844 0.9205372622634468 0.8965782780761655 0.8761726652150743 0.8419867780396149 0.8109043297998579 0.8144606948899108 0.8655049570483198 0.8164681599124423 0.7920508904769382 0.8030547905934524 0.790227486824618 0.7753210274192491 0.7799906472910907 0.781172853956938 0.7666702968749699 0.737611279556732 0.7262781512019304 0.7157866457607289 0.7221325980903363 0.7485608222775302 0.753178899470326 0.7957715148361495
0.935155541753468 0.9274622908898812 0.9480840357261762 0.9628445594254758 0.9675288108725034 0.958094344944039 0.9535860750969136 0.9461869152419856 0.8877010247534066 0.8746196868309364 0.867492080897477 0.877432356787448 0.8869326549261625 0.8582464607692852 0.8743679506917418 0.897384763224606 0.9154435187997314 0.9339193572331698 0.9269250166484984 0.9361728995354409 0.9332689995794989 0.8882323648110448 0.8932936211397386 0.8728751827289457 0.8299027365191302 0.8436453385747873 0.8288776617007512 0.8396338557947038 0.8541843169283626 0.8121810632802752 0.7676979790365499 0.7771237787504923 0.7620836392214598 0.7750478868423323 0.7696861220188669 0.7531607962999941 0.7228929267759949 0.7092723143862139 0.7175057534168824 0.7374153844511901 0.76438791774081 0.7788131229406449 0.7829308163269348
0.8900315123444564 0.8955025314220639 0.9223476286255379 1.0 0.961253475138955 0.9406797870947422 0.9340663387251993 0.9114122545685921 0.8883176476265765 0.8383877828700811 0.8351534833134243 0.8411888966254991 0.8585627993027483 0.8385813140622722 0.8922777198311325 0.9226860711353777 0.9163161994257955 0.9344169569319293 0.9311802031796598 0.9505191134426676 0.9131558299481565 0.8771894837226689 0.8514033063664161 0.8287531634218565 0.8270017481110751 0.8408858792121382 0.830996369018561 0.8607632000726259 0.8530217504263915 0.8072547569614051 0.7574324375816373 0.7417107193062569 0.7676940404889188 0.7405975842124167 0.7218282408695025 0.7242978602448975 0.7633564336812478 0.7558258369405594 0.7446262389561505 0.7575018495667851 0.7823799206155388 0.8050759938441724 0.833173009913414
0.9172299097459617 0.8893721730740604 0.925240465401223 0.9572715890336063 0.9514872434660224 0.9183186368132386 0.9118805957522695 0.8708897496109432 0.8702700732727237 0.842251964008396 0.8590043443959773 0.8541065349158578 0.8413922131274445 0.8348704154303596 0.8565615090642518 0.8840315470393784 0.9137402955534697 0.9125739247303112 0.9317275084539921 0.9183124607501787 0.90163567294699 0.9048630760717143 0.8627321978687934 0.8442862148209704 0.8427442824898085 0.8538632099339419 0.8522656082663675 0.8322095581762148 0.838440984548931 0.8265461123538796 0.8050312752498034 0.764657958084879 0.7869421241730873 0.7452063521394992 0.734697801815899 0.7418277143035164 0.7631112510809965 0.784137967207937 0.7521782108353774 0.7776588846825196 0.78696041888356 0.7999034169068062 0.8309683731372566
0.897987254284607 0.9110777955088233 0.9097181421437306 0.9777598037062766 0.9593512530377042 0.9344315567288866 0.9103486215539073 0.8790844041184231 0.8636804262376991 0.8741786733002644 0.8604060024353235 0.888911557975033 0.8879063040927161 0.8500053616892164 0.8882375500584032 0.904969515110759 0.9149357555647799 0.9078225216367126 0.8981520556083509 0.868879729161611 0.9077109001942604 0.9127787465758614 0.8962627550126252 0.8428508203177263 0.8233751473215729 0.8391590839983372 0.8572957526821665 0.8510735964414767 0.8081405009417821 0.7976891262764453 0.786526322334863 0.7997001891920426 0.7777790239031602 0.7913043266978348 0.7476506142789995 0.7372810426036616 0.7626477481499854 0.7850269455782304 0.7730802136877086 0.7968451945488334 0.8170183737408019 0.8216694273312832 0.8168643816398555
0.9107382092160743 0.8959258671085504 0.9141314691332711 0.9487336310144264 0.9477861480298814 0.9501274526945719 0.9224215213385873 0.8928877374345813 0.8965450416551838 0.8758777022219768 0.8787851376153392 0.8725069897711007 0.8799680879878298 0.889128676622163 0.8769839113371141 0.8891116344344535 0.8674100642993293 0.8762974685415345 0.8593954704011274 0.8588663478858605 0.8642627410672744 0.8766431174928454 0.8729129527891349 0.8472175589643132 0.8464486893681266 0.850766148355998 0.8233543809005571 0.8109229741103647 0.8226385142347797 0.8199306222167935 0.7984485729049067 0.8058878714750015 0.806672617080616 0.7724797830371236 0.7814984053050845 0.7944950565276886 0.7897330669581927 0.7961323356598624 0.779945245972791 0.8034378580380342 0.8223165146339831 0.8181664408479059 0.8138089691695888
0.8800499884281899 0.928521210987199 0.9088389913966449 0.9168790819158018 0.9238868045986037 0.9246310925844083 0.944726564764164 0.9296866893060614 0.8937954360508927 0.8810931551226947 0.8867233066496885 0.8802892237111564 0.8610091415872957 0.8929474221539723 0.8955244304084816 0.8473242599392155 0.872052538657271 0.903128699319192 0.8783667935117851 0.8404236686436726 0.8545695799645145 0.8602968450482851 0.87099512783004 0.8782177921542917 0.8583105154282777 0.8485709978884215 0.8403139519736224 0.8385159033531665 0.8263062925520881 0.8064498682594184 0.8174241636118422 0.7914689417785166 0.7874310773504168 0.7655114418828695 0.772051660891359 0.8061914255022696 0.8058224137522365 0.7745004515944302 0.7447194033743972 0.7696012765908241 0.7824947037636969 0.8145615477889215 0.8308882312275461
0.8910987788614548 0.9298285046372502 0.9479472766979622 0.92809295836933 0.9158276325176792 0.9258358803262041 0.9331697230277313 0.8994712838509183 0.8905161126224505 0.8900113983889119 0.9112588842394274 0.8935833692773165 0.8846329427986509 0.8681720076620293 0.8817449453834595 0.8940217842598265 0.8823349556670742 0.8774896670222361 0.849850759767438 0.8406206459898586 0.8326498389175969 0.8641765182236544 0.8521412626077053 0.8780062419805911 0.8696747258475849 0.855530926214895 0.8554204962491945 0.854674938751176 0.8148171228756986 0.8398611664396027 0.8234915636762988 0.8212399870007359 0.7963135265179483 0.7844411761976263 0.7967330290244368 0.7854073980591758 0.7611446235745808 0.7645211311237126 0.7332143603367852 0.7673139803886985 0.792355576785962 0.8142653936802973 0.8134998258573402
0.8989051010758473 0.9409827155728643 0.9548554435765975 0.9499639921502986 0.9195166032958815 0.924488958222641 0.9143581162745354 0.8940309491293795 0.9106500724669276 0.9043150002267855 0.9129879996970482 0.9314039421152465 0.8762578733765114 0.8774787169879312 0.8613562098532369 0.891198527907439 0.8736620775206727 0.8609600158344417 0.8503054097823055 0.8429990253731442 0.8580100661311985 0.8183235050513632 0.8331555673024317 0.8644824533305827 0.8453070761245702 0.8542282459239104 0.8336988093668558 0.8627861851461298 0.8318999125374822 0.8403693609490197 0.8252473601701804 0.8015194920387063 0.8105339568584663 0.8066963435909651 0.8226647236139453 0.8094522692498085 0.7631957898782421 0.7335266347953171 0.7526402030654139 0.7154680028917194 0.7811914889371252 0.8087710842833707 0.7787132928808886
0.9468672875588625 0.9282491784117465 0.964788152298178 0.9403137932043811 0.9285802853434544 0.9428052788615529 0.9291203206508448 0.9188783208689217 0.9037385640360129 0.9316785125385731 0.9323529201065137 0.9433779752822411 0.8967662691769277 0.8889299844984974 0.8756294184875743 0.8504079861903162 0.8432075209488826 0.8559326714479106 0.8308655942060279 0.8593667950845322 0.8652928120436502 0.86320278800478 0.8730519907731873 0.8452948910026443 0.8612771471974431 0.8459678286595942 0.8452659616426449 0.8487661618117427 0.8663453638675346 0.86057128239928 0.8399621534135959 0.8194440458420112 0.7792341123941434 0.808654701841636 0.79234352407784 0.7577958168902926 0.7715744017424446 0.7302976837937921 0.7388844207983118 0.7127678661441239 0.7454821979324642 0.7558022013222484 0.7868878880923202
0.94768135206604 0.9297684308320229 0.9333366492879779 0.9717854219381542 0.9511174949111451 0.9547604768919051 0.9519037588095361 0.9739150115979873 0.9190401617525459 0.9349499722108818 0.9063991860492002 0.9266329889855975 0.9249431284340154 0.9160395518377467 0.8615702939865933 0.8474629236417391 0.8284788882015495 0.8291267305542208 0.8750062192050594 0.8690103025982655 0.8677617419606859 0.880155849924552 0.8787020169713541 0.8398210592580257 0.8680936318029576 0.882450983667991 0.8460054516680933 0.865623413410936 0.8700219639259446 0.8336193498726066 0.8089314594914916 0.7990729044031067 0.8181703111620118 0.7874635309241789 0.7846531870151391 0.7398822967566666 0.738096399637551 0.7235647469672472 0.7179208587152395 0.7054509488505748 0.7337194109037628 0.7570797315389926 0.7631591727923933
0.9166153947844167 0.9317250859407041 0.9445392211987651 0.9639468498274376 0.9395527524064256 0.9561952744968227 0.932107326794678 0.9415312194688217 0.9210296123519929 0.9157992422086911 0.8925679662643105 0.8946320391797071 0.9214205335095708 0.8881293766640607 0.8788097808151881 0.8694205738009654 0.8541453380880653 0.8432049800546132 0.877519044860367 0.8897887094707703 0.8886744625138527 0.8688607515032617 0.8769754293593401 0.8272340013419133 0.8456756029251896 0.8676411412160605 0.843732088988168 0.839565250065852 0.8505785657821864 0.8315084979907545 0.8367551346725152 0.8469684708814669 0.8249896498843755 0.7970420542284895 0.7805675427676148 0.7580727488633985 0.7568514307869173 0.7587424966790851 0.7213542474522189 0.7047572140374404 0.7260549982059956 0.7376733819885491 0.7653013954086763
0.8659321516037197 0.8986751130733097 0.9049616861852244 0.9428227050236584 0.9666842555162186 0.9529211291368439 0.9278405057429513 0.8956309175033618 0.8968868319895743 0.9021185835470147 0.8958146436064643 0.8693661277802406 0.8792914862342266 0.8821549266381988 0.8823063371183341 0.8858578703009683 0.8605333346766219 0.8532903938457306 0.8899179499857461 0.8821608811236085 0.88542976798137 0.8780753656465566 0.8489706642972812 0.8336654223319604 0.8320603865205046 0.8691767779731202 0.8288239131210782 0.8193546257724303 0.8219673740996383 0.813826154903898 0.8059731757723223 0.8367769082413717 0.8060787366454009 0.8159273145037934 0.773109894966384 0.7566949066116178 0.7415598130858463 0.7515947975026471 0.7463340271543292 0.7190835476414342 0.7051534145841295 0.7137470558233613 0.7144403494790201
0.8544379767212734 0.8997263144054727 0.8953053319187955 0.9053332728355569 0.9463055986010291 0.9413187975241079 0.8833898209329714 0.8968129576056062 0.8677673142909489 0.8731974701638326 0.8601727071994054 0.8695903737702999 0.9057717716652588 0.9057830792146198 0.9021542237436945 0.8974375705851022 0.8630114683094802 0.8908493811263752 0.8755534683450963 0.8726507964239372 0.8578544790666476 0.852202871312861 0.8885427127063874 0.8570325598384548 0.8703141539459615 0.8525679083908392 0.8144870548762816 0.813008252353961 0.8150553276920882 0.8008374030838424 0.8071457087839757 0.8274473005954178 0.8086141229930134 0.7941998273652264 0.7959262541045959 0.7568708603528318 0.7675584923222042 0.7669895749348313 0.750301367035323 0.7180291921926841 0.7274139326866074 0.7132699518284287 0.7190289573072758
0.8222824162427131 0.862624013895098 0.8877282176508583 0.8832839237869425 0.9156913363440902 0.9133348992655593 0.8994035162472203 0.8589123320418534 0.8300847333403863 0.837041464255787 0.8723925898654078 0.9069397245450189 0.8847983255691292 0.8773092575240579 0.8732735427062633 0.9066517183646036 0.8758169424951118 0.8791447443378536 0.8546650751706177 0.8327171565721937 0.8361365324546246 0.8723429685473374 0.8791091386183951 0.8828121661989832 0.8562060180114152 0.8369886979254028 0.8091877701922155 0.8267163656766537 0.81900210906961 0.7955997693705448 0.7790416291040417 0.795353701296963 0.804568989810562 0.787807095398055 0.7868988382606353 0.7891057851798563 0.778694086829152 0.7519580974385282 0.7422684824557293 0.7392372446265656 0.7350469369581891 0.7117219851042084 0.6922783521551784
0.8055626385440229 0.8268963252032577 0.8477428353148795 0.8610419537510874 0.8660192166545959 0.8830272634470644 0.8490029715580609 0.8157177522063151 0.8294988804875376 0.8315022864042326 0.8358487160305625 0.8701410318643248 0.8890904948662611 0.9037153158903259 0.8727121492760512 0.8701387285390538 0.86714287201873 0.8743487837739857 0.8333126072538692 0.841756367758864 0.8498691047034579 0.8736929326355807 0.8691586137598619 0.8485579441916175 0.8371145506037942 0.8557756211638416 0.8166434983494598 0.8402563984265058 0.8167194662270868 0.8096647777775754 0.7904502327583758 0.7569890491351616 0.7638643952292378 0.7843143780005439 0.7803473352105937 0.7755965786232056 0.7603238041800908 0.7218338284949694 0.7150344232660755 0.7012016252064858 0.7141983941439081 0.6703304335185656 0.6788185493443828
