Raster_benchmarking/DGGS/continuous/raster-263.asc
NCOLS 100
NROWS 100
XLLCORNER 1743155.4929049243
YLLCORNER 5469295.27957119
CELLSIZE 10
NODATA_VALUE -9999
[rows 76 to 94 of 100, columns 43 to 85 of 100]
0.20325954873925045 0.18851129322402307 0.19089183497724774 0.21291410346308645 0.2319615137954589 0.19830241092998505 0.1750812603406649 0.1646377153924482 0.15506833906019152 0.18714572592492212 0.20813615602894914 0.24702246927498905 0.23064198399855892 0.23709676677736705 0.3229287126628463 0.3228665563302049 0.34489239183447057 0.35926762869332746 0.3661955567560498 0.3752326662457226 0.3800302961902856 0.3908560881997987 0.3995245343724043 0.41885830760804 0.42784599730085143 0.41902245516521824 0.4291995482970342 0.43299161897429417 0.4027858534406743 0.4064382232270413 0.3864542612689352 0.4111946220992069 0.38985870417523555 0.39515460998750024 0.4300795615017397 0.4297950352519491 0.44821804331804554 0.4800230362112152 0.472142291459692 0.49012497575986713 0.5469789335071527 0.5452043687477797 0.5878031390178117
0.26533839372071993 0.2649451743250177 0.23817384923416257 0.28072667649934463 0.21851372862727597 0.2031588277438958 0.17636044337886866 0.17532382749601017 0.18928089973942547 0.17440048969460906 0.23446111804827513 0.2353920807576925 0.21757489213338677 0.2432420108075689 0.28745000551506467 0.32546342678417084 0.34568082842302394 0.33046266767338695 0.33526682087464293 0.3557299166905426 0.3435511920991144 0.3510120528160087 0.362134400044096 0.3821081396668387 0.413364201818649 0.41532394727414385 0.3851617045563532 0.3794873369855461 0.3804880639482655 0.3698687206517691 0.3942996545606199 0.36244211919899794 0.3705635345661371 0.383380894970159 0.43079664315990135 0.4158845661152243 0.4845216946775026 0.49535210537065066 0.5118816307236704 0.5018630970209734 0.5374899640272721 0.5576192648294557 0.5975417009780943
0.230824426587797 0.25517414255836085 0.241229686438013 0.265656398288264 0.26826345975370314 0.2272931676279309 0.22540900309990816 0.23120957325817137 0.20860774937196838 0.20951293214470507 0.23666203542720696 0.2498904233694942 0.2621713033129201 0.2645196533093735 0.3034425196804081 0.32089965008647303 0.3565457599999056 0.34776075935229506 0.3710204236929385 0.37958894389805575 0.357882734757808 0.37192009076298466 0.4100510122610163 0.3849932027850981 0.4138329372540359 0.36942308050484557 0.36550052327145666 0.3481190742863149 0.3437029540152402 0.3912673544280862 0.38082431066572986 0.38978601269646834 0.42705169925031317 0.4024933323049133 0.4205702574439028 0.47641218192247864 0.47493503825292527 0.48490891161875804 0.5380442139624827 0.5585452497635964 0.5146875724007336 0.5522639643494701 0.6075453353028485
0.21139629431676726 0.19703627938545026 0.25740735365907164 0.2657870184044811 0.24178212837630975 0.26017173502641044 0.27285693062280464 0.24786374952582052 0.23974439594372615 0.28937778331881636 0.29233896847278507 0.3314383640471893 0.3126078323970587 0.3238672201208213 0.3440403604976772 0.3164058088978118 0.3794469960902418 0.3652549889326774 0.34669975231325695 0.39130073159711287 0.4107258295760908 0.3804138029982001 0.3953376992544443 0.4346562018108346 0.4056772286206439 0.38822247202013715 0.36082928315461466 0.38260559692607893 0.36629553819303284 0.359200444334497 0.3907879649701144 0.38406755722061003 0.4245236444464553 0.48403990102238176 0.5024791997568467 0.4858923027711963 0.5138733637446916 0.5213517337074854 0.5602691033715655 0.5753759321473052 0.5357257782035876 0.5442565371521003 0.5962032127854293
0.2216010018095806 0.20260873048676264 0.20575067209710385 0.23045310152947956 0.2446243926162924 0.259878925917093 0.26496243131984304 0.2795384515350642 0.28793477317564464 0.3204731816015971 0.3137178766671775 0.2933262369105903 0.31213561706581733 0.29564644503383575 0.3404073107210586 0.34621767596165764 0.36915980833977113 0.3983932308924157 0.3757438966048156 0.4063387309346888 0.42624753069440824 0.4112632529939403 0.4280641861361381 0.4493362875047655 0.4328799249099923 0.4152892515457281 0.41554081338152354 0.3954610451449532 0.37012477734250326 0.3636389159964383 0.397409549245718 0.4205082532475269 0.4702312380811978 0.5238845778388375 0.5328467460344494 0.5499274144771625 0.52020692754922 0.5414845538443156 0.5485144442369482 0.563721724632083 0.5368842144801931 0.5824264701044363 0.5909417899047514
0.1782799522463566 0.22334884100110258 0.20127239967314225 0.20135095773165226 0.23173971105275837 0.2945112605125274 0.26320926622942825 0.27269731187241675 0.3062972309611112 0.31731992631648887 0.29623975760193955 0.2828931219703923 0.3071026992574766 0.30252972642590387 0.30991234860118205 0.3319788444554071 0.3541680357439044 0.40869344691422704 0.4155386340552788 0.3922633921667962 0.4259179288209565 0.4332535369701545 0.44800440424992805 0.41222871653947035 0.3935794323084835 0.39879163059504447 0.39301272564810547 0.43106078240303936 0.43174037815490923 0.42183294052010223 0.4429511377436112 0.45285325717086605 0.5087241891358363 0.5098807007234166 0.5575883872744832 0.5889980979227957 0.5372639897258172 0.5217512448533822 0.5360789817919833 0.5861977295228864 0.5936698293420994 0.5621544342835864 0.5694672410465955
0.2248820539627724 0.22975246619238932 0.18630792309481137 0.1837106990915385 0.24620894057156506 0.2974775024985701 0.3085141664397946 0.3181234604233828 0.2909965949824068 0.2995292930224523 0.27587852623878456 0.27010612647461907 0.28743481098090595 0.30491498091910013 0.3537749706278589 0.38472053878129076 0.39033908004000073 0.4324963134915708 0.4328825275922505 0.43020610411028537 0.4323446005251525 0.4140778307967505 0.42911084632810975 0.4150294095855787 0.424795426953532 0.42126128871533175 0.4159054012625264 0.44197878177709554 0.41172574822316244 0.41339501016343755 0.4629869874174728 0.49696518373615056 0.5082016909668309 0.5111650012623118 0.5619256438440872 0.5650424732837102 0.552958749115423 0.5477122468270891 0.5829639622269497 0.5945703748362778 0.607977364662922 0.5622939561716807 0.5594510296926649
0.2369048885175475 0.2324631593785646 0.18448323992592822 0.19164827363067427 0.20235883487556944 0.26738064000000883 0.30732822727512904 0.34200327735759795 0.3314236398471531 0.3217622037810846 0.28403108225105345 0.3021038415212685 0.33172985282738504 0.350645425905097 0.3953901575570762 0.4045113979762828 0.4127221982646192 0.44011521171522 0.48428812429842055 0.4331937739496771 0.48079974708096873 0.4696010364850077 0.47544081049579284 0.4181802151112291 0.4492073104150395 0.4989732753252334 0.48885108368122443 0.4392661160425212 0.43987196490185626 0.4413513588276358 0.4759269709549398 0.4465347489744306 0.5149551343683599 0.5306256992842953 0.5414995518191308 0.542072508340294 0.5473399729427911 0.5602215159365261 0.6039322326315337 0.5814618433855859 0.5799818012153444 0.6257153696477754 0.5970321070636628
0.21936288163521214 0.19972784748457484 0.21873020382864142 0.2186184491293041 0.19659767350037738 0.25785341151806096 0.3159580320963797 0.32016270421854187 0.3444662024305488 0.3126594162133876 0.30722044493099415 0.28701424941467035 0.33322534106531826 0.35607484026225206 0.4138876993461613 0.41566529940001384 0.4033697239762046 0.48173122045445804 0.5118738786574862 0.48156488584610996 0.506947646333786 0.46804520296914587 0.47126405609740346 0.452000458870511 0.44450853041540284 0.4898943634277482 0.4862175230657174 0.4919614851036214 0.4867449015285 0.4741474155460161 0.4675978097024577 0.4571845722767606 0.4548621150838648 0.5139861736152627 0.5415350358410038 0.5590320249450296 0.5660778865366034 0.5277212774370676 0.5739796365166887 0.5818343952271346 0.5774278086257353 0.5878051228565735 0.6047140759031904
0.1860391771820089 0.20857947193932164 0.2382157976747595 0.17384367862660735 0.20864808898088544 0.22547357858908798 0.3009549759411588 0.3320657542830541 0.30513420215669673 0.3280693803857803 0.30256340028412104 0.2498883157108096 0.33785552807262476 0.3970232811212755 0.42877450189212496 0.41180223470324673 0.41173217649237887 0.47654929226885184 0.4988476157835337 0.5802596317019096 0.5706116286443973 0.5369342394673241 0.5199369360880649 0.47619036274065696 0.4873424359421215 0.5037510009742434 0.4725443353975135 0.501387257140648 0.46057912226407305 0.4774238645781597 0.4468435725948408 0.4443266913089243 0.43800367308103977 0.5083206189751518 0.5106224843885557 0.5759124478026953 0.5452497997143055 0.526811686747421 0.5638182405462313 0.5580398940129746 0.5979831125499937 0.6082574967094054 0.5853262895839657
0.21078576718562533 0.20323114584094565 0.24739160638521818 0.21334405129804768 0.19164462168686083 0.20105495954414135 0.24090674024608358 0.3029454312396143 0.29034636396033053 0.3143192435924712 0.31174269529805027 0.33880602020911793 0.35595650040993654 0.40289275991621304 0.43147828036055746 0.42846101675643156 0.4228152610545007 0.4933880553301139 0.4927092236783762 0.5566747787330472 0.5457335132137601 0.5201293659174934 0.47614792890593133 0.46073210256919395 0.4480295931635225 0.472059527631399 0.4958149640064828 0.5200767115523204 0.45657675345046095 0.4492087611209525 0.41730199435560095 0.4606979687947119 0.43854623938460663 0.4670006491490958 0.5160722584350799 0.5585891236867165 0.5398166011032096 0.5181639442164503 0.5371522436908412 0.5274025812754134 0.5540373193204866 0.6108461376683754 0.6134812888604724
0.2306704821164357 0.2666686245393463 0.26307681216533474 0.22245446250667716 0.20992337942666386 0.2252218257121919 0.23912537922466937 0.2935637244818591 0.27275625405210746 0.3044520586938932 0.3725823972753147 0.39940463620341293 0.3894889758843934 0.4105858981045391 0.4470429325513674 0.434719892187504 0.45875559592280224 0.4852345062039806 0.4799729852500695 0.53984307714307 0.5352254855871501 0.562452621362849 0.502847079346866 0.43698083745069993 0.4319744198058871 0.4410095428877422 0.48519572146212125 0.508442928204474 0.4659473046300304 0.44420186210689444 0.4615311926212703 0.4218587441607047 0.4647255752148052 0.46614533842728106 0.5048770975817102 0.5094244460537788 0.5055445746655204 0.5613770429342149 0.5460651902727321 0.5493563859877192 0.578911321819464 0.5844564252710049 0.5780314548354484
0.26212150615090396 0.2437843064696253 0.2449987455452952 0.22479332063808835 0.23119688186280055 0.25224832781223316 0.27614151236143675 0.31658124492699463 0.28677160553606523 0.3007563484396277 0.36359973962673203 0.4206847516606914 0.38795256904494907 0.4155668183595639 0.4484932599649715 0.4533237957106906 0.45557502193844884 0.47225965366467504 0.497094717504293 0.5554971999826748 0.5301967790990904 0.4876994239439031 0.4947528121356966 0.45800952268498957 0.43710823942277827 0.48763288230257035 0.46525139428682283 0.5337794605795444 0.5316962732946118 0.5128605377513271 0.4812086427741028 0.4323786679020109 0.4381554728288338 0.48111414503314526 0.5182503697690473 0.510150758772654 0.532193203492221 0.5205856884096183 0.5342872045786293 0.5162716012749806 0.5545187391583164 0.538669901990673 0.5383577864920113
0.2863306367367571 0.3100887928486511 0.2805520240539707 0.27362632068799936 0.29630629806762054 0.26755524335157904 0.31832004600046787 0.3208733891060156 0.34674522798142343 0.3484958719656891 0.38277148852386994 0.437264281889257 0.44053609580935627 0.41915206720062487 0.43161455424252215 0.4479384731947466 0.4688736517913651 0.5209653849119917 0.5339326807390494 0.5455613286588381 0.5275257713787276 0.47994098752225034 0.447459734684362 0.4587390243900881 0.473526340824361 0.5077500201760584 0.483132134361719 0.521324751384071 0.503246237765321 0.5334780771650104 0.47922608694836627 0.47453365972797745 0.43826721460885093 0.47463088622455674 0.5084418455287999 0.5340517364186336 0.5495084678689176 0.5484087921082588 0.5211612630333332 0.47965465527211076 0.537532492748763 0.53325335248687 0.5338206783020567
0.30672375531858015 0.29801897142411093 0.3219976070748345 0.3416710433261077 0.35368170677624794 0.3553624213086192 0.34421903779061774 0.39430451888921686 0.4096423393624486 0.3862853218558238 0.43853515362811707 0.4481076838272185 0.4463463207376883 0.4386343115527421 0.4381496647458015 0.4912178524087306 0.5003775701128342 0.4884236452552092 0.5094773806576758 0.5330735515009725 0.5210990997259752 0.5060379382299561 0.44785505740389614 0.4649531867561831 0.4373413158579455 0.4817938742821607 0.5018289433362356 0.49734004314316566 0.5223952252582921 0.49178442070191375 0.47637139867798467 0.4781815427448672 0.44621357487596247 0.4415471846859693 0.4898534498605289 0.48619535307732015 0.5086895335205364 0.5094334746942966 0.511376347002668 0.4743723600289424 0.5100329832892263 0.4948514240730939 0.5001686760992575
0.3846514926516822 0.37355345444764515 0.3976608670347101 0.3805807060266284 0.39807781574662227 0.4114844165405284 0.37887860112971883 0.41221095501111954 0.4512222387405569 0.46483127590962975 0.46375199426604474 0.4121995887869921 0.4665524233597355 0.4291557240065562 0.41899510425410436 0.45972940687258157 0.493826276672469 0.5093456767280117 0.4984224651865141 0.4743707104354333 0.48377295123693087 0.5130061436391894 0.439268186049575 0.4249516133936013 0.4155867185933841 0.4516571715798526 0.4867935763406064 0.5081722765665838 0.5053275623726362 0.5146536930289632 0.4775520217283126 0.49389346511275295 0.4846750250603543 0.45995909583660455 0.444491100515799 0.4700538200258089 0.4976005704855749 0.5024462182467414 0.4544018917872279 0.4412261581905164 0.49570702820314805 0.4862293001116428 0.4913714921318216
0.40063912597858126 0.39657892999077293 0.4619952054430965 0.4953641944029964 0.4782443265640228 0.42755467071605535 0.45830196740836826 0.4866617916975363 0.466135983969993 0.46377868325836397 0.4490905455860324 0.48661888407373677 0.4631411225315869 0.43664841488763007 0.451257663387857 0.41535616909638173 0.43050737406395856 0.4540887217366479 0.45961264068266705 0.4685509132087135 0.4625264170949621 0.47653818095975936 0.44824043993042195 0.4641031606847735 0.4326415245448738 0.46587504829421617 0.47615667044830995 0.4979389581952226 0.4740504657543168 0.5162021866008455 0.5058520662067603 0.484126192264277 0.4299660402802314 0.44384406172698676 0.4194871347972086 0.4621457793490686 0.48033196603924494 0.49173706534884376 0.45045526964615645 0.45853529458436915 0.4903574195102338 0.5205710536035697 0.5211801359215227
0.40005216807511124 0.4451820459354528 0.4805743595541573 0.5636331252390396 0.5293319690488802 0.4727304917697907 0.5089820341583614 0.5417461339406369 0.48020136518566986 0.4831328921055086 0.4887682739862443 0.5085538553930536 0.47536413358444757 0.4230276867728604 0.40621013193397654 0.39563028612090684 0.4479703560031543 0.4331850080406661 0.43282851624037455 0.47543034291083125 0.4741563157631129 0.4642250759950015 0.4786315620010476 0.4484706387971838 0.4544421617474141 0.4280661632550054 0.4623094153762856 0.4874232466857144 0.45293819981623284 0.4566827716243963 0.472899269325513 0.47035420243046866 0.44735415371395987 0.4136990609277037 0.4485689430060515 0.412219350712777 0.46009126646414544 0.44125152895087566 0.4299288250468666 0.4418140932822978 0.4570883672319229 0.4764592611354353 0.5211541061353212
0.43778953571199286 0.48597967984615176 0.4878697443983347 0.5259870439860329 0.545318815599243 0.4859018515492292 0.4838378997204918 0.5171395853178582 0.5212976378643224 0.5416534136149148 0.5313725633507775 0.5117891343741631 0.4581851465481061 0.4153950629694075 0.44701050119338215 0.44619165928843235 0.4153978071177206 0.46493374367041984 0.47603932620393286 0.5032714806955675 0.4752329795039503 0.4731673427288351 0.509909337628835 0.461096420585 0.48885185784086777 0.49908765261003396 0.4529392065153984 0.4844815100207414 0.454027949922877 0.4448224334734449 0.4749766496446388 0.47027944858712833 0.4341923275003509 0.4708066926614833 0.4809417870393024 0.45088230717549566 0.45684265468528495 0.42709461508321167 0.4322724874363046 0.4906345130831896 0.48682266867836865 0.4963761274136237 0.5445952439561131
