Raster_benchmarking/DGGS/continuous/raster-464.asc
NCOLS 100
NROWS 100
XLLCORNER 1743151.822352794
YLLCORNER 5469287.048969172
CELLSIZE 10
NODATA_VALUE -9999
[rows 57 to 75 of 100, columns 43 to 85 of 100]
0.34957316412195694 0.36625244852487304 0.4170711524476518 0.4077402630058976 0.3804550390946207 0.38635180668590874 0.3358640720660304 0.3738954870518548 0.378671140856591 0.41368863708841325 0.3966512914544294 0.4141952990311388 0.3911577160144922 0.3885095651181958 0.40601276320389046 0.4098135083957558 0.3823887102084433 0.38931501555827114 0.39698123923803746 0.3724493000086475 0.32751690574623415 0.35631208532966974 0.3644512103350515 0.33957831935391486 0.32834025957442725 0.29827877459141977 0.249650587633858 0.2659189730244942 0.22898826144143972 0.21992790921194993 0.2013810790728602 0.21388718567709483 0.26454224003751836 0.29098788670380415 0.3044731624380246 0.31251438393087727 0.3406209953009609 0.332706334049732 0.3354615116088307 0.32370432811781596 0.30101155380715366 0.31528096188156984 0.3286337695181386
0.3910079192504215 0.3856878744454464 0.40857889124478786 0.3984200925584471 0.43241447372790154 0.41908173443038804 0.38631164289567355 0.3941628082454029 0.3595348679932394 0.4084166022538813 0.42633523882081364 0.39684524159064893 0.357924652770918 0.38286443071046167 0.3973539780496219 0.40023327726838737 0.33554925978546873 0.37774101492619344 0.3608176324395166 0.36794500583511824 0.37730314120620134 0.3705999978848442 0.3590516133510806 0.32848257535951414 0.2708212606018771 0.2806305005779873 0.20952852843184863 0.2601585955752902 0.2470693326594647 0.2190301024724651 0.2197520181121964 0.23751324152649964 0.22797359902834302 0.27215242785642907 0.3299499246933584 0.3171964645933878 0.34402902849490474 0.3416117544496256 0.32396819169978935 0.3198605610281026 0.3285905726537443 0.33837837291051837 0.36025098900657904
0.395506491554916 0.37383705387170874 0.3764027712876704 0.4357721629763879 0.4486416511396011 0.42382043059023156 0.37584183158868173 0.3751690635044775 0.3994960253449259 0.37382772406169107 0.3689357858580906 0.3696451730332131 0.3624923700460066 0.3930808960025078 0.37653836668703095 0.38083925814348557 0.342872492075204 0.3452679397922503 0.3078790938542735 0.31381776882653317 0.3455869720957951 0.323060424166342 0.29673970770273284 0.28971666826737447 0.24844426519856153 0.2519409379470583 0.23508559711531896 0.25236942693170744 0.2816887836379554 0.2519387841305821 0.2197808800588103 0.24263387841835388 0.2489982152910585 0.26341418194249144 0.3206998311892615 0.3441168690097085 0.36868535513150646 0.35585549219170237 0.3134973259528741 0.3622987228649246 0.33377628565197304 0.34256789759496403 0.3749981542091029
0.4197258552696508 0.40540932121628004 0.39064882451107535 0.37751053412561103 0.41038878306780385 0.3980392825281506 0.38089007622168297 0.3498233343951825 0.38629021092277155 0.34662967377048143 0.37647581277067055 0.356540151022308 0.38814514724026333 0.35663035959993833 0.3832184412336853 0.40922052781624 0.38295285714441885 0.34286118096539886 0.2979761053410116 0.2809090086904965 0.29050581772170686 0.28880161311231123 0.2903415562748457 0.2804997961756031 0.23780345406196335 0.24172772512114302 0.2677151247570583 0.2337909017121077 0.27074592433566025 0.2754942186752195 0.24644962910226179 0.252965882449834 0.27439437413131984 0.26071170684723993 0.2833030339308228 0.36412479825259053 0.388488738197172 0.34214177768616416 0.3259926286193341 0.3627876194894311 0.3689385759692551 0.3418767575921091 0.35315425706248676
0.3816005048402834 0.3740570126032672 0.3855719293352694 0.364792570348209 0.37032190952282945 0.3843815637102703 0.3884288726020281 0.37372986841354117 0.3548927557079196 0.30700222195635074 0.30737703084339624 0.31603615087990183 0.32976322078446263 0.3426560620523673 0.37699884077691426 0.38779726334191433 0.37965662000676226 0.3450405170405256 0.3011248287389124 0.2843953137405972 0.2605786280201432 0.2759793330254106 0.24402514372001555 0.2445116304701879 0.22471142051142634 0.19490650891852293 0.24014119637461157 0.25743114271713247 0.2838980951072848 0.30592457381637334 0.28515540593167216 0.3078056344480163 0.2938718432699746 0.3066759399948128 0.29613726729456835 0.3439493277089757 0.3644400447012945 0.3445688237771472 0.3809054512288834 0.3512026210306632 0.3875828758047616 0.36405337641154983 0.3086417008249023
0.35244156407349736 0.3691393237757553 0.37325887556084997 0.383315684237003 0.3694964698964743 0.3580753652218115 0.3256355740057407 0.30673380708006576 0.29629217673214386 0.2600630293698626 0.24556409419244157 0.2839653467483736 0.3328955829223858 0.3629959491487977 0.3503322776591426 0.33515481799390684 0.3330803372677025 0.317577406498212 0.30368802529900285 0.31895013540601785 0.2870467179724241 0.22640011966722945 0.2132527167364924 0.2141878750710638 0.1612348961883158 0.18479669952410704 0.19069012879994465 0.23679802929269064 0.30553914965119866 0.32138412460109983 0.329634391259561 0.31679256971437414 0.3416760484659693 0.3052476820956102 0.32156373060881677 0.32119443274463894 0.3537908543029211 0.33639077731902556 0.3872937693012539 0.3650522830447428 0.35561894954442014 0.3204520674279063 0.33092058165463367
0.3493935641944278 0.35671638486382834 0.37770096347058074 0.36268044932489923 0.38468081457944436 0.36064578772024336 0.3056400299678969 0.31248728968951106 0.3050298706702291 0.2797343792637752 0.27001240384071545 0.31661719700025176 0.3635705202927728 0.34191537567400127 0.3407617756420066 0.35032118111210453 0.34430092750923696 0.284497806199913 0.2936269028414938 0.29636284462404605 0.2629505713232424 0.22906773184905152 0.2343750145542016 0.1829945464197963 0.20863030373882596 0.19254571578873234 0.19614096598515313 0.226549441958419 0.292761952981173 0.32251850503492646 0.32112939242188665 0.3007364401877972 0.33319160580192625 0.32843273574829934 0.2970453744589402 0.34531585787002556 0.31585982680004426 0.3214862266141237 0.3474732503629402 0.3248705510938843 0.3225500083860169 0.3087382652849754 0.3407291693585155
0.3822970645353543 0.3744635088071653 0.38518706535927544 0.3386812288503546 0.33996851692676183 0.3280711263092793 0.31252389022121596 0.2747424049047858 0.2501178100462327 0.27366711232352486 0.3175664098593097 0.3167735825558971 0.34866739127942875 0.33373543839848197 0.3594944016927951 0.3379162732869663 0.3209267177889157 0.3006191883623275 0.2628066523592343 0.27266446832425617 0.2569671373819431 0.24936759649704315 0.24570697775861938 0.19054370678117127 0.1845438911703824 0.1841903102404087 0.17646964803322385 0.19307484651625326 0.2780242816331979 0.27457575064379597 0.2619276611510606 0.2763060912425593 0.2932413226403751 0.29626376563087287 0.2803662066832034 0.31923281574237905 0.34137907779360505 0.31041801329206176 0.31038611750679 0.32636287237052625 0.3481665999161266 0.32222260389821333 0.3145400893657799
0.32949019749912145 0.3312842779519146 0.32858506264088394 0.3140595244174137 0.3334487685465107 0.30494137504466023 0.26818383724759215 0.2781684928215604 0.3088931706505527 0.30521185942552775 0.29081790899806703 0.31208000189547824 0.3490123276780099 0.3284959889323249 0.3063220712800226 0.32229107286073844 0.34073877633098276 0.29688942644307226 0.3174310823235863 0.3039016175566067 0.2959007221294084 0.22178626992554792 0.23797841625664568 0.2375594096398997 0.23273180411138064 0.19908240184476156 0.175030685772519 0.19947422921046873 0.24503290196046698 0.29614081435339973 0.291099842866926 0.2737556973672872 0.2674764375076509 0.30748533075670814 0.337597518245195 0.32762807763688395 0.349182647106189 0.3445998033156466 0.3376113555329119 0.31919730186242823 0.3086233257235382 0.3372619827709935 0.2951850788363041
0.3263403972092236 0.31462508312764037 0.33641542141869946 0.3356710527652134 0.2852095023995469 0.3003287242941207 0.2549457622703109 0.3098814988178325 0.32687673035693215 0.3305742838225409 0.322759300972074 0.3492057060900051 0.3650387857411023 0.3359862167745581 0.29653388306140266 0.28698641476821407 0.33695030859924624 0.3312175292300241 0.34603857512852565 0.31012214843041047 0.2866534488270363 0.22286954858193558 0.20900788232686462 0.25302499528258665 0.24611482912535043 0.19525874495328902 0.18944435695830636 0.2157966173784204 0.2253558662168284 0.2955596628860242 0.3048228248473232 0.2954282027715363 0.2730501900538469 0.3086113797695682 0.3382162519873231 0.3617343375174829 0.37648816665030294 0.33012587498644314 0.3075160951406862 0.31391512201926136 0.31392156911287916 0.3032969021411913 0.3073790477893673
0.3205463053199784 0.32188851389384526 0.3396078272486241 0.3016879061249704 0.28478494634564233 0.27392607027774585 0.2650813237238868 0.3001126439374137 0.3398032761070021 0.33834818891118346 0.33992684884136837 0.3469199596770801 0.33226374726971997 0.33605421372323524 0.2969444508603123 0.2677655045621619 0.2770600387386653 0.31614001933939584 0.3069054399205364 0.31555047989385615 0.28087234173530107 0.23630898853190013 0.26215391472274735 0.22739002207134393 0.23980975417189743 0.21699168713039016 0.18886261901600018 0.21722980332190917 0.23154319365296067 0.26798925682555746 0.25801392469890827 0.26239499279909256 0.2661120016805934 0.32789380044419597 0.3069386686243801 0.36548354134779076 0.35978299997442487 0.3156457154468268 0.29333941123243656 0.3053757590714057 0.31606541518100106 0.3048825064266935 0.30007319019076045
0.345998778245997 0.34425007251641077 0.3406727326775376 0.34299480719502967 0.3437696586054606 0.31682158426664125 0.26320474364195123 0.3070699163974183 0.3432296784879862 0.32667200937818175 0.33320812006785483 0.3235306857759701 0.3323301803440424 0.32477670560422883 0.2577701378058664 0.25138608449912936 0.25654441477179074 0.27092247490353993 0.2701110027087462 0.2601005891685764 0.28586230630761594 0.26574146359527134 0.27258059341929236 0.25914111912320736 0.22417075831606775 0.22238380695316315 0.22356359043146146 0.23772047520563994 0.3042311237392286 0.2823158903440818 0.269505831829005 0.28334561239408274 0.30358393000122613 0.3008130818798925 0.29920750831850657 0.3507030625797728 0.33619778793735244 0.29231553917931746 0.3116193270163769 0.31037427004860296 0.2831034504433993 0.3001718927653641 0.3244115665576276
0.3496885532062995 0.3396939519715298 0.3317208049038229 0.3522261914035507 0.32625734521483135 0.30305728678993 0.2562935860293707 0.2933700823358331 0.36472054631978357 0.39221358931847844 0.3762084739892207 0.3578655851589441 0.3036096338677257 0.30226189159260464 0.26349187237231597 0.24042207733132187 0.22397823402958397 0.24210819101378175 0.225747843759848 0.24085344370963527 0.2697799219709133 0.2669893380111567 0.27939016322383026 0.28488911078632456 0.2851797477129821 0.2706621148958057 0.28940944877464736 0.2790058502672133 0.27594374345203326 0.2797009613167929 0.27891687073656607 0.333456568652527 0.30442159845943567 0.34474558431296637 0.34484723638857556 0.3313326422072738 0.32646538137685266 0.3124307470180085 0.3409889953009546 0.3320996922169629 0.3437146466140214 0.32082246312212453 0.3702793759220914
0.33724356581719056 0.31465042756510975 0.32872429671468584 0.2993655746805529 0.2857053292936496 0.2751667762707119 0.27287152979178547 0.33626085761109503 0.378837794442165 0.38857888094907117 0.3981588047359687 0.3612220651673992 0.31325241695462885 0.30263926200285457 0.27837328061377364 0.26864703870743767 0.2574446219218101 0.24663059019573563 0.24631364556077426 0.2504428157634563 0.23165964458844768 0.2365923302034304 0.24509407368210825 0.28407939662253157 0.32769405514089617 0.32668360655912976 0.3317713478574119 0.29240475766922364 0.3376849940878227 0.33772461790642355 0.3233069813872414 0.34230018812184115 0.34126040723004436 0.322145363216539 0.36131129603394546 0.34994963917550476 0.3106055727990961 0.32357909718349837 0.3051329360956473 0.3505800885267145 0.32308804321106843 0.34495586262355754 0.40498961102203146
0.3709593252489142 0.335779340735735 0.3156609789846309 0.3157905279809462 0.314406536629647 0.320427423371783 0.33070390980142805 0.34952820526914147 0.3374646405430336 0.3441036869046822 0.3587299380600973 0.3679390169951337 0.3368881109815252 0.3379520921933053 0.309419076996322 0.2567039175359779 0.24770142138439905 0.2609372555159121 0.23821219404386265 0.2533454939855718 0.24299006917218147 0.24551835411555392 0.28149480038550234 0.32786566320513183 0.36360097248371076 0.35719413298335917 0.35821593067399504 0.31537319941695563 0.2892872078538394 0.3294341194101622 0.3368864644614683 0.31914203939647645 0.3390774682442477 0.32314523991385985 0.38440030234770295 0.37109930506835287 0.3489046573582095 0.31525445080978814 0.36679988452660883 0.35233047324868827 0.34238911509325853 0.3542947751557877 0.40221177778517303
0.39340582799132323 0.3749817732951467 0.35473602150646066 0.329306205522076 0.3513689900228335 0.31278599625885034 0.33985019453336224 0.3350180246435426 0.3110180140006555 0.3383391961582465 0.3438865645514249 0.3722599739505557 0.334774888714109 0.3404183915111641 0.3157541364756549 0.28260678435402875 0.27840822715885966 0.27364754464150026 0.2705337934078768 0.2732372231428917 0.26891272417623757 0.28976093984381057 0.3297523152589877 0.34014308173716523 0.3415445566029646 0.3313315964162786 0.3163425663376771 0.3253033539088171 0.2879170503820837 0.29787562019708747 0.3362867900778249 0.28797698505010944 0.29623329150804795 0.33033212815302254 0.3805266010662196 0.36591594973388486 0.34151188537063565 0.38737919429418377 0.3904918535505073 0.39741595674426355 0.3646245906978502 0.38432967224597925 0.379664161576629
0.38855119016640743 0.4039642683856147 0.42145245667951536 0.37499170848682545 0.35815948777692846 0.346757839522632 0.3943155368711379 0.38019273965332373 0.3429681450660543 0.3442458825590659 0.3245391843518955 0.36599683669804317 0.326919570806522 0.3263445893616806 0.33242752824875443 0.2677822744032895 0.272527684595047 0.2711976358944351 0.27377672192758856 0.24195627542153933 0.2464784996202818 0.29008214559884987 0.33322092084991173 0.34461319199650847 0.35312489287349325 0.34694124751243655 0.33402611660429926 0.29447250876577963 0.3122149484209543 0.3271043887587672 0.3035088628166725 0.29595953285549187 0.3072245953398424 0.3459414595531853 0.3749435081165065 0.35591594616658717 0.3585942063703988 0.40214888630473017 0.3884239328255673 0.4084653753679867 0.4005742770153462 0.40355926982561985 0.3946373374949824
0.3926308980157978 0.40494693305976326 0.4555759207322557 0.41031109497949025 0.39065008274004814 0.386435713636947 0.41146121090540516 0.35716774538739177 0.35538623464045344 0.34585980134911326 0.35269836096332574 0.37336254791054285 0.340081678891481 0.31591192807765234 0.33629011496064454 0.26705773045139813 0.22554192309702176 0.26140006090107476 0.23712313726017195 0.22355106969793498 0.2412549478606417 0.2994712870040044 0.3167343890311897 0.3248865319449508 0.3658253415657538 0.350073254971592 0.34747079339422837 0.2766437493002151 0.2698510597588073 0.32546062143086213 0.32715080671558044 0.31902210385445673 0.3211092259127916 0.34747949449575405 0.32710788996087453 0.37832808159937426 0.39697057915745915 0.4316978532664841 0.43644237651036394 0.42738441820830886 0.4015013575241997 0.4488765975133957 0.4606773600715931
0.42311058090632975 0.44282259071879554 0.45912417796476024 0.42310114347893996 0.4154443936114375 0.3883074501019802 0.4069969928890468 0.3737925848411229 0.34764188900722914 0.3449805072999332 0.33258166631389946 0.3529804378890173 0.35907313244996614 0.3317959532325935 0.30884320108038643 0.2943211334646622 0.23654814255817405 0.2565807939276324 0.24037935022086726 0.2405669426070982 0.2638771013911363 0.3129596413499628 0.2896563839310756 0.31495002323624116 0.3073661048974166 0.3391904382765876 0.2896765766942997 0.29832830762410345 0.27481597559224574 0.27135844793082536 0.32067656479237333 0.34885557618398283 0.34080229266002315 0.34334679842257654 0.3229317775204774 0.3407397794893698 0.3812958773480069 0.42972669716242123 0.4276822763811256 0.4316879593634033 0.4091264238352144 0.44853156854539894 0.4654629045809088
