Raster_benchmarking/DGGS/continuous/raster-255.asc
NCOLS 100
NROWS 100
XLLCORNER 1743168.2675146903
YLLCORNER 5469287.446103808
CELLSIZE 10
NODATA_VALUE -9999
[rows 0 to 18 of 100, columns 43 to 85 of 100]
0.3278647569771251 0.3215175664609226 0.27619784756563875 0.28975661912895534 0.302046891604916 0.2758929339203862 0.2987639201482472 0.2862121930985022 0.30259557338428045 0.32023318996643235 0.29152952110250213 0.31657825403664847 0.31142361474860464 0.32952548455861935 0.32554350175691815 0.34575189078510254 0.35150307179142765 0.3076976452086624 0.3068590920115785 0.317978092045648 0.29479651235380455 0.2681936961758072 0.2848269530147597 0.24627919672690335 0.26911977713575996 0.2595605318150415 0.2347892103631878 0.24642920582498587 0.19843723492036094 0.18338758671614575 0.18306900185358693 0.19337529674473106 0.21637841089080884 0.2158980315167804 0.28705279858026445 0.3414213773867466 0.3844017141638365 0.35852163287994837 0.41724323931747864 0.4401542753191612 0.47201601943316246 0.47632284853035234 0.5167431458682104
0.33792219100270704 0.3149373705739456 0.2682806719932489 0.2746948777240126 0.2807763259105035 0.3270732060909115 0.33407738500644585 0.3262525175270237 0.3177790259684518 0.25692485735277804 0.3048388548662088 0.3464958660579498 0.29414596080619554 0.28164874902295356 0.297897226190903 0.33886977108530286 0.3088587504741456 0.34961196855332577 0.33960712581039076 0.330651059062337 0.31504330170547507 0.3052218148554229 0.28891075757680584 0.2199560962341959 0.23467669828567406 0.22640167606469364 0.2696354695247021 0.2503808768079192 0.26008342657045014 0.24054156236413135 0.2118396122597865 0.17290970917095017 0.23495085672809704 0.2378689759731773 0.31517191859846067 0.36766393383141255 0.36277394228359433 0.34754679408340994 0.3699767332539452 0.4167933232228775 0.43125699463541195 0.48048776742544175 0.4590725092822695
0.3146069955473866 0.26442520711790346 0.26694403341895445 0.27932775567515467 0.26537411314734843 0.2683194485452457 0.2699757334874911 0.29458661686253784 0.27578410728931013 0.22871697744579852 0.2966333567792916 0.30231928473692243 0.3205980323921346 0.3438041376705267 0.3217360892147862 0.3438119256152087 0.3187974747635917 0.3055595813724253 0.2891062040869742 0.2676069529012264 0.27397318776861174 0.28613376565409165 0.23834491529978624 0.2369614541719466 0.2399336682413149 0.24382644586726193 0.2643957165782761 0.28468771309646784 0.25269728713982603 0.2504243829315955 0.1857013799073951 0.1899305144121479 0.2371746573546101 0.2977051630812663 0.3331711223707856 0.3502393799350543 0.3489741750466271 0.36430582511400145 0.38796434345401537 0.3574799055227488 0.39530044541205633 0.44619486603991304 0.4416735609861099
0.27520133919581774 0.24715258468609255 0.27697913947615593 0.2559754157907934 0.24921352711722775 0.23455421145709526 0.24094016852439004 0.24173608374754413 0.22849589848642257 0.21011582997393413 0.2567845877602027 0.2726288819530304 0.3179445075780139 0.3343180695859383 0.3237462475103605 0.3161356007951876 0.30070812868602637 0.2747939356340527 0.2770378437729751 0.23885959130478063 0.2467269580367722 0.2390444171188238 0.2506292160208447 0.22739874302540664 0.2109948125114823 0.2552850368211831 0.23628287305009615 0.24320696595197347 0.22100965303627465 0.2528582204752308 0.21784967408969602 0.20634416184664045 0.21590720627553303 0.285877146407282 0.31489773941230637 0.34321319179860577 0.3767653881125225 0.3765554216915219 0.36501018621591796 0.3076748670816993 0.34543997878274685 0.34455422880566355 0.40134739097187666
0.287632538169039 0.3045261622983855 0.29207404506728024 0.28521121146842543 0.2739587453725802 0.24375153758098872 0.2850092516408914 0.2852405391331393 0.2722000791674863 0.25641679973930337 0.2838586733739843 0.3223820598959817 0.33688052090305 0.27840213194610425 0.28023411632611467 0.29774386840237743 0.24780015758639964 0.24690508648201268 0.2560465427723153 0.2394380435169437 0.21396167585057682 0.2681861356106737 0.2406060675117637 0.22447638607930867 0.23920652870295364 0.24672828732372654 0.25235774170602554 0.27284464875578995 0.23878754366569666 0.248127498223994 0.2031250016087015 0.18500517612464548 0.24616943480034253 0.26835602060550096 0.3300085469922419 0.32278138076115703 0.3813125957811202 0.38031799619132456 0.3239104829903668 0.30800439127100915 0.3217964871234101 0.3342345373934553 0.3400908215137319
0.28459495420168335 0.3099707365095905 0.30801900708051233 0.26826273236754583 0.2947915246908208 0.26925489927231944 0.2809849028121312 0.3304910050922612 0.3029650298616821 0.2668653921086539 0.29936799936694986 0.35030760420790596 0.3125721295935147 0.2653827001896242 0.25053474642319956 0.2311273951863999 0.24627020514357592 0.22685823706518596 0.25811332322295294 0.21853849330674205 0.21468858458056686 0.25967280799695397 0.22374899607040286 0.22209180042889695 0.2017783342261646 0.21444191410491845 0.24691009830825458 0.2853723443952969 0.22367959632951606 0.21836173233331005 0.19156677984296622 0.19549365519255524 0.25299622363351054 0.274728139357177 0.33334409449892394 0.3544929784188645 0.3274947197982247 0.3698187922824404 0.32158252804028403 0.27924366022040775 0.3215287783281839 0.3285130503250717 0.3394864044597344
0.2720521681957254 0.34110854612619645 0.299613060078337 0.3537896978956021 0.3506103260644078 0.3231583112367121 0.31668388199989356 0.31123653630396775 0.2947253171460404 0.2824655020773163 0.31234841220517007 0.33346724399927813 0.31110087712143586 0.299963030181166 0.2632923432461776 0.23092535153801452 0.25454453884414724 0.2120541182895313 0.22222091929963494 0.18775926018641356 0.19698677973104936 0.21555155185957084 0.20291188628803988 0.2067081188798083 0.18518322126901848 0.22077037364243746 0.23852209514686412 0.2758774204884946 0.2818272040870155 0.24489881600573207 0.2451768994991421 0.24202390616939815 0.21642514835292204 0.24762251907641353 0.3287615519058183 0.3085822738258815 0.33044502375122187 0.35546026025738503 0.33599615322259935 0.3287979078338676 0.27811444017122366 0.29815189433660555 0.3369764295023299
0.28280496912894154 0.3733077372455616 0.32348643994528253 0.37742825915759465 0.36498410622832594 0.37028218295918836 0.38166478442570567 0.37409486349832516 0.30141783482679313 0.292261698184659 0.3050257333313547 0.3785203794651683 0.29968317706839964 0.2899240835190231 0.2724728006802983 0.26581047963127225 0.23927575846302737 0.18019075720693858 0.21161905471218528 0.20139272429859345 0.16444474922953564 0.15316213830473552 0.20488275699327366 0.1588257551135869 0.1883855682939095 0.1926375187436646 0.24213286733258466 0.295493789890344 0.2739265146533712 0.26421334652952505 0.22349130914933144 0.1921539562302622 0.2593047048528367 0.2900022423941883 0.3078137127873731 0.33777307879138013 0.36459665047482176 0.3858000518458149 0.32392135889843604 0.32626327618242906 0.2858863855123413 0.30314398918184904 0.3126147642098848
0.28410380465702045 0.33859860311358353 0.3343320605403894 0.38966423509719544 0.37869053033056016 0.4115782497341244 0.3740311389106133 0.3801240507648361 0.3502845410819181 0.33266960832499504 0.3130174343724912 0.3405455478319667 0.31095215009575095 0.30506326211444706 0.2312870742156256 0.23441308874197567 0.2301141511089609 0.19765205145271975 0.2093121812765257 0.19470092092513586 0.21098960208578563 0.20430724358662572 0.21038365761264793 0.2066621458098736 0.22049829003357266 0.2189851219320494 0.24526778244487085 0.29245313293625286 0.3287069030286462 0.32545431376925343 0.2715001867897697 0.30562076598010735 0.3123717429434756 0.28987052541759273 0.2899303843119397 0.3398053569817708 0.3112252227921785 0.3242790922732809 0.3580992028538879 0.2950300720805316 0.2646305348169711 0.3072883994533621 0.30440448984629614
0.2798978040646918 0.31657730370675324 0.3267467079020418 0.39322093611862036 0.3910293951998485 0.40788002418377917 0.40807602226083706 0.38762028101097606 0.37020745411103856 0.3671699558359627 0.3111182448640256 0.30744681350409403 0.30129779593237843 0.2815669230784785 0.27546549112968055 0.19856045896461513 0.1798771125236927 0.2191103112479452 0.21161253785030143 0.2162977936276871 0.20381255182472507 0.21250003130288786 0.2396089304403706 0.25754414532211645 0.26990155053963183 0.26823819446348074 0.2607510774165821 0.32694698134094285 0.3012486595419327 0.3084875021862386 0.3024533256693115 0.32561942656161075 0.28542961389766636 0.3135964643657498 0.3060762374924875 0.2995283689521974 0.3014827392888001 0.33873822632360556 0.29455635596830104 0.2839576419384105 0.2897058216070004 0.23799564568791437 0.23419829955331065
0.2464229222375184 0.3149347615244824 0.32042424404158054 0.3423465519283899 0.39034463077994397 0.4110003866604311 0.3848944606614829 0.3551737068900983 0.3488758032348542 0.32869872184121784 0.3567143668069536 0.2785395069214453 0.26910283636484084 0.27982104002597 0.2596978058791236 0.19945709664497432 0.1660726340208723 0.1728869862234836 0.2360842778301777 0.26286390006384047 0.25046507104353366 0.2565222812772212 0.27041267955393355 0.2669478324962714 0.28623033954335875 0.2660130765021593 0.2625960470494045 0.2776153067115932 0.2978206422555823 0.2945832349606178 0.31708277006897373 0.33455154112774843 0.2987953337580344 0.26954578373817456 0.3113697608037552 0.33211423038560095 0.32704377388896144 0.2991138148708478 0.2897477870913895 0.26891399319900566 0.256752602483142 0.2206564041341348 0.2408559620990218
0.23891363733381366 0.30174498413803547 0.33796367000290106 0.3656721552231419 0.3509743990290157 0.33702258983799943 0.39470502080551706 0.40202027272444335 0.4123108696036041 0.3664260175121565 0.35172238022560476 0.26596607177245774 0.2644009497459176 0.25626698022511846 0.25736052570807555 0.1901546755408762 0.161022798063408 0.1631635406779231 0.20714382092420658 0.23242441674768255 0.2642469273807349 0.2644732718373206 0.2746918904460422 0.25685954653156207 0.25479986768884016 0.25734480218107697 0.2921971661222165 0.28460617245188746 0.3256824654971769 0.3373988349502519 0.2906763234952233 0.33083420680553843 0.32020944566157516 0.27152899596986263 0.3150142045160487 0.31634138844559756 0.3148733316075648 0.2349137343191916 0.23008065222944374 0.19098663229615426 0.21752929057862458 0.19369981687820062 0.20411118127075273
0.2917536173569084 0.31530510513035964 0.31948814638840967 0.3513165013219473 0.3586865563783113 0.336187320441362 0.3552108372030067 0.36747655598689416 0.41187539374007576 0.3267581762244598 0.3094388800239735 0.27681957265433327 0.2651721990740954 0.2509201742019641 0.21647829411138708 0.23137126619382972 0.19080561369815757 0.16050531501413742 0.23108568253380912 0.2781868825961922 0.27386154656143813 0.271249641213463 0.2823188668785609 0.2854769249618682 0.22721673091356587 0.23000317719824517 0.3011054796569695 0.26550185559386014 0.27422787816843247 0.27782089275167665 0.2787304130962849 0.30050052131136495 0.30601720557213696 0.24759329751376014 0.2616190551537499 0.25476104440702974 0.2695587022910542 0.25674167381872093 0.20144515751964626 0.17745706938227718 0.20307912459624738 0.21413293792484128 0.1881341092218872
0.311625096294197 0.3360472553286928 0.3056430734237602 0.3134514109544427 0.3545302271222414 0.37379997042385954 0.3619679799594829 0.4128276974282831 0.3652822828939969 0.3410752115519924 0.31689285943030254 0.3263953845173137 0.3049290945667297 0.22581761564505612 0.25298665728750597 0.23392370947057964 0.1992612781914005 0.17570567283656965 0.21773864178668045 0.2524631658373078 0.24317125394377717 0.29231077501080277 0.28674447052344776 0.24751326724434755 0.26373269157558776 0.26398618252216705 0.3348601433863939 0.3298257926355236 0.29982522130353567 0.2694818314751508 0.2754727849910658 0.267460047445575 0.29770956131691056 0.2789070334017974 0.2538089124272957 0.2453896485990293 0.23925033914703722 0.2573962362381856 0.22172758593042152 0.22571072541211093 0.18375164839771999 0.15655593285863975 0.18160238361564407
0.2874909902517825 0.3222517830116591 0.3290493680485727 0.3216324088804951 0.3533987501792855 0.3740122006214709 0.3428946490967301 0.3858303969163812 0.334775911169746 0.3119076903422066 0.3388406541528343 0.3206797975319219 0.2797871599532218 0.2738255672885964 0.2358640880829699 0.23142443391994066 0.23310083190858344 0.2356594145908121 0.1945447887000725 0.2595667090982226 0.2592349339710409 0.24889341434336157 0.2746898814300338 0.28608282161036364 0.3024196547318304 0.27126560515740583 0.32542063864593146 0.30787468857434036 0.27439369123096213 0.2530090712942312 0.29175042453728717 0.26803920080221444 0.2954387125743588 0.2697705360053928 0.21945331191602635 0.20220075843741014 0.20146393259549938 0.1890104187405384 0.2033727379421809 0.20986891751040324 0.15089511535430913 0.11795132714049246 0.16763177916784872
0.2771455685847777 0.28042185632208666 0.311430595233016 0.29135810859348427 0.3222086047187828 0.34764582457299387 0.3214748144792715 0.3265492778722964 0.3576880473815427 0.3372865773062326 0.320511998881151 0.26897871531732714 0.24738616306288674 0.22666756186730397 0.23723169072173875 0.26409751597668374 0.23697645516147847 0.22226372474076805 0.1890101299572623 0.22459312670910908 0.21799384582475972 0.2733790786824891 0.2859041368391574 0.2613757541369251 0.27918072465752963 0.3230579964114032 0.3346731330584343 0.28365173698505003 0.30774357951856346 0.2990432705670865 0.3315225711122677 0.32700158444164656 0.27734776886346846 0.28507139350518573 0.2391721915753078 0.1662546587928231 0.134239421714894 0.15498264223314165 0.17435910043031486 0.1593916076115336 0.1295484604547595 0.0994050890389856 0.14481818931422882
0.2637033836852346 0.2929816904444136 0.25727427791069696 0.28739998850995396 0.29386592336410716 0.28651202224521005 0.33473588968766926 0.32089972266844774 0.31443930821070365 0.3244703807680474 0.2823959836645584 0.2500617591213962 0.20799376340329426 0.23048854092369644 0.22997386166249797 0.24398540761416468 0.23123694708263373 0.24492663769145306 0.18658350629248652 0.22629436922111199 0.22645980867542906 0.24803246914847832 0.24665125629660606 0.26374408146359557 0.29601923321836465 0.321758640073548 0.32159468300091526 0.29781204890107216 0.27130750357214495 0.2407001882405948 0.307098926630978 0.31168810353923654 0.2941315313403262 0.2508439338693806 0.21765092137448486 0.17125613400758213 0.14017161925400498 0.10951137049927669 0.12352740049632567 0.1055627861235885 0.10579791361043561 0.13198743365251997 0.09582228710436787
0.25923429832331396 0.28769320867884945 0.2298876879337397 0.22916755293989063 0.2763550270086789 0.2961760319508787 0.2966913665300471 0.2956477155430405 0.2871309419966995 0.3042189112559275 0.2575189608752611 0.27177146733931695 0.2041456181072084 0.1913201730502311 0.19010402590031594 0.18728727816227025 0.222687887826646 0.22738198466342416 0.1859089357400233 0.19473878063813188 0.20124044366358151 0.21743460364142195 0.2673207571915095 0.31349326881114936 0.31001981745853535 0.28853846800122507 0.2733948499410115 0.269460859749209 0.2584751694223982 0.20889179017637866 0.2505218057388589 0.2708388096459319 0.2948322625149747 0.23537521372421108 0.18570196762762237 0.15207648051560166 0.14893921803684057 0.127246807602882 0.14280716665638812 0.14920693011323488 0.09008699371910887 0.10728639930433682 0.10600738868054699
0.2232414643885713 0.2540765094286567 0.2527437194304977 0.23066929042352474 0.2500026355849592 0.2387897730355781 0.28852445692569734 0.3135583877362252 0.2910061967617567 0.2483201672707727 0.2158653550205327 0.24907668775780462 0.24446042957207 0.21507530936175476 0.22679631374909393 0.22347514588695186 0.22754384074436648 0.23006303015273555 0.24392919898629536 0.21242304127636472 0.2450461376235032 0.24993017557682018 0.24578953779057838 0.30510338676372584 0.27682984147643097 0.24917688827433346 0.27225007558420405 0.2315277170262262 0.27176581032561625 0.23236014376971056 0.24981825233538282 0.22878055248347617 0.25255867166537965 0.2251187026249513 0.19363491834424898 0.18597613035206423 0.1467604593840088 0.1753636124958387 0.15439042838665387 0.13661060506325304 0.12831825910662334 0.13123029776457543 0.13136512699051014
