Raster_benchmarking/DGGS/continuous/raster-400.asc
NCOLS 100
NROWS 100
XLLCORNER 1743159.4042100182
YLLCORNER 5469284.386884184
CELLSIZE 10
NODATA_VALUE -9999
[rows 19 to 37 of 100, columns 43 to 85 of 100]
0.6370217530959287 0.6617242787760121 0.7056089021721884 0.6801149902146121 0.7381847206931487 0.7694217340442623 0.7657519935638518 0.7404374092211867 0.7274295617254615 0.7640296755385082 0.7517151973426858 0.7413689716938195 0.7509572181492976 0.7636286570177978 0.77451096902561 0.7732763008095366 0.7161352284878606 0.663668099702765 0.6788869792510643 0.6360098636277118 0.6475190990869457 0.609856395392831 0.6246173449843943 0.6249149994702233 0.6531566140999516 0.6684986017368062 0.6760907943775227 0.6598380890914695 0.6873521498380961 0.7062399219964751 0.6992197076487133 0.6686123324552626 0.68408948400177 0.6932812343767443 0.7099781112335289 0.7083291081959383 0.703913872553435 0.6985430822943876 0.6719838793748965 0.6040077354580163 0.6006886975503117 0.5652103240589887 0.587616041022235
0.6436241893503456 0.6527912251935041 0.7028740122222807 0.6772691651221979 0.7057550687617267 0.7593229891245267 0.7611660953164803 0.7419693398189191 0.728800919980562 0.7178857766702463 0.7399402422661158 0.7299958625541626 0.7246487208221217 0.7581987855032205 0.7469592581969118 0.7366317279896708 0.7537617653461933 0.6897608920634942 0.6746641310912707 0.6819960423139839 0.6565255734978332 0.6317262140397797 0.6351876422068323 0.6025785940724036 0.6379400523981676 0.6376360579577022 0.6564689494767122 0.6585417575694998 0.6547084206299087 0.6755817211806023 0.6908656751265259 0.6918893230113184 0.6836683649566265 0.7165511012242705 0.6970536027522528 0.6968988682070401 0.7270889495678775 0.702557577144678 0.6754034296556121 0.6364265376432273 0.6172519570279512 0.5900669783232125 0.5588166985196078
0.6399499301439845 0.670388333239179 0.6756981878141459 0.719287527871501 0.7296546648581957 0.7315413433457582 0.7353672731313137 0.7481892548090131 0.7514920814120953 0.734313722627844 0.7548172534351587 0.7424039830361636 0.7346012617698515 0.7307358706932763 0.7274667421172839 0.7607923535937005 0.7435736089366056 0.7421874402315565 0.6940756108099789 0.6947763266809525 0.6624490959370285 0.6597284622043113 0.6317183096785963 0.6094495481672717 0.6108284852268803 0.6420140617627733 0.6606765939779499 0.657903196240946 0.6697922629410921 0.661317383614607 0.6761056848072199 0.6974780239430242 0.7276961105598029 0.7382288189703228 0.7362686060408137 0.7031184997936396 0.7030946718580242 0.7106064392938972 0.6678954334262698 0.6154814465083654 0.6117665587343756 0.6031933615817243 0.5666491142570281
0.6810592739934902 0.6811535642507508 0.6879684675038322 0.6882651216169183 0.706296032712314 0.7332027861620877 0.7449518946430876 0.7238350113208274 0.7322017006388727 0.7568861670617288 0.7321094650350853 0.7147389869124233 0.7422242069250032 0.7157074304712364 0.7146191227955343 0.7473456522099571 0.717885479710652 0.7088393250474523 0.7394382119697449 0.7088901288741621 0.6959671886704182 0.6535186241871508 0.634418451830968 0.6225228778583318 0.6246323775766353 0.6771685643965994 0.6772760953347075 0.6899443911923985 0.7066170486352499 0.7128052929381987 0.6781022285503597 0.7090686168545396 0.7218705456072853 0.7373073696869569 0.7046001452888444 0.7022953274629409 0.6758729135199636 0.7096937121055423 0.6817224125956947 0.6386706776253421 0.6605622892457419 0.6187751203061429 0.6154494415452991
0.7007927886462186 0.6924863512475845 0.6650355076759307 0.6783688113221557 0.6854721526694468 0.7206173310461188 0.7326036599851391 0.7310178248596181 0.7730622802115649 0.7889469763418137 0.7619554061517021 0.7136612627785538 0.7034707985546366 0.7312102014486664 0.6919579691371899 0.7118503370887957 0.7274816785455598 0.7262938851989845 0.745752015571568 0.7185310260093128 0.6748722345386466 0.6370897297833732 0.6183677485903907 0.5925169671193211 0.621041902265955 0.6727644448314954 0.6657981005170405 0.6816608640044982 0.724675333671304 0.7265593627825092 0.6871338988255754 0.7229736894463779 0.7293989567617108 0.7521757206748673 0.7068837122595136 0.67909633232513 0.6951507634738006 0.6843955549478897 0.6645021628962792 0.6835650016761026 0.6771215511216637 0.6464771012914056 0.5996123525725027
0.7106272250040812 0.7083154757843367 0.6958089918691539 0.692499983791583 0.7055258212936327 0.6938084463287227 0.7114393418033996 0.7140546044786789 0.75959993214202 0.7845130251712905 0.7563576338241375 0.7534143745331544 0.7116773184239003 0.7329515972605858 0.7085942318996682 0.7068424668292305 0.7097315326628583 0.7069208033131157 0.697236132379962 0.7072704623931904 0.6701319856725793 0.6203026044179902 0.6193599344402212 0.5884720537955378 0.6313098383780726 0.6644476644957352 0.6403869952584252 0.6882577281292726 0.691208539819396 0.7246114803686622 0.6897600178818659 0.7194847460215082 0.7023796253414909 0.7023714852833719 0.7074212662988585 0.6444636201373966 0.639378399736831 0.6752412395591881 0.6526158262831668 0.661910940310488 0.6692680239415552 0.611655488114982 0.6051816943319113
0.7081871280197679 0.7200738625517167 0.6940429227136733 0.6660951713173754 0.687831008796127 0.6851842491432598 0.7185438963079223 0.7107077304942336 0.7416642272873638 0.7428953540213268 0.7633632723949212 0.7559337015073144 0.7426632524276462 0.6809065369628134 0.6819889034277816 0.6520423850444181 0.680698216506658 0.6860996482331413 0.6885128995174551 0.6568407922112725 0.6582052632670596 0.6183063743781109 0.5894470446618753 0.5787952643309608 0.6075108245510865 0.6350347451835897 0.6451290695898751 0.6484581666608179 0.684377145068258 0.688813153665739 0.6762384198103933 0.7121664058991732 0.7112303666602523 0.6601084575490705 0.6736888959350451 0.6443013591322815 0.6420057338824798 0.6385877021135715 0.6406408089280307 0.6487339885052662 0.6336828909411445 0.6144088766298361 0.6232793113936973
0.6694448490191253 0.6566101418031948 0.6578375295470053 0.654704914662341 0.6652451005023122 0.6565994838389219 0.6905744634038796 0.7121913827315292 0.717893123902107 0.7691533757337828 0.7748568867884099 0.7716731847932222 0.7391093283293236 0.673823315967261 0.6804681481174875 0.619035627284056 0.6179632924410409 0.6255654964116075 0.6577368740479403 0.6458465271194979 0.6069974579501616 0.5643656813380682 0.5405710831683399 0.5820943326089785 0.5838518639614443 0.6245083486008876 0.6392060934716013 0.6388164553335586 0.6436628413543372 0.6738679353103034 0.660816726041399 0.6889942741751921 0.6777735882308554 0.6756118906849672 0.6700789687249853 0.6818930033400337 0.6487078613243468 0.6283491282561205 0.6396473933332141 0.6317266400107134 0.6530472473655606 0.6337458277807615 0.6263846322028276
0.6757680182440459 0.658851094101216 0.6475305392027707 0.6165238526199504 0.653488857032837 0.6427082541234113 0.6491469012950424 0.6753631596877979 0.7144718986215596 0.7726305444878238 0.745154700420256 0.7766478497552317 0.7276031246484129 0.6981342545305039 0.6930991286594539 0.6221287927345035 0.6136933472792312 0.6131480609728867 0.6412319644366917 0.6172713898597431 0.5551652661338574 0.5210451810695488 0.5151803842414884 0.5410225917524459 0.5579572863448605 0.6028849897896653 0.6116109091470159 0.5803689902395968 0.6163995583314774 0.6573561019675739 0.6357908959468371 0.6506846551323564 0.6300105850728039 0.6706501323567983 0.6814123177573136 0.692184292118367 0.6532160419689127 0.6418876932655114 0.6534166762927788 0.6168063049381246 0.6473115940006964 0.6546835873272715 0.6098581339973573
0.6658923140077918 0.6551216134704183 0.6525985652689379 0.647915779555095 0.6154027132742881 0.637355071192319 0.6599410448189805 0.6588647401015323 0.7199221342586752 0.7376797367358511 0.7551801383498145 0.7495855764775019 0.7587006585624181 0.7340579802932307 0.695316588027143 0.624840991578488 0.622581147234393 0.6122135371296988 0.6013686675018537 0.5891787990464397 0.5291221281585302 0.526953978805071 0.550663250320807 0.5665861802622191 0.5584408695281982 0.5919083209094277 0.5848262376618102 0.5942697248584532 0.5979738068428536 0.6151946345037955 0.6108611291500131 0.6137285325822842 0.6086382415850374 0.6102749643660171 0.6630412410054848 0.6657813076737759 0.6853675682687381 0.6443816192044755 0.6354070214314265 0.6488864257233513 0.6431476022507231 0.652426235829061 0.612731999657055
0.6583628918415949 0.6400392669451718 0.6467583717377339 0.6405549643535418 0.6406891796446297 0.6606476563656798 0.6555464871526173 0.6808894014989698 0.6911654757862408 0.7053818747181402 0.7328950589490041 0.7622620414132356 0.7443681062355549 0.7166062286382443 0.6941289756791652 0.6547697197482792 0.6365185971801897 0.5841700907003388 0.5664312683175247 0.5394853756242907 0.5254287529248626 0.5281359861830937 0.5610105744660081 0.5349572795805191 0.5429022489296963 0.5735390814026803 0.5383835453925906 0.5810353274387773 0.5397916828978467 0.5652604628962722 0.5565428432455436 0.5493329303358601 0.5844618724619126 0.5673104740611893 0.6084314469768428 0.664673941536777 0.6800804012699583 0.6865846676603861 0.6538957320997041 0.670195286656053 0.6700557988252104 0.6553098529342999 0.6359722251928155
0.6589427976977863 0.6619064591498429 0.6202718908411692 0.626456965030981 0.6668147502290918 0.6787780338488528 0.6804560882123011 0.6611443670427277 0.6896432436377614 0.6976499043357941 0.7190469876907465 0.7162646858650185 0.7290566462732967 0.7175848729021794 0.6614120242897686 0.6117109640711819 0.5927822176058208 0.5607869994551081 0.5353186387893843 0.5326583302883632 0.5208757940008704 0.5127335105278089 0.5486947800646741 0.5252006265026801 0.5107377306022709 0.5278541954667916 0.5130298128772869 0.5068393236088953 0.5184852313908543 0.4965761395742627 0.5064232428626066 0.5407425114194695 0.5495995245929988 0.5604368750466265 0.5902114392813915 0.6382818676195657 0.6905679776965343 0.6928188086534838 0.6810010953840259 0.6615129137911202 0.6433509495807405 0.6270776303050764 0.6277818318913534
0.6337700193088507 0.6257479284890429 0.6177775425684452 0.6402076480666974 0.6523401855816822 0.6908768426454577 0.689808720016925 0.6700943951682125 0.672218081808451 0.7352068703205544 0.7336853915273498 0.7300342900006457 0.7116048002074651 0.6908202977268972 0.6499760611374592 0.6146368830259413 0.5886875037230148 0.5215580151310042 0.547435520319769 0.5308847337902018 0.5124681255645733 0.51064356370834 0.5217657318314612 0.5380021052968663 0.5077016825791649 0.4761337734778976 0.47992149940364975 0.5185041546724226 0.49885030175811834 0.48014458683848454 0.4887728168006394 0.5024768661229954 0.4947770187211012 0.5362753658919841 0.5999284252686127 0.6382664656881457 0.6786613218610584 0.7072165463789568 0.660491313166441 0.6533267985075558 0.6489048671922791 0.6298661880358974 0.605956016727656
0.6386666814208045 0.6543973537518564 0.6584153659506256 0.6316144475265554 0.6316805352137259 0.6729943720239315 0.6705553319860061 0.6596319541825699 0.6465804021791922 0.6458297784548814 0.6787808031033571 0.7000561497638905 0.6765713646257143 0.6652903657395673 0.6176816209288205 0.5830637448107415 0.5362668650836124 0.5048211001608758 0.519795049556811 0.5595153324108911 0.5365261522191169 0.5032053230295066 0.5462945816837699 0.5347596038214918 0.5174035517531805 0.4783729751420693 0.4820242427471573 0.464601994583497 0.4408384973382528 0.45074661856503134 0.4508647323346682 0.45058075765926714 0.47701864960312435 0.5036035322398881 0.5422046271542307 0.592114654581222 0.6365811775480686 0.6702653661959052 0.6617352105424736 0.6651444976468048 0.6633133671221253 0.6220829542779398 0.6275687550133618
0.6327098181139187 0.6429378998651348 0.6519624094432446 0.6220050145683859 0.6283541571300107 0.6292019633487709 0.6439351596183771 0.6025710720662161 0.6203862316722414 0.6221271653705042 0.6311350998033882 0.6195273940264795 0.5938029322604005 0.6072889222722334 0.5652032740988473 0.5280163408905308 0.526601891509211 0.5092104205819846 0.5631403835797122 0.5598550892758162 0.5324123610693307 0.5029116188673757 0.524760480408199 0.5464759267822138 0.5107067375728889 0.4891388039432156 0.49648710011964425 0.4300038049810127 0.4217615369968643 0.4250227520121516 0.4370685897092366 0.4593649788737644 0.4996337080524331 0.49373475235984793 0.5488112755162764 0.5665704845829904 0.6381574162834858 0.6481296453501163 0.6656320870797987 0.6548616003328067 0.6703422307566278 0.6360878704644749 0.6426216650371765
0.6187248060753671 0.6295837895904103 0.6307127606736473 0.5951343751755006 0.6107289052153156 0.6209821148925743 0.5806229973842325 0.6016870941124591 0.5869567502986633 0.5658757630612671 0.5902684332143201 0.5651044866520064 0.5617656353783695 0.5530115389147306 0.5174090196856169 0.49304117754156535 0.5284554055418287 0.5181399037930027 0.5666548998092538 0.5390835471365991 0.5420615589139072 0.547590856675263 0.49904195050912725 0.5133243997256386 0.5203708976995313 0.4854787530460066 0.48373222281637746 0.42742457151369545 0.40588640671840137 0.4321281880414958 0.4365817927525975 0.43335601683865566 0.46569158566729807 0.508602092335083 0.51892768980105 0.5581989772746454 0.6043311579375777 0.6158719510919447 0.6041401318873352 0.630035130682618 0.6270452871519531 0.6522401781906839 0.6541535715937455
0.6325733735944474 0.6278801088158441 0.6197035058321821 0.5682629772059155 0.5704764416513541 0.5743142865543093 0.5699834259905818 0.5563323364844973 0.534305017313593 0.5414227304800977 0.550834094416184 0.49672750897623696 0.5008000436633505 0.5172804056650134 0.4990160301928472 0.4678930631851363 0.523044880780627 0.5376697386272521 0.5421466337036379 0.5747669538956226 0.5359770589428056 0.5463534422570575 0.513642186279474 0.4959202495876886 0.5325517566128855 0.5045333119657425 0.46576847405831984 0.44847219558795387 0.41442742620838247 0.39725424721515423 0.42837365629831137 0.4632044355297058 0.49833924427958304 0.5011737917919675 0.5359879593414144 0.5463689351860411 0.5936242229000352 0.5805293040817027 0.6158764130201201 0.612839319168871 0.594928100742724 0.6140237124222726 0.6714163323335812
0.6082472947558556 0.6272296101977258 0.5964932955827974 0.5868810416343744 0.580488302402915 0.5801516632615598 0.546159074646542 0.5534746882739899 0.5501767012413198 0.5280190696672972 0.5145607471080511 0.4941778491517069 0.4698518432443274 0.45788753303336727 0.44851544444544345 0.45849974118447756 0.49439237117583995 0.513027591669965 0.5393815203904415 0.5443902400685152 0.5482442528386333 0.522383040740489 0.491165659646868 0.5185650620888569 0.5238623838167098 0.4902614225228082 0.4690075772811266 0.42273245692531186 0.39585674551640376 0.4134955828017232 0.4189224830480975 0.42269160266573347 0.47608052429226616 0.49499314910613923 0.5215425455300194 0.5649758634608565 0.570642784046895 0.5577201733924239 0.5938732795012324 0.6019341370615571 0.6131567246653375 0.6200898992676589 0.668593627032991
0.5903197533880624 0.6310089927914052 0.5984527213659131 0.5761837397745001 0.5740431624998208 0.5951637178604189 0.5719082845495824 0.5131057957341256 0.5052858357116221 0.5041289879976292 0.48438177631403634 0.4827514668698794 0.48390608815064545 0.4322584820286396 0.4493767522841993 0.45953500499385996 0.44769431671256915 0.47460864336885517 0.508030405481393 0.5408979513009247 0.5073621348457181 0.5003313495877773 0.5011720385600057 0.4954402254870935 0.5084094671604995 0.5061937293354379 0.4782465629408921 0.41893588127022086 0.3826169635246128 0.3968731806183866 0.4366862209473727 0.4003100782927654 0.4516332024019814 0.4434427095503965 0.5026437212714906 0.5290742061937356 0.5265411749076925 0.5483398112969319 0.5920401252425013 0.6022515997545355 0.6150221649622826 0.6850061281167591 0.646651841204077
