Raster_benchmarking/DGGS/continuous/raster-312.asc
NCOLS 100
NROWS 100
XLLCORNER 1743158.5220153555
YLLCORNER 5469291.015614082
CELLSIZE 10
NODATA_VALUE -9999
[rows 0 to 18 of 100, columns 0 to 42 of 100]
0.8183953913972798 0.8104588314439692 0.7707926561668814 0.7682800801263202 0.7446092862593122 0.7299474970037234 0.7531352306581065 0.7805195630003229 0.7612479933929777 0.7155514155922326 0.7255370554524958 0.6310613521685854 0.5762457823377038 0.5588403797044627 0.5664877889055576 0.5396428409161297 0.5066512983434048 0.4946309414322527 0.49623360495094027 0.4568560319557085 0.4363333076282428 0.3572311725837262 0.33824223262832515 0.36487797972706165 0.3755632748017443 0.42073831964855013 0.4137560356576462 0.40271693051043267 0.4427086229110525 0.45268640646926805 0.4759849716861845 0.4309490646734346 0.45302941661211343 0.42422212471307424 0.4192885731790882 0.4116936633693674 0.40705183345249063 0.41612360778242685 0.42130370354203206 0.4336404675820109 0.4397047271627569 0.4282507825342273 0.4418806256341911
0.7967486481408321 0.8142378088369291 0.8165311849219592 0.8099351396381657 0.7313082827340274 0.7313891640030873 0.7080729615906757 0.7305535902967636 0.7529021853869344 0.7497425555274927 0.7251455061852461 0.639712499801872 0.5978473211450783 0.5824908352188416 0.5459386142437337 0.5195946357545277 0.49975963359955855 0.5432079393894022 0.5401287315873727 0.44308438431336367 0.40851910162027366 0.36008421220241676 0.30833741762968375 0.3540563948973903 0.33846932047459755 0.34883735871563254 0.3459795963676236 0.33504471196804936 0.3751012620914968 0.4011708926435607 0.4406816074499456 0.46110156632917126 0.4610690238240069 0.47148039124323887 0.438190381384513 0.4462377753669498 0.42598815394830863 0.4026646279766185 0.4106061304932881 0.4247812041359867 0.4321209711385311 0.4411936266955988 0.5245724755535939
0.8616478765700631 0.8722754063167094 0.844830035258068 0.7825498642558476 0.7684043821147982 0.7450865871909059 0.7695880959638234 0.7583767575589739 0.7381985725860356 0.7684482503511771 0.743718769152389 0.673630488281039 0.6618368220745219 0.5881283326172455 0.5609483413196983 0.5279610842231923 0.5700664350844392 0.5417617546545018 0.5076203833413945 0.49687321716487265 0.4734197518482269 0.43022661186121763 0.3326298437024852 0.342669891155135 0.31087129177117395 0.3492188631220838 0.332993091434388 0.3444308264321727 0.3615674213518803 0.40498996009057964 0.4403601492530098 0.4432742075990412 0.4451513758666127 0.42887776980937764 0.3779352728047848 0.3941913585250929 0.39389168495044685 0.35219408968275023 0.4023887868333144 0.4220185757425431 0.3895534718393805 0.4565923538477845 0.45633087644191644
0.8625947130713693 0.9041924270392301 0.8777908071103963 0.8278069314742248 0.7500331433887942 0.7611707223593388 0.7488273688151641 0.7443794598409524 0.768613638006545 0.738290788376982 0.691534057868885 0.694040203198615 0.6632509274280783 0.6034388637052299 0.5433915844964371 0.5787208094105872 0.5933822566807199 0.5290289045205698 0.5276492565524991 0.4666710048324422 0.5003679062185016 0.47126338219323766 0.3815537292522818 0.348343895240136 0.34026388916746725 0.3749390864069675 0.36347254367677945 0.3735771275480956 0.35740406513300255 0.3592340056054664 0.3384248801268126 0.39151081276716737 0.4017606847068631 0.38051577551809734 0.38720871402176343 0.4093148718266136 0.34414921374031293 0.33450306052273254 0.3271791765956365 0.35519253312218035 0.3889073380713408 0.4228930946622563 0.39042575477013514
0.856884324336342 0.8659272947488746 0.8762594280820529 0.8103645454983448 0.7819994962470372 0.7862481508397137 0.7606801825775972 0.7748848747167738 0.7433030846912362 0.7074883369712434 0.7092467826534883 0.7171468728416815 0.7028853301129319 0.6556074925432236 0.5824622499096251 0.5521812062368228 0.5987782151415215 0.5939364270258689 0.5486114748983845 0.4771652462989091 0.5131214766436687 0.4629892081558472 0.3920195236417712 0.3767289543153343 0.368183737364926 0.3308694412703521 0.36717846665214815 0.3387315065387284 0.32316127263778793 0.3531715090141809 0.3259836427742349 0.34387038186272845 0.36673380103234804 0.3749699046378236 0.36714292930513115 0.37854973738973613 0.34211743847001247 0.38458942355754533 0.36960402660959724 0.341045685152736 0.3837587108335724 0.391586526962405 0.41461977203668104
0.8617719699265597 0.8685857154568374 0.8770429460148391 0.8451260841263148 0.795245191248125 0.7963877082938008 0.7871152177883025 0.8133981336191941 0.7360746343011327 0.7431559493215522 0.7365451922886708 0.7052600591755456 0.7121791661459776 0.680185614395322 0.6052251428758404 0.6299651771980883 0.5813785445406475 0.596607821965078 0.5459340441222845 0.5297583946461998 0.476773912824174 0.4300856537810975 0.3742008895608501 0.41795961147176247 0.38981665773871366 0.3553013755088784 0.3467903099057467 0.3618386023855264 0.3489519719470225 0.3262728484393396 0.3566135211664736 0.4035650019889985 0.38000598613302833 0.3760452807068255 0.3802637955414352 0.41519720851454117 0.40278140664178613 0.37536614469480284 0.36000229345950036 0.32361308041103337 0.36315981209567316 0.361511197465665 0.40921373312108883
0.8760749848166086 0.844579570200787 0.8358349379907344 0.808147094373633 0.8616775697304245 0.866356339903626 0.8454980204904805 0.8233456855401637 0.7861264163778452 0.725778506201424 0.7491286171429765 0.7406013160477296 0.7514152701928778 0.6938857940142626 0.6936057386563291 0.6664101434527804 0.6150401260322544 0.5534194356587742 0.5510212526728077 0.5115759052631128 0.46038541306310043 0.40717975446363924 0.41751619015776853 0.4099175653106578 0.4163895580332079 0.38785941655514533 0.32614594097173166 0.3265271284032075 0.3383061518492204 0.33907455929242225 0.3421807966595007 0.400613956487406 0.41346646753101873 0.3650132000474065 0.39059388012193225 0.38397796524547295 0.3593778348614062 0.34507426000110797 0.3316068502066919 0.3581863513360647 0.3393547344229275 0.3689767188802911 0.38961621266642943
0.8442828475315248 0.8256683919076842 0.8100350300447796 0.8093887225491843 0.8705949087524499 0.9228904810706146 0.8852483404901614 0.8292371862324005 0.7650328529210704 0.6962884448152622 0.6830484910662246 0.7612020445738373 0.7317613811504424 0.7701022222187367 0.7479998532836798 0.6855159389955803 0.6278254582714534 0.6146460869043541 0.5903174327982986 0.5428612336744081 0.42445335252676875 0.41338027714606135 0.40668473649893144 0.38934966556538475 0.366615559061354 0.3369768612215649 0.313063519783564 0.33248729241130986 0.3537836529506062 0.3627919760588566 0.396870588199256 0.3822469751357401 0.41743190043274336 0.4244643724254871 0.42222535027851466 0.3709889440049014 0.33819440300919845 0.36112675950695755 0.3707906503873922 0.37289896769647096 0.3753278018845215 0.3859863334687467 0.34552827661559626
0.8420550038173855 0.8008104128173278 0.8284716248735823 0.8183999892777643 0.8614408129673983 0.9284027880806387 0.9083969772401519 0.8685115542658842 0.8227079309099032 0.7260300567063156 0.7410685490042798 0.758292941670768 0.7349313215406394 0.7875370920535454 0.772363645071302 0.7525643219084973 0.6943251133909552 0.6063442357260138 0.5880550726636359 0.5289064852431206 0.4723837745903745 0.442901509554962 0.4149770373962291 0.35843508208960784 0.3632525773425451 0.36050368855544496 0.35726553733361177 0.38442058244186905 0.37435829839089557 0.38958507251116686 0.4539172759072219 0.4289777455572297 0.4219981538292547 0.4352268179561113 0.3787892020458483 0.39676729703295766 0.39548345850661065 0.3971948237048341 0.3546009605802304 0.36965018018583456 0.39279792202698743 0.4233031324140025 0.38897941150631055
0.825987392044288 0.837235067177721 0.815237791628309 0.850859199851638 0.915912193279675 0.9136502675876815 0.9445995326815072 0.8514865773592913 0.7954467826274269 0.7337208445561897 0.7290468272522425 0.7587947544453052 0.7942825830441602 0.8241210875402049 0.8030903419620335 0.7935901912151457 0.707153546122586 0.6123591577272985 0.6006041741434602 0.5200593217631347 0.47282825313810495 0.4483267754732 0.38195621355624526 0.366535971448317 0.3896283808842754 0.392660514424968 0.39647409681992984 0.3639634457618077 0.38722424841312003 0.4434136762104841 0.45964472135949674 0.46068193266352064 0.49453058347956214 0.48658765862050557 0.4032313129391385 0.41556782968255673 0.41842854604641494 0.40680756093241743 0.42096004554064487 0.3987429974356213 0.416199341020586 0.40477310320602095 0.41595856112133767
0.8903311175478447 0.853155279903139 0.8810893436774342 0.8611316876989669 0.8743890979223493 0.8962072360637564 0.8927560771460156 0.878830442210103 0.8085286978607735 0.7751789634324859 0.7628361328596145 0.7147162251077964 0.7416082937168484 0.8285697220129109 0.8340131542793525 0.7882965898532475 0.7330532253191873 0.6414093997491934 0.606082710873109 0.5812050183344367 0.5608189141141725 0.49073476334547356 0.4120118723066322 0.42703656179302707 0.47117377015772405 0.4378453228518594 0.4235361474570212 0.42569719291128094 0.45361149395732897 0.4498462593633099 0.47271877372473986 0.5196523567665273 0.5375077614345661 0.4852717887730505 0.44655392606989386 0.4185785311946659 0.4518502488525595 0.4587587737372533 0.4333640541673874 0.42678078256704866 0.4147549087241176 0.4116560640571473 0.4297902496032893
0.889033367536763 0.8651078823831215 0.8539209134669962 0.8872413019980466 0.922035853812334 0.8732332821024632 0.892835595168396 0.8311232057757605 0.7920826106417003 0.740411761339364 0.710088008336601 0.7679540608461534 0.7583123472785783 0.7961172948780201 0.8193864828030928 0.743717598068989 0.6966372230883027 0.6669014410161236 0.6389000776714311 0.593523912698837 0.5698042844852347 0.532684432309128 0.4464869691120999 0.42667770423737544 0.4917752720519448 0.4726195167813363 0.4697680355542801 0.5208690061020508 0.5398697847221051 0.5029923602081969 0.4780940189373623 0.5304641249401143 0.5091857688842858 0.4853511767789499 0.4480959711044436 0.4358228813047113 0.41700412921925867 0.4541987959443358 0.5013403344553423 0.47117071463600974 0.41401852654782867 0.42155787125906075 0.4161863174904596
0.8925125549137247 0.8246230507710143 0.8773931569167411 0.892702363403157 0.9010586319286776 0.8701314734948857 0.8756018816704348 0.8268814248593788 0.8239957300200164 0.7463465867348158 0.7349217741089091 0.7828729381820696 0.8172770963878602 0.84445505439444 0.7882945727663007 0.7687800677528157 0.7449728248611927 0.6877522739769611 0.6366446018198979 0.6227591783108952 0.5998626759637912 0.5759826918799731 0.4727878729338363 0.4689561968411338 0.5316143483393758 0.5079888931391443 0.5199805299281205 0.5503180745308013 0.5586416748319651 0.49733519591245623 0.4939406229307774 0.5307534921752307 0.5099868080712237 0.46493507153362756 0.46315789523042 0.4691089272228328 0.4719332423352202 0.472166605651099 0.47882818870111615 0.44335340012891783 0.41283819787680104 0.4774163289174036 0.4959757697661473
0.868830537495683 0.8266425687078687 0.8058548899906359 0.8711247036440143 0.8519947365353222 0.8566358906786109 0.9094731963455223 0.8436935287803085 0.8036614080462179 0.808389433811605 0.7604414482301378 0.7635407452394154 0.8157492805171407 0.8575395633479667 0.8450298291478493 0.8118548325745204 0.7602611149282573 0.7248219135531139 0.6663133866683603 0.6508534588801569 0.6414326499205839 0.5443627328405674 0.5151858927068644 0.5286430035757576 0.5635681534149719 0.5548376815939274 0.5206522458743665 0.513749201407356 0.5718161057878877 0.5108783530298558 0.5428976892097578 0.5193590897489797 0.4616587094507012 0.4384161532778572 0.430371428089907 0.42448308257504175 0.4959748358302133 0.5320835862572321 0.5251068396609351 0.43769858284780666 0.42815112558726115 0.45612640571946933 0.5206614038800724
0.862070668387821 0.8448743486763669 0.8452796886934657 0.8368522289546472 0.8521142263620732 0.835918944921537 0.8845168666787192 0.8863071533191067 0.853247271368866 0.8286957798678307 0.7573282334587387 0.7684900668564949 0.7608774907089948 0.7977900754639055 0.8494356155957218 0.7862637805997085 0.7646388528322803 0.7121447784557153 0.6730636273271501 0.6222735267183915 0.6483468060048696 0.5749525325871229 0.5570354376922136 0.5688071485537721 0.5542507920419877 0.5367793483862837 0.5108514419707939 0.5545210829669568 0.5829763440884883 0.5654493137685257 0.49387602702394734 0.48630099829360424 0.48454768046270097 0.4675485754471492 0.3995609465531387 0.43212921367343904 0.5126068460388175 0.5121744373577601 0.4825372563364668 0.4802253537829445 0.44944268297377526 0.4489719971456816 0.4853187496746578
0.8225256421762863 0.8114601797680127 0.8342133471900693 0.8441529449981601 0.8403849486865078 0.8617846802090628 0.8697849490166967 0.8998964864256943 0.8489424693251738 0.8556990639978318 0.7960215475551026 0.7606137833982495 0.7813193762202707 0.8059792949045732 0.8264611012800003 0.7718024989257192 0.732080821238277 0.6787406927347971 0.6700412463766744 0.6042375036622577 0.6316338452584948 0.5950593347926477 0.6142878215992308 0.5817887460603769 0.5626711329069847 0.5419073233192545 0.5553613122211619 0.551446710783014 0.5589145088078954 0.5525609536157898 0.4858014883199794 0.47898662719941776 0.45570239638263293 0.4744890874663839 0.4100834607528197 0.44381439852801935 0.47945827231241556 0.5124386773430377 0.5226299999805148 0.5146662673904049 0.48343706139997045 0.48395439242462984 0.5046964676083068
0.8390056056852103 0.7961608187763892 0.8163867620520785 0.8561006701501587 0.8461622568570366 0.856591539148261 0.821388463444306 0.8575617430936919 0.8071942834990306 0.8176155139011136 0.7946421605684214 0.8234127209748473 0.8013550958646418 0.7630058307989052 0.8005524549607541 0.7584114518236854 0.6791165839442103 0.6731158256516168 0.6577836271070305 0.6063387377159383 0.5498386492653559 0.5483759840328203 0.5730293874419127 0.5419455646007183 0.5116045522100804 0.5064094345404961 0.548841647191538 0.533850771059294 0.5449518933377414 0.5202916644413371 0.5021595519646967 0.4978423483355079 0.46321149575247933 0.4472867775887809 0.44688623654980825 0.4417262454859928 0.46380722102461874 0.47469905675861074 0.4507713225969866 0.49832240650146076 0.4615060502093046 0.4924593963215325 0.48569936584447065
0.8078041285836053 0.8134510108019151 0.8329023355549914 0.8526457434051602 0.868786054097553 0.8229012162471241 0.7955492961500309 0.8312793430593258 0.8020150485452967 0.7921098222144082 0.7665174491004854 0.8237808050420813 0.810530191406879 0.7746539992915614 0.7677327104279837 0.7161468440220476 0.6651785518173536 0.6844650078926953 0.6354311727530592 0.5926385179779793 0.5385401635798144 0.5336082795407522 0.5372689854044883 0.5153093640650822 0.5499422826388816 0.4898525326369195 0.4684678603074726 0.4875903392471346 0.5366127544585371 0.489761105236808 0.4933857513251425 0.4962979748809056 0.5010709116345572 0.4279882786837746 0.4782695646002085 0.46046843189276476 0.44494122079677095 0.45855886256509587 0.41937346997240416 0.44264122504249914 0.4393332594864748 0.4300619019847406 0.46876558539653695
0.804498983247959 0.7954552996803552 0.8002859219848084 0.8547221812431433 0.8453727379987284 0.8375591097861673 0.8126791271029352 0.796601850348473 0.7776780962075427 0.8031279989983857 0.7695756907024973 0.7858833365283291 0.8024041390399866 0.7368963680417465 0.7309104404337435 0.6619896200549077 0.635141808378032 0.6225226464372414 0.5892359405132602 0.5946399131893392 0.5523487853014412 0.5810552247366347 0.5545444048427989 0.5466899342321407 0.5168878732211364 0.5070249732703064 0.4808601257587326 0.428306414059493 0.4712010476009271 0.4420340347820506 0.46646551542970904 0.4892008468329915 0.43785592632712667 0.4008024215367896 0.3755912064394289 0.3731490977815239 0.4040039361863437 0.3944624134943694 0.43845075874391465 0.41991548204555695 0.3917213338679153 0.4238816300699986 0.46291273001939154
