Raster_benchmarking/DGGS/continuous/raster-264.asc
NCOLS 100
NROWS 100
XLLCORNER 1743153.6975630193
YLLCORNER 5469296.81164756
CELLSIZE 10
NODATA_VALUE -9999
[rows 19 to 37 of 100, columns 0 to 42 of 100]
0.6979241775520958 0.7098833799002366 0.7076942534944116 0.7133265947049636 0.698675764665657 0.6895289276801508 0.6874414907250755 0.704877245997356 0.6874858951514881 0.705976174608565 0.6846387535857504 0.7007861633678313 0.680811354165965 0.7060783199785741 0.6893662164910307 0.6531150580858536 0.6766660796031917 0.6597259503435754 0.6346655032496581 0.5999740611616433 0.5681429678197822 0.6030429135247939 0.6062622013051726 0.5872358094321116 0.5718393325259827 0.5455523303512769 0.5342194545298179 0.5602875379521922 0.5731467005807227 0.5433628944209287 0.5161289971087033 0.4998710456388535 0.46629453511885044 0.4774853611856978 0.4539232361138753 0.4183190084451388 0.39737544457307367 0.40941730555357697 0.4020442215575238 0.3778923648994331 0.349462153442529 0.367874620213929 0.3190544629915434
0.6709167791820031 0.6947071172050879 0.7074727969310344 0.6913244926433086 0.7281866132045504 0.7168904766655759 0.6982137851181948 0.6987213534200659 0.6709608739190361 0.7067151016396184 0.699580729363781 0.7248230563530418 0.6946670310362427 0.6915592042972244 0.7226390400238903 0.6889346851995284 0.6689371424164243 0.6522746086462864 0.654489664640238 0.6369282699790603 0.5967051548351857 0.597536374367322 0.5917286923471631 0.573571371282524 0.5748200229666725 0.5587050501837638 0.5288743912231473 0.5468998292838759 0.5531201608429103 0.5330540791915098 0.5274270215056526 0.4871072630719973 0.492028886294471 0.45338025023165723 0.4630670443171388 0.4159219749729969 0.387461771101116 0.3779171169461195 0.36584164276013764 0.3763368756048273 0.36598189838443973 0.3384753711067169 0.32289953476572186
0.7035665273349632 0.6877680052818659 0.6904989250260031 0.699526936747438 0.7081251753622333 0.720956862369869 0.6936949829933874 0.7088249923093978 0.6920249981505452 0.7027064488833891 0.6947148851019693 0.739790297496467 0.75258058308605 0.7347205972457009 0.7358384153026515 0.7058971742727748 0.6881596211294295 0.6936771976866343 0.6462363075605005 0.6465873923364281 0.6457854054604776 0.6268334112950692 0.6029082156335047 0.5973484512260784 0.580669672658447 0.5579457305545327 0.5353691593474967 0.5634647247425493 0.5328075839354782 0.5045079600824195 0.49332875520437564 0.48748175444583064 0.48591253423888325 0.45450624793613664 0.4249442858055505 0.4079283536213559 0.4005787498431334 0.40000559747199854 0.3848433055603418 0.33966867389545125 0.3242661325536275 0.33662346061899895 0.3254538189876231
0.6934344992698238 0.7250801632818732 0.7259416843334452 0.720067589667909 0.713820238189623 0.6972484462525096 0.668700529561181 0.7155612940024579 0.7049712908113684 0.7233830587002626 0.6863170134708005 0.7405111083888308 0.7834925507784853 0.7213748092631751 0.7136456209212819 0.7173339911482444 0.7377989718051716 0.7143797506679409 0.6669944974175335 0.6509536270948322 0.6524723904017055 0.6336065324491494 0.6078322955139694 0.6149279457551008 0.5762738228675913 0.5588394488243955 0.5798638268020504 0.558992214407717 0.5136678419613993 0.4747706999407414 0.46750006666443805 0.4889504493154867 0.47597871722502516 0.4457756896280018 0.446737709535701 0.4073323323715171 0.4242726671293642 0.3873593569021912 0.3810106634080858 0.3620699799236515 0.3276215152728959 0.3384009719069928 0.35166154527200494
0.6682029242535231 0.7031544980906401 0.6962893073105245 0.6777830232990513 0.6876096509963722 0.6635990182713164 0.668492253512207 0.6897020694616431 0.6789904840632839 0.7094911478991088 0.7246292571451104 0.7122297290106211 0.7184241765361224 0.7209975608126431 0.713594407484002 0.7177555926962773 0.7217602486964821 0.6819431274189123 0.6601659856254485 0.6569420470398292 0.6260897263086281 0.6307747021253599 0.6383447718053354 0.5929534096367581 0.6002400688764312 0.5572411103793401 0.5723405482907015 0.5301188673668819 0.5225614791791487 0.4793032075547993 0.4593674752298897 0.4423084510205726 0.4221451676448744 0.4407360036441129 0.4256059311498627 0.4240957578003141 0.36906049491440923 0.3578966114085514 0.34110850406650595 0.33063571766789757 0.3439196721659168 0.3313338159473418 0.35048727539821206
0.6793635852815808 0.6794945899429807 0.6401510209223655 0.6568969258024702 0.6519210258315918 0.6529702999904837 0.6530177792617926 0.6494504839251904 0.6735033694056349 0.6795558745510579 0.7159279399354938 0.7222560479043851 0.7019574223900853 0.706229193284721 0.6652512272355677 0.69599561881094 0.7026404727061566 0.675331875566674 0.6787934672600838 0.6736997849351719 0.6401905994214596 0.6354647784477907 0.6489514848427808 0.5914014025233496 0.5989412607534694 0.5699075283361232 0.5505709404253538 0.5448787380359632 0.5210223663462238 0.48942383827940095 0.48002336797489314 0.4585522279654703 0.41046842873270745 0.41425559556334873 0.422457816060147 0.38551057120529475 0.3530496161759344 0.32722695649449307 0.33127313706159156 0.3361075386727473 0.3287339931676021 0.3607714807936679 0.36405019891246787
0.6478156582508139 0.6574693509416318 0.627459494043213 0.6385694632619605 0.6467140400833544 0.6552627145543003 0.6554518424860856 0.6636528494669128 0.6742264038130759 0.7062721909912991 0.6986639946190303 0.6803556605332104 0.6631590257646828 0.6580029977238867 0.6879349964279382 0.6548389787743252 0.6497393177798003 0.6371196126025801 0.6587922438723882 0.6767151769702477 0.6585254802694736 0.6426165605099664 0.6223798836319522 0.6165714565840783 0.5913054536724731 0.59600309313099 0.5550100868278606 0.5381759023921167 0.5005785130382409 0.4946990529199928 0.4555546944198367 0.4536544031172368 0.4313352167296531 0.3971948191410246 0.39962141663153306 0.39826646453497255 0.35813827698010836 0.3162325056321337 0.32733690862045167 0.33860687411017093 0.345444474757954 0.3598373085225725 0.36543120618425773
0.6474600236352037 0.6391327722860853 0.6496865124045181 0.6515346283327053 0.6362746402129053 0.6642679503338611 0.6825310446406172 0.649892985173521 0.6716018021412795 0.6718819233440108 0.6725004615564132 0.6721411181403908 0.6644588561422593 0.6651670488666916 0.6835463408369405 0.6461482472808933 0.6245485062880656 0.6152606219206772 0.6329949090034925 0.6779743249770482 0.6842640710135814 0.6432092023316922 0.6458591953843477 0.6014371658676451 0.5952173969238209 0.5684415357570944 0.5604566925313151 0.5124211157296696 0.46666635440829385 0.4890161475289595 0.4782602349647787 0.4547484392300494 0.41175266157342183 0.3944104074425223 0.4004987995884081 0.35659843494154175 0.3198477828096483 0.3234764375012737 0.34998102018419136 0.33747229934245687 0.3352696892154411 0.3592269480674585 0.3664715726788451
0.6504824566528696 0.6327042931151817 0.6552448301938697 0.6589005684094509 0.6259303944238821 0.6335250685560164 0.6305501345305184 0.6692539615125443 0.6564153589666352 0.666559305575361 0.6539809318287068 0.658724279575317 0.6530262089174323 0.6457930457853986 0.6702692339893229 0.6664596217654586 0.6695733981924914 0.636108484698401 0.6597235733632487 0.6802903530957358 0.6662406240804302 0.6537592887144895 0.6360094148468601 0.6315245631436371 0.6005625834534215 0.5531838019573667 0.5159091492235726 0.5119394012002351 0.4832556545648158 0.49131553612028106 0.4490207276330084 0.4526050109056973 0.453982463613222 0.43365611800124 0.3749002918381576 0.35170127936302986 0.3160099072400608 0.3384357752909589 0.33233534563003464 0.3686472136969749 0.3612724479459565 0.36666642290760076 0.361705381027059
0.6500029140939731 0.6614936808941893 0.6731313250246125 0.6382097430764554 0.6121904001465983 0.636628421584763 0.6232796012413616 0.6346884497809195 0.6454192998655672 0.6487560295651341 0.6717274442869708 0.6634400456701 0.6452907351050277 0.6566882419133783 0.6297002319426724 0.6495041849999281 0.6657511127108673 0.6695179003923301 0.6800555054159773 0.6678837895857236 0.652203559624684 0.6162027442567275 0.6112652703435981 0.6160455176808487 0.6061177097832062 0.5848695547171338 0.5272471252263116 0.5181774881778722 0.5234180413764006 0.4839612792639964 0.43746524767280465 0.42440966433427635 0.4350507315092182 0.4007394789637086 0.39290164605913336 0.37904851831089975 0.318195875217954 0.35712486417574824 0.3649768039790867 0.3822856683924548 0.37984740629681335 0.33603855630340107 0.3310343259093964
0.6832653278895592 0.6619088720480748 0.6487262933843563 0.6222622856680412 0.6331252547904261 0.5905137934096912 0.5853555404897617 0.6245552352406765 0.6268507930125963 0.6551195929467643 0.6519101510911015 0.6605478064547707 0.6385576249341581 0.635515005881164 0.640632325180597 0.6497734794461799 0.6199912828818277 0.6189090969409459 0.639706850910918 0.6646909963365792 0.6656895715983232 0.624036900923203 0.5911684669138012 0.5881686489963305 0.5879604647123128 0.5732617403601347 0.5597429196483831 0.519585329617091 0.5107955523762575 0.4963763255699787 0.4590421266126305 0.44300842134175167 0.4273028022605839 0.4062338701759706 0.39303418118594446 0.35852011029274744 0.3246228645009641 0.3127820325244074 0.37026658146804636 0.3629717412065406 0.3377506935530831 0.34133425522970867 0.3204616131249605
0.6694711547955663 0.6452423640548218 0.6588680101753573 0.6128548909604014 0.6194079529975628 0.5851209927878207 0.5909741493631405 0.6133375773676814 0.6617390427155184 0.6432531161627328 0.6643996035956249 0.6845784840232125 0.659040191523854 0.6430309503275078 0.6164244829813398 0.6330225370283866 0.5993729512764824 0.6075662632814464 0.6093420162724931 0.6407055585842362 0.652814372207431 0.5933917810646037 0.5932339977767723 0.5666646463243246 0.5746224833355947 0.5687361132175064 0.5412825508782267 0.4935079098792277 0.5102829192619726 0.489189938070651 0.46346004598902385 0.4253548804350553 0.44047376865496884 0.43890860558154604 0.4063075866638897 0.34626388402703656 0.30406830547094066 0.3117312915990355 0.34894524373912855 0.3558307234544529 0.35858136049958367 0.3365081902992684 0.35923948900519487
0.6325918525801008 0.6281438147025016 0.661356922885167 0.6415901649836281 0.5795261791763312 0.569697938974243 0.569847610010745 0.6102333244409395 0.6113435162873884 0.6533314158585015 0.6653307014952544 0.6739912725556357 0.6666758848962163 0.6382138519382152 0.6224609720274228 0.600620869748472 0.5831853060525081 0.5830028627922188 0.5584142429051211 0.5713824617574853 0.6018981777538135 0.596814508491811 0.5889673405973297 0.5721523047393567 0.5460488989120529 0.5258320443435787 0.46938167524669727 0.48094392586820556 0.4453652984437291 0.428805841139809 0.4286354592531548 0.400173437943223 0.4007153604444242 0.408665436418396 0.3572001085398705 0.3362696985684392 0.29948381513415023 0.3268334467759061 0.3273330760872113 0.3223470179014209 0.35541104359059317 0.3536250257468988 0.35046012935904486
0.6462979661083997 0.6190731002538151 0.6320880560250638 0.5936807786944344 0.5743714318523191 0.5720085856281136 0.5874095529953697 0.6073900735456629 0.6131813590095117 0.661737077609714 0.6661238326184976 0.6585307945691692 0.614293627438553 0.584452565809343 0.5859467758399297 0.6016412469227109 0.6044048947877649 0.5990642636088441 0.5476822880110965 0.529817274474716 0.5341940614730138 0.5428702236921671 0.538501908788555 0.5258085509988372 0.4964114432614614 0.4862481777940865 0.41845800476456 0.428920820969894 0.38785078256722094 0.37874078054657434 0.37767137815164525 0.34689774906897247 0.34404233869721773 0.35835117354338036 0.3725996991847095 0.32692674281018036 0.3054375125719083 0.30836751871427426 0.3080620649220429 0.31906604730424554 0.32877790884079017 0.3496075945831706 0.3580796069249274
0.6073731656592308 0.6172100708882444 0.5949468905706644 0.5865485691980804 0.57051382535545 0.5841322012256975 0.5684401988200128 0.5816768419054983 0.6251915672020075 0.64203492723072 0.6657461513183974 0.6368923009655688 0.6169244689138288 0.5877871947876375 0.5831305930112657 0.585208902733954 0.5999551957226281 0.5701079672724209 0.5378112914126227 0.5269861034871001 0.492200514625333 0.49957448924354486 0.49990198728926294 0.49228489021524974 0.43649819471146833 0.417463359806373 0.3680428226791587 0.37425485337681297 0.3758061207833788 0.34048912745777726 0.3275106059778777 0.3380718829906467 0.31608130771212734 0.3549048340704881 0.38299009078063084 0.3554067524286151 0.30443615885594555 0.31176587694157903 0.31270041993433295 0.3379960320102544 0.3566250787889749 0.33671058634252854 0.3674698453975309
0.5341077487193996 0.5888558226387881 0.6005088377451783 0.5958719406797245 0.5975792753099577 0.6153568495124563 0.5842822893930533 0.6091481898585851 0.6221329001151611 0.6395648066384602 0.6652655754315026 0.6337429584157739 0.6388290123573849 0.5945721241859367 0.5807044248463099 0.5555968407303197 0.5530855436886071 0.5153218250770969 0.49391696623054837 0.47217934967677183 0.43858279421018503 0.4628916905781392 0.42777515709843933 0.41676826450382964 0.4146740430273354 0.3814954999008528 0.3418653129606637 0.34959681482511407 0.3250045041898958 0.31053094487672006 0.3123570368960879 0.3236857149468249 0.3051446279463005 0.36070495036881123 0.36128526851141424 0.36527365162599634 0.33156021975220346 0.3424565021147191 0.30503844807212094 0.33331344033343535 0.3721598124795798 0.36674239088936006 0.3399883370793486
0.5219483297464719 0.5309607311050762 0.571953998653338 0.5717025157690984 0.6114393249066581 0.6130327090888483 0.6077379901716022 0.5728864359735562 0.5811624677910757 0.5825419363620203 0.5948643327092545 0.6252142803542575 0.5988950323398132 0.5891929000537205 0.5500273408544505 0.5536851475113768 0.5482405946202638 0.5139155586754208 0.4906033057133704 0.46476048512948115 0.4377812924218271 0.41812691250883527 0.39673603047921213 0.4053067057229381 0.4145308523673484 0.3555962554334274 0.3290005497763188 0.3185034915880931 0.3328110455090252 0.3261278865084814 0.2960883228388098 0.29637360065583407 0.3228575315051055 0.3361851580293677 0.3622232969461925 0.3327736729538095 0.362909880053439 0.33398442843652715 0.33908626108289336 0.37119353573377595 0.37149704974665404 0.3695059782225309 0.3412152242656092
0.5097989958620636 0.5203267193855667 0.5303835798748027 0.5443657844157775 0.6006839386335054 0.5875121172202457 0.6043678633250339 0.58435587742024 0.5467174635390968 0.5622852606420606 0.5701552847612003 0.5598242824806302 0.585592049394836 0.563943511853635 0.5710181805695476 0.575115448209097 0.5480326154361014 0.5032489471792515 0.4577375753063098 0.4422133707212162 0.4317379241001862 0.4019675750852291 0.4087029943255382 0.41434991267096183 0.42974071855752116 0.3837982012992308 0.33173542369549386 0.32196294468217856 0.29679784082930316 0.3191455535268935 0.2944494155659661 0.3060254726656435 0.30664329942795276 0.34291560233405854 0.3587791749525304 0.3360536784230967 0.3574577928476742 0.36770236899699127 0.35010196663801596 0.3893084102311882 0.391053283328209 0.3823026042925925 0.3668042922983443
0.520153838856459 0.507337443688441 0.515812077866987 0.5514928797351727 0.5650256380722734 0.5743954728147264 0.5864852867927581 0.557930444709052 0.5621925579606922 0.5333845434466485 0.5549755470625419 0.5525231893679425 0.5353689969576558 0.5249563830578939 0.5571790830268676 0.5525357089499524 0.527318543690016 0.49097945441519836 0.46355295383138506 0.4134462272901809 0.42186685941470814 0.4045784949967701 0.4297575689164115 0.4263292156990871 0.4307093144502791 0.39399432859427164 0.3677950601754024 0.33551527271384524 0.29642116434266724 0.30456097962597367 0.3025729523666257 0.30500891819656173 0.3284045707816453 0.36384087735705334 0.3734210173908006 0.3618077575914155 0.34657845586261143 0.3488372381274278 0.3827174548314254 0.3797427775980495 0.4020688094506597 0.39295143316272896 0.4009662389120451
