Raster_benchmarking/DGGS/continuous/raster-498.asc
NCOLS 100
NROWS 100
XLLCORNER 1743164.5115591185
YLLCORNER 5469277.745465359
CELLSIZE 10
NODATA_VALUE -9999
[rows 76 to 94 of 100, columns 43 to 85 of 100]
0.5532357910746876 0.5267533789767168 0.5043509564074741 0.5135337728427969 0.5490168487596423 0.5441466969074615 0.5526444770630117 0.5482103368106973 0.575384481766661 0.6144646187850721 0.6163867437177075 0.640402540306758 0.6204100404083969 0.6025576880044837 0.6038312759999663 0.6031977716878812 0.6199098373670708 0.5793595945316008 0.5954658990794721 0.6184364831976783 0.6659144183766971 0.7261394372847534 0.7307434836244896 0.7600193304153559 0.8059900013013611 0.8300645817416333 0.8013480230634586 0.812888465378633 0.7798117463916748 0.7767088040808379 0.7886795153708962 0.7851760468865223 0.7665151714211662 0.7606979728743727 0.8024759769404634 0.8142071404547914 0.891975639110158 0.8975822987173288 0.9031419541736417 0.8679276778817164 0.8995901820545693 0.8822012974522351 0.828106508797388
0.5401863995649424 0.5239601457746436 0.5278119460947355 0.5411972570810802 0.5674154023836631 0.5423947689423634 0.548338597624871 0.6047851233855096 0.6007100245502328 0.6276164501321678 0.6555107682931148 0.6581368743056208 0.6376051890622749 0.5967850265659265 0.6357183638095393 0.6223045285666684 0.6355536981895701 0.5843198520326223 0.6292317287729503 0.6111280509443066 0.6893925714537916 0.717344978931207 0.7072450320695547 0.741251076693403 0.7538983356229279 0.7872576883604213 0.7863683350288205 0.7883489107683462 0.7958508017770144 0.7871825625454808 0.7535658484785497 0.7295327224737941 0.777800318382709 0.7802142638464329 0.7966294116507544 0.8216949323270725 0.878385903960585 0.8727811891706536 0.8781007107613926 0.8870785080573439 0.9049430138071539 0.8702450722665926 0.8289752880228497
0.5040017335094267 0.4773239975327076 0.5078561902638264 0.5201814990404305 0.523562348285622 0.5140716625066366 0.5318883885589153 0.5646307235925814 0.5791717252809145 0.6318290745978848 0.6410423961676128 0.6250972465384043 0.6372101643309915 0.6332491945198453 0.6139229676247018 0.6123694536240124 0.6077643272723846 0.6304929222633644 0.6125611538225697 0.6031542036833367 0.6574298138874749 0.6722223727678871 0.7048400393591817 0.7421778910202719 0.772684557085046 0.7892750912234267 0.8071643564760752 0.8183687525144493 0.8133343990786118 0.782286217341323 0.7422020055361496 0.7709360424524402 0.7723337266314806 0.782256982320576 0.7974472072502625 0.8141284224860355 0.855518006176235 0.8886718991141219 0.865908106888249 0.8745697696041893 0.8985594914048278 0.8778337979022217 0.8254246083563651
0.426527210962752 0.42347724579288887 0.4468310488219922 0.4868270656189317 0.5170214158949882 0.5007772931128449 0.5148071719161867 0.5518670088960849 0.5848861022883576 0.603788778307905 0.6432528207950405 0.6251954349048511 0.6219464154025581 0.6250688240404194 0.6318589940272505 0.60408739093274 0.6181520036780832 0.6256609613391502 0.6235200553121544 0.6204170389358161 0.6250238568953048 0.6839992228291739 0.7038657473380538 0.7109422299953754 0.7527064367444043 0.8026868263948554 0.8174198126901552 0.8077966627501407 0.820848124092157 0.7749918116240347 0.7407508058477886 0.7449422269983164 0.7799593044832094 0.7647193572683406 0.8351050447537594 0.8325866875645784 0.8465669007476284 0.8570646417595229 0.8851074982035041 0.9017488479058485 0.9003291844894058 0.8682629434083192 0.8286726665700295
0.41695147081311484 0.43954568951725276 0.42539104542777795 0.45235497249410433 0.46499064575002597 0.46556301781914317 0.5180663701140468 0.5294093437834482 0.566878104999847 0.5791714409012351 0.601224557149128 0.6002925526894735 0.5977067373438001 0.6210604382908093 0.6071933680547242 0.6231113780418189 0.613654018488134 0.6119473253476251 0.6054889402738745 0.6214222121414603 0.6465821431155484 0.6469250961139905 0.7037083456132507 0.7184194656229307 0.694855343671279 0.7668992505659137 0.7443906228730273 0.7882327294044376 0.7873612744515075 0.7526514849221905 0.7667160384425686 0.7728375217196013 0.7971911463984658 0.8048742680987773 0.8515279267824286 0.8257615158067125 0.8651363606618501 0.8718919106770681 0.8904068218044507 0.8765372746380266 0.8713895355478298 0.8541293570243588 0.8633065409951165
0.4182799937956083 0.41992233253658384 0.41006335466441374 0.3685056207416406 0.45455752672814675 0.4753946561861088 0.505098694392842 0.520362868512764 0.5495517426546254 0.5627804481228954 0.5440542242490313 0.5182375748145258 0.5360221157291798 0.596170872596501 0.5661230305064753 0.5822923004332424 0.5654281318534429 0.5604270105615675 0.5926293518865178 0.6554617876061777 0.6506914284054509 0.6553312959703074 0.6899136907603053 0.6571230403732068 0.6835704109134245 0.7199908810450093 0.7287711535008963 0.7224361246765385 0.765010104007684 0.7746067482229687 0.7432034516977077 0.7555051706385847 0.7917772506473638 0.855911922427096 0.8580648151029747 0.8535229151397379 0.8449283317570038 0.8846447138321201 0.8739022956173913 0.8344451441715768 0.8569089125258725 0.8611766191531643 0.849012221882795
0.3709377930704593 0.40212115572946444 0.3930696503836356 0.392614832321112 0.40594090804482996 0.4378679611904874 0.4551128823247866 0.4509961235482737 0.4999148202824469 0.5055589579829034 0.4791903452809654 0.5111576380990105 0.5233512390886988 0.5801634495586445 0.5739364742174268 0.5449460838012485 0.5427819516055004 0.5682228988923085 0.5944652024983699 0.6289733025829022 0.6105184114722376 0.6431941917025974 0.6374239328576071 0.6502644729714165 0.6440880669664558 0.6355799065443615 0.6662158972539054 0.6748676592584032 0.6967677633717795 0.733934522450648 0.7392322468146342 0.754257134376171 0.8100760864419213 0.8340436076214577 0.852311320838451 0.865911618943106 0.8552840058271132 0.8812109533213593 0.8553456610605537 0.826529817024415 0.8418657856207269 0.8433364886776856 0.8979409181443385
0.3170234305484268 0.35880782769618297 0.3434452621208644 0.31075666801535695 0.35105689094591275 0.35422930898409416 0.4107311828322377 0.3767213386766478 0.4482885922072551 0.43131460808881833 0.4885783879935792 0.48191955019208593 0.5204004948785331 0.5206703258929377 0.5472418596575221 0.5226713875323712 0.5487247003909282 0.5678869583012212 0.5711085723657563 0.5483918021090005 0.6065191219631417 0.6170709789152795 0.5836462472940007 0.5693923181883055 0.5692898950782248 0.5896752298911604 0.6702454575493715 0.6717621380402221 0.6875752038497608 0.6846469194810034 0.719511546124197 0.7391280279515902 0.7974206665597648 0.8804163603406879 0.8593566736263931 0.8705599591033836 0.8662293930671128 0.9000465711735962 0.849873836243601 0.856043739870418 0.8792011259583937 0.8779672166418129 0.8876565059595073
0.25902836411769586 0.324586697893279 0.3321176382912205 0.3159229550892963 0.3440267928358449 0.3526734477499493 0.3631082961017161 0.40047752224538097 0.42190993674358573 0.4370431683740495 0.46609189772074816 0.4535639362612794 0.47292438001141707 0.49758999038553686 0.5029917925810271 0.5109691139337537 0.4873394317528573 0.5098643554515478 0.5377324984612912 0.5448047591410151 0.5506731814847409 0.575503736022082 0.5804763583892624 0.5875454804453909 0.564773367698063 0.611020901093645 0.6429263055860096 0.6381805248848696 0.6605269959146538 0.6466211982149132 0.6671277000227764 0.7538011563266362 0.7978331971788895 0.8508887814251566 0.8545407740096073 0.8790031591209595 0.8564241811515104 0.8193738841417234 0.8532482966191295 0.8642897948870925 0.8748194030249999 0.8826115995208373 0.8617940675297189
0.2700147151104432 0.2606599283274699 0.3143467411121843 0.29943167501541545 0.3323556898663131 0.3610030130216587 0.35616413911731837 0.3645412967546014 0.4169163309418285 0.4453294212685213 0.42781061994116754 0.4304412589830068 0.48506402832302653 0.5085637887333783 0.4707247829784533 0.48780572462019184 0.48395470259374535 0.47990676657201803 0.511139813759124 0.5193282226583458 0.505320233527254 0.5274549723970697 0.5692239008759399 0.5656637818175869 0.5960529297837118 0.6191641945889299 0.6205633315828329 0.6339387374377725 0.6279778113112199 0.6338322130643669 0.6463155700069763 0.7011803324831896 0.7216694668949403 0.7859825356751229 0.8161111305688638 0.8226123172704363 0.8310877748267925 0.7828665872830077 0.8321293577005758 0.8406999938578035 0.8574058534917515 0.8509995950668243 0.8628596584303405
0.269769776187558 0.29576882388880527 0.27245167501729944 0.3136987757897528 0.33047097696146854 0.3248605851057705 0.3577360953864387 0.38127702978919464 0.43679363040866276 0.4113951250673718 0.4221632116700033 0.43189902863833596 0.46342097239524066 0.4356737192708702 0.44899501113761464 0.4539042950664734 0.4442241488130216 0.41541813727316784 0.45934717501757355 0.49237794165714527 0.5041468925753404 0.5026265833020374 0.5200229406867597 0.551850932341815 0.5683588106682891 0.5868568829475855 0.5926257540250555 0.6385879251724961 0.6424707747355825 0.6430002461517246 0.6685536161055357 0.6585679372487903 0.7004840185635229 0.7376550938387528 0.7355265830321001 0.7918408470699025 0.7840803515538632 0.7983977142810178 0.7758098268638302 0.811004023214854 0.8254022757771269 0.7920634512969562 0.816229972845586
0.25088380786601905 0.2709820145241726 0.2777940411534509 0.35088193030205284 0.3543423448885586 0.364291893767397 0.34804143092067286 0.38315925740244255 0.4313089058398483 0.4475618676294605 0.41900688814966425 0.4498598127015275 0.43122679668831493 0.41632811749287635 0.4072576370385156 0.3704615775302206 0.3941516580860802 0.3837889673540308 0.3867456806382277 0.4452676677902773 0.4478107556188474 0.45146073291541816 0.49566968174738435 0.5144548210307414 0.5579284357107771 0.5868458318230548 0.6114755218959768 0.5993383070213398 0.6038364834331305 0.5983247553282067 0.6258161805090048 0.6271422092911678 0.6590573242723747 0.6760195805179119 0.7224357263178499 0.7539610305941167 0.7722728421006224 0.7539770230796441 0.7908593826817418 0.7695936953606859 0.7967920049751941 0.7765425034088983 0.7938081982607477
0.23939609166939876 0.23963799929546722 0.30998512228930275 0.3500787098945642 0.3839064827685402 0.38630577795430404 0.39365623297294366 0.4149774414982836 0.4225894438279186 0.44574822190138574 0.4593498565154528 0.4276894195957048 0.3765925107236164 0.3706738784413302 0.37367705176485483 0.36597591413615627 0.3507561529023379 0.3535962011731419 0.3614343112247359 0.4344891747080757 0.44294512338126035 0.45191379386746394 0.43450708363425017 0.5023086489914408 0.5236637957690141 0.5379834882733849 0.5564768767340024 0.5470743121291427 0.5611317260003865 0.5606858990392272 0.6015154765014428 0.6054045453170205 0.6744523116965929 0.6791725378220449 0.6926095249431827 0.7337970472052331 0.7352117687719546 0.7762644143477684 0.7800151626228135 0.7478786394904086 0.7388931503249764 0.7731545132084157 0.8134938812895882
0.1943157601543459 0.23961225166427946 0.31672541643050567 0.3521978419588222 0.3898964853648132 0.4106535403719155 0.40313429820665336 0.41195229256939353 0.3910012079663063 0.43215836213652103 0.4310542084037626 0.39410958457172524 0.34108809263217593 0.33172856699619496 0.36051465727999954 0.37364185927583143 0.37966041707176523 0.3370567725540202 0.3866196504960155 0.3926031322061089 0.4001680088503726 0.4014545216723933 0.46794978749340516 0.4855547570231726 0.47605084493377237 0.5048804329926228 0.49493025425021264 0.5146800662180534 0.5246310223811556 0.5931557273850526 0.6062140375412843 0.6300484139063393 0.6578727911128983 0.6910944210847584 0.6607195519256346 0.6752424916637395 0.7111830492919025 0.7500989310193585 0.7724264071031808 0.7481119530387215 0.7529327200297111 0.7594435005864925 0.7802659888732458
0.22543154951266411 0.2512404623426529 0.2817765862358309 0.31617244743932243 0.3492758621289566 0.37898631100095737 0.35690277238408236 0.38331984333669256 0.3687779879239734 0.3739846300357219 0.35502775096088385 0.36887956681679984 0.31599689573578016 0.3202961291900051 0.2999736416347259 0.30672835122449055 0.35546151079843846 0.339495283589111 0.35322728726333585 0.4132178206984053 0.41423527195358173 0.4316192049096519 0.44258348665643993 0.46998456463642874 0.4902970583693554 0.5129287911697092 0.5046446107414468 0.4795325725504088 0.5167348651407295 0.534126449409353 0.5530874137929173 0.5865185349679513 0.6473164526646621 0.6428295552516968 0.6570490959729179 0.6798044477691542 0.6625421681701862 0.7027715421212833 0.7221017353367946 0.7518658804176342 0.7594280169006912 0.7677764348989714 0.7632670664353454
0.2228696498795811 0.2320778088435528 0.28214829549416803 0.2824511948234155 0.34944491379831233 0.3769876063288507 0.36295556161633796 0.3367415270303629 0.3665150450030343 0.3406216937058183 0.33873356246137937 0.3568046427797764 0.2964609874540065 0.2773455729114913 0.310357645449801 0.28819053919560556 0.32331530882811776 0.32058843030717704 0.3545997589002181 0.4055426540764373 0.4182835206673822 0.40729961594326203 0.40867973112938966 0.4680304740374838 0.44715087420361405 0.45447921025651816 0.49730687965803794 0.46290542760925213 0.5039090799383636 0.49579478424154205 0.5240414489019175 0.5656827967489089 0.5825778218898557 0.6346474622413117 0.596831089954422 0.614208322617872 0.6128551044695327 0.6337711990977491 0.7256838017764338 0.7575108860954978 0.7852268370744112 0.789473818816253 0.7903944946724845
0.21539836812208188 0.241914619981704 0.28772640426649293 0.31567347694906883 0.314960100512477 0.3574968272652554 0.34634282018935125 0.3572202852057651 0.35855691308899923 0.3516567175112818 0.3765675559805658 0.3758861139994003 0.3354538782687206 0.28589986081181956 0.27443900653132697 0.3172545247372791 0.29890999128993967 0.3372230448902052 0.35675513190093483 0.39792541189019065 0.3597298705241649 0.4044548664810554 0.38457179615955595 0.4122472499960452 0.45830311491516207 0.47097146740972046 0.4819144212505748 0.4916357251792132 0.5197590365501252 0.5394198717034108 0.5320420570773751 0.5475837238133716 0.5935536168167023 0.5994299118972137 0.5831536060959531 0.6093082460310207 0.6068547741091338 0.6573288404638811 0.6745579848942982 0.7522954429753373 0.771656438990869 0.7452838875413439 0.7322918330856095
0.24377822654538608 0.2696893153057907 0.2774338782835002 0.30480749871209106 0.2921724998757175 0.3480466657518829 0.3265174977433216 0.3329088936090557 0.330993226834623 0.37597283431258666 0.3395477458726273 0.3464492809812506 0.3336104566575633 0.27756134974808017 0.28378609417949785 0.32385392861412526 0.3350026361111877 0.34898434729928995 0.37545096260923433 0.3757328890031319 0.3533796601341838 0.3601805381411978 0.3809516892931292 0.40954076744089274 0.4386129292686703 0.497364724910692 0.5182615259943237 0.5412304864171467 0.5133859407472979 0.5661508903166896 0.5668996779330454 0.5561380755266746 0.5213443308376007 0.5211389221589909 0.5384764027985502 0.582433830711729 0.6405539321802918 0.6784985046555577 0.6578058179768476 0.701403775844898 0.7297558251497654 0.7336610774618492 0.7447019660633897
0.2133013544826171 0.25584950220501573 0.27196982522652247 0.2934902298760118 0.31329817576559094 0.33833793845758764 0.33402540671141595 0.34297502629389065 0.35693635039030713 0.36388226317102285 0.3386315555433102 0.3111955207528979 0.3025359662594077 0.28123330818766373 0.2766731513350934 0.29909303142470783 0.30818275755622504 0.3500995284554538 0.3575771092779767 0.3377792231372138 0.3676680983522804 0.36516153495158715 0.38042499072354763 0.39590932577272897 0.44394476182920883 0.5131416963522716 0.5346177389941151 0.5027310662286417 0.51313146565598 0.535695472858257 0.564325704790646 0.5092932703745188 0.488827437988362 0.533611011894587 0.559904432531485 0.5659299766787653 0.6362280321659312 0.6585449545621844 0.6389936595147869 0.6346055145662037 0.6499421423792537 0.6857705847521929 0.6823565778419498
