Raster_benchmarking/DGGS/continuous/raster-270.asc
NCOLS 100
NROWS 100
XLLCORNER 1743150.0238774072
YLLCORNER 5469285.113437188
CELLSIZE 10
NODATA_VALUE -9999
[rows 19 to 37 of 100, columns 0 to 42 of 100]
0.5487134233891033 0.5121446052588972 0.5164837392064783 0.5933449062895912 0.6052957271099851 0.5645120956524106 0.6010923569990929 0.6244874692587997 0.6281034402378479 0.5891026122601629 0.6022045359449083 0.5710755653834136 0.5188213834300915 0.5148361873477229 0.576713293752995 0.5424679146278274 0.5066060719526753 0.5717700542094756 0.5925827878377354 0.5977540154727405 0.62504477305026 0.5851430638047228 0.621630964903125 0.6159709265557803 0.573672452216817 0.5895513381327538 0.6055817715811699 0.7300985914004923 0.7796931740149707 0.7257423225925512 0.7955831681223183 0.7603453257439889 0.780059816576294 0.751154347493774 0.7506764090526195 0.702377550692079 0.6999299249476054 0.6702174767491585 0.6818321817191236 0.6831937441780618 0.6005629643808319 0.6448411164888447 0.6715953542949953
0.4366384852821498 0.5138294397374058 0.5672699137497157 0.5595596209443117 0.5872288666662259 0.5845623042348965 0.6072449928093397 0.6077561590100131 0.6144082578564667 0.5689351416235564 0.5562439299566088 0.535663476448332 0.5189168481941683 0.505003618876685 0.5797611017445516 0.5848419494076894 0.5162279579833454 0.5297448162415453 0.5762799039022881 0.5825227237585205 0.5956119790683831 0.607716087316767 0.5769020545765158 0.6051895505990733 0.6397280461828658 0.6155969486837172 0.5967432454489369 0.6861452260932284 0.7234246176528816 0.7174886924551639 0.7623982583307253 0.740591735107648 0.7678379179147662 0.755251424752344 0.7300438371168132 0.7393742903464257 0.6912427073856274 0.7223293164751676 0.7022246471982517 0.6843450395276424 0.6176205444988166 0.6555758943902137 0.7169674938749355
0.40274427364976084 0.4986570184917415 0.531423714042586 0.5355092096748942 0.5832876655729418 0.5296528481235258 0.5342394194644546 0.53474119507015 0.5449903165754817 0.5724273583412964 0.5510505564644078 0.5248912570419557 0.516064815491974 0.5007428829568483 0.5596577285706312 0.5741084925371722 0.5503802178316584 0.5236006930914607 0.589067631121568 0.6102674019888682 0.5839475058437146 0.5707818412246422 0.5466994019871516 0.605595059423133 0.6110105931063949 0.5962520083396605 0.6149865827160946 0.6797207120389409 0.6986868964932836 0.725223157718522 0.7362148554481565 0.7770859989550511 0.7700329701563421 0.7622619957163208 0.6668189247285465 0.6985449291374677 0.7302108298071923 0.7060251090826638 0.686764032520102 0.6710656408442432 0.6327555968246806 0.687613791544151 0.6908757476825763
0.3723868771814659 0.45736697921551067 0.518665138386353 0.4901466101084298 0.49282657419851394 0.5202935951593869 0.530005754801482 0.4766617475229472 0.4683608219068879 0.5283336813310278 0.4756656759324315 0.4885428848426414 0.522805534415368 0.5176582205074032 0.5156077829799457 0.5388005589604631 0.5338189783268068 0.5521938165634391 0.6027995357272824 0.6351478451313766 0.5893994687788902 0.6093656873141072 0.6224193780868509 0.5826228717709112 0.5705644272685054 0.5671910810833086 0.6123893501109916 0.6627255768919318 0.7103601068018004 0.6868630737847279 0.7245632321306033 0.7676439931236473 0.7090164348818683 0.709438036981275 0.6443995362093773 0.6648396565636201 0.6516313536871509 0.6744852893056547 0.6858589751269736 0.6516325836935492 0.6017353366058517 0.6597118814296279 0.6767290265884914
0.3807232472181817 0.4673049138962072 0.45080257851451166 0.5130314807556318 0.520928056595954 0.540925991848499 0.4456247282361461 0.45716173120485754 0.4403109685468652 0.5022432431168108 0.4425425056560557 0.4655477161788145 0.5671001897136727 0.5132088415572058 0.5751315670651227 0.5108375750028643 0.5149177121688586 0.5827226537298805 0.64204232385049 0.6323633027969738 0.6334931772824406 0.6272268292401084 0.6200995806094018 0.5690960866122845 0.5361528784033539 0.5822981313787408 0.6581479903292513 0.6352321412367768 0.6785558485406614 0.6570398524644732 0.6958622939526996 0.7323555204411578 0.7367782096383618 0.7365230498538683 0.6588215978391985 0.6808572945580291 0.6474030175215151 0.6598203975278623 0.5909837922873813 0.5931749968914578 0.5797255911915796 0.6171963810625695 0.6650731396290834
0.37916458571984324 0.4287321952224754 0.46277895603974173 0.48650614902829614 0.5029783092305983 0.5239153238938739 0.5036807228197011 0.48011113496592 0.5030486227554988 0.4650706735317865 0.46600482115354874 0.4758439534703255 0.5125353689467094 0.5190961442429677 0.5174001629287697 0.5111739396950907 0.5798410978683103 0.6053911838450619 0.6152668457238145 0.6475431913713265 0.6820924355086468 0.6245135990354751 0.5973879569069863 0.5819830931180927 0.508778863686877 0.5507536106412416 0.6123585414961719 0.6767120720166735 0.6579680408211357 0.6424326882182709 0.658626529585515 0.722943744717424 0.6999943515681 0.6899268069776109 0.6732619521178599 0.6531121596190118 0.6581317546317682 0.6157670847177917 0.6057237016287864 0.5705619788583196 0.6105407957974726 0.6139272670228226 0.6496520671425151
0.4188977700745957 0.4238496260002707 0.4726486025805802 0.49506775182378693 0.5155059206958857 0.4971349685517043 0.5108010768677897 0.48797116797656603 0.5131532404013963 0.46474783266536174 0.45623845618778774 0.4663397928440364 0.560506358472295 0.5103404708528917 0.4938884224731996 0.5064961408960884 0.5615499119022883 0.5825832577220149 0.6696033638385006 0.7047299253179559 0.713211542095683 0.6504941941396098 0.5817659929152154 0.5261836189962078 0.48912640693060283 0.5520393371356124 0.5991347728594427 0.6692951343482345 0.6591799286936463 0.6557793593140328 0.6451951664103978 0.6422497547375163 0.6796640971869232 0.6717220431451946 0.6935696182506209 0.6725611449680583 0.5778767722883466 0.6171820077143618 0.5685173297078036 0.5618270550458069 0.5763845889811902 0.6000926544289293 0.6281447588251355
0.3930662075789766 0.4298188188131349 0.43101525633479876 0.4912236770457855 0.5016892124617673 0.5095917365943927 0.5230499003479671 0.5176051721860444 0.4987705234916121 0.502826029676189 0.4474901357785768 0.4745987353539372 0.5109846129257095 0.5525226067419906 0.5664560659495524 0.5711939573221909 0.6074160849403498 0.6233916312346093 0.6348704575345745 0.7030308664999907 0.6734085376599392 0.6707850533367021 0.5885149948075747 0.5717837940872675 0.5683238782220341 0.5778703999309527 0.6041430423634838 0.6729584053866028 0.6773097695674025 0.6948480705170619 0.6469960549494107 0.6707037300418872 0.6819071322943461 0.7193134295595999 0.7168270798110243 0.6424184242006749 0.6273491114394588 0.5887146754610311 0.5630321699532281 0.5566347394222554 0.5906250624980187 0.5945780319902042 0.5763228336367344
0.41268917412514033 0.4310471921922038 0.42100600466947474 0.4389736170983625 0.40966010274753345 0.450304674758275 0.46621074514987443 0.4559426796199831 0.4674522587804531 0.4984738597111141 0.47888449915214065 0.4756281030223448 0.5345768837535904 0.50810577057743 0.5086752133990509 0.5374731662225423 0.5953760187058227 0.6643705739680196 0.667116701897613 0.6614102143800547 0.7099861604222253 0.6967818273767366 0.6220697578343951 0.5859512289008733 0.49720338789676255 0.556826197837774 0.6203882575924088 0.602844012337025 0.6668213190539556 0.6249095780812225 0.661867757140499 0.6855402837811573 0.6611160037544704 0.6839563459254914 0.6967811538815114 0.622352534230649 0.5624769332273452 0.5497988778230103 0.5627885166946186 0.6188350313069592 0.6405556211842672 0.6157609665876556 0.6219127702059886
0.41118153387736567 0.46896242125230275 0.47373505874182126 0.41266336736283976 0.4201825871411214 0.48616582479972875 0.49340288109182 0.4678005439725687 0.5165986961425327 0.4822062046550103 0.48617028453713707 0.4655003149418433 0.5114858306435065 0.5047721261996024 0.5459344485910895 0.5678951197383596 0.5958492248148003 0.6271555561154295 0.6365751066286781 0.6155293600573927 0.6219833376418976 0.66734511188867 0.6479325721508868 0.5956246452212723 0.5328945102735565 0.5666609772668143 0.6002416500764003 0.5979353069112291 0.598976203629977 0.588870494753997 0.6407247265889747 0.6028391580552497 0.6467752852111889 0.6729490603296153 0.6672016040894541 0.6137265283348047 0.6284182758284457 0.5995461389058067 0.6379915821987423 0.6615653920448424 0.6437075283716147 0.663601992227804 0.6664732337096996
0.4421849953081238 0.46675418358662785 0.45535940166073285 0.41079162671642927 0.4661327797168464 0.4997262216461585 0.4974612826843401 0.47501867640460144 0.5155353524959088 0.5181075578329916 0.4800340276438297 0.4298002870219255 0.45512753618044227 0.48235805846925767 0.5634013054879645 0.602613507127686 0.6339755457161406 0.5977271105188362 0.5913939815671625 0.5827678991425768 0.6173387035396772 0.6399233194181929 0.6370626799380528 0.5478315129583593 0.4852910946218905 0.5404726111171025 0.5221978888049239 0.5368524895216809 0.5151909392704848 0.5902233440573047 0.5605194604186797 0.5719081256273115 0.6123826126939252 0.6611367863167179 0.6382557626108954 0.6026608804286301 0.5983135473298993 0.6229953910381365 0.597467632336882 0.7032275047669105 0.7091341670875634 0.6702576637485413 0.6710669631222211
0.41249922135659783 0.4269615431557936 0.3924375518654969 0.40596713519962097 0.4139321475820037 0.4582074803464597 0.4786504886485596 0.48908684251401624 0.4866982053899935 0.511810215097589 0.4812419382627394 0.4555056226168316 0.4753975756678416 0.5066777904863307 0.5400824448455099 0.6022221931572184 0.5924461713268939 0.5848185620274823 0.5923304913090706 0.6320862007193928 0.6387443809329043 0.6199312173200232 0.6122066364352872 0.582678940488728 0.528996369860529 0.47512173873428803 0.5149346147104156 0.4994782706885617 0.5454164192908195 0.5808725351567517 0.568165956518876 0.5985201203032231 0.6126777758988443 0.645669213035005 0.6250868641852498 0.634702516616788 0.6460785636512654 0.6362696777626888 0.6711964522892563 0.7251782382546618 0.7160472273398684 0.7161235109144958 0.6829130624316171
0.4493132474575825 0.42464391476912267 0.39227880224584083 0.3941354365816576 0.3807320273805439 0.4823888206485578 0.5004868770169857 0.5473916592464146 0.5338183659353996 0.5137193231856151 0.5417207448713188 0.4706850880963271 0.46776510711840336 0.49082097348159015 0.524804677637249 0.5676135144841442 0.5333511068785071 0.5721155999892232 0.5678244614668317 0.6431488253195834 0.6998134337143441 0.6237423967587198 0.5935852356215807 0.5596435799120963 0.5249954577046351 0.4697442697538739 0.471618319943788 0.514341689607046 0.5104513927739447 0.5444644122662777 0.6313190738432101 0.6396079702435046 0.6578361060777154 0.6787090909346346 0.669975947178431 0.7024063406195377 0.7167291005245399 0.707826975621793 0.7293264078023097 0.7140566603381853 0.7266672622866733 0.7166090430082515 0.6459233038744482
0.44069366685497946 0.40985814748476357 0.41147776299144456 0.40928105416484717 0.3733223940447563 0.4657984406927584 0.5261953692542907 0.5207001102644356 0.524537937500938 0.5407057204824685 0.5150193328725291 0.4723218307020748 0.4685359096525346 0.5125300463731635 0.5429017397833925 0.5044254536873407 0.5957042025505233 0.6050391474942681 0.6022186344941506 0.6544514964645365 0.6947857459983926 0.698503648836266 0.6219164591006285 0.5987160259737041 0.5964300380363541 0.5393443783230882 0.5345006308368354 0.5337664123890644 0.5547827454469321 0.5547573890628064 0.5732369811710024 0.6276031952236897 0.6139569181220348 0.6625557217961258 0.6918174163207482 0.6579803302196875 0.7432461724899063 0.722202240168105 0.7338339163899831 0.7801777722982339 0.7509491033143934 0.6943064051093478 0.6507882784954688
0.38285217765022034 0.3731860214168038 0.3833441378819354 0.3572856696166758 0.37266356477341406 0.41475821980619143 0.49474565795109127 0.5304913543160844 0.5306918241344507 0.5063968796911751 0.4764873533910903 0.4524180186527814 0.4839705307162346 0.47419399817468366 0.4880028677694066 0.545621028733494 0.6128522299806783 0.6286986894433441 0.6544135817414675 0.6317908420997709 0.6867636567517788 0.6937222721809347 0.6805378634030893 0.6120841769014077 0.6461690461975851 0.5813506802653503 0.5499144864942334 0.5226587091060166 0.5276361550712728 0.5325001145419301 0.5984725283753176 0.5681867032080976 0.5990435529477134 0.6001086356669935 0.6540773697542528 0.7179033433950034 0.7302841872615919 0.7558587440712822 0.7120766137803822 0.7829429352142606 0.8021881287711287 0.7361941834203333 0.7305220895920959
0.4517038963114299 0.41414188552517284 0.39872755104516394 0.3387412283613691 0.3193181274387092 0.3688881098384219 0.38851854877464553 0.46066546998144053 0.4675944017850223 0.5124607367934089 0.4512631188072926 0.4642560492391453 0.4419383861793803 0.4832374611627982 0.5582386434893215 0.606178774045372 0.6309184693490708 0.6113002474637472 0.6689077401928656 0.678699936905661 0.684255072742969 0.6651910908493635 0.6612430791456393 0.6692769329863194 0.6885540521613497 0.5921181424810432 0.5548376995530332 0.5698187440204844 0.5126144405897892 0.5445243269277844 0.562520168199355 0.5450523924087429 0.6157636301651422 0.611909226636599 0.6642381253830373 0.7178723311251187 0.7174036905839682 0.7434060709386502 0.7498947285678528 0.7734696253316052 0.8295204213718728 0.762033657587385 0.7222685924205591
0.4266863149791276 0.42163079374974244 0.4128151620712706 0.3768008280953771 0.3296329081584207 0.355907301247735 0.38165410142710293 0.4253971491260253 0.493794770116782 0.4901258094898626 0.4045444414889603 0.40858480435015376 0.41102369735020516 0.4684442045049643 0.5911435872962529 0.6374368786136083 0.6661063390433812 0.610707695679085 0.6547344887113967 0.6139867502195088 0.5830106475477077 0.6490521843041978 0.6974064385121532 0.6409978376712401 0.6987803964678624 0.6173013560928845 0.5540824382191022 0.5788193751489792 0.5311033762926538 0.5441827722203713 0.5160346125580818 0.5700204388727743 0.6028745179155139 0.603707747128909 0.6031855409184088 0.6679313693042852 0.7554336544463697 0.7819358973006786 0.7406508587700316 0.8152008460922954 0.8554487152009268 0.7891673023059774 0.667591415933215
0.43234337880190454 0.4425321618127857 0.42262359545882383 0.41055135834283635 0.4131664011915029 0.3719471135184477 0.40815945737038734 0.4105537582733862 0.440438773610861 0.44084740615531226 0.4175295354090486 0.3963879071014985 0.4374931691112276 0.5059156594115842 0.5931580377001732 0.5953200968960068 0.5608446614839204 0.567245874221551 0.5986229044579928 0.6179861845436825 0.641183173898838 0.6499502758234308 0.6310015496947379 0.6313519961336149 0.6062338529400348 0.6281130073015335 0.5974175820242078 0.5567639025289017 0.5139381122154771 0.5027212984597422 0.5524070366297457 0.5327427280870777 0.5630544782926027 0.5708334734979956 0.6289103320000123 0.7035995885271547 0.7119591324258728 0.7772761191572991 0.809445886480949 0.8000161564559977 0.8117680071625651 0.7707440053843162 0.6927184052110892
0.4345854269958818 0.46037277650784464 0.43569285286724324 0.4540234342844005 0.46565636430396484 0.3907448750089413 0.4373139962338682 0.4092930146183405 0.40494180627249854 0.4160230892201978 0.40710794396398053 0.40460576789497993 0.4786002843903694 0.46890166091535646 0.5450653230530413 0.5406791418804697 0.49420890383419547 0.5454056604931312 0.5220030368070068 0.5828116147144975 0.6222623713019552 0.5896983682732585 0.5951317466016315 0.5659581611321137 0.5900632913236497 0.570958840920577 0.5623506731978762 0.5970569908540023 0.5896877243173259 0.5237698155613874 0.5095005449343125 0.4817535761773952 0.5067975300566386 0.5484243158148697 0.6490677648321189 0.7034415324110367 0.7496358715365935 0.7434454776271937 0.8033243869892628 0.7931881006036245 0.830765855244657 0.7562992321570969 0.7357295906055483
