Raster_benchmarking/DGGS/continuous/raster-90.asc
NCOLS 100
NROWS 100
XLLCORNER 1743163.3769943905
YLLCORNER 5469284.6176724825
CELLSIZE 10
NODATA_VALUE -9999
[rows 57 to 75 of 100, columns 43 to 85 of 100]
0.34244144996889875 0.33353444085391765 0.34284269690823393 0.340131276600238 0.3397884294256493 0.3757346049956978 0.37623976478801413 0.3621654723479174 0.3304651199153223 0.31963069427287305 0.33203298301269785 0.3042496593648506 0.29757762553509526 0.26586468689906356 0.2700815001950424 0.29583256386423723 0.2630448627310108 0.26695968269680564 0.2766574642958838 0.2836896222718155 0.2571553634605963 0.2548575447979647 0.2802223912848511 0.30359540752978953 0.30124630641002226 0.31786765915569076 0.36869338526183093 0.3763509159389402 0.42406089442601486 0.45096058903724845 0.4594439299195699 0.4704692210609055 0.5179412237001673 0.508673550784796 0.4938376178984421 0.5283796170443769 0.5472727380260254 0.5463345742362704 0.5724070896931046 0.5706289082860863 0.5559867000327526 0.5687228405627706 0.5978593880832903
0.3254341425838072 0.3593480513131478 0.359375283200221 0.3249263400401637 0.37449711046471146 0.3904696266168595 0.35840009274316936 0.32747892801819867 0.34700331550228963 0.3474262112830556 0.3421410228578286 0.3017842608146594 0.2886281023756443 0.29823792963777024 0.28719815820061195 0.2967338618853571 0.27939398881005456 0.2035049420807769 0.25825864102504753 0.23078043412709986 0.24000506397978535 0.23898203556322475 0.2535073682934045 0.2715164378619331 0.3141665476330173 0.3266941166328562 0.35741685046453686 0.3765131271065413 0.3960105726180249 0.4557133512128276 0.48811841468591827 0.4999845595210503 0.5053228935577729 0.5146488131273811 0.5117534120169981 0.4948931363252807 0.5335725038416105 0.578040781329186 0.5598102172251874 0.5471726752857684 0.5762545854687009 0.5785954003980781 0.6038121235700291
0.35700044419714494 0.3583384129629912 0.36478623278398165 0.3254732511348677 0.35334503533450534 0.36414733100128766 0.35750093119324144 0.3162255377244438 0.31026495178648844 0.30999001161579587 0.31285308077758484 0.30952907048078754 0.2948043630757766 0.29379786044084255 0.28421997151724276 0.26558604905817373 0.26532178329738937 0.2682179398098024 0.2611558298165848 0.2658171067196755 0.2290794354796194 0.23329985016684462 0.26893310816231064 0.27083784419393925 0.30480854299697907 0.31758059328516897 0.3424167131797679 0.3770638049559733 0.3845114226779953 0.44949560609133715 0.47321018509506724 0.44253181534040953 0.4484294855133331 0.4627586377475718 0.48736100194455917 0.48394124654326687 0.5091272703075465 0.5251279533193063 0.5518287955851354 0.5700912311311658 0.5536750810804304 0.5702920958174826 0.5671388132032212
0.34558001131516053 0.36222749948687005 0.37075172809899326 0.3268808772352438 0.36251198133811424 0.3527720247385109 0.32373064192185014 0.2905634624627874 0.3012819132571359 0.26984951722942735 0.3122712286721956 0.30809017877568684 0.2909465523074428 0.2751534431894675 0.2933104080856065 0.2933051851084782 0.29459933198260496 0.2572150150628353 0.2549847117165178 0.26764995404287084 0.24512613722212592 0.24499257166741187 0.2944632345767588 0.3221262407476884 0.31424601905167304 0.33645242004848047 0.3463145185842942 0.3675022756342533 0.38344849059745856 0.41328220969425133 0.43614007525861553 0.43441695600080515 0.4330558211333152 0.4263309922661081 0.4724604657720819 0.4908375336525556 0.47904243145926123 0.518685990003981 0.5229312644537771 0.5477060764951881 0.548923977748057 0.5215944491376331 0.5380869734759616
0.35342151256689974 0.32889524746122206 0.3430049896732755 0.3163426183219925 0.3384550326261668 0.32341103285309325 0.30289194313634343 0.2987276768694312 0.2703092458953597 0.2595652100302829 0.3010005089812812 0.32086930799471136 0.2977219826357573 0.2832338637744606 0.254985365553948 0.2766685345120047 0.2897502752153215 0.289438077995039 0.29809192056624173 0.26375531215803877 0.28157066256725305 0.27312853706016854 0.30563281849601553 0.337493758321986 0.3226017463899594 0.3294467614299368 0.3510318848064991 0.36632066217380344 0.3772459496487491 0.3828110587049918 0.394142786086338 0.38847247056478923 0.4043470383425956 0.42112812892149626 0.42847545306141316 0.45404135663493944 0.4783622834941249 0.48150208086052204 0.47535124601529927 0.5023819914313957 0.5296225473916135 0.5248149124122057 0.5394380416514778
0.3487605338844504 0.3228957711967066 0.3166495828103941 0.2939969333022137 0.2976036350282096 0.2969169075354943 0.28972200403126364 0.2704216617359429 0.257460277093033 0.2559519839821113 0.28901766926412975 0.3046993442650484 0.2932868803628312 0.25622315763216635 0.2682552431854123 0.27345512153288787 0.2649509270256354 0.3125348919359958 0.28940200808582944 0.27925517824023716 0.3018377009129159 0.2822116851062699 0.30646539352240104 0.3311982470297115 0.3403781620283442 0.29756956368717175 0.31171060983808296 0.3491211045736684 0.3769982858072102 0.4035449776247088 0.4066673977759472 0.3939779232199681 0.39581056903189005 0.38649419330320467 0.3868697556892377 0.3936222477527473 0.40173481805273287 0.4266848647770112 0.4556878282789275 0.48926314586228975 0.48992162435027536 0.52441610807917 0.5081925052449118
0.348515306177805 0.30849191716168045 0.29723508745683686 0.3014844862333906 0.29174064643448017 0.30107088822504935 0.26483870628803957 0.25849197520155254 0.28032888891065477 0.28551111601952617 0.2744072212649242 0.274332835011837 0.2774462035745263 0.2831012581144167 0.24942386851277476 0.2495774737829229 0.25469392618813924 0.26332902130634517 0.2832338133816651 0.28690480659331885 0.2970153756469484 0.2903896428390459 0.31787461025474617 0.32821038183731926 0.3378233078647927 0.303234503609135 0.32091205768384046 0.3439758244405311 0.34291395919047457 0.387688265435945 0.38009084183982766 0.3567444520987991 0.3825608770141915 0.3745364201539108 0.3434380564112508 0.3649884999256847 0.3661675330139545 0.3850585583141409 0.4422825496267033 0.4571100021466349 0.4549669531618861 0.4817386172880768 0.4766797829649836
0.36585539059725675 0.34797821474789103 0.32161412155524843 0.3014419686239691 0.29349612441518197 0.2769769542410578 0.2662295574744102 0.2703892658293727 0.2714263506358541 0.25250682294396554 0.26154903092525367 0.2610800995212844 0.2670370738437311 0.26922927680008063 0.23776428957255832 0.2377306416135168 0.2355922336958544 0.27071447673351995 0.266882386830952 0.282520706922696 0.2907836551174204 0.30410151245681655 0.3337791646007387 0.31073155591222235 0.3434420695414759 0.329335966429024 0.31865283917390264 0.3533848042544462 0.36789372064067594 0.34725098375262864 0.34203827891605976 0.3365586073099981 0.3377348586805585 0.32381448689388803 0.31338291611321706 0.3512714360314769 0.3520455238971428 0.3660163268126961 0.3980665381197673 0.42680054929576106 0.4506356381102658 0.4679990628608771 0.48254832956220606
0.3390994556263576 0.3259148938132903 0.32396817535128236 0.28016139499431625 0.27930963189717467 0.2456824711074186 0.24374548936672435 0.26664410268918126 0.24703854399202144 0.2468853252534375 0.23852323113121526 0.23339585257171805 0.263748360182858 0.25116089705437744 0.27247627242178746 0.27463077610263226 0.26628857487424945 0.2973295945310961 0.26898435220120487 0.30117972745289245 0.30072582475592374 0.2969934206579307 0.3180786993559444 0.32166190452440113 0.3266799702187053 0.328168275882095 0.3316305312943436 0.32502369413094245 0.3560676327600251 0.32256275306764465 0.3415034279245619 0.3200805275147879 0.3221126973092273 0.33557284422738726 0.30816470258818507 0.3334037097327987 0.3227652547113505 0.3367150631534602 0.386977333816557 0.41244818435747205 0.42370633691813997 0.4375505793112442 0.4498849732272652
0.35849498047192724 0.3582773097031716 0.3350047788330073 0.3019061569286371 0.26287523762871856 0.22091083944778694 0.23005326697248038 0.21624297881377333 0.22704454911146854 0.226991284792162 0.21545350452755252 0.24966433329879498 0.2322773010257647 0.208981645564421 0.27129753211885727 0.2890624383047281 0.28854113382466345 0.3014975391860211 0.3104479142099919 0.301273174891661 0.33525728736700555 0.34076956154763177 0.33060392509910463 0.3268235435468101 0.34007065020155375 0.3092822459585321 0.33163763166958854 0.3316924400943444 0.3196344168790295 0.3297533465016691 0.3476347544400085 0.3453385010038934 0.33377033450243815 0.32834576900932205 0.330505024120545 0.31053295428606936 0.34829947569760267 0.3379989990209554 0.37833282616107733 0.37688440701897363 0.37308297948202945 0.3839177341008129 0.40720119941313065
0.31803621928375725 0.3140366264848775 0.3046685438303693 0.292480834275993 0.2644807489100695 0.23163579863382458 0.23070138164642423 0.20901820710207217 0.22058312604399688 0.20923041892648486 0.21709018765465632 0.20792533509089522 0.20482408923413375 0.203871580110617 0.26241945171450093 0.2971682527228509 0.2898757623105859 0.3162710266911891 0.32455872030928135 0.3345168956367029 0.3285590356025212 0.3472290714143019 0.3495135066412427 0.33418772134783503 0.322229769304049 0.2974331737805411 0.31813803938109897 0.3094427920094812 0.30366440088943436 0.3356124894890974 0.3400721625243694 0.3061324366383495 0.3019278511593428 0.2926275671945974 0.3355266024141715 0.3448732368607446 0.34461757145479627 0.3137957442031487 0.33887387588418566 0.35466554989431276 0.3428385590549225 0.369432013623033 0.382709849489513
0.29560189150214894 0.2856054371000999 0.2673884181511948 0.24522919857745873 0.26086579155443507 0.25859062559542717 0.24195527568597983 0.20411851659966576 0.2068760946559441 0.1853241158112963 0.21280666434324455 0.19161645524782497 0.1918736157611275 0.2174823300413199 0.26799845264762984 0.2768155903583941 0.2940002170206591 0.30781115867319064 0.3111227615484203 0.33116334656269436 0.31072227939386105 0.34099489107356695 0.31674224585566224 0.3337270706875138 0.29506003763868344 0.29685126738868467 0.28073765028984327 0.30195192978538543 0.31238895458131777 0.32466729446268966 0.3065956339915097 0.31847596975741643 0.29720327131191815 0.2828316217127219 0.3186689629087993 0.33399750658706473 0.3298469125476034 0.31492770571418577 0.3189711203409763 0.32887027958061116 0.3441656002601472 0.3654784135849225 0.40353237524965346
0.2898394839352468 0.26538557156290843 0.2340341847258591 0.23255606029448073 0.22178729016246376 0.24444600381980022 0.20389090499342952 0.1829527800214754 0.1940971345606462 0.20102028754811305 0.20423441417888263 0.22558947849189234 0.21461139386148853 0.23737637259096353 0.2771849383024185 0.2852854741559213 0.30064705812708936 0.3093652108112884 0.3184094583420067 0.3186829176811392 0.33143875747990076 0.2981191124946605 0.30681537139843024 0.3166664768195501 0.31400758612740926 0.30352453500973203 0.2915597285424879 0.2794572828604871 0.29767874125902266 0.28843137261370366 0.3063492707075814 0.2894841741802737 0.3012581607427563 0.29529670103690725 0.2818406859037368 0.32498333318453326 0.3139414296347346 0.31177562363325906 0.31202957995149255 0.3501275429577415 0.3529495566478163 0.36447096155524566 0.3785254026137012
0.2764778528694627 0.2828171744159766 0.2306691689712343 0.20715575312979992 0.23945880027065677 0.21848281639575556 0.20723247530382735 0.193375686880015 0.19872057019625253 0.21262860570922865 0.20271960469170716 0.21049876723670796 0.2321268539463115 0.23867892439716895 0.29985933308986784 0.3272168510067705 0.33521584107529084 0.32849037886022464 0.31542346857579595 0.31140681396822517 0.323363424535468 0.27879988665022115 0.30644600222425955 0.3217808835799757 0.30590202031718394 0.31502927973773476 0.303427494910553 0.26134761674988816 0.26325680706742943 0.2579785512564685 0.30213704653709317 0.2723377551072697 0.27388286351730023 0.260947871075931 0.2707318045788811 0.31803008851814074 0.30807176939415715 0.32201456201793494 0.33992462747371516 0.35488588967558565 0.36720902957670865 0.3516384910149484 0.39602708539694614
0.23937092290357886 0.24515082620358422 0.22618614854410318 0.22836133133619468 0.2275735490866109 0.20679605797773412 0.20623219319581468 0.21213683480185583 0.21972525213112376 0.25256820180785355 0.24377828277102104 0.22282818431875462 0.25179867929898203 0.2832837442889456 0.3020364578636403 0.30361682325206896 0.3236730623762022 0.3210570405440183 0.31037495554499184 0.31826843073081995 0.32579748507082124 0.298140100103878 0.292204582506436 0.2842136714204898 0.2873896590537543 0.2833208346241892 0.28623713672818685 0.2821144873650492 0.293559966743161 0.27148391711395736 0.2877443493721316 0.2588201233853402 0.2500676939727569 0.2519902142326107 0.29645966506371896 0.30968768663746743 0.31213864463367436 0.3411981227172265 0.3445058266055214 0.37775759783395846 0.3686383266836807 0.36732066409679764 0.3991331466500642
0.19152879768722617 0.2090362487915413 0.20137780061458335 0.21956718200352493 0.20332284336745204 0.22284964591694048 0.23861712469263716 0.2253255502888003 0.20190192329962828 0.24610549062668463 0.2403997410434279 0.25355886762701085 0.24089013791142047 0.250911464828125 0.30409561463046497 0.31575363336642304 0.2904980869269385 0.3192388410629703 0.305657135206789 0.33821193617686846 0.30234041581375376 0.29762426693319577 0.3057162304449214 0.2873033720817512 0.27781325808942225 0.2769057903096118 0.28035767530750283 0.27898493089361937 0.2776001119827027 0.2911826950271377 0.2662268387229809 0.25337949544856286 0.26572193160805646 0.2811906775652017 0.29468972614611927 0.329199906554514 0.3025076212325676 0.30506184920432516 0.35448293550114385 0.3555971554215173 0.3550521738339947 0.41117838708330806 0.40406755377417086
0.17972699722188465 0.17352697449464757 0.19226598623007563 0.19976776765891888 0.2223393243874551 0.241069555597188 0.2235943431851418 0.18490233426455716 0.18247346565319034 0.18575581759796342 0.1986956840801879 0.23847729352070782 0.2214810352392255 0.2510489651708686 0.2577387564227546 0.2677614174151188 0.29211363674550456 0.31897603453062695 0.3321498712075533 0.3414991771498197 0.2982916822498171 0.2902870366248849 0.3055856913987967 0.3221199775929135 0.3102957899179647 0.299853093010247 0.2903213931539415 0.3050430888647341 0.2678739102540246 0.271906795756633 0.3054823052153219 0.31104215537649665 0.3048275022091728 0.30343261478640177 0.3264638511577946 0.3537176824179177 0.328250067953646 0.3209861426816656 0.33447712688951586 0.35994420382846676 0.35472558139395327 0.3693371261966815 0.40078350026584636
0.15215138327076846 0.15268759947230362 0.1830446103060683 0.17154903235268917 0.1927257573839208 0.21288351647267834 0.1961910090509858 0.17072280134073403 0.14934194234499346 0.14270520010786195 0.199370865224336 0.20016644851509177 0.21629880661768344 0.269244219709325 0.2755121713700758 0.26317074935702517 0.27391723997186124 0.3307558546063568 0.2982526297542841 0.31266526442227094 0.31092613234721633 0.28327076503511606 0.3170284051221617 0.30537884951358235 0.3132942872654046 0.2898052746877796 0.3050865296189272 0.30998108181752326 0.2944275065140373 0.2617204862377047 0.3093349886409395 0.3315667432179487 0.3078264968076433 0.32526587742800867 0.3212506400271039 0.34115902649079083 0.346291115365944 0.3126703568852109 0.3240122658406567 0.3185588786086115 0.3368913396017374 0.39915545491953724 0.397742472162328
0.14710801916068245 0.15427126087878112 0.1616295433832026 0.14734862446342042 0.18587446593327558 0.20707801215197047 0.17811070252734335 0.15703965632508485 0.17943139169736763 0.17137543459318763 0.1666807752936208 0.17111402399872888 0.22653665033136686 0.2198542593042537 0.2509444654012348 0.22544868754358888 0.25225000438326156 0.2690265691568302 0.26781981071419725 0.2679054919092812 0.2918010621574899 0.2680440989489694 0.28593786659627907 0.2564781166028356 0.2973295729832575 0.28049961998289186 0.2789854567878275 0.3058812790858847 0.27776318772190794 0.2621750103541753 0.28736098759552176 0.3156083221831836 0.32816588150706083 0.32896350301028193 0.34505304681388294 0.31362768828351173 0.3316543819217906 0.31898537292911794 0.3414316343339451 0.3491447189002893 0.3580565390925057 0.38240358306116634 0.36491547506373073
