Raster_benchmarking/DGGS/continuous/raster-375.asc
NCOLS 100
NROWS 100
XLLCORNER 1743152.378466646
YLLCORNER 5469287.369094992
CELLSIZE 10
NODATA_VALUE -9999
[rows 57 to 75 of 100, columns 43 to 85 of 100]
0.44619095420515376 0.48667028156503683 0.4287220268549638 0.4472557876040609 0.43571994502186573 0.41735010879777745 0.42693538720799423 0.40248064449921445 0.4352918911908281 0.46695628019896246 0.49650990578462617 0.4779282737594225 0.5152611191888494 0.5614967002558982 0.5705825757731813 0.5564817541470727 0.5789528888385221 0.6506231691014807 0.6157158804098218 0.6188744353040444 0.6451133312137833 0.6440020475049837 0.6192958491414362 0.5740683373025826 0.5464302381425475 0.5841202535051881 0.5464346388357337 0.5530842059060701 0.5171824125073958 0.4856767641356009 0.4666817100741589 0.41754449177573816 0.44070738141506904 0.42341593529740545 0.39414935534471746 0.39576598991238643 0.34663169596321486 0.29860929393427027 0.29230805310308244 0.3103436689549788 0.2965844230421912 0.2871426996088353 0.2688976029929901
0.42132629553188644 0.4141923281156232 0.4184960776096503 0.4241491134828281 0.44547757258777676 0.46117489172676124 0.44217942738147403 0.4466801269789772 0.44560130304646606 0.4420941972643083 0.45094099581300734 0.46564142590238866 0.5343826389276625 0.5406219027143436 0.5615611702152432 0.5404849836950945 0.5965643185212964 0.6234923529857791 0.610470915548998 0.6163506491286698 0.6179420217743566 0.6167256976118071 0.6248674730718529 0.5890687475785209 0.5562634894149291 0.5699279536135867 0.5358057116770157 0.5270084805520985 0.5399861286641375 0.4801932551056325 0.4382934496966852 0.39625618174653005 0.4069812876671889 0.42657364938004155 0.38701531606722034 0.3288195210506019 0.3169812755305458 0.27933607430506263 0.3010608514261739 0.27109141772897133 0.2837695589185382 0.26911059201336773 0.28592414366916996
0.40937906573788224 0.38366918704489694 0.43019051393049856 0.4435586464872981 0.4503758056949801 0.4654805528389826 0.421733354439849 0.4068364002029672 0.416749078132634 0.4201963481572726 0.44351584267589894 0.47687005217146217 0.5078350220901743 0.5327541343242124 0.5487360123193217 0.5419458948861337 0.5985250746527274 0.6062873024920373 0.6287326427781824 0.657602904156553 0.6505914311437905 0.6343033675412245 0.5893881235750652 0.5809034896499444 0.5474295692174604 0.5579653573311902 0.5348442527987582 0.5416918059919937 0.5106004765273419 0.4860962247073629 0.45366504275297453 0.38312308602271894 0.37560813570492674 0.4154569735382558 0.37278898829067353 0.28197124142832697 0.2869976747022153 0.2523777371268665 0.2800720321355696 0.24876308896379776 0.2402262909356195 0.2450589478197058 0.2669883874622944
0.37888744527953777 0.38635959632154604 0.42346005653336805 0.4579020317463543 0.45917342899269814 0.47419566110333106 0.41764883213905657 0.4014390237803343 0.43112032851960186 0.44399184423112126 0.4623154180628938 0.4871671192143245 0.5080544660484085 0.5178428927410539 0.5140627158129242 0.5401745730146589 0.5844484879416257 0.6090267882357384 0.6168135512323429 0.6250511303559593 0.6114940538938552 0.6156685418925659 0.6128303044825563 0.583658543050232 0.581082456634984 0.5526873228205963 0.5286178110380362 0.5135037183724971 0.5280521975475112 0.49617064527775545 0.47245257813065483 0.4414905837143533 0.39168675071359543 0.3787281056300167 0.3623590804618983 0.3101618837215798 0.26980511529357176 0.2708974037538787 0.28909115096472426 0.2508581950729141 0.2565318367969887 0.2938835343718325 0.2890715424319785
0.38778901389475573 0.386212164204084 0.42652467980718406 0.45097304027319257 0.4472824949241915 0.4675837577103782 0.42048315320487956 0.41677511060491823 0.43287414289518256 0.4176343953358955 0.4332151714197665 0.4409107423333199 0.4685001056514227 0.5027969614071633 0.5141172279642489 0.5246278288275977 0.5550977357066026 0.595368837758001 0.5761209311338733 0.5939790503001531 0.6179271475150688 0.6090565316618359 0.5916283248040515 0.5407788148654836 0.5511833133916909 0.549033369093057 0.5647240225257738 0.5414247815653198 0.5559919797424621 0.5275096498962099 0.4592754842331753 0.44079432642437655 0.4154939799103008 0.4228382093365586 0.40956465911495377 0.34622248152890855 0.3174529559630993 0.2856071275252181 0.28121511077856637 0.28098630521445245 0.2980197180565363 0.29828385525640816 0.29663569756102626
0.41138337884767157 0.42241953794230863 0.445422845539198 0.42434211533141164 0.42941407085423494 0.4414875569675894 0.43039483028050224 0.4246630047199675 0.4196101359116906 0.43897626948804896 0.43034591425110846 0.4676439485569683 0.48571555095581226 0.517535256345138 0.5338889596677568 0.5723702303196819 0.561554377651135 0.5890329497497333 0.580876565532548 0.5443126505670163 0.5720177199846156 0.556892585961553 0.5477468623345174 0.533651491647119 0.5776558331107373 0.5796738804669629 0.5771806187826568 0.5573387573359855 0.5555062061107804 0.5165892083224513 0.489753860815681 0.44294051025534703 0.4512043478211062 0.46651602025030514 0.4357880513221969 0.4129864753537216 0.38087788376852494 0.3654939425858316 0.32864982125560116 0.30682601357704536 0.31729115198454433 0.3295550591578877 0.35030338255487165
0.38187371674691595 0.3849731428587483 0.4150576700110043 0.46633202222511905 0.449309710197274 0.4218430618060864 0.4397072573003501 0.46912240407665806 0.4543862169648159 0.4696935234395645 0.44662725960380545 0.47949789304202206 0.4931423772181248 0.5200304553385549 0.5303585625469376 0.5727020480785919 0.5756293319122279 0.5668707597343425 0.5617415004790193 0.5265197823772996 0.5475002495705239 0.5767388762875393 0.5425601474576424 0.5473566619102972 0.5709152746297734 0.5954913830877658 0.6051067316577327 0.5994796171450276 0.5754960849971038 0.5288458529513361 0.511269353715974 0.48507594865586734 0.5185179617604768 0.5085820070663656 0.46874978230309 0.45435358628466005 0.4326289050601579 0.38309208543167267 0.3757976104237409 0.31016827773190686 0.3358130294776274 0.3517003141545525 0.3596668024846245
0.35220749126379286 0.3611093547921907 0.4115542221467497 0.410450986913638 0.4192401877124416 0.4326400475904921 0.4572909485277158 0.44691765882912754 0.46405517962367215 0.4415644281494438 0.4528561773414486 0.4821382819076117 0.5206736224480359 0.5206287665568127 0.5655979400330017 0.5884980553471464 0.588047820279924 0.5513376560722243 0.5458768050807141 0.5583654323675906 0.5492785768298323 0.5702712006298786 0.5552108230729352 0.5652995270589553 0.558854123170153 0.5785442076207171 0.5933527219189445 0.5686942572917063 0.5954575470796352 0.576782268028092 0.51605801698771 0.5046508938161112 0.5452940073608414 0.5269615444010762 0.5160383653583277 0.4742372942532626 0.47044750860056767 0.44097651155759254 0.3948249654668544 0.37549785430698407 0.3611489217804333 0.3919029389209887 0.3910352043293632
0.3692389336793422 0.37512565742488585 0.3999691625151874 0.3606844295999418 0.3779755272627605 0.4084881296439589 0.44624313462209464 0.46251534418208506 0.4624616877056383 0.46359494482127145 0.48612914873184576 0.4874987022174842 0.5350319613514143 0.5645608858653453 0.5563547022145168 0.5649393012853454 0.5609187360384703 0.5718180067211099 0.5558182484082395 0.54125126258299 0.543966167782733 0.5552102280837976 0.569028614654458 0.5664270042999534 0.6112216863908374 0.5900231970991712 0.5957391300676214 0.5794226072350258 0.5946006470753896 0.5841491764865058 0.5423762418055248 0.5621406834860465 0.5402692957552402 0.5413200435301883 0.5003390184342955 0.49520322774345754 0.46893223127099803 0.45703568588255955 0.4026285324478188 0.4120300670537641 0.401618146142162 0.4178609922609579 0.3995534285745878
0.36365433201262426 0.3863330861793331 0.35724302338664493 0.3635767194130819 0.3650132288247495 0.4002592459010595 0.4021520927906717 0.45141609255835463 0.46472010476170345 0.46790780464991394 0.5122257929381973 0.5174853194733915 0.5071384328692985 0.5369586206110015 0.5464145934796765 0.5446002796176262 0.5694816437154613 0.5560907383288279 0.559226030597119 0.5307171377998348 0.5388155716999807 0.5662532078420565 0.5856613386433694 0.6134326600967519 0.6351035740057523 0.6337482668742492 0.6300390824622965 0.5982293609621404 0.6142998801087939 0.60053989088551 0.5871021136541924 0.576697710230746 0.5596847956218683 0.5205467792009592 0.4998749568853955 0.4762813143438503 0.45774573803959495 0.43542616681897456 0.4349017852381731 0.4597061475453945 0.4467830495850644 0.42365341398455003 0.4316194253619408
0.37135475441632665 0.3684523170597398 0.3629616579460668 0.3172413529110885 0.3481689973704469 0.3563670436096857 0.373814440171343 0.41980005162107464 0.45760058211877375 0.4830472922920059 0.5108467687816924 0.5273107643781026 0.5126701976196615 0.512107831288031 0.5373451068895394 0.5837854827156329 0.5587823587607565 0.5523689616024093 0.5457151865090137 0.5520156348396146 0.5379797976774294 0.5666469568314237 0.622403149892268 0.6426061943529636 0.6554448652015539 0.6667861706826033 0.6240947777410686 0.6352991267514236 0.6102993177908539 0.5722939237137177 0.5907296045501548 0.574672090004681 0.5213478526256721 0.4847941004549518 0.5058677460052247 0.493762409215224 0.4962774721074662 0.45718910284759956 0.47635151052692315 0.4711457946277321 0.43524544699856366 0.43448476866794505 0.43965935974988074
0.3777255188218766 0.3692404907220772 0.36431794099780523 0.3447411817208594 0.3837027710559931 0.38817445552920177 0.41037337664861856 0.40670508402539624 0.45751751760735304 0.46733404004985346 0.4839844017272698 0.5350967111202465 0.5380679740513186 0.5461163325036642 0.5337649659302857 0.5676949797707526 0.5918866890014814 0.5849018787627109 0.5631510064541438 0.5634690866191628 0.5651288241081356 0.5990080344561314 0.5996796089988166 0.6350158917487629 0.6257115988746711 0.6397284474845871 0.6240603776378624 0.6146871384120711 0.6008481787847635 0.5700254614854466 0.5734941802972393 0.577521388559023 0.5169161687834466 0.4723309513173258 0.4846144619689986 0.5107863942303779 0.5129013482142014 0.49339441135721207 0.4981221391786848 0.4819295526455886 0.4614531153983787 0.42425985835585744 0.4280247405490283
0.38428795382057873 0.3859660614519563 0.38515094621294105 0.4054550005746376 0.3958407610517277 0.3681794653172343 0.4213545027117059 0.40379792040172013 0.44344322684866766 0.47852827965722117 0.49267527898189706 0.5223137911357385 0.5064360371777205 0.509091750132306 0.5418767132743405 0.5893240369976894 0.5694699511670167 0.5916550436000705 0.5614978727503818 0.5510476686219716 0.5638410465375692 0.5796159697602566 0.600580083558572 0.5935419293873595 0.6393969565836032 0.6446202551610652 0.6369724255719412 0.6240226701150063 0.5919566598547301 0.5356047132941807 0.5553999479538025 0.5489588808596921 0.4944599028766193 0.483633299457708 0.4900441817439916 0.4841796340187011 0.526011160648187 0.5254931696500613 0.5064705440346341 0.47935830146387687 0.48252474360549513 0.4625231463238681 0.4081135449517525
0.38848819162990017 0.37746837425431723 0.3769161041834935 0.3827327751743741 0.430569816059119 0.4165459996341223 0.4139878825725609 0.456135582371482 0.47980957858360795 0.5035157130323971 0.5161101980992919 0.5391898705463579 0.5373754915993392 0.514101007435193 0.5604378748063283 0.5444927462340291 0.5659824721010295 0.6032863148227543 0.5686729143506056 0.5895313671540977 0.5905339337066455 0.5812893377759286 0.5824633946525619 0.5708984781204882 0.6062109088473417 0.6332360927053321 0.61872923509041 0.6167796439472909 0.5907133460398547 0.5590557072703565 0.5363006217159924 0.5456452016035874 0.5069522447102441 0.5177768557013338 0.48647059455921476 0.485460174901154 0.5339052264948874 0.5407133176065212 0.48549458563195536 0.46359197101614524 0.45484528802546864 0.41287811013843245 0.3897933830044432
0.3804495047612108 0.37796421169552924 0.4100215464465582 0.41450840635838804 0.4083223744326775 0.4395661195837036 0.4533998104593632 0.46073661422840756 0.4904658890745244 0.5003145814170243 0.5126529530244898 0.4912280453284149 0.5012652662522815 0.5378603741207675 0.5375143416344671 0.5571453924774814 0.5773867327987126 0.5991268854268026 0.5926775899186177 0.5670972013917567 0.5863609564690827 0.5965899373343175 0.6068085062473338 0.5767682803994344 0.6088164755721224 0.6167627284238999 0.5779551713146187 0.5729517959670478 0.5444229261800101 0.5336590684699226 0.5430657683540512 0.5098327802756977 0.5120265637547697 0.5532603756448484 0.5324138735839343 0.5087778980384217 0.5327031667450619 0.5494383540941219 0.5161084929401099 0.4682554287305062 0.44470888989020163 0.39302737981464037 0.4022218621801169
0.40562786232775805 0.4050019094669803 0.3836758160310141 0.40082051323765916 0.38923235521189603 0.42518701163475753 0.4261609141445567 0.43087720847797134 0.442674830604302 0.48214958416767506 0.5003681147408132 0.5339079921485929 0.5151556881669964 0.551207055337693 0.5367211395084632 0.5446325130336378 0.5584931738144702 0.6126304827933953 0.61170300535052 0.601234693564454 0.6132634769803074 0.6316988974479789 0.6339330003427096 0.6057047461104667 0.6136885654376117 0.6120184497191737 0.5685634263953913 0.5818222488971914 0.5566751775355687 0.5478727160548816 0.5323833476814416 0.5356314551832385 0.5450739890661057 0.5584278965690335 0.5673453910864217 0.5311019681064012 0.5523945330849374 0.5621645141468317 0.5228917287514123 0.45746330109433925 0.4278101485194973 0.41058394143857746 0.38200812703314735
0.37781313841397923 0.3972299793782113 0.3739589993621611 0.37131002615008807 0.3731463526421956 0.37910439023000203 0.4030360526998258 0.43341315065577973 0.42725336330089003 0.43864943249140737 0.5024593353606925 0.54176054891096 0.5256165395509733 0.5675033918215068 0.5772923552271773 0.5517630780106212 0.561493567524937 0.6103209302173851 0.6171249888077185 0.6476324037020624 0.6668994432188895 0.680743480595582 0.6453184635614503 0.6247369971308014 0.6240815395733269 0.5833312027474871 0.5696756377439439 0.5619595273018276 0.5476297486664551 0.5717144461670299 0.5409753885717955 0.5803721764646452 0.5704025349859735 0.5661685909007249 0.5612647716620877 0.5622886815971447 0.5527763158810746 0.5368834482391022 0.5173805939144566 0.4492915791446349 0.40173431455469505 0.4034636629755619 0.36360895370393875
0.4075854432678788 0.3800330913030827 0.3761316143738835 0.35610087339234614 0.36124522226653466 0.33945069439688574 0.3505348144819787 0.37832809912229365 0.43504478974252087 0.48548168399058034 0.5119714745505551 0.5093440913607193 0.5429756137942536 0.5364664396908835 0.5653555845520025 0.5713628862805515 0.6012728767159202 0.6366845281064399 0.6646130361299821 0.676094108327796 0.7073303450427889 0.6831256935086947 0.680299374749449 0.6689320606424736 0.6651580563359178 0.5994867808205729 0.6048998430711487 0.5553113571283774 0.5503764813570393 0.5756034155221532 0.5563878893147218 0.5764115753986615 0.5453798791977422 0.5429977561303 0.5794667174700996 0.5815876591673836 0.5560711112465945 0.5442169707638557 0.4929306884347805 0.48117570711375085 0.4090937179049418 0.3931173422978587 0.3724424841962756
0.3513892178567591 0.3651595474305551 0.3583670757881159 0.31199349638224555 0.33792395788240426 0.3283568639698212 0.33056942632798597 0.34763072978716564 0.42425096980648147 0.4609906561027135 0.5150215075360772 0.5173769932259804 0.5607731016851294 0.564210067073195 0.5565474235932742 0.5430051790618364 0.596235888358392 0.6613684213292228 0.6716315349181752 0.7204244797670949 0.6877358055601092 0.7215393365346361 0.723215120412671 0.7167088677270798 0.6577868617749026 0.6408189348139965 0.6400100797044047 0.5927565446529528 0.5861929145671766 0.5553592495567322 0.5455026551497761 0.5370750346617676 0.5457905957532994 0.5674381799298216 0.562297644814942 0.5916881718243915 0.5821716281251532 0.5549091383617313 0.5063007252580557 0.4863255347065347 0.4188817381944224 0.3867032520146666 0.37030299207245915
