Raster_benchmarking/DGGS/continuous/raster-457.asc
NCOLS 100
NROWS 100
XLLCORNER 1743158.0751052212
YLLCORNER 5469286.47221584
CELLSIZE 10
NODATA_VALUE -9999
[rows 38 to 56 of 100, columns 43 to 85 of 100]
0.659462580464123 0.6513203840550601 0.69906378576697 0.6905796180836125 0.7237475021084893 0.7131831858080325 0.7363298690756805 0.709735481383157 0.7552536825458472 0.7077106824233539 0.7114864104088077 0.7214422312660941 0.7399343705836946 0.7461744593644942 0.7994930093857043 0.8493974946598597 0.8446202322636087 0.8934278073395443 0.8845204496125318 0.8929003721937285 0.8989724482253477 0.8669918724051363 0.8642625222092275 0.7842636952772044 0.7753215817735704 0.796565455436635 0.775385475043515 0.8038204759702593 0.8284747273568334 0.8542819565526839 0.8577708205624042 0.8678577329251106 0.8625576156528724 0.807907743904439 0.7801071700817072 0.7551772221521179 0.7689624890253524 0.742749561234651 0.6969680246155046 0.6812197988471971 0.6967275855675539 0.6952115851014511 0.6732106506592932
0.682458480685158 0.6557521148549346 0.7205366020834012 0.7301794674791472 0.7670820656031935 0.7285708870631126 0.7694203354230023 0.7400615564841474 0.7694223293534931 0.7763224029362674 0.7673859156133561 0.785534538346224 0.7863880331334242 0.7482348876963734 0.7708859875853643 0.8640081642347884 0.877315209776957 0.8881527409185446 0.8722660944806429 0.8517612155083426 0.8639714330674525 0.8809761942229465 0.8494537711196256 0.8244201891913092 0.8312135137323171 0.7851919433131272 0.8077645118219958 0.8598450821258047 0.8744829072276717 0.857967027066368 0.912031156899365 0.9212321065469233 0.8794816877408275 0.8047714803194475 0.7798135430580473 0.7764317262614294 0.7858128561261415 0.7512909685912816 0.7130905188182457 0.6644840417605733 0.6929976228395937 0.6810609466326765 0.63964122223957
0.6803578074835633 0.6717609959668835 0.684855171770175 0.7256573504826642 0.7614691900193786 0.7656498030991277 0.7732634237834903 0.7971816631286939 0.793800538806588 0.7654784630098106 0.7706616227515644 0.7841925441603298 0.7894237457140896 0.7643118777560691 0.7869594797070956 0.8357957132993237 0.8796279579235784 0.9069164939195983 0.9250028477980243 0.887047975897145 0.861842730418672 0.9006834894197062 0.863618640701214 0.8291221687599827 0.8510384626764609 0.8408080299287789 0.8688020112049277 0.8722494449914946 0.8600841983808828 0.8842784993721615 0.9039048700069646 0.9241788911857352 0.846948125800125 0.8515263707721452 0.7997924443551195 0.7426984082054481 0.7204582677716462 0.7112490340728383 0.715778001200331 0.6754658922270825 0.6903700115433726 0.687819102372617 0.66126762062409
0.6531205810969659 0.662733034576695 0.6697032264534412 0.751475155023203 0.7592333454420201 0.7501789229990874 0.7995501713652166 0.8370353712868903 0.8056925961738913 0.8128720450236171 0.7842014250209995 0.7969403166988038 0.7621724843251417 0.7981974490640468 0.7956474883443724 0.8051166159582516 0.8514410671122391 0.9154618543539175 0.9014810869708438 0.9477991256925267 0.9039762742104039 0.8713216086203129 0.8450123174636982 0.8416958562238703 0.8783104159450411 0.8338773253179377 0.8749770869761945 0.8831719921816026 0.8966317620131983 0.8959201377532803 0.9185001649505689 0.94113263357229 0.8559656461333485 0.8471452218854328 0.8175586436491988 0.7702277097974052 0.7594076606682266 0.697356570515276 0.7166690533587171 0.694250761513395 0.7030159202812112 0.7084433595871813 0.6758839600063385
0.6584496091496985 0.677766901169981 0.6933346479372396 0.695092866349536 0.731472700266813 0.7824801712536203 0.8066435090109654 0.8144129503098829 0.8460079111505722 0.8210304976960056 0.8289728597957646 0.7878271245065172 0.786423716541993 0.8312341462373002 0.8338636522182775 0.8609482893482326 0.8759570229656785 0.8700430529677936 0.9191090179885103 0.8730892078600984 0.8616849929160539 0.8533771038516901 0.8372119968865187 0.8286213189600181 0.8770410466541859 0.8431979041309592 0.8767717426229403 0.9226000909117492 0.9157902579233377 0.8939235756008505 0.9371214699116799 0.9513283938334327 0.9097871553172024 0.87187545869005 0.8331296789425838 0.7940656328777073 0.7952298211448924 0.7472759383787886 0.7137465344111217 0.7115521031230513 0.740673665939604 0.7280840025081231 0.6926045366896506
0.633544924785845 0.651072731207324 0.6949465628255431 0.7071123341702432 0.7625510355904856 0.7876945687737466 0.8256991534394876 0.8406827423444105 0.8522242032120735 0.8627224312274474 0.8547768234115963 0.8094289200133947 0.7883978206165886 0.8221093128539378 0.8541579401186936 0.8195215717477308 0.8921031346054159 0.8780444517847886 0.8937719250101469 0.8818397250522889 0.8500381195195913 0.8663634158249223 0.8882740345350417 0.8473778910218533 0.8975003523034493 0.8706655490290341 0.9039979401837729 0.8978698037145435 0.9162415021289739 0.9405394221973424 0.9571232747798316 0.9561058708784526 0.926017133641268 0.8567893820446588 0.8434920542807934 0.8303402577337741 0.7736444060994744 0.7647068087141707 0.7805125139098433 0.7387038059894881 0.766453730486425 0.7247997726845622 0.7355813813788669
0.6370184945529196 0.6648845875261664 0.678712417816564 0.7007881489590423 0.7651007818876674 0.7674167934028221 0.8389967170889485 0.8010638492276052 0.8420467097559583 0.8486193879182319 0.8484570848742738 0.842908565632293 0.822933218474587 0.8236833174140828 0.8454867028231023 0.8692192776387575 0.9083344771359848 0.9099598348365883 0.9005986661711676 0.8995765779060629 0.9141582913165828 0.8884076024885967 0.922269764965162 0.8739342342588052 0.88931595037337 0.8583933721031978 0.8858837781019189 0.9373616046478529 0.9765131133078793 0.9617803696073078 0.941550968653977 0.915841899722085 0.9019057279199384 0.8893976212506933 0.8649843277715853 0.827119460094249 0.8242716651407009 0.8240976310018475 0.7899371828326792 0.7696796440303995 0.7538375380851029 0.7252948744420835 0.7076542099727836
0.6942537656458617 0.7002065127907637 0.7022606670464372 0.6929635535952824 0.7270449582116926 0.7977598724672428 0.801791766317234 0.8077125703923496 0.8731650882463992 0.8632298974626437 0.8404763277478885 0.8828822012016112 0.8525543054579163 0.8602645468371637 0.9328786900349904 0.9541724381255795 0.9012535681753249 0.8620581672731134 0.8887211219392547 0.8720502016163649 0.9017242622874212 0.9364090966984339 0.9287426423604476 0.9314092172950981 0.8810569667777711 0.8849343568594754 0.942671356921713 0.9781866485176857 0.9601089099376661 1.0 0.9822545975890254 0.9796410318787745 0.9152227469689451 0.8748989936580892 0.8859512950685163 0.8370590499993369 0.8171463514283716 0.8177332395098631 0.8064106538747347 0.7975701649846141 0.7940888098786467 0.7516134605492713 0.7294845438030103
0.7392612750255501 0.7020287706420855 0.7167195587468448 0.6914061997495978 0.7469372401918741 0.7903927408339512 0.7862407072486537 0.7931260215317893 0.8578457041324864 0.8746598339887144 0.8475196908489395 0.8667121130729712 0.8743602855908513 0.9225033034264921 0.9472967212375988 0.9490902353011681 0.8931571489169997 0.9066375978998135 0.8697831497833096 0.8843034896276121 0.9160460098100396 0.9413393405809996 0.9516038130416025 0.9461127488204039 0.8960023362831475 0.9203370431538388 0.9462699649441024 0.9409779812570862 0.9857204326567668 0.9404708672715327 0.961133756190092 0.9522026225610617 0.9193921359267098 0.8684401295333901 0.8830034335403523 0.8646096541343722 0.8194036083328454 0.7804579011669529 0.7960816281704244 0.7758061484468719 0.78413614400284 0.7693547312568721 0.7634503441951971
0.7667037055272758 0.7320849234505394 0.757701072525033 0.7306694672639386 0.7843196697987044 0.7810732314879435 0.778527558851842 0.8140842835843696 0.8247198744215064 0.8410757544481284 0.8712268509097387 0.8355602163432313 0.9023787643584855 0.919846871067009 0.9046815174622017 0.9432655056381347 0.9133326633979088 0.8948463087041579 0.9240868773986212 0.9491439889329512 0.9675522172802485 0.9549492753910139 0.9333834678468266 0.9161511753569308 0.9383870366552245 0.8879745891868343 0.8988157547622068 0.9230318384017396 0.939783935462827 0.9351903369266528 0.969743276346178 0.9682222933349209 0.9106002626207811 0.8785931857468633 0.8525046694725145 0.891295678075404 0.8021771250634574 0.8147612714705057 0.8165194148357638 0.7810318510944093 0.77657908493516 0.7985452878888831 0.7536267320424926
0.7513066007503593 0.7563810584286338 0.7394257070399978 0.7276386153190881 0.7774829964704566 0.7963737484335136 0.7879427571867171 0.801501362945001 0.8015997531245516 0.8328324220354026 0.8376569285057252 0.8453602587352498 0.8589451591503657 0.9068510029116617 0.934567629333268 0.8927155471091524 0.9013503806250759 0.8730586227055291 0.9124096150288941 0.9517340178754816 0.9356838016919246 0.950586938055097 0.9514053254015425 0.9171911816033465 0.9318259814088748 0.907588504712459 0.8863009048290759 0.9220888277808205 0.910213278596303 0.9180027598809708 0.9407296838078674 0.9604156743906175 0.9093240643707009 0.8981325450082456 0.869198477491779 0.8653467004740524 0.8080957989805685 0.8059793873746718 0.7777448225728701 0.7612048672193464 0.8081221690928051 0.7855722595701864 0.7383082967402367
0.7945755341246314 0.7892336573783687 0.7768607981235395 0.7374868890873008 0.7870662983691822 0.7644221803449439 0.782901433886251 0.7800662881501967 0.7948849182837614 0.8458251086378399 0.7827638656704656 0.793947962396268 0.8030681468404288 0.8748329168581009 0.8614037735044768 0.8800297665992829 0.8879165148766427 0.8995770683366497 0.9287180191100615 0.9000440336698285 0.9285647783029106 0.9625382514954754 0.9477903983988554 0.9262918882341834 0.9376114725931389 0.9305757511323778 0.8851247919184971 0.9016382751298264 0.9413340537840673 0.9667438792070427 0.9392702164882474 0.9490212733752259 0.8993256569159491 0.8478768904807675 0.8403114158570966 0.8530462125022379 0.825939862677342 0.785849423901966 0.7880697499328755 0.8002967297388252 0.7995762255672553 0.7453709464936588 0.7610998596308343
0.8266794184922834 0.8165064658082455 0.741318223000709 0.7811286560400335 0.7711252576112527 0.7314392532277777 0.7458501239820484 0.8010317814177308 0.8209958539103693 0.8095227679975456 0.769177693741124 0.7992018826963023 0.7914430073672161 0.8079669354953377 0.8800134535741494 0.881461302294184 0.9088501247387242 0.9284281548399934 0.9118985358400217 0.8659962690390955 0.8661033060561193 0.9336292538396525 0.923185062891533 0.8972340110393292 0.9152806161104569 0.9162192018649039 0.9052541808784176 0.869052564164283 0.8684016874280881 0.9071722884701979 0.925699114354548 0.9176510730516162 0.8868642441234523 0.8440213334555615 0.8171359672303098 0.8602635630427687 0.8475712086873797 0.7958438889618596 0.7678684944025205 0.7889160815752527 0.7867793974069869 0.7408126888291653 0.7307762848511874
0.7855377787759865 0.7894600605621694 0.7711034525031583 0.7724614781456293 0.774666284042624 0.740586948151791 0.7393269029900519 0.822646669907264 0.7928962785900248 0.775334202793797 0.7756397490310296 0.7635053574714591 0.7823392476017041 0.7827989825152963 0.8384117280589757 0.8960717578162574 0.8727861087631251 0.9081626228028058 0.8781875163116958 0.8386235057350577 0.8454854507308567 0.8719397117076045 0.8755426628609914 0.9096165076071178 0.9009324250621691 0.865473195923727 0.8499783234596452 0.8309445731726854 0.892443855901066 0.8940247524524548 0.9000875919347697 0.8679253530114583 0.8578742683445761 0.8248433631732865 0.8339950257773543 0.826964305893148 0.8028405399716162 0.812007896191 0.7794090996158657 0.7781878657795014 0.757749158962309 0.7171279714844743 0.7414851726328672
0.7876478361251753 0.8070559205721671 0.7761273824559503 0.7659784067064446 0.7806380890470537 0.7346578457494389 0.7568930358691595 0.7865160146001191 0.79098294622229 0.7759022008883868 0.770219504104872 0.7574898489925224 0.781520573816975 0.8295708479763544 0.8181858673108656 0.8679418154218185 0.8884027176520872 0.9004835866771012 0.847437917668866 0.8344208234072337 0.8474320820138407 0.881861593092537 0.8912090345804098 0.9483915682902965 0.9411131098509613 0.9105895135728659 0.8726475977668869 0.889251407089347 0.8973802422452628 0.875491348222731 0.8887627562621457 0.9108942851207725 0.8633504190996957 0.8185006774225857 0.7834243331964109 0.8005873929408719 0.8071081893406771 0.8253761963252347 0.8071465484792505 0.7839494925340131 0.7533088812569021 0.7172367295873318 0.7504368180930513
0.8049713472520715 0.769638754257601 0.7516542357538396 0.7686090302182138 0.7941732754547199 0.7860901701643088 0.7572440323085236 0.7829805344469637 0.8088881363217597 0.7603606686314994 0.7656364275858238 0.76122093413075 0.7780139742539632 0.8179515853586652 0.8540932206880387 0.8758050352369544 0.8692601027711895 0.8389238079975839 0.8557800782662006 0.8420884320178712 0.8891578580218994 0.867681840413453 0.929452293115051 0.9727106886516652 0.9451205459853197 0.9537019309026716 0.8798946903980407 0.8695028627757754 0.9223808722915375 0.8833537522282885 0.8935854832182556 0.9090509089568994 0.8552143252164464 0.7832628054134935 0.7656837290317909 0.7199548891376194 0.7744112025942655 0.7918113589672011 0.768074452564669 0.7496606185222445 0.7314721796380128 0.7466524414927558 0.7287366533134538
0.7970502900659469 0.7834237512219194 0.8072555812426617 0.8014557711859444 0.8153663043981672 0.8025172157824093 0.7816411355699915 0.758609780937291 0.7807925939901575 0.7879170126153082 0.7619728272438621 0.7780403761085105 0.7901368121474189 0.8375193072210976 0.8473753154059738 0.8300524772636575 0.8584467012688806 0.8745648810126985 0.8539631912542924 0.8918478547970671 0.899998481650006 0.8904260177230299 0.913825991174586 0.9411076065143715 0.9508158147695337 0.9366984930656521 0.8844699419224045 0.9176617175021299 0.9264129778718417 0.9202073848074519 0.8858970860119966 0.8619401808384979 0.8495211869194274 0.786802586159503 0.7904144683020018 0.7303724937069833 0.7268824919457897 0.7065892707314934 0.710602183183674 0.7045998949558848 0.6913496214845757 0.7016860106756134 0.7295576225929247
0.7892534813057369 0.8364487956765053 0.7966102278448085 0.8231611912695789 0.8550781095642547 0.8305600964366399 0.8406419568047462 0.8117466937996548 0.8183887155731602 0.8228786186138831 0.7916459940759089 0.8171823851628002 0.8410840929951786 0.8337539464570928 0.8671646116709982 0.8524412704196831 0.9025947079679442 0.8577792863334692 0.8717185413904143 0.8998538731432404 0.906276186135543 0.9385830351907399 0.9542964586958823 0.9698876530586517 0.9628577294547771 0.9391642761464559 0.9004185995218407 0.8927415655309439 0.8984086580587064 0.9431934461408205 0.906152878866587 0.8703833082068944 0.8652906004310169 0.8311839630393921 0.7438275225197567 0.7056649783015418 0.6914685561040479 0.7078145360404838 0.6746273726597221 0.6716513243708156 0.6790117494503586 0.6947488862879669 0.6875645412368065
0.8038900960416309 0.8305724461332574 0.8094550198709157 0.8419628183661307 0.8399515398491323 0.8561740684415118 0.828437472624258 0.8231913733672442 0.823059823732552 0.817633031747594 0.8409923242232945 0.831424569819943 0.8144004337334687 0.8435074943262739 0.8849261377247482 0.8745096412550935 0.9199302376293832 0.8872070151759353 0.8813433566960471 0.9216013519892757 0.8994594693375298 0.9178180183137931 0.9527146464300802 0.9048155817011287 0.9320123269770586 0.9131499304557872 0.9224468866654274 0.9219131807525095 0.9518688930127484 0.915715305080519 0.9440470065703995 0.9175692989388978 0.8945305439201939 0.8104460752956077 0.744678052177947 0.7195195300225833 0.7169877456814138 0.7387501228374467 0.6905308272843924 0.6730368139650961 0.65110425515107 0.6663073095421183 0.685760233005787
