Raster_benchmarking/DGGS/continuous/raster-317.asc
NCOLS 100
NROWS 100
XLLCORNER 1743159.5682404558
YLLCORNER 5469291.938540469
CELLSIZE 10
NODATA_VALUE -9999
[rows 76 to 94 of 100, columns 43 to 85 of 100]
0.23663831611204375 0.26787635751259276 0.2595352846063004 0.2891248499818202 0.26736173895091053 0.3030380834381722 0.3291925207390145 0.330858547060828 0.35372296991139524 0.3747596091619474 0.3641002856894522 0.36757275255921606 0.41607780536501243 0.459957033168385 0.4485763571430524 0.4696875379133568 0.4786646345093828 0.5053785975977713 0.5316905918890639 0.5478894390086289 0.5542677729813704 0.532844285545005 0.5412986204469435 0.5161544468433708 0.4858852269083691 0.43961387803331936 0.39361922245198777 0.37891107761146503 0.3990381654624641 0.41444023805481855 0.41892907303591226 0.4090732573839324 0.417397340382941 0.446484160143657 0.44642335827643326 0.4148418705919265 0.42955626022966953 0.4341471805109208 0.4220747724330383 0.42122102306747766 0.4130869581903396 0.43699476726593234 0.41612487794982944
0.22155149504244268 0.23729974477404328 0.24783522737808683 0.22980873268262833 0.25343893096936215 0.2622438833084694 0.28503866270156497 0.30843004700386 0.3331268311656131 0.3698442981271674 0.38201591430904785 0.3933608188085818 0.4094799452986097 0.45570742218195637 0.45747429849749527 0.4346541467491895 0.4593627621790985 0.507995848300348 0.5103605826162653 0.5350628126552424 0.5370483383712108 0.5325621356388304 0.5359847747354639 0.49085586435324347 0.4779901808172261 0.43361827833751754 0.43164234017383346 0.4055288004268684 0.43061872861584755 0.4292050670694745 0.4239489077617618 0.425441649606413 0.4357545027419625 0.44250277911789376 0.41724405468051373 0.4247703183593424 0.4436853216550701 0.4378887794616854 0.43271949428658996 0.4175616811200229 0.4184608870230956 0.41765841707269546 0.4057737186181738
0.21644971055115958 0.22855959063689907 0.24184102666277826 0.2276291438604607 0.2611057840879667 0.26682463658871375 0.28531431013314773 0.30445047009492376 0.3511248465257974 0.365737757739627 0.3842295149942068 0.40720247095161327 0.43079839155564403 0.4173871080660385 0.42242223647633026 0.45307816897019304 0.47982466819126096 0.48892669077512957 0.5040342312202036 0.5061387197034191 0.5146670405802409 0.540405384099745 0.5161992498894685 0.49774242886511133 0.4537675024179781 0.4480481353851752 0.43694893050852024 0.42622748282419 0.42829472287843157 0.43433738780285064 0.41143817932114274 0.4298395676161442 0.4491095506743668 0.4551893030355565 0.41439158392923375 0.3899972392265096 0.4169681894790428 0.41048858538516986 0.4124912733211909 0.39027310151655253 0.41859110994616605 0.400957105191153 0.38754032848701264
0.19757755509373756 0.22580324896763615 0.21733548476253162 0.24117420331934308 0.25627948868885997 0.2605194873782067 0.30256407696234355 0.3248677185219036 0.35207077871104286 0.35779625340370697 0.36550497045399455 0.4127414910782979 0.4108034449965588 0.4457613492520194 0.42756577028206 0.42516964107708644 0.45452918474166776 0.46486995218523075 0.5105557464553907 0.5354193172576474 0.5445339244129882 0.53943603200883 0.49168992796222694 0.4677099902102412 0.44569780378146423 0.43278674255202493 0.41482480507004094 0.39396274196334063 0.4134874981911812 0.44062295540540564 0.43186885609470266 0.42934470824274606 0.4610266474685128 0.453292965342943 0.440766705758344 0.3886160761474683 0.3783729454168256 0.3824444268930042 0.3803347718305589 0.3821446096502307 0.3950855822620807 0.38069955043217374 0.37184793581317
0.21256113295499143 0.22414779827567038 0.20731094144093756 0.20591960182403057 0.23153516322441284 0.2685393630058147 0.284770877890825 0.30900045297362544 0.2872430440514596 0.3353130802334814 0.33149925813551284 0.3647405681966678 0.37862490080393063 0.4224911415787588 0.4085476896902136 0.419965402265122 0.4456505710504835 0.4575571167828853 0.4662382885717267 0.5117063296431286 0.5191513313607109 0.5239115281654306 0.49367622058716 0.4590072054731421 0.46500071973651347 0.43282851051083415 0.41243076108378146 0.40226646042522046 0.4157054729051595 0.4368078775563978 0.4522868230890316 0.46753293956264796 0.45517337769113414 0.4418292021325589 0.4210206916673535 0.395496860466201 0.3913119669221145 0.3688575418022285 0.3798009132107176 0.40573794103955724 0.4026667615453489 0.3988532155526307 0.3723308304027045
0.19780631373839133 0.18346713536960058 0.17156579976901265 0.17578147111020118 0.2094741158224831 0.2327342530373612 0.2307982394357117 0.2562821983590769 0.27686532248507806 0.29279365800956525 0.31843251536366907 0.34644576675144695 0.36963553673015676 0.3846032984734735 0.4164661929523432 0.46334141647846994 0.45555290907220347 0.440578945852805 0.4608795670302654 0.5065175784239804 0.48154447736690653 0.497688914671367 0.4912585534424854 0.48050896344236255 0.46434232865815883 0.46507821014347134 0.43661660325915264 0.4128077472168781 0.44489816250167225 0.43322521777196316 0.46836156442044713 0.4748911587354476 0.46614658203016496 0.42642338229489113 0.40569643328083854 0.3857404765243098 0.4022329181561146 0.38509945625448316 0.39540168543397614 0.427243202123895 0.4244891857833243 0.41205466744071134 0.37782774561536603
0.1765936656227166 0.18034001763305504 0.18721518132321646 0.20485108655626524 0.20358087335860062 0.21876002109401185 0.23243022917919864 0.2713332342774416 0.2699117682828876 0.3157056967036382 0.32328974891098455 0.36092985026892743 0.3960283306966371 0.40820371655219706 0.4378674598915786 0.42150893074959184 0.44308119400780466 0.44558631938400645 0.458192641750167 0.4654866079297936 0.4621791838474373 0.46861594601648227 0.44140261072817777 0.43991219787269714 0.46485966200209966 0.4630535344189274 0.4417043914781436 0.43687815921451484 0.43197041037964135 0.4199739054067011 0.45278677675809387 0.4586479576377559 0.4264053871646295 0.39491313164619246 0.3830907166498792 0.3704754095122175 0.40109220006330176 0.3925457746439075 0.42311735492881114 0.42988158097845397 0.42165578943801657 0.4207973808451902 0.4054923524041228
0.16397642986896568 0.16268028102495483 0.19665234486797029 0.20677174483685545 0.23904476935741126 0.24980330346201265 0.26280300782092325 0.2565148757266548 0.2785694078647405 0.3166044238610083 0.31773665575908716 0.342421633522935 0.3746138477272433 0.4244879639867619 0.43720509952911296 0.4207473720023138 0.4441672621415833 0.45465918247202614 0.46494885141170067 0.44006700672599314 0.4439105091311818 0.43908133057140386 0.4226196660301553 0.4301268477732725 0.43298847021464076 0.44499616083785937 0.4502914280503917 0.42504307351354337 0.41133017461395577 0.41898031983397266 0.43459573934611284 0.4374401724449727 0.41481096630599346 0.43078001387845705 0.3823539672141206 0.36779201325293404 0.37204140645343686 0.4099611366711761 0.41536246736092014 0.413144305495779 0.37244996538551345 0.36251695064343603 0.3577543051192241
0.158613646133317 0.15456545005052497 0.17070971325534057 0.1962154493070232 0.21045505286455948 0.24021456670668015 0.2503122670289524 0.2727036116914342 0.26757843024516115 0.29946494860816925 0.35092807164545003 0.3566818617447042 0.38891044577981365 0.38429927500191086 0.41786899833975527 0.4249967674692799 0.4481259474480798 0.4403680733560572 0.43422288761366773 0.41748006715860714 0.4059434023509241 0.42385325201918866 0.3945091140018913 0.4227727758280753 0.428796381685886 0.4203881479861542 0.4044637103982794 0.4189572332460827 0.4074171626746316 0.41216763447538235 0.39659103197230006 0.40804143501064155 0.40971594428360797 0.4149925784460053 0.3899874072614079 0.3687127464480625 0.3504866069037363 0.36765966369620123 0.37200076859775116 0.3547148722709107 0.361938031215724 0.3349658616985094 0.3442277468067281
0.17300904355435032 0.15186714688080608 0.17119425133269928 0.21191597885235705 0.23509596998980392 0.24908411759668744 0.2534287492748523 0.2544071948112557 0.26041452655859193 0.3181365651275582 0.3407536682907989 0.3412037548882831 0.3681760545706294 0.3648140558076365 0.40914379395874517 0.4338213366549383 0.44862769909531897 0.4400508208074949 0.40670845667232397 0.3639357816772812 0.3778408622779338 0.37178746625035397 0.38313743721831867 0.39430056961367 0.39203785167677774 0.3935960204641082 0.4114073552991812 0.3998739936640965 0.3974367488526795 0.37752787067303395 0.40281165251294515 0.42705130988104384 0.3874351343550865 0.3914241091574476 0.3904215490203245 0.3674749996209102 0.3695748154671151 0.337685814450716 0.36053398475820836 0.35520194716834763 0.31717512068992687 0.32446596045867326 0.34077663358986265
0.16431473625807547 0.16912448419394238 0.15798425141085454 0.2008739380011833 0.1997089287061935 0.20319159570336806 0.21768306174900307 0.2448990162302588 0.26288670340775494 0.28633703272307204 0.29330301248804386 0.30088676610372933 0.313311571136158 0.3542508387905455 0.39465858583080665 0.4153189828312432 0.41323823393402875 0.42592977726782166 0.41306291737075707 0.3772787037718486 0.3714281287906304 0.36937640531956045 0.3975755394630179 0.4059004818778649 0.4138305901939898 0.4087501859592848 0.39719050674429046 0.3781806564540392 0.3601379491759074 0.372967311717088 0.3611442122418796 0.37479865522127487 0.39309928452894094 0.3643731080025456 0.35221238379556336 0.3463502344427204 0.3521966741185478 0.34503232410845497 0.33278935869968684 0.3174005214306385 0.3117527887954569 0.327891632948503 0.30114220700269767
0.15702410776748138 0.15211771261250231 0.17955362880248948 0.18447591982292336 0.18282936195740276 0.16312579062768104 0.17636816492957852 0.18343260757245633 0.23332859641391648 0.27381959824919305 0.2951722265885067 0.3053307430351447 0.283612701103417 0.31766796452707957 0.3487129730497068 0.41458749523192717 0.40758667177472396 0.4139153355341889 0.3775674813346573 0.36237713507637276 0.34745085297668354 0.3627958893796058 0.3974087609126298 0.41121334551260746 0.3990754820349027 0.39378184729358234 0.35605916550824784 0.3579673761423127 0.3686300161092083 0.34514880655673447 0.3447203536232944 0.3753402487967648 0.3463385812466399 0.3398571308820382 0.3304918021292065 0.3240698669901523 0.33427622545485003 0.34777504838837003 0.3199046638755797 0.312068739503109 0.30575268149292956 0.30635459433079004 0.28404117689910574
0.12333738939579388 0.15064961059371246 0.14869340169741738 0.13895919926108452 0.16620536420909252 0.16922431275324235 0.1638354722945635 0.19131444552087826 0.19936300905013715 0.22502868508639312 0.24448706137097245 0.2774988554089094 0.2765895660706092 0.2957479852576689 0.33393909272173516 0.35771329718415945 0.40168715561051405 0.39466751900848485 0.3766144413998801 0.34033737752353715 0.33415445585744785 0.3424780009764904 0.3827116128325065 0.37482986447746897 0.3695652740459508 0.37507287832312153 0.3243799417495427 0.31743540380845076 0.3247206552602801 0.34489688393711915 0.3395394600297399 0.36241622550779934 0.3494284545728205 0.3082853674002689 0.3180626691338956 0.32764252730037696 0.3545564146051275 0.32184172738630973 0.32424476887092357 0.3265035748432099 0.3016181943466375 0.30480951221712554 0.27123993765490995
0.1458858585865025 0.1282340036305353 0.15349616131165392 0.1321229787238494 0.15438751863458924 0.14214109243230438 0.1622904597452911 0.17469920301237818 0.19857581473110897 0.2482672920072869 0.2419146672383791 0.2243796585075301 0.2745839574315827 0.323610092935903 0.328349300427519 0.36659138874185754 0.37921620269787537 0.37515123321467786 0.39494308295122965 0.3712246832939759 0.33526859348817656 0.3252482630670999 0.35695058862129275 0.39111206259497827 0.3444074326134428 0.32975734440246607 0.33202488463733404 0.2981286936192735 0.29312780550395046 0.3130659106643301 0.3188986832844106 0.3245650384971533 0.31690797492566847 0.3084992850518764 0.3140674600547856 0.3545963231732982 0.35705451302326996 0.32457759266463826 0.30420702170594804 0.28416850136906485 0.28298240402859604 0.2661988425683343 0.2831067251261239
0.12945900168329996 0.12130127696214602 0.1400522613679382 0.15845150702688435 0.17440648439552184 0.15072688456408004 0.1513996125584257 0.192414001778205 0.19434582464450925 0.20970786608071115 0.20494707870104437 0.2579552561693709 0.28226262651584644 0.2953904841557067 0.3132182805389007 0.36948997019451313 0.37079424821559437 0.38568598010078103 0.3724107081977801 0.3616906485714128 0.35252857739409 0.3505818678507806 0.3289214821029464 0.3237376178357587 0.319856586733973 0.3320160381202529 0.29827380158083494 0.2954732278354971 0.30320711427100616 0.2713311823526496 0.2836222565664929 0.2823315463212847 0.3049246590335068 0.31135257623364915 0.3133227836608813 0.3298830805126735 0.3219516459713123 0.3362126654887741 0.2893521822442497 0.2740088635506919 0.29127750716655537 0.30257435085840273 0.29242257833742036
0.14213680453952904 0.1443317460634967 0.13465928734300425 0.16747374308367574 0.1632429479680576 0.18407286581625595 0.17782932276727123 0.16287703545793433 0.1906308914003336 0.178691334403063 0.2139482905433978 0.24315610974003735 0.2513378018495077 0.2920643673120005 0.3260082209811484 0.3477323055490879 0.3782630801467825 0.37953661951230233 0.36904205320673267 0.3797368132162346 0.33164809979631016 0.32195884780012135 0.28949933044878384 0.28220776386631613 0.29060959825241295 0.3056345090341167 0.3128714341924492 0.2773096855708348 0.2890184827935637 0.25879371083877944 0.23932372704661514 0.25450023690046425 0.297403626791538 0.2980071253491155 0.29490771921817216 0.35018896081805306 0.3351813488757353 0.32465744350196174 0.2938343940099903 0.2821802814277088 0.32001684978339046 0.32570327321712994 0.30945035382497943
0.13462004447224163 0.13242156605583366 0.12068072988308333 0.14980693560803446 0.1625853472054372 0.17410215917653357 0.16160066866985429 0.16353076262848526 0.1914452011844247 0.17688297051035476 0.21740326358110837 0.24548694575921665 0.2571675545487573 0.26075090612707613 0.2916221137256544 0.33601616879704804 0.3340087782702689 0.34873344197964623 0.3687128706399181 0.3628138571010513 0.3327878123480696 0.32546358727771596 0.29666158070381254 0.2578212900025426 0.25765681309107835 0.28560484452975937 0.28764619339689634 0.2675535209025339 0.256184747658811 0.23303083526999044 0.24476883436594102 0.2584439528923895 0.2747071487255887 0.28848646559891006 0.2950556240689243 0.30458757999715985 0.3216028724799553 0.3271861577812541 0.3299314831456176 0.3141071534271576 0.3154825301154784 0.3197359868569076 0.3002675071173919
0.09610314661887437 0.12697655781529066 0.10486423521893051 0.12075409527675436 0.13061297800967686 0.12230181652171355 0.16548101203223467 0.18848408627343005 0.20050497732225084 0.18489846814585809 0.23236677853829668 0.23620562430471875 0.24536661269690851 0.27421341664058124 0.3094811992967864 0.2849633126116695 0.3103062220096585 0.319228968620432 0.3504905041112337 0.36188924148690976 0.32643513189711826 0.27965922907230617 0.2603788583240842 0.2541131021510928 0.2454565874616494 0.27485578621398715 0.24731312103800002 0.24746052722959283 0.2563585790981338 0.2313246800209869 0.2395143120144634 0.2178521129110765 0.26276129975882473 0.26904702913499906 0.2895176477377831 0.2781935609146276 0.30556973548987515 0.3108069172330591 0.3279893037894393 0.32958985789258183 0.30594262153527374 0.3010625843362407 0.28465582347977947
0.09868747360633377 0.10772045477196365 0.09621484425414814 0.10964487201115167 0.11493817814100217 0.14405877665265138 0.1307357509564377 0.13587292603410972 0.15528029682180872 0.17050894825252053 0.20425970791459216 0.25893258636556693 0.24893710773438502 0.29945517378682746 0.2999943333831723 0.28357743990875 0.2951941609739862 0.32161714078506587 0.3250867638712518 0.3357663221042543 0.29615371190702466 0.2983873837483883 0.2671208792289621 0.2731786366431392 0.26226768314889254 0.23906951966105566 0.23403633971814172 0.21542992166336478 0.23784370237477195 0.20777474738834675 0.21422208965942663 0.2414964265308393 0.24712037526700742 0.256498188367211 0.28242304711787664 0.2934465544415147 0.2774142914217457 0.274214028739673 0.3070676818400612 0.3118333078492877 0.3197915168492183 0.31783108417939726 0.27953039824717196
