Raster_benchmarking/DGGS/continuous/raster-96.asc
NCOLS 100
NROWS 100
XLLCORNER 1743149.7637715954
YLLCORNER 5469293.508085729
CELLSIZE 10
NODATA_VALUE -9999
[rows 38 to 56 of 100, columns 43 to 85 of 100]
0.42762919595552384 0.42188951809892933 0.41368492125787215 0.4362708777818212 0.46368528230944345 0.48110460384761067 0.44323836034163916 0.443362079330894 0.46463741876104475 0.5071776007916482 0.5122613840846514 0.49459281649381054 0.4540663136952001 0.4327749779492463 0.415586148705694 0.4235741285983302 0.43136418508134616 0.43276399038158614 0.44969027035750336 0.45484321577328946 0.4656110808393384 0.43380994635227693 0.4545566083932676 0.4377593803468599 0.4329649943094155 0.43160408161360025 0.42761927646750036 0.4192488317699003 0.45346580889374005 0.44891417136423195 0.46771987699906054 0.48981747731459413 0.4615666626228942 0.47536079237327966 0.4698084183753384 0.4554726846011117 0.4680481440517846 0.4799683165272459 0.4894212077317737 0.4677492741670275 0.5008736006895502 0.5329305162752409 0.5566732611012415
0.39762495252279995 0.4234004801727778 0.42492629599752446 0.4755667301684887 0.49541672636261563 0.4851954989456232 0.4763096870659573 0.47581684949244707 0.47827128395870355 0.49406710959500705 0.5231374782251207 0.5208143092382167 0.48699522726548056 0.4399419366113391 0.4449796599265159 0.45262306175826167 0.4425243761030241 0.480777288913025 0.5096641153213516 0.4878307380817736 0.4874280870474782 0.4475360801685611 0.4434921840844758 0.45960385379397006 0.45514242211144007 0.47857609003383494 0.4720760537301897 0.470813994598716 0.44984323618904937 0.44505023093134044 0.4512413465761146 0.45412399047787566 0.46509053732239075 0.47990740262669795 0.4706545149890362 0.5165363407310037 0.5113966247488246 0.4972498546143207 0.4982466897751398 0.47364716869101814 0.4909296525287138 0.5034578108267067 0.5372210912363665
0.3825213848905757 0.4036199491048797 0.4552042744518149 0.48523924619558756 0.4842439481233179 0.48274731913586727 0.4856917946817938 0.512201644913481 0.49022492879418234 0.5095523538292849 0.5468212209782327 0.5365413596636985 0.501772454340185 0.4779254111222364 0.46780944595151747 0.4942972268798425 0.5030861533587795 0.48748177033910367 0.5228503511011987 0.499182959107063 0.4753638354661392 0.4797870598657722 0.46801778670241534 0.46513175002671275 0.4953109784694726 0.49764474136023384 0.4825917711241191 0.49440675848290283 0.46724655117988984 0.4728630646991737 0.47828748700434426 0.49591690612323497 0.48132663570334233 0.49802697682893815 0.5419631231846065 0.5491854617294133 0.5322875359022092 0.541181098379063 0.4994316417940367 0.5067076725688683 0.4848691932038052 0.509096766719382 0.5377151540455898
0.40715562654042187 0.41124656105954743 0.41931462104142536 0.4792806845590171 0.5153512141070524 0.4937797357601701 0.5119226370015 0.5220860642782756 0.5031769020926709 0.5267054357896013 0.5340175837438542 0.5573439885387895 0.521782027003416 0.5189219896116595 0.4951453790595547 0.5050773749424575 0.5074257460601846 0.5363375468743254 0.5073891368465893 0.5028155084180392 0.5181269990826813 0.47701183763662675 0.4774942535608423 0.469866102243054 0.4973213318136053 0.5158525635743788 0.5233277085023382 0.5354844709585755 0.5087432499177644 0.5260271316684859 0.5237555650823985 0.514115276933733 0.5190702841433203 0.5382191547694236 0.5816173166388612 0.606813736159916 0.5946902829219387 0.5687386204310244 0.5386211188972748 0.5135346409647136 0.5149023532884438 0.5329626849915691 0.5824643531014694
0.38645574541509176 0.41417692727932476 0.44499517724903725 0.49543347921366576 0.530251419606809 0.5165147453539891 0.539709607474112 0.5329196458169353 0.5470935649730081 0.5530173364779375 0.5344047924173776 0.5719785395739099 0.5492919345183682 0.5574045785793768 0.5452424413623297 0.5211257167967033 0.5378884609956821 0.5608535987300702 0.5466649670551103 0.5227961871746362 0.5056416627326272 0.5088053864896979 0.5166739810093085 0.4966521218791651 0.5064983614513555 0.5134700851265892 0.5226363779434731 0.5248920685867734 0.5338442609713562 0.5377945285086688 0.5671348410230055 0.5675136068938849 0.5542539724603821 0.5718148947740481 0.6205285626034635 0.6335209670921904 0.6229064182888133 0.5828242833315962 0.548423717222833 0.5617128600709916 0.548500035435211 0.5630077959872173 0.6092031900408109
0.3842007426201865 0.43528211039381814 0.4279369517581185 0.4802909021613304 0.5476891152047336 0.5491622737468607 0.5374474760214588 0.5467255860313867 0.5587804823700091 0.5824131430753192 0.5617067381132711 0.5747106647822727 0.5829687507435167 0.577554713359086 0.5672752302778457 0.5612913874190096 0.5985347335706105 0.5779970327698406 0.5429316073049911 0.5429242139111659 0.5494514929930633 0.5210908679003972 0.5442814146483453 0.5199118853566868 0.546703430774641 0.5515598983987164 0.5467389660038714 0.5582061704678227 0.5505687454112037 0.5605945096760455 0.5912569870489682 0.6031627891992067 0.6109277755954013 0.5995219366309998 0.6524146963651023 0.6459797092536539 0.6329845637265387 0.6065395211283651 0.5820487575678635 0.5835529512131928 0.559367887245613 0.574145215367439 0.6352097220786744
0.4307687403915917 0.4339408457264987 0.4622891803475503 0.48252714794671775 0.4988152816273932 0.5396903848036014 0.5617068873307378 0.534662672434711 0.5415993932326352 0.5763684984165881 0.560462166746023 0.5947144354146225 0.6019331143588524 0.6153698614287219 0.5856377169611123 0.5926968168528163 0.5944053515082042 0.5665286945863128 0.5637407464500477 0.5459910211513795 0.5349565249549806 0.544070651844256 0.5469141650041511 0.5566011395697662 0.5667599404532094 0.5616093451400861 0.5619026133875219 0.5694629241282397 0.6011087457461189 0.6180334222299384 0.6266820541851521 0.6392583506067154 0.6480473029937096 0.6523542856176289 0.6726969870243251 0.6431774987433602 0.6229237764150399 0.6303631929746727 0.6088148433909226 0.5881807814490236 0.5784244901548706 0.6294083145545334 0.6558824384679282
0.4229741699673151 0.4495769694709817 0.5028900550484081 0.4826043061851258 0.514624442232795 0.5574695803512404 0.546089855187041 0.5798967339690139 0.5809141862752858 0.6090244403215614 0.5927517882554701 0.6303430065154029 0.619435567520522 0.6309164042019265 0.6223539091337775 0.6306890912937286 0.59561572993448 0.5904296619411454 0.5884505270169769 0.5921242393871018 0.5850008452181512 0.5706682823293421 0.560015308368744 0.5850345481903243 0.5806478899729559 0.5667134551465011 0.5989373405358405 0.6180991886280383 0.6295937235169865 0.623605521553823 0.6577767893069957 0.6649230031622589 0.67906696260953 0.6975216078964539 0.6726833955443308 0.687017592126536 0.6725788099769888 0.6443752409548951 0.6178214675392668 0.6141577855719644 0.6214633366828665 0.6274492325635934 0.6675127845814736
0.46080506795598974 0.4747982890962392 0.48139963436498007 0.5155507383344428 0.5171545928730169 0.5462281404463818 0.5914238403254058 0.6027335952157928 0.6163995044821425 0.6196507317574574 0.5937808290731811 0.6250074852234446 0.6438272080262004 0.6356106653756683 0.6536224538432409 0.6427322346760932 0.6442797210479768 0.6118169749806444 0.5781571734255893 0.5952331405296002 0.5945366284223309 0.5913092852390237 0.5685863253276364 0.5893079778626875 0.5975053323174042 0.5820238800014181 0.6176954205179572 0.6261672028845903 0.6430521965150662 0.6481229770188529 0.6829210206070342 0.712895433108907 0.7142944367769144 0.7007465005953013 0.7133397707939643 0.7036158625619682 0.6795430716009923 0.6712656050069193 0.6562378039706447 0.6573823374503528 0.6586215771808728 0.6531153095112441 0.70063857309424
0.485270255088568 0.500545711681679 0.49424705342971975 0.5416238959674303 0.5452142723272633 0.5631385689541738 0.6153922001792629 0.6112716871332151 0.628754407066155 0.6192866132494124 0.6102705789833056 0.630011988708583 0.6528719256344441 0.6394911944623273 0.6620816161457219 0.6700577155488457 0.6412633606814301 0.6147516122555798 0.5793346373897282 0.617607637645199 0.6251213593042583 0.6074238854605822 0.6027951691997122 0.5814366481446723 0.5891773452076356 0.6013671446600782 0.6020781853018076 0.6259956031420789 0.6941362455130271 0.6835960458829007 0.6826802588243431 0.6963347915072521 0.741937311211437 0.7112831936102628 0.6892711229002181 0.6995996639820689 0.7016400249321483 0.6954244873465548 0.6753588493618043 0.6797707563880295 0.7059651804252055 0.7193966398190524 0.6971487006318872
0.48766058870684437 0.4866159346295397 0.5196658570803816 0.5591272754004646 0.608859047566794 0.6296479533626939 0.6492993705757649 0.6698120062527241 0.6540796677320535 0.6557609704628482 0.6419529326097101 0.6286521648319338 0.6382301819185453 0.6742188770073214 0.658258893210537 0.6510973942202827 0.6247959085364998 0.6210073988878992 0.5812766073614969 0.5993100401084266 0.5996787618581526 0.6113906144817166 0.6149368048325264 0.608015925248342 0.6166391810475909 0.6459775434086222 0.6291446878903418 0.6679268847079464 0.6892668551497163 0.68600531620597 0.7017226879407344 0.7129460173143 0.7284904780841717 0.7341273547244395 0.7009320402321095 0.6845086065158649 0.7303766051155612 0.7320974364030751 0.719135550072232 0.7294928265854989 0.7410570653508809 0.7362901243706034 0.7300247841420308
0.4932499778898207 0.53496451764434 0.5462476558305595 0.572669366062897 0.6227754061092718 0.649562358881938 0.6629014002851766 0.7043759641042694 0.7087189402171615 0.6830406172836901 0.6573532180085699 0.6306004534208406 0.660094452632347 0.6579281836168551 0.6493721171744503 0.6494363319354145 0.6152399497420805 0.6106812815162957 0.6060343373258064 0.5932077888321364 0.6064898425287387 0.6218793697480255 0.6568928825281358 0.6612659300942981 0.667489860958663 0.6739252539891513 0.6613326698408908 0.6802896734856432 0.7311092708051534 0.7130955426939267 0.7054986600225268 0.7269303741531962 0.7031651177040026 0.7105810853768958 0.7218486475524346 0.7044875829612111 0.7136806849247751 0.7564482874123091 0.7487915041211325 0.746056447460878 0.7323197609358743 0.751219021636065 0.7884638180448915
0.5046145818450538 0.5487737393898019 0.583689770393261 0.597687027200229 0.6433575340232137 0.6253994071877794 0.6506615954279009 0.7016824631557567 0.7025321032753141 0.7009292332511778 0.6836584489437005 0.6664479483125747 0.6628859041466789 0.6390011277700532 0.6454090186568197 0.6266736679755173 0.6177332454353854 0.6173908102390024 0.6035699284060998 0.6149619419805019 0.6265611252813016 0.6160603969715376 0.6517859347294104 0.6492659583904445 0.6759630234024958 0.6827162476663318 0.6998818040221177 0.72444494030775 0.7157747410877322 0.7211837200634988 0.708652564941934 0.7287338864863022 0.7395007530311979 0.758503769882353 0.7434878500162969 0.7623094200387018 0.7365333423195985 0.7629899117316618 0.7648687849846385 0.7644775817734865 0.7936356764107766 0.7986724142667723 0.7987120406434994
0.5181450700836157 0.5547466671500415 0.5790573793603133 0.5982232290788442 0.6392507096474992 0.669503043399301 0.6663655054696076 0.6911295995902439 0.737300531591765 0.7071872723814537 0.6704219679956698 0.667705718940527 0.6810985776070398 0.6396517446834532 0.6252743416620558 0.6529686830770045 0.6459004464251552 0.6164232015707993 0.5943122509532288 0.5953031682640861 0.6056827534966062 0.5983705225712818 0.6023301075320178 0.6247654149057016 0.6592470664673676 0.6933157290907335 0.7116790193068997 0.7273692510044187 0.7563770817210006 0.7255769328702139 0.7316469015075335 0.7497265708678815 0.7609069468457629 0.7913307316126033 0.7941928069032653 0.7773055708833074 0.7855474102797187 0.8017262860384663 0.7651650869779912 0.7746990434994244 0.8093070393602148 0.8266172281862554 0.8343991829576619
0.5506119842870313 0.5598953982566052 0.5999842927023459 0.6363716198899083 0.6516348419585479 0.6902689097982313 0.6920548029903194 0.7056850640801515 0.7320762380524001 0.7180789737835432 0.7068924797523726 0.6746623775886728 0.6757050969877517 0.685861420945293 0.6513617854819932 0.644704842291611 0.6334958581302177 0.6215031596256146 0.6107262784268715 0.6064874756019683 0.607179479315163 0.6022172629953125 0.6148306393910234 0.6282925520198008 0.6471172527806479 0.6639694555698072 0.714526578915147 0.7403329586287483 0.7377145090199481 0.7265009163219712 0.7255209137976435 0.748390027182485 0.7469752255102995 0.7785655308154421 0.7742168179955287 0.7962587719606058 0.8210988766109585 0.8124632198926247 0.8138561233897817 0.8143244364278189 0.8140104394838327 0.8193597918272205 0.8091363328022788
0.5632822284607715 0.5898922584277196 0.6299343504179431 0.666747612457785 0.6806025743625249 0.7079856058972848 0.6985892996200562 0.7404047974446741 0.7313180509614626 0.7136375620897597 0.7173071849477853 0.6827202576505492 0.6895271437933339 0.6709822111603657 0.6768593177068043 0.6730783947004642 0.6471326614605448 0.6420861386855029 0.6431607244770071 0.6492449426874402 0.6485910426934755 0.6536279134109575 0.6222268460065015 0.6469919502355357 0.6251074564937508 0.6267374067877143 0.6719748291554527 0.6963978410574267 0.740669901211299 0.7122168954807087 0.7329755603596946 0.7636980186341561 0.779068906361629 0.7947481270948121 0.7806964713489827 0.793498903725665 0.8076046076912163 0.8086048726676435 0.8259865959696648 0.8194340412838063 0.788016899346535 0.8016368484992162 0.8416495566222226
0.5796291903541909 0.593122827193632 0.6390231945187749 0.6381438546725821 0.6522404385510896 0.6744141080687119 0.730100199353263 0.7484390351835125 0.7378907759169275 0.7011953124815202 0.6919512482566985 0.7155397274531106 0.6866972182025602 0.6999849476102082 0.654586524422156 0.6656313588366145 0.6652623058025502 0.6363861502994396 0.6540753503394403 0.6658718987968456 0.6437467033017766 0.6552442890846253 0.6455400194050208 0.6495893977470368 0.6327415180033235 0.6324349614357953 0.6427923940099598 0.7036422115641607 0.731708533636581 0.7293766757174734 0.7318010040530765 0.7765837929671208 0.7709114930876385 0.793085879059268 0.7913135658140749 0.8184002748845787 0.8066558889552234 0.8199271642483932 0.8272556453916484 0.7923497362398124 0.7958438474873357 0.8171144701496622 0.8229878720415477
0.6078645086986271 0.5879629112805234 0.6143039735471973 0.6323309433475633 0.6659570401732581 0.6835787391294522 0.7290894405797831 0.7534960361241254 0.7459299519478563 0.7008973625552011 0.6930397799575545 0.6855365673274053 0.7168814646144578 0.7039275760566254 0.6561605576223543 0.6747181527853859 0.667559732785647 0.6575154909122731 0.6423993347815402 0.6682489899716653 0.648684076788061 0.644275973365214 0.6347047448867438 0.6312404130247514 0.6332732506971532 0.6679978401743354 0.6479229102254762 0.6988167407089788 0.6964584885736088 0.7287675954078515 0.7450126827140174 0.7716843595751114 0.8077937672521164 0.7987057566218485 0.8002646338443287 0.8298139614841678 0.8223641755757399 0.802858749034455 0.8215574023914468 0.7998318590275194 0.8209962104810912 0.7912443726850975 0.7909046334800152
0.6040980945967048 0.5867501325846024 0.6074980664509598 0.6189252342032127 0.6539740664080617 0.6786650840238313 0.7032305987276055 0.7312603939487735 0.735476974282892 0.7074218419635254 0.7010330193482024 0.679472125908619 0.6805123854541684 0.6784284033624198 0.676982555705751 0.6566473444868303 0.668150468205923 0.702919590762857 0.6927808171120158 0.7067814285516439 0.7047134786329751 0.6712262440591835 0.6557043508217835 0.63620086291428 0.6473655231894552 0.6698655088292395 0.6807405139124825 0.679249327105727 0.7299694968630022 0.7418171692487909 0.7655199667217399 0.7751297138839223 0.7782695082837094 0.7880605038833367 0.7857428271000046 0.8023920962874463 0.8335393562427911 0.8252824249917144 0.8062384363529993 0.8129923339592541 0.8056555335279602 0.810724090839641 0.8218941721858257
