Raster_benchmarking/DGGS/continuous/raster-488.asc
NCOLS 100
NROWS 100
XLLCORNER 1743152.8500616816
YLLCORNER 5469280.931728698
CELLSIZE 10
NODATA_VALUE -9999
[rows 57 to 75 of 100, columns 0 to 42 of 100]
0.4222391217404767 0.42245252866116495 0.37618410152774645 0.35942495572169697 0.35689935236223025 0.3213228973499268 0.35343556876711807 0.31212558621277436 0.3261319454774672 0.31081495796406544 0.34736537585651583 0.36031710123903427 0.34199110741956534 0.32539340766611174 0.36276071857819353 0.397796209326924 0.38310578689725294 0.3892517352690654 0.36701640341412545 0.34695519555513465 0.3425292223288606 0.31859271749459 0.3200221258156513 0.3238380495095805 0.3126000025921361 0.316565139549557 0.31386816146480834 0.3350988123150588 0.36233868394751095 0.39476817136604636 0.3859786227195772 0.38290820853511776 0.42280274202601514 0.40081580877593515 0.4209894689926822 0.42604016376654635 0.42801970839007664 0.41420910189638177 0.3828928319118846 0.3897240690748234 0.3636261323958606 0.3391870851257716 0.37193070244030557
0.40881002410367023 0.4523802695378528 0.38803301792587896 0.3575755107120211 0.36388205217469716 0.33843998300362466 0.31758051383659086 0.32892622108392183 0.2749386083656914 0.2641122700354409 0.32408444885934073 0.3223515975288893 0.31195753531824905 0.30473337354380786 0.3678995144027207 0.3949635518611787 0.36509128170818483 0.3949317560354365 0.3497187571766106 0.36048770781848816 0.30542277913006105 0.2939668317279908 0.2667970466998731 0.2587384275516785 0.26759562113483226 0.28636409110585265 0.31075413510478617 0.2982798049364184 0.3090620979391529 0.369861775764879 0.39471247371777807 0.40696861557673764 0.40435661941948736 0.40864999608617786 0.3969072888972053 0.3710661177326171 0.4074066111919957 0.3705117638077676 0.36529114306961574 0.3532078557057229 0.33040239153451384 0.3272423521857799 0.34903361133127647
0.38684935920480573 0.4031456350588891 0.3873350180637059 0.3293711168230453 0.31453703413750334 0.2964720102736792 0.2880820808441669 0.29459773345683854 0.2696742608901717 0.27570677103150526 0.27443448694910055 0.27075490328638147 0.3107408869103484 0.28823271175420734 0.33277551443018666 0.34913399096731107 0.3387677632879989 0.319671386412275 0.31349967261416606 0.3366070898412557 0.3100460876854987 0.3070081949483422 0.2832233771286354 0.27509991480307006 0.26750291466626247 0.27355855843390064 0.25429875153136305 0.27915080281006543 0.30088913619522917 0.32270420162615426 0.33525299712046414 0.3355767906029835 0.3434754448369 0.3812015266521444 0.3643004605843604 0.3601324079890868 0.3727251693618769 0.3778036337359709 0.36683899163673256 0.32497082713564185 0.31520984433155796 0.30935548335517976 0.31357563736819266
0.368843792632753 0.35953143412914884 0.3499228053680167 0.3482866175370023 0.31238170941929877 0.299529861039035 0.2519515324044267 0.2317421631782807 0.25570306463014497 0.26897405261214213 0.28729202249963315 0.27033627332518756 0.2781701143830427 0.29593567853562786 0.3216809910300778 0.3066939464821184 0.3240308467828236 0.2822015595454702 0.2778007705318199 0.28076224303315045 0.30803972217732517 0.2812669223637922 0.24081185974788719 0.21277642067584182 0.21243708266407438 0.21621442486979736 0.2701884013161492 0.2844796308520173 0.30257704478614234 0.29997757160279365 0.29931795276782014 0.30363676380617155 0.30774215563273677 0.3382687666608562 0.34537142178007857 0.3900280162609438 0.3708474737423643 0.31751571508732923 0.34367581530072633 0.3564759710801248 0.3404036576398592 0.29869691703244994 0.28445207834195246
0.3266092403623127 0.327070860404561 0.3325205559406769 0.31154200178600294 0.2914331832544397 0.2788434728105795 0.2520013595100122 0.2695411924284939 0.262202738855804 0.24925311640281428 0.2829532860016728 0.2876936890566479 0.27317124410132565 0.2950628586248814 0.29165931181161725 0.2962310456675558 0.29496461405353014 0.29747937547175 0.292329893669385 0.2783916362954096 0.2825871354298924 0.2372048664715908 0.23489046520214954 0.20583030603607672 0.20033236205467514 0.2244545573976402 0.2638901675585741 0.25390011610527885 0.2649686868584871 0.2958916266465488 0.31374561965641606 0.31170163465017653 0.33668847745007396 0.32600301472144166 0.35866385393649775 0.3345497534346678 0.3493782181393898 0.33839765328891674 0.33462535502822977 0.3257748975357997 0.32945432703772776 0.28473140201568725 0.29092478354941126
0.3325095276049513 0.30739778533319795 0.2939592827190478 0.27565733724655095 0.25517113719410645 0.23387344967836776 0.2461030937698152 0.24446489172636743 0.23908686335043886 0.23681137775292344 0.25259286094613176 0.2774503162787561 0.25168869120609844 0.25326033921711755 0.2554316396592979 0.25903811600155474 0.296946097316426 0.2983494491370884 0.27764650742449065 0.2837618088898495 0.2523243984691832 0.22119859579356 0.22194461633429044 0.22073715641184175 0.18622017689828171 0.19952739377029002 0.22577802390379292 0.2711828433090714 0.2459259383487044 0.24947681598182295 0.2672796871720007 0.3148085682131156 0.3330131474193843 0.34386855630503277 0.291729859165285 0.30133653736399973 0.2967981086760118 0.3055768146041792 0.2985713206314472 0.314486495317252 0.3084478957524392 0.2699321449724796 0.27365801634936054
0.3407573341283157 0.3195619293044947 0.2672053729281133 0.2677150448916504 0.23241626846454724 0.21829874949393754 0.2053381354261095 0.20859539955084205 0.2177034472314641 0.22982630653666608 0.24804788194462052 0.26690894478570376 0.24405646283233282 0.2390122951612077 0.2558737836103773 0.23881975127693567 0.27894662105420054 0.26915266596232024 0.26946902126212585 0.22621805915045076 0.20285259921661802 0.2300104559228006 0.2278801009603882 0.24770865493592362 0.21732172533178024 0.23378233159491904 0.22596367084814098 0.2581646523254791 0.2526905754655474 0.24043960801864545 0.237597888850636 0.2635885592197955 0.25852896999927094 0.2642390693314344 0.2538039333261283 0.24576884604341553 0.27890112004325074 0.27035497614862053 0.25547819086673346 0.28983881666045974 0.268066679529442 0.2698541444878475 0.2817401022746261
0.3133581558502334 0.3281430324058659 0.2736447995629489 0.25022736791212397 0.24701619895001184 0.20772170546183283 0.20460556619730655 0.18316833324012008 0.17221423618661058 0.19606678295856786 0.23289884042390427 0.24683578508443835 0.24284066667155543 0.24101838288283298 0.22725342842720161 0.2215419275676672 0.21873550855788612 0.24131262505035647 0.21707083578013375 0.1894203051971997 0.18457163650194414 0.1952060219220498 0.2223700590190931 0.24770161605819843 0.21775990789759353 0.25444308103614455 0.24439595630408542 0.2026980945186792 0.228738840151562 0.2201096345670375 0.25157837772999997 0.24870773483421937 0.25776955435239796 0.22151692731850342 0.20887289452845983 0.21878517332803724 0.2524550414984496 0.20715585022015337 0.20882807556583932 0.243811995997242 0.26513065485012743 0.2632808957174432 0.2602303053119853
0.2882351399229323 0.28592033398235067 0.2819197533916254 0.26000975455353176 0.2342943559187078 0.20447653614190814 0.1567744085228653 0.18951038400198977 0.17016977090829907 0.1735729051598647 0.2242145802787707 0.2384276946170666 0.21652270354657566 0.2102347209948185 0.20180554750274096 0.1859618902616199 0.1786210628761795 0.21518456467298905 0.22039473282781644 0.18336387806196658 0.1750819917568557 0.20945622872463265 0.2283422437953447 0.2052667563124602 0.24211948291279475 0.2515634047139398 0.2207075876272821 0.18358813458783804 0.1754528001309672 0.20181057045361606 0.20534642819686974 0.24497966793426462 0.22911500462221443 0.23542239054184752 0.20939063746297837 0.24494483754743931 0.2217700630472563 0.21131756471950747 0.20675120530471952 0.2185019872972955 0.2210920051740148 0.24194589180511067 0.23589125890240653
0.26354021755721013 0.27274907774877655 0.27796733238548166 0.24668422315957556 0.22963719045521488 0.15799496456189455 0.16476668288710314 0.16680916162211723 0.14542680859404186 0.16700874723835823 0.17794997699337642 0.23446063279878573 0.22046222420226763 0.23444017677287288 0.21277286904970713 0.18564424847273991 0.17233505539560703 0.1599962178134866 0.20401307470621316 0.19811665658912503 0.17579759951055485 0.20826699807649962 0.22114592008153677 0.18262678780949806 0.18756396784128557 0.215883713091935 0.2058946576030218 0.21345416167692663 0.19955256865485752 0.15234222029637576 0.19883914973393332 0.2154464259897542 0.22282911000386785 0.18848815579511471 0.2045087653336239 0.23542307804172954 0.22805084873438808 0.18127274930186588 0.20228583878993447 0.19816981430293965 0.2060184511439052 0.19968299208882065 0.24052011589243888
0.22951050198437528 0.22103808706515876 0.2381215781515516 0.20283169212605442 0.20264553785532124 0.18982414533114056 0.16106735573615666 0.16285534159081141 0.14863152248907396 0.14596077569407281 0.17530931354350127 0.17550058254483414 0.19171244176935 0.19474400338416234 0.18371189639862953 0.1660355129503275 0.14835277486038742 0.16370447070963756 0.1726036170164915 0.16742618584220068 0.18600568898421563 0.19343724459077985 0.18947180124303972 0.18596938538430904 0.18494020382288737 0.18891629638186824 0.22880405615774593 0.21945876980281745 0.19623393518268023 0.1752965855958158 0.19539063899079867 0.17536691632231996 0.20208475457799988 0.2042646005767614 0.2085516914139702 0.2245720103519938 0.19316843025391672 0.21745710426818185 0.1921413669502468 0.20697979359289526 0.21662565491686936 0.20208579680499417 0.24950846611577704
0.21015599291282502 0.19325160614898823 0.21084407903147354 0.1733546077486427 0.209710032518439 0.20748263798018957 0.15714113440244112 0.16790580949279768 0.1695835153075327 0.1694614592948144 0.1507899959877976 0.1866209573846372 0.16892789231672015 0.18009680273479609 0.16142961599974945 0.18518600218475953 0.12456792276790635 0.12328574844880177 0.14258269714841112 0.15133104880985807 0.1967836314103908 0.19552254906303643 0.18933191532963803 0.1731766140336389 0.2053739717172662 0.2173146443064447 0.22489591754638677 0.18755177270061982 0.15744977144799996 0.18254499743682304 0.1637085248498782 0.1814752773294009 0.21136064989499162 0.2039474264883951 0.19583468641591442 0.19512619930123962 0.18653210460242783 0.22012935908778447 0.21113112387053115 0.23830803935448294 0.21499000495535447 0.23217614925799032 0.2611796509858278
0.20392850544358648 0.21675329298790738 0.17272635616373708 0.1964158995491206 0.21161080861908024 0.20811042629888774 0.15183485723124368 0.15826266271588527 0.1177682946679585 0.1279471836164372 0.16647814958150897 0.13268303029408868 0.14455046387481904 0.1205642815059626 0.12774280719805847 0.14137540372713955 0.13216078247505256 0.14435561078033102 0.1446194384019318 0.14738576739805334 0.16942197348144547 0.1533947569037743 0.15949991177501915 0.15218964963080148 0.17196130220994812 0.1872363380039216 0.1985810651458449 0.17272936729615973 0.1557242066696314 0.14373143171801378 0.180039923421008 0.20551486400603006 0.18028394401388867 0.20247261087745333 0.1719001524124174 0.20788039804785455 0.22094912829601707 0.19967953416358367 0.21542471268316934 0.20993363444821717 0.2278500766141938 0.2593447018229965 0.2486180396177616
0.19315577680258747 0.21767387713038866 0.21908666604604324 0.20160146840388132 0.17906403713934826 0.16977214129073348 0.1526205360299279 0.10185894867840635 0.08163321299795263 0.10563160003291525 0.09985401988932541 0.11061236925682008 0.09806244166332938 0.12095110472017018 0.09319375328557877 0.08646330969879513 0.09562875497663882 0.1213127519645724 0.11809880340933836 0.11555857308227196 0.13000379231352954 0.12208463521019662 0.12241698933185922 0.10978284738084355 0.12908144322705561 0.18407614933553376 0.1759863737462393 0.15163788941951975 0.13455484945316737 0.14971713752838803 0.20123313439444984 0.2153312794604293 0.1855720281142189 0.182954678537202 0.16651413241676505 0.19385049013656802 0.196261410279619 0.17994046182803272 0.19425590411238894 0.23509929074464744 0.26797413914621815 0.27118621528416276 0.275024683570378
0.22863339800626784 0.20595361713545887 0.20700777954863875 0.20007084830383773 0.17109126352256304 0.147650112369792 0.14136208312756116 0.10714838306431325 0.0805843300680002 0.09894868305165902 0.09633745710445411 0.08415139281014926 0.10517783204781984 0.0772465842791279 0.07706493617655437 0.06811416334920897 0.06581752485504204 0.09629416068971483 0.10002545252785071 0.09528639204544172 0.10642563730062352 0.09004625759061911 0.1062052591837487 0.09418319196940657 0.10983755051886732 0.12082794806429271 0.13000042392629177 0.13242299590274287 0.16062247168795776 0.1866235195821198 0.19597194065077284 0.2171544761459845 0.2101805471517399 0.19857069577201644 0.17832503752395074 0.17902381485943267 0.18743253875332924 0.193104264119827 0.17545384052715127 0.19652223913331113 0.24504517656432986 0.260317825304376 0.2571947389528593
0.26648947287442803 0.24872467478132126 0.21945705879792377 0.23861636274735484 0.21296494882666672 0.15772385823930649 0.13809686932529777 0.08917615169501626 0.0972329360721423 0.1091015180784622 0.10013869595413177 0.08132650551966138 0.07033744246099083 0.05385792188996274 0.03588786810163171 0.04261416783760578 0.05428695919393444 0.08822026044924337 0.06092030406659784 0.0881645571220587 0.08392475637968069 0.08137927827582817 0.11529297956974165 0.0897502639912998 0.12896681437070934 0.13665788650401486 0.13884724193247308 0.13596928977079353 0.17021503305133723 0.17574951641949976 0.18759957927625692 0.18913120709027767 0.17617660735370078 0.15720304211622754 0.15118759728662048 0.18304929258563404 0.15948690006495217 0.1660559059786946 0.20507517975388273 0.2156979703272285 0.25514741556503395 0.26084309925460275 0.27823272629979334
0.23701459964229366 0.24069212701163886 0.24853487280435435 0.21684192240957598 0.20800519266250211 0.16433119482836353 0.13440468476331827 0.07352599961696159 0.06589628143674248 0.08873819724756397 0.07084714180596349 0.07354800614238212 0.08679558498673569 0.04552304504499523 0.03830457267325981 0.027621896030050157 0.06516093173747081 0.03360806094562884 0.051659344677315824 0.07284461462837508 0.1031113593004702 0.08672935214182896 0.12068712690973837 0.11716109807436877 0.12201842817234472 0.12354669344712675 0.09803010652325228 0.15101496170813067 0.1373080617595306 0.1773527018261814 0.1831951710991019 0.15708639155225135 0.17170658792887936 0.15928934069793593 0.15219786517142408 0.1684991289347375 0.19408507940458444 0.1807138384805785 0.2253377347136317 0.25520263557396927 0.2862890200773774 0.32987144409502156 0.32624138106091466
0.23990903050848833 0.26940750376722294 0.210539138571867 0.19755556329116103 0.17854315720429462 0.1535826880090951 0.1385914795877634 0.06189027894761732 0.0712768665641776 0.05646398883115253 0.10131321054165243 0.10559791642624644 0.11486249045396021 0.0700198189177287 0.05266216619191178 0.05488980046698841 0.054927888480676215 0.0 0.026164675400941754 0.09964334795892134 0.11911045730035442 0.12268443357894551 0.1306116698177431 0.11805202224311281 0.09508374569789584 0.07431245141247658 0.12409313616052009 0.13651246128429073 0.15873199251498035 0.15288739079242267 0.1452601342059931 0.1406413126430104 0.14317507506927388 0.14497141908828096 0.15650238946913922 0.1743218667099707 0.20164691092705503 0.20528689633946867 0.2212414585442997 0.23721527344688995 0.30284549066532973 0.36373176179827005 0.35109907354857095
0.23894944732494372 0.20887600264213166 0.20016583502787336 0.20293118648498337 0.164326135728245 0.11827581372405854 0.11692969470251398 0.09360379848922723 0.08457357027344968 0.10520890288779244 0.07816829434161539 0.08736360564322941 0.10956256698106484 0.0767207475189673 0.09519371461558744 0.05096093467119982 0.04442332861382168 0.03682301645678817 0.03431697856095261 0.06673455093228114 0.10723744116289238 0.11120822090172405 0.09492335117012614 0.11299736181317147 0.11470550335770201 0.11211386494362002 0.12084576574187543 0.1391876604150221 0.16289350966123253 0.17045810549932514 0.1509191753028102 0.14409846470074245 0.15460077810961578 0.17597206575820926 0.1849618549641098 0.20561097298212694 0.18934661060851118 0.19644740137104483 0.23462751717657787 0.264271015815882 0.28114222459112503 0.2921361335801395 0.3065770231615582
