Raster_benchmarking/DGGS/continuous/raster-263.asc
NCOLS 100
NROWS 100
XLLCORNER 1743155.4929049243
YLLCORNER 5469295.27957119
CELLSIZE 10
NODATA_VALUE -9999
[rows 57 to 75 of 100, columns 43 to 85 of 100]
0.22181381586081836 0.2159057421230743 0.17188655040682857 0.14407035095339044 0.20586700738451455 0.22572419863443946 0.20825177617432947 0.1833211478721972 0.15469963951557636 0.16949029737522975 0.2512099746051122 0.26292245965222694 0.324458990232726 0.36531543301838354 0.38380143103314013 0.39834956534804433 0.46254822377810634 0.5054616719489377 0.5271997701685621 0.5858117259629232 0.6165566896146499 0.6769765731361105 0.6820413782798643 0.7046639426570235 0.6964515125112117 0.7133782945554028 0.7097664761715986 0.6663713808792184 0.7129966960568387 0.7703138803339922 0.8294968235475888 0.8159522318872134 0.8571549829718202 0.8638711454442046 0.8663796090616503 0.8146604505744174 0.7957573932098976 0.782931557470947 0.764481674688988 0.6950972771077408 0.7065275447306064 0.698543811777784 0.6752113023982173
0.1986607881440952 0.18477530568630188 0.17327096351124516 0.12848265607633164 0.17595348679895792 0.2008947106763334 0.2052310534805195 0.21911752877742535 0.17183230873211278 0.18239056446951163 0.26436698815326937 0.2741045349891146 0.33668289868822504 0.35296086238950347 0.424799730499274 0.44588329990397146 0.4789095957387872 0.4821886836511379 0.5177415236706365 0.5519280749658011 0.5687049305188593 0.5995516398034658 0.62357042494247 0.6090824791834405 0.6579063265370639 0.6953692291772289 0.6768882741911982 0.6964435998482321 0.6946374730606701 0.7718443750115899 0.8021719768555091 0.8192292246854509 0.810598900457106 0.8129185943667002 0.8461007077652022 0.7827556118531955 0.7949215109272072 0.7553085046308995 0.7746032803011123 0.7513100808875592 0.7228039139464633 0.6688760019130372 0.6919611451490492
0.1386319873549427 0.17036237754474515 0.15524746982083326 0.10562974343841114 0.1652862074955331 0.1817557197766712 0.19464415460963824 0.19630277709795207 0.16660344356195814 0.20684258898232252 0.26761791990435174 0.2983312356252635 0.31923987115709557 0.4012833355221792 0.4137419191271578 0.47832453034431804 0.5176661635568397 0.49742213824326836 0.4984396538682186 0.5406523349370654 0.5846959613472503 0.5845492603884725 0.5694675011813889 0.5692945012599758 0.6279464931248048 0.6361799858559652 0.6349035509775686 0.6628290771646699 0.6808449230138535 0.7506884703765923 0.7915719818306254 0.8127054037826887 0.8036925753756919 0.8366534022622234 0.83075947169833 0.7556512617076496 0.7677964350929478 0.7771332692682378 0.7578999076038585 0.7393938827835999 0.7089953650537577 0.6491514718259552 0.6496411402341297
0.1286497949582523 0.12412129282814806 0.08290820137418616 0.0991708902163488 0.12728848009334906 0.16282650960305467 0.16974829539509143 0.19705032165256373 0.2021704690518591 0.26072905300694116 0.28016967965906237 0.3063947423156148 0.3263464889627194 0.38442133332807493 0.4218915220850552 0.5025733838737219 0.5170643087704584 0.5118777181496117 0.5257379277554173 0.5603341419873452 0.5793367897288132 0.5609533436467863 0.5936840037364521 0.5714207137588291 0.5752391222270322 0.5939971374191878 0.6579704473304966 0.6640460008499034 0.7085667756293251 0.7573758791496676 0.7481999593242459 0.8109491755934823 0.8053044378408669 0.7862281120624097 0.8002660633870342 0.7830001071594448 0.7420469114995816 0.7497946907818894 0.7555524474108644 0.7445197881588108 0.6729160696204487 0.6254043405200906 0.6291914736670585
0.07649108937475754 0.08325475394732612 0.09549832482151771 0.09178609812290775 0.11242939957942628 0.19281838623463335 0.19945765095895787 0.20241082105514593 0.2300894427607308 0.2544866016757184 0.28010003172142506 0.276572753745783 0.2954009828803655 0.3976164839367306 0.43053116834735294 0.47598748494924653 0.500800909278761 0.5533792802477814 0.5190373025715851 0.5748580775978792 0.5744645211233549 0.5796036275534263 0.5682140924950145 0.5416678578713565 0.5806689919767657 0.6239797632253822 0.6666508861080511 0.6533437845049689 0.6609755114443112 0.7422577688216112 0.7409261973062637 0.7927646908601768 0.7932944117340925 0.7943728903945767 0.7535867561797643 0.7576529403910159 0.7198954711452733 0.741879807735441 0.7211404699232394 0.7567218072641261 0.714314577627391 0.6283269826836064 0.6479228818942363
0.059527618360609866 0.06814249490412258 0.11392862608922696 0.09192750172823785 0.1325164080001553 0.17456169323056658 0.19729294658032406 0.21197598220766348 0.25354261065320816 0.25657517448765566 0.26328833311241717 0.27380039144544643 0.29837009840985884 0.3534980414104888 0.37363256344697204 0.41593721925174265 0.4754265466036303 0.5106996844028439 0.517745802168298 0.5633354846023436 0.552782015398495 0.5489477003035718 0.509492311478061 0.5313727452525134 0.5546573459465203 0.6009642229254105 0.6199280770367318 0.6270708441005658 0.644216176497782 0.7068069679777178 0.7252162079338647 0.7584177523633102 0.7555575950993605 0.7442396376774629 0.7656182004808644 0.719164430982645 0.7215215013653823 0.6991833728965294 0.671711158114103 0.6866793984626031 0.6830534246784817 0.6684112475379536 0.6280800193984747
0.054139751790336844 0.08161094242001601 0.13251938358992058 0.12200516139261658 0.1766666615710034 0.19930311700289882 0.1851531710815926 0.23349548210728857 0.23842026713605266 0.23482669855970703 0.2693217992463108 0.255924575377092 0.30001982051813986 0.29960063545923177 0.336552003550236 0.41661229984965326 0.4573938486565573 0.46249158037641785 0.4610079758341548 0.5167029752044016 0.5299004196643631 0.46790663107834995 0.5285668118309201 0.5604440281655758 0.5559273442709355 0.5933103359971232 0.5657237201531653 0.5665305057200881 0.6019463985794368 0.6469773035372034 0.6651181996818208 0.716000764569813 0.7080109301666209 0.747304228954831 0.7439900293705218 0.7003240404997418 0.6664164045822317 0.6739636306410676 0.6570095458230999 0.6298155400181774 0.6520975410824794 0.6136085952729223 0.6133672460373824
0.06559820040384352 0.1099299740042431 0.14903331188403768 0.15639903231908284 0.18812614223883556 0.20874650225559546 0.22974652165030887 0.2418435120354557 0.2249232475508769 0.24256974596957828 0.20684842868214118 0.22640348157126405 0.23076953461732524 0.302297654331199 0.3266837859493034 0.3428243518742431 0.3899270412701234 0.4251622596957324 0.4526126239664035 0.480295149397338 0.4936837268584635 0.4716634850919565 0.48989142009335424 0.5532483634704516 0.5609280358988565 0.5764428853131902 0.5374443493159786 0.5849887811802212 0.601635018492225 0.6558670361284481 0.6734804510853454 0.6703770707171046 0.6776029172634465 0.6996584555626303 0.6787243591710147 0.6464842254384048 0.639394443776942 0.6146401861949964 0.628351672857236 0.6167873000112154 0.6053494631460471 0.6166960615401186 0.6181319187049364
0.06333361802760087 0.0963085633455272 0.11258598076030196 0.18034342224147706 0.1754407892574709 0.20387910955742788 0.19597497024284927 0.16668456134879764 0.21287137070206638 0.23258576631381594 0.204602059608354 0.16977851114369122 0.21820624353295004 0.2715669732315496 0.2986457574579316 0.32711042931494055 0.36252045219769563 0.3702071451024307 0.4002100070539049 0.4045679383501246 0.4822671798829581 0.4963369319692341 0.5074488758754055 0.5178011771817361 0.5381298489479773 0.5370968855251909 0.5623698229212731 0.54396513802205 0.5841145969759091 0.6319237475140638 0.6107208202867995 0.6241511345055006 0.6217776338681544 0.6718930276703015 0.6887671625831041 0.6694963636590975 0.6453225585060036 0.6118544166480129 0.6388077797640153 0.6314171302076992 0.6086198549128533 0.6190119155301584 0.5980812754773968
0.09074051111414132 0.05607582530272264 0.08241902985407401 0.15744169867814262 0.17481764169942818 0.16288254649682826 0.16452850636851213 0.1415435187952794 0.20202046039691898 0.24792739065186492 0.22013312124227102 0.18897023214854264 0.2350971849236088 0.2640916231369101 0.29216990293942 0.30381819747455097 0.34321814600623357 0.3343955446553036 0.3889183351124083 0.43681120029437986 0.4441612952438897 0.45492452384336046 0.4936289758520221 0.5254265844206295 0.5554027106443082 0.5576388515668464 0.5151667061340544 0.5480211506491839 0.5549224945423159 0.5645615527418824 0.5739161636437757 0.599466851052451 0.6260908711199962 0.6448167674361919 0.6209349432844502 0.6422754599069991 0.5982530113385262 0.5998830636236758 0.5670850178168716 0.6029489314038314 0.5671321917249029 0.5955176413689562 0.6239149811513731
0.060135415111711735 0.04629945560536791 0.048774248247802 0.07565680034095572 0.1192151932111372 0.12022624806378589 0.14277008711816186 0.12936622477745896 0.1911986058489039 0.2228335059059727 0.196577319670939 0.20692401907913105 0.2359746674948637 0.28930265419122747 0.3165573509131826 0.29350117826129013 0.35082147191445623 0.34923918326459324 0.4258112733651112 0.421849648881633 0.45630503321786003 0.5040705845477681 0.5392922755721267 0.5533060663562107 0.5444343885306261 0.5516211321559757 0.5545642017549199 0.5466111040993074 0.5378852502088045 0.5661505379642202 0.5547914592558927 0.5678042768705158 0.6122116709374138 0.5939659390103029 0.5775296847214307 0.5893706393556374 0.538035495094321 0.5496082354659189 0.5385360176528078 0.5439920675636437 0.5547169295079535 0.5908450694650631 0.6373647589945429
0.050220782134081564 0.062221243232488704 0.060681328692073946 0.0717376604583879 0.0802445937147218 0.08033735867680099 0.1272239671932554 0.1492288384437933 0.2056615931918754 0.20572556843527223 0.20446179772948986 0.21017237707439076 0.2421689518266427 0.24231018183509306 0.2706266989517766 0.29860967783630304 0.3567912382309858 0.39139878769096614 0.43297357284491217 0.4879808093289424 0.4908523802592235 0.4912982962646481 0.5325729364003318 0.5319784500726201 0.5593459072751005 0.5512364553011622 0.5843529020952112 0.5824919735884558 0.5652902025525697 0.5557984217657478 0.5461499847651627 0.5375987162934251 0.5448678362743206 0.5441473625857867 0.5291435947764109 0.5182306598273394 0.5091633042081807 0.5310990851284328 0.5526174658074536 0.5778022858477548 0.5687629923282858 0.5724739215124944 0.6131221772314552
0.09591710581263978 0.07538968996547199 0.09365028729996833 0.053933594592802024 0.1011042633561827 0.09903730963142938 0.11872387702510014 0.17878353094232044 0.2053809085141553 0.19375643350685035 0.24393517386698133 0.24120710490647596 0.25588790670822065 0.28676694345461323 0.28694601344615817 0.3030536830792648 0.3790969761364095 0.39748672567411836 0.46227238876905646 0.49560389530387633 0.5158287079043783 0.5207064630454412 0.5650906680082918 0.5562305594890605 0.5199368522012324 0.5428310286223712 0.5887860872800772 0.5886658162741869 0.5856452995225837 0.5823462424944361 0.536934176692145 0.5723598513962561 0.5241052453445288 0.5319966600079402 0.5162553697772665 0.4320691706531349 0.48342209244162226 0.4825216216696645 0.49589089848744666 0.5470648065483836 0.5445724710115616 0.5556783144005368 0.5828935815050842
0.10149820541515447 0.08187229301483202 0.10156955508169929 0.11624584769101273 0.10107398093114302 0.12764296576612877 0.15273742168346324 0.15312638125487468 0.1852088470533942 0.1972404140756127 0.23660394235365356 0.2612615446951958 0.2612675059197204 0.3056425696998615 0.3037856459630958 0.3528829432230069 0.39357906918615215 0.44372293406818447 0.4617460760629215 0.4812957064363863 0.510973661810312 0.4860155044088322 0.5306673621861335 0.547415358932495 0.5142353137360625 0.5385517007827811 0.5771492827807462 0.5966426560440338 0.5835778931589558 0.5764510611792 0.5669986254647931 0.5430813825360088 0.5384877834934619 0.5383390903566252 0.4653470722941034 0.42079911723215424 0.4491641732384924 0.4853726606436055 0.49304868695964016 0.5477573529549594 0.5667972854924586 0.5667454667209825 0.572797031362761
0.14908558631623306 0.12722768084893213 0.08881237325746254 0.09003960440581794 0.15106273368155856 0.15048289375907248 0.17487755743560043 0.20233747101326136 0.22324925046766553 0.2175196997456788 0.20143961702693802 0.2509934569543968 0.2784696290704826 0.2777807369522379 0.2981712133781133 0.38720216817456865 0.4322756905157583 0.44887273111452736 0.4312079679080992 0.43761585503105754 0.49054203110688316 0.4994439580815667 0.5250907577578026 0.49747940085509706 0.5032022819213765 0.5381070057428982 0.5192264507336043 0.5489114306397628 0.5555868931572886 0.5877062201716515 0.5455484501760136 0.562185395520594 0.5229892806392588 0.5224822006651518 0.5008822113967535 0.44102384190478283 0.4558991433633509 0.5129087607733182 0.5291406817621123 0.5425330080433578 0.5831327055978325 0.5747376210067375 0.5549215045625647
0.1464237315493724 0.14721855796687427 0.12361792829336751 0.12922952640017457 0.1568586109943639 0.13007674761197746 0.17477026073052987 0.1567534834693339 0.21774640239161783 0.20507625259804005 0.2024558347665818 0.24124450892493018 0.2738140219015546 0.3211355714965864 0.32833398908210676 0.39509718692522516 0.4109278560583001 0.4544274780552315 0.4705896794300945 0.4726469677999875 0.4881101056561931 0.4550089307580592 0.48873858775671686 0.4882994359174259 0.4890625067403031 0.5210120436187794 0.5265312262398029 0.532593011590949 0.5369473717309109 0.5114256829655295 0.5126105079736506 0.5306972916913127 0.5306539155199281 0.5232325786274763 0.4917790732558451 0.47508635981403663 0.44778484064817314 0.4722575754173001 0.5346645336178174 0.5210980068794944 0.5318644528181595 0.5800591237797614 0.5608350414345665
0.145222761830451 0.1262303828869653 0.1439944019634106 0.14315786772067315 0.1526745628396875 0.13798536450088397 0.16768420508566395 0.12630967671259064 0.21444321178917455 0.21507180372943005 0.1956569043903292 0.2424310135915096 0.30628085023020446 0.313207075283848 0.3434498187350608 0.3745653777849647 0.3849919567610759 0.42050517551552624 0.4395958443014374 0.4898387072582165 0.4973578709511504 0.46157648600697965 0.45214454695387113 0.42835654737128737 0.45049844736375017 0.49225915531280184 0.5156788202509798 0.5560708784967985 0.5430846501231158 0.5108351752324152 0.5200940403615173 0.48939768274223244 0.4788067523947051 0.4894378361646129 0.46430435429070843 0.4629055836373607 0.4828319394910882 0.48210625682631664 0.5187012285018006 0.5608806261888812 0.5395027974773191 0.542325979753781 0.5761128607659631
0.16145982224954353 0.16490783599759165 0.1338161520112542 0.17148231488178048 0.14983185595074935 0.19328295675046456 0.13976170093801382 0.17581805200386064 0.18071469433663098 0.19471661218408684 0.19263285876592184 0.23644762900305769 0.2937780530538549 0.2805513864482969 0.3074771538066724 0.38352188783376007 0.40768811463641674 0.4084454376153162 0.4459312833333025 0.4143839661715653 0.43875847249949385 0.43509515680679295 0.44724924324446025 0.4081734898399984 0.43433618354702025 0.4282028295876908 0.4605801269373178 0.45456064653839356 0.5002721241288365 0.4760655636147537 0.47657515437091374 0.46134860849231785 0.4294993826256612 0.4691756319448615 0.4778551222509183 0.4760793484668454 0.4816772527862922 0.47522530970675037 0.5048928429515214 0.511856219905847 0.5300373885178309 0.5409855392059167 0.5472181295346455
0.18418018063807584 0.16042064674551973 0.18018967663976238 0.15825747746364108 0.17726907117052682 0.23014654104080653 0.15163191161634168 0.17307830374759017 0.18150832090581395 0.164571537067886 0.19663916086067953 0.25227533532911633 0.26153759060873505 0.25949689955213223 0.3272819184903175 0.37000321954551824 0.36171284107837115 0.35303645418535645 0.4031103953863844 0.4007306144976809 0.4500858673769062 0.46459844137608325 0.4454647292837945 0.41077493628312456 0.4161241910874181 0.42776799117326575 0.4051825141109298 0.41012264264737114 0.4612763177351064 0.4611665554149711 0.4472508889224552 0.427200040814403 0.42165360917734346 0.4245784718194933 0.4330723419103121 0.4603476610083363 0.4498862994484336 0.44844903336300046 0.4788862008578497 0.5372838782043031 0.5603613968091172 0.5409998462005138 0.5499384779149179
