Raster_benchmarking/DGGS/continuous/raster-347.asc
NCOLS 100
NROWS 100
XLLCORNER 1743158.944178204
YLLCORNER 5469285.062987817
CELLSIZE 10
NODATA_VALUE -9999
[rows 76 to 94 of 100, columns 43 to 85 of 100]
0.7330143161330284 0.7701640018545927 0.7356663265981784 0.7053853817692151 0.6688542303160115 0.6506839008471792 0.6525511711392392 0.635135216441654 0.6156653426343833 0.609072996831371 0.63858668378568 0.6218588050178256 0.6532458877241685 0.6374150323813669 0.6125923844223571 0.6243468726505713 0.6112980942177302 0.6111348440359212 0.6067464711712377 0.5599440697579248 0.559261457322619 0.5730764025278431 0.5893952497427941 0.5585163766909934 0.566433832919276 0.5061897449981313 0.49267874686902713 0.457608647494389 0.4516314445638785 0.44030231664178504 0.43106799504344756 0.41138298211880636 0.43308064802691426 0.4146603797919488 0.3619168552503644 0.37861495536653256 0.3841937646003714 0.3613284097095079 0.33859109539053545 0.3342930812201609 0.3538616929430271 0.3990486960227805 0.39302890868654644
0.7220810078081746 0.7293450983544986 0.7406800518078848 0.7307854749027513 0.6932703666087935 0.6709872211996417 0.6469359944037182 0.6752047767361455 0.6912595925370503 0.6505699930092561 0.6358550890814755 0.627302121997682 0.6355775260542499 0.6277863775339638 0.6620164178201285 0.6030088366672206 0.6200138216836408 0.620764059835678 0.5965728669201809 0.5868030949614483 0.5697397791599698 0.562934745670435 0.5639080389461979 0.5727286912037276 0.5519503389261883 0.5486773440104773 0.5166444626728425 0.4886752132659212 0.44877161129961424 0.4573476499735453 0.42596966410108356 0.4408649007828167 0.4081253017247927 0.3968962212891029 0.34242583521259784 0.3629622335897619 0.3207633690825427 0.30428262499371084 0.30462127179022264 0.35270380594090966 0.387622953448403 0.3805197335619178 0.4055214902343016
0.7473053142776616 0.7331824479156197 0.7455130195422166 0.7196561213528311 0.7120667120594022 0.6694283761114814 0.6393132380038303 0.6767158709454022 0.6668551963089441 0.6607026064796495 0.6436510735783564 0.6535682324829921 0.6466693387387595 0.6546570764345941 0.6254491768976993 0.5831295404120078 0.5699494427208533 0.5747458678407928 0.5662385589571852 0.5916669531496875 0.6144783798199505 0.6148097975332656 0.6325347538939046 0.6004596857731355 0.5993398486487832 0.5514106212746904 0.5568165414986493 0.5415948331896254 0.5118015319108317 0.45098642929718985 0.40885607180292355 0.417023597179055 0.37365178833904794 0.3459056756195009 0.29478377797261823 0.3167934979657834 0.29882376105773434 0.309130439177489 0.329491477950642 0.3210028757581961 0.3651207475823597 0.36792044702751775 0.3861005853967299
0.738219986176648 0.7350515366735835 0.7639520013718828 0.7325726126182631 0.6917657213789281 0.700013669811061 0.6821234919689094 0.6987629036000536 0.6964499384564047 0.6745782067506101 0.7210636303678085 0.6530916231256314 0.6212842777536061 0.6424677464253769 0.6005268506409724 0.5784950200139476 0.5590749374170002 0.5591194380857518 0.5590823462416699 0.5891462761102849 0.5806836182282054 0.6454496428413411 0.6761857407946795 0.6352918347172801 0.6149477021779093 0.5516398897988674 0.5727762608289516 0.5529602209879724 0.5201420754164008 0.477794870216234 0.4536446093897235 0.42031592843731835 0.42887835632573373 0.3454234957692477 0.2919502833024179 0.3274686776616536 0.3493181440912028 0.3505731807975938 0.3421830438627496 0.35870318439241866 0.3601592258376361 0.37482011806962673 0.37746927877654124
0.7510276857922731 0.7463301147643003 0.7347596313846404 0.7086940672929579 0.7253188565437938 0.7028615872999562 0.6983385522865319 0.6792424642023079 0.6845936380592226 0.7035964203564616 0.6745779313722493 0.6274084771215617 0.6400269531991453 0.6160275695801221 0.619078535701106 0.6295226446104565 0.6104579907020888 0.5559291186194233 0.5882274556582406 0.5882936645895066 0.5969538250282638 0.6355484641285968 0.6759089426991359 0.6226350903378612 0.5898203258295138 0.5737469335855704 0.585031172075695 0.5200698025806781 0.4979635476909511 0.4526060920881449 0.46525069038639993 0.4096689145974775 0.40390407375059223 0.364019807839878 0.3328584831895071 0.2822097783308771 0.3358010099713987 0.34445132999046313 0.32651472460547853 0.3492796767631658 0.3531452987910358 0.3482329262591129 0.33840286853864976
0.7635376436047416 0.7344513732602114 0.7513456949490032 0.7208364074487915 0.7416768175345371 0.6987511575035118 0.7323592553008512 0.7079032929958834 0.6565776401644522 0.6344257478736671 0.6408580484587465 0.6217094079210541 0.6190033308788724 0.6159281138498695 0.6391926433119015 0.6188298404281575 0.621713141417044 0.5786005748052416 0.5931300854931866 0.5862621016513861 0.6119736571011193 0.6261118223979079 0.6559776042542423 0.6306997565278935 0.6344766081418002 0.5918426854244121 0.5694369598775292 0.5437434581133329 0.48405515833041995 0.46424277948599507 0.470232557104667 0.39328042433527877 0.38474267769609916 0.34792094771992244 0.29644728971115153 0.27154417345046766 0.2940373633059592 0.3023603160910649 0.31918390685111153 0.32629464975270733 0.3370931093797992 0.3377728562795472 0.3621028898006697
0.7688611222719112 0.7384655699996542 0.7103516005130038 0.7272563210481917 0.7515468214846016 0.7107515390308765 0.702812110718989 0.6902969859454063 0.6577324367305828 0.6472725895269357 0.6549677835457953 0.6085283749544071 0.625179248407467 0.6009480671157655 0.6176942202406694 0.6333156871489909 0.6239825780325022 0.6364053328960365 0.6484931921760704 0.6478589350699635 0.632246992100158 0.660339184235361 0.6203087238082573 0.6084901191744915 0.6150419406810738 0.5754151726485253 0.5412166590203091 0.503706806888088 0.4583471855532176 0.43872772985790537 0.44180390825850163 0.37401526939826424 0.37461766858206963 0.341534291744223 0.33076400480296453 0.30833713685870145 0.28982040110901697 0.3351131356196881 0.30082129755469206 0.3071483817097873 0.32566275014386054 0.3101284217548367 0.32335706314645446
0.7674367187267433 0.7397232470115963 0.7071459621242845 0.7370890505031416 0.7124040707507459 0.7282689412106549 0.7036659156710264 0.7108589360781875 0.7134481067341236 0.6789407993150806 0.6506601453081705 0.6679425588922917 0.628311442532131 0.6532170673377765 0.6216020481741813 0.6129786458008276 0.6285842976075188 0.6339641105207809 0.6346109657138477 0.6541283306355751 0.7002844282763687 0.7020523900551026 0.6716200285823235 0.6149547841202362 0.5852531261404501 0.5766552008394003 0.5870353479178271 0.5352781606340737 0.4388249861560143 0.4200950733944256 0.3690427122583167 0.35945094294517665 0.3846407367887032 0.3738624111772663 0.33086773828596405 0.29364339302733033 0.29670733259685833 0.3175462148741445 0.3309625421021595 0.2889985336675182 0.2902028134768634 0.2854453319039508 0.30825969859264746
0.7811728765725109 0.7284332104699611 0.7129995163386869 0.7007499204206714 0.6871004808128763 0.7020577256161201 0.7099273984935937 0.7015522180189404 0.690010826928275 0.6687177015048804 0.6771608202256942 0.667698940063675 0.6459390747039946 0.6680534527397196 0.6531151674370788 0.6438304733464832 0.6260674569768309 0.6271137529560615 0.674066517769268 0.709723194318318 0.6987649411687706 0.6864502383680687 0.6579462745552129 0.6667416384483331 0.601878377915547 0.6297463101031705 0.5872824813788289 0.5367481462445949 0.4878126455134106 0.4432458666845797 0.4172898936544943 0.4019846397284085 0.3671349229190289 0.34837337816668057 0.3219609239424636 0.3054682245202802 0.26354391454652704 0.26615756433845383 0.28731093183993645 0.3128660101264635 0.2977603500774765 0.2879759072891722 0.33541910941931574
0.7793613144277619 0.7502594483958369 0.7014816687081472 0.6993620705302329 0.7215803174757222 0.7376210979906919 0.695141869390788 0.7135775100321967 0.6730614872006574 0.7064989387188911 0.7207806936435192 0.7051259655858076 0.7137409720724854 0.675854410052959 0.6731134840838403 0.6597438498048004 0.6469275040719146 0.6620333688953985 0.6917739981413236 0.7213720540617677 0.7105577407106684 0.7107629310778204 0.6976632506494512 0.6554592069960823 0.6324085047867296 0.6178177076835303 0.6134156288635882 0.5151302477515531 0.4834568685214455 0.4491176612407893 0.4538786480074522 0.4240291687586801 0.38780643456841296 0.36669449857124703 0.3426607988321531 0.30249739432383765 0.2834334227560765 0.2464900946029967 0.26973764778148246 0.33522337169023186 0.3545783556062291 0.3330348002587062 0.29409177858127716
0.7412532073780955 0.7227943030118066 0.7267430623826977 0.7392521696127479 0.7421336023513798 0.7200925836762707 0.6936386768789908 0.6973622824340294 0.7098201878414112 0.7118055132708496 0.6949486420066686 0.684436874217405 0.6837174092408248 0.6872153772808349 0.7134843893020699 0.7278161937987261 0.7228072244732177 0.7064156197907864 0.6942049949844504 0.6878454498009744 0.6948366021351488 0.7177215927502328 0.6615652777276461 0.633697126402974 0.5964182390856264 0.6080202862038365 0.5582792800937723 0.5248295266464488 0.4557312126516737 0.43808563057362315 0.4348883190198347 0.426021855609308 0.3925520720685906 0.3873566967725027 0.33389439631398055 0.2879929702568741 0.300656133044549 0.2816385496617046 0.3260585615761722 0.34400264128334374 0.3632318396065607 0.3377335478138934 0.33291868505490013
0.7351570196343249 0.7538372498552692 0.7618527865367231 0.7488051618842583 0.7588314894363513 0.6841953657773137 0.6525208869622465 0.6644892353036566 0.6885318957983958 0.6855143698203229 0.687013143592797 0.6745587234636864 0.7139149278181758 0.7601576335096517 0.7661460868666232 0.7067618719066192 0.7074275603247322 0.7322151616307684 0.6960744882963946 0.7114463099442072 0.6908637786808377 0.6800403159164725 0.6941247951988864 0.6493662790417599 0.609228171862735 0.5952275098767018 0.5806301503520902 0.49868917105615473 0.45860361974548575 0.3972695909221046 0.3891276615493097 0.39035535080719547 0.41282164615294814 0.39955414073501994 0.34070666886128986 0.30314769889718474 0.2688273407354602 0.3069704529190088 0.3065866066047741 0.3060266656002833 0.35829202685109274 0.31706953894248247 0.3357676837846776
0.7447517776072626 0.7238883607277606 0.7466740749547278 0.7608923172508237 0.7702173136898561 0.712163884945352 0.6895737433116049 0.7045078628619981 0.6678644990346265 0.7041387751477274 0.6793676636512237 0.7150905998357605 0.7410867121919759 0.7791039092533233 0.7444309257775287 0.7202391982609199 0.7377863986552804 0.7210775988188628 0.6941556058958541 0.6989410158241224 0.6781594099482251 0.6633063340426234 0.6545759259687222 0.6519594837659132 0.6286117620502775 0.5973065045237655 0.5717524700830683 0.5380627751569023 0.44625514201511496 0.41092001917262205 0.40152692857982014 0.38965892222965176 0.39000801642043403 0.3579993699385009 0.3194258189281438 0.29394858514369476 0.2826383122576361 0.2952755900730051 0.33737519671480176 0.3318566230279598 0.36747928396828644 0.3225858121610641 0.36869615647733606
0.7210775621929707 0.7273084039572095 0.7297613991186354 0.7602668135647292 0.7668213836453524 0.7259997852484522 0.7617032181954859 0.7053564477365666 0.6788842733541064 0.6938615537208924 0.7007470866309566 0.7111256004977036 0.7500427942503048 0.7477046107028742 0.7725739777245437 0.7657869537729179 0.7302179564119301 0.7168114867718062 0.6934994452970658 0.6486164842473778 0.6281899479606038 0.6330657958991543 0.6360193658289912 0.6026888788179501 0.613246380551696 0.5914842365595402 0.5429905285007713 0.5415194710115387 0.47912640697782133 0.4346759660199271 0.40319644935507437 0.39837651409338415 0.3454806211805192 0.3296734840501454 0.29429140048638774 0.295794850346819 0.3141153963881759 0.32981184576638545 0.31141267465349837 0.32647748797406767 0.3662300081983051 0.34181528327314087 0.32668823746634734
0.7231365589718259 0.7572096851186478 0.7782907101359342 0.7568170788700561 0.7589788825366003 0.7571872210423571 0.7553290236273419 0.7388342250474011 0.7181382057743533 0.6768029842384534 0.6803055596076593 0.6853980784635447 0.7079777141486462 0.7300540493128733 0.7666760489388696 0.7238749116537342 0.7249788117263615 0.6455859520206416 0.6522396489668109 0.6123040754724549 0.6109934655157121 0.6350431109331469 0.6371098774722483 0.6170846299469605 0.5831564653050128 0.5743764260481534 0.5912721691380607 0.5501593491303399 0.5062232206138965 0.44543015129652086 0.4551667191883918 0.41248220331473107 0.377222927936054 0.33551722718714233 0.3282367742416939 0.3301595864936625 0.3443701029569851 0.337256177055234 0.31974925756308364 0.35400767102800773 0.3686668523015366 0.3694777579862832 0.37350645050422165
0.7693690894502689 0.7907912987931488 0.7755344850751585 0.7531247425420533 0.7296587682154169 0.7634197266494712 0.789609016032738 0.755600911623208 0.7468158331110503 0.7064927989497506 0.6672276044022051 0.7079198856587631 0.70915599158237 0.733866471633872 0.7412034155213406 0.7395328365458712 0.7130424539696417 0.6190406735182131 0.5529449134696902 0.5783868304229551 0.5999204432589351 0.591863932414674 0.6124546297923974 0.5736460641276049 0.5697476248485386 0.5454891897234554 0.5801447812588503 0.5842012392163503 0.5264902603756489 0.4798496458060913 0.4464677512566987 0.4191786736804307 0.40295428439946257 0.3844813613051371 0.3500029556998373 0.31766818061185725 0.3496075455595656 0.3371706465741284 0.32496765774409114 0.3629922972547678 0.3207315922133455 0.35557923516924234 0.3781927801495849
0.7689230775583485 0.790688806099428 0.7565961042584453 0.7396832518351756 0.7863757965914283 0.7762628661596112 0.7574868804250463 0.7275355135423727 0.7281289111164195 0.7270906107364125 0.6936889420478521 0.6792542802375919 0.6983579681696687 0.7052384696983804 0.7114603897023214 0.7137519651186774 0.695147591778916 0.6366258330945789 0.5717152246705922 0.5369456898849453 0.5415404423091639 0.5716353825303059 0.5757267787226465 0.5719166834142189 0.5820782187234004 0.5734774181894279 0.5508053774923501 0.5710888628112362 0.5161183770199328 0.515111313617491 0.46984055143847536 0.40743492003952614 0.3958191116527128 0.38157257969887076 0.35399019415171945 0.32499152233676104 0.3310638713971551 0.36592353900218433 0.3480308187072779 0.3575037962275047 0.3471546417138938 0.39620447943589365 0.39788033479573126
0.766749708472371 0.7677479718799274 0.7814582417020254 0.7955125170434375 0.7856891366889251 0.735210021207166 0.7319311269920385 0.6989394638477532 0.7066437574320182 0.6835849562062302 0.6743538133117671 0.7273925123423132 0.7254145200032974 0.7316888556310375 0.7134785793303913 0.6784836983666099 0.6463396467061661 0.6103662223282283 0.5230249311521749 0.5217523580101541 0.5585233035545788 0.5381419644608738 0.598123533966165 0.5816463396876579 0.5898447222529113 0.5345119178586153 0.5423145327693202 0.5441672099309113 0.5289140830730135 0.5052340379085297 0.4592469056284457 0.3965931641766343 0.4248308193027028 0.3502546546503997 0.31750490285783317 0.34289328085010373 0.31425043570469324 0.3532413033038463 0.3589955790153377 0.41196279826150717 0.3825100399274485 0.4452644643513837 0.4519659142137228
0.7666428189165362 0.7966357107296179 0.7748947129979901 0.8083617814942238 0.7738545057440667 0.7617652322247811 0.7560463483410604 0.7015978026569086 0.7293549461987249 0.7409798779582745 0.7328685383798629 0.7448016122789369 0.7375265440580185 0.7120731162530936 0.7061077066547132 0.675921718841879 0.6456508506827581 0.5804380429695549 0.5353746539181786 0.5458653198078454 0.5508140283928722 0.5314271633996501 0.5443243476739908 0.5608839894024307 0.5441018811016065 0.5292308482222815 0.5277200853740529 0.4684207558941129 0.46426858766239015 0.4893849937207346 0.4250043677847609 0.3973056835862847 0.3846793460455661 0.3696862536314955 0.301134724985034 0.30810737631505 0.3735313065633671 0.4019372264312874 0.394940324612722 0.44063361206548834 0.41602948749378404 0.46637709328542376 0.4971938574736742
