Raster_benchmarking/DGGS/continuous/raster-165.asc
NCOLS 100
NROWS 100
XLLCORNER 1743154.531375011
YLLCORNER 5469292.017517649
CELLSIZE 10
NODATA_VALUE -9999
[rows 76 to 94 of 100, columns 0 to 42 of 100]
0.7406061694818271 0.735080079059948 0.7283173599891781 0.7471287069622866 0.7240406711119518 0.7497738997241877 0.7542406133944963 0.7925994921541781 0.7886872576209434 0.7776772005610639 0.7545061306539066 0.7647093891531097 0.7439911687657788 0.7339787439980981 0.6938021871797132 0.6745215872300045 0.7001604758940371 0.7123218622425763 0.745996380416541 0.7108882288983985 0.7285694710148726 0.7317980779580976 0.7938945572211187 0.7680354506964076 0.7656425105865111 0.7384460510028483 0.7415601972945712 0.7219317320426727 0.6826823528348391 0.6643370197698726 0.6586958768465105 0.6811333744423956 0.6924580792558935 0.7033966487898897 0.6903122147585586 0.6954448119033169 0.6762060400248476 0.6810726624114841 0.6882721670713304 0.6944103729914347 0.6528441941108162 0.6604839946826659 0.6343378767703823
0.7858115506807261 0.7954741982823895 0.7599096330917064 0.7534943580274818 0.7841879493512371 0.7989841206849251 0.7936199632735553 0.7836677955850021 0.7669905965317769 0.7180298531934938 0.7389589753070158 0.7326033404498891 0.718384847662983 0.7407409899903276 0.7159631300619625 0.6765532645145116 0.679317219120393 0.7383522683726348 0.7374350799677708 0.719152132730798 0.7365860743336207 0.7394016309338323 0.7825139665607663 0.8086531142599009 0.7877591217555461 0.7353648290287225 0.7187006199526638 0.7312852078405339 0.7236015428425908 0.6755889434584783 0.6853829508335969 0.6889300197303201 0.7116580163813858 0.6581990198105668 0.7043749218338304 0.682436015207916 0.665607074107904 0.6601265789108481 0.6630373696944425 0.6813635528253585 0.6675339087519162 0.6714259474506307 0.6550353270299348
0.8112471246559327 0.8079563318917167 0.774937044512894 0.7712258104643123 0.7691620890601769 0.7728566717928294 0.8048051994417965 0.7565885632699773 0.7480435172051286 0.7228569958085083 0.7429683333642381 0.702265144816623 0.7057081661609239 0.7258157365510464 0.7120292333402871 0.6715939068810735 0.6913548208077389 0.7148350513895566 0.7359710945358288 0.7182361014462711 0.7426654060466317 0.7819510784164547 0.7682624371454798 0.7780804837368891 0.767846154416705 0.766866474851159 0.7486497303663694 0.7532762356280808 0.7329840682055851 0.7270409025057525 0.699176332886643 0.7143672215831823 0.7229784833655237 0.7024889567489175 0.6970460810650245 0.6958195034527279 0.6832778959147784 0.6720667265155409 0.6891578337985496 0.6551979150166055 0.6644629033249518 0.6826070208955437 0.6937654306402496
0.7949890079262296 0.8364830651785832 0.8326509740626414 0.7845557426451111 0.8101016659834293 0.8051716977960653 0.816434463696784 0.7693997561211939 0.7426108462370421 0.7416875324202509 0.7418831276572435 0.7293726054705505 0.7488620119713045 0.7126472459010101 0.6946367612457744 0.687214165884624 0.6986617537884025 0.7310354287952793 0.7074847345666397 0.7214069523292593 0.7378616135688857 0.7886106919980237 0.7736412553695408 0.77952375878931 0.782991413291157 0.7745924389368807 0.774325991694479 0.7823721092175051 0.7545371181246332 0.7561096526038008 0.7422288271657724 0.7506465018705777 0.7325579066107872 0.6990889562968409 0.6882056284932226 0.6902276768097783 0.6813040036340686 0.660034112242931 0.6992635793104153 0.6657500663460422 0.6912610018544821 0.6908716033269025 0.6907325856738422
0.8113843995260774 0.8525755004132055 0.8370955252826336 0.8195812663831683 0.7933147769817879 0.8297592514648728 0.7976765847121213 0.8119928939128649 0.7545231636098525 0.7555940537547878 0.7744847290207172 0.7472123041989905 0.7537640610532726 0.7049811760844659 0.676367235363335 0.6639684402357268 0.6884736192310219 0.73082307190994 0.7365084629589629 0.7599732500014555 0.758102649447789 0.7644591872092268 0.745923482075672 0.7659970062111257 0.7391985446376151 0.7459594624995004 0.7663485415048612 0.7464444268439527 0.767143211404629 0.7528936865459249 0.7766531860573321 0.7672636171125736 0.7583365884273405 0.7514289789611521 0.7141835287704142 0.71826205996535 0.7003185525781622 0.6977456506205255 0.6904682124142288 0.6826704492196652 0.6837152479406697 0.6793922438737907 0.7106198297461881
0.8169610851658518 0.8426271013869453 0.8280031347718462 0.812766286383825 0.8165052470844958 0.8193525918673468 0.8334431363749386 0.821331461651306 0.8088952138895563 0.7805440934994494 0.7762954309378025 0.7724912180923408 0.7716999053315239 0.7150745350452248 0.7170651163038647 0.694112012099385 0.7188358842488167 0.6904502223538792 0.7119468891279063 0.7394096372091065 0.7344416782476244 0.6878344321497029 0.7005839619407099 0.7005853998712216 0.7185725372144189 0.7279022632286046 0.7432355729451616 0.750540457989047 0.7709277752172605 0.7769870336967614 0.7893658776012265 0.7487533285975484 0.728163635335837 0.737984054744121 0.7049349082114139 0.6659259204908596 0.7118797173845015 0.7127930517046536 0.6727387270817567 0.687512691124978 0.6971767882965675 0.6811147286347549 0.7092525331408098
0.8481665245372039 0.848126596741649 0.8357087329251663 0.8426560554879904 0.8596001953809752 0.8441791797211475 0.8584373724203425 0.8633960925187643 0.8137366188771828 0.7626460101414753 0.7666827214579802 0.779485908413253 0.7755858470947288 0.721511290323779 0.7222601622867885 0.7435531516330403 0.7132542305828551 0.7065722132878878 0.7106370083175659 0.7097982597104893 0.701811772753382 0.6865314387493 0.7032957478822498 0.6974683083486896 0.7249082010964217 0.7418672981701825 0.7189130433155702 0.7330191977873901 0.7558180130558889 0.8105367829727773 0.7868098387176365 0.7875445925558346 0.7630327693985046 0.7459401118519694 0.7105727923334851 0.6790507608233152 0.6902879407810913 0.6783925091828299 0.6880482433568975 0.6689377165419937 0.6726314608806984 0.6787180165178905 0.7044155607799041
0.85939587530811 0.8776002876069231 0.896987758735639 0.8996219674363333 0.860502717851642 0.8669409778925045 0.8709490655356569 0.8618315112242795 0.8211948707107062 0.7608993036092426 0.7504388395770358 0.7508660897466253 0.781324499764678 0.7722759230502712 0.7807585627641539 0.7717781311491074 0.7552998330963935 0.6939081663825494 0.7540726990219643 0.7612755903759097 0.7155823111326239 0.6790003750795808 0.7080027812920006 0.7264986587357127 0.7310024074335839 0.7121397414959469 0.7119293991069419 0.7750359183985074 0.7634997315490657 0.8178464718368287 0.8035312165051821 0.7894625438956385 0.7453195007388056 0.7505538221243627 0.7350392119175104 0.6831492170878424 0.6897373139124523 0.6857070227629629 0.6926614218025117 0.6841347210106308 0.6603157319212286 0.6440719215854127 0.6581976938947405
0.878874744433837 0.9010647446646844 0.8807889981721513 0.886781027080829 0.8944830042547242 0.8668861549748254 0.8838354313302911 0.853926402624172 0.835754465070597 0.7943066170161063 0.7835708341239677 0.8079759122383618 0.8190355260662502 0.7973501912150082 0.8078380192066517 0.8198807664014558 0.7718308388207474 0.7199280579339474 0.7568856080003161 0.7634090162238784 0.7756997531277292 0.7554883888004105 0.7147148635080515 0.7626496590093007 0.7501744719977574 0.7173668124074986 0.7401940650739333 0.8036309313142804 0.8100044726291676 0.8067969068715212 0.835191940078421 0.7944777478752576 0.7792617584688242 0.7313046906422925 0.7419467886619404 0.7275828906278314 0.7032629482204568 0.7321267121433566 0.731223130912106 0.6870360994058434 0.6698742385463753 0.6466442448859566 0.6547471863137866
0.8938867756805245 0.8692746956306264 0.9080060876589519 0.9182494523450704 0.8779373574218358 0.8670442449152101 0.8639163231409325 0.8989929111195836 0.860335556576179 0.8112280063667492 0.7976480071846109 0.8395670424791507 0.858825329357932 0.835936721717846 0.8402739183727859 0.8268906932450396 0.7695888220289522 0.7460244065612274 0.7512532391940802 0.7848390959051661 0.7923826735018734 0.8003729422087044 0.785491009360988 0.7558082602200961 0.7473052982952929 0.7654426616476332 0.7799258036744865 0.790209833875867 0.8118319591436605 0.8386910935689376 0.7945024469485332 0.8055134210021883 0.7551766346687204 0.7412490115026138 0.7083857186531193 0.6900967022155899 0.712990018859162 0.7323985108245857 0.708272883830519 0.7194094102905324 0.6748397475515316 0.6723266354424129 0.701274696695709
0.899266437240354 0.8964517882381956 0.8909638753249148 0.9086294874658952 0.8909449557619588 0.9157318747283443 0.9043480088696101 0.9013526629783682 0.8819173419156501 0.8345855413201558 0.8605194875161585 0.8722560599269392 0.8417749766374819 0.8422070921184105 0.8414478403484463 0.8034304913797016 0.7908349249305516 0.7603821488467327 0.7856401774091587 0.8134939954662119 0.8318600080001034 0.7995382383247245 0.8019268618411242 0.7784602303788436 0.7539309161683726 0.7505998872244639 0.782403286136989 0.7733755219557743 0.8107993105435679 0.7959006152639135 0.7815701338705239 0.7505150604667733 0.749812810152156 0.7104509205648836 0.7167461895001036 0.7242658323259875 0.722069552351256 0.7177650058400192 0.7385141789552037 0.7265109850949284 0.7388220040910454 0.7378713596408221 0.7247869644692897
0.8997616466662627 0.8945300209239905 0.9037104956452277 0.9183448442981252 0.9145107954110622 0.9469865161027522 0.8907737718413258 0.8673996398695681 0.9069594413590705 0.8781834469208761 0.868641145156479 0.8938137725817088 0.8604607832268889 0.8892329871817526 0.8412415219829716 0.8096590599994973 0.824201734369929 0.7871036049604916 0.8192838479998013 0.8256995070783002 0.8320381333874401 0.8152993351754335 0.8167557626862957 0.7719139952922676 0.7842701212204469 0.7780328838529201 0.7826747289220363 0.8116792541119532 0.7718830075339155 0.7712396945441611 0.7872305124176635 0.7589824297449874 0.7163046249959654 0.7198811252941559 0.6953993621173011 0.7200347425637539 0.7141094552243183 0.6865586785322569 0.6859442451910575 0.7367437490959602 0.729089119775363 0.7442647081228255 0.7588672952461196
0.9122219911525974 0.9036124344149082 0.903014625763064 0.8979108512557562 0.9450560059000804 0.9555565801112471 0.9069382359063374 0.8745220231269578 0.9007838692638228 0.8827076030124058 0.8786184681573415 0.8941848718740774 0.8612279415857291 0.8622539617435131 0.8420160709633541 0.81315553839549 0.8080872531869376 0.791881213136999 0.8209812084395717 0.8474261928882066 0.8258900266901165 0.8138622126966331 0.8408636575405158 0.8279843390370726 0.7979467770561808 0.7906078193232823 0.8192312154995278 0.7938706479009124 0.786603294297805 0.7707950509373482 0.739039097386084 0.7234549686048507 0.7176389668815933 0.7115486026349825 0.7130389687987007 0.7038628903452389 0.6885044856078572 0.7066610208676299 0.6806272630716341 0.7389970325257428 0.7551772842550559 0.7405987008136007 0.7668856377615189
0.9081200688190719 0.9058984727235728 0.9098899572875322 0.9272183513614317 0.9357061103870657 0.9698724943447004 0.9061616396810577 0.8915536185565754 0.8999268750967274 0.8823528748556941 0.9083879343992471 0.9119345837240472 0.8644617828152024 0.8398242650087469 0.8696973879668356 0.8452881447214017 0.8581443057185114 0.8488511020318413 0.8303300795728875 0.839707644894056 0.8241810511857984 0.8657153200721571 0.8700449930706932 0.8149273144592937 0.7994130660705381 0.8352027641311419 0.808001052978326 0.8194662752571149 0.8024546520738044 0.7663751330954206 0.7000778781544669 0.687453592927853 0.6703137705103523 0.697630140062711 0.7099908740336521 0.678706602254191 0.6876824358592873 0.6898189876412881 0.6884058162278094 0.6934066816537979 0.7419732901468817 0.7678574759810065 0.7528619771368252
0.877369740798187 0.8936507372444323 0.898421529193937 0.9228111409821095 0.9367513704610804 0.9523149685397168 0.9488962150021442 0.9097441459912091 0.9306384679018523 0.918191325946172 0.9139772632746362 0.8891455603113482 0.8581987032384472 0.8592345032992388 0.8493330542164894 0.8578820532899548 0.8519926717546549 0.8558452695262001 0.8426292149288734 0.8805423501172235 0.8596485430524672 0.8808236564445783 0.8653759595257405 0.8379238680736057 0.8234451896633724 0.82749123849414 0.8351009048949816 0.7905759958411143 0.7649022851389333 0.7524999064430566 0.6969574444436168 0.6649017654725816 0.6640813355782338 0.6664058107642379 0.6905835269516389 0.6674583778879507 0.6598086543703247 0.6787404865789598 0.6728670680523509 0.7246682282928336 0.7266216862572421 0.761994568838365 0.729184364408854
0.8785891227556127 0.8514502592316697 0.9156553548120319 0.9438299914469716 0.9151874512941519 0.9536497714671245 0.9457443185813241 0.9352918258713736 0.9481395629342305 0.9550611915815733 0.9061893518710763 0.8789998719586548 0.8587711621949154 0.8434695727850152 0.8546302661451066 0.824519417323216 0.8416912310418324 0.8797452125438632 0.8521242018586906 0.8972453693083876 0.8544508314794609 0.8332277748160374 0.8918777516136627 0.8896284566495797 0.8719089856017108 0.8537194422584532 0.832701599865605 0.8142409460593424 0.7579963330802684 0.7074658171002899 0.673441877850085 0.668700343835573 0.6954556796970771 0.6980710049490408 0.6818677121274936 0.6947667919835212 0.6759836895224434 0.6015343624591974 0.6655968933553135 0.7193072718127291 0.7469473009646992 0.7227155433245517 0.7255983135430637
0.878182603785424 0.8884281368746905 0.8885388198703204 0.9205483647899851 0.9279086453240195 0.9585184951514065 0.9334632507283978 0.9264101649367913 0.8845466953572586 0.8832752570306096 0.8888588524971078 0.8888847593197654 0.8458973575004903 0.8393563614280383 0.8632877030201898 0.8299508919586063 0.8599900983964356 0.8948194636936343 0.8923998588340821 0.9012765579217357 0.8812768342818459 0.8815233257371446 0.8758223203095018 0.9057904365902022 0.8929645796876065 0.8511730586329106 0.7922449125687276 0.763721785661263 0.7436622950733912 0.7417130077918664 0.6879775603635602 0.6595741971026248 0.661418793520514 0.6592924533504715 0.7130208768723445 0.7049669066743475 0.6856569088729859 0.6940443071075891 0.6950758592368147 0.7389077856232485 0.7667628372615165 0.7730233283239074 0.7820315299210301
0.891891969832274 0.9115451088727516 0.9157941313223921 0.9086308717153757 0.9116153278696771 0.9466334815199949 0.9323792963663945 0.8784632397651739 0.8560870293357968 0.8697926190942913 0.8564918447711796 0.8657071304993921 0.8598077153358007 0.8422126662214299 0.8680655887912315 0.8722864981573719 0.8675963494500615 0.905426311238652 0.8998522913796302 0.895787808094244 0.8648441884971743 0.8434573978703367 0.8959286139252446 0.8823656182812422 0.8583495270075019 0.8413171400418071 0.767403011814114 0.7241619172100339 0.7116713234456211 0.7363902642737908 0.6941780525471556 0.6817926449620835 0.6805135428037351 0.6695022896049541 0.732319505741362 0.7066682061920504 0.6886145777147689 0.7071625023025748 0.73216329281587 0.7350441461758771 0.7910760768434493 0.8222743862808779 0.8022941473350869
0.8883353238447006 0.9154008352417531 0.8905375470750779 0.9000926583167655 0.9273770906039196 0.9555191447891419 0.9215978740848431 0.8593055492928393 0.8508195217766525 0.8768300764553222 0.8451954545721403 0.8361273634207258 0.839817553209874 0.8371438447823211 0.8447596858660509 0.834594641332687 0.8492393528817328 0.8882513701118818 0.9007814964828296 0.8768020470011946 0.877715001973911 0.8744882025836752 0.8810676530447854 0.9038368949534357 0.8740989342684524 0.8105015913284307 0.7849245929673109 0.7192361844139884 0.7312813323510763 0.7103045716872906 0.7007450850570245 0.7117104286124559 0.7221475114598302 0.7443224301045548 0.7381171699454177 0.7020237120852604 0.7279915654261508 0.7081066975479722 0.7377050655033355 0.7434550014188314 0.8159317555508041 0.8171478430274014 0.8115296321184555
