Raster_benchmarking/DGGS/continuous/raster-85.asc
NCOLS 100
NROWS 100
XLLCORNER 1743163.8250684268
YLLCORNER 5469277.844016087
CELLSIZE 10
NODATA_VALUE -9999
[rows 38 to 56 of 100, columns 43 to 85 of 100]
0.666126680532682 0.6448229741297187 0.666521886176783 0.6702618684078009 0.6773948223263743 0.6699715643409646 0.7021512111730636 0.6793720965981783 0.6880031196329635 0.6654031717689588 0.6344567236898709 0.6256744537149652 0.6350633751175404 0.6425038310510733 0.6354356127800456 0.6937946041743941 0.716298219208319 0.7290036936812216 0.708744983965529 0.7305860249412621 0.7454509675145504 0.7039579442934598 0.71437566478585 0.7163893126295113 0.6878517981574462 0.6846043051031794 0.7189157107661962 0.7184353403938922 0.7043853177650448 0.6925441896164991 0.7173335724662164 0.7394012412822232 0.7263948029145052 0.7043531298720751 0.7213302832604175 0.7118407268195497 0.6933784440132875 0.6840339180670998 0.6677865200905886 0.6458987027235622 0.6295513197128116 0.6242572000891861 0.6427599057199395
0.642180904031553 0.6772005566077783 0.6492563380378039 0.6562541174327852 0.6757095087853628 0.7072590842420107 0.7029234725861375 0.7072908445801158 0.6552477714888442 0.6178031252925044 0.6286177865204413 0.6518853052255543 0.6486607046557769 0.623845695549086 0.6610349455816318 0.6912626406605219 0.6653569620901547 0.6720351315475549 0.6998799137655284 0.7252361161386126 0.7150858410765538 0.7085530203896221 0.7175020890152092 0.7206349211671542 0.6804284895979911 0.698812424768184 0.7077081774840756 0.723882303744012 0.7374616265431356 0.7062613896628054 0.7015668105032453 0.7537038305797894 0.7479653009915987 0.7433628647171682 0.6957001921918307 0.6725193728363082 0.6637082377144826 0.6505192497826684 0.6859866486736176 0.6936109478198108 0.6543024903092982 0.6271530571141238 0.6479435484554918
0.6193020335730098 0.6493464561671244 0.6628480055406929 0.688615276767293 0.6523059290875566 0.6592503931311253 0.689174367901028 0.6864185513362453 0.646076967322798 0.6392081609785438 0.6076142542796131 0.6173770483941545 0.6228318530801735 0.5995588491495444 0.6153207072884521 0.6807254992720185 0.6732552858852634 0.6677246102552794 0.6691783432116378 0.664278080863096 0.6912421713169785 0.6900870538007462 0.693321193197269 0.7066108721191338 0.7148070019084843 0.7255730483787446 0.7119500470522938 0.707114306711993 0.7469539806988942 0.7301883824640911 0.7141072121722721 0.7467724672723189 0.7501326754966225 0.7352887812619491 0.6926980130062008 0.6984566440790024 0.6837862470662183 0.6828254420269323 0.6801676387844534 0.6957641845031675 0.6362281063714891 0.6021548561038857 0.6280767701454538
0.6231303909504747 0.613034883398594 0.6436588020103707 0.685474140828294 0.6544398173273059 0.6470291058869042 0.6816177103464389 0.7049148084813643 0.659084608075233 0.6371187705895118 0.6197079916086009 0.6099031190841212 0.5914357019432236 0.5712085173267375 0.6182110585322143 0.6458779912692297 0.6648776889468923 0.6831299217160999 0.6844546936756009 0.6558845579013637 0.6885628097525582 0.6961497971979044 0.7121993255351285 0.71438536595039 0.6900538061130801 0.7115922333982732 0.7270378763264431 0.7429150566163301 0.7172333904004249 0.7154336802988505 0.7418733288401502 0.7281504602206081 0.715735877898646 0.703401183685454 0.6946453523634272 0.6792735587167019 0.666667788138626 0.6738392075565379 0.6826361663625016 0.7046286888843921 0.6661921574015477 0.6160622348527134 0.6138829843375846
0.6008460080181317 0.6106010123962757 0.6471034132614275 0.6594869483054102 0.6514679928113846 0.6483518673962722 0.6563675414953938 0.6462036449846158 0.6313584074009378 0.6205686857137571 0.6174105399522398 0.5900678322305951 0.5706355425979531 0.5713559950076061 0.5785817277239905 0.6221290794962869 0.6310684819238176 0.6337042119816502 0.6437344136438414 0.6339140083752344 0.6557571195176267 0.6905549472510655 0.6955134779576453 0.6947541532589411 0.6740447086839071 0.6913091581998775 0.686849542517003 0.6842127050582781 0.6904505119279857 0.7180095740713192 0.729757503098965 0.7110300025226878 0.6913602142919002 0.7083707560626651 0.7082299748790056 0.6772806099025365 0.6797328623408985 0.6970918656825429 0.7076317729830068 0.7151136208968677 0.6693156383125579 0.6391870247659845 0.6309233252665517
0.6406727611543563 0.5935779022681275 0.594272737987125 0.6046579851613043 0.619383532860206 0.5978314908680507 0.589219802243227 0.5843228221629428 0.577950027795659 0.5813507193853682 0.5942109813745912 0.5859225933397116 0.5566132366039779 0.5513505044434239 0.5570851787266601 0.6098260914385164 0.6002953233307854 0.6377059350284462 0.6133256082994121 0.60808181361669 0.6499848878304046 0.6360947673437105 0.6419304859540556 0.6479717458601845 0.6363840529849764 0.671270418271062 0.6663062168710965 0.6729318598801741 0.669629995721291 0.6843351909224669 0.7259048535408733 0.7117147506247072 0.6839612918929368 0.6991409948265425 0.701520955045422 0.7256174168994166 0.6956209975030724 0.7085900685604783 0.6953514339257505 0.6808036532784887 0.6549692073996173 0.633254899373293 0.6200229415395035
0.6309981651480648 0.6006734200474343 0.5828026726407048 0.5815755879591542 0.5993320165091048 0.5695180005023289 0.5579061140375025 0.5403929329406938 0.5518622942982684 0.5766215634554619 0.5794635871656459 0.5875816161525472 0.5475108217466906 0.5408749932390792 0.5610063781403922 0.6110964953599445 0.6144578310521163 0.5982774693765122 0.601571741237444 0.6028780803174658 0.6137380918513667 0.6380268814175817 0.6513431444865008 0.6460974070385448 0.6438133933242149 0.6579649200873194 0.6239998961790241 0.5971206819881681 0.6208920441866761 0.6589148996117156 0.6877016061058377 0.6731236987682342 0.6867839382983951 0.6432446892934407 0.6671810912708405 0.7010744867503518 0.6965912571727667 0.692551532360849 0.679465114600244 0.6831243900730152 0.6639130213668748 0.6762066968994899 0.6563339256678691
0.6046139471935018 0.6201467281422174 0.5974228011529478 0.5854347891008472 0.5762277313024512 0.5756741234944642 0.5698690804296914 0.5275799686477814 0.5277840590103762 0.5421035808197553 0.555584705007572 0.5365823548388504 0.5466295241206167 0.520424316689784 0.5655065601004192 0.5708691743121674 0.5649756571893554 0.5532770117656111 0.5626100401196168 0.577705557715165 0.6036500747513414 0.6230656293486533 0.641911049197582 0.622801941844576 0.5906510862957034 0.5948715890703946 0.5756599761421133 0.5647430717728547 0.5890459218758681 0.6427011017265204 0.6570962128086603 0.6203306303169801 0.6322398232771702 0.617408023593666 0.6585315870977754 0.683208134452903 0.6922787982452147 0.6571176081323488 0.6853927690607644 0.7027704073425274 0.6862307502055444 0.6814780323152047 0.6481149400312817
0.6180563286668731 0.6161044573048906 0.5527041943486275 0.5691586658238824 0.5447365230928232 0.5610537903469698 0.559635377791325 0.5453442859193017 0.5102227256838727 0.5228758108283034 0.5097356947565026 0.5081319665279612 0.5240225772105017 0.5401978442509606 0.538022719888302 0.5546259140404609 0.5625599472831734 0.5510004076429478 0.5419209503103954 0.5274483054994634 0.5774164915078127 0.6102270914753987 0.5999022273631152 0.593759529907665 0.5840018585722967 0.5521301642899575 0.5736254972900094 0.5708202192060279 0.5607767043581763 0.5945773629319554 0.6295456980080527 0.6366460149896379 0.6282044132405528 0.6328145875844283 0.6387633191330663 0.6775952882976918 0.6586566249520746 0.6610129148448071 0.6317033954565021 0.6698198413003575 0.6957123273944574 0.6706569974680683 0.670694840784134
0.5784931776495449 0.5883936535220277 0.5457947084785821 0.5017140979603953 0.5053918927390773 0.5318438521385153 0.5416653445663128 0.5051958572120324 0.49955740221423117 0.49538149928675856 0.5108977197343959 0.4794147886335102 0.5238652620535434 0.5406605573613542 0.5725120028487535 0.5799872841881056 0.5543583705056339 0.514937708729512 0.5016625334748827 0.49000290007792846 0.5259500858930108 0.5536047623759955 0.5364467813082088 0.5442737390021949 0.5333561607603339 0.5330573462425421 0.53549215744554 0.5380796763231518 0.5349104391616307 0.5464686432625535 0.5759423948485751 0.6337107613597912 0.656876948517583 0.6319416030231545 0.6198229961683829 0.6735652155141326 0.6218874949578643 0.6134015774719659 0.6209380997180588 0.6421092678576922 0.6761650572893814 0.6693701778852159 0.690763051955014
0.5900594885519098 0.5689748843134417 0.5455256706408732 0.48545474342468087 0.5258115755399295 0.5033254042310964 0.47358266562157997 0.46505951058381806 0.45394112714823737 0.4387204639427814 0.45881089100871303 0.46137185964380606 0.5023145483969964 0.5395007448121966 0.5452143271421814 0.5758945591767272 0.5568237699050951 0.5106029937851376 0.49998456553649734 0.5162983230384969 0.5142685388776231 0.5078603844283738 0.499148575491216 0.4899261097336304 0.5023863132926155 0.529488547187642 0.5432956467450291 0.5172254977374668 0.5377771676193986 0.556405959239184 0.5833827398681827 0.6276418117100858 0.644998049478287 0.6121145976546687 0.6251587164155111 0.6482537635485375 0.6301302514518007 0.578156014065587 0.5798359316756846 0.6064079651306509 0.6103430930909339 0.6094345484301306 0.6659951252839746
0.5572503426462702 0.5710912592635526 0.5041233245790365 0.46447015996702273 0.4876784332230412 0.5065982042139998 0.45435551846038263 0.40497254960528134 0.41252177727715617 0.42136426709022795 0.44627979187387357 0.4336850387439668 0.4566182916326249 0.5256047393676255 0.5378004234550429 0.5341884077551228 0.5502779819224033 0.537036188979087 0.48788772126332447 0.47653002543473166 0.48530725287479115 0.45935132112540694 0.4467506020219336 0.4606173123980724 0.4867843254715006 0.519888153878935 0.4937749877374836 0.48579003885251026 0.5239720419494469 0.5173245173589908 0.5780194645180696 0.6239801297292356 0.6031817278815942 0.6026624261204176 0.6033333685970386 0.621831736526335 0.6087917506146402 0.5586739336504274 0.5656291605270214 0.5899525723606365 0.5787555009267514 0.584725070469051 0.6417649098673064
0.5158539397990697 0.4968045454826788 0.4820691735297899 0.4460630258334953 0.46765132546379595 0.49067537594396776 0.4438188549800032 0.444670380909279 0.406030228756287 0.4045401012521913 0.4334658083060692 0.46389611418627125 0.44774355316995174 0.4675165276812754 0.5065163681692925 0.48878965391991147 0.48801968325761064 0.532216300313979 0.5041825923512819 0.47535688528651165 0.4531721472320651 0.423426158715747 0.431652563748662 0.4269619416940752 0.45801956415874323 0.46743034252204085 0.5102318770460185 0.5243438616530519 0.5265428038970484 0.5290981673911698 0.5729979833861748 0.5865442189542998 0.6028620571684341 0.6067533287272229 0.5901729719928651 0.5917673685861995 0.5632177608734364 0.543838625629777 0.5661697447019965 0.5952645074448747 0.5830929387543059 0.5678324951761384 0.5992821995513984
0.4791250001160436 0.5144989678302699 0.47751017694101894 0.44716196953768395 0.4682196909755938 0.4816761658249056 0.4810499548600893 0.4462326294205371 0.4277959953881965 0.4309508063929331 0.4634184110666759 0.4592096884556512 0.4815326175423026 0.4555607297246021 0.44698326888808054 0.46354732932057435 0.4835501293733698 0.5058433748804526 0.489101786183149 0.5120856515017634 0.4495620535855553 0.4444938532564142 0.4315351476948174 0.454377658590736 0.4671344633417263 0.43528732896848543 0.5098431039518029 0.5242807940663167 0.5366481560636548 0.5007778434848627 0.5180036179421689 0.5548371816264629 0.5862556451656993 0.5882056491999322 0.5446726055336304 0.5385538893023749 0.5385293564137933 0.533670786563715 0.5359499738867481 0.5466433615699555 0.5715820057222422 0.5778165123900211 0.5991862248260955
0.4727516123426879 0.4826211592932603 0.4616277680038952 0.43695848262380305 0.44315777725057104 0.44701925523016606 0.4621053380504695 0.4570500701227502 0.4632282410155171 0.4424901211069351 0.46302461975049036 0.46509348591243976 0.4684010604086221 0.48133936482470546 0.4511359067483022 0.44890173449171966 0.46306968693184125 0.463152395954047 0.4904010611568963 0.4856664264738256 0.4677440058184602 0.43547276550525144 0.40925983666231064 0.44710310404481945 0.4504891532052841 0.44928637349600375 0.49751125447450384 0.5137912386251748 0.54443528843303 0.5334799265701149 0.5257889349568738 0.5550966110436988 0.5482012861692598 0.5576944936752747 0.5380744238492207 0.49526948750195077 0.4900889496508451 0.524587147759951 0.5232530334932476 0.5489075895077428 0.567473653520871 0.546234397084337 0.5739206919033568
0.4420081756772006 0.4193947189532771 0.4395095194195371 0.4216895208219182 0.4299218306095467 0.4213679607255619 0.44074829818824013 0.503892231824572 0.465380006338385 0.44975709326293467 0.47807004784683127 0.5125867740174327 0.487588237515233 0.45752714372946235 0.49119533848484354 0.5033106342531869 0.46724182493553235 0.45821735708431394 0.44677765236400363 0.45386375965514275 0.44298063927491504 0.3925236244380211 0.39801406788842064 0.40115509714258907 0.4110632318158455 0.4425050255264585 0.4733373566580966 0.5441861679454882 0.5540777155428668 0.5245750806864418 0.5176466057206496 0.514659211036891 0.5287650984679206 0.5210071729973381 0.5090329178279969 0.4805962987326223 0.48933426079286074 0.4941793884791457 0.506924040288145 0.5370991323085464 0.5435239870653824 0.5253262316609649 0.5702978119725494
0.4364629270049128 0.4382373956135353 0.405825118143862 0.40991128789699527 0.4341100576197558 0.4202575552991253 0.42086728443624644 0.4605455026831369 0.4798904777454713 0.46143054148480445 0.49008705301079075 0.493805214944158 0.46802799114051963 0.4546555445904454 0.4778290573145607 0.4970225617592556 0.453806335715467 0.46761165722369286 0.4340049894053653 0.44506683401503494 0.42282919392537466 0.39640073669545584 0.4053685794519346 0.3952853589540213 0.42508210355721254 0.4432399499692667 0.5014599278538561 0.5339133886722787 0.5185785956088933 0.5180809020231291 0.4844757431984877 0.5078032488498246 0.501841668416387 0.49689610696666 0.5151601230927846 0.4998567400425602 0.5055267162846196 0.5306767986320242 0.5207571503986208 0.5425853654032644 0.5483751836335014 0.524721579831537 0.5422273489670004
0.38018020102216615 0.4228882294863439 0.41152900146286575 0.3962061622673678 0.39003471109861537 0.41710069140805034 0.45191473422971634 0.4328606392410369 0.4675426066156295 0.44409938462223725 0.44975252115653697 0.48928284428107865 0.4770472893802777 0.43208387486719124 0.42949725516396814 0.46683026771794833 0.4407938722803112 0.46789089010269086 0.40924609316182026 0.40180009604487726 0.38195312376895707 0.4062184123440276 0.4118174239843331 0.37731660136757533 0.4273239840143311 0.425531485068772 0.4754783788418725 0.5057706805226339 0.46781573443255503 0.4636192220867206 0.4712407671027189 0.5119581778121222 0.5178435038842176 0.4782642348596569 0.5156605505802903 0.5155788577748937 0.5136999175326604 0.5343711352207265 0.5046155974881869 0.5339980439374453 0.5304106015591589 0.5213203786283853 0.5388056406865345
0.37844414433643825 0.4024737814027194 0.3644278840517581 0.34219291266048174 0.3743370647773543 0.3879034831694333 0.4468844893981219 0.45906535789838177 0.46665052155140596 0.42264140700835007 0.44982930032024165 0.4645411867242425 0.45271766965067806 0.43833037579930645 0.42320080513051617 0.44187318296787453 0.4413022795788568 0.41521247640631836 0.41629200515740417 0.367647960214721 0.3606715219014648 0.36913005246340364 0.3863812223293216 0.4121370786761576 0.41271761630132964 0.4274821151199561 0.47305283634311673 0.4648001278937273 0.47619932829196954 0.4890482586729886 0.500870341291947 0.510500626196281 0.501735719670108 0.463113978180951 0.5038556959835235 0.5011584980491842 0.5243547713260522 0.47403668495056306 0.4750936619173692 0.4707510530326894 0.5089825711162602 0.5365614454241274 0.505938231668441
