Raster_benchmarking/DGGS/continuous/raster-203.asc
NCOLS 100
NROWS 100
XLLCORNER 1743150.7086642594
YLLCORNER 5469294.587360926
CELLSIZE 10
NODATA_VALUE -9999
[rows 57 to 75 of 100, columns 43 to 85 of 100]
0.9254727158017889 0.8865932048633728 0.85268088432823 0.9043769450091034 0.9456286589948653 0.9689398749885224 0.9616906613384191 0.9155632198112419 0.9362771702830198 0.9143372260976652 0.8809951158235088 0.8696371679024534 0.8735305697749892 0.8535382812747395 0.8004998376633539 0.7480788568888158 0.7648556103279398 0.6937981272869517 0.6705289179603785 0.65913460872001 0.6859082011797116 0.6996086402718845 0.6634267604449177 0.6465772918525862 0.6443800472694546 0.6530331905492446 0.6230330443286936 0.5740469027311301 0.6001916139067491 0.5815212890163437 0.5420890511998122 0.5176057654977577 0.5243184617124521 0.5141489823429499 0.5429456132905743 0.5210343683820928 0.4750518129267247 0.45153945126834916 0.48569283853191286 0.4449254734938503 0.37038684558471735 0.386611846556577 0.365385678308333
0.8899875216832388 0.893143365479937 0.8913708031141765 0.9001309115724222 0.9087425755345807 0.9078144094078329 0.9573649219889092 0.9350081262059525 0.9195973267652178 0.8800803145292999 0.8806324308847886 0.8741628594256736 0.8534303933906312 0.7908229663357504 0.7537325744430072 0.7414830979395428 0.7164115009831532 0.706119540131534 0.6762890732765352 0.6723234600877753 0.6399051117654314 0.6768465924799737 0.6518157665958153 0.6527025886246788 0.6665900617567518 0.6272503749212872 0.634219157157347 0.5812616014020561 0.567897922245332 0.5556855939102149 0.5264249769850625 0.4809718218631751 0.4872414932587453 0.5006138250574422 0.5064331059977331 0.4698144820395542 0.4390761823548604 0.4459853853786717 0.4397651977274467 0.39899688160847324 0.3808383473443341 0.35295306263892334 0.33392713293161314
0.8566782913542498 0.8952464199002437 0.8707917169462159 0.916030437416451 0.943157825723942 0.9167166449327447 0.9061047555567486 0.8968362697064592 0.8486737999466599 0.8600086662823365 0.8857404609204219 0.8305868441287237 0.7675554917876994 0.7491274719646843 0.7601075824110244 0.7191617678868722 0.7235762323067833 0.6397201828962007 0.6086468203266442 0.5951084913690702 0.6172527862530437 0.6481037691608167 0.6275707074829004 0.6245663370351867 0.647961005799492 0.6388514710045367 0.6352027090016715 0.5688694544710675 0.5494147275362945 0.5082710203156877 0.5128717896689151 0.4861456242576225 0.4609434110990987 0.4579679767831258 0.44636458943640156 0.43296380499267906 0.4687729040640315 0.43794095648901016 0.432810557508148 0.40096162431237586 0.3722470992622085 0.3391586039373101 0.3688138618066715
0.8401472481925978 0.8561522214669977 0.8836651485983771 0.863294325446803 0.9240904174243227 0.9133899683958795 0.9212902644244297 0.8742648544472336 0.8788462433034734 0.8451180195659648 0.8516809041141783 0.81037062848234 0.7954644168586712 0.7666249468690159 0.7347989018921485 0.7296168457022962 0.7085477592515742 0.6471890393890118 0.6420564730939979 0.5868648663030216 0.6318446463422212 0.6131509988518635 0.6173565908003213 0.6051044961347033 0.6485680221810225 0.6121605114665798 0.6043765842457104 0.5627347654322731 0.5597162056626835 0.49894266215004174 0.5038794469958227 0.4938751440177592 0.47703288643276776 0.43882136780269143 0.4524317455427605 0.43642231011352706 0.4832285881847482 0.43799253359681883 0.4169647309150432 0.4402776940953263 0.41886719353170176 0.36085502437917905 0.390005459500162
0.8258275614760295 0.8594632383255034 0.8416818892845518 0.8588949201741275 0.8887942762296732 0.8926685983903613 0.8759510165643754 0.84263229648328 0.8389614907484969 0.8155296964312158 0.8321560695126746 0.8166441214357527 0.7454302302309683 0.7537823567944592 0.6995150147545297 0.6998944882156763 0.7052370645290863 0.667120717450002 0.6151967998007712 0.6302284114619326 0.6178855762141587 0.6260495900460857 0.6064577443526582 0.5975035340711136 0.6349346069069501 0.6331447550703804 0.6027643174754217 0.5357382976925557 0.5304908625698159 0.5460382658307501 0.5286826026026387 0.519837287792266 0.5295741716084605 0.4983037952541481 0.4420695849683851 0.46117506422794613 0.4980707758388779 0.504892095068541 0.46432093452257417 0.4487186871011532 0.4358444154756919 0.39112210184332197 0.3851019180257535
0.8116794068944287 0.8041643279835423 0.8450766684596202 0.8680833845997873 0.8813727295161737 0.8825213866334571 0.863664812863587 0.8197179740903922 0.8385224138735782 0.8071339853242636 0.8050399450624461 0.752769145545047 0.7486110058315479 0.6915584205390443 0.7124767521535156 0.7395515570100941 0.7448061680703999 0.7118557603261791 0.6611376988935095 0.6227923834101979 0.6185684482575197 0.6313428994143052 0.6419822374857729 0.6148406263790657 0.5757602290605068 0.5847561467045881 0.5874291959023316 0.5498951508768678 0.5484862799320782 0.558056189590036 0.5248194145362391 0.5570965953647672 0.5252998339567709 0.5095596524451038 0.44954407629235954 0.4696255222592957 0.4759900675850069 0.49551675260203415 0.4860935732366919 0.4659409610274866 0.42309836066891526 0.43750609158072146 0.36917414950136507
0.7772904994880621 0.8493076407518888 0.8895837471460722 0.8690722066596155 0.826292105573585 0.8661176527428596 0.8365257104201118 0.8348026453113443 0.7854630499834371 0.7686994521151029 0.8071441363042 0.7262106518590128 0.7273102358327673 0.6943474920142226 0.7076185617838572 0.7097863889829091 0.7451886227244262 0.7321650677770629 0.6630352625774731 0.6343263504604051 0.6497180676543218 0.6349377781792737 0.690381750758285 0.6151499755196598 0.5948292451570635 0.5974476023195482 0.5904419272023829 0.5711692485831529 0.5697378389569819 0.5814846410871551 0.5749608864729966 0.5351644276127017 0.5253418297860699 0.48163860282344234 0.44159221634539064 0.4350811403412519 0.4753448166877982 0.488006740636035 0.4767652612928415 0.4596262843187006 0.4162029839225506 0.43466611125747157 0.43213573332853134
0.7884753202654182 0.8262457634669436 0.8084725572158693 0.8327109590155974 0.8079001451884081 0.7952054920583929 0.7954380769463025 0.8369869947389736 0.8084569576930396 0.7909530812256014 0.7457565062742474 0.7363768216447801 0.744930477121207 0.7131324979270534 0.7188077062878825 0.7244462939242725 0.6973973653106506 0.7201418956753127 0.6788478394705924 0.6881511519879805 0.6826935788816682 0.6534479452579728 0.6509982612032834 0.6475060307020727 0.6038766003997769 0.592616130820811 0.619127993530909 0.6028261265470328 0.596024228971595 0.5543800054783067 0.5098267322139992 0.4953957295185292 0.4727793085948376 0.4433515638147059 0.47742009905424404 0.4744389889973846 0.46462968455742026 0.4476770968212196 0.4866586947293735 0.4716977120884523 0.4343719788029902 0.4215743771635558 0.4219936778513985
0.8225231410887051 0.7989678156194944 0.7737826584770227 0.7850033332034657 0.7918473181400962 0.8095970047487512 0.8107970948881204 0.7758736875937258 0.8007809350534286 0.7399404092648048 0.741468409059783 0.7665941666168937 0.7293436240605136 0.7490543909271945 0.7195403513319114 0.7483996779506841 0.7025095537620891 0.7004803461897241 0.7012559884313052 0.7427135593766729 0.7246491124801036 0.6962283483194397 0.646263621845295 0.6655754611845744 0.6119406628928338 0.6316561582151203 0.6244685787565052 0.617050604985252 0.5863546647994938 0.544700891479881 0.46471918927869565 0.46543666866972827 0.42123469776676914 0.42850085926067216 0.4720166299276962 0.4288066630297816 0.43262998102007605 0.45096734844186553 0.4313725362492821 0.4627731265425167 0.43809784012197 0.4734656871855726 0.45858770641781865
0.7615191609107774 0.795254183843505 0.7763805453461127 0.7120208387636892 0.7170641873122603 0.7416413156129402 0.7812418719423798 0.7615487490396966 0.7822258414080812 0.7515461973295148 0.7399118363053665 0.7423314491240672 0.7526742066813047 0.7758952962132061 0.7715070003695205 0.7622853711455062 0.6889623980701056 0.6811357020060043 0.7108491098307391 0.7352955150713012 0.694171723739863 0.7075914268030198 0.6702721538897543 0.6580730795296987 0.6353524393291334 0.6261441318322821 0.613222178074728 0.6088735690831621 0.5749171432514296 0.5339734181610104 0.5093104411856881 0.43714172264334067 0.45356610246786216 0.467643473563623 0.4317464699210578 0.40102661363820696 0.4338088255565696 0.4232141519087882 0.43885492575447516 0.4448799353132936 0.478751712201121 0.48605126438957136 0.4745675874114067
0.7699742644816389 0.7780013275412362 0.6977450516212985 0.6806011040041956 0.7037860893669067 0.6923973124932248 0.6987196438263019 0.7726193725268639 0.7975986407358283 0.7462019732491909 0.7540023085371755 0.7498468267601502 0.7371536873563541 0.7560813387763364 0.8361613427513783 0.7725851760735926 0.7143042320549418 0.6720234028801878 0.6916873402196398 0.7379092919976303 0.7298441475375713 0.7303249854487596 0.7033332134902439 0.7181966795108786 0.7046439967682848 0.6601232687509541 0.6449148558461579 0.5694598718736253 0.5354585391615103 0.48787058471891703 0.4830094058253481 0.45229397988652964 0.4759001636781345 0.4518230217305699 0.3784230458098897 0.4023658116040328 0.3759086337307231 0.3783760493077478 0.401228546129779 0.47785730596563586 0.48497645235931763 0.44478081052541396 0.466677372640405
0.7375169333477575 0.7414503179827441 0.7344308606171349 0.7056128045097829 0.7332197966279647 0.7284584228204236 0.6959567134801495 0.7146426584967845 0.7551148157321118 0.7374620009399323 0.6933777232602252 0.7114057463280966 0.7071719099844462 0.7609859525701932 0.7761628924795861 0.7933513154451183 0.7169113350454548 0.7023780901190543 0.7260668428911293 0.7261294003799071 0.6977253934891281 0.7207881718139516 0.7003787273857823 0.6796869113822555 0.6529691445042909 0.6539151855252984 0.6211550187345283 0.5685157180630837 0.539224453643312 0.5050290875053868 0.46011745922631025 0.48245653233789304 0.4632905835912468 0.4386181085791332 0.3983850592525474 0.40043538291579267 0.3903347530264881 0.42574953926503256 0.45813529344785225 0.4660184381396088 0.5008281476318 0.4671346518724356 0.4635695507352049
0.7134491163733597 0.6936539321358288 0.7008039919312324 0.686572105577281 0.737950859667564 0.7200601905585603 0.7172593777948033 0.6837978007114701 0.7265537523112504 0.7282796761689225 0.6684202078948162 0.7161950837694885 0.736837352700829 0.7725805900427343 0.8146835266773985 0.794062249878122 0.7173459984632693 0.7035399026943534 0.7097056778640849 0.7343500665001073 0.7071231803842594 0.7093121058159524 0.7217495022271876 0.6690091601124434 0.6442690717375242 0.6077668227868995 0.6173343111201205 0.6082634778511558 0.5373934860482027 0.4913983568788171 0.48533740482061355 0.4811295146191535 0.43615225539577496 0.4291762903736122 0.4749861738075902 0.4398045024478285 0.4313792479096315 0.4752485921108449 0.497380217075714 0.5142012284501862 0.49206552134393433 0.4835967188793601 0.4843757383067117
0.7243345645730875 0.7214215476163073 0.7331716505390735 0.7185171389440848 0.7042318573751407 0.7332647535375715 0.7007632780747344 0.69725524272316 0.6797156414812117 0.6987326898591532 0.6863486410900407 0.710682410529776 0.7308510890743113 0.7308312042820992 0.779661819959564 0.7762739482538652 0.7645163909572338 0.7559914776927841 0.7566742708320584 0.7385014855565463 0.7441203846818996 0.7110029640092502 0.6731210960570277 0.6595860258897158 0.643900311691443 0.6407327094709252 0.6098744032282127 0.594748304770206 0.5398875577836119 0.5448921799742543 0.5095117699145024 0.47513577248102284 0.4403833654857047 0.4646832480696124 0.4881071652490468 0.4624200827160217 0.45811354815034583 0.47411007454231324 0.5119423139142532 0.5151578668461421 0.49323416735692355 0.46812603404092207 0.4548804881295006
0.7659617458237228 0.7159986611918225 0.7672334617843884 0.7201307565872989 0.7182699477803095 0.6965701365227153 0.7369342835620012 0.7197409953478503 0.7061527558403478 0.6551158976719812 0.6423560877386734 0.6891625874678529 0.7090415830510304 0.7534949989261754 0.7822359100652426 0.7978663946479065 0.7751992616931113 0.7074951108339251 0.705079644147527 0.7281342436346281 0.7066129810472138 0.6921371634556299 0.6339648085221691 0.6326376146940221 0.653861092259071 0.6476402794923064 0.5851999978907999 0.608158686965981 0.5922016053852016 0.523382276244116 0.47498039717413704 0.4467836087459733 0.4711320954234389 0.4747270054000491 0.44216368861796246 0.4506251948166949 0.4931777027280879 0.4980956402417366 0.5156481641441686 0.4726950991048138 0.47052647212331633 0.42278320440573947 0.43341303555452865
0.7083870006945215 0.7110401073489846 0.7352640984858272 0.7451929939582139 0.7145729894306937 0.710472027810848 0.715124719413392 0.6770081974461418 0.6850401759357556 0.6732811453390668 0.6791724321460851 0.6485110181106758 0.7096021174343116 0.7077500523130265 0.7459094744746 0.7398214392931306 0.7255196868408833 0.6907655129160309 0.6527496084881153 0.6906095036914119 0.7043258037885962 0.6606440821884384 0.6097149150654799 0.6513894202392992 0.6329668816492181 0.6178011215127233 0.5806327647994329 0.5405061910923948 0.5366605899787801 0.5560285556708694 0.47444599877903854 0.47991887308702785 0.44631792580786106 0.4528911714415029 0.46285223144118814 0.4914733007795124 0.5014087623093877 0.5215411790717167 0.48651738782218235 0.4637646408050525 0.4614855756073409 0.44518089608132566 0.44267943134714044
0.7100235534992089 0.7059413861037606 0.6795113699945554 0.6939774566843016 0.6906514151412498 0.6826925849555978 0.7152579664731952 0.661495308588388 0.6207723916837836 0.6528485287782856 0.656372382608016 0.6786733601910939 0.6707754761270865 0.7124288197681122 0.7191165193739054 0.7125641286223415 0.6870252459011981 0.6797647572580641 0.6424128542626502 0.6787498622837442 0.6708666468331396 0.6481748650221527 0.5770059642573526 0.6100295888226572 0.6140873302134201 0.5714913379642719 0.5405822313966852 0.5515384046820838 0.5652871843940448 0.5518731437330973 0.49282768404413774 0.5107856759240641 0.49045293104529725 0.501114999509286 0.46266203923221955 0.5230752656669566 0.5181116176789269 0.4838672232686644 0.473430606958797 0.4756291945302489 0.44953201842900686 0.4156542771864737 0.4221405472970238
0.7011654833417591 0.6883174229055063 0.7189457058961096 0.6760568977625544 0.7008362319810714 0.6820881341103728 0.691840554669526 0.6659821681516274 0.641017886636473 0.6067670708902675 0.6593538810567953 0.6707323047372499 0.673188800906986 0.6379010619366585 0.6519099035913402 0.6435597427119506 0.6297516036990968 0.6318264617861019 0.6111267966842142 0.6302452690681816 0.643801196648264 0.6362254288489291 0.587608304365413 0.5740128104637303 0.5724686587919181 0.5245120671735184 0.4910319974316944 0.5462886958963872 0.564914962393114 0.5129846776950676 0.5335989964683696 0.49954720220122345 0.4820481913239131 0.4748446914106778 0.49564205861078153 0.5213703137879272 0.5091982150929585 0.48060333579929065 0.482361670642204 0.464255003834125 0.455726421759835 0.4149330987149059 0.40462324116715487
0.6851356184852303 0.7211911964383568 0.7255078332576925 0.7200877113903706 0.6628894957414612 0.6492124881176697 0.6180818909269313 0.6318219980194532 0.5887670322302494 0.6327084388840009 0.6431508340726068 0.6764846378389044 0.6612430427935071 0.63362787441991 0.6278950325851459 0.6613089841875734 0.6356082291541141 0.580013103582228 0.5839232838535939 0.6107540957775026 0.6376063879317208 0.6069650117578052 0.5538971657552232 0.5454794061035444 0.5915577531177565 0.561051330534335 0.4691184450062681 0.5244200353922119 0.5503479607834981 0.5365115063363133 0.5561860292953231 0.49377679308428524 0.5176902754104632 0.5041589183155877 0.525284163271895 0.5036802923177147 0.5117553005456195 0.5216645160957861 0.4971438181566382 0.4601146008653961 0.43576053262069797 0.4278403538552494 0.4364017697194404
