Raster_benchmarking/DGGS/continuous/raster-214.asc
NCOLS 100
NROWS 100
XLLCORNER 1743159.2859024454
YLLCORNER 5469286.57049605
CELLSIZE 10
NODATA_VALUE -9999
[rows 38 to 56 of 100, columns 0 to 42 of 100]
0.2670125972840842 0.29534757475215834 0.27520044823736284 0.24791107679470306 0.24406485929569005 0.22159612241222482 0.229344094528313 0.23212688656982117 0.25006625134065225 0.23336847111566653 0.250162470944991 0.2946017525039752 0.29821878287067755 0.2743273219380088 0.29121482565879486 0.3042784269281094 0.3141864800693475 0.3388904391798073 0.35876130047151283 0.3564584012327924 0.3613934632635302 0.40215688441996583 0.410967679096884 0.43836048427425284 0.43721312775537974 0.4486846470500197 0.4812507769560712 0.5058575783667837 0.5394013740122955 0.6105323417162578 0.5927091212509511 0.5846451434280925 0.6199673020747348 0.5932790059394458 0.6372624838942922 0.6282325185931434 0.6587085232347021 0.6599199361284975 0.6754334267023899 0.6866082024875944 0.6584003385109874 0.6796164769819627 0.6859482332468868
0.28488997735683863 0.2685641581333273 0.255944546605065 0.2508516785653457 0.2473324437155922 0.2162662890962429 0.21658694596686154 0.2494580498461575 0.24449420111965847 0.2547327278827123 0.25825268449361005 0.27418941287697357 0.2839753372591458 0.3017327094298358 0.3007824597427647 0.3094700047818365 0.32866498592927734 0.3283942766076971 0.36643954800405387 0.34976750270122964 0.3781926074711897 0.41841526773190035 0.41949908509505673 0.42900175067872987 0.4343087742659873 0.4792476927310467 0.49882781014745503 0.558901686222402 0.5824888728276979 0.6189471252397233 0.6144054497233568 0.6165343865897824 0.6330588706122822 0.6255609990827588 0.6299853091812287 0.645861037128237 0.6692610529854547 0.7089920261342268 0.7074330608625106 0.6912597434250242 0.6780119693099294 0.6770259666658806 0.7289924177193097
0.2822439462305535 0.2904167172290707 0.278827842143626 0.27952555382716654 0.2642754175837858 0.2533378637445415 0.24416740119347233 0.22973952680917378 0.2723655697320062 0.26809016692544635 0.29167264990448066 0.25903398182476695 0.2939404522966267 0.27662447848408667 0.3079292824040901 0.3499060095280586 0.35477363040718785 0.32843624847064234 0.37066126954206696 0.35324963098050643 0.3589566906751042 0.39769843445086217 0.41465007136717164 0.36802075047690774 0.4100732028463914 0.45509514149055974 0.5159995352319919 0.5605506035912713 0.6079008959277624 0.6282153700294023 0.6395761036257667 0.6846696493404272 0.6723843021479553 0.6665040750615556 0.6619648916594434 0.6265731834530609 0.6752825465593041 0.7128736884231938 0.6999661946764514 0.7328483547430488 0.726918331475513 0.6966339091428966 0.7366709742367982
0.31767825899241264 0.2855908987533749 0.2843124830583102 0.2977480137258375 0.27552427799954976 0.25930282027071033 0.2722562297603076 0.27600872982980384 0.285890493031499 0.2680363630195474 0.2946949005739332 0.2824095905163969 0.28612707662717707 0.2974022643513634 0.3403963827432988 0.34309137150253766 0.3591502708891715 0.3449227887799945 0.36232832042256224 0.39347717526962794 0.38270348953255756 0.4120993958895508 0.40244917637435224 0.3826815378156217 0.41059679953164707 0.4561595626554343 0.4675358993843817 0.5059307326060641 0.5738353251283073 0.6068318213890525 0.6039198934035711 0.631170848299826 0.6491737407010452 0.656675734434479 0.6730494957457055 0.6611772560776157 0.6819921048205151 0.7281618313701368 0.7233099935468074 0.7197970990694875 0.71271220608766 0.7088351977473408 0.7108598324070752
0.33800855656603146 0.3059615876113912 0.3054443926395231 0.2917543691221044 0.2831251498312907 0.2930783818199452 0.29566599851006053 0.30706629594530194 0.2871689175160199 0.28378709601950247 0.3119382289715027 0.307129896201848 0.30325458552308215 0.2978734757851215 0.3195941895958546 0.36160983991347057 0.3529862004081682 0.3594339463837874 0.36851544241234513 0.39905536219595145 0.39137441439103776 0.40073123140348854 0.3833962342795175 0.43357641200126196 0.4199096600362078 0.41995446354954824 0.44992159317144803 0.47993460058281395 0.5389450358036256 0.5664915896337068 0.6110595564617232 0.6072788172459063 0.6442097607186054 0.6631570955490897 0.6960836839821195 0.7010971876170976 0.7147491516553085 0.7327035982607905 0.7319787301036079 0.7422815167752392 0.7345463864921572 0.7514866946010419 0.7201026406819641
0.3104939365292598 0.3295866299986431 0.3236286975976586 0.3449487956315918 0.31485257348611556 0.30061502888293046 0.3244894313055207 0.32173556010418797 0.3016252362468186 0.29111907010378424 0.32678276430351016 0.3192502472308867 0.2960523706818539 0.3303533388374132 0.33444565583287245 0.35465826436899206 0.3815455230237958 0.40053236019636795 0.3834612521695593 0.3900083336124641 0.3798200502025368 0.38262126303853305 0.37518831876518893 0.4268525770406856 0.4236517439823203 0.42938065887318805 0.47772531995862066 0.49039100767852606 0.5146761280824655 0.5751564801756711 0.6209079700087679 0.6413754479350788 0.6393926909037595 0.6637205101595884 0.6780127128013375 0.7064541853380265 0.7458257703994865 0.7303286552991465 0.7445445116629287 0.7795945934997066 0.7803054963986235 0.7587081901068748 0.7479884526250203
0.3507075665910717 0.33371751124221655 0.3522717488921026 0.3609057209697909 0.34617823559504374 0.3538090180492645 0.3058637400943932 0.3139438247076898 0.2932751004821883 0.3250765631793435 0.3285545504116938 0.3127922362583251 0.30405462891696944 0.3418432373282635 0.3322558839060623 0.38047279247260024 0.3730316194016524 0.40986611853828253 0.41334763583176337 0.4001712574081719 0.39375228277449464 0.3597323947966985 0.3987746424813273 0.39409465143692934 0.42206922293877414 0.47532728482400594 0.4875392445534485 0.48644714225374386 0.5123623558769004 0.5871203037756082 0.6002662835913253 0.6359531570398157 0.6698386254706619 0.6505157435368317 0.6986722980454013 0.7170124030855037 0.7337902813478532 0.7460272288582923 0.7407060148790653 0.7846484719449683 0.7943461967416976 0.7746043253642876 0.7453279589602796
0.3274354754529583 0.3423388673233483 0.3303046122245209 0.32936692505357557 0.3581718880005096 0.32583616054481335 0.31042267698422743 0.29801063098378805 0.30386178554062704 0.29357704230698417 0.30169227383782127 0.30420853690582866 0.3365796885471888 0.3700175439688346 0.35863558800047124 0.3836481492953823 0.40450608485524864 0.3996196384022827 0.37976313493945785 0.3657892394773769 0.3809979265944965 0.3949693193397785 0.38743522937794367 0.39547661464825007 0.455015319288501 0.4972770984749326 0.5024262570948599 0.5325013329544143 0.5481011836184745 0.6011186301524326 0.6157623994472267 0.622160420225138 0.6656249668370752 0.6924643375462115 0.6930599861078334 0.6952603702592012 0.7047863299001181 0.7208372827154114 0.7406928776272538 0.7718328569179468 0.7606292444200617 0.7370247321748322 0.7087303913217377
0.34918091161512843 0.3404371391969175 0.3283336990743834 0.34897976298493333 0.3515694846155413 0.3445887451928837 0.3337809493929943 0.31113449635560797 0.3348085039091544 0.3334927821382949 0.30316073699984813 0.31846441033415435 0.33827438275607413 0.3601963612430182 0.35546883369804905 0.3906219270005815 0.36274937571126264 0.3675815110147387 0.35412258597935553 0.37913072660201874 0.36462345535950674 0.39025060655151056 0.3886505413458435 0.4196763365195706 0.464851553671445 0.4977985386917604 0.503527443541465 0.5271901265430049 0.5342423905782832 0.5654036983546779 0.58868865585059 0.6576557864054494 0.6778066666105766 0.6885819858852752 0.7147253903317381 0.7168860156115708 0.7214119032746019 0.7070984645979194 0.7124025027331332 0.716520319207543 0.7354337473153039 0.7201833996918398 0.7094348529772926
0.332447938925789 0.36799545343352863 0.371313767899271 0.36976872030732305 0.3787739126796531 0.370693262340404 0.34858980459303673 0.33062138794168106 0.3272359831840376 0.35437632194880186 0.33934968641011315 0.3367202238163284 0.30638809329509387 0.3423176827811956 0.33436953033842365 0.3422989225024314 0.3460613572541721 0.3467049706688151 0.36754026919641475 0.37795538142213475 0.3729582666115797 0.39986813315536335 0.4371867411909186 0.4626208195460867 0.45430636927273066 0.4873357327814924 0.49910423385169755 0.5341652236480229 0.5414574020632349 0.560263984752607 0.5907197801887026 0.6459580375860404 0.6733256784561938 0.6830782785577076 0.6917707994108142 0.7283936350939024 0.71913766086012 0.7144637566318097 0.7408879054454136 0.7181801999132192 0.7540479553158029 0.7238755359129317 0.7134155827440812
0.3134588608123771 0.3827179267584553 0.38333434675171785 0.37714152350765107 0.3574483601773525 0.3601778831472493 0.38037485552832545 0.38593997438942534 0.3515107761876767 0.3683181246528469 0.3367592278719876 0.29312524312027893 0.3172619029885406 0.32407532200899836 0.3446303224042312 0.32177635141685096 0.3374290322793275 0.3818997261436241 0.3849243263849152 0.36289660370888244 0.3983852022170775 0.41287496766152076 0.43540386153563915 0.4487008244468128 0.45137733800063184 0.49597866764015724 0.5205723874149379 0.5282535831439337 0.5265483098985672 0.5547843151406032 0.5669636262857086 0.610776035837116 0.6204923761477211 0.6538366034553762 0.6802970979848584 0.7316843868864871 0.7237330154226634 0.7124144099100606 0.7125960398548039 0.7453814622868966 0.7476726245608318 0.7434682937081394 0.7389087527735413
0.3408889313938399 0.3803057028603704 0.3696297665721369 0.36455536892260154 0.3781388649955244 0.39845168705294887 0.38259667851440865 0.4197833830413828 0.3842257776656055 0.3532191359965899 0.32962710311861515 0.318149907698283 0.32921383997634496 0.3445261347943684 0.3254337342181748 0.32161244582990955 0.33601829063824 0.3747981748158195 0.36346673259741336 0.3889053898608294 0.3723401479714181 0.3992883881956341 0.394074568619845 0.42115989448729474 0.4681808933045199 0.46361193244715654 0.48503863930377256 0.500528035261071 0.5255928266219239 0.5641237791982128 0.5478463437188844 0.5757061118444582 0.6008135632806896 0.6485365924159214 0.6407550950457557 0.6917771292708709 0.7115445690836794 0.7425706138006912 0.7324491916577388 0.7275286113869478 0.7176765874377655 0.7268257034305873 0.7084549348420218
0.3756703849780637 0.38458891964060066 0.38287831192440774 0.39059900924224983 0.39587540606840543 0.393157045878588 0.40069892374841487 0.43803663434858026 0.38191361119664013 0.3851552577269877 0.3506962742719766 0.3189684244397813 0.3193006661059141 0.34760777066438336 0.34674282628154146 0.3088829685395998 0.3547077822513567 0.38047769482211763 0.3742225136897118 0.3816964440172549 0.3847729922034831 0.37628753153105954 0.38907225574476534 0.3952890289674406 0.43531311950325496 0.4893663881496336 0.4762703582543843 0.4844293160717216 0.511385242360455 0.5429858420951089 0.5233238856971779 0.548880630282305 0.5747018241184652 0.6164892950905021 0.6185228312419718 0.646725541262908 0.7124617537007962 0.7256646180182436 0.7077372802666761 0.7196560388205476 0.687295359237399 0.6870322347700772 0.7178131372966928
0.3592303750098469 0.408394636182086 0.39214514941185497 0.40366091351962974 0.38119675742810627 0.3885305600496896 0.44138713949594294 0.44239245079297074 0.4049904608885131 0.41026094692254295 0.3637072198753747 0.3460557363075963 0.3617689699363047 0.3592098081697788 0.33939831938962445 0.3281823577474794 0.33961962726706263 0.3626848054378401 0.39859348354820906 0.39826254941014244 0.3990289491569956 0.3885072137183206 0.3731634787061808 0.40299801739890906 0.43066692746950275 0.46744555111996916 0.47481981028982934 0.4621442070581324 0.4993529116649381 0.5070946828893099 0.5221195990834852 0.5353393674848674 0.5509758834146171 0.6034557722340236 0.6046341782051641 0.6378441760119122 0.6772288915741335 0.7090439991894675 0.687305125276627 0.6986256908191486 0.6716621832471085 0.6598481598742653 0.7011477827822309
0.4049326695250471 0.41577786726143734 0.3927642512139557 0.3890089673296792 0.4118719588983481 0.42657135367811216 0.46350446962242425 0.47158206147414083 0.43135069795854875 0.3999942887387303 0.3996907550480994 0.36958287810843843 0.3802893739561396 0.36443253570093354 0.3529094085004639 0.3328683647246454 0.36299862838317615 0.36665337326790215 0.41152104773990905 0.4172667998910523 0.39139806876056227 0.39381733995038537 0.3871438936303062 0.40425977253443246 0.44158201390991036 0.46727250918335017 0.4763617368559662 0.4699885276375755 0.49165600891901035 0.5294254761875802 0.5413714238729207 0.5419907408473513 0.5670646158236613 0.5831348312767836 0.5922717112543177 0.637259297463746 0.6417580262462682 0.6780312943364328 0.6615644080659743 0.6728874420635796 0.6463414784067225 0.6699809420519911 0.6869268458503344
0.4369343191668689 0.4649539653337586 0.44809418942043067 0.43274376449026086 0.43117087553998007 0.44798330142671555 0.4855098625020244 0.49749072421829726 0.4766296787610804 0.42579487658786025 0.39815533718809715 0.3977881065831127 0.3610996979256353 0.3851369740359878 0.3713668131281977 0.338527153586696 0.3590736450011613 0.36449059100183123 0.3960943501011836 0.4385288081207691 0.4421712095295727 0.41206556113162435 0.433135310255436 0.43102458803017574 0.45321973122681664 0.4391853912992094 0.4729378040230781 0.46885628701477766 0.5236504701521457 0.551429609837076 0.5368284920531563 0.524730348026522 0.5582468488055752 0.5765859630759652 0.6156264601989502 0.6642167633936811 0.6615947985880282 0.6653448783288138 0.6454487251895837 0.6475453664895544 0.6596228064843563 0.6842378937781565 0.6770606287588768
0.4372391593099408 0.4707628465137954 0.4928001796186431 0.501349530043193 0.49596107733801986 0.4657657936888755 0.48330658963646017 0.5053477327510019 0.5071043068213752 0.4405974103843286 0.4257319841441834 0.38302614286720515 0.356454676776578 0.36119785393506226 0.3732889763613793 0.3725748084556049 0.39215468504013284 0.41939321468324586 0.44971712912934625 0.45844047861121606 0.4371687828371393 0.4647071948003427 0.47100538116194224 0.45931501263645824 0.45306464685907516 0.451728007927815 0.4637692964536269 0.48631401265377366 0.524819910123376 0.5257220679211322 0.5428444593265539 0.5326783948474482 0.5770674398341918 0.6161306824695446 0.6149966312280558 0.6550800360854755 0.6328310913325729 0.6606224309827082 0.6302113984876723 0.6377101419251793 0.6395152057278568 0.6795716789707089 0.6828762630095677
0.47643974775373477 0.5116595099488542 0.5369185660066398 0.5467463592620126 0.5174986720769367 0.5376173109809281 0.5434028861063135 0.5148434525450684 0.5221985538802957 0.456221343783341 0.4238111658336909 0.3986631502301373 0.3967555229760682 0.42641925688988047 0.4006631287300551 0.4256931077584826 0.43977049288397696 0.43758083296750333 0.46532331697380286 0.4698616337891724 0.46839504448709846 0.47692293608963243 0.451209934304459 0.4747223579357522 0.46168548736720705 0.5014217712025927 0.5107987055645093 0.5073778932743481 0.5476158900208914 0.5712055028193472 0.5721187585300941 0.5583437787806338 0.600339865649591 0.6390343785577309 0.6250324719739586 0.6466697885762174 0.6185814383970321 0.6381138735864423 0.627628282779949 0.6516538222273969 0.6622700414042396 0.6436684690045794 0.641166165145104
0.5046773697409027 0.5419369937057963 0.544136310114231 0.5533034558912664 0.5371735268561977 0.577854341286669 0.5891546805158796 0.5736814133369061 0.5160894447579504 0.49199009197622345 0.4795124213186935 0.45996412076133963 0.4424483112870382 0.4659403143651694 0.43825962320285206 0.41546104345294954 0.46250556828796485 0.46650104929288894 0.483852653101678 0.5038827353593703 0.49477189944046157 0.45323782180348654 0.4904879958740477 0.48359112697111284 0.47662070091519787 0.5021136170490322 0.5238668523172204 0.5266300614962807 0.5802387429491208 0.5856380661688246 0.5876721677618212 0.5826904025062675 0.6310697527784261 0.6401813075773646 0.616326767480108 0.6218799833823722 0.6295108819428016 0.5975995676772484 0.6141229474146909 0.6053764691788842 0.6551408103982399 0.664166221945896 0.672672847211944
