Raster_benchmarking/DGGS/continuous/raster-296.asc
NCOLS 100
NROWS 100
XLLCORNER 1743155.8618663817
YLLCORNER 5469293.899517269
CELLSIZE 10
NODATA_VALUE -9999
[rows 0 to 18 of 100, columns 42 to 83 of 100]
0.5050410161745899 0.5041827154644016 0.5364484846226302 0.5353598081084304 0.5523493116980888 0.5658899257564076 0.5589286977677805 0.5923726263231134 0.564523444849021 0.5671750323800803 0.5620513418667352 0.56671334829668 0.5687307255387206 0.5377096446867967 0.5408351847118107 0.5438513726864319 0.5625874625065428 0.5670458843373389 0.5544946307756097 0.5657633589365431 0.5673545577953099 0.5877109666266073 0.5605268961598415 0.556298806857016 0.5468388532868219 0.5788540770564646 0.5980931749967149 0.5921458267057802 0.5905532694516321 0.5946545440451868 0.5797975848372793 0.528229966457955 0.5293267416246353 0.5016984371648817 0.4594006589339937 0.4590714308371957 0.42939085605564836 0.3994478165718749 0.3987750380912714 0.3771723371479545 0.3728130423048377 0.41002982098409385
0.5128087019517663 0.48426600578630347 0.5210102085772746 0.5198493439985522 0.5184247825713154 0.5331116469387805 0.5713394760153443 0.5863891514388764 0.5650556245330448 0.6097856124020703 0.6194712624490789 0.6083010541457502 0.5974507306049456 0.570929730484934 0.5401958677851816 0.5441669353530412 0.5715721054063543 0.574626276067698 0.5512697638411497 0.6083032976326819 0.5763583472359174 0.5760232615395621 0.5829863537340676 0.5890823202404448 0.5878954255188887 0.5511605915826217 0.5834737481835679 0.6050753915781379 0.5895540208151481 0.575665484456694 0.5656047770032443 0.5357694289530062 0.5254071695013383 0.5058265747171317 0.4793521202871861 0.47116386702895413 0.4467044129327294 0.455593538506634 0.4226562917092825 0.40742272799750856 0.39166870795228415 0.41062962167351186
0.4695656340394136 0.495620402456169 0.49157959674222035 0.4975561680226994 0.4821707529146242 0.4898314804480862 0.531257236845299 0.5591151976846127 0.5954060280875192 0.6116667685058865 0.6236775453806137 0.6078048605584366 0.6050894226622155 0.5836640252666669 0.5642929593303658 0.5578295812719191 0.5265329586090071 0.5296988634221521 0.5667201920977443 0.5833484984971412 0.5649790820683915 0.5460355472699505 0.5452868481672646 0.5327370724768463 0.5648999385723424 0.5788918345905392 0.5670799656844859 0.5761179742158575 0.6118918843614466 0.5768816628154605 0.5632866713754234 0.5619130785925789 0.5252777834730618 0.5092437175516071 0.5201666831138366 0.5182963026060736 0.48784422848381964 0.4386563164876824 0.4654369995886679 0.45783635067507344 0.4665608029906958 0.42761690013467607
0.45769262098604696 0.4575729732677337 0.49101702031497174 0.4750209904644801 0.4598920318931717 0.4841687841784511 0.528629895374541 0.5965081426036124 0.6182695168505209 0.6295351754621105 0.6347395198226705 0.6280662722294329 0.5785980968221258 0.5335555887329971 0.5542251800103987 0.5100651718936486 0.5456108634758067 0.5374193783205752 0.5427884538588928 0.5620404476662556 0.5455208228639566 0.508596045404839 0.4946263815454972 0.5162472013970505 0.5290916854151947 0.5608884900785959 0.5548592213939814 0.6139561167949888 0.6215932721969131 0.6238011371487238 0.6128470882181953 0.5947033651253251 0.5706531401834279 0.5358333259886572 0.5307930250169274 0.500117082668828 0.48123238641309174 0.4419106869576584 0.45124879933516276 0.5161428792999943 0.45490840781471337 0.45502566066658673
0.4918743325129774 0.44470917634989476 0.4465718032534464 0.4788667966255907 0.45606287433962767 0.4720055663542956 0.5117049603188369 0.5317203113242913 0.5648741734875994 0.5693230386640595 0.585584100612651 0.5677734957375937 0.5755605390901256 0.5374991166280129 0.5487184365848679 0.5495374030188984 0.5323188690862508 0.5100644073696681 0.5467837771195274 0.5169647543828801 0.538063909915336 0.5296729478134512 0.5083665474137478 0.531742255052939 0.5584999839526659 0.5375492707486276 0.5683514199032619 0.5971238535878691 0.5794652279096157 0.6194224771424018 0.6098949395585189 0.5707835378316413 0.5838573296999523 0.5761611361078562 0.5246464153314524 0.49463300245134195 0.4701190189636006 0.4814989420086636 0.4719234261666424 0.47218805510134354 0.4417069276374444 0.4258396118854425
0.46659729239176156 0.4717157704988994 0.45861551824000213 0.46725383760880096 0.47142472248101813 0.484156939267249 0.5039721927318851 0.5344890954822042 0.5711569763203103 0.566042179664067 0.5622043805120494 0.5673505264527042 0.5473101534866583 0.5197798500362221 0.5552890620796119 0.5447545420508983 0.5073873054293304 0.5094952186083407 0.5329597252060033 0.5016652282709303 0.5137120001754943 0.5525033436421576 0.5012267820700463 0.5065473125923593 0.5236001672700645 0.5474973422544345 0.5750618308164628 0.5435923459445814 0.5990417417170304 0.6152155013025694 0.6005748458668037 0.5650416733911555 0.5413169053479919 0.5594780043915607 0.5028253955353752 0.5055163106199193 0.4904325086891289 0.47149208600370635 0.49410874117608206 0.45985348046435476 0.434676412329027 0.423644121130028
0.4486611892499031 0.4577784379120523 0.46473177040461094 0.47582605196607514 0.4869343825985789 0.49940131867600823 0.5442769092642392 0.558752040700119 0.5796164210068802 0.5628661221884803 0.5564876701060403 0.5707839651673349 0.5569766522473003 0.5506761178992815 0.5467254149535234 0.5242085049687522 0.5079633125461475 0.493597335857239 0.5079233141067296 0.4927495387248925 0.49341064980930455 0.5137815752305509 0.5176199621167327 0.5076841751478415 0.5324526144554286 0.5372856799784731 0.5464536010470509 0.5732468439584046 0.554738325272466 0.5715517890540946 0.5886522202913468 0.5792313267760693 0.5497244992053414 0.5246862463545294 0.5201783652439782 0.5179983830724052 0.48343482521458825 0.4964276230934745 0.4844568007389584 0.469185449673958 0.4735246079135853 0.4183869427835256
0.4030115531012993 0.4141762972660884 0.4334133477023448 0.415479752895715 0.47773414303522216 0.4882577458704488 0.5408048377758062 0.5836602820806104 0.554276974166037 0.5822793664477581 0.5624918293043276 0.528463224536838 0.5084428345580689 0.5100493147114589 0.5227663081821001 0.5239170022456315 0.5004590258244594 0.4697768156544751 0.5059811282089639 0.4816894895274131 0.5039922876659236 0.5183113247317225 0.5119782487886942 0.4910863400034805 0.526612610243762 0.5191952444420771 0.5227212093977183 0.5595679231281708 0.5352829733843818 0.5426978620981174 0.5836540521139267 0.5731719565233628 0.5513683612822771 0.554885664883385 0.5327296108676685 0.5136980281276194 0.4953214545596249 0.4704960011609243 0.4843476693749213 0.5251009604025101 0.5196745405379298 0.45418078779778076
0.4031474425314367 0.41123485022900075 0.4356537621182333 0.42452109921492726 0.4633274222785044 0.4675954869040912 0.5274611030525126 0.5371496792570738 0.5419413355211817 0.5216339865230969 0.5094449668377997 0.5062201004075514 0.4880323339387649 0.48936451461507746 0.5036018365144629 0.5348661306445803 0.5278813230646334 0.49662826491938816 0.5136089147975316 0.48993832140484717 0.5182260304685202 0.5283447914541629 0.49901942281763395 0.45808128945085463 0.47811476723006474 0.5173939224272854 0.5151361033782804 0.5290868925541632 0.562757450793371 0.5348454196617883 0.56921214446838 0.5447856205027162 0.5849975613722456 0.5779192156553126 0.5503081585779886 0.5105282425591103 0.5164583540787847 0.4987069599188799 0.49128877821022965 0.5284821556200546 0.5258622654264973 0.48667306413759626
0.392562307895477 0.38857688667799106 0.4001156914971463 0.43123832724137506 0.45008006285673546 0.4563586315358225 0.4872705288035987 0.49091948582362904 0.5345434033090122 0.5142825080534483 0.5199909579482087 0.4979353821455838 0.5042496879212709 0.5079407613307062 0.5021249943847428 0.5252324285750558 0.502911281835552 0.517705779249978 0.49179071108733935 0.5084510744489299 0.5043041547891876 0.518347244780729 0.466355674381354 0.4595979065967775 0.4792282338645722 0.46668568686546386 0.5082894004169963 0.5103016012612442 0.5276994373712789 0.5399791924400119 0.5292780348769417 0.5462387288470826 0.6059149674295876 0.5981562572542474 0.5646273057316962 0.553566626044181 0.5252077763446763 0.523769406656851 0.5232832325032493 0.5330408623331365 0.49208429231113104 0.4865585798154363
0.3712065583154582 0.3664605766705897 0.37627139863939096 0.427467877363533 0.4216152307641892 0.4752431218707383 0.4800452851088349 0.5029448856893134 0.4950710013529161 0.5152159171731555 0.49776701370318344 0.4930580539369389 0.48530798706582584 0.4993092432326532 0.5064096215189208 0.5038190531935852 0.5132099150924383 0.5038585551005823 0.5206293999139416 0.5167762809472265 0.510088067053506 0.47615416898877166 0.47098598745695347 0.42540202646058295 0.41644793879512554 0.4433497424393359 0.46877750403077684 0.4835456807041225 0.5028998358514736 0.5309642756952809 0.538341679681894 0.5455449974081412 0.5939439779035535 0.5974491651859978 0.596908596595549 0.5767402175052306 0.5484511261351231 0.520211122881357 0.5462346928854501 0.5213638763841092 0.5042654667679016 0.5109034656511624
0.34612528028542927 0.36879149050489085 0.3996749269700163 0.4176511293471511 0.4229588996538489 0.44143195066767255 0.5024830443474528 0.5451745221741208 0.49726231614925276 0.5074651417964131 0.5356923403081443 0.5231861824967543 0.5060849437608443 0.4987170198103584 0.5327014354663395 0.5299926199116327 0.5241288916632091 0.48427083606873444 0.5332083109723338 0.5485226243241195 0.5099034317622437 0.5087289644982835 0.4680507088711778 0.39984813098309824 0.39579813983292145 0.4090823375095397 0.4650328010522664 0.4596785258382807 0.4749585590264835 0.5104396325511289 0.5700915942061473 0.5700909553332577 0.5547821205645812 0.5985573882998028 0.5822698792984992 0.6052958982053616 0.5401176363415986 0.540133231700554 0.562761150733506 0.5496955284059579 0.5570951344878611 0.5185117796573923
0.3530065169522138 0.3888107809426205 0.4115472869711736 0.39744248895580153 0.4496174163335734 0.4798772111776854 0.4910779736790687 0.4740037899403643 0.5188970673518463 0.4988717415418564 0.5251457328192516 0.5294837736272847 0.5203983131314666 0.5044567981199904 0.5196972562136424 0.5284128240420142 0.5256061212220438 0.485750259193833 0.5201803490521644 0.5299297855876469 0.5040935358613002 0.48010407519115084 0.4374712698292543 0.38880063430035555 0.4236119282758627 0.4198932758554809 0.4346529556516932 0.4767456949371588 0.5152085296738084 0.5315586369247642 0.5581076166156317 0.5570713772920912 0.5551832659777127 0.5858298880040712 0.5800390176509396 0.5824452943805749 0.5239722988640603 0.5450217489780881 0.5283443860927262 0.5606086041021784 0.5850046689624361 0.5410744025541169
0.34696105141683625 0.3894662219483269 0.4288533573184213 0.4147782689471686 0.42564287983005944 0.43925654515692086 0.44124634493334 0.4433098117812676 0.44834725107326223 0.4932637174079512 0.4922293099569882 0.4775877691237055 0.5198774695568973 0.5274341934084209 0.5285962696336882 0.5015846999349445 0.4979756164327117 0.4851478792661286 0.48282544357223883 0.47524514104334803 0.48210474125549246 0.4248839031638401 0.41192015885260475 0.38005498990675257 0.3954440352040132 0.4109134381776766 0.459918738003649 0.4942620801406 0.5291252222558637 0.5034800987035786 0.5460650208727978 0.5526891526705193 0.5787907073183698 0.5801568132220024 0.5404872059035819 0.5220347680311644 0.5135982089581996 0.5256444675595184 0.5392472722061755 0.5876259107225702 0.6041375694712462 0.5811496569768321
0.3748882299776127 0.37007422466524836 0.4009622214160966 0.36114185676112537 0.387481573705734 0.3997026448972957 0.3916825044501127 0.41164961117607335 0.4374608382827361 0.45631913888965603 0.46728370032835015 0.5133921492490625 0.5072855697497024 0.5084329732013326 0.5201043501658956 0.5282228898392807 0.5066271844029491 0.5055235659496027 0.4699865286564297 0.45958772397505876 0.44181307232874545 0.40733368317957885 0.3770302435552355 0.3988446068096769 0.39296651449669634 0.40928791118727914 0.46465809338890435 0.47240517401717785 0.5001465990850782 0.5387426412448397 0.5433226833274997 0.575416073153186 0.5640335656992796 0.548916417131552 0.5546117658628136 0.517686088417943 0.5082924735830728 0.5527491287116573 0.5504429132566655 0.5944470635418521 0.567855475261609 0.5766026666649595
0.4086040706999534 0.39647119742847753 0.38189375513287865 0.3448710832420348 0.3725575253930696 0.35356204749655695 0.4051499178255607 0.4253313494970301 0.4117658600625845 0.44082339775342444 0.4577407779170241 0.5013773858346866 0.5086999461838374 0.49279392568227903 0.5113520412693148 0.5022267963223999 0.48005611867469694 0.5032088174229179 0.4602169500819303 0.4732377358919281 0.44161786069211384 0.3880201378416603 0.3980033163448636 0.3818168342897164 0.4100314777764569 0.3798803753715364 0.43129379548058017 0.5062449319436261 0.5113820505591496 0.50539241264171 0.5485422247293754 0.5417834429989381 0.5553494146489527 0.5096060000127597 0.5293521925340431 0.5034020559189597 0.5362176763806799 0.5530119007031026 0.5666533603752462 0.5903371859171125 0.5774811877352924 0.5601661756981435
0.35537586939244137 0.3734998786795518 0.3438489683521707 0.31745451032445554 0.3275194335892028 0.3532605661452477 0.3976209397499159 0.4364705569679755 0.4195162189987968 0.45738259554447036 0.47341216551085946 0.50204422446721 0.46277282957848154 0.47359764170860524 0.46732770706580584 0.452761036498811 0.46098955613931253 0.4487760646683906 0.42534207110316613 0.4357838465647682 0.42989314143462964 0.40547049709115834 0.39741521448681666 0.371734964370241 0.3921324492921908 0.3777145458697551 0.41903569688205766 0.4387829738311615 0.48662562020564726 0.5190691848308472 0.5090821657122466 0.5033000486238768 0.5157071490840888 0.5102404013083788 0.5157656629706101 0.504123738150714 0.5204975195044328 0.5404421905677099 0.5602176116755788 0.575088743663252 0.5765971708174072 0.5288537530233677
0.3348194444800081 0.3236799846795077 0.30680289761716034 0.2999932982481098 0.3152781757904471 0.3232855089722024 0.36242908943653424 0.4075376725691282 0.3977277711917085 0.4684807264816208 0.4753248717617067 0.4844236250328774 0.46892404084437217 0.43624870060500576 0.42705356447130594 0.43547021512001177 0.40849276728097234 0.40926041265826096 0.41409969118590023 0.37809267050190226 0.4224193347249721 0.4141963714584313 0.3972697398479295 0.40048683979119454 0.383450553604727 0.3730855868395183 0.3935531672357759 0.4055973233686196 0.46288101168611095 0.5103423612858011 0.5209740958400448 0.5060611078560499 0.5428284723530672 0.5706898393443061 0.5404402138465305 0.5656150027370478 0.5638030542030691 0.5392385664482505 0.5835910124213033 0.5746751448338722 0.5603109593946648 0.5045771103376195
0.3391281479289466 0.35366875666594705 0.3199750034904704 0.292907962719478 0.310705093589375 0.34071941462553273 0.3489599618573759 0.3996407270825709 0.3936155283316785 0.41898763432891944 0.4615568025368598 0.4609336606905108 0.45870804788061753 0.41641055890037204 0.4187758307212711 0.41482466651191224 0.40689772297908516 0.41847042432842296 0.3713888738959873 0.3961837008251082 0.3949405308799351 0.3898810365364817 0.4065570933434595 0.3755310440572848 0.4066868334391707 0.4068507383781895 0.4150855513510068 0.40868821600874666 0.4486465016465071 0.45504468907049644 0.48658363357022427 0.5152559570428173 0.5263404115517161 0.5431262771060037 0.5827569170433401 0.547888554455297 0.5744701154068986 0.5370248486035222 0.5643111861761098 0.5262893207052491 0.5043506223447674 0.5113492852260678
