Raster_benchmarking/DGGS/continuous/raster-458.asc
NCOLS 100
NROWS 100
XLLCORNER 1743164.7091191197
YLLCORNER 5469292.687948973
CELLSIZE 10
NODATA_VALUE -9999
[rows 19 to 37 of 100, columns 42 to 83 of 100]
0.43051679104162127 0.4334208280513858 0.3808488086195125 0.3699447582089951 0.3672850290915763 0.32728817811519767 0.2538166245630972 0.2509907655687437 0.21811532055057337 0.24278815049962332 0.20553519118760116 0.22814521801498394 0.19896691230191008 0.2026902719053833 0.23086638197671178 0.29182273774708894 0.2722344635510042 0.3074414198837417 0.3303922524511639 0.3288700678013797 0.39121571151356377 0.4289647547929639 0.424721114151763 0.44076515870558913 0.424049965785815 0.43539231028930514 0.4866745348643952 0.4655750585393789 0.506553994375378 0.5408205912707659 0.49989073857445016 0.512120832154197 0.5951606507403951 0.5545536841221141 0.5721879661947266 0.5764593206533111 0.5165513281588626 0.46713356063296546 0.46244953852271514 0.4726416061243874 0.4582643537704349 0.41727147877963344
0.39527442087473824 0.3838482303304736 0.3775979280379492 0.34994544427905744 0.35111139441623557 0.2815108321362727 0.2560523954257954 0.22642566808735157 0.18497890020619784 0.21643268962021553 0.1927022305284792 0.2182956784479982 0.23046095177459738 0.19151686105778282 0.22159253883603416 0.24866219682435237 0.29905130496348303 0.32249564069541115 0.304189058479021 0.3532817165117908 0.3714390840977296 0.41269292888578996 0.4656006733299403 0.42361200184753844 0.4217973239321994 0.4398907915929883 0.45017218853557267 0.4603522010263074 0.4723413542503113 0.5397908952659844 0.5484702488359359 0.5392654201332137 0.6025198336466057 0.6164503694418394 0.5718099863613667 0.5649770256775938 0.5597871459054236 0.5067754820891774 0.5004905077999711 0.4972187353333997 0.5139562912996414 0.4765454338047759
0.33164011533999793 0.34952496291385227 0.33802099066297187 0.30211677641131174 0.3048198894808819 0.2339923508577533 0.1901331391749022 0.17996262967454957 0.16003042456927996 0.21584696039890622 0.20169031782610947 0.17962588824099668 0.1919279285145361 0.231217889072428 0.23458374137660093 0.2854937725389336 0.3196937541837933 0.31648261869452987 0.28738555844425834 0.3295245767261627 0.4014513488844925 0.4183348256629971 0.5107040980436108 0.4504989426802323 0.4552276866117389 0.42623868540158566 0.43221508256056285 0.44229729568235476 0.46153456932192677 0.5163813816642367 0.5626457804346847 0.55753082176569 0.567312869094018 0.5787463716456805 0.6212973098637233 0.5610869095425107 0.5412478337030897 0.5216907703483308 0.5693769411736129 0.5055275022007466 0.5096833927885293 0.4648943383506569
0.34393170819515145 0.3387312666761154 0.36915919668897007 0.3333914401701637 0.2789237707046807 0.2882064403185658 0.23100018333587344 0.23104678936450815 0.21356731212189364 0.21949639954136374 0.23693845627329926 0.2123306372242354 0.2239512548608174 0.24867118373493372 0.2580283524931241 0.2924946662852979 0.3497456634339123 0.3526251468276169 0.3447687350428694 0.39602404766704363 0.45290204568943704 0.4618706528969362 0.46476558784000893 0.4694622249342288 0.4606224138075294 0.4564627154851053 0.4614511821588065 0.45006837206327016 0.4467376082114454 0.4852892360927957 0.5243710904613333 0.5472234919302985 0.5374700390952715 0.5579683789228271 0.5608766830575697 0.5482576850148877 0.5462719001791391 0.5690186603610231 0.5546989353623647 0.5317892897756601 0.446982389867981 0.41547398934453317
0.3440111849531283 0.3484550394693396 0.33828305812753723 0.29840612126965493 0.28197351723451364 0.28023151627475784 0.3095990308154435 0.27061319551262364 0.24059256079806915 0.21679162340502872 0.249045119988063 0.2947528029528882 0.2913845291798838 0.2740070467406296 0.24885296605262947 0.2725572597367829 0.311535948007832 0.3448442091968079 0.37487592454126595 0.4000431192695788 0.441233338026271 0.39826032112084603 0.41027444814958225 0.45835538732951997 0.4388695854280274 0.42940273045664723 0.40213331648164824 0.45724390118742075 0.4399108978765218 0.4985522793356057 0.47680422878951206 0.5436167275971023 0.5521139702793048 0.5422609953021464 0.5663208547389117 0.5506940655340818 0.5731176166692451 0.5636617058978594 0.5464657434777606 0.47866520505030324 0.4391762591017502 0.3964230893618181
0.3066956354249253 0.3098082249607419 0.3145416111393256 0.2864902728423988 0.31882588508281917 0.32661427201585125 0.3394903298515779 0.3071913239140509 0.2473814604870616 0.2713783472830113 0.3099506521711865 0.3220254465342552 0.32532435415207867 0.27101502063074406 0.24407081060565938 0.28168539757352645 0.32926039461885376 0.3339009861873949 0.3817772304267147 0.3893188388260094 0.39347321056896967 0.3803163937481282 0.43777540027911543 0.42643477189794626 0.4331659726050677 0.4092479838266162 0.4056147990374959 0.4123226799558037 0.4729759980353816 0.4669666460738265 0.5046355158598063 0.4969035585698465 0.529388528536292 0.5303959767202177 0.5497692892381938 0.572703604279147 0.5473345031483363 0.5379799629199238 0.5441209661597846 0.4968318668087594 0.45081142854455997 0.44261164316612495
0.29969384188995923 0.29141407306206685 0.20732412944543546 0.2860473092680905 0.2852637918307491 0.32018290941206506 0.3361005679232482 0.30349626123329954 0.2646426775514835 0.2965827738262173 0.32524889589022443 0.3009664962123664 0.35065325552600213 0.33693032392697386 0.2799167103220159 0.3139633459413481 0.26605757693352244 0.27348352563309347 0.3253306816966866 0.300257629660569 0.31967649893113026 0.34517864864924186 0.426581026421105 0.3733538882359513 0.3701193480453932 0.36931221998804986 0.35939197229107417 0.43245677503438174 0.4552258995389937 0.47300559119219876 0.5127195298873721 0.5410753213134525 0.5403000137950179 0.5769631998357676 0.5456549508361311 0.538964167551901 0.5920338764903277 0.5822976051341062 0.5094887426788591 0.5211680351190745 0.4860282126090844 0.4438861157668896
0.25587353859139467 0.2545903700866216 0.24696148458529313 0.24533592390969913 0.3040625790976021 0.32683357980279376 0.33432473575377397 0.3333102887387499 0.2937557085833995 0.3222492887051753 0.34831188290778775 0.30101811576309373 0.3046636391237873 0.3482785680635766 0.34656808683265683 0.3010444368687723 0.25280143953534817 0.29464198429980665 0.2789843895254521 0.2858289831304041 0.2717510260533906 0.3042886272380293 0.3436618358687579 0.32844329513027964 0.3160581722558163 0.3494882000009052 0.33775857295258355 0.4065931767456774 0.4617409795026349 0.4783173380889912 0.4875995680723461 0.5012630870507961 0.571057755862365 0.5748073736143469 0.5764708668832177 0.54231399792316 0.5890785387537119 0.5654685413912117 0.5215487566369672 0.5332662665939263 0.4719332192850716 0.4312077634980333
0.2020280921572851 0.2300350448747528 0.1967017559131564 0.21475687018877226 0.3026801081354988 0.2809383011122929 0.31081675252754964 0.3138484640108438 0.2980230208878328 0.35090740695018047 0.33423919896421206 0.3419959392788242 0.31679713266905113 0.33751762054855483 0.3342630907825988 0.29209904343133786 0.2392239803190012 0.2269091354359062 0.23509551701840242 0.24805881882279227 0.28066034965441555 0.26338335670841895 0.3147081088467735 0.34400763739048007 0.32297759672156895 0.3004698835180994 0.3402286140560974 0.4004706417450818 0.419770864667589 0.5017201907303431 0.5293635709603313 0.5198177052909989 0.5431484504012706 0.5259481319648714 0.5543890867913056 0.5813976309377752 0.5582226314265327 0.5363713527397056 0.5188661950292344 0.5192436661987669 0.5030275887011043 0.4787067406497582
0.19688038141634198 0.20462814093752765 0.22328037258140432 0.20839765642034386 0.26214117355940725 0.2863940237465122 0.3272158104606926 0.33876320619668504 0.3242053995066099 0.3339067385528705 0.3014227255464475 0.28767562394207785 0.28083382654726224 0.30367457079678817 0.31250213747297234 0.3217809952293093 0.26570470904614657 0.23462519819553085 0.2129310525630486 0.2168531099701726 0.2707525067784293 0.24612278883936312 0.2789598974299337 0.3199180549084477 0.3293563394291771 0.3016036273537842 0.30088713459624344 0.35808168319794753 0.404801441531198 0.45654616370589995 0.48534951406557025 0.5375316932681383 0.5616332181541902 0.5543181462976285 0.5367800489953501 0.5550896397256979 0.5392454649745734 0.5760098786499874 0.5589413220810013 0.5094606428421716 0.5072795274224802 0.47695240506551784
0.19045160855263282 0.18105570433543372 0.176915656340775 0.21567219419223949 0.22161127526690946 0.27384361615409697 0.3217111970253726 0.33614338942184224 0.3511674182279277 0.349085279086237 0.32616885943919577 0.29439363655514517 0.258225992164358 0.26717137526781726 0.33423040068894705 0.30274643528840284 0.29391117094052555 0.2457214890894769 0.22244489395503256 0.25833413060221305 0.24344417879987068 0.23188046616106708 0.26545676640922766 0.3180369231456233 0.307955515391503 0.32394129207791605 0.27640074981482005 0.3498926964775774 0.36646761227083396 0.4419821065858884 0.4557232456330985 0.468429289589211 0.5408877162254061 0.5625387029770846 0.5515422025096187 0.5307079713528973 0.5581944824615286 0.5769245086801249 0.5840473145825216 0.5480263515415739 0.514942288103618 0.4679974183341698
0.2172760259647518 0.21744151414981402 0.19457481978206248 0.23587960031732655 0.2389154197330779 0.24732264459160702 0.3086590314529973 0.3368751775182703 0.34983285839982803 0.3070346874388092 0.27247867714422486 0.2989046787509689 0.25748146872766453 0.24550655992494594 0.2954914371037859 0.32438058351799676 0.27184218825916695 0.2931716284104378 0.2369970614531737 0.2266582388063226 0.2683566172394204 0.25973475104003935 0.2952334509572919 0.26362053023169 0.3218800210637692 0.295767147414704 0.31381575239006304 0.30906508553124545 0.37201085882629853 0.39838670917091723 0.43036413445362126 0.4465383768382805 0.5050839391200967 0.518568461701643 0.5444542278787737 0.5324694562864525 0.5310383705156414 0.5528846698161907 0.5244081217988974 0.5175784739758024 0.5004315852959125 0.48778089221710097
0.2429472328409571 0.22290054681738497 0.19147827894049038 0.2367350006423357 0.2478943857492771 0.24371493378688439 0.26376677227432815 0.25567183202413735 0.30738759937450066 0.2899624481593408 0.27623416545071683 0.26082231639819353 0.24415234300897584 0.22911379352405703 0.25132842310139586 0.28349774181809617 0.2966441362516324 0.29377166578404634 0.2993218125483162 0.24197694628209127 0.24163303695066723 0.2468252139635403 0.2946302583066124 0.25794989407733954 0.2971007653604821 0.31265785254329576 0.26559196945190405 0.3210943887256965 0.3424045040948972 0.37374505285584325 0.37046479719362524 0.4455415852698519 0.4903500789910171 0.49061340131813147 0.5013890439152022 0.5481447636894337 0.5468463673226825 0.5091055953331243 0.5060228621238458 0.5321408056739207 0.5476106538794697 0.5255485798000621
0.28170176189429946 0.2670250932298796 0.26340885428460464 0.27058694353814805 0.22809737150286938 0.24450541981093152 0.23788060483350307 0.24354162558139197 0.2847588718125314 0.27765434155136276 0.25579793767709175 0.2788438345118163 0.29075481550559457 0.2769008833004383 0.27815144218819055 0.2632258205578693 0.3007065878302722 0.27892486098668934 0.25774077257394223 0.2298134391681139 0.2621490062227572 0.2876318141566554 0.2538658010945465 0.2974327610897894 0.2815301498509944 0.2679483358204958 0.2964530646348827 0.31533941042483465 0.35536667795046034 0.3941074282256512 0.39551617849685666 0.4317229599129891 0.4356051768555626 0.46312693627120255 0.4631280147286665 0.5024133247535704 0.4904962252297673 0.5080810431192639 0.502167396348234 0.5484101278357102 0.5419795148082093 0.557078449762948
0.27178544612333766 0.2717209817668156 0.28671209535953895 0.24298449799326716 0.26917176974102636 0.2680348389767627 0.22760343590389012 0.2495729330431641 0.19515102632768147 0.20105909842029884 0.21515642674380137 0.21768748365909657 0.2740852779008827 0.23484748656319115 0.21194147958043005 0.22096928366612412 0.27484121810541734 0.22540595157560578 0.2274211057459143 0.22891094591048117 0.23234462412355397 0.2396140359175102 0.2594356494703167 0.2699003375609569 0.23998059358836732 0.2669280980180776 0.3066965670951647 0.3249808591848165 0.395182338240264 0.37400850529116453 0.3933488157417864 0.4310027922964491 0.413991067281124 0.45891113765469294 0.49461828701441296 0.4810256664851792 0.5042463528015234 0.5179995615169601 0.5395382458740322 0.5394766458176083 0.5583619380633393 0.514682911523106
0.24906245209377886 0.3055714414305647 0.26763573975735133 0.25133657243132607 0.25023770614078106 0.20355427056778 0.19764040676014688 0.22281900506420377 0.20102586236607836 0.197035894335016 0.21421783635350444 0.20874623366791625 0.22803495628314666 0.2012762725150608 0.23148027393864973 0.23583290508962204 0.2241258937508973 0.24457353258669431 0.2733141630281113 0.25920044079183296 0.2690469451536501 0.26460969373714766 0.29222400518750224 0.23901695586983962 0.22960688682600383 0.26759412059927656 0.31198512889934676 0.3039784850281208 0.3792056606071504 0.40434942368048604 0.42760015168598364 0.4030401846121311 0.442790713168313 0.4600395790034553 0.5046326524946406 0.49192862150901584 0.5149845339230922 0.46893487365016956 0.49917730884518474 0.5210872720492781 0.5022867382708056 0.5114512323308374
0.2774399182887662 0.28774199088081265 0.25681412583033486 0.21226401226880268 0.1556025114653229 0.18085707037890295 0.13381490620774325 0.18316882107446564 0.2244790147816464 0.21468072588830506 0.23965256968074736 0.19199309173969287 0.2286718900186299 0.21100597956694164 0.20499754969955622 0.24624882843583723 0.26637331781372675 0.27539207377197084 0.26323837180440346 0.2804707697089754 0.31195536970001164 0.28438662258856473 0.2862090228259897 0.26729057252322136 0.24844593121248873 0.27575126544328704 0.2735603897496148 0.3475036559906494 0.3612002506882168 0.365931543425429 0.4255390002269397 0.4347544183118756 0.4386279906912434 0.47138598019250666 0.46954576853753865 0.47294632836179423 0.48636496799095896 0.44829435377727134 0.4273249339945232 0.46472774770662645 0.4442255374534138 0.512662881655543
0.2207588539590764 0.18831799050101874 0.20140625121752972 0.1517890784624694 0.14699865825577307 0.1454956274795642 0.1572317017226315 0.15859309423274387 0.1734026910949424 0.2202757296198796 0.18757119106398082 0.18600824717432277 0.2125054168247098 0.2556678414388142 0.22240103353474364 0.24957207593949307 0.2514215920990335 0.28554532228239315 0.2643428936756769 0.3088438394270007 0.33125033199671317 0.32049740422546413 0.2876653032663111 0.3055052534703217 0.29640108208168914 0.3003894752370132 0.2768964552907628 0.33074061790524484 0.3467207311623449 0.3695727971414072 0.40923188688513445 0.44056483838540844 0.4534409050779263 0.41942240386239005 0.43003197308960567 0.45668094381784335 0.46571272461440344 0.40395875048968805 0.4058981109899817 0.4341552491327106 0.4219014887430606 0.4803863422963452
0.24204590626999203 0.14976201659289243 0.10341038348304217 0.15678996524990957 0.14244926250367707 0.12624987390024625 0.11219994783842278 0.1737040655061002 0.14467616032789982 0.1709281997029368 0.17793887592100743 0.1584969000591346 0.18130502285051048 0.24221338970316963 0.2979201498695876 0.2887656517213315 0.2936829864891708 0.3100957012595296 0.3279739221338978 0.30749577351426366 0.2832402143763938 0.3164563910720145 0.2956666757856981 0.29210922672731165 0.30766291031144777 0.3070169640751582 0.27845435136611796 0.2766375422976893 0.3066186186802175 0.3813182145252003 0.451332788799316 0.43276861750099066 0.4049331449771739 0.3662021101636439 0.3641749671578554 0.41513570782984527 0.4413731673156638 0.3733386621452291 0.34137459095339445 0.4198314307542566 0.4241959945514325 0.5028798772830697
