Raster_benchmarking/DGGS/continuous/raster-8.asc
NCOLS 100
NROWS 100
XLLCORNER 1743164.2450794568
YLLCORNER 5469282.775170633
CELLSIZE 10
NODATA_VALUE -9999
[rows 0 to 18 of 100, columns 43 to 85 of 100]
0.11550549985539212 0.15598697231543757 0.20144072249182324 0.2078133758769942 0.20523168175194634 0.2247722247346044 0.22985459735070016 0.28229204281944403 0.3286003575991053 0.31206191946899997 0.2989102863818629 0.3163846955071947 0.3318038652111162 0.3249379168835235 0.31325271736784127 0.31449828483199305 0.28484195997371176 0.3015684265710915 0.30502417819509264 0.29715810890942385 0.29258142011037386 0.29491286303822417 0.29610726676667076 0.3495294790614531 0.3795070984491112 0.37549868097881367 0.39076892935655094 0.37518705393748647 0.3566822229582269 0.35496432340329165 0.34942251174033656 0.31875076113167283 0.34666900390602806 0.35484129487547583 0.35838995553248115 0.3799709835536907 0.3725799619333133 0.3655318508354892 0.4007662290372582 0.4277386648352889 0.4171569350438795 0.39619252368119906 0.3612607841788711
0.14644677056446517 0.16853158442857766 0.17347312232759443 0.19779767624004999 0.20251952188388833 0.2160070924199919 0.2870213161046804 0.3153550864403193 0.35114526633309096 0.31355038698063503 0.3231472106436472 0.29163683455674594 0.31119148754047504 0.2735729535668882 0.29222491339831114 0.27606340261726786 0.30489130768840284 0.2769000317264494 0.32342409837835967 0.32656642831102717 0.29204897527703344 0.2928605648797356 0.3052881203349025 0.3200751581234578 0.3399404620459883 0.3796539508302697 0.3638223040876223 0.37978575120576685 0.3487501608461112 0.3504112500621189 0.3549257264769011 0.334050733081155 0.3273374881750853 0.335561446971541 0.3590237641603018 0.37300410739401274 0.36376266665041146 0.3767489862522906 0.3864507574280092 0.39113808029780134 0.3721874365831842 0.3738711441692208 0.3436818199197381
0.1749826521765616 0.18223033650140907 0.21717668076331728 0.21049619384341134 0.20217774493983282 0.2325664655458922 0.30466083897628055 0.3229473150819075 0.3609151738904387 0.3018358865463834 0.30102598496980204 0.2859654476167371 0.25423120341128796 0.22888457716378144 0.24264457688510171 0.27436022684447037 0.2875654971306059 0.27569093587718724 0.317451425963307 0.32183998885956866 0.3242911128342323 0.31320175883830814 0.3024897285576045 0.3352126137804992 0.3505748222100169 0.35586116766657366 0.3925670641258354 0.36962864138893964 0.324484597409379 0.30756374750367527 0.3037325745802183 0.32006175441086604 0.2870359929544307 0.3090097446701247 0.32906558537180475 0.3301246295237188 0.3558577797742336 0.35683034994102464 0.36900227626443277 0.37225720461667716 0.38247870209768037 0.36118178523646705 0.3212557153522493
0.22781502808833057 0.22428947858810108 0.22205751057723241 0.23192991586321757 0.2474661822316424 0.2530163527478503 0.2624895390790271 0.3011080467935523 0.32234711609623384 0.31562000054448913 0.29595139289477784 0.2643281892265456 0.2601379863308807 0.2179733362168809 0.23230141626701517 0.26375882414597446 0.2768270625490178 0.261105425601158 0.3016815350728163 0.3036582086449562 0.2888624950142257 0.30110099562310033 0.3099805182924557 0.33640576240974174 0.3620532578940198 0.35341594786121516 0.36579210639845483 0.35240484173062825 0.31769183508665255 0.29901939230425334 0.3065443187500788 0.29698570423672527 0.29739085938199505 0.33250118228203707 0.33917736125308257 0.340495716602438 0.32273044577441284 0.33686315729993194 0.34134791203809617 0.3500215552948515 0.35741829751741344 0.3423871773545068 0.32566504272980623
0.21279948479157443 0.23453811602989555 0.2628839942136219 0.22798024018995527 0.21056749910198697 0.2647718722101455 0.270948295311814 0.29462901206035996 0.35471214292935843 0.29161141066316487 0.28209163984887436 0.27133520085937635 0.23775868819884508 0.23568320380269522 0.2112680174524498 0.23411122615391658 0.25749958079957064 0.23574802760054683 0.2607185074775301 0.26203289464629936 0.3069619911630589 0.33454776747454296 0.3506062319373047 0.3502770372733239 0.3663055269916333 0.3525487297556111 0.38003802084240595 0.3353062305415371 0.31600097188054965 0.3043546274441654 0.290826242501423 0.31912171848738224 0.3172860573233309 0.31044984112716245 0.34304617021846434 0.3290212300184858 0.28817370879452214 0.2949736794698008 0.3362013974483368 0.3249293395274575 0.3067396029455047 0.3158268382880017 0.3055711903497718
0.20780975525025805 0.23541710756121376 0.25009386951255425 0.24851980598764276 0.23963402916968898 0.24765623295468148 0.25878141779862257 0.29319319554665585 0.31749077685848115 0.2913540790353529 0.2603258032868239 0.2647555877924959 0.25250298735973925 0.23825356772014136 0.2413689299517505 0.2163052485712022 0.20907019935915389 0.2256106933456731 0.2583415848928309 0.2586440992180538 0.3026083216250117 0.2908148104810717 0.3000161271063832 0.3260143875798967 0.3405689288222835 0.35995185843981986 0.3648427023178743 0.3382179809094906 0.28914187366737887 0.27785031066315957 0.3104618131376394 0.30591612458114253 0.3159784533030563 0.3100608275661971 0.3037491439986579 0.3068650989926876 0.2807473398879769 0.292473855589629 0.2951722762923456 0.31715647949294684 0.315052852419307 0.3100075897183567 0.3089461818062335
0.2078622309720126 0.25061664400343003 0.2692535915090272 0.2721262728382747 0.2905686393624521 0.26572574619645667 0.26573844361187016 0.27854748415461467 0.3238006497867363 0.26787326174511955 0.25247058660816263 0.2585985828869381 0.2533071579525577 0.24976379419542455 0.23942801692458168 0.22780749919243104 0.20797458475310948 0.21840663366062765 0.24888050983193108 0.24531011777317888 0.26982980860284356 0.29401116410863337 0.2876901864398171 0.3170889332165219 0.3259645869109573 0.33917028493087464 0.299762230969351 0.3088590238768604 0.27442618254801887 0.3088328638029533 0.28530698610285676 0.2993683078383832 0.3179062755064931 0.30054434623483833 0.3099933046197045 0.332152679279099 0.3287857469479817 0.29733253118784403 0.30292484696459554 0.3360520480169683 0.2977277242147402 0.3483938538893386 0.3481281781311688
0.24732074292089087 0.25402264478446596 0.2943231987881604 0.28666081214850603 0.2901554786076207 0.2704129438445762 0.2618120953417707 0.2678347975935639 0.2819713172959258 0.263099870531627 0.2566625082567003 0.23080283166124296 0.27463309019569937 0.27747955788745426 0.262780874694354 0.2550471793122985 0.21327040185893184 0.22787352827149987 0.24163945537048484 0.2514202478837982 0.2810191663662898 0.3153920199018598 0.2991992003619407 0.3272865964959731 0.30262831815673036 0.30073673450842237 0.28631432108508187 0.2953008271546416 0.32724646881165753 0.32111553992399106 0.32394963849516084 0.31700277504369 0.2956055536893854 0.3167047564031075 0.3572649964024298 0.3465804661403405 0.3234341157100036 0.3370034261398585 0.3401645734219028 0.33744023574814497 0.35630408086118537 0.3735199579953563 0.3572054158000639
0.28439606683888125 0.3131512486866274 0.29688615092398907 0.29277332042475057 0.32611396001718046 0.2748771808925179 0.2799620278432732 0.2778846033333893 0.2661746065018275 0.2832276964835972 0.2506045939693511 0.22808362715969782 0.24567184623507393 0.27894832356177945 0.2800335571864425 0.2650920982698769 0.2324595586201176 0.2410348658640067 0.2264950469538387 0.25531387121335736 0.29697630570325306 0.30989168091971037 0.32625305616472183 0.30820495583285057 0.33531673021231845 0.3259434684297412 0.33528825569508364 0.32924982370700023 0.3397621129600973 0.31523228240214873 0.2986162697966733 0.29212951680963517 0.30456036326351155 0.32887740368408364 0.3642519702905685 0.3661675019198977 0.3596114869985482 0.34016764606267746 0.35116139681194375 0.3380791666799488 0.3699536209926717 0.4002039409406411 0.4050999285435882
0.28967673387955967 0.33078224742956747 0.30764408825239736 0.34318856020903293 0.30775585086831164 0.28968954255895835 0.3036804401612909 0.27827943644657394 0.2929756478709012 0.26019034472024305 0.26511874473662045 0.26856160716897765 0.2677817928174729 0.28451764912757377 0.27126293693969333 0.2462922352871983 0.2688830775032391 0.2428007932480369 0.23195631331127814 0.2575028355821134 0.2804089245815517 0.2998733685133437 0.2845198065603384 0.3211484616265254 0.3159452594173092 0.35483568475118327 0.34607822711193964 0.3267784560479876 0.3102195769742252 0.31714960337925785 0.29794711813357544 0.29758602773313614 0.3245837281489937 0.33334333027116975 0.3433482891723533 0.34933985057386074 0.35096124837646875 0.3361285157210781 0.3461387026668467 0.37037505503997703 0.36177920916571127 0.3865145713483489 0.41936274201264095
0.3217987744772222 0.3142827320652588 0.3364210313480584 0.3412858992923718 0.32362701842780606 0.3197357011532941 0.30523746077220215 0.270630454512309 0.30334602004713096 0.2748959491491553 0.3038161795079793 0.28828576705923814 0.2643242305075148 0.24917340664946233 0.25625772995388363 0.25800825361732277 0.27936571730352405 0.256473658252105 0.2767566228512201 0.2799156459318854 0.25727931285451194 0.29267238096151715 0.2831067459738396 0.3048775443026423 0.31805650881337255 0.3383468918616539 0.3657954872305031 0.3635006309057476 0.3267867448290241 0.3039686490777341 0.317810203369166 0.3050922468890519 0.32017268320422115 0.33050007427815353 0.33224249462171834 0.37850204568792556 0.36671065412907605 0.3367450806948635 0.32054384232997635 0.334244425490857 0.3459200531253523 0.34731518480490037 0.39734255051441675
0.30494557268113154 0.3204704350146385 0.30345933696033667 0.3342325277736904 0.3057922786286044 0.29980957525132396 0.3045935166068421 0.2817399593286914 0.29622424189042235 0.28216326544721027 0.3154397539907964 0.28363415910431033 0.2749255060679317 0.2501360416097073 0.24567768175331836 0.24750917358003435 0.23470028214276187 0.2589388093003826 0.28575845853291604 0.28310366987985086 0.2583143716890025 0.2575387599665118 0.29312784755275945 0.3072989367306138 0.30628255568725415 0.33522694767688194 0.3303312587276588 0.3503403861440731 0.31829584644858644 0.3234542314378657 0.34494570434149 0.338199521892349 0.3630615478258044 0.34198051204396135 0.37033499137231873 0.3889642461589054 0.3671367399253973 0.35097361330494437 0.3235516888921717 0.3181421740291034 0.33760624373149273 0.3422082053569753 0.3796089503032043
0.28525114565728504 0.2836677722945782 0.30575105144608117 0.31414129378908445 0.3162773450204237 0.31630217410552686 0.32314563765501714 0.2886926705925886 0.2816033673854765 0.27312482966866974 0.30712289943895854 0.30910484482401007 0.27797240317924704 0.2847428918135834 0.28009793038512604 0.2427163859307891 0.23860521364736545 0.2336638027904985 0.22995566314485508 0.2746388549343559 0.31049469972680777 0.25544745154901305 0.27019245849281465 0.3088814344097831 0.30907528183624144 0.2901838132685799 0.2891489022536813 0.3050312299137239 0.35213750100961816 0.33369236921334594 0.3631394375859325 0.35242780147780967 0.3589117001034189 0.3385856233477884 0.3743216405146444 0.3788548200417791 0.3926874131678762 0.398736651667927 0.37914387223668383 0.32865527516317333 0.2957963623185165 0.32925617322948075 0.3594234218252881
0.29096404790726504 0.2876829795882044 0.28050560399875724 0.29595975970731664 0.3133921146558687 0.29927594226730564 0.3031492821631451 0.29386292774392764 0.2758153796299723 0.26066354753798876 0.2697046093539161 0.280799093146807 0.26458596983971305 0.24129938703663664 0.2687209828316594 0.23642802517880185 0.23226511584378445 0.23807477266807284 0.2563175480986604 0.2801135706260319 0.28512636593836815 0.2751542496286557 0.26483816597555143 0.2742105950049201 0.27196587518755083 0.2876079242327859 0.2753523716582264 0.3222104763390289 0.32673668216072843 0.3310028932787099 0.3362302010665737 0.3680153806013876 0.36238835820134185 0.36419172827911356 0.36926362967271115 0.36782203107625644 0.35640060012404023 0.3785489199304866 0.34904288791587296 0.3553044222568235 0.33274664128520054 0.3741599140754287 0.38740223020338443
0.24677228120998335 0.25130372861863737 0.2837511407732434 0.2763289489948564 0.2834757705970386 0.2818690297583293 0.24561217037251948 0.24724352889643314 0.25303670641673964 0.22986340973208866 0.24559775480262097 0.2173642275095129 0.2276028725008295 0.2427059442010457 0.22306479830074075 0.19638742363969264 0.20486741855750393 0.21151907865978706 0.22890611994677554 0.2904823132904253 0.2955558419763756 0.30643879190912 0.3033881390894893 0.30467104939785494 0.2655528342022902 0.2578061608297705 0.2771205486794637 0.2907494745430368 0.31735864245627077 0.3323405052091641 0.33099253892208125 0.33299911805180243 0.35688906648110874 0.3892598746582838 0.4021312516905235 0.39927832065821095 0.3737364176614011 0.39101217193942645 0.3711104599599686 0.37631623392677305 0.3998719067457233 0.41700188449881165 0.4052733421653269
0.2551051648393025 0.27726708339169925 0.29179140707022033 0.2833484292357581 0.28725322278789733 0.2490644982986117 0.2754323383101879 0.2532656820089633 0.2700497194148364 0.2454013663778864 0.2070947158879576 0.20459798976895807 0.20755500836483495 0.19366602163287355 0.2185813617512449 0.1970384036781005 0.20500120485875653 0.22009601858975744 0.2355527651029363 0.2655408848683044 0.27391756933017614 0.27371654479535495 0.27997487237500857 0.28157555832579856 0.2484533909898422 0.2695891756878633 0.2678342374686644 0.29052164713554424 0.31868414681508567 0.31387364240091886 0.34968657864835584 0.3216632203398335 0.34735914438033244 0.3976998206519007 0.3868655370877248 0.3882890872828409 0.41901845371381174 0.38720794527705893 0.3863980051286785 0.3992459752018614 0.4115581188921972 0.4232318234216363 0.44171741135898707
0.28390217070298807 0.25184384990712183 0.2789607267789662 0.2683991776162026 0.25997290365600384 0.25381139654922685 0.26979948246128593 0.2644112272745116 0.26565677547905114 0.24150200602033278 0.18618579786260941 0.21505511036844135 0.1968628828197349 0.19792845336029 0.2081904916936906 0.18150582700119094 0.16374747217614127 0.22221551228947217 0.2277616125209768 0.22897101050464694 0.27869912966029337 0.27969616996816077 0.2591469905172385 0.2553779914349471 0.2698647804080985 0.2941986668631002 0.2817669935513891 0.2997855959779693 0.3149398660812123 0.331930432479824 0.34790112130810263 0.34061318261690776 0.34204584012025924 0.37829733737014426 0.39738439324425906 0.4065916795677014 0.4468905710387381 0.4422432863493829 0.44368827830745805 0.3955857246985445 0.3747775001960226 0.4393668168323662 0.4643869134966961
0.24217215288518673 0.22458970055360467 0.25278713744980275 0.24597174335965905 0.24882476794325067 0.24333404450692317 0.22585356593198036 0.20063225789589823 0.20945228286447742 0.20293043329012478 0.2127388663856364 0.19794759994285527 0.1564339613665196 0.18186157237590556 0.19676833134485083 0.15292846415638206 0.15327387575684318 0.21010855782074034 0.20630591660210873 0.23428079067866145 0.2666500387632592 0.28560725771063494 0.27005021917731703 0.29133251520501435 0.2583567789613863 0.27526458220062183 0.2593140392143417 0.2586734523638406 0.28684176900687064 0.3063186588859729 0.3199642018037583 0.3413077803675177 0.3628111430833374 0.3737674225426319 0.4315743202944693 0.44162720461040145 0.4623238555769365 0.44706109072986017 0.45587449514900075 0.43198374916526805 0.44123943804688104 0.44047557008539995 0.4539503261101527
0.18867106194218541 0.2163785977324195 0.23011985835955698 0.2213604956249305 0.1852026296214238 0.1650887482378133 0.1754642526772725 0.17695750590308046 0.15048588366794946 0.17403858057311866 0.18577488213984455 0.17431406129352883 0.13641489834448634 0.14563580871633477 0.1555529615041797 0.1793193927818729 0.17639097672729712 0.1941877767994816 0.2182708914654731 0.22914541462580895 0.23271770510212517 0.27250176204768956 0.2928050162900692 0.2578598385033111 0.2715604018970571 0.268894434620326 0.2570307782084971 0.2736029168914383 0.2694795328665884 0.2838043955775955 0.3123258465421643 0.3614336304360089 0.36032638153160595 0.41566132057802674 0.45936472215294505 0.4533240996857383 0.4943352474427134 0.47388262792329244 0.4378511106849 0.4800682312442052 0.4830374470414465 0.4676527389041766 0.48415155539363525
