Raster_benchmarking/DGGS/continuous/raster-42.asc
NCOLS 100
NROWS 100
XLLCORNER 1743165.7470467878
YLLCORNER 5469279.996269659
CELLSIZE 10
NODATA_VALUE -9999
[rows 0 to 18 of 100, columns 0 to 42 of 100]
0.2089441768006948 0.2258399645792381 0.27585430260772037 0.3195256755432285 0.3313721261825011 0.29862571523769743 0.30368729642474324 0.2904978790940649 0.32461148232770015 0.29950251310065606 0.2831016645084906 0.2994748900268989 0.2676573427697669 0.27910659985373854 0.28335178365081587 0.2820792629991863 0.2778640908286306 0.29050885017631867 0.3563260901098624 0.34699656485122365 0.3714602482826481 0.3523389829697226 0.38125014281112035 0.30629871510862333 0.2706178934061417 0.30515070911038245 0.3058854981284884 0.2812420048707155 0.2467965304421833 0.23959650884549957 0.15676903223552063 0.12707511551500753 0.13609134020823566 0.1690315188390653 0.1820308689695885 0.18666353752273554 0.17252060346998996 0.17990019624202105 0.1766899255134217 0.1356803746913772 0.1295301628460313 0.1114529592084321 0.08866549839782868
0.1905187013255123 0.230759952956325 0.24747456916075727 0.28192520733102766 0.2932795245454363 0.2956253600731037 0.2787545171811165 0.31022408520598377 0.3012986507991747 0.2915269986156775 0.28797790781927396 0.29132300747116013 0.25920894179113435 0.29346901885768234 0.29845248576644157 0.2997788807364253 0.3082376927734829 0.28521583509334586 0.3139027395031997 0.36773002604163824 0.36979265317756027 0.35088044809390073 0.3382241127073618 0.3057898972978086 0.28594845302873934 0.28292050899619925 0.28570079596160064 0.26889760667360973 0.2654388434650659 0.22133028399036572 0.18414138975884656 0.15309105415823582 0.17704912977319628 0.14134541729138497 0.14792988256112746 0.1669141498523149 0.14020530790114216 0.14002116308127244 0.11472733860609878 0.1352571583278122 0.1311574221634407 0.10154451959618654 0.10498986560327546
0.13909624918699454 0.18042572910670254 0.23328026227985244 0.2770923446320812 0.27274827973730903 0.2519452648391702 0.24189384294210348 0.25615739798614984 0.28277865317414597 0.255551894608846 0.2583623852300824 0.2907866459809515 0.27083665433418236 0.28239884764913825 0.2784344984855544 0.2867692946316241 0.2847117042094589 0.3197584344417091 0.3219190112542014 0.31875874326301573 0.32509780075400974 0.3486485754072375 0.3128233101815561 0.29506931064803343 0.2859634941261702 0.3130695099759969 0.31383913491640436 0.3152174619633079 0.26184160229500664 0.2463239225706288 0.185109374679649 0.19547877895917598 0.18085104216921552 0.17022443051703942 0.14731109412328885 0.14807964904757911 0.1347249242438214 0.11986153285768164 0.08041497828742655 0.11788301518880269 0.08235477715579247 0.11876981658475766 0.09407187575540077
0.13770029796886177 0.16775134575730924 0.21272745086780812 0.24478618256351983 0.20701374951209175 0.20196255527523468 0.18876432686752526 0.22795865029364934 0.2697713963005362 0.25813947317123354 0.25400430431661974 0.2634930743122208 0.24007767552515497 0.25052079366339514 0.29050763660613554 0.28401684616256706 0.28171206756005485 0.2934951367587719 0.3291336512119709 0.3485058771069804 0.31957654851553535 0.31565500964525267 0.3255004162167473 0.3186814449800982 0.3326316834814339 0.2979215132258187 0.315218554125155 0.3302771564201083 0.2931962048577003 0.2674356860639855 0.2440824570874578 0.20509508932050544 0.15985893977807264 0.14195562660519556 0.13669649599826952 0.13709874889470505 0.11707186177914419 0.1247497936057098 0.09513257607325863 0.10872703988438581 0.12293102046317195 0.11627750894434144 0.09981785824081187
0.07986442487611942 0.13129628868638185 0.19774543002857478 0.16773349691079756 0.1781143479488148 0.17842412040767308 0.18557650368737502 0.23530632358795356 0.28701276426776756 0.2700042374327365 0.2855809289446536 0.25402535660353637 0.25142633916660684 0.26399670183634927 0.2790496523281549 0.27692955108430045 0.24397426188381346 0.26152434911843997 0.3254157390362463 0.3442936126510731 0.3502407370348884 0.3258490965397015 0.29706329689564287 0.334535933452272 0.33003792245073343 0.32618748910002016 0.3218097811083153 0.3116956075722027 0.3348781021661466 0.2731239791352374 0.26842716151917734 0.22973213494813938 0.1903919958054504 0.14977379111550043 0.15076201482678028 0.13057685389193704 0.07693530762573363 0.09135381747113502 0.12468872718039116 0.11456903977010169 0.10046905726896979 0.0916050762476616 0.08784507468545424
0.10676866823241797 0.12851178461838678 0.1714085347778517 0.14518463876385485 0.1561377512939978 0.16815829178782138 0.20130452633174187 0.24758001427957343 0.27074547171179386 0.2906918671260438 0.2740912430188524 0.25225511633877906 0.22282340349270524 0.2452354115676353 0.27408187698306113 0.25937869338543834 0.2826343301311532 0.2831705192020765 0.28687282875568426 0.33395355582353636 0.3587939504598527 0.3406933946233734 0.31682288172749656 0.33635413995169117 0.3305666647932685 0.3274891382307201 0.3516613059723448 0.35844442217523126 0.35039717848422913 0.283050972872161 0.2656022287405967 0.22959498211888338 0.1907499027871164 0.1445179521765957 0.1397603047964039 0.10915890798713701 0.08778243197899509 0.11410045305993069 0.08364756470741286 0.09231032018424892 0.10621837861356292 0.0899753440915653 0.09903176333777788
0.11281225075537567 0.13994302048493693 0.1544160340407829 0.15047901378097117 0.1440999979854023 0.1661306398401201 0.18563754912107341 0.21652553010084977 0.24896103719438015 0.24438695092922452 0.24682947149799742 0.2570025370848668 0.21567538924527818 0.2149301203419813 0.25110437332321056 0.26746515403085624 0.27766983674684936 0.28953426456607784 0.2964650186128467 0.2932210768335034 0.3155866949360091 0.3451321821487811 0.32139047758978934 0.3550864320909476 0.36125191581163835 0.3578568682480581 0.39663309575636463 0.3975179670744997 0.36417342343830017 0.3040174560278476 0.23492665937737742 0.202741999309695 0.18224069056870384 0.14796461588894966 0.1567351688946849 0.1151212577205609 0.1364960817840165 0.10436403811965295 0.08072212831608798 0.07903437027120533 0.0959735355686761 0.08608761284932133 0.0955970850553279
0.10747411576232366 0.11824287246371738 0.09995204458367073 0.10280993381364789 0.1035996612821001 0.14515384411330584 0.1364956137563286 0.1869008894239023 0.19762306850344005 0.1989575020806467 0.22599453998668909 0.22385007948030872 0.22340378820794934 0.24290915044327754 0.25617104820540637 0.26226211231791396 0.2548317581914004 0.3010830301462762 0.29403782730455996 0.2802295653705777 0.283705488108478 0.3003548604062507 0.3459948437475138 0.33338108726568566 0.36694444689562683 0.3972461075403718 0.37458226306155096 0.39542170910930885 0.3887519359450312 0.3259565388147657 0.25326570466875803 0.22274255133798102 0.18046623180654986 0.17430053321601438 0.16594627043934496 0.14087059407126193 0.14304182617778471 0.13482311311187073 0.10184686242190225 0.10052761465039234 0.08546768753073833 0.08560975096488198 0.08553970383298165
0.08815494155564464 0.1107712500886216 0.08848465767075722 0.12114733732298567 0.11277388858853633 0.08920648733943293 0.097434280030511 0.1381544169839668 0.17187837793639887 0.1956058796352113 0.2288989346961707 0.211615384013413 0.24886124437351903 0.2548986531348663 0.20337113859307762 0.27002974890936776 0.2784512695581907 0.27292400974877207 0.29102929439933795 0.2695734984303655 0.30376219067336546 0.31014541869587897 0.334691003649896 0.36331643557902477 0.3973421726355922 0.37173252801154966 0.40214388534454565 0.3655894590062761 0.3785556694967816 0.3188454266327385 0.2701835916365938 0.20885412258979338 0.2023894385833442 0.16997877642061635 0.19015986161926837 0.15431624072427153 0.14904190028814646 0.15872709309477506 0.11452840587183613 0.09966606816468504 0.10868941277599829 0.10847405698992474 0.09978214668486701
0.10833112672733657 0.11265990778189125 0.10884470521420687 0.1352133992734116 0.1374384610477225 0.08542118388876002 0.09970002410613325 0.1200815623387784 0.12495859512413736 0.17231649957747772 0.15969515647991422 0.21115778445196054 0.2111312624530204 0.23134525193661012 0.22405824955816328 0.2368984068386447 0.27839941944339786 0.2839138530677145 0.27822428300669866 0.28455363037640385 0.31425781340149495 0.3285110629165901 0.3278535470991051 0.3370625388066581 0.3769429354656359 0.37571704541870804 0.3903499457350833 0.36738680720750627 0.3668195308202686 0.3491659581719694 0.28350357597128617 0.23599416418970043 0.2004337178840198 0.17179250247235187 0.14633145482494078 0.16896441066953802 0.17189849207929309 0.13407841759279054 0.12770398065275543 0.13587212656896827 0.15367621799699213 0.13368742821042864 0.12488770894855736
0.14001632039609568 0.1606827469374101 0.13800972586848514 0.13771966044941128 0.13177972857875225 0.11519672202798524 0.08161768143182421 0.09079583596528797 0.11960134973142086 0.12034910327345254 0.12279156796349827 0.13626322224859944 0.16810601881386125 0.16103966555107155 0.20491161804209446 0.22669751031440435 0.23339163399548452 0.26230490596035105 0.27866923437218377 0.2981092225280577 0.29358421680943947 0.28346314343036944 0.30304474119574165 0.3012310255142754 0.33630520052942203 0.3288065572038332 0.32674190025373717 0.3621069334922121 0.3817856845075806 0.3235711132188992 0.3273499127752286 0.2450589352694885 0.1924486539025746 0.14965850398324568 0.14825668047610444 0.172188740070675 0.13337027688620418 0.1265306752246133 0.12592125613529598 0.14271028257310742 0.1344186408212306 0.11995882808847808 0.11589952863753737
0.1243960236535289 0.15889258710303053 0.11660788113692296 0.1348642904183921 0.1125103331773514 0.10719442810612126 0.11466971013126279 0.11999477179128927 0.1052110538436231 0.0860869045221864 0.11835372136313721 0.10945354452380394 0.09166513522217629 0.13893851015025835 0.14723240644697508 0.16963628584419857 0.19392812902154144 0.24589884413436905 0.2676352022967362 0.2522586622655209 0.2612529181854503 0.2759319160259724 0.2905378309135471 0.3107253792110501 0.3212383332107764 0.3176742010749609 0.318527254918469 0.34706381006234577 0.354755241761535 0.33764375360555404 0.32245847560588803 0.28114062227159703 0.225234180193848 0.17656855226190324 0.13753710966603436 0.1364500421011053 0.11198088923251279 0.11659286240508145 0.12459803965940858 0.11161231637625271 0.1029000546828648 0.11517025213874765 0.13464770893012035
0.16328867064710884 0.1613326890430557 0.1037580605866337 0.09194510842022473 0.10732109126462973 0.07869057581220386 0.0961879669803238 0.07262755430868921 0.08368013184681904 0.07157447285508634 0.062390732204512515 0.050938468071875256 0.021579827884254943 0.09322333749220847 0.1123163252293407 0.15977631735630046 0.16169646683666677 0.23447269091200387 0.23057037255403792 0.22678055434399036 0.2629411581419047 0.2778178918464882 0.2695745450013594 0.27693780157758474 0.3236886608866919 0.29591982804982697 0.31173600073043606 0.3496887019727641 0.3632292368432415 0.3749076533788756 0.3595002895714685 0.3129674786371592 0.24242421294544333 0.1850263454441942 0.1412942604451322 0.11305549070754078 0.0790140714306201 0.06629545935930627 0.07224249668125032 0.11355135071914133 0.13373880932980092 0.12221554167594845 0.11815948733542365
0.16792207900503314 0.11818232012457704 0.1190491529797202 0.10817635245510758 0.10557396260801231 0.08874776209424437 0.11424664798252167 0.09259848771341049 0.07130020774150582 0.06733424554632278 0.03219990494300527 0.04123588965124611 0.04481995551666631 0.08429369738503044 0.13414386103034798 0.1508774461853424 0.16652823410022047 0.19729616334311406 0.2423476582249638 0.2641533503827605 0.2744769934419561 0.26444446365984886 0.262098726178939 0.2962444247221042 0.31430995026180625 0.31621600212982615 0.33354577764970356 0.3523957186925038 0.3624145841053557 0.34863169467351496 0.3610209229696525 0.28223515889277334 0.24389482749644759 0.20272733075137406 0.14827033809510098 0.14723957393702355 0.1289451336789517 0.0944787399024156 0.09395031654447628 0.13921862810216803 0.14378879222852414 0.142135923176366 0.13208554521949917
0.1639812038293767 0.14319411488629638 0.14368056154214412 0.13246676540678828 0.09408074815594843 0.09602817167183848 0.12395478401541306 0.09110470911798303 0.054047721187250625 0.05338667770290513 0.0585939951957277 0.05252510350119911 0.08862549181213747 0.10077716593815053 0.09699536602542894 0.15578897244442125 0.1952684723761171 0.20659045010557292 0.21727232967964302 0.2380482954285024 0.24403257679833998 0.2291004505035918 0.2508645766660251 0.27965682884927157 0.35523000810781824 0.3685704864228893 0.362853486177176 0.3582336307653987 0.35060403882079444 0.3711759280145495 0.3571553388866465 0.3022151394421283 0.22821802769673993 0.21777499303184994 0.16565792303437504 0.16537129920307014 0.12404905570818603 0.10499111975425796 0.11683094345461076 0.13927491603083614 0.15779921809928438 0.14553945127373943 0.12972037799052966
0.11257703151758368 0.13710228388674822 0.11578865634790392 0.13537840813548924 0.15160676333066525 0.14311732057929472 0.14748207261219087 0.09098216015940863 0.10024723879467334 0.0770411451100856 0.0743838591627429 0.07059429112573985 0.07024718154835541 0.08789015607506466 0.09975108301934378 0.16257676042495248 0.20045761778969398 0.1872411895030656 0.19111400326664993 0.21621477992917226 0.20820235253583402 0.2207305488961112 0.24341469652243508 0.309851655826154 0.3254712437015234 0.35292082062104047 0.3438814872407547 0.3507987518546231 0.373932229820316 0.36269084634946624 0.3281216574691235 0.29045574704120847 0.23334141284466986 0.21220104100672132 0.1670076925960219 0.15291936400013825 0.16696590406219552 0.18231991055760133 0.14248139428859516 0.17166304754949616 0.17366507575887907 0.1612486616925199 0.14377332023195016
0.10345546763903173 0.11512420458209469 0.1399811605227218 0.14135603443509814 0.1341011188588548 0.1536615625686056 0.13430923873754141 0.130468856210984 0.12036931678985975 0.09908292332783873 0.10999115931132743 0.08325192470993102 0.06650299154793472 0.0863902210830187 0.1269098906374737 0.1930516580988279 0.19917833051607042 0.21574469121485443 0.18566628876917757 0.21052640087382357 0.2123387795535213 0.22372287858446488 0.23388513281637052 0.27847629980504207 0.3414489579133673 0.3237059216852007 0.3112345325800704 0.3188239584414898 0.3605299954115298 0.36667035367409695 0.3747211809718407 0.3038881333925083 0.29006517363285517 0.25843252335478034 0.19845866552915503 0.20950742448724616 0.21899252163190472 0.2012567276526903 0.1698234071679526 0.1841868040396114 0.14070771646202604 0.14054823236867336 0.13644388652578363
0.11851356218121899 0.1362414362518953 0.12726741313327655 0.11672379848041199 0.12805422480826534 0.12034546616781536 0.1612296434670913 0.15893136602361077 0.12312017855769233 0.1098687038278997 0.09615708179296603 0.12385815894101079 0.09939863473370147 0.11997140328318728 0.15369597487395503 0.18788753865004265 0.2004423370844346 0.22578991604427318 0.23540950053778248 0.21252720122619487 0.21811211158991164 0.25625761539897407 0.25714483296199203 0.2956501085107356 0.32820786313735234 0.3496970606430803 0.3173281844284875 0.32835814768242005 0.32260762805829835 0.3327210555410115 0.347172491163895 0.32817056549767293 0.2701645664767472 0.24182297709203754 0.20528525481212312 0.2013754441064914 0.17927512300304105 0.2059924281736463 0.16739133186854332 0.17366357365037757 0.15390988393222196 0.15741836776431833 0.10786106520779129
0.13568825694377043 0.12550983314235442 0.1372736763682766 0.1108061001551463 0.1259378559917464 0.15900803180304754 0.18044853052288812 0.17339340461712127 0.14387179794785954 0.13943598329065457 0.12829590236730734 0.13928211469750287 0.15290208593101767 0.16064056258973827 0.16590440585829633 0.18694947317047936 0.2409475090923033 0.22202264864489638 0.22021596207598546 0.21953301135186554 0.2312991958707104 0.28347198085445396 0.28085224587506424 0.3298167531585663 0.33313171975031286 0.3521697253982883 0.3296503616054573 0.31222001655187764 0.3227254505788399 0.3065215418330452 0.31943298410385684 0.290165440371921 0.2592951936700774 0.24021643967838743 0.22201563219706735 0.17242479221380397 0.16693282960980718 0.18898100488195005 0.18893603895916405 0.1766741404604814 0.14001906623391377 0.12455347234589227 0.1405239509879092
