Raster_benchmarking/DGGS/continuous/raster-428.asc
NCOLS 100
NROWS 100
XLLCORNER 1743150.3171011393
YLLCORNER 5469291.6433861
CELLSIZE 10
NODATA_VALUE -9999
[rows 76 to 94 of 100, columns 0 to 42 of 100]
0.35673708790023717 0.34270755156518895 0.3190800450342429 0.30196992128745925 0.29016239365886914 0.3040171079669261 0.30018813511066506 0.31265362905636185 0.3223579688583079 0.3075965541511956 0.26710281974256234 0.2491613455834239 0.2340496475692389 0.2369689204629238 0.2349658485312169 0.25786407914525794 0.21356916550499178 0.21882322313594912 0.22343335599853625 0.21517324346780764 0.27318212727326885 0.2835732337485731 0.248992203278394 0.2688770058233116 0.24670205685946792 0.25631706630952156 0.2762003505956342 0.25555704542762775 0.29797670746819416 0.2887156853016737 0.2894647098659157 0.2918347935632108 0.23947133714135183 0.23962171338651223 0.24162811497742262 0.262175286916506 0.29900532957804066 0.3034454232636938 0.2913632642183138 0.31026366799001404 0.28407260697932263 0.30056290153768317 0.30817339141703026
0.2965376217136767 0.32847648181253974 0.3373345206467178 0.3368283192166442 0.3309212105748769 0.3194038183024764 0.26126263159728863 0.26028564608100296 0.31225970474947473 0.2930793240800819 0.2772508251696723 0.25077808528475953 0.24599872935287626 0.2302134430591753 0.2479205202061272 0.22767367342612313 0.21179540423903706 0.22222136592324934 0.2352949330500826 0.2255338640404679 0.2820628726302695 0.29313807034465433 0.2697257761476099 0.2975520642953754 0.2927532244555619 0.23560656226045507 0.20618694210186053 0.2716807062302865 0.294677429474719 0.28781076732855526 0.29324144661156754 0.24881494886800337 0.2517745816471102 0.2696344594916818 0.25434586931866654 0.23599084982456292 0.26393376908074456 0.2523100132827057 0.27261665715245836 0.320024332346572 0.2971994109360961 0.27872737778297235 0.2881430500721858
0.2756815067612707 0.28039850326001065 0.3131974296764619 0.30139041271362227 0.2656008472639565 0.27518354110166937 0.27311538364735644 0.24694514211839358 0.2558564693230159 0.264600054361417 0.24541916591568938 0.26148842368106573 0.21254293761449206 0.23936343398790408 0.2146093395607227 0.2081894294354765 0.2190842741154917 0.1967680781903593 0.2490030733968686 0.2761424023725176 0.3076808442851792 0.2949689960261854 0.28342058850928015 0.2473099291455026 0.25755236763729683 0.2348615803636767 0.2336706419746302 0.2524154964374635 0.27230046226559557 0.29885011893546104 0.28378715680287253 0.26289687426004216 0.25192194567693377 0.2436880848355035 0.22603158908748242 0.2342982910416992 0.26634973378114485 0.22741012486715984 0.274355822793065 0.2910983566994823 0.27987824395998523 0.30276359724841045 0.2870563670456199
0.3015687787250486 0.29695503596428974 0.2819739542719352 0.2924287725481008 0.25499689031099987 0.23692684272041362 0.22966916308334254 0.2605143434419459 0.25162829433657424 0.2412346172384898 0.27411360082482966 0.22106070250216922 0.20677294728780793 0.23004277793656008 0.20672095945225988 0.21997507531989505 0.21982422685264497 0.2287458425533442 0.22379522042948014 0.2650942568785368 0.28076786658931147 0.26021330061909426 0.24320662363334075 0.2547778578468368 0.26036472039601904 0.271136961636233 0.28487185559604883 0.28913597478993697 0.3020476715246992 0.2973421245230428 0.328802287013773 0.3118102045544133 0.2915719753479309 0.3007130019965275 0.2715471843125602 0.26986259184466527 0.2557640249397844 0.23871356245360154 0.23065491195045434 0.3032960921991179 0.295182580924995 0.30228675998096466 0.3318697458469477
0.2959753048476568 0.2536266612982947 0.2722522314283054 0.27978050670094073 0.2680129485575966 0.2310564296521473 0.19844906024626216 0.23302662676019673 0.2503653297507455 0.24794919851364 0.19955453864828232 0.20525021670178462 0.21862110460116563 0.22869782836812957 0.21369031617843004 0.24366315118161075 0.259986770260476 0.2431974074322234 0.2109543592788617 0.23033154053083693 0.24219695153925871 0.23307879485493993 0.19879478044727633 0.22685144047449896 0.22524173948662546 0.2402398607914477 0.24371198770500754 0.2780953019378858 0.267595496709946 0.2970129665267629 0.3190230220565597 0.29992075829049686 0.26300943455684145 0.29414439026835715 0.26775696767614793 0.2801266737809354 0.24802419833545766 0.22661992177069887 0.2743490639257003 0.293554120608686 0.3007818200805915 0.35801294696759434 0.39056704087980515
0.2535488350665061 0.27646957642311387 0.26238710179859964 0.2683011559517426 0.25912840722848174 0.22566294210258772 0.19583985104768886 0.222391200196106 0.21635747975798036 0.23254909834881352 0.18385328511916266 0.24310647231088528 0.27274315399384663 0.23461673210717604 0.2746923256790749 0.24725979252606547 0.27703381302651175 0.23981713418564887 0.2590569260465472 0.28719862967957643 0.22449442386955318 0.19401524460477768 0.18439686034542643 0.22819296373889567 0.2309682453119253 0.2671294187195976 0.2535799783729737 0.24895067258591785 0.2749378756822282 0.2950158653159702 0.3388521216007936 0.32441328725605756 0.28251919752782895 0.3098232540368162 0.2835886301581153 0.26645536346501286 0.22145560107670884 0.2420360015011026 0.25758022665599095 0.2705554217237785 0.349557862387929 0.34483845382968814 0.3931173588510414
0.26097818529948763 0.2680074789720743 0.2589895779518744 0.2724194749542818 0.2154196195914896 0.20573402416309713 0.2155242688589516 0.1943344141313568 0.21304256194074883 0.19722904396781418 0.1976681885938812 0.24213343991456512 0.254324683218858 0.26989671634781726 0.2618693883069317 0.2775155873468786 0.2785556155919537 0.28655678633113835 0.3274297301490578 0.32426485993097054 0.26514411634998475 0.24998951717935367 0.2775424033110898 0.2667797861622545 0.23896773963191748 0.26361554467124 0.26698662307578286 0.26550022601777884 0.27368092022974266 0.30906884802750456 0.31611646094594104 0.2861828759538836 0.28956166770440905 0.27422545273432236 0.2752751669080289 0.23404826712381835 0.26463892517579474 0.28468845262268183 0.2642219706622328 0.2943029071054214 0.3220164539246501 0.3316910780083693 0.3845028078419915
0.24377168448982378 0.2560102668490457 0.2504629033747298 0.258045066283083 0.234457083977998 0.2513171030964202 0.23666702465229528 0.24865164590895109 0.2439286517032342 0.22069587052086018 0.21356464868247615 0.25439646007183636 0.3233349249418413 0.32915190642144393 0.3037871036486311 0.3479456803717777 0.3522372555568314 0.3327909648885026 0.35670905403683295 0.33819937150331714 0.34397475609237854 0.3334083838169326 0.33549420841304733 0.3254196531886754 0.28088039099798073 0.29639648417571607 0.30912538418524366 0.31648512355098823 0.3400175274948469 0.3170851681576105 0.3101532525895407 0.28930016172115175 0.2900941032215181 0.2959298970173005 0.23375782610452178 0.2501402822604608 0.27806998090667556 0.28265669563683415 0.3019218276561075 0.2983901243477777 0.30215215273144125 0.3546187397563331 0.3969419641721972
0.2573584582873127 0.26290634709827027 0.24142373092969227 0.20615418858924334 0.20457752207259275 0.2634566196757014 0.27576860489156485 0.26874100703432097 0.25113293749785087 0.23081971481590985 0.26409852884705265 0.30221856021849197 0.33421991226457337 0.3456484706821455 0.34652912630622074 0.3657654765419923 0.3669313518843035 0.3425558124379172 0.35578075468247194 0.37849189596008653 0.36648733858341087 0.35214824290096125 0.391514458888554 0.3764704668179998 0.37515567702826064 0.35383434492071447 0.3674520007270355 0.3562980192174966 0.36580823510190386 0.353863032174047 0.366377793773176 0.36386953972187935 0.3174185145472897 0.29119141307052016 0.2413400583059231 0.24283526668041872 0.260512157174976 0.27836872057820605 0.24531633332598668 0.2720993257997784 0.3031684391551518 0.37693784197078717 0.4041694818612609
0.24239990847324708 0.24891592937012222 0.22623321346408848 0.24522608445167804 0.2003448320841331 0.27009692811993097 0.2644603887134906 0.264884438270156 0.2532138439840324 0.26320258634956806 0.2819023375638276 0.32328008487335497 0.3188849924413276 0.35764490594342463 0.4140263259099154 0.4208262090124278 0.40798855395434747 0.38359133563560005 0.3514162294849521 0.36422697624025735 0.3990064590755657 0.3951286028871698 0.4164313359158225 0.41649832903534895 0.3757646557290331 0.3448112130357493 0.3353660023179041 0.37005929349642297 0.35276334022214706 0.4018395557875834 0.4217255613120993 0.34543805612258977 0.3249812619593915 0.2855304567313853 0.2754130751302316 0.2659600030350874 0.29793486998513097 0.26898599115890187 0.24589944206475134 0.28243387392818103 0.33933428451911074 0.37909697043788165 0.39875090758177295
0.24043636123252515 0.2455825478191412 0.23897944007896926 0.2390904078663943 0.2259794162635138 0.2782930398713658 0.28962676103608626 0.3002342743540912 0.31283330377143864 0.28602930673208155 0.27546854070131105 0.279044195990721 0.3386747873384443 0.37547461177222924 0.4183421830209274 0.4012945008222525 0.38905307279287865 0.42409571894631426 0.4328652204423022 0.42657884151088565 0.41073295421208345 0.42994523084749653 0.39804839957078186 0.43562113263307667 0.4218835648329028 0.3789076768785224 0.4093678254682541 0.4066955110917808 0.43454748707407653 0.41994284488013095 0.3716057753591521 0.346324809480215 0.3384877406727069 0.3286725928178032 0.33256386764652607 0.30126965233034786 0.264597346601722 0.2542848806720846 0.24813063505365812 0.2582555066269119 0.294947932447592 0.3516460979591236 0.4047830400240742
0.2445167250514827 0.2589923497296517 0.3159121083277623 0.2968865111425958 0.26928980147981957 0.2859029569194523 0.30372788041804555 0.31353768919159347 0.3588821472335506 0.31712903223603706 0.299338927926989 0.3152950048283036 0.3196115905620061 0.3941675533015478 0.4041548722486035 0.4401599262326764 0.4296047161095971 0.4241175813692032 0.4420969557500119 0.4586556344375595 0.40211587530729226 0.4267445731058361 0.4234986856317103 0.42117050182904886 0.4532020761450052 0.43947279621269986 0.43862833176447835 0.4437534311016345 0.4565051434857746 0.43022460138392565 0.36080687072677514 0.34023592944312336 0.33790268365886067 0.3537232684680168 0.3253892068730061 0.28579640928125066 0.2425430575603857 0.22249837037353598 0.21492769807054188 0.27676798042384027 0.2839084873625637 0.32350537009857727 0.3672801237203438
0.2745011693060798 0.3149424940059941 0.3148241208137537 0.3472544921568188 0.30303570161956045 0.323889245664051 0.3425663473461185 0.3483613914917731 0.33313272902657765 0.31133082547218804 0.34108064514847536 0.332970893458919 0.34068380170012835 0.417106772580273 0.4100448497169692 0.4616129513768789 0.47484968674380773 0.43553378355379035 0.46808148551114465 0.46289176053727427 0.45626300020514005 0.4544329146784313 0.4786986728877875 0.4774570278083546 0.4904273905770417 0.4750451314726017 0.4854865609913549 0.47539648284414415 0.4754429654438292 0.42000129717968354 0.3735018569005146 0.3692018754077247 0.347614036548613 0.35189853856108605 0.3088610318120951 0.26320091481751556 0.2700765725069341 0.23306898711383744 0.27573631036133667 0.270019902149353 0.3276479590800392 0.3525171171855418 0.3504676199700742
0.3449648635345016 0.32874489974062104 0.3478135898728769 0.3612855589084304 0.37400837585534874 0.3722092831486647 0.4257650383429944 0.37130500671568867 0.3457909124368186 0.3262141046181745 0.34522471974554164 0.33537376593824325 0.406111495422667 0.38744497002555345 0.42111908414489363 0.4855297031844348 0.48406823537689936 0.4845066959265925 0.4990664479860109 0.46045298673454277 0.45968984440765104 0.48026097579922267 0.4841420095175587 0.4648598026618103 0.48400216858247547 0.4587013589968791 0.4686850849065254 0.49884932050425673 0.4343511358063168 0.4576976031446618 0.42312729977232216 0.4118859894437512 0.3904417862220963 0.34519672519477795 0.30775910536851575 0.2695646991183846 0.2567142040862626 0.2507088909040357 0.2681815432319464 0.3159085344076942 0.36210911551147085 0.3742176863663531 0.41546608863697804
0.4289768327746025 0.4035786525544746 0.4226205509835122 0.40041497594804165 0.4292605879670239 0.4064261604378042 0.4023911697614783 0.3945442394624248 0.39629513040827735 0.3786216907628403 0.358035405505278 0.36469996146073386 0.3790471098788353 0.42145245553964633 0.4753276372293932 0.5014589883412841 0.4988397564455753 0.5164748319980729 0.5492485022758611 0.5327321853786082 0.5286254406574364 0.492968574443796 0.5024322831528159 0.4771827595021063 0.47621915258899095 0.519765458588939 0.5148269618405555 0.5041436499188393 0.5030281477952562 0.4938341687666711 0.49777214422407917 0.4590426814837036 0.44944477389688703 0.36542277949430474 0.33036351180454776 0.3015681165157575 0.3151052304542971 0.33247159303354723 0.3442838790054501 0.31364304438521334 0.33552774599231144 0.39448555582798966 0.3607660605215516
0.46710233430718173 0.4551148972686757 0.4608552081011897 0.4774586252064701 0.44685831034038254 0.4592705954483893 0.46396476738820636 0.46345331441996457 0.44697548186594144 0.42965317565656225 0.41436790669691026 0.39161278118950954 0.40887459271256205 0.45993274595491596 0.4787470889739117 0.5155851674971857 0.5519147664530903 0.513464686651588 0.5316223213622622 0.541782961527641 0.560947931613687 0.5612715508835614 0.5396429109322454 0.5411773896318895 0.5183394795855166 0.5348730977788259 0.5210214073095885 0.4925091892408237 0.5352953507409275 0.5306999658211654 0.5091196529119268 0.47508793447309916 0.4736290091979759 0.42989822541935085 0.3618424324402174 0.3499300072423116 0.3407669548980714 0.35810422924052865 0.38378666813967255 0.35200468618416036 0.3403017696959668 0.3578618424251369 0.35251618971403204
0.523060879826121 0.5275637258931246 0.5440992261476117 0.5032403931720179 0.49866793080365823 0.5188771234532563 0.5078150527420224 0.4965888716940255 0.4920907662642098 0.49775881978588743 0.455150937556513 0.4497697522715669 0.4353077343509712 0.471707316458084 0.5173354657808396 0.5105083602159607 0.5584388077546334 0.5245055170674287 0.5872865255537333 0.5965916199892258 0.610337219663923 0.6167916131308452 0.6010969806685865 0.583020329259675 0.5351634259707401 0.5483679079552252 0.5574135723336339 0.5242877879658128 0.5011519772514841 0.5252918319717675 0.5074065950175868 0.5078779274779347 0.5180538376434674 0.4484037473368273 0.42558342408173694 0.3848127039982522 0.3998303519736834 0.3977004802608212 0.41735823275156364 0.35943834470220687 0.3581993042292688 0.34559325962394893 0.38440240210133214
0.5146709247897585 0.5455444582427332 0.5955033289355278 0.5754303442403845 0.5840669896581006 0.5703832063977478 0.5749148277949611 0.5411845055391877 0.5218924957916037 0.5394997124206041 0.5467563541984161 0.49218392538576927 0.4659878140271858 0.4731998506262403 0.5064892715930468 0.5476989682191321 0.5341470061617234 0.56835576185567 0.588264388545967 0.5814568944884866 0.6085532143300647 0.6480220702890431 0.6436375329145011 0.5969710667704429 0.5890538873882395 0.5389433315641421 0.529863779189571 0.5520283336119824 0.5316933062865017 0.548828660120538 0.5276187462280817 0.5047653977277801 0.5297341293299025 0.48075798863840574 0.45514835756990174 0.4471685619897732 0.40777668099815484 0.42822460410161334 0.43741738355172505 0.37223599155097375 0.38086528214957455 0.408407012613653 0.41507010629617713
0.58010833544287 0.5771464830472085 0.618713193651928 0.6146186116980563 0.6048712406668472 0.5966196797480536 0.6201248047666622 0.6197675789220011 0.6084058876195508 0.57402858663598 0.6084103403788054 0.5741822639195849 0.5173078475417747 0.5320446073097147 0.5638217502055919 0.5665023315888679 0.5929270617839919 0.5901791674170013 0.6329917996527227 0.6472695271738911 0.6403573435862512 0.6750490943523025 0.6984465586171639 0.6731443452096958 0.6410875553462256 0.6047534764575895 0.5742943893743704 0.5297330822146779 0.5691351816238481 0.5590466012684701 0.5581050671873663 0.5525040715402572 0.5110845650968208 0.49678594450739166 0.45632936009950115 0.46661250411372135 0.44926138856039305 0.4203113635175626 0.41267765875650697 0.4180817353084861 0.41878200274232763 0.38375866346607873 0.420444736220089
