Raster_benchmarking/DGGS/continuous/raster-250.asc
NCOLS 100
NROWS 100
XLLCORNER 1743157.167561103
YLLCORNER 5469292.785914429
CELLSIZE 10
NODATA_VALUE -9999
[rows 76 to 94 of 100, columns 0 to 42 of 100]
0.35443780139606296 0.3532061368102107 0.3050099212749317 0.263836115399952 0.2313253652098185 0.25493624524088415 0.2018177893519091 0.2202748208436559 0.25745327577320337 0.23885156429452456 0.19827023482255768 0.20254983410977698 0.14944547022852236 0.1556846378350787 0.14744636847852435 0.20142664091982576 0.24542009098292583 0.23978483786352447 0.24743914292571084 0.23734152594391505 0.14301188655511182 0.16332163606875774 0.1622641505006273 0.16791817094755962 0.2249538368190252 0.2428167450777558 0.20318767112594174 0.16380990292015526 0.12951283273036862 0.11399665728617164 0.12085419554326876 0.14311146657623366 0.14913235020769156 0.16241595898291988 0.1869164898546802 0.22408896689180208 0.30555251139149703 0.2628374789562218 0.2890503387059503 0.35222585988100935 0.40855052827145055 0.42711691516551026 0.520512037008666
0.35596356341401486 0.32278744936944853 0.2857167548469912 0.22002143959340667 0.2438297295215668 0.22375993310090111 0.1947493484391191 0.23823445720962771 0.21608138745294395 0.23408688029419505 0.19335883606498339 0.193948481083261 0.1697047500046288 0.14023331794394434 0.2031125020119899 0.2067044468986377 0.21565661966932337 0.2530504069032227 0.19786651937097435 0.20956147575332212 0.18761173855520621 0.188071760632086 0.23937239903551644 0.2188115009609178 0.2627731463342952 0.2483479433019305 0.21575655355831974 0.21124284309006852 0.19054858581770906 0.11663317037973386 0.1242550406911728 0.1755334294724329 0.182036909971057 0.20531524317412014 0.23768275725295876 0.2531096281727108 0.2573969426998886 0.29819616733246485 0.3640523612708575 0.401732100634902 0.4504228108840795 0.4550185234079244 0.5472867719996033
0.33872109095222375 0.28901074463780724 0.20973975736921677 0.2165889296066969 0.1792617685797162 0.1997223736673134 0.1742360807601063 0.21029571305617908 0.21036597317812253 0.16776401435806854 0.15628497956364265 0.18301584218659278 0.15075471627453677 0.17714179382033884 0.19258911911271898 0.213582285458556 0.23056714890640143 0.1867518688664149 0.16537635915249133 0.20022988174085232 0.22628068300707124 0.2691478207550386 0.28249930268910367 0.2760270466822324 0.26705316002056273 0.25067633309354626 0.21327934004133917 0.23106149539438608 0.1742825531146283 0.15673583341478692 0.1645505449258481 0.17701475976794467 0.22827755809610437 0.22463481824844972 0.24717097307970656 0.2232250647125744 0.23856444619341846 0.27476621179158983 0.3677998840237393 0.3984243960693346 0.4155103443194599 0.5378503087686359 0.5962900150891466
0.33252303099561886 0.2795081559227404 0.257930366983061 0.20682743193706665 0.15863745192098397 0.15362058068530765 0.20180502571356781 0.2021788702023234 0.18547928075391104 0.13106955058209913 0.0977023641104329 0.12375000170663099 0.15505470123397372 0.2038919936420384 0.19052893560244868 0.18033125976147793 0.21298733246378954 0.18591530259067973 0.13904183482196758 0.1872822987000302 0.23238156222035325 0.24891011339357733 0.2946394734230875 0.24512777167129818 0.2424517621729605 0.2376260811868297 0.24968025976932298 0.2360230418448914 0.19904878641595572 0.19864486314012503 0.1800850227325059 0.1897609155909312 0.1792745877652151 0.1973683610435777 0.23442489079769055 0.27464102013580727 0.2630482574310265 0.29864475535165763 0.35376575171345026 0.4138751516183431 0.49427312797159767 0.5521997764512612 0.5778060200415767
0.3220436146844427 0.24322121002585304 0.20581136604615655 0.2170544869816333 0.2109845754941969 0.1836751385605619 0.16500135373338606 0.14913983628887298 0.13730980587034572 0.14802738010499517 0.10773453374109075 0.11963236388887169 0.1791286036501621 0.17978849557818896 0.24301970206952325 0.22561295660850728 0.16479809935103293 0.14095591456744005 0.1496576166455153 0.17117263085078843 0.16182735429792075 0.21919147299010916 0.2780084816684641 0.23864929331209273 0.23705892624842412 0.2619050814016977 0.21444027743060937 0.1945592068112447 0.23438775615355245 0.22476498413671087 0.18927146897434516 0.20080384191547326 0.150187933245353 0.18088413696886205 0.20685175829039876 0.24708234689550707 0.29413655377238 0.32264987900437886 0.30366631669348204 0.39550631083280463 0.4797822557454088 0.5385152197966022 0.6131563521266702
0.26844070905023776 0.22046021563611104 0.20577236116195025 0.15420576278278741 0.17579868967502799 0.18608396470635313 0.12923359630186282 0.14949486480616198 0.12007978028608945 0.13657454847067713 0.0834738208273218 0.14418748348456198 0.12957359621539966 0.15989939714074217 0.20954387317392303 0.222678335599943 0.14778252727505506 0.1387477941839117 0.11349294607288651 0.13187284911478106 0.15688961532971424 0.2028087851215211 0.21198211375287856 0.23985438204844 0.23269682310184606 0.23419369185324845 0.23100842735913327 0.22522468570757492 0.2533534642766284 0.22362276052389457 0.19190813177567526 0.1720489671027256 0.16571258925772464 0.17638937325040374 0.21514178702532247 0.2077568991095527 0.2996429788673167 0.3127970522798283 0.3277668482716887 0.4003661324647803 0.47251225012427844 0.5020622125099898 0.5789056513998169
0.2522504826677099 0.21070438199661656 0.15904271529751102 0.13514346774048366 0.17409399234637996 0.17380868993993517 0.13512338086154294 0.1027803813154588 0.10139902351914733 0.08051716963967029 0.07686733050419975 0.09877704680775114 0.12114261849658452 0.1482189829719326 0.22012670343856597 0.1976668257559766 0.19550998665500702 0.18151495109653498 0.1352997676890953 0.14313227749650523 0.17140194559396982 0.21361776664757956 0.22319457800883585 0.21976885441940017 0.24295037616123796 0.22161952814968575 0.203699653250671 0.21491616926863716 0.2240620269150664 0.2053925736257955 0.1987531908435641 0.22159507203709283 0.1862583915900548 0.1300024497400574 0.13822942351501966 0.17806764409128106 0.251100195499772 0.358625642701291 0.392125013438487 0.4215854995617851 0.43590214868286437 0.5233607601765267 0.5318458408062748
0.2265560898276887 0.23557149388926762 0.1586190138449899 0.13133254896204488 0.17760423873401823 0.1380937060991356 0.1385104598596896 0.10711381422275727 0.13477039486767142 0.10581081034819034 0.05363941095108114 0.08710939623486551 0.12604834427733963 0.17477243033953133 0.2099007704425133 0.18898044641385928 0.15520969101942056 0.1329905619742348 0.11199164326741932 0.1617316526518404 0.19865421950835388 0.24032842317079262 0.24470584824323907 0.21483268202835185 0.20720004868895664 0.22458288040171803 0.1814729674277573 0.20178007876070897 0.21876440316647378 0.22896565012439232 0.21265186566558325 0.20059906287184395 0.17840597280254725 0.14084429319231548 0.14101461107658148 0.17646330731189813 0.29263416115998453 0.3677081463944164 0.4159219122680098 0.46030063516632286 0.5146718810114043 0.5207101907925148 0.5312108750982865
0.2361602093394956 0.23198805809500164 0.16556848205470742 0.1693931144480202 0.14807845690436852 0.11451927142522655 0.1024467240846279 0.13486744204337814 0.137764066178005 0.09943129977939251 0.07392227560336699 0.11308630965665205 0.1568807137299631 0.20170317275815997 0.19774349995975551 0.16344144034412939 0.16072091039693434 0.148530773856688 0.14283247112062628 0.19689403618033713 0.21283329868429807 0.2348646974260118 0.25554490871136626 0.19438523092865054 0.20698732423208685 0.20257901989346544 0.16460815700746248 0.1551456971194661 0.15906750622908458 0.19120902588787983 0.2022883814586291 0.19120072547047598 0.2196346827377648 0.15248330191633155 0.13036424436080887 0.1853046895307067 0.30638588233706904 0.32732614654267966 0.39802927920269754 0.4643444684184125 0.5192907899172392 0.5503962265177019 0.591674078776248
0.2676336057623709 0.2831001697410651 0.2496246391017543 0.2110398622793428 0.2227777913246239 0.17095743832297192 0.13850209690549395 0.15428264053460833 0.16604208807726928 0.14107396826702864 0.11554631860706684 0.14570361298422665 0.15639773960847125 0.17075468069613367 0.15986136435047632 0.17777980374213773 0.19926312864654083 0.21165725032004526 0.18844099870401 0.16041389741254833 0.17636587847426838 0.18919155292629034 0.17076028489732045 0.1367789625432776 0.12130941108981957 0.1280999279640437 0.1529448890807334 0.11919010733505546 0.12653316846516663 0.1539994930455161 0.14467418074150057 0.2095194762185931 0.1935070294703768 0.18727851600905682 0.17188061600674068 0.19097178747871946 0.2650117570921853 0.30767399359970266 0.36908800169940376 0.4392545802922087 0.49852769929148494 0.4763062171505893 0.49962385111792496
0.33183807070015414 0.2905810976480127 0.30540404942479443 0.28280583106712437 0.23065514157718858 0.2234085859028312 0.23174528262865143 0.23421472992142706 0.16304883459469838 0.17403368114147083 0.2248685102735519 0.2094716193632827 0.23296606404302256 0.19891523973822062 0.17935422609542812 0.22598526404281946 0.2437652544007294 0.23988044695971103 0.22732942234974518 0.1358384917068219 0.11091661404020772 0.10484929942065156 0.11019531440489105 0.09971132735616021 0.095708510744277 0.0979002242471666 0.08676180319934353 0.08810263876185503 0.16342595356265804 0.1162431781833096 0.13525622166998877 0.17831795143835732 0.1564365247823007 0.20987435680444452 0.17371677501301563 0.23364750160308245 0.26165622878412026 0.29446178717987054 0.3500939758257273 0.3735659810174968 0.46188736534639807 0.4210209732954197 0.45188976072158415
0.3834671703364637 0.3294000777747036 0.31999311125370433 0.2543109368817986 0.27745635069464814 0.282965445010422 0.31091116967066573 0.254337389474508 0.21689254582403766 0.2361546217689077 0.24798260823107876 0.2416508326603277 0.21318708525960167 0.21444547200118033 0.21467465451733286 0.2494746265247663 0.22383758563111758 0.20715466520868347 0.17986123534119172 0.16901798716400868 0.11561098284304372 0.08073981656387841 0.0706517334153071 0.10064984479669464 0.06898069235032758 0.09630690477578632 0.12490039143847975 0.10195105049524636 0.13522722652233748 0.1370198691044512 0.13500896701411846 0.09711482301220334 0.1480951297546583 0.20754330666273035 0.2422509711736733 0.22815503363660108 0.2602108831246691 0.32847971585019237 0.34238660507740376 0.375302274649238 0.3937551406044539 0.42484527440656694 0.45464555762705283
0.3975846904532205 0.3739539249732608 0.3043827422852732 0.2824686739736282 0.2793609735604558 0.317406219908154 0.3527377536490206 0.27685037876661406 0.21859047873500537 0.2571038356396334 0.22910502336120844 0.2124199900906065 0.17223544750623457 0.2182552631241779 0.24367515800159653 0.24210715718797488 0.2508362524078081 0.18642813290529728 0.18818721569690855 0.11839931990583641 0.10795734554626031 0.0924039133422244 0.07543546444082835 0.09511912882270823 0.05638147899457723 0.05989063650914393 0.09613296151471801 0.14103531917627388 0.1267065232640165 0.0759003826582052 0.05641914571539782 0.09888337668965708 0.16291108832528767 0.24109906187050717 0.28698137419406544 0.2972472550374163 0.2943835353619865 0.3315215985537173 0.3399561380318798 0.3710978586818355 0.380892573380969 0.4245265309512538 0.4504731207988291
0.41600162320610634 0.4034509599910936 0.3445879397713623 0.3523252618343184 0.3624706431358329 0.35943150183017825 0.3600542540030027 0.3107437281476643 0.2596310664891715 0.2561368109639956 0.24115092739974658 0.19687799549920568 0.16961486909162427 0.20425686562160547 0.2167747135739239 0.2390007749202371 0.24309559122765229 0.194671264977261 0.16544348853362384 0.13810304875862772 0.1384117792447864 0.10379361248853423 0.08553426237423398 0.039222200330156866 0.05473972233794612 0.05309523444802899 0.09915791212013005 0.10581244992168715 0.10063059905249194 0.08066668950289146 0.08064010052896049 0.1544960607278193 0.17872215917652756 0.2031726365712147 0.2541478211096509 0.3065745545772321 0.27785427718097233 0.30223360172226243 0.3027255542898242 0.36733009213164247 0.366640884402146 0.4439608988798121 0.4498350650081113
0.4000739521008697 0.415688073108957 0.3798009811442748 0.35815216722948334 0.35718358327160943 0.3182215152437097 0.3474112443731913 0.33178326787470197 0.27394589028335453 0.23903657326279698 0.28370009869214624 0.2129467298210484 0.20115149759748077 0.23041966591079352 0.16413294345100024 0.17739574949947257 0.17006171197348574 0.1804502439277519 0.19527573131334677 0.11565683533248193 0.10830746323837473 0.09512833218366826 0.08622818080043858 0.036000773897442676 0.06738305145469917 0.07252640376969588 0.10181389093953798 0.0744751239902033 0.08358565397441749 0.11058723433673698 0.14838590994328643 0.17686970465914642 0.1798414272260367 0.22700881561186328 0.2591937960192504 0.2682443341585849 0.27041026278001146 0.29127283995794634 0.3254759001757811 0.38351169407932517 0.3495855294948736 0.3960618853703575 0.48921030770153257
0.46535238741094104 0.48701532623044747 0.42945176883012287 0.38438154010168263 0.327575027669853 0.33344161377850895 0.32331509282993093 0.28749048123418935 0.3105817223187671 0.2738062640489111 0.24327336005351916 0.24777937155369706 0.22640151821820148 0.2237104405787876 0.16977592110534204 0.156000090998387 0.15635986831939563 0.17986794805106257 0.17893982695958185 0.13926124134834045 0.121198543878955 0.09525349022107202 0.11699500188470434 0.07833233235625872 0.05598263984602895 0.09742352108401887 0.053325391483236256 0.05563443636276974 0.08043860841765288 0.08108077284719 0.13296697272059166 0.13919712293410852 0.16646192405822102 0.2339598053009889 0.24305424520697905 0.24925395754466662 0.30639510373399054 0.33124345502327035 0.3832602723103601 0.3821967153158278 0.3545042797846314 0.40854181710262105 0.49706974118757136
0.5395213921159584 0.5090490806903605 0.5393739371512237 0.4471419835352144 0.3674943250618036 0.3559184943962743 0.33021750695690183 0.30607173118381165 0.30894529091251366 0.27791211756044903 0.2548754343984516 0.2124214033409687 0.23681773297981393 0.23803316724960802 0.19921649211499243 0.16229315472656786 0.20787772662073029 0.18822161031309623 0.21081471596501242 0.14812760327229324 0.11040887320723473 0.06990116820624825 0.10894993629012487 0.0807521347413417 0.10239721617954786 0.07193653618371991 0.013389601546533932 0.06618546542345301 0.039326654632506945 0.11148509572386532 0.13951867497812837 0.17517702043536995 0.15108225274817852 0.2229208318589628 0.2720301308118869 0.2318740253056818 0.2853773806916266 0.2957625193358827 0.3676250630274064 0.40443468806245586 0.385139534727944 0.4443024789642409 0.46282706553167974
0.5484684981638447 0.4857453695328841 0.4902918544380541 0.42979979738153223 0.36684713408153896 0.35751160272805677 0.3560140434635583 0.3418606965248229 0.31994148674224543 0.3032175287210714 0.25273737965686394 0.23703250521210692 0.2069592077038508 0.19979221908744818 0.2027108905407606 0.16396383279179863 0.17572483323763238 0.2119749254846424 0.17124181792126505 0.16246999994883585 0.10753597472117254 0.09138872886495507 0.13135489132918493 0.12970172924348583 0.10064409233156103 0.08839532287599147 0.024567396546279013 0.061037476503038 0.08140922025727695 0.07414812215134685 0.12484800691032312 0.13829841185020747 0.14299772404336225 0.22069802662787827 0.19798662781055754 0.225603734542348 0.2535221815150281 0.2936601169168824 0.3731191747213003 0.3818583089090011 0.38560269134191283 0.41946230526716727 0.4395538049151528
0.5342707840775008 0.5410148870218168 0.44948685635758745 0.42802695586663886 0.3879755839805914 0.38963417724105054 0.40049733382417707 0.33784550215862436 0.3584256199976463 0.31936623031796363 0.26697806279123154 0.2776081393169658 0.2246749458981729 0.17553368965172203 0.20991726905671015 0.16342388127833166 0.14696962041160527 0.1659660692900648 0.17675426640575723 0.18010151263243288 0.1201469833966838 0.12961226913331228 0.11507099879214029 0.11345107360778199 0.06276337422647436 0.04520243884207177 0.052804320636027136 0.043244933540180205 0.03215147595249107 0.11677302027970479 0.1489503277616509 0.11842111769212917 0.1695452242595303 0.1768403137036653 0.18680511549242057 0.21844890643889944 0.29057639951250913 0.2826627376211341 0.3336742788530111 0.3971686443349806 0.4112759193277101 0.45072686834786313 0.4879226535912721
