Raster_benchmarking/DGGS/continuous/raster-360.asc
NCOLS 100
NROWS 100
XLLCORNER 1743165.6328560635
YLLCORNER 5469282.737644088
CELLSIZE 10
NODATA_VALUE -9999
[rows 0 to 18 of 100, columns 0 to 42 of 100]
0.10997736937116663 0.1141732494261228 0.09376853152115236 0.12634816766836987 0.14847774592798638 0.17342090560755963 0.17314471167234904 0.16556474676787206 0.13920734172454471 0.15892506251043176 0.17364754667858306 0.18541239559774272 0.23209918665904608 0.21467479990944988 0.22170550039756956 0.19687342794160737 0.1705984617716441 0.19638818763522606 0.18001647666800732 0.24620158317373106 0.2619925736501734 0.2415725977244392 0.2903642157639568 0.2764562179473951 0.28326688759150975 0.3132266420518897 0.31044811653707305 0.30749055874876563 0.2937022165310349 0.2626732021412996 0.23378323492363623 0.2471963122444429 0.2370364837662137 0.22116881707413877 0.17913137362108214 0.15703904213433537 0.1568181340313327 0.1687995195784056 0.1976029154453738 0.23900362271901696 0.2790044439107662 0.28084676416982246 0.2616008102343821
0.13050492899963384 0.12916043240787756 0.11696993948083222 0.1379640020267032 0.1450808099459345 0.16370583286623178 0.1484704825592738 0.18155645319259578 0.16180619451973358 0.160886877036634 0.18732660507249868 0.21085161899517732 0.17366639165958556 0.15871057569874633 0.1927929026621157 0.17212424990899244 0.16076808146112498 0.16686571411280504 0.19683389670901744 0.18976427443388086 0.20319717224280798 0.22264337715918858 0.2306473157543637 0.2622451305398618 0.2623778012056076 0.28061781269645325 0.29150499782395073 0.29274205107128093 0.27078793228655174 0.2668255961512163 0.2232444877080241 0.2062467661922135 0.1862248267992965 0.16208028163378652 0.1575715979877263 0.13113122022249554 0.13062423652068778 0.15816877172001187 0.18505981915554756 0.18885393081549806 0.20676099152452904 0.21435099128264196 0.24464271340889085
0.10491713958328874 0.0945878025133359 0.12334139665016675 0.11535831016372737 0.13465359009762268 0.16711827866059992 0.16679648055614138 0.17867250320770742 0.19578968785002596 0.1692364436732731 0.21399886809316412 0.18391551047492072 0.14549033495356026 0.13814487960161506 0.13124668794964542 0.1428588402282113 0.18122468541242023 0.19476613299494935 0.19768377831598624 0.19579229344749796 0.20338129341316313 0.21771928939024568 0.1846569115604571 0.20134662590702668 0.2265525625929034 0.23399226596822545 0.2684716232796168 0.2743267194326035 0.26174815556858666 0.22035734795450876 0.21261873660421737 0.19023497052043684 0.1378090457582061 0.136771303863516 0.12976769565825877 0.1563998783440721 0.1394069468899117 0.16986632514514308 0.15169996466063265 0.16085891866930646 0.18883948010056237 0.2078005392879788 0.19321478727630975
0.10381498572418028 0.09613907024131081 0.12123445470581988 0.12168583808265529 0.14586611264488866 0.14354182881400707 0.17254515453810573 0.17509206810615796 0.15523655362907474 0.17735010974634316 0.2145520003204096 0.19510737209530252 0.1772527234448445 0.1277276973962898 0.14537119842625193 0.14395361164562118 0.18101065839103211 0.17421650021001928 0.17116764589985212 0.1627236385856606 0.18218248345133317 0.1735735973409752 0.20716092048813733 0.2121842444142658 0.19826596035001667 0.24390465155874483 0.2748024579116013 0.2527000939858858 0.21353085467325653 0.21644205833691862 0.20155949171646811 0.1416125712339731 0.12506556743041639 0.14185143933452843 0.13393603455125694 0.16087431940156469 0.1534151649187249 0.14862744932556368 0.14615710035695134 0.1510271603979506 0.1606000659493873 0.1710956681985447 0.20705142886929523
0.06973227197967344 0.08656984771070994 0.0631065812556009 0.12500106078392964 0.10139003504537329 0.13504923577370426 0.14225073071657382 0.1383554310762056 0.14295965410888445 0.1477823427515614 0.184080079163801 0.19109247749322908 0.16274908396116922 0.1243823376258803 0.13710018416726527 0.14643058552475716 0.17869061549458554 0.13717467582601106 0.1421592036675692 0.17738819078485454 0.19085398223515745 0.18949410407822437 0.1751586247856545 0.1712523640492137 0.18988911994280694 0.20879365172058015 0.25712639619991356 0.21448213138127226 0.20134477671167172 0.18885689919063983 0.16052760763506135 0.14039402512598387 0.14411307425624206 0.1306436809353542 0.11837843399057255 0.13715620969440795 0.17064289000545702 0.14515760660118576 0.14458085322968012 0.16126439581979693 0.16465966808321442 0.20096232405743136 0.20289122073233695
0.11482677843412793 0.12135480988051614 0.09861296777435051 0.12517069276679274 0.10010785272261237 0.10606315619974103 0.12058785298271991 0.14454044638031036 0.13943965910599165 0.1599219613242541 0.1513733079892512 0.1644865352811718 0.13385792880897016 0.1386865156761681 0.1419354276003449 0.11709775244864888 0.11723173518517978 0.1198158452268488 0.10179949028493958 0.13063001051895634 0.173843255400108 0.15999119482932306 0.1794167365423024 0.16281907616177263 0.17786980903874736 0.17862251395840842 0.1864028203850014 0.18865476331199812 0.17699131631794154 0.1930601069363742 0.18597674841625622 0.15992432107789828 0.15903881601999972 0.14176520901209375 0.14843743933989262 0.18305618858447398 0.20154386260594626 0.18714181305558583 0.1726563119952135 0.17112925764850073 0.20906051364953004 0.1995850859334937 0.1939645579476941
0.15761189236391684 0.16602095418595642 0.16173416686117822 0.1493803585432098 0.12763802445215316 0.10545786042331189 0.10947723816171795 0.16044516586612606 0.18650133727239723 0.1591914777616787 0.13770047658684154 0.1515679485409024 0.1611980744668961 0.13214071938328484 0.09946005633070482 0.08078953209916263 0.10908609347389346 0.11840413912252473 0.10611067110680064 0.12226387286375755 0.14307996818415805 0.1290408075260442 0.12684936777285535 0.1662149122238636 0.1671134640110515 0.1878463417862383 0.16859413453795513 0.19490271206116516 0.2042869203063123 0.20335032705226652 0.18244014409404613 0.15792251413143496 0.1644746262815485 0.16747888458216156 0.182178736347007 0.20662148189892462 0.19399196639490732 0.218252837764479 0.22596837415321452 0.22075436690440933 0.20832953114932032 0.1831995065649144 0.18791507707763466
0.1493688333458796 0.13305402451327575 0.11940802122588597 0.1359352580735627 0.1469764586482973 0.12301711870409536 0.14888436629100477 0.16399535473695726 0.15275087374287258 0.16614031114784467 0.1622126352467496 0.16988990839688037 0.15834463038671656 0.12865523835261994 0.09898807132190417 0.08949522365661557 0.06052459170193299 0.06047200235385108 0.08217335138226474 0.09940300823442823 0.13041975664847472 0.09923194056737039 0.1402972240048282 0.1170932139059539 0.1327480119378451 0.14632518393621483 0.13096708036416196 0.15255275253743875 0.17140193289397473 0.17074054327164684 0.20627172502744365 0.1961256502987634 0.19648330362314184 0.16687011537695112 0.1876214870819862 0.20492072194786393 0.2166353742579478 0.2356923427940344 0.2213804121356134 0.1936046423806898 0.2196821883138241 0.2208777530575285 0.19393953869945155
0.15115560215149682 0.15889885236965334 0.14265036611852297 0.14876380632669975 0.14483895100136943 0.13125098956082953 0.13967976749465363 0.16562664627765314 0.1589650722954619 0.18161755005682306 0.17357126588181743 0.16922813340302748 0.13565831075299686 0.12235910678802883 0.06522304191329134 0.045197690175736716 0.053743818300005915 0.06612472892296876 0.04492688443019505 0.04762879929754155 0.09044426216909135 0.09331166510584687 0.12342599516103867 0.0906003875541126 0.09864477390133211 0.13819362800798693 0.13851128988380204 0.14703674901168345 0.18522977285244902 0.17384068192031646 0.1893470493523153 0.1876989216986715 0.1986131547341822 0.18454212526963507 0.1562652249967826 0.21021305283857758 0.23234482728017378 0.23072925534913602 0.21361857895771788 0.20708257440505634 0.20183422398588943 0.21718651691551688 0.20434175911599778
0.19527111499645963 0.1711073909571658 0.14422798999942282 0.1280319710506806 0.14834599047594285 0.14205998278523388 0.13174408650329722 0.13648812346339936 0.12388546147624478 0.1487046566898048 0.15789630680200586 0.1394678512748997 0.10357890485538608 0.10893892007902357 0.06616580034302728 0.031089589978248632 0.048119433563178146 0.03786818960412763 0.021665019438117383 0.03196856532375128 0.04571192691321533 0.04366103152767033 0.09299168609502285 0.0800964754038685 0.08973663378918484 0.09464201033277107 0.1162636924137086 0.13748863844964498 0.17001414298874384 0.14184638881595998 0.1392947499295445 0.14324308604067496 0.1359481658126065 0.14342953050075294 0.1738125046547806 0.2050942967742943 0.1919572849570749 0.18902652938052686 0.18663739617477887 0.1879398774156337 0.22031391606087364 0.23193232555917456 0.21182170257237798
0.2091731522732876 0.1684602805385523 0.16145068617556854 0.1736755896221362 0.13161292957742154 0.11036705180118048 0.1022155241367511 0.0955508868566161 0.11233706646746767 0.1325574171747438 0.08733930290722412 0.08821823455398801 0.1187936076675725 0.08084137443643857 0.04439852241453214 0.01270067899619894 0.010496225617428457 0.05087433287285375 0.04784195291286776 0.029989397447829854 0.023401814286343987 0.0427592407900669 0.03429903843948793 0.072700089510669 0.05918235945479089 0.11232474256118966 0.1423475120947113 0.14004875916183995 0.1540670758818681 0.14862234634395546 0.1048317698081145 0.1134520628120774 0.1231022810386605 0.13455851017670153 0.14523279573055947 0.18176510499862866 0.21693211198363338 0.1867322078599252 0.17459738403377578 0.20366263769605789 0.20027746738244662 0.20271537624488928 0.225178868651034
0.17784763192836472 0.20924353866494758 0.18962163872545548 0.1818493018729017 0.1640191135000457 0.12584953599373386 0.1361284894970558 0.10922070618426673 0.09268954664270958 0.11207926589496678 0.10738695140030222 0.08601799579394903 0.08532923399197286 0.06723759716735098 0.07649867751861826 0.05168795740693241 0.04064013394087154 0.028958230714823927 0.018200405404976968 0.03991545251572779 0.02733388284197307 0.0 0.011646550273696661 0.04908605208157652 0.039851892086633256 0.0755665870501998 0.09305459566140595 0.1398625079976792 0.15045433316051654 0.11540209638280101 0.08053451835097564 0.09858556368532954 0.11906777345610423 0.13574180193805552 0.1402627805291545 0.15829536633983657 0.19294713039762343 0.21369525981086057 0.22104778803010514 0.20520432602498212 0.18436816572189993 0.21305571084955588 0.22843386797635412
0.18302692593511696 0.21989902255938554 0.2038105107680005 0.15668316296131293 0.14786462858611255 0.11227200333580624 0.12146621269674433 0.14261584365500418 0.12782148752168343 0.10148185863812083 0.10271703221720802 0.08630058945552468 0.10815053916594401 0.10520480983028135 0.07051542839910477 0.05390768940665879 0.041910606192525075 0.053903699189651794 0.022601271947495373 0.036359430503857204 0.003516228704753096 0.0062235604605225875 0.0170217041321766 0.05518087951371123 0.02906696791073835 0.0641153012415148 0.06771782878473356 0.10774808083077547 0.1498478366173661 0.10751398102219833 0.0949919979889278 0.1162783768926284 0.13269296663241506 0.1136715654473518 0.14127817788177496 0.16892498212501486 0.20942353179334758 0.22741574844338366 0.21600130620283617 0.2153412419889067 0.1995696539731555 0.19816037555124386 0.18919088262560263
0.2116102776533381 0.2039960739459295 0.1877727571477269 0.16524146311973073 0.1356373476088109 0.13257876960517884 0.16025107891530987 0.15318280501043935 0.145841383856676 0.15763926889982313 0.12412863878897606 0.12014128723920725 0.10377421853429807 0.08922566806025263 0.061889504413900835 0.06843531270866172 0.03234153843655677 0.07078980018355278 0.035752297684332086 0.05252306148159684 0.02729342397120969 0.03213197840684571 0.04363439856021606 0.03859634560107337 0.0449170558017139 0.0747807526854353 0.08762060066818542 0.12842394577512586 0.12896740969567896 0.11869865211222137 0.12095383697615143 0.11117314214108844 0.11202745395732652 0.13590498978222113 0.14578735611429292 0.2022717054438509 0.1851536154327311 0.20570535174114526 0.21568697196486852 0.2171517295649179 0.21526029799840715 0.18512896257370104 0.17659351014426014
0.19393505041569134 0.1906259575578797 0.15957209406509731 0.13625352571325577 0.14147103880093176 0.16826030568275105 0.16145688147797038 0.1807658926515632 0.17411795464618082 0.1593694360831929 0.17548047260367358 0.1428547450003658 0.09617932958545233 0.10628055112982682 0.08084665696907908 0.06230582509972491 0.03864724336661584 0.05157809851173376 0.08628500902073687 0.058625602796866697 0.0312630177914536 0.017853809840145514 0.017558566050964307 0.02627040192694228 0.0682004716361999 0.07522981694864136 0.07020718289272582 0.11922385108536829 0.13180222800980357 0.14475866875845717 0.10615162690974957 0.13847789184078138 0.10895480395221942 0.15602418131171422 0.18042891193213037 0.1730840888754246 0.21705706895182225 0.21407496839330906 0.1880506281471817 0.21145888963764511 0.18633842632832973 0.18160745427687053 0.19003276218088608
0.20135143141829465 0.15776862335261357 0.15129678604630048 0.17127564969253772 0.1645963998940886 0.15948321365379195 0.17184960778025893 0.16658945455421242 0.1959038992587497 0.1883853214366441 0.1561639344515494 0.16184685880645927 0.08663286915948816 0.07044737469247066 0.04307672251768913 0.042779724412836555 0.03464168776829846 0.08489459671881898 0.09039764603207066 0.09832834349888807 0.06898313801384233 0.06533665424957368 0.06735188229445731 0.07534106287541097 0.07182269663699446 0.10598076110757959 0.11976004267422179 0.12231323166930134 0.12343936303419453 0.13464476075626128 0.14599107140442444 0.1311887270829688 0.11469273973446728 0.13940551835428103 0.14883944239670843 0.1768607836377131 0.19819388875505814 0.21032758041666186 0.19536919129937855 0.20354130164060105 0.22126791879197028 0.21313798042763968 0.21300799587783098
0.1917559300953893 0.16077149536405644 0.13270555671516446 0.1515513160276109 0.16859906523247928 0.1899432241793016 0.21538880130351182 0.1849388442257126 0.17335228026608293 0.16221130467648767 0.1765293608754294 0.1633779380698979 0.10742377888890807 0.08072540339618546 0.0673458665117219 0.08927158202881684 0.06749710490185916 0.07940924354384231 0.12673005435773238 0.12210731341337176 0.09265708913748262 0.0939743122131811 0.08743615791042031 0.10257224484527713 0.0805944281183369 0.10475941943336542 0.12431426487721599 0.14737151499252915 0.12022091575645974 0.15392292067005037 0.11555925130768895 0.125593569183253 0.1571501294481651 0.16557374965652524 0.18596161316409926 0.17213387794283944 0.19347148873177605 0.17883424357368385 0.16301370996710587 0.2110826990233863 0.23322955664836967 0.248957793043349 0.26420922946049086
0.17604842724806774 0.1709832812697317 0.15479828802427617 0.1665171078176301 0.19019156083384423 0.17853030502529 0.17995593106578592 0.20545778057049072 0.16965722981384285 0.1723421836478308 0.1857776521083038 0.142615409832874 0.09932954943960443 0.09137565795298028 0.0931197202948879 0.0943357977743439 0.0658003468790723 0.08465872249196461 0.10420846619437218 0.12095092043656742 0.08972104968233749 0.09933982294252165 0.1073439926578607 0.10951855702858504 0.13375049420750112 0.13028059293414 0.12421441564207873 0.13379548318688703 0.15138316605346355 0.1502476441912337 0.17211138813897525 0.1343274283915849 0.1486373382787091 0.1822028403837942 0.18846259311393168 0.20950650427316275 0.2103955806304034 0.17983116596329643 0.18336949316228962 0.18149630965379693 0.21206726727401845 0.2563971834265603 0.25541681622164797
0.18735248650942798 0.1784835468151871 0.13036649771125566 0.14591994246559864 0.16430354526454752 0.17214181378790192 0.20487145107155363 0.16897101908351442 0.16692169635162732 0.19094745300804541 0.1549291261215809 0.16000192769537933 0.11946429661531519 0.1245727228741248 0.1189289273099825 0.10697984340927001 0.061399194559618356 0.07306059079944685 0.09263705720267885 0.11449229195468875 0.11752498128890577 0.12413088068465672 0.1555549859136841 0.1771437877679285 0.16149806719722073 0.14010939250953722 0.139341156160175 0.15319676924711442 0.14431046842346557 0.1869695708314554 0.19314044782473877 0.1705688956143542 0.15731498443083047 0.17015916635971298 0.1842420976813301 0.19383219525069095 0.22484963000591193 0.2153516397045666 0.1701893967427088 0.18362807213643212 0.21241029982957063 0.2545911127995123 0.2563820498237805
