Raster_benchmarking/DGGS/continuous/raster-226.asc
NCOLS 100
NROWS 100
XLLCORNER 1743151.922669294
YLLCORNER 5469294.7412311435
CELLSIZE 10
NODATA_VALUE -9999
[rows 0 to 18 of 100, columns 43 to 85 of 100]
0.46039362784907956 0.4524464495737099 0.42700859497007737 0.44061924519464335 0.4947214809667943 0.43049951712182505 0.4489483513726624 0.4039710693447262 0.4105769890880012 0.46043527654957933 0.449916483107062 0.5135439507396288 0.5555677453255685 0.5607235895267224 0.5580318365132507 0.5587965865957444 0.5771504825870397 0.5111018827106306 0.46087729357044843 0.43492019166678086 0.4390930814740108 0.4494190909140449 0.43597632657295393 0.35469252275300894 0.33960306836967175 0.3356790893117764 0.348144699675739 0.35235573632846684 0.3498741705820083 0.3405005778980708 0.3385487798093843 0.3785788878189549 0.3896074339461268 0.3410931265365296 0.3112842758447707 0.347527013652455 0.3404547795926329 0.34829655829732564 0.36496954218145494 0.3795515402994279 0.3289178000380539 0.37980249323537363 0.4592157181847309
0.47103405392504927 0.41544855833189664 0.40204187188057894 0.4475126086758261 0.4600128344670283 0.4251927203257153 0.44034951740035305 0.42908770437331356 0.4228033036597344 0.46426885379587957 0.4696882615424647 0.48025073620394587 0.5300079579779939 0.5444745294370266 0.5068810509673033 0.5045979825895217 0.4841819433007036 0.48745683365359416 0.4231087688284267 0.44387427853882006 0.38616483123859263 0.4086552126289296 0.4062179633653749 0.3388276543260266 0.3372391426759849 0.3495530031264586 0.36073776804367486 0.3295771891699063 0.31994695263167405 0.3585217268824734 0.3790764264633108 0.3767353081325457 0.33669046159527705 0.3323375570530526 0.3301937766603936 0.33849304107145195 0.3352538794941757 0.35345627230802457 0.3514471681420758 0.37883142658208424 0.3962417613622535 0.41938229853471803 0.4728164154212278
0.45989181232248394 0.42788794656441 0.4021366692393587 0.43183613704492024 0.404435244951743 0.43481903196374194 0.44441610420559663 0.4343314106859903 0.49605181849484314 0.4775358567535621 0.48652212985390075 0.4833453236081488 0.4826928946350347 0.5241814515473958 0.5225759572222209 0.49223615053568553 0.4535065784387068 0.41899298801105933 0.4095762006011014 0.41165044621906344 0.359322533402873 0.40064439494928844 0.39075130871006103 0.32013798744003397 0.2940395587328496 0.3372243570783879 0.33932936562587446 0.34552292972585164 0.3095537056321665 0.36841163513263075 0.3761553803793198 0.3605488243600118 0.3355015357049896 0.3074447250702786 0.3377494176011409 0.35996239544678443 0.35978401957477196 0.3457821550420556 0.3706038292698345 0.3459364978618366 0.36148145603452503 0.3845141604518463 0.4641653226698289
0.40894498215120123 0.3969844519799304 0.405532440708146 0.4251977318296293 0.4127515865076079 0.401851496632193 0.44227898199377325 0.44639562731899884 0.47811742515082084 0.45062063290649884 0.4480141541677315 0.43573432141224233 0.4409783841103013 0.490695721192658 0.479248153685909 0.44898494671047784 0.43697061131287035 0.4127285828867134 0.36368250750767545 0.3813773899380571 0.3375191159031411 0.35043443866049795 0.34935091869805857 0.3171793526026761 0.32199821230448633 0.2886646219899893 0.33971330104181297 0.34712177968835484 0.3444673120404479 0.35834530689577965 0.34646915698545067 0.3258166638230027 0.30417592400278487 0.33380467375902256 0.3276183998182876 0.3820166201675098 0.39666802531874706 0.39406755995628595 0.39437628800917857 0.34759287279468964 0.3429478015743855 0.38643927630142727 0.42673995814177834
0.40286142715980217 0.42089318234722556 0.4307699031571618 0.46125762977483087 0.43131157566588385 0.41074238398782936 0.42956742841356216 0.43893555836230447 0.47835997679830755 0.4709884164718397 0.42831285146926973 0.42502556813527886 0.4464838603402964 0.4345241340252208 0.41579571355745126 0.41130939898205815 0.3788548791787838 0.3908099707290778 0.3445047449182347 0.3682920801464088 0.3478064145835604 0.33170374165599054 0.38396945975299235 0.34411590029997535 0.2878306426523181 0.2928626222175727 0.3372497933106904 0.32491613735827696 0.34148954875959564 0.33120219740253565 0.3602362745778737 0.3201567556786684 0.3300331565674523 0.37573210665482804 0.3648061267904489 0.4054237081842496 0.4150674859351643 0.38556593187961913 0.40238747118682205 0.4057311044376818 0.36360707568604694 0.38290557290652827 0.42830234031953984
0.45167543413128497 0.46289497981159755 0.4753106017736726 0.45955836066042244 0.4372509987142678 0.44208596399283273 0.4581189718969289 0.45074895027059636 0.42657920988259224 0.4397596181826773 0.4510245327468115 0.42897085187939726 0.40607497967611683 0.39133954284365197 0.41141242424997243 0.40819264670276184 0.3853856755328104 0.39024612985362 0.36112195540401915 0.367856862170541 0.3257521201993277 0.3485196621981158 0.35650416034320825 0.3577840881832695 0.31203833236523404 0.31280641618705307 0.30048086959911735 0.3210360856118455 0.33326024770192947 0.34607423810807536 0.35899935128183386 0.34557872122889227 0.33611575471145666 0.37328873065903667 0.3628466588111469 0.3867506231783042 0.4401794923623458 0.4290639598070277 0.4211195275460751 0.43462803163357855 0.4005373296324675 0.42822254616034927 0.45513496459863145
0.4988900255758767 0.4970006641308827 0.4925838267943727 0.4621203366662843 0.4806928302674441 0.46419374103898225 0.43799688879317533 0.3986418921082565 0.4117151188828903 0.4038951667703777 0.4191484283490094 0.41457022537667104 0.3862290438893836 0.4088975250781432 0.42277482651284126 0.41112251836574776 0.4087662512023924 0.3926858692940999 0.3539307794196438 0.34206159493154326 0.32694769897129616 0.3405422848551097 0.3700570373036844 0.33909725767716165 0.3704016715063739 0.35782658960391317 0.3390008985249387 0.32408143912460424 0.3089825676534668 0.3574627962162148 0.3316420762734189 0.3752491200811714 0.3334110204699001 0.3454466891050312 0.38957925980047214 0.421059707743613 0.4471758365083692 0.4549501872482757 0.40718747517420434 0.47314013963168405 0.4755060626464804 0.4722336347579223 0.4522153330704719
0.5443522727240204 0.5122134084011304 0.5108343208607449 0.4590582241133933 0.4677711866709067 0.4526097817674291 0.40781546538675195 0.40314714358552567 0.41344061332131715 0.3804149841343053 0.40220560591602844 0.3597342648887561 0.3415247947903841 0.38824408929171117 0.38111792545061135 0.37689329239860897 0.3580919453621294 0.38071270289929937 0.3376300662644773 0.337364008062746 0.3613553807133457 0.35472575899280856 0.33247717486052303 0.33990265604526315 0.3477723213142532 0.3094595041640175 0.3086852257677949 0.3522233332820388 0.3439051335306169 0.36865857040932887 0.3815147286173226 0.38579584404393275 0.365207994530818 0.39497481051691724 0.4282860029088386 0.44946131013789464 0.4557904235243738 0.45342461766824294 0.4649915707894762 0.4729435481708669 0.5068807599489615 0.47834097174902085 0.43780509220214503
0.5513029959456889 0.5166801133146095 0.5065288035267586 0.4556040996629583 0.4362308223321717 0.3907650682717319 0.37119095828366694 0.4032240846082964 0.4279270890526108 0.37940101660992215 0.3621322950450998 0.3442168259658344 0.33203152075368675 0.3775227718773423 0.380413347155656 0.36448224661632533 0.35783498490001964 0.36993303778706016 0.38871172330867476 0.3572242231593664 0.3812400764127096 0.3924238323507053 0.35920142530750687 0.341952270329872 0.3111754372255428 0.32447745643330855 0.3157350873908322 0.3727949978037314 0.3650920764727206 0.39960529486109386 0.4095772866110688 0.40642583049336073 0.4180019367583187 0.42835288250780396 0.4253468791774657 0.4530104269995423 0.4562329607744501 0.47548711563868057 0.43163515651311757 0.49045744821213133 0.4959381894556481 0.5056552023173205 0.4543427684867937
0.5302786410502739 0.47609970298816795 0.4663605902341123 0.4215411684126748 0.41739481623610003 0.38074346034414724 0.391530934352132 0.3982262784024283 0.36845490973627976 0.3727350415881609 0.3444197040172318 0.3240463706945955 0.30977495769420516 0.31554454947636507 0.3098992116443917 0.33528919936848167 0.3346507173731663 0.33156553811081463 0.3701146917999048 0.361751244859462 0.35102951869030946 0.36630492139711684 0.36292696648797734 0.32144790301476905 0.3502536180466588 0.3253776860650637 0.3546478862871942 0.3561442520773225 0.36475162861018656 0.3923725232835302 0.37706965995662184 0.38982113458950685 0.4145769819568147 0.4352897743728756 0.4548939603143484 0.4410121209828353 0.4515478140486227 0.4516019479162071 0.4727680856689809 0.48013229295845167 0.5101100426685051 0.5378539346200398 0.49654158374487833
0.4875673914582674 0.4880504240763657 0.437908136597484 0.4226459482684356 0.3728844613521363 0.3546467542586372 0.34527735153252387 0.39015984390993247 0.3773198432491706 0.3343196164255316 0.32952282715126174 0.29497725386941676 0.2638447126438944 0.2818616452459015 0.24899806129858648 0.3169981927033238 0.31497840986304126 0.2949124530946682 0.3272404141353159 0.3540058755100364 0.36352487626057967 0.3799418414170882 0.36602392375963155 0.3491032910055118 0.34447157122725497 0.3448026156232163 0.3684758918166208 0.3714497404388968 0.37621530588525837 0.3900092355775676 0.3695757168538174 0.40875202066819627 0.4357935940458236 0.42139233298303075 0.4368656159916242 0.41474788450388617 0.4471095820529332 0.4619106883972863 0.4611138253237109 0.48960941647201645 0.5558942394579278 0.5301199060005294 0.5452044364564752
0.43498261766541785 0.4507611392046416 0.4441516009290093 0.4132976156303921 0.3956418605284122 0.3804593230478444 0.3439244942155167 0.3607959738089521 0.3310147762900311 0.31971375693363335 0.2839327636873347 0.30426494264539417 0.28912607827314113 0.2653039072756944 0.2572842005877049 0.2889762129830209 0.3060854970908028 0.2837921082864789 0.3496354300883226 0.3316951585539383 0.34222942277651464 0.391334857641193 0.39982130890963463 0.3424119925466321 0.3796606303931415 0.3752003523497616 0.38515692710710314 0.36582626146198277 0.33514457777303064 0.36291975381060126 0.3486427935750865 0.3914187518796368 0.3634924351077919 0.37884862461166946 0.40943515490764687 0.4401418996453421 0.47165545453004754 0.45155471405849723 0.44413244968226634 0.48908466589086913 0.5453471706487876 0.5705263485458051 0.5529695742162856
0.4352764897059307 0.43707709859833815 0.4184657912085343 0.38261588040047345 0.3682129484366618 0.35167737952673894 0.3367325975333505 0.3089895617869502 0.2938518940066028 0.287610041322902 0.2733320394583883 0.2994922696592657 0.25238572663908543 0.23530190201835027 0.26762041103674267 0.2729023233101518 0.2346908723450712 0.2665011901616314 0.3455778674032959 0.3235875201163106 0.3513758342418294 0.36556901395897146 0.39542787790535455 0.35459906865424146 0.35519105510631455 0.35956099977812683 0.3336816892159077 0.30139587016712505 0.3247413525612345 0.35362187334571205 0.349376868486939 0.3383831925136273 0.344882525916615 0.366714446571749 0.39721139949214074 0.4351654598582014 0.4680177978727269 0.4666410392022401 0.4618499196649996 0.4932974063041501 0.5614915838138013 0.5626931389156467 0.5145358062506951
0.43816768692415864 0.4070785176420176 0.4107185848928488 0.3951826194136229 0.3746452638777757 0.3496540684494282 0.34653025074969096 0.3193995606390343 0.2910393341492902 0.3059053554973787 0.2534771467126706 0.25780536430089074 0.2801561561397565 0.25185466656624567 0.23131209838024588 0.2355114025246253 0.25998629120947225 0.26033037305351747 0.33026126766772407 0.33022829038597284 0.31088708080856803 0.341519328471486 0.3366826554705891 0.3183473729825556 0.2901052959538037 0.32698139160302203 0.317252800596417 0.2786174229661072 0.2793530354775508 0.30670146115125013 0.31759351941194836 0.2945665018148879 0.32118442745735964 0.37871383837239553 0.40077688196858446 0.441100288478359 0.4484284641021382 0.45744158387131817 0.4671804275002778 0.5200522038716535 0.5640653459046157 0.5417944083815812 0.5242262445245286
0.43331087661314444 0.4274395963237595 0.42961014180213575 0.3694800624950982 0.3117780924582892 0.30051464713474585 0.30496499514181075 0.3153502158013357 0.3014806996404258 0.3095143497412914 0.27707311764071174 0.25634041192067847 0.2993433328876053 0.27040449654543386 0.24207456810360198 0.25380361183616434 0.23694656019053392 0.27189657460064887 0.3076499799066664 0.33608042760566237 0.3221317291492819 0.3243837861102658 0.3511946458452768 0.3186892203681526 0.26294137252716215 0.26623254293897264 0.280750956473456 0.2712889504797354 0.24362426456243402 0.27797990921795496 0.24908511052117285 0.27143776229716626 0.3323869426444785 0.3438601411462692 0.38839038376656077 0.4362558888934632 0.4871482760399092 0.495511445168081 0.4665621823418229 0.5012755498743875 0.5229512914906608 0.5583469309863907 0.5357570289636685
0.4518943798767673 0.4284859522072992 0.37885171146438174 0.36064876632035986 0.3446353815853348 0.2975583655681678 0.3081554488217044 0.2966873103964473 0.27662262652479525 0.2622914033812256 0.2645683462001621 0.28890763227842126 0.25765695525244675 0.2628216937079099 0.26302426415509295 0.25431174696416636 0.24803386044019463 0.24587396563704636 0.28268853533723687 0.314889178899965 0.3188245814080994 0.29639431115702847 0.26350049411244725 0.25009735242296927 0.26170967249942806 0.2496017997187489 0.2684732493774545 0.2200949634770743 0.2175306734359842 0.23841139979996814 0.279405605322623 0.29760812260048874 0.3313259625166504 0.3590816896248427 0.38086253024643746 0.4061679297478881 0.4295001740896164 0.4844669574048833 0.4789296445452672 0.5203024307609267 0.5476502378904631 0.5232008286561854 0.5478904596278562
0.47510344374477853 0.40135504878158423 0.36930008850490886 0.3713421194025556 0.32569744948701956 0.31491818771403784 0.2624566818154083 0.30260818383857047 0.2537132132767707 0.268561526818435 0.2689859317006952 0.2866280033869518 0.26330719798925667 0.24478423691988416 0.20317414426177036 0.23945431616055418 0.24704600813153874 0.24204645441121497 0.25926761577335106 0.29379001583356185 0.304938418014905 0.2598696203303016 0.2609613557699408 0.2248036866191364 0.21873479720363206 0.2567785095198247 0.2631334285568008 0.22065380947690075 0.19773456246508173 0.22093765653834097 0.2609669668413303 0.274957424098401 0.2993763871741883 0.34853929571329817 0.3396013784307578 0.3864502108694076 0.4441910715836596 0.4550299698856484 0.47293701244199976 0.5124628424221304 0.5350281915225529 0.5330335886725871 0.5217378916579037
0.4266830237590343 0.3967739222134311 0.3538094129764872 0.34596180824493805 0.3201382472147383 0.30940040526595447 0.30485577285867343 0.2919498202576067 0.2686853510334094 0.29004775897788393 0.2852281633428886 0.2735061834102914 0.27437801715146265 0.22182302961684913 0.25200450435846034 0.27502804760906674 0.26689818224628925 0.2918995130154065 0.27556303807747723 0.2839830173231713 0.26195850963280487 0.28544207494479634 0.2849005364150957 0.2614940299198643 0.2591570361376771 0.2557748368074152 0.25672863077950175 0.2110238941955124 0.19794859087367256 0.27266554865492904 0.30359708893154513 0.2947553321973337 0.31861823143822826 0.3306326901530278 0.37856456371686775 0.3908892110762613 0.42375603226619835 0.43971080264014456 0.44493044450529906 0.48522069126149747 0.5024920190355039 0.4924575324239261 0.5319534167706964
0.35843154833518337 0.3548036869153844 0.345225160405332 0.34128642533666315 0.33186695941396954 0.3408027140801381 0.3382275001656532 0.3374787588278268 0.300072296094907 0.327722906824476 0.3156926440839142 0.269555027024303 0.2629294926900095 0.26733100431582607 0.24407631306801014 0.2962482062260211 0.30592463345416065 0.28083588245962404 0.31683364622069043 0.3137285917858408 0.2686001643263624 0.30737606301304626 0.2905304790163481 0.2726759712013178 0.26285791200385317 0.2754183758223631 0.23603027248160965 0.2238121431783593 0.2136038299083302 0.2913401185141274 0.3108563959844782 0.3214673687804772 0.365625097664695 0.3523702612083233 0.3946373553804911 0.36476251629444684 0.37532531079251363 0.39837714541739155 0.44696576191326043 0.44692183754627024 0.47555103021234124 0.47248248391466763 0.541960127971825
