Raster_benchmarking/DGGS/continuous/raster-213.asc
NCOLS 100
NROWS 100
XLLCORNER 1743160.9143082744
YLLCORNER 5469284.150560763
CELLSIZE 10
NODATA_VALUE -9999
[rows 38 to 56 of 100, columns 43 to 85 of 100]
0.47746020007309714 0.46772089335528677 0.5147941037729153 0.5317056819977494 0.5378178174195072 0.5832373308631666 0.5845354099831035 0.5778188905954229 0.5954898680495725 0.6206583041598953 0.5893539125089967 0.5690043470330345 0.5716532572280114 0.5514878034210731 0.5309551410182466 0.5185031502456284 0.500364029167907 0.48316824088672955 0.4773414801141701 0.47939509889737963 0.5187434267628979 0.5462607765951889 0.5153686212529097 0.5153121017698893 0.46999498252905403 0.46845767583101805 0.48036699235411867 0.4844023281932164 0.5271457433571608 0.5148515313306873 0.4885253142768377 0.4499024481688009 0.41522333746193985 0.4361168006181033 0.39571224048752524 0.377688486558724 0.4069152563125034 0.39273130626233754 0.41038394921360427 0.4272450071314022 0.4565504664739601 0.47133289508878834 0.4604101785593515
0.5200752040127895 0.504254757728377 0.5408681021958227 0.5604740526581241 0.5849193573465432 0.6085213708460359 0.6054212178637485 0.6252944304532968 0.5896321871252475 0.566083495678498 0.5893867754398099 0.5819975224068521 0.6058127004954692 0.5875136640618044 0.5630526215562494 0.5251965040205208 0.5129233955319393 0.46856627363461806 0.5172777491932898 0.5337924480433802 0.5375508710789603 0.5226619876164783 0.495950436015449 0.4814425871447696 0.4590206250631427 0.46618405231476484 0.48879331633397927 0.48017854339713295 0.48227322123391136 0.5085347499195282 0.4872614860514473 0.48064763907695124 0.43010891908808707 0.466682045725739 0.422886949901697 0.40472704543810895 0.4010964445213581 0.3484417540748213 0.39810931306195824 0.4137784817738737 0.39951615078976177 0.4179352115291524 0.4303959320225428
0.5183503588362132 0.5148149727263591 0.5101161510587788 0.5573317450437124 0.5692883064503377 0.6000472516176446 0.5967287284049677 0.6214026732932976 0.61645883426856 0.5774807357359232 0.587523733683565 0.5689951647415208 0.5809630707992589 0.553888711827911 0.5350646863950492 0.5241441979940368 0.5364722776842039 0.5181278578268814 0.5034559919061449 0.5066618843069786 0.5126344807814022 0.4840992890308853 0.5008368472418175 0.49437587032080177 0.5016482149822546 0.5186738820039748 0.517293776106548 0.48940784520703395 0.4755814940849024 0.48829205213373905 0.48511174600985135 0.45041954363774206 0.44606071379908224 0.4419489024333998 0.44576872616281876 0.44383983178541636 0.4170980618743655 0.39145704184738334 0.401982961212083 0.39563387156883006 0.4190204170263832 0.41624205726877694 0.4785599166378096
0.5380407357247142 0.5193400077680697 0.5556492060720252 0.5591503818559073 0.5720759436661839 0.5628530619002176 0.5838065510599535 0.6290337942527369 0.592193327282779 0.5952572346418619 0.5382468046239388 0.5253500898614835 0.5447924227015732 0.5745278902778395 0.5410202556054758 0.5280576459571642 0.5586348831164786 0.529333101844674 0.489628021340259 0.5091717157117573 0.4927837214223992 0.4669453088987314 0.4377926283369348 0.4334056839961155 0.4583818214931764 0.5328378911788288 0.5340054310443838 0.5311353826644182 0.5262362797727603 0.4895995451314445 0.4829770526092589 0.45373147418227266 0.4722712967333993 0.4373262761533846 0.4451117043955552 0.45627501773002693 0.4383265737717009 0.3800464160203562 0.3846097776651165 0.4512497251775245 0.4609935551693329 0.4502738391916082 0.503579162642616
0.5025880215584815 0.49026831275667115 0.5341084145795171 0.5502787301603768 0.5362228721674583 0.5426589033107944 0.5643574132438609 0.5651301630831009 0.598680952308886 0.5655208875732783 0.5374463561510303 0.5098019836644073 0.556877518187591 0.5502806348511307 0.5524944317574843 0.5520694586136933 0.5409599906334981 0.5079006043068439 0.5086913559221161 0.4705912862613135 0.46386709147396465 0.46504410376187694 0.44171847118558605 0.4337024912167611 0.45600151268413575 0.49934162897909845 0.46970443616313523 0.4844065285774327 0.521592566756727 0.525194015616048 0.4973785158805932 0.4679542100283326 0.4761645435817393 0.4602534542488385 0.43044836249810153 0.43258170733214535 0.39340794293743914 0.39417002453219757 0.39914716563780245 0.4638603196031636 0.4658702862201637 0.49439786790694157 0.4943763223475481
0.5042207514063966 0.4948481245854516 0.5101724678800934 0.5394647746334749 0.5280789035890585 0.5705953851145306 0.5362738588623059 0.5502851258178877 0.5261807216537218 0.5191649700172359 0.4977057999283799 0.5034599905207703 0.5240771266385914 0.5243115620082826 0.5479943551332743 0.5485447169483605 0.5148694185256981 0.5384981138206826 0.5142730114254757 0.4804993297666148 0.47265841414966536 0.4239922990339348 0.44343020519390336 0.4312945113050823 0.44030703758163225 0.4503035279122593 0.458537718991906 0.46968819185745114 0.4689487864562235 0.5181446673985814 0.5072277615155989 0.47672455396329844 0.44698173974812344 0.4510761879928935 0.41426997614536787 0.430979607219942 0.39073503670124915 0.38429470730739496 0.38848253053400983 0.4469019187016119 0.4745411124341265 0.4934732729307344 0.5026549126064026
0.48183659001199336 0.5100078031688812 0.5241634418273595 0.5437657084002789 0.534604589576319 0.5499042985286595 0.5343550716674159 0.5347820997395136 0.5319597908972132 0.5152510185196193 0.49745052978251014 0.4858285535997625 0.5141907192368226 0.5088101416224574 0.5230918076206434 0.5344110698946256 0.5029622327151263 0.5082262223764227 0.45738795337743343 0.4748692659216282 0.4407886201370008 0.43631785904014386 0.40963731834487205 0.4062314073518239 0.39460178110743666 0.4442625648258459 0.4508630922448038 0.4235860314329913 0.44358456570721283 0.460740263898263 0.47452069163953403 0.46659750985882514 0.41682870350920664 0.4195431801702589 0.4280331193888146 0.381734347809269 0.3795235667878564 0.3581345276091345 0.38971512627028965 0.46206074400419433 0.48040393125860753 0.5291877862337324 0.5522012479838018
0.49307598773422295 0.5123348447494079 0.5491278934823133 0.5556410466439485 0.5452279446572706 0.5206304078271173 0.5597528437235181 0.5528244673526066 0.5525415288455101 0.5424823556195479 0.5181914931702125 0.5016809247331018 0.4560712220104722 0.4576862798011566 0.46611318986954425 0.4523917492699602 0.4835363004692862 0.4499424854975252 0.4686446437610063 0.41602357911440746 0.41400437831976045 0.40715490258394055 0.3852236198550873 0.418751615040072 0.4129321189041433 0.37887463615885936 0.4040045844178612 0.41239208689253454 0.43119824759695147 0.4631185468041399 0.4599830383073418 0.4003741442649586 0.404696980595647 0.4119730242922154 0.4107384499927957 0.3766742508630039 0.3597457772985097 0.3637998298496237 0.3842924261370485 0.4499986454049428 0.4769042719642983 0.5445185285730221 0.536226784936572
0.5146905078597588 0.5455503945231671 0.5427084702715137 0.5439850441245568 0.529566816255581 0.5523041516394672 0.5411821258470291 0.5442794426012295 0.4976809916628333 0.4968032128795282 0.4777352324763586 0.4703188751350961 0.44955267726768466 0.4406021820028172 0.4485455486450787 0.47029779503500835 0.44795726023218024 0.4716163091719827 0.4564303344839125 0.4313794429057108 0.4139383427465206 0.40451236055803513 0.39984972733581725 0.42818642650089045 0.42490789822681524 0.43345015122923747 0.432726793875756 0.41792572008637513 0.44724531280893826 0.46689361644099436 0.4064877512863982 0.422261895869827 0.40263135874007544 0.397817488079622 0.3750649023312343 0.3918647343814539 0.3692911505401831 0.3653387769723453 0.3927656812884419 0.46693466609954276 0.4893925774308555 0.49764578579620644 0.5463922921414152
0.5532656299159993 0.5776716029596312 0.5695817168514946 0.541824848002846 0.5560234222252582 0.5365097984195693 0.5386047235787467 0.5009625363164478 0.48028785190105017 0.4697770833948316 0.4791010453952305 0.48847657051536175 0.48589538985915376 0.4575582553277278 0.4431177416720596 0.45801027451611426 0.47933966247854 0.49078601772725666 0.47240819751179336 0.47018383684510273 0.4557242537527064 0.4141587322341922 0.4133988415272702 0.403767198279067 0.43616609812790297 0.40156926537098336 0.4228081373244422 0.4723394982809231 0.46657206862733014 0.45294413966097785 0.41761669157655096 0.4182977355883851 0.38614635110755263 0.40077171248175697 0.3942425199517739 0.3604163263476835 0.365378899344979 0.38991664387445857 0.4186490171787131 0.4682360928049632 0.5061450348963183 0.5147808436421911 0.5428669070752213
0.5526535649051438 0.5675620911969008 0.5303988246295687 0.5020169333969235 0.5399486316104388 0.4940161581115213 0.48546030527412315 0.48902786236188794 0.48176038290784595 0.47223895288838313 0.46890301319048555 0.49163850763836786 0.4510173648838421 0.47289326576617235 0.4444231229152384 0.43207441024696386 0.4292247426440025 0.4521535508318244 0.4526197815863117 0.4660546612815115 0.4820579271974513 0.45160599007835434 0.4322529046536106 0.45851703682781353 0.42490733023158545 0.44840542093057867 0.48206640152679586 0.4684343001282389 0.4501203868352043 0.4511901759895551 0.39581563653669355 0.38376091653586336 0.38414080563357567 0.3646740362416311 0.3664842891596203 0.36903350999751805 0.3793568344577696 0.42096616813624016 0.44595729677302476 0.4832516088294579 0.4923973232481532 0.49463222621911823 0.5175550260324061
0.5586838496220061 0.594008989561297 0.5450917565759512 0.503911543211161 0.5061278141499879 0.509385967129815 0.4906640676234364 0.48595629100709226 0.4941115277652322 0.525904769861766 0.4865513564168325 0.49066367428329294 0.44559036153982934 0.46531221147674295 0.4829415746208172 0.4595312785510078 0.4243240032956822 0.4157571473005875 0.4686039665600793 0.49162251026210835 0.45687247136915826 0.4671671818646228 0.43266356659309024 0.46695301896421526 0.45204013104915514 0.5029816004314519 0.4691949959407601 0.48251583268882325 0.4188607723943616 0.4028725733766418 0.3566775999154772 0.3593460600765957 0.35042640759955956 0.3578930429721208 0.37406499767114726 0.38622298363851504 0.3663158446575603 0.39115770105858 0.41525268876702043 0.4545512194122248 0.4713746994313633 0.5111937296936275 0.5008330242508345
0.5515364221701337 0.5591613130147155 0.5613256735087965 0.5083379793666774 0.5118962834822788 0.5172029855818158 0.5157556119545961 0.5146139025881095 0.5341511598741117 0.5139443175619324 0.5326098988763401 0.49409034373322547 0.47221907707548944 0.43229127109812215 0.45286215914034933 0.43180124376223394 0.45076978914904925 0.4692738347161559 0.4689609593832825 0.48220423861986056 0.4810586179193441 0.4917613556077078 0.43913237320980447 0.4431732545172599 0.47909217716220975 0.4955477807742783 0.4593215018637806 0.4261012973205352 0.4152595996862542 0.4173822712383418 0.3795107671611674 0.37879831898332406 0.36553800278591275 0.3795193305721767 0.3595563706789382 0.3554947611620631 0.38875396428204195 0.4095499746796713 0.39265829207350333 0.42405770748014593 0.43189427329247143 0.43371771453595165 0.4701677554262388
0.547798646280372 0.5544409947086002 0.5306152958892743 0.5428548647776574 0.530258977317013 0.5059507726162531 0.50118688114007 0.52296658950501 0.5342760862387623 0.512798368407709 0.5200333345464874 0.5103269293334707 0.4878710191385947 0.4148908593713023 0.42099871857108667 0.42998890829248576 0.42486895234281485 0.4678447272954321 0.47157833985408665 0.4751527238672398 0.48550304470492095 0.48967459525440854 0.4549915781052597 0.42502722769841045 0.4747727232980231 0.4541990371757537 0.4773387538564043 0.43037447169795007 0.3788694288326545 0.3800394439866395 0.37900530535692606 0.3484879351080398 0.38488399106330135 0.3650886038826338 0.4016133269057312 0.38904905162778614 0.4040725903400409 0.36048310236354325 0.38435514271086196 0.4198007735574374 0.4104219699833863 0.39020909691633604 0.41580231617941693
0.5888847966042238 0.5520953794504972 0.5243958452227372 0.5472701195799707 0.5087593581019455 0.5105818918902033 0.4922289374673635 0.5190992622194478 0.49825358528799224 0.5120106523539223 0.48546858925512143 0.4868768613687249 0.45280865617201377 0.4076998246691695 0.4542008675415403 0.45220172593913005 0.45007407297243696 0.4272571185359504 0.4419535997269089 0.41322224509112304 0.4465697276399943 0.454582963372204 0.44693420520140875 0.43702280408127375 0.43252831604121017 0.45429304243172336 0.4597483945749132 0.41449539007826974 0.3830392017534249 0.37962619862793034 0.3793474740553024 0.3728532865725127 0.3931927440649912 0.40110678751492584 0.42294545988716786 0.42334272189926087 0.40782130741191575 0.3764849922613325 0.39088441035177396 0.4178638912077352 0.3700194328650668 0.3802799837102675 0.3810533093346751
0.6135133233081499 0.5760830629124859 0.5328154422343518 0.5119856473832438 0.5220254199832711 0.5239671078379109 0.4955410583292591 0.5145643363703072 0.47816970183605423 0.486127349983251 0.4545696749584482 0.4527634729542855 0.4748697522535197 0.4167316387186066 0.4518348075405274 0.4461796034081036 0.4157869969321801 0.40200677283821246 0.410562167341718 0.39045315574014694 0.44314542159260123 0.43096373626979423 0.4227640056470213 0.4771667171694593 0.43663475332634694 0.4679829570453078 0.42938439588106436 0.39320931223052524 0.3678706972853308 0.3710282316078606 0.35480160217649986 0.3657093675724851 0.41627883802563576 0.4203235046578151 0.3944797024787284 0.4203082150004106 0.387948508922328 0.3569501467230792 0.3978277438620959 0.4146473973597448 0.40070613537768335 0.35544182973535676 0.3783346016887583
0.6183746064166481 0.5759824293596532 0.557516968811247 0.5783394335145053 0.5605226665124209 0.5555268097538261 0.5359595759699237 0.5002121078071812 0.4683517685096331 0.44541579311500407 0.47420071070924075 0.478693146141367 0.47498026653499315 0.44051756457716007 0.46188403646838594 0.4636449175549315 0.4425945417637577 0.4467242950111576 0.42515293882087624 0.4058600002672171 0.43588352367389266 0.4209737411817677 0.41934968143420676 0.4608114381135513 0.4315802002960867 0.44450991175297233 0.4157026118386661 0.39052925988055565 0.4113497368730146 0.4273093998064857 0.4105795728729291 0.390727717507314 0.395604903097495 0.42693222673152964 0.41251289047319234 0.3812747576872534 0.35906279684871134 0.36706363991394547 0.37121953938766045 0.408352190403323 0.3979212931485134 0.40294536739709236 0.3948387080199421
0.6344955333121449 0.6015717753911368 0.5744696696185605 0.5788111247023274 0.571621052034725 0.5847947723283052 0.5642386644918664 0.5203208820138104 0.45253264466492643 0.44519061855370035 0.4476221141360651 0.4872738707438628 0.47788134122812237 0.479366772711094 0.4609046521470572 0.46321639502296985 0.4584318780442504 0.45808364173763216 0.4259929640148049 0.3876371667274464 0.4002688542654779 0.43864415963738196 0.44638412670158195 0.4211803454225237 0.449992962619208 0.46506586069874645 0.42616355280694823 0.3974553842356502 0.4098074128735849 0.4330160115994098 0.43193959345243776 0.41749821080324806 0.41543762242839927 0.4566190043248481 0.40878866014776655 0.35960815008602326 0.3538409775395624 0.3777965942685098 0.39986588775059195 0.37612205989310743 0.36489994636206274 0.35854262440765633 0.35753006454238867
0.6144618008473852 0.6200874703357904 0.6122685615767076 0.5611827283579824 0.574919942196604 0.553384622685146 0.5729744037105587 0.5178547699880663 0.47846972345208244 0.45724300785459276 0.47726248191654913 0.48674409449989026 0.5077524429904762 0.4818283590864565 0.4995080260759969 0.4514743806624969 0.45667577200285514 0.47915381077281793 0.4420724238848489 0.39800463879948933 0.4092403643804998 0.43358956237281304 0.3998533205798438 0.44007890003366174 0.4503586976491994 0.45211897039581206 0.4235351763062102 0.42264425949218415 0.3987938407573756 0.39528605743648493 0.4201899475949045 0.40841192250078634 0.4544029821722343 0.4129290839907253 0.39066846023254204 0.3934510905145177 0.37394588110872323 0.3842479753430643 0.4008636484846821 0.3672026818832504 0.3571470734939531 0.33260416559151074 0.36039208333135836
