Raster_benchmarking/DGGS/continuous/raster-292.asc
NCOLS 100
NROWS 100
XLLCORNER 1743151.6409444911
YLLCORNER 5469295.325339436
CELLSIZE 10
NODATA_VALUE -9999
[rows 76 to 94 of 100, columns 43 to 85 of 100]
0.2707323116022447 0.3292999164083596 0.3691918383190331 0.37627780711695286 0.4167824250464128 0.518476228401966 0.45813491596907646 0.44434516307040034 0.45504448989052004 0.4667406593277633 0.3927378360043069 0.33124646307428457 0.38649558750958385 0.39533379801351354 0.3948411786938974 0.38724060183643727 0.40779418174477783 0.40004716664899564 0.36750185747558883 0.40163078041331346 0.4126938440551228 0.4090023219687343 0.41096163382139717 0.4269471087923427 0.4078697448621617 0.3761560437674453 0.38790531259901273 0.43804681585382793 0.37379861359061417 0.3215396654398584 0.3670869396222373 0.36918664985236405 0.38975602662880027 0.42471383456927436 0.437247348680914 0.42041060335641667 0.4955858420132747 0.5025631234527126 0.4791378625947407 0.465250083511881 0.4426059624479014 0.471872797944012 0.39633274485257086
0.2578502162750848 0.2861022393289849 0.2976460037287275 0.38171149185089603 0.42703730815308155 0.469058865410974 0.48707139932657373 0.4476770325389794 0.46825493955592407 0.39553728689820705 0.35075665456954297 0.32726223970684554 0.37816381074751526 0.356700269507415 0.35782324208590605 0.3961644565168151 0.4534268501601553 0.4569883304087956 0.45298552953545884 0.42543379243569523 0.39182130231144735 0.3935030041726234 0.4511254761981971 0.4511792801459372 0.414582098134889 0.428729351178919 0.44277558719050614 0.418454185056833 0.36881438864359195 0.3546440378712336 0.39669765281706615 0.39801259512936493 0.3952736029879787 0.38385053979825806 0.4269503510143224 0.4597982992365226 0.44918141445324894 0.5021290837288316 0.512194208566286 0.48392936958136 0.4975649585977103 0.4639983547198828 0.4155258784019183
0.22632921338107026 0.2748603514254839 0.33305278635702584 0.3268936801100124 0.4169147738310916 0.49090628181672746 0.43554537939939103 0.4634807520027691 0.4108588353213833 0.3718256126256379 0.3180111130288272 0.31750293968751603 0.3254376516624221 0.33041533067441037 0.4167464546058719 0.4445977405464868 0.42415650109004144 0.45716435634377606 0.49096460399019193 0.4499975986569016 0.4606642968567431 0.43907002262769707 0.4626206201006934 0.4699043373528504 0.5064166181662915 0.488613746826167 0.47761861923606025 0.4212358746353884 0.37468643844404265 0.35459490200357047 0.411038537542181 0.4289241043314988 0.4345099170481005 0.40517943031394504 0.4469580788212046 0.47426402323816286 0.43158135963210775 0.47617963529312074 0.5136243251459438 0.4876816642959585 0.49280192320644495 0.49465572696156823 0.47850086143453213
0.2651871286620417 0.2854905825369846 0.3013028327386389 0.3706905815806637 0.4135992422427752 0.3917584990334018 0.43057599713835903 0.3988385895774896 0.4218165958122102 0.35704365217637857 0.38560787831390153 0.3947944883902754 0.38231708205578047 0.4517336838117781 0.4487973626943443 0.4811714265465944 0.45875793090381833 0.4756827333024761 0.4718321249382298 0.42764780274472214 0.45577325342568076 0.4600501110115164 0.47549365356367257 0.4661846946680763 0.5024005937295978 0.490280970169855 0.43903327593232383 0.39509012065626725 0.4388240566281452 0.38266906105871007 0.4234955389885783 0.45585851817227235 0.4410975281186282 0.3788237719650173 0.41470121425526363 0.41602775934639663 0.4577201394878161 0.4836436976549393 0.5104867967259945 0.49274387978533 0.4721606513904954 0.46785759463099325 0.44195417721693986
0.20788085662107533 0.2434172244667464 0.3131366077493579 0.35545970380203107 0.3629064527750349 0.3568820502530406 0.37881779511109237 0.4140201939248975 0.445467914029025 0.3713499078866219 0.3738880408581502 0.42871283415592176 0.49671900210933456 0.5190288223488027 0.506694992143838 0.51159332569899 0.5151897419355201 0.46165092765120114 0.4855605457034404 0.48621887012782805 0.5263250335773343 0.5864245520856307 0.5455412756274207 0.53323033637812 0.5132365937787555 0.4417831375749837 0.39813662016186774 0.4293981117501426 0.46359946259866625 0.45315094205684364 0.4391820523147112 0.4223678272571305 0.4070811419880398 0.4071325003789684 0.48489924891669195 0.4550231746943313 0.4751754255567823 0.4850595936804508 0.4904929053789761 0.47759060613166154 0.4992861084896854 0.4869469153992927 0.4641107550598349
0.235389463878546 0.24272301347814768 0.31088828212168446 0.3508111507590108 0.39484662857383224 0.372549335970867 0.46283907616247283 0.4301683967371761 0.46237334736408836 0.45811107112950605 0.40913631964904806 0.43802487123693995 0.5145139493842579 0.5416774683320458 0.5444824283901603 0.5417088642871378 0.5324294768838386 0.5003312923497935 0.48348118804756046 0.49054798288234863 0.5506243561505698 0.6424143125370622 0.6317574045149084 0.5704693649925936 0.5599982623580807 0.48813586621099914 0.4192182740494184 0.4305110350046431 0.4502698263132682 0.5152409662294911 0.4748338702890044 0.4892234672993735 0.4748619370226132 0.5088666984349038 0.5177182627583932 0.5328613295493153 0.5489850172553425 0.48360738435141226 0.49330216433729956 0.48483794023920074 0.4901696399088569 0.4399457507239511 0.41989103359924784
0.2425876742388724 0.1998042387017454 0.2648244723570352 0.3268837155202502 0.3702968164471397 0.41747455773170306 0.4887394784448534 0.5099453180753012 0.4758297087741119 0.5214365053574517 0.4342343070136291 0.4619219051931619 0.4732427323247767 0.5639474234771215 0.5215788669357058 0.5688167806631046 0.5321714521851898 0.5405305265819935 0.5458791724628902 0.512799967150879 0.5897934277461895 0.6800510516413971 0.6361572618762726 0.6189022333308287 0.5843947676338075 0.5070493903390639 0.5067180134984278 0.450357060491302 0.47445343389141653 0.5416914264420788 0.5523462953228089 0.5842936492457955 0.5467435028583207 0.5794436128938608 0.5348802377176956 0.5735535490497443 0.5962220161516321 0.5566737068008599 0.5603167776821669 0.4963229495757175 0.4981895169301536 0.4201442156729646 0.4249630726190163
0.2824948550720183 0.2635302250574692 0.31235812456538165 0.3265718011133351 0.3628024473900224 0.4262690288759559 0.4363882131291815 0.47808946145813047 0.48234939152189854 0.47255052817839377 0.44599148541520484 0.4991455174804966 0.49754631080755085 0.49377679928377943 0.5226070039320847 0.5329924381083556 0.5809785860189665 0.5801158297595789 0.5321345275595452 0.5498469405707059 0.5924575667373915 0.6503822272446403 0.6209874505887549 0.6464430986447219 0.6337132394344039 0.5904607419753413 0.5119665263747435 0.48203964689003337 0.5700654418168684 0.5430987128086114 0.5435106643381928 0.5778435888726163 0.6065037033650584 0.5991966455018157 0.6064086776732164 0.5903121817843732 0.5944603458448885 0.5485589986841786 0.5866455454709039 0.49697916853558866 0.46573580861753217 0.40464169685962836 0.4062429740360452
0.3062939224242716 0.2978642637824139 0.30008909881700685 0.334036513792348 0.389101750434201 0.37557283000613184 0.450537595176516 0.4914016921419625 0.4267882407118822 0.45847219059347843 0.45692754201002567 0.4778890113896739 0.4434638132279283 0.46964310951766686 0.5166605291102798 0.4881638484208204 0.5729409386069901 0.5849878701255403 0.6014140990255763 0.5651962592836102 0.6183134282366576 0.5871069489524467 0.6058561887057781 0.6964509281547802 0.6415119215421679 0.5697747926233934 0.5599936087697248 0.5489053151175785 0.5405648709563428 0.5856523306162618 0.560222401492315 0.561710159541065 0.6005509249024118 0.6112895453862481 0.5376934533981753 0.5205150939606659 0.5555098702669559 0.5849727286368678 0.5721685405571505 0.5560884998724527 0.45108907525565733 0.4277474539708903 0.3976146174693685
0.30249678328232216 0.3051435944670316 0.30574513584652685 0.3349485364698204 0.3936580416836384 0.36031972484595803 0.42829666709657 0.47080352570579326 0.4179247161330603 0.4195296943000846 0.4627342346228885 0.4415758819653741 0.47247659422873023 0.46273603516288386 0.4742216252306819 0.523419481662425 0.5476601103043839 0.6211584642671465 0.6081458210927261 0.5392517353014517 0.5847601550553011 0.6491156393305142 0.6625804318289519 0.699973304069254 0.6690073749868886 0.6676567681783018 0.6362290025033592 0.5739646007080494 0.5445701921186303 0.5538907605124109 0.5319120745134808 0.5418209145071907 0.5512878432395805 0.5406574666507947 0.546767592804618 0.4974356207905441 0.5617298912174712 0.5736709877977647 0.5833801904579676 0.5836014389271755 0.4762933982657737 0.46041988023092345 0.42838096983158286
0.30178307441393804 0.3173668107530148 0.2881906313617823 0.33486934543526625 0.3710525239413205 0.3778610803707873 0.4366514310207724 0.44149728390660986 0.43327667743152776 0.41117305585394726 0.3816560970356626 0.37350329003285077 0.4072733594673555 0.44568969322848057 0.49625939485890985 0.5480563325949476 0.5423809640969671 0.5930896841498884 0.5390746598483427 0.5482438874502451 0.6104861010668255 0.6436916369046882 0.6426982442453706 0.6281092478920016 0.6314339805371825 0.7032296697966987 0.6472165034099897 0.5777409592235195 0.5897148351555486 0.530579818842541 0.5295016855312398 0.5549055674962096 0.5891107993092044 0.5856998044599835 0.5751262203285636 0.5073686569133966 0.511650104050768 0.5595699208470387 0.5960156953367942 0.5674409660380387 0.4756789338988364 0.4449791339225671 0.45596942978346217
0.2642462452524247 0.3208432611051826 0.3486328799483433 0.33042010262861854 0.36376538345990217 0.35900697835423306 0.43609047506313536 0.39316766044792745 0.42780119536249256 0.40777103892322375 0.4325295640546765 0.39352898328571967 0.4234692581333104 0.4588540442313121 0.49869612367725313 0.4826832336950246 0.5283710413398517 0.559012867195221 0.5342193945480287 0.6131501591768324 0.6300979255328917 0.6374049995155113 0.6504255056127293 0.6099010489866624 0.6359961322979351 0.6636330047787528 0.6676540023449195 0.5954679691187398 0.5954180804923229 0.5207727428786959 0.5512398755867591 0.5555873228716073 0.5821345714928782 0.5606971056694149 0.5634491500812877 0.538836489965505 0.5326676385471761 0.5397277015796652 0.543034340916522 0.5234608073554674 0.518339708207288 0.5050927946003352 0.44829609531019166
0.27288544606129017 0.28864989458097384 0.3090738348685888 0.33723148112001683 0.3681075851971885 0.3774341106137134 0.38736936747831086 0.4217498272352822 0.40790653229761176 0.44300105147177626 0.4597627173499047 0.41875658383865255 0.41138711305118236 0.49964629762616025 0.4649091231704378 0.47575534941025455 0.5219119661601151 0.4970821500877926 0.5721864726705844 0.6431739777333456 0.6045261707156512 0.6123834236327697 0.6164240589755351 0.6192595636672454 0.6178055922868128 0.6207316055143466 0.6753412196887855 0.6626666786292308 0.5827742181053525 0.5404346519740802 0.5266780463449765 0.5534352439987319 0.5474434951455662 0.5783799983121939 0.5905578675464291 0.571625111055251 0.5706229551644394 0.5402053352697753 0.512777681285057 0.5136231703420187 0.5038959081118766 0.4594082760566646 0.5077321905250166
0.24501404811631466 0.27068137719487406 0.2929243662077435 0.3141203089616826 0.3135167157075747 0.34427700637265735 0.3797186726971005 0.3720119518440053 0.3672842142641781 0.40522475350643905 0.3934389023554581 0.445052803624127 0.44153486385191815 0.4540100557214984 0.4767806136084856 0.5176255264706391 0.5243494388788658 0.5166584596862149 0.5751659167905245 0.5839482257638624 0.6412558792492277 0.6543041315150164 0.6441283501091264 0.6531961452754532 0.6785029126706316 0.651033031651094 0.6555084462038898 0.608943793901843 0.6420655699261869 0.5612451337363531 0.5388487072299831 0.5734422410395458 0.5534450122897963 0.5621516583947486 0.5196209295046734 0.5299676989104128 0.5284966801302204 0.5207685314788112 0.4807479252184484 0.5212970534403794 0.5104307290111145 0.5183289106798057 0.49033451665367334
0.1915306928976704 0.18604898531218 0.18524071127841554 0.2208013090172471 0.3025575907860347 0.3134469614103169 0.2983134278471447 0.3418762846073119 0.3218061998808648 0.368915335579126 0.35427190886724713 0.3873682051716426 0.4078587782044324 0.4065663561094839 0.44426400546988803 0.5050934018365901 0.47986326398047624 0.47591304428205244 0.5584429386955686 0.6245119151527972 0.687697578894716 0.7243470935228792 0.6492542082091229 0.7094488421571579 0.6946377766611154 0.6478460151026707 0.6502471864931971 0.6206019922682079 0.6255788913386828 0.6215194844926003 0.5493923387925106 0.5356996958736491 0.521918221858057 0.49916290608170805 0.45784081473983607 0.4439957598111627 0.49304350143255415 0.41459394802072486 0.46555462747965776 0.4915903540029543 0.5240839364834008 0.47178629924614635 0.5266940609547001
0.20457727067764878 0.18124439005115853 0.17261872828090938 0.2213638369938136 0.2785775172974295 0.25340198306659556 0.2679359541108644 0.30025696213470515 0.3275500055332035 0.37480015775834935 0.35571511170517767 0.3775484874783961 0.39937944425455474 0.4535232476066178 0.4705816055475956 0.48254841187330805 0.5028798702151231 0.4808601727530459 0.5220142547199282 0.6183221384306574 0.6546864068431144 0.7094555218888146 0.6642452556669585 0.6669812676444395 0.6835234382160232 0.6467679843055193 0.6519511024808009 0.6145418563084873 0.6022575431559862 0.5769891741928561 0.599029674565016 0.5596453978865107 0.5081971892219175 0.5165691025211488 0.4955545375190937 0.4970098221586198 0.5073284873247033 0.5096906112040356 0.4767911660835776 0.49716221171588854 0.5088400087954835 0.5295925068319327 0.512955964118223
0.2236111446005282 0.2135157644344485 0.21361656731501732 0.19922682330550504 0.23037816203933542 0.2489007356972241 0.2545244304983108 0.2590244065110729 0.34651090214355096 0.3690054200535063 0.4044782281833323 0.38076084169876656 0.41165586200470194 0.4401431736531035 0.452826912384675 0.42073875732240407 0.5152358646486135 0.5333000405025475 0.5640304770762146 0.5943662585929435 0.6458446978613507 0.65567544706871 0.6346778498027777 0.6423163240953154 0.6357609535666321 0.6484783335986641 0.6190225241974788 0.6146547503080173 0.5833974160573627 0.5983642930827415 0.5866212153706447 0.5840253593833598 0.5508027711429712 0.5364261639170209 0.5236882658832164 0.492128075162941 0.5368610363213803 0.5249459754735893 0.4649256480103738 0.41950968422547924 0.503036102128517 0.5078387266892456 0.5626077010701076
0.16523344899515774 0.18351813482367452 0.16628124936595465 0.23580971940592754 0.23693581603739308 0.26100684889928477 0.2228311512244812 0.3034446140335076 0.34866681399083427 0.36002095177394927 0.37038134248258087 0.43597110093537716 0.43991763218022206 0.38722486548550966 0.43853210555966204 0.4317903284126403 0.492379959997765 0.47566373094092695 0.5135923251083219 0.5910807529343909 0.6283658383751413 0.6017791252578485 0.5844968782169917 0.599608343540559 0.605050804277943 0.6353751431451158 0.6001353132633156 0.6024164390489433 0.5899204455137407 0.5699951347293263 0.537534147206014 0.5187766395104257 0.564444075324571 0.5118173306894701 0.5014477921365228 0.5064493458617799 0.4973828990604679 0.5373325374032689 0.5168589760300889 0.5167189887057472 0.48552254262376876 0.5472277075569317 0.5356274671983605
0.13028782909327757 0.12269583694178551 0.13323871759071995 0.20134798760288564 0.22365904748749774 0.1925627015963292 0.2577645930355132 0.2727143707919272 0.3557524914534195 0.399465230297948 0.42788147992358894 0.43384671483469 0.4205227151133881 0.3649148190020325 0.41430621474506546 0.42391290143683846 0.5066900247260745 0.5009823621784241 0.563472024436162 0.5789582961656522 0.5717477587089655 0.5863065875818969 0.6071776718183582 0.5621781791801492 0.5502104526100634 0.5902316991733649 0.5612581381436813 0.5581457662139883 0.5584165503449384 0.4685662623748401 0.47480864600835554 0.5017220159077271 0.5024723609376395 0.4992152387440111 0.5376095633656861 0.5009912755582661 0.5365999677338864 0.5331763976736738 0.5494983056212309 0.5338108284592186 0.5354600522794253 0.517561868510204 0.5488919492888377
