Raster_benchmarking/DGGS/continuous/raster-407.asc
NCOLS 100
NROWS 100
XLLCORNER 1743165.8599510144
YLLCORNER 5469290.228667466
CELLSIZE 10
NODATA_VALUE -9999
[rows 38 to 56 of 100, columns 0 to 42 of 100]
0.3976522916164461 0.4084046744627818 0.38700272465071195 0.4021053838511387 0.4241832446142902 0.41646315568838893 0.4695630553615033 0.49456541560451567 0.5014344982916987 0.4665550996759128 0.5398156272465267 0.535006881970057 0.4832185348330616 0.4473249132237697 0.4789258990754558 0.5205857253569218 0.5409241896659099 0.5583638005677819 0.5858886301337224 0.5808556638822348 0.5975642585424722 0.5743675049655118 0.5096932661617675 0.5507762786066585 0.48010219181676206 0.48173619541825313 0.46282825871180444 0.49848986348481333 0.47427116140364245 0.5387050055535526 0.5027774735006375 0.5233036532994317 0.5300170965583209 0.581651589228655 0.5610751833197722 0.52412975754576 0.5782275204525186 0.6530983956996689 0.6510607420118397 0.6859175089088675 0.6713190119414736 0.6178869052762386 0.6177628064167003
0.36754475975942363 0.47300116781542817 0.39413990149517175 0.36100582040505236 0.41857018234602034 0.4200934174322339 0.4231082293287732 0.4496179741847375 0.5434836747098013 0.5230346178265004 0.5603578946010739 0.5344859999486257 0.48583234540699355 0.45477369812406515 0.4642455912223664 0.43487081888086015 0.5115979213468068 0.5415985460875815 0.635374818665455 0.596156819794646 0.6606906568765414 0.6528014901735182 0.6183586869428461 0.5748212622887611 0.5376014568588291 0.5141585402002565 0.5167287801761049 0.46343053885963975 0.48491215536993504 0.5186739980512586 0.5509029174188361 0.5227148161076761 0.5381589661833186 0.5487951075430042 0.5583438345026802 0.6065575179724502 0.6760870410197664 0.7134536651738991 0.6710878248989494 0.6608685989574393 0.678396959441487 0.6314385996697307 0.6390492976832408
0.40504383129252064 0.4100613193497732 0.37820283590879294 0.422827250936318 0.4193878816595736 0.47863151513891994 0.4819917117856824 0.4830388995471524 0.5474225409188037 0.5184050910372012 0.5470834448799916 0.5099850206543937 0.5043872331183863 0.4653752343580493 0.47470670328954057 0.5343611724557389 0.5606737497465532 0.5850670693321405 0.6780834511811633 0.6244728292215224 0.6220311880399283 0.6479195551194317 0.5917360154933253 0.5686789230750264 0.5327133700754194 0.5347194401274452 0.5417334142840718 0.5398863867878069 0.5563602044584638 0.581378201449119 0.5844576269330808 0.5639376660788982 0.5845981194323453 0.601864432416295 0.5914075349205565 0.6533400733873489 0.6547013812324075 0.7079061116746598 0.7221715145004 0.7088459102538257 0.6812911180190895 0.6578401667475406 0.6680337728507978
0.39300467460990024 0.3735853244679084 0.36750081689581177 0.43362327841697423 0.47528745410992146 0.4749254062741295 0.4956953635814194 0.5581070410669738 0.5644199935469123 0.6072111563365403 0.6213640898546055 0.5936739605888361 0.562544752173333 0.4932648194809445 0.4771335062918228 0.5188278242768142 0.5816565945181295 0.6891284984163764 0.6872188451023961 0.7107625860862986 0.6807181707472734 0.6430009109047586 0.5769382431938511 0.5727097037007911 0.5315297535317536 0.5603491261733702 0.5848779375097268 0.5235910508345833 0.615597871328634 0.6329341498162407 0.6480840901484698 0.641698013620405 0.5975899714450186 0.6477212927416377 0.6314694690397848 0.6265986665492228 0.6589364245939852 0.6733218191719827 0.722413954384527 0.7323387366073568 0.6423852613975233 0.6360471665307973 0.7191688666728987
0.3305430324293228 0.40278137309019085 0.3898425747593054 0.3808041994198347 0.4741532408412998 0.5448747526982431 0.5304284945176401 0.5306084886514482 0.5605176289287459 0.5832926907987552 0.5666875100610476 0.5663973303947946 0.5712719392633102 0.5280100931370498 0.5331962982122073 0.5234171392109166 0.6209618037866722 0.7014381747836291 0.7217938327428776 0.7050245708117293 0.6855279432176289 0.6615910907480285 0.5662426160025613 0.5669950237962262 0.5752662997521777 0.5121017416446808 0.5464738623437587 0.5591117582484101 0.5777741694012319 0.6157352743086923 0.6335318783586277 0.672194276663729 0.6741889113951047 0.6602831806363358 0.6268138584674033 0.6693237490599544 0.6800389746436963 0.6848961798633304 0.6878061098574585 0.697610834865986 0.6427972525037173 0.6910820379858186 0.7140764469863988
0.2905939813237245 0.39155581876808876 0.3264176731336346 0.36977786359023307 0.474578894450188 0.5302945540032346 0.5764853618355026 0.6061639961664971 0.5751455118485811 0.5465005355736965 0.5741688329048864 0.5271698322930995 0.5597464285941238 0.6214262333376697 0.5926180093089222 0.5826446278956506 0.6298353775866434 0.6938830339123903 0.6971745786753115 0.7171420946790321 0.7089415568935479 0.6599915931427414 0.6332825730838435 0.5247535632473194 0.5035922605674955 0.5261798321197716 0.5905406197317007 0.6300217163606943 0.5805818850123401 0.6454000764152582 0.6337109845210678 0.7227572465826206 0.6518811295804677 0.5911740383039961 0.6002023205819415 0.7092638355809779 0.7179294806928571 0.77404199550083 0.7248378668584368 0.6494157470782647 0.65607365187855 0.6828028910623026 0.7039458715620481
0.26100355814237375 0.31093139252483315 0.2983100653874844 0.37118553347456196 0.35512245345514065 0.46655958742820014 0.48273385712105016 0.5466483982028332 0.5430087071410197 0.5166956892302984 0.5687394956431155 0.5985981909467696 0.5801586861316518 0.6103076951111649 0.5637650311737566 0.6076441953008487 0.640954800796201 0.6857695109680935 0.7172904668712305 0.6691248047366618 0.6381836139859844 0.6739249131697641 0.6357837390067609 0.562988432100428 0.561565642019058 0.6050723837769885 0.6351518463939777 0.6727316291394891 0.6101623089305345 0.6296297357743956 0.6435584879453677 0.6628107230327062 0.6653687909536248 0.6774647181785457 0.6155159820943743 0.6755034104371949 0.6880483522513319 0.6343384904381548 0.6266664253631518 0.6057118746479905 0.6211178669768017 0.6987012903525046 0.6780573313372392
0.2567784381296168 0.25440280573193447 0.3063374302830194 0.31097385386694026 0.3560254117552945 0.37889527159094366 0.42425471683387767 0.5468801142460911 0.5508014231949958 0.49394394204910974 0.5727060667763143 0.5736526479728329 0.6296547539999086 0.5781611285455455 0.5942346976004897 0.6404724669128068 0.6512280350418745 0.7150643870331834 0.6472464478585856 0.6400155808167324 0.6522561813863816 0.6200693855618559 0.6420276774855829 0.6025761228457247 0.6269815861716247 0.6306577736191019 0.6367032784467193 0.681934788291733 0.6230473360813964 0.6328082934777858 0.6278136914471737 0.718948920944798 0.6975209868846715 0.6877066656395885 0.6500298685074317 0.6042072676911662 0.6395749699342934 0.5806072064772655 0.5541143155429477 0.6044862350968476 0.6162357139763376 0.6532785146618435 0.6653948685615981
0.20836701189471227 0.21189239857818387 0.2245229536598765 0.276694584484246 0.32774709500436827 0.3590929894605507 0.43131020633415557 0.45532967473249236 0.5380122093372172 0.5806953596778676 0.583755293940513 0.5765938359518086 0.6404143881229759 0.5989488442741078 0.6200105353670308 0.6287738541412015 0.6680903128156321 0.7107343244637498 0.6626794254747956 0.6331308030667915 0.6650051292228871 0.6310629690533218 0.6033059137711735 0.5487254280484894 0.5692260075101409 0.5854382134952586 0.6235482934733734 0.6587876239431568 0.7330796408747787 0.674813365318421 0.6675561111451703 0.7168655848369915 0.6794979620107506 0.6985222270277464 0.6827115831544462 0.6097231063274384 0.6133858069309489 0.606278555622924 0.5617844142877343 0.5517340245601124 0.6442292504249351 0.7039141436589638 0.6731485966147124
0.19621304178425478 0.15129961994592506 0.1959633289514156 0.20481429989745364 0.3182957624940805 0.30227618030893044 0.4101720703273406 0.47232621281025905 0.5360971659872206 0.5931663706832715 0.5409193069161484 0.5397849987588805 0.6296002213415001 0.7014812047395167 0.6817529785089821 0.6308042742384359 0.6118034079993765 0.6346539036446015 0.6334177076917519 0.6110190904211495 0.6750163727555574 0.6833341449482925 0.6434386389506814 0.5912177068460184 0.5531276842112126 0.5896408708024609 0.6734380904646305 0.7154107753681298 0.709015220878249 0.7441179028476874 0.7491312307226881 0.6944477055068253 0.7247267265456345 0.7333768210139545 0.6956618640165761 0.6319607116788383 0.5629763730509837 0.5691762060798857 0.5277812488866166 0.5134029199776191 0.6068072925625035 0.6740528647442006 0.6361602871498836
0.19335933170381514 0.18413772624192865 0.16900217731324665 0.2697614900137947 0.33085384378703414 0.34792424873713035 0.41846963509963186 0.41971892729606824 0.5123197538362344 0.5606870735379715 0.5504896506664795 0.5360525978774976 0.5904056796446275 0.5974044133556403 0.631505849074959 0.566631816932983 0.5974921043029523 0.5505063946345491 0.572122818061776 0.6407194750660427 0.629578309388198 0.6249885615034885 0.6061070467027975 0.6535782088540468 0.6207192007168737 0.6612645943641301 0.696260461206592 0.7350132256443808 0.6823384519292934 0.7095215548669629 0.7222716291436431 0.6416620483536647 0.6386274874716672 0.7040708143687476 0.6738759319174319 0.5932716814940576 0.5758970522006807 0.4994778841633681 0.47772956483708506 0.4793379235609235 0.5871786067170279 0.6214568239949518 0.6540951459023272
0.20317890932079155 0.20404726564549844 0.18903478209012553 0.2780266784236923 0.3617715627620215 0.37298723833743697 0.36065037488511364 0.445732979525369 0.5273844863993364 0.5104185028631121 0.49479076685032836 0.5297226740752298 0.5548925409814478 0.5152783228608965 0.550576380199571 0.5626872679603759 0.5401431386472352 0.5612350344755028 0.5901443447381991 0.6156951586807475 0.646095564315643 0.6305785283087382 0.61970610362799 0.6881523087098902 0.6400067473767629 0.6877790149634183 0.6674681335059116 0.714072053476921 0.6615301602877738 0.633744800653152 0.6270870851924167 0.6455560332115095 0.6213215518870778 0.6482577136841728 0.6428060794167637 0.5703497079342827 0.5647638808086418 0.5106324523746911 0.5060977287856745 0.48897729095156994 0.5888038858497493 0.6233274669100718 0.5856109109931734
0.21128801924190138 0.20461056679258546 0.21966262652810745 0.28250856676832975 0.3309806007098545 0.3510656765042576 0.3315478489450765 0.4179450441215821 0.4977978528221471 0.5369395071902318 0.5484017517598049 0.5155912001562948 0.5263127787500562 0.5339038498517895 0.5696484687090682 0.5689623152974693 0.5601528866789603 0.5677446890769066 0.5891154433913571 0.6256756038496796 0.7105871641889178 0.693985215093344 0.7127829427343995 0.6873382801696327 0.6560264590661256 0.7349990542535385 0.7200613898902529 0.7614011197321072 0.7326256793006616 0.7076917192010366 0.6162262566604347 0.6716818289731199 0.6545775783498993 0.6542456976673534 0.5905720032618068 0.5746304939385622 0.5689253809289445 0.4830002600328739 0.5200348377782131 0.5125423490809412 0.5300456450087714 0.5173288142376321 0.5634502395239728
0.16973837022413074 0.1760896050390441 0.17824427734913598 0.2231408667493781 0.27952728896212864 0.3063453187465049 0.37410143980927546 0.3743913060432803 0.4482416766035114 0.5581153309159429 0.5482674544601716 0.6105267417682329 0.5068858291157423 0.5456737094771092 0.5395944538080758 0.5058833741868046 0.5599926500242679 0.5375468002753004 0.5575757780854989 0.6830468018618896 0.7430741438905605 0.7575907302291076 0.71022965357317 0.6731038500442352 0.6614043831954454 0.7016527726918811 0.6809234131547653 0.7026265855155488 0.7070275420995576 0.7297253164383048 0.6569680387568686 0.6023074940575305 0.6274055791940668 0.5836912193629122 0.5694405603180894 0.5495336094933665 0.4819905645014972 0.5025862118365645 0.4935498256444745 0.4405877039019545 0.5168935687505666 0.43491086012813046 0.5279541078192861
0.1746496818452786 0.1397888718383078 0.17148119198322387 0.2224870182830199 0.25669871576317643 0.2773192371312541 0.340755931387608 0.3513212489555742 0.37773238979249807 0.4616939985202667 0.5266218990493664 0.5838907287005273 0.5136437288518487 0.46788571923938127 0.503313282303159 0.5413129199567528 0.5281262893929274 0.5167197711774834 0.5592697979125768 0.6102544580853286 0.688156799703044 0.7102769172283393 0.7550603564708223 0.6710845643823882 0.6727682195989322 0.7264170758299838 0.690580742259385 0.6907115566902273 0.7231353154740026 0.7367581346924993 0.6707627200857291 0.6157226380931381 0.6247322009508359 0.6286007182158021 0.53895422156438 0.5288469771891973 0.48337578583000385 0.49058577365380013 0.43802304642520684 0.49403800028629763 0.4961003647859435 0.4883729263974835 0.5267624709879605
0.20752354362363953 0.2125646434880407 0.17209023841963278 0.1846323712299978 0.28440429463539596 0.2871067340466307 0.34953941338615707 0.35058415008493643 0.3535658736309158 0.39699181144249157 0.516763367432578 0.548255663409827 0.5082783179774887 0.4665635351345687 0.42730731108623576 0.4629395774722326 0.49528021521618276 0.5872837486686738 0.5284637642376279 0.5373118327884671 0.6522484281591758 0.6566964074853272 0.6802183343611757 0.755740468184971 0.6754399086708377 0.7001925925034738 0.7039278370043823 0.6260802099626623 0.6970367713865211 0.6656766736752383 0.6668470914931685 0.6545314772529534 0.6281382287652708 0.6405635810296569 0.536217502025274 0.5037584714559475 0.47579126120948406 0.45434658164340425 0.44333257243532914 0.46874604012461696 0.4821074781047521 0.5299314394021083 0.5403246446925739
0.15761100814742288 0.1614840395878113 0.2001984014816503 0.2613459008219667 0.2705922356558743 0.2909292791398788 0.26011780995349615 0.342747136588064 0.34888814643130683 0.384624721301392 0.45040722356961527 0.5021348985454558 0.495686441027162 0.41726255478298263 0.43299448000775986 0.4392875048126696 0.5333463568219983 0.5427547395143437 0.5050713956356345 0.4943845543528936 0.5500214619475756 0.6342304949624407 0.6658116284471471 0.6827400714762816 0.7336636009588106 0.7097800842015951 0.6866622964847767 0.6666901213116933 0.6552480907484332 0.6737790871396694 0.6254979064086342 0.6194414437145289 0.6543488761022871 0.6256983543809352 0.6147035023368161 0.5266670754471146 0.5480920340556942 0.5079606587884185 0.5288844132085693 0.49328022916781405 0.49464133102887475 0.5275219667588215 0.5103080401009499
0.160524273878552 0.16497415752207384 0.20620649733361113 0.2155684106332869 0.23483616876029734 0.249781271993723 0.22452813573468655 0.23745862350400568 0.31294949984614095 0.3831542184969984 0.473855170847838 0.5171907959164823 0.4696701133936608 0.440033135025203 0.45098155998502043 0.4467016745255118 0.5453372388084602 0.5459426162980902 0.5530521011194157 0.513440771075382 0.5991651535870889 0.6045117652406068 0.6602985852197323 0.6045181893937144 0.6630466359281203 0.6992299031106672 0.5842090125625825 0.5557084603103222 0.620072227391252 0.6134269534936614 0.6278351118291677 0.6159490814784725 0.6750923536691457 0.63692557065396 0.6271311534354242 0.5681952886387199 0.500224425311332 0.5670250171868622 0.5556441603950101 0.45628926145702936 0.46497844220223683 0.4196090454091659 0.46006738265350106
0.1660876190236793 0.17280693521338125 0.1564279718003043 0.20027908845586198 0.18863314578877707 0.25145167139612007 0.18450184097817668 0.25228223011184026 0.25393375609125685 0.3256028716219625 0.3757004667464605 0.41048597722034347 0.4651103219436315 0.47478881663858963 0.4522436311689368 0.4730595910570884 0.5037200352810388 0.5204605883541412 0.5628544504675507 0.559446248787654 0.5920211390509322 0.635204227842734 0.5976120926043775 0.6094341583519316 0.6317358846481266 0.6427852613713025 0.5468506403428746 0.5687849264945678 0.5548898553926909 0.5621719383034155 0.5860953386615343 0.643837520666698 0.6500804855401934 0.6613640089750117 0.569718305731877 0.5749403253827496 0.49347431280290377 0.5494706436032126 0.5324315322675599 0.5078238447475673 0.46364258328209307 0.4766644667789119 0.48081404690074403
