Raster_benchmarking/DGGS/continuous/raster-213.asc
NCOLS 100
NROWS 100
XLLCORNER 1743160.9143082744
YLLCORNER 5469284.150560763
CELLSIZE 10
NODATA_VALUE -9999
[rows 38 to 56 of 100, columns 0 to 42 of 100]
0.11938218672495113 0.09539777290873341 0.12949268876296352 0.15767132550698815 0.16957797820210405 0.18710920830110883 0.19354490344932074 0.18321152175171992 0.2289868286457828 0.21045040018211372 0.24629022109078005 0.25134300051856107 0.25633184971838374 0.2431788855755233 0.3017354295016391 0.33265020428398634 0.38823458928325344 0.42889293831278824 0.4729747001133579 0.4599080829625683 0.44964688174117645 0.4482685120835663 0.39996115653918135 0.36985586882112453 0.3977298216856712 0.42156238099497834 0.4380223543057865 0.4163062597536408 0.4518132517303271 0.41810391189945123 0.4426126551015514 0.43772398418327557 0.43205711607447533 0.4875372135651749 0.45633721737460187 0.4802558364506523 0.4930296168101833 0.4815444863845068 0.49338965509015675 0.49506610635529613 0.4844313039586187 0.48523585366298316 0.47941381482260503
0.11970040834903124 0.12116914169472177 0.1457021963894176 0.1347975695207634 0.17350825115916627 0.18038571598632144 0.16486579439223095 0.18373698006722022 0.22316317192022322 0.2515902306795238 0.26133835057844124 0.2620094294653527 0.23008632241956228 0.2967560828290562 0.3517424674666361 0.37173723010290677 0.36939248728603435 0.42493767575644353 0.43563397820521615 0.4483524946776967 0.4163186031941408 0.4455608903655755 0.4029643754474582 0.4196384711842233 0.4038188457965746 0.373660366979571 0.3847188033059836 0.4244904783544083 0.4375467922681543 0.42974294510264693 0.4487725088074408 0.4569439885944492 0.44820102235529097 0.47487332430584145 0.4826784379053076 0.45300477937151884 0.4509063227488869 0.4542156528730901 0.5069076662430948 0.4666300549513839 0.45969745551278357 0.46273044560038595 0.5079761707304272
0.1055441675646436 0.10464214292545725 0.09571542461238251 0.12952452895123254 0.15802957756261402 0.13473743613737763 0.150620066540839 0.16492194697716392 0.23786557805991745 0.2551399315570141 0.26562143188255033 0.27933903286461625 0.25159675396816783 0.33136311346776604 0.3757908619839908 0.37451252258932194 0.37856423173808623 0.39303989396207817 0.39393806218294797 0.4164149836332883 0.386212716456546 0.4164569514763836 0.4261205866194691 0.40895184104222815 0.3837194859148989 0.37848350860750263 0.3759510365244076 0.42010101544453393 0.46087650536672536 0.47373726279662703 0.4476255917632621 0.43870928677933607 0.45940260010606926 0.493395894822379 0.4903796692310843 0.4636208928429466 0.440160934210214 0.466722704753759 0.49548202103511413 0.4992011260307552 0.47454386728245684 0.48174744253528873 0.49029251122877915
0.16384886293199177 0.1174728939793604 0.08833970856024592 0.09120548767035344 0.08955484726621264 0.09912544136196728 0.1273608186026784 0.18544152920662824 0.20748315157961883 0.2535283441226487 0.2585061078077984 0.2589583679845716 0.25946055226579634 0.3253305148084282 0.37886818289357577 0.3943315919240637 0.41284903265935746 0.38832944279716763 0.3807532091347412 0.3994449540091821 0.3854640711126295 0.4426418618002763 0.4624536819319693 0.41829015050780427 0.4266408577445406 0.4141264855913852 0.39117153049445813 0.4389213019583166 0.44724649195315475 0.4563817891068339 0.4793774350724333 0.4850980169464167 0.47369959436175263 0.4683850057196726 0.45987938837267417 0.46918404073145037 0.46296292412921125 0.4553222734991813 0.4694966060293313 0.48650665895671974 0.48767178595063426 0.49759026517648947 0.5110952197571889
0.15088226223166132 0.13166646758805206 0.11872656063701438 0.08905252851448076 0.08140755454219568 0.08822291911858153 0.1235626931401323 0.1627694137106463 0.18764240511937644 0.20905383230038635 0.25594196906787686 0.2633352549422571 0.26254955716182643 0.3251364056243779 0.38381535020802515 0.4063163054038382 0.36808294420080173 0.3982837620744056 0.40611320307135906 0.4020676562628657 0.4475808243889634 0.44201404349720125 0.44237858853599094 0.4284777341125212 0.43755041942884926 0.4572772031947867 0.43887971029114864 0.48735162515326264 0.4923114283711319 0.48633426612456376 0.49740110267634713 0.5314218923948921 0.5288299862755401 0.5165269277684206 0.5075455568576296 0.5064297085923137 0.5071519106829141 0.506228506132314 0.5024199094858093 0.49970184577680926 0.5158223764313226 0.5076942016000915 0.5164597396600942
0.11805545890260534 0.1144190625953998 0.07569099865348895 0.05738415581396698 0.026639360715831572 0.07221613441483496 0.12442773730075264 0.13981770290500536 0.14059826672316106 0.19560090776083444 0.21973079565484083 0.2741482424835915 0.24691060467313347 0.32238676249383 0.3889787869341223 0.3628620285609948 0.3581351937600211 0.37742279212025265 0.3817230414209051 0.39932927759079845 0.4544871836400454 0.44294535123136597 0.4781235656429491 0.446385637742943 0.4257540677451311 0.47705743067072715 0.4813617047488973 0.5204797443377842 0.5442587756447755 0.524540031296714 0.5324103997140612 0.5291381353253319 0.5842124078915567 0.5804194623018407 0.5832791631774084 0.5584931140407605 0.5015323763577055 0.5517070358791971 0.5305442565868645 0.5563463352689428 0.548150740454525 0.5333963204700451 0.513133618833198
0.1126258408661367 0.07999526593705915 0.05527674250903463 0.053770950073509655 0.044275929645405214 0.04323357034968667 0.12241589154303782 0.13752501269885556 0.17477783843514985 0.17613819950653758 0.2586916488604808 0.2712147821315248 0.28637484781351924 0.30966861377362265 0.3464991041511453 0.35498444161874965 0.3712783302388211 0.3705370457300566 0.3810084315420028 0.42264807199699483 0.43308131612527945 0.4485262807376556 0.4318508958067519 0.45402821539635346 0.4344449943791982 0.47161513793751053 0.5059830613454681 0.5369387246710738 0.5911883517478739 0.6014729367622755 0.6013032538589768 0.5738831873541355 0.5771329221527159 0.5793691953085864 0.54154107027011 0.5522637414377135 0.5557101742148736 0.558391769016575 0.5784997980684282 0.5376465107399507 0.5592526389485963 0.5678938110021572 0.4928911124188875
0.12921921719816656 0.09538998083332413 0.04259336176915825 0.05757963269094156 0.0 0.033178892993219355 0.07619324973813585 0.12097343403210888 0.17440777674567123 0.19728814565069588 0.258495651636145 0.2842937703358493 0.306040277569214 0.3088895512812704 0.3357757160883631 0.3756623502320823 0.3980136371031017 0.3894747444336825 0.387545753129054 0.40756137623760375 0.4638717424291246 0.4193783852252428 0.4272174443522614 0.44985752921007033 0.460450377240741 0.5126236203009166 0.5669827872533525 0.5417494026377012 0.5972174919275192 0.6254180942626301 0.6255353780805806 0.580687238023649 0.617378180657891 0.5747976813058704 0.5622192063017986 0.5538860486766258 0.6041685676758579 0.5945104413390947 0.5873665778158556 0.5903858731045535 0.5887032860243678 0.5653976269636921 0.512278508103198
0.12948017129732267 0.09738460580494489 0.0569750793269563 0.06838610265022059 0.08055373328187324 0.08999795039561916 0.09586446740729464 0.14798877571611313 0.16874732341335077 0.22217619685952567 0.2355970005159534 0.23321094034149048 0.28176161450379 0.3015913269284105 0.32653258634980364 0.33773775787066435 0.35230179853183036 0.38836961515817864 0.39239524434691714 0.42437237152042345 0.41938302068408817 0.4337644242867835 0.433904556386979 0.47578401765230516 0.4817030581388827 0.5357172715699903 0.5591861146303736 0.5621196773864509 0.5727145628838888 0.6064008867586574 0.6020377318820669 0.6162751417808151 0.609223913595837 0.5627094809467313 0.57446366993142 0.5869446907260288 0.58877072282287 0.5867695890744205 0.600168863321109 0.5723321157150448 0.5614112524324665 0.5549500512068851 0.5560807194886432
0.06354695246958408 0.08040662764496444 0.04679712275757798 0.09537611427932724 0.1048116420263527 0.11764191356919879 0.1537590186895639 0.14526305511046422 0.21685115831827367 0.19756020027008026 0.22478645978084563 0.23824634220580132 0.21076592723664828 0.25511050202946756 0.27982021466514523 0.3054173710467939 0.39332355314464523 0.4148737783255056 0.40831122981691886 0.4293629388760422 0.4271201513738535 0.46140387109552466 0.4844396502988035 0.4847658748509381 0.4709563834567898 0.5289474367096317 0.5675249789353687 0.6158528872137242 0.6175500101979791 0.5948757732864196 0.6231341547379086 0.625029024885225 0.565743342985213 0.5602154827784016 0.6026989203232538 0.556112387492261 0.5476726540042989 0.5469482710079222 0.5904708534463101 0.5848542769553204 0.5747926107588874 0.5756813472352592 0.5584206805369786
0.08388459221122856 0.06342765651752096 0.09298225523434198 0.09097332817095695 0.0739027809062392 0.07727994840976771 0.10933000305832391 0.14585947874161861 0.1744633444401675 0.1871396610924878 0.1919897919184153 0.2168174010569515 0.1859075848252145 0.2283271957684438 0.26560713959467036 0.2989001180419393 0.3734327737709472 0.3929138773916202 0.37431395223512903 0.4377941071126655 0.4659559017643086 0.4431395991875997 0.4968422406745077 0.4902145697880987 0.514714690876898 0.5225198328041377 0.5527113939500469 0.6165862513287867 0.5951239363853043 0.6267571756551253 0.6210257966108464 0.6148273061996652 0.5581256103736751 0.56138576612616 0.608173896016776 0.5848448443662217 0.5533888119663924 0.5472948596978975 0.5537708263690463 0.5405091269942139 0.5485757050552292 0.5363843577885491 0.5320972360012635
0.09286137577159773 0.09136066196637213 0.11694891546468668 0.1095341511019325 0.05115336719371626 0.09302895077955187 0.09937269054695366 0.165600139168386 0.20356513309151394 0.1716951530399154 0.19425518449461307 0.1689306737072928 0.19394394423125164 0.2335371683394527 0.24140752442609506 0.27457547668950016 0.30465057360286724 0.3361917193783917 0.3597555579343474 0.4249131045953866 0.45553542007871245 0.4781099666270057 0.49679919308245774 0.4912501054159848 0.49880055813126456 0.5233419277632557 0.583251337692598 0.6112361697461406 0.6094025261234359 0.5796663333237789 0.5753245841410121 0.590744547197427 0.587554246533166 0.5728683356731686 0.5871057206792623 0.5552291019199349 0.5057688782772134 0.5392621203917598 0.5639528889404997 0.5386073893690781 0.542036544312206 0.5407573098852545 0.5481470361763071
0.13237530186544974 0.11667459446384609 0.09704749143743088 0.103169570699093 0.09597328214515281 0.08033775780305415 0.11443160975996836 0.1534162482708905 0.1731711047567674 0.1975374739620424 0.18723196807617165 0.15264931589461667 0.1772037872108526 0.20738185206211843 0.22406280725637587 0.2678918033481696 0.2764722236726279 0.30260706544590205 0.37270512015010837 0.4073464106758747 0.4395935434404267 0.45153681809426466 0.4654072548366768 0.4952583853037712 0.5025765423710478 0.5194041919110919 0.5665218219280515 0.5644891345768921 0.5596268291508602 0.5593660249077835 0.5842601851649535 0.5775035952182301 0.5860864632736629 0.549314576265927 0.5536890561911648 0.5055694654404799 0.47007051101935593 0.4968193239909372 0.5331711406260041 0.5464942505568318 0.5183202455914698 0.5589273545045566 0.5735510882071228
0.1828151846798214 0.15341926217141214 0.1347100053107155 0.15304712276094093 0.13306940831219927 0.15057217984968296 0.14616959535321652 0.14033514537781425 0.13214905396526197 0.14636953733128763 0.16104330387250834 0.1733687776750598 0.16456801402735696 0.21112401855202095 0.26663151748785596 0.2370066915161987 0.2898860055965609 0.291690255078379 0.36389076945250354 0.3713125989464345 0.3519021141024552 0.38075239525635063 0.43444298514880025 0.4332008440808665 0.45610261581989936 0.46701526529353654 0.4916899100917189 0.516101647408095 0.5506627797065454 0.5283925293148771 0.5392442945613638 0.5327436561606274 0.5515210787400334 0.4989507630800466 0.4766769994509837 0.5081451733074729 0.4698196470599989 0.506600154783204 0.5038165261419907 0.5452199867688095 0.534509321051692 0.5688158259037082 0.5551167710029888
0.18712088404131758 0.15653488408648122 0.16503655350093394 0.13492028569529815 0.17667724296375062 0.16538318632424626 0.14738989779001374 0.1822568000350114 0.17748434136843966 0.14730122524522468 0.19660026393696442 0.15964695677166885 0.18755048455301912 0.1942170291343456 0.22339964543940588 0.22177566823452433 0.2532526717817057 0.272745591139084 0.3346748182386984 0.3073082235569481 0.32438532241842594 0.3829382937137628 0.4465900443246444 0.45732257162644274 0.4291068721320163 0.45761037394279436 0.48143325041033097 0.48391009783055206 0.5338762582160781 0.5335068038903757 0.4789926609114681 0.47852916330976647 0.4815247959366753 0.5242173071591817 0.4941718185796897 0.49356591317863885 0.4645439797399563 0.47046376920690836 0.5134333468175605 0.5113173709815025 0.5466293814223356 0.54729192402236 0.561515300835877
0.19754132309047623 0.16834712707035399 0.14373377382768046 0.17016966642879244 0.17109437897626079 0.18356354532303912 0.19067896761062966 0.18600415822989522 0.17201015463976857 0.1633482442081547 0.21774764762087181 0.16340837942066105 0.18442332828039817 0.17094544193473998 0.21214972328906595 0.2169669038453164 0.2254330222971274 0.26511450654005586 0.30400055547529153 0.3309664502201727 0.30962707178467597 0.39342995371089734 0.4214542666249737 0.4140134757950871 0.4095435862175833 0.4608860972817053 0.46991829267706187 0.46926322808284215 0.48242650241177215 0.4856743771750894 0.45769057685746517 0.4507328209170423 0.47575547673383084 0.49408465211068847 0.49228572750027166 0.46810391158018566 0.505535093439872 0.5123934285993792 0.4985108344359479 0.5154275482208219 0.49955040706500486 0.5394552977612593 0.5936133391715944
0.19782216681976297 0.17885337366810686 0.15643020423034834 0.16750284825167977 0.1943092395068301 0.21596076897186758 0.20748858401588013 0.20917064815066225 0.19729530434342452 0.19444560094566185 0.22685975015367213 0.19824808613122627 0.18680326878591116 0.20327805381891342 0.21875884052429584 0.19960633035440103 0.2233508501039924 0.2791758342737982 0.3224078513118666 0.31362717676394214 0.3103583690661848 0.36579293188548034 0.3977547837852886 0.3905769596391108 0.4021177314963109 0.4450094084316746 0.45147348114290425 0.44575398844997377 0.4656370539098567 0.47248925478699816 0.46489799921048425 0.4834413291565184 0.4833786817120139 0.47472597051102394 0.49572891932192253 0.48631022825155223 0.505644115449847 0.495923046104832 0.5186219991402 0.555915216322357 0.5342275402922092 0.5470036843937588 0.5904553602215468
0.23334898750011493 0.23311357995870197 0.23725231659470195 0.20549601404135398 0.19576355139505797 0.24321303180065218 0.24717515082894564 0.21788154601080506 0.19196316625404003 0.19269632128178368 0.19110424289367473 0.21033783061515035 0.17460091732229666 0.19585013248574665 0.18648720208353095 0.23528706683877842 0.26598300167708533 0.2977947783256733 0.3084332739305759 0.3026185960115748 0.2758429437330176 0.31357663590095897 0.37258949108648143 0.37075354254556986 0.43380823101174776 0.4222646740703139 0.4306452304005859 0.4493904851006687 0.43125897435504407 0.48118645144172356 0.4730279998007586 0.4665484823527737 0.5010474915316272 0.5128482240433457 0.5007308183465514 0.4773170293380019 0.49128662660364386 0.4891482260943587 0.5223425275723261 0.5786306514413972 0.6080201864918563 0.5990145643824845 0.5960853581397527
0.2277702505821615 0.20596283154630557 0.20682190164198894 0.23895932168953213 0.24558535028530568 0.25340229692541094 0.22613256403832227 0.2250450542875868 0.20385829152235474 0.18420492910247666 0.18585285506236793 0.17519631909651895 0.1909113587034577 0.21737837648909691 0.20442217933977275 0.22427007734353704 0.26068056526448974 0.2992630074423762 0.2855282577944413 0.280327906370536 0.2884150493665264 0.2888456822318526 0.312365170919455 0.3801888113697748 0.4175695768279489 0.41878508740785714 0.427999489775145 0.4400746439592205 0.45856488647237464 0.4561825778100986 0.4394349132638809 0.45272515754823817 0.4862599125257659 0.5084819472947264 0.5051786793046883 0.4940838711200589 0.4904859988507773 0.5516281955479202 0.549620683097327 0.620660428619719 0.6358815660573429 0.6088926379487736 0.5964283240597582
