Raster_benchmarking/DGGS/continuous/raster-441.asc
NCOLS 100
NROWS 100
XLLCORNER 1743163.9896940559
YLLCORNER 5469291.898845137
CELLSIZE 10
NODATA_VALUE -9999
[rows 19 to 37 of 100, columns 43 to 85 of 100]
0.24537647345215616 0.22951437673006733 0.1787345081913025 0.16678903063251946 0.17690033276703054 0.15275616579891543 0.17154142007437842 0.1832306739630098 0.21865974270778216 0.2130544092308114 0.17573061204868753 0.15391872956706856 0.20933451813823592 0.18121200809761515 0.2215679449043262 0.2578436712889768 0.24845522652547566 0.2054449782437217 0.210418429176531 0.23226157587255086 0.23093168242532292 0.2036240762715031 0.16453974888056067 0.19826288002752754 0.14434647844443876 0.10027541843431313 0.12615596706293844 0.07999753030148356 0.10459233442626453 0.06804571010456473 0.10567775452439714 0.10558665399054995 0.11175596548159851 0.08817682653825726 0.12608418108616098 0.1476236055144829 0.1950118077191973 0.18461028390433948 0.2469026349225671 0.2651330132697729 0.2755424757823494 0.29350942505285127 0.28298261850967754
0.2083988151653451 0.22059302835498773 0.1864017397797227 0.17558247860665116 0.14022152401621177 0.13452995672445506 0.14702866886746127 0.1623538080906468 0.1585733052829796 0.15257340997232532 0.13607723076269596 0.1515810595168422 0.18151600674529492 0.2233611539798784 0.22174840029459386 0.24195965296760308 0.21084122294419483 0.19520072543871592 0.18577486945239763 0.21233695790317353 0.16188008705624096 0.1728138975290306 0.14412925118333741 0.12420003420968836 0.0895809548161679 0.07985650349877571 0.08546774509391891 0.056544880774524325 0.07907989310386286 0.054963365495809595 0.04506545153309013 0.05345112725827992 0.07006972698699075 0.05742942284114241 0.09800665210256124 0.16433069032429543 0.14875756683850494 0.1979645023232997 0.24021914383567547 0.2615573253886979 0.28754842364328426 0.2887993005926719 0.27281255618429173
0.21492807230476665 0.19236013749430902 0.1821257072516506 0.14143622115102186 0.15193990590206224 0.19023505031907784 0.16078496157985986 0.14710348196074255 0.16025999486575399 0.14229395114638327 0.1426394955553447 0.12297185411502112 0.14847740327935788 0.2057780049352739 0.1927038115041247 0.23201070225480616 0.20818925097459365 0.21727274555682913 0.19171750727649872 0.17748022066509203 0.1172890866781166 0.1026720133929522 0.11705248557141279 0.11418815948532002 0.06682797898700583 0.05016955836944591 0.06054778720532374 0.08010833848722967 0.08446876608546043 0.04912091277438539 0.029634349444217088 0.059159888765249774 0.07791446332757977 0.07127437857347577 0.09260913142521472 0.16910789029666018 0.14708927546151226 0.1917528503017838 0.2000560970851606 0.260201055674792 0.2468173615007369 0.25227460505774657 0.25558145527515713
0.2271168978768695 0.19763259564390132 0.15223287389947107 0.1333261632598535 0.1668128345684187 0.15864915388960704 0.1700336671780013 0.15962548883823727 0.15607629191353004 0.1310747172125975 0.10416797892451675 0.1144727608782553 0.16261691575036516 0.19109515860848905 0.19194972890716014 0.2043473145547063 0.18629360646926676 0.19288026057501012 0.13946929403245029 0.1325629210012475 0.08362872178368191 0.04623888544717209 0.07575624610432376 0.08680604136138638 0.07734798321527651 0.08108249693149897 0.06677103646987728 0.055630149038066075 0.07330984343231182 0.06192868276801432 0.03752014748147474 0.0322681758701043 0.047047461054711526 0.05508603906681329 0.11166874798738237 0.13573831219247987 0.143729496911283 0.1624484957282597 0.19995715763018262 0.23180953887641048 0.21499280672538412 0.26671079324108304 0.25844789380999
0.20471664869515943 0.20637606971080183 0.15128207525922385 0.142465781495291 0.14879919537030417 0.16903183623607795 0.17151065298210513 0.16096892679072697 0.14902715495203775 0.14628771495818416 0.10194529166568995 0.10342367043185394 0.14060227656163368 0.16868849211073755 0.13674919548510384 0.1366352876108668 0.16505656819585285 0.12878811729373674 0.1038240942634336 0.06755327917197577 0.06191756107459156 0.01920531502248556 0.03041737078063906 0.018193632516059315 0.02660162638866177 0.04723817438239613 0.03606793865329679 0.05692255054205235 0.07655103312567496 0.04095203844990924 0.03145449196419115 0.0657283304455875 0.0543062933110453 0.07942025637453302 0.0820716234627895 0.10847762284106838 0.10096600889210575 0.1379270520456654 0.1766774941354746 0.19138584057325853 0.2265027777519084 0.24018631154129114 0.24890195666837778
0.18899133847792898 0.16747740624427918 0.16089122732982644 0.14737765198339836 0.14066810933524435 0.11555461202853255 0.12526346438929406 0.16436038712449588 0.141625764448251 0.12522037498156946 0.1405318402691044 0.1474639510065771 0.14435470768917005 0.16050777878722391 0.13833047674175933 0.10505809825085045 0.11316384035256748 0.12181534086332545 0.0742855504994757 0.05084485000033937 0.03223440107630966 0.03948975279143618 0.020093342126794488 0.0010777470746934836 0.038801546766061325 0.04921542654211863 0.03723138309149196 0.032689366544224406 0.052691379367456735 0.08550978603377138 0.08586442575608777 0.09473734752769766 0.07242472788499925 0.07985445087698761 0.0927569925331402 0.07995453007309278 0.07851772269331658 0.14248573759588892 0.16706374789240772 0.20744101918671587 0.2124514857500608 0.240814270944889 0.22779414641804102
0.17822875409348102 0.13822305913598448 0.13801052283407483 0.08260212410317148 0.1214685416047517 0.10673497390847411 0.1393130584707838 0.1275220234206197 0.15504234793832727 0.11231661658737051 0.13071994906353637 0.13166754323735042 0.1046608522596322 0.08773121876575302 0.13950089454798995 0.13256766058886763 0.10889470099186423 0.1406113401930177 0.08657120614310417 0.038749178809862374 0.027747681237784247 0.0024302543175068873 0.014797459920537282 7.774591588277513e-05 0.018369188831255514 0.0 0.007736043802692108 0.0746449986749633 0.05944708047057365 0.05803049919486852 0.07076968856407208 0.1094720824161966 0.08040437444786876 0.07840093232479224 0.09466281926385724 0.05402459032128705 0.06708848042436057 0.11386708530613736 0.1696589430688845 0.17716138403122406 0.24304745598707003 0.2761178679749098 0.2615193371813208
0.22339600749118801 0.16430584691227107 0.1144495894688073 0.12483510032165217 0.09105034695380934 0.11246416342479425 0.11956911735044103 0.15662223212703436 0.1365821284085453 0.12273636295284135 0.1159939510670394 0.13934703529708456 0.12137264207976686 0.10393287270601548 0.09878564051300222 0.11524127921016909 0.13466896140925294 0.11046286287528191 0.08074939689170944 0.0596334819104282 0.040113445212473106 0.05217279868728442 0.0026923352715139577 0.02181622100831569 0.0005833075137572169 0.016387647352406904 0.02415743776708916 0.06456556217608977 0.05926738915099688 0.046618778444777347 0.09251268313929702 0.1028412382355955 0.06936285602916233 0.08282240750608248 0.06278309568791411 0.06380046096063897 0.10436012071929943 0.1383509699045089 0.1428712564499443 0.21658438587285223 0.23569519150425775 0.25111988056703866 0.29582536530848147
0.25257689092360164 0.20753563032522718 0.13433904133093463 0.10778482025491741 0.08488137800265781 0.10960250281123617 0.11254579395707234 0.13761307254446087 0.17118040884950067 0.16234885307101501 0.14671463851412855 0.13817236116026907 0.13449385860626056 0.08701459479449432 0.09992659173521794 0.13174958863758401 0.10903992553963852 0.11212218066350814 0.10311904970790667 0.0523604006363255 0.030226983650139372 0.06228162651839144 0.052648768148568593 0.03178036235044215 0.006955285207728204 0.041527177945753245 0.03205878263578198 0.05479065090279969 0.03599050654996102 0.04028563843920491 0.09564211819690932 0.08381214980821154 0.07882889552985382 0.060945182475372436 0.105255614239706 0.08403859842007703 0.1351512135630287 0.15434127056211544 0.164512298920412 0.21667560025619884 0.24891059621057723 0.26640985339239165 0.2899669267364826
0.27065667944726324 0.2095606859414881 0.18409249006025086 0.14019348052315023 0.1297578293827228 0.09375572949768629 0.13576293592929656 0.1632113602100616 0.14743357738517235 0.13884963350114776 0.0930405537338473 0.08934346140492315 0.12397583859523174 0.1179178261389479 0.13610816282702556 0.10791091849359384 0.10463426504811917 0.07741298770881683 0.07783065501887892 0.06722686244417461 0.051248735844618316 0.07272257773349615 0.040736890048679246 0.052776491674823914 0.015546552745807306 0.04300196775298175 0.056892329213486664 0.05964737237397155 0.028950578338397214 0.05885205046004985 0.0748815434176364 0.09526269520119353 0.083527344726804 0.1034193040259236 0.11245350252441234 0.1237272774954699 0.13790877739482083 0.18639100287069052 0.178052534432221 0.18566008537245104 0.23018778239039173 0.27056470684888406 0.28022803925814577
0.2725112828494808 0.21884568806422758 0.18476295561674416 0.17577311452675298 0.1320719476842972 0.09909753907657579 0.10036934786094408 0.14627290394690015 0.13422554970837805 0.09592369247253783 0.06402817504209646 0.07696167276979374 0.10559041297116449 0.14553485474883213 0.11630145007881361 0.141736816490235 0.10616780735179124 0.09104913905263454 0.05466889547091027 0.04109052713220565 0.04438803374267846 0.04723417684733276 0.03390796553100433 0.045377564535433734 0.02937953669150661 0.03979022019929528 0.02012325375690533 0.017471661100635267 0.015644457062153862 0.055532532433919785 0.07109956622062436 0.05156196842228174 0.0726063705536362 0.1339234500403379 0.12792662386927384 0.1997842352787335 0.20116095171010598 0.19699552304779652 0.16587929786105765 0.18606632366518996 0.2651858216498253 0.29279753610694054 0.28974028333185
0.2894939184138069 0.21580678374972684 0.20808843793280635 0.1600902819896083 0.15873768618237846 0.12294738858977651 0.11808152453964477 0.1308363237302066 0.10145515304563946 0.08333111913597498 0.0867110900921051 0.08365488806400913 0.09108710904943676 0.13476184757119705 0.13361860507579212 0.11797902490391647 0.13948085992418469 0.0975200848876696 0.0800253749755587 0.04427729010647411 0.01568548781151405 0.05211781227417923 0.02750274328363287 0.044287735861632024 0.06498963243972536 0.05327951321730424 0.04097351066965861 0.01816730772804384 0.04274330534576986 0.043006909209182265 0.06022387965841422 0.06617229678963164 0.1218391428009002 0.11958208764324135 0.15993118222128835 0.19194544623261012 0.22615428188425998 0.19997279749711552 0.1810715559249395 0.22356141629236578 0.25732298444915563 0.268978961307626 0.2964510652017658
0.2927732143852907 0.23287830144362107 0.1958368322196403 0.10477197764224454 0.15937903884062218 0.15731139781301545 0.16633644788865715 0.1570664194391369 0.11456156910532224 0.08231299243968539 0.06652269090385232 0.03974486168050919 0.09488787175249497 0.08508091499334768 0.0984481283231522 0.13956210105700034 0.10029790690424736 0.08938075596495376 0.08075046956910349 0.031993213993927766 0.0226896470146373 0.039781926596190315 0.016509091192434572 0.005950707052745849 0.06040838492059411 0.06476838831677127 0.053953560741153005 0.07214730075780862 0.04735907661070023 0.08136112600688748 0.10538681675911381 0.07763825484321953 0.12253477681985384 0.1626580632433654 0.16936465959258615 0.22210758490170127 0.1939024359738443 0.19511162944295996 0.1885994781139312 0.19061179938321998 0.26177667078187616 0.31488381421051 0.3113990297389617
0.26328150750853657 0.22106780336896734 0.18138276215822607 0.14336714702927417 0.15886344695367885 0.16302759659673327 0.19378639521961263 0.14809603888972192 0.12834713481340462 0.1208840068533265 0.09200795362820655 0.09138402628279121 0.09486310303135678 0.09078620905602289 0.13453735012962018 0.11341122624368291 0.10694347989929025 0.09126404540021472 0.026884713690585205 0.010333292714336301 0.01450467811376727 0.057801245316388326 0.04145605223242668 0.03886195360197628 0.07009919623546887 0.09445876914930368 0.06482262496062367 0.09414531339659749 0.07251029972321711 0.1141392218337389 0.11600853472548096 0.12884626542844663 0.15348543156574634 0.1588025718893907 0.21500072598004505 0.2346047926524095 0.22738412244117923 0.19281899651098594 0.20143342228553374 0.21672128085008358 0.2663077727174995 0.27107216859556416 0.28535403564500056
0.2431806191810773 0.24845241814710742 0.22391848530655747 0.2017437341520426 0.20144772668584277 0.1712857243332906 0.18452879183412083 0.19732030795320007 0.14377114050339096 0.12068503231382079 0.10729578044807166 0.059781064801042 0.09802183455755592 0.13108967039214112 0.10390259863185064 0.11637784475887641 0.08980317170393065 0.05372895792553843 0.05529032541857535 0.036244395084171155 0.016665215076591147 0.04382969445781248 0.049180154694234486 0.08444658679758452 0.0597113504647361 0.08442226932344803 0.05220414555533628 0.09091023728245824 0.09399357073326178 0.11296710199177774 0.11544739311407945 0.14466868277745518 0.15845233640139467 0.18392512049209764 0.22398941700321306 0.23685930595191448 0.21062161915864505 0.22017324522650902 0.19960647890115746 0.24632285539379115 0.2561102965070491 0.2971839358934917 0.28741584445689794
0.2528087384928696 0.28088100505543423 0.28081850855304147 0.26723434223292014 0.22626923713168792 0.2567774402111264 0.229310579584453 0.2068385018102982 0.21504300108655286 0.18900981362836672 0.12946926339914178 0.10904188047900512 0.13445167010830866 0.11947390208371778 0.1305511351600642 0.09142571416258076 0.07932185869136141 0.08040628455175496 0.09630916202358533 0.08882856939292963 0.07646920604225427 0.10039626653343998 0.09616266679245421 0.07315657413553119 0.0662684178487297 0.057731861034066925 0.05205176884966916 0.09549364882045346 0.10188186043891762 0.09290437694671688 0.11570173608164973 0.16909143712653846 0.18253459092209692 0.15493502345418186 0.2016292584203573 0.23059546416952204 0.2368947530618315 0.2279973527595988 0.2342746660230159 0.23201326791571114 0.26280070273234757 0.27341058716938205 0.2495287494733504
0.26885268246491745 0.3051882685583569 0.31215093387972476 0.30452784351520984 0.2832689873955655 0.30398546221112527 0.28239734967631747 0.2524134907776221 0.20311897865600637 0.21244854490232987 0.16072655655743256 0.12320737483019681 0.16335913182889775 0.15861426450769933 0.14765735984506786 0.08729215646053651 0.0757592006958369 0.08629774175205314 0.08496939223981397 0.13163640909396115 0.09062961025928408 0.10402028346596415 0.08896281066101312 0.07222657566719082 0.0518443917400477 0.03166688669624381 0.03914376294537651 0.0514153884867541 0.08608471268096039 0.12236393603248392 0.1156169943282766 0.17761859559271395 0.1388173835594773 0.14501715476065175 0.14658900605565045 0.1810922458085481 0.2215370589844449 0.22823254699475637 0.2345679145911236 0.2493943652320948 0.2291903655431393 0.27702300898040466 0.2695965341876969
0.29730497290250585 0.2867118212518286 0.28590393804641456 0.3247223637645578 0.3071088338113792 0.3024263873259772 0.3178461939166572 0.25918122318431813 0.23510373342255486 0.22171412218985673 0.2093594830085248 0.19163302201255342 0.17486396540752772 0.1577675934197506 0.11105521535955169 0.08838829436135735 0.09699997849465648 0.11935210120181684 0.10734963373713348 0.1278875411619741 0.12793982565357995 0.10254678337682945 0.10811097132493502 0.1019898929140866 0.09187784455723029 0.0579856537987033 0.07890154931647557 0.05777108632661339 0.10899336292024063 0.11467431222682549 0.13217371934045113 0.1480661378492433 0.14124968980391242 0.12369751537737338 0.14528184547079526 0.19185242243099315 0.20978691046417833 0.2148905041853637 0.19817547035611024 0.21417401942510836 0.2141887002167779 0.2516385881663075 0.230623211810855
0.30531571288111287 0.3011069845831384 0.28688065731417933 0.3071095579198329 0.28836507969011027 0.32888473458674 0.3154486455585947 0.2959137409832319 0.2972877715067968 0.2738952935370829 0.22595964817625205 0.2248297123739213 0.16422072250680725 0.15718103701358996 0.12902848071056058 0.11273234161177488 0.09909032744816695 0.12653253079612026 0.11990097227737613 0.14296193226864412 0.1318036455921868 0.16595527744567656 0.15244706673186686 0.10250157820297673 0.06601932435520218 0.05787959222372924 0.08436652894309889 0.08846810717175575 0.062090334226503396 0.08739981821717607 0.09588817790541383 0.09630348999544922 0.12837766482039664 0.14452148469909548 0.1428020709092428 0.17327779945122038 0.16643565932217255 0.18181008896689305 0.20436210522332784 0.22913213051906037 0.18620604755216966 0.20477355819981546 0.26374547581197527
