Raster_benchmarking/DGGS/continuous/raster-481.asc
NCOLS 100
NROWS 100
XLLCORNER 1743158.274160246
YLLCORNER 5469290.47063903
CELLSIZE 10
NODATA_VALUE -9999
[rows 19 to 37 of 100, columns 0 to 42 of 100]
0.40342450159731896 0.3930979747652951 0.42241917762465603 0.5039775481761154 0.5393521597464814 0.48162549705827756 0.46615993956048635 0.5069003266597908 0.5154748565013877 0.4997708620971224 0.5429790727032016 0.5409573344398197 0.5535657746979872 0.533491274349472 0.56054188526393 0.6088525418887415 0.6081229435901492 0.5780645293633896 0.6163319125400877 0.5721368347493374 0.47040696513772295 0.4750167945462368 0.5066377798738761 0.4844135313607034 0.49589298530459575 0.5250060859178465 0.5312398127350987 0.5202823424855808 0.5111496777159334 0.5543214704838564 0.539928358597141 0.5734586896007536 0.5193284290453857 0.5744433426675086 0.6176953805728546 0.5774786638268009 0.6211983550968112 0.6527606757145943 0.6806415863630046 0.6398057231747046 0.676652346423476 0.6729688726813432 0.6611660688082114
0.39097824152852056 0.3983473328637915 0.46354841087726545 0.5006310058709076 0.5215217917659124 0.48900676475262256 0.4750024772788663 0.4815367059196081 0.5201315954805746 0.5037231071785461 0.49396217867730585 0.538163430664855 0.553064705223292 0.52746516648795 0.55083232953234 0.5917479187957492 0.5852886563740919 0.5788081056714125 0.585281397425305 0.5312265623945716 0.5299786022070972 0.5264287162769024 0.5007514378161926 0.5327984755561739 0.5238809056074734 0.510133631914575 0.4716622840078859 0.49142139678031427 0.45776806957715793 0.4892650078521812 0.5480913893224996 0.551782034892068 0.5185003849637829 0.5808831102788601 0.6034240632470703 0.5703535912981323 0.607912145795385 0.6210923481043141 0.6651016981233813 0.6610662988775072 0.6340793505680523 0.6440639352840503 0.6280432674837036
0.38597307287952237 0.3830673639000317 0.4693644596278149 0.4961122790952855 0.537021376173102 0.484699425222471 0.502189634559754 0.502704428954747 0.5260404150240534 0.4683932369699248 0.5193480185558929 0.5170151266566091 0.48442430726749497 0.5356207059175931 0.5269577608478275 0.5879426758764826 0.5902434199215745 0.5853776949879189 0.6114217484558625 0.5402294995150698 0.5434537180983955 0.5456434483942572 0.528584601741457 0.4818732539432836 0.48141849731536973 0.4826216183372967 0.4769802594965861 0.5067203768478652 0.46381238413800324 0.4985901691600823 0.4973439678630979 0.5234685164672187 0.5290818822613227 0.5312383009316172 0.553073480762621 0.5421080685602032 0.5413331396395508 0.5763410045942025 0.6200429573110809 0.6087710554228516 0.6096061776375048 0.6702395015854481 0.6797071534019827
0.40873105177332575 0.39502172191753965 0.40646628409822794 0.4598102827131296 0.5142869267308875 0.5178063544543264 0.49722399098520365 0.5105730244332638 0.46595321400412126 0.44689843949251756 0.48387557696773276 0.47672171330056895 0.4433515033589882 0.5076132260995477 0.5263687637795862 0.5503042201730508 0.58559542239734 0.5721933894238489 0.5906605720549671 0.554333210939314 0.5056549024212625 0.5118287497578909 0.516776266494451 0.4724828835133986 0.4925515790546193 0.49928484900942605 0.49498911738825674 0.4945760111776457 0.44796242945323655 0.46685016231652987 0.46594317530833573 0.5140353005997749 0.5345454088948062 0.5626245611079431 0.5392887308817407 0.542129361115532 0.5063550775784826 0.5196995042722007 0.5518173825353212 0.5757468633607393 0.5561931646951161 0.6158139626829282 0.6752422260354142
0.3294140339095992 0.39679527530959474 0.38864956095330794 0.4098508849321885 0.4286840959160379 0.5029778865543661 0.49158559696066756 0.47132331875451183 0.43803781723993346 0.44355315592730127 0.43982740760437056 0.43610517493695267 0.4329044390771341 0.5334526228030918 0.560970992074339 0.5987388979209526 0.6234946692274915 0.6002959366440626 0.5417205675867287 0.5352144421089228 0.5229515045547078 0.5169995019300165 0.45575810768759734 0.4835756378412208 0.4956167792209725 0.4822780635392696 0.4829987990135849 0.4564956171203986 0.44165276875186515 0.4524403777381522 0.43403204646991816 0.5029243860031518 0.5268868222290684 0.545282148250675 0.5505028478300434 0.5286531683566005 0.5062359191936526 0.5255041239819387 0.5096943299665041 0.5060103058689215 0.5118568779829509 0.5831449465333047 0.6451269549431758
0.4013156785753058 0.34956406761097253 0.36048710655263794 0.42176124209875104 0.4464713612914448 0.4396524421707311 0.4514916195563066 0.49249619948215595 0.4411511131095352 0.44051748514436717 0.44394530867167603 0.45712518467033714 0.4462552153279826 0.5013722964010442 0.5571622981955449 0.5735247696453764 0.5531023224238065 0.5817642145561795 0.5503124450171595 0.5440565633902047 0.5326098912293409 0.5022116689390179 0.42702128701025904 0.432990061962903 0.4715437098356299 0.4627302548054264 0.4478818986848578 0.44103763856909156 0.47107999505102716 0.4437045786508322 0.4941930713092127 0.4782722215874361 0.4997661773499882 0.5088826512546527 0.4865887956910005 0.5146748345272814 0.5119798302448585 0.5231533544625423 0.5338558161379604 0.5210781158662198 0.5230382786926461 0.5226572804078954 0.5551289437155875
0.43525947067095355 0.3574095686371236 0.3579212115749935 0.39072693165010886 0.45421627804833753 0.43649632747078765 0.4607772964240685 0.45807588605801597 0.502371875976624 0.4800404120231824 0.4733774691078125 0.4463623540148964 0.4645064484851576 0.495718939815698 0.5297525449246864 0.5148030805690434 0.48251482460954964 0.525973406255024 0.5612329123247298 0.5362605491429605 0.5185436759900576 0.5186818943513024 0.44780933637389486 0.4425536897454553 0.4309374580060783 0.4575855769263654 0.48767515916127435 0.4270320440499811 0.4560990543510968 0.44649495414207613 0.48875487774258214 0.4930963314903753 0.5045249139179107 0.4897947776617858 0.47835064807419403 0.5165308529454845 0.47872476509356 0.4683854837691901 0.5215811680875156 0.5400907749553038 0.4833726113026772 0.5522028855564763 0.5544827251296418
0.39413943253030503 0.3701016227162608 0.35951359549073136 0.398145578827574 0.43973091982348067 0.45150025944505084 0.47481340209229106 0.4498908264184713 0.47764190579132537 0.45886646560091277 0.451509992208296 0.4806556177117552 0.5200635322409372 0.5264086975287144 0.5008115726781929 0.45630593038058803 0.492842410614523 0.493428919204086 0.5200613252248395 0.49310073001978605 0.4886347737652246 0.49882526382963543 0.4688546352127827 0.4460899111278158 0.4388587581592719 0.4776297344634324 0.43399299365231464 0.4403747737222962 0.42600147920609943 0.4252610170057641 0.4707027409478911 0.4919275328326933 0.49350913582915124 0.4404983909108175 0.4117441098983794 0.46645757440085767 0.4355984516007805 0.4482876989690152 0.4636966229916509 0.5375810953520233 0.5370061786368828 0.5329881812826853 0.577393995898606
0.3783276358625132 0.3484388196072733 0.3600249105151118 0.3850109782081027 0.348788137789938 0.393757240223616 0.4405629891138172 0.47491413866748255 0.47183014567645304 0.4683146507708939 0.5073210396646556 0.47463698328599413 0.48276572713018917 0.5235671510803831 0.4927652677900391 0.48306570353198747 0.41214415269438204 0.47638585051039656 0.49543893391964255 0.4591268604942201 0.4783695318948095 0.45863474937873183 0.43765216733260287 0.47290497815742816 0.45422954656373116 0.478496136375229 0.43623817977487833 0.45158411579730157 0.44876113619296215 0.3969358403717585 0.40470809770279625 0.45888572152620166 0.4768286167843504 0.4494358205501573 0.397028607004979 0.4238403247252265 0.38513212150506876 0.4394450426533586 0.4823374987927593 0.5338117141815671 0.537310331564902 0.5099000863058759 0.5579518321692556
0.3792156158065669 0.3994448929346104 0.36651040585618894 0.4026551800563741 0.4117739597624426 0.4056856717334489 0.44028796472890924 0.428059003483702 0.40988692713713404 0.4366900826614939 0.46934257896849296 0.49533444223938566 0.4678809773441846 0.49052249190574576 0.46380260415932717 0.44744510961514566 0.4477242373315367 0.4070845444441855 0.45542363070080516 0.47258594758244016 0.4514879660561693 0.4509871847302128 0.464336138913303 0.4164957022112296 0.4098856197841705 0.4401928945978294 0.44010814678021354 0.37583423022627716 0.4093615223742231 0.3684854695264639 0.39861048737900706 0.3920972406019209 0.4030626081379324 0.40474302276231433 0.38323801918877837 0.4313774945346545 0.4449607731344428 0.43637725791860765 0.4259721546451558 0.4475023749300686 0.5147334192430201 0.5194198890440025 0.5176428598298017
0.4355101247114709 0.38604683479002705 0.4014205670955609 0.39166533522658514 0.4018838419322191 0.452800597713368 0.44011479468332676 0.47277354665725085 0.4184657367122936 0.41380131359744404 0.4503637726887494 0.48738548511988894 0.49172679065163694 0.4576842532796146 0.46620528738299866 0.43357812350116764 0.44011537787639315 0.4117626005270769 0.38522826488745937 0.4364918439682019 0.40399312694351364 0.4695411666040219 0.47674541172536095 0.4550025080306747 0.422843034635479 0.4170391695952 0.398029827205368 0.38986523653860566 0.3364123303313796 0.38116083714603466 0.3746245160004353 0.40389056461703804 0.4122876781943062 0.4088996566475423 0.41853589094580396 0.44984311932202203 0.4429872250212075 0.4694393801338325 0.4256933137940762 0.42749040970810825 0.4653430842927261 0.5064981464528537 0.4939342233028756
0.4508977429680098 0.4106164435375259 0.4391923430022875 0.45730664847563884 0.4758657433975733 0.4713338973113265 0.50761092149639 0.4969826457931161 0.48746575264079745 0.4548801127866473 0.46420721460302744 0.48199613281325765 0.5232895194595737 0.513379691429377 0.4779207152514376 0.43119951595452793 0.39511584386296317 0.44034325799180485 0.38619023824155946 0.44174820541415777 0.40651106718973884 0.4553941511093293 0.40018311022195 0.4025446325128982 0.41893193506723037 0.4084894610040487 0.41570660380751684 0.3763297120354664 0.35185624539252214 0.34156121750461266 0.342962833884141 0.393074780947409 0.3784829021675581 0.4199858009037126 0.3778500665478151 0.3968943994386814 0.4442915412353728 0.4653700849881807 0.45349970874285767 0.42739034881402205 0.41402608898416987 0.4285820218969029 0.5008231793896684
0.4263453415017616 0.4698819416945049 0.486090976024697 0.47981588345577375 0.49109045399895257 0.5271475072661137 0.5505395076912111 0.5150156009376418 0.5332691831510727 0.5220945343059004 0.4782837134006551 0.4720899429478307 0.4950551385867821 0.5322713233742306 0.5229180785933643 0.45511383413727713 0.4009868158074967 0.39880804988936197 0.40710141602818256 0.39366713209841736 0.4488190362428598 0.42114970037196225 0.3670422417378886 0.3431244716057808 0.359913213581505 0.34972707698886496 0.4166934483749735 0.3770976364896488 0.3397720127488486 0.3137733626882768 0.30187962450170197 0.3824561879465906 0.3818732154427535 0.33458828632897686 0.3466260037113565 0.39731539421776807 0.44525478734968305 0.4418173857041631 0.41405075464643454 0.4047417104577544 0.38936701687425995 0.41595946328744726 0.4692242422493999
0.4389099352304811 0.4705864171593146 0.4625596778656206 0.48855373014363723 0.5148834174575474 0.5228878470167173 0.5508017144414242 0.520902758754882 0.5483265346054215 0.49694090575675504 0.5209110428592016 0.45854408859430795 0.4464880190324314 0.4900020991775718 0.5311753111032913 0.47442716074422414 0.3852712873537071 0.4105123341533965 0.4158900537767503 0.4004456616174973 0.36445454628389934 0.3522919661265005 0.37101205602539017 0.37291984926252253 0.3305625657169961 0.3493408318638061 0.37410998438594384 0.3606658549275661 0.388458697017282 0.3542790783191227 0.3514964362481789 0.33064161830087013 0.3674052521034775 0.32295845110877996 0.34856341094159754 0.33548513849169104 0.3625363013270857 0.37883174291994154 0.36847743912501946 0.3538936525258336 0.34693399042361434 0.35802121355862815 0.4053767128868008
0.5149111933236223 0.5321886014471975 0.5398249310264474 0.5215371333283739 0.5413386772379549 0.5471138065642321 0.5536070615069746 0.513837224785932 0.5211186240640242 0.527749470552334 0.520915281894292 0.47974261138397667 0.4503654696640565 0.500182130064313 0.5075639732029614 0.43829680067245447 0.38151645309470594 0.39538030246224276 0.40323395807556733 0.3987276680588251 0.3720584375969945 0.3848858765740532 0.34742471340199826 0.3523478471517348 0.3721253478605079 0.340303301823639 0.3745752656662564 0.38959297181614894 0.3786520277803791 0.339312820082846 0.33108213250256713 0.3160853703276412 0.32491541073224145 0.29975300953555856 0.31641105687103543 0.33103332821726084 0.36917993488748935 0.39260723075619175 0.3963308516460731 0.34548935585347085 0.30076665039499473 0.3147048136769714 0.3131870582538037
0.5727743067383688 0.5973542890965289 0.6123989047839126 0.6216534878813356 0.6273267381102676 0.5790856314069547 0.6028933081788456 0.587026715273829 0.593459880732933 0.5604711815138903 0.5361162534905656 0.48086259887397503 0.4829314067125911 0.49964537905617945 0.4606149943368872 0.46150431822236143 0.45053954241741395 0.3930794306633947 0.38768176576449276 0.39806269787058496 0.3994139926822219 0.37996390894496124 0.3800375645242386 0.3678138054424158 0.37849158088065604 0.30778690034463196 0.3045991211416552 0.30811145960042496 0.30345748282779655 0.34207161758938937 0.3289489354638972 0.31275079555459767 0.3213828276061989 0.2865150950201235 0.30689023853591557 0.31869673063645126 0.3398474394304718 0.33320924527120127 0.3315355085749675 0.29542615152562296 0.33189147224528054 0.3194078257917525 0.3653563335553564
0.6348623975963719 0.64781405476304 0.593403591877682 0.6380289072253958 0.6814573510136882 0.6218294535355298 0.5665920237262811 0.5588181545975809 0.6229387667010007 0.6024960408103529 0.5281205911878467 0.4854610145134043 0.5038635573596142 0.4724662419865943 0.46089855121786666 0.4823779121232067 0.4405411249979775 0.42643622172505546 0.4167963616136008 0.37733326337506234 0.4081738932603001 0.39471760146954665 0.41546032646344916 0.34422735352792294 0.33447589603762884 0.31248729213697085 0.2579549546177413 0.256328287841654 0.29186034646641185 0.31137906043727803 0.30613677187423716 0.3048719605197749 0.24939658831728895 0.316665691386382 0.3393369317728581 0.3007980507582001 0.27356846812809454 0.29940670040378703 0.3230964024259877 0.2887469940991724 0.29234236131784247 0.29916123917070925 0.35535128725351
0.6740635347920937 0.6307895206048153 0.603510136449964 0.6149305351665961 0.6035541339037641 0.6060780524183845 0.5897433657375608 0.5947270740304608 0.6127350655044732 0.6118542298125182 0.5884697598582626 0.5306070187021374 0.552388787260332 0.5002653991031657 0.48669886478097596 0.4416547096490957 0.45013498236345717 0.42999179724339853 0.40989681961275487 0.40875765905577705 0.4306810480695797 0.3765963781136183 0.39551252396949627 0.3504731076063782 0.32338230269545687 0.2565064528998024 0.27453464544156736 0.23130002964572088 0.24293799293202406 0.24997842549477045 0.2475773784797292 0.2644061203138754 0.2930220464812875 0.3095684524754247 0.3155895504989714 0.2804378666968169 0.3225412257588463 0.3539135345674021 0.37528494481796393 0.36779695291069553 0.33456723080148787 0.34803659640354456 0.3772217142769561
0.6836789898067315 0.6353654432062144 0.6308995613475108 0.5974608432693339 0.6044369162113773 0.5740238389584019 0.6144236748267506 0.6354940273086525 0.6143409688093249 0.6102702580923721 0.6255584358223398 0.5528633807117452 0.5915517872977584 0.5510663354910663 0.48719259884947114 0.4302330323517344 0.4406562103649559 0.4339319297886486 0.37759099186745354 0.40250340001346485 0.4016792574171462 0.38587687036721635 0.38280402933549657 0.34677576381795633 0.2716511972184029 0.2524765710743476 0.2415145182591238 0.24483328112543778 0.27119460385099775 0.25638884248401844 0.2565993178140103 0.25815507272257193 0.2675108639947353 0.2622922311747459 0.29868815527299086 0.26985856160009253 0.31363611169592026 0.3596877226001141 0.4070197091179388 0.40556618855398907 0.44253322074727525 0.3861124383804303 0.3727536027532475
