Raster_benchmarking/DGGS/continuous/raster-78.asc
NCOLS 100
NROWS 100
XLLCORNER 1743165.561884802
YLLCORNER 5469284.327655963
CELLSIZE 10
NODATA_VALUE -9999
[rows 0 to 18 of 100, columns 0 to 42 of 100]
0.5004007923717437 0.5047642596223432 0.41354433585945893 0.4378257068593659 0.4747590076455869 0.4943491558263998 0.4448346168396837 0.4570339085394441 0.36925159782176015 0.29910852168215124 0.26903548277692846 0.27375475083793943 0.2651136423754916 0.3219967637833394 0.33253989683926655 0.2454025781199295 0.1751739618390009 0.09888775164386446 0.14559964794547514 0.18337090742707854 0.17570400438165212 0.10437714869955933 0.1021089089836173 0.1479983439438376 0.08831902448153929 0.07241981593930619 0.08504686478618617 0.08495005404454607 0.18258717573476807 0.21372794039171805 0.2199492959406153 0.16301199988253176 0.20527316980244856 0.17849267680098485 0.13784150789535482 0.13033985620655172 0.08227634796009414 0.10670882288811259 0.14142822009248565 0.20845027490767454 0.19724785085266083 0.27688594445536474 0.2299524015120623
0.529448017501968 0.48181134077604815 0.4691227624904877 0.42226366287631195 0.46756218751845996 0.5286572406374026 0.4699063837087776 0.47423668883668846 0.40110117159306047 0.31819261682429806 0.2819262050825803 0.3095144661963671 0.2942720895595849 0.2660238972800347 0.31684517092757797 0.2548491297890344 0.16284881128151513 0.13277914007470687 0.19806512841083374 0.15350270599825838 0.16614776374360077 0.1061599448782399 0.1511214273649656 0.10414057080597006 0.1395029073299621 0.1213883059941209 0.09489507539777926 0.1436166292486561 0.1838796360565599 0.15859820403103705 0.22287414086388035 0.25806154657648345 0.2321982635542612 0.24360140870273625 0.21282322902559803 0.15871299029000221 0.0973537466094785 0.1109431616725523 0.18389970729901706 0.2076968996626013 0.2431691204256887 0.19262672916410165 0.20839410358685692
0.5371056711808898 0.5401036222101614 0.5429143636536372 0.4760900394844312 0.5400123919765741 0.5305292854670349 0.511100266684855 0.5148296897643424 0.43245717408241324 0.42287372422781766 0.3414076473892826 0.28327487035202026 0.29774287850574854 0.2824442055983408 0.3089935781957516 0.2964644304756762 0.19422473128699086 0.16665173910733236 0.1476630956400943 0.17802097719126117 0.14747689014355217 0.14172599983823042 0.14415528614386797 0.09044039748458065 0.11152310865090043 0.1438517603466569 0.1019710043953685 0.1451657498965607 0.18627502915624164 0.16682885518535992 0.2020445187482208 0.27942977788544127 0.25520186120490285 0.2531475521398124 0.20856458318572463 0.13105830784190642 0.1504275976813034 0.160643909449235 0.1779188994301237 0.22680447907441673 0.238429990456829 0.18947520349652314 0.22916201521490628
0.5583704121911465 0.5628201759055274 0.5842227487050295 0.543838207222704 0.5442430720756296 0.5037483940307856 0.5109729987579849 0.46513784247635054 0.47025703932414525 0.46249315760623916 0.4248290004139541 0.34941514273782026 0.3259624633797516 0.2784363651319421 0.2638996249555767 0.2976626984498414 0.2707508657365468 0.201563757065953 0.17381718424640044 0.1673251123381241 0.1761353117683691 0.14611539093069115 0.12789085107203765 0.12656652775159485 0.11957769938022335 0.1482904199897676 0.16877556970921379 0.20495851367716392 0.21446784265606553 0.25111861800009 0.2873900656205803 0.2933586971617568 0.2632726279570018 0.1965438622323893 0.17984219438988122 0.17975920435846635 0.17044868048463838 0.17394881014864 0.1124332407635597 0.1008200466504263 0.12478968334136177 0.17317076603674256 0.20159901825378754
0.5243424574606064 0.5859733960909785 0.5801931946075961 0.6007582758053386 0.5576282267438 0.5574829989834365 0.49849011157295037 0.4976305072877559 0.4281346287168922 0.4601054049681042 0.408950616390832 0.39416996928948317 0.3126329756134725 0.21934442295843118 0.21739236199772616 0.2601948862417981 0.3160342731839606 0.2557470271955883 0.20483247923699385 0.1633303908381653 0.17306634025927586 0.1525482311323503 0.12157598215216266 0.11759754313882147 0.1163032390314012 0.22081873073457736 0.23070924153566344 0.18833707744078906 0.23736766079303032 0.2855589392612895 0.2597931694879647 0.30490204713878155 0.262508123679533 0.2602785925384028 0.18233225887699928 0.15073092408059302 0.15791506367877772 0.12975031956728425 0.09039820656087293 0.09283262051051067 0.1356937001469758 0.11651180171121903 0.17865647433067058
0.5741356230142737 0.6306842735092829 0.6261755550863526 0.6080193448046619 0.5693256932801278 0.4597529325054211 0.43891739216558684 0.4770335819739467 0.417019857163587 0.4696578889547099 0.40745559901240413 0.3601294954072362 0.29676311191836324 0.2610259253465516 0.2656597859543075 0.29792611530566476 0.31130921396693706 0.2905795095496748 0.24415337726960867 0.18593931016580797 0.1722949313766629 0.14524770478389185 0.09441759353283839 0.07327144035658162 0.1300936143881808 0.12722277030611384 0.19759722672199148 0.20763874249127467 0.2612597666182947 0.2611473924915505 0.3112913577489201 0.31841693493465156 0.26617687456032063 0.28295255077469156 0.25469786607416833 0.210528320807803 0.15291668956386456 0.16114718967602815 0.09704067106398068 0.10584857589820176 0.07719208798364899 0.09816345728813511 0.12184407312563185
0.6240417727159842 0.5978288977977999 0.5437093729840184 0.5520287628698105 0.5248861377641775 0.43140554496708194 0.4238083452962307 0.38567120368402313 0.4147545891289891 0.4306899794956916 0.3558240223256238 0.34130219767284525 0.3237204609666872 0.332788356116962 0.32774114098551416 0.32848711026568855 0.3081685418912736 0.32692232515698083 0.2760932236363194 0.2449996640283048 0.16878270586391556 0.13738703706560088 0.16632312915151384 0.11184540752169801 0.1408340498377936 0.11311752699088432 0.21385992960790517 0.2530117637467888 0.315574249653584 0.34085175017800445 0.33154395252502467 0.2876556374256338 0.22729881126409754 0.23639042249109 0.22054329935281572 0.2024857802797152 0.18854400784138828 0.16001020662638976 0.11551962564278227 0.07574203235304743 0.0920622912475497 0.045014569556176436 0.13685326479925683
0.6807000840190202 0.6244395369104989 0.5566738400040141 0.5330991332803926 0.5324325860523058 0.4350189636113698 0.37688409247681837 0.35700285305713364 0.3318731759695985 0.33704763569997587 0.3713903086462143 0.331841346849452 0.2694273928323602 0.2838010425054231 0.27481370005573735 0.31018946973458444 0.2846084990542577 0.34568977231790105 0.34502602643826463 0.28624848595288943 0.27475794733476516 0.1776404698105155 0.17124661520269263 0.14539261805640977 0.12130456442858935 0.09301238743439601 0.13662787046565178 0.20569944202549303 0.26290508053633654 0.3322797754297986 0.2985888292843685 0.24881758485782715 0.18404700326892798 0.21107661958282034 0.13554369589404608 0.20598200628370059 0.17397199100200306 0.15654886768410212 0.10899255239826654 0.047847247951529615 0.0423895030353691 0.08667392243521727 0.09661810779825165
0.6485251444986708 0.6632893842095428 0.5853482631788403 0.5707265993820194 0.5152800751514816 0.4393223828876768 0.40720556771044963 0.336260250920057 0.2840380266146991 0.29758780911370075 0.25256441147551795 0.25344596849218626 0.29849452520026765 0.2615747872971394 0.271315812789848 0.2813971151162029 0.30946818299677137 0.30521519343340625 0.36035145449719114 0.3393726269954556 0.3137222981784283 0.2363331113943236 0.2115068004009042 0.18630663921390547 0.09962714261521097 0.07613724725944132 0.15479647624811532 0.1840259119816365 0.2259639769569587 0.260929906855572 0.22749065498847154 0.15322916937434378 0.17127817557953776 0.11801104794660804 0.14528908219817685 0.13991174453954644 0.14539599164502098 0.19007791494688886 0.09487293986051828 0.024170219382712202 0.0 0.034261881866487945 0.08303728906699492
0.5942353294246854 0.5825483908286844 0.5825139253487163 0.5560995208034633 0.4920089573281964 0.45836626381252554 0.3759622093589868 0.3523649919403178 0.2796265375310242 0.29037855006947216 0.23873230957463512 0.24266241706044686 0.24048202523356807 0.2354254369744748 0.2965935243538945 0.27347188776855386 0.3280247251259329 0.35387055476387813 0.37713503011606264 0.298111779104395 0.280283125743003 0.21749534411721863 0.15289706677723439 0.19834912890557074 0.15471824391735148 0.11658762243383973 0.08541522150984229 0.20883241678604983 0.2615708410086066 0.27345471093684887 0.2503000586491665 0.1590763462841155 0.110120845324954 0.09611963991484296 0.1352360087281548 0.14312995731803624 0.17908676452266195 0.17201078992425622 0.07820306356478915 0.0633561089538899 0.06834714180260189 0.09862698991027265 0.09950228947672485
0.5834440812128959 0.51576213194359 0.5504421126572352 0.4749956014335417 0.45449887913741 0.4474188662638343 0.3390960724545986 0.2987076408237273 0.2993526520044485 0.34188862499430345 0.31506228861939023 0.21255081649876842 0.20359414233112436 0.20497299530894542 0.28454386834354184 0.3319104212616874 0.3784188845734287 0.3853669911800917 0.3240451760709224 0.32089343903680867 0.25913035653442207 0.20592934033954347 0.2111054799383293 0.13034202558185806 0.09225670280144162 0.0652637922999446 0.15786528139000716 0.17715328261129942 0.2366620190714347 0.2644637371834839 0.1968875529876724 0.17961733626989487 0.1863008192616914 0.13732377706762028 0.14283228487667307 0.1352942446036936 0.13460160076048336 0.16208839888446072 0.1512937915104929 0.08327755345787761 0.12063375621273992 0.05679373932839161 0.09737927883537253
0.5084034058869256 0.44764982961072064 0.459465921218249 0.461877619665017 0.4624592321268257 0.4231199756509833 0.3593807962411595 0.35480650468603825 0.2922000008790545 0.33532678091388374 0.3216047260538683 0.29230641774547167 0.2237033195331839 0.22979842226680242 0.295886057494085 0.3579760481873251 0.3265959868574335 0.33327368085119935 0.2954663954866516 0.2803866728119075 0.28297192266372423 0.1970571680567705 0.18773460263588088 0.16936906135506136 0.12475602840623479 0.12789004857555075 0.15760282167823328 0.19492252535736787 0.23401465422934964 0.26574636775834354 0.2188986364854088 0.1650296638432471 0.1586694503236865 0.09879740369985109 0.13132543139188402 0.13868971705537853 0.14491477846148332 0.1274535323860116 0.12103890529631343 0.06551315382187019 0.10764245847731953 0.06468356864204293 0.13794558088005318
0.5492989106186308 0.4609893962056648 0.4271340533636951 0.4671763359946591 0.47349542841207976 0.4451532300235667 0.3795655538783534 0.3042267116758833 0.32274825314966193 0.2795152996280613 0.30347268752444223 0.2909601237847534 0.3231793430555626 0.3006599581505947 0.35196712745683806 0.3709219131704774 0.3358615444052485 0.3572374480380066 0.33679254747114695 0.24042970529191476 0.20744517563575313 0.19465452378269305 0.216707481849322 0.15779732587835307 0.10290305431769756 0.0709484223615427 0.1306011953026619 0.16435487659622228 0.23359360396855214 0.27272672792791675 0.17324143179267235 0.1179799680470132 0.1463361275195037 0.10486029368890383 0.1336364042088179 0.09333886751228555 0.1441930149615931 0.15087874978590524 0.11732434895441139 0.08892868878630743 0.06890314121279646 0.11543583068607526 0.17393844796990893
0.5447061173627152 0.4444290895942267 0.4457354956092801 0.4452926268321593 0.4122551888404575 0.4399597642937378 0.400717597245669 0.3649292400112283 0.3381306596698787 0.2759896420135507 0.29142633524059286 0.3111614488854669 0.388892200045802 0.4037105314974079 0.35337032235433247 0.41439281862074423 0.40921170299421517 0.36667870005063086 0.3205284568160678 0.27979647228603716 0.24949661494431918 0.2617463895143151 0.23165356663823636 0.1828186782347454 0.16258781626066804 0.16401370270739105 0.1979548730520919 0.24096212630699912 0.25788964617257104 0.2538807876377999 0.23415016706936265 0.1240270341741512 0.12065290494572668 0.12370816299580326 0.12729417653480612 0.14959388173320962 0.1166033536972303 0.10652028350335839 0.12241907870391304 0.1425395397588726 0.10296001580347795 0.12074585865892815 0.13319295776375928
0.47088284648913326 0.46664400396380545 0.39862919834092964 0.4158923682062483 0.38075453942609716 0.33397652400316374 0.33657674227145334 0.3895955811153096 0.3118956964750936 0.2923926818459991 0.2879644233899114 0.37305272744745793 0.3928328444971391 0.4374656356695556 0.41119103778882515 0.3981272200521236 0.47794930020087034 0.4514375001327459 0.34138375847639435 0.2647685872855747 0.293095987357854 0.2434260325752353 0.22094348496450003 0.24126754766785996 0.19847799844076336 0.18514714202277774 0.24387052808649762 0.23847375061390833 0.23704516084710933 0.28723958366695856 0.20808662664270727 0.15257197916919096 0.11786524526788442 0.07218579270151358 0.06256876805835687 0.10190162232728127 0.15975551301634844 0.1431903406948943 0.1321315330389177 0.21299103375442913 0.16371836016507907 0.10542166406583157 0.11382420916290972
0.4664537320963224 0.43734378843730354 0.3959687782105567 0.40186349223368045 0.37518631466825697 0.32917917809168074 0.33267649088546425 0.33903524008190106 0.367511496225959 0.37225207660223386 0.36596282201788527 0.4134657113240742 0.4081231979853597 0.45414462763940894 0.4843875710576817 0.4221270893929712 0.48519445718150883 0.46667456297546456 0.3952913986012042 0.29757400298523307 0.2834435532967727 0.24435441990967144 0.2073919601256752 0.25724516719462526 0.21365912031915665 0.1925059128700044 0.23208122970068837 0.23968570441964415 0.21792042014230856 0.25213815472853146 0.20044363372579704 0.1768064055875198 0.1255351302892939 0.09231030642837058 0.09484097064071999 0.1242291218541121 0.16896021063465827 0.1584030532040806 0.21094400052815912 0.20005804874544872 0.22708576694398203 0.1554934054962386 0.15176299065376242
0.49078754358046844 0.4294668898295681 0.3948752791190802 0.35830867537450745 0.3930667643834048 0.3200282560599881 0.3198862159990624 0.4223351539353112 0.38462504541412296 0.3952395772671988 0.42039654275518545 0.4812679855084475 0.4344219084046733 0.5129049982875971 0.49644071899939324 0.4841529812005489 0.49599524761443153 0.5145718350492865 0.41275304680562885 0.3829570595053122 0.3359311842230929 0.25679339923550076 0.18978658542092067 0.20641574151670244 0.22025540083757653 0.26553233695411294 0.2872564157182524 0.23519118249176343 0.22704004558719582 0.2264601436997623 0.20200262122368665 0.2256896480057684 0.18031564273204112 0.18802000969376312 0.11261174054284254 0.12926907982705765 0.19138815602368434 0.154712083219824 0.22704857465933473 0.2651233078393139 0.21064797727163717 0.19946982881052824 0.1506922466488596
0.4184994599392498 0.43283293282364127 0.3849031415676207 0.398728508475503 0.37494986222307713 0.42391506826749387 0.3753138452105171 0.40824832871115396 0.39208670923821276 0.391414293784442 0.4105049725863699 0.501735419303827 0.4879499559088472 0.5519907427709306 0.5396872272221702 0.5041043628189229 0.5097555242989213 0.49821669942222224 0.4617870326325048 0.37149446832059296 0.2935875044682383 0.2440855446279803 0.2508013922347849 0.21518292900423272 0.27122992866219875 0.2391557862509105 0.2711153096136907 0.2424336922157842 0.2458234855094416 0.28428434557323107 0.2873460309306251 0.24711162235744913 0.30019258812214444 0.2729047789764743 0.18415091867649963 0.17249353700929546 0.22861270148304672 0.24064854545152217 0.2349755603206212 0.2714057640188736 0.2405222588966431 0.22243922070209401 0.17160596725882707
0.43168537834076626 0.41030818125615665 0.46377463347061904 0.48321328723628726 0.41322115487301786 0.4564596029059558 0.42384819722506384 0.39747065291062256 0.3689543755968397 0.4164100624920556 0.4082855726576591 0.4575232732889402 0.49937116218637717 0.5320615227739538 0.5291490352528142 0.470343139873103 0.48473520153764527 0.4416724173491536 0.46977858053125965 0.42291655577291704 0.36602417721015235 0.26055503074161185 0.21619720912283338 0.24803546576506125 0.24680933417157858 0.232660036100753 0.2337771760433426 0.19092445600199778 0.21013353542133062 0.2522524911730407 0.2563690361630883 0.28816106653857554 0.307906526879633 0.3276130231048396 0.27749337981346883 0.23013000891234436 0.2836358318305989 0.2582454292967292 0.2382488108174752 0.22045280447036347 0.21872691832470448 0.24481803737644206 0.16004120343948763
