Raster_benchmarking/DGGS/continuous/raster-111.asc
NCOLS 100
NROWS 100
XLLCORNER 1743154.89162572
YLLCORNER 5469278.196077875
CELLSIZE 10
NODATA_VALUE -9999
[rows 38 to 56 of 100, columns 43 to 85 of 100]
0.4810203970083834 0.4999443510514695 0.5175475202599661 0.5379515867077774 0.5689833995725601 0.5554727105310425 0.5628566858215719 0.5719633719698036 0.5831986471938445 0.5786008392671803 0.5989416771270466 0.5854953962996785 0.5870507489495634 0.6274242768329528 0.6572394939102009 0.6555431648758626 0.6630411585360473 0.6598618408832096 0.6815712861830809 0.6729879939769544 0.7017723586938088 0.714412283181083 0.7200252114939354 0.7709691632974343 0.7866209415142957 0.7592149905298 0.7742725798131384 0.7951507865952451 0.8341171137197487 0.8334311040220043 0.8262520094421693 0.8029511497263055 0.7402168566542773 0.7717732648090058 0.7990291699076747 0.862065144326434 0.8424765206167408 0.8152558316155952 0.7810581340608271 0.7624246422824256 0.740529011135132 0.7261819736204184 0.7562672712793622
0.5359344963618119 0.5236803897210525 0.5194697060219953 0.5479225117928602 0.5488254254929346 0.5550722069951999 0.5325684850537131 0.5335897531868722 0.5329227987114338 0.5637804183794675 0.6043877567675409 0.6089940645050324 0.673851862068011 0.6818279503050062 0.6911758566199616 0.7062949379595296 0.694604255422877 0.7096881528925253 0.6936922329479066 0.6794651895079437 0.7348410047527666 0.7176664635387113 0.7616528904527956 0.7867713511992089 0.7941231940935958 0.7976492448693769 0.7988557163524201 0.8034792875344173 0.7807167187466875 0.7725908451473134 0.801123537092363 0.803585480057867 0.7567594220100132 0.7661886676383514 0.8389860399918765 0.8178061937811071 0.8057370042686594 0.8206974153019342 0.786870955454148 0.7609830731419528 0.7835932940878322 0.7301449534881471 0.7543995392948095
0.5422357281138547 0.5467810621193935 0.5466627738663777 0.49887427824452785 0.5301776322256845 0.5384667884935902 0.566374733457013 0.5546580633848432 0.5587369727458441 0.5788882613898816 0.6314005905816495 0.6484645941131161 0.6772744085849435 0.68878379302177 0.7161992364746357 0.7496447975544183 0.7331792512720446 0.7258532123637887 0.6881181139099258 0.6886565150790125 0.7181591414678807 0.7145217802433356 0.736770602731386 0.7683992247807149 0.7626631369202951 0.7677619302088399 0.8034455309621211 0.7935543946926517 0.787130844452698 0.7710402389959403 0.7897791170303167 0.7809482252691707 0.7671954079368375 0.7807540700098378 0.830938436308972 0.8159538505730023 0.8247882226434675 0.7689720122401853 0.7497015855969982 0.7549672213506837 0.7645006001856108 0.7195513024231571 0.7163141349953265
0.5349969554275934 0.5409484943893678 0.5107185423854842 0.5381049975496507 0.48463561631902585 0.5302790201414379 0.5456022988567061 0.57801192049965 0.5502563025280517 0.6001770618947196 0.5932051584019962 0.6304809074145774 0.7038437616431695 0.7136745284721657 0.7601442155053586 0.7593531096102769 0.7418876798703358 0.6914242692963226 0.667202299823244 0.6611082556428751 0.684432149298399 0.7128835862897261 0.7333592686261892 0.77204512550824 0.7768423909292088 0.7896282479373015 0.7957698721590949 0.7789528995679443 0.7362324960323635 0.7353098776941783 0.7838279560807915 0.7678609762643333 0.7589963923756067 0.7734656772071835 0.7941904283757206 0.8144827012963425 0.8164423660194794 0.7448369966395787 0.7423258629643532 0.7386175009462329 0.7017468625816125 0.728821035290689 0.6975755021564699
0.526306123963873 0.5524125308121041 0.5342646783267652 0.5513393350938453 0.5304314460506833 0.5607825796580747 0.6038212176455265 0.6025349778791579 0.6055108148506085 0.5822619447913645 0.5889133099621624 0.6358007941178387 0.6691215248678005 0.726935386958111 0.7372570579332468 0.7553910010065984 0.7445122069705564 0.7134637582953891 0.670263184275074 0.6709345293352071 0.67173091721589 0.7085419264199575 0.7519241928423642 0.7498012876427158 0.755921569051528 0.7799001891197263 0.8195829452708258 0.7944355880130631 0.7729992680482133 0.7362219609114931 0.8056827209503226 0.8018318781103307 0.7862859774189646 0.764445114577365 0.7982818351738278 0.7690639889459133 0.7829090579604161 0.7495287666084971 0.7059099398968658 0.6923061861018798 0.6882353116240786 0.687475539694069 0.6912519370729173
0.5389100374778116 0.5529354873301215 0.5744281885889728 0.5473027894830721 0.5744538783496682 0.6017117669124828 0.5966926261074813 0.646995985547878 0.6562951567495643 0.6435680492194548 0.6144920630116939 0.6491072702157312 0.6428198404424081 0.7065679853151359 0.7196838424095721 0.7034237245921544 0.7096235149899076 0.6951304747881752 0.7242773148377009 0.7160262131031562 0.707606321315642 0.7688509716325248 0.7915757433927775 0.7561199551240613 0.7589445560418627 0.8114643186578943 0.8012074078678723 0.7758232347368391 0.7405903942356563 0.7694837043417451 0.7936215735725994 0.7892758645850011 0.7669436686885407 0.7490145840814975 0.7766363040653481 0.7550093816506952 0.7375126818317197 0.6920617154248947 0.6967411250784409 0.7106764745447257 0.6820653990582282 0.7187102873054328 0.7048454143570311
0.5823034447217607 0.5894585226325806 0.5984281554488373 0.5586893451455881 0.5550843570432776 0.5912758714227786 0.5858569323739573 0.6274716048338721 0.6577078758043048 0.636917548617954 0.6421102359254474 0.6351551399451674 0.6591907957241602 0.6530734572273608 0.7073623508038518 0.6793340557999986 0.6832775171850872 0.6968958941787993 0.7170902454293019 0.7293742179072992 0.7426524734824834 0.7627181662830796 0.7797333920082986 0.7910992992765796 0.790417482117049 0.7989544849313429 0.8144141392520039 0.799943913247724 0.7528964247008151 0.7877220936232626 0.7884358251298049 0.786668039276818 0.7379458003845677 0.7530852763166442 0.7744868799279473 0.7210632198202506 0.7087212648821358 0.6896860538518594 0.6972043728331812 0.6999994957346051 0.6769793911279594 0.6905783668849016 0.6851514213682192
0.5789274045769979 0.6020293120292707 0.5926298306391548 0.5789186221873299 0.5750469775941981 0.5831982400885171 0.6065967312882677 0.6198562716924974 0.6800348182116075 0.6538396276700476 0.6961156680765471 0.6537758492476954 0.6771841848982627 0.6407216576673782 0.6820398614908101 0.6680480475875529 0.6933171869588922 0.7129434652634555 0.7205329578889218 0.6998584420614806 0.7384083331728021 0.7455597536157317 0.7960598947692811 0.780713256935581 0.8313298142885435 0.7958909341229589 0.800222364097172 0.8049136575450246 0.7935563030220711 0.8187500303310401 0.7722884146932197 0.7765035625493872 0.7408552874471975 0.7462753528091526 0.7404839308425267 0.7038201788658709 0.684906986359591 0.7016153475596049 0.7400314295543164 0.7269332951674689 0.7349534606104161 0.6995725225359398 0.7010763896994249
0.5840357188250296 0.5727949666368484 0.5890848815695697 0.5930427727059291 0.5647975176326337 0.5672044400474459 0.6003250171836666 0.6527936263820775 0.6573122169269489 0.694862163344621 0.6925153459481418 0.6728783874549303 0.6810697048031611 0.6578371739417223 0.6521609070285459 0.6526296386030039 0.6778682955527195 0.6665570018105598 0.7191912145952355 0.7112951460675964 0.7494871270940098 0.7649251384652417 0.8105315407387573 0.8075175810061533 0.8012197845572994 0.834377679607041 0.8383434443614226 0.8091833061948728 0.8201726845498504 0.8112264079833511 0.7797041798887008 0.7623296995963859 0.7508631996302102 0.7357687793054233 0.6940902498455365 0.7054488677977993 0.6945221156454138 0.750633655924549 0.7199678333748672 0.7212222483615323 0.7024306566135899 0.7078280634983385 0.679406610564847
0.597145717471749 0.575517983576763 0.5587988659401829 0.5495977099379442 0.567077856535711 0.5768903390953244 0.6098960629788733 0.6655472180518516 0.6825337374367234 0.6835489632464784 0.6789722397560792 0.6713296558905143 0.6879305138521472 0.6816348929213509 0.6229435675608542 0.6124694822465754 0.6318654771203772 0.6828472308081537 0.7186894683332077 0.7275379493108117 0.7382399029221455 0.7637974699784893 0.7763674243763508 0.8045933212183528 0.7800190673098915 0.8050045022168288 0.8211112075335936 0.7934143403670116 0.8327927932071593 0.8146767797461838 0.7895914044318499 0.7614658050946258 0.6973659536481573 0.6755404051487612 0.6634641681619295 0.7237449167979751 0.7374094927917804 0.7275794298342272 0.7584740034398658 0.7478079277956874 0.7133447037150058 0.6796243663194247 0.6506984314083863
0.5660514627055175 0.5493907769906343 0.5231682084349177 0.5388677116940872 0.5638653808031285 0.5914250821387411 0.6307584080323024 0.6382516236555422 0.6705541767415889 0.6385393140024901 0.6769722290011474 0.6829525513899444 0.666714373581593 0.6480076963156827 0.6252739375352584 0.5948228836239967 0.6358829573042609 0.6452544621627598 0.7077534217909369 0.6971446156062513 0.6931356175247612 0.723310909782221 0.7202223286094762 0.7465416988733818 0.763473548431161 0.7999754992211905 0.8173786108643735 0.8183251361551718 0.8323875027059664 0.785008581275291 0.7692486427989412 0.735723069143008 0.674929136002721 0.6683802025439999 0.7187273894874464 0.7135829740171048 0.7314583697864904 0.7298168893782906 0.7649002314544869 0.7482498118024697 0.7323715677966361 0.6905956548764731 0.6487794181156353
0.5389730590579457 0.5434914637676 0.5229910156368408 0.5688018479798854 0.6094396416153364 0.6296584034053532 0.604969361748874 0.6508009167605795 0.6407457786395037 0.6412143904358693 0.6615388137643924 0.6721312801550343 0.6803540924388879 0.6668435697183326 0.6338252717980559 0.6081395438099455 0.5991557874665199 0.6093641294874067 0.6654141293767272 0.6525911481006492 0.6704226690257101 0.7049769865736731 0.73896907396439 0.7550167391827232 0.7787512441652633 0.792786127167571 0.773937313894243 0.7808028457446534 0.8125006753228595 0.7508581304545903 0.7228983012340373 0.6994163811408906 0.6748070868841903 0.7050129999497826 0.7346640075087625 0.7483531470610856 0.7175397472365023 0.7165946811996605 0.7357712531267285 0.735367280492134 0.7335294467238745 0.7188703947113616 0.6667477872015634
0.5713989796186133 0.5603706540141979 0.5485170206923288 0.59871047906082 0.6018699812161225 0.6329934007523489 0.6322648110113736 0.6215542706358541 0.6280609535899614 0.6028330295529165 0.6029869213091267 0.6410960740705056 0.6293419650675782 0.6247718295518208 0.5848455622802273 0.5541908159385419 0.5680529275194638 0.5962092070132552 0.6558758572310549 0.652448172352401 0.7057095432346496 0.7249510778730885 0.7800505724203717 0.792113892580249 0.7732110156122753 0.8081013194912395 0.8147025903680128 0.7885674924003733 0.7839441478304552 0.7518468206294618 0.7297261720682832 0.7163505969686788 0.7306868813451476 0.7176084748078874 0.7401456879741073 0.7354105852960098 0.7602137574918362 0.7698333214121693 0.7385164384755695 0.7504407607230785 0.7264882700908163 0.7218845570668735 0.6563733222828605
0.5499624869123265 0.5642753935223885 0.5605570036556918 0.5871658077091341 0.6325584385438217 0.6298327997638735 0.6445834324354137 0.6381646216129382 0.6331051095671576 0.6274927265192545 0.5738858272630425 0.5602731418666264 0.5433364687569706 0.5708603396723326 0.5480385718141517 0.5322034234558026 0.5351591116535667 0.5890202187828522 0.6319272256210313 0.6635700649662255 0.685097016727589 0.712537665823852 0.7837666399034878 0.7746114166737227 0.8141718712365394 0.8312630684528047 0.794151734132301 0.7891782782621597 0.7266230127404572 0.7406985607208881 0.7399209632493479 0.7126614585506688 0.7194304823832676 0.7044013329964498 0.7156515078503786 0.7748334455611116 0.7687436177246083 0.7588642582157665 0.7540690467817888 0.7233797576739807 0.7325002348331052 0.7255242919532013 0.6610107740939116
0.53455799983733 0.5386991747107737 0.5372564722268949 0.5905667977029228 0.589093201647101 0.5989380751304435 0.6319225309827987 0.6219860192907383 0.6211021242227187 0.593381465389728 0.588923856596389 0.5445727907233014 0.5663896065810777 0.5579003767666042 0.5445696197180102 0.5274182032495256 0.5397233670157582 0.5705740923555762 0.6422414893206404 0.6624573815599395 0.6767995681531652 0.7510541172522864 0.7576781163769313 0.7935809252131937 0.8096813666070414 0.8099562770601502 0.7977345754679015 0.7565307966256989 0.7342262309351771 0.7257790247794268 0.724983767936597 0.7115749329355648 0.716596027304226 0.7111167690113587 0.734048532699292 0.7752863515303148 0.7681759854922853 0.7655180769468334 0.7503332733672018 0.7289114856028058 0.7378322851517605 0.6991160363021006 0.6765313232071161
0.5694653871974977 0.560957870040456 0.5509286775024508 0.5858095877847717 0.5586976983232976 0.6040019375993017 0.5758287607911443 0.6215106069937135 0.6114609862616665 0.600188015993735 0.5666363189518864 0.5323234823378181 0.5405419846578535 0.544528256361709 0.5123058629870677 0.5338321109722686 0.5445178853855449 0.6165488812134016 0.6552110323079224 0.6702600392018286 0.7117027776883265 0.7669609865251863 0.7650899770870976 0.773898275318233 0.8136159297362422 0.7917301391084701 0.7495979104881213 0.7649490271527717 0.7411226204849725 0.7322142201427911 0.7254187077158218 0.7621482309114683 0.7645125125947057 0.7174123474792914 0.736949835449257 0.7848063228247683 0.7953219132853043 0.7583576133470579 0.7301651706664913 0.7129659706423307 0.6942688741009574 0.6860306044330263 0.6352661658948122
0.5997359594897191 0.5912974366183047 0.5527253975348999 0.5582929147756973 0.5961926230537694 0.575232080585335 0.5850334831797009 0.6323559040956056 0.6012095398744235 0.6032487599255317 0.580758825936487 0.5828417159885237 0.5342034290927021 0.5228524428273972 0.5449889965900252 0.5728897597746078 0.6040544570218751 0.6117110050600704 0.6693616413857159 0.6659271768986778 0.7014675808260527 0.7348466914249911 0.7813469492117515 0.8161626456021651 0.795900083827095 0.8100344038589082 0.7657154438545317 0.7939902181655151 0.7986940459569468 0.7705899950387292 0.7624975608147988 0.7840684024042992 0.7970616441841184 0.7625856625371648 0.7670035032616761 0.7895514209901511 0.782143773798432 0.768117016184493 0.7388220549956854 0.7023666355745869 0.6734325964756155 0.6577434084641939 0.6770431385743736
0.5904459142357216 0.5864497993001495 0.5874396246449165 0.5726208720311683 0.6064110627950379 0.5971960943797541 0.6389743434458286 0.6216841791859897 0.6141837158196105 0.6128791414955429 0.5573184702507791 0.5921843213030883 0.6018092593029126 0.5354132851174561 0.5415230840141171 0.5465913853992631 0.5880939952108686 0.5997636306084213 0.6486858561669553 0.6801456583598872 0.734951751076611 0.760145679966766 0.7810317640145964 0.778605332859441 0.7958738863265149 0.7772074102965463 0.7852382896268658 0.7755813019891128 0.8016698079922789 0.7735803349065675 0.7727303422606581 0.7991323044055418 0.7702763493994906 0.7505048604892833 0.768428708873644 0.7421285829486198 0.7614931348240281 0.7554078084408477 0.6956382374549295 0.698711617499456 0.710421921559545 0.6634016476079095 0.6853415538353816
0.6090809770450152 0.6054398779749118 0.5951856858943466 0.5738118647715361 0.586061064290633 0.5841414485994423 0.6312756921924702 0.60303661488968 0.5918494352836101 0.6187043830578083 0.5837417037710614 0.5902784269313784 0.6043652556600285 0.5725372129843689 0.5580390552043495 0.5536577111368245 0.5995098750462612 0.5947348774356668 0.61027332537403 0.673853617572233 0.7036332092331555 0.7489365298591787 0.7793936488360935 0.7555928107657655 0.7571590560853807 0.7531174525245917 0.7748062424941144 0.76316056707287 0.768654244701117 0.7921062427797667 0.7899213472088236 0.7675753894885107 0.710582227506591 0.7341859868837626 0.7522710118917281 0.7464700310348277 0.7292698521434618 0.7318949755028866 0.7162126033168479 0.7077959239088648 0.7135990098431501 0.6424403586331322 0.6438899673604073
