Raster_benchmarking/DGGS/continuous/raster-15.asc
NCOLS 100
NROWS 100
XLLCORNER 1743164.1510541842
YLLCORNER 5469280.566660364
CELLSIZE 10
NODATA_VALUE -9999
[rows 57 to 75 of 100, columns 0 to 42 of 100]
0.6397132792431135 0.5947861824285521 0.5804911095527313 0.5369048230653821 0.5409084099723207 0.47903201297003994 0.4469915003039831 0.40324279670547664 0.4202108111080098 0.4292020814699259 0.37959258942562374 0.40328846219863196 0.369510766493535 0.39886515854329374 0.3439145645011059 0.32542683789027543 0.3543159239377825 0.39020404301313955 0.4143143124349207 0.408781811193191 0.4075905104415189 0.4443209169912325 0.3802356709013302 0.4201906143515055 0.36295529228993784 0.33646472182149934 0.3386324276064599 0.31949095448037196 0.3504851396716236 0.35194846987155487 0.3050591843349644 0.2804330808480355 0.2556683949617989 0.26435184716085586 0.2608944918508158 0.2760968306097544 0.31648336766424 0.30905278230516936 0.29028947048652287 0.25428963404081767 0.21689966674315753 0.23486123388182645 0.24893999646083673
0.6467041728696997 0.6121339784372413 0.5459015069208425 0.5026368295877192 0.4718694676113775 0.4258848389068077 0.4034470465837415 0.3880496797247206 0.4241939868858933 0.4081600165022542 0.35197837199965515 0.3717815765533447 0.3155937302846066 0.3099009523804768 0.30998726689886924 0.32764926418259227 0.33093501115549917 0.3686578031939719 0.423091603940795 0.4275381033631966 0.4464007491138368 0.40780063796543253 0.3703276439912231 0.3793300978515086 0.3545145968677788 0.3676272710495687 0.3242415482517714 0.29730216702212037 0.32098048801542495 0.3101325449266337 0.2758292068754858 0.2925566675510933 0.28613305130836825 0.23366276388564625 0.289782973123182 0.2998224361577311 0.33231323925013273 0.32077643739510797 0.2592284493896609 0.3036512835999546 0.22507882772247537 0.2126992558618077 0.2208970224316972
0.619719030695906 0.6187313471671602 0.5624646290674403 0.5009750968945027 0.45969116782024527 0.4315036620045402 0.40590086504277634 0.38166437396711195 0.37820497547957166 0.3816750177500026 0.38126798978599036 0.3677240284645436 0.3037831143257914 0.33301239563838736 0.33317066435796044 0.3084764320884134 0.315842827101124 0.3475036874020014 0.3574875991743191 0.4172661484646004 0.4066398897270501 0.40597382983742275 0.34166844621849124 0.379200882757265 0.3776519669899583 0.34293199166745364 0.34600057459812666 0.3027642163228771 0.2984093946142176 0.30234440045088123 0.299345742217421 0.24619389680076573 0.24191218396485703 0.23858277474201134 0.27629645865755675 0.30731483484338884 0.3294788321936595 0.3122912336231886 0.2604232855901309 0.2829416275152105 0.2612897143006836 0.20974433026796058 0.16132902184337725
0.5894014206486735 0.5695992377189539 0.48981450121827247 0.4698780739251545 0.45080458187090566 0.4474143063373192 0.43221899912396244 0.42061018069831907 0.39925012921686187 0.3456807794923244 0.3377240469087364 0.31812167968790867 0.32844314113245116 0.30798192429026394 0.3010296869572382 0.33628440474949195 0.34383987440164654 0.3665941378052685 0.3851534599809111 0.3974463286369637 0.40936621420249436 0.3901089792180438 0.36354279253320143 0.3226737882870644 0.359114014592785 0.3748877440408794 0.33144012947869017 0.3463073539154116 0.30339472866500894 0.26696542295350484 0.24251202932033042 0.20786109228012095 0.2252396816233858 0.2969462326028246 0.2921989476356824 0.292693860825021 0.3049858176051738 0.33095188315064933 0.28583149272881325 0.21548609859583456 0.2432922900222857 0.17886879115155316 0.1224058335235451
0.5275804184726605 0.5148051763159954 0.4719729857793302 0.44780160049643336 0.4557620017013836 0.4392287618904546 0.42890412389540744 0.4271948590423435 0.3594520425524995 0.3621926305228058 0.313600870401792 0.31770642506429353 0.3164369602296923 0.2576923583176577 0.280298870061229 0.2905234657418905 0.30339129320361363 0.35233561738647157 0.38169838711892484 0.3746678898112629 0.40457159281065186 0.36540377111603917 0.36225315421536425 0.3216443996028431 0.29912099218380533 0.3134861587192671 0.2829780071080348 0.31618373660466137 0.29678739611696914 0.23917558962959193 0.24365863982316233 0.25252900379258975 0.23661080698746212 0.25955993661187604 0.24610133584954894 0.28430492696829335 0.29636344569268175 0.24840190610251367 0.23164347230802965 0.22215861602269796 0.21755175246534897 0.18719190306208133 0.139891814876049
0.5227289823247757 0.4369692238881016 0.4616059168201634 0.45594711534583077 0.4412696699281362 0.4232373751997813 0.41509283465971974 0.36169779873829533 0.34711930911644245 0.38167558359002585 0.3486500253724346 0.33784730789415524 0.3178762193628971 0.2642071182539541 0.24818687573389 0.27755646722829386 0.2889196856100926 0.3187517641490596 0.3327614432578166 0.3408392771512123 0.3227243117576076 0.363169780349114 0.35429217281056913 0.28485978756470315 0.2927413458293636 0.27467556775016577 0.22909164983819533 0.26862100822101675 0.24279628750527066 0.22236061768382714 0.21256130309937354 0.24423367840600937 0.2743539391509992 0.23245671508882182 0.21525763487238886 0.22135785669269456 0.23873609157116943 0.2688719530872087 0.2272355992312006 0.18839982107614237 0.16353015789197348 0.19889388358357565 0.15648703649164752
0.5034908324522228 0.46641895062069083 0.47652554253789886 0.4223456267624928 0.42083832324155096 0.44037005239436033 0.4092653746410801 0.4151875237168249 0.4074624512597852 0.35564443057677647 0.3414189604111417 0.30253810046424506 0.2809153500916677 0.3057786131222771 0.3035974743666021 0.2899383711064323 0.33408790452006515 0.3304234203679755 0.28746433698023655 0.28575605780284385 0.30065520587233907 0.272115990646065 0.30086572729397465 0.2630042352042294 0.27025036333534813 0.20506913197745882 0.20730124675664702 0.23240365344421768 0.22388989777531146 0.2302589328579119 0.19803764460198786 0.24373353425835456 0.25920784015646287 0.25615289913600514 0.1946050298961273 0.2425785971492209 0.2278425704186078 0.26529937249280555 0.265345514109223 0.22381071486359186 0.16992900987384865 0.2091323884069905 0.17175753400236193
0.522667742125011 0.4742564174415172 0.4368601669566028 0.4457845868618019 0.3939295659414056 0.37327981092686496 0.4104559237595674 0.38751480584411024 0.36875517523216084 0.38291868568477744 0.3293554031046656 0.3306899157606763 0.323729629541274 0.2728712957968829 0.2887693867641858 0.32924437180496885 0.3257650171239823 0.2720339203923055 0.2993436776076231 0.29526256513871113 0.2858618477950711 0.2397427644613364 0.2304865190804469 0.31031045049489264 0.21942749249397583 0.191419111218114 0.18952301225016924 0.1664166150102155 0.1595710397354036 0.15120977506263839 0.2184609973241431 0.2428886348034216 0.2352389359484168 0.2090314490572768 0.21704768659683354 0.23074270605140487 0.23780576104547937 0.2554242154944066 0.2651779183422657 0.21413956034175846 0.22334965050972763 0.21302786740849963 0.12678996885794364
0.4452609382546204 0.4749968463197287 0.469543150759051 0.4308868272879021 0.4251603530366199 0.39545425269150836 0.3373080138672138 0.3421680412021431 0.3478828846325998 0.2935695735714042 0.3187363249535541 0.30621752417373194 0.30011980789401793 0.2512389110360055 0.2693234011348888 0.2597752377515994 0.31936538978530116 0.2945315438022537 0.24456121669497077 0.23505825300771904 0.2107579802512236 0.21710383492352653 0.20550470148124797 0.21904787104903084 0.2346307082465833 0.21040858866457074 0.14997398096519007 0.1340202780673962 0.12930767768365536 0.18372063233238584 0.1883770368796452 0.20586223546125584 0.24643181828245228 0.20111778171864028 0.23031560647751156 0.21560094263948115 0.17150430488993848 0.20155262811609762 0.21363991511784555 0.17017846612085016 0.19546670188984058 0.16026401910765553 0.17434379622652144
0.43394771837257623 0.4229593503322627 0.4160405902394312 0.42385597615518317 0.3991351986550021 0.3435588381158478 0.3083160324737372 0.33968883352222506 0.2742438906584958 0.260167863998396 0.2504564548297969 0.29421996897717567 0.25694690955328076 0.285477980614266 0.2276901747487684 0.2469028597739517 0.3231568003783133 0.32549077677890553 0.2617394030981097 0.21895976546847037 0.20872938298894328 0.16426859105590338 0.17899027189801364 0.23480396694137828 0.20841331656611523 0.23845794678121363 0.14870898542124614 0.14183578232825808 0.11714283540518097 0.14728096326616907 0.2053508616700123 0.23461139933894612 0.20077534965962052 0.20541656446581927 0.2335418466651548 0.1806293704872083 0.1913027133525356 0.11992323674943599 0.15966067752678997 0.18965798357139443 0.2151391321333226 0.15442617183402624 0.10359488593380008
0.39534616342118756 0.3772452189986208 0.37475034154057546 0.31340308094720704 0.31546176836194895 0.3146421324085117 0.3070018283660863 0.2834440929996714 0.27716933448590253 0.27582759696536246 0.24786421483741491 0.23631386683894542 0.24926950762623765 0.2795096534538218 0.22882849087421425 0.23486931317083032 0.2969260513793517 0.29656353506360694 0.30787107817080966 0.2398996518283083 0.21963220271552975 0.17502385069883836 0.20805879196761026 0.21086585814841624 0.1595277102634057 0.15928023356148935 0.16722561071420516 0.19975399068338956 0.1869434589939729 0.17754942384010478 0.19069546055222455 0.15492454665547206 0.1629898344224823 0.18435428994400316 0.20762372232982418 0.20594178715968237 0.1588097324019481 0.16947184393455272 0.1604180423493344 0.2098289803782511 0.18454770230836107 0.10666520947172552 0.0727004307104603
0.3544915938102499 0.3313952637595367 0.2783395502804755 0.25254188238108677 0.23158588044015138 0.28259036326854975 0.284890274076223 0.25456229141026965 0.24242272049265698 0.24058983246983226 0.22172275535128513 0.2785687579805227 0.24168746716489556 0.22518487653125244 0.20158096868675907 0.22334027524402728 0.2862534881391642 0.31716926529064227 0.3185725072382273 0.2735095815239886 0.24784647244444613 0.2162461407876175 0.22092037226830558 0.1601909980588071 0.13944442950447397 0.12147231105109153 0.17714521769756705 0.18107652789293563 0.17452839733669293 0.2186958719918278 0.17701447906135426 0.12881825691238794 0.16479120931266336 0.18870472680844796 0.1914082550520936 0.1986840281264017 0.1682116564029593 0.2289341735648034 0.2241519473885151 0.1858275294113831 0.13867265855067487 0.07739984385441104 0.05275273254798924
0.3246112390060594 0.30131223082901976 0.2127748542224499 0.21054029825361578 0.19501862809690315 0.22130403831817885 0.23652064341124232 0.3091565590803632 0.3175194343951008 0.2790190778586463 0.2322118827864339 0.22947664320391348 0.23102219576959063 0.19734292633631725 0.183397368875134 0.21366144054761327 0.2363602839220483 0.2921564587365118 0.26067877509702225 0.24527748457655182 0.19149810715414387 0.170750019495615 0.16593734171774951 0.12148972570245582 0.10235438982048922 0.14066123070000752 0.18486487443576508 0.20334570137679164 0.2162444226227389 0.22057372473976566 0.16140586375720012 0.1739397509003976 0.14942734087522144 0.1915941431408054 0.15593554445965832 0.2130287381145062 0.2152954395980471 0.19638273141369236 0.21911667453059905 0.18072185527072612 0.12975383044639266 0.08045346212048016 0.06256491552983431
0.2948661391437719 0.2223756502150652 0.15615252414645656 0.17010922555364763 0.15685364363149287 0.2029058356928221 0.22870417450513933 0.32473169433011284 0.29060957012783395 0.3177306217748864 0.25059653132957793 0.18807538398384005 0.17372630859363966 0.16238453010150913 0.14460685308774032 0.19211712031218198 0.19280166945478458 0.22445537884427735 0.22609564716101202 0.1970589634331968 0.18069024382925164 0.14478958295980082 0.13867752443871315 0.11883821569690975 0.13622406261624245 0.13535755099775862 0.18130831212928655 0.23361055071799508 0.20736426729577206 0.20008262216986333 0.1774632005918627 0.21432293336104621 0.20668602722743096 0.14048585113018247 0.17257159238231937 0.2205537726713585 0.19499726683542715 0.19802370686094448 0.21692810267266374 0.16384169666199505 0.11890289283174506 0.05085414668807441 0.03172586889759702
0.2124274592386391 0.21026360330427996 0.14260156377961497 0.15155010798762655 0.1644704676123269 0.20614047192213342 0.25735314518126673 0.2961054171168732 0.2667753729553862 0.25817562400912797 0.2309883107852238 0.2000219345826952 0.20387205947062875 0.15634792320208438 0.17633673988735296 0.17704729839426803 0.14214123161825445 0.14848690168065176 0.18027636498569874 0.17667662193487726 0.17576675898416355 0.1968974013972518 0.15899150952356259 0.13299765457556206 0.15714216183431443 0.1820765963276157 0.1772165405499235 0.2045445411942409 0.2522214141105288 0.23017980553861447 0.2424371214322199 0.2510521562446362 0.19498840313395974 0.20403932574474276 0.2093039896249438 0.20165262093437986 0.23836907708807628 0.23536406049087577 0.2413105714324118 0.17588424241126951 0.16907776320205867 0.12376915903822262 0.06594736211589854
0.16936297150594354 0.16546749796953777 0.17282371993518808 0.14728743764802693 0.1472006260221904 0.15333861952405076 0.21830707099161656 0.2921835800619523 0.2624868514737012 0.2591406266749939 0.24042290422933563 0.16190451111935142 0.17335488151626222 0.19799418161431565 0.1803418328095881 0.12613685525566815 0.15319754638043995 0.1321464609979986 0.16525430960143717 0.10416297429164681 0.13550473113682382 0.18493942026008078 0.12984040248318193 0.14160498017911932 0.16210383400422934 0.13141234457946688 0.1563619406928377 0.21435466926381824 0.2441153938639057 0.24983187158285747 0.26284033485853553 0.22667025457929627 0.20308200608922247 0.2651491453453734 0.28492957359988624 0.26561638708196883 0.24949130845224388 0.28725251162155097 0.21889295338318424 0.22806114789872342 0.20550251577131406 0.17497747430498378 0.14964804875435767
0.1714107577890514 0.18661370341624345 0.1328339665113595 0.13894151124223908 0.1492880895586929 0.20410401483759982 0.186906268824592 0.27301884411228705 0.2808199807315987 0.25512288361318236 0.2233131660584756 0.17798095231239702 0.16184198227804764 0.1781937294746285 0.17232636349102068 0.1312710597950076 0.10302183668805168 0.14469252589515327 0.14967130728003625 0.11164887673407224 0.16169072425902872 0.13808530396000973 0.14375547569122119 0.13908749921960417 0.19016888262864007 0.1796761534709765 0.16785871556621423 0.22705044872986196 0.22167648663105669 0.19679741075690885 0.24632369892217795 0.23963308014916354 0.23276335260815811 0.28811818318883015 0.292332443205534 0.2620611638151487 0.26175344522508287 0.2746957543904815 0.2320989175620889 0.18924915313288146 0.18635016490756834 0.20295794541440546 0.15609314563895602
0.23289894689736013 0.1618448595826655 0.16825124515095244 0.13226925004243664 0.15557745480891458 0.19778747176397668 0.20529236616974497 0.22072233146837822 0.23760818716718662 0.23515908329496393 0.1746349513223903 0.1450930222439948 0.13786807388344377 0.1505136451854019 0.15860009342131373 0.14098239903386328 0.1414611347507122 0.1152823720661076 0.14835472845333794 0.14500862363656009 0.18176457283592015 0.13782139773271365 0.16827058143488177 0.14195047147406184 0.19483987008652967 0.20936505600637575 0.1813387437163322 0.2453074575773889 0.21648189525453332 0.20483770721423214 0.1963757878865872 0.2511748551616776 0.24459036499261763 0.24804277211474057 0.3100689605333097 0.2879247581011036 0.23066054357617435 0.261822587355059 0.223859702732872 0.2266410904987605 0.20428899935781794 0.24746372129399105 0.19899196556148183
0.2085625514974639 0.1943465553370677 0.1783854048646011 0.13992136837194136 0.18033749943286972 0.21077099851968975 0.2166203734538528 0.2338554393640261 0.2389708345975948 0.19020132227144437 0.20871420974608768 0.1743897721527473 0.15339385232275185 0.14851965017301158 0.13823379950341694 0.1700699864646877 0.12358356428304935 0.10063263811947393 0.13715303077097385 0.19127044676421426 0.17654487293527676 0.17364362137151337 0.1274670850919318 0.16870743952763012 0.15689461840900654 0.21839135134329762 0.21835657092250574 0.23309285291190726 0.20206406312250233 0.16506484032761695 0.2191141398346487 0.1903299605434885 0.21730627597690502 0.26140947141462956 0.2819044197441837 0.2578329743936061 0.23564311195514442 0.2249845000897206 0.22212144780777154 0.24420263440161216 0.22897736852040892 0.25634195056821335 0.23573021654635787
