Raster_benchmarking/DGGS/continuous/raster-499.asc
NCOLS 100
NROWS 100
XLLCORNER 1743159.7838678705
YLLCORNER 5469284.515772057
CELLSIZE 10
NODATA_VALUE -9999
[rows 76 to 94 of 100, columns 43 to 85 of 100]
0.3894608386720783 0.38692831819475026 0.376751430954625 0.36394804562784616 0.30705012250392466 0.2822397160912433 0.27653523718131845 0.262348058016262 0.2660003237389033 0.2815222721608241 0.3032334927291054 0.298756464822278 0.2690240717170058 0.289610668477851 0.278481127643237 0.3233115739965897 0.30052754958747174 0.32901968022236855 0.3131217665400874 0.3405638434712786 0.36421853525669134 0.35412378858369825 0.36764434477995334 0.375803329251915 0.3678720801135813 0.3934660538684581 0.43729828105844426 0.4452205604115316 0.4817164541005472 0.4993172147274644 0.49925662255655046 0.48784116767349783 0.4610538591027492 0.4883377076452415 0.45461017355284405 0.4721400726218312 0.42714006784845043 0.45708089487917736 0.42616151685054476 0.42752302857630864 0.47403420456684553 0.5090820152446374 0.5168043757713789
0.3800778325821618 0.40565058596129483 0.3544353589798346 0.37605355842495086 0.3361330734548915 0.3114068141210629 0.2860859605095254 0.21988354870615823 0.24624104423547707 0.2637297064705752 0.25733819451232504 0.2833903325697944 0.29055450370818564 0.27756282749640937 0.32767957831315436 0.335688034718367 0.3132757048231522 0.2955692926704484 0.3369240514961298 0.371341268863642 0.34321926409540204 0.3185170343917519 0.35026451862724334 0.3037608897747246 0.3822195508308736 0.3663857910802699 0.4500275638300088 0.4900284364579289 0.5064292510971213 0.4815751124698343 0.4996066087808779 0.5004307394747557 0.49716952984385726 0.4572555157334118 0.42648787324471804 0.4310021795933502 0.41495298676760156 0.43340375068235615 0.43785280042038144 0.4185526153666064 0.44373797922776254 0.47975020674517604 0.48246216026592625
0.3920212687665276 0.3943273908065417 0.3458955159777395 0.3695079337328215 0.3526969439326414 0.36360224095726895 0.3187361473243011 0.31211658737375886 0.27141124961099006 0.26676052605502 0.2855841664682817 0.27805144381179264 0.29464277615431633 0.2994717733600186 0.31221976488761094 0.31953927856812425 0.33442979076447626 0.332140944545741 0.35581053518031214 0.34099530063091016 0.33720092534102997 0.34683270621486645 0.3558966458768509 0.3679695050531097 0.38039742365452517 0.3999323780201384 0.4144592210316312 0.47367012211037623 0.4522874016654148 0.46130029651739535 0.45194556471632724 0.4667837916797316 0.48200231783930103 0.4616742387552751 0.43562385921650887 0.41297747943542573 0.371019264114533 0.4116432072932981 0.448969400915589 0.40603252883126634 0.41813235154432205 0.47019383673678944 0.490814585276747
0.3850172781894214 0.34405040838459144 0.3324319864135397 0.35028986877840407 0.3842466047754443 0.3700614026511312 0.3182618359220377 0.3184862119135504 0.28589803977790956 0.279995659901327 0.27897409163637865 0.3271983825314545 0.29177246314022554 0.3222380419959653 0.3154760615968259 0.3702579822746118 0.3472657073231411 0.3304395410486201 0.3661266176398721 0.32707778551093336 0.33645371907380867 0.34138325886908455 0.3461971002427789 0.39137191251397296 0.40809908577401555 0.4101461236785317 0.4516660518904515 0.4555092784093301 0.4287278959516351 0.41039569287473576 0.45576156946624025 0.446578514683342 0.44451067601994976 0.415543944172076 0.4190168615792071 0.36264742420379864 0.372900097179989 0.37754142765633214 0.4267148444602181 0.4538018520626169 0.4269164059646499 0.40724222113565445 0.43360583891035437
0.3823369306219592 0.35609056035189973 0.34654463011198805 0.3741761920276345 0.3550934587602061 0.39379823485212795 0.376876843615352 0.33423241990406904 0.3093217290744346 0.33186886389425624 0.3006223920215981 0.3245282136236722 0.3110936090374137 0.3337371817554153 0.3157409811615097 0.3359804179148106 0.3192183560298558 0.3318872352637015 0.3554186337749942 0.3211706022332149 0.35666757155446027 0.33635653875024574 0.36753472331046205 0.37227580423963913 0.38304423268665205 0.4227759257900677 0.43745937721343214 0.41409761106198123 0.41445956368995746 0.4148730051614228 0.4032665506775837 0.36764353646627307 0.38373155708430057 0.3786504425665112 0.3506362204351372 0.3493329243960343 0.38403977769592706 0.41056111781925736 0.40006396847856024 0.43123493278681885 0.4346964289430003 0.43388359108326124 0.4346393676575361
0.3497890826243303 0.3551716454552571 0.40848699419882917 0.43542915143133676 0.38649231906318743 0.3719376237878133 0.3473243763079305 0.34108264606045724 0.34165009740509167 0.32013365269018734 0.307342115930276 0.25129061838876865 0.28320722531266523 0.33271430895728504 0.32311302397746366 0.3263583838856522 0.3209027361872086 0.3385793987026435 0.36350194990064744 0.3141828031475222 0.3434089843828453 0.4006998009527392 0.42448960295413696 0.4189807685633976 0.3959555466139908 0.40006914223598583 0.41618449081473113 0.389948522968679 0.4048376668723374 0.4186706294815983 0.389187428221396 0.31113760768166676 0.3242724428493289 0.2914499560300155 0.33564381178121366 0.3181009541857708 0.3618896789300901 0.42345781695012397 0.41052286284779244 0.410501138028773 0.37576557809831057 0.39159664200256217 0.40910709849650473
0.36216430617296647 0.35928654450872155 0.400305666408626 0.43717742778130647 0.4323288695124887 0.3810987416996339 0.35755308421766024 0.38132484962781216 0.35221271424738254 0.3131027658160759 0.29469705805395197 0.271655771492722 0.32036139059148644 0.3353715616551228 0.33799729759260344 0.31724478452060567 0.3484061032407949 0.3423260938605494 0.33842832104645876 0.32292173054781365 0.39841141817988723 0.3807039078678326 0.40764598040391736 0.362453001094231 0.3539295378830766 0.3566073939455273 0.4165051490455976 0.41985186564939936 0.3829422853538595 0.4223861127653798 0.3771934281008962 0.33773425300989773 0.3010077437828859 0.2898964747716296 0.3204032378022913 0.3537373876711865 0.3860209718156206 0.4001904156419724 0.39872407190016557 0.36516268096013416 0.38492296654322095 0.37500505966200953 0.38892421329033416
0.35910689932492496 0.4165979651524177 0.41631605849707776 0.4482181560832003 0.4404440963137675 0.4052775943251977 0.36214634283563557 0.36890578615967373 0.3900832206768751 0.3188475512632784 0.32749060695932286 0.28849390635469885 0.31898013813584947 0.33926357019192704 0.3452683561374662 0.33335385272309825 0.36926561413503667 0.39949117969166337 0.3481507107473004 0.36111396571068066 0.41480835208615374 0.41091363234539047 0.39598918949622364 0.3426006229871891 0.34212174076586604 0.3663863266732932 0.396866665977608 0.39715511520451685 0.40917749977890444 0.39146638314419685 0.3391774249580998 0.33815668562984097 0.34978135935933635 0.29349753068111173 0.3232831823483711 0.3230785809127392 0.40787861198187814 0.4212078306855375 0.38055171319111925 0.3883211278485753 0.3805496160392395 0.37585814182725025 0.37515922542716335
0.38873868113236665 0.41871478964288583 0.4703215965497643 0.4715896711634796 0.46699100255136217 0.42632762466712 0.4152018700535034 0.39629739944190057 0.410641818795904 0.3563641751318767 0.32987690047988855 0.3229285355237001 0.3139116592658474 0.3220871891319776 0.3485762754065763 0.38695040309988604 0.3860155781137633 0.3854849909845113 0.3691181712799228 0.3870276704470047 0.39874412880942756 0.4137717381541241 0.3655663812495374 0.37623920735931893 0.3474683256884136 0.3494069398406475 0.3459577525501439 0.3336654760710988 0.3856413769679406 0.3832882818584703 0.3536168942782923 0.3167451212876137 0.3444752029143748 0.36305542209392644 0.3454681812989535 0.3465942319510487 0.3839552266899743 0.3743804064052054 0.3817285091798352 0.41074512481314596 0.39231730324165887 0.3808658528594151 0.42777484973948765
0.4177374032405027 0.4562811330098113 0.48771763569488547 0.4492720611312164 0.48487453461363644 0.4744254224414634 0.4813528174778248 0.480955663276961 0.4504371114614543 0.37777489958807764 0.3599309411521466 0.346575609576252 0.366385236906269 0.334299584812604 0.38651114051530405 0.3954896789433326 0.38928241846932465 0.37642753357169323 0.42405996337197693 0.4429714140748059 0.4005264936907228 0.39590211500979805 0.3693798272150938 0.3472464340526678 0.36583931410825443 0.34565451967675687 0.33657698914425327 0.32721390613613566 0.37569101849694536 0.37971086604261683 0.387963187584729 0.3466545217594233 0.3802204682701241 0.3720080950417736 0.38374818129444327 0.3626726425885173 0.36892581639456723 0.39290980127046987 0.3748483539875287 0.41012289959622383 0.4058078229036088 0.41837550166813353 0.47333437938153206
0.46321980431739707 0.45693500789593927 0.49101016643766765 0.48107112138542313 0.5146854747773163 0.4776885589960096 0.4768934014901483 0.47077072212878635 0.4198583573143693 0.4442409063883264 0.41228426028541154 0.4343135108608447 0.39051136031113837 0.3924494997243086 0.3716000210800888 0.3929005501922157 0.39197611666232246 0.39025078386223133 0.4134625034740046 0.4391813441555563 0.4423005996540487 0.39039222576300914 0.40483316743305836 0.3851353467873371 0.38096664131607283 0.3447023042374784 0.33119713258525396 0.3215461074400061 0.3381999126988651 0.33346939442960993 0.3542910001146804 0.36622402268059895 0.3829235839767582 0.3829817079730273 0.36991163135578414 0.3385374774858833 0.36733672859316846 0.35772789791802656 0.416351103620841 0.38664685975183777 0.42549785432108844 0.4438362513338946 0.45862953515015803
0.5071809328179219 0.5181570771447966 0.5376060321528258 0.5085456327830056 0.5212553413263556 0.5189506890139381 0.5135068004279116 0.4587211513147586 0.45616623346493684 0.4499645278518227 0.4285427350941069 0.4718217778290854 0.4261814541202761 0.4281792505401003 0.41176620545732523 0.3714914737195327 0.3815662897253959 0.4035976724293096 0.3919908032247919 0.4157992630263209 0.4194707873147272 0.39242677386584174 0.39208941600382546 0.4119581374150202 0.35153995446184694 0.36069321898273776 0.3048421181032674 0.29450779611001826 0.31575694794236986 0.34701128201652387 0.326062544877338 0.3416853383088121 0.3439778476450402 0.35664524431727834 0.36482496419341687 0.3769604872622178 0.373904412865595 0.36652402517651855 0.3980973912972701 0.39089597639654194 0.423473904339149 0.44230863902525125 0.47096094642420744
0.5260808190462014 0.5685425057971414 0.5522472800872922 0.5294437822018403 0.5306663601344964 0.5378660891867542 0.4943503118202936 0.4978852626266268 0.4953162864254355 0.4594237295541001 0.4625935364331247 0.4809291642337972 0.4430973895745099 0.4045499764372001 0.40406577075372746 0.37321173216635184 0.36865210242369256 0.3890148050292857 0.3955642982589854 0.4197733498782291 0.40706180841192363 0.36794161206214643 0.3522814384542238 0.3864627397593031 0.3231249868565634 0.33820307278057116 0.29123900159836313 0.2761655445960465 0.284715010592578 0.2942224112559875 0.3061436107381125 0.34036329949986954 0.35437996449593967 0.34698263204059826 0.3424243755676706 0.32053794005577146 0.3361522671675078 0.33069882568261844 0.31602659642339953 0.3580739821277321 0.40251891563090536 0.44496347899443817 0.43258247016704743
0.5562408788421397 0.5771733354607994 0.5676009813026557 0.5990687352856137 0.5849834200900119 0.5788455749129495 0.5461433920326384 0.5245056476991564 0.5303630303789387 0.4882238051927924 0.48772713814623314 0.4706049258275247 0.42985318179535065 0.37635902597313126 0.39145482157008765 0.3365356877163745 0.3355915464105743 0.3395390506050274 0.3929587690909711 0.3747754109389953 0.3793399091208324 0.32813099209337315 0.33424063693121675 0.34949891000124744 0.3192215525706327 0.26371306795080535 0.2721705774510396 0.23157484741566314 0.2893880319532188 0.2671470896210719 0.3141170409219956 0.30677337570152735 0.34688629029807294 0.3336174345366716 0.32361991707175586 0.30603993950660935 0.3309085045170799 0.3215708268444586 0.3117117874430531 0.3069173046767619 0.3708760440106554 0.38759172098909933 0.43404317482161875
0.5410919735743673 0.5298715707324566 0.5622667637914316 0.5544462270059713 0.5632206263062602 0.5233389148856795 0.5338392833627491 0.5295907080893255 0.5083558354500763 0.4599265525879204 0.42734376091718057 0.4115304539207785 0.4023326855651223 0.38369752540366886 0.34482819194271436 0.32495197198330383 0.35588744856507015 0.38025765858323096 0.3686009945401145 0.3488933282552774 0.32440666844118443 0.32600010328550544 0.305060410787626 0.28703373066041943 0.29098346872278 0.27416314475418196 0.24720369716616777 0.2174289159044918 0.25632243149455125 0.2620620612789213 0.3141202122999176 0.32132684530338634 0.32680475417203647 0.3262538905736941 0.31328938347434443 0.3287885781815701 0.317235339611362 0.31301478237216895 0.30365519442330785 0.34119766120052264 0.3678202715821997 0.3989812438260615 0.4152818974240823
0.5390438208951922 0.5237711943525056 0.5809375521200835 0.5747516806146368 0.5555183723112946 0.5103087174069941 0.4928016495984318 0.5048342903621402 0.4851540452292126 0.47356996964190706 0.44322831750730185 0.3726716523732859 0.3489702286211893 0.3534219128690594 0.3602285928896162 0.37596962354697455 0.39979091050971355 0.400393304865538 0.39275666318672237 0.32238025580557994 0.3232027889991389 0.3291183520091397 0.31227375355683545 0.30852529302164694 0.26125113232935415 0.22006453138279333 0.254900969542783 0.2467383088410246 0.2605362281955872 0.3141246405753433 0.28833085913059353 0.30376500511939547 0.2968798733128328 0.33132954862209985 0.3191365132480261 0.3166047551472556 0.3105919139279444 0.31744312067660974 0.3049042372257088 0.3744304656384615 0.4058318108810287 0.42053536867512303 0.39264549435803153
0.5376074742113907 0.5638461880423374 0.5698115847858802 0.5820865512766157 0.5462223904051924 0.4947072621886475 0.4687372230010584 0.4876860952257904 0.4895349518033136 0.4491849801261228 0.4571573523152646 0.41702437652313307 0.3860324717996768 0.4133752591943528 0.4034447000849041 0.37064502331578186 0.3978349870045836 0.40177217653562985 0.37978017235843925 0.3588051123693617 0.3496089367106827 0.3231669312957375 0.28587567004462366 0.289683381035894 0.2708678319177713 0.2650094445588931 0.23401109220855562 0.2664103396799275 0.26622323713152174 0.29656472584600513 0.27190357109431323 0.2880432909207107 0.31838777880818525 0.3382413372570259 0.3135913975407657 0.2794185096748912 0.3227479813852834 0.3490146642124703 0.33566066488033974 0.33931543373423156 0.40058873162997327 0.41603866527872446 0.4193891969127104
0.5514883070114068 0.5928040520282724 0.5862216091700025 0.5955439382136218 0.5629945789285151 0.49154598941377603 0.5083525316432733 0.4770504284080884 0.506512866144511 0.47188490636505864 0.4377020260127012 0.3948823316018379 0.38718855717028794 0.4282947801849642 0.4236655226917436 0.4081090968297279 0.44920448130605867 0.4078401513633673 0.37883959665311395 0.3859881240961814 0.39740483399694204 0.356789087876557 0.3279672073040718 0.26807113182956976 0.2887386244733091 0.2477516038127095 0.26052913905239033 0.2250879418961979 0.2410714666940998 0.234401331364332 0.2656122831368711 0.33086034072870446 0.2995238474894509 0.30701415587354886 0.3012762398676387 0.24865861247970528 0.2949940289701248 0.35285619075351876 0.3421815084693966 0.3498640095271684 0.3584252413574885 0.40271902794108927 0.41018254742878224
0.5428650549307583 0.5289371152878454 0.5681403018795064 0.5451011293075128 0.4997901071899325 0.5132673078826792 0.5190285210389608 0.4882970007155136 0.4771004277641844 0.42558447584977976 0.4122866604386353 0.4379083521574035 0.42491507439158427 0.42371278692825276 0.46050490642304187 0.44095054695754377 0.4666415735202733 0.453514839791718 0.4424081688196336 0.44469750722364826 0.4267040132585669 0.3809693060765878 0.3321948999139742 0.3212847193249462 0.2945750213210136 0.30646818565751266 0.27991481565408877 0.27998858880430155 0.267820285049739 0.2496254275709918 0.2864172247380861 0.333430088611042 0.32154911929672814 0.2875297147846296 0.2553260933441836 0.28795776873689 0.26337935307286575 0.28828185413647694 0.3224368701492022 0.34662798894591673 0.34003398412864894 0.3299746480932745 0.3214702175032197
