Raster_benchmarking/DGGS/continuous/raster-296.asc
NCOLS 100
NROWS 100
XLLCORNER 1743155.8618663817
YLLCORNER 5469293.899517269
CELLSIZE 10
NODATA_VALUE -9999
[rows 0 to 18 of 100, columns 0 to 41 of 100]
0.29364980892458653 0.2460691280926539 0.25906468313200215 0.26964031151911677 0.27668790183575875 0.27785369949576577 0.24767015108141757 0.2123051753481776 0.23416692639128162 0.27308635724210356 0.26822280054586695 0.2531830111592935 0.2861069340146584 0.3027286223862465 0.27698754583702495 0.29645282073646484 0.28722729246539763 0.30570654551876586 0.3243924679662369 0.34255904822206484 0.35515530953353247 0.3616431486003921 0.3412649245244133 0.35825070258931035 0.36244249236329346 0.359794145916665 0.39042640834770076 0.4134736557485633 0.4193801777916991 0.4546945785706622 0.49369414219158647 0.5003710712470998 0.49283098434743644 0.5247936160557776 0.5044164387639816 0.528485018585101 0.5305100026230711 0.5210823780592639 0.5486394821302277 0.5262531692041059 0.5244022136859336 0.5082557206765866
0.2816077122577947 0.2779170516873931 0.26660151380311514 0.2317823338583665 0.2319116024543287 0.24758117238854221 0.2364163246102069 0.22258214993379033 0.2064661716172092 0.2069302947499576 0.2655927868509726 0.2450781502362304 0.24420553367444855 0.25806168286930203 0.25893359757195983 0.2949132555043654 0.3142584555891435 0.3484036501170434 0.31606973663984855 0.3394787715305488 0.33439222500177596 0.33759937153890257 0.35032561011720603 0.3488812298238903 0.35902421551740926 0.34069292394701434 0.36797270348246996 0.40596557567486696 0.44393285936875165 0.42206223344845584 0.4497895026739586 0.47947670705675227 0.4775326358028721 0.4965445588558838 0.4564969910394588 0.445985231871983 0.49620275459785324 0.4858005859156111 0.5184156086770867 0.48145177754595236 0.4998162056553299 0.503935638923346
0.2938029235335837 0.27655007369742457 0.23962356743540605 0.24104163564781803 0.23755491205358809 0.22575702001342762 0.22008042118452892 0.24050997937427512 0.22871012136812077 0.2296770602955159 0.24493035447210354 0.22918955332282806 0.22944752753678851 0.2564811732608571 0.27746878174246997 0.3044351882633412 0.32795730525682076 0.3293813623809542 0.31250122183584716 0.35715925171100227 0.3484918666072073 0.3463276774548612 0.3562102685096487 0.36022544426076225 0.37259888168495275 0.3576435693389381 0.3753071326502537 0.40710857516822846 0.4344693604049817 0.3963358626721802 0.41987636933846495 0.4389488027047288 0.4299111119505164 0.416252913086446 0.43072221819648565 0.4028436641687036 0.41991974210124394 0.44034323025224614 0.4725904667889876 0.4586320167931244 0.49189213378843233 0.5044797062033985
0.24608410482704182 0.24659065067113348 0.23308887952600002 0.20094816103434918 0.22828040139879033 0.2195879867962672 0.2453224598272741 0.22616198822451014 0.2095591876076825 0.19571267374737494 0.19527082779916677 0.2423510029192616 0.20654914365488086 0.20976172163868467 0.24697124291109684 0.2511906643577595 0.3153392478870836 0.3162192492276644 0.3104608515984128 0.3501245283598614 0.32990228338635436 0.32671398666821977 0.32156063275192776 0.337004923728607 0.3474770610058744 0.3803546797607524 0.40080596128931284 0.42598682616494504 0.42793233187416624 0.390182029049244 0.38955156996647 0.3757749874746933 0.4253080877094796 0.40405030578424106 0.43459377408082595 0.3912982575423769 0.39647439270302415 0.43022837948661175 0.45691823638355067 0.4609687314906663 0.46970715380161127 0.4788067343698849
0.2276784587370449 0.22531156397434257 0.22698202311788085 0.19113367506788528 0.20302343138925463 0.19676121514953185 0.2177329473443024 0.1876332939252652 0.20521642238085924 0.18506630785851147 0.18266013940054474 0.2236007070482897 0.22032559828919324 0.2313441561727537 0.26014632598263615 0.2521646464614887 0.2842817062584891 0.3096685512524148 0.2916521351413243 0.31408372047605626 0.3404951957620955 0.34821662504514056 0.36036160562626046 0.36619868119073995 0.3358387687042815 0.3581839955828917 0.37357665419348074 0.4034060776083367 0.38638430298245213 0.3766036026870184 0.34832971914312455 0.378830635751994 0.3972470755850303 0.3814999707900602 0.4072679676527998 0.38779994097904086 0.39308143488872915 0.3795467701484774 0.42343096080175235 0.45702800366845314 0.468917477285693 0.4912783742568039
0.26412701097393565 0.2639080754869107 0.23857744202945935 0.2213358871054811 0.20555077694226823 0.18382427874342805 0.19743978219760197 0.17709411357264065 0.1983905777804419 0.16564089332326445 0.1955126846871967 0.16603561103648995 0.21762474148021527 0.25607768224134014 0.2504915959465825 0.28983726838981694 0.29093202281391733 0.2956582663930825 0.28379032899886386 0.29531980968256766 0.29780028365494227 0.32638129594045495 0.3681994366553631 0.35669165594369934 0.35336189736243007 0.3309821222143571 0.3440545384217839 0.38178134053552953 0.32838196758727234 0.32423991779852307 0.3405195831579435 0.3805618689400853 0.38222814437854863 0.41007345904498416 0.3721349712179789 0.37445628065712094 0.3794049424222022 0.36849624836067935 0.3854926707817358 0.41961036049346107 0.46425934644131023 0.469112920811403
0.25223396822844857 0.25922569544335394 0.24363970517616496 0.24109317503496658 0.21948186782583123 0.20289569943864563 0.17187618491666493 0.19890785060761085 0.1675175565505811 0.19787687706885643 0.18266872818533814 0.1619825865798125 0.2036396852684481 0.24004840481004397 0.255677570041509 0.25970404910503947 0.2600099545041866 0.3160097247227248 0.3119546224210051 0.2820573153052328 0.2683332523855505 0.2847663117791909 0.3397150497355816 0.33265772963921736 0.360586654290433 0.3397930114730097 0.32179622892100146 0.30860993038873025 0.3018452145609008 0.32832344825681864 0.31345444855853666 0.3457190753787153 0.3701359274274358 0.3863388221892386 0.3592969088497421 0.36784260449745226 0.3821866061224813 0.37213685339165165 0.4001779366017542 0.4273738204080294 0.42202401679070056 0.41813527291438385
0.23425128911082224 0.23165870590123247 0.20145638182738065 0.18277799330622907 0.19748856597327935 0.1855781370922215 0.20759164761887586 0.1798885499451576 0.18285788453457685 0.20329584011705293 0.2139760082466592 0.18393748693464643 0.21145273023146674 0.207659645443188 0.22529616907112235 0.20446053178196888 0.2508943332329884 0.2919307223784103 0.2912829830209474 0.28333283862636366 0.2774796488786174 0.25244284556667407 0.2987331779596072 0.33963788441268566 0.3412893309624351 0.36951025678839905 0.34599302059171877 0.29547287079876794 0.27200907159027404 0.2694020922729632 0.2890275981182352 0.3097820245172881 0.33715990281282676 0.34846695978505865 0.341597041342716 0.3591404710608205 0.3431078645063802 0.3353708913700178 0.38569671824135743 0.3903689144699597 0.4035082300953749 0.35850271782959714
0.23262962004862348 0.22972480160894224 0.2407103561271533 0.2388176187682354 0.20320476263140563 0.1736385094835655 0.20076656450088073 0.19077908512885877 0.2350650166193849 0.21624862644820658 0.20543031775193193 0.22375182896545348 0.19689959865942208 0.22466670046086318 0.1871153500479185 0.1796905694698741 0.21582516808549623 0.23164649634138232 0.2814961372728848 0.2759951979201946 0.2912891061682187 0.2658298408588347 0.29386068563912593 0.3274570151543406 0.3177701373450711 0.3342301322203055 0.30077386677759504 0.3197586996585946 0.28930492267550706 0.2928660906313621 0.287523496140238 0.31141099996237837 0.36250735576608667 0.34722284005690823 0.3886614319776931 0.35727143223167046 0.3258569535769429 0.35638636339064556 0.33373437101376524 0.37786079720253263 0.36616638959056325 0.4006568934047753
0.2551167105749326 0.2628969949656803 0.26120697453761743 0.23039192569153472 0.22728648721584158 0.1964801993441565 0.23818400474773632 0.2524462739139747 0.22156957941983352 0.21332234693214172 0.22217992938093642 0.22509915394498337 0.21462686760627256 0.22945041350868495 0.1934941206181719 0.19819489019872702 0.2072007701654909 0.22468094583878245 0.26093592150550526 0.27661629314717523 0.2927883666635753 0.24910895873236688 0.2927640560591368 0.28520561800726296 0.29772464198307413 0.27705726842747597 0.28603382187616533 0.2947978534453356 0.28892140746323774 0.30142011781570094 0.31397133309070113 0.33300391503052734 0.36949473625847257 0.3867749800714491 0.3762951532305836 0.3710832255066726 0.3349407531060335 0.3404627593780096 0.3298046173774726 0.351170100786268 0.35984342780677403 0.37344035958487737
0.24842509527931425 0.23514680282135683 0.2344037665037121 0.26090557175928614 0.23952883434330433 0.23327131361449494 0.20712786283914936 0.22964058223875541 0.23784623357301263 0.21043912384607766 0.19692444903130285 0.20088646606523974 0.18763982163024603 0.1801722316156025 0.18127765316647068 0.21587919796022986 0.2239032811689924 0.22783775180778373 0.24149470305870205 0.23280338743175558 0.2503135530333731 0.24904356786411505 0.240977506331805 0.23900360017969155 0.2766249363167842 0.2622253424203735 0.26150051411282393 0.25231302699614605 0.29206936298107394 0.2720474675590728 0.2777333040662454 0.34484684364596685 0.37157015404300503 0.3970577655497144 0.4137295530827546 0.38326136365544267 0.3763624920088136 0.3556573958202101 0.35557606467696024 0.3722451561823693 0.35117411486415445 0.35913871185111085
0.24262794239650168 0.2213017719363517 0.25287736021971724 0.258987789962466 0.2173032565299746 0.23276116413770281 0.24227316372228488 0.23379140231200465 0.23888805157593393 0.23319051731071358 0.21724887964022072 0.1769004578682645 0.15461933913414075 0.13571717858297735 0.1527387509181073 0.21782140233344052 0.20323250495115114 0.23664086183026478 0.218444152623483 0.23393425299818163 0.22018246652092172 0.252444296469173 0.2557483949724086 0.2532256582637048 0.22088675910163455 0.18977416382713946 0.23026378692796165 0.2181709997816264 0.24115249009309583 0.26296073571151307 0.2655466650319433 0.29926773119243966 0.36727735315405025 0.3973963534686918 0.4133549148958815 0.3968314288309362 0.39560657899529833 0.38640617135162453 0.38850936398737074 0.42108110670288174 0.38993877828673035 0.3596400658746625
0.2202971305184459 0.24942624879568995 0.245916894652856 0.24036892284022865 0.23670035514813567 0.21750201380611286 0.2116955803681034 0.21441041039979872 0.19710358481978127 0.20601671102143546 0.15688882779763735 0.17261703226179143 0.17538650818410084 0.12581157254648193 0.15885678920901491 0.17010660624781107 0.22769109773993948 0.21994767489540532 0.20690584858509004 0.2359613854757543 0.2345305892384705 0.24000292423933922 0.2665456186531711 0.23281061000728168 0.25741926668023574 0.23530994026865582 0.20745375381773706 0.22334035578544456 0.25511410136203094 0.2813385833031259 0.3094285730913664 0.33178810852924867 0.3564775615714854 0.3995541785692376 0.3890353312215901 0.38245084044498595 0.35563639349986387 0.35089447451244854 0.3777438979789659 0.39361444764614245 0.39300777167002676 0.3897320622705336
0.21549883170441586 0.2517058893174087 0.21421685889522535 0.22799220954345778 0.24177780632488383 0.19140420036517444 0.1529047082314754 0.14176979154273936 0.15767018694400697 0.13490274660698204 0.1333033172531637 0.1753708881537823 0.15017375700757138 0.12029266238961568 0.12507876567892376 0.139421375890442 0.2004117241651715 0.21428233373245437 0.21085299596424975 0.22981995042337972 0.24026825303900656 0.27105328634420284 0.2466083853509473 0.24260917727220974 0.22385494382055898 0.23919557458508683 0.19988304802413456 0.25240209092714294 0.2707012046203688 0.31215018669896366 0.3280269869974561 0.3339032538812227 0.31763026663855704 0.35460971920843887 0.3655985363066836 0.3285142224954413 0.3484086190278871 0.3299714974837505 0.34951974834742044 0.4150450280979327 0.4040363606362945 0.3587634195459048
0.20916221713266456 0.21100732686586593 0.21608348074626885 0.20088177389792772 0.21953832238990145 0.18324833194579934 0.1717794261892641 0.14952467768473732 0.1557626371271387 0.137958879700419 0.121253204671689 0.14972660251076356 0.11082825380199612 0.09429124248152136 0.0918223493893656 0.13018960424861942 0.147896999048622 0.17749730630435276 0.20259322669639154 0.20141927743647178 0.2378660956759705 0.22476833793629197 0.2327755788199786 0.21768019807861863 0.21584907773133544 0.20104034185648442 0.2005152500229686 0.2246210007081276 0.24266071236566483 0.2732131077404798 0.2897741028037459 0.3310683672482572 0.32224383815684093 0.31684440445036066 0.32764034109571494 0.3519042748761064 0.30516536228023616 0.3510520811246739 0.3687568886976951 0.40609088400895127 0.39901963694254433 0.3647536836719803
0.1933355272900833 0.18798842022336207 0.17806163898933358 0.21216087747177714 0.18463776449901176 0.14374359072937987 0.14240106170684733 0.1675014860136013 0.15088274284135214 0.11890595056017933 0.14918216054928946 0.1494674954007894 0.0977152485739048 0.09658551068345123 0.08733183323532866 0.07300199680638503 0.124006935539977 0.13760714487961195 0.18973711435709525 0.2362885053754516 0.22876295363539145 0.227948687548805 0.25061391668805366 0.23980297984483293 0.1782572841843761 0.14783226346919856 0.20185372583352304 0.22057792148158767 0.24401887002912595 0.24849417288539688 0.2737024740616709 0.32790309925063515 0.31459537507920204 0.3642441517139647 0.32440980389159696 0.3414993334074566 0.3249440968118476 0.31234995562519197 0.36417419856177247 0.40921545326251163 0.3929467190653276 0.4287285700409497
0.21758200285104418 0.22267050160720017 0.17927115756573525 0.20270535481674218 0.18434549011099188 0.19610186547728076 0.1672331875743874 0.12941617250459847 0.11057233383840673 0.12023306408602476 0.11187508330395482 0.13568761687806108 0.1269652929167518 0.07973188905853931 0.08300719538006364 0.09014322987169379 0.12312124410354773 0.165833558772677 0.170928473688769 0.19756952610608236 0.19295501406464505 0.19639220164870128 0.24904065411875922 0.21770103065891397 0.17386251783876178 0.15641877366853366 0.20280754909188856 0.22134472957674234 0.222975010779468 0.21886330163627085 0.253693154678982 0.29987655236228333 0.34121083112331463 0.3531393679589667 0.35375175991924834 0.3638341743707431 0.3356978752352176 0.3550085407130034 0.37264313089855744 0.35260465042406386 0.3824449401478702 0.35725380468523044
0.22142028314983464 0.20614229999847197 0.18232488444118303 0.1921078699867188 0.16843655376614158 0.1971854446113241 0.1464787234717145 0.13637532681272344 0.12631706050567904 0.08470099184595385 0.12121132780135878 0.1342068672953701 0.14283524155863747 0.11178042407023826 0.10992267386909434 0.08122421677441248 0.12240609218018282 0.16661635437704556 0.1604792768081291 0.20421764779633902 0.21521546443291187 0.20787603978855537 0.22802200680567414 0.23067892336137247 0.19938811274682672 0.17552028777155174 0.22490900056209598 0.2167040357280164 0.21967957301248744 0.21343866377836931 0.24762425490398993 0.2899503327749959 0.27518123473057204 0.300453173256231 0.3315320074751528 0.34238769701672783 0.32992645363653733 0.35653478274156597 0.3420253683880404 0.33713614760104976 0.34170425292108314 0.35358833887761926
0.23331183185691734 0.2253346360578795 0.1993722595269434 0.16525857712965178 0.16686701490582145 0.20237517812189496 0.18631266474931585 0.13116368216038274 0.13277101731981303 0.10041440767490858 0.12108144315693926 0.1135433031671971 0.09940299950157468 0.105194245372302 0.1002805256578464 0.09507624179149439 0.15720815913022762 0.17474072638444765 0.18538280000325866 0.225399902276755 0.21305824987415273 0.23471815199034166 0.20459392462457532 0.23634707684953862 0.2276477792997 0.19570263141158362 0.2157028970644324 0.1654593195122464 0.16854595027301175 0.2093413893858445 0.24968474494823165 0.25493882213370445 0.2733382705156974 0.3124908259650835 0.2903873307867257 0.32552674690463274 0.36270141826167374 0.34723585991498707 0.3397230591689225 0.3666130338683956 0.3566820024910271 0.32759917048073905
