Raster_benchmarking/DGGS/continuous/raster-19.asc
NCOLS 100
NROWS 100
XLLCORNER 1743157.3827278905
YLLCORNER 5469289.742669961
CELLSIZE 10
NODATA_VALUE -9999
[rows 0 to 18 of 100, columns 43 to 85 of 100]
0.571378519515825 0.5427090308162448 0.5343848814601206 0.5193205317728752 0.5419670753794684 0.5462389100932734 0.5415844150575644 0.5629155658180782 0.5449278621554123 0.5510077467298077 0.5030756702786587 0.45371076576013325 0.44334008209644016 0.39379527166783296 0.3622056739825657 0.35973747973236436 0.3879206610438976 0.37849234672553556 0.38432113013782154 0.4256118664644032 0.4004500372859085 0.3620431351559545 0.363641366491612 0.3757138393650161 0.32726989902107156 0.308834458997174 0.3347703547244554 0.3197098972878174 0.3309561678735835 0.34407159522798786 0.3422283128671607 0.34186718378682773 0.3565932637480455 0.3345057389229002 0.2980327530885763 0.3264004202813525 0.29262854367889785 0.31201357303939237 0.3214043573389182 0.32898514603833384 0.297060413635298 0.3227767051429503 0.3144919793443214
0.5725262329634637 0.5309710457040341 0.5178177859527284 0.5535313531566538 0.5823927844179452 0.5677632303302659 0.5560239307678639 0.5293853722695117 0.5653176671588369 0.582968034782876 0.5010943137101315 0.4651346869420794 0.42504664282571697 0.41522178299034584 0.3805575165189923 0.37587275680055915 0.3950196845918315 0.399246029807043 0.4353338952521899 0.4045642919435894 0.39740325813582333 0.4135118454766476 0.3926983587874065 0.3957998943266771 0.3693324246904148 0.31954151530192154 0.35817123800441936 0.31672513217710996 0.3441870109732118 0.3750518746646371 0.3718181193910431 0.3320405151501811 0.3698045443111134 0.35699166937428356 0.296949688884261 0.2922433120544731 0.27098063003073947 0.26983719251926847 0.291460346764325 0.3159989559299837 0.332713094185212 0.31002898289586506 0.318558963602851
0.5757751588116644 0.5631377291644186 0.5604763563030999 0.5592910466055836 0.5783303919758591 0.5720651687909957 0.580055925881592 0.5433098568245768 0.5519739657719426 0.5564818826871956 0.538003151205442 0.4961045992468206 0.4603679589894014 0.4540303661101777 0.4717406055380291 0.4474219790181917 0.41438663823739275 0.4591247491774099 0.45748694849511 0.43532780321425546 0.40551981997190595 0.40467091400335153 0.43302716116684364 0.41717393467589076 0.3949388773522501 0.35785467004759447 0.36500588494933744 0.35626171527450123 0.37724082097880196 0.3596222131297947 0.4000150435123708 0.375674355357993 0.3984861005995563 0.35843816255871935 0.34394124618473776 0.32674655677156317 0.28885396950519926 0.28267357043197894 0.2985682274333347 0.32855966027277655 0.32337408844002985 0.29906241867021505 0.324714038656494
0.5804027016804911 0.5776870489100927 0.5976288916965026 0.595804760243418 0.5765632330920017 0.5627310690138282 0.5509730437009781 0.5533918913872214 0.5562138031846505 0.5543183484327304 0.5326185262574669 0.5348383179305891 0.48995985387919033 0.530187264858611 0.5280682570480525 0.501336925257919 0.49708774078952433 0.486182146504402 0.48437742920288884 0.45250388322486684 0.41517040448270565 0.4191838724721826 0.3931748243563175 0.3991997350529771 0.425180881841512 0.38816675882917484 0.3983316799251331 0.39832815455908493 0.4108843709736367 0.3868535849127715 0.3799810756366412 0.41351017794836853 0.40491712933010243 0.41092253257555467 0.34373914491040614 0.33548960887816986 0.30465447891261027 0.3004235556211408 0.2923276364860612 0.33421286091700936 0.3433601423435003 0.3430893745518078 0.3738793237658611
0.532805886384797 0.5685989303029118 0.592986360037309 0.624173044214334 0.5919698509430034 0.5831966445541525 0.5668066274363359 0.5840771139608784 0.5605076188923945 0.5633870419670951 0.5507183880416416 0.519200859672594 0.5163156477503739 0.5189139638307503 0.5250791012932269 0.5425634680807557 0.49138388768468144 0.49715575850136173 0.4964360108838595 0.49749121341285474 0.4317384366048354 0.40173488688991316 0.42988579690947104 0.3986383726355598 0.4162941202810992 0.41094155160012036 0.39227750678618123 0.4002635789329675 0.43486462841658813 0.39346359338436965 0.38861662711165584 0.41758202757202084 0.396596391970524 0.39588454429137704 0.38440685827316823 0.38156979063111296 0.32346789437635304 0.33772584233719927 0.3330590636778053 0.3783482439300121 0.38239512825095207 0.40503726547268126 0.3739300891799855
0.539378779262837 0.5164592267167808 0.5555366683122301 0.6128735585473999 0.5679798167732437 0.6046994381351403 0.5490552384712005 0.5734680714622574 0.5695525873363166 0.6062233576563281 0.5479842812680816 0.5345512035511982 0.5259181642424251 0.5207525228097034 0.5403562983576894 0.5557232491130845 0.5320351312556134 0.5115350998462703 0.5214788433105555 0.502244969847456 0.436894649073065 0.40836390556437757 0.41067884126205406 0.4003036254302664 0.3848078541708407 0.3874764865595396 0.39315611670573447 0.4202507241747504 0.4549223966696983 0.4322315366259647 0.40709155992617424 0.42529730443950753 0.4059103909306153 0.3922563688397478 0.40957446997948116 0.3960710228875455 0.3775824751308917 0.34262921921937023 0.3290646722396572 0.3708685563919702 0.403447792714281 0.4409009894520567 0.414372455881334
0.5322268790295789 0.5200866955174563 0.5542651097245502 0.6054397043068105 0.5675073186117828 0.5580299974087043 0.557968149651453 0.551565923836198 0.5587163592700742 0.5656635096319039 0.5515561621685517 0.5564706884991637 0.5104250839258199 0.5334558960248473 0.5404042424897622 0.5494286494884891 0.5210130970703021 0.5373941728563448 0.5338365360039223 0.513968893600137 0.4517806887821282 0.4244693901394927 0.4183327925869759 0.42393512811257344 0.4139271173441627 0.44499670167191363 0.43614941748072744 0.4574824949956469 0.4310912108693761 0.4081218486679909 0.40130571264684595 0.3946453874699093 0.37042934064795946 0.35482862860480713 0.37656464577657706 0.3816583131190724 0.38781936036814785 0.38271085644289055 0.3636215526338556 0.3893661826565973 0.40261429828302925 0.4535724150034652 0.42486490928319054
0.5229161626348537 0.542068878932602 0.5480410921449074 0.5918672730842378 0.5631769621422905 0.5384746335369108 0.5210276351079557 0.5670550774855581 0.5302119456328089 0.5524437184717212 0.5651547726242072 0.532205959580664 0.5237148612625093 0.5310603657659034 0.5397523857132954 0.5511197805229953 0.5244657165181879 0.5485911238503471 0.5196700427135996 0.4895308505195069 0.42138874572899937 0.4110842584137155 0.44888287768201196 0.44080892312462094 0.4470105231682528 0.481006543324696 0.43956037828574834 0.4351733790278991 0.43131806286264446 0.4460562133313158 0.40835594019147575 0.38454653229618596 0.3652602995951688 0.34504565636375895 0.36976091110612513 0.3483410048472922 0.3874270625059448 0.40358023317412495 0.4093562897782218 0.4006547395294904 0.40706736624670886 0.4380073082510839 0.4104175615315919
0.51984221591277 0.5485832335088805 0.5665230350690318 0.5905172307115533 0.5486386874420857 0.5093852992402819 0.5169039988838027 0.5191096051287771 0.5414704404847592 0.5404855962185046 0.5288147370055114 0.54213398669261 0.5186149262033178 0.5367879518013164 0.5158259159420762 0.5433552363151887 0.535174878322604 0.5077511820592521 0.4856058795207396 0.44241374075083556 0.4310192453181771 0.4111417451337028 0.43733685672105144 0.44663892539798644 0.48132900624552183 0.4662979727629528 0.48742029940000653 0.4767020432566852 0.4746417742609371 0.42725895812238834 0.39231284732794036 0.40491679988190166 0.39896803451855034 0.36462808874789976 0.37036440326485603 0.3559304822846009 0.3797729098448279 0.4126248163433845 0.4010724643506635 0.3706705309755535 0.41777642828444417 0.4561788640658741 0.4416742076980383
0.5283145449597724 0.5736798204731878 0.5947487617082232 0.5876898049098321 0.5337838063285952 0.522449010572384 0.5115773991832578 0.5019377505760365 0.5098607197762667 0.4595684821613435 0.46871620930962465 0.5023263282304666 0.5296943747083283 0.5118261785256993 0.48078771903236683 0.4901713686702829 0.4973080746566395 0.501066411846345 0.49801994936658284 0.4622280792719179 0.42909149190330587 0.41619441692895803 0.40483359021984267 0.42006750835008433 0.4737202961160588 0.48277579909696233 0.4629836132512699 0.47349942776142123 0.45497932904868404 0.45540904383961733 0.4201954515691683 0.37264511562642505 0.3803496985709431 0.40527487153614056 0.4139667670682059 0.4031526433859736 0.41506315364910074 0.3738080611484294 0.3887724162556444 0.3583402992274263 0.4013829558290959 0.4540949501369745 0.4300570159496238
0.5411486814951695 0.5489950169863376 0.5547854887221314 0.5728801560118427 0.5479855426804997 0.5369979534763017 0.49535602434144954 0.48633682404414696 0.47392231679495533 0.46515710966571466 0.4573295447575911 0.4832602434496521 0.4824245435311459 0.4717700269437949 0.4926361142123889 0.4931920770554109 0.4650727958900189 0.4633233817340237 0.4917175537908532 0.45963111503936777 0.4279332503785456 0.4011057156848033 0.3956186289723866 0.44517413648916265 0.4379644022367974 0.46648414215322886 0.49480833985987244 0.48432964290344716 0.47301781013012184 0.4573944094560523 0.4284813105896612 0.4282684149099357 0.40120208172389404 0.3943453831507895 0.4071482231352579 0.3936374553580381 0.40958686439710074 0.3773325246028779 0.34852195867657815 0.3633898062667851 0.4175382181372219 0.45995570907397754 0.4232280629687325
0.5445899187618974 0.576688982113473 0.5608062518212769 0.5597203896987967 0.5398972315382742 0.5298609271525838 0.5241237946841275 0.5320633793763115 0.46887913063426784 0.4585099338056512 0.4340036499110019 0.44200911258737435 0.4318498983470471 0.4467708988981491 0.44034310955758693 0.4355407565540101 0.4398076856919164 0.4398848576019397 0.4384757521346807 0.4610284032651549 0.44543985000132513 0.40895387992156335 0.429909948046952 0.43829250982753887 0.4852273840191779 0.48837251834757384 0.4703817739158701 0.4808840133416773 0.45389849218488404 0.4094569619694291 0.42563935185046914 0.4151975340964804 0.3887893042441323 0.4239214584163856 0.40599625593056893 0.38089100725918934 0.3812227891287026 0.3964103689242861 0.38627752320417214 0.3682517198430802 0.40498135843836874 0.45418818888619983 0.4693505240608677
0.5462442002031632 0.5447634093521743 0.5166460373912468 0.5523112958253524 0.5517389480065268 0.521623818257813 0.5068884937479784 0.4965916234029659 0.46791208043964483 0.43332567225636714 0.44111789131963763 0.4571422644431846 0.43233737448612997 0.4472445283530298 0.4405045700551836 0.45357624939105257 0.43764769651905394 0.4572808825770726 0.4256465855740655 0.44965338392754434 0.4526989008087377 0.43202310914452324 0.44839479378052444 0.42493861001872796 0.4701116231896991 0.44166292827416925 0.4483588720315662 0.4394127180716392 0.4206384617625974 0.42005739469064957 0.416576064524729 0.4188605144855676 0.41473672373617415 0.404739617048969 0.3848258236690734 0.3823940363427948 0.3752631946428399 0.3625936867323035 0.3925480523387455 0.38019248360530933 0.42939370793697174 0.42118235854086655 0.45702478151180587
0.5138978041225924 0.4947597475797507 0.5063927409912418 0.488284082532362 0.5237690000083767 0.5678928741137865 0.49841145336140064 0.5068903748818411 0.4652405844920508 0.40037487794086524 0.4290859891676984 0.41763697297171476 0.43137707993081925 0.43872990311563864 0.4398664235949347 0.45341686536383863 0.46233008254382835 0.4501174754419152 0.41861617212591096 0.42069638425860845 0.41054013648955623 0.44987357987760296 0.4293983728929592 0.43270521374036996 0.45526731893452604 0.45244710033771796 0.45814625246801105 0.4076091697109416 0.4010310900162524 0.4129383573172039 0.4075458966097979 0.4266474360639019 0.3977375334315714 0.36667160961172 0.3977730451957745 0.4105249971928784 0.39305807591950154 0.33854750721354154 0.38843211652826337 0.3790631634037868 0.39960707207611196 0.4298879089030582 0.4380417942557693
0.48739497863368175 0.5144935724290347 0.5184926005254242 0.5188120974033222 0.49511581837662105 0.5306611294937575 0.4922309908328946 0.4910340906247907 0.452079855191647 0.4088375865581191 0.41334224549919246 0.428177379518039 0.4305088286639314 0.4347583193428577 0.47143112267325976 0.43675781845388645 0.43128224773659685 0.4470776275257848 0.4156621040297958 0.41516664273628534 0.4071846388260284 0.42431203683542074 0.4369340252634578 0.4282311563641345 0.4450577956819763 0.46741697806596755 0.4532515736016932 0.4378168206884348 0.43400309546779614 0.4061942211309578 0.39022817660365783 0.38536303094630364 0.38821051443590987 0.34524560606886706 0.3668316631478783 0.38037741328235086 0.41493900664008804 0.40792713358123706 0.4089824100976391 0.4078272686976871 0.4220159457635558 0.4093648945161497 0.4394022574731081
0.47442660633816863 0.501350594767907 0.512947325873913 0.4916093163223851 0.4683061735989394 0.5188222567146217 0.4991603997599248 0.438330931680051 0.42518006134756925 0.40926272245511497 0.4346588877636805 0.4142906734955993 0.4185200194189981 0.43842954289246006 0.4640585906396774 0.4497553402180862 0.42500197614793156 0.47074180941430527 0.4285860411755342 0.39211063663554857 0.39949491838834966 0.4568699925227984 0.4362207040842824 0.4304086798006453 0.44382879972559275 0.4826061911196126 0.45484369828597165 0.4333559976377946 0.45203735764055153 0.41855801113923363 0.42923153688848786 0.38097601016496907 0.3723042990415799 0.3679143807345115 0.4061116165714274 0.42872118887679533 0.4190656368119237 0.38839672113669926 0.4191629788481562 0.4249767806887539 0.42784695392977884 0.4444198762540149 0.4246842704303122
0.47650210865400083 0.4565741111639518 0.446126906155648 0.4408213992230709 0.46347429620503416 0.4844134526592589 0.45480036717616784 0.43945500411050126 0.41691861849121054 0.39965681985495116 0.42930839333043513 0.4068582595143759 0.4531540970609941 0.41746024153026434 0.4181785246899267 0.4551360815152602 0.42593498401699686 0.4150912599167429 0.4250938191539414 0.40922876393862184 0.4254544225112533 0.44220510549422243 0.41785782006626265 0.4163355872785611 0.43477855675412985 0.4467113697203053 0.47428196621176494 0.42667977588899014 0.4282516055540569 0.4442743124874926 0.4218322333527156 0.41988908328630925 0.40385333192659356 0.40989146701027745 0.3957116202515732 0.44929077315102506 0.4492487237166382 0.436022323700496 0.4301274002855828 0.4468648320343672 0.4429536578398549 0.43943387909353776 0.4603189901141827
0.42442468250745885 0.4413988285308109 0.4218274867856681 0.45116120775285634 0.48118023628788525 0.49639077774474444 0.47378056677466923 0.4570145854021963 0.4331854455484878 0.43513928360277976 0.43408287433931403 0.4079752444449488 0.4413508209022844 0.4467383084040451 0.43192210783139495 0.44359331148632136 0.4088817627207699 0.4447150653625422 0.3953200122169905 0.41316043217354925 0.39815200309954407 0.4014382987991617 0.4221815853360697 0.4580092306574716 0.43854961515169605 0.4694049327854091 0.4549528328143215 0.4290584159108993 0.42074218099226574 0.4422924191488348 0.42203331731472943 0.3975746671965862 0.41944583149704534 0.39581644642986424 0.4390667818538838 0.4473822588429088 0.449722538802666 0.4402452112818053 0.46178005038329084 0.4246474018672473 0.4287539091337413 0.45216930871992544 0.47066209068439196
0.4273748440712333 0.4322297832006836 0.3974568879511196 0.3948729148691004 0.4201308024421149 0.4632769066060013 0.4328490610999068 0.42610749806121423 0.43033122747924407 0.4088181395483478 0.42343407147677947 0.4277932582829485 0.4186324083681858 0.41659288346958345 0.4368797080799442 0.44273395260083637 0.41002112666719553 0.38977575887146554 0.39058125802252247 0.39055788197598934 0.4108883593266909 0.4234615076542953 0.42480314322557666 0.43990074705743953 0.454671825471805 0.44130109529477046 0.4226439226315693 0.4407778345327778 0.42520982455494405 0.4262842088061986 0.40689371843323374 0.423869955374594 0.4243378651215726 0.4142105209685441 0.4142375535213094 0.44601324092804695 0.4155468043195708 0.41491549543498546 0.4556526672105971 0.4468688154462442 0.4382481885729804 0.4622108847557429 0.5113940930106303
