Raster_benchmarking/DGGS/continuous/raster-105.asc
NCOLS 100
NROWS 100
XLLCORNER 1743164.9645881867
YLLCORNER 5469294.628958623
CELLSIZE 10
NODATA_VALUE -9999
[rows 0 to 18 of 100, columns 0 to 42 of 100]
0.6372574525368722 0.6746180406547709 0.6790328903281276 0.7194405463484377 0.7288589932356373 0.7253723503608672 0.7276007522615026 0.7696079142694956 0.7812867306401626 0.7768051962824899 0.7632941213245091 0.7833735638813061 0.8470672135479218 0.8149508038269665 0.8254183556755973 0.8587975775562036 0.8555666585679444 0.8456164513854239 0.7940681776840665 0.8101354985900946 0.7939774531773282 0.8112677780433872 0.8052424826787352 0.793795204375697 0.8315320062460547 0.8307759942975241 0.8265837668048822 0.8228863962052889 0.7848165147742981 0.7988962301593172 0.7645928092033389 0.7811125205512814 0.7821000093197109 0.7359564881334516 0.7066753464432761 0.7047058435867579 0.7127187320303449 0.6865553631364864 0.6649579973130909 0.683207437922182 0.6521024212233281 0.6157179286895987 0.639699575297411
0.6899728599071487 0.6740998838198408 0.6698530596659744 0.6995793786739437 0.7393349497830021 0.7640562770776409 0.7376757554808581 0.7680929216462321 0.7419579235903415 0.7501819721284295 0.7678062584556008 0.8027742734615471 0.8361413853603363 0.8148713001784281 0.802620805338989 0.8219614532961714 0.8252487796685921 0.797382345526731 0.7972437033304337 0.7975525110643553 0.7717540358945838 0.7907111579207774 0.7933756654427698 0.8258954182330871 0.8350947593859642 0.8230749566803455 0.8303687191293199 0.8192241200978971 0.7735240028807815 0.7671197751042546 0.7783443132806068 0.757256876801321 0.7674811764818011 0.7651570532018203 0.7268162291536242 0.7188462786132851 0.6944447445424408 0.6668924666415258 0.6785116033315072 0.6465619294290074 0.5987918115586545 0.6023305935542963 0.6000555724341854
0.7139334279866989 0.6831081177016095 0.7184616505931801 0.7097407961225088 0.7563451595119198 0.7694144813556698 0.7690598055955877 0.763229371963954 0.7422608976809687 0.7802613652655112 0.7767862566266701 0.7922907019831504 0.8452612193454154 0.8264127346278606 0.8099904499627766 0.8104150547494043 0.7975580408755191 0.7841764974670716 0.8158129715170536 0.8174889052617615 0.7723266715731589 0.7924461136568897 0.7982487205698848 0.7872644393915991 0.7748667429031295 0.818055863266771 0.8195814732390352 0.8342104449818847 0.8166789441199458 0.794389373935052 0.7721605709873277 0.7432384770452651 0.7501596968715191 0.732243345575365 0.7377909452243637 0.6924797750605924 0.6957245237662802 0.6609928683293981 0.6610806362468858 0.6348817891973981 0.5612803913277926 0.5920571464565489 0.6026552089674664
0.7012100529286575 0.7097476830246795 0.7101187048717489 0.740274930393649 0.7652310439840159 0.7808812390795804 0.7927511258339293 0.784258904020823 0.7743485679115869 0.7948804913082654 0.8216945958773221 0.8273250417115295 0.8562672953276029 0.8510201680324134 0.8280353420203801 0.81527519152257 0.800717307818748 0.7983512404669568 0.7849318639168951 0.8123979241463195 0.8023182668859229 0.7787354611598168 0.7690816351115598 0.7562011276791607 0.7577329450847572 0.7666872890709413 0.7950717586390095 0.7885778511183331 0.7695512474731185 0.7659453634395178 0.7663647630086542 0.7431790437362937 0.7410665773368286 0.7100505607707001 0.7013280585688926 0.6562954257985224 0.6553344562139584 0.6263544497892994 0.6427959448315549 0.6150074188604877 0.5611034169514639 0.5355442515850921 0.562450625615725
0.7081768322910004 0.7104904066432177 0.7196523700969256 0.7388028287667363 0.7571220114923577 0.7422437906118416 0.7569606458188826 0.7827563874720962 0.8011882104305018 0.8083704290080006 0.8462746526060558 0.8521571183755435 0.8634392195831125 0.870336598067468 0.84968214702322 0.8235724471283118 0.8042803850247713 0.8069785094564115 0.7842945040112198 0.8276111588018826 0.8127535769295515 0.8124431281105765 0.7779182722091087 0.7553280735182931 0.7443669182875386 0.7827168559463947 0.7644630623442331 0.7878174852563827 0.7800114078183096 0.7487511949723173 0.7156645522081726 0.6923568060785605 0.6766664434468146 0.6826524599765885 0.6411755485791493 0.6387873642908333 0.6222349272567014 0.6360645583751738 0.6036117490001366 0.5963150031864303 0.5466511118492021 0.5111908204030152 0.5196810814679986
0.7077904177927706 0.7063369484286512 0.7200090917776163 0.7503973577336259 0.7727375403690884 0.7613584015436657 0.7541434916782986 0.7882472524125108 0.8195345417536628 0.8255885994698271 0.8161989935620458 0.8411657662757311 0.8882316183949533 0.8449831216760249 0.8313305062443559 0.8103747335715347 0.822712248594025 0.8008588779154971 0.819113072538859 0.8225092654212594 0.8123219103608585 0.8060155653499855 0.7688660456901092 0.7690759320712991 0.7576982488995573 0.7712764954577294 0.7386046036468643 0.7504700831060391 0.7804774270220286 0.7263240791410506 0.7121996777005184 0.6662783018619681 0.635189191044886 0.6295618949880807 0.6224802847655574 0.6224661254151844 0.6022768811561315 0.5990736360791633 0.5705949356989941 0.5263537305862396 0.532447126656506 0.525589620450159 0.519775471016774
0.7085051657636637 0.7453321449523023 0.7683185698192824 0.7693847041389121 0.741217334578289 0.7496357532659585 0.7718995088619206 0.804346093160637 0.8167131406947272 0.8326129896439824 0.8198047654448531 0.8602183392158269 0.9176278204356961 0.8589377242738678 0.8110168497428802 0.8062519612252134 0.8028511546761155 0.8122979257955307 0.8179746733940579 0.8275546709533923 0.8015024508754679 0.7954188655703255 0.7795497799097045 0.7893659362548265 0.7785740235593649 0.7685066083154568 0.7241149112533368 0.7712788540076464 0.7945988807259624 0.7255532736784138 0.6779650934907527 0.6493138788986444 0.6375340104940623 0.6031559466695721 0.6248464941628546 0.6118451027856033 0.6012206531795078 0.5876823604181698 0.5424209245618538 0.5280384338264467 0.46211309848820026 0.5105733743557501 0.5016812246457688
0.7007133160963849 0.736705618997217 0.7514353016702957 0.7907927568504756 0.770946527932605 0.806778997674673 0.7828394196980422 0.8075425515326476 0.8076502627095616 0.8090865411740904 0.8127760897768054 0.8244785480471276 0.8277398497003037 0.8310651066750301 0.8127572330816042 0.8102860495861532 0.8240893411364117 0.8070064183852883 0.7982951949463526 0.8097684056994802 0.7751288450303598 0.783139039292744 0.7500365431023989 0.7589891083543706 0.7374581636641097 0.7127462486358842 0.7322351648486399 0.7230540737801738 0.7098124414019337 0.6873633874527565 0.6689005097670346 0.6657190985517684 0.6491725679238319 0.603608254073036 0.6043224802645432 0.5786080295674213 0.5876141391793399 0.576727169468671 0.523204360665129 0.5060954260249562 0.47722438419591745 0.49068993519778004 0.4651035373045989
0.7331573981649893 0.7401901699163455 0.7756273550835797 0.811682801814312 0.806487068193053 0.8079058680020857 0.8212033802975246 0.8282300327884141 0.827133645823175 0.8353245341715045 0.8205403415776711 0.8305712502636495 0.8281391299906632 0.8192280793496173 0.8269910324951393 0.8333924215197184 0.8248259774908123 0.8190123456163669 0.7954774887528939 0.823863217725051 0.791452916679518 0.7664824666774871 0.7496778557403583 0.7345834141360911 0.7419401835706324 0.7012758329482853 0.6982333595228426 0.7087470319864009 0.6934721851201601 0.6796170434081872 0.6452575973457382 0.6494581478554654 0.614769910378105 0.6178118535774744 0.6015007966309199 0.5722451022015149 0.5615583190702954 0.5681163549340877 0.5343854717228586 0.5049323432597572 0.46738908279194147 0.5018753768021879 0.4653601816141856
0.7705153602514356 0.7838402602320662 0.8181130349679792 0.8147757462221291 0.7970037214705908 0.8243620938117446 0.8284300896950241 0.8475025749606472 0.8326250260377398 0.7964875488419118 0.7858317398901318 0.8220955999164499 0.8312141541452037 0.8177501481328285 0.8009225474916828 0.8242241743288287 0.8212927239164544 0.8407143498152531 0.8075088248763518 0.8233049355525736 0.8325413989310071 0.8145984178391101 0.7714799046237858 0.7428686979332259 0.7197517024726936 0.7035500320623658 0.6795223086139659 0.6790704675632143 0.6470208398376236 0.6658793018787251 0.6497054240936752 0.6171615346669034 0.6403591793580473 0.6220936425587664 0.5736730133667752 0.5519245889503822 0.5564642841927936 0.5472892967836538 0.5288734245018958 0.5080121596456951 0.48955948377949565 0.49097742626897506 0.46545866029133315
0.7688008398063217 0.7931750295211396 0.8222757055213739 0.8235683651015261 0.8286945997898497 0.8207441637958904 0.8444041998862871 0.8397330900120922 0.8154104471116347 0.8023114921365954 0.7871077780540839 0.7936448751880847 0.8225221402190162 0.8261732219501914 0.8098761755104166 0.8433867067730528 0.8679123162321578 0.8197414231963887 0.820335123298021 0.834165113921004 0.839063712626171 0.8230095035050616 0.7917839866957417 0.7415960956354808 0.7000241913289533 0.6978028941408404 0.6628276514939304 0.6415346502587451 0.6251863176932649 0.6466985084513223 0.6423963628600754 0.6116562686021025 0.6336705954121663 0.6177583729000299 0.5498411899695768 0.5233365701791325 0.5407513266150927 0.5034874297470622 0.49400154074606245 0.49129659429903694 0.5058381348299987 0.4826200441705055 0.49962769560975473
0.7491611567877124 0.7711777992710699 0.7931393024221647 0.7919264882466832 0.795215090924768 0.8073333826890435 0.8278728842156992 0.8040533553189436 0.778116589837903 0.80888457575514 0.783132407466307 0.7997628604124091 0.8191718586077067 0.8006579572525871 0.7975264502458795 0.8216294318440724 0.8156335482515898 0.8254812316624446 0.8293321128949096 0.813196053456733 0.8277208412810152 0.8037314392376341 0.748867420240831 0.7261885810581444 0.6910960357014241 0.6659451139846745 0.6482114380235737 0.6496738224785037 0.6585799451939308 0.6283896092982268 0.620912339080071 0.6128804000906708 0.6008756065217581 0.600613961448238 0.5605232300334002 0.4984531114577821 0.4970824353264198 0.4984999987290023 0.5120543440217457 0.5216686286061472 0.5401522331327921 0.5223006279291287 0.4885087878685593
0.7040873704864737 0.7283609315118119 0.7818018653126979 0.8100184305626024 0.8231621736750496 0.82963517333239 0.8224055593226697 0.805085506201214 0.7764761791980364 0.7801070730579625 0.8061735541746392 0.7853343241680006 0.8048032344156334 0.8033640983348493 0.781286230755636 0.8123012597805453 0.784569536913172 0.7804375075115193 0.7915739021523468 0.8136761911309532 0.792025829182 0.7925051180730917 0.7612941843862446 0.7034121291242635 0.6897307924490557 0.6679349881033948 0.6815855831432142 0.6847068784500594 0.6478555894558368 0.6298283723088722 0.6326022831092865 0.6336697308925023 0.6258439734870374 0.5670761299927266 0.5198259936105888 0.4854274835549103 0.47475010445159516 0.4808982698477585 0.5144519773882142 0.5470936749416464 0.5517223169824098 0.5359089726400774 0.4927784768810493
0.7120148144139856 0.7359490005813792 0.7405162846016504 0.7847048180260291 0.8004844957712581 0.8106893503790774 0.8371169374779046 0.8064496268509583 0.7931646654438089 0.7804007873889257 0.768475792240304 0.7682805328214295 0.7616616689488428 0.7843810489495031 0.7954004186113425 0.789280537247863 0.7921218043189823 0.805566705635899 0.7993304249056274 0.7994419658931919 0.7995593193409425 0.7649861670519561 0.7333503575856027 0.7241358690015366 0.7001947788423324 0.6904767686467755 0.7006697721191094 0.6673928870855335 0.6169805452720825 0.5926205788509735 0.6170870233338784 0.5839673092438612 0.5851221726370828 0.5557147808032653 0.5162215298534006 0.5073292163590173 0.4763527950241646 0.48548247924150884 0.5057726408550913 0.5316551497367488 0.5258169385119522 0.5496042903243151 0.5143709124392545
0.6842163027337566 0.7219636789708201 0.7261103541332177 0.7710350450969188 0.766282364738274 0.7841539822324652 0.8157348379934164 0.8067994246533712 0.8143371853545774 0.7850709928562849 0.7728216455208331 0.7592980485869666 0.736016295889748 0.7539864228120524 0.7457529227335887 0.7510978368555363 0.775299374341385 0.7947158028996938 0.8194864713744516 0.8115208700367276 0.8044493920778689 0.766548441826868 0.7239760703403813 0.7214841854748939 0.6980002750815715 0.6871034968901061 0.6993228457744946 0.657923024513598 0.594457033908545 0.6025453126325742 0.5834329209316248 0.6024949739777516 0.5803616133774699 0.5370152998912757 0.5216842868358231 0.5276298357630449 0.4740949527195935 0.526712724992603 0.5258112820157964 0.5266793373634123 0.5423761796351634 0.564445773536413 0.544937794711114
0.70150103533027 0.7313595423800359 0.7529994236664178 0.7525454176069745 0.7770701021788232 0.7749439807280497 0.7718873818696843 0.8005093147809176 0.7966274951042408 0.7772650948608628 0.7520523998619129 0.7416753485679739 0.7345887380007824 0.7415942964826175 0.7500092674513658 0.7410844177658039 0.8025488167074272 0.8182748653896409 0.8315437035875659 0.815238268830695 0.7971253906607884 0.7925137252181763 0.7427920572427423 0.7079089945358155 0.6967621883320952 0.7067565316252108 0.6975554652904881 0.6487345730768909 0.6338333142160715 0.5995879928468828 0.584007396954388 0.588869676255529 0.5643173998214617 0.5391334514331445 0.5252467686638511 0.5223572902866631 0.5124066990248609 0.5466703715013539 0.5563043155123675 0.5490712005871635 0.5397302346607904 0.53171411273667 0.5161236412215029
0.688412899921034 0.7334659269622239 0.7599819699532162 0.7810497066533111 0.7918008806881836 0.793468332551886 0.7801775887807565 0.7688864613734285 0.7658634586039098 0.7474640456035984 0.7677433310281788 0.750406127436859 0.7724711864431447 0.755051818817239 0.7349403516179659 0.7485803113128685 0.7920619171230705 0.8034264088686122 0.797583161180624 0.8174325882579997 0.8147165342917495 0.782010020009924 0.7620751038888267 0.7196756363877993 0.6793186695136103 0.6621396852428414 0.6769571560692835 0.6501511595435311 0.6252980017012889 0.6097840529465676 0.5885587080784956 0.5991759852855058 0.5793144328637209 0.5776347679921824 0.5372397690864407 0.5424646982380852 0.5561270269001362 0.5524058019873125 0.5571748558546901 0.5625571852873784 0.5289297630904425 0.5290955008373802 0.5086298055453957
0.6971096974983766 0.7447970716830524 0.7589419175389664 0.7478829977379347 0.7840041172975333 0.7613228183318111 0.75683587107003 0.7784659840477532 0.7251500664097225 0.7240337287558002 0.7425362333505142 0.7383379898989851 0.7498543167568246 0.7199232674058317 0.7201487635110556 0.7374254751435917 0.7413144040216503 0.7713203111235233 0.746096093710738 0.7523853794773887 0.740196394076882 0.731617541043818 0.6979358768166167 0.6995540476068631 0.6872056786451666 0.6682676001052377 0.6692255267216718 0.6566369634102497 0.6603801798533434 0.6358478885491604 0.6017628363757005 0.6163599948418338 0.5803864646451443 0.563670249728484 0.5731659732369768 0.5625619240738925 0.5573451912432338 0.5504159495876203 0.5792353827939601 0.5716765474900004 0.557395405447984 0.5332431244021009 0.5083658371759896
0.7128838544276394 0.7342624538682093 0.7300608020285918 0.734118400545251 0.7735187340880113 0.7406334590994068 0.7646285073944163 0.7411358867783351 0.7130106455480338 0.7227708417624162 0.7127700438965882 0.721933783479251 0.710356186183189 0.7172965072054461 0.7448468157284323 0.7454490907884498 0.7338579413903746 0.73423256433839 0.7493202966004298 0.7426991202098681 0.7394496112505797 0.7019745466771031 0.6890457205312378 0.6818480427361959 0.6924405469308661 0.6620429346758786 0.6495099950910785 0.6646188248505861 0.6361458625281865 0.6211321115819699 0.654203175337376 0.605533775629522 0.6111893862063924 0.6151097185582801 0.6175430142320544 0.603770720569599 0.5626350482830902 0.5646590592212736 0.562558074481672 0.54682834698435 0.5477541295784206 0.5470388780216571 0.5231502519626163
