Raster_benchmarking/DGGS/continuous/raster-422.asc
NCOLS 100
NROWS 100
XLLCORNER 1743165.6392706546
YLLCORNER 5469295.542869519
CELLSIZE 10
NODATA_VALUE -9999
[rows 76 to 94 of 100, columns 0 to 42 of 100]
0.49146974279579175 0.48267823397620024 0.46305731909326975 0.4832907970080119 0.5276667910075826 0.5189096308213023 0.5254994542028256 0.5295732729581069 0.5278957088040513 0.5242184822261318 0.5662293098444667 0.5467760795971119 0.5485071419026436 0.5199797087506512 0.5384414400648699 0.5298791193447048 0.5394718774246143 0.5618588640189456 0.5713662723844546 0.5726733684860454 0.5734423865094509 0.5828706711201458 0.5973399766366664 0.6134482807134947 0.6120677637227174 0.613428413366692 0.6082486775745934 0.6153336824234943 0.6137579014163322 0.6215168177383468 0.6715922047739091 0.6841260277988771 0.7241889910244571 0.7516897774339929 0.7931933585087063 0.7827676327951882 0.8065901754423003 0.7972982189589674 0.8135046123727293 0.8214733260510079 0.7847914251068268 0.7753342387070451 0.7714325410382159
0.5148486734645209 0.4733600762648513 0.4691497454306484 0.4886845475269518 0.5208924493599428 0.534317039645119 0.539102720050155 0.5381806442023838 0.5553386075770939 0.551421478029723 0.5998964386558164 0.5915127680400714 0.5841677474899728 0.589667587097138 0.5756317112859716 0.5804069983744535 0.5582228031349663 0.5964940921302131 0.6201559634922134 0.6322238246018302 0.599653443402739 0.6226815287712874 0.6621215505889627 0.6640045910557246 0.6557974611708473 0.6259876627593534 0.6292000730902707 0.6605126012946281 0.6849301402576232 0.6482202907065607 0.6678527453862965 0.7145464077125868 0.727303489352178 0.7591035836092457 0.7877811363960917 0.7827213356555375 0.8235589777722978 0.8002122685421801 0.819488667973648 0.8559580325385561 0.8261673427940007 0.804304749406744 0.7865928706130623
0.5278190606531085 0.511651156554044 0.4725706297645768 0.4922929590427744 0.4942881446450103 0.5066013833165703 0.5273997768729956 0.569613502754073 0.5645929601965504 0.569052465221526 0.5968741722584662 0.590602286389548 0.5673908745939369 0.585853366935589 0.5682515485677454 0.5691052430171906 0.5956991318524858 0.6446965511398347 0.6769847101808624 0.6482166723505988 0.6380725872091446 0.6514177134945275 0.6652203875938208 0.675023106340316 0.6560539029001272 0.6633832425773991 0.6391319040664696 0.6716005209608359 0.6831076865043733 0.7041569776434861 0.7407728724132898 0.7532679371371934 0.7622735457383579 0.7662143965012801 0.7948887654725559 0.7805112740956669 0.8110043077878705 0.8323304172628636 0.8657624150442619 0.8774300820302751 0.8796599978153142 0.8681885114834847 0.8261502934619596
0.5204800836169008 0.507669346095903 0.47311878029821874 0.4668023353206106 0.4835527575781959 0.500545839970325 0.5311396924920254 0.5513082070976639 0.5587723681481302 0.5828053696947763 0.5925947204703603 0.611853474302806 0.6015737959948524 0.6252409717464262 0.5847903253610027 0.5881131679899689 0.6125661277603609 0.6409903842021979 0.7067587023597759 0.6717072423271506 0.6471484027701538 0.651315333675677 0.6949729030435137 0.6899357077469256 0.6708495502732427 0.674878368728448 0.6692457525872866 0.6726622983927366 0.7038506812460862 0.6991063950175576 0.7454059029297994 0.7790707320129704 0.7833944081649227 0.7952180309583768 0.7927063367175368 0.77812838201375 0.7962613187441256 0.8187008323231892 0.870634035991479 0.9029606301063662 0.904639240783511 0.8767154899028862 0.8788728255202695
0.4931261889011366 0.4809654556900012 0.47100278770722326 0.4727188024675729 0.5011020334654047 0.5341713500096248 0.5257954125750849 0.5474797066272418 0.5568357380443478 0.5645695213440517 0.6022846016709702 0.5877209610371777 0.6129986998938007 0.6426181521054399 0.650129880590465 0.6280822444569686 0.6461914758461957 0.6924601985892003 0.6656196719234673 0.6600615434586321 0.6711689974631987 0.6846177895676503 0.7217695072455951 0.7091971890916086 0.695616754342418 0.6918033723789456 0.6703572899437854 0.7135841780911865 0.7225372659409599 0.7378136153020357 0.7447258822945181 0.7887332823346336 0.810734370720466 0.786082056210658 0.8010890839607923 0.8055583496550083 0.803817093417109 0.8373298176590046 0.857506571060314 0.8845079841607189 0.8785157468926957 0.8938020320798173 0.8794510294344428
0.44377883393660056 0.46847608163728066 0.4866884050503349 0.4957302765327474 0.512870975970838 0.5275924979458462 0.5455785272301453 0.5741595202572308 0.5697067745200668 0.5981723368679747 0.6090112948673186 0.5925498634162946 0.6420168846047244 0.6418699182595853 0.6772525308140813 0.6893081753877343 0.6965541990051091 0.685441999284527 0.6735247717823067 0.7072296062912872 0.703699058430878 0.7121560477288466 0.7697600653883134 0.7288083529976557 0.7504781987445589 0.7218047426044483 0.6846653945561814 0.6927137803080995 0.7241425446961919 0.7488219794044211 0.7795515699663721 0.7799092395188224 0.7903484600995034 0.802019107764892 0.7990715509535649 0.809897578122255 0.832966269739745 0.8464456696256613 0.8937258340797298 0.8774121291837085 0.8845317494130921 0.8769241506251759 0.868515524959697
0.4361977242576121 0.48665900303709386 0.5029308570398925 0.4770769418106293 0.4737503847636752 0.5041105638192862 0.5039520953483604 0.5608604113742859 0.5766631079188951 0.590418690071127 0.5741788971090909 0.5992361787398172 0.6248480977961012 0.6584717770818493 0.6884385929230105 0.6997678775292018 0.6723378387339715 0.6713793189982611 0.7126531005767105 0.7188540639230189 0.7103920540501184 0.73061011422256 0.7625215384410646 0.7815168934579436 0.7697631122775577 0.738807056135436 0.7272298302029178 0.7316934281700748 0.7479966569048428 0.7307796907957002 0.7595822575492674 0.7504061691482464 0.7738444012924094 0.7685511348395678 0.7900662985036421 0.8049916952824134 0.8421300310497847 0.8751170078566664 0.8466413900734251 0.8545202337666671 0.8509097740113061 0.8913407780419369 0.8498855402868576
0.46912286837034173 0.4654786926714704 0.4762217602708779 0.46560029791181984 0.47795370799711967 0.51112594642077 0.4906691249511627 0.5285078094971222 0.5717666161337102 0.5680386541217266 0.5698468052191703 0.575651893612664 0.6052447433765438 0.6563510788062984 0.6728160934776929 0.697569629609678 0.6873552700464213 0.6738689521294704 0.704355087830941 0.7352261536427628 0.7123451321696543 0.7737946135785545 0.7867458282431389 0.7741889920433038 0.7663547287694727 0.7649071633012751 0.7310695756496433 0.716916699344432 0.7273181333435377 0.7600885213662087 0.7408456918816798 0.7628364165101631 0.7655312543974707 0.7973155348173684 0.8048474821153094 0.8198894521129456 0.8286362145311894 0.8415566874703602 0.8529137217756984 0.8279051250722799 0.8601583012076843 0.8816855479156944 0.8841721599738095
0.4745766888744356 0.45836731207390474 0.488751107140256 0.49877645575673935 0.49206104727037553 0.4775821257623007 0.4763910840162814 0.508220247254045 0.5530747642147764 0.5421898651457963 0.5777857048555729 0.5760984189617558 0.593174916507031 0.6276856230487844 0.6732955639962547 0.6893687041814847 0.7167960123330845 0.7224365607832929 0.7082848684646874 0.7441704489314956 0.7525808290553341 0.7783325529442179 0.7975459897561676 0.788061758055287 0.7767770608206583 0.7883840114480902 0.7523377293830645 0.7620801225564451 0.7766332635614641 0.7927482773217717 0.8212363959148896 0.8326564062444574 0.834904565708767 0.8018680823139421 0.8166173308527231 0.8035970592362599 0.8362494867956267 0.8469251040873966 0.8268747060281572 0.8337200523407851 0.8316282657535076 0.8457652904071326 0.8299944947578268
0.476686432840818 0.47465668514792225 0.49863873447998575 0.5228923471074794 0.515834718998565 0.5003110411274722 0.48623637585658175 0.49735324148364496 0.5097501867732543 0.5292601687389977 0.5830096866086522 0.5736012374533009 0.6150041842504774 0.6274432227868707 0.6613758326567556 0.714146101630669 0.7130326080784594 0.7205851525965363 0.7346575741195701 0.7468041281015603 0.7917779943582087 0.7799650182175605 0.8256244138144588 0.8177769763015851 0.7968954480678934 0.8173649039062112 0.8055740446480715 0.7867709695721494 0.7920310988624621 0.813142998657251 0.869437400408888 0.8638463358454719 0.8734260005796275 0.8606374111270696 0.8125415212890833 0.8146491091014332 0.826937597907032 0.8514335985292912 0.8011986381087345 0.8231405927153339 0.8331331823703686 0.7980574476232346 0.8010303934866172
0.47583984152556913 0.47977077869254814 0.4822178543646707 0.4890306306760113 0.4729398581698122 0.46576973894178647 0.48582583417776165 0.512209088174474 0.5383552053627709 0.5639570492940189 0.6043805287984976 0.6133188191151895 0.6592947544602537 0.6703859070344809 0.6680958859265475 0.7073305766011192 0.7043283974988924 0.7515474632777355 0.776909414285721 0.7604516005703831 0.7931093976375584 0.7884957351737202 0.8195039844240095 0.8290489796329632 0.8312509588614588 0.8396068014833031 0.848168294701498 0.8197000202062893 0.8192977107648318 0.8662199648018414 0.9059443250963041 0.881844285455637 0.8804607020430459 0.8810774935228628 0.8404322851621956 0.8515953381371157 0.8606107688543337 0.8440079317459945 0.8246100882840761 0.828703663115678 0.8298192346645318 0.7945119799533592 0.8203313263562395
0.5303582931438611 0.5118054827351558 0.5034231227897266 0.4738725093789592 0.4671048745325953 0.49610528576461344 0.4812363740147913 0.5005618162362544 0.5108377617172654 0.5332219293597766 0.579972431768977 0.6221076154596755 0.6547395106423627 0.665177735869471 0.6594495379814714 0.678888707050412 0.724543863964269 0.7477540219193667 0.8031442058887057 0.7773304737824331 0.7827216387081373 0.7900461369856772 0.7781335379717191 0.8270517502951346 0.8340622507393772 0.8278744434544674 0.8649212504654853 0.8590340745151119 0.8922642032596232 0.8793938254355266 0.9105850581317452 0.886296323824815 0.888485794374978 0.8847885642963054 0.8848285878358289 0.8547097887250389 0.8581300320357561 0.8361694022317506 0.8389539762029533 0.8206619013572067 0.8288594494029236 0.8151361738535776 0.7909753518376617
0.5463182546699124 0.49185585072889587 0.47661804116562756 0.47838955862615656 0.4932907838783535 0.4767068965266973 0.5100062859552013 0.5104506449199808 0.5303492943382266 0.5476010208512083 0.5891598032955703 0.5967425422351336 0.6065504255661963 0.6277602064234992 0.6788823240345442 0.6784021198080707 0.717837460954567 0.7859488570622315 0.7892063311611308 0.8028906614417667 0.784230253384604 0.8143157410965084 0.8072075678763069 0.8090467673002812 0.8179646126533295 0.8448998543881799 0.8766632557105716 0.8909306896529205 0.8777032132126853 0.9005606670975606 0.9003571405792781 0.9267016428971881 0.8993323837200404 0.9008913581827519 0.8948747864980525 0.8531018366326495 0.8585797557504553 0.8369425516409651 0.8633613913564852 0.8352112855441625 0.8347813152891617 0.7954388604479021 0.8236755140259524
0.5253134187160643 0.5088889763546569 0.4971844155888962 0.5041462405776865 0.4792170787983379 0.4843980767742182 0.5211513252107276 0.557395812382162 0.5669361977178913 0.5441963611723951 0.5860548318619322 0.6013169650098122 0.6110995197058221 0.6268678231032184 0.6570386335161426 0.7155652431104255 0.7355388262952306 0.7530165844117122 0.8089416375544394 0.7899526092160266 0.826027762860217 0.8118466839365925 0.8148715486763616 0.8551739053473736 0.8759157964150678 0.8841700851893152 0.8952466291260497 0.8715499309609849 0.9007400521096733 0.9344161939911986 0.9502891858629222 0.9325029166969981 0.9010189465960121 0.8809484544706339 0.9028599341579984 0.8797020784841846 0.8427359246648456 0.8560753378290495 0.8498075662644664 0.8326888332297854 0.8229251539894996 0.8029091489338814 0.8207192596046878
0.5164812012977581 0.5200133812850265 0.4978570384909654 0.4782597411562902 0.4754896497559176 0.5128950953636757 0.5278241347362767 0.5361825735595136 0.5447956828199316 0.5701257682490025 0.5689569054366085 0.6164874032503852 0.6649852590307913 0.6678271942594519 0.6983177433049433 0.7129188936665206 0.726546894682418 0.7698577196894989 0.8032194454309763 0.8035338497653884 0.8500721594500362 0.8435446627569947 0.8519259511483722 0.8558523574215428 0.8562557643545479 0.8531036328949012 0.8614878853278439 0.8781541016684742 0.8825283879581453 0.9354934614143874 0.9499302533822187 0.9458007321088361 0.8979803440219564 0.8836428009575849 0.8714728140377772 0.8665683831621123 0.85529958918162 0.8446912157383607 0.8429464301094902 0.8641536955717892 0.8553697215583803 0.844516187619472 0.8199279949261667
0.562552614524685 0.5335689892138478 0.5006471576347348 0.5142620472958369 0.48580908554044494 0.5008176285070769 0.5393685778028707 0.5606856718635588 0.5797714507251834 0.5718685367478633 0.5885090051931801 0.6453185678827256 0.6772151890189853 0.7067191666437652 0.7718383958029822 0.7388929200291122 0.7562409699423622 0.7885496802457466 0.7813796523223745 0.8268417277246004 0.8701490712809129 0.8841412930913565 0.905869726635909 0.8569381016983968 0.8626968641438786 0.8834265430590018 0.8572534236791114 0.8876082848487689 0.9012373898288691 0.9385101596467127 0.9611289617376353 0.9563688621027444 0.9342558307176346 0.9267270204987004 0.8665179794098532 0.8583055173947352 0.8329977418645189 0.8447213930674116 0.8572755549811931 0.8581087131815409 0.8691779670560463 0.8607517406969122 0.8166698408595209
0.5773882038514622 0.5467212999145702 0.5238311860872465 0.5192826712802682 0.5350909957582293 0.5464755985024187 0.5786123340436251 0.5967182976544982 0.6044451747215311 0.5967305585768004 0.6478098974035872 0.6607783066414128 0.689257709087917 0.7217886223925951 0.7872363689760099 0.7939757999798336 0.7813681385699043 0.8024103657224554 0.8412165123054008 0.8497467647603494 0.8847735963584158 0.917970003939868 0.8981002482700731 0.8980140178816172 0.8838812804305128 0.873126670369647 0.8732255482333107 0.8952997157042435 0.9286908442227528 0.9355076696184583 0.968392534655068 0.9466232317454241 0.9526215359923296 0.9442522916739254 0.9138520076421287 0.8996527293211696 0.8524825350027875 0.8586903688316327 0.8598460456590744 0.8655206142932782 0.8494141021418053 0.8580381241635556 0.8604676618123422
0.6144848244779778 0.5614749202857671 0.5409124256803718 0.5255830018201993 0.5525873919741582 0.6016657667123059 0.6322580984178424 0.6275324199967046 0.6099998410261335 0.6492708417627567 0.6719482136681941 0.6715702457704457 0.7234653792663189 0.7389237108557373 0.7857744730421314 0.7999878899251006 0.7977572229846521 0.843052153173621 0.8636602539440237 0.8786295780219939 0.8987324821937817 0.9048940382002956 0.9286847589355276 0.8962386570812811 0.9068491560513425 0.9104792337731474 0.9460096612951184 0.9229071027101655 0.934270330561426 0.9207523990496419 0.9533562871640678 0.961774109463091 0.9809236105845127 0.9682053371019345 0.918144857162751 0.9073457605918483 0.8975291380039235 0.8835550686336345 0.8541436404583527 0.8753564033072401 0.8562082242987666 0.8910811693800376 0.866192654386058
0.603548588290026 0.5983021149356079 0.5788191847498151 0.5647579510194941 0.622401574488688 0.64957172322693 0.6304773001975785 0.6420783475211593 0.6491935877123955 0.6348739024386789 0.6840483340220628 0.6832255913733547 0.7416938646737132 0.7672718706512179 0.7734016356461687 0.7952978925343386 0.7932990543840114 0.817044199289155 0.8764991875483443 0.8842877670390302 0.8862495683410874 0.8765717400322716 0.9108484911498664 0.9108230828212401 0.8987625851031649 0.9357296340046654 0.935164247990026 0.9252487897305327 0.937513829269622 0.9487015669662772 0.9844341854186579 0.9838318962600482 0.9720095026058033 0.9658504391129513 0.9405987787376715 0.9310069557470418 0.9322290333917315 0.8820157406151925 0.8935148272947759 0.8790924220730371 0.8822030251123327 0.8903860120212601 0.8833797860598906
