Raster_benchmarking/DGGS/continuous/raster-244.asc
NCOLS 100
NROWS 100
XLLCORNER 1743156.3333596054
YLLCORNER 5469285.146797472
CELLSIZE 10
NODATA_VALUE -9999
[rows 0 to 18 of 100, columns 43 to 85 of 100]
0.09878059571349054 0.06682781997257918 0.06026343130474154 0.08709166364230295 0.06833218550943247 0.07322337570277108 0.08347587216099085 0.06730463019278478 0.10695493834274299 0.10234167243407535 0.08912271724864156 0.10786734544075383 0.1503068133971325 0.15574161763152575 0.16101277284281557 0.1735286892337909 0.19680964253529706 0.20313841546282282 0.20595538411886954 0.21863817387928433 0.21804656529857344 0.1638098018296188 0.11841661814100415 0.12194048280081976 0.12728986803709566 0.08891430063943025 0.0538003473969669 0.0728107493325196 0.06826268551483253 0.10070869230490967 0.124790034370952 0.1747634526645432 0.17202247007912314 0.17227612894823485 0.16703519943198972 0.17608347877143393 0.20344136309628186 0.18105147139020097 0.1478637884895117 0.14057047497886171 0.12338112949780185 0.13876754346348932 0.16567140979036785
0.1047249565500079 0.08120073395683138 0.09065558229175195 0.07645883889335153 0.05072496350991412 0.0804439263355361 0.11478858507576795 0.09860491984214646 0.11763584863241887 0.12186962118617742 0.12368127846688622 0.12133874411537346 0.13948172451585833 0.18800629531429036 0.1835257646519707 0.19306157091557327 0.21680736851168816 0.2066975048556146 0.22974488672100327 0.20743523378817813 0.21282578018605466 0.1750191213647234 0.17942521848430146 0.1502309425564165 0.11146056652209255 0.09899193378491647 0.07053496931819918 0.07979226436404584 0.06898180417604999 0.13420121955540998 0.1660746784510015 0.1599199433653463 0.17498490224851945 0.1640064037391683 0.15082322782961566 0.20199527206605264 0.20448539749458028 0.19075513882001705 0.13668201009470116 0.1334109076359212 0.08071812180066118 0.09260989895032076 0.1253643358029965
0.11103781783753837 0.13387848519052872 0.1059751709106099 0.13931937458487675 0.09747920782047369 0.1428214969675955 0.1504836420088674 0.12524335789711288 0.11050918506237037 0.15172453380342296 0.1302854361902754 0.16490705326895624 0.17292659351277423 0.17315761463677018 0.21708805474063927 0.2300425639069745 0.2444912924159151 0.2079712184559992 0.18911069877861728 0.20210464602584635 0.18369312971484797 0.19313145320361774 0.18598894364717722 0.16107505428851537 0.14083311768111018 0.08940758580453644 0.0843590252214126 0.07009902143243205 0.08751919924809215 0.12024011658081009 0.17546738714617038 0.1845906313456422 0.1873816464765598 0.18207682341795475 0.14267613270898188 0.17612822500060452 0.20266927720137637 0.19036179949146598 0.13711918964769132 0.13183427736061726 0.11310188486542148 0.10188668255731913 0.10121186884554764
0.13631427541343843 0.1356279044704716 0.16534608715561938 0.14295146581309084 0.14847105571847075 0.17901843736038422 0.1666514203692799 0.1740120308647356 0.12175245644592496 0.12341178826997601 0.14825095770054086 0.16322024558181591 0.20891813678781312 0.2094532901749469 0.23219900127883367 0.25227549233798613 0.2507963414618462 0.24666845977485247 0.2064123781789308 0.1947839124620693 0.19967493979595452 0.19932390830149116 0.16244261540997182 0.14787679628092032 0.16173086200583636 0.12323532730643344 0.061151937877302845 0.04982327481057687 0.08229064932241921 0.12395333485685528 0.14701658327185807 0.145770040829564 0.17999339643907872 0.15913853812678508 0.1321799247875633 0.1659996734280731 0.19212190661104916 0.19284071989922325 0.17218204761895495 0.1675268081129534 0.1269090515763361 0.14381604241359386 0.14899408088999572
0.16374283824680386 0.19131079511003585 0.16393842434716835 0.18796963306615602 0.15392868302752222 0.1886253485868068 0.1562370994815116 0.17770132702248156 0.16313498357260653 0.14435602690353183 0.15055170618613156 0.18383819035205015 0.19785890529285494 0.23564252023786703 0.2372428854449536 0.26888981288311536 0.24014606135109481 0.246197636020013 0.23154702558483883 0.21642528939212574 0.16492381401595752 0.17968847393443324 0.19160300466070965 0.1744143939119382 0.15890638827528966 0.13103414148998105 0.08366512291009151 0.07615116961075725 0.08837128678323675 0.130942247605376 0.11840611758504632 0.12497861020060855 0.14736307366758197 0.11345504446696479 0.1321238064486132 0.14916663917871403 0.16296881633679905 0.16968894867473433 0.17665887934027308 0.13256180053241995 0.11330273706125836 0.14734280220641058 0.1712538566099774
0.2135342956587541 0.2290615170504297 0.20935614853943857 0.22050815253834427 0.17485635045648085 0.20518704543111507 0.1962239379761934 0.22312465133614823 0.19161922712516388 0.17247199165087024 0.17247053974578397 0.2326836104222554 0.2275390898980319 0.2548715349512373 0.2417181727555871 0.2763132288272703 0.2521424799136413 0.2477174170687447 0.22588080144324635 0.1890007549824413 0.1433286078050263 0.17465299600960713 0.15653981067877257 0.15204124001584934 0.15592776978944325 0.11899736829529471 0.11537773020768934 0.11672844627054066 0.0857828819142879 0.11705740305183948 0.1552513410973903 0.13584274728858098 0.08684610297974153 0.13046441003930026 0.15588463481350529 0.12453963349505827 0.1322504724251005 0.14871457889819023 0.15438272099513908 0.16309343297703424 0.13092956544098314 0.1525730124120285 0.1679373890770877
0.2526581950389802 0.24973152064519882 0.19592292318770207 0.20484411441227926 0.20992173046004847 0.1977671236529445 0.21043114145700434 0.2488586265124688 0.22621418562492704 0.25302507925523127 0.22144232688897955 0.27132623677710704 0.28648189453579975 0.2834518383678476 0.285722353907386 0.2601488332748729 0.26343477807262816 0.25438447990194396 0.2183880638261065 0.19442168605093404 0.15302627908379204 0.14449039496224586 0.12118773136839521 0.12334419969039498 0.12495069601341474 0.14630772495294544 0.13057746425836741 0.1369979304274915 0.11522077194183186 0.10193476889014183 0.11553304194338541 0.08983238182681089 0.09297678423638321 0.12421329757731255 0.1358478621166213 0.1437660971826468 0.11567360488166552 0.13050263376633794 0.14352855907898507 0.13394829816263987 0.12414698676896407 0.15289855299861654 0.17010256780524602
0.266039902743668 0.24674733813181943 0.21873844206182794 0.21416582232167236 0.2347356236000586 0.25622654355782 0.27498489588942676 0.2887627356116254 0.27558252633466596 0.29942915800239134 0.2909519910290939 0.3110989595520332 0.2877775917683413 0.2530525186577907 0.2725218581772864 0.2616149753978665 0.27824105094757823 0.23377342942065737 0.20541336493385468 0.1662093660574247 0.10561794850613984 0.10989361067467623 0.11069339575218057 0.13858158065900802 0.11572843790029394 0.1596755238479057 0.1578679849590145 0.156053547734368 0.10694554880399289 0.09493564638398097 0.12740399317708762 0.09787468214440626 0.08616107386128449 0.09979599138685386 0.12491919892497415 0.1438516788526783 0.11848219920956785 0.13194162357231487 0.11105341066597675 0.1008320626542596 0.11990174770942125 0.14534224658114236 0.11999935074430605
0.23226132599688656 0.24115003271477015 0.24444824104253818 0.2853006911204983 0.28344747274464926 0.267879750133107 0.275184241335197 0.3122847316788801 0.3109784730081378 0.3223977835009681 0.3225679978645422 0.2930282112370654 0.26564633632837753 0.2728971238183541 0.24600395033297692 0.25497523340404976 0.24954586973030732 0.21971994184245455 0.2123373697256206 0.15015573365605045 0.11972890541844892 0.13266239994081735 0.11662709207777329 0.10212588879047732 0.143024466964309 0.13632764489484905 0.12878083304968888 0.1592935162673846 0.16161979022774023 0.14118550604105432 0.12764086512171308 0.11105613550319984 0.11216371059904905 0.1370031580574463 0.13141422318585846 0.11662498059539965 0.11179150943072777 0.12684178317429998 0.09499092306261098 0.08797512860341121 0.08771933721061582 0.09268605746424544 0.13160062690490298
0.23792507068623736 0.2779348408032031 0.29735001731429284 0.3132172750579739 0.3471774398749946 0.33409192667326704 0.3173672908269118 0.3280340752963581 0.33853550809320554 0.31403416364036274 0.32294409211415986 0.28749224196262624 0.24464242061215738 0.26601075177361644 0.2179859679126391 0.22334859291050674 0.2229714811572792 0.2152514143553456 0.21916241213295842 0.16046152676313666 0.14288954794857145 0.1588116013756265 0.15108643080914924 0.12498906976050118 0.13407740539156462 0.11877343721621635 0.11173028460354321 0.13124446214610902 0.17707148017458954 0.15929945314867386 0.12813488743038345 0.15032181697569447 0.1498318687460174 0.1529481060752815 0.13585291783680756 0.12261696300357254 0.16252018627732953 0.10473896144157868 0.09110492004120078 0.05461888097128804 0.04921593287706157 0.0641524619411436 0.11019312109891927
0.2910730220947714 0.32581956160776127 0.3550999811167918 0.3346562051452605 0.3294364623587746 0.35904981505724526 0.31803777449505866 0.32102524200505733 0.35746609989775424 0.3275054912021415 0.3308492238339759 0.3315670581693136 0.29203557595327534 0.27663697636610396 0.25717846483145196 0.25479617460604626 0.2574658920593677 0.20625580462430543 0.21552516833178575 0.17540925913058766 0.17970012784083036 0.13318045142158574 0.11527442739260553 0.11092171968111482 0.11379121991752965 0.09852173015571987 0.11267138353587108 0.14759354226949697 0.1734433805795451 0.14928079013883908 0.13149724417769645 0.10570442887604807 0.09541026381012006 0.11434085669537984 0.1389727594761328 0.142633562773683 0.12069564925925122 0.10917466684660648 0.09513559119921527 0.08608619532409675 0.060506322856266295 0.11193120182436232 0.12823111730391085
0.34334195059619965 0.3375271198410892 0.3851375416411508 0.36679476863150057 0.3382517320623938 0.3639869901875006 0.34022508315513195 0.34692281499700045 0.3693902516054628 0.3356548786882493 0.3438281347970793 0.3352390627285884 0.3360238508645652 0.33370509758275263 0.2797320485178996 0.24537989570188778 0.24798133312855097 0.25269336765797135 0.21857840999341302 0.19693557226334357 0.20118547151661398 0.17003007406544238 0.14193391596736118 0.12620555065364328 0.08638458301888838 0.11529180853001379 0.10361565071298164 0.12015996400560414 0.14603610464389039 0.13556347471568214 0.12423089372345268 0.08254150795956 0.08349871164965822 0.10138462322777594 0.09225942225061168 0.12669274681597603 0.12447623172294588 0.06695393032116573 0.05984906220136198 0.09118568685421392 0.0720161106332772 0.13147636548690741 0.13829923549375048
0.40366643812254904 0.40133161163171754 0.369776180951826 0.36070250842028195 0.3364069310404897 0.3383250896319173 0.3226070099276589 0.34214055290948653 0.3592058939261314 0.3924260665685618 0.3728532365106983 0.3760458183663606 0.34234202749348713 0.34201982885953003 0.30140172596985554 0.286853089927342 0.25660383731939795 0.24378348145204093 0.24646489022573584 0.2291392508414395 0.2275997715432308 0.200454148991223 0.16942455223292222 0.132811404501643 0.1160823413428562 0.11444887627867285 0.08316682171515428 0.105322982268232 0.14135488286271186 0.1462017599800502 0.10803899768197019 0.09042791854986812 0.061710614217294 0.05839368222376906 0.05387931427916157 0.04861821888648196 0.08351667377012632 0.04250926375796248 0.040002972122462024 0.06247983004080064 0.10388260549103945 0.10496390467462713 0.14428721446921855
0.4473127838912471 0.3945183262081848 0.37975016236729686 0.3438460622954321 0.3408510450547927 0.3721483175074435 0.3751530490008534 0.39699834588466676 0.38633661605329356 0.4011057416618544 0.3807954638929452 0.3870012512512283 0.3507383408863457 0.3241837892822211 0.30901863448146594 0.2542815880915911 0.22411855161384753 0.2015381155366395 0.19558723777873877 0.19996492450152112 0.22641881989991142 0.18580454874480692 0.13635347387691615 0.13033210669634435 0.11843707048196249 0.1266896573169221 0.07547156320336502 0.09347431574023499 0.10071375036680967 0.11309531834440203 0.1398886398952313 0.12358237206061755 0.10677348870653496 0.07313254257950734 0.04807834232832422 0.06061334069854532 0.03246196900211061 0.06819010024804706 0.05451287347186108 0.0423707598280035 0.07076614974384725 0.091456029157288 0.12977744981503858
0.4215704246300673 0.41953981563398884 0.4135511667265088 0.36489450571341847 0.3723158146811577 0.3937402086627826 0.4004304314966662 0.40198570107442383 0.4366944851176062 0.4012316671604874 0.36274897679581103 0.3624934852828284 0.3277757318782688 0.33632186374608314 0.286718158284968 0.2771189928206534 0.23899652594504775 0.22943318706334645 0.188234137179244 0.19529972104456456 0.23575152554755988 0.2130605206434502 0.16061744578169046 0.1170575981912704 0.123947958292001 0.11843253357285549 0.10568227558935968 0.08642439130440545 0.09392374475037793 0.07922977675017871 0.09661052266479749 0.10813878638953588 0.08558535346817847 0.08001634506292389 0.07606674521039995 0.06827677384378072 0.05476136397003645 0.04184049852439268 0.06070065609267134 0.052250170130970275 0.05321654778892643 0.12225953026604125 0.13509547324476376
0.4385480494151012 0.4612262960064746 0.43838938383413634 0.43525212716173806 0.40640292985166243 0.4251312863688292 0.4492431281624392 0.44140088873546723 0.45179713537687227 0.38994961881527895 0.3832305309202346 0.3679862182681669 0.3373618364149147 0.30717076333781607 0.2561292879684608 0.2859414431766462 0.2570267744731552 0.22490726944826295 0.1895227901683004 0.1902053944808001 0.22306936158873605 0.20403407470651427 0.17528509530693706 0.15345875466970965 0.13682840583514438 0.13641673039475466 0.1025531785172554 0.10275037306718404 0.07096353093830718 0.064102467960127 0.11203453488831802 0.12249520846394911 0.10283186386281898 0.07288300725309656 0.07821930276735396 0.09521483552502526 0.08854844912766814 0.039753925646646655 0.01870634362537958 0.05722505813036967 0.05835678191319414 0.1133997102686131 0.13605090214879953
0.4735982068140145 0.46920547807752033 0.46795881991591565 0.42414778482662546 0.4339993160301331 0.42802793236331604 0.45089965787081077 0.4787449503416118 0.4801209611554178 0.4205989502740663 0.3835617156575237 0.37284008751549513 0.3647632997475629 0.3065681846695953 0.26859200090998825 0.25300663775078097 0.21724010177975153 0.2048776960840716 0.21721559663601564 0.21131304705920667 0.2234597265498311 0.1844738329330714 0.2188163196689018 0.18138939230341825 0.19767849419413083 0.1669641827312815 0.11983374620282113 0.11713181781568939 0.11067188563314242 0.09562122429595395 0.11488618013226257 0.09361310873714516 0.07310760275248945 0.049673796691810185 0.09335912325820762 0.09265309918667676 0.0683572356509817 0.03787917991991351 0.05720014962650805 0.058437253035235205 0.08617287852525037 0.115409270714413 0.14252255861910257
0.4683883002919682 0.4967919076161857 0.5025382029870548 0.4429096785747004 0.43564952456483425 0.43661180710200387 0.43816494265511524 0.49131445629896797 0.4698876087439841 0.4391999882244669 0.37064841354533445 0.39018991434308714 0.35906999935747413 0.3382073162619941 0.28667190586334595 0.249201663964302 0.25169806547609685 0.19780666523564383 0.17956919718377531 0.21780449114700884 0.20665832225452327 0.21088504560330626 0.2332449167210686 0.21074494871165084 0.2204376194309396 0.1800979923140621 0.14512105066220932 0.13338697801034793 0.08874735432136734 0.10883778177722096 0.09560753862666758 0.08177131044189347 0.039744135215242775 0.0600919908310751 0.06020291848100338 0.08502730039038506 0.0837241386406338 0.06525715086677177 0.05802011950172287 0.07138504747276657 0.055664333047370056 0.07869065927088414 0.13915993249251496
0.5071656819758101 0.5040975135348295 0.5056106681288255 0.49467144823333603 0.48018670392538276 0.48476125524611646 0.44357618315894365 0.47345652347594136 0.4844518959129264 0.43790094960857484 0.3973638148270755 0.3673265787842048 0.36658105965612275 0.32223491815501415 0.30835316138692903 0.3071039347045818 0.26479006577638403 0.25708626942174523 0.20906626019301533 0.21501116873252024 0.24604073292759476 0.20948577056665046 0.19528237628891826 0.18642255373470973 0.19983435310665792 0.18306344290943646 0.16885133695676885 0.1403932725082346 0.10854371486144515 0.10823390291742435 0.10183434279993368 0.09110843828629493 0.053753845678215555 0.04539430822320357 0.06465689238493176 0.05641222845890355 0.06672580991152073 0.06749230093349091 0.07818757836681368 0.04032787792932247 0.03735052019239763 0.07707466479987708 0.0946204889236574
