Raster_benchmarking/DGGS/continuous/raster-57.asc
NCOLS 100
NROWS 100
XLLCORNER 1743158.767857293
YLLCORNER 5469290.297867695
CELLSIZE 10
NODATA_VALUE -9999
[rows 57 to 75 of 100, columns 0 to 42 of 100]
0.7244982793841908 0.7345228884250056 0.7480411683592549 0.7417770951883202 0.750104624111055 0.8055470684479037 0.870185794900508 0.8895081744195039 0.906837821614195 0.8833820761568019 0.8711485295012452 0.8697728081089073 0.897708074804884 0.8513355772896195 0.7908839257800487 0.7752088251854823 0.7803421394314305 0.7842466057683831 0.8128962100111102 0.7969328740047971 0.7643894716857915 0.7625480100788938 0.7687175378472147 0.7861689899853664 0.7927068442312734 0.7645815682771405 0.7447701351239496 0.7145794223128961 0.7063052512594644 0.7304053360764161 0.7332059418458231 0.6980786908202538 0.70061492691798 0.6763024128663834 0.6904817372398 0.696682467884829 0.6747942706312309 0.6823987564971297 0.6913790707604967 0.6756489190507786 0.6350670740971176 0.637482511008506 0.6575429413208788
0.7459811856616935 0.7308165253674233 0.7689692006315078 0.7687344307295293 0.7748479214363339 0.8375669108505793 0.8768570646413849 0.8679278512462172 0.8812669211489387 0.880656517628319 0.9038318533029751 0.8705317838167886 0.8978468859563403 0.8501396051992901 0.8098936604262476 0.7749350079706844 0.7796325090059752 0.7668260062145553 0.7774582881254777 0.7773875322180125 0.7839632659679965 0.8017942281468667 0.7879299285883893 0.7921531462720312 0.7798418406232356 0.7638867568820863 0.7337499105315946 0.6994440048506637 0.6995731000050143 0.6794819355341726 0.7131364095843409 0.697094024734593 0.7000961832056808 0.7003508496823948 0.6891519403939174 0.6858384452834423 0.6650225823637106 0.6830367631652742 0.6946616504012824 0.6797886615615805 0.642651971989028 0.6371059162176614 0.6474214231445432
0.7039614831365828 0.7158287361012218 0.7575964817854179 0.7544120495822668 0.7650468047604954 0.8279485727936642 0.8611125955199004 0.9130531898561443 0.9075199096556907 0.918449174124364 0.9182587580225091 0.8905407197034734 0.9099723483757313 0.8824192855159242 0.8339485314046176 0.8196956699965593 0.7576924965744537 0.7418774412638611 0.7660728193160057 0.7450106328941413 0.7571738261753055 0.7882746693885654 0.786123387109092 0.8098231853327373 0.7680564685953515 0.7731688584911341 0.7178263738007851 0.7143913101173928 0.6709289685279181 0.6710574496005369 0.7114162186712094 0.6987993586861904 0.6943518421211252 0.6841246998785651 0.7059131649078582 0.6971178215589705 0.674239346458133 0.7021922235772291 0.6844056739797916 0.6393287092160492 0.6532255653891051 0.6226721280953247 0.6119762853756702
0.6637216725100508 0.7438538789349487 0.7550483239519884 0.7972782444373985 0.7994967853470709 0.8455870121010074 0.8654595455126518 0.89294670696966 0.9302331905299727 0.9336045488058695 0.9263339664014456 0.9112827307702497 0.9109345566296373 0.9127202804432203 0.8854830195253969 0.8364423490663591 0.7754878498690024 0.7469451850817422 0.7314814825572624 0.7244285985445434 0.7538741754593865 0.7534440011592105 0.7779220174270431 0.7733984772060398 0.7962945439076364 0.7761742652137125 0.7103763923959796 0.6937747276660648 0.6761390203310748 0.6873858071900824 0.6777048897651068 0.7222827013718289 0.7384156465103262 0.6744302465239561 0.6723713888875331 0.6977990253508242 0.7230547577474441 0.7075180092675942 0.6588251377205767 0.6351491796647611 0.6188517555885442 0.5936303699816116 0.590479595611218
0.6992769208363048 0.7425298497961608 0.7751196050590595 0.7962255823185544 0.7848264799406044 0.8306604389044913 0.8648586485744142 0.8744486560009798 0.8974555174588486 0.9031229306716844 0.9312871747933201 0.9208773337071626 0.9035620029920033 0.8873304565747411 0.8612695288362229 0.8404979635306985 0.8050412929656651 0.7655345399100967 0.7375787337734749 0.7325242759652383 0.7699054210078203 0.78359149374429 0.7837743317343485 0.7598426849290196 0.7787479682391697 0.7743544312356185 0.7118800186133009 0.7002716658188367 0.6539430924299247 0.6616233419145909 0.656378059805391 0.6838093054809509 0.693488183150666 0.6710637822591434 0.6714799909676107 0.7019216991586569 0.6632640639978843 0.6716036830530905 0.6524606654503886 0.6575064240042482 0.6391387785605683 0.618271063465843 0.6038812777153246
0.7446805038167567 0.7246620240700286 0.7662036118793144 0.7921955324603054 0.810760627867195 0.8643493065226425 0.8873985990951235 0.8816871058809591 0.8960980545475202 0.9147101696684012 0.9473923277153752 0.9100540428594381 0.8879790906644975 0.8606853349958351 0.8801896284887551 0.8610938551957544 0.813074856990631 0.801766666438217 0.7659388659574861 0.781263206208114 0.7719610748483512 0.7789998905953486 0.7529255339010834 0.7459698599250968 0.784654678088318 0.7790122423004043 0.7449684863465275 0.7158687160673621 0.6697443397877554 0.6346761087230391 0.6358462011351979 0.6688847310056625 0.6364004643145558 0.6523570309731325 0.7000872621325036 0.6583792176636677 0.6481856312404859 0.6691286575898614 0.6621995113908566 0.6755372395244205 0.6680929922277674 0.6358299119484837 0.578736667230625
0.7509326143427457 0.7400010183554384 0.749596706355708 0.8103636011859209 0.8340695387202798 0.8465464663394497 0.8616556869357617 0.8994660530912046 0.8993288712227981 0.8971713859733584 0.9149718929419896 0.9357045405657372 0.8924395713469057 0.8668807426725536 0.8658923848089136 0.8376796787154963 0.8154179176857329 0.7939735590095686 0.7700165555383974 0.7828420715832254 0.7710968089563908 0.7810348932129508 0.7552860962294025 0.7797334747178695 0.7999961539015259 0.7846126618253321 0.7608661659125209 0.6901332361619386 0.6825899287621366 0.6468839980912022 0.6474861943096958 0.6370580580423528 0.6235722398447016 0.6487902267098056 0.6556077164475033 0.6570101083126721 0.6507037261954611 0.6160827590916972 0.6264426969247503 0.6680045852622613 0.6829926407841549 0.6387470354916444 0.5796415545403704
0.7796893987043032 0.7366729526906189 0.7503540046526604 0.8068223864091082 0.8439701436565817 0.8466371915844755 0.8578452559722824 0.8729239422776685 0.9160555718910791 0.9055594616930316 0.9251203708173438 0.9259406954473439 0.8980540025879709 0.8633029934429254 0.854704199001256 0.8002295711702626 0.7768801941615624 0.7861497313802878 0.7924315606466277 0.7597459122453077 0.7550590962162876 0.7678076086384014 0.7632675006077254 0.771775303329709 0.8021981369897777 0.7882920536476014 0.735328576375873 0.6911860624732923 0.6621573564052996 0.6301545902426497 0.6554311475770267 0.6478297357171948 0.6301215438447975 0.6618885499530951 0.6341958230259944 0.6239188407467063 0.5900095704227458 0.6209802108970006 0.6099039504414601 0.6462211898371318 0.6646645733711646 0.6303817932932337 0.586717532260068
0.735492209074856 0.72615710128212 0.7341432008299115 0.8030046760581975 0.8237653289867162 0.8604672082727086 0.8593755673665655 0.883550098603054 0.9074792482377456 0.9412537957379167 0.9466218509665804 0.9239661963487079 0.8792096667155863 0.8648512334886587 0.8362875312838967 0.8174259532987415 0.7800285471743786 0.7966223677772198 0.7979539058850569 0.754030101976936 0.7895905308316876 0.7813422903122238 0.7794029015873468 0.7655984197406759 0.7658860712036006 0.7854247299045113 0.7397391924119022 0.7113317803680506 0.6767971085159636 0.6437149637600916 0.6591608639673125 0.6246682518674341 0.6415370869809338 0.6381365164908993 0.625069108088506 0.6046353402884641 0.5988043511079064 0.5763486236420432 0.5780458484698188 0.6020453450793846 0.6203749198155183 0.612391652172697 0.6048472497576108
0.7112135589731565 0.7106727696819729 0.7489297577363693 0.7694079646823341 0.8159154319286301 0.8450999997422953 0.8943517013289627 0.8883537255300311 0.9324886575657787 0.9347567984976843 0.9214377015264287 0.9033136434205273 0.8838814003416877 0.8350578594654718 0.8020538139835777 0.7942213538251179 0.8092713582635626 0.796273348075822 0.7742132031552722 0.7732893741180749 0.7734080332696092 0.7768995583572343 0.7630090640388731 0.7977422567210436 0.7986686972591213 0.7938363115263506 0.7570799389914847 0.7409331170202377 0.683788595596096 0.6615110411028257 0.6558314401416048 0.6364667886446173 0.6154799887942711 0.6110359285796914 0.6231442875495725 0.6236567020655972 0.5929854018634894 0.5993168822838337 0.5989552295344224 0.5870588240099712 0.5969795823807439 0.5993707098849747 0.6250154542443845
0.6944890390716674 0.7455225424218018 0.7458164717976744 0.7898474157443224 0.8086790208997825 0.8475191732914433 0.8980268844877759 0.9093880326657985 0.917333256192363 0.9397297874092218 0.9050488383334011 0.8996027899703611 0.8550237598864556 0.8383007161882491 0.7899862440560649 0.7815054302675088 0.7766353277004648 0.7788728793897828 0.7756550371214127 0.7770603883174106 0.7772901537158452 0.8058061965913744 0.8083704042893185 0.803445420801501 0.8158673508560559 0.798893605683832 0.7591687506731608 0.7161284269274697 0.6677482199977329 0.6694063888951762 0.6532862790068769 0.6484011191927826 0.603983176463883 0.5733921542242514 0.5798325920086603 0.5991210050791269 0.6195871484849599 0.5985743852711392 0.6150032532788269 0.6288898667487416 0.631480929232216 0.6465654832662632 0.6169612431852626
0.7279645077754017 0.7393504062583005 0.7809166361974642 0.778976543450243 0.7782555315558307 0.8029156866418455 0.8578423015695142 0.8659308437686094 0.9178231031817465 0.9268418200737919 0.9108169497114355 0.8841880530987432 0.8183276210295718 0.8320534689199034 0.8066425150375136 0.7910559095981926 0.7726874613222345 0.770644733427409 0.7911366766745888 0.8179427181946698 0.835245681762784 0.8379044291725771 0.793408577027528 0.7995194219389652 0.7940876180905138 0.757175624238158 0.7494296987674814 0.7042546241835191 0.6916172052507067 0.671078715848362 0.6659124051659461 0.6125043468271623 0.5675145598174891 0.5790930704483589 0.5757065719105172 0.6085313296558831 0.6440267596083313 0.6232106708211581 0.6468774154028152 0.6217911291497551 0.6484079859840701 0.625992492167492 0.6462623579546438
0.7049847678846164 0.7256132323695746 0.7390671099068906 0.7871001780356175 0.7788049079401134 0.8020920757077968 0.8126839399662219 0.8501047564611408 0.8813419096313598 0.883406304177173 0.8530707368219529 0.8422311911566396 0.8565942294215566 0.8320155639315879 0.8035477299490725 0.7957560452143885 0.7795286976830453 0.8040724237831203 0.8168276694655064 0.8026128117497302 0.8139782878069474 0.8307444733921325 0.7804669308935221 0.7698633508422648 0.7297361088369472 0.7298301278227598 0.7414106603096439 0.6996404742977443 0.6944998973320456 0.6366910503362334 0.6438239209764098 0.6197518144503137 0.5927613836443784 0.5776105247908777 0.5734457729794638 0.5853109749107047 0.6290436168304159 0.6181470935319783 0.6500355082007597 0.6570564196495653 0.6164162287502281 0.628689590738501 0.5996880920232455
0.7318531475367772 0.7103303147403218 0.7094303394606206 0.7449225010530545 0.8015950859746024 0.8102059975063598 0.8287609495105569 0.8701682099451649 0.8603388395832666 0.8723139217153396 0.8341138054585344 0.8520701044949902 0.8652760798829685 0.8374366821283803 0.8035209383495238 0.7820833121706137 0.7768562506635296 0.8069241591425397 0.8104532493824741 0.8188663416145743 0.8325097769037149 0.8111915776317291 0.8040729673600338 0.7811212505247487 0.7095983969019769 0.7255814451900797 0.6944389604520318 0.6849429386381116 0.6611617493431017 0.6353440511670254 0.5916660061823208 0.6101273569332714 0.5619560844508378 0.5704294997512014 0.5686448429455359 0.5948787787321709 0.5861244571164763 0.6198764558300639 0.6377902350617837 0.6256659298577494 0.6126398126226515 0.6132215800123362 0.5885923873553032
0.7259914292455837 0.7228734282412688 0.7530379957386922 0.7758237133869346 0.7858023854980395 0.8276919946602729 0.8201250440915808 0.8657056260452521 0.8899220659581869 0.8700614541380551 0.8630625008957822 0.8749293198166814 0.8654307392163509 0.8440586508191754 0.7798951786254386 0.7643088183235938 0.7842348758353664 0.7704073247696372 0.7935367631392415 0.8079739219625615 0.7662632682500372 0.7579838289150045 0.7609659218754641 0.7483988387374899 0.7095301042762096 0.6825814778268646 0.6723572932752669 0.6536971830330759 0.6218302379896905 0.5995496963897973 0.5823358904619835 0.5719862919851378 0.588358414244713 0.5548511220602782 0.5728953587844506 0.5977788719272623 0.5865707112704467 0.5946278681212975 0.6109212564238851 0.6068264602589433 0.6099583285730993 0.5979688963435416 0.5855855295136496
0.6853369667777187 0.7402257955429616 0.768281049460891 0.784758669274677 0.778956675826274 0.7823318968795056 0.8132743337961369 0.828691785810639 0.8772760797875194 0.8761941689550523 0.8692318617800405 0.8587523763996274 0.8745364192584 0.8369801624402601 0.7812167430835487 0.7500944152990219 0.7667531321366241 0.7332753215498579 0.7456225105611584 0.7546278972991367 0.7562868747273745 0.7195887952534152 0.7092368029206081 0.6972734837755203 0.7002439025230316 0.6888668944029381 0.6593073749570301 0.6430085174839941 0.6153379647135269 0.6002609337900471 0.5674398636816825 0.5949754037214375 0.5929886836207939 0.6040419647490409 0.5844620453847564 0.6104119475051246 0.629993088344871 0.5834497293628962 0.5787883829574351 0.575333417593244 0.5698050430464408 0.5738444063557725 0.6002141779798656
0.7204953032531304 0.7590482235738623 0.7814000883613658 0.7790587988510858 0.763550039306056 0.7728015824162308 0.7852714303619339 0.8020345800351844 0.8213004821780073 0.8346676204724672 0.829804604252259 0.8409623065464138 0.8352263154516744 0.7922627298453097 0.8109571742106962 0.7821927132036457 0.772694808375228 0.7493276514650692 0.7397618259698014 0.7471863450453935 0.7664946389465472 0.7459062599460347 0.7174987572275955 0.7076619109423095 0.6957453932303962 0.6742316329988178 0.6590804507028124 0.6023512440757212 0.6169988266264796 0.5709434417724372 0.5609860343500822 0.5953692011116403 0.6154098252401069 0.5959321493172915 0.5906156620841574 0.6177518840631713 0.6098385626957693 0.5916826899952172 0.6016700256394676 0.5994872595032744 0.5532394973424243 0.5629474887278539 0.601829354708091
0.7313236767084322 0.7722538636822551 0.7963436827268441 0.8079423218855212 0.7700942628018538 0.8065036577850041 0.7908786832406838 0.766685989641812 0.7976330939813281 0.8042492748957898 0.8227489664307611 0.7938582664099095 0.8097721829394503 0.8012051125561954 0.8011086017673208 0.7979380049158072 0.7593447065837796 0.7567006485098711 0.792377173874202 0.7662655159253459 0.7235308858313962 0.7613195632346201 0.7113049389260676 0.6927700338194234 0.6437874253826981 0.6236577170141119 0.6096087461320365 0.5892568678744737 0.6011082622579972 0.5741332820595264 0.5918898448936147 0.583514072377692 0.6376508573536412 0.5943495581712633 0.6104186015220534 0.6324079426978346 0.6414979270445781 0.6198822697899915 0.5980181010978328 0.5943378499780078 0.5757199373139301 0.5778071358811572 0.5786637534353063
0.7572006160880479 0.8054429942608172 0.8319727683570804 0.807515076910418 0.7937964273933082 0.803704005768667 0.7881460836125128 0.7749970961289511 0.7996254751862112 0.82954110827176 0.8332261423190492 0.7919120508436598 0.795200716144025 0.8077479224598066 0.8264190289734296 0.805292196896092 0.7799190878239348 0.7926349853827143 0.7893816704934082 0.7942746755568632 0.7547916997826637 0.7702431987810577 0.7496691536645717 0.7014193110376635 0.6829672712973621 0.6560830372349113 0.6438463433330078 0.6118962429124702 0.5769252327821183 0.5980657324620365 0.6087167663012252 0.6053952045310269 0.6438857744729071 0.6235863587908449 0.6182274378119259 0.6335136748195693 0.6095131960505098 0.5985428164793716 0.6027765564355461 0.5706835734952149 0.5773680789329517 0.5779917133662659 0.582881725927791
