Raster_benchmarking/DGGS/continuous/raster-16.asc
NCOLS 100
NROWS 100
XLLCORNER 1743162.3725526424
YLLCORNER 5469295.934063692
CELLSIZE 10
NODATA_VALUE -9999
[rows 38 to 56 of 100, columns 0 to 42 of 100]
0.8004029775348919 0.8257360384123645 0.8167958588655225 0.7785957165644765 0.7991312061557334 0.7944501119068771 0.8048910071475256 0.7883596591672332 0.7524591354612704 0.7571531322710237 0.7645146209095585 0.811560405160108 0.8363557065068364 0.8459736964544459 0.8427836536422658 0.8301380177198305 0.8535259693669759 0.8333722192466367 0.8230319873955404 0.8430634407511158 0.8826609144313023 0.8890611902442833 0.8958311845406516 0.8392800917246063 0.8274252796236746 0.802972232124138 0.7818993000243262 0.7793691508269825 0.7462377855327106 0.758697059825697 0.7523735564775577 0.757273012063589 0.7644221918986471 0.7264861616615698 0.7274668398290274 0.6902656309317341 0.6741498949483267 0.6613181612618795 0.6379882557205064 0.6671341511971298 0.6734871835720623 0.6714904108636256 0.6763088050129171
0.7667087014957984 0.7970819123007215 0.7755664672185812 0.768575770045357 0.7495805650074774 0.777272150663355 0.7813878077078134 0.7870152501470085 0.7605282563076485 0.7753535190133881 0.7986961625566422 0.8370855771305873 0.8026855783451872 0.8587276303716562 0.861909261848409 0.8753538470190069 0.8960990960206656 0.8800698391134423 0.8495525191996726 0.8743783150528677 0.8858063682386428 0.9030553623024214 0.912230696919866 0.8867602203890261 0.8735199360537692 0.8044997796837428 0.750812351988212 0.7369923935022512 0.7253839688519536 0.733383400802023 0.7628658188821431 0.7732586218034923 0.7307334604820741 0.72634111892567 0.7295316419576477 0.6891932605165677 0.7089900645473561 0.6649861981057166 0.6565639566847064 0.685853095184472 0.6581086612787677 0.6791727922641183 0.6554285512196302
0.7558881290925489 0.7889203601706944 0.7692448686373237 0.75099387178342 0.7500813552532116 0.7974054364684069 0.7852212715262347 0.8046845551847435 0.8170381461028698 0.8201176625273512 0.8424188428165611 0.8590078141637544 0.8619695471115224 0.8517314053632179 0.8695597475663387 0.8693755590181739 0.9187966362902455 0.9191214196400888 0.8992463929082075 0.8942399685035545 0.9296334980712935 0.9321885621070496 0.9347927814639106 0.8850307256280182 0.8399054922198104 0.8271379367410083 0.7903758497282741 0.7431144524075404 0.738457768572534 0.713777865306844 0.7161338702173051 0.7632177242105748 0.7331898640719935 0.7409206073216067 0.7062049273738826 0.7173930085668425 0.6741700487619603 0.6645579812128491 0.6670553756898883 0.6563296074575058 0.6760329535775286 0.6721628117420857 0.6458573342600735
0.7608816239921575 0.782057200930185 0.7819311326245035 0.7498300449647709 0.7748208301384631 0.809274065533792 0.8223060664425954 0.8235999698084709 0.8567932843209026 0.8298258256044625 0.819466686548261 0.854152146506086 0.9092406745066028 0.8797849459435303 0.8732037784192387 0.8981169972587366 0.9397009615108962 0.9347996183348539 0.9388180896897893 0.9010904645344214 0.9249643513403486 0.9265302333012788 0.943182116892561 0.8915556518137534 0.8363519757320659 0.8020478261304466 0.7376632898431321 0.7407089011492881 0.7091948304442323 0.722701116941677 0.7060829991091248 0.7357318945145549 0.7509772961033223 0.7378759605334616 0.7367552179139609 0.70706524368668 0.6682239782906652 0.6849167952832093 0.6687296653873027 0.6666328176649267 0.7154436239424884 0.7190692797660024 0.6917484653154098
0.7863565447400578 0.7609418658146931 0.7478963593041547 0.74347471770418 0.759248248048583 0.8093921085026764 0.8285105924536025 0.8058915305482128 0.841701693936239 0.8225052555772048 0.8614958725304338 0.869353138699855 0.9132070352441191 0.9029050343295794 0.8860173883342841 0.8867826015116455 0.921274170310286 0.9139363139908526 0.9437567889777623 0.9035248292126665 0.9072034267087326 0.9324782920522608 0.9054813997580294 0.8800260024217654 0.8392040770248248 0.776470084723766 0.784649685476262 0.7466960090179389 0.7415626451396423 0.7293668729248352 0.7352133662694986 0.7285571813514806 0.7127613011533017 0.712443952013686 0.7114456985915526 0.7066552503451132 0.6905100544751945 0.6717794116476332 0.7195521592826619 0.6988401218191592 0.7232651826863893 0.6977074896916542 0.6717703061209401
0.7768886042023242 0.769575746323464 0.7376903917227029 0.7615261503142896 0.7823863265042054 0.7842162460889172 0.7705554907240892 0.7907079718523854 0.808280801052305 0.8196498928378716 0.8484171513140267 0.8537518370787577 0.8835835115658709 0.9216827162764601 0.9170802410039512 0.8951553237767856 0.8859499770445008 0.8839612572078343 0.9203411145245287 0.9261771329974168 0.9316524029515992 0.9602472686854685 0.9399743094754751 0.8989880938957494 0.8260484492699348 0.7884935763209503 0.777363993382829 0.7708581319983022 0.8029136449652579 0.7915654531662895 0.7681665085605013 0.7244078603150843 0.6946874373686386 0.7197325110316052 0.6649196245555028 0.6752838626684673 0.651662714366898 0.7058384157306344 0.7308488791424818 0.7219174010369529 0.7292176761618187 0.681801439116297 0.6969953298859144
0.7821869644204484 0.7463440374783649 0.7505898972769721 0.7866577017157169 0.7752845748251402 0.7562417197336315 0.7810168779629775 0.8211568271173492 0.8502938551590209 0.8438791447267091 0.86368950730252 0.8721109072621201 0.8903932299614922 0.9120329105913394 0.9277780607526378 0.8887861649429544 0.8784493391245383 0.8755413327051643 0.8770678102365456 0.888199887480357 0.9039276120441407 0.9451180374982769 0.907998096279269 0.91585655443967 0.8561164045737909 0.8308843065741145 0.8167054578412045 0.7708057172991867 0.8101956729630834 0.7786195924544334 0.7908138061815073 0.7607040648339761 0.733451004963464 0.7132601439700577 0.6864133084767539 0.6600770807730241 0.6871940181754026 0.7180911079892665 0.6948635163124441 0.7028617991513716 0.6947861531737792 0.6770816238757434 0.648989568032351
0.7503042014451987 0.7614671904054312 0.7759934257255459 0.7515468258380493 0.7591355513150232 0.7437683123949493 0.7507209030779657 0.829881796427927 0.8732689984386218 0.8532533911437404 0.8483215775622845 0.8663311547007633 0.9232248105353971 0.9191394674076112 0.8988990098122808 0.8986698103824838 0.8738503404000003 0.8749507797598576 0.8650976261606286 0.8685225054199918 0.9422751674003367 0.9511176865243354 0.9294350325732517 0.9038868921102026 0.9059473340576735 0.8620820058244807 0.8149949258444767 0.810187012675985 0.7794881471272602 0.7992447458789195 0.7812801466270252 0.7706325636017884 0.72999077156163 0.6843457005252234 0.6863835794459903 0.6665615096109552 0.6892755894455245 0.7156496369374735 0.7265672695336343 0.685238155547319 0.6681735022256325 0.6779487131770866 0.6799418571871032
0.7647343759050746 0.7446060656877107 0.7513067588123992 0.7225651528046064 0.7567162989693235 0.7618342145731569 0.7494055958589358 0.7949899258368517 0.8503950928549229 0.8362673786308886 0.8345847738376336 0.8623711264094716 0.8673300410693326 0.872094292898264 0.8726407990591803 0.8766453030395559 0.8845120110706932 0.8488964347454914 0.8480440752231538 0.8839282300611908 0.933060313138005 0.9262302570123729 0.9191239246019398 0.9536790366436397 0.8972710514569605 0.8841627558842661 0.8867713792971561 0.860360528014235 0.841181842288714 0.771967801101347 0.7922950697380371 0.7449396887196627 0.7026941732556071 0.6837307482385211 0.6459641926385516 0.6541111561899112 0.6734662465126776 0.6831714568157055 0.6832329932110237 0.6724148370457983 0.6580561132981562 0.6587339005387075 0.6132756953099153
0.7339810811962801 0.6925458146904458 0.6889838888804057 0.7152322100658084 0.7451883438674496 0.7508835006841714 0.7551311940614817 0.7664257190373438 0.789813988858042 0.831485679609069 0.8303125084499063 0.8427597590368157 0.8941741650889724 0.8845749423121231 0.8474826924793455 0.8731363410648623 0.8548473501711545 0.888544899731613 0.8953978285125351 0.9369575745892207 0.9226530264312474 0.9452935178612611 0.915656042104576 0.9522919122179027 0.9538184311749872 0.9283715652056412 0.8913044707810777 0.8777604277066698 0.8499086333829474 0.7773749406707678 0.7808118122751122 0.7368110633198942 0.7286437290853589 0.700158907982201 0.6692511576359508 0.6734810332746946 0.6485612931279007 0.6358259282365978 0.6379048605676317 0.6415069966860504 0.583101360697823 0.6316002256945964 0.6230833271621592
0.6840411694030701 0.6696560455366535 0.675520162955455 0.6908963828369935 0.6997632403871701 0.7388727105428121 0.725186842469809 0.770349206367123 0.781299640580482 0.7822311931678582 0.8184536701118535 0.8221208660360368 0.8566419496247485 0.8426074570766636 0.8827629491518483 0.8801971427097102 0.9000574860020287 0.8804792664904371 0.930346376605021 0.9637138623376015 0.9306992934945115 0.941645139383514 0.9481202544139177 0.9702063487799989 0.9577091378680658 0.9076892485732521 0.8494849643420164 0.8671153083854556 0.8272305129904957 0.806523678156516 0.787168090124307 0.7576473823698475 0.6911508283004286 0.6884433234899062 0.674747213114026 0.6758534890561716 0.6295205651166516 0.6149114786560841 0.6156744762342472 0.5914467478291573 0.5753031500308372 0.6011004779970168 0.5826542062249106
0.6638229095040213 0.6875434646434736 0.660239232033726 0.6774012703987669 0.6406965338443085 0.6640219850835196 0.7108571262271595 0.7118751845092146 0.7330243730587758 0.7626588975532379 0.8153382804162478 0.8342906499719853 0.8321931286872467 0.8450801610095117 0.8857447843175942 0.8565151289437867 0.9004383076669413 0.8978433128070918 0.9546910843396658 0.9811310349926022 1.0 0.9628194460734312 0.9621055344924705 0.9693610559771487 0.9394299057045626 0.8803811812126559 0.8366063394488569 0.8438365737453586 0.8045214715490602 0.7579456861719471 0.7532054853065422 0.7059241666772456 0.6727651966349093 0.6597697925438231 0.6568636624139473 0.6335578384802816 0.6458053599278526 0.6072991975543798 0.5843568580394022 0.6084012695103269 0.5881741238501415 0.5927339159078423 0.5745036647354943
0.6837799567865602 0.6698375432387592 0.6722305606207334 0.6658103604783563 0.6647158307962013 0.6752246296891453 0.6886137289167027 0.7292553658937552 0.7314129358762042 0.7636242391236826 0.80171232951204 0.834664068041126 0.8331091616292594 0.809208328511114 0.8274159667366696 0.8689949760872647 0.9230331477306547 0.9134705906412609 0.956868458498798 0.9472934004764999 0.9893300059519693 0.9552362220030002 0.9394971588171352 0.963838564785848 0.9108908825254507 0.8695952759377996 0.8519242305556833 0.8227954661736435 0.7961345804312505 0.7589013072724593 0.742507121020971 0.7031670021049982 0.7017352212372959 0.6502981337020716 0.6250848841373655 0.6565964219116911 0.6240889472435214 0.6354296765616805 0.6303633894098728 0.5962675464822514 0.5641171652856363 0.5844791428038009 0.5569358671003174
0.7093237680440129 0.6939212699347596 0.6590292060157548 0.689178879016293 0.6739909104215533 0.6849841621248026 0.6903434911715334 0.7255472924388614 0.7027025881162364 0.75635851333464 0.7982813120318994 0.8097410575834865 0.7896292844659805 0.8012291638850959 0.8320762740165158 0.8595855881787927 0.9008601448502981 0.9302990867572626 0.9704345933927437 0.9641465287070438 0.9645410958589402 0.9571652176635728 0.9569452372012481 0.9286491127526098 0.9434569343797514 0.8775659885467523 0.8650678139662803 0.8715857320170333 0.8406713434236166 0.7848875144246299 0.72674748955384 0.6890130834625486 0.6724863381956886 0.6710740074769762 0.6434687631159342 0.6426466565865582 0.5995235332794878 0.6044834110670163 0.6487887521486153 0.6398747271718903 0.5802391084139588 0.5662797892317591 0.5874311544006575
0.6799401382893833 0.6763115445922004 0.6323543749948848 0.6589254604754855 0.6401467911288641 0.6884399846577021 0.6912392277746354 0.7046263801130187 0.6994794514029946 0.7303596502769173 0.7541339816745808 0.776714790819007 0.7945950703499194 0.7784490300990768 0.8256462769925483 0.8944022239323469 0.9124424137871702 0.9320505358865062 0.9746687009540054 0.9764397034084329 0.9474243116859888 0.9452125396955794 0.930647539996931 0.9180542888517614 0.9084449286593231 0.9038118259044563 0.8885579480225948 0.8561627931497636 0.8709517281456768 0.7995681310128238 0.787314431656769 0.7352836447947521 0.675283802983658 0.6748203423259357 0.6375583085970685 0.6029754647405934 0.6132920557308135 0.6096885410315611 0.6572229182580543 0.6411439489539503 0.5787860606966561 0.5908840470589252 0.5927247012239125
0.6665969730795777 0.6272163265527767 0.6118508273994422 0.6281903440550766 0.6332145151025108 0.6624860850628289 0.7100854951899476 0.7229474171305519 0.7464039784834222 0.7369055869873875 0.7690314512012041 0.7545340647542417 0.7624788987851179 0.7930028286987351 0.8205307083402477 0.9095420703948335 0.9458927388311119 0.966284732559989 0.9742048531033989 0.9772777716999478 0.9983765094209055 0.912708641700406 0.8896953192386585 0.864423966523302 0.8826752947650918 0.9083597773573548 0.8687384791164035 0.8768851379693398 0.8872556072879977 0.8363667685715132 0.7841170819377516 0.7517505538969287 0.6865947342148698 0.6969555691684662 0.6227229240766052 0.643034808810766 0.6192518636106905 0.6132371504493844 0.6520939740590539 0.608155410185659 0.6051110747976471 0.593298155138311 0.5889199009805808
0.6356288790459456 0.6633042900189953 0.6233059718122715 0.6453878507243225 0.6536455480685044 0.6887093865084042 0.6933292735222925 0.7352418318581418 0.7450346430681442 0.759464893539903 0.7721792359571473 0.7986888895206965 0.8236781079313057 0.8438349973350703 0.8460402924774072 0.8980014445020946 0.9408330054444434 0.9698642535718062 0.9470811532791017 0.969095452019786 0.961585975647746 0.9125656341664216 0.8943993292482866 0.8611363162297897 0.8589566705288527 0.8795240514912603 0.8744812799568286 0.9009852565423281 0.8823845609092145 0.8501520641100025 0.8331831819722142 0.7684105458055732 0.7590331852677281 0.7054141398804197 0.6835238367731777 0.6601423108101299 0.6384963953260362 0.6118305832131301 0.6511622496393226 0.6135797317608542 0.6317309818108473 0.6505950263168396 0.6497731515452582
0.6218131879671036 0.6801606311086811 0.6669418325552096 0.6850447555777264 0.680103286519556 0.6971865188727708 0.6585064829849241 0.691891490470659 0.7368613226084593 0.7603634749001852 0.7693227577310855 0.7869622155558151 0.8431841994173402 0.8572637601783039 0.8946266633198509 0.923910624207222 0.9521620956205835 0.9162866439224411 0.9409071887903463 0.9436264035509615 0.9336443801952253 0.9162252192393644 0.8931525521128997 0.9108835679062954 0.8858548615637465 0.8932548585569442 0.889948467217145 0.896764965837223 0.8714416110962815 0.8765657688909431 0.8344782217301585 0.8224777576028871 0.7968499084459397 0.7589999880514114 0.7022172777117006 0.7063987302728566 0.6391379761038214 0.6563324080028645 0.6285003906114168 0.6545728980209216 0.6625040752064577 0.678734482167712 0.6439433358945856
0.654520936532131 0.6834489488627088 0.6729156096896 0.6697203359651703 0.6881522910732425 0.7040601254216591 0.6659242884841577 0.6814425326957646 0.7193697704958735 0.7373662508468017 0.8036284702869813 0.8305668463179305 0.8442876957565122 0.8751675500403658 0.877197052674994 0.9255524667441374 0.9269398859145439 0.9072336970093514 0.8860155958104733 0.9168906465307771 0.8917615612674752 0.9107021119446508 0.91654690064585 0.9442032897550177 0.9232442744068753 0.9222573141422998 0.8642979372942957 0.8375845962110025 0.8790570975524983 0.864558698855391 0.8736559584658619 0.8110883306346169 0.8053634317094248 0.7706275248195231 0.729001699639854 0.7186446587693026 0.7056081864553363 0.6572742676568507 0.6816308848275356 0.6908259604742157 0.685043028664699 0.6838477859899076 0.6606479667067534
