Raster_benchmarking/DGGS/continuous/raster-493.asc
NCOLS 100
NROWS 100
XLLCORNER 1743165.77521718
YLLCORNER 5469283.668051139
CELLSIZE 10
NODATA_VALUE -9999
[rows 76 to 94 of 100, columns 0 to 42 of 100]
0.6262755494652046 0.6003283859000299 0.6097659485640905 0.6464280270700113 0.6503884034335067 0.6253222474128414 0.6749597809459503 0.6787167182308483 0.697458297220513 0.7712721563281104 0.811088865611885 0.8342009531281227 0.8364011913782061 0.7946662770461954 0.7970434193081471 0.7529219445684292 0.7507304414209709 0.7443296163363733 0.7778571806083554 0.801987467389732 0.7710981102073443 0.7531241833480427 0.780979297139072 0.7846010007941082 0.7852474773801202 0.7917679152142806 0.7619960794157982 0.7360873504558999 0.7197815783477118 0.6905879423231254 0.7266083597441627 0.7226850891853421 0.704298430582927 0.6657164589988097 0.6832185432179063 0.6696209185767537 0.7163689455888218 0.7662613713660387 0.7842219258684937 0.7879270919097326 0.820052864658442 0.7786960011818909 0.7660636751758523
0.6440044887191195 0.6652341362870717 0.6192677160699083 0.6428702907800457 0.6476844504074509 0.6309273678036889 0.6946370863347797 0.6682526638941496 0.6925713548916538 0.7159226964661676 0.8225034593279666 0.8504029562202715 0.8507032052507755 0.8435516475519621 0.7873371535374764 0.7628494600798319 0.7570602989145581 0.7161747676226846 0.7218885452494211 0.7574388575902196 0.7357584570416111 0.7729439611925774 0.7672433386465728 0.7708334991173783 0.7542346282649636 0.7762711444284536 0.7525935733144448 0.662899488373225 0.7074626313377774 0.6714719746463997 0.6717099570936409 0.7307200234684528 0.7137114522743316 0.7203327061604736 0.68856709517655 0.672044743565954 0.7023629712272167 0.7205185691329525 0.7556103835717064 0.7655456436162076 0.7841728121110999 0.7751541872992024 0.7774744498542263
0.6473933199216216 0.6725762235025833 0.6528471664501742 0.6755296934873085 0.6572053014364843 0.6658598177530427 0.6957799597796166 0.6712509174627036 0.7079855482693936 0.7623976661473669 0.8008149734756022 0.8331743501397427 0.8414205880506953 0.7902143690540779 0.7764567598610624 0.775685505044983 0.7301306038443488 0.7079255501449397 0.7290754924154046 0.7455311698070617 0.7556313723959659 0.7607993677259159 0.8010841437041766 0.7447694798544919 0.764955562768271 0.7582841582784549 0.6943520273605921 0.7138235951223579 0.7022360705184478 0.7086049320458764 0.6750736397035718 0.7206866568643272 0.684175158855684 0.6624624912946101 0.6839465044232249 0.6677582892269481 0.6615100689037965 0.6686169637895025 0.7088749011038021 0.6835712606210812 0.726162258104305 0.7458251444661325 0.7590764684669881
0.6596378714779567 0.6600556679910348 0.6424891468175787 0.6798030284633876 0.6896963117903184 0.7041297679644933 0.6569277818405331 0.6597139352882235 0.6665306792915491 0.7081409795382846 0.772865493910648 0.8080165988936268 0.7895088047755648 0.7775110795366449 0.7354201923398789 0.7500479246259877 0.7786347169498692 0.7232730769592141 0.7474680054340315 0.7933840819385527 0.7899076509871602 0.7770175884375499 0.7722526865208869 0.7677433903412392 0.7509112808029782 0.6923509564287369 0.7091713358150894 0.6799748569948522 0.7103834604300582 0.7079580161047818 0.6941803008535385 0.6825556374838136 0.6959553882039065 0.6523495350885529 0.6769280535760573 0.6414091239315067 0.6320547176173725 0.6771877161571154 0.6516471766566705 0.6498661248044516 0.7046260011232242 0.7325111971825177 0.7729039529538859
0.6843079225758647 0.6858773807960024 0.6570150867173064 0.667625603036129 0.6628387449802899 0.6681304459104899 0.67002865865233 0.690264234947507 0.697364745714067 0.7163161849529049 0.7653167269314158 0.728352906640005 0.745265822389641 0.778769460484041 0.7587977634365184 0.783584661331859 0.7887109667894627 0.7498705361712216 0.7431539058580591 0.7612448772062469 0.7603102556727883 0.7343787129875559 0.7839170969478062 0.718188493961601 0.6835618264129892 0.6437673325667435 0.6790472674232614 0.6815566873573465 0.6572061728856765 0.6167132739730585 0.626860970803516 0.6666199669075933 0.6623133979566931 0.6370212276580521 0.617693658146725 0.6072029865740153 0.611470531232912 0.6480977438809777 0.6405582300708538 0.6479493808831333 0.6949307040269282 0.6953261903455574 0.7532162718581217
0.6621304839424588 0.6310128501962893 0.655451517419976 0.6473651296800372 0.6465224589523045 0.6827324510583466 0.70268093799629 0.6807700497331604 0.7063587343687869 0.7332528228572125 0.7445713820197949 0.6922203253447415 0.721521033435182 0.7210387923652558 0.7437271116521058 0.7863216747501705 0.7729818852757022 0.8009074640845947 0.7545628824641006 0.7227731609433854 0.7322220427580781 0.7295290221837054 0.7423734608525775 0.7480747699814709 0.6623790139584829 0.6447308831174302 0.6439769925365763 0.652057510564587 0.5988710405298021 0.5962023711521701 0.6414052391533502 0.6165206490011982 0.6519679517073189 0.5979290296286964 0.6269415600062749 0.5904575929890337 0.5974496286574746 0.5929353790711598 0.6386405886260093 0.6232961448495994 0.6578399578702998 0.6625652403558485 0.7062355581328847
0.6282208796709686 0.642809922839255 0.6345286551337979 0.6414077014340946 0.6604376454316991 0.6834357924654153 0.6621623149972174 0.7105318318119781 0.7313388962389572 0.753571672110668 0.7056089891351802 0.6807046111527065 0.7297238044912628 0.7368715411158832 0.7542071818587756 0.7600329608125618 0.7841552147924021 0.8103276840767459 0.7711244910903488 0.7347026760116064 0.736260559580035 0.7365833003870622 0.7568467949751044 0.6864467353836475 0.6621863115040669 0.6467397382030453 0.6515732453688671 0.6435353923168206 0.6071703781585133 0.598581426568046 0.6063704297891488 0.5858398957214939 0.6061218288832765 0.6089191178140283 0.5836567133293705 0.5836102380946693 0.5968406812975298 0.5732694946590361 0.5776264043017688 0.591598076290509 0.644608378366627 0.666939080304594 0.6845689673260335
0.5574335764082797 0.5805635572927823 0.6015369629857886 0.5903293478761819 0.6358000051977811 0.6585563946590757 0.6766705063541795 0.6883285844716265 0.6894388554741006 0.7424983245351112 0.691745819991931 0.6985294528281543 0.7106755781582739 0.7372414026349804 0.7456622216213956 0.7467121705262887 0.7827808318565767 0.8087945438107476 0.7922638684293427 0.7867624367752009 0.7689334463761202 0.7506315772597549 0.7023650277621118 0.6786492571350605 0.6758237097973417 0.6219049028257007 0.6100044353182594 0.5747617355305591 0.5545854121349235 0.6050694085010354 0.5815881048546084 0.5561206308585034 0.5863584309934787 0.6084204381806407 0.6267883929073871 0.6480126802840604 0.6425190291097187 0.6182590800507943 0.613380077619696 0.5870611169267217 0.6033346756452159 0.6739905569938368 0.6843573861020612
0.5638778121688494 0.6290121618545796 0.6309825049020874 0.5980253608838988 0.6470970556810305 0.6626858500645771 0.6909490347439041 0.6848060979119226 0.6903924678625863 0.7472644983848084 0.7454764863765301 0.713388264528057 0.7247631711276739 0.7183017438750513 0.7381920364574669 0.803433754056357 0.79472005209124 0.8004451114273425 0.8096053265510038 0.8177059177387684 0.7598038148690617 0.7347951276080864 0.7463883222270209 0.7323311655324638 0.6591962392231333 0.6052868762501473 0.562755985259181 0.5759130287934664 0.5431631255011212 0.5756580941051993 0.5743625332284279 0.530109726927585 0.5692516696194379 0.5918059745474574 0.5845436761126085 0.6255895710956825 0.6200887272839604 0.6008720988236901 0.6221980727756677 0.6278522804414902 0.6143840213424561 0.620120284811094 0.6482491279920559
0.5835051229883653 0.634975212695762 0.5983651654469561 0.6370654372031984 0.6411412866134881 0.6285231755013417 0.7012885970473838 0.7009279283440754 0.6991236184612957 0.7381141541740188 0.7058038768133122 0.7338011234008089 0.7432478015325618 0.7470662119760201 0.7991553850623209 0.8098606181550234 0.8214449194951703 0.7736866266668805 0.7927915335969814 0.8174744198480097 0.7872836003219259 0.7455115066256288 0.7534209565406632 0.7546115985362462 0.7037889170265349 0.6312031497722291 0.5530051959605037 0.5319045185433553 0.5216143516500602 0.5285448063827078 0.5683925536110408 0.5452166279235878 0.5840923394406253 0.5771500310481078 0.5854172769283309 0.5806608131185067 0.5837194646893845 0.622438100966055 0.604001517425941 0.5912768086485571 0.6230409451839112 0.6299385069707703 0.608190046004189
0.5653214441938038 0.5913699694096762 0.5966695922912117 0.6303331464087898 0.6541691012739331 0.6492767467850369 0.6720056397313297 0.7113944328891273 0.7315963966487384 0.7069297513875539 0.6967890032021423 0.7156389122905948 0.7741314800291037 0.774494892622803 0.798711661745959 0.8344129685600568 0.807815123081662 0.7892750985672681 0.7697529785725287 0.8015919616446161 0.7972031549130587 0.7293661366475817 0.7086588093534123 0.7062074779646027 0.6671769690545827 0.6468325752581329 0.5501545842143181 0.5314457967739233 0.491949059735965 0.5079675803749315 0.5049227908593246 0.5410264688785479 0.5253989105147128 0.5237947386134197 0.5867764961003581 0.5636464023073225 0.5500021414069256 0.548161031725961 0.5665803166874773 0.5409448191018705 0.5362856082632731 0.5524220536624574 0.601388785123606
0.5806446143267695 0.5825886138820483 0.6252131089131259 0.6230025503334459 0.6869419091969832 0.7012881423834008 0.7209363979995006 0.6846442380469472 0.6846237943201509 0.6952044067722429 0.6812713914919301 0.7126130926199005 0.7275102772510219 0.7995312025216132 0.809297351662193 0.8026107267555808 0.7950774506557279 0.8370861080473638 0.8070167245129759 0.756493633924103 0.7696743454742897 0.7721939471244565 0.6719406520445922 0.6541647252915261 0.6404655246329127 0.6191142748494833 0.5763382006375132 0.5174059705533568 0.4893619783885609 0.513425625532978 0.5230457565182421 0.5221711943843426 0.5078042923264637 0.5007860851339259 0.5206074965880322 0.5683837126956968 0.5440419186653422 0.5238292970924755 0.5381809016083783 0.4791427285906249 0.4999427739366762 0.5456271245447035 0.5713329556354753
0.5415968049400615 0.5711901962843743 0.6082976451495494 0.6217697657774175 0.6448533661043044 0.6981937496337607 0.7134510802722788 0.7490642558914246 0.7114502810334857 0.7296671211360326 0.6923758179854266 0.724596021501569 0.7486553816293239 0.8023492654672321 0.8068946961054684 0.7856769172476264 0.7911487521905204 0.8360106664071559 0.8141343293936926 0.7892276290760978 0.7335035974381691 0.6799850553358022 0.6580736065860011 0.650178236666077 0.6572831823335972 0.6120443439886873 0.5543635379000754 0.4892241905558167 0.5091288259007407 0.5167275660132359 0.4844618860278673 0.47592336412000713 0.42410993432401717 0.4157232351215614 0.44962950641678917 0.490188831471533 0.5244484848117053 0.4888170841257619 0.49025636092086816 0.45862809897663115 0.47016882675267824 0.4636765008104967 0.4693573160179864
0.5301587157310877 0.5622994129189651 0.5959861133783149 0.6397117075068683 0.6445965845382758 0.6881088987734483 0.7219102049088398 0.7772503178189685 0.7278782555043927 0.7209099753398213 0.7464985803829087 0.7631752847679738 0.7798521228409412 0.7807966097320309 0.7686091609800305 0.8004562017664482 0.7589865304502791 0.8094390355361709 0.7630395590019015 0.738299342291682 0.6673723163037523 0.6480922263746828 0.6470131944026688 0.6649568952951063 0.6199394449926026 0.5882081368013933 0.48731052643134876 0.4450619010626816 0.4610243655374517 0.4648311272680618 0.4343252162883979 0.3557311131033054 0.3751404712952525 0.3894467794054275 0.4169466887162128 0.4575670865949164 0.47703339108570575 0.44139462904472604 0.4282152962222905 0.4124605423661046 0.4383329850117653 0.39467429576871343 0.4089797686188899
0.4973101567413641 0.5431306933144687 0.5540076758171433 0.5798809611077426 0.6585737022097445 0.6768921286193954 0.7497567794161896 0.7341478787839231 0.732413154214008 0.7453832419216215 0.7025342187689819 0.7220638280135566 0.7320679290694573 0.7749777912573824 0.7855998481433545 0.7463408286110776 0.7297435319738778 0.7413620670623728 0.7143287951444162 0.6864886112017196 0.6563237402830636 0.6629938402374113 0.6506291072264422 0.6241093713341653 0.5893997828864852 0.5645277884286302 0.4805789194944137 0.45408006186783106 0.4624715810490877 0.4079091744202081 0.3897566195721662 0.3817533140545426 0.38476237563988863 0.42029952615931393 0.42915052284475763 0.41176422238238236 0.42112352604272535 0.43928247695809935 0.41268007188576195 0.40472082384682534 0.41604432543839653 0.3880652525595588 0.41893739684110193
0.5230862221765415 0.5379233796743368 0.5884514855071911 0.5913061589103581 0.6469495439884427 0.7156465445824287 0.7306714363206707 0.7242916994115988 0.6982241124387287 0.706517180482168 0.6819610139290143 0.7112336336953972 0.7573135532990781 0.7667012479976165 0.77160064201678 0.7177130024743639 0.6776960933776262 0.6852475340252112 0.6864300582212647 0.6426929652237524 0.6090526411126688 0.6231664939470879 0.5926128366280797 0.6055325123630777 0.5748675294686686 0.5082721900414383 0.492621905473571 0.44367719325504823 0.4295927950763271 0.4282821359025837 0.39076141554720856 0.3855825127625921 0.4288399500425346 0.42632122390372 0.4711296285202753 0.4459541229554993 0.44265048992714456 0.41650046484559566 0.4412376848132613 0.42586943165490004 0.45393090068156416 0.4006236417551933 0.4577174993170142
0.49265329056787643 0.5128879447689085 0.5595776702888533 0.624335096047746 0.6643978024992049 0.7039197178131341 0.7048069834322573 0.7447053125742349 0.7298914037579095 0.7243290785318574 0.7205538522886235 0.7375588629297993 0.7300421733228539 0.693589461077754 0.699684026645921 0.6451032048951153 0.6716061586475119 0.6393578978613971 0.640248346124485 0.6190648493655876 0.5894319823525959 0.5772401003837737 0.6104557314279592 0.5640269197065582 0.5443053909099702 0.4861349220146315 0.4839587298966627 0.4923087947869406 0.4716113489163863 0.44332315305093295 0.4101127009252745 0.4375380536473056 0.43434528316359317 0.4746034922480932 0.4617758693468184 0.4562454635140116 0.4345263545190479 0.4350885279504899 0.4437167842988821 0.44448655365130585 0.46065140907481605 0.4549875191992738 0.46598893871590324
0.5190827615884716 0.5597321446197367 0.5666734362802437 0.6408863380759309 0.6528185967169708 0.6883249977403504 0.6750220697411764 0.7333394323296191 0.7300342003291479 0.6963910400381108 0.6979964880290814 0.7333273593407742 0.6671244271024883 0.6459589478654699 0.6309457331181213 0.6043649661812435 0.6395973410316143 0.5980198913812816 0.6164903127169734 0.5970724066276937 0.5827693507599737 0.6102855076221089 0.5917461419004073 0.5785266550547247 0.5033780563100758 0.49437970485203964 0.4948122082771461 0.5034247330614497 0.47984367457038746 0.4553803256222797 0.4527701514253939 0.40646666516944335 0.4576168444932836 0.4531004352997804 0.4289497098021673 0.4437677810409427 0.4109095876431194 0.4344339211690601 0.49360144957275304 0.49373351699258305 0.5041523493143923 0.48372343553993147 0.433600515608136
0.5482192575706155 0.5681102540162399 0.5839465930425554 0.5979987976612214 0.6442475534676128 0.6529638762455067 0.6900477589605135 0.7140421151836888 0.7335656637337139 0.7266423197140799 0.6843358828471666 0.7166365445298251 0.6365366668020489 0.6007780623134721 0.6260428827522817 0.6428207329169612 0.5993320918385701 0.6270850424161576 0.6085829331747694 0.5453469121067277 0.5576154009550564 0.5956690621118951 0.5792712595733094 0.5437481745597316 0.516751727596882 0.5311907259562382 0.5159870589549299 0.49601700753836236 0.49312885568759773 0.5148229207187452 0.49268087300388624 0.4763524755145722 0.48559452784681756 0.4643992942196286 0.44910552544423415 0.4455397568399482 0.4524093613233542 0.4933217648194568 0.4809330549775244 0.5055159211362364 0.46682312079449273 0.4806989580722615 0.4413567164547661
