Raster_benchmarking/DGGS/continuous/raster-488.asc
NCOLS 100
NROWS 100
XLLCORNER 1743152.8500616816
YLLCORNER 5469280.931728698
CELLSIZE 10
NODATA_VALUE -9999
[rows 19 to 37 of 100, columns 0 to 42 of 100]
0.8921530606190974 0.8903794570664035 0.8774686209810323 0.8569670154127447 0.8413584452786704 0.8548710835379901 0.831135429047201 0.8194231017649901 0.8427640737573278 0.8609250182003138 0.8222457988909226 0.8323909624406746 0.8352942677123336 0.7903446119450505 0.7382556408755049 0.7213679152440872 0.6938079006203225 0.6728398343243219 0.614983110817443 0.6142851491210305 0.6374608164332456 0.6473349900692786 0.6500829027236403 0.6209871961057866 0.6186731884432454 0.6636119895015993 0.6646233970856213 0.690055800311527 0.6670598515791929 0.6749368769407662 0.6692519168245108 0.6887185779557673 0.6945969856458354 0.676381318646413 0.659055385953404 0.6540287565177646 0.5959404681437235 0.587956407376606 0.5935785566390458 0.5671552879299794 0.5587731490530595 0.543107264351193 0.5001500040373298
0.8394770541698099 0.8129386254814653 0.8319975454571361 0.818159204409413 0.8417969414969604 0.8460043108730882 0.8376600028991238 0.8367178451251375 0.8374051438854805 0.815898351978984 0.8173898552754919 0.8536513201874669 0.8145895740555193 0.8153165705752868 0.7698585840092369 0.7141408617970321 0.7230421723723532 0.6866417152583554 0.6327574256564308 0.6258279440792116 0.6461140672913008 0.6501402835102458 0.6702328890173676 0.6450685166854497 0.680078671738947 0.6604446505781372 0.6517917514629056 0.6750536390553523 0.6828711982335004 0.6723578591646927 0.6901075390593489 0.717685020988284 0.719171583444435 0.6780236452124644 0.6776394202730913 0.6378640854962707 0.6210739162528295 0.6043434993080912 0.6071541101957184 0.5835635470521989 0.5703308670819501 0.5439930173846222 0.5256729920962111
0.8105948916300362 0.7996829192606886 0.8041538618954664 0.8149806277573605 0.8246451214927356 0.8335903180235283 0.8349572550663096 0.8118209347052773 0.8327278089293075 0.834170434867389 0.7979918464131536 0.8348011669061155 0.8283682914139595 0.8004715491533297 0.7567490739071541 0.723286833450062 0.7037697388829732 0.6713221587723385 0.66873161360445 0.6678788283649723 0.6480829093199254 0.6378100761717492 0.64712796109203 0.6872071169569053 0.7011432022897324 0.6887218218098804 0.6944619417880431 0.6892410521213935 0.66774785024461 0.6890905176736837 0.7153711984392219 0.6939839964508981 0.6981982513868379 0.6826654711311542 0.6736404116769851 0.652375964024256 0.6231980076293032 0.5919784304866883 0.5968398282758923 0.5972751572351118 0.6176954363102604 0.5954032688144955 0.5832380450981373
0.8282654230507934 0.8127895156110517 0.8290221742935628 0.8520114407645991 0.829115605231131 0.8181164495690317 0.8161179915404966 0.8135735173561887 0.8337983360697044 0.821702485823095 0.8152468585290044 0.7970437122210324 0.8108119714414936 0.7648376377052986 0.7319212216766569 0.7377599190789178 0.6978771702852765 0.684084723838955 0.6916858394026678 0.6364287214621117 0.6472542510338382 0.6480449297111518 0.68296531119866 0.7038843432401359 0.7030577750696647 0.7344013906639624 0.7304016774665917 0.7003871412621149 0.6908171489523575 0.7075294649481341 0.7107942468837994 0.7269353760685104 0.7103149380771445 0.7171602190381731 0.6616798439955409 0.6558395803570946 0.6349762634624415 0.6105379147583199 0.6049680657145127 0.602375998148579 0.6242713657393014 0.6546355236810543 0.6317918032274714
0.8417656945118268 0.8274332636171946 0.8149064230877111 0.8425579510248584 0.8262108451351934 0.8237497174772104 0.8435614273297142 0.8550801732342393 0.8618806277548625 0.8696116301676234 0.8394567380574255 0.7994968340074767 0.7927779099080072 0.7573705770310729 0.738170965714976 0.7381553851392508 0.7167971138182697 0.6926042319691043 0.6836024113496559 0.6523035868239542 0.6424546728048359 0.6733086810878242 0.694903278896866 0.6893935093693678 0.7176129232709253 0.7389877753287397 0.7166557624619255 0.7188014060457836 0.7055566434285799 0.6790104283166428 0.6833444617675648 0.6933523994629348 0.6795621572671662 0.7050662658545672 0.6826180967065864 0.6497178967129106 0.6119575956006126 0.6283092322231781 0.6167010466421597 0.6303325108991579 0.6600622316993051 0.6640540248542007 0.6318606598282648
0.8291045593122064 0.8159917509752258 0.8067492048275866 0.799524861799917 0.817476555727725 0.8192886201585778 0.8176954393138826 0.8650945409673465 0.8916907648221902 0.8767828013044592 0.8462470164561148 0.8232595936814645 0.7762057446641245 0.7576545830034173 0.7355719539182474 0.7235625389069406 0.6821752980843212 0.6641243470546239 0.6595285518023628 0.6540484728056918 0.6472858959697476 0.6691090215298708 0.7032379083498351 0.7168695892928373 0.7156065093798518 0.7164480710463934 0.6758498659655126 0.6927594196518079 0.6662169749687754 0.690729994523496 0.7172380669527921 0.6964320926902147 0.6838314367073373 0.6515757019260443 0.6406162024120529 0.6357618478113162 0.6283834653726532 0.6340782174122755 0.6267758445486603 0.6427270854344772 0.6758987396119244 0.6849945068729186 0.6316134772136827
0.8445473486668381 0.7994529700545152 0.7959747533346077 0.8032277411726026 0.7949661017089215 0.7927069148399762 0.8066487654088139 0.8282937809591424 0.8768664341455517 0.8712906736676796 0.8345776981696875 0.7891751765524273 0.8025019245871089 0.7728778032512772 0.7529267267560527 0.7527333855150748 0.696164993156286 0.6928661077867294 0.6869626558674979 0.6581333882258018 0.6788795607121693 0.6423478087715199 0.6488214560761801 0.6458163045869912 0.665410527283502 0.7046823450888087 0.6726503537163024 0.6714785816022344 0.6695965245632396 0.6698765373504548 0.7031639901769114 0.6782704712573765 0.6474836415586896 0.6291846157648181 0.63531044385284 0.658280601996435 0.6248234718012431 0.6366628453323281 0.6725859220098842 0.6904235128902807 0.6762212521542043 0.7124931131028449 0.6916465064234031
0.8122063562445774 0.7606031045815119 0.7824820425528336 0.8182618063308886 0.8057955903859323 0.8089781730152754 0.7991213451979963 0.8292618522094273 0.856251026191397 0.8669827131626241 0.831214817032389 0.7835483044661815 0.8103181106140556 0.7914553154640224 0.7555124484780703 0.7701386029163638 0.7173219785916131 0.691650173274644 0.6827405982943252 0.6897983370790308 0.6671946647754715 0.6572101221459566 0.6228044625073181 0.6379890191286449 0.648241301506332 0.6774796521874041 0.6402738844681873 0.641317635890996 0.6776285153519622 0.7064468620144395 0.6688590700296924 0.6486147068148372 0.6331864495251331 0.6215317359204768 0.6593344641742106 0.6605226638704598 0.660550776801507 0.653544357849538 0.6843296429150314 0.6773219514228332 0.7118445991040976 0.7598658144336418 0.700377092103227
0.8048150807116909 0.748153063759009 0.7652073507821286 0.7858537879580204 0.7966376453665301 0.809722703915789 0.8435916315880326 0.8181680959319592 0.8359030471457689 0.814923228570834 0.8065285444761543 0.806289714132396 0.7849557991399875 0.7861849593437634 0.7668709644763045 0.750259485591727 0.7164003695124254 0.6715464852928201 0.6555331460779626 0.640137836710851 0.6603186926346863 0.6671868412589896 0.6386751459039421 0.6493250880204708 0.6308085145208919 0.6578015653939718 0.6242702438849318 0.6272070070458332 0.6651909056715861 0.6449461751397227 0.6554715661800551 0.6239382060533942 0.6241123329068141 0.6182507374711289 0.634009981623378 0.664179628136689 0.6433110933654836 0.6351686121437657 0.6727491505847802 0.6580685802915089 0.6794638390950103 0.7146421376854111 0.7162973762993523
0.8133629622037291 0.7544790145020758 0.7506353169895279 0.7702913729398331 0.7976977924106907 0.8205547623953728 0.8340279963234433 0.8455547890570282 0.8134876665273184 0.7950844831190791 0.7984475546137334 0.806346530916685 0.776941998811027 0.7934165270600445 0.7931580901229427 0.7746873392159301 0.7500572684435 0.6840946555605155 0.6545628594597439 0.6408352154900863 0.6352563801170374 0.6397264941306792 0.6531527360816854 0.6565538110851225 0.6591207233474279 0.6206308575946158 0.6400959860849562 0.624293035205086 0.6162753016322218 0.6194426615296921 0.6319492239694986 0.633115822125701 0.6368233544592484 0.6557464165861028 0.6390677836327067 0.6846130290548778 0.670865515429741 0.6465500899384081 0.6595706385141774 0.6873214362845255 0.6737290092952009 0.6783151089927819 0.6741903590635933
0.7951653675532526 0.780138600369929 0.7768246487087154 0.7736003295714612 0.778913790810037 0.7988594860170157 0.8109865941719143 0.8153962078446125 0.7987407541053521 0.7689310112726082 0.7909756559025061 0.7948085127562977 0.7712712828974543 0.7990482132988231 0.8054154815193091 0.7542528579452151 0.7543535584851339 0.7144908460788352 0.6770336275124214 0.6772296447951528 0.6772090246290374 0.6510862322470254 0.6259983507957623 0.634243129826467 0.6467616742068694 0.6392982615735571 0.6159524537862987 0.6151842709169512 0.6315734775153372 0.6538820709525304 0.6445493615692586 0.6544157961723321 0.6347001563999356 0.6647162130068205 0.6479673322054005 0.6922234979625099 0.6948813710232691 0.6669636947916778 0.6716538745369405 0.6949751533257583 0.6859830770444221 0.6570542301474952 0.6328847641028633
0.7704555048326988 0.7775465792531164 0.7539411276010556 0.7836210486268123 0.787507484853477 0.7934792604187925 0.7782545143621717 0.8106586391301226 0.7872235111435473 0.7736574034159246 0.758262075697279 0.7800647186768787 0.7901197524433744 0.7980639867880187 0.7681621291811183 0.7722768418043905 0.7355650840886323 0.723679690391148 0.6909610874384393 0.6818473053295626 0.6592520777030576 0.6527790643598523 0.6687674330424593 0.6321128434868603 0.6156273511146758 0.6194284710978541 0.6167363603113578 0.6655220719786968 0.6350490935151496 0.6401020336660708 0.6465129337646697 0.6533999694345967 0.6319411361876577 0.6354984216520381 0.6374447730332073 0.6612792086639514 0.6808731667005183 0.7023454367024333 0.6978017000987508 0.6930697874318763 0.706254805604222 0.689579377665547 0.6252065269730961
0.7605130712756147 0.7330276076332517 0.753591846782583 0.7528152655638302 0.7482986839282676 0.7443132137719207 0.7684657016744277 0.7806396421791153 0.8071311273221243 0.7894554828574436 0.7655770328405128 0.7564388070418289 0.7409406567645842 0.7250962452346954 0.7306095634330528 0.7444629124569785 0.7005248907879794 0.6976411929761961 0.6917678281315792 0.6603970474966477 0.6502310647669802 0.6629255557099104 0.6683554916716564 0.6453173699820101 0.6417415579732261 0.6409156243268301 0.6375507282708437 0.6785521217815945 0.6679951505790029 0.6520897125645165 0.6520254895073698 0.6763028856477439 0.6600785285730825 0.6395750972363791 0.6407601989096475 0.6910126824761101 0.6992909868603847 0.6766509950788585 0.6547272294072467 0.6581903692851502 0.6615158115749826 0.6371636267608652 0.5952293881370687
0.7406409383445297 0.6997709658036131 0.7228667385912536 0.7146948313490242 0.7065212253788584 0.7232764053440822 0.7821297177147735 0.7767290769985075 0.7853304208018018 0.7968415751499923 0.744917809006883 0.7317716117390748 0.7104651543391006 0.7117152440594144 0.7092923706726455 0.6802880867860529 0.6699934024078669 0.6297094822813213 0.6810422974121694 0.6641966976870802 0.6485106832896409 0.6331153961447324 0.6703172072423742 0.6829939894861246 0.6809450446705422 0.6419909748880758 0.6434533895755086 0.6495287498749214 0.645511037770776 0.633182282531636 0.6536039836935801 0.6614832652192901 0.6865952125770248 0.6704218196113951 0.6537851401533946 0.6901215909603808 0.7026068852161309 0.6529049107678845 0.6458907112556468 0.6187578260493699 0.5956565357553422 0.5570805617391598 0.5705362461931848
0.6997761969456325 0.7127589489092938 0.7042964586218238 0.7441167732952811 0.7267560213516682 0.7711869836823956 0.780661147076317 0.7893482486355418 0.7953842218028627 0.776110266212385 0.7288982912705648 0.7143447186916749 0.6930522789610722 0.7006328133559786 0.6583670101425982 0.6462375047399859 0.6128143818338414 0.6431775406084174 0.6444597810294441 0.6856269457256703 0.6870122868235248 0.6755382053337107 0.6664037616018588 0.6798272273079342 0.717397382313054 0.7053038720666233 0.6962894706016798 0.6536773584918999 0.6652737586703342 0.6456638200461037 0.6466043827706839 0.6517955809188885 0.663442191503305 0.6909535666342674 0.6829328642049074 0.6916733360481989 0.6988096943738602 0.6445060755777479 0.6205848047245796 0.6208961898974386 0.5586741954474734 0.5317673369240313 0.519026133752302
0.6896455728782172 0.6748736336560384 0.6998531395187689 0.7499577639308098 0.7348533785617578 0.7667495229810738 0.7512379970305462 0.7831528560760599 0.7514156345817156 0.7754300791262055 0.7337032614000992 0.6719673450896717 0.6783712607176258 0.6430428857886971 0.6432635869457234 0.6245100506884356 0.6119659809753984 0.597250896598859 0.6564222591361583 0.6895446795006958 0.6651256994178538 0.6759789096933646 0.6747179646802083 0.7070954955606737 0.7274301192505754 0.7627244759806503 0.7302902565482412 0.6670626652943449 0.6801941227450031 0.6907317366178157 0.655668169193362 0.6710268509584915 0.6738897205899044 0.730388390210175 0.6924131282276677 0.7212412910837891 0.7097697147076637 0.6589084275849715 0.6115294893716223 0.6024324542198358 0.5506023877802456 0.49615622595627057 0.5302438503534619
0.7039712535262084 0.6627652776238648 0.6851319605741297 0.7100487820873951 0.7261633020232345 0.7179372956554704 0.7487829938691869 0.7443400020743163 0.7341624086767834 0.755464027234811 0.6936995679288569 0.6689326490242578 0.67244325246108 0.634562343754604 0.6420312804277611 0.6450879682219017 0.6133344748214079 0.6140923376810867 0.6466811862904662 0.688175105185062 0.6675306008107496 0.6597054187899999 0.686221449854338 0.6605422924855392 0.6931934095970405 0.6978568437957428 0.7083016563264594 0.7094912768003225 0.6678076522865107 0.6664257831576964 0.6970696460359169 0.662988507784773 0.7048624737623536 0.7065361874843662 0.7151910629032697 0.6786394385708917 0.6941206121222186 0.6660354606255722 0.6301773040397205 0.5790936377341978 0.5372853713848055 0.5388879364027345 0.5178790789291261
0.6971743315188231 0.6834320818082547 0.6744461046898254 0.7114968485070332 0.6916912852075217 0.6807979674902025 0.6779143766185212 0.7100827909665923 0.7078876350890078 0.7259513622320091 0.6868129345647807 0.6948106057605712 0.6468835244856626 0.6630313321687565 0.6670448533313036 0.6588597460693562 0.6446837524751913 0.6604616972317149 0.6497691259954552 0.6822642710418679 0.6951112620948929 0.6651668180099621 0.6673577493844912 0.6497636828036258 0.6851858387233677 0.6910732858148904 0.6777605299648877 0.7069738127594227 0.6853883525635424 0.6608019029865909 0.7030769091739 0.6725158132016261 0.6951477630065869 0.7187875898139549 0.6980430041741433 0.6613121343672568 0.653348776858071 0.6520534543678846 0.6169292416835696 0.5896565539781834 0.5530708371472428 0.5145858175453132 0.5198988475156978
0.7075275127801655 0.6800735712180546 0.678833478755735 0.6981268775943754 0.7111472636314459 0.6720571305928043 0.6652727059917898 0.7098844047389067 0.6894681599253408 0.6689302192987466 0.6365491645313713 0.6235682297732466 0.6288606429050317 0.6381520891967948 0.6322772980741614 0.6689995981506489 0.6766855157936822 0.6474365136768688 0.658278792506327 0.6667474024411436 0.6857550423591011 0.6858124523420602 0.6816275420993663 0.671921142106294 0.6615271987632896 0.6720345467932678 0.6760647749941106 0.6788074014360107 0.6546147842738568 0.6829521833622022 0.688083570603672 0.6840921505626993 0.7016805565116772 0.6963244332671975 0.661496263898344 0.6294538371314431 0.6194618507176602 0.5886087211859986 0.5681885054585036 0.5255151996025373 0.5170988377541503 0.5258317609252732 0.5010047785431296
