Raster_benchmarking/DGGS/continuous/raster-487.asc
NCOLS 100
NROWS 100
XLLCORNER 1743166.6215866471
YLLCORNER 5469296.250943011
CELLSIZE 10
NODATA_VALUE -9999
[rows 57 to 75 of 100, columns 43 to 85 of 100]
0.4698209942148388 0.4646225191529394 0.4408634014535852 0.41397016317187396 0.45146876259733587 0.4258149089722772 0.41870134954505067 0.4026439413492112 0.39515339201414573 0.41368191142772565 0.46423460961549984 0.4547761562167865 0.4351235605323512 0.44417752715403713 0.45282023609698807 0.4726464878879283 0.4787870501689672 0.48905328033454293 0.4505664424424365 0.431055602139199 0.46446696889647615 0.4586386921339183 0.5038264681815261 0.4856762724021917 0.4754501512451122 0.47878682068081474 0.47938329363275045 0.45112242931750784 0.4738130230455177 0.44683691317564855 0.43944336550421464 0.44688679680074006 0.4921432523877677 0.5333341312707924 0.5156506007301481 0.5678656275265971 0.577889091696189 0.5738754827620821 0.5736633583073042 0.5446232264763308 0.5468068302801785 0.5570870904404801 0.5487001965487783
0.5078961670002273 0.45409348366902985 0.47725226600958587 0.4567519632452122 0.43438604016639243 0.4264800200952216 0.4239700203229127 0.42218231275257206 0.4497136623256726 0.48960680091177394 0.46931636409250027 0.4686502334283728 0.49189221088383933 0.4685834381102148 0.45088382505299496 0.46787767431603294 0.4874410687736403 0.46226103018884523 0.4510205496332037 0.47461822519492014 0.48222954832157333 0.5017270855735482 0.48370001770538895 0.5112790870698641 0.5189342511717647 0.4712008540515081 0.45612195214089757 0.42511054296672846 0.4520686304777487 0.4453213879349545 0.39925891842280076 0.39749353058804576 0.4312490521349003 0.497449659222434 0.5017072245000697 0.5537112596863482 0.570455312785987 0.587690045025226 0.5442475767969127 0.5438864285684902 0.5197932196480397 0.5374092483767736 0.5528615255480069
0.5045755638414976 0.47315465485823305 0.49011606760001525 0.47270107349287205 0.47343793878126067 0.45220265783017016 0.44203299193929035 0.458293914127014 0.45796397960882246 0.4633761229371172 0.46285532617568953 0.48644512400024253 0.49739744112985096 0.4848521107982898 0.4903237099509834 0.4900011576971952 0.4673177954425934 0.46766716056676993 0.4699478562376368 0.5113463073571186 0.5149412713782274 0.4934298996736751 0.5075035396821674 0.5357543309925586 0.5177012521470996 0.5126797352430114 0.4499521811395033 0.4536178743235417 0.44160416886172377 0.3986150990677054 0.397440387013475 0.42141925373899913 0.403526541347083 0.435155814904887 0.49382152983080774 0.5400928040615819 0.5758764746690047 0.5826445951144097 0.5443620938751531 0.5232013005120992 0.5202156941821086 0.5098410006494608 0.5345026260374953
0.5372833898960206 0.5253099622465555 0.46330904551346463 0.4582407867584989 0.4528220089085908 0.4985096415766679 0.4500685625766585 0.47900469806831514 0.47303776422301586 0.5158419809020436 0.4633943069507731 0.46032977911393197 0.5192763613246055 0.517743385201158 0.5195631349225293 0.46875198005132507 0.47412230068810496 0.4760125959029395 0.514215784679636 0.530972046164408 0.5366132981328149 0.5385528114149378 0.5098054595309518 0.5309474101177708 0.519175049236258 0.5162717118504516 0.47056112102679354 0.4497973026248099 0.43507139899174163 0.37666963227279804 0.39284517293202026 0.38780315571643326 0.3809237801598598 0.38975212851638646 0.4830527325403051 0.5230509362436399 0.5469149209220001 0.5679641364745857 0.5285680001249365 0.5412141955885335 0.5390395306026253 0.5446979363410025 0.5094902305027275
0.49800351476800875 0.4824423412250838 0.46349681431594153 0.44364463955897265 0.4599640025717706 0.5067019298252021 0.4827893890111913 0.5199071935160786 0.5052411429855642 0.5005284281898722 0.49233886624479 0.48641016121509706 0.5211736303497249 0.5075136111282763 0.496777223612307 0.46758175254694306 0.48172838227254344 0.474764980341619 0.5108004406837738 0.5167240772456961 0.5440002984856541 0.533447388138491 0.5105280354829428 0.5009630375648296 0.4736878745338318 0.46982269990849296 0.44699002396215803 0.4075833627871244 0.415808524393794 0.404705146836261 0.37135690872792776 0.4159098345272129 0.3846424829096383 0.38641991527502806 0.443754811301767 0.4714971349914322 0.5240443495768076 0.5218346253531678 0.5477626837824157 0.5183547560636439 0.5370145555839348 0.5098331909057372 0.5053390299240842
0.47470987392304687 0.4734546883967844 0.4515871720181707 0.44922915636566446 0.4773889950458106 0.4857365371294772 0.5037036259719754 0.5186172887851815 0.5207444349042895 0.4936858799299839 0.48950831292714364 0.4775134855616368 0.5324488859598063 0.5366571419896302 0.4820534233269928 0.4796381793910737 0.4887474423177595 0.5043218613520483 0.5005867624668184 0.5385474641056653 0.5556784950707949 0.5032481490079629 0.5128167961148049 0.47655221247158375 0.4650999887467664 0.42639592557848677 0.4337257734642617 0.4158649269951022 0.3761108842291739 0.38426378952672285 0.3967660583224648 0.41552889785288083 0.4028986194038544 0.42308738751315295 0.44348300382707306 0.4740298079899745 0.5137299383960596 0.5132967591998259 0.48951758973104037 0.532567534847452 0.5149244171812704 0.4769109290293263 0.46670022203656375
0.4557157066676762 0.44928281430186007 0.41973130927456676 0.42732459449533494 0.46584939436093475 0.4796934481150538 0.48439343941409413 0.48593954280914764 0.5152438231134769 0.5245565633160724 0.5040737055787331 0.49588114247630366 0.5249625875404839 0.5478791556377766 0.5110005005584115 0.5125172628772077 0.518023392428455 0.5466048531197392 0.5348932778414266 0.5456774577935856 0.5496695658026802 0.5118095133092811 0.49939877066571103 0.47222149221671594 0.4561750102514665 0.45623830694906586 0.41656193639351674 0.3913574188436266 0.38066448702738076 0.37451526521360284 0.39989018656636766 0.4266601819568043 0.4136445425782638 0.39491202288977223 0.43548875019761885 0.4452934817641585 0.4534583379203824 0.46309487526284043 0.45885197025483415 0.4631163076579723 0.49397799812632015 0.4904547172223067 0.48817089216813647
0.46156984589259037 0.4139917525706223 0.42805787642465026 0.41385842582988314 0.44316851015230485 0.4760175002403097 0.4666207284776514 0.4982044764279128 0.4753592804994905 0.4815090701598811 0.47057429160057146 0.47254598256215563 0.5167363326572834 0.540075208263465 0.518584617583537 0.46512755905828645 0.5272290433114596 0.536203745164164 0.5344995843639953 0.5021318284872066 0.5535485818952299 0.5641471496644697 0.5287587361913885 0.4730480591016956 0.4744658388533111 0.4371961902773742 0.4201090282295446 0.38387292409254453 0.39967067364868153 0.3779769885082477 0.38451481296240186 0.3851358359213251 0.38244921005966576 0.35774615086948364 0.41016063519093954 0.4489188702943386 0.43851324762667837 0.4107014441703253 0.4458649257013019 0.4474978155355141 0.48180775232883816 0.4553827769076498 0.4837544321038175
0.4162225897243151 0.4083250048832048 0.41659177608072223 0.40688999808648807 0.40734747100726876 0.4186818132913987 0.44930157865026915 0.46878605274122703 0.43031948553920985 0.4432627197543832 0.44639621060748863 0.4786840380627748 0.4913663385638224 0.5186587757961008 0.5041648304422819 0.49245596434346206 0.4967062166941756 0.5382313903711194 0.5135020852522925 0.4999767080089564 0.510491104470221 0.5548086021086835 0.5203998801224515 0.473999153459504 0.44380696406369013 0.4094203121090559 0.4054019210294321 0.3594731602534783 0.37642567958072437 0.3513411553551558 0.3898999130799635 0.4058332096326399 0.407912027039345 0.40881226537683496 0.40559912112183066 0.432310213709505 0.4321707640758445 0.4143631527654927 0.4403053378613123 0.43512642727452294 0.479287179032855 0.4690547979051485 0.47597272712034205
0.41494195478880513 0.3916307649161619 0.40373833945004733 0.4249953259901572 0.41348723276229016 0.39769577004474244 0.4288628173415782 0.3982731003806405 0.42248236133905165 0.41587780001384916 0.4342854329339669 0.43312055190968407 0.4281661806387375 0.4727784769088363 0.464094119326819 0.4749319756776794 0.49058420802167807 0.5278728032616753 0.5318452145336485 0.4920710832904342 0.5193877137989827 0.5457312827850682 0.49817024042243924 0.4761915791110034 0.4316820987731993 0.40489240843816593 0.40651265308299295 0.3650825593349204 0.3492155815925997 0.3400735762729656 0.3783772242313994 0.40796204764805283 0.3949154416265614 0.40627590152018006 0.4228977220151628 0.39767297525581363 0.42937028133638494 0.4397053576628213 0.41699289465401657 0.4605734591054418 0.4331217903047333 0.4502834931143695 0.48245967961718583
0.42089309560502774 0.3953474605654077 0.3866761625050318 0.3988125982827886 0.39223641694933703 0.36737478886458763 0.38008866613082554 0.3632151362173807 0.3625792011115057 0.3907963279431472 0.415458538163249 0.44300073482191366 0.4196154256961576 0.42019053184350846 0.4684090550309124 0.46135167457696585 0.5070610448696643 0.5152578359598844 0.5103041814100919 0.5135325690229848 0.5012506220751491 0.490078815513772 0.5137430210538171 0.5024744035978262 0.44502738077574444 0.4044547575364351 0.36934540534188925 0.351696683496629 0.34120024692191125 0.35411346224787454 0.3604906745252339 0.4197204100774811 0.4189018772479323 0.3755463903305424 0.4019247424501924 0.3977233071185816 0.3982513411555881 0.39874880743065216 0.4300355321715849 0.42450285663303206 0.4314293396560777 0.4222492450536163 0.43966043422689394
0.3755699456928156 0.3844179554476265 0.3740396061979911 0.3441326883195597 0.3821997520333761 0.3601338974406884 0.3759019075197302 0.35631033436592485 0.3459244234391596 0.3420160662442996 0.3547293025252561 0.4047608466577704 0.39682578005022734 0.39328938506664474 0.4479998021875266 0.48074660993481333 0.5073961639476345 0.49505190908875873 0.48310437433525644 0.4634666901731269 0.502132042680632 0.5017464244028677 0.49129948162766235 0.47963147747488055 0.42490535444410304 0.3967925658783048 0.4035877942830425 0.3988156286746082 0.3771223910080107 0.3561931363791799 0.35857397598428536 0.3952241033891622 0.3738694377800384 0.3784588289335183 0.3909010649024167 0.38798884505652 0.37104125238074825 0.4124987992852521 0.4317515538080281 0.3915457009689053 0.40932665710746563 0.4509404780012469 0.41115874531702706
0.36998176727272164 0.3645743641585373 0.3478529058384874 0.33745258794501215 0.349985192300496 0.3680962134711714 0.3739960123422372 0.3878338470570995 0.3666232608456739 0.33913576216235813 0.35291741007643307 0.40941968088328334 0.4081697976532845 0.41306841407180556 0.40827781725062773 0.4276721419958642 0.46938217240194474 0.4792990710941025 0.48480370644342335 0.47824684377771587 0.46879145137146866 0.44762078751617734 0.4332162397387695 0.42360500427231557 0.3974594093248859 0.34233725090018496 0.3603854518978456 0.34809681322894254 0.3523769172838972 0.350295518711959 0.35283046293890363 0.3691305136340094 0.3640810000802854 0.3691721011525696 0.3339832336027411 0.34880933285241433 0.34461280622505375 0.38996031261546527 0.38908525866220023 0.37147697664060875 0.37751978190228813 0.399628024124149 0.393821199011547
0.3208547161786931 0.36433766383065863 0.35831315019220883 0.31332615709426803 0.3272849328953012 0.33212377500229046 0.3422535821013886 0.3638050543417937 0.3822801208875827 0.3847614792120523 0.36042174047791475 0.38465413389416353 0.405548325685029 0.38594928207352563 0.39745346730113773 0.39244576871635295 0.4618142213058848 0.4538641606851581 0.4501065761221435 0.4542271530968506 0.433209279197029 0.43613811214451725 0.39913003231377564 0.3847645702057437 0.3668762467035403 0.3166465684726632 0.3235649896286148 0.3239785152302188 0.2923200700310039 0.29755797902605163 0.32309115084931683 0.3109301017882856 0.31351322889382355 0.3614025194477061 0.30694980307108144 0.29322844911776313 0.29022934053971267 0.31903917540492843 0.3669772608590002 0.34258872976940513 0.35841593053138576 0.37917613736292716 0.37806664784879457
0.30392306649950973 0.31935172628574754 0.3213804887848076 0.29362893803011464 0.299248637796993 0.32120199450937964 0.30977688524975505 0.2901365187226849 0.31311163022182165 0.31825775786928323 0.3670015170960484 0.40133993113103444 0.39531898482815264 0.3830435248598916 0.39880110628544196 0.42897527242217853 0.43287464558560657 0.4374707352522189 0.4154388608360848 0.3944973301232286 0.4101699647001064 0.4103553732939492 0.3935953595461002 0.3685173469173967 0.3507706012036713 0.30401647974915474 0.2777349024528873 0.2888830522472836 0.2651737806606394 0.267589619864003 0.2785244321333772 0.26586688246111834 0.2968526433664726 0.31060780564837837 0.3257917684443929 0.30599058111114025 0.3032697204438949 0.28215578932474356 0.327473702314399 0.36579902201473097 0.3643776748966777 0.3868365386476262 0.39381908203551996
0.2762969084153101 0.28593668747593914 0.2841747643658423 0.27768792804429565 0.2581126860956152 0.2760538583045877 0.2622609655918218 0.27619271785993244 0.3047027747405076 0.30373390284900526 0.36719896369961835 0.3927534121048903 0.39091885302215745 0.4050568438456019 0.4237397194132646 0.4184185146386348 0.3997067593272277 0.3893895532330627 0.3660782555538157 0.36658391540411145 0.34564915858767215 0.3675719657884917 0.3686559507365107 0.3594936471456277 0.34265145212619774 0.26528787982878715 0.26655794626790014 0.2718668522012714 0.256919515991073 0.22013985951738765 0.2338251218816093 0.24755330739241743 0.2809798622813446 0.28764698479779743 0.2823731219644339 0.2991040735324644 0.26846418101749997 0.2577835800569435 0.267169592303282 0.33592644197533866 0.35940583385597386 0.3465921172557409 0.3736469766206635
0.2759722061848096 0.24095892022734758 0.26136277319993434 0.23997083237062103 0.2695596981259865 0.2598191584623956 0.2786819120876827 0.2769010476902992 0.28353379792811906 0.2998583663873146 0.31515945118519995 0.3628752143390952 0.3562629549974199 0.3863747459320201 0.4066266163742176 0.4143850835838076 0.3751043136621832 0.3787374340464776 0.3583459856410228 0.3137992371414849 0.3304652276643285 0.3561022073840491 0.3449038207996022 0.3045292629302731 0.2940697903635996 0.26140177416400917 0.24294062959072474 0.23650166520559227 0.26455062190263257 0.22385313409008964 0.2262343417379362 0.23447284334394208 0.26162399454642554 0.2501956767626245 0.24969729758851103 0.24401196333612474 0.23507189398579378 0.23174155082846942 0.24513518321875902 0.3064305273715889 0.29550809016285984 0.32528782531199846 0.32740174852380294
0.2856084144916903 0.24359183862189512 0.24059251229435052 0.2458613659891221 0.2403866535140525 0.26808315120168275 0.2286570022516893 0.23606523164574988 0.28669169893274443 0.28802470270888525 0.31337745796720134 0.33114766753744806 0.35109630770999994 0.36912805335485893 0.35811450423581603 0.35618097007498883 0.33361814975696075 0.34554059913875595 0.3175978087532694 0.30268338806814343 0.28324853628408075 0.27856746287443923 0.29077805260738115 0.314653941910609 0.2524834285395661 0.25063084260377855 0.26391130607096774 0.22745800559199386 0.24501369699184303 0.25203134546375255 0.26215981711174974 0.25847502726443344 0.23260237641486342 0.2148145133392331 0.2159363097703046 0.22585945525665163 0.18448700629524967 0.19915312290946408 0.20625847453626436 0.25811103940525276 0.2951808400588287 0.326972213319446 0.34486695138559936
0.2885506758732814 0.2924887351797623 0.2595570483597751 0.26997040475445694 0.22264429509432007 0.21047972896543954 0.21934659730122746 0.21268023098357136 0.24506213371259897 0.25333296626488155 0.24597619341116642 0.31100237599079356 0.3316647322612149 0.3168053370064216 0.31635855885199027 0.3231666095752329 0.33587617671554226 0.35168675541175787 0.34611888326521884 0.30003647458668803 0.29872578156979535 0.25193598808677276 0.24055129371599118 0.2514050604222548 0.23549564500390094 0.2389283438634275 0.25625442411192956 0.2658168381987288 0.24814827557742639 0.2539830919782571 0.2568503903220889 0.23868543136624804 0.22499305916042076 0.2340195108333167 0.20185913063708674 0.18246059792500832 0.15099042033501095 0.16100428666153976 0.1939262527657665 0.24259156058727085 0.28127704766214556 0.31469090692580043 0.30193382349988585
