Raster_benchmarking/DGGS/continuous/raster-419.asc
NCOLS 100
NROWS 100
XLLCORNER 1743159.564421119
YLLCORNER 5469282.080246694
CELLSIZE 10
NODATA_VALUE -9999
[rows 0 to 18 of 100, columns 0 to 42 of 100]
0.5834480852801296 0.6054540122809985 0.5578376640193962 0.5283519241210489 0.5094350742005573 0.4885999559692073 0.4943018030945894 0.45570134159173337 0.4618777590629133 0.46152247131750757 0.5058949847894871 0.4907710558940617 0.4755057788196636 0.4513630445165167 0.43965131505838734 0.44529933391729837 0.47482578614475435 0.49070579765685945 0.4283661738765394 0.4119201630696111 0.38544726574845734 0.3543902946707624 0.3911441603453293 0.35878109690098325 0.39220354688294823 0.4284645098064253 0.37481874528162173 0.348977745434281 0.3603608581464297 0.3980351906427152 0.340583925982343 0.30205742767443083 0.3319441098776988 0.28264895678514895 0.2698491097890601 0.29071146062982905 0.32277341333260273 0.3202958636474589 0.3249632615009415 0.31774728797626045 0.34787086948393803 0.33952161524427077 0.3337112265475788
0.5635143061341589 0.5985117645596848 0.5315887990917038 0.514551730865059 0.48249349743159253 0.5183304739273059 0.48268798664933416 0.47565318273683527 0.5136624606251248 0.5150453775551014 0.5017863170339757 0.5074086428913162 0.4593000273329631 0.42747113753284505 0.45725787575855487 0.4593950577284695 0.4815198320908066 0.48759965973065583 0.42961580368713603 0.4199891157894925 0.39765303637866445 0.3736238865708985 0.3640564155728033 0.38319133587757015 0.42217247782639955 0.41153065536073025 0.44618422358571214 0.43303322285476703 0.3734796457535499 0.41850748237177937 0.36231615095875347 0.30328333494517223 0.33112644576463357 0.29948965361460095 0.30451057327672837 0.2993912323047515 0.3240139532769994 0.3967804209604839 0.3914538498142496 0.35412489616846893 0.3481066287141017 0.3460786929594964 0.36953433461629576
0.545339857133044 0.5985412903651951 0.5695761140916803 0.5173245324379268 0.4795921093458783 0.5125651780273278 0.4928957930135094 0.5728893198441138 0.5602323436624701 0.4952987387485171 0.5062509149618172 0.5312965090494379 0.5045136405682088 0.46516084688104287 0.49230685854812 0.5224525099293236 0.5158479309035844 0.483787494499443 0.4114323567702079 0.40017861137070754 0.38700455239629467 0.4399022685700098 0.4514356409138982 0.4392649429052817 0.44180284845174067 0.4352542655741244 0.4423903546277803 0.438231155935211 0.44907856997305323 0.4115245251134524 0.36574415199204247 0.35673662697922415 0.371505018169988 0.3186221864156301 0.3166451320717601 0.36197602100015486 0.37170709240457817 0.4278430962356005 0.3946166810924484 0.4258793811125455 0.4420485900174997 0.4069160727062288 0.37331365428722607
0.5767147506378881 0.6008939204769804 0.5236725565773941 0.4906559625832272 0.527690278784986 0.5463064154081081 0.5345461667699929 0.5402474862384382 0.5309682081776477 0.550764884921128 0.5260990001257537 0.4794200277341368 0.4803223487182926 0.4861071499249963 0.4696157474457012 0.45544471206492276 0.5171247118174259 0.478969804397432 0.45129331711463244 0.41526644040924127 0.44720240440706355 0.43225015840103165 0.49551845038054104 0.47262803145925897 0.4753273291193371 0.5044582335459129 0.4628776550293588 0.46866084483164366 0.4383344841468828 0.3691534624665308 0.35250817339954593 0.37017232856821686 0.3694795930580665 0.36486700265084604 0.3836316045281563 0.416452252518119 0.393142166568448 0.4237533963332576 0.4386655358514378 0.4449659213102834 0.456691657157584 0.4311635340290049 0.41238054441743716
0.5884571103316164 0.5849394855642652 0.5682651141662967 0.5161404352886338 0.533616514102345 0.5792312171971471 0.5702077638235497 0.5565429997281067 0.5863970911647698 0.5733493715385984 0.548229178989652 0.4610027330533893 0.49476041937128207 0.43417801004948253 0.43387505593408165 0.44386250584724085 0.5037391399954055 0.5309025298973125 0.48686599691470084 0.4839284025047341 0.4510468182732271 0.4488145889187463 0.5278620644273028 0.5374277817888368 0.5129972591407453 0.5229114099250864 0.5302936188983112 0.5052197618348485 0.4382984768957199 0.3935021073393622 0.4043564454650078 0.3201830015701392 0.36006178522675614 0.34330283917566795 0.41140654990154457 0.40194235487358515 0.4489313536578716 0.472533323325846 0.4745857567956621 0.49763537769444066 0.5035731504046408 0.47645795782699674 0.4730018658589071
0.5592613156054779 0.5318578491231475 0.5332187723910582 0.5878176815550424 0.5594164787962147 0.5773628112810957 0.5650010642817072 0.5314784902703402 0.547189341538169 0.5494885011115376 0.5075217271178315 0.507060353200855 0.49694219584911814 0.49539720871270904 0.48769218031581224 0.47694993631250454 0.5130053403903606 0.5616132486668929 0.5481573431643861 0.5018650040728825 0.5310552073916862 0.5504452379847717 0.5075596534065449 0.5396279779182422 0.5147207006421897 0.5091303428235906 0.5441830607735022 0.4743527364080508 0.46166440623713817 0.4643588453489188 0.4172400512842132 0.3931913459355163 0.4162286635186615 0.3702846277401934 0.3794543899877676 0.4436960559887296 0.4818335482684382 0.4665837787267606 0.4687750680576853 0.44465887993246644 0.4789403996558962 0.4754402553510631 0.5097419198617532
0.5428946271851163 0.5590062618239383 0.5859755528135873 0.6042342156519309 0.5324891245560942 0.5210559457582431 0.509896752475735 0.5426925211438303 0.5464768110774157 0.5604941250101056 0.5371492524791012 0.516366776764858 0.47882583019027813 0.4406831497634378 0.5088551947437033 0.5150690307751593 0.5591564466781792 0.5476474704039004 0.5634228654286079 0.535538188572632 0.5557788275849823 0.5829042538726945 0.5348492402963684 0.5139912372135671 0.5176872393758161 0.5880086221054243 0.5645739673186208 0.5027512879423558 0.48510296281100207 0.4971031798383002 0.4249916723171078 0.4077261927226472 0.46693787888141175 0.45464804636560713 0.46822317957101733 0.45080373891978276 0.45464928686515743 0.47811548528262177 0.5174189831103444 0.4649428302989781 0.5126261392599452 0.5562026267281841 0.5706832580588391
0.5241983603601456 0.5546332430381917 0.5500497885550212 0.5943292724794454 0.5495018948032788 0.5334029334369869 0.5364450555215564 0.5520687153124115 0.5237718331285743 0.4920760566410905 0.5095808338122337 0.48589534677216756 0.4953344331023895 0.4715546536172843 0.4838878225390609 0.4777537083209457 0.5221212180758443 0.5105237667831783 0.5294299018323797 0.544208798586164 0.5657837758285226 0.56798174516301 0.5301043127414079 0.536406487647304 0.5923831923666106 0.5863286253142684 0.5604665515023871 0.5827259542000205 0.5187529928237149 0.5152628280000882 0.506213106746992 0.4771519355447909 0.49155075657841535 0.4982231844303282 0.529320237260795 0.4933843030229391 0.5399677195873029 0.5524856938815716 0.5600625074253706 0.5066178517556503 0.5629462699998912 0.5514760082359446 0.5641228309556057
0.578829544526453 0.5478974512324314 0.5568520421381788 0.5566505668119455 0.5049386550224108 0.5044285103563797 0.5320414701848082 0.537660170129553 0.5025053813484128 0.44407319831584546 0.4657877621381679 0.4519671442433078 0.4778864621511353 0.4763948085772618 0.5008083721993996 0.47133486194892904 0.5325494305221068 0.5259753182651679 0.5396256626748358 0.5920764537919155 0.6203981266832407 0.6153251330322476 0.5989271324872868 0.5453171215885196 0.560225422566076 0.5961219150764375 0.5751450518316685 0.6168044750766857 0.5502271442097187 0.5515229137246609 0.516971285907313 0.5618016616540612 0.5842736615500465 0.5634951143678159 0.5701657163151129 0.5701236070857741 0.5724798403707555 0.5961978606072206 0.554111266738306 0.564620856623073 0.5457897977679058 0.5460591890016318 0.5241314524888598
0.5618497313900106 0.5101333130519831 0.507515955340664 0.5457358497600492 0.4974723916061789 0.49900020326726435 0.5047987946124571 0.4848573058729685 0.507459136409069 0.45440693530122844 0.45037612352929607 0.5172000012148242 0.5245520936855806 0.5242259282534006 0.518677675957382 0.5044919465111788 0.5056108079146676 0.5541848881459134 0.5756850170730052 0.6109731660960129 0.5816145156952917 0.6068362520986912 0.6053184966353679 0.5718202198184998 0.6113407212026964 0.6001165802063069 0.6109837898969838 0.6325873201958241 0.5773612775122077 0.5409456853324714 0.5686037943851514 0.607916149152402 0.6381689837046028 0.6386565658708986 0.610743167044515 0.6221059023044004 0.6125266690587797 0.6148035341543862 0.5657927113104597 0.5139648758249539 0.5278981866600365 0.5327610125225833 0.5252468435609439
0.5488457164114391 0.49991315324090535 0.4765275513456852 0.49472249458364487 0.4578900584176492 0.49696515383752904 0.5151167631177619 0.48946567462618706 0.4916524385175981 0.45726588760776543 0.5144161649338137 0.5469565131484859 0.5064588206320813 0.5172719262604045 0.5622855848412947 0.5328910712319644 0.5705653188805343 0.5792230335676928 0.6308745194691485 0.6182726280963795 0.6298073860357548 0.6252371045867392 0.630538113621956 0.5934207378345485 0.6020656038540066 0.6505696633736293 0.6616963563341592 0.6426487589389563 0.628092886554271 0.6050618227364029 0.6130442840797038 0.6573286254106764 0.6397732385125013 0.6638379173344374 0.6405655280541962 0.6534844328729705 0.6559529191164266 0.6167314082424741 0.5563547754071927 0.5301251250516144 0.49558339659252826 0.5483356792753618 0.5510527012844348
0.5609825505647585 0.5299803574933302 0.4661665116106508 0.45880773655689944 0.4686150870060705 0.5178864556031219 0.5168807686588965 0.4685285495347461 0.4710090059118333 0.49066144527248673 0.5614138516939018 0.570646556077556 0.5685332763984403 0.5673639176705689 0.5786823049525147 0.5304302342921807 0.5328259301735311 0.5978488545007363 0.6149144538291018 0.6151539169602465 0.5892774348156979 0.6226906960524284 0.6264492441631012 0.6061399485420933 0.6273925847863866 0.6632863362821172 0.6320098439973493 0.6929822827029184 0.6946819871967199 0.6513128394995557 0.6418450113313171 0.6500419833469051 0.6772319317401919 0.638306059306714 0.6543008440942323 0.6229251602014062 0.6451442124673735 0.5773552290976995 0.5742765278161216 0.5139026868122992 0.507188130625621 0.5195117718164348 0.5216811605105875
0.6077188572647728 0.5189618141243107 0.4821475072681242 0.48343019201711984 0.4813258390471475 0.4914161461458851 0.4762172746528687 0.4810372180381975 0.5152298264701428 0.5788032987819448 0.5922049453268204 0.6065002892419745 0.5820815579773048 0.6067492722994473 0.6020427450024947 0.5360658255043567 0.5357067206396505 0.5907549173277763 0.6251067410894012 0.6062519600824426 0.565967022326799 0.5538556075835745 0.6099096650048551 0.6490571229250266 0.6646979428109924 0.6449102860892537 0.6600496864362861 0.6883584165940551 0.7241303681608317 0.7338617169275174 0.717236446408964 0.6920066102783238 0.7096370865568523 0.6975420339162729 0.6314259235640409 0.6559083080251457 0.5857182192727898 0.5584172239645999 0.5583437698356467 0.5452698013100776 0.5528928715713823 0.519711713163451 0.5151561723515312
0.5770637629972292 0.5375007939685637 0.5678909819636537 0.528336867910186 0.4758873185228773 0.46520859003145437 0.49110991243879026 0.5470828808301289 0.5488137288260521 0.5862846451658158 0.5363649918237957 0.5734482060342541 0.5864227752351717 0.5870752611269854 0.5885752521505059 0.60268587613306 0.5777818679440986 0.566583711849265 0.5791117962964809 0.5685939075257187 0.5475081323488867 0.6044593229692526 0.6172437623113322 0.6532911069878073 0.6548708323349425 0.669620860705964 0.7080505818900164 0.7111457990123269 0.7327845076862725 0.7541619063841764 0.7065755820115494 0.7078555080398965 0.7127580469081105 0.7064130153411632 0.6560334857431711 0.6127697410101722 0.6150724998739903 0.5753478345751173 0.5438760047370623 0.5764588075154541 0.599641798991651 0.5345978087948907 0.5564715497385744
0.5827404428193015 0.6063461370910941 0.5717901111863811 0.5390985515752721 0.48981340086046676 0.5108111209393423 0.5372924811789231 0.5611528397818631 0.5436069765253365 0.5627789576071077 0.5411648540827579 0.5326668805293435 0.6225806953436617 0.6259844318199016 0.6104256142272235 0.584867713248268 0.5622678895201008 0.55641497705694 0.5957561971073261 0.5879043351767346 0.5613333316441537 0.5786556992386842 0.6140067701073423 0.6067586952055314 0.6587349844945446 0.6507597747127749 0.6930193089762469 0.7444491966535914 0.7324498377543132 0.758644747115681 0.7359496270618501 0.751289002372372 0.7108579806699703 0.7019354940533334 0.6779122004759949 0.6614811974583821 0.6109251095349155 0.5779705182886962 0.5727404180351164 0.6261250164431779 0.6094908933577187 0.5825527461593902 0.5471198937119678
0.6388861297793698 0.6011905778832043 0.5804744216902833 0.5694689660771963 0.5118062261536788 0.5021136272351973 0.5415920994667852 0.5453253989078901 0.5630251870615011 0.5374331847993318 0.576169214265221 0.5741301706381249 0.624445810901109 0.6596445937844543 0.6339616062409303 0.6372616245194446 0.590269242075773 0.6119375931666313 0.6099416847686867 0.6107376770525165 0.6073563547991995 0.5977330353244154 0.6322300162166978 0.6632243817314672 0.6645167310164927 0.6672916126406154 0.7429374852209216 0.772024478457354 0.7873921842028716 0.780177728546182 0.7873138703586251 0.7786237904170247 0.7091714468574014 0.7157480464082073 0.7184836479954263 0.6815108695033886 0.6469599114979259 0.6079390747682241 0.6192812277072711 0.6502868685364613 0.6233979997688833 0.5854031728145914 0.5636742174960176
0.647579936643454 0.6811521229753731 0.6422580197794148 0.5989949422380125 0.5731474508330451 0.501838010238055 0.4867974241774841 0.4942110934414321 0.5489341570438792 0.5110223509371119 0.5596976978264653 0.5770441429737723 0.5983013279197049 0.6486110922629312 0.6165981038118213 0.6258932486732974 0.5989798234083644 0.6566618374467217 0.6952732196652018 0.6858922783637001 0.6660869293245855 0.6952778912234355 0.6479500907878781 0.6693006127948282 0.6784116983752653 0.691736294052009 0.6960230019089713 0.7675598700692985 0.7545792865958966 0.8082307150804198 0.7925204307254633 0.7275161725418179 0.7465634458612677 0.7109891108555811 0.7198828670704724 0.7433805946549328 0.7041623375070984 0.6907591748493177 0.6703378117844585 0.6277328408897235 0.6138485872691273 0.6494546652376325 0.6361787609652904
0.6813782179503215 0.6869244907205161 0.6535471355838072 0.6002437939358379 0.5596992698581131 0.5079595195820922 0.5209158116126478 0.5204993463235107 0.49213201806092 0.5401823347353523 0.536437683454523 0.5258117208719421 0.5413996589970419 0.5596218985062293 0.5790391187085852 0.6372883661197299 0.6544314391423836 0.6515034319042207 0.6920669155756584 0.6546751094693656 0.6669345000052884 0.6814065460935407 0.6672619601220533 0.6976570072946509 0.7086449878767429 0.6928399748904377 0.7196940021468987 0.7160993664722592 0.7459859185164853 0.7479939809269744 0.7689777614370905 0.7527272677930554 0.6995528962022213 0.7271139489503226 0.694923688967057 0.7227572571087815 0.7334783223764191 0.7303667360473649 0.6900763042540604 0.7090894212986611 0.6498784715469615 0.6470012066601022 0.6355297663881191
0.7118075800307886 0.669144889025293 0.6024098117770263 0.5514294357113021 0.5619503690584506 0.5687158694454011 0.5608415088041637 0.5579685564443541 0.5115323868688637 0.49666411088530216 0.4959325796056102 0.49564367684211863 0.495086390951031 0.5479209437943359 0.5998234247851941 0.6130625658380423 0.5913118422462047 0.6263537391120205 0.6380881549977772 0.6803533532903547 0.6367586005366471 0.651902828051682 0.6570972980196156 0.6668702173455865 0.7042758750192973 0.7569716402506729 0.7714753195169027 0.7204425606977417 0.7219913033587686 0.7480297594400781 0.7836261265251088 0.7706945099453385 0.7705998668484658 0.7273571528270258 0.7642154939756738 0.7329130606976022 0.7404683708745669 0.7666889790523036 0.716512421373999 0.742102284483307 0.713484019780395 0.6896446382872427 0.6890714320644554
