Raster_benchmarking/DGGS/continuous/raster-427.asc
NCOLS 100
NROWS 100
XLLCORNER 1743158.564425447
YLLCORNER 5469296.195777128
CELLSIZE 10
NODATA_VALUE -9999
[rows 0 to 18 of 100, columns 0 to 42 of 100]
0.22887461670301185 0.22932382092361386 0.21796185787017788 0.23357986748973883 0.2270762063700357 0.24275663073423734 0.2649682963831409 0.27629624113127965 0.2496749992236559 0.24318366924097481 0.2621132549109944 0.2545632873816362 0.2706934288356868 0.27079113714950875 0.2563418896731554 0.28370131237999596 0.3071705195337432 0.2946688826825795 0.31592033226501587 0.3578049268907015 0.3493880238156053 0.3798395023736727 0.365848646228695 0.37759209457677795 0.3594043978874988 0.3379826657794827 0.3082881404622708 0.31609181636201594 0.35561256280201226 0.3928999151556054 0.43903140637114363 0.4535645264744441 0.44268298597805955 0.500266464064697 0.5101009306649551 0.5110509224118809 0.4706620031865556 0.46093821386035794 0.42293193460643885 0.430326362397778 0.4461592071544862 0.41135432107838904 0.4004388001886651
0.24425529514849534 0.22977195613528575 0.2530133867519007 0.24211557860406122 0.2176247937839189 0.2416482399256029 0.23071514027926382 0.25350590319478167 0.27122853899368454 0.2238722751603463 0.2614902579286772 0.27746508683805154 0.2912184111775268 0.28125536674022983 0.31589719425788765 0.3063857177070259 0.32203185419066155 0.3381858402290679 0.3390261391291695 0.33341978955288853 0.3809817636571976 0.41220385256820463 0.4250172419794584 0.37611648230688033 0.40045143803089855 0.33402094642681424 0.32758454667756165 0.332839423140028 0.3510548459818908 0.40550476360091536 0.46276816472512233 0.43818199003941 0.43670708199075986 0.44916289422126127 0.4734736142147701 0.44334596288941314 0.45557844903743555 0.4279932101772221 0.37995494707806976 0.4043646563573148 0.4438681276102197 0.4069588084778629 0.4348132060492172
0.2348400118537511 0.23647213571405307 0.24857457008949982 0.2551097175603615 0.2612577505044089 0.23336075612263174 0.21701460331235325 0.267418174635941 0.23275947678601525 0.22692341540826674 0.2283924646549788 0.282540167169189 0.30199962861702623 0.3099423279530592 0.2721741428350972 0.29225131845440183 0.3110545214682119 0.3346381445509865 0.29853850189953757 0.34586478074331745 0.35900516377355324 0.3613489220418984 0.37817070157180616 0.3907498827771298 0.39210335632663396 0.3694168467944802 0.35958935811312387 0.34402150115165964 0.3878417052026037 0.3936999145594277 0.4611652825350844 0.44029206695652695 0.45356939066798196 0.44477870670033376 0.4600969027384881 0.4186575713123724 0.3786808792781589 0.37495759016932895 0.41256118173596473 0.42210205228036446 0.4177087614314659 0.43056325724327227 0.4129145560489281
0.26991878776054995 0.2788614874314183 0.25039978665672674 0.2301644783408064 0.2526765286621124 0.2542432645459292 0.23902442615251918 0.24607924825377958 0.26386995613894176 0.26549357752035774 0.21549757584968224 0.2283175105567136 0.29164675782996863 0.27906255656235346 0.26364004713125905 0.2928476246914085 0.3102478280615596 0.2698209329330892 0.2633925460060051 0.3208214979101544 0.3214740403555062 0.3314582762028099 0.402183027367344 0.38914935068889367 0.3703153620759706 0.35800063501592216 0.34862135880404127 0.3354875346148202 0.3825477195635253 0.4145911454935533 0.449198390996674 0.4162561384157059 0.4212835161207123 0.4317031937188618 0.42015446443621435 0.3798032513829113 0.3534240737335013 0.36114880880748573 0.40885376129290046 0.38231102310520815 0.39966176150017385 0.37749046892912835 0.34443533048522906
0.2837960925728127 0.2565337201406751 0.28040718494357436 0.23793474531609476 0.2631833081835405 0.22291121663158472 0.19299703247290076 0.21458283335072387 0.27224862977048564 0.255897294361619 0.23076201859532783 0.2308338976501514 0.22619995580094598 0.2422369012107195 0.2783551031796365 0.2879865903852408 0.2790057468518745 0.2732225442486284 0.24489234220566344 0.26831984475789217 0.3227590795232873 0.3485272977496585 0.4003323316575107 0.3581150049760785 0.34621817380049097 0.34226430083050424 0.3135609159131729 0.32371994331121406 0.3829458565143274 0.3784853617435573 0.4228011544123299 0.41852990065276624 0.4102664256734308 0.4008631115974256 0.4111914539007533 0.35552030685197133 0.37159730595985 0.3519463931133054 0.38920231170715586 0.4093651892397328 0.4048002230367671 0.38420141334878954 0.318423704361123
0.2899164385114803 0.3093162397475607 0.30926001361110206 0.27632032151250846 0.24738831730798808 0.22590133270821247 0.20220773397572886 0.2403544869790516 0.2626729662738808 0.2244961773563004 0.20251441552591848 0.1966156470023894 0.2057018694292278 0.24946448557443304 0.25923189945127073 0.280495163584936 0.2925487561463986 0.26579130760490616 0.25550838008635823 0.2919201322786545 0.295996155426492 0.3515239749731543 0.39123004248971077 0.3563105902335689 0.33590134509056346 0.32289846475092987 0.31017310477136145 0.33184355003225796 0.3558728498507979 0.3437656367093135 0.3435685243759032 0.3905694032820346 0.4315419757879637 0.43635147056000906 0.401586081314615 0.37390152149643385 0.32377107000252575 0.3647724785512502 0.3474044602010754 0.36881192565875986 0.37727281107954064 0.3810553762281645 0.31130478131871225
0.3162017744840504 0.32439186348235166 0.2736563763859851 0.2601468896904248 0.2632979165049722 0.22107988947973423 0.18860379835221 0.23095089941238045 0.21690551725314755 0.20100813963277153 0.19221922084446696 0.20839414535342954 0.19576495078877879 0.2226526884527917 0.2502278232772983 0.24688370978284185 0.25985072892318495 0.27225700440249984 0.29927510271198743 0.3099954609572837 0.3244493708961991 0.36228196696159715 0.3847621998753742 0.34860745341879446 0.34965141341354133 0.3276761491106568 0.34875506443035886 0.35302831125454587 0.3701068180982943 0.356475614805278 0.32832057284432 0.37533623522290566 0.41052375727472223 0.4028762567424631 0.35090509323355146 0.3501271650890033 0.33180550812096227 0.32742979361196706 0.32841079021424335 0.3326744192541323 0.3466828850997597 0.3411154191756854 0.35668774100798745
0.3202463035307162 0.2831801813235298 0.2716614491787216 0.2657532945515899 0.2300277473511905 0.24898911535360704 0.20055685701536707 0.22781950247170357 0.19423433611205182 0.19835174171081682 0.16710670589658322 0.19514190162401499 0.21797097420903716 0.2649307775207876 0.2858616721103012 0.2615150074973811 0.24400988378017835 0.2445404348823165 0.2717714621952811 0.33081722312396106 0.34312345846570635 0.3337074008845083 0.38411966386946234 0.35144704111043795 0.3325530188998795 0.3342519854585983 0.30569551482318424 0.3192549132818459 0.3299306084048994 0.33088987554899707 0.3173032771184403 0.3807272424202899 0.3890099924788618 0.3447561852739478 0.3387677998217991 0.3668660289699132 0.3333646863008184 0.30815507242083123 0.2970618066189079 0.30295325523015554 0.29274261179387645 0.3416208314065512 0.3292997310534224
0.30244817132444246 0.3198340916590251 0.29675839319005504 0.2613290433517794 0.25200971322212556 0.26953473102238096 0.24735853729098714 0.19912736143623522 0.1902370277697749 0.20195776333207333 0.18311409676089108 0.20888737333307064 0.21712929455701005 0.2333386324339408 0.24646516205122668 0.2497435240717031 0.2275657663229268 0.254238934103276 0.3096837674835038 0.31747510526269423 0.3307315330563809 0.35472290883088314 0.33478257734868705 0.3557830285173853 0.3492156397988073 0.29786249643668566 0.2888173880692348 0.3292635405562141 0.30942969254402686 0.302578876178595 0.33797006487290077 0.3600417452741371 0.34580959490518276 0.34456279571079745 0.3576599125982029 0.34299565729250125 0.323295832488435 0.30012612743515604 0.3110627995516456 0.3208286943723219 0.28675063604723994 0.2908995270165837 0.29081037364361134
0.28989090339196216 0.31213570206591007 0.30839279972092 0.3037821915266667 0.29618201644584125 0.2508342456490752 0.2696218933367668 0.21602980975190042 0.17897862241224424 0.1982327871500092 0.17936759567061042 0.19789124011452877 0.2030459612821372 0.24781243263544214 0.3164598133056242 0.2642113176785977 0.26041357850011754 0.29139982051185637 0.296652701339826 0.3147173706728433 0.34186478981205376 0.3503247810262477 0.31208450480050104 0.31831548573492535 0.2996711394865194 0.31294104568089065 0.3023576369335086 0.2823806672577904 0.2662746204680965 0.3131089314651935 0.3489274298620507 0.3727642956289417 0.3888893437000637 0.35407398655614547 0.31209870325042466 0.31868416572209163 0.345463484336402 0.3146680197241883 0.306948108186738 0.3041594616107793 0.27947879012808635 0.2528406708911396 0.3016748735431244
0.3088884500625988 0.2760584358228217 0.2668765776268146 0.3014764802587126 0.27141380725825776 0.25688821767558423 0.2382004067669455 0.2420270458232614 0.20843913523702579 0.19485377665055004 0.20210776692399404 0.2007078997433854 0.20548508481560487 0.24387978476521194 0.2972561573124719 0.3051376755522772 0.2388488929145849 0.24929515279916176 0.29555069071871193 0.2896271189832272 0.2793804881300606 0.32353513540456896 0.28446097004081683 0.29932832064594145 0.3124396755997094 0.2980853455483436 0.2845498303466203 0.3068615122495995 0.27570117237704583 0.3118312379674398 0.3328732584911145 0.37981620396757293 0.3733609631930769 0.33436237649549594 0.3238498700737331 0.2946783156364632 0.32184856393923034 0.30497502618926614 0.2602345825288254 0.22658890612484134 0.23305221306836968 0.2482580819393379 0.2714934245313179
0.3032527344884829 0.28761921937484686 0.2535009937183859 0.2746862929681077 0.289813476683073 0.26237889381707324 0.22779719496905246 0.20879049946501047 0.23785052003933327 0.20026727120746057 0.17625449671602342 0.21860525688227866 0.2630104654320744 0.27695343215360263 0.29692853761050514 0.27962222162621214 0.2484925364240615 0.2627405463416649 0.25875739964274763 0.24279548970128617 0.23661881273933927 0.2691649978827274 0.29977207405581036 0.26966979278185443 0.2752658191314093 0.2566733004940756 0.29503019255718665 0.30955499153793886 0.26165995724606933 0.27487862369803967 0.33808846356810723 0.3274462587149298 0.34438258221585305 0.29133779130234244 0.2620776701242861 0.26818467250390465 0.26488366294965976 0.2456703675233441 0.21123165430031382 0.23810704557516624 0.21043918768850248 0.2294320615625737 0.26533547771742605
0.29893816934348744 0.2708508554104477 0.2937607132956078 0.2775755969305257 0.24764116366050576 0.23715132170897205 0.24724214418800114 0.24015221527352015 0.22715882248234398 0.22244754930785662 0.23301455608926724 0.25158793764607384 0.2675991184705587 0.2639634397894673 0.29938070652764903 0.27721791661620176 0.2763497060081476 0.28292740171873754 0.27683186490859446 0.25583606829075484 0.25699515950617696 0.24439380166012611 0.2484399421080094 0.27281636621511096 0.2609014711491115 0.2676050909626953 0.2693883990900164 0.2741233407291568 0.2942313042795193 0.2725485608986605 0.322112638243209 0.34368425527250046 0.2944422785154404 0.31620969293428386 0.2722489057288909 0.2761264083450138 0.23087510526528437 0.2518998632060477 0.22866051742983493 0.19669426625593897 0.21594576219189696 0.18820233795410615 0.21303312307077527
0.2728570533678905 0.3047981510781802 0.2747116705337488 0.2639052690183526 0.26005060193846224 0.2309346914606073 0.265568900574973 0.21986316260282165 0.19506296378844995 0.20866110393087048 0.19202974547699395 0.2710833521547692 0.3035990323389794 0.27902171094310524 0.3013218193780287 0.28037987645698376 0.3077449757397005 0.27913346718895543 0.2636984509394935 0.25745432546261643 0.19777315224219327 0.19780699434683233 0.21897469380724277 0.22104522144449448 0.2331265648938709 0.2552717042222955 0.2314336099671657 0.2458418703020476 0.28583408921685777 0.3008200702592746 0.3168801768896337 0.32472497570414527 0.2826188052868565 0.28972751280974635 0.2981246550460224 0.2565436686740458 0.2357881707580451 0.22635174184206075 0.2324272584964287 0.1866186649129738 0.17450213159230907 0.19186295535428746 0.17648754699562674
0.3270119942281784 0.29745893293408626 0.3019426510158283 0.2601963211655665 0.2380129611746489 0.23294517283863644 0.24530314895835484 0.2382833275285537 0.21860149778739854 0.2163905905066703 0.2107123921621648 0.24960980702313362 0.29900434020386424 0.3045582182006985 0.27934660559906727 0.2883124510637672 0.28189522772606324 0.2765628447158268 0.23558569318853878 0.20647867393373354 0.19500486297491626 0.20338432007440152 0.174948712220421 0.19848440189834546 0.23104090482820708 0.2071062195680117 0.2130604537713013 0.24947832549435844 0.2505063249890757 0.24960580574445698 0.28949598593237025 0.2655638687172454 0.2335813374140745 0.2323297528285998 0.25979893915066765 0.2455941573721042 0.22149258735005659 0.2539704999915145 0.2676285882077504 0.21842490816151672 0.16709995616072096 0.1658853048878781 0.18587713524091176
0.32062357284666154 0.3109896852108682 0.3166292565503614 0.2738284546242756 0.23668876132721717 0.24413291408718332 0.24003252963867064 0.22665976238822305 0.22414678285061176 0.220115997047316 0.2568125731340148 0.28616491104643454 0.2823668415990578 0.29650331322636325 0.25817336109070177 0.27250331034848235 0.2312321551646051 0.25718210477635406 0.24434139031695157 0.2299427619012997 0.20577609699517782 0.17813688088355545 0.17528929728757808 0.1915205228576562 0.20535782789886553 0.24569140938373457 0.251182117938533 0.2242927239656709 0.21499061196035094 0.24005498932900474 0.21406848011651375 0.2505641235596558 0.2403940823132525 0.23638655678619794 0.2006450432909997 0.2169146655978287 0.189060808842291 0.24230262206926978 0.25293723499585796 0.19669516349508456 0.1913574458657036 0.20250628863272044 0.19482468218009938
0.28453310890380595 0.29285497495878987 0.2954646192904076 0.2387977265690928 0.23877491403492312 0.26737089101384826 0.2705320229547004 0.2327118759292182 0.25332732484604986 0.28805108834770343 0.28624983579470714 0.3182136336373701 0.3385364368940422 0.3062447345206147 0.27385623883344123 0.23362843651543605 0.23339834767878964 0.22800443075566962 0.2025815854624113 0.2236362228632346 0.22562976816482497 0.22962709764224198 0.1976954798485319 0.22534455684236965 0.22565804965292421 0.23597260100947187 0.220017378788563 0.2447398962347792 0.2620947311875551 0.26574108392577467 0.25866470716729734 0.2397428764293973 0.2221130344514032 0.18620834520830892 0.20289564227360524 0.2243539020367216 0.19824691689860383 0.2329363997141526 0.22456672703963523 0.2338786844406124 0.22141218573912516 0.18653327577129347 0.1867859566270121
0.25693686248757486 0.2555764577386056 0.2610971280659577 0.23648702905626928 0.23333582001211528 0.25137560104912354 0.2740180825014767 0.29881541057215066 0.2730140182829777 0.2799077748809656 0.3349558267699564 0.3601691962176717 0.3575006168332986 0.3390189516322172 0.28654373242356257 0.2703822800363041 0.20638988330774274 0.23402425311847813 0.19221246420100077 0.21870581835716948 0.21665833805328436 0.23727090765003342 0.2284080172530696 0.2274710067003276 0.2711043177016417 0.2753349624996357 0.2370577087759417 0.2687618500661176 0.2818373150126075 0.26401103467225423 0.256351988999905 0.25807282306586715 0.23074535221485304 0.20933515144576686 0.17511628274885238 0.23537398474734816 0.23266346805915822 0.2383796049399908 0.2137418539730421 0.19184081634618527 0.16652607458150692 0.1634210730919502 0.17765851635267038
0.29025205415249783 0.2699897706354285 0.30331850809676913 0.2822316340978631 0.29922674506637914 0.29521294824263555 0.3326370280945901 0.3310339516647294 0.3429778630443387 0.33211126746034575 0.3165800165171016 0.37322846181428954 0.35032326924253826 0.3627957635406594 0.3053845105293513 0.26593460926350515 0.2420667160389813 0.2450397463348359 0.22259770761440076 0.21136267543310666 0.21117229038750723 0.22719139860826235 0.22137227728620168 0.26069287587274376 0.25578742376272184 0.2475490930133047 0.2621711541900677 0.2755998685091194 0.2598706115882131 0.24736546380735383 0.24006178707844217 0.2383600534069877 0.22781697185233174 0.24686007841565796 0.21751635659709295 0.20617647778574857 0.2592889560647614 0.2426332032457885 0.21281738108286716 0.16335841005563043 0.16531365123697145 0.16310141711165904 0.1580540872463201
