Raster_benchmarking/DGGS/continuous/raster-48.asc
NCOLS 100
NROWS 100
XLLCORNER 1743151.3662134456
YLLCORNER 5469288.272439094
CELLSIZE 10
NODATA_VALUE -9999
[rows 57 to 75 of 100, columns 43 to 85 of 100]
0.8064440657263166 0.7599320559420548 0.6857006819636248 0.6502445088659417 0.6338119661222461 0.66952368353948 0.6594719803456747 0.6538555136965898 0.5525398131569256 0.6230924850351577 0.6479775407004158 0.6538285954396272 0.6272514158234462 0.5882274018730088 0.5658767740991464 0.607048379417458 0.5863081459619665 0.5280358692944069 0.5089809314792655 0.48802740850021986 0.5157162633135335 0.43838901720448287 0.41379522667759566 0.34328916145502997 0.31557304375485457 0.290857864927232 0.29959053165619604 0.2903545665239659 0.29332993599015605 0.35112174251850997 0.3828028805880835 0.448049957158181 0.47898812301435606 0.4589270786264254 0.502171793466121 0.4943015920923019 0.5457420357155004 0.5077101803956346 0.49444557257116745 0.5336162478071952 0.5114724821911893 0.527870162374511 0.498822603827167
0.731704333387548 0.7442903393645651 0.6781452870536281 0.6623343254974433 0.6632922718722598 0.6328308215798667 0.6665366528980111 0.6501444920725394 0.5982704425250944 0.6476105178918531 0.6061130104542517 0.611841010200057 0.6458348836307982 0.6356362586366282 0.6319682758489137 0.6059242288059736 0.5392040797940416 0.5274582361470362 0.5253286283972143 0.47658695050937755 0.4431603756979859 0.4427144320114646 0.38944990510227423 0.380125753710126 0.30439892686165404 0.3294045705733967 0.34897467221766654 0.33923002632050037 0.3725979081754667 0.3833805971736545 0.38704627079483767 0.4577807459308722 0.48861753696964705 0.47975305250721895 0.4752526370764544 0.4698667468396034 0.49396428923426766 0.5060869902099066 0.48995234628526224 0.5394850405520181 0.540712523632108 0.49803949350562643 0.4763522089541118
0.7402409842716545 0.7527916955013632 0.7391135096447313 0.6896229659018073 0.7041289630640047 0.6517065907185883 0.6579373562566425 0.6720624094977505 0.651317336584945 0.6047248175513557 0.6108229001728103 0.6113045002359679 0.6277475445956152 0.6096540584793939 0.615193800222343 0.6054160342802408 0.5306841099727139 0.5195303046763308 0.4710814025022605 0.4579835012121054 0.4400849213142448 0.4338010950350623 0.3777158163524791 0.34358455824756795 0.3077799670623041 0.36438109665661506 0.3533643760305034 0.3299521672915234 0.3617798979572782 0.3583184558086509 0.4019630292687385 0.4056561338388403 0.44454691850657957 0.46109596510545175 0.4491492370117788 0.4389761360220145 0.47022799521843006 0.4712236056278122 0.5275508861775668 0.5103525502412237 0.5240940960154891 0.5435619031090793 0.49448680432577913
0.773072956199387 0.7311279674002225 0.7440610542150459 0.7313757735048886 0.7083264088708592 0.6756430113160243 0.6637392671736396 0.613365788482405 0.6498646211191025 0.6346148349174087 0.6257502048087364 0.5999034320936761 0.6097350141291679 0.6259343292470972 0.6389822733592198 0.5716803512306862 0.5372367661837251 0.4942648485375218 0.5098236653306021 0.45958208577951415 0.3996850176064967 0.39207830366474694 0.31944736469351137 0.3056265844706882 0.3137713409817769 0.34717425979920347 0.3560552929390741 0.30533992492005274 0.329864657911302 0.36184143972544097 0.35403204987228887 0.37474235975612763 0.36896789125491297 0.3978499831044497 0.43993603578207596 0.4404082555832091 0.466002192998029 0.48394300906177157 0.5366663501265608 0.5346727820168742 0.5249975980079887 0.5295341279238648 0.5290393898925428
0.7559608314048529 0.7293607580145565 0.7734933400722127 0.7567908283445065 0.7178118670387416 0.6886206464688472 0.6103417581552966 0.5900005894038255 0.6320209572427117 0.594235261894463 0.6315831867943301 0.6342247560411904 0.6006715185732733 0.578493948154112 0.6295290119227132 0.5961240705773503 0.5596895632220555 0.49677380113683556 0.48827731176644096 0.4260947100356358 0.40930248552858856 0.3881266203146524 0.31274044536525325 0.332735307568222 0.3444404533725743 0.30790817511422813 0.3020727493942452 0.33317754953431034 0.3031691835157361 0.3218527153859202 0.3319989663551515 0.3146066063199608 0.33587489163426726 0.36945616445409846 0.3820748493089519 0.40736901446105467 0.41017846432930616 0.4344010718854578 0.48937346724614134 0.5272241430546661 0.5602361170901959 0.5245094777044138 0.5084104366881225
0.7435883667517761 0.7668024830842444 0.7424132652595605 0.6864813983909293 0.6824254251039069 0.6457217024880989 0.6322789699571785 0.6325507802862421 0.5910074108384699 0.588170211426659 0.6262810669794442 0.6093896819142959 0.5712919413079225 0.5657542984984842 0.5531819336212203 0.5726268945740306 0.5481846172630512 0.49969746513053853 0.459793624088768 0.38099468354257154 0.3841284299482671 0.3397555706335711 0.34523928862343617 0.35384640361155273 0.31254315182995246 0.3485259856498618 0.3452132377517208 0.33421187181126055 0.3388037639851338 0.36006453615323847 0.370199630976656 0.3433744065930973 0.3678738565351984 0.3713988261421719 0.402734981854663 0.3886640303316337 0.389023841384617 0.41957984907444035 0.4251159103207387 0.48735967212432113 0.49049043761378436 0.5378656909791765 0.5079549719685609
0.7381046827401603 0.7380652594412767 0.6734176216836182 0.6694026306839161 0.6127168091948861 0.6422831899419571 0.6306636392953273 0.6439022949932575 0.6392903737087307 0.6084272671465556 0.5468259942555153 0.5320178582402223 0.5438053127479778 0.5388713498959629 0.5488516254267194 0.5531666040888376 0.5090570344466983 0.43292038834539204 0.4282420774500797 0.35549797945181705 0.3091284270708785 0.28882327264211666 0.32511861161427 0.35708131417676775 0.30404797857110366 0.3714880274817122 0.36558968363586825 0.38640225994633787 0.4152003460540659 0.355553632686801 0.3886147919301465 0.3960599555517557 0.4463854361781489 0.40066785381756276 0.41744803065797176 0.3947885300168105 0.37239781783944004 0.3741093306982566 0.430249167023708 0.46769747976614534 0.48698691875249844 0.527969399215988 0.5260324197699876
0.688890127984479 0.6988483310160125 0.6921390696898672 0.6110655727548898 0.5846253209438439 0.6080533167511697 0.6440474514535365 0.6324376081023093 0.6340994513215168 0.5718912062449965 0.5434322239903698 0.5526947045138914 0.5716015816134314 0.5553991110779454 0.5133984482784524 0.5160314608621961 0.4584443979991468 0.42207437096256306 0.3893852335181592 0.36330990906002747 0.28617374838765886 0.3030877057739915 0.3063942565359649 0.3447439027981553 0.32252624881034253 0.3824998151325532 0.4128902902802681 0.41958353866449555 0.40386815243480995 0.3709779220638661 0.405312828629339 0.42733898753826205 0.4327372058591152 0.42008476418392215 0.4554013392956651 0.38419112731129795 0.3870133118548802 0.3991266371979245 0.45063119176742344 0.4851605162169072 0.5049580369153224 0.5733978099060603 0.5631140503705269
0.6260900164910534 0.6883782518069261 0.681843728466924 0.6266438583474601 0.6013298919616408 0.6414865726534655 0.6343254059648161 0.6241388286712978 0.5829562763879307 0.5810213088932529 0.5521425183126781 0.5645575276843513 0.5700935036431503 0.557191169498323 0.4922567971993758 0.47514403809960853 0.5082240814750173 0.39230957591943355 0.3331401185191495 0.3393310968801208 0.2716990101516685 0.34219299297039213 0.35443014521859434 0.37412547564468795 0.3858599732399568 0.38251761954895086 0.3964309080500593 0.37541021213662085 0.39947448169004285 0.39388624971753705 0.3734809147201839 0.4048609857599434 0.4546724745504515 0.46580049171669785 0.4720689054521911 0.43971876762452433 0.40346482655407745 0.42354531432840237 0.4583538058517201 0.49910722165675503 0.5583465661630093 0.59456542208184 0.5924448714406856
0.6710213779604438 0.6480968921274668 0.6570522545164 0.6587548726406535 0.6597032863194967 0.620762555932034 0.5809150110080512 0.5783548790168372 0.5703048309208505 0.5851406498941998 0.5318949354142144 0.5470435218523092 0.5223473735629226 0.5273475987354572 0.5087198424868369 0.477847828826818 0.45436947994759674 0.4266361648729202 0.37106326863904293 0.3116016676652676 0.3316334324408572 0.3513913087505547 0.3600070124298765 0.3390856549367192 0.3733452411865864 0.3550037353449558 0.364512821017876 0.37671472115844834 0.3602835903547837 0.3727232034510338 0.4104574043990698 0.4293553564141314 0.45491260905861164 0.46291820710921067 0.46947801571550674 0.4805321818773895 0.4577431477812821 0.4466768448886703 0.4525416198010066 0.5196901955926804 0.5513660847267602 0.5795611247400826 0.5754044605724533
0.6460579320947073 0.6163890634036058 0.608305666865618 0.6123484175065145 0.6518941384139318 0.6392906199402296 0.5687350492775842 0.5781514605455134 0.587568455507857 0.5979417710898605 0.5427343688341832 0.5204055795285736 0.5321361459344022 0.5153435314110266 0.5321332394934779 0.4919466921181597 0.42368821745975266 0.4066611070890724 0.3178485231528471 0.3491126013041428 0.3439674217321619 0.36532022182673235 0.3597092951775274 0.34154482799553043 0.2866434404974722 0.3190939730332192 0.3345744229989901 0.366793235025209 0.4056957961949307 0.3544451760509951 0.39399044280422657 0.40197514620578917 0.4476247632575142 0.44919495513911667 0.5170157573491817 0.5090696381373642 0.5113467425515994 0.47986636956818846 0.4661346147100856 0.49418035952040823 0.48110608891512996 0.5634633682134125 0.5676129797750712
0.6309738236313296 0.6327400478722222 0.6567787647363836 0.6265027781643921 0.6265163363673903 0.6510691492559297 0.6184665485956268 0.5953072486257275 0.6182042469560848 0.5730251913492905 0.543340301730858 0.5488747038655137 0.5653155725191825 0.5363274498459393 0.47500806780637617 0.4204408088107558 0.3632985441233841 0.3432699203617712 0.32500837115441567 0.315201130953992 0.31898013189614915 0.3191610629572709 0.2861616195760917 0.31940678701124786 0.27739274558927474 0.30301386211850484 0.30838825256027674 0.34549628577616354 0.34096847158546245 0.3736295191847841 0.3847060833321078 0.42094187115260945 0.44910197976134697 0.47402683241036464 0.5113800261066701 0.5207792554167414 0.5611060394236324 0.5337793437945263 0.47955800365629514 0.4723485542331092 0.49139840697769416 0.5244039338405805 0.5461597907887039
0.6960951918405359 0.6642527292909668 0.6767746258901486 0.6237122675793106 0.6424659434054211 0.6314502551510436 0.6342131805587605 0.6116382264032525 0.6066400349461405 0.5576312906538721 0.5774595680826593 0.5339696979830877 0.539473617996651 0.4615225488987785 0.46129630604762206 0.3756405909609521 0.293627331063927 0.3190446433760837 0.3354561151761302 0.3352375120447188 0.29662991688763835 0.30215958294497053 0.26996572566613597 0.2851245999422357 0.27759227095822764 0.30590084807382717 0.2734065007334385 0.3050442149538718 0.32032570006349165 0.34246976850720373 0.38977173870096404 0.4608525536876485 0.5037399798034689 0.4843611336246374 0.4932599781653485 0.5446530819079333 0.578376716235329 0.5696226653569242 0.5341216352703114 0.5285849337529858 0.5205446853837693 0.5176948165444415 0.5664001290465199
0.6578081117217991 0.6690307923008959 0.6627360537840767 0.6702363818738963 0.6336229668642455 0.6064568041351559 0.5949018626071737 0.6288926312761443 0.574202187227392 0.5353569004247144 0.5431409267385039 0.521001611382653 0.4538652597306119 0.4364427598610027 0.4160937828955021 0.34747167464301787 0.2910578725707279 0.3065065814073201 0.2957303122273146 0.2913608477638254 0.3111409328218748 0.3059926912681538 0.30573131554872646 0.2483788674758748 0.2690554549915287 0.2848822232028251 0.29682814257217693 0.3388771309356076 0.3905278768639114 0.40081445637977825 0.43627034473320564 0.4719487044800594 0.5132218104721133 0.4965126611628219 0.5311441963621895 0.5634799862844478 0.5304528993147438 0.52941983933661 0.5622604410649663 0.5393272411348419 0.5622221035416101 0.5846296699508049 0.5992971294219603
0.6263523218963437 0.6478495385005124 0.6392157860281221 0.6658773907693808 0.6788735849938341 0.614863823344677 0.5957782619764527 0.5765249801184131 0.560007894906632 0.4977933322381585 0.4816682577763943 0.4828952592984624 0.3836188887632176 0.39937667972654195 0.3716684041032106 0.35425894723639634 0.2412952580767482 0.2501724143427754 0.2335538974214403 0.26084169166463683 0.24717342725604066 0.2759234330740602 0.2884455036288913 0.2726350336459397 0.23582654026231595 0.27476523511221523 0.3190903697130912 0.34787467331710314 0.4093090606913427 0.41910568015075955 0.44451735831991307 0.47051837952474396 0.46024245672253383 0.45633207869359016 0.5122753771890205 0.5396762202420289 0.5521379032367569 0.5181185320176666 0.5580728464257253 0.5501040136231472 0.5797867116709533 0.5690235071386505 0.5899234352626342
0.6403684370717397 0.6286883661042137 0.6391087337146042 0.6355080184083881 0.6439859229807049 0.6270176346029295 0.6086171068258676 0.5707902107534878 0.5418212001538564 0.5385601099808075 0.49621042828036444 0.42897507631533827 0.3651899674432545 0.34291034692431593 0.34065248954371663 0.3279386811443722 0.2736244900869432 0.2604810983447008 0.22715048946132702 0.2296327305348746 0.26889450067863707 0.2775675694907883 0.3099361210630913 0.27175897984906056 0.2574658490780856 0.32049640988132455 0.34901591478851085 0.40606612729880015 0.4484263043563391 0.4334549859537854 0.46657004686218245 0.445443088218396 0.5054066882261247 0.4848377560072182 0.5061462054902376 0.565696646131238 0.5440924102674787 0.5409790230026671 0.5559447088498655 0.6049171926217677 0.5840598535983669 0.6170846630406769 0.6135197654587697
0.6448201709289539 0.6452087613641424 0.6363975558010925 0.6294840014537489 0.653346986486631 0.5965124219642836 0.5712756352234418 0.5674869674718211 0.580709072225686 0.4765193226845228 0.4071925576009654 0.36489438730659784 0.34733079156955715 0.3179471583460036 0.31603653261422815 0.28702807653142826 0.2687675694385416 0.2784231911527395 0.2462263655129966 0.26356017082988153 0.2188669005389872 0.26204391125479426 0.3094025619745084 0.30081140716548843 0.2761850097478018 0.2874012407734902 0.3435536403003357 0.365994109248652 0.4254667442071655 0.4340781454493807 0.42956729258291015 0.4585420479916386 0.553240903267411 0.5448783287392536 0.5343309186671876 0.5475861581529214 0.6104018919392573 0.5947480361060095 0.5468133085339338 0.5910650754522323 0.6344499998604982 0.5832539396159652 0.5699677331908591
0.5992300401206562 0.5931744539410269 0.629305692164103 0.6036387875694785 0.647729001012988 0.6145830908762443 0.5934708111546589 0.5805932638143382 0.5529406366422684 0.4790023278012257 0.43422996254332347 0.34910817685217344 0.3182742875712521 0.2931814510644617 0.32153031086490913 0.26927109694001106 0.27617778801284043 0.22761977240116452 0.23419690177414557 0.26115130914973894 0.2702288215256989 0.2827096124660183 0.28229785517995204 0.2797538235738712 0.32837597090393567 0.3315957547166484 0.3152158018483808 0.3181698269168679 0.3466554244837445 0.3880781034726707 0.450652501440655 0.5164388450486287 0.5300298069290569 0.5099319759624726 0.5164145897680747 0.5442114039323991 0.5441965384367379 0.5764003355726448 0.5745086175128775 0.588389648628894 0.5748905163381789 0.5725714058124739 0.5304418155561217
0.581492301755977 0.5777251682912424 0.6008914741391544 0.6239073904540298 0.602694658895416 0.6116178052616527 0.5891470569381191 0.5283645537884982 0.48799789711721947 0.44288537505850567 0.4179517781194669 0.35949331262542755 0.32040912426613677 0.27574415036804084 0.2871319957841938 0.2448361254798938 0.23560485088141947 0.23731179387284876 0.22493667897887495 0.290260404946686 0.28240310952958714 0.26169042860949815 0.3024194762901843 0.29360808411413286 0.32487451188820865 0.3046189743804196 0.275692858945292 0.2913224919961909 0.3224576579165277 0.36790756045070994 0.46280130070357 0.471506603395788 0.5208972618357837 0.4910621101137822 0.49726308618324133 0.5338891104141364 0.5570841466884443 0.5700620913993221 0.5217795456714709 0.5614791234420687 0.5630957160548556 0.535815250392935 0.5544647080887519
