Raster_benchmarking/DGGS/continuous/raster-225.asc
NCOLS 100
NROWS 100
XLLCORNER 1743151.97142421
YLLCORNER 5469293.697265333
CELLSIZE 10
NODATA_VALUE -9999
[rows 0 to 18 of 100, columns 43 to 85 of 100]
0.4202906893792999 0.42151665360457075 0.3626454324181188 0.33653986856742907 0.3315124886609098 0.2641463433118195 0.2252341112836754 0.2238373299481637 0.2163804338314888 0.2132958472298411 0.1987502479979338 0.14256172390205796 0.18780787336018062 0.176619052070816 0.21534536719879369 0.16758362488385956 0.15303155508135355 0.17117333289586167 0.14162544408934089 0.13248517119372097 0.15231544719912893 0.14639282003440998 0.14870272057715858 0.1851417510824346 0.2036852429085538 0.23968438980870638 0.218501629518633 0.2039701456701243 0.2151689457369089 0.1969845130274341 0.2528042717972317 0.24708545851825792 0.25301100810069654 0.24272900350538862 0.2452207393801577 0.2720515642495749 0.2836871663807327 0.32660116134534795 0.3397576122941667 0.34207216733716556 0.3345539295074845 0.3333825112397196 0.36184654853670883
0.3985378813966861 0.3957736603973419 0.38907738641776346 0.3735071131132219 0.3299976397642862 0.29026090381780206 0.2439562139407746 0.2490168686861371 0.2544566439049575 0.2398603057864297 0.19373689004221714 0.16026230168492367 0.1835924968320694 0.1919059658206994 0.20913868475394543 0.20932127972054498 0.1916780085752315 0.1968234694235535 0.22034336049322917 0.2185678055517208 0.16263204681577706 0.1854505435899871 0.1794121254702252 0.21119051711948023 0.24655371081989458 0.26048399947330425 0.23590849563058278 0.18836364539854866 0.22024947098347966 0.21304297550111723 0.2608913562799377 0.22172241467400244 0.20722867653733199 0.20715950372167533 0.2210404773680254 0.2228837164954383 0.2752078204711848 0.27703321616400295 0.2956208683749496 0.34252967392290157 0.3395429162676822 0.3419498288269175 0.33483686764964227
0.4108356536639954 0.4232495081180032 0.3996976041281778 0.3723299618292746 0.3736335967653911 0.33939602211604974 0.2597742179537655 0.23331718935889342 0.2626421415227948 0.26092754548070923 0.2057256310577608 0.19218186702660095 0.17374677300789668 0.1965814025033412 0.22789523202539985 0.21711540053418857 0.2348560098414568 0.28178129631505056 0.27696134525842697 0.2487199887116951 0.20994030541887343 0.1985231256348269 0.2198633260193058 0.24876036789837958 0.21458066871502723 0.23490135630964512 0.25018363817995587 0.19986445456237462 0.2489260624899956 0.26002365423637896 0.26327486099949365 0.24226207568158042 0.21375571823812203 0.20117322397445286 0.23983024552354498 0.21115994962158519 0.219222330217419 0.20642763070280007 0.28413729115841485 0.28836114251592077 0.26353958329715643 0.2861030415851935 0.3085479356031731
0.4186125603854827 0.39256168583324036 0.377419841961028 0.3515276495727611 0.36325917724501894 0.334064081272313 0.28997508839419983 0.24217686086663093 0.24283561490335231 0.23262407082025188 0.25317843522341593 0.20605264157274422 0.2229176907357467 0.26226180004605343 0.2479668355257613 0.2557625435181975 0.2975677590281958 0.3001072958120138 0.2696086309061095 0.24993065293015843 0.2076201614635968 0.20287384365834368 0.20363492991461357 0.21401898505080227 0.21390117926556018 0.21823761336287772 0.2577222093342948 0.2593205027728434 0.25397271942111005 0.27888292123509767 0.26651619921255826 0.2524159073405496 0.21480938421344514 0.19148305379656191 0.2160291306164371 0.1922829494037609 0.2053299027595534 0.2188570424509626 0.2422280872379988 0.2606999024996608 0.23682822668644002 0.24400859790226812 0.2400830693314963
0.41435642663701805 0.4257736060241417 0.3899281525159892 0.35027588433610946 0.34404522592816983 0.3133792891233979 0.31701812088329634 0.25532731353869037 0.2688006411055361 0.2487703825673761 0.2724457084536333 0.2582689396799128 0.23633590705604463 0.29031099055313325 0.3089982673642717 0.2676651032940092 0.32003122975830345 0.3123758215372966 0.2989295256669394 0.2517142807549779 0.21851573895985524 0.21560778821050022 0.24009074184915202 0.21251303187929224 0.2258458532033977 0.26682304830184084 0.24516961220573386 0.237175226108874 0.27923311207366 0.25333036422395744 0.2299573539799715 0.22040533678162044 0.22690305075976108 0.18539075078853617 0.1956719814634729 0.19665159980670513 0.22198318670903827 0.18531995651833777 0.22443100500272384 0.19307176926993294 0.214075518933399 0.193240480924061 0.2043062296109114
0.41893278830533176 0.3993525220672709 0.3996541853209519 0.3841029116657276 0.35762542810749764 0.3759458682408886 0.3577353633608233 0.2948059933221238 0.3083367631522094 0.25303229125201615 0.23592221950526027 0.24768506529082362 0.2779191329399869 0.3090810893575465 0.3260422623155827 0.30610020434932844 0.31996378012000104 0.3529010453118008 0.30634748475788237 0.2695351553411064 0.268744377041703 0.2481145371549075 0.22014477488083145 0.2727865108261114 0.27810930809507856 0.24219685989963013 0.2758174027993673 0.23565363329699204 0.27130559808616356 0.2553523534956681 0.2581824308095541 0.2691690601168733 0.25016552696535466 0.2432133712609319 0.21615611486995992 0.19978719153616467 0.21887655917078574 0.16272365535369468 0.17402890534441104 0.15022776868116866 0.16413345756397144 0.1668031219591827 0.18370079877849846
0.42299518592540436 0.40760946742370485 0.4059395671050349 0.39965103248514494 0.363678976419754 0.3999088655361389 0.3631251186950042 0.36540951593089055 0.32464042363031276 0.2729135400264432 0.28766764885219887 0.25666268275661713 0.32457977235829955 0.33845002539926794 0.36980224784452403 0.35512633240825614 0.3329446424167602 0.36597116859108714 0.28628059725852695 0.2538612145304552 0.287463366420101 0.2521799916677624 0.2614879967417893 0.2712242890963045 0.28298132533828735 0.257450735266263 0.2742635527007789 0.2487329888472881 0.27091232065486376 0.27652028399176554 0.26143204864328423 0.23730517886294086 0.23366251647239514 0.2597758471446184 0.22580904056059106 0.21727319153190028 0.1794457475779833 0.18226952815678676 0.19499141055783373 0.1738401199369961 0.139159249307035 0.13961085246796032 0.17026253172330932
0.40935626424230714 0.40108432409260975 0.391307474240974 0.40603008590717515 0.407552703064899 0.41338231790333935 0.3852819229570492 0.3437413444488605 0.3470196517687262 0.30101721820608107 0.32429881906374264 0.30794313959706143 0.3327279256135173 0.3383062246811376 0.3939628023870659 0.41410394449394833 0.40191379963049956 0.3296544233102941 0.28960103166403783 0.2508415496970357 0.2634128399488749 0.25530328162712573 0.2648369144889564 0.28110330939092915 0.2399386706144372 0.27574158634592205 0.26327403746921657 0.24493410183652572 0.23774020351313022 0.2638802867831068 0.25096377735439374 0.2562769477434551 0.27820244177704306 0.2508498973336762 0.24557214989980403 0.22680775127351713 0.19444259782858175 0.19656700678272573 0.1563200002661801 0.14095740953326236 0.15219883803494708 0.1758876123325618 0.152280099179224
0.38818146789489716 0.3732982460750256 0.4109566380405704 0.40070252759254876 0.3925378317168331 0.3548509127611296 0.3468201540836668 0.3265093197473174 0.3584966057363396 0.33541013224601485 0.3398192021584612 0.3741529484125387 0.3750160913749786 0.3668330647969413 0.36120845607702484 0.4160485825158564 0.39019728729636977 0.3726017992088668 0.2893180004748344 0.26378775651243125 0.24727184387147957 0.24166174167151847 0.2845959437222761 0.2780242518554115 0.2780552104160058 0.2308887789832452 0.22486512051931168 0.25807168806798403 0.23144897354621877 0.2267136047564869 0.23664416592056223 0.29638314039743063 0.29527347323524633 0.2822239493900762 0.2132583854564756 0.1993336810582446 0.17028378267342167 0.18732019169084047 0.18932253977844715 0.13586583077352057 0.13725805024828974 0.1738396347188416 0.1751797977646563
0.44658444017017435 0.430253718189745 0.4029845474777603 0.41763737782298144 0.4177373845134253 0.41229930966693246 0.38893833984594756 0.3645716696181284 0.32805740239081627 0.36396006612709203 0.3647954668212774 0.4047676231702155 0.35510086860099155 0.37165229030908326 0.3655990315996384 0.411933628054969 0.37242108693592113 0.3665857025015873 0.3296532584777283 0.2994281556075816 0.29540418714583205 0.29308080963970645 0.25360708708368157 0.2586590151793208 0.2539390160463098 0.23030111575617085 0.23234036656567153 0.24204363745839455 0.24563756586248603 0.2475549340866524 0.2631424969411125 0.26984241210102256 0.27421920874452893 0.25962975663026233 0.22787803985444718 0.2168913038978878 0.17235531351141795 0.17461590576308472 0.1901506471570063 0.14559334437762372 0.15751504639702119 0.1723414758882094 0.1994569796695216
0.45278810671129016 0.4516691568151095 0.4167366186652225 0.4135136596709834 0.41640749373230573 0.40792008480983627 0.4038582786925433 0.3961201963661768 0.3871633029943611 0.36215354791264404 0.4118810237272784 0.41648198567137623 0.3550186902019178 0.3539837123072117 0.387384313909529 0.4024733385533967 0.36315613506323846 0.3421910768856147 0.3322443021901098 0.334382304161632 0.3434639629614645 0.32687727049686616 0.26116303044239136 0.21301288819520536 0.22694857978275035 0.2447235038602638 0.26908942276375103 0.27821654527653683 0.25012030604228713 0.2176419457933582 0.23583225625948903 0.2953941885148431 0.24651947804981156 0.23427824306766132 0.2347691093704784 0.21263256468738695 0.21052375813203114 0.16580987455866572 0.19353908012678603 0.19038618231740562 0.17851106577965026 0.22280964199863176 0.22397623660142374
0.4376430831150454 0.42063342177704 0.4115188893423695 0.40775741432354995 0.4280359428823958 0.3786781670333071 0.4119400301343685 0.3762937081187088 0.3849707472687698 0.414268932162848 0.43027100774899885 0.4293607451469626 0.3751215157993401 0.3652772487552223 0.396540870918189 0.3694762081664982 0.3864857885264723 0.34165304626123194 0.34330343426296056 0.3397027553758702 0.34090257831723053 0.3370441677850405 0.27046230563592066 0.23642194445740258 0.2346384644690296 0.2574655347715826 0.26237520716334517 0.29211535531256927 0.24890291775598908 0.2179653177748862 0.23230597553343543 0.23533278871580635 0.23023983320311278 0.2371558571875314 0.21756142556535363 0.218401871175339 0.20752371897360902 0.18864468493123238 0.19097509145721853 0.21030409154460028 0.22604206507578434 0.23027568066928636 0.2447582666495808
0.433618709494803 0.4314328316114382 0.4430615281864779 0.45279785712416126 0.4395774636529289 0.35863377201209073 0.37758121869011946 0.3866171334116464 0.4149290372189638 0.4049017667933256 0.41750931242581807 0.4308688289159978 0.4012848706915962 0.3608300112882037 0.4072289470678264 0.39019785200276746 0.42032481052513787 0.405891712437264 0.3711766347715216 0.34614947596169676 0.349678792496462 0.3360310398312694 0.2909000211345793 0.2948536065558961 0.2935018065422865 0.27404012052836974 0.24785751380839696 0.2753910541365161 0.23616008694143364 0.24790893293517435 0.22631217681622512 0.23837002374598915 0.1889749460875589 0.21187661613552114 0.22663534604625968 0.20351240626842934 0.2465416889508757 0.25577869070579795 0.2509079452873046 0.25807676808321667 0.2338680442110793 0.26122561017143053 0.2619118431647105
0.42105611301533813 0.43026680033921744 0.46214411871010863 0.44447163508833604 0.42786387771445106 0.42362072055242794 0.38042935777648 0.41080221820560037 0.4113839885003364 0.4237998763375279 0.40797420435029663 0.415517184622706 0.38758845891344407 0.4039296757397065 0.4067457870924322 0.42450159663597437 0.4020322079070808 0.41380196488054777 0.36275323622755284 0.3375095035698164 0.33026474435671543 0.3398222980078376 0.33449252108949534 0.3105607208250724 0.29724252743914725 0.27688361281321644 0.27786898786321046 0.25632452867237027 0.22729652614061335 0.2636726978097622 0.24297092563936795 0.2236373333905887 0.17074194712791166 0.21326854655214744 0.2097044483644506 0.20601746492636133 0.22374830552841007 0.28528050535682176 0.2990165010635655 0.2772146567138118 0.28958292956381865 0.2390201749435616 0.23965305744823823
0.42255668667260704 0.4371785053246915 0.44391785124646155 0.4369954131347159 0.4404841878630456 0.43577338040161484 0.37994422183842114 0.36399197334801464 0.4072693016521605 0.39853883521948985 0.42744017390002026 0.41013364057971474 0.40602636059882957 0.3774499409939989 0.36364216981972847 0.40153150810825 0.3789055113004991 0.37350738107931053 0.34329161131369895 0.37397080828898693 0.3387819664078802 0.3716981952136504 0.35829850858863704 0.3502378622928411 0.331123413424724 0.28211402264813423 0.26124249682378897 0.22476736651978457 0.23975365002647187 0.23229688364975448 0.21157442358373746 0.16324186306730315 0.19075602969122155 0.1691327685709112 0.2108255172800532 0.2061068864366057 0.24982405896466708 0.2836918794542561 0.3064304949742625 0.31309920492347604 0.2835918053899854 0.24386276898597498 0.2675382486371171
0.440094335150303 0.4625456030113196 0.46741449008366903 0.45806059987946685 0.45030728378547463 0.44488560082940876 0.38409179266719773 0.384653867965618 0.40099493508765266 0.3695081737355665 0.4079217894365265 0.4031158927685497 0.3641467993693837 0.37098051861671977 0.376836537442465 0.3470860989724428 0.35042877225285374 0.3714737208495709 0.32600498929388616 0.3201281849521985 0.32749617333060754 0.3576283903707932 0.3297635704056454 0.2961060755807507 0.3085893885425798 0.26087072037529857 0.23322832037616287 0.23131785093432713 0.22560112189737772 0.21845759006915363 0.2364232611858267 0.2184033783633674 0.18116191760125055 0.2053065556584857 0.2047021195240187 0.20076169420856008 0.21336567233483558 0.2550634245326651 0.2968965431953031 0.29733765758933584 0.2594250705261048 0.24585598948209608 0.26446957161495405
0.43237784509939603 0.48926703930402404 0.4394787395576995 0.42319129908268877 0.41733875938928205 0.4097823018821956 0.3970513376196865 0.3900530711459936 0.3744674474508118 0.36416317019646355 0.37006924044730755 0.384189082459621 0.3802583511166922 0.36003655984665156 0.34437248300560147 0.34831234633403435 0.33598963501209705 0.34851806583941813 0.32085812164638494 0.3188674436728958 0.3467539385601564 0.34989482331454486 0.2877020723879189 0.2795430644198379 0.26946527172829304 0.2815593826889325 0.28849501649681863 0.23884827695680652 0.23663180331428696 0.2735506589646813 0.23628625747316714 0.18715013168113864 0.21727431121663454 0.22186490595844255 0.2235052628983506 0.21246934926990074 0.2545640831771369 0.2623607758566042 0.2849994605943205 0.2569333342349431 0.23156823051227002 0.23790269468488823 0.280382292005512
0.4574665175387056 0.4813708225798837 0.45336757781254483 0.44803450597384287 0.4342491141734449 0.44320901548412117 0.39692017474511926 0.4135058532499982 0.368579891057956 0.34367432825022115 0.3588331998854293 0.3738774118114292 0.33302317513188834 0.37155547111813303 0.36693388112950465 0.37560931286087607 0.34467354435606 0.30944419003587964 0.3000920110261768 0.3097203670473347 0.3107484235343225 0.3157193034222029 0.3030696768801439 0.30445394524589947 0.2822240304942918 0.3209927874926788 0.2992946622098332 0.31149961971116996 0.2848307780366607 0.30571182361258714 0.27202954517619793 0.24188414490287713 0.23952319858347443 0.26509804930627134 0.2518624985965184 0.23679391384308246 0.2631740211501642 0.26811522724105796 0.2594144228609245 0.27424836688327103 0.264257604845229 0.2536980097720624 0.257305738886334
0.45443119818597794 0.4280190824829612 0.4205936842358721 0.4514375799101649 0.42600505365666186 0.45063428365137514 0.41832057133575173 0.4323239814255073 0.36605514703354525 0.35350387333865335 0.3507636923853202 0.37292697628246047 0.3751212833725076 0.3250431408032503 0.3365009796314544 0.3843181045259981 0.340586710278696 0.32691623926774216 0.29664124900557565 0.3099099209343131 0.27269971592659537 0.27308057495609983 0.2810787012518272 0.2880425980092143 0.3086919757993503 0.313571822970848 0.3299597855551253 0.3340182654080716 0.28106525865663795 0.2968769641204438 0.25205231999634986 0.22476195228518087 0.25362819695546507 0.2946209543937649 0.268674022916161 0.23238622009093 0.27881119542911764 0.24677166157541577 0.27349188121490314 0.26594048193116804 0.2706385596345169 0.2525944712075851 0.2595481743205737
