Raster_benchmarking/DGGS/continuous/raster-104.asc
NCOLS 100
NROWS 100
XLLCORNER 1743150.1844775819
YLLCORNER 5469294.702181659
CELLSIZE 10
NODATA_VALUE -9999
[rows 38 to 56 of 100, columns 43 to 85 of 100]
0.5163199222117436 0.5301359933401022 0.5445400712465518 0.5607180103489245 0.5755882749902598 0.6076883024994176 0.6229376961241141 0.6189831662763753 0.6167096136001405 0.6427566724503938 0.6621396133852863 0.6457669982745685 0.6489153835882006 0.6367865027776871 0.664659066469924 0.6490196923480804 0.6770929677389926 0.6980219462976971 0.6791046931747143 0.6743801795871143 0.6750714289327672 0.6269417697925309 0.6217132876816229 0.604245861619879 0.6066811335346298 0.6343864139187433 0.6197269578130143 0.646771466191214 0.662621406721651 0.6359238990977716 0.6273415005651756 0.6419280670892293 0.637744804989367 0.6729675222285693 0.6996720974893169 0.6680008853641888 0.6543136289860363 0.6326546053381948 0.6456817950054023 0.6413559357224775 0.648599787614421 0.666963441937367 0.6341641090400253
0.5432864781070638 0.549191767125711 0.5660480808765321 0.5827846465426644 0.5782843059869129 0.5728222193408308 0.5979155556074139 0.627600340153389 0.60908003862647 0.6379297610510807 0.653336980046428 0.6868347986963795 0.6701179973635513 0.6353302648008561 0.6395780842278919 0.6347855836470703 0.6345257680091804 0.676658135689051 0.6610672646692988 0.6457719870844753 0.6281732978014839 0.6420120322925171 0.6242126740442988 0.6360663087864302 0.6493079343924489 0.6580988195381365 0.6646949138181514 0.6602306504669 0.6908967259492096 0.6727594707546014 0.6774518179643241 0.6668291683814559 0.663222447936311 0.7066473349081237 0.7069147130009397 0.6927890870094995 0.6625628300686736 0.6587169354147125 0.6852092299146854 0.6795406348172212 0.6675195919838881 0.6756737677556637 0.6464431665384948
0.5129916659340232 0.5213393961603947 0.5425276556216471 0.5899116302016384 0.609198548678264 0.5664557463397188 0.561619002711418 0.60553662843857 0.6369412732654749 0.6383407589498696 0.697065061458742 0.6716235834555753 0.6818137501060394 0.6495447743357959 0.6114292569172312 0.6186139672978898 0.611604269454388 0.6520158526477419 0.6543389540482213 0.6110505064961402 0.6137719057340794 0.6460264312396073 0.619991531520365 0.6335775252415813 0.6544603168131327 0.699297713114361 0.7148398157923899 0.6998201740934311 0.6951496899141779 0.68510337309229 0.724423243123927 0.7005530603137461 0.6933798238284622 0.7232760451766826 0.7533052478637037 0.729687766250621 0.7148906857778684 0.6779520476316844 0.6736417553104634 0.6808167315773995 0.6795065642031087 0.6655549340632779 0.6651212449541086
0.5375882002599598 0.5452579098395256 0.5483264089969964 0.5854070925008815 0.6193341881833724 0.5914700507736819 0.6042924112998646 0.5939631276103513 0.6130357194019852 0.6475753518372607 0.6673012599367151 0.6626472688504895 0.6649502200036255 0.6606031854751326 0.6428601406291088 0.5946899665576952 0.6110919832140627 0.629459813793232 0.6122420812842894 0.6112650821073689 0.6173368480009664 0.6457098214566638 0.6300683613517861 0.6473032201662217 0.6433550340692449 0.69635559062956 0.7068045662728946 0.7053752540980681 0.686792898940162 0.6949442677782026 0.7409898649988709 0.7433346655465048 0.7390306750870865 0.7437334740736012 0.7497440625596485 0.7536210718967695 0.7375543536342752 0.7229614005678681 0.7219072905416947 0.7006522565895947 0.6782966681665517 0.6679528954186391 0.6586207262675677
0.5106136782030747 0.5510432671696089 0.57388071328942 0.5708427064975062 0.6088434314651494 0.5799279965077921 0.6102459972104957 0.6153629888248899 0.5998798530201727 0.6574467528149524 0.6800908395138834 0.6668978432653649 0.6515360821960372 0.6264538482007432 0.6162035865282376 0.5749124412620163 0.5944224485575128 0.615038816282761 0.5877197728943203 0.6252147457892594 0.6457296401388437 0.621490599207744 0.6474029687961061 0.6346025074607532 0.6604687310026224 0.6900808526653591 0.7358271941851794 0.7311762265837839 0.7100728633017378 0.717488044648459 0.7313994179243067 0.7522702915072982 0.7715967616097025 0.7438478590789436 0.7784709113314792 0.7428019927391584 0.7264088501176447 0.7253341688485144 0.7154998784550685 0.7068794593896479 0.6601313087265014 0.651505905525328 0.6482239798274615
0.5102865265210835 0.5427346754858451 0.5463256399272443 0.5942092258430256 0.6060808398304711 0.5958371415375711 0.6130176602332786 0.592007145396412 0.6336051614142354 0.6517888744151474 0.650318822306015 0.635804506078447 0.6317657508315833 0.6377940963075588 0.5905750837585404 0.5757393028402306 0.5836054057960978 0.5893778720364076 0.6056905297948855 0.5976579807960328 0.6317380824230704 0.6327795398976342 0.6550976463457273 0.6496754248365193 0.6972532888347689 0.7101049000842294 0.7341857433454544 0.7002428813788631 0.6957934757449689 0.7313169603495104 0.7444535844830811 0.7238437948602237 0.7511985009488668 0.7550246109713104 0.7433464356642343 0.7263471221057336 0.7284552892788606 0.7130837312011115 0.698225618740489 0.6930111517082145 0.6499237009067627 0.6434355914640524 0.6492556270416037
0.5270646321678809 0.5442397225898028 0.5636214839953166 0.5834590918163002 0.5690371512876796 0.5792004358027434 0.6156019977182273 0.5957783582782278 0.6232481578687604 0.6345149854940971 0.635224536407511 0.6308851870116808 0.6215151184559 0.6272187002735162 0.5791511827592832 0.5947213569806687 0.5697633001861401 0.5671784892404331 0.5673784144281656 0.6011959877908182 0.6210952994202386 0.6344449015478656 0.6142774006895645 0.6478900941013914 0.6785073029329571 0.693336378122292 0.7132062079697014 0.7060023517500262 0.7246075665397054 0.7570782083752754 0.7565402043026755 0.7427934200350108 0.718410755317667 0.7394354158535966 0.7576593702506307 0.7044789521094189 0.6737896387505817 0.6696008941221293 0.6700599925273552 0.680908035544996 0.6490577889944747 0.6816438136404844 0.6796065600838752
0.5766932999314363 0.5822180294531728 0.5736527828829041 0.5606727926903424 0.5505513675199547 0.583991934356111 0.5932370491062514 0.6147998083577589 0.6365327878157734 0.6349021720249457 0.6476357448247392 0.6106262223913719 0.6185859550163286 0.5950698488114795 0.5793423598522548 0.572808279279596 0.564127355787811 0.5935619049589965 0.5838415729225567 0.6101426537262555 0.6180946503716871 0.626220852297648 0.6356919661091581 0.6624862664139889 0.6597531838716718 0.6814043393907014 0.7025606580900873 0.7060006031428112 0.7493766370279472 0.7287906898688548 0.7354698404982075 0.7451616456444935 0.7395372192020226 0.7390049840722558 0.7140164001233733 0.7082208427857909 0.708157071807213 0.6944984218837946 0.7123192830763263 0.6801031024396175 0.6771492182654519 0.6843264622260548 0.668290512304396
0.6129633412092861 0.6130918160447882 0.6209595374722608 0.6120151789767252 0.5736977114187625 0.5754774273001524 0.6296420144376026 0.6316081790928345 0.6360068747691607 0.6500341167426843 0.6594960313520487 0.6110594559824808 0.5772987392897875 0.5904305154835737 0.5685494482659654 0.5710980761416352 0.6066058271492984 0.6212739337828059 0.5854520817235144 0.5878030208547073 0.616364380301156 0.6258131079389878 0.6334000113524016 0.6557112325044707 0.645935386477989 0.6947483534147539 0.7079538694027614 0.7195073856210414 0.762430996962317 0.7529373230502848 0.7340046587989704 0.7437843729494935 0.7381518515203954 0.7229673672942598 0.7394290349560627 0.7019468494950185 0.6864844839324362 0.7104373967805324 0.7195996707011171 0.6986120937424878 0.6749875578981419 0.7042581190408125 0.6974659579847753
0.6194548974649626 0.6464501752262177 0.638377211760178 0.616621529754647 0.5952494998689997 0.5905119690529794 0.5937096600668796 0.6358711336909215 0.6332856007004092 0.6485497720854563 0.6422091816929619 0.6248786134877776 0.5780638481197411 0.5804286278893063 0.5711049640516154 0.5872723624972109 0.6216215736401922 0.6167862910155747 0.5931440729805908 0.5806508402517965 0.6189167347721088 0.6132579003933353 0.651817758986903 0.6487367280460375 0.6652897795204812 0.6750173421692511 0.7145653782226229 0.727777058801135 0.7582354465842555 0.7336951497604338 0.7438790844313943 0.7545879374169264 0.7325647995065967 0.7181823289778445 0.7204011139963535 0.695912374140877 0.6846884795161087 0.699792139540032 0.726556564611825 0.704827950188252 0.6989114743854045 0.6961856102770712 0.6681986395716027
0.6543756427337802 0.6498353783859794 0.6316900364263911 0.6178120713625157 0.6016627570730246 0.603986460923256 0.5947189401422404 0.5961073858858262 0.6035638102065851 0.6355529616427326 0.6385213088632651 0.6299080575260031 0.61804560968201 0.5823778226396029 0.583650083121075 0.5944844163119669 0.636371265186926 0.6203309495347443 0.5735433052844529 0.6127072491977132 0.5803507987164175 0.60866163908323 0.6272783515914633 0.6604641744310442 0.6542438133340376 0.716537308017926 0.7633769404103132 0.7561378211425975 0.7184305314340417 0.7365538580527463 0.7266797341000463 0.7404578736357228 0.7496027866456454 0.7086839665687326 0.7054598279140163 0.7291436822856447 0.7309294925665885 0.7072907228257578 0.7410042885297025 0.6898031152836323 0.6654416596972539 0.6636179324632177 0.6745241229567258
0.7020031567725906 0.689162926956035 0.6577938337002827 0.646608717949288 0.659938000199489 0.651031934545577 0.6317186177198764 0.6216194322069635 0.6620194616929693 0.6771138646712055 0.6534232293051205 0.6701210102417091 0.6610788711019938 0.6368435363168988 0.6300223594834286 0.6179008497250051 0.6488893512154145 0.624166565030836 0.6280369728332446 0.6296643990955446 0.6224271375849434 0.650244453402845 0.6765383020528672 0.6521515442639724 0.6868073845765973 0.7197444702108102 0.7213242828105829 0.7504800018566785 0.7332370588431533 0.723063647925477 0.7430910186026688 0.7419446490993498 0.7426056879946371 0.7164775634737025 0.6944159877781166 0.7075965012999784 0.7146224496156872 0.7317639895944593 0.728029451844825 0.685338917554107 0.6975157859601805 0.6909061007918739 0.6760825438338824
0.7301445750629207 0.7190141868958982 0.6793421021678397 0.6830310677147682 0.6885732350292488 0.6821469467493468 0.6404118799019054 0.6633297117078308 0.6960525773809342 0.6980797292195847 0.702281053871062 0.6878583920632846 0.6847145735837651 0.6466851509073953 0.6485895997869789 0.6559401718822425 0.6388109982105507 0.6409602554683551 0.6566997667111057 0.6496164044426203 0.6528128537994241 0.6916717995941559 0.6983699865124819 0.6614807864819747 0.6961962332329844 0.7288362017871596 0.7289459784818785 0.7058848899591244 0.7198614226993537 0.7056038949538903 0.7153340835288794 0.7277205539877136 0.7043748458354956 0.71950723829004 0.6876343938433274 0.7050878802886572 0.7239451381661004 0.7076095035130886 0.6816942513412253 0.6684679641089053 0.70574440263172 0.7049313226254661 0.7297473771249254
0.7185600657489954 0.718995068171613 0.7130112816308884 0.7474457258728984 0.7389005113172694 0.7213817528093813 0.7066064336236294 0.6901663218878102 0.7249592340396417 0.7457693214633588 0.7442553276423786 0.7217734810112211 0.7211645321899481 0.6919643292877687 0.6729462387127596 0.6707510828923724 0.6805724855775531 0.6608316588416833 0.6577538715300446 0.6716709958505478 0.6789830879056236 0.710383740244794 0.6956066647202211 0.6888444908577818 0.707114050612245 0.6863393231976548 0.6795759618932319 0.6806480446885219 0.6796285931479727 0.7005872160875611 0.6865408301154642 0.720044823224109 0.7092330064315124 0.6860862071486716 0.7057542751791462 0.7052465854016499 0.6939220921407905 0.6842121526326763 0.6815073961610962 0.6760083052478361 0.6939684914829887 0.6962984647963519 0.7081946758440801
0.7486077193907733 0.7495685709549712 0.7966737122638706 0.7901424570680629 0.7808148062456586 0.7688387422173985 0.7107192328390467 0.7297497521359859 0.7173263121892116 0.7788690045254206 0.7793019393720744 0.7428442951192558 0.7334162557267315 0.7258731912814238 0.7185532620658159 0.7042513717613249 0.6716448788861504 0.6757166955430863 0.6539234207319845 0.6889861141889942 0.6797810683085165 0.6904355141722879 0.7369229328896467 0.700266093344524 0.6876276251769134 0.6876470684967748 0.69519432489435 0.6606355932884527 0.6689354309236575 0.6640335203450587 0.6917206689677474 0.6915165291495844 0.711156784387044 0.7070533444832577 0.6788146861036661 0.6800708233870633 0.667679352797845 0.6792325156891313 0.682156087277717 0.6623466341634802 0.6616843342734606 0.6633162240466498 0.6961980201342004
0.7551678492200515 0.7979792438189269 0.8099675272012137 0.8173861407469553 0.8154487743975796 0.790257294130323 0.729738929570884 0.7354607095825708 0.742057564587391 0.7854098833564923 0.8040106483919405 0.7797511871696949 0.736320499774286 0.7135917212397522 0.732077207982695 0.7043262220063359 0.7193608129927497 0.6977018204878557 0.7116593658668628 0.6995450730930473 0.7125629167591115 0.6966972437711065 0.7067740401567194 0.6949366821571158 0.71086438122076 0.6963472716409784 0.6936543130184081 0.6742661940001402 0.6551709703826742 0.6629210427899898 0.6755784912341021 0.7039643488489676 0.6877439089556542 0.6965191709168925 0.6695894834230689 0.6971623105754708 0.6935778646821578 0.6787855980561214 0.6712532881845825 0.6773958343794325 0.6746523545847876 0.6789668988268152 0.6996434994042512
0.7753681664763048 0.8199006275493117 0.8216797105625695 0.8192816744612117 0.835746540676338 0.8021773621184833 0.7702579653682285 0.7596229394805725 0.8063909924531012 0.8114935432454086 0.7894257627543344 0.7816666773630416 0.7346883669493462 0.7090400664107086 0.7114502740282114 0.7448652169277429 0.7331039987850702 0.7220060842401971 0.7365548243976996 0.7314421516059862 0.6907866293249106 0.6720635853311486 0.6885007886384938 0.7051227080973507 0.6852411711895416 0.7126728505949338 0.7281597408484202 0.7043924728907957 0.6857248403707938 0.6892526519011927 0.6910961551546342 0.7036919979780148 0.6746465655218227 0.6990710678865063 0.679367035956713 0.711560507687093 0.7325058668654522 0.6710251028513438 0.6612133054894231 0.6584289854179564 0.6698535557142604 0.6805270327135537 0.7111483009007866
0.8171204917228491 0.8272147609634594 0.8479699923960163 0.8582534677218114 0.8619081066851304 0.8220342137496074 0.8256979544119982 0.8122726850443733 0.8101370783704442 0.7830415935058599 0.7844149416141318 0.7689413880071512 0.7387818345822118 0.7244789492804543 0.7555669368028326 0.7427223441225236 0.7564370266554206 0.7287994237598607 0.7459091318778255 0.729544724919455 0.7268468158571714 0.6869531572960466 0.7035979594723135 0.7061586145335391 0.6942998302646339 0.7094008933010734 0.700220582855907 0.6908084482894539 0.6906546417303862 0.6826003262829735 0.6850616453614244 0.7129960660940561 0.7242456565396469 0.7143580324458901 0.6954112391302417 0.7059252922419 0.7181419658425245 0.6821742611392696 0.6932416071070816 0.6633676298311274 0.6674810551714655 0.6982328579957413 0.6793254139487465
0.8171127493515823 0.8244294089150636 0.8591383266774409 0.8797952560673531 0.8696559495654738 0.872874139270958 0.8585771659497482 0.8067194514145136 0.7918323067630472 0.7807123682454544 0.7984787118194921 0.7692553245573434 0.7579249247117071 0.7427854305771313 0.7612892554363495 0.7625194679355185 0.7328803594650394 0.7409922044416036 0.7444230786315293 0.7342248769840696 0.718987248252004 0.7299853944058066 0.6986679828411507 0.7256539769655492 0.7227614915361903 0.7235311464840545 0.7027844154892312 0.7279453890711342 0.7101713251031644 0.684391932460725 0.6822466997529396 0.6830236378558564 0.7186887525818935 0.7108194963591848 0.7306605639442416 0.7254299671583305 0.6791712484614557 0.6976375223649692 0.6883633580784041 0.6911803291315438 0.6788907571041515 0.6722343422573749 0.6760286931507177
