Raster_benchmarking/DGGS/continuous/raster-296.asc
NCOLS 100
NROWS 100
XLLCORNER 1743155.8618663817
YLLCORNER 5469293.899517269
CELLSIZE 10
NODATA_VALUE -9999
[rows 19 to 37 of 100, columns 42 to 83 of 100]
0.3390001005902759 0.3448058657776232 0.34424554544631414 0.3349527870899088 0.3369876696041636 0.31653422363799655 0.347361454451165 0.36176320767839687 0.38273769395616014 0.39393462365033605 0.42428172500099853 0.41290243565560936 0.45630992295983114 0.44690718036057364 0.4108410829896351 0.4117590713970586 0.39053921306949524 0.38231760444224694 0.38529265962138903 0.35494981210643334 0.3513172670780678 0.3586621912009546 0.35944631770138313 0.3774110419563518 0.39509894529717077 0.3867476361822747 0.3828577180374903 0.3904240993205224 0.45927915658772345 0.46835233127840636 0.4735762690726608 0.5117048523126648 0.49284347033843623 0.534188488024513 0.5530875983482089 0.572254164462006 0.5436654292445285 0.5529954383532226 0.5583534986322484 0.5211081378924054 0.49428509483066624 0.48100316304693586
0.3361964963877158 0.37013707867794954 0.3597292401127134 0.3599356082474187 0.3263473803310702 0.36914108595533246 0.3611487263781428 0.3904875259082306 0.415946916439722 0.4440365342339752 0.4511657985594331 0.4405387950810787 0.44088615701646094 0.4590425685839874 0.4284626279702881 0.40694599129716147 0.3985508650398935 0.3715572126079247 0.3660165129432929 0.38388435801143905 0.3503338841921754 0.331448066417521 0.3435210728673228 0.37716650306013716 0.414126588585163 0.4173298212707066 0.3827313879102323 0.4370529881496583 0.44313059433600316 0.4915940780269654 0.4919111784224882 0.4942113959398208 0.5005612782035296 0.5359344833958152 0.5292836223054108 0.5200463407297524 0.5434289965508217 0.5381586518778048 0.5202698997163906 0.5288844941287094 0.49503101770084534 0.4915111978632884
0.3440724368654481 0.35316466589774453 0.3170116514557428 0.3358526764029324 0.36380644908555587 0.3967103672055329 0.39375941941804843 0.40633452507736006 0.40799876400668417 0.44176783684478427 0.45010500883205146 0.46525354140464414 0.45499113600558727 0.4264377840637523 0.40672217663306903 0.3996791563130731 0.4026138155000727 0.40276347904543586 0.383382774490076 0.37177287846216783 0.36811659048424467 0.34330446772369017 0.34155546729593494 0.3909449291959624 0.41773719642601964 0.4166874001384695 0.4161306771283957 0.43070928495525107 0.47482251194840713 0.5013128710063091 0.5213186591275244 0.48335575206270975 0.5045292568527492 0.5173038823899844 0.5081969447112102 0.5127902160271625 0.5170921923594416 0.5331421742102417 0.5061319574273936 0.5040987752301538 0.489522917348274 0.48965013460367734
0.3294977290108131 0.32932865949102685 0.32391382891511594 0.3248381520790061 0.34711357187318875 0.3839479852072091 0.38534270042991337 0.43867538547180124 0.43853583269792323 0.4291929648201576 0.4540603613408493 0.4552879285897026 0.40287193970802176 0.37554800347426814 0.38759017700714554 0.39224923308745724 0.37321459335977814 0.3724036752672599 0.4064689218307755 0.36774638692596223 0.3722863123790807 0.349443121254489 0.33377511635649343 0.3794697824620995 0.408965899347792 0.3828016021222457 0.37988211257998294 0.43244253775847374 0.43775152082862057 0.47226496582901406 0.5107403243966441 0.5194567010793003 0.5137917316141924 0.5283807286436332 0.5364914883880921 0.5511637294021206 0.5440501735802946 0.508831117430453 0.4791251708786878 0.458857633942796 0.4409584483868219 0.432319327689653
0.3179130764834473 0.3329859340125246 0.3204919883167051 0.3559989939883074 0.3820045057219175 0.37537904604057165 0.43042602943218833 0.4424701150663968 0.446685742428969 0.4092508302048232 0.45010913481003406 0.4138090068270814 0.42246275528874744 0.37451170483559243 0.38989964742762545 0.34976698142870755 0.37403943895138714 0.3818976998054484 0.3965300576178008 0.36559825415908653 0.3639250926844354 0.33917084072528114 0.3190376739086314 0.3464511673695796 0.35604719420666747 0.38063753691236535 0.39426676056458143 0.3942323902153444 0.4578645019329002 0.4845799319763797 0.5340153300261651 0.5746029693429657 0.5099192598581406 0.5293437520267577 0.5231204573173649 0.562077327665974 0.5574422692527776 0.5145329028506431 0.44669261358508 0.42251304691177205 0.4453337669632425 0.41575382170437747
0.30946047738978005 0.30817452081785573 0.3042495586041021 0.3150497591488181 0.3693658292816362 0.3842692057978189 0.42048973357629993 0.4408760290330359 0.4524562811419026 0.43541024839483544 0.4512424122228149 0.4665867185730631 0.4345615558595315 0.43634534739620345 0.38668324736627285 0.35994344078414736 0.34312256161685983 0.3562383439345972 0.38632571300248525 0.37157549177389604 0.37467967150441583 0.36888759333152427 0.3419460526471651 0.3467339633760638 0.37311691903430394 0.40679627678511243 0.3918776852427137 0.4220574406911871 0.4401713086287957 0.4591777175689512 0.527987365517795 0.5231783549823167 0.4977365862091717 0.5119254841094618 0.5371463025535154 0.5270573959064986 0.5064200127717217 0.489062086082349 0.4399335893629691 0.41851453772561964 0.40893303648476914 0.4308118107517126
0.2709182432897492 0.2956351788666147 0.33649173339077676 0.3102486451298454 0.3653392424624771 0.38525727853641933 0.4246656093575252 0.4461700473972025 0.4699320468262731 0.4694378729911079 0.4515921440524953 0.46261512124983495 0.44976736275585094 0.4516109911519314 0.38983180213440505 0.3726097396423561 0.39334543677421796 0.34991491091671917 0.37737635636198796 0.3626857926875564 0.39497664685215805 0.3646940947194806 0.3590570793586276 0.35238792386563544 0.3798349639116922 0.396894812535735 0.3933925912881283 0.4434322801006927 0.4429709402727077 0.4842169232346688 0.48692749116650696 0.4694334234083303 0.49773585535921094 0.5109436167617224 0.5048570794188083 0.5218525990912914 0.4889796705737264 0.4538361563093357 0.45188269496885036 0.4135816150874709 0.397630831417641 0.4141497829589595
0.2933756572157738 0.3328227276068377 0.35234646346292275 0.3601118526836228 0.3624769422218298 0.364694858729889 0.40184336111186353 0.46702620795991856 0.4750173965865028 0.49472374603647534 0.4531228655408917 0.4379358100411824 0.4304805375414053 0.4379687351244944 0.4455148559775054 0.4409100732747621 0.42478572078573434 0.37188441889643 0.37929011424376696 0.3608154704968558 0.38273196754031225 0.3727080460614527 0.3617649352253646 0.365050515928192 0.365362733219671 0.3984741758789354 0.4258299147960868 0.4261433396810364 0.4644841967179467 0.44770116108540436 0.45081501707447164 0.4485644635015056 0.43942592932436386 0.4890086144555557 0.5007323631664153 0.4650774898232891 0.4629085195572643 0.438830380352724 0.3999169810495602 0.3729665323641565 0.3780271624397494 0.38877696311959936
0.27852350192353875 0.34318047176716915 0.36511520796654545 0.3683169063404802 0.38338308840268354 0.3759785136713494 0.40214772746744293 0.45981880718477725 0.47912005556292725 0.500035160285897 0.4522933128437289 0.4532982173467814 0.4182388999358486 0.44859514668403805 0.4533142483160441 0.4652204744338703 0.4147582448439082 0.4251840342244848 0.3808897350792035 0.33622250141529725 0.373079634316372 0.36704049577022635 0.3372675663967978 0.3304774969744413 0.366072843447547 0.4161961510153063 0.4202978485778285 0.4465514271613736 0.4344614570425743 0.3998797152350256 0.3902736265510276 0.3804302624415018 0.3985843309322163 0.4530708930833463 0.47775611821424724 0.45568334892004714 0.4476392875779303 0.426827435486399 0.4119350853729499 0.3752774027321728 0.39231989402827766 0.3954985106525605
0.29199858152929486 0.3198611430780743 0.3499180126093518 0.31803358677649923 0.3286338889453227 0.39143307242755554 0.427051484144989 0.4639458172116971 0.47639072734975074 0.49449759455747766 0.47421975293513624 0.42154186085097756 0.4330150695169087 0.4666433061371696 0.4590313139724528 0.4746851537248795 0.43299525303785596 0.4237093281768764 0.3674563485160671 0.32672567042867495 0.33431499762398625 0.3669603209775321 0.37362523726670693 0.3586910941246917 0.39123627079072953 0.43220841638291513 0.4344987538889293 0.44553674926995906 0.45286576666429335 0.4336951011436212 0.388677974060874 0.37558131098370356 0.3658738648780121 0.4025696366906463 0.43569430139257587 0.439821685728684 0.41437644343588687 0.38558249670080236 0.4022204778927142 0.3885907607313578 0.37334939555888075 0.41656665305814555
0.2867761096485085 0.3058843776156568 0.3236778197046048 0.2774231482882587 0.302664760530739 0.3573598746348161 0.39471744952065635 0.43582729520419633 0.4251494947813504 0.4523521355111876 0.4590804141053504 0.42838333433414677 0.44070316174602936 0.4400846205147857 0.4476889498239431 0.46545736948722327 0.41734243354463924 0.4026250858640578 0.4075035747886408 0.35619939864916966 0.34348693312423517 0.3465279096502419 0.3758688126606406 0.41707277491866007 0.43912643959893266 0.43045717452384324 0.4496892012827178 0.4493106629894237 0.45652853880875544 0.413518582384772 0.39124008264016374 0.34652802208307104 0.3687490008186079 0.3661716631605175 0.3858776606057581 0.3711844588666063 0.387395980851232 0.3743368391293907 0.38452479240726734 0.3689122674133649 0.3929095490772108 0.41179699059117486
0.23754181588953982 0.2666325135334827 0.2772060014898772 0.26039083874359503 0.2847662572232711 0.3167730700742806 0.3803522337683502 0.39061174151360845 0.4002924925269657 0.410706899988632 0.4157520320938277 0.43101458442073554 0.4203952596209606 0.44579557959782906 0.42614999921677527 0.45185721197069173 0.41938672971477453 0.41937990058217967 0.4026717814438421 0.40868906305602265 0.3917332108862006 0.3855131378868702 0.40695465066562464 0.4034096277903714 0.4397981158723718 0.4519248692675243 0.41639535350956686 0.4245325203206837 0.41739980912809577 0.4354107523633768 0.4040274445671191 0.36459670215074247 0.33915332844294327 0.35538517014655013 0.3833346406513801 0.3766059946427047 0.33323231578013335 0.31730168019492516 0.3451713760291423 0.3536282675334426 0.34252784947713827 0.3546357044545951
0.24087204926487923 0.29317807261389567 0.2575022638176418 0.2539976290738509 0.30297467575495335 0.3109077243543834 0.3217042417944988 0.31723250033756223 0.37678252157530506 0.35421660891796386 0.41592707881185464 0.4276861068473983 0.4183219215596726 0.4402344525629981 0.44485486219869713 0.4303884949981704 0.38584964979515457 0.38230495225354244 0.3945444336384321 0.38081706729610487 0.39929655457606916 0.4082531129642397 0.3849631629606042 0.39694861826382677 0.4050330328542084 0.45038930672879385 0.4245274861105216 0.4251209143771623 0.4056885585845906 0.4209603722724926 0.363684785674428 0.33852468073136205 0.36771846977279915 0.36306957988589966 0.3196746892929749 0.3387905483448976 0.32078150700926134 0.31113218717534596 0.34756255012027415 0.33854798392773955 0.34813630773281984 0.346841463777187
0.21888550795258035 0.2705163822797305 0.27773577678351363 0.2617878031968214 0.29009640451620683 0.3095508702625042 0.30930272720413565 0.3163061689652301 0.33300265364643267 0.36996133761230926 0.368511979986297 0.38229389053891616 0.3938757771062439 0.41648951910038007 0.40996574756645787 0.4301011597184467 0.37705897502234376 0.370662592470641 0.35761933297235343 0.37095659397418257 0.3472595554319329 0.35837816385033816 0.3805544662983899 0.3693376405354707 0.3653985713571842 0.371241256163239 0.3735454895712183 0.3660194691173549 0.3825597889105806 0.3428421252926231 0.3282926463735182 0.33668930578299394 0.3356341982359256 0.3132204107985925 0.2889334369062473 0.28536393878756106 0.32405142639655504 0.31490294869250846 0.30937076580509726 0.3018742012225191 0.36497129077140616 0.34085432928688086
0.19830710883470257 0.2675876857189637 0.2747734388507646 0.27837540344209566 0.314620432651656 0.32782577331804313 0.30288606443208616 0.3564384694769584 0.33356900943775586 0.3534896510135555 0.3932436076219933 0.396179007987497 0.40945952908906985 0.38385964000964107 0.3931705793493444 0.40246704743341855 0.3813569143727319 0.3728225039071877 0.3546611193182435 0.34790712344353325 0.334562093582293 0.35549728135392483 0.347285030237682 0.33874788177596815 0.357205295197688 0.37375872714174485 0.3603811214581358 0.345372498409833 0.34993759564432 0.33692989186968225 0.3393042299798736 0.27549906007410097 0.29124344473278385 0.2660694328357614 0.2841391902801982 0.2700221434773908 0.28663624854714054 0.30421649868820433 0.3326144455027016 0.29940193722943387 0.331920154073784 0.37955253456244414
0.22214212161473051 0.2755354256912411 0.29867285814855576 0.3219541899733033 0.2971970118512822 0.32372519301436964 0.30258104340031244 0.3224167416969921 0.34019952113273655 0.3653523055965877 0.40320034286801276 0.4112672437472968 0.3965954243171299 0.37470572605927566 0.390716419945065 0.3842340742580007 0.368528212755378 0.36831888098752363 0.38004443010630584 0.35886813879257345 0.3449403182010907 0.3728890465423081 0.3343058077896773 0.36466140975774597 0.3640952318590135 0.3693752082570128 0.35532113629680223 0.3316565500858916 0.30769877736817064 0.30854133143371043 0.31295714186086526 0.2683945751852934 0.26083157492541625 0.26116620141872454 0.24917594320556602 0.2543106998757155 0.3028342483968739 0.3049518774827299 0.31286178692784766 0.29851147094209124 0.3430041061166498 0.33387694601764506
0.24569432034020555 0.3036071556440975 0.3235053778474202 0.34243931992928306 0.3216695354738312 0.2909075758088586 0.27547672382174765 0.2746374619445999 0.2920799276256801 0.36929098603708177 0.3926130180786742 0.4039641386667278 0.41351311325985024 0.38786483450242254 0.3496968906438862 0.3026844641674805 0.33664608525296463 0.37349050450042787 0.3468750149256809 0.3451157306695396 0.33150857623973745 0.37783913167870237 0.35097140827706785 0.356321292446286 0.36458033055130057 0.3926273104734291 0.34676677776952886 0.3281517317351129 0.29281736171807515 0.2974086324165644 0.2711139996151188 0.26231437554191905 0.28078522437333325 0.2632537703587217 0.24934282669230817 0.28608020108303256 0.3036217829276308 0.33726683319200523 0.339386584844029 0.3229277469827993 0.3101459461470924 0.34234618305331405
0.28430956180375705 0.2780370115378732 0.30132410207795746 0.3218018985682788 0.3277744500183429 0.3254714636472029 0.29711890937545987 0.27277246875924427 0.28613862405375246 0.3577020129889758 0.3675773059401275 0.39146894240573155 0.3763541112114466 0.37285543295645396 0.32278011944353147 0.3142549125027987 0.3212666208146614 0.3183622999803021 0.34355728288041787 0.3160767746952753 0.32392408651905 0.34607148788053343 0.33452801425459133 0.3695232377969849 0.3804169084944357 0.3888146020529352 0.37527236459096336 0.32001367962903365 0.3104432354836063 0.294702756884412 0.27014332918876316 0.2580604388058814 0.2706690396474235 0.2475391959134578 0.2698793590255081 0.27838364683805983 0.28473676507338086 0.32361748290444964 0.32911552281520784 0.3186160235868045 0.28606468079144753 0.3132351675280847
0.29122684407175814 0.30820206854752014 0.3335145683435636 0.326876154399499 0.3213748052699369 0.2865785061592292 0.27340521284494146 0.2646878942508543 0.2562783962958632 0.30534219385013267 0.33596667029584687 0.38788026515741353 0.38292425985046546 0.3264866377548373 0.32054045964949746 0.33118792853374585 0.2940826468580718 0.3049079412934007 0.3383210643266569 0.3376707947060354 0.30114929048479455 0.315757074638768 0.34835592550693634 0.3342432438210492 0.39121120404092813 0.3738806323465918 0.32749220140384133 0.30248237434055436 0.283129002458477 0.28509330085379836 0.29271030809777415 0.26125951574060485 0.24728557085615577 0.25198811602079546 0.2837188010338638 0.27687237191587327 0.27608074261489335 0.3076657188119946 0.3064579087903184 0.24398200082694235 0.29009511609889066 0.2723508240382514
