Raster_benchmarking/DGGS/continuous/raster-498.asc
NCOLS 100
NROWS 100
XLLCORNER 1743164.5115591185
YLLCORNER 5469277.745465359
CELLSIZE 10
NODATA_VALUE -9999
[rows 57 to 75 of 100, columns 0 to 42 of 100]
0.8663493697120618 0.876202109856134 0.8613225773084562 0.8815229789513875 0.8559183803583017 0.8118067436073082 0.7528812010916078 0.7424888955566692 0.7108058499315185 0.6544674787933075 0.6547817189422519 0.6531613957563395 0.6724975362044936 0.6204551339224577 0.652024477906374 0.6383289963175832 0.5855870574962125 0.6276992768169962 0.6524396528211825 0.6183548796484962 0.5871910811634145 0.6014618969618929 0.5960943273870868 0.6087191158367762 0.6185140509855488 0.6061925710143804 0.6141553875942883 0.6302380127616 0.6129168816452693 0.5632759733187422 0.5498868627682609 0.5501213766952454 0.5381424386168863 0.5582038620474615 0.6123126144182706 0.5728585158017558 0.5699045592673462 0.5502019545624917 0.5841527344066639 0.5459522696875647 0.5022994587087988 0.5502489806371481 0.5246208715322349
0.8623586443316851 0.8284400445425384 0.8690513800145144 0.8846001764551098 0.8618789085653517 0.8265817003322333 0.749351563941819 0.7083425518035674 0.695039505428022 0.6482024403685444 0.6529020661135103 0.6161683710114926 0.6105281583416419 0.5995837718859346 0.5951389478509685 0.5831406955427941 0.5801144029862205 0.5758070874040269 0.6169877259735936 0.5889368248477643 0.6061559925620905 0.5827717868699811 0.6271064993646813 0.6146766745841906 0.6332393086390457 0.5944945146730297 0.6091275467307814 0.6145615697007145 0.5905787902972234 0.5821929234221472 0.5927784121922212 0.5832220605069897 0.5721644885442826 0.6012822693345407 0.5701350656637608 0.5682831046719228 0.5624638156615477 0.5495051152121907 0.5342095230235703 0.5582915595053527 0.529952412017171 0.5185669320294742 0.5304687291059231
0.8019170009771266 0.8228702204927504 0.8908212712975166 0.8569881307079252 0.8660678283592264 0.8147318163946157 0.7708635601101972 0.7100110836181084 0.6849585414354022 0.6409480100325848 0.5968266734484308 0.5843988100701334 0.5825991934532486 0.5674565312780584 0.5797886660691163 0.5890238591775047 0.542729691259519 0.5830369703965209 0.5711728227659296 0.5545115050692545 0.5773164778188391 0.5750724437698876 0.6346399613663266 0.6188548325939981 0.595551526256305 0.5778672432636321 0.5554163968881555 0.5731867019438829 0.5683143957504898 0.5832764448427367 0.6116524416330879 0.6125504050346522 0.6036202827993101 0.5814175005710309 0.5504426178736096 0.5348711328414746 0.5497607484958247 0.5471928449468104 0.5357295548381695 0.5114209250111391 0.5125630498372932 0.5017958158337599 0.47550099020931597
0.8275020760217727 0.8524980544158686 0.8907177455153672 0.8764570973349316 0.8483938717947761 0.8073078050604533 0.7913361762421713 0.7245045748157692 0.6927300094626423 0.6847896047575552 0.629286094073347 0.6230152870520778 0.6378838439196441 0.6002581090981389 0.5768169965608692 0.5544485577238133 0.5548117215044746 0.5462699189440273 0.5757005555504998 0.5369775343057921 0.5701709622522004 0.6044763746675252 0.626698042804467 0.5797030407937336 0.5972067951838574 0.5765452862169103 0.5666946552925812 0.5834740713021397 0.5818401507549765 0.577945429208792 0.611047811962397 0.5837777183390918 0.5751700972025953 0.5920712897067382 0.6013931113923497 0.5813374874480489 0.5588535461257751 0.5926064583387002 0.5738204057656844 0.5408843667901928 0.5768249696092599 0.547108031049825 0.5427055668677861
0.813126963545048 0.808451886457143 0.841621857291174 0.8473422751260145 0.8494869051088316 0.8066825196541877 0.8005538267733489 0.7451510655452251 0.7449425129931577 0.6773907016612859 0.6202947963825446 0.6081001151657881 0.6457018481960647 0.6267843135023101 0.6136422148756895 0.5542868024060542 0.511616950855057 0.5614729970471362 0.5579294436791545 0.5671214379179819 0.5483002828130927 0.5921162951653663 0.6070292841742597 0.613394502605472 0.5865696591221872 0.5613007613383709 0.5914407577811751 0.5933397913226661 0.573605905893985 0.5476300215681411 0.5833772562899348 0.5934285319755435 0.5597787779838506 0.5835073310957358 0.5683786906789845 0.5923836296337909 0.5750930740561663 0.6100786986878987 0.6088598389345449 0.6049985789156335 0.6034005115205664 0.5865371655307373 0.5538941489933255
0.8014032074102648 0.7960746246405531 0.7857142735710514 0.8214813018632351 0.820964544350844 0.793542544687606 0.7719959955040061 0.7400627713735908 0.6971870524618857 0.6585455792597944 0.6148760603833842 0.618060477674476 0.6126588297154796 0.6374982049883577 0.6115024826398423 0.5569781811052181 0.5557799893656908 0.5417060050883268 0.5534427056408618 0.5468098293282986 0.5543870381851029 0.5772785567243923 0.5969117251121532 0.5676550287375177 0.5698838979871256 0.5790684535670079 0.5768944281418685 0.5735607011639329 0.5815971834074323 0.5454187147320924 0.5733474767661564 0.5404238012598509 0.5345080270079999 0.5630952714342076 0.5901426793225963 0.6247467800968 0.6050205925612407 0.577962995983782 0.5643399488360235 0.587661443253926 0.5670110810749938 0.5993581127628627 0.5977669283724867
0.7661959665003581 0.737439090803804 0.7272355300507114 0.7813631926992263 0.775349582435159 0.7296595604475563 0.698714962207397 0.7076779828858996 0.7018200642654507 0.6685818327902818 0.6221360920459705 0.6136215018806936 0.6452490926364951 0.6605875440564322 0.5985461887483856 0.5705754651859475 0.5077940656404126 0.5363823103211449 0.5518063709593508 0.5846638035837826 0.575725217417497 0.5631171394380181 0.6075990989089676 0.5586794070008434 0.5648383032880379 0.5176033304627721 0.49851788724692425 0.5305785210540961 0.5382901365577266 0.5362321314036378 0.5217785134268537 0.5656428934437162 0.5660486006133019 0.5616480074485348 0.5830863907890819 0.623884539119087 0.6589247662318564 0.5788359275686601 0.5715127149966482 0.5827533390289651 0.5822524211702473 0.5957538445726089 0.6105454773580785
0.7592093780543462 0.7304959857198343 0.7043172628696546 0.7274027639500207 0.7226665725763642 0.706401742640304 0.6883434789585042 0.6748175882829865 0.6710463133391232 0.6435703089681336 0.6442853643661117 0.6352885182773024 0.6803928412791624 0.6549092828796989 0.6390377799398309 0.5680966422604958 0.5702841572872593 0.5494462384393819 0.5555168153585827 0.5533680280579414 0.5580328484189783 0.5680964116449617 0.562170750452155 0.5491675584938537 0.5102517587006852 0.4895893476303849 0.5098850521146684 0.522954449726493 0.49306592559564266 0.4831848831982277 0.49564155972377333 0.521191266708745 0.5447054012973855 0.5582208359444106 0.5483825587702863 0.5786347233365661 0.6107579514217012 0.5958234660488205 0.5783677272082175 0.6018457506622514 0.5911638878552867 0.6289039956145508 0.6399789196070363
0.740925271598428 0.701835650468376 0.7137811144778645 0.6839227341966144 0.6491515324554754 0.6443620151269002 0.6022900494410239 0.6208339740493239 0.5920759258981177 0.6135009915553253 0.6659995934374268 0.6454635139041546 0.6806607721816103 0.6667189168280135 0.652496973218046 0.6042533926896538 0.6158687874583834 0.5706019475574479 0.5328955692796182 0.5305403470238409 0.5580032466975244 0.5382991067831182 0.5372190274678424 0.5288019258593872 0.48906491447303785 0.4904718340296058 0.4846064915764203 0.4912906288251047 0.4601914526213033 0.460899129574527 0.49096603334170236 0.5216964158290129 0.5023931015938656 0.5446091214659712 0.5639513752962282 0.593424194983232 0.5708957811379959 0.5807427356812739 0.606138751497431 0.6321143704581007 0.6448155192360585 0.6107450427109249 0.6153615019473746
0.6989266790031038 0.660968441395513 0.6550816777350992 0.602092846360025 0.5662833636278445 0.609264239213454 0.5936920316475974 0.5631855937356531 0.5681808803495717 0.593669260517491 0.602090356709907 0.6422725611497583 0.6684131313131522 0.6315217054856012 0.6391131118743034 0.6442701460216432 0.6364800486874473 0.5578940821840589 0.5465724166037369 0.5168302262582515 0.55112389769196 0.5225562509719216 0.5096450225060403 0.483579862541456 0.5255736879452254 0.5183339012185438 0.5069455034777255 0.47490095799913 0.46710965947613925 0.4710669300788696 0.5109426583481737 0.5021393418789116 0.5182879765200913 0.5541486636112808 0.5882715109594681 0.6156286868557032 0.594914328364256 0.646863705826667 0.6670937191539539 0.6713502372708879 0.6858710627662902 0.6326884152573944 0.6154474798936024
0.6904682625445292 0.6490085457262703 0.6045737432432716 0.577489643782693 0.5116398015765506 0.5708875132097992 0.5878765546001435 0.5811973152278158 0.5824874143770618 0.5536423158295498 0.5960918895236392 0.642662250124779 0.6753197543473307 0.6492395127099295 0.5966983504149328 0.6406019770234513 0.6243026892330006 0.5744043072021362 0.530117320762564 0.5261888685689674 0.5148412493141811 0.48653659989347925 0.4736635059371864 0.5051259831899251 0.5272907140251892 0.543381460860623 0.5321673399702358 0.49297841546554044 0.49562039329371227 0.467505968761123 0.4752876500563724 0.5000798088617701 0.4830042099908135 0.5644357382553411 0.6164125221384655 0.6461148219305444 0.6387443559455065 0.6896848037924629 0.7023486651156274 0.6638135634306914 0.6814229336349853 0.6626568481154672 0.6688717467734236
0.6755863674581197 0.6164303830879784 0.5586948666721546 0.5664754103496134 0.5269692968289225 0.5155039281431153 0.5236241923884726 0.5451940386780323 0.5492791447343517 0.5367828686352695 0.564957231727818 0.5973094174735735 0.6395582455386108 0.639769711213649 0.5970630831490943 0.5961359560645647 0.5821126085750289 0.518184681143758 0.5034057596193886 0.46010154391853386 0.49544827789070967 0.4847782944014574 0.4927535670666979 0.49796205377281183 0.5042696052567124 0.48648770766269034 0.5059105828643318 0.5062095725668625 0.5162639815561335 0.5054884787483427 0.5219859482525844 0.512286496702506 0.50961915473688 0.5827162507514966 0.6178178154273973 0.641420953540144 0.659786936276799 0.6801584461183867 0.7220092928387429 0.7009025947000131 0.696452912405834 0.6983355662709562 0.6718272894026213
0.6522939856782954 0.5820727728028301 0.5389803380556655 0.5169086226158923 0.5290299226145978 0.4786009488952 0.4748650330142543 0.5063603924685157 0.5108069988451901 0.5034755748722927 0.5355229947756524 0.5386704665517907 0.6028133804571723 0.5932082201281101 0.5913666378770018 0.5710533356545616 0.5113641205161057 0.5154282783548458 0.4701094953799606 0.4290523093390388 0.4287790095464489 0.42806353897743704 0.45188602876726425 0.47594950645222955 0.46512183903139687 0.47847330776063146 0.5238976285038321 0.5553114666398947 0.5473570571720099 0.5137165832044893 0.5401133786816317 0.5489713692219895 0.5637327961463413 0.5700740412568875 0.6009901063487011 0.5870736719028844 0.608930571164571 0.6507657285364722 0.698907408604628 0.6699536292627093 0.6731398934086991 0.6707925636865346 0.656109987499995
0.578615103906274 0.5631953862918738 0.5131733491659927 0.4952864010347361 0.47290503558482033 0.4742131390933476 0.4877010982552499 0.47185925084803965 0.49273954818868415 0.5314052447532921 0.5445866674537408 0.5287520208325986 0.5392468482222704 0.5528252498701497 0.5597394248207234 0.5233270667213857 0.4842821052879477 0.4762890642788167 0.4437180258487412 0.4437125983900325 0.41632399997813174 0.4024033643565718 0.4548794899847261 0.46521166609313225 0.44542182948750403 0.477454711700344 0.4909165838657724 0.5304170659494835 0.49646258605916066 0.49910153333310825 0.5568980468477664 0.5490759715796094 0.5765370981776654 0.6082143112817061 0.6093396681830081 0.6073286399996853 0.6452479304899125 0.6836564247329877 0.7026813509058167 0.7168463675136226 0.6892768246674784 0.6545012394058294 0.6592077562853974
0.6032291453563261 0.5577038003552585 0.4881541331708262 0.5033331768658095 0.4671685919529015 0.47773631601877004 0.5023193710194425 0.4853314922494498 0.4965302895244786 0.47538224414868424 0.5023440373504802 0.503905665180779 0.5261168254668598 0.5417974362397615 0.49394621318462506 0.5054396198721552 0.4860055090274183 0.46764269100449196 0.4655970640524823 0.44096586917560326 0.40533768969361017 0.3890319805620237 0.399886280755915 0.41009238689155675 0.4394171564548674 0.4503964071386828 0.4620144999074484 0.5117822303596228 0.4903702884846859 0.5057090180413825 0.5326405886997265 0.5492194602887401 0.5523816015310958 0.5715583100283961 0.6259858196184095 0.6270166329081792 0.6796740617213191 0.7224835276218029 0.7218411652989293 0.67872374170855 0.6851190226534954 0.7054790367366058 0.7069890028523287
0.5588273499329842 0.5402959437516133 0.4928772900064688 0.46559893429841137 0.450863880176408 0.45041441864876397 0.4544787249226771 0.47721592446078126 0.5035927749945552 0.46580156223398084 0.4765277502575373 0.5292161186785985 0.5512794151424758 0.5322565782771946 0.477311963027766 0.47141298433184536 0.46229722294004527 0.45827497050565535 0.4392289714358745 0.41131761807488404 0.4053026081911394 0.37854574053457574 0.4332638826121801 0.4355940464366269 0.461962067470367 0.4420463481279512 0.4568139954429451 0.48319190595892303 0.5123013125527954 0.5306388267919555 0.5259954230575626 0.543435927476634 0.5620141686977648 0.5769927521657924 0.6105419109986131 0.6512555043813661 0.6981505845973976 0.7052917639586466 0.6796102169465089 0.6624079399367339 0.6908747661616159 0.6642845976107449 0.6876209352901431
0.5904371486053347 0.5550730699991934 0.48952148886849134 0.4669328352588781 0.4875296332472613 0.4788694720251409 0.4162497567773384 0.46014673418799057 0.4628347983954704 0.48815098392333306 0.4724744321601068 0.5103948775751338 0.5480818145020757 0.5182400233356272 0.47366240827220907 0.4752230630374389 0.46845974417246966 0.4201734345547118 0.39447973015194904 0.4116063372115452 0.3914362238253022 0.39841512692721515 0.42394364419870406 0.4224717855049879 0.4169720637989536 0.42237374421275337 0.4438067831235109 0.5044008699486854 0.5445845954797707 0.5353546681946553 0.5369544134118643 0.546311870715586 0.5816630441180546 0.5831941030266765 0.590824434981089 0.6343904423712985 0.6631708754599493 0.6935475208298167 0.671534648524562 0.6891304422588986 0.6849169874157793 0.6724729977587792 0.6613469542092921
0.5694555127241596 0.5150591990733931 0.46381497306005803 0.4528764655417454 0.4600132432649566 0.46127824422682945 0.44555855814972223 0.4405847476781873 0.4467450437610898 0.4451586541661044 0.5012902931309464 0.5245413529479355 0.4988971374200656 0.47263555378193045 0.4352909111158783 0.4212682032720399 0.4061735004015686 0.41217723446518983 0.39178018594501207 0.35905448304098414 0.3795376217315027 0.39672331087549056 0.42170891358249163 0.4180200040430329 0.43521513680571705 0.4294276236420561 0.4841784550029786 0.5212213978752301 0.5775790106911503 0.5525424574668397 0.522134463493778 0.5367661081865505 0.5205992061326654 0.5457224485222626 0.561883236864913 0.5950936208138453 0.607121976338168 0.631958084514811 0.6345202022453886 0.6230335270951003 0.6447497195764125 0.6243189547223866 0.635469739032012
0.5781247087401965 0.5035507817400373 0.47256194646402244 0.494380973132439 0.4708294684542681 0.4676233852791464 0.4425929823158124 0.442648196766425 0.42232479886392493 0.472887072183143 0.4960432567031297 0.4951415378314478 0.5500995791974507 0.4920189135078785 0.4283620496831443 0.40113048786692945 0.41992869113115144 0.37979469958274525 0.3581487452781345 0.34400102466743615 0.3452586287242103 0.3853684666565405 0.350692279457091 0.4070281597883008 0.39639402652827793 0.4299297042932009 0.4576826791761015 0.5500642085966848 0.6052831092409207 0.5214915358257932 0.49687567316702624 0.517825688554084 0.47588376657902415 0.5162412750416597 0.5477195122915675 0.5759693004271842 0.629807622893223 0.6114536734265137 0.6537401049184227 0.5887236014127644 0.5918851695189153 0.6077488323715472 0.5599272467162006
