Raster_benchmarking/DGGS/continuous/raster-343.asc
NCOLS 100
NROWS 100
XLLCORNER 1743160.8594763472
YLLCORNER 5469294.938169321
CELLSIZE 10
NODATA_VALUE -9999
[rows 0 to 18 of 100, columns 43 to 85 of 100]
0.859623274437928 0.8547707624772826 0.8684741659955101 0.8686061972525353 0.9238157298842488 0.9499466306649426 0.9379702965404504 0.9664214563832547 0.9221661130167634 0.9149611442353554 0.9282266532102764 0.9573575711800056 0.9550723523624596 0.9668294580482453 0.976693874386357 1.0 0.9786961875100061 0.9735929250913673 0.926648211389601 0.9098013170927259 0.9180769541981023 0.9167386251527122 0.8780714884457044 0.9001306034083217 0.85689546439896 0.8471504224997365 0.8541248405653862 0.9032974043288561 0.868916961862344 0.8280244870401301 0.8261818920796598 0.7742087100236956 0.7872886311485938 0.8004543126717214 0.7676418358021725 0.7568191216255769 0.7437484943131364 0.6864842214225054 0.6769757482961721 0.6701873079192422 0.6117650324113689 0.6194000988197772 0.5572054125612952
0.8690417375712328 0.8450601232599065 0.8522264324593571 0.8767077815132641 0.9198945360981303 0.9032549799229744 0.9238842155608075 0.9426455143923186 0.9132564383546106 0.9261242188792713 0.934680909234421 0.9180084757312309 0.9143832154054929 0.9405373672307584 0.956274140899322 0.9566737774387538 0.9221202474656077 0.9050176841661954 0.913134270699336 0.8982180171816972 0.914559252265089 0.8920205549694121 0.855524955614874 0.8287397487143895 0.8273374151170759 0.8199417752175315 0.835906038870558 0.8480051340733549 0.8306551842273908 0.790804143881457 0.7935579529687142 0.7543505607173256 0.7924943723487861 0.7820590473587193 0.8049411084883525 0.7829446106425272 0.7402969689983855 0.7132172716353362 0.6828976629858415 0.6543397073439614 0.6163669226899633 0.5727418543789299 0.5671430131663943
0.8814527636101103 0.8413648211158449 0.8622937820709701 0.8850522859068849 0.9182429320474601 0.892586690158525 0.9137299134082545 0.8895827515703697 0.905319519795294 0.9015312883748074 0.8811206241177868 0.8640748556207981 0.885836254714481 0.8805388994593737 0.8751829399591325 0.8780695186472933 0.9197294276985717 0.8914378513195524 0.8865101476247591 0.8963866894320278 0.8977780706560982 0.8446466968098193 0.8281079211273469 0.8100524459318538 0.8051154189945436 0.8409669860726173 0.8280502131433142 0.8396680213605399 0.8133947271811032 0.7935347793531776 0.7898953262038243 0.7574961775116739 0.8151811090063643 0.8046805335597011 0.7902599202309023 0.7755510001097978 0.7255183196429063 0.7284768166243252 0.6870414349483284 0.6131737938366667 0.5979769721406805 0.5619115209732937 0.544279727145954
0.8833853132153375 0.84582765238679 0.8722580411311348 0.9106401372163504 0.9104079978852955 0.8867209663826991 0.9147156419596568 0.9218495727192209 0.9009688240518262 0.8964793499557845 0.8720494789068393 0.878955041551529 0.8715957570128395 0.8458768692965917 0.855649471975084 0.8899145717371358 0.8872113826815453 0.8816285114690164 0.8810871552740388 0.8777684686400485 0.844540712702335 0.8483345895357279 0.8184520428592332 0.8126885755550386 0.8037090487338165 0.8140571734145241 0.8462310225199331 0.868001457418069 0.8324675648259958 0.7941932161141106 0.8120032685049241 0.7872035335248103 0.804972899713768 0.7935688685887624 0.7933644101141067 0.7864622262661547 0.7307679905061593 0.6778066215472682 0.634919041855677 0.6122008539979885 0.5927199888057437 0.5801428958465942 0.5584668574631374
0.8973922675431348 0.844833920525826 0.8447440136776025 0.8768609249423569 0.9018032100178633 0.8872154432659585 0.89732997651697 0.8958823907122117 0.8669671301465262 0.8685435917723803 0.8436487171765538 0.8472306761545078 0.8253217674217356 0.7948274894963494 0.8132248625383418 0.8371055246763496 0.8700350717667956 0.8690504152229059 0.8517268514958682 0.8722988967961379 0.8293979863892706 0.803758566483114 0.8365476586618751 0.8130141490122698 0.7962942679181695 0.8301602893851001 0.8686990004561015 0.8719654099807593 0.8483924051166192 0.8307378815445633 0.8122386681201633 0.7760564615208715 0.8018972112749941 0.8049287372355687 0.7827069532019308 0.7835253007770038 0.704193969467363 0.6820773818795706 0.6372847992483481 0.5920075691350161 0.578959159850712 0.5676697124652025 0.553013275270493
0.8639334175257039 0.8689266383081466 0.8697024541305214 0.8776576103799577 0.8890986263737255 0.8936546886689946 0.8585517003101957 0.8938922210983478 0.8801020775801326 0.8595483456986903 0.8598385729627193 0.8110173915964956 0.8049951602886404 0.8075088800332194 0.8069808102285014 0.796025976151533 0.8218252304374136 0.8621607293687004 0.8496580771357882 0.8398439313862691 0.8143457324174396 0.8338203325289898 0.8314253740410757 0.829399189914558 0.8152479262586597 0.8278346376844057 0.8665790321621505 0.8670220142271998 0.8308327482498821 0.7965602188084778 0.8007105728764303 0.7601330256012251 0.7769938641275864 0.7642724954447764 0.7373017714412748 0.7327242471895169 0.6930007009787864 0.6745373029760262 0.6553140752988035 0.5986983383175406 0.5855232463978537 0.608099004612967 0.5842871772086575
0.8847266024103951 0.8981952556257138 0.8720619144746445 0.8583960522194285 0.8752091885452462 0.8700583338008117 0.8432311857999455 0.8822737753053221 0.8805037026217305 0.8670919226803568 0.8474589505708949 0.8158138519593243 0.8028187203899565 0.7825182801440753 0.7764290612299264 0.8101386309299339 0.8322841240139489 0.8477130340326423 0.8554949901949022 0.803473667511861 0.8245485458531643 0.8234455528554809 0.8173715353314692 0.8206515977693765 0.8440527545872036 0.8452420884405125 0.8609894675429789 0.8622250201884905 0.8026418645092529 0.7694508471284376 0.7658815732820546 0.7355902660648309 0.713591960081485 0.7237682617168275 0.7257280443468563 0.7350782096953224 0.6998515252831189 0.6468090661383462 0.659093784814348 0.6452785248904092 0.6209344684920536 0.6086439055382682 0.5984291873992572
0.8800389816193116 0.8986213147396622 0.881877032707892 0.859398352859871 0.8451877552678525 0.8267892399336062 0.8432372930109067 0.851253989169754 0.8575888671925239 0.828619299851717 0.8415799317233269 0.8030449699538956 0.7831116766005641 0.7674434063079159 0.7662909068027983 0.7625038788286336 0.7972314725472832 0.8470483207634634 0.8514729820093809 0.8525167370993294 0.8483260279057628 0.8346205615929563 0.8353366425771425 0.8262452619612629 0.80232729631027 0.8250533888273742 0.8193615703946066 0.8139529933412007 0.7854896063975463 0.7495361898276841 0.7471048591399957 0.7150804594292809 0.7114039139493179 0.7102316190616595 0.7048487933768199 0.7055113148594898 0.6917742093865886 0.6875994017573472 0.6506410813031417 0.6342081126778811 0.6033024600950874 0.6108682267946973 0.5784439069643972
0.8586336635904098 0.8450362689947576 0.8569830674901266 0.8853317811915731 0.8366907094530496 0.822345850225106 0.7910351348286001 0.7799906171873157 0.790924377510768 0.8109102603909625 0.8186333761825493 0.816169991306052 0.7762628908480471 0.7650247522998648 0.7708258775095564 0.7256215165333544 0.7698428559695117 0.8177368673318351 0.8326721019937914 0.8366747780043843 0.8493335223112679 0.8466939337972837 0.8035272388045022 0.7740589677854957 0.7701707412872608 0.7935571826582202 0.792352552937952 0.8123237404578108 0.7585951858141714 0.7603660711028617 0.7393178602888943 0.7617711181226654 0.7166373055386918 0.7250862568211841 0.6787576138187695 0.6385955369603318 0.6411975141427515 0.6662051345074534 0.6346760597417029 0.6175087542706098 0.601275530319425 0.5798669563210834 0.594057301888708
0.8614350569032261 0.87861155654215 0.8788072262344742 0.8670640953889843 0.8654527699787276 0.8416813985076917 0.8121683967054368 0.7953514396162307 0.7718018665664157 0.7890471325231877 0.7758575929955014 0.7845505779074888 0.7708846871487582 0.7808440915928606 0.7407341031173036 0.7787017147903887 0.8037295384740797 0.8091671625108868 0.8328748029985434 0.8106476461227659 0.8455378670828935 0.8371412226952272 0.8215920072215426 0.7990851913985201 0.8052769324524771 0.7742278474074509 0.7719733143468983 0.7938882312792102 0.7688042228319517 0.765953166076938 0.7510730936610914 0.7374525472938042 0.7085859931494558 0.6812676597993754 0.6880059105166194 0.6618571862726754 0.6692863200665334 0.6400591156324973 0.6403875050720131 0.6518388285339308 0.6194374100351259 0.6123626120818334 0.6031097054776067
0.8585132619503402 0.8743531796014413 0.884355361223481 0.8446815641592432 0.830177045119009 0.8260696761884873 0.8246626622850415 0.7800103626717703 0.7834445739099971 0.8023669675901733 0.7615995360424661 0.745694440353351 0.7433768569786133 0.7641683971021639 0.7645048215201481 0.7962489096815515 0.8162118600269566 0.7990835598833408 0.8287155362200624 0.8252144906455775 0.8473678034922238 0.822674731740209 0.8050815854912854 0.8187404871173394 0.780030584577359 0.7505502089875848 0.7538681576294091 0.7284752354884574 0.7222086532409661 0.742338545209017 0.7387449009750916 0.6953618910737246 0.6668159993337321 0.660204161142715 0.6855842841964244 0.6613267806417751 0.6866753730560954 0.648267148686529 0.6498953502737088 0.6662052935163072 0.6401730019110157 0.6402741538709426 0.5899945319635079
0.8455987341776798 0.8731139099851041 0.8493128129989221 0.805384086313503 0.80989029428886 0.8319285591403521 0.814504970577736 0.813225947288068 0.823955080741988 0.7714541000504538 0.7590069722658145 0.7590467043624506 0.7469276385961557 0.754629229953106 0.7655092467570712 0.7497704107209121 0.7748817495898671 0.7867104977927903 0.7615865169230646 0.802314156906883 0.7962161160283031 0.798739913191823 0.7867398014394618 0.7684319195276845 0.7930319559663845 0.7601929434188875 0.7333598827747216 0.7354695323640249 0.728977054648301 0.7318893624638095 0.7108192857304286 0.6684058331863485 0.6456969530296819 0.6347558337692557 0.6590883816648849 0.6697503966516123 0.668710674334463 0.6440961018344042 0.6345280562554261 0.6429419710371274 0.6162267279941294 0.6139944976230619 0.5692242487474968
0.8802553743702928 0.8620844870521608 0.8523411578438409 0.7725569535471908 0.7965751484415995 0.7878861404306853 0.7951968815457928 0.8265227882793302 0.8044915019690486 0.7992713540068113 0.7569006844838856 0.7206229887328185 0.7054914164904252 0.7101623704121497 0.7220068463415729 0.7546595653924206 0.7447107369553583 0.7252964819471708 0.7237273738751147 0.7414748636394715 0.7788523689581951 0.7635626905193 0.7699542162890282 0.7704259050536055 0.7851053436944926 0.7746494425548542 0.7332271406460512 0.7012871257346546 0.7101832130459619 0.7289532912802289 0.6933474404533687 0.6977029180781487 0.6361022293237074 0.6205858959803638 0.6481175492096306 0.6647673725543919 0.6532970672380476 0.6776076928330966 0.6581314942596695 0.6448045231281885 0.6350678839795941 0.5890141976656459 0.5604127137072522
0.856954879443741 0.8591164355982767 0.8283394615360681 0.8242512226867155 0.8041824294646899 0.7697747258711901 0.767602403824656 0.7826936127207135 0.7725366775733196 0.7913690584727312 0.744390985065385 0.713675319985176 0.7056903746434404 0.6907173945255948 0.7211852202128349 0.6958021562784636 0.6937363298270659 0.6869546885567837 0.7028087935937827 0.734307953665364 0.7254666265604001 0.7003239137654842 0.7310925098656689 0.7390268579964068 0.7820579913250333 0.7762027270382278 0.7076648925524527 0.7215043124057419 0.7107534568012048 0.7306289871562078 0.6996941311468419 0.6824979477645046 0.6475236095847448 0.6270077652197699 0.6056413634487352 0.594639179526976 0.6124279856766046 0.6499016897088987 0.63638950901405 0.615719425477895 0.6105225365626576 0.5627370782796659 0.5539884919012459
0.8201556646926006 0.8341847108606785 0.8116893158004282 0.8049221955018728 0.7820170987440209 0.7879768953841175 0.7742738197401615 0.7661824950586358 0.7420744606429136 0.7480339902262741 0.7100463875912352 0.6987319265866249 0.713516371281908 0.7007389827610201 0.7176566798102303 0.6905510149378137 0.6919707139154199 0.6836227705708319 0.7129601241343659 0.6789321671059333 0.6630826947955861 0.6813122140786925 0.7007268397758182 0.7481937129793529 0.7635374598225219 0.7426972194463289 0.7110697636386598 0.7082613973195006 0.7172498527319185 0.7007617238125946 0.6620503955025787 0.6471238927551934 0.6114260810970107 0.6200717843899708 0.6216543912029338 0.5946323829690214 0.5675459606803381 0.5877328915946931 0.6129579411418568 0.6032284691335656 0.5870967765636619 0.5516884916827842 0.5672815753015515
0.8193405500693033 0.8366196589396022 0.7898065046871476 0.781612199628063 0.7572633512976581 0.7684866523310628 0.7758406645299445 0.7589185623241077 0.7609959527904261 0.7589416008525571 0.7414581396273027 0.7159855166611077 0.6753563689128405 0.7013966682756844 0.6935464375245122 0.6824611627109373 0.6736077997692723 0.698253775152923 0.7060492788664393 0.6920112296927633 0.6515381540267376 0.6886617263150352 0.674991655096184 0.7139946532308964 0.7087914951810891 0.715655866998189 0.70879914970765 0.671565402594931 0.6947569201941561 0.6690247331674901 0.6818530151607337 0.6598307714955113 0.6125201084045246 0.6058205259130031 0.5710100941444313 0.5764010400984843 0.5754803052582319 0.5676337340331403 0.5259990808470012 0.5491854055478148 0.5282161292729617 0.5179202710945962 0.528545417777515
0.8060113844738346 0.8068631999618211 0.7938864700923273 0.7534922611367897 0.7606425083557369 0.7271164574738802 0.728521142213672 0.779705238708792 0.77160212658969 0.731353561455595 0.70488244198391 0.6952618246065942 0.6390500184088622 0.6529807054195471 0.6641305352093878 0.6424520451480588 0.6706791273152941 0.6670539425643941 0.6847445933039726 0.6990151768635566 0.6757443554826151 0.6479940388456867 0.6537843153690428 0.6703454614244807 0.6647165109270835 0.695880046002786 0.6606836389938913 0.6612324048822611 0.6790019768579696 0.6675126896640508 0.6857146851969786 0.671120967102276 0.6300768168660225 0.558368773214888 0.5261345068479164 0.5234244900526971 0.5263623472901697 0.5124703714000071 0.5363296413598833 0.4865292762671673 0.49962834884044316 0.49505131113523326 0.5013584464632863
0.7694693334112099 0.7810928305479751 0.7645162259986841 0.7408703664225228 0.7524273790417245 0.7175767279628542 0.7179082096734182 0.7434945791489602 0.7425769158920194 0.7098733849828311 0.6972699558428842 0.6846844297006517 0.6314810959615287 0.6481007146487492 0.6643295252817508 0.6354648106958072 0.6549624901175026 0.6394535510643463 0.6595546681369338 0.6349372116633561 0.6481044353968627 0.6685226084376108 0.6421505028482984 0.6741501948610256 0.6528855581454772 0.6690546785225928 0.6583850316542323 0.658176172190773 0.6317218238848034 0.6370973775750265 0.6272149462526575 0.5973245512975014 0.5774196574240009 0.547799477995095 0.5396738636520514 0.5232275334417065 0.5181905658565857 0.4985950817587972 0.5221515009378364 0.5165354864953472 0.4955160551100724 0.4763139778003708 0.4928651187776346
0.7725093758902111 0.745878593293215 0.7264679493509847 0.7302963424057789 0.7186504176987705 0.7091975522687376 0.6793611394926754 0.6799289672916395 0.6739768214503159 0.6854390353098314 0.6464884197120533 0.6357130601722534 0.6153460633676348 0.6380430276011807 0.6378786412870703 0.6269215160325043 0.6565029971601705 0.6482429644591743 0.6199072771088593 0.6080890385631296 0.6251988754074622 0.6515958945072478 0.6587862436105953 0.6462898172246494 0.6315424655564034 0.5966310904574218 0.6226305222977316 0.6384551973895906 0.6159507824595415 0.5922393157765167 0.5797992442457814 0.6010391180308139 0.5626506711138055 0.5508011768523503 0.5185994877513798 0.5338337827086362 0.49246709616911627 0.5008793929370562 0.535009680450285 0.5211587999388821 0.4848141808222559 0.49358541974303827 0.46867531088231434
