Raster_benchmarking/DGGS/continuous/raster-261.asc
NCOLS 100
NROWS 100
XLLCORNER 1743158.883561163
YLLCORNER 5469283.750478784
CELLSIZE 10
NODATA_VALUE -9999
[rows 76 to 94 of 100, columns 43 to 85 of 100]
0.6067220504415084 0.6009126121985741 0.5898543636402279 0.58681452178761 0.5521133654988482 0.5591684498505859 0.5643021281982783 0.5689868451186533 0.5232964518535911 0.4991576779548229 0.519501796278507 0.4809433800676968 0.4237689720071447 0.42820128475257546 0.45724746361672797 0.46287280342003717 0.4228438813969799 0.39287667911017465 0.3702684567052783 0.3640023674565289 0.3739099900313588 0.38135897901282295 0.39425261062646905 0.39908411607525174 0.3998362919995501 0.3806503564161411 0.3521204967749206 0.3577948061525261 0.3792685370584133 0.383723424553937 0.41151923140179736 0.4326288799704257 0.42058980708391386 0.4434529339104472 0.42611335073513756 0.460844870405582 0.454293314751611 0.4274528171699861 0.44533920193712034 0.40466583295527886 0.4187435189213624 0.3956312797332504 0.3933624686868308
0.6541044913622657 0.6174498728939604 0.6064709605158665 0.5705235098957033 0.5881659043393284 0.5714064572376913 0.5726952055674078 0.5341480811563217 0.5304553969151456 0.5459759405783214 0.5381037691242736 0.45389663556825993 0.41825729265808537 0.44559452982562764 0.4371198319544674 0.44750067539789523 0.4048929492615082 0.36502576501262846 0.34236531083464494 0.3563606606736027 0.34263122769309673 0.36324628107409596 0.34360763595949456 0.35225875785164673 0.3560719883953205 0.3423179377508486 0.368405269921338 0.36213869511670493 0.3333398122366616 0.3780180305807847 0.3672983657903354 0.36636206406593613 0.37190829826849736 0.44659095752745454 0.4303437849479765 0.4564654655472335 0.4215107883636469 0.4029836717379759 0.45623093640441287 0.4177391332414793 0.4066627996522971 0.4039015493897446 0.3825318894219499
0.6189238504308588 0.627250369029847 0.593348273235551 0.5701911273907652 0.5605325608381982 0.5468680077739004 0.5402189146726247 0.5522248645172327 0.5310644771565052 0.50825527063365 0.46915659500810714 0.44439803706832104 0.45665278765814127 0.41104295343858316 0.40029142759131825 0.3971394870092938 0.37110090879585583 0.40122712539834154 0.3598089962925767 0.3331975445776104 0.29996355275030506 0.3401066476187091 0.3418089767957441 0.3342134436755208 0.370079879696697 0.35303627777389673 0.33155176150741306 0.3267431407146687 0.3598710970332713 0.3550625496402306 0.3359149803646551 0.3717260215495584 0.3909789797847802 0.4436335470560512 0.4299526598783902 0.443828789144368 0.41157552107251755 0.39435181034684363 0.4325557000979738 0.42622169540801497 0.3982534582385317 0.4005079738843098 0.38792912064425306
0.6438027011901704 0.6210284806841693 0.5814736574919777 0.5635263403264283 0.4732589763432791 0.5232925135603327 0.5583295550387186 0.5572529655451613 0.545597676715769 0.4846740897609409 0.47742301356002487 0.42822718283458605 0.4471790020846545 0.4028726875843074 0.43242578216610184 0.41286758682957053 0.3769245181168877 0.39917517826976195 0.37018646761474616 0.3564456984583578 0.29311478119867956 0.29672805724632967 0.31797707810096126 0.3546630577045717 0.34120701991686003 0.3585873557544294 0.33540929949712067 0.3413343926082482 0.31654288263659097 0.3406898054587522 0.33609254830773605 0.3920952719443769 0.4317890476013066 0.42819105456022916 0.4281854142499134 0.42714674748519754 0.4248180968072436 0.38008112665459554 0.388301987896194 0.39777527914491345 0.40853050880057873 0.4339965357527958 0.41375099495059525
0.5754444729475718 0.5777872244185437 0.5437992561452869 0.5484834760745765 0.4838206007391414 0.49069023100674947 0.4949512327787103 0.4986617212853913 0.488764180307801 0.4898790764980725 0.48101498803885656 0.4390539973217615 0.42599025668622126 0.42986897271160696 0.42155422657191244 0.43634113760094184 0.40696448976845156 0.3709019533206098 0.39473193730859996 0.36875561075440766 0.37547598995602816 0.3490318360709465 0.35385622288618385 0.3611272682616467 0.37175020203769926 0.34901037879707447 0.3715354649263946 0.3705132649529737 0.3696853206276927 0.3542319296928843 0.34517249718142523 0.35643055695682346 0.37799466578530144 0.3995969503628882 0.4097214836824733 0.39808763197333175 0.3865700684864558 0.39342995999812114 0.42787474094937716 0.43046522007108134 0.4442206979313658 0.41273811383891656 0.39015881689777665
0.5341972363843831 0.547733689066931 0.5638842160960196 0.5474955583010429 0.49819896839657396 0.45607900858657985 0.45670084958262136 0.47022506999509867 0.5063582445913868 0.4716719157637953 0.501235130509402 0.4419513147645806 0.4401602923409583 0.42666514057129146 0.4555352266716638 0.4323074977394889 0.4025992431168482 0.39968328785349716 0.36801986595539765 0.39963322573235543 0.39051719307285315 0.3648592107696595 0.35497597336457676 0.35629549766914453 0.40832400148977455 0.37529363185764014 0.38767580177842365 0.35297162627129397 0.3371035862449789 0.36189617719485645 0.3184922539814586 0.32851109979398696 0.35220089216790407 0.3674195906358137 0.3966652269414512 0.3965527212778922 0.37582550571407064 0.3881607466384788 0.4096330343605672 0.43165818189660665 0.4200783838281796 0.4326151213276118 0.4097783337697821
0.5209207705123936 0.5480476299895615 0.531812114139097 0.510634342927327 0.45928559022330945 0.487598174973772 0.45957983411553 0.44684380272505514 0.4747501372348956 0.5018643761372167 0.4912361842013308 0.42014567869873015 0.4311630505603825 0.410621802757337 0.396294381813411 0.4457582641470523 0.44798083494600816 0.4420014234198148 0.42078504375364617 0.4084439442300032 0.41370851195397385 0.4326440945672525 0.40576458079612715 0.4078532493462041 0.38223651216182797 0.36181410191144675 0.374406053555324 0.3414753493235443 0.3262965933909048 0.3311462072210086 0.32050832727194956 0.33086173887368453 0.32987622190239235 0.36244521633718846 0.3788643666322236 0.4091576457629851 0.42332265303097855 0.4069387756466223 0.4268568474285936 0.42981589501148193 0.4392527336464508 0.4531874092262163 0.4129926252138651
0.5371231166662029 0.4951469165890807 0.45528219974720646 0.4747601827637318 0.4534405393286714 0.4821759855483892 0.4326562627717355 0.4690173728746312 0.4885352755614605 0.45034270465716947 0.44438825434604046 0.375165224224076 0.3700334558280503 0.3920830921043165 0.3722239769793681 0.4325246223577715 0.44988850945225894 0.42880117117786376 0.4581961748275828 0.43939069001730985 0.4448977795569437 0.4267666046963814 0.43782673308449255 0.4049727424528797 0.3987848827832451 0.344152450907076 0.3199604767097297 0.35117519401402236 0.3088432905781677 0.3223325537223171 0.33409047354663396 0.3796039142368135 0.35432662758219136 0.3785813023458589 0.40785809863871886 0.4108603612550882 0.46149383846207664 0.46941663694996444 0.4813111958992466 0.4777429346487902 0.44660257954238763 0.43456714924066636 0.454602022504053
0.5014213468029138 0.46239361427181225 0.45255290678302473 0.45892201645284986 0.4208055216753156 0.44833564279321125 0.4547500743346907 0.4620282408087644 0.42237779452091073 0.39464868794753094 0.3958090351060436 0.38013251801667336 0.34358051189497574 0.3830966100591934 0.3742633000856458 0.3930256261967078 0.4200009211128291 0.43435088000418304 0.4379604747532587 0.4702574058271627 0.44772279609464877 0.43925754715276066 0.4206475307750966 0.40959315931662865 0.3730068412555819 0.36945512771276623 0.3386404854991715 0.33210158259315137 0.3355211127529334 0.3364757198267507 0.38081830274321976 0.4044505384001451 0.425833256492657 0.4128275211214216 0.40794080249084463 0.421069857744992 0.46940312887147184 0.456372131657366 0.4815604894324636 0.4448631034548198 0.4609858951845764 0.4746003078264385 0.4381785636189906
0.5024408285589115 0.44694447733806963 0.4359628014928034 0.41928542427846194 0.40918346185484056 0.4121562044795622 0.45566942170453245 0.41964931472093625 0.3885096882766948 0.3971282191651162 0.365859732142301 0.32973365158353335 0.32831831665571826 0.3329717225383428 0.36464104543407727 0.3350134453569625 0.36450091028614806 0.4019141627920382 0.4232652120655717 0.43044495931568255 0.4499838842307646 0.427891279760517 0.36688338034277446 0.3638727253999362 0.3995598910245308 0.386700894185149 0.3675602871509002 0.3515138101820231 0.3544577157304211 0.35241476150899476 0.37435056888451806 0.40635894743967177 0.4549710845666057 0.45980401709158436 0.45951070318409354 0.46180754649601624 0.4509347296467632 0.45182589136916135 0.43417437893417915 0.4409590640065877 0.4856629321054182 0.47885285554478324 0.42740997924304097
0.47457662320970645 0.46043360313836945 0.4365960124770708 0.4274017994505709 0.42200019572301095 0.43216350075777193 0.4241285968970312 0.44405501206371 0.3955403547184178 0.37722890386914537 0.3147323319800508 0.2984839087295063 0.3071760937153921 0.35668169101309727 0.32374726394530856 0.32693812481115625 0.3625149761745813 0.3537982742283207 0.4047960293002317 0.39979285784194385 0.42782885929625597 0.39540475643942835 0.39861302816694827 0.38813397438931063 0.38544250661512564 0.3656547622675049 0.34381353560154476 0.34045804031682203 0.36327698238374656 0.3821223287119143 0.3946915436899023 0.45231840675299617 0.46970980655181777 0.46576799508954586 0.44389486030657477 0.4595508601187246 0.4597754070246251 0.4160744278620368 0.447674984671151 0.4644137733555663 0.43454738624335965 0.4312375476553234 0.43417162709484247
0.5197244294316639 0.4449282032720365 0.4240063792726403 0.40435080633711135 0.41198722410185057 0.4430669427431625 0.44727911096459083 0.45678396841172936 0.4292020216037253 0.37952327930227175 0.3111455231534064 0.27756735839086555 0.30235436506457275 0.31592434694813804 0.3489155441981467 0.3127907546883292 0.3362819818924593 0.3304383002859609 0.39650482829229705 0.43286389954787635 0.4387438589255358 0.3619355345074894 0.34130682623914493 0.3411214535578969 0.33550586923140513 0.3642556276899225 0.373032333921225 0.37375826162429504 0.3700208648903321 0.4011244466753148 0.4380280258305505 0.42097911119024145 0.4459726967015835 0.4590043658846368 0.47690465783881353 0.4505923531529603 0.40468680396255957 0.4144203332055135 0.47282592315636 0.460556181847325 0.4611263916370092 0.4504541971277551 0.42398500448992765
0.44688672760188114 0.4099697159320502 0.3725798469126832 0.36514560275613833 0.35607082475027624 0.39256325380638524 0.3860550040532149 0.4088393898495922 0.39693035032431445 0.33359044074115707 0.31055858874276854 0.29784960271067035 0.2995627139031008 0.27775595939688796 0.28490209842380587 0.32540709117415 0.3039591058244262 0.33381494468850603 0.36031432925439116 0.3994445132898977 0.40566514302312634 0.3425446883202165 0.3484998301039696 0.30409073170410017 0.3260052834638139 0.3238239261866487 0.36202226642955754 0.3881118486978869 0.4215683800279913 0.4201198396114346 0.4208518702678621 0.43384693513847616 0.424103721597888 0.4447237510683002 0.45427287791732984 0.4472731103823765 0.4606965289391433 0.46293145862344426 0.4804641494959591 0.4508420625168569 0.47161325224399636 0.43879595551941636 0.39920740217444517
0.39141073490259737 0.39460478160617174 0.3494950517956784 0.3152044021291387 0.3198053655547716 0.3630662273784652 0.35582446454019995 0.3789758985872123 0.38317174977407775 0.3378520004625774 0.3033041856100801 0.2959350284016109 0.27606140452575156 0.24977444457895637 0.22973909636932796 0.29140612979519975 0.3240319915053135 0.3339800880640336 0.3423073457434351 0.3764007884387676 0.36095247624002746 0.3459298530981781 0.33779401367375056 0.2943000997558305 0.2868415839084711 0.33249327050164407 0.3362268069991598 0.40529673047811254 0.4133785154153801 0.4086421328175972 0.4307451493355042 0.4244817148336335 0.45028052498758014 0.4579251465841144 0.4207393687082962 0.44282023611254295 0.4543552226791079 0.45940259292908875 0.4648202368537627 0.4700951085339638 0.43845153443002116 0.4239128705731193 0.3548639536815118
0.3706629593351299 0.3402443239724112 0.33763877020205313 0.2955343423194751 0.2740030001813262 0.28833168546954674 0.30023777445548755 0.3223969330061532 0.3251260009185792 0.35217490606162916 0.2829708762623109 0.251748240722212 0.23958321662525292 0.2387524478910712 0.2438199357895286 0.2538677056684516 0.2814151806967164 0.3251072853031213 0.34125620801070045 0.3565348541909426 0.3741890499396914 0.38170539153183575 0.3430168247874405 0.30169803536157846 0.3095839856004599 0.33692991724890126 0.33009695267379374 0.38078595640642915 0.4249621337626362 0.40135069064699563 0.39852798153188257 0.4145276674522263 0.44307969009910225 0.42748541658175493 0.419632434390542 0.4362018392313405 0.42224799181916434 0.44200348500887143 0.43616828958161413 0.4389612646931601 0.42763420139718855 0.4137100671149559 0.4004468400677209
0.3213903219959906 0.36105867714037304 0.35360075036987315 0.28559234369943787 0.25081341821920244 0.2792483812347781 0.3076449821412147 0.3422105209259011 0.3552304753717239 0.2921699981395871 0.278556361249512 0.23386729482394555 0.21866870322993842 0.23747366735971506 0.20940330699834864 0.25201057058354126 0.24184787022808046 0.30050933155193293 0.3318155360459531 0.32315921366104267 0.3750719678770573 0.3938149580258643 0.36163360965847025 0.3141453955636827 0.2893977120274364 0.3261005917142972 0.33824995642531747 0.37275123152694783 0.41225304415630765 0.3845562991651345 0.38256133753823696 0.4272330732402599 0.4294805015970564 0.41071964738762623 0.44847642400709936 0.4498829742663469 0.4589220916432918 0.4304606298906413 0.4257350174504171 0.43687062375692176 0.41235705407868317 0.4213352133666363 0.42081060058131753
0.2906204580308475 0.32809204632135175 0.34438543270235594 0.28300842282901884 0.27219717550739664 0.2685095154771644 0.3121734342068581 0.3257137140492134 0.30867643844585896 0.2500055616028141 0.2599814623612464 0.2031054057490818 0.2227117941814347 0.20295460839053248 0.1940969655815742 0.2157102649635079 0.25241112822311923 0.2581144716805584 0.3159210535730874 0.31877670239848804 0.37007136425313 0.3682363569526777 0.3497414177087192 0.3043162930590451 0.3054256387320974 0.3484885225520347 0.3628095334322375 0.3927346509424505 0.39723464243591133 0.38133433679501305 0.38772362405985067 0.38549017605423175 0.4376696246465975 0.445263929826485 0.42949173756920844 0.4132255922944434 0.4456732299714059 0.4384155156209423 0.43131696288406546 0.4044370674735885 0.37268218663272534 0.38941105526750497 0.4008493368863572
0.2898118607942843 0.2896564033276698 0.3084545355721872 0.29522193569783645 0.24784528135547157 0.26241420874933163 0.29830401023047465 0.30298770549572845 0.2533400101609854 0.23946045689139425 0.2259567077426615 0.20261143957055522 0.17304144154073664 0.16884210669775815 0.22253116839684886 0.2509360996859965 0.2544442966835575 0.2519116378795863 0.2589311475138497 0.270419295145487 0.32685217024046087 0.2881172785146678 0.3086473182885253 0.2995128230451254 0.3557085733166301 0.3786293956939701 0.3838212506374869 0.38027367357081215 0.36579508669974753 0.35974169905616427 0.38509929682416977 0.39142880937675617 0.4364920264219356 0.41105233785819195 0.3833709136171194 0.40908956992537815 0.3826320449981467 0.406017918715287 0.40209142637072903 0.37808134366789853 0.34771505824858034 0.343092092486938 0.3668087610011123
0.3046919205595337 0.2958557240756411 0.26351672035265183 0.24004957295326418 0.243380282153591 0.2330952119644255 0.21908078574242779 0.23041817848818041 0.2456678330963826 0.21320271062528534 0.21117893152554115 0.19065616410604386 0.21359683165532303 0.18490470936930217 0.23148421154194523 0.23800715222572522 0.2503683469537939 0.24970113835383353 0.266063796649554 0.253012304538524 0.2865202652152391 0.2625302443591118 0.30848773576970406 0.3253806643595164 0.3553937884956648 0.3506668262730094 0.3523350097011055 0.34433438560049046 0.3396386520850217 0.3914154978073054 0.40577025083850715 0.4075358384668027 0.4094924616262714 0.3924725781335467 0.34550204496373155 0.34310529089914926 0.3242830390151458 0.34305662085176836 0.3574998000787801 0.36967841239813237 0.33518521835400444 0.3694377966871298 0.36682253402797144
