Raster_benchmarking/DGGS/continuous/raster-58.asc
NCOLS 100
NROWS 100
XLLCORNER 1743164.4313690488
YLLCORNER 5469278.3942752
CELLSIZE 10
NODATA_VALUE -9999
[rows 0 to 18 of 100, columns 43 to 85 of 100]
0.45476702633727967 0.4909406942861133 0.48762744178234035 0.47516550042204003 0.4720415458938041 0.44508861184247495 0.43716204572004946 0.4134550143925265 0.4080559520988676 0.38283472768820564 0.3749643327682687 0.3747456825232847 0.3775011746760384 0.3682304189224528 0.4039779241572409 0.40638430955084187 0.4011019337493592 0.3658308676930693 0.3500602878393061 0.3595359409451427 0.33884585038241755 0.2875053199396209 0.2815338519489718 0.2690140751404234 0.24670948826453654 0.23429954822679175 0.256008200856989 0.24355990064803223 0.2470844956732357 0.24649186808439325 0.25930710909202104 0.27392287392002385 0.2759872566660262 0.2589920053685303 0.2876312986413222 0.27445500467427353 0.257723318661463 0.20854068985659896 0.21062514604151267 0.24712866036349102 0.2548920140675238 0.2543346630354181 0.2522101400103766
0.4866594674166593 0.46525434335361804 0.4620216429571872 0.48324376667310737 0.48653297257525063 0.47095798932649136 0.4339515723311935 0.4039406812956927 0.3996175550959973 0.3905096227186013 0.3944287102333696 0.3809690053979285 0.3985872040939326 0.4056504212511727 0.4015598996086351 0.38022401066708206 0.3445444186960683 0.3655081436721388 0.35308465818459195 0.3326833000799322 0.29717666713266855 0.25397505090977335 0.2526332523521683 0.24177336305014324 0.23636254536009518 0.21497016270073074 0.22026045884373213 0.22642471149708512 0.27522319085561775 0.3011763014466134 0.2991209805371256 0.27414827684910675 0.29149784168409737 0.30610901894141374 0.26334099494926394 0.29120052962323173 0.2684197600894796 0.22465228634332368 0.2536899503675355 0.2419199515838843 0.25889831289641574 0.26269425026230786 0.23428103522104693
0.5569569165372942 0.4973669804129328 0.5209712023262775 0.5001328815926818 0.4713276221839175 0.48067411246982467 0.46179337741459503 0.4305394147291199 0.43138564210956454 0.4069131832406074 0.4225052451024106 0.39143615863435577 0.3605484457731275 0.3697016103417554 0.35336857353007767 0.37046609761214777 0.3125856487275664 0.31016547921133164 0.3173204758383494 0.31355180545232325 0.2767751960907156 0.28117844194049557 0.240461415122876 0.23598258670644762 0.24200731670776135 0.22806034214827256 0.21609573963562606 0.25301654132810547 0.2443186519003941 0.2837087879616656 0.26380641011747535 0.27028334163991485 0.30379933057800396 0.30628727237891135 0.3189381686186388 0.2750372456644225 0.2755646104495571 0.2512540590842207 0.2523232008105533 0.267672587071189 0.27795416573822823 0.2591783983045665 0.2646722099115983
0.57813003248593 0.5310486774516492 0.535869014748764 0.5096031559027212 0.5035551813117496 0.48047352133313603 0.44019297277307173 0.40180871804490165 0.394214847948247 0.4082121567963807 0.40064549763585927 0.3615906805952436 0.37503161853571193 0.33720876961803053 0.34681539347185203 0.3171698402795449 0.2860035646657114 0.3069771191118473 0.29026135605264153 0.26792753006039993 0.2559665643056649 0.25832602005360317 0.21501115174697732 0.219796679516223 0.249116355910462 0.21893906344766548 0.2608839308155256 0.25765733472215624 0.2664983342375818 0.2618855013161485 0.2778329705557901 0.2587245720856469 0.30496215470949045 0.3233053051008696 0.3294611362194292 0.3079290191239142 0.26602361816937536 0.2582488254532052 0.3038282109564949 0.27905220887708765 0.269046631828836 0.29958930598185374 0.28490154699537573
0.5812342562746845 0.5298462618881737 0.5155499250142919 0.491187398017315 0.4845174255935737 0.45460152608981147 0.46077008352207965 0.44443088654003965 0.4223259409485248 0.41362458026273635 0.38167546227814964 0.34811323105536823 0.3502339384630584 0.30391028712871976 0.30737220587794484 0.2884134614404983 0.287257657806012 0.30719879245861625 0.2624958088953252 0.23900591898962584 0.21295790045643978 0.21915803230115416 0.2328297861959891 0.23646257975906307 0.20592663154490398 0.22814884615706008 0.24671058060979548 0.23901563513739207 0.25851098176154413 0.2610743087148497 0.2370281517694865 0.24637577217724002 0.2539542245919309 0.28686467500735036 0.3195991238506653 0.30189259789944156 0.2773598823626381 0.30504809133587574 0.2899726357984684 0.2876413142385129 0.2918954861953505 0.29350981697362033 0.2901127088293538
0.5377279639577975 0.526306480090939 0.506335814200836 0.4936398968867562 0.46866197954262373 0.45089368716346917 0.4593001941105009 0.418833070980353 0.44643557583027826 0.41223651995963134 0.34161778395061987 0.3331798427541872 0.30632304761929896 0.2855432209332976 0.28820627459122855 0.26560758798130907 0.2958906987987862 0.2681735035877264 0.2774114195205823 0.23682218881707778 0.23543900814511817 0.22621468162117356 0.199444312139136 0.2185232652943448 0.19461129302064598 0.22643500258759294 0.23705158134690424 0.21661127627173124 0.1981099491411916 0.1849399367123795 0.20260892072308276 0.24816996286155785 0.2596503772769395 0.2886118131914336 0.26052134200119126 0.25376123373924553 0.27905344287179246 0.25883297628811386 0.27022852726961905 0.2873802184652415 0.3160284287992127 0.30502423942417906 0.33999921881451506
0.5626475049255322 0.5479546132445121 0.5229743469303972 0.4994909264472047 0.48434473406806594 0.45684940937377444 0.4233879888592437 0.4135559556392178 0.4063341057007222 0.366189550322472 0.3694321387962409 0.34555869675264267 0.30934345634690297 0.2784641395033613 0.2801321868646881 0.28901729019350625 0.2917572322773594 0.26767441812726334 0.24059116059184396 0.24048049901188595 0.22703077544769423 0.2355077689078331 0.2047288096891993 0.19386519636575147 0.17366952521964968 0.18264002682271663 0.16042632500536952 0.1615144574307928 0.14097238300072293 0.1534684801579136 0.17591810303510333 0.19839167783106368 0.25568109704721004 0.25779607460962073 0.2724189341866938 0.25637839685665215 0.2699108804334938 0.25652638738683603 0.2586939778164277 0.29946394439231566 0.30640544599910724 0.31759039920268073 0.3380177310377049
0.5641736476920787 0.5639625801202968 0.5570585024064125 0.5413220112989793 0.47250053626528543 0.48231484619233117 0.4599784786237601 0.42423727629141866 0.37785966444548386 0.3633944433991078 0.34737704643973183 0.3205462130927858 0.32781122408870983 0.2715194009273121 0.263449940295305 0.3038963830400943 0.31210529904067397 0.27525345852845656 0.262259845453062 0.25218669245234737 0.28846336338146666 0.23167158424681047 0.2427366552262132 0.1776386094561692 0.15107653428343273 0.18547722792337476 0.14054281629030352 0.16643215248360907 0.14433130697639604 0.17521471143402295 0.17110315142398008 0.21805032629928303 0.24781016508812004 0.2507204306009195 0.3032790640866198 0.2749617305731181 0.2660700270845095 0.27574436785164724 0.28913297951837486 0.27064654327050747 0.3020709325714047 0.3068211285091848 0.3123329140258159
0.5866375254923482 0.5846596520201701 0.5940766423053144 0.5395164890601292 0.5136727211340563 0.47243529947879065 0.44380491153541624 0.4452373360812733 0.4104303765808647 0.35093305379289996 0.31315541965902316 0.30915183447309985 0.30476532587116745 0.3133283076179205 0.27665284816188 0.2952562130327203 0.29472390982038144 0.25760504641170423 0.272437755942794 0.2785455122615841 0.28002954648931844 0.25964137431640627 0.22342948515021158 0.18772040313317034 0.1641563436738719 0.19308290113938706 0.1722799765749072 0.17545714915152277 0.16278036697810092 0.19638257247547003 0.16254616650336354 0.18622523202655197 0.22579868403120404 0.26801940194765295 0.2605201485370105 0.2878420531961035 0.2613692864728941 0.25971567273005636 0.26512394415896406 0.27368102200312244 0.29849775424449937 0.2986793502157889 0.29231087263464145
0.6091466742393253 0.6008175033832901 0.5956833505812719 0.5539806994250117 0.5067071340592495 0.49925840658307774 0.43980251244894075 0.4440801585701741 0.41580560088011836 0.36625264050984385 0.3446378375746519 0.30016526208506 0.2805926695359088 0.28100392303360383 0.29300061546088635 0.25923044628613906 0.2573757741030762 0.2185567572054574 0.22495626789545625 0.23157612003065922 0.26851578859224545 0.22697279844557855 0.18323908905305222 0.21625684406928783 0.19485123843154986 0.2170491129403733 0.19225790618075292 0.1990725358277998 0.21109952027343715 0.19359135972062064 0.17934711926990088 0.2065907343431434 0.23809722493361485 0.23875966684078784 0.24807462293611807 0.2706635645289096 0.24240193669827603 0.2744742596232705 0.2607000306306814 0.30743857781634476 0.3120736693061025 0.3148676114152843 0.2920522886317202
0.6106467701672311 0.5813162268280244 0.5977141295814932 0.5476587696012958 0.5414050762448814 0.48207600675047885 0.4745372873964532 0.47137668836787555 0.42942369652615825 0.413077305559526 0.3858188808302595 0.3225345627588057 0.27324116323120673 0.28946034979424035 0.27196016619674984 0.2683782989245966 0.2715018389587106 0.22582805282886334 0.22943642340506457 0.22533402212798886 0.22562895257417911 0.1863348725225758 0.18397003894347913 0.2013964790736366 0.22782058367782132 0.22366693337042334 0.20839776028336418 0.1882662539311091 0.18375400116450788 0.15683115322383326 0.19074680442827344 0.19452766903990823 0.24107981905824785 0.2363969315049914 0.22707421782689843 0.22339557817345032 0.27369108859033986 0.28535369197675103 0.30722011395087273 0.3085799290795379 0.2908636681685371 0.3272846752354891 0.34128553990255767
0.6033714570626542 0.5848572692945817 0.5860729121785321 0.5414109913310655 0.5581381816140288 0.5233147766801819 0.5025706257731555 0.4930770593514042 0.4762280725240474 0.45922499275022616 0.4147539616225461 0.3252563903958947 0.29209991588289796 0.2692379352097037 0.20820240560935413 0.23203409260685914 0.2552342821279198 0.2413028323427876 0.24958865314819303 0.25754813111561825 0.22247247923786567 0.19351447910649577 0.1736441744295098 0.22691316492027655 0.2469749444817684 0.2537064313240785 0.23308770470551846 0.18468633323775305 0.18103205416236812 0.1855706972000182 0.15816114409724133 0.2095697753283393 0.2209325081561758 0.21423932877622248 0.2084445183656573 0.22993321172825737 0.27067240601728043 0.28458173008956666 0.31242782583788525 0.3141006755374325 0.2791362115695952 0.2990655058618498 0.3485694871755123
0.5928661517475551 0.6003066720325083 0.5727055887962872 0.5754447724545215 0.5570716999438206 0.5289816544522333 0.4794072566009132 0.44692650070780776 0.42743535728583953 0.44920948346006634 0.4033887747175752 0.3646710659309257 0.30031791864023216 0.27558008775877285 0.23224691998796199 0.22222750824437448 0.22034040540061803 0.23951268050127872 0.21575773923823463 0.23893148064233344 0.2074649543294121 0.21974387221311134 0.18967121007916826 0.2163884760695519 0.22834808463036294 0.22521163831630583 0.24027378636067157 0.20376995791601343 0.1980030907676024 0.18403074451068477 0.17081409625946742 0.17642421271103234 0.23867248346127562 0.23042230252653342 0.25256430185728107 0.2280064326168443 0.2502095597146549 0.2931379963522795 0.3128013435308573 0.2874355967353588 0.30025816577446 0.2938961193271374 0.30103940775001276
0.6342186513853072 0.6047701926727703 0.6227344860547022 0.5765028943488881 0.5498088749659261 0.48905290703420284 0.45328106940200813 0.4474007045217965 0.40382224930873367 0.4146044981161843 0.4082482200303313 0.36148373838911085 0.3405622318717716 0.29646647382416685 0.28787192384193444 0.2453553979385234 0.1955506950482543 0.1912702565217903 0.19842917207539976 0.20644802904520806 0.19213470701147672 0.19217861436317998 0.21799422039525967 0.24445225840540616 0.2247507696581301 0.2312291354326057 0.2277917497762909 0.19034697460567845 0.16896623222036775 0.17963864317063807 0.1689886413211807 0.2088117674727753 0.24042055613119992 0.21971864828019236 0.2643773183340394 0.2622037292554987 0.2336584735522297 0.2571212121192551 0.3015697123921268 0.2952983394641143 0.30009667107151317 0.2791652773718489 0.25480354012338646
0.5744975719700859 0.5848423229324378 0.5710552246472208 0.555390963660102 0.5168836732457217 0.5282082981010341 0.4875754371434145 0.47339758519381386 0.4224172202472162 0.3894924282238413 0.3818428007996249 0.3630672771759154 0.32899647485189937 0.31992664719617286 0.28745461495028757 0.2181737835079447 0.21856513385973086 0.21788064439415117 0.18134436817023922 0.21250713855410708 0.20806600829737884 0.18445471538388025 0.2040975179646159 0.2316792078228183 0.2067697904583581 0.2331636906543354 0.19676593093495265 0.18166308072395884 0.16140729920751523 0.1980104752068043 0.1888967980822759 0.21249977801097497 0.23560095152101904 0.24744638397542265 0.25441663483245935 0.283038760682157 0.2405922679796853 0.2468928372794139 0.2366684840277502 0.2539554457099796 0.25004004676365416 0.257351409575203 0.26517657885219986
0.5713768099264929 0.547783048894119 0.5572198927521331 0.5275968506257828 0.5197550673804388 0.5239771330099874 0.5105586385694502 0.43473529072238326 0.42360746538627914 0.39078798367700435 0.33846722408298 0.35695430337379663 0.3322898095742814 0.28581920636806624 0.2561631039548109 0.21744267760124136 0.1963057616932538 0.1981743872815615 0.19400710923798195 0.19309198619846502 0.17598880542057685 0.2036260849839406 0.2502912015118833 0.2190244878970301 0.23661698895046815 0.23622514687912863 0.16858782424181148 0.16791588003069352 0.16102943393510188 0.1730277848058298 0.2101510166789056 0.2006779172456842 0.26150320737959043 0.2723160715828386 0.27024705403467875 0.2883042643189142 0.2787091808984053 0.27460301860989783 0.231893586164881 0.22291816034850517 0.24332111495003084 0.23757975986475932 0.24310783790335994
0.5722326240458361 0.5435488316632106 0.515389253674699 0.4819265109490907 0.4952011289388377 0.470258208983452 0.4638039858609789 0.4286946306569004 0.37477898837741763 0.3258549511171325 0.3025229918092906 0.31343858834668575 0.33014051708660813 0.26561703619701654 0.24791276049216748 0.26514556039178383 0.23298242001850156 0.221461266009646 0.2405071242010056 0.22838452801947792 0.20893353960587513 0.2086155810965906 0.2089166661563588 0.24018220328956053 0.22315767169558565 0.21429824067944164 0.18082558922265923 0.1946324232235954 0.16746211066496375 0.1844188655199492 0.21131663795505745 0.21436254419340037 0.24276185628178068 0.22609891788283562 0.23181481345935273 0.26486649317460476 0.28615046164283064 0.27316770020278436 0.24299648698610973 0.2161197247681588 0.24752872069394036 0.2640105330417724 0.27601686407972165
0.5116074572482083 0.4903185906650868 0.5039149884554371 0.4529215735173947 0.4470437410777511 0.44395250292185134 0.40941272086434677 0.37493969453124765 0.3542206790035627 0.33896337528053117 0.2818995352820017 0.3228035766301103 0.3141176057748133 0.27717621296286604 0.25489674884794 0.27019395325498496 0.28158643174681924 0.2423132418801156 0.2525263426514848 0.22055910465660775 0.1945449767395704 0.1997323228225804 0.2112314909660668 0.24986498611187827 0.2411361154910133 0.2200290099342003 0.2474923576935204 0.22080869563692382 0.21354846035706693 0.21327469608052974 0.17877197129416852 0.2104518894187134 0.1884133070380617 0.22746747068240064 0.2527835403995451 0.2554009633361828 0.2832754876208483 0.23389073316326883 0.23031639922193306 0.2073831655761327 0.2515036959800194 0.2557506568878205 0.27477663113633766
0.5187343093513271 0.4966804555743217 0.4950902780630276 0.4559775555883861 0.4260691028009286 0.43696797123034076 0.41131596828446054 0.4037095661872828 0.37089146821877395 0.2972201243019554 0.3017718301505094 0.30466613342232585 0.2847935752832768 0.280508759713474 0.2743580423505683 0.2602807773705486 0.2884852219298872 0.23977520404070257 0.22876287071639304 0.23486077183502238 0.21338945565497522 0.22535737051759389 0.23163203960083367 0.21606709174228497 0.2252053451187543 0.2199090861577203 0.2368004228876773 0.22141364532892893 0.21121570370969786 0.17749326392820083 0.1822552147185812 0.1587162417427219 0.18637578717086284 0.23351744451385265 0.2578408990810687 0.2690151481183853 0.24094129428042083 0.24504195385400104 0.25830423161130733 0.2352684643965357 0.24339487704120527 0.2702803533793176 0.2318153679899018
