Raster_benchmarking/DGGS/continuous/raster-40.asc
NCOLS 100
NROWS 100
XLLCORNER 1743156.9352379823
YLLCORNER 5469295.062932576
CELLSIZE 10
NODATA_VALUE -9999
[rows 38 to 56 of 100, columns 43 to 85 of 100]
0.23779239768873522 0.2753195401684697 0.2718665514476892 0.26289859885149625 0.24361311406440306 0.18236080853793638 0.1868799282268459 0.222475584280007 0.23486057564783805 0.16148866994552633 0.15159038343081763 0.1592627857515885 0.18914449220143567 0.15867030451192018 0.10459128918340767 0.13031197480014292 0.10987445443387316 0.14790499777749366 0.1497971318493526 0.11260689487134029 0.15157574733641327 0.1068866534947173 0.08156140182277714 0.0873912920582909 0.10718244231525044 0.08038211668028811 0.09272666362890625 0.11244797985416363 0.13589134833717775 0.18610754667212015 0.1446264383726845 0.20119388372080366 0.20531307102250446 0.2802943744540752 0.3091661653233494 0.28844974535266255 0.3225537758925522 0.284617867347845 0.3001685467070621 0.31584662479461345 0.35049997668148375 0.3960063920135977 0.48711021008831334
0.21416822899269677 0.2360175645416949 0.2664117606222803 0.22072589068008328 0.17233537127134532 0.16878860296261788 0.1685563793319526 0.1933824287780104 0.20748659384193818 0.1924017384697138 0.16730655451738333 0.17790009383602975 0.1449285175308217 0.11301643093803726 0.10166230225040468 0.07886308260797785 0.0968934364293689 0.13637274153984963 0.12334734965114812 0.12321207678934518 0.06812535879113112 0.056002030628014704 0.07050105240915433 0.0793819579479901 0.12406098695964464 0.09445505598482079 0.1399565010011275 0.14389301227057255 0.15960635427330064 0.2064307343398585 0.1921300072582156 0.21926576276620002 0.28373196562794856 0.26765173197710057 0.29923210383974974 0.2912933701391035 0.32582263641466086 0.2901727815264564 0.34684557990845577 0.3323011704390859 0.37590222970514187 0.37843227132627766 0.4263140787505894
0.21475369369907976 0.2323168136080573 0.22360185146445252 0.1886497339582282 0.15199760507698443 0.16133296549694137 0.14458461029305553 0.14962976760024052 0.16701954784889883 0.19762499335013836 0.18410115565534624 0.1538905811130229 0.12428558604610765 0.061026454065670394 0.06047758916104806 0.08790183319655295 0.10640813745401413 0.1182578969708942 0.12614020689239752 0.09491327229151021 0.038837422251286856 0.04517819501004571 0.06876696064422508 0.07791323585164116 0.1094228226534522 0.09471883929937416 0.1704202580029607 0.18807180257686296 0.22106461142378697 0.2087015847426922 0.22364693125750612 0.2304344325037499 0.31573407892611516 0.2915676527144169 0.33942334869005686 0.31457084066567104 0.31238874173721126 0.3131058327294424 0.3419052005365551 0.36126131974685183 0.3937698162586271 0.4274804707250807 0.4096033972200219
0.23633529262356542 0.20219718876752046 0.23165095731060428 0.2301381810120752 0.17725698296486594 0.1473489506115102 0.14177816098403032 0.15786455608033 0.15489157536695897 0.12749175491986245 0.16547054477071774 0.1459125114157774 0.0838259220311867 0.06741392920257853 0.0550086274758101 0.09031638097976051 0.13222841885114445 0.1333293033747319 0.12059889815339266 0.043903507845888645 0.0552248986303791 0.06251787167982625 0.1269841829464452 0.12627631520441288 0.12435234771346952 0.1059505672850583 0.15573077742003208 0.1728336347688795 0.21351006183312515 0.26523319758778685 0.26845929983303596 0.2866931304937387 0.2825994678613261 0.3151134908246459 0.35401615492449656 0.409630732913191 0.39875113398884526 0.398672055813099 0.4110871371703735 0.395908543568152 0.4398331286606623 0.4307920034493346 0.461683862961085
0.23027667652060818 0.2412169834965152 0.26070030133201205 0.26808665569443385 0.20228985113834103 0.16175360626064236 0.1689764663192755 0.1288084183137656 0.09571172233847393 0.1100303662831032 0.13973388542411375 0.1284855019186693 0.033556512463085664 0.06523917280950256 0.09230081728205228 0.1280942829147443 0.1151992357615572 0.13683375309122825 0.11237626073754338 0.08093007895476102 0.0 0.07453136144979582 0.13710675407668108 0.1398891392181559 0.14544815897804636 0.1462756670010235 0.11953524766521215 0.15421590719722214 0.22036335629941306 0.27516455561523023 0.26927237705352847 0.2671820474487963 0.3105839051474765 0.3145219008256184 0.41570270794800385 0.4175243274245383 0.454408748885176 0.42542553543879985 0.4383218229279691 0.40940443168140095 0.44637311814757424 0.4634290584288205 0.42969889542923506
0.20837170980377115 0.23446352737596873 0.23144503256665347 0.26705811861391293 0.21920708747371842 0.2198687108668208 0.16160522115671136 0.10955554704366655 0.09708107356125384 0.09263340764059087 0.1145778947133287 0.09551609297929353 0.10552810156678503 0.09590595475176382 0.09333702081850889 0.08992222439390836 0.0799355128002329 0.11402219412845284 0.1176672096957068 0.06337352639788398 0.05142753904315869 0.12266554917425976 0.15441411109211078 0.1101153223951084 0.12826502194303888 0.12109357837410127 0.12988344560252096 0.14460114609756036 0.22054994208539563 0.2378872631845614 0.2558090454870825 0.23832970003740636 0.29458384537569654 0.323353979276484 0.3806062165215674 0.40013328763276534 0.43858259919367004 0.45756587182886055 0.4432191028947596 0.44590898590506617 0.43844813066290345 0.48028114960515805 0.5105691671275645
0.22757322858416143 0.21372419058461029 0.26491641682974526 0.2660360208829537 0.2504031579794468 0.19938485015958596 0.20194754727350825 0.14362939657663984 0.0657208315219201 0.05266032896704502 0.07998247599243223 0.0772062250663289 0.0829470296179993 0.1188212321190531 0.13206935168385306 0.08890795434122072 0.10492019167728532 0.0943710636156304 0.06293352238324804 0.10398737591490646 0.13569505360341516 0.16455581684859588 0.15730026180979345 0.13198484642343117 0.09843920909780189 0.11907021496960701 0.10687411848684406 0.14714020512930667 0.174600383792517 0.16254985870220415 0.19649254347826017 0.2510266743779575 0.2522252403886434 0.3069976890819666 0.38700369311812316 0.4250780866105909 0.4528824191394842 0.473673461830945 0.4675249651619881 0.5157518731287223 0.48206315476484657 0.49192099837893344 0.4967826422862429
0.185896540027865 0.22121713614947028 0.24243426822381567 0.2977976795997279 0.24247783118105679 0.20164504075775344 0.19309998627523792 0.13897410794320145 0.0923479254924772 0.03906223138782097 0.08796647139920036 0.06651047495646341 0.07149025123684226 0.11624614796023218 0.10599509099327552 0.11736155119410831 0.08624229154464812 0.09681383233681959 0.1091627808066084 0.0730364678317145 0.10214156701253378 0.13192605231274904 0.10299501899843405 0.13578296587975378 0.1150206784231218 0.1343808470006683 0.13408299918022096 0.1264852646462153 0.13331691595180453 0.13962313252109046 0.22482840762790246 0.25233968122903083 0.2993499044826355 0.3197279842745549 0.39233949543066904 0.42167624614815524 0.4877347937736586 0.5119871200914868 0.4919111113476248 0.5592239256591999 0.5493960911419389 0.5768291533534047 0.5514950253010801
0.19821818330393845 0.2417067392760034 0.2951583713859786 0.3072524502858721 0.26846117410939885 0.21590009103179214 0.16032825771846632 0.11090200714401251 0.05145993601374663 0.03806974289206741 0.08334188204805888 0.08193997962574745 0.13531336089906393 0.11082339492095558 0.12130683580974966 0.13385931218663488 0.13769907730795328 0.09684541288544815 0.10278159952912032 0.10794068600487834 0.1118325434470514 0.10106360438943392 0.0897360563536698 0.12988981665441746 0.15724888615289284 0.10857609732582209 0.07664361585210117 0.0709018741812579 0.11394821323709105 0.13905145124987736 0.185357383617999 0.22317486572140538 0.2989677827199807 0.310414577197503 0.3763137003174054 0.39424639674156575 0.46453076513657593 0.5285957920897689 0.5503347745867011 0.5642905556508035 0.6189739909671159 0.5916353365122522 0.6208770545980983
0.20152648069937246 0.26020403431579325 0.25945536197205726 0.2487333802145599 0.232357484791263 0.21301702063722974 0.18772029590197126 0.10978786733491988 0.031800356822817906 0.035330514143256754 0.07557793445572458 0.0895886457634875 0.1080389529393753 0.07104875297535346 0.1249842806295327 0.11571859146080113 0.09279330754431325 0.1089435973743526 0.09807888252845233 0.1213524219311249 0.12456985281532444 0.07252115177527194 0.09337105796728282 0.08458068234115597 0.11869736479299575 0.13151725224777905 0.09266444191452333 0.08320166246929392 0.1084907323942437 0.15723203211670933 0.2165223164481911 0.24915302610934306 0.27273800572852597 0.3502737203025402 0.35678309178934126 0.430260987216066 0.45364995539755787 0.5106028675372074 0.5022078734362095 0.5391657698573991 0.5754732132796344 0.6453784293578849 0.6073929197521469
0.17807302293520125 0.2555417957676158 0.25785994689677605 0.21053078910228992 0.20455620739457744 0.21604366894946236 0.146884323993032 0.12237656275141272 0.04663187968794842 0.08412959721131515 0.0827286289540928 0.058647597518663844 0.037131822300603655 0.06210534037327288 0.09693642527523616 0.09256660580224813 0.054828565925473284 0.08248225913950723 0.08132669487546307 0.13756217210230734 0.08836701696297525 0.07874480784546024 0.08108066624457808 0.05501311437852307 0.09889736123954079 0.13181204702556218 0.09877642865442449 0.05623097070120013 0.08033872346610417 0.12153619654556432 0.21081514204227164 0.2745004154314187 0.2865722052616924 0.3551795019440923 0.3821738041611546 0.43156995780573826 0.4510982123728192 0.5242174009479001 0.5222362282316092 0.5117119293749623 0.591059116709138 0.6087530248960467 0.667523293631155
0.1954494810001137 0.24116946829485855 0.25698017632759385 0.22966457288841124 0.20132808024126092 0.19256774303334234 0.1309493132019 0.08650252658454405 0.04715798212295592 0.09846536054054551 0.07569820846321461 0.04989122162960936 0.06106116016498414 0.08650109047021064 0.06788970619388747 0.09308321255405547 0.09859332436083026 0.11990021699133219 0.12614075658279483 0.14505802929032646 0.13893383046815796 0.10465185327518704 0.0752759544677969 0.05894554360526676 0.1021514259499195 0.10780670061042553 0.06461009836126204 0.07011163450169283 0.06582557111804371 0.15632503127663322 0.21360423183608804 0.23532086553795192 0.29319619747541753 0.3297240593697978 0.394882665528846 0.4130024255803088 0.4893517361369671 0.4876185046054209 0.5078018867880366 0.5221034278640758 0.5391604728590038 0.5773965347619289 0.5889165775872869
0.21385028031820252 0.24305273364010238 0.28159286507876025 0.25620248540945284 0.26577821805319873 0.22562634975359197 0.14234196230580584 0.10300766752475 0.0799953400442972 0.06860438388879508 0.06226324908204162 0.0720352702703239 0.010818629663972847 0.06545442716008074 0.09061595827183945 0.08444852910908333 0.06931982746151243 0.0919050840255081 0.1502733370003784 0.18087720373011118 0.17630666638362744 0.12337478681242312 0.05965756772260557 0.09228869903198271 0.0638896666189091 0.06448474506752783 0.09103604820746458 0.09888161117626282 0.0693647375636432 0.1319846070075587 0.21068244594420232 0.20355511597647852 0.19767913278688426 0.26259425544588033 0.33992683645800426 0.40438553105257186 0.5144224225658081 0.49515915918391684 0.5177750924141757 0.5374993573221669 0.544768882970849 0.6017859662871176 0.6070778319137491
0.25746915796410524 0.29536302090801647 0.31928947535769486 0.2729040915979453 0.24542685163966546 0.21456886617584217 0.19307176271555979 0.11474885358744154 0.13781893949724094 0.11496984164402284 0.12277745629719837 0.0787381104802837 0.10661785532028882 0.07637147136728542 0.10242927148059768 0.11719851397831133 0.12961097564948593 0.09302855203784444 0.1282942725028625 0.16398474652399486 0.16400966063955358 0.09848122200195696 0.12348067647949247 0.10046828100589071 0.08568195110601512 0.12363793777094162 0.13841148959885702 0.1435706450821835 0.09866351607759113 0.13688744675335524 0.17305165696444383 0.22843928709367056 0.2435174750250829 0.29868500875222576 0.3781121821693658 0.4206680459561557 0.51354253733714 0.5432932946666634 0.5221390322022351 0.5436959314346231 0.5993333688638363 0.6229874094331921 0.6546910740585774
0.3092684574218468 0.3099508001165389 0.34203808339176706 0.29520926058534824 0.30494894914215914 0.2809163832123923 0.20788926736865312 0.17623882537947652 0.15682033633078224 0.18216860173356106 0.20047578995335494 0.17939544237959099 0.13891545826552174 0.0873075670083163 0.10266510443257308 0.16195890602211585 0.12626189082781336 0.1517789370396291 0.1330600597422658 0.1825833060792578 0.16038684201886957 0.16981590095268945 0.12584640336967612 0.10690494169027873 0.15428760768158978 0.11242796905069424 0.1610207124200755 0.1391239549633589 0.12848276760316454 0.16826374802182623 0.1866774528321227 0.23004961121552056 0.27454117336293055 0.34198222460486155 0.34730931625977535 0.42300648652391865 0.5065822619335547 0.5154053500756494 0.5901911598577242 0.5710183712027628 0.5771319994461439 0.5928147596925051 0.6440605390417089
0.3309182349433115 0.344353668708707 0.33754519469551053 0.34769556996672835 0.2891014639498154 0.2804275415738383 0.2363912812587782 0.23383137526662315 0.26017237179464087 0.2318806203680756 0.27759991606490597 0.20796057165848889 0.19717245326785335 0.1551611291729013 0.18250192596417714 0.17646948649867916 0.1697240542123794 0.13482303741356724 0.1337263816887024 0.1763931028195443 0.19387883412157988 0.180171673687234 0.14828979110869622 0.14672979993002985 0.11769755439919082 0.12578087465027335 0.1374733604329401 0.17566376515860002 0.20455972752791815 0.20300735256387373 0.2673015821539795 0.25360860170766664 0.25409532179861666 0.32211002836279795 0.3652175978322951 0.45202079644140714 0.510079255988328 0.5354754409777351 0.5280870194509416 0.5823069171963606 0.6238103601541487 0.6419994977694633 0.6143482442370096
0.394779750240228 0.39081961879221283 0.34035775156560755 0.3266261859224567 0.31348225602917495 0.3167697545232036 0.32034967720087076 0.2935889864231109 0.35388088029394954 0.30456418777905203 0.34223622366063666 0.2988155211419894 0.24388263852108807 0.18339940433243385 0.18608342501209324 0.18049136926560494 0.21410031826030318 0.1923858326648495 0.1735864807637347 0.2008470459300808 0.2033992627282466 0.18424747233663538 0.14924395146789007 0.1675361037950219 0.159240083445184 0.17454711796633957 0.14794540770252704 0.18772952080118596 0.21843282369553688 0.23161357064009316 0.3027879571818621 0.26226946068438495 0.27028918555607184 0.3089960830362662 0.38040813080737773 0.44681253933305665 0.4958062006034013 0.5444619015901493 0.5250677689629529 0.6099848247370518 0.6466987928753142 0.6382675906778235 0.5959009512733973
0.4007508952511289 0.36252101062666914 0.33441621154472884 0.3321579616012766 0.35823946922278044 0.3649428588410632 0.38293817177625306 0.3888168947629535 0.4123399780322758 0.3743591799076426 0.39758503659489747 0.37816989837412446 0.30870567743679234 0.2759253164646465 0.2679264853847962 0.25239008983749783 0.24383906619299245 0.24172795573486106 0.23348959394777283 0.2112517684585703 0.1808051261848982 0.21184901788913274 0.16006586219437421 0.17162485743312486 0.20755122671175646 0.16519341252553293 0.18001255067728097 0.20108634240677564 0.21627923646490912 0.24064478064277114 0.2621691182838929 0.288133653230563 0.32966745606785536 0.3356017194128953 0.41816122210741435 0.42900651960857245 0.4860783808798848 0.5446180178405665 0.5582074852932799 0.5680016233984917 0.6349796875267866 0.6352674911322055 0.6179652032210129
0.40397707733803795 0.41334932051577866 0.37155085967004237 0.3626870654275202 0.36923348489154295 0.39510941819345696 0.3640878254401603 0.4063008319601763 0.43439155405658125 0.4316494272661933 0.43798107962789 0.4260910073678042 0.36426661782133296 0.3474739336693362 0.28753538431395115 0.29055731838645404 0.23905967163856448 0.25334492952526966 0.3003697679139886 0.24210073281521885 0.20194296959957453 0.23412537114243054 0.17854577427654544 0.20616592983794407 0.20684896071448242 0.21118593751059073 0.2267235366257463 0.19274966073464883 0.24229108655616494 0.2610535099422421 0.3209970846573693 0.31861443667596334 0.3657021412681259 0.41582806993422566 0.4195096167632924 0.43716208408423074 0.488636384477762 0.5298837157752909 0.554490250749577 0.6112347237757111 0.6456314019438926 0.6093372589049648 0.5809968337872918
