Raster_benchmarking/DGGS/continuous/raster-101.asc
NCOLS 100
NROWS 100
XLLCORNER 1743149.4229310576
YLLCORNER 5469286.589517048
CELLSIZE 10
NODATA_VALUE -9999
[rows 38 to 56 of 100, columns 0 to 42 of 100]
0.5436360781942879 0.5396986400865222 0.5531884259050622 0.5734134211493063 0.5590467841573461 0.5615608161676777 0.5708579512514608 0.5704707049482324 0.5695896459453905 0.5835678754987479 0.5914344545441299 0.5768575472114797 0.5604898089262661 0.5623822483489551 0.5715792296490018 0.56212428192649 0.5553434800706764 0.5230416580260066 0.5420312567612896 0.5229822931475604 0.5177717167066078 0.5314318729258368 0.5199247551686748 0.49246097857080545 0.4603686256910437 0.45318214471336987 0.4306755652272219 0.4379442122915968 0.43125417799946136 0.4423072693728171 0.444939705450896 0.4332403196632073 0.45579325900129775 0.4581986401661121 0.4344217913904651 0.44646202150872366 0.4300296302205381 0.4257062318610995 0.4215428636749338 0.40320715757570624 0.42078269958934433 0.4158107640930852 0.4047792497128844
0.5414776289862688 0.5201775831079022 0.5429492772533145 0.5399408581205569 0.5721617559487717 0.5752739558373775 0.5755192711940385 0.5754580201572681 0.5749215843835088 0.5943681179431388 0.5844162412308707 0.579699675776802 0.5668027140188061 0.5379187278044831 0.5382244568050321 0.5631885105107806 0.5416560111674057 0.5236108253046239 0.511379720618424 0.5071401958624878 0.5228543135226108 0.5154987087632217 0.49966210374897946 0.5182560976016706 0.48096576531227786 0.4395183169727338 0.44205468216552557 0.44844959154467046 0.4476781071103017 0.41179073536768895 0.4012028036439235 0.4110401355319915 0.4262515082103003 0.43404225986764094 0.4396181700174069 0.4263180790003775 0.40676611366467014 0.4035558737070678 0.41243088935760636 0.37762420986836814 0.41143948872840275 0.420414358030626 0.3905597582608396
0.52187393869364 0.5278069009984754 0.5300539193340413 0.533280274185202 0.5603590952718247 0.5559010831751497 0.5692825549963414 0.5623804344857823 0.5499245707811354 0.5592431455885127 0.5520773194288473 0.558772654708899 0.5201949644108756 0.5328328769727223 0.514099705330283 0.5234259098734063 0.5481296849750039 0.5488759753279517 0.5332630759592591 0.5151885987864337 0.5174727631906212 0.5134452757819681 0.49613592749359564 0.4829605371128472 0.471532667425833 0.4432639725199973 0.43851844615342234 0.43016315890254625 0.43364743220246144 0.4014705544511352 0.39984929425199073 0.38958544012483015 0.40100569559002797 0.4185422153592894 0.4174625882999485 0.4242248717407905 0.3986539999681078 0.39985678557317517 0.4220555222438933 0.3974889279950389 0.4079981136513111 0.4195524108933108 0.4089508406804787
0.5319593518475795 0.5316699024495389 0.531273520807983 0.5265057545924643 0.5438208825248 0.5742748152144164 0.570932917679702 0.5491322354719136 0.5494459174781484 0.5215723537423979 0.516786521998837 0.5154155096496013 0.5197604077456819 0.5088617019791223 0.49628413434330254 0.5129741836957503 0.5160802542991095 0.5371598069090873 0.5244817856404193 0.5281634195587513 0.5062499571684905 0.48050844437313744 0.4633942304199031 0.444998041792543 0.4326792008610906 0.42094204482774245 0.4196864397783283 0.41559639065244025 0.42075333427440986 0.4135115719114101 0.39111299408633204 0.38409842472168376 0.39894908517345573 0.3965128313982321 0.39381639866504475 0.40494913040478253 0.38357580571651106 0.41322072986227587 0.4349228301144767 0.4350226888750008 0.42259374537684563 0.39808662432204994 0.4156012619678342
0.5412207998175143 0.5421774515230213 0.5270008052064301 0.5442445613940444 0.5403552779786938 0.5290452521284199 0.5541206241161446 0.5591713103481597 0.5447694549882054 0.5158770914101276 0.5196255545800722 0.49252392532948464 0.492099182750284 0.47634936850994547 0.4998462090212549 0.491885586686368 0.504460692225557 0.503413286388616 0.525731465025873 0.49135189860186357 0.48552591723963295 0.4812449416369142 0.4426715988392564 0.44521188511937754 0.4236169075697819 0.4134974393814929 0.42955534870395 0.3937028017223244 0.39125016699269216 0.38809860138915203 0.3787905355506407 0.37087268873300994 0.374174359958108 0.38780554556400754 0.3908400487977566 0.38010067100782113 0.3883685106036207 0.3895080377490748 0.4164673356113836 0.43996012535984064 0.4169973337920203 0.4146868340025082 0.413316408473778
0.5451790736229452 0.5496321778692658 0.542122120549908 0.5326570231344578 0.515805095685944 0.509334193920809 0.5190766687718363 0.5372714552271691 0.5323477203067127 0.49822188469937423 0.5050661439206594 0.48544176878357354 0.4839989025314686 0.4680248910421862 0.482379451738265 0.47807083688047486 0.4774907330512862 0.5005383829511959 0.4949150420650375 0.4878389135428565 0.4672782364388416 0.44351974635669916 0.43604065739303793 0.4249744297859375 0.4031698856562236 0.43154566157769036 0.4293075863171773 0.38401682667252557 0.37687060999948785 0.37341497719567324 0.39066730256323445 0.36155329254979374 0.37373360118429166 0.39913567478024914 0.39822802819533015 0.38360514454205236 0.3794369543924872 0.385379899532942 0.4216354754181267 0.4382769799068992 0.4428911379162414 0.44247398185416165 0.4242313193323627
0.5232495770343966 0.5191229695951396 0.5488742805532565 0.5418331432639013 0.5011952422881909 0.5060916614718446 0.5120609398973213 0.5048277684744943 0.5173556392545934 0.48597953718871684 0.4994026599702942 0.4591549292858434 0.47030844592464516 0.45501485417640336 0.4381039839692579 0.44917144361411127 0.44115946439178333 0.44215754326757234 0.4638604569203497 0.46511467569432535 0.4358298731854258 0.439506244522256 0.423927282346905 0.4154060172979921 0.4052120860791804 0.40211543389052834 0.4152416396446874 0.40347137915636955 0.37045542652859514 0.3899853177846838 0.3797973196169105 0.366435231543087 0.37082620738672006 0.39629307971597777 0.3829743209390929 0.39875846058665415 0.4198943562608555 0.3961854426137964 0.40168124543416356 0.41362092742845435 0.4131436581944298 0.40656544133569905 0.4219071645565391
0.5286231295586029 0.5256595903129588 0.5325692945122793 0.5286356561224852 0.5169682769642292 0.5052831115818365 0.480235987219849 0.476977372510495 0.4894535857055211 0.48884719712386865 0.4707747741605247 0.45331140106647394 0.45360321765628464 0.41112670881332775 0.39988454009414437 0.414424187659896 0.40494350546035096 0.41548950341823626 0.44580265211046377 0.4445892289383142 0.42262984091765776 0.41016317144618714 0.4117361141160499 0.37242724798733096 0.39886325520151233 0.4102185712784961 0.41397464322561717 0.39141578658067583 0.40129830795863 0.38644806560713235 0.3806305296579817 0.39244671126210606 0.40441437821321075 0.38486247297360726 0.4212526368151316 0.4235660105756069 0.43734929781524085 0.425961408287898 0.42320548118462126 0.42612696995364474 0.4247159154638346 0.41493180070868446 0.4154772130685343
0.5219734193384917 0.5039928637718065 0.5015274417349852 0.5173572343738267 0.5066349443765069 0.480795150407216 0.479331663728294 0.48607114885315034 0.4666822803488815 0.49048659150171176 0.4768522635682787 0.43383926124536365 0.410413048724146 0.3898666453534273 0.4081976254869544 0.3852305299833651 0.3880551540619173 0.3935926177939698 0.40854937115843537 0.4072742671774301 0.4179650788031714 0.38699602136998607 0.3927416199862668 0.37363453885584175 0.38488177387747535 0.37681701691154756 0.38895760036401306 0.3828758637087232 0.4014333141430943 0.39318672024353046 0.4208445370076122 0.4266003295180465 0.43458765996034854 0.42312382152399125 0.43483238414511866 0.4276108840726456 0.44117492779699974 0.42479020110879817 0.4219033610771597 0.4314358677669628 0.41404867392970374 0.42571377130830246 0.40926915057547314
0.4960598773479714 0.4992991778214896 0.4795928018060153 0.48978866255123876 0.47554152972946895 0.48210359675538195 0.4875051336597342 0.472544671946378 0.454670149160317 0.4822082873746827 0.46986208849515165 0.4333896971979415 0.41704920767733417 0.3825134161849019 0.4086684847898347 0.37035349869523326 0.36437121313803106 0.36431523413100647 0.395065009587831 0.4040187188338913 0.4162476426389255 0.39170034133365933 0.36781542002210027 0.33411039146128896 0.36345180212431055 0.35223220597903265 0.3839032595899415 0.38625834768289036 0.40215519766173724 0.4374036188400762 0.4515457487399513 0.4615272999751545 0.4483161528924642 0.460404947206148 0.43514590361530925 0.4472632254800725 0.42166304934087817 0.412019739060124 0.4127431570463149 0.3961009827754033 0.4000356940210328 0.4117292568843725 0.38083040544944985
0.49176411998842257 0.47453342108672925 0.48771194586158784 0.4720637123629063 0.4676137975744484 0.44222438653424745 0.4428502294085068 0.45713192726409435 0.46677030424492494 0.459753167645505 0.4217840360739502 0.3971770679043202 0.40323422445296114 0.38635250088005707 0.4070587408578437 0.40105707703163496 0.3982258950425316 0.39646640804176403 0.3792733065865654 0.3963666829258996 0.37763025743477263 0.36964684907896245 0.35123041436121005 0.3575189147032577 0.3555991360676601 0.357602813436039 0.38452427545945167 0.370924681547988 0.39516541946700695 0.40850668133342233 0.4270193793301242 0.45642214875502646 0.45570091397019813 0.46010281517916324 0.45942270679935115 0.4294906140180285 0.43024388132621 0.42869955080470373 0.4217357239961555 0.40633975112209625 0.39643130245368935 0.3768713084780546 0.3546311178531578
0.45544289600076937 0.47240923457228823 0.4688198692532455 0.4762806229869362 0.4538006401684925 0.4446952705127357 0.4359859587402153 0.43176713478266754 0.4402034620752545 0.4268427422955193 0.41291246765701395 0.3941213059603961 0.38225371333843683 0.4007845798547747 0.39544705690352666 0.4119231588073523 0.3761512387675852 0.37427701373353683 0.3554557277146593 0.35307673129177286 0.35494397488347557 0.3557212268041318 0.3579044543813379 0.3794453544508173 0.38876613702780394 0.37711434865800936 0.3863028864733467 0.3786198959045168 0.38334797517783537 0.41022408899329343 0.4199778539539068 0.45454247883756865 0.4426299619017072 0.45082311726064855 0.4440206310252945 0.4130065994653381 0.4083280317646238 0.43619911843052434 0.4048105402108167 0.3988253525640672 0.38327180005811834 0.34617192380189393 0.3222050639657782
0.4542479309506394 0.45540176257733805 0.44949800275956153 0.44189219074596386 0.4383809268717602 0.411915710531228 0.418487485177026 0.38774883785057623 0.39411815228766606 0.3849591346373187 0.40213773908843786 0.3779321393272304 0.3781510203640674 0.383337725819059 0.37632646122879027 0.37783788517228567 0.3875138913196085 0.3683263632930048 0.35185314920490096 0.3701348534327413 0.3448318910086926 0.32926749055210447 0.3421126242854025 0.361962801080401 0.3705526338721268 0.38738512451593804 0.3751516781011054 0.40238193980006554 0.4170074467963368 0.41259152794531884 0.42418464482934687 0.44666508594131 0.4340581125780858 0.4339292415002904 0.4230573516469206 0.4101369614185179 0.4134236841247721 0.4114090951328134 0.38889375163807194 0.38720300435041727 0.36962912956416033 0.3376319928525155 0.33457946454641135
0.453016197413018 0.42769998711420204 0.4447439313273335 0.4200682733907069 0.39970488445927566 0.3938537485437908 0.3816332406305416 0.35839921572394345 0.36590128444112696 0.3888895976042349 0.3782200670395853 0.3888564103423942 0.37691293508173745 0.3682301628345676 0.38785877074909747 0.3923272398961055 0.3795765059847076 0.38158400582034335 0.35278821983678044 0.36459350634604976 0.33321317159298325 0.33593973006523115 0.3448542178048547 0.36895076436700325 0.385212512421384 0.38068626567879904 0.37545748938411727 0.39849556304201983 0.41371909999764844 0.419288194471958 0.4156064319180831 0.44472342850759333 0.43976898867270936 0.43175962811447555 0.42402875022789155 0.39600742532831257 0.39179529253157425 0.3941077982899245 0.3790932290883336 0.38884495647005757 0.3703287477778882 0.33412313380661707 0.3384423415614904
0.4496629810403378 0.41763294696225306 0.4224877769215606 0.41174703233579996 0.3880091148072031 0.3810573347467177 0.3500063226713105 0.33874727502460145 0.35656234840843165 0.3448078601100892 0.36215094129858405 0.36691484848464767 0.381510306502648 0.37355874269194317 0.3843188604527639 0.3881979529080718 0.3769157421557798 0.3850101050029644 0.37350647472732823 0.3689624769690498 0.353381203329964 0.3430967155673034 0.3582215873817974 0.3615376656010246 0.3568889548139154 0.37797317784883605 0.39389712917140585 0.3790354105497349 0.4165694246967529 0.4202396159021927 0.43163069501392054 0.43342582988218037 0.424441794046528 0.41137051985157363 0.4142420333537184 0.3939475948333996 0.4181194915472407 0.40583126755610427 0.3825041872120366 0.3716088018192301 0.3557864057354834 0.3331485542919872 0.3230009080064383
0.4410563375647346 0.44021111222393566 0.39371872426844107 0.37045175400079355 0.3874641151466325 0.3763208178807176 0.3567552017582899 0.34339563932804246 0.3300016722337359 0.32887206713922235 0.35771622261554537 0.3710009410139121 0.3947848030449528 0.3966920925082142 0.37401339689422447 0.35931574327813026 0.34083220941985665 0.3587807584813161 0.3557911170769118 0.31655963327715503 0.3461814880906724 0.35800524859798427 0.3432809691454106 0.3674494420403259 0.3607797263916259 0.3571807418547229 0.3674663563207224 0.37765372283998083 0.3737607680272779 0.40348504096414145 0.40293729760392527 0.399053529029615 0.39326016378907297 0.37892545114592846 0.3814621949796839 0.4159911282682501 0.40986183366968737 0.4030230465988759 0.40187406189065206 0.37705494697000363 0.3781137532971415 0.347216736787812 0.3214634335869476
0.4366877283554345 0.4068142905244776 0.39504247050321767 0.36740278078005073 0.36623315343419677 0.36149898618043236 0.34951030507238506 0.3192349985036651 0.3256802041371213 0.3238592997792257 0.34349201709048344 0.35922089313140365 0.36146126106290427 0.3858574683248253 0.3579181704691346 0.3569346367160864 0.32411832031242416 0.3115052126101001 0.30860424445343887 0.3226029795536137 0.3168159712584759 0.3525167324029028 0.3471932368899015 0.3573975286491525 0.33647528780967895 0.3376095867582279 0.34438077330108013 0.360938616008033 0.3700267123429027 0.38801898118143624 0.381578845310361 0.3955807640217962 0.397055165937378 0.3871690182296079 0.36957669979305435 0.36888051363097146 0.3857966983283842 0.3870724438931219 0.376755717874349 0.3827865071012432 0.39012298950305685 0.3558963789205082 0.3521861143794223
0.40465740176119025 0.4089948068466689 0.3665867914756746 0.3514495254231815 0.3555217759493101 0.3530072684434651 0.31583053145458434 0.283783196078262 0.3232221656855019 0.3067737620167625 0.34681888047580955 0.3449220957978631 0.3443810392413582 0.3684991038140025 0.33395565139061295 0.34545439488481333 0.3160774570207224 0.30474838239320684 0.27916364840589664 0.2966790967446256 0.3209971283897872 0.3579753936962322 0.3472477547412518 0.34843227151517847 0.32142039167041314 0.30821756456673916 0.3153595818009388 0.316025139736921 0.3352598418534811 0.3751307794033867 0.3621836858836094 0.37292378601428794 0.3883601356148606 0.38101214127388927 0.38051123420350536 0.37218599055666435 0.37771256215263704 0.3911701687616651 0.39483302764200323 0.38762477257521555 0.3832563436186186 0.37684114462243323 0.3521981235003847
0.40001360267359193 0.38220904059349103 0.3622737890924037 0.3412333973508491 0.3421399885114834 0.35385988174252947 0.33790069278624363 0.33134222586041717 0.31374463089916044 0.31816971495435864 0.33595617975395903 0.32223804647888316 0.35339573010699643 0.3296208673220813 0.33630414283928567 0.3144110378895071 0.3152812489323276 0.3024701570545446 0.2802492283700856 0.3058569526295733 0.3122876917646613 0.33892605029500056 0.3302552109904314 0.3461254702826586 0.32433920241097147 0.290678955217451 0.2906730468238177 0.3082852319357623 0.3210295912972502 0.3412055598346283 0.34259439277361114 0.368403440211128 0.3612947140615544 0.35449384854718596 0.3641274923633588 0.3618467685636719 0.40165330612767014 0.38588364392267543 0.390215846264894 0.4021220223927942 0.3996560700693905 0.364199893021829 0.34652324733172846
