Raster_benchmarking/DGGS/continuous/raster-284.asc
NCOLS 100
NROWS 100
XLLCORNER 1743161.0680468495
YLLCORNER 5469279.301018982
CELLSIZE 10
NODATA_VALUE -9999
[rows 0 to 18 of 100, columns 0 to 41 of 100]
0.6982114054249626 0.6951314156112574 0.7120275920192365 0.7866280234242383 0.7980003323319198 0.7995328622953222 0.7995680911204586 0.81130754881632 0.7986720592790826 0.7560353740892777 0.7516763880282504 0.7179093691867483 0.7199514222675808 0.7118400930025801 0.7564593385450364 0.7535056654471812 0.7588647569635588 0.7922369938451482 0.7859474493613893 0.7735041055017575 0.8275509917433319 0.8322560147264834 0.8222139358080471 0.8682232369305102 0.9089597613485658 0.9594606564804486 0.9140278059853681 0.9394130409214986 0.9273625413093152 0.920353189765654 0.9166308085006315 0.9099180269771667 0.9478619099711262 0.9770057866315212 0.9695803998511514 0.9297747988421102 0.9794522883956414 0.9737826326956748 0.9451715346666699 0.9326681558491767 0.9159795837503327 0.823422534926699
0.7133884688475202 0.7309183885167082 0.7320492097419716 0.8048639274720318 0.8044287011562504 0.8211400690570605 0.8131326231327299 0.8185969554262802 0.8091959828325895 0.7405163954625394 0.7373480115245254 0.7300667258296836 0.7190920840152621 0.758999788819291 0.7524237478877938 0.7829968305081673 0.8061807280459228 0.7987636396679231 0.7929256158008268 0.8074857068051736 0.8408555371088952 0.8208964345586858 0.855681009597563 0.8827450300340531 0.9191302439777148 0.9205836565077908 0.9354184037471126 0.9266027584249997 0.9149567783243581 0.9302956781988834 0.9334821933014117 0.9377843798173198 0.9489845255983534 0.996150277632802 0.9846624681393543 0.9810067171808347 0.9676295850583145 0.9607568948053669 0.9180490234478782 0.9359851981577212 0.9171012411307932 0.8830848837593646
0.751161334766332 0.7292912976308429 0.7832674539183703 0.8088265748329843 0.823097389810097 0.8631162036427563 0.8633792532089309 0.8236105352008014 0.7766882056510517 0.758931090475468 0.7663181005298276 0.7418237109905917 0.7524513614765711 0.7998669184544094 0.799039556029217 0.8272121647664225 0.8122470955679009 0.8525292250383792 0.811688875822474 0.8321716058942514 0.8439024681954838 0.850463462288274 0.8760466474796491 0.9388201933385 0.91626621786931 0.9235339500099756 0.8954268361882594 0.8996605592741495 0.9152876603177105 0.9563809840958754 0.9347668049123838 0.907819430582939 0.9654117252462429 0.9786591774310824 0.9802615111065037 0.9571775310172216 0.922555599684498 0.9100038321160234 0.9214063697516665 0.9276247407350783 0.9199750174502072 0.8963572363606847
0.7805073068056506 0.7575874777553189 0.7698275237931536 0.7927261095710707 0.8244438294250243 0.872039724914673 0.8560426317357495 0.8366860037390856 0.8114951609694111 0.7869215504776215 0.8064864382981974 0.8104977657191595 0.8023324917237958 0.7979342568159954 0.7949093751632774 0.8034994894725346 0.8205051854059024 0.8538084740847043 0.8302030656236425 0.8579266841465432 0.8579478303624559 0.8797977631452459 0.9068636307644785 0.9487418143490582 0.947510786370824 0.9152923642791139 0.9198283079632731 0.9322823448339335 0.9285199924023521 0.9510002060357429 0.9528407942793219 0.9441365427474693 0.964711309248822 0.9578841760205046 0.9247686240823367 0.9379605806254563 0.9213014999828237 0.9126299104734847 0.8939340273101868 0.9212190201508325 0.9033401217772004 0.9070589853909058
0.7905457624366128 0.7952454754422615 0.8192566135319508 0.826100719009601 0.8669215431665854 0.8682313176506826 0.8401030689638614 0.8395306002591357 0.8160211979795704 0.8486625614571794 0.8274913625846992 0.792702194284915 0.8334434263373579 0.8192215684782069 0.8081784649374741 0.8049175024069721 0.8437755365376357 0.82427724961235 0.8449619388987661 0.8663995085801507 0.8660186339900082 0.9168400545664676 0.8982805057291327 0.9444846866503472 0.9370446461873195 0.9270675447820909 0.9257676884712476 0.886117253397131 0.9485021880237865 0.9543536754367947 0.9530030444592267 0.959543529575949 0.9237799183299665 0.9381693819525221 0.9000495957043865 0.9133419431939097 0.8998660830773096 0.8843148971901563 0.8991297248253619 0.8942886473631787 0.8947857891535471 0.8969562293629899
0.7845624932353038 0.8263277070773252 0.844230263540307 0.8688869863145363 0.8509067590497378 0.8698059115274968 0.8865215412716233 0.8663419240811536 0.8517783603972356 0.8820948416500118 0.8630725819491721 0.8407760769071982 0.8510062592427237 0.8277758348097062 0.8630125004364654 0.843869201318911 0.8623618385369752 0.8414591382586307 0.877130666566985 0.8872573974358063 0.9113395673351393 0.8988901728474473 0.913066261995023 0.9261972859617131 0.9356102119068578 0.9384178058667348 0.9141769255910422 0.8983265899403409 0.9376781787746962 0.9408551853888925 0.9492213803985587 0.9232158003130444 0.9219045772581054 0.894706144625595 0.9241765757685187 0.9169713555679686 0.9118534546847499 0.8903512308957404 0.8935823279398799 0.8849808686628658 0.8768290306398104 0.870090299286055
0.8044657206149463 0.8214880133996144 0.859599280830133 0.8646528613505543 0.8889390775448425 0.8588254669896014 0.9067342163585803 0.9064550533893538 0.8920749299487442 0.8876464728308764 0.8551884622995928 0.8587254434685986 0.8484939109626811 0.8754969489773313 0.8861207766219272 0.8535438394942402 0.8646739308919387 0.8942627725695474 0.913771452798641 0.9287037955817434 0.9291516018181112 0.9263388782552806 0.9368901433867471 0.9400314906233966 0.9060002631123524 0.912051533794504 0.8910073365816825 0.9314613753819334 0.939871261878135 0.9773431167964838 0.954179504838975 0.939277795376628 0.9371099514253382 0.879492872379373 0.8988895300771095 0.8937346652463241 0.9034654071913581 0.8643798833894321 0.8889295716840941 0.9162914657794361 0.9048821725248692 0.8672858020071302
0.8458872377492521 0.860139180500968 0.8408088805672878 0.8470167996564851 0.901449172223467 0.8945387900985086 0.8976065840746649 0.940217704664646 0.9450859014208616 0.9024174454062603 0.8736276311260492 0.8922063646129955 0.8984260580374491 0.8710894379682866 0.8911440780817679 0.8551893667725817 0.8873001072591066 0.9036058530196869 0.9430861635572252 0.9359663348065367 0.9346839950600468 0.9661592664255103 0.9707763604834118 0.9495024883578816 0.9292307261418832 0.919779117619857 0.9007562819092939 0.9348007114609832 0.9248355747028509 0.9366739230957742 0.9180035001529702 0.8870554430691767 0.9106021266057042 0.8894756626079567 0.8837282618430606 0.8623557092239592 0.8558455265047208 0.8606559330790868 0.8629658746719564 0.8990812360321218 0.8951670285898199 0.8564397746538872
0.8110376729786213 0.8389546597206949 0.8451766806708456 0.8614230492250912 0.9200772894885167 0.9505485908625968 0.9422289057349855 0.95060690442077 0.9506493367192871 0.9496817953436882 0.9159620276860574 0.8831415426745393 0.8980333612273871 0.8812221623399608 0.8747254213819445 0.8735398438447061 0.897202906690904 0.9779248243079933 0.9489292321978712 0.9747509680137242 0.9877003014607574 0.9908362991365535 0.9755810045855062 0.9557532298015206 0.9271075288788724 0.9303739387998993 0.9069600062131163 0.9023726566316086 0.9140021896655848 0.9584437917557399 0.9311695981898788 0.8773847065463865 0.8670823140373659 0.8512955889494739 0.8714940346370256 0.8536699337568134 0.8445531751711852 0.8371946748021645 0.8435510444331521 0.8532991045260501 0.8710267153970482 0.8898956443623597
0.8120181921739765 0.841003050348911 0.8450997291028068 0.8849358354969384 0.918855148808383 0.9293701842440298 0.9017064663552217 0.9281411582838301 0.9239003286716123 0.9647222807706827 0.9358714515992952 0.8884056646483847 0.8819083702399854 0.8916551589512506 0.8688158872837418 0.8865252869083189 0.9282138687341851 0.964210865663651 0.9779618032516655 0.9628799366705616 0.978717892351525 0.9910212901958436 0.9571904082596234 0.9383654217784694 0.929573070003357 0.891356677983043 0.913332057153086 0.8939431813799782 0.9193576302848818 0.9357741408122394 0.9047550289369614 0.8744083682458901 0.8541098082707187 0.8706421628740271 0.8679186468724694 0.8420773169909659 0.8507276893197135 0.8459371755889126 0.8637678402999808 0.8785019237683992 0.9004440731326129 0.8809819967772828
0.8266505170263595 0.853712761154516 0.8669554649819241 0.8841360188466814 0.8783615009380374 0.8886176674180828 0.8758419598867497 0.9124512646519531 0.9241412591621762 0.9578919140799423 0.9174816035935217 0.9215835919733297 0.9256578640329924 0.9244258350820778 0.8841891415074364 0.8943957731988581 0.8893768237270481 0.9063577332590185 0.9649520013431063 0.9881532195690398 0.9646748260571889 0.9926159821837245 0.9708384188067899 0.9062378193591943 0.8867135965713909 0.8861804570357983 0.9214943142030777 0.9251630804524791 0.9129416547476954 0.8794289165609722 0.8896940314335271 0.9109118575110224 0.8631523352884956 0.8701055964868913 0.8743859896071222 0.8427722964638817 0.8543397462805927 0.8066349835100413 0.858541235016125 0.889210507818998 0.8758408960664316 0.912103848585433
0.8141156948264329 0.8492758568208086 0.8432282067598477 0.8659730225464866 0.8813797267078196 0.8872785274784339 0.8652998113411685 0.8681395554873131 0.8994003460976085 0.9019597695563928 0.9321402797021963 0.9322336275436647 0.9436892608727928 0.9183447222497262 0.927652924828609 0.9125232112934699 0.8999513552576365 0.9150670872254969 0.9465863621887963 0.9847658172948498 0.9972170311748219 1.0 0.9470249823176226 0.9073647980204151 0.8776284513910526 0.8930667310275732 0.9056704591508175 0.9145097719166059 0.8855121564458184 0.8812895353865147 0.8777970068113535 0.8740791218864888 0.873707293024646 0.8618032087928484 0.8247064827125826 0.8055068732118037 0.8332149978935907 0.799065769237222 0.8151550986475791 0.8725310406505047 0.8703801315723668 0.8679612292234364
0.80822235374698 0.8376656948411774 0.8476357325875278 0.8202519127115406 0.8359078865753748 0.8684454052822691 0.8415324760378702 0.8798077137498833 0.9178800875440413 0.9125541360443851 0.9339101359190666 0.9512917092423364 0.9583235059656909 0.9662871718376278 0.9243238041980449 0.9077350556650395 0.9113655097977886 0.9171986405252165 0.9246113718240614 0.9331061945757282 0.9621300756944878 0.9890289339621094 0.9850315040587319 0.9475873968195996 0.9001686887381127 0.8661010981799895 0.8761291099198342 0.8703385132580427 0.8719788640376032 0.869072328904954 0.8293615468047006 0.806204990570609 0.8184459397054116 0.8155284299865425 0.791649360015957 0.8104248256365154 0.81662752550973 0.8145646710796574 0.7875517129796155 0.8223909937050795 0.856740203135475 0.8571096225121675
0.7599633717807982 0.7752576363643721 0.8298048636182923 0.8127256917032432 0.8319990197604783 0.823913635885126 0.834076921557852 0.870985384779814 0.8793012033069112 0.8589456604930685 0.9091582729928523 0.8991500380643114 0.9266065503393845 0.9162318811759449 0.9176252272786433 0.9118770390174958 0.9103141105826283 0.9157982909613945 0.9561132433381194 0.9390755994306151 0.9456998195385368 0.9687294244440239 0.9690516755876715 0.9609522646706151 0.9058781023821355 0.8973801068641932 0.8690088007517736 0.8555904995313872 0.8637331222002548 0.8338189466022142 0.8393342141728587 0.7911596481581458 0.766678636335778 0.7997756526091856 0.8021281997609966 0.7869292613863147 0.8020141137520249 0.8075860946359456 0.7943897972222588 0.7795263389181782 0.7797378412966384 0.781688207812153
0.7677696580125289 0.7490953901016671 0.8041100421853903 0.8363197274505622 0.8431135652462173 0.8215756546646047 0.8106516659183673 0.8241430933322395 0.823824687505446 0.8328180753861464 0.8560540567099163 0.8945047907657945 0.8922717064708294 0.9031867535576547 0.9154054999567203 0.956747796460322 0.9453559853237133 0.9475364815441373 0.9240367932821568 0.9262995700909384 0.9257372861531693 0.954400680048702 0.9689075795012896 0.9470728716754875 0.910457886323537 0.920821435566177 0.8624696102276406 0.8515353299062859 0.8694273925805327 0.8479947513858082 0.8496566460548242 0.7913850912361455 0.7711544811032498 0.7490726229069968 0.7811266643713475 0.7717405966535703 0.7520106583612435 0.7347451835402972 0.7501595895179046 0.7527802559992008 0.7370506702631796 0.7625438846706751
0.7462849796580486 0.7446985915514164 0.789761972391094 0.8108861898797121 0.8138588340012495 0.8562773302147826 0.8394944156321157 0.80129796701025 0.791622164191033 0.8115435039940201 0.817616805964403 0.8765057857108216 0.8783432485092099 0.8740510940994258 0.875399801560017 0.8779954069534237 0.9146240607640201 0.9400771207131708 0.9121051769478026 0.8816528143206255 0.8844339503590167 0.9255370516315954 0.9591436527719349 0.9628765637159822 0.9460662487263903 0.9089668301685077 0.8839125574317633 0.8505942244630582 0.8492268863131219 0.8686444157254724 0.8364888367705012 0.8192289924074042 0.7607684578233566 0.7760148113187741 0.7619642586780131 0.7307010575318015 0.7315798998919448 0.7536940751016341 0.7257830601127607 0.7561857216835136 0.7520032777174429 0.7288154152086407
0.7260734231088429 0.7606752818606536 0.7855585591107739 0.778389933278419 0.8417454178796031 0.8607298047907552 0.8340462297138114 0.7723220846936781 0.7519785240787507 0.7417756359308731 0.7853136531679062 0.8401324704416994 0.8244258616065788 0.8347549599370209 0.833415916794171 0.8643129569090181 0.9096708585826778 0.9502328435715977 0.9262640339614254 0.8650106317975259 0.8553475265141084 0.8923183158159563 0.9516551526950039 0.948832039681522 0.9238673477090855 0.9393505216816673 0.8951773143467441 0.8727479966992059 0.8715336254892603 0.890238433388127 0.8510384952215573 0.8076675131953994 0.7905776225594363 0.7551734493697483 0.7428318894816723 0.732887261917833 0.7181505596349272 0.7247118409444779 0.7165129687647807 0.7378577755502398 0.7393850506555599 0.7306170744664967
0.7423548084236584 0.7555051459530464 0.7881201187542275 0.8209005713669646 0.8349817597081776 0.844202027070365 0.7956244198387424 0.7651998369719037 0.7883713930136443 0.7763736748362313 0.7843968829859884 0.788396216303601 0.8117376751492515 0.8357670679711442 0.8429942824848949 0.8575272971572577 0.9131989916423654 0.9119807892718291 0.9060540921394129 0.8617925678683107 0.845924926888845 0.8864456069483435 0.9063220947697878 0.9208842167925468 0.9195427174635664 0.8838712127570848 0.8703798555412854 0.8516817231528337 0.8863619782643488 0.8502562889530332 0.855012176795346 0.8224196625648824 0.7609709214170933 0.7500811080912224 0.7455865717554451 0.7457572850497889 0.7257276248652744 0.6928217020783494 0.7274569241615648 0.7123280098311688 0.7541299974938305 0.7335794061654098
0.7484999722385358 0.7769056378688989 0.7713722704422499 0.809219483626547 0.8360927403895828 0.8504897664760657 0.8092351022873714 0.7663820475306006 0.8125605623920488 0.7960019630719217 0.815703844455045 0.7903596723515796 0.7895162523959914 0.8109454625518028 0.8319545130507886 0.8836270387795568 0.8956580888941643 0.8795287253966659 0.8659135064940126 0.8556910529355519 0.8465073476690333 0.8671923390121555 0.8942554442262829 0.8959204240433045 0.8539693320542591 0.8592459437462973 0.8425998750610372 0.8469757345502071 0.8387666124860448 0.8570602557267344 0.8154682165355595 0.7685298095821892 0.7666730313067963 0.7636491935856116 0.7571888931202564 0.7378202678577409 0.709110399725519 0.6913909520971844 0.6992236646137859 0.7283226317506923 0.7178759598607832 0.7513304026776709
