Raster_benchmarking/DGGS/continuous/raster-421.asc
NCOLS 100
NROWS 100
XLLCORNER 1743153.919795847
YLLCORNER 5469283.625949866
CELLSIZE 10
NODATA_VALUE -9999
[rows 38 to 56 of 100, columns 0 to 42 of 100]
0.2736949888873544 0.33271569303302573 0.37961417635708206 0.35224222825284596 0.3651267787337753 0.40039433802036706 0.3346883429010703 0.34823893847969734 0.34667057537911383 0.42857119976466607 0.43877288415589644 0.40983585037556874 0.4772114107079149 0.48916692653219773 0.5295795869138848 0.5377069800721299 0.5267911470253529 0.6064902607106056 0.5873915832213183 0.5792258196451409 0.6108235713624007 0.6205991592789549 0.6499144355034013 0.6896230992769574 0.7599963439129921 0.7801166110931846 0.754136089341048 0.7208469637717073 0.7173033805718553 0.7046864809812902 0.7230721172701334 0.7335375033524305 0.7626791729609946 0.7684471506019096 0.736189787554333 0.6771080904241625 0.6811298164539455 0.6907375456305587 0.6723880243673267 0.6819080501702566 0.5941090178314603 0.5827602336889977 0.5796363234192654
0.27895327055623087 0.33729548339784043 0.362125880767483 0.3224098682123346 0.384242339620418 0.4080132953617253 0.364747729286455 0.3556984697824904 0.33620508268208565 0.4256353843779568 0.4149153893226474 0.4042086237860236 0.4789404796135419 0.49987739409093407 0.4857517924621384 0.5003394812958648 0.5689922570210217 0.5977979483923952 0.5926312162312768 0.6221915360154164 0.595241447072555 0.6817260933662352 0.6780155580547916 0.6815297083791532 0.7571352255174845 0.6929552515175154 0.6860429077276695 0.6878123526932852 0.6892534531322356 0.7004867469634206 0.7329958916008282 0.763947096434028 0.7283362988216977 0.6592948808935631 0.6437917250018717 0.5943450459063504 0.5771825960201702 0.6193352546924726 0.6317230268062282 0.6703796802747182 0.6307477848543627 0.6039281986360692 0.6151172857978551
0.26488579243140775 0.3353788703632927 0.3835457023787303 0.35284486034703816 0.33455607450310415 0.34896196336774454 0.3339638477994339 0.34420660740555414 0.4106639845438332 0.41195258254043265 0.3553136115689015 0.37877617035948535 0.4042518114853998 0.4293981532329425 0.4664608683983049 0.4998175694530998 0.5310404472825563 0.6084941974356418 0.6151658029232249 0.6594445356429653 0.6737253827402271 0.7249810024139979 0.7424390793246723 0.7157012008966012 0.6856394569957854 0.6946999813891143 0.6889460534639472 0.6735043713273812 0.6949804817171157 0.7111327160426099 0.6625750183288108 0.7030451162196844 0.7016481735941261 0.655270215387864 0.5944912659818857 0.5926809275718398 0.5360313790049532 0.6260957148994533 0.6083138275627666 0.6289831821837982 0.645384639349038 0.6237869623248884 0.6021934858543174
0.2950469150094838 0.33541935628945185 0.3554292703388969 0.3747906501323249 0.37775376609940037 0.37817334774300865 0.34121255716672827 0.39978818107142716 0.41517723436103643 0.38492342416588116 0.3429768629439314 0.4148070006900552 0.4219053581662237 0.40520174801054926 0.46022666407028656 0.47328829246171533 0.5490210538027137 0.5835858359707758 0.5869617842976318 0.7076663293411102 0.7863698197641856 0.7072190157638122 0.7354417837706501 0.7272774318719818 0.6591251081666045 0.6224916362234899 0.605840878427734 0.659461653033788 0.6250893033559076 0.6717447041522631 0.6342773556605013 0.6833253308574099 0.663419523904458 0.6054437121824442 0.5702711749649728 0.5514857130553215 0.5071335592886632 0.616863578013459 0.6626638906287945 0.672764440808669 0.6957003466610497 0.6653640633589848 0.6342321290791
0.2751814149671092 0.28590606823865095 0.35805399883849587 0.3526439290080138 0.40109418087772386 0.3456159915561005 0.32213741546350827 0.3955492506229723 0.4013800883706661 0.36870704624832623 0.38290852977754186 0.38137902104905175 0.38672010072966656 0.43884937764562754 0.5025847266058162 0.5186554862582143 0.5977175282594089 0.5651211204250991 0.6607472088417676 0.6861910001790691 0.7070242593915448 0.7205909583598533 0.7208097771560875 0.6762531354335792 0.6687388740425695 0.6673351193461541 0.6388941256734646 0.6800408741598507 0.6501058408467293 0.5945341352871935 0.6264005545242022 0.6250751860919558 0.6354411635013678 0.5600369304296712 0.5693180727397403 0.5578216881769336 0.499682310294594 0.5637377027471053 0.6455289070061528 0.6882175580105969 0.6549268873619629 0.6163061196902628 0.6097879358493021
0.23170338403085133 0.30550976475371316 0.3458753180054228 0.37309225290439474 0.37369818061035814 0.31142371198818153 0.3292536859931279 0.3570566018171142 0.38193055234063117 0.3925136244735585 0.3945061255766195 0.41079049394334305 0.4031558032152726 0.484548078632119 0.501310290308171 0.5763781416175833 0.5987048670784322 0.6071111815836078 0.6751602580673973 0.6594877958745868 0.6925501690285432 0.6740395484114158 0.6863750087649577 0.7318140742734769 0.7703600889373802 0.6846010119052119 0.7065219964584752 0.6197892707947891 0.6448012396623066 0.6086840484679852 0.5889833287206795 0.5747530032995021 0.5762336876395051 0.5782563688434937 0.5326058951415196 0.5193783339537372 0.5153537697102092 0.5628257831205792 0.679655638860661 0.6144456619851051 0.642849635829623 0.6462594196684066 0.6048897178284461
0.252318136231278 0.22702375687606308 0.2576846971102286 0.28512711417649944 0.3209533799237151 0.33581128671132837 0.30322057517814416 0.3187026712556131 0.4007031721900427 0.41043730758330416 0.3828627160234778 0.38822564183782327 0.3826503844250621 0.4842256665988419 0.4887419049432203 0.5825639431980343 0.5801735552889596 0.5829693530609892 0.615469934330435 0.6957505171341164 0.7220957219350095 0.7327699488450052 0.7167354314915025 0.7794124517620232 0.7519479217711184 0.7539431655635274 0.7022118448290596 0.602047353846675 0.6218485801837575 0.5471592263043198 0.5753747319325959 0.5615201536920378 0.564259252661228 0.5879469465715941 0.5631483282728063 0.5861134822663413 0.561793961229365 0.619583170688686 0.6365519657430262 0.602880906869594 0.5974229632322998 0.6414452987637229 0.6082288811913594
0.24712224678794184 0.21993605019297444 0.21300451401476833 0.25453162827357234 0.24159419342495506 0.24372941808280899 0.2891615759197562 0.31620719520267926 0.3949967069795981 0.4215303300628627 0.35414057586601755 0.42677010216810046 0.39895942536478246 0.43895969989007005 0.5404752925674656 0.5719571565053437 0.537756688221749 0.5953483590240138 0.6246097087061732 0.678408088745706 0.7721888143487711 0.7684246446297496 0.7595778155255539 0.7760692768162204 0.7831858780921958 0.7084942498563286 0.6278470577441657 0.588106475367723 0.56383521465628 0.5407917050184984 0.5428798320703964 0.6165425296868697 0.6156467532107632 0.5933948102064037 0.5556487621248041 0.5452856516240114 0.5832611232576228 0.6358105816896922 0.5818680070485999 0.6523769192112171 0.6629415318271853 0.6635680890521332 0.6237874759443968
0.18526533466706396 0.17775521013868364 0.19998467297543254 0.20728935452793704 0.2749563807660895 0.2509787225634416 0.2901159565554212 0.3702722371229701 0.39028277660137795 0.4103568491732796 0.4289424878859923 0.4204515094155436 0.43625125323723185 0.4678273673371803 0.48183096964986066 0.5082167861205392 0.5165303760123332 0.6229009004229974 0.6896765692568921 0.755028405051159 0.7888668015233244 0.7774628064590418 0.8248214582916287 0.8123811073076304 0.782761444503113 0.7299194354409562 0.6857089811036815 0.6876872529431237 0.646587115128552 0.6189814715894101 0.5875697963648385 0.6691469898960407 0.6413224761462314 0.6020302560996651 0.6210034232177675 0.6029816040201702 0.6315002796254442 0.5961613599046641 0.6433086950977163 0.6582681873663214 0.6375470690886346 0.6761292994312963 0.6751170918939755
0.2048696363134562 0.16835505495452838 0.17821427025505177 0.22178380090974478 0.25179986045103064 0.22279263585601167 0.271546577060589 0.3427174692393349 0.42325693749094295 0.46969809258094564 0.498356263893991 0.43168984986949827 0.4195891883695394 0.46706385149292634 0.46524107859438785 0.5088789366543831 0.5609555884299828 0.7014576467556422 0.7570761890211135 0.7414557218016585 0.7389158387476151 0.7381360996667 0.8068184504312516 0.8294565624279159 0.7927945354359386 0.6874284985379352 0.6993637634713276 0.72493332530242 0.7120454621692971 0.6964979314525104 0.6499162097726106 0.7175702963732155 0.7061294428789334 0.6353614861550503 0.6594448017201224 0.6236315011772191 0.6793233185338281 0.683778146238588 0.6766594097132711 0.6818251101935708 0.6757576174685742 0.6406627949609278 0.6634602618305596
0.13739238526459388 0.10703327300640218 0.1637885852333856 0.15267489628241593 0.16732890106534237 0.23018060292775713 0.29685161395553794 0.33792853378887844 0.3992313860224633 0.4316311030300427 0.48917464375802 0.48004835974316884 0.5121151462502397 0.517367431689972 0.5163786528968954 0.6006415280663358 0.6644635983944178 0.7186808474428061 0.709362720533283 0.7236461876660434 0.7566787578817686 0.7832896204943095 0.7655799334033847 0.7681617838819863 0.7672032440865223 0.6868241712946447 0.6823796141392126 0.7056812685501972 0.7051934216942263 0.696896983502136 0.7089468273046045 0.7107627338479516 0.6859473041357993 0.7129488956956871 0.7278343505803901 0.6831594471483253 0.7007730496262038 0.6884372607954705 0.6576668525607521 0.6242084153540516 0.6395053817668124 0.6278527110188046 0.6504392037738722
0.06838244735437966 0.09437141185338273 0.09622143152410727 0.15221475499447776 0.16991902526561942 0.23206495079886671 0.33348585753171195 0.35763795154007005 0.4723046362032042 0.42398849452406245 0.42911062475986017 0.4479686753902421 0.5158533472706684 0.5403967905612252 0.539923613418976 0.5958426934407827 0.6809379394409247 0.7111624839595636 0.7743639241833842 0.7402897794445173 0.7690087004332739 0.7220017229836163 0.7519714978869826 0.7329083958759035 0.702441175389019 0.6866213439087835 0.6273577915654595 0.6870992705653327 0.6799800242394259 0.6695177343030629 0.6758173964740674 0.7392975693104002 0.7658363673807793 0.6896855954976447 0.7220674820980081 0.7213238976556726 0.6834767155526508 0.6722453458122523 0.7117217486201513 0.6338266202827773 0.5809705828946629 0.6164630944809943 0.6412289379894464
0.09731608717340694 0.08303049580686585 0.11227903702775033 0.11250610369594287 0.21751656727081353 0.2599866789949843 0.3465245485847288 0.3675675092763503 0.44984050458461944 0.44181454935047426 0.4567463615584511 0.4489809117193556 0.4635196114671628 0.51504220184181 0.5318717131348136 0.6200710771587673 0.6608760550411293 0.6747387592180939 0.698619815749882 0.7205525427990517 0.7277068585392437 0.714284117874584 0.7452997276460831 0.7220243064613547 0.6849565752307255 0.6313139272428209 0.6429261398961705 0.6313112856751558 0.6559319030268218 0.6813281925280846 0.6573998209364262 0.6806612355424063 0.7332465044177044 0.6820095012202101 0.6511037411877805 0.647008718937384 0.6734437016628428 0.6384444391208925 0.6801066961310475 0.6227619084027324 0.632274048829642 0.6399037669934432 0.5876850763867414
0.07197092218745278 0.06509690403705011 0.12359550547835466 0.10564851562283523 0.164423583233613 0.27068947457620274 0.3055338565010665 0.33223495580499873 0.41229714807415146 0.40841216971183725 0.35000020638437634 0.4275131706166732 0.40209078518784086 0.45561118074066886 0.5085285699373531 0.5469487662789773 0.6192994162688816 0.6189503459492112 0.6496228157864372 0.6487959288690093 0.7399788714936071 0.6766319528562798 0.7233097038352503 0.691140130697085 0.6913645410145935 0.7152342256307765 0.6649363859074303 0.6417447025102874 0.6105228123522048 0.6423688736000124 0.6341798101908404 0.6583123141075443 0.6788740056314879 0.6493377357035851 0.6722092097802196 0.6566047227584714 0.6547596324691872 0.6675357584937713 0.6636255302546741 0.6622904323068888 0.6288649485444893 0.641339964450432 0.5896981089467709
0.0203647913771563 0.07426020793657014 0.16210409348069846 0.16890914756134157 0.17388124884887543 0.2505993422898238 0.28293908635941595 0.32263401956472254 0.380987290582527 0.40176015035670387 0.38434060765898054 0.3513941918086238 0.3493180401523459 0.4446822958520355 0.4872938823159113 0.5429996253832613 0.6112914967488371 0.574301925289682 0.6160580650596884 0.6108026788309633 0.6592610147639193 0.6738295440854164 0.7110560276479249 0.6975762074591113 0.7256735072495498 0.727181359538581 0.6712609939630059 0.6790578363776686 0.6399196303370055 0.6350973649002117 0.6312620191578199 0.6341166922466699 0.6195300942060062 0.6736593969124423 0.656098581882552 0.7156189245371978 0.6784982589190555 0.6816260481270442 0.6634057843895402 0.6892407645779626 0.6756127701716016 0.6077243422051406 0.6243399734894085
0.06816961951405573 0.09595620820901474 0.1521730552870282 0.16318684524558985 0.25426188641677805 0.28669596944783315 0.2785435301345006 0.2644182865257682 0.3537897503690735 0.31307974462267163 0.3511647684836157 0.3604993578933724 0.3247120892323131 0.39313802411633997 0.528644731932875 0.5737079550186476 0.5913830828789465 0.573721026026886 0.5586349012086564 0.5946831789461507 0.5686239526493634 0.5907246945985777 0.613608082118729 0.6714801667263233 0.7334256529075066 0.725754217449276 0.6636337721663581 0.6878138444252068 0.6936563605651267 0.6513673724303235 0.5874021804984698 0.608244906759297 0.624981697338482 0.6806170032502151 0.700470596813093 0.7128099492295472 0.7594131704108639 0.7538648804595313 0.7380601080665846 0.6842761564800115 0.6471934016481123 0.63538033665505 0.5679821331126194
0.10081749495683438 0.08325719415921846 0.1598847621965282 0.19698067913235784 0.20413377641845143 0.2253381887907506 0.22692394752300968 0.24886217019926554 0.26407878120467737 0.2783312615496421 0.25920683751072376 0.31415168372901603 0.346156626798524 0.3543488311886945 0.44437200766431684 0.5253217539719038 0.5365778891067948 0.5313351857913338 0.5937884661618487 0.5801123555990001 0.5835315822397281 0.5444099763343864 0.5937876341814086 0.6383199273655169 0.641483045389976 0.6936484610024196 0.6455727122986691 0.6878060573362497 0.7109380205066473 0.6694261456106408 0.5990125481530418 0.618604372804869 0.6788555766833506 0.658475023271642 0.6790558004123078 0.7694704878826899 0.7601999655286812 0.7697040284745945 0.7050876638717084 0.6732534808466233 0.6293678679672305 0.6437968170705397 0.6292026965530408
0.0705462136740922 0.12003458523430353 0.14118805631840645 0.1506706196322157 0.13972877971778366 0.130066671829371 0.16647452271553767 0.20524759668875092 0.2800475998940407 0.20966037409953406 0.18578608013780415 0.256626467558599 0.26136318486497395 0.3187565592752416 0.42067431134635824 0.48099468009179347 0.45309440534449136 0.5026359632642102 0.559562911611561 0.5369803492127712 0.5806905676837094 0.5233062133004568 0.5409429101980955 0.6008053460925624 0.6087886965061198 0.6195527878365741 0.6789318442120821 0.6743493889234423 0.6633078291687073 0.6499232042458502 0.5912320294068101 0.6344772367065669 0.7072829964512624 0.7017543821349261 0.6830599867694515 0.7805047788847211 0.7935581728766724 0.7537120180984437 0.6728166777785104 0.726988932854641 0.6965821520513991 0.6322847961138599 0.6378851752723841
0.19412113164019368 0.14929062017230876 0.12824653360728946 0.15846611598864385 0.15496502444072963 0.12361448608814136 0.1686106121578804 0.15266403850980334 0.17584815681599847 0.20748760361201146 0.16380252151870572 0.21703591008024975 0.22212226592289783 0.33628199398380126 0.3412659415001709 0.41556424841821193 0.46957403267812525 0.5454722347719445 0.5722036461254361 0.5734906042510948 0.5745548662382937 0.5149562986581164 0.5466662378729722 0.5524239980778914 0.5754423397185393 0.5774150403888382 0.5931096824370825 0.6329590678622271 0.6240774558561765 0.6296940565464347 0.6245097772280489 0.669479138566169 0.711716173015339 0.7285944551023832 0.7543243721549501 0.7370767519057931 0.7642508285358893 0.7710938029776355 0.7488609580764254 0.7369469377187255 0.7207233970532464 0.6544606332926893 0.6245641144647042
