Raster_benchmarking/DGGS/continuous/raster-171.asc
NCOLS 100
NROWS 100
XLLCORNER 1743160.0482628176
YLLCORNER 5469288.538335514
CELLSIZE 10
NODATA_VALUE -9999
[rows 57 to 75 of 100, columns 43 to 85 of 100]
0.9143898057155028 0.9474398884890661 0.9012513077735013 0.912106248114173 0.8934466608643422 0.8817291844350468 0.8317773986960705 0.779276860841446 0.7548976193469116 0.7661656193670519 0.7298637827186976 0.6859219863827548 0.7021998006052399 0.708533088855404 0.6830812788486196 0.6466685388956179 0.641158196510442 0.639512598986718 0.6251719047990012 0.667395594843718 0.6501208334378503 0.6792906034195719 0.6538337744323747 0.6715906807704044 0.6633377821890936 0.6666519772744902 0.6892709772428001 0.715133001431968 0.7814609465836027 0.8558457580248424 0.8670762316525856 0.8428912174856108 0.8037157616546893 0.8046526286691585 0.8261212659302151 0.8560838824116829 0.838558712381897 0.8144516282310216 0.8704711337749599 0.8715833781713939 0.8229559672886072 0.8450269898778378 0.8227949271058188
0.9096402528246994 0.9215769440918807 0.9172352613612648 0.9120530406501551 0.8648919565465965 0.8475764204999648 0.8428104489930889 0.8038068154034554 0.7404177922226015 0.7093400024989399 0.7210952748360547 0.7119402099697152 0.6822306714082099 0.686996077333665 0.6427662269619526 0.6462174249951379 0.6060858678122759 0.6086614358157415 0.6503452772739046 0.6835757920225539 0.6922451957998748 0.6973640888114914 0.7071593287743057 0.6895107534919878 0.656660370646966 0.6880084869607845 0.6970056561863415 0.7068020496448063 0.7688978207378319 0.8485110322446922 0.8580378949526639 0.8303659761791782 0.8326464527811629 0.8471195777025404 0.8395442378711223 0.8275435103854115 0.8316371946004641 0.8302180641416234 0.8627889422892441 0.8660698611006924 0.8506454508959983 0.839006860069775 0.8547165842635008
0.8598136633171903 0.9007337822415906 0.9020651329602318 0.8725557906956014 0.8549953929907993 0.8767579522253557 0.809824914346952 0.81501411774279 0.7261948773968205 0.6693756782539235 0.67279115770585 0.6925985491158232 0.7078949196167308 0.6763312656897392 0.6200966041838222 0.6082387149263095 0.5897341271725446 0.5938135440918593 0.615925303533489 0.6499483476572891 0.6926811343051936 0.6786773812658584 0.7090861319521713 0.7059506997519799 0.7027411355529293 0.6545990607826176 0.7035769818797698 0.7512455994520895 0.8064568261229642 0.8507904349239421 0.8482853427561728 0.8630483026537968 0.8309183315924831 0.8419108905043623 0.860383291474151 0.8386036534205956 0.8773959235817306 0.8864072168540097 0.8954168600343607 0.8632267555379494 0.8683269259277472 0.8660510330652826 0.873649360523534
0.8764479505065045 0.8977104618337217 0.8775879765452856 0.8804389802317066 0.8677877455872329 0.8228531678397701 0.8017491891225802 0.765410874986491 0.7531666266067706 0.6683352727977159 0.6761321711333311 0.6790170084715236 0.6966637233810674 0.6476388613225686 0.6163492259794052 0.5950963060111955 0.627555708823888 0.5913716492138292 0.6432383413826656 0.651875642917175 0.6908858794934662 0.7234979680632178 0.7244187075979517 0.713501428577437 0.701710838591906 0.6831647843488294 0.7387063844091853 0.7503127608513954 0.7896335218947207 0.8211301091071211 0.8630966363930784 0.8586615510337816 0.8203480627601792 0.8493516381751389 0.8141491960750492 0.8556912044369799 0.8447311538955253 0.8913662524990464 0.8796279313990951 0.8631455310224216 0.8844424763946089 0.8514110952294636 0.854843565429935
0.873385061188164 0.9064302770402799 0.8929317878837065 0.9080745077428434 0.8718953422457172 0.8264253900333024 0.7797573278948547 0.7548105890587287 0.7241240557721049 0.6837977563794131 0.6804082043969081 0.70453437726457 0.6697777486572872 0.6740501380744506 0.6037652656171908 0.5909707090587095 0.6226920615591957 0.6100601789189675 0.6111276260770793 0.651401267513183 0.7070297612408212 0.7209265982884603 0.7332132959995046 0.7164388321401223 0.7028040753152421 0.7156895711524414 0.7636011307671998 0.7839358833909991 0.7762092673426275 0.8414478877417157 0.8459347773089915 0.8123710459368035 0.8136357947708568 0.8523889045754675 0.8396704576337665 0.817046521084197 0.8222465622320799 0.8673644943777735 0.8637236295132337 0.8982367378821021 0.8883043264330267 0.8819981326871621 0.8397516858160325
0.8583084844274755 0.8755107271313306 0.8869266034165765 0.8811319275634341 0.8662255365558464 0.8348287332951367 0.7790459231558061 0.7509461891755805 0.751913842247119 0.6868121311551577 0.6765649961426979 0.6611640700545798 0.6445979880004452 0.6198012297580228 0.6400768147709591 0.6202268231985899 0.6094680071612221 0.6127232202218381 0.6308111791507588 0.6526653871202234 0.7140857688576665 0.7069502149160677 0.6916930828803088 0.6926380076456601 0.6801240624199334 0.7111324807360961 0.7108991751270397 0.7389525040323961 0.7982977050015898 0.8213132398553495 0.8065020228453895 0.8412498122670249 0.8335402169998968 0.8616134637262117 0.8521603943268266 0.8310798820458812 0.8279672191129747 0.8485999910753713 0.887545529178959 0.8578581386315125 0.8603414131157293 0.8696079484231954 0.8626040857486288
0.8405471487416805 0.8235184962332406 0.8068246631177654 0.8215408841439215 0.8327810601546348 0.8565082964081835 0.7831521367976142 0.7469975389659693 0.7402686891556802 0.7172589436490779 0.671780291842433 0.6875368827209378 0.6694893454460209 0.6028444125793567 0.6389807500382537 0.6630614676860682 0.6607704591254165 0.6516282455318925 0.6422593652286079 0.7102241855357274 0.7161666228779424 0.7120168631253248 0.7102278270653398 0.6716808390586891 0.6960713086089775 0.6407500886969928 0.6627632666797808 0.7082526674225198 0.7399766181801123 0.8065477577382023 0.8074708657952525 0.8433866519595267 0.8106108510488915 0.8443806138518719 0.8568043772239571 0.8269623395653963 0.8369870420637723 0.8628191752107324 0.8554128763535999 0.8614578431137241 0.8407332432488437 0.861093589539396 0.8357168849035431
0.7981011928901878 0.8057800722174786 0.7945328195621362 0.8182802472418806 0.7853946150040125 0.8167369101841487 0.815766069978326 0.7681685728906331 0.7498127512259801 0.7067463733514486 0.6997963318731119 0.6687080551218301 0.6575295775371524 0.6371874472214778 0.6333612510244744 0.6198844280353472 0.6429969772171468 0.6797533736562061 0.6602465585139954 0.7078576470232109 0.7292664070545204 0.7157977843759856 0.7195499331792279 0.7090760029789568 0.7072972593307156 0.711684630565618 0.7006898444238133 0.732246272291775 0.7245066579572835 0.7698652864719089 0.8404258789284793 0.8464662095013376 0.8284497315769018 0.8207786252755487 0.8428728674972187 0.8175443473025731 0.8259228500502048 0.8219389976816206 0.8250414022339322 0.8068587056718508 0.8170269652999295 0.8279476101683473 0.8265823767194203
0.7971907648021823 0.7522654562717606 0.7963684858438163 0.7650352382124759 0.7575997650263941 0.7449468506767238 0.7883934271093362 0.812585309343866 0.7845055042633423 0.7131940429430652 0.727061025535364 0.7055880142086522 0.6406253929272998 0.6255396515922302 0.6237308226759044 0.6272370711844684 0.6634206505231729 0.6790859114983949 0.6578644429519739 0.649396496078465 0.7251817971532871 0.7485423924045517 0.7259914976291216 0.6979591516252724 0.720731009832389 0.7130785378263209 0.7287641992076678 0.7028636850537441 0.7344337735587012 0.7611438185063819 0.8315063273362547 0.8495814897721979 0.8415137738722182 0.8478610637584529 0.8276123181319711 0.8454591801037781 0.842012266107289 0.8274110157486955 0.7984340069474116 0.7983265460507968 0.8254358630216425 0.8315762186689448 0.8333442110188206
0.7995297664046414 0.7911428279451669 0.7881160297879197 0.7504911486043595 0.7651484135778189 0.7354009967649405 0.7626568886642557 0.7887005158754299 0.7845051790935165 0.771691934538768 0.7134998995652614 0.6686303894761856 0.6598420645438264 0.6221602692091373 0.619496056834814 0.6427348115280105 0.6613495709609553 0.6277865727072302 0.6330105169163883 0.649728950024951 0.7129009661442204 0.7626613923731207 0.7450053674003394 0.7285318847903027 0.6941177753574612 0.6804890559493111 0.7097663691597806 0.714824084618392 0.7467061754448027 0.8103310150099043 0.8295035307134092 0.8413957740584602 0.8317399195705942 0.8272655388647908 0.8773405892623458 0.8688428101444663 0.824163519276547 0.8105680398737596 0.8412076343249713 0.791924598374481 0.806193904734203 0.7749903827545137 0.7777517839792598
0.8095119257484518 0.769991488385988 0.7894143434984883 0.7736253258215329 0.770206545408026 0.7203605370592172 0.7664966621463628 0.7778048420883007 0.7770243356434046 0.7760965608039186 0.7237134039811643 0.7024106810474635 0.7008396088191514 0.6590620350842233 0.6418748204070226 0.6190253025991107 0.5985683205649316 0.6120146021465782 0.6311044927587619 0.6710002573635542 0.6816794874855545 0.7583857106266099 0.7530510167765423 0.7180271386978195 0.7387408308011172 0.6993052221229472 0.6890541524917031 0.714975875611598 0.7404605176139393 0.8164891130121378 0.8509752710592183 0.8396965338548706 0.82197844125828 0.8602199625310981 0.8354962543284583 0.87508816643555 0.8465098430733767 0.8575854006979514 0.8274482352888795 0.8014520859817967 0.7789381716386304 0.7496998405857631 0.7568820399559292
0.7892778796805628 0.7922432899214178 0.8110197621740717 0.7618151549484692 0.7793326818661077 0.7841319394225706 0.7653038105454468 0.7351459629076256 0.726124198377651 0.7342754859466635 0.6963574390115278 0.7164300123904566 0.6798505833956028 0.6706485230387612 0.6226445364155068 0.6266062739290363 0.5996113058218184 0.5953329501152446 0.6300558017348699 0.645464892780462 0.671979513599679 0.7118587521370223 0.7103962212231477 0.7461133159751269 0.7377375964692662 0.6974909744778588 0.7180715192391871 0.7483470438197973 0.7610360038799409 0.7803484306537791 0.8192076797532437 0.8272372144302294 0.8562611994809398 0.866130629729056 0.830674206299172 0.8175572646136011 0.8160560768737101 0.8267550201452754 0.832525177885643 0.7832293851572242 0.7948080251117913 0.7728957846656906 0.740980601594833
0.7899458840059137 0.8207847437770847 0.8148798926167435 0.775688004852422 0.7646051933130796 0.7780965542265914 0.7555178633471643 0.7275478758295109 0.6905712914011286 0.7130882470794826 0.7062760177824337 0.6841684549480407 0.6793142133717552 0.6185296810795272 0.6263719854409685 0.6282519614133205 0.5833148408499795 0.5890405644915122 0.6171363538435627 0.6324659514101485 0.6470604764527135 0.7150486525996181 0.7390485658877859 0.7506476423193248 0.7368591057830421 0.7136057113713034 0.756866592122523 0.7739115110987256 0.7875092798441227 0.802784218420117 0.7794102020962357 0.7929133899577686 0.8083933274942678 0.8550654265452009 0.8428204105500057 0.8320559765012434 0.8373925286420081 0.7959721821408842 0.8137405927170224 0.7959352134783183 0.7972103411778008 0.7746397617402309 0.73805369598281
0.8203166190881902 0.8013683236312961 0.7980934531282777 0.7858716436208731 0.7603294372735164 0.7796152632042546 0.7626950263911172 0.7244659682231368 0.6899806109209388 0.675391104175214 0.6792854326980454 0.6714462582089818 0.663488380068805 0.6413455036919292 0.6021497255081608 0.6289916162582879 0.5831989851259387 0.561961350552189 0.6033262003704648 0.6002605721608697 0.6770151981412308 0.7172754331841041 0.715044628745704 0.7068701420808252 0.7254346968957346 0.7202010362089507 0.7552169332328985 0.7614942248178326 0.7829890455888894 0.8104683225404482 0.8025929636058374 0.825765958551872 0.8367886102424923 0.8364321509877501 0.8200536078363239 0.8014992496301417 0.817390729987085 0.7869660884903135 0.7718203408666992 0.7781480032596392 0.7295942918702217 0.7373685409163188 0.7367879085017816
0.7769004977856673 0.7773367891165562 0.7885697146268774 0.7970786367265392 0.7646200867360152 0.7524254953697794 0.7387525166080284 0.7357217868129551 0.6636345203228153 0.6568223113140179 0.6511724794581992 0.6139331206779338 0.6579745334892617 0.6404912898022336 0.6145211295226465 0.6113893937415759 0.5696799862481959 0.5568259159040367 0.5829678493283929 0.5653722211336281 0.6368211674514367 0.7003916302093735 0.6958351892388456 0.6893612375699125 0.7097987301570187 0.7410989933993181 0.7528684295954615 0.7910148449041247 0.7694498377824236 0.7885113035634708 0.7811365360240455 0.8212901460053406 0.8194126096630348 0.8519991331382942 0.8269743560813213 0.7747349237490864 0.7836306519680274 0.8012150771809006 0.7341114538713983 0.7179301684179337 0.7358066867626469 0.7363569778704339 0.6953298934231606
0.7732067260284693 0.7612899938275878 0.7492972841819973 0.7594923682878795 0.7525225214390803 0.7103204096194885 0.7144712945494867 0.6784372828786822 0.6814926896287528 0.6454718757704346 0.6243565413653603 0.6138988753429178 0.6459226274453529 0.6122193686158887 0.5783857305977219 0.5851564366697174 0.5684851434528774 0.5411841215263997 0.5342372194141002 0.5533442484065079 0.6265912858242147 0.6220412887489541 0.6404839252308248 0.6373248093742833 0.6733389928276654 0.7268843815462049 0.7411756509226377 0.7769438197006717 0.7937201293816236 0.7834624738552056 0.8003575244799472 0.7784411038959951 0.8111219284708022 0.7869608470108931 0.8020658694033914 0.7949235665004685 0.7606127849837624 0.7398928546571447 0.7478604396626031 0.7365337372965423 0.7291280418383368 0.6975120653641681 0.650572796920018
0.7233339778001795 0.732409554282222 0.7300134776303736 0.7620451300420877 0.733065355259046 0.6721336341634955 0.662345000417576 0.6683667860020087 0.6456471136447947 0.6067851596070959 0.6204925007567516 0.6535473452779448 0.6167585207797406 0.6298214359507692 0.6020642988803858 0.536629747144359 0.5431201983910682 0.5322706143475916 0.546742418050185 0.5479462877947896 0.578600889924838 0.5848467952683781 0.5887085703930642 0.6425683694228275 0.6691108210611425 0.683031890046518 0.7155425330634307 0.7370174855466799 0.7708745223504782 0.7509134394409693 0.7803220142958532 0.7591912202390064 0.7611436172682651 0.7523967899063292 0.7682290117211484 0.7846721820480973 0.7497170957425697 0.7314108620075156 0.7179252471113963 0.7195800790485445 0.6689163589243419 0.6332223351775912 0.6356703872893671
0.7138794972231739 0.7129770081208263 0.708367485929764 0.7178765753065264 0.6753801619641605 0.6401782759738839 0.6377485507958095 0.630861018972382 0.6367672041278432 0.6273547769195724 0.6221591266806589 0.6358490611187584 0.6293715593310437 0.6047900480820769 0.5567611401799011 0.5312972145171457 0.5634211308886624 0.5254534629238137 0.5205106069536496 0.5707545870135338 0.5892727576173836 0.5857544555493145 0.5965135945160528 0.6540087929255282 0.6783384089733225 0.7056460435000971 0.6994507792808059 0.7278181120714963 0.7196571103042145 0.7352218205971591 0.7362755812401841 0.7396099708225257 0.7499025665419184 0.7349955794607607 0.7770192322411824 0.7688671300072826 0.7583047490063073 0.7335310310130876 0.7421336576081988 0.6834180400374057 0.6542614484924835 0.6096970706579861 0.5964884982193775
0.7203723746916082 0.6985886475527896 0.7235067629283052 0.6970062968306706 0.6526506501955087 0.6693722311898987 0.6228785739881135 0.6367315727620754 0.6021121731214617 0.6097775416475011 0.624237461795733 0.6161182864522977 0.5645722768877928 0.5410683461847193 0.5545598896928112 0.5556116399306767 0.5668571023324197 0.5516005111671497 0.5355459005999648 0.5593242007552959 0.5884229102771181 0.5654628398505622 0.6193468148633334 0.6219424887010877 0.6479559537434186 0.6701350066813229 0.7276130209973136 0.7390535270820517 0.7598082450803736 0.755339535664545 0.767181419457168 0.7312201679720534 0.7723776826006382 0.7649378801713065 0.7605527231542996 0.7878868917014199 0.7545143565132085 0.7271327266017296 0.7089453267238758 0.6908325104825644 0.6214800621388246 0.6216412979929811 0.6145316657204586
