Raster_benchmarking/DGGS/continuous/raster-281.asc
NCOLS 100
NROWS 100
XLLCORNER 1743154.5363538843
YLLCORNER 5469289.116211965
CELLSIZE 10
NODATA_VALUE -9999
[rows 76 to 94 of 100, columns 43 to 85 of 100]
0.35309050162825323 0.394089292015412 0.4405791267271779 0.450015413293114 0.4713326036364424 0.5247118606821426 0.5515867546822634 0.5441038103733548 0.5547447864079211 0.5760648143291922 0.5612839052888041 0.569323386710592 0.5218381274464249 0.5130369480339121 0.5354383778269868 0.5256926556064438 0.52155625667475 0.5185024828489397 0.5090944462505551 0.5257645647506488 0.5171952061090144 0.5617198801256582 0.5912148141316184 0.5811941028499845 0.5977073554586718 0.5841023497048692 0.5749874113590742 0.5922621867610276 0.6045688738129494 0.5785898930115607 0.5811830939784007 0.5948635397195915 0.6137446216196336 0.6160866872948313 0.5967207463290413 0.6139210530416339 0.6304060420400412 0.6583489363658722 0.6763979822589629 0.6912040022590012 0.7092447025244932 0.7364113536236848 0.7448083850602663
0.3657696391521914 0.43076662840693036 0.4613761895005212 0.4633291323668352 0.5098701451400471 0.53618378966108 0.5395249181136854 0.5195448496230345 0.560964953034539 0.5790223154611046 0.5892483507497305 0.5819229255347161 0.5416690680261861 0.5081251807283498 0.5015224156167595 0.49619982364740584 0.5360866870272298 0.5406038388320767 0.5097995381443673 0.515467589537075 0.4997576424935096 0.5149052946403516 0.5584307688974083 0.5597922819783272 0.547626071729946 0.5818210189584891 0.5560411134200799 0.599173691797174 0.6081119647874468 0.5946392120407551 0.6057465915058987 0.6248354028553076 0.5935503671187474 0.5903965251935732 0.5838756419365692 0.5893472761219669 0.6294617067564642 0.6128942451003275 0.6286439829800469 0.6788315873439554 0.7023271670215699 0.7237277192846854 0.6976878738060156
0.363045443881888 0.4343273904804179 0.44782592988726583 0.48276488444060994 0.4941386602772291 0.49911564132520964 0.5074196293920944 0.5238442256500134 0.5502011252195855 0.5528571465292528 0.5891576672307088 0.571277796183475 0.5411456580394978 0.5330638004312931 0.5141921484306285 0.5084091979068124 0.538354287009948 0.51254059132173 0.5057948326022267 0.5274691619171402 0.5268224362175428 0.5232740937415792 0.5492513622354043 0.5354274189898514 0.5568298578153943 0.5929945015298788 0.6009382751113179 0.5983178948427885 0.5908014060710903 0.5868087453074281 0.6186107598130113 0.6221017357894438 0.616008428217009 0.5924016902593364 0.5861932175836673 0.6033911644376222 0.6052850492301202 0.6165963519303315 0.6219959414256363 0.6398073950665875 0.6549692680882918 0.6863737774676257 0.6926853554909743
0.37176355360198804 0.42858692700851625 0.4853132017974847 0.48859461751513067 0.46779602759753114 0.4778640268836605 0.5047376012709925 0.5059360265774517 0.5065407135449319 0.5367298410110477 0.5678142543475254 0.5842384404033922 0.5881192165147301 0.543259588277262 0.5492416956332679 0.5290608276084375 0.5297459533110944 0.5123385670173494 0.5198150409733415 0.535386016152892 0.5290782252460421 0.5313283814705633 0.5246113835463937 0.5580250593648424 0.5885447231308809 0.5876539295559731 0.595040936209639 0.5901289387875458 0.5884172760574107 0.5870630547497275 0.6150360445726001 0.6055135636661809 0.5960171487786341 0.5855717414116925 0.5725053930141935 0.5753414738414516 0.5633036192147156 0.598494062231659 0.5873452583511141 0.6195237174486765 0.6167549368832964 0.6604588927579351 0.6589063446715051
0.39388477536609234 0.4366460779167349 0.45106303003379494 0.4462083054765844 0.4812205726570832 0.4729562615782101 0.5088594440650929 0.529459419080249 0.5132956443893737 0.5545691109342236 0.5760213976274278 0.554750746284738 0.5803790737556422 0.5798148856545753 0.5660811608208948 0.5124006708752764 0.5017415697080889 0.5032943962777928 0.4989018053260769 0.5102137888969868 0.5327145910622487 0.5311678915932654 0.5322354338422998 0.5279388772933122 0.5772776822021494 0.6016530246745088 0.6294385178666245 0.6185175845135266 0.625808097386647 0.5874124077530296 0.6180617625945032 0.6080500207501256 0.6164410845332992 0.5863455961573835 0.5881208596846567 0.5595461818484923 0.5700802186232029 0.5780923853606315 0.5683629171129329 0.6136680549767413 0.6228528740027578 0.6399579713750879 0.624670774505682
0.3918549761766249 0.4109923554834103 0.44829010250317014 0.44919230603879834 0.4632699178928905 0.48558006376896107 0.49760464319332887 0.5238479528871296 0.5213420546193958 0.533373113529567 0.5668319552331 0.5719332817927727 0.5593858101420948 0.5565664058813167 0.5336922463505523 0.5308195813431754 0.5117819321167294 0.4981606545106809 0.47477257427354613 0.48118280251241535 0.5055721762198907 0.5298838215054511 0.5079277961810161 0.5202231993819227 0.5368526747075625 0.5975201933223747 0.621949996851167 0.5987245980594836 0.6252151972862876 0.5826600739046608 0.5841457762695791 0.577968810964098 0.6074501617943953 0.6109892825360729 0.5756976030912778 0.5936223877180379 0.5977815788021245 0.5922514404215397 0.5726743072747851 0.5778376879902872 0.5948339961367175 0.605877205385596 0.6286812017341009
0.39088242876377827 0.42578137652827297 0.42639515303497455 0.4582565234965368 0.45687779843047555 0.47487830112828044 0.48544326005798816 0.5116572039302787 0.49549105029742563 0.5072451593453883 0.5195221414360506 0.5167747000993738 0.5403242570760559 0.5555787295014659 0.5456010700677052 0.5103078458723926 0.5240378419128693 0.5213242750151519 0.5006183790042303 0.5030906508944865 0.485032870326842 0.4885747749352387 0.5031434832625328 0.5158870842851593 0.5276042531339896 0.5647710431225709 0.5905727537872542 0.609686417552916 0.6030306764943897 0.5887799438130552 0.5699993451001181 0.5907690717262591 0.5986638978383809 0.6020561386478844 0.5946160421865591 0.580068258119842 0.5694120385188546 0.5780650726825542 0.5811102078547862 0.5665477448370824 0.5840989931124536 0.5964833099445052 0.6186291254813103
0.37862941578079706 0.41519517931957095 0.4516849520684833 0.4620593213058463 0.48983179233734697 0.5048038995350004 0.5258300433687699 0.5311008082988797 0.49925269419949847 0.49870573197015095 0.4974383870303237 0.5030229087775365 0.5244532905135694 0.5733793070735064 0.5663166786337354 0.5543154066695424 0.5090945954585117 0.5274466313957042 0.500053937393398 0.49899833511474 0.5171993926791536 0.46641042581384456 0.4626508551026695 0.512639338362358 0.5474315874395642 0.5719135394705059 0.5875250985310347 0.5858599633743538 0.5980125085398758 0.5885820505757086 0.5812726462369341 0.5565374968949999 0.5735785622578726 0.5546813666920003 0.5749258161449259 0.5491879104004872 0.5632123040651962 0.5799154430907669 0.5959994701102821 0.6015046310128797 0.5832727013759809 0.6065392768655703 0.6237635423145277
0.4241949747112826 0.43591210782376083 0.44103641831259366 0.4481282993664064 0.48594581543293813 0.4803821032912654 0.49496103103711925 0.5073277373686447 0.5156810589314222 0.533226945352157 0.5200082050198005 0.5095012678757582 0.5628233963161271 0.5674630562300533 0.5676876423514707 0.5577899920917796 0.5304351167062812 0.5517382611185001 0.5276737982580209 0.5168116956310079 0.4846683447661751 0.4678791622340208 0.47282071083347627 0.5110483165846094 0.5471387251840671 0.5509507747994528 0.5451958563603149 0.5763793790557314 0.5614802428123962 0.5549212863364891 0.5659978367388198 0.5649455648937224 0.5568198171378684 0.5427183867459285 0.5493580497981565 0.5473541459793354 0.5642488328211153 0.5597794580570787 0.5625215627938418 0.5807016361718002 0.5957151849825014 0.6325732382711804 0.6308726922090073
0.42422635926411156 0.4083858742758678 0.4275885587965377 0.42405729162377204 0.4390277874707822 0.5057154602787618 0.5383182472409689 0.510611718907557 0.5406751679657751 0.5122581842583971 0.5080758269648575 0.534658244654935 0.5777042052594786 0.5962505352339312 0.6028220951342025 0.5844425927443031 0.5667347864002583 0.5684549997884621 0.5675496166786824 0.5290061375015492 0.4928131348940838 0.4893816596135004 0.4677175994697455 0.5075306210157273 0.5323292994753713 0.5394146880708826 0.5191689525453105 0.525336568395891 0.5376085163321808 0.5314102429023819 0.5463334625738662 0.5272733764667945 0.5124552170842611 0.5401318315929351 0.5343637354347267 0.5425381786484382 0.5729344790465383 0.5785176479406522 0.578181109357549 0.5988479376754086 0.6104815002298873 0.6398402196660451 0.6558058076076382
0.40413972433826634 0.41424777582003564 0.42915028319556886 0.40888030751574705 0.454659086097627 0.5063675421308109 0.5257968547314843 0.5255852303510208 0.5096577256078942 0.5160743672203714 0.5118323542919109 0.5403035683131453 0.5698172633970389 0.5639443390736304 0.5872390173808735 0.5622169671288015 0.5699254576299074 0.5625828414085771 0.5525914363945614 0.5350183752606422 0.5152338222584072 0.5032227876509464 0.5178428256061262 0.5066573982264919 0.5165092097034524 0.5270545447283072 0.5052189699800208 0.5140725890232459 0.5233970383680592 0.5027499257482984 0.5218501262656132 0.4972313298478273 0.512386107345106 0.5284427156834274 0.5688848272445503 0.5685037282151241 0.5522113289311753 0.569691602801546 0.5875798316502036 0.6112180308635988 0.6031649314277777 0.628360399887763 0.6502877737722184
0.41907556149104536 0.4120951869920938 0.3838875970144133 0.4015600681025312 0.4509786321828541 0.48226235340390394 0.5248914070027904 0.5309190077360672 0.5313242371795986 0.5347673649948453 0.5468350510750174 0.5590187441636023 0.5777558925448474 0.546488990256692 0.5702879636815337 0.5760476656535594 0.5905394108532406 0.5606175975618023 0.5816319277251581 0.5571766752012371 0.5765014614493675 0.5331190087525541 0.50878279506779 0.5008072361932141 0.49728892639936517 0.503207658906233 0.5287807963118768 0.5252287044218434 0.4829117846426081 0.46158798973345155 0.464780652108248 0.48104606654794263 0.5439851960175809 0.5241799056320444 0.5664101386736162 0.5346313917586812 0.5230584895111262 0.5602157355447345 0.5771276498372298 0.5995081174367656 0.5910638095099154 0.644037529735952 0.693140146641359
0.3848287523681275 0.3879453710099661 0.3834075417557967 0.4430726016192091 0.4466548004713997 0.4771541540970059 0.5009052109526334 0.5044872921341687 0.5221932509398243 0.5051689721808381 0.5076041078631731 0.5089151553302927 0.5150812562685195 0.5527560214735179 0.5435982985825857 0.5501903598393274 0.5994580105044522 0.5851510541609505 0.5607655401938606 0.5896932563658724 0.5698668237824469 0.5646980235493124 0.5582925631618163 0.5422045972618157 0.5137958714633281 0.514316995329147 0.513198248439121 0.5083243532252615 0.4599664837008408 0.4449078395708448 0.4589615720934016 0.48346523459699337 0.5347888939682275 0.5178518434399674 0.5188601216369952 0.5185137921122596 0.5267630089335887 0.5603395720817422 0.551616438913474 0.5641186951305496 0.5988184868136947 0.6249881764065154 0.6640205642812211
0.39583967865398956 0.4030050474982587 0.39663290956305775 0.4349589007660732 0.4685686658661371 0.48173762792431774 0.5194934688274202 0.4812370349451689 0.49236586863343296 0.4776661436921666 0.478897744394031 0.4899918201989838 0.4913630487052666 0.5232273498563265 0.5310993260028376 0.5566407995997746 0.5821478478129308 0.5663088715139073 0.5667146132364179 0.5753274904247961 0.5785679921167642 0.57509806167825 0.5372803792930758 0.5300923716390854 0.5453498934622738 0.5019821538822197 0.5152435703255202 0.48596590512058807 0.45703632750227846 0.44586271834276087 0.4458370979412682 0.4936612978588235 0.5190040624870585 0.49329196785553975 0.5259968553800703 0.534662712884974 0.5240313308445886 0.5319847987143952 0.5284354288183415 0.5784005533789437 0.6072675143470179 0.6087130250485234 0.6256894946917065
0.4125046697576342 0.4314302823315813 0.42096620164302573 0.4420741898966422 0.4732125679076259 0.49272221769571783 0.507227556225706 0.494638185608877 0.4816360750736745 0.466389688916113 0.4728871856748786 0.4957937620275352 0.4864250018250965 0.4941470501459468 0.5327780492709384 0.5518959946200632 0.578010409556703 0.5730490119104921 0.5718782388145557 0.5713399257536841 0.5861044873487502 0.5754587643398983 0.5393157228133624 0.5173585224995269 0.5026558806420727 0.4933162338641609 0.5075354132717365 0.46183624158977193 0.4372272912305559 0.4315113556086447 0.42908322681767963 0.4505285808533223 0.4857068246082412 0.48800539931525877 0.5051128888499336 0.4901182286452597 0.49272738728309173 0.5232855241163795 0.516384145055427 0.5428251790730104 0.5913127350848265 0.6116190247689156 0.5962296077850783
0.4225914900012621 0.4541580578230228 0.4470392636985298 0.43839621617135227 0.45784584592100597 0.44280131118514654 0.44588306286130736 0.43422025283039106 0.4419919712500767 0.44089074741385714 0.48777867856507134 0.4721131017366551 0.45210205380435015 0.48950865828926887 0.4954901120915181 0.5519141055597775 0.5595100286203359 0.5498420089569795 0.5504478559798487 0.5710495562168572 0.5646694273261877 0.5645574771649089 0.5496096149499111 0.5051286147413114 0.4841832639515777 0.48044227730056743 0.4804339183278599 0.4753952191075849 0.43595052544302126 0.438095261496726 0.4297182539720385 0.4250869160450364 0.4577818912515978 0.4872001709036585 0.4981165312817628 0.48626069980935377 0.4952064522629699 0.5213216153520833 0.5402694841002548 0.5484422201934801 0.58468528366885 0.5712687709771146 0.5665653368241845
0.40512528448908847 0.4352261611004696 0.4535856124430412 0.45209249111851046 0.43924332385958 0.4204285277914603 0.39304464450592563 0.41633820677287836 0.4291302649213461 0.4260102073118119 0.42707463662148404 0.4536683874183239 0.45378050929392627 0.4484550164524194 0.46088120609777433 0.5251162857322613 0.5073520237625657 0.5304034796452928 0.5182577952593789 0.5555117108566386 0.5673106072067167 0.5313876684390494 0.5187312609344161 0.49045764905243866 0.49658203627117625 0.4676239039897984 0.4733483797352285 0.4599041870069679 0.46223493639054575 0.4240188489860154 0.45595418173872 0.4442936982270407 0.4595443603124581 0.46141095968349105 0.46272962002317825 0.4756821839391091 0.48847696104199234 0.49505643198593857 0.5184304470973307 0.5433426548030356 0.553601081635392 0.546849102388954 0.5477760192202701
0.43673763672178684 0.45167137363344034 0.4477742849879945 0.42103677150108176 0.3992515126539386 0.3962341175250006 0.3540985948976791 0.39507103785442615 0.3973158303325733 0.3936605748315576 0.40487952807051486 0.4097702112400956 0.4318994462519151 0.44861386193313085 0.4617174215436842 0.4746982197564967 0.493783449041651 0.49833031233592423 0.49946653059130397 0.5173038645122131 0.5355085937172364 0.4897070346091385 0.4585071461194341 0.46867554744413636 0.4575284671180472 0.45015404301818557 0.4174636541758943 0.4127516688367534 0.44247082454684167 0.433515399045265 0.45186520339758646 0.4269111585999612 0.4189106167578389 0.4488801194428874 0.4439929636596419 0.45290269335189254 0.48358879194400617 0.5264748204666746 0.5322355826812385 0.5232043815799473 0.5444887642884764 0.5397548236459169 0.5212528447978184
0.41229099346967313 0.4386674534239579 0.40475483872178647 0.4193917064475033 0.35566666981655176 0.3499835591697586 0.3246372352976525 0.3395690059739444 0.35853013949731777 0.3657471128632318 0.3836056999417971 0.3991238430027784 0.3947215127248047 0.43029478891772927 0.4336698264816162 0.4593588676719742 0.4953657089748486 0.48960845362775424 0.48266971268678643 0.47684640316084886 0.49339187972923737 0.47282726493009525 0.42653264623718334 0.4479419021448631 0.4269521026016153 0.4066189206563764 0.3862839448358572 0.4092671108644259 0.3877154358845082 0.4055885838102213 0.3982693673524742 0.4178859458261407 0.42991429959630967 0.4428722112815636 0.4476641976753363 0.4575521799311674 0.48083191302500794 0.5121758604205644 0.5324480677560324 0.5227009534673843 0.5100438119443156 0.5232236583391975 0.5030957449273162
