Raster_benchmarking/DGGS/continuous/raster-425.asc
NCOLS 100
NROWS 100
XLLCORNER 1743151.6412015387
YLLCORNER 5469282.390671528
CELLSIZE 10
NODATA_VALUE -9999
[rows 76 to 94 of 100, columns 43 to 85 of 100]
0.3905651527942911 0.4429413525610692 0.4671009022284054 0.4491925869703496 0.46693277316546405 0.48241784744728866 0.5122735950444284 0.5566129140129706 0.5658914089941409 0.5188644619583566 0.5336648834315805 0.5520887058910163 0.5851808345294206 0.5473400586462333 0.5498358531695101 0.5501185344600356 0.5507124952860004 0.5876967634348104 0.6205363476195711 0.5992249705820097 0.657130773164996 0.6856763528842766 0.7451169323476424 0.7257622701210958 0.6906779508166001 0.6948986732097276 0.7084407591987216 0.6923713326096524 0.6629694820343885 0.6636155548399024 0.6551029739110623 0.6499453710943116 0.6543280796655188 0.6423318498297369 0.7063782077493775 0.7324259597937703 0.7245813049628962 0.7319195658400824 0.7523162380499494 0.6824856285912855 0.6677707522624217 0.709041511934739 0.7366969391167452
0.4073806145884166 0.4564618812079113 0.4767150439648291 0.4443974217525432 0.5089981620060773 0.4981138478266604 0.47380786692816634 0.4973206432289778 0.5535418659316985 0.5212427384302002 0.5001837862442275 0.5194594966522302 0.5603454391607395 0.5406722563211912 0.5496872344580924 0.5161275157103558 0.529091913281674 0.6016427653673786 0.5973920107568627 0.5852317333918798 0.6345866603620468 0.6897431343766428 0.7531096809474793 0.7505220861060782 0.7134235682018751 0.6891289913207992 0.7190307562894711 0.7000479212243431 0.6429616358605685 0.6403629095163513 0.5751671943552576 0.5954481133937575 0.6247021356588937 0.6088172821448188 0.6569179695712186 0.7227747357006012 0.7641539749175554 0.7322148331098964 0.6953803787128564 0.6902175246389856 0.7170334642323648 0.7337414772489687 0.69356391417031
0.489636651453559 0.44720639462196465 0.48539979063136535 0.4657913006136189 0.5095675354013306 0.5130857978794376 0.516620440286932 0.5173424046568948 0.5180365812771226 0.5163304695350363 0.5336785828250885 0.4838203783500086 0.48722839277510765 0.5089298631764705 0.5272567748032396 0.5463744724143188 0.5546416801580226 0.5737685414550695 0.5494207770120546 0.5831132486833089 0.5849602271284549 0.6213275321178654 0.6754898736630897 0.6952653526661331 0.7004535052033147 0.6945639931800373 0.7377404475005285 0.6978399295792448 0.6442253457443375 0.5938499593549174 0.5717477732541949 0.6173661841582577 0.6048410593852445 0.6147666774159203 0.639128006204185 0.6582419239121926 0.7565394884485895 0.7624442236317588 0.7620896594900985 0.7303590077853046 0.7127847849862908 0.7619608621779357 0.7439746267190727
0.4965507147504285 0.49240656764460167 0.4715389716905499 0.483698793790094 0.4999944117909335 0.5090367414681495 0.4815022108522812 0.535908737673986 0.5476180003578722 0.5532594126028318 0.5087877237176096 0.5032666060735642 0.5094307953011423 0.496475179286563 0.48938443767595596 0.5130014593636824 0.5495503311750917 0.5392893191566226 0.5475230956639324 0.6097387314967002 0.588339302598575 0.601148791695148 0.6521455728501518 0.6701685684225627 0.7065462279344029 0.7029164371576015 0.7197875330038137 0.6422147050320859 0.5779624637047819 0.5729454502705825 0.631461034088903 0.5708418726005319 0.5821769261910003 0.5826960893960994 0.615585319395813 0.6370759647566696 0.7339621314230351 0.7584231834955455 0.7646001600595077 0.7552987377219555 0.7001220073971919 0.7548561451668513 0.8217631852579996
0.507418141713331 0.4833479161093139 0.5221533067638061 0.49737745382193543 0.528106366568727 0.5299072533554134 0.5371084088687044 0.5613604897108024 0.5971309643292366 0.57606582345182 0.5822348825197575 0.5347698687730559 0.5042847793084543 0.5216664054556884 0.522716550525565 0.5222075804158008 0.5722193833918643 0.5863444687486435 0.5753801234300063 0.634589885229756 0.6072236606703466 0.6477684429972967 0.6161274576979124 0.6461457757742795 0.7145139660157582 0.7190014073213591 0.7029948694242336 0.679313803468372 0.5814725664284507 0.5589722272767982 0.5510494220007868 0.5519564466764574 0.5960294504322998 0.5567880540874414 0.5833586747804063 0.6156765700193555 0.7216000652162723 0.7743636861652362 0.7742546967711408 0.7656243157524759 0.7338784278315035 0.7683470120767995 0.8368500369960484
0.5395826227941682 0.5180464136790884 0.5563510277402453 0.532642665184213 0.5587685111192239 0.6104439917898982 0.6372396483520923 0.5827817234187088 0.5786396524653845 0.5760857565825998 0.6217229053560898 0.6174038946791118 0.5524522885399643 0.5560960679540699 0.5046182354426793 0.5172320433989763 0.5829346356182401 0.6037177874507368 0.6071188405681484 0.6286160232104102 0.6656590183049489 0.6658590137771552 0.6291359055741422 0.637292848753125 0.6580768107653922 0.6745607480880448 0.6973322464588707 0.6408712676871856 0.61567183205132 0.5893428825530201 0.5492112729850605 0.5767182365072342 0.5843989073268141 0.5892681792018287 0.5666792271165656 0.6481692062133473 0.6858577018175016 0.7096762494156351 0.7819504590652512 0.8158222113382113 0.8391604576328693 0.8235025001652168 0.8362815630350006
0.5410073076496547 0.5970494785595273 0.6153368302881945 0.5992452770535773 0.586349199679847 0.590450773848582 0.6283572223727473 0.6038063309156151 0.6301539135704688 0.6595319834364624 0.6465700605043886 0.6232203226861408 0.5983251120062372 0.5526448151796441 0.49200013502265894 0.5362468283027955 0.5845393327368381 0.5562465625350308 0.5879859499813824 0.6218210734945426 0.6349260477162686 0.6585346676973161 0.6078837662455584 0.6483476515941367 0.6447483910351948 0.6151786362110617 0.659043064769675 0.6402718222575319 0.6178809683976216 0.5529080085420303 0.5740648869225892 0.5625387885622184 0.5324093645660397 0.554632255830836 0.589233233698679 0.6302302608359734 0.6744813557353809 0.7378030163434766 0.7962654860955223 0.8092780985514675 0.7924587448324276 0.8274451760125778 0.819811422536272
0.5806846107799651 0.6246517599213101 0.6155676368289354 0.6228161383314172 0.603901856365951 0.6539974291065392 0.6795072227786958 0.5960919002090872 0.6497927158746837 0.6301171053919233 0.6547238520471538 0.5898386845744445 0.6001834003997737 0.5663782036719538 0.5135320427349443 0.5713518986735375 0.5847034065911585 0.5549952554284227 0.5790798957123383 0.6448927455602529 0.6558817531145457 0.6182017388449458 0.6321939771659717 0.5888378458123396 0.572672574728212 0.600636148807668 0.552939832842602 0.563668624241911 0.5699735311827743 0.5970509988361703 0.6147606329637954 0.5960966560056749 0.5302063257243551 0.5931447359203463 0.61536405027209 0.6027598953353266 0.6700132235959585 0.6980393216462558 0.7871399458397107 0.7955099236987235 0.8158089101990169 0.8113187604341655 0.8274127413340352
0.5653595480957416 0.5803512425043971 0.5954311608885737 0.5969250764797953 0.5730604683596378 0.5993896945081195 0.6208286332632662 0.5939922989592712 0.5978270891414003 0.633749729812312 0.5793701012668834 0.5689307524512668 0.552809444684637 0.5694618980778294 0.5693073754289956 0.5492135575143653 0.598522397405163 0.6330274916075282 0.6141847126996204 0.6131131225241448 0.6044911717731429 0.609334704939103 0.59158049456937 0.5503183577120739 0.5620898127400076 0.5390412256195701 0.5264348740789458 0.540387921344497 0.5848295695429365 0.5547211140253661 0.560304931236467 0.5446628758057719 0.5574004866441595 0.5587945691834907 0.5945989802186635 0.6301051300977981 0.6593769439852859 0.7129110804996739 0.8123512033559626 0.8345155323671285 0.848729084620463 0.8273633536113008 0.8169335031933326
0.5170237894413534 0.5821492939274392 0.6149455464180492 0.5727591579060566 0.5999631209448417 0.5679458118088789 0.6051220959707195 0.6183933209341663 0.5762168115698924 0.578180430727582 0.5952039046422576 0.5882872063913277 0.5638164215041901 0.5369662340781012 0.5562960755180408 0.6145693880132904 0.6626588565626156 0.6721940249252301 0.6601434464084032 0.6864537955160919 0.6724452102412474 0.6145829665781948 0.5777718540866329 0.5872634521585782 0.519771471104812 0.5050714136381368 0.49173906273390683 0.5416657298787944 0.5367251802293009 0.6023559911031202 0.5771035883401405 0.5728751088941735 0.5964454042024012 0.6015522368060208 0.6004009436887979 0.6421291194739501 0.6665128711778378 0.7278015463433228 0.7977854318995812 0.8376591909096321 0.8040692383936535 0.7913292018893752 0.8105407846828979
0.5096499315037912 0.5344892134546593 0.5793700471512598 0.6066647580501028 0.5803533235912453 0.5524127873358261 0.5932102831544214 0.6146436071536233 0.6107838701388044 0.5962084882914088 0.588708199526866 0.5900702285306321 0.6324098394097526 0.5926316495778601 0.609323208571884 0.6680399172684438 0.6568392837652255 0.7162594459930934 0.7002149918384702 0.6767858865679586 0.6297472471482173 0.6029742478946748 0.5891051402679028 0.5983575309122551 0.551621787944496 0.5087940333516601 0.5284739230437372 0.5318046273107021 0.5411556948841023 0.6161179952601445 0.5996252391140413 0.6043940224156399 0.6771288685070165 0.6873180956690729 0.6444796937221938 0.6590183364797269 0.7161770534540004 0.7517811075689061 0.8140731020828328 0.8111987690535376 0.7764757804220831 0.8103883635277235 0.8025379979615535
0.5358417574525426 0.559981552304718 0.588826561640795 0.5727133131624861 0.5497844471736668 0.573263995028151 0.5843200243280093 0.647005027161642 0.6555374680173562 0.5993316734767126 0.6308120533851576 0.641620229202519 0.6613585920641892 0.6456250238498689 0.6721756491975673 0.6410187747500954 0.6789093527349498 0.7214617352459436 0.7195942175219322 0.6526424320397866 0.665190334887699 0.6680588522177293 0.6203774316289493 0.5695720181449127 0.5549841916892366 0.5049453392798153 0.5405756050996369 0.5730003494291807 0.5815036897327801 0.6501276464382005 0.65389278872663 0.6229295504005854 0.7008889554653942 0.6655789009332048 0.7222956047928207 0.7435489987439935 0.7892648570824726 0.7974470689582082 0.8407258907988134 0.8377641614883993 0.7611518075146445 0.7740576176364917 0.8502721509427639
0.5536777920722536 0.5808232344915547 0.5657441755944108 0.5853677425966612 0.570896547303591 0.5708135642021248 0.5587427480073712 0.6019408047247361 0.6384433515174646 0.6256422006519413 0.6306635210983245 0.6545793910953226 0.6607035645724948 0.6394818928233272 0.6557080268066677 0.6270270536168748 0.6867343585844695 0.6713142700460539 0.6532562510706994 0.6813331825801278 0.6916025015328073 0.6470577009062446 0.5774522814027947 0.5568106350571357 0.5758532937601966 0.5209078140244101 0.5813242157156144 0.5950572525248072 0.5641192487531088 0.6406731815547113 0.6208184098275327 0.6454289965793996 0.6521195063100629 0.6835243741204632 0.6992906768080464 0.7180611733852416 0.7837438256179078 0.7813818236120715 0.8220512691473651 0.801762477697969 0.8165378608326732 0.7897631288378466 0.8263603979034385
0.5176712538562495 0.5481735224848588 0.5500906750135008 0.5785494665819849 0.587148349618381 0.6231569931952957 0.5996869946042566 0.6324891335483754 0.6242220388442025 0.6060532064442703 0.6614497165479825 0.6502974621963775 0.6669491690410839 0.6414961794823022 0.6646689915531272 0.684613800162467 0.6325261193833626 0.6863864445119146 0.6695115352356329 0.6735310267020038 0.6635981576327237 0.5820397380098229 0.513159469124182 0.5172266894407901 0.5767907081176787 0.5714545414440132 0.5451980779798391 0.5497580038111348 0.5762652299056504 0.6118979318053882 0.651260931211652 0.6831022043170255 0.6521746725698193 0.7069243260108765 0.7424405741683648 0.7159722711949509 0.7040634123780033 0.7310145553826732 0.7772859382569476 0.819155289266753 0.8300346365589911 0.8272057112714954 0.8404719358981381
0.5522783362038887 0.535281604561446 0.5900383097027158 0.5994579302024069 0.572145796074368 0.6235692445728054 0.6076064622577435 0.661677413850373 0.6376100000972926 0.6520640215017073 0.6677817184511612 0.6848988652941791 0.6731142284364603 0.6903011310568313 0.6939880212661599 0.6742781645268987 0.6714009462307683 0.6862737624501943 0.6751506179017942 0.6403245008243993 0.6419078574053272 0.6067070833326341 0.574648684947068 0.5649871925337596 0.57391775393469 0.5566780141375127 0.5656063893221883 0.5580125154481083 0.6185422219871327 0.6176496886546597 0.6520027777081081 0.6431679517806091 0.6262431210845638 0.6775738574434149 0.7313344593688668 0.7168063366380054 0.7314255599018681 0.7662872080697938 0.7558050404125988 0.7819849790666421 0.8236974560210889 0.8254789817547544 0.8484120054255767
0.5492259084875195 0.5915201870171448 0.5667384536099985 0.6270297836986767 0.5887382260574657 0.628677688928595 0.6836584044439076 0.6699269572216383 0.6974594768141705 0.6649542632130797 0.7304028749136444 0.7149444619268067 0.725537514328211 0.7491662501662856 0.6808646990223522 0.6866001210341385 0.7393419617779382 0.7285045686730219 0.6595781585868498 0.6560683503312714 0.6865419188913283 0.6050488609993085 0.5501775257377107 0.5637892986981248 0.522643638703419 0.5276562497132307 0.5256341742506803 0.574732637205274 0.6343901442648795 0.6377724989158321 0.6717241359993499 0.6281344397823615 0.6700334015556071 0.6985791494142373 0.6886247020380991 0.7134697925740162 0.702905107665401 0.7316112600849346 0.7566540051228308 0.7697925584463746 0.7971588163895565 0.7845850047099565 0.825500056375331
0.5836520937338605 0.6198704643995315 0.6165744904542049 0.6214617035738915 0.6005955107414429 0.6457673666520444 0.6689803888674672 0.6899364968372836 0.6516130731503597 0.673244077439105 0.6811111966688622 0.7415153516120168 0.7425509437718765 0.7666192036094895 0.7444314357561331 0.7789129036377637 0.7632586101881838 0.7176756317851738 0.7505005941690513 0.7064786790086105 0.6952054431469741 0.6355167282065421 0.5917721887786993 0.5798491603824585 0.6005342354947849 0.5934108770163331 0.5359562711264407 0.5452484205169021 0.6153324693526614 0.5910912828901475 0.6367169853979253 0.6717159294052352 0.6481381770484016 0.6897217622464485 0.7291215429389706 0.7539222967555566 0.7480317914833717 0.7233960125634599 0.709565391045125 0.7099182512772592 0.7446248838027862 0.7502468241352159 0.7611596654069401
0.5684429144240877 0.6389969633293667 0.7102256414543917 0.7005761776460137 0.6266250367777576 0.6485964917600808 0.6518809339366797 0.651830208297751 0.6851134963123225 0.6832835540993626 0.6586153539290815 0.7237497053165779 0.7934681554490424 0.7828098570514661 0.8315133213035428 0.7692592841132414 0.7532237831542672 0.7547784867350082 0.7812879354768969 0.754731965905596 0.7615018065808475 0.6594414504249679 0.6841209535615844 0.6026448786202977 0.6282532116333398 0.5609925388749205 0.5713531071935354 0.5575805195978578 0.5786368398020548 0.5634987183653043 0.620359302928436 0.6475352492704696 0.6597446765648017 0.6858286221603495 0.7541267193795733 0.7319567481039734 0.7392015968594562 0.7141758766799534 0.7376053042083803 0.7014672223605096 0.6891839020683501 0.7735716424082588 0.7961291473039803
0.6701714201170543 0.7117849392209186 0.7317846195871412 0.7461714437909805 0.7158598501373818 0.7092450481177139 0.6674967095716625 0.6780543702183948 0.7068155064170559 0.6861946198759428 0.6748733538523328 0.7097519287301092 0.7523344739292298 0.82478696394254 0.8639984205983752 0.8340996340756538 0.7693806207638271 0.8162013006357571 0.8138448952249768 0.7868340930668826 0.7494485207332799 0.695583749971138 0.6676568907272619 0.6222977552639566 0.6397861342108501 0.5798597692515667 0.5632306095441326 0.5779037318168048 0.5892545192176072 0.6000804358117403 0.5771949411142194 0.6102270412009154 0.638561537233466 0.7032845315406675 0.6977058957168396 0.7262514392134491 0.7460027851324783 0.7318520722161738 0.7275125353969366 0.7518395696243195 0.7325433959050911 0.7655680026603933 0.811875300338445
