Raster_benchmarking/DGGS/continuous/raster-482.asc
NCOLS 100
NROWS 100
XLLCORNER 1743150.1931418998
YLLCORNER 5469292.0501735415
CELLSIZE 10
NODATA_VALUE -9999
[rows 19 to 37 of 100, columns 0 to 42 of 100]
0.5932697182022525 0.5934322623346461 0.6162202912924497 0.6403123347084388 0.6515225660827184 0.6424992280357001 0.630038461135826 0.6278881922146577 0.6565911278355222 0.6748325686479739 0.6596163256099424 0.6731786877309534 0.6817802383127162 0.6913192557427111 0.7194445729200256 0.7160948412474633 0.7126024286722112 0.7531411796780261 0.744599015406826 0.7598308184032692 0.7565369551847249 0.760219615418254 0.7164956643464891 0.6914794830545579 0.7154849226358588 0.7086940591032983 0.7034593209589318 0.6861782393537968 0.657011567629837 0.6571503862998916 0.6954376867906461 0.6971336968416343 0.7399165105743128 0.7258218174719138 0.7484286022314599 0.7411341323272648 0.739963830252097 0.7449612946159107 0.739803472797583 0.7170321621332135 0.7170211798062437 0.7137655864510852 0.7028159769444405
0.604429617297404 0.591532370438765 0.5872495582222013 0.6102545867593983 0.6420501088773756 0.6311155807668521 0.631770801765046 0.6236453966667183 0.6253847769637525 0.6416612019466438 0.6941772930947181 0.6874966952530742 0.6900699097238299 0.7095699696725841 0.711342223938722 0.7081733598050189 0.7359869961275508 0.7181224754548687 0.7625331657844361 0.7512443895909593 0.7694755125308738 0.7273887864460556 0.7024295876525488 0.6995037754359875 0.7199032699422394 0.6568657987650297 0.6819547927165599 0.7056160521604343 0.6859955956890058 0.6828735047675301 0.68096048482833 0.7173159858735325 0.7265021899028555 0.7302313147623279 0.7295968465316325 0.7457367789761973 0.7296374082086874 0.7350859895312247 0.7298251346675991 0.7289656665247575 0.7265081073700068 0.7006077536053011 0.682435631165119
0.6332317200440662 0.6356837982925819 0.6201137556812556 0.6179504338933685 0.6242470311324683 0.6494693771966913 0.6762713457690881 0.6812772262266242 0.6692757725758522 0.7006681443937416 0.7123969035606477 0.7039427692162584 0.6928790681936682 0.6953084719620468 0.6950705824471826 0.7323146968921779 0.7439010484791305 0.7547951798208382 0.7499806960559425 0.7659184206765838 0.7505970337849883 0.730726756393786 0.709019895274086 0.6966496765177328 0.7161557391382707 0.6811830868279392 0.6715089520133551 0.6835881550656204 0.7012869723631802 0.7080958638167459 0.7190216410768941 0.7100980232036102 0.7271168654707161 0.7158662113464045 0.7113430676781207 0.7140136298748772 0.7045546802546868 0.7398647968334527 0.7082226317055091 0.6972024949772466 0.7291338166245409 0.7026640218591823 0.6782463187171273
0.6471012866832032 0.6771339663855256 0.6429529525004007 0.6424754897163693 0.6730599527318835 0.687445071605416 0.6607074178379189 0.6723527427298848 0.6830648838876126 0.7155445974961988 0.7146452673500823 0.7132387810337255 0.7259579365312314 0.7044025727484262 0.7204724787599274 0.7131049823754753 0.7547184168936653 0.7619856784370548 0.7788553287275135 0.7572326287899536 0.7750451532358291 0.7870873015862209 0.7182926896714622 0.7105515459648426 0.7231754510183159 0.7269009747673498 0.7085539164793161 0.67117057206081 0.7041604875837668 0.7179466869439156 0.6888546966996978 0.6991120476879871 0.6844985258378034 0.6856693547930043 0.6876852659344157 0.6779454617961785 0.6862581747497797 0.7193948069789311 0.6972977190991418 0.6826159990829658 0.7015439843392584 0.7182609015668795 0.7075347445374877
0.6754435277185888 0.7031395326705147 0.6688761056036061 0.6681177468886786 0.682548742025788 0.7072054600964164 0.6955398134232138 0.7018384377470421 0.712261209281892 0.7226584488554204 0.7101044955163653 0.7088740078320702 0.730164508052916 0.7046207087598161 0.740304474348441 0.7570813406198219 0.7561099147439685 0.788135522735798 0.7585362980759855 0.7581030790120264 0.797968576226391 0.7707059276875504 0.754127052535183 0.7369886657540639 0.7373651510730004 0.7386340019137304 0.7141105832572217 0.7279980775097159 0.7221948571186643 0.7327165458750405 0.6964027201007976 0.697354730794116 0.6896769096830764 0.6771143254381071 0.6423242878130304 0.6415199095283759 0.6678684300507833 0.6775217853022879 0.7016849900504327 0.6754440240374768 0.6866638142090596 0.6894271911174594 0.6756580336501833
0.7105450463687383 0.7030460083802528 0.6883834223195744 0.7102131179255963 0.7131906911841429 0.7426672982733308 0.7313440420869616 0.7217451000267585 0.7169857985965294 0.7240251321286247 0.7149466849261708 0.7479932859381586 0.7360222529425068 0.7197994925975199 0.7144913007475052 0.7529553095161797 0.7520123143196067 0.7840812277258 0.7589624189283231 0.7565668291940156 0.7637492428769597 0.8019777309795841 0.7671849606713412 0.7706475686341567 0.7636655484350287 0.7172458896967264 0.7197570811436773 0.7420306277827478 0.7542544676017036 0.7379307793447422 0.7059070175923962 0.6741527098736464 0.6532308173595391 0.6352826727232909 0.6524764900168508 0.6510041755644729 0.6486142246683206 0.6622511207004906 0.6765016815345712 0.6881371937198829 0.7012558056395276 0.6623136887148167 0.6647861656468432
0.7030225568068628 0.720933196327604 0.7099465125962836 0.7233235492997528 0.7123611557472752 0.7148575685307885 0.7071526575645952 0.7412239379288799 0.7494531285894076 0.7625129387276288 0.7558800548686517 0.7626689859072178 0.7666358780355095 0.7261320151278169 0.7268242618041758 0.7598663066475432 0.7544340801374584 0.7594950081148993 0.7747878465683787 0.7687846265005893 0.7802693575287364 0.8005389063066133 0.8088197612387497 0.7521242725166208 0.7404854585981968 0.7303108168965269 0.7070244900286957 0.7186361045152526 0.7481572605495446 0.7567890403774699 0.7281652469746369 0.7009493971704757 0.66536157769283 0.6252328288788214 0.651751352749827 0.6338216548532516 0.655272058765055 0.6874147715213754 0.6887334461081973 0.6892626758260292 0.6816937211002209 0.667663617882598 0.6655491489865911
0.71098131211473 0.72345709758573 0.7242758870193229 0.6888070251794883 0.7076523052914843 0.7166290352514043 0.7381545808670629 0.7302030366505403 0.7365852556620336 0.7417618817633244 0.7398438413698405 0.7298155124934446 0.7695073025983548 0.7809334868964442 0.7664148636935726 0.7397399867243044 0.7786433638193095 0.7916437179861847 0.8039848955373973 0.7904445024009178 0.7917219606053889 0.799310407619668 0.8215581734116134 0.7755131546808683 0.7625783448430103 0.7070381549553355 0.7212894413973066 0.7354597777563004 0.7628611177433193 0.754028223287986 0.7023559327143432 0.6782453304754783 0.6441105040408714 0.624258788987779 0.655969615486978 0.6368549945747455 0.6481478559820827 0.6640034935706313 0.6495613954468578 0.6628284185744863 0.6526808720723251 0.6649789816350675 0.6553469086834687
0.7232083259341057 0.7183816805570951 0.7456415694504417 0.7452238778807757 0.7386479596022297 0.7129659911592614 0.710280892927064 0.7221090977417178 0.7308249271412356 0.758765047974282 0.7502796323763989 0.7498959779018977 0.7891769337941278 0.8052799674262393 0.7799023291543936 0.7535656653802436 0.7573600701169318 0.7777832427965298 0.7872942284719952 0.7856318934867418 0.8124757156957874 0.8178194115005399 0.8142059491549307 0.8046721455383309 0.77452367559112 0.7544834795030115 0.7221451823092432 0.7159949435791515 0.741152694755353 0.7259241095436276 0.708275822021959 0.6625149515833016 0.6626984517901797 0.6571742422398247 0.6221458857410396 0.6259841973654369 0.6200287742241464 0.6652140255938308 0.6744094616778328 0.6713466171247103 0.6553236701957048 0.6676973130249407 0.66337741658557
0.7266635139039759 0.7240950035184354 0.7562027524994431 0.7552616600708499 0.7274700636714283 0.704854734068854 0.7518852184103538 0.7736102268621349 0.7574829316393104 0.7449677394331055 0.7708555082361065 0.7388248166099506 0.784644449975966 0.8432545550751388 0.8096731963107775 0.8263851513901712 0.7809936916762682 0.7622646094218624 0.7642431261477665 0.7886356176489308 0.8361440531396435 0.8437703222103544 0.8388423075834933 0.7943538681464486 0.7866031130909986 0.7441539346523598 0.7252032937954552 0.7526493768567134 0.7368691489652508 0.7221170979751212 0.6822151106411982 0.6677218170027733 0.6372280324295103 0.6385982562454888 0.6414374043657258 0.6189462027659348 0.6220708598627263 0.6437346347962297 0.6425573197522909 0.6395559531266027 0.6649003063222031 0.653262167613022 0.6531808844172502
0.7319776982267028 0.7195925876203448 0.7295704884203464 0.7554301392753042 0.7312505813277488 0.7372465611680328 0.7649544608454755 0.7526914387682345 0.7695915527901851 0.7895074818736295 0.7737064773696353 0.7561935481288709 0.7869380231061235 0.8130027234823505 0.8341340408832596 0.8299796248112157 0.8249537233980356 0.8001815184552372 0.8109698188907885 0.8307932112114171 0.8287168035920353 0.8058178221313498 0.8231750874239061 0.7887018608139413 0.7485619549885684 0.7565074218032988 0.7379815771527231 0.7588069476035582 0.7343742046394224 0.7446301495492995 0.7202373048034664 0.6672516585674209 0.6684905222139516 0.6640709995830605 0.6343075633159386 0.6613975151134429 0.632651888003619 0.6390225105666065 0.6415929358531572 0.6333171678797698 0.6514140152730638 0.6572729235189347 0.6730579555643427
0.7343067239382557 0.7415325631654999 0.7635507609558385 0.7557739309936156 0.7796946686168759 0.7709325866712329 0.789719094802715 0.7937278510920466 0.7892560796241725 0.7852735610182858 0.7858056048499577 0.7898319524023965 0.8329498636073539 0.8606452782147664 0.8547175210716583 0.8286924843512727 0.8215274465200573 0.8333050955418688 0.8128226588132123 0.8251273026223914 0.8402815199145344 0.8053671008251421 0.7925803406545725 0.7724802576096912 0.753354942878974 0.7654695206199291 0.7694671747631592 0.7486130082118768 0.7580326327968366 0.730178170931773 0.7349657757252198 0.6959860435123437 0.6940081768753653 0.6773067918690829 0.6626285262643918 0.6873627586974881 0.6623617064618026 0.659970492644044 0.6676611021814938 0.6441853967548369 0.6681753932952179 0.6898370893885685 0.7014696008991929
0.7654032177862284 0.758186460191155 0.7844449050576014 0.750368433097609 0.7698477861255971 0.7871998894446269 0.79032922364013 0.8116682282653169 0.8078780666458616 0.7869693624720452 0.8007478573076495 0.7931876962456189 0.8207163336280233 0.8115071755202921 0.8253427200522295 0.8121318552399398 0.8230286642722524 0.8316685360437749 0.8151181363733828 0.8068880120095298 0.8131632910515211 0.8142242677804258 0.8093666130661222 0.7950011842864178 0.7860953357012362 0.8085721191199727 0.7954884954715707 0.7661304176116552 0.7571118193711814 0.7257413806321302 0.7235311245795536 0.7267292719495883 0.7258676116693353 0.6948612681830184 0.7156702246022524 0.7073447705535659 0.693501516061434 0.6698360337469225 0.653899314412082 0.6804169249462556 0.6713895624004902 0.6695638796087436 0.7137648062276909
0.7934929316721653 0.7933410251852896 0.7717939177693884 0.7723558716333577 0.8037445799029714 0.8246082702480704 0.80551078140958 0.8072534680377457 0.814180991172834 0.7896870581237612 0.8006064448688499 0.794930997958089 0.8240866820641123 0.8268684727085106 0.8327102682428005 0.8449632679534073 0.8160938066386509 0.8036541771254144 0.8325262654448933 0.8375626020747553 0.8199053969118969 0.8244780717399671 0.7786703237083356 0.7826573758163378 0.8181478315313391 0.8166273217318346 0.8113477303265516 0.7649711969493943 0.7784999454476259 0.7388629692568828 0.7461033369296975 0.7387621626240237 0.7458486687111276 0.7263129939470659 0.7346171207990319 0.717717203182747 0.6866319937435349 0.7183886985390874 0.6685091863617417 0.6776209663811796 0.678203704145791 0.6882118324854309 0.6926189467410815
0.7837676809986722 0.7843279913330974 0.7907485170260612 0.7854149081859094 0.7970501325113327 0.8145614143455019 0.8229278306693596 0.7928708680241604 0.7785148548150637 0.8012501638238402 0.7779177585347348 0.8169000286668718 0.8135962400818466 0.8261334101820209 0.8184884530708958 0.8407612271375642 0.8652772377594316 0.8624024321018909 0.8308757305992079 0.8638766071435219 0.8451763332965598 0.8138571996297367 0.7880970778382794 0.817047798505478 0.8170406862366437 0.8283685475118321 0.8092224401880801 0.7701338534505495 0.7813520636305707 0.7785900978624027 0.7371687354357914 0.7334115688628599 0.7599374926443683 0.7223804799582741 0.6991428522578003 0.6893595802836842 0.7024581500882405 0.7115174622518678 0.6671927189718194 0.6841298589799099 0.7101871952137094 0.727635998333321 0.7152405998219047
0.8072928689094682 0.8382222050913172 0.8250871064504952 0.84514938549682 0.8546067760657384 0.8253749108707729 0.8116741512090712 0.8135583989826528 0.8217303678878792 0.7834071321968397 0.7931067076702382 0.7954912315040331 0.7903968669892415 0.8081308542283758 0.850506595015146 0.847342089146121 0.8550196276639914 0.889685924049687 0.8757216093414477 0.8734438376866901 0.8583299666584188 0.8429666813449571 0.8140560993202164 0.7905603658476086 0.8165027245615678 0.7890936371729534 0.8028812910129624 0.798686169484468 0.8012685726249019 0.7683808152072555 0.7654409850822398 0.7708364588852527 0.7378827399114656 0.7312602751087881 0.6836989281063499 0.7039837115743987 0.6965476809067618 0.6870267664266709 0.6835869226757639 0.6656604063306952 0.6838491059285892 0.7183037415541764 0.7180113475224139
0.8236512630034946 0.8497596172960766 0.8453495185502363 0.8852046362204421 0.8731498655603535 0.8764198158043083 0.8559548695575238 0.8389088014123185 0.8257018907035777 0.7993143789298253 0.8210927771785639 0.8262457907360887 0.8198617070415363 0.8266961103038784 0.8633638788757472 0.8587269580327513 0.8667016069258855 0.8690928393738555 0.86535334764374 0.8582488490748311 0.85940844756319 0.8433662677740845 0.8069586083756011 0.7707084716558269 0.7851143376772626 0.803023032651847 0.806040486616676 0.812427669375685 0.787163556927549 0.7967489488049975 0.7992372991062378 0.7705653396239088 0.7754824809584384 0.725030410262355 0.6873536082517517 0.6616632439627599 0.6490843117982201 0.6618584398957699 0.6745535614321598 0.6431747025497675 0.6675111115728073 0.6909074120807646 0.7005472539932673
0.8372130474233312 0.8652278456005719 0.8860180401775871 0.8999273559611205 0.9036605146141257 0.8860263639976415 0.8679540822708445 0.8793431900172956 0.8323875956031921 0.8248029523428458 0.80974812110026 0.801002669032924 0.8125707228975706 0.8519727155080352 0.8485726410416403 0.8753026216779153 0.8676126191882545 0.8933309033607864 0.8558284812652458 0.8656013338539336 0.8271201389138835 0.8212519578752132 0.7978033680266957 0.791218502672175 0.8042496233061058 0.7755858641458799 0.8117353537392974 0.8062223092940374 0.7871139561653657 0.8248741364176089 0.7939455024323525 0.7847298578663051 0.74907102224827 0.7396362433253912 0.7043432847406674 0.6639617546408999 0.6469645948550221 0.6313009656332911 0.6534644861574659 0.6309220188310299 0.6594157381765837 0.6802026140207537 0.7089997107639283
0.8419340059944214 0.8539498493777018 0.8820815219945782 0.8744850904326993 0.9090253442174323 0.9167895339288992 0.881751021688718 0.8934041120088418 0.882328669081749 0.8578141204099239 0.820025354807133 0.8511301818951175 0.8462201948853078 0.8402129914496196 0.8561028124567999 0.8807022699746867 0.8789739592358708 0.8582571132599552 0.8471298128564917 0.8205014627028783 0.8230705771028081 0.8438941501739798 0.8462100863724237 0.8088051305869174 0.7875579977220033 0.7998609167070201 0.783282200679722 0.8144253949369761 0.8218823852229911 0.796046496737136 0.799540065098755 0.7863775898418885 0.7744791436415699 0.7363507000965832 0.7107549491314593 0.6907854842711513 0.6620309678758944 0.6465327459578335 0.6854463064921547 0.6832192527929856 0.689044545191001 0.7075595044228898 0.7210764782375197
