Raster_benchmarking/DGGS/continuous/raster-143.asc
NCOLS 100
NROWS 100
XLLCORNER 1743169.1093514615
YLLCORNER 5469295.160793672
CELLSIZE 10
NODATA_VALUE -9999
[rows 76 to 94 of 100, columns 0 to 42 of 100]
0.5087424753157332 0.526730743662886 0.5512110767248231 0.5341996206106805 0.5214727365186728 0.5807552553551042 0.5859822896695556 0.5741293859195664 0.5882109479976831 0.597039924605876 0.58890340456559 0.6448255312591253 0.6642442218088129 0.6612545904894975 0.6929694604473545 0.6834165425652446 0.7147390076683134 0.7183600227057723 0.6994130865440294 0.7233237739982105 0.7477647775961258 0.7273228492539922 0.736596312762538 0.7305758966282376 0.688303151069327 0.7127915474924424 0.6991880538543088 0.731631581741873 0.7856484194439065 0.8479978649067842 0.8639957604297525 0.8456661119221617 0.8727417696063979 0.8485787485040323 0.8611310252325701 0.8854905126135906 0.9081357514817188 0.871423731910279 0.8413384003728537 0.8593464583715754 0.8707308592663185 0.8463546101364746 0.8407945749714931
0.5143247773957849 0.5139155683828144 0.5132788351841867 0.5416663014476658 0.5428550351313316 0.5748196345666209 0.5817954493096188 0.6059671223726003 0.5699712053271532 0.5785848956752193 0.6327412681273594 0.6266914300100218 0.6628319406352192 0.6794480877453076 0.7038735954558945 0.7159015575813285 0.6950477436450206 0.7212675196777361 0.6886254961338494 0.7339075245891453 0.7131709772421848 0.7362555665625461 0.7380411886541147 0.7234192364751216 0.7280753018133244 0.7087627386121808 0.726623262981792 0.7464136321463234 0.8160613348485382 0.85900575882833 0.8555225890763587 0.8890270911030403 0.8943723460777864 0.9007219100607262 0.915004185487287 0.9017024036165031 0.8851735087086806 0.9136345903415194 0.8903500644420348 0.8536870483047738 0.8826426965334163 0.8518824663605846 0.827948747370554
0.49947630300115337 0.5137759258655 0.5052714357306269 0.5202952702918565 0.5519262861615717 0.5992874675850449 0.596606250407263 0.5775266775579349 0.5810587213104522 0.5908134391546144 0.6490766069508626 0.6485616717858618 0.677221346831271 0.6350516473542104 0.6519054928737489 0.6955331723468564 0.7223083054818282 0.6912130809672876 0.7004132734685035 0.7271758712931813 0.7113032493040944 0.7284262601602122 0.6984148256649794 0.6827426245558602 0.6983312309209232 0.6989022087440285 0.7328177271603653 0.7438257311310663 0.826398822261544 0.8547110193988943 0.892637480489946 0.8910074003921691 0.8946525175566391 0.9075635964854224 0.9267747388603644 0.9049600899780593 0.9130631626518113 0.9201332039557906 0.9225167270834035 0.8901979350215331 0.8568506256595911 0.8541824184702802 0.8541704425915623
0.5035289658762551 0.5289182996277786 0.5422840915489183 0.5822272942256187 0.5917644919321712 0.5804124451875629 0.557459546792729 0.5870214437204418 0.598581952052093 0.5997557989369715 0.6588629508004114 0.6558258221692158 0.6310478303900099 0.6192452704918964 0.6586075041203321 0.6526641189535857 0.7018296052534138 0.6769333132798147 0.7047243136203799 0.6712940303169657 0.6723055213776087 0.7042743418683467 0.6761390104431896 0.7004365525637491 0.7194351438822153 0.7315923511667162 0.7418821543248848 0.7648686816733998 0.7916648314009334 0.8274993184251753 0.9029736127292911 0.9185258371322721 0.9050251011467666 0.9264094684432692 0.9226857376803449 0.9131102189828865 0.9273487463488019 0.9156550612424005 0.8862922817913402 0.8853359440022555 0.8469362867534086 0.8290056258056545 0.8553378061704021
0.5616612392000936 0.5630978446758147 0.5758675579705828 0.569713841881688 0.5974058487977524 0.5974125291476994 0.5575268397132207 0.5731782548577343 0.6080839510109339 0.6163547286840281 0.6388135632874878 0.6222105824885275 0.5869596994177992 0.6055956924346083 0.6365623789212793 0.6333982637472882 0.6604385536901423 0.6948230874442707 0.6865474505903026 0.6852316900643268 0.6890688200777803 0.693199094438389 0.6831824035034821 0.6948712868868272 0.6932265576655389 0.7375040456246497 0.7260794661209975 0.7731370943849559 0.812667643001505 0.8393977360640691 0.8796825663351114 0.9026541267148138 0.9299884231079798 0.9340691548358812 0.9026380516118875 0.9335237102297383 0.942474979970714 0.9246534469483787 0.9136009128663924 0.9033871283288258 0.858148831188284 0.8482024491660698 0.8292560602798527
0.519793109004197 0.5610640779488169 0.5992915703311059 0.600656233322314 0.5828358168550346 0.5538441510812467 0.5877790130990842 0.613230510308907 0.6161323046092092 0.6403446494530615 0.6278055554360804 0.6056931192738624 0.59246833978698 0.5807178272665593 0.6319965344756818 0.6565163055905471 0.6359710181174736 0.6673627568252894 0.6833007430895042 0.689801858688786 0.6703945263658514 0.6747995108887864 0.6988874835502972 0.6792485200063946 0.7154357483855593 0.7576645758603366 0.7751905682136508 0.8115332675049722 0.8440305221695614 0.9079578297327269 0.9082265821566193 0.9055730080014286 0.9208286302705843 0.9103989575776713 0.8960888797335764 0.9297756020067341 0.9319001565923313 0.9433237966663336 0.9353037191468715 0.9174441168631576 0.9270978856426267 0.8877780989313105 0.8497352042035143
0.5287651213468514 0.5548052861940418 0.5736028588443908 0.6061176761801202 0.584314850701979 0.5742591127249339 0.5678793234179336 0.6014441115252843 0.6389002146084737 0.6228074370285771 0.6236915750499371 0.5875183320811994 0.5937808811899267 0.5969422037925806 0.6026128726651109 0.6428966298984161 0.6414123233774792 0.6733600837295677 0.6658964638193313 0.6448216227648794 0.6388819509148669 0.6816653178831539 0.690994221207792 0.6924023224326226 0.7494830244732585 0.7690341650613057 0.7941329853780805 0.8313332941122841 0.9083761296131133 0.9083662575903984 0.9469289974693372 0.9738991340471423 0.9653867136053316 0.9472748324034086 0.8976252835207437 0.8981751778992982 0.9430443583034445 0.9605713999093555 0.9614241517843041 0.9752122879191395 0.9496362223448014 0.9375119680580929 0.9148241531847604
0.48947088818214046 0.5020429095696394 0.5533210152739876 0.5813037142791715 0.5861358799179162 0.5600482396783423 0.5754579504221491 0.5951968805767671 0.5938618836005705 0.6098944598578703 0.6115586761790347 0.6073325407678628 0.6326272036147662 0.6449811683505183 0.665566850476714 0.657967385314619 0.6751393830855588 0.6323459561521814 0.6484443761140237 0.6406011255754138 0.6389892271101425 0.6441695570703758 0.6926565248522514 0.7324141797523205 0.777361068724205 0.7805057822161452 0.8193476383953798 0.8955548338522912 0.9443558572394402 0.960195063281281 0.9512463646782985 0.977778347736543 0.9479744811927527 0.9170090396184436 0.8904814209794616 0.8928604702527209 0.9369355863717066 0.9301423113391211 0.9696354953678706 0.9819295732781976 0.9732308139855788 0.9459009357133811 0.9333404645974425
0.42344784692629306 0.5213206535634346 0.575570104731766 0.6009855318640035 0.6051383670795858 0.5762130652123896 0.557006947184037 0.6149107014762606 0.6128172706476886 0.6338683868542959 0.6012666747577049 0.6406774353912112 0.6339244096923232 0.6811098546088391 0.6733335285210278 0.6486145476533838 0.668746427457487 0.6418192121279805 0.6456223450184949 0.641978841972533 0.6527227530504184 0.6649260841981807 0.6960126858260359 0.7306174551339758 0.8160971021131068 0.8292025872442722 0.8436047071164678 0.8992278442391248 0.9374146387204099 0.9509237112350662 0.957930063972574 0.9591374940702768 0.9576254997993071 0.9044749869210055 0.8910116989161163 0.9269427639691323 0.9145098672792931 0.9372979134216448 0.9780648528779541 0.969690629227481 0.9638739251576663 0.9776620758088014 0.9565548143329392
0.4375785295030831 0.5042241034578528 0.5402160692222914 0.5579953549355443 0.5837293983949473 0.611962421682659 0.5772379016115702 0.61739607766341 0.6059656191624094 0.6388557175425709 0.6384641930540422 0.6422231636746387 0.658396616386367 0.6903863887866938 0.6966146681625072 0.6708338020757746 0.6456358947094395 0.6530102136560649 0.6780650591595209 0.6738029328515966 0.658705180984197 0.7060697458935683 0.7256433632329914 0.76451459521739 0.812406586093884 0.8715909051350598 0.8688529775060712 0.9151430425575086 0.9576702342080368 0.9711558663759071 0.9472519431690577 0.9874087462135273 0.945788033170771 0.9284120646539932 0.9319007667399196 0.9332139710938907 0.9061583542954492 0.937173291927646 0.9844646523124804 0.9470080448222113 0.9475433825218068 0.9558086079953061 0.9746208622530189
0.4479110579580448 0.4852943016246957 0.5483095974542695 0.5649215515503391 0.5898018736750913 0.5896819812198072 0.5997665523643138 0.5899742112147394 0.6071193813254877 0.6334595858591612 0.6775557908229148 0.7057304300651318 0.74442013222856 0.7319917920876208 0.7223983103659595 0.6724374301247906 0.6805526739261683 0.7025054073102565 0.6959300491397743 0.6726227789391944 0.6705578374890434 0.7077316509976618 0.758132415004906 0.7983309489734675 0.8589149272612996 0.852591201136103 0.8793405799688319 0.9175530518340247 0.9677079971913736 0.9584736048662623 0.9649941165730532 0.9768730592619973 0.9840730689045122 0.9505938634745347 0.927211129328241 0.9144832941711472 0.9253852528525897 0.9385679587942763 0.9853685100773426 0.9539930183151646 0.9545656540745676 0.9587727874658742 0.9364980051750967
0.4950798936754216 0.4818964089505076 0.5232610675770051 0.5518541647581661 0.585787836088553 0.5949325301277627 0.573787445388448 0.608985379879988 0.6406956739754989 0.6660316804106697 0.6600738940685171 0.7258010122141556 0.7414928928567032 0.7498636596697301 0.7320525664611456 0.6844680455129707 0.7025369142284179 0.6932061414442979 0.7127072569004343 0.7045814252147836 0.6868008742443363 0.7285811995715632 0.7568578434815664 0.8238515087259156 0.8594090203396021 0.8990067185702729 0.8926103498605589 0.927063087828115 0.9757647754274159 0.9919603962297243 0.9768349244183165 0.9651895051059912 0.9680967464437855 0.9697621413026156 0.9327365613487921 0.9349273567308671 0.9577238725169217 0.9604303719402002 0.9839195323343723 0.9583055136125642 0.9661111883160877 0.9757609104053717 0.9892983705745053
0.5107447755688255 0.5407821971950018 0.5194982028501344 0.5347007233884892 0.5381521077320356 0.5797939079567518 0.5872033217594141 0.5804329621182068 0.614773952285632 0.6702502673018118 0.6688574410845279 0.7010782425531269 0.78424720328849 0.7432418192931811 0.6820954942954354 0.6725545343945681 0.6896431695094281 0.7141776011866804 0.6936133012303608 0.7295747025116948 0.7140529348910167 0.7386989156622703 0.7907581547061655 0.8154422223506206 0.8722492195727606 0.8728298903514768 0.9273603525859899 0.9694953735965567 0.9922268639525408 0.952339958450742 0.9667119285826613 0.9737440589883067 0.939738867758752 0.9478366720211713 0.9792114091282974 0.9673309817568339 0.9921862561972122 0.9819915352500566 0.9357451100047786 0.9519341265447219 0.9537990904000864 0.9892337084673419 0.9910573612477371
0.5340753688485333 0.5494011100813291 0.551493328325879 0.5465217089804821 0.5374466654183734 0.5471371550962746 0.6023695034402307 0.6026024986752223 0.6303823762998201 0.6512538635708692 0.6714303283414726 0.7152871054598372 0.7261119457877298 0.6998849874301795 0.7064955012927242 0.6962532106214162 0.6829810656479596 0.7020588692257151 0.7173822491599937 0.7332506136816761 0.7117778364015318 0.7349387583575435 0.7702147362119175 0.81696457536633 0.8667262885845365 0.8790516282001982 0.9296911852039984 0.9569399969962148 0.9459896876348184 0.9384822364876936 0.9427330038790893 0.9310428290261867 0.9726482518080491 0.9756548336517575 0.9889671285582121 0.9574126818495479 0.9676648416780047 0.9508516689102166 0.9313303952628346 0.9311162750283276 0.9518376168649592 0.9546870753433547 0.9486983030292683
0.5563165705305233 0.5318303755106645 0.5466212162223332 0.5405364439534505 0.5479508863054519 0.5541122111076068 0.5963025141759616 0.5983226408558947 0.5941899081525147 0.6540504361597489 0.6768869861617951 0.669407841427816 0.6831831876577782 0.7085814339676786 0.696532754580496 0.7224128890822392 0.7055322427324483 0.7405702124549169 0.7285994756504548 0.7598024975335165 0.7401486975111825 0.7632168207753075 0.7717461438471023 0.7929245991656484 0.8121602590711164 0.8526788310786635 0.877677265420882 0.9413958695010686 0.9290786449354671 0.960467075477223 0.9408048373321626 0.9192998060424606 0.9698102384283726 0.9453871181989155 0.942021967410841 0.9317351892670593 0.9582885507773593 0.912588263567592 0.8993868859727494 0.916591606993867 0.9454832327444372 0.9338643160965729 0.9213908595232422
0.5447858218318181 0.519008242698491 0.5396868764430555 0.5250252549133176 0.5279220634502679 0.5466282480714592 0.5777509859277236 0.5772698428218985 0.6094304285831482 0.6264599652251409 0.6546649866037785 0.6665975497353152 0.6809847171825275 0.6972301897165462 0.6894182643589677 0.7035876011250844 0.719879122551318 0.7390667327290917 0.7507535529936642 0.7457137364860289 0.7403429814864283 0.7708546131462729 0.7485275393750175 0.7664815094931277 0.8141852339519806 0.8478491440556417 0.8872632905258135 0.9008698906033143 0.9070390155954023 0.953044216795674 0.9241626030973484 0.9298969733684357 0.9270694216921046 0.9259149376941138 0.9291152980334858 0.9327888088557817 0.9565088436076159 0.9270666773393987 0.9026961264889538 0.9352929139569467 0.8955853334542284 0.9104268159230134 0.8900173052487044
0.5298269654179609 0.5459242576001546 0.5259251534423722 0.5407159466407653 0.5264239768291844 0.5241603341066198 0.5754507299389212 0.6251747612164769 0.6422356710172062 0.6357742821448882 0.6537578388966241 0.6707427380994236 0.6861941589708722 0.7052494051868319 0.7352105396346389 0.7330995804582124 0.7544860903989812 0.751325476269287 0.7242495347769298 0.7117690921544674 0.7188400526101469 0.7480790551473265 0.7608851969897245 0.7839492551061991 0.7781230869304625 0.8596109189484854 0.8759891797815479 0.8944411897677023 0.9411426158331196 0.9248977495241701 0.9014010178110922 0.9034500968585533 0.896691457055077 0.9241136850977782 0.8952982007044354 0.9042988955351102 0.9181377881182365 0.9256515684206571 0.9366782315031562 0.9002273394235749 0.8800072266326718 0.9061078611131663 0.8826420346804732
0.5421618129054261 0.5234176718870112 0.5550888077996208 0.553413804895022 0.5546784622023618 0.5406554445009548 0.5620077901707355 0.6042529852161325 0.6290451741362995 0.6584599669924638 0.6601592963491214 0.6396445277748662 0.6773553607116845 0.6938764101140237 0.7194262982734666 0.7301081339488886 0.7502159214555268 0.751584809385472 0.7643831564208255 0.7481021930836759 0.7242735411024025 0.747777594234416 0.7542451923413785 0.7654057447096554 0.7834876797043681 0.8466476667722997 0.8747832401589251 0.9171424435332404 0.9132974302188499 0.9077561350521747 0.9227997042223112 0.9061053015948848 0.905053992857588 0.8833757794109788 0.915883295122058 0.9006152763456555 0.8973815683715772 0.8987559355826861 0.9056544106621529 0.885374545966382 0.8910416036533039 0.8623925347351934 0.8754197283720238
0.5424102181964986 0.5510542555733604 0.5304206985132424 0.5588955325654189 0.5486970723797807 0.5661608932436717 0.5284431622361387 0.5879992394597712 0.6108191032294852 0.6645741394934004 0.6604128129021274 0.6211105716746633 0.6288323221190422 0.6558131897255072 0.6905756584577888 0.7251405542317391 0.7762367067288268 0.7486912272407754 0.7731704067094356 0.7841959812907714 0.7695235628838527 0.7579456822133561 0.7621482179691274 0.791451062631521 0.8016701723557573 0.8357446825982763 0.8691017401234443 0.8980940170833662 0.8971869670123429 0.9119924880863833 0.8839966618043329 0.8604739363017967 0.8933565590446935 0.8996398524199816 0.9077903339524824 0.8839261910688758 0.8518024146846669 0.8803875185223841 0.8815661964071919 0.8503189231429211 0.8483038041500802 0.833786983336419 0.8608051541868056
