Raster_benchmarking/DGGS/continuous/raster-42.asc
NCOLS 100
NROWS 100
XLLCORNER 1743165.7470467878
YLLCORNER 5469279.996269659
CELLSIZE 10
NODATA_VALUE -9999
[rows 0 to 18 of 100, columns 43 to 85 of 100]
0.08819740545691622 0.10850526343075942 0.07222838838361739 0.011419219274111698 0.018330503078365062 0.05637870904447895 0.11197134096023595 0.13041282452732186 0.17703645429955 0.20629687000194435 0.16025612349211912 0.15250192527240758 0.1787520497837808 0.1946843873702874 0.17922410004706701 0.16701717710683417 0.21269839474964153 0.24411301840946537 0.239833807484037 0.23568416475386636 0.21841068046459272 0.2294512673098932 0.20603166323970307 0.21435383483406037 0.18587272382625333 0.22369054676201772 0.2107621877798378 0.16669720278483938 0.1533304222097352 0.13621378565793055 0.14648282641489271 0.13302064458419252 0.11787506258224527 0.13609277671068484 0.15620040856752254 0.15958451135631738 0.21460585103710042 0.24245443731584834 0.26350477637921044 0.22896604122337877 0.22370796908703755 0.1839392461069554 0.21950650428784493
0.10573703793025244 0.09613365042416092 0.04419279436482219 0.054913565534766 0.04050305098040665 0.04784395241841139 0.09069430667964946 0.13893889939839402 0.15574902254067322 0.1689311525345029 0.1787203135214828 0.19447841567718252 0.1966582308727495 0.17094581088857422 0.1764654806269521 0.18785693425992736 0.21493222026561695 0.22855452674362828 0.2466874358665676 0.22678861468958394 0.1969568173379118 0.20161093355854337 0.20259417756895434 0.22352876478138148 0.18503723870250005 0.21966118253913558 0.18612231250932526 0.15389699521054184 0.1569008124540191 0.15119846643762233 0.1543646132042729 0.14194934559451813 0.14347493707660017 0.14732938233258544 0.17408288904688157 0.20328888673934423 0.1833939455661898 0.23232211498375094 0.2536912100229853 0.19881170447414967 0.18178835418502823 0.19540282369101758 0.2076066918059013
0.08597962472278145 0.03586621912882728 0.06323677181775778 0.03461701951809427 0.06698555852878316 0.07594844470369788 0.08276804184070158 0.09744561014456497 0.1356199557822858 0.187878912384526 0.17662472950395805 0.18504040883719944 0.20048433863787646 0.1601298541294248 0.179256609812332 0.2328750431307144 0.24421192651399729 0.24301031701676093 0.22878598849217016 0.19116352180184118 0.1743690218984834 0.22257263924477252 0.195959178961866 0.21312242769528625 0.18210595510537372 0.18903030924389788 0.20270662319975397 0.1788046731175411 0.1498254063221603 0.12110203812228852 0.1549956585896767 0.13352593281992778 0.17965415175184296 0.19374539886022454 0.1867976265949559 0.20156461790777874 0.19160605087178426 0.2258016811945729 0.21756527767553435 0.21859891559978925 0.1910972547488417 0.18567757117706077 0.20164426832048224
0.04316633474586587 0.03483668995597526 0.06779213649569153 0.061266702015625805 0.06255260140990214 0.05720066725603302 0.09812909092995709 0.15669565384736867 0.18478870463549885 0.1776781434727766 0.17557367990968625 0.18052562950598858 0.19681121905332918 0.1914881270056517 0.21623529128418376 0.2146458632431909 0.22624889673909182 0.21525285874310895 0.21333843248343165 0.17942902618716242 0.1595672517192117 0.17379532113143603 0.1700003509963656 0.19217746550674186 0.19045324789572068 0.16762723689592948 0.1858684456226744 0.18316898442691765 0.16095082625799995 0.13512681109386482 0.15345793857469592 0.18335864729668722 0.17272411061341605 0.2121965004404955 0.19441358644124385 0.18209559131583924 0.20624479691339465 0.22151189935932925 0.20771699722315815 0.17762209514251423 0.19493526438460002 0.17527427193746623 0.1946642079146332
0.061197555193697774 0.04269897961859137 0.051728316706003356 0.07935204912979332 0.08229772442497774 0.06659877884980467 0.0898785318907629 0.1600570257886674 0.1844028765899656 0.23341359008650223 0.19417084692328812 0.18308958022943564 0.17572718532788323 0.1728586151592363 0.18571884792332605 0.24499815505321848 0.25079670427649736 0.24565584211778504 0.23817967170612522 0.17629711819676455 0.15161205935970778 0.14357504325634635 0.137314734564042 0.18743393113476764 0.17153012642378834 0.12848070333129938 0.17322342358303788 0.19259869886072628 0.1604671604636807 0.18009842857035793 0.19016496719312212 0.19071494503788172 0.20010074573549183 0.2032644733409115 0.188735523051056 0.20665415822795896 0.16529636610135773 0.16977401285132357 0.1842102147837522 0.15342531627211317 0.17329220009273658 0.17814363097969418 0.20096654711689502
0.05951210156055721 0.04768582140711966 0.07294457135476473 0.08809713175890024 0.09031304309811204 0.08349200545141248 0.09232750058960713 0.13128710143085776 0.1886343889095814 0.2177560201264518 0.2187565384157708 0.20177106944247541 0.220490395547332 0.18583072489942742 0.20597598474875875 0.2347963891779944 0.23961402269870427 0.235133463400112 0.21853889540088517 0.17433373873425098 0.164830364412242 0.151191630067563 0.1342527908147683 0.14352971659597005 0.1588595662882361 0.15568229455104035 0.15626148490280292 0.1439010574348918 0.15802766136164242 0.169607390590203 0.15949400590123128 0.2035547807343411 0.2022044359390304 0.19909277669169767 0.17834446022216294 0.17867710049167745 0.1798516797177074 0.16688064053892934 0.18272152550833176 0.17824927441237512 0.17499260824865012 0.20378777821138935 0.19620202503641773
0.10063794919895884 0.058965913893770955 0.10898824131403886 0.07898637399125971 0.09639327493687748 0.08260898090629712 0.10204258321319878 0.14817746663829984 0.1953099237167501 0.21686368901022526 0.21671297186232688 0.2144655403817795 0.22962473321188473 0.2259696123733528 0.21710661842877374 0.23679597128338795 0.2355426291219125 0.25171236564721955 0.23250175655252514 0.21321122419749683 0.14834988148503228 0.1274410452023644 0.12230654395335887 0.14706787301164112 0.17840247263224182 0.19253357627286014 0.1444167008439929 0.1564636958302654 0.16986472939494884 0.15376330527686452 0.1631695734870435 0.18203688287281794 0.18368475302979834 0.14330319567222194 0.1580377588007632 0.1621853190699332 0.15830994764271608 0.17453732755197698 0.1720101964586716 0.17718788273359096 0.17713228530959016 0.20611670334602297 0.22270987115731572
0.10020127677930393 0.10818282092273122 0.12312046862645956 0.10881110836215441 0.09418248285780077 0.13497906230378498 0.14291762153651447 0.14256959229272675 0.1772471083945583 0.2269857357499901 0.20498617672482825 0.197949841480387 0.20015943884605977 0.1970800447687492 0.23211451926455898 0.20442508804728146 0.23077705935244167 0.2481875306756686 0.22499937542517384 0.17095478503240932 0.17954308485342554 0.16571127208265315 0.14520880475395306 0.13512423363766396 0.15758178300905845 0.15657543714046862 0.14958552349393128 0.17924277612039297 0.16446365845830754 0.15769134850748218 0.14316857393508084 0.17051488297326348 0.1726402755429998 0.14268203340848049 0.1502575798940563 0.13530177732338525 0.15803164323336683 0.15725633550078086 0.16221235907046724 0.20214384075034672 0.2204701565463819 0.21612356525894819 0.20746589886393244
0.12111037943780993 0.15689698925086973 0.16036160773409788 0.10434672439086326 0.137550046372981 0.16190742778020828 0.17732275566390324 0.18807161429746308 0.1694359467129627 0.21728393023574744 0.1903823434411773 0.21397996970209082 0.1911507163390087 0.203302810562031 0.22938606903346628 0.19938352398858883 0.20623354127166182 0.2522069577407322 0.18901779514648173 0.15277835318806274 0.16507039672504878 0.1260102107376782 0.16503701206625498 0.16141269873902153 0.17920428217635204 0.17155510497060147 0.15271331153121295 0.17570456226829848 0.18432875025944703 0.12746170377620225 0.14708092942944728 0.13914333935977258 0.12497533330074462 0.12527840517174785 0.1180722506189387 0.11777425953924565 0.14576848899759776 0.16369541419721886 0.18623027792571606 0.20771284782098667 0.20367535394776287 0.1917106354518994 0.2258719376601348
0.16072759963716055 0.15647763111846094 0.16424424357740033 0.1649995051081859 0.15398989127597063 0.15660235424524402 0.1666113951748595 0.16201057675846697 0.18279260487731908 0.18698042600266393 0.17617966365919702 0.198417271680544 0.19068997764610565 0.17212769841318454 0.1979155614943608 0.18803601744286877 0.19353024798146803 0.22695588341856351 0.17544669487320497 0.18632171381980442 0.1646438010700403 0.1389928288377813 0.13204243512834543 0.1637586398683073 0.16221679993609148 0.14866610338875133 0.16260646140479243 0.1569399852747256 0.16791354361683156 0.16564277246571824 0.13920204121061686 0.12184449462157783 0.10652507893334323 0.14064186662515532 0.15721300076451442 0.16351149109684152 0.14414653857225476 0.14680663878722044 0.18477276949645477 0.1775456802016905 0.18431155204365 0.1947878335813836 0.2131921503191386
0.1497993324823774 0.18688102735287687 0.19062165574442713 0.14081154310954536 0.1487228911248003 0.12746850021277592 0.12366941680431041 0.13903881421323142 0.1711474868486737 0.12132387275698954 0.1446594627793805 0.15586511491836372 0.15103764561436464 0.14149410665798784 0.19684309648055764 0.1800293403387128 0.21305828894773554 0.22426603597425687 0.19884764301434488 0.1708216387633493 0.1465788417296549 0.1566527845668332 0.15354693106859796 0.1570484762784327 0.1529919368369283 0.15218713255323146 0.16678022420530839 0.16757648775843614 0.12914429031849023 0.13273909635482914 0.1418935829100098 0.09479562353196583 0.092317917691162 0.14954537981817972 0.1496900759782125 0.1446808243824545 0.18080193840301648 0.16489011726725575 0.15712967535970934 0.158901709561782 0.1532058978326906 0.18899575060826493 0.22332500495378685
0.157802689484662 0.15139612661631419 0.17596290250329077 0.1730276983510268 0.1277117319448989 0.11116751183463036 0.1418511698284762 0.13366238095697677 0.14648234399129556 0.16486981267411518 0.16699683632656037 0.1403871765177492 0.1356414886610278 0.1278320498249401 0.16908623905712936 0.18439701951767837 0.182310078039013 0.2232182829325979 0.18654563363812332 0.15460607272945387 0.15842844476468035 0.16399837361972563 0.15830454103865668 0.14397376059562564 0.14960128993604271 0.1444262222465529 0.12163642771340318 0.1575779402290396 0.14524118584035522 0.1671040296643242 0.14269064310145932 0.12979951398804584 0.1053271543676651 0.10509538539301043 0.11089073172747493 0.13183532326565825 0.1768178117608829 0.17488351805365412 0.18498249488392596 0.15137672451873257 0.17156917258221466 0.1943836781056643 0.21004537818269384
0.1458883341026114 0.16973158260630497 0.16159104752530687 0.14518013548786052 0.12537997236030543 0.10958177004529394 0.13638320267959325 0.0891196577744263 0.1550803740369158 0.14418120860912675 0.17968418466347755 0.14586780596276258 0.14644397294957207 0.15682032194404605 0.18433892060344745 0.2004130213546998 0.1960892097984139 0.20071672389112435 0.17987344445161504 0.1525253528653917 0.13158106691985944 0.13118353326736512 0.17213872271428246 0.1401080767289198 0.12998774984479275 0.09794408877549035 0.10257350678354425 0.11499684544623462 0.15981629605222963 0.17811786054049636 0.17035022047310672 0.1558125691440018 0.10137629444907587 0.08809846413934545 0.10970373394827573 0.12410176181641625 0.16672239859708798 0.21476698856243776 0.17798333541818334 0.1561857939423356 0.1741413679530734 0.1901037256742971 0.18106285882132497
0.11082245866928352 0.15455305980300835 0.13355337596187522 0.12569465882080372 0.11048981812664278 0.10642450435817835 0.11382746158251869 0.10390962486386215 0.15670935271547626 0.16725260173579173 0.1778696525854926 0.1489740523875465 0.1704207520632513 0.194439291402069 0.20210015528161293 0.21012346600470735 0.19076930812320955 0.14904380194359731 0.13773187153603847 0.15836863726953965 0.14253104155758636 0.17461101557511288 0.15772141553984204 0.14242137602365304 0.1402410054646137 0.12081043408958168 0.09937795753200813 0.13354946194679493 0.15965086103722367 0.13745487268824833 0.14950591784538803 0.1527333637665268 0.1386542874471948 0.13311484742724222 0.10004210001413036 0.10972899803901065 0.13944876843406892 0.174187943060829 0.17367707948878686 0.21481724136760064 0.2070932369919738 0.220566163508303 0.21094752722816867
0.09411826474857153 0.11335240971553655 0.1338217973416498 0.11584192710361042 0.09792524814485888 0.07906012100163183 0.1270611208018846 0.11784138675738565 0.14632585726523128 0.18986250542981298 0.1913546754660128 0.15765828955964747 0.16417467301379096 0.21646321830201806 0.2101201946156459 0.2137239777214793 0.1690872766494936 0.14773038464117355 0.11543265701848304 0.11722061400206069 0.16494154154555016 0.16468606234430572 0.14785093318348888 0.14029084184537574 0.16123864945882374 0.13893593496600984 0.11492272490322528 0.14623048468431557 0.15334520698607018 0.14282191695250887 0.13655878390809062 0.09673789656237508 0.09323827550459499 0.11470205005368547 0.1027322406710444 0.14498363134837117 0.15236440964757095 0.15408707489833015 0.15547467279577767 0.22090711732815074 0.2104737253071717 0.18715833535442267 0.18166102743002782
0.12496889595719705 0.1322542778555688 0.10078787419422283 0.08919109943170889 0.09578339316745962 0.10413227060386285 0.12692634057100025 0.10650018115336203 0.1339520698747902 0.14906631608809176 0.15881944123386782 0.14476571206096375 0.16153989898656312 0.19677870074832707 0.22393110960748355 0.16686316866834025 0.15458724312713826 0.11918881234136185 0.13283638915384668 0.15328462205577303 0.16087177206233996 0.16510050687951688 0.13804657015809546 0.14883147083029918 0.1420899668378177 0.16389856689872026 0.17686926684765347 0.15649045067316364 0.13451506857321607 0.14137565624370405 0.14433018632367647 0.1332674970651217 0.09019342218726734 0.0960731592399479 0.11960485293094793 0.12401487880744828 0.15669430454267588 0.1562752092154795 0.16479806642187186 0.1991815879022762 0.22812004241056305 0.2002553778787725 0.21173071176829544
0.08964090693829395 0.09926192264374843 0.10053861888192252 0.08329561096201787 0.10007466082125427 0.07356870486244463 0.09253356028126669 0.1496808891711614 0.15613104952208945 0.17143190231264133 0.1804941747301178 0.15295625734007942 0.18024883748042464 0.2061364497778173 0.17744152188243245 0.1750654096017514 0.13896836157829254 0.1320690612930347 0.15279558285500863 0.14490760662602523 0.12135170424541855 0.11665852770868838 0.1788920174210583 0.19246354248493588 0.15112302271427708 0.19084930665302563 0.1603901884510439 0.14290187551658878 0.13419568712855232 0.13810104016208802 0.13374260149422204 0.11085906021314249 0.10270253322006781 0.09752409305626611 0.09215899591061182 0.09661869404362598 0.13184881032955775 0.1330456372093497 0.18422618410781907 0.21228082902009268 0.20842368275366033 0.22704475308367372 0.22770109134682456
0.09746697990829302 0.08364326160504892 0.07100879909933437 0.06869218875419894 0.0628787527243247 0.08450624697132351 0.09662771465833664 0.13720936116570584 0.1574891197289782 0.19432262940302844 0.18379064640505335 0.17986642403769548 0.17414595901136828 0.222937803567267 0.2031295234950927 0.1792146513314614 0.1672770542487548 0.17153617077511377 0.13806085185794065 0.14139987553044256 0.15943739394555947 0.14889523803762755 0.16995082463915145 0.17610298665485272 0.17371479225443257 0.18641516630978733 0.14300935453421368 0.12266438282075848 0.1568903794712286 0.13325906567631357 0.14359786052063536 0.1445450017756189 0.11183762967783413 0.09346453049393944 0.11271015230431361 0.1368109300078697 0.14737639117261084 0.15092739897352592 0.18608517302272296 0.19875108156644528 0.23769479074952138 0.2751501096870799 0.2632112902554767
0.11208701262930487 0.10580120457013646 0.11063176198701659 0.08788026406092966 0.08684334382914101 0.08612257654761417 0.13311559969375783 0.16942153674087004 0.17688047203028914 0.16996667741468266 0.19599307042607894 0.2119790157829035 0.20708323952688074 0.21077471012022608 0.21308526828084648 0.20917378437786463 0.20008618939117434 0.15426254572566514 0.14945860605806077 0.13756659946077565 0.17435823927359623 0.1779818223696389 0.18958546358933573 0.1941157390033517 0.16145169960912661 0.143857487755947 0.15599528905814977 0.14016114157860887 0.18933407266058658 0.18865616697588034 0.17339962152114316 0.15065081678234793 0.1763313311933677 0.1473211456166198 0.16084093084430462 0.15925180081671877 0.18216519581331583 0.23053073296829943 0.21488826904062405 0.2543993081192922 0.272345828606033 0.28001514526280974 0.24289096870646734
