Raster_benchmarking/DGGS/continuous/raster-35.asc
NCOLS 100
NROWS 100
XLLCORNER 1743164.6195858591
YLLCORNER 5469289.653779994
CELLSIZE 10
NODATA_VALUE -9999
[rows 76 to 94 of 100, columns 0 to 42 of 100]
0.45798689740356974 0.4574269644390812 0.45923993072171476 0.45301499265734785 0.48446724915372114 0.475236752732778 0.4718412686438308 0.48348831962105043 0.4594539486283776 0.4552412409637671 0.42369822711464245 0.42341219829108917 0.41055674325286534 0.4080752351318046 0.4429017053503754 0.4575818819357655 0.4702577506842017 0.5180885157978017 0.48581713033956436 0.4923231378212673 0.4888687463621818 0.4645652019738864 0.4279379619475546 0.4296802347254675 0.41220772042728787 0.39698452490743197 0.399114774107195 0.4336672549685509 0.4495037856206481 0.43579457519080206 0.46980571783571684 0.484481872357221 0.4891046238117902 0.5065668473678484 0.51462933722586 0.5419566411259195 0.5522860767782181 0.5931222171765427 0.6246311083399317 0.6156173853304288 0.6077692460505625 0.5846489063738469 0.563116316772778
0.4402976036000326 0.4752081389304974 0.47299574838494607 0.4521498479477262 0.4616988432308761 0.4852259016604198 0.4814547831580406 0.4490240512663824 0.4434747143097661 0.4397786881839963 0.4071002898124422 0.41283648616432594 0.40731638961508626 0.3839026112806699 0.4002426410871479 0.4575507525508385 0.4520825975142169 0.4590089522862891 0.4879374602027229 0.4983050742154916 0.45508118659483715 0.45027872353630877 0.43367170550536555 0.4394043588771333 0.4362664270995883 0.4211943393153335 0.39057405321230343 0.3956458817898542 0.44487298365558164 0.44274047921750254 0.4370131987474023 0.46525769243626086 0.5371002822816803 0.5134045006037958 0.5581711863089144 0.5364611931342218 0.5530033472400415 0.6042145656722194 0.6266304801440219 0.5948058437288464 0.6073163420270938 0.5637109356454109 0.5356615325894366
0.4433021099447884 0.4525658257612527 0.4321029833308709 0.4298920758975366 0.4447636736962951 0.4555913052492784 0.48024058862279795 0.4658201556981357 0.43650396983913564 0.40020048935263364 0.4176829384904083 0.4181335417519517 0.4087240587475914 0.3995404167249586 0.3999082163936348 0.4337750670010478 0.4499757976876612 0.4448917928724199 0.46579982170905776 0.47645491066094864 0.46795115066301585 0.4547336096799538 0.46233549954231723 0.43659341464313206 0.41136668657229775 0.3984480173683761 0.38291918941512154 0.3863054003417476 0.395840414030674 0.43463045023257285 0.43188225245542644 0.4765448810670731 0.5306298898600594 0.5370608515085812 0.5439493124569854 0.5819876624683964 0.5705162645437631 0.5765796013445617 0.6008290169392889 0.6051710703447442 0.5738904902885655 0.5543768434023422 0.5334638817413057
0.4156145555843186 0.4026753568580217 0.4361217944875871 0.39708549799320786 0.39612390849533125 0.4034738799859629 0.44129467630267444 0.4162699898708991 0.4230488926761886 0.41390589559849794 0.41500859324374034 0.400299081073526 0.37591509745843843 0.3603538572338801 0.36555961470634063 0.4048107933443995 0.4311812593127177 0.4579291654157144 0.46072567801349384 0.4650127790583067 0.44724831976259677 0.4575461419427989 0.4502457015497829 0.4224720598650736 0.42667038098481425 0.429817202245673 0.4118500450697408 0.4083178533979345 0.38427032778377773 0.41301835607317444 0.4368138021234578 0.4677376981462204 0.5501270579826698 0.5473604547645399 0.5580431444691699 0.5592095857966056 0.5785198904404151 0.5789924566917903 0.6018678782400328 0.5783362475188387 0.6046513217089021 0.5801892830451306 0.5482895607739336
0.37466135713801874 0.3715849353266946 0.37022996397935354 0.3878392872057224 0.3770781851108536 0.3582113588232867 0.3743283790789806 0.3728117217170841 0.41219024865135684 0.40711043798469493 0.39597188689073315 0.3811636685891673 0.35874734236600614 0.3447294798110509 0.385425547536174 0.39402267583981826 0.3952022744763362 0.41773547380186554 0.4225727240336688 0.40778747720068215 0.43665002645390905 0.4183732239862745 0.40794889374208376 0.40667884510096697 0.4311422529657579 0.40871323161190604 0.3955600648559488 0.40989279391995287 0.41357570204416666 0.43244838155750254 0.44991969765976175 0.4765720751140416 0.4975201445361158 0.5215146519993603 0.5257805500883983 0.5201614226673645 0.5612309035911878 0.559114300789316 0.56645631956102 0.5378973275137202 0.5661166703642635 0.5367781549214965 0.5226373400806832
0.3230404380873465 0.31331341244850724 0.32906623066277696 0.3649482289605678 0.3341564577843962 0.35801951966466516 0.3431909594563489 0.332634231885435 0.364994293874619 0.3609051848942702 0.376466452745841 0.37450908167898406 0.3426716626425111 0.37021484422298007 0.36364232080091363 0.3816833267879689 0.37993338004779886 0.38888699427001944 0.3838795678196048 0.38706012495029224 0.4044687336273309 0.38726491446 0.37213597722533115 0.41104786285191885 0.4161481575410553 0.39930222683396976 0.3931759202831745 0.407365014515518 0.4316170498920135 0.4349773777776051 0.4392561888227189 0.4598666030521017 0.4647463155434141 0.4922087420625475 0.48703511649426845 0.5146588459400541 0.515487086587311 0.528380455069299 0.5145131886329902 0.48570816350234497 0.5020840710250325 0.5259183705826523 0.5043429158577127
0.29977105226442397 0.3090922483025846 0.3231118737553333 0.321599812053291 0.31352867800972956 0.3151965787731274 0.3482478462174478 0.3151456061001087 0.30093728351174415 0.31214130078153557 0.3266230306535125 0.3512568950062506 0.34089822882503623 0.37506790410440377 0.3901815212715734 0.3558235938297388 0.3686060597663642 0.3562407633258684 0.38966960251127547 0.4278648839976129 0.4067110515427851 0.40230176568904097 0.3987952524994415 0.37006258156307303 0.3969697359304806 0.39396414785074146 0.3907542383685237 0.40132996058104803 0.42353184984920905 0.46733068121936017 0.4591112184255513 0.486229540337108 0.49716797383564126 0.47745622524280223 0.48693616871396994 0.4905057417865216 0.47894600362745815 0.4689305260330037 0.46105035005681405 0.4689770588873497 0.4651749289722143 0.49199956204813605 0.48063736880368424
0.24413379839379487 0.27986285583872644 0.29755949401983783 0.29046767682199665 0.29754150613015357 0.3193247769055392 0.332758239911128 0.2874428871432372 0.26822515791782986 0.32365464475124944 0.32366994376072683 0.3396985791577253 0.35365130040466447 0.375368255251783 0.384236908441996 0.37358939148445164 0.32363310776377396 0.36214160234036263 0.41892425468003064 0.45326418479821423 0.42721775286949265 0.41687005855541376 0.4227954602957188 0.398114389186933 0.32861096556952757 0.39080325909687946 0.40609653540032786 0.42352371118041776 0.43159815137002644 0.470573167565729 0.5027447901411418 0.5071723281053016 0.5176832377614486 0.4971834964976985 0.4674986434659399 0.4599246705081266 0.43850944645300993 0.4659352472791013 0.468199858683872 0.4820192209511745 0.4645009766047895 0.4713740053819456 0.42593245912863575
0.27429364734346534 0.28443447476578054 0.2863224785118553 0.27270481461880325 0.2821107687572665 0.30676771983783124 0.2999527752325587 0.29251927968746944 0.26415154706237914 0.30541335614876985 0.3193641186785815 0.324712402885629 0.3319609724158319 0.3436999985931875 0.37258618586079145 0.3488035342043696 0.3369247314277747 0.3685141944158193 0.4350951852193154 0.45060099893458183 0.4288816571532005 0.41967383452959295 0.41786677851417653 0.39624275227396083 0.4014153725486315 0.39795053705340794 0.4308381948596634 0.4301425528865691 0.46273089210329904 0.4854122943378042 0.48924072707134075 0.5044875523698823 0.5038902242741419 0.47741515153006914 0.47322483051072434 0.46759157274053326 0.45316439052314095 0.46351564058427047 0.459589283133233 0.4551422958643962 0.4423285711406772 0.43005768334490013 0.42502091702550454
0.29227322525352195 0.2976318122803121 0.2671543682564992 0.3054787386626579 0.3080972732265283 0.32334759696248566 0.28739954827578307 0.30000023256966457 0.26662066459938893 0.2851361173753901 0.2902441901276261 0.3302356454952338 0.3393820061530621 0.3726621810213686 0.360939296578824 0.3544173612776376 0.35432328860216894 0.39826563027956424 0.44090269289064293 0.4335691115000504 0.44658696273455245 0.4331904120646566 0.4288892226827709 0.4483873548236212 0.4410791771963354 0.4279709823666448 0.45603824042872143 0.46787767638829747 0.4846348091759471 0.4625704129866921 0.47360738832376614 0.5019652510994107 0.48085926288777514 0.47260863431604483 0.5002205180641445 0.48488228552117907 0.4473097692917996 0.46817806552971153 0.4559840008985207 0.4454646442471166 0.4280947407186866 0.39495288587425936 0.3790618154037812
0.2652159502772783 0.25985655552102316 0.28694880202817735 0.2908240230550722 0.2987887635165777 0.31228036294059336 0.3016396661581382 0.3141360853300898 0.29703778517794105 0.2928729955426612 0.31914704720773973 0.3355351428832567 0.35541740816803713 0.3678758900242522 0.36957623313635146 0.39231793084941474 0.3784291849195632 0.40193720311953973 0.43942958607469285 0.4490339509066914 0.46752836729316993 0.465302111711997 0.4704988159622882 0.4547865752986345 0.431245712227971 0.4593651995257072 0.46085473558431095 0.4929835042105252 0.5028533413789499 0.48431295870667923 0.49479241448798245 0.4843285843360273 0.47315886532834533 0.4849680011288791 0.5023496402710772 0.4703475205602888 0.43930713888388645 0.44228836820895956 0.45338271855889667 0.4276941921134619 0.4200739870855897 0.393424932518285 0.35251722795015417
0.26885039789368304 0.2782541318299524 0.27478164433495994 0.28224121195819873 0.3043339104301984 0.3050850171322585 0.2947347877091784 0.30828427057763996 0.3261646040127916 0.3362900878370704 0.3459093160615454 0.3524338828166976 0.3316380071178368 0.3770512337476665 0.4052052237910647 0.38306848981011943 0.41997987374191176 0.42579423991885973 0.45655010706403687 0.4662137282545168 0.46957862682596324 0.44797547639006463 0.45297814328703057 0.4550508033148011 0.43866847745847715 0.44529672269564835 0.48630930534370254 0.49623553667808445 0.5149044326037308 0.5044967725452311 0.4791017093579846 0.47888153348703777 0.521565511084413 0.4919624557593854 0.48802618484458893 0.47108086080374995 0.4213542387387528 0.44430717419085874 0.4454318223790469 0.4372532238240603 0.36347346314566376 0.3758383011708408 0.3452972503801382
0.2713013908357919 0.2678297255114041 0.2927640507525114 0.27849303680614856 0.2964425500791471 0.3054211814107115 0.2941643089300658 0.2859486328480037 0.3054739537413448 0.30619412584331906 0.3174598835045575 0.3203408164963211 0.35662705837776776 0.3543064899937556 0.3609581601567372 0.3988114869831859 0.42392166819425275 0.4390460112353095 0.452236748642131 0.48698828323314586 0.48193948731752384 0.4911491519454449 0.4846114543746114 0.46843215727658044 0.44552540573533767 0.4628369565067074 0.4981218724977211 0.5080012371580135 0.5075147763004938 0.5057803906141717 0.4847739572642567 0.4747006777002214 0.48012700229882116 0.4789631282337468 0.45410114170792376 0.4678301883137975 0.4395833201036946 0.449074141284726 0.45083537378076366 0.425008799864926 0.3735785447123194 0.3789689831799918 0.3508687987900928
0.2685033084437794 0.2982147456814883 0.283331361345273 0.29149941755211306 0.3176212016744642 0.31456966556272775 0.3022250096194813 0.2979005200186003 0.29160476629406695 0.3057976716584298 0.33019036072901187 0.334445209122209 0.3585756431813719 0.3537915767887989 0.3714032626948198 0.4178901774454624 0.4548187679806557 0.4692024894414382 0.5116499820606301 0.5041478025386721 0.5365900180675622 0.5004795718653109 0.4767334694423398 0.4804996936855867 0.48551291050962875 0.48581559523612033 0.4883184825307236 0.5049896230919911 0.5081784087379412 0.48505569065045917 0.4789443773604258 0.4613385284734922 0.4649097933389217 0.4681550623627673 0.4602915193011558 0.4409661231335685 0.45976042306667564 0.44710542951957893 0.41884245775415907 0.41514792010816204 0.40423672374291203 0.3764244755376652 0.3436512680731737
0.31060298490043314 0.3176833932668921 0.31426075846293655 0.3239955022645416 0.3473392467487118 0.34113608615621704 0.31299040773585557 0.2983360618642722 0.30903787142401334 0.3188289126981635 0.3364736522964712 0.3517941358687849 0.35737880135172534 0.39723193800536494 0.3997689151249407 0.4161366081013471 0.44975405646702804 0.48266217486758417 0.5066862386464177 0.5220852826772903 0.5264688734366081 0.4949332198434724 0.5101959161928081 0.49350204426947414 0.46988284245027423 0.48892137554887605 0.5077291765353091 0.4974934970486439 0.48631689520602156 0.4984770577168663 0.4981094712074569 0.49501657691848694 0.4836970017871421 0.4928541613191768 0.4561713196007387 0.4608671595378547 0.4494118620294076 0.4348757039490027 0.4092146763716191 0.4224749569174857 0.39862363110727056 0.36089764840383576 0.3666095036911827
0.3081598487566191 0.32171914589484196 0.32172126494588443 0.3323089513778231 0.37543180100942886 0.35447480481016747 0.3522267118711244 0.35324108655606706 0.33003439161430026 0.3305184561203043 0.36769871093323275 0.3764306095934497 0.3569240299613961 0.41776449125947457 0.41509794952137963 0.4514688024382245 0.5058689518361205 0.49627191773875745 0.5446904667112885 0.5221981321194837 0.5384501438300644 0.510969473908681 0.49868854122139783 0.4894430589564197 0.4851163247190515 0.4755064474155073 0.4783815664881587 0.48879341660655495 0.5171111067949046 0.5110453074444624 0.5117907401877082 0.5084785543979666 0.4982278496311583 0.47670829713588064 0.47676721619249635 0.4411203222265472 0.44756032901109977 0.421534214593767 0.4369112634372064 0.41979620561091635 0.3705167944763047 0.37721605787807855 0.3947422231237128
0.30552455373753057 0.3225677669138338 0.3441041563441875 0.3396516786563057 0.37743870000303437 0.3399641651914376 0.32151302044143704 0.3468389292912677 0.3618820927563851 0.35307520689780225 0.3639066563472811 0.39068917829955435 0.40187826325291587 0.4345478178001533 0.44920042391217224 0.472443745160923 0.5134877216782925 0.5066948874370821 0.5141734483874403 0.5338483257692237 0.5617111510449841 0.5448510826348656 0.5020964970334566 0.4991540663500271 0.5051753564692913 0.5013255466395926 0.4899757081935713 0.46145330139077795 0.4858937703152909 0.4657023338816038 0.472394405887838 0.4687283028401425 0.48749730103286715 0.4448025442996042 0.4639189599910097 0.4524588672295291 0.4272994990793734 0.4308399527746244 0.4140764638269012 0.3898473179932799 0.35675252242284444 0.36409667881624025 0.36675281707730406
0.3337168309565652 0.34087933486528776 0.3643034884632213 0.3583858969726162 0.3662059165291667 0.36840027358326816 0.33290220403525694 0.34060176125716485 0.3652117212117892 0.37215095123977293 0.41439896187184794 0.4100337975144457 0.4318826023773049 0.4609203644329505 0.4788499675161572 0.48513301007539544 0.5147995471354856 0.5187175187719283 0.5303719408763993 0.5579012955760826 0.5581712697691629 0.5685688942741202 0.533571564458328 0.5003338263449538 0.4891942512806666 0.5075992069878321 0.4903175355902538 0.47331523295883726 0.44515561003909593 0.42071355304213925 0.4381148747886864 0.4851462781002618 0.48353820449576423 0.4470375281348069 0.4080173652284647 0.40416261547186416 0.4335433095024931 0.42133957754869755 0.41599974107045423 0.38312526709538575 0.3728196089341466 0.35919252768380266 0.3849836797780709
0.3416190086714721 0.36157031414157675 0.3685477291564574 0.37602592759241993 0.3627703275639425 0.36890496919494026 0.36505977116504973 0.34847328128628235 0.3863464938145617 0.38738749618507035 0.41187814257746536 0.4118518780317105 0.4439089205085612 0.45551902790627796 0.4662574954326115 0.5069154320473646 0.5062664989626078 0.5242666604908756 0.5114121644502301 0.546670884134688 0.5277533916446641 0.5485322271067494 0.5372298125230384 0.49672902513609074 0.4793289972416124 0.4666298382503172 0.4713564317146207 0.4449861270348382 0.42929918586059906 0.42075249730251435 0.4406202193048342 0.4703710586017464 0.4405423339738004 0.434710152360343 0.3852199258299214 0.39696410497753465 0.4116653529237543 0.36696251264746266 0.382120485192715 0.3648229852701571 0.36313668198100546 0.37022251025763686 0.373778227446559
