Raster_benchmarking/DGGS/continuous/raster-386.asc
NCOLS 100
NROWS 100
XLLCORNER 1743163.023683909
YLLCORNER 5469296.697423425
CELLSIZE 10
NODATA_VALUE -9999
[rows 38 to 56 of 100, columns 0 to 42 of 100]
0.3051465217024271 0.33215279142745296 0.3846223876056964 0.4067820644074681 0.413331384776314 0.4335305324663917 0.3728934485936412 0.3648670305399981 0.3793505476563157 0.40239280203604183 0.3928434970465867 0.37419708006500146 0.40918363544522396 0.42448450409441807 0.3872429209007424 0.43104618098809144 0.43358084383669093 0.3853621438758593 0.3816731719495793 0.412860652418023 0.4213271506893343 0.44451870849832426 0.42593150026849663 0.4403610844626396 0.49181697718784984 0.529803378795594 0.5155803753106278 0.5632242612149335 0.5249479563197229 0.5599912045468415 0.5359450616283 0.4956290580285632 0.49947667665969975 0.5177938718459439 0.49220062024314 0.42936129863417755 0.47448561168885445 0.4902541365203716 0.491838619068447 0.5286555940670006 0.5873952904210626 0.6439657180155267 0.6391559954031051
0.3410552636348783 0.33163735633085745 0.34695022254115837 0.38438252946572715 0.42041710367759594 0.3734985931892781 0.38341098894870307 0.4018496555035231 0.3903748114874662 0.40398885925057176 0.3868024898660978 0.37599568100752134 0.39920973627662076 0.42262110138983533 0.40417697261775315 0.44007367659433205 0.4298612801836279 0.4133621968936209 0.43218431899358 0.4285575325028432 0.42496908526008126 0.4304644085215177 0.4651719506525773 0.46174208331653177 0.4540887910151631 0.47697278166138385 0.4852938934002441 0.49067892605518093 0.5168920214749019 0.5006721771608135 0.5277144330295249 0.49516329178481444 0.4779093045056679 0.5116679702908692 0.517295620134303 0.4668860778298445 0.4641261413981021 0.46986466605218175 0.5144037144125796 0.5600595571845634 0.6123229376680607 0.6449658470195736 0.6738351553030449
0.33477659053650116 0.3744612936952511 0.3338978987709251 0.3865552628585622 0.3993688211750577 0.3632588112562409 0.3607813123297846 0.39611403503775733 0.3906315239991342 0.3714770647642585 0.39234632936462316 0.39113765998069405 0.4186480388268437 0.3969692426458397 0.4247835121124047 0.4752053536800301 0.46169224090213457 0.4639247831803009 0.43968629179083507 0.4301391026922399 0.4515518558349063 0.41760899811413904 0.4166033675075318 0.4475495054331002 0.4162593280594415 0.43659204031205323 0.481781939248216 0.4819070056001026 0.49061189389359655 0.5127373457410472 0.49212323026667537 0.5011987794929674 0.517491673193738 0.5012163921918595 0.5126743822307965 0.5169001298177097 0.4812547520175266 0.5143247201354643 0.5266821107738711 0.5744511091893055 0.6170197196905863 0.633454519244492 0.661277338521277
0.32408771287099625 0.34304538937839474 0.33982003680285344 0.38335059058860727 0.3790818962440042 0.37709726931480486 0.3990319659097046 0.42987319190401063 0.39680050987993454 0.39542243793266874 0.3684210472652925 0.3993035419732304 0.38221445023411393 0.38059992669480736 0.421486954193514 0.465810513394047 0.4776789685490397 0.4765636488899077 0.446154649455547 0.44972649186625163 0.43522248970321376 0.43543767438722836 0.42471399046115443 0.42361357799317323 0.4305292582642901 0.4514061475970927 0.46288189976111704 0.5050155203992277 0.501500930115462 0.5172568074797452 0.5061419163818819 0.49632019663321036 0.4897262394175403 0.49073920475784893 0.49288578640949265 0.4902706668208154 0.48533861855363714 0.5097732305795613 0.5283658069663427 0.5839697864755421 0.5996573782338647 0.5918114030107137 0.5986672625253859
0.28496949320891607 0.2909324199859753 0.29985792878804124 0.35154124048877455 0.36327036989443967 0.3511940447364814 0.40526997489633915 0.4368724986881999 0.4453707472072968 0.41020695535664176 0.4091583507474677 0.4149153928900399 0.3819109092852965 0.39073947237000245 0.401275692496096 0.43365661345330503 0.4667244302166026 0.45553155410267304 0.461824615382326 0.4772313374719192 0.46737721151860867 0.4962604297319471 0.4281454350315477 0.4171549867659384 0.4302886276827362 0.4263087097637836 0.4795131980004715 0.4721281463763421 0.5090667307324885 0.5232971010371019 0.48614945320199077 0.511541087122817 0.5445099742538856 0.5203680347412375 0.49067686881909695 0.4288563277712063 0.5082420475138912 0.491709314506487 0.5253232327745766 0.5615966692755212 0.553058076843948 0.5623921304174859 0.602572436533228
0.32025852096185453 0.2973752934255556 0.3186755101479763 0.3633493327370564 0.3825957364921757 0.3501888075093564 0.3779148113827658 0.4185745641508672 0.4524819981973781 0.4424878973629318 0.43730391054748774 0.409572376202095 0.4221784781317564 0.42872683864745303 0.38024950674499625 0.4084317527696596 0.3964411995163465 0.43448167006090305 0.4729751909375042 0.5096193882843507 0.5064752503893108 0.495045489572134 0.4733095139261513 0.4528555185581434 0.4673497666075579 0.4725640677855204 0.47097349760610546 0.5164287441748024 0.5138673062640342 0.5111027932163933 0.5139589088921134 0.5650097882588555 0.5565900844681464 0.5291132980751855 0.4748163665333975 0.4836583400398034 0.5161773705024637 0.5421838812755352 0.5290660055254889 0.5674866831353871 0.5449653328764873 0.5999130680040394 0.5870576637016025
0.3309942634937453 0.33499004862112913 0.36935939043600435 0.3615252547077165 0.4003035609615882 0.40376155932785207 0.3977640493660066 0.4207105691122261 0.4470104165196743 0.4341594290995598 0.43996675270609253 0.39826683508666744 0.43400849576790934 0.42219984953430484 0.39457726346330346 0.3705370488960761 0.3715271146243173 0.44013975575549213 0.4786563835815495 0.48489030793096793 0.4973835496767797 0.4786902845700172 0.4782635679573341 0.5222391608094856 0.48181083916558637 0.49810322273579505 0.47989822435497365 0.5021427606623615 0.5283888361997665 0.5342302643624571 0.5154874834637031 0.562788131346562 0.5629339361504879 0.5568724008771726 0.5188215838958743 0.48452351150492523 0.5087410349507199 0.5685306315927646 0.5446392195792389 0.5501208076667414 0.5618629517622578 0.5936104059301297 0.622336937785048
0.34869715790920314 0.34287653805950025 0.3602906402380376 0.38740175627198925 0.37255429672600787 0.3628212171608511 0.4022899032284858 0.4253279709393299 0.41009848698056195 0.3845857721036637 0.39051121367393365 0.37870839424773317 0.3816992512411278 0.4333949485366113 0.41820071158672417 0.40950257947200513 0.3876563546799324 0.400229413130825 0.4335953153646253 0.45409260907063587 0.43713379370341565 0.5080179203452313 0.5081074550369628 0.5296074249631847 0.5049231807240545 0.5040183502893487 0.5264768370083611 0.5487574117277053 0.534928940605152 0.5355282177241023 0.5522970233293106 0.5630028131946406 0.5622068960207237 0.5390817778874835 0.5670121314904625 0.5587871088773314 0.5651064957189348 0.6014952248911484 0.5922363183717754 0.6192146574388404 0.6161751109679039 0.6495110899645158 0.6420917919375994
0.34529943415391734 0.32486621842137386 0.33868597322242056 0.38031507461013614 0.37631560712070194 0.33703199614586654 0.348250776158696 0.4009845112779541 0.3979016482163005 0.3847112253234562 0.3463153111735585 0.35042596146443095 0.3774887360075827 0.4143691629624523 0.3695322966365619 0.3575532008002249 0.3819847577291405 0.4009893791394068 0.3785808222410949 0.3667822013684361 0.4282992315352751 0.49418043501461634 0.4795154642849357 0.5270960959863771 0.5159499270438243 0.5376140415296089 0.5352051846126028 0.5229642301436561 0.5303969513410637 0.5503173488084798 0.5503677821435743 0.5866683157871051 0.5897870228103846 0.5622256521033914 0.5899702161841399 0.5779975686552644 0.5707484999356579 0.5658629083164769 0.6035072637708041 0.6061824161667476 0.6449818728512813 0.6772184708827028 0.7115977414295034
0.28660980509358736 0.2875926039954638 0.2977962370937793 0.3057769998102083 0.343151356725488 0.3483286849287089 0.3278411949805897 0.34329799994244214 0.3743224906006211 0.39956080234903435 0.36543316458413233 0.363590032528184 0.3850414008040014 0.389006403717106 0.3862487078817108 0.36223229810236984 0.3525774478540983 0.3861534741703123 0.38901965945714945 0.3961638772564957 0.46440230783851444 0.49598534714236026 0.4675284159500174 0.4947723817126708 0.535849875421654 0.5081803368773201 0.5133334419787347 0.552287719995467 0.5270112422377745 0.5273418300427636 0.5450524862696843 0.5991080476571252 0.6106632240681044 0.609328452262146 0.587705066440362 0.5738709463403313 0.568572566796142 0.5628901243734595 0.6065550096392586 0.6453930210691659 0.636987679589683 0.688334748958719 0.6968341255123213
0.28041008801695283 0.31577064977140473 0.2600500714755465 0.25984199515206896 0.31273934513264057 0.3224497002630155 0.27557360186425384 0.2955964803663705 0.35492494412259157 0.37272939519590664 0.36587901746841417 0.32407643144784515 0.3824516947112876 0.37243000530080334 0.3493864846793317 0.36070978174217516 0.34951274094007273 0.39987933858024044 0.41396790401692996 0.4654782481265491 0.47332648489273554 0.4698769649550981 0.44572392276252926 0.4844258034248203 0.5248315731010165 0.5611251777117472 0.5427400411424037 0.54259385138309 0.5287454128392896 0.5650817264840087 0.5801122772734402 0.5769313342833344 0.593828412802089 0.6055735634597308 0.613690866013206 0.5771273927401113 0.5595238838979106 0.6163948139113324 0.6347842720098531 0.655484233116695 0.6524173618873284 0.690928523734842 0.685483499971294
0.28031822904394665 0.2926151813410232 0.21882171369012002 0.23804964128417003 0.2270425379812265 0.2514894569082304 0.2687132503821483 0.31248999437678804 0.32238365985879774 0.3138316105952991 0.32867044300739884 0.31525192210639547 0.35384856736271963 0.3432344298939646 0.3715385119414378 0.35638498001688657 0.3942904465453421 0.4328354179045693 0.43639525123648326 0.46910259155276957 0.4767973357715572 0.49683323095696735 0.47481006996421105 0.49304408819356865 0.5168523687996147 0.5374398208713125 0.5523074041734363 0.5464867764423438 0.5498443080901566 0.5974326800185028 0.5846231319861075 0.5760929182779487 0.5570346156670829 0.5931701232177853 0.5754531281935077 0.5958784282817903 0.5746428941847206 0.6251823131881838 0.6266237899447955 0.6629871111405787 0.6860268948655477 0.7036336163983331 0.6747618482174311
0.2622998054639015 0.24795074918346804 0.19703181019284716 0.14878870390120819 0.2180318330070289 0.27557170738916115 0.2730053560355113 0.2788932407874832 0.31843335026256986 0.3401304135787062 0.33290692790836396 0.36179585200242764 0.3811323685145586 0.3637007175380651 0.3425862051153223 0.37544216076892495 0.39636961407088855 0.39547264418672956 0.4151221780270846 0.43094814194712244 0.43255216755787435 0.4774942848301184 0.4928332254182656 0.49430733830749934 0.4942998776191023 0.5511493461967703 0.5655497214839108 0.5984534055695838 0.5572654293983538 0.5865908007385435 0.5783362435650561 0.5542952137821293 0.5536872168946606 0.6026696931499883 0.5728636673057619 0.5627223329454962 0.5961315694510786 0.6040330582894067 0.6140661899422016 0.6452694103206094 0.6641487627330204 0.6508201525327003 0.6654435535937996
0.2447505204600261 0.2570971348929327 0.23667690479465273 0.23584081720818598 0.2051240825725143 0.2586280329337408 0.28041740562376205 0.2927326449909406 0.2773940191572431 0.28775779139484703 0.311426831246437 0.31032217521871025 0.33944027311851077 0.3727252501657 0.3645092952789337 0.36323775053014373 0.3741208224586891 0.4016238202696388 0.4379066860171009 0.43458416055322807 0.45139787940115184 0.49330368773839317 0.4806237403610386 0.49121633456754177 0.5212994639008769 0.5630612574348007 0.5635384403211898 0.6046886796084683 0.5784239275017986 0.5811370727409548 0.5441604214738256 0.5418259830458723 0.5805785782691429 0.582988678715621 0.5842719686032009 0.5544317901628666 0.5809083722572581 0.5801939296196521 0.6381561782366869 0.6198850415504034 0.6682605880425596 0.678469672536934 0.6685821843302078
0.24585501546363953 0.20934814400790902 0.2468949475726348 0.23679108041504254 0.2132331490473392 0.2448590365184524 0.2545565719205167 0.2319301966429847 0.25789387703658856 0.2898139000160624 0.2909757836566801 0.32432160728265624 0.3494689113877197 0.38530306693642064 0.3973119672326796 0.36924379778431277 0.3994756367083927 0.45804502028971633 0.4360140575536447 0.4514294278695933 0.43150398089034747 0.4621174038624849 0.5239340745363403 0.5383322191313054 0.5470684653220411 0.586512033639451 0.5735908161395004 0.5637320644143203 0.5309360946768777 0.5284466505484556 0.5275338727693298 0.5123901126734028 0.5488639106296856 0.5632621268266099 0.523852143452115 0.5196069400632612 0.5884920357092139 0.6103886397273356 0.5960466450783616 0.629730966501378 0.6480805112107911 0.6576545532403922 0.6495002526488182
0.2167141899266306 0.22047800891400918 0.21676500143404556 0.21527811668466015 0.2554352974307751 0.24279419623001086 0.2235240016527106 0.24628600089288155 0.22945844656679631 0.26633296967237674 0.2573848165885082 0.3015066959326797 0.32395982424681175 0.3486820572035038 0.3602843178091125 0.3812420475093781 0.454866810526508 0.48062791003037136 0.44456625444471065 0.4380858550579933 0.45534690019841445 0.49132455605841996 0.5333187433493037 0.5910717628286573 0.6188116331778613 0.6176269793976331 0.6146076690689387 0.5757271461909035 0.5493322250375378 0.56521470645979 0.5332027011637619 0.5573834021441932 0.5791927037118851 0.5707800103033688 0.5425184087849659 0.5630654520732997 0.5668021223046374 0.6022919885504929 0.5953155631759374 0.6499636538437146 0.6480230690914424 0.6359657785270768 0.6574977473236774
0.21862812135232784 0.1598926047025386 0.19351581381072047 0.19626684210992063 0.22381760471769505 0.23292843979732403 0.23147542834564094 0.20032902137876682 0.22856499765607569 0.21365828518078467 0.2441278834743023 0.27895089262366557 0.3293551114437332 0.3544133305513672 0.410767687528822 0.43142203737910034 0.4708769113891197 0.4919148908170262 0.4430566345355574 0.44599418429011584 0.5006917620611373 0.53353349227155 0.5906025719177536 0.6064830375415693 0.6314219346054757 0.6361933028041694 0.6088824419838416 0.5929577709533341 0.560691695021083 0.5861120525307563 0.55621694902599 0.5487777168278352 0.579343849656361 0.5933802923101742 0.5392165406219133 0.5122675379292617 0.5761444982464119 0.6026994652609773 0.6044706738969032 0.6227518086146244 0.6486721927413341 0.6143970761375486 0.6448776721973898
0.21556702276043804 0.19306314620971537 0.19175270863538818 0.16734277565878578 0.21293957122176158 0.20770004331298775 0.19601781388961992 0.2159959173143796 0.20057499040370236 0.258851197982719 0.28693521904825303 0.29596440833603693 0.33586509583686464 0.3847135983970542 0.39342819987143346 0.43494199716224574 0.44265726021026974 0.4790037587990038 0.4626360806048085 0.49294648655421436 0.5169831057450684 0.5733181577177683 0.6090214143380901 0.6233052412530187 0.578740118979672 0.5948946974861704 0.5914568842427153 0.5803604285165521 0.5962746964134178 0.5359617475871808 0.534367336461499 0.5117267727818343 0.5414067106471796 0.5839401963709797 0.5782402243028034 0.5686673628978896 0.5928920359869562 0.6282530482994256 0.6013621035336767 0.5908280236146363 0.6225411072188142 0.6490611358685711 0.6674936127034665
0.2145593747178645 0.20120010900728197 0.18012243334204295 0.18204565439817497 0.1852379325004113 0.17012336319501123 0.16385510026191155 0.1849056032605167 0.23377713617022156 0.23421699546829813 0.26108802538665016 0.3210460370995097 0.3421347921933256 0.4012124415536878 0.432012536946104 0.44144996207362314 0.44446640416116434 0.453493592208019 0.4745379560076332 0.48901762122592474 0.5204905130250114 0.6066779116034 0.585354513476663 0.5833712625347682 0.5897443747588803 0.5794748038067231 0.5953619368367947 0.6020348395465517 0.5815566119688754 0.5422762263006982 0.5395741182245589 0.537341931751276 0.5619149547507112 0.5996506336382449 0.6245495465153761 0.6269716335022021 0.6233358561908159 0.6027225513511351 0.6228865900624002 0.5989746285644085 0.6047723348380601 0.6523557558917956 0.6541817547756034
