Raster_benchmarking/DGGS/continuous/raster-102.asc
NCOLS 100
NROWS 100
XLLCORNER 1743160.2310531295
YLLCORNER 5469294.8932598885
CELLSIZE 10
NODATA_VALUE -9999
[rows 38 to 56 of 100, columns 43 to 85 of 100]
0.26908929876304244 0.2834712140598164 0.30348518408752617 0.3769997389879818 0.37062938717010724 0.403572514240755 0.4106334235866537 0.42112591914793607 0.4145394003813336 0.43445049987583084 0.39396234941217356 0.43288450421862606 0.4387508803627382 0.49332824163938116 0.5097453059726339 0.4776547434118636 0.5235715781092527 0.5318527629801534 0.5541465214800803 0.5487687177523514 0.5864750694890444 0.6170368681645965 0.6055831911738179 0.6396178566574517 0.619411264309674 0.6179833333440822 0.6110570542415014 0.6124886011887575 0.6053227825342179 0.5546975670837427 0.5877476683418837 0.571542798744881 0.5834930600573305 0.5631375504358929 0.5711004373556817 0.5715115539052896 0.5554457431311263 0.5634005316141977 0.5646821088560803 0.5346326351697993 0.5447905717115884 0.5526886092999129 0.5606432424859985
0.22753784358323756 0.25339885465333944 0.2806738790342911 0.3680842541186089 0.38208978550445555 0.425813023604331 0.4211151230130708 0.4394428946247831 0.4262144859856132 0.42522051993784116 0.39267050162323724 0.41337436702941227 0.4474557137628362 0.47668990107350373 0.4824021650309014 0.4615273343878908 0.4859190086010363 0.4776876510005751 0.5099227227298582 0.5437859026116002 0.5267619219342955 0.545690408167268 0.5861354017504284 0.605891311298009 0.5781869448411551 0.5549981661345702 0.6082990793229018 0.5989755712298532 0.5906736003167601 0.5691079918314177 0.5658304721102906 0.5844683715382605 0.5978990972492892 0.5631280466631348 0.5542459767650705 0.5566787353786956 0.5251143682738902 0.5254649480391269 0.53614717998108 0.5653786203865484 0.5317603718703823 0.5302574587387566 0.5074544326394186
0.25386137902795614 0.27616773946827017 0.2760624272461474 0.29376426067952566 0.36403007910637325 0.409802970259588 0.4321500250914168 0.44962304401351 0.4625459992351764 0.45743980734229206 0.426402826510834 0.4298532699213181 0.42979496824039215 0.42246744084337085 0.46496122191672423 0.4247624987928397 0.4365436930490354 0.48595059300591015 0.49557379636002596 0.4674473984702201 0.5098785193672015 0.5155139580892933 0.5386101535693096 0.5755979354287851 0.573046828190173 0.5932897229181224 0.5732353281396189 0.609255026322907 0.5648045875974029 0.5904833836821479 0.557143174076903 0.5867969934451659 0.55599317113021 0.5667176119506264 0.5588473272582134 0.5439178652212504 0.5213313013697877 0.5519448611391677 0.5530513939524092 0.5549933264549431 0.5189938217682536 0.5091762626431948 0.47618816898737454
0.25701212648462984 0.24482639593424266 0.26223542013086826 0.27603044272894955 0.3105540438533143 0.3303426534946512 0.3678208922574051 0.43642485939590425 0.4859027423846023 0.46683896016458426 0.4190373544059291 0.40721799891234867 0.43149157557997875 0.40374027292423814 0.4028533155304777 0.4491324395231232 0.4683435801333555 0.4619909696127202 0.44888145146177527 0.43437140030941407 0.4609988901093683 0.5261240680947379 0.527440647393815 0.5140646138135314 0.5853043798866343 0.5999270008250015 0.6009795953171582 0.5905072527858984 0.611078618235942 0.5984955147054999 0.5647628203190727 0.5568793533471995 0.5765194621803811 0.5681170064452301 0.5482108147541038 0.5616413323640471 0.5493192655648983 0.5564158107555262 0.5431852427656776 0.5592375275967757 0.5353314912807213 0.48158606054959696 0.44754290857861606
0.2736126972461616 0.2571792332450055 0.2912085949372662 0.2644516203086695 0.28801823810945476 0.3452309071163916 0.3469142886962802 0.4116757163168726 0.4661226229497525 0.46781737069225576 0.4507475174887099 0.4025920383658788 0.3822658049137393 0.4043542638342183 0.4093296115922799 0.4620562555495322 0.4546790415263287 0.4464192104890115 0.4461948607015706 0.424157210871018 0.46359364532804165 0.49231036587546667 0.5498799509037341 0.5738138278186452 0.5780409177890009 0.6085262163086099 0.6115577770236901 0.5832764903349655 0.6153290540393093 0.5945958230397518 0.5569344349865472 0.5654135248382018 0.564840701782378 0.5739119175296677 0.6050042846791425 0.5977110213377994 0.6019728108579339 0.5949684857333974 0.5721797444936376 0.5289507482001562 0.4802709921822748 0.4709612822568342 0.4535082562114878
0.26722476185546085 0.3240354928938857 0.2863103732715387 0.3128614211349056 0.29176670642400415 0.2987115435941019 0.36494525286062124 0.41551216876985575 0.42029425409528365 0.4492810210285414 0.4360648659512243 0.3871359969838496 0.3943264678419831 0.4070557867430404 0.4197462699936296 0.45432213862059306 0.4625812796394235 0.4791950137645324 0.46775140842417406 0.4570127341252246 0.4906059701408033 0.5055478191056905 0.5609173127715187 0.5517197541980646 0.5604792086426642 0.5500314780158928 0.5778890933873634 0.5933664223183922 0.6026548924955609 0.5976490669013046 0.5660858225272651 0.5613707737075495 0.5613507153351445 0.5975359484731703 0.6154911900466719 0.5956207680640152 0.6213149130678228 0.6021110264771176 0.5748619921806964 0.4944388439451364 0.4766923215324562 0.46335596994534856 0.4552384153357164
0.2787377844422493 0.31895937485900705 0.28940046115922996 0.2706892418062682 0.30237912318638693 0.31563680583665177 0.3545985585971287 0.35728958585930903 0.3911472847518668 0.4345095475344202 0.3919634107286313 0.42616537217352635 0.4066533564185859 0.44709642910944924 0.4485087474222417 0.4695340217447473 0.44526534443225724 0.4643873001441018 0.4568221452066102 0.47348118108750337 0.47914517066309154 0.4988890530250929 0.5337795158170233 0.5334590907354285 0.5001208830255575 0.5255081543034313 0.5410158089652138 0.5741508085164146 0.5489612715511203 0.6031839283248691 0.6253654774749254 0.6220683987238576 0.6268212524005637 0.6143071690562815 0.5967130551169431 0.5982054828551708 0.5862901073701721 0.5857233986142026 0.5593466173724632 0.5283212469687881 0.4765768975613807 0.43790467389065035 0.47551902474979635
0.3211555406574504 0.27748509774570757 0.27378768655031605 0.2921118632251383 0.32594502545299747 0.3250589629772497 0.37644743181476636 0.3698456716055497 0.3753735419686461 0.39744462885859394 0.41085685601314864 0.41030502551804326 0.42240662290708536 0.41892204493206325 0.3994663354953124 0.4184003815922272 0.41866797263746813 0.4596176453694266 0.48000326416489664 0.487706859580436 0.5056662473547986 0.5029192711438545 0.5063788368783888 0.4742078922108899 0.5025451695297093 0.5035994855977877 0.5345636069596378 0.5229715435839181 0.577115901473765 0.5818362747107787 0.6315302019006347 0.6576394396779335 0.6296470624210777 0.6117765860464732 0.589022796933057 0.6059802880902826 0.5609325301264783 0.5434145405781278 0.5404334824696735 0.489218389489761 0.47397415254641323 0.428137691247938 0.4510008202288884
0.3320231335278306 0.3421577320982194 0.33373656577854555 0.3094101252210786 0.3412825834582044 0.3301335665126764 0.3566496493119375 0.3448434148396347 0.3559564660074706 0.33990184037246524 0.3492299703221848 0.3664322629152622 0.36857631308891137 0.4071027899331669 0.3811137352444141 0.3962028721041546 0.40149297268263767 0.4307262131755012 0.42415797487939505 0.4182466780010444 0.4393384356831872 0.481612651005323 0.5017196841187314 0.4718451260010929 0.4869278288554591 0.5112496550359491 0.5532210989545377 0.5676677550224513 0.5839665353263019 0.5789954954908298 0.6473668417781822 0.6428026261921697 0.6411516279243549 0.6579854172097096 0.6192119068635866 0.5807172585954301 0.5705858016092681 0.5122435925528757 0.48496958269367607 0.4560849787865373 0.4270959782261996 0.4464656568147602 0.4210319459661154
0.32112578386822477 0.34746543975221256 0.34102698947515836 0.32093104970844416 0.3054200430284412 0.33260161316488607 0.345775598609465 0.37479040742038894 0.36245177312323607 0.34183994680921603 0.32197336137711363 0.31416818214093245 0.3217160224597523 0.35661092999047317 0.3514462220073867 0.3499008310462162 0.40522618187735837 0.4437334367673025 0.4475235050062681 0.40871617423106815 0.4393136631711781 0.43850464785671833 0.463608245505297 0.4930549781808871 0.5423105134721575 0.5586778655907647 0.5515799887942341 0.5364877941923036 0.5591332951895062 0.6090225792845494 0.6403526766964507 0.6562095139677523 0.6157067472087572 0.649569775151983 0.6590666654636861 0.6329295785661812 0.5768393036911951 0.5471925547371642 0.4725672710865849 0.4599739582923465 0.4190470572590831 0.4381400068406229 0.40571958822056686
0.3424748665871691 0.35041235626173783 0.3510724291562491 0.34362611975279367 0.3250366746088191 0.3627859189378421 0.3738929208819869 0.39828654496474947 0.3379050513086609 0.3299817409746221 0.32648365093849807 0.2940765168473865 0.32965049794551216 0.3084785011965061 0.3451703096263259 0.37257730753434487 0.36219194713285857 0.4026296671875175 0.4332663173981318 0.4446183330224686 0.44985616651031274 0.4843164529422411 0.4793597776187881 0.4944298613131517 0.5620278908338581 0.5883988771330549 0.5824873176544868 0.5596515692074767 0.5797762119782567 0.6205171405336611 0.6125431298005599 0.659468012985373 0.6321097576516022 0.6777414625237089 0.681585501100731 0.6391605465144771 0.624967019448659 0.5910513352374765 0.5098307339442384 0.4985888480152463 0.4685867357039549 0.44542852977131253 0.43437376573152714
0.36057746929560924 0.3817814927840673 0.36080787196944497 0.36251721069633547 0.350848849664276 0.3503999097120641 0.39619165492674635 0.41492922958890077 0.37420882248116166 0.32392554380709837 0.32407046329544204 0.28748623028043657 0.3216297057322918 0.29539145148944673 0.3398198898572522 0.3250930945608478 0.3772844547552565 0.37364815448033833 0.3929845442272529 0.41259216641352486 0.4861053671187358 0.5145297361993114 0.49699637246467543 0.5540875979980714 0.5561420922221283 0.5690752463120073 0.5731588982247071 0.6063987970798727 0.5668893966385535 0.5797207741541658 0.6102529752926354 0.6807397696161085 0.6733269095532947 0.6472965835788838 0.7002133273397886 0.6831258448773163 0.6691520029149952 0.6050300925600149 0.5228987609727646 0.48173363690396215 0.44573984571442987 0.4362460572920926 0.44497142451420113
0.37012562410425986 0.36962444712683634 0.38907574969236286 0.34361107761538273 0.35413148124800375 0.3665742939093105 0.40305565809569294 0.3938734316834765 0.36696546093949817 0.3757344873068443 0.34596441551613977 0.3399189267508293 0.3473259628625913 0.3625806648125867 0.40257652167941604 0.38041484826919075 0.4241568370306416 0.43908325357028827 0.41859128568973675 0.4205693483646991 0.48000994642131756 0.4741211041583756 0.5013194954133263 0.5481778450836373 0.563035489434038 0.582858188951008 0.5912541874042446 0.6142326125095574 0.5805193473441627 0.5859587067464049 0.6378478237512416 0.6671415845989491 0.6894673054305552 0.7006174515226683 0.6794510162511195 0.654739630343138 0.6459565701316277 0.5866493231339086 0.5343979362869038 0.5164597338059049 0.4867263115935167 0.45504986248579793 0.46789864915902213
0.36572723109259864 0.35335175887407744 0.369597105904454 0.3575084773792691 0.39254390715504517 0.39080827928193523 0.3936521341427687 0.3587185443139126 0.359503766202395 0.421048206814161 0.39400259144893346 0.3555678704963321 0.3883173174743963 0.4026174520966505 0.4355792721575688 0.46934761050664053 0.49054499472058677 0.4730308874547062 0.48751968782370186 0.4812975998268311 0.48996968950977643 0.4935319089608069 0.4965306215671977 0.5403367243987106 0.5225779125486109 0.5450078486939206 0.5595472579268653 0.6107509714284751 0.6047789956116246 0.6001587085848497 0.6534053741798783 0.6876843418493589 0.7100175164209817 0.691940448602616 0.6806382464388679 0.6538508395323158 0.6064758572492208 0.560323480886634 0.5434798667921957 0.48730780050784644 0.49003254533502594 0.43510824575942825 0.46413312050342315
0.397869081744995 0.35347798948783904 0.34803954482036187 0.38363768569864587 0.37672836784632113 0.39100480473667387 0.3823157021616588 0.4044750097366837 0.40709672706203476 0.4228041496488041 0.4189842994115441 0.40782738623211723 0.4562861383274972 0.4608805364347046 0.45996509925589696 0.47694884514718344 0.49570992300326233 0.47506169566184114 0.491809739651314 0.5003158650320777 0.4842879023633419 0.508484547935911 0.48447608289363253 0.4896370220810116 0.5419016569442957 0.5755988919323283 0.589819876797518 0.6299591500468849 0.6318835077045849 0.627330711624097 0.6141764988864442 0.6724024015263619 0.682010022904538 0.6891925685514071 0.677751652623896 0.6349853105085007 0.621719025805782 0.5423088639667779 0.5383831323564686 0.5237849846359669 0.48188147872481935 0.47768135976962933 0.4309582287206916
0.4114562907702822 0.40020992892725665 0.4085211768157936 0.3812341532919165 0.35540947472163087 0.3861971138520767 0.3873460324480657 0.36176534313306463 0.40895010552629385 0.37162104953004366 0.4336107322529246 0.46644371069285606 0.4487965599853937 0.49806210926345224 0.4868006917434485 0.48869397743604426 0.4847824314533224 0.4845294730473781 0.4624527159841107 0.49902255718385574 0.4691869322333223 0.4646778506286779 0.5068070428409225 0.4925274630108228 0.538378495208931 0.5193092449990857 0.5769505275853579 0.6060712704357494 0.6169471647006723 0.654737721679316 0.6457127797011964 0.6279811083532532 0.6459695972130973 0.6186787647396039 0.6223881814429145 0.6466790596683282 0.5838568837902585 0.5610984023985272 0.5521285195877494 0.5023961261384249 0.4860790966236026 0.48062566332497936 0.49678592886163625
0.3646968634548444 0.36442105632674743 0.3917234473252978 0.4112847517879894 0.3675012001451015 0.36353833445923295 0.3514452620305212 0.39253663745971434 0.39616808165987794 0.4020528378614923 0.43155224643950707 0.4496604753185168 0.4535048635612956 0.44791954587131977 0.44959536067160916 0.4460943447989084 0.4945340132188507 0.5046972206456616 0.48811584047225554 0.5167168906362508 0.5160195254847809 0.4578981831181293 0.4782958883839855 0.5012687029974532 0.49195898412279854 0.5092749498369153 0.5405006992473348 0.599069494202705 0.6082009955920631 0.6187049593637489 0.6393291513325288 0.6447829262551482 0.6180112457251009 0.6291783960138335 0.6256597518909349 0.6393345550766888 0.6126930145698233 0.5577947219336871 0.5233063097320605 0.5154291272821938 0.47695131997466006 0.4716583823184424 0.4791295275196129
0.3809415020568901 0.3708176390646306 0.38631991636434454 0.396874440094594 0.36381621119720603 0.3550453413989709 0.3599730790519383 0.4127607720807186 0.4099816803138018 0.3728416404302325 0.4139431750607728 0.4897873594649963 0.470196541520021 0.4750638524114718 0.44527954996313984 0.4187228659004913 0.466829349181686 0.5029900439341924 0.5185471365523678 0.5236264288390483 0.47269904712914024 0.47504931295261404 0.4708099752884313 0.4438617201830641 0.4642108015842341 0.5043396078386546 0.5513780618632388 0.553106469919281 0.5496189939997186 0.5868643521255317 0.6256554180648005 0.630499287456688 0.6095614704525792 0.5774641454049128 0.5791831098618696 0.6176330810863925 0.6196186920745416 0.553060256728106 0.5230805794152762 0.4901199033865258 0.5021681860596761 0.479978944482827 0.46974302407976554
0.4020338101700415 0.4231901825767258 0.39126494506724213 0.41677129046292705 0.41392928119169337 0.41451406377654954 0.3853055286594135 0.4126860954571909 0.4008910888397961 0.3971822856630069 0.44895238769385537 0.46907051994547794 0.45980432865250437 0.4448422922094452 0.46532708684111135 0.43160205079993635 0.43518086506456016 0.46325604738875237 0.46418827280921854 0.45445666816765334 0.49082114636252316 0.4674659496903675 0.48105498864629925 0.4938232578670472 0.47129622652713676 0.5004817702558316 0.5297591344531798 0.5257601046889245 0.538791546610001 0.5929696196505206 0.6221942255672627 0.6251840993091087 0.6267947712562771 0.6132573277704695 0.6087810661865314 0.5735047172786383 0.6005384232225099 0.5406942385626647 0.5269809445538315 0.4809149662861638 0.4508354115205064 0.4771805107080759 0.4350534537811307
