Raster_benchmarking/DGGS/continuous/raster-21.asc
NCOLS 100
NROWS 100
XLLCORNER 1743149.4638408604
YLLCORNER 5469288.041897941
CELLSIZE 10
NODATA_VALUE -9999
[rows 0 to 18 of 100, columns 43 to 85 of 100]
0.7501208977919119 0.7511494439724125 0.7357395735297574 0.7294421882419725 0.7590458340843299 0.7408789726358708 0.7661929778899103 0.7359095508080057 0.7392565902459037 0.7084301370605914 0.6980011451092647 0.6700466095489545 0.6521540260529873 0.6178213169957861 0.6089135111964591 0.5906343457683574 0.5738922639047288 0.6086036907986768 0.5816301826449457 0.5321648154316307 0.5282778560764976 0.5530067959680677 0.5475427835774255 0.513433163560769 0.5143550951373619 0.46400582370269094 0.4783034354039722 0.452433121713878 0.40606793293836874 0.36359884377451845 0.3828397007929698 0.3579015283206484 0.2987577180916105 0.28989654312076907 0.2705278817160541 0.24366710582969134 0.26848358621230745 0.27669419803734036 0.27138910749511985 0.2536617771862944 0.19956450373944357 0.22007817092050747 0.22247597033049088
0.7192260747011383 0.6973496673003791 0.7094146748200235 0.7136187742230646 0.7498856529359628 0.7324909868603621 0.7348648063276155 0.7059635489212729 0.723543140972706 0.7144814887620489 0.7195625572987575 0.6880414148460378 0.6760013602753835 0.6694165472112752 0.6632293326553864 0.6299448806382708 0.621239813080244 0.589948328232877 0.576334761757508 0.5436046279872113 0.5306508266053228 0.520847523709866 0.5181868018020194 0.47461178708244284 0.49168903524458024 0.4753047806157111 0.4759594922806097 0.43414881800078226 0.4067002536668793 0.35732345497418716 0.33458679715590606 0.356394811846042 0.3382647515171543 0.28494610135008264 0.25006173873208476 0.23746022725041244 0.23108603074815817 0.26294992063199435 0.24554011136726325 0.21301319992460638 0.18774257248125906 0.21872948449552304 0.21158990828846833
0.6943837891317572 0.7171420927047706 0.7082599333056204 0.7235393037149052 0.7416492595430156 0.7353845558455491 0.7006041522358303 0.6866711886280868 0.7067128687649857 0.7233701177948354 0.6938507819730195 0.6678338517976071 0.6873439940347973 0.6573668262878202 0.6654360578814863 0.6597858148129817 0.6590309287032524 0.631875837388827 0.6031930961869167 0.5578229222449959 0.5511374511838375 0.5165140585306427 0.4817154115498237 0.47402770506069375 0.4408289987769694 0.4635701351153641 0.4645263823225169 0.4208875479147057 0.3918628813713539 0.3542076646346227 0.33441423835698647 0.327498818556314 0.33468992712591383 0.3028970207036596 0.265326459445295 0.24014988690224262 0.24076111339832815 0.23946620794179194 0.23546762974023308 0.1996935751680543 0.1775776729636166 0.2130211055692532 0.21353063841580464
0.6744325586049371 0.6972196079562272 0.7015127843705184 0.7146327010551327 0.7382183390108467 0.7326304064898508 0.7016894000590781 0.6970569137702222 0.7130646175276123 0.7151750046488595 0.6962506579124311 0.6891770168530365 0.7131758411673861 0.6889213074637915 0.6826162481896227 0.6552308070279653 0.6645240909514133 0.6342310779667427 0.5996679381953208 0.5786020174330533 0.5465450487489092 0.5054085611324445 0.48796114539044466 0.45545362783001025 0.45178740432723885 0.44113107137489505 0.41540444005587635 0.422311501572591 0.39989512592230614 0.3869156221651173 0.3501600684678624 0.3687195222056136 0.3523796486105324 0.2811226697343107 0.26737528611102557 0.23744999330053154 0.21416569354343182 0.21937309944651046 0.22759548801736748 0.22054391320265793 0.19554704140765514 0.20323855287183715 0.23391959431135534
0.6825603894587134 0.6879316940006112 0.6877491495289226 0.7077082853526309 0.7264988520425087 0.6960619642392619 0.6890881896302068 0.6985301962354955 0.7205699095945235 0.7084993189183756 0.7238956940784916 0.7089940781612257 0.6996968672730354 0.67682475040957 0.7042382679251666 0.6521249404131898 0.6406001605165464 0.6119759223359496 0.561880318844594 0.5412679549852568 0.5574875889346552 0.5362821634436833 0.47976344044128644 0.4483844530692989 0.4304956565039298 0.43992156579196173 0.41832978677747445 0.4190148674476184 0.4042708780170155 0.3964955778999434 0.3842048459204612 0.36407512309902623 0.3606857802455273 0.3093269737883912 0.2604717544176724 0.1924473219172476 0.14026332633301009 0.17071200486570764 0.1970312990140494 0.2128637195825958 0.18041619903993172 0.22913920419769573 0.26013069447154513
0.6842897486464496 0.6791263611264146 0.7073639327715404 0.7050386140309376 0.669022645357144 0.6891548118972847 0.6865308732805542 0.6887204034323821 0.6740299808939969 0.6782573353009665 0.6958998942083973 0.7155652791695125 0.7263704056988133 0.6933649015865181 0.6487857767236829 0.6466411760766763 0.6153924605874043 0.5795732758089166 0.5861789703456577 0.5516759054136444 0.5175789080578356 0.5209037443225248 0.4998467995469358 0.4486389169279932 0.43804947413324413 0.4596309430615593 0.4211696519072956 0.3916090381620474 0.3569277910078554 0.3571808906707861 0.3588256915676756 0.369674851815858 0.3420195045175416 0.32544864523550093 0.28013313415870994 0.2103798902203152 0.20916699764376417 0.21568402881288745 0.24314461132569348 0.22940882735860332 0.2399678052426696 0.24077124910908693 0.22692653295061233
0.7389547392148402 0.728948889822536 0.7022233128741547 0.7014441606839641 0.6479354783890064 0.6514703684830147 0.6726265677871285 0.6688882422266403 0.6395117274102177 0.6558441992739179 0.7013211316265552 0.6968365511190768 0.6971675648254266 0.6680570496109814 0.6457549393554922 0.6350765900389551 0.5870158195541425 0.5835518946607751 0.560969850429574 0.5298880526622498 0.5318021765140831 0.5353890545783858 0.4987491836308939 0.4867850671997168 0.47238596466492594 0.4516499689682709 0.4599756347547165 0.3928346091700189 0.3669408906395381 0.3738004868172319 0.36916104076028605 0.3657770327853236 0.3311000302981644 0.3018816820460763 0.25409714232972824 0.23523322969824959 0.26085565684867756 0.2682675017023838 0.23645218467747506 0.22134541490889 0.23676019788805053 0.2530884746158495 0.23721726808315347
0.7269048476938054 0.7270823577263398 0.6740569002741795 0.6609722461308617 0.6439704618399208 0.6489215511991525 0.6704989578553585 0.6589899758432333 0.6417862048296167 0.6569731434044626 0.648731959080812 0.6685550935297255 0.6779640841725607 0.6483704682953811 0.6531948577329147 0.5999633994897574 0.5742559768552619 0.5818700661194933 0.5647219849870215 0.5329555481410742 0.5189517551706995 0.5314019489630087 0.5464898598821359 0.5094772635702811 0.5079059383242245 0.46704821823351156 0.4214466106559894 0.41427732967377323 0.38391671398458443 0.4001033528667159 0.3694091763057347 0.33354214777051205 0.31198330711767047 0.29114900729381166 0.2875798900416873 0.25989065417181656 0.294195845183395 0.2611707096974654 0.23463924423753552 0.2312296240972598 0.2628076491629351 0.24590816123444312 0.26137647472710385
0.7014890082825422 0.6851620868938105 0.7015742075040663 0.6624008454715777 0.5993213868944629 0.657532641656664 0.6469522588851196 0.6414571428283573 0.6273814464492716 0.6527309440270922 0.6318466064508352 0.6156651117841159 0.6212593070645209 0.6425123769609585 0.6536045653555063 0.6144555814302398 0.5811332032704752 0.5622472074841611 0.549080279433847 0.5379529691905184 0.5785656304478184 0.5312890609513681 0.5645057430173683 0.5217551159695386 0.4994844402193444 0.48331494478891923 0.43944220971136994 0.42651671378938916 0.38704798622546904 0.395127074141227 0.37976818971319576 0.3470313927853866 0.3181063581498761 0.3249482193794164 0.3215912977575592 0.3201049906448718 0.3009645927250034 0.2727653608107619 0.28988663793010894 0.24931617332642708 0.2613506126961557 0.2937682309640003 0.2999020852443331
0.7244243411099808 0.6702556056565442 0.6826539704414016 0.6194802981173857 0.6098209829896458 0.6397476686189628 0.6380606414836709 0.635806980156618 0.6207315904166645 0.6060639291436374 0.6055303262117191 0.6068342434604191 0.5935429772389065 0.6021975990404828 0.6197262305052665 0.6024876326377949 0.6185140906812047 0.5907303764388729 0.5650101273335549 0.5609608907693716 0.5780179045896034 0.5337206406592593 0.5194801125756175 0.5366891835517077 0.505882764562115 0.4964833205801455 0.4695847194309323 0.43464919755448184 0.4284782419400731 0.4037426275548298 0.40315940495615643 0.39163877047431717 0.38199080066231983 0.33485432234821466 0.32814193279444814 0.3310464648750186 0.3077960066818242 0.31619153230555713 0.3000087460591614 0.2547539415253551 0.2612208213521141 0.2783043515042922 0.26198395994985774
0.7269387325358537 0.6682580397391075 0.6458840553985915 0.625226863271098 0.6249812819534716 0.6305772956543365 0.6175636564927098 0.6111908986583503 0.6179014922843339 0.6166004871287737 0.600964830783529 0.5766971942925891 0.5727296405403768 0.572673780674817 0.6046903584460298 0.6190576367329442 0.6084997555931054 0.5880723919511032 0.5934154152138402 0.5606772021552122 0.5638683985570865 0.5474136300024058 0.5257357472513117 0.5456601395040266 0.5182463230941357 0.49448849893428365 0.5051389325364013 0.5057304129612641 0.4848893819217804 0.4326540171446009 0.44586768095373275 0.4257075505168946 0.4058253593474244 0.3644536082856836 0.34581538336072 0.36800505481384 0.3360656319012016 0.3008147674571863 0.295324476172157 0.30738309780479556 0.26659394221081756 0.2611772684339823 0.27766831341828835
0.7282007036578125 0.6868413160924904 0.6748319575349854 0.6659465792979816 0.6151964027813646 0.636175410595518 0.6502443608741171 0.6190313100626597 0.6518828430730358 0.6185190540310633 0.5909194243565931 0.577297826795515 0.5602603185961665 0.5849868662602317 0.5928474867788047 0.5933139594344691 0.5669334030785638 0.5995302485744155 0.589278051319918 0.579521654670074 0.5592223272026522 0.5654225305834627 0.5319990439206527 0.5486000156405612 0.5482002874736093 0.5331807122482762 0.5360307974680051 0.5188726123972492 0.5238693707949891 0.47480057729874203 0.43710754796723994 0.4462388109140233 0.3845898101195863 0.3872451913813206 0.3722490692966844 0.36631177633467477 0.3742901955593589 0.3458068665229811 0.3366987298787112 0.3215636515754776 0.3315494571444741 0.3027726198836181 0.26206163942133265
0.7206752561781327 0.6896269280573248 0.712459362285479 0.6590938872960231 0.6234801109663214 0.6573345278075978 0.6675544178320946 0.6582660853685823 0.6612241876764654 0.6385381203597117 0.6249797522758518 0.5925281255301732 0.5903391530098366 0.5721236002652554 0.5856895252238076 0.5608420350229055 0.5414531838308976 0.5629898838832798 0.5656690640809104 0.5711140601220939 0.5633811124317295 0.5480784978763399 0.5687304261401458 0.5599531832786736 0.543807108236395 0.540749057976909 0.5652794566892076 0.5604771698652397 0.5525215797945185 0.5004361366919722 0.45809122428157645 0.4593955275048898 0.38363564041436765 0.366271756149227 0.3944993543225008 0.37856207962880734 0.40870533872516357 0.36053884446090845 0.3570016110286829 0.3648320518329976 0.3475937094432146 0.2749600249561257 0.23072779801715693
0.7085434839461018 0.7096373788718979 0.7071725112103716 0.6900430417188226 0.6727177482317797 0.6668772950022761 0.6620788799648479 0.6574359793140765 0.637039511706645 0.6361270557461071 0.6365280143646986 0.5850867319695241 0.5874898184544817 0.5793221937966735 0.5849169791604387 0.5837146070819891 0.5465250103282022 0.5540979987700624 0.56535274316471 0.5566445237237245 0.5468968305326375 0.5423320138073298 0.5520696197225152 0.5653236503356781 0.5750882745604544 0.5641289731309168 0.5773010757217546 0.5417263218701422 0.5439427471052957 0.526636245258201 0.49190889704920043 0.4602866984587663 0.4203848352233744 0.39582673829352294 0.3686000375258934 0.3915073752533591 0.4004356276046734 0.37096313757757804 0.3499178388966648 0.33858575972182553 0.31232667956481047 0.27789194533043315 0.2244747650703338
0.7224130042949046 0.6949759791050101 0.7025121977672486 0.704407440347994 0.6713747312159853 0.6496454361316097 0.6257632307368735 0.629074899009225 0.6415523540806563 0.603952728027765 0.6181297748523689 0.6059240080232225 0.5673556541007241 0.5961104209444101 0.6137833985968503 0.5698888271832532 0.550511965474492 0.5676810107105881 0.5978946510215288 0.5839923738195677 0.5581616417215025 0.5448957652264175 0.5694104920726735 0.559516393708717 0.5939168460236679 0.5945563542608397 0.5492990399678801 0.579054971679792 0.5758632695362225 0.5154625950911594 0.5068550916832224 0.4774577335840902 0.40477622750674724 0.39614220566646074 0.38919513726407295 0.3906106641082272 0.38897994316700957 0.37937997189509987 0.32167849398420895 0.3249864945306775 0.30855481159743847 0.27920516564602677 0.23051274532001617
0.6897603241036673 0.6960092034307109 0.686892490296813 0.678279281418424 0.693347527551521 0.6474963869277908 0.6454510931947254 0.6290335022305895 0.5998888065757622 0.5936508253354941 0.5795811338244558 0.5864073585443809 0.5747422874073186 0.5753914465026523 0.6039545150139374 0.6037979723537182 0.5547661913158234 0.5584695731731667 0.5965951695489031 0.5781319875450053 0.5902213798822125 0.5723168947450308 0.5666177084224232 0.5662259838766929 0.6120936210539261 0.6033264259299501 0.5678704448590897 0.5751885082568741 0.555156621550336 0.5522035212773946 0.5101872183743491 0.48482775217397894 0.44486885599103315 0.4235101852542839 0.38917077130285155 0.41193062775338946 0.3934733707182257 0.38052354832597046 0.317994941841445 0.31340182620079743 0.2769001542916774 0.2839232287380316 0.28600479084198965
0.7004959264919566 0.7098763068230366 0.6637130129745928 0.6798180273355782 0.7024779569358598 0.7057462823088899 0.6613007331805086 0.6219870689437851 0.6055422976669753 0.5959532912320077 0.6093283183229692 0.5830569561427521 0.5837524993551898 0.6158737771965616 0.6228574135148849 0.6072824588704143 0.5970604128583479 0.5883062675952767 0.5779488066088203 0.5901640123434428 0.597703806002639 0.5990665415969992 0.5783712636312494 0.6119428624465792 0.6182962821834292 0.6007663017147741 0.6250489708490001 0.6090053803128177 0.5759618106061944 0.5538105542243034 0.533770480059442 0.5144643054120848 0.49855787442918376 0.43612054628303176 0.43073290704299905 0.39821500947051297 0.41528606407946106 0.39958783334239895 0.3509370005105486 0.31441176544703425 0.2741471345802816 0.2769966525912011 0.2907565871569071
0.698585792686425 0.7054800077417052 0.6840224126656277 0.7320468190074482 0.7189930405813503 0.7303104294195877 0.6977287622426452 0.6754980179271713 0.6500754718106415 0.6358079149523398 0.6541204835072265 0.6286170109710613 0.62881845599366 0.6209399495371668 0.6139234577952367 0.6294812298875042 0.646971749440388 0.6195007872460175 0.6026209319663135 0.6086568826028327 0.6366423720758194 0.6134917617708416 0.6049787474518106 0.6301207793464498 0.6413936312099733 0.6279070387634037 0.5978974366641965 0.5790449993466199 0.5573580117133985 0.5409103173799772 0.5553587649081214 0.5114607467756866 0.4974318097049862 0.47467497680316245 0.44697115452909303 0.4259943512325399 0.443605982277445 0.41546275316849157 0.36166099353970654 0.33146816286322867 0.30111504682358803 0.3253272196255322 0.2835708750986431
0.6764085236795699 0.6969996370067346 0.7164832581837307 0.7375676394738662 0.7524244337622061 0.7176338948760549 0.7262589002530074 0.6943482701167776 0.6916913853588457 0.665425849298407 0.672695381176932 0.6271102265177888 0.6129080057776907 0.6282932600703719 0.6799045658384579 0.6565320350525129 0.6822516512018385 0.6727645363863946 0.6376817271684663 0.6679969160242197 0.6581211675035415 0.6497749244346418 0.6718206468976246 0.6377447485564658 0.612367713194278 0.602271405462874 0.6303627281764268 0.5814281096427933 0.5523313072165131 0.5279284422273284 0.5558959912249366 0.5159424538912499 0.5356763307912723 0.5072360694539002 0.4572932129674147 0.4665448097257433 0.4256408413949219 0.41602512731352237 0.4157305992079407 0.36785985481819516 0.35619876377606857 0.3185482945107454 0.2848610912035976
