Raster_benchmarking/DGGS/continuous/raster-22.asc
NCOLS 100
NROWS 100
XLLCORNER 1743167.9771484013
YLLCORNER 5469291.065159252
CELLSIZE 10
NODATA_VALUE -9999
[rows 19 to 37 of 100, columns 0 to 42 of 100]
0.4899158441199656 0.46468074931483383 0.4770783267927747 0.4303464327593847 0.43921852631321606 0.4167903756656828 0.39572635239247184 0.4131097821566211 0.49050973545364485 0.43571203195959274 0.44197259571839537 0.469080921520044 0.5079435526546447 0.4879243156071013 0.4727818737928769 0.4717626068944896 0.45205116016146085 0.4259038768330886 0.43018119811336863 0.44366769742638573 0.4556396307155806 0.48190127584920756 0.47982185009209405 0.4361098295410761 0.4581188741775859 0.537309142518327 0.5567183688741711 0.5246825793681822 0.5690313370891354 0.5374163167772235 0.5138928535229946 0.5117715921747772 0.4909502233407183 0.4688281388588107 0.4871187175233349 0.48591448173521923 0.4835320595752243 0.5343127543375623 0.534814606932855 0.5225160676452744 0.4954262343893892 0.48051730343736376 0.4846182578882939
0.5044168282212612 0.46843607506726637 0.4559324428119098 0.44621384718282964 0.45321269721404295 0.3928834371997241 0.3919302101264641 0.39782663165159043 0.4277002869065736 0.46797497325138127 0.48403785370495067 0.45861878882160373 0.4751701643594213 0.47545474234165286 0.44736239880958 0.39954000071032986 0.3604637491033575 0.36337444966228244 0.37015652228658885 0.4048599450743391 0.4277576663772646 0.3953171001152433 0.4412290510065353 0.44363625649507804 0.4737479737810493 0.49698672740247496 0.504502821764333 0.5243288525317651 0.5256747031695995 0.5759068275935996 0.5428028366164964 0.5170458551689836 0.5151078455360013 0.49329110598680376 0.5195779428737511 0.48727706819755306 0.509402336281277 0.5213113222102498 0.5258599829662755 0.49822463532316946 0.5192865635685725 0.4938576972242057 0.4282743866792006
0.4852496016555662 0.4929776677522765 0.5410192696057177 0.4635640187644277 0.4023303657254819 0.359270397917265 0.35061053911953266 0.35757083556320834 0.37018913912643897 0.4502907190509068 0.46075744927791695 0.4939512132367153 0.48430009456440504 0.45865786757835336 0.40480286415564576 0.4212724881284643 0.3471008742849205 0.38021223980531826 0.33177924842198175 0.3926352881539729 0.3727687506473085 0.4232068246784749 0.4066049686562052 0.4395556703270882 0.401069662396907 0.46147705685516344 0.46859341966834894 0.4874196088587063 0.5633895897817877 0.5854990080627913 0.5511927136740764 0.548020989402771 0.5434516032567284 0.571412211362215 0.5562482215955588 0.5260961137989673 0.47688081531814763 0.490601572194851 0.4575917916194321 0.4527143080423252 0.4750529134209765 0.44766640987891154 0.4048352783897853
0.5416915465333844 0.5200855829419392 0.4962980981713232 0.4850954619412038 0.38047314198527304 0.38290099914488684 0.37878180157817104 0.3632853326012939 0.4076161482627037 0.42328095071745175 0.4755567717760321 0.489845441615348 0.5089092361768951 0.47320355232153744 0.4084785259993515 0.40231837348417665 0.3599207288393793 0.39398801858695026 0.38870131229040567 0.38472339958891144 0.390110726944333 0.37654128244348745 0.40476808809068127 0.38634954606872957 0.4156219100641768 0.4349400698117491 0.4505615432083461 0.5231509539049846 0.5382250878543091 0.5858272239210849 0.5730237391326795 0.5726678138333935 0.5840586471197199 0.5675681640870998 0.5406773789064804 0.5357894682494438 0.5200151870004694 0.49848801767889395 0.5016688591419951 0.46984618160728636 0.4322444270478427 0.4197783152405157 0.4017115810114829
0.5694543683821797 0.5464971282391012 0.4925052074001592 0.47996682377705874 0.36915102674476497 0.3959032329741872 0.3447592033481907 0.34959724081995136 0.3819519238872469 0.3664376138186337 0.4410743534767108 0.479529846464754 0.4541801046973988 0.4166889420332918 0.40820980297609655 0.40082187978048284 0.3606455048305032 0.4046553440513718 0.42809925701510004 0.3856351046841674 0.4076371624550208 0.3670560338659478 0.39396789250115527 0.39551336772192536 0.43549500811049835 0.41401366021244607 0.4904604288917112 0.4857758292111073 0.5319525238767543 0.5356206565820619 0.5801171101365348 0.602812907324864 0.5927235387401625 0.6051019118614989 0.589731714506066 0.5592931217458755 0.5382310829677244 0.5275158405543022 0.5596190699229663 0.5373876729151127 0.4726890771890488 0.41481551975112047 0.4183260965258086
0.5815593777467708 0.5647875379350987 0.5168703611541541 0.45502335514072895 0.39021776817030596 0.35455078863437534 0.34673817565223075 0.29294637116546524 0.3274517462245659 0.3481729351896198 0.38870638185175516 0.4011205952365853 0.4457723948719375 0.4094921416773953 0.44011530947337907 0.4492629181853956 0.39030486892836225 0.4328824333497598 0.3966396880858289 0.40619617746715597 0.3863219464093982 0.361218548767247 0.4005195860138889 0.3700325276550518 0.4044766900366126 0.43501747150977815 0.41714011147214775 0.48269924389869706 0.5136536775552534 0.5318964651741528 0.5362074000504736 0.5554669632852298 0.5852362501189382 0.5644977207369652 0.5529328034622772 0.589384190772526 0.5848494523210737 0.5782778940580161 0.535428920097995 0.527309916223802 0.4706354872556285 0.4704067080580871 0.4885536317288488
0.5493465236290213 0.57203228660247 0.5141710847270615 0.45750028711429375 0.40268496122218633 0.385721124840211 0.28554585441303726 0.26090755550270606 0.2882119183327043 0.3423148985687192 0.303000869081912 0.32913138522455443 0.3886248219761328 0.4167280315308584 0.4743595700900962 0.4694437440971273 0.43212583190063 0.43093189761048084 0.40681318680428197 0.35879362998195136 0.39399194979623187 0.4118658327689695 0.3870135572835912 0.38184483068455893 0.3696915076352783 0.42131178190724555 0.36774282256905916 0.4002189169369995 0.4305318783238456 0.49893974979407746 0.5203131162096697 0.5353374769170924 0.5708470962326264 0.592349854166923 0.5996725144233228 0.5432901910851966 0.5336382509175399 0.5352336739268777 0.5657656793927427 0.5783569558306073 0.5264770364850943 0.5426445982914282 0.5030608129286869
0.536278367802154 0.5404804989399538 0.5227350124107583 0.4774901563820645 0.4297217361285883 0.3905887597819922 0.3103033057191351 0.2803701626059134 0.305457064604969 0.3040072764074816 0.32452133766796293 0.3404674293037437 0.38657357580698226 0.4050911354668308 0.41899375789941773 0.4018039319307233 0.40545047815653235 0.4097584921179797 0.3907918222092945 0.3556917648016811 0.3601977173481917 0.3880067829762469 0.3690077946952994 0.38268944444320596 0.38028254197545497 0.37735565222620454 0.42555547222109863 0.4339735377462438 0.4577972686789456 0.4951004874710081 0.4918798682068534 0.5442727081566759 0.5952744274836659 0.5972862575951705 0.635165914235372 0.5699127167306496 0.5668635888611934 0.5920552362344754 0.5448775229848487 0.5734974074497085 0.5466580006192301 0.5535949499364664 0.5757731708075435
0.5392738424283531 0.5482278358165509 0.47490276874707915 0.48049572293156 0.4539257244804934 0.4164761860456251 0.3612379950772943 0.32937651437623944 0.2886349932079274 0.29585375959356697 0.2867130167378081 0.3752766778724245 0.4300439224807491 0.4398732837460455 0.38372891921511504 0.3642873527052259 0.36961314950330015 0.3654877907243436 0.3668014377281726 0.3354423864314156 0.3659475019760119 0.416433325340021 0.4220218534745848 0.42563088655750075 0.4326434657221382 0.4388136745768718 0.4161187192673661 0.4114983437365954 0.44686147993562264 0.5178513561649878 0.5121589430879612 0.5667525554082191 0.5663367409990485 0.5903475387143038 0.6452396552262218 0.5940866362355004 0.5851409492275214 0.6100771549677316 0.586234533670894 0.6032161250724722 0.5896812481446281 0.6382728844519765 0.647226642466367
0.5697067396428608 0.5752201140015536 0.5502233863992199 0.5031212956188632 0.48108882554656374 0.43541192484555713 0.36130556040863065 0.36505264764682405 0.3222775374496458 0.3084601904716875 0.32117162713137853 0.4040486701280024 0.44807618249976894 0.4493265857382879 0.42671523594723376 0.3603294678863625 0.36424613616871787 0.38635697366880034 0.3845518745321372 0.34937077247999926 0.3366295801166708 0.40166751656653105 0.43604125578697805 0.4448232840684115 0.45610628843260026 0.4110196074911996 0.3857079453033455 0.3830806714408391 0.43056875588656796 0.4795831994501845 0.4978028831158479 0.5415275809460154 0.571161259037806 0.5959533787899511 0.6420759933648708 0.6309655971053408 0.6059950060539863 0.6006230881637298 0.6090248162869726 0.6087877229155347 0.5813145246558106 0.6340279706250794 0.6914702533244114
0.624461660348316 0.5938844499517745 0.5698872424379818 0.5448856887395818 0.48318239463042223 0.43690725627366117 0.3745293022557805 0.3697632023373721 0.31789337225704667 0.2991816315305887 0.3529106424505467 0.3981163776362719 0.4407760747567731 0.4264494946078064 0.41695789457101107 0.39828393837434 0.35295444853711594 0.36241473277861835 0.33751264825616223 0.34451966838250336 0.33372878664355654 0.37756545049601803 0.41169614457468867 0.4171347092952993 0.442248847335283 0.3997734814438884 0.3870367271221201 0.415165671267138 0.39824371892027655 0.48603506230795424 0.5614442425615283 0.5969218032320466 0.642363266834193 0.5883571722758808 0.6089378702754545 0.5717250233641243 0.5944003631886623 0.5627111234398247 0.5428591719589322 0.5787641142655543 0.6019577709444921 0.6566162937792377 0.7167512386930951
0.6165238253185679 0.6543943753226014 0.6003718335674093 0.5876799911052196 0.5203053094765266 0.4415227804606566 0.3809191013829489 0.36649338070991294 0.378614825899978 0.3389246023469967 0.3628953126671691 0.3868074218722618 0.3622491908773386 0.3898438404445459 0.423767236711427 0.3951479312800062 0.386343778075425 0.42578147482335454 0.369774103355686 0.3807819940178322 0.3664613261323454 0.3903192839043186 0.3902016819118462 0.4348834873161659 0.44236511671973106 0.4247193133135553 0.36893286848715157 0.422494360079637 0.4445668884135491 0.4423727818178161 0.5313323337614655 0.5556764839978598 0.6309547967531961 0.6268939468654511 0.605710027494575 0.5929010061329589 0.5574594011404242 0.583073780354755 0.5895591916078881 0.6196361433694079 0.6885101191599372 0.6802231336163546 0.7218875172433868
0.6355539864446235 0.6701310190522587 0.6749027569180279 0.5902216026772764 0.5608546307237838 0.4704020245346359 0.4683484344663471 0.37554529105929096 0.36842453488084426 0.36112549446407866 0.32615161155026434 0.3778544501262026 0.3692514140358625 0.40373161349122044 0.45935834625944905 0.4205403039254603 0.47129181797530795 0.46799329861148425 0.4260636326496287 0.4157660060132452 0.4556587160500122 0.4390179944587997 0.4074943427960008 0.4141997596663969 0.44930584022308356 0.4349101207574889 0.37586537993100766 0.39083220916539746 0.42642787555710127 0.4241561674163615 0.46002647336134755 0.5507077929528988 0.6053689007027426 0.6093435611474978 0.578246968450476 0.5740033965190932 0.5813563865959488 0.638556915355527 0.6420033333270371 0.6722555612553464 0.7162892175064641 0.7616143308104869 0.7810708581066335
0.6743061590832664 0.6565176144539674 0.6805230295563962 0.6017913950525596 0.5875163657024013 0.5091341975084559 0.46357136009066174 0.3858322648716127 0.35241732354124267 0.3353562498702337 0.356235180884793 0.3462514581401479 0.36179066939980375 0.44827156020192516 0.49437332407203005 0.45302214663495455 0.4719787477124747 0.4486377480914721 0.4034909780777854 0.4642313604744639 0.4886073287543062 0.4543968928752468 0.41631953163741775 0.45974900903952615 0.45573512722426085 0.3670537623336376 0.3755892357556218 0.3750701526219793 0.4287516061210641 0.4747795714052362 0.49768014526184673 0.540643885550026 0.5507580072671643 0.5657288081115149 0.5555440561782212 0.6001185489394951 0.5873870983553411 0.6156908363840886 0.650583875134431 0.7173786675693206 0.7509908938856749 0.7705695864247226 0.7811301044027115
0.6432991650275038 0.7069084866925004 0.6989504231816539 0.6335308084709557 0.5845585604541869 0.5468150632780231 0.40868065666515707 0.38092183830678905 0.3644576471660725 0.3859795623476875 0.3477650646022899 0.3959934901277784 0.37467719587411374 0.4302501550224301 0.49959973758657633 0.43586433877541453 0.45997033692463435 0.4257203675358026 0.3945040120399405 0.45563123638780867 0.46870392034295777 0.4743581394615598 0.4597383043034157 0.4915476473866485 0.4389246349109856 0.4190568259203063 0.3439284628714181 0.41775441049267564 0.42706534251157857 0.49531681603997274 0.4656242286193959 0.49732403444840173 0.5285915227018267 0.5305678752198686 0.5994490457109987 0.6063166280338282 0.6442050297575997 0.6825454055664171 0.6958619538021659 0.7500601576018389 0.7195811663108136 0.744785375421701 0.799144369132452
0.669255106132899 0.688661523396692 0.7017978737247982 0.6576468640743509 0.6095157711070461 0.5440429512151833 0.46794635501692067 0.4203884389536555 0.38611103742421604 0.3637451282845158 0.38691494013285793 0.38317923498427325 0.43499796308415606 0.4571868437504785 0.4934386006012438 0.4676645315690211 0.4963823759571989 0.4720205324306369 0.44397790060485526 0.5081042843383953 0.48915672764448653 0.5323858613967055 0.5331381498808759 0.5110791633016112 0.43611083465068534 0.4298562293593574 0.4048533462740467 0.4404321304591957 0.4460645234066129 0.49580614302561116 0.46735736635053754 0.48278894017050034 0.5342929681676751 0.5688539156976966 0.5942393703293538 0.5838560748146949 0.6398298528765537 0.6686736237098447 0.7250391260657474 0.7369551092380109 0.7109054488362916 0.739354559326235 0.7953162036118722
0.6993891484643391 0.7297588554574912 0.7237651955637987 0.6240165235660786 0.6089764214961444 0.5861073224095544 0.5463684796094456 0.4564728655019101 0.4496121948221359 0.43953333656898586 0.40708545086165443 0.4215619774271023 0.5121812246646773 0.4955921693420243 0.5527455121310849 0.5222191282170234 0.493874355523137 0.4790947317376486 0.5025979849840335 0.5362314964916621 0.5531042409308552 0.5321207057268544 0.5576729557125993 0.5004740998144375 0.5064216252074342 0.4679696071692736 0.4993960163923998 0.5057430062717829 0.5073020973005529 0.4780911691375675 0.49866112044117616 0.5249161704595217 0.5663183794709648 0.5345990372118394 0.5491315026791803 0.5829316629923185 0.6177103933235196 0.6842617571138029 0.6990825441827618 0.7118674033473503 0.764605773791745 0.7258668022682379 0.7609558248072752
0.6833348629342584 0.6668151560518446 0.671968008910294 0.6307643396143465 0.6426684056671416 0.5705235396558376 0.5540242539192185 0.49484972645299646 0.47148156777418443 0.48061339195219227 0.4725220687749341 0.48358041020026005 0.5073249805365172 0.5327382252692544 0.542918056149529 0.514328114754119 0.48504165942207744 0.5219042438231568 0.5499475467383487 0.5861940125773444 0.5964011214215755 0.6231966284992735 0.5588193814393728 0.5241851273500195 0.5445575330175283 0.4733984607901821 0.4801856648918334 0.4892567339540621 0.5251835751319507 0.5374619660042156 0.5280156326110287 0.5981560056976698 0.5882749483726427 0.5965204902561615 0.6143365374874892 0.6641323291107081 0.6428537838066932 0.6919674088303401 0.6909719108936666 0.7044658002965664 0.6880580276057578 0.6958043458010008 0.7261571493124003
0.6770406746835101 0.6872727466645271 0.6641015020832338 0.6478828673340401 0.6467499877570482 0.5586166580580876 0.5303706008841046 0.48969774612881606 0.44474347883771215 0.5069150225749931 0.480495499523379 0.5299983151845761 0.5001699872388059 0.48436520925983734 0.5106812430194658 0.4865146208679471 0.5262123433131698 0.5528838203298049 0.6245631423555579 0.5933765195072427 0.6343549973872868 0.6266598496039693 0.6077071113555699 0.5540798136396199 0.5397789825373054 0.5334718618630152 0.4774959409258632 0.5153158128113159 0.5237663728896891 0.5189726011321802 0.5614248965613063 0.5908699108127532 0.6476863306094743 0.6192828081580696 0.6462721609073256 0.6694812453647331 0.7142090246483577 0.7226108924975712 0.6932011435916586 0.7226088798229233 0.654200406519118 0.6754252124183495 0.7051649494762933
