Raster_benchmarking/DGGS/continuous/raster-362.asc
NCOLS 100
NROWS 100
XLLCORNER 1743161.688909105
YLLCORNER 5469288.731253003
CELLSIZE 10
NODATA_VALUE -9999
[rows 38 to 56 of 100, columns 0 to 42 of 100]
0.5715711651175753 0.5355446848901797 0.5185067732695735 0.510717337892435 0.5488174539062513 0.5451139813051943 0.5401740435717242 0.539892123631506 0.5565811302995236 0.585818710032458 0.6212701183315943 0.583093119005617 0.61827094218279 0.6231702716363704 0.6033355333228566 0.629600421330332 0.6354022228602563 0.6654000924035415 0.683229196515512 0.6829037382816827 0.7033961075368129 0.7270425687709107 0.7496649569289923 0.7419956634931527 0.7785070325714896 0.7915853389733617 0.7893043923741289 0.8072349384861719 0.8215089655561844 0.8564861162206631 0.8537824753447562 0.806613708835886 0.8055657064185312 0.8473467877428382 0.8250153932650094 0.8472210346183668 0.8066372417696983 0.7871999909133088 0.7736955944212089 0.746563484047812 0.7191489899971243 0.6768791985044604 0.7085649665249586
0.5695162755173357 0.5886876119345202 0.5512767690325763 0.5669383374914755 0.5656781761474688 0.5778898275878283 0.5958725783309993 0.5764297554946329 0.5879930081729003 0.5906833206345043 0.6142692779908293 0.6217838731610835 0.5893381961102445 0.6291333978624579 0.6171838965419911 0.6573065407480949 0.7098890977602861 0.7317146825702089 0.7184485340408506 0.7222424806152455 0.7175565216106858 0.7427499623259856 0.7531587601766881 0.729721388274113 0.7245439778320933 0.7776815780673637 0.8065561876199471 0.8107307388198789 0.8197357849934865 0.8609068018300468 0.8500026253270287 0.8388378770269668 0.8490661580046377 0.8786655692894683 0.8455933383677273 0.8632442214223929 0.8549044754683327 0.8031087848180398 0.793293989826999 0.7741532077081195 0.7305129423988129 0.7230023846126166 0.7131583870012359
0.6059386092854343 0.6150576970168997 0.6088137751813419 0.6124389547679924 0.5871483895343045 0.6074779218670248 0.6008896306471406 0.6433631321240986 0.6587994812151683 0.6668471096871404 0.665612530812743 0.6530648652197582 0.624872396810956 0.6046709281418455 0.6287092588860455 0.668040859495211 0.7023749287117094 0.7361150876103902 0.6955114446034544 0.690417310778415 0.6807209666159438 0.7184490046585993 0.7552671153546938 0.7175294660434324 0.7454993990671019 0.7409233365974365 0.8016549884076787 0.8069953355425842 0.8255880424008307 0.8696211130093087 0.8522548610118599 0.8513308278792341 0.9005857506697234 0.8895136193781885 0.8498482907469972 0.8630764373973445 0.8467943405462578 0.7859684735609779 0.7887883219267388 0.74153377703989 0.7545812544561388 0.7304323259007688 0.6766618425299348
0.6398922067710715 0.6517841318563167 0.6538823162181251 0.6637093736584965 0.6494756332790511 0.6311789101662428 0.6293964591455194 0.6678628153664542 0.71920010474986 0.6869658167735831 0.6858283225287186 0.6440007381117597 0.6322874415563035 0.6099166233769941 0.6470363533691799 0.678729221521452 0.7169957273399615 0.7284759853973801 0.7277303940401231 0.6855219299978054 0.6464228017185467 0.7279018326227424 0.743951538606398 0.7151533140820165 0.7227101043535813 0.7510113363646124 0.7793467012700733 0.8485537079006221 0.88295463850808 0.8489637720048642 0.850170391256684 0.8728330827446644 0.9194745330638979 0.8758987166316928 0.8845719157823044 0.8585437404480573 0.7990563605827289 0.761591666398076 0.7517610029058066 0.7328258219951088 0.7258919950706317 0.7194857982028813 0.6598566638578144
0.6392933563988721 0.6617874430833757 0.6424526944335258 0.6435738444555086 0.6698394691157824 0.6462971027184518 0.6881577925298222 0.693126176722591 0.7000032483079663 0.7026648158272203 0.659565443614494 0.6355906344167509 0.6350930600441598 0.6395065694586006 0.6753245774763491 0.6583150064619564 0.6890207354174344 0.6946026751406355 0.7231094484276074 0.7001296835596933 0.7005794375668739 0.708545295474189 0.7215380539011346 0.7469667118297175 0.7629304198392793 0.7523633636091835 0.7927136788865909 0.8305598067736913 0.839031102388309 0.8620942527605803 0.8954988790967787 0.8906187756986256 0.9037412426476239 0.8856996153855581 0.855863770930075 0.8101629658014068 0.792060504758834 0.789954060468508 0.7602524011711054 0.7694333730750347 0.7175251176972856 0.6989070617323251 0.680932903995585
0.6376699234630508 0.6705194815246801 0.6932207577896506 0.6518503708972104 0.6520683983330742 0.6906887549781124 0.7000902302133943 0.6827306299683593 0.6589412896817941 0.6747057514900069 0.6465341484973883 0.6480782478830345 0.6288066041175555 0.6505564177368296 0.6904639752129232 0.691665126645505 0.6685006174063112 0.6895466040740885 0.7151964589183311 0.7192153972007366 0.7040128618324621 0.6938601963741565 0.726570230306212 0.7284006822793205 0.7823010680592347 0.7909041004030404 0.7627039311764889 0.8329474927860332 0.8370907548538522 0.8844282489111727 0.9178947888120131 0.9352354497295592 0.941635051600548 0.8857216128148895 0.8559928405443457 0.8162660678927138 0.7878399651054547 0.7529319218196524 0.7587523587152152 0.7501262848242531 0.753587567052132 0.7267297434953719 0.7061506093323996
0.6754328619694857 0.6650815632502204 0.6837814328744698 0.6941477821130431 0.7003447898098645 0.6867253753537296 0.699514057209071 0.6705840867276244 0.6513024381023943 0.6603969846555812 0.6427305704470192 0.6471257936587401 0.6484274282154795 0.6461557382117775 0.6581249722551819 0.6716787276686813 0.6897567415959907 0.7182479761560102 0.7038143594143519 0.7137665239130033 0.7017985595831829 0.7342039369104046 0.7244142586698331 0.7386076565536309 0.7748463638463687 0.7791885769880115 0.777014174640082 0.8293198300029602 0.8646102842899193 0.8578654986731685 0.8975678143536574 0.9479643135129828 0.9638680611322414 0.9398162538220806 0.8721875146093208 0.8267206061317315 0.7891128278183976 0.7755699642298591 0.7844286556622572 0.7641928793567698 0.7545860863984163 0.7606703850546055 0.742283090260231
0.6651858680653114 0.6623910773308207 0.7120307022181602 0.6885127511707353 0.6980702378645338 0.6787076061856934 0.6666907776226884 0.6545706532444173 0.6696608705068117 0.6826107460337347 0.6747768932763246 0.6543341142190243 0.6496786725469998 0.6624344190694439 0.6399474884970162 0.6518043669159478 0.701974367278008 0.7130582257323665 0.7181492554883468 0.7334359237319539 0.6971103508968134 0.7095575869616687 0.7134987725100029 0.7397568848438743 0.7697708426261037 0.7749060762767415 0.7900007906683356 0.8111332629950104 0.8341960192803364 0.8454294933743035 0.878739780309506 0.9279113701692788 0.9663559691792104 0.9370296704030459 0.9178246322017847 0.8542253461050894 0.8338137652858694 0.8188151713401051 0.815127258693648 0.8034360117999959 0.7570727762083898 0.7855114528458024 0.7827533401624476
0.6744227885830428 0.7062095028560801 0.6768184018796821 0.6606698448818782 0.6956373164266125 0.686614904982833 0.6575658943367246 0.6818975061523694 0.6708386645985231 0.6877792971450567 0.6963717963357479 0.6932695739060417 0.6966034254637498 0.68045264905366 0.6814230542048691 0.6790902522657355 0.667747108551921 0.6859205464407454 0.7116708135707966 0.7167283030407321 0.736474804193261 0.7088789947798941 0.7140214489870721 0.7744477949717399 0.7562983622199339 0.7922057788411829 0.8033673687945064 0.8369088328341435 0.84628099028229 0.8823335539858789 0.867412612126128 0.9068220646316181 0.9268029905324549 0.915595514490984 0.8861666729456016 0.8710285489666932 0.8519553499569604 0.8427180214198096 0.8509129493912556 0.7995018185851764 0.7767468839814161 0.7851818142492945 0.7749940275392955
0.684512489140544 0.6716057901737732 0.6621018851844881 0.6629795241644384 0.6387738595352019 0.6691667446254199 0.6809278408812632 0.6818701511874133 0.6397799682483886 0.6802419274459408 0.6810494496669669 0.6677515100787562 0.7008110590350052 0.7100347887559206 0.6799918041167005 0.6871529642751992 0.6909830460238563 0.6874923254330034 0.7087943501502489 0.7390845859675648 0.7327545493874003 0.7171807900702483 0.7350344808661499 0.7818376673353375 0.7792990570343116 0.7883729716422927 0.8407679678426303 0.8805564504900899 0.9057680849050712 0.8822435188293866 0.8945754245874123 0.9213866793569224 0.9053652219931856 0.8958729034353453 0.8710363367806615 0.8897937760815985 0.8596286798904182 0.8707407574079473 0.8541710315966631 0.8511673981940957 0.8296109336176151 0.7944587183764871 0.8069665937507348
0.6750027960012187 0.7006824969415442 0.6534305958543468 0.671640611052846 0.6289297053448175 0.6572825226333202 0.6868295000515255 0.683277604650008 0.6792096475879503 0.6670870858203805 0.6801249847888066 0.6724684840598651 0.690097114503052 0.6941099130556415 0.6892309986438139 0.6725443702693928 0.7086012779216325 0.7297758862623024 0.7255972665791115 0.7449287465724901 0.7705676397045337 0.7566378362149998 0.7511829081701987 0.7602751779492425 0.7766731648124262 0.8237831116565361 0.8495745892777354 0.8658400838858575 0.9238700153897663 0.9070665066712448 0.9196968975008301 0.9570664754786815 0.9249987755682418 0.9147786940118992 0.9056621599340201 0.8897963656420831 0.8430226377715621 0.8517375356676715 0.8374113037636565 0.8345901395848724 0.8488352234071334 0.850459066006027 0.8135765837597723
0.7064462082120414 0.708048652250897 0.6618030343251525 0.6471547920945265 0.6339428070160392 0.6506752892727847 0.6428078238984739 0.6675287786856207 0.6752514775264797 0.6609521222377515 0.6398635277569694 0.6689258392889169 0.6444315919814575 0.6674262707429808 0.6791350334297195 0.6939363691508612 0.7170135684535938 0.7128566352151354 0.7316062037017073 0.7700657152735956 0.7744086720868322 0.7632965101746003 0.7765484418273947 0.7548437054366199 0.726025856265739 0.8137700961063007 0.8611816828861909 0.9025853887066094 0.9286777194655037 0.9380106197349571 0.950358436905859 0.9605285506906879 1.0 0.9372697917103846 0.8861853866326113 0.861654979055154 0.8467332453360324 0.8447067359460848 0.8217661847350861 0.8650114350106717 0.9095629329052496 0.8799657232013032 0.8517406505936916
0.7453826464164741 0.7026335130031239 0.6974931736354241 0.6623697286214965 0.6428983037320406 0.6702732433734236 0.6768364364288547 0.6617870052261439 0.6692660463580076 0.6875827317334098 0.7077301238184279 0.7031771245891447 0.6725917569299811 0.6893260774670791 0.7237592935617326 0.7181576425066595 0.7505092996213751 0.7505162829473065 0.7938200026411288 0.7906300592141962 0.8012439631208963 0.8153587538587138 0.8032587256990211 0.7956361384099983 0.8038443261533511 0.7982481625570195 0.8808696106653469 0.903982340512677 0.8991346937168408 0.9318741038469521 0.9502117318219359 0.9889406803293577 0.9735651808661892 0.9406329464537871 0.8936751608403802 0.8654005377537599 0.8698933668875886 0.8533116028468833 0.8259021617047017 0.8447072720902234 0.8521703874673626 0.871227645806573 0.8753761756242368
0.7568845829125118 0.7139115989122329 0.7298258844432879 0.6691731654431605 0.6668136948720367 0.644065353690512 0.6368728995665386 0.6537460477443945 0.6883809073208785 0.7093221614142622 0.7092645711409573 0.7087498472992008 0.7262807246789215 0.7380170950989445 0.7529182600027994 0.7835986243077006 0.8101906087946674 0.8141773133340307 0.8052126396415021 0.828325136538416 0.8104304858806667 0.8179075338579528 0.8099192578716257 0.8125482664099687 0.8009691010887602 0.8137289974657796 0.8611506978999043 0.9120095128232356 0.8944548628600526 0.9344568471209148 0.9473686710617495 0.9563939562853558 0.967388394208807 0.9272228058415501 0.9311947400001656 0.8872878133242648 0.8477701458902965 0.8198133699383814 0.8190567516593203 0.8131868111028334 0.8332067785342833 0.8413462576216015 0.8327759798574738
0.7370755715912379 0.7588479942655258 0.7242892169230646 0.6986586779813024 0.6726201851724113 0.6521861783288487 0.6893823478661197 0.6912259208019517 0.692910371834556 0.6917266381325146 0.7412474310806442 0.7326457119981982 0.7659868096837537 0.762914263981787 0.7943453949178481 0.7946380149327101 0.8094615872879043 0.8259291908140982 0.8495480969260066 0.8376569955546709 0.8242981436489009 0.8406326439527735 0.8420919565963568 0.8235587498469908 0.801054371405169 0.8368287654656772 0.8886592987828807 0.8985931362455931 0.8972187329362284 0.8739215052669523 0.8793081815443596 0.9143035067195201 0.9159348035037416 0.9107424231259055 0.9318019208105344 0.9020602320938623 0.8551188254729589 0.8077784918142513 0.8204155371243568 0.825924241628043 0.8058784055733316 0.7895925965882385 0.7677523193867583
0.7617381871356266 0.74034742088667 0.7067684032552756 0.6894944549932303 0.6954973705677591 0.6715888919931392 0.6969968920792863 0.685104115536006 0.6834290190212102 0.6939885217786959 0.7360051667058506 0.7640591786776555 0.7909992156749142 0.8095237843363803 0.8142840182668739 0.7920860598269582 0.8122546459601472 0.8342776284814164 0.8299046709730946 0.859423154104389 0.8486211692026089 0.8585718578467609 0.8071412749682879 0.8254212134851556 0.84038776397265 0.8613447857934182 0.8752410580316136 0.8871303258401572 0.8784916606966257 0.8704712172037113 0.8530492746076465 0.8711131752399616 0.9347086434628025 0.9012571281512307 0.8961735795157908 0.8832335543174646 0.8594156253544564 0.8427408480504299 0.8027885424916784 0.8195610807989242 0.7779638614974452 0.778976224925278 0.7814565969207724
0.7433375360490888 0.7234840078199501 0.7307789564783299 0.7120846343604413 0.7106829399284839 0.7048892407240591 0.7228103381259939 0.7196393534152451 0.7169137024516632 0.7536126237920122 0.7585235824841764 0.7761526570659473 0.8057484124644657 0.8215159115663776 0.8410550758157369 0.847084263534992 0.8244490840941542 0.7918218631800303 0.8249430766025102 0.831934539034472 0.8574028550016487 0.838113457860804 0.8296461110964347 0.8302331457081119 0.8318542153273892 0.8587355592605533 0.8723593913649331 0.8530818016671136 0.8722971643486991 0.8340303810763616 0.8327206719250583 0.8811982323477153 0.9076313379989058 0.8920887584633184 0.8715924532637963 0.8366161432004094 0.8315370099072152 0.812414896366625 0.812475792948076 0.7829474655918789 0.7308187073661352 0.7364361849320271 0.7435225073343408
0.7643007089391548 0.7341647890196062 0.7373548235333959 0.6977148169394012 0.6960508967916236 0.7479276722618923 0.7693243858845173 0.743820308316246 0.7315719467206361 0.7406307316601365 0.768125081563735 0.7863260845896342 0.8492768471502625 0.8474044849840215 0.8563828247530271 0.8411655119786164 0.8234647138330282 0.8181788774427283 0.7830706334892459 0.8168707375715039 0.8204589586162333 0.837474470437725 0.8193668906942567 0.8279053764783897 0.8564462165736981 0.8663793429494213 0.8756449888017691 0.8588008616119247 0.8534265001697973 0.832713020055096 0.817764717611635 0.8147979525463862 0.8527743697679484 0.8589516382066062 0.8357338386502323 0.8038167441389791 0.8202092193806306 0.8004833515150231 0.8141544630040415 0.7689493417836765 0.7261848790985457 0.7251917734491481 0.706187660200634
0.7547499217669373 0.7286900963727413 0.7389913197131186 0.7312910532387439 0.7224575721551005 0.7262082777209156 0.7270764910181052 0.7682562810681357 0.7858973419487609 0.7898918991076052 0.8298611145876319 0.8443146831590442 0.8306779845094384 0.8512850646049975 0.8183793285866842 0.8125184190986164 0.8170584903709328 0.8294347833151682 0.8080060905868598 0.7943234314389209 0.8002206010121689 0.8028583739535673 0.834024712806842 0.8406526580258387 0.8736443497100715 0.8818142255852404 0.8755071831488856 0.8463447587297552 0.828053854416135 0.8483009809332037 0.8146250486996072 0.7836773405667774 0.7767116669032856 0.7901972237861069 0.8012405829741817 0.7841505214109546 0.8109348984346851 0.7991480102006984 0.8018618248935261 0.7840405132668371 0.7246845956921683 0.7005465489900033 0.7120694499755104
