Raster_benchmarking/DGGS/continuous/raster-400.asc
NCOLS 100
NROWS 100
XLLCORNER 1743159.4042100182
YLLCORNER 5469284.386884184
CELLSIZE 10
NODATA_VALUE -9999
[rows 57 to 75 of 100, columns 0 to 42 of 100]
0.1241908595179938 0.13020608768097575 0.0912660082143098 0.1241258916150039 0.10855970580320025 0.08868741334131565 0.10957756636016056 0.10604541272396162 0.11831200876064227 0.08673710406825075 0.0684052581553042 0.04952450768340655 0.05114093959480868 0.08733549649000193 0.10483466831942273 0.1199990415262409 0.14170422616324796 0.11460186412217607 0.1189369575802604 0.13571581600089022 0.17405406060311637 0.12488975777065094 0.11817079635710853 0.12911044560198193 0.1628181169681317 0.20196705078004565 0.23694018345790144 0.26863708997623753 0.30581358664906716 0.3262800963452727 0.30268535872771346 0.2842336705211994 0.29058690335562054 0.3202216462607442 0.31473242243443644 0.340794183392184 0.3583539926836638 0.3623282752503417 0.36472991838877844 0.33247439481790814 0.35405866172586886 0.2959488310526471 0.2989457977833153
0.08936929803113076 0.08104256710635097 0.07631641088659767 0.10181869550929157 0.11998978548876128 0.092458525810381 0.08389088177229666 0.0849123929645263 0.08125246980673642 0.08611332557263515 0.07355929691875694 0.0711977650829277 0.06331814397878166 0.06990510365694373 0.07771598212372823 0.08160447974430826 0.10777405339587368 0.10198664808240479 0.10368062865881507 0.1169106508141199 0.11209447792802153 0.13506033330987657 0.14338892747144624 0.14337987499173102 0.15647639074719377 0.19226078201174815 0.20436752395727428 0.24255396950503957 0.29138679983784715 0.33264308291590516 0.30414771204918883 0.32342894117842863 0.3438769467559217 0.3111609751065706 0.33306695344495346 0.3339685342899073 0.3555902904261157 0.34118084573335106 0.3478411510792838 0.3158166866957471 0.2827303195055092 0.2723938815392984 0.25698508285970273
0.09703986345342061 0.11928780149808944 0.10382360101284664 0.11654851904592867 0.1418238391730737 0.09489764501248094 0.06489551584873725 0.073936491294865 0.05344368218308971 0.052168314357110085 0.05899749711066916 0.06503797333866736 0.03017950014222067 0.03632277739015881 0.04927034236377777 0.04590754157541199 0.06786524084979864 0.10420320117556431 0.12748294657345427 0.12732925844891077 0.10535647318051683 0.09525785259181649 0.10868277871318219 0.14434064589627446 0.1337722281064039 0.1715591104231943 0.21755232110385195 0.23935482580590275 0.3094946353670918 0.3107316229701113 0.3268326702032036 0.32659587908579113 0.3812822721524618 0.3412125260772521 0.3122845320183921 0.33824161477904024 0.36989664475646006 0.3612591879839638 0.37205317110596825 0.306622170485706 0.26772835281209634 0.2629579738585392 0.23389661504697004
0.11062574060928285 0.11591051828995301 0.10942032020772051 0.11394752594880962 0.1005664259508083 0.05790616633540913 0.06263148173747493 0.07024045540404691 0.04428356434500362 0.0659271275411641 0.04229591292781102 0.05447908577069311 0.024323042440203144 0.025347608756515073 0.05281216931913673 0.06943835933862391 0.09019277404275806 0.08858983547634752 0.09341376817367976 0.07873408047997348 0.08516300215991557 0.12328404138520256 0.10738270555272697 0.1431627330655517 0.14686743296649998 0.21041318376430382 0.22458509252156691 0.2563435932902149 0.2855193375604164 0.326580078499732 0.32664345121876937 0.32015719512423824 0.3690874632266949 0.3481927927649237 0.3546897028471109 0.35737507535962076 0.37277267832753597 0.358303494670485 0.3451179907259423 0.2843243302742112 0.25072284173623255 0.250704636727889 0.23032948847360757
0.1146541789468083 0.12535347033696823 0.07214979074575258 0.07714451315620398 0.06301017200025398 0.04263182778454402 0.06424222749988746 0.030219847880803712 0.05766653826696378 0.02571639704789732 0.02750147149307959 0.04832013732385033 0.06824940336003765 0.05679052376216359 0.030607627922483543 0.06417856733078436 0.08687040628070339 0.09583706086007876 0.054521549303201924 0.07149522451404466 0.10218955189908456 0.12265258524872032 0.13005786307798103 0.14078156878729975 0.17136194778922306 0.18037312600076882 0.22793034297205286 0.23120246440637512 0.27694337371610256 0.32021630087618536 0.32353429149336577 0.33039385164913315 0.3498805790024766 0.3265249618823133 0.3349771630374067 0.3331855538438725 0.32567513371944357 0.35282973046208177 0.3291334841440016 0.27844845378029326 0.2662470730296109 0.2827264433581839 0.2450547119551952
0.11793194591142514 0.11994033972566218 0.08875451129275315 0.07768300877494798 0.053822936849920455 0.057992007735826745 0.025350429584264367 0.008921362547269067 0.014458801880984426 0.046907589596207985 0.04784199795140752 0.04092111105038153 0.037301377776229654 0.04559483619418252 0.038582617966386054 0.03357994146915808 0.06684488234415202 0.06404627867660284 0.04919518086598135 0.09730091918429767 0.10743956780272725 0.12485600772775186 0.16278582691622615 0.1693104789397683 0.16011098148790448 0.15259671706184097 0.16863001649896636 0.20975860460578186 0.2528017141798589 0.29001358632279073 0.28374013443283214 0.31348633705693985 0.3363050104513548 0.311007907940715 0.34400189366616374 0.3232880924069665 0.31802484228104805 0.30528269850906586 0.29690970085766094 0.2760075761652304 0.3017157216289672 0.2927583462092807 0.3116501452211408
0.1269362118815565 0.12751459222339476 0.10263270049144564 0.08966849605763107 0.041499698756693126 0.042798459290450126 0.0020484338892899096 0.016109249690011828 0.0 0.04799971022100917 0.059854662637229224 0.015573061928605896 0.02785374859250101 0.0314789821935433 0.0002449542954356093 0.05347279569266819 0.04502265338275584 0.06273684738151175 0.07330440482884164 0.10404102661300076 0.11708007159534 0.1451747812268772 0.16185233130553803 0.16211297939545122 0.14272878320917046 0.15895216763621497 0.16193836374081294 0.20719435401967923 0.23297328286684885 0.24185725484801662 0.2994542782000712 0.2912753903028316 0.30964912591829846 0.285177337709536 0.3087613851756262 0.28380926271945506 0.28764220483569036 0.28917213756280596 0.295179109840583 0.2929730080291819 0.28204841707659595 0.27221068643346386 0.3163078354955923
0.11601653889030471 0.1408207687765386 0.11074410861370242 0.10430883856820669 0.07091908194505805 0.034242627620540075 0.011419964812321578 0.013161724943355185 0.018469422294313118 0.0583307499175967 0.06388969004824446 0.02445489245632851 0.028100176235888456 0.016415963429468706 0.041907195377609334 0.06247453016282892 0.06010982204256077 0.07156180870338727 0.11798046145478105 0.14204299960358618 0.14772159265972146 0.16785568247750246 0.18098708070638844 0.17478567069027875 0.19058256725706213 0.17658019500838731 0.18766817212180686 0.1962109598159529 0.24983412901293564 0.24193155302212488 0.29287326014844445 0.2847404892755678 0.2885595283374511 0.27430991511082203 0.2976362221730045 0.3001608007663531 0.2918410332612907 0.25461209593199785 0.2885660194248138 0.260346150484735 0.25796643209250497 0.2885988709310481 0.31767623495084607
0.10864663345938724 0.14972375815283245 0.1592990291312397 0.10123833014841914 0.06316036466511306 0.07662408314455454 0.055143942959010164 0.07649449331445803 0.09319156537755056 0.063331872387808 0.05151551064115494 0.07543772124694932 0.05683894009548282 0.04102318157307477 0.06455552323523937 0.05658296440956575 0.05433472972104835 0.0918116424170644 0.11447090286085175 0.12449664602984449 0.16843045227063808 0.1740780403699771 0.15347424210857227 0.14673894805790863 0.17155478352336795 0.1736790675652917 0.17740085615458764 0.19959704379140644 0.257608536969355 0.2741986344425477 0.2633581301081494 0.23983176511021573 0.24926318025627606 0.2261034255925399 0.23884228818813397 0.283013876821122 0.2683960575976663 0.24372964412783527 0.25381268091664366 0.27075621101755076 0.2879115185853211 0.26773251903039574 0.2802449615170047
0.11104824517827809 0.13328195015339203 0.1209496851268144 0.11662403646079851 0.09580785171286914 0.12251179485068726 0.09253148381190858 0.12706503324101803 0.1338631616730238 0.10124658562838366 0.08947852384216383 0.06529050156620382 0.060244490166592765 0.04804964617853593 0.08693333169840041 0.07550435515682061 0.04510473331671554 0.049004803354034204 0.11052599530810538 0.14745875274719264 0.15639944289450003 0.14312553814105586 0.1391333223011477 0.16614690744651558 0.17962736546154187 0.19990732936686742 0.2303417819898644 0.24130411580983666 0.26609265927090564 0.2487071116371159 0.23273242431442387 0.23239314417095733 0.23693680627921443 0.24276498555382614 0.2515957407339655 0.25193455828103273 0.26755489746050237 0.27757309060137436 0.2429242257060416 0.25392151815402697 0.2957077567412089 0.3097186949932918 0.32586407819248553
0.14270855871706195 0.15817705956185277 0.1638727085287307 0.1321430646556588 0.15717963179322908 0.15570543138270876 0.15991123511606573 0.14744019040798284 0.1615351778950933 0.16506360636374157 0.12948199957065815 0.10675479830485322 0.04705192295986623 0.08978203576759412 0.08388075633672674 0.052759037236467334 0.030260468747749646 0.06511492372565661 0.061500683727154 0.11171046341473012 0.15504902473999724 0.15156742778701562 0.13962686237423375 0.166615403610856 0.23168368674214715 0.209240430734298 0.22653128165882225 0.2388676183435506 0.2607506124023827 0.23227127042320594 0.2194281382610683 0.22523468845918765 0.1880340331009725 0.1922263289141645 0.229868857656124 0.2394764865441341 0.28294135341273213 0.26476287530676296 0.2707443551632638 0.29467325546069645 0.30689710438075185 0.2990245752141512 0.3072710996283383
0.12768718140032387 0.15505280360898366 0.13006572578242662 0.15979376689488245 0.17600055724936362 0.15572501193986596 0.1826912237074231 0.1986704278930323 0.19942845400971448 0.18775144220703593 0.1488898856946444 0.13367861841807285 0.079237614430429 0.1003197103913721 0.11669681735566573 0.10608898734497313 0.09751259178790277 0.07507995515699034 0.062324142223815396 0.09992723581040322 0.16612396917491926 0.15352804162136569 0.19414460604754238 0.2101006723838992 0.2026642896480537 0.19919159439592038 0.20086662447738415 0.19667141863681176 0.20576255763194432 0.22401269853117495 0.22134637121244274 0.2028485508344172 0.19373393846577494 0.17544869164422142 0.19882142552586746 0.2505950289876295 0.2747606686711973 0.2690371504514533 0.2533033403728947 0.29514415014466844 0.29461565787145005 0.31425387287031076 0.29799351842500066
0.09053720627512656 0.1439708476626761 0.12210975321187888 0.15869888682142796 0.14507778280286776 0.18750309284713235 0.18215990695460396 0.2283779343742347 0.21305338407795404 0.17026069296994575 0.15332560544002047 0.1595798918042313 0.13684767218158378 0.15076503869392854 0.11573775831337349 0.12048110266054754 0.13766180531882835 0.09591488822391835 0.11343553779575626 0.15146958998724191 0.15429962223134125 0.16549196805622374 0.19104798982162108 0.2056490950021689 0.21134542778161744 0.20746455253691104 0.2090180309357437 0.17970733021091473 0.18135551773917066 0.20740012583325854 0.22660952186737396 0.18758599053185496 0.17160377732270218 0.21539697106568712 0.2141274584679709 0.23211556627153493 0.22998753590105397 0.2766170126940183 0.261969288786202 0.30230164328742165 0.29605652268922844 0.29715375801646227 0.2753120780194153
0.11006368636383251 0.1209838549370483 0.13141196769942914 0.1127744599334881 0.11783349518399178 0.18131370213641174 0.21847071374878035 0.23100040657955256 0.217714363701185 0.20704371615105216 0.16238094695460897 0.14880005933076307 0.15723139410152656 0.14745874288928393 0.14820985469863776 0.14338410049782074 0.108316848538935 0.11761551642712137 0.12332003817001337 0.16616966992584045 0.1711172359180598 0.20084073829724872 0.20300630730103839 0.16450172923780831 0.1517471145403753 0.1853095231086265 0.15629773898216137 0.1578781595442282 0.1700008273423663 0.18025730311809957 0.1854157139485118 0.18781387765782437 0.20373478769745115 0.20064067752002526 0.19876366336335638 0.23507919838741198 0.2728509153516304 0.28486795677865456 0.30344336566778707 0.2888318683501462 0.3197272901782458 0.30649794778509315 0.25646564035267466
0.12137237063036954 0.15127968908487502 0.1584086573750232 0.1512537270127661 0.1229345858289084 0.15521582895091793 0.2125530441458538 0.21758920585041436 0.21606025458213773 0.19699722086771118 0.16004447463263008 0.15415605157383944 0.18624769935345908 0.18248356430108006 0.14606188095694048 0.16666743015761043 0.13647915339220776 0.1454592478039736 0.15173369059615424 0.1858553286484967 0.21432219423780446 0.19943179387392476 0.21357157962922507 0.18220515410167987 0.12242787028383491 0.14507289408756555 0.17131200764087853 0.16566436566552845 0.15928543628966005 0.18315112560401642 0.1826351251536679 0.20233553669432072 0.189208865857049 0.23121919129615837 0.23187899286636454 0.25670842947193384 0.31955199830169123 0.3001758866391959 0.3324863629052307 0.3108826248178555 0.2991340094731355 0.2953730521806839 0.25966236135922793
0.18410050131836223 0.1652355130377158 0.1488966971446377 0.12799260118560524 0.13251665122235978 0.15387268126239445 0.18366595752609813 0.21515296028656683 0.20451802383990125 0.21760248242899705 0.19571756262360912 0.21388870778332733 0.1986402156436533 0.18239792701606505 0.16280217344230902 0.1704248338845562 0.14706095043586137 0.15404512350294447 0.183285211708717 0.20251061448946037 0.22427967482559308 0.20715620353068492 0.20806283250569133 0.1626491632282742 0.14322760951566604 0.16469499853492708 0.16930144062983715 0.18273844649870125 0.17259280946171926 0.15441498497518075 0.19041699925355438 0.21172604229547853 0.22456167948074396 0.22947855630151784 0.2582700020625606 0.2442222926943929 0.26792627599182317 0.3173665389180643 0.29010821124828273 0.3086783910823332 0.2938738810967655 0.30732011135733567 0.27243217425708405
0.1877871342192529 0.18024177857206541 0.16562564893474627 0.15631236721735364 0.16047046868196224 0.168124197587904 0.20806074789454795 0.21572771809093763 0.23781907453873813 0.2599705510549668 0.24966428117413444 0.1977497502185983 0.1704581235650767 0.1939396574317418 0.16918734232563884 0.185023473773142 0.1989399726792671 0.1873750731973626 0.20334141037874884 0.2032862384626472 0.17854210563435324 0.21434228355400403 0.20373740559399806 0.21126250667329696 0.19962554559842374 0.21733184282144188 0.18508311144028972 0.182812607650536 0.16959254732197487 0.18928418660312013 0.18724908606311078 0.21658088394959307 0.22235138301481952 0.2552691743326314 0.24767894508552343 0.23749343446726257 0.2500070956466658 0.29083316532039627 0.2761450482173156 0.31274477355615227 0.3237196639883359 0.31027432676609407 0.2906561504564289
0.2603040237610311 0.22159148265537576 0.2255353342358794 0.20674702660132396 0.20344024131951696 0.20369298101436706 0.20872113305515733 0.236466684655789 0.244575477270581 0.2625972899463508 0.2389264063322532 0.23865339294475754 0.21638092455384128 0.22990810086974137 0.22685504698141754 0.24819149446399022 0.23418170981969094 0.2223394486844961 0.23583468029584417 0.22492774194878257 0.17413771029582734 0.18419119591277633 0.19379680016038722 0.2273733693639352 0.25035810245419216 0.2324235843417674 0.2278108045790756 0.22327748410253367 0.21199432079356326 0.1746355271333056 0.1788072904662409 0.1853872837424451 0.20851192524068704 0.256850059233738 0.22923416360225363 0.2616276240901855 0.24784510285236652 0.24364673152149446 0.2895854846689715 0.29383782115491125 0.3389366844781776 0.3137677962848241 0.3179094563465215
0.3021555212261083 0.28440448594027234 0.27985764691169124 0.23713666062949543 0.21133074030771878 0.2441381448685783 0.25904981653103576 0.27529223717837875 0.2840482894314219 0.274259433053084 0.2636139443646728 0.26867813286018427 0.22862399058251887 0.24117824730623758 0.2657693800553114 0.24519098831128747 0.28483219968840034 0.27439551455184624 0.28756969826704765 0.2479799874992899 0.20700766378384008 0.2406742455803693 0.2295742934018882 0.23446013436711013 0.2597699529614255 0.27079241696611933 0.2455427722166753 0.23645728789608886 0.2334600347209565 0.2313333699101164 0.20102991724869038 0.1990025356302286 0.22188714210746813 0.22939556719347376 0.23368580148360885 0.2676796439554419 0.2573071233346366 0.2838804087387325 0.2927495014852184 0.2966104724636662 0.32916255515359116 0.3353706721392595 0.3007450692384312
