Raster_benchmarking/DGGS/continuous/raster-33.asc
NCOLS 100
NROWS 100
XLLCORNER 1743161.8449787728
YLLCORNER 5469296.267816545
CELLSIZE 10
NODATA_VALUE -9999
[rows 0 to 18 of 100, columns 43 to 85 of 100]
0.1926535060305976 0.1373177592575668 0.16727335689747272 0.1461915342156496 0.14138043675456335 0.14664182811608487 0.17386890120280893 0.20430113842540665 0.2396378261489177 0.24567152698566486 0.2507743271646149 0.29298120615908874 0.3068287152858771 0.332377185799338 0.3274710136516252 0.30963802397329854 0.32715838209219433 0.3423041978576385 0.36943903304187076 0.3455615738205208 0.3546790567764852 0.35603571184954164 0.3619835855940138 0.3549016888962515 0.37701858823304296 0.40374650330790723 0.4113939269342297 0.4297979016849815 0.4246422930072156 0.3891560828810997 0.36656680187571694 0.3611071093826533 0.3678956880561066 0.36046969119919814 0.38735171584326156 0.40465940732472744 0.43557733356334405 0.4912303614165549 0.5105301155534566 0.5191758543551991 0.5269729024346618 0.53272968766406 0.5343331679739263
0.19398195883739952 0.15552099522898846 0.13054463054985774 0.10043488082257485 0.11924106377148523 0.13409533563286657 0.16638358136714926 0.20044417639223494 0.20869020010120579 0.24905523038057617 0.27839176223715567 0.29084645274909043 0.296404148882126 0.3171702501265122 0.31793523369794413 0.34399583609225165 0.3638194714893053 0.35463255082765216 0.37633571790315173 0.37554394791990203 0.37788471320049977 0.38908491104799814 0.35237525124857605 0.370041920975302 0.37249252011024575 0.37399016578795025 0.3701640239085121 0.4138697924146041 0.41375079300245704 0.42282292560632134 0.3806897791254301 0.35819953379848285 0.3794737957279373 0.40392955544533904 0.4210848709051549 0.4157387379883273 0.4558103403195891 0.47510000255466567 0.4789841709951843 0.5260060811074845 0.5325670997847877 0.5455350132057356 0.5743931267438865
0.2117920724447838 0.16854316669937625 0.11970381604826993 0.10488053744026621 0.10774610289937889 0.17071840464606464 0.17356272411110807 0.23573480985664622 0.1947308035936686 0.2216520694493363 0.29048871660296394 0.31457587534361553 0.2956628738038876 0.29240044109083246 0.314898706016241 0.3418443823087044 0.383797877632434 0.3981108078004655 0.37632579823031914 0.39295679659915256 0.36696690339049326 0.3848865258756653 0.3636937321635256 0.313179884946239 0.3529985564912207 0.3431070508190744 0.35207032473037625 0.3858342576869041 0.4237194236407731 0.41315745169148566 0.3967385544227978 0.41104521883540274 0.4198689449684713 0.38925331884520725 0.40785365688347436 0.43833841229917814 0.4272117252256837 0.4557534667926554 0.4856872165362636 0.5400071770419745 0.5663171082808834 0.5864549787849338 0.6074941090673773
0.17631729450621933 0.162774327278604 0.16757579421309562 0.11844237803155067 0.11836248379083338 0.1555530048491185 0.19540533786180825 0.23243149645859906 0.2104850396115344 0.21171112343627396 0.2573601270815357 0.27546662314510284 0.2806305941014085 0.28186965877712233 0.31996926134296794 0.3483685148923155 0.38042753868286094 0.4059979627622211 0.3672082353991647 0.36807474711128757 0.39590340965869975 0.4017311675296425 0.37129619524745633 0.35342203960017915 0.3494731977434084 0.389579249699998 0.39153876274533356 0.41265507133999835 0.3836472783692042 0.415353848302134 0.42502262276985725 0.4172159320576432 0.4133316620030478 0.414649546221758 0.4077780343741305 0.40195846457743883 0.40609615355841666 0.43994361719336744 0.46515742300843316 0.5224030947717273 0.5201209213731419 0.5569650520261106 0.5816599045398262
0.16409550057405378 0.17067979084066662 0.17352595921320998 0.1302649317712625 0.16663774314392318 0.16281258614188707 0.1718161070189151 0.21245806602689607 0.22344035739103668 0.2538685790155907 0.2574326195430675 0.26875867940104564 0.3013835740512095 0.3023513488826656 0.32505415126491993 0.33960166566878 0.3481767978007205 0.38349566555645853 0.3898115657301016 0.3703329731034508 0.3534740832364513 0.3559191540254548 0.3745214258847518 0.34083831906411316 0.3788288897090173 0.40476127285654795 0.40069268913515643 0.4008754649430221 0.4227027727237019 0.41578015626301823 0.39438972416832485 0.3901611129391372 0.4006670921606813 0.38815451761749825 0.40626313119736557 0.39567658078085743 0.41492716479723957 0.41536835533305455 0.4519274180132801 0.47794164051956955 0.48123704228776376 0.5334599801720008 0.5647288906252804
0.16323399737511915 0.1832591367102212 0.17797881325545903 0.1500286249921557 0.16740692408119703 0.16070748812496824 0.16852795728412165 0.21018417005982318 0.21690414695523558 0.247049305264782 0.2444949597766501 0.2509462171735306 0.2657323632286549 0.2791335921494823 0.32456467565533353 0.315345988663259 0.33546349368298783 0.3432265153033916 0.34361937338177645 0.3749938540936802 0.37325387664474613 0.3531822617190831 0.3310136699382257 0.3288432362755664 0.38069387563943174 0.3654589842429522 0.40385627854967976 0.41283124638055774 0.41030243664744187 0.4177775329393352 0.37374286941364726 0.396837785238476 0.3911205965239218 0.3861959403606619 0.4006909372211411 0.4087536803590158 0.37952807016283735 0.37848451388836196 0.4056232915217217 0.4460504682191227 0.49209974745216634 0.5644038388624494 0.5971557447346482
0.19880730479082953 0.18131674467630715 0.19012763679900105 0.22303056826391854 0.1696584462984837 0.15005777397986322 0.1686691530054681 0.170061726363032 0.20447529253740654 0.1847894252068152 0.19026466720657206 0.2003711765602521 0.23516646577167397 0.2898641352470109 0.3280220035116213 0.31015007242622317 0.3439021416829243 0.3619674054075529 0.36738048465975015 0.34795147107020125 0.3637153583471229 0.31955719871681815 0.32803089166163757 0.3621406938424501 0.3528683043178161 0.3557136908647629 0.39530860835674425 0.42263959958660313 0.3908304633542186 0.4172977699578103 0.3599894203500342 0.3610106642235726 0.37683161847250934 0.40613356619615865 0.40467499267159646 0.3645344980648198 0.3852636748908397 0.3679539467425404 0.4253159015963192 0.4419938335292205 0.5063979067972696 0.5678629518771432 0.5904063425302318
0.19862528209715927 0.1811717573834579 0.16288594721855426 0.18303917034016381 0.1556597654329565 0.16650743598877743 0.19400084209406032 0.18837285847348215 0.20852483634140315 0.2047657446571199 0.22661357816968408 0.25366287767724727 0.27315505316244704 0.29104579637097083 0.31853768362875357 0.31488546167547393 0.3174936672294312 0.37042010741642883 0.3505919704496449 0.32676094671485384 0.3285760992815436 0.3157578638662033 0.3259652758553644 0.36069932366368657 0.3649851684074011 0.3330491356016352 0.3358406456108038 0.33101786680804335 0.3572117092590093 0.38409708629463346 0.36822893712665405 0.35487482746799015 0.3720240896883796 0.41600530839609456 0.4049582361003618 0.36780212840322624 0.3586008502991018 0.3738773526125351 0.4158528677928243 0.4786808010846608 0.48413709735879806 0.5200325873658466 0.5684680242961465
0.17451646452049083 0.16737809101844917 0.14567666782310693 0.1638966406046943 0.15350020240325357 0.1596183810964629 0.19955035983225453 0.21649562003602274 0.22843376170225974 0.20883641337172754 0.24107495385685698 0.2711974292114041 0.263141778216075 0.27244009434427446 0.29043216807219646 0.3118484973024759 0.3396630350177885 0.3660012452726283 0.3317916437572156 0.31886482286444595 0.34913892160507365 0.3540636645060488 0.33327512994684305 0.33656720171177706 0.3458499870654766 0.3227206406786028 0.2994208537245522 0.30354017919096843 0.31441756911275376 0.32688639172474315 0.3407846950024506 0.3371982692313366 0.35022006380146947 0.3881772287717413 0.38319291847545794 0.3893067387219316 0.3591733816602682 0.39056025762825725 0.44635253750059006 0.47795360268992454 0.48296152058216313 0.5310679015945307 0.5603549120686866
0.1876972232553429 0.19254144730361625 0.15792428026384014 0.15968142728836746 0.15108391818474812 0.1494114493940517 0.17538396100680312 0.1989984888886143 0.21560246425269716 0.20610981906860393 0.23296211598247998 0.28250845621728354 0.28032950777284293 0.28244814377145117 0.31093462483320544 0.3562360909912365 0.3663466544797997 0.341509691617208 0.32574998833076757 0.32642830132140427 0.35053175155087013 0.36358379071397695 0.35259439646571417 0.3219814780743794 0.2987248699659837 0.32486999839020153 0.2967084205242319 0.3284745177596975 0.31783584209955884 0.31251471315305984 0.3380164954466529 0.33623641365758994 0.36875567908456447 0.4065076212835231 0.38381149165278267 0.40285831148389406 0.3846530322889433 0.42033058486439767 0.43915944194772394 0.4563861782428695 0.4753181173453189 0.4921384654685338 0.5457877580506153
0.20422590740414848 0.19892931929307334 0.16741400231721118 0.17421291566587943 0.1467872036196472 0.13391233452007223 0.1591298449396279 0.1714547129344131 0.1854781761264408 0.25233608333039126 0.22933356059899762 0.2653645160442159 0.26275110925297174 0.30664671659703086 0.3327647750280699 0.3724725295364278 0.3570644609924144 0.3371737733532648 0.3398146335764896 0.3423529438685322 0.33759025763176276 0.3171763700492718 0.32228468884179023 0.3201655924875995 0.291264607598634 0.29914962323306876 0.3090562783497668 0.3010853976320264 0.3089158780842974 0.32348638077334874 0.3560830061849346 0.3670079964380599 0.37021456387691587 0.3922443724484757 0.36932339810665976 0.38378711882947 0.3890723526346134 0.42809665451263085 0.42382717273639087 0.4430720979821993 0.473866365947629 0.5140393889658247 0.5493801307702229
0.19209655823563743 0.16530497439496974 0.16954770757979334 0.1670642281194998 0.12634307306851622 0.1497066225375949 0.14312759841320896 0.16760421212051477 0.19796039128656653 0.21977908630116785 0.24861778812953822 0.2530012697972592 0.2908544493466294 0.33957587048768173 0.3268220286713781 0.341810396489328 0.37061677593121845 0.35604080241937663 0.3645776902978358 0.36300587482511837 0.34320322221129046 0.34896751414877164 0.33823631937146864 0.35027818636076863 0.32767333402333715 0.3167821608321638 0.3440137426300648 0.3384635564843036 0.3325702386777381 0.3438609388163806 0.3850885631381302 0.40446805824911247 0.4182159704027248 0.3899134957120433 0.390315813079293 0.39588251213334746 0.4277505942853742 0.46639815895543413 0.45214118423281746 0.4711675000503177 0.4983742268402448 0.5105684303572804 0.5537491984286887
0.17144905015970824 0.16712396131372076 0.15992143802793662 0.13986395864601683 0.1262214786912923 0.15242209464639436 0.14158093014840412 0.1727945533467287 0.1802433904746452 0.20442602837446353 0.2459208448342734 0.22846990242274667 0.28612714083412355 0.3352711986559765 0.3633725683258022 0.3785522796828444 0.3739653438842026 0.3834642224937324 0.37106515071865814 0.33117392991734707 0.3218844558106867 0.3156339982940195 0.335900404848355 0.32953778184576743 0.3266365679898807 0.3753391618110045 0.3950818671943885 0.40075020078852003 0.3591595874752772 0.36350473649348247 0.3658470196285861 0.4190111848299669 0.4360726240450587 0.4065601481215603 0.4264076022304361 0.39395372711386484 0.42093024732258916 0.47828435946699993 0.5117214041398243 0.5058542892602031 0.4847929070916077 0.49757622208542823 0.540235451919935
0.17018063106165157 0.1583462841594632 0.16930574783799354 0.170222693769005 0.16070990190228815 0.1688671851081631 0.17916382996527327 0.19478474251243982 0.17469337996788775 0.18900342890666041 0.22458988762982468 0.2535071202122723 0.2574786382166667 0.3039794558756502 0.33115665246801784 0.37069142271094785 0.3798236161266395 0.3697263014934115 0.3354922846363505 0.31248312084016994 0.33125657336694186 0.3221728841462006 0.30268067135232807 0.32163924484353584 0.34700781023207566 0.38996114772281365 0.3878968209731345 0.3777370077001375 0.3934110049033682 0.39705323149668625 0.3916963343729535 0.40468660152572994 0.43942877976981165 0.45301077059232175 0.45351526655313984 0.41968592679160155 0.42839282563461156 0.45450932173453007 0.5123493150027665 0.4894806294536372 0.4832474145816812 0.5203137215327303 0.5241369246798725
0.13618705209462809 0.1359744311009024 0.16016149741697153 0.17897588217305166 0.18698903834108607 0.15839033344072856 0.18794351257381528 0.19836364269924123 0.20570107531801102 0.1631931104197605 0.20307382395726462 0.2263925925912748 0.28370899065553656 0.28210866688055314 0.2929754288242771 0.3418400682396284 0.3551571724485175 0.32474832343052046 0.3434459810671625 0.324517612666952 0.33761383726564875 0.3047588062290722 0.3353923575976019 0.3078933629257286 0.3593266648482809 0.37028354481285675 0.38798683517342664 0.4192417502411713 0.42405869029874127 0.4207615904940114 0.4202639676968415 0.41460786891428986 0.4605229524979257 0.4695580441933954 0.45034779695228777 0.4501988045061915 0.4793870901686912 0.49019154248130586 0.5081998173265828 0.5049459770840369 0.4857632073260945 0.5069060902272767 0.5502217201229136
0.13497567884825468 0.15574618978452204 0.1451845873586154 0.18151988059535362 0.1860641722740234 0.16937112938157922 0.18532602943912477 0.20487352269862338 0.20940799711165087 0.19738073377146167 0.1825055006152635 0.2318315881245603 0.2697346978465692 0.25614167987345055 0.2976595966473029 0.34137719420433726 0.32679245620396324 0.31982820214074276 0.32633942375285807 0.33548141255564257 0.33100496080744446 0.34181937335436563 0.3315285252249657 0.33633701282889816 0.34304809785640705 0.34247251510011634 0.3813989131150942 0.42010013903966004 0.42323731592775693 0.3968263681467592 0.3969310504446511 0.41267437071288543 0.42874327894395164 0.45211266817916573 0.4962445522742332 0.47232084579559674 0.4842594317192057 0.46776787666050545 0.49524247596013454 0.4967409880572386 0.5383604786989225 0.5232291494079535 0.5304208506650708
0.144851236821279 0.1411037174179433 0.14930710691187965 0.13095720048426648 0.19476293730955016 0.19291435541764315 0.2069603324962044 0.21534350292106932 0.20100000075778626 0.19094081093130483 0.22082123326548872 0.24057943161875656 0.2535965121310056 0.2540207046732581 0.3000805702129208 0.3435216114438594 0.3668624380041037 0.3662545945527019 0.34424964578593975 0.35501474166812236 0.34974321046315826 0.35142984366116853 0.357774310586064 0.35045699898367777 0.3359737314823155 0.3354452556358078 0.37902986066206734 0.38006806601635157 0.40923031603419685 0.4128169110253883 0.43285733807134597 0.4256143514312441 0.43035644643075105 0.4932529540445039 0.5091753271567868 0.5090953075075757 0.4859881046642899 0.4994549000025191 0.511529121345441 0.5251127290715264 0.4973799692010408 0.5197652857162118 0.5293599381017785
0.17022935452367433 0.1669964227111299 0.15732851520772248 0.13763893533353005 0.17390145218636321 0.1854498541022817 0.18942639086251847 0.21323002312403938 0.2386142025065859 0.25157656077411794 0.24406421121761182 0.2320150407299011 0.21532977017592894 0.24427768927660873 0.2610535190851231 0.32155484494216174 0.341894274015055 0.3538543584129647 0.3810075508394797 0.38438192891869183 0.36528960946378847 0.3577295418436506 0.3545986282487506 0.3550423238509939 0.3874015349157625 0.3856887312346305 0.3905080025806006 0.4145089172735848 0.4164379532336703 0.394484278479956 0.3988585202397879 0.41711953336320456 0.4489817792493069 0.4721317942786443 0.4827196826652245 0.5010716344626727 0.49671783839087624 0.5002464827410911 0.5098806827320526 0.5097130245046377 0.5031043124565884 0.5422277920882441 0.5334241419618128
0.16281777368925132 0.14927919605786288 0.15546832118477552 0.1412766760994155 0.13851869284775195 0.162218629855251 0.20161744735513093 0.21453443502607764 0.25116179668265015 0.24158549757607867 0.2421500138068996 0.20787753177619767 0.2439422187191897 0.24816837141898077 0.23498156033013853 0.24943656514582296 0.2850611900182527 0.32352928479561166 0.3816498382605543 0.41881090466548315 0.4264234256296845 0.41463356069546603 0.3787412340805691 0.37724470510629937 0.4105688636501877 0.3917917282434399 0.3759114274086432 0.38512954575573677 0.3830293789626364 0.393038456796821 0.4290193174714702 0.4378991262590056 0.45951078860802547 0.47255978050736536 0.5018546967686318 0.5175011856498846 0.518917175641528 0.5046177462313408 0.4928019967090327 0.5196500837111346 0.494977467090675 0.5299491204791728 0.5273851285854421
