Raster_benchmarking/DGGS/continuous/raster-302.asc
NCOLS 100
NROWS 100
XLLCORNER 1743157.7397785783
YLLCORNER 5469282.524336579
CELLSIZE 10
NODATA_VALUE -9999
[rows 38 to 56 of 100, columns 42 to 83 of 100]
0.33581791342986417 0.3772143511396374 0.3479508101443845 0.34839956945020645 0.4212718370422718 0.38273855362423975 0.40675701779830087 0.42467144397441375 0.4088026010213973 0.3945963381551684 0.3482622361569803 0.3680874423795502 0.363565228134466 0.3499340543397944 0.35333484170736645 0.3807573842667134 0.351881576769835 0.3466197265377934 0.3625223369851398 0.4288911388756 0.4505385276198364 0.49276813014083704 0.47356280414576846 0.47192376698719296 0.5080606346767397 0.4640580654807178 0.4523006995129177 0.4900826931205687 0.5050481590504893 0.5196713869100188 0.48543372582741273 0.517875587815682 0.5404175210472885 0.5194313739580871 0.5185871579629967 0.4875083265987736 0.45851447490555775 0.47539486467421355 0.5074617921004144 0.5000137924685323 0.4488172552140619 0.4662618212461902
0.3726633304344319 0.39338675007639223 0.3871388010379665 0.389669914883518 0.4164725302178478 0.4163282279840976 0.44497718012704773 0.4144937433172516 0.3859945198531096 0.42483050359422053 0.42398615320852795 0.3929764920688235 0.3456681040231253 0.32665980638499087 0.33920649627981936 0.3466571062091312 0.3529928664209507 0.3352827975376025 0.361724598007186 0.4024727563721115 0.4615408978073962 0.4729665887838013 0.4685441085181047 0.4712466079178829 0.47707196501500687 0.45705464317451905 0.4443414212607279 0.46459864377349014 0.5086423445323993 0.5005713303917019 0.48611861910885745 0.5339775357802061 0.5353620676345671 0.5140548050659104 0.5447025919576477 0.5345376222139696 0.4936250419691887 0.45817153326155835 0.4943240859223896 0.5105720803121458 0.4474640579263493 0.4503920581940937
0.38863435483706277 0.3960569349383335 0.4503547618836627 0.45263457503957366 0.4543030148207271 0.4485082323357156 0.46501944973754883 0.42812773985272795 0.4072558958250225 0.41324477520338737 0.42551728690907165 0.3837244647002591 0.36335547410188324 0.3362455219707804 0.23665670971653593 0.27874365856663225 0.34578533219640994 0.32780633323980907 0.3721429902534315 0.44788734658389345 0.47366228530327203 0.4824102920958971 0.540904948273325 0.48977608411936263 0.4737882286173044 0.46321151986611875 0.4793166358206622 0.4706816894402309 0.5186175505107913 0.5273405550932785 0.5353859099176929 0.5650510412019479 0.5246116670257855 0.5115994442934623 0.5758873686195601 0.5521591552508746 0.48057010849059756 0.47434778346242756 0.5023683744291648 0.468985494999142 0.4897850733012267 0.4498586103356191
0.39581415080988114 0.4426345061660078 0.45912007344600003 0.48641303310978673 0.45225623021784866 0.4553761477296793 0.4103986662998845 0.3913401371328639 0.4060802167790983 0.4025012146016024 0.3944161590215638 0.37298024441276745 0.33290801836036205 0.3078721571121242 0.25507968070131926 0.29403127434786663 0.307232942803551 0.34373904251196935 0.37178235550272987 0.43235459120101244 0.48046235190061953 0.5048294021914458 0.5005819296270279 0.4854130969578493 0.46051599531610454 0.48050437287454106 0.48596900617835187 0.48512335283226116 0.5137760268023787 0.5062466506363935 0.5374425297509072 0.5524090032568522 0.49344770813462513 0.5252863919582511 0.5301612616622838 0.5264108562566301 0.5012299807213021 0.4486135771636846 0.4835120330489881 0.4570891159205521 0.4625005693697904 0.43545838706815604
0.4161843530934263 0.42317962587619 0.4735263249157126 0.4725515894617519 0.45663476706400064 0.4394716588262148 0.4261706514771258 0.38473702780310165 0.3568956543034148 0.37254627203347696 0.3351718663910685 0.3204032486030722 0.3225051641322995 0.31124654281416025 0.24831204093604986 0.2959565707818009 0.27307814114415285 0.3080247873836809 0.35917791705169916 0.4075465540908804 0.4756342250545002 0.49988623046352604 0.5018704287628232 0.5134591674396866 0.498982064820821 0.5272659839578032 0.5286538804884765 0.4914402796780518 0.4726606336259806 0.480086614906336 0.549955769923504 0.5451015326875893 0.4864055707789523 0.4929329097661085 0.533936760899144 0.5278954329924357 0.47683279833939085 0.47766952670485074 0.44333347849037025 0.4719054982372829 0.48185199443823107 0.43182721044835426
0.4201476608840579 0.43205788158179026 0.4239025602563187 0.4220967636465485 0.4222833113771885 0.39343692769688515 0.3912200365893936 0.38431304704098257 0.337838901923237 0.3507924424927754 0.33713566683927254 0.3110371414983941 0.3011118541158396 0.29048867580945326 0.2815086166713292 0.2931744932455747 0.2945830245961364 0.31916616511985435 0.32171997233291805 0.37169231235981676 0.44791505075332483 0.500770044518532 0.5110026443076193 0.5069557598677862 0.4723748313658899 0.5117415672920156 0.4957696685867226 0.5109593610088888 0.510042402313036 0.49898807065126133 0.5236413069717083 0.4857131983850676 0.5236673066195914 0.5347868588558744 0.4955849394723138 0.4852670077345463 0.45318437489310376 0.45152599078498906 0.4716689836625446 0.45984213639042776 0.43915695755904843 0.38828533503247104
0.35735377799561074 0.3932742069021731 0.3823712975975799 0.37884804713368037 0.40872313563802687 0.3681194874670171 0.39559511662071506 0.37153359093163213 0.3235396056109989 0.33318947112904873 0.30456612323044974 0.3395044397043037 0.301780340065066 0.26129373153398994 0.24285871530676564 0.2878984153280097 0.3068451657118994 0.31772718129290606 0.30227220527391974 0.3278986004636903 0.4047544919203187 0.4872387741468242 0.5195159909350299 0.5185304748592727 0.45470509929809527 0.49978211683161444 0.510354709755677 0.5036740343510676 0.4741807489743511 0.4505759513590768 0.5159550028795526 0.4864705556359581 0.4964641768161911 0.4904277727438652 0.5054518568391628 0.4930868034217582 0.45976261649692435 0.4271277119265223 0.4415905052527868 0.4281015796945489 0.43071827934472484 0.4141053049622058
0.31136394442660614 0.369174228786203 0.35561174693734043 0.335340032602116 0.3491350485568716 0.35045077614095066 0.3473595023770922 0.3509739494256435 0.38385226077187723 0.3899533877658556 0.37080575976633606 0.32129211389898055 0.2931105825388921 0.2740397388199022 0.27711562295465547 0.2886933611442113 0.30497293879652865 0.3162652369834666 0.2935164019967566 0.34062369888542887 0.3887833903226957 0.4603165846929773 0.47723649684359154 0.49412656139402145 0.4622501658015325 0.469875404765014 0.45292515730161526 0.4595061603090116 0.42107779631689535 0.4270239782146446 0.48900162363776173 0.495706679058484 0.488899680374879 0.47905838857309235 0.4733036013558028 0.5099122404602212 0.4859495856963962 0.46036734810926006 0.45324066036713684 0.3972867958431882 0.38638508101566804 0.3830563939003148
0.32310250282688646 0.31337795091210296 0.32033183478194416 0.3230081207784826 0.3411074502202793 0.3726904478215861 0.36263117888928864 0.4086143348733581 0.4130296225998397 0.3917539511570462 0.4003397686325618 0.3685093313949791 0.3514542285777045 0.33644747838199235 0.31512450366230094 0.2655001855468508 0.25917798369392664 0.2814557408731346 0.2965529338867183 0.3368149234142297 0.39570255891428796 0.4539933215637421 0.4755051104364075 0.4647101318081352 0.428237516896864 0.4186993560833324 0.4553837765493928 0.44329031357477194 0.4172322378335397 0.4067450700032897 0.40679138776895524 0.4676710962757844 0.46161246644028425 0.4857373493880669 0.4602277640278336 0.48393406497190716 0.5193178834805782 0.4650581183349558 0.44754131512443657 0.3852045950448265 0.36167317590791953 0.37821502598926343
0.2843967650103999 0.33588521627301865 0.35151644814145533 0.35291316241634124 0.3255870839268065 0.37717588948380915 0.397590889877627 0.3951569305709901 0.39862433529701935 0.3952742869354299 0.4072323148402699 0.36100784616310244 0.3785691151945971 0.3562925645686717 0.32251465022781334 0.30247559851478095 0.2674194305105154 0.31477497632441964 0.35732539583751827 0.36577089320361866 0.3935559437971416 0.4111861102660602 0.42690858388238473 0.47178608430727836 0.4127206959390418 0.39631677652637537 0.4033443425222152 0.44827419528578344 0.4135290704694782 0.44203053845591384 0.40918410743218064 0.4245683996516743 0.48030417136201664 0.47667900590543283 0.4739103560147654 0.4946311228247546 0.5180408201400564 0.46787421514213295 0.41019111487101145 0.3845193098746194 0.3933666318287956 0.3427920296090775
0.3120382590638911 0.35594281268327616 0.3441142033931318 0.33883023174478577 0.3254082990699074 0.39182769429326764 0.4028935136746002 0.3733142339880182 0.4306589593780837 0.40236948516968596 0.3862639811312926 0.3646484777146817 0.3639611341349987 0.3426737772369508 0.2763375074861364 0.28342898658911087 0.2822827376770838 0.3300507286749309 0.36037974361121633 0.34720540133789213 0.4162275344933408 0.45228882961735656 0.457978509421326 0.4200217591747326 0.42310186649292286 0.4170246223157495 0.38244063185508737 0.37550859134781794 0.43192568435212586 0.40751059001956497 0.39335298467971647 0.43195893085891224 0.481248064179561 0.47285093673231 0.5399773942310153 0.4898985630951953 0.4717338155587097 0.45483261117776524 0.45913424942875175 0.4367383171894582 0.3757589571232717 0.4084776413264738
0.26857791539695025 0.32549880948887383 0.30804257059239737 0.33687842708637744 0.3284269115464662 0.3604428024559691 0.3861111720424562 0.3566786391774412 0.3816171911469013 0.36000145047305837 0.35493184607276945 0.3750915093117484 0.3433081272515892 0.3306901473338922 0.3257578475355242 0.3382023927976303 0.34653491392412517 0.32735224803191154 0.31400993248525233 0.3660147052632852 0.3738750719869604 0.4285448046071876 0.41343977289321415 0.4387572575257913 0.40687837043862196 0.3780673416176389 0.335309030216231 0.35147529358932394 0.40675689944497306 0.3949052558917088 0.4236179860669135 0.4159528824001987 0.47629294051938753 0.47632264861457374 0.4751027379233527 0.46321489857348536 0.4642647527460378 0.4589764858480708 0.46904076048591126 0.41915351668036965 0.3621882903873306 0.39753914841523397
0.25268678752492535 0.2593332213426765 0.2867120575286349 0.3194126270056821 0.3282035912155666 0.32850003997751265 0.35899030392195963 0.36236230348174825 0.3318739845726817 0.348623775683524 0.31702705322875757 0.33114481780422816 0.36036070170726076 0.34379393433691585 0.367277521221953 0.3584697517159068 0.3304774735213713 0.31274777967684336 0.31941044234600285 0.35349416945221046 0.37059731493912673 0.4154231444139842 0.4177412325876799 0.4115867444377717 0.36996732609853794 0.3830657089417629 0.3467075670448563 0.3635072628413005 0.35135027530256124 0.3635166550754955 0.39883132859413767 0.4387154583581662 0.45763605340553515 0.4706852922437282 0.4636296788729719 0.4518748446690107 0.42286591325885886 0.45819916900032936 0.42297609889288784 0.41761927625321044 0.37415277071977465 0.3882058565022396
0.23380384763140666 0.21437438807959264 0.2615148018647517 0.2769474589291407 0.2849447822772235 0.3141263006439532 0.3422719247367429 0.34810398588520536 0.3364224836593078 0.2996383648219386 0.3459918250207204 0.3640361050228476 0.3709834813552252 0.39684759928233077 0.378491817221286 0.38373392457030386 0.307962426704094 0.3107174841237257 0.3137861079154214 0.3358351432738382 0.38867313775637147 0.4012816983797349 0.4121587915930918 0.40340390365006285 0.39286065667542197 0.3868612270311607 0.3541340570625987 0.37258039224015915 0.32718071079094535 0.361052262316877 0.3950899225002992 0.3889031933533176 0.4147165773848087 0.4384338849270339 0.4667482255229417 0.45327389556309017 0.45549657617793426 0.44224039874637183 0.4081374671465277 0.3855942525751428 0.3983170510650326 0.3780742959952849
0.15583870124221605 0.14031387417223934 0.166956379457544 0.23751845450407955 0.22181846348092668 0.2514258592827286 0.3093980149207503 0.3146474980698943 0.30134687442270086 0.31680011617755016 0.3457545999241059 0.37719461648892555 0.397123308928805 0.414540196514036 0.41891196615435033 0.39023367110855545 0.3148992437940746 0.3075486224869925 0.3196866779579642 0.34207340164305877 0.3329689187446576 0.33807744616692276 0.3641104464737348 0.38545143347420685 0.37525931131216905 0.34707753027172195 0.35866028163541147 0.3650449512891806 0.32029895588090257 0.33995728392386454 0.3868363737361755 0.37419643202123454 0.41111136930643993 0.42423020993073535 0.4726855503062818 0.4290122973510472 0.4251185595079527 0.4411532347627348 0.39489227376482555 0.37235484526798235 0.374716868431419 0.359522807683512
0.15295053283838858 0.1385997797105759 0.16798833794420262 0.17812950042466252 0.1964383282671337 0.23317355064042086 0.2940599530937018 0.30700281602143936 0.2996899937848929 0.3453589220788923 0.3777954919139138 0.3831758661581807 0.36586115019831833 0.3902361521566949 0.4157582751844927 0.36214129524984573 0.34768161352228516 0.34025891419923693 0.3217164628908358 0.3534529430864591 0.3354400710383951 0.35393371429971704 0.3735471374273944 0.36404302285877893 0.3710363200926754 0.3497345280089805 0.35673432165874036 0.3648754973379531 0.32094180284051654 0.334272528821304 0.37408592484587394 0.4083447283957457 0.39348952531637754 0.41155660916845743 0.4281541461991603 0.4711030438386901 0.42308747618072956 0.4061091327381493 0.4200486229218891 0.3900012591215958 0.3904915913973504 0.363625272328625
0.054232113246648464 0.11664723109707723 0.09513491121023171 0.107096497401962 0.16980292100481734 0.21945859519008262 0.21760479920982317 0.2620825417401802 0.301194402834478 0.3577329016297633 0.38192047989488087 0.3932187651416892 0.41215607762012085 0.3894296385944114 0.4165484309997748 0.3572148935816011 0.32779047266577077 0.3269190651418638 0.30709406975067993 0.35155158367461403 0.35283689542786995 0.3528043631611594 0.32446820316930514 0.34016895707824507 0.3413858431543284 0.36885876246763716 0.3955822693540982 0.38390196139716526 0.3516333783750884 0.37760420836355474 0.35707478549241994 0.38309463438917357 0.4262283544287661 0.42974076670288175 0.4330548777267121 0.4990769167030101 0.49329132375735024 0.39625378626453034 0.3716205906639238 0.3981413721659258 0.3763575669615889 0.3390315302215407
0.06354257690561416 0.07038549314388555 0.06903792985174724 0.0705366702667808 0.13875667034128675 0.15336014551700647 0.17689302449972247 0.23810307810204395 0.2696671649938448 0.33243405075917876 0.31926174765697213 0.33472815220381463 0.34658535610631386 0.4144207676726876 0.4229981706561255 0.37541937826476585 0.33109142861741564 0.3515163065175033 0.31665866775427304 0.3336893170929624 0.3131054125270868 0.3209711949635889 0.3428926259315085 0.3663167730663448 0.32920492880753743 0.35230132388537183 0.3835415143401559 0.4012895413579741 0.3800475718574705 0.35902189343201923 0.3883677870504738 0.39966989226584454 0.4036065074954115 0.4292008051378127 0.47446362094636524 0.4851750908031456 0.5017072385726175 0.4235401414870504 0.4123250496362271 0.35826109447178145 0.3440749721520659 0.3540318966012129
0.041926548543751115 0.01666996593130703 0.03789044019075402 0.08021920172949451 0.09394518716557068 0.11605666921562277 0.1590172540424548 0.23490630592468795 0.27214936431255143 0.26228163302161134 0.3226865793158921 0.2944887815112584 0.32259346946798445 0.36014905628862093 0.4238490460128547 0.3782233235340652 0.35252075608602185 0.3235569479570842 0.31889535897123944 0.30156559062617116 0.32231285103467117 0.38028541846154557 0.365063544886031 0.3617782890927256 0.3350257257231626 0.35903107579544385 0.3612109337626778 0.38934589887817606 0.39145745988284214 0.4057827863500891 0.4071141083861995 0.3741901532194007 0.41320136456300727 0.4059533183488649 0.4891603565144048 0.47118839476956265 0.5048791893459714 0.42657654678509127 0.42249851977805225 0.35802451712325883 0.3592337176095754 0.374033310173138
