Raster_benchmarking/DGGS/continuous/raster-196.asc
NCOLS 100
NROWS 100
XLLCORNER 1743165.016955077
YLLCORNER 5469277.669717171
CELLSIZE 10
NODATA_VALUE -9999
[rows 0 to 18 of 100, columns 0 to 42 of 100]
0.7145834169618528 0.7031733391805535 0.7107546069146649 0.6985923606239758 0.6848022042061969 0.7055687032358338 0.6866943381183148 0.7168964636391334 0.71103897201907 0.7149506509184326 0.7047005070208949 0.709766578915494 0.7439902612962345 0.7473964345606585 0.7732997567719626 0.7652072848782694 0.7699317263523957 0.7581791278078052 0.8107329444364261 0.8162930854522801 0.8235847373313403 0.8220660304519908 0.8457989987040514 0.8837279054286159 0.8912959020712371 0.8925806770052979 0.9436120771626941 0.9247690021340415 0.8796707946613069 0.8629119555262307 0.8636376410274932 0.8205534976867701 0.8266375848584853 0.8318059213352509 0.8184078530755092 0.803350846934346 0.8490160344423167 0.874472083101278 0.8587140751751592 0.8194217891647442 0.8207899108598017 0.818925188481257 0.7639361303064054
0.7100222481021636 0.7004330993115024 0.6698910712652888 0.6790933998296171 0.673071471217612 0.7060453869967875 0.683033997837478 0.6914265292682797 0.7294727900386011 0.7211130285634025 0.7359593121093959 0.7003780380237741 0.7434571620120534 0.7448007357157408 0.7182828726095242 0.7280398546366039 0.7735557058527577 0.7822579188182736 0.7668426088260137 0.7759655550724335 0.8266641745048704 0.8418911587314928 0.818739084659494 0.8447811905747354 0.8807253080257653 0.8709486848744646 0.9126084545823487 0.8965971489922113 0.8543940731677696 0.8256749447616967 0.8087445280287252 0.8115308434066286 0.7946093450415789 0.7838138976721639 0.7815356594889031 0.7863059625969032 0.8088094809013354 0.8445466365405409 0.8402378967927029 0.8262825019216777 0.7898201551233326 0.8008686558117926 0.7897445453476368
0.7524437752834744 0.7009168728169491 0.6661866387272117 0.7012302324690919 0.7119646880660071 0.6687073248889969 0.6643881914525163 0.6930082211161454 0.6968502990000753 0.7212591485679213 0.738631425156416 0.7018836279042762 0.6863422130411518 0.6944632997821524 0.7105368840712076 0.7049654337138057 0.7503409805076849 0.7463856281489135 0.7467250836628148 0.7609581744143162 0.8078719898262686 0.7942319273617285 0.7960906748665005 0.8006338438123773 0.8441224910603068 0.8449864664126482 0.8765983898659302 0.8638185408673789 0.818165642481841 0.7996439169486677 0.7742611716373646 0.8022769611678401 0.7912360540431022 0.8000900658106124 0.7531149666253985 0.7691911837927068 0.7990952350251692 0.8367871379201538 0.8137776765798947 0.8068983613019924 0.8065828321074466 0.8072455217226214 0.7597026035406625
0.7562757522001933 0.725025590064372 0.6881356198168135 0.6930860042102269 0.6913002671594058 0.6781029793901396 0.6642682053826607 0.6780959508670668 0.7002955423010784 0.7120118846908298 0.7099757106507024 0.7169279980931267 0.6683034781438231 0.6691460838750396 0.6843918347755752 0.724030072141709 0.7413843746180759 0.7537643464049217 0.7773685277955554 0.7933298765632684 0.808178157799502 0.7720859938645108 0.7772438451577223 0.7980299922991998 0.7929084779042007 0.8313467629863608 0.7946694798626106 0.8071880266059186 0.806840093768537 0.773888264210452 0.7835103293940707 0.7724893711848052 0.7846834907848885 0.8082310214584535 0.8162096289302597 0.8130702362639548 0.8204757432009997 0.8262703719646488 0.8100019007025304 0.8214510869357788 0.8167460445169735 0.7996416798969694 0.765898645543932
0.7477406100455958 0.7595889055941707 0.7395537606517121 0.703659289796666 0.7063369475392157 0.7237928015416284 0.7150160272364192 0.7266766393661447 0.7321228232640219 0.7464786526389844 0.7503715364893249 0.6975748744436354 0.6961794362889111 0.694594588993238 0.6690387721093212 0.7106810606136198 0.6974803889793754 0.7097201686549747 0.7459319967250944 0.7719052729543978 0.7881327789901765 0.8006480087254088 0.7599490785442591 0.7887014944259478 0.7658375858986468 0.774813681899605 0.7611097140690396 0.8023422669502835 0.8186569572288214 0.7811951211111262 0.7889482907494471 0.7902224292996174 0.77587074863415 0.7842057315754153 0.8111387941353799 0.8206781683946188 0.7961987437540223 0.780225079386751 0.8064014905982265 0.7941111444573337 0.7564391507523404 0.7801810496111071 0.7785948081325866
0.7478975062892482 0.7407469627048462 0.7558104676221947 0.722166817362474 0.6972146751117945 0.7202068466271434 0.7448703510438701 0.7450596640403708 0.7466969638563392 0.7758135524285934 0.7711760955247915 0.7234896667294557 0.7082182772476419 0.6531987981917843 0.6351018136844663 0.6695232162235231 0.6918799137399451 0.7004147536540857 0.7135910432888051 0.7645030693082806 0.7611591336650032 0.789993498354611 0.798739857962977 0.7640318508171579 0.7616541904768754 0.7654262914170836 0.7531204561909034 0.7893124923550138 0.7659503626673796 0.7852581302184185 0.7429569147364808 0.7452863954695922 0.7707284013533302 0.8025167438290429 0.8110542592652012 0.7910210315104484 0.7906618698874726 0.7869513889169104 0.8107550521708307 0.7821690646253152 0.7915808984209497 0.7856479212890374 0.7496529884013359
0.7537241641288177 0.7374423782467485 0.7417794771771252 0.7596965937650128 0.7310400504038447 0.7426928603464342 0.7863398995170852 0.7550555905210773 0.7792864233534768 0.755265715629147 0.7681750187963392 0.7098140386226417 0.7057659790365667 0.6249842402291239 0.5904843924210207 0.6703687233967858 0.6821729025873748 0.7237375073409392 0.7164085680776502 0.7610845453919054 0.7572389235989266 0.7991675422612489 0.8055393027335398 0.7535655538626058 0.7199110033701439 0.719651791341959 0.7516442852822074 0.7486332714528461 0.7313498317445875 0.7657274455713283 0.7230077582012105 0.7719443050540459 0.7609219842639242 0.7967588471618217 0.801122983470568 0.8123154108688513 0.7896420197631883 0.7944286304541333 0.7783262837964857 0.7836505498222194 0.7992491070296032 0.7873242687550998 0.731855122037762
0.8009955102140883 0.7426970534432804 0.732509716747 0.7585436888243255 0.7570221214691556 0.7609702194835226 0.775108056366439 0.7926137443511488 0.790555065331341 0.7372316547576009 0.7169185419833646 0.7078754714788905 0.6560225346308957 0.6490968776910038 0.6427519755933778 0.648468221180785 0.6890716306078454 0.7151834817220731 0.7446047079493848 0.7465363265633516 0.7399741849428291 0.7403600099675594 0.7545460957086224 0.7539832959093516 0.7147007876241647 0.7189513577497969 0.7090952469199022 0.694302509434355 0.7106896942119576 0.7496145810847312 0.7358935868350548 0.7649096738767088 0.7828688107845825 0.8074221473151022 0.7736916697626531 0.7760879510161393 0.7491788760367948 0.7594773689463916 0.7680224406327176 0.8122278462005905 0.7924428200566476 0.7625319882678595 0.755206060470348
0.822980382925527 0.7603062972810809 0.7479917826028835 0.7607373701192585 0.7495852432531488 0.7255479109829888 0.7471743573904912 0.7843002044252526 0.7682083144716151 0.7275851831619997 0.7156633531048532 0.6996830660552322 0.6346595487032155 0.6484761690171754 0.6605542526767871 0.6400939520168601 0.676515763370991 0.6841616976464094 0.7407263802344923 0.7246789826682218 0.7373420560528602 0.7521599690156142 0.7448859599644112 0.7414210177371509 0.6893550370265583 0.6630505636262285 0.6691943759535774 0.6545298768647411 0.6901253256563795 0.7537071166285457 0.7626139106533841 0.7813971392527822 0.7864406636914978 0.7695967268556432 0.8027231545797116 0.7997557914165517 0.7640903266067364 0.7892349006424754 0.7929906173279532 0.7870853946459052 0.7771198944714387 0.7673554752045443 0.7785649673664603
0.8370207106557922 0.8197831206617259 0.7591120920640098 0.7714769520368848 0.7257939142452952 0.7300498676283802 0.7211586221086531 0.7338513772482106 0.6976586697789826 0.7053297951671234 0.6709367477314873 0.6622958353098032 0.6276263087500401 0.6397182175947813 0.6300771983464589 0.6512216693350524 0.6437547419867266 0.6649151209181191 0.7054700494804955 0.7267475633530913 0.7082883001169216 0.7412952430640845 0.7614463977306112 0.7225469002235694 0.6973087098599878 0.6485736304867582 0.6379931041137404 0.6626218777142687 0.674459050044845 0.7116217785437583 0.7389215912235904 0.747938750312106 0.7456713670932383 0.7592419225842683 0.7770445687760374 0.7699721193231885 0.7967480475235577 0.7796055299770295 0.7951520466035349 0.7892913585694085 0.7953134436974733 0.786942618055631 0.8153531402670744
0.8111262522050342 0.8088313715189701 0.8019390663628287 0.755781742514597 0.7268004557214143 0.7523706052413375 0.7680850010447668 0.7100901215398717 0.686683230674265 0.6632613711314395 0.6765962350438083 0.6822270268355056 0.6444562387579666 0.6270656150285946 0.6070839503496703 0.6472268402036501 0.666609661760852 0.6571502190765249 0.6800694225269606 0.6563729737244322 0.6682406172210552 0.7030765657740067 0.7356571226399554 0.7303768787896293 0.6930027294648382 0.6531453858365533 0.633128961766369 0.6748516832021744 0.661320425912594 0.7105188906528659 0.7374029150814337 0.7573150713064156 0.7414188135969525 0.7284333738028851 0.7488046866343566 0.7619151754892528 0.8204387308187127 0.8067654922365273 0.7960740980276871 0.7922899759559819 0.798355381965417 0.8408546566682432 0.8341736471629387
0.8140186394398115 0.7758626834514757 0.7755772546101594 0.7440166464902975 0.7040879598683495 0.7122644696765302 0.7145504637888286 0.7041624926731701 0.6954059321680178 0.6711686255501036 0.6887720134293023 0.6697303455386621 0.6585320197391034 0.6065547664368806 0.6323807722176115 0.644285895577483 0.6433747825114685 0.6656173662475018 0.6605354105017374 0.6504174016007512 0.6642604506857791 0.672800655474429 0.7110866731649863 0.6852554381311587 0.6666639215879668 0.6673841656550115 0.6872742797139257 0.6699189592128053 0.6463611049289608 0.6800350147699761 0.6961787062741414 0.7306894769389248 0.7313106120515483 0.7393952835705373 0.7768960886268943 0.7844144594917714 0.8294808473999594 0.8285978373256351 0.8137321281202207 0.8241795169501634 0.8556581810718316 0.8657582462404139 0.8367355172302271
0.7728698795426746 0.7530573988748727 0.7691284580266643 0.7145374313380142 0.7330201066114332 0.7065374897593667 0.710399402203534 0.6932871792064562 0.6480519262398265 0.6422350606645512 0.636013929179418 0.6205633798691582 0.6264998528386428 0.6210205928607956 0.5889045379117382 0.6148983886944944 0.6553541057774622 0.6359380700335163 0.6086648238195372 0.6048715203101699 0.6147062126086381 0.6364295045728577 0.6491279413638716 0.6458640420135509 0.6939503596759856 0.6789198164930146 0.6972101931889032 0.6837046716344981 0.6607106940780687 0.6988254066525694 0.7231646167920014 0.7505191504680714 0.7889290897418905 0.7797813935006014 0.779390286729882 0.7938949876187492 0.8027518598120128 0.8096145089273749 0.8516855945437958 0.8569113058554381 0.880452224170223 0.8805403172114582 0.8674339799124233
0.7342753221080397 0.7284813837153755 0.7022985140239061 0.714601132792681 0.7388016844075952 0.7301870836254228 0.7213918756801793 0.6638375089703735 0.6447760836997489 0.6369302599500373 0.6256904856152792 0.6115840449005798 0.6073438022353472 0.5947653417230351 0.5858707123885781 0.6191889985299548 0.6198398000785953 0.5915135515786549 0.6117319585907393 0.6144298963087693 0.6003698747795847 0.6113150704777125 0.6001563362356195 0.6411207444198657 0.6373102817264128 0.6410602426965261 0.6815742070916655 0.6336757178017256 0.6471426756686011 0.6661991643282454 0.6936501870375624 0.7193985148229884 0.751981810634753 0.7839836901778726 0.8400272427905044 0.8512905455461992 0.8641384995858125 0.8434132947556295 0.8754776278602603 0.8774067467923785 0.8952301230350489 0.8705072211067321 0.902929194961024
0.7272788844884421 0.7065747471992959 0.6870755782873358 0.6837526215268959 0.7041013907758549 0.7231845491503012 0.698791037445586 0.6942960964617446 0.6820323217836041 0.6048632878609235 0.5738759458278276 0.5619070867682437 0.5684280183387422 0.5566301160424233 0.5848752139775888 0.6225718903962189 0.6141914413518123 0.5711719958315387 0.5774250772902139 0.6066004101248367 0.6139898032463635 0.575074995639424 0.5734596223006543 0.5686197873410248 0.5938050526548725 0.6314014840486436 0.6696274645151185 0.659572697727214 0.6072398028208249 0.63789626626835 0.6515282109655062 0.7272012663456927 0.7642885501288517 0.7974095525172081 0.8466239078813683 0.8632985147957578 0.8770728851099431 0.8703674845802366 0.9364824159430049 0.8918818779238236 0.9015559710359008 0.8807043748238573 0.895838101080543
0.6986680227223772 0.6860488063791427 0.6887586516642544 0.6620464390294635 0.668327100260838 0.6800880594423813 0.6602060801188984 0.6661474434583714 0.6431490652426913 0.6040260974586992 0.6037153324010704 0.5864391832173118 0.6046245596329721 0.5618044297479915 0.5767594813868975 0.597377222742783 0.5863552127670554 0.5740830237735111 0.5621796297621237 0.6050739050621228 0.5791180241880675 0.5821240451869275 0.5653923860196247 0.5652277104485072 0.5906595535854781 0.6063714456346306 0.6473192655746466 0.6324797034521434 0.6010842983445165 0.6269825555607594 0.6898409022765681 0.7181452186431738 0.7682947070443518 0.7827223657898335 0.8496553016509903 0.8660337775374638 0.848827320674611 0.8488819440383417 0.8863652713677895 0.857334152247077 0.8744395672121933 0.880709887698058 0.8981489999384134
0.6220914848370946 0.6379859041194433 0.6679898540855373 0.6414334104632782 0.6310591331532968 0.6493117734757815 0.6306735173881765 0.6237606345430259 0.6348838541235705 0.6271997087582419 0.5868521443996897 0.5827803883186884 0.5977505377465294 0.6093658776068158 0.5806867040601529 0.5792157960882575 0.5753748496686467 0.5746153274448297 0.5918085533436366 0.579144041767569 0.5490492272801595 0.5463843110142297 0.5610824954418792 0.5525276051169216 0.5556701571181987 0.5724372494064082 0.6392251156927127 0.6183270866692532 0.596133281022804 0.6248010807438314 0.6717129782951033 0.6830601622858509 0.7169511334501902 0.7973337262960004 0.8438328578650045 0.8411831755084446 0.8401026024810558 0.8179361689704872 0.8114357437382075 0.84918249424827 0.8679925231001704 0.8281029301662074 0.8548004833316808
0.6179683327188468 0.6116931502619616 0.5948833743631605 0.590620407612506 0.6051898209143666 0.625125012716023 0.6218565469235592 0.6076092490225529 0.6130257145026803 0.6276195829926057 0.6239765087447764 0.6089008167286643 0.606574432286442 0.6197084432630073 0.5793973964678205 0.5634293960198247 0.5697875313519749 0.5354574613698183 0.5349749205991999 0.5495881043678394 0.563065496798206 0.5324023471331413 0.5659696594211844 0.5700914531648306 0.556771284002758 0.5846736463163121 0.606983026567286 0.6276755817422831 0.6243586633272105 0.6076281302790547 0.6205889424544623 0.6858020477487826 0.7356850586440772 0.7643205811658366 0.8046558407134033 0.8179014994853336 0.8196387575971256 0.8003439067477047 0.7781953295406684 0.7885557987133637 0.8126985605456398 0.8022011624920496 0.8019217036734887
0.6070983317006782 0.6118095880832488 0.5631573331468132 0.5996655689925294 0.6016174908277628 0.6086490974889622 0.5714213813844474 0.598327783087033 0.6008961506223546 0.6261303602171583 0.5953130387842128 0.5940405665873231 0.6130714725259315 0.6314266207733485 0.6148292528445753 0.5859701544790074 0.5343013836186801 0.5383790038739978 0.5403396228574647 0.5353663524248392 0.538113136596319 0.5583112956733579 0.5653617176908045 0.5546710113540464 0.5176557979836829 0.5440897746544829 0.5879088630063595 0.6073935148613284 0.6028974510174078 0.607409898010196 0.5975950964791822 0.6739469058427263 0.7282988362573765 0.7418118311700208 0.7984163002453069 0.7538448716947194 0.7434544728632028 0.7780013350657723 0.7447748570023467 0.7738076138033125 0.7620203515731847 0.7785580062966613 0.7674684934685394
