Raster_benchmarking/DGGS/continuous/raster-67.asc
NCOLS 100
NROWS 100
XLLCORNER 1743167.8603057587
YLLCORNER 5469297.430860617
CELLSIZE 10
NODATA_VALUE -9999
[rows 19 to 37 of 100, columns 43 to 85 of 100]
0.4503079900845073 0.4575112306286078 0.448287081431465 0.45876724558973614 0.4551666533925118 0.49584097567149865 0.5090943242093233 0.4978410354576981 0.5044012949646505 0.5329974724195068 0.5202506336007154 0.537018306498835 0.5356370998205697 0.5693733480630783 0.5847806914606767 0.5682144614744955 0.5813211659368261 0.569348150442597 0.605128557896118 0.5823426553616422 0.5519363865483058 0.5896999406312331 0.5880978801720416 0.5805020316932873 0.6103046939509792 0.5811791637285951 0.5634308570227998 0.5972320126228661 0.5929649906185701 0.5630759728294821 0.5530267078606149 0.5832719980247526 0.5635581576298972 0.539643016447337 0.5382439692880557 0.558631248494163 0.5315723117280622 0.5207748118101133 0.506690723367201 0.48806140422406297 0.4974627357282535 0.4727184823154587 0.4509615212015092
0.47660547594053504 0.46588192869362305 0.43089777978830024 0.44400370210617185 0.4454840879240714 0.44878835943199696 0.45886521890960413 0.48926307498622434 0.507440797091006 0.5149995351309474 0.5253384763972121 0.5262751302813754 0.5470709224724536 0.5836755658523531 0.60672758298876 0.5676597270538728 0.5953177436699131 0.5818247800171643 0.5861044254629705 0.5974283596012668 0.5795970830242008 0.5713661155621007 0.6007384161553252 0.5723093009623621 0.5924860335218992 0.5928104639535412 0.5720601481593663 0.5664493943442719 0.5699951275823071 0.5998940585840359 0.5694798585266075 0.5496058348236513 0.5582614314061469 0.5674136676087508 0.5575688197988776 0.5394960164924123 0.4838154772459538 0.4728756654024214 0.4744855565078905 0.48036137518021094 0.4915943346307666 0.44901955004693817 0.45473067063597883
0.4871332045419581 0.4797421613419571 0.43520312745077855 0.46035054498699923 0.4562816516499591 0.449487138850102 0.45390702566569796 0.45674183586798395 0.49325103733519887 0.48638117011422055 0.4994681207712017 0.5054251812302708 0.5321318494210351 0.5778768464863698 0.6042624681774487 0.6016034275166857 0.5879586660818032 0.6033527188549656 0.6160290052761587 0.5735262116406299 0.5796004544054241 0.5961669253075959 0.5840304601498072 0.5619818832671419 0.5845700449464402 0.6093693621387536 0.5843691288328033 0.5988637801637444 0.6027904522474588 0.5971715182609671 0.5771521948765643 0.5618346038711491 0.5775310998657958 0.5564284507097905 0.5434544505022503 0.5142386692610879 0.47875804401699784 0.47081958326846635 0.457698059649601 0.4645084928211511 0.4517692452854163 0.4444919812588046 0.4648124842733794
0.4691870020734341 0.4504119140820776 0.4360661226266124 0.4431667991172161 0.4600018599580043 0.4581837892680348 0.4664463875662447 0.4722466849958577 0.4818186788177071 0.5044880066069374 0.48830993331071976 0.5190570999093794 0.5451117322014162 0.5822514898674485 0.6129373000004035 0.577824891751434 0.59958891114823 0.6112277355169496 0.5839082692657701 0.5804268627799352 0.5882662615558316 0.5711495405828537 0.5821783939678423 0.5649882867573033 0.5735618486431694 0.5884118979176163 0.5833241727250524 0.5830794089999863 0.5815251223802536 0.5636623687863207 0.5631910180198839 0.545908139082486 0.533684625492752 0.5454980791655962 0.5076368828090257 0.49405419978808685 0.48063088098662476 0.45877657400837735 0.47695718550011557 0.45823936168559143 0.4642425831396945 0.45964908583921377 0.49263148536435464
0.46674825284349986 0.47172306315661566 0.4659649011345721 0.44682443395938487 0.44141386739027 0.46218504563719603 0.4703532341712468 0.4816131356183844 0.4867387853140492 0.4907099206538383 0.49530481327241827 0.4993623010447205 0.524857313494631 0.5575686681464566 0.6026671506382278 0.5973394820394001 0.5837965100125712 0.6154640461303234 0.61290496754075 0.5714838099687335 0.5706405956035362 0.5618729899061807 0.5785961244453822 0.5698137057958204 0.5609190669241148 0.5830627857172986 0.5678125510787506 0.5315815393421702 0.5115543603798391 0.514087236362357 0.4965075552917158 0.49485448363965884 0.49440587189575474 0.5026533242597181 0.5005024349072363 0.4717046998688905 0.4780083542975839 0.45600749012283776 0.4862632078322122 0.4653263124015296 0.4745628564043616 0.48517311812457453 0.4951122980465347
0.5250437024188823 0.4678152907667229 0.4463098233920253 0.4570543153680422 0.48205764911635957 0.471602626682423 0.4850400417868735 0.4572252242921881 0.46676644561789565 0.47713998063332563 0.5084900208279294 0.5057970630487808 0.5425299313918652 0.5945620111734484 0.6248387468756286 0.607880365794063 0.575030255568277 0.615860526374134 0.6093214725628444 0.5979884085586034 0.582168313768588 0.5842265027013616 0.5779292289907083 0.5382206495100456 0.5577508858750791 0.5442591798254743 0.5387429189851223 0.518533495044561 0.4740634867572082 0.4700626277028101 0.5021696552778552 0.48443556481420424 0.49273829920829093 0.4798932112258774 0.4911816033622969 0.47865455911878096 0.4706362093879883 0.4695348792109562 0.4986482489127161 0.4942763060215713 0.4784020139204205 0.4639474423691925 0.47144026798247896
0.5512841551674906 0.5095222524557066 0.44508173934595996 0.48465531343264906 0.471752829689798 0.48638133688879576 0.45438744147043103 0.48035669215948595 0.5021324854126261 0.49771729707409207 0.4897904794006686 0.5091511405432788 0.5639671381128076 0.6063868308042183 0.6113952070617087 0.6148606036345159 0.5758074634178755 0.5885383853134745 0.6138353433589409 0.5996684774818077 0.5955530712213738 0.589106025055342 0.5406125688434463 0.5505226814248861 0.5423980139606908 0.5228050526786985 0.5159894376575308 0.48907221181852706 0.4614709087454673 0.45648049870219354 0.48153087156306656 0.49062640167680943 0.4904684265344107 0.4708054109728128 0.47899391383343265 0.48978328487798206 0.48148085132927215 0.47174880427951904 0.49963571853311106 0.45832386584489127 0.43228401596797733 0.44929372338089313 0.45900367870420405
0.5538734334817648 0.4979439740454838 0.4878003104248375 0.485040141294068 0.4855790988327681 0.47576367680510645 0.5124000696014337 0.5060181791269751 0.5194536447792744 0.4983314258059315 0.5143370256820385 0.5598099128012478 0.5743935909405363 0.6051116749647512 0.6024732594080932 0.5993325071139906 0.5822118979176228 0.5774554965120049 0.5724953744167127 0.5931009881502556 0.5707500856223856 0.5727945291801748 0.5480884515875798 0.5223937476893156 0.5240414289737787 0.5386968950617959 0.5282110891047428 0.47211940685867904 0.4486407018655072 0.46460354273423216 0.44798837229563443 0.4558774268946054 0.45322929615657265 0.47758114250426636 0.4561633425667436 0.45163318398246305 0.46269760697373774 0.4498652954979789 0.45525969716594344 0.4326807566256278 0.4284345890246945 0.42703822906718997 0.4372525584913915
0.5544203646171658 0.5006342620296291 0.479084608481143 0.5078592248751038 0.4948618171511509 0.5016489192477183 0.5267031660023228 0.5370155052218853 0.5193070543675848 0.5421881586992003 0.5530433926753191 0.5626886094346293 0.5825312151663287 0.6136500456230933 0.5961002230774384 0.5985339647110223 0.6017956191566608 0.5696655607129322 0.5584144546434008 0.5653460604120643 0.5695457313427976 0.5692909399535803 0.5286323417561465 0.5412968811716249 0.5380622661869664 0.5183984543536507 0.5062079980944811 0.49024317323004496 0.45320858168725825 0.444747117587298 0.4291040054995668 0.4383641641891348 0.46244309786526017 0.44612617595362436 0.4422889641822451 0.4231369735956256 0.4189554446347652 0.39488890351443123 0.3956850029117784 0.43060288015242415 0.4279256826214678 0.42370252446543943 0.40430116900886787
0.5754368503933939 0.5377718544992796 0.4907704593278037 0.48929930510439296 0.5135240559981931 0.5364037143536131 0.5299857692434177 0.5467795678839428 0.5261395944247105 0.5319463084306005 0.5441012496684255 0.5724801837306359 0.569799032204927 0.5935995114169206 0.6123272505788573 0.5923771776114428 0.5784971339502704 0.5973196945192099 0.5593773909437261 0.5660414115288084 0.5371520936384485 0.5517735316131313 0.5511069901145831 0.523388518411789 0.5269960503893938 0.5117885565046721 0.4766712875937418 0.4686202009267631 0.4633590393126566 0.43660966306631677 0.42508401267157697 0.4130557589635581 0.4199623993370359 0.4024934668804902 0.39558211542705224 0.39276503959172215 0.3675278203856957 0.37494855473208694 0.37853301813050694 0.38749950822833523 0.39757889102108257 0.3888867908034296 0.3870303255796546
0.5679604938424864 0.5516384444627993 0.5277185730668922 0.5056584748062612 0.5280411835138024 0.5092263910965588 0.5276011698955494 0.5490071604290416 0.5555078366092735 0.5736210023804447 0.5853308209770536 0.5903384879552525 0.5616395010854964 0.5915051866357214 0.612521525595134 0.5790658931975039 0.5885577003625164 0.596357471644159 0.5527365015325912 0.5269922511072206 0.5295063502676925 0.5260304675445557 0.533558746887284 0.49254196366508807 0.4906316301310864 0.46973331727203266 0.4403205827068743 0.43511460791611567 0.4391406792408829 0.4161577629114915 0.3891114773166195 0.4069970752979837 0.3900134819174477 0.38832537948659535 0.35968290581649687 0.33463369524219444 0.3367309160592596 0.35720730631328057 0.33980720695470784 0.360294982729079 0.38535698353932857 0.38152425232920884 0.3871652316519215
0.557124150679084 0.5540974386717449 0.5393105522523934 0.5627949966515894 0.5550571087433247 0.5275282463743072 0.5247971619314044 0.5574239372587819 0.550806958044044 0.5824050823004854 0.5751741410480377 0.5629030656427491 0.5627424370292912 0.5809853602884438 0.5860047912798463 0.5688402430022703 0.5540259147372442 0.5643575939689464 0.5598513034221961 0.528323041656377 0.5190571158070922 0.5231031077514475 0.5009917129876856 0.47530693704658467 0.4720124853875586 0.4391155809812307 0.4378224495712009 0.4143056714942527 0.4210620068462473 0.4028385195474356 0.3827455367359816 0.3531645230364073 0.34232521766411317 0.330368700125873 0.3142981983635466 0.31602792620110465 0.3133953850044237 0.31365967101937536 0.31822305717701455 0.35528497185869473 0.381382921391835 0.34804294727293467 0.37518086929880906
0.572701017945027 0.5776038739312898 0.5763424095796119 0.5863751908944909 0.592539703437392 0.5759410877799803 0.5362289131990631 0.5531118457484837 0.5463263654643573 0.5615194522722667 0.570769019261756 0.5725338013449638 0.5539417444738075 0.5493999626438086 0.5445705979647524 0.5540708240217678 0.542419541176757 0.5211323314641333 0.5469441441013204 0.5352124507793523 0.527935288430664 0.5001301238634097 0.4833661309156674 0.4862661028017184 0.458945428055961 0.42128805280055537 0.41325563794026793 0.39620641612470653 0.42821049330923255 0.40329524889840823 0.35168065458336734 0.34039357177798507 0.3288507236594221 0.3454077466212622 0.3305789082276265 0.306914230686111 0.31955716470371726 0.31705403039301616 0.31347432711817225 0.3496347985762271 0.363348840653209 0.3474305553146965 0.34081765805297387
0.6056883908740394 0.6032270843523011 0.601799760142418 0.615302999771332 0.6219928610093544 0.6133974435320343 0.568118291259253 0.555753365471607 0.5542792288527046 0.5838161180235687 0.5648860871301509 0.5646083030419996 0.5722525163335662 0.5627475538019947 0.5396153254153679 0.5164842683515891 0.5216751829594319 0.503997793041564 0.5045940691620491 0.5002532058403509 0.48411249087461017 0.4966606224433625 0.4527416484267251 0.45320065337430165 0.46456302910429337 0.4224597000819324 0.38806283413663223 0.38051736683963044 0.397858315783578 0.36809755837475544 0.36533004171994454 0.35187593836230824 0.33750759077374337 0.3330577921517018 0.3321436010073294 0.3067890861614272 0.32007684859823693 0.32112353128711274 0.3359037917568817 0.3426058823329251 0.3655643270773338 0.34073376494307894 0.34142088366645046
0.6620611550426648 0.6419957129985332 0.6720893694087735 0.6706953604438411 0.6527921563696174 0.6346774752023951 0.614895430453925 0.5858044549246777 0.5699756707560958 0.5961394184212727 0.5790625214003596 0.5576942638233328 0.533894685028363 0.5412469126796213 0.532875691499882 0.5094697814331347 0.5183555956171209 0.48550667495300404 0.4442153607362533 0.47896193124915154 0.4939174560105296 0.460962507686639 0.4375781780981566 0.41802151600150533 0.4509657109662615 0.42132295533983666 0.40378093596954745 0.35141256788203556 0.35209594449071563 0.3932577378688723 0.39618784740603097 0.33339979564584554 0.3220914564898976 0.3018576974919274 0.28067062293804285 0.30080286664992384 0.31788199050753996 0.3159036899505043 0.28700014029742626 0.2996325215622506 0.35015312593906894 0.35798593801796524 0.36761046239857764
0.66621734437101 0.6636699367680158 0.6674812577314702 0.668131399730802 0.6743609555154796 0.6566190821533544 0.6606463770953052 0.6460043256817186 0.6175223717599494 0.5928505828244803 0.5723358407538891 0.5664157183350885 0.5793340445559342 0.5451681428304317 0.5614642653256838 0.5230486438635614 0.5216841443695038 0.4856152706327171 0.42779692721101664 0.4293235439057694 0.43303822179490453 0.4387621966879137 0.4143805790790781 0.41680979443165544 0.422744956886811 0.42321130059808154 0.3657976824634948 0.3476468044550735 0.36658653146061165 0.3782794731703136 0.3858867413909355 0.3492170930993177 0.2941320143558904 0.27907860791370653 0.2587348284631793 0.2791973714100072 0.3137117249099143 0.3143474534722876 0.2946573851671028 0.2939575439388756 0.3118700039383619 0.31249539121102643 0.3088724259789529
0.6445894319515407 0.6707770090563441 0.6234946679736982 0.6505496565940173 0.6456695210753973 0.6695116536498272 0.6639876954362927 0.6466143583556592 0.6507593290971054 0.5989540822214984 0.6065337298168073 0.575175737225124 0.5866602265712528 0.5659951587566201 0.5852687646985331 0.5503305727793771 0.5165105062497221 0.49101988152132253 0.43981998775338166 0.4394211889553773 0.42433023930505953 0.4041972262180472 0.40551591774200524 0.4158769513848979 0.3803211780960891 0.39585584162892634 0.3714146401399995 0.35020793202513517 0.3238259190786639 0.3467760378266297 0.3532386370840001 0.3370120106838588 0.2808773022141459 0.2956564254024797 0.26135583188501543 0.3064445702920204 0.30479159762419844 0.29742947519944235 0.28085170932159154 0.2750845259359416 0.2871656875316265 0.2934004451544904 0.26525116349990835
0.6467705848163512 0.6674219923082452 0.6548352567610805 0.653203315449654 0.6565883408943993 0.6713731831007798 0.6517608948595477 0.66238687105859 0.6559860058130288 0.6261954643206501 0.6277346597046016 0.6137439997276868 0.6071969411247361 0.5716046731762595 0.5560010332193148 0.5376392089229237 0.5319417365449893 0.4862921439569323 0.4641549683829639 0.46795731816478875 0.459956356778024 0.4099864631117024 0.4192944251465559 0.3943001102838881 0.38031328605679804 0.3806617478441244 0.3711593251804264 0.3397420021405738 0.33207468722151684 0.308353502977517 0.3330575525443082 0.32026328585437325 0.2888950422921378 0.30612082310229644 0.28492503005427805 0.3192340710741621 0.31011649067650915 0.29439973186162627 0.3162631321075166 0.2915042592919798 0.3018429583875935 0.29973073866521066 0.26917867304741433
0.6576337968636495 0.6865037559830434 0.6791743112648787 0.6577445332232971 0.65905706019444 0.6785402028715753 0.6821575596342155 0.6703265123575274 0.6166295207851852 0.6163261754862925 0.6402507603525437 0.6271981460135156 0.6286572380849748 0.573366044904576 0.5631084070870583 0.554176999905267 0.5154316962169624 0.4643292379223654 0.46919661865509565 0.4675924596014764 0.4621581552526472 0.41868493547061936 0.4086375927865808 0.3787105552901189 0.3853796196104893 0.36289608630901443 0.34165739828180325 0.32195672371474277 0.31488278798918173 0.29374620336422447 0.28665124755445975 0.277582792738345 0.29048815259174077 0.2864014101437036 0.3058186264805162 0.32505305880988516 0.34976977616333976 0.30868873936677393 0.32927624764212554 0.3169992167093626 0.3197668137404131 0.2868408734808205 0.25406124667934954
