Raster_benchmarking/DGGS/continuous/raster-293.asc
NCOLS 100
NROWS 100
XLLCORNER 1743158.5459839907
YLLCORNER 5469286.558052315
CELLSIZE 10
NODATA_VALUE -9999
[rows 76 to 94 of 100, columns 43 to 85 of 100]
0.4840159148062675 0.44266405351826144 0.40195353074728624 0.3889883107625417 0.373777373771663 0.3929682037433772 0.3944889230809934 0.4636903099119113 0.4573550980277263 0.4713263132632907 0.4624773275202954 0.46145206202587197 0.471819984767048 0.5053244485826947 0.48662599816222923 0.4475214521625454 0.3912679305962657 0.35939755227005804 0.355684499969039 0.3931334633902451 0.4444695647275096 0.47193072135646486 0.47751422901074647 0.4539248941592327 0.4931547446927251 0.5142781216521369 0.49320864420963206 0.45133629744619186 0.4544595061976393 0.4585877125029199 0.4500383550735372 0.38878899244978693 0.39408775680233255 0.3828437398667369 0.3501500352116222 0.32446425312058547 0.29944477959110427 0.28184901609957647 0.3314056080802255 0.27191825997471863 0.20735312968375316 0.1877742805575955 0.18630197895031025
0.5009840563242571 0.43597176378026054 0.43338902847292365 0.41269026158324196 0.42978114221577507 0.4385629041262016 0.44450982288908014 0.473184560961081 0.4596953428610437 0.4876957774162293 0.49025692738453874 0.4784562309347947 0.49988785650176876 0.5065566030957234 0.47951617440345073 0.45498814814741434 0.4160099822269747 0.3749894674724483 0.3657208626980014 0.41980297805742633 0.42433707215198624 0.45171462122282063 0.4689520387101266 0.4591577462259395 0.4987826272446487 0.5285744752006472 0.4902770603905467 0.4762641149625183 0.4783440340946897 0.45602971875670084 0.43584982543640644 0.42441317928544126 0.3800597968722384 0.37267474648220167 0.3546373584272886 0.3527993949382475 0.3031899208288259 0.305069457960065 0.30291696653770256 0.25069095885940457 0.248260137350343 0.22252182074949114 0.23654754581978124
0.4606421513513505 0.41961171801498026 0.41422187911577396 0.420838012929022 0.4420317586495194 0.47530821966962494 0.48800293627505026 0.47331077876052674 0.48414355613943894 0.4844968107407662 0.4776395906508325 0.4751253463506082 0.5188780640071112 0.5035666829096461 0.4882443561727458 0.43367136350093166 0.38384079615799416 0.405457241657674 0.3921432640550508 0.4113233827447635 0.415487568296433 0.4210588273106656 0.43495761346527984 0.4767163586190313 0.509691069253808 0.5231055564846417 0.5472859418871071 0.5234535074701062 0.5034954962983383 0.45810858286348477 0.4258872594877837 0.4419797362319882 0.39998852808903623 0.39561097902069386 0.3956668377568848 0.37625667391216877 0.3205512593163608 0.2921951972841523 0.27277329630944686 0.24843513956715238 0.23498782145147618 0.23265677777219598 0.23301536771136638
0.4784571163145625 0.4602885784292992 0.4513520540019197 0.4571252669280021 0.43987050807527717 0.4476005188840175 0.45967173018139107 0.5114798418269778 0.47905513077360695 0.5033640072674208 0.5149932094724641 0.5006654187156475 0.48519464419579067 0.4943538142809863 0.49260270392360284 0.4611642013988483 0.41303909046081555 0.40893544279667604 0.39407048645091863 0.40935405560151694 0.4375168811994604 0.4436244006384935 0.4403816827452564 0.4800473691292714 0.4985054136638582 0.5332144257077803 0.537318109590476 0.5162033467722554 0.48791020926823775 0.49873608261542757 0.44795176722511265 0.45948082645758426 0.441342919290175 0.4228262867187557 0.3909746815991761 0.36076767136667237 0.30275314828175326 0.27610511259682563 0.2912435528560208 0.2631973022166315 0.24836275074630912 0.25989311900626816 0.22394492967463497
0.5298125469599626 0.520450197868353 0.4826929215023332 0.45531754693228915 0.4556187913557339 0.4846780679717431 0.48720857156018516 0.5019196012031945 0.511379298631438 0.5155752946037777 0.5380918639198081 0.49963848576831055 0.4815581449295371 0.4625192172113677 0.4847232989060138 0.466001104883778 0.45250399365205923 0.4154043829073939 0.35474465598477467 0.39147737296234686 0.44101027123638653 0.43778759049810195 0.42924356982339423 0.4615876289663889 0.4650544279840633 0.5176365434140381 0.5362567108131812 0.5180304138584868 0.5297435358263143 0.49974837079165757 0.48058672253301665 0.43615379944298993 0.4429159034838645 0.4216025711838844 0.3902364068009719 0.37683756966835175 0.3071208498889396 0.3079854519490617 0.298156986453598 0.27247478998735336 0.29731079766503393 0.2740769792670336 0.23043660801913576
0.5181788725808415 0.5267714796235997 0.49979002890385876 0.4712158015258757 0.45551632293797434 0.4681302637999885 0.4782438107353671 0.5146931337906051 0.5138935643605077 0.5057314543916254 0.5322610160798308 0.473462425127384 0.4832753727423052 0.4547714294900392 0.4722275465506412 0.4594693474259744 0.42787119180947775 0.4157623266656305 0.4171623338605876 0.4261524123432844 0.4128855520690045 0.4229782595803023 0.42232896221854566 0.4721120828218072 0.4838189614232129 0.5199037306941853 0.5265874165660926 0.5342635923756964 0.5160418982153101 0.5116097461287824 0.45616310686920375 0.4336261860613574 0.4131111315029597 0.4233649388978068 0.4267736382683264 0.363239503402788 0.34686249822180726 0.34506546623951345 0.33527844749835417 0.3029179979514186 0.2869929785887099 0.2732249095175094 0.2482183590259204
0.5485732550329875 0.5343818430395468 0.5077877115239682 0.5124902265816115 0.500427088704452 0.5151081928203156 0.501223660449498 0.5344374766984118 0.49878906754517366 0.49533402376294966 0.5155544302676494 0.4652950210961261 0.4513167925803957 0.4496795485418531 0.42486449581769237 0.4513616468167732 0.4318028784453167 0.4301171956123036 0.4161328562750687 0.4180578408515732 0.43271233298339445 0.4315805217025914 0.4171013083690729 0.4559344649907296 0.5209629129266545 0.5482273655978048 0.5567636694939255 0.5197413701696313 0.5289686721876894 0.48073735731202694 0.4463191162155759 0.4269465756289786 0.44421212304667884 0.42801947749462077 0.4473835908393534 0.3768957810894379 0.3635289500854804 0.35750980677067423 0.3667420597797412 0.3349612273324779 0.30488155327566135 0.27936602539910615 0.28153669564910083
0.5477380767229977 0.5625432312881452 0.5318024297463778 0.5320772363641745 0.519680185334586 0.5168899272880311 0.5182878253409974 0.5341018745568971 0.533355437294628 0.5159088022514274 0.4981451076510721 0.48655282796584415 0.4923349116557602 0.4555292491753374 0.42172410507011776 0.4121902352960002 0.4041610577001106 0.4214893263086334 0.4308190686773676 0.41176897060991674 0.441272417057096 0.43791839759911344 0.4599380686236437 0.4862755723815893 0.5096013226796501 0.5413530068612646 0.5539189264301364 0.5542202771228627 0.5365476373398186 0.48507385919286083 0.4375470523390972 0.42389369645020214 0.42011469011123004 0.448756932821843 0.4255613267868478 0.4118773710483513 0.40358295377123593 0.37077401622336775 0.3871640751286674 0.37390702868600423 0.3100849656433077 0.2926360541006258 0.308360927006112
0.569872299671468 0.5797841182657041 0.5801752730034573 0.5524373381863863 0.5748710062234171 0.5630967115877139 0.5440846130872927 0.5338516010429997 0.5170499716551217 0.49566777402110307 0.4753971516594632 0.48558660852541424 0.49574393290697 0.4937867351089595 0.46543756293967076 0.4120515903789974 0.40891966176885236 0.4141087444673542 0.389755839083916 0.4192011086923534 0.43622602501575275 0.4415718287216547 0.4478514055745263 0.48367374906515737 0.46690556682240086 0.5393119615709056 0.5552655418022102 0.5413254599001799 0.5230082838658618 0.5001494141813627 0.4577713805411608 0.4272416259193042 0.4432359856264039 0.44379834338775015 0.4567365616871352 0.44025904259307713 0.42694117061306996 0.39747343630972126 0.419635117000778 0.3914755664027384 0.3618450109677335 0.32354509392042036 0.3068974137892155
0.5792945467566472 0.6005954576626846 0.6143094225804755 0.5988021383842852 0.596984810838432 0.5667624143749499 0.5737976892489103 0.5254952174117464 0.514234103953938 0.5148248390701675 0.4918886311909604 0.48171528064715974 0.46949671135575943 0.4924153750181885 0.4531710848891968 0.4260183906277164 0.42224638722255314 0.4277593546820311 0.4423037581023515 0.43992351191482526 0.45701679603821876 0.4835045048840925 0.47657237482358705 0.4872407696877879 0.4652357830462306 0.505125468938157 0.5337939700208941 0.5419459194477796 0.4906667476732964 0.4927448115438133 0.5001082507019594 0.4730251116869316 0.4629773766964503 0.45445366315187763 0.455166184112185 0.4096419248650561 0.4232877494036987 0.41690553049107393 0.4205560918015135 0.37230299436596326 0.3824903057320785 0.3438208047290588 0.3467978180312029
0.6134795017978223 0.6233154382380142 0.5987708436734173 0.5840218094079725 0.5666664408584897 0.5633804657349151 0.5689530319882076 0.559453759190508 0.5501761603533116 0.5285309578829293 0.5079212257046721 0.49703079893817864 0.4830054493496108 0.47341804842297514 0.465548555900838 0.41748899325972166 0.41424279672343844 0.4434816945402318 0.4364261864254328 0.4498740804571081 0.5107066173971555 0.488733106122939 0.5344560637362666 0.5015740561497076 0.49686442601813363 0.5429165433452199 0.5669263918211022 0.5142096342167553 0.49320209713794755 0.5104352142657945 0.5117823453804172 0.5032909644861526 0.4899956755768722 0.46947763029507916 0.42333293839108094 0.41861448264432566 0.4018142833391048 0.4163120411695947 0.428063209512909 0.3939755818056403 0.36894919834442513 0.33998209017404535 0.33154934349803306
0.6119650969964123 0.6024473162940518 0.6102653387147784 0.5892435763239666 0.5696102597654081 0.5598213208164645 0.5532041473413841 0.5336861777705157 0.5177290474207321 0.5262920514171501 0.4838751753370212 0.46524600988787435 0.476178246175195 0.4809838083114045 0.4793720992695657 0.4509762477006509 0.429959447265494 0.4344086550001418 0.4485873082292278 0.4945829212931749 0.5183496936453234 0.5165434544446592 0.5288012847279556 0.5521340740003547 0.519917563467171 0.5434303224360619 0.5450952980961971 0.5372115525976673 0.5202941698910527 0.5055174040318622 0.516499259443731 0.48983996354494114 0.47768230466317496 0.4609826101589616 0.43227955518107064 0.44513847499401865 0.4195546555837765 0.44111493097573773 0.42019575582959867 0.4088789960761408 0.3512009909357874 0.36279978569497334 0.32093664561469337
0.6287300834438273 0.6075997605844545 0.5786477934199244 0.5941322251958437 0.5758488013268652 0.5604586356993593 0.5657190540223715 0.532089720515266 0.5206104907718877 0.5153685272258723 0.45466353475047916 0.48151744674487956 0.4593181521328956 0.4512647139688699 0.4837354124045453 0.45711482696249917 0.45938607194984965 0.4587802576816531 0.4810024953791536 0.49511364478747605 0.5214339653573119 0.5254191969569905 0.5639301147414688 0.5489588766770651 0.5424384569337762 0.5764021326135853 0.5587591493332038 0.5589655911080087 0.5461422842163565 0.5458982143874052 0.5513469107299891 0.5259769793178675 0.49617885634522335 0.4488111243883161 0.4301604776385901 0.4325419010343667 0.4619830795413629 0.4213784507039853 0.4173587588794367 0.41204972871124085 0.36102043892000896 0.3746380375495637 0.32239653612154134
0.6334224193550546 0.5958286306905564 0.5928623156159778 0.5694613595592192 0.6072534218955741 0.6017511548949271 0.5804808686284677 0.5531966510052432 0.5294495651472426 0.49842144449639975 0.5097806117265116 0.47448093168950983 0.4749969599886011 0.4681165622916371 0.507620894548884 0.5224870361740639 0.4875274252607462 0.4786062045139362 0.4744326414447865 0.48503405836560565 0.49739925785789013 0.5407282222518062 0.5680825198323359 0.559137686780221 0.5892074209789726 0.5730290252846264 0.5660275528616665 0.5865728298224296 0.5962208280481618 0.5581249652837756 0.572534699982688 0.5463078871366441 0.48291752703367236 0.4729359112244628 0.4439793115057503 0.4430865154258487 0.42587044844971483 0.41549372085775593 0.39590212212810877 0.3900773027625405 0.3736694981905043 0.3870247730313559 0.3684912417581757
0.6750496968233424 0.6403004243997205 0.578342387287634 0.581659516299642 0.6119798928425844 0.5719891782814059 0.5605844046888409 0.5501617221227597 0.5589922447082655 0.509788690650942 0.5149456672708843 0.5010194571261856 0.46617404188441636 0.48691415085548023 0.5276787615242637 0.5406370715821959 0.5270376532423858 0.5065558267318395 0.4933459366092807 0.49717486459805715 0.524000529940135 0.5573671376067495 0.5753870100961056 0.5935477975649559 0.6308587946342 0.5977108408684485 0.6149444869784334 0.623899630836013 0.6098117131659693 0.581736991725352 0.5829445920287009 0.553068450334885 0.4964576249763599 0.4865158305809835 0.45699058820758964 0.42670712792542953 0.4360851325385196 0.45699823097518844 0.4230483811055825 0.40518778226086244 0.43870800559721074 0.3914497979642239 0.37444947918995314
0.6785589215978947 0.6498271025247535 0.5938486362602471 0.5970081850023665 0.5919377786705823 0.5992500074993167 0.6153303042134283 0.6031477083043265 0.579554164800789 0.5581424886900188 0.5439611762367014 0.5226480351929648 0.5296435754544317 0.5140582653778367 0.5355115213977424 0.5102548051710017 0.5062437491852253 0.5425475184318581 0.5466085906815397 0.556783450116498 0.5352811338330028 0.5549210768060536 0.6055359658668855 0.5886349024035246 0.6406274844097698 0.6259606014680317 0.639394450530978 0.6535705775562235 0.616464311675562 0.6049208366802341 0.5712068441332228 0.5311179825840991 0.5336701327330812 0.48389903729248424 0.47712377681925294 0.4619983093251257 0.4486983686286136 0.46142796747404186 0.4399442966599872 0.46599859311504954 0.44186444678094206 0.41618074304406344 0.4191975016485199
0.6765940578474422 0.6589952549248663 0.5912793978747649 0.6220390844799456 0.6168849649760475 0.6381586041360281 0.6436060858610799 0.6410654025733443 0.6032357220331512 0.5778676366489334 0.5445216070762741 0.5178831398322414 0.5316186114405596 0.5080073910606184 0.5258793110602205 0.5066169906807366 0.5073789141273229 0.5443120808047202 0.5623836303969827 0.5507038333001144 0.5541581004164485 0.566383680618312 0.6158166891891632 0.6035516724243919 0.6249554606846189 0.6470322591049085 0.6562954890971652 0.6651143272870735 0.6432994656602622 0.5947173915454248 0.545403547228767 0.5441950989260351 0.5555610022603182 0.5102440747215148 0.4966002108347059 0.48510245641836325 0.45391196695168967 0.46659414117461484 0.4822864027790296 0.45619391795777825 0.4590842629419242 0.4453812876230417 0.47651828937166457
0.6948878136335248 0.6746722063645811 0.6118351107807315 0.5939029817961208 0.5891109314038029 0.6121904949749991 0.6115440577446439 0.6319072769512073 0.6211070302108701 0.6107401299516386 0.5982400505120308 0.5693309935280997 0.5217001654298355 0.52696051825417 0.5283837116384767 0.5474722022368564 0.5266462785603462 0.5618669768097575 0.5785351048721433 0.6047241466714444 0.5686868561800216 0.5834721968953264 0.6245280670490045 0.6289630270875299 0.6658056201202638 0.6775479032263427 0.6543984887145349 0.6491445555793607 0.6215574645695761 0.6305187553745334 0.5919490689230834 0.5835720721360497 0.5695761462699436 0.5491163729173965 0.5133365780808373 0.5029389639751053 0.5188639557672104 0.515081055803164 0.4883387127488913 0.47873032593359666 0.5049034151223155 0.5081465838376557 0.4781856893559578
0.7088356938040762 0.662482698022734 0.6255062040925767 0.616870451267608 0.6176849703308824 0.6215512913575718 0.62917112309716 0.6447381337136554 0.6142303334373894 0.6126101499361039 0.6031483224065793 0.5823161333714751 0.5469443232571879 0.5491403600985681 0.5357305327320759 0.5417953654019291 0.572055188565251 0.59530109593111 0.6069678009709297 0.598005163512372 0.6101119445584509 0.594655915889335 0.6233523148400869 0.6470487929682115 0.6909062044803866 0.6858844412745975 0.6542723748490765 0.6405581820391031 0.657869259177767 0.6193579016288333 0.6338839888721074 0.591087527945718 0.558739009554539 0.5349651792787905 0.5139378121417476 0.5471566985370161 0.5298037849377686 0.539230008541708 0.5129854290544448 0.5106610985715115 0.5216528477528883 0.521751432644336 0.4835596877823681
