Raster_benchmarking/DGGS/continuous/raster-177.asc
NCOLS 100
NROWS 100
XLLCORNER 1743151.519549841
YLLCORNER 5469296.715809622
CELLSIZE 10
NODATA_VALUE -9999
[rows 57 to 75 of 100, columns 43 to 85 of 100]
0.44604248980213035 0.4714839843330615 0.4912545627655582 0.5641505554741163 0.538424129382384 0.5966892972362715 0.6344172598264248 0.6351528053386771 0.6519414718763646 0.6607721266142416 0.6676418553850388 0.6355078005949617 0.6489888329150616 0.6513512687611822 0.6100296132853816 0.5869449307709561 0.6235332350903169 0.6202832499269026 0.6770745653694102 0.6919021495130969 0.7194307578538676 0.7240272842700542 0.6757530568956984 0.6956018337326354 0.6458527772385252 0.6465572969073576 0.6710654633899955 0.6605028614071123 0.6413133594365561 0.5993403082938998 0.5866707910584829 0.5985758985462296 0.6070501675054031 0.5726779578124147 0.5344435035424359 0.5606718560520573 0.6103739181902431 0.6069617769599186 0.6256617711972905 0.6085476836202597 0.6353760120418188 0.645593015505624 0.6650945358596353
0.4138259981861992 0.43458539237271004 0.4832400498101939 0.5032157768548329 0.5079200802223522 0.5763651072103799 0.5913492477133815 0.6209162961208232 0.6296434929862741 0.6461258814417046 0.6323818926298161 0.6114233589427462 0.6054558204868024 0.5764466597031734 0.6073662569643775 0.5808155327124596 0.6348751673361712 0.6598588211870613 0.6458829623096684 0.6702546417656827 0.6929341728108579 0.6792226084698699 0.6909832230286478 0.6644623087290958 0.6439528961847966 0.6101426827230267 0.6089764654660971 0.6502132353527685 0.6429630972005771 0.6452092295574016 0.6116418397157918 0.5865431308406065 0.5490153293323684 0.5724042022568074 0.5465955845247455 0.5799140692612335 0.6095913644759127 0.5868625787620911 0.5841185256006243 0.5613940357348408 0.583313318259515 0.6080251375082107 0.6425883007180129
0.3932612162632119 0.38836737516415726 0.4147342443353547 0.44318045761660385 0.4648189860932381 0.536440442071634 0.5323117175611478 0.6072238350737532 0.6503953717168328 0.7171022430309183 0.6433993910002522 0.5941599901568277 0.5874474767344104 0.5629222106105298 0.5714388883553995 0.6166139110271189 0.6235694593058296 0.6234814276079022 0.6304120846778581 0.6892613879825015 0.6667516994496512 0.6842670188107702 0.6786384431303614 0.6905541477646088 0.6304041745263296 0.5778364402497206 0.6259625340643031 0.6132560962526834 0.6345480720442312 0.6066434958669968 0.59723569786553 0.6283376389391426 0.5724202816483724 0.500825704299304 0.5395438651542677 0.554907789163196 0.6001179850303296 0.6242093802152742 0.603857413691761 0.5822026113377713 0.563823058761666 0.5373860478025951 0.6260693067873937
0.3522646383905301 0.3530314614646534 0.35050838152539693 0.3913199855030491 0.41265493240612106 0.4614842812221269 0.4949527154350724 0.5447735844300438 0.6143664839332315 0.6644875814533737 0.6448891598312831 0.6542700970335725 0.6174210320462864 0.617952215031 0.613789586979522 0.614428318915179 0.633970697165317 0.6171066841376927 0.6700368777811758 0.7035422248621213 0.6849951109893485 0.643381363260038 0.632676175703552 0.6712536311267729 0.6249414614754978 0.6060643957454686 0.5896827785203818 0.6183086339599437 0.6409829567896488 0.5965856015310131 0.6200175642800768 0.5993974232863293 0.586739349190718 0.5706827650541454 0.5796563367327007 0.5718504407657441 0.5617381644404774 0.5638723219820557 0.5954418255939729 0.5758719008515868 0.5895704780748737 0.6048904436067607 0.6138820743722492
0.3305375417630543 0.2912664007051505 0.3356973897299409 0.3671181196078692 0.38369395494810526 0.42373057042529505 0.4468817312870237 0.5333077286010535 0.6001895291611621 0.6398842145013226 0.6672481572235034 0.644224353903188 0.6600228002947106 0.6439005007392038 0.6525867704690109 0.642398282423461 0.6223419391361101 0.6500920839997505 0.661775954225529 0.6596126515142967 0.6670548249921977 0.6461151886059479 0.6222715201716779 0.6226815909259011 0.6122565719145803 0.5887691568462985 0.569148526279848 0.5935466627032028 0.6176059242001004 0.6354393477799656 0.6451282570517877 0.6504861393736828 0.6261114293458855 0.6227914452924178 0.6342790080623532 0.6105026153637682 0.5878774987901534 0.56710809051565 0.6183805866770768 0.606806891457451 0.5650499397435682 0.595598132567305 0.6108161194448724
0.3087550617584391 0.26622319863597566 0.2889962748357208 0.32071448501254896 0.3425335656715927 0.38126039326975697 0.4607957100630954 0.4883174552781857 0.5520421198079669 0.6287828083751309 0.6213569264079336 0.5873590483135092 0.6136712917522521 0.5863751165169556 0.6134158217807327 0.6325001630112105 0.6536282789668356 0.6083626158793476 0.6338149177955129 0.6471522069178522 0.6249356303001357 0.591025423089963 0.5926700854985302 0.5764247633387941 0.6075902920828224 0.6179203956902691 0.5858364149066173 0.6220746897983871 0.6587730645393941 0.6424496084231808 0.6270947390387466 0.6276447356281586 0.6649312922612988 0.6660286554646743 0.626307484833543 0.6190224623211417 0.5831379871108968 0.573670361283945 0.5851030573654545 0.5645308587752498 0.5854517563177217 0.6004926018503107 0.6612767502629365
0.30924599112023443 0.2534520466964028 0.30232313879872375 0.2630649555782051 0.3048503527359184 0.35221102933412296 0.4214954262539419 0.42277406948341645 0.49196386824998994 0.5862037168837364 0.5856826370905144 0.5838180568787597 0.609081888313649 0.5951623707271628 0.5962297330761397 0.6276232905395432 0.6270974652905432 0.6142527747804725 0.5889512594121817 0.6351996803751563 0.6308166848813231 0.5879254300594944 0.5960844813842388 0.5903065789535763 0.59995811467766 0.5759273974186025 0.603695577618821 0.6265637297704075 0.6345665841791613 0.6576189640053853 0.603941818234289 0.6204954534886412 0.6124551259115317 0.665236663509343 0.5944694526391777 0.5654915666637412 0.5629765222394089 0.5878994086039319 0.586866821640063 0.5539981876586639 0.5866981546659449 0.6571917838940484 0.6453136783004502
0.3066175894175747 0.272059370423544 0.29572675497343043 0.2795124162341808 0.2756327850456005 0.3664057521010449 0.3937340671605542 0.3974897866247451 0.4483159396663251 0.5077138688039879 0.514646711486833 0.5085891912360214 0.5778024815665795 0.5864262957396804 0.5509450935073879 0.5864654936615866 0.5895743338501147 0.5624183521411082 0.5301073620698366 0.5619552155560993 0.5803890947731867 0.5202083565162064 0.5306518934988971 0.5896623857102654 0.5766787302161918 0.5857994541393059 0.5598380104282383 0.6017829610955869 0.6087447537335241 0.6276878641437277 0.5862205211756913 0.5975649952494234 0.6173699074047018 0.6483665576830184 0.6219444653780113 0.599476722180086 0.5705874478933345 0.583327754263448 0.5717830342983801 0.5973800929784193 0.5675004977987654 0.58899916749534 0.598791992362999
0.3450950912744108 0.3361711688112538 0.2910397527343196 0.27182763551122785 0.27276988676587416 0.32597515428202795 0.3587571517250683 0.3701722618298332 0.42642749299649096 0.4720749560390538 0.4930492015493764 0.4720234388289466 0.5424561882508173 0.5389623000244205 0.533296991721607 0.5027206118621805 0.5344417176168068 0.4906981208136047 0.5327225276376597 0.5012958100059328 0.5520777029816888 0.48711864472369926 0.509597654265205 0.5623039860690952 0.5688662655852297 0.5269098856102676 0.5695098807778392 0.5444712277962461 0.5860811343664668 0.5810089903030963 0.5887908844751961 0.6033252262561201 0.6111762347729439 0.6205703991349789 0.6136625462779426 0.5869088126512546 0.5465404130596011 0.5436616520505574 0.5629204105705298 0.5715209215686031 0.5277412158786183 0.5459869388729743 0.5901706950596788
0.30362473678172947 0.2768387853924128 0.30353455457194484 0.27655946037021367 0.31212743477446775 0.31867966343497695 0.33495552075573043 0.37889663834519466 0.41430231689879493 0.4468289709467069 0.4709083967170041 0.446875638213065 0.5102483964084669 0.50136008637206 0.4747384969033099 0.5227401432136883 0.5182766085914486 0.5111133221113129 0.48423194083681004 0.5248947859120751 0.518881128249842 0.5144023851861034 0.5435844069512685 0.5760659670011017 0.5365097697524754 0.5678281170804695 0.5496307636634619 0.570071209423093 0.5640722077221959 0.5713716500017121 0.6219482377388849 0.632428754618362 0.6488185205627944 0.631256844520259 0.615348475158431 0.640599738620737 0.6031323703863564 0.602264149306584 0.5736278659968007 0.5676880190143794 0.5328634890181616 0.5571345005159121 0.5727172488921174
0.30166562578981004 0.2741084170210063 0.2921278279387615 0.25076857703657235 0.2916250395154409 0.31392110771179277 0.30887320431580134 0.39341607785644556 0.36819019700114336 0.375856565429131 0.4068170119904037 0.44131245383524575 0.44362003200712596 0.4660911219766137 0.4781460719732907 0.470897006507526 0.46337739749311024 0.5056342070731829 0.4737755910042336 0.5164124241047209 0.5076272007754394 0.4755417056866876 0.5438048688731802 0.5607437808286998 0.5529415675937147 0.537814739593884 0.5484233026923897 0.5822301504686691 0.5501126505317776 0.5752423520393816 0.6382547859708376 0.6263452083594925 0.6449979322869264 0.6784621167682544 0.6602474385959184 0.6425186629947891 0.6390716251023291 0.5644552100549992 0.5613720849903975 0.5474981944252413 0.5450196149199185 0.5338560278984948 0.555483896607927
0.28724762971688184 0.28393284080572706 0.26934414438911 0.26009351368297823 0.3226902905230805 0.3089294922818739 0.31386816803311457 0.30937297949161874 0.33274732270600443 0.33436871873010054 0.37024887425769043 0.45916256410525225 0.4706268937943586 0.45760842219953884 0.4462637112288897 0.46175431755393964 0.4812419077482629 0.5048886183075035 0.4972408875168047 0.5124043928492213 0.4490292260770493 0.45703338021845596 0.5187826187630662 0.5034954308173653 0.5225039282710278 0.5406836939737337 0.5413685867204338 0.5417387085279985 0.5873152650953002 0.5851946197484738 0.6192539413754697 0.6492565726125334 0.6349591335839189 0.6315697944733335 0.6421770978514802 0.6399329795749262 0.6354243591622236 0.6233860506444618 0.6050561520404837 0.609317664217225 0.563897170904741 0.5622102033188373 0.5528126016562731
0.2671369348534978 0.3380390321094364 0.29859557524049557 0.3186978673752156 0.33653377306137144 0.3215943063192494 0.3118497864635275 0.31547063960224186 0.3474945122513339 0.3254659252350497 0.36433798037132265 0.44741271094357615 0.41530727565957193 0.4111352109454392 0.4372320738203231 0.46507008282547624 0.47090130122787016 0.46561281289347173 0.46590889551883385 0.4714842622598947 0.4253758462872591 0.4293055490438202 0.46942892282819 0.512146950507934 0.5449756334931994 0.5136410604654302 0.5514834614354415 0.5259639204831612 0.5311979014722503 0.5806900524557724 0.6017962161463645 0.6375504079232956 0.6287424658076726 0.5796736739882536 0.6155730245013138 0.5968529273869408 0.6525275679995918 0.6347811664990961 0.6086227659065174 0.602955656358557 0.6308641571298421 0.6039992660512986 0.5455938880541005
0.2850938744055564 0.2933131736602779 0.3123701850184194 0.3225415025809359 0.32920527553871604 0.35433650526171434 0.3337326060865112 0.32867683707551604 0.3271907172235008 0.3161893430952025 0.3929980364086552 0.42166792223008576 0.41041996583411217 0.447241648104539 0.4537258642562824 0.4832702782399709 0.4634833840524388 0.48051114706981346 0.46407611878064653 0.4546009548901073 0.4276052818090893 0.40845433658500796 0.44499479876372483 0.5148499404245064 0.5308425541581343 0.5188028790925464 0.5229483739945803 0.49377477795826646 0.5128279964457506 0.5581701941822547 0.5693728689643405 0.612776424473037 0.5861491862307855 0.5413754685497354 0.5783427959154694 0.5867473845649317 0.6304193781249137 0.6296174548959602 0.6182925088903708 0.5941682499016528 0.6286856278237929 0.6200418020021056 0.5780023456646108
0.26688667739453753 0.29458550086292046 0.2860130744865426 0.2907583375171506 0.3381779348881007 0.3739442983070341 0.3490164910087424 0.37012088425754125 0.3312880241038026 0.34261510463852585 0.3956985861339099 0.40856245973745403 0.4442810458031906 0.44356860934004466 0.4285449839679652 0.47850590744536337 0.44831767679771706 0.5045808851090999 0.42949444494553346 0.41203497126125854 0.4401275250442371 0.41714200906616516 0.4671959068541589 0.5132062583858202 0.5328338612188521 0.5274410266449944 0.5065467185329119 0.4887379069882294 0.5171730956631257 0.5735092842341135 0.5435444322947713 0.572934101236697 0.5558954468179151 0.5230898094462978 0.566279116525796 0.5470048246124803 0.5843808795332033 0.6189760068705219 0.628454197578803 0.651746831298895 0.6104166111319766 0.6217814026195633 0.6323504600773647
0.22937647285552065 0.2981940749918073 0.27040445554021475 0.28595025547031 0.2878508513744935 0.3329930285789851 0.3328719044878447 0.3092004188388699 0.3279876846095003 0.34758110338819637 0.34764468203060583 0.40910358136977937 0.4004386138081861 0.4518468928055972 0.4348139227758279 0.4195658611726096 0.4267132261073912 0.46451614918529804 0.4198359526690442 0.4400369995421765 0.4503222146612149 0.44369836988294203 0.46498753765030587 0.4768192756458993 0.4925810902162558 0.5104952621216319 0.5264695767906145 0.5244875609435229 0.49394180955360667 0.499289953048713 0.5330000766818295 0.539423722591992 0.5317556146598951 0.5192029551422279 0.5345251562628258 0.5540052453872714 0.5726174486675556 0.5848960761059312 0.6067138014989576 0.6187199047511837 0.6429630436621075 0.6376207622009649 0.626833944381161
0.2665531935666706 0.2846947662122254 0.2586132452353507 0.2742004715264649 0.2648211707815836 0.26724731685904407 0.2554030264272638 0.2575174629990102 0.3026941672057096 0.35129895511489545 0.38327932781678403 0.41228616655543593 0.3852439208616707 0.40711711057746247 0.4138120658438524 0.37515568773646324 0.4069185368185617 0.39297241237609887 0.3982743343586781 0.4439236919478218 0.46746952766137284 0.47456969496976803 0.4962417596519289 0.4889898184779075 0.4919242652369032 0.5239880178424663 0.5145465355104003 0.5048946100919509 0.49770794964183057 0.4939886436877427 0.5194296988051169 0.5576000383890282 0.5489212809580607 0.5416787311310697 0.5409394071584097 0.5758111439502237 0.5368248965636703 0.5618594073413469 0.5880181843391749 0.6299932065535787 0.6566833863119956 0.6763657291885189 0.6378738452576602
0.25111332331753644 0.2587959037875014 0.23518947065257179 0.28194944399266725 0.2494645522442376 0.24227689164638389 0.23995680064945044 0.2807367199070251 0.2674161885706664 0.32648968641581616 0.3675264747066671 0.3917197795180618 0.3858134379268198 0.38851323595196724 0.3771501718977997 0.3884505894786756 0.397018500338844 0.3750002010617522 0.41697945571441203 0.4443106818229181 0.4790518619970055 0.4466996637316271 0.44229294274090336 0.4753623043702821 0.47271819685969013 0.490361153566296 0.4928318841420105 0.5032184569549227 0.48910331307931026 0.4869955108656555 0.5545176463342545 0.5561607222706227 0.5254281856384652 0.5449973924846356 0.5616600303865421 0.5411355618786087 0.5222207009049105 0.5679361962377678 0.5863249228778193 0.629442499563226 0.5993431190780394 0.6548581933104821 0.6700039667235118
0.24046929680465426 0.2037742991555796 0.23172307579848414 0.26147370131486425 0.2423535956608988 0.2095380993673372 0.273512401954689 0.27196172726011436 0.28612448719862543 0.2972086733133771 0.3641217061527049 0.38419009265123966 0.3491776155459032 0.3678559911456487 0.4201212307989 0.42948937366587997 0.4176567025608517 0.3688050187192306 0.4461654405407334 0.44981927203984307 0.464971004298204 0.43893280638373267 0.4585263230446703 0.4421016360199505 0.4235799195475799 0.419792007947245 0.4510101100199033 0.47797782222664736 0.505361152201969 0.517729640972178 0.5809611077039578 0.5682767400805383 0.5219871548022516 0.5411043212868919 0.5052462115720739 0.5142196099889942 0.5333129342363332 0.5478074861993782 0.5394311307735418 0.577925168701025 0.5900384132068318 0.6293982491325082 0.6515961986239983
