Raster_benchmarking/DGGS/continuous/raster-116.asc
NCOLS 100
NROWS 100
XLLCORNER 1743166.7279256126
YLLCORNER 5469289.954316597
CELLSIZE 10
NODATA_VALUE -9999
[rows 57 to 75 of 100, columns 0 to 42 of 100]
0.5502826219775272 0.5609784328089525 0.5492690861554451 0.5269940826345116 0.5315851910448148 0.49776094368844853 0.5182183090691334 0.508746724737037 0.49491633466836876 0.4624124487136866 0.46169305868311467 0.4379980724528185 0.42392479014211165 0.4127243558123374 0.36869648757212736 0.3671645644302472 0.3504558107382843 0.3458607564575877 0.3276360262985698 0.34726190902061127 0.2893285992861516 0.2569167761893742 0.25504465640405366 0.21845912623780642 0.24753166259194057 0.23102756115118156 0.23425432038983815 0.2571409049949262 0.3045435152091226 0.3295221528366983 0.3197220179497041 0.3468492991643663 0.3824013193802977 0.3270682172978397 0.3299622885797691 0.27536695466559036 0.28196037759568093 0.2892261978647618 0.24209264774966952 0.22739474986339417 0.25542768808369753 0.29115505604553205 0.31849223231891793
0.5971064578091989 0.5876243497957875 0.5207305026706223 0.5015083899995217 0.552072830453415 0.5140906294579479 0.48175779207083597 0.505758434693579 0.501931526122322 0.4356778943518746 0.42357065090432583 0.439139496053849 0.37709428431915304 0.3889314078586229 0.42547769102212357 0.39824650058463784 0.3933406630305234 0.37656754478658144 0.33699385570998236 0.3312750241652673 0.33044517242438604 0.3249084032328662 0.2468506236365233 0.2045736607964709 0.19762463132437966 0.26118167417256377 0.26180623221004395 0.2533994805360433 0.2607112119455078 0.34563222895309037 0.3919605970560644 0.4117276856244982 0.40174168519894143 0.34280026629942734 0.3084800085509416 0.26633916966264065 0.2482910567207945 0.2570212260270675 0.25073239883062487 0.24347548923950013 0.20736787782846822 0.25139616825459243 0.3111223127296472
0.5450184795587992 0.5687653162905729 0.5421950080781209 0.49745358334584544 0.5142687328362132 0.4955426184936373 0.5239428938273495 0.49088311589355466 0.4606155170428657 0.4259981073234204 0.4326552097967025 0.39945719894480947 0.40882706986287254 0.3863784112695326 0.39796450372238706 0.4178085766084673 0.3742690639625069 0.37435992540071605 0.32173406321343134 0.33253609969968395 0.32462278864236954 0.3455238199922039 0.30368664292836905 0.2527243818645154 0.2650798538924621 0.28318822359220225 0.29959494192064295 0.3083226710089808 0.3237465567775565 0.32114946791112375 0.38531013147942395 0.4065243523041107 0.42085064696617036 0.3609746249408726 0.3066532926163119 0.31419572551392916 0.2676212656765319 0.21580610375492632 0.22218589970481115 0.25386632361494027 0.20857058823588906 0.2315744225150638 0.28311978725352344
0.5417207359821384 0.5570481246380776 0.5078970059654855 0.5104962248944368 0.4868054355630436 0.5119555992402465 0.5120917616081908 0.44299753914437734 0.3960115866620198 0.43071886475707055 0.3564719339073453 0.3868169738305024 0.3585979433977949 0.37197391268296 0.38982020408999535 0.4353218232990193 0.3976275283305745 0.3748294889954125 0.36776739850324996 0.39342911861566043 0.3519997310505101 0.3687104220897907 0.3569440443954126 0.3054178838792148 0.2586321631146092 0.27253362560755945 0.2899200204348799 0.29600736024515034 0.3123727038991087 0.31335422190643986 0.3188626795932796 0.39327277136811445 0.4062194598572852 0.3850266604105092 0.3341719135974635 0.31798451265079386 0.24759329224334747 0.2440404466918791 0.24499553535833343 0.26530811036607704 0.22278870630444228 0.24623749993985794 0.2912936303653492
0.5325436691830492 0.5299402263241315 0.5389866122022983 0.5151189312197368 0.48795062097358394 0.5249777965943055 0.5302083964355784 0.46860738405268454 0.4352639216580902 0.4421900178852453 0.42864399635140776 0.4142008584323199 0.4232205126540421 0.4160106353916004 0.41407571774028545 0.43127635565457295 0.3991556167281732 0.3974961144240845 0.4352511617488982 0.4329272807081347 0.39363263146224586 0.40761916498289996 0.35219931429279727 0.3250437064322092 0.2955310135573339 0.2944969602933983 0.3366179228407884 0.37142417616211765 0.3377647432945967 0.366657971977617 0.3678734012211366 0.3370027309739563 0.3584374347786629 0.3435794168199131 0.3256305843322911 0.2576891816528751 0.2337797414745533 0.2464823819373022 0.242228094974084 0.24411854147360887 0.26422400442193 0.2659201399842808 0.2426246934626245
0.5544269910214344 0.5215603068642293 0.5110600574998428 0.52246792045772 0.4852289460671708 0.5080696024314552 0.545452585539334 0.49638340152513655 0.49657559007915303 0.49448087396602214 0.4539602908653889 0.44574696752013676 0.3897979338347599 0.40775319119728487 0.42074340599412186 0.4266786267089843 0.40348554419932586 0.4337606090308767 0.4544118618584875 0.45612126961468846 0.4495949876915022 0.38646832135887704 0.36955644117817016 0.33819035444621165 0.33125581488342104 0.34056285992415236 0.3837868732142893 0.41927899143442837 0.3883776547402674 0.3801107287621883 0.36985206923395697 0.34248945300527917 0.2961702842204989 0.3346155166470051 0.313060402197097 0.29135485602522326 0.253930455543165 0.2848261022332034 0.273128972372404 0.2525511456250067 0.2542385003133777 0.22485987543678582 0.24240262308713884
0.602661575108242 0.5606048454280113 0.5116794027285892 0.5097826874838063 0.5583860271755064 0.5686447954520805 0.5528072215546842 0.5803883069789798 0.5589364150524748 0.5083906483976618 0.5142538139141244 0.5103599715480751 0.4992946014274872 0.4855488312933035 0.5132198527185782 0.4744832515041076 0.44742833464550696 0.5053050611191411 0.47702953330240533 0.4772059731756111 0.4720874406359771 0.43692294052151304 0.3928597312133443 0.38272553767179945 0.3763411204156569 0.4340558032558102 0.423022604394436 0.4220294026377304 0.3925931194614243 0.37317312161794314 0.32804573647552565 0.3277696535416904 0.2633671760936602 0.29774855532801103 0.3009526360153488 0.27544247607358274 0.2819658121913825 0.2566954346566531 0.3000871231249226 0.2662090971800206 0.2292328213132763 0.22883101574709364 0.22016263061276617
0.6301604921740123 0.6226057885238685 0.5792409999671392 0.5524252907954963 0.5431434944817037 0.6110721347510735 0.6125916193858015 0.5996252836667076 0.6060823373092379 0.5592221314652678 0.6013690338221557 0.5750102391151951 0.5380039657233722 0.5537882488101412 0.5568210958366214 0.4911258784383007 0.512426333583594 0.5211297485833768 0.5619623042649536 0.5570839836415978 0.514567229077491 0.44343687728245007 0.42478401443700614 0.45638977544781384 0.4855037134597066 0.43605872530896167 0.4741097371821501 0.42425813417900016 0.3941785208133739 0.39849562414633055 0.3618371385230608 0.31657108723446303 0.2520643238226338 0.28002918191383797 0.2705468470531657 0.28030254142151995 0.26336826077978537 0.25127686861192333 0.3000302017169941 0.2800614124733113 0.19938574967730766 0.21568418793312039 0.23190099402046924
0.6215729891741032 0.6131747190838492 0.617563480613984 0.6017283598368989 0.6133763610013564 0.6091850321270427 0.6402335736560694 0.6484296117165932 0.6612110699439322 0.6471246472627119 0.5998749232331542 0.5828616176775555 0.5519017163935258 0.5584799486288066 0.5624344582186998 0.5489158528732869 0.5273446291166736 0.5601126534162746 0.5396249231728171 0.5710319670054481 0.5622186695708432 0.47191735250968453 0.4675344415400506 0.47892647561363055 0.4756217588306195 0.4540365987395418 0.4243746131967308 0.42801846965705975 0.42194548974829876 0.41296069801535207 0.3561284614019924 0.340099658676266 0.3024817454026483 0.28380850821990994 0.30466623921259195 0.31669097185875106 0.32346405808231643 0.2994973778516536 0.2727173756156869 0.23060071205645566 0.22063814913623447 0.26554441846908 0.24841920090767683
0.651918755553397 0.6401214205155543 0.6332239909326371 0.6139028251224329 0.6764374749047736 0.6559522114837203 0.6693108497549907 0.6293031102509 0.6504284675551908 0.7004719006974756 0.6831059020957371 0.6178456813445178 0.5684567230097924 0.5637157267612545 0.546832495234263 0.5559684920036774 0.5701998347149573 0.5527528583351142 0.5860704084897095 0.5864718716912757 0.5779280208367148 0.48453240447972534 0.49883308588133923 0.5170468138370552 0.5001224413141501 0.4836042977797454 0.4531374160511285 0.40699478934083055 0.4098760570828864 0.4014569329951021 0.36273804370729024 0.36059601909365485 0.3399513607892959 0.31901657116527965 0.3180877657249472 0.3559022377610681 0.332551171830501 0.3127118023440528 0.27944310917818627 0.22049500955739204 0.21240118264826563 0.2619796384616874 0.31250135246578814
0.6749702673921818 0.6817811144405143 0.6719404247456668 0.6526758130753029 0.6576981549224801 0.6879358031875007 0.6566044621172927 0.6676028941881855 0.6931880107222901 0.7112073517633429 0.6596462196551817 0.6363809853366723 0.6532872129529556 0.6397939047183842 0.6232180433454363 0.6285612436883086 0.6287270892108359 0.5968557436198508 0.6156696012736226 0.5759113622404463 0.5264599393420246 0.5053225419918393 0.5434223202539776 0.5169129980106242 0.5153776413949763 0.45461267509155473 0.4721467466213629 0.4643265624743295 0.40685250332956735 0.3663004928179808 0.31684032596061407 0.3354883648904608 0.2792574746794398 0.3320143076943849 0.30396355267794534 0.34398726592647744 0.3120416745709593 0.32402066558768977 0.27940519898473565 0.2723014177726618 0.22795175334415263 0.2776520703024276 0.3233565364787043
0.6441263886359647 0.6805853123022135 0.6758264478454836 0.6526727455106451 0.6821217918932366 0.7201803855259086 0.7224461929655478 0.7128872304168908 0.7524163061223098 0.7262195946088931 0.7242404439342518 0.699505599844781 0.6953450633046241 0.6421418373968879 0.6609999223893875 0.6716930145967149 0.6470236957813362 0.5842086249779647 0.5989918725520139 0.5819910997699073 0.5285618543940995 0.4935451103402851 0.5294169763960385 0.4879477264086565 0.5021959421410513 0.500345249388916 0.474197831541259 0.42567082461189687 0.4056872340789777 0.35359375460413794 0.323174902483611 0.3236904904430533 0.23691707977695992 0.32173426684015594 0.342721742773893 0.3463591702032983 0.3176794035352066 0.3037668912806517 0.2591187447425262 0.23509390641164493 0.21873883514531872 0.2889340883534309 0.3236783377892839
0.728572816550117 0.7285451453741224 0.7034359130497179 0.7078136810116206 0.7295405416564449 0.7156658385257043 0.7292747319508629 0.6930116834983836 0.7247934700599459 0.7560921625892405 0.7464793825287475 0.7047200294740698 0.7000965125671085 0.6463319634085178 0.6571059259023494 0.6327548226368417 0.5893306819881594 0.5829170916701154 0.5948566878176265 0.6018009001773745 0.5426780819821778 0.5255643609374486 0.5141788370608512 0.4986445142715601 0.4679128546495316 0.4958393883598525 0.4818567174177078 0.45176055780729213 0.42655944136804524 0.35509518410127017 0.3362494562047842 0.3111818531014646 0.2794541161500028 0.298013563498588 0.3133294064109835 0.30690432128243933 0.2908935290184897 0.2682220694694702 0.2707036274264843 0.2870239925511195 0.2853363247732496 0.31629951294205355 0.32235327316813506
0.7586454736743271 0.725991227914945 0.7603885872021822 0.7344354060799332 0.7446208978399271 0.695127823691165 0.6882829870077655 0.6691437826417301 0.7337125049759735 0.6921981156118755 0.68853488521569 0.713374172548915 0.694706584986985 0.681450941815715 0.6399946337951983 0.6096223770473047 0.5914752422874919 0.5952762270352423 0.6000819626943644 0.6036133054534499 0.5692796582378806 0.5304976699634849 0.5177314183937897 0.5310330369150613 0.49974573503160835 0.46486407074245056 0.43426126185881747 0.44845436925891313 0.37062811164828025 0.3350139072168327 0.3283932671554233 0.3372576025657607 0.26493335206945534 0.3265253259205294 0.3094519772108274 0.32199669929133157 0.2906272776657041 0.2915881607386682 0.3210857830435955 0.3492382919517096 0.3460175010989715 0.3457831865224768 0.2983457693302989
0.7826245772736162 0.7695863373802003 0.7327786765280057 0.7305343212672909 0.7560143679879774 0.7387873014616714 0.7237005747929597 0.6792175803032273 0.6999005673390328 0.6746424243474601 0.6860035765617631 0.670659810111014 0.6479087565374586 0.6631869383119469 0.6446661842700998 0.6129487546837445 0.6442597845000718 0.6026770735223302 0.6226309347396618 0.6016215331930923 0.5629498070701714 0.5623028195450909 0.5228257321566976 0.4917929469783661 0.46833374741489925 0.4865485809963123 0.436254395295009 0.44996415524343175 0.43557080932459197 0.4042799817131558 0.34925957777260436 0.35891461637336225 0.30928659598126323 0.3451339542133334 0.352591167315243 0.33028528870259927 0.28724762567126755 0.3028475632374348 0.3293930210701631 0.3633775304184448 0.371660787379359 0.30525343363745916 0.2923604971449727
0.7814361522303321 0.7442515941121418 0.7554935573400695 0.7712314554231384 0.7701996083828997 0.7138361303963642 0.6873330386256046 0.7064399121188305 0.6751678959983001 0.6565202761937856 0.7183688397520481 0.6855532562182173 0.6903276749419536 0.6465161302724634 0.6206425058013273 0.6518077738213317 0.6623192504177761 0.6050083775184374 0.6045224696137974 0.5882193230886399 0.5585584957154791 0.5796048941960312 0.5169826171244931 0.5168727580468137 0.5177322513765882 0.4996381434524389 0.5001383500851535 0.47992027842484203 0.48910782032083266 0.4476182607362878 0.37731452801481025 0.3476106768955136 0.38040823906094967 0.38503540268166997 0.366198836015297 0.30284937759446834 0.2796170594598069 0.301617093969792 0.35783768500690294 0.36929193475730493 0.3763193774716652 0.3226127770504605 0.32094342478660265
0.7907950051186274 0.7553165386402986 0.7658383381476936 0.7303916834336014 0.7138269204991468 0.7359269173422524 0.7398672471182693 0.7403415026790044 0.729909390093372 0.6820487899429107 0.6829741596905151 0.7040279957680868 0.6431421441289953 0.6413395976532301 0.6626893860605821 0.6457513479127447 0.6453715818849171 0.6486922723605411 0.5897558935334181 0.6146578764014288 0.5663782087535234 0.568709236631816 0.5176269788966599 0.51718963788346 0.5160136590315607 0.5517492016062255 0.5192943047168871 0.5149041110241293 0.49671615506008276 0.42285907641405 0.3950790957887548 0.37041830464882586 0.37272471587701583 0.3653023922794344 0.34633413416981296 0.30878452737000944 0.2710870057678829 0.29627302961795093 0.3007808002362628 0.32662777342716315 0.3462816690698007 0.3388173529921515 0.33604050303440947
0.7948700644714621 0.7720909686096995 0.7425507492406535 0.7250850066389058 0.7105200123747379 0.7223444363457446 0.7298183675538027 0.7308148313416468 0.7451383561943284 0.6798272399996245 0.6832328743123777 0.6837651888962802 0.6618039081822594 0.6884983365150079 0.7070941738439337 0.6622325617240077 0.6716135013328612 0.6144360572415158 0.6195752399935927 0.6043901364292052 0.5491578368281618 0.5514876728570867 0.5469065701184335 0.5615543909028724 0.5410078197311275 0.5664235330045349 0.5523152924147656 0.5268177993782656 0.47277339312297867 0.4326718824826647 0.4365438549869523 0.4134374492366561 0.4127381569482242 0.3517987776556848 0.30905144056386735 0.27844303405195997 0.281197380312617 0.32738382640852565 0.3047216057916686 0.3347726068035504 0.3723820211492959 0.4019447985728273 0.3915492386711647
0.8214732039079917 0.7667874322986538 0.806470084021005 0.7780262243499987 0.7395706397027033 0.7224265585456418 0.7675799382185944 0.7291854280942105 0.7170360125209109 0.7193274983889717 0.6743347931717745 0.7016635267375073 0.7101794269448435 0.6853145379072149 0.6705202196565869 0.6818778337016739 0.7052564719665195 0.6309368246389387 0.6288681303883229 0.6001189989059904 0.5740338205704748 0.6123667252762621 0.6108560816339557 0.5822031457866128 0.5957393268932654 0.5755633425713519 0.576786966876577 0.5557958081892532 0.4932311241990435 0.5005306137620387 0.45447313176970994 0.4369766582254509 0.3760913989026016 0.37099511037722155 0.30726012009739717 0.299247217510413 0.3182223355770856 0.3043418471766679 0.35296016245923173 0.34667046534058127 0.40777922273131795 0.39114151557398674 0.357793193359623
