Raster_benchmarking/DGGS/continuous/raster-114.asc
NCOLS 100
NROWS 100
XLLCORNER 1743152.6422855763
YLLCORNER 5469295.877389714
CELLSIZE 10
NODATA_VALUE -9999
[rows 57 to 75 of 100, columns 43 to 85 of 100]
0.4870144469412842 0.4785770419181293 0.4981961816145541 0.46384262967732687 0.4901486346168505 0.4533419463393118 0.48928213412855076 0.4373858001573175 0.3988874867041741 0.42618922318522573 0.40157632382537645 0.3357102919222894 0.2908213957305611 0.3098984090972681 0.28374819869364204 0.25771219351701974 0.21047506516973635 0.1885289958942731 0.1749949962049358 0.22515798873465434 0.21560793882252213 0.1747525556239147 0.17063805869347673 0.09347398667582481 0.08729472552285777 0.12460734703180683 0.13249067848661095 0.14169376895771538 0.07487514936647335 0.11743618573581223 0.12769814878782496 0.09837122803918778 0.09049076790304748 0.12318296863297169 0.12660094128987742 0.10051713858162506 0.11783042510365375 0.17610223386024085 0.21909960393064898 0.2182553125740757 0.29152388215733793 0.24006122924881193 0.2661933096548146
0.5201273387599928 0.4962101101096367 0.4891908421741382 0.4647029615230813 0.45597888851699503 0.4851302465754499 0.5381538648395926 0.5236292606635389 0.46504109978411345 0.4588906091422582 0.43218804994907983 0.400840409468265 0.35499901053146926 0.293590683121737 0.3122825423417927 0.24132129102667735 0.18904575343059318 0.1737274475677272 0.21701392064814895 0.22292623047327204 0.1917156663192928 0.20268019223371753 0.1477440007990154 0.10604591687503855 0.04238697118916946 0.055020333745888245 0.07265136555377116 0.11268602874993157 0.10282882881318862 0.1321737053812827 0.12474024852371708 0.07749373797069946 0.053178354565205005 0.09244145542115362 0.10743214698948503 0.11048899062498127 0.11945836818073292 0.15995291947567605 0.20154905232194859 0.2202477203680961 0.20790496928885654 0.22078812755144836 0.20331059650077538
0.5904268713268751 0.5417521277630014 0.459648196414208 0.45972044673415385 0.43483875906638825 0.4930557372388291 0.5249780391277469 0.5125209864259177 0.5564227660570897 0.4686415284662035 0.4301809234324169 0.4145614488888088 0.3792714939416675 0.3495174168211521 0.31929819082692523 0.2449214253968979 0.17348480227299376 0.18233286879745614 0.20787569426566216 0.18897157043298815 0.1946862214716294 0.19747660252301324 0.15784092646464348 0.10170040126985995 0.02188450956670958 0.08851143686542648 0.09324717985341775 0.12402827446716738 0.13007231586409557 0.08720225723393833 0.1056659698500958 0.1037981718514635 0.056191908334807715 0.10263053072220184 0.12164957910085707 0.14615765374064607 0.13404465328907586 0.16246863212254983 0.2160556872043368 0.19845061732347513 0.22500116030125294 0.21104947116496858 0.18837072434174248
0.5655669637694736 0.5281592892506523 0.5077219714494837 0.49191117725633415 0.4592934531492616 0.47922318545206133 0.4980363519710759 0.5229140052860198 0.5411185722544839 0.5400609327026179 0.44868707390430046 0.4405050736737813 0.38386792416512144 0.317233473005911 0.33040271576509733 0.28639663345891864 0.26039796772536994 0.23489757708265044 0.17482376282732504 0.1843816435527639 0.15970445111519815 0.13459080581845875 0.12282619494668066 0.1092647761443984 0.09107506419032886 0.0725338131549847 0.11981024244283686 0.11654788021081532 0.1021454526095167 0.10674221316429147 0.10016532342558625 0.050717897029544386 0.04305240854557201 0.04498626174766863 0.07013211371762565 0.10193223348103461 0.1680233424055586 0.22987040077039939 0.25574988394472276 0.2152903228847422 0.2444496144850858 0.24600505651696952 0.21337061342028604
0.5207128444149766 0.520950215943799 0.4889156533509817 0.5303669813232352 0.5254675548726467 0.5189343537395626 0.5550012094082628 0.5862056303278288 0.5640464583589704 0.5242837732652618 0.4777576080057353 0.40974954658192325 0.4119612739640379 0.36110810010657224 0.27326704237872035 0.28912229217747404 0.25006144184632506 0.23446533611032774 0.20403009293701044 0.11576098062957314 0.0833150921438158 0.09878247201536637 0.05713299582495931 0.03311818659965068 0.06647825709490965 0.06353497297094673 0.09276499610724805 0.08975355081160832 0.126849660780873 0.09118553005026728 0.0540924627956884 0.017162602711207536 0.01750026273043815 0.07571593385798647 0.08961061529962014 0.11040532339060921 0.17468669634886658 0.21532686441545945 0.26718510655480326 0.2438940328316203 0.26903875774266794 0.2870917228485554 0.2750547285172962
0.4757483506349548 0.46683558652781154 0.46849649574199725 0.5237085258580934 0.5312602574563529 0.5280214650403008 0.5399798223069215 0.5786294134306849 0.5242373329612532 0.5188981780770858 0.4754141237223359 0.4286781529720439 0.4218733985096352 0.34561404168401383 0.29778454509089775 0.2776715124890391 0.20408562727980814 0.21806331001855192 0.1887251917485939 0.10744392069595572 0.10143198805777211 0.05546229018346234 0.0699712709110863 0.021597630360611415 0.039537085072542 0.07472519679256134 0.04354657143944673 0.04775034633687777 0.09359045215147264 0.04703062453746095 0.07325093975581605 0.027910394632128833 0.052198014515475795 0.08489384724698748 0.1488013867285972 0.18543314926321627 0.16823778605946665 0.1958581393007139 0.25826172856872376 0.2894230443974589 0.23768451542955646 0.2450355649053097 0.26660072656014105
0.42401640648702993 0.4314378713115277 0.46942328448276166 0.504442837140443 0.5133839270229617 0.5317697771849925 0.5463146858458813 0.5324077669188682 0.5409833271773841 0.5052201482257415 0.4709692651603449 0.4262365619026416 0.39630812432154217 0.33398824390450116 0.2931971716081767 0.22518789746182263 0.16152899189483955 0.20295238672732777 0.19690833466941565 0.11078672709785103 0.06306523993237577 0.058556088384349766 0.03373207715738702 0.02285168734559569 0.03702425135795664 0.05150331431510237 0.026528364484809504 0.03837945334888225 0.03196210477489453 0.03233330804016451 0.05371258529811866 0.0783132006336163 0.07812635252411898 0.13052492829524712 0.1334023752101713 0.2111500908984973 0.23192557143669806 0.2153040755884007 0.23631340068209994 0.2410711193975449 0.261599151185753 0.23024014813597815 0.22295552590020778
0.41925093879500525 0.45658036408483493 0.4435247788047561 0.4497772565857787 0.4825212983183697 0.5131088203170772 0.5021932815985739 0.5400415679441247 0.46151299860815154 0.43313650982971025 0.4537158985446133 0.3940945562000273 0.39489052507874184 0.3380801718699552 0.27475447942634385 0.23090399892041447 0.2012546025289782 0.19595423304980827 0.16829153783039646 0.17447185203790735 0.11066255364459056 0.08858576937810878 0.02046080094401563 0.014240486305289637 0.07147578830404898 0.07766333800448415 0.08041005066087278 0.08360280163349963 0.04193952881479035 0.08556580246468347 0.05294819855267255 0.08281158626571546 0.0931977933359908 0.16369421435840179 0.14794953731902313 0.20183558168370544 0.21230503918165228 0.267505021502856 0.269796411983512 0.2629301832553531 0.2680343149105509 0.24810796040639893 0.2139746778299022
0.4762561143410685 0.4903969944298458 0.4742304084767888 0.46644418369743057 0.4747912698939635 0.469708312215309 0.512179030104268 0.47004398195843333 0.42917785529355745 0.4082521199868488 0.40174169736117443 0.38680352157707465 0.38990135636673035 0.3237554169694716 0.29884343956545034 0.2171156497612145 0.18040816152885322 0.17951694462223594 0.18590143330425096 0.17086201290790048 0.16792484829957843 0.12227278165012241 0.051007292880021635 0.07612997218110056 0.031744190484133655 0.0756375434228028 0.08327206895986852 0.10741746001099434 0.09870628250899229 0.11165864414816518 0.0846325325786099 0.12418692392642049 0.14460685819412206 0.15421913501806245 0.22415249266803794 0.20741750493866953 0.22751543685686149 0.20976292724081305 0.2487347631794791 0.21282465886293495 0.19422519621622458 0.21246995702054727 0.22286624506843947
0.4456583908236402 0.48831473716853857 0.49664259253963317 0.42676481929554305 0.4148986356804435 0.43179717027751324 0.452049483620312 0.4271086110472816 0.45783647489767876 0.4397577772258918 0.42859780122374636 0.387245384891536 0.36194638520661687 0.31866549263648947 0.27025422319543985 0.26391370700104816 0.23463998538275663 0.25251908680523966 0.2642251032873091 0.2262283871938024 0.1969924177097179 0.10989364976061052 0.09001469995685844 0.1013521938165524 0.0664381276455942 0.07828266535668701 0.1090054868061764 0.09562750064349833 0.13022302015299936 0.14453012324496908 0.15737680762989883 0.1724421171562509 0.16637659581504455 0.21598376032117833 0.26523278960972196 0.2343984864068756 0.20352630041288938 0.2116481381090077 0.20718911271387236 0.19899776034367334 0.18406645889077486 0.2161112073523234 0.22652395231137515
0.46894854572694017 0.4448546346137398 0.47300846593924994 0.3808308182244992 0.37009532604519474 0.40869885299367126 0.43102678472833866 0.46715615991371695 0.452254210402239 0.44362993759824254 0.40307560581006874 0.3861932077650864 0.3899780276692946 0.32638432709636267 0.31799212809660543 0.2682362759399853 0.2954829612906026 0.25488942518500696 0.2754468201348187 0.25976069009507635 0.1989546415239149 0.1496383667309207 0.09825873124191041 0.09230462860626304 0.10777558036942862 0.10164359239826617 0.0940714955081926 0.15623728946013238 0.1978916867955467 0.22026234617999393 0.22356374999856676 0.21749763353312207 0.24264528750329575 0.21257518817335044 0.26414516611194117 0.19082719227222666 0.17436552005316572 0.1472128286593417 0.13657085377975137 0.18397288853946686 0.1660707249851354 0.17824921882653383 0.1908262970975606
0.4137852176237904 0.4424065375142909 0.43722042961298574 0.3825250397504697 0.4085812413998572 0.4214263424404424 0.43258848377178444 0.42763773102497216 0.4523998835791488 0.43222387725554734 0.3842887277267374 0.3778237992303551 0.37504274506777463 0.367850203382498 0.3184063586164379 0.3281562446661807 0.26954632278803453 0.30805114834905467 0.3147882072766862 0.2635438389222004 0.22912366945739307 0.17693642952890937 0.15837650564016864 0.12153681614506816 0.1012611020935242 0.10418721277183729 0.09398863047983999 0.112231562959767 0.14641338894592662 0.19596312818766828 0.1711303897633176 0.19239341932487228 0.18402737505452976 0.1881800092186523 0.21621620612465967 0.18537379993532496 0.19255964341829093 0.19320903650847368 0.1655671267979636 0.15579531355609214 0.1569302515512372 0.18270822681070426 0.23779113925307682
0.40529832661832066 0.38929703760670586 0.3805363035361661 0.37131568342320814 0.4060646263070301 0.42137855690411863 0.4199089862223663 0.4461824397139893 0.4568931942901182 0.40552411830735613 0.4085785046994544 0.4007534250543864 0.382130530177764 0.38442174951447317 0.32745192619172253 0.27533671498499196 0.2599862799319902 0.2798064425179978 0.2850421369076807 0.26936076685623084 0.21871805177324605 0.22125666032705987 0.1564198867472925 0.1387981730532286 0.18855805246954147 0.11854465999144635 0.1478074205447789 0.13000902251517368 0.13804046825311672 0.14967526024558236 0.2019602008659195 0.1458223029998848 0.16252172031329318 0.16511360970507905 0.1999834582675435 0.20379712665183744 0.19228647910083468 0.16604169971198024 0.1411700322151146 0.1814914048082129 0.13772499771948388 0.1919176431786351 0.21903748717914265
0.4142252098036383 0.3868583875889629 0.38039558456573414 0.3908777263037222 0.37898990084765705 0.3762837558723209 0.40864654254921345 0.38990528903677624 0.3947689754428628 0.4248307540261763 0.39989738359558835 0.3899897764241648 0.39860688273587636 0.36800875122124227 0.3459777614325635 0.2871751094847465 0.2888884514586995 0.2615402432664256 0.2601051902111703 0.26091891270412704 0.2355215632631013 0.20196343697996108 0.1440154544672092 0.16790378429424643 0.1423892981901336 0.16115488241980386 0.13886360656927257 0.13721448182138984 0.10593254462611315 0.16040184658321047 0.18693830855562754 0.14897431913085038 0.13240340671863987 0.1340441111734722 0.12014724182483291 0.1596110494530565 0.0942482973490205 0.0892957984774313 0.08899694528152166 0.16609307724048605 0.19026565972561582 0.1852456521013784 0.1871930533070947
0.34867288323831946 0.35405371198312663 0.3115800783485255 0.37187441532569826 0.3874293649176596 0.3461299079131794 0.35954038033355534 0.40391164082325004 0.3683674315644888 0.4278972957564822 0.4315319607843182 0.37612894754794546 0.35641999374311417 0.353961816585216 0.28280020201895606 0.25509300684179814 0.2566709792037995 0.2733829361033261 0.2573186968748817 0.2745567051031727 0.2831772162500009 0.24013237220324435 0.17650125096790445 0.16547720019862144 0.11851708336024257 0.11755306069877748 0.16445387721536298 0.1068603428100022 0.08618985208333801 0.14365760381851414 0.14181907197690835 0.17263701331730405 0.18840290521071562 0.12250691939901906 0.11174317914549012 0.11129787402540837 0.05764605854012386 0.0651364856405115 0.0882437472014611 0.16844397511974776 0.18072119639394243 0.1735755643055736 0.21718531222907908
0.3008151960757977 0.3011792052118594 0.3346823560901662 0.35206477631659366 0.3696266530106918 0.37964452528196574 0.394594398270894 0.3850188541122598 0.37511711315228646 0.41278003198717056 0.42373152437064626 0.34280754713185235 0.30401237821793514 0.3324631958330945 0.27717903707484287 0.29992593080049307 0.3073449651581153 0.28784867318794183 0.241066424819686 0.28076101379634755 0.26982090103975565 0.272549429900756 0.20634635700176854 0.201948492573039 0.13555131092922507 0.11810801941376148 0.10363985272936332 0.08622178759995125 0.11875641024754512 0.13050968798733822 0.12140966586209777 0.1536511901925192 0.15169843391562374 0.17581295318304632 0.12548725154046242 0.11880450664370723 0.05467055210017841 0.04938767298789783 0.040697662303149036 0.10673093366165372 0.14455702587081773 0.16173427797769896 0.17065233619365647
0.31698097186046353 0.2949074655703868 0.2965490528438954 0.3135653181872038 0.330504213163442 0.35398186622000377 0.389309240863995 0.37988521852487567 0.4086583693642062 0.4376592162755572 0.39146662280401684 0.30962385095051465 0.29249537707916656 0.321149887909758 0.26655948902047016 0.2462384701608216 0.2724871888515643 0.26119238288074575 0.24267971484781206 0.3101904436403122 0.31220500436391735 0.2855194712415911 0.2538556906638256 0.21346379207710886 0.14871674819940414 0.11283908810937068 0.0919832274354653 0.11785244204165937 0.10033036676039192 0.07994753426475011 0.09776721246859055 0.1311312073907776 0.17385193737974364 0.16301707535139046 0.13426899221892072 0.13289881460364628 0.10232075732115009 0.047011541466623535 0.03321112577477586 0.06570742203281653 0.056880879029047544 0.11168576228353004 0.15766744944115937
0.26558296968131795 0.2809196005860633 0.31590335234198935 0.3113287656209302 0.3618277022817932 0.38579589721170704 0.3892648542018448 0.43737506513917673 0.4547270340279979 0.41531830737258235 0.3773949040658369 0.32041505420377003 0.2669312217280509 0.27532414484652995 0.2983690856998457 0.27072366477770127 0.2897363989713701 0.2381700758306936 0.23529565817056206 0.2905745020814972 0.2683058660016938 0.23391188888644152 0.1967294895043848 0.20787484638466863 0.22024618088041853 0.17894570680503386 0.10874525134965732 0.10720764874929002 0.08041976638195385 0.0950452357230847 0.15586915300049162 0.15679926488495285 0.13824441485599653 0.13691769429163486 0.09448905515560521 0.11613049277693217 0.09198917061467429 0.04309184355016645 0.013170432863368114 0.059944755739536226 0.06359590152202663 0.07472404718124717 0.103930935668902
0.21461861593801104 0.2681482625792413 0.26429269608354344 0.26574873625243683 0.29369935881631876 0.345758476800423 0.43399742348748555 0.454494021543545 0.4597573590223532 0.3803039624992971 0.3845480399689358 0.31305986399041374 0.2826923956824484 0.33762102742053407 0.34025382882539357 0.28377718494303905 0.2918887179058174 0.25083386484322634 0.2772143783276856 0.2972088195453555 0.2874650666484362 0.2675059914155629 0.20791650532379174 0.2548725305560197 0.22122999964225395 0.20718103468021948 0.17244012883226228 0.14449746398918592 0.11094224282147475 0.16846798062444468 0.17371173382247238 0.18798128502150044 0.1418710350708607 0.12925975279607468 0.12381929502450627 0.12589983163537002 0.08292032076617652 0.06694003791552566 0.03492156635632719 0.059466861603343545 0.00794043252662735 0.036655609450091685 0.08257256408861752
