Raster_benchmarking/DGGS/continuous/raster-191.asc
NCOLS 100
NROWS 100
XLLCORNER 1743159.4923980036
YLLCORNER 5469291.396932054
CELLSIZE 10
NODATA_VALUE -9999
[rows 19 to 37 of 100, columns 0 to 42 of 100]
0.12530703654400582 0.11267904732108276 0.12574197700204068 0.10185308866832349 0.15224047686300507 0.13909456912491183 0.10788034858752937 0.07546179324578833 0.09866772774186176 0.09362267462043289 0.09236434628218845 0.07213889483468347 0.1131859451420839 0.0976403512290417 0.08092963873970721 0.07446092799041498 0.10329775229890595 0.1420261093128972 0.15756400027434808 0.16875502465102604 0.2332239381261267 0.23307321829887956 0.19366681956493773 0.1534287771465421 0.17563810944406968 0.135101084375143 0.10209095387375255 0.1256879801784608 0.19607036259620256 0.20078171408833106 0.18742571270016656 0.21799367064593383 0.23828683719372823 0.2639978520058467 0.30238645278036924 0.36418799332421653 0.3377849852698733 0.3727288870111925 0.37849456376482143 0.31542615174996774 0.31536586996096555 0.30366188413629136 0.2980382779970705
0.15180458325601343 0.16714916638198143 0.13979606250509505 0.14749409395304947 0.18754609661065408 0.18345433961807728 0.11604778013113204 0.11345534355884376 0.12483360025209245 0.13138006504348962 0.12618194612617753 0.10053231779636737 0.13980773327350948 0.14660733491483316 0.1528980798681099 0.1806877725335802 0.17444189448453185 0.15843875279777717 0.17541989252789614 0.17861840136157808 0.20952378300519664 0.19252830526905815 0.17488488397256963 0.1731026932779731 0.14291363213442798 0.12633562298471826 0.11490858258142175 0.13619892377045278 0.1533298264325569 0.19070575308995596 0.16052998949179945 0.2021303115135688 0.2182673393352979 0.24430469883335837 0.2766622997141882 0.3405793540483056 0.34868984306907397 0.33395359044835143 0.36314138666185863 0.334385120646108 0.30596341532018484 0.2828363921833473 0.2669807805076537
0.20645686275942546 0.23841600077754163 0.22209626803116353 0.22266542361413563 0.2172299944785293 0.1944143246615167 0.14581937888180477 0.15447723296380403 0.19328414573853672 0.19675408681858056 0.17846523268248315 0.13051890247295428 0.1334183573558183 0.1594715379259086 0.1944164186337434 0.21804888027789496 0.2322152235681573 0.2030957201729396 0.2322425390173312 0.21007904957556006 0.21406772307972927 0.22061481857333803 0.18349606015512585 0.1449474894953094 0.14583376878728133 0.1350531830088097 0.1202772805588966 0.10392119633170185 0.12655301827888324 0.1537433290317911 0.17962334222039072 0.18037938914219448 0.22577713956309717 0.23457966012657083 0.24491690335366822 0.2824948912732366 0.32985619766606156 0.2888197886414585 0.3145674919370287 0.37394837584375584 0.3040484608264425 0.30537324280698164 0.2630300896304123
0.19801686601661367 0.2539484784186118 0.2335368311934721 0.22840682324842157 0.25357367870070435 0.2560033013596848 0.22254224728618294 0.19603999231679461 0.2200856017875067 0.19584476046671132 0.19881890712282668 0.22498989577094017 0.2081360902716007 0.17342248336732977 0.1757360395758811 0.20403718091763515 0.2406754802893229 0.19867464869559098 0.2192537170912422 0.18759804105548006 0.21926231250224956 0.2076340109038336 0.16716864182134486 0.1734300169932505 0.15263698769331877 0.1719489885479543 0.12846380082010805 0.12380748052316284 0.131254857925021 0.131302887188517 0.11185848667444 0.13912927920967375 0.1722682721921008 0.22471788210258722 0.2504713867641287 0.24955040094327016 0.284188519535248 0.2549639183586882 0.30361723182599626 0.3342126486769828 0.29807304494877174 0.2801516442399741 0.28887750024491105
0.2180054281555705 0.2470236881532242 0.23716576724100125 0.24469699775908763 0.2607517480287221 0.2387854216605179 0.2771224676866616 0.29617267134618935 0.25380266549845354 0.2282621624345959 0.25533918517303916 0.24794100733763724 0.23553309629191316 0.18614781635595073 0.18574516453194825 0.2455241045923553 0.26099249465433516 0.24341508533950304 0.21593023929339686 0.19571078873299036 0.20174103779928362 0.14477354479022647 0.14205624849961454 0.18263456834176364 0.14368344697813212 0.1531276067627925 0.14747364865159637 0.12546910267108224 0.08570495761384665 0.0799417702279489 0.08777587236088083 0.10857185518257323 0.17470539044180336 0.2258506459060007 0.21255715565205024 0.21631182222451378 0.24534966837019154 0.23974465380757115 0.2926218357731179 0.3039815482486073 0.2818001343226965 0.27270496269156197 0.28939025834387655
0.21073122938433161 0.28626515792022494 0.3093092138425032 0.3253276407502724 0.2847564761610402 0.30318835738564476 0.28723787102689197 0.29987503488168177 0.31758937853385155 0.29009261982953033 0.2884673029454479 0.2908838315143185 0.2796125573189037 0.250558070028329 0.2288641063192295 0.274344425678487 0.27775979114648175 0.28518492579807825 0.27345415054901945 0.23256677919790628 0.1787514334265555 0.14045196160299683 0.1251866385626463 0.11658101813301738 0.13521277147138355 0.15301077152156728 0.12770886540123358 0.11013868160439093 0.10820696633792573 0.08308297999626686 0.07557231130170297 0.08887196125618348 0.13440410460816435 0.17174497324297391 0.19464247350121672 0.20514348706612048 0.22457801661043106 0.2415017399539771 0.2733609206452105 0.2803758260147877 0.23387339766544168 0.21583899031512843 0.23382694422603428
0.24310929642411624 0.3259265045374494 0.34209255097639285 0.35112151235061234 0.3472225008812821 0.30780875360120885 0.33976035262208915 0.3582313424127854 0.3692884403761323 0.31750052683229074 0.3133924536490713 0.32377799696244586 0.35675416031542956 0.31486076074753994 0.28884086312017043 0.26858999684814583 0.2645795360435493 0.2825419622194104 0.29591253336627177 0.28986304105480776 0.22813619831436954 0.16500397753471166 0.11726063433211337 0.08910294645387329 0.1471135699760479 0.1287339520419873 0.11682823717123501 0.11173799412412473 0.10424910190158795 0.07717118515399764 0.08245522695086363 0.12698218573679348 0.14526241893834826 0.1453142465037198 0.16632040418841615 0.1299536669164183 0.20224499210115168 0.197429000391215 0.21628463127232495 0.25080517296921817 0.23367119806176384 0.19039853801507983 0.19899086212549208
0.3281709010845331 0.36077216685142116 0.4000224013200817 0.4025327292185471 0.40640284736239035 0.3903043564747216 0.4104355001767903 0.4139337922408103 0.394282121136937 0.403076647010921 0.4054506584007236 0.3978482206943095 0.40214959267844286 0.3928104676042326 0.3594498883615838 0.30268328524225097 0.31547155784020653 0.3399686091981307 0.29786170976116 0.2966638109088267 0.25893282067731643 0.21521817512239644 0.15478437496617298 0.12783455168435687 0.13918184839005254 0.1479614915533244 0.13713552086167183 0.11954112347887122 0.12179620188293636 0.11793240607511986 0.13961423891163627 0.14264381454763397 0.1390772624402907 0.1684693359511873 0.13890851249036718 0.1470248925741734 0.15611375229708224 0.16628809129285632 0.21345887040038236 0.21590832398789958 0.21235572559596902 0.22969485581987586 0.22240429696938624
0.32064478827797543 0.38839052583001343 0.43629166122207497 0.45381403856086516 0.4540246888913786 0.4368305569882268 0.44041605072560214 0.4448882087455894 0.40114995829294814 0.4295256081127384 0.4089272149470702 0.43601482451625884 0.4536446160005135 0.41349496768224436 0.3537864702639015 0.32570800855913834 0.33955985380532533 0.36018576967104515 0.2779629537293893 0.25340763308450276 0.2741684048559693 0.22740282772159784 0.17051808529757803 0.19101616173773844 0.15853978021932627 0.1164240591370235 0.12487974654834977 0.09694045619850081 0.14708064188189773 0.16718525494614508 0.14325532019766146 0.18339385236360772 0.17020496270281432 0.1892173878182513 0.17235514103514063 0.10078625659721797 0.13860129338969696 0.15349042172515936 0.13790074800699345 0.1444695323834152 0.2130055567134346 0.18897305888239463 0.2251075569181941
0.3848572460223985 0.38700590099231996 0.4365465934331075 0.44810514136736385 0.4297097157230804 0.45177410226053205 0.44336355903380587 0.46015139338985905 0.43930246766844516 0.4183712237584099 0.44350706753327584 0.45250327816736274 0.4517675289171776 0.40799460548454164 0.38671821478241436 0.3373994759078017 0.34308677287762646 0.33008962574014855 0.3199367935834406 0.2527127267562586 0.23721137761508557 0.2136173090981797 0.21906647399211668 0.20035277096575468 0.1461486820426777 0.12263529150354648 0.09211015620795207 0.12644579123097702 0.15176739050229554 0.19259255152595908 0.17129165103272648 0.18086964684585277 0.17740621937504472 0.15368315252504727 0.15677919234758064 0.1269866422897121 0.10578191288605601 0.13514951663899963 0.1563381040298255 0.17511497425655734 0.19780091699617824 0.17978373020232824 0.22392114561219936
0.40225541836951767 0.3753467532372614 0.4194694037384679 0.4684159153474205 0.4373408079388255 0.43153551132595847 0.45258556366172337 0.5179537541984681 0.46322017830436174 0.45509508383717817 0.44240597117671926 0.47767779248605075 0.43946118895168484 0.47406035916614453 0.4579072571468281 0.415000665526438 0.3716009758696391 0.3738315499180509 0.30181475061352575 0.2702778928306258 0.2514477353783316 0.22453356920101028 0.2406256977141497 0.24926235526887355 0.22161541206618535 0.13655368050193545 0.15297870315552284 0.13475787252436583 0.15963741478132437 0.2048680519621286 0.15391290705191352 0.17532338697573996 0.1700204116990896 0.12555226660478466 0.12279401789885153 0.12772761418783973 0.12395700871613477 0.12441926134524137 0.1835983723776319 0.1848640752482645 0.19496275016325623 0.19803012654139568 0.23697189258629436
0.379785150522706 0.4161626762181958 0.46391911153926524 0.4635194683290174 0.4986983900617409 0.46185035460603824 0.48213742552209166 0.5112270619839563 0.5165296207252015 0.5108385820387374 0.4722782763939758 0.44672283870557744 0.43492080287426316 0.42940391110066706 0.4450181263339971 0.4251798903695523 0.3994361703493361 0.3804911298532383 0.3564743733213402 0.2940263378698524 0.25004690211647046 0.24492965001889058 0.23815281443408667 0.26089912321557 0.2492101761626246 0.18893335924139537 0.1606425391519266 0.19195571087855942 0.17197547678285488 0.17942690976747824 0.1655291894629416 0.17741494986557638 0.18916793400941656 0.1291167506530874 0.1377053559458806 0.12817143080866789 0.11879433176081851 0.13477948055007266 0.1527719235054438 0.1942006053669405 0.1704977496762472 0.20141443152314983 0.20009913734915397
0.4222972527610593 0.45367536252936386 0.5079816716777403 0.49777701269931013 0.5280535034337118 0.5039922577417412 0.477761646021782 0.4842857603404793 0.504081471286673 0.5056354953590385 0.5086033243849035 0.4569227486743221 0.4287692235612381 0.4405735994270648 0.4306901222128624 0.39330030589023657 0.38491061636934204 0.35894001452492313 0.34813646968312945 0.3027584549868574 0.28029456937779157 0.2291717891869436 0.24743228906401443 0.27910526581131484 0.23008254041899856 0.21287880684509872 0.21732681130777348 0.19224599138150916 0.16400224098117222 0.1850462342502602 0.16038905730827366 0.17424286556356594 0.1455589574767162 0.16136879729347145 0.14143147697353553 0.15642261359671777 0.1572837716437599 0.13491498805771998 0.16127411212228343 0.2038757998729755 0.1930244140899844 0.19460223723291675 0.2204766278321443
0.485006437218084 0.5075681104051846 0.5210014740077922 0.495003401570553 0.5273702265523222 0.50466352759082 0.5092765163097275 0.5066904915646379 0.5129023441023751 0.4698011622434694 0.49526665078118837 0.47331362730553955 0.48852406153806555 0.46445873126606696 0.45896722695256464 0.40474622888027656 0.4122965362026003 0.38279440078741955 0.3506985405929267 0.3260877260201346 0.27061638299041724 0.2602961588372009 0.2836465823864311 0.29332333898749946 0.27432717189035943 0.20692964380506707 0.18873250813917594 0.15768463004252062 0.16496838702292438 0.13055903408660385 0.12977698861827938 0.1345467226180019 0.11236235719217157 0.13264356343140526 0.14553217461437873 0.15172906683937834 0.19625129516711734 0.17316155531630137 0.21955862561568643 0.2335591522123695 0.25833578621307507 0.2054581688730702 0.2094087470464002
0.4904094573991564 0.5004904786017574 0.53230405579315 0.55342179732713 0.5469775510675805 0.5390306921456745 0.5047062944234381 0.5557111514989435 0.5130478613545759 0.4709332984093879 0.4734339255893418 0.4857718808854837 0.44935462349646615 0.4664702792403475 0.44630646185314876 0.41688312213906864 0.39133366699566835 0.3810952373077091 0.3671036801456838 0.30789456765496737 0.29482678150649744 0.26583164268896403 0.2637346062423144 0.27808775729144813 0.26709800201683476 0.23173521419929283 0.1815281693153101 0.13269110130411924 0.11166233030798592 0.10426128937527777 0.0951947498036673 0.11293147315600323 0.09250427704118638 0.11233882646442804 0.1329247167140144 0.136043245410269 0.1741862125754681 0.23604556567706395 0.24469503409568116 0.2781534248835691 0.2186917728701799 0.23960256759986023 0.21494703154066344
0.46256699932615525 0.48644733253941486 0.5283535513587171 0.5064455751637515 0.5602628531826763 0.5324647695561978 0.5210416128606306 0.5072329988758753 0.48213500044545193 0.4599178732297317 0.4675430746539239 0.496378947940598 0.47328978665493543 0.43533837762331695 0.43444254887886474 0.41426974741745287 0.3638969646441602 0.3751391366996741 0.31948834415001 0.2974354055722388 0.29593597235725033 0.26863528999527986 0.2258474297975559 0.18860006471175625 0.18498533629178154 0.2040255415465201 0.15220780858468622 0.12854938568127863 0.1515452554032012 0.11598793428200177 0.10252143269414338 0.13280639779401793 0.13458156648847897 0.09689042641048662 0.11601806502548913 0.14753666233662263 0.20522009192578997 0.22254508799800235 0.2701578338497854 0.24999360801790513 0.22043223145043497 0.2518824731248857 0.23724943534591542
0.4465441634111505 0.47262702976717463 0.4960694775355385 0.5050408315319398 0.5399693345480866 0.5412117215256337 0.5396219382794774 0.5619996610473286 0.518571826709037 0.4522577344219967 0.4816303763029045 0.4450706024350172 0.4664607817000077 0.4662420390290599 0.4661100983634295 0.43122548003066724 0.34632241141626263 0.3338899695464218 0.29163413522373466 0.26784293818203303 0.2881591352985413 0.2559874741833964 0.19879991881180137 0.1845895644942918 0.15992871481992585 0.15683610573632703 0.15034157647594704 0.15094167916349358 0.1308963679726405 0.11045078799058373 0.1111911931081108 0.10559375230762098 0.13928767872129072 0.11163648254177237 0.17369721575785516 0.21931173029144546 0.23534048986946338 0.20694355741935314 0.2611248725637126 0.26355809100090843 0.20108324125040766 0.19157006136758653 0.21995106397822234
0.48722330560380145 0.4723754534247225 0.4772695015053478 0.5054625868622071 0.5175143515305576 0.5220339748004621 0.5283156264204109 0.51324570670969 0.5141807625665311 0.47869834735700606 0.4670524434941274 0.4852534346860733 0.46692104858594713 0.4589612288831739 0.42067424274083315 0.3982632116197871 0.3418501807613485 0.3155075469483116 0.3021585920706271 0.2632627339579125 0.2650324609629091 0.2009446209825211 0.1886166519171805 0.21284991730541564 0.1581114889362493 0.14137876271510758 0.13879746106104693 0.11439153840900496 0.10355233299691002 0.07361969273839603 0.06814747627035402 0.0740512622488681 0.14470298963124473 0.1844589240115247 0.19691159713258807 0.19792284850062708 0.2559136059159636 0.23046318749096548 0.20228677875253478 0.20805257174230976 0.2325268653399506 0.21770019963576379 0.17439772554277042
0.5057551232840964 0.47558023077464023 0.476382292306646 0.4956258740805482 0.49492734796454596 0.4662792466407487 0.500853786438408 0.5088331417197433 0.5133201053259565 0.5100647238178405 0.4844734501386795 0.46151936804612964 0.4647706866945141 0.4163430359135866 0.38743380541046624 0.3401925223637932 0.3167609428287131 0.35586929485020086 0.26075814231780187 0.2197072272250613 0.23171203454015157 0.19654610022284377 0.1730862360192346 0.20496279473806983 0.16521687452145004 0.11031041355696086 0.1197645374183161 0.09122710592544983 0.0781605302638413 0.07923657495925042 0.07203691532025976 0.0819178083502527 0.1408193205368256 0.18991849380578996 0.20543048182315296 0.24056174583660137 0.25226250754847174 0.23897871086760014 0.2090051901758567 0.20136680912133806 0.22585315767668698 0.16485461683709074 0.21800030982913413
