Raster_benchmarking/DGGS/continuous/raster-440.asc
NCOLS 100
NROWS 100
XLLCORNER 1743166.5040596449
YLLCORNER 5469293.360246755
CELLSIZE 10
NODATA_VALUE -9999
[rows 38 to 56 of 100, columns 43 to 85 of 100]
0.6271217570195423 0.6384312268377269 0.6229451582753333 0.657977794822796 0.6468548973141063 0.6596973320267902 0.6398327912988983 0.6750267830582609 0.6531305619265261 0.6275999359005862 0.6159259009682736 0.6456747264308612 0.666323578786055 0.6536371798541998 0.6763654204122745 0.6584688868090061 0.6837243321053356 0.6982081667545629 0.7058005526675315 0.7268764996081102 0.7152212247322032 0.755734754011149 0.7292416765488405 0.7417258660249046 0.7699231440222478 0.7500232627592215 0.724091508868219 0.7266316867337235 0.7100265951957312 0.7247001548244869 0.6887605945094266 0.6861561516599164 0.715376683454024 0.7881074914327489 0.7817510220775978 0.8088875012214441 0.8238811722545544 0.7920908545724853 0.8012267388550004 0.8110714439440335 0.8036083879569066 0.8161368028442856 0.8017029914042162
0.6181653640968531 0.623917002340717 0.6520456706674334 0.6757392746040376 0.6784422482473362 0.6530608646329964 0.6323298027956665 0.6573348579647316 0.6512539906344086 0.6554969015582849 0.650103463825967 0.6157398528868983 0.6287097642160444 0.6461282342614383 0.6797346005504817 0.6904041150080773 0.7581320526188992 0.7372149786635444 0.7039290289834342 0.7673059534274902 0.7824133355568378 0.7661276258572958 0.7797691359195963 0.7719239090240759 0.8352004481572372 0.8061802062450968 0.732594129404869 0.7398027509106612 0.7605265602053134 0.7203712057589424 0.6895313543174948 0.6943559233963564 0.7226975760971478 0.7809041460015692 0.8064996946939587 0.8570558775583428 0.8611099812185391 0.8338122727341811 0.7909051124593384 0.8008297616574995 0.8564259355840849 0.8153246229920347 0.7789584181129878
0.629035610250313 0.6407172019851854 0.5988626791442344 0.619260366468992 0.6479940309388624 0.6581300774861195 0.6164724347382401 0.5974626666681315 0.6386687055479182 0.6354723153778195 0.6399691562786439 0.6370011280026858 0.6440584945746998 0.644108534784336 0.670142764358173 0.7351921875873316 0.7575999386747484 0.8013936335871654 0.7977439156686797 0.785397473201792 0.7719173189692489 0.8187157513839297 0.8185683721517817 0.811162140277229 0.8032588785022154 0.8122338776606031 0.7733888700750999 0.7517004207129435 0.7899033132842874 0.7431460389499673 0.7392795457328992 0.7350694490291635 0.7872789596321994 0.7730421200988643 0.843265224450512 0.8511928947077734 0.8303823396315677 0.841428838527671 0.7755660430096615 0.8047002548132954 0.8096989504229112 0.781223165164459 0.7413071166346191
0.5711728474441563 0.6097205762291917 0.5997537806434958 0.6376706644018653 0.65581191581798 0.6637649867054634 0.6198560749685137 0.6001455203210957 0.5904154462937885 0.6239444645290847 0.6694439678741126 0.6482054039553512 0.634855539492797 0.6565557311361246 0.7439592698353742 0.7589365375340457 0.8097284261337905 0.8271724706499068 0.8216857429566399 0.7981363628791287 0.7998387506129155 0.8112053242758976 0.8132788616197538 0.7835011581391103 0.7918937372203099 0.7835514933888903 0.7719007424692139 0.778025650893046 0.8033269892656146 0.7776007282025061 0.7369835179744488 0.7349471338927874 0.8160984363615904 0.7808086245631602 0.819407853006133 0.85804749726411 0.8508191129800952 0.8243964146870599 0.7697979088110815 0.7827965925575047 0.7529565864478868 0.7825257807941777 0.7449927775801546
0.6020677637309946 0.6126647180311523 0.6444212006757225 0.6056057639017489 0.6243512917723346 0.6075309068771789 0.6437727176961876 0.6268811436227032 0.6300768652849243 0.6320834485405981 0.6436384725105503 0.6385001229389712 0.6186983609370352 0.6775675459709962 0.7321144670263574 0.7847048681214808 0.8055936964761076 0.8094249871328322 0.8175306338833439 0.8404768992715191 0.8324641315635752 0.8183696110893958 0.8492511456046047 0.812502557560643 0.8151794387949377 0.7741506554262397 0.8197564438229248 0.812705731230806 0.8247261409060018 0.7599990195304654 0.7883292162336986 0.770059757976836 0.8075169872871103 0.7947087701686127 0.8124322629201832 0.795874049226353 0.816322292394194 0.7897880332090446 0.7982501360820481 0.7945577688284577 0.7945508475217221 0.7816662552368497 0.7590866407322193
0.5829850905497277 0.608846794657313 0.6341650190270529 0.5857278673980458 0.5835007824392326 0.5905083847711876 0.6022687856038101 0.5987915326655735 0.6192577097594896 0.6467830489047789 0.6635929546745923 0.6618313512831909 0.64925187400144 0.7348058854439085 0.7644033372493114 0.8077452376406741 0.7633524341868925 0.7885764726196168 0.8333002561598952 0.853545981797752 0.870834548592499 0.8392195723249838 0.8584452578981043 0.8466271982620862 0.8369029785826059 0.8243998727806556 0.8214545270544568 0.812408712334113 0.8250940198223283 0.7706120984923122 0.7869232735164873 0.7828321447977885 0.8061753419492137 0.7905821313570185 0.7869273684525346 0.7923213522001825 0.8027313586784036 0.7924522837742769 0.8097045787273348 0.750797433980159 0.7461174613999143 0.760129408867032 0.7898816729302885
0.6302483861889144 0.6323331702475276 0.6152285642031344 0.6098441396604523 0.615024721441555 0.6005524810449573 0.6194099124200294 0.6424925705750921 0.6625867617120803 0.6719367830503846 0.6581101799018941 0.6892113240215338 0.670553370958337 0.7422229758114494 0.7840551228019872 0.8033422823678287 0.772220381356562 0.8090054298725093 0.848591713974866 0.8308061459252366 0.8516283583306762 0.8576083957735551 0.8874627406662914 0.8744457876169938 0.8709545526513223 0.8490935512091183 0.807433806437577 0.8466540597593634 0.8731997604953496 0.8306190443671645 0.8502215598278651 0.850029098307012 0.8017862755716895 0.8067041153634728 0.7923485033232849 0.7969040771349685 0.7825122903839474 0.7958631294821754 0.7821578214753999 0.7767288295888769 0.7874601220387846 0.7762116621173801 0.7390355434216199
0.645067709705057 0.6228073262661021 0.6519568772693408 0.6071364001451239 0.643595119431623 0.6265823082718067 0.624490703218784 0.6426696760645976 0.6582688421441452 0.6687945686056153 0.6993807252590937 0.7152297761863164 0.6953038188781088 0.749304803919648 0.7967519760244394 0.8381109666178298 0.8354019573009647 0.8069452198402226 0.8038164490194686 0.8022847297028415 0.8519055998040928 0.8869050558014255 0.9085399758441975 0.8918077793735676 0.8730072210217753 0.8538110968483457 0.7886748811374172 0.8129266408718244 0.8797670396085484 0.883202070388117 0.8842310006599748 0.8471581138268487 0.8072587744044759 0.7918083887330499 0.8192300558195099 0.8341005405676373 0.8366711958046221 0.8348648975013595 0.787016358969887 0.7334728120238567 0.7585065994863389 0.7299664590501136 0.7487611228612243
0.6146184298632279 0.6255686952171189 0.611089266594551 0.6231225524129451 0.6205203172052706 0.6592004623035576 0.6635248544929221 0.6161644668425189 0.6382846729928183 0.6409920675054949 0.7128035976948327 0.7269230136119463 0.720184566297522 0.7685322128005541 0.8160831863228093 0.8427457448071932 0.8136126021368648 0.8304163924323593 0.857183827651565 0.8463536973543588 0.8786441142671196 0.9010189304652545 0.8902357462963272 0.8444583437449864 0.8694969677606974 0.8620331367359606 0.8502876511187865 0.8268526921555636 0.8656755756916196 0.867325815961221 0.8700624724384979 0.877422158502655 0.8579760867625246 0.8310829899428162 0.8493162294075912 0.8336996865435893 0.829886768416797 0.8086411164016659 0.7913395622985486 0.725009165399588 0.7298124101916985 0.7552399296491252 0.7383783990938685
0.6395502204623187 0.6109675595213119 0.5768754278139825 0.6217030726166247 0.6208703784922863 0.6168561979619329 0.6460136086436852 0.6610481513890251 0.6354268342747095 0.6271871912728624 0.6669995911257173 0.717122409100357 0.7967715438483135 0.7851632072674175 0.820086834306797 0.8522605419364777 0.8567384723083222 0.8210611481070835 0.8742666318361222 0.8650356830783478 0.9199815731742735 0.8641932485577166 0.8442315562360491 0.8270124460672946 0.814430636060513 0.8450629531683256 0.8812408089138118 0.8476471086789915 0.8805745204833448 0.8764810015871808 0.8672752865856275 0.8840818989864665 0.8381419444442597 0.8395053223956614 0.864029770885158 0.8542938357777587 0.8291855596476209 0.8238307127305483 0.7345687420977273 0.7119979136937346 0.7315419700377676 0.7186149378830218 0.6866817543229776
0.6084720247956702 0.6099000023615939 0.5669686031320279 0.5998042751965154 0.5888254417856182 0.6028084868338951 0.6246512723431455 0.6384015835285852 0.6382791809932231 0.6493453364454312 0.680828508136843 0.6759984120490319 0.7273216747485426 0.7752738690309738 0.7819986981974388 0.8020472848477374 0.8318674697826215 0.8241450970485538 0.8772349094152239 0.8882606032629262 0.8652955801390587 0.846882825834937 0.8378934503729353 0.78417869555629 0.8092204401140457 0.8544846812630287 0.8376029450995993 0.8539266040454897 0.8266788325708633 0.8335074101338925 0.8519645334587294 0.8677785291414868 0.8245063327034753 0.8178932682637853 0.8740403593742387 0.8574914975478668 0.8321582406120778 0.808117611914457 0.7459656643996204 0.7434045582491362 0.7334096228577435 0.7207181438306852 0.6939745296206508
0.5946399733895745 0.5814986805884523 0.5803764003937422 0.5655145863075571 0.6035939004174107 0.6043787864415563 0.5944550777192383 0.6418164646402092 0.6339494250436345 0.6124801555277362 0.6327975935052716 0.6904703145198603 0.7096807911777067 0.7609344803158117 0.8324125328827233 0.7954287321147545 0.8192502200805268 0.8457907316310808 0.8491377964656067 0.847400018520367 0.9000677120750425 0.8813094262151934 0.8054933529001226 0.7726065193579322 0.7861495934757657 0.7874425444295073 0.8304007706599555 0.8639456462837548 0.825086099351596 0.8245822617177798 0.8861255282600929 0.8568654334556459 0.8241793103778375 0.8274515660701617 0.8494437575715614 0.8638345175937806 0.8316134672138503 0.782228334467775 0.7686181675511379 0.7201116998274509 0.692505932998175 0.6992089851002101 0.6848123299168786
0.5519352158634693 0.5940914248461762 0.6135329697107876 0.5958989358346836 0.563311140347043 0.5609651278295359 0.5593954104073006 0.5888040022463633 0.5616676708857054 0.5839653898900123 0.6098008653899926 0.6840783868515107 0.7310831714399068 0.752292544932476 0.7749586304182272 0.8310404603732241 0.8051698093246495 0.8174203818852751 0.8274845766823323 0.8230541814550859 0.8708315659173614 0.8504329327085234 0.7766873401845606 0.787799837863989 0.8077032349307516 0.7938372402967824 0.8219199269360782 0.8556907756820314 0.8221290476134341 0.8603983985383374 0.8862211496655985 0.8329752912425891 0.8676253033002627 0.8613329044584254 0.8745150525617423 0.8484682523848123 0.8520354206131477 0.8433379429925717 0.764308651302781 0.745651774294516 0.7414695157229613 0.6837828907078602 0.6880433658116677
0.604216839327443 0.5973433840882701 0.5955841558399 0.5744877114361229 0.5482429075946117 0.5454175777006709 0.5053717074739303 0.5540826411118304 0.5448388414285735 0.5709402075687287 0.6257157751870434 0.6859854879753062 0.759542435808967 0.7433366808560574 0.7279991147790681 0.766012267661373 0.8258888817250639 0.8388691391507782 0.8448388653865063 0.8210430454891662 0.8205387172144138 0.785881711033165 0.7528414891570306 0.7653972266442368 0.8345541702556316 0.7834148102281839 0.8165557620581285 0.8385419166494664 0.8664413411594891 0.8411179227819379 0.874883075471671 0.8907127079853696 0.8595494358455138 0.8650856296719265 0.8853095615896337 0.8399211248509607 0.8585614618468503 0.8266888247992348 0.8085340556767205 0.7775066819568391 0.7331102539986832 0.6635077103145351 0.6441028343883953
0.622417695590583 0.5884747914937987 0.5612477017488248 0.5694312649317648 0.5447989437510347 0.5205647967499889 0.5437515029848321 0.5072044489784909 0.5331958831222429 0.6214264754021669 0.6260099899967949 0.6780070166569833 0.6941725746598238 0.6949752191156559 0.708663318823666 0.7372844006638715 0.7590413060744121 0.8109920861710269 0.795330935313468 0.7481296523468619 0.7210475212461656 0.7272956294346679 0.7756231778678294 0.7719697636765508 0.8080272840413656 0.803040341535924 0.8034625801054066 0.8352880700929075 0.8187501080498939 0.8192350105994991 0.8374906531428029 0.871306339868482 0.8650848259853463 0.8354226320017138 0.8599453651515657 0.8209920265457064 0.802430550656872 0.7985175482409782 0.738099689052061 0.7114236798515028 0.707750220706352 0.6415451353014872 0.5960663267697947
0.5902528866351443 0.5926432047353927 0.5367985390943941 0.5090707902497531 0.5086283058781267 0.540580209793877 0.5166666929495543 0.5082710782857144 0.5672031928191195 0.5912204533120069 0.633513419606589 0.652076958746999 0.6927569872118852 0.7140560354766581 0.7018550188287309 0.6992297723121443 0.7625802840163796 0.7262440727898122 0.7186944662123733 0.7016269825212798 0.7131666168592188 0.7047849255717639 0.725287974467729 0.7591237612002089 0.7710723368596635 0.7605543023171624 0.7826284528552729 0.8157033018736652 0.7812785199205342 0.7871525931193417 0.8206021796681741 0.8098982342555329 0.8383706593225492 0.8314092966630025 0.8184420816331894 0.7714525765185211 0.7746395201956882 0.7348910468599728 0.7197922458094023 0.6662822720886731 0.6577647402843046 0.6299220325798458 0.608943908977899
0.5912264857874405 0.5598457233195833 0.5394106855674581 0.5308581544597856 0.5362902010103286 0.5593033642469656 0.5089676768910588 0.494620897834733 0.523262783431685 0.5134281948452494 0.5243479225215438 0.571078669984288 0.5893970893183741 0.6456583690311015 0.6706003451645142 0.6771623900729729 0.6995637286526363 0.7317212763166838 0.7118223213787757 0.7006935936453341 0.7468809882829764 0.7205416921411251 0.7205814199323103 0.7296993146642009 0.750313783315236 0.7439428736641315 0.7865740222979406 0.7920434221463237 0.7594911226057957 0.7765317488286578 0.8151093350305446 0.7689394945541735 0.796200349791792 0.7537057601536166 0.730259297981705 0.7295895668900106 0.7312732523046629 0.6995181809729636 0.7010328545431525 0.6898970514247436 0.6382343857056904 0.623639697781576 0.61186218373047
0.6259075981692823 0.5795060707540026 0.5254774847576392 0.5443714814987547 0.5401675955095631 0.5242361237058557 0.5500147729292941 0.511634573187474 0.4579952758957413 0.4617969190791141 0.49283563378124173 0.5242648052930616 0.5708514973287089 0.597691020095324 0.5830596156486588 0.5944637021693664 0.6122861896397415 0.6854927226702888 0.7216057101120369 0.6955765326476465 0.7307894113417148 0.7182248078635572 0.6962796370943972 0.6665566505140276 0.6582599307000141 0.6981750910438217 0.7595140033586539 0.7303285064769478 0.7493415863941588 0.7431133478032251 0.8013317667010164 0.7907459556925285 0.7114625943659364 0.7448804620753556 0.686660588176771 0.7034651927433855 0.6796672788307544 0.6746950853075944 0.7099842417267438 0.6527198185503301 0.6075455886717684 0.5956444484462291 0.6171209608510341
0.5982691073947916 0.5921615747754554 0.534249020677736 0.5271768190807399 0.5377475371377245 0.52262741637019 0.5376473262210185 0.505445601525584 0.47939623463865194 0.4511485732516165 0.4808681679972525 0.49718882305517537 0.5407081027296357 0.6115949954921371 0.6046146704355616 0.5755049216304922 0.5779058540864546 0.618701174486203 0.6308400225051424 0.6557788180983216 0.6758464280719457 0.6754660044395561 0.6928546935241985 0.6957850933853411 0.672067602935172 0.6989095977332382 0.7532623919848128 0.7222396748451069 0.6966327659725987 0.7431701745698377 0.7580356118400595 0.7599932377904599 0.7469310809039044 0.7081432214040384 0.7164243040760161 0.6987840639801887 0.6844669444790894 0.6624866175565416 0.6578790786562789 0.641884011461102 0.6619482866243589 0.6522074362873636 0.6264967844154369
