Raster_benchmarking/continuous/raster-126.asc
NCOLS 100
NROWS 100
XLLCORNER 1743156.948152971
YLLCORNER 5469293.491719174
CELLSIZE 10
NODATA_VALUE -9999
[rows 0 to 18 of 100, columns 43 to 85 of 100]
0.4210599670531088 0.366648393970182 0.4043297459595386 0.34563920010639343 0.4196571832978345 0.4311012544140526 0.43142460103208025 0.3899178333632842 0.3630429904977605 0.345391263618249 0.40543701343443067 0.39648925793095374 0.3774683582922141 0.37428963174337637 0.4283733179189212 0.5082227626440957 0.5128344923537455 0.4673248069573375 0.4333069046620742 0.4900715550500157 0.49427434995175656 0.46047738834678814 0.35779791672552635 0.28319461527249634 0.29913040357917264 0.37844989866830303 0.3696806864406431 0.3572224006589678 0.34875813078676415 0.3395603354714269 0.38928847974941927 0.399896325076054 0.41013730587563946 0.500723430221598 0.6171507564805474 0.6696314232025669 0.7271833717519066 0.7258791548437432 0.7568462678086313 0.7463900681575499 0.7844155545931116 0.7815496988774782 0.7634704736663445
0.3728367068981607 0.3578336493505363 0.39276714400996776 0.37873634575600945 0.38675262723343157 0.3970866959256067 0.41075908935719824 0.3349895029299672 0.3296214335611314 0.35429167647157084 0.3693186931102853 0.38332632100426767 0.44768318992614325 0.43479938835637216 0.529447464800273 0.5425937986547223 0.5388982446156413 0.47052220677048157 0.472959927940637 0.4714042248023406 0.48850396560983966 0.5119561798000373 0.4250864606414793 0.3628373732119183 0.3504381027617021 0.36738249418542984 0.3407194704784933 0.3214236931324901 0.3139413005481566 0.31712834935586426 0.35442147773296795 0.3751171948155896 0.4431506487155223 0.5359489767120016 0.6374031757721652 0.6459403841196146 0.716954952198702 0.7280495284338162 0.7575994127879563 0.7898552748680754 0.7502721600780893 0.7859272767232409 0.7716606951665073
0.35785374502047634 0.35798241549208476 0.361392956124585 0.408079177489335 0.3499015390148408 0.3611187179352825 0.3148603186082847 0.3278372719642244 0.3521912001251955 0.3505232289573389 0.37899539597045206 0.39250448949088634 0.4359956064250542 0.5256900018253075 0.557602850379246 0.5587215955775063 0.5817942987032931 0.5428351802985654 0.5299152707466454 0.49151077438018503 0.4911215225070113 0.5062008759073914 0.397851498755942 0.34222300704363184 0.39101260714622665 0.3435215476243349 0.35019725176516103 0.32753327821863315 0.36644004858509577 0.392979335155391 0.3610545512344677 0.41759065056679723 0.47211592016658754 0.5727618518984383 0.6442962674808869 0.6521561219677592 0.6847544490562804 0.7181765966727257 0.744789878147147 0.7880960862165489 0.8164953536570538 0.8078402868830985 0.7648893584784728
0.2956046914901896 0.36079453858440236 0.3528592625432107 0.3593357912537493 0.38145133312699975 0.33886973494686784 0.2994674107063547 0.25969667243467126 0.2949690927645857 0.2696779671583031 0.3117528536303425 0.39866761851200105 0.4198996974127147 0.5179044058812914 0.5446128261755385 0.5858681248976467 0.5423442853034369 0.5700332346173512 0.5613303661227721 0.5040490192878208 0.49428858310299095 0.49715275460136904 0.44459796669730545 0.39188350192651666 0.418117241165219 0.40946765608601526 0.4310369833607953 0.4357712259688619 0.4655649225611887 0.4152711835246078 0.445636875966381 0.4833692037665941 0.4979404067809999 0.5428113972082138 0.6047638205030047 0.6251350752055024 0.696702885279795 0.7837980374983189 0.7615826451097248 0.8042530348578002 0.8094959223169339 0.8021103173315667 0.7991832545727146
0.29249128284612635 0.3502862248772363 0.39240918325638585 0.39001183883787416 0.32656043430536663 0.32856753609894923 0.31544519743434485 0.22856430274171569 0.23806057227785488 0.27723796592469657 0.2741000501853908 0.3448317062769915 0.4089787328326448 0.5506728677444996 0.5784678693414035 0.5988627886505499 0.576581857215784 0.611424520055795 0.5221123772787969 0.5394219229837736 0.5569151186977792 0.5814532379285022 0.485756940813159 0.4535911371411364 0.476432662534199 0.4120235229928763 0.47293183401133837 0.47530750487734846 0.5159316061357246 0.5061527213198357 0.5285225950327282 0.5025539261977174 0.5415433770660835 0.6213116092791476 0.6398628300805653 0.6927245350716458 0.7240277637197973 0.8026245416987573 0.8241993100366037 0.8726522986201196 0.8073423302783846 0.7955683468775461 0.8281810857569637
0.2767157738789292 0.31212198152458503 0.3377736653691984 0.3256782452891614 0.32981448582033696 0.3285715429001255 0.28179360196879866 0.2378938582422834 0.2944364106924345 0.2868000986424176 0.32162012936399365 0.3962094515650996 0.4379466196351105 0.49205646013603843 0.545194965416397 0.5661262166438101 0.6446421789522485 0.5606694421634444 0.5387405832938669 0.5119956312195445 0.5511092721380457 0.5944511836263368 0.5161730342307304 0.5255129681882967 0.4527732068247987 0.4729939182356873 0.5137875380370539 0.49453611996732705 0.48126581765882104 0.5395835752053165 0.5476879538459908 0.5828806538012229 0.6169723975129371 0.6914023734067555 0.7385148075556583 0.7684508137149922 0.7799218597412363 0.7916055529970681 0.8416401090026705 0.8583382689590626 0.8127805326477403 0.8637975977113098 0.8513594390114749
0.2581024868164779 0.3407823992663893 0.3809307947272765 0.3835411024855643 0.31588398784280514 0.3094452442314551 0.28068405988273737 0.21369488285147215 0.2696538966715795 0.32780954224599923 0.37203398124312864 0.3650762907583469 0.42470982541566826 0.510533915205903 0.5178804122851778 0.6083514537366241 0.6318924239254181 0.6160555154562565 0.6070588929482493 0.5391256098549506 0.5946268741124111 0.5946813061105753 0.5596277968488887 0.5183570841888689 0.5549384505848165 0.49971120155742416 0.5128291588170001 0.5046375996503776 0.5071605711455823 0.5791376429042138 0.627672617996513 0.7343449989438151 0.7633461069978957 0.7652015377233727 0.7778812738119536 0.806141284558366 0.8329659553442132 0.7925511659155495 0.876659109844868 0.8479235272473199 0.8874081604423844 0.9025190779485684 0.8921949941543162
0.25457830260301073 0.32758833203734095 0.3325637829481835 0.3151177825533195 0.282800293551259 0.31739755879394 0.2965073072856747 0.25819466277402614 0.2616606983107128 0.3326098182065638 0.32292205774831134 0.3429570118622974 0.4106464266673212 0.46980337651880977 0.5366882774760026 0.5844972983912151 0.6568048499655612 0.6565660431499442 0.6206705021806126 0.5460278047321189 0.5803508908651288 0.5970922763454554 0.6171986244216406 0.6018448631134058 0.5877638916786844 0.5606134780788036 0.561418188374158 0.5142060454179213 0.5646434406872225 0.6561176025356913 0.7756716212703769 0.8535924018355288 0.8366080642868716 0.7807210474917591 0.8051340561807997 0.7917895247365972 0.8147922188585086 0.8191821486455597 0.8580948510872888 0.879836842834616 0.9248988475755872 0.9472572016831109 0.9188154976318921
0.22008755266436267 0.33693888144527145 0.33561040811542425 0.3368239879493923 0.29286233508676035 0.2422208234815175 0.2440249096995376 0.25954682335965196 0.2955412698721194 0.295339594418289 0.3584246623981828 0.387847283945813 0.45939861604438276 0.44292901143769503 0.534790820406269 0.6461704253194227 0.6387771748319251 0.5965597188987469 0.6053954472742495 0.5958184178770927 0.6239689606036742 0.5784938792099293 0.6237512982352 0.628458215267719 0.6294005018698342 0.6233113692897814 0.6214602800160292 0.5833350705045903 0.6569647078672148 0.7501712132277019 0.846168759071397 0.917982936327472 0.8635216525806475 0.7897125224767088 0.8087567756544015 0.8581056172976154 0.822531248775288 0.8454122279694457 0.94319094236099 0.93953678559052 0.951687967424827 0.9659668722444221 0.9303765483614738
0.2793641717865893 0.3512021261357689 0.32203504860116094 0.2876988308286214 0.2698598758468225 0.2891526604502632 0.25938484412231644 0.30746410631821236 0.31475058526379096 0.3626743706139158 0.40910251922530916 0.42270158524779944 0.43291798521883196 0.5140210417883053 0.5242973490476943 0.5823781189943312 0.5956706232775811 0.6040890317127552 0.6244126369466965 0.6367471875884816 0.6367062026383086 0.5869004813687634 0.6399346527617649 0.6075347575318639 0.6380453213685701 0.6364220521160656 0.6173557651091797 0.668145847904931 0.6622361046346367 0.6854480506317113 0.7986125128158108 0.8107013707893366 0.8279450598124002 0.8365027073336053 0.826805792414509 0.8446286732219539 0.9346083590284033 0.9520515987903098 0.9673530763172986 0.9835709626946915 0.9670193217637525 0.9587016884781372 0.8783909167809095
0.35154690371134384 0.3547975039753204 0.3547512630698476 0.33694287502524845 0.32773630131999554 0.2568885247219633 0.29747127381169064 0.3792388958269582 0.3843067088814675 0.38057095172058136 0.41276336105902856 0.46291278290752896 0.4369687077972287 0.5029255856192586 0.5375835252699833 0.5809043084592844 0.6136424665407941 0.6604676979231958 0.6915713996896647 0.6019649620163957 0.6151411637259955 0.6433352295555216 0.6857131905237271 0.6683884876142772 0.7102501570495993 0.7144582927627094 0.6787180738301289 0.6789060810158221 0.6881024222480274 0.6947112094169338 0.7422176856801814 0.8509984980618852 0.8739515121841931 0.8608891084375313 0.9036837046601504 0.9238306724811574 0.8999859306598637 0.969010170617383 1.0 0.9528219490805393 0.9441010719539318 0.9647101612531446 0.901475501615245
0.33897273374151654 0.33723738593119196 0.3576589318804168 0.31949458113506 0.29799970936817377 0.2825343733444056 0.3575544442895438 0.37507531032281205 0.35699252127886766 0.3991483263113676 0.4827285851132353 0.5122804396845637 0.5141537035769714 0.5722176112470561 0.5644287750297974 0.5992055057703114 0.6575262736707127 0.7178237241562158 0.7115550399130129 0.6975618823020121 0.703992257202743 0.6563477480678095 0.7242762577130116 0.6670830447383731 0.6573440575911389 0.7100501463131811 0.7355937870069905 0.7178213935271666 0.7051997605112158 0.6776246723713584 0.7427070411389467 0.8062314879661647 0.8368773637094022 0.8372584988277934 0.893615459752221 0.9068461195969681 0.9155452957010517 0.9928762442195233 0.9787688822641503 0.9863457973704098 0.9846463794211415 0.9700087050557243 0.9135118373969044
0.3861219071064553 0.3410783150069487 0.3678716090877861 0.32656868464392297 0.333756656073023 0.37270357048570835 0.3284305333387702 0.3456029851249764 0.4021491150214018 0.36525734406725896 0.4340810162702985 0.5726555517837884 0.5584898440070064 0.5870164712546206 0.5584500784662314 0.6317511800616676 0.64996403012709 0.7270250182422774 0.7177729974604864 0.7327240593979237 0.7343828765635262 0.7213883394521856 0.7020919878406601 0.7217964937612279 0.6738561408306332 0.6909953443973785 0.7441015921985007 0.7640617680462053 0.7055862446789184 0.728981429320596 0.7636282013422954 0.7904561398428122 0.8630447690159168 0.9217492131657786 0.9430960896252237 0.9332575589332951 0.9586107226732778 0.9723761741046902 0.9523115747057659 0.9498710572295015 0.9620168966198419 0.933553236564386 0.8952770688086655
0.38356189218375625 0.4118938812458055 0.38094995293768874 0.34725090223620564 0.3565552313494552 0.38270896297907364 0.349187596666793 0.36294455558585076 0.38512754259384535 0.429891997444212 0.45450927128199503 0.49127309032319866 0.5625908001918459 0.5130302038833088 0.5639811094160437 0.6124748766397381 0.6574590301464777 0.6703217915813724 0.7161679698929269 0.7162202863559747 0.7359584247118143 0.7276718044996684 0.7192970076694403 0.7581791889908278 0.7941372479220172 0.7977659406095177 0.824653081766123 0.7610469733782403 0.7596318055676288 0.7463470468202269 0.8021063994157005 0.7778724829559763 0.865272728125021 0.9279332120057439 0.9513175330883864 0.9285758420658818 0.9968057185256042 0.9346182731314435 0.8973485493612338 0.9422713589044214 0.9221813017126343 0.855733177752744 0.8653802685565166
0.43444657475186343 0.42446390129764505 0.43763635340576373 0.34910935637544815 0.38401594784670245 0.4223674100858896 0.4003784289752708 0.39687312793762186 0.45978571182401423 0.44522313053910767 0.4618737327677435 0.5232081159861112 0.4964457691291205 0.5031856596140865 0.5650217008226595 0.6229243132171595 0.6210994026355541 0.6540267675521152 0.7306553719417103 0.7401859636232767 0.7472715448526 0.6859988709581212 0.724254199813258 0.7895889578267723 0.7889624951255962 0.8238953809167613 0.8804133766671822 0.8564730694219167 0.860678279247225 0.8404328261563861 0.8467794400420382 0.8223544770505876 0.85376877149773 0.9069834173740887 0.9551825045749527 0.9496295978841517 0.9905082665734102 0.9750765421423795 0.9401654820584696 0.8409543911905063 0.9051447172963578 0.8454948409353344 0.8958918153534025
0.4006421543758387 0.40937772893756713 0.46446246839360744 0.47015722096945395 0.4515383822844004 0.39888441057038626 0.4409546347076637 0.42653287891048275 0.45018396540048694 0.4303639467342843 0.43553052773141054 0.460039701809359 0.5179955302005201 0.5283367226451351 0.512549366577789 0.6256163093870628 0.6346988779168647 0.6772279343217218 0.6924910843486402 0.7234324120692273 0.6817485043431336 0.7382967874533083 0.7517074251075324 0.8059204112001541 0.8525857494403076 0.8801859289139519 0.8674646834910921 0.857889951445841 0.8527785674683833 0.8322247003741132 0.8103579450880398 0.8359671851187128 0.8107891875264063 0.8898869469682099 0.9098095643302192 0.9017309471388704 0.8987107550674356 0.9282557588058491 0.8860881069088901 0.8537390370112956 0.9080695424552956 0.910325483587302 0.8334987271486715
0.4261425890796906 0.46559953870813364 0.43649519070042403 0.4570157623882018 0.403675557880859 0.411691789794451 0.37320735048722903 0.41993413448061756 0.433105455912459 0.37187590612192883 0.3880653786267944 0.46134339864625057 0.46394832606563124 0.4567686117397055 0.5098158057738119 0.5820673640836491 0.5851409837981646 0.6557806896486424 0.6900777787712706 0.6995467746667681 0.6832197062740237 0.7336313899191681 0.7614614822907799 0.8364195265811977 0.8246876756416696 0.852910134177882 0.8749912479260384 0.8513185230804211 0.8935891605518088 0.8901261627691144 0.8292608324134702 0.757714666844111 0.7940870717070735 0.8880740128506467 0.9329629168824559 0.9221481160322528 0.9340619290602344 0.9171327062964668 0.8883948574657938 0.8686082467436338 0.8758193998150794 0.9115841577036672 0.8935676407187808
0.4422726958832165 0.4103692936785895 0.4028355861927252 0.3926061008753937 0.43997726404037485 0.44121187805600304 0.38951846112140315 0.411010403645848 0.43022490116954415 0.39075725902897557 0.44307204203924705 0.43587899996366813 0.46893847551392065 0.4482564803952728 0.5131104477805448 0.5898301013190549 0.6363715199834636 0.6268161541450258 0.6619383806722992 0.6583311805261545 0.6575696836426138 0.7212688815151689 0.7394695258065463 0.8159581982961627 0.8184832463567024 0.8262865378773175 0.8698785437407927 0.8088547523152685 0.8507873002432939 0.8311647399216489 0.8064044899707989 0.8452403787337971 0.8387577769490949 0.8441117833553731 0.9232108886967673 0.9055680894944592 0.9592959044499499 0.9458535720109903 0.9246590597138912 0.8580370089199669 0.8861752180476579 0.9069874928474946 0.841169796526474
0.42878284295076685 0.43666120160974614 0.3880751252022862 0.411439119048643 0.4459722388560852 0.385899498187969 0.37494452631169733 0.44350158934494216 0.4033039052556934 0.4357260399405609 0.4308512273902293 0.46163647671898317 0.4946369496316655 0.4800354852260796 0.5231519144706898 0.5469438225748287 0.5967897295743526 0.6697496322949417 0.618098759158365 0.6205833785536784 0.6319892700884042 0.6965073049610875 0.7112335027247791 0.7668603886996186 0.8422741315162403 0.854397841704739 0.8353300372657959 0.8056444200841146 0.7918432004773993 0.8476854588284484 0.8340573363075111 0.8426712627614252 0.8730156109781977 0.8887636577451906 0.8706824927973413 0.923596526605771 0.9667303275131447 0.9635097169953678 0.8862094162269649 0.8122487105106516 0.8089107102137824 0.8290664881246511 0.8099336483657725
