Raster_benchmarking/continuous/raster-69.asc
NCOLS 100
NROWS 100
XLLCORNER 1743160.2045297194
YLLCORNER 5469278.232022848
CELLSIZE 10
NODATA_VALUE -9999
[rows 19 to 37 of 100, columns 0 to 42 of 100]
0.8870650169070204 0.874933143286031 0.8572100124742671 0.8323580491473712 0.8227878235803209 0.8141356468762942 0.7941252906731364 0.8144756524012559 0.7835550788562132 0.7860197765566708 0.8076409294188667 0.7792161527994605 0.7384319290214453 0.7215373629376797 0.7355319443678747 0.7488563180489342 0.7091241665755854 0.7255520422214226 0.7096459672040172 0.7220891286987878 0.7296224249985434 0.7089558521961321 0.6961457222159667 0.6986505834210047 0.7173071724500728 0.7436835897780593 0.7299855303892867 0.7376293038924391 0.7344076000327839 0.7241735089552541 0.7370545710020471 0.7722010238239227 0.7706810794455976 0.7067297966064962 0.6636630238274674 0.6557102878506892 0.62487855562952 0.615409027506396 0.6188231598118189 0.591765667200307 0.5803204759609614 0.6138826309838181 0.6065730586242585
0.8611717299936495 0.8342573790195773 0.8249232543814105 0.825700355025329 0.8112632222808023 0.8183090326423978 0.7984607474835432 0.7884086609312995 0.7787359252705862 0.8067874924797827 0.7846048814734079 0.7725040475075559 0.7400386485969594 0.7169409686576431 0.7413436574431173 0.750022901504182 0.7334334523482852 0.7173913840516742 0.7261935290939996 0.7304247268958497 0.7420356616037471 0.7388967654226124 0.7110600858665206 0.704449437148265 0.7165713465445597 0.7356346948270507 0.7235412983980197 0.7318368050696922 0.7110933908637311 0.721638339917659 0.7478043296861695 0.7550729475428196 0.7323920692550867 0.7024511017368988 0.6808057247174065 0.6460374384012263 0.6463883391596544 0.6210844580905225 0.5946414983803072 0.575225554982305 0.5919118522429815 0.5939938973128993 0.6263684817181989
0.8355984990628569 0.8349072044185463 0.8302225183011271 0.822934363136729 0.8453785442394482 0.818027425261158 0.8006523611856728 0.792976557739846 0.8134920998788645 0.7815625682477567 0.748500972077311 0.7590732674480244 0.7192671945022193 0.7094994061609698 0.7392956007145571 0.7482431131795473 0.7348827503564979 0.7080872670332898 0.7298748606903779 0.7249961255894282 0.7206750714173803 0.7231785401010908 0.7393825382033871 0.7181560237962374 0.7228263887987446 0.7321014594209309 0.7491716155387007 0.7318006520771716 0.7218792343595608 0.7361349821185711 0.7317855473886087 0.7157191258558205 0.7274081784565862 0.7128389721700474 0.6696655473595551 0.653743303164544 0.614365886030915 0.6198051282143494 0.5887766477358922 0.5601006267466948 0.5693992511659499 0.5883625473908624 0.6301681532185919
0.8064888127548983 0.8532873821139297 0.872112502041713 0.8681451383431806 0.8677264270399251 0.8624410431642263 0.8540634810571066 0.8324629243769561 0.8237863218859645 0.7878045432182115 0.7555560372533523 0.7331127787005428 0.7240825427284516 0.7131621943477973 0.7164719045566534 0.7251106249358784 0.7041948713468639 0.7156373137775945 0.7011304239531313 0.7062797517840608 0.7036435564572503 0.6986313643854459 0.7072771170539248 0.7163080983887838 0.7304818530154377 0.7266246008183007 0.7212664996272801 0.7247026531773781 0.7327090466359635 0.7481533909381497 0.7465802833845162 0.7108164891858432 0.6908787033965372 0.6820075111826017 0.6703190686357922 0.6467294753278441 0.6225851697661259 0.605881130914426 0.5684974340392006 0.554193235890826 0.5807194230470313 0.5863148241578685 0.6206934275413866
0.810329016303947 0.8278362937553909 0.8566668899651225 0.8810784122909674 0.9021984582180835 0.8667770491015296 0.8558132870836359 0.8202470157541542 0.7850496077089155 0.7486499352863532 0.7420523537504131 0.727946386122396 0.6745449555738708 0.7162307944641512 0.7209362779620626 0.7299845821080153 0.7009159266914458 0.6818338320135892 0.6940330451662503 0.6659737544565335 0.677380003397966 0.6689615896656506 0.674377136160851 0.694467549749335 0.7131129110213155 0.731860356764914 0.7583300835671193 0.7564923833226974 0.7485929254167566 0.7136673320261842 0.729694676041877 0.7214799356685805 0.7140697082875546 0.688289042174157 0.6633914610588642 0.6167174491950926 0.6006577786454887 0.5887869942950511 0.5644528156742293 0.5315577381253345 0.5423992972128197 0.5660475068986703 0.5938356421616549
0.8398996052574378 0.8342673791584724 0.8321245697999454 0.8325727396890328 0.8300262536630257 0.84158118244414 0.816329807921737 0.7989842193601974 0.7743720993078774 0.752865750488868 0.726523620401906 0.705954802213783 0.6941688672405367 0.6994294576774303 0.6988885084432805 0.6981827973444763 0.7028401503359918 0.6772502701704836 0.6882133736005583 0.6571678899535702 0.6643187593225284 0.6900865270740735 0.6619038162902997 0.6883641216006349 0.7076281166731351 0.7299879571680312 0.7376616633480257 0.7368551627867793 0.709751401427956 0.6847852516723956 0.6896248828761686 0.6906840450988181 0.6955744424300747 0.6559464647659645 0.6442941546049453 0.5953787946563659 0.5812166143648524 0.5539718480000517 0.5509538178508572 0.5393148175021393 0.543256440110288 0.5503769581486653 0.5639409598420452
0.8205281703098511 0.8102162580248295 0.7924310666519978 0.8018303275849209 0.7884954034403331 0.7833263088647748 0.8030413238821363 0.7561338729944809 0.7130402277363241 0.7066313614829594 0.7128020736100075 0.714504525357953 0.7028124899918358 0.6777010938795219 0.6473406819102889 0.6756850523448297 0.6901070419734876 0.6902614648387159 0.6622738516009904 0.6475928817311911 0.6650141654139319 0.6831523862691528 0.6647907440647658 0.711153093053854 0.7244910545714589 0.7331839026611289 0.7081672714942711 0.6824992223106396 0.6810787889244495 0.6884461535121061 0.64848185987866 0.6607788013596211 0.6561238255112605 0.6162542215118799 0.6049054519679805 0.5724610559909393 0.5633063424428039 0.5775170142376364 0.5667233112563841 0.5650545226809937 0.5526422229323761 0.5524654292980543 0.5654443978853334
0.791361180507284 0.7846557143989324 0.7810835636000393 0.788893705369799 0.7696314176830218 0.759565749621882 0.7383364312901314 0.7070950716340713 0.7099411528960168 0.696654817493103 0.6952978705493905 0.6762024370321971 0.6730864055631437 0.6731228141867273 0.6327612051272564 0.6456808165297698 0.6434571898285206 0.6638390873713408 0.6411200556919235 0.6701979852125592 0.6746799362555235 0.66352082033104 0.6685189860058854 0.7015828795356516 0.6915529795305759 0.6982758038334077 0.6928017092198555 0.6609315338266637 0.6732164362054411 0.6583213620198701 0.6382425908902373 0.6281460475437269 0.5954271848027535 0.5856419756187305 0.5786256465776622 0.5650800777281496 0.5584635773374267 0.5609006724179392 0.5434616665275965 0.5327332339942759 0.5466793718211554 0.5295869945692401 0.5248208925980832
0.7648597684335589 0.7393944360506789 0.7519707454818259 0.7730959028773542 0.7417933482313229 0.7450249462064922 0.7003249905924327 0.6860014545357023 0.6648313594745238 0.6729644496743346 0.6658287273514634 0.6765308643868141 0.6595198190049302 0.6433148904740442 0.628298525960115 0.615290165590479 0.6337842441951905 0.6509663012889931 0.6458556159983557 0.6305169589883468 0.6360971562849823 0.6530564961555537 0.6780462786703181 0.6904600843946084 0.6958824735229924 0.6865309981772423 0.6858639236409251 0.6747749049415658 0.6305924039897651 0.6330970990525353 0.5955754114667835 0.6073840737544692 0.5913418277803285 0.5727203594610986 0.5216901921122395 0.5143848239736791 0.5011752557992964 0.5262540445470891 0.5360240450338918 0.5156756809223503 0.5312387525735767 0.5418058887185135 0.5362310688921444
0.7492269262221781 0.7268960215714528 0.7212044123752592 0.7305381492301531 0.7339279879194898 0.7303403768454048 0.6784615570783518 0.6745066489216891 0.6779623705659021 0.6704164247169405 0.6759374646322353 0.6758423353978205 0.67822171758622 0.6540305609145406 0.618174812932918 0.6190612620802948 0.64307253364005 0.6567040130783345 0.6336131611798522 0.6214447408823613 0.6244949337198125 0.6179101493385705 0.6138237955556146 0.6239735595110427 0.664173219712154 0.6429713248174738 0.6644864421210216 0.6478354786534982 0.6349362868676419 0.6275865624206993 0.6102615297828621 0.582667131515216 0.5741635160125167 0.5507426570264748 0.536648478143001 0.5057382887124489 0.5033370706388612 0.4909950901192671 0.5261607138883254 0.5429894551137342 0.5346438227133383 0.524442371496294 0.5419602798014723
0.7243428576357088 0.7115618007265914 0.6887510867032106 0.7127615646864525 0.7167397339847491 0.7155296367467677 0.684445324807569 0.6708118523823469 0.7009219060907543 0.6621456131796455 0.6655031067097003 0.6715386890099309 0.6558634510476002 0.6483734673020638 0.6495182859922352 0.6137772348881326 0.6346944615986935 0.6263693409207879 0.6316772658944296 0.5835103745297752 0.5761298628512757 0.5710318900574471 0.5858555893771034 0.6153948887954408 0.6152069362479411 0.6167478564824095 0.6361872161503945 0.6236873957826831 0.6218078222430249 0.599026034604384 0.5943794395157982 0.5861401137764791 0.5882799353582531 0.5486841377443736 0.5116380346320655 0.5002259585330217 0.477815971413305 0.5091451413846348 0.5162221960301895 0.5372086378908509 0.5319631706800577 0.5093117161343446 0.5381500669189837
0.7102668584981295 0.6799933615940633 0.6602873804203372 0.6796051979253095 0.6546807414618872 0.6584700994620845 0.6639882270526022 0.6933359851186495 0.7023816035596794 0.6635625104954321 0.6568626486623274 0.6304703898030201 0.61860554064009 0.6270115968048292 0.6272379595018059 0.6124854762070189 0.613523363940891 0.604856045983346 0.6079634919395505 0.5686827890414687 0.5379380705598988 0.5517420803878086 0.5619282673150412 0.5682332850838491 0.5859478814704708 0.5868709431129255 0.5919396514394255 0.5948176900224447 0.6176065073684481 0.6193112257278371 0.5863929963310125 0.5571862212038685 0.5505500142522031 0.5267569850047852 0.49843622034941854 0.48652716391241324 0.45651295106523987 0.4830892943762794 0.46460361950397466 0.4865764581395472 0.4759813222010201 0.5012152251105345 0.5376915098624409
0.6640537874151683 0.6488113508462539 0.6435174337149341 0.6578020573239569 0.6428020770013348 0.6310975819446292 0.6469253770125086 0.6789356924645976 0.6970997965751079 0.6571710056820383 0.6514471126055525 0.6312803865728553 0.6186732677894179 0.6390925652289702 0.6126644674713437 0.63157088363801 0.6066787530779343 0.5769421450425197 0.5484637674247673 0.5437064436407011 0.520464862023116 0.5271819758349756 0.5510697142860127 0.5616250391979016 0.6005852105579536 0.5672118497152218 0.5607900729590876 0.5697811025663673 0.6094924732230916 0.589225250520836 0.5808022379310045 0.5372393145312022 0.5364579986498327 0.5298757299864986 0.4764177427111701 0.45617911469842304 0.4588602326599277 0.4539678592332111 0.43989737595678974 0.44471456330563913 0.4501289913232338 0.5018787612321153 0.5198346585496472
0.6611100436588314 0.6601894541579517 0.6583777674053204 0.6263578394354943 0.6551668782027226 0.6329003230650766 0.6589406108856685 0.6673992553493737 0.6731469493972281 0.6474225459940659 0.6361769482079402 0.618807956209944 0.6239991726317928 0.6171653675392051 0.6137037118292865 0.6147667616392403 0.6157167106881214 0.5757721150484105 0.5533890616331191 0.5438451530150575 0.5146269345047331 0.5128897477497957 0.5371074079591039 0.5451675720934334 0.5512137965669623 0.5306762051332096 0.5424648616942673 0.5608990320106181 0.5714780129957958 0.5834670335386825 0.5786264540122219 0.5503197192999715 0.5409800619556576 0.5175925048312817 0.485700672460962 0.4541940117203555 0.41696187906943194 0.421683259139449 0.42730907872819385 0.4419099474735674 0.47564011639139003 0.4852907859067351 0.4937713970403329
0.6557609985359764 0.6391232569469425 0.6339867877410972 0.6490111560760772 0.6399631001889176 0.616126369512603 0.6339042471482454 0.6391161551849954 0.6454991419357499 0.6538059508911049 0.6357765594515232 0.6153547817774896 0.624176552304951 0.6263561548358655 0.6071809821410611 0.6081915025826176 0.6004687853208731 0.58186591706259 0.5564001985600079 0.5312798977360291 0.5009121509349491 0.522080370084017 0.52745664262761 0.5115684191088755 0.5106553543478722 0.5316274297726408 0.5198888221820688 0.5329919827179086 0.5579795478437732 0.5406945397276512 0.5273961946807767 0.5284029004656172 0.5195258776478581 0.5102025715137806 0.4660980117741672 0.44490156217343735 0.4073900751832355 0.4170401040920369 0.41487208380975077 0.4181645102113694 0.45700047845224734 0.450852216275453 0.46041159605798804
0.6315598398204197 0.614587106088241 0.6275290158667123 0.6264999328475549 0.6508211574440768 0.6369143253296803 0.620984926535171 0.6531624519301978 0.6290748817188878 0.6205063476137028 0.6292705820387539 0.6413640151696818 0.6436037911791516 0.6013291723799977 0.5819621965953321 0.5949428038819913 0.5571849951603299 0.5416851214906673 0.5448212434201347 0.5025505950971808 0.494151268942646 0.48150562343714565 0.5110977265065465 0.4949096114238666 0.5036476345139221 0.49588417550860425 0.503841520228264 0.4906669336115335 0.505819741789572 0.49066082154480145 0.4973325222119622 0.47688454582178524 0.45878213267189866 0.4566852236651635 0.447049184716794 0.4330761159595649 0.41527652948348504 0.3946246652258567 0.3993876956119929 0.4223478177043501 0.4378839056007985 0.4438271542189223 0.4490307714744216
0.6268891630448806 0.591964230740871 0.5957943838482712 0.6056306445492184 0.6253608617065618 0.6451931929968551 0.6300961903246888 0.6590024210049025 0.6486551280754345 0.6184956112089897 0.6237462513096994 0.6302282169234004 0.6433555775829336 0.5908013867338432 0.5847481039518362 0.5627323995736905 0.5390491796988865 0.5372073457281741 0.5026844297726782 0.4905135351688468 0.48143443782127276 0.5004587411229874 0.4772001539218012 0.49614893728632303 0.5086276642196025 0.5078569070822765 0.47846224362295037 0.4846624676716382 0.48747463271420616 0.47560075803070534 0.46994565262293264 0.45535182273497504 0.4536900272718216 0.45559703942420815 0.46185974213477826 0.42082150717743905 0.3955332081464271 0.36839586028801385 0.3651633264318273 0.37163356450316665 0.3883678713077661 0.4111877423409993 0.4569494242392941
0.6304656255554794 0.6028049098190323 0.5848253470509862 0.5950248703227914 0.6228274150296872 0.6198514009386654 0.6122341828724721 0.6480906212158042 0.6631369744865527 0.6384015320685181 0.610931350464863 0.624928555973047 0.6222321081128673 0.5865729708696263 0.5932059116262872 0.5605668880078948 0.5740743435345237 0.5515635893990811 0.5048846270588563 0.48106754521093037 0.46590630555572465 0.49107858696278284 0.4785806023810446 0.4987302857226021 0.5139355856811715 0.47194393494983594 0.47524841107310367 0.47944526300752227 0.49011474479994477 0.46252011536789817 0.4592445155950816 0.43853868325103695 0.4471142992872366 0.45762104044960117 0.4549136837116134 0.40530537987902027 0.4043280152899256 0.37601417831537326 0.3658639800442102 0.3775301633058376 0.4146158295290438 0.43333275584017544 0.4195019638235631
0.5944660345987631 0.6069745507810733 0.5874696615723808 0.601074486838605 0.640440576957027 0.6291212629726479 0.6167338347818024 0.6364702580168404 0.6485891371757639 0.6246562298890866 0.6300385294774937 0.6265335181511441 0.6052608087366528 0.5824483362948436 0.5872829365311294 0.5710918253629721 0.5884061789510727 0.5451004467207585 0.5178989106592384 0.49228905336981305 0.484380774354016 0.5003569555109592 0.49068997026867384 0.5109576106890078 0.5051192812177312 0.4848938383218199 0.4666887308741653 0.4502153697157905 0.4679188471714394 0.46188150951919066 0.4388547047536436 0.44757521064749717 0.4217660330237818 0.44514686485507593 0.4139162107015166 0.41029686437058555 0.37763140070999746 0.3576304490269565 0.36097219147721327 0.3804496256252646 0.38367091535623654 0.40527225663166205 0.4259025372704017
