Raster_benchmarking/continuous/raster-398.asc
NCOLS 100
NROWS 100
XLLCORNER 1743154.9980925564
YLLCORNER 5469279.753175782
CELLSIZE 10
NODATA_VALUE -9999
[rows 19 to 37 of 100, columns 0 to 42 of 100]
0.37400487312241376 0.36599012082664684 0.3607546164977417 0.2900560142059451 0.34484346388635345 0.35854684101089807 0.37097829825610285 0.36741741387412874 0.40969731234177603 0.47030807029516214 0.4624002009011659 0.48614746541791193 0.5127239611430924 0.5338912549325 0.5098594957811919 0.4983744215463359 0.5524625158075558 0.574624254878697 0.5215018358991038 0.5326748058930354 0.5418485048882082 0.526212589509554 0.548143639556646 0.5395968593456111 0.5435212289947827 0.604236989719583 0.6499365584151031 0.6217157206393757 0.6264150191110734 0.6504761713067712 0.5843211386108457 0.6129372266547695 0.6157467714527726 0.5654668128036807 0.5884142899152506 0.5617798021781867 0.5393260769511136 0.4832864741800437 0.4710744551188003 0.4543051775209493 0.4553146167413491 0.4447104487973308 0.38945379699802235
0.31871623532680393 0.29602299632232676 0.29273221180807135 0.28717661938841665 0.33485910722640505 0.37304413355652777 0.3683462549773292 0.3441100094019879 0.40404884951993425 0.4516154275137944 0.4814422974963362 0.4927788256932609 0.5260244392504335 0.502620250894524 0.5019496487269025 0.49046976860759456 0.5216141243246103 0.5514512347383493 0.5250860943397583 0.48666281500684827 0.5189689350893731 0.4753824419565467 0.4766560311744584 0.5195394103402297 0.5434084835157714 0.5633658369335081 0.6101059153445905 0.6326350665931647 0.6289469767296526 0.6037496237420383 0.5841680490365563 0.6149555561034998 0.5966918117420036 0.5860027980820606 0.555924578782595 0.5496607961320769 0.5769226103350393 0.5167551435648123 0.5218608068482932 0.458443745458805 0.44081574591883754 0.4251763717887342 0.4242633593080936
0.25968847368251663 0.2573045789538561 0.2750142512286143 0.2694350587216465 0.2915957244974223 0.31701003411166595 0.34023135298297963 0.34934802223812056 0.366945865053914 0.36198099379896775 0.40604504907461625 0.49413058103319285 0.5160665481152864 0.5404485561243458 0.530477107573206 0.5208367124233068 0.49824736754181337 0.5422455611057603 0.5160203532924317 0.46497689859863817 0.4490322883438004 0.4335557033299481 0.44667160245443016 0.4605067802339986 0.5224781630844135 0.5635057644909006 0.5803973275738401 0.5967355894331705 0.5706553819893752 0.6174248944175754 0.5581525562802252 0.57451030695099 0.5489006771307908 0.5847424295872214 0.5504483356952824 0.5675275241346988 0.5704423776735204 0.5812217559988249 0.49172422813108957 0.4700080790130851 0.4919323666240664 0.44836695835003404 0.4258076142612265
0.24939949528950778 0.26425748270753097 0.27194070923462954 0.268913584487771 0.29599697895758065 0.3288421754709354 0.33917537510744866 0.33212433375758244 0.3597693575563728 0.3504187215488887 0.41142684277726205 0.4774067022580026 0.46941763236233275 0.47976816350610585 0.47912840227291414 0.4990770137404796 0.4935327139283579 0.4879666254965157 0.4719290753272553 0.47153960459464794 0.42907554593655267 0.42214001001111207 0.47429366412377466 0.454733132908911 0.4795795250440799 0.524166738590719 0.5249551321063858 0.5632996723116978 0.5551623182223349 0.545841817777009 0.5573053924639501 0.5794294065528969 0.5540146199479878 0.5933772907982547 0.5963309048930174 0.5615083790828738 0.5587640706636215 0.565717294537166 0.49660220949923917 0.4756722704267976 0.4865521127310761 0.47146204308021766 0.4606704740526278
0.2629972413093205 0.25323642018850895 0.27183364324819664 0.31525199883157023 0.30715959769577256 0.3227563318779226 0.3038025980100482 0.2891939733628136 0.3238409452276874 0.3708744636781284 0.4038366089687056 0.4471868320458331 0.458893567908787 0.4625732778612595 0.47854768804864245 0.45860235593483817 0.45911370000325386 0.4514178863172292 0.4249796748502711 0.41702076461630116 0.411223975202067 0.40482017622771477 0.47950833181350544 0.5144777827238571 0.5055428939770609 0.48613379978100435 0.499532180255598 0.5075511536842658 0.5668741554521946 0.5624896486471348 0.5404402063691872 0.5096249492471822 0.5468668472066649 0.5653513608877583 0.5525699229274795 0.5790970035217208 0.5820124114098995 0.5619614638806208 0.5055238421668228 0.47136754301796835 0.49108621801841523 0.506237451584385 0.4877901339268025
0.2591797804105294 0.2851483776799116 0.28999355516520836 0.2889609043392183 0.2652209710484906 0.2947013989001478 0.3060978611309558 0.2682974070357907 0.2823065419328594 0.3121381318806913 0.4042491630029625 0.417762832799258 0.4400550997471978 0.4582635336748634 0.4245459218429054 0.47256475683286275 0.46318675593962777 0.4575584503646213 0.423734508122464 0.43871957759157487 0.44238795099285916 0.42602708600320977 0.4564220176471362 0.4684501404909039 0.508395583452628 0.519953913673723 0.5183314265542143 0.54035858562139 0.5256184060049683 0.5147695844044451 0.528202789367039 0.4903132092454219 0.5221724492271502 0.5085419499083412 0.5369623099174305 0.5592775327973707 0.5448285751940315 0.5427929833682246 0.48282407439141767 0.44416482258408424 0.4766986470565927 0.4671206657812705 0.48458357431418586
0.21171125238556532 0.23874895450528294 0.265960727516149 0.23200765705719872 0.2177233047202755 0.26194040634142907 0.2369087767019765 0.2734111176500052 0.2887180097309805 0.2823355679427354 0.3037709840510938 0.39184051374387757 0.382803692082547 0.43585884995267776 0.3991070174228374 0.4455415822730977 0.42259937976859313 0.37755753473943277 0.37483553901389377 0.3879807911377743 0.4147584541838218 0.44033084857488286 0.44945617253204967 0.45536542132753954 0.48408410190400714 0.5300645846020606 0.4931467940888944 0.49322134723508615 0.5240844616322463 0.46909698709385267 0.49420829974426983 0.4746019981882287 0.4941828183667884 0.4924604786611496 0.5079142572214438 0.5632594668613224 0.563033699606103 0.5041531530149848 0.4879577372445542 0.46608640722802785 0.46097825122115227 0.4758530857834015 0.4782493741787296
0.19736751120419255 0.19690822695575885 0.21353979863855185 0.21366814735897527 0.23505082905367627 0.24514345005790752 0.2299253117606736 0.2367137937961798 0.2452267201619226 0.23313964213244837 0.260591845059605 0.31085616862187015 0.34330006163997345 0.3717373546265705 0.4025427909206097 0.43368144945112436 0.3961417443942063 0.388011917758062 0.35856940942721804 0.3812223864040528 0.42147403777336273 0.4491688816084102 0.4550863788187319 0.43839372205964183 0.48312324068593054 0.4964038824103767 0.4915874591464249 0.49976737374873303 0.49673983761564955 0.5060790364409632 0.523272231457596 0.480210146145056 0.5023963166856539 0.4772545986207578 0.48110099368254605 0.5255326752938598 0.5397709962415893 0.5481511709959673 0.5228847488208016 0.523069120328827 0.5128471831602855 0.46858062053896987 0.4754797585341873
0.18865044142084114 0.20279954588551952 0.17244919650636098 0.2163297855993588 0.18606062213055916 0.1599886308455806 0.15276378280419514 0.16533193519254205 0.185041755577009 0.1954343343488797 0.23392976013631614 0.2696087834537652 0.3425031211813102 0.3498654705227902 0.34292820756867937 0.40900335366169294 0.3916436329743115 0.3796642464270533 0.3517693515235413 0.39872937782679563 0.4060934324943973 0.3979506377753123 0.41823613273149324 0.4470976529237538 0.5018882610578508 0.5032592757201715 0.5124268343783854 0.5478118971132733 0.5165403093655698 0.5502033949197428 0.4909874875062184 0.48557971644185516 0.46965626544134115 0.4541390751384709 0.5193388756422954 0.5316353074110216 0.5186115498535324 0.5484586145158122 0.5148639097172453 0.5155547405184805 0.5228207336069167 0.5106054160607538 0.4606565644168717
0.17668560155138271 0.1800363548592705 0.17208233984647056 0.17055888867285307 0.1698764205090246 0.12491240281897967 0.12167285286867857 0.14830939507023 0.1416681723569167 0.20042612572152388 0.18441242849167444 0.2565820821523653 0.2852746426128128 0.3226671449941958 0.3205214634306384 0.3646501902379931 0.4210113005492709 0.39372084188288275 0.3844482417710581 0.40301115404678733 0.38499510612314647 0.4075627702291081 0.4569457252859631 0.4877759601679094 0.508568536642887 0.531081894773894 0.5387273216940612 0.5330792102213285 0.5250609087192868 0.5091615119488875 0.5087373180388592 0.5006074729815589 0.5022854417812864 0.4919080856295926 0.5040391456972965 0.5184490563646198 0.5326643339418006 0.4870817738102237 0.46357225597744545 0.459615753772563 0.501537676547296 0.48678616917471756 0.44915878388209035
0.16865691148548548 0.1371638420109604 0.16414567383735282 0.14942896187549026 0.12407074668427019 0.058210851506440654 0.1339667795517405 0.1248765854014125 0.1255882631525167 0.18233534808918833 0.22049821120080243 0.19110055315981905 0.22259609017080242 0.21231397362262852 0.31362142922464087 0.36961406272333186 0.3910751543690503 0.43039594544516907 0.4349384237820632 0.39587786611748965 0.3801902741229822 0.4225635196635938 0.41188475503424055 0.46009682987780176 0.5085226334937811 0.5301243347460324 0.5572558045148327 0.5362525666975073 0.535510261288449 0.5597941919743535 0.5466229100411265 0.5013435464110952 0.5069773732914509 0.49445204209974664 0.4564149445619102 0.5138895440684484 0.4852152303330889 0.47002366525963596 0.43355774000251396 0.43670024312555455 0.4570367214930329 0.46806504650878233 0.408943279143424
0.16555869226579015 0.18040380640482165 0.12598995677006475 0.15479228118473903 0.12427888909634097 0.1365914766676506 0.10662914798437942 0.15257737242040037 0.17554718896818983 0.18377596540680313 0.20214030863108656 0.17645821088053407 0.21035048572853032 0.23590204505808604 0.32372675730596745 0.34384651181521003 0.3687915985394933 0.40221930077781604 0.4076233270707406 0.4306737222791982 0.43700931137670124 0.4236077562372908 0.39991786573285637 0.4324997679351644 0.4461872755997936 0.45471401558706276 0.5067808640288746 0.5099512289806879 0.5095165286626966 0.5129828709139598 0.5378923276275871 0.5334249843923932 0.47465769799498364 0.46829649598178946 0.4309247053422513 0.46263068391129225 0.44349293983247545 0.42198702118004183 0.4220482981292243 0.4277291734688831 0.4414733833101307 0.4253361344957021 0.42094273208451655
0.20124403081341277 0.187710599324366 0.12557639336719073 0.13395906171877278 0.14766364786566288 0.14996524193946675 0.1340548825707641 0.16053040240069866 0.1971349418364395 0.1819755196357316 0.16689549854076774 0.2156883511278029 0.2632156682928559 0.28044189816870924 0.2946740696801945 0.30779195133511084 0.33782479174456115 0.37105343892939324 0.4140956689175019 0.41500391577339035 0.4251856847560699 0.3935732040142932 0.416484316528805 0.41643222478886377 0.42611330482898807 0.44397267042765315 0.4556341820569153 0.5171706978331087 0.47933123628260393 0.5461728611069883 0.5449334750993926 0.4953751401797061 0.47627513003297245 0.3973320826587391 0.4254535910254855 0.40398837447334157 0.42553909050400573 0.39247844924832315 0.42821448753818736 0.44867450983540313 0.41215580654224615 0.44789549753706864 0.4215431023023173
0.1739537940671903 0.19620969533565605 0.17115345919654062 0.15033235735771142 0.11565729730392443 0.1613632888673241 0.1878277685846114 0.19406151701801824 0.21050070354770167 0.2081277698576675 0.18881662348350337 0.22615510818538692 0.26486910138510394 0.276714507626744 0.2845887130525938 0.30938506372102287 0.3546788760437923 0.36387425715373467 0.4382318567856682 0.4153229252118949 0.46306863199129694 0.41468546422836444 0.4132921216761491 0.4022446938308614 0.4248350083540993 0.3983384246897738 0.453238505970624 0.4680160532518865 0.463750056194122 0.48496264969998976 0.5102028412911775 0.47532432839543437 0.4387317420512079 0.39757189622031136 0.3869036195562096 0.39381450244292754 0.39238925001909675 0.40624017189327816 0.42889633579028985 0.440014850142226 0.40126232405776213 0.43090422915326876 0.4313643314870973
0.18053592436879118 0.19265222014967065 0.17522751683775634 0.14261519381637702 0.1269760577607419 0.15657970771104637 0.16183432640283288 0.17934808681126696 0.19231559098485168 0.22704293123723737 0.21464194318814175 0.25254632446742387 0.26532944465863434 0.2669101236293276 0.3287925277174624 0.34932769078949394 0.36106649661189283 0.3998457191672629 0.4160052242285196 0.4632125999502398 0.47349424205517404 0.4678551793786104 0.42363345041484735 0.44807273302694184 0.45203995595789276 0.3704202907158824 0.41203623487964525 0.46927112208150334 0.448045315313953 0.4395523816697147 0.47003325564303977 0.4701607875499497 0.4261327548539198 0.3725392415606046 0.42573204737681514 0.4324439327579929 0.38425392288479254 0.41867587988525434 0.3839035888359484 0.38077370176883657 0.3730080611211972 0.4076048488125558 0.4081164334098733
0.18870722224588096 0.19772521139197088 0.20285305369878417 0.19330735335792704 0.20399028845501677 0.22064632528416134 0.2247091199308811 0.22702762714851907 0.2748281495421773 0.2707453512654619 0.29021734198630406 0.3040358521198019 0.3139045728327835 0.3165348262628054 0.33914431321935806 0.3996763696444837 0.3783149812701152 0.39505769142051256 0.4450858929839371 0.42152953178408464 0.4541637407994349 0.4680952937311377 0.4421140239028035 0.44614683515718817 0.4436991712027393 0.4576235380315089 0.41911740124333263 0.4681941806335767 0.44772293261948415 0.48221206380376874 0.45589068592397103 0.45484083345617987 0.4047298541017098 0.40034132353833224 0.42487151226896935 0.4136681932270641 0.3812116943413203 0.36687937164196305 0.3808510233319125 0.35898634131396767 0.41092749968801046 0.4227061455045383 0.38653953893248744
0.17071116210480278 0.18194852640220507 0.1938619636887039 0.20087667253457206 0.21028795038151327 0.2013287250456087 0.271667340879983 0.27229640421297396 0.2950543496442415 0.2987436101163177 0.33533182930195826 0.3547564980135824 0.3650731100435488 0.3256712887976924 0.36083709809135545 0.4087559024777175 0.4115919147790212 0.36404615839801574 0.4058993732935892 0.4337232206819311 0.41448019395729935 0.4308056572566679 0.4336550270615873 0.38308990875469323 0.4439855302235865 0.47400814422811904 0.472641949998612 0.47299197414379257 0.4598960900430506 0.4668886281086458 0.4474172574134167 0.4014974868223629 0.411835336753429 0.41806376897048747 0.3829951058899715 0.37055618141005003 0.3778734861961188 0.33111032301803595 0.371961869821124 0.3871514250969653 0.3715435759788949 0.3785086853266931 0.41462408775201093
0.18606348181282129 0.18059234181589728 0.21234584892097322 0.22021872608937076 0.22478199487801545 0.2617790711875634 0.2751856454080766 0.2824420947802234 0.33161004374398856 0.321780038426951 0.3182457552869659 0.3595724510704145 0.37113998546811494 0.39293139193238824 0.3755396221408191 0.38229790133723596 0.3927032746398561 0.37872935470452174 0.366318667803786 0.4206135676752684 0.3777663222760439 0.36258520381872106 0.3942308142016494 0.42321384051932537 0.42018848937216396 0.49736790840804523 0.5048053034379486 0.4761657993843106 0.4783048451392123 0.46994863730194086 0.40210582119392396 0.39430427988514893 0.4276588593242436 0.40517851869016525 0.39109104600205724 0.3407095778554158 0.3669639068030291 0.3125144127086828 0.34785336383740795 0.3475232187557949 0.398435188922533 0.40496761217530985 0.4524906913744976
0.22016970034891162 0.20826382022809722 0.24315444457259802 0.24743100837051296 0.26755844112455207 0.24950002445817118 0.3011446988205555 0.3242989682933654 0.37291168603752417 0.368928051342967 0.3768446814507267 0.3652752996738658 0.4230935238406171 0.42259767501415824 0.44900837108490305 0.4587646301535702 0.3980769810430615 0.3784475269256278 0.38278302363875627 0.3895826874316775 0.3536386131782755 0.32416522962336686 0.3748240339794297 0.3796452407329912 0.4290411189693576 0.48391349038076464 0.5025488004555738 0.48615933994745586 0.45129397217466294 0.4117499173502067 0.43385074698773574 0.4085482407285699 0.40365910167309577 0.40678797070815453 0.35698923841023067 0.33769820065702466 0.35985587160147275 0.3112154600263079 0.3570987602098989 0.34151876215846266 0.4013272770688333 0.44689097868296673 0.46659828930037656
