Raster_benchmarking/continuous/raster-335.asc
NCOLS 100
NROWS 100
XLLCORNER 1743157.9279770777
YLLCORNER 5469290.724658797
CELLSIZE 10
NODATA_VALUE -9999
[rows 57 to 75 of 100, columns 43 to 85 of 100]
0.7826609799247025 0.7945907772348173 0.8133097263995398 0.7850172867550266 0.7573861384146792 0.7448705759275288 0.7639377434418332 0.7430974876671679 0.7461838864473236 0.7226419244362255 0.7162262003866531 0.7498739540717904 0.7039642872885934 0.6773192358230619 0.6535453405923448 0.601242853726901 0.5781951329693993 0.5653486628875697 0.5975850892880473 0.6218280935156825 0.6072833138263217 0.5951926873895572 0.6535723575069523 0.6534334757714134 0.6718713763488481 0.6849007495528927 0.6757287571205102 0.6920707503825327 0.6504128440223962 0.6451752560957129 0.6832023558662824 0.6731407935648417 0.6882125076733634 0.6928031671544259 0.6248708582000646 0.6445693281954469 0.6709634662789736 0.6989743449415231 0.656780237937823 0.68481474159692 0.6717523976348551 0.6544339520932841 0.6713517005501838
0.831544728698203 0.8491708923948362 0.8397322577747048 0.8086458654120384 0.8168980392223965 0.7682383630043023 0.7648185686269079 0.8024301591977538 0.7976339724471638 0.7644376770838949 0.7413839993515746 0.7536398314940321 0.7139466642365071 0.6922889221115055 0.6696647189297733 0.6610641562742194 0.655299086884838 0.6412518032004482 0.6589980556437552 0.6361796242795366 0.6211087080271761 0.6220634127136758 0.6377968022243881 0.6934029107599763 0.655682914278569 0.6594770153062202 0.7020431835321309 0.694712667065222 0.689360856323234 0.6534831982887086 0.6929014931223186 0.7222581871937107 0.706776361685815 0.7039224649132194 0.6738207254185838 0.6392252881140328 0.6564941606134789 0.7057201428125567 0.6689022020794667 0.6911767251228986 0.6742820825381024 0.6617612062452609 0.6948344866870494
0.8452370303876934 0.8403599887386817 0.8279503996486094 0.8081574642677503 0.8399417261136155 0.8511434100817303 0.8224975447290827 0.8073082363331668 0.8103721477760774 0.8201298031758759 0.8096831286355726 0.7907281680689507 0.7591557453611442 0.7424583427727056 0.7150208426586939 0.6989871402877144 0.6675446896054494 0.6702707242212202 0.6709778399489706 0.6495851273694823 0.6388283085483772 0.6657260578792339 0.6558250922010049 0.6988465866962308 0.6992188499352935 0.6840280032528895 0.6788394341838474 0.6656878028563533 0.707682209074823 0.7158605713053845 0.7314650176681532 0.7447258842197176 0.725258589624055 0.7211928615089205 0.6988304341749105 0.6830841771356594 0.6785011993197326 0.6864699505402563 0.6863432651153435 0.7168383450841693 0.6784508343333834 0.6686221178832431 0.7208674557836419
0.8385719149370074 0.8294320028087453 0.8193104263064601 0.8568248036677913 0.8730684161875293 0.9008077809325099 0.8835497156893137 0.8973440573652598 0.8478506487494748 0.8446533383411078 0.8228538610288882 0.8066902951408551 0.7781711055039211 0.7406802516038414 0.7573241142922176 0.7026757589107462 0.6960677692585547 0.7492276438411888 0.7110602595571023 0.7189015042152572 0.6935293712621592 0.6687930623418346 0.705351664121476 0.7390143604369032 0.7317515323295122 0.707728807530611 0.7077012494552974 0.6841413526350598 0.7058303445732541 0.7341246234732873 0.7320424926816607 0.735865449389082 0.7233870366219483 0.7686996267282884 0.7574420536147102 0.7133358204558018 0.6943294901222901 0.7003137931928063 0.7255685921449759 0.7073800000980323 0.7057185832775286 0.701857512442192 0.6958521682410144
0.8814683315479555 0.879948461847623 0.846105758267381 0.8703216164797012 0.8728083299123676 0.8912279355990509 0.8820354260857509 0.8689767402329728 0.8516560759918971 0.8223114937395508 0.8478076690757801 0.8129188920957344 0.8012937754462215 0.7916890094339273 0.7651110821593543 0.7051844757607506 0.7157371845487694 0.7264711212603734 0.72182568238913 0.7141764791259987 0.6895501969465959 0.6767277142592887 0.7346763507477089 0.7213775615009231 0.755697419756436 0.7386853422583782 0.7248781362998713 0.6897853331511715 0.7356581111671584 0.746128129816176 0.7480899446405684 0.7648286087549505 0.7358004633326989 0.736260810933583 0.7484483764779648 0.7374824571086649 0.7142493354829647 0.7434917857739182 0.7262915948812796 0.7339537259505845 0.7676623285860764 0.730896381627007 0.7470294476351949
0.8934410030234383 0.9113337707090928 0.8754559172983227 0.879556932537271 0.910431083281745 0.935460826671711 0.9008874460524005 0.8528299731959682 0.8587289496292885 0.8413323893545068 0.8435403902680414 0.819053624925522 0.8099498808986153 0.7955534102377602 0.7723708158614185 0.728754937589207 0.7665468907785578 0.7594159072795043 0.7638283481712065 0.7432309194405806 0.7244070905227838 0.7186579728584176 0.7247238887640183 0.7517959637764611 0.7424272789201027 0.7224657103854316 0.6874951971444031 0.7121198597478126 0.7316781288345326 0.7111486918665068 0.7574814070394817 0.7428129927791988 0.7346123335031695 0.7772816466646967 0.7690676963684673 0.7222832366090393 0.7104770325354811 0.729903920456654 0.7389206012998996 0.7926677061847964 0.777024768331143 0.7689176995108934 0.7306824283488339
0.8714959901866486 0.8840520097008552 0.8937179792827697 0.8695377550727268 0.8741108252076644 0.9096621297127767 0.8865365993304348 0.8611596582968564 0.9003469745290703 0.9055292675730262 0.8712504243426088 0.8707534483592392 0.8472142944264389 0.841991844365277 0.8240369925357477 0.8108120136501049 0.7831440100723646 0.7871620956946468 0.7614470652314067 0.7521363861616404 0.7199771472448682 0.7248020445034409 0.7049343263559489 0.6920342168033305 0.7203515771994661 0.7167859837390566 0.6888956838586497 0.6672148914978444 0.6812854102876384 0.7036041577249033 0.7258316166161494 0.7289238569536262 0.762547218978193 0.7494695768938558 0.7759964720056213 0.7393300178243792 0.7332211694633518 0.7460881132205971 0.7800189947584708 0.7817407899970502 0.8036418050521528 0.7423103657931897 0.7165492155560237
0.8879202359770054 0.9058057647716566 0.9123632213110711 0.9114322314118047 0.8887168355893207 0.8707647129017095 0.851064686725855 0.9025435066544409 0.8922153413637148 0.9208107543203615 0.9002569395930515 0.8914607939050344 0.8970118139468076 0.8629651652978395 0.8128523842107039 0.8204111381764574 0.81680957686832 0.7815706608389755 0.738351141827297 0.7040910678093397 0.7356340642671162 0.6869506948036218 0.7049916789589455 0.6580612101615395 0.6870530136131481 0.6795122124328394 0.697898388884233 0.6484459216989072 0.685476310999192 0.7129086686987993 0.7549880784688817 0.7523004872560118 0.7717299316941854 0.733444020732879 0.7655285603820918 0.7822051604645797 0.765212682430907 0.7411229575383875 0.7555963938824044 0.8223386682714412 0.8060149591776947 0.7571652274207284 0.7308742296950541
0.8845797406952571 0.8822558096014819 0.8939002000078888 0.8948996416418609 0.8494255282027426 0.8500436388188424 0.848083014665415 0.8710355043001499 0.900179726682672 0.9015933549837798 0.9239524811535215 0.8784667075532396 0.8907771296636309 0.8423870925824721 0.8330906886434636 0.8192155500404159 0.8333036999773308 0.7844009244230378 0.7477705413260191 0.7595600265758768 0.7294876056017359 0.7492464735636978 0.714468626309444 0.7202237062498331 0.7177977490595264 0.699426401104269 0.6899521330506149 0.6862067592709846 0.6861811661749447 0.725209935992745 0.744466731958206 0.7422398548271666 0.746109716894061 0.7386831917736576 0.7499666185180512 0.7374314981330407 0.738434870677465 0.7647975195376768 0.765905872571484 0.7917185118652033 0.8009842376697207 0.7977056464476093 0.7581054932393001
0.8453220847954277 0.8712118079736966 0.88600115445481 0.8200273388211684 0.8183622145733935 0.8135235253468454 0.8204463449739731 0.8383003959796017 0.8504035394499804 0.8997052873328862 0.8921010893942043 0.8836705759805874 0.8649376810083685 0.8666591229983417 0.8555150681380969 0.8483407801615933 0.8239105820228625 0.8028522763209461 0.7924938773310691 0.7548900560181772 0.7584660054961126 0.772305232779572 0.7170043413864295 0.7131307676751698 0.726021129457176 0.7257002158155107 0.7246952722106909 0.706368928247291 0.7283623591441057 0.7450373685209608 0.7173069342848094 0.7150170245851352 0.7345456611017818 0.7316304149605773 0.7012803603505509 0.6990048731368759 0.7304238410864564 0.7514924425314765 0.736699211705576 0.780412527876115 0.7867597132511203 0.7797120183697912 0.7568937891498715
0.8683149327235722 0.8532569132355037 0.8534991095511262 0.8504497560398863 0.8310588763116903 0.8291502803980718 0.7983726630782698 0.8121325511717296 0.8253701090735492 0.8585852982330896 0.8507302557251676 0.8560021078408064 0.8656367682541587 0.8094096223544418 0.814883660041102 0.8067089395550142 0.8440822596010249 0.8286124155538236 0.8416252455854366 0.8227510058780002 0.7998786502213833 0.802451436376097 0.7507842986409354 0.7392150836192956 0.7654608064309669 0.7175379022325618 0.6926636016966968 0.7065615771796927 0.7079904912401763 0.7000299437214511 0.7182253579447054 0.7107570312537023 0.7002638345405623 0.6836503409463861 0.6953712384312695 0.6938174729879415 0.682578908415079 0.6986641767374566 0.7109915285392789 0.7287242922635351 0.7270525663053263 0.7756913755675676 0.7753076097332406
0.8364548307640768 0.8470200166423625 0.8190593676609917 0.8071436513703211 0.7949467515332292 0.8131962158575491 0.7827536020832254 0.7948042144082041 0.8198987498003281 0.8095141050045069 0.8384236348765348 0.8589065267060909 0.8262280971196675 0.7956056618766457 0.7836119857344621 0.8108246399118169 0.868650770704527 0.8714608463948103 0.8699494105556664 0.8414520201951692 0.8272484795672166 0.794732016381084 0.7800513318811673 0.8049560387255882 0.7858927958703275 0.7484036541606144 0.7193885229705864 0.6838613136447489 0.722696569193249 0.722321058627594 0.7118291230451055 0.7414328261617706 0.6937834968093416 0.7072022348213072 0.7160026518920763 0.6948608021252808 0.6945692142084529 0.6781981645097839 0.7049870696341487 0.6934592798750527 0.718521828870265 0.7360923604828118 0.7782103026492716
0.7846121095348886 0.7708337257529376 0.7939099210708999 0.7734825179404025 0.7892365596367384 0.7992384287149633 0.7975590368841878 0.8207030286192765 0.8118392088015358 0.8194120459617558 0.8590199937303689 0.842427425056624 0.8089749987379847 0.8344744869169951 0.8160687828461265 0.8505347733298109 0.8557133944501902 0.8806798010373814 0.8419893361838499 0.8561261787113795 0.8484841783353493 0.8390352766345501 0.817879699229683 0.855695460143766 0.8185623686441578 0.7572765539340948 0.7389103146246458 0.732740997972323 0.7334882225898465 0.7290141275763147 0.7104648912465815 0.7394513606617331 0.6859094394820945 0.686339257038977 0.7080680708846897 0.7023917450129047 0.6894668891126149 0.6899074955076194 0.6798971024673907 0.6894693250998344 0.7070213547631311 0.7654610639211323 0.77837142053147
0.753837123130258 0.7299683596939214 0.7474721291847299 0.7653025470860979 0.7628852158837258 0.7616353166793518 0.8039620367025364 0.7839224831235406 0.8304577400321125 0.8296085065328336 0.8277668573054741 0.8467307826505331 0.856330207396509 0.8211415970545787 0.861144339839228 0.8898553968195322 0.8935169564999272 0.8523439561109374 0.8581738192231569 0.8672937293030731 0.8831315547572657 0.8782493954921419 0.8890774778813577 0.8788861282179566 0.8222440568721724 0.7903975784317995 0.7444091085697798 0.7401564754411335 0.7524694981327033 0.7381635661355715 0.7277016521883409 0.7318319183900647 0.7056990884246586 0.6615480062325789 0.6678472518051307 0.7076957396621281 0.6767362721002019 0.66383157598781 0.6720666106441943 0.6981803214619366 0.7552828834876081 0.7778328251274964 0.7870489437369202
0.7373475248075838 0.7557052959777242 0.737222955197622 0.7377916391820787 0.7550064340065628 0.7644576421221358 0.771938531526537 0.7923295457835975 0.7949442716996629 0.8319542095817483 0.8450420781871137 0.8435443928780638 0.8551779055816983 0.8717750241352302 0.8546904647478916 0.9059558883062058 0.899082920779926 0.8711333159902828 0.88653074807084 0.8664933160077556 0.8990836539474059 0.8775130888968982 0.8809363538197318 0.870900562358034 0.8650781282860259 0.8286590183195256 0.7646200062236566 0.7374727196935181 0.7407334059381375 0.7147629770741002 0.7164785216865599 0.6964136264078564 0.7031513137510476 0.6526415915190716 0.6846810661924073 0.6936187671207766 0.6806608915267207 0.7078339653225402 0.7042101921937702 0.7236688782896358 0.7341976815164502 0.7804366143698361 0.7630133887535607
0.7526082903096023 0.7468502561362507 0.7279465858916482 0.7007392582495034 0.7342412864394702 0.7783199284558712 0.7512091531993741 0.7412962052873916 0.8156460219081715 0.8406197769355199 0.838943985031721 0.811210934133489 0.8660625598192648 0.8913665027690902 0.8950386668010105 0.9009357280282636 0.8877424751248112 0.9070021150735145 0.8910495435489367 0.9163297767238733 0.9354143597050265 0.9281175821715911 0.8899482922525666 0.9236071864961897 0.8639751749836955 0.8388306512474754 0.7990508936591798 0.7461060604272589 0.7119918949999178 0.7147288541029936 0.710532769405383 0.6898723997560571 0.6751828195529018 0.6580555412307205 0.6845380374904034 0.6392201625728692 0.6685793459870706 0.7046371576691165 0.7098767766313847 0.753168690811079 0.7358655830281556 0.7681415015784154 0.7355537461287968
0.7228107337885101 0.7735783455985397 0.7733747318416014 0.7413503860100159 0.7756962062257243 0.78836220628154 0.7769818164552776 0.8218271724959467 0.8235861988771765 0.8538372134422415 0.8408576130470657 0.8663801394131417 0.8798430791344034 0.919451901053132 0.9046629679096434 0.8915439405705402 0.8914753501807384 0.9004906603769075 0.9180443211317186 0.9197862577687217 0.8932498521010864 0.9226693064322471 0.921824117460638 0.9145232591160516 0.871451522196529 0.8466406978807003 0.8205216596843353 0.7733589831557822 0.7341855768736072 0.7240092143187243 0.6776837749689157 0.6838754009117171 0.7011372050915728 0.6831514532081763 0.6591519125262212 0.6734627462829165 0.6758503060364232 0.722187034599933 0.7385072727998091 0.7500485605619353 0.7249323078961879 0.705815248835935 0.707927207834926
0.7483985689977521 0.7856932403431359 0.7684331874358145 0.7600414930211625 0.7752780306649891 0.8216939684831003 0.8365783744931702 0.8397528210807237 0.8454924232276555 0.8559308387854607 0.870011709653294 0.8818050366700158 0.8979258933708659 0.9222723018602079 0.9175498842770674 0.8784017524663266 0.8932895202652456 0.8909472570276377 0.8872180175719915 0.8940130648992143 0.8677757643189016 0.84608255144919 0.873816131438018 0.893686435870202 0.8843454240200519 0.836948537701556 0.8307465071636536 0.768807195364449 0.7099059325790978 0.7029028573126462 0.7155567150953666 0.6880507087539915 0.6960946425028137 0.6786721383096621 0.6848304748813505 0.6769954944429057 0.7071482660223569 0.7157595324941916 0.7429167507561587 0.7114219521301304 0.6711227478095441 0.6579055921482967 0.6463681591537693
0.7386387685417772 0.7466206115752839 0.8039712661887564 0.8161718122617498 0.8026040127988298 0.8326820999120553 0.8550789157023042 0.8325459802423669 0.8720366276639215 0.8861674873711581 0.8997690340520245 0.9301030657147618 0.9207604171489684 0.929533022145685 0.9379106016435537 0.8899351231437733 0.8695455692338556 0.8650211760799046 0.8848470095865618 0.855154276183317 0.8259390192539885 0.8078925484079365 0.8409008736193371 0.8456277382328218 0.8511110882885818 0.8406756709976551 0.8134736067491544 0.8057664836479365 0.7361388250933592 0.7337898618976295 0.7139251738816577 0.7165041344240547 0.6720698890188199 0.685222396557698 0.6816642966539932 0.6581607589844706 0.6636869145821451 0.6755496129811686 0.7076027347876939 0.6808502740646746 0.6507925799472192 0.6545538399720602 0.6318933552271855
