Raster_benchmarking/continuous/raster-379.asc
NCOLS 100
NROWS 100
XLLCORNER 1743157.5030738881
YLLCORNER 5469293.273134425
CELLSIZE 10
NODATA_VALUE -9999
[rows 76 to 94 of 100, columns 43 to 85 of 100]
0.8947771566534642 0.857296051705769 0.867864916604001 0.8191020092540605 0.793934876432071 0.806356887218978 0.7970515756748741 0.7803797965046987 0.7771779322691428 0.7603353736943615 0.7847427380114159 0.7608475029173403 0.7433781937402587 0.7419685237291349 0.7430445808098234 0.7785913973462567 0.8032123770498183 0.7779633114565698 0.7802874966837121 0.7808565282914307 0.8094242762328375 0.7836654267725668 0.7877692893357948 0.7897292562394224 0.7813916262063902 0.7755133406476755 0.7481090711157063 0.7066537129345636 0.6900502849062214 0.6869310126397776 0.6658094743006483 0.6840152237908634 0.6959852688188933 0.7067223930112311 0.6617409660657865 0.6660510968073112 0.6764117803365686 0.6882664747075599 0.6806655218614168 0.6979017382878812 0.7245372873520158 0.7399471645553221 0.7291212988010228
0.8896625215646803 0.8858482837274924 0.8515884972130083 0.8280164178161196 0.8097940158792952 0.8058126032162168 0.8062318374763028 0.8094341529612982 0.8066907620371456 0.7910968394012521 0.7995115641099179 0.7930740228404606 0.7593499418730695 0.7670612796171741 0.7847085545560495 0.7950144227747545 0.8140098614073651 0.8044129165201928 0.7936875295768162 0.7982505876107001 0.7790780066345955 0.7922333095555251 0.7747863031262334 0.7630106563161745 0.7530678817156409 0.7457918806613535 0.7353151072505202 0.7219099469678015 0.6930954128639318 0.7025924445535592 0.6912516643276934 0.7015030130835657 0.6869793605720843 0.6978493182316456 0.679823610719159 0.6630866644215333 0.6686855183681055 0.6728989357548376 0.6978447767396416 0.7007249294483358 0.7122780432359558 0.720263872469126 0.703608980404942
0.8638961801603561 0.8757579611830852 0.8813977661262263 0.8382634525299404 0.827950299127102 0.8037097208535394 0.8116172685295018 0.8227798962686305 0.8096596015987775 0.8053652398286122 0.8123626470984587 0.7940640342680433 0.7670084307970708 0.7648805013277007 0.7896904965483411 0.7956428782150939 0.7940790503700718 0.7987882300349382 0.7898156414113838 0.7758068624986645 0.7514762971853529 0.7532465131714884 0.7679048662199166 0.7590670131274377 0.7783719346125346 0.747202528633399 0.7276906932734262 0.7291856375735926 0.720260051788189 0.7081114938763527 0.6908429479156336 0.7153834941531194 0.7018787784863343 0.6944423746202216 0.6747957597274046 0.667893217691118 0.6863950526270233 0.6705606563786639 0.6948465893762579 0.6851235425536416 0.7177449293044807 0.7125153554753957 0.7035719320063342
0.8719048696580192 0.8931156245419186 0.876801691180142 0.845082208403742 0.8265360064137159 0.8286729683425968 0.8132580495913704 0.8081348876851939 0.8126345526345555 0.8301373708610864 0.8226862580943184 0.8115092197024008 0.7821606357877084 0.7729606396468445 0.8067829242033792 0.7978275733841271 0.8168159301348792 0.8013128566714961 0.8066753290741417 0.7716345081310739 0.7548591449086648 0.7565362072873412 0.7862341252248107 0.7839738993448147 0.7671013586610758 0.7600514180843648 0.7374138005416295 0.7445920194562877 0.734370374061542 0.7136418878463142 0.7088831711812175 0.7093758462283692 0.7230827305189151 0.7246368861752249 0.7206367989666715 0.6994329814124535 0.7052500731487661 0.6966546505453562 0.7095860784151948 0.695819093994137 0.7120812718013438 0.7127840743794498 0.7041688976049049
0.8813906890865945 0.8859971693996265 0.886215953171493 0.8716592644787892 0.8410642222133752 0.8497021943302134 0.8258637994793224 0.8487471341380919 0.8411494157722522 0.830842551896082 0.8355997409722914 0.7969559889439612 0.7810325122549031 0.7960858494156642 0.8104464887636974 0.7916007645691843 0.8118233502351696 0.8115941550940431 0.8035741127648036 0.7776975391323406 0.7540014316285237 0.768593027515094 0.7735266930395353 0.7828166014056177 0.7509247192125567 0.7411152849948878 0.7454071676432078 0.7433237238020042 0.7520790312190583 0.7272355167039516 0.739581538701333 0.7295256260951594 0.7381063743471726 0.7447678590713038 0.7238449010269309 0.6924325685774331 0.670607190953982 0.6949364375676026 0.7125859911409274 0.7154093886939464 0.7013791915965385 0.683842258372533 0.6752169414968529
0.8786870795223914 0.8820033096286414 0.8712023975320128 0.8539740282834122 0.8650510959876824 0.8627344239935385 0.8514945155446798 0.8621533524584999 0.8573235520581722 0.8511976314515969 0.8456143716680709 0.8187756693729442 0.8078993500025767 0.787647528611572 0.782275463629791 0.8008667702641671 0.802213863675751 0.8089816953413677 0.7951214638240629 0.7486678836100574 0.7619850996165426 0.7523076646438679 0.7731499187174224 0.771189314125002 0.7524088026988242 0.7504184397394278 0.7662518394244126 0.7715526035219024 0.7548486783747186 0.7664016684876126 0.7643375579410541 0.7651810260692039 0.7343086405211356 0.7280186531203383 0.7139442356721774 0.7039142497696188 0.6938567634624181 0.6958161960714315 0.6947164211286684 0.6927509223715868 0.673043595651883 0.6753830329971765 0.6672842795581304
0.891525135765743 0.8706787740366474 0.8828313505501904 0.8727387706104414 0.8605328812552834 0.8697691026905787 0.8804200866166169 0.884509600916609 0.8602301505524166 0.8635917918666345 0.8213307396128227 0.830338217610364 0.8200514196255186 0.8010574598813739 0.7965322772150055 0.8039647244815159 0.8103275189173538 0.7855763860900858 0.7504726223374909 0.7673436099761379 0.7505944992253115 0.7396001262869489 0.7401800863410145 0.777689338173904 0.7827602091939588 0.7626594921658981 0.7870938764483316 0.7558322293367822 0.7454471361806472 0.7520984122397391 0.7674986101060957 0.7488527972352945 0.7684804289127464 0.7309173641392048 0.7297751631990075 0.6997158904266104 0.6872232454935365 0.6891838895851501 0.681894877433777 0.6666768761508128 0.651622519927627 0.6424024936980082 0.6281314725286046
0.8915600274115754 0.8882674309909538 0.8887031379337914 0.879220616912968 0.898549158603541 0.9013299336385561 0.8843883105081956 0.8857986680452391 0.8640389191438126 0.8616625185346537 0.8589938548728405 0.8347628284044103 0.8304940328122601 0.8224772805090221 0.7849606851730769 0.7787472288957198 0.7814167198386196 0.7852369445480638 0.7596067231118083 0.7670642147090437 0.7494762032246423 0.7632413468697069 0.7731337927941708 0.7751559960477589 0.7894079910611114 0.7834863294731581 0.7725824646781891 0.7577689500785885 0.7617341115759101 0.7518884465306496 0.745471851018682 0.7341583950823038 0.743126411608999 0.7369679196528192 0.7430476819703098 0.7283462816518222 0.7073756375766828 0.6918929748092639 0.6825966811668118 0.6419009286604078 0.6541059719254356 0.6202133608561292 0.6440780524107519
0.8813885743606361 0.9027500333902897 0.8919761599416265 0.9009689993654707 0.9063301238692663 0.9132243422954155 0.8926838708438234 0.920854702671646 0.9146673376911544 0.8824376190428608 0.8583027496059298 0.8753049533603419 0.8562775220647717 0.8120581821648303 0.786774791142085 0.7784766268743887 0.7723109764110228 0.7836755920367704 0.7816910137181083 0.7613726457330408 0.7476380770623486 0.7464553017684784 0.7611314841843991 0.7665224739670683 0.7844779874929415 0.7760562664438982 0.7760311080894656 0.7717790431000164 0.7509651463922998 0.7636956304254062 0.7323772565654486 0.7342955625611628 0.7261065042873885 0.7492088627775618 0.7320668361437533 0.7334114644720598 0.7174092205243459 0.6866022468068969 0.6515989339814533 0.6386683529811968 0.6357997771912874 0.6209101853186312 0.6267598458442253
0.8925164256254058 0.9172920414041618 0.9211236001172618 0.9192523781767621 0.9062161133779739 0.9054681681798332 0.9054105517869206 0.9271576100876153 0.9258311318805581 0.9022273676124848 0.8758401995028996 0.8831164579249251 0.8529022853703191 0.8112622626255828 0.798761156991543 0.7801815988314578 0.7859472631107705 0.7579309848709199 0.7754165684082581 0.7647188815412957 0.7662856610971378 0.7586015541506792 0.7698857504766655 0.7671248086963824 0.7811008026253814 0.774417354368503 0.7888724950310373 0.7561373709861091 0.7455049658944648 0.7569740389464189 0.754428682121686 0.7332266557910139 0.7360903399762388 0.7411157884662642 0.7262407480825923 0.708934517880445 0.7160077237957136 0.7060511967810149 0.6570888918251043 0.6535495621396168 0.6391350292362655 0.6473576848328723 0.6189814283858751
0.9067817062240618 0.9324994039879683 0.9299633747321353 0.9155067404496104 0.9143579889369785 0.9203259179564361 0.9429435460519169 0.9352935140473622 0.9279371288622679 0.9283794267354876 0.9251447057780903 0.8861652112793664 0.8590773227375299 0.8417764524378093 0.7971631684027932 0.7873764667749309 0.7754135928861855 0.7730076608501818 0.7522446784929532 0.7470936895616014 0.7739395399012202 0.7729586337608219 0.7619629008186509 0.7640975597006815 0.7917778480864228 0.7824666611651308 0.7874743816321174 0.7689852822474644 0.7511350148207878 0.7480836434504414 0.7447518744893353 0.7576868949621588 0.743734084098235 0.7418773420936207 0.7035427570442638 0.7192315705183435 0.7055077747173903 0.6991817939994206 0.6854639141628386 0.6581118449628512 0.6689540432848503 0.657503622395436 0.6240362585488335
0.9247190572000629 0.933209991280619 0.9237535689797276 0.9296730979273001 0.9496704507889432 0.9552682468653204 0.9520268889685504 0.9527275390802201 0.9348640307387535 0.950542677702947 0.9041300497289856 0.8866553177555326 0.855812073004999 0.8376377492611208 0.7988112333203217 0.7836283737403762 0.7806420945555981 0.761524682206309 0.7556095078231754 0.7641521610586607 0.7912881522043396 0.7734227310712588 0.7880046398091732 0.7872972343606646 0.7878983587126646 0.7885172511218427 0.7809239344183017 0.7739939923238233 0.7560390923597835 0.7760886691109824 0.778916143599647 0.7613387881745572 0.7424947337929242 0.7187750582027798 0.7156247761234454 0.7114156514409771 0.6873351494270739 0.666579150180508 0.6633280151258583 0.6562129958397639 0.6469285019824729 0.6233178997563763 0.6078329405951753
0.9440598747053228 0.9385435449481223 0.9412653488085114 0.9469768222253271 0.9789220430321828 0.97794447234326 0.9923402663457243 0.9733988042592442 0.9708261850509319 0.9486706119646554 0.9186943344141021 0.8963224747105141 0.8575233454652108 0.8222135811351888 0.8195750104684957 0.7968513922315673 0.7802884856007255 0.7895886280374028 0.7961351479981752 0.789794850749979 0.8025777366142368 0.7944655835969894 0.7654576840198744 0.7695177033089573 0.774363127823301 0.7929791371055986 0.8013239019173359 0.7843472779425262 0.7765223612517452 0.7697034529701388 0.7741993821196168 0.7536374511915978 0.7230645288936189 0.7182636324347201 0.7170249643532711 0.6992806192347298 0.6673143246455113 0.6536719183580592 0.6255663822490528 0.6221724068153308 0.6241376637315338 0.614555892015599 0.6165850565125326
0.9735241056710533 0.9695145548425824 0.9514585655602378 0.9502089389488467 0.9819802866146121 1.0 0.9836481189356787 0.9922826504085382 0.9845070413748924 0.949502319595447 0.9088772192984674 0.8849248562530541 0.8409428770853988 0.8282173375741781 0.8143014890184048 0.7949062624235999 0.7983515261751888 0.7931217921669149 0.8098088028748928 0.811367740326425 0.7877764995105309 0.7867079242867193 0.7774734287859771 0.792461409356913 0.7884547884591002 0.8147192164630019 0.8264793403919548 0.8060755232406521 0.788306978909372 0.7659818759751655 0.7466829949845264 0.747782503307134 0.7140431498008646 0.6971984460881702 0.7090711483347659 0.6752321341801965 0.6450198173785497 0.6441983154309455 0.6140280894557343 0.609618626426435 0.610525849743904 0.602254988375127 0.6014362233811421
0.9989969986867051 0.9891307137817703 0.9683604519865577 0.9571036681673948 0.9790809031995272 0.9813445197749375 0.9818540853076777 0.9767585082097013 0.9738909055844568 0.9239361287188561 0.8921987409396663 0.877822806261734 0.8306691558644022 0.8226806993888574 0.813056524088741 0.8245718386175456 0.8333572479463888 0.816519226035396 0.8176380505953764 0.8262837642515105 0.8075768060430868 0.7962888614183705 0.8207837572027238 0.8242036922537226 0.8016757279557587 0.8103006316229858 0.8301374173675583 0.7897262441277016 0.7700434186240016 0.7538527906862955 0.7513918284978044 0.7374625405424405 0.6975361942421204 0.6835402369064844 0.6966750575536204 0.6738542770039982 0.6438948491789168 0.621909140018173 0.6294320474584646 0.6254258575102062 0.611775340362245 0.6170979172991788 0.6238956987646948
0.9908560686565074 0.9965009006157977 0.9761385680728863 0.9482855403724416 0.9649824762742873 0.9538959431200997 0.9499660667376777 0.95536306344652 0.9545493241168593 0.9363207682327268 0.9177149849304446 0.8875772727525124 0.8405427433144211 0.8375403223507594 0.8405968366078097 0.8394891212752635 0.8175868469205272 0.8256878458119076 0.8126725284176712 0.8108816099860263 0.8259268543365864 0.8308249489635854 0.8288972499106524 0.853606757784815 0.8399448706788982 0.8444032552455053 0.826000011828005 0.8121321283209941 0.7874940072350419 0.7843312273575439 0.7494019784373492 0.7493106214395946 0.7094779281488334 0.7024190612416863 0.6726166848631338 0.6621184081110127 0.6345115398840461 0.6251981416958654 0.6290745378698414 0.6065462808765012 0.5917328190438742 0.6106141044297914 0.6159885912751076
0.9917640015610185 0.9929396539843323 0.9643793206937114 0.9472978926695693 0.9366503761834352 0.9459681601589015 0.95064719860096 0.9559678689138796 0.9759445420838149 0.9327347537571656 0.8898120202745408 0.8945686311156331 0.8749089317260821 0.8588247739006094 0.8618727544843635 0.8460214857686232 0.8080848595841407 0.8091413404679428 0.8324822714089376 0.8264222850688119 0.8519284127377706 0.8434794532827246 0.8555583810254458 0.8557185378473575 0.8718703973746403 0.8490639503172585 0.8651818573768814 0.8302203354751393 0.8292141014791494 0.7832123307776095 0.7632430030954974 0.7559185673446791 0.7240421684853625 0.712270033405231 0.6784961593084006 0.6432258315037922 0.6231284292910723 0.6118857853694524 0.6132279179077584 0.6040873102821539 0.5917599251882315 0.5917535222955348 0.5843707983922205
0.9560529862836467 0.9522740755801069 0.9434466554419548 0.9495021021792642 0.9362100633032259 0.9552517770551109 0.9458589294780123 0.9552318146687158 0.9658899672632614 0.9440186743587345 0.917316636705584 0.8873724614214972 0.8837248428509011 0.8687127050044783 0.8401843766969441 0.8338154040155066 0.8326178626397661 0.8350833119844695 0.8273188920783099 0.8424681970228178 0.8552638526784128 0.8565333143767988 0.8564911407771079 0.8453531844140204 0.841535102276349 0.8321021249052641 0.8256960454908574 0.8235184546452264 0.808781024182231 0.7913593829273818 0.7720410132203203 0.7308961224317834 0.6952584174947373 0.6857436309564725 0.6773118204207511 0.6262519901930271 0.6091923501276982 0.6132577958839154 0.6031816906592148 0.5818292555042379 0.5814938305927667 0.587439722515472 0.6041916056408069
0.9360520706215558 0.9479749330099607 0.9552483814837389 0.9502632247424262 0.9359624551466044 0.9562427026829965 0.9483010866872282 0.9709580861928832 0.9760067359601232 0.937098608493833 0.9190074494483136 0.8788819022961589 0.8810798374706663 0.8523857361165565 0.8563222293346944 0.8570591288908632 0.8346357952029497 0.8399927292140772 0.8308642379058668 0.8298329282481238 0.8432870680632613 0.8425179582909076 0.8325955366069033 0.8192231852901146 0.8176491964700289 0.819908661978689 0.8309151630996623 0.8221242526206506 0.8103961297728562 0.8033300031928122 0.77726109605941 0.7298435921747265 0.6832231501192605 0.6954010490264675 0.6754257947487486 0.6392017905239736 0.5955330827776227 0.6075917120537613 0.5925811366499099 0.5942433408699453 0.5812568654061592 0.5853254216828068 0.6099828125356408
