Raster_benchmarking/continuous/raster-24.asc
NCOLS 100
NROWS 100
XLLCORNER 1743159.089794245
YLLCORNER 5469292.078385395
CELLSIZE 10
NODATA_VALUE -9999
[rows 0 to 18 of 100, columns 43 to 85 of 100]
0.48852297699950714 0.49984767969180655 0.4695586556470437 0.5018545936070242 0.48905953595166973 0.4999774084260644 0.5094926933767648 0.5251929157279973 0.5239277038871039 0.5218731942176283 0.5216463444663705 0.5712000090126116 0.594829765036265 0.5824234613182203 0.5970376067015604 0.6325356462632029 0.6081777892759294 0.631733730286404 0.6265740645079696 0.6402630892297222 0.6134402705086545 0.614478364280303 0.622512086631981 0.5860073722599989 0.5885307495780288 0.6020538424999043 0.6160681243476864 0.631505231725799 0.6139052704764844 0.6369928131415926 0.6395569039309217 0.6473213935003007 0.6788378198560123 0.7002924935362028 0.7233822524778651 0.7260488856524062 0.7333400385428791 0.7707676546741853 0.7934120599876746 0.793878044331186 0.7673192840712606 0.7600991976021751 0.7235652852659166
0.4562958311218832 0.45088394450481367 0.4664884557998887 0.5037416941103892 0.5189135523378701 0.5148101533003443 0.5055294632856925 0.556201972793008 0.5574639181606746 0.5708406196637716 0.5431945867662411 0.5829827914410283 0.5862522130783077 0.6012854665653887 0.6483213107025529 0.6658283294107837 0.6346634818195388 0.6469535591469132 0.6651121741815788 0.6617791200182161 0.6644347350301325 0.6279960956426166 0.6323055299428371 0.6148304569712312 0.5709244167448521 0.6195349056142322 0.6038777569362974 0.599261603752937 0.6019564642326479 0.6357320560414856 0.6222433613472002 0.6597833893762026 0.6512571738903051 0.6821291542127671 0.6977751298969873 0.7368674467677612 0.7431591241722673 0.7602509612520439 0.8070327843476831 0.7952394951472244 0.8344447340651219 0.7634824416248212 0.7595797800015839
0.4265645673374614 0.4263978044405657 0.4417628625342853 0.4863362895596648 0.5175339533722836 0.5195823831067454 0.5362093051079645 0.59107885601164 0.5778700182229317 0.5848009278077256 0.6049080990689027 0.5960838706330721 0.6411236243386164 0.6592483094537772 0.65913584371161 0.6496600920013397 0.66427617177744 0.6442575394734671 0.6474734049316117 0.6421966347405549 0.6349373454149692 0.6362946293358265 0.6194397324363663 0.6238722512891564 0.5730425228797236 0.6031525088711347 0.625887208280159 0.6388563454236377 0.646019494532032 0.643682443672812 0.6665093437192591 0.6737635495869246 0.6726971409623831 0.6574169763338235 0.7079956061362763 0.7185659219436681 0.7424109155683981 0.7432533439560166 0.7890662598674116 0.8124125464352558 0.7919494117617407 0.778616486304015 0.7878952060825021
0.3758580937496596 0.4158829690966673 0.4607820572462316 0.46787799509962624 0.4858996266474956 0.5333013080752674 0.5602927099978203 0.591156287098187 0.6306724414796137 0.610735260151371 0.6076401340358893 0.6601111284714133 0.697896643525282 0.7088406419028324 0.7196314034562328 0.6892438181788625 0.6795791255567454 0.6729341611296956 0.6557347803773106 0.6738811516997892 0.6423199279449661 0.6556869429714612 0.6039768836790006 0.5904807510750432 0.5921654150353698 0.6101146805792296 0.6555333904795176 0.6625573299511638 0.627244356091972 0.642950921362619 0.6858378144108851 0.6517894783056433 0.6295694478196088 0.634256360452105 0.6529512608576564 0.7062654163662719 0.7379247089455272 0.7563044777708088 0.7808342230620516 0.7947502543125015 0.8420072475965562 0.7717340874481975 0.7647983300738506
0.40587684755575504 0.4320571728470278 0.49049857679341385 0.5000465302544801 0.5321972610260935 0.5314610451722891 0.5653706152268306 0.6184846704968138 0.6417906933013073 0.6291724411909555 0.6520375138252745 0.6445256632337263 0.6930880100315213 0.6769106810776176 0.6970275405463423 0.7328326207081853 0.6773346060662511 0.6902369932210164 0.6663248730763746 0.6714035293269638 0.6684629806216948 0.6566789195140474 0.6416634267918304 0.6463484724389321 0.6519458028059384 0.6751944786440632 0.6802090112731082 0.6712127806037375 0.683375469422672 0.6669636616088767 0.6618139793681439 0.6846669807894025 0.7015327680983297 0.6802455756820827 0.7032499241646379 0.712678010105004 0.7391431011476918 0.7778763115278793 0.789874067852027 0.8126760991082372 0.8308585575379341 0.7989922418171915 0.8038235898122306
0.41837335114693464 0.46519122662509393 0.48355006442147147 0.5015060830985286 0.5018155580256671 0.561622512394614 0.5745342982145463 0.6285540107436239 0.6603711875915171 0.6847581865742732 0.6876311711746709 0.6877669324120252 0.6675927325959365 0.6859839204972301 0.7269231718728063 0.7305746055402175 0.7055766477724298 0.7261438675922497 0.7224189015926925 0.7093621734392662 0.6618015860359264 0.6970899507834905 0.6668483928382382 0.6767758279771974 0.6554210986066208 0.6776903118836983 0.7345743777373986 0.7035391453782558 0.7472043713290825 0.7245394061745327 0.7127082225285354 0.7176234833961775 0.710646138558136 0.7386710666621317 0.7162831731563071 0.7184894441330135 0.7247067679124161 0.7493927241840832 0.8199526755062954 0.8092379045678683 0.8054575048292854 0.8029844653511529 0.7912141400865783
0.3993053580146099 0.4461594952608047 0.47319260963262905 0.5260448802987567 0.5452180298211962 0.56369506744411 0.6019639317358995 0.6499177770125164 0.6386839847483269 0.6794378364618335 0.6802966714773351 0.6955494958338924 0.6905550901965389 0.7282378565929036 0.7473759891470513 0.7367944801588413 0.7654567406453284 0.7479700772849939 0.7443668566331063 0.733198340644892 0.7083387411024769 0.6988611241029862 0.6871445549947632 0.7297981097346512 0.7032198289648688 0.694703090682965 0.7240462992626198 0.729956955212088 0.757394364378719 0.7514315494563193 0.7547155678986057 0.7302311347379019 0.7503168003543317 0.7424605298621539 0.7333191262357837 0.7448447977806317 0.7303233511084926 0.7644851637603725 0.7834518732472155 0.8085167263292087 0.8266230104471749 0.8005611263893682 0.7888652282203992
0.409057523155142 0.4567485713192854 0.4583435320387367 0.5088274495174353 0.5725619416115799 0.6022398378418748 0.612417198054055 0.6322412641782438 0.6495994291388728 0.6984781816185672 0.696070156220192 0.6842486355190669 0.7023360891167181 0.7145439570373381 0.7412360186756562 0.7567080663414263 0.7663718665500737 0.7745529739615297 0.7501767773222119 0.7828807016384723 0.800296469184017 0.7619908425936001 0.7562558505919884 0.7172679200989046 0.7390501791640981 0.7025020149433395 0.742680266109198 0.7624329743694708 0.7959477492454335 0.7850672979764255 0.7611195110688442 0.740571572380836 0.7239325076586202 0.7566465164726359 0.7329894575741971 0.7537958016685071 0.7722382443665774 0.7987822697138197 0.7927002467081026 0.8349041318525738 0.8586115054145594 0.8040760178967958 0.8378558303468993
0.4691773575433501 0.4605642193183284 0.47776355380758845 0.5022007699760125 0.546748365622127 0.5632653120819252 0.5632538125916697 0.6161005918382034 0.6585960207816992 0.6649036231040139 0.6908783360864224 0.6945028777295051 0.729431472923725 0.7311790902900194 0.7536779059491667 0.7692559706229447 0.7661890358614126 0.7793387534807055 0.7824164586743825 0.7713701795397222 0.7684149517106927 0.745357412669894 0.7489488511190069 0.7194954770730536 0.7184975712234372 0.7354694940277174 0.7614351238259927 0.7543824543638172 0.7521668757650339 0.7519199418519895 0.7533366750943505 0.7711175749224043 0.7604066826621911 0.7500001341517695 0.7211222850380644 0.7519288116430131 0.765337865780281 0.7918978905375028 0.8253105237767195 0.8308457183225149 0.8022995257692572 0.8188015065616171 0.8078861064911567
0.4891226787256366 0.47448004450650677 0.4606447136555403 0.5089337749863323 0.5789332481255074 0.5734345199342162 0.5607415967394945 0.5891133360759697 0.6435706592964644 0.6233659781747226 0.6468809135683186 0.695649424305348 0.7320807923901428 0.7346705485759412 0.7845334148238902 0.7952052098830688 0.7845581133514462 0.8101963205987618 0.7859663550857547 0.7599851536432594 0.7809270902439853 0.7404194276049885 0.7454889567021161 0.766920792328795 0.7464818734411588 0.7376148340673627 0.781660504958427 0.7788481475188013 0.7788523739078468 0.7599754081408491 0.7519831514672976 0.729911305369206 0.7492116534097211 0.7247884713875228 0.7464919243861385 0.7237115170898617 0.7487120640984871 0.7672394150338823 0.7949598152362201 0.8217709652203724 0.7871551062370123 0.7686276042193391 0.793793625678668
0.46314137622411117 0.4577742844683606 0.4965326012902933 0.519503098659984 0.5291126549239994 0.5419882731837103 0.5749068502440317 0.6279025354383864 0.6276908125450338 0.6285260804347712 0.6836293359161847 0.7062462710869648 0.7122125791547717 0.7312636829539826 0.7923178198118123 0.78681376416051 0.8143647996339597 0.8250286726392717 0.8163096777891863 0.8052097286558983 0.7979270695394586 0.7566743418005166 0.7817134778759577 0.7475141096439758 0.7608706776519487 0.7789499759150754 0.8084623886350265 0.7818049441640319 0.7839905443871001 0.7631313571337865 0.7720256132388718 0.7420274421620702 0.7289898191530598 0.7256761526780297 0.7546592750468275 0.7527914561565255 0.7465676155045307 0.7522977212191074 0.7481031693839393 0.780501638936872 0.8057793264535094 0.7841583071318852 0.8003736113868569
0.46257323551512514 0.47778045496339844 0.4767068065829166 0.5174161193476057 0.535866544833137 0.5764916255503238 0.6002785344533855 0.6288725157481806 0.6024146527237364 0.6627600711758571 0.6709145868057709 0.7203649511061352 0.6883887450687618 0.7515252058482162 0.8031592795533192 0.7773283505715425 0.8146977502677805 0.8394378930847445 0.8059441399396751 0.8289742666809281 0.7815898576985211 0.7911392788654033 0.8088912373046223 0.7545602096974221 0.7489499340983143 0.7898781655718713 0.8274754719091074 0.8072386868910792 0.8287450668624782 0.7957370216630297 0.75875831349848 0.7378887099006322 0.7335814189462692 0.731556587143311 0.7775601525995398 0.7427737171028187 0.8061712395790884 0.7750281571892133 0.7578426722380572 0.7969336638199048 0.785291643742838 0.7980557052253505 0.7862698101912363
0.5030122736160066 0.48399919084843895 0.514296711848796 0.5466045402904728 0.5636273492636095 0.5987962053783175 0.6552580535963443 0.6293498221839232 0.6766894448428503 0.7094580489289102 0.7317071885191172 0.7118407252391805 0.7395090740525947 0.8125349434437027 0.8164244196530757 0.8116435157165548 0.838703215727285 0.8117070316840621 0.8153935267187638 0.8509648329353051 0.8351388429226987 0.8617782825696122 0.8192436408955986 0.7896699064379197 0.8081017452371438 0.8037978592602302 0.80913496346783 0.8365366184381924 0.8311005012239343 0.7938080075741596 0.806483726352027 0.783329552492721 0.7705103122116421 0.7719217940468985 0.7711705048132622 0.7450940180934797 0.7762736499037858 0.782776532513885 0.7564183610390397 0.7814117586472853 0.7907417761678238 0.7802550390396683 0.8039533211874413
0.4963039155733267 0.5169128339810801 0.5685215394548574 0.5955536324546596 0.6271254214065912 0.654484858515935 0.6816293521591614 0.6912723469562182 0.7070741267406129 0.7404749698304358 0.7510405047637189 0.7743893408404686 0.8125958204654314 0.8107530159077408 0.8372351749970327 0.8173417974899594 0.8396673965735475 0.8721246275601251 0.8799313949032016 0.8868093962704585 0.8972280757406982 0.9016004198841006 0.8669342131025236 0.8163813725149972 0.7885498521060399 0.7825129772140147 0.7897287159307892 0.8421384826166839 0.8177848809026771 0.8091601661882872 0.7923793926539281 0.7804712080863123 0.7582358764194311 0.74083573989045 0.7684987546100418 0.7456304915244772 0.7302988404475738 0.7484456263517215 0.7346749009573248 0.7760090842028459 0.7462297714320438 0.7764184625408723 0.8082178796038223
0.5364952798293647 0.5603782179544196 0.600557386630619 0.6044315007730255 0.6308112298035454 0.6566862981619576 0.71022227523039 0.7149316662722963 0.733969746611008 0.7440592826069631 0.7977140412652014 0.7979029881418935 0.8020700839348136 0.8398669241237026 0.8178017912159186 0.83834310132888 0.8214504067984983 0.8585534072366606 0.8989373096789118 0.8945660794404914 0.9044867867766133 0.8831910644557173 0.8839251442649071 0.8597109062281982 0.8614569003019479 0.856489289871926 0.8561839620543601 0.849998719321578 0.8338439379446067 0.8056702323355569 0.7908775289989903 0.7448650494636099 0.7427620145388621 0.7619386992391409 0.7815647371938924 0.7791895364540528 0.7669423559278571 0.7616892543119893 0.7248529228194698 0.7563691973720114 0.7580062638580867 0.7806188936581738 0.8117293191291772
0.5484514562610365 0.5721392241850619 0.5993261068065386 0.6267297052003347 0.6571061656705577 0.694873667341748 0.706920251320034 0.7405731030523893 0.7567679593417119 0.7511853099871731 0.8041522494227832 0.8079659364134448 0.8244142549676029 0.8220751554488918 0.8273339335032058 0.8218096505898141 0.8395712305597631 0.8639197521412966 0.9031292837472268 0.8914258757144811 0.905255179812221 0.8748341900054641 0.8725713185716906 0.8569056710829704 0.9316900720336472 0.8932873817474531 0.8737974157171999 0.8461580434143928 0.8317405824048908 0.798377677584163 0.7724996155933272 0.7182491381811362 0.727432637193957 0.7806863432868862 0.7871724750197723 0.7916095757577679 0.7805661096873555 0.7616178238083403 0.7438083760547652 0.7472978964978172 0.7435509338617675 0.7485472896147042 0.8054868063361856
0.5929591490822637 0.5957265369294644 0.6641182199519003 0.6677432739359789 0.6795707225612585 0.7011425072450236 0.738282306969998 0.7233674854859289 0.7739305836987506 0.7930634784710205 0.8264484715651897 0.8054335091075955 0.8039102620668109 0.791232774426493 0.805040061754479 0.8315691058602278 0.8285701290771518 0.8256979163537893 0.8886980864854472 0.8959352807248999 0.8859020677823852 0.8787537610713162 0.8593864251440307 0.8688186944606652 0.8991860331732435 0.8677022711334729 0.8537707079763773 0.8568666243997493 0.8269818613755936 0.7826878586727506 0.7739339852792713 0.738899572005366 0.7339524393347291 0.7533152964557702 0.7656226193299861 0.7621998268007403 0.7442978258707869 0.729207847659235 0.7318045492504125 0.7206113827378352 0.7098364412284079 0.7547706510093141 0.7647326242477904
0.5986711227551824 0.6335179683974674 0.6968657962324218 0.6798307656191922 0.6841925868685804 0.7433112018034449 0.7417370133425888 0.7284316677825096 0.7384660521856015 0.8099955950904772 0.8206106730056184 0.8150587667062205 0.7613429522389632 0.7865905519693124 0.7814922839866477 0.8154781614848492 0.8024342186908437 0.810563152051642 0.8531879018242255 0.8707084319176545 0.9056558553591144 0.8597834961446064 0.8313160583065317 0.8473702750510277 0.8482191253323923 0.8771779992183834 0.866415734687513 0.8334859134269369 0.8333054208835267 0.7964120592954649 0.764198843344166 0.7699177876911669 0.7376143642616938 0.7621714355992318 0.75777080292048 0.7241810518400118 0.7429589918051496 0.7364263703066514 0.7185767467044639 0.6975364788922578 0.7229343763008731 0.7540525967962607 0.7545558898199559
0.6539379655189835 0.6653288318190776 0.7297022481274869 0.7572898323490885 0.7290074720693974 0.7438521383885559 0.7322142356858817 0.7574125461377043 0.7853746637003046 0.8031706752725887 0.7774169583928433 0.796786282318432 0.791515423116695 0.8025486494538665 0.7980324948001986 0.8204464387765464 0.8213429613272618 0.8530764963612912 0.8823481430427653 0.8875875398084719 0.9043457405047511 0.8335080010636937 0.8185069227909119 0.8223580380579906 0.8281850224790456 0.8345033338408577 0.8659418453173909 0.8265122621585491 0.8392480155374049 0.8314855833007444 0.8060897092652781 0.7506036634286484 0.7128788268549997 0.7004040186546071 0.6912230842652515 0.710461366913792 0.6911302693622284 0.6893406117887808 0.7172054086827886 0.7145315340974668 0.7024357085966308 0.6896356719124281 0.7366661017243953
