Raster_benchmarking/continuous/raster-416.asc
NCOLS 100
NROWS 100
XLLCORNER 1743155.404971014
YLLCORNER 5469293.631402861
CELLSIZE 10
NODATA_VALUE -9999
[rows 38 to 56 of 100, columns 43 to 85 of 100]
0.45051284769951033 0.4751858500874874 0.4903935508054727 0.5542745840025743 0.5424681605570284 0.5536149263395669 0.5683937579059055 0.5583400055426924 0.5876266420397689 0.5918767975898579 0.5906431177203338 0.6290742115879498 0.606740085510261 0.6102828617982927 0.5804642339219834 0.5786913776460056 0.5529611770297733 0.606532130888133 0.5881745649574275 0.5669008806995588 0.5276240675786906 0.5689214465720858 0.5692782651412883 0.5663623598696974 0.4953008008509615 0.44923522452140685 0.406097933126228 0.4194303916566971 0.3857704309223358 0.33356465381399625 0.3154662397387299 0.33753178509528586 0.3824315265005619 0.4288961104596307 0.4041626711838652 0.4096099523469391 0.41547918855558136 0.4546377202854977 0.47834860604941337 0.4946863210390444 0.47563368512874504 0.5181364832671236 0.5148729186780109
0.5071307479121718 0.49959842393426357 0.5696174813483822 0.5990880741537804 0.5703852731955926 0.568784501620721 0.5807332555170991 0.5698802173554156 0.5638803609607718 0.5898532131653073 0.6175899716424563 0.5898092733381609 0.626775655138991 0.5725737084396418 0.5457873945738948 0.5451938461722222 0.5390382754960811 0.5809026676733672 0.5268039402569953 0.5393708113136895 0.5301678728081531 0.5817663571716636 0.5469745475663325 0.5193208977579425 0.5249926730283672 0.486355114745626 0.4262505230183181 0.43718143547469596 0.37341714890279676 0.34792757532624824 0.34134842711904445 0.32770800884765433 0.38672807966652145 0.3880021660325689 0.3776351075484868 0.4207162628652912 0.4234199437142174 0.45985092459909127 0.4660200080358194 0.47897777691319104 0.47756019595315913 0.4854006663787924 0.5252793539863428
0.5379584993500984 0.5623784233539858 0.595993489299019 0.5890029893918354 0.6078564983155577 0.640060171565066 0.5978074170040414 0.5740765189629666 0.5860228280283968 0.6169537034454482 0.6360502181642624 0.628338528561063 0.6066583372545329 0.5613524879936237 0.5397789394541876 0.48847732730463816 0.5262986235040579 0.5289778653508326 0.5168645310026405 0.5343733704034593 0.5011590129754553 0.5134847351344194 0.4752168184380946 0.5113403029678204 0.5041147634105293 0.5073324722070552 0.46365543646870366 0.43216199930728155 0.4453842923858423 0.41008649755952326 0.349346823700687 0.32988567979738664 0.3314729257584994 0.36128704421945 0.42995625966543866 0.4497162673705669 0.46265835754867213 0.4622912698547096 0.45243003668622983 0.5119272294686691 0.4977241671556148 0.5027757373071678 0.5804475993680591
0.5559659472342438 0.5773150508965973 0.5980656779635233 0.6065920041541185 0.6405159022318277 0.6720687942917923 0.5938348366812332 0.582591155160192 0.5820041187647453 0.6611799869490573 0.5906230171440647 0.6313671431204765 0.5490460933691527 0.4903052877447592 0.526903979482337 0.4500888187253741 0.4589523397533544 0.42541243513308574 0.4484393535505201 0.4866495031925092 0.4914116918373976 0.45207022161505284 0.4835104843893143 0.48239906898648854 0.5130958867082079 0.5366777888209687 0.45554601906412534 0.43877406324940377 0.48175617054370246 0.42119675314085386 0.4192630633187462 0.34703132214897825 0.367705613309592 0.37963324020664035 0.40320987915966133 0.3939983454235521 0.45240218541450233 0.46058872597417755 0.4743668375364889 0.5044043576963618 0.5060564550566868 0.563851020476472 0.5638470991839496
0.5843707660796889 0.6384656574957818 0.641187405425609 0.6058199792302891 0.6188216194616304 0.6682708778251544 0.6243757615964523 0.6077762251983093 0.621354181765962 0.6041154709629228 0.576615460995907 0.5917557345032821 0.5388570407596115 0.5267993173130109 0.5300789904008889 0.5210294815864364 0.47078802395291164 0.4540001375051003 0.43182046959040554 0.40388551566244374 0.4266842100322121 0.4194407627685349 0.4633506364756234 0.4821419643618258 0.5279464191541835 0.5183258970701323 0.47673710599860303 0.47291716717170573 0.4853980822300874 0.41822813891580374 0.43022550213660465 0.41904093400642983 0.40401584139714186 0.38077888686744044 0.3867079734924707 0.40580021215747364 0.42146617575328765 0.42316023813223325 0.46360299946311934 0.4670873867340595 0.5498402538155359 0.5589004076517744 0.543135581220031
0.6098788604669412 0.6485852110068872 0.6729239412441734 0.6681062615553383 0.6565937879068181 0.6359872261106124 0.6744899397914907 0.6179763035502117 0.6136985250838447 0.5691313863367121 0.539521266742235 0.5662021423242064 0.5302457136534128 0.5909243494313544 0.5822013122821448 0.5322618395589952 0.4627597077342304 0.4358134600107131 0.43247386680533073 0.3930175325584859 0.3906098037308047 0.43433304494793923 0.4752990637717552 0.5143366192382683 0.529792286113813 0.5408062816570404 0.490141641939703 0.464897220314255 0.4931232167516926 0.4773711975245983 0.41920419843031553 0.39265185119667406 0.4262737102840591 0.4500655360425825 0.419586446132295 0.41613711307585993 0.4512295150573605 0.42810352921610306 0.4726819888688601 0.4932701800037952 0.5048511699831546 0.5859670757429291 0.6017156782275804
0.6492426098960575 0.6587105654796248 0.6882415926649421 0.6953870696634619 0.6847126028310471 0.6746497089479694 0.6863438403656408 0.6099806396672829 0.5772823159706928 0.6156493680013055 0.5890022486846321 0.5629709501841881 0.5639273995646995 0.6033388343235844 0.5346250150496383 0.49207504835345417 0.48523427656859003 0.4769113635865483 0.43188017007608936 0.4311195144683448 0.4347513699617339 0.44934919697454606 0.45781163921477497 0.5006543456037816 0.5240549914119953 0.4661385518537957 0.4797141438559734 0.42496728533040484 0.4391669175769503 0.42872607731530205 0.41720544152789857 0.4578971582403891 0.4436962519194863 0.39882591172212817 0.39694429529877256 0.4453679922348264 0.4412712680460191 0.420427554142143 0.4311011887791111 0.4623627210117322 0.5044673531790945 0.5773194687980722 0.5762005919998906
0.6677782265606687 0.7380704183105157 0.7491682164632675 0.7353174215232435 0.7263274991557421 0.7199691676473353 0.6976126895698866 0.6325631006239102 0.6165537295045209 0.5915896837774477 0.6066150764128319 0.6269565960602234 0.6268528493571849 0.5915821365727154 0.5352643481020539 0.5214207608862653 0.4855852964742874 0.43214552083440655 0.45728371226596004 0.4707530437508798 0.49588016972973453 0.4335255426036902 0.4821774744775417 0.4503329257646548 0.4927258596995497 0.4531154476237962 0.4833185084736017 0.4036093629793628 0.4340087017657267 0.40749822607626346 0.4601581614822611 0.44697084884464316 0.44193660762336495 0.3885806051983255 0.41071435568790565 0.47068265071485244 0.4483239887551755 0.42219017175696355 0.4371422146624205 0.5029419519194095 0.5691459605574002 0.5504954978902338 0.5801130103903721
0.6504384413601213 0.6613360933342417 0.7100572026520817 0.7283606156190113 0.7315902825159655 0.6794613736635299 0.6647374723593489 0.6377347997871791 0.5963597862951354 0.5736411533483888 0.6008276854212238 0.6150106931041182 0.5996014357889043 0.5757800706726175 0.5657200414948901 0.5685133671853265 0.538882345309479 0.521565468159284 0.5129439801290867 0.5603513525021624 0.5469563371833055 0.5244465932482864 0.5129659211924997 0.5065239323546673 0.5302833268016699 0.5075321461465362 0.45599228006271053 0.44962138734017465 0.48752122407930576 0.4754896108391051 0.4351258796841046 0.40868227745855695 0.45046783676405217 0.5134581762181941 0.5177029413939025 0.5283341496137874 0.49839626470510734 0.4757184198598374 0.52173853863714 0.5786310968133049 0.587211553740476 0.5700208311206493 0.6216331521953794
0.6270006595978815 0.6440775971472361 0.7104999416318916 0.7005054003398741 0.6873995765065217 0.6840584507518276 0.6219832755278412 0.6014402269224395 0.572802526471613 0.6055265374402503 0.5717670158948237 0.5817231364936036 0.6236186346495071 0.633685346349091 0.5775320792044427 0.5617584163577535 0.5141563253454832 0.5190540200405592 0.5088575523618137 0.5743849397210747 0.5616707104391184 0.5737671943186835 0.586212944615744 0.5608265739534806 0.5640882889595306 0.5398856230788692 0.49461025234638206 0.5236695644360403 0.4887895799325337 0.4895801852087294 0.4253369363258952 0.44476946720723864 0.4986659661668194 0.5557698261363975 0.5431457875261285 0.5195318753525338 0.545226650208736 0.5102316132672032 0.5786704059994114 0.6026626200853792 0.6028700658669109 0.654378597862936 0.636526976892805
0.6635918553350115 0.7047126254906615 0.6910509701612219 0.7040905388029418 0.656944124078045 0.6640473062500719 0.6722700704484655 0.6789133302497279 0.6092316164665504 0.5927446221980922 0.5958235215144013 0.5775968161996436 0.6375013273948553 0.6649105890633418 0.6206863579490631 0.5961912037328235 0.566725973577288 0.569494599787688 0.5515786103617994 0.5567844321040717 0.5724336365502607 0.5836987471014066 0.5639306452747535 0.5696277205109792 0.6001617284359019 0.5959431666630369 0.5935168764116725 0.5600639390793244 0.5386007706114261 0.48385948328869066 0.47560334159388856 0.50896949724932 0.5458055563356783 0.6116594923420886 0.5877287262430225 0.606753201653151 0.5855087096402618 0.5672785942338551 0.5675732833783309 0.6101293556594347 0.6503246248782503 0.6277476989517471 0.5964297639203773
0.6972208805865455 0.6797598737225494 0.6766475640736227 0.6775123979447212 0.6467397133821547 0.6804256837274659 0.6651111012215656 0.7199188930838553 0.6308174351387272 0.651917512633027 0.5809761465809827 0.5646080412269938 0.5953381469145197 0.6320255655936962 0.6100005468003702 0.6137210296077686 0.5843965141072133 0.6213665372146919 0.6259420218515424 0.626541944094574 0.6331499153107417 0.6006289497078058 0.614613337757833 0.6532361010595096 0.6083739239512692 0.6053696258039394 0.6288708588622265 0.608592812567599 0.5738706514257257 0.5318157958951203 0.573123381738583 0.5673869689465453 0.5859978150803041 0.6611041648293454 0.6637618248485174 0.6593667717343026 0.6472850133276664 0.6416011229332217 0.6257940273681328 0.6103877302846329 0.6076013158063648 0.6631924081655425 0.656310916101341
0.7207623319559825 0.7567556406932321 0.7558963671000809 0.721455350580883 0.6680970945865212 0.7130906680687743 0.6736327348952035 0.6641159481663453 0.6414903877853714 0.6501970758644396 0.5857640685540527 0.6060824057627913 0.62776040227532 0.6055658462176949 0.6229350348627597 0.6452799163891403 0.6324169545457408 0.6117620493183551 0.6451790678155033 0.6358639088519823 0.6096405902388669 0.6551764494961316 0.6604205406209883 0.6776510189484202 0.6034214547989073 0.5841055400423915 0.6456761133142996 0.5979040643620321 0.6149611169776115 0.5837067007346717 0.5945437885340789 0.6231653325560955 0.6637410954341426 0.6571414240071344 0.6541607991676246 0.6822994439469363 0.6557387806363674 0.6869574131342828 0.6297975468040579 0.6027856446629538 0.6428798794472699 0.6272703904342646 0.6357217084548646
0.7927122166010798 0.8083586646325308 0.7584348241022952 0.7344026346250221 0.732120249828768 0.7165729541669796 0.7501450354896856 0.7051940841391662 0.6735013364829746 0.624863663253623 0.634094374183439 0.6239311543581954 0.6057171853100765 0.6243167255562906 0.6559848490993613 0.6682134634651946 0.6504894122778281 0.6834877603215499 0.6922726669813714 0.6156645320518587 0.6697404657629416 0.6544334092305958 0.6344579070821682 0.6607567946111158 0.65858458246639 0.625020802791615 0.6086605452389594 0.6182917580609173 0.6524533550343946 0.6556396560237338 0.5991770376776502 0.6386571115609597 0.7030187769718911 0.7051423356931533 0.7070213463277982 0.6698578093651667 0.663402277505373 0.7383018088927642 0.6711805981203058 0.6429375369626676 0.6516368697520779 0.6382572698056861 0.6649312734615409
0.7806754231493035 0.8134855902566616 0.8363701972897339 0.7914222645202112 0.7551999085318288 0.7307937361089769 0.7683548692710552 0.7209887983986629 0.682835938659298 0.6671469140017364 0.643679780813448 0.6189937457827139 0.6227452476124659 0.6443681553465979 0.63473907546866 0.6483154088989299 0.6385342581815949 0.7030369570760564 0.6814723965598803 0.6403374183121685 0.6737324376410171 0.661483446675433 0.6919951710692308 0.6733688343730471 0.69766586628255 0.6936484480606515 0.6620203849331655 0.6723347057311003 0.6675003511827353 0.641560158208526 0.6021511509944173 0.6039386117576381 0.6692926451797127 0.7134150705911201 0.7055568874316428 0.6706049581425144 0.7095056270980967 0.7097627284963511 0.7006125824215749 0.7036603410229192 0.6270733551746555 0.6520605560731857 0.655339897685721
0.8548644399839538 0.8965534620596082 0.8731195417053996 0.8389002407578343 0.818290614632513 0.8106311874722505 0.7353157690473595 0.7611547561079923 0.6833198978410119 0.6776441261320973 0.6731503054737878 0.6564917935054053 0.6380198829011968 0.5738770303446769 0.5878715580248828 0.654348330863667 0.6473954161101885 0.6684657118928957 0.6567747264869046 0.6405619486834617 0.6529641160251015 0.647005002849953 0.6549868016074682 0.6945476177079674 0.7545961708247071 0.8049536051965417 0.7274510362657068 0.6958831441487784 0.6549257516435758 0.6536150314114244 0.5946700757124601 0.5879717148656062 0.6148481461015023 0.6765980588505494 0.7020985657367633 0.7164891266299269 0.7032721284050958 0.767804873263132 0.7126977201975514 0.7081428462368524 0.6881628749863884 0.6466242705137057 0.6760507220071323
0.869750726036133 0.9000734775786916 0.8799788865077518 0.8457496339615378 0.7992014780412877 0.7654308186803263 0.7321000983940977 0.7523633433653877 0.7256050709143712 0.7285397841095711 0.6737194912701645 0.6448644668082666 0.6701499276302761 0.656598747257577 0.6196619682188372 0.6390905583517961 0.6628935283977896 0.6483163223668768 0.6717956395304362 0.6647039022886976 0.6515141882911087 0.6439847317314407 0.6862884769419756 0.7218278221624316 0.7109618909056348 0.7178007669150785 0.6906977013347956 0.6889803150315429 0.6786591862368503 0.61461808236421 0.6063812608895672 0.5774944534473999 0.6632264640599788 0.6792462195168145 0.6696213598019122 0.6938470197619234 0.7216955741838746 0.750383422745152 0.7427475665877111 0.7360724336532649 0.7268480857113724 0.7004752099854907 0.6278156371573446
0.8723796781600455 0.8442913822083655 0.8578943329086571 0.8580596965850897 0.8001765823728744 0.7811781357856867 0.7116451320634514 0.7164764481346554 0.751521301231047 0.7410995119516097 0.7204378852242813 0.6594261634751453 0.6561170716882802 0.6602237910398264 0.605587083889316 0.6480954809916963 0.6457537749121789 0.6696599660337736 0.7006037253521152 0.6776209456318597 0.6865486188958538 0.6927401048969933 0.675798962026625 0.7211249324040756 0.6891261219582046 0.7099847009132647 0.7049551760615034 0.6563625949128761 0.6275240238239109 0.6050921291682877 0.5773370901665921 0.5907851780618345 0.6413575981770515 0.6748368493519847 0.6653516773039305 0.6671290415911026 0.7389948851581686 0.7601826234054905 0.7476961244269514 0.7383648287635121 0.7425684265533732 0.6879296039875247 0.6361662040298907
0.8450561829571791 0.8286143334982731 0.8078928984885062 0.84207772973361 0.8287472317198364 0.8161082261859585 0.7526983824912693 0.7737985041023462 0.7702668718702455 0.7438845579727457 0.7150189347931292 0.6722605404100485 0.6429777335644058 0.6070487361687004 0.6036933911329865 0.6234181653154945 0.6159278336879348 0.6487209386585633 0.7066872490274704 0.663591166847194 0.6639083920255137 0.6579090618134575 0.685969454187018 0.6960203930935295 0.7445685725995522 0.6990275433137365 0.7386197545791571 0.6707199617723785 0.636083118371018 0.6192105954645785 0.6165959936980654 0.5772856636918616 0.5816540650019509 0.6110485092810476 0.6303663891034241 0.6454140526711575 0.7214072364905514 0.7497070100815536 0.7458208157835794 0.758152090594251 0.718608811346643 0.6880572768606994 0.6670464597939784
