Raster_benchmarking/continuous/raster-83.asc
NCOLS 100
NROWS 100
XLLCORNER 1743166.3792144053
YLLCORNER 5469279.836934906
CELLSIZE 10
NODATA_VALUE -9999
[rows 19 to 37 of 100, columns 43 to 85 of 100]
0.37369567815282045 0.3538670021867778 0.37184577222949805 0.34551849523552747 0.3567516196790084 0.3350869677529442 0.3149637518744598 0.28350686022755367 0.23704078763178077 0.21224618148856217 0.2298487495163504 0.21755673859764885 0.26817490462960447 0.2981151626710823 0.29054357601666847 0.32803618293341846 0.3212953867987218 0.35960162091344106 0.36351990549935814 0.3686395768577239 0.364768733931174 0.32662928364583654 0.3023552219992568 0.29641331282033134 0.25361475999757027 0.26355349278437523 0.22911063511561136 0.22903357232623955 0.18845862029376054 0.15049956255412947 0.11772553617904079 0.08836413854573612 0.11625643148269443 0.09529133256986874 0.12869693072222746 0.1132797284285462 0.07844848528372345 0.081260616958684 0.09429515075742936 0.10117049147670071 0.09610176594900086 0.14296020542071694 0.13977282225646334
0.336956590740764 0.33856360188993434 0.34826141480297723 0.35539695821608264 0.34654973246456044 0.3496910720118666 0.29155014836231563 0.2903394072287774 0.27728707208570813 0.23675517952466188 0.23560574817393035 0.2437496124331546 0.2756984723934191 0.30578078792969615 0.3103361700862998 0.3006422527469761 0.3627326673248918 0.3779132856427892 0.34285502745557594 0.33921106420892244 0.3431499578067948 0.34420995947755967 0.31878094479516056 0.28323410676756366 0.2628451119857143 0.24753168021446825 0.256003280936013 0.23674361787378767 0.23226705497543226 0.186071443099326 0.1307367923456483 0.11140012352858195 0.11164912311687354 0.09976010786336574 0.11281010875099645 0.12680645257988046 0.10743247571334603 0.08161866674917068 0.08804629320395528 0.11221944622099211 0.1362510168074967 0.1441463306868941 0.13618653932772584
0.3515340526617254 0.3539791859851002 0.3464822620548712 0.3221204153688011 0.3107670579805962 0.3111954725688251 0.2900769881416019 0.2661692504735203 0.2845924019700029 0.25639464830025493 0.25363619507049434 0.2888729187470016 0.287170197236658 0.3035471095476158 0.32985387866123883 0.3002232470804112 0.3537598760168492 0.3736919709596929 0.369146972533015 0.3752451571385476 0.3511333954421467 0.3171728888995202 0.3146702915796631 0.287791827658803 0.23943935778387196 0.26535588874795457 0.262016804347424 0.23242540366018774 0.22736016458581979 0.20546110751801297 0.16673399591269303 0.16993018296558854 0.1156398364501925 0.10681020823272376 0.10204551105741454 0.10555174913674181 0.12652530551899654 0.12736401202961825 0.11288602509493359 0.09384920033711314 0.1341250325365543 0.1594499235605486 0.188662748171899
0.3426406884395527 0.3535158697336242 0.33247612862202597 0.3120822580914037 0.27814861519060513 0.2838096243475084 0.2763496641408388 0.2975067077309203 0.2829372079608076 0.3099086143098747 0.3226396797770414 0.31060870555837694 0.3270123136218364 0.3431776423814204 0.34344198211572957 0.3117610855270001 0.3298562670276327 0.3759196850867637 0.38926348726114923 0.404932937568332 0.3183324389633185 0.2882468769667632 0.30541191651002275 0.24877300860054408 0.23112824681872676 0.27155898317975474 0.271074873237624 0.2578223755016889 0.25134254516439924 0.24744592835406343 0.22443275204875077 0.18917671426083454 0.1465372405729474 0.12927868163922793 0.1148325239450819 0.10696796428171593 0.13705589496636883 0.11275060599114148 0.10520398533796649 0.08764298298200823 0.1115798518786551 0.17254989059646975 0.19321523725467754
0.30742570378255757 0.3415074074975634 0.3258849542328575 0.30533889887602467 0.3009806112496084 0.31462550617851415 0.29354743139718165 0.28828804540002617 0.31910534508345784 0.3092557048535566 0.3475492341210361 0.31357740192385875 0.33654034936076854 0.3016126561782061 0.3046479922981849 0.3357804410876498 0.3519845285601709 0.3423766492940049 0.35630751765760904 0.3564780222392922 0.3152465535116524 0.28984722022320974 0.28962736177367465 0.290667161664081 0.2523254669428945 0.26488254099509295 0.2929344655239807 0.2714864128907804 0.24365309603590676 0.223322283945396 0.2041048313950402 0.19843532672859304 0.1660623722573988 0.1386630283100642 0.12386281278024246 0.12012561329162225 0.12265160328854707 0.14083479582862465 0.12444263078920637 0.12393525920776245 0.11241645191854335 0.13707602545652017 0.17041219824089263
0.32810121499773603 0.3435503181796605 0.3448273372890561 0.3315972233425745 0.32476016991786394 0.32098442821368917 0.3333730328246049 0.2954893449061867 0.33782009740685937 0.3502341186522923 0.34961405273751794 0.35525985580712005 0.320148693388444 0.3032223289562455 0.3212747081145709 0.2982907324938704 0.33207934588896987 0.3803966047420512 0.37735098655950217 0.3456351428435409 0.332652853196765 0.305267655704602 0.3153355783914005 0.2806500460894821 0.2606038831835214 0.30516782107586765 0.3211578401064903 0.30499522812496577 0.23747486681610774 0.20372020103508914 0.19991779966091694 0.14764533590916665 0.1675005199187104 0.125049534080838 0.11990966753285726 0.11693934662742912 0.14293198498310383 0.13894083028185797 0.1362631272049543 0.09407803203946215 0.08588964789311884 0.11204692093077115 0.15199711863597598
0.31529954287242845 0.342703161128462 0.3454647693275604 0.33593372110664 0.31910548244165493 0.337169861921037 0.34365990631795384 0.31194047990005086 0.30718153874128795 0.32893188654280286 0.37083811700686603 0.3453502715719233 0.3549654620256408 0.30256737149341406 0.2914247370662345 0.2923916178872543 0.32148973662595853 0.3383455521258957 0.3560302309833414 0.3833456853866398 0.33728549022359106 0.32963679553859243 0.3248369715952294 0.29024968849986776 0.2880025543548164 0.31081362201321067 0.3012586985059678 0.2668356447215078 0.25206015002532256 0.22532956653663055 0.21273738128024525 0.18104639507134887 0.17797413440296977 0.13644662948953357 0.1409672394709296 0.12232309862847757 0.15730795140015802 0.15519894840545173 0.11956857281618334 0.11592792220204956 0.08449848926491653 0.11368424376729735 0.17562086089863863
0.34600566401910265 0.33553953823611254 0.3557715866634549 0.35057412707827396 0.34950630565195606 0.35308894631791454 0.30659445065016666 0.32349132200769604 0.3020461711513068 0.33990846569710587 0.3591637890484888 0.34728265831816896 0.3474499333535646 0.3361091576673199 0.3074456163785255 0.3115752971512973 0.3517880751055954 0.3696382114801218 0.39744405914532377 0.406047512667343 0.3561166094010283 0.32475970419352435 0.31582987169180954 0.3098582784144677 0.3051732693259686 0.3140128520362218 0.3176690215739804 0.29710234899359356 0.276585434199265 0.2357035224960936 0.2019527907080648 0.18690588506147315 0.18992376902357178 0.1743660875333458 0.15402879810198006 0.1247152938757413 0.15870931879383451 0.16287805182815693 0.15485274974981547 0.0969930559171764 0.08891459381882129 0.12055743892163247 0.15024516075411953
0.3222829068559952 0.33277517822770764 0.35496803452884307 0.34226021340369994 0.33464661146937486 0.3280107028409193 0.2958317608705348 0.28719945519704315 0.3056666353909548 0.30381981445787387 0.28691930314065317 0.2899549320714625 0.31641633607528086 0.33120865554858764 0.3269835860493766 0.320255624068297 0.3676966320299863 0.37493090592708983 0.36725089210129214 0.367974491137339 0.3275458381203855 0.33915994395108034 0.3014730053044251 0.2925231770708721 0.2911430419484106 0.3123073148013696 0.29498513418807615 0.2692022330455982 0.25729657531328204 0.23058399978394842 0.20893854129406123 0.18094203133623438 0.12725929745649506 0.13985651765154736 0.13109553657332285 0.13906826173203013 0.15100955672805497 0.14717462867328548 0.16071827306705497 0.11818770375372181 0.11826656441232554 0.10695756167419072 0.15330757045408389
0.35973222426815427 0.3354257471185141 0.3259370527311556 0.34395309881832486 0.33628625088211506 0.26853111516341344 0.2838022753240345 0.3036173412131831 0.26822342145365885 0.28062718274206366 0.2572133489330453 0.26887461431125936 0.30909901648890625 0.3269789129012005 0.30674909699510006 0.3323880932125842 0.33123054835101495 0.3624385696177882 0.3330546788044711 0.32376959695432034 0.3419801303530219 0.32999580069533047 0.3195769721066526 0.3088669206462455 0.2699653231712335 0.2672268563585968 0.30218422733927175 0.2918430830438388 0.2626368703539905 0.24294651390500616 0.1958731460016883 0.1438077100984848 0.13864914784178248 0.0984797757482591 0.10792786532452381 0.15287475730365216 0.13179692128482834 0.13200450296610605 0.14841535712477819 0.1686171592587969 0.15003733229838057 0.11375153979362217 0.1306263127579029
0.35927039820178724 0.3082413250615069 0.310165097374043 0.28185174167518595 0.3059225318474993 0.28607774038002876 0.2648752526680474 0.2839246841862173 0.25141320133545614 0.25211673340414653 0.2402397667111368 0.249800170773583 0.2876411615254724 0.30056515535299244 0.295505517012431 0.32692740844573887 0.3230432786107405 0.3534699169634434 0.33281438925713164 0.3262725578386067 0.3519234325877553 0.3338070479738487 0.30547609975411744 0.2836785685354495 0.2773167145726249 0.2919284310522067 0.2757319093332346 0.2747073477691256 0.26423226815365436 0.23557065187352744 0.1838609318802093 0.16755874691552683 0.1377615311524229 0.12334185491687415 0.13885467685570477 0.10738468619441124 0.11786880545766396 0.14236758952195883 0.14834222682585288 0.1789978294217024 0.13634413013698768 0.14801668100545673 0.14768949776044127
0.35909761815946895 0.29564805170318487 0.29337399378902385 0.2561802067642011 0.3016398897155383 0.2717914112789392 0.257323580353726 0.2350687186761361 0.271556870461415 0.262197702843198 0.25982741734708975 0.2391591480975375 0.25331030847763236 0.24728020458193195 0.29802703701074185 0.28532936029516565 0.3388109741992087 0.34403719372254377 0.3183801119148671 0.3546688499840696 0.3306190362118672 0.3572542304218887 0.30566283949046674 0.2939658577563027 0.2929710190922803 0.28629340179624346 0.2686212812761516 0.284863523759983 0.2702632283455764 0.2297124037410328 0.18146905990483087 0.14535597730955443 0.15316432339880273 0.11792366083912886 0.13119783101624538 0.10222769580527957 0.0971592413554195 0.14936642094496916 0.17598262524854164 0.17598054205358057 0.1365568448848975 0.145302635100876 0.14612943840832146
0.3736112240054925 0.3622771714847254 0.31148634499289735 0.29456441376753423 0.2969765262898167 0.3186231269020623 0.28184919669832675 0.2604877848281463 0.29051908844002783 0.2925694701325304 0.2820197790062435 0.29092101203064114 0.28073202380738577 0.251379128713387 0.2809907740448073 0.2717422707434195 0.3152502364452434 0.29643978938089266 0.32765701823064297 0.31831201847628654 0.33859500573821427 0.33520451103075105 0.3104352589838966 0.2869456844124409 0.3009662539656775 0.30008911156472157 0.2592268500653549 0.25146719970014336 0.2474273535007207 0.19943829058872112 0.18606908566127422 0.15025979085523922 0.11384803263517768 0.13787206530000154 0.11478904871681248 0.11148874069547146 0.10135543268093807 0.13143152608068476 0.13665684779263096 0.16504025062942052 0.13758981276534 0.12325452806956952 0.09676617088969951
0.37761630944878405 0.39658082373244663 0.393141087391956 0.3761127433220201 0.34467211006517334 0.3338612309888345 0.3409877701445338 0.3210827351875476 0.30334564201211167 0.29032740728223855 0.3122693292486482 0.29107733922979 0.2827174110460234 0.27932497556763425 0.2679501650305809 0.296071016481344 0.29636685302157134 0.2853363237517378 0.2888026298903544 0.3084159338117243 0.33227451881619835 0.3178545095423418 0.28674343478060765 0.3052443592478438 0.2703871695850535 0.28467943935668766 0.24271752056268028 0.2702653760110493 0.22739565012946078 0.2033320556411327 0.1811181505896585 0.14931048007865777 0.10865419715675631 0.13195270746880272 0.08863623544034108 0.06859162028627551 0.11370638866050675 0.1421220223024604 0.13438442385897645 0.147176571478041 0.14817892485688075 0.10078985451967175 0.11102559363467322
0.4269826800406982 0.41095047956888464 0.395189067649475 0.3749629555258408 0.3703511836779169 0.3606136843043053 0.34002618798695694 0.3250291869476268 0.3437404663571457 0.3322143203033081 0.30177006800371403 0.26408116223092454 0.2704388151475665 0.2743962984928225 0.27766373227855307 0.2776970959979191 0.26384662170467327 0.30376172878401064 0.29909134914416297 0.3191781168988169 0.28838622406884395 0.2792751336835036 0.2746772127338204 0.2599343280502808 0.23927449287522912 0.25962076619629776 0.2381682835274448 0.2760580228162384 0.24610868874498884 0.2102810170628708 0.16594698088867788 0.12227943306626447 0.11980186346930376 0.09015436637862331 0.08033602913366257 0.08695050475900921 0.07156954510251319 0.10973521403036596 0.13993485821105991 0.12020923936328312 0.13635686725925136 0.11049597771724798 0.09061168298443494
0.42393978994019277 0.44556153473313576 0.3810392384565757 0.3753196852023684 0.36158108916986537 0.3945375401532461 0.37736908424539545 0.38461207790260954 0.3698793217291555 0.3328736284018845 0.28343891275377586 0.263384210227341 0.2694462634401928 0.29167441176603653 0.27911653551432 0.25304110257702805 0.2675643971160917 0.2698274785517883 0.2986435219716964 0.316325005015174 0.28911062193595555 0.2950454892695716 0.26037894052625543 0.23910474081436 0.2472286224055067 0.20597240392150531 0.20471081043608724 0.25689265965048 0.20505840286285837 0.1832719680686484 0.1357112953892827 0.13658363649609745 0.09547010530939942 0.12218470813020202 0.06513841658346722 0.0322291295125557 0.03696292080904525 0.08026063945186536 0.11286785145830533 0.12705836540491178 0.12403123835146204 0.10768073942517063 0.12656805160645074
0.43107261378781064 0.4288130415186896 0.3981590546352833 0.4103798266251251 0.37983490231529393 0.3958754668328766 0.39389791064852464 0.35113266282905636 0.3612741799700125 0.352664710717872 0.2981577119289546 0.31701410037948535 0.2919552588818014 0.27353078813174064 0.2622970539721413 0.24110763396363846 0.26708909699996997 0.26126895348453855 0.290880170634887 0.25599294154429897 0.24515539345573267 0.25849836403324333 0.2335470255182436 0.2369711558629669 0.2149628013973375 0.19893241609121723 0.21084223965487034 0.1980082379265322 0.19485308340879945 0.1374154630932769 0.12083493813385111 0.08898016736487378 0.0910394413485843 0.0861809818686281 0.07562269697968245 0.05448770614788482 0.05038982273333375 0.0727073218995272 0.07366300124336718 0.08605033654860354 0.1041813024761414 0.07939046026874612 0.09584448195087887
0.45333356402974334 0.43114063061691743 0.3912516538801727 0.3928052476128 0.39660388612704406 0.3994963159962164 0.39189280299779344 0.35786470402353976 0.38386893960359464 0.3488113669489355 0.332672185144158 0.33715998635084127 0.2847640104696647 0.25488655164722496 0.23801144709178484 0.24223933293640662 0.25264340997286144 0.25772568705964716 0.2772300493524674 0.23056946312588072 0.22922839471536674 0.19275425931675144 0.17446250532294794 0.19709562238785544 0.18970781558833222 0.1895791786975202 0.16822604195324906 0.17814384563009392 0.1561424830830692 0.1278068013424362 0.09544560854959115 0.060478734185328516 0.045240305406481336 0.05645496617820626 0.03465060957190335 0.008745496263898546 0.012535068451700047 0.04999691782788269 0.0531951164069066 0.1053417088497521 0.07175178867080012 0.07140530977792407 0.070844399289268
0.4364324366327504 0.44035383473806383 0.43422650164803667 0.437337479995406 0.4096261247688215 0.40995567489844387 0.4032616534678693 0.3872201829342935 0.37904413866371034 0.34834234906797873 0.3650591767419453 0.3483130382119939 0.3297617720688578 0.2815876740062176 0.27072193358934077 0.25555784571477846 0.2824483618453356 0.29101559821472706 0.26131150179645896 0.22994307853765586 0.21470413028312452 0.18492872070565686 0.1631322111789296 0.156725134375845 0.18028973619172636 0.1865072937766979 0.18252561500023273 0.15283843379404416 0.13774883069955518 0.1083714232447738 0.07966980667622893 0.03325808967974658 0.03239476325561012 0.012705341091208891 0.013918792117304093 0.026922975434869968 0.03413090549315486 0.06278837341498936 0.05657787518866234 0.04314837932478716 0.051498885783817706 0.07008499420105037 0.050159473114979515
