Raster_benchmarking/continuous/raster-492.asc
NCOLS 100
NROWS 100
XLLCORNER 1743161.3014119084
YLLCORNER 5469296.029007094
CELLSIZE 10
NODATA_VALUE -9999
[rows 38 to 56 of 100, columns 0 to 42 of 100]
0.0913146156146776 0.12721809241227386 0.1332524060252033 0.16150205275276527 0.1422786903093043 0.16350113255499807 0.23348003842465878 0.26049832540911416 0.3233325572205162 0.3366852955738374 0.3416121378470666 0.3404085705853414 0.3746736868592493 0.37745857612653744 0.43057733914162727 0.38999749001357936 0.4287127688669079 0.4100624341492517 0.434144043570133 0.43272433069582045 0.42485510684489913 0.44541994462145823 0.42625473831553495 0.4455068271036253 0.4318275934243982 0.4269065059617239 0.3950482789899351 0.3343107857090757 0.33284565473947364 0.330351943855606 0.349513224053463 0.34248236730579906 0.3431842263147377 0.3089263976714608 0.306082033771145 0.3293707151062634 0.287247621409785 0.3283428848088379 0.33923141152791586 0.34115504618156156 0.3345132002730979 0.3247933777364107 0.3075009327742218
0.11296387184437279 0.13874038775980438 0.19700168409945845 0.1858221095896625 0.16819552123630882 0.20436621633731486 0.21177448240853408 0.22768459393369417 0.2994877627172467 0.3063363456146148 0.35305981124521973 0.36484664027784086 0.3271376775678593 0.39349469185381825 0.4240535199303996 0.4214117789237573 0.42301216960037213 0.42299114848779756 0.414345637443723 0.42882107526987256 0.42355096590095703 0.4491260096517279 0.4323802257922166 0.43129642454026534 0.47437923378143443 0.41061001116505597 0.3689262106416454 0.3827321400608681 0.3312941853217631 0.3581693449913794 0.356477954904072 0.33285786843195814 0.3436941858260841 0.33282213444688474 0.3407766391622433 0.3484677807705415 0.3352476739904294 0.3288399164355075 0.31790475625634906 0.33573471337068944 0.31047872217831246 0.3186902165436791 0.28855660679828865
0.10926564942192177 0.15892634642884207 0.22146528471395402 0.2175713965886297 0.21868251901770283 0.200737985779095 0.20161804099305125 0.26225380851060254 0.2613485210087411 0.28198829094164846 0.29070628556355327 0.3353138258255783 0.33614057645676576 0.3596345474772277 0.3994586287359969 0.3821773451891473 0.44441631283128874 0.4344398692251866 0.4098104802777294 0.4343288043808167 0.4268221913240072 0.450061537707766 0.4525612616981957 0.4247241180736723 0.42579811346713786 0.41750266998522356 0.39040835331012363 0.40976169048469196 0.40813086243393243 0.42476914495152646 0.3713926623403645 0.38130445819164976 0.3811975385128269 0.35136987281220045 0.37543611528160326 0.365142634829901 0.3525207585087461 0.30710781574218854 0.3106450713398851 0.28198422974272874 0.27044381421498276 0.3003790269920655 0.2954374233100381
0.15026552231605445 0.1390612131104624 0.19856195532008694 0.22244063712098217 0.21216614328113292 0.19658618982679085 0.22086425107087515 0.2725852742958287 0.27057878612152736 0.244760866761156 0.26115631427940567 0.3294180818726666 0.34660166435112444 0.3827246541225493 0.3733363217210133 0.40849487135873797 0.4212799440706469 0.44781310923009315 0.44139036407962523 0.417760739349732 0.40031145976444626 0.42451644039485237 0.430937905620057 0.4318937291871779 0.4781355809368311 0.4631533169622397 0.46730409695890274 0.44917239369293066 0.48036803596060795 0.42506359426214824 0.4290640540782382 0.4155099253188744 0.39994844918391925 0.4066491481293584 0.38646632648308327 0.37235310119272685 0.32648097692955586 0.3163404244004248 0.28120986425560063 0.26794887637957776 0.28236484425824715 0.24116581572030174 0.21854150154096624
0.07586150770299095 0.14620284589980662 0.17348586212048175 0.19759122658151565 0.21111505442786516 0.2154054391359619 0.2435403285235699 0.26920128820608746 0.24868865199781143 0.28096369837914165 0.3162968317291208 0.3202494714041561 0.31298786755750607 0.37123812277445595 0.37762602041338716 0.3690895442008897 0.4085674243792831 0.41794643102974993 0.4568919056481319 0.4752402752221521 0.44090597874805904 0.4770658220865424 0.4682171851489114 0.487925927739968 0.5013405096292018 0.5033271981918418 0.49186724532622234 0.4688579793470594 0.4906320592831014 0.48272556067980277 0.4629404295599455 0.43157061760186904 0.41399780004360875 0.4001255610506099 0.3718741496410101 0.3504923215159334 0.2899137694652331 0.2530715748595804 0.2470697908316397 0.23928760041966404 0.21745186068543343 0.1919204299960186 0.20641460201453068
0.04954847451316397 0.11256282931223222 0.11464758311461522 0.18551830392989446 0.26378931131346056 0.23590818286227663 0.26619964690810316 0.2468485496422369 0.26241780963101174 0.2543790458944803 0.32366413481514295 0.3441074981739935 0.3068170132029152 0.32425276786626656 0.34981562316914877 0.36260544957435453 0.3528872817804028 0.41685536775105575 0.46069119977544715 0.46523014068645085 0.5002784216099165 0.5232710748352597 0.508627413897061 0.4920388742865906 0.4815850496081703 0.4936036039261516 0.4810039845247105 0.4822869625406789 0.503932826480388 0.4596173972918399 0.4296363295539151 0.4590550189581302 0.431649345585715 0.36750364537729374 0.34172905468201203 0.31618297608944174 0.26934253794770596 0.2589646591621938 0.1961283428026691 0.20035847727147937 0.15639368031495232 0.15107970122169773 0.18328932410495674
0.10262690991738532 0.12693334372445625 0.1203366479546043 0.16987340170818505 0.24458311576801864 0.22823093103389566 0.2669528199475035 0.24847653767249048 0.25015053637821544 0.27196706608245297 0.29723934457301776 0.3212263511578387 0.33941614056454383 0.32626161683902793 0.33317585438215314 0.3317597554680533 0.33081745796680245 0.42026321315947135 0.46305621883744974 0.48165670998000143 0.47256556366214475 0.4881333208204065 0.46977325668601516 0.47987311907604013 0.44412221945585606 0.4622693159434509 0.4682303546873144 0.4335249401025925 0.4342361742701714 0.4317558046051508 0.43040640979169803 0.45601797969256086 0.4391737891391487 0.4160881389693399 0.36426252243582924 0.288591015547431 0.22141515280626434 0.2320652708735693 0.21970782435727462 0.15963257546107956 0.1657771568489316 0.16282024469743575 0.18816126699130484
0.14413498386817908 0.1219197187154957 0.10051257624105134 0.1517037154531985 0.20461640833031605 0.23428025262084895 0.20390658731253988 0.21887799679486486 0.2676125483685961 0.30711991441018915 0.3389529683000731 0.3534216579035919 0.3528695348057429 0.3085991677261583 0.3303184999134703 0.31776918867932313 0.31880069088802004 0.40444315211438386 0.4258149850182403 0.41917412631890066 0.4369615580735035 0.42218439774025573 0.4387853239152669 0.45346390318967844 0.4548290228075074 0.431005684381097 0.4491053403052841 0.43587608798830285 0.4117455948776319 0.43764927046496815 0.44745511937218846 0.42950353718640666 0.41647718996242894 0.40404596489665995 0.35521092392325404 0.2786384628974223 0.21779249352836522 0.20095512064825596 0.22551851354716454 0.19613276538344473 0.1506695196201293 0.1627701990372291 0.11724409018712707
0.14488911110980895 0.13777749909491355 0.14511352955111984 0.11909377600680088 0.13489918325274408 0.18026539563913796 0.22461325125055182 0.25520839220609776 0.31786450697133734 0.3371948330777755 0.3565917289800694 0.3573464577807025 0.3211411141224126 0.3187388397163269 0.28511524964451973 0.3092160000534794 0.3522456019848995 0.4138000959540106 0.4459719221679091 0.42152324618627746 0.4185609191565306 0.44385916635175837 0.4422067862805826 0.45517846900398107 0.4674557981952488 0.4255222453088554 0.4146243870450133 0.44199590339594175 0.3864420308825357 0.3900017596096471 0.41271794892249497 0.4209988556061744 0.38432772944927346 0.37392625693452564 0.3398649564764213 0.2650557373804423 0.19563391293360008 0.17129901791966595 0.16144412048836754 0.17269796272837398 0.18127067479774875 0.16840494082313423 0.19460265295317056
0.12787083331019466 0.14348445086068076 0.1061506922717316 0.13042526463989568 0.14703794484330657 0.15783827643692527 0.18920619780131331 0.2485427452261834 0.29367845083034844 0.3185305216499082 0.3386624831811583 0.3179766936526006 0.32040535440466694 0.28482403809171414 0.29715944494365043 0.29932091006041617 0.3711602141947497 0.3772979825169397 0.4245724948966801 0.38302787114902703 0.37248417562190966 0.4532326488634223 0.43847799530751896 0.4522668726243658 0.4124950575730004 0.4133939082166932 0.43678769283692176 0.43798729432031047 0.3848772978592962 0.3917270547178586 0.4101438848666383 0.403927217611525 0.366717568251909 0.3302968112185784 0.33191067261358526 0.25715699045257134 0.19990086070869667 0.20729887031414668 0.1632098859551093 0.14278972253508074 0.12746769843462058 0.19459810052328005 0.19329654526194048
0.15624467685766008 0.1329945018492886 0.16802880058707087 0.16086352481372773 0.15458490980629083 0.15402247788252962 0.20041044216307544 0.2485710600682893 0.25376369201033167 0.2883604597251069 0.33648470668666164 0.3176391605073591 0.32241873005044464 0.2859323250412232 0.3169553276039291 0.3188110261039822 0.3537692059189615 0.38077613972610685 0.39138772541932604 0.39659317852771603 0.3957297543517811 0.44660701307219386 0.4274315596255501 0.41711156448754705 0.44640446423508534 0.43768179044143063 0.43298513584226994 0.41719075370459585 0.3675841034818347 0.36449824905508843 0.38098218864182487 0.3601709970663847 0.3623163662343896 0.3601357769108285 0.31857718746802394 0.26572620691566823 0.27759578560988507 0.24745625603535412 0.22849154830254942 0.17315565540513478 0.19690837349830304 0.21359768816431057 0.23537923946924275
0.13940315193907982 0.12377552476245246 0.18349583414684964 0.1462797182554404 0.16000973752581518 0.1885160567397209 0.1708092718309266 0.18238970696475698 0.24046759289431927 0.29261744669651063 0.28718038502177684 0.2949115384018568 0.25009467435287996 0.26468673150221067 0.28126388724021195 0.28452491444393596 0.3366453290272944 0.36233566342030193 0.40312265787131163 0.46832692450820035 0.4816703165631287 0.48136162084126866 0.45660744058984176 0.40595335184128667 0.42299131574583865 0.42013888425217194 0.4071815935760856 0.4201689858739601 0.41116338234771227 0.35379382008739163 0.3515331323331559 0.3280138593813244 0.3072594915487803 0.3369807309703948 0.32329858411331774 0.3308856955603717 0.2880180743194747 0.27860264817148434 0.2300047814304486 0.2234764495483353 0.1719589638865865 0.22096105776884137 0.24698668637670793
0.16758966416978407 0.14778963182252078 0.17368722336899206 0.15799714450272398 0.17033916191678514 0.1653458217953167 0.18781280616688523 0.18836998388902668 0.25120538100014206 0.26125304295948115 0.2699767073466782 0.23097307332630812 0.26898871729998436 0.2904306950095463 0.3045846129689627 0.2898435775986144 0.38297320974063576 0.4024747768622603 0.43925972201186075 0.4720120138886696 0.5240314934728388 0.5001396059266288 0.48237674093625077 0.4278358378299391 0.41406503271331574 0.4091577365327708 0.3828241051701074 0.3651851183453759 0.36477111508177834 0.32463175731289395 0.33251257584305516 0.30628305307912346 0.28835403532144926 0.30154467362119775 0.30087614875203494 0.32421252495231834 0.2803457277983412 0.26263703868422916 0.22741483782248348 0.22531713015566995 0.21980995968652872 0.2112933517986458 0.2208385324269825
0.1909634388091673 0.17398576383337816 0.19188357814463664 0.14627837177069097 0.14526377074392519 0.19533798009119072 0.21012312781672332 0.2316234054391542 0.23365748797877092 0.21456423718393472 0.24334971238731834 0.2463892152409156 0.25287424974987405 0.28100046495615927 0.2740312868249986 0.3429005110236269 0.3820538729953354 0.4153058252648525 0.4120344467033986 0.46971442752884174 0.5421921137967021 0.5214374292170935 0.4726776148519721 0.44307907723824985 0.4301179422449536 0.3758367967449633 0.36920378840377555 0.3432939386864863 0.3500519564623331 0.31754872314989635 0.2890396577041079 0.3124095898609121 0.2717488050750232 0.3042468558490281 0.33933882540661114 0.29049631150710326 0.2581619812145245 0.21600521251953342 0.22440907884549724 0.22745542087914597 0.2668845805458168 0.22281376782778886 0.2052594002608823
0.17754456984308054 0.1529668143524412 0.14772279230196136 0.18210695507566482 0.1454195269391595 0.18073874261472408 0.17490722478824436 0.18348037926711183 0.17709385138690095 0.21696588698790872 0.2007991129876558 0.2490324768741147 0.2719893257252415 0.2618096228542158 0.2669960350583568 0.3558757489220104 0.3502037318658572 0.3944765693706302 0.4584784192972864 0.47337215524024834 0.4706590603240116 0.45045035451179005 0.427203472761265 0.42562258561809607 0.4179006223071484 0.3991830076883621 0.36432647041593136 0.3368910883636176 0.32775097137547327 0.341493047012046 0.31602163638593206 0.3202424894160073 0.3084570609976535 0.3047733874684212 0.33397338170449176 0.27183289485543166 0.27280799894581303 0.23828425726151045 0.20799302898974817 0.21900183659553832 0.20279371686306377 0.23930473782321987 0.20301393060167536
0.1192657281277711 0.15680619268234633 0.1475977492840548 0.16059674138090632 0.17321615211630711 0.1920527237003304 0.1671037522005481 0.14352450265314776 0.1720131400757542 0.1732598887099053 0.20048840285180883 0.24900677032516225 0.2209905903072755 0.24946268146980702 0.29866975933205175 0.344797814673061 0.3815929001177721 0.40349499915707315 0.4566424224382946 0.4839361637642794 0.4767650790839242 0.479829430914534 0.4269784735661598 0.45121798543133107 0.39342060193430634 0.38882138960019663 0.36554125194947773 0.3536668464868068 0.37726557523696397 0.3446160419326642 0.3595598803885189 0.34194953131834177 0.3197029901474141 0.32988760497866765 0.34326626801817484 0.30394583915281315 0.25294782986688197 0.27749290774725527 0.24927583165596925 0.20357067928079012 0.19305758512030047 0.18213457455325555 0.16941368828421058
0.10668498747865018 0.13590366008840038 0.1468295708092904 0.15633757742908883 0.14438018265525768 0.1441405631319785 0.11917590181970396 0.14626190929358415 0.19965437862255914 0.21833784174938808 0.224976016990374 0.21852669060732233 0.23517896829627644 0.25271527770198393 0.29228937504936436 0.3392543179035709 0.3935783019897091 0.4166469912579102 0.4597946617945897 0.4663508453213991 0.4629911504899859 0.47542220100333255 0.4417647898747004 0.4391501833897452 0.41600171022439625 0.38695951215343494 0.3828588336065228 0.3920975834683114 0.3946668707152228 0.41278512848258253 0.39636657578409284 0.34883224215206093 0.3486371773629979 0.3989553634639276 0.38862902821236456 0.33249879109501207 0.30938678817138576 0.2964777265467636 0.25432611122575133 0.26710732989562674 0.18104455920359905 0.15899241480030288 0.14739826412688792
0.1433006007855644 0.1808329516726612 0.19936198212199702 0.15602117722697276 0.16449323114842837 0.17062807214986092 0.1257407456898584 0.1787972489197855 0.20599387284410958 0.21918812965231665 0.24186631043079043 0.26796829482118695 0.2679912979375671 0.30563487314810617 0.3295294888178409 0.3539180238596524 0.3924361369619403 0.44696363222587593 0.49992142646818843 0.4670067261456548 0.5096066435052141 0.44833739933906286 0.41448221730188356 0.45219096263260256 0.4065360773838045 0.40429012354801386 0.45316297039842385 0.4498445187346551 0.4737515991572458 0.43088031587768555 0.3810726431723325 0.39249959660024136 0.4263243541751705 0.3766659694776788 0.39673203388298417 0.3656798841051924 0.29010373902647535 0.30659607526687294 0.3082076184462162 0.2685725379049125 0.21470196189884727 0.14453740858794223 0.12126282886704473
0.12303666038574397 0.17431266654846542 0.15594694936611914 0.194556872281945 0.1616064019667286 0.15193846404929032 0.12972200874072606 0.15100461276763041 0.18977688988140312 0.2544855546797242 0.2497554112138754 0.30224250590056784 0.3161894389659513 0.32539323279733634 0.36945702768748384 0.39638540709553494 0.42154953152035873 0.4605565573920811 0.5014414320017663 0.48956029181248784 0.47280816507474216 0.46431888982672814 0.47202285029653307 0.447961002479501 0.416611839423199 0.46954720224351154 0.45067121482534755 0.48125251660919777 0.43822945555889714 0.4441249459446393 0.4192730514404714 0.36820464146659276 0.37805550108694413 0.3579823155036319 0.34681532192460857 0.3225041133803194 0.2961574265703996 0.2774749313495916 0.3073698819203689 0.2894444844328573 0.22369098005074436 0.16126589511610048 0.1355156172767244
