Raster_benchmarking/continuous/raster-297.asc
NCOLS 100
NROWS 100
XLLCORNER 1743153.821235003
YLLCORNER 5469282.429402455
CELLSIZE 10
NODATA_VALUE -9999
[rows 76 to 94 of 100, columns 43 to 85 of 100]
0.48150681893359165 0.468890918026036 0.49300985504073375 0.510296406479969 0.4895405187120466 0.48284793509717433 0.49606603149455947 0.548286984960986 0.5367050258503888 0.5237869357200916 0.544444225868844 0.5222618092814308 0.5513263570413052 0.5113277063864675 0.4916061246868745 0.5121488776412836 0.5005566910746907 0.5105136448218056 0.5261782105793168 0.5025456304259462 0.5317570396613511 0.4920299155472641 0.47396995296987643 0.5034473950139022 0.4945968342066717 0.48521739527026103 0.5227243929149679 0.5470991180534116 0.5372061913616613 0.5643876982091895 0.5305213627491546 0.5403944691889668 0.5353008506463961 0.5607378003643267 0.5479468289655307 0.5568436262998702 0.5629659645673538 0.5633138475616631 0.6005036854986172 0.6041657387444019 0.5837821635781307 0.5788246040160014 0.5643367533237045
0.4820738755967621 0.5072471140473509 0.530822277850295 0.500657678429486 0.5265087895191704 0.5208350202743246 0.5277596822452006 0.5405423914121825 0.522571216527844 0.536892465583697 0.549940068590549 0.5490458506204496 0.5262074397642251 0.5159412818899276 0.4770899717605324 0.46902055920915486 0.4969173931086203 0.4982756141185524 0.5090683842710839 0.49256821277049617 0.5163377686247065 0.48952689520823367 0.5086961537293102 0.49813387026484685 0.5024398738987307 0.4890076080609015 0.5287734981400166 0.5205317551387678 0.5233306321728278 0.5537820359617599 0.537129434376189 0.5157632032100357 0.5373997988811124 0.5511881966297338 0.5433722280245159 0.5744111916975612 0.570531193216277 0.5687501670319562 0.5683565727162939 0.5832607621777793 0.5681775805671248 0.6003656163847346 0.5881362440947829
0.513820902103127 0.5229643368450126 0.5619984645149435 0.5207359249307437 0.5328282445548852 0.5373599449501842 0.5548863524382592 0.562278305269383 0.5435472164105788 0.5416566224918942 0.5778061609454676 0.5407096664411642 0.5257589295849763 0.49845853115677496 0.48157672224443915 0.47742681696898304 0.4782700343034475 0.5007654119718561 0.4778901527584726 0.4737287057680974 0.4913582727527575 0.4978779619146964 0.5247022306367867 0.5150218097586948 0.4661298601488537 0.5216868965445887 0.5224594354590518 0.5206464175834143 0.5667267133807672 0.5432343978584127 0.5519465735614169 0.560626273734294 0.527653807939046 0.5340671615220105 0.5628071552929848 0.5668912834778331 0.5973519037790757 0.567187676795838 0.5875725108916958 0.5865457286256536 0.5763237882601795 0.5752502203772096 0.5920475072225441
0.5389249442247345 0.5469953989942722 0.5768470107424502 0.560228550055793 0.5323446156971827 0.5345837142384464 0.5378027479341829 0.5607525319401303 0.5498282035203814 0.5612267874916045 0.5833473555892129 0.5727313530652862 0.5306363520953423 0.5306909104233613 0.5029894415886061 0.49673207835753297 0.5057827803913133 0.5133266918633527 0.49957026532895604 0.49478113047055766 0.5113208359013589 0.5273610026119498 0.5131635418704287 0.5122363678404644 0.49955267249710844 0.5402334843257582 0.5258810384169974 0.5568475885650797 0.5679059081933586 0.5676079334311633 0.5932501503847757 0.5846542997405944 0.5487801264369288 0.5501386103301801 0.5585918358510146 0.5627626957488758 0.5936669700416133 0.5834887429347138 0.5692862080311288 0.5776546164558143 0.5735948286426331 0.5697915283851596 0.5615291157752593
0.5161040010711913 0.5362018943122303 0.5753104668342411 0.5762966258926236 0.5258964630695421 0.5464533880370699 0.5567676042964431 0.5667013351155682 0.6121224102252649 0.5817423025279695 0.5958981187690093 0.5670793437877572 0.5349320742377109 0.5279144062072254 0.5418386700698867 0.5277729724178066 0.5566978281760451 0.5695516279263306 0.5518035696125433 0.5516180449608489 0.5373132054918511 0.5644839197648919 0.559887740747394 0.5295422334015722 0.5340961109639278 0.5632315881612063 0.5535307333083274 0.5750511539466812 0.5813440151135054 0.5895329346225571 0.5922360383932799 0.6053686988979206 0.6014496251100439 0.5823063913295925 0.5900528202475832 0.576492814117656 0.5655642900921622 0.5831915878065362 0.576888695784196 0.5554029125452447 0.5464297458697296 0.5790054968255409 0.5715649528159904
0.5553998972559675 0.585362218799238 0.5966695650556723 0.589416073223897 0.5818969879446867 0.5752031823355012 0.601466129359043 0.6020912646392684 0.6064291595656952 0.6128294317026691 0.6073890595850732 0.5646578745472419 0.5455254324461234 0.5546436124231768 0.5624205649329663 0.5436212954543506 0.5702510057990008 0.5801838271940363 0.5981425410192329 0.5932480659658557 0.5601635482309119 0.5704552662541846 0.5679992169762199 0.5400543241872102 0.5378929913698667 0.5627572869299894 0.5833786361064606 0.5726281034988482 0.5979404495839902 0.6100216129578554 0.5848730972975142 0.594784219560599 0.5740275872314133 0.6048446393419273 0.5974256186897435 0.5707114316346098 0.578224578342612 0.5899549008812855 0.5609960432676017 0.5552635457257611 0.5597875469469101 0.5856400710997719 0.5811981148248221
0.5533857204324005 0.5890351104097777 0.6145420571588056 0.5761714998534414 0.5656548043263158 0.5648332902918727 0.5873318025769164 0.5875222602201299 0.6086602567434523 0.6137686041933057 0.590604786166257 0.6046382255610906 0.5719391916555392 0.5826530685113159 0.5828968017859285 0.5784140867049816 0.5767462942056388 0.588390961941819 0.6184724122446243 0.6147313841757872 0.6099476201618128 0.5844329025248599 0.5808753659098361 0.5633850381034693 0.5516104467761774 0.5562355452753348 0.5721069953004405 0.59639675730294 0.6017954330139477 0.6138564165195759 0.6261873489167271 0.5973946454173281 0.5651338885824513 0.5643650879878951 0.5894965393380646 0.6092317635384228 0.5850361183550696 0.5759047095428098 0.5670359160731678 0.5745222122578169 0.6033800344917164 0.5653561418833907 0.5721353273253406
0.5752978683981891 0.5953623204704153 0.6149411553427596 0.6116852956126723 0.5940734355473906 0.5836285295743355 0.5907767392078739 0.6290855726090316 0.6380265085146912 0.640779939082538 0.6082133733734533 0.6245916571470781 0.61782901492828 0.5926007745014495 0.6263587000888519 0.595666858639595 0.5938219771769215 0.6221287202367656 0.6370259602634416 0.6379073135659591 0.617771551111477 0.6196671989707259 0.6229408331345849 0.627850477329478 0.6008159274485679 0.6142915194193302 0.6210752728557115 0.6073091718460955 0.6478446968015922 0.646350314442971 0.6445616105355697 0.6139944312152088 0.6072245694731632 0.5784831691516847 0.5973431575973394 0.6234578236288089 0.5920387288856832 0.585788555410549 0.5951819443335272 0.5813023581796088 0.6047148746706275 0.5828644541147107 0.5748572789458885
0.6282740421072049 0.6205461245150692 0.6357148495158516 0.6107696175415706 0.6085030280125873 0.6105417311900437 0.6235978565561786 0.6245151454470952 0.6394016641419115 0.6327975491429974 0.6474038397664751 0.6440235276785524 0.6222628351709408 0.6369602931061726 0.6502042075673868 0.626566016734113 0.6019479786248811 0.63827116416804 0.6278973644168305 0.6397663562266174 0.6322513988037349 0.6589376320103684 0.6579411666715251 0.6554766249764575 0.6700659838243134 0.6685906877829976 0.6576390613320029 0.6476660383940982 0.6614624231014983 0.6806634105202964 0.657007219974113 0.6639660093706184 0.6261921737917383 0.6013037825673152 0.612846831571296 0.6222884948012503 0.6520671998129304 0.6052296241273334 0.5980569391194288 0.6251057053279598 0.612042740135258 0.619303571899109 0.5785363733678931
0.6345615612276988 0.6365278436932311 0.6639641094074373 0.6474076999046028 0.6358120442861439 0.6524233520253262 0.6516748224972461 0.6622512583006639 0.644794066509772 0.6527446416907347 0.6558901966508549 0.6581491384531079 0.6635368044366452 0.6891229362986685 0.6759142723808877 0.6534867356787986 0.6444515620676187 0.6547975452262348 0.6565848787385051 0.64878432541768 0.6621020844355794 0.6762251642155637 0.6997253188303009 0.6894956396946134 0.6829237308598769 0.6734309539071642 0.6654760512233497 0.6493859391104592 0.6912202682955898 0.7045275754414941 0.6958128075650385 0.7090672120688026 0.6658511691103891 0.6408460069024513 0.6226360511121323 0.6577861869263981 0.6418829193883036 0.6494505096326216 0.6609856167642932 0.6428750552060105 0.6515199239595361 0.6330239444250677 0.5677107998425989
0.6492469126153241 0.6584300974789391 0.6823547409033648 0.7028881735255714 0.6925962333135779 0.7037564065667994 0.6878374321349843 0.6653706672621403 0.6479562460080235 0.6559143707495061 0.6703985999999227 0.6922150969286748 0.7319326944976633 0.7377523834664358 0.7363520881269332 0.7121155717241989 0.6809003814433215 0.6797409138901255 0.6661385225139999 0.6911551107188008 0.7220586442535569 0.6984830107141676 0.7224278117831147 0.7117504482663594 0.6844071064544147 0.6670343569089429 0.6512767589478904 0.6779739028468478 0.7047692798640907 0.7270068934111326 0.7322998252838971 0.7303218842832905 0.7397458901090872 0.6996352779849899 0.6557217642447009 0.6699705982845942 0.6707904157969404 0.6782707526091165 0.6705152983246928 0.6483561913133259 0.6581957217821408 0.648398361874394 0.6034639787073248
0.6724103704422005 0.6943859895827749 0.7085465092947282 0.7184605818234547 0.7306332066302159 0.7243017769849845 0.7116270682151882 0.6855178631309906 0.6980296400962275 0.7102193673639156 0.7357862292195191 0.7409517641662091 0.7650158715589896 0.76597120348727 0.7514164153822703 0.7576917460350097 0.7191497850240788 0.7071468083058899 0.7068390866878843 0.7367188664694149 0.7190278179769871 0.7229233369047139 0.7153503906935181 0.7114863257412803 0.6913206145447738 0.6821161806400875 0.6924738494326598 0.7134445908330278 0.7351122689079964 0.7418578269720684 0.7461454324730856 0.7686402992381483 0.7455494729152271 0.7320776462288352 0.7238419159750271 0.6984224932399614 0.6741141714263708 0.6925103224106334 0.6596428374604763 0.6697266690316755 0.6569187552285845 0.6248774518872657 0.6114230939439298
0.7196977203441548 0.7151789297246248 0.748267111816047 0.7267645517522375 0.754584388099776 0.7196538481346845 0.705425547604152 0.7367856336200757 0.7554575439317824 0.7411842206476389 0.7640225964285019 0.7442225569518277 0.7515599294594342 0.7880070255928029 0.7624524588190087 0.7649475461600865 0.7718118820171614 0.753019177430591 0.7698250183765455 0.7702052176078386 0.7448559558926959 0.7497817651845559 0.7260876467591563 0.7402037329142526 0.7067047301005839 0.7005289168152368 0.6978847569029579 0.7332320175023301 0.7159404250024047 0.7519190832111994 0.7410692774930469 0.7685500898965618 0.7872425581280145 0.7505655019540993 0.7379024433377924 0.7177623999581839 0.7085198146482955 0.7153137120323958 0.6790772654093736 0.6554249985712954 0.6348233904852858 0.6048456052168543 0.6102341485642518
0.7285533691644294 0.7410825592387587 0.7384612612761434 0.7614333238740191 0.7392790224481186 0.7380515866530916 0.7227981968765705 0.7398873079015463 0.750690746234132 0.7900158778160399 0.7790388900790175 0.7910043307260938 0.8071878665081144 0.8062637817304966 0.8191786299730107 0.8079899474021647 0.8106743213372359 0.7985013141452587 0.7822645612923944 0.813361758189136 0.778405770337358 0.7906946645458643 0.7913031851708971 0.7588753458136571 0.7460969403098987 0.7022655793713317 0.7279380761012515 0.7361304299483994 0.7352983950252626 0.755158318263215 0.7411527774795514 0.7857062228423174 0.7950556489301267 0.7882610951536428 0.7571860710462313 0.7438688203646053 0.7224648936160276 0.708146705679647 0.6627063365342609 0.6360975520729704 0.5968464298779543 0.5892222965852268 0.5918206107414441
0.7783404189348408 0.7892304576752832 0.7882586741059772 0.7803303294283342 0.7801502004523873 0.7831849737032052 0.7453806917780597 0.7507401420631843 0.7753162506347671 0.7985703969813551 0.835663301943664 0.8445072741280639 0.8242615388514036 0.8239282306989241 0.8414208102903666 0.8406242963665589 0.8302554071693082 0.8380884245682434 0.8297243714144237 0.83242078956981 0.8467115662406984 0.8348817453278422 0.8101425922911631 0.7702715070212184 0.7562826624411605 0.715127903724267 0.7177586139350649 0.76122892997602 0.7704715858433799 0.7609699665342543 0.7558891355539116 0.7525505924064952 0.7933779392455726 0.7831372204550698 0.7882696891050504 0.7567730591119765 0.759559160046762 0.7135745534548363 0.7014051322026463 0.6449138059210088 0.5974867278665879 0.5705139010434475 0.5575794659577076
0.8065078988698045 0.7768909273244231 0.7697407077579217 0.7787711737375378 0.7960292572156838 0.7933786615694443 0.8022842763425654 0.7890867443502941 0.8223733290295778 0.8313119323503209 0.8486147442683227 0.854650044382217 0.8408535759537157 0.831288665752941 0.8222453790048788 0.8346788512618042 0.8244675101439353 0.8216910902025306 0.8385740871043782 0.829817117115735 0.8606589028508616 0.838450312772939 0.8146979004532646 0.7956115530421481 0.7846423465471912 0.7625648106428083 0.7325442656615959 0.7539252966657868 0.7665057808764206 0.7503960196542128 0.7632380584250685 0.7584596879765455 0.7661382975913437 0.7697703741373989 0.7873698444251099 0.7604519334785791 0.7415050230171424 0.7370889382013975 0.6919048531276456 0.6648256513607461 0.6253010956553975 0.578684337644291 0.5720444114932928
0.8355554899252026 0.8045426424878908 0.7910869114019454 0.7889786154036679 0.7752889871737443 0.7815114375808966 0.8008742594272588 0.8214016481140921 0.862234572274452 0.8324148635285107 0.8525105091141308 0.8369866177216271 0.8296960151382985 0.8258749401384339 0.8444193186345537 0.8387734022198062 0.8152480420190601 0.8051665866960787 0.8310635659713455 0.8404443310024833 0.8533652180570717 0.8218642769632137 0.8024098452459008 0.7992569486175634 0.7690030090032628 0.7619406517228446 0.7610059268989728 0.7501044220199851 0.7589604005826714 0.7502903897260816 0.7815014445339805 0.7850499582466494 0.7543346493092339 0.7622881215251003 0.7594082551194307 0.7608366109927589 0.7355231856889648 0.7322744142736434 0.7008974522266304 0.6688729462049676 0.6498091833146317 0.6155249981424418 0.5504257800026666
0.8338901448951426 0.8386159394863344 0.8283934673209294 0.8092951550904333 0.8317788558236235 0.8107963739858467 0.8168462387050848 0.8698756765950039 0.8514868103391948 0.8509301745596018 0.8668187333662115 0.8459300356751238 0.864893643342782 0.8412644603267855 0.8468330245775632 0.826431093247733 0.8139455786473715 0.8083108531010859 0.818209654604982 0.8499993699658484 0.8542610235172641 0.8290036193291646 0.8014990685509248 0.8028676683162732 0.779102289199242 0.7999969058497446 0.7727046092066223 0.7788384349795886 0.782406103238484 0.7685231451719327 0.7912872753341218 0.7773271504916592 0.768270728365816 0.7863057635714167 0.795735866116514 0.7881811372516154 0.756923628725913 0.7230435820742889 0.6765470297552203 0.6481844978457177 0.6148698059250182 0.6049230865003341 0.586505806570574
0.8489428876585549 0.8681046840400346 0.8480203125702354 0.8499285338064595 0.8540334532082262 0.8479489567919208 0.8412102377905084 0.8858410766078866 0.8972340090776708 0.8507893093307256 0.8568146899355145 0.8504132480784795 0.9081039886417966 0.8709519112334881 0.8632639939685159 0.8622333977964387 0.834130243617711 0.833634838561308 0.8358065978566425 0.8463694411595019 0.844187064265659 0.8385838264631306 0.8519466308040079 0.8140045208780309 0.7975335307354365 0.8013571817012898 0.834278992042368 0.8124845558941537 0.8025651215482057 0.7756579527020302 0.7967147625610477 0.791000068760489 0.7569953064380028 0.7809231937050879 0.7988963510701486 0.7855309329174233 0.7769351829882521 0.7232131670660109 0.6858142433200185 0.6297916338303926 0.6145752442306691 0.6111405733489536 0.5687277537333898
