Raster_benchmarking/continuous/raster-410.asc
NCOLS 100
NROWS 100
XLLCORNER 1743160.1069198865
YLLCORNER 5469297.044751172
CELLSIZE 10
NODATA_VALUE -9999
[rows 76 to 94 of 100, columns 0 to 42 of 100]
0.7467424406598131 0.7302141665369379 0.7871645392658342 0.7969868938625642 0.7888283767447688 0.7952437036508762 0.7960494047441835 0.8140006797916531 0.7859142849524845 0.7992361272772197 0.7430937596218659 0.7244925837780104 0.7392866311401591 0.7556068985905176 0.7330140981985312 0.7437985265716777 0.7606386496402214 0.7898555024439069 0.792886782016279 0.8280452735787047 0.8291705167256188 0.835779632638669 0.8363959256987722 0.8517087036832015 0.8656423056549389 0.8560883128643514 0.8980029052151505 0.8986103814779344 0.8792100221843683 0.8417014086197805 0.8590792756198884 0.8496167286053903 0.8294743387985214 0.8347495829135859 0.8659788044952794 0.8489587757889645 0.8152455341037899 0.8038858431077628 0.875532058164822 0.8842840113164537 0.8863036736027896 0.8396125166440802 0.8120602326284702
0.8091920812420581 0.7709494125842165 0.8118264638332914 0.8043197407851395 0.8101374679101102 0.8527947017691988 0.8477128169295658 0.8324322147536817 0.808444713459442 0.8003324833176806 0.7881490908033778 0.7549217316386472 0.7534214354300403 0.7582637287472934 0.7892136151192413 0.8046850245500777 0.7969663634331997 0.7824659949143439 0.8415057309167515 0.8540316180283384 0.8427769466492993 0.832583142510559 0.8361217942281349 0.8351888515325274 0.8559328281573354 0.8675522355154459 0.8801102678726132 0.8450662038534078 0.8335612032516687 0.8087583688327078 0.8121900715287258 0.8017387588115101 0.8395464308634711 0.8029026457337625 0.8077149855496297 0.8202924935437403 0.8534857375380325 0.8632255049876991 0.8381740132831256 0.8547668939465498 0.8429784554203013 0.8296813856465112 0.8121719843800622
0.8533192260164231 0.8287132600662628 0.8543702737501336 0.8704268495193592 0.8443806037252397 0.8606440982768868 0.8719500562707736 0.8194001055811162 0.8236847011394454 0.7909395878333162 0.8038146350290399 0.8127235773549074 0.7916877609311336 0.8189460974453673 0.804194744132741 0.8313416844606442 0.7904440320769082 0.8003809378220811 0.850901539826516 0.8624080528895863 0.8295240843387685 0.8218179135703051 0.8487635422571261 0.8340958560144217 0.8672291356722689 0.8902840138870115 0.8834539713273649 0.8733322684322835 0.8218714218371889 0.8252646650273538 0.8358620007404306 0.8118051974208983 0.8551376702940737 0.822784421965731 0.7956440890893391 0.8095332500113187 0.8425173317875725 0.8515047921086083 0.847905019196613 0.8364781426536714 0.8054444627789636 0.7881092327041042 0.8143052485302249
0.8613177525059496 0.8228051289730987 0.8612879012613875 0.8746135754067849 0.8875111682125968 0.8958766801095865 0.8745441421016665 0.8276480513932308 0.7919653594365453 0.7883199817999132 0.8015406330228482 0.8316893746356546 0.8028048011573069 0.833794058222128 0.847099059563296 0.8473619434355583 0.8419572695591708 0.8277648052230007 0.8632230396992195 0.8317794223824123 0.8237118028709105 0.8308993335912446 0.8316871002368206 0.8534892863502576 0.8686112211040762 0.9081098723005377 0.9108502507081929 0.8688218081688517 0.8428631278131373 0.8304120980390124 0.8301230561974781 0.8087245482351322 0.8382429941515886 0.8475329466044195 0.8513628108620022 0.8689421781922371 0.8441539756866655 0.8424292652999145 0.8375229212489221 0.8520863311015232 0.8165306812671271 0.8172968940780988 0.7653705919906663
0.849443635776468 0.8306194721989937 0.8787249071656373 0.8660231245733502 0.8948816951093493 0.8842689365659393 0.8751014154256206 0.8505343881468131 0.8218033471764608 0.8011697528346434 0.8063639052474404 0.7999245478718855 0.8376939687992513 0.8425854875878707 0.8486347914548175 0.9082178280543104 0.899947196956048 0.8889757066571043 0.8593572400146015 0.8378317462957422 0.8783136018622317 0.8657265431429082 0.8745746356567735 0.8333413285364453 0.8913749966797464 0.871169534345849 0.8771735715800641 0.9085048891429564 0.8750476736179188 0.8459789406730162 0.8278346171924852 0.851728852980406 0.8479619780169672 0.800553378908789 0.8226179998825388 0.8768765387140351 0.8369228154446847 0.8516638528358148 0.8205069145527251 0.8522127377108839 0.841714322380255 0.7975168232027666 0.8248957195842469
0.816530890280628 0.8591968313157178 0.8488031024847281 0.8415125858225996 0.8610850831926945 0.8836572615231802 0.8384522504764458 0.8088877879551909 0.8119784041283753 0.8517069480510658 0.8253563625926634 0.8195578997285324 0.8519043381920812 0.8388473700483634 0.8773852555179195 0.8997823819412946 0.8922037642922807 0.8911335453016864 0.9074344156881199 0.8605249753652463 0.8788026708539225 0.8945369317977079 0.8817175067957723 0.8925002675930777 0.8804131231639976 0.8681697578041407 0.8716584382427235 0.8642475759375737 0.8588362745595562 0.8373945202244539 0.8405087834598146 0.8389842588598377 0.8404903887620518 0.8126535205773109 0.8434915075286167 0.8640193025102322 0.8388989791172727 0.8276864502733012 0.8287562095763453 0.8534189123838124 0.8352263632602858 0.829446068932707 0.8378226200973202
0.8179178223455942 0.8277521811847922 0.8373226066697347 0.8743425787890916 0.8451077691772471 0.8870803943367939 0.8524134755380322 0.8377153099342397 0.8470074024899956 0.871560231543412 0.8524950979650464 0.9079225900522542 0.85663979708576 0.8587187614738446 0.8921017894437092 0.9012659645027257 0.9197753303581784 0.9557883448379147 0.9142604049658304 0.918022367229408 0.8829317871760928 0.9005653566473256 0.941474272026515 0.9255900953217678 0.9230685588864515 0.8708307702860011 0.85148193441251 0.8838335696390892 0.8711920105731981 0.8436731544178595 0.8329439739613935 0.8585178995791563 0.8377155365540534 0.8015227779436732 0.8611048367535505 0.8712935690285178 0.8427402778131634 0.8685673582500031 0.8755157938478995 0.8243077040808962 0.838578404812327 0.8374630407721452 0.8610903578052519
0.7974824663235052 0.8122310058920271 0.8849482465163331 0.8954130560725109 0.8491739612041375 0.8566107753287963 0.8789691798048012 0.8563424311582303 0.8368517796749877 0.8957297526895316 0.9052900364804026 0.8819287662431521 0.8805985680797352 0.8978864475000348 0.9320228343852756 0.9525140691143175 0.9425983922311884 0.9535623943123642 0.9184155277975402 0.9343099202068279 0.9140921233311968 0.9029547548340702 0.9506229758045895 0.9667382569468193 0.9190382738597499 0.8750485787208715 0.8558314955254188 0.8491289512189326 0.8598163364933279 0.8227983100725967 0.84360511203317 0.8417303750053011 0.8437556656515437 0.8573651512773156 0.84411371776047 0.8884472977018549 0.888219966744628 0.8586066187720781 0.871187882163676 0.8094654187333153 0.8300295086154243 0.8591475486857335 0.8476737107548505
0.8094448221539099 0.8364920794199436 0.847680229236091 0.8960847560511164 0.8463308121107634 0.8374215278043775 0.837417834242005 0.856625723667166 0.8308625411624324 0.876732015670463 0.8979225915665242 0.8729806269329179 0.9367966886329617 0.9496903142448494 0.9645187165482123 0.9327353769792244 0.9708331097046109 0.9667002370954098 0.9644581440609669 0.9145858383644064 0.8954432538107995 0.9255317528468427 0.9209267438361163 0.9592171819949412 0.8882290320117053 0.8708178880202955 0.8514709009142803 0.8590413083488135 0.8266880267096697 0.846227354232886 0.849364966916376 0.826110188587346 0.8285915508875293 0.8611573765914292 0.8209657676626853 0.8729584019016372 0.8366006396257464 0.8632983602682941 0.8646848907598647 0.818750561071226 0.8548614226891625 0.8539378792058173 0.8141015226926476
0.8246815863107048 0.82680578323252 0.8804687348753134 0.8820965763080436 0.8589973536432082 0.8341259286846557 0.8497775321869234 0.8561427431450708 0.8661699739539165 0.8911518446653969 0.8893952618067629 0.9259925981404998 0.931214451616616 0.9132841005746268 0.9402802355314084 0.969832979723244 0.9414844018241877 0.9352074008552196 0.9467657665558764 0.9116638317477287 0.9202641354422436 0.9305090373712238 0.9426256001210908 0.9181024181702285 0.8982087743827364 0.8453658300430842 0.8368149956114818 0.8543646934024942 0.854552738873543 0.8228978898936838 0.8121332285036222 0.8328014120415385 0.8016393922630906 0.8018997068828154 0.8095758787454798 0.8141186538801564 0.8174342491792167 0.8270869221171931 0.8075902015782362 0.8440891390911425 0.8254016095841475 0.8051678597009315 0.8069005609042625
0.8135339360949354 0.8750778349845009 0.910887584870836 0.8896919431389976 0.9034851103316356 0.8806403402395806 0.8572351558761645 0.925808782987705 0.9031044214271695 0.8890110848815028 0.8843140106477232 0.9197326684488105 0.9427165843862678 0.9319258694006132 0.9044288827862778 0.9554288879728964 0.9159579280654782 0.9149210862030795 0.9180603525174381 0.9015715117058938 0.9026606642814284 0.8933483290368559 0.9130762163959545 0.9253561899622234 0.8830243109092217 0.8837743454930925 0.8565220968314301 0.7764723150128193 0.8275346594405388 0.8442329207617599 0.7857808819343446 0.7889212744989867 0.7797579869327421 0.837942592453303 0.8216930478376169 0.7538420708164243 0.8096890111183089 0.7923360502580021 0.8106708711880763 0.859116634836465 0.8082902257710565 0.7479310962482744 0.7549541019029237
0.8540387440507824 0.840331527545219 0.8851926739207999 0.8770363008897345 0.8732917006543836 0.9054776545739603 0.8842808745716207 0.9095961059192996 0.886686038113005 0.901946442622571 0.8778716181895487 0.882446708943511 0.9202306547748551 0.9143390768267158 0.8993237845956105 0.8875810649254979 0.8980433619151995 0.8650535547968821 0.9010507410558701 0.8761247009937084 0.8681854145867641 0.8903078336005017 0.8614987269831608 0.8636404762074135 0.8626450781606119 0.8164513870320548 0.8335079071948635 0.8199922153076586 0.823460791952705 0.8196637254758038 0.8086588371954453 0.8183766776111024 0.7999416766353047 0.8140115763474358 0.8002562883711257 0.7511168643706931 0.7726836319746028 0.8001907835556429 0.8142954537914553 0.8133451757539112 0.7481682422060455 0.721042546492143 0.7086035017338425
0.8062677893217604 0.8312501415415307 0.8192536151176361 0.8541423609100852 0.8693196257658825 0.8861735660254291 0.9187713922539495 0.9226075430114035 0.8890913772147967 0.8886874084203044 0.8820230070308795 0.9103273116919599 0.8670649985278797 0.8540768987135083 0.8907129510396878 0.8857839683603156 0.8449402666851431 0.851525219344199 0.8796870696110599 0.8401048409984015 0.8297031345756887 0.8306069412314104 0.801230285298695 0.8197834221997856 0.797526582272672 0.7926598329915794 0.8224402829145887 0.7783404443531733 0.8334899304024543 0.8270539579834416 0.7973936063503732 0.7877590720063156 0.7910051026653114 0.8179697560241949 0.8010420333161111 0.7855550707059423 0.7777484750284565 0.7500343752551449 0.7688937425967777 0.7422758176210928 0.7482887690777349 0.6885065640026202 0.6662396968107114
0.805014704458275 0.8289297824498362 0.8110923044671737 0.8470563466333499 0.8399991933691354 0.875280148941822 0.8830093661136273 0.8678947765381388 0.873672432845127 0.9013290970515704 0.8737426444002099 0.8732284401982813 0.8662830588248093 0.8777067655871623 0.8597914541666114 0.8504151042107948 0.8492973931791314 0.8591530726425045 0.8342204162157735 0.856340719451888 0.820888941903552 0.7894752166113923 0.7997903723045697 0.7811911451424748 0.7980343877628434 0.7669951419356236 0.7791826740608109 0.7844242985516564 0.8319429459248712 0.8001541063076777 0.78606730588186 0.7925266070112025 0.7835245717482657 0.7866075790672603 0.7726733758205453 0.7613543107271524 0.7475379460970297 0.7694087401324898 0.7543870076402142 0.7077698387788215 0.7273770563594993 0.7080570415320774 0.6789790944292268
0.7827666280659894 0.7975516176084155 0.8376973493303558 0.8729031705155755 0.8805955796996491 0.8594294299774036 0.8511501262101325 0.8257093961800166 0.8699331698936268 0.8573323729628025 0.884294294478308 0.8745002292516189 0.8807888252024274 0.8338517167932935 0.7981849301876958 0.7806705206097162 0.8316295179371512 0.8337390671674375 0.8369940685491342 0.8593061118790477 0.8278970037163398 0.7873712269246522 0.8063583150217054 0.7838915678135129 0.8121415616833207 0.7836380273100431 0.8137490706734264 0.8266564416421113 0.8371737831048672 0.8427747875055164 0.7948982986701354 0.7905301416242877 0.8036119444648891 0.7853118190949694 0.7944883370283091 0.7645297491790588 0.7343689010850255 0.7488003680527037 0.7282100114412703 0.6926002964152095 0.6813276048215549 0.6890722583106684 0.6730818027807279
0.7458085308390087 0.7997376719070239 0.7968349483045971 0.8574136849969479 0.8631689929477876 0.81817087307977 0.8080161471049266 0.8148858710894648 0.8481489350557183 0.8150091206743836 0.8286794282916408 0.8239524667796001 0.8408512951710349 0.8386581917875768 0.7802647530571463 0.7691030856256732 0.8158132429722253 0.7966155012004429 0.8012131679889565 0.825707399057088 0.8352125598330532 0.8104142434079795 0.8201178176757205 0.8360537483003693 0.8243441729942017 0.8219862426924655 0.7915767160469203 0.8024486496601813 0.8346611975273672 0.8036753780289679 0.7951297939504032 0.82172078422071 0.7953553222468216 0.7939857431838829 0.7809682795121661 0.7393304666646919 0.7698424812929847 0.7565864774867843 0.7169032193437048 0.6898801936737586 0.6799278087314055 0.6976983049597438 0.6590491381185485
0.7429610690611761 0.7674956136990306 0.7934503409043246 0.8354890371857756 0.8698762853978418 0.8340101507751696 0.8163936657467394 0.8126910289370136 0.8262973011822485 0.8283524991208867 0.8083855865380836 0.7733527318280147 0.7865539354546853 0.8049231867930076 0.8081920791007908 0.8081944278163375 0.7984367747237769 0.8088429284746058 0.8047455234498689 0.7728069845029786 0.7821904551507881 0.8122393408111142 0.848794912154227 0.8252546349968694 0.845881886006256 0.84372700657486 0.7886313021980482 0.7787428463501851 0.8037863476421422 0.8071899847118769 0.7605480822801141 0.7975609976813387 0.7807676655607246 0.7789372209257871 0.7442596656586107 0.7294464238752497 0.7363107914832285 0.7347156762793643 0.6966268622110959 0.6871489787256663 0.6679205363084139 0.6626859685320853 0.6539517182279403
0.7101243518251379 0.7312904697994045 0.7993457622182806 0.8237531078913802 0.8402431179372937 0.7902727491312583 0.7924084524303752 0.8005332788707106 0.8080800168085432 0.7545636470326276 0.7426898833696637 0.7422957148786937 0.7600070026784534 0.7966529807131949 0.798414667179483 0.7867395305891904 0.7835005341832132 0.7683536907758501 0.7715728106406944 0.7486561526184708 0.7688039116718607 0.8092187352670472 0.8343427779127053 0.8034235824713563 0.8100269190826447 0.7916698964193829 0.7998804576229763 0.7884292964110261 0.762070369654303 0.7591147236791653 0.7475468012161018 0.7183340630538354 0.7234594666460173 0.7441810579844609 0.7561891652138273 0.7145319184859337 0.7163622172377235 0.7021344377145411 0.7121988149622109 0.7072234177673388 0.6976894343811393 0.6699518432275208 0.6471119096813508
0.6980903329708277 0.7177910740558174 0.7916684248104153 0.8199694444685293 0.8396621652076347 0.8028584019803219 0.8004276458398559 0.7796890651472934 0.7629092856238616 0.7207915377995973 0.7261476547354291 0.7418826201938528 0.7232345636579393 0.7173820576227249 0.7436131353137284 0.749735100495049 0.7486297471160648 0.7113909476876312 0.7400516735151599 0.7614546705459497 0.7947682787376035 0.804116302562123 0.8116768113029522 0.8018263315679236 0.8110513514950309 0.7736504408503716 0.7734120728429336 0.7787335222982349 0.7677674870197706 0.7664817833552907 0.7113102100322499 0.6949498940335692 0.7220618912448123 0.7333361319130872 0.7318006399650001 0.6975381633956566 0.7222940342627255 0.6984666423526715 0.7204475309547158 0.7164427942988807 0.7350653749471149 0.6955455365429906 0.6648010817562592
