Raster_benchmarking/continuous/raster-265.asc
NCOLS 100
NROWS 100
XLLCORNER 1743168.8333944392
YLLCORNER 5469288.9676532615
CELLSIZE 10
NODATA_VALUE -9999
[rows 76 to 94 of 100, columns 0 to 42 of 100]
0.05300378228281896 0.05570860961490576 0.11412943653656266 0.13397141423445164 0.15004335848708175 0.14897121833789762 0.15622066665689943 0.18103262266536205 0.21546817204685467 0.19265068162967816 0.21242480547081244 0.1885908670811852 0.21322395588138432 0.23089131762856852 0.22056157506582494 0.24792483716771416 0.24085155761922092 0.2615459924251804 0.24749818225754505 0.23677002756447182 0.24651421916933647 0.24330094068278935 0.24240949521253044 0.2762127320712441 0.32306833377693506 0.33360198627969606 0.35265094377097367 0.41680750341450234 0.424023080660787 0.4441331482898083 0.4676197081908129 0.5188130172186862 0.523482086928585 0.5675868434911591 0.6319110075318294 0.6649636555243449 0.6871198675001575 0.6851151830677669 0.7139559961201396 0.6923787854240541 0.7322802090098097 0.7396401587190251 0.765261719691991
0.05973477011515554 0.05743534316657905 0.08529486700799521 0.14867744137101943 0.1745297463926395 0.16600477207742165 0.16281156552953155 0.20660686845365048 0.19534963631683136 0.20277213915820724 0.1979832149085463 0.164319334293323 0.19832036581134022 0.22316490016252796 0.22340963222270818 0.2329392943904588 0.2469726517360212 0.2574247286217991 0.2489473249150177 0.2653471104545368 0.2628791357015872 0.24649233047603658 0.24832871637431306 0.26905467745219114 0.31465023687068955 0.34109716091487297 0.35670261956603544 0.39102649307891457 0.45158920907098166 0.44252254065486896 0.47035566003575396 0.5058600644012483 0.5463976106854556 0.5695627587632147 0.5925858558999946 0.6518611704258983 0.684629871075432 0.6724927717940347 0.7093132587109653 0.7121521990554186 0.7079367175521792 0.7387962848221221 0.7707238837511594
0.06296630401373268 0.08813303645796323 0.12006782968458758 0.1631528207230078 0.16306555060844546 0.1709420741776233 0.20680048424921066 0.21258528606679536 0.2126098491645256 0.19454134511449106 0.1758788317363921 0.16213182744599772 0.17303389095982993 0.19412940745127852 0.20186456691312266 0.19992809736869765 0.2253937153664453 0.20768569285938773 0.21770341243643299 0.23359909426705003 0.23861856030689363 0.23641874158846568 0.23997987511292987 0.2955548320810795 0.317469231169197 0.3579394612157133 0.37030346719142687 0.3765715805070992 0.4222978202124457 0.43203371577431227 0.454571208619017 0.5143042982507045 0.5297648512350315 0.5560046907736076 0.5738195420841518 0.6233688349799315 0.6731470530446556 0.6846320575742747 0.6713734858746034 0.6931821196844274 0.6880597563807562 0.7346174323955478 0.7721734508090948
0.09926660944934419 0.1127496559082373 0.1451696752080298 0.169007232263245 0.19112466060008285 0.18643668290062848 0.2001163986261836 0.20744420045850148 0.20314456700655803 0.16948596492439538 0.14793278225796347 0.15822946560612802 0.1681940441849729 0.1761566092026191 0.21313295889266431 0.20444240892124166 0.16024354888566913 0.19382122131953966 0.2285201966922229 0.20860098048337605 0.22042471813015835 0.23176174811758338 0.2395358774487872 0.26054659460105817 0.2997354407298381 0.3494129908931395 0.3763308099945282 0.3640682550377477 0.38765169211196615 0.4158587896774523 0.4374059113554398 0.49799342580353384 0.52469734302304 0.5692745397378883 0.5680090914540652 0.5946107325101517 0.6475548167413893 0.6506111961667566 0.6545060757926102 0.6537382182113384 0.7008408070829609 0.7447785840643746 0.7748520137443781
0.1254882372400621 0.14080090454139665 0.13329305492088261 0.1739526361526314 0.19586905138118846 0.17856307107001138 0.19821091673867036 0.21589122097637317 0.17840963379131344 0.17628082432034534 0.15265699153944018 0.15020749610297363 0.1693831423474834 0.17596705092919535 0.2165124414863647 0.20741482219249074 0.18227322498692422 0.1903606936796273 0.1946438018021423 0.22481551156114307 0.22281159317083987 0.24792162115189106 0.2475942376485745 0.258922760596169 0.2942497154912834 0.3473283895631906 0.3898999365994556 0.38792200751989386 0.38050686206603723 0.4293565155007227 0.4565767946048914 0.49110376839367015 0.5387212898292283 0.5489490476776707 0.560021718045266 0.6083145082537796 0.6034967948472111 0.6136829556709146 0.6370627178905546 0.6482002894125931 0.6841240297656233 0.7247028802827277 0.7371784784433393
0.15339870822567467 0.15169570296948046 0.12035408571173191 0.15616762587938401 0.1994965664470518 0.20833974408215705 0.19989859406445779 0.21668724160175754 0.17971571781885623 0.15597493311045185 0.14945294255314362 0.15916130542449308 0.19141182968313716 0.1772888598280776 0.19665025929072918 0.20477004001365387 0.19320998453363936 0.18896397416018315 0.20403175671268142 0.23231671719870087 0.2596371822823151 0.2605132891834222 0.26721283602399354 0.2534072467737866 0.28653978742346925 0.35649230501206713 0.372003102473261 0.38896723985688064 0.3914577273642583 0.4521424380005855 0.44502020737550213 0.5208277656885596 0.5367481117403925 0.5378453574877966 0.5572435642684196 0.5866330869262223 0.5796172878105451 0.6097054624879024 0.6371439206121471 0.645014670857339 0.6839350353423307 0.6740525697265142 0.6974316064525669
0.16344838645150625 0.17008232453612682 0.1463983891189146 0.15192035924221955 0.17108605758581935 0.18131299395037664 0.17720253875906597 0.2022326029772169 0.17892758615621943 0.16339532891292913 0.16631332130616813 0.17880148084460196 0.14833533902672247 0.16416550006440003 0.18283456926861466 0.2178634192429529 0.20676603446349429 0.19924813875088498 0.21195573250411065 0.22005179459869934 0.2635810885810167 0.26021345572942456 0.27505039705399414 0.2840958617359285 0.3333805313794044 0.3331233534574711 0.34238375759882284 0.37944879116631985 0.41994460727059496 0.46151314984409286 0.47004753203825644 0.5323310897187045 0.5245533156928296 0.5436094315724579 0.5660971177350252 0.5648996360584485 0.5987813394717661 0.5983603908632092 0.5934988810985956 0.6401276052300262 0.6536932690196463 0.6660503618977116 0.7198739839626813
0.18858674377857804 0.1655429607575539 0.18356039682249017 0.1497554699280922 0.14497536475221462 0.1827239928894894 0.20361337093531975 0.19070302373561177 0.18856255227563573 0.17196982545540992 0.14698356419242858 0.1777708262362733 0.1415317251092818 0.19122802461268953 0.1998570459658933 0.20909319814142555 0.20678489597375074 0.2280254918756429 0.19195092980740244 0.22848608865226563 0.22741454548376125 0.2494070205663252 0.30841464623748943 0.3036726766484489 0.34174409922982846 0.35400135029877206 0.37085993877174955 0.3986073538599303 0.4152707466124361 0.4861709343307681 0.5149229208654924 0.516936670904608 0.5749378465157141 0.5448082142166235 0.5705150362663439 0.5688698041040107 0.5932707102979635 0.6103859376830675 0.5879474181213522 0.5866282559803846 0.5960908438168129 0.6655507100934791 0.6990812662069925
0.15538369963386758 0.1728767332944496 0.17293573674887294 0.1650940749998184 0.15934719172979409 0.1707364724633126 0.17380576750606627 0.16025234112176967 0.166660703408828 0.1838856285175807 0.1627240297375415 0.16302182577560842 0.1702873076548955 0.17587797475197842 0.20290799082929803 0.19609372399300765 0.23880279868435103 0.24193001597728336 0.24207750220255536 0.2556075074214954 0.2471795525603136 0.28171254842969484 0.29372266232665994 0.3490289573492561 0.3854911710302706 0.394148135580613 0.4227308929639453 0.42895996841960193 0.4251268992858506 0.4885438005644275 0.5048782419688469 0.5299587590606052 0.5589976784654761 0.5362341394627964 0.5517231124754078 0.5881844784766551 0.5873216851817323 0.5742380652381298 0.5889885713544981 0.5831397664081709 0.6088513222726957 0.6522401979718908 0.7268032989064955
0.1810213640336414 0.15324568761800902 0.12983631699866033 0.15028968912803145 0.1594064542234046 0.15129066820084242 0.15435816147015202 0.18222677734939768 0.17996019276181 0.17652375523833486 0.1568625362417248 0.1970832713666502 0.20217477803094186 0.18572230697218634 0.21594191519025635 0.24534989050137418 0.23236561009362047 0.2648936606226967 0.2739065862830958 0.2690741432184412 0.29615420209165116 0.2881410657116465 0.30776299322469125 0.3288974900323451 0.372218663161631 0.37725851449442466 0.4068833649004884 0.4196755455616843 0.4567728857258856 0.4894005079677539 0.4899751273221813 0.5258815471968249 0.55056438244426 0.5378490725306442 0.5324970694653306 0.5781423212667628 0.5683170253066164 0.5736685530235734 0.5813857384850963 0.6149647454377937 0.6416495950900636 0.692982846541032 0.7092883321379447
0.14216607262614867 0.16994140797834265 0.13622160395781252 0.13419359039299922 0.14231993836072515 0.1771879129913631 0.15681673386601985 0.17250785827806384 0.1894200782340082 0.17055759997888326 0.18868185636972687 0.21348090270720296 0.21579101295639325 0.23792984241092577 0.2736822202928949 0.28076454569901754 0.2877701065928016 0.283525084301425 0.2786455668162123 0.305624643831024 0.3274174939310189 0.34205929028790705 0.35659155778160817 0.3533555064948281 0.4035632039457863 0.407632165279052 0.40349180740273527 0.43811822927572036 0.4467715959594744 0.46055939421063563 0.4880223250445822 0.5129429027778952 0.504624549794498 0.5057108626632875 0.5161565895508649 0.5479986104768394 0.5467621420299489 0.5751620930519843 0.5790377401359986 0.6275486156890813 0.6737593949751316 0.6981886182553406 0.7389033725899526
0.13103999245117606 0.16527126785746574 0.1612650622428704 0.18100816087253707 0.17218800582711352 0.20342930531919062 0.1880375311634241 0.1633307079291114 0.15340643851551308 0.16350721156428963 0.1709874001505238 0.22719932715801544 0.2550313639015199 0.2854865378318783 0.29152584033307366 0.26999901687836203 0.3146418809465088 0.3099432259395944 0.3352875968634387 0.3475201207282287 0.364583910934772 0.35929555438128424 0.3470639073671162 0.3774519704972505 0.4031195669738842 0.4138047009171647 0.39865573511821584 0.4373654317212518 0.4287320755904206 0.4733561834307224 0.46855354174464986 0.47368569842225083 0.4625209757879676 0.49428991016059126 0.5230158073666581 0.5336655812431722 0.5426245605527941 0.5538207718115256 0.6149978866936515 0.6140395464772952 0.6627523592845876 0.715133556166636 0.7266166909297215
0.133692681393224 0.1425227574564538 0.16429341681953644 0.1752088799498943 0.19087361914080642 0.19205861419393938 0.18622154102827074 0.18274999040164389 0.17983631335738542 0.16276176827712055 0.1981205256172034 0.22421196906434226 0.25938040064999673 0.27246808897659286 0.2538377136255458 0.27979975451075456 0.2839164380209106 0.298268338226213 0.2902856260388093 0.3096167675284715 0.36413482650494 0.3608305244763299 0.3873354994306291 0.3976168625822344 0.39283842847960093 0.40008611199148497 0.4152878551352503 0.4439678640663658 0.448488458639048 0.4885906141977205 0.49894330540740844 0.4776494731034776 0.47081891597983394 0.49919051867341996 0.5254862253485859 0.5520673490116675 0.5546314695507681 0.5638988574053349 0.606128497204155 0.6153636940766579 0.6851500704655084 0.708914980568956 0.7486225783416478
0.17037910632081554 0.13970532613322856 0.16992001425578326 0.16336884694797646 0.15665245886008455 0.1746502026217127 0.20393630412558472 0.1672642729761711 0.1594772699218197 0.15245511995871414 0.17835674197987186 0.189855766304466 0.21955720167231257 0.2393747738356598 0.24008028722070532 0.27613060200198264 0.3044787750574629 0.31091924833039625 0.28173368397764353 0.3092775300410182 0.3409141128406109 0.3429467668711038 0.3799468315378025 0.41384865585803593 0.4231102661271098 0.44611907689157293 0.45317350610462054 0.462003465233882 0.5106579480114279 0.5069485829875887 0.5098703443762389 0.5114411265590535 0.49728427748832593 0.538182504824496 0.5529025952229436 0.5604325454970921 0.5534107157351119 0.5967259730719332 0.5988835403665241 0.6295142115701865 0.664123676125703 0.699533241454728 0.7175900596869632
0.169810258519085 0.15063843656533035 0.1495927493424912 0.1596452528901949 0.1846652949657339 0.19721164765946522 0.1751646936798852 0.18392981940908962 0.177604180999586 0.16468078197826513 0.20000257934068022 0.21072474557357276 0.20936921326873315 0.2045743926512287 0.22959253827926696 0.27336743978213296 0.26574726520826136 0.29284899470983305 0.3032729198758318 0.2945766559745342 0.30064034433574294 0.33384705348239724 0.3728743800924368 0.40738438822282136 0.43073734177530126 0.4333461645267433 0.4433320104468752 0.49632138781747465 0.5069635970006796 0.5308533853569952 0.5207401761723431 0.4951266045350762 0.5292265603497532 0.5324261008778647 0.5640924882265698 0.5424597918074104 0.58457246093728 0.6088540947295835 0.6088950803173835 0.6358610855187096 0.662369665290554 0.6839590095272247 0.7127270622793309
0.12911475259487512 0.17382742052538377 0.1864364537016522 0.1677902324085301 0.17558215231784638 0.17640233502633706 0.20583639264864662 0.19108878821136846 0.17256823514138622 0.16925121768950446 0.18992864065219114 0.1697875771321484 0.186012794007007 0.20694236259073162 0.25338318455824854 0.25589268125977177 0.27379509987350953 0.2908571553060947 0.27801968062029186 0.2705347079225058 0.29202414269161087 0.31523968891537446 0.32676441957262387 0.3885628858709138 0.41433948959289213 0.439176277818721 0.45698438344705217 0.48720990323915264 0.5098719770387559 0.5041533092770726 0.5393191281114196 0.49062136117933647 0.5036691572261175 0.515737902947495 0.5683625277216774 0.56843178810924 0.5733652294903574 0.6079328696491417 0.6414005157010536 0.6179334242510076 0.6160433407321237 0.650431387156674 0.7223355779926529
0.14372224082765225 0.14988202915943824 0.18039598305914167 0.19059543091766054 0.2036258453520266 0.18354869504779847 0.17002188384056932 0.1509954572211436 0.14693770837629927 0.18418412298505918 0.1580228493714449 0.1584938240158024 0.16361127046887364 0.1973483084000736 0.24752514051318986 0.2984682351566766 0.3145556116998631 0.31160773042873013 0.2996114169853979 0.2994259765115002 0.31375141935255796 0.32680335634933716 0.35971367828047807 0.38864205656032835 0.4115722565893694 0.4576508427503785 0.48358815535801275 0.4913564497843617 0.5073253974232652 0.5128627148088377 0.5161689715304053 0.506317944843282 0.5025082643509584 0.5105056930211523 0.5238348947569949 0.5632105040672438 0.5715764556731713 0.6148676460620824 0.6186081330035875 0.6159260650471258 0.6443691645830673 0.6610005787210625 0.6960518606700384
0.13726443435875457 0.13946055649744218 0.16613587147312162 0.18415621329265972 0.18517526795673064 0.17655139518170643 0.14799507471764958 0.15112183797714063 0.15969051100117343 0.14819351954730697 0.16413976939527214 0.1556261428046891 0.16798233113573355 0.22447117632844538 0.26705854984564453 0.2825432687271527 0.32188766822760045 0.3148258839230837 0.3036347528884849 0.30407449080215726 0.3538154848077677 0.32897963235812294 0.3570599691002418 0.37765402182711666 0.4234247726760826 0.4579556039825991 0.4576967624221462 0.48662569465094796 0.4751344987018104 0.46827305163266414 0.488538744917452 0.4810336062016182 0.4810974167134146 0.48692423336647506 0.5116917234621083 0.5493866249825686 0.5869616652241582 0.6036045742918181 0.629012577835891 0.6218289629210003 0.6530226138392076 0.6798376880274017 0.7222552793692212
0.11024684262850094 0.1269679091621123 0.1644867366155537 0.16136537770899456 0.14122527027224954 0.13266047264082914 0.1607565281047914 0.15158116982184924 0.1475816176195472 0.14349913380630833 0.16841282306164462 0.16448234682864182 0.18508328915211267 0.20703252980604434 0.26831804961233685 0.2834539314870555 0.31652641714690516 0.33097041142535244 0.3222933937617228 0.32481843334435967 0.33816751239861964 0.36767771461904364 0.3677747438848659 0.40141616218376386 0.4314864969763687 0.4489561980627783 0.4530035167503423 0.4635230084570111 0.47852989531106105 0.4790378466365848 0.4966732475349666 0.5150323791308999 0.5213017493303034 0.5081405874678762 0.5103397111408081 0.5399742420890373 0.5531076813301569 0.5940023033347521 0.6261384229639542 0.6435388485519195 0.6539701512750145 0.681355496610999 0.7257014839528745
