Raster_benchmarking/continuous/raster-309.asc
NCOLS 100
NROWS 100
XLLCORNER 1743168.0739449887
YLLCORNER 5469280.562148673
CELLSIZE 10
NODATA_VALUE -9999
[rows 38 to 56 of 100, columns 0 to 42 of 100]
0.5604772344727036 0.5041462673032908 0.4708769337114335 0.44242638298502546 0.4100030609162917 0.4169292985108437 0.3574443105918639 0.3534489192460132 0.3139522906551416 0.26894938872353696 0.29605505579726843 0.2491102293946451 0.14719483898270735 0.14963163836246668 0.1812735348763709 0.2363941844495633 0.25047297512750166 0.28555636984677674 0.2668307549580778 0.2702227838820873 0.2175811592503148 0.22271248802428306 0.24929277430285285 0.32915406684422543 0.39140621422273536 0.34549324323879343 0.32709333169335636 0.30919317535751084 0.31206028932964935 0.33444187146020987 0.3249895758983956 0.2764779468903825 0.23912059531985425 0.2582276558642955 0.28072790479119714 0.253711496067574 0.2924450276254615 0.32276708595315695 0.3066264588675252 0.3464984290672419 0.3559345150202703 0.43223028131006913 0.5140406166938047
0.5552835779282833 0.48434179286869666 0.4632233756550535 0.4620571092634612 0.4061283054638533 0.39139682546851706 0.3801563130873066 0.37846073687121906 0.3525106516386435 0.31718004496911806 0.3059124854733746 0.24805640611638424 0.16889657024588975 0.19455899900012846 0.2153258190756631 0.2331770581863746 0.3122686162688834 0.32571790420225377 0.3238202913418321 0.24892054964984184 0.22569028278569955 0.24299502895887753 0.258344673729104 0.3473689181965088 0.40131411745494655 0.36419566554619537 0.3323783673620568 0.3331546079293545 0.3444804410184105 0.33548566199196267 0.30098254285273757 0.2549822535911119 0.24611062797577968 0.24144957218494212 0.24280445973450515 0.2555377463131939 0.2622770327320144 0.33982379350663566 0.31551044432427383 0.33899874263541924 0.34232994468721134 0.38622849516155966 0.5078006894514541
0.5546911421162614 0.5206593792736339 0.43633630621208463 0.42291988010185977 0.48525115851451606 0.46515099836553747 0.41097527456846455 0.3934364547288793 0.32006265140821316 0.29569990286954456 0.3015507200608716 0.24071384347713276 0.283553131589391 0.2700115966846288 0.22344966833048854 0.256904053265902 0.2878375971681155 0.2932249556870522 0.33639998104301905 0.28685719417828326 0.2667249453024006 0.27217572985615396 0.34899438289994433 0.36537573057235584 0.38775378368698066 0.3772013148015208 0.3337420374201539 0.3372781682667809 0.34157378432162977 0.3251220250405381 0.29714399478911213 0.31096751196753547 0.24829991484653988 0.22579393126855282 0.26097652262341275 0.23024162230557907 0.3068891198119363 0.34182957067635467 0.33210576890859406 0.41417148841028817 0.41675724312306894 0.4201825658526879 0.490123479846963
0.47812778902035047 0.519804257547891 0.4326304568960943 0.4183570423897034 0.4983001426177995 0.48522740705972156 0.4253088012141798 0.43212854704529274 0.3784230619194239 0.34523813133128567 0.26582011598842337 0.28688383737593887 0.3375215114987617 0.30971861054843247 0.2756088482979218 0.2633057962498389 0.27257915187765636 0.32480776815830664 0.284912734054267 0.3060123711808523 0.29065474593968743 0.2936749817812394 0.34146604520340007 0.3969947273722823 0.34752744132692687 0.37421408393987005 0.3991427166518302 0.41475887105447123 0.423653632430672 0.38363876646399725 0.38568136079609916 0.3629780204078911 0.2579009756273946 0.2508539840238748 0.28276945910002077 0.2907662139053148 0.2781167058062896 0.333945087155264 0.3927942305775675 0.42423203424321965 0.4559786072654398 0.42724552794446724 0.4636933866277489
0.5321731463242855 0.5178265765310783 0.48441865701269265 0.4633302879707161 0.5133112515268774 0.509128712364869 0.44573691935716153 0.38577648596484876 0.4021207121758991 0.35747128937558936 0.3175488054481823 0.3268188555920006 0.3386402692415241 0.39629201516915796 0.3467992930242325 0.34644255592271456 0.34048550087518076 0.3347984088387599 0.3223483408361482 0.30184155135515955 0.3597515617844222 0.32785920998330204 0.33188732318015557 0.3913378692840401 0.43284272066323454 0.4261244369032833 0.43376352030011417 0.4306871350363038 0.4420246744435536 0.4269400408989186 0.4211327354967416 0.34635445999978476 0.29267596274719715 0.2794596963975557 0.2998972045335733 0.3175006268937017 0.3366940167663176 0.3543212803712695 0.38255975557892863 0.4286498597918213 0.4433751258687566 0.427158436693873 0.4728932203491849
0.5309311621520703 0.5139541430620905 0.5013844222958855 0.5106199252393097 0.5013347100470511 0.4507458355146502 0.4574015826839793 0.4118510315548811 0.37408919949017516 0.3186403313045783 0.3138579837343219 0.3807105182943235 0.3952071373426887 0.3650569012291679 0.4193243083351747 0.3758308710061977 0.3773735523543701 0.3742351800200118 0.36738950757429745 0.32080693658293835 0.3798916106917937 0.3445813154339745 0.38700706793771184 0.3964350430736804 0.45442424423732836 0.4635200142098767 0.5049050216752237 0.469984682958569 0.47693520515996923 0.4662872250860325 0.4159807717762079 0.38768060702829427 0.2959718263014129 0.295335941560811 0.2878738078089689 0.34752317125568954 0.4155450901138095 0.4274004607353114 0.4594511813673126 0.4263108516028437 0.3596960729385136 0.4333087667644229 0.4083606206588861
0.5006366860938127 0.519928003241602 0.489946038479403 0.45645879701666253 0.46559598089748755 0.4481446880033442 0.41694171733914465 0.41167620137618943 0.3598926266221627 0.3525632046613731 0.3478696320599854 0.33938196419243316 0.3959407215594384 0.3740980054359968 0.41578312403491824 0.4267297664634454 0.4288091147321832 0.3501893797117551 0.38374613507430955 0.37586766829651425 0.39421612208480816 0.40837697353787306 0.38576325143463824 0.41516489463812933 0.4760368610563677 0.5135826949807556 0.49237579875112863 0.4854086629323489 0.4714617374834196 0.4651189146520717 0.4235971823784067 0.3662042671889574 0.3776490544782684 0.36170832143494597 0.3460536421449534 0.36363045301972746 0.38987542175793954 0.44112726637478766 0.43508278948950885 0.3951304045635586 0.4508527532820159 0.42314114668007446 0.45697938220981915
0.46547297824379397 0.444147225877568 0.42397462487865295 0.37363590748423514 0.3487899135672345 0.36350733967869975 0.3845050323895126 0.3409842148401906 0.3105099007025651 0.3338977178779379 0.35581871787740776 0.39489031198349234 0.3968880194063385 0.4300590861878844 0.4003266204555111 0.3626400900695921 0.4039146273194155 0.3317183477294996 0.35409781212983377 0.38102666253489575 0.34887951960161506 0.36301860362845334 0.4157486491477239 0.45185699123229106 0.4808280828491113 0.5093749141511216 0.5074247981039648 0.4693549098316792 0.4469569036234025 0.4640149727035347 0.41121661369472534 0.3539265236439658 0.34307519353958715 0.3602229898502218 0.37506613992414145 0.40013668761593324 0.4059286813429188 0.4422431692596227 0.41098566779416473 0.4435341417733415 0.4740116475603834 0.45993308283107653 0.42810454906909784
0.42104893833078405 0.3736306155309095 0.3737639921108563 0.36367472808022505 0.35262420172047065 0.3050270241368828 0.32791693801362354 0.35932951461745094 0.33830644619508404 0.3848150311098228 0.3718658582065883 0.4336566791413262 0.4171526545901219 0.4063627409967476 0.3521578193434163 0.3494974480964319 0.33500356990431274 0.3098214276614218 0.3379688634532473 0.3884639197699064 0.3669018703041404 0.42192277704027364 0.4568406351701635 0.4561662415911962 0.4733884738942677 0.47341959820076396 0.46639746796531745 0.5241510398901592 0.4857731125745423 0.500675386611883 0.4865870828522318 0.4191947582348381 0.45930232554926764 0.4650479419142416 0.4441613611611602 0.45809812467836514 0.40213935307194865 0.4161273190664107 0.41732699221639014 0.4481324257760362 0.43083435368932865 0.4327837812385446 0.4216577560207768
0.387401478773964 0.38084183787268466 0.3258568925511921 0.3183432819938435 0.2570369249800922 0.290718400516965 0.3853462669941475 0.3749260824183311 0.36274899192714555 0.4089395252326188 0.44258206126481264 0.44197853311048624 0.41349847563119413 0.3915124678155277 0.3095336598745181 0.3043973019034347 0.2895370592556002 0.3130484487223936 0.325590843776506 0.3741295884044611 0.37287769023010053 0.36776390359363764 0.4240586986066573 0.43966049914778504 0.38153105329254094 0.47418602680202515 0.5124415243623147 0.5255499524903476 0.5891729171037131 0.5257781468036712 0.5141905111244455 0.47761676438790934 0.5399414484246643 0.5254916617317102 0.5306544892610222 0.5139064954645061 0.4259072668742054 0.5043933569801043 0.4964608705557563 0.47592230900114624 0.44591490913085524 0.39504580673389295 0.39372143611175925
0.39365066125037335 0.3223312538079954 0.2872073332864904 0.31759491429406456 0.2702083210543519 0.30067892894997295 0.3768725664934802 0.41388380609400244 0.4333660703252159 0.4156351144946016 0.39721758751041086 0.4004653725586589 0.38797219517504156 0.3670133043482711 0.33872833718274853 0.3412141848376921 0.32450026009607674 0.32717971434310394 0.31317254651922843 0.3437489494556007 0.3445273891153203 0.37664052453344415 0.41144177286173567 0.40576928126454365 0.40947844187659865 0.4598841611016104 0.4745986095092384 0.5090240328356671 0.545750340037646 0.5428860144677885 0.5097774735589953 0.4999822476975597 0.5347455231322775 0.5184943302598017 0.5188924375131253 0.5248378766475748 0.4951699898072209 0.5311924102313584 0.5390518724422134 0.48947431336244607 0.46864568498342085 0.45265834183372666 0.39609534079050535
0.34634291693155994 0.30697441812164383 0.2830595232043204 0.30592989352914823 0.30060928388613184 0.29096910543777654 0.3423152939030401 0.3356971499017763 0.4079924103923474 0.3980099387765073 0.3896285841106532 0.3798301357130172 0.3985004052724791 0.35327500182166677 0.35406779708592057 0.3499069852410693 0.4230196550599146 0.4258753806686068 0.4117577256464218 0.3580009017445837 0.33836517073931494 0.3732721716308211 0.4402602158702218 0.4822538878750158 0.4622046738405274 0.4675085300252351 0.45294349222757807 0.546487375654139 0.6050147878758126 0.5306384651215404 0.5642668121393675 0.49122305318549353 0.4967984922088311 0.5204161637345697 0.5335692001010728 0.5702612190598358 0.5159939458240749 0.5403159361054357 0.5425782525754929 0.49980282928087016 0.48149414838290167 0.46770214494337414 0.4310618466368894
0.3056419713784305 0.29937893462568155 0.32971764270972076 0.3383074313517263 0.3417675111713497 0.27129793650461975 0.2967673251257247 0.3318025622018261 0.3723158712310061 0.3664273698659521 0.3737193483825922 0.33836419390577893 0.3192431196190249 0.35059681846675045 0.3311488837617392 0.3385198934465712 0.413537918061366 0.4087979598828973 0.4092421356165159 0.42367677044585167 0.37339546721304956 0.3896932038190207 0.40891537157657604 0.4655464257212512 0.4110605374263165 0.42134575765187243 0.43010451428170365 0.5120004316415011 0.5588920821561179 0.5415119275461717 0.5104108735623423 0.5186689273442271 0.5569030872114519 0.5572758889260976 0.56610703235121 0.5785045085148758 0.5056392831638685 0.5218408919971177 0.5513663004849378 0.5222547896454593 0.4581356261467763 0.45074853503790335 0.40299578326572744
0.28838686161102395 0.29990004490134997 0.3589626670334009 0.3107414925792425 0.32321453605152806 0.29515917384758206 0.24980073750468193 0.26767590769874405 0.30932803664676684 0.31983227130342984 0.3102794058500935 0.32038249242894123 0.2305198487217344 0.3355910448505956 0.31300094949648083 0.32482761506824126 0.4022417534960605 0.4093500975276999 0.4280318043303873 0.3653109595543341 0.36465999300044744 0.4108559911955836 0.37218245928522886 0.3807683254308583 0.44449863981821824 0.4550282937862811 0.48054074082560416 0.552888382684062 0.6025492512993582 0.554784405621214 0.535920241293087 0.5064125635115265 0.5755096022147066 0.5977191055885472 0.5839313420149805 0.5922742856079389 0.5559668650002957 0.559260684691886 0.5076289315892529 0.4959797794067932 0.48197717245132593 0.5036721999438224 0.4813946864077379
0.30360324544451933 0.34521870598422805 0.30467019643523874 0.3122759693010068 0.2990147986371219 0.3019360706590504 0.32619336870899357 0.3252311527285715 0.28496028605618723 0.28399572330607087 0.2724999400887677 0.2885513316818034 0.29261713533724426 0.3091012154627992 0.3454410595153455 0.37751390714771194 0.4257263365478395 0.41653723714418406 0.4238035205094017 0.38389243266452866 0.3605816157864406 0.416796477425811 0.4054312897820847 0.3799511603607145 0.39164042418876427 0.4712471706036441 0.49048814904627347 0.4979467813541778 0.5808259698160412 0.5969954537757722 0.5636992774555273 0.5434644133389573 0.5825271571951932 0.608756242704068 0.539917507079422 0.5642769932315492 0.5921326513966294 0.5731174402533189 0.5597896810808747 0.4887579337374942 0.4457350091257353 0.4419387093647255 0.4434707097573376
0.3019511694697577 0.3348375249376843 0.29667321020349074 0.25345695182138417 0.2632190327312791 0.2808047151786453 0.28975520954894896 0.34567286498968935 0.30397450745380666 0.3061401953452294 0.33008072649399467 0.27253492002835655 0.30651984985063074 0.3159901737738362 0.3689763162211482 0.37091305342751535 0.35849468896761955 0.3824907525513445 0.3328051570470672 0.36458164008262683 0.38934483997849006 0.34522580483657733 0.39275437156327336 0.39729948695675626 0.4076962869717221 0.45693970362596287 0.4879626942128182 0.49193417739851125 0.5790083272586017 0.5383546772069492 0.5809948175386387 0.5955187801201655 0.6071986174340788 0.5649467859308088 0.5449564480337328 0.5102834827656603 0.5490230601965744 0.5569519205150013 0.5260577186102439 0.47525808278976495 0.4851032213658137 0.4415270151175166 0.3859058025052459
0.3455123209772845 0.35437736918212603 0.3539596234542988 0.2946628392197179 0.32699755301194927 0.34522843455600255 0.3099351407051516 0.321433214920795 0.359592640830604 0.2989645664184723 0.283696768087196 0.31469190804849856 0.26410720525484976 0.33024808419472107 0.3527128038423866 0.3811327596487709 0.34038648310130754 0.325785164495044 0.3752901436431792 0.35377561669654783 0.34955970769303485 0.3345794943797028 0.40383264221335535 0.4406741162411389 0.48935941164291447 0.48486350845701154 0.4697448914688834 0.49387798787307496 0.5168385098929896 0.5324233098936844 0.530847075107356 0.5641739649912509 0.5985786055413825 0.5801520287674392 0.5068078958077585 0.5037929628605113 0.4675964248128795 0.46200928715528866 0.4468393151229899 0.498457688836059 0.444262044505493 0.4134689423183555 0.39923487946057545
0.390078000190403 0.3416144446053842 0.31646276227083237 0.33373872558762097 0.3423982635147239 0.3558611035793624 0.3794664131010201 0.3926000131073419 0.3727255589567893 0.3090630239296448 0.3334512042086409 0.27880852404133555 0.2287702051987311 0.3230208118046989 0.3346638030136188 0.3293239874618107 0.38032852148809293 0.38129308033597803 0.3434317403420912 0.3276728487303085 0.3282745468362203 0.3682006154975189 0.3759284328724354 0.4320692685737385 0.5152027087625058 0.5188979671814556 0.49852654887912545 0.4840281916853152 0.5426354951494242 0.545625374296092 0.5362418360626311 0.5157989021832156 0.5728683232533551 0.5631236978240856 0.528242864642863 0.4821518159661413 0.46616973972321896 0.4256858991984568 0.4054519539868581 0.4540545973794718 0.4394880003651004 0.4362564306159507 0.43210646232007904
0.31607711420537704 0.350548984668125 0.3548439027654414 0.3303525044572676 0.3969428299755901 0.3784681639717644 0.3471919954899469 0.38236862596847676 0.35613927118872096 0.36333233989110125 0.3190065067080003 0.29170757112180384 0.25796922471601136 0.2460104690429229 0.28734385939663387 0.3416495113016346 0.3574110935774149 0.35973197282251457 0.3705698212940267 0.38487626344639997 0.3633869421900536 0.4094839507623315 0.4360921538641258 0.5057614184170873 0.5448369613371833 0.48535050532721313 0.4933927350553161 0.48356602496065293 0.48443868883226787 0.48442534271108906 0.47757225262911635 0.5125434893999407 0.5707313926025621 0.5674702599266851 0.48425407823804295 0.4595734538394391 0.41637823152494075 0.45228778668550385 0.4118611433745619 0.36848154440715597 0.38187005151997805 0.4215281013443506 0.3936078536381448
