Raster_benchmarking/continuous/raster-233.asc
NCOLS 100
NROWS 100
XLLCORNER 1743156.0109088467
YLLCORNER 5469279.410650914
CELLSIZE 10
NODATA_VALUE -9999
[rows 19 to 37 of 100, columns 0 to 42 of 100]
0.43446595911784125 0.47240258015529757 0.5277138896154484 0.5350653472931103 0.5184441151321593 0.5408104535084233 0.5654050680848417 0.5360075703941551 0.5284451539906834 0.514683569360105 0.5684136225465547 0.5803361706444985 0.5540374744670769 0.5476410196154853 0.6089583769282525 0.5760173562835849 0.5905473767536187 0.5970811469477485 0.5643377147454873 0.5269463194074144 0.517074297144823 0.5716071956504793 0.6195449772931952 0.6404705327539422 0.628985528426339 0.5791809309953806 0.5912498152641031 0.5451796866998457 0.5052213436258813 0.5266562326217982 0.5627662181030744 0.5441720444292945 0.5468951716560341 0.5360077014241157 0.5269134453046622 0.5720866296236331 0.5615805237435126 0.555379995953312 0.5433938887667058 0.5758592720206948 0.5462197848531258 0.565363497561589 0.5951558210421132
0.463644197958998 0.4509175607582401 0.47536468731113557 0.5074296397920739 0.5242576638670426 0.506726261630577 0.5351034729848572 0.5135561975325942 0.49901896262861684 0.5220099457376182 0.5080390951256648 0.5377089131715322 0.5623923068976406 0.5449408033202942 0.5776717290140486 0.574100967513593 0.541387828152927 0.5435352095330427 0.5376097979033648 0.5478873964414203 0.5118123080334179 0.5618886965689266 0.5949842670048673 0.5956718955106777 0.5866289117178874 0.6132459939078937 0.6158711370605837 0.5640638452586993 0.5654125270795114 0.562099652910756 0.5689924034406086 0.5368020522145125 0.5254107437004167 0.5602346509889857 0.5492294222514418 0.538738654227939 0.5461979327581407 0.5885473683726176 0.5543396717589493 0.5548914890022526 0.5497599071585034 0.5759489967116288 0.6265834887406002
0.44248083515080155 0.4558647575162905 0.5003519504525953 0.4921271138228504 0.5136136236589454 0.4993389691161256 0.5104057543591614 0.5129971176556486 0.523701871531523 0.48962477707500635 0.504386084513769 0.5368821889650292 0.5023720486858663 0.5207184046574397 0.5372729396570156 0.5272887347039241 0.5400350048631745 0.5538508715589575 0.5497960087901516 0.5347217976067952 0.5033504955981482 0.5489152163963403 0.5957398070453754 0.5708065292071467 0.5677475432111774 0.6178582888896923 0.6129712146448579 0.6058029851570593 0.5865485448478898 0.5748840647719016 0.5403456847814895 0.5612400706119325 0.5670492788037116 0.5629233688213591 0.562537367790166 0.5833217822993135 0.5794041415813217 0.5785376423237931 0.5895997580001772 0.5806942379354243 0.6283633669314571 0.5927877667614825 0.6212696546577884
0.45063286412674936 0.4856579091620385 0.48759963861839184 0.47030533444992695 0.4775455268868616 0.5069290887392824 0.4967831413261344 0.5244214720446534 0.5209780987968791 0.5068067320521606 0.5061087464001958 0.49146670644487905 0.4995236473794205 0.5159395917833958 0.5159328627616735 0.5522137980062943 0.5888215800634646 0.5623325959636647 0.5541294317251646 0.562976208595133 0.542050993961339 0.5484162085842307 0.5911448838439812 0.586074707921993 0.5947984521943187 0.5773700162123754 0.5778398986705588 0.565660768643486 0.5347370274651413 0.5332020173264514 0.5677165543696177 0.547882002331108 0.5471446546126033 0.563239201033164 0.5421629838920337 0.5632429765610601 0.5995655570891869 0.592133380345939 0.6335723075887227 0.6237635710065039 0.6129575942613736 0.5944451402532908 0.578193790841724
0.46461444001020585 0.4864384554589035 0.4486012084522358 0.4753747593585537 0.4767962016743165 0.4920182223408536 0.5229236552670263 0.4804300264385947 0.4528229372970812 0.4965049459435573 0.48420861780037094 0.5103455046050214 0.5560553608584246 0.5560132099512194 0.548102348324779 0.5419987138819183 0.6186247224388733 0.5847777098286213 0.5766450916180299 0.5575295115479402 0.5224088205916119 0.5371844649284891 0.5457077713587631 0.5705496886174267 0.5835789272742807 0.5747326454567274 0.5525132589535124 0.542938083245769 0.5599154893192478 0.5713461713352438 0.5464345717377483 0.5612122274679682 0.5486419875139127 0.5809078285000382 0.5696481942107268 0.5684037954494893 0.6230625921445957 0.6000598428952928 0.622360426524501 0.63549428310378 0.5986662808733303 0.6116968016320683 0.584158044113911
0.49448335166841856 0.4681842632157247 0.47130703011349634 0.4788562705574772 0.465490712983827 0.49673290383664154 0.4928053609592972 0.4926699301607942 0.5009409354584691 0.4994077762495232 0.48123502505564647 0.5062310294445971 0.509666002461597 0.532176005165177 0.5463163364486664 0.5548716826880629 0.5602339457410395 0.5479082701016075 0.5303683725773772 0.5596498279296308 0.5478465653969093 0.5558434177387944 0.5837446104740591 0.545409173044371 0.5508266592920363 0.5598434634357147 0.5584467101545716 0.6044845608433096 0.5865824603071894 0.5500400582254621 0.5533615412267125 0.5623813571604295 0.5304598333641277 0.5616280372617118 0.5480579362034466 0.5811103625458409 0.6352442271257711 0.626570611448727 0.6116220086803122 0.6245124832552088 0.6230049825725401 0.6193501916695998 0.6390219416929835
0.5119197574952608 0.5121462718127686 0.5259800978790552 0.504383753919624 0.480274090153709 0.5005959448851401 0.5040126217483707 0.5044266454415196 0.5157489232216439 0.5316612483810985 0.512006207166587 0.529200819217034 0.5270851470424681 0.5294342448779813 0.5431787466942938 0.577805269487168 0.5785223695113445 0.5602003470051692 0.5043351279289701 0.5279105763110719 0.579021162219219 0.5473133496989807 0.5935947588061691 0.5473614802972641 0.5519945189022136 0.5794653208925193 0.5924047113179566 0.6009240716792819 0.6007661180866651 0.5657390422334811 0.5772833131405299 0.5287929191404999 0.540614270087347 0.5537210593317169 0.5777067950063942 0.6347459679517499 0.6340997276891456 0.626315901189754 0.6478232407441551 0.679940742522428 0.6874549095619219 0.6820432598354478 0.6742575294243532
0.45831132571536637 0.4883161851894074 0.48880514935490627 0.5283358868948175 0.4989439228492259 0.5122147703988553 0.5312693757192731 0.5075444811944206 0.5123839616837811 0.5184295696478293 0.5188896222296748 0.5406607733706362 0.5447750871246818 0.5703784852717596 0.5479555956130675 0.5309133980943063 0.5362019966999076 0.5436771516842726 0.5504376695564346 0.5117464179036492 0.5431825175499803 0.5402264416927065 0.5593633065827643 0.5947640115755332 0.5829619889254756 0.5576092010370217 0.5777503253631213 0.5817570922983069 0.5511162967907138 0.5409891725130553 0.5708211729237624 0.531763376788207 0.541499783989561 0.5432346015619832 0.578576238217717 0.6359767159692488 0.656416634143842 0.6414022562608891 0.6402582515411401 0.686062365128919 0.65272670717566 0.6756181339960303 0.680091807722573
0.4748962891239808 0.48681925940964516 0.511569490662942 0.5165439082309051 0.5198340178683697 0.4845126151497547 0.48923217729678053 0.48981516910515 0.48795042803372285 0.5281788777295794 0.5488239583326305 0.5477262118859973 0.5891563122487428 0.5605769139189234 0.5722784252738657 0.5338145892519509 0.4931847883345219 0.5323108907509605 0.5376252322084532 0.549551209500851 0.5157298191874444 0.5679243453505824 0.5542770835924121 0.5539300970821817 0.5814096511617224 0.5821086589410622 0.6095998731796322 0.5634902867836038 0.5395623910743211 0.5486989605771758 0.5519284112524139 0.5083316708740249 0.49423380670803685 0.5749933747277326 0.6055294989708577 0.649021751372471 0.6318604075889901 0.6634371842399022 0.6571202884904814 0.6564731799371828 0.6496225834100935 0.6979978284876013 0.6938104945858725
0.5090937739894774 0.5091566306624681 0.509374268615371 0.5105757678639152 0.5023569326877736 0.458598817692206 0.47713641816486085 0.4634864545796988 0.5193644299052943 0.5163582496522945 0.49958226431031005 0.5273058443240128 0.5598317536183991 0.5908375824754157 0.5750207695947773 0.5439845679483031 0.5476737394783916 0.5684856448122061 0.5461449291958704 0.5751079354740952 0.544408575729096 0.5584578933018657 0.5482209011875951 0.5606644657176713 0.570521982618118 0.5692948699665153 0.578547295359668 0.5605928554877374 0.5473295567762494 0.5292243652833459 0.5405816684642686 0.5392186377998618 0.5521904800089712 0.5975200936564916 0.6439593386951157 0.6689026240891689 0.6492155092406995 0.6784533336019758 0.6786358278866539 0.6343280637266661 0.6422640299383787 0.6722096160570291 0.7094592221505938
0.5108174357710928 0.4812546410746254 0.46403003481314825 0.4545799576434452 0.47462762898223354 0.46270117736152955 0.4537934349921222 0.4675915966120542 0.5114588937925599 0.4948537330909423 0.4896811593254556 0.5249623672837946 0.5225846610077843 0.5522494277601175 0.5863135534206482 0.5522130738639361 0.5564825575150333 0.5556228174548093 0.5883555601490844 0.6053266511949554 0.5803855271232327 0.6130824259469526 0.6233304793048362 0.5986673770344164 0.547912533001994 0.5795152726479479 0.5619614494761298 0.5700167270401039 0.5638161830314529 0.5580639318982752 0.5711185658642779 0.5903021594892935 0.62207251600311 0.6319019815158683 0.6469433990124258 0.6650119840129316 0.6793024439506067 0.6619042775191323 0.6686500105231634 0.6370042228151912 0.6461836910574764 0.685722144137292 0.6813738201644348
0.51313223849053 0.47544104853885877 0.4899798357351716 0.4404493438886714 0.4655710677948532 0.48948211097292366 0.4760224060765192 0.4668355832111499 0.4839712172378945 0.5003067798160399 0.5183076535702972 0.5256839703145435 0.524076096060878 0.5472057742334288 0.5931069180864077 0.6074942600607492 0.577528366922967 0.5977164106810032 0.5794216833336223 0.5865607255515201 0.5679460008880791 0.5864325890100539 0.5954487290504662 0.6097702153041474 0.562503111761819 0.5784707976794118 0.5317986819547005 0.5334826805111124 0.576740451539555 0.5813068509591737 0.5563185334588608 0.5747343853624878 0.632819311273316 0.6213753156461919 0.6292377281206714 0.6775229219068059 0.6657607915290144 0.6464782655092983 0.6467952711748618 0.6579292788576472 0.6453351934988851 0.6408636957816931 0.6497492900800151
0.5421584604855354 0.5034967496587197 0.47337538943414864 0.46439860059375404 0.45763451772814945 0.5104884815681048 0.4935158316693661 0.48936272675493986 0.4848896738569531 0.48840687109345166 0.49524667091087116 0.5406815100396154 0.5322091889369385 0.5512617827673838 0.6048195282665626 0.6149950539799183 0.5927577571715279 0.594673971551497 0.6237119677599603 0.64442464545462 0.6053056544007643 0.578045191921379 0.6252281808102204 0.595538748130369 0.6102261995726945 0.5872898610894697 0.5311778472456578 0.5190084342546839 0.5601354763118972 0.5848521147074741 0.5872390800687785 0.6271446421148521 0.6263672492126326 0.6469284310088235 0.6511019417200269 0.6673288677075867 0.6617742653713381 0.6931219359209312 0.6813324923329794 0.6426651198250151 0.6541287144478366 0.6381737893523112 0.6009406074682713
0.5307934950188948 0.5254594285899606 0.5392584433059087 0.5021639258275193 0.49494850946937946 0.5045276239851287 0.5162264554539354 0.4801213777900954 0.48030900967987583 0.4782928548930993 0.4838776221957672 0.511899799851903 0.504157759531935 0.5443863636022298 0.5925070189917819 0.631999680762053 0.6350360383210231 0.6167562153925226 0.6266017014184044 0.6552572985694394 0.6078608126985732 0.5870882170008906 0.5902997012784452 0.5693041648398143 0.5576322417173813 0.5704691237696311 0.5293961375788659 0.5408337404184611 0.5586949958106221 0.5606169599156553 0.5773666458432115 0.6193096621730618 0.6403569388350424 0.6304603625805518 0.6342256812193616 0.6401272678859206 0.667806875956846 0.679422891208997 0.6453146355524011 0.6722937064099264 0.6503000085291363 0.6556271462998883 0.6040882294366918
0.5744245284892076 0.5717361558355577 0.5465835809009055 0.5294200278946133 0.5448609127880922 0.5006272234203138 0.48328187233087583 0.4960742670308692 0.448840166327964 0.47846692351952314 0.4878259566768507 0.5088454160729511 0.5273268624839295 0.5546051970269068 0.6254793226800408 0.6212183807625115 0.6218062667321017 0.6237597276735303 0.6574587842013697 0.6273753031279078 0.6276819554968194 0.6310025500901019 0.5849555516068132 0.5593001137849242 0.5545118524073893 0.5792324351557734 0.5629932888965811 0.5744854356835947 0.5512712859318732 0.5887656117120231 0.548480362007631 0.6039069993586997 0.6496677085378976 0.6691370191365142 0.6761124831976166 0.6681638080401949 0.6806123103916139 0.6800564343154147 0.6432432380983722 0.6560299615216233 0.6360231552909389 0.6313210245101676 0.6320683410950252
0.5700361620596764 0.5825016638030749 0.588473620236621 0.5863574588283726 0.5529994881478636 0.49085607589623376 0.4602186721955595 0.48722549797759873 0.49265948421617217 0.5082831563723155 0.5275011817130693 0.5662791959402576 0.5715546438713363 0.5847666756801491 0.6344316545410055 0.6170548372374555 0.6411902451344521 0.6134104358363749 0.5998050880678445 0.6234914018502968 0.6154456744390988 0.6298089814203354 0.6076389498645134 0.594994056898425 0.5814877502795615 0.5289801815715831 0.5533768787863065 0.5664951892301736 0.5825882118249949 0.5819337450468355 0.5529693188748046 0.5931799711340532 0.6492800573233898 0.6580797830512778 0.6198414598279635 0.6462909030874222 0.6624840722190458 0.692294614143063 0.6475216415337189 0.6576069116059067 0.6083604976321448 0.6085182661059221 0.6206088839258516
0.591487813805808 0.5806030032364955 0.5785739085251637 0.5973144518138123 0.5693886269399835 0.5147915865943749 0.4731134171112194 0.48481423137826946 0.45321291890584636 0.5097451969791081 0.5395249466090688 0.554482130214551 0.607607638046824 0.6347063622149903 0.6594278693540335 0.6162200361368576 0.6235526948215406 0.6337535848510207 0.5974171592833668 0.5905767378681356 0.6242763543786095 0.6307536033387754 0.58570896940668 0.5855870817180502 0.5466751767566937 0.5466138781848223 0.5301792649565774 0.5944864035351373 0.6107123524345802 0.6109079788398126 0.5665741928437984 0.5888657208763454 0.5834229945840775 0.6064472813447224 0.6112687057902779 0.6663672349205577 0.6889050060099667 0.655606931252262 0.6562746169798902 0.6484582741924814 0.6310750710564079 0.6264524737002959 0.5940715365671234
0.6121137492630883 0.5888788138814922 0.58800213826842 0.5810306184243176 0.5570508182725765 0.5352071098678811 0.47761277274512864 0.463099161333872 0.5028674095763547 0.5104815717618163 0.5223720201625205 0.5858045563123842 0.6002512619375249 0.6272726065555335 0.6088993653982535 0.6107460184554783 0.5971027957947551 0.6304214408007024 0.6329045577715395 0.6167284052417831 0.6086721457150468 0.6023052353678912 0.5656896435192607 0.5392292669769376 0.5492108785396825 0.5554560495300913 0.5443347526916561 0.5858839178539207 0.6217522012792986 0.6086038867431215 0.5658097874837582 0.5744877535001365 0.597115408643957 0.609381248163497 0.616356638550323 0.6140865304106449 0.6613076217321726 0.6677704067826734 0.6445445210007573 0.681187677145683 0.6772686790474475 0.6344388782636791 0.6303693900920136
0.6223699929830762 0.6004150171079935 0.6261849109136636 0.6124262967609017 0.5774264363546552 0.5445453838448813 0.543260838089847 0.5157129412217768 0.4882041315897019 0.5013654701354675 0.5359932843039186 0.598104088236819 0.5779595356000328 0.6096707153231131 0.6252659745112482 0.6367659729068734 0.6178270609580492 0.5774388561791728 0.5760704688809154 0.5989922640263634 0.5892802992107458 0.5645746444256595 0.5629690104990582 0.5632400268330363 0.5719155997939929 0.5265106769658967 0.5223388839371669 0.5802441523135127 0.5929100659959115 0.5484048264299648 0.5581130167942074 0.5631374842144713 0.5528582094667963 0.5996865620614189 0.5991314260504226 0.6357568839137465 0.6292775439592282 0.6644504554204674 0.6645244614687418 0.6893815796338697 0.6618502888722764 0.6365540261489128 0.6056735513499173
