Raster_benchmarking/continuous/raster-80.asc
NCOLS 100
NROWS 100
XLLCORNER 1743157.7046609174
YLLCORNER 5469284.5064023305
CELLSIZE 10
NODATA_VALUE -9999
[rows 76 to 94 of 100, columns 43 to 85 of 100]
0.23587408808485597 0.23919286952313035 0.25800373277349714 0.29080769098731446 0.3115576569129456 0.3096741926414069 0.32605843378327176 0.32522726333476454 0.3341234917676377 0.3752408553099905 0.35233816570212473 0.3646532089117123 0.3814962578612561 0.38075103698150137 0.4025865565421632 0.3950755186639727 0.3818583234983234 0.4104933572841594 0.41037166809888737 0.4342340834869003 0.44594773241347474 0.4634579064949283 0.4575939761859647 0.47233593029853865 0.5043766627033511 0.5025521688728853 0.497928241800465 0.48431100682091077 0.4754300149486448 0.46761358059044406 0.4786755917698252 0.49571333535916906 0.5069171305028883 0.5149948294828394 0.4723809636302175 0.4582676008815757 0.4481087641926871 0.4727304423732739 0.43928777773917893 0.4449738732979736 0.4484150356174996 0.45765623912835984 0.4715738233222351
0.2514920571416195 0.27138884510939787 0.2987825926911592 0.29191857700002904 0.30405929192592573 0.3342585979026146 0.32483160474468714 0.3413777717941599 0.36794381021335487 0.3663170168452169 0.38478709060193683 0.3913611202744656 0.37456886820269625 0.37034747844966504 0.3810071120548808 0.3889273864619863 0.38694142081577754 0.384403838433264 0.4190892137056539 0.42200897526872627 0.42597065569755144 0.427163403229822 0.43097741926207167 0.4560576889396552 0.46299246120275833 0.4967881657857801 0.4907669061203735 0.48362615428392836 0.46221725506601036 0.471659903730304 0.46722345213258387 0.475712598536812 0.4888381499949849 0.49527768727346716 0.4879895661724383 0.4742106831693827 0.4767818020094875 0.46536155946731667 0.45480922119555006 0.4729230712328384 0.4684077549096675 0.4728111051071185 0.45733476519320876
0.2560724371339051 0.3012437239543152 0.3090767135210475 0.3378964797559764 0.32389865373829557 0.32617592051734434 0.35044295167578815 0.3725773442275426 0.3803783958707647 0.3860527094694443 0.38654061260356604 0.3990525486528024 0.39553158127188764 0.37221379517409214 0.38240147041934974 0.375102856623807 0.40700161339051355 0.3989591028372061 0.38785911041177407 0.40568325489876894 0.37715578709045056 0.39434240253836983 0.4056624439450425 0.43806911399619985 0.4717676790452915 0.4622619565672535 0.4701963678487363 0.5047343052282443 0.4835739878791996 0.4578402833775594 0.4525783543648172 0.44990828876863537 0.4974600663256244 0.5002248674520553 0.4753762915861078 0.46892068217595767 0.49668269610590865 0.47925126777754484 0.46597332747150566 0.4790400133077337 0.4853215357428259 0.47718290822849085 0.46140180654658597
0.27921207306584195 0.28547396258439484 0.31132700891055476 0.31147247201349115 0.3538104398250065 0.3443327501951995 0.37275433074994535 0.3928519054273905 0.4140427596237477 0.4184354166653319 0.3917007055844083 0.4277957357936117 0.42982422870153436 0.3989206077079145 0.3849694177033309 0.386457488907516 0.4184393720163902 0.38453410002484817 0.3880145163064624 0.3749545580359786 0.353232646876993 0.39420493860291816 0.38878257957732354 0.4211428281578425 0.45842624717030334 0.4557221186490474 0.4881130562956878 0.4954733020797249 0.4973733468165042 0.450172902544574 0.4459305849835791 0.44523781624728725 0.47322821990716607 0.4693688575416719 0.47426751172271375 0.5048390069504889 0.5169084642401702 0.5156194378864677 0.4913315114863852 0.4668370124940306 0.46307615615423964 0.48281980373316197 0.47758967611508696
0.28565439234724527 0.2837030642017073 0.3232567168162447 0.3131419612981741 0.3437391940812693 0.34399418433253826 0.357732030019793 0.36919524575608914 0.38230317084890425 0.4163840617779912 0.3957124820708332 0.42422036501882465 0.4091639328803734 0.3771968515001023 0.3864401526556016 0.38435060302126206 0.3619837726694621 0.3781205324587637 0.38173962600314354 0.38854891014665105 0.38260607852213174 0.3764608385971479 0.40307694371317015 0.4119524193322536 0.43412889265755883 0.4647058164098653 0.4775344770250602 0.4600036251794603 0.4861553709163593 0.4829491429965086 0.4342423900541545 0.4336386005605572 0.46081822211637613 0.456588924132362 0.4642878626235156 0.5004790110001479 0.5073474669877871 0.4945009663131019 0.5191212639220781 0.5055633157448851 0.47696215863006114 0.44993639077354197 0.44425908594553565
0.242496841556648 0.280412813765035 0.3022284333688104 0.3094011850075416 0.30697525820764004 0.3544987358430846 0.3517471761400635 0.3692416225198679 0.3640901143061719 0.3824907945934907 0.42296465424293156 0.419291618800711 0.3898508629302053 0.3558017785063321 0.3613741030905987 0.3517388595055224 0.3491918329562942 0.3798378288453561 0.3883860668917676 0.41010450004797433 0.3983396782305227 0.3960877460702454 0.41307777573268634 0.4127931484247467 0.42822253605834015 0.4372054127058015 0.45686967853546906 0.4828913812900148 0.4733903218376188 0.4581909220835326 0.44284947314065065 0.432224322881588 0.4383594005175308 0.4773512850570281 0.5018654125007985 0.4854144647321375 0.5075727298081031 0.5149767132848544 0.5275279684417731 0.506345396779424 0.478566921427425 0.4665890317588341 0.4510594461378792
0.24547247656983276 0.28016080317535125 0.28881917413950764 0.31185897980879673 0.29435211706664693 0.33893419118316154 0.33111913423874 0.36732522368423787 0.36426809507207786 0.388079983181887 0.3915860650955516 0.4030200275559837 0.38977837778670693 0.3517512017768044 0.3588413589425081 0.33215091265447194 0.3374940291526082 0.37096501837894713 0.3781380041828796 0.3869525829438708 0.3835820194694674 0.4103544846912845 0.3981030683227476 0.4292365442089727 0.4289707821844937 0.45247049485140284 0.48633673308658437 0.47982559439002775 0.4480905870654412 0.4479310959316722 0.4453301899815474 0.4357310315313756 0.46100383484437196 0.4534088817607426 0.46863403751222427 0.4903022141496054 0.48992264357382276 0.5045774705561102 0.5103942303057508 0.5073660448212161 0.5030768407393266 0.5130980081665715 0.5085730688008337
0.24053450045539376 0.2831888656900503 0.2815235284262717 0.299918409669263 0.2898256056348806 0.32782336516235894 0.35056653752046146 0.3587455017096444 0.37477545884773567 0.3702317005702057 0.351032068232123 0.3520550869952355 0.40190284259953946 0.3695753605847108 0.32797530374385525 0.3229954414848398 0.33255065835016767 0.36956937853654376 0.40745804086973003 0.38299306981379005 0.3921965410529683 0.40989180400585606 0.39732663801675033 0.4096725696467877 0.44436301218356516 0.4433795369830373 0.4839187971074456 0.47785776625665183 0.46891648634612926 0.441549645528181 0.45629306168330336 0.44503375251792426 0.462438567226044 0.4455210327106448 0.47721260035470653 0.5147373680005735 0.5072556493111967 0.5005174327824756 0.5376071586376232 0.5455117242118116 0.5368540644117855 0.5314434665362308 0.5310218509987441
0.2706827618321124 0.2742634738120617 0.2600785805419068 0.2710183919909257 0.3107974927361074 0.3219997565358067 0.34118317894650985 0.33599432558071873 0.3258418947030944 0.35013394324238456 0.32929699236161686 0.31612724248105295 0.3223386684802346 0.32589490422756257 0.3117374049129593 0.32642186680274193 0.32717069347630356 0.3587247104786511 0.38184779734546925 0.3841717017814868 0.4157285848058108 0.41299891975059905 0.4087043579613271 0.4155321597646054 0.42750362543351167 0.4465315297985097 0.4687940163137155 0.45434115902517874 0.43488216210276376 0.4618460481515257 0.48180907748526824 0.47003901988443 0.4558935560466201 0.46929948622923484 0.4972605229486317 0.5191046612309882 0.5201310206912511 0.5206821858130188 0.5577608314218702 0.5523109790682187 0.5189959140198587 0.5267353566728872 0.534994658181196
0.25767799134742947 0.25226100807674917 0.25051408984077955 0.2708325556823234 0.30997934357316764 0.2911112244036276 0.3149074513512251 0.3020686804241976 0.32382981125360466 0.3153258100737386 0.2985476570614882 0.2864848648732829 0.291305441923037 0.32572579580250716 0.32266481582815015 0.30478130325995945 0.30518425783695197 0.3289107700045311 0.3786807829964173 0.3778156492071929 0.39214570859291403 0.40824997721450873 0.39722277849405707 0.3997456696037101 0.4296297151732389 0.4292976785752335 0.438074249812979 0.44197785331261635 0.41415613691160813 0.4329286061655777 0.462209483340652 0.47235718640369706 0.44945565069701443 0.4792488511460293 0.49039395786477596 0.5193632070198714 0.5419346977347835 0.5339766525066514 0.537886676925119 0.5486561396667293 0.5229565522837324 0.5286386902806083 0.529953117285478
0.264188926983997 0.27829394214744757 0.29709181546159763 0.272942660659386 0.27458085131998455 0.27433470728319326 0.292133867114387 0.2853196150353764 0.30753863481031746 0.3094816326210588 0.3179020126903843 0.28698050028338384 0.3023694348904066 0.28472647788969874 0.32343508082818545 0.31577915604140355 0.3203171949299349 0.3297269420036536 0.3465499452772663 0.35140859161356236 0.362782933865558 0.3943957637244054 0.42052933294237255 0.4148763554399764 0.41917761076615295 0.3995610637401717 0.42974203454236454 0.42169193053079124 0.40609784099377955 0.4326404290996153 0.4565353302893225 0.4577486749419626 0.4411296814173946 0.4301733162530478 0.4550348559543359 0.47617023199968717 0.5215671309323655 0.5054184645295824 0.5111373569279037 0.5142307609613179 0.4947478327633254 0.5209794605846805 0.5189155912438129
0.2504983288621648 0.2762109215627824 0.31560274048773 0.31346946137531306 0.29258293495186627 0.27546669514895883 0.2502664634641603 0.24566688807506845 0.2576232680070805 0.28278580219521227 0.2948917768248684 0.2537767652119826 0.26284619492155215 0.26270667020580246 0.29210197851058517 0.3134390144739781 0.3183856893721864 0.3119110820715981 0.3230484858253564 0.33743823588725863 0.3384462561961377 0.37771023860927827 0.39226615449805735 0.38088478585518415 0.3916379088739482 0.4065957060765896 0.4167697720559544 0.4360116021595637 0.41884595698242955 0.4376669968159276 0.4472535905565813 0.4586410943580418 0.40749574296235386 0.4367222311581174 0.43095771401165683 0.48215505572664163 0.4948014468267106 0.48146771445995273 0.4942232563584607 0.4960529865249018 0.48522748680908695 0.5313728280564017 0.5438480819884931
0.3105677940351484 0.2950625492532153 0.2979589996127606 0.31251271242464396 0.2969802218393925 0.2582196329701585 0.2764971309846051 0.25942307352542615 0.24146739848181653 0.23290871922673365 0.2382006766755783 0.2539250644305735 0.2450047040728984 0.2514754560621117 0.2520642791989712 0.2806150293132614 0.29045037970813903 0.33556088367730086 0.3489360625734229 0.3304047494624118 0.3592234495811665 0.34586161908081925 0.3917355073928717 0.3886340174274855 0.38258361603164887 0.4009603398652303 0.40360114135301645 0.42307945675028064 0.4062758843606612 0.4052928726254815 0.4477678901411169 0.44395398277395026 0.438025897266775 0.42008612435211473 0.45137078405720976 0.46381456476856026 0.4463311079043525 0.4586454986820308 0.4729491827536071 0.4900026145482551 0.4893968559535406 0.5193122959452109 0.49778542399045816
0.33176931097866985 0.3263510965548306 0.3353145334199892 0.31562379296139687 0.3034283583363757 0.2565322764169002 0.2615012642041147 0.2503592078113428 0.2152359868379639 0.2378372137036505 0.2465901717886731 0.2285782326994727 0.21565175256550487 0.2204375146861787 0.21996761949581672 0.25004853684405814 0.28723288395670143 0.30866234418810634 0.3307700571338119 0.32872781719005173 0.3482574816380462 0.35093503904271145 0.3730618067832997 0.3618934266642202 0.37793157896563595 0.39817759689352894 0.3949195338990313 0.3831511048841596 0.38510699859639863 0.4199842720172221 0.4353830965786917 0.41279592303594576 0.4130668080896238 0.4389089996580256 0.44337605031480115 0.4666957602795345 0.4501150567479736 0.44017943157698713 0.4480767072893998 0.48477161664974544 0.47734457771211847 0.48760597500977976 0.4888993573561264
0.3611281320166979 0.3447069971671145 0.3267420106444633 0.29811292015366636 0.3004502232697145 0.2730245844866781 0.2724752649460375 0.25426478418694687 0.21609732546451818 0.22884227337671512 0.24716046537013334 0.2279293028294077 0.22441229768666057 0.22272881840116285 0.24815430576505554 0.26076982286452416 0.28323841017239443 0.2702266338047941 0.2939577950384272 0.3073516371647231 0.3245217033489754 0.320386262018161 0.3512588543729802 0.35035793233902524 0.3618863006445511 0.38472014114520153 0.39424331156186054 0.3881589364936189 0.3753093511812948 0.3979795636640875 0.3988772268880892 0.4149819044632805 0.4197055597844753 0.4183848672797707 0.41882197904550783 0.4349329086922458 0.4406303997451437 0.4623829824117104 0.4841545713539642 0.49782760868712955 0.5072993739946409 0.5164540420680498 0.5305188705137113
0.359898078495444 0.3647698216602407 0.33652251707532416 0.29308427117809993 0.2974610163593384 0.2867064414105906 0.24606657107262203 0.23360857919072872 0.23375775272695085 0.22728424619524865 0.20580805732228574 0.22299251051007396 0.19552321291084251 0.22511074725802258 0.23758610602985428 0.2600856501746762 0.244430901465503 0.27689171898835574 0.2681884606453314 0.2825565004487522 0.28605832382618207 0.3220287038761757 0.3484577841462138 0.3730611148993404 0.3500825534769525 0.3686454714318249 0.39936508564163625 0.40439226798625116 0.4063791756244456 0.3950090799729359 0.39553488430168193 0.3952874688117999 0.39691000517819136 0.42201829902213517 0.4482544134342932 0.4302274817674431 0.44004828684896297 0.461474896093031 0.5062647895864699 0.4849548362800627 0.4998229465030629 0.5094153070407236 0.5465373102353227
0.3165818023544604 0.33664293585982846 0.33960342314139946 0.31829790632370714 0.3196932500234433 0.3018990663442474 0.2729136129464479 0.24659070730469926 0.2121581249281244 0.21880132923189366 0.2313869604506946 0.2079212083678048 0.1933429198428173 0.22231808241450224 0.2099625664907428 0.2322613298775372 0.24763739953569563 0.2628186468712309 0.27244257518982823 0.27711855358216403 0.27672425383878774 0.30372704417234264 0.34671577273525417 0.3659079478752746 0.36287928209444903 0.3649494188960611 0.35035282460916495 0.3644964476846981 0.38251266473910345 0.39679114785332087 0.4118378665866851 0.41097884192590245 0.3991139787564362 0.4125978120991504 0.43480191965837767 0.4236109117503936 0.4468129476888531 0.47035853326151017 0.4827000328606908 0.5105648476583717 0.5118261159279186 0.5099495332002816 0.5552060861757454
0.3116203397733594 0.3292915289288989 0.3008596107070723 0.3188986045067052 0.31392353697026804 0.28591934045696754 0.2822995334082607 0.23239913036993884 0.2124126487291401 0.22493662646980464 0.2189500910474472 0.22152812418425363 0.22471583051509472 0.22830399537860932 0.22219202371011038 0.2474591318373989 0.25843134697296316 0.2572213450780395 0.28612696951751876 0.2800753482490805 0.3022617422680369 0.3313904354340768 0.34639188246557423 0.3249602389690116 0.3399738191061279 0.33170917039627895 0.3459369354909633 0.3490052401161419 0.35811986115918637 0.40423776287730506 0.42063760488914537 0.4282287732740814 0.4520605650169073 0.41315310411225425 0.4063566804394228 0.4482589105794963 0.4821245344066507 0.4713211450949581 0.506928361707229 0.5114046536599963 0.5206274620211406 0.5202112654799215 0.5557656148872908
0.2937162751330222 0.2873282433407319 0.2933933737361775 0.3243925964509067 0.30039399954603097 0.29530070138952313 0.29607199932069744 0.26165121957278564 0.21962658194346968 0.21807077921720783 0.2216431876884754 0.22720700986200204 0.22334005099597318 0.22341386927590848 0.2144092384895377 0.23297076451058454 0.2570276976379002 0.2570141457817296 0.2932818108148632 0.2937265577060345 0.33165041911188603 0.31290650554895627 0.34680252087870944 0.32069169038119855 0.3362498849141909 0.3575982549138909 0.3496312702051651 0.3421239431643706 0.3532229883532007 0.3757266184275437 0.4201899760194557 0.4162489655600928 0.4152564791594177 0.4210220624124884 0.4079027824678814 0.4272037732762955 0.4467101321595843 0.47658611963729247 0.49788329177547136 0.5453633911217012 0.5652244991564882 0.5465534500053993 0.5768531043832484
