Raster_benchmarking/continuous/raster-459.asc
NCOLS 100
NROWS 100
XLLCORNER 1743151.8397797882
YLLCORNER 5469289.9975123145
CELLSIZE 10
NODATA_VALUE -9999
[rows 57 to 75 of 100, columns 0 to 42 of 100]
0.1724887105808574 0.12960854720206105 0.10992039298271393 0.07307295572823036 0.11124020042311612 0.1036468097414362 0.11693361372490557 0.1822311083862076 0.15549248028510898 0.14646635844971304 0.18150222556368328 0.17194381849849819 0.1678811282736271 0.15482861326052863 0.18768235109302273 0.21705862000687073 0.21998028299732678 0.23153249670085077 0.257786230709651 0.25878153566292517 0.2976881827691195 0.29971408752644413 0.2701642053792299 0.3022108599561669 0.3563557918897992 0.3763589131090028 0.3676742498976176 0.3950718107203455 0.39205440129145136 0.4029604073199942 0.37371757410593903 0.3869021463957966 0.4077086393669857 0.4005674731676489 0.3894909208316192 0.41259278055867665 0.39261570149876895 0.40792633138263623 0.38776583286780286 0.39506968313369717 0.3937396053290073 0.36760393601613833 0.39053462490382607
0.1479907809522919 0.15370141540893228 0.11027377893556842 0.10736079106063502 0.12368642636680303 0.10180045683727854 0.11850583171586307 0.1308871129612038 0.17876370141379624 0.1834809793286922 0.18798162839712124 0.18518533661295622 0.151827782427785 0.17132986440537917 0.19389102409691084 0.22590460502089202 0.21380066987033908 0.2325242665148299 0.21082966742184583 0.23271919993674492 0.2685081528055314 0.26320979395701527 0.26832790598381756 0.2881558362646203 0.3164714072915176 0.34598394490412904 0.3619348012138601 0.36257458045916013 0.3709340432538908 0.37870549808550363 0.36079155689755676 0.3751567586025998 0.36764957881763327 0.3618000385112216 0.3877274147817069 0.39237837082974547 0.3914393242327548 0.3575485904504149 0.37386203911981525 0.38183047452853996 0.38278752442971725 0.38171009920520454 0.4020836612371581
0.14543351328541548 0.15695799957078968 0.1251082783348705 0.11036026173557965 0.11404882553861014 0.14047580529814668 0.14541521147167621 0.13051218384062244 0.14464163505739047 0.19418360563493303 0.18386719556688055 0.1551888087423819 0.17021996868996697 0.20527106545580434 0.1882343454247972 0.21053335185598301 0.1838553259749572 0.20410138251293158 0.1939424770265845 0.21522752668781217 0.24722428003243527 0.271180569884294 0.299186057767889 0.2850079656414967 0.3220896433344077 0.33140211129510794 0.3384550696800308 0.3771050514333657 0.3586339673064697 0.35775066762437996 0.3633300400145848 0.37283819628811904 0.3375581962499809 0.33674317082451616 0.3532403109388202 0.3311374440105998 0.3355373255875716 0.3420051369742598 0.33527705320742723 0.3486113903051723 0.342354657450466 0.35313606209538956 0.3743886561702732
0.17507743089007288 0.15977049341103783 0.14438594259363294 0.09684127443733322 0.1205714184939236 0.1414430771322862 0.12104715783869517 0.12314255013948042 0.15682209886875187 0.2001215372722531 0.18881230189023118 0.16806747271006078 0.18631376428803703 0.17291397983803355 0.16785581016255646 0.16481432659699916 0.19195063593123526 0.22257854777176247 0.2118977965032686 0.19780148457130875 0.23490594742152904 0.2500646576593025 0.2943587934938849 0.2885929237500234 0.32260087827268025 0.34102863930673477 0.3182374702177702 0.32549132387310736 0.31570324017402795 0.31769906422130867 0.3416453294339303 0.36451291471731634 0.34854878482363183 0.34851458172698074 0.3410862731933299 0.35279060994959344 0.3307605909299162 0.3311316652214298 0.3202395148496088 0.3310387458192488 0.3393165211280596 0.34185711893623877 0.3744925531126125
0.15592027612456338 0.1608601866816405 0.14238588936885252 0.08417728947053459 0.10375374343333194 0.12144780692130208 0.10092198383445965 0.12603017788134827 0.1508256979958294 0.18152241509841252 0.15263199559054935 0.16391936289824502 0.18720499274871094 0.18563899058221192 0.18105638144112376 0.15325151258093256 0.1629283516310444 0.2024413665049909 0.1959687954057011 0.19258337200582448 0.24443298640386404 0.2508860953519989 0.27293254977900655 0.2911968806707733 0.3157703306871986 0.3254083518222551 0.2970266970079894 0.2780030821959142 0.27155601482287334 0.2742086838411368 0.3293640696715516 0.31812082538909875 0.33383487276541596 0.36249917037758667 0.36670857510047056 0.332174106712303 0.3534493564294143 0.3524309787144504 0.32449478529030623 0.3210143997428915 0.34148936533744023 0.3445360204319066 0.3702812479959994
0.16478859390719758 0.15657997075303454 0.1381025524037423 0.11311861418576753 0.11161883299095574 0.1021098795285129 0.10262079889188457 0.12175216036112708 0.14613101289062305 0.15452316862847135 0.14948663642046212 0.17344607128024594 0.18507740264306094 0.1934449654007907 0.1888235232396697 0.18302082059086433 0.18169496261559578 0.1847199776732617 0.18362000578611307 0.21176572075786823 0.21817836650706657 0.23747210763454923 0.2641484041587648 0.2698398745514917 0.29062340844128304 0.28363430436752024 0.3056358020121406 0.28319026135249137 0.27514086323800774 0.2846212639749751 0.32107675103106836 0.33125405640110617 0.34977085368602745 0.34048449158870703 0.35227466275896585 0.3216948977318309 0.31140790495329024 0.31293339004484916 0.3389483322520173 0.32327652493058406 0.3567528462289733 0.3282951799460307 0.3649559269791338
0.17247616444945732 0.14340785867383687 0.14572660272537585 0.1515925756171057 0.11697979905352789 0.1036780346039788 0.12051356714581601 0.14190890522320876 0.17504479810776327 0.16280585752926136 0.17904201468686062 0.16612194019961093 0.18427364517720327 0.16386106487353094 0.18678895058833722 0.1841699439660953 0.2015312232750316 0.19522236581573973 0.2091977071687457 0.23119465956841947 0.22877201135564001 0.2580218279463545 0.24378015640971354 0.2464240229510221 0.2450549026578066 0.25598858153009973 0.27529889729462365 0.29234903165611836 0.2780708564081164 0.28184498853512224 0.3111416026666222 0.3292354970633062 0.34714272542433927 0.31709428960980235 0.33587969210865065 0.33615829673432646 0.2913211350583972 0.2972858255823159 0.31493072635054836 0.34157866830935396 0.3256880339307287 0.3347230880222939 0.35052165670364493
0.17712252420218164 0.15618637848310615 0.15677238319871908 0.15152056693099708 0.13533822420904756 0.12249860625685877 0.13811481013226223 0.14019993947157136 0.16185732346136789 0.18687811258396728 0.18419402834640317 0.18177920091475303 0.1778370474272225 0.15587732644868108 0.14672441583692053 0.1733412471527523 0.18358153418647571 0.1649225575119894 0.17576418244717515 0.2050285886395926 0.2373312886959881 0.22896137503067826 0.23892015095174576 0.2691065879332635 0.2721210026174822 0.27683266941291973 0.2756429004138067 0.26206013354218793 0.266841957406097 0.27039301985568803 0.2863262644791003 0.31474497894078857 0.33312644106483186 0.3272298287216522 0.31538112414730696 0.29505797302503867 0.28921255137004115 0.2942703259811467 0.293833540163968 0.31335704972194156 0.3024896818879484 0.3398936707870236 0.34243413969120673
0.1620531726732444 0.18422157043052645 0.1643975666619609 0.16352325482239574 0.13178709004801692 0.11542696443413147 0.11882738006216495 0.15719752648014546 0.14918159971689082 0.17668453757988678 0.1775975787272529 0.15477335270305406 0.1390083165024511 0.1410853313141605 0.15313992799895368 0.1303488783715913 0.15160297389250071 0.161573184156935 0.1577952993558668 0.19689107965147218 0.21084140007942678 0.20848569730354083 0.25598017377249677 0.288717091235904 0.26775796798941914 0.30119911341980227 0.2769221679533683 0.27568490466391976 0.29379928700303076 0.27764739698017143 0.2888596526192032 0.3279281837026668 0.31631239067131656 0.3166568536749135 0.31199273801072713 0.2871525234969413 0.3128639853769917 0.30744996252473367 0.32913672991808934 0.2947688001655665 0.2984944830281648 0.3194338101345332 0.31140273037771954
0.1681820491265835 0.17500509602070247 0.13925990078015937 0.11747936625492787 0.13901245056121891 0.12105579088596408 0.1339745618083715 0.1409336555851368 0.15392941001116842 0.13827098890263642 0.1274460275922287 0.11890977188297104 0.11579213065838233 0.1410731629712502 0.12327984221433555 0.13557295646711984 0.12712579189311485 0.14472807563827944 0.1838884510025243 0.2038538282009762 0.21603133923921036 0.20109243755575337 0.24390963804953533 0.2602448676762223 0.27924425769626243 0.27696676692124156 0.2950605280402691 0.30819777669972853 0.3166719026551406 0.3098262627646908 0.31261789776548377 0.31112067206439425 0.31852133719708514 0.31333768499055703 0.3387684771021615 0.32642986874272717 0.33453913478205405 0.3393181912982462 0.3414445365603543 0.31732980994842624 0.3210085798484568 0.3267430315193989 0.3191219736975119
0.12716518712021732 0.13779042375915534 0.10678415262803112 0.1115625470689605 0.13686243106394885 0.13440341019407723 0.1061480361360567 0.13213628744011338 0.14804752742242977 0.1277803078993858 0.11612950958820355 0.11898837125347184 0.11326101564385055 0.128085825928387 0.1472092818190972 0.1452204140352308 0.1239490886484733 0.15202528000731633 0.16253313261724223 0.19937673916187432 0.18009952143776228 0.21412712047566249 0.24837485271342846 0.2663673957405662 0.2645146327596549 0.3039629340936401 0.2888314014075016 0.32704213593470743 0.29789038312003785 0.3145400001995354 0.30464281076461325 0.3061164279025988 0.3354100488599967 0.33191796869851803 0.3434770603949492 0.3808451603779606 0.3462675540876913 0.33197953820440385 0.346704109535325 0.35781813467686174 0.36246192127755067 0.3612134193549509 0.36123643862637
0.15021676641113613 0.13168209470331985 0.09163771367939536 0.10125471496105573 0.1021468729978749 0.08927706256833963 0.09068282729526587 0.09516105259549712 0.1000136355138082 0.07957549964553927 0.10676087316497125 0.0794962353382941 0.09238692547766679 0.11648878383418684 0.14624233332047226 0.16366621755130423 0.15449363679841824 0.1610461160463325 0.17645225641790144 0.1559100931668757 0.16890373638770778 0.21092107753422804 0.2570400087938129 0.2765107760066028 0.26710700094473866 0.2589612672204924 0.29251449349945974 0.3136359202279029 0.3139117754345854 0.3256935226780623 0.3329753242803903 0.3287898694046368 0.31293164515858507 0.3312198550805642 0.359938109669733 0.4030883869263484 0.3904372654164316 0.36141760939994155 0.36392405766501634 0.39457593544804154 0.3728052915206964 0.3729846709669842 0.35340453840462777
0.12320160524483846 0.10539298519455492 0.09939854210950018 0.08605860042124333 0.11352190171295526 0.10262534978019475 0.06129493006646241 0.04462208704973907 0.061625835148482244 0.04103520981300589 0.058659680155779235 0.061866519338653815 0.07791014128171013 0.07761281866891863 0.135628787560684 0.14651343515005874 0.16680816707807689 0.17065736691198985 0.13666929658283775 0.14597457854880494 0.15826834854610466 0.1873073232572352 0.25515852209152545 0.2782549905878021 0.2529287672446824 0.2437887435791587 0.25190832883597764 0.2867051390981664 0.3023236070072829 0.3230568414593119 0.3396215011359702 0.33955879291620544 0.31904545564009196 0.34668054081735267 0.365667726164354 0.42601603766731144 0.3834647274923121 0.3590229441775343 0.38245575057206704 0.41365141742804046 0.38112381508486054 0.3378346348064867 0.35433894214355743
0.1408350686115697 0.10051585550835483 0.07209127715464893 0.06014324567578326 0.09769266440523375 0.0804954498161049 0.09135494753111972 0.07989701117893463 0.07034089566280613 0.05593699778302991 0.054702627494666554 0.05553835423136826 0.05691103955481175 0.06446098913452754 0.11293520802516183 0.11487838104166047 0.12699818877631658 0.15054365150081273 0.13075411650390706 0.13178909586126267 0.15745871243390203 0.1771230879073606 0.22039726530915663 0.2150432346666172 0.2196842109415571 0.24892471396037222 0.2453048250938011 0.26505142770546 0.30735199207315916 0.32400853357475334 0.3113418186584275 0.35343976278796885 0.36174256809869115 0.39222553959996964 0.41306871371126924 0.4073350431091852 0.3901801237215152 0.3916321154173146 0.39974835397592545 0.3982280539206047 0.3635126427306471 0.3337371784973076 0.3445733354901023
0.1433389805239803 0.08282624768918172 0.056221644694744784 0.05944421489854888 0.06941184707781496 0.07278294454524213 0.08723361533264067 0.07021342426965241 0.061350623070317085 0.05318825018740965 0.05335076343109506 0.07162096116340654 0.07999021598479177 0.06669902491367206 0.09043099396902286 0.09176705893416828 0.10609032462300003 0.11255857246589332 0.10087797470581993 0.12191836311219743 0.14599654784720167 0.19063189161832125 0.17680007687970015 0.19092565180083246 0.19448082113599008 0.2324202587456724 0.27833557127663794 0.3046994043750148 0.3329191648514601 0.3070358759268658 0.34322824902634674 0.332151826427271 0.3365165099339394 0.37526459377574717 0.41987495861542856 0.44287876128397863 0.41552520942524523 0.3957392519555742 0.3983934537714494 0.4050898330286321 0.34670407126153696 0.33245619796602754 0.3498184327545224
0.11821791902163784 0.07536975343127243 0.07024161252613902 0.06455507819957357 0.04760130625199856 0.07412829388793474 0.070463072493078 0.07082126894336901 0.06424676752630809 0.060632959952872496 0.03341607960369034 0.05026119217261424 0.03879343062167845 0.05420393831185439 0.08239266396044533 0.10487047897066988 0.11891386683155887 0.11871630505429825 0.11162292560120156 0.11824692397609673 0.1413251029328847 0.14270254262944448 0.16238555936077126 0.18162934201911954 0.1869215857619635 0.2535878141825686 0.29040855312106567 0.30583169883177974 0.3288938707244973 0.35459683895446736 0.3493557196690125 0.33800392414674274 0.362892629965237 0.37626825064346625 0.4265388171289075 0.4541641864507889 0.4207134102690963 0.4382764054985697 0.4233428796416308 0.3885782122590525 0.3649564841164035 0.3446755012932301 0.3465834655270961
0.09332226742756623 0.06657839176760041 0.08405973087038442 0.07015223439994989 0.06120248509186404 0.065377681266425 0.04526034035525008 0.06293348888278495 0.06053416080871579 0.057296071850660636 0.02516987923955625 0.023426187480099888 0.02937412557146581 0.0761795923363689 0.11336730649032452 0.12129546983810993 0.10551128158170195 0.10504669982049873 0.13979313475277322 0.11581711194942512 0.1565846543924805 0.12874408067027002 0.1548963210980476 0.16267367675898947 0.1866507200485189 0.24651609314874845 0.2754850058584824 0.2992939290918133 0.32600059433389467 0.3504416625642092 0.3432130347873744 0.3583857565389952 0.39104929877065864 0.41373265934315145 0.421015831509589 0.47117612254260055 0.46302399460560617 0.45045251729170716 0.42600599141593337 0.3890056977334358 0.3843968334753632 0.3412384600974733 0.3522616107550186
0.09735958329588272 0.07054100122408445 0.047535505326101346 0.05333924559836635 0.040891427593153826 0.04844062053675384 0.06784021117937308 0.07777301223719083 0.06715278188037868 0.058412377732378416 0.01698924461149214 0.045842073400318546 0.06495103569977917 0.09680093579262754 0.1005666233501814 0.09672923423347679 0.10994060756621847 0.13631461638452122 0.14210460907213332 0.12520773755412132 0.15934987596468975 0.1455641333771456 0.16437555705003817 0.20108037065270018 0.21653003527222067 0.2546623027278635 0.28244824854533235 0.28512696230852436 0.3125022885835977 0.36585298042019815 0.368609626684576 0.39098313699718973 0.4127781511757656 0.4096210734061115 0.436090109276105 0.44924299561456693 0.4710565049139315 0.44227476620718553 0.42390783883765115 0.4166842077055325 0.37009122803872085 0.35259099384189535 0.3621178558023678
0.08829121883503992 0.06427889227426098 0.033244766723019584 0.025899855619884095 0.01781795924692828 0.024299079359449575 0.05096250048041701 0.056067082294496605 0.04879401942789925 0.044828318224861774 0.03610066747098427 0.015144998206027882 0.0737016393936621 0.08955998017539994 0.11032501380437182 0.12020080680272179 0.11319058840983054 0.12777958549983418 0.1409005835828043 0.15297599719872887 0.1610582166824437 0.16458391122852045 0.18368886220216998 0.22184604609578973 0.24319205518968168 0.2519600686426184 0.2583790469589185 0.28571872496712447 0.3214602662467128 0.3718051685740137 0.39263427395117123 0.42486265946811647 0.40548362848279074 0.4433610571630772 0.4438709657759344 0.46095214964281583 0.47030814646110036 0.43708445666711077 0.42116320282332076 0.4363254534985415 0.3982914662218606 0.38671138570154173 0.3972967933671018
