Raster_benchmarking/continuous/raster-308.asc
NCOLS 100
NROWS 100
XLLCORNER 1743159.5060979114
YLLCORNER 5469290.923257868
CELLSIZE 10
NODATA_VALUE -9999
[rows 76 to 94 of 100, columns 43 to 85 of 100]
0.7089506451071809 0.7549319692961544 0.7160539392621375 0.7080113032179166 0.7079977542159624 0.7319335885892381 0.7633496159205689 0.7560583570620124 0.7500443916753903 0.7621876352494977 0.7247110800670657 0.7193112928689518 0.717257177949149 0.7466592108641037 0.7805842173107815 0.7600189313660097 0.7896204452803387 0.7865122210045105 0.7638597737356176 0.7274876077907858 0.7131136770126543 0.6907314266981692 0.6791322096035685 0.6969448533016787 0.7007910575310919 0.6717681602796646 0.6892486202299293 0.6919356610380925 0.658610118475305 0.6881777600176138 0.6848827179170363 0.6867672607113903 0.7310523874260609 0.7122828093468561 0.7295832892485635 0.7137973712263795 0.7597115218377488 0.7388682798500521 0.716789843297384 0.7100355527423299 0.7607489862206943 0.7512109081943589 0.7601864947122431
0.7349751401375016 0.7530174805231719 0.7610454978971419 0.7481064754419396 0.726047448290677 0.7378219453187835 0.7024964274200302 0.7104151781567543 0.7241551343862861 0.7597928576649311 0.7521423763650905 0.7420738289198254 0.7103509029390194 0.720193649787387 0.7730048566930693 0.7512433818433804 0.7407239519821611 0.75045569862204 0.7317667511605843 0.7220562417605465 0.6803151468877955 0.6660178084002683 0.6930128919478814 0.6658747258122327 0.6429089545547857 0.636981560397729 0.6631494759977231 0.6677729917780139 0.6578129314279998 0.6533526500610839 0.686157560962913 0.6816634833771086 0.7177382796548977 0.7197043494044318 0.7345983787179861 0.7132126099707902 0.7531433229197665 0.7593425935211527 0.7451267332347477 0.7395865156682535 0.7541671180011152 0.7826806214940839 0.7667344501937713
0.731525168776992 0.7387435071937911 0.7268280313564655 0.7548978209432771 0.7273821301757929 0.7042883728203779 0.6968975521666992 0.706933898352471 0.6991019032622492 0.7422669379143633 0.7403383833433523 0.7168305910026105 0.7288359716028303 0.7450461617003321 0.7322383694984326 0.7471032605433772 0.7006861273370902 0.701128435230734 0.7047748264553756 0.7036366684308544 0.6683387007560028 0.6865078805580596 0.6811512245267973 0.6371810307365938 0.6434874724860926 0.6243177881631038 0.6747067848316792 0.6563687545400855 0.6543077772735462 0.6704468423577422 0.6800693177427743 0.7126875622385724 0.7032609246855576 0.7213812312416533 0.7458217422641451 0.7417060914465082 0.7570605401254011 0.7418696874897011 0.7382053196503809 0.7079125420887529 0.7472322035026845 0.7702075503823465 0.7739585387861395
0.6844021105888323 0.7169132127100848 0.7374106963813768 0.7501292200766975 0.7513443013377978 0.7435718525734096 0.7412798939942312 0.7411303328447764 0.7043777529879897 0.7117218859459482 0.6959152938469797 0.7015574823569618 0.7486202981695186 0.7634168311056498 0.7394663057119725 0.7376912320344607 0.7044511912040747 0.6939881079009035 0.6868341023772997 0.6756312609694903 0.6302616270754561 0.6444745664225063 0.6401204985742299 0.6602801577939675 0.6629074540605248 0.6391658174775978 0.6741707982637544 0.6934347552406694 0.6898048090644098 0.6957296463498697 0.6664825410767778 0.6876421112017705 0.6858686355033725 0.7262584868972566 0.7488910207742799 0.7599329934750135 0.7600132047201128 0.7323904881355038 0.7114983899276852 0.7285916231810983 0.7080671938234405 0.7451489459671407 0.7684886946999387
0.704780140806174 0.7492401776948214 0.7203474744632403 0.7466267830717954 0.7251984397976027 0.7620214067437305 0.7416096214063392 0.7628784176506321 0.713487924280904 0.7023159034387632 0.6911733361128355 0.7063684223614974 0.7334527513666518 0.7400135363855388 0.718072613739214 0.747462866998878 0.721257114548978 0.6666110572962407 0.6582846247008838 0.6278397337768701 0.6310577316713898 0.5903323353700511 0.6209253631543302 0.6637524530255198 0.65222193881152 0.6737351460567301 0.6645117419118635 0.6866012198852397 0.7034176968002612 0.6749226756243722 0.6854791847828604 0.6690316617652927 0.7197559252067838 0.7341238539514671 0.7238393929880953 0.7701886264688325 0.7698944412993267 0.7330574194229843 0.7430195424176068 0.7290451821673899 0.7239061487292354 0.7047331638336598 0.7569720055409436
0.7077847750086584 0.6979311310050277 0.7094349940429406 0.7063569400598331 0.728396215559765 0.7543839373415366 0.7339309008844037 0.7327829336445357 0.7081014181508485 0.722454629722834 0.7054048805205055 0.6840668464382736 0.703815498495118 0.7178608496846073 0.7269830016256448 0.7453433341934607 0.6963598310804677 0.6455958680569557 0.6282914188399672 0.6126657944081839 0.6085530686309831 0.6249292683206032 0.6304695982786148 0.6267929632641711 0.6312978070621408 0.6460006913265798 0.6584742613385053 0.6761895417242465 0.6720701531325501 0.6863280395402753 0.6569666562114721 0.6742566672595027 0.6949255825855991 0.718662537662643 0.7274841756720283 0.7329609725522127 0.734303351569087 0.7279464696147189 0.7303057542803069 0.721606570247097 0.7122524651920666 0.7008348558174345 0.7234194045386994
0.6789197189570607 0.6953727293947054 0.719477317941375 0.7082587652836911 0.7117612330980898 0.7469401303503419 0.7288053926866997 0.7194141462855017 0.7117620443994116 0.7154158161891803 0.717672519952976 0.7077556913186278 0.7412660003118057 0.7545371541248316 0.7565593592926784 0.7436299496933919 0.730552036433821 0.6659015827518616 0.6318821117413923 0.6183080885360261 0.602562922904161 0.5917880477596463 0.6184044752401048 0.6206388462434813 0.6214422402235508 0.6190410104171636 0.6432750472313742 0.6347025024348266 0.6329438695832945 0.6503269443447738 0.663485501623714 0.6893862091899247 0.7126316075632817 0.7040132948465694 0.6978614200666088 0.7126500976263783 0.7455336511766316 0.7487607155644123 0.7428891652971038 0.7386148505645657 0.7560802204611778 0.7433582781054724 0.7616180503749077
0.6170409145680154 0.6480027433876528 0.6835512163704095 0.6781447743211284 0.7254896179788687 0.7317754537536648 0.7196388285960369 0.6918073165945354 0.7236015532267811 0.7059999481991185 0.7055725762408541 0.7275006197283499 0.718549875870057 0.7235312770503842 0.7448686913142789 0.7406064540341796 0.7356260239045822 0.7094973048170841 0.6519500187834487 0.6460624808495478 0.6078486143859809 0.5958704768564715 0.5987348933556242 0.6277324068811476 0.6082552955819781 0.6231448823927375 0.6262995890630696 0.6467500923478146 0.6431847295528664 0.6506789352940284 0.6492194220139527 0.6493407527000686 0.6667838358730506 0.686719605220297 0.6696999260670651 0.664254257555048 0.6999983613527616 0.7101116900125372 0.7298063896045497 0.7589190972895282 0.7578094932467739 0.7506012416430017 0.7527214926366064
0.6249513810632099 0.626729098994926 0.6618754268159609 0.6803754777101728 0.6941137672888078 0.6864530562923873 0.7133298773271645 0.6905368803897168 0.6856144284742518 0.6893073492915918 0.6909508041095833 0.7250459160833003 0.7273205011257061 0.749607420041698 0.7266451550061631 0.7307843624783146 0.7390667178476977 0.7143549923647091 0.6978905669092035 0.6758430050377108 0.637888842939754 0.6383314256110458 0.6055931816292034 0.6241133192999079 0.6130890196416352 0.5541413631389762 0.5650076603558897 0.6043804876090414 0.6243407475599769 0.6047130803566863 0.626161895016968 0.6461336700696813 0.6458229115913929 0.6706770685312995 0.6739316073470694 0.6701899675883393 0.6824664858825805 0.7425844760176005 0.7346490860991275 0.7671708451599265 0.7551992204985009 0.7926372994377014 0.7689788315202772
0.6145918217092377 0.6309283501671801 0.65114233226114 0.698857067256176 0.7064104211823966 0.6715803323876061 0.6773834222049112 0.661660704988396 0.6768954609084805 0.6632094796295864 0.6898318688914492 0.7174625366656238 0.7488928387764806 0.7733699546137048 0.7747047393625518 0.7253734502824333 0.7168607457482443 0.7116191448964154 0.7248230693902076 0.6989978268354671 0.6698212195437886 0.6103340128784628 0.6239310405612808 0.6142269293550161 0.5800900561833492 0.5564249429086758 0.5473024291370174 0.5816549343219996 0.5936382132770419 0.5792102444189872 0.6301701739378615 0.6141886656455904 0.6350494689105888 0.6434611819045108 0.6539686862767724 0.6889465885673537 0.7019129547648628 0.7156653223664724 0.7535050399578727 0.7730761437014623 0.7676310323890714 0.7869634627666612 0.7801466040909137
0.5884315787706225 0.6384277045492185 0.6721292021004348 0.6807300194031324 0.6680589768958111 0.6809019454310351 0.6539120029141279 0.6605933460120665 0.6757765837741936 0.6536146460788285 0.7010874637480795 0.6943355054666757 0.7540786295022911 0.7794953249733326 0.7566357284743969 0.7518224945481825 0.7409443632370513 0.728647790511328 0.6959705008447556 0.7074899499765909 0.6355519977392208 0.5941027617946034 0.576886342973843 0.56304737280701 0.5601583423102454 0.5316288719926271 0.5609390724451166 0.55330713858865 0.5813226280411717 0.5779179932010924 0.5966610703433078 0.6306907415739853 0.63774562742542 0.6151397761523988 0.666612479522799 0.679792861280863 0.7257883181227266 0.7281692434697485 0.749370924234525 0.7325518425611601 0.7968635169613377 0.8102083227465343 0.827252591618261
0.6075010004890617 0.5963154423614498 0.6294173619708224 0.6492990013500151 0.6613863358883432 0.6905632071209042 0.6576419991844072 0.6616706680723224 0.6504205310933957 0.6491063438543486 0.6837855249198961 0.6915676186481113 0.7129345774019432 0.7390570293441201 0.7433438289063843 0.7345748427062364 0.7673969620985929 0.7473267748409645 0.6972494143121082 0.6872560185983443 0.6586981630475731 0.5850632091913531 0.5670201174629657 0.574653718014186 0.5706808069791693 0.5617584924475404 0.56586758126849 0.5816867537145786 0.5779914138101389 0.5865817167952189 0.584896991963704 0.617507396503208 0.6122839485769335 0.6201001270509102 0.6430704937780921 0.6854974417201398 0.7116607882794287 0.7412206026832645 0.7101505113842261 0.7179599686412118 0.7859294523086319 0.7935693524787284 0.8202795877626212
0.5690839029818245 0.5786890043279559 0.6056916456355547 0.6673149862653769 0.6702114478009988 0.6714323192760194 0.6644460308397021 0.6533670289284058 0.6595794334176236 0.6657702705919464 0.6793597487903537 0.7089131574086645 0.7360487224221959 0.7625023339351777 0.7300143481585338 0.7506220695048297 0.7624247350762298 0.7516491301529628 0.6944241472810933 0.654420567141471 0.6334506290879816 0.6062377432494919 0.5995372674759551 0.5691768331797541 0.5679431851589135 0.6091591139665368 0.5933721244262903 0.6092955021622205 0.5900864867168335 0.5593281639935616 0.5773014887136996 0.6189075945227381 0.6023084223201958 0.6028677150783959 0.6078069463377868 0.6380192340255195 0.6879661403472004 0.7197209332783621 0.7274443466993036 0.7399526490165421 0.7837031575361224 0.8220341630504253 0.8175076233330043
0.5886155753802551 0.6142060510471782 0.6216109678712205 0.6132863958124288 0.6166928471785845 0.6090985936681167 0.623744738412323 0.6291692422344708 0.6712073630396059 0.6716898266436399 0.7081784009594003 0.6964789741021119 0.7303632519995803 0.704059141308202 0.7297900651558974 0.7581729745312791 0.7529601490252865 0.7592305453896302 0.7219496084925586 0.6653336378118214 0.6722122418769337 0.6184931801833491 0.611122510821715 0.5755002464238277 0.6017812460350218 0.6188833409837172 0.5861953563394596 0.5978771896369567 0.5761173913887804 0.5655045105738358 0.5869971021690689 0.6156476104742158 0.5938938429104477 0.6023569133121901 0.6068117569969663 0.6140279310648329 0.646752496056832 0.6946789860109466 0.7107272938779938 0.7715588759048512 0.7777514208758793 0.8127778699695813 0.7903284509304389
0.5913601303884113 0.5831785936164889 0.5817170512806301 0.5972431370118172 0.6314211630160708 0.6070825394045558 0.623372148099966 0.6232306376350474 0.6528990106265122 0.6879219591279333 0.7047551584141047 0.6863604330988204 0.685883807377748 0.690611386615824 0.7193331136731338 0.7472856428175909 0.7173354322157627 0.7284016036688757 0.7211233296947096 0.7046422376125593 0.6900392594564362 0.6269536369309101 0.5930229378639357 0.6083517925967318 0.5909834449478955 0.5909314140831806 0.5884208910872886 0.6152117805343107 0.5929538288880017 0.5821286278964568 0.585459536547957 0.6006546770935832 0.6203217498197958 0.59810977084569 0.6268745536727783 0.6214467507133269 0.6477683700960568 0.6957706338208095 0.7303804190981222 0.7735602761962658 0.7932668456881078 0.7929138664506882 0.778210990663839
0.5999569312470643 0.6107510314259447 0.6003460166469614 0.6010160323476751 0.612983441652883 0.6472937914708464 0.6455111269490467 0.6114547055503409 0.6243989276392004 0.6464512638856585 0.6784821280701515 0.6889785243733302 0.6862153585063598 0.6700481635044511 0.7005583090863352 0.7465882497138333 0.7333455268901112 0.7057558495479398 0.6999421342764041 0.7017603491300465 0.6618903180863782 0.6397342829287826 0.6172391775412086 0.6292292287725616 0.6235225827682767 0.6078191837300767 0.6163056664640905 0.6343486023033337 0.6176363438911918 0.6054717530349479 0.6350654490954756 0.6238462515681388 0.6247052784095445 0.5998273799478439 0.6080905205765841 0.6437452872873156 0.6572458105551174 0.6862506363349598 0.719335378911296 0.7283863023659772 0.7331082537557113 0.7450464860568126 0.7546308791479605
0.5783218015221294 0.5981405787201284 0.5900808235047322 0.5874703344940199 0.633729207153688 0.6482539600659093 0.6599293133824558 0.6096120496438022 0.6124520892789509 0.6688506596019707 0.6684736621349463 0.6649706096715939 0.6734272428334662 0.6593866092327747 0.6622196150931853 0.7183704598941724 0.7335136003304193 0.7102394633965098 0.6919158226035104 0.675119900118787 0.680761496676673 0.6864226960269969 0.6557410749208826 0.6347948258112417 0.628949241088311 0.5819734163757654 0.6245045333017337 0.628583664264319 0.6113502083747521 0.6696354222028127 0.6421567663159979 0.6160928574090517 0.6607699049671604 0.6622327962579835 0.6567071705158097 0.6206076811024264 0.6475540420556124 0.6463784084443592 0.682123979738471 0.6759214554863694 0.7068124915651809 0.7485927327589643 0.7497149797901835
0.551566682150673 0.5957107458364546 0.617935259974612 0.6135478248546661 0.6195857214768327 0.6457237467338289 0.6688770184544023 0.6461652181779678 0.6189061187920878 0.6229535639968146 0.651451568057611 0.6478237621630573 0.6697354581090736 0.6366422047165958 0.6631673727849927 0.6831314296582026 0.6918087677132613 0.679297378247519 0.6852112871761844 0.7086680913419251 0.6931193935429695 0.6815776625809405 0.674726333088961 0.6516704327801384 0.6246034848469884 0.5939231320036528 0.6026628692380548 0.623672716864689 0.6237070174918927 0.6604346554387083 0.6544424283750797 0.6573393473339009 0.6465486707098362 0.6433663543347685 0.648900586620145 0.6332955509960696 0.6387033181588285 0.6433951933996682 0.6736734433227827 0.6924484206360818 0.6915443202032021 0.7393057232722519 0.7363259595671304
0.5847004115706236 0.592691450716883 0.5947308055594969 0.5975757419434612 0.6048486243379624 0.6723985269532802 0.6647856194253651 0.6521860396443663 0.6442838265137859 0.6173359260435219 0.642498152290733 0.6325050946341187 0.6239581456525324 0.6276855241126916 0.6418474945408674 0.6601805006669861 0.6935043024524536 0.6935077295574271 0.7165204516302722 0.7094538496434986 0.6965104339823264 0.6710082373504463 0.6535241701780031 0.6401145146003788 0.6247951069149538 0.5738642572750526 0.5887145870128765 0.6185926164402924 0.6194028729880425 0.6134702072307734 0.6519363858721812 0.6553678431358251 0.6315092319934811 0.624958831929656 0.6360206635809726 0.6674020432773956 0.6514054059099993 0.6951453554570987 0.6614177119478108 0.6711950927492067 0.6762802115494696 0.7168848719717186 0.7552877358012253
