Raster_benchmarking/continuous/raster-71.asc
NCOLS 100
NROWS 100
XLLCORNER 1743149.8259139739
YLLCORNER 5469292.6138384435
CELLSIZE 10
NODATA_VALUE -9999
[rows 57 to 75 of 100, columns 0 to 42 of 100]
0.7341896685206066 0.688172343356696 0.7020122894264903 0.6540421225100881 0.61064261375251 0.651295625907676 0.6252262969103578 0.6775417698352295 0.6915318705478545 0.7776532917125539 0.7664912118696807 0.8138897133464653 0.7904511216716696 0.7706735196502816 0.6964392930587964 0.7611737465597362 0.7729488893888355 0.7935868882078951 0.8672382832993969 0.8317284027209532 0.780739001388313 0.7867637065052624 0.7395927409496661 0.6886987341539483 0.7091162981500516 0.6930294654991246 0.7071427033437883 0.7223911297951626 0.7503602077382655 0.6987541591759295 0.7070490652854227 0.6908151179847353 0.6378040478534749 0.6284202302945536 0.629318312461801 0.5980881797827462 0.5353525247657777 0.4861743099622996 0.47322629800679694 0.49485242795338935 0.4681910809246881 0.5221836726058378 0.5804324966505037
0.7055554208304817 0.6480263914573018 0.6649856577861604 0.5970188622030274 0.5830245907679166 0.6193383849197103 0.6098830513745647 0.624592986996335 0.6820439115408075 0.739186797634085 0.7512070586445622 0.7848245855661228 0.7606682914136061 0.7827842046202045 0.7519224493477937 0.7147404989892945 0.79731204742337 0.8388824805658677 0.8443690034076617 0.8463711149179183 0.7959707004553672 0.7694691011171083 0.7576248366846837 0.7102827050379502 0.6552250405914887 0.6964478972543106 0.711009167725609 0.6916787686470361 0.6668707383487852 0.6648631451450382 0.6438149991935085 0.5995021889304873 0.6062054426047382 0.6000993457445835 0.5611674797003949 0.5279118344622595 0.5087586044088607 0.47351664982921243 0.49151817299772804 0.47960702772664465 0.4301816430151211 0.4624730284587081 0.47564309406066513
0.6740364688879447 0.6177196417063083 0.601475740870141 0.5801696373764703 0.6078879076736495 0.6351271051110248 0.5659541934671446 0.6206725808965495 0.6534550979887392 0.6541107844818266 0.7006588621992429 0.7577439437047765 0.7853527842179812 0.7757398872762237 0.7836258897156256 0.7512971031844659 0.7385097618560896 0.8177578268747815 0.8208971705063559 0.8630773705319559 0.8813731614328021 0.7615615469712002 0.6849050637938999 0.7048106038526128 0.6243625017161152 0.603613311561377 0.598778075672158 0.6390329656245889 0.6278943937010959 0.6061794728438363 0.5921522471396631 0.6021150275326553 0.6178208750883166 0.5616570397351799 0.5837383064697885 0.5315103128848367 0.45128224319117727 0.4475194460797941 0.4371101712325302 0.40174045622347304 0.40138829698982187 0.420732838302096 0.4225282124342735
0.5777075647004248 0.5791207735265862 0.631815551642025 0.6170035415337207 0.5964460435056144 0.600805063209057 0.5858062696582473 0.6167193937563682 0.6758114727467203 0.6656809094380924 0.6876923684949816 0.7358028299949317 0.7226243610401192 0.7575846956414339 0.7608305755580537 0.7763609817608687 0.7372606563980024 0.7940823391389776 0.8115067260766007 0.8559315346809299 0.8233522877072932 0.7644335208305186 0.7466110168986402 0.6560517429874069 0.6500064160583234 0.6192986723084407 0.6314943842316219 0.6277216592330384 0.6612580635400288 0.6308353592532517 0.6455799128379257 0.5816360769344321 0.5626177331078404 0.5502578638662323 0.5562886965624837 0.4895558241348674 0.42520087613362806 0.4205750454986968 0.4697209398184733 0.4197471550883263 0.37158143989812603 0.39574704615340595 0.4372173922624535
0.5943954778064051 0.5612370882973424 0.5990720221873784 0.609318798794522 0.6399798480134579 0.5781884996396265 0.6384301078566889 0.629726975530691 0.7059840815944869 0.6922673522584908 0.7376534381898011 0.7730382745504614 0.711676502481964 0.7563684586390674 0.6844464567507454 0.7419747995742286 0.7806028584342846 0.8165055828390138 0.7885763601428728 0.7545051528980766 0.7814244754609287 0.777544883663309 0.7419284250461073 0.6533378629700711 0.6762815420458976 0.6845431128309313 0.6385817395947299 0.6737066988860237 0.6431320709938946 0.6238231479488581 0.6331879821815913 0.5755685388163015 0.5629704928762533 0.5834505595147265 0.5117040686089835 0.5035196460827471 0.4048692879491478 0.41275770793930855 0.4500574643327299 0.40315611970649123 0.3647977056904499 0.3760394568055353 0.4340511863353243
0.49084305778197324 0.5304601171817123 0.5167029720824671 0.5811867321582378 0.5866911122258626 0.5887494744971095 0.5867989725662961 0.656587941171495 0.6682702997662756 0.7147183764507773 0.7663436230586304 0.7541832474038705 0.6959348710191261 0.7219892867885918 0.6747113382758227 0.7139026040796648 0.7960997088204342 0.7713003961858699 0.7771689190642923 0.7472270893158603 0.7433119767799978 0.7372040532633584 0.7418470511200855 0.6718362715331292 0.6994854909020732 0.6530759550855133 0.656879872071499 0.63445700151086 0.6039527279887235 0.5903440154710282 0.569600064949029 0.5889730310930191 0.6109683811540109 0.5693647346395122 0.48356903353786757 0.4658899791333947 0.41309850636542006 0.4208829766529187 0.410225301540754 0.38390767224557165 0.3646987579135763 0.3513117871396862 0.4325072807138466
0.38123312745136245 0.41142716420125586 0.5115370466343215 0.5494962382691032 0.5517538969613663 0.5612755179101327 0.6107116270952594 0.6092704914922978 0.6697892135704524 0.7016125909108225 0.7123122522796381 0.7243585633184139 0.7098449097865129 0.7294107498999679 0.6746675865040671 0.706117942064472 0.7650627738441249 0.7540265748968584 0.7880421514313368 0.7413438882715639 0.738172180284528 0.7890849154225107 0.7522046156562473 0.7088534470806469 0.6523826725151071 0.6489041960400026 0.6338776577661105 0.5929399111738135 0.5958617602695616 0.6065709432258942 0.5608647552092573 0.5463937545605052 0.5667779613099508 0.5687597936683471 0.530378521292148 0.47102114279020535 0.3834544910751705 0.36138650446096954 0.38940100423912627 0.3673212496202087 0.3190846133428622 0.31446810088262844 0.3895442940899736
0.34953834738568335 0.3650867732387317 0.43950570037127434 0.489954548599189 0.4561619564202122 0.5291088760062835 0.5521402763934268 0.6187820234950012 0.6420609158203052 0.6112325121792043 0.6400880341253867 0.6697862611636392 0.71550146385193 0.6987880656922806 0.6891824438291562 0.6653520876296115 0.7139622986530166 0.7168656103731104 0.7516653137526809 0.7506419502374639 0.7905847412014928 0.7832955817709751 0.7720130067016354 0.7588161868661838 0.6851982249223293 0.6291226939283744 0.6462926112420408 0.6529225200398029 0.5923714238952487 0.5913220233141864 0.5375993823899938 0.5563236503903687 0.5465496885471394 0.4860719263741372 0.5053332374788247 0.44178464982902893 0.4451942491930866 0.3964003395115622 0.4066635304252616 0.3743765605383681 0.29870525789469554 0.3220397788230329 0.32434424112408244
0.30908588611248955 0.35854281781756797 0.37002861969982465 0.3840243343688606 0.3766330786992543 0.45588209680662073 0.48897971661231754 0.5678681052936746 0.5870264601924843 0.5262079378055395 0.5483383565485803 0.6529463031917 0.6681924606180757 0.6753416226134356 0.6856372925256067 0.6670923064449303 0.6598713816084883 0.7238164327790414 0.7190321857918038 0.70999061293909 0.7824049275033395 0.763222288559813 0.7692212631599449 0.7227195036400305 0.7335109054689349 0.677835010212128 0.6295346723377176 0.6581662552215236 0.6012060806804712 0.606629129012014 0.583514773723375 0.5102797446463311 0.4955908030980904 0.4538513335288191 0.4320281893847924 0.47066060525053544 0.44460770497278373 0.4276434030677622 0.3994772315700644 0.3504552265854584 0.30043031359284433 0.2924059770633192 0.3465592661068953
0.33833259281402783 0.30724111214336497 0.3396340020608754 0.35128340861996143 0.35070320568981106 0.37593924262570616 0.3995295837914698 0.4538042391783308 0.5260470184093522 0.48518111179777784 0.5028379155753986 0.5947434219814438 0.671965810854353 0.6821195824769566 0.6388522140442278 0.660088079041899 0.6938282559697678 0.716765467513066 0.7134268981170144 0.7450817092320488 0.7781406142814883 0.7700012634867343 0.7466906257677337 0.7319088199224694 0.7104809261579534 0.6992214777197401 0.6754059713740829 0.6253938848647199 0.6222782640678676 0.6369289540150911 0.5935735298021886 0.5139828529548693 0.46419714013399815 0.4589077654457373 0.4798256309379552 0.4396039595336305 0.4174161675376057 0.3805643466657276 0.37593917561911855 0.3645655687103835 0.3443549148791203 0.27769375817723374 0.2971510396877286
0.2782518259972378 0.2461314674992055 0.303746115162744 0.3568978807514163 0.3115745372836781 0.3447654850185818 0.35903499356143453 0.4332716935059879 0.44469538924455904 0.489460420520354 0.48693810289314726 0.5642334191961242 0.5974007065292045 0.6450570912514296 0.6421807351820821 0.652866377676043 0.6257054532933732 0.6742129231114928 0.7526247147314908 0.7402706772267887 0.7940390895665961 0.7900313137691866 0.7760854766214922 0.7187275147831296 0.7120423457544676 0.670021016183079 0.6590652285228518 0.6028013843435635 0.620913708115686 0.5849556807631671 0.607796605045011 0.5157969243127648 0.49586564478550704 0.48582353664560385 0.4621024584705814 0.4329240573436397 0.3268136700941407 0.3974874904025744 0.3771862276936205 0.3786137217845861 0.31381712826765396 0.2900195793357517 0.2034297687740205
0.28932017194867027 0.2518517206865966 0.26080561243223116 0.30746390497222104 0.2707942777569777 0.26447962589938523 0.33359203844769364 0.38087940581934326 0.3513086610344797 0.3841895481410953 0.4319739678944954 0.4897661630238618 0.5434470185480655 0.6051025601491139 0.5789666843628005 0.6155400911424843 0.5731856223953224 0.6110779106204017 0.6786372876810217 0.7314802145688608 0.7019848858261235 0.7557326545141082 0.7087782060986174 0.6929112258098623 0.6328800957946896 0.6171912448506933 0.6424292904068445 0.6647224540266191 0.5908632296506987 0.5691589178576254 0.5619764104114507 0.5546450022887364 0.4994949549997703 0.444617789205296 0.4628667510066824 0.37523864304923443 0.37704476947182364 0.37551925256830737 0.3597893624529876 0.3401053967003561 0.3548369200252103 0.31465655094412903 0.21593886741555626
0.2070490764038602 0.22388971889206222 0.2693148043652446 0.24716399535789427 0.21572311575945904 0.2105123961821239 0.254897280496804 0.29358482754041765 0.333407021566144 0.4118623845423867 0.38894710100521096 0.4888248546111741 0.4893967733274031 0.5217294375952988 0.5860269020028677 0.5532644487779285 0.5528029166120598 0.6188564165712993 0.6486218130191703 0.6368031037505965 0.6419859572876162 0.7035739376235265 0.6812617338562796 0.6720093026391033 0.5967087141138369 0.637954003193457 0.6120206350856537 0.6621039905111555 0.6085676361057812 0.5948875772101743 0.5765745713461913 0.5452854644624398 0.5145204568775024 0.46547927336944533 0.44587253480698424 0.3796537711997884 0.3938728055384565 0.4175840148783758 0.37709037512765103 0.32138835346003614 0.3401169640608377 0.29627313976334146 0.25192200445162105
0.2458593754465723 0.22812877487438007 0.23992875148601137 0.19527754033013317 0.19108268446988896 0.21031575307192174 0.2364868204198033 0.3323097600637025 0.36125738239289046 0.3928510325287564 0.4213941970101683 0.43444051511585874 0.458304335154642 0.4581091676405128 0.5514962939895981 0.5378656855627669 0.6004275590895971 0.5983944060722206 0.5979591932044224 0.5911199541193933 0.6035978020796237 0.6177738723592948 0.6624693609465139 0.6345553495077197 0.645946437190117 0.6075466269211014 0.6112663279862932 0.6050086627061296 0.614920254051384 0.6180407942913648 0.556175316355071 0.5614979426139278 0.5171786181088638 0.43592802098381767 0.42884813242545966 0.4137976292344889 0.38209285968033857 0.39158298353976634 0.3942360299725752 0.3227201456763139 0.3043807175335807 0.25557704093390116 0.2912532599581836
0.21655578575617052 0.24004955304836212 0.2443291334038941 0.23167913390452682 0.1762196116351324 0.25029673675266995 0.2903421040156677 0.3296114169677125 0.3479098221527689 0.3418039838113371 0.3820199210547906 0.3522250835655694 0.35097226409409754 0.4045037118984503 0.4947960145946961 0.5503385424519297 0.6022675278214484 0.6229736258628699 0.5909829892224228 0.5691711306000979 0.5865463414702111 0.5714969759438839 0.6083859683348872 0.6562740768441244 0.5941806956189684 0.5837989807842838 0.6014212530107268 0.6255756514009015 0.6432347540059492 0.6149016073713965 0.5993234134511407 0.5234244325055413 0.4844484852919966 0.43622500136865 0.45175804239982975 0.4020535835511989 0.3790994311347135 0.42071201374590844 0.3854821688134385 0.34003876248217163 0.2285453101681164 0.2797622440477583 0.3338457359305776
0.267436552405357 0.21338578098799676 0.24105376390578007 0.21613851017079896 0.24102539317589733 0.24916518662239978 0.25567092805326097 0.3045199177081755 0.3713527620157887 0.3642399601325869 0.3460819952505154 0.33886409498208947 0.36591542421988393 0.3860654944940244 0.45493818193661056 0.5202946391177274 0.5371835716665708 0.556981594271554 0.6000619723533072 0.5422085591775597 0.5822334577457872 0.5873539569507007 0.6035086078778308 0.6391474769985406 0.6140072058751496 0.5767286551708297 0.6183123455309335 0.6014715838121695 0.620115256369588 0.6140138742482283 0.5433115209307419 0.5209290170853234 0.4990549489224605 0.47360464562401916 0.48425959837160654 0.42901288031337653 0.3746264559520087 0.3950679810902342 0.3525576882517473 0.32244226396071024 0.28439618345437184 0.2381851280400589 0.2579238621851779
0.26158589390741166 0.2647553384259858 0.244547843429215 0.1851350537209052 0.20725702596821652 0.24721591193937265 0.25314808165823544 0.29213908639771197 0.32521316713549625 0.3015486348935698 0.247371161399991 0.27301788276630956 0.3630325707478796 0.37966514496501913 0.4530821254282917 0.49281106811121117 0.4885160830753758 0.5608165619583655 0.5683667925613518 0.5344411089276337 0.5677679148788186 0.5567025000054492 0.6231272323969154 0.5712247760946957 0.5861192945599127 0.6099270921611042 0.6129058988123732 0.6383749054327056 0.6118575544780216 0.5951275980509704 0.5071646294800033 0.5401459001275212 0.5071474522589354 0.4705945930692974 0.49785000849726885 0.4132986593626808 0.3717022379921839 0.3166410332836021 0.2994566073736519 0.31263561720256805 0.25847787178514403 0.25256898225473373 0.27823297776808487
0.28202612083480516 0.2843926130822332 0.2297795826336236 0.21775946653335718 0.1837252789761204 0.20495236471239417 0.2198426518646929 0.2898326759139916 0.3001003615320774 0.311840795472696 0.2583226213699201 0.22812986522535553 0.2990214418154913 0.3109173911790584 0.3520770492559644 0.40098363421658817 0.4574506854924031 0.5339399329548498 0.5530402598282856 0.552033782797159 0.5888460851428362 0.5458924579294012 0.5457199963642078 0.5920395683868689 0.5757630475340478 0.5709598112042968 0.5574683705595018 0.5820509581930392 0.5812336878346008 0.5808101819683071 0.5063567238634383 0.49106590786968074 0.48832868710972627 0.47315116182119055 0.47592191463735506 0.45684319353954506 0.39743160227130114 0.34605677737176826 0.31525545259972915 0.2763034916969797 0.30330617298886736 0.26705401986570687 0.3183788628695384
0.24834615489508005 0.24021579018880362 0.2574839713071471 0.28226367302734573 0.2423365683275132 0.23702903569653722 0.24556502922773846 0.31717412096229786 0.31431472163955115 0.30990396772047346 0.24798764990223426 0.2554297852386292 0.21261333957921325 0.2973316594274015 0.3307667652042667 0.42524832667217066 0.4772606482566262 0.4822020320935447 0.5168589775508934 0.5468343431004273 0.5572896569255631 0.5678078328570154 0.5403470544905835 0.5650649094778298 0.49187942694595493 0.5334831122592216 0.5406568355024942 0.6191166809777064 0.6301266751938132 0.566865701593776 0.5088243725449143 0.5180164990588073 0.5189061821660503 0.5204858360756858 0.46818337559982653 0.47204319547821305 0.4112526506418302 0.38662843760983673 0.3121626896290229 0.3501662453835932 0.33290925166688484 0.3207178397933312 0.31853660850263044
