Raster_benchmarking/continuous/raster-309.asc
NCOLS 100
NROWS 100
XLLCORNER 1743168.0739449887
YLLCORNER 5469280.562148673
CELLSIZE 10
NODATA_VALUE -9999
[rows 38 to 56 of 100, columns 43 to 85 of 100]
0.508432771885872 0.48297890833243634 0.5160350497476897 0.504876236069021 0.5677383713529596 0.601142649095029 0.6116399145629101 0.6048029139777055 0.6715176218079737 0.6856298160216703 0.6265386568649529 0.6186447304659116 0.5925800629039921 0.5432805223302697 0.5705343475773251 0.527041313742319 0.4706356587548692 0.49959185411115364 0.5332419980456992 0.5402230373348257 0.6015912099732924 0.5688938632964694 0.5569655688903015 0.5646177492056002 0.5087152880658695 0.48024889553575506 0.49693798583712345 0.5302087235064987 0.5092843901253036 0.460042343648854 0.4511335079843514 0.43810689049101226 0.4193037024890151 0.48361444302771095 0.48557220343819274 0.502247262563216 0.49677202881689836 0.5139164672770974 0.5661409063450623 0.6529367629120854 0.7062634515248071 0.7039954098010377 0.7148911106202134
0.5004565220836393 0.5533291865057833 0.5590299272070096 0.579290203624026 0.5400587946613551 0.5585100613189712 0.5732000607722514 0.6020028531746484 0.6405648193931385 0.631788149528413 0.5687202501278187 0.5747104930178124 0.5638507499877543 0.6191559454409602 0.56349548581525 0.48401555355664705 0.513624532981549 0.4307887939013979 0.486258252816917 0.5755844042615974 0.5335853406094713 0.5721762776423153 0.5261014282000627 0.592505371126726 0.5426435060137739 0.49945093790919376 0.572067891577974 0.5855497714736967 0.5678541051800848 0.5675301855859339 0.5004871343018356 0.44901835400221535 0.4456295498805195 0.4766151585452945 0.5286400971205417 0.5321575657623799 0.5744761480709147 0.5939081190738542 0.5738955631379173 0.6081824942092702 0.6182253450344485 0.6564923332692872 0.7041017730578775
0.5067076113197223 0.5129891402075397 0.5127381157821572 0.4877971640952502 0.5305927095370271 0.5283417507498513 0.575481710270104 0.5367977972879788 0.567499332363482 0.5728579776412486 0.5176783016154862 0.5589466452480601 0.5832895080840699 0.5387905180336775 0.53670911189129 0.4993687818306122 0.5130324018209051 0.4584737527899328 0.5023993141597585 0.559248059349393 0.5313514557958195 0.5075357287203248 0.5145037414209128 0.5451414815039342 0.5044097757163378 0.498723293599921 0.5501290466644888 0.5411981568985978 0.5893711350365014 0.5284827676541309 0.5398811455128605 0.5511058849541159 0.5425895486450389 0.5657500682677579 0.5496120246915009 0.5870348330195443 0.5600316313828263 0.5784873337109665 0.6209496785920876 0.6341559113299277 0.6539774009651659 0.6793276664971211 0.7099292795021528
0.5047815799761031 0.48358161566599617 0.4724468806277528 0.47909604253844656 0.5308867842307496 0.526583877450732 0.4937738023766813 0.4788412150305308 0.5311568967496564 0.514132034696329 0.47108555681818054 0.4974095275236427 0.4713562290350938 0.4953691678716522 0.49298060952644507 0.5400647460833213 0.566489043575653 0.5248327574008765 0.5319262139474903 0.4794697597886096 0.5168115160457064 0.4908339556407759 0.506102349637089 0.5037369401380198 0.547367397316279 0.5445422965604589 0.5347415020367277 0.5648731333640588 0.5368404667797894 0.5249300243157358 0.4947777922180075 0.5335928572051222 0.5879038822290121 0.5858706969020117 0.6015185019282469 0.5894149227827428 0.5820943644362806 0.5809393061046657 0.6482305147322311 0.6322080936460721 0.61951458871402 0.6636378806999155 0.6464286215997974
0.4972979927763562 0.5212205323744519 0.5012966339257672 0.5059133569975429 0.5231228222979495 0.5152485582893507 0.4489609205001027 0.42156693836471587 0.46495105972309436 0.4184752681788019 0.4445861657220961 0.48982267742534374 0.46642931857474385 0.44312066615174833 0.48686464085711756 0.4925618495371993 0.553311220801389 0.5019898302883611 0.5249574364939753 0.516615932669611 0.5072813179999132 0.5250392757172334 0.4663405667326245 0.48700519636384687 0.5008261087591881 0.5436829448318322 0.5528028030350997 0.5355818955414914 0.5137146926119368 0.5362016626224868 0.5220093283891002 0.6004474424450117 0.5767200712484744 0.5725226584208403 0.6174376553899916 0.6161429624508563 0.6056510789365247 0.5851746821586338 0.6037227244872263 0.5711793381827548 0.6280751140364441 0.6222047715039133 0.6789367382171845
0.4993076526746812 0.54513158858241 0.5312975924648159 0.5446089782386546 0.5413740134185471 0.4800656430078914 0.46965480150184785 0.37133754956009785 0.3989782720335183 0.3780017772006416 0.43745312663609953 0.46934007590558025 0.4900822030372044 0.46432689082920675 0.49859520584154443 0.5029132380610996 0.5272700854815379 0.5135829063245739 0.5500788272035256 0.5242483407412355 0.5000808920576498 0.4987546343465279 0.5022079180752793 0.510550217193129 0.49079836585890646 0.4543553436528258 0.5203411627620983 0.5600508115897557 0.5526992219148089 0.5278493462965571 0.6176568300010574 0.6517109467349751 0.6072696545381526 0.6405057168527059 0.5964890856456202 0.5590623106273402 0.5568627207674662 0.5469958874982463 0.6050652863385924 0.5731244214707448 0.5758024614307485 0.5749353255978797 0.6337435981870753
0.45419939102457846 0.5328411146667257 0.4913576529139375 0.5160062494255641 0.47167363038285115 0.4666553999690982 0.4499597861843039 0.3547163111386449 0.3393922715673 0.39235734623221646 0.43559711717788013 0.45626732531654696 0.4772640575931548 0.4916858015238487 0.4977818000102107 0.532790836705614 0.54317330771868 0.5500426917926525 0.540825269143047 0.5322978871353923 0.522317423759512 0.4807376411495855 0.49368384966670936 0.5044824827145101 0.45696062143768235 0.4692016514427179 0.48368498523804265 0.4812718625324483 0.495164213218075 0.5381633199402909 0.6189642176783667 0.6052229706661678 0.6320751994813205 0.6522123257424534 0.6092034967335653 0.6269882448091517 0.599437129586288 0.6158602152798488 0.6287371567737396 0.6162818623666336 0.5869418758781265 0.573724079381678 0.6456453623361389
0.4844937438752828 0.4975996303421935 0.5011626305453045 0.47994496723872226 0.47606274461439896 0.5098679418814737 0.44239558764831094 0.38087105145703853 0.34817328842040074 0.38003292804933825 0.4327024954391997 0.507001464426182 0.468573812658841 0.4958014400021523 0.495837093428215 0.5126590183107985 0.5057716429901451 0.5407289904026653 0.5057230260189011 0.5062819244883675 0.5493524024810561 0.5528926890116596 0.4990308471006338 0.4703050442611458 0.49491000099244575 0.5086708020843435 0.4817458672648021 0.506087563923348 0.5556396168187596 0.5450526040563801 0.5962946709910241 0.6510896533301068 0.6273965185504862 0.6702329823639144 0.6320894381555162 0.6766503900383258 0.6415562561997533 0.7143184471140078 0.6744985079241779 0.6585180970146645 0.6635694874734995 0.6209577004417419 0.7066950321006954
0.47573068997521983 0.4671536602167704 0.4583072417395275 0.49751709908591196 0.44659818224627557 0.4443529404213755 0.403556664900254 0.38382668371616396 0.3375547557678456 0.41444627931044764 0.434234275742476 0.484952632711512 0.5528878861471607 0.5277275140573732 0.5499306805899452 0.5367027020095494 0.5412594086161123 0.5654360539057784 0.536764875370865 0.4982775888154829 0.5058208164019563 0.5053697046309961 0.536573167714127 0.5540872868724567 0.5780831762511963 0.5726922631387982 0.5574998285981637 0.5357185030865819 0.5182612995415256 0.5639347678371226 0.6404484600802122 0.7031583473643999 0.6650761579059035 0.7169680334774334 0.6747848791939737 0.717273490377482 0.7078839403903293 0.7621752283478189 0.7457855079457438 0.7039216272550717 0.7086857441321066 0.6744564165319932 0.6987869849919857
0.4684326479915593 0.436825483900878 0.4617596210659035 0.4543313011231226 0.41889043022438444 0.4791208993498875 0.4470436467872315 0.35779442015566637 0.3155637089719561 0.37744818835029403 0.4554778052673916 0.5454930908935255 0.5586514326273229 0.5911092778595721 0.5577566054427017 0.5438353457456514 0.554828158589895 0.5629304868548591 0.5502396438137109 0.5905817982849377 0.4947245462401601 0.4923288517584105 0.5269944274429847 0.5653299691964792 0.6230670357901624 0.6141474547351005 0.592679078602246 0.6043826522917588 0.5396987180325238 0.5602021505989957 0.6458231991887641 0.7098614883685112 0.7141939768820653 0.7098256435156088 0.715016605052756 0.6879346692143312 0.6755965358148027 0.7367516914459761 0.693696764296467 0.7348658429582996 0.7239241453333313 0.7064203100181445 0.7383724863293455
0.42150727645561215 0.4162256015845121 0.4140682288294542 0.3760095212543841 0.40909868084303347 0.4860361368943676 0.4639061783678515 0.42292930996531297 0.34436531529278946 0.39290363131480965 0.4219073227631597 0.5272290377895077 0.55647254757459 0.5596071178654125 0.6166335727627099 0.5626023511300317 0.541419821652993 0.5856313908826278 0.5616850003529288 0.5883600485806951 0.5353006230647277 0.5525839239355076 0.5223281471297827 0.5783455147407371 0.6262191127525921 0.6054990937009594 0.5887034625139748 0.5875381317308823 0.6275385265069586 0.6166939710153355 0.618036839673144 0.6339074189643978 0.6660472889112574 0.6579509712996767 0.7170163531374631 0.7277525640186873 0.7133046967781403 0.6954996380672883 0.7034614473016023 0.7206704395244977 0.7581918532684576 0.7383333962076596 0.7397180313186614
0.36408062745170894 0.350313283768762 0.3498973454138302 0.36936584648429643 0.4035307761737611 0.4528780600933348 0.47160879742197287 0.41542878656609195 0.43456350980158787 0.37755965648212086 0.43776371557581306 0.49150611133525773 0.5042205466585998 0.5930067988380139 0.6175178804301203 0.6036868096198165 0.5528520493167883 0.5178419430203159 0.5423738029274269 0.5460720210487785 0.5811170362414736 0.5991715651610262 0.5679951168361616 0.5606969863828966 0.5928613276284473 0.6610551668087612 0.6223006084287689 0.5985679157988408 0.6658815591252452 0.6781655368212229 0.6780943726805375 0.6541276954302359 0.6796247995000629 0.6718547370944717 0.6870970880307677 0.7577289781020682 0.7101555322601902 0.7531785801157429 0.7068407938243163 0.7029116169389169 0.7239490854661051 0.7575168702494296 0.7903739122237545
0.403969198764343 0.42299797316507975 0.3793702617217349 0.41762685718080794 0.3802250971660179 0.4124132452161718 0.4177060879713665 0.4408237138919985 0.463677506756279 0.4405822924752212 0.49036946131470416 0.5296672038081341 0.5206434635732003 0.5771438557106444 0.6152854561390112 0.5808525984347397 0.5403690239306288 0.5577143184797982 0.5601469181419866 0.6006480249999043 0.6524699090253494 0.6507911170942859 0.6013254075769777 0.6435423613169299 0.6132382392137189 0.6453460066345389 0.6645147277326258 0.6121500685369041 0.664958114385914 0.6877239624217947 0.7068751694875594 0.7005375689358141 0.662990843017241 0.6442622174375318 0.7064701441085232 0.7599288712180268 0.7724768075847002 0.7502386235197231 0.7323290341479474 0.7170947624949408 0.7684022097186232 0.7624169717796314 0.7855615763600399
0.4014089146422397 0.42097624374896625 0.37126971126643143 0.3910836916099185 0.43361591755790824 0.38294408305507704 0.44376634632200723 0.469912762748647 0.428154610622393 0.4899399335888327 0.4842373319984161 0.5582642702855649 0.5825056953736081 0.5822342992006438 0.5535922983742664 0.5359143061258952 0.5402889269505632 0.5796506456858181 0.5850116073783597 0.6351039783398807 0.6571452648619573 0.6723505999964259 0.6698584978956983 0.6792613045416965 0.632633959108245 0.6068983227546715 0.665466478499783 0.663714425572144 0.6753811275374056 0.7127002939017433 0.7059804998855681 0.7286605269087638 0.6811100964199216 0.690838926499394 0.7698328723232275 0.7906737148716342 0.7482690037188556 0.7723372033491746 0.7551902320698406 0.6969591868596481 0.7415246424511877 0.827692728423331 0.7868942859069784
0.41927476333995956 0.38132167649615323 0.4320569681494102 0.42941523116889074 0.4213961711064392 0.42179181881197303 0.396865844182178 0.44472092658566315 0.41283487294622095 0.47569803746737666 0.48502810320883155 0.5381790083518075 0.5817316568952027 0.5845278034589907 0.6199096587264135 0.5987841055061184 0.5997267978100144 0.5979726475746826 0.5791230616741554 0.6441892157773912 0.679544335650003 0.6659917577345287 0.6834015296188161 0.6310450228241554 0.6225070337346019 0.6014450932006239 0.6343951785410178 0.6736583591748095 0.677148778417374 0.6914636497062873 0.7065472078110897 0.7088965090044735 0.7207269520607852 0.6904992664536913 0.7615020425384386 0.7904215201179194 0.7506092465991767 0.6927854241312842 0.6871736215761365 0.7642845483179788 0.7890182843629089 0.8409496478257021 0.8508306336904312
0.4119057856221842 0.3820330491881532 0.43333538791537407 0.4600022151274574 0.44343479712487527 0.46106728847386225 0.4204298346802583 0.3863684492439255 0.41407647163015954 0.4338694145363096 0.46460489911021563 0.5073453761694919 0.5737689842591034 0.5839598447653029 0.5716241015572209 0.625862864117551 0.6372540725091665 0.6121523989127544 0.6128937463068699 0.6190938316429444 0.6262543714536457 0.6423135025940836 0.6495781546263102 0.61236395465526 0.6573552410894953 0.6292002082248822 0.6292581603414313 0.7046634298716898 0.7301822389630654 0.7405400913429973 0.7210846758600075 0.7232101733877426 0.7140625210093573 0.6902164922336544 0.7467560147369684 0.7614654492482937 0.7392537716749709 0.6993380953438948 0.7170549983968773 0.7344806028531679 0.7854560130488097 0.8253381632429413 0.8542870175815597
0.4108407412021093 0.44263307921587997 0.47246572897393535 0.47059403722002935 0.42938354217375607 0.4809597349194598 0.455510837761702 0.37993966691857595 0.39238981677318757 0.40423331497227083 0.42804258060903966 0.49933484114594645 0.5159120128554945 0.541369825407521 0.5735665576716893 0.6321091847505943 0.6566128738974621 0.6209461672395605 0.6211187264390897 0.6173549978175531 0.6616016385399197 0.6850154556310198 0.6430423211170719 0.6603128696708603 0.6493173384610799 0.686596004504906 0.6756738769358851 0.732695525455011 0.7595866818716047 0.7179667721800808 0.7161335766148228 0.6851008604365161 0.6745711490877401 0.7328776822663108 0.7058934504851945 0.7142470805526796 0.721629423444126 0.7079744786471112 0.7227849435138486 0.7851523647920496 0.7562457237704381 0.7890387277627385 0.8329986012374891
0.39574321772135 0.4541652533124337 0.4368684845227842 0.45121090284712856 0.39075383900214267 0.4479831518993881 0.46335807223717107 0.39820970694213526 0.36744384270072783 0.2930389264898467 0.34887904225766025 0.41572644903457634 0.4518791281496668 0.4550640213175845 0.5825366124927892 0.6107434596035803 0.6170970245818299 0.6667701124695267 0.674252323317628 0.7004853497551516 0.6444029716417112 0.6564179703110814 0.6607370370610645 0.6473538865360916 0.6651067959168224 0.6832435171361662 0.6601529986252049 0.702800873862849 0.7266458050171236 0.7773061713683642 0.6956666312478363 0.7133686191715677 0.6995581354737198 0.7164817600498952 0.6884618096315346 0.6853603790937011 0.683959661516358 0.7027701653857817 0.7643661194279882 0.777738692727666 0.8231325161333864 0.831664881869829 0.7961320590939408
0.37963974325761507 0.4495285783329867 0.43805158646384573 0.3879019450604798 0.3897318916590161 0.38784572145204005 0.4415161375300806 0.37866581447564845 0.33540106094975924 0.3495738190564689 0.4029858975062139 0.4484543496389975 0.4657850912170764 0.45599899830137774 0.5366032945549485 0.5935833027285473 0.6551854776381474 0.6963725791364311 0.6972231942262295 0.7144519635928027 0.6432503466264601 0.6485651455063449 0.620528876249441 0.6280342288722831 0.6437592230365393 0.6716873971872817 0.7039103791908917 0.7150391501657092 0.7722882853064145 0.7563055306253313 0.7005209622516487 0.6647162868185684 0.7067730432410533 0.6652942212601399 0.7133512442096291 0.6884514398960644 0.6395830726911579 0.6508348389774695 0.7233839560847324 0.7617121723200957 0.779736983397913 0.7659536618259682 0.811228606213205
