Raster_benchmarking/continuous/raster-477.asc
NCOLS 100
NROWS 100
XLLCORNER 1743159.497667449
YLLCORNER 5469295.461049389
CELLSIZE 10
NODATA_VALUE -9999
[rows 76 to 94 of 100, columns 43 to 85 of 100]
0.6588234726900759 0.6980755677413739 0.7106747306223661 0.736997476611322 0.7383961985077389 0.7210430307951666 0.7070372089848739 0.6936831075810745 0.684691218040856 0.6872925302030508 0.7233917458025438 0.7027203369177046 0.7057003773197407 0.7513515553150498 0.7330714731813321 0.7362727325854653 0.7592014824115857 0.7974084916827799 0.7678171953806664 0.7473437791057322 0.7446216571358408 0.7634956586674637 0.794665752468177 0.8100393045996857 0.7781559951747881 0.8057815130650336 0.7619943079376513 0.7610954920884808 0.7835096787026485 0.7610146403068719 0.7426367993940026 0.7414430038996568 0.7486575999036418 0.7335417842350804 0.6898148692937099 0.6716346631606637 0.6435212651049014 0.6633619947054331 0.6705279779431232 0.6318182535375327 0.6033952406477066 0.6033031954495728 0.636858916670028
0.6548657645631003 0.6959182692774927 0.7029261166169036 0.7372219266927412 0.7389463436127658 0.7360870402476027 0.7058953028301252 0.6994909803550781 0.7248721219138894 0.7433895448599288 0.7106845872581327 0.7150345505691547 0.7315557751747396 0.7448660242917223 0.7557197748469855 0.7581106305574835 0.7417072439381499 0.7696238414441356 0.7778992292206236 0.7932187184228658 0.7607148246649296 0.7581517883005437 0.7731172467058252 0.7906923130775545 0.8135250922079241 0.8129482908111222 0.7865267934147646 0.7681227051530765 0.7532987856756864 0.7634388780989948 0.7471636810660134 0.716551529442544 0.7364533344095132 0.7218574377203618 0.7082130495171732 0.7077025711989163 0.669037586055234 0.65187883574611 0.6588730426517909 0.6620940445731646 0.6492068401591298 0.6449575501311487 0.6346188818578472
0.6447189829311921 0.6530929007339561 0.6452645207448049 0.6958185813667204 0.7265440519524998 0.7239680045645224 0.7118594929403577 0.7400947092805811 0.718044253127613 0.7699033661273158 0.7312577965542567 0.7594144217540226 0.7224361403055105 0.7143160789736733 0.7345974657155412 0.7272716551533139 0.7360710304218336 0.7861199047043866 0.7975965506272205 0.810187283814133 0.7826040416263369 0.7425557549898499 0.7727986969541336 0.7945566707005679 0.8062355606126987 0.8653689179212621 0.8369523765932787 0.7827160915873889 0.7953197017754646 0.7700610380008707 0.7606930849086107 0.7370961304137336 0.7800278328112006 0.7806506839094494 0.7182762792296389 0.6892374387997839 0.677041789890296 0.686128089025505 0.6758916764747516 0.6701901894384329 0.6601595461281792 0.6878239056418141 0.6863566790580817
0.5944777977861508 0.6176988896622007 0.6219379924472762 0.6658671759846673 0.6537854926628452 0.684753673287248 0.6518372266720078 0.706471888535564 0.7197306904602924 0.7214058328037622 0.729164590712233 0.7116247584144063 0.7145500161115752 0.707971654071012 0.7418191375042971 0.7416082324455922 0.7493174027567385 0.7900512069346441 0.7868332715514436 0.8099269216800606 0.7910859786685054 0.7668891142607714 0.7799031929261978 0.7953678707324421 0.8382165026094403 0.8407124704678901 0.8309503974284962 0.8339494910720349 0.8265720314237753 0.7945465280701082 0.787419538902484 0.7912033889540915 0.7968708618251236 0.7691110925149129 0.7511270604666331 0.7332052681169 0.7039057616508154 0.7198557203292095 0.697966886268982 0.7009338170161628 0.7012834230826599 0.7278957395572181 0.7115251323863618
0.5511874381631515 0.577032689340542 0.5897840880614494 0.6196639871652154 0.620346879450656 0.6107018372064826 0.641976645156851 0.6273986030369711 0.6564547679488039 0.6917685299707085 0.6949629894296956 0.7004948056484868 0.691607192931261 0.7209344851252573 0.7302785583534595 0.7665632232891504 0.7808909078846716 0.7982523656321844 0.8024082727447358 0.803884417088721 0.804544663117808 0.7526624872552821 0.7857916282925396 0.8139818335070218 0.8186250058624677 0.8242951507859545 0.8385811801835413 0.8283068871114602 0.831289077595906 0.8509015246468473 0.8118340769348513 0.8133834107717244 0.7924356706719496 0.7672880203004744 0.7468704235840228 0.768940658294953 0.7314995598182703 0.707798854646502 0.7109638993388889 0.750885985124658 0.7556183473045183 0.7645414424712749 0.7664479674837671
0.5527216064972453 0.5539968374441514 0.5854469746753458 0.5875032760354002 0.591416024568977 0.601574358724745 0.5993802203353791 0.5956528670729687 0.6187700021777234 0.6625108746195276 0.6592801410607677 0.6713480744912654 0.6695914842983812 0.7107680848425448 0.7109102425209668 0.7482582484946871 0.7587075097468675 0.782663087679079 0.7907229589174666 0.8031568560930112 0.7906667482571214 0.7573115068986762 0.7515942716078462 0.778132669406336 0.758360150484877 0.7772387328759682 0.8017435237529826 0.8409293089307623 0.8380100483709837 0.8545916205603916 0.8156304616357631 0.8071138682230617 0.8046701902002705 0.8184364358726895 0.7763204176284834 0.7879855820063374 0.7398521791984684 0.7435844306641922 0.7178782724579983 0.7594848155828293 0.7481625012382976 0.779076288336255 0.7851734275251634
0.5377885502907102 0.5157289885894599 0.5885224578150464 0.5999724334755908 0.5908607636171709 0.5508821818100385 0.5593001579219524 0.592084977476004 0.5897878118108696 0.593027517248147 0.6282722407336745 0.614147341482336 0.6116372621675225 0.645242705495181 0.6750004230365 0.6928741368207011 0.7439625133582946 0.7623676666990761 0.7949517952881732 0.7869024442899367 0.7932046028090226 0.7865612260105078 0.7625133645860143 0.7322397093007926 0.7617135990726885 0.7334121308808724 0.7805059033575209 0.8017393147431495 0.7963368816756285 0.8296351403710337 0.8247621549564845 0.8102354023404287 0.8103990135129879 0.8312512916941577 0.7932304633417637 0.7780734838658954 0.7723430400557377 0.7285274351848365 0.7199950914962048 0.72839152946402 0.7406453542909218 0.7520859993397498 0.7926487154869193
0.5033565704833908 0.5082449353514167 0.5661569660006005 0.5873405201774682 0.5854067671860108 0.5533442387443742 0.5828510110604395 0.5948418657030113 0.578455907731025 0.5962166353239174 0.5920177969132461 0.6257263772533554 0.6159534617944702 0.6225139166987648 0.6297334283350824 0.6460646715637389 0.6781584741998383 0.7018015726840241 0.7498175747157882 0.7810516877932844 0.7878881975919814 0.7631342594997602 0.7649551368938716 0.7424305437700159 0.7428436610687764 0.7476122501234774 0.7373712706106134 0.7530023153870503 0.7712663155783173 0.8152286795934947 0.7903707939698859 0.8270213882343295 0.8394540567687186 0.8148681609800777 0.8164299617916121 0.812296685763904 0.7890395301249858 0.7699879803747628 0.7574165186664067 0.7458755869731343 0.7684017467534312 0.7860987689273785 0.7679891450447779
0.5063002340428135 0.5134874755604023 0.5672920779101724 0.5601104974504569 0.566819417334813 0.5835096801769581 0.5978820716845387 0.6001369665170956 0.5881839535536244 0.6251325185661653 0.6265538454495292 0.6158518235378676 0.6026264804282023 0.6255963403035273 0.6419668607741369 0.631745906487644 0.6756696408775887 0.6834831088640463 0.7251483483996822 0.7210510348216164 0.7403763839084485 0.7804706336756304 0.7713326045083171 0.747366467614237 0.7172971638734228 0.7117006873692214 0.7512983770439969 0.7762154933104624 0.7843291830842752 0.7716368486936257 0.7747640842127111 0.8349203898214286 0.8214475891442653 0.8036019004832273 0.8262412938293258 0.8484679113867605 0.7928904620728062 0.7875159797728214 0.79761347932825 0.7659472047436823 0.775755258119818 0.7970744247741873 0.7809578358002481
0.5062590448766346 0.5069979417050532 0.5553418575585214 0.5718571275201779 0.5530640684027852 0.5847306761185636 0.576757574726988 0.5919591334100072 0.588021061286554 0.5762697441613533 0.6159946660338639 0.5981152977279618 0.6001578865597577 0.5778838718353924 0.5930196914510576 0.6242592953005414 0.6331247679658659 0.6708222058290139 0.6898233094028842 0.7195752700045359 0.7538985013169596 0.7622472851243937 0.7575211958762224 0.7237297171000519 0.7196423439742881 0.7268863575374663 0.7630246361502185 0.7622659023150692 0.7538318007939516 0.761425854964664 0.7733879518039962 0.829691208642406 0.8385225505599495 0.8507193022256235 0.8594852413954316 0.8490090819666625 0.8278166545000032 0.8232353946186218 0.8028312938341815 0.7987479817823726 0.7997664423524461 0.8195605479487811 0.8148429961192097
0.4882644643663767 0.504671347016863 0.525756286791239 0.5832734656831329 0.594616949124697 0.5766108799884255 0.5616535196252664 0.5518683238442117 0.5724048529822403 0.5545209597515542 0.6093775902592725 0.6028319406184868 0.5994536425877076 0.5613218721990803 0.5905861251077478 0.5964092780424746 0.6432028220034558 0.6362784864061461 0.6993786326601372 0.7085783568005452 0.7100158116129417 0.7518991265219231 0.7431272584140474 0.7301953849467663 0.7153551663521104 0.721659910540965 0.771846373200797 0.7907624103071701 0.770252375392609 0.7464821619075599 0.7810673391466382 0.8291054426268154 0.8492097037908803 0.8655105531649662 0.8285178531844287 0.8520137846991429 0.8603805559242419 0.832083457799636 0.8142589533305054 0.8196126327713044 0.813290227703488 0.8496230828550259 0.8316782729350833
0.4917005558003323 0.5188800428114055 0.5068875537279323 0.5741007312621789 0.5924219186898261 0.5972986637972144 0.5745548344803811 0.5567122998302134 0.5689403446787876 0.5877499293196083 0.5802503570653771 0.6119792066134864 0.5813062433947428 0.5779793592288571 0.598138344409456 0.6293044818533795 0.6213365141835111 0.6656095521621299 0.6915150485186385 0.7047557316636474 0.7096843688892871 0.729805915849401 0.7246792470795854 0.7361787478915524 0.6963466615346514 0.7109029291131135 0.7619766254270247 0.7982434096581624 0.7793618845861308 0.7971832682968685 0.783840002644483 0.8087019037862562 0.8369180139684125 0.8502910688384355 0.835375753929368 0.8293820744351815 0.8502028156435595 0.8246302130437148 0.8184130826633192 0.8092450932680867 0.846531528892898 0.7995217342473133 0.7970560798814997
0.5017782876634529 0.47919531546787913 0.5389438328224864 0.55232823029634 0.5575699667354379 0.5833376720992939 0.5615543789863302 0.5593077135818054 0.5893640213122904 0.6215160047116033 0.6219486144377269 0.6167243327395592 0.5977253490003132 0.604392151819709 0.5913828086095174 0.6411843708645288 0.6235135176602908 0.6401502840609503 0.6598409569342085 0.7022081127781005 0.7216190131338727 0.7355410067291639 0.7354126135407811 0.7183648935164106 0.682628450042505 0.6905571363581684 0.7349384198194138 0.7743716210407878 0.7879135368929361 0.7981972381709516 0.8121010047875661 0.8071940450596068 0.8473513307271071 0.85863568574272 0.8111117446146889 0.7947266205843989 0.8268389883818507 0.8320185776408657 0.8519608548214029 0.8356442792490171 0.8370974920270606 0.7854744966721454 0.7955654338107733
0.5013253505144386 0.4880221265833277 0.5207415703608752 0.5078829810431155 0.5286079020525558 0.5773872669877176 0.5486209819627074 0.5415455937170643 0.6034849286436953 0.6286174942921973 0.6231071023403769 0.6329511544872987 0.5993498702887137 0.6012706973882982 0.5888435662463318 0.6112162178217997 0.627048494335343 0.6495950361895355 0.6673441938719437 0.7167909495355004 0.7331780201085137 0.7133286358802456 0.7327843908168965 0.7098906891737112 0.7187996526569864 0.6862416293958171 0.7129183432030227 0.7535654793101982 0.7837882598802658 0.7939153631872151 0.8001128510635015 0.8239997651166229 0.8037564837702511 0.8008522985809727 0.8151789290588276 0.7844013082252357 0.8013164255663089 0.8378032785162877 0.827264562535023 0.8411596579190381 0.8147657946610285 0.7619965496070678 0.7774205509148541
0.5092527810394419 0.5037738656194963 0.4779303982169758 0.4942380209968067 0.5140256935612088 0.5579823374027922 0.5404288079198126 0.5411177242189074 0.5585242708254088 0.6158404361894605 0.5980055240347995 0.6053745469647697 0.5954142573705848 0.598680572295738 0.5754872203486124 0.6012241870811386 0.6170238767476275 0.6448592104525036 0.6556727184226651 0.6811412962679894 0.6936113691667526 0.7206453524205028 0.7283744700350413 0.6848689081068774 0.6971582648099183 0.6887442486544753 0.6761457751704868 0.7031869625703803 0.7356495068995992 0.7811162875411176 0.7851603127174456 0.8164202558764001 0.8310679793020922 0.8143380186192066 0.7813141835529611 0.7849130882149249 0.8049885155480009 0.8104896849795068 0.7920391580304328 0.7987428352120806 0.795019294454521 0.7645518508383399 0.7589160356974362
0.4768444273106022 0.47333629478614897 0.48578734508734356 0.48948152441835263 0.527669638684651 0.5304441263541093 0.5545457358529436 0.5695349430770733 0.5610873181989737 0.5602870016692839 0.5874155036347363 0.5961021981406109 0.6017967095521592 0.5891540362588743 0.5911249541066236 0.5956096374817706 0.6219299344271523 0.6297615390097994 0.6512179808726878 0.6880363625521209 0.6938850103640534 0.736487891722806 0.7068419051253013 0.7273357002796508 0.7100717613015015 0.6985172287754525 0.6963803218250669 0.7186652478790568 0.7319344074908339 0.7935205216057014 0.7765274314832683 0.8038580738562963 0.82322090815891 0.8292324316636428 0.7822654737613389 0.7933997559723511 0.8102253238091339 0.8300110594244954 0.792774381551533 0.7762622397531702 0.8172711841656198 0.8174978371485387 0.7846307553310559
0.43045114751191454 0.4419354709831797 0.4534838527029705 0.4950313591259345 0.49677348042156905 0.5573076118594621 0.5536119188249152 0.5267258315190232 0.5450235244956616 0.5666547555181334 0.5857220373108776 0.6073178935219053 0.6249502844057891 0.6111195785517365 0.6118920358921107 0.6260336081600281 0.6613426128748587 0.675195060286534 0.699235715727479 0.6704962016000162 0.681923259015017 0.7318143713597449 0.7350972256957995 0.759743820373874 0.7618139191781808 0.7087818236861434 0.7239646871276869 0.7338601604315421 0.7270148268795564 0.7975279538214247 0.7691020883014367 0.8051475045313202 0.7829513391636688 0.8037314445047212 0.7883068576129781 0.8048990911373206 0.7965944928397455 0.8092102019553551 0.7906100960062354 0.7673477828201982 0.7865538688968 0.8423125461540745 0.7943543001000215
0.3905935410982522 0.4074145643653543 0.4419424491899776 0.4854566514939212 0.5050674300729819 0.5362867380082031 0.5567730407912969 0.5440100837998262 0.5342601973742354 0.5607357553846531 0.5576039897443553 0.6106408268059721 0.6061053950236379 0.6451205340316968 0.6479571712991063 0.6186080085405921 0.6390205542609868 0.6514394916929835 0.7073080301460472 0.6987058032626223 0.7125103347359806 0.7079409996447306 0.7684882734542461 0.7648756136738903 0.7701997150685271 0.7383305795363743 0.7588497075644683 0.7604708210928182 0.7394581078496512 0.7619198046179413 0.7780880682900555 0.7836270902051163 0.7623816048976887 0.7646637248040744 0.7481907220020342 0.7535842569573049 0.7473442554579923 0.7571680364651117 0.7627734842258005 0.7933784732049282 0.8082172609840463 0.8626271570830347 0.8425539565783712
0.4176808153429454 0.38304999651404775 0.40713275721647346 0.4594436304329677 0.49856051864155526 0.537353838048094 0.532321659876996 0.5553319079702624 0.5249813157589343 0.5363999888388462 0.5545943705297579 0.5737863359877675 0.6217845329756246 0.626639872690565 0.6174641954364354 0.6361438158133138 0.664276545184059 0.6662090877426203 0.716515199561187 0.7241765691875618 0.7177862548253257 0.7125706637795365 0.7436519664450525 0.7957726474584146 0.7888898795942321 0.7970349752983222 0.7408574383707307 0.7172970299269719 0.7556425259886377 0.7681170251580373 0.7529051020453712 0.7213426299434864 0.7503776034005948 0.7038605004549949 0.7121368693370955 0.7130675443480423 0.7137950561769021 0.7387931312124434 0.7833836096786237 0.8051293636169469 0.8609628016611464 0.8954665219189992 0.8430414080309411
