Raster_benchmarking/continuous/raster-87.asc
NCOLS 100
NROWS 100
XLLCORNER 1743157.4267258055
YLLCORNER 5469278.70078612
CELLSIZE 10
NODATA_VALUE -9999
[rows 0 to 18 of 100, columns 43 to 85 of 100]
0.3746191921063301 0.33944483768991457 0.3244839428671746 0.33283239796414466 0.30516208947606477 0.34914391666564426 0.3211807089024078 0.22316297890710315 0.222642267985452 0.1495619796578161 0.11399288462313104 0.09532309078483392 0.20342969449025614 0.23064209568221317 0.20546960959905966 0.24751388663450047 0.2669826505865062 0.2523609382841108 0.21550677168764146 0.257692071954443 0.22222155189927295 0.23326519342128355 0.17492121378514752 0.11482267555948365 0.15345413290861312 0.12463876790943741 0.09253841128401466 0.0015976099715514086 0.09473539831343997 0.06920267694730196 0.13004140631266922 0.21035188796771243 0.18211925643873958 0.2287267219749122 0.21197114910489756 0.2379774189940708 0.26388548944516926 0.35628970521264547 0.37837738914207025 0.33069886500163775 0.3616387564842368 0.41422339714907275 0.4131413906758078
0.3959112118659262 0.386979807497251 0.37250942360706557 0.3235751002972536 0.30505694780167864 0.2911925200019776 0.28676792280413893 0.2493328190716019 0.22136941212839714 0.1723466109517416 0.09954567168557567 0.09884773222182655 0.1736876765991134 0.22575213263083113 0.2209099380465591 0.24046358246613325 0.2089931587170763 0.26247319485184306 0.22941698830404095 0.2360829557674791 0.16617255986572088 0.14044854963725958 0.1602860476062427 0.10172647484145442 0.12550551367307833 0.11267578301647466 0.0677028027708881 0.032839358829411316 0.0758918779117584 0.12323332348910429 0.1372839120200513 0.1504801703068991 0.19539563364759094 0.21838495217359497 0.20356266467566492 0.1819922880228312 0.24805005064253044 0.34538318997148026 0.31711958589280254 0.32189424026375246 0.3999922584490696 0.39372760627459874 0.4438531818200932
0.407032406128021 0.3393070127664864 0.37208229948522337 0.33672750455123723 0.2809467702359025 0.2807513013278025 0.27555549861156875 0.25255270236881916 0.20811156897500943 0.13674854110778775 0.13758561958877083 0.16333300687983102 0.20338894805526914 0.20121041120573926 0.24380214106060139 0.27388701232508433 0.2630654795873751 0.21325776711711264 0.19391906627291028 0.1460030416764097 0.11335006776965725 0.09640181661607318 0.11854634050585695 0.06403390201175906 0.10574130845509058 0.1134167958742624 0.09470964535110038 0.028367855335782184 0.06343800522356792 0.09797904909580496 0.09796391264741142 0.07542182148246676 0.14516113430635855 0.17053961669467926 0.19296526536433878 0.18226452109774735 0.25820535396914623 0.33001698328186896 0.36661622905260477 0.3457073090569474 0.38755007683662407 0.4600061858560776 0.4487284424123866
0.34425358689800534 0.3506253092360744 0.3710364059959507 0.3916552822398215 0.32138777297810633 0.30922509852888347 0.2657522628950836 0.226699086248082 0.16996062273099868 0.10146294037164717 0.11775734613839993 0.09386592838840883 0.12743415972444433 0.11769546058652593 0.16280043228095342 0.23679778452817177 0.24673945274800557 0.18191438318148803 0.18378811499064024 0.11709542135493514 0.12941355042415728 0.12747364718945012 0.13852393254059828 0.15034922410317839 0.13470394920812973 0.10797767863308871 0.10377491281073022 0.05501871122956872 0.016660978732777637 0.013334239232087002 0.0594437755108888 0.05502094355895835 0.16969839458000902 0.19215276527669273 0.23423922065713743 0.2553363904396382 0.23758220455878304 0.29166027932183186 0.35478788604943845 0.4078595492768168 0.4215659759437252 0.47690030850244336 0.47985614150600664
0.3553667160298863 0.38979774662451394 0.4094832672999328 0.3999621857608575 0.38724266660342777 0.3472559494841019 0.2166598346784206 0.1474789507161037 0.15823257464268717 0.09205049817752196 0.10834841348276558 0.043974370005944806 0.10600804391069177 0.08554789039946073 0.15808466881585762 0.17669161000158626 0.1996997636567611 0.22743309955454463 0.19629867157801045 0.12051160052398824 0.14505684471273209 0.15398827208780425 0.09880403448333011 0.14683276649951216 0.11739712604936965 0.12483848863900074 0.0932178184439475 0.021564792816838128 0.03611452381076662 0.024989909577260855 0.08017378690075279 0.0673806338502327 0.14783595748757317 0.2378405135870703 0.20541809744915593 0.22614648181667382 0.2551549105454591 0.352384078534562 0.36330060388259955 0.40576382135303396 0.4548427744572225 0.4923238513857411 0.4828703544111033
0.3849885530814621 0.4009205067375843 0.3589877675630079 0.3677096859516161 0.3943497064616765 0.32569000311574786 0.2559686324573238 0.1881173355942815 0.14037611408259457 0.07490345093392371 0.06580076545069702 0.10923663028576595 0.1013484841685014 0.17636676480920857 0.2025997051897721 0.19194425371104668 0.19611860914131266 0.1694113944289091 0.1821795323444973 0.13349094212683632 0.16677266936077853 0.10385398690892986 0.08543680332630224 0.14009708670063312 0.10776244243950628 0.07971131001903292 0.09814637171540086 0.04612161484610576 0.05878829924834141 0.0 0.02718435704185939 0.10274882475501039 0.14527585542524382 0.1947217922504267 0.2139352428866554 0.24124021279315866 0.31202660317552156 0.40186932511229145 0.40869266833679296 0.4648923969843292 0.47269105314838594 0.4563103620853777 0.4718836883065168
0.48825331151068146 0.43330683113410373 0.400292796032403 0.360722294013757 0.35523524607991225 0.3385508333828264 0.3260359984416861 0.29990049264814106 0.1929721212811992 0.1367828639009341 0.09946776389684978 0.07582795777708984 0.12591960196264002 0.17871896268314655 0.15907283049090198 0.21497375018051415 0.22378907520016722 0.206653881563194 0.22279132551770786 0.18155915761034216 0.14956620455366745 0.0852049354999699 0.11317568424837596 0.0808520230449778 0.09745387870960169 0.10674882311392382 0.11441461768647421 0.09296445489842223 0.03452816466535614 0.03547001288238673 0.09102657588949854 0.10712388964042967 0.18770811039648425 0.2724701854087437 0.24804112737252165 0.27121885311797145 0.34497183896410205 0.4183721415468347 0.4637352945691637 0.4332741067680535 0.5160976625452374 0.5153870430982157 0.5426471578689519
0.5382806827151557 0.48790362782843755 0.4132622588166612 0.42424789513815336 0.39308727119165693 0.3772339485353264 0.32164085818365423 0.3266138070391442 0.25562033687065167 0.17534901453572482 0.10466064100737046 0.1551798109953058 0.16761700800729817 0.1362343610292574 0.1807291489303915 0.23597213169964917 0.2369809611002328 0.23909213972801077 0.20218864927126562 0.1814078916264286 0.10295429630656999 0.11464220461319624 0.08822699514247095 0.10152560537618383 0.08578606031863069 0.11055672200915496 0.07269111936729535 0.08245507451126567 0.10098827511337123 0.09737612035133789 0.13807341588409838 0.1955937888999758 0.19852838267672926 0.2748213542784791 0.30038366034288677 0.33497096855365766 0.35863292068264063 0.4403205499825682 0.48190172061608805 0.4978172703090397 0.496551467677411 0.49670318500949656 0.5122045399418201
0.5857078454695536 0.5572409460708266 0.46175764970514016 0.438624666188973 0.4087632895372612 0.3947266044679805 0.3217207002141226 0.3278265015119227 0.24066246987844314 0.19912548905286578 0.17886761942218313 0.1382305977365147 0.15516556268589915 0.15956821969099802 0.2226428036182463 0.26768664223143296 0.26078061717697504 0.2391397481309839 0.16578080363676487 0.19120883116410928 0.09962646666519986 0.08978303493737129 0.07296448592750313 0.03627849538253891 0.02767249149747822 0.059299670504762994 0.08646616705285856 0.04734999883374335 0.10882848422987045 0.14808820312475396 0.18916436714058998 0.22360624355592137 0.23588281425366792 0.2485457500878338 0.2920365604593123 0.3711734525206395 0.4247301282320735 0.47392577500872396 0.5063839235604062 0.5105681555986512 0.47464903798754376 0.5002401562999372 0.5626600023554512
0.5681481774866112 0.599016913115042 0.5502503866495262 0.49658844189038953 0.4149774633590569 0.3765541497612761 0.33369694975596526 0.29466616425949066 0.25592245166155525 0.2559667694198079 0.24740289348091327 0.2494787531106919 0.23104904433248122 0.24389648319597212 0.2445800446595259 0.24860156294787822 0.21203349478585704 0.18808358366812672 0.1810419863867235 0.13779089635543412 0.14419646092155142 0.06652401754012362 0.050491812000202876 0.05085981735264184 0.057521543389752974 0.10688761312467004 0.12432577494157308 0.09739829534973875 0.11657982063868358 0.11980171429016687 0.18840021039083268 0.24618789823206103 0.22981258849635125 0.2533753677102394 0.31324821662510904 0.36565943822453006 0.3952761683190677 0.3890777120066806 0.4696609532285442 0.49286819410093347 0.48094715575422553 0.5658565199627063 0.5892372823023473
0.6426888508652718 0.5840132558025197 0.5173908105331365 0.4923933687237625 0.39800781615475506 0.33170893077668673 0.36675612411622294 0.3191059168170291 0.26108980330179266 0.21718784955694034 0.23749975773352586 0.30068283346712743 0.24536449828962317 0.3034054008211676 0.27649302176459956 0.3021243828522459 0.25794486219493384 0.18973462805139676 0.17639097238124285 0.1359562042400113 0.1444402250638974 0.09961695330947279 0.10383650621768735 0.0994845244147097 0.10682279511487186 0.1325931192146429 0.15606410006311947 0.16746701820395896 0.14946316060476336 0.145251169030191 0.22610433929993354 0.27721755723459685 0.24275115608569184 0.2606075340308609 0.30229939692000335 0.30145991134947764 0.37341787917803076 0.3636347139200859 0.4196651368993648 0.4237183027717912 0.5210868947651716 0.6134089193695811 0.5819968871893261
0.6489129222474671 0.5671759154311224 0.563040041243755 0.4507880194053835 0.4435145238914151 0.36181091576276736 0.34874722723420537 0.3446380773506209 0.3041082703940704 0.2450957006267371 0.2616432504203995 0.2832194532817472 0.2722052905552598 0.2470986983833728 0.28773627939701535 0.28474619152398356 0.21779612048600203 0.2284654879621135 0.16820947721238258 0.1069269006552618 0.12867107526985327 0.11056602392405677 0.11752093155497192 0.09269876981895835 0.10863023894027357 0.11426563714969916 0.167899643738984 0.15559721677006252 0.18416918701318646 0.1756490184212861 0.17340723451680418 0.2106251140649209 0.2394154589020688 0.3126756662626168 0.31290787103691836 0.3193820105969777 0.3778214886281048 0.39662660777690595 0.3928417857286529 0.430469553958049 0.49434906669725925 0.5900359272924112 0.5791630269933808
0.5967369162180785 0.604315638258873 0.5313393783835568 0.4563732748499549 0.46633962824473263 0.3887767091621983 0.38107145537104287 0.3615126613216999 0.34275053886218526 0.27398435997358833 0.33277624075968876 0.2882033954866419 0.29706564328148766 0.22192701914409396 0.26177876138980094 0.2708526874270664 0.22575338607700532 0.22378079953801852 0.14271297070412145 0.12630270862748713 0.13879094312142554 0.12540165003768317 0.17495371301309334 0.19038392743606122 0.1884118563241792 0.1535514960243338 0.1880375191711442 0.21221789625600182 0.16989885986620393 0.13658395091795222 0.1602746184268019 0.22404255036573145 0.31445360515388754 0.34005550563489173 0.34717380305515855 0.37547101356281926 0.41624930176909974 0.45329832131098086 0.45167867680352874 0.45290192389052847 0.46105598142317694 0.541749816238345 0.5921331520740406
0.5815502586485698 0.6053325446686783 0.550339245296619 0.4820417055951919 0.4839363750133866 0.43922577017393016 0.46253199380203913 0.3821841896519686 0.38204137409066385 0.37237860429111747 0.3579312937170038 0.34441690952711024 0.2877975865141432 0.2276888315858803 0.2756742204417497 0.25439888189802 0.26091908115549517 0.2403417786226399 0.1794879791990946 0.20800503936635395 0.18731314872043847 0.18457110780925137 0.17645841206034482 0.22201639829150113 0.17874667721030293 0.13855778517353318 0.17346181791081217 0.1726278079060724 0.21103512031406133 0.19038419263553288 0.18377571871716988 0.24309647039948984 0.30874164188113096 0.30449728228136014 0.35671299237828236 0.3836941109165872 0.44214615990260187 0.490709599220394 0.47101192855408847 0.4918311418772818 0.49344176059957273 0.5307222368550638 0.580955000963888
0.5606109813999701 0.5755095508747333 0.5858587706245825 0.5254877453088839 0.558812701370091 0.5147665152626896 0.44537499011960097 0.4613267834284694 0.42656299523223185 0.38614456927699864 0.3412776098179496 0.33686623290951706 0.27574049990831595 0.27399936625152943 0.2253365371484831 0.19538071952335553 0.2091314944232412 0.20587765489409113 0.2328987251204041 0.22949492673068178 0.21416702227250764 0.2247729798932031 0.2466425639801461 0.21304157466410528 0.19277787475225056 0.19388740235489915 0.2150133550164404 0.24556317015348506 0.22510028747933056 0.19744923289119898 0.20275235570010064 0.23066983406543487 0.3286067323393632 0.36692048888780054 0.3747491456430619 0.43704915054809 0.4273284958588027 0.45336568153364065 0.44082012102717605 0.4567484441435399 0.4744229500663601 0.48937700797956774 0.5681094804852675
0.6229922477715465 0.6092375684228551 0.57601268616092 0.5912551329687168 0.5629140000741683 0.48953072507329537 0.4487376998318426 0.4469495326604269 0.3903581181556011 0.3948076169839199 0.36728093244624826 0.3209737745833678 0.27610577755889615 0.2631822860904259 0.20751152830142902 0.2352910411256576 0.18889696254334631 0.18442130130660106 0.2582708754480435 0.2687217519731147 0.24888025523052013 0.24432284711341265 0.22213222931443163 0.2143285097889807 0.2033356228125557 0.23798673388786296 0.23698860959351034 0.2650760104660376 0.28128453454181707 0.2748045107125924 0.26969894738710265 0.27339897604397356 0.3269846236288874 0.3833607644243817 0.3856467834810824 0.41277459862117616 0.3874012105379434 0.39910484278895075 0.46992918979496967 0.42111498548311027 0.44133884705501075 0.47668109049961177 0.4927386928460833
0.6183711455985548 0.5989309363118439 0.5843730165110943 0.5743538037852404 0.5143082730376688 0.5107243522264424 0.49598928015720833 0.4464260047156572 0.35102187013637254 0.3309875982704628 0.3384029753734393 0.2881338563717005 0.21497836497845824 0.21241428981320737 0.22533079684899718 0.20723326795907446 0.22011605194440328 0.17977281159359543 0.2505812678242133 0.27984443771203993 0.2252333543958812 0.21254106975243667 0.19730328763615332 0.1996813279889163 0.23414057062202262 0.28168853755267875 0.2775678805969653 0.2719624254241078 0.30480150073369877 0.26152256544133856 0.2551181490201144 0.2440516257138231 0.2845486229975191 0.3626058481654411 0.33622812538304836 0.37253382465774104 0.38887438377661465 0.4396908379026092 0.4805711276961606 0.4472230012413188 0.44584587317275837 0.466074929818527 0.4826159440295054
0.5855581932717798 0.5436946485179549 0.5530607296283786 0.49560024117859436 0.46768966727215505 0.4653798699725925 0.42883703087817904 0.4039866219599134 0.37569778496673634 0.324936868823325 0.28338710065134115 0.31076029316523335 0.23628475671274404 0.20520681507884758 0.2513143850803506 0.26625883690537816 0.25099870555624243 0.19141225853904698 0.2110011933365375 0.20147410415947284 0.22054546391306787 0.2104964342503502 0.2390120095579088 0.22386523705007003 0.2884887033701906 0.2990749113321535 0.24828720301556279 0.2527072787713882 0.26471932911396395 0.30669799264901376 0.2506453330240851 0.30718445132645805 0.329453249055336 0.36178331430419325 0.3348661021443036 0.3875458757787744 0.39125196002631185 0.43996658020844875 0.441402648355005 0.41893609641095714 0.4278790973170752 0.4740205557245677 0.43320673213578287
0.6097642770418922 0.5693437101781165 0.5631922702345121 0.47175420037428656 0.4282860077223369 0.4282311702225344 0.42348710526959227 0.4439698914848051 0.4277918531302174 0.3818810919759576 0.3600244454202634 0.2846386386345506 0.25506045335917654 0.20382119792620051 0.22039947537892432 0.26187617566265636 0.2624757099478488 0.22307058788050402 0.24717396439194275 0.20134450437641233 0.23109693089349798 0.23985221615391136 0.2533873363298219 0.29526565097369667 0.3074598198036704 0.27759871743603237 0.31748333091253705 0.288159561368682 0.3107409825400602 0.30865634650953644 0.32401230221210714 0.3054183511142786 0.3583594278222077 0.3650325897298906 0.3326217734568842 0.34542137650686233 0.4054043466216337 0.44666187889930403 0.48342514845835705 0.4750390934169549 0.4369891100555197 0.4231557761005496 0.43766565864740886
