Raster_benchmarking/continuous/raster-433.asc
NCOLS 100
NROWS 100
XLLCORNER 1743149.6950307102
YLLCORNER 5469282.112668664
CELLSIZE 10
NODATA_VALUE -9999
[rows 19 to 37 of 100, columns 0 to 41 of 100]
0.41715223931255374 0.4096149496327153 0.41438813487069304 0.4063342484764006 0.45118035212786245 0.4827219893525085 0.5493122485366388 0.5219363400000641 0.5349469175292324 0.5742388236245656 0.568623410099972 0.5508455495370226 0.5418858108522417 0.5036691180751568 0.4481325906780187 0.4818185906123363 0.459056156845159 0.4331948764068776 0.44430449499378977 0.4815586996260118 0.5344316983512325 0.5964952040010839 0.6006936200092002 0.5963514646359545 0.5640025288322082 0.5097083500455372 0.5296089986453442 0.5649985583160323 0.5498242731152294 0.5285324374813593 0.5025347715847893 0.46188934096363504 0.41264469236597767 0.4363148660054476 0.45454926798631856 0.43122356909932535 0.47021959559633314 0.48246642597231576 0.5122869002869653 0.4700679147137825 0.5256784910135728 0.5791006599925103
0.39662778061227055 0.37825430397417087 0.33471767168616945 0.38492442264199084 0.428854044570479 0.4316874046143048 0.5080772495976181 0.5269547937234642 0.5620049948150877 0.5414596136328437 0.5157065100306392 0.5681744968006818 0.5637464164704139 0.5561883069614452 0.48852637486106143 0.4853996768755323 0.5253934591629804 0.48522004611880154 0.47417679660323797 0.48478029538101647 0.5644546464824001 0.5691540808416949 0.6121274780532198 0.6399764711654072 0.5738353829967437 0.6148400857511443 0.6171408283714618 0.6151815146258631 0.5836750238424353 0.5640392342874915 0.5746326671368223 0.48021316605797254 0.4379665052291038 0.4398752898878163 0.42898642961633787 0.4285573065458286 0.4787850106015613 0.5087037009595049 0.4870601451665616 0.5338585866381766 0.5064705979246882 0.5538915352491368
0.35158291548849946 0.33997764955623383 0.30934503274651315 0.36009497282351993 0.45221511870838277 0.4319094699662951 0.470226703198724 0.5231708497863002 0.4855768743748991 0.5098365355288635 0.47778864866575904 0.5575610856298514 0.603515362967047 0.5568433225012149 0.5572033796084573 0.572393808954136 0.5868755961542287 0.5449885564570793 0.5154655934406827 0.580313568980975 0.6252795069893149 0.6638270054231304 0.6978390861264047 0.6815172960861067 0.6810587850405713 0.6399203008599121 0.6611447331694055 0.6620618022917217 0.5942543391421842 0.6007774285358439 0.5640405368393671 0.5028190403966458 0.44095516072684354 0.4442765169714828 0.4338526570474953 0.4960909213440855 0.5103561144842629 0.514577054156334 0.5325529069006034 0.5562763815797113 0.5345138203834794 0.5254535552024793
0.3438701819683873 0.3220346654700247 0.29791163257252706 0.4011456157191915 0.4302230057432415 0.44151844198984946 0.5008803960492988 0.45647291085228886 0.4390732096118997 0.4408367042163274 0.49231468204802276 0.5650020365682142 0.5785095478100717 0.5716435870065281 0.5853373674493445 0.5921094375509178 0.5688709467197731 0.5494024987852527 0.5970586319937444 0.6330714685972758 0.6312431231970747 0.6355002860294656 0.7132831922124514 0.6703679206761727 0.704422153717455 0.6772400107933713 0.6704994126418862 0.618818667468685 0.6204110462832213 0.6009216053128211 0.5933243687439397 0.5058909721814845 0.438757566184389 0.43175210956046145 0.4667357348523035 0.4657559310918775 0.5023151252050456 0.5134748573245631 0.5246477826940239 0.5265361713789806 0.5745739408822076 0.5454730074732475
0.35205643658043095 0.29744219155942964 0.3188538110782419 0.37178373564533895 0.42326795685285074 0.435091424905481 0.46124808816143453 0.4447738530643002 0.4316619624671002 0.4190299587266151 0.49961511743034714 0.4877083387624733 0.5050589375668944 0.5389292823816977 0.5478573107303683 0.5420165309663636 0.5975410948551438 0.6219029808336602 0.6323756271018285 0.6055579735565296 0.6096067429625955 0.6822924995287728 0.7380903502416937 0.6910539161582943 0.6467942175445202 0.6623024856347818 0.6892396493479717 0.6860231121328524 0.6506399592321843 0.5619346537974117 0.5462730833109977 0.516545358915518 0.46086503870120765 0.47064828698055305 0.4337860035600407 0.5055271962471922 0.5153599253933353 0.5413051595660093 0.600239458792363 0.6106439825827199 0.5771355887071627 0.5380624102723909
0.36164265403174684 0.2856736583776039 0.3197123592425717 0.3263993053036926 0.32731380353997586 0.3848169694573319 0.484514380166605 0.49079705510041927 0.4074387983342379 0.4218812026839902 0.4953287618619778 0.47727098775136517 0.5167374455805701 0.48787105200711933 0.4834824000881227 0.5341484285997798 0.5547376121119016 0.6009684529434721 0.6613282152679038 0.6177036400300417 0.6512815455198445 0.705722300848132 0.7641435557334005 0.7499437408895537 0.682624958204537 0.7256157213076379 0.7487184888025179 0.687447696797249 0.6320611291684305 0.5539062720926285 0.55672322954734 0.5562054601082679 0.4863526443546814 0.42072818257674466 0.41766499605280727 0.5121418618047079 0.5523672538850767 0.587378723532909 0.5895235028380404 0.6201970888849804 0.622286241949422 0.6286842953963099
0.3352754228630785 0.29025359754364405 0.3359037859221618 0.37291444369882365 0.39001419149056815 0.45715848448988305 0.49134347963229885 0.4813035947052861 0.45316941353844753 0.4727493337299795 0.40795288625956677 0.41122213600997115 0.46901592940020786 0.5176914944878115 0.5010891345169567 0.5301114691965166 0.5375386410584405 0.624133587931786 0.6159221544182194 0.6615712705565382 0.6863699435444405 0.7102364549531217 0.7433907983070355 0.7362323844496477 0.720453924541671 0.7437264041266036 0.8177003249240161 0.7677498296324802 0.699402032374568 0.6252321743555755 0.5776961733304695 0.5434125089095848 0.5184978486042435 0.42569996757158163 0.4142851854529122 0.476858072703225 0.5243110680694023 0.524082031238548 0.539864316191771 0.5837492389762207 0.626442795006582 0.6627061474666528
0.3104750817138232 0.2725221811925711 0.2780323748059702 0.39000643076310376 0.42504682211642086 0.44042971050548324 0.5003029387189967 0.4600955730415316 0.49102486823041624 0.44338513959296044 0.33977081272818405 0.36906227867147806 0.43183927195910937 0.5183554701946312 0.4859036398860271 0.49669360525316236 0.5816511980124341 0.591439402520114 0.6593658566926117 0.6939580223786893 0.6445792647472653 0.7323594869429785 0.7407668669282249 0.7319138600755102 0.7349938425670905 0.7667365965422086 0.8759102978145152 0.7864068568848107 0.6703575069206206 0.6626613710122565 0.5715513596555514 0.5263042963799254 0.4695782403858476 0.4509149635541398 0.42569239416857163 0.45351615657952776 0.49974962351391955 0.5804958357868163 0.6087848753625513 0.5792096168355322 0.6361756834938234 0.679118280176504
0.3170014273157203 0.28957986632260324 0.3086176839076127 0.3853077630347504 0.40812646456517304 0.5192237093319365 0.5511847639964493 0.49233321849924977 0.5129380733690075 0.3995347519326087 0.3842251606847897 0.4050490780454202 0.40731911385480185 0.48684524976006954 0.47844100775477216 0.4984720099730296 0.5370196091135816 0.5746164354686869 0.6449671496312189 0.6895697882093696 0.6503648381553476 0.710275858401945 0.7318782215215031 0.6891244516682181 0.7501255181583 0.8067146825535322 0.7697992213806922 0.7298613173005223 0.6320306824725241 0.6321402689961108 0.5510491803067167 0.5106350589639327 0.457035007672274 0.496048485606403 0.4189062151125013 0.4449116555788295 0.5011847786619009 0.570579581561837 0.625870072547378 0.6125849010954074 0.5585739288003411 0.6278329383594411
0.3445179444907027 0.3634892423482412 0.378118102790884 0.3973328848020207 0.45547812496411905 0.5061549598442091 0.5565121891363509 0.500701500752838 0.5081806967359717 0.454973053552308 0.41396497073825955 0.43614100015181906 0.40207016100901805 0.4990151959989104 0.5005729754302015 0.5415955111141888 0.5525326337897299 0.6071202420907511 0.6564613590761473 0.7057526498068708 0.6987453838456195 0.6546151218471978 0.6676027482218295 0.6974990696113347 0.7399316649805885 0.7965534285681505 0.7840911443100802 0.6779521291669105 0.6212977654501886 0.6322816201030216 0.6071712422782474 0.5098566413301364 0.4982032029023059 0.5276181221432784 0.46192278858234903 0.5059371482204925 0.483723720163915 0.5175588867584505 0.5741218905472268 0.5924889739870259 0.5180070803065564 0.5821050100431361
0.34208627742728404 0.36532110855587235 0.37671045377042134 0.41216974333485873 0.42181893706548723 0.5107137631554712 0.49879859033747337 0.5392725692780655 0.4979812984738859 0.46467216718555304 0.446874039816734 0.4169585295417146 0.4274156048627199 0.49340760029905345 0.5176706040190309 0.5179519634835045 0.558897560176028 0.6454716865077276 0.702749282305916 0.6994687456506921 0.7207968789409488 0.6868415878819092 0.6713196906078591 0.7059226221202203 0.7603388833175347 0.7989149244490585 0.7405686294860284 0.7366035756023027 0.6018286319623808 0.5902097894672296 0.5479261139962154 0.5453581255346577 0.5484352287687511 0.5124159168561441 0.4616393227367612 0.5032827954771631 0.4995122036256444 0.5083253024522845 0.5163950592001221 0.5099202759918132 0.4674337663144332 0.5070916044111916
0.32629340606529683 0.30904044814341386 0.34429690932234724 0.34455026421200524 0.4180750540307593 0.44638195551645077 0.48656370187991344 0.5306307745314547 0.519587399124569 0.4911525436779297 0.4408132779642627 0.43333071368915016 0.45958829440423704 0.4427482145993425 0.4996888763148256 0.5487567099817345 0.6268690428262145 0.6427031976482449 0.660864327189221 0.7190442972134194 0.6878570576414114 0.7332517801392943 0.734431611192688 0.7213700002866518 0.7942763977286537 0.783008756230893 0.7640749118631016 0.6572070810756695 0.6175739888169847 0.5358161649019584 0.5287238095934078 0.5124872018447955 0.5486541018882968 0.4851073245854236 0.47049325187663493 0.4931440250516155 0.48678825012908955 0.44508178875218896 0.45334168900828326 0.4652891082358653 0.43823555563132527 0.5161599784393441
0.3206189523592075 0.35915583678797786 0.39248851891820913 0.3594332709825188 0.3889241497099001 0.39877329417384494 0.4141413287494392 0.5001137505290781 0.48169193132244925 0.42325390488044123 0.4154913670384229 0.456648701187219 0.43755211124760185 0.4512018558883345 0.4920662372360841 0.5452190157154583 0.669812238686124 0.6990753950633124 0.7234442538509078 0.6905659796558272 0.6911666520177917 0.6763057192632009 0.6571771912201628 0.6731274616356544 0.7448703716187864 0.7143096707135488 0.7298934409340505 0.6515853664953518 0.5503823098431798 0.527431482078017 0.4948080204743285 0.5044443402084181 0.5178836508207086 0.45934329816381364 0.44258552152108016 0.4429871786505744 0.48218802010964756 0.44038488870477294 0.4632464659773723 0.4383647128687007 0.4415203554176617 0.5133039988410151
0.3746649507757562 0.37059818351094104 0.3470390563226278 0.37176814239528694 0.4019311486203483 0.42060987142182515 0.43222793507680035 0.48243315422849137 0.4009675517008174 0.43375155619964956 0.40192748226538627 0.4208013284865315 0.4464574257753066 0.5014217434112511 0.4874477219604895 0.5391602018244024 0.6616300253976097 0.6573053739721808 0.7136796559062352 0.6395369308347679 0.6382254303697872 0.6342158033876277 0.6230270865933744 0.6131167867148238 0.6869524453790803 0.7033783350455934 0.661317160534346 0.6226731709051109 0.5219801797420004 0.4963184207150446 0.47021339747819735 0.4874638161924895 0.48495351389984304 0.4887535290872751 0.4371795216303705 0.44403313687732615 0.4606565787335281 0.4304967859576045 0.4739472988423004 0.4672931701428553 0.5020721413133725 0.5271650214241927
0.38482927866785555 0.4011287186433809 0.4360838149406372 0.3976314445750539 0.4378420320463152 0.41091952720162017 0.40037243319673904 0.4462609942670561 0.3795187439765495 0.3854822517224969 0.3746735072078926 0.42502997936957415 0.46202361560386107 0.4791062370927817 0.4768889458870588 0.5869833597527158 0.5957446802620575 0.6746416858905749 0.7043864497074633 0.637209762612035 0.6764449777912559 0.6537863828118549 0.6451203920417784 0.6159467750161169 0.6116743744451733 0.6503295242713885 0.5670788828615927 0.5389457142038633 0.537478371754604 0.4747258080328933 0.46391112087812264 0.5094334069897454 0.5196551441785536 0.4849884309772868 0.4309304236895881 0.40533123530407356 0.46130268696906934 0.44979227644169395 0.47343009747375747 0.5087067685036081 0.47585789676037427 0.4781669751212768
0.4662019558476881 0.4414303903991538 0.5275956455228366 0.43196764458756665 0.47564059118573515 0.4483350418776363 0.45189960310819616 0.3930539201404962 0.4189903371011676 0.37958152850331217 0.4144305885763846 0.37177197086699465 0.39382117133399525 0.46269241787994303 0.5049517248638848 0.5989176677143049 0.5963613403483753 0.651990969391469 0.7185235617366085 0.6885830711401739 0.639202475489078 0.5871388769668178 0.5561624108021913 0.577156923900588 0.5387953877668117 0.583265342094351 0.5513942217715437 0.5067538323897792 0.46311117825371484 0.46700381768004195 0.5086909377738867 0.5325842737550668 0.5521555470341953 0.4860437097284994 0.4247497913142353 0.4217754974571206 0.40420076511231495 0.43952996014792123 0.47987325105533934 0.458716761397368 0.549439719673061 0.5239252381473686
0.4737242131686387 0.4768821116977494 0.4507416087577785 0.44809454261184634 0.4819351046290358 0.4044216789355003 0.459731513588381 0.416487455982597 0.43705591978242053 0.4618764037206672 0.41119006020046633 0.375931046293084 0.402213201092972 0.43939629600406144 0.4877739324968686 0.5483529583595279 0.5672388778279408 0.6768917355358695 0.6340808248709374 0.6174590009148998 0.6230866080019709 0.529456563622447 0.5049059306034083 0.5048293355698532 0.46903829205105424 0.5398040584033811 0.5084348706337415 0.49685397216196014 0.4811602420924878 0.4833012043969393 0.5142423577629783 0.5097551596296708 0.5209412301913743 0.4751463734542485 0.45051787556244555 0.45147678679544373 0.38309062546607875 0.38635430853041797 0.3962873224399646 0.4510346195858451 0.4571315998910531 0.5118145619783451
0.44995339526017464 0.4926376890782439 0.46539487215693304 0.4632684725115933 0.44772362425801976 0.41843919695009146 0.40240158973065643 0.39467501416443507 0.46775712140779463 0.4444905408785616 0.3962968387024492 0.39180705946027483 0.4537473777951758 0.42556816148206045 0.432161416987429 0.4744227187315015 0.592178774317237 0.6386600700617948 0.6736087465056672 0.6280750955074546 0.5988723480518993 0.4908722626584282 0.46242194048902613 0.5031662366590044 0.45432785667661146 0.5229399863557022 0.5403457133574279 0.4695569605033973 0.4913168368835117 0.49426841872992094 0.5692588128663502 0.5611635205713051 0.5337055592852742 0.5066664019089634 0.42134887592240494 0.4495671320952685 0.42608487614932716 0.3933998382778646 0.3669537239025237 0.36643975652484934 0.43987836164353666 0.4522580099060241
0.39653626373045603 0.43733401360207136 0.44786248738932594 0.4866819271194624 0.43176876216006843 0.4207531525380741 0.4724176838771868 0.4452030689541731 0.4326917292441251 0.39514501499750443 0.3693952061531562 0.4252438473905419 0.4756674797644534 0.43351022048321314 0.448611283827457 0.4556858573584338 0.5151310838228229 0.5911284910965067 0.6154484943703701 0.6363185499867143 0.5705975298269603 0.5125194720668863 0.5103716954121905 0.46137768588826084 0.4561449680468587 0.48543535229527146 0.48747074149879693 0.47926749588170553 0.5178454455881666 0.5637166227094182 0.53224258892155 0.5271204692794951 0.5494087715027524 0.482691168186065 0.435448954177698 0.4588928002601435 0.4072162918003999 0.35071908283140446 0.3462065533725924 0.36713909607378525 0.3304292587386072 0.3987708198511962
