Raster_benchmarking/continuous/raster-349.asc
NCOLS 100
NROWS 100
XLLCORNER 1743168.5506840483
YLLCORNER 5469287.314738824
CELLSIZE 10
NODATA_VALUE -9999
[rows 0 to 18 of 100, columns 0 to 42 of 100]
0.9038424012706949 0.8815797344277359 0.8403085600728717 0.8565531446416825 0.8329992158549119 0.840575213132962 0.8315103030413153 0.7998072152525728 0.7766270989954497 0.7991184089483284 0.7749792832651164 0.7833216361141176 0.748899477202535 0.768587557631497 0.8092213727453041 0.8422084795635276 0.818801472532608 0.844183471126308 0.8458506708867525 0.8744761688620905 0.8670296769128631 0.8583924827885957 0.9209601596442408 0.9153962919213586 0.9157759298590662 0.86516509854051 0.8678575600602019 0.8958351891458497 0.8963792407910554 0.8979523166492778 0.837365576587214 0.8368454635795946 0.81426516088709 0.783003919734126 0.8136612977099086 0.8354737678056272 0.7892716850194865 0.7453439049296788 0.7827979062412497 0.7787534884220633 0.7253389552957173 0.7544594173965028 0.7751635608444991
0.784255695123436 0.8297594982286999 0.8209781320559789 0.7877347267354569 0.8299813742997247 0.8075768849208491 0.7656931820040408 0.7046408207155599 0.6903421384514141 0.7347168665347336 0.6913163460586383 0.7182773716101584 0.7264744475406005 0.7443720017421311 0.7769181899916103 0.7949697435928264 0.8066520005996882 0.8211208578767538 0.8407074092980567 0.8148597129804397 0.8092118602539257 0.8021052695070983 0.883621079295843 0.8962825254217154 0.891616850653646 0.8427571543462745 0.825668211181978 0.8500009665054516 0.8363326728521255 0.8463302617206506 0.801377811980349 0.8259162734673742 0.8291911207337965 0.7810497749651414 0.8310937824110474 0.8227704875095952 0.79550734907965 0.7814303300111174 0.7936292766659233 0.7943400794249722 0.7843529000894774 0.7577068724751352 0.8125052919765295
0.728831375496079 0.7693556834447783 0.7708128843724429 0.7411994831666006 0.7837239213784076 0.7247600464425898 0.7051567811763283 0.6346161512156843 0.6293577751727388 0.687012420372678 0.6589043017152288 0.6509256957302053 0.6274032321828722 0.6803572452778092 0.6906616492830768 0.7700647030423637 0.7561880038152022 0.7666242536958131 0.7603106084823223 0.777466540919405 0.8087349765299883 0.8219229867819066 0.7967373775221692 0.829505495489862 0.8995394005344327 0.8896691839572396 0.8645541010958919 0.8088524199257459 0.7801788528195535 0.825345915171297 0.8228729699368317 0.8348381358977588 0.8159162887112664 0.8367721582552221 0.8343577740561618 0.783411895258331 0.809358234083873 0.7581603144974893 0.7788290705963149 0.7879911676895046 0.7723438425339304 0.7561553833512696 0.8093984208015689
0.7309014122325135 0.7471308392349232 0.7175678534573089 0.7372719729836472 0.7585069759610883 0.7265229797703581 0.6306678475786196 0.6112693467383735 0.5817738645132471 0.5937088986411471 0.6056087633980566 0.5763950785338514 0.6268514744729761 0.6030802188570158 0.6717940030535953 0.7297300993498962 0.7482803407185827 0.777469577619626 0.7335684703762578 0.7409023133642407 0.735676439175833 0.7450646258161656 0.7972817516706062 0.8616318751147806 0.8936613785015425 0.8824052522639186 0.8102047625651962 0.7539008151546864 0.7804296991839483 0.7753921933658264 0.7800447642811543 0.7482218703116887 0.8108702145079646 0.8111314299848519 0.8016393569232074 0.8039064673444435 0.7969016909827664 0.7759260108029173 0.788662907647636 0.7188545587851564 0.7634497895418012 0.7959490435931118 0.7593105235238767
0.652527849494672 0.6723179974464887 0.6635948545041915 0.692862665287036 0.6614690267985555 0.6693818249041803 0.6083544155126551 0.6294351143814755 0.6125220287707303 0.616039255563779 0.5902108061786453 0.5554466401376206 0.5860112088219129 0.5870303573222703 0.6062111219856186 0.6282329153052209 0.6681501191262836 0.7142598045509276 0.7354883869402215 0.7433777296329946 0.6862594743398259 0.6949288103593785 0.7436985989116758 0.7755777529524104 0.8445802704173168 0.7944665993387591 0.7653096867511727 0.7699426467265728 0.7646638281381686 0.7597760136857562 0.7276114944774353 0.7281994400804075 0.7314518163791355 0.7649370020068241 0.777519182288894 0.7501422065542557 0.739054421821454 0.7420752877105435 0.7526512291441475 0.6739641756426359 0.6887405524231752 0.6973982987861729 0.7624816087652511
0.5986903070447991 0.6544467076601569 0.6457968227292469 0.628953004815928 0.6228187008695919 0.5932192124484466 0.5714362077378403 0.5749126002580658 0.6122554506735229 0.5990299449179585 0.5906496148067644 0.5511379123505703 0.5504246803758504 0.5407867322886297 0.6011865737155784 0.6048982934666581 0.6237458832317877 0.6632174746040939 0.6833538580509981 0.6864918694779605 0.6728168959839904 0.6731546764302133 0.6774330186378623 0.7429647792788053 0.7941525011890694 0.773553007235532 0.7679073302415006 0.7172296414681135 0.746025864848126 0.7210807038196649 0.6904815817173949 0.6531163051187572 0.6833354176750274 0.7110794962024602 0.683531834419281 0.7003959326115984 0.7076091629532417 0.7302860494189802 0.7024691671945286 0.6704389833960396 0.6731984919388095 0.6760282928233841 0.7017470628243105
0.5756080430108421 0.6033354627240549 0.5799956196936785 0.5992999293850502 0.5326077322898614 0.5105766854782192 0.49960759407717853 0.5523488179758378 0.5705981305598004 0.5664313598738886 0.5688357574806605 0.553905507553221 0.5023152718164239 0.49626884834352175 0.5348266274727541 0.517681790925956 0.5769786569673446 0.6245117143936395 0.6586424577056236 0.689234444322416 0.657575377034861 0.6555042579373548 0.682063612762079 0.6958912210697942 0.7541483619687163 0.7265449906335445 0.717426076231621 0.7043097035102498 0.6739554883853944 0.6358169242829048 0.6524853802582201 0.6213513225526688 0.6182009469874999 0.6458543138025018 0.6680852582201373 0.6696063535125505 0.6699760346096328 0.688701683689677 0.6584113545920239 0.6262586250759365 0.6356067522463966 0.6160530027845221 0.6813361188493463
0.5350242482972148 0.4880861338413197 0.5211309603797171 0.5521192587113334 0.46547507898548807 0.44810841920585237 0.44506501120263997 0.4714287504756968 0.540800601480501 0.5002830002658156 0.47095294241790775 0.5033623195430713 0.47321589297619904 0.47693514117720304 0.4576684630688703 0.4676005090559609 0.5287268359589548 0.5392423480772982 0.5801796896409106 0.6175827120062158 0.6425969180646025 0.6379417732243167 0.6575522893802308 0.7134943899761174 0.6776209914907144 0.7238809392811048 0.7246264267180376 0.7206650779672746 0.6873034459295156 0.6192531295063972 0.6359141593372039 0.5652329757993442 0.5950115084471915 0.5736447533349806 0.6309838543950675 0.653488356451767 0.6002913295397784 0.6061792774235485 0.6399548577320071 0.6604928896836408 0.596274414485573 0.5704328013981361 0.6414183683831303
0.4828224333838547 0.5107309590130228 0.5323899051795252 0.5037431743594087 0.45488816944565785 0.4371891093480403 0.46179196112855075 0.4453051344774834 0.492099504397303 0.47696981978608727 0.44581488803654673 0.4876805933919558 0.4655868654893526 0.41334976307270477 0.43368901154539785 0.4609777320249315 0.45488818114000373 0.46843483560066757 0.5040417120884392 0.5353239166523753 0.5708333762942708 0.5933074270699886 0.6287019198992689 0.6557737382968223 0.6232657635004203 0.6235255169312435 0.6178416700293711 0.6599048483462449 0.6611631847967862 0.6524385681277124 0.6094138219573039 0.5785993621898619 0.5427478312091747 0.5518812108299274 0.5570809277456032 0.6004364309103983 0.5909108893862663 0.5723691174861752 0.6129571321593512 0.6153716264448579 0.6078955619644338 0.6241708542078092 0.6717463985688162
0.5110582101281036 0.4994647231183694 0.45441359786848334 0.4589704359213554 0.4205229888255937 0.364209114753645 0.41987579742660386 0.44301942590528764 0.48051585692122756 0.4820976897521275 0.44681351856717544 0.4056753835579794 0.40694738693628496 0.3697865458652976 0.39226872683575714 0.4401605350585452 0.4353634278255943 0.4279101187052479 0.44664312649480337 0.546343630624074 0.5480004209189371 0.5230889873209523 0.5453170445775491 0.5480088064415529 0.5304045732959655 0.5576399100326094 0.5994539511053606 0.5996866040332867 0.5808519930657683 0.5904996921045623 0.5894917336591583 0.5962165377926969 0.5731707925120741 0.5416097963387774 0.5651443060715532 0.5940679653499733 0.5573529629873732 0.5775794706998986 0.5925165545483482 0.5687438441318938 0.631052426391856 0.6398672809034179 0.6814365407325793
0.4587341505257795 0.4096097127272234 0.4131479177517272 0.40250845396400875 0.3563376678962938 0.372576638984043 0.3426939632847625 0.42476332290114494 0.44087694213663653 0.4461677187567583 0.42444269916043526 0.44550457687910733 0.4250048721404306 0.4050952210945532 0.3867435953460144 0.36066895357922646 0.39493006306291234 0.41911082115470616 0.41092731224535956 0.49687401618145294 0.4708707667493516 0.47522782623583176 0.47191911148901133 0.4849699997655114 0.4801379499015927 0.4716491523555539 0.5181841487322106 0.5752776548993612 0.548493314979665 0.5651254187320556 0.5977596126222481 0.5947008306481526 0.5755341881481615 0.5874001321414063 0.5860380774094446 0.5733199791991476 0.5749473538200203 0.6104469481089649 0.6042691103163841 0.5782811853266472 0.5981478984898161 0.5966673735881834 0.6470242009127409
0.3996236210678638 0.38163195369308206 0.36949751070797043 0.3768181881422673 0.32151165932611425 0.3141830335767519 0.35451193707629247 0.38601893096984746 0.4330453224132193 0.4127680375823878 0.4075649315660147 0.44340948716773426 0.4319958117940369 0.38556113082991056 0.3870078681036564 0.330626992559887 0.3943601236896499 0.3382846993783452 0.42709010246850787 0.43532831640259206 0.421228409548997 0.4671289970798834 0.4318994025653653 0.44389480883312854 0.39712298676996083 0.3752719881285808 0.447040342289315 0.5348371766510149 0.5372769632921449 0.5366205432843655 0.584632831491753 0.5436174754469829 0.5723859591195376 0.558098727077244 0.5859399241474522 0.5401481065389784 0.5961120354966187 0.5966497159948234 0.6282422471081661 0.6047581228403138 0.6090267508121883 0.5524109752892332 0.6043106049234646
0.39708474667514265 0.3879539262148175 0.3431912244310917 0.333824156159939 0.34113265183424263 0.37767111072618864 0.36779992589294164 0.40874411993319476 0.38872048742979526 0.4020210417686863 0.40125241011378854 0.3764141967736522 0.36580173848237674 0.3942358481815396 0.36883705385195875 0.39102907017793204 0.38155603076935557 0.35795570658192705 0.3935889410156246 0.431961253306685 0.43806115837051357 0.4424372050092081 0.4568785695550806 0.41555667923660317 0.3743919579541625 0.38814571738112225 0.45226976440507116 0.5017217698807709 0.4949456331671484 0.5183766819002361 0.5463182356685982 0.5522647087278645 0.5455559656736514 0.5515850712685599 0.5738137864518091 0.5253989316521972 0.5636933875759281 0.6291854115437261 0.6356896433551761 0.6323191882458697 0.558731306537659 0.5559654578989844 0.5920463263104655
0.4098032953551217 0.3214030763123395 0.30623875481179963 0.30639438328800445 0.35051803918329066 0.3581621418281264 0.36730649931557097 0.3713220522996953 0.40661344293435514 0.3745008652000629 0.3878489255440625 0.35873168582562454 0.3555544861367169 0.3380191397343923 0.3435086845706705 0.36512856404626254 0.39364107482953575 0.3562738726067976 0.34866092333563264 0.40418739186533725 0.38900716229422566 0.40187966629326544 0.42458973146338597 0.40043157069386826 0.36661352819742515 0.40269018778974186 0.4099805615949717 0.46911753377280135 0.4689987136670517 0.48473544185745515 0.5461365801983703 0.5016969332959628 0.5128587760183426 0.5727014477970515 0.5414626319001128 0.559999909212858 0.6122178707136773 0.6417017955320122 0.6080252688909743 0.6300954729950464 0.6144468700392447 0.5778439202775556 0.6096104469151192
0.3880546472261424 0.3368856478776233 0.3001356262135807 0.3247092602522923 0.29533381949858567 0.33088760053845206 0.35475847693312906 0.3432763440076519 0.40766561235511517 0.40900318262269586 0.36249480870869644 0.3459584278165905 0.33039294395513963 0.32993675719012 0.3439324522641304 0.3113296282489614 0.3572424020965058 0.38872002026142555 0.3549749486050945 0.39857738154639794 0.39388830281560205 0.38608635991750295 0.385312037213485 0.351850164469188 0.38032078026565935 0.3872100433014269 0.3887382530950715 0.44114698660580054 0.4844941446900992 0.47104119966023555 0.5234456327420924 0.4816830118007077 0.4777154527290946 0.46480645623937134 0.47733634011026643 0.4974144289282422 0.5957411557825423 0.642163601052288 0.6033115232824205 0.5998272204781323 0.5866927884227146 0.5830004574107218 0.6290770532145765
0.3483588758262361 0.3200729650405169 0.3094337941571526 0.3134666608322935 0.29351981759563983 0.31480247463141253 0.31247184588282323 0.3553474682439897 0.3914904783765278 0.39559674170487685 0.3575720224144249 0.34963551142058535 0.3304478547510832 0.30338907993239744 0.29872750269195264 0.305275955250697 0.3261729910020872 0.4030608289352414 0.38742066823633614 0.3304291510364675 0.38977621246163674 0.3753315315899805 0.39198027281043885 0.36402080966982203 0.3618054892813518 0.34265307740840667 0.40108038739006935 0.46960379353679665 0.5033255946370658 0.5060497085632244 0.5048418335424208 0.4658342341754108 0.45543576547889814 0.44188062985093235 0.48453433871060386 0.4676218612195627 0.5179998539495978 0.5978481017847977 0.6052700089977929 0.6149672772512309 0.6084998230234556 0.5828175127066078 0.646401269397975
0.3552010648012657 0.3529303444241837 0.3256714992167122 0.3131472123699844 0.31117259832683686 0.3221513318394011 0.3082395024885039 0.31421894235616205 0.3747002205344708 0.36556861653666295 0.3516107622782827 0.3174366897712042 0.3267563865558183 0.29486683083624543 0.29868793229921314 0.3014799404971606 0.3623616375636811 0.36333362728881313 0.38053477866945284 0.3306192539060153 0.3494761679135443 0.39999262227093835 0.40176005296368716 0.4079268008037787 0.38364481798802813 0.3777112469741874 0.40843863315111784 0.4324532223567813 0.4547985186728048 0.4729458447246173 0.4769860467701219 0.4782173300788213 0.43624989071646486 0.45123416732041965 0.4831197378798433 0.44291141966398606 0.49449394794132207 0.5356198258321204 0.5847741692059325 0.5623714422044714 0.6083690954734889 0.6377729451952144 0.611741030712018
0.3679100164768269 0.3802665938313744 0.305200360056657 0.2951918349492874 0.2537460763100182 0.27281164663263463 0.2941731991805652 0.32257394864114924 0.35113739421437123 0.33437993902807006 0.3127625306875492 0.344457614415445 0.28315737753427705 0.2914011837788147 0.31895716888107656 0.36274008145725295 0.33465256507090113 0.3243636194137044 0.3725948458349527 0.35085281136096763 0.3923316505418128 0.38865932356027466 0.3828706528067625 0.3715320869035683 0.3893939512715115 0.4032955869900698 0.3959450952485774 0.3789098791245378 0.4195710492257814 0.3802528387299753 0.41979258168567274 0.4480816900970882 0.44306036820710526 0.4844595700861804 0.49000334338037155 0.45376482889434244 0.5019033734786383 0.5600163887349678 0.5807960298407836 0.5295633374337764 0.5542231322164637 0.6229374686122319 0.630707456347074
0.38318258822510143 0.38193607909936333 0.34693391476466307 0.29019158829275676 0.239670464435544 0.26823177960989686 0.26917783777472665 0.2643349894812345 0.32760194756897904 0.3254457229242594 0.3469957182416685 0.30464527747997194 0.2935494568262541 0.27538381426305564 0.3049537047375523 0.3088729235295565 0.3142104049982874 0.3427166980196849 0.3176520631657508 0.3446129452965768 0.3822771248154211 0.3538632294016552 0.34813361071207183 0.40109366421775267 0.4281028173560738 0.4114135533256576 0.4067592746104183 0.37540448226455303 0.3643411587331495 0.3825247534212726 0.3722961215440025 0.4382160181001657 0.4369919058349532 0.4891868779118474 0.4681902783370877 0.46389270298556257 0.44461320048975916 0.5030617159057972 0.5156000763064078 0.4901991390530505 0.5323659898624318 0.5775869530778741 0.5791594295437723
