Raster_benchmarking/continuous/raster-231.asc
NCOLS 100
NROWS 100
XLLCORNER 1743162.958439986
YLLCORNER 5469296.084782484
CELLSIZE 10
NODATA_VALUE -9999
[rows 57 to 75 of 100, columns 43 to 85 of 100]
0.277446316585851 0.31770779629748697 0.3606566496787854 0.4131461758557173 0.3394561951071422 0.29282541557371955 0.2630887230562738 0.20573778776083254 0.23648602040930983 0.21734203927847304 0.19136726078986604 0.210446378736592 0.2356363727801166 0.29368582136300836 0.32867000042006844 0.3513250639699721 0.370986652625848 0.3149289866296081 0.31892968160779506 0.36091523899484756 0.3786007201923201 0.34304093180494327 0.32590738580776873 0.37214286856085804 0.3491310598563434 0.374431638426386 0.3827682842384329 0.32707035256638023 0.33781371440730534 0.3829981844444896 0.3676633898334643 0.3361423433408419 0.3494002035434914 0.31904939077565436 0.26596331529370365 0.20421413990194653 0.26255170178502246 0.29533989212883144 0.3219346295227954 0.33290586417537016 0.32013245938891727 0.36448047217695845 0.3857996203611301
0.3240315776601336 0.32432910794429143 0.3425913407736691 0.3884264369622195 0.3812251944280031 0.31846739807574803 0.23903692774945481 0.2001128451721152 0.19463428682868048 0.21741762834637982 0.19473031906064273 0.19698954215820003 0.23682922603378903 0.27365170213515544 0.31450983463585697 0.34160476513428256 0.3462955483257656 0.3591015222441396 0.3312248168873658 0.3524926352509081 0.3711747214446756 0.3703408483422936 0.34997585242115875 0.39333542510909975 0.3717551773077578 0.3465369381934656 0.34723597990737093 0.33702316980561636 0.32922110712787767 0.3587499694376318 0.34433070918194625 0.36143957679899 0.3060068048519882 0.33565256266787064 0.31345619450497275 0.28553873336396185 0.2521436584508585 0.2667916578948323 0.30084021123434335 0.3217696734796204 0.36263322518863 0.3890166237181694 0.3616835047232782
0.3464050176556577 0.3326885312033986 0.38117639749335985 0.39308480384298156 0.37820841877410655 0.32767231658868545 0.2678742598821009 0.2419641442785293 0.22763546039740448 0.22447317054460297 0.1920698960494134 0.18127863976390954 0.24831098883329286 0.26102432251196145 0.29157671561335485 0.2643995490318294 0.3370512912836314 0.3510955083768301 0.3192022608382547 0.3615571678824319 0.3858452226196152 0.3892323993661262 0.37893680109761385 0.4067796160832488 0.40632226331427757 0.3603629952099892 0.3427149938224243 0.3300784763296454 0.32864301011028524 0.34737587295284145 0.3776972115637962 0.3561874178845068 0.3326561264954853 0.30971080819137126 0.3036153760620955 0.30748470346066775 0.278653448381147 0.24074150169133082 0.29951115425026226 0.33721672779857054 0.35231049079153126 0.3769121713658653 0.384563167269856
0.3353855761869236 0.3143931958608952 0.33376000681350054 0.3461132456084508 0.3537695747421351 0.3251391738494881 0.27207254852510643 0.3006365739685142 0.2972434220387248 0.24091127730571 0.2643166037226037 0.2461577224171256 0.23974505324511217 0.22352745462082466 0.2727264876793229 0.25191339355200515 0.2868701197867179 0.3131234566011493 0.3327220887880342 0.3289401864011695 0.3624909031055016 0.34233247310422216 0.38637584031338096 0.389809925285866 0.37511820518313455 0.32856534812562843 0.3323389576833115 0.32843504114609623 0.32944026868797377 0.3490237632606211 0.3613055875530207 0.3575529171814849 0.3548488806530909 0.3505874596010072 0.29144574591598615 0.28398040311838757 0.2706460752958116 0.2434038263033522 0.2686842161654071 0.3451763243744232 0.3232805492533087 0.3436147080326041 0.40694268279516504
0.35615994791537997 0.3409298016547313 0.32357606256231664 0.3254826867658974 0.3228083943593712 0.2536076325821443 0.2814538785449539 0.3108291380600333 0.28491985916027246 0.3003228500084402 0.28670984059857346 0.23152640281643158 0.22328247466691303 0.24437936441801986 0.23762618143533676 0.25094586749144665 0.26499632728012545 0.29101678823267846 0.2979381974624249 0.34125708121590326 0.34761428092391466 0.32258373994058703 0.35708832540984703 0.35737643615452225 0.3485527936359509 0.3411733990403076 0.3556898719353696 0.3794397474243089 0.3770705596698852 0.346690007506731 0.35300289860384115 0.3529256880301879 0.3623025857296657 0.34359648570055606 0.2896286540487524 0.2738397447257635 0.29103233711091464 0.2602863230168795 0.31044427921224915 0.3326806887929967 0.3510573800438502 0.3594998723060917 0.3941945112049777
0.3294682793791248 0.306714899653522 0.3127695923460391 0.2936681202241295 0.25892935162521785 0.2295347549032881 0.24996471882828764 0.2759335883739695 0.27376364254473784 0.252241855019051 0.2599825723279398 0.19614786907747284 0.23889564788943393 0.20118936154024214 0.22054207108073878 0.26109606783175937 0.26264745778556664 0.28944297070589514 0.2892001907303805 0.30325025420657054 0.3083631979440097 0.3110345760331581 0.31807051566875444 0.3506093931212759 0.3394712270859704 0.37015117146931925 0.34746993157687844 0.3508851293247838 0.33882207863905545 0.34581551425575563 0.3013897046638776 0.3203992234995725 0.30272248989921563 0.2826306219553048 0.2840477832809405 0.27462023593406826 0.31349246818221715 0.2797499995635997 0.3056835216685577 0.3446623302405885 0.35033343077099977 0.371990118495665 0.3489765447921993
0.3307381945492215 0.2876008546768046 0.22257449190543266 0.20779716525522707 0.24067785094455252 0.22524962239268895 0.18694658593742192 0.17074549055434177 0.2305353072471683 0.24143495000230106 0.20208183661482468 0.1740788500716002 0.2183768427738653 0.20721197272932845 0.2657903163052921 0.29151725561972414 0.2653646804315616 0.30757587785939255 0.32018894118392666 0.33659091505829336 0.2995796016011404 0.2648116492873255 0.29627203960536047 0.33604659624475236 0.32364866561146627 0.375044685810024 0.32743460798184054 0.3023775359352885 0.33514331946160436 0.28251684644591163 0.2883827684086546 0.2606793054332435 0.31104257734058194 0.2760927160680245 0.2967594091544832 0.330803792923278 0.3081353226806266 0.3145871851867239 0.29346212699355434 0.32717153793109727 0.34521887556425035 0.37188851814860613 0.3279842839117827
0.2665260482749706 0.22448534848161605 0.18728733790246058 0.16192730484926685 0.18140748599315837 0.19852710755464853 0.18882046029786886 0.12967617001522727 0.18154553616961752 0.20147042918904262 0.18137670747569284 0.19945258180944517 0.20295981836921162 0.2116614367098367 0.23019579002233323 0.29889600143101014 0.30604866430987404 0.2932852840329996 0.3162943109646465 0.29450305890589235 0.32017051999215645 0.2692700829202999 0.2814216409245844 0.2959654479158137 0.3418830655877518 0.3614531283127306 0.3322092730539149 0.3318067341538269 0.30832442126108006 0.2991915788256617 0.27717775243007864 0.29648013515638705 0.2850688484359236 0.2691000765613376 0.27796975148754044 0.29629728785653836 0.32165795469043107 0.30276816392359 0.29360341992503874 0.30506693144247765 0.32692290724151796 0.3039078208834025 0.333386984095781
0.27432775441246826 0.20347034588550666 0.15745369771367815 0.11474550218990086 0.17841287028397307 0.18457026448363884 0.17268239980435393 0.10070223264648098 0.15910200079621328 0.15218801320536735 0.13663716780198024 0.15666645962610926 0.19880637005004723 0.21047313649112895 0.2544052372808637 0.2926029679535926 0.2820409190254753 0.3215642311259461 0.2992313641199102 0.2898876100048981 0.2751190989879093 0.26582607691700816 0.2935001767848856 0.26327181089705753 0.34039483697121503 0.3479868381056243 0.34100028660194875 0.3272873936583544 0.3077668303276837 0.33906641343930954 0.26832300427473127 0.26746317527911834 0.27072441415003656 0.25966049779031586 0.28670478079538203 0.3326931969536819 0.3010990872573979 0.32285675961829724 0.28435647840741846 0.31774181094808474 0.34470486041094583 0.30517886505409125 0.34491363060920066
0.3010382460673985 0.27587969771583515 0.2264977743907197 0.1930975689359993 0.17286494889078077 0.17755110647850714 0.16702992149446236 0.12087054641716355 0.13312341465656702 0.12508742415906451 0.15052271466231046 0.16620772036340406 0.1940063654361487 0.2359611152922186 0.23298838574103992 0.2653780864075269 0.24321667847791573 0.3084661095451672 0.29660186515638937 0.28309190630268677 0.2892507084091358 0.2668038151749852 0.2431980381603689 0.2902075838137802 0.325216868730303 0.35636571919676113 0.31107711278571865 0.2918477719639374 0.3059026836365173 0.31632943051532836 0.2997041620681245 0.3163225847320176 0.28380901918378193 0.3072467943152245 0.29787057074982876 0.2695977193394729 0.28717746002467975 0.28392114965615534 0.31491382528907175 0.3401419656981702 0.3232242442806182 0.3015074288431755 0.3295176398163551
0.30459472810261695 0.2812691567090669 0.26837715948487684 0.21740558344134286 0.16479092212815005 0.17824982358804012 0.11856902376474808 0.12192715765168945 0.14204153822341029 0.1193367366965971 0.14070958544624915 0.18621055366255038 0.208006531898265 0.2536508272392127 0.22995926776175388 0.22798701411146435 0.2610214677376332 0.25231956546823936 0.29509303150960786 0.26909732910912465 0.2622126463053246 0.2456365713700163 0.27730851721976346 0.24796004826414839 0.2840012343628267 0.3297738965417361 0.3124734870500168 0.3386948456106081 0.3464161200250792 0.3099867160960207 0.28503489636748136 0.31438467832369854 0.26351591714586303 0.2659497614371438 0.280186441048577 0.27811381766596793 0.27803111307416767 0.289774191744288 0.27671498739731537 0.3089789680001264 0.30581357134823317 0.2873120273977062 0.2909612167648915
0.28975614237552383 0.2374654268691425 0.24544482074909427 0.2435318493099877 0.1969707587792168 0.12169114426040546 0.10890200017013137 0.08854008619117162 0.11436448647870599 0.13680495343036453 0.14416504101931843 0.17660340536306152 0.20517187658907984 0.22837047519164635 0.2096336496945104 0.21714851521617878 0.25253206465516365 0.27875763014695415 0.2684184579222934 0.24145657881213314 0.2191509947642953 0.254043997036938 0.26376296190278864 0.2790685633747657 0.25134883468796965 0.2840946843343878 0.2995407374074281 0.34171742437499225 0.3361374347250042 0.2811873595971295 0.2528404790090733 0.2354659880985108 0.2508037617416174 0.23605972925817614 0.22455247049382862 0.2370015324418614 0.2927510613429137 0.29576033044196887 0.31246151082141355 0.31009946043472564 0.3373016353844158 0.30005200933242077 0.3102555232686453
0.22975203830988497 0.2120981910572557 0.1930036409855608 0.2090780759694943 0.18643709698525693 0.11877284939946955 0.11809233151445866 0.11653593074702816 0.13996195387060234 0.11475238526135537 0.18075916015775567 0.21112179182689622 0.15825247819994684 0.14810053183130117 0.15076078619535718 0.18091107700527725 0.20113996043894636 0.2610698188263038 0.2260090977696908 0.2487595100513921 0.22677607466860847 0.2166818160763213 0.25027420861491434 0.24124160064649144 0.2652944821805131 0.2575548533645502 0.3012351687293197 0.32914892830838827 0.32763780497097805 0.2639023184385448 0.27593755515112184 0.22953762782087417 0.21191980835755111 0.21055836698768232 0.20997969137745395 0.213898179992643 0.24326085921251653 0.28640107446374974 0.32863476345951936 0.32020482482037715 0.3191231214707423 0.36048148223964693 0.3364083514826357
0.23110673837913573 0.22237346506017439 0.21064415498807168 0.15004494830655596 0.16760170230778257 0.15411506317386195 0.1234439540504304 0.12637973705446098 0.16426510036855502 0.19353262063607857 0.16491141770187323 0.14122108541542722 0.15910007261625933 0.13568171365199294 0.16852166513903608 0.18302440781410756 0.21329240237983443 0.2129935034679086 0.23694446388913756 0.2388655028004376 0.2279689872821288 0.2572873715698094 0.2591287260905389 0.2708054341319389 0.25011786311368095 0.2684592127947302 0.2870023425942788 0.2899332766851 0.2977172166451876 0.27762764137156126 0.25852981138306147 0.25592887463291836 0.23666103263091184 0.2358078219568979 0.21338398770471134 0.25651338831689885 0.266680260829895 0.2729967259574447 0.2905515468355284 0.28241860233125976 0.3374322746968353 0.3566384936501335 0.36153758938935854
0.21307374889099992 0.23683551897164426 0.2166060499895406 0.1352992999584023 0.1286260282277844 0.16052194359661287 0.14238638733339268 0.19745269830794768 0.20908653538498706 0.20869471373848736 0.1720513352422986 0.14369394783685308 0.14350204405301759 0.13493355578689187 0.16209786650056368 0.18423353780775142 0.1906169242141961 0.15910323251810668 0.20531759829425386 0.16923176802756962 0.19344794893158088 0.24328768861389313 0.23834309561768643 0.2522910416999793 0.23021983734483223 0.277868626082683 0.2631483412505469 0.2637569667010507 0.25097535337629867 0.24343383664063184 0.21761855600871427 0.2324581354810913 0.20708753704255886 0.19850207624001592 0.23444066028747493 0.2539081064684263 0.2767944353071121 0.2801051528757787 0.30994723027775956 0.2776292687774263 0.31606984971524105 0.35651034527523595 0.3617645068899805
0.2392823353973993 0.2322368541553218 0.17233938772898433 0.14981370228151247 0.16393183915380283 0.1349811843233662 0.15160128682203874 0.16138967845844635 0.16492479628463683 0.16565649984536265 0.16495063544237723 0.18213435134585534 0.19013648945705885 0.18320126682720955 0.14033877057871308 0.1245432212996793 0.14379363548033317 0.12692917792662678 0.164832780784491 0.16340597413692257 0.19381383734759272 0.23682617752823004 0.19549337239496836 0.24264731672899714 0.25041173958228546 0.25104742286460197 0.2891003059010822 0.2667958165021691 0.2454326372337982 0.2650031069299597 0.24891599250145208 0.23496110180513805 0.21149243750375515 0.22485124947209195 0.22401059159493142 0.22573569572879895 0.27300867451877714 0.32450479789774334 0.32047459932316097 0.3220045054694061 0.3588551125158177 0.40045549020685767 0.3862710594082616
0.24359450835454355 0.2110810082471186 0.16702993263237378 0.09719677705091624 0.11210714212816035 0.1768800660657778 0.14070061782857143 0.1364946528149039 0.18318088479439154 0.2205051997687476 0.20784933739863698 0.201131738169001 0.19461724770195868 0.1674460087472293 0.1301153484286356 0.11693290457429804 0.12411591144481554 0.11512769379921554 0.16942140010183043 0.10999941998062511 0.19440103941601825 0.22332013686507718 0.19490658882248538 0.18151488676569774 0.2463840323052208 0.2902921685829629 0.2762193432812662 0.25069187032957596 0.25010347194973814 0.2790042503544662 0.23259522929192636 0.22115743918555777 0.21506786686811996 0.1766075258661083 0.20779172517046487 0.26690270007211936 0.29389798681764556 0.3098106226614942 0.2882473926307446 0.3191141138091037 0.3506621272732368 0.37790294129809615 0.38629033590099127
0.22104295540791735 0.21462916992171716 0.18248471840063396 0.17791980725154274 0.120339410361242 0.1541458465030336 0.1730914583579935 0.16169891467557293 0.17420379294461869 0.203225342288264 0.17447616168680022 0.20580655103646237 0.1556314714339323 0.15605999512544413 0.14225680357922624 0.13351191386427833 0.16909060231808265 0.1350147977280397 0.16754194444827805 0.16423579804953078 0.21665375275240314 0.1849568920693472 0.19339725735785665 0.22168392338419712 0.2758680268945803 0.2415101802150015 0.2508099152093722 0.2624293612342202 0.26331681365863946 0.24833844280771075 0.20853450921636937 0.22504391813742167 0.2335997925664315 0.22387437886190162 0.2222292844876301 0.2617920432158816 0.27757512324452693 0.2749963914497028 0.28548742047501263 0.3322678152620617 0.3340515909455615 0.36609452766269357 0.3630149418416277
0.18212639868493147 0.19396824666777407 0.1965033958082263 0.20744376487976754 0.16913947686834016 0.11262035797372706 0.13671836395120593 0.1451378260472335 0.18412485535530362 0.17162242999071448 0.20262225135344256 0.20426911239796688 0.208982242043145 0.17121265100485614 0.14659297806240282 0.17464679769042396 0.16479128605651486 0.19437364308146549 0.20910998786871973 0.22234893857799115 0.21615628196520148 0.22610368402035094 0.2552513652091614 0.25374781231395765 0.2540767241282028 0.25868777848871405 0.2619674139300479 0.2549914376333969 0.25567924525132707 0.1941942323271792 0.24719960696022142 0.25950183838286806 0.2618359387548374 0.22815164861043657 0.24012491263069016 0.3072927585631046 0.2833814914908204 0.25670751427033645 0.30109963751955976 0.33913050839162656 0.3617729016795628 0.3131211491983618 0.3206221175845837
