Raster_benchmarking/continuous/raster-303.asc
NCOLS 100
NROWS 100
XLLCORNER 1743158.6519127637
YLLCORNER 5469282.025189994
CELLSIZE 10
NODATA_VALUE -9999
[rows 38 to 56 of 100, columns 43 to 85 of 100]
0.41049937613114645 0.41366863950465205 0.4211763617772625 0.44197651811728395 0.49206215584075064 0.5469881429662325 0.5089132225883519 0.48948531860403416 0.531402810073549 0.5125620716742365 0.5420688198963746 0.598135330923152 0.6287368138302 0.5923856429634674 0.621332656233297 0.5869257142141043 0.5638863916409259 0.5841353729037644 0.5654887368310197 0.5448852348791899 0.5589640023977785 0.57140820750436 0.5909612363590228 0.6632252117345767 0.6480915159303181 0.7115924946855069 0.7200934303890716 0.6919608934099578 0.668401230766283 0.6706690136402411 0.6544365543550094 0.6689618380800806 0.6521199242554564 0.6509540445315474 0.6098217658224933 0.5953984852847134 0.6151442888180754 0.5899448440403411 0.6284838774389515 0.6874293584049332 0.7084644137810301 0.7227576485437766 0.7188487107624586
0.4159238324935643 0.43015120709738064 0.4588354448076789 0.49687672658929144 0.4949570841128452 0.5159164047939778 0.4887252843384918 0.487902498303268 0.5228632092012 0.570964095523626 0.582348751583161 0.6217301577788827 0.61066975182387 0.5832121393377561 0.5828079327751602 0.5947458360088541 0.5867896021790608 0.6228747923255172 0.5798563579301954 0.5935519500386133 0.5531941794325964 0.5636468313005486 0.6032125216667225 0.6625236337011401 0.6615619411084116 0.6703975850537814 0.7070182789119067 0.6782731808080641 0.6979518732053174 0.6584560864601029 0.6647965849465156 0.6429250246811665 0.6215899963388155 0.6065171507969721 0.6138696191969607 0.5890101875480951 0.6164512802098538 0.5918601123219669 0.6344812130629224 0.6452117016856738 0.696991179241976 0.6820087785961694 0.6604020869906523
0.43746665262580364 0.4262996414353884 0.4369092680177546 0.4913637138136949 0.46315088332438686 0.46889325922827596 0.4835714800452465 0.5173963330021748 0.5542101531858673 0.5536321975606342 0.594106970766273 0.5936298625589348 0.6095535380259652 0.5823081466327114 0.6022554086397174 0.6350510420128958 0.6478457186264549 0.6429457378222512 0.6252337936841814 0.5859679094898603 0.5854067518202052 0.5672576324770346 0.6029773860764278 0.6197852303933299 0.6550593428903106 0.7031640814829143 0.709592732382923 0.7176287167470176 0.683920045840332 0.6369309376457455 0.6120315481788702 0.6275658743787466 0.6456920099404295 0.6413573058584733 0.633784949425356 0.6145648673830365 0.5813119003874035 0.5597436714936852 0.6362184919419713 0.6479399163180461 0.6486173347728142 0.6828604929964075 0.6898160765044942
0.4112010243837534 0.4314040836201667 0.44800861094686306 0.4555420203226709 0.49198279254472416 0.47468363617312265 0.47519987954900894 0.5134629083399829 0.5143993038031712 0.5663379420257854 0.5566977973016286 0.5769067326472079 0.6222774173886317 0.6310127428220383 0.61115478282465 0.6287990643714939 0.6497721571928183 0.6285909370653403 0.6098190886155566 0.6267830530790816 0.5994626732722835 0.6026975525067779 0.6070944724766503 0.6094093826719639 0.6379418181921866 0.6884018021583829 0.661881075955288 0.6323605390449264 0.6499510496983526 0.6110582113368309 0.629973778127849 0.6301118242904287 0.5927837035009109 0.6387197478236966 0.6132509917551958 0.6262900489606217 0.6111680671241677 0.5772624129920159 0.5955888779099354 0.6269621468336791 0.6443754061414722 0.668552533206466 0.658049609025008
0.4258421789259778 0.428902401732043 0.445583239413244 0.44584395327478843 0.46110540832413227 0.45968835768397037 0.48225916589621715 0.473783261336749 0.5356143257716713 0.5597949218978193 0.5882719931331147 0.5879324976705255 0.5999804459000699 0.6762702103314853 0.6374635097021308 0.6379924086872784 0.6694423925649599 0.6736465698301614 0.6321562135748968 0.6242105710984973 0.5763368772364303 0.5797768096233148 0.5919701458958352 0.6118998340457968 0.6495402952099547 0.6857448034797596 0.6517682137454118 0.6149637851880665 0.6497367559925062 0.6104147818901317 0.5874790619565803 0.5871176809448136 0.5834739101010812 0.6212395148748692 0.638036248805293 0.6176498730111263 0.5848263523290206 0.54156239868162 0.5714483519961377 0.5841450145449196 0.6375317509347447 0.6486864885539229 0.5891125296261706
0.3876622664864232 0.43500049495244064 0.41935837111950447 0.38618052526141977 0.40458233141437755 0.45294267690514634 0.44155094165656816 0.4921975664592834 0.5198053030500498 0.5528490032704577 0.5693132414241895 0.598995965936016 0.6242353348542575 0.6618881880804466 0.6468546349024703 0.6417114675960472 0.6186267614788551 0.6018133954219419 0.5928587959396567 0.6218873227375534 0.5765745890957088 0.587466581708335 0.617612997065042 0.6235745340930883 0.6518863365814704 0.6475960577206721 0.6446010360145552 0.6395404653102862 0.6184766886890095 0.6171938293856651 0.6170048342041761 0.614113459822205 0.589239242880939 0.6123059760819056 0.6233368873881827 0.6102986723948596 0.573750012895528 0.5863065681014179 0.5812053694103173 0.58955475252028 0.6228379143793548 0.577554462163531 0.560513617555933
0.38098834443268437 0.43239087114736036 0.42427738262306314 0.37990492265090575 0.4326692706866649 0.43283043940047206 0.46026277316941705 0.5012630400899803 0.5396706474670491 0.5834903323144792 0.5911241219445705 0.6081913314999629 0.627103985916726 0.5928752913931524 0.6088620234593695 0.6178557738408491 0.5736034016892596 0.5674816067004184 0.5516790026499337 0.5889085676346868 0.5597982381587908 0.5792845292301517 0.614621526975247 0.6290297892163059 0.6192424212379858 0.6840727832586778 0.6626825667858056 0.6042265946405587 0.5960648061796966 0.6327726166885453 0.6539429546692596 0.6463253030347091 0.5910133061734733 0.6011093668505947 0.6274136364504759 0.6142231574594393 0.5889742641020177 0.5768797976601535 0.5609531368285678 0.599439950378107 0.5829937186048068 0.5737630545316856 0.5588050238576521
0.3956685508639349 0.3997881251400341 0.3680429369317228 0.4085364971273797 0.4021430571774364 0.4332362998169596 0.4909458156405239 0.4971306745995329 0.5104796454041323 0.5631959384433497 0.5888582069926902 0.593621452602663 0.6007853901895552 0.5978051053550899 0.5793932737477231 0.5863042553180637 0.5850960058263023 0.56009040182756 0.5686234497216238 0.5894011055075704 0.6055329877774759 0.5999234831243403 0.6164151677880849 0.6044092074808222 0.6127609828670789 0.6482123531565801 0.6379505472588024 0.6322811986447808 0.6252912206150114 0.6431541239909002 0.6373670911908274 0.6179228945737224 0.6269014240269858 0.6105963111344229 0.5917718556762783 0.5935253677744746 0.582761834567664 0.5701970973924737 0.5824582492815965 0.6180192220420369 0.6049117207247019 0.5971248196763074 0.5776517841843838
0.3780353926754853 0.3722306434108834 0.4022585687161648 0.40268006319722305 0.4149494041442632 0.4365737587795581 0.4450573857808305 0.5030341219712975 0.5163910311443037 0.486648361120301 0.5719929543500203 0.5940161841342888 0.5832787778780584 0.561952310287957 0.5757403611546527 0.5672375824253094 0.5786949608863395 0.5785762698082728 0.5797175004456502 0.5807728209477149 0.6056891130816496 0.6238117523762207 0.5858973830135091 0.6076829045266052 0.6180755965849911 0.6355139379707929 0.6353500637580455 0.6264745527568953 0.6037568289825683 0.6468316879250725 0.6149673602349566 0.5788713967258211 0.5609209984958221 0.5774228910195349 0.5765870511001994 0.5544336341176797 0.534930535297293 0.5349268095001084 0.5618422305665799 0.5970439758316977 0.5942063728253512 0.628188362524287 0.6175800172174067
0.4098959297624448 0.40101942157369486 0.42906680182304086 0.4085012351830181 0.4194807531158023 0.4075553850333046 0.4364904210478635 0.46964072038962507 0.4901248745114082 0.5336461567224301 0.5290428570393269 0.5567731292959581 0.581417995498728 0.567697736934083 0.570176881175932 0.6312944492232682 0.6185503313200211 0.5994116672862684 0.5911195385421022 0.5786787282711916 0.5759216994493098 0.6054117047949783 0.5885795659878552 0.6160336820196771 0.6286118262724725 0.6611318723960856 0.6169264670302009 0.587010808437729 0.6200536540241698 0.6075671531555682 0.5838194373228222 0.5600348243080763 0.5243377378235689 0.5487708920298003 0.5213620368339152 0.5174215853525221 0.5160773404812496 0.5630798767646885 0.5710028362490104 0.5671782065313247 0.5701827181887066 0.6073927889265177 0.5898741959433152
0.4161368355176712 0.44361585975130896 0.4767105683887971 0.4728609216609394 0.44027419695237696 0.41315072805261377 0.474230277183002 0.49398192902785776 0.4900117919752781 0.5211080259570243 0.5616254644489499 0.5684184143347043 0.5593142054237489 0.5812685979319472 0.5892306960738589 0.655658887274604 0.6147697042563105 0.5875519173196394 0.6103622134105462 0.610263888100551 0.5875614013955603 0.5760325082909609 0.6088749729079503 0.5908246853395803 0.5957205994814082 0.6507019604097906 0.5844557180157747 0.5820227486875452 0.5955057051718317 0.5763977985400305 0.5849821988720155 0.5374474966391457 0.5189054032822765 0.4997622417639773 0.48485790152919356 0.5180443551278346 0.4988560520145905 0.5230258773861381 0.5469983090361155 0.5197843138230931 0.547327447152528 0.5941146984300238 0.596030208683063
0.4152094077965064 0.4581891834250889 0.45024302394929955 0.4643820570094302 0.4715202177360737 0.47056898294276794 0.4608699207806343 0.47022930699111254 0.5235563587680723 0.5686546633634022 0.5448571488258767 0.542487145777352 0.577582815098618 0.5952454790546563 0.6380183844785036 0.6277225535956079 0.6292292081963926 0.6351770029297121 0.6110667956255208 0.6151671214817613 0.6438572125666223 0.6071409999615014 0.6445712867983409 0.6386092788384764 0.6015823845119145 0.6043679130507332 0.6001913904494258 0.6055227273771941 0.5914919665188665 0.5454959530769513 0.567039179022567 0.5217218529069035 0.5161708427454811 0.5265291280845132 0.5071791254307851 0.47997045150285683 0.5254378746350844 0.5241875229821389 0.49550741397895154 0.5405020144831367 0.5253985400713946 0.545061668556327 0.5488885172476595
0.4104688843880637 0.45217330916094933 0.4483593901334003 0.4661484439972119 0.44833150364089747 0.44086313651898007 0.4536360234215347 0.47171236455015864 0.556327317493183 0.6019237723618621 0.5816482706452193 0.5529758082619435 0.5818478190825057 0.6420092917520158 0.6324874279724816 0.6297746925648122 0.6335468264128911 0.6508029395446094 0.6577303553753997 0.6304403703664424 0.6292935592741629 0.6563504215829485 0.6268805119476341 0.6414432991779798 0.5897450914814224 0.6069692531955331 0.5784606916210917 0.5831304054368931 0.5496210072782098 0.5390989143538876 0.5751056672076998 0.550111530821595 0.49741521971025426 0.5099196846010345 0.507201336901875 0.4725826816083885 0.5304432899686098 0.5314223810485812 0.531821689304692 0.5141575530528231 0.49612265002606637 0.48609200669894825 0.5343827718355424
0.403191119186597 0.4500313611265508 0.4548775645304421 0.4363436266246371 0.46512586680753737 0.4491786888294283 0.48456399991485405 0.47678812117601543 0.5268756337142417 0.5428732843440532 0.5631429933530925 0.5497741162193585 0.5862644597752358 0.6335117501370486 0.6272249416716235 0.6391843760954921 0.6035100849743327 0.6558771037633406 0.6385834369652982 0.6425914249140329 0.6325626769898225 0.6288527438556788 0.6497561437950321 0.6393460390381521 0.5807876894721884 0.604291551689284 0.5885836001364402 0.5621045571648796 0.581960103420855 0.5741582875647384 0.5486180251198239 0.5399566619522667 0.5199586457336225 0.49967836465444776 0.49635419126119984 0.5107899209426684 0.5095947320912413 0.5358470158778603 0.561275847030658 0.5331871119108857 0.5069685877961906 0.49274717075246144 0.524062833363899
0.4605425861144369 0.43556677183345743 0.47047017114250367 0.4567801072293852 0.46314151088627314 0.4700738113129403 0.47168098120276025 0.4984745280042485 0.5013992731708568 0.5670104057856089 0.5576811490166486 0.5726815312317409 0.6143685067213132 0.6302686246759072 0.5930115690647366 0.5959207676521528 0.57974863255789 0.6230312280037983 0.6106852200777944 0.6033064670595049 0.5891278111518311 0.6190257512718037 0.6182546585098223 0.6102904837026721 0.5714257042711728 0.5572699449458896 0.5901829011066828 0.5845952537495553 0.5300551792887134 0.5165088755829532 0.5056991267792917 0.4859764494085073 0.5280715780299512 0.5091034764892046 0.5320901359389208 0.4930473522189254 0.531751410424803 0.5569321286158614 0.5400941912262051 0.5319095687544239 0.5348844306146459 0.48330504088618065 0.5194441964848152
0.4800672545389734 0.4358743047014673 0.476980634877022 0.4968702826392357 0.48895430909829934 0.4760478081940942 0.4897853593823794 0.4954359298046948 0.5042819398526095 0.5476690099082852 0.5463087910583365 0.5857766599721932 0.611536854301684 0.6358624711250476 0.614253539751359 0.6058833565554078 0.5622908534771364 0.5691031826764461 0.5620056386721501 0.6025874593049565 0.5820062375794999 0.5813924982146857 0.6183565941595871 0.5764040554470159 0.5444367439923432 0.5446097288968582 0.5730626166483197 0.5665778096420839 0.5373737280318938 0.48637120232460257 0.5134778564525303 0.5241258623300727 0.5138930142087121 0.5475303577760481 0.5294587836162801 0.5434349890973538 0.5008821935623942 0.50571747370188 0.5027517614430803 0.5023312794621193 0.5270314835024573 0.48371225052663397 0.5139353876475958
0.48584820906190573 0.4591546979254392 0.5053674528628972 0.49972560460036336 0.48909325210622706 0.4735420180292248 0.5092881413845765 0.46371768752989423 0.4575349753601423 0.4606302371886282 0.5362203696617938 0.6009143176813584 0.5924338132188604 0.6372163457229392 0.6207724810046293 0.5875320856096584 0.572851512437861 0.5501496666907171 0.5837858912456197 0.5774685073346457 0.5687424341875793 0.5913619132558117 0.5764435809092879 0.5911162557305167 0.5498149045181625 0.5260263952982792 0.5267976479189332 0.5098238229461525 0.5170865543576275 0.48817367385154764 0.5327860784152082 0.5363388767213335 0.5347256477560703 0.5589357335921519 0.5516159604455755 0.5529899311341795 0.5116509839492885 0.506528659582465 0.47840091343096897 0.4866308210781364 0.5158497028286864 0.5079679045786862 0.5533812488254509
0.5467723862998815 0.5181108576932374 0.5367139912066029 0.47803209628942295 0.4738522488506426 0.47544441203711224 0.5000988493934788 0.5035581267514297 0.4718782911499014 0.4696876017241708 0.541396616041504 0.5993708585379096 0.6107025243178419 0.6025566907130322 0.6310151075282405 0.6018253690316913 0.6096482623033902 0.5949478174787769 0.5724842828324291 0.570597591745164 0.6012257137171771 0.6022736636016607 0.5663526275732629 0.5361514823816694 0.5190514250201347 0.48679951117862985 0.4802907069529237 0.49882345472049355 0.4964985777892461 0.48565190425178323 0.48734582010139493 0.5224082229391096 0.5368582663835142 0.5604199391714783 0.5557033728847095 0.5243995742731752 0.5221214384401041 0.5173566742873268 0.49152864981867433 0.5261069259023465 0.5020108190380734 0.5459823524296425 0.5692726108553878
0.5695316685274273 0.591679368606208 0.5289953547157529 0.48772309246458145 0.5177015581637776 0.5094478622699747 0.5289000073988307 0.4963769825143571 0.510237068911469 0.49319381483735025 0.5523666295956727 0.5456017418894679 0.6037205986062832 0.5753231781527096 0.5810966452834565 0.6221668779809253 0.6235658500046397 0.5917394685925114 0.5942649254115343 0.6030181760244909 0.6247858155229806 0.6172560278534275 0.5617719367400954 0.5417146148754584 0.49321086716116197 0.4971728993325666 0.4697284405193035 0.4558889196378062 0.46761121436904773 0.5184974792232635 0.4774105696250815 0.4952042392585223 0.4801888516417615 0.49566131030258803 0.5479411597904041 0.5472639302472555 0.5430721390569565 0.5170451757660518 0.5337298036008828 0.5127165879662295 0.5631777417327148 0.5985320943987037 0.6117791494176339
