Raster_benchmarking/continuous/raster-167.asc
NCOLS 100
NROWS 100
XLLCORNER 1743161.4125743383
YLLCORNER 5469280.775160577
CELLSIZE 10
NODATA_VALUE -9999
[rows 19 to 37 of 100, columns 0 to 42 of 100]
0.4064894081887929 0.47534052325179116 0.6071730376510984 0.6078802764540451 0.6797994962804234 0.6712170160716044 0.6672919173558832 0.6837497465573769 0.8044447378510899 0.6999439198793436 0.6381008841469766 0.6652840592051547 0.6861523129570062 0.6335235756282227 0.5970643461098395 0.5466208745476643 0.44694743124590075 0.5210670718515156 0.5491840294482696 0.5367100941380495 0.5359888881651039 0.5534141407401474 0.5177044228119259 0.474370848324736 0.48571646451396117 0.47728293202880384 0.5126770576457692 0.495153880495018 0.43039732906171696 0.4746062981910003 0.5112467440519352 0.5124847309518654 0.5953405853134338 0.6263690557020755 0.6456790641431535 0.7104117344353843 0.7442856521733345 0.7157956501485685 0.7376882766444153 0.7144741754272332 0.7437613342644864 0.7263264870970955 0.6937655474646593
0.4075869636440688 0.46476737214559527 0.5440665684055206 0.6091589802783559 0.6213128750439052 0.6263351698146435 0.668562950182955 0.6725130284068245 0.6939090193587057 0.6499831369279245 0.6408481359828191 0.6347933691760017 0.6140344173749729 0.5910070200282909 0.5866462892803327 0.5034902320969399 0.46578894968579676 0.514370323287785 0.4945559669865539 0.5093992798395238 0.5113306728100877 0.5390990149155532 0.5329393065207948 0.5035835785175472 0.5304238078649736 0.5334596519114005 0.4908094751950136 0.4725553785517764 0.4584547122097354 0.5179520135895002 0.5162224160902011 0.5349078044512803 0.5504714614524767 0.5937266352173273 0.609246159572359 0.6593639975871168 0.7197793893547425 0.7099135156413152 0.6726742169057723 0.6703079694809897 0.6814634875640915 0.7238471135290508 0.717834118361375
0.44289779647686 0.4545478909849315 0.5292573454293001 0.5689595918261195 0.5536096706509267 0.6181139196087562 0.6311843356663631 0.5888212547815289 0.6032434845407063 0.5968190253603273 0.6201741507620724 0.6383314943117675 0.5753919006450038 0.5720748676644014 0.5262042641614115 0.5031810031699543 0.44135125760091437 0.4857094029544074 0.5224140179373119 0.544478119400352 0.5430764754571887 0.49142258488967794 0.5089421335424827 0.5155323049890881 0.5168247979098188 0.5212426002112542 0.5163399076570369 0.5057599560969176 0.5169515366852834 0.5620710695788422 0.5488446037223069 0.5119367090645373 0.5610823110472583 0.5689096143251368 0.5451974599362357 0.5777866376798256 0.6376806390957704 0.6686728578287042 0.6509589050516895 0.678143676800262 0.6502722671274356 0.665485246853462 0.6886346763582796
0.4317678948453263 0.43689739010990153 0.4402702778492184 0.49143661930612464 0.5325158138370786 0.5760265153594601 0.5765758476021863 0.5691223231512933 0.5815821925031155 0.6001825970404439 0.5948638843320463 0.6141741747438255 0.5722230534983462 0.5789267575326943 0.5485891016633958 0.5208688332697958 0.4411033927773157 0.44070882936184075 0.4474554416142441 0.5035447896497577 0.4763087943280373 0.4448890277352233 0.48605704827408963 0.5068906766287616 0.4888268934923642 0.5341394127535044 0.5086744397011145 0.49361980999154675 0.5273178021458524 0.5558752791147894 0.5139075035086427 0.5262488384471162 0.5426480806681091 0.49441389351036547 0.5448930628146105 0.5678363768158822 0.6106507507605884 0.6207927706599452 0.6563191627434489 0.6555570436811795 0.6302421585079081 0.6638042117931134 0.7124418483893269
0.39694910861815697 0.41064777376227923 0.4238205798908702 0.4469501336863903 0.49887552067241947 0.5304446735552942 0.5430050238728076 0.5264794767003875 0.5274877624201498 0.5735652915843509 0.5629257979663457 0.5509713413100475 0.5682305471746004 0.5745636587633651 0.5268331004831908 0.519339336530743 0.4830640359023796 0.4822767032757774 0.43966986293439747 0.41049862380036883 0.40327774360350493 0.3938047071469319 0.4388260862627483 0.45828622011229775 0.47216251567667594 0.48355389547805694 0.5242237031766247 0.5127745362058276 0.5242633414048476 0.5009499397765469 0.5132771297108794 0.5010377062577405 0.4563649749259937 0.5077781490331913 0.5030362576772831 0.5489533402813623 0.5990445998762323 0.627157019757615 0.5772423381596677 0.6427694367099587 0.615594230012815 0.6212786006220574 0.6805590670782196
0.39752351741788344 0.4086763021728094 0.3760658356386672 0.38797663730898846 0.4648309787785945 0.4602131541883635 0.45391414728524887 0.48587302157127593 0.5086904091596126 0.5121811788618426 0.4967282700735635 0.5165540312129948 0.5200471597019168 0.5103865260803182 0.5017307190900786 0.5293995308490174 0.4866635144497633 0.45162886292801263 0.4538244899103629 0.41906963707282574 0.3951110047288717 0.4142256396668611 0.46775200821804447 0.4619322369015789 0.4498461110417014 0.45488900375309604 0.43900391952198087 0.45635296282142473 0.4775230379114887 0.5109555513947834 0.4914734358104835 0.5096615555108462 0.487164636021463 0.4821684629355569 0.503320298119314 0.5199508231897049 0.598261704947033 0.617659636688481 0.6148167528065942 0.6374734470581191 0.5962121228465264 0.5876080963759316 0.6439934792328816
0.3788522358370935 0.37876983704348116 0.3488277581564087 0.3425665236579771 0.40564431249568633 0.4339551951737906 0.4501237435676017 0.43333209840057385 0.4958193209336309 0.47347791925063126 0.4961202507809212 0.4856613168555935 0.5430031031910107 0.5591199694166428 0.5315972352723626 0.4937615654713898 0.46106583952019337 0.4297087223784883 0.46313532781346034 0.4488964395609362 0.4447754487353013 0.4823431040483676 0.4898926190458305 0.412218524322179 0.39915393310483194 0.4455038202604025 0.41274476914954433 0.3946429708501666 0.44613337438297845 0.47256768376817654 0.480280516122844 0.44549963045082347 0.47901199343926687 0.4842216917781523 0.49699646344863774 0.5539858801747618 0.5760712176252962 0.5879736833993019 0.6357120241320521 0.6415608925046355 0.5996459815118221 0.562456949484848 0.5472604057897426
0.31362925397453717 0.31699554699634 0.3567122064550744 0.35265193874073697 0.36621658477312174 0.38789250532552233 0.400100200937244 0.38857006733222116 0.43673934733712677 0.4388683230176969 0.5044930027005698 0.4984273743248481 0.5563588916912897 0.5294077004692845 0.5618669881251742 0.5348202106256288 0.5184234532755131 0.44580181644472 0.450160653846264 0.45618147999068653 0.4885346801744717 0.4896193869202031 0.48019631127659657 0.41439680779554133 0.39560504430507104 0.4211890238268424 0.38618694577374607 0.38928830329078556 0.4152280274882482 0.43115179408019794 0.4461365476947317 0.4047440038468283 0.43253620089366634 0.4467589185335986 0.4833652673002794 0.512867296482634 0.5544914882000521 0.5632655127269982 0.5902978972648462 0.6267041206398877 0.6042514791466439 0.5978128189116587 0.5173316994469808
0.31621961508879165 0.35540348313105236 0.3440057090848079 0.31139880289785454 0.33089202443812715 0.3326461646019303 0.39124970827734323 0.3599550696519144 0.34187611752482305 0.4211059962404055 0.49481303090477285 0.5050167931214188 0.553763508492443 0.5432788031807357 0.5738124483760351 0.539951047379534 0.525110238305688 0.46454861506806433 0.43455565900953297 0.48097156502586813 0.48020605957134205 0.47902081006583025 0.4511158792997028 0.4623732145900672 0.42316177888820516 0.3974408229764008 0.4080777074639721 0.36399191491721156 0.39603930565978773 0.40689406051175675 0.4069583777016058 0.432076125005765 0.38491132861346067 0.46431982104004443 0.47890373976095074 0.5321636968253609 0.5279609403951904 0.5251370243386899 0.5483943076617064 0.5744751246456153 0.6207179363182393 0.6028283790084819 0.5323768235613182
0.3322140997548283 0.31898671887749475 0.2901604140262597 0.26952390054312114 0.32732976741510483 0.33642265668424615 0.373287811572618 0.36070677751188723 0.3530395620601453 0.41158187155367876 0.43974281869222104 0.48199667222895975 0.4775567817459066 0.5342888847728743 0.5179105495572909 0.5164102949220756 0.4785371787625544 0.49224607195731657 0.4563528180622856 0.48233643494536427 0.4739701955761314 0.5007075544435722 0.45367809442293244 0.48281913446622376 0.4264602079978927 0.40124742591991464 0.4294948327093169 0.3718780200721021 0.38564685666833326 0.4262864637194287 0.40789855367476896 0.45802054684443766 0.4323505564575432 0.4497068485267242 0.4445927163061053 0.49890341604190247 0.5273214492657037 0.5434300811491144 0.536857455760171 0.6052118285090735 0.6063038369767201 0.5836601477071124 0.5760417270902524
0.3129234042219327 0.26515661200838514 0.2215466909933465 0.23651552667217918 0.3024974486297508 0.3071768694806835 0.28772708286761667 0.37068674136772023 0.41049138455491185 0.439700125467076 0.4634455979653922 0.48342387868285797 0.4584195450376038 0.5284997330952557 0.5427169470010521 0.48801991789317267 0.49708206674956035 0.48030358331839407 0.47126821708339717 0.4651964178292902 0.5342715597472463 0.5511147359103933 0.499958467769288 0.5170920078876439 0.48692992526195006 0.4229741928917755 0.41762153335823515 0.3900935446015566 0.38498358357886003 0.3992021424055863 0.44089960675422357 0.4665115741144397 0.5064886280266678 0.47004002317653215 0.4767208517412655 0.45926691013837384 0.4598411422245987 0.48945289420292093 0.5732449000736034 0.5641594604306133 0.5644881367605538 0.5789543752287118 0.575484746176594
0.29680652438342864 0.266256866306568 0.26597860904068416 0.2363633007807497 0.21070980470611403 0.23312473323873859 0.24353379536763753 0.3188746618030097 0.3612814668972974 0.413168064393922 0.44083453962163943 0.4213347268220354 0.44114411126397673 0.45560854470411516 0.4828788662028587 0.4728306101358945 0.5101733947279881 0.4707304620925859 0.4481564650633719 0.48749275382006957 0.5247763345731352 0.5479546285340595 0.508257620826472 0.5168611187148313 0.4685674602496112 0.46827339348343067 0.43817745502363803 0.44578799522492846 0.4149232953265601 0.4114414225143942 0.4641072485870044 0.47544751770251403 0.49234695952752655 0.48878620857228117 0.4886656954702325 0.4554154234838811 0.464200304135256 0.4792834810316444 0.5214937260947952 0.5160821352315793 0.5641821960463473 0.5094632658069864 0.49298296315103063
0.2614909793128592 0.2369917192754733 0.21521514338892683 0.20824374227047157 0.1886664210511859 0.2006361828605225 0.226459831660983 0.261969719201156 0.34487086040102416 0.3730707651504128 0.4162184704772393 0.4427253213198918 0.43382181437080414 0.4692326995284579 0.45561914800588893 0.4480829860960633 0.5146111694267608 0.4559600831384317 0.44391234563078846 0.4711829349986455 0.5105226230099407 0.5235218311915706 0.5251202082579691 0.5023768659324126 0.4438056778223247 0.424288492441737 0.4086434897746126 0.4194141941054296 0.44400379782214267 0.4385754444218228 0.41896692392395 0.4699821073799537 0.5127648662974265 0.4876458764725205 0.5010500726770697 0.47287808663290715 0.4041462913541555 0.4519975102898683 0.5001573730883005 0.5072949468402044 0.5361243071647687 0.4677837733312841 0.44600121306521
0.27496242530097287 0.22481956839689943 0.2119826138946038 0.23225406808367505 0.18176319261929597 0.1918841290933708 0.23768132589997032 0.26694593750184337 0.3391612322042509 0.37576776483537255 0.36448643256376856 0.4055412066904003 0.4260840449137746 0.41270760294268105 0.47651780518867237 0.4717659005920012 0.5024977965986396 0.4724456187289876 0.46376514789666495 0.4897868820434185 0.5380370243508501 0.5396403105204934 0.5054785634544544 0.48158040885740633 0.43009460811785405 0.39864251740102824 0.4221502321269938 0.4270276637455537 0.45791191996145747 0.49156239479197084 0.4468960679650825 0.467440282905706 0.4953477203854607 0.513351931517861 0.45597043779166513 0.4303764152856103 0.4524840606416431 0.42126971674290054 0.4673674696914194 0.4762515761814681 0.4939239081394601 0.4861109145147106 0.4593575371160347
0.2539026055119141 0.2564587774698016 0.24235430183681403 0.22480746757065195 0.20997568562901361 0.23811819523811115 0.25886740098472133 0.2917570248164617 0.31009977949542655 0.3152027715257551 0.34459304359114623 0.3458105480210804 0.4003737346580081 0.3951891547531432 0.4426828426722089 0.4919864172640569 0.5012298411825338 0.4435550749875513 0.448119790998799 0.510290169943267 0.5132415269209816 0.5042838576732017 0.48887787407663286 0.4684480934057022 0.4350384224261332 0.45635108286246523 0.3944964239340015 0.44154537657247594 0.5036850944094637 0.5131393126418117 0.49375008825749683 0.47459972344640844 0.5352224639885702 0.5222950161882054 0.4722859229224385 0.4377970499852015 0.42733434967852485 0.46237958349123326 0.455099454218701 0.4187268283393463 0.4432291803296162 0.42706581172910807 0.4155839554564851
0.2260272520854056 0.2185577201550648 0.1994620460547182 0.23846884059677328 0.1815849635927079 0.19733487642197675 0.25810676253449727 0.25272818123034596 0.276810687637904 0.2625618040262971 0.2828468036691867 0.3311177736640352 0.4033084042818108 0.41047570399217925 0.42472487239783324 0.46929957578152737 0.4149561922796298 0.41671587297683593 0.47138718438559957 0.4583070798747533 0.4490438686867637 0.4748604854879734 0.48340428722508877 0.4322246931673109 0.43427715605473816 0.4716004759022813 0.47412337763625284 0.43320527426735445 0.4604566029252378 0.4740240538234807 0.49428276831466555 0.5208183304728451 0.48840196859842727 0.520069025223055 0.47072608225913326 0.4208450082365217 0.39505309412608847 0.4441767637064926 0.44396564588188187 0.40417826190506817 0.39661084914122774 0.38603881534021006 0.41785679175390195
0.2509396605017014 0.23728291367916646 0.18375623497814317 0.2360726452722519 0.20401520808650792 0.18161490958131637 0.2124784765415599 0.21254302937468528 0.22268662041235984 0.22932541041300245 0.26366896770406206 0.3255187504458999 0.3644589839059474 0.3698924138455619 0.41222033557405463 0.42118546599936985 0.4002331631298928 0.3915998662915444 0.4440414150354741 0.4725292303679285 0.45030628121801736 0.48114033705059245 0.45477929194698014 0.47767178401534555 0.4525623879889493 0.4835298940823486 0.47906775771234117 0.489146626413945 0.45973414501240445 0.46026545522177353 0.43864158249026836 0.5019064235212732 0.490604615513694 0.5357914463224066 0.48549459045338894 0.43709230441846075 0.3718226869224454 0.4067295823572738 0.43882442635185837 0.43380971705140725 0.39220317640960267 0.41479165553817193 0.37575136799610914
0.2251099720368707 0.23730609587554977 0.22724131647435347 0.21264858342544204 0.23291312526808308 0.1729512501425428 0.21273039843910527 0.17395632056480048 0.19299974656263214 0.22507649805958643 0.27309616775252865 0.2832654563270431 0.34092862894184817 0.3839854854577767 0.38661062961535037 0.3830617015652386 0.39351858686982316 0.42856966301939386 0.43789454397873223 0.43324293911486245 0.4458942301150583 0.4299070623876569 0.469608112315991 0.46336535162318065 0.4502402539287849 0.47120225518973413 0.5132179421225233 0.49916400785822035 0.48470568346901266 0.4824781887651905 0.48402760202044814 0.49074316528873974 0.49226586348627877 0.518831911632252 0.48919776353373456 0.46495713051948206 0.4396321154825416 0.38200955621554705 0.40956261441070463 0.41587773728450933 0.4644695223926825 0.4570480449362809 0.43323316336090584
0.2304364772912644 0.23682230218155392 0.17758856696733522 0.22059743531900194 0.2186537878237153 0.17728707433534235 0.17324401377872636 0.16210835631266002 0.15489641650083033 0.18709254877475526 0.24242020561216668 0.3237759169501058 0.35996658860164904 0.39262675747669895 0.366842418653415 0.345699869657693 0.38090848328027893 0.4319618182301659 0.447571777796853 0.3988728755465161 0.4208881679568098 0.457238229847954 0.418803297373905 0.4445837451135985 0.46855601171287714 0.4997543175032334 0.5244972040323795 0.5134742260591063 0.47753400690723 0.49870780721075625 0.45141216049103244 0.5016917986425438 0.504993466628649 0.4746443533037869 0.502694173750252 0.4520321170700269 0.4126397770520933 0.4314912297231111 0.41763737491764086 0.4395090763328236 0.476141047080007 0.45950227027041196 0.45673645543768354
