Raster_benchmarking/continuous/raster-180.asc
NCOLS 100
NROWS 100
XLLCORNER 1743155.9994724672
YLLCORNER 5469287.491229849
CELLSIZE 10
NODATA_VALUE -9999
[rows 38 to 56 of 100, columns 43 to 85 of 100]
0.5211628585823731 0.5614808753862522 0.5417992044719726 0.5772130704921836 0.5552242730521605 0.572040937045816 0.5472151798205609 0.5652863008076263 0.5547629067028659 0.5454754647839111 0.5420036035259352 0.5513379147203813 0.504297996230409 0.5269403071132447 0.5567537887475713 0.5110470743390363 0.4607674540681322 0.4324992684765024 0.3941879119325076 0.43697791032185124 0.4305498324351681 0.3965194446718641 0.4340316040789534 0.4476510389551768 0.4430070298283734 0.43926590735962856 0.43497823698779114 0.4834981507671404 0.4235807526278811 0.44948674076955664 0.45389782088123165 0.5069582932048147 0.5167116600099171 0.5501982720006582 0.5405211110460295 0.5339483885117592 0.6264674754490103 0.6566380797638893 0.6410423010388254 0.6519417934959338 0.6705895822312943 0.7238101570902664 0.7495438520431746
0.5346043322214802 0.5764375737383507 0.5648111805447812 0.5739315471294103 0.5605244417933603 0.5737642086465278 0.5700298084024126 0.6042585251439198 0.6196977356850493 0.5851130446528466 0.5096485150011311 0.5030155496756568 0.5238755983386738 0.547717081021592 0.5575481402995238 0.5229389955333268 0.4858754864324087 0.46607117592020886 0.42413734677114684 0.4719798646445043 0.4254593476683408 0.4575719049405621 0.4693840750168211 0.4842138788458353 0.44137961525345576 0.44420252667158205 0.515093973549072 0.48281267276831175 0.4629130324590156 0.47581385798263554 0.49336551051801225 0.5602153354966388 0.5952379909918885 0.5818072436777101 0.5818644830708474 0.5836877763235606 0.5935113613843617 0.6278877313866881 0.684513547303332 0.6477671192250974 0.6358678945636382 0.6888218618536162 0.7312434643790242
0.5810543431956116 0.5740794811129637 0.6036859048054527 0.6258206613634224 0.607599130575344 0.5814101543978456 0.5897640707216805 0.6028174319605961 0.625099474768049 0.5935106542689024 0.5180269966026922 0.5132826306266333 0.4946482338416213 0.4997594265224118 0.5250180136215222 0.514359896387431 0.5088173705561176 0.5069550323562694 0.511957875877614 0.49537397409922457 0.484197456864951 0.48868396655466256 0.5084936780880459 0.4608863948728862 0.49208338303694854 0.4962913311088134 0.48916473619429307 0.49623189055690436 0.5287966984307169 0.5310664917321457 0.5411034565604397 0.5327527687156987 0.5832475237688801 0.5875123576444065 0.6513051010223532 0.6684313134104977 0.6578977118903452 0.7049513503610867 0.7109086794887683 0.6691605347113889 0.6680377790580981 0.6785722945269282 0.7070117114607167
0.591783723387408 0.6021358063665667 0.6813527246212329 0.6205364763201395 0.6390017308599327 0.6228776839355692 0.6598929874133147 0.6358413114109631 0.6518402599409121 0.5820767506110449 0.521929400376822 0.4964633313712375 0.5044942862837727 0.5459709728627975 0.5397230113457605 0.551886501515803 0.5009699903902026 0.5359991022928082 0.5457607864331652 0.5718246017024625 0.5545146238550557 0.4981677653824747 0.49418377578799294 0.5037264158219367 0.515128084560241 0.5347582827994024 0.5250266507014495 0.5490132212157479 0.5225515101008567 0.5126576412574032 0.5390304130260535 0.557416626457735 0.5518894514921946 0.5925760046514088 0.6728173540649433 0.6827024060264062 0.6981630927626064 0.6821679369122853 0.7179896563037301 0.7412193203100024 0.7409479058681822 0.7029858732256377 0.6777361901455474
0.5877159229718569 0.5980449877675922 0.6497076954974212 0.6173473214139676 0.6127405168521769 0.6407414744994648 0.6156551623806082 0.6225367806181336 0.6000958207886228 0.556165464600229 0.5260920725158328 0.5206061655838534 0.556117388539967 0.5578928378959089 0.5667478635718094 0.5306952029662724 0.5254332015868319 0.5651262028327111 0.5797489160056436 0.5638749552561906 0.5251962549358308 0.5224894548150477 0.5236871568065321 0.5326712205783353 0.5623132759561708 0.5297494852030656 0.5447035955601294 0.5306109132728069 0.5537557072757323 0.5476483602157494 0.567783779034296 0.5921896875486106 0.6109716734339619 0.5962808614560159 0.6330754311179895 0.6520216206117588 0.7009879755720928 0.7090398870561311 0.7025843405197232 0.7185445254885907 0.7117291955047755 0.6824350542312299 0.6800291094238096
0.6176652954650371 0.590902483670846 0.6227857759570521 0.6330525958183902 0.6045337425056331 0.6217035274147064 0.6259711795073701 0.6300960346388172 0.6001648303599796 0.6004823548926881 0.55997422785584 0.6025652395388955 0.6250376147299479 0.5999350190859774 0.6072257870296899 0.5950215490504367 0.5765632714891349 0.5912695771784799 0.5368855461578418 0.5754099233313231 0.5663745768685782 0.5533298726423095 0.5191553310897519 0.5720104398340766 0.564879730407173 0.5522871503103639 0.5693479665957999 0.5917715845671296 0.6318399344730448 0.6138833219864489 0.5961035308685031 0.5847257801680984 0.5883105407013389 0.5965336908306649 0.6705268728218273 0.6910078723646175 0.6843012401366778 0.7086906047995246 0.7426523679139059 0.7517445894053654 0.720726974563495 0.6944377143509942 0.6978445720922446
0.6447664551629353 0.6204605421430709 0.6397631670011336 0.6281119319358633 0.6224592739446969 0.5926045319583877 0.5873622507736116 0.5900903698595759 0.5709246137252534 0.5732307811123525 0.5900832317953367 0.624204863153308 0.6130613761690037 0.6436456567088354 0.661222206983916 0.6174896294189222 0.6335736566551298 0.6219000369045461 0.5872250991997411 0.5419792278679554 0.5500157638580141 0.5472016715487408 0.5104141499073964 0.5467436962089507 0.5267942547700647 0.5629142934265348 0.6052562556798671 0.6025946163237152 0.6508125450575829 0.6110021246092135 0.6276663931909382 0.6521446509612726 0.6705799551403374 0.6446623034438936 0.6581085786019234 0.6874312619942808 0.7153645840069887 0.7147186141034337 0.7534830479153085 0.721287657526624 0.7454345709285531 0.694808480642167 0.7009373244477015
0.6512477715087158 0.6306592878304192 0.6601191868698912 0.655028136201199 0.6204974997040914 0.6108130357813848 0.5864258520000054 0.5662486587382543 0.6058813110873765 0.5969294126054385 0.6182155607801029 0.6226355916650911 0.6830774052122381 0.6504966055573489 0.6999761900014464 0.648415099243064 0.658661634506692 0.6379657551722964 0.5997757954600298 0.5598598415031545 0.5715270399340947 0.5638912754522852 0.551693095671102 0.5438622372353554 0.5468272605217461 0.5719155493550703 0.6298558432915282 0.6429272169211748 0.7013415434165909 0.6516539561426158 0.6385622737878265 0.6657360646514856 0.6825331848616729 0.6895395526085473 0.6859223589287305 0.6665079536842536 0.658573201333263 0.7150751869798431 0.7080944980623205 0.7183363326102881 0.7289698350011289 0.7443163082692991 0.7488042772392657
0.5699628790674792 0.6075315895762953 0.6385407793371308 0.6636091641087513 0.605084236667699 0.5798053372425583 0.6228201405484142 0.607839221901706 0.6267235561670944 0.6053495063379211 0.6434789145350918 0.6389047437068096 0.6814765409888381 0.6714543378662093 0.7116072593840005 0.7169554600570434 0.6759500845917579 0.6865946926838548 0.6320599797679024 0.6320332609067113 0.5996921863041902 0.5320085994144631 0.5505083927093284 0.5618581327704707 0.5666307421397148 0.5703562242299761 0.5834293103661236 0.6415511647433259 0.663116089694451 0.6887279845887537 0.6626111057197603 0.6388934773566628 0.639373497839108 0.6637457791806481 0.6841727248576522 0.6842634909948039 0.7195216699918416 0.7156317677307046 0.6848512528505818 0.7098471140436443 0.7282457841596764 0.7160207309599876 0.7086551154680077
0.5767104649512058 0.6375202928190147 0.6579063771694188 0.6236204519770469 0.6188922971518264 0.5761275258435176 0.59283320229074 0.6478893595043642 0.6554349899582649 0.6181628458902688 0.6368777940829498 0.6995780919342621 0.6845999233658323 0.7008888247032505 0.7410123949009614 0.7056238645342157 0.7185783463545173 0.6815270073212142 0.6816493247722845 0.6448878698428735 0.5849830815466995 0.5788318912938291 0.5321063806316322 0.5540569068396817 0.6097865572740742 0.6266832573444093 0.6139502834410107 0.6615566820656217 0.6984496187714558 0.7168524910853131 0.6591030334131202 0.6682055508584608 0.6911897414399292 0.7016814968703726 0.6962154532251568 0.7247010451211134 0.7050595659418554 0.7382902511211358 0.684436286884929 0.7041139355235861 0.6821692160591916 0.7066103318971999 0.6936583841625144
0.5941586562368998 0.6575151986840724 0.6819156583522537 0.6474979358768714 0.599703202338591 0.6048654881185817 0.6513711641877837 0.6396203625515605 0.6505835095397399 0.6717220843020003 0.7117372690834549 0.729942733601599 0.698724720659565 0.7325577510308209 0.7355630955027485 0.7265096283023177 0.7120053720751264 0.6753450124388912 0.6490355478215859 0.619437077960757 0.5927770399225587 0.5901892195569343 0.5448870659359308 0.5841534579804163 0.5692325399442071 0.590584608857702 0.6314494662260656 0.6970235024415673 0.7232307607826519 0.7031615948403787 0.7078416537706195 0.7120729524762123 0.6985624075233534 0.7485271072097944 0.7476147609301966 0.7544049378341189 0.7494919891214441 0.7334560214239982 0.7151946454027771 0.6802476490332843 0.6904170271315001 0.6739320672467186 0.7193895105760254
0.5982966360006282 0.6549184067644606 0.6699008992455847 0.6527301677916223 0.63707643159175 0.6673450202572333 0.6965537504338791 0.6729454371405249 0.6767646624718088 0.7329620325854936 0.7814235512141634 0.7117260487803297 0.6954358022981545 0.711062005682921 0.736467131309198 0.7013045325341296 0.7078640259996011 0.6581628293191897 0.6727391270924237 0.661580198469237 0.5908324358774923 0.6054853378626027 0.5908891016467708 0.5905752624535117 0.5762665122195817 0.6053725629411753 0.6608349490726918 0.6989232090712426 0.6879288421449827 0.6880791276935306 0.7411707763676717 0.7593215756117087 0.7233628164140752 0.7903988321809519 0.8375926770774539 0.8331277865520919 0.7850412756033034 0.7400562703486612 0.7276218790038043 0.7307473946237727 0.7396571728644483 0.7096824854336847 0.6838124911143462
0.6651797153414392 0.6731757365294466 0.6965802335946426 0.7056830921557864 0.6608983602826971 0.7035347568317799 0.7169810063921013 0.7087964301351434 0.7051055519004212 0.7517067325793969 0.7381299748271934 0.7313058222305623 0.7111035065100068 0.7082185067171098 0.727412545236455 0.7315650411219913 0.7455536058237902 0.6899191981998639 0.6979542308505515 0.6784935704897378 0.6022317458390996 0.5669803263741579 0.5981873218844486 0.5748325028375535 0.6034291021531677 0.5882026067894197 0.6244688932182559 0.6559192428790565 0.7072782898729902 0.7336436150083115 0.7667792828331197 0.7673854511222983 0.7736905177607654 0.7672881862347235 0.8466722059406078 0.8372770733071627 0.7917383899892803 0.7734662602584474 0.7416971319130166 0.7153175777556975 0.7242153562352683 0.7604546458504731 0.7574974650991919
0.6368731523889367 0.6896236107299742 0.694203308139521 0.7341913834462697 0.7038562928564276 0.7039992319635554 0.654719836643813 0.6738890309228766 0.6784554709529771 0.7215344011490354 0.7790386029425262 0.7724075061092043 0.7877284148219115 0.7228894407173277 0.7251500388257887 0.7329452069501714 0.7414089956285309 0.7151465601553421 0.7302650687740384 0.6717566688864122 0.5955547163878955 0.6031339681848995 0.6178072880632997 0.5975145243616153 0.5850950908824555 0.6275377949521669 0.6440940476697595 0.7025731448393416 0.6960016355904164 0.7484779653884619 0.7778386765419939 0.8025154293497432 0.763264559841812 0.7874034874887703 0.8197986623469012 0.8200685284184595 0.7952331922589748 0.7437218752833585 0.7101197717357102 0.7531548719713148 0.7449869089465659 0.7366383796833142 0.758093888876058
0.6413631261499678 0.6736853203797872 0.6884857875094998 0.7195157632672818 0.6892635929280148 0.6477121660715358 0.6469439765257048 0.6772968784909701 0.6946245438671655 0.7488493296566824 0.7769995437269959 0.7625223936352902 0.7497143144933391 0.7534306155773246 0.7409008630718387 0.7028638590053782 0.6723300573978218 0.7025904331495912 0.6888598331943159 0.6699697673760194 0.6228133334452554 0.5950130941481987 0.5895076486192677 0.5835054200535198 0.6042070557514214 0.5996971430471494 0.6088426735060287 0.6938584104666282 0.7240494322908791 0.7507573638892412 0.7743920470230872 0.7816016874406351 0.8006038515101881 0.8361312841162719 0.8219905786914391 0.8254035400751085 0.7828954537807278 0.7569757402860896 0.7477949919657233 0.759500060963945 0.7942750494238008 0.7903540136321087 0.7787473056442764
0.6309970375172316 0.6733151707614327 0.6901707646648206 0.6825798099086388 0.6619565726204047 0.6383309128836544 0.6243105446690859 0.6304526051302863 0.6983819219727427 0.6983538580042203 0.7805809152500589 0.7800701219526859 0.7703941278443058 0.7730043166634363 0.7238242139888428 0.7197651260073944 0.667999357535765 0.6820100120124202 0.7155998120944407 0.6421320535054221 0.6017934183131638 0.624987240260097 0.5902650448083255 0.6377563061612459 0.6555786484707633 0.6352623717075901 0.6246550720678776 0.70535882792319 0.73800752802557 0.7516988827467918 0.776814287735052 0.7612462936760921 0.8155292864586563 0.8148315594530071 0.8585517703163688 0.850918233755267 0.8344662353990632 0.7545321147201373 0.7284313184154222 0.7532504442908603 0.7767323934283432 0.7640139149830003 0.7619014456974462
0.6258593736481348 0.6611553366400327 0.669171539026817 0.6463547417696422 0.6275981424005129 0.6706898478059881 0.6504319684839176 0.6241391348126889 0.6903816847969613 0.6945301419017966 0.7373547857924336 0.7146120795109461 0.7022026154350418 0.7485606508436478 0.7545113824674442 0.6886370631836302 0.7025927080859178 0.71658094345801 0.7144241949436014 0.7052819805300802 0.6412689567755766 0.6182787919642493 0.6119842234582189 0.6500723693273723 0.6546624896362454 0.6700168736571382 0.6271408455525123 0.661820436126155 0.7139482497181733 0.7333685961107301 0.7636624884880339 0.7476201822548344 0.8279131354645393 0.8386106855806716 0.8421287805751874 0.8245909157513784 0.8410866519093039 0.802033894026543 0.7521979461828557 0.7661693222602971 0.7606315442892027 0.8098717136789191 0.7573282990403458
0.6320919897267993 0.6313134211407828 0.6572579178882177 0.6774888340786519 0.6366692356559878 0.6554522457615188 0.6551472441350127 0.6207495791815089 0.6431233488436642 0.6364203362194921 0.6768257848852668 0.6948253209698547 0.69058594209212 0.7397091325680295 0.7732815539397867 0.7517827991555645 0.6964065605036492 0.7245237996044912 0.6659419786663756 0.6800203870897193 0.7136202045566747 0.6781974683754045 0.6510788302844277 0.6353905428848753 0.6857634568542514 0.687393708513791 0.6332700933467413 0.6557644301002825 0.7113583192884082 0.7100581726946115 0.7251062115922795 0.7314520223587495 0.790264761981472 0.7868515315177362 0.8012232598794202 0.809842067414672 0.8134358187872693 0.7588671148229501 0.7702277879571062 0.7792274883678638 0.8094619867395391 0.7774034064446755 0.7908016040778233
0.647115526337957 0.646934964942024 0.6157754105968706 0.6711442540442212 0.6711151553432926 0.6754611597974024 0.6349841686128129 0.6568199957698994 0.6733774058331591 0.6287339324107846 0.6698788870207901 0.6647653345723614 0.7195590090123921 0.7306787535380846 0.7554857045964354 0.7685170157901076 0.7259899196527712 0.7164481879094627 0.7011251178579124 0.7286709877793823 0.7336698397289984 0.7221598560277794 0.6754217669083743 0.6711048486561638 0.7032445654559758 0.6848030024013915 0.6316228745196594 0.6569629124103571 0.6793670212664571 0.7534236665763915 0.7668299376225823 0.7463449291605811 0.8123719318824663 0.8258216546461311 0.8285956104075582 0.7857303129639479 0.7954734994906026 0.7769463631831564 0.8215901700060345 0.7964613808096126 0.8039634834874656 0.7848469589541129 0.7728623562751925
