Raster_benchmarking/continuous/raster-160.asc
NCOLS 100
NROWS 100
XLLCORNER 1743164.2186135966
YLLCORNER 5469281.373860004
CELLSIZE 10
NODATA_VALUE -9999
[rows 76 to 94 of 100, columns 0 to 42 of 100]
0.3820341259423905 0.38930777553365453 0.3840222024073208 0.36058373762609275 0.3885529467053346 0.41772851146095175 0.3690944234197625 0.37587021697198797 0.3730428942213229 0.4144500908844016 0.46530303954240826 0.5132488542964837 0.4904832685248413 0.5019952551524617 0.5127072040759034 0.4875630323943454 0.5006734023614124 0.5001705786646653 0.47003225246142677 0.5035138662231907 0.48106292461916067 0.5292353942285908 0.5718267773184369 0.5921936564404413 0.6199239000421805 0.6500440275963096 0.6665837498571873 0.661477165375245 0.6575195004744877 0.65197321674705 0.6663178074989091 0.7308953890353884 0.7315200588850055 0.7125726465668989 0.7403282744764342 0.745889428465899 0.7622868224584011 0.8045285362791689 0.7902696142049779 0.7868100031241593 0.7729360939718353 0.7384942885136316 0.702323561725837
0.3515740453574404 0.34910421451243445 0.363109565648863 0.37318343734348647 0.3361656659348454 0.3742015804679729 0.35960342846325183 0.33674204294019594 0.3267803168625328 0.3906872074714708 0.4417356826177227 0.4394976761537084 0.48846589147256697 0.458979943618663 0.47278846510152306 0.5043866722731557 0.5111663775245413 0.48115504011144683 0.49050799334875594 0.4642558116109647 0.4452825577260026 0.49946230859911217 0.5643799410818714 0.6171046161596107 0.6377250646217568 0.6708099267613139 0.671873000151304 0.6711826574629773 0.6708239454654892 0.685021350992511 0.6518783819856628 0.7067146191191097 0.7168402558249505 0.6987071280626855 0.7256748029121964 0.779294434771672 0.8166350881959736 0.8388515551432042 0.8455628504559778 0.8015832106934546 0.8264247845246427 0.7751235932918578 0.7371569566476811
0.33654943964023026 0.36565096054155855 0.3547737296197171 0.35026413259047134 0.36719679869035843 0.34606408169263136 0.3308982932335329 0.35006299675555724 0.3336025769368267 0.3798035718460708 0.41367016715240323 0.4146733952399744 0.4455573043366247 0.4842319140941914 0.4948628261856144 0.4782884443167951 0.5157281726852341 0.515288410033718 0.48337960846107464 0.47769099445827384 0.5077682863190947 0.5272969249392317 0.5395079834420604 0.5654997465162329 0.6178415112535918 0.616838597710677 0.6235717160542855 0.6780645987188396 0.6778174233693286 0.6581731289938606 0.6417293146632856 0.6630262469648689 0.706081464443634 0.7486020404503254 0.7744804569461121 0.7950076573130935 0.8331612210282505 0.8387515822636787 0.8426277939618892 0.8240967259103933 0.796619916415559 0.8101256305500757 0.8068538765183336
0.3808928035184967 0.39132275902694913 0.3634312464976056 0.3463211636634578 0.35728487053633345 0.33397464326226245 0.296531144515781 0.34357885626001794 0.3396757502340846 0.36039298524220387 0.42552498598398286 0.43506128015634876 0.41473125865686084 0.4723485268328458 0.46426757194882445 0.4535205693364974 0.4578449250990627 0.4512691344316888 0.48667805242940093 0.4941964670685646 0.46970293509830785 0.49905170555227124 0.5456253440542989 0.5659229855950072 0.5878267356455461 0.6074455115415921 0.6284874351425707 0.6771655564822072 0.6417302234975217 0.6451364424930793 0.6654367807330542 0.6626609014311557 0.6985086517464733 0.7439637222145963 0.7481017706805159 0.7970694763465833 0.819756208391731 0.8434746157787858 0.7852070111030411 0.7798945396558269 0.762380855702677 0.8038514727280045 0.8059202925681977
0.37734472814143494 0.3785811916305573 0.35948242940140107 0.35541458865438436 0.363468505510487 0.3733827139879524 0.34333673566462536 0.3203177725232349 0.33462144578763753 0.3933078777073954 0.4194484971275193 0.4031469747281453 0.40657261775907705 0.4390001609885371 0.4238764996947725 0.42818209694273124 0.4351698797964265 0.42828575525830453 0.4242713935832418 0.47632836414072643 0.4559981183021249 0.4837615572179168 0.5357950716674409 0.5650316777656422 0.5711181652839258 0.6022672441108228 0.6498243712986591 0.6595723255495639 0.6338077496548835 0.6517106787671447 0.6527328092808187 0.6859342964510251 0.6677058365111864 0.6906091248240437 0.7451323742136546 0.7996225104372565 0.8109602688639447 0.8291662716131291 0.8113582331216191 0.8125737750172441 0.7905189430708941 0.7731513814175903 0.7942621298644352
0.38114936870715777 0.3873030303302718 0.33152961539583986 0.3738785992936835 0.36360396698909936 0.3656321720312333 0.3754029263247165 0.3579278296915198 0.34276526239727956 0.33702919384724606 0.355213573221957 0.3808950772493199 0.4317009458655122 0.3895603249248294 0.38975711263543317 0.36913016020700656 0.33135884059883547 0.37797649359930885 0.3813540153116898 0.4615647413319969 0.48821576356689095 0.5142186013207468 0.5439877054301286 0.5669503263569995 0.5848776675660693 0.5776953466813739 0.6375623657435784 0.6804501935768233 0.6936438540529982 0.6687053120025337 0.6807844997408639 0.6781083192783376 0.6781403327843839 0.6994760271748689 0.7275355301671295 0.7744330625220408 0.8448427578625906 0.862628874169769 0.8560309383989618 0.8334368233999823 0.8079918904818856 0.8258943667589579 0.8221945372398236
0.3878375029543314 0.37190455578010473 0.3402292904643998 0.37500338306488534 0.36609488305767623 0.38548005749889347 0.3717018916636713 0.3554451251866714 0.36359638563233 0.3421875558582361 0.3728343950531489 0.3669974022000915 0.3849508314741843 0.354801938880635 0.335471141518186 0.3594922457416883 0.3382751284412963 0.3664108597645476 0.4159330337292854 0.4344235184935173 0.4438068680009403 0.46592985905549833 0.48247504485819315 0.5217064298021432 0.5477008107030981 0.5907064287567814 0.5995568350826068 0.6467262801009933 0.6964603035211053 0.697826752993903 0.6873897823794866 0.7406340873220426 0.7366079787995159 0.7587201841176309 0.7831462281080729 0.7941412153169191 0.8487470472081415 0.844087480862883 0.8377965628470387 0.878363295827769 0.8567820452749952 0.8375705343684128 0.8953607256879507
0.3862876397891893 0.36809598043542635 0.34626593432125985 0.3660951834912403 0.3709938368242135 0.3295967789013065 0.3190997900337882 0.3297402911192139 0.3036587689118616 0.324777023085139 0.32222652972307103 0.3096371817735483 0.3104539051419746 0.3377394515610125 0.3372675211322851 0.3469459126445376 0.38202006977737296 0.3488916004071456 0.3716147859865234 0.4309294391247547 0.4579778082576299 0.45129966438186275 0.468111846651666 0.4871321659081437 0.5263000015644581 0.5602357604968161 0.61795414876268 0.6233009922925837 0.65444364807615 0.6699582253264518 0.7065583134377917 0.7541794154299706 0.7843622814732573 0.7854684333989885 0.799946124126698 0.7917415383427601 0.8231515876367262 0.8314435799808296 0.8548749323329554 0.8550158265033045 0.8888189782824901 0.8987343662106358 0.9085502455665101
0.3692598645484333 0.3597841968359592 0.36387372820034797 0.31437811989500175 0.3236642687470729 0.3466172531516132 0.31656773233198565 0.3200524734819929 0.3581199288239467 0.34235482868379075 0.33729544119641186 0.32831608782168104 0.32152808935473987 0.3106708122944782 0.3307101263270619 0.3447837779972904 0.3468480591917416 0.375563814245486 0.3884310061135276 0.40175496622080553 0.3887519208355061 0.41479862471069445 0.4689524729340902 0.46313487500351014 0.5214796518379051 0.5743860570071856 0.5871699066750665 0.631505949355985 0.6968348862219589 0.731879424023798 0.7094677794075439 0.7342292084415746 0.748699487416797 0.7635460682279767 0.793856672001258 0.7857132073748901 0.8068590496855309 0.8380089590514921 0.8241208836699939 0.8699250615253323 0.8625824467741288 0.8986446160269299 0.8768602934981646
0.3818463165384037 0.3663867066160764 0.33835651329380195 0.3106540899578977 0.2939153003857671 0.3407463925190523 0.36638486072989834 0.3401063769680739 0.39756241444462037 0.3857969095451356 0.32282154736804763 0.33556208559604356 0.27841163641216343 0.2891431140608724 0.2904484471501217 0.31979910177230664 0.34529980463994364 0.3339909556976798 0.35053187537865027 0.3859173234924883 0.3822352332627154 0.43460808576914056 0.4465119948338079 0.46161641737555814 0.5087474005505689 0.5745954694961182 0.6000959950613539 0.6284527208315455 0.7031607863901663 0.7432890094642194 0.7683325482036654 0.7631482374165915 0.7910140086842931 0.7721483154836646 0.7921665559409247 0.7774291620825583 0.8068153987766155 0.8278668434918228 0.8088739496906348 0.8597345325050356 0.8252120408641657 0.9138926936294794 0.923928695626127
0.35136362344678757 0.34654500529400045 0.34289096533987584 0.30978716904307646 0.3258397673689996 0.3270605299759806 0.34027772695402936 0.36270029226710154 0.3990121586507579 0.3693861736131606 0.3545533904339833 0.3249001628621075 0.29546354652000056 0.27760689259639626 0.3123581631215767 0.3262646974292853 0.38553361027286015 0.37096321414410055 0.4001008186670202 0.38627540858407505 0.40418985051225154 0.44388445644781854 0.4635311338278058 0.5333209943758883 0.5807395918355628 0.5851781054661896 0.6337020911930931 0.6631755465167316 0.7070108870879321 0.7225166240291062 0.7637032722910714 0.7529269533583108 0.7712098699178693 0.8101736485665357 0.7952014023289594 0.8094120229951399 0.8292146071862904 0.8240079663347492 0.8232784473102948 0.8311710661696662 0.8366617871908478 0.9105278930426345 0.9128427531527674
0.37984005810493787 0.3666029975171721 0.3452172195791562 0.34678417807679096 0.3705123280214089 0.3288037072401634 0.39164568069994615 0.37340703116961027 0.40347107252054726 0.3621676640593236 0.3634824757541078 0.328922865493708 0.2748016397206858 0.3143706213195076 0.33869894018290686 0.3513579413107722 0.4139787305235303 0.41335606205854275 0.38106188973762634 0.3893879693336407 0.3968898780021888 0.43490117351405383 0.5083010945465717 0.550465016171402 0.5937545516760078 0.6210772031241821 0.6473190429633883 0.6843245579524093 0.724726076020925 0.6942670779299908 0.7151515708652915 0.7593159817340743 0.7676986865403111 0.8168881416727414 0.8179193870894487 0.8520090092107954 0.8091541762354171 0.8201308374183134 0.8844629391939074 0.9094350691336793 0.8792362500576343 0.9088288106111184 0.9280783793286745
0.39186107084807026 0.3401242563889538 0.33822536838527034 0.34689437818712104 0.36082927508631363 0.33733852422972743 0.3685435476556185 0.36800119393064784 0.3836602257695735 0.3942987000031684 0.3772007433224661 0.34820703031906375 0.3263595895923076 0.30104238230144925 0.3747909742750999 0.40724499019571997 0.42997275608236024 0.40206252321852004 0.41631992447717764 0.4376221387116441 0.4644500566818198 0.475603382416007 0.49867195936752207 0.5487075333721217 0.610419850773415 0.6253825423294027 0.6485433863032329 0.6789888905705153 0.7176802392087578 0.7186453847175147 0.7735006949315966 0.7716198760489063 0.7906562110026437 0.8283157337975622 0.8172092408697337 0.8580004859209134 0.8285055139065569 0.8480923286423986 0.8751797892867805 0.9283490601209816 0.942205623576751 0.9642162830138912 0.9552180175285571
0.37125879178897786 0.35421260280741196 0.3244463643133888 0.3388524361330463 0.3372308547407363 0.34916480765546454 0.34031290119338825 0.3714550395569508 0.3605195689012759 0.383156212639144 0.3777277864834287 0.3518339216088271 0.27901352306985316 0.31008121151759216 0.3837345036115405 0.3974610400594449 0.4178575555881962 0.4285403208304126 0.4499559372381115 0.4603689718890509 0.48596026737760767 0.48783086385943597 0.5016742267120059 0.5344362838868278 0.5794684728049584 0.6203443580477866 0.6843870148387853 0.6479975618955609 0.669698402563812 0.7140023884799416 0.7807902497535697 0.8222599364147036 0.8239544888229834 0.8510734424137069 0.8440304854017365 0.8373443671479531 0.8708095292092127 0.8680662000041981 0.8810402009654762 0.9186936420535943 0.9688157945267208 0.9349129261130532 0.976081280692248
0.4002976641554321 0.38254030175206943 0.339850119856626 0.35611786993632827 0.3228803280259471 0.3329609203898557 0.317401149163112 0.3458252225121416 0.3346447915375966 0.33350929767696247 0.36519240789198804 0.3516579363077101 0.3084156416821001 0.336106068980457 0.36938734687549957 0.3845090078267283 0.4189304622864766 0.4040200022975035 0.4826788078760637 0.4937624515674139 0.4840066047765193 0.5107754050954119 0.5353584605497604 0.5680660601209153 0.5975263198213709 0.6333319524402925 0.656450810909126 0.6573555411439821 0.6711181731506736 0.761546644445486 0.7801540250700417 0.8123561402568615 0.847699014545147 0.8673737248141586 0.8647216474028043 0.8772915315509323 0.8765133972162247 0.9015530517342535 0.9164570644137005 0.9077422877216411 0.9071496616025522 0.9311265662122269 0.9274528420964092
0.36995036228216494 0.35784279853826007 0.36982592860020896 0.3195105977311678 0.29874074178167725 0.3041951157897896 0.31342823119147384 0.3304820163565889 0.343084716509383 0.34965980086103177 0.33635618212011986 0.30467674324906496 0.30081867988616 0.3205398737572878 0.3606878657748116 0.36078204861014884 0.38987847321014024 0.45241342808086044 0.47268380440764807 0.48541668236834723 0.5055278059942971 0.5126682031361657 0.5724953059436808 0.59978536362025 0.6067774350428304 0.6136559370698589 0.6660760500154733 0.6896294117303086 0.6931806611185309 0.7613493880248497 0.793774458913923 0.7980363279519328 0.8443940293779499 0.8420576232709099 0.8672726954315498 0.8632307910119924 0.9287618463690872 0.8985923416778561 0.9467560013733182 0.9392241496710958 0.934326977100496 0.9255646813995816 0.8945880114709301
0.3843339661953464 0.36634907896545116 0.3581316708346974 0.3016605951926522 0.272757162768624 0.2996007296694761 0.32406287168771075 0.3327015593250399 0.36933256040070905 0.3870167446375871 0.3690521304841649 0.3268311895847409 0.30558617531987736 0.29611935688311214 0.33871760905703496 0.35981309392872807 0.37481971659610813 0.450754740637226 0.4641217441057065 0.5121373540618605 0.5058584979355938 0.5615756953929943 0.5760588605667878 0.6155778053084142 0.633902328544114 0.6613367348211503 0.67519661738492 0.7099349865568565 0.6913004028361072 0.712216681922647 0.7315188742755213 0.7985087148398793 0.8149355617461074 0.8376607920265275 0.8431508230322227 0.8799769509166432 0.908506175567578 0.9206874607438611 0.924861472352406 0.9163945494223981 0.931928364650934 0.9035766512991522 0.941757202644484
0.37332997875979496 0.34441147084110596 0.29849596048417093 0.30168896722374416 0.27600860515234354 0.2901853044401166 0.34681959094350867 0.37590981810266577 0.4118408707707267 0.411993055903416 0.38905717600450457 0.3159173248135506 0.29061251142934597 0.340534055693591 0.3389258247262352 0.3577733280150326 0.3834371021023232 0.41892383648202874 0.46104478415415023 0.5134737674813228 0.5541578678109682 0.561402027580612 0.6500036172598702 0.6552870748122586 0.6769395519477422 0.720761316313598 0.7473920993329464 0.7240360378647132 0.7411275714705337 0.7382194620942906 0.7352587722052126 0.7907218197278537 0.8216792139134714 0.8428432607139269 0.8736270587962227 0.8542380164177485 0.8929067401891009 0.8938635431517861 0.8518064026918707 0.8445537773136241 0.8670202007216672 0.8705141656526376 0.9281251345983274
0.40494127923319373 0.37531422993260366 0.34162209286337397 0.3099536960637015 0.29571478842985294 0.31468011083004044 0.3326136088230938 0.39088624564749913 0.3763308126831055 0.4046122914570253 0.37640385450995256 0.3642210236658537 0.3602958760245376 0.3313915513780597 0.3448020263440229 0.3891112014305508 0.40811625492534126 0.47919904995951734 0.5297533949926811 0.5569612366718548 0.5685066677230898 0.5910872234894717 0.6453494915623321 0.6833309863953196 0.6634574098808959 0.6854968131994895 0.6958477397554336 0.7286744459817531 0.73331674375632 0.7584582328948732 0.7733491370070764 0.7492692119119089 0.8116289897383342 0.8235859805068761 0.8594942867647049 0.8791926559467669 0.8826449024261708 0.8930032636031926 0.8600089679014775 0.8248679779477792 0.8490577279207153 0.8933808314991559 0.916651758497628
