Raster_benchmarking/continuous/raster-344.asc
NCOLS 100
NROWS 100
XLLCORNER 1743157.3779827505
YLLCORNER 5469281.669357743
CELLSIZE 10
NODATA_VALUE -9999
[rows 19 to 37 of 100, columns 43 to 85 of 100]
0.4133573767621291 0.37067992929202465 0.3392863650567923 0.3525019103171168 0.3171177672308052 0.3549158662099838 0.39033158434499904 0.40393151509455094 0.39774311829829395 0.4020791658738519 0.4275954214563217 0.4014247712365535 0.39760501323077924 0.41537034058702066 0.4444033846164105 0.45956399590477026 0.46703750969288677 0.467364945292195 0.46143914739841796 0.45368887853689377 0.48696009382270566 0.4925525345923498 0.4753052230817362 0.5010757495979523 0.4976008105421298 0.507983484172548 0.49919930635987936 0.46729961252654345 0.4232878400810566 0.3871396359399445 0.3709340349723723 0.3660020244314619 0.3348359405029104 0.33710239649683255 0.3100133770573057 0.2758660367828405 0.2762999251775009 0.2595294246459096 0.23584309346775523 0.2135319953888746 0.21960556365027453 0.2398005878358461 0.23165144700842355
0.4435495815511728 0.409667299900116 0.3525425378904851 0.32782774377501306 0.3177857135368608 0.33065910824840644 0.36266872500077957 0.4041648430576765 0.4100991127802663 0.4101957841157907 0.4290781875888379 0.43798028478148315 0.4252934575739472 0.4212623827353714 0.411627279604164 0.4630253234688822 0.4517915083180706 0.45084156050819063 0.440636905175777 0.4327363470004623 0.45581008546772683 0.4593814201279289 0.4408637544629188 0.4603351036262912 0.4422046173707212 0.44698843927601856 0.4765085933899832 0.4450802741801135 0.3839211314317244 0.38742739518944147 0.3426702241346223 0.3494902279981572 0.30840469140221644 0.32412099615449796 0.3036744963414452 0.2763628522916503 0.25446710517346 0.26910571700907204 0.2475850826840242 0.21189632281650098 0.23523049332463042 0.25453891513398186 0.24505109914718215
0.46361652440810386 0.41671551077502367 0.36795841062109913 0.36297386199862464 0.3361701325970488 0.3611455581189885 0.4191131346911958 0.4225658776530499 0.4084238730756914 0.4415695294961501 0.43212877613227574 0.41641044503829366 0.4181680201742075 0.4317291985913557 0.4475488958862994 0.43800504320814515 0.4293393656304059 0.3907346076938006 0.40957085934094495 0.42658292935678693 0.434268873096957 0.4253070067573557 0.4551118121134559 0.4493281127187017 0.44800392097989244 0.44060532582342016 0.4080081065644037 0.40097040851828236 0.36463380800267436 0.3594831122285609 0.35387275638239984 0.3188174345368029 0.31425229991331183 0.33120108933763515 0.2969069579510055 0.2816888043905901 0.26266486056414096 0.26258995461460904 0.2710536303158591 0.2373067392048516 0.25001286893674624 0.24365734340105352 0.2371619741422282
0.439454990334058 0.4290170169625682 0.3839987677692811 0.40424575460853834 0.3822643227252663 0.39183305558574083 0.4401925221549847 0.4375366669608588 0.4440435904488409 0.4242988481814026 0.4249735912478184 0.4450230542188306 0.4499543657140014 0.42384589611680434 0.43347417823629564 0.40147338642312586 0.37958923028014824 0.4018439370752494 0.37181737599843084 0.4141658849737608 0.40527784660189903 0.4069283266737779 0.43543573454020235 0.3990464391635704 0.40480302773451876 0.40048484190644673 0.38962524086020944 0.37361320332207704 0.37700059291820415 0.32866900213142214 0.3131888513555474 0.30624252107097144 0.3177566689820319 0.3321799573528935 0.31934338060417305 0.2911397414634311 0.2767076776297473 0.29651426408324477 0.28176166636469413 0.2501612697015804 0.25790481369064905 0.2661251327092014 0.23717347008357537
0.4726301084075601 0.42554882064639615 0.40420911927897335 0.4051987140832966 0.3952623033833563 0.4232376190436653 0.456956096594881 0.45081753893923193 0.48509223660881273 0.4807895356900157 0.4748448168013461 0.46907855707827106 0.440316504694624 0.45767362032963976 0.4357311261614015 0.4182760225176832 0.38141456523896206 0.3909990843891557 0.3729119004069243 0.3817948820039238 0.36315930513879063 0.38881123099585496 0.40882535411936277 0.37130860128044696 0.36167690154929033 0.3680759633198729 0.34071758307113686 0.3359463111028143 0.3360487598837165 0.305419821013301 0.3203128112189711 0.30507823569873216 0.29833900622121934 0.30880182812388335 0.3003186748769034 0.2669870855540862 0.2818708668688851 0.2769216633075255 0.2784255034501304 0.25413960589275725 0.2723904857093887 0.24005347450153713 0.2374773638657781
0.4673672116611613 0.4536291163768778 0.47571642930337815 0.45069785621459363 0.45363495969646406 0.4697768040386455 0.4573918482613961 0.45573101571522256 0.4935245657887713 0.4619086329970359 0.47500470707881487 0.48611336580859227 0.4699361985395753 0.4696373860522331 0.42537868135798046 0.40675115302264525 0.389209959298558 0.40109300710868584 0.3770121233197219 0.3669467576193117 0.3517115225254673 0.3635612873011832 0.3546502141783501 0.34815222853835687 0.3683452720128516 0.3500702385041859 0.28018661765206676 0.2974255505047105 0.29513343985537677 0.315846176785296 0.32926820702206977 0.2993463140711159 0.2806995258699024 0.2672484423958634 0.2771720606682448 0.2802473213432761 0.26669167527260745 0.2471876256827374 0.23938489464802587 0.2617379948830548 0.25522234758383733 0.26039691809801147 0.2627458218710663
0.5192734833813788 0.48952711362759044 0.4872654425538768 0.4477301066917262 0.4323597773900789 0.45235177369090457 0.4440744544234855 0.48029949131612126 0.4559918538375238 0.4922695303841493 0.47944667956203463 0.4572984466790332 0.44881347030179825 0.44632547858893523 0.40466682721229513 0.4292993045956304 0.40960582423398145 0.4227489980912191 0.41186312748067383 0.39901103432485413 0.3505536968529568 0.3538453869178612 0.33846731620938214 0.3476814256331432 0.36034351482833843 0.3178352340086207 0.320503253107045 0.28401558138332805 0.27842144432447885 0.29474760882577133 0.3111412916650091 0.27799114336346975 0.2734743525666712 0.28401088226856136 0.2789316293537881 0.2856396426653665 0.3023606314331277 0.28268425185501006 0.25129429259579344 0.2665908367622267 0.2529202828675761 0.2652580206608647 0.2641565005622983
0.5284766952487077 0.4878411705739614 0.4641896101071758 0.47109671826101707 0.4434858258655772 0.4367773191891075 0.45621720625456036 0.45942159105592606 0.44512147721604894 0.47258669503789813 0.47012518512728274 0.47804698418888264 0.47570894580601525 0.4616577731605375 0.40628490078394014 0.4092730824355365 0.4332027500649026 0.41059774485535505 0.4267088321288527 0.4163477277870435 0.37518039497185035 0.35509118908687554 0.3618637340991048 0.3501969267899974 0.3278775041771317 0.3356723836545466 0.3258542359260592 0.29570280915002983 0.31724778718992713 0.30045972527792525 0.29036807124661795 0.2951775934715992 0.28007247895672316 0.28108595462486674 0.28847239265301594 0.27025807223076387 0.3025606759280035 0.3078382981268776 0.2851070864254859 0.2740104617765181 0.2747023380239066 0.3037749398382875 0.27582981550259056
0.5143918075760846 0.5274028878230506 0.4968242897912476 0.4497422544436853 0.4325717001754526 0.42249964403010903 0.45642053342669875 0.4574485885379352 0.44202826316170496 0.449423591677485 0.43832253572207425 0.4536595608921886 0.4411919101047121 0.46299438871670906 0.41372763063032136 0.4384359997882856 0.42381201714198663 0.4178665005551518 0.3932143752260524 0.37780999492198025 0.37212185309758666 0.3653671476841998 0.3432859116112801 0.3123014265198884 0.3311286387122682 0.3201921681450579 0.30867399907761456 0.33284464243564005 0.32559921531460384 0.2769349802988987 0.2658549980584731 0.27623048930239164 0.27991717251145315 0.28844921872332224 0.27191119025168975 0.2835074781504819 0.30938191323294123 0.3058484918529713 0.2975934354381371 0.3233405363252039 0.30219298044042686 0.31240790474185615 0.30052421672496654
0.5546001284448285 0.5113755292197864 0.5163112980275241 0.4408759209756732 0.4259760584167835 0.42982485487474936 0.4273691168542178 0.42899710502583943 0.4453721363042811 0.4359498809380535 0.43168199816194447 0.4600776806267928 0.45414941905200124 0.4431087098441118 0.42372804707560047 0.4232980045554532 0.4071527844877822 0.40671917750637315 0.36509413807152774 0.37116513345736246 0.3295895099849944 0.3593978705217029 0.34587501134056303 0.3089241331063169 0.3009557644222306 0.2993105769878109 0.32743061237901067 0.31654990190238264 0.31657666165544646 0.26730988287497726 0.2522055365066447 0.2555294418135906 0.3003446923926577 0.3020405766284953 0.27731113879957114 0.3006655617240935 0.3058453737468258 0.2970799006607248 0.3636314715527451 0.3330465458403588 0.3713685530295265 0.3734623570407548 0.3584724841161034
0.5320423638943093 0.5381672451578801 0.4823713372461936 0.4568731907734828 0.4222840935677221 0.4333409324864727 0.4093610800289298 0.414018990262614 0.42092946315265384 0.42145759887614803 0.43712054979353754 0.4171025828895454 0.4167358976827261 0.38376009818354995 0.3664850431841574 0.3871195724242284 0.38747266334055674 0.3634233116303641 0.3555906262882452 0.3355481280180889 0.31758001480895776 0.3453576261129615 0.32206788718487245 0.3304662071173953 0.3252380065385985 0.2912633733307046 0.3173915137706295 0.3038073583042614 0.2818108579043259 0.2955034437671637 0.2580082647603975 0.27715048822063365 0.295035024684253 0.3026394772704351 0.28165998312327234 0.2833597766501326 0.3092518682063776 0.3036426236581252 0.3389199926241343 0.3491501440049707 0.3589592647364068 0.38117082435504307 0.3667183987116495
0.5458787060318704 0.5271530181969324 0.502698614244897 0.474158769430601 0.4431572933250399 0.4489500850316552 0.4170136765130039 0.4415426975563487 0.45690597787820086 0.45714044014461735 0.42678442095294655 0.37559981741114645 0.34988752044091 0.35676399677517767 0.31922448677264936 0.33438984468470273 0.358128398230048 0.30924910441102466 0.303886714496996 0.303267092434433 0.287726915224556 0.30468267597116233 0.3325362571586493 0.3170984816412295 0.31018986513203683 0.3137671410673021 0.2739771510526818 0.25760813711476577 0.25838291411025877 0.29713795616279415 0.2822533706203598 0.2712133636875627 0.3070943868042709 0.2918807349433771 0.27851356218737583 0.3028746656915553 0.2733228767678127 0.32133857746196376 0.3505734877150363 0.35072623620552046 0.33609170260192783 0.36301513052760653 0.37196149455350436
0.5151601905555087 0.5349265295064733 0.5041377675097705 0.5139649107146498 0.47209112140630355 0.46618547017656287 0.42144944200474777 0.4209590060787754 0.42670811238337314 0.431798861874956 0.39297152395453094 0.3960250539251694 0.34787716125454726 0.3073810453139644 0.28865156064671077 0.3070576905258888 0.32819813245721186 0.2906441856913449 0.28472102590460935 0.295656259118751 0.32113458330193295 0.3393569736396118 0.3265121942505873 0.33087012707594177 0.30811237774748956 0.2914951475653535 0.27710599817350556 0.2412656470281094 0.2804059965035594 0.2836331744046826 0.3191508618299326 0.3114693532828774 0.29025379337574775 0.3072890273974502 0.29680143285762356 0.30076607250954507 0.32205043917412146 0.30929798098732403 0.3166930863586136 0.34471017720582825 0.35852504357842996 0.3755521635894196 0.3957854080804955
0.502750432679407 0.544597065399127 0.5480796610111222 0.5200485423572361 0.5085005074214993 0.47091050411953583 0.42914120223039337 0.41570447432586793 0.44226527012423905 0.40065460011063314 0.3959483169001721 0.36529905145364416 0.37051126309360016 0.3004735673567449 0.2694046355332825 0.28126413596335303 0.27415277557172013 0.24130256710902365 0.2250292194088517 0.2570882196173475 0.315740650542811 0.2941086696195375 0.32941515591384607 0.2931052430537238 0.26298178989458765 0.2655207663783169 0.24297208146970709 0.2543903154207629 0.2620462857599945 0.3049793202550948 0.3199427495312343 0.30280101936446563 0.3017400068951648 0.2767336173460225 0.2555448165776539 0.32138809477912034 0.3380717226853618 0.33120750713867025 0.35007457374075834 0.345121536444697 0.3923365499659128 0.40583765882844186 0.42204821253252495
0.5053580731895365 0.5383102302729752 0.5314109336975198 0.5149227841076274 0.5169595562002962 0.4770250288203107 0.42802628416043303 0.4365627212030951 0.4182706391197413 0.39460438582090224 0.36423664923992116 0.376072143700511 0.3425111188328454 0.30040423968058455 0.27836359656395976 0.27495890984408683 0.26058449398379496 0.2381009463253766 0.2557104942026286 0.25171822127808274 0.2676444356866186 0.27735217758308095 0.2802626863114967 0.29838879743034713 0.2917431565302448 0.2645029551841206 0.2740208453922243 0.28655731292980496 0.2579102226429164 0.30060917705624035 0.29681907054646894 0.28987794659966737 0.3138445668495114 0.28889209058808396 0.29311210262119297 0.31853553926221134 0.3597691161147933 0.36211600263198984 0.3736635250494069 0.36299637480994884 0.37091901437710817 0.37778014178247465 0.40187944181115415
0.5315464459532787 0.5158738048905541 0.4977709451736588 0.4792009084808192 0.48231748058539015 0.4562535002389397 0.42937965430187425 0.42406800411391826 0.3904880985456865 0.3862460861948777 0.35349872489097756 0.3444305502232491 0.3394690057518605 0.3093908707611262 0.2640564662014535 0.26482715498304055 0.26668695393153885 0.24497907890960172 0.2391075815421051 0.25618632629748306 0.28526696593331535 0.25584420348805803 0.26028094335976404 0.2979085358279997 0.3058960560956186 0.3070137453423411 0.30167388240307375 0.286352388157211 0.26289893782525586 0.29970459864666305 0.2818913730994331 0.2867062131248693 0.2885709976711819 0.31881281174126636 0.31587325921032594 0.33185533183390853 0.35444517619695426 0.383778087726511 0.40049672902007705 0.39868575727928984 0.37810271499683745 0.36003911026708013 0.3711040772758998
0.5263873275414287 0.49188474812457844 0.4695964272617926 0.44514153805962847 0.46262136636370854 0.4526197451517453 0.40901476784381996 0.42751876374875636 0.4218778210680823 0.39156224777953513 0.36807955973939 0.32497565227709235 0.31722432179638216 0.3026327953224182 0.28257015328454177 0.29940703099452065 0.3059504267117416 0.28160191120401407 0.27050628899003676 0.2405746256562291 0.2695939575850609 0.28669734352779297 0.29458750475865353 0.29404029855894975 0.3175053005198541 0.33038213191452787 0.31337347959660333 0.2904798501652866 0.2783179294584367 0.2965126097722598 0.30535341417316353 0.30418646331758525 0.27447271528331135 0.3081361065885558 0.29571096999497515 0.3392901941775877 0.32260891213996173 0.3443987087503625 0.39600822936509333 0.3891110990934749 0.38270331108443584 0.37674876870947344 0.34972972765658383
0.49269930192059475 0.4645806236080646 0.45527250995580065 0.41700959897371254 0.430200106418947 0.42088280426433816 0.4189680187198404 0.4260622047888742 0.3866305737530488 0.37763658752258766 0.36870555165965613 0.32199266055583314 0.31629908308155297 0.29511577755436136 0.2863658606377049 0.2663948517690416 0.29299003671541374 0.26472773251383297 0.23590564848051587 0.24942021139055592 0.25642576243689746 0.2672618287157683 0.2591083563577114 0.28070558239736293 0.3165771605239551 0.31266546558595293 0.31909288108992606 0.2919482979116409 0.29786835342374757 0.288580411687326 0.30978010916449705 0.3134989839821421 0.26156417597756826 0.28016204143067797 0.2963915883981988 0.3317538641123514 0.31993919020674194 0.33800106198691826 0.37436159532557234 0.36407036438746315 0.354950949878753 0.374726636209044 0.36306291182999856
0.4705895567726687 0.45530597548653834 0.4608641107714695 0.4284654705101072 0.4331718083558305 0.4444455986385851 0.4360301438510297 0.4043100485068046 0.3872681893095611 0.4023165431294921 0.3940464771768968 0.37172437330971086 0.3220826738888496 0.28061930724229256 0.29359612068192253 0.28071895262510693 0.2816333030673801 0.24645244711460682 0.2563686809547311 0.2525488022950737 0.23659650859201783 0.23823885159195257 0.2854390503809324 0.29165844356853765 0.280818469219307 0.2953104762517831 0.3052800235903153 0.31058624466711804 0.2995719156985233 0.2742928607522252 0.2841463729845749 0.30786042001240593 0.29298393466567596 0.30487497049245743 0.3036947644625707 0.30583174288801823 0.32083531512357083 0.3742990664863016 0.35676334283587924 0.35659196835530765 0.3547725938349042 0.3728753932729444 0.36615410507677487
