Raster_benchmarking/continuous/raster-460.asc
NCOLS 100
NROWS 100
XLLCORNER 1743159.3437258673
YLLCORNER 5469277.729835532
CELLSIZE 10
NODATA_VALUE -9999
[rows 57 to 75 of 100, columns 43 to 85 of 100]
0.47278299327492485 0.5169302528489446 0.5038188864264329 0.5999478233708229 0.6530289783781936 0.6867936650311672 0.6458076087335376 0.6510180434481107 0.6276563706207844 0.6087965827257091 0.6792636415144475 0.6881905641552032 0.6921120742779774 0.6324250151931912 0.6951173602128757 0.695403436704603 0.6485501827741778 0.6051022016629563 0.559066085596946 0.6124881026824942 0.6381734159410978 0.6998867750930293 0.6985154498776144 0.7347969940996282 0.7185498090300569 0.8221490964745333 0.7887722300385946 0.7570408745532388 0.7073634851250907 0.7182427785176356 0.6476838783994597 0.6532050721784732 0.574291583791823 0.5864690024403513 0.5538554461293264 0.4574585402021071 0.5119189836799457 0.5314378173137771 0.5003994832362278 0.483812872489215 0.4382799483379186 0.4918897432306277 0.4306240753905814
0.5196000130610596 0.5104899903622584 0.5473777349441905 0.632605073837458 0.6714014071915658 0.6554994788173243 0.6902105206513564 0.6757142652565229 0.6580858512428215 0.6703953038801049 0.6772371170708578 0.6716174823075438 0.7151469873859622 0.7179035341978149 0.6687807374576272 0.6592584993739811 0.6436995282079554 0.6367292753988464 0.6460064931416537 0.6241399321122479 0.6598941203254912 0.6203811373693771 0.6628720838236836 0.7064072694118578 0.7321477478458062 0.7311656143856712 0.7354888032127012 0.7244528417322031 0.6972883492998301 0.717620437157756 0.6365804544080489 0.5888327764359175 0.5603791701674296 0.5098100130499603 0.510833863386573 0.47436768535420565 0.4817749030271064 0.5023702962239406 0.5033186192347598 0.5013388733435395 0.496180101498919 0.47463198419150177 0.48102641560139087
0.5915663676896411 0.5850041695611945 0.6126146721136808 0.633584584149799 0.6311282761047986 0.647658487259368 0.6779699063772882 0.7046568760099553 0.6521421749855206 0.6413194728633654 0.7135853426984232 0.7685035686156398 0.6933795791141872 0.7123231042228538 0.6535221950546868 0.6354784768853641 0.6652414185829694 0.6575647172468342 0.6709479220588762 0.6097209370630299 0.5685197000587583 0.5716063370748644 0.5916599190299635 0.6633394081291658 0.688770835620622 0.7205269758708615 0.7255339764313683 0.7435967850650061 0.6672499521855012 0.7056604558153043 0.6126244511169452 0.6251305777464872 0.522545344468334 0.48741391048640537 0.47761948727762576 0.5271089839068724 0.4697410606613764 0.49967757435805116 0.5008696002584858 0.5453752344651344 0.5224168712006205 0.5266764925385712 0.5106289822869613
0.559074746271234 0.5570396218883009 0.6335070289158585 0.6603603654946426 0.7223068631062312 0.6969305646985497 0.7418855771835241 0.7810531853455946 0.7530892857317385 0.7044433072001067 0.7303308993846782 0.761460385584337 0.7138278072992095 0.6956917396470274 0.6464814446686985 0.6874586212411541 0.679860230958524 0.6399791150059758 0.6094347473394057 0.5774743654263766 0.5827214174721403 0.5609712301345813 0.595953497349168 0.61723277780578 0.6389729262861185 0.6984700648618178 0.6638189516403817 0.7092274892762725 0.6735763013815321 0.6049467695514504 0.5728075571856799 0.5838742850043033 0.5450142122700277 0.5040267531287254 0.520370373316425 0.49053081884736494 0.48736795602454047 0.4843575455991089 0.5168981660419921 0.5136632170019355 0.5637787551061981 0.572481918155908 0.5844023963980096
0.5603907293715308 0.5876402875187385 0.6487375940080611 0.6765214431673104 0.7558448654196703 0.8001267388648712 0.7501534389677758 0.7858315909154686 0.8000221528949915 0.7176747347286316 0.7253433487187775 0.7753456300334745 0.7116191506960724 0.6645938587357704 0.6614894793019674 0.7043360087045597 0.6677343680168889 0.6472908813843222 0.6449730835391937 0.6061792053189502 0.615928357383018 0.6328322280207905 0.6429393378369045 0.6547694252637806 0.6569561970041652 0.6758866646578124 0.686872829844688 0.6215348432416113 0.5901817209886028 0.5079964787499227 0.47855547826834 0.4720768410982297 0.44215896931252974 0.4647845794278898 0.4315731560920539 0.45513544478847845 0.4670104515792672 0.5072371360932134 0.46963329211344135 0.5139359111195198 0.5511192281446855 0.5722619422001931 0.6093965385008551
0.5955760568078143 0.5732140585022099 0.6231400132132389 0.6836284560605849 0.7854551421274578 0.8025921391600696 0.8300217417130077 0.7884473599796982 0.7802292209884939 0.7529195806556157 0.7373511637986448 0.7155110286735095 0.7662373820035355 0.7153123149277635 0.7339688649467839 0.6666357841808902 0.6800937708969679 0.6052373177903747 0.611033205120477 0.6241137829704454 0.5666791389165746 0.6210882126515104 0.6102701015504537 0.6741741053709269 0.678594212391943 0.6799591825779422 0.6666295734931231 0.5955609493210458 0.5284861646571958 0.5281259309209978 0.49758982207711555 0.48435881134195646 0.44631260097111697 0.40250483303240503 0.4047634818472784 0.4135046056806995 0.44564591406109605 0.5242611311464782 0.4901421392762156 0.5669626720409668 0.586650704680866 0.5832017197783551 0.616588537682228
0.6066342243730322 0.6427197125720087 0.6443093992872263 0.7061684070925313 0.785358036085544 0.8271308086305377 0.8236770281138983 0.7436017997220029 0.7588164940942698 0.7688716739297795 0.7304728518847105 0.7252517283453567 0.7438262050504374 0.7401047258165209 0.741235518307184 0.7080264421218301 0.6009332979892852 0.5584514978366901 0.561240680366015 0.5523351237736126 0.5626760570293557 0.577974863615974 0.5850467405505666 0.5956579413594573 0.6214536745433288 0.6895847565425034 0.6561703606484806 0.6121890373200956 0.5696359892890569 0.4778240326792807 0.4288340706548467 0.40056523824331136 0.40535024341925585 0.31850233067531963 0.3727648148310594 0.4746072508581419 0.46066625981899373 0.4940515510874906 0.480999282302209 0.5666436829115166 0.5916639264531314 0.5862773302496064 0.648963494018073
0.6670677517835596 0.6796743824115566 0.7284692435848373 0.7480541490326956 0.7939107436663551 0.7953607495673906 0.7639331480120376 0.7240306136537058 0.7771823190914786 0.7742134479670857 0.7701755207730018 0.7373886720187559 0.7594796043720042 0.7589001428755128 0.7010075732645367 0.6137907402252094 0.5864010784275687 0.5363219140879983 0.5864113957357223 0.5544186041228958 0.597167116879045 0.5892797577077342 0.6168697441494517 0.620169275296749 0.6115435708234384 0.6502074503637091 0.5961214056912411 0.6000563948028191 0.5369661508800494 0.5017766459846631 0.4102395876390838 0.43203474218407895 0.3739463156335543 0.33992180437904096 0.4158853261963559 0.4515331618316981 0.458633010983154 0.46752410746075296 0.5185828344437518 0.5777538152940136 0.5787474535430247 0.6205004515802881 0.6338147797347662
0.7174101365383126 0.7163994732132815 0.7340074272532363 0.7870822686206417 0.7573396895884911 0.7946999796163723 0.7911219263176156 0.7711536673491393 0.8150283871525181 0.8505944611814444 0.7556561295655265 0.7585603920743282 0.722057555171307 0.6738924244368288 0.6411563457740198 0.5817453673904651 0.5449008967196763 0.5576403205663087 0.5894592571027952 0.5622871686374133 0.5683855952482492 0.6260774030775019 0.5847940036567256 0.5482896293158563 0.5615756637943637 0.5517120732371495 0.5953654963518088 0.6087404873613836 0.4968718754040285 0.46375754988212153 0.44816488137831956 0.4486713249630028 0.437827085130889 0.35937445846259225 0.40992368148722885 0.43276569022457784 0.42309865724328055 0.43476740936259406 0.4715242038335549 0.5097389023273055 0.5417213221712868 0.6598676319629868 0.6350939378038867
0.7422520008964272 0.7235196302413518 0.7317650322011624 0.7830918279956102 0.7619765386626193 0.8117666495919934 0.8222919868926389 0.7628769151861424 0.8066815894838718 0.8440548773810361 0.7906581926195039 0.7281969737106208 0.6820735699994159 0.6505525644365553 0.5724809679590126 0.6064623816771214 0.5929625599212716 0.5787834517975794 0.5402063291108072 0.5914743477066903 0.5889761412970402 0.5984143012672091 0.5870534438582115 0.5427622633666386 0.5583859526705135 0.5769551032089875 0.5254075836942058 0.5079680519224589 0.5075265963649044 0.47241482055552325 0.5008711736485396 0.47887537859763557 0.4585407537535981 0.42326776474470956 0.4751524556654914 0.46767801494552347 0.4740004255038226 0.5271062566575576 0.5042824091842834 0.4985876266414004 0.581236218515462 0.6110714490198188 0.6228710080829478
0.7003009702749313 0.7565331641218433 0.7811283091064075 0.8202539845070543 0.8025537738398516 0.8077614834348452 0.7700707313703792 0.8141373975885288 0.8450156374714691 0.8309250051725471 0.7146074128460427 0.6824461912864374 0.6935676557206518 0.5778557703835007 0.5497752192353346 0.583151215938672 0.5406860970613154 0.5263977849722826 0.5827788579652143 0.5786617708277488 0.625995741496421 0.6214449172106499 0.5904753692656293 0.5954223492553443 0.5437562648049545 0.5409738787428293 0.5320539507998624 0.47629602331343257 0.4773761232048141 0.5079151939931998 0.49544321041061756 0.5017440600310253 0.44226034645599893 0.47374977093272463 0.44448451138557654 0.5090032893880085 0.5505527241865042 0.5555104591398002 0.5563657358637265 0.5255760254042751 0.560160910162807 0.6316624737064037 0.6169919373398274
0.7095014958410695 0.7120335292482645 0.7538102524680906 0.7474803021564537 0.7961276304970166 0.7659567842343897 0.7402163249810222 0.8008905851800703 0.8116576455472255 0.7798947871147631 0.7029749089618185 0.6760632992282948 0.6737428628816775 0.6052009713967631 0.5954825889323513 0.5767094375237971 0.5349411726206645 0.5393621796527669 0.5842346838571948 0.6261164903835169 0.6295617401232051 0.6077673812671356 0.6039972567832969 0.5555131117341162 0.4629997500720272 0.46881001305533004 0.44641950621408777 0.44926843032647107 0.482306192192146 0.4651676754628647 0.4951608079706432 0.4423660232709802 0.42032510222710695 0.4281215024329343 0.48286207213294713 0.5159286697280073 0.5580041470039859 0.5906273228004613 0.5418430636881705 0.536640558086242 0.5764023919961638 0.5745818620833985 0.6154851957286226
0.6467240911345468 0.6698211510620568 0.6729782360432764 0.7081615270082133 0.7218495973843229 0.7435992071784479 0.7021801143526002 0.7579163775611484 0.699653282684288 0.690202795317612 0.7510840536775021 0.7343630230921627 0.6874537615171891 0.7076536801404216 0.6164655767961591 0.6155210139595951 0.5920017570820899 0.5333255404431712 0.5430646234684822 0.6057843626973356 0.6363562072220776 0.5906033127300284 0.5539741051896836 0.4488864489648538 0.44879056757609626 0.41489399642047237 0.3826287940754915 0.3976799651620033 0.3986630877154399 0.4110038117690463 0.4647957453839563 0.4341242905006571 0.4371076215012528 0.3535120539246401 0.39253551664991915 0.46416395057775284 0.5740705547387195 0.5930873701730707 0.5728302292252633 0.5637977570947037 0.5910147884418274 0.5721748409280187 0.6027539757992303
0.6331534252642145 0.7065497541483544 0.6754475090902224 0.6620073590707849 0.6856847725998054 0.6852714180534815 0.6767936947697674 0.6621978077482148 0.670912506858286 0.7412804299574981 0.7620325575805293 0.7701640468129842 0.6944325789098054 0.6568208062642944 0.6840034549670734 0.6445548263929168 0.6247473883838817 0.623806828167491 0.596777334786962 0.5798311681439957 0.5697563041867902 0.47765544986395275 0.4536861161185483 0.4418269314026382 0.4000166347338095 0.4151087335738061 0.3984238165645607 0.4354532544764393 0.396583087632258 0.4665840998141608 0.4619129143100189 0.4349700646925173 0.4028107642565498 0.32966245416378603 0.3700928273122278 0.41103022861405947 0.5511671723484264 0.5575352038660748 0.5865802726286061 0.5643102830686797 0.5429024793061386 0.5830066335288988 0.6522400523500201
0.6367499936611928 0.69396175183503 0.6654243139132364 0.6390165937544716 0.6237737279833054 0.6704112765592565 0.7086031055999316 0.6579144755508805 0.7071649527137879 0.7091700065907488 0.7198377702404901 0.7633611961309267 0.7295757199921075 0.6971414200419274 0.7091349861874175 0.6319466942577525 0.6220566419581488 0.6402577575862237 0.6273178263750585 0.5345624307212269 0.48124438092487654 0.44074127229406973 0.4606076629749445 0.46705648805838795 0.3719837768795969 0.3411381600196261 0.38666989961220455 0.42372607259159345 0.39493493941826086 0.4553941311986202 0.48419298419852996 0.41972631780320546 0.38140809134610043 0.26409937852318405 0.33755415176801584 0.39054867454994197 0.5356320781596875 0.5960408967117441 0.6114363064876567 0.5736898076538062 0.63398827230946 0.6132355448584009 0.6663708296427567
0.6852736305627148 0.6434128414882895 0.619461043847102 0.6813129494004186 0.6595064315733815 0.6422447760522901 0.6924912212665014 0.6676499534851996 0.702758698079407 0.7199535574262368 0.7603303331757518 0.7243717675030673 0.7107944333918738 0.6935489703622816 0.706696214280318 0.6478546350451477 0.6433819366565193 0.6112042094747763 0.6050327254627096 0.5115166238369213 0.47203181230788194 0.4465929354216408 0.45268715902101186 0.494218039688853 0.4176230582014718 0.39202410656763154 0.3960979228148397 0.4491104844459571 0.4168495864686035 0.4645146540978709 0.43858908406974967 0.4096981918995163 0.358424969374301 0.37553136896271894 0.39219908649220275 0.4583349081346464 0.5118060612337533 0.598200702398077 0.6197302462780989 0.6486567390688389 0.6631386732672045 0.6938726630363989 0.6490212048630122
0.6874685584314845 0.6624182995951007 0.6556897987375307 0.6437231446607515 0.6519699143727026 0.6378571287936637 0.727917484908907 0.73345332679066 0.6824007609422515 0.7104557662335585 0.7371285919620408 0.7439421608808306 0.7591320907479543 0.7428807704530126 0.6913115713750259 0.6643503284595679 0.6971185157361783 0.6724118943970432 0.5644771899305733 0.5632245152660768 0.5166626606938087 0.49157437058371306 0.529060064512528 0.49924515178282125 0.48313294501143117 0.48552844764223163 0.432594707868177 0.4743630717638042 0.46451458477552804 0.4078104079119789 0.43292941218887415 0.44091293942704446 0.40333224137838375 0.3443837202557139 0.41705703634242874 0.4487923591420766 0.5012520535665913 0.5165736944961864 0.6480188064977147 0.6495933395251 0.7037030150105743 0.687266690496682 0.7119155642530627
0.645951858083083 0.6482077352807573 0.5986830323543253 0.6159250673898609 0.6038300460724079 0.6180121602408565 0.699049861883941 0.6816244278747702 0.737534362864376 0.7335591096559798 0.7070681615674548 0.7335507445185693 0.6997125811227695 0.6923450621922439 0.6855885306722898 0.6756935185285117 0.673399176625212 0.590329939309376 0.5541180368713933 0.5331923876599044 0.5312514710761557 0.5390311582117145 0.5372857568159128 0.511884570855072 0.49994398060626666 0.4527600003953952 0.4450619093943651 0.44738619972001475 0.4625755047905788 0.41576548294547727 0.4314035267567061 0.47029466069566134 0.4255162164798906 0.44921154388593304 0.41992923909320784 0.5088652507163431 0.5594432371482755 0.6045099589005027 0.6457749130509086 0.6480034120698646 0.7091006255563651 0.7396552649489837 0.7816108796279387
0.5989860253742106 0.6096691103442947 0.5893348936788804 0.6045048556069865 0.5965689150716685 0.6495673493507729 0.6747774442982697 0.6555298677045438 0.7514306453906592 0.7787594378505446 0.6971839524803316 0.7506818581855094 0.6829424324780302 0.6159514115462658 0.6116023723794187 0.6281328039621845 0.6104455467908306 0.5913796985635813 0.544416657206844 0.5012279726140492 0.5572526541525634 0.5359936008097121 0.5170230142359138 0.49894099268903436 0.4740770764793171 0.419167440036416 0.45775607145151076 0.5138553408906197 0.511155004753233 0.47409228964227174 0.4435355891808898 0.4699414402897059 0.4822151270221922 0.4825424156350627 0.496546077905784 0.49849711191308543 0.5513298390523336 0.6178258536645822 0.636437382647026 0.6449566383420704 0.7392073524292118 0.7516639831475603 0.7560464340438309
