Raster_benchmarking/continuous/raster-367.asc
NCOLS 100
NROWS 100
XLLCORNER 1743168.392724498
YLLCORNER 5469292.692755563
CELLSIZE 10
NODATA_VALUE -9999
[rows 0 to 18 of 100, columns 0 to 42 of 100]
0.8141914929215556 0.7896509845952149 0.8216130988570031 0.8269601284102805 0.8149384917406243 0.8247622356329097 0.8120025998874586 0.8109839022038715 0.8028418613493385 0.7794743032360734 0.7561596073398253 0.6918933295340611 0.6233669802553069 0.5948061976815685 0.5891133981091113 0.5708556651760297 0.533514760667092 0.48898929522355833 0.43496619124247593 0.4736366133817079 0.4721200887851094 0.4865290386389837 0.43923010115011507 0.44458392882520636 0.4455845122249573 0.4466786199366219 0.38746692780903913 0.3625699925340069 0.34218997365797593 0.3626390052111057 0.36075320820782153 0.35473242090627854 0.3570497323625391 0.39126772490679224 0.3721892279089849 0.35100564224580694 0.3489552690016173 0.3343845883088467 0.29740886008902756 0.31581930652462276 0.25725770571942636 0.28913080648984707 0.2853630458043443
0.825740950979851 0.8396315715450777 0.8461599473023598 0.8256286956520417 0.7914461380727262 0.8091324764472207 0.8236407733133342 0.777884961696686 0.769767624958891 0.7609026674364691 0.7549021468013765 0.7078480660538673 0.6538081572158475 0.6561543799725378 0.6320028565891691 0.5970341621863451 0.5206545959525023 0.4893986751969144 0.4698135609604834 0.4774446833004838 0.46530074740159033 0.4864913409957848 0.5004202898327648 0.4838163867799286 0.4726170130074876 0.46233498637121245 0.40312258489623726 0.3956093378184556 0.3888926247162742 0.38211564920681457 0.3705313708456297 0.3812377065012132 0.3827769495307228 0.39068108957180925 0.35647549859100014 0.3415900240941504 0.3434520846670385 0.3174644475994941 0.32132259610499875 0.3151537558250996 0.2865230539626958 0.3099205291056681 0.29213927743590795
0.8239846340649655 0.8152205616110417 0.8162731761379511 0.8078471790769143 0.8075201509276734 0.7997374288112812 0.8108610187380795 0.7975786964306604 0.7632905360920703 0.7815937204781789 0.7444556737599861 0.7181934648359436 0.6667957902447105 0.6446182666667358 0.6535981088731236 0.5808659559303311 0.5347517378785457 0.5400092662575751 0.5135630893990263 0.5011822224037408 0.4953152092878376 0.49871788804439765 0.5057260730331731 0.5051958365331823 0.5004486775890197 0.46121111247761615 0.42778768774862874 0.40766315620791327 0.41057237336221997 0.4232956040487975 0.4154731330807619 0.38078205075729404 0.3932839284831983 0.35572213159695526 0.3464902506264581 0.3559425320290608 0.3549568745634302 0.36523023153443446 0.35520659066970517 0.31519684765896466 0.3017188422691966 0.333612194782951 0.33033266828775526
0.8326157176610259 0.8290940234937954 0.808909189834368 0.8168672568068461 0.83108409677505 0.8029070792962808 0.8002677284349157 0.779800641047887 0.7792048733691437 0.7710958590939678 0.7299061025627172 0.7073260718897082 0.686887114345576 0.6502706980976652 0.6556754074829191 0.6141927361780416 0.561781510238048 0.5574634650781315 0.5293912078005995 0.5413813109663138 0.5269673640462924 0.5232765724421398 0.5447477130195288 0.5453587666013406 0.5197695100488534 0.48655407124559963 0.47786392210789974 0.4372308772204412 0.43398170588693 0.4568792784575482 0.4596241272738972 0.4151233523859616 0.39815186361234167 0.38319257455066397 0.35132834916393924 0.3552504700776636 0.32400978844573275 0.35235913716145906 0.3154390929166573 0.3046177424183316 0.32916998617864485 0.32138137906585573 0.3192872793714629
0.8341779794409927 0.8054404249247908 0.7891674845862758 0.8301262803078506 0.8046028288463318 0.7935507774058361 0.7752724980295775 0.7862816521267181 0.7408104993494564 0.73592221158834 0.7595553841702606 0.6961115118720135 0.6779989233371186 0.662070263457192 0.6904682391997714 0.6271597179962216 0.5646763547802408 0.5521075418371549 0.5450853057986945 0.5656066205221746 0.5335269445360967 0.5408337696198888 0.5919277110535913 0.5544027252172049 0.5243809779396125 0.5301323814039175 0.5444236787039394 0.46268130512439537 0.45168402870036994 0.4499333847190382 0.49395615080271643 0.4380742737441217 0.41554852184009067 0.3699425930618655 0.3153315836365097 0.3104854055224553 0.3236243925684345 0.30870441065955884 0.3129817004811697 0.30045705414656776 0.3228835248734639 0.3044071658135336 0.31491903444448527
0.838954989592099 0.8056289472553831 0.7925748441520062 0.8293456034054648 0.8283211447562943 0.8135719894399157 0.8268707812966998 0.7886527701511016 0.7789276931247411 0.7596544862107107 0.7640362162503473 0.7121738660372274 0.6917921250223644 0.6754569850780432 0.6497805945886101 0.6378063601039038 0.6074539178775643 0.5753651655432979 0.5671594810737072 0.5718742653027188 0.5653260289775524 0.5874329724235694 0.6135282295080333 0.5788501964553511 0.532659363810605 0.5239409866359549 0.5030280325415769 0.5093008932549267 0.49007675319478566 0.4759669669785978 0.47879456292553235 0.42365562316978 0.38427979913126226 0.3774318336237064 0.3302745862415283 0.2856453900378768 0.2932267752853524 0.3156718943919053 0.2871940904717261 0.2928846061120457 0.294780059840889 0.2946977819958781 0.2977065743340279
0.8356590754913306 0.8509376217610221 0.8120907960238866 0.8403765466538664 0.8604160511362502 0.8239935621979593 0.837469715891118 0.827802002510285 0.8131485483451121 0.7644409186124955 0.7358451369241055 0.7272341516070819 0.6944459035807762 0.675802042943565 0.6362024252796925 0.6128620776611802 0.6008211191582901 0.6269177089604111 0.6127092943342293 0.5980372891411551 0.5749491054158078 0.5799921166329196 0.608947185119482 0.5675687627077455 0.5662868401531859 0.5446287113552335 0.5160413044182526 0.5191417978064835 0.5133363020415883 0.5070761385404836 0.4686420003319564 0.4552347676240754 0.39631085184533077 0.3548195709697072 0.3070335675425919 0.3032652253066971 0.2769237024445786 0.2920982730913107 0.313262287623349 0.319577159390989 0.30856420280828784 0.2737155245953495 0.26106414078013773
0.8695452299994596 0.8615186271162646 0.8566435111745518 0.8495160399263315 0.888675029592055 0.8661507593018837 0.862890948080869 0.8661610434421099 0.8225750906379123 0.806556367807163 0.777777091945372 0.7527011020173905 0.7355492687169528 0.6839488045543254 0.6482130116863548 0.6414107328516712 0.6406157758371511 0.6364798349066708 0.6222573790783598 0.5834797689034491 0.5808028313842445 0.6058298989275855 0.5912672288316592 0.5875895380464505 0.5750513119328128 0.5736184991411655 0.5738859011366763 0.5483954564871885 0.5207067873735669 0.5018666646465487 0.4945445962574263 0.4431003734309839 0.396938889252967 0.3491751367662606 0.3265810665544848 0.3060665342637513 0.2951831485965756 0.2836565080292536 0.28900676384008694 0.2703914888274415 0.28934316119991943 0.28442873230157545 0.26617512564359097
0.8721551121799315 0.8941565052759856 0.9137116234444875 0.8980421352061925 0.8883900402472047 0.8799822682591981 0.9321440603322207 0.8794712316952157 0.8425908142782229 0.8317340955278659 0.8261865573607228 0.7823024656994592 0.7526109191840095 0.6833241059007492 0.6256280762807428 0.6594978982517383 0.679061034360228 0.6625551935604085 0.641665552726001 0.614948267807493 0.598795909773562 0.630409124924284 0.6255001114413788 0.622041986862069 0.6204695357628491 0.6074704451491515 0.5828768090380235 0.5643597438828812 0.5458350470255091 0.5547171186146878 0.5451013383282207 0.4997330960567093 0.4239152546830911 0.3562329551757703 0.3310870093076169 0.34906371627943494 0.32693930242952524 0.3037032552479065 0.2891008187240363 0.27463438210543467 0.25642039192267624 0.2581235042271313 0.22096166169563033
0.8495709429657975 0.8882532482555503 0.8855890653059924 0.9139330521198455 0.9062716159919549 0.8936084782704332 0.8841125133868734 0.8452762193173581 0.8424447156253759 0.8069252522614064 0.8063959710675328 0.7947033200226478 0.726980263556285 0.7006817726793734 0.6611702162970647 0.6436543931858916 0.6729359928758144 0.6475308543008012 0.629781768114188 0.6493930182333718 0.6165603836515576 0.6257585100012236 0.6368899845329417 0.6447268757370491 0.6117462679626751 0.6041971556714867 0.6309482936189108 0.6131837356656467 0.5863258977927365 0.5627111925106765 0.523198589743759 0.49554745611994944 0.42661823802461374 0.3920844688273352 0.34445554319583765 0.344159738929297 0.35003240440838407 0.3423508844041098 0.29662942432923395 0.30290105861176275 0.25853655517698415 0.22746973923710923 0.23260100544904114
0.8618917765770793 0.8596023900402407 0.9037315939771109 0.9099473053632224 0.9179906274407413 0.8857930077848526 0.8870263294950845 0.8129264925459592 0.8024867738128931 0.7977575763945336 0.7996570240150654 0.7555627336827812 0.7524731504792476 0.7073923989367285 0.6650998066362536 0.6644691081622688 0.6931999658357294 0.6854764437430502 0.6464141490495143 0.66363970115591 0.6564906865137413 0.6438721338705404 0.629651635032716 0.6251908412340376 0.6115962332726153 0.6411745562468794 0.6512392368044735 0.6329251121723699 0.5950061736061631 0.5902238286314754 0.5469612926418735 0.5022614260497956 0.46310923536750254 0.4169720118194337 0.37675764885061164 0.3771495304772502 0.35215186328815445 0.3312997840441356 0.32799289311026536 0.281859326286378 0.2681760022882222 0.25846873729267494 0.21751586626421415
0.8590031073603192 0.8763421295054057 0.9184529073477601 0.89507775057447 0.9086336671410941 0.8834037474252441 0.8326629380517371 0.8076556589605859 0.7760615750753538 0.7709199550819908 0.7893018826742836 0.7622401185372546 0.7308842815028643 0.7053084636488741 0.6859396153855789 0.6907608584337585 0.665604923281826 0.6682705032765923 0.6487771218727608 0.666588604704061 0.6750588451523898 0.6578920612368023 0.6502366770312488 0.6703728051979573 0.6246153086726524 0.6480411715922761 0.629525684483958 0.6378449206312037 0.6145763965819481 0.6007228056698074 0.5595629619513607 0.5213911775390048 0.4945936215152241 0.45038006579372414 0.3824734096237833 0.3546612117239222 0.32304929344343636 0.3278735391892964 0.33396641283554107 0.31100541794909814 0.29065917681419595 0.25670175887075064 0.24692235351381728
0.8821017255164092 0.884957701408034 0.9054498424710751 0.8921204308253463 0.9083520104087666 0.8452555406174207 0.8048840873391836 0.7842553876973505 0.7703894781996115 0.7890522805589678 0.7704524551944182 0.7555668052774327 0.7469944140130008 0.7399589256560578 0.6904029730499913 0.6875741144199554 0.6848627163024454 0.6746186879595611 0.6890222496777749 0.6823859015426433 0.6993214748213629 0.7183541130984942 0.7131627296008012 0.7111940573085859 0.6593325015849985 0.6593721559189366 0.6709445558599029 0.6330383971122515 0.6396323996769167 0.6154860073080435 0.5961967687180015 0.5629076172146581 0.509594885870967 0.4748440614390163 0.39629856572481914 0.34145224480415226 0.32658960653524105 0.3488780578073101 0.3588220222224763 0.2980320976240598 0.26370291554229847 0.2634314607935378 0.23283537029302814
0.876162652587325 0.9048608203982124 0.8777984130833135 0.8729004445719863 0.8472159005396487 0.8317039477324011 0.8270563150832132 0.7757259821121881 0.7615991696414638 0.7560054134191103 0.7475048049635039 0.7599376246397908 0.7583039654128947 0.7271291933145254 0.7310241496101079 0.6967876523634252 0.7124856248241169 0.705700305822886 0.6842087462954324 0.6998122136369881 0.7201885287900457 0.7396825696273678 0.7368721526562613 0.7099082727701921 0.693968588401698 0.685163543798306 0.6659724937370626 0.6504327831565941 0.6567651983131193 0.6351450692317052 0.6157629616424445 0.5605603741116121 0.5326063057881167 0.47523515033569613 0.4119364726125486 0.35988732895366626 0.3291648959151915 0.35216824500435445 0.3404407668853869 0.3055558526100432 0.2674577449439173 0.23764849579347083 0.24834529362338045
0.878570074035123 0.8827568284779104 0.8747801346926511 0.8683258387492658 0.8623783912916929 0.8227041268542261 0.8117344180049822 0.7920036899060078 0.8024003865071312 0.7582182189965423 0.7580419995010034 0.7905722585820688 0.7646438468723527 0.7388250718404493 0.7675247087605583 0.7442404293201955 0.7151869438601877 0.7195902258388593 0.7118563746574368 0.7208266997560813 0.769671995709866 0.7547539074177185 0.7301072099402925 0.7377071210557197 0.7051062448876924 0.7010503761097256 0.6919258556791453 0.6732298651246328 0.6376478516441839 0.6094004990709859 0.5877758173662679 0.5663412571876382 0.5349801508738499 0.47337282933617764 0.4313538650002174 0.39336020642629366 0.3531972174619288 0.3384260780028295 0.3497006584839941 0.28233264445892503 0.2552754685180143 0.2601390336633697 0.2697334522180132
0.8975626575890717 0.87811426544701 0.879274627594267 0.8629853665405143 0.8755691978561507 0.8238796758668073 0.7918119961988644 0.7918022383923786 0.8159415643446053 0.8011691348158706 0.7931941100647586 0.7991696229307329 0.7844255182276829 0.7839748646411061 0.7825104214829715 0.7333974733240315 0.7456284017927741 0.7433975355093266 0.7554727229800047 0.7403593251915811 0.7421060270569327 0.7785526230926155 0.7582116119857953 0.7215548730071603 0.6893757041278775 0.696287371212018 0.6439503845216309 0.638173917378644 0.6155374289916689 0.6001397833443383 0.5624127562595653 0.5567908014856908 0.5180889448457923 0.4936371162625189 0.4426818642221213 0.39844195676174204 0.3674779657844772 0.35448933813841904 0.3116415008909888 0.27039427564165025 0.2542059543865225 0.2506168437204407 0.26923744320662346
0.9349184465658058 0.9128954053682123 0.8918955215647465 0.8561658307175148 0.8778482900241412 0.8245502961406173 0.77158245585221 0.8135749256916504 0.7829940854990268 0.8055565079601912 0.83651963994831 0.830609262707014 0.8235919134715118 0.7952726477110778 0.7526148857348081 0.7607981837194863 0.7413708829633422 0.7669393014909326 0.7532461202451675 0.7381988667669512 0.7467298242955872 0.7553615515865003 0.7771076832803822 0.752525166538344 0.703676976919737 0.6574251815264144 0.63203904214925 0.6492507286894063 0.6198111616304212 0.576947510157517 0.5379156943862103 0.5120744682593141 0.5179439023771945 0.5213931402619703 0.47584679516481593 0.4405465608901506 0.3664560649516813 0.34308333785930917 0.3074562580633508 0.2950208674931987 0.25740909791243577 0.2593375955066214 0.2713042924375407
0.9154134648434012 0.9077626856377631 0.8921803931964907 0.8825910944500803 0.8390126103228293 0.8488458840837722 0.80592542854622 0.8298004319438997 0.8373349834135746 0.8266281014765895 0.814766183344426 0.8458667721282306 0.8358147506779751 0.7958094754266162 0.7560468294960738 0.7369646264636868 0.7614884527247766 0.7552620982785457 0.7465915410055629 0.7502654664271927 0.7484758184403608 0.7616322007851895 0.7714376893477778 0.7617253266701018 0.7204929364081294 0.6899094141275856 0.6795287079159452 0.6270377210134521 0.6464446485841686 0.6098551392439653 0.5419679335506851 0.5208735010526999 0.507517711746584 0.5120096167721645 0.46293229610138426 0.4446581254404314 0.3870362043365426 0.35336825591441945 0.34464835747156053 0.3386464019445241 0.3015512484593594 0.31106078307179225 0.3261174235071694
0.9209963052764523 0.9146084171027205 0.9107148562593748 0.8886086186850518 0.8385494222502013 0.8422450596629439 0.8396020638334517 0.8161947455828052 0.8428388369526685 0.8486585248579865 0.8372193530472437 0.8258815265613833 0.8374844668353608 0.7933649354172339 0.7833339807538866 0.7494505633927617 0.7207738854588296 0.7595420044768904 0.7555567167396265 0.7610221723659116 0.7808907794178498 0.7735965449663892 0.7810148098173111 0.7691619056792867 0.7452442729321248 0.6991250495979764 0.6931124465175353 0.647552777473261 0.6427428417463353 0.5919738512806139 0.576126955147971 0.5755249150057644 0.5424053836148504 0.5055592760338694 0.46959284700583775 0.4582409651466601 0.44397303042757863 0.41780110147067256 0.37281460354633905 0.3840072064458869 0.3422756106440378 0.3581478901370069 0.342181122194742
