Raster_benchmarking/continuous/raster-65.asc
NCOLS 100
NROWS 100
XLLCORNER 1743154.3692900073
YLLCORNER 5469291.468112804
CELLSIZE 10
NODATA_VALUE -9999
[rows 19 to 37 of 100, columns 0 to 42 of 100]
0.7067325477644383 0.7473447389879537 0.7327391555534801 0.7304199027223901 0.6954096207537169 0.6871957418847576 0.6899218947147485 0.7276238980947429 0.7012558579789364 0.6972855447967998 0.6756962394158494 0.6453153687787841 0.6451501776725954 0.6500131771437796 0.6729507584860269 0.6284187941873924 0.6504065846243454 0.655840231306043 0.5976751607658841 0.5686060568776123 0.5163473721739988 0.49519055102434273 0.4565730748722497 0.46868995142059255 0.4999559858847875 0.4996295816325724 0.5397931540395772 0.5314716089696697 0.5633193309838047 0.5327278886647606 0.5641139920981364 0.5658683756041394 0.5048667986499514 0.4895152887869779 0.4852916117994327 0.46459162223437056 0.44582325612377915 0.44218102386386604 0.43385929865617495 0.4683357905396031 0.4454645382609806 0.46497513004145746 0.43174874939700336
0.7162431151549722 0.7312547317995252 0.7721517260545387 0.7421061106664494 0.7096609412111479 0.7245637638964109 0.7188517731597015 0.7346628378138808 0.7016632194411323 0.6531898409759803 0.6248284102942239 0.6494684967979365 0.6384680298062267 0.6733537191912927 0.6518628495341224 0.642301705103998 0.6372669050698225 0.6577009001782351 0.6314896370402554 0.5862590391747453 0.5424401182776282 0.5189648099206411 0.5031836436229872 0.4724158358201628 0.48425342476550204 0.5173342625598017 0.5416728804689425 0.5725822214506548 0.5349680918335378 0.5326618085641884 0.5734382922644022 0.5735535426591987 0.5227444168559012 0.48414326112838774 0.48014821635625127 0.45556037059236315 0.4407237118265992 0.4152878274681497 0.4161050596692015 0.4387444444284044 0.4590411926133902 0.42946840747434295 0.427909777528999
0.7230765025283954 0.7584410136075945 0.7444488916301472 0.7610103796400082 0.7593208263649921 0.7118923910930808 0.7033699274584658 0.6980850621473651 0.6660260951456568 0.6808665377188613 0.6381170903015017 0.6479171596122177 0.6412738892482803 0.6537838135779679 0.6530631733217428 0.6363905380108874 0.6066793141722204 0.612794000980669 0.5867524559552861 0.5540410644778947 0.5558007672028249 0.5032562143913657 0.5255708716637555 0.5035807523493199 0.5146570835796632 0.5146788225308521 0.5744698842170349 0.5780855247731964 0.5770065597419285 0.5458922828235625 0.5665255554907411 0.5368966567633117 0.5184175772519255 0.489470650559037 0.480283526249869 0.46373639632743907 0.42150010447781294 0.4241586116275342 0.39776666181084225 0.4113686126481708 0.425382442417974 0.4393219901886208 0.46082697958192603
0.738624497706207 0.7275371184051728 0.742758810720925 0.7402278524505066 0.7505423820103542 0.7502987513662142 0.7437672606467798 0.6959675651841817 0.6759983925546299 0.6663290122491748 0.6360757390032034 0.6341889047547659 0.65800526536135 0.6518101349227532 0.61413108445272 0.6466567668716715 0.5936933938784954 0.5859051561654166 0.551918562777545 0.5751714920814499 0.5183966257026249 0.4902473334735922 0.49601503809272124 0.5191729943992447 0.4930061255184229 0.5301328026758608 0.5735682287569814 0.6036873237464441 0.5658109713928304 0.5548533245100531 0.5587820240298025 0.5494123904192291 0.5527590506979547 0.5134159570955684 0.4986526801010533 0.4864116159704778 0.41783983654711426 0.3967729566742499 0.40056088831157843 0.3801835143626768 0.39542279638796685 0.4411897099707775 0.4381935391390579
0.7643301691682227 0.7182857225021831 0.7328019561988449 0.7398673684279424 0.7426718059552985 0.7738849690629567 0.7420425451044929 0.72099756288259 0.6840635227384427 0.691928720023077 0.6572275836588626 0.6608766871581977 0.6384382306726872 0.6157777405183077 0.6092872299877637 0.6501437398714105 0.61944005200255 0.6238644035487457 0.5859277205928013 0.5948772713493673 0.5640079470542286 0.5222815674202449 0.5218541197609845 0.522318091688581 0.5173196620829621 0.5597336556657346 0.5720993976324991 0.5945538004398724 0.5689552842232389 0.5643946240104849 0.550977699300938 0.5468118614128432 0.5231416419893014 0.5065980398525023 0.4987725173726061 0.4714010977928457 0.4175693319192741 0.4180959503115126 0.4120730890935081 0.4056977911631917 0.38962322361662266 0.41378611633679596 0.38870594033987294
0.7576721725091201 0.7200501130603943 0.7078658872653468 0.7541570292092137 0.7466650511903259 0.7741458369893484 0.7482356134057453 0.7308523803076258 0.7293493931009202 0.7177820214282127 0.7057661257390517 0.6922114114698792 0.6567990275544183 0.645129002111553 0.6245495964110254 0.6390961661578771 0.6648163942622675 0.652594077935102 0.638055762824405 0.5909016160899118 0.5758001169903317 0.5794194530118771 0.5958889038713198 0.5792814317028057 0.5960826711026459 0.6201064184096211 0.6269680669375172 0.6332867383785236 0.612731786976589 0.5944565870671336 0.5940823417396187 0.5562543975476425 0.5205355520322921 0.5210167636433234 0.504438497528522 0.476688475709243 0.44823751480538016 0.45087407433348814 0.4280374728446047 0.39990461557469964 0.40570870986994634 0.3736936775500274 0.3541394250011089
0.7122494399537839 0.7286381133571835 0.7406035606396119 0.7161714629796994 0.7465560105906683 0.7211875329760613 0.6928260623174896 0.7041422887967744 0.6986642230306671 0.7007124256078847 0.7020727060318488 0.7091962769408842 0.7023151864771209 0.6755174299981619 0.6821686385193426 0.6503088797569531 0.6397613546001727 0.6420147739887838 0.644799040583168 0.6442718625965752 0.5976192475246423 0.6014599447321191 0.6035541962886978 0.6323747684458327 0.6001778105180905 0.599006937399824 0.5860197819391422 0.6069947153124287 0.5780610997802152 0.5955576200948473 0.5605370582226005 0.5680712980702033 0.52141035352662 0.49962959727582285 0.4837311715109157 0.5049648971766987 0.4823690296727827 0.42509556500525936 0.39496338072374737 0.4140812962868584 0.38975696554509315 0.33893294488506537 0.3558230577325582
0.735794958219365 0.74967476686539 0.7395106611720763 0.7010385999137085 0.724488333121228 0.6774726509422723 0.6484575814279412 0.6940333207926738 0.6778526020433778 0.6911726169655783 0.720545391342624 0.7180528781047506 0.7192344221847587 0.7065701781715301 0.6890786653901175 0.6635693732141977 0.6913659984512079 0.6434984338701976 0.6256549413612535 0.635181739926789 0.6672750494712286 0.6462194226462988 0.6660660999131813 0.6435585718563216 0.608691450055758 0.6022597506564681 0.5963489302799324 0.5718981481938662 0.5902363825955331 0.5987166995993979 0.5885453881935174 0.5810331292677317 0.5569106679826502 0.5407555786034826 0.5130301503737072 0.4942133289624188 0.4544984287534678 0.4209121949171055 0.40174031572117275 0.37254444791778585 0.37411579237910786 0.36470003002369056 0.31422549388778803
0.7295111396844868 0.7162200987552247 0.726632208345505 0.7256796364435149 0.7395950414530283 0.7084273354871228 0.6887883290290536 0.7059028581225826 0.6856357520230235 0.7074193752731569 0.7323879810461799 0.7105935151814161 0.7497380405855326 0.7251688648342237 0.696719886944147 0.6750388228456495 0.6825713529686105 0.645800466644139 0.6275325466499767 0.6779545689476323 0.6830190834440693 0.6469550545670059 0.6574196027866672 0.6364664792291204 0.6131605086920521 0.5808475270263449 0.5838106103470655 0.5955234074659584 0.5838297194716769 0.5763940227526925 0.5911992321790912 0.5721817292721519 0.5314068893476781 0.516735648143052 0.505889130386365 0.46617414778048427 0.4554822350302264 0.3948594885685602 0.40660542937160793 0.3831418148169388 0.3631723555767048 0.3359927884857603 0.31723951433632924
0.6973089571056241 0.708253587106401 0.6759159154264395 0.7099486116830965 0.7023482169886076 0.6994487805667938 0.7138269761832019 0.713510941680188 0.7179724293340756 0.7010551422933151 0.7297278390798769 0.7083160112458383 0.7479437086881676 0.7351696420181374 0.700859933143228 0.6918888377060111 0.6782469564193441 0.670308997134883 0.6456038600121087 0.6907023786241535 0.670879796448426 0.6844345916930488 0.689341698024793 0.6603246175215777 0.6032318870690293 0.5942680395654225 0.6055090882008081 0.5713844407156075 0.5799893836339983 0.5492108648319433 0.5344771708580064 0.524101727051535 0.5584359444044679 0.4980613573148416 0.4634139734376697 0.4525989014711929 0.4180336522631002 0.3815357104115491 0.35574866967300695 0.3490203814463282 0.34725440996676804 0.3612066204962848 0.37057956207511683
0.6400746510202705 0.6441606929127437 0.649145400957193 0.6908192799540758 0.6839175166249016 0.692918489390588 0.6867575549521443 0.674259884171539 0.6998866659819655 0.7270144969984426 0.7023258089365005 0.7452259400808547 0.7261455827708817 0.7324191846666936 0.6841417566296183 0.6783149122693871 0.6727961448958242 0.7067055319266551 0.6844324578497328 0.6682148372798344 0.6818290272276128 0.6699887631931275 0.6631277839624105 0.6692640304508041 0.6219104626659973 0.5876776123043946 0.6121727774104652 0.5748477903488124 0.5571267943844892 0.5453539128680904 0.5445303480279465 0.5234413499530252 0.5354541942537114 0.5250318568632938 0.46758094006857354 0.46755082583578383 0.44890909525180883 0.4020942314576734 0.382294600265349 0.3618084678803808 0.3711449305236351 0.36588538356513145 0.35720976509373364
0.5959158898787192 0.6428453420851127 0.689386272208088 0.6799440188755154 0.6285608241062348 0.6260072604627076 0.622942600415245 0.6651002606123576 0.7127301951849399 0.7238331096275675 0.7083624005944433 0.7313259769871722 0.7048003027681177 0.7232155818017573 0.6946763037666583 0.6856743637382287 0.71481947893987 0.6886090353538878 0.7161996384648653 0.659611263515154 0.6506518093883695 0.6796099713149788 0.69776627672205 0.6373225104885584 0.5956461609122575 0.5801345596939995 0.6114946638242894 0.5483341763572398 0.5245390849836561 0.5268545762780433 0.5032831093591168 0.5491038966735269 0.5531662002501845 0.49247422147135134 0.46175790101152037 0.47390372977105055 0.44897138629484573 0.43866811561755176 0.4158959589994446 0.39193271437207355 0.3564879605395927 0.35529926369491 0.3619052764296545
0.600819350389488 0.5876094002676893 0.6444662223931619 0.6453592250881737 0.637117011302793 0.6172463234167123 0.6286632399070147 0.6938335772705907 0.6852639738074342 0.6925715016594467 0.732516658510751 0.7451374553882844 0.7382690025037273 0.6836068156121704 0.6949617243123063 0.7075093085938425 0.7028633662693965 0.7122325434530264 0.7001829793956055 0.6769197982296841 0.6900184362974363 0.6790723583456059 0.6789728689059618 0.6412054593823648 0.5820420770420505 0.5727029516507267 0.5504611314104433 0.5687015823407282 0.5584371759095997 0.5559936005524473 0.554388540234847 0.5247478768626899 0.5199877873006655 0.4975362741698301 0.46425260808769203 0.47486335366121574 0.43600448883853477 0.4423768196434855 0.44457978876220117 0.4348884591752297 0.39571794783522257 0.4177948582378495 0.376864003248868
0.5805358129064686 0.5590760559094048 0.5816954378018813 0.6264768663815712 0.634771053737926 0.6533124837688294 0.6755077173218368 0.6952851197890064 0.7162053879043122 0.6904136239948526 0.7162615702770002 0.7293502495198536 0.7532167203919776 0.7102855792929622 0.6887340521232653 0.6908636066240044 0.6870177507919468 0.6994509647262913 0.6936997175641619 0.6718584271269176 0.6929941807963701 0.6811881507833129 0.6542671155688683 0.6473675838098253 0.6251936648064503 0.5896461288922664 0.5550535666176466 0.5834554123965249 0.5614198076830818 0.5615375111729038 0.5559555753301916 0.526517398860645 0.5125531498788908 0.4983517963177971 0.464722272849972 0.48352668064483856 0.45181907335584753 0.4693320532074448 0.47583705658531855 0.4484414595020242 0.4780723104813956 0.4283800244570022 0.44389419276849196
0.5794402777638623 0.5542848838413855 0.5961762708540226 0.6074527159493895 0.6579835928526278 0.643828615729281 0.668656182911812 0.7014234207885223 0.7225426952709355 0.7166699255867983 0.7135085645151843 0.7589675160608459 0.7376940203272875 0.7009235200555036 0.7275464412009816 0.712499476450694 0.7290351310194972 0.6849801577358127 0.7075011649350008 0.6710716263325014 0.6902932602646538 0.636465410023118 0.6244693987928729 0.6059542716696286 0.5908158249201516 0.5929779573727056 0.5589414673072978 0.5567639074760717 0.5758406440525977 0.54963340016657 0.5643711545803725 0.5569856758027484 0.5487623317757975 0.5227908557624036 0.48301033424993073 0.5034856613798447 0.5068666302772391 0.5239344037940096 0.4995159362301676 0.5037080670417868 0.49723320653987085 0.46600161744665064 0.450290992586469
0.588249236858204 0.5772395268984418 0.5516534487536214 0.5899794913487689 0.6420297830926265 0.6491821920895607 0.6655680362012051 0.6789958214394982 0.6590087620443293 0.6782619690503066 0.723676924343028 0.718898010003682 0.7431464126944393 0.6968998711498163 0.7156795238783529 0.723752765149604 0.724685499809067 0.7003359681410085 0.6738970457776517 0.6879050650048647 0.6730845785256442 0.6414723631748772 0.6243158415977683 0.6257639133495011 0.5891312937144526 0.5754265914220141 0.5736640698010377 0.567734206965003 0.530158693706527 0.5430972584212771 0.5065117395116424 0.5565728584292169 0.5577044865282592 0.5221588418172524 0.5114461477561834 0.5189605257558773 0.5328303128828888 0.5272085372399471 0.5377103183693986 0.5205460771237355 0.5171089024366698 0.49711265476085403 0.4935058818183044
0.5800258846647603 0.5536289698550965 0.5887739306146091 0.5759722994396548 0.5983053714064626 0.6161239093235005 0.6539294148799397 0.6777566544151793 0.6974035695603771 0.6656766835132301 0.6903827017508891 0.7101391724465139 0.7414175374688469 0.7226188846573726 0.7108518647253101 0.7149733819968904 0.6847323539518778 0.6959724740460529 0.6893595181343343 0.6566732878325342 0.6587722787883592 0.6631967573899499 0.6403462568823447 0.6526506276871976 0.6375309300351012 0.5965522512869292 0.5769651722013687 0.5380916987456131 0.5218674115290131 0.5370071739473129 0.5477924517921742 0.5348856615891833 0.5584045841159199 0.5586377626799854 0.5445529769670607 0.5246243098325479 0.5071401114148977 0.5464234184473533 0.5624299769512268 0.5483969789512516 0.5430261510672194 0.4814706804113415 0.47548037564457957
0.5712630572026566 0.564826015411138 0.5705978578779825 0.5735835867935601 0.5964433481943365 0.6331998453221371 0.6472170216525204 0.6518337160958728 0.6880904797661032 0.676185977571182 0.6625299483793142 0.6659693738109262 0.6895780585303585 0.6919118221635279 0.7323527627150337 0.693197128895943 0.6621229508210691 0.6846034176975705 0.6620091510449082 0.6530421816620265 0.5974822985430059 0.6211344171813911 0.6628059900860759 0.6366557655268076 0.646585276803927 0.5792617038814961 0.5427405370894093 0.5526789524783006 0.5571602900134351 0.5540832622908863 0.5335853396206717 0.5335226595423136 0.5509887819155949 0.5575566839189472 0.5707861725788337 0.5333121441099905 0.5268852426734544 0.5430830414528963 0.5267006316723902 0.5256990989548822 0.5178980213788174 0.48220377050471913 0.45391658909779214
0.5479193193983226 0.5702477278457316 0.5702476685217325 0.601638752825852 0.6529553214879502 0.6933722186604405 0.6722540485519665 0.6948071306478896 0.679166635569983 0.6861339148390879 0.6628576580981174 0.6708589021384647 0.7199898769175899 0.7082279739566119 0.7105209880313534 0.6991493560732182 0.6881606524663206 0.6430261719196981 0.6265882226656527 0.6256773431826081 0.6112270729013305 0.6327424741522861 0.6568654627459295 0.6803250711869191 0.6279161470850174 0.6151322350236381 0.573223727969892 0.5418969276383255 0.5588861290565061 0.5393116506639868 0.5164992731859969 0.5187266620908996 0.5456717845588384 0.5684054198283097 0.5978029239386747 0.5831784936015694 0.5515972350205841 0.5484817747300997 0.5392919592742405 0.544937975894446 0.5043066471491356 0.4713480061324411 0.4692997542273237
