Raster_benchmarking/continuous/raster-380.asc
NCOLS 100
NROWS 100
XLLCORNER 1743150.5032941417
YLLCORNER 5469288.870084085
CELLSIZE 10
NODATA_VALUE -9999
[rows 38 to 56 of 100, columns 43 to 85 of 100]
0.5316262274568646 0.5802924242262221 0.5635118105301595 0.5947758937749434 0.5741271403334988 0.5521627529185847 0.5544773769603458 0.597900042916686 0.6038929256659864 0.6468340337718455 0.6420627911001383 0.651377251774479 0.6473630019282992 0.6720479141348417 0.6655096666359773 0.6864902420731729 0.7021089048557193 0.7553364903260267 0.7394162020492367 0.7733845004895521 0.7740673570116149 0.7882983948473307 0.7945991842155408 0.7988874318853587 0.7760761793669019 0.7743318893857976 0.77349165558821 0.8029971170526445 0.8197602508929009 0.8112479365125053 0.8372678889160744 0.8041907387705974 0.8105348441938689 0.8417233320841351 0.829593746184978 0.8149343221072627 0.8257927792769673 0.8387624546720978 0.8648239230713004 0.8395316298287941 0.816419912016863 0.8354161538747573 0.8149928169634169
0.5516256551930311 0.575893889305976 0.5494523915930374 0.5837054892874953 0.578923256209029 0.564476625423932 0.592923861595459 0.5998857204579456 0.6033283642915397 0.612310795799858 0.6353617426343882 0.6334550589927082 0.6795218863157401 0.7146446330294254 0.7391006059492912 0.75881183218855 0.7318125678909897 0.7722323301296236 0.7827246855272327 0.7900929836293644 0.7912550554075103 0.79491234357623 0.8086974202197164 0.8247925969262639 0.8024156453043627 0.7816747193129633 0.7609094321911648 0.8151264635350373 0.833861214023357 0.8244108126756201 0.8573555164965116 0.8389345477073455 0.8312916215607441 0.8598256367347795 0.8546236041963049 0.82067953942594 0.8102560153473939 0.8144675292392657 0.8269900080743072 0.8065580662363876 0.8269966364352623 0.8126496000597156 0.8201866585742991
0.5425386478655807 0.5421797157583991 0.5329508837742353 0.5581600702534071 0.5841771495686231 0.5561794357174268 0.5491798970307684 0.5713201779925209 0.5715919354982062 0.5952965508602335 0.6265748147959234 0.6174184391708011 0.6774377290391792 0.7440110497044671 0.7771773415257172 0.7808370847198637 0.7657959958989846 0.7705077467584657 0.7809687948434497 0.7582856611555021 0.8233627017876031 0.8541401066555835 0.8328580972019067 0.7937729377349394 0.7840111375604142 0.7738422328768138 0.76676551429913 0.7954946012484189 0.8479418203357665 0.886604957946946 0.8965015160267331 0.8693485453763793 0.8636173124997657 0.8638696214879951 0.8544771841522325 0.8003628863474352 0.7966169625974281 0.7742050265442568 0.8208553550196898 0.8267710641226638 0.8431175533685674 0.8072002384248949 0.8396890053376411
0.4872839943721848 0.5153290565334944 0.5222443632248653 0.554408840008827 0.5433413866354448 0.5293967636478084 0.5264847264511506 0.5523277727247151 0.5780354861932459 0.6050173868612774 0.5946415671976171 0.6193909213597916 0.6674246813161668 0.7205371382554947 0.7603085653214144 0.7828454460940225 0.7924392926983255 0.7602234852625793 0.7711867986086413 0.8020329758951296 0.8103086889675147 0.801613181576231 0.7818286433079493 0.7873587208159357 0.7630127173301425 0.7623273052588005 0.7532609596343574 0.762171329741379 0.807442454542022 0.8680488859952589 0.8959594370839372 0.8645129827093454 0.8600489290162638 0.8680452441707971 0.8389796384597487 0.8386414732311906 0.8094176177438372 0.7977174461249087 0.8120946750479845 0.8114288575745258 0.8100346309795405 0.8392451762868961 0.8309472877430516
0.49871129618518645 0.5231280118431547 0.5060026328815388 0.5326386239472118 0.49021125632665197 0.505963613467338 0.5316210173315128 0.5387815392340297 0.5409569377533202 0.5867349109488073 0.5882015348839591 0.6228796846542869 0.6689961836735928 0.7475526296565392 0.7414976118208455 0.774563080782379 0.7820693257509952 0.8042320775946011 0.7834784297007302 0.78144802437289 0.7747700197783207 0.7901102245233727 0.7406864062853805 0.7255931218257281 0.733785044002254 0.7115686346458722 0.7586928391744915 0.7723835026725807 0.8242570374670213 0.8549509704277785 0.8466993671172757 0.8697596810902434 0.8407008124333029 0.8849599811503456 0.8608907599825095 0.8479870914980033 0.8476944988954942 0.8239431600874162 0.8218997273828417 0.7925507481801417 0.8486307070657262 0.8663971562793316 0.8863859599611613
0.46793523772606066 0.47067661874126987 0.4719162078346178 0.497290468244058 0.47628099193024065 0.4698234938256317 0.4961097978752766 0.5445765447419652 0.5519692433198107 0.5680829361180504 0.596185577467963 0.6035039619387402 0.6554222160284879 0.6938007339791966 0.7127653680347144 0.7196031183576775 0.7324803205829804 0.7554694605618725 0.7520560695682085 0.7602005298631067 0.7689360091444778 0.7067451721372792 0.6885926793055098 0.679514045833347 0.6786813989160898 0.7363389204877516 0.7422753343910181 0.7619823880493836 0.8263007092494152 0.8410177253180303 0.8518155955786921 0.8706816925886253 0.8478095694849138 0.8635728936681388 0.8227704422938935 0.8056064615076433 0.8339172931477281 0.8015336148172866 0.819012413460913 0.8157913351572719 0.8742688633156115 0.9129295080998705 0.8972440287303858
0.47596850920643574 0.44068534272569154 0.47140516941539956 0.46779097504711986 0.4788297294207294 0.43816576560114906 0.4600837924900309 0.49714284288368893 0.5399666250914619 0.5969762014241541 0.5944236114182122 0.6258327040539273 0.6520492561062402 0.7219690213077098 0.7130437283865566 0.6935244434733323 0.7288593749249095 0.7251766447263712 0.7400901638651053 0.7411650673641997 0.6948504700089445 0.6617845606052423 0.6565743345318331 0.655202683014263 0.6623516706620847 0.7214450237679434 0.7511438724372048 0.8037142428790922 0.8226598748227881 0.8411422364854636 0.8310449790750414 0.8319078098170002 0.7948772084968537 0.8116625830916708 0.7875658595623409 0.8161142156666412 0.8335103506633113 0.7995371117602159 0.838120687600695 0.8584231684979742 0.8859273580383699 0.9313679856726566 0.9391321110423704
0.4284750986511478 0.44588911752931987 0.4094605530791551 0.4402349640212942 0.43445113030208643 0.4408607944235283 0.45453846365219347 0.49094201899391937 0.550011898782679 0.5427640648287019 0.5572132491989559 0.6129843747555945 0.6261512364293697 0.6639041816558418 0.6927681239571898 0.715231517330551 0.6991049437645536 0.6987426579243623 0.702435919088926 0.6793514626906965 0.669086729070536 0.656015371522488 0.6466263687750264 0.6781087246680703 0.695662606841621 0.7031884260405108 0.7490356709732293 0.7516631784220031 0.7818142192713156 0.8034706607279064 0.829107292836062 0.8036622282447073 0.7878889153537576 0.7588799059642712 0.7770465429207466 0.7716024250035345 0.7903929774306953 0.8136187801345088 0.8431737879004854 0.890437642870042 0.875909599610395 0.8901559412530969 0.9157557846240961
0.4221617077533721 0.42006758280711304 0.3993737915177607 0.4070336171815397 0.4004679473552282 0.4116190107820854 0.4770745735567053 0.49406264935328126 0.5090761323558519 0.5338072707661617 0.5296758955302647 0.5649679742808373 0.591171027688137 0.6444211159327654 0.6382376227957106 0.6894748847305617 0.6682462575442987 0.6335595166859089 0.6420598633376441 0.6303242797151397 0.6394880054139076 0.6697260504719543 0.6410934865903307 0.6324583162707506 0.6616003104757662 0.675938508067033 0.6973529075892836 0.7453474764826759 0.7362423413855107 0.777393018431471 0.8226918430417225 0.8117588053662305 0.7878159028574314 0.7406296696694692 0.7759958096729745 0.7666845231864068 0.7744150507383505 0.8076477867653785 0.8436274221538932 0.9009405278453938 0.884558326546799 0.9102159432045204 0.9388658304829134
0.4173369965273823 0.4222644243673806 0.4163883771212749 0.4106150550572992 0.39360964497854783 0.43623675052171434 0.46603308326490867 0.482001085546335 0.4838788500682306 0.46403334861189227 0.48349909113020734 0.5033890456972073 0.5564959070165252 0.6056523173003957 0.5958438401487065 0.6029739695797105 0.6137859087232381 0.6018406781899445 0.6259811534285974 0.6285104144307638 0.6334089501309736 0.6554983915963226 0.6413076751056971 0.6234627916883657 0.6644921063079383 0.6650687099697767 0.7122392854212242 0.7006826220230559 0.7399712521933522 0.7624881687589743 0.7734107409508933 0.7601085223575674 0.7431825106115518 0.7572836514715973 0.7693414809051509 0.7472746023872909 0.7804328090445879 0.8129859464485659 0.8842845934608965 0.8918773831425492 0.9361722944520924 0.9711829641609283 0.9823337571226062
0.38752103488360284 0.4416282017001256 0.39706296334188046 0.4060756899786375 0.3941850802344298 0.43842722737922774 0.4120470523587007 0.4478076336807138 0.4741948154217852 0.44201576746551335 0.44587550411689236 0.4828656169484065 0.49001849970734335 0.5604151978250285 0.5644744625916407 0.557200427216371 0.571405718575029 0.5759494976977597 0.5847850351118576 0.5967106262888457 0.6181902326645662 0.5785048344399787 0.6293577677125681 0.6577305026102989 0.6449469982911532 0.6994511613337943 0.6853430429743664 0.7012328728139766 0.7287024605988345 0.7046004941095999 0.7198082518472505 0.7331440668018342 0.7393186698727249 0.7268697537699299 0.761716290219209 0.7634983057079382 0.8247087780375434 0.8777330250455708 0.8929164905273275 0.8990913033153968 0.9251569513545286 0.973891365905279 0.9899767416753122
0.3886446608252039 0.38618332163888347 0.4114580978891092 0.4239478472069029 0.4201244125140663 0.4247017470757941 0.39320046872116227 0.4321857274144044 0.4188644133674344 0.43739058002791226 0.4334383079796578 0.4584588754209454 0.46413946435032843 0.4955789608165274 0.5016330812500348 0.5559281696767632 0.5848489039890185 0.6016336855722615 0.6037412552205975 0.582093620491336 0.6187707215850808 0.5966739621792637 0.6169340643050516 0.6126915007632006 0.6444502962157003 0.6533958063069635 0.6833522251898336 0.7036360728769346 0.690132987212279 0.7159834055174423 0.7246637858832993 0.7599255290067223 0.7512332874667931 0.7474817096164548 0.7800667314082762 0.7858761835106474 0.788512863251851 0.8586707185606599 0.8513056525541356 0.8816812292953385 0.9193473939808218 0.9475296274073536 0.9466459531469373
0.3678774562827281 0.40775674535824125 0.41772039073666406 0.3910959611474477 0.36830835758134134 0.3560947336069792 0.3801354899728337 0.39969836112852625 0.397768062292443 0.44233981623909685 0.42265410556851385 0.40173321896570563 0.4217454483206582 0.45717335300090256 0.4704145136775326 0.517238007870737 0.562243739651236 0.5908861857309181 0.5674683666393014 0.5872513637669283 0.6166531102602546 0.6084454818242784 0.615575358024471 0.6251619323613774 0.6422845130628074 0.6847402338427375 0.6549905580965028 0.659749724198393 0.6978113370594363 0.7121519576547037 0.7190076544328594 0.7458274495284969 0.7258175230427479 0.7549072313938879 0.7503061520342947 0.7875022875135282 0.7705306576683423 0.8254080220827438 0.841188031943869 0.8977193213678131 0.9020406294385076 0.9208073174499516 0.9112515901458066
0.343384850235319 0.3662355982486307 0.3671503211168415 0.35566805273811786 0.3667075680773197 0.36600647500661476 0.3759761430601971 0.4140564488631671 0.4130517049092471 0.3903988867258559 0.40600981522993174 0.38502360171829964 0.403754071909831 0.4493423604698978 0.4510421375693466 0.516446942708944 0.5143490371648959 0.5705766809017943 0.5814642447488884 0.5621549806457922 0.5970002717321818 0.6065369056509413 0.6269105540574077 0.5938416722965215 0.637135738044998 0.6533617389137014 0.6456048508960128 0.6681160305833074 0.6524996029404521 0.7091999782669376 0.7334512841034906 0.7483362628375936 0.7152370853220107 0.7165204367771376 0.7451009787728614 0.7528141978544413 0.7834535404204502 0.8025148943308935 0.8201541651299803 0.8536954132083615 0.8810709466874269 0.8983259974833759 0.8704223944617199
0.32143816062408775 0.3151146515524726 0.33681312719335627 0.3623780200514073 0.3242208757679428 0.32849220320329037 0.39154332918256507 0.3993155261541859 0.3873659581396456 0.36884062088205205 0.3638768505453432 0.3437671575665351 0.35993738745767545 0.4087186027550402 0.44271371552001326 0.4836691023470448 0.5272123033055638 0.5556935489175894 0.5498240509756196 0.5289894532143407 0.5407115668837243 0.6187333591125606 0.6224149596088275 0.5843723174028167 0.5955954579987354 0.6537012604648182 0.666789361245696 0.6536551609894602 0.6800876965068722 0.6835625464680467 0.7282861778080008 0.7170689538258169 0.7195411604483981 0.732136708198013 0.7376005923370329 0.7375749045035008 0.7568571043765916 0.7283681498739025 0.7807917094386343 0.8452690793153386 0.8619907948103825 0.8446712349967335 0.8852815210312234
0.31111054417286216 0.30231434231089416 0.32848398679386664 0.34008953030545525 0.32483181610949563 0.3560127799178952 0.3887035480576056 0.37947598087630097 0.39688844385999883 0.34679700658626067 0.33173002091803167 0.3230918305059507 0.35455037274236456 0.3865776767825782 0.44192862101938596 0.4708128880365902 0.48307397533112584 0.5060287199482308 0.5232526120560066 0.5112387288141809 0.5168726987791727 0.5408200846605788 0.5860651164915277 0.569920621818674 0.6002879098093353 0.6021679936257047 0.6582994047593329 0.6580558309572915 0.6710848345821858 0.7175077018651158 0.7026436291727298 0.7174612004779605 0.7038730882229752 0.7306774310485104 0.7351824862333703 0.744902550840261 0.7559751806636311 0.747280259240001 0.7560369947633258 0.816709374048397 0.8018351575848689 0.8300688416754199 0.8414917438023636
0.2719447310450541 0.2392363573876705 0.2994982947996763 0.29443194837174674 0.3272646911980533 0.3652976622394217 0.3613296886737316 0.3847077688993773 0.39847003421873384 0.3568487010376082 0.36340100632415895 0.3491030501361109 0.38810334123592966 0.39030076562411875 0.43067656002752014 0.4510562005696828 0.453353260651756 0.48253103634396305 0.48904911781047505 0.4553270348426823 0.5145968295245089 0.5224230580901351 0.5103049409447085 0.5339997991193639 0.5468167505612221 0.5696247572384651 0.6060432314794194 0.6768608628880562 0.6841312937007145 0.7219080418062942 0.6969967676643717 0.7201245446142334 0.7083065190825399 0.7107703213295402 0.7122184744116696 0.7022407471937825 0.7128867360994391 0.7671709929402541 0.7658627731257213 0.7718771041292654 0.8138434367352617 0.8087674737791596 0.8214850755858477
0.2095022854044938 0.21831206558783442 0.25064319404164775 0.2794630401736814 0.31525045137569824 0.3638600185034015 0.33918041948365574 0.345655920611493 0.376394083057645 0.36612128041246916 0.3730547958346863 0.38498762526083186 0.3861631050095602 0.37988149285524525 0.3696979649382113 0.3745097582891762 0.42238371938629415 0.44187148660316705 0.4244713673583368 0.4495103534102035 0.47096493784751897 0.4980501621795467 0.49528203651006475 0.5215644699143572 0.5073406542200427 0.5502947695269341 0.6208413390395553 0.6408882970806183 0.6829456514911241 0.6984641755982928 0.6975755801667841 0.668571298499655 0.6677442581107014 0.6888236351702408 0.6775381290478726 0.718940199734381 0.7151257362708274 0.7604325007831582 0.7729016535442633 0.7561532003510172 0.7707759128257082 0.8018421068209931 0.8298241130049484
0.2242500784364116 0.22206850954498109 0.22514684616397246 0.243040307510743 0.3100610570638487 0.3518001025051595 0.3624724759284569 0.3566650564944216 0.33717625505973814 0.3525022985449786 0.35075176070424363 0.3706135372625906 0.35052106484324 0.3648758020841964 0.37402152642139147 0.3457900979726638 0.3781338205492159 0.36806091651218403 0.40401980282483363 0.4418933897283979 0.4606977168173693 0.4540367150887134 0.4878333866329378 0.4601158988966888 0.5156425386787583 0.5476164627105339 0.6119478414773827 0.6106559319261655 0.6663333461235897 0.6873151707794963 0.6921884783656439 0.6666599420168186 0.6670179525270756 0.67156467399992 0.6756027174563364 0.6908824431434757 0.7065451154587858 0.7454017976176275 0.7390029903093924 0.7481477644140868 0.776077334670386 0.831137418621986 0.7983279963340636
