Raster_benchmarking/continuous/raster-430.asc
NCOLS 100
NROWS 100
XLLCORNER 1743154.1343439685
YLLCORNER 5469281.886169813
CELLSIZE 10
NODATA_VALUE -9999
[rows 0 to 18 of 100, columns 43 to 85 of 100]
0.5763821532934248 0.5694505472911111 0.6185535145543317 0.6170606170015009 0.6688409583759332 0.7249140004387555 0.7933061715024023 0.7624720496566029 0.7687126538107466 0.6897971425042597 0.6660320428979499 0.6701630591986598 0.688512693088987 0.67265711043883 0.6661752254468551 0.6563480169469899 0.6506906415477822 0.6107091042984386 0.602561082778855 0.5592678084490837 0.5549626416688727 0.5597712055209033 0.5806773411661129 0.5480542011602159 0.5309721937924772 0.4848116076887935 0.4613400003220368 0.4651146685351545 0.43987703304288955 0.425884346026179 0.4056197618565726 0.41800695704389457 0.3944915987002465 0.39218693687699724 0.39560919641605663 0.40669644648232905 0.3635557783352309 0.37853064824372296 0.3337953906003941 0.3360016870132963 0.35503855123291334 0.3630030663710731 0.3385150772547082
0.5603266446867031 0.5703627868355834 0.5904413300513676 0.6152273003036208 0.6610676676295267 0.7160439593708677 0.7427777633529515 0.758888675697563 0.7608510317728266 0.6881993122029669 0.653817441609698 0.6618183524633483 0.6771672801197679 0.6589055823813834 0.6697401373095175 0.6354893118963262 0.6257266132994019 0.5974387350129049 0.5806152046557304 0.5594924419104075 0.5550144178242724 0.5757181242007563 0.5783324427077123 0.5349132171938337 0.5245340192203403 0.48949731937268914 0.4902220537601122 0.45921027208844073 0.44804767598601597 0.4308277405926405 0.41631800646534795 0.4029953552004612 0.43548758085910166 0.4075627687429039 0.4040718515989254 0.40523838333217677 0.3694882882555375 0.3754957355998377 0.3626260066971238 0.3530958094912848 0.33113224023890897 0.33603050550809366 0.3795486185316751
0.5455350302406603 0.5858064190328373 0.5951724971273876 0.6445481072172747 0.6667909492515339 0.6851229492796319 0.6902513348057638 0.7303534461647221 0.7369963310143823 0.6928353795651228 0.642223402781718 0.6313330991893353 0.6467085681273712 0.6658903889276442 0.6603360936806687 0.6049556104734725 0.6001644588738395 0.6089611024882624 0.6005800812770434 0.5575504004612436 0.5524177381248084 0.5576315721149421 0.560745089393246 0.5135127551878022 0.5065904270136657 0.4930581776237591 0.46663511586471584 0.44954852960410147 0.43259814965138094 0.45708878043203977 0.4100884700245484 0.43658790894392174 0.46311014019251606 0.4627315352064479 0.4276452237811783 0.41945826890759835 0.4074132547333281 0.40697742300381995 0.3769045439529628 0.3897276927608627 0.36849752346844833 0.36718407576471407 0.37019422598027485
0.5244498069732108 0.5718477178771469 0.6164704069481486 0.6387786261961294 0.6881472091233211 0.6897630215456197 0.6880058315882868 0.7119730924095109 0.7148758110756771 0.6919178938323307 0.6674741270041338 0.6616725548499689 0.6633486375521087 0.6564412530168914 0.646642996224161 0.6034364156122487 0.5787577307706151 0.5882841330485059 0.6059349701627238 0.5781982415159895 0.5640548750972793 0.519856662678479 0.5272294633447921 0.5363877260396611 0.5458112735346283 0.5187710603699276 0.5075744360308373 0.4729803817386181 0.4776985320458003 0.46592936069028357 0.4413860646586919 0.4626000979034093 0.4657952208205867 0.46848442743590113 0.4491757702683388 0.408360222222114 0.40012340313330325 0.4076552265873743 0.39232732030413003 0.38232302762361203 0.3777068019992448 0.3688223953739789 0.37157125334570223
0.5370012985746317 0.6007363869000091 0.6461931250100322 0.628558665513333 0.6684524449816159 0.6830221459039177 0.6806661597213599 0.6962264396574274 0.6507740680071192 0.6474985401408347 0.6659363467611026 0.6775349793447478 0.6582498108010442 0.6283337454437387 0.5816888737762996 0.5954949735452791 0.6139358109241603 0.607767986963669 0.5766936211515611 0.539526303095647 0.556533469641861 0.524122931544823 0.4998511843954712 0.5254976153821528 0.53069163998498 0.534999378603171 0.5351546804109323 0.48042980014367304 0.4758670711964795 0.4610701468900965 0.45508918978193846 0.46648227604770076 0.4782240095826839 0.4853738096323596 0.4479684955069358 0.42940641822911374 0.40480765744961883 0.38223194247439446 0.37759432528024006 0.37595047440265406 0.4011365892292342 0.3923182111022071 0.4000405881526242
0.5709818767157023 0.5948261412322375 0.6360665088526593 0.642628848220139 0.6548299288476782 0.6910538873252244 0.6633823460101105 0.6667147206560452 0.6783300646524801 0.662629474004918 0.6899006537568824 0.6739758897026389 0.6421060076050059 0.6190575985578644 0.6285248080968493 0.5829254976727399 0.5878917190101354 0.6068681198550251 0.5731671620453906 0.5374527538612659 0.5498034551107776 0.5102783334413676 0.4717089019448761 0.4923441811241144 0.5019434926823783 0.500741226627017 0.513220757140106 0.4717350627063755 0.48875517159924886 0.4606925990090315 0.4514199921149886 0.46759505068600804 0.4888659008159838 0.45644486109137483 0.43262018921359635 0.39999563107235575 0.3914627829772066 0.3713879934068469 0.37825088344022195 0.3975967959477553 0.4015924382022712 0.4071024226643041 0.4142431884854827
0.5630163725335969 0.5999957899308616 0.6304793200403414 0.6291866418820888 0.6578156132017566 0.6552736821970615 0.6834782865531398 0.6827341009548664 0.6548000767128338 0.6803489654865421 0.6842461990687679 0.6743885513319461 0.6458839078274581 0.6422134522855706 0.6396251881338393 0.6230744064838997 0.5767776768988823 0.6000182860698079 0.5904365867729463 0.5535350922173107 0.5081973284158469 0.47133100950085244 0.46825067304507795 0.5087809903870518 0.5107740807157811 0.46364759131615507 0.45462063865696617 0.4448672964913639 0.458746030168913 0.46398566170064487 0.4808275976874309 0.4821949452299028 0.46404318711644704 0.4691353837693982 0.4101848351717681 0.41555745169380387 0.3978136700130982 0.3749140365952224 0.3791970211805991 0.39322228955082306 0.42182036118742866 0.4344728199927561 0.43310506589855957
0.5454589359384223 0.6008148988819453 0.6225051930972276 0.654832851673871 0.6716908089160287 0.6562166903265229 0.6738697130991285 0.6647758325533928 0.6920516952487848 0.7124742157268068 0.6985301267175065 0.7070134222597321 0.6872885464563435 0.676690617670543 0.6450643776714481 0.6165557754093036 0.5994136309913018 0.5919794776211634 0.5512949656303495 0.5287893872254623 0.5024972968706871 0.4891786047643248 0.48861117715148933 0.4834757231564004 0.48118092160383874 0.46245387141883076 0.44561073941965207 0.4597694709334951 0.4541469308158431 0.4681187116672923 0.4866613491761001 0.4639147423456405 0.4619255312057026 0.4665578784488106 0.4523957964624628 0.4032846385800358 0.3939308026605462 0.39291669984988326 0.366144733343622 0.3860211797630788 0.38216016637726063 0.40309345862260604 0.4033218852251316
0.537979632216104 0.5690500700206383 0.6530346406722441 0.6555054392491377 0.6568146456704116 0.6632984572072959 0.6742091036661685 0.6924042258838815 0.6899753350231946 0.7214371165950338 0.7393924755375513 0.6962867699327918 0.671853329848202 0.6601173831688462 0.6666027170016022 0.6572096769202259 0.6460680336308365 0.5833334765307167 0.557461311475543 0.5584875628781069 0.5129937070078618 0.512976032856718 0.4973660270519078 0.512465709497133 0.483341023609001 0.4807114427010882 0.46498175570120226 0.4723186900309442 0.45702016838651854 0.48728946784878224 0.5063013686760274 0.4767089216951243 0.47711409912045993 0.4858243773149671 0.45888367437223143 0.4248005537293903 0.41656638415182695 0.40655649527900106 0.38563822110535034 0.39687606156849997 0.39752133304765613 0.4278354509048751 0.402477038804064
0.5411490218281115 0.5568617707455895 0.587974204400548 0.6350335954473448 0.6662466374644832 0.6782192774870051 0.6879434345846234 0.6872961643166692 0.6881320549802123 0.7127626333782441 0.7344397268186799 0.701503623389257 0.6811850472380814 0.6676062676127456 0.6662143643945138 0.6733869228051864 0.6245039183433461 0.6007230528566557 0.5790189916880337 0.5568038961863521 0.5236319651078131 0.519184805932737 0.5349849263579322 0.512959499999802 0.5112517231929662 0.5089288889886091 0.47849792393529283 0.4697661528937182 0.4402695744866474 0.4781064966129238 0.46099664332198037 0.47540328435670504 0.45066987561929805 0.4703420915982702 0.4780404872310846 0.4440046528235021 0.4258005267311534 0.4097227216367634 0.41234811431794527 0.42433150248521195 0.44556807664757253 0.426020535779473 0.4539346671589105
0.5197650564498663 0.5659536521961511 0.5884968160463655 0.6510097178512306 0.6447502002040403 0.687803020453018 0.7049305616067866 0.715159912227929 0.7051175721391053 0.6970826682575023 0.7021474923056964 0.6965276164804628 0.6764542036148681 0.6660483539597636 0.703147970173943 0.6849121892436344 0.6465422634389523 0.6198852034924692 0.5794158221220551 0.5653642067087762 0.583780577006021 0.5704905195172747 0.5475264669308184 0.5378449486361344 0.5290970067789482 0.5252833022884795 0.515477566551821 0.47394974157351694 0.4452267392753657 0.46976540033093045 0.4732898842358997 0.4780334436545849 0.44671449789471895 0.4802850473123067 0.47944787832822816 0.4640313549337136 0.4302904982661523 0.41596960222842916 0.4387578568811378 0.427854356920042 0.458962882791167 0.44455631208615487 0.4877524046173922
0.4927653662962675 0.5522006657712704 0.6131367057173254 0.6599600533786114 0.6478443108944768 0.662875443334605 0.6825137001596703 0.7021208228535366 0.730526226893741 0.7188762873299009 0.7008228693545305 0.714801255225634 0.6809999632104744 0.6819446823988283 0.6623363674102677 0.6506505245266002 0.6237857365190832 0.6335574421744706 0.5976220353295453 0.5976378506741965 0.5697819409665714 0.5550589911687249 0.5306050167521115 0.5546958444120771 0.5452715698089345 0.5095488460021277 0.49249069385841165 0.47638751176546523 0.4564966476074679 0.44643700776143874 0.430386834938416 0.44162475914928573 0.44259410432305885 0.46838021807398184 0.47338949839464334 0.42606626066394704 0.4301317469117688 0.4399248093583046 0.4789282029195377 0.45297663312868536 0.45102472018441203 0.48271911715547544 0.5030983622391502
0.5084653208271396 0.5717618916578031 0.6394069112294509 0.6559814548691775 0.6826630454745914 0.6880831869064652 0.6741695223353276 0.7011043574400194 0.7091673143448103 0.7175033836146427 0.7340331759541991 0.7218187569095499 0.6927748967387136 0.7017048814918452 0.671516253667193 0.6724015037603278 0.6502762510243772 0.6548480338254294 0.6596366648518284 0.5922796184360342 0.567469174789684 0.5442686344176779 0.5404968103183928 0.5277289007628155 0.546576969357722 0.5150005970853533 0.49965059011358326 0.5051864650948735 0.4913835104293731 0.4490978458124981 0.42851683740331903 0.4778052201356523 0.48957761192541754 0.45758403241853357 0.4346846790314657 0.46610983795319383 0.43870123213561446 0.4905958157737877 0.5219614837738821 0.5091436712342797 0.46606809960254747 0.49270032009308756 0.49230056798251853
0.5296393562563924 0.5751427272225962 0.6421665587652384 0.6621727857138713 0.6939658089834289 0.6819647070565806 0.7050914674439315 0.7095838922945065 0.7138588699489489 0.6952848301057611 0.7256936884628488 0.7283190029719542 0.7052769482484682 0.6837392550465315 0.6969825620414972 0.6898390397631348 0.6517037098565034 0.633524635708595 0.6288684286050181 0.6028304027184249 0.5825698173524447 0.5471834402420341 0.5557831856630985 0.55643027882571 0.5295025076909992 0.5196176937195142 0.5064440177519943 0.5018579463644914 0.5024086866811723 0.48473381640114555 0.4834425885374075 0.46149168787723305 0.5000330882117369 0.4930047014668081 0.46860550594491546 0.4822514333621306 0.49870268894777287 0.5075976608829705 0.5054779110199256 0.5090910951858778 0.4851736939187674 0.4712982121257063 0.49495050034406674
0.5249321915149988 0.6007269428802998 0.6661351443616612 0.701444738801528 0.7061770685714777 0.700782319588395 0.7038224678043833 0.6930302693178075 0.6749944379719816 0.6878644778483943 0.7319681793667084 0.7549231336614161 0.7411996059096219 0.7062061895331689 0.6986085451883774 0.6676755385705205 0.6771867616421106 0.6468456063003178 0.621578903141543 0.5974224880055937 0.594084443822224 0.5609975400638986 0.5564401737653192 0.5258188793742369 0.5149067687110999 0.5107343931282408 0.4986703483126071 0.5230984513155105 0.5387997669766648 0.5380184048845215 0.5019242730582042 0.4995618676753624 0.5015965372603262 0.4985927222272858 0.5262761579717049 0.5248095761464657 0.4913146891539215 0.5015498651772639 0.5086988669104497 0.49265422285339117 0.503250811081571 0.4926844136945821 0.5105906933455301
0.536944226131981 0.6061645099260284 0.6611021550207187 0.7071692668189588 0.6980976884229246 0.6921788600183292 0.694757348776114 0.69277788175858 0.680057249860794 0.6902538267894658 0.7277271007417645 0.7458218729077859 0.7320933338088057 0.731116741469191 0.7208549153480289 0.6754317518933315 0.6709210639296072 0.6566644336513093 0.6307486235352083 0.6172439294076958 0.5788291851427114 0.5567435410811877 0.5730413141079812 0.5509441738411885 0.5353291924641096 0.5640425254408594 0.5626201981631201 0.5267200004684006 0.5618967315852985 0.5507136907460397 0.5365901379783207 0.5087653597193367 0.5207966578041922 0.5343881026144677 0.5612261850837938 0.5411243746224117 0.5344234432167542 0.5182771167181327 0.5385956253264782 0.5056565805902827 0.5178558056638763 0.528506489922923 0.5269718932686576
0.5718421326131699 0.5981303469241324 0.6519334936397081 0.6830963738348951 0.7204256977630142 0.7062250463104268 0.7202684116703965 0.7137699099764905 0.6955564887410544 0.6901883583024625 0.716719728848031 0.7543446216585968 0.7478700205784412 0.7187533156273767 0.7065713687358499 0.6874391468505793 0.6694672417575908 0.6807272226403241 0.6550518685815968 0.6456782054701168 0.5916081388274045 0.6054008316368552 0.5669556937683683 0.5539407226393009 0.5749922290205002 0.5579654266613826 0.5933982981907256 0.5669123561433713 0.5567237388173824 0.536822567568956 0.5155954078550578 0.5083773228818322 0.5632118452647482 0.5633525631131163 0.5837049334210695 0.5460923130940701 0.5299216234862284 0.5331266737444459 0.544689452807903 0.5342154376986882 0.5427488481907017 0.53515180098276 0.5625156554232886
0.5724498761217078 0.6048024577626736 0.6525086834089473 0.6526193825696425 0.711587612086449 0.7213275825678346 0.7352907353454999 0.7164967925977754 0.721511775215242 0.693187463431263 0.7058652332257588 0.7243641041553499 0.7169027115766423 0.7115778858557876 0.6919130977611537 0.7098207861896708 0.7043909223063834 0.6517934379262751 0.6555975853803642 0.6345745653703834 0.6112577097477658 0.6173970960367574 0.6204242939777089 0.6035522130259106 0.6049620900804489 0.5707903301516454 0.5708426864278261 0.5755608528114355 0.5656871336315576 0.5386241698112207 0.5542483292778858 0.5328122647369816 0.5415518816922805 0.5696847258778418 0.5713589601996079 0.5987343523643337 0.5876371890983174 0.5890090984461623 0.592310700125725 0.5826500358676814 0.6053340497549344 0.5969490955469268 0.5626410644999236
0.5541780487963531 0.6154937753334896 0.6529049551555626 0.6813592744764297 0.6744969861493151 0.715818313382971 0.7331966065202612 0.707461117627896 0.7161172197232153 0.6862178716463986 0.7093330631000728 0.7199416532029513 0.6938719578698637 0.6835745734152396 0.7059568686041698 0.6999927382110055 0.7115330017644396 0.6837340103047067 0.6491517508845063 0.6115950212741585 0.6090774292933596 0.602368231824514 0.6392298928834996 0.6164091797899746 0.5975398295011387 0.5859140455434689 0.5506197102848817 0.5466876896177679 0.5443575399844253 0.5510833910943207 0.5600562850195403 0.5416312991709251 0.5364001392712364 0.5746149151533921 0.6051701085791308 0.6187654647909444 0.61380162721732 0.6142413381675419 0.588466441179607 0.5918824771628209 0.6191592211600637 0.5845691793246868 0.585740807856404
