Raster_benchmarking/continuous/raster-416.asc
NCOLS 100
NROWS 100
XLLCORNER 1743155.404971014
YLLCORNER 5469293.631402861
CELLSIZE 10
NODATA_VALUE -9999
[rows 57 to 75 of 100, columns 0 to 42 of 100]
0.5320134431260194 0.5113456964723324 0.5260941452787441 0.5164915296973691 0.5741217146647488 0.529136925596425 0.5148655663806121 0.46603428802781577 0.43274942743090256 0.4612072709656769 0.43756661063838037 0.4446632456024241 0.3648096551822446 0.39959591385002463 0.35195601090461986 0.45720733677971476 0.4489940621828039 0.514576810272721 0.5121008411468795 0.5246739770390894 0.6062192547014085 0.5475091973809545 0.5587174938838911 0.5777775876589284 0.5519371275305063 0.5191897476768154 0.540330369287336 0.5623118360375633 0.6038867255042654 0.6449396107042755 0.6616408095066693 0.6739192196927679 0.670286675835002 0.6137126212218201 0.6274291510429111 0.5961261589150108 0.593577247838228 0.6026400048150454 0.6448354874534509 0.6618165015704582 0.7405787378673098 0.7404558803990196 0.8047253356054296
0.48755572438291755 0.4737423903948558 0.4655233521814754 0.5224297117109316 0.5175158264994879 0.5203266744580403 0.4973907852123906 0.444540928240221 0.39069292970994607 0.4086218933383009 0.3807326217026915 0.40216858530636285 0.37242395436508197 0.37064649722968734 0.34363706341872297 0.420807965417431 0.46966081187530534 0.46357989777720965 0.46923549417922955 0.500179345871513 0.5426728630221953 0.5079107919886006 0.48171266507699295 0.48111627443350846 0.4993467788174535 0.4839809154636383 0.5037689973586543 0.5353303059833483 0.5823145363937309 0.5854602686638728 0.6097516353701758 0.6476851557648166 0.6579837233625814 0.674909494335581 0.6858034217572025 0.6720695615775633 0.6391175457409888 0.6114830716523685 0.6067178055935811 0.6792907572979467 0.7362961697659198 0.7111471955393658 0.7455930856021111
0.5031493035222749 0.49650246112150664 0.45839296266456886 0.518021785381973 0.5219081309944142 0.4525838570346337 0.41714542276965233 0.3940580825420068 0.3688274926967242 0.4041497134089414 0.3225122322280714 0.3831851669090572 0.359195209708143 0.3260756697638543 0.32413325705789536 0.4089743678495563 0.42201801120108223 0.45304313851619227 0.4520344562679742 0.4652171580135981 0.48880922052757536 0.5024330018099135 0.4775269030193493 0.4449705062669618 0.456729429030019 0.4147585841843885 0.4399470212336723 0.5116191425940473 0.54790971180372 0.5262691798717917 0.5930103279371306 0.6025306146397892 0.6448101552034802 0.6906838804395388 0.6703266281136837 0.6399724350957066 0.6619513700091318 0.6531043927888268 0.6249520785090823 0.6400206342591594 0.693472477408672 0.7387668635845291 0.7191566534918296
0.4553112120604638 0.4760258583537822 0.4644828172896083 0.4760134561818154 0.4948933631646353 0.46215191070171613 0.39334180471224933 0.38834588125969577 0.4046091974526207 0.3763691218864173 0.36773266815010336 0.3182334324279188 0.28288326024731925 0.3400094315431533 0.3656150002918823 0.41296626215225085 0.40264404984264207 0.4649344435491071 0.4384292360411873 0.450104271580319 0.4922231906289149 0.45364930149331656 0.48501582855255193 0.4797580216199784 0.4438458416048619 0.4046001335227467 0.42597670223106293 0.4352303886599388 0.46066378750575776 0.49120654599535246 0.5048579495313897 0.55948408276581 0.6127195888120498 0.6503462174900941 0.6674753529077434 0.6666184941170248 0.677460215621601 0.6817229928261296 0.6311902792424509 0.6445933149285336 0.6750822388166796 0.7646306928668658 0.8009554480302732
0.44189907428895814 0.47150448573182624 0.4914446430173495 0.4393178833921942 0.43095522703488576 0.4361267330703935 0.44683268259157105 0.41938028838556807 0.36191735082720305 0.31976434687404254 0.3206712663356203 0.33369470083294545 0.25706046247242137 0.2945081243445031 0.36470607712044456 0.4104898087523309 0.4265579213739289 0.44348146332129623 0.44641230020931094 0.4140919599732449 0.45029879346973617 0.44863382869362306 0.3956461997325994 0.4590638560891197 0.46193685083118197 0.38089077694812973 0.392272590340708 0.3884168536941655 0.3665634647062174 0.4705740557133974 0.5090903692180583 0.5167014154469622 0.6099232755348556 0.6159792464299547 0.659706223335294 0.6884240043911309 0.711082884264479 0.7177053770280654 0.6804306810524179 0.6877544718347904 0.6887836964073345 0.761525407771381 0.8254167704074434
0.4130849917666424 0.4429735709570387 0.4655694005301594 0.4110067190976635 0.36890210924969424 0.39025711212313546 0.3752943079184073 0.354699784625914 0.35269090295454814 0.31905016329049923 0.31402655354544 0.31154393414857484 0.3201446341115062 0.29366052894189665 0.35628502096083964 0.35517484600355737 0.3530663682420092 0.4219838966629043 0.44624141262784 0.42101534292259996 0.447129555642337 0.40462245488911586 0.37995787380677903 0.4264178490583567 0.38223583840062264 0.40406316842639667 0.34271987030770146 0.3625671609355537 0.35659259443475444 0.43345539106516595 0.48765023130365276 0.5122398396800028 0.5728718193065893 0.6263303690544508 0.6826068933889503 0.6999783598632621 0.6974190856981665 0.6716753556296914 0.6465011597416236 0.6995135024286685 0.7706837060972024 0.7720504592435118 0.8059495453721297
0.33504799080315917 0.41417334833454195 0.4012822164528377 0.38904604456459563 0.35497108610963785 0.3960841250969802 0.38669484382107067 0.35082053570113686 0.3546163198555379 0.3066050626481341 0.26928617004410743 0.2675062252931673 0.3234276980959733 0.343927890402578 0.35648365368221396 0.35912034715598706 0.3388069519326974 0.4032967449238775 0.40431666091194945 0.41695788034749043 0.4085411331410574 0.367923597524273 0.41302182604346777 0.39093248821717613 0.3367737354157914 0.3524172231924985 0.3380467043705543 0.3686102194957755 0.39093711331798375 0.4411954317498365 0.4415886363737004 0.4915600261253168 0.5119825048109319 0.5767172562171703 0.6339464694739531 0.6469427422883601 0.6719687742857943 0.6753631965661606 0.627385238760153 0.6609276035541315 0.7785251662934267 0.754931548806692 0.8317833704734391
0.37394449720940626 0.34956157590380005 0.3419852187093586 0.36824331637506535 0.31517335135279523 0.3476940612694862 0.366820981087598 0.3302582707506239 0.34284314731246995 0.3126873645051504 0.319607134741312 0.30389078666979424 0.3326591673805681 0.30955177697487873 0.3038264276023274 0.33833368606153685 0.3254830301193376 0.3456796551828033 0.37817548719020583 0.35379477808196214 0.3097095455014507 0.32284004330230176 0.32541379446011703 0.2968691685379013 0.33208101145277286 0.3306934781375406 0.33204968180863687 0.3994324562056123 0.37481068712564136 0.41050557151342243 0.45381229296656106 0.43034138467581623 0.48595720353977895 0.5234747572159554 0.5620583136990239 0.6095608214162285 0.6452739198171799 0.6404425191598753 0.651497251593059 0.6740472383097752 0.7015342691649992 0.7563269910646706 0.7872697668228071
0.3065052981876458 0.3193991465981877 0.3410927084274678 0.35649382443483885 0.31234116496742065 0.3278642128694805 0.2892569603744594 0.32931537988776427 0.29031027524907627 0.31416632406508627 0.2851174791521243 0.3222582744609652 0.2708764007630166 0.2628559527232135 0.3332868328743185 0.31882859177305006 0.26006129369330233 0.26704198219782377 0.28554195415575717 0.24880931934851183 0.23990549391914673 0.3140972038009726 0.27525577534793044 0.28294069688331713 0.26846916862569276 0.3378480625170078 0.3879070002215048 0.3800949541876505 0.41813366290126736 0.4346310787397809 0.4329241422806169 0.46151393731075185 0.42492587356918887 0.43193563920299294 0.4805401720955598 0.5784250002105285 0.6069251685454383 0.6434292288825213 0.6854615652229027 0.6849155214365276 0.7365390139489363 0.7828368950998462 0.7844127642840566
0.31337126136646776 0.3013180336445129 0.3229178250593644 0.286817039233035 0.3431522360243724 0.3122173682635731 0.31100559716646786 0.26625187586352117 0.2889607365782936 0.32977019532325275 0.29413532685162413 0.3278683784322201 0.28194846641409954 0.2691603189095298 0.2649889977843116 0.3208951170587701 0.3137303051219794 0.25347818784985615 0.27328601692286264 0.2297054130487347 0.2376582835036009 0.28503058840823814 0.29398420636445816 0.24443610830873105 0.2771713899534539 0.2697166185375785 0.30693395277926583 0.33926304774912724 0.3873398259311809 0.3895697036937807 0.4406775788565375 0.443497168996217 0.4317542306700222 0.43359285659089564 0.4739088036485454 0.5169258231072108 0.5984932631798656 0.6323553400685897 0.6458784997856789 0.6887997997364266 0.7281704459254191 0.7254236059631218 0.7793836493867562
0.24185237616975466 0.225948850522113 0.24666991683178277 0.291927474782225 0.3224040017637689 0.303861095958748 0.2835399110850421 0.27512737333648535 0.3240436236123309 0.3070281765998856 0.324270972438091 0.3258892621977892 0.2991117905917532 0.23663738194060785 0.26331430516592297 0.29815344373413055 0.32842976868039253 0.31508735742861166 0.27455875692972176 0.2486824756203579 0.23783563907396438 0.2628859514378759 0.24346870614369764 0.2498866465837927 0.258954636231259 0.31157836127495336 0.2892834194466561 0.2956994543411129 0.30705318157957684 0.33182933848393215 0.380155687324959 0.3887382142318173 0.4690890310670583 0.4598551965516197 0.426818936517733 0.44957748187174257 0.5312322793785728 0.5762364143173287 0.6487529096239932 0.6649798010002372 0.7042327441991855 0.7225278101140776 0.802446894782698
0.25217427117153596 0.21518548438317278 0.2678622293434539 0.29433016986149485 0.29440933964080757 0.28034663889265715 0.31873772591374433 0.32337879273790526 0.30362787705498623 0.35369888339761063 0.30053983013999896 0.24772307636170052 0.20398202988074735 0.2469377016141467 0.23791076518726212 0.3005369367893885 0.26891510759317894 0.2785311564665467 0.3007702807966757 0.29951026139047243 0.24411891148408588 0.22408903265721652 0.21601934276314974 0.21564986117066803 0.27220087079619176 0.2849361313090557 0.3126962767798173 0.2664372370401511 0.29268753054761537 0.29775981523719974 0.3441556803006125 0.4031880755580931 0.4545561924272706 0.461392476080165 0.45674747747014377 0.45632464757580377 0.4993551902312467 0.5020044383572106 0.5611290914623637 0.6448528081114233 0.6649778363597536 0.7326924091430956 0.7880314816321607
0.2258673325984906 0.24513118145677942 0.2792444229875391 0.2648613989704273 0.2922099959559585 0.2915249170851613 0.3162566326241987 0.30598641901528456 0.33702096320285935 0.293275307942186 0.28619088987668584 0.25698815346196174 0.16546368258812286 0.20734075313651462 0.225914099264854 0.2510489371880316 0.2795648146195438 0.24200324992887376 0.24882599166290753 0.28264914393806034 0.3088454239986415 0.25595942980664055 0.24130804792684918 0.2320718811711621 0.24542427843475004 0.28720523838786205 0.3064561351945141 0.24922861416835834 0.24695755298240027 0.3247537322976194 0.38978611656229456 0.4140546473313229 0.45796750214564463 0.49568606119796166 0.49974419388665137 0.4960170569204267 0.45339530440255754 0.5011794370709172 0.496661393257006 0.6103809174662514 0.6045688133509992 0.6907295686868526 0.7081468086923505
0.20054517923837165 0.23601112135686675 0.30248026803521116 0.28756321530937173 0.31075789757506017 0.3199688552119905 0.30443922677534246 0.33647389610734413 0.3100889887127142 0.319386494940568 0.24462343473101295 0.22977798264253493 0.19760746151895614 0.21452895383593926 0.22138635295368173 0.20181865207687283 0.19628822986284428 0.2463540195223153 0.21632554667742868 0.2325416566193276 0.2805621819058311 0.2785486828667653 0.2786839652671773 0.2770000328682429 0.2712351033859017 0.29603744063237347 0.2657647641611667 0.2626536761698465 0.24660399829602106 0.31212841559651455 0.3657072731625354 0.36879299609292454 0.41958565510123746 0.4822777755888339 0.4441507736829903 0.4351017916069273 0.4622367010023491 0.47378212085420224 0.47642889681228273 0.5687135506821516 0.6025607321260468 0.6386195827604695 0.6994984672856734
0.24732639629212724 0.25837063914340536 0.26690078343078344 0.3172882519076669 0.34199027774030155 0.3008322463814222 0.3054533392823585 0.2852982192377736 0.30107668827299067 0.2635596418471463 0.2536862622924571 0.1928619415273398 0.18188791879407332 0.2372779749372137 0.24060389072943666 0.21531435557747253 0.1978321941068461 0.2436781027446323 0.19028233603580932 0.2202063797885115 0.24017768914482185 0.23622644794353656 0.2648975709644697 0.22562918797998202 0.26561952287804813 0.2894094562703778 0.3222004609342742 0.2697597092930544 0.24867359334554584 0.3124717108683619 0.3084257617717544 0.325717540913264 0.4126245263591242 0.45796137482535687 0.43085448182668196 0.4280451196963826 0.4276805187583378 0.47011427185427124 0.47757038896767395 0.5253273557888909 0.6176703776621201 0.6336220042822525 0.6983374097977925
0.20898122155893908 0.21110175344002932 0.24376359362435815 0.27757443459787073 0.3230823222120206 0.3068421693220761 0.267461490882049 0.2980835659792248 0.2755749665264488 0.21157148677569862 0.1773718978467631 0.1729701206626104 0.16623182125700722 0.1995288322557535 0.18284646202223728 0.18111122867152324 0.1764618505526485 0.23982163332852371 0.2182031446089266 0.21062245497934956 0.22257133430005768 0.22133378457330374 0.2189339662303785 0.22950264098873796 0.2710133016232224 0.28006821753151645 0.2628528673721489 0.26976796376762513 0.2452253483120325 0.2604200849627831 0.3255713236910279 0.33929751848824735 0.3707576781331526 0.3884497689110174 0.3969847683753725 0.4723946600277429 0.45278259454543723 0.48077174310383736 0.49490372628904705 0.510465706178513 0.6049029897873294 0.5983946949999508 0.6467088172486488
0.17252365458162638 0.23495813438222257 0.27900617094266106 0.24672864924367655 0.3006979445191356 0.2846916148955389 0.24311498414724803 0.25383567760772485 0.22538072171506923 0.16186843371180237 0.1767836028829118 0.1742783092611953 0.19637986463164334 0.19739610346878056 0.23372771411544935 0.22038071803148074 0.1775826407276321 0.209456886359868 0.2580550106317394 0.25842608482080354 0.2349475520610001 0.20784331079283314 0.21294533060928997 0.21881173181015073 0.2829019372960128 0.24241452059799845 0.2472507742679399 0.31148734974909015 0.29418648721266005 0.28777123154815054 0.3196010947382881 0.3186857380487009 0.35618749025736196 0.35490215885374937 0.4176798998986386 0.46846571049202373 0.5032720441783148 0.48743994616456326 0.4529507284728083 0.5216792527332523 0.5580810734661193 0.5519616001609465 0.5936337553509194
0.18303284370756687 0.26027108147345124 0.23687916539932455 0.2507340390548986 0.24220723503161787 0.23026851297085327 0.2371965823740144 0.2189324824927064 0.20722061033199884 0.16564759998995524 0.16127701136710798 0.16893620444651772 0.16301478592809635 0.18749687391519543 0.18696875224048776 0.21425363555675145 0.19465419129353392 0.20697909493520095 0.20798843698973324 0.2172726616307898 0.19021376952660077 0.2166202025974821 0.23055583894444667 0.2928892517794291 0.2877868038088229 0.2777576658113085 0.3048912420082089 0.3085568471605191 0.3137598887906403 0.27040002375752864 0.3216215245625594 0.35085529758878425 0.4010359664462773 0.39448312410119385 0.3949599740387574 0.45575261185888016 0.4715322372091072 0.5040467961748385 0.4839098459799449 0.4751383161782091 0.493982300907213 0.5600843846802346 0.6166237355797505
0.20427430172285432 0.2507211302009272 0.30107225535858895 0.28043112290177435 0.23677576573343276 0.26404424984132274 0.23370032381145966 0.225782557290552 0.22914049563530736 0.1951866783840136 0.13708787328448205 0.15047476083409655 0.14555950387640343 0.1659812461243976 0.11796154228466198 0.19589117898443198 0.1938146818707263 0.17588865005910292 0.20139698509428383 0.23695353198247204 0.2004036795665189 0.24845007597871543 0.2769437598232487 0.2754833361575064 0.2817144636753438 0.3325229320731033 0.30119228953408356 0.29640040780066834 0.2513964967833738 0.28507729719077374 0.3517806818916127 0.3589968513998066 0.3980002630998615 0.43162789581017097 0.45372297878195106 0.4356704284247454 0.4422369014317972 0.5129662046473126 0.49122671934272927 0.47139455902085003 0.508410244326655 0.6004911514322131 0.6402559413822863
