Raster_benchmarking/continuous/raster-34.asc
NCOLS 100
NROWS 100
XLLCORNER 1743154.2037117477
YLLCORNER 5469295.095745668
CELLSIZE 10
NODATA_VALUE -9999
[rows 0 to 18 of 100, columns 0 to 42 of 100]
0.6542294558184021 0.6264134670487708 0.6050733854281302 0.6048845036679795 0.5523658558563236 0.5278218921136483 0.49034970268263556 0.4877171383860278 0.4934806024596406 0.4740394874871924 0.4108436959920734 0.4495849955670611 0.46112301513957604 0.44750164428044503 0.44341711077755486 0.41920721208315775 0.39703519044186014 0.41057846378464447 0.4699668354182824 0.4494420761941957 0.4525733893333725 0.4860154646244852 0.4468945708515923 0.42347124246276574 0.4120611762410787 0.36604190173883183 0.38364372988088186 0.4241974217782417 0.42793450150737977 0.4067678530740386 0.3612826960336286 0.3560068106436751 0.34102229816227025 0.37006450634761107 0.3855864355649755 0.4235782872660554 0.4232164911105665 0.4045657347595919 0.3685119062846513 0.3953107200787741 0.3748296388529132 0.40416376511204816 0.4590878982071753
0.6222964699069725 0.585277172734482 0.5882656755722624 0.5796400379226313 0.5711742898017118 0.5358439314528531 0.5177725201419744 0.5063187736629191 0.4676641422264332 0.4123124802212484 0.4330369302531832 0.4291529233763118 0.4458417754562085 0.4194507256565548 0.4328176591097185 0.4080537762597828 0.4167226010219225 0.3953293770564302 0.4177122280405805 0.4425048384487158 0.4341883876546638 0.47930893741932185 0.48234007930501455 0.4505134278279096 0.44090219107519146 0.41121010004667335 0.4114436788839804 0.4281235917590837 0.4143782865352189 0.4105138816100874 0.3488111564836102 0.3190381556404021 0.32487219255441463 0.33516047114716313 0.3474843733842537 0.39449849444488255 0.40017009206857146 0.37932540098046397 0.381634151444629 0.38305547429482706 0.3875611909095577 0.40253431383783045 0.4210923032461723
0.5923262973774817 0.5670279434549668 0.5755909314286938 0.526760910865762 0.513973999156632 0.5070964453005307 0.5137960949576564 0.4882150411976369 0.42390687904365476 0.4218974659970011 0.39748062710861465 0.39609427143202497 0.4094288907045748 0.4177642001284573 0.3982786520530218 0.39726031212105817 0.40241440312469895 0.4208003992050037 0.4091281013891707 0.45610169956459573 0.4534446325456126 0.43827257223648985 0.4733010614862266 0.44674306053680946 0.445817080112015 0.43368018987440904 0.38978719236068216 0.41603205882802624 0.4240403168343983 0.3943677829396617 0.35219279725937425 0.3479479096892321 0.30879858135549954 0.35104480787081777 0.34951102949529894 0.3563896597690751 0.3423826857819677 0.3299724870060277 0.34081851383233613 0.35664308582088283 0.3966548665175684 0.429197569372753 0.41007596597495294
0.5646571495169781 0.5650621769067253 0.5531797735691174 0.536207099274931 0.49724954434895124 0.4971498750636372 0.4879818684542354 0.4652957311781814 0.4126385672269891 0.36219834505043214 0.3966437405764963 0.41886885112980315 0.4372824974643031 0.39369126955832945 0.41640008466913736 0.39153012427486295 0.37417069587642526 0.3953246468201207 0.4067482438283551 0.4184642263065204 0.43409145763525575 0.4452590085314 0.4523428635530234 0.4311145388567707 0.46302547382357345 0.43329943510198743 0.411080754838819 0.3832226487658746 0.3706099765140154 0.35393531344920803 0.3323534774434306 0.33503925831556125 0.31298775519895544 0.35210466559227066 0.33317159401616736 0.3334188959872385 0.34480572853328645 0.34276272533949265 0.32432801706895814 0.3393355367870968 0.3553034990551786 0.41625411854869127 0.40532510612618583
0.5666716131634635 0.5231595219651282 0.5379237868750812 0.5006505147457406 0.460598209990223 0.46604033079542584 0.4541274790063322 0.4080019519325486 0.37639829697062843 0.3505289791993111 0.34746377536752976 0.39600699779578097 0.4258002925360264 0.4267479570255137 0.42165624063910456 0.40329645270876824 0.3881495556399926 0.3655787162538873 0.38888112012014414 0.41434382208088616 0.40222842629659805 0.44412784854112736 0.4078342032664467 0.43866361517842534 0.4409067074928177 0.4064482931989826 0.4117315988143396 0.4018726690495093 0.356591766095128 0.3252580894846013 0.3436136158969809 0.3146815171840559 0.3211335339880262 0.33103835554942956 0.3262686319070569 0.3208260079777278 0.3418290347698188 0.3281699430355542 0.3573603694726101 0.3505846805534571 0.36574174440245527 0.3702337886130042 0.4081183780348117
0.5217054322267175 0.5052555640864167 0.4890865472107882 0.47055838063661487 0.43456086504068525 0.4025591570526493 0.4016494040201561 0.40369522243180733 0.39353171502946505 0.3439086059587205 0.3354705265272804 0.3521797066032095 0.3878958541473395 0.3824275604616135 0.39216585852327246 0.41665662572380674 0.37453297584177947 0.39094560314684146 0.41176127254483 0.420608512551131 0.4151363100229062 0.4284250859254281 0.4220467517377098 0.43289675609489503 0.4025093613438565 0.423319740701615 0.417465202193565 0.3572156073941278 0.3293507329131019 0.3122566891772103 0.3117981720535439 0.33287867553742007 0.3315658879018465 0.32317912667122567 0.3274116070972316 0.3238448118992486 0.34868908303338303 0.33600422031749055 0.3463594152189831 0.3689330489529828 0.3597995675558198 0.3914651410728034 0.41930115615440633
0.5304891307142645 0.5025765805012818 0.44679725784959906 0.44454904372006826 0.4160287591809435 0.3915693569762352 0.3716302235995336 0.366380476001471 0.35635586957058996 0.3357335009064113 0.36687479148515845 0.36558387859869296 0.36731473874562165 0.39389549000682017 0.41463339020835277 0.39242610796115596 0.3814716786115423 0.3605950018620057 0.39567553442308356 0.4176222427606346 0.40245754794664956 0.3929376299370194 0.3974436202259829 0.3765029300836746 0.3895066037716085 0.40449437030844715 0.3914451174013839 0.3340779083495 0.29812735455406825 0.3490520508717097 0.3279897603748424 0.33808130522134766 0.36893371891035454 0.33153442216291534 0.3665900977990189 0.35350971849380625 0.35863027324350055 0.35652004958692013 0.34750143729020644 0.3757640143042337 0.38613573092863923 0.4319964248111151 0.4647566588580634
0.46544795828445706 0.48599156974636976 0.44450031365879183 0.41262419692929425 0.390430586520086 0.3957844446967368 0.39688481980845863 0.3741676904975376 0.3410955788471424 0.3413428658496044 0.36520743164802577 0.3821955895730108 0.40014277849670776 0.3880407745106483 0.37787552534801383 0.3445475467349463 0.32476788910496707 0.353633029010632 0.38955522269880904 0.4136981224495131 0.42792938644204115 0.4041120702196897 0.3969131381047667 0.37367349948090134 0.3582917162332518 0.3733557531469423 0.3732414133065606 0.3522850325289997 0.327000361420962 0.3558796397133617 0.3280770131549173 0.3392193244570446 0.3570162029796834 0.36648953886801255 0.36934216605126097 0.3615399394634487 0.3409941076897339 0.35812357925859156 0.3592878086600206 0.41718017080053665 0.43453472625447326 0.42794597176081045 0.45429050937705745
0.42140294684200086 0.4219067964157687 0.448109580937736 0.41240086419527305 0.41618191102930846 0.41875699320685905 0.36287120310149584 0.3726573001679639 0.3346598498529505 0.32149814213498357 0.32733987189345476 0.32667866322394346 0.36463072471857766 0.34363221639695735 0.3335793643291867 0.3085317539070521 0.3066040145918825 0.3575361782102667 0.3588649673022412 0.3636327989022597 0.42599328281104554 0.41916249196807187 0.4133305755100474 0.3653701004669485 0.34239633632092137 0.34120301119899 0.3386773174682071 0.3215512089783644 0.35102427043008494 0.32873763274244994 0.3502194174471666 0.36867840870038066 0.3502969857243454 0.3618219035412452 0.3388489274821846 0.35657267482383787 0.338888432001796 0.36997515805603587 0.41496735489096304 0.4426926228443619 0.428293145946271 0.4761200846157111 0.4790044760554345
0.3811480714655019 0.40704541391738763 0.41495132582714 0.43544900433540396 0.41563497298834534 0.39752231995606796 0.3717235148839994 0.3222538221742325 0.3425402136305108 0.32779056813910584 0.3180864112917126 0.31758487164819066 0.3405292297776123 0.34352853431149627 0.35588907682151705 0.3151623833629728 0.3220317377317703 0.31241276345529634 0.36464961284985437 0.35906689940581354 0.388089465905849 0.4042620885156391 0.3755294275709403 0.3599669712048313 0.3533695129870875 0.3474888555687255 0.35285083779466203 0.32989207017862504 0.3146539989058829 0.3374830004257373 0.34311595788849997 0.3331783028958387 0.3301789933949103 0.32175785580539473 0.3122395507352431 0.34903909456339316 0.3648719323688493 0.38171697110718594 0.3938321880637094 0.4365279636177046 0.42676401639549283 0.4774518346423064 0.45417483287772836
0.38871448901016203 0.40808578333637435 0.4378965103678767 0.40845360343381826 0.36019743894509504 0.3644300038759118 0.37925073069096854 0.34156279884509344 0.2885877570929452 0.3037102286205664 0.3097850511814213 0.31296561580572796 0.2848055524507231 0.3035110772696439 0.3330233463322584 0.3334517892479291 0.3203629413531267 0.3235947844229221 0.35121577150836886 0.37643394169787314 0.3679320072115208 0.4006706637859027 0.3474899601650293 0.3337660111972392 0.3482593674417418 0.36921832114359593 0.35654418874459365 0.31867402916976667 0.34180625691647226 0.3216567759904962 0.3578620026142516 0.3066051302644589 0.2660225774616743 0.3062906454011044 0.3054019617562479 0.389723677222997 0.4139799900631228 0.4354441234791133 0.42658440099865175 0.4182033462659437 0.45676002309269104 0.45678280631263174 0.4430779895682412
0.4039979840338059 0.40454699073094513 0.39808580809706684 0.3996104197940259 0.40408047192032426 0.39351018619405875 0.3747917377472481 0.3712578551815407 0.3546255005208754 0.3499666899333362 0.33026227130257146 0.3279369827128232 0.3063726736589016 0.31769074774082406 0.31262891823059513 0.2990678301310302 0.3023018078669758 0.303074856064403 0.3234996134919429 0.33937965987316293 0.3538632692601851 0.37927640912490257 0.356965785615025 0.3650799466475245 0.3400172983700065 0.34406951499254984 0.32475664593432957 0.3460116211989545 0.3140500981488575 0.3485926027654774 0.3347556960691203 0.33226217655632945 0.2885729770962598 0.306414228303403 0.3328769818869457 0.39064010526056464 0.42867813736293725 0.4272606528564572 0.4354653895158215 0.4347275535824583 0.46514399098861686 0.4736252780887249 0.4796027574554433
0.3684757139674935 0.39069211239660023 0.39948049860786194 0.3981913809925506 0.3712710460268863 0.40217607017680496 0.38135716993716273 0.3996533264184234 0.35215168402088437 0.35391377441682254 0.3562503431132873 0.3591078523829652 0.3119873249543933 0.28800928953888444 0.2847245338267708 0.31610607673602864 0.3261643923235829 0.2922541743389154 0.31124713149799316 0.359386443135774 0.3784857260925337 0.36560351941775354 0.36332688135713587 0.34341678063197956 0.3334568905385363 0.34011308783611477 0.33588639666050096 0.30079045870501386 0.28988956338567656 0.32703543257800927 0.3232370848206407 0.30812880364486234 0.29403985278030775 0.32377036676049337 0.36838945928309313 0.36937991592931224 0.3844798549403523 0.4275791291056447 0.4404483416376688 0.4767742327268786 0.47802457041763596 0.45690937927371705 0.482645573928334
0.38283111002555426 0.39492872234854814 0.4262090921691514 0.44287576350776764 0.4338594172847269 0.4268291057949833 0.42500890876001945 0.40947125979272647 0.36002469072185167 0.34535838769803 0.33717198783062974 0.3789352577847027 0.32657487612573316 0.32591758313168406 0.3351179894083451 0.32311914576240625 0.301000969411878 0.30992843594512753 0.29308304448451167 0.32980072093961543 0.3662678612190082 0.3541332229338051 0.360777673880733 0.34971988388315867 0.3756524414329704 0.3343940255083118 0.3189933593426055 0.310357586012376 0.28787827434706165 0.2751396561940161 0.2748338996049883 0.2761637003987309 0.28983449453706106 0.33211893667453346 0.33646873324469667 0.37114622447114526 0.3884737795836419 0.3974886478260238 0.4346274109053226 0.4618653188807835 0.44950094974049887 0.4371079050199746 0.4823788291088321
0.4121466760880204 0.416223203954708 0.4729492262042261 0.48294725910149927 0.4514251130132175 0.44278983018598655 0.42387473202968107 0.3968554668748284 0.3975883796233934 0.4052890580955816 0.36117099998188007 0.35142943676385974 0.3828841222443153 0.3685801111748477 0.3510068208246699 0.29835504835223514 0.2859238226662912 0.2772992616843365 0.2994354092590549 0.33853791640115477 0.30719765829866263 0.334099216456039 0.364598474202757 0.3515562301031756 0.38405636811447513 0.32794712734846515 0.3256497237441888 0.3177260080188102 0.3009887369596022 0.3098366422261056 0.2902317648653444 0.28795067544839675 0.2937144563593338 0.2968956758924512 0.3183482356561999 0.35485564293720767 0.3994954693843485 0.433431451129426 0.45393406999286184 0.4280376421672133 0.4186620641100358 0.4010609077724202 0.42388215606614066
0.39864621918499754 0.425546364799424 0.4600835774085686 0.46229336236450397 0.4457203641584008 0.4082951363000038 0.4131108299588648 0.40307916674037325 0.40096471766965575 0.41638251317831393 0.37136314472681264 0.36429442017781777 0.3580281785845843 0.35592985303887403 0.31948152797029167 0.30684918195156813 0.31274588791772145 0.3109186017516023 0.334097571432177 0.3146022759974461 0.31281532579117943 0.31818785959817353 0.3574613360525147 0.3899826692198019 0.3946338348947981 0.3564906180884792 0.32551881449838727 0.3167579612781809 0.2949880385617734 0.3103847902707757 0.3170769460420793 0.3202571479585899 0.31534279393320963 0.3252133095221222 0.30675378896044747 0.3515338080026948 0.40973611651236086 0.42094275614566695 0.4370518172875119 0.41534064574411567 0.40985018605467166 0.41788387772911123 0.4381203383401662
0.41912118412114546 0.43489240263104845 0.4687389379805323 0.44496810059653674 0.4476357648726366 0.45823041077106175 0.4061761821933536 0.40701667475515513 0.41108021183358273 0.4066061929662762 0.39996706589096853 0.4090549928849854 0.40315215204355875 0.380686063675966 0.3551395115635409 0.31180650297303086 0.3200444003460984 0.3172246046788204 0.35562402707487994 0.3539344320231684 0.31968492339591503 0.30774248022049067 0.3530617691425873 0.3766062429041703 0.3765862868118598 0.37628952452716774 0.34300624881842146 0.32217139545533047 0.35199889915525717 0.3411182472100153 0.32270383810587017 0.32717472552386434 0.33964194378439655 0.34303599882857017 0.31884488137102135 0.3594175390096868 0.4003664167337448 0.4154012831671564 0.4035914473272745 0.40033918336710267 0.42491069291011385 0.45028727656830264 0.4274955532389717
0.43322374071260755 0.4253958919629845 0.47253167845044247 0.4960966533156922 0.48120009825831 0.4843570743462295 0.4453338188067648 0.43474371735236333 0.40614226957539395 0.4377681390817267 0.3994845059891275 0.39764778008572427 0.4140971521950641 0.3908003738253595 0.37356481326176627 0.3563660416027981 0.3448931143805691 0.3688195602369763 0.35632070901835916 0.34784080650200594 0.3363173763655313 0.3070801081986948 0.3428174291872615 0.3291753230938796 0.3401293459329264 0.33762238502954295 0.3471833155401119 0.3619730945893339 0.36174128678282924 0.3389770307930436 0.3600706947172729 0.3379601964695405 0.3450816305158064 0.32360364559630717 0.35540617675701064 0.36746767266611574 0.3689980258105351 0.42159020935396596 0.42217809982225607 0.4407898785963393 0.42025459352437516 0.4385563370123514 0.43087565189357807
0.4345579365505932 0.45395573180999954 0.4716024828047004 0.503006995886541 0.5107123999626769 0.5067652995058097 0.4767955549837507 0.4588977543111614 0.42565937535343207 0.4207350001529052 0.441677135782531 0.4066287795972663 0.41646408576453614 0.43648827549217745 0.4226153787217422 0.37834969127550055 0.42023151691857863 0.37903775400214135 0.35365682784499364 0.3016007024180214 0.2856137976222924 0.3268104864234564 0.3364375086465609 0.3174731890493682 0.35234263323739246 0.32417815624873025 0.32732624872775273 0.32347284504599033 0.3333050166496481 0.3320923626525848 0.3392640036315017 0.358774309241267 0.3352475320041786 0.3453302428519899 0.3274834706725167 0.3661492710222007 0.38869836163753235 0.3853102387747325 0.3987467278646424 0.4345015613816864 0.4513999704619775 0.4344460620958053 0.4396909444159768
