Raster_benchmarking/continuous/raster-158.asc
NCOLS 100
NROWS 100
XLLCORNER 1743156.058415875
YLLCORNER 5469290.032095745
CELLSIZE 10
NODATA_VALUE -9999
[rows 38 to 56 of 100, columns 0 to 42 of 100]
0.9083821003698949 0.9138891545525268 0.8997305976908386 0.8674351074838541 0.8901557618862264 0.8806596301255549 0.8538810899436451 0.8425864167616199 0.844249254319064 0.8235423528679694 0.8071824931788892 0.8053057230352335 0.810035094526363 0.7812469062997537 0.7775560609605024 0.7782057130766697 0.7336685529636165 0.7252039460999645 0.6912889658352982 0.6886596976092405 0.671690616348307 0.641276095795933 0.6590109116545914 0.6306310782437682 0.6444337287673868 0.663879300618904 0.6387092509039182 0.6268626649454206 0.6290883686917206 0.6179816626962543 0.605987587782753 0.6153041856290596 0.615069053052678 0.6283099663896153 0.5973186885571621 0.6051916889464737 0.5985391317754204 0.6054083977407388 0.5908516400157501 0.5359820924673516 0.5441540428632153 0.5379341174244289 0.5175168603603847
0.9292014619118711 0.9204117199767321 0.900110449856109 0.866155472205197 0.8732971734125075 0.8816299632348459 0.8600847715571499 0.8439841437433357 0.8199956813521135 0.828251271813172 0.8273677784056681 0.8218057877584181 0.8245870261520899 0.8080506790298848 0.8016098834995742 0.7912919043793922 0.7517330145505127 0.7187106510713628 0.7055453600089066 0.6843441248544484 0.6785359071318994 0.6680796936039799 0.6532484229341158 0.6474405679922821 0.6613050141020844 0.6739230456013879 0.6606073957588754 0.6504675552050916 0.6354012611976187 0.6560847307016209 0.6541509143630642 0.6415612117650925 0.6092376133271156 0.6119976896577095 0.593920829199756 0.5791018732154241 0.595512121666478 0.5971596827305589 0.5829713304273509 0.5692852868450639 0.5577349107806135 0.534362526751512 0.5169141082259976
0.9164949556739851 0.914313337406932 0.9119880115180385 0.8841229687733941 0.865164102945856 0.8587959163670963 0.8555904099129231 0.8370350706170977 0.8332424165333585 0.8187541683897678 0.8351111376488962 0.838081853665422 0.8598633075615907 0.8535399759737001 0.8411585213954101 0.8124488430126393 0.7797803527811569 0.7568902886968333 0.7236421961074799 0.7095734476718374 0.6797724643761738 0.6590474065269268 0.669609798656009 0.6696717064824135 0.6782999888415153 0.6858290228608118 0.6786941841157338 0.6577341873882789 0.6656785537097213 0.6966816908550204 0.6549872992173166 0.6277823811150398 0.6406562488181279 0.608204662047413 0.604522888935325 0.5846115726391354 0.6202401321347507 0.630771725539083 0.5958618354072983 0.5724702952341285 0.5610545023250789 0.5349701525241872 0.5237402080673154
0.9440698207961914 0.9401491216306536 0.9154851144136793 0.8927698851128851 0.8708325570213686 0.8631600734321916 0.8567594938869099 0.8481613172377194 0.8411089603573619 0.832154885639233 0.8321551939855373 0.8668973938390516 0.8665621839024003 0.8520429391257904 0.8539387117339469 0.8049179917051976 0.7833018081785109 0.7514445638748225 0.7433267545012262 0.7246612797834517 0.7113832736143897 0.6953053926752817 0.6940297794157522 0.6848296070641099 0.688851362661853 0.679923133636953 0.6641405475235868 0.6711096457669501 0.7017493456570342 0.6927565288994224 0.684266475869405 0.681150654104628 0.6600462089765873 0.6393055085965612 0.6087025261443078 0.611697950037463 0.6014314290416998 0.6342238428124957 0.6176191101158246 0.5807817850691206 0.5787847569287005 0.5680434464749908 0.5542432085733846
0.9511700946229092 0.9544111825949309 0.9197030268599884 0.9042974665446135 0.9077604835112648 0.8921486866285611 0.8739040680752035 0.8909289091723216 0.8455677774229635 0.8464506560236615 0.8636954278428847 0.8770619502087552 0.8558696654755262 0.8620374670308595 0.8483542550129396 0.8254103652704766 0.775986214290061 0.7648803545251635 0.7513236636319254 0.744622084735028 0.7394364534499337 0.7191084198315034 0.6898873108941189 0.696361211490561 0.6870491349094634 0.6668840250522926 0.6903104637656158 0.6947012604644762 0.6958340682850231 0.7108369430458666 0.6846749217543159 0.7022957509114929 0.6645140196696004 0.640458153989461 0.6123421105235858 0.5998711852062893 0.6082672843252444 0.6294461448547803 0.5950738375290309 0.5948138044890229 0.5999023978319906 0.5875163813361411 0.5537944511961744
0.9508749351105787 0.9375667770997254 0.9286105650932907 0.9186933097651374 0.903015528491377 0.8942079526329603 0.88397496562499 0.8838769786284443 0.8708542852327222 0.891182980061166 0.882684854768683 0.8714323700759704 0.8569182847199361 0.8464935292204614 0.8328516490200232 0.8293962002961196 0.7851988013470903 0.7536258101117349 0.7592551626419092 0.7286516307273692 0.7359317943226714 0.7335554934388451 0.7179526327077979 0.6974364091840507 0.6800134493261059 0.672721678854351 0.672909994260415 0.6769822222215103 0.6840826047869051 0.7160689449545071 0.6966856872777076 0.6932889362231777 0.6825003966787876 0.6490531050311577 0.6435820097436833 0.6241344824989059 0.6074839857463125 0.5932613000397753 0.5920515577408881 0.588165755520413 0.5870251948970576 0.5700903313373326 0.5738475289667447
0.9282487409194236 0.9326608566973489 0.9066517000441072 0.8835502068527118 0.878470744669276 0.9003864255707353 0.8836209710111568 0.8952442955864006 0.8793353293396539 0.8984461787848228 0.8949636399090678 0.8681158523841284 0.8528833670240639 0.8697077042150593 0.8358784179583895 0.8345093739099173 0.7842466413661567 0.76281909710193 0.7473165217183672 0.7234633465499344 0.7192776011213996 0.7273903665012141 0.72190902596033 0.7085402445310311 0.6699728657491374 0.6511154690234532 0.6632469853601887 0.676296464822141 0.6736307133890065 0.7126941752202005 0.6840942457021424 0.686602861495915 0.6811183498334921 0.6802498328209161 0.6766927849455479 0.654628072744261 0.6147339480182754 0.5890764820691787 0.6047872264030381 0.5995398431572273 0.5799076941178377 0.5723260707751333 0.5500703606339006
0.9280214689362969 0.934400617016834 0.9090059351730266 0.8975087917791876 0.8815067880580579 0.9010711151229174 0.889406646288378 0.8973680694622829 0.8918240330239429 0.876518784942907 0.8650883024719923 0.8668253104738022 0.846147349381412 0.8351316553169074 0.8254233547110149 0.7904243251063332 0.781155480738552 0.7680109322107873 0.737415198638858 0.7241777800890945 0.7118725262950805 0.7394900401184883 0.71828178254175 0.706312021694203 0.706799447735578 0.6934966240968946 0.6675952853254754 0.6843799172733787 0.6846297919451511 0.6883416904280647 0.6852646313133767 0.6761211672363573 0.6642205279380179 0.6702765465969608 0.677516505389385 0.6657657905551639 0.6480744882404392 0.6125720148631774 0.5897516981339054 0.6120042397815871 0.5883871860712823 0.573981593229819 0.5592131679526797
0.9365886399959313 0.943729191474327 0.9029551346629696 0.8932830987400887 0.9057340063583262 0.8858758579374573 0.8855028386330487 0.8733559823722515 0.8521930160550358 0.8436271976280053 0.8386519653685217 0.8443785794513572 0.8274362931038444 0.8110617809922488 0.7950182263102302 0.7708193119714749 0.7445267432627836 0.7232968777807426 0.7211401166025853 0.7218516545245456 0.7285663999013481 0.7422900437688013 0.721087572829588 0.7040780709448855 0.7114479400290484 0.6982017545725144 0.6956251526546049 0.6650132927471527 0.6822321420667969 0.6928531127542567 0.685754306391781 0.7053046801642104 0.6683028048726896 0.6494846797280754 0.6617630718216198 0.6591868154472821 0.628648494025039 0.6215388954756684 0.6168654790589275 0.6091227930510873 0.5646734317464328 0.5480179654026132 0.5393548819209943
0.9224019941842865 0.9243904882369139 0.9188685985530043 0.8835726618365717 0.8964958624078164 0.8944291815886667 0.8853989944841911 0.8855792523339466 0.8693861541832738 0.8664292697144704 0.852419090644426 0.8583501519794481 0.8334012266502503 0.7993478984169465 0.7859813662931744 0.7809071093657539 0.7536263479864702 0.743554870623356 0.7351240267159317 0.7451818702457249 0.7265712288122737 0.7230039281976249 0.7202915369184062 0.7119231605519404 0.7191600671742302 0.7227905178882045 0.7073324498484119 0.6969724048851936 0.6624972306436631 0.6696117421356701 0.6768890835299373 0.6903813196061626 0.6689268580111711 0.666647882920328 0.6379621181652834 0.634726340698966 0.6374261216081056 0.6312357013533363 0.6035827960515856 0.5895016833932831 0.563062944396443 0.5413659355863709 0.549094637231996
0.9290498479686305 0.9126816667384033 0.9252972138180378 0.8948163249556549 0.9097627601880591 0.8833759003982994 0.8710317676380842 0.895032353956471 0.8658453290885352 0.8652035352668513 0.8437023037891789 0.8334953875695441 0.8214494209266506 0.7811241436483645 0.7778753109178124 0.7890973042142205 0.7789114629378037 0.7396122230865931 0.7413784463889014 0.7500665404069903 0.7520456714738565 0.7379064857866445 0.7076951797815336 0.6864964823943668 0.7080382772783056 0.7222638164287175 0.7198754481749854 0.7046813874612251 0.6824359655797204 0.6465672797053771 0.6625402122662919 0.6509085989318817 0.6595106127859649 0.6701648527460039 0.6300448891897391 0.6356310110212116 0.6383298083016052 0.6365915119907269 0.6166631227794269 0.595198823264547 0.5771935642165746 0.558765468464625 0.54679070736363
0.9462703828380985 0.9289685811075209 0.9186608004819277 0.9172639971053672 0.8977540331590175 0.9022239032287819 0.8748297364730901 0.884881405109485 0.8595270058118761 0.8439910077631388 0.824436328782785 0.8031379258613068 0.8099911586808517 0.7902955965505963 0.7871284538519011 0.7860820332942993 0.7637170353007044 0.7320793991881434 0.7351480315579602 0.754281386757664 0.7451829991613149 0.7160006317955657 0.6935409154714577 0.7052639265037669 0.7048464186008138 0.7074351339926235 0.7001300608080335 0.6858727252649924 0.6645359602475491 0.6749460510315359 0.6637786295283143 0.6626252510801127 0.6651894891963118 0.6574552561512302 0.639222303013205 0.6345924701615048 0.6517218070936207 0.6476972425397585 0.64191289752644 0.62115420445605 0.6064986927840373 0.5977423235396289 0.5783439329234366
0.9285172813069931 0.9283983128682395 0.930628882523256 0.8986275014850467 0.9087637087302067 0.8970789022239231 0.889364353575367 0.8570198506103017 0.8576630961870074 0.8324877535311177 0.8039401418182387 0.7989138467222441 0.804129132786241 0.7771547848220993 0.7845608226032744 0.7860015826643025 0.7745431650747105 0.7511773835830917 0.7599197861790167 0.7544856295225892 0.7452456197751014 0.7170470151734935 0.7190951213924361 0.694623871045728 0.6952179177625191 0.7025261684013959 0.6785053925498912 0.6841135771855996 0.670258257157473 0.6858803137765954 0.6789033848476651 0.6714871357667781 0.6645311257646399 0.6402061110913649 0.6546096019655632 0.6564891539891785 0.6468235191530932 0.665620476935252 0.6361322458844686 0.6110361562141561 0.6185764078025143 0.6175246265626657 0.5780992676577276
0.9405050310657878 0.9618013764209128 0.9477979328415237 0.9245166155150616 0.8954543023985893 0.8854610443734734 0.8769146586209785 0.8533931125800784 0.8485044968132064 0.8306413843635966 0.8015719497766982 0.8266265152293889 0.8210575610537535 0.8120003468372468 0.8001279839657206 0.7638278336023175 0.7579069585292942 0.747863412073055 0.7626569221480787 0.7437406740557738 0.7408685162821498 0.738786636873969 0.7319485930962358 0.7167275521508556 0.6840842633360975 0.6795503952802361 0.6835441469708071 0.6790385819172694 0.6993238917153848 0.6974403745058957 0.6745081298358744 0.6794035061087286 0.6529116857746718 0.6401142288738417 0.6543590461110282 0.6535773451251949 0.6784050093816145 0.684595975108059 0.649178509027183 0.6447657662819724 0.6235556333603458 0.6229333325435934 0.593701418559675
0.9609142180853144 0.9788691041535417 0.9647400968799846 0.9331162981182848 0.8864497199259864 0.8868730306526164 0.8897520742384064 0.8561719991057664 0.8280930975787277 0.8123660589923856 0.8259182476206975 0.8277846909844395 0.8296951834819308 0.8126069068671629 0.7923556429259913 0.7641561659191232 0.7638055344583279 0.7813172497515993 0.75910621724789 0.7433264176069008 0.7331553517808965 0.7320054322429634 0.7266708191357597 0.7157477368662024 0.7089650933187133 0.6761108460215838 0.6935128609129267 0.6880127682010715 0.702078256020495 0.7112657179416573 0.6850847032984504 0.6946256202666085 0.6671035393100402 0.6687868496557615 0.6764910186961385 0.6920554770242032 0.6710088583130358 0.6772589245999333 0.6782848851474707 0.6725452306653362 0.671530419524577 0.6338404765127386 0.599317568240646
0.9733935475990574 0.963829411924764 0.9413840411472992 0.9051457978187247 0.8908848334011905 0.8900470993226448 0.8737115950775142 0.8753392697452009 0.8407402590940581 0.8282687157859651 0.8403076466580712 0.8353121404449988 0.8164388941221489 0.8174888909474657 0.8011028299781763 0.7750526803154194 0.7688771226352573 0.7836942870882967 0.7500011001264676 0.7426726390303798 0.7441549594226091 0.7202734382984162 0.7241133387557713 0.7037423593635134 0.6942277547469593 0.7028730635186872 0.6796060135204968 0.6927556993417695 0.7015339394004289 0.7061214399070919 0.6992773983926435 0.6965862629208918 0.683589744530497 0.6727316811603742 0.6623182395460274 0.6854658276953723 0.6983808515825797 0.7113843544425354 0.6977294919442081 0.6979124308658352 0.6884479538194017 0.6710376690154192 0.6242697824667613
0.9618674618244822 0.9507096002291182 0.9352551818271295 0.9112539735263945 0.8921305490948539 0.8929665217633993 0.9035015488388639 0.8907507820494058 0.851243992473882 0.8499038920331293 0.8327233425114567 0.8486573253571996 0.843366319868305 0.825287140977867 0.7927652011835054 0.7681560147904997 0.782495368502012 0.7900019173361952 0.7561912301541297 0.7404933434159436 0.7260303467262904 0.712420744091452 0.6894633562642101 0.7053127232558908 0.702277735604217 0.7051433172637074 0.6860247876640919 0.7063483272020007 0.7144433553477921 0.7251323624802769 0.706151752844272 0.6915036029895518 0.6737551129363555 0.6629685618900633 0.6772937400093818 0.6827370695369213 0.6874039078632033 0.7134536513456626 0.6845834885407711 0.6965870957657968 0.6981784635917183 0.6844883085808365 0.6431583230132796
0.9586247375550856 0.9360799253882649 0.9331089956114254 0.9228262792681123 0.9181137282533596 0.9120428452793334 0.9103856253878856 0.9058698540536504 0.8733458402859954 0.8711988674049348 0.8527309318757753 0.8438649598542409 0.8391135693014561 0.8106849156781158 0.7753370474321727 0.7637971841634296 0.7558772421985509 0.7536374374992302 0.7604576902019687 0.7576491265155815 0.713836338069071 0.7094383264821174 0.6855051326549336 0.6869586855893449 0.6917834445734852 0.6862997315309671 0.6878640591014894 0.6889691557987093 0.693829146726933 0.6957726726498223 0.6936379949139223 0.67501731701881 0.664849647134349 0.6541678280051404 0.6783746295602365 0.6890775825842363 0.707955509924237 0.6950834928847968 0.6973490951325659 0.6924087049429473 0.6746242039288721 0.6940254654894022 0.6787181451131933
0.9609165313430428 0.9303015628677425 0.9436155115532553 0.9157235323578915 0.9199307976124753 0.9320340244838322 0.9308287049677811 0.9091704841327068 0.8928323199700742 0.8660112451023297 0.831844931324204 0.8273208257369008 0.8074682497320116 0.805331370305324 0.7709956580554959 0.7624188716807868 0.7548332041603049 0.7702742534574791 0.7580665203176493 0.751284787733453 0.7113792030530078 0.681952586455401 0.6963256567297249 0.7077527762692069 0.6807846909953872 0.7033291592783001 0.6820801028781815 0.6696767768573747 0.6893869577109378 0.681299161379741 0.6648554298198237 0.6747370590890714 0.6880699238962045 0.669137389386849 0.6901151503066381 0.6914135355109913 0.6996108550312331 0.7111145089046544 0.688989609873669 0.6790218406939788 0.6931944941565148 0.6840587530153158 0.677354156881523
