Raster_benchmarking/continuous/raster-423.asc
NCOLS 100
NROWS 100
XLLCORNER 1743168.3559569712
YLLCORNER 5469277.7638815995
CELLSIZE 10
NODATA_VALUE -9999
[rows 19 to 37 of 100, columns 0 to 42 of 100]
0.7129967156272755 0.7116382059311853 0.7458980912862561 0.8169972941135438 0.8602462164347396 0.8451663847309893 0.8239328208534399 0.8401599584772004 0.8493337383775498 0.8238858003072499 0.8419368086149475 0.8627032655404848 0.8673473429566994 0.8874675655096791 0.8810240643348966 0.8534719535811668 0.8617234119873308 0.8656002956785552 0.8334679426226758 0.846248393382857 0.8737661205403101 0.8858725391344088 0.8621402449124999 0.8546929290963585 0.8312974843022483 0.8231710167307671 0.7997342786720094 0.7733460235234495 0.774106434404019 0.767409837774023 0.7518807239916104 0.7551207219195012 0.7689810229713678 0.7441698467382475 0.7459318584855611 0.765532141304392 0.731234188527929 0.7219139926640245 0.6790642527663834 0.6390907917197385 0.633144784062589 0.6451851902433715 0.6681190166873779
0.7123061917885849 0.7440904679383877 0.7515732377873598 0.7983628452355029 0.8618248109323903 0.8853459884907241 0.8388249205682722 0.8143086570241959 0.8169879588980737 0.7884624778764713 0.8004779143280726 0.8179641633317392 0.8359376614359653 0.8679528843266799 0.8750476510838853 0.8949535721637901 0.8898949593042991 0.8987975080148444 0.9060396832267966 0.8995128342354769 0.9003892871272664 0.9212423552210781 0.8905612336622313 0.8437598818961167 0.8069301225376123 0.8083197346057109 0.7936545767997816 0.8071696246349325 0.749884664092505 0.7404694864844124 0.7704042549948763 0.7828447164063705 0.7868791648907538 0.7546474171064355 0.7618325319301571 0.7823075080481141 0.774387897659314 0.7211216946273882 0.7082346878711183 0.6645685435892899 0.6252709948601503 0.6417661584602609 0.6477168689948848
0.7630397156768834 0.7530001976963338 0.7919004652976012 0.813922341823064 0.8498578133147465 0.8291218310960701 0.8093994789949874 0.82098847311064 0.8206835821226662 0.7815784912216608 0.8112431580603514 0.7958163062565327 0.8284762773870081 0.8308432465218698 0.8633490134967153 0.8879060153546405 0.8823837287296284 0.9089771991413143 0.8915376850871973 0.9388179368292534 0.9311743847502796 0.9145901575960493 0.8638990878419913 0.8344247167488478 0.8296697615088227 0.7978900256483278 0.7899947230980766 0.7797539918010913 0.7450550274580506 0.7181987066404103 0.7459628941610835 0.7561225109091453 0.7595656506137749 0.7385299734132303 0.7649523217825249 0.7669199711458139 0.7765604956184651 0.7668452959227908 0.7128116266963903 0.6611061495218901 0.650864977796695 0.6561461608663035 0.6526504799865774
0.7474262829101261 0.7832997011069301 0.7874563713070865 0.8291593591898804 0.7968632889608509 0.7984632877797495 0.7740888633326694 0.7921638075076067 0.7995393445704111 0.7843908902405277 0.7631938775950156 0.7736347088270918 0.8087399838916918 0.7931670494167048 0.8227719541182974 0.8869182865821841 0.8579180294980246 0.8816104424160843 0.919598872848308 0.9249405808426313 0.8787526720193367 0.8903449235504272 0.8889665517594023 0.8446586440237467 0.8039729318511329 0.7926979318478544 0.8062905462544898 0.7934533361750801 0.7672132997544372 0.7212557233512662 0.7246303496622543 0.7241026382099696 0.7414020113491423 0.7770764953535534 0.7482019540917669 0.7660786397628009 0.7756281764367329 0.7615497875046182 0.746257745636894 0.714442036556913 0.7012499126373213 0.6503029009887794 0.6656174875089897
0.7469571739512479 0.7990430808764053 0.8164066913576369 0.8097369608438528 0.7929551748884199 0.7847107696214597 0.797217294423519 0.7895800072977404 0.766241198374748 0.7956142258829882 0.7635641361533834 0.7844219395176297 0.7713893245024495 0.8116315539968282 0.8030998468315756 0.8521689587096819 0.8890579928689137 0.8952989224847243 0.9169144810964082 0.8898895714783788 0.8750610305556957 0.8525219412845462 0.8658328546498998 0.834451001146828 0.8223493844556442 0.8042634992399614 0.7914334984333699 0.7643936689164142 0.7557193780969099 0.7449562609080449 0.7636068249470794 0.7345838581911069 0.7690514420030348 0.7587320735041188 0.793019566659061 0.7600114625702392 0.7909100064721928 0.7506534625086861 0.7451221342126642 0.7328670018260272 0.7078958901954454 0.6864495797986813 0.7115992994026472
0.7708978649051481 0.7873197190157043 0.7954528040265505 0.8142327502705137 0.7812664562255117 0.7775543333429343 0.7757076695818331 0.7497099236543444 0.7767948448970822 0.8036702553530598 0.7997743930315667 0.8010078184019269 0.8070870963272831 0.7801701879671894 0.823446384579666 0.8556866517707042 0.8652474805691047 0.9089828844600241 0.8898438504704395 0.9023940141797682 0.8886075496333364 0.8260020921076218 0.8509015446193888 0.8233677580537838 0.827680171415047 0.818222514765155 0.7968976468091146 0.8044320813486613 0.7577693849694764 0.7476346648069181 0.7271469926419561 0.7536593736288217 0.7692478642372446 0.7664798410937902 0.780810907551134 0.7580668212184969 0.7870554204192595 0.7733331628662772 0.7532601166863738 0.7371027371040384 0.7151888595302582 0.6867855482592404 0.6962282293683509
0.7473783071269895 0.7698931973983436 0.7542241094995118 0.7663757851945285 0.7515115693271269 0.7392433760574258 0.7872368657417242 0.8009547852227556 0.7936197251930697 0.7896799033268718 0.7621612847300423 0.7772266489662425 0.8029596666530422 0.8147930751275396 0.8152338234492351 0.7997274638204985 0.8413971115007635 0.8945437443344688 0.89209602097685 0.8797863046837621 0.8530547536205938 0.8499902185687321 0.8297063539409522 0.818679575795615 0.8435607905976865 0.8270587328110552 0.8118726252008184 0.7975553382463815 0.7925850759529306 0.7292488697696453 0.7346753193457731 0.763987232421422 0.7695976655956402 0.7683773775364758 0.7842876444607079 0.746206941588896 0.758888367101391 0.7564100183890892 0.7154603655521012 0.7333255082907677 0.6845801421889202 0.712367600119895 0.711100293858361
0.7355821154722307 0.7224336804050009 0.7505880084610963 0.7413455469534167 0.7600114587114715 0.7465302456883636 0.7741478269818631 0.7998215110686479 0.7771237182162185 0.7743162718444917 0.7970769334523294 0.7736322734859004 0.7714443179689676 0.7641898896560516 0.759762969992806 0.7691879569393479 0.7988261395214602 0.8422709303613757 0.8552718067853102 0.8232172729494487 0.8319169118759866 0.829590800798937 0.8256265132476542 0.8507092210432229 0.8795076116793515 0.8760114332431365 0.8325101681357242 0.8178491516780264 0.7766266952608882 0.7305911858615503 0.7496863898251185 0.7819254698877556 0.774913689254451 0.7831600751618853 0.7752598629364302 0.7540841255265236 0.7164688727105747 0.6961531535712256 0.6731606304818397 0.7138457120797884 0.6697219287392024 0.6646460366138948 0.6771728334681558
0.6970414553809856 0.6984458051174087 0.7571663358579676 0.7721660557175901 0.7911433642899479 0.7962218871685186 0.8210031578815091 0.836165280001232 0.8167126130059087 0.8201549185967272 0.8100626721688658 0.800946560395377 0.756882472541043 0.7778299194318841 0.7669813059491806 0.7544673533027795 0.7821675313783659 0.7818970209129058 0.819921960734946 0.8271321531480149 0.8352854575794065 0.8067173465929885 0.8609753897116014 0.8809628899717166 0.8599142565597485 0.8552684991879924 0.8845588504338754 0.856960054332969 0.8018221457102244 0.7671254693664794 0.7620150846948343 0.7868973356793293 0.7774139268875113 0.7678688615009106 0.7480095923401697 0.7371380230584211 0.6924060730015813 0.6919661827965116 0.6710470670611766 0.6594254367319045 0.6770204496868197 0.6744476979240267 0.6854320629800114
0.695507530516153 0.7252621316418357 0.7507172833446386 0.7922378557767232 0.8262641963469793 0.8485638334226927 0.8520236058924365 0.8240658176678038 0.8071552982851741 0.8488273120391977 0.8481386304054148 0.7986158258760332 0.764195928720702 0.7518882233351751 0.7356773877058507 0.7528737701602655 0.7891156127023757 0.7837419821281336 0.7940073738744067 0.8233810265632179 0.822739677745547 0.806854246635107 0.8528220100266842 0.8491224040046077 0.8401325186716162 0.8815817789415304 0.8816800671178943 0.8579673485950752 0.7957771926375146 0.743705210507608 0.7753140132471029 0.7654765625298245 0.7806604512287352 0.7429457426323839 0.7409387237821183 0.7044571551885018 0.6723592808806386 0.6497838492040474 0.6879094538460873 0.683120410192517 0.7047990974290015 0.7192084578146766 0.6990757866547116
0.6960139331838971 0.7344401205614002 0.7363585782966113 0.7304337528439604 0.7822323403719876 0.7917574363505657 0.8458799879804634 0.83385926524529 0.8224130874912375 0.8387265775127075 0.8493905768796585 0.7910768068417227 0.7742704134308177 0.7529827957271447 0.7745366265533699 0.7424769303582931 0.7912932095441154 0.7724412587276779 0.7854077346779705 0.803534902533808 0.8036461831596903 0.7949117573472009 0.8464283520677479 0.85746458904285 0.8730888793688542 0.8324280371000606 0.8529842381995104 0.8309602412538994 0.7948502399771739 0.7798260799886408 0.7514247432142159 0.768949858837982 0.7641665116585494 0.7610464166669947 0.7245338470833659 0.7362428140814249 0.7304304360000292 0.737259652149769 0.7245067187786383 0.693160265289502 0.7292438037608995 0.7087383111441814 0.7136526777572965
0.7083864199535157 0.7090772430079434 0.7224261398751938 0.7105078725530544 0.7467084383402427 0.761300244120912 0.7983369387317844 0.8507724418504095 0.8494750052952698 0.8601045195646756 0.8099063350314737 0.8206924768235716 0.7987183316154921 0.8004784962859458 0.7693491482473114 0.7438834845634226 0.7860325389247883 0.8054959193354662 0.8168015474596798 0.8354281051528515 0.8239606789696561 0.7889511964296041 0.8478921386091728 0.8511038662779268 0.8264977062220638 0.8148138812998166 0.8229322370028922 0.8149577638443243 0.8042036544300365 0.7448482688358008 0.7840424138618679 0.7975187864039885 0.8101624349988437 0.8059121229253506 0.7707464068426644 0.7422184038955822 0.7274966440634452 0.7370115979919676 0.7434589104305636 0.7306242738160827 0.7268351462822292 0.7297606884237915 0.6954316703816633
0.6946198971412293 0.6748558078369181 0.6967459882574174 0.6938455162668586 0.7291318027731126 0.7905258387716708 0.8143436559930577 0.8166950291367648 0.8136293860342504 0.8315112224349769 0.8036631557074723 0.7924709523276487 0.809339803391979 0.8104185902234116 0.8065565315632626 0.8008745016757742 0.7880742078404318 0.7768831492410391 0.7975024782352833 0.7983639503684448 0.829367377824698 0.8395843470233982 0.842159170294113 0.843041684267833 0.8580619078927874 0.820278947743527 0.8469625821133564 0.7976101322420575 0.7688160556608713 0.8037669357027057 0.7968100985927725 0.7992612110576055 0.7761661256264571 0.7619076046409146 0.769312567720483 0.7192270410436362 0.7416802071395578 0.7082693882686396 0.713339710919479 0.7292043218965651 0.7100497327325918 0.716223336820435 0.7034546656207815
0.6520396030298703 0.668739323463585 0.7254337302938592 0.7436793863524335 0.7738537833145297 0.773033935081862 0.7927716505847233 0.8131827273983077 0.8136928773573336 0.7560576601904786 0.7755428890079292 0.7658429262521065 0.7924651008774646 0.7977776397978469 0.822478241512389 0.7804375150098041 0.774832072508594 0.7893872541325495 0.7797851598218648 0.8102166359530237 0.795644023807365 0.8308997651135779 0.8310653132296849 0.8153817404385654 0.8671505823036242 0.8695200088276578 0.8338722207311511 0.7846176546888435 0.8116897960372719 0.7986035263600624 0.7877676650221404 0.7832628667052208 0.7990754577401971 0.8048007959666662 0.7493990966282553 0.7249907000452669 0.7423729398095089 0.7439920075503788 0.7107516921911918 0.6843183877249737 0.6938101028603362 0.7001263392667566 0.6719293346726481
0.6522009501797426 0.6752317334232861 0.7258699108628568 0.7432191258690866 0.7436218329882808 0.7609173192262754 0.7875680375196245 0.7879093961315635 0.7885309164326755 0.7788795529382986 0.8086559277470625 0.821445926748347 0.8333310177232707 0.8444035825665227 0.841025718648611 0.8453950810014477 0.8213019872177636 0.8187934400047987 0.8185301547957521 0.7994725775103779 0.7981465141776494 0.8336372375976762 0.831612586162558 0.8499634977564567 0.8591862682725243 0.8562789397923739 0.827833275850036 0.8007716585514587 0.8432874039568137 0.8679911067339353 0.8504892321544772 0.8366421886700135 0.8195870443944334 0.7783168233339205 0.7529825205791156 0.7221605751909674 0.7278232120390247 0.7411026506965881 0.7279746897516393 0.7182829553636235 0.6841664852983566 0.677999528289483 0.6783846288081965
0.6447139120819129 0.662430297870022 0.6879136379929202 0.7266546611451964 0.7038904114171372 0.7486705448568334 0.7665964188179977 0.7500114169135497 0.7635681096637554 0.7682343201323115 0.8019960318720508 0.8591600379739555 0.8611838479353244 0.9016543544593495 0.8728031587498823 0.8326678163127744 0.8109857158435892 0.8624164762447643 0.8521415648657978 0.8126513155514272 0.7953479070531884 0.7750407743419847 0.7965347998672778 0.8392459842128047 0.8184172279961682 0.845316289579118 0.8123728806308446 0.8237725636526688 0.8592782009052019 0.8930379871231389 0.8853160753305048 0.8555130263736741 0.8072307187665833 0.8079940675650054 0.7799268082664499 0.7265726837744223 0.7582072517314934 0.7602108883711971 0.7307094479265414 0.7197929764987863 0.7035383745370744 0.6917930257947911 0.7234962991256478
0.6142215442909195 0.6523289599342553 0.6516841948202062 0.6816744755722602 0.6914419251488029 0.6997579860461479 0.7287849054665823 0.7837511822695347 0.8121844993305912 0.8113151416668751 0.8435620916039503 0.8672396981628784 0.8936798592322375 0.9452422443492877 0.8971474059242291 0.8468095508319056 0.83117299362655 0.8172115579628869 0.8378143624660177 0.8021010242362958 0.8097976590868259 0.7909558361436845 0.8266150244653708 0.8083427888033469 0.8258575889695677 0.8638568937599239 0.8564999750064228 0.8720529076199965 0.8947224893057032 0.9187766789338208 0.8857691259533458 0.8515184000528884 0.8331018727269708 0.7795034711442834 0.7767283411768143 0.7207310569994111 0.7611226529171039 0.7496276572954642 0.7589476190786969 0.6980554078538704 0.6839374002927473 0.7087142779077474 0.6891533228173289
0.6630800870112494 0.6347823767507972 0.6566531805781659 0.6668454006366972 0.7027050143370697 0.6817247536351926 0.7371432345553806 0.7944240971570022 0.8125406725654423 0.8668699938374438 0.8936865859965288 0.9208368720371544 0.947522044026334 1.0 0.9533423965203688 0.8904132852298401 0.8400209650746179 0.8374959374916058 0.8220046122355539 0.773410631674366 0.7684590058548395 0.7916911795306286 0.8128752167457332 0.8340667006371739 0.8057009640275214 0.8369992737073383 0.8616067270543378 0.8868110803349513 0.8963799045505071 0.9225378667062958 0.8982798840844857 0.8500377724795841 0.8097137200608691 0.7734802728181492 0.7554126020236239 0.720955011185384 0.7551338695846147 0.750610681253206 0.7235548808870054 0.7057745713050236 0.662291066206573 0.6737823112463265 0.6828116105855507
0.675078516389802 0.6706638231186267 0.6581069069557831 0.6618845007158675 0.6845943527680064 0.7368694939546759 0.7696336478583296 0.7989122689487346 0.7971081690951857 0.8484419784334472 0.906195476532816 0.8937242651885458 0.9259425918380588 0.9726079406657585 0.93787722448998 0.926977188445269 0.8773512228977133 0.8476305277078341 0.8306571790050291 0.7771778722079287 0.7781428281241036 0.8154275801594026 0.7993659051185836 0.782892948935911 0.7968659185592163 0.8300335702007693 0.8445917707449805 0.8379014159204363 0.8566211412793598 0.8505986688043651 0.8293839999617659 0.8108519009774653 0.8022913669577535 0.7758176885141443 0.7495151112258548 0.7177232531015214 0.761077221642534 0.7278810549121721 0.7146806280895931 0.6904039938339078 0.6879328391019053 0.6783502518154246 0.6622094007484838
