Raster_benchmarking/continuous/raster-274.asc
NCOLS 100
NROWS 100
XLLCORNER 1743153.104110421
YLLCORNER 5469277.489903877
CELLSIZE 10
NODATA_VALUE -9999
[rows 0 to 18 of 100, columns 43 to 85 of 100]
0.21493484605411692 0.23473386854480016 0.21512089734137824 0.24311580816491765 0.19999752199961734 0.2710483882457355 0.29866184998587864 0.25490554212279887 0.2916946794554154 0.2681903053843047 0.2864214931884262 0.29949784825269565 0.34941919499475 0.3465759733779181 0.2961288408619819 0.3011971127131847 0.36203722891683016 0.32655242571469045 0.3438506766594503 0.36225620271785436 0.3898928122791027 0.35850561662264385 0.43713268946696854 0.4404814930873288 0.46938294700749733 0.49104762909830674 0.506142517370513 0.5361723152678943 0.5308599129436855 0.5399935149029027 0.5699284995903947 0.5891651911559137 0.554050983457512 0.5945259543036925 0.5999994480485416 0.5542347136358458 0.5501429274287712 0.5454030713314956 0.557363538201861 0.5140584883030469 0.49302289828245266 0.4490489846058727 0.4447562186463155
0.1968850360246355 0.2222455229882775 0.274267877474967 0.24968082079876847 0.2233631882619647 0.25556919497222935 0.27712392817206966 0.2817383815618634 0.28774439334338703 0.3101656784122673 0.32850677472992046 0.36180529821766794 0.3825490598383251 0.33978513002488914 0.31378424387139203 0.33031279622633375 0.38596995588643335 0.3800803961781082 0.33307169280164656 0.33462008058412207 0.3738441415306202 0.4063065553849597 0.4165844095029048 0.429020341298735 0.47913025244423474 0.45905662301247613 0.5360196251121018 0.5477111135375771 0.516999834277524 0.5034001018442883 0.568709926972828 0.5718789945803656 0.5668225347966799 0.5228650685328005 0.5526338442513131 0.5287308630512023 0.5383200184218508 0.5700302293705594 0.5397954192359553 0.5123922337372173 0.4989824532734342 0.5016075950490501 0.4702037823065088
0.22384301385637487 0.2853740743081847 0.29838265684743165 0.2647644974787138 0.2656687459455065 0.3173201909036225 0.3304018739784361 0.31520110791163486 0.25675365052660765 0.30424345213565274 0.28103533362303124 0.3808892953750219 0.3982047736047061 0.3816273822809738 0.3674412845490591 0.3346318492875018 0.34997688474848404 0.39134410861599594 0.3267253468838709 0.34797073795972483 0.417072164155097 0.40751465238782636 0.4280051404533551 0.4398509343736754 0.46399750927988054 0.5063248058755282 0.5184966405632383 0.5686189342100924 0.538775405075451 0.531605662499347 0.4978012418005826 0.5643002965950447 0.5577663617642118 0.5070890190265641 0.499738672473354 0.5495497221245959 0.5054175959690177 0.5475450886520391 0.5391540640147261 0.5636170809575868 0.5663167015982422 0.5344239263088839 0.5308338828152552
0.25638102928235057 0.2819504021082787 0.31070920511208966 0.31845178662683743 0.3464947571542411 0.33359237214690324 0.3152676370459742 0.3168974083154836 0.316365973989772 0.28500243626255334 0.36056064196277743 0.39635838852110883 0.3674508839857093 0.3824279315840923 0.38566672073711883 0.37397998179022685 0.3620664429513436 0.3996002248924798 0.34724707303801544 0.3655280983696809 0.39319002768167155 0.4481959778136845 0.42198127704757277 0.4463965813159291 0.4451693810959957 0.49942896932220526 0.5388659854436719 0.5535594539686118 0.5263997666932443 0.5616558950013202 0.5289216926890765 0.5401142100493495 0.589302956615248 0.5622413426293036 0.5642689506521226 0.5496037434842547 0.5622556949215363 0.5367026763022709 0.5377625049325329 0.5636113932152216 0.5337859315987572 0.5433002634058451 0.5013419837894432
0.3024666827213185 0.3254893677204222 0.3286807473235863 0.3487266946343245 0.38089489008863564 0.40233009409296316 0.39958730680019644 0.3407239353205817 0.32756256626794245 0.32587278145004 0.36075585863081194 0.40351762645513656 0.4092158914511523 0.44299513821305286 0.40788908298532817 0.43872613823109413 0.3906330443945154 0.41249464904931255 0.39887312521334867 0.4125397520091765 0.42810025673220403 0.4220995679840622 0.39968895201832616 0.4432364158278283 0.4473159061109205 0.4953313122818501 0.5326082092925958 0.5122326470481565 0.5212809475354033 0.5630320972311151 0.6032996166022953 0.5950523083330522 0.5787415227936834 0.5551079889470295 0.5205859715342527 0.5259114423678675 0.5579118531307694 0.5647634471205868 0.5404877290730152 0.5442197210722829 0.5546254071110306 0.5108428056533794 0.5094264365463893
0.2941816337162197 0.351070104665336 0.36585681224837185 0.3635785221574217 0.39158386297966685 0.39185474980131196 0.3816660483530391 0.37567830976895 0.3721447550555092 0.43814409043640234 0.41274323253830736 0.46290449334915174 0.4771105868851778 0.43583876920613096 0.4719132839340615 0.46397815977491386 0.4236065007654681 0.4195432640737278 0.44617872566950856 0.43046447269667576 0.43938136147552087 0.38776957225867914 0.38256371847306675 0.405236376905315 0.46185161829336885 0.4650318933351214 0.4975558517536773 0.5188424316552834 0.5841393704058535 0.5985823994066459 0.6115976845228169 0.6470089412566721 0.6121636113972138 0.6079530681024652 0.5630782754920013 0.5506484740498281 0.5690833086735853 0.5492823022477868 0.5359284537550753 0.4976833824729432 0.5447199524270772 0.5182317328087461 0.47780854860673694
0.29305170476343195 0.3304906311043438 0.4032869203755718 0.3702550979305491 0.35674421309530646 0.37820271842670034 0.3724089162207594 0.3968144168868998 0.4505027331175803 0.46757788525395455 0.4910755293547021 0.5094607720731215 0.4674679333409249 0.5133372874490335 0.5431480673149726 0.4735428630737252 0.4130286843955492 0.41277712455608134 0.40351381528673147 0.42933467835489453 0.4153983397304161 0.4242997003444088 0.39646941510107414 0.4135660308736141 0.4787733386268433 0.47473859644322935 0.4631577212129967 0.5227964315554549 0.5584796262808298 0.6502390567963063 0.6875741861408237 0.6329113793241825 0.6185520438552391 0.6378926106244014 0.6304893801362955 0.5829585780632777 0.5730368067474735 0.5226566153530335 0.4772830614286629 0.5378694494817909 0.5423420146256858 0.526713714494932 0.5001770005829204
0.30511922761861093 0.33060684653580874 0.33669917033281677 0.3413572225813717 0.31805145846113614 0.33000105359417986 0.3608328184033169 0.37213810750098186 0.4592768533585445 0.4726247945255768 0.45833682656284497 0.479331324885517 0.49773739210444073 0.5244192048245752 0.5275897016658294 0.46983730365997 0.46887902883180177 0.4450791272534384 0.40112263387190483 0.3937682529452013 0.41795615659688196 0.4151806590806155 0.40982107547358904 0.4232120085364051 0.46326491335999753 0.44617036818783795 0.4734549447896026 0.49876119649869083 0.539578314295077 0.6372944468130198 0.6410899994756437 0.6352819458426787 0.653748669535795 0.6707786192996898 0.6223091749010555 0.6064168011064205 0.6095292020562917 0.5923014408549048 0.5302444920773389 0.5416220682339375 0.4914918181538223 0.5022738361088303 0.4998022680287832
0.27377982865348915 0.30818289581183755 0.3311937442575598 0.3466909901346489 0.3401184489685285 0.37456198734748314 0.3445347025213387 0.3973274218180124 0.40602005700998567 0.45653827462054086 0.47840147256514576 0.46966515805781023 0.48392479107423847 0.5083306957788851 0.5209964822448798 0.49608667444055776 0.4642761204290196 0.47582802989725687 0.4408735317993027 0.4335157513768544 0.38215072471518563 0.368597708376966 0.39780783691513955 0.42479790049032484 0.4091775695516803 0.4890257040311048 0.517821948496693 0.5317634838107101 0.5412867403246906 0.5704695590881326 0.6472001711804312 0.6810169186282858 0.6954097077216993 0.6264293043508774 0.6349405874350725 0.6051002439637435 0.6206163722033081 0.5825050942824403 0.607471851272679 0.5329465195448694 0.5033438682501462 0.4971546748374934 0.43957056641842157
0.26294772666954797 0.2781533204098086 0.3307738887727686 0.3584546679737252 0.38774620212497013 0.3882166056303842 0.36898177483065386 0.37466586905634325 0.41160698036918575 0.40158875766860863 0.39104441243535515 0.4096136477399951 0.45523899334170187 0.4909072456247731 0.5024141522682214 0.44020777935320704 0.4791707095199203 0.484259345251605 0.43316594235317757 0.47078299721233885 0.47185839250239503 0.4088860876578157 0.38118981250738054 0.43508089587955506 0.4314043533251598 0.46982040312905987 0.4963533423962911 0.5679665250333946 0.559692951090709 0.5896786408107787 0.5887201386158079 0.6326053342292021 0.6674312843876171 0.6328895288603592 0.6497222007236398 0.6262448134332272 0.589982266837054 0.6277327534284187 0.6043737998259694 0.5544865741304476 0.48101382907400186 0.4653589925625713 0.4696925485576442
0.20830332792659242 0.27726122101401957 0.3117810327597647 0.3513418539994837 0.37376597496469083 0.36536391335146956 0.36593494413456173 0.4036525073358541 0.4154371628858014 0.42426939023717697 0.4009637937025482 0.38723693132594483 0.40394794672318424 0.40413046109498996 0.428305661130098 0.45528043040141014 0.44754275716392056 0.45131959760233137 0.4688339926780716 0.48152482686606246 0.48742001998908296 0.42389440117074334 0.41000034877288644 0.4073714237045807 0.4394972532927674 0.4856895171383926 0.4995871364068826 0.5561949783334179 0.5892204679983136 0.6192772478090952 0.6021707571867343 0.5862617230503315 0.6518562219160068 0.6312264841590964 0.664193023612069 0.6483963412751165 0.5962129917917927 0.6356862976465495 0.6097262586873378 0.5398868532742493 0.5317913597507732 0.47494105123816915 0.4324824849129622
0.1444738576792616 0.19185179930692986 0.2417436846192123 0.30125625792621585 0.31792325818225253 0.3086114511066019 0.300026577530818 0.3411162115422996 0.34526531714899855 0.3842634378367788 0.357404008862011 0.39561674970439487 0.3847897787734361 0.4083030941124196 0.43682349399663944 0.41068173231470123 0.41979544306154387 0.43042495529668734 0.47204049199522646 0.49356646083367167 0.4932315312553004 0.43846577183809987 0.45034792044538274 0.43152947059334656 0.43018622069520995 0.503049442063994 0.4973278080799196 0.5765880095061638 0.5656417721934514 0.6319154823711826 0.6433567271246028 0.5942785246963781 0.626577792286751 0.6211879600030183 0.6353059913157001 0.6247290532679352 0.6148796283190285 0.6120270023477592 0.6275499241604849 0.591267882962399 0.5140249495852903 0.47053773899412416 0.45777451306211914
0.13379502714094116 0.1597296427619522 0.23793678937842097 0.2833469474416249 0.3095094086152502 0.29532564424015084 0.2741071993710431 0.3368949595155568 0.3227388383642848 0.3925052190265275 0.3341562166149534 0.35049031393790286 0.3818130661118853 0.3885605599458765 0.38736814237113587 0.418950416552366 0.48572646723753665 0.48951217792264146 0.4471214755775613 0.5049334674688212 0.4568593839749595 0.44673841302867473 0.4566368342353672 0.4483694863475248 0.43399571363895406 0.4885562228667299 0.527943404214466 0.5914676309367357 0.5981353598518002 0.5874957792198953 0.6351831566549366 0.648630359428959 0.6125863363060862 0.6379388199716325 0.6179470888339071 0.6067942592460714 0.6210476362550896 0.5955324701526444 0.6063223794443524 0.5702267891135169 0.4976876409033268 0.45348698049961506 0.4576343000695224
0.16070103683339312 0.1803933501002707 0.2692781582419024 0.28283070481375283 0.25616455579157005 0.2491046413544533 0.29231399193103136 0.30323943914275875 0.35129628973502103 0.40661717422854465 0.4018835428067524 0.39310328443776754 0.38160002943492377 0.41705077344033853 0.42000166588755267 0.48373096221871614 0.47884050722426774 0.47334374431646015 0.49611520888578153 0.4933183104836469 0.4899886165988457 0.45144529278433226 0.4482333983440581 0.5055459986137967 0.48924863338922525 0.5372057382809443 0.5126491572120188 0.566294614986017 0.5928636880958601 0.6116964286856168 0.682929761552975 0.6610446145054845 0.6807678598486298 0.6501049103491519 0.6455681640109003 0.6571341753849812 0.5934513917353341 0.5934425499515495 0.5184701490788294 0.48458893715443574 0.4432292837955546 0.45422422101173227 0.4380149235666168
0.11814034537985435 0.19006413750659243 0.27570441333279216 0.25195081055865115 0.3086517834869496 0.2932593799645287 0.2216176767846823 0.2841370005554985 0.3849211836297162 0.3884782333228572 0.4507841023031619 0.46965540911426085 0.4532374229554374 0.46952901472664055 0.45913568758361084 0.4875479198518592 0.5396666171709784 0.4784167038881121 0.47371106459888446 0.5299612920968135 0.5129364758140835 0.48238893033681357 0.4596497719553339 0.48451768218350755 0.5615013207193998 0.5266600399337372 0.5473479200053796 0.5622713352674509 0.6350036620867592 0.6744746500717893 0.6928629378053958 0.6505082804913246 0.683191539644621 0.7009954387217292 0.6917606506211824 0.6265952300745041 0.6170989036025155 0.5375798990737918 0.49638315414805095 0.4400750149960011 0.4360161637664919 0.4229042369331267 0.4490231809337347
0.1431237344170572 0.2114517723252099 0.24968187728964844 0.26808429914327053 0.2514942238837076 0.25480255081156467 0.2226239649965651 0.2971743696048488 0.33677812028726206 0.36823034143029415 0.4345744164819155 0.4674165142984874 0.42724458106520374 0.4285765147865385 0.4634102335161298 0.49989697187667914 0.5084973630538724 0.540239598906487 0.5166437333910852 0.5403032455245533 0.5542743260118635 0.5301488071238682 0.5195553960119562 0.5067415846595449 0.5728427856096754 0.5629034973474901 0.5670965296859363 0.6148929207724229 0.6522850437075453 0.6864784361409283 0.682608947929785 0.6792841128996733 0.6863971132480011 0.6532450700706531 0.5856806094389739 0.5716008771961546 0.5900588044652784 0.5073197172030853 0.4988043457796747 0.42523181428780443 0.44329799044902435 0.43256475417484974 0.369118020227249
0.17189118112156734 0.17727902337330706 0.24132909717791548 0.2845547276037918 0.2598853076479736 0.22844732689536107 0.21799409626578256 0.2742704793943737 0.3284323757143713 0.4025878524776233 0.4050698664051267 0.40772921557700487 0.42712919495902457 0.47013013093718353 0.45083819495370375 0.526748531596911 0.57008788064342 0.5192822347981663 0.4989318375829908 0.5625802941630069 0.537970723724423 0.5289833437460705 0.5294891018752282 0.5145124806160054 0.592352479949919 0.5643156279032415 0.6029681103626469 0.6133327754349014 0.6511496650520379 0.6868268193153486 0.6356996619754033 0.6356701567938267 0.5953521322063425 0.5833008815432592 0.5605177473000701 0.5184143869571254 0.5363355479294218 0.5170488822880401 0.4451415682689034 0.40757254878617233 0.4428592644553819 0.39145149104777555 0.33677722117084746
0.15591771821775952 0.19106058011670324 0.2563461676077288 0.26228376627822386 0.2290882948534705 0.2100292551131146 0.2581595446281373 0.25672977131706004 0.2995208685004692 0.37203149193314 0.41201571108592183 0.4004447496815966 0.4177009055536352 0.4712687105214476 0.49019232991285433 0.5480461482255327 0.5998129651965021 0.5687616560320227 0.583277825754003 0.5997417955030802 0.5826732084903408 0.542980583139517 0.5190403560340248 0.5606437614583777 0.5820808206455734 0.6124780275009934 0.5833593902379745 0.6019641324569329 0.6729539398162855 0.6603887828728867 0.6256129807906698 0.6239438941953775 0.6067120213347994 0.5693810239395322 0.5764997789475013 0.5443401655503738 0.48967160554755423 0.45327559160700975 0.4671821638474284 0.4139390920519752 0.3746137031432563 0.3504215259410833 0.32028704997064145
0.13861914007657505 0.17360922247271163 0.19828781688811858 0.2521566348343884 0.21215840405083644 0.25372215655907315 0.24537118088810367 0.29827341389015116 0.27982759133091567 0.3595054815539689 0.39237256378558805 0.41851763435369693 0.47992089333495763 0.516627633811708 0.5351473428657427 0.5922695685684597 0.6112058695981366 0.6450580418664555 0.6085180129339929 0.6330951418438154 0.6156121556073 0.5937048706905449 0.5243453176042006 0.5398517315541844 0.609986181604679 0.598180269062099 0.6215674205221378 0.6042137871430773 0.6463885133781714 0.6226081664692652 0.5920355401829368 0.5831567891624095 0.6111558323925835 0.5982071068799665 0.57793039873785 0.5090781550018554 0.47267335596128035 0.44720197455827226 0.42786406493445794 0.4041182016593967 0.375313546199667 0.31651932950998585 0.26788624874899775
