Raster_benchmarking/continuous/raster-286.asc
NCOLS 100
NROWS 100
XLLCORNER 1743154.6074225877
YLLCORNER 5469291.307013882
CELLSIZE 10
NODATA_VALUE -9999
[rows 19 to 37 of 100, columns 43 to 85 of 100]
0.640576763699026 0.621442799225852 0.5791241098993213 0.562176767635313 0.5963406573951507 0.5769950428792936 0.5995445479044383 0.6265663950376736 0.6919997566347071 0.7189252727056314 0.7773021255594466 0.7615262677898704 0.7368524435292593 0.7460234836848362 0.7185565858166566 0.7730852870925257 0.7451794803098328 0.8356909558636906 0.8533552928113912 0.8530026264833122 0.8397579347175529 0.9111273379752126 0.9533922077265284 0.9002079215014538 0.9123559462665929 0.9474311215217083 0.9605166345639323 0.9310104016217388 0.9054196879637042 0.9200988964109489 1.0 0.9510413895782227 0.9083333046791362 0.8910998971820016 0.9164263605128551 0.817151035387597 0.810209677808849 0.7691746950144457 0.7748712234723796 0.7856395776349453 0.8122640290182981 0.7491669442961585 0.7146852834636592
0.6352882175322201 0.6073096079427435 0.6373693381924854 0.6187889612390207 0.6385187659796393 0.6048598609458367 0.6295209953696327 0.6757030094915856 0.6719776208409282 0.6934633229445754 0.7243357343069768 0.6961595890069441 0.7026960386457585 0.7393021867036764 0.7499877538194041 0.7775663308749616 0.7643766572601229 0.7982506224157216 0.8610585208888775 0.8382063714594841 0.8066981790306026 0.844439848835713 0.8555705947899317 0.9062929985369802 0.8690343203085305 0.8831763086228843 0.9177697015208598 0.8999764040289102 0.9196910241412685 0.9071010635899913 0.9462678664391453 0.9543197416108865 0.9311083060644704 0.9210428507779893 0.8948533757638302 0.8296223416769211 0.818283416741393 0.7905574191129274 0.8148924321236444 0.8347339025944965 0.8316448136765029 0.7843465985295422 0.7679856082492629
0.6305043293236553 0.617845034221548 0.6660863618701144 0.67171463823078 0.6454987296840579 0.6141611766291143 0.6224893621104028 0.6692316964508832 0.7040535164986125 0.7205240273497097 0.6963632997203119 0.7116993783453183 0.6910131647596123 0.7084706184086731 0.7582926671696063 0.8016633660224307 0.8016907467690456 0.8031496315391232 0.8343131995047467 0.847039061848641 0.8218015317541066 0.8341281240683043 0.7940162729911163 0.8521355371683788 0.847694081898992 0.8544192424287195 0.8769702064218785 0.861979242053639 0.9167713323098319 0.9195381521877308 0.9000624948757312 0.9246393797072633 0.9535837870965255 0.9350701769499166 0.892202235112242 0.8354792355844852 0.8073742626568119 0.8085164705567647 0.8528851108022556 0.828903957361438 0.854443047261611 0.809712747207286 0.757659108581088
0.6862372300684193 0.6514015313388563 0.6816004509137942 0.6451816055421827 0.6500472634690375 0.6714952470322046 0.6612423891744953 0.6366617925781956 0.68176472157823 0.6931431627287259 0.6692171577450415 0.6717956017738305 0.7374511952382303 0.7587890906850848 0.7761909241964382 0.8041171112547189 0.8298736650664167 0.8262748654871803 0.8172673808764918 0.8042086765033262 0.7709772159314499 0.7570799375613799 0.7541554958330354 0.8223310629783319 0.856487349587786 0.8592025391277255 0.8643849288912018 0.8711161931904945 0.876214833892701 0.8909795556868274 0.8730011525950305 0.888614262325208 0.8820557907440434 0.8700084342443932 0.8949550353614318 0.8512717386671657 0.8444522434009766 0.8486853975456652 0.844473261168712 0.8834238999542461 0.8650223156179137 0.8428032384344817 0.8208101013626127
0.6892642417292351 0.6998929546917518 0.6834202131031436 0.6661662061958745 0.6709080411748789 0.6910252541788459 0.6700072736053839 0.6961930784106074 0.6612096484189466 0.6871147715500356 0.6631777688066763 0.7184826730880197 0.7357753673323795 0.7499521287599943 0.8058522488635886 0.8044357527153383 0.8171540883646363 0.8043484404801421 0.8428502752065259 0.7914581619740185 0.7435568399036192 0.7389450327337393 0.7527925220737753 0.7891773473280118 0.8223457307740412 0.8284194105300156 0.7785670576214331 0.8109560416851979 0.8169657424269055 0.8919292237862898 0.8800995975154965 0.8557901104553775 0.8398439805853973 0.8274117663295383 0.8484638791074699 0.8743421114534965 0.826381121651283 0.8522962843711486 0.8820147028851409 0.8984828246645014 0.8778662645008429 0.8795702884871713 0.8433059047420997
0.6632030332480522 0.6783564425583477 0.6644368968750003 0.6586810845217509 0.6971050151735592 0.6964119033706532 0.698937774280053 0.7075674510273814 0.7035782102046689 0.6898599632901675 0.6836730313139161 0.6898350092844703 0.7142147861952278 0.7410357823705126 0.7999236217291966 0.786616342392412 0.7878093705025198 0.8092925352226078 0.7918099069450922 0.7307854566102895 0.726492757212727 0.7424760665982572 0.7520922247304705 0.7436742276897148 0.7668202183904519 0.7835307576293079 0.8075129665530437 0.8101070800280286 0.8106580360081479 0.8649974609001162 0.8763319848878638 0.8755502167896649 0.867380631032642 0.8655768789986809 0.8498970402617422 0.8691967654937403 0.858415346677323 0.8292635180026536 0.8711345599555906 0.8468679099876018 0.8780239312814097 0.8633917205392038 0.8127757676500598
0.6460890916429496 0.638958674023082 0.6428603574930373 0.6341697532587619 0.6777410389413904 0.6854978388904777 0.7271665116021463 0.6907317242427496 0.7126114744908213 0.6677850553080361 0.657898945725481 0.673678476638999 0.7320473053189602 0.7449412639116773 0.7597830268765222 0.7791506032233305 0.7546390675828125 0.7226931565129363 0.7158013587402796 0.7083530372030021 0.7388002189264696 0.7032235676149996 0.716599103786472 0.7243126008683758 0.7830326041371567 0.7607836436911541 0.7511902003869635 0.7618947952437019 0.8141414199385039 0.8557710450251145 0.8714754365366438 0.8902783537365432 0.8773587636126811 0.8706219886843423 0.8555148720653252 0.8744829171484112 0.8524885032900085 0.8269848572702553 0.8241243341171973 0.8315859333352497 0.8215607679635609 0.8038280847066499 0.815312089993635
0.6368150565472274 0.6462168102386151 0.6338524728042171 0.6714676917193362 0.6901037262582175 0.6874262383543043 0.6983315517634877 0.6825159194327088 0.7178331821231964 0.7062406873579504 0.7083007516357777 0.7286318992902451 0.7541221105306294 0.7459175717534191 0.7489904141666878 0.7224466055497435 0.701994085392347 0.683934433639918 0.7107178871341756 0.7328791629661519 0.7356743225326293 0.7337207644496054 0.7213236598262871 0.7185900704196764 0.7814605418743888 0.7758479807280048 0.7669448335131445 0.7913852555795057 0.8330167026418879 0.868383017837268 0.8817289238974245 0.8677850569165177 0.8747541861620375 0.8396755377155978 0.8457212550587668 0.8529311401409426 0.8442986565025234 0.8121862644388919 0.8087797518696737 0.7965915309165573 0.798635226433637 0.8130275973441642 0.8047794115340344
0.6901007798377067 0.6436395123269533 0.5888565966716836 0.668496530951778 0.7200606277928724 0.6852227703625232 0.7229584270993782 0.6789107135712037 0.6641930611797945 0.6664528008292349 0.6721437356241294 0.7207631432445814 0.7399986016265067 0.7655266765709414 0.7823261427920281 0.759837341272609 0.7020409541174917 0.6907414655503467 0.6555385427335886 0.7164753829768472 0.7547449877505003 0.7283409190260743 0.7052241350727846 0.6990032969276059 0.7570851326604127 0.7934297670828684 0.8306664089902298 0.8210942622057864 0.8606489108774885 0.8808780328283145 0.8561959034917049 0.8885515938561426 0.860199307041536 0.827444860133342 0.8317956602112535 0.8312957539486516 0.8561095552718981 0.8082210469653434 0.8021573012706961 0.8112237191217027 0.7792648866826752 0.7838311225034966 0.7967924632550293
0.6439795310460603 0.6288142237945842 0.6156355191418246 0.6375546200696023 0.6852021080212929 0.722449206061819 0.6733905768593051 0.6959209396414391 0.6708224493148798 0.6990711809988996 0.7387861047461248 0.760608290113915 0.7834626811398442 0.7823710494836967 0.7605550769799729 0.7497237844666776 0.7101453847858676 0.7196068998862624 0.70800019996637 0.7126712670759476 0.7311248485838762 0.7420900836148047 0.7184918178753796 0.7358353955119084 0.7731058583574171 0.8023685654219193 0.7865226384508278 0.8086701816628529 0.8702117629064536 0.8654754359279078 0.8671363426194438 0.9233649182319132 0.9124113463209743 0.8893914735792183 0.9002037899077997 0.8810060809381803 0.8638713936686807 0.8350720552113253 0.8630852383697635 0.8320418433171061 0.8199260721056633 0.8137117691268458 0.8052515494577448
0.6360145209285111 0.6343699665998506 0.645038632757396 0.6305153628512038 0.7003868461652255 0.6870853932560946 0.6681081525283501 0.7098894598318691 0.7240830291132294 0.7662908199892431 0.7826545809580975 0.7586165319469255 0.7672987455330184 0.7742523949760122 0.7648978932423786 0.7413968000871213 0.7506779676907017 0.7638685044409332 0.7428401079510815 0.7287862093968757 0.7381977123598519 0.7247881169524167 0.7146939403669365 0.7545214320482373 0.772948921857217 0.8055452201185858 0.8180044066443907 0.8229189769805746 0.8282866118249356 0.8461380971407689 0.9169051320032113 0.9094409389500777 0.9432396918206349 0.9193793214311266 0.8927590937762215 0.858100004467643 0.8538855878901436 0.8746539859216501 0.8841041362338059 0.8400370951491642 0.8249112464669885 0.7970647599137884 0.817344719490512
0.6585299165235966 0.6289538558291438 0.642534408601666 0.6517580207523038 0.6749889727216195 0.68885816226824 0.6686966483353798 0.7079135421212844 0.7395814935236552 0.7792221164801763 0.8023567893091111 0.7910519985515446 0.7365456593266698 0.7632712133507249 0.7202962542750765 0.7393403957177179 0.7218458055682829 0.7383663913967092 0.711351834630438 0.7379064133788386 0.7203083226257784 0.7200408653537793 0.749231971797669 0.7489467592354344 0.7438630939627338 0.7726555270523032 0.7606437423481692 0.7952450448505103 0.8516060763390125 0.8899895459591238 0.9055643463295655 0.9318331075739194 0.9496117448153221 0.9091957495773437 0.9281271805810125 0.9187735301879378 0.8757253055850506 0.8920137573481709 0.8811077034253083 0.8630076008532078 0.8512134180063644 0.8203062615852093 0.7826428143206915
0.6313525369996106 0.6787934506143521 0.6456449036697299 0.6762620421451531 0.6997014490124496 0.6740758123569212 0.6838750979825432 0.7397692366515237 0.7701419618982633 0.7843376866175253 0.7891538200558824 0.7880004143213836 0.7416689979102895 0.7458519699702699 0.717927305919087 0.7319396242257067 0.7596537391448223 0.7645623652679242 0.7158609830213761 0.7328210835628935 0.7596362048843514 0.7486822100379686 0.7100134401401759 0.7061102923282149 0.7494952708077498 0.7873351022517195 0.7742422110150348 0.7809986742822915 0.8112671750599278 0.8871947424131954 0.9503936931410483 0.9357769859863407 0.9409641371394327 0.927478146756466 0.9537782270271788 0.8810303294413875 0.8653272227047255 0.8958924439324778 0.9202508931387702 0.8605449179385111 0.7968268013610232 0.779127526838049 0.7542664358399052
0.7186994472640196 0.7170371609074164 0.7047485529270185 0.7073038482964727 0.7046296114450863 0.6936835707441739 0.7218359703154198 0.7600911784781375 0.7739954582694614 0.7895535853119706 0.7963852267214919 0.7498392811302166 0.7235711544057337 0.7150297596958812 0.7037868546137279 0.7365455320224772 0.7530013887761079 0.7489028121181664 0.7049503415658709 0.7101262538034037 0.7241501682924897 0.7369751087524581 0.7538968216045475 0.727852375104406 0.7255755345768726 0.759075842147602 0.7819583891725872 0.815542719174976 0.8329333439326211 0.8801524406342738 0.9454210294889168 0.9668306448588273 0.9251837556448931 0.9454435430988961 0.9186462497421041 0.9032701163553356 0.8847914602704476 0.8978673109943248 0.8874789391228749 0.8833268989640144 0.8495945080336511 0.8136791996930791 0.7961557519361885
0.7359318458996644 0.7354472238426604 0.7592645590154795 0.7599857232653435 0.7548512894562212 0.7118949550337532 0.7002097505846404 0.7685777417046382 0.7845427410030503 0.7787481202853611 0.7593496593823119 0.7194435284724061 0.7066994680183224 0.6901292969367543 0.7153928399653428 0.7065483080702168 0.707122362056229 0.7543694610526127 0.7337736724217644 0.6939754895116752 0.7262253016859224 0.7735888481245131 0.8084233299467202 0.7890457321837149 0.7604892337795135 0.7469939987695027 0.7913832768395433 0.8258793876343776 0.8661737046509964 0.9326704337767383 0.9404579305274763 0.9509759648337776 0.9437153532933674 0.9797741650304171 0.963261446153144 0.900611537503929 0.8874743629918476 0.8776807075382691 0.9106202995184293 0.8785914773639624 0.8084264726135474 0.8140300270402944 0.8183284133459567
0.7410978123866873 0.7580840207404013 0.7258661442378569 0.7534817188511619 0.7239367818001134 0.7553548919810125 0.7414141923573996 0.7528370759024049 0.7982669820592841 0.8001308816981724 0.8121708026536217 0.7767841298969784 0.708845804994953 0.7167779754965674 0.6771723836774198 0.6989361289446142 0.7059038951845005 0.7286337730226424 0.7028731724631926 0.7052076026021482 0.7437747245836234 0.8146662715828987 0.814802551299816 0.8024139334116094 0.8299239369163878 0.7904451094541232 0.8465816925274027 0.8776484064979819 0.9237294535625659 0.9302434231248679 0.9461830861681895 0.9707513488704796 0.926323235879433 0.9463033839864102 0.9554510564359835 0.9318990570818693 0.8844108407113437 0.911229450853645 0.8579683550903295 0.8654841991440808 0.8282917707746048 0.8407553764813956 0.8096981015013438
0.6978878016687258 0.758775373758463 0.7261443526447735 0.7420051176528265 0.7252667588115556 0.7650709649497959 0.7740406324384141 0.7356057907837719 0.7466758986244524 0.7750541173042573 0.8337619123195161 0.7648849216423486 0.7197799059411328 0.6996435533887677 0.6535950444245184 0.660265181667169 0.7057344036656771 0.692182830331607 0.6668594415364341 0.7434284935908387 0.7795903122429741 0.8058776344640625 0.8357584089066479 0.8601306573905941 0.8459897980386254 0.824611030258326 0.8744452912936388 0.8838016900979423 0.9374506018275617 0.9313722567863335 0.9751380585170375 0.9385105290880004 0.9058762962666492 0.92469512055151 0.9237473332898145 0.9217466359069996 0.9157361413113544 0.8738012175402 0.8605626354291314 0.8232090522181451 0.8328510229995926 0.8189678483832314 0.8109565477627786
0.7109560077242051 0.7451153147575242 0.7400989514483728 0.7070014990345771 0.7023104174530133 0.7263256338736281 0.7352781288881716 0.7170674891751182 0.7207747008003615 0.7596342149887698 0.7685299914783755 0.7511265103864811 0.6849671246293105 0.7062516168081953 0.6973233271988086 0.668673817823796 0.6631034523470186 0.6968148444927376 0.6964682108622539 0.7439110499531646 0.8011352164933698 0.8247807574571862 0.8490303670214322 0.8781774961369482 0.8677307317733938 0.861951877078082 0.9031470237035045 0.9101841661492411 0.877713165281542 0.8997102343052116 0.9237606362897685 0.8978796970117805 0.871570251490348 0.8821136678982177 0.8803403525411828 0.8891801329263459 0.8900154680843254 0.8496255075937468 0.8192109008591684 0.8152484690392038 0.7997933297916715 0.8187716787093213 0.8041961665087147
0.7398701427388182 0.746707093963455 0.7345925137006757 0.7511383076067866 0.7592409060671412 0.7040067982136278 0.7054281279349395 0.731502301118678 0.7154264602751578 0.7286814247197189 0.7786634916016218 0.7587246080572982 0.6742921404711741 0.7049378869385472 0.6840859490218814 0.663090899005407 0.6698327132837597 0.6960498103388691 0.6946480318841728 0.7485621951824388 0.7554344075465159 0.8063718654685388 0.8661329132107759 0.8704854431448286 0.8919830013313489 0.8709985597891442 0.9038213735668857 0.8883437692840972 0.8729275537719868 0.9095756245581499 0.9031515164523288 0.908356168362226 0.8666917048438025 0.8429555071635166 0.8651118886813178 0.8655934374226151 0.8758658019419695 0.865620031511404 0.8045965351787749 0.8170810797464708 0.8445516730235266 0.8230599396453162 0.8523835029039243
