Raster_benchmarking/continuous/raster-31.asc
NCOLS 100
NROWS 100
XLLCORNER 1743168.3100844542
YLLCORNER 5469280.749719885
CELLSIZE 10
NODATA_VALUE -9999
[rows 57 to 75 of 100, columns 43 to 85 of 100]
0.5245183156536992 0.5195943272264998 0.5078466803582827 0.48175244782006293 0.494060451249673 0.49441244736166856 0.4885276487144785 0.4658371279273053 0.48973091757221576 0.46283641904988676 0.4379175077208883 0.44325768982569136 0.39651931364113824 0.41503395769781587 0.4457035270706022 0.4951323644230329 0.5083350098953434 0.46778604378195987 0.37749347943187334 0.41001110140607083 0.3896317358281793 0.4173900458805311 0.4327064937857801 0.40327489472242223 0.41921682594296006 0.3879347645930916 0.37486111278968276 0.40330792990559994 0.3942284045869958 0.40126364066202724 0.3642045869677455 0.38904932761966593 0.4269554885975925 0.44125803520318424 0.4628373128127754 0.44205338469494476 0.45840992448682727 0.44293529230394846 0.40939339586453394 0.4280950871277478 0.4422176342915321 0.4368827102858634 0.43063577371544987
0.44636361432127664 0.47417510071348523 0.48122997297325687 0.46754380674409274 0.45355185982463003 0.4381964188764032 0.4535202041314592 0.47261669269382006 0.4605064740506958 0.46290855958266636 0.4772728294262914 0.45487796803086245 0.4276594545872689 0.4378889150114595 0.47076138764251535 0.4612441873916433 0.47392756691848903 0.4804919905212892 0.39935937270759586 0.40721067148500195 0.4179140683417637 0.4210004800065398 0.4204836606249893 0.42217296692684814 0.43451729691916496 0.4126340541499826 0.4011888462281061 0.40259688551190564 0.4328750118853178 0.4222801838993405 0.3994174697278029 0.3753855142984446 0.40087906622692593 0.4284948408820044 0.44470428325623945 0.45649873013916537 0.43607173305906355 0.42312146602909956 0.37529810020900106 0.3836728297026926 0.4294238517197451 0.440592306469515 0.4350091695941968
0.4356488243655926 0.4354177247067377 0.4174059209737091 0.4206800743276464 0.4168904360544565 0.4479802460280288 0.44724275858635537 0.4582267456664806 0.4159039565462733 0.4320572489209907 0.4570630799147768 0.47352472713701876 0.4433605031784176 0.4560686610336303 0.47842646312977466 0.46967847690527875 0.4990669158674895 0.4679579847035164 0.4147026029581368 0.43117011558922225 0.4051708662310161 0.40829470243959387 0.40110628092914064 0.3797344445218176 0.37700492106468547 0.40262168508323454 0.41437678721228033 0.39637276281783723 0.4344621709702502 0.393709960659942 0.38452353938223693 0.3915981169362207 0.38397757378346925 0.3648783936599177 0.38393740899170753 0.4202794374282633 0.40160178572337507 0.3546374474004418 0.3558311087539039 0.3913323931373604 0.37353896577310974 0.3799603403715752 0.42591158939201945
0.4180185544269412 0.4047214703844352 0.3957752908044973 0.43648578874077526 0.41799551376894306 0.45022641470186 0.4242935804533236 0.4382663174852625 0.4408117108993662 0.43977964178914336 0.4419975418646029 0.44084932329617244 0.4660919832971591 0.48290603753986266 0.5294537632198068 0.5198424915848373 0.5169975633364395 0.47199162722458304 0.42073456977753626 0.42205663037195884 0.4128667828902117 0.38008007525424087 0.3895564207720434 0.3925952786012824 0.3737216961114906 0.37696300476945843 0.4110022544791716 0.39230849595213085 0.4151075443395476 0.4421114669182479 0.40276158755848085 0.3570223546967476 0.3541487572688993 0.32950671266204007 0.33840104435792795 0.3152216610397663 0.3189879089060544 0.3083178220712447 0.3084705577110633 0.3438070167179187 0.34697842342783775 0.37570796940504025 0.40721246847590636
0.3851096035818768 0.4018472786598527 0.40827325041684187 0.46429104525468123 0.4415242779121725 0.46948028667373115 0.40754969115537704 0.4585656507720633 0.4115332497074016 0.45430154138970197 0.44846955486934575 0.47674002244526814 0.45201473397866015 0.48829369831497593 0.5190791761246675 0.4924734872586087 0.49282860461477324 0.4915984957139176 0.4364562623150624 0.3744713301472557 0.36934479760394145 0.383651893469485 0.3161513779858259 0.34602139715293506 0.36874706349633696 0.3994850390296148 0.4019661933690718 0.42528418237713167 0.4372062483405189 0.3914382543333978 0.39394138001012374 0.3626023026972629 0.30795782523591914 0.3451820985876614 0.31701570145950264 0.27984387920251247 0.2654201017586466 0.2822812203012389 0.32292769675454897 0.3851192205889308 0.40280395327919427 0.40010814964484603 0.39202472199834926
0.4267963487981362 0.3906822603734064 0.4210503839943569 0.45086861123255817 0.4500743768242329 0.46284021461210534 0.4631468731614902 0.48020274999867457 0.42067312028763393 0.4330342006910683 0.46442744815390713 0.47024027301512805 0.4862427583520431 0.49421259871903633 0.5030431147244292 0.4989947743766385 0.48130741352387013 0.47714453943058766 0.46173961763781296 0.3688394429037512 0.3442680870737008 0.34924215359483196 0.33566182778152115 0.33715216558603717 0.36446735044881 0.378507412274427 0.37719418517844183 0.3894716716669098 0.42057200357033514 0.41378925394310584 0.36188113254282367 0.3481853508985369 0.2887919206682785 0.31201708337383205 0.29814248026990403 0.26459685583325715 0.26382094383200994 0.2760468479402488 0.3441354216988474 0.35001512984937316 0.3748356726966574 0.3758697913998963 0.39278006240971525
0.4423913554189296 0.43783746136944773 0.4443052941638879 0.47708578266458623 0.502927904299247 0.48430032585967725 0.5244559932751983 0.5010272635157069 0.4666002342494645 0.4317624975170764 0.42753518715152344 0.5065542176362358 0.5122911731868849 0.4805314056753085 0.4973996215273717 0.46619292377938215 0.428061447187561 0.4357858082045875 0.44862579075353237 0.3585818876291059 0.3368041050371032 0.34528491113449344 0.3233664152990765 0.3468257598878632 0.3217837095915252 0.38442041584759007 0.43259429051145193 0.3829783990802464 0.37509201685223537 0.37383528018284534 0.33524209614913225 0.32444364858782637 0.25929211871154395 0.2729834989034585 0.2598469718161008 0.3002737685902254 0.315302927604448 0.33891508431260564 0.3253875804822551 0.37939121432275047 0.397468338244323 0.38065530354297367 0.35390030174878956
0.4137005357443008 0.44618281589299824 0.4569905157512062 0.47992391607741436 0.5051952017217723 0.5482825439202603 0.49631691115859583 0.4911850143333713 0.48456290839026206 0.47607288000816783 0.48655528731808667 0.4996087444344682 0.4837435613455364 0.4811766712441719 0.45057343252655196 0.44438787916623307 0.42553382829103964 0.44301305029649013 0.42733927585506337 0.37018442203929164 0.35746839577885653 0.32227820608081575 0.3546072099240248 0.3440952918979865 0.35803541961792695 0.3825436125116445 0.391167634925191 0.38619740219838317 0.3589482767280725 0.32562327213538034 0.27085903059558575 0.2451721389107316 0.23517019535472838 0.23256993324100175 0.27303099645348133 0.2520121608696996 0.29761541059709135 0.3466442974133929 0.3252335463967498 0.37504543855028155 0.39459361757899414 0.37235449605580945 0.3758430219467071
0.41461364043357846 0.43906342493882783 0.48054400377250855 0.5157612506180869 0.550729314463265 0.5314146436821475 0.5181948468429818 0.5069053436765881 0.5042572653449444 0.4993158080153978 0.463504018567251 0.44939352024828016 0.48884836046008134 0.4437378185398025 0.41919798764615634 0.413085944258657 0.38459900681467474 0.4315061082438887 0.4098289774396183 0.3756726579653389 0.37786094762968875 0.3442206588595703 0.3641346178502071 0.3471929313046301 0.3688881278956991 0.4195417119459901 0.4433098413986515 0.41076149321402755 0.36797329872648427 0.32610820846605065 0.24280173965549665 0.2031751102743971 0.2026283468099368 0.2518752120614477 0.23581016710469616 0.2537154858377493 0.3099555860264794 0.35002065376468233 0.35294186092325336 0.3417349354044572 0.31766505303927534 0.3433502650719091 0.3845144528495678
0.35253360530692357 0.4155473490560144 0.4204301135978567 0.4563772215697463 0.49344014622321347 0.5167065837678629 0.5318857385765319 0.5153453177462524 0.47767347214233385 0.4601915597878209 0.44772453857971195 0.4610273671838282 0.419043079209131 0.4200785426666389 0.4464539292945005 0.38552248591379307 0.38104575375897987 0.39616087834437536 0.42078464856622616 0.40425514802059154 0.4180698931985532 0.3759479540829167 0.39247525090286856 0.3787053313494794 0.34377673655792446 0.4025285606014423 0.40717341200533613 0.4140514461049569 0.36386531043066145 0.3397244950788681 0.25049694041839016 0.2315118844420955 0.24828906445383264 0.24485018639689782 0.25173385472894355 0.29982277080153935 0.3069760137637749 0.29162323617761604 0.3192085308349374 0.3358840063684654 0.38058880688775565 0.37733515694019604 0.38473930580658844
0.3420879305649592 0.35041241180785837 0.42448502700942126 0.4498889241378658 0.45618886900987804 0.47007946116921606 0.5296943717116878 0.4853785473869393 0.5004386531568337 0.44187630669369077 0.4712394549102808 0.41597963467931215 0.3932882338554194 0.410717908325095 0.4460404663034488 0.40069563703072475 0.3703435611393472 0.3653700642465641 0.3768003871151105 0.3929466168518739 0.4021085395348391 0.38725821389497816 0.36104122274498346 0.38936804425680827 0.3491445731222923 0.4007193204372228 0.4049542841038924 0.42406317132345955 0.38559555339338386 0.30990580199611123 0.24991348555415482 0.21423670967578365 0.20606838176531442 0.21843672819655918 0.21951364361051467 0.2909176082353921 0.3165552516237428 0.2987228653618988 0.2851303316953784 0.32258638604003587 0.37734417276819365 0.36953628947934336 0.3721092436506863
0.34142260082165754 0.3439908953384913 0.3598672119208769 0.4100505128967244 0.4924622337699051 0.48541332074234356 0.48720836092516456 0.4696842808175616 0.42018039622645204 0.4303796293851243 0.42839507731565407 0.3980060525756366 0.3647909493692963 0.40541494639820236 0.3811398902469461 0.3935962342698562 0.3798526968509593 0.3907089643882249 0.42410200802723347 0.42420006095047136 0.39015496761001395 0.3743032863439625 0.3854784539263867 0.4005132808345124 0.4128845417010347 0.4032678593047183 0.380962481126563 0.4002215016921208 0.38462666359782727 0.3038487791597574 0.2542064314669684 0.2614053247302643 0.23003898112953278 0.24721943145645373 0.21630804555694963 0.24692851672243613 0.27671105918732297 0.29067938725108283 0.3047824428503853 0.34877147742860615 0.3379394970518071 0.35002515880494817 0.35400859708971083
0.3631537274779012 0.3959202218774119 0.36950135863346806 0.4509074929648174 0.5119506873267743 0.45573430300658846 0.48311267869116215 0.4107692492203945 0.3576146778022015 0.3654066140224226 0.3792348517893593 0.3678158286115945 0.3609007402678532 0.3685816005693173 0.3658588236287777 0.35980128291060837 0.41064274134266526 0.4435043387294495 0.45956743590796517 0.4651251710440547 0.4449385877180847 0.42667979194903277 0.3722526258385 0.37624839805516647 0.4182157795525095 0.408984254562323 0.41782497333661145 0.3877505449466438 0.37738874553016194 0.3033781125216707 0.29775302952059435 0.2915530878828921 0.23646259385645055 0.26968644813233505 0.26550804889453383 0.2570303691715198 0.26871930725200527 0.29935672965189813 0.33571173243105307 0.3429779909247497 0.3492773678092429 0.35667117299698464 0.3864949841992701
0.4224479109879975 0.4134342628808585 0.3723577288129956 0.38890960370654304 0.46738686271363883 0.4591445640317111 0.4542044207526522 0.40558495498906455 0.3616764175771623 0.3867816624414749 0.3839345295097921 0.42058481108575674 0.42048279798920235 0.38950521306660485 0.39381311219971543 0.3918707092436071 0.4267019466642027 0.42833889287993254 0.4458207083813831 0.4665326841236787 0.4221719392894334 0.44326548132230026 0.4439818871233664 0.4086020873098784 0.4459220542514582 0.40572758565123757 0.366914720724453 0.38288108647081387 0.3606600379697 0.3257384182747547 0.2763179011072759 0.29856449721832773 0.2597412883126883 0.23893777598337473 0.264683435449892 0.27855474870574504 0.3032386219731591 0.3319792034338506 0.31401895852158745 0.33528064133482716 0.3393075049415408 0.34574093788709137 0.3669898158497131
0.43758648767569647 0.41273270739336115 0.37299132358095394 0.3885744685020647 0.40441953520719603 0.44123603393353755 0.4235075110961326 0.3834107766548451 0.41590749329250815 0.40236179103020364 0.41724030836887105 0.4139030015235473 0.42344487188709695 0.43138545745044965 0.4427641186461723 0.4686656594344284 0.4583299728906036 0.42691258286097483 0.4638044082620592 0.4857007704981678 0.42681970076301623 0.4658926177534132 0.4712415536523328 0.4553229073081558 0.49021299726254997 0.4525552540530887 0.378291243353412 0.36025732727034776 0.4042562976418528 0.3090591844605583 0.2843576503713395 0.28161769646501567 0.2899329628798675 0.2541119539228915 0.2592495658117531 0.2821105737889265 0.2964733458929833 0.32679983364244586 0.31266649199615865 0.37326051363991186 0.3806614555323985 0.3546228732921138 0.35696844677865336
0.4052406606806702 0.39870223964868 0.37847269149670243 0.3904198123562144 0.38834029414582355 0.40572937608787396 0.407412939408939 0.3749382276176948 0.38582301013829196 0.4187708321665855 0.4167742164701282 0.3947627703998378 0.38849717644501874 0.45036411369405277 0.4815651173639572 0.4708842234670852 0.45926671583952433 0.4783363908447888 0.4733807228506362 0.4974675432630261 0.47238168697924804 0.4889237330843762 0.49497840026340995 0.4785128914185159 0.5085426208544219 0.469141457247091 0.43557235093719077 0.3663278836954029 0.3754739391936421 0.3286854231388745 0.3280975995101907 0.2545017796477083 0.2643357529354785 0.26095951977782983 0.266670584591518 0.29427412290091426 0.2599928352326741 0.25244463170138337 0.2784513939919608 0.33955953522411886 0.32993983148101014 0.34271564907454016 0.3648962830224913
0.39704571576016695 0.4078833419019517 0.419625675296754 0.34684023335982733 0.33501966908733427 0.3908615600358224 0.37920966769999426 0.35567688777024675 0.38343737500178 0.4281093751746092 0.3683661580459043 0.4023453360991498 0.3834846082427549 0.40113290514803285 0.44973989861962044 0.4174157073429568 0.4445442983771075 0.446532374753628 0.46995442061795756 0.5242644082505087 0.5208445012515559 0.5147580289336924 0.5132203048914878 0.4961096425146578 0.4913740490172216 0.4604872063590814 0.43020808469871163 0.4071801026252683 0.37519256662862205 0.36666627599806345 0.3455283479205218 0.2963925683910406 0.19483154254318236 0.2350305026144771 0.271661086971555 0.2822295368843725 0.24051420135794319 0.2804150639154983 0.27660758894657667 0.3235887103692059 0.3024442313862137 0.311253194772094 0.3312060745080842
0.39362632714829304 0.4266373197709261 0.4161351283908168 0.3560185781942679 0.3467984591430776 0.37198142282377045 0.42281004301685976 0.3974765664891586 0.41826390570532007 0.441042979550657 0.4487783539540049 0.42147770907854315 0.3857759425529724 0.42615407714294967 0.43728738559579566 0.42193593751200753 0.4560202021872158 0.4309014227711907 0.4306500857560537 0.49160733634619264 0.5130096181558429 0.49266425826196825 0.47649907895922133 0.47371848852854703 0.42424193283381717 0.4305834966696932 0.4366186205804178 0.42439887264077697 0.4154289158344113 0.3453687219052606 0.3391912019066003 0.2922089575976763 0.26205484244476007 0.2429687729015994 0.24266129458453128 0.23902838727405293 0.23290173153381968 0.2682353275156374 0.2829447226012286 0.3221450858820878 0.31489782131526384 0.33082557511115246 0.3131989392064805
0.3873216970323306 0.42670133965356627 0.4348842331547532 0.3681348195438138 0.3513214630544759 0.4096508143936111 0.4371450982989059 0.42432823197059993 0.4698538977477672 0.44689027583091306 0.4520542147900462 0.43136952569152404 0.4345028599522799 0.43822334734133284 0.45731822151781726 0.4632883100790284 0.4239569115597246 0.4113430674934687 0.42966712810215807 0.47727180414229925 0.48949743635660725 0.45895947488045513 0.4502973284953914 0.4572259012691965 0.3791018232835144 0.3684385868646728 0.37346716714236317 0.4294348259335004 0.407884995232841 0.34270299015346567 0.3292643162472731 0.28124904454649063 0.26272058712908275 0.21227898709274368 0.197226384414936 0.21584432548970256 0.2637323302937512 0.3129955139657535 0.31224494266002795 0.34591703788401745 0.3497350877607965 0.3464693886934845 0.3290214923878217
