Raster_benchmarking/continuous/raster-318.asc
NCOLS 100
NROWS 100
XLLCORNER 1743152.8140717861
YLLCORNER 5469295.921690626
CELLSIZE 10
NODATA_VALUE -9999
[rows 0 to 18 of 100, columns 0 to 42 of 100]
0.5428992216617259 0.5301243639417397 0.5352041335538225 0.5618483970164383 0.5882978807318687 0.6121261289960278 0.6216681117582781 0.6570413646277121 0.6402511631489193 0.679246795720542 0.6508949777454625 0.6338829587822992 0.6873006094355127 0.7138426107006728 0.705573555392083 0.7227566764911378 0.703501491726154 0.6972627598278932 0.726056921335365 0.7141158934032392 0.7825720274787858 0.7289951206013712 0.7159182998646251 0.706220248434392 0.7297002665304768 0.7104528825190496 0.7640755621233726 0.7411092244031962 0.7210907644394509 0.7419286768087375 0.7027498206383337 0.6582444329220052 0.6218388974758029 0.6351093064606215 0.6774843719480944 0.7006225866717466 0.7333238937586269 0.7484637708390459 0.7544883657028059 0.7391457758313102 0.687138112685558 0.6963731896506136 0.7329093260670727
0.49858620416241034 0.545144062745358 0.5433722516699602 0.5578688470442771 0.5649126925528885 0.5694400037635796 0.6277622134366138 0.6683578914279718 0.6642770582450097 0.6852480359990227 0.6979777869119789 0.6882702533367585 0.6972641843950173 0.6811184280784844 0.729651544587261 0.7460165880615455 0.7713448056337676 0.710348874168965 0.687754116150111 0.7116681754510996 0.7494070746790524 0.7270994310982208 0.6714690208439574 0.6551799847237006 0.713362257671185 0.6985725392483964 0.7279704517096933 0.6835909714499552 0.6780628691413912 0.7183300175897819 0.7153836195510217 0.6478813452515333 0.6417195854850521 0.6273417227417617 0.6795418581146486 0.6621924673846687 0.7051831328091179 0.7312536089486341 0.7380827229096334 0.7210632393405338 0.6788304252268876 0.6690591287848717 0.6846346247315234
0.4967552449929359 0.5087426590384574 0.5167386127503283 0.5315262880800076 0.5287472451823321 0.5592830098060567 0.5858205704553847 0.6510522372266234 0.6570552596285875 0.6295093557408877 0.6821972258288473 0.6926311349909225 0.6738005256710916 0.7100917359181759 0.7310975982652511 0.7278529862581778 0.7085454117100122 0.6848487863287976 0.7075149315039136 0.7274661312681132 0.7155051204407353 0.6645491168536918 0.6279526396755197 0.6344197161279695 0.7003091680802 0.689225154493741 0.647177889481373 0.6653339740489096 0.6393870032073138 0.6582213750989472 0.7035000777942214 0.6945678734241512 0.6372407476041423 0.658320419252221 0.6758183329861711 0.6906125029408042 0.7128873337151177 0.6708339285129481 0.658773214488995 0.6817021221285152 0.6603661764166306 0.6557512987961299 0.6131227114606786
0.4948797500077199 0.5387342519603863 0.5791104661127935 0.5482843960658704 0.5132036716886804 0.5775254120886288 0.6156704316724998 0.6181081496398204 0.5952306764375024 0.6106253167108019 0.6447991914648683 0.6433770854709585 0.6726105691369477 0.6647095622403343 0.6455682808254402 0.6924392530194288 0.7008981460474857 0.651683431296231 0.659468593114551 0.6758981332916547 0.687584134601283 0.6288508362916024 0.63307960850507 0.6596339986267358 0.6428990732363347 0.6365004374496216 0.6217165217623557 0.6203986076293142 0.6410914505500603 0.6232533619533073 0.6222607072314138 0.6360402489103432 0.6764567197443623 0.6529173285415515 0.7132183045058954 0.7169934392356673 0.7133208547785128 0.6639306458531085 0.6449435341964985 0.6000499394423838 0.5773679282866496 0.6157574029979457 0.5482573026808057
0.5016687724825029 0.5666032160096304 0.568887340083514 0.5651959715182227 0.5230682634641487 0.5668458850396612 0.6056198589040609 0.5778418044522224 0.5903664029330898 0.6347997381839312 0.6577288493720442 0.6622296185959082 0.6862940523897899 0.6493537160561609 0.6823263915024778 0.6734085868651867 0.6977828290746386 0.6627983432839107 0.6671556302559363 0.6744132496674446 0.6693126986777871 0.6327436970358634 0.6478224539147542 0.6780005166835807 0.6524675783334877 0.661584011599656 0.6401790284607092 0.6197925840384162 0.6349437040528451 0.6637509308910129 0.6158615218700194 0.670271406365719 0.706247380931285 0.6728593229582086 0.6707144500143154 0.6315901066503817 0.6275768092614029 0.628441995574478 0.5727753985237116 0.5914264282256882 0.5362018442411389 0.5604109556787462 0.5011794024929109
0.5705352782818661 0.5812147731167671 0.5548253611246193 0.5433101512607634 0.5188940702367513 0.5064452567334429 0.5372840911576577 0.5470657009713328 0.6157878977869411 0.6301854491889788 0.6064442693782226 0.6600374542785126 0.6858578719475383 0.6982582092069913 0.6836665109343062 0.6433965878699639 0.6783742320756058 0.6593824006490236 0.7340538064415445 0.6817794355085569 0.664021846363149 0.6358488433184053 0.6778830538228603 0.6527834990962004 0.6416757311529302 0.6297857653660878 0.6415762668792078 0.6173723024697784 0.634235785591984 0.6349645511352973 0.6404719043895908 0.6731448687287375 0.6746436021611254 0.6574528984215866 0.5930690388780532 0.6324890587972366 0.6115049419940493 0.5693140524006957 0.5512471086926938 0.5433643907706903 0.4991152457704365 0.5201017031650921 0.49472897257773946
0.5487839379533858 0.5673857109143401 0.5763032113524931 0.5491813049086166 0.5432403285321309 0.5152620782001808 0.5369906862553692 0.5751248994486289 0.5884942571404143 0.5703898716107024 0.5646906045433855 0.5850277029886901 0.617458965823305 0.6567210072086848 0.6798994724991069 0.6495159079112995 0.6672690368542447 0.6786640716335856 0.6629222784983404 0.679767119533376 0.6770905091572317 0.6781028926370336 0.7105926857322898 0.7033839013053761 0.6738452460853974 0.6323183888708639 0.6037700568268601 0.579714068049977 0.6261852659010482 0.6294111087254339 0.60744623383373 0.6303538856983495 0.6151219229502604 0.6476783550796293 0.5971388971403111 0.591825852996062 0.5750129975654005 0.5336611962826691 0.5199539030534637 0.5279320232462086 0.4671681368286237 0.48046791912056486 0.5080322089195188
0.4857526921421689 0.5526212008710617 0.5444257612089358 0.5603695906360203 0.5632742070484127 0.5732001976569493 0.553061245480397 0.5535154545447656 0.5013944822852822 0.5427022668749388 0.547621861596403 0.5675362194925156 0.5986175544183706 0.5995517228127933 0.608624341548195 0.6140787661191541 0.6797605166240904 0.6922475854242511 0.679470944751435 0.6987204843021056 0.6902468715356505 0.6964397636367522 0.7521572720319518 0.6996745464804139 0.7109032681604596 0.620488668391153 0.5971109562264041 0.5608239700720716 0.5454990494523815 0.6350749599225786 0.6420715024835698 0.6144094204982772 0.6117530751830182 0.5860929144928941 0.5997156985755515 0.5968817993073963 0.5354388396118641 0.5457123707848035 0.5023704428196483 0.5272182341964493 0.4693761183931661 0.4886676150243886 0.4738464381942722
0.533725078981974 0.5177342955276176 0.546966576289215 0.5902319286161227 0.5631505360711208 0.5443841286586364 0.5128272332168478 0.519280655517556 0.4797618679519407 0.49195848958460814 0.555242564949147 0.5938126994824087 0.6111467227707968 0.6240119523877885 0.614694508758891 0.6445959691724081 0.6718761927598453 0.6680341937557797 0.6759535850637965 0.6882366323887433 0.6808327167470827 0.7250916517789667 0.7130437427241184 0.7220351399940291 0.673662603499913 0.6522181170301997 0.6539803008877226 0.5711850355250249 0.5482494332406425 0.6076930231084586 0.6038299225694432 0.5721330459578154 0.6025604350180603 0.5699621101627367 0.5767710306419093 0.542037377207482 0.509397473870834 0.4894039851210489 0.5002450389302792 0.4837460467346487 0.4697308589404185 0.44772994537315997 0.4551203458776231
0.5058739744249349 0.574906664930271 0.6168757419860249 0.5996370244704178 0.6014253471330432 0.5570624694825499 0.49840035379855 0.4906638327695718 0.5026715739243056 0.5022467603578004 0.5221655899240273 0.5571639387297983 0.6193258661731631 0.6199354554547644 0.6367233181297073 0.6572848444059421 0.6503685390593477 0.6163848260305663 0.6036519988271436 0.6492697396131342 0.6532294179857239 0.6922239522015426 0.7201281362527998 0.6827239035548118 0.6635865507114526 0.6734295960623198 0.6687607539657381 0.6341204290136138 0.5509619383922931 0.6216237504350223 0.6131144444429548 0.5929471584939955 0.5295240034513731 0.5382498253734814 0.4898863636455456 0.49020363299542613 0.5143832703729567 0.4994639291866695 0.44019773026342585 0.43788868192008445 0.4723876826344273 0.44422411575326964 0.4794920493438693
0.5289402385337646 0.5954977217498275 0.6089584681995628 0.6409665839066456 0.6125143167064274 0.5531667512554076 0.5310534716654698 0.5099133857506061 0.5124771861925747 0.5092517453232802 0.4959188557773984 0.525852543091009 0.5785043151946382 0.5682401484275567 0.6400709520705271 0.6216743069107006 0.6261517342983389 0.5996383960470734 0.5893592580838599 0.644022032087177 0.623394383023265 0.6844217118612796 0.7089595601232198 0.6954570568774839 0.6455583082359103 0.6867944347889563 0.6524275056553019 0.6146894432298232 0.5605740409087725 0.5932804510274335 0.5998681371139963 0.5537333222846426 0.5331235180876859 0.44306688597716964 0.46611181620970144 0.4709655507502484 0.4523678306975419 0.42941910284502804 0.419004274565291 0.39341273760582984 0.4004606087632877 0.4529509048585864 0.43286538762797494
0.5880425595942352 0.6344918900968852 0.5991696211576345 0.6550670910333072 0.6438357999680889 0.5822071376060451 0.5183646906953626 0.5016964153734962 0.4925520462612754 0.5132480225961824 0.5335570032237822 0.48069597215717097 0.5103405842698419 0.5341449751911004 0.6017480486995601 0.6214039589591118 0.5739143808060336 0.583237096583097 0.6411095346769395 0.6254133064048999 0.6104682819093017 0.6649553319178616 0.7055978970753992 0.6507713750831435 0.6647503031646212 0.6380602168045795 0.6318914032549577 0.6022442359317549 0.6015665153980022 0.5962119237689644 0.5698195263150417 0.5488728749091868 0.4731514309194376 0.46243160852338966 0.38778148190641204 0.4073075902677933 0.3671971485495649 0.3494012100504471 0.3587450121577773 0.36129418595484397 0.39466374455967534 0.37997654152860727 0.3600001609116688
0.6131920450136685 0.6308377745234989 0.6064483749114113 0.6271981557357933 0.6699414226265161 0.6453850719501152 0.5741355739696916 0.5204913036813505 0.5425545236489056 0.531036149454403 0.5114479128364414 0.48470520466584394 0.5428184743635782 0.5511283676562357 0.5663433665053992 0.5620901579103112 0.5342182771455739 0.5655044914809644 0.5999089661163677 0.6418295727059424 0.6293285802873667 0.6536689059076246 0.6869157747654621 0.6689996876303796 0.6438030821595871 0.6225295077608217 0.643380106589315 0.6176876658678796 0.6129970631347824 0.5502542376582114 0.5641078484348013 0.4933157063670828 0.4500734006589355 0.42007268544516246 0.36786003893623137 0.35341420847538424 0.40262039532809096 0.3730022243311439 0.37309766234637026 0.3624728599072695 0.4140339443328183 0.38285977744919814 0.3672880945435131
0.6105226961773919 0.6212320482143625 0.6625635182156648 0.6631932085222413 0.6878703789603288 0.6689822506523355 0.6011103841279811 0.5665036942322688 0.551049230808401 0.49870291810489187 0.44165775467111296 0.5190378082320938 0.5307159356617059 0.5649020177197189 0.5723893275310762 0.5567260210096225 0.543719547436816 0.6017725122696531 0.608086053229307 0.6268708381665349 0.6529622140211337 0.6814890925666153 0.6631444151351572 0.6634082792248497 0.6632357312296624 0.6274852303524503 0.594837813275839 0.6201642039444251 0.6274438609496075 0.5878160748366488 0.52691462620804 0.512591672504711 0.5073877655683594 0.45542231842065967 0.3902222967509584 0.3856808654180623 0.39284967520670566 0.3955430713391487 0.3436444300806514 0.37871833412485495 0.4259816826839876 0.3861595547974335 0.334669398168449
0.6331782589871963 0.652748127417884 0.6625701123148938 0.6797368726656886 0.6823448456495547 0.646965172596304 0.608657057259751 0.5403629090050069 0.49303054782951183 0.46566989685592924 0.47032857497230257 0.4959527601587159 0.5177906067064313 0.5265997882587746 0.5809997960615516 0.5593442192968424 0.6090869935902102 0.6336161279153344 0.6578050432899135 0.6191685361752067 0.649995168581044 0.6546880844196478 0.6359695039235252 0.7052843543211823 0.6450230001495935 0.6306760109023496 0.6389923171697066 0.6402981825301187 0.594037047625186 0.5775173155583221 0.5595919971351325 0.5337479478922045 0.5163955844118102 0.4266040850857796 0.37422689615380883 0.39248311344080095 0.39574289716099864 0.3726972432968657 0.3431263002368036 0.3845162412278107 0.37697139633160753 0.39572494582886597 0.36306865705940816
0.6311569260285483 0.6335804729454199 0.6567196420475544 0.6319815381492085 0.6191588627246016 0.5912836779767888 0.5761305211610072 0.48440846463180454 0.4470408474146763 0.43465230053207193 0.46060838680092375 0.4811617434323826 0.47536088117225905 0.5523074533361481 0.55880313319067 0.5954521203120916 0.6359245654278134 0.6615888424444708 0.6601326941021985 0.6152136308818672 0.6710715432865314 0.6425205139491931 0.6525429957927842 0.7046065793194803 0.7138378008349664 0.660507018213007 0.6661427524725461 0.6126563916725473 0.6248764375700451 0.567965774561288 0.4920062413741632 0.504139789203711 0.5235162472315295 0.45261421780120287 0.38402546216862155 0.3538724930892845 0.36886376479236954 0.35701147629533037 0.37190172655842263 0.4158701192001359 0.41315858137495265 0.37347886547063536 0.3049880841301007
0.6584191257643212 0.6293309612914014 0.6509966443061982 0.6537773405978224 0.6154694950504611 0.5967500176857763 0.5399415261912603 0.49852386084063866 0.4941594257995838 0.4579526535972898 0.4715213566602271 0.4798568162869711 0.5272246033087032 0.5252276441079938 0.5803525266532716 0.5750225376446637 0.5635478158222306 0.5880660655512925 0.5901944780031946 0.5967065075179833 0.6235025066712556 0.6221233457888242 0.6341149078331987 0.6392107827719773 0.6765357465743206 0.6966682200611929 0.6752154991439613 0.6355357857089655 0.6147504035279273 0.5372542050488747 0.4677469433796928 0.47071730926633654 0.45515620686341296 0.4283554824532321 0.43760723209926394 0.3880660184154572 0.3924948116112343 0.4041956472947913 0.4022634451510273 0.3976061168765946 0.39139110169886804 0.3721885209429527 0.3285865706294536
0.686300047458405 0.6824737271836169 0.6765414935459713 0.6554968600681873 0.6501599116292394 0.6236654667306123 0.5462883170823278 0.5410328768199245 0.47092776607999315 0.4643041092098903 0.48563355806971614 0.5191005028224367 0.5072550975050376 0.555556117243294 0.5649009670308023 0.5436322200771841 0.5388594865713168 0.56132437368305 0.5970470349124701 0.604035570568268 0.587926229294085 0.6028424469872774 0.6219682923053164 0.6435264237979481 0.6807316188473798 0.6476154728011023 0.6622218507966029 0.5988896045916284 0.5815897132050865 0.5570406482070044 0.492388977095742 0.4500382803490404 0.4839635246526204 0.481602510980789 0.45524298218777587 0.3881965716583814 0.4011950742445776 0.4026469711362564 0.3436779768189311 0.34041424341514603 0.42134586676717 0.3763493360402317 0.3969424902634504
0.6540063520809603 0.6885849083331975 0.6837005326152044 0.6458938995027917 0.607061556013921 0.6165499579585538 0.5882459178565014 0.5710682683924739 0.550726293168876 0.5224359191854973 0.5006851434240605 0.5138490753245656 0.491431976134487 0.5472616104964911 0.5553320406700021 0.5167033044767634 0.5187436870617141 0.5184996414017501 0.5802999737518493 0.5762727553126069 0.5939892541963318 0.6001422832923016 0.626607202862765 0.6238102175177688 0.6433654875174117 0.6640391425360295 0.6150396646232332 0.6131387675561006 0.5803126663985753 0.5184187371176648 0.4821238843920964 0.47298994911009873 0.48376433523565254 0.4870772121906527 0.4683131950821283 0.39203151395215624 0.3429958357410311 0.33968267796449014 0.32103345713371123 0.3244940962272795 0.37523171298947083 0.3390486619877286 0.36229810767969456
