Raster_benchmarking/continuous/raster-308.asc
NCOLS 100
NROWS 100
XLLCORNER 1743159.5060979114
YLLCORNER 5469290.923257868
CELLSIZE 10
NODATA_VALUE -9999
[rows 0 to 18 of 100, columns 0 to 42 of 100]
0.03815985621370839 0.06580128088745167 0.11565624996798551 0.11639312660331652 0.118722692354646 0.15882380384241968 0.19611414423593143 0.18129370649266244 0.22167561455773838 0.1900498293314664 0.15435288279814446 0.13686962031563 0.16816782369373862 0.19016101270272906 0.2022656030796781 0.18866851960482772 0.19907153128659333 0.15408785442913425 0.14311069250135902 0.14682046105333454 0.09186256859617965 0.14628434854089434 0.15498517838192735 0.16048354186129907 0.19369393786167247 0.17633041245502076 0.23039918980590232 0.26102254039565453 0.2652281224558081 0.24808588933151546 0.22333056952163616 0.20806496055142126 0.23125441028858326 0.2317833822224815 0.18081706413930854 0.17360163972080478 0.17777293028598476 0.17950835742667506 0.16034491718772925 0.1524694747940042 0.20903767266293183 0.1705556846942891 0.15277561374218993
0.035480689931291595 0.05115642342234699 0.08446158566667165 0.10331372722351105 0.15565611002860627 0.18876740095516548 0.18899467434529899 0.22103956775702754 0.21575590528480923 0.176875058119759 0.15738765956250916 0.1668476487881532 0.19604194838388128 0.19816586259446473 0.22192776643343723 0.18520704135974098 0.2043504768784878 0.16035199387053148 0.13323496658372755 0.1431711551321788 0.1036780334433342 0.12225023434007538 0.1629857319851194 0.17515322518961451 0.1672791704150066 0.18284497608212977 0.1866317436002863 0.22024333671369736 0.24584846621479176 0.232043729427922 0.23062661344452182 0.2622148030072961 0.2355387020635243 0.22905549601805508 0.2148968665479024 0.2098483688079572 0.17271802590622815 0.18619801712710116 0.1827776245857958 0.19136257952804905 0.20484473063551173 0.18125110672781694 0.1940449511075847
0.06122785308401202 0.08007988193960162 0.08178191985390865 0.10457146955062005 0.1817209266773706 0.18762328773119208 0.22582606104492897 0.24263420905172514 0.2160071528497387 0.19628786162068962 0.19279935488751035 0.1812954294454348 0.22977320310513905 0.23088585940609643 0.2180391174315049 0.19518857769333725 0.19092291197465328 0.17958674486540208 0.16772603541338563 0.13389671883087761 0.12507326478604655 0.11257421055188033 0.13629601773224848 0.1698689949548988 0.1441050529144743 0.14866536272157282 0.18326466365386584 0.20671703241484113 0.23204841474097623 0.23794647253142798 0.28064190639918446 0.24207419873380775 0.25103336569718876 0.24617801782589044 0.23820103510167226 0.2409014424403261 0.194971094859428 0.1960935444733197 0.21098797649938794 0.22716876085881998 0.24346502652208632 0.20005249256540872 0.1984856632373398
0.014578254331513437 0.041380856086998964 0.09103611438970503 0.1426884353356284 0.17373512613452569 0.18430791448641648 0.19139557069613566 0.2264183885878274 0.1948495331160157 0.23267981601035162 0.2202689592186803 0.23167754702749915 0.23838877264930372 0.23861513805802798 0.21657294840280347 0.2109384592072129 0.21340384339888613 0.19861102977799536 0.18378039942476854 0.14328982812389626 0.13037276024851008 0.1334705787272683 0.1380135774076171 0.16912924037346694 0.17675309579921308 0.18160995477137798 0.16202111360939409 0.2050194241873443 0.22106949476784277 0.25369668956866726 0.2414527312042272 0.2521827544996973 0.2360038418590567 0.24332776682544224 0.22710962801940762 0.23733487867885628 0.20779675412712892 0.20645817124801322 0.24692917322205893 0.25171984598327085 0.21311642876380432 0.20497384830729454 0.2193030798005145
0.01249753407834922 0.05823992630530176 0.09517258624140937 0.13301739072665747 0.20549043156131552 0.20375456157659017 0.18519193177773483 0.2243374995169226 0.19970039372201703 0.26529178695449634 0.28931974240776653 0.2880027570390047 0.31087753430192094 0.2583839262007092 0.2260765099142882 0.20244676093040165 0.21407581501610656 0.1933723144123538 0.20075530425201898 0.18169467575786316 0.14020006116389563 0.1441174897715872 0.1787048856026457 0.15483791543661019 0.16900651893409746 0.15435953556527354 0.1417808039499902 0.19088827928400975 0.21539768788980557 0.21493837569504204 0.22458857046782243 0.23921665753371896 0.2930253581478934 0.27544818458220033 0.28427809558394984 0.23206879889993884 0.24086403740956625 0.2369334270509989 0.25699046005793585 0.23751677111493666 0.2119206100023327 0.24271225043666278 0.24022579373731498
0.0034694182828406005 0.05526028090446337 0.1264105265324147 0.17039620026357272 0.17538151267015453 0.19915316692864132 0.20032617982661166 0.2289763604355229 0.25249824801565446 0.27991392217442923 0.2770747781104086 0.2809407242457639 0.2840397847872759 0.276705870544644 0.22314251222279563 0.23312829369075255 0.23970885345179474 0.23666046094433843 0.19985111494336366 0.20814238504499058 0.16722704255822307 0.15059801020024405 0.16287520143629397 0.17429227443734707 0.17942077172934884 0.16077743408361087 0.1730673967067194 0.1581482145793528 0.18040412455340876 0.22383625033083554 0.23285361867440355 0.2642074876060051 0.2851929644657209 0.2719720360173551 0.25476828677275365 0.2591690976637098 0.2739042584305118 0.2858505343968729 0.2885712903304893 0.2588486304178261 0.27035701981602905 0.24660066435471723 0.24970561299199717
0.0 0.04768997630616118 0.09036057358196148 0.14821663547076008 0.2072916754204694 0.2449794416733196 0.2540016317498943 0.26346636547779073 0.2630547157403046 0.3077215304914473 0.2982949998763455 0.29428183082773796 0.2758023324874787 0.2501872002814372 0.24773174297792183 0.2343322196316461 0.240098286561065 0.23919623434114515 0.2481810155055109 0.2146233952109358 0.20803468762636368 0.15283688331569245 0.14735310171230565 0.15384116683715507 0.1959618229370882 0.19271048066156032 0.1574772551972045 0.16854245185742425 0.1960494870524819 0.18671493604428147 0.2116388664388226 0.22698655964977474 0.23879969140152332 0.24955814497846315 0.2686216667787086 0.29630724887651133 0.3156225827260816 0.3156599231386621 0.3077035525810626 0.30769166220541083 0.3057994117892523 0.2799917327409121 0.2575099819982435
0.03506933723574455 0.05234677086822756 0.13120164433466877 0.18682967353885452 0.22821069695026958 0.2701458791526558 0.2964214711213056 0.3064982269396316 0.31301691008016436 0.3023860978756226 0.30457599408495184 0.33575305794486404 0.3042728277581371 0.28008479980237055 0.2722067359179427 0.2855244312384291 0.2515162468579924 0.22418371309652138 0.2128242749305129 0.2503855848529867 0.22492394945530422 0.19442886933587666 0.17277376340003636 0.1826297404490605 0.20466694142627537 0.18505204993007293 0.1766272079285901 0.21665543778946353 0.20425450861966143 0.19909658338914202 0.23362065109139543 0.222088059906129 0.2593269427011816 0.2857161006134175 0.30529219511684713 0.30448630802229876 0.3263287494089222 0.3297375899987355 0.32125907207028565 0.3450042278527689 0.361130941415646 0.3301993916585849 0.278585879789491
0.016526873476351834 0.08346732182568717 0.09865611755970619 0.2026737800509859 0.26302190771340217 0.25730575114337795 0.30421542356836406 0.29485510282836236 0.3326995978054853 0.3108604285130931 0.351676231556655 0.3414311281748508 0.332713588678274 0.31767086451345 0.3079656932367446 0.2713850896514312 0.251935316712538 0.25155645042574976 0.22466705853882177 0.22456148941508144 0.25129084035593113 0.24578000383154622 0.2468435842007229 0.22886016311018792 0.18639630158531395 0.1959681119443328 0.22042417275578702 0.23009810342821477 0.21442174610827297 0.24349950717154117 0.2574956676777217 0.25766018686559167 0.2768266054297307 0.32617455668335094 0.3293620395459074 0.3223619115958198 0.3000077562889418 0.32261383436335306 0.36812002938200716 0.3613913761406205 0.4181210151375014 0.3698743153631175 0.3121351478437934
0.061300855865021237 0.07171116953322088 0.14421596852474486 0.20177203835325633 0.2564906090009632 0.27182434717930487 0.2945162488623514 0.2732265075396359 0.28564360618475054 0.2902008170841916 0.3187356256130906 0.32955576210914517 0.3324113823735872 0.3130656324073353 0.28030404604150133 0.24731953205344354 0.2304768560474567 0.22560746500515033 0.25595525930433893 0.2649765748203791 0.26429613245056066 0.2737735521080365 0.23630323928603192 0.23318940898334783 0.22354401623076223 0.2566687110601626 0.22708348695548397 0.22498270873568813 0.24734256159213722 0.23714117973381332 0.2754668850073244 0.2633188748668618 0.2875641704993313 0.32454831086164976 0.3105943359147949 0.33839133975345237 0.33571950808420764 0.3483934311360493 0.3750438652012258 0.3866850398840867 0.3841783551907496 0.34313823369332885 0.3200225102167009
0.040623144193554235 0.10978744196365253 0.1376856835202417 0.2181751920364502 0.2424808076760478 0.25686455612851306 0.2386622603483517 0.2792722929242912 0.28404877871960044 0.2973323879930086 0.2844204291006935 0.3047898446280617 0.326476714821703 0.2953526031755254 0.2701054198777492 0.2673780494788473 0.23833182444819287 0.2583649589505365 0.2403967559828021 0.2980498451684402 0.3065652997295504 0.2936954831431764 0.26131987681152324 0.27259533766292204 0.2915690488559956 0.2900060844791589 0.29602704328449103 0.26865085041550674 0.2524941392338306 0.2456462687206495 0.2656026104190858 0.2577107788303177 0.28330016144376646 0.33475206464117435 0.3423238343203728 0.32576899374292273 0.3174444103665002 0.37195692854403045 0.3628264251144247 0.37768740510796067 0.3610974134913918 0.3445569150693371 0.36767985167278683
0.07672160907868446 0.10452297957761802 0.14702778976869652 0.19526484709576153 0.22032184460776502 0.24148764323134236 0.24377314017371873 0.2647432131182701 0.27728912258236743 0.25476028372355597 0.29543604656791256 0.2955324563757316 0.3049712170275345 0.2894722554004035 0.30395807077276926 0.2821879717763573 0.2522689052359463 0.26124561792697465 0.27434455176087397 0.30390706905526965 0.31756698498123953 0.30932778279545176 0.32600363733275545 0.3402910011795942 0.3149710883725642 0.31746216982895115 0.30784453357889907 0.32181464942838417 0.27380409462704725 0.27734415971487314 0.30339305637405156 0.2909684099803748 0.30344837198020247 0.33556489766079267 0.3412506799557351 0.3283091992084402 0.3517067222640488 0.3845211748353523 0.34231487602760863 0.3650499023050161 0.3924279464844761 0.3854712319854644 0.3484831567417604
0.09640561735171875 0.13375680375832638 0.16062742213170092 0.1717573319768072 0.22455811568862394 0.22567500746056438 0.24771092060486358 0.25393607916299954 0.2670262226169283 0.2824169498788891 0.27741132453648415 0.3159387002673227 0.32326681269122143 0.31309324767882774 0.2882996876947395 0.3083432049553615 0.2632075202107698 0.29978343334975865 0.2793352137255399 0.31120158607447634 0.35677195019357755 0.34224575269426455 0.3835977912285031 0.3759643378680688 0.3675777936978944 0.32555633390586186 0.31307270643395824 0.3347810057592908 0.33912667736301916 0.294416087286863 0.32576523654087397 0.3339446051629899 0.295703952471678 0.3353747638105487 0.3250518323396567 0.3399001464276414 0.413618513667802 0.3887739646978278 0.3495120600018364 0.383368158971826 0.3720415714200389 0.3795007350587356 0.35479793386179637
0.09776511160334972 0.11633603894840425 0.16745994321619492 0.1926364172068645 0.20674424714148343 0.24838550987275704 0.2606481121813701 0.26620773008169435 0.29849473284387884 0.3000408817096136 0.2900054761665145 0.3122544325998581 0.32404082578522053 0.3276356646896112 0.3215210887189776 0.30780385271615046 0.2927372932515605 0.3253255699920887 0.33311535423134964 0.3154257108987927 0.3161917881763408 0.3443879895027286 0.37108834142884783 0.39806553403631284 0.36488946528256183 0.35217414587151596 0.35038388132388876 0.34195575561586894 0.31843378500749814 0.32606408606221426 0.3597802941942871 0.34535840577741833 0.34224401456881953 0.32558396457399624 0.31870028894743524 0.3752950969802491 0.38004995349132326 0.40779414537056746 0.3747495345881759 0.36045360087889133 0.3604327001489434 0.3518400782602554 0.36098702791887116
0.06253267612427073 0.12400629283401851 0.12671815096740371 0.17772344113885413 0.22760688323384623 0.2547526513586245 0.29344489791353295 0.30293488650807165 0.3221979085540637 0.3513229833370745 0.35217446099155075 0.3312202932483129 0.3167118895695108 0.30579946642433975 0.29920714974221274 0.3271638129638547 0.33974636348660053 0.3324601531317093 0.33456486631650106 0.33796034763374977 0.3266028017834743 0.329713111618536 0.39990037294631864 0.35803216881813693 0.3473237345468687 0.3260449386462834 0.34248745519861845 0.35104475427136145 0.3170574175271043 0.32486933378132904 0.37089916763506536 0.3319299842881114 0.3553015965173104 0.3591182867532259 0.3199447401863267 0.3501094290467471 0.38162636975509406 0.40527865568692956 0.3939493984825937 0.36172418911886484 0.3660518283391875 0.37564434375038913 0.38218528072303215
0.08018769308039476 0.12949623928820392 0.12884337020407566 0.14335553194976572 0.21867351886929096 0.25599601957048473 0.3063083664071868 0.3307660249420592 0.32322350950498757 0.3402434359924785 0.3636718756362172 0.35587703987438957 0.38392750797115294 0.3726655436341259 0.35794820397903854 0.35099105768273703 0.3663833674331876 0.3585787718760601 0.34624274244113024 0.33500605420174334 0.3465884098531611 0.34494133042467284 0.34619324894329323 0.36309076265693824 0.3350757966949074 0.34194930846620253 0.3407387279337203 0.3207033625059643 0.3385172724814823 0.33733892766709545 0.36105593942119873 0.35133653052257025 0.3655027062638489 0.3400452130981284 0.3509810954749132 0.36284190311864867 0.37642028998934995 0.3895173850089782 0.39944930382448135 0.3958294374720197 0.4152004772614197 0.42412586848453054 0.41697126540751667
0.11175323624782346 0.13941797664782254 0.14410056751740938 0.16885095052923038 0.16451528750894504 0.21623350200875716 0.31277012010561034 0.33474074559471706 0.3617938117664292 0.34783907260196273 0.40854727986655476 0.38407223909062976 0.41688439991261467 0.40035790038256386 0.3609343657306268 0.3397890044888934 0.34956453774502017 0.38593984806051845 0.3745922465210586 0.382453970008749 0.3538979506830359 0.35779092193318235 0.3469299680595806 0.3750761052098472 0.3811547496412614 0.35189416351837294 0.3640898707381728 0.34171644228229203 0.35537847349761564 0.35458632719506417 0.37360407923633243 0.3385513786632397 0.3431271995193817 0.3665594914182172 0.38922349892807323 0.3642010895626288 0.3780431880502508 0.4048261182013663 0.44689806142534155 0.4190063513288668 0.4489658596616156 0.4517103627114337 0.44407373132818556
0.13310173111113596 0.13297253237061765 0.17564965412418027 0.1702879757314586 0.1754915086636016 0.21615041999537168 0.2827623810111427 0.34991200178496296 0.3495980132711514 0.3573990670317154 0.3851433309888194 0.4165638981971421 0.4145636932710073 0.3727321764825581 0.3709778575793606 0.3800253996619707 0.35729478186028346 0.3644373972412559 0.3981060268831582 0.3782949362402889 0.38430833073636816 0.3904187470461789 0.3579518286901158 0.3792032906427574 0.39882981906872944 0.4106610509499702 0.42218322131962777 0.41307032317192105 0.412755121397577 0.3818665993878676 0.352843582107414 0.3497356920893606 0.362238033547069 0.3748617636690062 0.3980839328192995 0.4189413407003178 0.44777264376925924 0.4524752127442992 0.46047364962414256 0.46993296980944843 0.48733325156183377 0.4934490000447133 0.49775429167174856
0.17798985217404795 0.14412353864017466 0.1797201761861565 0.19831889101617503 0.18206954010446783 0.21641404637300338 0.2835532977984184 0.34206033259247565 0.3767202152046328 0.3774753247353239 0.3680948575195651 0.4111370900563297 0.3790299035625534 0.3948350432526277 0.3848263303608214 0.41118868143262827 0.3761447611987894 0.37236583548109614 0.38251993240408244 0.39203637101068467 0.40149056946628187 0.4104290748483839 0.408989319835139 0.4213251968701165 0.4333204368442891 0.41117573095483784 0.4287196020509993 0.4126570772476501 0.4181072299602049 0.4085560221849403 0.391728092518642 0.35265094329868707 0.3635524784134462 0.39366622172639193 0.3643814079076463 0.39936393697672834 0.44766689669053406 0.48708501379764263 0.48920396501707875 0.45882199635925114 0.46628851973847374 0.4928610947543405 0.5237836273675511
