Raster_benchmarking/continuous/raster-491.asc
NCOLS 100
NROWS 100
XLLCORNER 1743168.96583158
YLLCORNER 5469277.789804125
CELLSIZE 10
NODATA_VALUE -9999
[rows 19 to 37 of 100, columns 43 to 85 of 100]
0.63516564068345 0.6625248656400798 0.6953227233026563 0.7023773707696498 0.7200730797869324 0.7642400533578333 0.7467267792583636 0.6916177416875181 0.6986531972850067 0.7131568790391025 0.7275153034645688 0.7316550072340897 0.7190484683266475 0.6544916068023237 0.6379216931511861 0.5805159702936721 0.6145215596745468 0.5683762261281139 0.5505343753927884 0.4392164624940536 0.4015538703690692 0.39333872650007146 0.4371878864723184 0.4594908477042674 0.44114294242930624 0.48886211185062134 0.48778732223445354 0.45665259346318854 0.4784077443239414 0.5070235969525383 0.5101483157125389 0.49561639485595155 0.46678565931204846 0.4838060776600421 0.4465221195845281 0.4388592073486891 0.4536270022902759 0.46222520285261853 0.43815534367760817 0.4584506347149629 0.48353023287653807 0.44894324709506556 0.40697520824588407
0.6179462490236076 0.6828508391929091 0.6971384013080272 0.6696592801278617 0.7183137076895869 0.7972358700916543 0.7342528049665004 0.6999344900887572 0.7009934440984491 0.7239877700421306 0.7128755867897086 0.6954691810387115 0.6878685218961464 0.648870920782939 0.5900720672561246 0.5531380879598641 0.6034025715185531 0.5915024031372608 0.51828731259579 0.4564188996655293 0.4116864396504322 0.3881020478209027 0.4403534434032846 0.430004154494062 0.4498646414669415 0.5370552412419409 0.4826811340752148 0.48599410339683097 0.4652899755794644 0.4897783895225615 0.5068981063793311 0.47524866388004017 0.4772187796047638 0.47870872522565733 0.4184906622359727 0.42933316413907324 0.4553632486749283 0.43218328148288604 0.45155088128929977 0.4561618560614643 0.44840558744292586 0.4385926777416993 0.39936500914897854
0.6332973975617238 0.6238719510744289 0.6446995608656156 0.6477324575780519 0.7138648775904731 0.7346872842150124 0.7324728879459129 0.7023282514319007 0.7165792038328178 0.7152923092067122 0.6712071653229915 0.6180400851243814 0.6124648449613177 0.6061609702215675 0.5468953838913893 0.5567974583444613 0.548472898604149 0.5238358911723059 0.5194689009759975 0.469369853850526 0.44411441887651903 0.42217524871230105 0.3910302993973606 0.41455518615505826 0.4723872245649719 0.47949028155021167 0.48755790212731637 0.4573729210118405 0.4388552051972932 0.4729887281493761 0.4539608104437128 0.4869463705130963 0.4489086946279702 0.4526382737577398 0.41483159496972766 0.4006831456746275 0.43996700874304506 0.4350945720266343 0.4332742831619734 0.4404357465282711 0.41323174882072766 0.37012034878370365 0.3621722411090196
0.6236894400664763 0.6166892338297256 0.6281502025212273 0.6441610871459128 0.6752269619773741 0.7510644880020706 0.7317036533710274 0.7187093337126946 0.6703588740210766 0.6413343819012446 0.6168349599426862 0.5933633362248962 0.5937166818054765 0.5928772220561899 0.5396516243140163 0.5047356714965867 0.5006598759564606 0.5082362055571649 0.4855510061649144 0.42742453683153264 0.4171756376030242 0.3851338346195949 0.38446872473348537 0.4003510537512864 0.39058992264770553 0.4259543231462249 0.49456501849926066 0.4890593145820334 0.43490869686516387 0.40331985953383764 0.4682415136822181 0.4606557188463759 0.43351559900209735 0.43896447471247496 0.4229406535305944 0.43166442848095626 0.419385924649137 0.39479460003618777 0.36608376185650177 0.4027375064924408 0.35716342163557896 0.39032740790986853 0.32738038892019355
0.5888841184811576 0.6215860360544447 0.6320674761330953 0.6627392494257586 0.6952180327060482 0.7061985741954676 0.6920411625542623 0.6245117053052905 0.6022492656899721 0.5967013258397476 0.5634933778822941 0.5584632157044251 0.561755835567424 0.5612636996810145 0.48925426108192166 0.4487131020030864 0.4521798898997746 0.4768385459908776 0.42540848792963887 0.39845742027307784 0.40140970042482327 0.40379644623899463 0.3923055249053164 0.3524851513939959 0.38022195793391383 0.44275126071954285 0.46233780666500596 0.458119884166216 0.43933088444197876 0.41111758766939155 0.4306613785574279 0.4317143090623587 0.4401143189091624 0.3918464188216765 0.4080667045980761 0.3566241538307835 0.3423441664831278 0.329534647346269 0.3438922970487899 0.3726660956709671 0.3393415038273526 0.3603513237795487 0.34087183456157627
0.5046780087813775 0.5396640869044118 0.5802511202831864 0.6349974167043451 0.6325584740148038 0.6606647492633937 0.6242174853865504 0.6010232921735187 0.5806930886516644 0.56140689373028 0.5554625511731053 0.5358490195042094 0.5524499629199783 0.4806692755581763 0.49807186557534605 0.46794392704881643 0.41076021575241883 0.40535377688437707 0.4170700030051777 0.39205323095005373 0.3844829459649228 0.3579331723874259 0.35292491541178006 0.3365600756610164 0.3560608013550252 0.3951041464004164 0.4558097572452978 0.46585428358781844 0.4228575531725 0.36414909298029413 0.3947847486566544 0.3816140315497897 0.3827630476889468 0.4009153336441412 0.3438592187312316 0.3271097866870917 0.29667231513568365 0.2682346113032591 0.2858039759165714 0.3438819116584489 0.345805802139698 0.29245258119696715 0.3235086341253468
0.5005972312353926 0.5252204562370859 0.5455600573677584 0.5653283180704669 0.6187536275686053 0.6432482164974102 0.6159495775193581 0.5898372803679719 0.5692155037148732 0.5267833074210906 0.5204119578746093 0.5183848163722361 0.5407488358496276 0.4878182927833275 0.5028129735667598 0.488871402431879 0.44097493890290507 0.44064802935150377 0.42184179097459673 0.41854785109433507 0.4142306188515235 0.4022350861243769 0.37890078811154254 0.36225356011885645 0.3956331165436091 0.3763560197709236 0.40354231597080276 0.39902897377073376 0.3888020177452349 0.393734969310676 0.34775122511956386 0.3988144427277002 0.4164582250835118 0.3897909197984969 0.35869245517700293 0.3248046199672763 0.265174576021949 0.2506189795186592 0.2838161159121947 0.3294999685952034 0.327503465075502 0.3188904296844518 0.278316340078041
0.45092827831042737 0.4881301196667643 0.505301067863845 0.5638667582464176 0.5909336693988378 0.6011184675110679 0.5994072426057145 0.5309257270036283 0.5481501721832257 0.5522163744665564 0.5467023571854416 0.5096390525684682 0.49932940289109007 0.5163593277624893 0.5381411611956889 0.48516952619544657 0.4728394387116718 0.4245336327473069 0.44522059015917687 0.39737029956114533 0.3680005572608951 0.38859505428387975 0.3685590488775672 0.330491948338565 0.36610024236220784 0.4007297648269205 0.4361141587823276 0.4462477515719175 0.4463177778818162 0.38444580933785705 0.35540691130842744 0.38159602777131346 0.36984359327604954 0.3833014852876225 0.370157191727242 0.31823412369338056 0.2690673159243316 0.24488283337226024 0.24961738508975995 0.3012828609871912 0.33101608857818837 0.34628278590514017 0.31937878076060394
0.46319955025791315 0.48249096618777093 0.4991602958913633 0.5264499741799338 0.5255543107807982 0.5333114356896257 0.5340591688317498 0.5235367660166469 0.5132362021561866 0.5286904586036237 0.559466440890988 0.5677684418610979 0.5201274978820281 0.5511736551950415 0.544987932765313 0.4966370030491892 0.5045011945799396 0.4359080976396525 0.41328167893080864 0.36789076298261486 0.3826987478292069 0.3275223650623822 0.3661208117869936 0.3423991492483299 0.3555772266130882 0.41540204140361103 0.4475283672133458 0.46448204364410306 0.4445825060282061 0.40092056976685747 0.42714003035727394 0.39166983237271447 0.3834431578046013 0.3602215032288267 0.31249099529570507 0.255462085500391 0.2353861371721147 0.21551860934615175 0.24750542950935275 0.30130496953917174 0.2944052742427517 0.3497794828732281 0.30978417724396073
0.49395682784980066 0.5018713282792094 0.4969156595560752 0.4653767263738207 0.45820008959655517 0.46761345614351174 0.5105745190390395 0.47693703542333815 0.5468729657947311 0.5499062071923908 0.531709766342428 0.5672173732823638 0.5668379337019255 0.5874644464444951 0.5283214209331326 0.520191471222151 0.5093861964676634 0.48414341356184076 0.4387508613556772 0.3491167068206891 0.30035182178526865 0.2854571445153315 0.3062928749446075 0.35423388305888354 0.36956124551317665 0.36860400078287114 0.4475276647459132 0.4727522954534084 0.4716301934701755 0.4624199174775874 0.43754895914457265 0.3638347985025694 0.3447550951126815 0.3231649613525527 0.2971515153282437 0.27750638571678804 0.2234278988266133 0.18805746077710866 0.21495220525304526 0.2577513995812655 0.2826533703031173 0.3300673316003778 0.3208885489496578
0.475738051249248 0.4561034579962809 0.4776574256742183 0.47676802424041653 0.47887094446778006 0.4781544407917686 0.5217310011546196 0.48609332658303084 0.5314712323506131 0.5548393387713956 0.5337397451837755 0.5090556800736608 0.5171122902417649 0.5306849034623004 0.5267566964869085 0.5062021576276555 0.46700955773653474 0.4629360619105125 0.4130989459308497 0.3691930232583092 0.299473774135915 0.26476114871849893 0.2866573469153155 0.2968598950165521 0.3180891339671101 0.3635194590802759 0.42509214426101954 0.4127189543004152 0.4209357768378052 0.4432460767236873 0.42572020912535125 0.3874165060008633 0.33428082933720266 0.3405778225000896 0.3069864757579835 0.3136440682573487 0.2574028205336293 0.21059096999317015 0.24681711907498968 0.2790099427990413 0.2920822233441363 0.30706014413246874 0.2977140904228623
0.4791257189635185 0.44508884597318915 0.43770325786476927 0.47540497163386086 0.47648556082317894 0.5157784479343046 0.5142837421776368 0.5269352582165903 0.504749510733927 0.49208999085255123 0.4930468109421337 0.48336883978857875 0.49128241607203144 0.4926948164230096 0.5285157953602676 0.5060758956111234 0.45989346897736527 0.45089230693844773 0.38134800431022847 0.37556607806681996 0.293471726681043 0.27571679838693036 0.31439725382891953 0.28928968921194104 0.34941716456493116 0.3616884512771453 0.42062668385695134 0.4154671360359785 0.39361581407143853 0.39991309610339304 0.384635660488109 0.4073528810511118 0.3619614043995395 0.3105841171432307 0.2924644323666686 0.2925007217653231 0.2584021986220994 0.26838476672945744 0.2802257086160923 0.290278825084224 0.2518842835945114 0.2550102266877153 0.30293263335474285
0.43813331996273397 0.4312000863142046 0.424307598937284 0.45312509691315256 0.47366345888084005 0.4813166740545819 0.47668903918282934 0.4879676328307177 0.5282437609298816 0.5114120356647389 0.4800207441910164 0.46388822155445314 0.5035585743017288 0.48565380382545387 0.5170878261133633 0.49490166393514157 0.4765645609372293 0.44588319812979516 0.3677263378655268 0.34164942482861027 0.3208229894503406 0.3055002829373962 0.28474204399773706 0.27659341669311394 0.32445402476825774 0.3264804413137276 0.3879024333003821 0.3978327803070452 0.40589535887882816 0.3930838132483348 0.38943973988416963 0.42262207283339204 0.40442962929064125 0.3512290833306529 0.32631623233635165 0.2967106313096296 0.3226658105958739 0.31100581930314763 0.28965845306318666 0.26038718314622405 0.24933738383085965 0.28208432784146875 0.30810517776438334
0.4460981628472814 0.4481000977748684 0.4562841143625625 0.44692672081013973 0.4519135822739106 0.4364966213938906 0.49014262401459285 0.5169847905966548 0.4894171806124994 0.5040351961117289 0.5110688605016103 0.4686327704313682 0.4706482242035196 0.4938941353031813 0.4951487302439448 0.4737707759822423 0.4573803644357348 0.4387266037951725 0.41152407482774195 0.31950378693922626 0.3163583599582932 0.28926948284571485 0.27142548794711907 0.2944880812406749 0.331820453028038 0.3427781957640831 0.3842639283220743 0.41486872938601943 0.401341292122214 0.3954350631080218 0.3856907208295166 0.3790279480091551 0.3890505814416938 0.4212511999106117 0.3794409118117396 0.34431714038834366 0.3623908400074812 0.3604468450137804 0.3409479485252063 0.271793395879566 0.30178013928371183 0.2725459186922819 0.28596579913831
0.42244707615734156 0.4209450520763018 0.4466605391557464 0.48201861621164943 0.46271086253369786 0.41379668269072406 0.43896391310076266 0.4667885097061716 0.48908713822736377 0.5029564669368599 0.48960850497654196 0.4676747104064295 0.4636663080020797 0.4354615335256167 0.4634055383383963 0.44655926245244654 0.45077986024450695 0.4556870325536031 0.410422843375559 0.3313602362593669 0.31166061647919846 0.28267453697039735 0.31172516501873543 0.296278788445088 0.3171914531006532 0.32760978893097104 0.35453415137120026 0.37372676982752195 0.3664594720600328 0.3731147922065223 0.4054344380142746 0.3835837447006173 0.415040353669724 0.4335691022383089 0.42398238102810937 0.37857363204848954 0.37642551895012477 0.34821022158864945 0.33721324072186687 0.3218575067628695 0.31225996601148753 0.26889023827460806 0.3213774133904778
0.42437173133152806 0.426360532701148 0.4247594814697128 0.4708188723351303 0.47064163731236625 0.3903393854892139 0.39970729784164494 0.42447061527025787 0.4479541572087483 0.47193223165123166 0.43904934995506034 0.41280938158146036 0.4274371788329515 0.4336430704280656 0.40759350533424704 0.41114972844380915 0.3995730848348536 0.4267312661190067 0.42211596246721966 0.3780204749002666 0.3406475126173832 0.3202534647336392 0.35275896429482045 0.31438198402566997 0.31806337281002617 0.3379224686170893 0.3274031246381274 0.3545898998320985 0.3560730554638156 0.36549578506914027 0.42087884186047986 0.4301447983312974 0.443514819155177 0.4311684115897274 0.3911758781200801 0.43371436831978877 0.4405563656187299 0.4080684729998903 0.377758376143827 0.36709096717250606 0.3067863994134678 0.2757403516365782 0.32077712942569164
0.4436875444352347 0.4419576819659067 0.45567271415582034 0.46977039906839213 0.4510595463514739 0.44143310884312986 0.4025668481842542 0.43460997168939003 0.406357507095043 0.40970262281944186 0.3892974541307874 0.4295427384140626 0.41010568680289 0.37191272585066737 0.40198650035454325 0.38344537441040416 0.4168147840283501 0.41489190770229095 0.3736981623850056 0.3369174109705485 0.3436416497164371 0.3495155501604749 0.38273285785230765 0.3497447128506161 0.37826219998558486 0.36950739545889394 0.38498503677952667 0.39525639936561163 0.3626935279688139 0.36515073221556665 0.38676337460664056 0.3938348204705074 0.38259071181930704 0.38401795526394245 0.38386502309951065 0.42148776121091086 0.4221100305427014 0.4021469895572061 0.3930661966636868 0.37889022598417815 0.29618694423859765 0.2868787912546617 0.278085089048307
0.42576047668879213 0.44795690873804195 0.43543836728394836 0.45318538677851206 0.45456435106041054 0.40718713834917913 0.38421273333779626 0.4169103108060843 0.3868028793958942 0.3523256417851942 0.3947386572801771 0.4088485467113145 0.37343954311326 0.36563178710909855 0.42326640749667993 0.4037075073268867 0.39235558347846794 0.32946678825421805 0.35817448206705976 0.35433913900046704 0.40107626525093154 0.40463549408324473 0.3785863776541483 0.37549566068687423 0.37982978462440337 0.37422347439190773 0.3570006187744468 0.37172676006874855 0.35208004303669416 0.40036967215173086 0.4103904779148997 0.38811276941774403 0.3573993284217323 0.32623111994243076 0.34577098067668643 0.34865522313667324 0.42323630641385035 0.4217373514637963 0.37577043447176767 0.35401068039197786 0.3139155628888551 0.3027349631966728 0.2371373567296802
0.3653812433549147 0.38853921383040635 0.404645194911745 0.3867950188658073 0.42785818948278026 0.3970186035584324 0.35159184368289964 0.3617505050212237 0.37755174223239646 0.35698014986769533 0.37401629201006126 0.3981710158618677 0.4115086162711696 0.4237195645387603 0.42037369930750057 0.4177727323518333 0.3859309366744568 0.41027730867999046 0.40406912500988884 0.4238219179081007 0.4302289247727083 0.4225398857818336 0.4149631379589002 0.39849616130357735 0.385660212494839 0.3657371583389489 0.3646303189638172 0.3770057168372688 0.36851511621308264 0.3938393273085244 0.39367667857638877 0.35909983754270836 0.3442817730809223 0.3448182454967477 0.36519482584554175 0.38576350288184214 0.39069402024861816 0.3739562771743921 0.38476891293096155 0.3188564861217615 0.33717095745947184 0.2895471789565261 0.24541200941867589
