Raster_benchmarking/continuous/raster-477.asc
NCOLS 100
NROWS 100
XLLCORNER 1743159.497667449
YLLCORNER 5469295.461049389
CELLSIZE 10
NODATA_VALUE -9999
[rows 57 to 75 of 100, columns 0 to 42 of 100]
0.6105265394025358 0.6361155002438872 0.6815747205101542 0.6815549294720818 0.6685579836557518 0.6820906738594246 0.7090053063560395 0.7335079421966301 0.7495709638982003 0.740278957774313 0.7375285727586235 0.7626190680125307 0.7735280036486061 0.7519075781572536 0.7857314132831243 0.8055111397731582 0.8182120957670861 0.804410366878934 0.8141795457884541 0.8062868811982836 0.7852132900337748 0.8125540856743708 0.8257378836722579 0.7801998208135766 0.7982846664651259 0.7854487546190835 0.736294682953364 0.7438100442270198 0.7264165276226392 0.6862518878830942 0.6448846217593789 0.6444342154257312 0.6566433005026663 0.6608475301884486 0.6603945932679292 0.6278917418171981 0.6299622212543571 0.6645095473864375 0.6803594787578663 0.6645818369986703 0.6820628615421057 0.6990473008614242 0.6964252972390923
0.6187748286122524 0.6258091078929292 0.6898294323637554 0.6907432556989503 0.66874164483811 0.676737996343556 0.6533547344632015 0.6691023038226378 0.6905341457580063 0.6975888459215343 0.7208578923233638 0.7445292000307528 0.7585856441419593 0.741033212896156 0.7335741177104942 0.7646576460920821 0.8226373353359006 0.7873537233714709 0.8080397186299674 0.8208828818447841 0.8474121883705963 0.851952827052762 0.8389599684620099 0.7956737827421865 0.7962020201223734 0.7696889007785047 0.7355037663222292 0.6887708090227096 0.6508050703695797 0.6906174012542587 0.6521898490408498 0.648998672494143 0.6408476092794572 0.656616748220685 0.6148753912780751 0.6362196588152303 0.639819480140226 0.6750318829823663 0.6413083692675292 0.6987811960212846 0.6907488889407631 0.7076262836706289 0.7318374643519546
0.6133622162982013 0.6386268434783887 0.6733657782881503 0.6657975023347157 0.689027997469092 0.690888201906655 0.6513455321602256 0.6715136902259352 0.683560171951459 0.6880061397583616 0.7202464471373583 0.723202887732819 0.7531017433250853 0.7502989875698431 0.7713307281434174 0.7758237256556199 0.821295025679728 0.8069806335937034 0.7881799955732542 0.8098679099718411 0.8250422204688812 0.8188155605265844 0.8084804823074532 0.8028825664319506 0.7873285978406018 0.7565722891464614 0.7418048235750038 0.6935706339964991 0.6926930692848489 0.6892298816142306 0.6860751779230878 0.6668101810705541 0.671943353952568 0.6463534875669553 0.6572272883486613 0.6640606639694261 0.6946787177358865 0.678587930167657 0.6845469618829163 0.7012593025176762 0.7211637961342984 0.7338858533465052 0.7112430052343104
0.6508481227086792 0.6580961706405342 0.6444680140124482 0.6814981819980476 0.7093004250361119 0.7118845800780341 0.6769880973631061 0.6943887742019731 0.7135051730651623 0.7191713761320911 0.7154937401023309 0.7420910433181263 0.7684296122789139 0.7300616932290669 0.7341192057569188 0.7460722163989773 0.783519668061424 0.810440440296666 0.7981401908456314 0.7811236817187701 0.7779177608682679 0.8037585599320128 0.7680904085343354 0.7616265793037738 0.7814927847744061 0.7335376031184728 0.7438040380435371 0.7261937593240954 0.6949505304978152 0.6853554129451754 0.6884766384916141 0.6815650730258876 0.6955580638562462 0.6626683772945597 0.6681697242824223 0.6909537899355549 0.7100478559243648 0.7273959545300607 0.7294391270272602 0.7331048739435237 0.7279210386823978 0.7381060004561093 0.7169261062423994
0.7135501449052246 0.6774388412460932 0.6834200943581857 0.6880035632668388 0.7138266112745174 0.7000491049524752 0.6959607944741286 0.6878859097854326 0.7080950555611667 0.7294642022864889 0.7108312152006223 0.7401822394388006 0.7603665294159477 0.7632897022574987 0.7255678361774685 0.7288629225211894 0.744273206978123 0.7797016429369217 0.8064887958672955 0.7866754155760003 0.7712085659616541 0.7777104287445363 0.7652541598666606 0.74980000478832 0.7454084730130435 0.7398036847492399 0.7217038725994819 0.7202247947004005 0.7141014804380831 0.6838844628549505 0.6994432900932557 0.6954361293554416 0.7050615787696407 0.6707208846755257 0.7029999647927516 0.7049154708882185 0.7206511525002104 0.7200462353964666 0.7390017412958412 0.7109473145772295 0.7442941378950713 0.7420801484857981 0.7344694446242958
0.7451073965834011 0.7149848238356026 0.6692106761924211 0.7131535762821998 0.7012797709765811 0.6813092211631657 0.6594622022197586 0.6915130826095329 0.7240184584890859 0.6986447197427897 0.7291734522509301 0.724317796536951 0.7405839692873302 0.7407219362217313 0.7353528003412121 0.7439185475092693 0.7413059194813552 0.7564065101765822 0.8126701975057536 0.8123800703245263 0.8003722769011208 0.7679592825181839 0.7787121851734864 0.7697555450036119 0.7483694103072263 0.7127214963864363 0.6733695116120085 0.6636974285209083 0.6788389941532212 0.6985980765873138 0.6544906424701319 0.6960097424079303 0.6722118376968603 0.6940001648352291 0.6765635294328065 0.7133648318481904 0.7102362799155932 0.7560702347659641 0.7351895221403612 0.7139992229015844 0.7432340448647083 0.7515812103601268 0.7595386103302803
0.7515258621309615 0.7217722293567056 0.6943995454554286 0.7204654194021407 0.7326684788781849 0.7082283789978701 0.6770499450058308 0.6946835827774429 0.6954517516181866 0.6855607431198324 0.6837148459979625 0.7203541138718529 0.7413540572234978 0.7335195100370592 0.718748225817405 0.7254569650550318 0.7399306425235548 0.750374296277712 0.7959682348338862 0.7766661892024715 0.7964925532456845 0.7667315206495091 0.7301243159922343 0.7468725492726912 0.706913255410825 0.6886610371157686 0.6996788881727266 0.6691118027486512 0.6792213383720879 0.6840098144041201 0.6706039282587939 0.6741931990932449 0.6820566564475185 0.689777336667539 0.7249302284395005 0.7380161690740531 0.7201424913743876 0.7610974132450253 0.7242055566187977 0.7292749514404607 0.7494826668264236 0.7798764860486734 0.7609743618274631
0.7682521610316929 0.7209976725583127 0.7498438110405036 0.7614843827488925 0.7442906252770738 0.6984118311415113 0.6909179047089661 0.6793597781376889 0.6566091786967536 0.6926933436743747 0.6806726816881334 0.7121845777106228 0.715099785031598 0.7355049893598598 0.728180494317064 0.7403473423877932 0.7321974112538591 0.7675012957932079 0.7826593463462677 0.7810899588828064 0.7568025482696311 0.7313202539962336 0.711338526658778 0.743908021328679 0.7283858898592395 0.7091924148448527 0.6792842880569393 0.6664770869447634 0.6465497092309833 0.6819480380117641 0.6904359952355703 0.6846280611237681 0.7031666903688556 0.7298826786169608 0.7369900281214047 0.7428442658577953 0.7694283171154147 0.7634002961241096 0.747037874029632 0.7546306787803878 0.7457003728445333 0.7433188022778763 0.7771243740884054
0.7557299190558942 0.7248669447957232 0.7568263839046897 0.7483184936210516 0.712704975035635 0.7160117941421614 0.7051816803486154 0.6781551905394714 0.6861451350243472 0.6540828451272087 0.6471649577088989 0.6841217079348569 0.7045810952459454 0.701011515376249 0.746261576841449 0.7495810904871788 0.7270604632902526 0.7541259139604487 0.7502866168664467 0.7474401339135611 0.7487354451955118 0.7409486053719043 0.7200008636930593 0.7300124942154415 0.7142771300204395 0.6960529742220022 0.6752520803575731 0.6514728873504361 0.6669124592298689 0.6857801345467406 0.7197261229289663 0.721354866680938 0.7055850621956621 0.7357689242911004 0.7134365336948268 0.7577363898720655 0.7482306620650578 0.7528524878688851 0.7565396356450073 0.7340822518825159 0.718202203426411 0.7468346676540981 0.7431289791668423
0.7441888015327962 0.7356428667707018 0.7207155102966598 0.6967171270168493 0.7062899166981775 0.7053429516132932 0.6719973766379984 0.6584893068478266 0.6705111622731299 0.6522871505212602 0.6473682681710969 0.6475673171799986 0.65231452521155 0.691841350085466 0.7351099427126069 0.7202595712114847 0.7272139737128503 0.7298740595218765 0.7296036920857365 0.7411415734080592 0.7149805947222597 0.7388714157116338 0.7477703232963675 0.6994101431258147 0.6997943779976682 0.6764153531010395 0.6435648216752166 0.673860807851405 0.680383407534133 0.6822499240268395 0.6921295576046312 0.703478987751034 0.7277425434410199 0.7391615679277224 0.7057528121626204 0.74310080359925 0.7536417840251218 0.7535939206971928 0.756099141878132 0.75155184100494 0.7245997541396351 0.7486387293542324 0.7355583832992874
0.728729771198709 0.7404430052019493 0.708327889179917 0.7024959251039634 0.6813953345495803 0.6969855107334325 0.6887665912494167 0.6991923032414484 0.692174031031025 0.6659462646183457 0.676341247215055 0.6633354190227805 0.6680772300615004 0.668463608478531 0.7108746389450944 0.7073422294371939 0.7366539147387301 0.704601218220743 0.7315560924933068 0.7324751939943033 0.7156570813825429 0.7339343016296923 0.7547153284413501 0.7003320880857482 0.6981029496539713 0.6608245434395381 0.663173295039841 0.6372688541458372 0.6568182674009293 0.6811388177060894 0.6758767906018949 0.7092015091094181 0.7021893228430762 0.7358302117630903 0.734078752031389 0.7416112414035686 0.7481214692935093 0.7384744118605562 0.7314439869697328 0.7272670503182078 0.741217746846867 0.73086691629393 0.7121195434338027
0.7035891883394984 0.738976910557894 0.7369495024594327 0.7102233540303033 0.7163693149224143 0.7115738031289799 0.7342672240161481 0.7073408875629797 0.6628558523499003 0.6468142272443775 0.6597012207558293 0.6696890730002377 0.645359365132269 0.6546696854589888 0.6927721585133391 0.7152224344541417 0.7438141774406272 0.7146633981740772 0.7117723838920901 0.714117657882831 0.730883669209712 0.7111186048206962 0.7387324375301494 0.7136718242861785 0.7069317033686932 0.6519439759096319 0.6514605433921984 0.6415679252611829 0.6545762534128661 0.7045947902703925 0.7008135381213342 0.714426615639542 0.6907093545150895 0.7314457225518411 0.7399518037998261 0.7117003040194916 0.7301223960779284 0.7429022157735935 0.7302502855087166 0.7171572692366087 0.7055159542706324 0.6888748515076577 0.69139301708734
0.6616921387865203 0.6908265840095339 0.6869452968660819 0.7121277090118628 0.7337901317638144 0.7117715631581598 0.71077663297188 0.6995060066297826 0.667258717131151 0.6789671493586065 0.6548754360695596 0.6565745024094192 0.6659975056373739 0.6862603542288555 0.7234443692973356 0.7039884562186013 0.7379694037159686 0.7346118364865614 0.7136374296308396 0.7233346152504494 0.7546567580972395 0.7375529799420203 0.7237416158439979 0.7095194695732685 0.7198814367156539 0.6772953445251941 0.6648900478155861 0.6474047479287716 0.6740648762797103 0.6844312282962429 0.7227182762951836 0.7052785830906187 0.6936576775052671 0.73489102288967 0.7231478881984433 0.7204319483159263 0.6922787658011234 0.6984954663065606 0.7122335259553434 0.7053197909123786 0.70714558838741 0.6945734349709871 0.678929818552527
0.6479020172694597 0.6586680768334967 0.6675877193216317 0.698771179999522 0.7228353444400822 0.7001896444050351 0.6731745075277505 0.6742933183360149 0.6877247905294814 0.6742157544093279 0.7071225992531662 0.6614345250601638 0.6712020361853805 0.6958124464002587 0.7124299119170856 0.7035194923184579 0.7084997746903111 0.722549220118894 0.7497606912661077 0.7222402189795637 0.77300559404349 0.7527934862344497 0.7198446517855392 0.7067278229360682 0.7424660162912625 0.7086182480463609 0.6962745938930368 0.6763683498679629 0.6468510070952777 0.6747119799846453 0.707496727857885 0.6904403096857707 0.731495428435194 0.7070670682347492 0.7027055508849397 0.6978638327698153 0.6699451890962557 0.656164904924207 0.6781910370373028 0.6840879708335534 0.62571870181831 0.6569729464630976 0.6740075398359655
0.6645706066300313 0.6849677872586377 0.7116627626734218 0.7008259978479344 0.6872290580663514 0.6838967875534604 0.6827414417545721 0.6830384711994875 0.6974655175951097 0.6899416278893094 0.7130233494832784 0.7084796620592088 0.6768262713213113 0.7157282900697024 0.7409649119805357 0.7290914881893514 0.7138129371200641 0.7131709542250392 0.7219539382568243 0.7406301104171557 0.7287075171261449 0.7502682792248567 0.7378327864494925 0.6996856460950318 0.7069860203497461 0.6725027307148488 0.6616383375467519 0.6518867037456926 0.6586870675132904 0.648869176476945 0.6944132261223156 0.6773314188481853 0.6879167056818015 0.6955629940379536 0.6553860481839752 0.6770471054828775 0.697559961223005 0.6634826690300866 0.6534382667877207 0.6608387816258098 0.6344639681216964 0.6529232694698254 0.6714008783987486
0.6904892767135171 0.6865880859941526 0.7204841936251567 0.7043327076004271 0.6617067670592961 0.6585737362649371 0.6768418078830294 0.6822392930691793 0.6973588043586031 0.692865142603431 0.7343013431602844 0.7240424051040704 0.6899507527208084 0.717823754219559 0.7423144938662073 0.7325797306593915 0.714738658005456 0.694427973801455 0.7279405854568785 0.7395664157838573 0.7338039538875092 0.7157641612009865 0.7450241811346472 0.7132876438936336 0.6645306815191823 0.6630081207448911 0.6843525626978476 0.6893325901379862 0.6783949284516183 0.642843050989179 0.6581209577109036 0.6730795216011792 0.6594641621751103 0.6678439532522394 0.6399148053012127 0.6663618256811779 0.6879387087673915 0.6825240478499888 0.6592846680825981 0.6721547404026418 0.6491556986089451 0.6419878940235688 0.6375214201346039
0.7222599887588113 0.7294365268623925 0.7218443854556453 0.7243967326957009 0.7080627811629943 0.695070732445154 0.6863838609328005 0.6805599134979061 0.7001486934343643 0.7037434834524166 0.7232764210944437 0.726409331777511 0.7354713489843497 0.7548393617382564 0.7778295638018897 0.7563674647000038 0.713461216137576 0.6928288699998847 0.7198942917223384 0.7259192556185603 0.7520414561319416 0.7132963446992798 0.6974355438369018 0.6728877391798485 0.6460092642344661 0.6819905981655013 0.6536225321270825 0.648120628914844 0.663020514449614 0.6446836433152721 0.631519550997788 0.61394147412429 0.6240653282428155 0.6488464346419418 0.6366589930930705 0.6810272048198035 0.6595371569077316 0.6582135327031209 0.6313912361916736 0.6264703851640341 0.6419602804848401 0.6232968804569571 0.6438393194602077
0.754210623037178 0.7604481534136002 0.7433655487008962 0.7223600428284856 0.6888247492031693 0.704577234885522 0.6694680869383854 0.6853606476321512 0.6949498553521966 0.6915671647343818 0.7319458858574982 0.7251895240761361 0.7268366933819137 0.7564734733822623 0.7683282417078425 0.7438867153170934 0.7131466666867784 0.7142342310500838 0.7066114828012879 0.7127785283147123 0.7450479066977955 0.6941877065917694 0.7132859810111125 0.6455355485143588 0.648288613558266 0.6408641364491346 0.6688434701156137 0.6144083834632447 0.6237080525438375 0.628984427779959 0.6053932207234343 0.6083313977178125 0.6270568877358517 0.6202495456517818 0.6620017175606487 0.6438785182294077 0.6414574933481955 0.655491977216121 0.6328500131906272 0.6359488553622634 0.6010732093624916 0.6040650839231357 0.6705785459384498
0.7450705498178902 0.7461251249059696 0.7519263816983789 0.7187695539846066 0.6905192451922881 0.6827432696948306 0.6579373905870013 0.6659460057496828 0.6812786298954273 0.7156116180616139 0.7305391110701586 0.7518878675602932 0.7436375221640068 0.7200472646472722 0.7269061228098626 0.7512584107821152 0.6974020590921548 0.7170937784575155 0.7260615550153791 0.7192912770823682 0.721945133091409 0.6980834117284974 0.6926714616815951 0.6353141785607135 0.6465014878140395 0.641240429739356 0.6102322809468876 0.5870496794342667 0.5816450031706669 0.5716140983546463 0.5829319768182237 0.5958690879096663 0.6358563681782273 0.6222412269057912 0.6297275909182612 0.5856872698984489 0.5727910712491443 0.6037165046567109 0.5871783288832965 0.5963192810367568 0.5780921240721758 0.6060206302456995 0.6401819205384126
