Raster_benchmarking/continuous/raster-378.asc
NCOLS 100
NROWS 100
XLLCORNER 1743169.053039947
YLLCORNER 5469289.729114638
CELLSIZE 10
NODATA_VALUE -9999
[rows 76 to 94 of 100, columns 43 to 85 of 100]
0.6022598537648993 0.5750668922049085 0.6249815648380677 0.6618461756804054 0.6591200925480661 0.6650311503856688 0.7157415712154032 0.6732165567434231 0.69193676379234 0.6542874539735355 0.6916304671663202 0.7162166000388153 0.7127724348940647 0.7211318687254014 0.7006870925240402 0.6698359238178805 0.694471488919933 0.6402387548301629 0.6658485522547269 0.6480696641166296 0.6796989674476137 0.7264323706248602 0.7378014949019892 0.7137188576074944 0.7154462619495224 0.6932331777476035 0.7057257936264629 0.7840498042395769 0.7869703294364705 0.8476656212328436 0.8432236328538686 0.8347532573084511 0.7989835569048516 0.8373558713962137 0.8118481737648848 0.8198167277175434 0.8404580558515933 0.837451904664784 0.8291847829333757 0.8346224416774544 0.7851694890466527 0.8222206091260721 0.808138273354798
0.6052830894115627 0.5655305016356492 0.5861600559901569 0.6333572515529974 0.6711140698354117 0.6504141179466798 0.6581428071615985 0.7103738668700379 0.6430380800369684 0.6470072878311406 0.6542120643977939 0.6803944312948326 0.6744565637338238 0.7343273828287432 0.6783953800264879 0.6390275302909788 0.6457163640641815 0.6526198363855824 0.6415476866963142 0.6531952157504268 0.697274605937022 0.7349024164978928 0.7170132958093204 0.74632721374785 0.7123190905087805 0.7070865940299095 0.7609867228999421 0.7924572677418313 0.8113057024282775 0.9093139377212556 0.8645515999498916 0.8844344257783431 0.8309223652686385 0.8249217016801796 0.8216935239025989 0.8619795444670625 0.8246914599740587 0.8161169715703124 0.8235391312416362 0.8121778111940215 0.8152794092515236 0.7866316462547855 0.7891098600419421
0.6231603641440874 0.6379082748335988 0.5948314130849628 0.5971623373489722 0.6380535827964622 0.6428688093898903 0.6669667340485129 0.6319015664830819 0.6302364640278754 0.6123611457946446 0.656857918377532 0.6681496488372749 0.6742661280577052 0.6783143565808735 0.666550659676089 0.6165418891979559 0.6342298045051209 0.6398393997841911 0.6828033518540908 0.6836729784075957 0.6916915142251805 0.714429147859077 0.7440029180470694 0.7682309738227939 0.7265650053166955 0.721727785628358 0.7287353502038532 0.7390659254353055 0.8262321156147145 0.8553077602556605 0.832866797769413 0.8610619000663139 0.8680185604791577 0.8627060212256785 0.8332899283951766 0.8451236991439065 0.8148873058042498 0.8488991690179534 0.8330510136079546 0.8384377799655542 0.8084137632337668 0.8218361057429713 0.7525590505243989
0.6460598286344585 0.6392921600163098 0.6456796484582534 0.6081341500739221 0.6164222403639851 0.6172909326240236 0.6430444714042722 0.6511952370771171 0.6341926671268109 0.6022947556132419 0.6428386588332975 0.6059332808469675 0.6521194019308999 0.6124595849204787 0.6375642900285677 0.6071440752317411 0.6006004435771611 0.6423229510622027 0.7014997575040636 0.6938013011367704 0.7205505303798776 0.7196176544884496 0.7109198521147819 0.7693526557615491 0.7677055742443278 0.7394581108419688 0.7151092004947575 0.731235157777677 0.800243864977446 0.8511745913951744 0.8239505920141236 0.8081663881949125 0.8219040166586651 0.8611849192579638 0.8502634142713071 0.8220370261741622 0.7850695450875269 0.835714866563816 0.8370617483710064 0.7809023553081023 0.7601849023939391 0.8179996867718692 0.8063695858242554
0.6559306597030297 0.6226036493173428 0.6242909314613604 0.6375167917886753 0.6184517414049794 0.6231371281520497 0.6188486523204845 0.6226621537626327 0.6628392483631377 0.622271904076132 0.597318370252256 0.6060643273555061 0.5898735935958428 0.6200259779285522 0.6173789539584843 0.6161342467536767 0.6044957056654556 0.6041788485232573 0.6736830214678181 0.6664381531115978 0.6819794741785764 0.7056100336886297 0.7421353165018485 0.7726248570089448 0.7411491971214138 0.7329055740086401 0.7351542976003722 0.7547074752855746 0.7711811967664947 0.785567572988398 0.8091306130156657 0.7719515803454715 0.8259880615399593 0.8222567258627972 0.8111833236586434 0.8273390464905636 0.795489552023291 0.7750216995818899 0.7670856418383178 0.7646913778380964 0.7494773098425249 0.7918225167825199 0.7579378309303747
0.6438545318157569 0.6624721868733874 0.665921318277957 0.7107724646005424 0.6470322442930526 0.6260107101228692 0.6436781938126883 0.6492660613216444 0.6632433985850994 0.6382325492306392 0.5877499525329016 0.6198219917043116 0.590101639674597 0.6113682540998184 0.6307412348419248 0.6408935126954609 0.5975757908101913 0.6087755461749919 0.6380038034495943 0.6305138959583637 0.6437887931789491 0.6738649010633215 0.7362521350605008 0.7438044730007062 0.7740506552473492 0.7595378290285856 0.763954821403312 0.7365692346927722 0.7276312155199817 0.7449059195972841 0.7527785686705819 0.7564965017752628 0.7647189145641546 0.7743159477467644 0.7896126428774537 0.759793304768141 0.8040925192165306 0.824659503395469 0.7692499425261267 0.7216595579416036 0.6967000231416756 0.7644845045441214 0.7282906769431367
0.6754460023039995 0.7002224249579536 0.7131483266456534 0.7354152423200558 0.679907332148876 0.6912787060547294 0.6719982977356788 0.6217737186586256 0.646516398656102 0.6263864351632042 0.6237921516531287 0.5969528466006125 0.5646285244704303 0.5944649338288202 0.59148303208483 0.651159194332338 0.6529163207887292 0.6094545218152692 0.5949718185077768 0.6256323341755815 0.6481228234226039 0.6358858985651785 0.676543234800205 0.6793513424943801 0.7352224481178227 0.7066674377066139 0.6982817609288913 0.7466589879735361 0.7549048792239007 0.70464764199808 0.7494112983212038 0.7708246237157131 0.7367459287864498 0.745901054231982 0.754564228802477 0.7755401599901945 0.7858365245891401 0.7375887681306683 0.7368525441253815 0.7006472982875869 0.6773101290154219 0.6854388269190714 0.7345586611102973
0.7191379301627934 0.6769173044819372 0.739206029968721 0.7286489741046104 0.7162902788063721 0.69302711961205 0.6871280629127052 0.643419967292756 0.6398873957828003 0.561333361576691 0.5877205830477199 0.5783151137118783 0.5453959181894831 0.5536325192701926 0.5730798966183717 0.6230697437515768 0.6248535789545397 0.6164291001930027 0.6185118562326005 0.5983445269885422 0.6384270156493072 0.6408753604770829 0.6655042176940749 0.6674548927800061 0.6633685952099875 0.6923320003922772 0.701800872112268 0.7281905014578887 0.740357693932431 0.6900639670699176 0.7205947566542952 0.7617029552281 0.7412476877848234 0.7351353797875381 0.7373689273186192 0.7512880850266263 0.7352583608438493 0.6904129499719696 0.6872158350874843 0.6688112196195657 0.6650007789205031 0.6602580178550034 0.7132246125112073
0.7095358594978041 0.7728902358245316 0.7669018967333475 0.7312690944860505 0.7471261932388823 0.7251780610601382 0.647126432632671 0.6396684769666054 0.6187362114931573 0.586332826608951 0.5565581477418825 0.5878284813361829 0.5514941620570273 0.5404347996001148 0.5650403375669912 0.5893986429520621 0.5599623984196322 0.547313606933597 0.5625755085535874 0.5944278644096848 0.5909443061114904 0.5694742547974511 0.5950490898993454 0.6376179208274061 0.6732206021067204 0.7098773491191228 0.7008951290603012 0.6682968782505299 0.6585443491038746 0.6980479664704936 0.6852564389475125 0.7247220792477426 0.7126890829798904 0.6922758285244821 0.6846397858249322 0.6926369068416518 0.686790373317435 0.6754150447850827 0.6106006601796026 0.6327582063849185 0.6362460061629837 0.6586897334698538 0.648516269143999
0.791041244051878 0.8147199578621634 0.7396829385353848 0.7174868004855 0.7204844804696616 0.7235545679296096 0.6983565678455468 0.6382850703529086 0.6290702272020522 0.5589101719113718 0.5966608670435295 0.5980854182282488 0.5500625952565297 0.5632091351081328 0.5779656146557814 0.6105651036900768 0.5489495931903106 0.4996652731296836 0.5200070664430323 0.5188814968966079 0.5444365688559457 0.5393558494213861 0.5789817869478536 0.5670291328584661 0.6452715054628214 0.6716531955971118 0.6749508225247258 0.674392068979147 0.6624250982472351 0.6304482503089959 0.6401723831148839 0.658399983819492 0.6585786443105885 0.6784873644057299 0.6379540624604965 0.6782822461338542 0.6565724416885698 0.6110842032107037 0.6145761563657915 0.6034399143376145 0.5917655585477486 0.6036433462327172 0.6587034842569333
0.7618754576913163 0.8017346174380876 0.7699949030561156 0.7301682634605166 0.7146445063549166 0.7190485418357008 0.6645646489433149 0.6036886667281848 0.5932859171474855 0.6102041913577281 0.6078002666595496 0.5724816592020056 0.5626573671105611 0.5569763839677181 0.5993835070406425 0.5983788228933424 0.583898433209426 0.542915987895808 0.501106056451478 0.4989602053103575 0.5411676899887209 0.5567083394746332 0.5365960374239416 0.612011161782266 0.6360790426422289 0.6794993008993485 0.6503279168149088 0.6748813502453278 0.652017786509612 0.6292686010544767 0.6606307348989273 0.6471311383542953 0.642071484244344 0.6268912396523427 0.6214809447078607 0.6188474141970621 0.5967350783832595 0.628408678901974 0.5746257245215506 0.5563683143689572 0.6168778621810771 0.5832573344306367 0.6095408621708561
0.8122427879885998 0.796888844862863 0.7893213705737673 0.7623793729122343 0.6992388556444931 0.7053255679947981 0.6863860648540058 0.641345455678795 0.6164715659893878 0.6116331003614468 0.6024526667185762 0.5530343233980769 0.5795104149382263 0.5295723884076705 0.5609712461504855 0.5762785341216382 0.5557916138245416 0.524612699450514 0.5132680259443781 0.5039771868858319 0.505832241111355 0.5093740835687524 0.5300316474923541 0.5882655154847307 0.6018524700706079 0.6380214712346123 0.6102195013478907 0.6198829498140235 0.6482510666532482 0.62773755484434 0.628810479462088 0.6185186997754457 0.6342764222543523 0.6266861208464598 0.5910183421769835 0.5809068931290591 0.6289788898115297 0.6331627935442301 0.6202173546293672 0.5475759050891853 0.5781433577574671 0.6022158063315323 0.5639981213249289
0.7843297229248568 0.7394890725002639 0.7464591323200497 0.7155886350785645 0.7441531297447206 0.727301842244266 0.6783603738886189 0.6708377390099881 0.6248070773017207 0.5898955841178005 0.5810238290667533 0.5452285958043529 0.5822894814981824 0.5823507276561235 0.5793536349766681 0.5799780926216934 0.5249749304120183 0.5142191413289736 0.5399995723008593 0.5227284256547324 0.4715892289358793 0.5070709943839904 0.5394552690823164 0.550575461067989 0.5370640423540525 0.5314356610526322 0.5341221367542234 0.5749237164454679 0.5856638242699853 0.595570510792247 0.6397060738341861 0.6183726195917606 0.6014333539179754 0.5772854910896251 0.5545381581369648 0.5884443845019701 0.6325093256355502 0.6037536307793252 0.6181395911023408 0.541793364175605 0.5396671596668502 0.5623260288100796 0.5681914444530713
0.7276602369919624 0.7093053153873026 0.7440960624755154 0.6929332150923895 0.7301112561417846 0.7519440225692858 0.6936527677308433 0.683211961286759 0.6500308799281598 0.6513362642640966 0.6225024432716942 0.5644202153488993 0.5905951192314561 0.6292541677502881 0.5840652893400532 0.5524896217939791 0.5462428876541634 0.5617270802838024 0.5415128574795885 0.48410630514955855 0.4798293858073614 0.48143968492613776 0.5007884480554461 0.4732774433801976 0.5025517989755306 0.4654300121792462 0.48855474417594885 0.5371896972138948 0.5384355095957568 0.6065088592163749 0.5846424266610798 0.616092346809482 0.5628509178577087 0.5639370993411296 0.5715829385304146 0.5735699605771475 0.5840806987520464 0.6133484222488025 0.5872959278602056 0.5843464406833462 0.547480521744044 0.550061616734933 0.5746191390530189
0.7061340133101923 0.7095243918433201 0.7332252563555098 0.6887530770180318 0.7015368736797197 0.7394943054127522 0.6996177080881986 0.6873563523947597 0.6726936326809587 0.6366431582038827 0.6449967110669022 0.634539937802314 0.5996934089072192 0.5887664097983963 0.580804386546503 0.5814499324168736 0.5889164799367343 0.5934206732371086 0.5302444839108633 0.5377267572735599 0.5102211435690636 0.4982220468407308 0.4503510773195614 0.46714273452129973 0.4331552138977709 0.4523577599823358 0.4801179895986247 0.5092759174159628 0.5302947657067929 0.5840640115800368 0.5826148126141888 0.5473483138830385 0.5468334144516479 0.512238540282013 0.5390066888253223 0.5270900889243941 0.5365390261962627 0.5844408407599714 0.5954933804189384 0.5461782527398747 0.585671777719471 0.5665098756138099 0.5591090834137223
0.6690137609118926 0.6952347408374178 0.7341083618478798 0.731378369861661 0.6965531728524837 0.7106054771209906 0.6904548447332524 0.6738892075487968 0.6533017679897872 0.6320941689762527 0.6286128779612078 0.6079805559408922 0.6098058848718446 0.622194150413163 0.6172239611770898 0.5723318157753595 0.5718641950975841 0.5966413151721138 0.5660708647901153 0.5347761476325297 0.5309900381905289 0.5170329671839615 0.4838452677367813 0.4444683759378724 0.42909233058144036 0.4514698897769367 0.48109198747562054 0.5055505735379036 0.5172879254114734 0.5410518598076371 0.5199885754295341 0.4669142871034894 0.49232746975691905 0.49400889759304484 0.46694297817339014 0.4325935186904307 0.485362019109623 0.5303451064699702 0.5359278994561641 0.5244602344305963 0.5589958892840106 0.6003527131828923 0.5528140212968468
0.6596751670897631 0.6908030935747981 0.7118158728463099 0.6976959268396311 0.7188504184200696 0.7025759866976855 0.7044740225902894 0.6433410195534313 0.6529948458233921 0.6401646882907653 0.5852559560449071 0.5691787717898832 0.588551765936024 0.6090815574177102 0.5944471576999661 0.5603326720081234 0.5732609076210601 0.5868261020032962 0.5891545500525628 0.5836930868472687 0.5523703106868945 0.5289629705393547 0.492484666242447 0.44471955728586665 0.43065882992014226 0.4439519083305388 0.4908800578726623 0.44597442731092574 0.47140632137994876 0.4996554462356016 0.487528053242761 0.46689691913940656 0.4569667432240966 0.47111873437033575 0.4603646095768501 0.4231120777082212 0.4586618236144073 0.42773370944469213 0.43923368449730205 0.47176611438106997 0.5506234867618136 0.5378194343642618 0.5310830230436123
0.6913819101947382 0.6280251471028894 0.6555825170580485 0.669549508141457 0.6564960107514797 0.6814688130248997 0.6800519185508317 0.6266263320037452 0.6380164014522911 0.645738199846973 0.6246461406291401 0.56111475098743 0.5526101489679477 0.5838870309048834 0.59289205011098 0.5080751841709393 0.5120438573150196 0.5444334652279553 0.5570412427480079 0.5541983738577229 0.5249763521804182 0.4928584305768439 0.5017046767035346 0.47851098330152736 0.4517567118297925 0.45360354515084933 0.4221004402851504 0.42511319786599056 0.4465822262907996 0.40200006022410517 0.48259549799670526 0.4522726409466789 0.45145106899769905 0.3803061005858786 0.4178696402226831 0.43239159385031284 0.40406069014287027 0.36778783005152815 0.4200046538176362 0.45737857187393427 0.5210239044789894 0.5674541387119882 0.5154458818969024
0.7033772114062363 0.6497505730028413 0.6469101310820315 0.6040603546573379 0.6055238557139062 0.6063535757540467 0.6108150600317546 0.6413609012928844 0.6073605386324782 0.6203286485493354 0.610515808366617 0.5571118931456759 0.5317046574832386 0.5370715964895536 0.5575877034466221 0.5567089206587493 0.5179425406257023 0.5252334085392865 0.5692900228616317 0.5874632986309631 0.5547675750372532 0.5024795846953707 0.5154610989483118 0.4930946969575371 0.4711242660000554 0.4919086772039789 0.4371494037050247 0.43386378735449627 0.43918734855374153 0.450788115389568 0.4696614781239416 0.43273804001985494 0.41788022615601356 0.43165261196057314 0.43542707744185377 0.4281457008624671 0.4549889631574247 0.40042436521147373 0.3963608957828797 0.479059658049535 0.522221684400677 0.5483031719328516 0.5320278742274778
