Raster_benchmarking/continuous/raster-410.asc
NCOLS 100
NROWS 100
XLLCORNER 1743160.1069198865
YLLCORNER 5469297.044751172
CELLSIZE 10
NODATA_VALUE -9999
[rows 57 to 75 of 100, columns 43 to 85 of 100]
0.5748490183445937 0.5876019547465864 0.5679850254965729 0.5709912045330161 0.5508280058139304 0.5354048462109137 0.5352790353421306 0.5669623490833324 0.5435185364692484 0.5518799393955256 0.5131479221752323 0.5141428989489525 0.5320454251803849 0.5100632635729211 0.5146848785451492 0.5487115518409517 0.5440756195032463 0.5514425264653942 0.5446663751539145 0.5737611462138318 0.6078268419375866 0.6162057705844877 0.6099859272234383 0.634888309919983 0.6493941888033175 0.6422134582008572 0.6187514123831505 0.6434527296263549 0.6683343356976611 0.6494010465525428 0.6668162235177747 0.6104520122838698 0.6032605111401336 0.5859248003918758 0.5628753997834467 0.5427085093853834 0.5226396284598355 0.5270869263136836 0.5674062339119269 0.591612107036309 0.6052189538998249 0.6026080076374394 0.6154742739906488
0.5890287850362631 0.6216354875626481 0.6036671740274887 0.6193609118325748 0.5885571200116831 0.6029396675884198 0.564426956033808 0.6185677712459166 0.5902483291189903 0.5862599513146168 0.5473412922971062 0.5366784294553149 0.5238751258395747 0.543188756357349 0.5508196189236264 0.5562244385327277 0.5097108409763835 0.5584354534764333 0.5728694533246224 0.6157391324489249 0.642911897524761 0.61576864874693 0.5861508890746876 0.6407081476440067 0.6632484166271405 0.668681998009548 0.6701450698389736 0.656393358376943 0.607152538602774 0.658596648676734 0.6748813570455137 0.6218330053303182 0.6297320371440533 0.6146131680933525 0.5730998724536583 0.573012446775083 0.5241776313746608 0.5180783124692051 0.5407159941594553 0.5792513767186356 0.5723051909986184 0.6023394658587631 0.5793850171774375
0.6631121759908669 0.6119491142066069 0.630446266028497 0.6629552771958384 0.6300005448260421 0.6286388586502735 0.6496418626165072 0.6440398672719057 0.6182986393198265 0.6273873013195914 0.6110161642381179 0.5868117674038095 0.5696606235700524 0.56361556405866 0.528021621212836 0.5491847396822959 0.5627144966970933 0.547210403976684 0.5717431007467361 0.6139421806970078 0.6091045704011234 0.6479592810761069 0.6308407875928939 0.6042420198286389 0.6597507660710391 0.6573553798213773 0.6691037005502322 0.6204006429418479 0.6456238062354245 0.6544545049706528 0.6572372265855743 0.6421782235271055 0.613686981522874 0.6248647192789396 0.6238416681286932 0.5887186639106231 0.5867920349155289 0.5589659165031348 0.5833717870532682 0.6107176312087721 0.6213438207783273 0.6225353377031666 0.6146337094384472
0.6993856522210302 0.6942078556156263 0.6529482542703562 0.702909651295022 0.7127712647862507 0.6660755033535755 0.6994368277412795 0.6924096693793219 0.6704624867845844 0.6427586872478104 0.6559540516498933 0.6102837087294838 0.5563356472510671 0.5618584755349585 0.5356267205192858 0.5526131354808765 0.5711691796492915 0.5899702801519944 0.6199238107311357 0.6297180775916549 0.6410388240731978 0.6135009883319547 0.6214740472713166 0.6103329697317117 0.6066281042116209 0.6425303868521843 0.637837547515053 0.6535639130529683 0.6255341744329435 0.6461867558105214 0.653448431363985 0.6684828408364316 0.663579011463193 0.6377726891831385 0.6227639038056016 0.6223174526130777 0.599311067667113 0.5692602970746692 0.6078891460043955 0.6052536108447681 0.6166068449426542 0.6260797638763455 0.6174777526654943
0.7107595737910926 0.7221739255094669 0.7281091538548463 0.7016326619929933 0.7073792749260048 0.7238969393716665 0.7559843152170911 0.7174694451872705 0.7223225615420492 0.7058930132114802 0.6410434289807158 0.6061962100470114 0.5723217008214726 0.5867643118001707 0.5548120913496147 0.5603617540368313 0.5651321117790736 0.5849162220366946 0.6050800103971721 0.5886755271293839 0.5893274113639042 0.6292815637725454 0.638466157549618 0.6320404290450621 0.6032873136713592 0.6138733286539084 0.5999487332543382 0.6388830468398663 0.5950750929777745 0.6353025545742919 0.6466578165316728 0.6236584008615328 0.6538793864392082 0.6174488244705514 0.6284611650982642 0.5948984890015663 0.6131500467753914 0.5889145479126622 0.6194229399295162 0.5963427520136207 0.6310706312212122 0.6695277971530535 0.6651101562619041
0.7066752526032931 0.7238761353775236 0.7519131734877812 0.7864706581091825 0.784434863752149 0.747598456661605 0.7941694870128263 0.756289919305015 0.7619266050518734 0.7071460495755855 0.6769898702405391 0.6539876870698649 0.6206822182569323 0.6073426154450063 0.5954632323761315 0.5530686770188343 0.5507803287790217 0.5861032293896112 0.5987075014041392 0.5957732840650173 0.5927114117610816 0.6237978680316085 0.6004320049207554 0.6342219807044421 0.6178520241059151 0.6143146157616767 0.5970804617334325 0.6099774762682619 0.5909916285095413 0.6103237639612022 0.5768667401639997 0.5991737271959918 0.6036774637784921 0.6299050660631368 0.6050511223191724 0.5899579260963902 0.5560685483433376 0.573617437852839 0.5918238420888466 0.6246198545519347 0.6384251803024906 0.6936272047392711 0.7117539078603463
0.750824862734294 0.799238045231203 0.8081856558788912 0.8191288833564249 0.8170685467686772 0.7627527567535344 0.7302090188605742 0.7315817230528118 0.7526411343245519 0.7180833302340018 0.701238454966138 0.6512625474732676 0.6483194642971298 0.6087969722997371 0.6111524803890045 0.5907352701179616 0.5925484476822669 0.5811505988464112 0.6005839899638962 0.5755960967119059 0.5947049929949962 0.609594622234287 0.6349049434699138 0.6249144181030959 0.6093099916824325 0.5839825854986761 0.5678735457255936 0.5774661049794853 0.5992685727617102 0.5795433419137691 0.5556610837866947 0.5935072940878371 0.5985693601209733 0.5949783831229988 0.5951345532390404 0.5955213767050184 0.5559088154460728 0.5481474294940741 0.6000967200876665 0.600598721563182 0.6306243169884959 0.6473965144446452 0.6727645675052808
0.8227400469356683 0.8129903972082372 0.8300114942629336 0.8383642501191394 0.7971306874496384 0.7616451466427708 0.7419399878966558 0.7690835804677821 0.7388966160173002 0.7039185407966875 0.6719448780295405 0.6438500831247124 0.6577642474882854 0.6772571438749785 0.6639263863236993 0.6125682870559267 0.6338300637463123 0.5810694643778758 0.5501686472755914 0.5717822794030646 0.6331511196572515 0.6323889714712637 0.6021376854928511 0.6160344037030542 0.6480581831702182 0.6136073220373883 0.5724149654008012 0.5496521016766297 0.5608208753639726 0.5877773843216484 0.57059794927744 0.5663748656912685 0.561460625766815 0.5647338011428996 0.5463770565084958 0.5776175065534608 0.58320625491507 0.5663621837765414 0.5554809715062803 0.5674124287045211 0.6302266511354122 0.6318950167628355 0.6821907839598622
0.8137815199827385 0.826363762739603 0.8148857024749723 0.8382881182007876 0.8249273876250203 0.8117877432468485 0.7499110903009313 0.7533247079624279 0.7700931227920216 0.7552451629994782 0.7257690954141289 0.6602604617935028 0.646072308240997 0.7016824978725331 0.6678126408274846 0.6748308346296455 0.6461794160758036 0.6126865731560048 0.5936079026749568 0.6115032742285778 0.623986616644928 0.6241479460505847 0.6157303118999536 0.6319911774457859 0.6106358533004197 0.6217706268387716 0.6162015418114893 0.5896716418659943 0.5660159214631963 0.5762104157054019 0.6150259307934591 0.6113675210589049 0.6233092103450822 0.5964406936918247 0.5679212547028679 0.593889173826683 0.6087737092892707 0.5673737664849972 0.5704588201812847 0.5764913968060185 0.6036632465447661 0.6357626431056748 0.6947259497830759
0.8724283661541494 0.8601903044589627 0.8761541650124829 0.84104271157118 0.8473756626181629 0.8212274246593079 0.8052308458352269 0.8105569503522305 0.765476527836647 0.7321216164794285 0.7473235060635339 0.7206870972593259 0.6738777095846349 0.6923800166249522 0.7105401710852134 0.6675414569980649 0.6283614041063671 0.6140008743512727 0.6119483720757476 0.5847947719262828 0.6062650647065732 0.5895932761000167 0.6037066466579616 0.596093589566913 0.6221990555882365 0.6274838088489699 0.5888716457690406 0.5622481349581113 0.576754393049421 0.5724756659500032 0.6079503780358687 0.6365570915953432 0.6220324304670246 0.6268260567635714 0.6257322908019628 0.5709623032203455 0.5892059180788433 0.5711162234369832 0.5766272876833622 0.5984496668821908 0.6142805131655915 0.6553924963329824 0.6934780865042556
0.8761542460517472 0.8702756531059984 0.872583273206369 0.87779014367059 0.8676850011409402 0.8535394227039804 0.8532524689165463 0.8066244527571935 0.7854338534072256 0.7676134068363066 0.7560261839887152 0.7170126588634628 0.7008784827622435 0.692246576991438 0.7190431750879401 0.6842179639619598 0.6443008673675512 0.6391333173099968 0.6263867057805121 0.6039426502319807 0.6231706067261557 0.6070718919494829 0.5992717985708961 0.6366158163798765 0.6247017003623592 0.6282139646223595 0.6101234722623996 0.5971163511545118 0.6279755379005126 0.5959399126608754 0.62954263670348 0.6331471204753271 0.6325586390639946 0.623978682229031 0.599273865191504 0.5887898676080965 0.5928069586329329 0.6268383992023313 0.6453945253473399 0.640966032442713 0.6245630109807853 0.6327980924069048 0.6824011173910894
0.8479514266578899 0.8549084065371683 0.8176199153366783 0.8698140437052276 0.856682915725891 0.8745835353588681 0.8341723197886145 0.82885725589165 0.8176828812422755 0.7988838387686088 0.7443441144825281 0.7608278524916468 0.7514437341369469 0.725112166988378 0.7421790977902336 0.7165788410530699 0.6613749934153464 0.6359462540747112 0.6464692519024118 0.6550912572713653 0.6430217175341183 0.6713732126795495 0.6447867281349439 0.6446636510824311 0.660416295962047 0.6424468737075119 0.642625545463281 0.634566866757318 0.6298119484653795 0.6092008191222664 0.5674599244408025 0.6266053012429353 0.6682564446257597 0.640714793426338 0.6298612288510466 0.5965419203273484 0.6064880898145752 0.6659690181612185 0.6735728036123902 0.6565357335988586 0.6308309044109512 0.6359901371565321 0.6801387567864151
0.8506384073783685 0.8183560029758967 0.8376303402390818 0.8500979217153429 0.8312179775021483 0.8411457047683063 0.8214359642505981 0.8137121671156679 0.7850450577204302 0.7803284152822065 0.7633276759953175 0.7788602779501361 0.7944091046950476 0.765815517064194 0.7565337858397253 0.736323781531323 0.6956634898823417 0.6735383530270121 0.69290438343471 0.6741266135589614 0.6869010325530184 0.6911570163695511 0.6840186157045235 0.70481115671455 0.6752742819835407 0.6647014513940231 0.615412198545901 0.61372000341493 0.604263623128962 0.6170414641136899 0.5881528207477336 0.6171931867168012 0.6726156392965923 0.6639109850060523 0.6391128268639599 0.6672895430530345 0.6697214079320516 0.6799615892540346 0.6638220895474587 0.6207541466345194 0.6227014829745383 0.6379157643971576 0.68662178398872
0.8378260291795382 0.8242629236504745 0.8427956384026465 0.8221224887315648 0.8692552101747107 0.8566022294545153 0.8290413542050687 0.7837056104868075 0.8098406473245827 0.7938354380262008 0.7796847075587109 0.7883421876154635 0.8074923473290663 0.7623703240581807 0.7291166264084409 0.7100868210752745 0.7298449583731593 0.7589463718317021 0.7538711320303852 0.7413623637921417 0.7382306552589725 0.7315135523399827 0.7333373793049928 0.723154786808472 0.7114608499906399 0.6554312189200677 0.5861253244494746 0.5597722063185496 0.5677599842437558 0.6015732448784781 0.6328965957538584 0.6345471500365207 0.6699198864920416 0.6745216398237096 0.6567346775142031 0.670328888609863 0.6920464199560271 0.657362475403573 0.6720552584566142 0.6474954631419211 0.6147780262097271 0.6201260886357612 0.6704330644813583
0.8354071086474366 0.854982877229734 0.836662700426787 0.8254374402876068 0.8129760980048923 0.8335838484084787 0.8306465410328004 0.7922639484814894 0.7802305179030081 0.8169406932842018 0.7813745973290633 0.7879267682710857 0.7718822348195051 0.7740593874474295 0.7723505130508818 0.7450125818577522 0.767202731760989 0.780216801833544 0.748041684486672 0.7566806427551989 0.7402160537262987 0.7089346335751918 0.7306067818298695 0.7105790313571967 0.6936457286669456 0.6172692117887726 0.5704394390970884 0.5701776718498823 0.5377007502667857 0.5597855705891934 0.6159680248941166 0.6439255203952855 0.6621639045883142 0.6477844634429167 0.6519151311949378 0.6664272299463715 0.6595789374595092 0.6773908638952698 0.6533053752713179 0.636318818226321 0.6296078367022407 0.6604590415096077 0.6480144956512927
0.8301976265599251 0.8337343529254606 0.8077982373734874 0.8077104339109522 0.8370903022776411 0.792004341807632 0.7747238029145175 0.8033538938422837 0.7718789199777223 0.7808948688764269 0.7976817537722738 0.8139919532855442 0.811610931197555 0.8190239767986113 0.8088037758907486 0.7534931930865473 0.7484141216834564 0.7627627085723668 0.7985236589030799 0.7314069975359644 0.7215846249964067 0.6968057412474873 0.6978489135206922 0.6845945192059492 0.6457968406683054 0.6316053243334747 0.587773838049179 0.578719073479888 0.5330005630182812 0.5418391786495134 0.6019116869900515 0.6437409338767692 0.6265534161237581 0.6837552413579251 0.6931563323411464 0.6809654475945899 0.6871570975714117 0.6764509367794724 0.6567021122706413 0.6371401583242268 0.62399169724474 0.669408538482139 0.6684312127909375
0.8829886531552447 0.8729854916942663 0.8298808902846947 0.8202152606522012 0.8367074397928481 0.7999150427877678 0.7796494412707278 0.8034302896523139 0.8053164858797284 0.7866957547338957 0.7503956171830224 0.7791543046515775 0.7979711115077117 0.8042910406883139 0.8205977169274867 0.7955084609863844 0.8074747233161644 0.7825614022770487 0.7600265919641421 0.7409987909012584 0.7177323043272581 0.6838732491955051 0.6489250955427793 0.6643623867606043 0.6288216319505237 0.6328600107391693 0.5602724559801403 0.5594083582844829 0.5238537108675575 0.554310474277869 0.6099923070302035 0.6076384023511614 0.6683939916356014 0.6813034097722147 0.7107640092935059 0.7057175312445186 0.669524983382367 0.665771596833466 0.6805743998281925 0.6590792909983584 0.6314149543456226 0.6475930646078735 0.6731148144757728
0.8833055651886066 0.8987627175670362 0.8568195341198271 0.8248809757311225 0.7848425007275378 0.8262150041819101 0.8172112643406603 0.771022294798805 0.7664867651923647 0.742740040779007 0.7370134599237421 0.7657773929980652 0.7372684871765754 0.7805261958392952 0.7745483580729172 0.7840302671897161 0.808430891511362 0.7731903930267693 0.7671909563427463 0.7412911373356263 0.7473038895700421 0.6898608765204746 0.6595412559917743 0.6907601684434803 0.6753777440462626 0.6154410446954662 0.5558360755424536 0.5520541983866819 0.5563121005122518 0.5969385175813878 0.5801854534136305 0.602224248398836 0.6775650637656301 0.6705316827284249 0.7198611724826461 0.7240927698516584 0.6659054886404463 0.6852472307568356 0.684756820068428 0.6579277715488533 0.6373270441403058 0.6368296325629624 0.6776744614995964
0.8733119569964957 0.8816840639645374 0.840112646020995 0.8049304405612293 0.7961225620465755 0.8158092631104533 0.7930730315495359 0.7926426453095042 0.7489008711623159 0.7739094755125356 0.7679460512829192 0.7778185643621593 0.7762627521502763 0.7560084678848417 0.7743638401306431 0.7810231565132151 0.7666998780818998 0.7876758029279245 0.7530211395843837 0.7276686631877363 0.7292318134177507 0.7145056623163257 0.6723038567123184 0.6590738175926839 0.6163097169042254 0.5840477887396828 0.5530377511179609 0.5968464392752302 0.5630664864407969 0.5838168468483501 0.6066867344462922 0.6223653446783854 0.6224241749219965 0.6713859530997165 0.7048998475434229 0.7066873153789559 0.707132588366399 0.6926045060654328 0.7089327981084813 0.6687095905413096 0.6739917840923162 0.6779234373061344 0.6675852655993418
