Raster_benchmarking/continuous/raster-454.asc
NCOLS 100
NROWS 100
XLLCORNER 1743154.0034115762
YLLCORNER 5469281.657938123
CELLSIZE 10
NODATA_VALUE -9999
[rows 19 to 37 of 100, columns 43 to 85 of 100]
0.5662612292819227 0.6083275194650856 0.6134743110121376 0.6448588842200758 0.6315547484432336 0.6689044898659317 0.6748906236579518 0.7238977773788231 0.735626825667815 0.7235293085894076 0.6922876508230862 0.6871297320378731 0.7088256502326286 0.7194229406114154 0.7812763877683101 0.8429833349797508 0.8374603087583835 0.8458338379639754 0.8321356737351041 0.8251719179216714 0.7963663453516928 0.7462157436013431 0.7428336606047532 0.7714761102803158 0.7621370399794908 0.8116427013270886 0.8076477851715208 0.7832469648933117 0.7516801913906666 0.8023036569893197 0.8087101133274682 0.8246157784512412 0.8230381793411025 0.8666976026679933 0.8461024674758183 0.8323703798719032 0.7878449115658867 0.7639253443164034 0.7185365242935171 0.7228564527912822 0.6776159586349982 0.6433275702349126 0.6702718729947843
0.5977931690967634 0.6011792927362718 0.5681661698766096 0.636311465088957 0.6716088947377254 0.6583940304206786 0.6912621456056958 0.7071227223361676 0.6915272018970857 0.7195392887036686 0.724496593333646 0.673533298046734 0.6734040390973097 0.6940417895027527 0.7515802789134489 0.8122555521911023 0.7959291800500065 0.8188434735446384 0.8467371196912352 0.7786081892026842 0.7518587813775345 0.7000235389639781 0.708272477168609 0.707990898669761 0.7268204390469523 0.77506742941814 0.8038430964049721 0.7779726099955433 0.744393394271929 0.7486375637744489 0.761124040764549 0.8229530017913875 0.8217161776070238 0.8329014830280503 0.8507916213347982 0.8259865220178925 0.8232166083119983 0.7470011512942994 0.7157020903624259 0.6840233189473707 0.6299656831792463 0.6020296075515785 0.6162000613818489
0.5768189891962942 0.538817653969334 0.5795030467202282 0.6239627325477419 0.6530374281658637 0.6537752798453389 0.6886986283449527 0.6605461686451367 0.6790476124839703 0.703715815201954 0.7062948316139187 0.6793793725968809 0.6464922698122557 0.6850428625738886 0.7609874408090341 0.7647269728825798 0.7578406974157782 0.7761246231966704 0.7514737810571687 0.7404225769527731 0.7681401946914496 0.7126385131841733 0.7179351356776333 0.6998990241531009 0.756238135266346 0.7426671022784612 0.7221566050674825 0.7022332793573531 0.729482306231894 0.7226991505327974 0.7054097803375114 0.7672957391333063 0.8166256524843996 0.8278819010272058 0.8311242454056438 0.8135750406854404 0.8128172732354836 0.7576451103860237 0.7004703921314154 0.6668316311920982 0.6648951568704435 0.6152312911845633 0.6135433055716222
0.5276230188409703 0.5099668382924689 0.505834624995368 0.5863472317102997 0.6349987000891979 0.6464725196182366 0.6632355449204701 0.6232641753960022 0.6294810403683861 0.6824456316026702 0.6845637963533364 0.6938534273524962 0.6585899448737949 0.6951021914317883 0.7394306954319508 0.7343923913217151 0.7106737376113899 0.6996673715205216 0.7147288135570277 0.7220513583251588 0.7569884641336319 0.7066942248749427 0.7168759955863284 0.6835216301765076 0.7360054125740257 0.725194556756853 0.6946644524102921 0.6716507882512709 0.6894522477450195 0.691315541262393 0.6879438305070071 0.7213446817671273 0.7909054222038512 0.7920067921932553 0.7675815220317332 0.7708571809869451 0.7465714704127863 0.7331433608493255 0.6943598370619964 0.6758322047064066 0.6417281919386632 0.6012192004177884 0.5929107071523395
0.5061081938474564 0.47943171215059804 0.49772203149081484 0.5664687512186228 0.578116731353448 0.6476020151314728 0.6773119980909708 0.653448192534386 0.6262759085530913 0.6395176264709117 0.6378772631411606 0.6607366079875853 0.6903622525400156 0.6930845717386399 0.741920536519397 0.7280670388582944 0.6958446376664674 0.7045551121401146 0.7204574348012796 0.7072275299303766 0.6706649674866247 0.676548102135242 0.6526757119177953 0.703145961484976 0.7309080267926903 0.7008481023219908 0.6671832729765808 0.7175704969389416 0.6796131043334387 0.6975167733983986 0.6732588144315244 0.7098435547983682 0.7538620726479133 0.7388901419467362 0.7458788346285645 0.7126134836666923 0.6785475565463929 0.7110546130987694 0.6815786960869622 0.683403372985796 0.6293536559075665 0.5850248408844559 0.584415513533866
0.4875407480288978 0.5056305931210615 0.4672141881145353 0.536192594989098 0.5849918685422509 0.622396001155329 0.6255207140321302 0.6402728211752399 0.5852869485418298 0.6291325477028221 0.6039519960976157 0.6638444959932672 0.6713934776533791 0.7016230078182311 0.7009744035378358 0.7298340308877683 0.7522727980543032 0.7342483730887763 0.7154396424521086 0.7072119045366282 0.650773750697079 0.668426733143077 0.6372804152395783 0.6503118481837091 0.6708917019506802 0.6572985361922403 0.6568765760674445 0.6708495155196612 0.7139231127931626 0.6892371718235129 0.7188961664165937 0.7090477915342293 0.7267250669244746 0.6981618296798713 0.728232865551248 0.695689368539785 0.6473436104054426 0.6451145163912518 0.680433023846699 0.6608229522783587 0.6292794329283894 0.5765058056844957 0.5702899568527183
0.49200271733058576 0.4829825783272628 0.4799315906789643 0.5011771587013307 0.57048279774145 0.5871503423726513 0.6185197516947918 0.5865363807898173 0.5726239386129403 0.5944948326018373 0.5930158164920237 0.6591363970700785 0.6771227433124838 0.6445562043904395 0.6874174014663385 0.6898472947044982 0.7343721011424287 0.6792817281648711 0.6576028812313595 0.6914083443943193 0.6695065918715938 0.6650583888484305 0.6521227344392826 0.6559749201403156 0.6393236114431362 0.6578207839997481 0.6913451640047114 0.6999560090560847 0.697002500484667 0.7185225171677054 0.6790038169783237 0.6889254335346169 0.7094264400061119 0.6799762268537693 0.6897943218627978 0.624706517466805 0.6126777822056096 0.618254844328238 0.6295115266763144 0.5769215830654753 0.5517548049394692 0.547629848851365 0.5912895337643824
0.5148597606680216 0.5295984064644103 0.5451234042751739 0.5146679721524656 0.4844903193462618 0.5206184322592833 0.5558492830016297 0.5925932691585266 0.5676968211919727 0.5604623334796932 0.5995111604990977 0.6280570150110296 0.6377405600260255 0.6595360092717265 0.6877339329711867 0.6955751125313938 0.7289986903717472 0.6534355187315112 0.6374141303967827 0.6809272484968566 0.6626922095710223 0.6825779319013621 0.6770885813563419 0.645467340421802 0.6923886408816481 0.6391872404698442 0.6626547448292266 0.6652680606243837 0.713950187630852 0.6825150750293755 0.6545298361484136 0.6545927703448275 0.6490674362500488 0.6545645432315249 0.6201141187373463 0.646659244904332 0.5976873687697465 0.5742330543620867 0.5478928217585819 0.5105281940674088 0.5259284263428933 0.5386268780336182 0.5693715449885517
0.4927138558606964 0.5169788156766234 0.5612316740746469 0.5244982128767256 0.5144487419245526 0.49631701100299774 0.5051694322731134 0.5689697204240832 0.5485072300591689 0.5354344783673449 0.5823056980293607 0.5704879070835365 0.6074426702785942 0.6632034971741 0.6465582772077201 0.6726324047743502 0.6303037156302095 0.6451495928757396 0.6317628064164559 0.6779702235984604 0.6383997587737249 0.6714434971995009 0.6618931867956904 0.6493396207677409 0.6242252552911361 0.6378987595037662 0.6334412541690274 0.6732779036968496 0.6771656453733206 0.6885027433018751 0.672012271348799 0.6949567896029195 0.6338917249069677 0.6254796056395729 0.6224072392917201 0.6353390503900528 0.5847864395720167 0.5507178042623138 0.5036749451260076 0.5041216447635708 0.5193477540116784 0.5190103987635846 0.5442694225884149
0.49942443013106796 0.5253336282650837 0.5370048129136828 0.5141513613960839 0.48970753033452785 0.5056628644448514 0.4911116483524788 0.5232957365248945 0.5407817159825343 0.5147030270421377 0.5195209475316966 0.5359968944329739 0.6360127388413584 0.6613053840447091 0.6437584352228295 0.6394168407030247 0.598507204641241 0.5870803326522408 0.6489037600196749 0.6474987625528134 0.6530517211792453 0.6694364150375013 0.6806847596988059 0.6704787638434667 0.6288918843600461 0.6192654709282114 0.682414938313361 0.6305046103870469 0.6411817749393031 0.6914018956327481 0.6714264641158251 0.6909276056319877 0.6832355839044038 0.6476816650862536 0.6480140616478743 0.6121683908437946 0.5645622955306858 0.5218937897591467 0.5286834513748088 0.5258282149800643 0.5092595587404519 0.474637547819496 0.45858344633899994
0.5326691901851068 0.5369165463673329 0.5519635495828659 0.5140029186353892 0.5256492825259037 0.5291763507317773 0.4934825134828844 0.4991008028741908 0.5224287978541244 0.5292345254132266 0.5051851753407298 0.5232918778665867 0.5998114734419343 0.5882665818580248 0.617070997620811 0.5650292786795957 0.5953091504319985 0.5682131923414996 0.6003730156726151 0.5699764062791531 0.575582298531814 0.6245581499527573 0.6473480494949895 0.6185533152809026 0.6297102901823064 0.6231417985940937 0.640770667693164 0.6442753147689503 0.6399051945695746 0.6485105499704963 0.6920454478018552 0.6843196304260762 0.646389117191874 0.6580395287396298 0.6040979000750945 0.5869925217771871 0.5706014691812371 0.5251229047151146 0.5120403263722116 0.4642194920268507 0.4641722739239453 0.4634882060812465 0.4532494060398203
0.5462566727554466 0.5591064423433917 0.5634681088346735 0.4985576367054757 0.5004623945925191 0.5286294569502291 0.5468193667449466 0.5023677233790517 0.5203222261551637 0.5157481448547636 0.5244696641443771 0.5305473347852077 0.536407114057338 0.5712860097796869 0.5949843198266085 0.5764043627465006 0.5359518148225153 0.5074263777264336 0.5127423931459822 0.5326337478474246 0.5510535885506818 0.5703907012677403 0.5885453856016551 0.6092562631973188 0.6148108252961396 0.6188955559341152 0.5935682987410976 0.6033339016951998 0.6569530688725314 0.6639189398109602 0.6621967442421891 0.6495819843869464 0.6177082690296684 0.6088258349224805 0.6184690000933031 0.601864335808313 0.5767808426102382 0.49934732452141717 0.47732079904434943 0.43291477591539607 0.4588859337293665 0.43938811699700814 0.44837174725221113
0.5303206495317322 0.5520823001326695 0.5233591904331851 0.538343816809528 0.5515279325689402 0.5118705555274128 0.542485097006752 0.5010232829551293 0.49100505004128675 0.529505592479774 0.5659840002981048 0.5462376770505671 0.5101563307460488 0.5475931394281641 0.5385429155663493 0.5473383855453905 0.4990714791130743 0.4976672393652923 0.4869159750624581 0.4975553293532543 0.5250736098681134 0.5118778449297845 0.5409998799646392 0.5492237911711729 0.5821395415267004 0.6184611913909689 0.6407909549504989 0.6080366512219972 0.662865810455115 0.6484494604200846 0.6515202407512907 0.6561175253440391 0.6241005184157935 0.6315445357512358 0.6480612214476184 0.5923910498439897 0.5611920603361559 0.49910261577727294 0.4529877617645176 0.4350807980530412 0.4068540574655763 0.41168947318726407 0.4291506800518245
0.4895615521656686 0.504327298579288 0.5518378552394572 0.5678578113685558 0.5400509795444483 0.542237512045311 0.5362259439403307 0.523209017443674 0.4819043275797718 0.5044699066382363 0.5393723086809964 0.5242464661111526 0.5251531693167657 0.5248793904157583 0.46299097210833123 0.4597321973379593 0.48745595323764623 0.46036660155963427 0.4880568744389116 0.4705722100215491 0.4858260261953996 0.49882301141091934 0.5308835625573161 0.505738054138526 0.5285485351988637 0.5677359243180545 0.6261384114466076 0.5910368875915168 0.6539156079800266 0.6341933203970813 0.6394378157186409 0.6203749053862775 0.6418896084591172 0.6249871181826409 0.6478302471279119 0.59978837497821 0.5757828515164883 0.4901129873356769 0.4486572773877836 0.44107996608783284 0.43295126555402835 0.3882973179892905 0.35631280670849474
0.4923171522446655 0.528109451792526 0.5131745068448501 0.5355852957233828 0.5435899840362431 0.5138941663203163 0.4909925779306466 0.5232340952180909 0.5408650598470243 0.5422963337991008 0.5537423899437635 0.5067713610403926 0.490175572308915 0.5086599670073307 0.4996876556714519 0.4643673494540053 0.4774599851263148 0.47351874688165696 0.475857283379723 0.4970400354838789 0.49196751087073876 0.5100425319858797 0.5393786548962096 0.5351679190708434 0.4970761765318512 0.5268797736149178 0.5464945729758628 0.5783300189248923 0.6103183663282651 0.6278206729166101 0.5920807276130102 0.6113225546728431 0.6119109194738387 0.5930191825502 0.5803448572202587 0.5835831431803539 0.5495931352901489 0.5075364340672616 0.443813180794478 0.4455979993787531 0.39765614727517146 0.37446685964170473 0.3724925796983001
0.5067606307793588 0.5394710864163379 0.5000141530005215 0.5260831813815886 0.5469530047395105 0.5312596537348384 0.5099943430057946 0.5142742976215193 0.5262625621471214 0.5442767040737404 0.5360388381143617 0.4952158545522333 0.5260394814795979 0.5052194115072812 0.49013693614691695 0.47655308271934943 0.4340549948136199 0.4547584124976634 0.4433565978578868 0.4650281457166812 0.4854253401051133 0.5140328394956852 0.5146862350242389 0.49522391165948126 0.48917044279796046 0.5360676023486277 0.5547674913175454 0.5732156201459108 0.5827960019917686 0.5628994083914778 0.5876756286191905 0.5274758680732935 0.5307712636427571 0.5595606949711027 0.5158883905732972 0.5572033131362977 0.5259846350510946 0.47986600267195223 0.4223841136279386 0.40811793481866454 0.3868472127893413 0.3692487982841037 0.40201069755971924
0.508277352985449 0.5204120765553495 0.49203473686762855 0.5159614028546835 0.4932344367138587 0.49528440497235077 0.49677904059749634 0.5313420892294621 0.5466147448312008 0.5446715612309176 0.5245405152908811 0.5024711024147855 0.4830346825544341 0.49716483287262725 0.4645580727958162 0.4842824609326887 0.4407823544476403 0.46613047271299873 0.4734936887491247 0.4376809065744448 0.4593395447425366 0.49452968943580244 0.5275455883877346 0.522334661785448 0.5109858230617399 0.5042624120181233 0.5482799121284779 0.5351984831187615 0.5148067473200207 0.5146553693512159 0.5148484109775189 0.4908379076344518 0.4838469848537627 0.4950147474401303 0.4665129748097831 0.5141897326268388 0.4801874914108514 0.4548380804585102 0.3981997123047073 0.4040278430942981 0.3978048725861813 0.3874795464006268 0.39381267920324875
0.5069538807257837 0.5222964982890672 0.5473494852131386 0.4983435476618738 0.5235832588848466 0.46788658178776216 0.4598637953801942 0.5016057995354011 0.5337079474575696 0.5570959000797544 0.5467930027933081 0.4938840510811475 0.48532287128597357 0.4860140438513027 0.4304055511057988 0.4896032750761538 0.4867775434283734 0.4918572003690372 0.49353567449694724 0.46083685009812075 0.427022116894601 0.459229318284654 0.47869917162224007 0.48472829834775216 0.49276050413655426 0.4802842690201419 0.5076967958610691 0.5330229511412753 0.5334753655577357 0.48638697738524844 0.4697515340440888 0.45614293935466393 0.4813515864199859 0.4930877921790952 0.44451997895084766 0.4654493012211757 0.4999913841147073 0.4724298135358753 0.4125780523125677 0.43212154328103947 0.4231175731328502 0.42021390787074786 0.3920941330699095
0.4856920366281092 0.505007804501922 0.4919635707774034 0.5061897221656877 0.469987490885362 0.45944164170686913 0.4775840150229455 0.4542620157949754 0.49504963078721015 0.5273457570213201 0.47860144553987266 0.5050654661796545 0.49827817722226164 0.4528622363950667 0.39814733837150657 0.43643262096952196 0.4054116558761154 0.40897511418873395 0.41403562674157257 0.40754281985445634 0.4161067999481075 0.43369005669801464 0.4471328717055079 0.4616181475981906 0.48201013706968265 0.48716911945546604 0.5229443676348372 0.5291897471696585 0.5403826354166373 0.5220706601193983 0.46927886681410885 0.4690871275596244 0.47037608732133596 0.44198340115356677 0.4165232535512652 0.4194137180957294 0.47023970820243 0.41956413841152146 0.41778109155761506 0.4007083724693681 0.42432012224043403 0.39667825831992914 0.3703970144126483
