Raster_benchmarking/continuous/raster-92.asc
NCOLS 100
NROWS 100
XLLCORNER 1743150.23012802
YLLCORNER 5469284.559605889
CELLSIZE 10
NODATA_VALUE -9999
[rows 76 to 94 of 100, columns 43 to 85 of 100]
0.492437976764551 0.5078703859601565 0.5518272854540199 0.5146685060406143 0.45238058296965605 0.48993801431854556 0.45965113581893136 0.5520185062980963 0.5556761456379665 0.5566942029535726 0.6037165163211473 0.6160485800030636 0.6527025881112124 0.6642922611772719 0.6135238882855452 0.62827267303927 0.6501069567571622 0.6650598136395264 0.7012151344070687 0.7238662420288072 0.7071767759536669 0.6941858635088084 0.6532539377986183 0.6058930502605875 0.5857345653795403 0.6014876606752259 0.5557689712119912 0.5971100726469454 0.6211124845253831 0.5983366179859517 0.6512661158879255 0.6196047614644283 0.5726615739464848 0.5809114107882841 0.5704398245070561 0.5793872842848786 0.5910614818902582 0.600438483102563 0.6346263391156932 0.6059987848267935 0.5882068381891917 0.5866190224663226 0.5317585976655098
0.5100248932656581 0.5056998572011868 0.4774598220063699 0.5052858881545867 0.46756071673420835 0.4927803859983123 0.5227722354898842 0.5503759379056695 0.5524642576406642 0.5859673133504332 0.6196727464855083 0.6019439668774943 0.6127731402147073 0.6598214199665738 0.6029387852377628 0.6303291914436434 0.6482846056298828 0.6943268340756241 0.6855566220960776 0.7213815270107569 0.670582815925883 0.6600352868153758 0.6684987762906491 0.6004157848172917 0.6343330763594933 0.6045495156167165 0.6046055567983322 0.5618428293465033 0.5717673644594554 0.5873679814172449 0.5856986697880384 0.6220347939218195 0.5794520140536517 0.5874413070797089 0.5758261614350175 0.6234978469969006 0.6251253279300362 0.6243675316054402 0.5724488736544918 0.5642872495933657 0.552628182289595 0.5722703891688269 0.545899162568692
0.48875070503337936 0.49741501780528485 0.47585602581673553 0.460590163854137 0.47971405140645645 0.49702444072968954 0.5223961175735881 0.5343869498773848 0.5872623545725525 0.6332187975592163 0.6147968582341684 0.6420217177847897 0.631259096432683 0.6555071459147601 0.6357819693708827 0.6390107219770865 0.73071820301234 0.7024699321265727 0.6849010505287433 0.7181227382904136 0.6960489101357434 0.6699500945079072 0.6409398346978635 0.6639339139893711 0.6474772024441442 0.5956485690390059 0.6161154999585482 0.6113021887380585 0.576129002673818 0.5655195494356124 0.5876102552068043 0.6298882364029941 0.6278816048172523 0.6110653963280681 0.602913318778483 0.635839661177193 0.6055533832647351 0.6033785221035983 0.5576186293091056 0.5363462712008402 0.5389987724148418 0.5302791293664916 0.5428861868290104
0.481790380240308 0.44073774174470115 0.46835048368050347 0.45960400795580747 0.5131531084609708 0.496372322882862 0.4885192152094474 0.5348931439464214 0.5956017924706001 0.6296829982857126 0.6680393384142945 0.6510255042561461 0.6684455360236542 0.667795173104762 0.677824897409392 0.6817918830989004 0.6723998439846259 0.6887951526498776 0.6895457067691915 0.7118759515498548 0.7371306667626887 0.6760396150586142 0.6949146592686227 0.6733192602876833 0.6624588926828712 0.6242201209192476 0.622527352720493 0.5800124730387348 0.6071241048209952 0.585193078015579 0.5969694053185126 0.62114939605383 0.5859442749052413 0.5866131807875792 0.6128055855750597 0.5897432657420993 0.5990049566684292 0.5093145410982557 0.5296625500275719 0.4901792996902426 0.4790163550205845 0.4751358760831398 0.46402847039246375
0.4661769179400815 0.4405699670237371 0.4252787654867724 0.45434111022389256 0.49033492957726865 0.47024745099227444 0.458656620295883 0.4943470770804073 0.5113570684306494 0.5984898972092498 0.6788458378540967 0.6955764049168157 0.7450823959769761 0.6957971897746288 0.7496649310750085 0.6842468234975659 0.7181079659999509 0.7142674379001507 0.6912058401466089 0.704568293941328 0.7409319670492326 0.679398843411731 0.679699939419477 0.6250680574883781 0.6322622318545019 0.6031689454144078 0.5465572413424822 0.6124646060718781 0.6231519347243459 0.6273424850960856 0.6353527116612264 0.6469257524973858 0.5941300169530845 0.5983278887984939 0.6035664552885978 0.596783845040231 0.5629086184145611 0.5287707992097949 0.44166421483125184 0.4980613158114017 0.5166385459364888 0.4747448558180622 0.42710123414792406
0.47749611661362545 0.4904088462605086 0.5052998436207645 0.505106698161228 0.4959801353802982 0.4648515341965085 0.5153072244532859 0.509507358308171 0.5396961369215411 0.6139736152229716 0.6960929166330551 0.7197937290660025 0.7225189629992592 0.6924308755067645 0.6811925344244493 0.6778446312579711 0.6676291226428982 0.6961069316705174 0.7129728439655876 0.7346259124674568 0.7376666550826355 0.6618381616099787 0.6492700450024251 0.6072584594129047 0.5626929916972142 0.5602727224480074 0.5678849808659759 0.5829756630258649 0.6198507107727385 0.6660009342063442 0.6252003135843582 0.6226283611227346 0.6061257319164103 0.5898397630781647 0.5651390850670491 0.5958494320988088 0.5677060066593279 0.4989621818124314 0.45682793866280835 0.4765383375576111 0.4807891806177331 0.48601571063564414 0.4514315037471155
0.5340122224991458 0.5126355922931614 0.49043015182077687 0.5354850836544748 0.5012255791476633 0.5250504115767544 0.524974016860039 0.499002948988626 0.5300409467505091 0.6013512923948702 0.659270148378231 0.6656491620185137 0.7224999432492973 0.6922471180976232 0.640749151485166 0.6799949040344835 0.6858779856744196 0.6708529431703529 0.6944973015114987 0.7377294730320287 0.6969932625750822 0.6422008095701672 0.580036344421396 0.6068178531417461 0.564362874304692 0.5912356047977667 0.5723119683059996 0.5966184909381113 0.6878329141105343 0.6579301445020094 0.6470461740877514 0.6668379460285956 0.6659703300473522 0.6247817263811077 0.5981630016874613 0.6042001834865928 0.5926058604341362 0.5638611822903393 0.4682433038913349 0.44798863435233033 0.45284003596506145 0.4895971425079852 0.43120706713852686
0.5573679983360262 0.5443317977004521 0.4914829221019573 0.5235340971851515 0.5512252578163485 0.5344614867328861 0.510514393868346 0.5406812450294524 0.5608694163405114 0.6396380574234064 0.685903715541799 0.6676298505111221 0.7000671515281259 0.6815493436826321 0.6463349883351394 0.6302017021877171 0.6994252398643768 0.657506254688352 0.6782436613517522 0.7055296844845927 0.6640072063133707 0.5909011104580284 0.6060714697568205 0.5869985547001756 0.5514360662363865 0.5987585282578315 0.6150801815891466 0.6583484514145719 0.680567955933491 0.68364596651447 0.6562419170656232 0.6404369879145719 0.6392506202906626 0.6290246747439431 0.5857453914953911 0.5991470263149951 0.5924894434358046 0.581406976613629 0.5303193967105903 0.5155537215096835 0.5014668862610397 0.46833691004373273 0.5000874128637672
0.506893027142646 0.5561876539677211 0.5252826600350411 0.5565504625085941 0.5567254922656261 0.5781624680103796 0.5364841407111757 0.6034536660956556 0.6184073971214256 0.6161161623071205 0.655704592691234 0.6753975644450801 0.6399472401632195 0.6071870372576185 0.6124348581481994 0.6565070525433115 0.6946242243304974 0.6593716462007095 0.6835341018328576 0.6421892644910767 0.6336008599594607 0.6113840320146359 0.5605901967453589 0.5432184840643468 0.5625395803614592 0.6134020254837067 0.6622603398273229 0.6778575006184896 0.722667845886617 0.6803603650063439 0.704513027197886 0.6708696252657155 0.6316628297458549 0.6582794271284979 0.618128347325252 0.5834514835916852 0.5874758991162261 0.6163931019235088 0.5954179902961966 0.5329107667683479 0.5489640439320671 0.5348709525441258 0.5546771068440418
0.5674752370173787 0.531594872038509 0.5403141987234122 0.5766982005489294 0.6093068980570513 0.5740540350408707 0.5446381635118375 0.597258028555009 0.6085801874256157 0.6721991261371515 0.6613965457117017 0.626147018609969 0.6253340546558406 0.6162212961152959 0.6062022751082985 0.6329126218140166 0.6298894258136547 0.6465849476032063 0.6865527603498512 0.63580606094488 0.5993889550328328 0.577077153108014 0.5823102776524064 0.5425821490416826 0.5808705503170063 0.5972646162239107 0.6317346913151914 0.6594795720256545 0.6495031690454901 0.6859478844332826 0.6829858347621983 0.6198115318885966 0.6447150878253398 0.6578610190638517 0.5951842114227317 0.591497270919494 0.5635504960138092 0.6016129936485438 0.5695326835058133 0.5653375222710193 0.5510373533348712 0.48417087872558323 0.4850988807023801
0.5653593278116616 0.5757572400840106 0.6310113200380709 0.6015799161212341 0.6421232116969653 0.6001958115061332 0.5696259425915103 0.593298456742074 0.5977046860399977 0.6274468846814583 0.6883454203965506 0.6599607419664787 0.5748146082204715 0.5927876671876313 0.6067222742241565 0.627127629402822 0.6494751730622517 0.6465526637191484 0.6822290792131435 0.6824102745395486 0.6346389266916939 0.5617930875947572 0.5383539100817076 0.5763467029116005 0.5584639590330387 0.5827330105688076 0.606923111342084 0.6340143594767506 0.6592625938179384 0.6271322474144867 0.6300322906703366 0.6589717917728852 0.6364677543683553 0.6030118316535642 0.6199154482869634 0.6099347069817229 0.5693574925558746 0.557862263540255 0.5331825954767985 0.533849849708511 0.4882564525869411 0.5116214434229792 0.4734826875293626
0.5751106761159943 0.6468863750502947 0.6634674380415 0.6488525458028541 0.6181278916100461 0.6300940908062048 0.5997441628482789 0.6198479224240565 0.6093300816137228 0.6448668205278199 0.683197196396071 0.6631270377143768 0.6051963868292203 0.5931970947494224 0.6019368855579991 0.5998952327553323 0.5903225551702692 0.6678655859034228 0.6783710245831133 0.6480904656925501 0.6419006679731617 0.6020380663929803 0.5686210252225941 0.5435474990553837 0.5541737395191819 0.606798197306786 0.6297784928353235 0.6050116869382736 0.6241682751776879 0.6152241123806135 0.5899994533765824 0.6383994684624826 0.6471236218234993 0.6138584830071594 0.5732464452488317 0.5813277471809639 0.564520529667556 0.5291554806972283 0.5503137072454339 0.5239941405497061 0.5070929265629267 0.48480057471903537 0.4522666077190584
0.6151333270637102 0.6831354722862365 0.6908196498500648 0.6835743379550382 0.619033168898434 0.6325941914968489 0.6906538366550442 0.6924026135137122 0.6755202174811935 0.6534738962263924 0.710713732036654 0.6708631959159341 0.6390639923230673 0.5887039156602566 0.5185578382637351 0.5305745379040571 0.5719772338383741 0.6108520721162043 0.6749380421602497 0.6287676472778806 0.615897059586617 0.5554407836959088 0.5368507249218781 0.560881911379732 0.5815371069611084 0.6144473753204011 0.6371611498448221 0.59866216687672 0.5910673076578811 0.5744798166174407 0.5746643922026898 0.5573328617514867 0.5957694172850756 0.5294848113916893 0.5146350907374604 0.5384833237906744 0.5003142067784149 0.5004636854361786 0.5600453672720228 0.5152201815129375 0.5478448018129647 0.5182506900217337 0.4372932538007126
0.6557437598569178 0.6816751837251884 0.6677221918200972 0.6794316767959026 0.6380961055630658 0.6590622715937153 0.6777864664813894 0.6869902422667589 0.6692331295218062 0.6574559072581487 0.6515061320105822 0.6396754034201586 0.5905228798278825 0.5744486942049175 0.5100508303519943 0.529652668031661 0.5788965608944209 0.62151867799292 0.6030215114446698 0.648298421679254 0.6190850804512648 0.570613198354585 0.5519698514469353 0.5402009107082888 0.5367039286376531 0.5595807951385345 0.5662101589645844 0.5692937331247464 0.5788498565661055 0.5865322976147193 0.5456359914160328 0.5193320667904099 0.5564775153191545 0.5061142452761737 0.5003941848608714 0.49599610302687674 0.48890361920708386 0.5374695708480376 0.5759211343514545 0.5473058883390041 0.49923421682868313 0.4756100807495499 0.454242815818007
0.6863468125589827 0.6650351202028604 0.7081775828800617 0.6940886344446862 0.6634361686442052 0.6595198377607315 0.6560246991826363 0.7024217144981286 0.6438013949600064 0.6516434208655986 0.5959668782976119 0.6388261009687636 0.6092622117489235 0.5985572341090973 0.540343392942748 0.5566574868537844 0.6024265636051379 0.5941381560267242 0.5966114999789554 0.6366968882879153 0.6021607083235775 0.5904745527261078 0.5153763841493298 0.5690805259636099 0.5410727694941477 0.5563419337325441 0.5884975996652939 0.5621430633808074 0.5626847086692178 0.551517848601582 0.4943870924207776 0.49780831444361384 0.5177178785830716 0.4743461046256994 0.5119319236108373 0.48384259429262017 0.5170938676245006 0.5072971488741936 0.5600947729729638 0.5494022773464684 0.5210078087327158 0.5192543818806687 0.5032415384590416
0.6736508313830898 0.6980762516032598 0.7210359515984224 0.7016048532372287 0.6509260262091922 0.6838739877593433 0.6611575024839133 0.7038401442361011 0.6902476816206652 0.6638143380825806 0.6320364333838837 0.6138905058274418 0.6213365528194054 0.5422959777614718 0.4978755672722526 0.5175393903953746 0.5615575111276309 0.5987583261759413 0.632582139757623 0.6170685022306613 0.5897942766028481 0.5896737980884369 0.5355898022752554 0.5523990382740757 0.5641692763214209 0.5587808136013008 0.53887687508288 0.5606959794299428 0.5065388575005049 0.495165530100289 0.446651952243619 0.4490293599409247 0.46484377249090214 0.47432088786496623 0.5263583051860273 0.5122329756563468 0.519181467606707 0.5033812634930902 0.48837311312719495 0.49699568089335133 0.46256709448268174 0.4893931291235852 0.47855776122350424
0.6567544742972838 0.7265156539401926 0.7393457656983567 0.7093294840014777 0.6695994981353958 0.7158683191189367 0.7071521224896987 0.7037617106188249 0.6891004265333289 0.681894356122363 0.609244225797383 0.6471628704775102 0.6143649657771864 0.5538504135605258 0.5092903912367698 0.5277461880972437 0.5207001756382567 0.5549122827631546 0.5924218423289151 0.6272732524947809 0.6308787257935351 0.584775707561765 0.5785776289971893 0.5729821796369207 0.5404628644311258 0.5379848570893345 0.5578266552269213 0.49466518103397383 0.46021317841838116 0.4664228683535235 0.4014763510715112 0.4631978423727544 0.48479180994793464 0.49795685334486733 0.5113964186623444 0.5017243427249066 0.4535071055132265 0.496226134746207 0.5203116135287639 0.47083941547381836 0.43553760868125163 0.44650386166988926 0.4637951028770271
0.6804734138445698 0.6936229373048552 0.7428902360778061 0.7192977309989359 0.6930385463634287 0.7306805233324982 0.7396433819896916 0.7139575355023011 0.7057593017233936 0.6637869936969776 0.6657892079808205 0.6488154899566337 0.5817404590166456 0.5611278664438883 0.5329554981703557 0.4994185821789563 0.538098340887443 0.5754522324850122 0.5602190696793395 0.5972654566193019 0.5935019059075559 0.5880541157051576 0.6044127438946599 0.5809949354040774 0.5423414764094318 0.5270975503411719 0.4850916153986351 0.4825514447347488 0.4736777016711253 0.45503394577083645 0.4217106469045087 0.4163140226507974 0.4796926556394841 0.47014436850369223 0.44391983423543185 0.43658516793619623 0.42580293964563143 0.4542214033878113 0.4618031734305541 0.4068647847076821 0.4117670079192959 0.4507296908984677 0.45771896129604117
0.6380849771790787 0.6658187570637922 0.7161254140236747 0.7309292439572791 0.7502746606628334 0.7002607258458328 0.752028748762511 0.7444441749637084 0.712793684935101 0.656609893977536 0.6357384812416945 0.6615029179927532 0.6127208426932164 0.5476717909240126 0.5010057936087108 0.508341702219831 0.5314458236890909 0.5355008045499104 0.5868359332647649 0.5618910009451444 0.5538364553160378 0.5537568158425986 0.5796727179040307 0.5397271086405427 0.5444494331942641 0.4828783351879751 0.45378700300673463 0.4759761148453004 0.4327279642542429 0.420543844578223 0.4084801030447162 0.4290267654555938 0.4534939538876928 0.41962838821707266 0.42562452915219895 0.4384948830237597 0.4356081124316296 0.4086416855494361 0.3588444422590746 0.39142022554989525 0.36369098364673375 0.4293098523663547 0.45009823462386483
