Raster_benchmarking/continuous/raster-344.asc
NCOLS 100
NROWS 100
XLLCORNER 1743157.3779827505
YLLCORNER 5469281.669357743
CELLSIZE 10
NODATA_VALUE -9999
[rows 0 to 18 of 100, columns 0 to 42 of 100]
0.4228725271139492 0.4502403897197223 0.4377392219798939 0.4416265291986754 0.4698546121528407 0.49888557529655886 0.5123996050169923 0.4959207878882088 0.5074303745014295 0.503120009477982 0.5147066175006567 0.5703194657074253 0.5433429460733887 0.5663024126200261 0.5516638253812655 0.5523562964775411 0.5866002725494114 0.5926595973172082 0.6086529235701169 0.6086409080094773 0.650450853818075 0.6630797748321738 0.6111931782161613 0.6206637822665009 0.6467776168189071 0.6602204937760635 0.6405978413145118 0.6803177738042344 0.6765159509894294 0.7052501393745306 0.6633649372009863 0.6184367287879642 0.6053828295333317 0.5930558951789452 0.6362226777639758 0.6457536264408993 0.6716750085087716 0.678145654676738 0.5877587684062072 0.5471360939145314 0.5466175497896113 0.49872251997224537 0.5354741198939627
0.44390842020268634 0.44651257032942976 0.47538709290783526 0.4797881321466089 0.45864491798135915 0.4968192635371369 0.48431285184371403 0.49846009449148637 0.5294650083007114 0.529403813289701 0.526775253443897 0.5503822453529511 0.5740016715166948 0.5976965788713579 0.5838519332697526 0.5677134508670609 0.5593708037466946 0.5869767960865999 0.6089357560006835 0.5923745999439142 0.6387478259554722 0.6291974361499622 0.6264785300184706 0.6030637551754785 0.623726105445306 0.6271831796557463 0.6427137993589114 0.6367488687794929 0.6713263980870556 0.6487284850650124 0.6559119300725715 0.6307647851585291 0.6149342467457417 0.6285175813492024 0.6223460942119288 0.641994904864227 0.6686841433877502 0.6683503181919127 0.6222827132251147 0.5879182356758971 0.5503705933462563 0.5349528573874917 0.5449218189318394
0.4505369675995083 0.4460794547582163 0.4526449014215731 0.48116902931537203 0.501794233767721 0.481681049192181 0.48682404977165017 0.5040981696129653 0.49981350890882553 0.5360832811236952 0.5502286374917583 0.5625647039933112 0.5938725288710731 0.5953335381625948 0.5965610147699202 0.5785911445722836 0.5572240091924578 0.5974493333329199 0.594380302033589 0.5757908709619811 0.6203088870958225 0.6438141655468134 0.6317065985804851 0.622447116363022 0.6471103019376518 0.6337578212207718 0.6372891060522099 0.6398599468860874 0.6470469081435445 0.6398043425018447 0.6288044422924688 0.6604786058527938 0.6146363656354886 0.6005105676407323 0.5978660929039025 0.6067188290322835 0.6341632501489696 0.6575769242043704 0.6066361091391392 0.5946233771145444 0.5708296689479558 0.5727810635665193 0.5574459514408308
0.41246798430567905 0.4064634530943591 0.44041304129529923 0.4899683710031175 0.5112849554338371 0.5279487808460998 0.507807332621616 0.5057444662066272 0.5046024192512607 0.5078048299983383 0.5502467536101734 0.5744978025899822 0.5975029838488882 0.5881248388018512 0.6103597987708865 0.5893244283095393 0.5739455002456898 0.5659893457307437 0.5838475820004734 0.584384665198363 0.626009401216193 0.6079285498409666 0.6244365972387228 0.6415543661894066 0.6462695617967531 0.6416196424278521 0.6440194608639325 0.6609859626538869 0.628496215441155 0.6472914530871234 0.633237434187868 0.6462446648171919 0.6176508884901982 0.6185570813712712 0.6148460258882253 0.6117572688732216 0.6087714607967789 0.6379601791665662 0.6155411596379229 0.5720929683221693 0.5638338537077205 0.5784486973447961 0.5423178673524566
0.38601136885894505 0.3750637359889488 0.40392484763441877 0.4671719494710211 0.5078356204046193 0.5309873622761141 0.49394614676533544 0.5058381919631465 0.505291312399755 0.5103169091091522 0.5218220793897917 0.5807016403794448 0.6084194310140031 0.609811136128157 0.6173817586332848 0.5868571910025245 0.5817201041971208 0.5742784699939458 0.5788305322578277 0.576364329156824 0.628831149056103 0.6239341087001378 0.6067676305648821 0.6155408274588527 0.6251979464964609 0.6603307438269536 0.6428233267273298 0.6765477426927434 0.6521758026402094 0.6482193287815564 0.6234361773314776 0.6400253103906082 0.6277837289375304 0.5955611585281475 0.5984702444880021 0.5660506980234777 0.6208130293027034 0.6329992766006246 0.6137006001932807 0.5957043368394416 0.5718367923562981 0.5447019570987399 0.5408450307803705
0.3539901613224506 0.40072951672369117 0.41132041509409123 0.44811835953507534 0.4811947225728403 0.5040091868800737 0.5184146198394267 0.49555486338645743 0.5176835843595389 0.5253671526911351 0.5194734174157989 0.5726451743909836 0.563968626427707 0.5991468879782534 0.5836491552990732 0.5717266766729027 0.5860871300302517 0.5724802288446633 0.5759841827253603 0.5741789852007956 0.6174828662244188 0.6149483783002949 0.6130092898035119 0.6502035451726842 0.6560124100223254 0.6537532130111742 0.6448507842481953 0.6246893928540213 0.6322095990527321 0.6329313344923285 0.6419552453534675 0.6281269464269099 0.577233915538084 0.5743200862840394 0.5510397363884678 0.5398711409325935 0.5873906799858439 0.5828692645577002 0.5899269742409908 0.5849865599038131 0.5552210860071878 0.5452160072032711 0.5311276020440844
0.3675348404088769 0.39417797633501056 0.4341529795253428 0.4809241635446217 0.4838765003337214 0.49498616553886876 0.47662526680128864 0.47596257306371703 0.4871167955080781 0.48543361648230954 0.5048903214335849 0.5358663757277606 0.5594585782600865 0.5758247918457169 0.6168363386772432 0.6184935584517673 0.598628216860776 0.5695563510864509 0.5692247352134902 0.5531225173061345 0.5984386811345149 0.6289474729855924 0.6424702444650091 0.6277051999237911 0.6571234033029383 0.6683972054596485 0.642505188166138 0.6209543124641939 0.594589451681292 0.6132953204453847 0.610211306951712 0.5771092249801073 0.5483325926483199 0.5743797867672024 0.5281829512255384 0.5375528758750656 0.5439694388465858 0.5526979952074975 0.5218892277135755 0.5284120637894865 0.5202701584479674 0.4814735162741258 0.4891856424621293
0.40143386090556915 0.4310889703065341 0.4462851579571394 0.4688786315063473 0.45954752995854065 0.5048036775225051 0.4974861454004609 0.4983167500904116 0.49805670153961523 0.5135565297091645 0.5311521114692381 0.553349954181724 0.5894252338761392 0.6000382552127981 0.6013248856611594 0.5955455763166917 0.5613502629052701 0.5453258634187469 0.5535338052906181 0.5610611667914553 0.5577167654932111 0.5908865790242833 0.6073661459678498 0.598955043802891 0.6115036899499078 0.6229952302949484 0.6262330829140642 0.574917851233491 0.5753041213835424 0.5534079260060096 0.5377635081697444 0.52146757593529 0.5499158835043735 0.523943957184313 0.5162119915854122 0.52702401617595 0.5189240123306199 0.49879748269580765 0.5075996984350669 0.48716743718770483 0.5083699948286592 0.4941187099464316 0.49144364072997365
0.4209470521627011 0.3941614884314879 0.42048996896154156 0.4633420712585786 0.4829150312949775 0.4743295640243345 0.49649920745758563 0.4750452736619272 0.48334992887097505 0.4966586439455758 0.5486677972177068 0.5852503667208714 0.5875803819184681 0.58571239824198 0.5692154567065071 0.5601592437805508 0.563931961206504 0.5820248004517077 0.548627076249656 0.5465411299011113 0.5606905950616904 0.5613586521136198 0.5702624452485878 0.5926687495116796 0.5805997579082735 0.6126575761267117 0.6091889576376114 0.5456354250083855 0.5459893172691845 0.503937199549844 0.5035864138692739 0.5055767026620683 0.5013822872471114 0.5000164634275146 0.5233102690893205 0.5153403167504219 0.4975242398409927 0.4893833587310109 0.48559496649782075 0.45831536808650214 0.4914723177188414 0.4859032808522526 0.4440770176292284
0.4320803631672306 0.4532893725596643 0.45369711620965425 0.45050758013844727 0.46730517122589826 0.47567577772041253 0.5128273892154078 0.48965685464260167 0.5085711353055632 0.5357013456838676 0.5580781634295381 0.5838586940448243 0.5857303611759054 0.5846001231178548 0.5851399476164042 0.5839772212488313 0.5619362711807133 0.5641664880230396 0.5628521161732959 0.5833125588308682 0.5617382927844233 0.5283249962511136 0.565243415690472 0.5472942518535303 0.5795727382358681 0.5788873635803772 0.5580204617556087 0.5598033530100557 0.5155713742131698 0.5211959014466373 0.4847711360831814 0.46723130984871375 0.4926961056448511 0.5154926971681754 0.49236477756502267 0.48780647872589644 0.4804862714546526 0.49855006698128174 0.46486714756130004 0.4568716355331995 0.46653547671132894 0.4619595283476433 0.4087889028461319
0.4704394247921115 0.4577203570049202 0.4543885721712977 0.4634432772539743 0.4725519560015531 0.4753181567408918 0.5037951186129278 0.5525374515175869 0.5401472910948815 0.5259480605293217 0.5387960824015848 0.5739602702802515 0.5943119205458168 0.6074324825068066 0.5998131221671746 0.6118195534467328 0.5759681344799781 0.5539195282930961 0.5538789362241026 0.5687020094966321 0.5189117305789223 0.5165423235269851 0.5195634285703649 0.5331643007820116 0.5277708692086603 0.5434380244716752 0.5293035705440622 0.5328947270779503 0.5394622769899393 0.5289794830634811 0.5098032106375276 0.4772080392541456 0.48834181100474355 0.5360182391375159 0.5116686875304548 0.4918270383139999 0.5119176409047494 0.5118721551337013 0.47361853624284317 0.463063162657592 0.4519209165892293 0.42319545263681224 0.3778808529056162
0.47073561250554846 0.46590300800235723 0.4975853022825113 0.47884777893044983 0.49682554558182085 0.5227849113768269 0.5352403077766236 0.5306085773667514 0.5342083721881701 0.5585815225221693 0.5473493097154751 0.5709463596032539 0.6044925708731105 0.6140384111239099 0.5978385137155029 0.5755717801053195 0.5593236924571973 0.5498421635015505 0.550587819182814 0.5254384825916115 0.5048855658306226 0.5035785136440817 0.519310463603784 0.5156232603367105 0.49598356209165456 0.5180800067643948 0.5499988759361191 0.5546226717190907 0.5388374262833673 0.520537692814847 0.5231605018732598 0.5037842580986642 0.5228982407519775 0.5144274998213385 0.48179293490297875 0.4541672190433372 0.49544899818619137 0.49312715300471766 0.43560588473362444 0.41448774236088076 0.4052330711555418 0.3937065670737699 0.3594642668051914
0.4700442512518091 0.5010421169803747 0.48773074759404705 0.507338863091419 0.5243988834724794 0.5302271090762058 0.5484400309088077 0.5757598966836431 0.5580196607969972 0.5760628242467519 0.5572594887316009 0.548293461704428 0.6090518271859526 0.6167200046613887 0.5835601324337338 0.6035720101187289 0.5520204852619763 0.5610720407257718 0.5199110986439465 0.5172053683506626 0.48897576238143226 0.44656653406822466 0.4909075935144965 0.49556576599029845 0.47652732314202656 0.4972555300617224 0.5226585908135417 0.5427664913469762 0.5291910348760804 0.5199412558526981 0.5004838184604655 0.5037325149583962 0.5023829548931547 0.5178856832028633 0.47083925377606434 0.44154144083624186 0.4637438596015846 0.4479638558148802 0.4094301756974371 0.3715110570503798 0.36913052390452156 0.3405606218287889 0.3390459400394099
0.4588658041381519 0.5003374328058382 0.49015314338280114 0.52333034695692 0.5482685025497352 0.5620030037416195 0.5738566364631067 0.573908024237996 0.5786816302884249 0.6035586405020671 0.5888213828542023 0.5837438144543534 0.6020787559665287 0.619124250172778 0.5698723107142757 0.5412909048720188 0.5471250409221567 0.5334037099975787 0.5193094903599034 0.4784493573849575 0.48487305938700104 0.4602478936818268 0.48731851964203604 0.4876062094789158 0.47488698174674 0.5149210146184394 0.5146705952330837 0.563358935581251 0.5573522212970815 0.5604826140029244 0.5259041422289611 0.5248214565021043 0.47534162332712376 0.49230742899308133 0.44411943963696693 0.4567571462940404 0.44740672952414406 0.460605573768488 0.418703966897094 0.3858266001720239 0.37833126007471907 0.33255584586155 0.3349714980785019
0.4322627924914274 0.473980353881079 0.497156075857484 0.5473509314794739 0.5629234883836718 0.5467568217681408 0.5760617335232878 0.6139442989389591 0.5871177606952777 0.6025743064582243 0.6118643027377499 0.5812090604477808 0.5873137874237088 0.5942417605131578 0.5774961934282906 0.5183233881497106 0.5178226636446144 0.480211264779453 0.504735964498358 0.46587387190936935 0.46068672504366187 0.46471352405929434 0.461595929470118 0.47214780926421374 0.5085986148755183 0.5089407723162308 0.5487846136187665 0.5562729522557622 0.5578292547482795 0.5565992192853234 0.5249929858765687 0.5039769861034377 0.49687821036676344 0.4424507125580226 0.44319178818578 0.442917431909421 0.4459965488730112 0.44766910922093783 0.40551706325766396 0.3837040519579823 0.3711089826778689 0.3584792751343392 0.3323151334248083
0.41395777695576735 0.500175185542621 0.5307464891230899 0.5262724840193197 0.5584138346055292 0.60460354830682 0.6277790069946675 0.6081002982092133 0.6249822085209298 0.6202396873502825 0.6084257361452545 0.5670879556955111 0.5597900063591404 0.5640161280501081 0.5457559087367803 0.5122379380583273 0.49393144927988486 0.4865028599479061 0.4839255406026596 0.4853470274357 0.46852304716456206 0.4691902214757408 0.44174902746236444 0.4878100698496365 0.5170457042725939 0.5399096099121701 0.5290514870104939 0.5504018045959367 0.5411373572806805 0.5641272267554346 0.5348755322155178 0.4964890903657425 0.4887976288527959 0.4359756247620847 0.3996855437416691 0.4106034083896009 0.4089197737877075 0.4211087213424136 0.4105853221845501 0.36322669995075896 0.36482097902526606 0.3601120329503457 0.35386885314853506
0.4448520692118149 0.49233605877619785 0.5265040362762957 0.5327866012212817 0.5625962977272599 0.6313209253300528 0.6307981994509128 0.6339114085089133 0.6283859378276058 0.5802025780034925 0.6037856232581043 0.5815534932536817 0.5475946832233816 0.5427786506709457 0.503089680369603 0.5113151143925003 0.4999641700725425 0.44525064904605904 0.47249730355321967 0.4612167968335128 0.467834517026158 0.431181865357165 0.42595369415047485 0.45923159679348335 0.5326455507198457 0.5617712833893359 0.530857368732493 0.5245362764461005 0.5103028241416367 0.5318376199747158 0.5400080642429276 0.5118362886209381 0.47501293277782314 0.42019788639544214 0.3899783647603746 0.374638097494556 0.40303446978886953 0.37096913018256106 0.37629549727237144 0.3846653495900844 0.41269527258671573 0.42354264142129006 0.3708484870880807
0.4440092632098991 0.48443906507130374 0.5179558474545161 0.5067884624342105 0.5639865491931496 0.591340294277549 0.6146014652096577 0.593935357930715 0.6165704471853437 0.5700483191560833 0.5831050783417195 0.5531735841707077 0.5505011135642085 0.530933602780841 0.4881673173096572 0.46528054624566556 0.459329801159136 0.44476194339894676 0.43891605367870723 0.43989621729271444 0.4200888469025491 0.4709188025541207 0.4605685342134023 0.47125114632500376 0.5111546016901499 0.5500706988812973 0.5448260936135862 0.512177346175616 0.5122120863720262 0.4959804495077514 0.5194300653672127 0.47726103851051394 0.46081255251155007 0.4275754989764555 0.3973612145903492 0.41208977575515626 0.4037288828931779 0.38571715090840686 0.4180998102525336 0.3888809706618638 0.41283435972752314 0.39364808279742164 0.38605734216047066
0.44755576232618877 0.46885937679528183 0.48717783511597745 0.496375346152187 0.5448501387647264 0.524661317289791 0.5432313976372505 0.5789753867827694 0.5769533823022156 0.5877831641415743 0.5754221365739992 0.533458753477082 0.524825664598842 0.49059673390307357 0.44535151665138334 0.42247883321146645 0.4269445272688597 0.44049669738397845 0.4089296964620232 0.3995027053702689 0.4228555542605241 0.4799136580336042 0.47427019778472845 0.47517851959655133 0.4911906249451799 0.5231664988867896 0.5228766109147316 0.5509756270637213 0.5163160005266516 0.5112802877029894 0.5036133648623616 0.4597598225775729 0.4267192059697085 0.43444528565850804 0.41080818730462937 0.4141754687663846 0.4395399986280288 0.43840148503191423 0.4048420021082388 0.39982222394922806 0.39127640697534266 0.41170058279605787 0.422199477109366
