Raster_benchmarking/continuous/raster-190.asc
NCOLS 100
NROWS 100
XLLCORNER 1743163.2391981096
YLLCORNER 5469296.1707609035
CELLSIZE 10
NODATA_VALUE -9999
[rows 38 to 56 of 100, columns 0 to 42 of 100]
0.48291171297031105 0.4942660163971294 0.5034193052386486 0.537023168586143 0.5474275773509262 0.5550930072685673 0.5981829489607717 0.6872369963998328 0.7195126052824039 0.7310115472008433 0.7895292086952477 0.782508686674341 0.8265320801211121 0.8059797782215107 0.8104450024622282 0.8720340204632818 0.8691315331182491 0.8442805864186252 0.857207409260135 0.8334765009273204 0.8187744918863791 0.8469014838697524 0.8062798893002829 0.7918159360619946 0.7797286563299546 0.7675660818453288 0.8145871284425906 0.8348750351398145 0.8888191625363296 0.8831012471988637 0.8452058113684484 0.8062391448561398 0.8049311700234335 0.7628240175134626 0.7514781229887381 0.771085664976652 0.7605521920374001 0.762875998192533 0.7642493331426436 0.7254077863917157 0.7391202460591798 0.7159804890485977 0.6903532783978328
0.4768832356866079 0.5149213890577542 0.5079722748133135 0.5483414282388686 0.5708777451291127 0.5623890383736974 0.6023491918891368 0.6999033466669816 0.7656999021226196 0.7792409445356419 0.7620737762128147 0.8280308408695144 0.8157132759637751 0.8180206449609289 0.805742837927457 0.7920278955755883 0.8478940400767185 0.8541051228022184 0.8524974395982214 0.8092301448725695 0.8206278934008292 0.8386301123294807 0.8386834723210538 0.7871166309297125 0.7876690256194636 0.7828318807241073 0.8296339381284439 0.8591717150832965 0.8563584654137802 0.8932213701536099 0.8258626591726796 0.826639219418126 0.8111423240438208 0.7278538486209286 0.719186351180706 0.7258911369827006 0.735396722785115 0.7546314461739659 0.7437685546038529 0.7419110502557048 0.6886809572130388 0.6941552121395986 0.662445222278064
0.5033080026727174 0.5466376226620003 0.5610513983136546 0.5364217270940594 0.5827504888255344 0.5686961378010014 0.6494323588134963 0.6727809294027909 0.740150483831818 0.7738133343445917 0.7744408808211295 0.786960402959832 0.8174888913879741 0.8386410738575859 0.8304183513194126 0.8461727539765155 0.8333227792965434 0.8418319958299239 0.875746293926763 0.8772810382381823 0.8347788622754584 0.825355265235195 0.7988394480694728 0.7728414664837221 0.7614030077848486 0.7602937215893489 0.8067107733444113 0.8117750748012668 0.8396552420800233 0.8326809618826024 0.8276921889847375 0.802983438200723 0.777416028640642 0.7415075285519824 0.7428962307279291 0.7596607733768782 0.7293290553187184 0.7019642575156105 0.7045083774105377 0.7074575468501682 0.6684043870707531 0.6757379482503204 0.6296383891345432
0.5185539671834533 0.5389626891030568 0.5753016057082682 0.5737511969950353 0.5699563746897992 0.5966352738857297 0.6390429448407325 0.7150830099860754 0.7103433800097602 0.7411434488745644 0.800541949657826 0.8572071001840555 0.800594516764859 0.8290463147638871 0.8339882660099579 0.8133749831105319 0.836462903763342 0.8865878578751722 0.873384794764038 0.8881365741077947 0.8138990851973799 0.790816875152065 0.7636814898107089 0.7635039597132885 0.7376691988259461 0.75419397617249 0.7676772565457568 0.8245076465788617 0.8173885164925587 0.8012507609494314 0.8203767594490782 0.7748527988458268 0.7721931890361833 0.7448034830416913 0.7699495636054207 0.7486921128219713 0.7092551907461627 0.6885554447216404 0.6520622071905883 0.6145568455877615 0.5883946538263913 0.5895259943811167 0.6045154723354216
0.5608399090833431 0.5630104166959572 0.5710920165969682 0.5921661462907235 0.6049821830118728 0.6346715996225802 0.6286701248143546 0.6771559924425847 0.7107936424207648 0.7360376161453726 0.7984072138277234 0.8401480958231949 0.8074780692287958 0.8094606154629024 0.8138460478171226 0.8502813563918598 0.8333032774654531 0.8911848721079713 0.8521073165392165 0.878655601676602 0.8537722642781382 0.7776615668091534 0.7990516709233012 0.7825580306550715 0.760615133051091 0.7752085559621489 0.8050915864055599 0.8418323726577939 0.8456823089705979 0.8374355618011545 0.7786546565755027 0.7643137410333358 0.7911444305525027 0.7681867657783289 0.7724917332312634 0.7189604184348609 0.6815594810010968 0.6756119744229685 0.6517485033985674 0.6400338330227049 0.5831590858885953 0.6235298504142798 0.6156539198588127
0.5512366753292088 0.5466966136576104 0.5435143846723558 0.5848639733286551 0.5754544113669839 0.5851962649864058 0.6331237519026628 0.6701134558994208 0.7432064467534585 0.7921443068513497 0.8268295662151884 0.8174075505246342 0.8393741074247861 0.8439989603268617 0.8371373742645273 0.8757914575084935 0.828880649025573 0.8847737071760109 0.8560160962069316 0.8549131490512968 0.8056253892477614 0.7796336501709787 0.7830101797131482 0.8002758159376879 0.8006240565742015 0.8312603936116165 0.8221350328283695 0.8453753838159825 0.829248152743187 0.7960223509523111 0.8145466748270116 0.799932936216323 0.8157744114025132 0.8197704477417517 0.7542076129701267 0.6689682212604752 0.6752084328256338 0.6088641402113892 0.6020291745149334 0.6303064139498537 0.6044174079127618 0.589523371492223 0.610255320242451
0.5789724904408143 0.5453966585774965 0.5800361767456851 0.6171733580486715 0.583955468497415 0.6310922882766222 0.6253377989679737 0.6829176858488244 0.7355133512064823 0.7799330422945703 0.8034789998148526 0.826785654826002 0.850234103325181 0.8458352501975522 0.8512261131939599 0.7967835460937642 0.8027768818740224 0.7993191404543392 0.8484146663023474 0.8370095425388521 0.8579218181720503 0.8435042994054003 0.7985380609353743 0.8030864427574478 0.7944016975341411 0.8568217584512811 0.8632804622291103 0.8136291569300982 0.8396898651858854 0.8363609291918338 0.8333092141826844 0.8512556592189923 0.8393308803777237 0.8068254201482792 0.7261187407289107 0.6874271965285607 0.6121673414105047 0.5868214549688406 0.6260428508220519 0.5913704077010278 0.5884826950255606 0.5584221829308775 0.5869316548603261
0.63147818246509 0.5919303090202375 0.6278310437482509 0.5975461684378378 0.5953541037937522 0.6113781983936337 0.6692031998237399 0.7283264435361385 0.785260557459038 0.7970495283569844 0.8107217158354361 0.8388056815272149 0.7964047449834077 0.7939721285134299 0.8234954433666094 0.7853750979633464 0.7675062732144936 0.7683610331693626 0.8177292208572395 0.8401020693074263 0.8840086093745542 0.8617603722157593 0.8551977221676913 0.8282035907588413 0.8096361294848694 0.8402230263059055 0.8480618435264945 0.8268079673910103 0.8249119387254872 0.7922407022165486 0.8483950961444733 0.8446134525217284 0.8086513324983309 0.8356048421045098 0.7423114414026659 0.6789041065174054 0.6417647997310009 0.599729030875424 0.6336449574323616 0.6415635530535826 0.6102196455094585 0.5821531001797189 0.5687289894228743
0.6630650304812817 0.6183951189806005 0.665152526983791 0.6715695371590269 0.6837569137723204 0.6677598449577336 0.6998103452129539 0.7779125924140671 0.8091119691504111 0.8377477512855452 0.8558749199276272 0.825139062377233 0.7764557454635933 0.7546654128002983 0.7830927355597791 0.757175075757756 0.7883276436266133 0.7745818885761739 0.789985030053516 0.8140761354686764 0.8744931299593756 0.8457007422776414 0.8751193814439034 0.8448176576664577 0.8870934274633203 0.8884422291072451 0.834024264755416 0.8049267294067353 0.85338080609427 0.8347753876775792 0.8057886523322566 0.8059256928200698 0.8135916122238243 0.7933282864058416 0.7494586800825026 0.6730487492797066 0.6276399071796782 0.5783065176355274 0.5944453815867308 0.5926933915399032 0.5890309484890229 0.6094030266350012 0.575844181505288
0.7171242279197183 0.6653665166028179 0.67669675646028 0.6864971813945383 0.6794557974196987 0.7231321202770157 0.7748730018889219 0.7803532679556305 0.8157279350190106 0.8353738324288159 0.8600156231789405 0.8500120820985121 0.7908365745639119 0.7042281911564743 0.7602591805067708 0.7847517006519328 0.7637813352614378 0.7440792273538914 0.7884310354808158 0.8063227219604229 0.839056666404967 0.8819522941447839 0.8551412652694992 0.9161211493453801 0.8919057457124772 0.9426642111890474 0.8358349850420252 0.8346554308041451 0.9025537225764604 0.9112150110078193 0.8069869935927668 0.7893308556818301 0.7658900637479924 0.8035925109770315 0.7120229503441833 0.7019637732502264 0.624412987490539 0.5876705433199103 0.6063730047772768 0.5853917469715664 0.596787583764724 0.6078964735304887 0.589313828079092
0.7380041318405086 0.6990238302640878 0.721343512613857 0.7384653687153965 0.724016672997719 0.740067095832396 0.7707371658753022 0.7461953103510355 0.7570727581705969 0.7964072848178901 0.8394937363053866 0.8204821244800578 0.7759162938002203 0.7475725031232702 0.7336709965926255 0.7510214981288568 0.7891193961389084 0.740862588166507 0.7720704652869701 0.7966447599816959 0.8325663238705003 0.8468408749492996 0.876051043219884 0.9197388424800901 0.9187182127498416 0.8546354843885249 0.8368737282132158 0.8646826765228797 0.8903788289648953 0.8796133906799725 0.8389964262111673 0.7877874726595232 0.7791415145120885 0.7654610659701983 0.7076201329751586 0.6468808654268867 0.6505316927820841 0.6309932683919189 0.6408506120210204 0.6279992516838058 0.5955506049418888 0.6272941170892794 0.6081431414789763
0.7451082938160658 0.7331565263787271 0.7604374223640677 0.7952598386471154 0.7713921040069331 0.7210863003813817 0.7535035977818585 0.7404594774844322 0.7646887488683434 0.7859888066020804 0.8005976173745762 0.8378607675072941 0.7539247097567897 0.727436469512118 0.7442695164704247 0.7688253103382854 0.77160908941955 0.7786045706258805 0.7862315184955491 0.8220654582329509 0.8781755133741731 0.8936644284211271 0.8646358635573325 0.8905576861448413 0.8516361851792849 0.8284320797548356 0.8147694530722907 0.8687414120182954 0.8784871165434622 0.8587115378804648 0.769719714897042 0.7353584452228952 0.7160186600360866 0.7289051416804107 0.6823407750466574 0.6093622413786969 0.6103417203409416 0.644398073918226 0.6393950097134864 0.6252779905236565 0.6264876363575684 0.6841038403674112 0.6898986007836374
0.7960560508157797 0.764718037053307 0.7613161142213734 0.7539055384829817 0.7563115973443278 0.7333135373579268 0.7767491254869214 0.7854425668677468 0.7928536793228872 0.7949338620292125 0.8130420040565859 0.7756996904865348 0.7938536246021775 0.8029222278174514 0.7805828760485014 0.7544691168643309 0.8041797282773923 0.8158909172514784 0.8406971413167075 0.851126800521035 0.9030270012658844 0.8896407435188695 0.870647491946525 0.8588258730595079 0.8591115246665787 0.8354948033992 0.8524560650750758 0.84875371708762 0.8552906284519866 0.8235542552611329 0.7737870787308659 0.7277365242635314 0.7356170115363924 0.6774998862958651 0.6389902277540946 0.6283979515324866 0.6224689498758404 0.5951997070212136 0.5967148435605679 0.6334341597279586 0.6603063289426196 0.7002928441208197 0.6977538826701412
0.7861287855474741 0.7965865277348133 0.7745823374966933 0.7417315359384233 0.7453563472320966 0.7794112574500817 0.8038239745432743 0.8087402185048981 0.785907409754559 0.8038887375056523 0.835854159631285 0.7873700465373762 0.8191474207562278 0.8022435234604889 0.785994882298915 0.7930030387461817 0.8435550441728049 0.8401480745786032 0.8734441741262099 0.8834175071402475 0.9051904739520867 0.912130049225083 0.8996280478221915 0.8687388683962166 0.8137279678204866 0.7802974081213707 0.776856562056023 0.827090379018239 0.830872378264335 0.7933952697415761 0.7941108988363982 0.7561398177535498 0.7300208723188919 0.6179900774227419 0.6425224798902323 0.6161996503608953 0.5819653838560755 0.5890949586410437 0.5956802346498331 0.5886861840198245 0.6529018306695022 0.7213382060147207 0.72663172733491
0.7955207018419241 0.7788622329899115 0.7377278674075771 0.7523709725074158 0.7236914463948528 0.7829361447341145 0.767127387376428 0.8154471061237206 0.8423500639008868 0.8081458348284646 0.8316558032505785 0.7982359076465472 0.7718495102873634 0.7728817065075464 0.7506777424635455 0.7909630346225373 0.8463860002819245 0.8374649754647353 0.8560986051914387 0.872154571349231 0.8915027393168847 0.8844544395380013 0.8435250772430928 0.8490553470821558 0.7844560312777374 0.7711829435984568 0.7635841584932317 0.791883774181703 0.7853605801075839 0.7821336492769607 0.7642457361956063 0.7127964965770499 0.700497700680837 0.6744942907251195 0.5988183668316776 0.6317780132111166 0.6288424784323395 0.5816724865413537 0.5823696061142389 0.5795100474945887 0.6381009552751378 0.7119783694371804 0.7185273854239015
0.7607795272890739 0.7932708311132439 0.7787740970674313 0.7450521943374033 0.7151779546746799 0.7446322636175341 0.8130110840579123 0.8182938279869008 0.7962695030743324 0.8181738839224376 0.8442037922652472 0.7928229810601362 0.7775395780580515 0.745889037398045 0.7766996771715391 0.7874127229927789 0.8414727956617921 0.8661296425855338 0.8953558012506043 0.8790440560527926 0.8909487780615526 0.885653106433016 0.866097767382942 0.7756881584583474 0.8095033132655413 0.8054063054610836 0.7900473206543839 0.7470456899140978 0.7574596180596297 0.7107384889725619 0.7239204375402916 0.7133249632980865 0.731661790792396 0.682407992014398 0.626539365458577 0.5895821456702866 0.5932045288654028 0.621559271438226 0.5995331422357447 0.6253577681632793 0.6428973068123692 0.6995354946510371 0.6730070558668474
0.7763015733198504 0.8066195123003356 0.7542363418002701 0.717229141658422 0.7312300441860411 0.7864538948685859 0.8129021912203562 0.7946529059964992 0.8247960646029967 0.8370927196223854 0.8496966256280684 0.8007372728886074 0.7933678821997489 0.7759924327225578 0.8110142526711707 0.8166455012615212 0.8358547727263035 0.868140382220113 0.9043000800221846 0.9086863486953918 0.868955816336614 0.8734310982834498 0.8346706785733694 0.7824083077527707 0.7963955154307422 0.7712928313973759 0.7451017791046984 0.7159708732705193 0.7035728572748334 0.7063052563882253 0.6932445756295672 0.6976495420124504 0.7136109337848675 0.6460440907302846 0.6406064493265717 0.6435307021244573 0.6435579146672541 0.6157112811849927 0.5930740700480773 0.6412877228194982 0.6487062678699999 0.6406172074498518 0.6620373619194969
0.7653505255161976 0.8104741822901066 0.8040853717758086 0.758168693654936 0.7435530081041316 0.8065324937524478 0.8303691780515324 0.8497400224436474 0.8292953439459314 0.8639332880401875 0.8413679416268377 0.8016821529577206 0.776989859128657 0.815323426949985 0.8363011527198567 0.7909376887483047 0.8640936133859016 0.8990768480704073 0.8809543968644605 0.8927626626132765 0.8374266722618872 0.8293681197163904 0.8429228752919624 0.8188208154314688 0.7635027266698957 0.7386544371501798 0.7654557993435684 0.6958707155973259 0.6786036389013247 0.6917657308629549 0.6715567121084406 0.7142267215971854 0.6554337983381514 0.6371148689459035 0.6426846221910547 0.6721149652948033 0.6764999220968803 0.6275967647206008 0.616362756503136 0.6088694414188334 0.6578931124497907 0.6485834664409074 0.6735709960312816
0.7594267878471811 0.808369585358341 0.7723731722649763 0.7693734478851084 0.7932208618211091 0.8436575413189573 0.8332087564526703 0.8252430973826905 0.8243193142307189 0.8100986282203356 0.8090117274431041 0.8288018141597161 0.8268221498474098 0.8259725080805852 0.8390713906080434 0.8577377317615453 0.8490908728280112 0.8885765685117808 0.8781114702917727 0.8606682519115179 0.8797386504115918 0.8424086730084575 0.7871149251430409 0.7839554525406911 0.7879630471801424 0.7869321436078073 0.7552403738315808 0.7171599218401754 0.7247057741063658 0.7189182853307884 0.6732254122254513 0.6685073545042245 0.6761474038180058 0.6606426842187779 0.6605416843495756 0.6719652583731055 0.6568234455553111 0.63687342736052 0.6556834437387123 0.6817998406154364 0.6675923001573884 0.6364715427663257 0.6883277270140835
