Raster_benchmarking/continuous/raster-257.asc
NCOLS 100
NROWS 100
XLLCORNER 1743156.9243383443
YLLCORNER 5469287.73069054
CELLSIZE 10
NODATA_VALUE -9999
[rows 0 to 18 of 100, columns 0 to 42 of 100]
0.8127088609959807 0.8232902756959429 0.8357565625767837 0.8476880530473203 0.8517743931720148 0.8196884618499829 0.8347666429999591 0.8079278527001924 0.7898970527466987 0.7791891563984129 0.7462314720768688 0.745309102502832 0.7397308945045462 0.7518703124502608 0.7830836744219665 0.7750883644745201 0.7704741182679516 0.7722242926069971 0.7282728357658037 0.7379461231206019 0.7161981768841988 0.7156999083478708 0.7457163677924656 0.7689530595096759 0.7437055636033532 0.7257095675918687 0.6678358229955392 0.7001497906875579 0.7027893082179563 0.7108770107989235 0.7433498061904095 0.7475651876597572 0.7221976024114929 0.6699943488994348 0.6545193222224461 0.6713170865609166 0.6240711885654963 0.6213782149267404 0.6555087233245512 0.6658871500275098 0.6387258571655752 0.63584478509376 0.6124354179070095
0.814231170397673 0.8400379396366563 0.8522536862299502 0.8207955301431916 0.8422585642434872 0.8357935323531281 0.8323535004509122 0.8179457191319015 0.7861382289282456 0.7707323711250035 0.7571036413538008 0.7590307857733763 0.7392967972366902 0.7614697182098004 0.7522869977750274 0.7709261463869672 0.7847489693607812 0.7550712134807507 0.7415862698545174 0.7265923541729927 0.7323947707044055 0.750781584275593 0.7573973857749361 0.76644996588264 0.7434721199839359 0.7340682899314883 0.7314724233562693 0.7420650864825945 0.7617650207298663 0.7739895649638685 0.7671372753769505 0.7431930415290624 0.748473801417007 0.7074108001302685 0.690735883351764 0.6874913944801495 0.6665157609640688 0.65682241970794 0.694238285198968 0.6778522468426018 0.6794916283252319 0.6606827493231106 0.660807989994528
0.8360609604033138 0.8472903954838712 0.8435207405723154 0.7919882420292087 0.7844147749144651 0.7949401535051114 0.7930720152497874 0.8183202012769919 0.8209568889130594 0.785089269989457 0.769283345763387 0.7739786919322177 0.7611295424338489 0.7279162360553643 0.7473864925167681 0.758007007329916 0.7951064985055966 0.7932561563822031 0.7703683634130933 0.7662628244946773 0.7687140098988035 0.7444026220757249 0.7505753699038458 0.7965491267577185 0.7929440599138676 0.7772735443562894 0.7697113646063883 0.7824085994892246 0.7733281319199333 0.8177594940834308 0.8148570284058464 0.7977396526102846 0.7772638597229877 0.7659355528746711 0.7282767991123531 0.7239350121330209 0.7115772121036158 0.707410925364365 0.7112490093793087 0.6676944562480198 0.6691250941772227 0.6643306017987407 0.6661284861190907
0.8108775862690416 0.811147727782642 0.81575409415276 0.7973231382546307 0.8052505058518259 0.8074852018300108 0.8041201956811173 0.7949779464478716 0.7931410614011554 0.8010261765369068 0.7703072212375006 0.7758556011541549 0.7545856012485919 0.7313161539646064 0.7476936910685783 0.7717339188691668 0.7933023223196165 0.7690630332211964 0.7986090237453429 0.770682595021869 0.8044808667148734 0.7974220537577263 0.7983707725038726 0.7934176682219799 0.7694617120990108 0.7808277603761381 0.8044446954045659 0.8002844305164973 0.8281373824616755 0.8244602205883552 0.8146536938653399 0.8257546431185734 0.8097060795369541 0.7636645496014024 0.7240635810928393 0.7164938967769371 0.7151180403084397 0.7002478172386057 0.6927366309301743 0.6969606397127059 0.6786390967399273 0.6751139957940315 0.7014496306667742
0.8222894567774695 0.8278316045604224 0.7999558419455485 0.807471490666097 0.7946379988082404 0.793423365479969 0.8115480576278725 0.8051714570197136 0.7987791780997804 0.8067862191093594 0.7639086359887475 0.7730687418610609 0.7377655912755844 0.7282015200572421 0.7443334431404486 0.7867578524392421 0.7927615219229316 0.7732486823501791 0.7986601385244113 0.8083900533593418 0.7955132301599785 0.8094990978998575 0.8015088077204877 0.8253484164940657 0.7969269723741625 0.8079793897201258 0.8248207975638365 0.8536530523956893 0.8446415259856717 0.8600441502218369 0.8316238688245732 0.8304442226490683 0.8177034676900449 0.7853307184976134 0.7377030924705277 0.7108540174034143 0.7236999702229068 0.7008066031931156 0.6821191988812504 0.6984830748207069 0.6954363304585456 0.6882923779128192 0.7210227287678718
0.8279181369870486 0.8557975929828707 0.8242063342330352 0.8249794061199128 0.8408476621292454 0.8497330964513751 0.8384286731684075 0.8298350285001094 0.8299296554938989 0.827681205550134 0.7940099405549937 0.781204841963932 0.7823188530739679 0.7448804494921605 0.7730243457652629 0.7927065226835088 0.7950142358682658 0.7985145651840698 0.7788876595251623 0.7788755140075564 0.7777270922127618 0.8232185354685958 0.8428384123831455 0.8303204814236071 0.8396209896094584 0.8574331177683752 0.8814318551616019 0.8764163905600165 0.8806682345351554 0.8701123651250188 0.8352991005237879 0.8387801555116531 0.7940075590516584 0.7758502369872182 0.755566927198698 0.7347328133706479 0.7347732509212498 0.7303150850300183 0.7012787557711714 0.705062666601267 0.7198124542733438 0.7065985322580723 0.7108073454438995
0.8655605730280466 0.8789123349755926 0.8783738450217337 0.8736001618426609 0.8803932185375088 0.8868345200791059 0.8717747175406118 0.8405542363382733 0.8376725835355007 0.8235343582493085 0.8244292640846967 0.7761773278964998 0.7905337791266814 0.7578256260102583 0.7908269308066797 0.8305428355641437 0.8466222121399485 0.8331342912939143 0.7871408716496733 0.7821954592458303 0.7918145270484973 0.815557725683281 0.8389387585063008 0.853952845365443 0.8665498614995619 0.8867830756966597 0.8984717680896075 0.8721115707888193 0.8733062931173527 0.8799085810252044 0.8483441463602455 0.829563569051981 0.7807661561618643 0.7730349717406769 0.7868319315941426 0.7454757469052362 0.7450445288520872 0.7479061236558605 0.7123671309883224 0.7233670678224203 0.7586709716536704 0.7541913303447245 0.7286045151225923
0.8788654170316714 0.903912832109126 0.9090899091847571 0.8776534081932995 0.8803726855743993 0.8659338907666374 0.8617465470612727 0.8586649477519852 0.8092529049411077 0.8013645660651252 0.7951609995465779 0.7850710831521918 0.7779058098589751 0.7931502927714943 0.8400565634636743 0.8571221885463797 0.8326802254937983 0.8197882304327611 0.8374931419136259 0.8203217448299595 0.822447877174854 0.8176300084990827 0.835103129579039 0.8595113957441098 0.8545619647446682 0.8960194417637343 0.8981161264946279 0.8589075013316823 0.8639003350141494 0.8410583019780636 0.8301534750123564 0.827178086677471 0.8149982589786848 0.7840409002842126 0.7576912047940203 0.7795359959087269 0.7544892325253032 0.764103019876945 0.7356003914728749 0.7577579740856142 0.7546558725037087 0.7687003081357474 0.7468977477865033
0.9234635962705984 0.9366263437714464 0.9406067349648304 0.8785526616156066 0.8841968356761708 0.9154115017345968 0.902798156574252 0.8649935854730775 0.8226851197994585 0.8018259719669869 0.7808482393299888 0.779245778067895 0.8079938324345215 0.8110352116178384 0.8396964670061848 0.8290861216026277 0.8626448889717813 0.8503688140233036 0.8600475848873669 0.8294182209173065 0.8367491228744182 0.8487630651973372 0.8366450672644872 0.8776573809360697 0.8496979191538482 0.8678237628195186 0.910529982185383 0.8894018696338796 0.8418212586580611 0.842266008895472 0.8541762086430991 0.8286716673355974 0.7915022698400453 0.798272666320306 0.7546897959063943 0.7725913379389893 0.788974863112609 0.7888006344470994 0.7828074594534811 0.7990249123458452 0.7960850602876677 0.764348177764942 0.7771319640271673
0.916944033431113 0.9164191652617277 0.9122169482148176 0.9009848354916884 0.9081430015944671 0.921825682474578 0.9009735714083189 0.8683928269151157 0.8287608146485845 0.8124393384463299 0.8022763524732021 0.8122529713825571 0.8259512878547685 0.8094081945596473 0.8177245567117135 0.814734511131683 0.8420900285170827 0.8264755671166109 0.8541543837226845 0.8450278097734608 0.8418207739732357 0.8252079426660578 0.8583539177126228 0.8746931458155859 0.8684107665977164 0.8580482008167654 0.8735569019274743 0.8778806353841141 0.8432751149066118 0.8301570484682531 0.8305190750631878 0.8260116966548854 0.8020342130728018 0.8017727772077115 0.7958666172270984 0.7878113937974737 0.7970627373441824 0.7953410644708098 0.7897023530071176 0.8009928118902129 0.8110282059618544 0.7917992843724837 0.764760195857803
0.9338357764161667 0.9289705248088765 0.9124721410911129 0.9364263576147237 0.9213613906780889 0.8896167857689803 0.897180357449124 0.8760861983345035 0.8903588745999128 0.8727232315278219 0.8438364725447126 0.8403907637669662 0.8496280000736111 0.8232524906740136 0.8034204050705221 0.7900963907943304 0.8020674285123253 0.8134862679203976 0.8453437505454398 0.824674650394875 0.7981537321083654 0.8113093223903617 0.8655320622880037 0.8759250929794872 0.8857960256743864 0.8534860433889782 0.8663683384293298 0.8825855845008823 0.8460178878525104 0.8421591696248951 0.8471685808623286 0.8419466230866 0.8064658471856617 0.8101229344779814 0.8012261432216259 0.8322583767148122 0.829767366457235 0.8019184692767902 0.7843275387660715 0.8048778661227236 0.8012631293170157 0.76960356781214 0.7343421486220327
0.9076861545065176 0.9362367067059961 0.9434891387546175 0.9260137847404359 0.8862146350208162 0.8846335090863212 0.8941805081743743 0.8899871749679065 0.8682029273352769 0.8564507125820867 0.8638777212846684 0.8499462316563012 0.8617572252998542 0.8429616078882062 0.837941261896035 0.8196861305442353 0.8147442256419367 0.7868816238543016 0.8255007095351331 0.8406396917232165 0.8414580503826811 0.8268575702821048 0.8481270949327939 0.8603473681168186 0.8633960970227701 0.8643865489054887 0.8875562658326274 0.8851006657457055 0.8494214911309486 0.8728016116317759 0.8511844823354836 0.861428518605337 0.8250937248523508 0.8242193296361733 0.8436795195080485 0.8400583823606215 0.8375189604443327 0.8039122606402541 0.7749679658946027 0.7830491939057037 0.7899999057554155 0.7502577255578304 0.7250031953162546
0.8974822247339004 0.935686492989034 0.9270913508938866 0.891541826720279 0.8786398183886228 0.8916174761063642 0.904656593474227 0.8875225667543064 0.865995101953063 0.8732993872819779 0.8690199669400791 0.8760188003638537 0.8467454549122697 0.863682960269006 0.8568329234367705 0.8166979471114812 0.7913203402009129 0.7849793787572511 0.7986456598908858 0.8420562370872452 0.8510464799276863 0.8353751908530442 0.8338410429686931 0.8399106645077341 0.8618405152490124 0.8620343179199914 0.8959459300410322 0.897077325522622 0.8784489623623397 0.8719195819239886 0.8544792939905694 0.8750098776881151 0.8515177412018801 0.8658438570252439 0.8610861399997046 0.8577562667642389 0.818547210945248 0.8275026792052625 0.8154779321060676 0.827069157818413 0.807656604582515 0.7446802132994633 0.7133189693918078
0.9037866607400094 0.90065173965508 0.8953592902003918 0.887186698968354 0.884115560224166 0.8912634261431505 0.8965459790806429 0.9091621972639948 0.8928091211743678 0.8680073422128273 0.8929087850710883 0.8552116004138317 0.8616357595522196 0.839313486512769 0.8231527917526081 0.8168968422983411 0.8294559456575381 0.8243882567515669 0.8084939299460944 0.8518230879802028 0.8681909937041858 0.8621514952083328 0.8488665822412712 0.8707691292543791 0.898158892475388 0.8997374172968393 0.8933895636539908 0.8925804614181546 0.8723841752706604 0.9012157007959508 0.8897215046797808 0.8592969705468264 0.8580448606774332 0.8508329821014817 0.8457993707585665 0.83046958488177 0.8384632162168232 0.799849423784347 0.821079208646245 0.8123976146886014 0.8033428265844917 0.7767976517965056 0.7473688735812132
0.9066804413937023 0.8971848700345326 0.9191987711996895 0.9088725251945927 0.904964735043201 0.891915649785197 0.8900795610711547 0.9219466507739849 0.9202598434831161 0.8742960240903327 0.9007338106142484 0.8930657769424843 0.8655690858962849 0.8593503114549396 0.8390854604988179 0.8263577253894521 0.8165883793825348 0.8351812050615274 0.8457195540493582 0.8404781095966317 0.8335218422384344 0.8480891317237335 0.8784269098015054 0.886099102364324 0.9022992533565911 0.8966491290293511 0.9044456237039155 0.9122190071156514 0.8976827900936426 0.8995750704061227 0.8877236161072 0.8619519381001726 0.8839062183456038 0.8587729300683636 0.834133105744401 0.8311915899395639 0.8531777937432877 0.8393483512289748 0.792325013976659 0.7991961413274732 0.778232500386476 0.7295836215275795 0.728460883757082
0.8981641467010163 0.894069297539456 0.9053407812029542 0.9051924296618098 0.8941691954476988 0.8749641180194734 0.8870118202239186 0.9039047989714021 0.8910513826792116 0.8743597289329927 0.8697918561931642 0.8748612732010167 0.8531533437197945 0.8499181393437173 0.8140509822237487 0.8115890726791126 0.8228021576987413 0.8392620518733093 0.8310711790349921 0.8444348636797023 0.8316481812121502 0.844677418441937 0.8557479956595112 0.8954645994559196 0.9166126683299207 0.9052117354371969 0.9194508174682452 0.9288966260557786 0.9362844266518957 0.9177447652418593 0.9100051016942702 0.8928035397753937 0.871027824455125 0.8727639409768473 0.8491578663104172 0.8398225904203985 0.8333091812441167 0.828398224377899 0.7865265424697602 0.7717769400451778 0.7582742131150849 0.7064833841857403 0.6850198025067044
0.8692564932164654 0.8745909949802226 0.8781904295231288 0.8920254494060257 0.8882080493046314 0.8713537228168662 0.9066766654506262 0.893989669585147 0.8805515012985312 0.8850336819397333 0.8733505907027083 0.8909272440628163 0.8594638512733446 0.8668564162608832 0.8432147282682206 0.8378601200208675 0.8150879659522732 0.8428855691718959 0.8181806954734677 0.8656613560322831 0.8448685012963693 0.8788957093166115 0.8766746079389715 0.9227910241386028 0.9004859178143488 0.9223468318792324 0.9739410233408229 0.9637500896406886 0.980320568139017 0.9562833730291966 0.9475557757656482 0.9173998421928199 0.8644331646300873 0.8445853115482832 0.8365384098973729 0.809627078272299 0.812723001574684 0.8296258222253701 0.7966432250694838 0.7690719792341659 0.7445073772639149 0.6946384338849763 0.6402708099379368
0.8574736182098383 0.8464823857846977 0.8915126859466201 0.8938544710819674 0.8864957627044378 0.8614669598523225 0.8775653602201905 0.9090746615035374 0.9029174434050534 0.9197165637397563 0.8997959155683019 0.8984681103661742 0.8680709566950195 0.8661607131500857 0.8866010477771171 0.8527207966253427 0.8461152575108085 0.8250814902501037 0.8480798573547879 0.8651810431997291 0.8681302355392864 0.8996994563516697 0.9121644272410362 0.9332770695857874 0.9268582121183206 0.9219346710307744 0.9687839085377759 0.9626070700754292 0.9841627134217618 0.9733001123068091 0.9207460903068883 0.9163256845840926 0.874180212530205 0.859012025842301 0.8531459053321381 0.8265659392244743 0.8296803838321248 0.8031522448767293 0.7672991704924422 0.7669764867383498 0.7178636795223609 0.6963319240924845 0.6489265607175663
0.8446110017838309 0.8747720912285583 0.8798231265755737 0.8809219040620405 0.8481553827896701 0.8800724547251245 0.8726683481236913 0.9084356952731963 0.9328004024722596 0.9320570808962139 0.9432310470238763 0.9163777612609992 0.9250468639103814 0.9065232857623005 0.9037132650750971 0.8625230467567043 0.8587114627636665 0.8437823663668748 0.85085608781129 0.8873962900640648 0.8668179084653196 0.8972518674107693 0.9287161942287832 0.9298155449091391 0.9371368511249087 0.9557827410065477 0.9386792969198174 0.9390641981843225 0.9817247816122091 0.9365466119317466 0.9015742511697125 0.893424554658513 0.9089871921226833 0.8609955785716078 0.8463917853054247 0.8249577537081313 0.8019997923177441 0.7693345150103732 0.728133552021577 0.7603418672912503 0.7220306393469746 0.6851060657500396 0.6474688492999477
