Raster_benchmarking/continuous/raster-304.asc
NCOLS 100
NROWS 100
XLLCORNER 1743154.8204257963
YLLCORNER 5469290.525871222
CELLSIZE 10
NODATA_VALUE -9999
[rows 76 to 94 of 100, columns 0 to 42 of 100]
0.2855429445362457 0.3283322111999654 0.31391504842293627 0.30029047940881853 0.3195246939327446 0.3521959103932697 0.32497281880950357 0.3214265999884509 0.36004532342236345 0.35185655578297637 0.3861765848147033 0.3414372878954408 0.3308006090141984 0.2874995041508365 0.30967203510134683 0.29307907550561907 0.29237273500163047 0.35265544870724375 0.40520784347556 0.3792535450856187 0.41282158319910006 0.41404778860674 0.36547402729978157 0.35705686081971016 0.4139759391468072 0.425174574612883 0.43395720557437706 0.42949559417784694 0.4217185250354336 0.43734052644340166 0.4770461347995904 0.4731765440164665 0.4527214794563418 0.45591205378694083 0.524021581058215 0.5447523057019458 0.5447014708955855 0.5182147979684356 0.4896644643113646 0.5156840123862884 0.545960876878454 0.5446545769424548 0.6076886369179233
0.25759229327853284 0.2969372857423397 0.28730712676773246 0.29023969201900257 0.342432790655028 0.32559526406614986 0.35532791362027516 0.30955698022747324 0.32825202642744655 0.34538360566702453 0.39898226304065043 0.3859449161939123 0.3181753519128905 0.35478185508842464 0.3281101512831021 0.35399680468267364 0.3407860789567071 0.34113879812736236 0.4095666614436432 0.3950316959763045 0.40050942422877317 0.37585671815978755 0.385857792914578 0.3581971535407077 0.3748163067436525 0.45561597563862555 0.4817298886020162 0.46691468054676577 0.5151996849418333 0.5008432395009731 0.44655474031988934 0.49809090974106296 0.4790767813250163 0.49149749389316627 0.543416392498359 0.5268694693335401 0.5390966277705135 0.5430385117052186 0.5248655803247293 0.5182107996436532 0.540155622311008 0.5565663433358958 0.5849013205431315
0.2683974442307247 0.2412158231760382 0.2286090047680337 0.26724876813599513 0.34375363406888065 0.314827263120997 0.33711775222100576 0.31676045380710616 0.3405963179372435 0.3449702382623607 0.3972875568807702 0.40388635143217716 0.37847217523022286 0.3677093544044529 0.3263574721910772 0.3219076142993728 0.3665968150858943 0.36090173207983717 0.416717717905085 0.4159119084347639 0.4133641072487526 0.42127284925388936 0.39089931712486303 0.41278363328529494 0.4476548343667019 0.46723116612315546 0.4907403135971949 0.49096170293830266 0.5347210716670129 0.535112799081506 0.48621258038972004 0.49448119960039405 0.5296990970152563 0.554994957026794 0.5573807991502359 0.606562446012881 0.5948327544663478 0.5390428117225785 0.5482918217259997 0.5556725103954104 0.5489369200428528 0.5454909749510463 0.5944545642609104
0.27639744998397614 0.2121280291583912 0.20206388575058898 0.29999016974702625 0.32645827649466574 0.28283194661420297 0.30633265439996876 0.3216472815819434 0.3854579612380407 0.36373099442088574 0.3794589084628738 0.3926973157297 0.3901717966150126 0.3749925829055173 0.35451166168179143 0.36692171145813923 0.3262297777355482 0.3489190274595274 0.38661526500266036 0.43261454170352936 0.45875494413298157 0.43032879599636686 0.43345504892196374 0.4370805580025242 0.4591551332030202 0.49589164520159856 0.5167435044375834 0.5131437395730284 0.5297425808203532 0.52888688147233 0.5574280348891307 0.5548314278383518 0.5482670453827196 0.6145503750209764 0.6479983933574085 0.6265374944958096 0.6297231133820025 0.5782054765175629 0.596421344162489 0.5474073219036091 0.576177583026962 0.5817306203675847 0.5606844435130429
0.25517625422380025 0.2517786883533478 0.2293261091693625 0.2819793734278974 0.31615449268736173 0.28683700633734094 0.32475216345432817 0.3209364516621115 0.3589158955834318 0.36426649121597315 0.3429767918490962 0.3449973623228237 0.4005606868512123 0.35213978806802343 0.34961178281816463 0.34702427052323315 0.3533327565718343 0.37543537827930384 0.38555527989665284 0.4121248042925247 0.4219847357313281 0.4344321821397905 0.452938040801387 0.4383216359284461 0.4315421889625885 0.4715628139120597 0.5083226984699748 0.5348445233872023 0.5617993595043952 0.5636520864724642 0.5669452829121084 0.595379928566659 0.595769871803475 0.6514870168595358 0.6184622947360824 0.6354168459533915 0.651987946780287 0.6426159339777132 0.6120625775764336 0.5874281390366952 0.5690043614606743 0.5846732776479775 0.5367490655625228
0.29260261309081315 0.2422105213405923 0.24079245509777336 0.26781581952617634 0.2730814409300292 0.2882647295302007 0.30456014931729875 0.35262973330540376 0.34489472687498124 0.33488197010293863 0.3446308538463443 0.37706787137363645 0.39377794805705785 0.35466004116470357 0.36863822583114375 0.3857087678730369 0.3496013960023841 0.3272497533058395 0.36407990365317766 0.3667555672855963 0.42529368817421526 0.42450951806927534 0.4002925898588055 0.42565590750860105 0.4510760427203512 0.5158404322155782 0.5512845507490067 0.5487277487305187 0.5905747964364083 0.5690501791723896 0.6036324728337947 0.6504630719795432 0.6603632428153087 0.6480364228427387 0.6352430967526038 0.6631325715521553 0.6651738360595081 0.6350447226625834 0.6257512852014643 0.5927553197926515 0.5971317479878122 0.6049145366888843 0.5380302253963978
0.22458293855065795 0.23199943608146104 0.27104767441425925 0.24729614833571653 0.20563866151273885 0.2199321072077732 0.2811653088272944 0.30560112715848703 0.3219194644605419 0.35400966578889476 0.35756419759865304 0.3373645083236974 0.3466242972908994 0.34519695188942967 0.380883214186542 0.35733288155933307 0.32549878812770566 0.33994406165940344 0.3966563007704048 0.3993847798388734 0.4194474910975415 0.40226654104353055 0.4384346818618559 0.46172080118983044 0.5060536476922196 0.5018188646697704 0.5493635581105336 0.5481817413605715 0.5416495946316386 0.5712847565966005 0.6327582546684551 0.6524404903300615 0.6457285717766227 0.6861997745783396 0.6596810140624781 0.6676579464740925 0.6782926558374219 0.675898505654032 0.652967583696964 0.6499743595734899 0.6395703313207973 0.5939232097758542 0.5745156632899504
0.2091360856763004 0.2717710210433516 0.2427326457809912 0.2611944691770555 0.19716341200287332 0.20235646862523213 0.207688463319165 0.30658927295876764 0.3124554752103714 0.33216366224010974 0.3321422243934785 0.3071230416778912 0.33812247727749545 0.34310373394926946 0.39762056720605105 0.3915497306417877 0.38857750729494145 0.34618503510073206 0.3532056478780889 0.3641460816360965 0.41585297960478423 0.3755854321166433 0.40565095532043816 0.43260866102921103 0.5028592824234311 0.5031078826067548 0.4699947683979629 0.49417518317588394 0.5280423469762429 0.5932363034894774 0.6208313582926342 0.663260905348785 0.663533700481402 0.671690901404401 0.709223548100984 0.6666204931917715 0.6779558578355543 0.6570047583656717 0.7097816693738459 0.6265582623099623 0.6251523144785738 0.5945685536476895 0.548779589731163
0.21459526290714206 0.27185215275088925 0.24006253430114646 0.26272336172354693 0.24536230507194223 0.26416789156614656 0.25405439421313647 0.2887093951881425 0.32829461999442494 0.3448548018992821 0.3908172221169058 0.3461529376998201 0.3626220392626075 0.345597329848983 0.33668531349309155 0.35959247274833717 0.3888642184735904 0.3873427452743897 0.3873826554633398 0.3952774633933401 0.43336570993159695 0.4011256934148176 0.3913369297850685 0.4393561368824189 0.46771278090330737 0.4752130057093468 0.48482194982161386 0.4707331081665325 0.5654049207311257 0.5916409244348735 0.6081654630592314 0.6250580389314516 0.6633477757568412 0.6585165621635881 0.64798733161539 0.6641384346592708 0.6374649242850048 0.6603571594310489 0.6288913985703023 0.63566871308953 0.5594649784614694 0.5402198687356357 0.5313564112303674
0.2677121540499387 0.2605162242103412 0.24194265766907852 0.2732072909178215 0.23647626790532206 0.31387652735565064 0.35973705809699613 0.36599887827092187 0.3941741932497044 0.3743491666690992 0.40607307889072985 0.38687734360647735 0.3909618537785964 0.34678575170760845 0.36128107856879893 0.36752528555558955 0.4210919437250737 0.41563518350409034 0.4423408585683554 0.48160212305010197 0.4746727822737457 0.44330198580103836 0.4131217023893643 0.49232072617252337 0.5080956710774799 0.4485440571719437 0.4463489006058854 0.45924764575596233 0.5518620967110072 0.5756504193124651 0.5540500777983824 0.566111494882695 0.6145276728031978 0.6388204702872843 0.594422024677709 0.6297585319410802 0.6746296565907404 0.6650541226717582 0.6404490372980487 0.61664357446943 0.5631861766685323 0.5315223926648427 0.5328141153908594
0.27365623009888584 0.2820636556752836 0.2713875328842676 0.27363391560982564 0.2859359021155928 0.32778658849916414 0.34230572930644765 0.38799885643041654 0.4054298319036516 0.39667422052766493 0.4462316505287522 0.4248116366089825 0.4367680208249214 0.40083404890461444 0.3914582987667396 0.3766738844293372 0.43093950287736477 0.4262018886336021 0.42905604728789487 0.5007988583286703 0.48240087029368556 0.4874198672224467 0.4584643289745248 0.47582439126305887 0.4574830324718233 0.45377398305208655 0.4702690041309231 0.49043798352847917 0.5344046891291333 0.5409775177636429 0.5540365979684809 0.5932362380977 0.6154395368448011 0.6043439717044599 0.5969768529516987 0.6298017873309968 0.6442171311064032 0.6477072931598223 0.6171053371781229 0.5603868443729119 0.5534605422775014 0.5318546821328967 0.5928680371966377
0.2448744239796397 0.24111786519389 0.2922690972584098 0.2469748536501692 0.2641778117479767 0.3609855011939929 0.41564509383524667 0.4168678480327201 0.43899852995276284 0.4344383163643915 0.44571113188845823 0.40527745580957136 0.41425427510614454 0.40482860220875294 0.3838045109723638 0.4077645170316442 0.41321961172350247 0.45021978537333834 0.4542153495606641 0.5014001594748747 0.49841398348969573 0.4560184920030512 0.4709929586114204 0.4242465292719501 0.4231010997802621 0.45075392842300177 0.4732335722323676 0.50593858933188 0.5023630209050445 0.545792759232906 0.6258832060341448 0.592746635458905 0.6279703093413912 0.6190845135396515 0.584408549733721 0.5731912548612785 0.6060735301298433 0.5801640864389125 0.57080802631067 0.553497757629932 0.5398614872375659 0.58962009919489 0.6211709392579001
0.24217656524180373 0.23212175557515763 0.30644038318805916 0.276987704311894 0.27541115926733656 0.3585239280859132 0.4072551768370129 0.43389432465328537 0.437922117932893 0.4368029731867079 0.42672225048384105 0.4128412688234357 0.40290473555637796 0.4602139454809685 0.4227360579099642 0.4523625699772791 0.46092024486413774 0.4443238292271266 0.44436369109500257 0.5033451542832962 0.4986594478751573 0.47963311977559925 0.4622371647217553 0.439820567729748 0.40838802147723985 0.4444097980559489 0.48690764016179583 0.5456023309489026 0.5516883029913346 0.614535798545286 0.6256066978367617 0.6456900929993822 0.591072641835606 0.6024104754599992 0.6208069432925268 0.5844290304621844 0.5667523845756389 0.6056666868897604 0.5534607874805103 0.5979081270982365 0.5959132134487999 0.586768446800144 0.6032928339509357
0.20981349640398983 0.22504001150320027 0.29976002161689264 0.2534971755933745 0.284413216102383 0.33279595882031004 0.41450377530807325 0.4094265407189018 0.40545159817682286 0.4142039717727728 0.4433528965075054 0.474602761269221 0.45773377434502727 0.4810316293209755 0.46675584588084335 0.47988812804350794 0.5097336491930974 0.46364711547658327 0.45965062567332 0.46896599468454514 0.5085452767795534 0.4975537027506538 0.4905033234496268 0.4679433260041372 0.44140296515005 0.4486593249562131 0.4952718851278731 0.5337386161957923 0.5778016883894836 0.6161299344586665 0.6231371489058793 0.638618601511007 0.6217347633374544 0.5631731722888292 0.5832092326473214 0.5821948539600895 0.5824347506982958 0.599072687493956 0.5584416823635393 0.5919849138214219 0.6023222017670694 0.5868673245476482 0.5761277204963308
0.2224971709007913 0.24363443517939076 0.2628500640511608 0.25018588059432106 0.3218120096624838 0.3308887320266888 0.4185241862068749 0.43059211722220697 0.40052362956489185 0.38756119378776765 0.4067713667305166 0.46442187659192086 0.47813718117489395 0.4639004418924467 0.4992164218592547 0.501588892176519 0.46645502744298084 0.4847178639602602 0.503325785984138 0.5196114097197511 0.5038107950260247 0.47475664808027357 0.49296035662477583 0.4419051117965228 0.45559886119057635 0.49039445567698786 0.5119507488760798 0.5283533563743684 0.5329562755113721 0.5362467224827305 0.585212245914295 0.5894879155037237 0.5779330631468028 0.5611828285026417 0.6049815461731458 0.579278738923982 0.6274661461848208 0.6431076014389108 0.6006773265428738 0.6269377172453778 0.6072352366094154 0.6375363568485582 0.6266929723429112
0.1959479842450172 0.2352525657255438 0.20485561432319782 0.28850459116028004 0.3350237741625208 0.38102742231819137 0.382191230411032 0.403580724233488 0.39752803746001286 0.43173892231849414 0.38502254996896784 0.41663291698448024 0.4624792013727334 0.4553653729389077 0.48852468925309483 0.4953151616485112 0.458228625166501 0.5064444667576065 0.530154438891265 0.5039852638638183 0.4991849795473478 0.4776058939490894 0.45473209031826495 0.4760168610029614 0.43922726281871827 0.4867355243085271 0.5616160721374615 0.5573788096051148 0.5221164130907033 0.5315096120675563 0.4997857209505931 0.5205458306033751 0.5594166332007976 0.5421517664631001 0.5713377060040495 0.6152375652895977 0.6810425012706137 0.6453486814548413 0.6687461203609624 0.6352644615571347 0.6706240628426104 0.6636537181409201 0.6114500388290801
0.2802732882729326 0.22078504847489147 0.27199241001076313 0.3244927949504235 0.38037554100795457 0.3797597704534812 0.38482288488886823 0.4478163669264771 0.4425254485370909 0.476391802756975 0.432248210715505 0.46976481837811324 0.49021066538345837 0.48817313253981576 0.5154506341675319 0.47191942839588397 0.4763991282217812 0.4778705767486634 0.5002307244024415 0.5003558523386437 0.45751723840876224 0.44691445783739225 0.42934043085478774 0.4513760448409893 0.49681806330013845 0.5104151729681449 0.5221167885946935 0.5516812983701919 0.5534209464622399 0.5410764262888837 0.5374189091389008 0.5208605199011345 0.5726740999548777 0.5796190182624774 0.5909982983537845 0.6620854386178071 0.6906870624845968 0.6462779119889176 0.667861888408063 0.6697947801567113 0.6942507512922781 0.6704110362489342 0.6757217981154583
0.3221754521436739 0.2772003857554281 0.2894391019264645 0.3567426836146979 0.3808418422613039 0.4157471899791304 0.40232241073417313 0.46095241249194613 0.49999960857676923 0.47168776534564105 0.48887565613801204 0.5208653121413185 0.4731792042037022 0.5204462524933202 0.49764541563026093 0.4562787836169345 0.4744736037095747 0.46990645141430876 0.5282207476235039 0.5172346106629531 0.45380104582505154 0.42898413058526425 0.4674477520444382 0.4694423888060983 0.5089686412149559 0.5232730061854589 0.5315547769137774 0.5679158988544226 0.5631945121088745 0.5784460897184825 0.537501942977362 0.5681962128701704 0.5963659445810933 0.5654701094954367 0.6332408093744986 0.663371993175819 0.6818901851167616 0.7025616730643715 0.6682106422145969 0.7205133500153147 0.7503334830866194 0.7440861000576725 0.6841479081930573
0.3581326611992094 0.31594906815154533 0.2686033375751227 0.3160767956769585 0.38321328546831973 0.4159757190404905 0.40754452127850926 0.4508881990309864 0.476170539690394 0.5015793413438162 0.5404028451837342 0.5368466790742185 0.49552637456081017 0.5017452638795546 0.5301462251011813 0.5084001158807564 0.4880721858497173 0.5043831071514745 0.4875988314866159 0.47295422598310843 0.4828172911862293 0.4593216666461435 0.4442539789534697 0.49681679691492686 0.4826693409720358 0.4810472037905734 0.4864509456573984 0.5117665215183996 0.5158738563199231 0.5483647868451995 0.563332148573119 0.5781610133160677 0.5569753127144262 0.5683392755405497 0.6100975413536874 0.6555569138745667 0.6545057415964393 0.7201736013508567 0.7199081298134729 0.772408168556758 0.7799852281954113 0.7676331179028051 0.7787998610138893
