Raster_benchmarking/continuous/raster-326.asc
NCOLS 100
NROWS 100
XLLCORNER 1743150.0208402607
YLLCORNER 5469280.143389074
CELLSIZE 10
NODATA_VALUE -9999
[rows 76 to 94 of 100, columns 43 to 85 of 100]
0.3032104879705331 0.30324074027212394 0.30368538907935116 0.25262612940349244 0.2476890062917211 0.239197104445578 0.25950758743967295 0.3084620743901771 0.35797431782997724 0.3649458686844411 0.3140195228534549 0.3062130570373598 0.32010551286071787 0.31661082651341665 0.34436442470182294 0.33995168287379135 0.2974329641617456 0.2950671305177508 0.3380938579365329 0.3261018473443271 0.41049538556726783 0.4421732238141417 0.5110286329783591 0.5304187157495707 0.5127524869181348 0.5316038034635462 0.497499876776777 0.512545954819394 0.4774675570687913 0.5047178303995469 0.5311437227855089 0.4906679946676192 0.49029843974225934 0.5181891352599849 0.5214584107462968 0.50704482417087 0.5163179391263407 0.4934484846926103 0.517087685294718 0.512417674403107 0.5133731463528609 0.5052181132244132 0.4714188741760257
0.28532696271091734 0.2705620226231877 0.31093177823195745 0.2626652833302106 0.2789833540076216 0.2997181530185404 0.29887938558189714 0.3200926329268483 0.3598517939955597 0.3369519565012182 0.3186802624149779 0.3168901610620177 0.33076494281086344 0.304966855934769 0.32638521693056605 0.3420653012986399 0.3122625403997484 0.3272431517374368 0.3185045873114661 0.3335694594139441 0.40323467480417635 0.4374122380711382 0.46892063230046827 0.488610334999523 0.5002299545178355 0.5278682747147687 0.5269392726977637 0.5363046347306907 0.5188663464214374 0.5378792004535362 0.5317695502052144 0.5293926046722798 0.480203532226349 0.4985446608525833 0.5059002736976532 0.5210754923282741 0.5193827606268259 0.5173715535735981 0.4847962624940064 0.5192693980840376 0.5078168872840675 0.4862612320558785 0.5017725639689734
0.307440207150194 0.2926512257117532 0.29558883930475766 0.31428749023247465 0.27653154207419633 0.31398723544243523 0.30876589785311165 0.32656134660100467 0.3461164570417523 0.3534980186031317 0.3460933553800022 0.34681721343298694 0.3377542262165186 0.29684499312630225 0.30543904274612255 0.31981193364950755 0.27671181689811064 0.2935398060382642 0.3285426772721253 0.34792938430479997 0.4026274189537755 0.41480560677898193 0.48298534622473877 0.5063799620063776 0.48861070449371863 0.5258260479179444 0.49732943116668166 0.49912616457454895 0.5529146915587356 0.5435846803210544 0.5243103432265616 0.504189148981381 0.5206125923734943 0.5005805169878763 0.5192120767907751 0.577267377958001 0.5349601075575862 0.5098584901497726 0.5364817562209299 0.5313362761560075 0.5202313290276913 0.5034032932330615 0.4604101345157403
0.28678413446139756 0.28035845862137077 0.31219812276932557 0.32080283933481785 0.311414464206905 0.30861119940836484 0.29846897619328827 0.3188174181725869 0.3527377704565217 0.3295120664583386 0.31462025462349247 0.30256089301359884 0.31904265167337087 0.2791410898920066 0.28105529522419437 0.314504357327983 0.2923716799268469 0.33425358573576536 0.3209300430353772 0.36431527216574144 0.38465651570250003 0.4160355778217242 0.47592148062980827 0.49783490900428023 0.5028079867673538 0.5108911779956381 0.5389348412314736 0.5543208603131592 0.5439622665355733 0.5300779717259596 0.5220144185858416 0.525625882706956 0.49960312898965853 0.5250837615227597 0.5475740945187055 0.5266537023853359 0.533569531175999 0.5541235745106585 0.5339390271298698 0.5203804501311576 0.47265120740238753 0.49252159280830193 0.4518440901194935
0.29562399030977904 0.33312161614298974 0.3129962727884422 0.2773423608164795 0.30236094577613043 0.24687628429512054 0.29635021542242973 0.33580433575118757 0.34520780403447515 0.31749281206473534 0.30797942906088743 0.27699174857936165 0.3035128518515854 0.2812996405268736 0.28655812907112943 0.28389846605010594 0.30713387362945205 0.339054339111513 0.3231057042527937 0.35486280064558867 0.38928030712961365 0.44832476690755685 0.47296198214541774 0.45008173753806946 0.45276605597253716 0.504009339343771 0.49069700368498587 0.5318687494864022 0.49256065304607743 0.5061083803297921 0.5278140497681278 0.5508370102896909 0.5562759704424796 0.535607258992071 0.5618011812832878 0.5502306404577807 0.5274668730137428 0.5857604402008286 0.5170903725437327 0.48773302856620565 0.5092579908669633 0.4589420352032141 0.4745410435680303
0.32335996632234115 0.28170492739643793 0.28068478140513226 0.29764546135478753 0.2614974838953144 0.2729263162503205 0.283125971309155 0.3154630625487596 0.32902353511303567 0.3161130726164738 0.3320302719706868 0.29225893839502404 0.30953796317246585 0.29000841063538635 0.3055540582551666 0.2917660777014154 0.2839362567346156 0.34245152229466114 0.3226221742210549 0.3545143909472935 0.38283711688607935 0.4171422485439052 0.43681220928468595 0.4379917012605243 0.4457673432436047 0.4675280799334839 0.47778622873126914 0.4656225175692519 0.4669992435830692 0.4706030545983008 0.5075259392935633 0.537768643457888 0.5485186154875296 0.5246436049940286 0.5111939488291793 0.5420603970176856 0.5238438144141181 0.5365120444074043 0.5515886579519769 0.5404923991977756 0.5111167815083418 0.5089192305339548 0.4805907608930425
0.30078188863844724 0.2828754522136574 0.31294731664039493 0.2796986668544499 0.31624773144676516 0.3044236326296009 0.2566039118662387 0.2851766750197209 0.3278908374173612 0.3286254331676815 0.31402729598670753 0.3260705270368969 0.295718535912615 0.26456191771549553 0.2731514299011892 0.29029611977257364 0.31337292942473677 0.31302385674197525 0.30743855239726753 0.323365167210816 0.3768221128914755 0.3752334573212756 0.4105514753699419 0.44853686760198197 0.4402689581814968 0.4636385017075576 0.46167031482279586 0.4289975983983412 0.445306502995694 0.4950216978758222 0.4852533833768425 0.5435235898857369 0.5505935672655365 0.5056324091266132 0.4988955288046816 0.5285551047313328 0.5154278327892508 0.5208598355805714 0.5351886106332023 0.511563925800499 0.46252078539811514 0.4734737460828847 0.47749553317787463
0.2928766639861027 0.3140356554320535 0.3023063932418867 0.3174630399149562 0.3165768166219337 0.3059804422375568 0.2579095194652082 0.262255553749261 0.2877470742367642 0.3279189202764793 0.32235575636769936 0.31107191629374925 0.30094922499973054 0.26628534736539244 0.25424121820756024 0.25535783499963144 0.316562391498747 0.3182660422678359 0.33028649929665144 0.33200666821608504 0.33187885654574645 0.3545198785691559 0.39431791231879537 0.44624953602270245 0.4380151790347103 0.4391348931799415 0.4574857363407848 0.41827313900043267 0.4376162207160427 0.47923940923832337 0.4833682251238959 0.5190030268429394 0.529476317798702 0.5272105479178922 0.49683846706015716 0.4856515227770758 0.5110607946051846 0.5155691993157118 0.5009387000368632 0.4678267750701267 0.4622769495985134 0.4793199113671679 0.4642707665840647
0.3370552569641341 0.31866639001130914 0.34152906717254533 0.31416196124436785 0.29790232361182306 0.257957916834458 0.2587950029350428 0.28664325975940325 0.3349288139354565 0.3529077679440586 0.3365110890472782 0.3317945044137338 0.3503827982503554 0.3110210965931864 0.3018018155026793 0.26432926758081604 0.31548290700455905 0.3161568335860534 0.3270478209678607 0.29889850900210224 0.3078166822297794 0.34292069569296263 0.399049376205177 0.3905547857310206 0.39262743627652497 0.39780313829257963 0.4346656937830658 0.44908499509755956 0.448042994903465 0.45481683890350916 0.45556522190182414 0.475693966168709 0.48792047572884706 0.5018525599762478 0.5062509532131602 0.517871516990501 0.4837002709614263 0.4868086418476006 0.476935310608278 0.4811457560973679 0.4446272338853191 0.47416074510650097 0.46977005599953786
0.3163529825996753 0.3342292170930467 0.336469298556501 0.3406198778850587 0.34359238683548127 0.3222348385788713 0.31794552988899516 0.3017824473246679 0.31256767184167794 0.33062790662172536 0.31447658030343384 0.3199054863026353 0.3465988423716692 0.30487839121721605 0.29458830999674557 0.275686920507001 0.29437229306426915 0.28885990840697134 0.33064441579260884 0.3258734296015094 0.3444106297003251 0.3344200196212056 0.3690756043000416 0.35772887579871226 0.37810627388491297 0.38497806461053485 0.3940108156357011 0.39686539906517065 0.40623398861653526 0.416071156638579 0.41299839709599895 0.4564302511787005 0.4295071060028885 0.4556667270636789 0.46726186681446363 0.510420242578981 0.5037619450227799 0.49823339782695436 0.44064419403212396 0.4565380067593141 0.4660192689665415 0.47280921568107775 0.48752271518146967
0.3238426467816923 0.36125807613922034 0.33365356302241017 0.3451563679854377 0.3761245901552174 0.3588542052446274 0.3079762456780327 0.2822342074490934 0.2858363187859768 0.2950930450211737 0.3053840857820771 0.3366435253819478 0.3359895811142476 0.3364592296165117 0.34579370773938195 0.2924051457516527 0.2893303067812566 0.3251713050839908 0.31395894828231363 0.29040821775935965 0.3433245897599626 0.35809995922675014 0.36970596406312545 0.3243207698749 0.31204702595808653 0.33421489826579515 0.3436837938534417 0.33014024477283566 0.3676111072777739 0.34777071841975615 0.4003897466475276 0.4041311475562348 0.4332507127862543 0.43885462322982244 0.4735829810552346 0.4492598954102968 0.4727182911141715 0.461562936679297 0.4410092398682659 0.41208453087385727 0.42856584357327754 0.48088151881405167 0.49058114576078493
0.3085777396618147 0.33950665925429885 0.33237752993572345 0.347611556169037 0.37804637642142697 0.3517065033915045 0.35045773623114024 0.33659452971037657 0.32121094080162277 0.3154585318638784 0.34530638309279105 0.3453615559618501 0.34899828499163454 0.33870967839216964 0.35944016188068895 0.3194424958721372 0.3212923210576075 0.3589329347765094 0.3342426121616422 0.29416246454858713 0.277804600794464 0.33122973592951327 0.32134564097414114 0.3102247658051333 0.30679410921513467 0.32412128857794986 0.3459943443940232 0.3445752148374768 0.31774891024666957 0.32736483423674084 0.3800933655009816 0.38510206126344515 0.4315607916963456 0.46376921120929626 0.4365249626995309 0.4454924853739884 0.4029095215645983 0.3898358397753357 0.40353084110624216 0.3976675712761229 0.4228768944848714 0.46753698830693996 0.5078719296806031
0.32135752581335714 0.3362582718883589 0.31732081649190136 0.3358412639219503 0.3656779128171618 0.4002989935823898 0.361053793579523 0.34950446445249805 0.3190147977029651 0.2990729736567738 0.3634887911852231 0.3780545653210715 0.35208255866598015 0.3764832787851228 0.3912209037565516 0.3762081313786464 0.34921672495454165 0.34422552666083356 0.300768236168037 0.2809400376694787 0.2903361104508003 0.28654652231210803 0.2955992009619514 0.304822411637608 0.30443678538778657 0.35697301929753456 0.37537070992225074 0.34509919727716964 0.3395174675214494 0.2901609090416406 0.32954827705106543 0.3993266430485554 0.40599792050985095 0.4643728742427199 0.43168764140992083 0.41217682738644706 0.38578295319365125 0.3712973145734613 0.368589070131568 0.4082775203053559 0.43239061397010037 0.430767346409391 0.4824016246965688
0.29713912112270036 0.3088037385330462 0.3313717394611975 0.3263461817239344 0.32898816394939534 0.3436875429384211 0.35947583959126916 0.36367644965817214 0.3353194535821336 0.298989214807514 0.3427564506951173 0.36528490327122565 0.3736870612225648 0.3870089663730796 0.37946791020647236 0.3415329017144076 0.311700793790666 0.324423857873827 0.3203365789025841 0.2734371314690156 0.2829904090223882 0.28860638945292233 0.2905992181717727 0.28671353625035034 0.33048707441373903 0.3531603693656247 0.372829009920985 0.36755103376703613 0.3310986217730152 0.3207890888166264 0.35952290058626757 0.3598920191008403 0.4171830652297622 0.41277425490432146 0.391139897540707 0.3787828517248358 0.3707888632092457 0.3840284892958797 0.3740726198046635 0.3984901046218728 0.3862542758534361 0.44303896410970495 0.4985676340610992
0.28441831589426425 0.32082391343061517 0.3206804036464182 0.3143039809187783 0.3161796123876435 0.3591564944361771 0.35490933921484047 0.3487314505904449 0.3100799056620584 0.30337728128322894 0.3510661070655544 0.3251742031004823 0.3356092245594582 0.3672310076530894 0.3904570981766684 0.341563745561403 0.3381146186884055 0.2795911103620141 0.27079576180295506 0.269961072371614 0.301405628790289 0.32529303395852055 0.30118129860933174 0.27193360666096134 0.31675329748282 0.35982902268465383 0.3414839929232499 0.3612841829396532 0.36597075911849064 0.39095355240372986 0.38990374704977243 0.3700137155882885 0.3941269202871772 0.42614558869008595 0.38325438717716526 0.3677498360426879 0.4075292934580194 0.38173507551590596 0.3739580111043985 0.3786145046871474 0.40746526926044113 0.42093247078513624 0.4556213877598704
0.3026435619357773 0.3236204413173031 0.30456619866974544 0.32155918194345134 0.3506474048810494 0.35931800368421246 0.35653522966536866 0.31931984771772093 0.3215438032600313 0.29681097028178993 0.3350021360468231 0.3558140311946676 0.34096055774803796 0.3446209689003713 0.37025132258889426 0.33854343874815374 0.31986679530189355 0.28088166360535227 0.2992997747649976 0.2614846924525328 0.2706658226258062 0.2944653459517066 0.30274071335983804 0.305188161489066 0.3423190079010569 0.3068382823972997 0.31437052685649236 0.33503518379209624 0.3888032119061814 0.40534642846130176 0.39050636276888634 0.3807729234541242 0.38215671098378595 0.37518465816029867 0.4236981262414114 0.4225694061108954 0.4059979686311216 0.3699424353313184 0.40018128329907476 0.42560181064630903 0.4314755058466556 0.4362874920688751 0.4556853192190991
0.2610490904675606 0.27972048167219005 0.3137262889068711 0.32520251551859 0.29387377619548627 0.3079367146921881 0.31533775644979434 0.3095052707555133 0.2874702609812709 0.29769859351292693 0.29312336754464624 0.3208050499540514 0.34989534485400264 0.3582763715404717 0.36138763441364513 0.3955010827903944 0.3487156286081895 0.3344216497169328 0.31040614067212763 0.2638730325088789 0.26298060392319583 0.29389011171515883 0.3182138478068865 0.3050593097522297 0.33035420135535015 0.3188945283288783 0.28244139639740384 0.32013729432345905 0.35177777091710105 0.3703882912295124 0.35151815933536507 0.3344556484652314 0.3473294536200535 0.37923282205644293 0.4061277130845982 0.4103060288696525 0.4047007762723551 0.3957153035319974 0.4252992286812813 0.42379467938195275 0.42414155560533856 0.47278766723083737 0.4436006684454972
0.2627672276459734 0.28592680528009495 0.2790224228959981 0.29439827279991837 0.2826182963324535 0.2782685749185072 0.28287519688585133 0.30141238465920656 0.30028584280166615 0.33505699124692606 0.29856309105941453 0.35402920745652694 0.3741945582417187 0.3484012146081694 0.37557001262190093 0.37145050663108853 0.36425503748487265 0.38047999265345367 0.33014942841331557 0.31498535297518504 0.32158368840232987 0.32643369942729894 0.31093266285274984 0.31856316270743873 0.3015698773906056 0.2710809929178772 0.2837215431535439 0.28592726304011995 0.31149229009493745 0.35813491667601377 0.355694356378629 0.3346875850287574 0.3555260385062226 0.35034592254497676 0.32860177095955356 0.35999028513990156 0.3648637385071886 0.35800847823764115 0.38212783735681954 0.3948245340480965 0.41638891468759553 0.4627341258397615 0.44287050613756884
0.275893331053856 0.28335618133602325 0.24591407142106986 0.27730342854014517 0.28307230335129935 0.29945541553597677 0.2623151670145652 0.23801592432476046 0.3100076515168593 0.33804259968744227 0.3098644792114578 0.3512149713444324 0.3664013243378702 0.3662195618674229 0.39273620752142363 0.38260911339733744 0.3541933062252996 0.3926494958669912 0.35408660370235095 0.32083970007559215 0.3222307636774133 0.33931181701485585 0.28753625234039276 0.3165366504793331 0.27235946481307466 0.2634244041385775 0.2612038160546934 0.30429766239852435 0.29523709612926324 0.3146421607897076 0.2958233165513259 0.3038586398206352 0.3115463609875202 0.29265497200831 0.31803564775908155 0.3205207361335738 0.36409771669410584 0.3138453446817207 0.3541815038895595 0.3581434454842145 0.37126640240010855 0.41257896448529136 0.40249542515428444
