Raster_benchmarking/continuous/raster-224.asc
NCOLS 100
NROWS 100
XLLCORNER 1743153.7429765423
YLLCORNER 5469279.677463895
CELLSIZE 10
NODATA_VALUE -9999
[rows 19 to 37 of 100, columns 43 to 85 of 100]
0.4139629170448811 0.3718207065272784 0.35197841680283004 0.36873701489454913 0.36041513910510936 0.3438746124113452 0.3561026404476902 0.35395593353337557 0.35453738428758413 0.33325850446794875 0.34845793010950976 0.33584903205217287 0.3182042514335203 0.33336323412904445 0.29380313574915046 0.31041469950366807 0.35409658704968316 0.36239492305809407 0.3963077783105712 0.36416353404355606 0.32701304726992664 0.3370140050812714 0.3298972838418034 0.26913068230345466 0.25879284841956207 0.26000133796096514 0.25861956030789096 0.28372434043033906 0.2854728807282577 0.2697842748428472 0.2606012343666355 0.28850175899049174 0.26144290302868656 0.302871876671128 0.30421155893059404 0.27692504607205887 0.26509899355934946 0.2461374513307825 0.20189352766391935 0.2049238651356324 0.19001251723002857 0.16598310081926065 0.16521819269126356
0.4026021934813967 0.39826413094872254 0.37329322922096386 0.32758366630802227 0.33577588935810826 0.32759702057344875 0.3045307823457614 0.3304255151835834 0.33600312085571044 0.33067632155523247 0.3689501226288672 0.3400191187152714 0.33045398586207203 0.33238092210576126 0.33468437167901194 0.3118438835319954 0.3576241019898458 0.3546191376842491 0.383210588940209 0.3745389752397738 0.36223419520907324 0.33569598417879715 0.29672429253328997 0.27642805501911955 0.29236787645467954 0.25358122330862215 0.2759271926691434 0.25824950080032155 0.2873891552184521 0.2773092835424399 0.28670329373565984 0.28005586205863586 0.29463666404890776 0.298103270311776 0.31598122276995894 0.28026640200117375 0.24202268665021565 0.23675868960102023 0.2408422338521968 0.20895172345083218 0.18961893960073775 0.19238756537794283 0.15980927960454985
0.37175774923798705 0.3607914669261428 0.36568333547433995 0.3375810315753444 0.30525838282139534 0.29058181619335344 0.29011278068578966 0.3326466912681012 0.3254685752935637 0.3347774093512813 0.36876643329920555 0.34817586262756306 0.36147072923660867 0.34391970097103525 0.3363911639288777 0.3355799372065561 0.35127251067773757 0.33913750515438257 0.3363086805320917 0.3555686177987544 0.34551473700177493 0.3336872749286909 0.29376361803405343 0.27854740924434535 0.3125780176011914 0.2945640455210411 0.2589866731047016 0.2678346580162392 0.2775585747893645 0.29273481914565297 0.2905058020867717 0.3070722216551918 0.33238422792816513 0.319810473578419 0.2959228419063396 0.27239972381894656 0.24663399211343853 0.2541168223386848 0.2249159408224432 0.23501099789753388 0.22011096139721711 0.18915094406826527 0.16595346309814207
0.37061966370850236 0.39677964720471465 0.3618732289243585 0.36606384769660105 0.319729595707459 0.30778728629835306 0.28237776625977956 0.2959486111980827 0.31645602677511087 0.33839086262807877 0.3481799106260892 0.32648186507996274 0.31732557043478005 0.3095475557247497 0.3321628579273351 0.3191334175169985 0.35075099119694236 0.3627427524286807 0.3385819376013379 0.3640692734949876 0.33478673227832617 0.29966045721110196 0.302391354079868 0.30665894472302485 0.2893280626678905 0.29342564998572845 0.273638343426428 0.28796598923694267 0.29552488500248236 0.30462717173948295 0.3120956914856665 0.32317355711159024 0.302702085595631 0.2972518992500716 0.3005333745446048 0.2929634822735538 0.26088850675823133 0.26728428954067024 0.26225289017173986 0.23642028737192533 0.22102865140426467 0.19782598015398767 0.18327492968870734
0.37683776709798467 0.3881130777150165 0.3876216909812614 0.33521763926944365 0.32102733043704945 0.30316237771017895 0.27958695243424814 0.284859202912615 0.2834436525929319 0.33687345114983325 0.33513007687569013 0.33246232083945865 0.3122153111714272 0.3151282898034368 0.31448114960236 0.3069678401909908 0.30208014828259755 0.36533586665053985 0.37281128927125184 0.3687421179146282 0.3284590806549116 0.29900317676712224 0.28469584400258136 0.31913146533770587 0.32448663009746365 0.2953799669163881 0.27917181073536423 0.28885411532203226 0.29693019763551953 0.33580881947718383 0.3547681694602569 0.33498833134736394 0.33377371996049093 0.2991629070157732 0.27271860664589836 0.29684729514941155 0.31614189788000796 0.2827279033722301 0.2626778764575745 0.25208825094151194 0.20216332543677024 0.21684039822975276 0.20139172337990968
0.38405887428721225 0.3677345679302817 0.3613334550549487 0.3529719418470479 0.34317631949238303 0.3308328484663564 0.3057788924774979 0.30019076434235364 0.3086033575543003 0.3083187829693461 0.3439023502499426 0.32911053121098005 0.3195449778058078 0.29880237869814336 0.29903443007837044 0.30414903257331577 0.3158091121407841 0.33779408877793726 0.3520649694177213 0.3353719569696176 0.3284363807360281 0.3152613600825114 0.31920957472706657 0.3370628319603257 0.3376377488065701 0.28488961979292216 0.2650188450512785 0.2817886048216048 0.30223095176303133 0.3440336435731075 0.3619716109019797 0.3376717650654106 0.34013507311555563 0.3280098062834871 0.2999805341685061 0.322450508280997 0.33524031426484896 0.31727701285394266 0.2833320654764177 0.28010079866728516 0.24137970911772103 0.21461810408107318 0.21160946274653317
0.37894266543856675 0.3477461803378775 0.327644927482539 0.31588000113981524 0.30120053581014977 0.34540760153888916 0.3427197341695902 0.33939298044822813 0.3418732285216447 0.3478258992664589 0.33005789562473103 0.3332393065656084 0.3237498554624993 0.2935349339489268 0.28930912265592545 0.3090254273117151 0.3251883482362393 0.3640605107965214 0.3428164961761631 0.3633063330497512 0.3676175583147529 0.3479984576891522 0.3592814690059845 0.3231417542992949 0.33830893382051147 0.3037925350863714 0.27576852562918974 0.2910369015871388 0.3413651939612444 0.31960335340963436 0.3429255451858858 0.32442103468115296 0.3707015382819217 0.31327832979791065 0.3068763866882751 0.3503343954447069 0.3423651019806774 0.35873764610016345 0.3291241985172315 0.28486686920527216 0.24344828771523305 0.22449277198925383 0.19352210887917415
0.37482752435508493 0.3650884050073237 0.32997832433170243 0.30192452996296715 0.2977337153764923 0.3303016514986411 0.349787568465544 0.34500017485108064 0.3292712238713508 0.32380874751885425 0.31303691798740507 0.32486299261178586 0.3577000959734889 0.3332790879539685 0.32871222773307485 0.32920674121893045 0.3574848002337681 0.3602369968319541 0.3865719951683374 0.3571296123663139 0.37872216615013105 0.35472274852483526 0.34877832816764187 0.32174072477892135 0.30904885470554694 0.2923640288346757 0.2699188584358788 0.3048557358911588 0.328346230546931 0.3171125706345 0.31435126837932004 0.33453652655797833 0.3274558873660141 0.33795269692362545 0.32784951331851947 0.3533171296245841 0.35240414779077484 0.35770681864590476 0.31977877167548463 0.2686580048918609 0.23345328644933863 0.2224060682040486 0.18530961043986116
0.3858437961108265 0.35431882883804894 0.31434137511098076 0.3347159528855948 0.314291653990649 0.30278561331794324 0.3061542297521805 0.32199542347242527 0.34346865734411963 0.345275759839552 0.3440679382295464 0.3362478996511137 0.39270021031991265 0.3530976552332045 0.3362830931374702 0.36218959151729213 0.3925997998596583 0.4002313501517449 0.4050211698786716 0.4080969635357669 0.3953943048146901 0.34891963396990816 0.33862043410470105 0.327251048209923 0.3192211942117335 0.3254101618323184 0.29712457813943105 0.28559402502039455 0.32537364449391215 0.310242029153881 0.3169327717190815 0.33432058480768057 0.326064839140182 0.36806797783238276 0.38568731773495923 0.3348339197150877 0.34946869865433033 0.34311539132939134 0.3317428611855802 0.29406825088435334 0.2598714528838392 0.23618157231670317 0.17835230652729528
0.38459694483105417 0.37923039556310817 0.35686453758734044 0.3749434021299452 0.3789230008197491 0.3465453376946124 0.3309674448741532 0.35599596136077033 0.33895716702899903 0.34934995659838225 0.35937272652631824 0.3732476654251477 0.3631127218199879 0.36290259795533714 0.3634746793001045 0.3983465081459272 0.41594473172571 0.4081702553823075 0.4012696522846085 0.3830536015259743 0.3601735781122629 0.3455642022436946 0.34321872609837695 0.35277343796174304 0.3316405193557912 0.3184489249930677 0.29355917058901004 0.3055452277092249 0.3035578174904017 0.32886434559487837 0.3001843172035643 0.30531380715227746 0.30503448430050645 0.33650564213817874 0.3418741156438982 0.33087209730685063 0.3529647492141558 0.3247724201754472 0.3318034782548051 0.31023397629060645 0.26864519751230737 0.23034867069235598 0.226915977691659
0.39461165437692963 0.4091811254537341 0.4026917427589632 0.3728960311151028 0.3889544254160971 0.3857690819047999 0.39920183678865034 0.3786427589321243 0.3984622986955678 0.3666247407171471 0.37674503725687897 0.37156822654453414 0.4145674649362277 0.40219680176853356 0.3622211092102475 0.3675144320747073 0.4184151022022064 0.40934037602514345 0.40652760669345955 0.3712725845372628 0.3568196064347017 0.34474762994944635 0.3742731335579783 0.3522621756870456 0.2999299995437044 0.2853293559179893 0.26733340626399893 0.2879256217919523 0.3096996164196325 0.2934981905915158 0.304158950599392 0.3256191813294081 0.32205048240549605 0.3250425328147371 0.33127317771085935 0.3524953440708991 0.3489011762152845 0.30004546325642734 0.2973084711643444 0.31266573184407453 0.26056651752340526 0.25623294776227634 0.20281871820388778
0.38816799775973415 0.40573507570999817 0.4095491363286304 0.36739981243375647 0.3965139730334631 0.3692364286392086 0.3858622472071742 0.4081568845596696 0.42992125074374254 0.3887383613095338 0.38260602847688474 0.4049658309396232 0.42246636788582975 0.4104733607513679 0.3791484962347718 0.38381540853394297 0.3807192332893611 0.39217531502502967 0.380623482449703 0.4071011271475128 0.37449270727413425 0.35143675143509967 0.3359842030920378 0.3376622354562127 0.32082945981077826 0.30898578315064473 0.3079160609356108 0.3263385251093747 0.3097526370246569 0.31073280959461025 0.31488268213390896 0.3198767744477323 0.31570052542936045 0.3293536718777749 0.3445515911857291 0.35246531722052776 0.3285842763326054 0.31944095894081037 0.324127399099557 0.2950216021218544 0.2538280419425958 0.2591897866580437 0.23968979239199648
0.3909656019935467 0.3851885060192485 0.3876139387324398 0.3933857967986481 0.36967771268764316 0.41092446963051843 0.41229630793509264 0.4107466700474513 0.44554029914668836 0.4104628303430547 0.3997721580425144 0.4144871463054969 0.4257868382040185 0.42870364685684054 0.4338774027212359 0.41833544568752623 0.4118709367615648 0.39425062811025147 0.3961042849580709 0.42375124179277346 0.3998717542215048 0.3782509665594125 0.3616194319886215 0.35931133370575774 0.3214184935047495 0.3211396452569553 0.3091024367608089 0.34774984871149 0.3323335512895026 0.34439500351608293 0.38200105952368324 0.36127658092923215 0.3581928414333407 0.3290976578821343 0.3073746915657505 0.3148522725342507 0.3388086036331528 0.35838245659141793 0.3642446969434866 0.3314872445730215 0.27857896127386006 0.29306759784946 0.25445939537055795
0.3887726194877317 0.38595910672613803 0.3830960591667005 0.3610031699432629 0.3983291896558083 0.40278119328343365 0.41073716128479204 0.45190202473827074 0.4192251093088619 0.4178328394157864 0.4147710101051773 0.39840070984787723 0.4358650340581562 0.41129697310306756 0.435819278294294 0.418182799232929 0.3958804950858341 0.4075477011268721 0.39738845236094716 0.4261447865646311 0.40205283820608934 0.39812319472133917 0.36119514144887493 0.3276686605825405 0.31082006339001206 0.3362905046959617 0.3229113317694016 0.35387542845907854 0.33591967036872916 0.353225170277447 0.34522929061326996 0.3698648874330562 0.36045948936725086 0.3124530620954096 0.30865292269399563 0.34568255049609287 0.35959197332392867 0.339397866621248 0.3714163073663243 0.3266291904408042 0.31301556916217743 0.30792186053511755 0.3058429298420543
0.3544208765648659 0.36080458844137187 0.36707634835561564 0.3803832032825742 0.4020643483829663 0.4321197781436372 0.44999340531635973 0.44952663086188965 0.4220168663908573 0.3960016658129156 0.3847836606553458 0.4343322597868802 0.41770722978534386 0.45087178940602324 0.43807586484998706 0.43391545704268325 0.42458901253575765 0.4214518559162176 0.43047794858350336 0.4189891871637541 0.3974581332485313 0.4049500568705423 0.35616171812392977 0.3554614828005472 0.33868070916307474 0.3253962090580219 0.32614308311710644 0.34563939654310727 0.3579016354921325 0.3636764005991481 0.3460235415258957 0.35846448394334013 0.32368669935479555 0.3312750646226588 0.3271390099398868 0.36704157951659716 0.3621653401651205 0.33239277916732773 0.3711187095288906 0.3104998498895645 0.2954180688890697 0.32969519969431116 0.33294113778031753
0.3454173148914053 0.34563495396016286 0.34964108012701817 0.39284285217346493 0.38790307253058404 0.41236843997740985 0.44598350579200974 0.44060299812626935 0.4467480788688443 0.4354345594946414 0.4371663290238975 0.4483959035200265 0.4541248794957877 0.45200829586961844 0.4370074629768128 0.4685277704967437 0.4604064180489234 0.4597774536117815 0.4511043216625261 0.4206184629329411 0.3945124558427379 0.39161983327757527 0.39471895104460236 0.39342457974592265 0.3727924141400378 0.36351386254024015 0.34159336105457866 0.3626549096972886 0.3690588453202282 0.33122708194178024 0.3365146244016778 0.3388175266666527 0.30153131453830534 0.3263488150525949 0.3099906464291972 0.34019125959416646 0.35030859076662957 0.330838214131844 0.322997276918106 0.33194741861604876 0.3360931872543531 0.3409354781833144 0.32136970275873744
0.3455780595786131 0.3302907021005664 0.3412288871297146 0.3803468394622276 0.39192208232679465 0.40634800622808775 0.40761666057988544 0.39914072614805474 0.4012156992629402 0.44857559055132107 0.4533009896061622 0.4476087631477591 0.46567121072627987 0.4281878060439826 0.44320654837685863 0.45616484984926325 0.4852239491472568 0.46545275880885734 0.4453153872294617 0.4348801113387164 0.3952419051273784 0.4281371491462491 0.4196458345587395 0.4272416303705778 0.41363101634950866 0.3830507203368138 0.36784327074717454 0.36166206040731036 0.3486930792779075 0.31899867991821457 0.31120687827622895 0.3178463023661696 0.30868089501807366 0.3321534502383836 0.3361208939011955 0.3583138373687737 0.3406168822374517 0.34619924089851073 0.32877638583601165 0.3483445773574201 0.3327458187517054 0.3502923707546501 0.3657466116771164
0.36922125424762586 0.37033546014536295 0.38831042439157937 0.40827736085846217 0.4188016282995154 0.39239880868444726 0.388511426428474 0.4135691631142951 0.4143859168961164 0.43748955877286744 0.4524401717175442 0.451490782846195 0.4304929138476155 0.4439389523478719 0.42847554888446643 0.46323856953608117 0.4584551991389343 0.485948920720647 0.4558684030656031 0.43600237551530835 0.43877933382837636 0.44552899560656767 0.4346741000252733 0.42790012732233607 0.4072331556941685 0.41478850890511826 0.39915454946506307 0.37025595993967425 0.38471669894668253 0.3533714229355371 0.2998322354896261 0.30201271639490074 0.3347539147225847 0.3327854743191731 0.31793034449511814 0.3342804463987918 0.3174243286636469 0.32925302320799094 0.31165601395973025 0.3341759134026433 0.35093671562060336 0.32196089932519834 0.29181653162537036
0.3853837526699562 0.40960936837951045 0.41051934328417544 0.3972420848130682 0.4148951226154867 0.3848822015278541 0.40336488589837677 0.39097959518685066 0.38604407849952393 0.4138635016119364 0.42504865298273864 0.395070488890149 0.4015487062118845 0.3946894620446962 0.42358732702845964 0.44168927184540574 0.47861429178837195 0.5012086856796929 0.486648141360303 0.44636952643758804 0.435533730531334 0.44939591622617764 0.4585260171427799 0.4580620193164628 0.43986617764700503 0.4093440687072295 0.38999779488542596 0.41841483468997176 0.4110425230546337 0.3775171895006648 0.3251638080693472 0.34216974739438966 0.3230212020718991 0.3341189395007144 0.3057075508119865 0.3432585866493856 0.31522897796463706 0.3382382211266843 0.32551664706553013 0.3129321102375633 0.3237509870250017 0.30290886525364036 0.27252991656195497
