Raster_benchmarking/continuous/raster-469.asc
NCOLS 100
NROWS 100
XLLCORNER 1743165.3244148584
YLLCORNER 5469295.72155891
CELLSIZE 10
NODATA_VALUE -9999
[rows 19 to 37 of 100, columns 43 to 85 of 100]
0.7602749624941632 0.7727495477909508 0.7681336091025295 0.7782396846012697 0.8356212037372023 0.8034456198212623 0.8211400234813973 0.8069711201940893 0.7545533025863856 0.7573177735771682 0.7593931273841505 0.7684866233723812 0.7390172580043084 0.6855545424595774 0.7024573218047696 0.6538428747807071 0.6335481499586441 0.6785988013111811 0.6806780336794344 0.6806933918326497 0.6793700054609347 0.6373569013791647 0.5839985391802807 0.6007316268773208 0.5938246794171133 0.5832807192141417 0.5749078942982893 0.6165405049785181 0.6592342741930132 0.650574845939536 0.6571557656753975 0.6444259740125183 0.7020873137390775 0.7011442846363996 0.6741034065675872 0.6717011498824005 0.6609592701178707 0.6745270461185472 0.637736389317931 0.6392915699125312 0.6272506308551941 0.6511766818314346 0.639009426452064
0.718888358814264 0.7614274571509689 0.8000255064344804 0.7989805973531716 0.783787002594092 0.7827777274844565 0.8235527849461377 0.8308954761954147 0.8057984362882532 0.7865793741576804 0.7496187143798597 0.7274573963518786 0.7360355548717888 0.6938415389280399 0.6324280295176612 0.6221257516638307 0.5955644179971653 0.5953336158847728 0.603023431280126 0.6381414389957426 0.6355134517195871 0.6237914792746343 0.585158464594625 0.5538879713684006 0.543640854006503 0.5440557064617931 0.5791143333944755 0.5700473643162103 0.6021860495252228 0.5849269673518588 0.5757958465673034 0.6033950253470434 0.6118369774568427 0.6281244497258917 0.6034246535840221 0.6190879249719455 0.6029856801151945 0.6120342668167665 0.6365245739265989 0.6163051124210662 0.5887428284435184 0.6285132982840897 0.664824848031781
0.7710359240139486 0.7869712486581945 0.7989961544955615 0.7873287976321348 0.7913785442473505 0.7904591806568065 0.7804110449079201 0.8199492301098711 0.8681596207740105 0.8023847771638288 0.7606137019734575 0.7501824742332843 0.7163720356782923 0.6498959307323052 0.640920598198449 0.5881338462563391 0.571542564058942 0.5502315828879795 0.5727739242853732 0.5986545380922076 0.5932903141416732 0.5423229675594616 0.5557268058125223 0.5379532779849129 0.4790262496291869 0.516348780425957 0.5009552870275714 0.5307068081490424 0.574315577256549 0.5519341275650242 0.5567743005410568 0.5564850421831433 0.5647292384298205 0.538406299467061 0.5606522179535763 0.6114259166999094 0.6382089348417751 0.6034930543540324 0.6341988526748957 0.6390746827158207 0.6000795302440955 0.6232246957072989 0.6165591410160587
0.7204022940186046 0.7625114595474991 0.7655021069895442 0.8065638960494854 0.7826639557696343 0.7777602710475712 0.7990441248962813 0.7898395323960978 0.8063976558251783 0.8262683095626048 0.7782243278620548 0.7312282924044438 0.7014615989116191 0.6712175060450739 0.6657980010711664 0.6065891411229488 0.5582057276506476 0.5726592226035915 0.539959310101378 0.5524597915818089 0.5649154297676486 0.5276257520340704 0.5305620070392484 0.5075141159208093 0.49491132499338325 0.5223987659237889 0.5433415986613109 0.5583064733578453 0.5671393943296374 0.5299466269963464 0.5598350283214307 0.56744551195899 0.528912903914951 0.5221245681407282 0.5586045701084381 0.5600990812156619 0.5798026960082844 0.5792115401813943 0.5881703530043969 0.5914179270082189 0.5718975684888298 0.617179852678101 0.6247117435462161
0.763690183485763 0.7437673145305718 0.784471474245893 0.782005510673072 0.8239458215515821 0.7582633011700827 0.768803577139756 0.7484644085783261 0.7678102447905216 0.7678249531461447 0.785883339793443 0.7278195906868278 0.6698587008017717 0.6687039323123216 0.6599138640998876 0.631349787160841 0.5821488729606816 0.5459911764589559 0.549455463425242 0.53907083357008 0.5544668926480605 0.5198125058091002 0.5156952717907417 0.5298071764137003 0.508648995703249 0.5160299957687139 0.5877239051082376 0.5639210482346273 0.57341731207353 0.5357808427867595 0.5301371478962045 0.5299576370968179 0.5314930700699715 0.5169009229596317 0.5347119796578044 0.5721196038802514 0.5691402236874511 0.5378542075587693 0.5758067016670989 0.5420681013540534 0.567162317759832 0.6342080706110921 0.6700152188127739
0.7381165452327457 0.7423226990039352 0.7571689987954229 0.791136505611154 0.7827682647007282 0.7494723281003582 0.7436855440575019 0.7232372053630404 0.7218997176595864 0.7380248949938691 0.7585996211993479 0.7245925930529616 0.6735952885128835 0.6401006715289113 0.620852011410373 0.5883976488636825 0.5660398572620813 0.5919596918967123 0.5705209433232097 0.5780052646098598 0.5636674555415414 0.5372708334925925 0.5532322274662725 0.5330677350828398 0.5444645409571619 0.5735881635702416 0.5949547706875914 0.5494143852463366 0.5350718609715247 0.5505904997909515 0.5461896192207142 0.5541762900982901 0.5601759237561437 0.5646591551149711 0.5649940859907602 0.5636319091607053 0.5760555026935185 0.5489687783333225 0.5477089513885008 0.5475368192578834 0.6146382515165731 0.6489527294776869 0.7003896404396128
0.7739059296553935 0.7222947718071753 0.7408426553572254 0.7294375340035868 0.7730284250955946 0.731699717062579 0.7150401050123159 0.7318868016005097 0.7012078021322685 0.6982301264659073 0.7184853344411489 0.7113782993766835 0.6590586117458859 0.67219194522566 0.6637486933646994 0.6117262146547824 0.5346329870913499 0.564134416800457 0.6138902281567726 0.5887755459020224 0.5880827419500079 0.6143973971051283 0.6137337882615942 0.5597657488151626 0.5924583879798371 0.5939168336495771 0.5455919108850601 0.525829959446843 0.5797847837194465 0.6015745542295251 0.5824603210063773 0.5581750605823842 0.503077702332868 0.5528974925020155 0.6094837975026027 0.5700308829773837 0.6000114282237823 0.5489667383576196 0.5567891682644256 0.6170308137481257 0.6236315505040603 0.668150899480406 0.6970767172172272
0.7169164216041602 0.7400644227234096 0.7617444991743981 0.7290818498290222 0.7560227284476412 0.7263935807200314 0.7021598937376877 0.7076622618878634 0.7345428423831838 0.7349650890721692 0.7381442110266951 0.6818742894955478 0.6654479433734676 0.6446952138905561 0.6270054568920047 0.5919942016807362 0.5882291266308283 0.5548472433144839 0.6031718053684688 0.5801997408573425 0.5873725269171339 0.6082044654452549 0.6149875077845803 0.583602804208344 0.5686251079225397 0.5393554374975364 0.5116753765182425 0.5441014440512127 0.5942309089509216 0.5648526813481891 0.5767556585914287 0.5293566850615397 0.5588716891486417 0.5841570670403482 0.5861676086649068 0.5935358311000307 0.5505082408990036 0.5622003707587387 0.5756501339273665 0.6166239468821338 0.5860789545073851 0.6411026859587085 0.6536534372672043
0.6791097085453547 0.6886174307690135 0.7850053065383273 0.7522877448421599 0.7372939377216565 0.7304700786274911 0.7362426818771679 0.7061074466148133 0.6848000487752872 0.7192552927120084 0.7528391605518696 0.7238352107820358 0.6633464957477658 0.6306327221195984 0.613690840907663 0.5966278748801839 0.5614717478182878 0.5586820890338078 0.5611572455718383 0.6067301860002967 0.6089560078499537 0.6121351397332274 0.6035072390411145 0.5944427388321966 0.5812860163720976 0.5765679484439354 0.539276422158838 0.551315914714593 0.5571707422596746 0.5170000465461425 0.5136569852372288 0.5345884926948171 0.5487194926694644 0.5883727917676738 0.5856488465272699 0.5872351313767419 0.5505158566694678 0.548383437389708 0.5982349743423834 0.5496607921870639 0.5722513590606092 0.6016817165299263 0.6714764471303405
0.6580264221268995 0.6756065302828215 0.7169902558851096 0.7382017627937352 0.7215882713026294 0.7585507624318342 0.7307007563245698 0.734219114288958 0.7223284243692213 0.7558576707821035 0.7185147493250885 0.7441932750368174 0.738194183247173 0.6762778437337843 0.6406937903042245 0.65156446363614 0.5872452519683944 0.5891375817603655 0.5621379431339746 0.5688477623003151 0.6061252088354988 0.5911805598988503 0.5555252797593108 0.564622183204258 0.5666126836060683 0.5717776369759475 0.5091122189066253 0.49746125141479014 0.4730791876948401 0.46838193454437227 0.5008056999857727 0.5326280931054223 0.5655640337627578 0.5484207231626663 0.5187822356158259 0.5350168536426173 0.5237738993885456 0.5694806016369762 0.5825084771636759 0.5275917308512791 0.5622646206200224 0.5671335653816254 0.6036677696818094
0.6166078465636654 0.6737138742826273 0.6691498251115242 0.7304307792889997 0.7732188406665105 0.8026747836034404 0.783583429245695 0.7781189120117873 0.7651367042728578 0.7565659065784166 0.7001301217453798 0.6889110898524012 0.7429375999319936 0.7326787859716932 0.7113922811078884 0.682427189997677 0.6037671695210447 0.592517953176355 0.5794725007774582 0.5855875830766639 0.5690296153645361 0.5381608151174504 0.4968742196793864 0.5379225932068313 0.5333208794274951 0.5099590872625878 0.5046437655758905 0.44677766325636015 0.45367709130571543 0.4981238027285898 0.4688388556800472 0.47858135880988645 0.5047958669696714 0.5267939205845606 0.4861926303602079 0.5483960234386958 0.5585859179536841 0.5407404077203982 0.5466309565179357 0.5478234382094876 0.5210297767294193 0.5210045670774018 0.5816727773580278
0.6524088933353595 0.6311250265177147 0.6998106918133971 0.7042090371528585 0.7244665592514352 0.7785414368167093 0.731226709601531 0.7564787266095021 0.7424293620797812 0.743747666767842 0.7082874462091289 0.6851521776022605 0.7026839663309408 0.6828094901151709 0.6647388806590615 0.6770448350075474 0.6638204533735705 0.5894515810106004 0.5582315803644172 0.5670858874442954 0.5508831687779104 0.5372054742985733 0.5165859180492148 0.4938215115716563 0.5176697800114969 0.5247440143116733 0.4586785852777341 0.45678568810771847 0.44416461525364626 0.4799734749013016 0.47826508971480763 0.4992607317366323 0.517834461474692 0.4905812278116153 0.48212178245994297 0.5070107042509463 0.5031141245228613 0.47107986004606656 0.505030796383415 0.5255374487265592 0.552150824496393 0.530598619209445 0.5918163915042934
0.6039946462639176 0.6082073413667426 0.6866286956051214 0.7021069245671533 0.7407030162644377 0.7449954768579155 0.6972455690394065 0.7358150969676375 0.7399780781628493 0.7408600656905787 0.6729143279231872 0.668179598982615 0.7159558985830509 0.6818508557304476 0.6609333468476755 0.6673258743169082 0.6520077413070687 0.6021632236148337 0.5398279592012422 0.5706545891277901 0.5903329353043 0.5320568073009082 0.5056648577458215 0.4817810482065122 0.5141285551656003 0.5133173301670373 0.4781592670965036 0.4701605339954152 0.4760818172814216 0.488800717518338 0.4865182113320115 0.45999383566346735 0.46615805106489283 0.4680759570318538 0.4821957620616781 0.47973054038844126 0.4292923567245452 0.4479115862872194 0.4798550797648385 0.48996773513836517 0.5087650125964004 0.5171703710204436 0.6005483843169346
0.6236967657406277 0.6022497409905555 0.6147564485019174 0.6819328359615325 0.6443218626727691 0.6541853963072087 0.6455439741635862 0.6791758676788604 0.7157516586160841 0.7047699107447868 0.6770600440912262 0.6436633072308523 0.6449050233450905 0.6609151300727614 0.6808811661061593 0.6625971481715985 0.6138485943798803 0.5830637606683877 0.6190918424045101 0.6143847038662993 0.6179112771081583 0.5714488846142091 0.5269016994674678 0.48890398296572946 0.5321072797451462 0.490174504455112 0.4860419402601857 0.4351209487789355 0.4157698205885812 0.42466750491254146 0.48748500958254637 0.5023093538757418 0.4874766017445122 0.4560284039306773 0.47140192626725025 0.413646668407099 0.42437919777717686 0.4552072706795265 0.4743263598649551 0.5008510082720984 0.5362977408029816 0.5485715141692445 0.5479799076776444
0.5472764907740364 0.5887237158464741 0.6208944329536378 0.6552271009051434 0.6084092978872896 0.5917404433794975 0.6096777367961322 0.6266228391020543 0.6794333283393432 0.629273230777915 0.6048480868701149 0.6177351820597892 0.6234944857522761 0.6799481990190651 0.6861859115937803 0.6353770402976185 0.6074807200625664 0.6103716780089203 0.6130664213120656 0.589512107442426 0.5861212448223495 0.5384470814329974 0.5183715237170753 0.532557557224128 0.5108106820128646 0.4945451889436548 0.4681967676346479 0.4336551793168411 0.3743516167030449 0.430646770009723 0.46685105209213756 0.4932755430639889 0.47082102394946224 0.4572380950332724 0.42976441953707306 0.40198890643219837 0.41080713686328285 0.4174156213283698 0.4428737111864386 0.49656762300511387 0.4931269382509537 0.5224074111454987 0.5321466652500084
0.5239178440664226 0.5822145797491318 0.5511270267443195 0.5865354665870769 0.6255807691576313 0.5925337010935999 0.625295199057358 0.6348725768294308 0.6485725938336635 0.6314868726847211 0.6355891072598195 0.5835075772315492 0.6293194628983656 0.6227447484549892 0.6422578031938636 0.6660291124987545 0.6490170755978819 0.6148110561969841 0.5982073912874063 0.5792295666752691 0.5934003010933573 0.5804001309918775 0.5185493581725372 0.5355167990201535 0.5203870083944063 0.4645369335309262 0.48925537740359987 0.4548368697693913 0.4373740506880331 0.4474270507784524 0.4245825347985909 0.41768741794985176 0.3987303226186537 0.41800604504488126 0.3827707764261553 0.4082891289054348 0.4108698262145904 0.4062110162715602 0.42714771950103525 0.45268414834097886 0.4954136650603939 0.4987654749939091 0.522386322334956
0.5101975744267803 0.5157761916464659 0.5221856436692455 0.587833463484505 0.5958381820786478 0.5911314728929955 0.6370040504769644 0.66938333221273 0.67621571673304 0.6158928223910572 0.6113347116837469 0.6156775407974248 0.6250893385942383 0.6378304289075679 0.6804236816887821 0.6550998871115692 0.6666653397108641 0.5974876770794851 0.5791160256297779 0.5921406564685284 0.541029575013108 0.5353710419209362 0.5449421947487262 0.5134027198256758 0.500436109649853 0.4714453251394476 0.4742334679945895 0.43582852510313647 0.4437572821135589 0.4350279551368911 0.3725068438345412 0.3550273839098183 0.3844285737982518 0.4035135582381547 0.3403132545203689 0.3739080695281 0.41734748409496525 0.40067462201217846 0.43688076593786845 0.4513646788476726 0.45407084822976296 0.4627236450018777 0.45507830890111695
0.5167167523550429 0.49808759084748455 0.527455221531069 0.5870811670548325 0.5896578994348788 0.6075950675439866 0.641000252088323 0.6563833744728034 0.6300590197374669 0.6122306071879146 0.5945382442795699 0.6445005684909482 0.6258198364816875 0.6337267586532952 0.7024752116384482 0.703281306828629 0.637242643027405 0.6140834005770599 0.6170171887194822 0.5914723659805309 0.5832315672606113 0.5582035261970675 0.5348098195471219 0.4736780525374467 0.5023998209654027 0.4569122074830848 0.45815555918604844 0.447333858848127 0.4250692480755411 0.3811560902715264 0.32656709594729233 0.33507453549872607 0.34042384261799485 0.3711381907573657 0.36620550692528503 0.3222990208308055 0.34903668382424063 0.370410641250027 0.35372298130536767 0.38992669542039876 0.44278570176955084 0.4195200340138915 0.48273499198630776
0.49895763734009163 0.4939386951317458 0.5185933299382826 0.5643950701358651 0.6115948311742749 0.641782533422153 0.6742546954533567 0.6354241887249097 0.6623900569980112 0.6536676519688946 0.6321494011628024 0.6735135382123923 0.648223691533133 0.6519527948386165 0.7088448149035014 0.6491716982383592 0.6555629362333572 0.6438941822566787 0.5866681699741799 0.5553831286816456 0.5604015153245784 0.553877223435444 0.4630499622298968 0.4405776806151729 0.4632123760721262 0.4782301800213908 0.4368169081768154 0.4366752543851059 0.44367880593271214 0.3954016614394644 0.34806390645121754 0.3348280569918693 0.3534742525868612 0.37450690658423147 0.3044190813890517 0.3270734243988176 0.32586952670684394 0.37413281107076585 0.33580013258679553 0.38954093871026735 0.40425441749158597 0.3855511498274593 0.4515822986150163
