Raster_benchmarking/continuous/raster-205.asc
NCOLS 100
NROWS 100
XLLCORNER 1743165.699747235
YLLCORNER 5469294.451323407
CELLSIZE 10
NODATA_VALUE -9999
[rows 0 to 18 of 100, columns 0 to 42 of 100]
0.3501956464198212 0.34713347117514237 0.359787256927615 0.3519332504886638 0.3605455091470401 0.37656306498303815 0.3991732251457118 0.36622605040626904 0.35473300094897436 0.37037231334588616 0.38165648993645557 0.4011595409215877 0.4003553898111992 0.38576339775679036 0.35271230560132966 0.3897761465459982 0.39222521189275555 0.4038792830857909 0.40841373237868556 0.38911753954101064 0.41200669215171765 0.4220053422990223 0.3961964823582553 0.4065037336218943 0.40547315836540093 0.38252041343688836 0.38350564104277923 0.3524889858113745 0.3276275569101489 0.33368529185223333 0.31776819164075654 0.2766259063517276 0.2696503233307997 0.2570786496538087 0.19604334607807491 0.19344148728059732 0.2187466889214776 0.21960581991228778 0.25052436159372415 0.24770228392735397 0.2412281143109333 0.252251957642092 0.28185045558208305
0.3432971230050771 0.37328465652628345 0.3601469994376976 0.386360488980914 0.3790955840914984 0.3853005667832895 0.3899335205243945 0.38493605875401987 0.39201075834827726 0.3746077463837607 0.39709814743466293 0.38914785886490544 0.40359535560352006 0.3696826909952738 0.3611228901525231 0.3725267055527522 0.3659359556170989 0.3858558643210546 0.4044790537713762 0.4262484768392261 0.44538019609380863 0.4336294984228972 0.4090858307712745 0.40372998072074595 0.4012603373789405 0.4037780840101099 0.40343408516877527 0.3815276541136082 0.3490250440936035 0.3363141431032234 0.33390827902817316 0.305660685343013 0.2821461610987855 0.26700127300964394 0.22235994596966235 0.2232330190822154 0.21191319693954327 0.223855903661718 0.2452364334734665 0.22872788320396695 0.24663672030368156 0.25982911659937086 0.27332383320250586
0.33871221320735245 0.3833776392969067 0.3801481926609842 0.4033672936640652 0.4182529348631445 0.3950809874784878 0.41031737105002464 0.40295932297434356 0.3905559147588082 0.3964298867638616 0.38588895638658904 0.38981217785537164 0.3858579676339267 0.3706817951856603 0.3511949770537782 0.38559100979739175 0.37874061616104954 0.39859584529851894 0.40583345109961066 0.4210403396451756 0.43250836591604475 0.44596084008767495 0.42186939367765786 0.4162759575813486 0.40049861143103516 0.39664881935209745 0.3778807873915739 0.3920982461577378 0.3956355150858133 0.3817646430616141 0.37238602521090747 0.34062785115819233 0.29113013981383085 0.26440934634872765 0.2492454722617439 0.21663994242022108 0.1892632110906932 0.20660252364237086 0.2386070084961432 0.24465242016008773 0.2244129951816969 0.2539606936450962 0.25262302000655446
0.3419529704982383 0.3702828132296663 0.39994630746542587 0.407114845101648 0.42342962115436017 0.4104544204147782 0.419760294212842 0.4072534142521318 0.40803847329204684 0.4150819610065885 0.4064565239879637 0.3914434670410743 0.3789835907339342 0.3776446124234834 0.38223779611180964 0.38541043951791654 0.3888332813315813 0.41104147583575956 0.4077404134461584 0.41200145071776023 0.428843615103775 0.44757444595627516 0.4617239676164045 0.4362934961846464 0.4034433956747281 0.40360329005141027 0.38203514443811804 0.399020737396677 0.3892231069893054 0.41090575627292464 0.3912103106252886 0.3287173347732623 0.3149289005465194 0.2709733596947151 0.26314882967458 0.23573615608764104 0.22418324079769292 0.23191064948101647 0.23930445124921212 0.21512713914723763 0.2037775627685702 0.23013705534069248 0.23063537598596234
0.3489021606751637 0.37807298472478024 0.3902657225460886 0.393464622429652 0.4124900678312043 0.41534119260913605 0.40278697039119954 0.42441945960752997 0.4448397146966776 0.4448765926763521 0.4369983656002738 0.39993216002177423 0.39912482756855283 0.38320267920171236 0.39857579354256695 0.3874371332068069 0.41179449171250315 0.42030502149833004 0.40223270753821805 0.4103528735286962 0.46645495829548334 0.44206752251566334 0.46834560798783265 0.4466249554843281 0.43600965335384145 0.41773784790785584 0.4009231055456855 0.4092023440761532 0.4255707099948726 0.39850351654485267 0.3868458342535318 0.3572438343401742 0.3145452236012165 0.29080105575773557 0.2857352152227092 0.24668555817652568 0.2404660257677975 0.23854729144520598 0.22241554342641223 0.23326106686169834 0.19970201141920058 0.22042453600288747 0.23891966085023322
0.3590370503954928 0.3801736343291051 0.37910685091577084 0.39005224955294804 0.3984337140651919 0.40330930567956574 0.4292208980232342 0.4331745232005465 0.4368702611181816 0.4525698270065994 0.4253747289704084 0.4180239655324229 0.4148400414764507 0.4333909080862939 0.4336478063483381 0.41770522150193456 0.43672242997562166 0.4245517686674416 0.41678680130454354 0.42808109775816205 0.4447579500916073 0.44433019184539657 0.44138705186573757 0.4340722990544858 0.43200353098956323 0.43006831769264686 0.43461171831748113 0.4118634254238561 0.4300331382186004 0.4056043985527772 0.37513633812174235 0.3632034407281177 0.3109986655263742 0.3029863476186071 0.28868758553622176 0.27331225450127794 0.2485771565538136 0.25114929275001674 0.25376333227479575 0.22057379785390396 0.22697209329748322 0.21569625699211706 0.2338989407398325
0.35571256569171905 0.36741016391171866 0.39944989201456377 0.3838745443820832 0.3588473697078124 0.40577355758532035 0.43408791517679013 0.4124214123449953 0.42912100816495535 0.4470529380667138 0.457793101150034 0.4504955059626584 0.42088850587430476 0.43031246397538503 0.4616743408374647 0.4443409184024914 0.47217058850322435 0.44700109877082356 0.43258612318206846 0.4410174369901834 0.4441551386217545 0.44226157520800935 0.42994725468262135 0.453638465916937 0.4771291912402033 0.4755136086784766 0.4447893874834803 0.40982202948403335 0.4201828698162704 0.382092423042039 0.3549697533662561 0.3465619091599737 0.3304655154819074 0.3273162904370599 0.3037414529602165 0.26134946104364926 0.24507184482653707 0.2586589211855051 0.2644947241101371 0.23396045136319726 0.2421150635048025 0.24468594837479682 0.2407901743175996
0.37544716471703576 0.38028478098445134 0.4057298722975141 0.3974690803403036 0.4041170941849113 0.4187659271205969 0.4081238391073305 0.42812415950578003 0.4260085152170578 0.42704687341815845 0.4468380683508158 0.45582982362390906 0.46694561874676865 0.4603120789213987 0.46868926040966014 0.45738736377733924 0.46324400378514907 0.4416016603951972 0.42569273167981697 0.4314361126686598 0.4192732212914548 0.41749638084129664 0.442045005225178 0.46852577698825837 0.484406745298392 0.47419197687940895 0.4597751977044753 0.4394194754561797 0.40267634917032785 0.3965799066158296 0.3672000778377569 0.33453575974020217 0.33724550723910385 0.3194249427371014 0.31259290449144367 0.2793888831669144 0.281626835451766 0.2759287555831956 0.26004534759825393 0.26518937149762056 0.24608253038604133 0.2377850592694735 0.22017694822386508
0.4315128830379349 0.40958035997748843 0.40661791002441233 0.42514834732610224 0.42373190906281694 0.42869728993805994 0.41641455564463653 0.43826851484809637 0.4489358857429689 0.44399888088497097 0.4182757402372453 0.44723951268294737 0.4534079886885406 0.4565165227042792 0.47285595829352345 0.4533208979017238 0.4435176741170579 0.43215265515267126 0.42714779358923743 0.42936991206568353 0.41959242203799535 0.4220040000906121 0.4534034600670186 0.46054148812942036 0.4925487849837036 0.4745830866564954 0.45724922716461236 0.42547980925610707 0.38899037726499164 0.38554017692220566 0.37526518338794734 0.34139743572231673 0.352678793762993 0.3222752964719369 0.29470162635988756 0.2813887177664565 0.26007112862110626 0.29842041414181747 0.2978046641518714 0.27815384615462174 0.2745190709972201 0.25665536184546756 0.2181707713301102
0.4372075337443947 0.4255178244487933 0.410696842565942 0.41814985335632776 0.45201692353551914 0.4442090532461878 0.45858464955110856 0.44728513811783643 0.4456639431061326 0.4527363692766003 0.45091071447687947 0.4459646232723259 0.4616542998065051 0.47204577909766876 0.4492087934325905 0.42845791242201314 0.42363228129598673 0.42367025970681904 0.416715084225893 0.4179160151166003 0.4310443962883174 0.42567705224301694 0.45128261328418634 0.46775227704898314 0.4523179619187827 0.4439893251429472 0.43196098389685333 0.3999614771997277 0.38857820765633216 0.37939866356415486 0.38073458572165914 0.3629703567510801 0.36557704813989694 0.3334617462889593 0.31190225520567133 0.3098641226658267 0.28803744730624153 0.320363052680304 0.326386944965882 0.30976387044155185 0.27574279145509445 0.23731994114794988 0.22127081056165165
0.4816798186680772 0.467804854802345 0.44019135298451234 0.44087938761021384 0.46843313641499035 0.47121745899911327 0.47922905347736355 0.46927352925111415 0.441479579771526 0.4261825166536709 0.441838893765355 0.45795424241548205 0.46066433606224333 0.43958969974205325 0.43366801577238634 0.42642603266684387 0.433833963386252 0.42242284273049624 0.41819831221525355 0.4292740323505899 0.4442609844747851 0.4542918959865897 0.45838149782920273 0.4476412110884877 0.47740975437194166 0.4422531138642422 0.41965381047821854 0.38836056111761447 0.37174421043810096 0.399885191345099 0.4044905190168099 0.3647439313852621 0.3589232032462805 0.34195613983594864 0.35091334562174903 0.30978631815622315 0.3265150793188279 0.3126377209129253 0.3248539839972569 0.2940598458081604 0.2706084975517786 0.258593287781954 0.23345702750350555
0.47472041902317513 0.4774195546886581 0.47910436343286733 0.5045955411017976 0.4955425297785382 0.47990791617792505 0.4650745337206128 0.4567748789245259 0.4569123840784748 0.4381059632797137 0.432859626869689 0.4544662541289723 0.45637863149699337 0.43820646063959845 0.44813254239840167 0.428181908835562 0.44423694169681416 0.4351088612756723 0.45761710973116043 0.4677521029419662 0.4755502168983921 0.4549608325816713 0.43842639038792564 0.4353247573964912 0.43000361328838704 0.4245978491914415 0.42606869284456933 0.4045678098465308 0.38198422598427095 0.4041410615428337 0.40289052124158065 0.3875783528226786 0.39221850007834885 0.37281816813513136 0.3421203052380042 0.3204458107857885 0.3366417587191833 0.31837428781899285 0.30604050546907396 0.3051319134636877 0.30166045902316857 0.26439127074846047 0.24726380006074422
0.5036747157615019 0.4955972155043853 0.5225196075520052 0.5194317196140086 0.5145203365136054 0.48238624098922156 0.47132978467766595 0.4414084829360135 0.4323799445659632 0.4628317292553968 0.46393882538292003 0.43190066260420384 0.4233153131894592 0.43779407226823797 0.4285048299766039 0.4419744591699722 0.46362299375607385 0.45599514330357716 0.48295815637190054 0.4798048488918038 0.46584114843859725 0.46009478984463553 0.44681486497716844 0.42474866708479436 0.43156319605005883 0.4058944375228831 0.408218703278524 0.41000328558781596 0.3973678666444706 0.4115487858107629 0.39971320128468235 0.38758538864605485 0.3941175251751534 0.36777598298156083 0.33918934020651076 0.34208957928463973 0.3194120519025967 0.3260059550687252 0.33534264922227525 0.3129900211832504 0.29951777619214964 0.2700024485884034 0.24941397614732053
0.5310088909929267 0.5291620969453665 0.5381264408225012 0.5190667666019886 0.5147462114529198 0.49532622437384916 0.4693164877569357 0.47543165984646735 0.46707756047317234 0.4525569899442316 0.46723928690716643 0.4299887537617464 0.42876261642707336 0.46056356890206823 0.4456085116160625 0.45598216375924094 0.46128984411751967 0.4727270527448909 0.47781604947867146 0.45495915162630246 0.47842481987417185 0.47650028537487277 0.46231233589964865 0.4583182381557019 0.42934471080650277 0.4274730269502787 0.4455701987591437 0.43249125681739925 0.4275338042139421 0.4260406014294512 0.4002324846989531 0.4031448817716858 0.4050531645317988 0.3977434574800709 0.3709761959776755 0.32450235060324256 0.312921268332502 0.3219383939440547 0.32653920137066184 0.32507351341682134 0.325721494316391 0.2869501429230697 0.2776121656488646
0.5156498998671507 0.5211017789972976 0.537675619817663 0.5175618152842084 0.5135470528369125 0.5031252816384679 0.48857073884314134 0.49306583232682377 0.4561404937577559 0.44655537512647386 0.44739457707633773 0.44114439314155934 0.4504999285515816 0.4812196855697299 0.48601013571694074 0.4620632191544824 0.48367097536422393 0.4606317725930514 0.46495924183467785 0.456450495133989 0.4689963560290811 0.46159076068186755 0.47815471364339696 0.4498380930551198 0.442817523329 0.4666663530480417 0.4737399438409707 0.46393876162764003 0.4476367912492798 0.41536684251257455 0.41206118756481 0.41154648591618553 0.4091370142928206 0.37518511196276866 0.3822453301647208 0.3236406697209738 0.31614334599847865 0.3327929451085179 0.3024587365372161 0.3155842432559117 0.31895578269773656 0.3016539314752471 0.29346926862842093
0.5610334951437222 0.56881580600116 0.5553425870230471 0.550388520073147 0.5564471342594962 0.5223538177736186 0.5313343931310968 0.5118820745124325 0.46477326743598796 0.4544588668773372 0.44468900106738457 0.4514935239753105 0.4802730347758728 0.4951383755312848 0.4785432472340854 0.4852625859138354 0.49132397657665194 0.47348570603328954 0.4990243836516199 0.49236089434603003 0.492537606567975 0.4979949374852458 0.4695948641491108 0.45688906312302197 0.4783008397000107 0.46071141459123244 0.4566018785904398 0.4535918605647569 0.4378435262472738 0.4495508855154618 0.43603003832569504 0.4195172342612797 0.3957848227281359 0.3802908085204663 0.3836154144573367 0.34428002413718484 0.31933069143858206 0.3161775725993835 0.30807782079988594 0.3097645343420833 0.31818290518059883 0.30648829374434644 0.29240995904205985
0.611202353001508 0.6234489961419677 0.5887305164761731 0.5868368032366647 0.6003939512641135 0.5719888773309559 0.5584237624419194 0.5301657693108663 0.49460334832396824 0.5064514996382818 0.4738346502072242 0.49195982379913633 0.5024891413320784 0.4760976227458185 0.4821049295943928 0.49397405142441053 0.5053011475309818 0.5000719502096429 0.5107704100705708 0.5239857796953529 0.5194234187398492 0.509805431010663 0.4865961567770738 0.5045762921860005 0.491843542370893 0.4706188708237388 0.4750341782106327 0.47949824427842597 0.47560585072824646 0.43677758447410037 0.42864494428797967 0.42260470113588666 0.39801962638526345 0.3679014398247752 0.37187559464436803 0.3683147749664996 0.34761216335467615 0.3488883221663778 0.32364463847620334 0.343061405615265 0.31954416617434983 0.299798614303534 0.2683411846615594
0.6397516157828322 0.6525915898203922 0.6440435355915025 0.6414543081940978 0.629214247610898 0.6060035650484678 0.5845053021686635 0.5729910703240925 0.5367042222596183 0.5271075716858178 0.5199754587435194 0.5116930462829958 0.51346310464717 0.49901497300420433 0.5253484488769842 0.5173177941778617 0.5398666479475918 0.5361426620460222 0.5209058435082266 0.5310269755797017 0.5225667935005841 0.5192412995871265 0.5374928637353897 0.5371038509837844 0.5336768252749063 0.5206058455517876 0.4926841818013794 0.4668328195021513 0.4562026299568515 0.4525329336125936 0.4615960885893503 0.43650705163501713 0.40839166477963956 0.38951384577294434 0.39121172345532484 0.3798954236136329 0.3630008777370857 0.3557940772346613 0.33731869077469545 0.34464958282252744 0.33003222791075626 0.2900978435924645 0.27526505859790334
0.7028832722809613 0.6854422084391837 0.658167548712794 0.6659444895038411 0.6573394608196391 0.6437386526420781 0.612416673361551 0.5867984484338623 0.5810655794139037 0.5425819970849504 0.5367908901628519 0.5203240320672129 0.5033837495958433 0.5271369392936254 0.5447414699471929 0.541139652630671 0.5377033792053151 0.5333419327891353 0.5177648032647759 0.5303584581087122 0.5695108209067643 0.5578971589473845 0.5470559021179646 0.5446215118761858 0.5562702287977817 0.5115468143777008 0.5012328568587778 0.45357215046676985 0.4342028289694688 0.4662290395688006 0.4572889575422544 0.4251707207834592 0.3983401691858288 0.3805492594235018 0.388493554874773 0.4022507263965734 0.4045196592678585 0.3741580505179072 0.3429528442238886 0.3401242102776424 0.34132397517471696 0.29269888131648025 0.257300619878812
