Raster_benchmarking/continuous/raster-273.asc
NCOLS 100
NROWS 100
XLLCORNER 1743153.1373184384
YLLCORNER 5469292.281224133
CELLSIZE 10
NODATA_VALUE -9999
[rows 76 to 94 of 100, columns 0 to 42 of 100]
0.7333131346425842 0.8221994536370782 0.8559272220385447 0.8269806123622566 0.8777359411790019 0.8306175869351627 0.7983429715264194 0.8301331222681488 0.7494280907559082 0.7328792214979115 0.7198767023670629 0.7267507810440105 0.7199148533435243 0.7686311323740206 0.7313038199420754 0.7145547650913232 0.6852054701892781 0.678184837927487 0.6614910140648983 0.7026344472234548 0.6529862958473316 0.6326679292726726 0.68029562397294 0.6998522414267698 0.7479858974898692 0.7704739841232143 0.7360471616582419 0.7025750387331026 0.7231170571630061 0.7120365561639975 0.762672239763561 0.7791846582784892 0.7688886220583918 0.7678148513102041 0.765584791130538 0.7385110224572173 0.7718383145236493 0.7760130458535018 0.7512927368405816 0.6930336612935507 0.685053631861831 0.6635378882870675 0.6656559997122091
0.7559546587671305 0.7844784616948357 0.8613879545656785 0.8726910637170493 0.8723975200731454 0.852418235328107 0.7970625670727318 0.7820156952091261 0.7688826679272157 0.7584440857993106 0.7535240697204891 0.7570740747767359 0.7438615906327019 0.7913485902342341 0.7792181615470135 0.726735800789418 0.7108671676091628 0.7293578010036113 0.6734637431425358 0.6659325009663358 0.6685111998357531 0.6704670078491073 0.6810672548373495 0.6831896423937059 0.7152321795717329 0.7496460490780917 0.6912439058391212 0.7057451176219637 0.676787420657901 0.6699243567866952 0.7440889144691363 0.7362436604778285 0.7270342905979426 0.7405682765783288 0.720288518740376 0.7335945787712471 0.7269829725092231 0.7217823474425668 0.701971298944898 0.6717612894936064 0.6970661271996403 0.6839174257155568 0.6872810208778294
0.7387297619511041 0.7877672769157841 0.8319643305579436 0.949782197806269 0.8729247690139355 0.8007756160133569 0.8058528587934982 0.7661265584272015 0.7772981413625706 0.7722319441862437 0.739247674908462 0.7533854249573232 0.7879511205947755 0.7840274148440932 0.7749609162450779 0.7986426739124027 0.728546710389049 0.7463081949216835 0.6812221768297211 0.6271251690127592 0.623579675985474 0.6414571507832825 0.6652489083665669 0.6773691268470845 0.725099214323713 0.7359294308375127 0.7325934388171075 0.6647025143211913 0.6541635802080866 0.6562885695997969 0.7140078023547379 0.7038185485560489 0.6995225702903762 0.6952403101978589 0.7491433062831732 0.7297072490006108 0.69179581107778 0.7111278871860798 0.6718634240550606 0.6921912467662207 0.666329780595516 0.7022972329191425 0.6938375835004497
0.7777133557827632 0.8054893270265938 0.8210605840522273 0.8814549981047896 0.812301456198932 0.7889101734085313 0.7767536944713529 0.8249867960247406 0.7944251787990142 0.8094080308356938 0.7639088964320346 0.7943247112079158 0.7699364684685549 0.7500350154074223 0.776692804790625 0.7764864141844959 0.7922294836485582 0.734118712701635 0.6792844160611815 0.6440326408935728 0.6540541512470273 0.6689724746285876 0.6630634183251316 0.7236677363586531 0.7469394074697012 0.7752008845915487 0.7356078796057781 0.7371685294234211 0.6983045676305849 0.6671445796493896 0.7169995708602559 0.7256173917979487 0.7445861231498018 0.749814319774882 0.76526275786511 0.7325176430878084 0.7330890283950631 0.7505999131296459 0.6902310773845408 0.6911233369727485 0.6963674436211558 0.7173845611953861 0.7385302714457747
0.7321586725325664 0.7991590195034485 0.7820923481280055 0.8422138023959235 0.8222708586929343 0.7828108843144159 0.7996876165832039 0.8566014539745122 0.793895733238873 0.8198419349679935 0.7541827375312242 0.7535534704507674 0.7588182029379593 0.7490848217658244 0.7441206640869942 0.7961445068738391 0.7833420061211785 0.7312333450309846 0.7244279470720801 0.6904772624109605 0.6649236187630132 0.6634915279031913 0.7015815221843706 0.7215762996555808 0.7723581709771716 0.7735320256360572 0.765278226219569 0.7356693358780784 0.747685718413657 0.6966333884199407 0.719408324284469 0.7932654245413792 0.802467381682022 0.788098331300485 0.7601527523196598 0.7532489203835442 0.7268674164114557 0.7788544609711886 0.7566133409121499 0.6991666708164561 0.7400721468024499 0.7211711857927842 0.7379715637202653
0.7058451682113329 0.7150477025990896 0.7835456401472849 0.7873225884247894 0.7599203590908753 0.7561135461983016 0.7842336359614622 0.8368270012468347 0.8051988352133735 0.7786752947202208 0.7623865070823094 0.7307642545813623 0.7351002455608611 0.7446363274621064 0.7614420587773454 0.791674149950312 0.712812119039485 0.7141046078586014 0.6747162491007218 0.6551531561832039 0.6582511759518238 0.7031525348369659 0.7344796956144078 0.7801574792864177 0.7667205733987027 0.8151331838232583 0.8142739243085652 0.7911086238217 0.7899659125729714 0.749771496031627 0.7931852795299393 0.7649167525431996 0.7954549205593301 0.7787660882303166 0.7728904992082111 0.7644327595301309 0.7788065971948898 0.7725866888874119 0.7774785127319106 0.7615849109095344 0.796425454312344 0.764054247612427 0.7689982516492142
0.6456512183766023 0.6900917458878532 0.7727211514526243 0.7711256313869106 0.7623575643334779 0.7653655090809721 0.7817594723914603 0.8296819027753469 0.8156292825119281 0.7944467231944139 0.7578785539820794 0.7471270023823231 0.7307191068165214 0.7315883788755019 0.7466042761251193 0.7628955203082137 0.6968946226472421 0.6559075235166978 0.6744000682375847 0.658901378201717 0.6484013087281342 0.696266708323419 0.7653878522909182 0.7934441811190335 0.7867344268989095 0.7790446296622576 0.8306163191336532 0.8456669330612793 0.7861170825082258 0.8135195310423878 0.7978169147761467 0.7682665526792286 0.8243045511043486 0.824666432358435 0.766061388003405 0.8239633474863124 0.8029994532752567 0.8468568741371078 0.8176715673645673 0.7915442325601019 0.7939101794760979 0.84171293058841 0.8113496972137373
0.6418788803573995 0.6801389439212164 0.7384919570983979 0.7731065865722075 0.7693571873932636 0.7847041092703269 0.7384876418546525 0.7610351746234031 0.7492717595669119 0.7661296237674489 0.7250256324094618 0.7017463958044007 0.7178125885504086 0.7187877552981949 0.72308470384541 0.7618564185793776 0.7105583088761396 0.672356947534586 0.6870369853329379 0.6760138755523112 0.7030422223585681 0.741434561224823 0.7729009052687348 0.796158628420731 0.8026297360040259 0.7786059393442679 0.7855254642092976 0.8144074940378441 0.821321196925313 0.7850218649476369 0.8025748635563931 0.8165694121172018 0.786184180366627 0.7637981741003037 0.7588604506685007 0.7706258742762198 0.7805517047923001 0.8273743376025028 0.844515890054996 0.8472873001583906 0.8131961094497793 0.8403856058191763 0.8593954209301788
0.6338661383133571 0.6626500929184554 0.7257014858267694 0.7464943008226832 0.7180404019085652 0.7392370856413095 0.7162565674566942 0.7357656967727153 0.6975822294725398 0.6897989954212446 0.6914690140091017 0.7068391113861353 0.7276368748464077 0.7246856271075884 0.7518055198031324 0.7677637707104428 0.7126152043032824 0.7002053148480535 0.7391076677452454 0.7733650595896145 0.7409549136687503 0.7495942398370086 0.7678919711328172 0.8123853819834528 0.787563050824265 0.7718120462516607 0.7990214268002549 0.8214457608951024 0.832205404917814 0.8010754699851692 0.8030529440787988 0.7875568292988585 0.7308698414993414 0.7553736655246538 0.7170235514210674 0.7672126470610406 0.7937953164989493 0.8095807599784379 0.8021428158893188 0.8450971422239058 0.8351888647708889 0.8103350781149727 0.8579354118207206
0.6461713827484368 0.6278604165807786 0.6234229487107892 0.6331130668639915 0.6601012110623372 0.6624853962787157 0.6667623819539585 0.6683768957035184 0.6618289290781287 0.6643699449408839 0.6717905603667631 0.6574149059600028 0.6717668439386517 0.6744711917045324 0.6884081010849035 0.6899597350354635 0.7088634298374241 0.7160772957448065 0.7736331143839221 0.8086545814650965 0.7583434333031627 0.7598996097041588 0.7720402392800821 0.754253218757533 0.7634232678255792 0.7961108973023185 0.8190914417914515 0.782090361821849 0.8046097145077752 0.8085505205713199 0.7355088326075716 0.7507535347714884 0.7170688897096794 0.6974673950733002 0.7065413203199691 0.7219947416985272 0.7742633571541612 0.8134532817557839 0.8128883092640916 0.8362604065801407 0.8034437058817387 0.7818740933889186 0.8262819293097662
0.6013272716886198 0.5594651620275116 0.5715936612335094 0.5914817398458042 0.6518034658648516 0.6892427654966197 0.6643947704611655 0.5945186090611675 0.5912520444463476 0.5959254585127753 0.6405384269537052 0.6647353942924971 0.6665301987502651 0.6595507012111896 0.7164688905266351 0.6998998770133674 0.6979406984436741 0.7638753173376195 0.8096586769439501 0.8358595776664745 0.8093954509150334 0.7975402126254655 0.7747631572245544 0.7691715778032258 0.7653434921519566 0.7912093210645293 0.817644654730121 0.8086179331721597 0.8019395532330612 0.7995309282219435 0.7114291909219717 0.6636384627091242 0.6814481820756416 0.6681278784572136 0.7157848271370864 0.7338638295628007 0.7590169444596531 0.8161336332612695 0.8010403390966435 0.8043864967219096 0.7980897339329458 0.7816922949276334 0.8142468127848084
0.5851228240973423 0.5985338290094516 0.5805002103377636 0.5686476056510626 0.6426933884500688 0.6650732720654747 0.6066986925020582 0.5555083551146721 0.585299139259967 0.5831032627352083 0.6549791136497909 0.6537710117167174 0.6383877281466189 0.6312587322864779 0.6917878418011756 0.7003977932846644 0.7069088662926227 0.7596175150469585 0.778031654434689 0.8259799613062202 0.8008423658874898 0.7731032259468861 0.7391264866980748 0.7305350249774478 0.7710458791208548 0.7854633979621093 0.764153541907811 0.7907046799558519 0.7494638310806497 0.7751667794542848 0.7057825695627392 0.7087559571184953 0.6642785559993866 0.6859933094628424 0.6712189143229759 0.6920971250919046 0.7111383774203579 0.7692374159293041 0.7196600216702337 0.7292237313045355 0.7725729430879458 0.7406132038718193 0.7740868986689778
0.534581921913916 0.5616397866829813 0.6110588782495986 0.5825290616015258 0.639191092942311 0.6442574984551781 0.5880262715808785 0.5455012950302986 0.5908961409569486 0.6019229413196732 0.645407934636257 0.6572014167489324 0.6012560656726246 0.6004260534890931 0.6598449176359245 0.6922495141468166 0.702907131271615 0.7487609186547283 0.756073130321661 0.7780539334149567 0.7497002080751344 0.7423645956661923 0.7812227493181294 0.779631274340279 0.7930690898023659 0.7783000908593007 0.7804634307182685 0.7312083979443892 0.7389558991757362 0.7549648734203488 0.7319979430193474 0.6930211990613416 0.6643668499327384 0.6829003588858892 0.7133947096520794 0.6921151914383781 0.6939428919155537 0.7188873333033702 0.7009356599189464 0.674546637590022 0.739461987696216 0.7020553791878671 0.7901175041589813
0.5506760607793155 0.5639168463697227 0.58243866928644 0.6247638273109837 0.6307632004915669 0.6305065085570409 0.5883815659138096 0.5540660852551904 0.5777010947456511 0.6442596750896713 0.6406149441926349 0.6338812934312286 0.6288045347012503 0.6160683306036766 0.6542517803096056 0.6528720645520948 0.7393640551287947 0.7666484620493659 0.7299822655191506 0.7119297031637705 0.7383125207631773 0.8040114162487112 0.8101314889202569 0.8275387027390317 0.8299187528335777 0.781952552278136 0.7764659936558295 0.7192453444153456 0.7295109278861605 0.7319107565324927 0.7404821143965099 0.6858609267006042 0.698872078885933 0.7232624249714987 0.6851883009296993 0.6278573361369039 0.6454150507424911 0.6940949631066717 0.6830163055486735 0.6813954894388308 0.6795414807902381 0.6997036107192072 0.7392943894069478
0.5557138523293383 0.5423412292245761 0.6147326680026635 0.6498174978785508 0.6499909148270573 0.6151328734841732 0.5955390669508233 0.5643385206290508 0.6124019385059174 0.6500273209017468 0.6503404573564717 0.6051039147744494 0.6375366988389126 0.5798393363703712 0.626017962057074 0.6483217711524308 0.7029408912336509 0.7315808887561922 0.6883610165457738 0.7293464099063157 0.7811085493862779 0.8082666232174356 0.7803953646779189 0.812455863237722 0.7948908499852433 0.8210218361517606 0.7527614363880891 0.7418803927389845 0.708911504077235 0.7322426783435002 0.7099569569265909 0.6927479047728883 0.7014745130121128 0.6892886362366119 0.6720571401653164 0.6185999838876385 0.6405647256946577 0.6604956327680904 0.684796901261434 0.662786932154638 0.6372876333503236 0.6529264278565591 0.7119129593517639
0.5131590866408453 0.5759071266291158 0.568685260452008 0.5634938453915963 0.5929773382437226 0.5796317222175307 0.5863796787538758 0.5884843541524262 0.59518778620736 0.6410350655780767 0.6159921076815025 0.6450725084677702 0.6052269317416582 0.5818335774801062 0.6191795180752208 0.6401891149057244 0.6859186906461858 0.6623949762316854 0.6954282173189437 0.7083391058463461 0.7331322545573564 0.8030940315880862 0.8052037259226656 0.78860959813865 0.7556714624374823 0.763364503285974 0.7866987323392164 0.7721520949806682 0.751055996239288 0.7480627243388877 0.7028454551119662 0.6989990806067949 0.665273389537336 0.6784710300310124 0.6810375341104676 0.6802903511661277 0.6643403600550807 0.6711986507473657 0.6285806193670886 0.6301191846665315 0.6348124072525544 0.6839739227388384 0.695234505156761
0.4821006810320175 0.5451176138956284 0.5630632348376483 0.5375188285076463 0.5613321337584608 0.5796366718741095 0.5910818095845872 0.6052563989562008 0.5779037040868933 0.608929445998566 0.6069544841999849 0.686520801926702 0.6781326937847958 0.6392943960882423 0.629647780853361 0.6144110373231915 0.6436317052529152 0.6713839837941177 0.6780418263247354 0.7358211221609783 0.7608873963724746 0.7760261083224974 0.7723864582920327 0.7217594750116954 0.7391452240719145 0.754404988794422 0.7765864187740368 0.7721202512588192 0.7572907941929976 0.699337082128024 0.696208340300732 0.6286081911015452 0.6622121145036479 0.7086293999848574 0.7243268707130524 0.734156994178398 0.683053565219072 0.6697818664010552 0.663163901265424 0.6470806338161983 0.677791558858969 0.6632469392856521 0.7329205899356092
0.48074654422604884 0.5272577493843642 0.5181165783371778 0.5348009306315296 0.5372956253192516 0.6185550104679516 0.6211558916964214 0.6170455868510271 0.6128949212956659 0.6136337896177966 0.6304129719613009 0.6908784191917614 0.6736097080493061 0.6080679635326038 0.604551654778212 0.6285023299424526 0.641440395593429 0.7011303771488883 0.7393874581720354 0.7591537525023283 0.7492704106742999 0.7168638905924427 0.7258296069158514 0.7131309202197296 0.7350055099595602 0.7519001501893658 0.7341842633583836 0.7274330141134947 0.7434686482753248 0.718256280234099 0.6324237055079699 0.6276011394146526 0.678447747961198 0.695939638682547 0.7427703272076026 0.761196080112411 0.7600364654941927 0.7246920498688157 0.7092048823520662 0.7100566834177703 0.7364211404282234 0.7309284778963285 0.7181405049008562
0.4708160012023437 0.47418878152691124 0.5232567251537423 0.5211833908762158 0.5807464349160103 0.6098606772715908 0.6478207795943389 0.6810574864848105 0.6396180448266289 0.6605695893101451 0.6907161267946208 0.6669192876237007 0.6492333263188758 0.631089910978668 0.6223113960929356 0.6662077715839625 0.6984883369542815 0.7354042978661157 0.7132313526085726 0.775245350125397 0.7362939545603434 0.7191907752968587 0.7246247948637629 0.7430016016510189 0.7095474270563025 0.7485284420105573 0.7293923390330449 0.745425628444305 0.6982509345666583 0.6869657680847424 0.6390106207391413 0.5877046462834772 0.644159934982459 0.6568701057395993 0.6981945306246811 0.7496551127505003 0.7107143311798811 0.7698667105753011 0.7568105638702964 0.7735739645594727 0.7180245970691341 0.7244875187411175 0.7066243886188611
