Raster_benchmarking/continuous/raster-173.asc
NCOLS 100
NROWS 100
XLLCORNER 1743153.7149898096
YLLCORNER 5469287.966070575
CELLSIZE 10
NODATA_VALUE -9999
[rows 76 to 94 of 100, columns 0 to 42 of 100]
0.5815268180008725 0.6102614332798224 0.5900156712225182 0.5720703140220138 0.5474590267889217 0.5731354951157667 0.5469162429931668 0.586427119770359 0.60597739505351 0.5909401192996068 0.5883990852541209 0.5568057510030211 0.542613260374619 0.5272118564531564 0.5743517907071295 0.5766719798919935 0.593375890076808 0.6011558591042173 0.6138663173159554 0.6024322816686941 0.6440604160982154 0.6359228406060529 0.6317606666859411 0.6609142464360442 0.6732420790490634 0.6574943242600495 0.6729555941074818 0.6452794008417948 0.6631987174484523 0.6260602591600678 0.6018448066319871 0.6265020314036499 0.655588458206436 0.625157081104805 0.6399768025344216 0.6374959151870423 0.6091692767177201 0.6304178329452811 0.6450485655808751 0.6828438645642251 0.6858266677999064 0.7401344383506478 0.769371631929505
0.6166587821570756 0.634605026323303 0.6175149658337311 0.6267425244184914 0.6098746427460376 0.5697729026717154 0.5828704389259 0.6144866025213819 0.6330459460366071 0.599005430833013 0.5845310051383003 0.5345539447056 0.5436294600505537 0.5526974891919489 0.5416250362650654 0.5714042284185927 0.6516857361407723 0.6246253599797189 0.5624320530979269 0.6263317283376034 0.631801231457064 0.6417823760576383 0.6758950899450721 0.6536405945886978 0.7020920178628633 0.677201622785523 0.6841243393802781 0.7106389017753195 0.7049927851398278 0.6808986044300841 0.5971526910630334 0.6002543727715658 0.6414672645356234 0.6329510327188071 0.6101344975039444 0.6224062110313238 0.6008750143512622 0.6035901476274943 0.6557978490830474 0.6918178660158941 0.6743730644938052 0.6894675533308657 0.7550548413877854
0.5627370336970398 0.5823923830019135 0.6261032704796936 0.6011947450433746 0.63886898787227 0.6269303151287908 0.6027122248512747 0.6224925894434685 0.5876749850955303 0.5825582080139232 0.5601239856229699 0.5644220633389256 0.5580419459476728 0.5738560108273751 0.5804897689401567 0.6110543127970174 0.62888808658005 0.623991516565814 0.6161415812841897 0.6196359866080312 0.6479874881732427 0.6322895702716121 0.6821455163162302 0.6700102670107074 0.6712749546167965 0.7072398518986982 0.699233794772005 0.7113378068592018 0.6890719777361458 0.6925596299722572 0.6312587440629508 0.6149659425281341 0.6309940316067706 0.6168324578483306 0.6074750864712757 0.6159748623635883 0.6090275119002517 0.6172258530185393 0.6400993500638835 0.6633196717527271 0.6837718350455018 0.6962321455734638 0.7371722077030991
0.5577655453825828 0.5928371993357227 0.6118952440794203 0.6471548023371076 0.6409641063827911 0.6241999319790332 0.6005767684438232 0.587404962874722 0.5983045703898583 0.6195102031628026 0.6171981291480901 0.6080976856726262 0.6030375803451852 0.5638649683652354 0.5599248731642231 0.5583044197937921 0.5918737298046566 0.59643377899176 0.5789399337335996 0.6032481461528852 0.6011426981707907 0.6004669385524819 0.6395175884720431 0.6788064454323263 0.7127361151926008 0.7244639383920333 0.7001185096676289 0.6760944938562706 0.6975544068532182 0.6606494766531283 0.6671356505442042 0.6429518094900486 0.6481123727195902 0.6281244798361791 0.6080258643728398 0.5948358953593809 0.5645550533132165 0.6112665251992506 0.6060992584563033 0.6021088851379136 0.6042431193519814 0.6703151541636824 0.6884250894296836
0.5714553656350411 0.5813237266304033 0.6161161515637018 0.6308306178509976 0.6375987294923233 0.5915968855919099 0.5517148681379144 0.5550451989202423 0.596549401991947 0.6028941527442887 0.6137286403580073 0.5662177820748128 0.5869946491770326 0.5487943897703147 0.571756741095501 0.5836971797127367 0.5841956029572614 0.5445795421469799 0.582106436962283 0.5879138379548244 0.6237953855898902 0.6326709054401026 0.6640003316056716 0.6476607020429065 0.6667599327437 0.6670666462031389 0.6947250767006299 0.6842218608163221 0.6891642318199858 0.666010708509344 0.6728714131696879 0.650276292400696 0.6309544000111807 0.6198205573644103 0.5896415696063408 0.5907762544594514 0.6211268297034713 0.6208264054140676 0.6363433192192232 0.6205628161104226 0.6267993699742099 0.6043933105313433 0.6669075349771709
0.5800420533907195 0.6275947879971207 0.6425947817118317 0.6121790370553032 0.6000059848475668 0.5772233267215645 0.5363020241873354 0.5504915012414849 0.5753249439294497 0.5810787888684451 0.5707454545974275 0.5374402915185751 0.5453318813251898 0.5302038798165251 0.543768833310614 0.5926198117336583 0.5809674847343537 0.5207606258526469 0.5346151242715768 0.5462356355313356 0.5765989979009305 0.6018149228810242 0.624602474561249 0.6262395913091328 0.6702830375799244 0.6479473255920322 0.6370375181200969 0.6552672600831377 0.6483025078501374 0.6803291314337371 0.6455340052022888 0.6297757730543423 0.6790625203060621 0.6521057184524498 0.606450462961625 0.6384672903381147 0.6268486069815635 0.596939449217929 0.6167196435563711 0.588987609435896 0.5921094571743543 0.5961243286418638 0.6157426045965155
0.6015971934006946 0.6241449740662894 0.6052143878278109 0.6235818193927306 0.5753556963661282 0.5306405564507236 0.5574837782570466 0.5611009897211331 0.5603443321608138 0.5499969198739317 0.5644258944971958 0.5272363651719532 0.5564252006109369 0.5238097973969859 0.5459231431973554 0.5634996741900621 0.5510668427137335 0.526391699718568 0.5126518087652349 0.5603529506468738 0.549988639732808 0.5816608087841662 0.6020870990200293 0.6401200533864101 0.6170971434087061 0.6462680034206576 0.6513422940232109 0.6175054105229488 0.6241963088821205 0.6579359316433101 0.6347135520712585 0.6282514474648638 0.6512792371223656 0.6440084351022402 0.6447172481308222 0.6381438847442445 0.6267036158261332 0.6039095814037378 0.5799114358840954 0.592212983643059 0.6274451376174269 0.6190669914797009 0.6352426417557289
0.6409635121906406 0.6449767451250324 0.6015492645245378 0.5902709480757351 0.5752838843669109 0.5419859447955439 0.5065758803054405 0.5274765057220345 0.5212405644508673 0.5026790324118323 0.5100559478132941 0.5413537047371383 0.5686976343536448 0.5420565824338361 0.5052855109488885 0.5321128364887926 0.5239269593614116 0.5290901886733457 0.5096110866560957 0.5489362394937027 0.5574315968946001 0.5691586219927791 0.5904207112120411 0.6272839018706302 0.5982582684410689 0.603871670463084 0.609156285026932 0.6403483614469163 0.6412126339053476 0.6432537251674726 0.6140207117178055 0.5801947567620652 0.5900746690783906 0.6429306883688213 0.6513242273301901 0.654092693330261 0.6556366228182124 0.603608776455179 0.5754023073594227 0.5829023290539559 0.6077623709337784 0.588218587913143 0.591624767212807
0.6145492004268507 0.6020207249847463 0.5705451113598713 0.5580851124906832 0.5406906654533942 0.49547209125967845 0.47730466107793484 0.4995744968181488 0.4667574526205286 0.49841547362508254 0.4976841810140549 0.5558541707338751 0.5587090844831797 0.5353228027452557 0.4938778291452422 0.5313715340552861 0.48532963465328915 0.5146550605628343 0.511680794800091 0.5264460275563994 0.5441364996764352 0.5668063977722188 0.5698831254456643 0.5672825224395648 0.619547908636505 0.5850567834024619 0.5787177905994948 0.6080328329757487 0.6141567934648444 0.6028683766115028 0.5883363986780648 0.5641274005190571 0.5531855614967417 0.5953677677261779 0.6338186242897434 0.6412949529008016 0.6077541066027198 0.6038314979354477 0.585976843549586 0.5805370282683654 0.5775467580353171 0.5493847005070222 0.5746221035515949
0.6252785411391915 0.5958081226556531 0.6163096696500546 0.549800041204815 0.47763029626265296 0.47156495479191546 0.4681666223616637 0.4766046775508246 0.4321429014169261 0.49453585717400794 0.5211805023390537 0.527404256075934 0.5558832120430017 0.537082036324102 0.5121780528293227 0.5276654559809619 0.47237212886396857 0.4941959273590763 0.4913068554767328 0.547790767040374 0.5738126519956754 0.5588435645311288 0.5561726269748577 0.5489056147351264 0.6189881169274005 0.5948159138117488 0.5855973565032362 0.6086367995527735 0.5826964020361596 0.553530592085274 0.5313820635231803 0.5632384023503182 0.5757381655516194 0.5836718048585026 0.5957226822416932 0.6169589925148298 0.6126002783442088 0.5553452818478359 0.5072011860382206 0.5659933343160374 0.533579755369875 0.5585667827204771 0.5314151098757143
0.5870771026105182 0.609466514222897 0.5631363831185471 0.5323966628746876 0.5150565385840112 0.49667442919659455 0.505516852073289 0.48821288758485315 0.49407034017060775 0.4779137518010489 0.5337098744688435 0.5405182759463207 0.5143968212584975 0.5334991700175066 0.5139804749611878 0.4978442144623007 0.45988130922269266 0.44981112236972093 0.4965340894020932 0.5116915565818847 0.5163450179170878 0.5294440299061398 0.5155107565055066 0.5271321060140766 0.5902481162995862 0.566176156744886 0.5536247023895429 0.5638022894459793 0.5729974255301377 0.5696527755880535 0.5693768498576216 0.5471467713231932 0.5495198662058013 0.5073499147830534 0.5266243328214396 0.5530232285889305 0.546618759921946 0.49777957374683807 0.503481427526019 0.5354438001775624 0.5125402826548645 0.5198504416227709 0.4975600032700108
0.6203264261887664 0.5821545908903719 0.5748918305068477 0.5388389925624189 0.550617610261004 0.5025380357464925 0.5332791882313721 0.5090661656727371 0.5219346094192678 0.4915610135126676 0.5480970919434947 0.5542142279025438 0.5227141537990746 0.5036045944408462 0.5358548555104925 0.46757665949726357 0.4267820050083186 0.42037560326083423 0.450919311302823 0.5087168004523882 0.5252477169597419 0.5254591345311582 0.48196431448703964 0.5203135564450265 0.5439762663376297 0.5507381037319075 0.5681313662487555 0.5424098919203103 0.561762538130545 0.5316184062929725 0.527525704475725 0.5222100233764952 0.47445961721964003 0.45633929619142644 0.4913669172626275 0.4975096753523367 0.45610286773714376 0.45007106821293524 0.49222309685553434 0.4954051067891674 0.5128690353571042 0.5187541714909373 0.5143075532373184
0.6271872486997386 0.5881989307557355 0.5766870704507722 0.5328503816348051 0.5109132545460433 0.5343188994806838 0.532363517296502 0.5636024590503794 0.5623819503981573 0.5164026668584337 0.5033190217623199 0.5196736148612774 0.5446707396570989 0.50120118080892 0.507932863615675 0.48874395382667535 0.4630260071507044 0.4562057093221223 0.4664795395763494 0.4596431191720932 0.46339767677124805 0.4650868849157171 0.46996227062870677 0.4603563102664692 0.4927168715123461 0.4827541438359956 0.48084309859038665 0.4855054680852001 0.49031259500896146 0.4917892312134044 0.4911345705149052 0.48349514800949484 0.4598937354748935 0.44020578719583936 0.4354909113659726 0.44306601291665754 0.45702307156578015 0.4578866948522316 0.4896840472507576 0.46705943142977907 0.456647312244352 0.46357036728197 0.49645869083263344
0.598902475164306 0.5610581171758523 0.5670408820918634 0.5289993731116505 0.5252358760326665 0.5342407279839582 0.5466452446242104 0.5713696477666831 0.5492729338099257 0.5078758508779854 0.530964650363031 0.5432258089474987 0.5214246313681179 0.49809687474254155 0.516721905748752 0.4587844795712044 0.4345239514445144 0.43509052297540507 0.4565643006333395 0.43464818349233436 0.42799089210905683 0.43604443815532923 0.42578083099887576 0.4402772603211988 0.42555450817708756 0.399268246460811 0.4319225444430732 0.47175096748868434 0.4551686887048377 0.4560189394849611 0.49015032369935124 0.44076587017688235 0.3977562086375146 0.390576351514239 0.4166975882750323 0.40496571515368074 0.40508422302668784 0.4195727035186854 0.4455373996831636 0.4143430553334612 0.4070407048818387 0.4184263406204976 0.46492152456923364
0.6268546487089867 0.5820347985534177 0.5856948805938142 0.5523087417022651 0.5405012759299799 0.5778269599318222 0.5579046169196034 0.5322098952462289 0.51005013501656 0.5317048873254708 0.5179585134999135 0.5251318617015545 0.5387127715548922 0.4933988656335545 0.48884440241975197 0.450268436083456 0.4236526659661141 0.41777633116470986 0.4090376516270293 0.43780291136133287 0.39298571814858607 0.3830781898583525 0.36557012387068455 0.3665330405707018 0.3902810684489916 0.3541451545017579 0.4059953295925311 0.41407533028676624 0.42647965283411393 0.436347573959269 0.428056938762775 0.4212136958537185 0.38178815827391493 0.36130947374258127 0.3711475287633938 0.40500359254466756 0.41178018282785644 0.4058819121075264 0.4376259872621957 0.43788909598139786 0.40830363490218474 0.40738688195080663 0.42728522442995304
0.5868743983095898 0.5527331966471078 0.5500912891354817 0.5577228708547513 0.572420463637607 0.5799804617050586 0.592925810640567 0.5662085066843014 0.5276023913891699 0.4884712704454073 0.5065669821669692 0.5252228909544459 0.5230433043032771 0.46972170446919537 0.43948929333968434 0.4563089809807956 0.46659242565031805 0.42861725674626755 0.4083668455983463 0.37058005277629286 0.3706624320742693 0.39208303123128135 0.34419811842701686 0.31811153468118114 0.32926759128022065 0.34007156297772617 0.3315947724974498 0.3478688525182919 0.3747222449729298 0.3991304583486383 0.42852846615132817 0.417966027396729 0.3745652067030636 0.38350373170181035 0.35295769987466913 0.38206373913174596 0.3577240135156324 0.37399491027232723 0.3693870187051815 0.39717063051581974 0.44189757594864976 0.4350730655003261 0.4210388180062156
0.6092105034644222 0.5932952802934395 0.6082091120970253 0.6138153844648238 0.5874168433919404 0.5736333049786302 0.5788327271506445 0.5297678374536767 0.5162726134434644 0.48253335606739567 0.49645209403879187 0.4931615429881392 0.512664445880849 0.4791722255272598 0.4386926401290322 0.45332653780819493 0.4446680797294148 0.39818286087921356 0.36398229659185455 0.3630008005185947 0.3727222632659616 0.3864455399674778 0.3385884015040389 0.3300558837972035 0.3312776365636313 0.32348000637333096 0.3001879930303405 0.3305795368621399 0.35502653370839865 0.3857879466022477 0.39501735102747704 0.38297169391441965 0.35438985361540903 0.3566963441397347 0.3630738807248333 0.35419474766491105 0.37489634408333156 0.357875487872223 0.37667889587259384 0.38413602539915986 0.4143006517064656 0.4501560211117326 0.4294822187666078
0.60458699536977 0.6333839097478344 0.6279159190639357 0.6305553644680985 0.6191263536901772 0.5864397244797088 0.6012009958343147 0.5302384560533248 0.5001221826393982 0.47483117986173706 0.49150133755348807 0.46443018027636607 0.5007959469062327 0.504594961433393 0.4670187703535839 0.459864270121987 0.4139925566891915 0.38813185040400117 0.3713045856253343 0.3835104880432029 0.4128808871683354 0.3761163514974901 0.35080380056690325 0.31313784380917503 0.2703187862605084 0.3176123979888875 0.32679923280801065 0.3703465503130805 0.3493381043876931 0.35928515682936957 0.4127347322319864 0.3913386448189029 0.3638138368053726 0.3629407690398163 0.3160596279166924 0.3252676419642395 0.3383459694883705 0.3578463068355369 0.31956492359877253 0.3965524144208042 0.4122747012564913 0.40640666914759527 0.427701220719298
0.6075135381927363 0.6406005576967936 0.6309030077750918 0.6470393415257659 0.6319779478568889 0.6046947951338955 0.5783910764921155 0.5518513642123849 0.5144897613761554 0.5336246847927067 0.5159516630998274 0.4659379396216432 0.48086663261788626 0.49833101886751635 0.4953417861352449 0.44605773849975683 0.4351829927594023 0.41735738645166937 0.42496650446663253 0.3982753824187881 0.3996871649603201 0.37389544778700806 0.39541651061725586 0.35390748883233913 0.340642101918038 0.3304413590573242 0.3264515206719282 0.3660587853295188 0.3731801398164609 0.3638158140097338 0.35321281826686307 0.3727267887515884 0.33567294480842474 0.3437031315479773 0.32136562768023125 0.3014564487455956 0.3067558738496713 0.3193055053345192 0.3171678664667766 0.3816235961019325 0.4047099898433407 0.42086081019903887 0.3937912561134593
