Raster_benchmarking/continuous/raster-249.asc
NCOLS 100
NROWS 100
XLLCORNER 1743157.7884451803
YLLCORNER 5469284.644279557
CELLSIZE 10
NODATA_VALUE -9999
[rows 19 to 37 of 100, columns 43 to 85 of 100]
0.12310695298867294 0.14812398731364357 0.1397547163116208 0.15912279431591547 0.1496059491138057 0.16568346991707758 0.15442384519466054 0.12083250397115958 0.1232233672949099 0.10623927934578578 0.13263541209086982 0.13332217953139203 0.17184775869271227 0.15627623041891864 0.1140405906299326 0.09195285494066108 0.10029622368093781 0.10435903595933135 0.11548468227539131 0.14776110850433108 0.11439896654122417 0.13190328389799372 0.16672728654418506 0.18004462361489945 0.17253399662966418 0.1795233338316677 0.14934853126636569 0.12669783885034924 0.11846889436994307 0.1144650520765329 0.16344554601805097 0.15392450580070274 0.19243173935475916 0.2177253736023972 0.24641746713191828 0.2764421908000658 0.2616971592277494 0.26821348340663115 0.2670257878912306 0.26336041247978204 0.32618382013774166 0.3698106256884203 0.4042306694249563
0.1268470914843855 0.15046921246021716 0.15852591595669144 0.18451435568531654 0.15907298115127216 0.13009300573152077 0.15716087163273382 0.16260319270907017 0.14121799968456697 0.14970383787309866 0.17248500513212123 0.15437206998133945 0.13014461221430895 0.09285613969825939 0.0906481707081981 0.1017465859654934 0.10564538029089048 0.10866766662381783 0.10874473394983926 0.10881240025256035 0.13711170608431195 0.116169033334512 0.1450910966108547 0.18855812876753744 0.1774400515859709 0.16480541318449718 0.17730662088374627 0.14608913991376937 0.15587263187698122 0.1266536098026857 0.15433707481241038 0.1481832902443317 0.17405510931896997 0.2298061441937838 0.22737883743292622 0.24312759221254024 0.24688003087249483 0.3014577040016158 0.2749550159123784 0.30826751455253226 0.3115199767655359 0.36381405346279433 0.39355644430291087
0.1836305138697741 0.19310629405496924 0.16594972866369262 0.18277979429290825 0.15234217648935275 0.1264518191958118 0.14250118496806308 0.12357310222138894 0.14653739108327965 0.14693776462800157 0.16726836572960874 0.14062506196981553 0.13326519922854801 0.10667808984883796 0.11258068743260875 0.10932665876761359 0.07538423965411817 0.08788900460881863 0.11965985726619931 0.13336771186330706 0.10982748982388543 0.16674621472819506 0.17901640348204143 0.18571536794592075 0.21717916604644225 0.19469640635917543 0.20334682427026185 0.18901222768654558 0.1676874488179363 0.17864745591216477 0.14950774527189634 0.14839262364562303 0.17450500117760834 0.22482536614069235 0.24284318058163867 0.2318340568666162 0.2764356401404938 0.2691184642703917 0.2600875433995707 0.30114835041384347 0.3240633627530884 0.33467501062529953 0.3848806746990613
0.189329826462914 0.1715176466257667 0.19759707959502576 0.2013602014482535 0.14827940154568747 0.16265520348967216 0.12204129538611966 0.09637571848845754 0.10261880608154907 0.1328689792467568 0.1239753059649964 0.14120273494245358 0.10543718082484792 0.09778691381778276 0.0983015050842599 0.06146767752734434 0.08696357849613794 0.0529084837111799 0.11083392486611524 0.11954114218881791 0.16249430923976133 0.1943465752761181 0.17224315013519934 0.20980836507151399 0.2184424006889127 0.21294619233985312 0.20898810129960077 0.1892580850764969 0.2013879287162612 0.20382256664016882 0.20555520170050579 0.22047866121299908 0.2025898572103177 0.17500249539696228 0.21966125697263608 0.25665828321170897 0.25627237364013383 0.24597113893855302 0.26866728128016937 0.2487568292297337 0.3029275856992551 0.3445760418780109 0.40620565959713545
0.2087590352463828 0.181980916442735 0.16690891529228466 0.1854979688840379 0.14738161684109422 0.1299193540723244 0.12180648304770426 0.10574540563354635 0.10155144019577889 0.1103880660670031 0.13763347222344122 0.129245393232238 0.12680795825958005 0.0625769243621265 0.06298028348178081 0.0851034766527292 0.10377286758994636 0.06802224473163167 0.10467474023610507 0.14908245275645315 0.1630507357652357 0.16786091908981288 0.16941365293903146 0.193270572700221 0.20646593618373824 0.22763850433766364 0.20874414823624002 0.18448037774999979 0.1788996646811721 0.2188431002202553 0.23511563324321896 0.21597647525174338 0.2281951413598022 0.216055271659613 0.22877917563219963 0.22044193109822408 0.23543667513910116 0.2513806985740258 0.25598384532363033 0.24271212007317414 0.28153607521932017 0.3348938971518483 0.37877296224319007
0.20385162859372735 0.1817904037463179 0.16458691840582815 0.16404779744568138 0.13362372243919132 0.15354870178121022 0.09987603521130642 0.06922144931658339 0.08284591475312193 0.07753685503273923 0.1278147621075396 0.11849080726658544 0.11360690923450568 0.061712389081977334 0.07050788769820077 0.12252650987327199 0.11165885632667402 0.10202738890637536 0.14349257642204843 0.1530485601086913 0.1619994039672389 0.1364885520439328 0.17755345820550186 0.20298089965775898 0.19911750287216384 0.20054801736003489 0.19901935780341704 0.18039736345677462 0.17647276229280043 0.2440270208120287 0.21992902870551745 0.24868901433831872 0.2016039199633872 0.18849876542986407 0.21418344954749563 0.24904125503604924 0.23366537657537015 0.23153810203467487 0.26808709794970653 0.25549407369034816 0.29849279546730756 0.3331626439607379 0.34445595879478086
0.19374609613037713 0.16122743009919935 0.13675448780926613 0.14028064300114426 0.11309108148158885 0.08560425488809356 0.10179302193359935 0.07526624889472705 0.10137254969364119 0.07635127539825975 0.11188059405859896 0.09192232284843088 0.05972266049477722 0.0803029240523185 0.1024446344324442 0.1312938719615877 0.10429359681369427 0.11188966028748798 0.14422250988438468 0.1565422646657311 0.14426311601352515 0.13528670918203056 0.15308509453928817 0.192427923699769 0.19789916425105444 0.2077360815613281 0.15940621780740308 0.15000088284681315 0.18616004747833534 0.20959907514265985 0.22426200266933138 0.22995165404395362 0.22980591890513488 0.24034605264706177 0.23270005915287853 0.25023601693043634 0.24806640152557732 0.22130105647137466 0.253640203958115 0.26429846629936155 0.29189287207298587 0.3296910712360365 0.3410180328650762
0.16375171526650759 0.1615014574422103 0.13009040284449333 0.13220927109113575 0.12550390491030305 0.056630568076786646 0.07303917708894746 0.10641653141595613 0.08447302261027101 0.07544799287903625 0.09785918932337966 0.09749230908511329 0.05488405239193883 0.05685593615852331 0.08288085524404237 0.12473133899772922 0.14423285710371478 0.1436685661753297 0.13782663871092396 0.11279609348521506 0.12554437045583136 0.08947981620237339 0.16362157448400633 0.18508524492150064 0.17562622449386403 0.19012928187324013 0.1529609879634337 0.14651782701264554 0.1994151854664199 0.23059775997834175 0.23546180703504874 0.21597883719432168 0.20239147311328404 0.21794701678435444 0.23843728920018384 0.2354119258640825 0.23512228124735937 0.20320577707089021 0.2289634209342905 0.2525141151557229 0.27953564324915336 0.32733920779274706 0.37033295172171976
0.16285071621939784 0.18322012088894563 0.16873632445402204 0.13160458610821776 0.13264490525386713 0.08018794591831252 0.0731983784799539 0.11621311372856578 0.09967823181165791 0.07689309609118007 0.05973648714632478 0.10459620723368504 0.08281314495478583 0.07978238952051532 0.09031969511082848 0.14095880645964048 0.13644664193734024 0.1405906641061386 0.11684471881868391 0.12000006922070647 0.12376358047879941 0.10844717268699647 0.1507729915681844 0.1714791881476928 0.1922733967992758 0.17698972091259155 0.15767914615374673 0.15000037768118588 0.1620463481801356 0.1893661699901785 0.18347799327424202 0.21419439784617583 0.20059834283673209 0.23204991511682724 0.2313212984272578 0.2348338654468891 0.25049650315859373 0.27536633136116223 0.2763678363646224 0.26861076207477175 0.3074981654580328 0.3354936757783288 0.357968307351357
0.15118066585896953 0.141582612057199 0.14503878280914384 0.14291360160697827 0.12875562760331224 0.13079723027769055 0.08109761515842691 0.08938126766288702 0.09021246371032812 0.05016346291290477 0.06729643749528402 0.0777269994739395 0.1031291974970132 0.08094401019132766 0.1254384149801075 0.14043197939146188 0.13128039286081872 0.10486161979594802 0.1384229515942764 0.139834443889355 0.12166672187604623 0.15850237448794435 0.1584446369463635 0.16661026463748543 0.18324409449298495 0.14756488661596376 0.13313234116578718 0.14314998070214494 0.17396182188319737 0.15691646191384387 0.17183999687328 0.19884708391532926 0.21008468063122074 0.19711337015556982 0.2316766361223709 0.24155593102001888 0.27570103955476943 0.2729525974194775 0.262838202580249 0.29137128223832826 0.3248150613242696 0.31582490883674735 0.34747403219556916
0.1749260673791425 0.15696728882925023 0.17077857023482268 0.15794116245771653 0.14529824114378317 0.12334641550083938 0.13002878886833966 0.10021631908141194 0.07710167711381223 0.04748414082852167 0.05938166735613147 0.10602445216938233 0.11782739674950768 0.12174372298081429 0.12363323235902716 0.13567592194603018 0.1540078017841033 0.13560011206604747 0.11136098744725963 0.11751080452255051 0.1088277354018426 0.14256452681300896 0.1642316903026967 0.18429781778058357 0.15039601452682086 0.17287373350333501 0.1677779044645869 0.172852750117992 0.1888772602125525 0.1654164754949926 0.16517118731477445 0.19464561559372345 0.14977706996742488 0.16104141462102525 0.18919314229179163 0.22102597749060338 0.23828335051001007 0.24363207128202313 0.2795589877880953 0.2776446649835834 0.28259335998901564 0.30253912090953144 0.3420032394053956
0.21404366557986987 0.15150441561550157 0.18721843097257887 0.1818115846261299 0.14920632142954127 0.11997480255518493 0.11373121485297161 0.09027451233179551 0.08730346888016255 0.07885983886115507 0.08433490450127674 0.12719870746186468 0.10123601631840286 0.13240465539003937 0.14897272636252576 0.1671228192926096 0.11230770257354122 0.11549294053419819 0.12547523920596446 0.10199515759975838 0.12142996296694634 0.09412062871898269 0.15970957730864468 0.16205297796155485 0.13260085731899948 0.1283188731627769 0.1792427319400989 0.18411564244403725 0.15809964701631501 0.17197307077215374 0.16421569533192226 0.1757799201217278 0.1538866957129682 0.12379753850760065 0.14019150668739067 0.2007049409565568 0.20334303309309165 0.25011827775692924 0.29218467427227934 0.287939295503237 0.2976485580779983 0.3234395853610854 0.3670491843449569
0.2021306213061254 0.17028759272736033 0.14433842135021757 0.17190333395728283 0.1746361357209879 0.14380362823010273 0.13336333634425343 0.08961265161112664 0.1045574958648955 0.09305246373925458 0.09996056879733956 0.14384671710422745 0.11603217629110511 0.1397005861378708 0.14387836852691957 0.12486838845405518 0.11398902212138283 0.15254845307968673 0.14073035333492656 0.14834837501230233 0.13119529784213818 0.13942170237274268 0.1581095812398259 0.15015586947926857 0.1752767781994951 0.17598300596977604 0.14017586954188824 0.16025937387225503 0.1526291688281219 0.1723126120426996 0.16443964075382156 0.15403217749832024 0.1512090859235624 0.16434582768576184 0.1405742491705358 0.1812282400134368 0.20788771465388095 0.23407364504024977 0.2613757560554111 0.29122576685033935 0.30858527440050026 0.31594355247916034 0.3265064417529586
0.21628368727725694 0.15609174062197537 0.16065018847467769 0.16123676676881105 0.15008239087622727 0.1621392399718275 0.1265485938883248 0.09946676481594295 0.10917883288011697 0.08239189800106357 0.11051754206095475 0.13186255361764118 0.13452016183750126 0.14285098729768078 0.13847593628417493 0.11959953428952548 0.11307744577254866 0.1502374348288349 0.15324210393524648 0.191779669230348 0.18977495289677496 0.14900494426928546 0.18153646368625026 0.19117958565665863 0.2015010821077656 0.1684573975292648 0.1570791240958516 0.16403984907684466 0.13997211971590195 0.16108913301230204 0.1660165998601965 0.15080049117350533 0.16211479300531736 0.16614118627261543 0.1432121432012623 0.15109388341343058 0.1890425779628052 0.23425632004607352 0.25255611544177037 0.2612775176392603 0.2857014853273507 0.32256962973602443 0.31262315118161726
0.2098916371969962 0.17770104138320816 0.19699279695595448 0.19529291323687298 0.16924794232857615 0.13645675969346968 0.1038629011031388 0.08607601816816468 0.07607483629296401 0.0665990001757569 0.08443254357264743 0.11538381587873506 0.08750612845476835 0.09160715558981637 0.12845860429567052 0.1013395060901257 0.10933617305953976 0.1584883730407788 0.18055685364506202 0.2326631801372551 0.22936043531614844 0.22873295563777177 0.22424127808460892 0.2449183515183431 0.21643022392871078 0.19730858526970274 0.19245481061298889 0.18998901770215976 0.16967120226946408 0.1429067044682273 0.16396883948693436 0.1762309078109126 0.16772454571583403 0.13795164693417516 0.1291620199057223 0.12649806907728806 0.1443207689666572 0.16304213449644853 0.20916385851043462 0.24566790128410546 0.24545252592503994 0.29087720850695764 0.3330739497973198
0.19700145661668586 0.19876194831371025 0.19656872884930054 0.18055689346605155 0.15026636814768632 0.1544944471253739 0.11443886831692113 0.08815250929307641 0.10887771845289115 0.11225346070627214 0.10501251115736641 0.07486090826158481 0.07174645024246605 0.05638841252146875 0.09447078080972984 0.1053317563069411 0.14529738451821625 0.15075984688310531 0.19768848804156575 0.2410045510720542 0.22415680397205234 0.24183026730753696 0.2243850251120949 0.24576778502212038 0.22896987510345643 0.20325006167516532 0.20490785425571947 0.20050292934033392 0.1647671269006288 0.17218488897310957 0.18164702875383285 0.14742364480702863 0.12429727037310825 0.10726585681285311 0.13162201205851232 0.1202135846848704 0.11609464561859824 0.1094985136236995 0.17484309432424733 0.23500482907782838 0.23189556674316905 0.25458808730192206 0.3387707224152191
0.18281816815882296 0.18410599427267474 0.19800992023950553 0.1541409067593493 0.14562173424415067 0.15915934587113995 0.1498703271385246 0.10395000116018763 0.1368583207052339 0.13010703731804754 0.10020986681094174 0.10476889785466209 0.10746483453154686 0.0917316643962407 0.1155945391822036 0.16240654706491575 0.1655558539077901 0.18037162473812549 0.18896230594813437 0.21325944226449806 0.2560598590326167 0.26520550864937953 0.21688831598480918 0.24625606458388444 0.21677298455834645 0.2209319568859214 0.20886817176033262 0.21011977238296137 0.16396883799276946 0.1772213731469894 0.16519240686958034 0.13871541482358388 0.12353039611310013 0.11758396315107661 0.1324999344753389 0.09792706854802016 0.11385620512958425 0.129129620066095 0.17862115595320194 0.20761285339958072 0.21818259630908643 0.27213837965381144 0.3095014096048256
0.18666261941629725 0.16028086026410412 0.15721974852856924 0.1647874446308377 0.1503189267506152 0.17131654605805396 0.1419655512867611 0.11436197531911547 0.11287822480566136 0.1321097732662112 0.11811584468373666 0.15978424246927678 0.14604322222580873 0.16780478962824255 0.15514514713313604 0.19530415051139183 0.1806020077472562 0.1778432326768782 0.20527904973843916 0.2320006589120063 0.2320947278799453 0.2439984551407967 0.21994919140412794 0.23778487211277904 0.2223471080738068 0.1890565199660572 0.17956781994020402 0.18517053709344197 0.19583382276213984 0.19274941213981156 0.19152125779336776 0.13237435594131874 0.12568894873033354 0.16254673952122464 0.1254363552656552 0.11155121052837666 0.11868412849197678 0.1459082923066401 0.17854357492738634 0.2235145773776548 0.2443841746940491 0.21113292908256406 0.25547916485669997
0.2068470780415241 0.1710267561502218 0.19061461519835027 0.15700597167955385 0.17237099267015493 0.13468581119221476 0.13003698645512649 0.13052280951872994 0.11536343315013918 0.1397472097209474 0.17593594272026616 0.1771457979426435 0.18082063030368342 0.17324017677720227 0.19538327630443084 0.1979139584613684 0.23117641291108365 0.21247746072588827 0.23737520836582615 0.24942042074659498 0.23361953715850053 0.23651240002227097 0.21957450907940002 0.20006688963953306 0.19618375549658834 0.21388077762460841 0.1986070011158192 0.22841253036972536 0.23123535262476907 0.21921895078159137 0.18593890405001354 0.1652380350542117 0.13772248647225022 0.1515028641021425 0.12238657645192452 0.14467156706007822 0.13802657751152975 0.16927784582163666 0.21348613278396086 0.22790956666356169 0.22592340950099113 0.21323969996633177 0.2588580540245265
