Raster_benchmarking/continuous/raster-436.asc
NCOLS 100
NROWS 100
XLLCORNER 1743154.016966569
YLLCORNER 5469288.659449022
CELLSIZE 10
NODATA_VALUE -9999
[rows 38 to 56 of 100, columns 43 to 85 of 100]
0.2601290222188725 0.21639440526504214 0.2583309471395161 0.2657560481561185 0.27158952632262057 0.23849208276799683 0.2687779126251258 0.20854962216835715 0.2031454980275163 0.201614391969831 0.25532203179675433 0.24548669384207006 0.25517828837683126 0.2329455991351398 0.2839925164566601 0.22872927940290966 0.2249341767306744 0.2134962254584392 0.21946645720866106 0.21766306308966574 0.23354579683073068 0.22041383485373053 0.25138624776064794 0.3121940905463027 0.34150094291726474 0.36590615172388735 0.38914393839775835 0.39433166720634005 0.4317161667820597 0.4588016931012256 0.4228700245806019 0.45540026671831463 0.4651880493070553 0.4737258753837835 0.5119520583931635 0.4678217533010075 0.4900087399247939 0.44810663963821584 0.4190888123159799 0.4175474261028069 0.4148184381462153 0.4205361955676876 0.44573580234722093
0.20854834319466742 0.20267642061644076 0.25034329552483003 0.23752781348850519 0.23474405671719278 0.273714975247238 0.2684038109172302 0.19149217766533477 0.18395446887451114 0.2093003882952568 0.22847703610805675 0.20838316594872297 0.2697598476193788 0.2692815298913087 0.29939296228260265 0.2856769157427596 0.233460544957367 0.2501533051740517 0.2361325179129842 0.24571317584706268 0.24138304775655817 0.2789211187390352 0.24854280475044413 0.31601314624514704 0.33740102792397736 0.30785543951351224 0.3826565226034478 0.4137278791018205 0.4391875742684111 0.4773288035032388 0.47882666041373984 0.506985776377108 0.5283849174560313 0.5076729934498944 0.46788141902374514 0.47240582552603066 0.46054057419244626 0.4307289739045046 0.43828326196218603 0.40958518128866284 0.4596371957267055 0.4781018906810261 0.4639952313732778
0.23398682110140598 0.25021732257958085 0.25681796267984863 0.2571271420708671 0.265412668188448 0.26005021583248483 0.2184380445698898 0.16591663050704306 0.1775486791169021 0.204633679226361 0.22091058001050162 0.23305970829385336 0.24390026138809692 0.23789478958179014 0.2360054238318199 0.27350914409772475 0.2905376222772744 0.27669597869508905 0.2849087089538392 0.2846814369382752 0.3038617500796904 0.29497862281092235 0.2718939772375359 0.31051562156643214 0.29691169162227027 0.29700451074897716 0.3255126765333588 0.3526584759526016 0.4491527279254726 0.43954438009525554 0.46259068421471805 0.4987820106226001 0.5420044007022569 0.5199946382432203 0.4930587464452905 0.5004613575566192 0.46970424747242345 0.49506491896354576 0.4560800147261254 0.43532655680746996 0.4271203147152813 0.44185005193644655 0.49200937741478934
0.2542546923904632 0.2099489460460768 0.23081727742396094 0.25593686267640053 0.2292871731430283 0.22305738643476294 0.21215185161216926 0.1687662864194799 0.20037692383513825 0.20891199912252936 0.20742529761129505 0.24317124529800177 0.25227356124915096 0.25281578189404524 0.2583148827356144 0.23673335521959035 0.2570631374115527 0.28095293346660727 0.31566285562181207 0.3253697290623031 0.3106280770184071 0.25582280930413487 0.2527053076516803 0.2560862271095718 0.27984442137685817 0.28005152606742834 0.3126824230603123 0.3301597649027806 0.4133645266622501 0.46744510694838853 0.4624639113115734 0.5021614197983477 0.5319368887493026 0.5580165618117829 0.5191560710559848 0.4697883665895382 0.46565480139793686 0.5014635231583771 0.4778458715727198 0.4385308670228651 0.43914510184394506 0.4939413140294075 0.5090118123570291
0.2730059125661283 0.25088919200968796 0.2334329773625485 0.2424893259830579 0.2663477637574434 0.22477017865435744 0.2226932119667769 0.23451431186594685 0.19434123915488521 0.192847057399713 0.228932498736753 0.2629910832346231 0.23909075352976294 0.23026588492216502 0.23744597137850842 0.2691654777789227 0.2945585334277593 0.30811344584890693 0.33411473217059073 0.3091313840167047 0.30878882086369774 0.27666937012194887 0.26198012365922657 0.2898245234698107 0.2691862694879824 0.28134287015761517 0.3432052067566863 0.36699687325505564 0.4022304588010365 0.46641117516396924 0.5205880393394564 0.5394592010872195 0.49865125250310915 0.5464622420299032 0.5479100416580281 0.5024926216172856 0.46495494228109274 0.49740467835879393 0.5017158525689366 0.49650601797384053 0.4739618684805923 0.4747543626403867 0.4841589219651002
0.27932755602901393 0.28850176668728406 0.25893449986957484 0.22649564666636 0.26175534372119796 0.24860224115888546 0.210728232251573 0.2483738137310386 0.2386157714082277 0.22391549034502617 0.21995683185116438 0.2228739029057157 0.2545844555260962 0.27312394627006226 0.2998912048141773 0.2828375775996599 0.2842261497856504 0.2843477117637826 0.3355609777117698 0.346515975797035 0.3384441471869057 0.2659817984764974 0.24866173634152897 0.27936316120970195 0.2997048401995752 0.3514070578313443 0.32981187191975897 0.3663582792816974 0.41351200351634554 0.4953889754584162 0.556192577520831 0.5498348590232599 0.5437887152101181 0.5063365246662888 0.520297854514436 0.5332753634651569 0.5025881599862068 0.4755412199188686 0.5297941262996051 0.5197517903012501 0.511497475499921 0.5428708225903845 0.5101397518789224
0.35264844374588467 0.34416420833667866 0.28585058288650783 0.2554620230479334 0.22421277132448972 0.21307607008656007 0.18938341847478163 0.19093902941496052 0.18836847166636816 0.20032979174401477 0.18371109262967458 0.17535739505488657 0.2102655551426678 0.2622483814904128 0.2922415974179637 0.2988820097807961 0.339114725611853 0.32211076136557926 0.3202168747465378 0.3411259874224991 0.33449125975620253 0.3371094163978231 0.30970308335399505 0.29611454888038474 0.31108923967074087 0.349210531491521 0.37630275462059354 0.4251067810059527 0.4747163755530014 0.5048775535534065 0.5482231623790599 0.5446840473020159 0.53084830197334 0.5229405219787581 0.5588711746044926 0.526964053078646 0.5152331021518768 0.5330678439124468 0.503970194991481 0.5141465930380986 0.5361868407537439 0.5757436794648048 0.5797413227701483
0.3681309757892269 0.3341098814548517 0.2902779928941738 0.21969475433091978 0.20089639215970237 0.17059078642135767 0.17620582508378801 0.19798425946210424 0.23458117160109274 0.19249497441387523 0.19173660821448046 0.191901796043834 0.22737781005749647 0.18242585373899 0.25455211609941 0.3283500278357621 0.3150196845915991 0.3650152199826793 0.34811325953883543 0.32113023702710214 0.342152060228132 0.3296396785831572 0.34203541392856746 0.3506804323747875 0.3291339153833829 0.3159142422030246 0.37059219708066055 0.4575632732280454 0.4608215198113695 0.4746037384405842 0.5050683531296318 0.5524013402249307 0.5622838610961047 0.5763334740955801 0.5353745050928825 0.5768214031894967 0.5330410097544518 0.5454429058136422 0.5552245760281322 0.5361109519991833 0.5524443767107239 0.5838158823770273 0.5987716026197574
0.37544580262732463 0.32106808520594315 0.2843255814653667 0.21484213047838788 0.18935556955713623 0.21144298162171818 0.20624729867491629 0.24219178275880388 0.23903844352986872 0.1893451314322011 0.17455047188274642 0.1724383696889045 0.2155057027543022 0.2418049471665256 0.2648407079056708 0.34439646291403475 0.343129211412065 0.3301336649580602 0.32894452802060886 0.3535557216192456 0.3279571152169989 0.30511450479739005 0.31701192547615803 0.3186765783745801 0.3430885711833755 0.39034066497734443 0.4032839914103662 0.4569749966022848 0.4647608626849859 0.4740440925562347 0.5017380930009049 0.5543451884407342 0.5631302960769625 0.5684883077693016 0.5415923779631509 0.5868611853756427 0.5773009286938692 0.5998692145513052 0.5637384566340173 0.55904487910173 0.571941573915141 0.5786956972622118 0.6102716923031363
0.343203329087301 0.3517572775817211 0.3079660341464859 0.22396779339603326 0.20664759362226862 0.2533125562799809 0.2585282621601861 0.2285453903560808 0.20307917083545554 0.22948122031468637 0.20588681605042136 0.1658906382806918 0.24427120443603337 0.2638946546616597 0.29364048864666403 0.3611257644851415 0.3423794534022789 0.347120820885241 0.35764969123432366 0.3150637926973856 0.34076051603643337 0.3003027381743398 0.29217834583335656 0.3405314197785236 0.3370230572481438 0.3934943439201088 0.44892042846997343 0.4683503537878865 0.48113197176928163 0.5358561786084169 0.537871292797461 0.5365965595374897 0.5474172319484579 0.538147028339112 0.5826264788275142 0.5619541404885579 0.580565670387849 0.63703971183042 0.616140411209172 0.6505159193581449 0.6341729900302708 0.6338303558768007 0.6093749058071695
0.3300338211039505 0.2981598914667719 0.27770517323707417 0.25479865650273237 0.23460404160269946 0.22159722332155216 0.24320569527669478 0.20817065583834504 0.182717091262339 0.22083400279792345 0.18584861300314856 0.216750582921501 0.2186158087154281 0.2509559774448022 0.3122920075426444 0.30240027278335235 0.32500350768362946 0.3520564353089834 0.32270718601973253 0.3374143175103104 0.30813314339265924 0.31555545825404624 0.3135277884897301 0.3680679036553761 0.3803171053559188 0.42343190766681255 0.47004054912265414 0.4845746733514615 0.5258081185294932 0.5408439248288128 0.5704048327558107 0.5955582215381697 0.5645702474037169 0.5408204540189934 0.5700106853815688 0.5435233234882259 0.5797071089564023 0.6044627541182283 0.6351523606040959 0.6592115005232319 0.7026759838206755 0.6688302042771449 0.6511282371583308
0.33847737530016797 0.3251015397913574 0.28416987238478136 0.29577232216749305 0.2786203581922917 0.19559629817890742 0.2117287197628549 0.1810370258522198 0.16812974485856372 0.17403559675444813 0.20158962876588904 0.18895580042506724 0.2601676301380364 0.3248931910227876 0.3199287049289153 0.3057252111470351 0.3151102046259096 0.3691398498778701 0.29075831384259726 0.3015062939747787 0.31330553764108643 0.333847801975722 0.34496868244546347 0.3551610860803527 0.4062075730731407 0.38870789850228615 0.45141486501418726 0.5056226819079921 0.5526095366676835 0.5981602541247074 0.6077297034017195 0.6017506711017517 0.6014431000935807 0.5799175196503341 0.5340362058749509 0.550271079646942 0.5801592004810234 0.6327904092424067 0.6712697378685911 0.7058674231294729 0.7217208624916377 0.6986827929992518 0.6954250463898678
0.38298751512845924 0.3243925420675923 0.2943243358071685 0.2976797655856049 0.2676919555619672 0.2671005745553435 0.25419306344772 0.23796445439151598 0.20338021489133143 0.2269764966616754 0.19419554061031188 0.22537300255684264 0.2611695296126006 0.32181382632186956 0.3068736342664629 0.3069874334819962 0.30136998156197253 0.29971931252066014 0.2872138734006419 0.3065183642769419 0.33512903814553563 0.36889782637127316 0.33832667478640704 0.364929353469715 0.4281927599687783 0.3993414321301688 0.4546879843899255 0.4990511237861817 0.5373499970717994 0.5744322605910442 0.5982792971736198 0.5910608421450908 0.5649262346891231 0.5791321940073235 0.5373666389562447 0.5750965319423349 0.5677309636938735 0.6016386964093063 0.6303818474339928 0.6779889324066496 0.6582389899842388 0.7002409130130886 0.7092432769317673
0.36273039878946295 0.3336111314317447 0.3151074730866649 0.3242390868467191 0.28768140870190767 0.3101843206103528 0.2607049863482582 0.24902696224453466 0.23250599531267913 0.2712476768466361 0.22483491524540467 0.2501705475689352 0.27978174258340227 0.29517986095753634 0.2913438165745365 0.2668869275447127 0.2680084892947469 0.2659068962186647 0.2763553189450648 0.3322133898233926 0.32576493024473785 0.3663236654488146 0.3856264922605287 0.4224827903073091 0.4549270574354195 0.4422003191386379 0.5062141890980085 0.490311507248416 0.5451686046989164 0.5176893101840384 0.5580277831846853 0.5869782582973148 0.6039846218402944 0.603224185372583 0.5469747147039244 0.5321637757974171 0.5669448612418643 0.5951879319376624 0.6038835048956248 0.6723933909720305 0.6415725215553703 0.6813030877162163 0.6807803575987182
0.2976788594420076 0.2894089373829156 0.30729737089249404 0.3003405454727266 0.3019429510026327 0.32650597782327884 0.26796094821021116 0.29377614107781397 0.25410393148549765 0.2521154337968169 0.2587524095420837 0.2590864534578005 0.24160535201927197 0.2722024472973805 0.2764704467253104 0.27779646029297606 0.2626090827253359 0.26563920084418624 0.3256989212691181 0.3484236245937073 0.3583337521262829 0.38343971719277586 0.3724205926692865 0.4142175617557567 0.45595230792147917 0.4923389623226709 0.5146014604402083 0.5500662620352201 0.5643182433466679 0.5782671622127592 0.5800451562959853 0.5945253719077512 0.5793474208066944 0.5583103361786997 0.5549419008366235 0.5396362178129267 0.5402063095006786 0.5891515655732759 0.6311322927547527 0.6181431479634585 0.604750232804208 0.6524662844868517 0.6913938374932804
0.2769749940178438 0.2623194257268095 0.29060824550308 0.28790528323406317 0.3006343079666394 0.31498571869239395 0.3026530059135412 0.27886175161196924 0.238003841896998 0.25488150430792206 0.22477906233135664 0.2702825460851548 0.24730930058370637 0.25245153185642544 0.2661812481703702 0.2806761854767628 0.2577933996634389 0.2594451412549283 0.3142867008282505 0.3815827951222416 0.3887472142577467 0.37763561121935263 0.3617593101219851 0.4000250986501532 0.42399872247999415 0.4684094590384092 0.5027240199935233 0.5389852001363375 0.5880168144197098 0.6046038475771377 0.5987087095872535 0.5433713422408495 0.5214270560807333 0.529788546948332 0.5459945520038684 0.577831203533253 0.5975009160397892 0.5767228180631466 0.595385334484953 0.5773445387107233 0.6040542297214643 0.5970541401737167 0.6911255486493197
0.2799684857405582 0.2922786993820164 0.26391448224355757 0.2519501768819647 0.2835614454210981 0.3082460400617429 0.29945412714524566 0.25885777177089675 0.24534247398288545 0.23026529841105808 0.22907872223026143 0.24446171986494014 0.2583631808883271 0.28672071213621264 0.291984664773117 0.2770704233580186 0.26685561801726587 0.32442840539301643 0.35215717515386724 0.3401644919798196 0.3626152001404058 0.3640375100857224 0.39838303582130996 0.42865327572607576 0.46447127048254216 0.5002760320039439 0.4900820790789641 0.5627844267805534 0.5988029102003346 0.6022318985093017 0.5960567423784675 0.5871745755104133 0.5436642127831713 0.5564628041301535 0.5642053898159554 0.6150351658592152 0.6107197723726839 0.5906845071160229 0.601216948429111 0.625041690816816 0.6054033750400937 0.6393811912757884 0.6716825086559488
0.2707106074412238 0.2621164707527971 0.24258300897271476 0.27490292605037997 0.2860016560663651 0.25528818621654026 0.2940613758023454 0.26150635133556965 0.25146096717738725 0.21631714507684624 0.2586817739387909 0.2745625816634769 0.3048366921385913 0.3201367314383346 0.2851856577800114 0.3105614835272358 0.3100175337736105 0.33366981655985933 0.3408622670883678 0.38514112799735983 0.38411167676029084 0.3805039919609288 0.38679740503371235 0.445472586740969 0.4644846340541397 0.479218678243614 0.5243659571312077 0.5642237765920769 0.5829602213366091 0.6294904429354641 0.6052731116467877 0.5955081453911016 0.6030357160995642 0.571593461178292 0.5832640169960065 0.5917854041163575 0.6092145470239229 0.5745448131941527 0.6245567105658332 0.6142473987493661 0.6391707220900326 0.67883671267027 0.6587441371164667
0.27890823610329474 0.2816784397753796 0.26616466683267226 0.2793211901918894 0.24491896269420005 0.24645875971577894 0.2791104214213647 0.2591276413172064 0.2330859860991495 0.25969544004541323 0.2242271868711138 0.2314453407053358 0.2779105165028572 0.28034447415199476 0.30965004496077486 0.34431649193467484 0.30954143896317476 0.3377729329302969 0.31831664971737905 0.36959508648493883 0.41083259587737436 0.39391257322086537 0.41198756777311757 0.4394391425920031 0.4618965423732911 0.48364967981117474 0.5275223335615701 0.5354111463301942 0.5979586597778644 0.6125530320186797 0.604973022335709 0.5974208719776075 0.5798108101352795 0.5875331459001021 0.5999097453344638 0.5975917965634026 0.6285007046488739 0.6064870096591745 0.6300074365591835 0.6223350015079266 0.6728118041576054 0.6953167026577712 0.6560143035460178
