Raster_benchmarking/continuous/raster-25.asc
NCOLS 100
NROWS 100
XLLCORNER 1743154.1338888006
YLLCORNER 5469295.295085279
CELLSIZE 10
NODATA_VALUE -9999
[rows 19 to 37 of 100, columns 0 to 42 of 100]
0.6815584002924829 0.6303386347784832 0.6191959129301717 0.6667383358406935 0.7198986054428221 0.7381617638244065 0.6868610535304157 0.6411002449612427 0.6306720059397863 0.5593353619811238 0.498155728221773 0.4999010270546085 0.45769900340843106 0.45069492228510066 0.4539063046484904 0.43152406140426797 0.4033645068912662 0.3768738116587111 0.40743936509637046 0.33120755171104227 0.33631130013605937 0.3323827940042217 0.33477411385172406 0.3015183763221205 0.24901883551972875 0.2121408661769321 0.2266563799765651 0.18375933147187368 0.18948066255284948 0.1942673331360552 0.2397983404048087 0.23620307505272034 0.23071547991493505 0.2469265417471779 0.2508939004466012 0.22813980080887017 0.24325597372436497 0.2297301479509158 0.23980856819677845 0.2694708819354499 0.2946622936977439 0.34701271431495073 0.3970705792879019
0.6728628607576254 0.6762559767571162 0.6536875959642999 0.7096005406611 0.6933173476883282 0.7030237821093619 0.734462118597834 0.6752205870206083 0.579271515124699 0.5592207178394467 0.5256926048785008 0.5111609447718405 0.5077303143720189 0.43815312215039376 0.40256613063854485 0.4373533222348728 0.41554019361010763 0.38492171848745776 0.398732510138394 0.33933601947529235 0.32815034295612744 0.316206774550801 0.3036787385255886 0.33222869491936946 0.27658953535602043 0.22515881138928273 0.2094501991531079 0.2323971446054373 0.18986380757175023 0.1756463650089805 0.2247654146789379 0.25079112636754397 0.22418030206703055 0.25252019942094767 0.1955811229432647 0.2131033620336175 0.23872112000803053 0.2771409163890787 0.25873649157991374 0.2800935699522875 0.35834095304649727 0.3581289281035061 0.3980210076216517
0.695232824170781 0.7020590169532582 0.7301192171789537 0.7370377713415784 0.7063041891709405 0.7258398367997843 0.7506190673711858 0.6635281756442966 0.6399306119751076 0.6073359086472118 0.570389868331291 0.5719214015894767 0.558111754895618 0.508608338938797 0.48408307548301865 0.42080870046558333 0.43858144335195703 0.4348347112271452 0.38148134638254794 0.37963400757143345 0.3419289761225754 0.32264635332885533 0.32725587057953054 0.3156657965779549 0.2613671477208001 0.2805352151818079 0.25498406481630254 0.22045889691554868 0.22944086101610608 0.23384475365733357 0.1996168684336419 0.23115879535458617 0.23421993761944288 0.2588838055196083 0.23653814200622003 0.2501824800934143 0.2723265024735686 0.26937813884812783 0.2297722582715489 0.30410991743499466 0.3227615293269881 0.37839662778079014 0.35806545921726934
0.6625848615453208 0.7195776877694589 0.6968549346615452 0.7223003124930004 0.7614141327714494 0.754381534157892 0.7835926606472239 0.7012561321411859 0.6314962953918574 0.618109230038687 0.593301855727116 0.58058638085332 0.578860700250528 0.5604387393738194 0.4941950725611183 0.5006478850897018 0.5004872917839486 0.4328331982966609 0.4274562589069999 0.3891390386959576 0.37242727230544687 0.3737284016359031 0.3546020154974411 0.302110130284958 0.2957989908494583 0.27424929978228546 0.2990721765913338 0.2763427370187816 0.21162838838445364 0.24645850908680642 0.22484576883951773 0.22689649917820653 0.29332239948466693 0.2375203423124563 0.2788349892260624 0.2380318506188286 0.2373865678576656 0.24191892431621648 0.2164206855103797 0.2584457363386531 0.3417518761519133 0.3807033489403342 0.38091520015518693
0.6511252265741894 0.6919879284752172 0.7283952853748443 0.7712076498800575 0.7667069123946814 0.7494343475309746 0.7395959714586657 0.7517295877524282 0.6785475412133049 0.6390491727349615 0.6235642585462514 0.571631509783491 0.5643728601536342 0.5613841858716351 0.5281065271765126 0.524079029520307 0.5213320054080264 0.4781600658051558 0.4333018896592915 0.4155168163695941 0.4048681766971707 0.33386279827280557 0.3698324017181296 0.3690646783646715 0.31376395828207093 0.3380136368102514 0.324031042851245 0.2971797010049946 0.24329109374382168 0.29637786138761435 0.28940276923327857 0.2539423845194857 0.2512794631608549 0.23903499569030578 0.21652077988251706 0.21423030188864473 0.19705116709792933 0.22239326020722375 0.19835233536857813 0.2802698816112326 0.33471627107015156 0.3672427309051215 0.3864096914909188
0.629527398722057 0.688625486541398 0.6930214236823555 0.7404234203156468 0.7958761842573221 0.775790625264293 0.7856128570366138 0.7203563194360904 0.6797005905478949 0.6400313535583722 0.6261132032826818 0.6132578221279475 0.6165909357584956 0.5632843932634539 0.5762395938477834 0.5483811956254288 0.48133397746803874 0.4241477329848623 0.3856913693539327 0.4073593363994137 0.38008344396292576 0.3955231619545832 0.3376327959387642 0.33166297246760745 0.37718872310601853 0.35423430293938374 0.29857957391099055 0.3167814004543919 0.2770461355964279 0.3149697401153794 0.34078620727210823 0.2984272134663187 0.24690101736031422 0.2671054776488558 0.23321717301479283 0.24497657191653743 0.24311751033969875 0.24490895907465696 0.1972334393414433 0.22516636736785087 0.329082017006338 0.346359412381019 0.36907520637178876
0.630844784154415 0.6166502959606186 0.6551495834630798 0.7351593424423837 0.745108371257754 0.7101864850052276 0.726729993822072 0.7184456646122515 0.7099812365988055 0.6828647323315901 0.6422084275691023 0.6099402343713177 0.5739744198503203 0.5494464083669671 0.5252232073247601 0.5280051540302343 0.4920745644325409 0.4450271077644671 0.39872515273940556 0.39381482792869504 0.4089388958808687 0.3952988742631457 0.32365703476792335 0.33702809972412845 0.376987069391077 0.3723765668909278 0.2952031833947538 0.2973625174907712 0.3281001015559029 0.31469128119993767 0.3147769568204854 0.3009838714100252 0.264471816640514 0.2621111000703053 0.2335207095425667 0.2589174308092209 0.24078330438661397 0.20321004661218142 0.21677714765969927 0.19845467101008607 0.25426631134429356 0.2750791939269134 0.306499478881658
0.6175141778849528 0.6144820664618906 0.6251230952089916 0.699452136188718 0.7215155503451076 0.7232621949417686 0.6646688132758696 0.6556250309709062 0.686866522932483 0.645685912975785 0.6297789495181217 0.5568146651655584 0.5527081270198196 0.5251678843919196 0.5665452988614958 0.538708486758487 0.4308895045653425 0.41304162128510225 0.42083272567276736 0.43996334837419165 0.41622635003535535 0.34770631378623645 0.3136793009631944 0.3261256116886753 0.3484173252501393 0.3327654320892918 0.33259274763710817 0.3291349637640135 0.3689172585735124 0.3533268616609324 0.36550144449125066 0.2884733762208226 0.2921462564117833 0.29205257791038797 0.2672593314150534 0.24765537427318907 0.21449126237910976 0.18890625392546737 0.13530147873273382 0.17655704288211493 0.18382947124033883 0.2528951648613206 0.2847386596856138
0.5915058768648953 0.636376796529164 0.6724741825488463 0.6604557893603112 0.6904890794381854 0.6681222337745323 0.6355541268393677 0.6114924780522312 0.6666086541828062 0.6409753605671912 0.5623872168935521 0.5425319425167834 0.5377435200581762 0.5501800201166113 0.5562881601745884 0.4886877887002845 0.447038826195702 0.4389249925145632 0.4301494568788487 0.4079907703732834 0.3907255879798724 0.4071364995923192 0.3651347168627291 0.3063531263806798 0.35286704358053606 0.344544681481333 0.3291168511056759 0.35592563245973596 0.3582193063685553 0.38529411059970475 0.36897065888238023 0.3369376977272161 0.29504475633111565 0.27588258492527123 0.2635303283614263 0.23414295378195313 0.17499466474500353 0.16249115377300902 0.13671390891446977 0.13514087830769383 0.17166655786496515 0.15634858258127746 0.23511283420969725
0.6007754966447237 0.6567297939171425 0.6833853723439294 0.6767079729324026 0.6798697827896432 0.5987163560263504 0.5587978551310357 0.552422908441454 0.5886450066530441 0.5522601872563249 0.5582604523955109 0.5839066704927398 0.5437999512411933 0.5639265616290893 0.5246380005735597 0.4803437810945592 0.460103442175141 0.4639160769657403 0.4432090332437131 0.4050876345335176 0.43387360668434743 0.3706838966507987 0.3509920419342632 0.3253231409669458 0.33309873793822403 0.32991650835208103 0.3202686157575794 0.3362436520502124 0.31969105929292685 0.3785599780711346 0.3671669117598209 0.3512869808009221 0.266036750107257 0.28275282599334917 0.2436987275308975 0.22184219795441767 0.11979065748561656 0.1582028454658596 0.12332325425538768 0.14838442994681011 0.12388186517260884 0.1304491273312993 0.17370065199619036
0.5868852193312323 0.5926187598761621 0.5914016762189166 0.648763052623714 0.6301349083939336 0.6001889116753358 0.5734537634041772 0.560227554055085 0.5679949790155907 0.5603251162674958 0.6199037696231032 0.5932809541323231 0.5425698715279191 0.5381864775309633 0.5743871065861575 0.5723353645155951 0.5559310093441354 0.5356290685879403 0.5188863213033942 0.4701779224956962 0.430986836012411 0.3701340304793494 0.3070823234899185 0.3037792449552231 0.27095988080474687 0.307864687771974 0.30693683180062714 0.30227451048272896 0.32782133097946375 0.3361179216566883 0.30576211787802116 0.32598797383313705 0.3054921197094218 0.25263837953134133 0.25175141256785494 0.16398104913639572 0.14988478458113322 0.12260181897054433 0.15477909756116154 0.16569229225400073 0.11264182287471884 0.15324017602914217 0.18823878008823328
0.5720441880886115 0.5956645719172209 0.5794950860466405 0.5921220452869816 0.5620419569562378 0.5390304628434646 0.5997057654440687 0.5735135497258427 0.583947300842257 0.5908032213378228 0.6269542745023796 0.5826873883188766 0.5820952057651986 0.5992811419176073 0.5870089921376536 0.5723219845474266 0.594534657778559 0.5543213870938551 0.5083117895665051 0.43014678985396076 0.3536817276828901 0.36870443440444994 0.31473644409998486 0.298168670703949 0.2565325728704742 0.2862781479993892 0.33157903619922974 0.3411390787497983 0.28059193169128455 0.295344443320606 0.29526310236158915 0.26425654393930836 0.2594275612376366 0.2366240387044548 0.20569495807779462 0.18332791676414423 0.12284362727016615 0.16221416075069056 0.15133365982144667 0.14333653883146968 0.13910280188087645 0.16588638760658672 0.25245256152111073
0.5637408409988885 0.5728340904815256 0.5844819126342329 0.5486385392989541 0.526971123960777 0.5213140802532947 0.5567822165816823 0.603674498618042 0.6052992262364898 0.5710412215590289 0.6209237033411671 0.6436461222571109 0.5825176688245172 0.5905473389419887 0.6131164984758565 0.5850345369693937 0.5848364361968048 0.5529404047614287 0.4856981740576102 0.4643013828127264 0.3829945067825496 0.31820602666746245 0.3111328235254788 0.2769728556382856 0.276541277116301 0.28942316706911003 0.27722072417651783 0.31395177702873145 0.31214118633273685 0.27617605940250745 0.28375494579269317 0.27403245289223943 0.23616654612344398 0.2286516414121861 0.2393285386581912 0.19615849622355594 0.17709688426810813 0.14152271113028742 0.1194508965318726 0.15549969080792073 0.19448409633631816 0.1681748565717746 0.19177448517394893
0.5236809812909762 0.5841279597028678 0.5993623854318484 0.5396268393122549 0.5219252107974909 0.5449611251770605 0.5188152997070016 0.540799417458178 0.5901942044832631 0.5945200305752121 0.5895025561235911 0.655266730271971 0.6496184107014631 0.6592304636524539 0.6607757169559401 0.6083947459257476 0.580447215371046 0.5571613452484923 0.5404102576487985 0.480270191286885 0.4400793458597584 0.3269303524188787 0.2588382148627558 0.28689177028235596 0.339005688266918 0.2891642451985742 0.288244775777554 0.30999302970787757 0.29380999727634766 0.24902698836215906 0.2821326960608014 0.2717442012780532 0.249918756680635 0.23742531906887537 0.2245517187365766 0.14718232902681877 0.16251952896393188 0.09786627258289837 0.05746585613645737 0.14979835811108547 0.17641025407531524 0.18827633544817413 0.17058273165025908
0.600367569194043 0.608975511919775 0.5966484270187661 0.5553051596083172 0.5363993469719865 0.5458629520646376 0.5107138639149505 0.5756138568166358 0.5762705315667865 0.5879585847313864 0.618133740765521 0.6149534411280398 0.5949284766646041 0.6435784325331775 0.6546623231348663 0.5828669633798105 0.576495038554734 0.5590445858386554 0.5175654177761462 0.48326030745702525 0.3875107445871564 0.3444047424233745 0.29664598909627615 0.2954464022081106 0.2958228350295307 0.333691705737159 0.3114195090772947 0.3021116025289747 0.2734795298623253 0.2662415825677955 0.22402136002361342 0.2041483936778612 0.18499394251796064 0.16640025328645183 0.1580895922345455 0.135320921078433 0.1258420481418891 0.11066385916010146 0.15542499623695613 0.15706297877994096 0.1956722722592837 0.16584575010449507 0.21324778707912304
0.5967135897452693 0.6061205169980165 0.6198417856750946 0.6073300214270382 0.5884824312878637 0.5786768893742059 0.5238386021675959 0.5677675634061412 0.5542198714929851 0.5901923537835702 0.6254119640485911 0.6190209652501997 0.574547889386295 0.5833465486737811 0.6367273676433582 0.6012658515242387 0.554432933607106 0.5558118059119419 0.5163270607590851 0.47375031062161604 0.38510556655391703 0.35597519421828305 0.40107110191041667 0.3533542280976037 0.3183289928647266 0.35036282644658295 0.35274096991345105 0.27770020662213263 0.27652424214777865 0.23258890215288408 0.18037267389097522 0.18925682170148178 0.1658679466170847 0.18016777586122426 0.12729674221067971 0.11833545832490495 0.16099685365434968 0.11427378273360982 0.1927102870177161 0.1788603356575272 0.19375465264728362 0.17508017070896065 0.20623370960217036
0.6062169063752694 0.6349616553905861 0.5970810237779236 0.558831537768008 0.5867691729683937 0.6054878372561928 0.5880558373043265 0.5735397616636736 0.6431059497588638 0.6328084779944199 0.6232788371942503 0.6200389371800137 0.6018480731066724 0.5709694088327236 0.5848004790560184 0.5846498995871765 0.554064380132166 0.5175446295701591 0.4473604278243403 0.4510766046363963 0.3992938737788174 0.4068425233367865 0.3918456375313882 0.3771340840769652 0.3260491553149371 0.33327635692250634 0.30280616711623515 0.26752077404973534 0.28194415749226087 0.25294945595879265 0.22065336531041507 0.18730888062130124 0.16866114129042706 0.17646441403015822 0.14887990422852998 0.12870215205647811 0.10419434310366935 0.13440539886814895 0.1837086793332151 0.1558357009958016 0.20508235718242762 0.20356650584897026 0.19199398890751151
0.6852199136332157 0.6030661523988452 0.5592670560039407 0.6030274813887366 0.6022344580107192 0.6068502874348183 0.6550110126908979 0.6784320508693014 0.7017919697291107 0.6895235066738122 0.683956262899862 0.6635497954154708 0.6333360734305498 0.5953034002218626 0.5335491292382937 0.5273882714253287 0.5357571126227105 0.49871815345905707 0.43498434924161655 0.40414661451119316 0.4359711949372022 0.38678393212433787 0.4119182531334108 0.39128491419822553 0.4086211088461082 0.3295440435700672 0.35174677861018444 0.283645341938103 0.23088620964800843 0.21498299364251783 0.2001518897229844 0.2161178502242388 0.15550860099547179 0.13799042274287987 0.11685876078692968 0.0935419837764721 0.11610228751383932 0.1055108364124441 0.13198091890192118 0.12427121962129545 0.1258404808595174 0.14767134663661702 0.19575217857829066
0.696234688212842 0.661415020931732 0.6423771972559591 0.6603127459432996 0.6639994765192435 0.6695864302392628 0.7016024126718996 0.6817696516292061 0.6922603889773591 0.6970931190204267 0.6261284561326936 0.6129124687079842 0.6041561446388178 0.5452744987875576 0.5429953222779109 0.5068846789632429 0.47680961999603094 0.48278895986137643 0.43651798654933094 0.3907438160550256 0.43207012471895095 0.4204064804766736 0.3900258239681216 0.34373351417683595 0.3603764309807286 0.36250928084865125 0.33496441258437026 0.2954888164479971 0.2529248072540811 0.22978995836082594 0.19012514418249052 0.20072805776618544 0.16679453247872347 0.12970274257973852 0.06959886727932155 0.07311092231168481 0.0429659706774785 0.07510916865257097 0.08686433242784107 0.09643258510933173 0.10461632906137543 0.17952043433853668 0.22290764881535102
