Raster_benchmarking/continuous/raster-152.asc
NCOLS 100
NROWS 100
XLLCORNER 1743157.0121629525
YLLCORNER 5469295.951286353
CELLSIZE 10
NODATA_VALUE -9999
[rows 0 to 18 of 100, columns 0 to 42 of 100]
0.7251196973718507 0.7318373280191938 0.7765381666038809 0.7483680312070207 0.7556506325492226 0.759651446898954 0.7721996632771871 0.778891604291857 0.8021945916110277 0.8004293736698302 0.7928751205966643 0.7952368234961077 0.8232196842344495 0.8422274522284713 0.8535095913665212 0.8470336929161436 0.8577554637775018 0.8398611066443574 0.871427447464875 0.8316370515319053 0.8372365668971065 0.8354453856247168 0.8675304969121391 0.8750739065303166 0.8939936622897516 0.9289993039634323 0.9381127096882036 0.9083630053201284 0.8925205607151663 0.8612212343942078 0.8698352807868409 0.8663185383539723 0.8790239306576736 0.8507799609451469 0.8605200859696289 0.8403352898381355 0.840614778796689 0.8395994361802046 0.8475923714328282 0.8743837280652681 0.8801377814381937 0.8678491606012485 0.8458669492758424
0.7183212214351447 0.7536765768608382 0.7810419890174785 0.7944284346907843 0.7635580103029694 0.7894866942032339 0.7959902781472622 0.8141928944563014 0.8161472593483496 0.7821495899134121 0.821457701580487 0.8306452897286086 0.857884804428464 0.8482391279938614 0.8739873741971483 0.874687434597267 0.8628084802236925 0.8884101211090731 0.8867294617443778 0.8544134533403793 0.8573522564026405 0.8725385642839956 0.9030669457937772 0.8926578685863507 0.9079254029137357 0.9439289852060652 0.9194372849315026 0.9160179147838461 0.8966029919010818 0.8724254132966893 0.9031894685332896 0.8938057405851532 0.8514289091083047 0.8319592030824988 0.8726684731738352 0.8765558061887777 0.8785801261479144 0.8541996336305401 0.852947566154042 0.8733284136087635 0.8697502176537452 0.8630150435927615 0.8555240265839177
0.7484855705621124 0.7560510194620741 0.8021157861489961 0.7841487952959553 0.793644496262406 0.8372285402455392 0.820740429011304 0.8454485637689978 0.8343498644599386 0.812983519714132 0.8455540833501639 0.8471883009600684 0.8585423149449405 0.8446776608721299 0.8658923980683974 0.8796035186967911 0.8800680452345471 0.8929308824704422 0.8843369148003021 0.867337250717467 0.8788237706721617 0.9062689625729414 0.914844101131821 0.8997075986425881 0.903428587181241 0.9199955794116154 0.9389872779423583 0.9463651681995644 0.9052324769601547 0.9000512018468612 0.8925265629005903 0.8923275976052251 0.861910115391843 0.8663107417472683 0.8758691693498121 0.8792141835129965 0.8779777596198695 0.8661450120507287 0.836925420225547 0.8315914965395164 0.8615482946033564 0.8642677960774778 0.841149068550661
0.747569684202985 0.7709312058014133 0.7979717368023793 0.809915509000219 0.8340211229988538 0.856856513880894 0.8185571687935885 0.8273448952578548 0.8298085748059705 0.8428700142344165 0.8710099871159199 0.8883615604012541 0.8577538947959578 0.8648160091356741 0.8826365689773426 0.8655045189168032 0.8503107392778076 0.861089419186674 0.8625647752613379 0.8833235070929819 0.8786051413417749 0.899847627694717 0.9234469485397421 0.9279329191649887 0.9249577915992997 0.924118734514154 0.9494994337103424 0.940277580570987 0.9178000461159719 0.9372993766238416 0.9113022921233535 0.8848879632438221 0.87447966730426 0.8632168970407927 0.8629896481653077 0.8763199171633737 0.8489926879135125 0.8215494798175859 0.8339160877383933 0.8309361385874637 0.8433910954767774 0.8500910709294909 0.8359173072986426
0.7573753902515298 0.7779544000126933 0.8001703532292667 0.8224964050466939 0.8515914489070959 0.8756404836521509 0.8401849108992762 0.8228319068777376 0.8565033550158545 0.845062758557718 0.8789457960508918 0.9028671535867082 0.9058851941922292 0.882006268910538 0.8894849604879316 0.8727435079942252 0.8796510627999138 0.8500578452914654 0.8444848778099815 0.8793017392750638 0.8674149110593934 0.8693721231921212 0.918140671224933 0.9096512740049609 0.9346988088977096 0.9259023552852786 0.9192147418586405 0.9572406219481884 0.9709548687415468 0.9558362078844724 0.9454008560489738 0.9281722081608356 0.8885949595502179 0.9093061018562584 0.9217900475378373 0.9053533823325665 0.8584116003385776 0.8284055506774485 0.8604672565044017 0.8700942710888593 0.8430132640620358 0.8478253480983723 0.8528096207806768
0.7688808852139345 0.7734248294872326 0.7872370153349164 0.8153384366345642 0.8630344343574209 0.8861179497496439 0.8807278952080037 0.8474806955357814 0.8781780663129742 0.8709370213020959 0.8564687203747143 0.87050445609226 0.8839672529105927 0.918008335182701 0.9006625110583568 0.8659570426565849 0.8546562777145363 0.8548640613623748 0.8520593529483742 0.841826337240739 0.878224803603974 0.8534024077310108 0.8855890245354636 0.9073776382734197 0.9152765614590765 0.94064338354249 0.9366465372608073 0.9456742393572103 0.9535634798641099 0.9934562900737925 0.9439872587873956 0.9246105913686699 0.9424121493258313 0.9520136147711179 0.9420084220766071 0.9385776334057341 0.8669666879117669 0.8547578210141564 0.8509697730590272 0.8698016291627785 0.8461512091738197 0.8022929305032745 0.8262830423634171
0.7376111400483082 0.7632578896687393 0.7864938374519963 0.8278474709245535 0.836775449428947 0.8595130298224206 0.8742048754100631 0.8742364924856949 0.8679990440574445 0.8516200865624262 0.8856443968095726 0.8661304071164229 0.8709213087407282 0.8912181779972194 0.9068004351590333 0.909214100180032 0.8878185459559438 0.8981483084058645 0.8650141874411945 0.8826309935787577 0.8773953689225384 0.8828314369805156 0.8870656503738784 0.9371590945699686 0.9523918664573678 0.9414511971893252 0.9579891315243693 0.9830547340138284 0.9732664360392514 1.0 0.9812398503730483 0.9652837018523397 0.9589166098620866 0.9507005862225377 0.9239850122728117 0.9217028330252581 0.8789008493512488 0.8821574386210254 0.8735780436850302 0.876535358748637 0.8713475905572047 0.8612390988843487 0.8658158026275002
0.7446187134870329 0.7585106311811818 0.8080612564686868 0.8481641382208077 0.8332348069830325 0.8466707459181398 0.8535134349535846 0.83127426061156 0.8488804396428239 0.8635543588952548 0.8860967925708327 0.8790944805738666 0.8624668186683131 0.863895167992842 0.9131099102425215 0.9086325776327245 0.9014535548883653 0.9137048500903743 0.8964880291536005 0.9154368760975498 0.9007064207266604 0.8982469795539807 0.9221599895912495 0.9391015371959819 0.9516216732346746 0.9714167558623374 0.9779886408619488 0.9806259383884098 0.9644987973572465 0.9848846871220704 0.99004868902284 0.9592328982440972 0.9533737405223086 0.959049661466069 0.9456166224109226 0.9212724119027852 0.9166584073374103 0.8717019802002044 0.8892194405663584 0.8548777012000359 0.8600903216059258 0.8917116831925436 0.9091145310268202
0.7282749675921741 0.7569378772939613 0.7997686774138817 0.8318824657388983 0.8252772173530594 0.8733507227875231 0.87064984959948 0.8468823021337869 0.844789061647563 0.8560676487991281 0.8410218451033196 0.8795574877475416 0.8616176198766791 0.8711554469764244 0.8871827590279558 0.8998902726264656 0.9003575728714143 0.8890033980679067 0.918980371889146 0.9147237243930885 0.8887956131373413 0.9255202834872017 0.9474443970474337 0.9359699850109255 0.9671349066403871 0.9787364727853407 0.9679965569616794 0.9677804418828366 0.9819467668269498 0.9757880797669508 0.9689460060489782 0.9679372251532135 0.9535814544826525 0.9427597745393002 0.9506703502713405 0.9438113897010554 0.9363653172735095 0.9288141253076694 0.9106857927007954 0.8663540518378615 0.8613167071569119 0.8698724306990585 0.9058738476970045
0.7134894301224746 0.7410034723633355 0.7885740401853073 0.7858848031976448 0.8058335502458166 0.8617586746171947 0.8705549296146233 0.8651610703989515 0.8597892774995536 0.8238363721962242 0.8545938953138231 0.8825625834087785 0.8728940306879787 0.8654392134325954 0.861571843057025 0.874645421018997 0.9012938251477816 0.8832639564683161 0.9198557613996129 0.8881958983639683 0.90584563180805 0.9229280696654392 0.9328682250909371 0.945658146805586 0.9493080361825711 0.9320733860401601 0.9247039434434102 0.9438155960845876 0.9542592192249888 0.9549494486608106 0.958061676168676 0.9320095283986788 0.9245306507219284 0.9466963039612359 0.9408500120538272 0.9349579379080163 0.9539634230357622 0.9285634672384215 0.914903996342989 0.9124719521102536 0.8759548287647152 0.8714555824549528 0.900009545844053
0.7304885530496136 0.7430952423745054 0.7624384239794134 0.7909429927272722 0.8276400671348688 0.8360812192093522 0.849059066183809 0.8789764993003045 0.8695896603179236 0.869640729001485 0.8744700735232731 0.8916575238554937 0.8877655652039363 0.8901997514069928 0.8652048893226906 0.881500159941719 0.9021152613542999 0.916399048924852 0.902770775655938 0.8998718414506433 0.9236314576207488 0.957603286474861 0.9588122131354272 0.9707662844796435 0.9472378695931633 0.9394916870270331 0.9447433467132395 0.9254683090839728 0.9399553310096689 0.9613504439109855 0.9482802389432409 0.9095273997400899 0.9213843927045657 0.9497929787151466 0.9355078771910348 0.9202948540597241 0.9400902654630707 0.9065942336862108 0.9268594828488058 0.9243949032871874 0.8810886231832286 0.8983789940904098 0.8836591822127665
0.737202724508646 0.7783109294297397 0.7820317283745624 0.7958269269917029 0.7890314685664719 0.8076138108248572 0.8378405243413491 0.8578014638139655 0.8934839191765924 0.8874823843300119 0.8748519916573508 0.8698144132172755 0.8886458175695359 0.8634905216465346 0.8999007049229882 0.8946251479047554 0.912329603285241 0.8988830600280957 0.9269993147948 0.9250710285138042 0.9491079884379141 0.9594617599502386 0.9494130769818815 0.970574765755631 0.9305317228441763 0.9150848892567627 0.9314632912964098 0.921729582529799 0.9524812228315659 0.9686303717585992 0.9368964966682706 0.9053527066807499 0.9329635108388558 0.9363267787527881 0.9234582723737998 0.9106702063772768 0.9087687090770742 0.9013619835034167 0.8798658722859894 0.8971191308275458 0.866986245071341 0.8716140611043519 0.8533395213544749
0.7391940221677026 0.7830450146814191 0.7978076254694515 0.8114852205562508 0.7994386954765497 0.8175506261059817 0.8190269445283583 0.8666937243466432 0.8956441197824047 0.8893649817339114 0.901184506550181 0.9130363262989725 0.9095805350137042 0.8927355536183333 0.902317108199758 0.9109356542615817 0.9101634470816031 0.9186869603080134 0.9291122534627569 0.9474932752257117 0.9338740085163943 0.928136983073606 0.9256355982613667 0.9308378961367603 0.9487222946974811 0.9473918828921227 0.962970964341941 0.9542170411243641 0.9403982501189279 0.9246164328651446 0.9075111623233045 0.9028680123378293 0.9151499682682317 0.919956303743173 0.8951103520486576 0.876777782214831 0.8806094444289639 0.9010180634986068 0.8830843317341024 0.8700376705825578 0.8713665871739474 0.8772172010316437 0.8488236135163997
0.724372871233335 0.7558107681354538 0.7660335739002372 0.8005002547242912 0.7641673134361148 0.7711127974748916 0.8018596440976776 0.8404568437554529 0.899197324453673 0.9144185345932807 0.9160925149826491 0.8974295908819884 0.9320213738458045 0.9478347329584778 0.8991810590992521 0.907945022618173 0.900101152871214 0.8840203169542393 0.9063405422738378 0.9286947149350745 0.9001412058210034 0.9081786304756407 0.9227059290555548 0.9388421393218701 0.9387143925840677 0.9774730840966418 0.9625064299742578 0.9802354954096494 0.9415153629280958 0.9452795695989911 0.9301635555305913 0.8948794615692588 0.8900592646694204 0.8534585638995289 0.9012781508191966 0.8854942474143325 0.8817569974373024 0.9017765140675073 0.9042371134762469 0.914527662771353 0.8875993872622103 0.8869520572859407 0.864996131336287
0.7582679953809743 0.758953524354644 0.7666798734781225 0.7734243695189245 0.753945550723477 0.7683052970319733 0.8132431896203762 0.8276827915951783 0.8695029966916263 0.917417101008904 0.916138454545508 0.9313141574057431 0.9095553150709074 0.9231447928119563 0.9189586506181961 0.9201771371299267 0.8941300225393044 0.8815619410285933 0.921034380023672 0.8936402745705547 0.9160636605453937 0.9139246117902411 0.9240801550520321 0.9179825324748161 0.9299525888927005 0.9590388814819606 0.9757318243520765 0.9372002394184228 0.931080055679953 0.9362531310249615 0.8982043093662753 0.8729223197216475 0.8594613938476136 0.8770421375943183 0.8931410739262925 0.8645856001983551 0.8738875797178988 0.9002754426521137 0.8784513440689837 0.9141191245444599 0.8979709729857863 0.8951797068779769 0.8823764296916123
0.7392855299649145 0.7573332899860332 0.7479448061140693 0.7474208727065453 0.7796553755664588 0.7827501184167505 0.8217377190166075 0.8409600512400262 0.851797107249775 0.9074481358964023 0.9088007121255487 0.9328274938869814 0.9308778006524026 0.9103420118334435 0.9213045194828523 0.8950649463276453 0.9162300468126876 0.9084207332057064 0.9101389909666332 0.8852362717183833 0.9012437685993071 0.8809501693882911 0.9091818737449033 0.9576786572270897 0.9272535717194172 0.9313655140075962 0.9631554347884821 0.9386848026424808 0.9279626258147853 0.9384022213318374 0.9176882711658273 0.8675726168572374 0.880875094547392 0.8903541047086663 0.8801224299174543 0.8559366160671922 0.8703305007724098 0.8640400524490021 0.8866613205697895 0.8937165900417642 0.895845490161406 0.9074650922601875 0.8928242592529445
0.7365206238075385 0.7280529736524503 0.7287126394678123 0.7454774979225107 0.7592767408613128 0.7497114154921568 0.7689421040108956 0.8259240043447845 0.858332218054704 0.8929489561678083 0.9054405815946749 0.9352212592883103 0.9203236671838638 0.928626821476349 0.921393929358975 0.9144643173215655 0.8976707107857012 0.8604568613679406 0.8629348146914835 0.8771113493422915 0.8969942717474939 0.9232473034648514 0.9176986582795159 0.9232814453657323 0.9405357300843888 0.9584017567212189 0.9523337246307252 0.9420886395360684 0.9541202004727493 0.9218047199219507 0.9235803560644174 0.8975238795525916 0.8772853430700324 0.8972227891051596 0.8660248606588701 0.8771852014798789 0.895623516968089 0.8841446304563201 0.8742989530321105 0.9043402951685287 0.8911095162434396 0.9074346547809837 0.9105007138964367
0.7247429228669899 0.6822787811993429 0.7053293893926991 0.69256056571375 0.7186176115052831 0.7416543981372246 0.7768433152234073 0.7978805557973417 0.8469341441407359 0.8498954594622492 0.8874918175363716 0.9030551672454782 0.9240722174327411 0.913224815270994 0.902505672436516 0.9179196297721081 0.8836792645777416 0.8587481297659129 0.8474241023558602 0.8745996618498425 0.912978411389158 0.9232868376017598 0.9443209660520036 0.9344467310835791 0.9452605658939558 0.991569125209341 0.953429019988329 0.9411447799012768 0.9627991064132423 0.9509471906922091 0.952154737246146 0.9206073745565373 0.9102153801350301 0.8713324742838002 0.8668939323058946 0.9167120877555334 0.8982476304267419 0.8896232475253925 0.9248748391342657 0.9224325241672728 0.9176390983312475 0.8912664249545984 0.9130175636947321
0.6904487543382952 0.6870807039670994 0.6784213963892607 0.7041081282702345 0.7176876261843613 0.7438614740065299 0.76677211442432 0.7671737709429252 0.809378257839583 0.8533410691735828 0.8499117135314561 0.8785775126679873 0.8761205100109579 0.8925560876641968 0.8905577358998881 0.8978465332129235 0.8607641168491569 0.8750282785527678 0.871811757146778 0.9049445903120261 0.8981252203901563 0.9397450639949042 0.9435550877229836 0.9487170848426503 0.9706939913916045 0.9766351601967995 0.9465431118712925 0.9619378151019377 0.952646991895771 0.9641724813413382 0.9397175378059722 0.9384449862262233 0.921873261416525 0.9216496048386835 0.8929935774438452 0.8996071419858647 0.9059337610604244 0.9008473900096111 0.9262256615615161 0.9261880066741819 0.89904243128651 0.8719133704363535 0.8979587892879008
