Raster_benchmarking/continuous/raster-433.asc
NCOLS 100
NROWS 100
XLLCORNER 1743149.6950307102
YLLCORNER 5469282.112668664
CELLSIZE 10
NODATA_VALUE -9999
[rows 0 to 18 of 100, columns 0 to 41 of 100]
0.39538826871310134 0.4600165488853037 0.4437249766359724 0.4547092142339424 0.5550199011175972 0.5223262845011448 0.6247147991049936 0.6183591608387048 0.5857138062210293 0.605300715458237 0.566262171040921 0.6335491309060033 0.6304983491399387 0.6176669611847676 0.6440440005401167 0.6768405417635526 0.6634427214649381 0.6605423394406164 0.5477452325100705 0.5654037949673026 0.5380909213567112 0.5392266063707734 0.5575126636928602 0.5606428749275699 0.6331793995967541 0.6868219243425105 0.6616508502075128 0.6452326356382473 0.6772534818631664 0.6435734980163207 0.663682137059057 0.6578397580792749 0.5934809726205937 0.6442787300030735 0.6546123184168265 0.5952560712965002 0.6145812243538628 0.587104778254763 0.5879861411278925 0.5420829463558988 0.4730172943755955 0.4985878628195194
0.40705756255863185 0.44802855611430514 0.5031543876231688 0.48905386788542043 0.5245268928565961 0.5628194935256069 0.5968210228604125 0.6311691125228869 0.5940994923409625 0.6158247041535648 0.5887721928626186 0.5710740777102664 0.5823172714079801 0.6667469647011416 0.6821590111106562 0.6116580457483987 0.6656173563079676 0.6401392742464149 0.6174303437610533 0.5746330888666705 0.5194773565395265 0.5421865241166507 0.5202835061557559 0.5602837877516931 0.65697299717442 0.6943957523572616 0.6595675962760552 0.6680643957340482 0.6245243160404198 0.6666389823050531 0.6610314262899432 0.6504004797039769 0.5995772036493299 0.6188696210170351 0.6437778817876755 0.6424117947080058 0.6399470621032014 0.574555585477877 0.5294874220388264 0.5025052135318578 0.51166744251737 0.552775751286265
0.47442284236091325 0.5090963370977133 0.5423974555546559 0.5587983698821948 0.5513074795419961 0.5910869221372438 0.6674239512614006 0.5939987873134476 0.5643658025042281 0.5958556425094267 0.5929573260633304 0.5987009098567634 0.611830298307432 0.6557574408871404 0.6664389915416179 0.5997970447117114 0.6085045326283451 0.6103780029981295 0.5782729793164749 0.5670870542074865 0.5872000169656599 0.5738641138255731 0.5397891547707819 0.5945616784817284 0.6529532973510007 0.6356834603532936 0.6971059136793045 0.6397964023896987 0.5841929839474829 0.6086774125903761 0.5871343518002502 0.6544674277903239 0.6752978709902728 0.6967256093609665 0.7030253220189784 0.6542298921829373 0.6195362478184739 0.6087404717814935 0.5385553062288602 0.5540972173231264 0.5300285769606384 0.5221495987599227
0.45402881463420125 0.5326093538990228 0.5351820221526333 0.5655152250252319 0.5734831799589891 0.6313510430866223 0.6326899966743933 0.5832024305104571 0.625423090050478 0.6148606988410965 0.6270161987116344 0.582646694670729 0.5788747511380335 0.6136425228303531 0.6249785256649742 0.6236173142692195 0.5898026408237829 0.5975507250948215 0.6060940043650163 0.5775473822918153 0.4967204191065942 0.49452189484189435 0.5414512554027152 0.5331511629957005 0.5647691745090908 0.6186593133848547 0.6193685257909236 0.6426828962158021 0.6250790314360019 0.5853916828669451 0.6439992844959337 0.6402193159343444 0.6823417281359465 0.6848364102120524 0.6570001601315589 0.599517834981541 0.5466891012661773 0.5389229201714434 0.4844257964468276 0.5186477682654487 0.5233841912572622 0.541862674489102
0.4205693739344062 0.5384255596453871 0.5413062675635317 0.5413100808597158 0.567676523907538 0.5830789225941828 0.5934876248070536 0.5583256771255746 0.6012460696302322 0.6364220944658906 0.590998457900294 0.5704230974896043 0.5316383519873916 0.5481834769781555 0.5997757173312118 0.5893441188113535 0.5719692120900979 0.5909772980321855 0.5562595296281561 0.5585415580181281 0.4856779217288522 0.44540480594906967 0.47019159908308994 0.536380971186676 0.5952019777395919 0.5565584833997889 0.5760711280838692 0.6042633207562538 0.5666249087247179 0.5822706669659791 0.6408740093862433 0.6184603672076445 0.5759139852529848 0.5902663774619993 0.6229059357952805 0.5747832365707934 0.5522131960669713 0.5765355161885587 0.48896131891526545 0.5159790871497223 0.5705757883393289 0.5870714593310613
0.46171878035284486 0.5129281407015251 0.5366981694766129 0.5424411585445623 0.5320193207518081 0.5402066543055905 0.576238979180753 0.5445252228401131 0.5724304912742525 0.6222141316569716 0.627126379824643 0.5867989110857753 0.5504772398863736 0.5181813680286762 0.5587844956642514 0.5382669194937714 0.4891208135969826 0.5135682131872565 0.5361059484412389 0.46114460036506794 0.43805560879504046 0.4450813226005975 0.5158973209506642 0.5652734742589708 0.608902592447577 0.5674590993023481 0.5932383854881296 0.5480196090743008 0.5854328058409347 0.6523949457691495 0.6465592251397982 0.6548536119673212 0.571453657669477 0.5486340201147976 0.6045174034073665 0.6140352725096325 0.5665916085229465 0.5879969163820346 0.5277296800178778 0.5120859138188877 0.5394361122106341 0.5611375791719014
0.38615961195650034 0.49286745962239653 0.539550374783544 0.5682945704509339 0.5329288674860769 0.5230330162017098 0.5337397531057675 0.5274308694121487 0.584463970511653 0.6061229745976318 0.6016026797041868 0.5588207709319731 0.5104951468450726 0.4686138870320759 0.4343292035361369 0.5113848913158194 0.48969913696260126 0.5235989347157617 0.49056741666434805 0.4599173977509405 0.4613405243411802 0.45974498784049994 0.4948880741423484 0.564371394174037 0.5554697117936324 0.5153544248664731 0.5344014991985838 0.5240893926140905 0.5934936196603431 0.6406991493422955 0.6498544707531583 0.6364291311830779 0.6236225792130979 0.574708142441743 0.5356774969242486 0.6013724576622106 0.6125890476232083 0.5875479938181974 0.5616106529280724 0.5640570039055369 0.5920084328741033 0.5285181203692938
0.3801992947065272 0.4487700492480478 0.4869481978491889 0.5043315139712676 0.5118342878462098 0.5358556257172085 0.5381149164895552 0.49366492885840957 0.5607382465218543 0.5507892876567209 0.5332221112027125 0.567126619316639 0.48759792328418805 0.4730101616904309 0.5044969403267123 0.47069668936293524 0.4925131337436431 0.4360269439409665 0.45332300593769115 0.4894968871566834 0.4507426708088249 0.44734772544640056 0.4793180155529307 0.5393355607441918 0.5645625115103254 0.5573748478930975 0.5645485859910663 0.5420852501422547 0.5319241894278155 0.5936099296457295 0.6075274769912523 0.5966896286872189 0.640886714684611 0.6313934891333424 0.5533086402357369 0.5572078194525961 0.5749657897915272 0.5930304620882237 0.6022353645054473 0.5916142244163506 0.5745666277988905 0.5120160197119256
0.36707479692452066 0.4238061424528161 0.4224353893314934 0.4348805376149105 0.48978431047140286 0.5028450953859178 0.4987564370373254 0.5275320919386643 0.4992731296717072 0.5551038975102728 0.5653702152429947 0.5166697693023601 0.47023966474985307 0.46214679513276813 0.47850155961009255 0.4254335428805266 0.45566675904891574 0.4902252935499475 0.47142722270825466 0.48651107546557726 0.5223583697865966 0.4977060668885686 0.4755217144330509 0.5620456950452088 0.5458751880040965 0.5436123143090408 0.556648508773975 0.5361200705971885 0.5206079478629961 0.5442517743020426 0.5385447801934782 0.5850421732136425 0.6209906732214066 0.6204094573808505 0.6289216609001229 0.5664568941561823 0.5737622619078465 0.5602598849998203 0.61946488893044 0.5438021803981498 0.5212704149154533 0.4888514417142229
0.41938792351257886 0.40608238366452637 0.43944390316827314 0.4262895992697126 0.44090968433616534 0.5133276792110814 0.5077256293837683 0.4750430099394871 0.5293748316187716 0.4827423180982346 0.4681664994329295 0.5136887479706502 0.4724750031031069 0.41428934284730123 0.43087880420318686 0.45710685089987824 0.44675533320669897 0.4646872924863908 0.4508684720938983 0.4888297791420858 0.5059420451728781 0.5163593031240632 0.4921975678762778 0.5590918661808962 0.5261509712882012 0.5510018671269689 0.49310120218253184 0.5201136109637601 0.5263212111098523 0.5768956007718037 0.6105225482242483 0.6419324751030837 0.6775576214045652 0.61960250308983 0.6509247838016239 0.5778880709888372 0.6165253155509601 0.5804836233880899 0.6201331033455947 0.5739524135567061 0.5676500438210245 0.5071906723083268
0.3735556490146989 0.40840920912633827 0.39822254304263227 0.44020526789311043 0.46644778395603076 0.5316301976249908 0.5343848006040569 0.5179895277350912 0.5213089394775684 0.45716860632308964 0.4588023097178832 0.43623936532965024 0.43885210322285884 0.4456294398065014 0.41277637064417755 0.422452034635833 0.3872241717603209 0.3919960580597977 0.3960415873588385 0.39848427293135263 0.44857852855793295 0.44423027541710086 0.5074449505174883 0.5398449590949268 0.5658786251623859 0.49624511071798266 0.504538021764243 0.5554305041402737 0.6097831801905365 0.6176944333948979 0.6342384469327605 0.609509118102714 0.6766154234086833 0.6413057816220996 0.6788532104261881 0.6543170404380221 0.5804036657904209 0.6431072778119776 0.6544166537670666 0.6303254024338877 0.5445975743624176 0.49705125273920897
0.3735932029258141 0.4141377828567569 0.4091983971644722 0.46033893236819423 0.49850812049794857 0.5177731987752243 0.5693366562397558 0.5345045130164766 0.4878517657699686 0.5049032056232071 0.4793383338871884 0.4392911963108699 0.4680226607963703 0.45412256988213384 0.4448054977611815 0.3989887914100989 0.4217044243873945 0.36907743859790626 0.34703058705535655 0.4193667733918362 0.416183975062537 0.4393487227730761 0.5155668735611528 0.5145670040054514 0.47218110200325686 0.47571106702057525 0.5259397284145517 0.580323548105437 0.5784345913361169 0.6041615980292666 0.5818194102615691 0.5670857740635145 0.5516238650031599 0.5972287235606204 0.587244684124298 0.6444640330154754 0.6060203313028432 0.631047715449863 0.6319751207966374 0.583756750492245 0.509535330589282 0.4717974904829911
0.42510949557335426 0.41229465602612986 0.3731033489842681 0.4180531118260228 0.5016825501180725 0.556476051135317 0.5675973926761185 0.5113669629333526 0.5452794091574298 0.49821637512323586 0.48431707571946864 0.42775422645030503 0.3954353042765708 0.44077616080180126 0.41547992055353444 0.3692176611882389 0.3678994355834189 0.3430286827706816 0.31881952336887 0.388756542192821 0.395662383977915 0.4124079403965786 0.4941729402000246 0.4474413861762764 0.46985977411826085 0.441934161660053 0.4949620970395181 0.5599036577270655 0.5505049853983 0.5167411027005359 0.49637232810208987 0.4837463773323272 0.5020530927025151 0.5543124079591967 0.5527728530006547 0.5653221399136935 0.6395226017588747 0.6236053089178786 0.6569463575940352 0.5537625353907333 0.4955459030145356 0.49627512601566015
0.41549228369029834 0.3952729546129712 0.36491417535123205 0.41314192179646875 0.43604209414115314 0.482385617481581 0.47444370103650324 0.5196113010314743 0.47033346048855507 0.5053501995921224 0.5081313947431235 0.5048725932416022 0.4327106373674497 0.45507595836679493 0.4540768349806911 0.40057348176024404 0.3860842942596988 0.36910163808410806 0.37949914391627926 0.3733018919327658 0.3904981454587186 0.42180564699513207 0.4704107253514924 0.4558787832930889 0.46178240606719784 0.42805475186832276 0.41460098670670276 0.48301683620739894 0.48296596183667295 0.44052861240770785 0.4218573098983612 0.47000430258040804 0.46221203168536273 0.4745307721676878 0.5414204397929882 0.5400497597441629 0.6267882585068159 0.6271530739542318 0.6145541728731323 0.5650854321287662 0.5461676931803837 0.530036570882068
0.44364015068137397 0.36052861841247574 0.3469219862453794 0.4196679513103672 0.4663958489744258 0.45196279462202493 0.48251184475340386 0.4726890400206459 0.4320702969271105 0.43429486042969834 0.47451231307740493 0.5542725533127584 0.5393776289426713 0.5005155979675373 0.5065435168998043 0.4498495896039976 0.39075437787494727 0.363815102616872 0.3719252876978672 0.39860019456095097 0.43886388200305165 0.41045906133724563 0.3611126154786971 0.3913920407446217 0.39736068353075715 0.3910565542005569 0.36035280645316264 0.3819601240639522 0.3729736972682725 0.4209580482098638 0.43601771920977267 0.4757126722317457 0.4667997996793068 0.4878300105095816 0.520113746968222 0.5736564247911005 0.5752149597499681 0.588323287011213 0.6115554980940233 0.5516296568863184 0.49123685293569835 0.49840866728519684
0.4281256689157289 0.3785436770515468 0.3739110671799549 0.3626127622705746 0.4310856052702112 0.4709914244466246 0.49064463515009904 0.5109866368884217 0.4837936894578976 0.49009624808831714 0.5339510379516752 0.5379552545465751 0.5339002143126406 0.5323728084932908 0.4817110742207221 0.48361370178563573 0.4108689759788232 0.4061714293644549 0.46457573165526317 0.4526022487633512 0.4725737694284325 0.41389905347624173 0.37748994554929155 0.432641924555251 0.36862946321676343 0.36470941288142306 0.35060075196873824 0.3682163482817116 0.35436061934061425 0.41989546645959863 0.38871822468732115 0.44979985555714974 0.4711863302649873 0.457169011776254 0.5065730928174229 0.5190356403334656 0.5798234307154566 0.5776349043890862 0.6077214662841086 0.5763187650379943 0.5317209397575596 0.5454637198100915
0.43153751825805275 0.4136947384396917 0.3429308774460259 0.41048096333377926 0.42738114581940084 0.48544185188064126 0.5026595706481403 0.48416033325615904 0.4996418269308785 0.47618200816719863 0.4744456168909523 0.4762866642187188 0.5314084549008524 0.5097204388343911 0.5126834576680629 0.49141072623335963 0.4545712633190986 0.43303327298425054 0.47247818445204587 0.433513581060254 0.4704985887336968 0.40744423084180664 0.4273720122529913 0.46052277361173966 0.4429937559309994 0.44571271557461173 0.3443078154058604 0.38135854078514725 0.37165833394733744 0.359927459707814 0.3709239016468864 0.405753389644409 0.43213958675636105 0.4488918191283392 0.4872322958221859 0.5056452536889241 0.5574627689101613 0.5521823585587494 0.5677293420295868 0.5370365900911115 0.4984464442620518 0.524569091383934
0.39038430261849827 0.39017726934648295 0.36180125141120545 0.44168823359130127 0.46530384076317777 0.4913835245351372 0.5120086992473826 0.5527220167367928 0.5492357503853458 0.4726676416052738 0.4807088145341828 0.5050222479678058 0.5130703129181914 0.5034805316958224 0.46894178427136135 0.4877614105840551 0.44719776802334826 0.46893962390982674 0.4732179706936298 0.46196586851707155 0.4929968070920428 0.45806790397216923 0.46262689997555745 0.5217981152643931 0.4846107506431484 0.47604421380396655 0.403379004585979 0.3938999849176701 0.3882955778902415 0.4389448135062578 0.39724367085205187 0.4682323733577693 0.4279571491600646 0.48729888701134 0.4537722810446598 0.4780737435856131 0.5380573370270028 0.5104933164769957 0.5162156590486953 0.5371852350239931 0.5475344432453676 0.5439418759441234
0.36016712624233355 0.408255033163224 0.41653414136102074 0.4301160987281286 0.47608901153651273 0.4965254337210712 0.5468978413580298 0.5352788142652658 0.5277162328686696 0.5404148264019535 0.5343971490088678 0.5725548665120183 0.5739321112150056 0.5218386008790367 0.47850669597562434 0.4434717541516824 0.45948625496901835 0.45413952776762456 0.41153958128265544 0.4308045803473065 0.4958516536507974 0.508272119269962 0.5923117682964235 0.5296595704870574 0.5143001234778691 0.5276620958048037 0.4516759969256972 0.4989134718212993 0.5031327467590149 0.47079370193757236 0.47203087372926683 0.49903764449868887 0.4757677759783232 0.49534317840088615 0.4701312677917392 0.4396065326609849 0.5092654570281294 0.4989509591363338 0.4892286057666526 0.5274866330985386 0.5541372956802099 0.5985865847161409
