Raster_benchmarking/continuous/raster-286.asc
NCOLS 100
NROWS 100
XLLCORNER 1743154.6074225877
YLLCORNER 5469291.307013882
CELLSIZE 10
NODATA_VALUE -9999
[rows 0 to 18 of 100, columns 43 to 85 of 100]
0.49321882308510834 0.5029511008417342 0.47573815058254304 0.5254507822597441 0.5103253773499826 0.5160931594059709 0.5103163202687323 0.5247973915807576 0.5390585177024768 0.5419219155813991 0.55281754803562 0.5379995318102739 0.542779805033705 0.5405215071756384 0.513690080186819 0.5403756855920216 0.4957074150853065 0.5222960576953883 0.546661195397858 0.5331413610781577 0.5187314353853436 0.5285832667951555 0.5323553313399478 0.5552924173663898 0.5913400435128375 0.5556681045561267 0.5455989770740547 0.5749626086772263 0.5485480676234605 0.5536465725316493 0.5626543613090127 0.5847216617669473 0.6108352115896074 0.6039646337786548 0.5894974050201444 0.5482286897978064 0.5846403769828101 0.56056088850121 0.5153764428809149 0.5157959548075279 0.5115600701270596 0.5148522917287685 0.5429627589681398
0.482962507614096 0.5053861123477504 0.5028974653374223 0.5059298554003177 0.5666329397784835 0.5400604947104808 0.5209981790661763 0.5289801196043243 0.5577564350736114 0.5443076301831046 0.5982877112001929 0.5556672153635258 0.5418613921636928 0.5854437651284664 0.5796039717499237 0.54186185502131 0.52985702210802 0.5611369871040333 0.5582189688264133 0.5957309981336533 0.58504020592367 0.5873497188986265 0.564290968979502 0.5680105926032639 0.5899809616207724 0.5821524158623673 0.5670450351455089 0.587129313060129 0.575974168996062 0.5753652428303178 0.5589856653911875 0.5745412485639377 0.5770926968163038 0.597986783651223 0.6219531725829843 0.5737589768397593 0.5775670798410399 0.5804266386353722 0.5888067115485852 0.5705553805450294 0.533238980427313 0.5467429264501705 0.5416560128045484
0.4931287963309394 0.5089081207348364 0.495747615550211 0.5298502803485041 0.5294762708399675 0.5652679304594729 0.5854511268241644 0.5584625422271507 0.5922789254094593 0.5829900093991972 0.5742456073589464 0.5689892164638295 0.5821048854828857 0.591051783722391 0.6263870896041774 0.6096450077087039 0.5790814346328456 0.5716800108189805 0.6312178475539676 0.637868703636312 0.5871303829692625 0.5826877266107086 0.6000686031693242 0.6093892641706563 0.5855151136816639 0.5964070561859856 0.5488032574935825 0.5759197456636528 0.586177175342002 0.6207481388027911 0.5869395601769603 0.5936584688364861 0.6173141332092527 0.6366054067128478 0.6796715236116433 0.643052665081869 0.62254052053941 0.5982870975391911 0.5809870454085853 0.6032157600703846 0.5704124183720134 0.5984299298053203 0.5839727526597395
0.5116949225970999 0.5382554705096454 0.5195166492181992 0.5299227577453527 0.5718304823932506 0.5553127135558726 0.6150846767849789 0.5869421782641584 0.6247786312271971 0.6155510601462183 0.5810684338395846 0.5885484547901172 0.6061486540446984 0.6409782497054799 0.6305707714078499 0.6381396477187024 0.5946236488006227 0.6313831386517211 0.6735763312479732 0.6508776663726279 0.63064666565801 0.635309561562013 0.6613372584087458 0.6134742676349074 0.6160897066754836 0.6125904968322013 0.5752740247300214 0.5702541596957005 0.6164782518500466 0.6618192218781807 0.6890986325027697 0.6293186067986872 0.6256474981379447 0.6648501098606282 0.7004586586880488 0.6619285293614996 0.6648861870217138 0.6558873348118294 0.5897486979258862 0.5989548844595776 0.6420279987969454 0.622016751919411 0.6528320203190026
0.5452740218720661 0.5285540821590939 0.5263398828303365 0.5138938470371703 0.5536516070873372 0.5481159980390379 0.5940607721375315 0.6426592616467148 0.6383802229319118 0.6478405135742707 0.6152923104255837 0.6078002551779084 0.609933076087889 0.6280050386153858 0.6722996026800062 0.645182256164296 0.6510315306746335 0.654115671044678 0.652812231803011 0.6536896027018009 0.6689234996956118 0.6246084357289666 0.6596850833834254 0.6308375051742869 0.6396492105584927 0.6205504561533332 0.6258579235110407 0.6050651854777226 0.6128029971115094 0.6501985238616842 0.6489966664372354 0.6576035743353507 0.650685968366857 0.6711758825911566 0.6916379676823702 0.7127092222611148 0.6677559815580506 0.6687393855575514 0.6477638152189326 0.622944176150003 0.6202047079574253 0.6624079074693691 0.6873276303720305
0.5003488677819234 0.5049643347509235 0.5049929654832044 0.5309159058020957 0.5283245964246303 0.5675057664652942 0.5633330555580741 0.6211159545217481 0.6485777474401587 0.6290832231608332 0.6324471862488897 0.6585988026097606 0.6274280449018995 0.6660278105764434 0.6836159628725524 0.6601492041176786 0.7014847259549187 0.6689416479388695 0.716541510833276 0.7130019236712587 0.6705936753945692 0.6941663899428745 0.6557154884973017 0.6847575111079179 0.6728419737854744 0.637876265105048 0.6370722463395698 0.6855430503037079 0.6867427482287377 0.7057016057365995 0.6635907817077539 0.6593171859526425 0.6828652367900386 0.709325954933961 0.7182779802598083 0.7330611955269035 0.7193497054602124 0.715341776123008 0.6502153365591679 0.652910165050466 0.6605356031220536 0.6816305364537094 0.6970874850897633
0.5394195749920224 0.5417234194410261 0.5103446926510956 0.4911835211621884 0.529805679993796 0.5158384986844833 0.5387078656670152 0.5880262209349064 0.6182750966537636 0.655850303429679 0.6327273967546564 0.6591441394888351 0.66479330154789 0.6505170260647101 0.6482459425402131 0.6570941605793534 0.6641941378257301 0.6982476572392065 0.7436308870962041 0.7397024024063595 0.6949616228779194 0.7059048528891154 0.677409385917505 0.6818341812290384 0.6882717247593417 0.727583858669477 0.7038808619249427 0.7423402211497969 0.7086213739487699 0.7062911365881537 0.6787810197836206 0.6637530521768432 0.701647073492432 0.6861722824895996 0.6722344570772345 0.6885074940786972 0.7196316621442692 0.7173010712168231 0.6937845897481656 0.7073871321849442 0.7005564002075496 0.6937978090669747 0.7452722174284891
0.5213477177687681 0.544501397106312 0.529824347655941 0.526198257380778 0.49585383463754645 0.5285834691594238 0.588251488280199 0.5770711747773932 0.6335667776224112 0.6170741727026247 0.6505721990540926 0.6250032325048425 0.6353950002801724 0.6353632807841597 0.6346228148901873 0.6721319318511889 0.6831802755544039 0.7154939202032418 0.7769332419305827 0.7478827492119361 0.7468599825774535 0.7672013998108238 0.7383877734797968 0.7245971367313687 0.732075009864761 0.7855687408719092 0.7851696136468386 0.7377169552048786 0.7446336389178543 0.7115118217979236 0.7120353103864471 0.7032709677645749 0.6999759718831683 0.7060961648384968 0.6818882922170283 0.6751401349511592 0.6999638864628424 0.680312213100026 0.7206068760769101 0.6767334920690485 0.677283596001388 0.7016271061504976 0.7769568272546036
0.5171302537244049 0.5169583306255117 0.5004977019672856 0.5278407015084029 0.5019169653229366 0.5146879213687524 0.5742352877057783 0.600362820683632 0.5823157742939417 0.5936086458483157 0.6274088126268621 0.6590602010291514 0.6416900205980387 0.6180225191508665 0.6474814199463973 0.6542089505076966 0.7096439447364966 0.7581504815423896 0.799897520999502 0.7890373721248347 0.8064941782855322 0.7743527420956101 0.757460736099891 0.74709066304742 0.8025047665010157 0.808445856049971 0.808774559688223 0.7985323702945655 0.7344293757229251 0.7347122131182845 0.7516933545852386 0.6952628208793884 0.6702369969406172 0.6930737423085814 0.6825182217276125 0.688146167284502 0.6956694034929962 0.6859934576142964 0.6979217997956035 0.6955224547479673 0.6928460901829551 0.6811485951201346 0.7375623161823927
0.46114464430073465 0.47422996481887997 0.44041979747443954 0.4674625080173464 0.528366195692195 0.535758612741969 0.5517795729943412 0.5959524178397847 0.6014987536264254 0.585901715117479 0.6014093842493681 0.6260008763443184 0.6302664309789807 0.6415173061617429 0.6622065723359901 0.6505898377982483 0.7183171205113482 0.7760649847896212 0.7991001470383707 0.8051046006217538 0.8032690271054027 0.8033397534995645 0.7822789614939122 0.8194915735190539 0.8395371113757479 0.8443567272857738 0.8504003141534542 0.820985072452471 0.753235909792415 0.7573322192059042 0.7590284960580936 0.7082472849767582 0.7035735351718645 0.7183585509365162 0.7198400302580183 0.6806039099363775 0.6739529488695957 0.6773438031874282 0.6545818173677252 0.6556420162119733 0.6800989157816203 0.6738892113402688 0.6854466072481523
0.42727691497836107 0.42599209011459493 0.45483829969378586 0.48044861078622 0.5136448540926428 0.5454675139366849 0.59129436880456 0.6000370270769702 0.6520312425977743 0.6175924282682637 0.6230129322598819 0.6141847133684482 0.6167084580912139 0.6087287176362534 0.6477458325548104 0.6714651421731079 0.7356893638334627 0.7890052953696727 0.8175225937209035 0.8027853162986366 0.8197616966855318 0.8032638590099037 0.8298275749764805 0.8531873242918737 0.8418855494307458 0.8606230090304815 0.8724525120992527 0.8500405092511825 0.797779995822347 0.8178357541439564 0.7688215087854515 0.751685319775132 0.7383546461847026 0.7551995845815185 0.7470900988407349 0.7395234946200108 0.7503449645887974 0.7295130494512652 0.7053372045951379 0.671187384448739 0.6465478765874602 0.6475931825570513 0.6860490133535645
0.4264986379364775 0.4148780118361777 0.43118469988142005 0.4647538031555491 0.5227623317648453 0.5282220044624988 0.5803688147864333 0.615252293065356 0.6731110196567239 0.662481600870507 0.6640126273226095 0.6373258549050749 0.6041711974153585 0.6379121906304385 0.6388587996317485 0.6773213895858728 0.7270039331654361 0.7601492679638303 0.7912686704471542 0.7783250277466328 0.779308155572687 0.8243237628122301 0.8403556999397248 0.8290794744125995 0.8869501337863599 0.8758816662332845 0.8422658560187941 0.8498650648576238 0.8333248722355522 0.8244486356756274 0.8674596872184739 0.8395049128206221 0.792564520908825 0.7600482399377153 0.7312884264052193 0.7409859822024496 0.7682470973988894 0.7184385953540751 0.7427358245340775 0.6811739136654101 0.6835754045602738 0.6863039944859548 0.6405937581831473
0.4423519499278148 0.44656891648595665 0.44933528454333865 0.45712950654569506 0.503074914809069 0.561588969355194 0.5885989385412204 0.6280394193830005 0.6603358100074547 0.6584072981314196 0.6357981794080944 0.6365591217117321 0.654001918322452 0.6293393268773316 0.6754752091393553 0.7102426013886258 0.751376558202921 0.7575362971928121 0.77989835377945 0.7868963567674332 0.7784794095921341 0.8186371078566633 0.8707912798029269 0.8472787188313871 0.8676672759235958 0.8917028070359397 0.8509952311501437 0.8524921625705925 0.8497537572750763 0.8269686529340111 0.8375860474651727 0.8412681333930379 0.7844441941877437 0.7673644028540684 0.7362405468512743 0.7592190281111505 0.7770944903113809 0.734179642642494 0.7527541375718614 0.7233807531992875 0.6997292975699058 0.7035942316100012 0.7161837024796855
0.49518786511816115 0.464404483266882 0.4504970094692732 0.4781204889022629 0.5367520155025233 0.5758046475022556 0.6453617189800089 0.6511349114787368 0.6903239449292119 0.6576232764135751 0.6583625074394739 0.6474940733060817 0.6799036964118961 0.6374972119230641 0.6518131368608601 0.6994520582953014 0.7570224686945441 0.7715339771127799 0.8013652855051012 0.8489031437856269 0.8388158729051871 0.8515226226598388 0.8622437231627527 0.8710909367951021 0.8421606837880211 0.8972799614296216 0.891540649849283 0.8731409220100823 0.8480869228459387 0.8693603999027287 0.8639939752031159 0.8517090794760759 0.8532067589372283 0.8013902097019652 0.7870584781523083 0.8042753338936492 0.8001191518684656 0.7953542772575798 0.7356881799640276 0.6828896974552429 0.6620766867557135 0.6755160238467356 0.7133166531454159
0.5038576231912713 0.5178806154463613 0.5371996792885725 0.5630142834507698 0.6071634845419639 0.6385950837980883 0.6836103778207474 0.6724882405833141 0.6947081147611327 0.7208610578852045 0.7352681875762943 0.686286840133592 0.6982714021733356 0.6786303965074336 0.6696621608961909 0.7386854396727031 0.7918141731352661 0.8164204417362733 0.8276782127106943 0.8522096991064388 0.8251908745261108 0.8547682413052827 0.8691741476716335 0.8662835009129313 0.8443860019053603 0.876858720717461 0.8835184891441413 0.8588555434081621 0.8713807755202887 0.9239163569627901 0.8799803920888979 0.8757492408972924 0.8872256770162675 0.8621712798504825 0.8077288871272114 0.8064088463533241 0.8334068052571711 0.8094955843352494 0.7749959496452009 0.6935920007346011 0.6735179327221431 0.7172054468018272 0.7140262511662129
0.5524472798891591 0.5555169036755134 0.5292231508835115 0.5612524835020406 0.620440530823838 0.629851602650469 0.695073614183708 0.6614048004077423 0.7134077498429408 0.7322677396160658 0.7940664897387832 0.7122778868743006 0.6897011315474071 0.6904441638451271 0.7162261365111237 0.7135548648490618 0.7865960614488378 0.8456554120561126 0.8621350688910375 0.8561796563866276 0.8606909394254778 0.8842957012795806 0.9092981250622416 0.8838697724768373 0.8976342164106405 0.8872170434865576 0.8716225123627664 0.8874808798916098 0.9361542821442916 0.9171708793891566 0.9296866622424554 0.8645005786200515 0.8806666909309862 0.8848224010919579 0.8742822456764221 0.8036788826119642 0.8215810334415183 0.8164059510711732 0.7661959895967484 0.6929676187258127 0.6936884192375411 0.686689970659621 0.6930642118599057
0.5875054976324745 0.5873601355937519 0.5464083524740214 0.5626601315842118 0.6222946409501736 0.6650294128655649 0.6703735701537568 0.6797707344083204 0.7045256248688638 0.716268557600193 0.7094623600541521 0.7120163439795959 0.6904529546604303 0.6841330094053187 0.7188301286601531 0.7179585290871281 0.8098603631867897 0.8225313655102927 0.8372206836394736 0.8448166477651191 0.8699019212996332 0.8874809753270796 0.8996181588747065 0.9091871744062888 0.9127314177152647 0.9139427627080804 0.8964334412106759 0.8769711854994922 0.9092022577968041 0.9270534106323877 0.8832548249418657 0.8730213734810545 0.8740844221246579 0.8593804590610535 0.8833710732806771 0.8256565767704397 0.796369713666259 0.7543670614859219 0.7427362560725033 0.715294928880381 0.7402799562839095 0.7163691679891306 0.7287857261917483
0.5599253953760392 0.5679791123872896 0.5986185743518764 0.5521473071553222 0.5663320965462972 0.6408890782525779 0.6872308938120841 0.6999485084417568 0.7221510329572526 0.6932936429313613 0.7178554186024962 0.7160915683227425 0.7187682694566511 0.7175751847723416 0.6903670299893401 0.7214785516732846 0.7957292378097341 0.813826386795457 0.8174215974064486 0.8714513514320229 0.8983213877549173 0.9030873850473918 0.8834798153936634 0.9226582974486839 0.9492290437728855 0.9258929076106068 0.8737192876091601 0.9239207229904616 0.9142436895989768 0.9168251542095102 0.891101389152255 0.9143252224362294 0.8889449850349436 0.9103984325748289 0.9091375128566748 0.8287646010316597 0.7833869756113335 0.7744044378522943 0.7364376674702575 0.7497473548646616 0.7580356676879072 0.7098871359852443 0.7040574812814347
0.5770032603356886 0.5862158522473477 0.5660932143727336 0.5620901139928615 0.5961727566642728 0.5982102833116629 0.6470819039258145 0.6509055334721293 0.6944661375032467 0.725481986143527 0.7391285255427614 0.7467609966959892 0.7523914495963111 0.7018451737434697 0.6976724375312179 0.7630361069911415 0.7949580799725261 0.8269799778660757 0.849060438423601 0.8597603549207206 0.8936978580816841 0.8879987453071929 0.893274972749596 0.9062582704118066 0.922338384715678 0.9362163497558524 0.9138983070000726 0.9249753442678016 0.9388021539782629 0.9008579852444933 0.9377250882253328 0.9425984785968883 0.9239988812949296 0.8834062835781473 0.8677881717629302 0.8273162876740642 0.8162521407058345 0.8039578863855981 0.7887149732132549 0.7810756172190324 0.7466292099114387 0.7269341206135287 0.7391537101929537
