Raster_benchmarking/continuous/raster-395.asc
NCOLS 100
NROWS 100
XLLCORNER 1743165.5366360974
YLLCORNER 5469283.627214643
CELLSIZE 10
NODATA_VALUE -9999
[rows 76 to 94 of 100, columns 0 to 42 of 100]
0.41385695336350475 0.40194458024408314 0.4024431944209739 0.37242954419206864 0.41677289686290353 0.39722419957819116 0.44320452783657294 0.4680205187420547 0.5006781420059785 0.5087749899465103 0.5836002002118725 0.6102406616009619 0.59694746616727 0.6026920450923945 0.6136268276600626 0.6280267729920157 0.6284715572977596 0.6273972379821177 0.6184845022720934 0.5701862684926978 0.5323791765762835 0.5136246276990002 0.49033250263091815 0.48089797183472266 0.45048011962171886 0.4898419377117886 0.480195360071567 0.49090677874018884 0.4593686101913231 0.4656328278623139 0.5150123501291054 0.47460895451158336 0.5012471010472076 0.5315620283407393 0.4999582197676667 0.5053145145931534 0.5188522370758504 0.5981684176460912 0.6165014561354167 0.6286735640539076 0.6077610264105833 0.6197211613633218 0.6424194032616647
0.3891747229192346 0.37520796278652047 0.34911220106715846 0.36370247230452707 0.39837435400886945 0.38851320476678763 0.4380912600858561 0.4696211625923633 0.4679575098991605 0.4952638118724787 0.5586144883081431 0.5731668620319882 0.5587944964653117 0.5530455764019251 0.5416226462245332 0.590445765748392 0.5851018949762296 0.5619491713415274 0.5429233330122014 0.5487598302814172 0.5333386907014508 0.5334756358178459 0.4980224194459408 0.5148387063199429 0.47746101733638857 0.503293017489187 0.48152194313767044 0.479922331963177 0.46230084462877075 0.4541921073550133 0.49183143520124745 0.4887697271934872 0.48774194377120117 0.48722140670560543 0.51974913677633 0.5409228563565261 0.5694903347801016 0.5891005472594876 0.6230998077022043 0.6183307019347631 0.6501873016358347 0.6582895703612461 0.6639969352092866
0.3373391418505422 0.3293135388010751 0.35775428214849414 0.33867512120131976 0.3670104031504614 0.38987515413067786 0.4146589158807709 0.4406013111576686 0.4508028008742586 0.4945840641290858 0.50996826803984 0.5353424704018587 0.544081604974077 0.5145287894281765 0.511230328782611 0.5597638990275717 0.5295486955566089 0.5243427605624552 0.5232342885876737 0.5306900469126526 0.5679277834702116 0.5422364357916581 0.5250617372549522 0.537390254079211 0.5379009086837343 0.4914391652777481 0.5013711601256315 0.4961505214262794 0.4534359705967785 0.4656165468680761 0.4627552772233489 0.47974441367723736 0.4891203922274475 0.4920047856288334 0.5079718980697594 0.5193473564058758 0.5924538124299751 0.6097094171256633 0.6095167023434479 0.6450709075339242 0.6742870134588684 0.6690100756411167 0.6385867282474936
0.3271478062705382 0.31579793200048545 0.346443465734966 0.30558866692850656 0.343343388215622 0.37107958250104817 0.38674344166121916 0.3837957480674823 0.41299214020553554 0.4656403799174358 0.4344889115016083 0.455158380642994 0.45418883175493374 0.4845213853895621 0.518333762000805 0.5057862369606695 0.5509899076022584 0.5229943273967192 0.5141647676471429 0.5590434475316702 0.5314577130369847 0.5604623985784969 0.5484769728861094 0.5261226714351227 0.5373451954191151 0.49168992284191687 0.49576604310059114 0.4483407330627624 0.46475387595517975 0.4490996078895353 0.4952355527115335 0.5116873807644754 0.534832641262154 0.5393883864788706 0.5454621816825537 0.5397063416646373 0.5614192961035904 0.5824563551154918 0.5868234757456338 0.6468246699430032 0.6395052513949382 0.6643677947656056 0.6611624090442355
0.2499861038665274 0.2780323284896149 0.29842651825696404 0.3119985855549622 0.28839532377506893 0.32255918016680124 0.32698166326211775 0.3936844549024317 0.4404585803183607 0.42948848738193485 0.40365026358200984 0.4089159479713579 0.4209084117709374 0.45070898519437086 0.5222643937988946 0.5022260203226564 0.5463204838862337 0.5488756443425756 0.512820894251539 0.5346426278704803 0.5253756569209366 0.5398382049389001 0.5674956120663098 0.5694440940765273 0.5480813200549798 0.4869273605984963 0.4751281257987622 0.47621705889185945 0.45010766405014396 0.46850321829063535 0.5003584082428643 0.5206094414293068 0.5288912785097201 0.5334330207283906 0.5350732128490757 0.5636950563422087 0.6012704888306107 0.5962220413004267 0.5902252969818019 0.6269241096382618 0.6626363112110033 0.6575232108106914 0.6671984934695325
0.2552788230066668 0.25510613352960215 0.3061654458206883 0.3056086420898532 0.3117590767311369 0.3273885999465572 0.3054880101997156 0.37954731707199474 0.37673081678914555 0.3947319090972241 0.4339553295971457 0.43741188132192016 0.4271059684042075 0.4577188976165213 0.5058386405285065 0.49367400683248097 0.5388520936017874 0.5338399394696826 0.5193630255079698 0.5457257643856169 0.5146388376471415 0.516153819293355 0.5147147060742595 0.5722106378233305 0.5693535928861397 0.5195180042022777 0.5134797409359457 0.5070303720693923 0.49640480249610464 0.5029806952422036 0.5234547356233356 0.5153685109352398 0.5133306087915127 0.5318955538258211 0.5449111951534453 0.559219783237641 0.5865962335671392 0.5458951644519098 0.5778393582392122 0.5595003223585475 0.6155159542322193 0.6456925645707838 0.6206415624995383
0.24003392329751852 0.29370961421987607 0.30604367953815526 0.3102539756830263 0.31513010571095595 0.29415040020454775 0.29621517458388885 0.36536995577831366 0.384939215026046 0.4082127104248397 0.420800292930617 0.44290896264866964 0.43845849339379195 0.41785626947213433 0.4418768543555847 0.44702499109419863 0.5134565338561174 0.5376497287805767 0.5584262300831676 0.5144943564831514 0.5283375072463531 0.5064912638075985 0.5119482655032858 0.5573093991089352 0.5614693799172985 0.5279220610978068 0.5375057436508924 0.5394054243021632 0.5200479578286791 0.498584933411095 0.47127070301300655 0.48846215846621965 0.561053434900659 0.5575766541534195 0.5528261876921599 0.5514273828571549 0.5413810371197166 0.5056158044484182 0.5079600364100213 0.5527546156232201 0.5368527587509503 0.5694278707955175 0.6045128692711949
0.27831827129768466 0.29727948753147365 0.3066213854576824 0.31725662172811453 0.2873079891131389 0.2811657243988312 0.31124635749191 0.298742161132171 0.3366264981477856 0.3902821627802518 0.38475859662022005 0.39074496830920635 0.40399013633237735 0.40960233186339157 0.4200598645862025 0.43837975866472634 0.4689981972562563 0.5265504055218049 0.5153813896179791 0.5287699707300854 0.5188878294531726 0.5193951349691098 0.5122465486586262 0.5417569344580702 0.5837196761217637 0.5698568018418351 0.5540404395638453 0.5324854395734958 0.527594044569248 0.5280701349630593 0.49337002135717734 0.5154978761430756 0.5208963737976963 0.5346580950746271 0.5157385306144683 0.5379809103117453 0.49500526317669225 0.501261902727688 0.5050063735618809 0.49823804267058935 0.5387523676882215 0.5558537445532234 0.5723827474282643
0.2879788032957411 0.32283910862296417 0.3375209316188256 0.3011240741094554 0.30903290309463816 0.271387302271513 0.283087464761695 0.28259068348138705 0.32068832080835286 0.35989190697734097 0.34824597078450903 0.35721749816090065 0.36461987829047865 0.3738390213250895 0.41762045341676385 0.42902245311302273 0.4745980430875011 0.4870600813040358 0.5428470421387654 0.5435763271302151 0.49999296273656874 0.5282556732455668 0.574775254498827 0.5606330531165024 0.5652885606118431 0.5394913272167884 0.545984728123639 0.5218173323930181 0.49840376617318954 0.5414831698798404 0.5363215669101012 0.5576043231123767 0.5318335453508914 0.513378712362365 0.5140534063354236 0.49247912555099915 0.46719835022676853 0.457809974526894 0.49187095877842135 0.4838256769684941 0.4725654899018758 0.5199809122531579 0.5577229602447631
0.3197065259626971 0.3399501754932062 0.3471849321586964 0.31205412472880395 0.3324041907245774 0.298284445393869 0.3098602649460237 0.31805323026728904 0.35418527293980745 0.3328257315320036 0.37342046653548605 0.3556276731839383 0.33234951942922186 0.3800583606954467 0.43155195772320726 0.4512660300231106 0.46183185578836344 0.4735607119799738 0.5221575834055883 0.5214714515209915 0.5164299885734556 0.569807653701275 0.5812255440376094 0.5576826691649254 0.572382423597481 0.5882834494469588 0.6017901324755193 0.5810950154648741 0.5703036722708578 0.5553703617098911 0.5483719522874352 0.5704143645251023 0.5211126652184171 0.5114556204320903 0.5166435377081942 0.4654538280471936 0.44801903614580996 0.4681386665806137 0.4847668157185054 0.4493334265039547 0.4857278089705072 0.4889242467645397 0.48927297241903156
0.33653065646566316 0.3577589315425753 0.32317699428097346 0.3407364875832963 0.3422159293124469 0.3210295582461925 0.36531112963174817 0.3607899185710347 0.3633179872995517 0.33278784490619906 0.36033621293730234 0.36972839371941163 0.3285840039821419 0.3562231532454465 0.42093135258307535 0.427709659813685 0.4289486710237565 0.4439114020585119 0.5093322972603379 0.5441185349728911 0.5741761993970074 0.5843313177817301 0.5610182610079082 0.576600853260481 0.5890688700032077 0.5826703565087414 0.5872729649213984 0.5796657466317078 0.5910590035467913 0.5894366383513315 0.5628035766733458 0.5471485536621513 0.554082620157355 0.5171295286643527 0.49184531638444284 0.4291620002597956 0.41143993069657153 0.4424966531623778 0.4549596363628559 0.4582662610409535 0.46686744085170845 0.47563846873074694 0.42475486525050565
0.3562138647521043 0.349425915284273 0.3465595544044193 0.3561754636252453 0.33618257544368246 0.38538237050339 0.3594332109589834 0.3666874308121764 0.39642974766189365 0.3577107820956764 0.33974348107234986 0.3244411255892545 0.3532010655474872 0.37573269602092463 0.3806034028132777 0.3969183408669891 0.3815934031203357 0.44054791818838607 0.4671002770003011 0.5385933877217046 0.5783682616124957 0.5632597540688836 0.5702239993462714 0.5433987413253966 0.5545521766042076 0.5663401935404719 0.540083482014625 0.5306635575228932 0.5702174384326206 0.5373876178754752 0.5323573749469168 0.5138238436594224 0.5182702283054974 0.5060811796621004 0.46164206519999046 0.4275601161027899 0.41040193654836665 0.4359138751247284 0.4199637230686393 0.434253813984807 0.4073002012430485 0.43189551776578294 0.41097481818607534
0.388141078812942 0.3835014303640771 0.3709166304514985 0.36247605436408176 0.3639994430903017 0.3880253873966499 0.3632758799434273 0.3966230479075426 0.38881841162901765 0.3781942557294673 0.34765144849064095 0.3173393551072843 0.3193696128626508 0.36499799539766187 0.3545049546061952 0.3774109890851559 0.3492042823136787 0.37597784828607905 0.42841010255843937 0.48964452009030063 0.540880961184525 0.547479390433932 0.5359472332310062 0.5350572761148085 0.5940592207500022 0.571675389816266 0.5259527788025125 0.505298485022989 0.5278904610856694 0.5444522319548475 0.5094147188775753 0.5249914678698623 0.5228854749271148 0.4769614527759154 0.4892747185219403 0.4458593739125722 0.3960958121503747 0.42297113813563486 0.4220930449841192 0.42197665323717864 0.405736151801356 0.43201248169975404 0.3943948100691511
0.37115016318819816 0.3992360043547741 0.360946297266241 0.37186441850176044 0.37145821035195303 0.3789599708998253 0.3915606906628511 0.3638827741201756 0.39415113242771305 0.38062671211420873 0.33068864618363314 0.346813224352946 0.3197848992611341 0.3258661881377251 0.32654960871055894 0.3574460323110724 0.36514957413967064 0.3869531116571646 0.45256283960461846 0.46969996515981327 0.5154667159479894 0.54104435830747 0.5748827336081976 0.5739380313332241 0.5545426955607654 0.5703718003904337 0.5183147090596438 0.4980950416333935 0.4949332406889611 0.5179855151574725 0.5156286295955307 0.5172206753244618 0.5255720921622127 0.47384377196927807 0.4940874594076137 0.45373460741568783 0.4573409419512622 0.4419352851869602 0.4397407807927598 0.4101596765296104 0.43392608003565575 0.42171438194893923 0.371128019276702
0.38704570851455355 0.37353738425544114 0.4043344665981036 0.4223026156590114 0.44185264280716546 0.43516655140336974 0.39377164232875217 0.37140240988528916 0.40909299662538334 0.3766374888835166 0.35386758043182176 0.33950842283409616 0.28472892476879696 0.29353265305584386 0.3278556761588727 0.3317314634575565 0.39613634399770886 0.40588938799114516 0.4552177937744693 0.4751809137118956 0.4820220643891674 0.5059947913228509 0.5500331583774895 0.5914880446980262 0.5704125563400544 0.5406773327830301 0.5112543160215185 0.4866593481729257 0.5294924108351636 0.5140059716838183 0.4579767252618824 0.5047012726231513 0.4865989408329685 0.49537672774511166 0.4984857317958425 0.47322080335931566 0.456941837347795 0.4157921715378431 0.42685015913172 0.4332816030778057 0.42996954577653573 0.3912740027023049 0.3682966293692544
0.36446731625865947 0.38313413253561746 0.3803759932737632 0.38362579198141716 0.4127544255311593 0.4407990079639761 0.4255916283930912 0.40982071632031963 0.38570587260809647 0.35681672640045964 0.38070403158806576 0.3337001904961381 0.3186557538421306 0.3331327574420386 0.3525704535112069 0.34097771735769844 0.3732569450746983 0.4491134372391615 0.44272754254272007 0.4979478977731037 0.5085779197623456 0.5173242119349716 0.5454197140456285 0.5803587213896455 0.5801908947461297 0.5571453686012909 0.5018415456534037 0.5018052391998842 0.4753612916379308 0.46065118812493944 0.4333523494176356 0.46299326279831227 0.4801294898902239 0.5123267587298584 0.49047472964481675 0.49909165250395526 0.4907202390150027 0.43705954149141163 0.42685310753554107 0.4257444441776797 0.43176324661708954 0.3922712715030873 0.37973406293952994
0.37005853375830666 0.3919348423180528 0.35369895472340035 0.4104750398360368 0.4219405022498568 0.42318131591162444 0.4027243849937947 0.35921859652542737 0.3449239454059236 0.323250383838129 0.37614490736648043 0.32542177406360184 0.32506763059745886 0.34194546553528826 0.3309795314474433 0.3330464073406694 0.3753177245686018 0.4366577208473077 0.4669577542128168 0.5048445572335191 0.5358447899950384 0.5470191701303598 0.5251864391533375 0.5703399389251607 0.578687616323844 0.5311868209481039 0.4744524989521906 0.4942079967599082 0.4560273350225852 0.43637261147263684 0.4520143494994202 0.437107219333502 0.4608883548739306 0.497692764180803 0.4942521481584645 0.4659327609081114 0.4871548723077176 0.47416663669766457 0.45576732129926134 0.42472071121215044 0.41397980609256596 0.3677887553131457 0.3543015525644102
0.3532716032173291 0.38267175015419036 0.36477708327411157 0.37937675814226895 0.35882999497493334 0.3919028749344052 0.33875225646613477 0.34617529192692914 0.2995689315643769 0.32602280113435433 0.3205973376576874 0.34097137961754664 0.32848436475026166 0.32673493044278856 0.36875122105157154 0.36010783633535753 0.38530193143385616 0.4095279585330276 0.4387617378947259 0.4591073293462243 0.5100137237384942 0.5497373992706012 0.5232598367318467 0.5611836251089193 0.5334413898277808 0.5476663069672723 0.5015126017092804 0.4708987494058542 0.48686264123650314 0.45309697557215567 0.469888224829457 0.42862366022785026 0.44483619332346963 0.4729243050479592 0.4802043222813621 0.4663617749863688 0.48185318302235713 0.4714527601242108 0.4553514023955445 0.4476906218178197 0.4288907084255818 0.367016500348053 0.37720839963524394
0.3897768677351465 0.37810114137346246 0.33128711670855876 0.3229800577197264 0.35024528125186505 0.37312297378866327 0.31657978348462795 0.3400360337238993 0.286407416363759 0.2960024431316898 0.3114885166901047 0.32935250854263665 0.34491311003843417 0.35209883654886437 0.36344967125387656 0.4099121999011146 0.4042019191715004 0.40589544464040944 0.42121586619015444 0.4574682495884556 0.48944721238488104 0.5404914464502316 0.5602656916922101 0.5233426959390342 0.5557868266656332 0.5270339147515102 0.49437932728451517 0.45400885996849394 0.46457523337196005 0.48244972601722796 0.44490055599336575 0.4275592798309054 0.45999740862798144 0.4539744563630965 0.4400571197870132 0.4134008022888253 0.43676223349603316 0.4477001028696124 0.45548603749673416 0.393133031555546 0.3922458882424584 0.39496138765692157 0.4020943287578017
