Raster_benchmarking/continuous/raster-166.asc
NCOLS 100
NROWS 100
XLLCORNER 1743156.0875534555
YLLCORNER 5469280.103121945
CELLSIZE 10
NODATA_VALUE -9999
[rows 0 to 18 of 100, columns 43 to 85 of 100]
0.5966025706256289 0.5685220759937384 0.5536410930520035 0.6018654384066952 0.654978684234137 0.6690317620236661 0.6946667278258805 0.6857744606275307 0.7126488402130321 0.6904985168645065 0.76706432026121 0.7867653178702334 0.8312390227820877 0.8693730998510155 0.8918534280323664 0.8454767721652543 0.8980512852237058 0.8639685251903299 0.9075350491951099 0.8550078228865581 0.8547633482458473 0.8532019986223738 0.8313951847753259 0.7963903375872114 0.8076405529993603 0.82373795119724 0.8699145429409785 0.8352123453328599 0.8509607962031209 0.8166257439302729 0.8619031458495622 0.8099570495488148 0.818979182665492 0.8991997533824522 0.9070056830053718 0.9018541183981461 0.8120360607318867 0.824633482402966 0.8085414658007612 0.8007724629220055 0.7644158534845837 0.7479241554621938 0.6633904829091067
0.578663685562506 0.5536316060523729 0.5498382883099986 0.6394884125784606 0.6409759316779663 0.6760794552517105 0.6814291084431197 0.7261995130218475 0.721730420419622 0.7004575300643585 0.7516797258153962 0.7775835064800698 0.8622544965609946 0.8719399129898001 0.8661743693425533 0.8542895032468333 0.8686112998482541 0.9130612012491601 0.8861304943866911 0.8673864478213855 0.8488751454152361 0.824478877427139 0.8316105545171365 0.7867069243527512 0.8067113288376805 0.7702753560733957 0.7868091902198295 0.7785937729484144 0.7812112268505506 0.8271803257682192 0.8098368269007534 0.8377819637187878 0.8178043484011361 0.8717238433204217 0.8641872414728156 0.8704667850250726 0.8336495044027717 0.8055758620947681 0.8074109683847226 0.7925805627150118 0.7741352612803697 0.7119557594090318 0.6608110540507621
0.6083841163507289 0.5604709349482547 0.5643191146543187 0.6537167872853993 0.676531632299372 0.6563756656048676 0.6570300175678105 0.6672134858031026 0.7097423332745509 0.7020606924787302 0.7340723900980901 0.7678295430834041 0.8431795177393648 0.8599538503631222 0.8467889815164457 0.8635988683987432 0.8733463177093871 0.9177481865277575 0.8664581888197631 0.8589078678325627 0.8545641327607746 0.7809221851485788 0.8011642479059428 0.7729536172334449 0.7343685874896956 0.7414384216447991 0.7078261305593079 0.7502896022193716 0.7874273645189868 0.7832088378952239 0.7861263505197568 0.827808002352426 0.8109214536298357 0.8656329596302639 0.8796390341445324 0.875860461018519 0.8649562790609691 0.812856002994341 0.752553850216753 0.7791760732598508 0.7729810504409265 0.721399090918021 0.7365328144946898
0.6206929422871158 0.6305251678962208 0.6264094567003411 0.6127408673811835 0.6905215377440513 0.6998179015749436 0.6774335488509249 0.7010510020943699 0.7443688857886982 0.7146882597230173 0.7279073624074028 0.7824677746940875 0.7925380516107052 0.8157033661370048 0.8728820659434837 0.8653684366175367 0.8988167603577547 0.8843994581037653 0.8576249735219681 0.7948737784678072 0.8219831811927729 0.76285386157938 0.7653346172347119 0.732943288731251 0.7312928414541844 0.6969543832504744 0.7101338586063375 0.7095668837689469 0.7088131923956916 0.7775583643668563 0.7722180744461623 0.8143435063945818 0.854468161788867 0.880578066912183 0.8401534075320113 0.8553882423731755 0.8567901294679949 0.7678902704716414 0.7856768113926142 0.7788694722480842 0.7878246939307182 0.7645247319768553 0.7316483442301608
0.6253823672368344 0.63509225737425 0.5961393588972012 0.6193159508421464 0.6850227470498178 0.6947334195031931 0.6852215287524922 0.7361359937020825 0.7721788787658139 0.7312571159670317 0.7426910833464592 0.78045455113258 0.7988707336487779 0.8093230151006714 0.8785356155964955 0.8969319036921205 0.8518870582882354 0.8065556158076252 0.8122551126744988 0.7618997673114897 0.7404469523599541 0.7273012846853566 0.7384569789211525 0.7058112511716855 0.7309549603620084 0.6965549227607098 0.7099977351149789 0.6780149061936646 0.676297666624814 0.7528909726028196 0.810971169719128 0.8436170160529265 0.8313151797818966 0.8559993203777055 0.871656310083869 0.843725565080284 0.8251131647016383 0.7500891284918547 0.7420745071881714 0.7301881143060801 0.7554968620500467 0.7728256846716716 0.7323250773634618
0.6464575347448127 0.6859401934212711 0.6641414140176741 0.6600209929424692 0.6756476332841989 0.6822057419984211 0.6685415386160984 0.6917913244077335 0.7543464101515464 0.7967420215362189 0.7979369466498537 0.7594913483370773 0.7568353467113939 0.8054923419248313 0.8414164996675508 0.8616836392635752 0.8066775139373568 0.7526917646693068 0.7576533684647409 0.7550625520156063 0.7062202016279351 0.7144264425069593 0.7109143155133676 0.7131556718020767 0.7253878234599083 0.7187898365514296 0.6534478236701371 0.6831468447054333 0.7066018781224462 0.7229636709176096 0.7577813350368974 0.8023201481791695 0.8032551644992998 0.8571129703070531 0.8671909838798835 0.842142883268481 0.8140040650197409 0.7277214455607832 0.7487464183157598 0.7753599648062989 0.7855193111200196 0.7386054770315782 0.7298223068661809
0.7321357216899251 0.689110561554295 0.7048237682928328 0.6901263502999345 0.6792997681557773 0.6557626113631801 0.6612377735110386 0.7246718075048808 0.7645529569553285 0.7845027472958571 0.8411696895598242 0.7932664321419096 0.7910969925962654 0.7924733902061676 0.8542330716089505 0.7835233951545785 0.7314127308671556 0.7327200227129426 0.6763540105016665 0.7057958599781997 0.7177333178852149 0.7493323361356786 0.7521602961667168 0.7180612444819706 0.7387791347400218 0.6699452108096876 0.6369610101153133 0.6593026816904027 0.6414360199701566 0.7430624008997021 0.7923366399849486 0.8247878070517144 0.8155876731974333 0.8244133072552227 0.8067844562634001 0.7890642916774118 0.7434837263319941 0.7426675647856318 0.7345116290541324 0.7698793120646188 0.7559510219877313 0.698081915933521 0.7010252028259961
0.7069887301322684 0.7411776662926733 0.7222794388297803 0.7399730835559601 0.7069353376578627 0.7199045239193922 0.6791254912420048 0.6789072257636076 0.7033288834122841 0.7429631869321134 0.7469194775029646 0.7937601907727845 0.8215349558722536 0.8061291556943205 0.8312907504557089 0.7992420898121683 0.7617517938352385 0.7200420631793595 0.7213485475914485 0.7085472404157098 0.7067105580365161 0.711387180090153 0.7242281996798482 0.6877554023753505 0.6646161585811139 0.706625799630623 0.6534303610110225 0.6677583052040871 0.6641080935820154 0.7123528307042539 0.7719319884059415 0.7588232933051662 0.7716234588342946 0.793306456209239 0.7867455768918196 0.766826315359703 0.7513715281140305 0.6949321901155016 0.7350677161261667 0.7118701702333524 0.6940622304610563 0.708127840326606 0.639330227859266
0.7668448474740314 0.7922368405472003 0.8121361503670186 0.7364227938177448 0.7317877000850964 0.7438192851328574 0.6831285141897723 0.7031615919551772 0.6647375521558957 0.6977068541994165 0.7029524443278005 0.765208710048993 0.7770983737083873 0.7649764018575892 0.781711372597352 0.783700645252465 0.7409374993138703 0.6650534732584499 0.6577468910377575 0.69447423870639 0.6814961465715947 0.6421480174180784 0.6403634796727583 0.6322449088424515 0.6583769891891891 0.6755980464529963 0.7047651638907871 0.6739405314845476 0.681677916971618 0.7265943704395994 0.7377691755339345 0.7547029483839933 0.7243303655613734 0.7280151336179403 0.7298806918829213 0.7034267502293223 0.6815188970385039 0.6888931579414627 0.6948500032387919 0.6287757303740875 0.6334390327282515 0.6362028821977305 0.6083001996961586
0.7724626420740242 0.7764130330778665 0.764033526507822 0.74151082599847 0.7393929744212625 0.71220246114325 0.7140491505048525 0.6570136208822435 0.6578527732820622 0.6958746406366383 0.6754776135998514 0.6893130751623204 0.7600862291062362 0.7434443108795175 0.75505974508518 0.7043646910953607 0.6483670859998096 0.6416650596151161 0.6616783387327677 0.6899148011725804 0.6821034927415897 0.6415580148440061 0.6105461081573555 0.642717400881054 0.6840296807411212 0.6554075894990898 0.6873471877196385 0.6882614243050174 0.7174295510443586 0.740337283664252 0.7123361144925865 0.7104419003488831 0.7196731978422629 0.6787059748123944 0.6690677633227088 0.6492580809679889 0.6661167788434776 0.6675914154303059 0.6082719524942951 0.6009112712411611 0.6055607647550417 0.6135970819797236 0.6422099841326293
0.753352096441263 0.7920487209555753 0.8192001947606686 0.7682747280664767 0.7281781747038735 0.6994070242843535 0.7064488063716905 0.6942435737400019 0.6844758779567657 0.6591461460706057 0.6241487588508707 0.6683218697032399 0.7113242775282963 0.687197329770426 0.6870930928196946 0.6713368309365431 0.6421694498608864 0.6200701641237379 0.6439421998735575 0.6949422343719537 0.696022165594827 0.6357865531622751 0.6232636920058406 0.6209979529475558 0.6574555778774727 0.7048449407515321 0.6899219530412627 0.6925479241086322 0.7422514292651771 0.7588285968890355 0.7503172215473106 0.7389790126094716 0.7398704563978953 0.6962609307215897 0.6019909031028206 0.5927237186692466 0.603902470008799 0.567893688788767 0.5841615395893055 0.5784522532765284 0.5917447973869837 0.6309833148372934 0.6412452316950314
0.7940399601911329 0.7936366833399748 0.8229533952644155 0.7811534581095707 0.7280456028766557 0.7074323984731636 0.6944180356609573 0.6872470061941405 0.6968344791259332 0.687228783118013 0.6409060706199148 0.6923770288710027 0.6847404568376547 0.6519954919058238 0.6785471044690701 0.6933642597668901 0.6665141954269944 0.6645211327540287 0.6838401368360423 0.6860684816807654 0.6698317572349561 0.6443241953749644 0.6454941184397127 0.6642037102054118 0.6930697119692774 0.6941936721058772 0.7023849410613576 0.6785602107247973 0.7014978674403939 0.7022225410458941 0.6855641587073106 0.7203783160091094 0.6933665687343449 0.6785366593547474 0.6141246388871094 0.6239623744782947 0.5992455045429974 0.5393183979547655 0.5740567612075663 0.5537272273703339 0.5851150194011355 0.6380649867280698 0.6298882300577329
0.7420755605899146 0.8062576917284745 0.7809532944254316 0.7886524948876408 0.8112949818583869 0.7385179184952405 0.671054187971091 0.6626284844724281 0.6567323165208504 0.6896112715842531 0.6890905459019493 0.6635162261061547 0.67356654864241 0.642860623685122 0.6112710977454683 0.6847816415424679 0.6995985487315195 0.6576624454075874 0.6317397169545775 0.6949283280783721 0.7004434553664647 0.6896682274381666 0.6506194142974033 0.6918300088264885 0.6680656475933315 0.655874381806803 0.6624470202835725 0.6548707983173616 0.7010216449312588 0.6807712412235188 0.6962972177620025 0.7102278379714001 0.7145404288554882 0.66062038008991 0.6712550804673617 0.6005733584810393 0.5312647886781228 0.5378793207181339 0.5150644844463211 0.5735309925105807 0.6104944173133545 0.6329691768536116 0.6192166968055723
0.7676087450374092 0.7924132069033353 0.7792341140253126 0.7735414495436794 0.7900421524309349 0.7177520331153485 0.7201256474987299 0.6837208864318216 0.6768343342662151 0.6270692979274872 0.6570268445096193 0.6259466857378486 0.5986608484334459 0.586923628835301 0.6100625679786622 0.6428045021078014 0.6901180504182506 0.6862070837584963 0.6621484406802645 0.7165079811893419 0.6937751051116166 0.7064655213705209 0.7039548184570387 0.6834062906441282 0.6699192173338843 0.6355849543356608 0.637938078092616 0.605157083417073 0.6472237769996949 0.6564978604550218 0.6481910758448806 0.6660390828479917 0.6657376360699552 0.6819931537232706 0.670554462409526 0.5777426590448013 0.5476736050052909 0.5402424244039736 0.5100116177400649 0.5320936698949497 0.5742693015188203 0.5666914740341045 0.6155778750507217
0.7893425528411854 0.7693350424167107 0.808313988265253 0.7554737639004157 0.7440946269804761 0.7334495833298991 0.684781556488597 0.655388949974299 0.6377454195261301 0.6271178927003186 0.6438575863683983 0.6333285243719318 0.5961816200850254 0.6234308851975964 0.6025239846744445 0.6334270461002616 0.6577211428805626 0.6720858969802433 0.6961935660234579 0.6893114023454523 0.7021870276668435 0.6968925013745464 0.693522922885649 0.6826825568790312 0.6726083469983319 0.6450680675997377 0.5557383267340158 0.5596879016961225 0.6132887918347276 0.6760132527053019 0.7093526595862152 0.6621857373650829 0.6740601734932894 0.6895538809808052 0.6195022422046471 0.5775474538063468 0.541333047975263 0.5624693768360901 0.512908558790575 0.537893210191287 0.5923078440377408 0.5616950099412448 0.575277126127876
0.7587775173984636 0.7588713637838587 0.7483920707505792 0.786412366533733 0.7751858408582797 0.7404463581514875 0.7353469144141244 0.7339191152125298 0.6604189356272396 0.6346469419003721 0.6588323173367971 0.6027522036149834 0.6251776451252512 0.659897429416623 0.6626455963206331 0.6142032935994743 0.6394645963407014 0.6804999030461052 0.6599868944744264 0.6968537969429635 0.6823557592958969 0.7096536807172312 0.6977658603766748 0.6786831481115702 0.6175959345704003 0.6241349551603037 0.6142025647347291 0.5855040676373187 0.608941442360577 0.6323262903731869 0.6725528305860069 0.7186926534651348 0.6728766754756688 0.6476098521750565 0.6079544573494589 0.5866997302226664 0.549711931383455 0.5572225172636075 0.5364270107069901 0.5456671265189499 0.5513156625125383 0.5830279678137644 0.6004907224849261
0.7445874369432064 0.7446949984524014 0.7565169150576291 0.802652363093582 0.8064707411369721 0.753713216229273 0.769083857709548 0.7592402838129408 0.7120559811444257 0.6637223516104028 0.627769718083731 0.6286917003741144 0.6761606169702215 0.6512873762623675 0.6775463485600435 0.6356088108566484 0.6328362036164484 0.6498147542979114 0.679628129052503 0.6892508638076021 0.6962957400356299 0.6814071271909151 0.6753717096817834 0.6267488011799641 0.6158674454680647 0.5705894237832597 0.5596768124383142 0.6339019431407974 0.6513314832510312 0.659313662177221 0.6659955764420532 0.7002080796711949 0.6976228200985726 0.6352985000342126 0.5874508202273757 0.593494591877426 0.5875474121475833 0.5777450535484185 0.6048469708537062 0.5735015644752388 0.5688919648740327 0.5469373505268801 0.5780613695476986
0.713517081743474 0.7727549264987253 0.7625667826203797 0.752760586975803 0.7615580384946424 0.7514097382890867 0.7393876124912673 0.7514001257871723 0.6783358347768748 0.6580973493658651 0.6648742908996932 0.6838301475824907 0.6572904361020656 0.677021513769886 0.6651087608037686 0.662382467613219 0.6849773528896655 0.65403834599686 0.6455341339123909 0.6435781254214709 0.6730713563285572 0.6480754815742142 0.6126087802633832 0.60323264477887 0.5755845086237341 0.5976384253904757 0.572069589914804 0.6046166184723202 0.6726407547313907 0.6925403549980377 0.6774064532312385 0.6409316376979717 0.604291239195078 0.5868012858213222 0.6080311058698878 0.5585624382033075 0.5738265165723073 0.5598873294049492 0.5888656504162645 0.5690325130414491 0.5394785471341456 0.5419565323625873 0.5946874390461032
0.73793328152646 0.7748918971442976 0.8052061595425157 0.7347845219289004 0.7466130943014837 0.7186920515900539 0.7371513768584042 0.7176560317636631 0.7040406244385816 0.6394992629648679 0.6240784068044221 0.6743673043748353 0.7216056289625762 0.7518994422361516 0.7327180851250306 0.675217070935614 0.6850425342898796 0.6612472910888546 0.6136756089139259 0.6227997540783035 0.6539416956072139 0.6244525200540206 0.5852135189558357 0.5895322666442094 0.6197606809781812 0.5851048497247644 0.5767652102757962 0.6365139006088245 0.6947767246307357 0.7129445194336336 0.6893219109916424 0.6698681870610834 0.6029975444682892 0.5884016992030827 0.5714400474666084 0.5945229643401813 0.534935848477151 0.6031237647111625 0.58018814122981 0.5261637851550085 0.5446718155030172 0.533239194869914 0.5657871713103212
