Raster_benchmarking/continuous/raster-328.asc
NCOLS 100
NROWS 100
XLLCORNER 1743153.6299620897
YLLCORNER 5469291.150406994
CELLSIZE 10
NODATA_VALUE -9999
[rows 57 to 75 of 100, columns 43 to 85 of 100]
0.39077731971905183 0.4255895545304393 0.4141563983675371 0.45996765847883014 0.4334665830569801 0.4178944071364222 0.4446524948216482 0.42584198669445544 0.39702125713147207 0.3510027661120118 0.3428400901587214 0.3689453789147684 0.38822712073437127 0.431583691221863 0.46269220353827184 0.459549057461583 0.46736183312416246 0.5242193472424446 0.4880291006306688 0.5272951786209864 0.5954275610140174 0.6044316802343266 0.6199753716597854 0.7088492013773873 0.7194311129134323 0.7815405081163217 0.878344557329378 0.8750704467825103 0.8897693478280359 0.8603632820968836 0.8608380024047234 0.8404708192885291 0.9093626112891544 0.9060277003548607 0.9406678512044097 0.8692147162376075 0.8309852912671103 0.7992306589940181 0.7863975151819876 0.7880314802289536 0.7966536383239662 0.845592790841547 0.8796683741587469
0.44583365855453744 0.44743227210678377 0.4514500556195354 0.4841222863187981 0.4871128796231139 0.4563864355696706 0.43960073230202545 0.4542094187837744 0.4230245138171147 0.40964714692444854 0.44256488561369967 0.44244753184889085 0.46104742941865656 0.5149917403600283 0.5057063457045601 0.565704160967148 0.5516091354323868 0.5501836265024166 0.5597514342797193 0.5909152818627857 0.6408595649961446 0.6621329351425986 0.713376331974037 0.725610449345467 0.7614711930760865 0.8547236875741885 0.858848649496931 0.8947805812775576 0.8737052984598185 0.9048343611159946 0.8819830223822059 0.8609823518350861 0.8986313070499425 0.9137338286524078 0.8775726723545152 0.8587330126952478 0.8509337226937803 0.8679019200586162 0.8193879624703205 0.8364871126108218 0.8458995962476987 0.8450229085436921 0.7971743780523151
0.5075940485967186 0.5064048742758637 0.5294793396145117 0.46581628683834775 0.46935889124932473 0.46317243606838626 0.5085179224941622 0.5021858996698546 0.5183419330790512 0.5243015357206675 0.5092550772295823 0.5041607143534899 0.5488818366048687 0.5553614059789629 0.6068589233776547 0.6144159940799839 0.6110337500112282 0.6306921800229298 0.6383312315792028 0.6570781503059724 0.6478237334146987 0.6924393284330186 0.7225610696185912 0.7369501582312913 0.8158799128738099 0.8446814150914621 0.9085229941954246 0.8945943451877221 0.91698040952034 0.8874734512942429 0.877822829408144 0.8889275994453497 0.9005726770051649 0.8818714834962479 0.8736719633588936 0.8669604186349871 0.8625608087700173 0.8605350914039813 0.8682873242343588 0.8575395910268785 0.817240664306011 0.7892259502311025 0.7735821472743996
0.4966519314406967 0.5084153673389847 0.5613556158848544 0.5039967189270909 0.5358210970346564 0.49619648180556136 0.5447048610524384 0.5225838942087879 0.5952622923839863 0.5909218932956569 0.5942518569322587 0.5541270725198629 0.5982605068330311 0.6046662670223344 0.6154488960460199 0.6402258437228243 0.6915231655913394 0.6665560012729977 0.6757576803804299 0.6927312119340062 0.6962465565319216 0.7500634405208325 0.7704194887014538 0.7923634513541583 0.8033458451476804 0.8442605632047656 0.8640155239324204 0.8875386391917525 0.9046911398448416 0.8885171306767434 0.918710729498811 0.9167001936667887 0.8955067828371523 0.8517888519660387 0.8285196152602048 0.8801342328236826 0.8937132189889637 0.8275280529854161 0.8015676656307843 0.8170385374452817 0.8277583185590203 0.7940080614431729 0.7976151000529942
0.5250267832778043 0.5512100940122523 0.5775110129336088 0.5449485089620398 0.5687791137393223 0.5324125310392197 0.5552554278607786 0.5998757163653323 0.6291234727869698 0.6083316314916138 0.6163051200578609 0.6000753663501375 0.5891348596942882 0.6430461059053144 0.6553196282053638 0.662596403256825 0.7310144291939813 0.7395508997623252 0.778891576041393 0.7390914181785669 0.7748108023032828 0.7472832045111757 0.7760260814873501 0.8400375705036383 0.8555313489584521 0.8410765624002717 0.8468935186339481 0.8886183950114661 0.8487337970924417 0.9093583168960419 0.9161604577938883 0.9339021549154298 0.900614313135813 0.8414817850437089 0.8133602890185462 0.8554579443273289 0.8792428054893324 0.840059724060331 0.7984143794930789 0.8418153021293456 0.852948582112405 0.8533538223756817 0.8308760870156782
0.5761462544958292 0.5355624602723269 0.5791519204831715 0.5787785450081514 0.5444612988145083 0.5599042630107465 0.6315817392882462 0.6573815402751998 0.6598805290525661 0.6553151680752362 0.6798490614359813 0.6749700887476096 0.6555863895140567 0.6518048813679186 0.7192953659622761 0.7078072152422434 0.7587825455789556 0.7926180381384352 0.7688066839138445 0.7608279381743305 0.7408226496308742 0.7698167057640063 0.7923679886974713 0.8397937767039001 0.8841244005957436 0.8778984635565689 0.8728153884117517 0.8855819818095549 0.8535438153317093 0.8737486563206556 0.8765120163064247 0.8846230122391489 0.9010802375580882 0.8697954911122673 0.8524065245850478 0.864589189881945 0.8572180127211179 0.8499210679115868 0.8449668052356677 0.8367114935220681 0.8077477154309072 0.8360150172778319 0.8464154311139356
0.5796348444661359 0.5429986063695205 0.5153498186133005 0.5776707334596378 0.5543417073383614 0.5691807509487932 0.6370025971810918 0.6880019504967865 0.6884531198064426 0.674596436494417 0.6780919571269577 0.6818401164640633 0.6919373540709065 0.7034041265186378 0.7551555185110166 0.7571859870041721 0.8162999468490816 0.7967398761839111 0.813859996195985 0.8219241133470843 0.7869804887270613 0.8364255383468204 0.8342732130669266 0.8613212653645421 0.9028711194971221 0.8734715435220302 0.90048044607551 0.8837978544518906 0.9104015126290329 0.8731362911441558 0.8948990871409591 0.8803331000972492 0.9071103020821903 0.9115950312307761 0.8774061922472665 0.8331400679820733 0.8361002662355707 0.8495213178478209 0.8123717118426695 0.7779043518068797 0.7755521975055312 0.8079016812045301 0.8473292987477561
0.5616446995565075 0.5735964167210238 0.5276149497881887 0.5754665169521793 0.5714718267045081 0.64775031267624 0.6664727234501358 0.6743454888433948 0.6523541259094475 0.6652331847949605 0.6933401103286387 0.6737250239662796 0.6865313097227574 0.7592306305826935 0.7713744348892672 0.7626018804528747 0.7815839550552148 0.8267521876749813 0.8408789176634642 0.8240964977666956 0.8243461838835592 0.8701221620313414 0.872831500828622 0.9183042619828341 0.9089837576809942 0.9141138457425515 0.9378296582633222 0.9267473824063948 0.9179212177860516 0.9163744432489392 0.9067972367057802 0.9318421245590806 0.9199931618916027 0.9121338508261665 0.8558065971850569 0.873500094425832 0.8177880983891339 0.8271378024783076 0.769215358439421 0.7589322212468015 0.7609640410522485 0.8193447512477864 0.8572937454765062
0.5773333768339709 0.5705907456931243 0.5513464423278105 0.6177933974117074 0.5986178598218721 0.6395805208671412 0.687470420654197 0.6798475470120524 0.6979028722886894 0.7163482753374133 0.6819857864671358 0.6828708106665927 0.6929616304862527 0.7277702087697108 0.7938304788310324 0.7872444720766727 0.7917514086560342 0.8568637821522278 0.8815127734361667 0.9005262854479114 0.8864901950908938 0.8916103384672697 0.9177069823772638 0.9424418727298346 0.9421464137945104 0.9204775204194425 0.9705776621234211 0.9245931015861703 0.8767639375174575 0.9183457000632769 0.9335290598296582 0.9373299788835032 0.8903927170933927 0.9063724644633067 0.8686129786051737 0.8846317225218847 0.8312219361792107 0.8195120365328529 0.7817050818466715 0.7890160907448976 0.7412010037815266 0.7778479595015956 0.8535154365481392
0.6135943024027839 0.5838532306558496 0.6201411721996587 0.625950077930743 0.6340173411063742 0.6819911585526343 0.677630704491776 0.7209882118491869 0.745951702281207 0.770002593686991 0.7332865101229991 0.7708372929058 0.7153519918593977 0.7490072985827482 0.7786132592679776 0.7875661123167933 0.808518504039086 0.8535912843420106 0.8622496236963054 0.9096868537829867 0.937183227475515 0.9462994244001017 0.9194117620220694 0.9089429298770546 0.901930437109954 0.8972644491360628 0.9385496471367941 0.8789402576348814 0.8435644818340353 0.8525535564518016 0.8720828493933798 0.8907203881840989 0.857781561442246 0.8645292457511262 0.8384869228965385 0.8508217759354655 0.8507735125539126 0.7718833647218483 0.7812262153969733 0.7818001547354965 0.765870140489526 0.7628550617527852 0.8109857519124576
0.6322519323518839 0.6043550488455879 0.6468224711956104 0.6704034551807201 0.6926137205410903 0.7002990231055208 0.7440513758089679 0.7686832856433414 0.7986030802288271 0.7824570514289719 0.8162330691846712 0.792707120359893 0.776290255940522 0.7974681021710034 0.8406500475950356 0.857437447170417 0.844620883644237 0.8347457285951626 0.8699668746014031 0.90830062317508 0.9658303163074191 0.9512353277479205 0.9243010880390803 0.8872676242260711 0.8775506266083701 0.8893155332007097 0.8882881634653765 0.8629854987927323 0.8471793696487568 0.8681268733848235 0.843856804550441 0.8609927799066944 0.8509895607831761 0.8514847781657895 0.8270254408148763 0.8107345000286064 0.821858083151438 0.7870672374929517 0.7499433078709988 0.7634476799513926 0.7611649211375184 0.7424567561700499 0.7873146684761974
0.658910175898129 0.6816170135836219 0.6945888403896512 0.7154551143297531 0.6998686161765963 0.7192151053296099 0.7719856719701107 0.7857924438085537 0.7992815370737979 0.7967922842689829 0.8374417431632797 0.852603070820207 0.8569665173787473 0.8255617731639203 0.8806546321821602 0.8538926655890093 0.8744750691973442 0.8895164066166856 0.9026421121918762 0.9665522366661773 0.9807038394315238 0.9759988784629668 0.9209146566888234 0.8958827890964839 0.8538521056677663 0.8555275389920681 0.84280046234313 0.8806990649501917 0.8476740027582602 0.8505823766234921 0.8398967110051717 0.8325398124708128 0.871381897661138 0.8539671983558444 0.8351264057666987 0.8448768792618214 0.8768333890104483 0.8061107519917663 0.8058702630547212 0.7965205251055334 0.7796046921901023 0.7659724596347471 0.7513759010526616
0.7568284886578867 0.7402963374679047 0.7929911894028724 0.7605314201304552 0.7349233960297357 0.7817320413929766 0.7977947504788991 0.8040505699865477 0.8033601091843816 0.808720199347799 0.8221174181718576 0.8738179481752774 0.8890495412377596 0.8573014763165279 0.9019565679867356 0.8575761897931342 0.8844281757351353 0.9097875009838859 0.9700940829704939 0.9772808097352809 1.0 0.980121984247548 0.9012595667902011 0.8924389538034698 0.8552310595535144 0.8713695976790402 0.8395813908310126 0.8448360683550522 0.8635485684847277 0.8139095465830453 0.8091376364792292 0.8413202182792713 0.8884277397690938 0.8556088469449862 0.8873511222564184 0.9128180790347893 0.9091870716514892 0.8560406789470811 0.8012412020898612 0.812674362162561 0.8342229230626634 0.8033735625012105 0.7718422658219511
0.784445828252847 0.7837052598206646 0.7557127838108865 0.7933123979921798 0.7922964741853089 0.8026743361647455 0.794900222014954 0.8070460569880284 0.8556080438544866 0.8329495665170596 0.8415160514200839 0.8523536933542514 0.8706119838276462 0.9140482150997977 0.9191758734601959 0.8797680392056958 0.9355570998740618 0.9507470698816424 0.9467884624484941 0.967338864289046 0.9406277303781837 0.9264050351816104 0.9416929637187261 0.8678663353177515 0.8547120236393041 0.888154707472026 0.8753110868784264 0.8544783992813618 0.8470439553995434 0.827696601966221 0.8492717367102214 0.8460207011428772 0.8836853741173761 0.890836530913342 0.8910419161590669 0.9185854525122116 0.9026249595074558 0.9023611665387298 0.8389490775747872 0.8581029160359335 0.7978050580229012 0.7884013750195461 0.7383144150175808
0.7705824449952787 0.7670244459303972 0.7706704172470703 0.7962168593105922 0.7628278187860826 0.8290880529546828 0.8503010046763497 0.8178498495430178 0.865872929149224 0.8836893739369467 0.8777969210448593 0.8560755280130062 0.8838314114773934 0.9042125684480292 0.8783619600060337 0.8724550674388788 0.9378182285251219 0.9654057287533558 0.9787337485918502 0.9436667535473471 0.9536978549439141 0.9516265810935415 0.9509829242371495 0.8698724098000798 0.8670684537406067 0.8683079053881189 0.8759676606622119 0.8790356478937945 0.8580380023200239 0.8911099909811582 0.8931025191379939 0.8974623915928116 0.9156447466354741 0.9053414964332288 0.9638304908449236 0.9608783489672597 0.9146813694950632 0.9319932879114148 0.9016268988616895 0.8606406522660769 0.8349180646293426 0.8087354648712154 0.7357605824228719
0.7304839222790329 0.7485305092812344 0.7722986615484498 0.7736005639204677 0.7965466342342086 0.8260633845543867 0.807585912497558 0.8334999870163418 0.8641559568175093 0.8792899575716748 0.876083716258473 0.8976208395569047 0.9075638101816813 0.8755985723994771 0.9288407945324643 0.9189029069615613 0.9095260853332853 0.9587962002250406 0.976873175958298 0.9195339671810421 0.9122895680985699 0.9067267245934192 0.9032311056267868 0.9141598149082614 0.8661542279772203 0.8041378228083015 0.8113414139379828 0.8354760665724665 0.8315674373142155 0.8689051006914887 0.8907906397015408 0.9122664807535017 0.910369860414441 0.8900242253517402 0.9246445596741641 0.9180887917648081 0.9496830976365462 0.9215059322113746 0.8790928217192391 0.8397247296412945 0.8201209803424557 0.8113936413207883 0.7672392625725
0.7108714031101652 0.7639150190358218 0.8395721361908672 0.8221583519354204 0.8433693818948624 0.827546673801534 0.8167729198787944 0.8498198992227636 0.8785970879508176 0.8864141892966878 0.8503194054776605 0.8846407605700676 0.9051725568992492 0.8768603359697119 0.9371281213455114 0.9198955959328481 0.8971681374203091 0.9098246352123269 0.9276047478522048 0.9013274537649361 0.8582639694766064 0.8937697993383704 0.9154248347328346 0.8840076174715219 0.7994714725862687 0.8108656593794197 0.7615567394920514 0.7813494385897088 0.8121876139815114 0.8468090827778673 0.8897453410291798 0.8801246134085391 0.8434163705496073 0.8624588774663304 0.9207158702237517 0.9220617434485904 0.9179862181275746 0.9178147605972146 0.8596165365578363 0.813288473069803 0.807598306878337 0.8248782904161691 0.8105529796315392
0.6788964936044969 0.7071349242534206 0.7697206294006417 0.8120665636233425 0.7765170086226493 0.8135904832413448 0.8109414727588643 0.828996260237595 0.8331772901929095 0.8378962272389422 0.814573268751275 0.8306113975742678 0.8664058515563097 0.8902407080016105 0.912372126944683 0.9060716987581835 0.9321328123113133 0.9322410060327062 0.8993313203487762 0.8940180124153493 0.8832769857034062 0.8421953526722359 0.9054982866597809 0.8785519086578862 0.8211613039037892 0.7759814780038319 0.7713942134448889 0.767446106776 0.7685331094646474 0.7961015522794986 0.848054914898708 0.8248018445827916 0.854688729411865 0.8228586581661117 0.8478997806137268 0.8733413225541645 0.8700314612800674 0.8633065488344708 0.8084630942804019 0.7970609438428888 0.750947130123788 0.7586091584198714 0.76993456807262
0.6672447945755913 0.6947770963265564 0.7220741115923247 0.7211636519585188 0.7455812950940484 0.791852526166139 0.7989035088843153 0.7788878660900587 0.8265950607884022 0.8467974416370602 0.8515291448596898 0.8004430920927378 0.8223142952317778 0.8563622375819911 0.8282645154514571 0.843399026800784 0.9225302869027789 0.8776309606931461 0.8733511235877375 0.8352526260733827 0.8289966555190992 0.8394848234804371 0.8741797217331286 0.8404925397506544 0.7974483415218163 0.7502919805606355 0.6946715344630816 0.69932564112073 0.7286879704927928 0.7747540761556032 0.8432212717616026 0.815358514434577 0.8245814481952942 0.8363901286861524 0.8025956401082414 0.8047442547063073 0.7976949116321483 0.7798856818441599 0.7563687135187817 0.7347307231203688 0.7499749470608905 0.7355907375879193 0.7192485091586186
