Raster_benchmarking/continuous/raster-474.asc
NCOLS 100
NROWS 100
XLLCORNER 1743166.015912711
YLLCORNER 5469281.236197796
CELLSIZE 10
NODATA_VALUE -9999
[rows 76 to 94 of 100, columns 43 to 85 of 100]
0.3883753831718128 0.3962265060023038 0.40253294201876344 0.38635403761306647 0.3751092041242278 0.39279072545838595 0.38656761822992775 0.36680051001013536 0.348541438703844 0.3759977441737671 0.34465183322736487 0.33113085429885664 0.33462461273889765 0.3784082059365756 0.4171645116929977 0.3817512832187538 0.3920240777849389 0.37023055788399667 0.4171188698569591 0.4061635831918436 0.37692518506395933 0.292453602024754 0.2653933035163447 0.29243224584373906 0.28138521703767977 0.2896790322665728 0.26356200186102635 0.271850464756111 0.28129432389504605 0.2851704605433427 0.33559941380669556 0.3574731346583409 0.3651631141272458 0.37845969680908137 0.384110323941477 0.35160823916282635 0.35129366676855117 0.32941207464965416 0.34303509504059143 0.3765978717409791 0.3985993766265854 0.4152790390835748 0.4104990022101901
0.36719856038031073 0.35586895884850633 0.3724441446982637 0.3544165721071868 0.33349404544946926 0.3343921972222843 0.37252081730565895 0.341814441522271 0.35611600531710635 0.3523758900072562 0.38775025190605045 0.3740096591330237 0.35573468691657717 0.3897586606500667 0.411428483053017 0.390445816601768 0.38472380457118005 0.3954683092059873 0.3954621331381822 0.3858834095326859 0.36597416770577296 0.32405343944428927 0.30053117008376184 0.28082094862020573 0.3039868803164815 0.2848900895055556 0.2679240717514326 0.28892691540395854 0.28587837889177875 0.30511605900376154 0.32010487172568125 0.35799315131203346 0.361512505221409 0.3735239641827495 0.3833534348784571 0.39233170395563605 0.4023914194187973 0.35083149970056215 0.357230145937515 0.39531539575707775 0.4155505580269879 0.44973253886463255 0.4527237279979822
0.3602126617481222 0.3328952820070676 0.3179990629817724 0.3626297286058743 0.3493208345442747 0.3627694580398962 0.3317049534400271 0.3172526360801843 0.34652406786660106 0.3714976946509768 0.38583006877551024 0.39934097467875673 0.38192301089448716 0.366998863820527 0.39400602975227483 0.39036247248021594 0.3700766924820104 0.3873429196039939 0.38181483944437783 0.3619268853631298 0.2824668602447595 0.2949740416038908 0.26193233661823895 0.29518738939674505 0.26231363782995887 0.3168437392433096 0.3288644735955842 0.3449060971486962 0.34784420640817015 0.3594043062103026 0.35858458046567254 0.3510918283390942 0.3612116314046597 0.40061382304527265 0.4183549779878056 0.42891156751937864 0.4171107026232946 0.35964358540579844 0.3550496113937933 0.36855521338932057 0.43623238265824954 0.43899632634724345 0.4662929416331299
0.3398351629362256 0.3066396829880337 0.33976791726352806 0.3312650854720033 0.33971127317918653 0.331395863180453 0.3476475182698957 0.3483022540554072 0.3688541528983809 0.381809595166256 0.39663817010091146 0.3673446761038263 0.357777765124865 0.38126401709471136 0.3880056922272458 0.39264626810341274 0.3891909824171253 0.35729196630479076 0.37045849221024574 0.3291239047764558 0.3207195298350328 0.2719987681975353 0.28802749899176205 0.3129693572529075 0.2930522662719537 0.31471475470740035 0.3377700741583478 0.37353464338084935 0.38427067508613827 0.41010920650979005 0.40301310134213786 0.38383919140340766 0.35048894031019906 0.37207006805673964 0.4088141247561444 0.39415897921315246 0.3701541379049599 0.38908167364902074 0.37361421829105224 0.3842381030556403 0.39630718268600473 0.44816368292573827 0.41797953750428923
0.29846493727553675 0.3288053429544002 0.3080585244919376 0.30716978625190405 0.28313704573239534 0.31377292620199726 0.28240236983992306 0.34241899235914186 0.38053219158278345 0.39958952853164187 0.40111243433592925 0.41377286603386243 0.3899919243189866 0.4250859290298629 0.44518110778717934 0.4194098177151985 0.3620145743536332 0.3188466739613895 0.319683534179768 0.32695972048362903 0.34376666149804114 0.33099254765452696 0.2984335378332296 0.36691734904577655 0.35810609569192886 0.3554896969636701 0.3624385398845588 0.38306586499089396 0.3822191381835411 0.443173160592542 0.4490125940612222 0.41296374714264733 0.3497711284192581 0.3512982868894481 0.3721033870842162 0.39199155338903835 0.39098495348565254 0.409703521796009 0.384178017986691 0.428099922077008 0.4150681501088067 0.41061391734075675 0.42371961372868006
0.3449794799473757 0.30028167160210595 0.2934609500489457 0.3100780372771917 0.31342393646960987 0.29590704731676964 0.2876305167201109 0.3174919843767259 0.38074964119917976 0.3696370518145121 0.38385842798368647 0.40790300577238325 0.4214203483724873 0.4002266664746245 0.4145181664308497 0.4071042259943548 0.35299818331875193 0.33795423249281104 0.31418893630777034 0.3347659915554239 0.3678627220917509 0.36379797221939797 0.3826691704856603 0.40478381147141557 0.43207089121274506 0.4227842474518746 0.38304222253405723 0.38800546771516914 0.4144310280162298 0.46727581501614796 0.46399569141332314 0.39053212934723674 0.3644043358509497 0.3736961126604343 0.33599169880460167 0.352695591643477 0.3641779521623727 0.41028307669055053 0.3908653276874092 0.4298656897681905 0.44560272793349553 0.4173259172748302 0.4494622411496982
0.3667327471204832 0.3281535756661171 0.31821088454015667 0.28934643247521163 0.3046042824966112 0.32518186963372353 0.3036963873555367 0.32174488639908516 0.3752520190000116 0.35736492580937396 0.42858428237045665 0.43706772234224467 0.43057566554337073 0.4077363302751598 0.39051676587083634 0.3802867086098662 0.3491730291783521 0.36019531112806147 0.319710633884974 0.3329682518492201 0.39934037963280233 0.4211436448389176 0.4453277179975071 0.45979703853823045 0.449998234683019 0.4394246719805931 0.45191084363859674 0.459081702383272 0.4591222363982971 0.4488850881888557 0.48253749272479735 0.43163620521182294 0.39049571168467595 0.3716575630067817 0.34701771563543804 0.34777581341928876 0.3711961210283284 0.3747564054498311 0.38448536928172217 0.44708614228524196 0.4523964112781865 0.4413669505011324 0.4808662949462647
0.3764296455481869 0.3273616205463486 0.33498567816862396 0.3335499447427663 0.34375880843811246 0.3347677087656104 0.30097843313385636 0.3164475134757599 0.36863645516123233 0.36247265891405855 0.3699746896401546 0.39509571558449663 0.37584402835111935 0.3798970284781473 0.3733111841060324 0.3538735071349357 0.3857737957564627 0.37178063945480366 0.3396118705128781 0.37454716419594225 0.4111664728361102 0.4646658194922712 0.4736123313260987 0.45034297064522055 0.4655906385244951 0.4748212304748166 0.44588573951374677 0.4819273819564047 0.4673173230912641 0.47126342783708436 0.4584062586141928 0.4379519595108406 0.45219635670506547 0.42380169763273196 0.380930529927633 0.3693889558185417 0.42290645939805516 0.4387739768260838 0.4493354085859306 0.4405128235912224 0.49512508520229076 0.47443738609385305 0.46518847501463656
0.3564413798883886 0.34280932408705483 0.35357990866990074 0.33882390783047733 0.37750652568939186 0.34444712831678903 0.31169920654959654 0.32417987384449787 0.3574863924583492 0.3446640456107478 0.33950365529075793 0.37709499952066666 0.3475677604508054 0.4025626813489279 0.3831158655527698 0.38237204501138966 0.36035421131081274 0.3884671927909747 0.3786972105185725 0.41371012426275267 0.46681685204331874 0.460851199965032 0.4998916992021356 0.4712062794359395 0.4988990907505858 0.49684176718351525 0.46128047217313517 0.49214850414796574 0.4624812219159692 0.4652409170847297 0.5030295089935317 0.45823480291526425 0.47342339474718936 0.4642800496503741 0.4097103515325116 0.42063462646406324 0.45069534677674716 0.47207022576854435 0.4610125951159925 0.448183818410679 0.5163936433901729 0.5201081475251857 0.4669340263322883
0.40563372902058603 0.35714538238062515 0.3404154248207202 0.38733802657420174 0.3957538974807836 0.37252713635496415 0.3634000449895162 0.3584023042815408 0.35562284410358386 0.3926328398668243 0.3540423484446605 0.3983380722671468 0.41686909690905827 0.40377367515012147 0.4415575607249463 0.4181898186565116 0.4033684988506047 0.4283117626107617 0.423503775944628 0.457706213515572 0.46752884045027254 0.49933963266948067 0.5285006604565439 0.5317573607830456 0.4950378773208715 0.48027189977107193 0.48410333279819767 0.4819891582277797 0.4774482672778928 0.5244751920072085 0.485589779666646 0.5105003296673142 0.4720827792901462 0.4552831922816437 0.4405867211389559 0.4322414425780404 0.4456296627876004 0.4646835229003604 0.44479367411387066 0.46999356166419776 0.5111835637744171 0.5122748055937574 0.4710067617394878
0.4236169278021701 0.38245454243459215 0.37388033884633226 0.37790768400219066 0.41621096442946404 0.42643628046974247 0.3882542193588341 0.4012059627500897 0.4108828514733056 0.3957118627446863 0.39413673414935324 0.4254768162845648 0.4216453678682639 0.44957323240280983 0.4692487725348959 0.4555901007324213 0.44975328479908017 0.4699471043776162 0.4480426617437824 0.4543429686831917 0.484240519047246 0.49306947563465886 0.5376161191694744 0.49810138998757325 0.4798384743956873 0.47066345716606994 0.48180171522170684 0.5021880560050553 0.5508508494387583 0.5332436548672543 0.49833310807375714 0.5042516900176807 0.5106589480676371 0.4718205763548685 0.4766715810726435 0.49088039122946736 0.4771371912894659 0.4911214834304557 0.49021500555167125 0.5221205484040151 0.5009863524821947 0.5106531782364331 0.5131025455207717
0.4066792332892701 0.42615341419938774 0.39108557251136117 0.42314832883699083 0.4326578270211941 0.4311983034851293 0.4190319771201864 0.43471173790603634 0.4392220320081238 0.42515510760634606 0.4109927423672725 0.4554484791600139 0.44308662217483985 0.4897031816915697 0.49327608883903895 0.49265740137814484 0.49350681491453297 0.4986148191088455 0.4976630870377538 0.5105218583239001 0.506242050860299 0.5021781059834071 0.5473900395000737 0.5207305585502277 0.5153599673415117 0.4959388530197366 0.5109718233411404 0.5728071194469178 0.5764502279117104 0.5115034061325371 0.5174202225410445 0.5194849843715165 0.5291536337111066 0.5163993227727183 0.4875195351926599 0.5065212858442633 0.5320316793184896 0.5078531263471591 0.48902326193830903 0.5220134776019458 0.53225830455156 0.4974641342053043 0.5155123436686061
0.4226827925470166 0.43424759863113516 0.41350894284429884 0.41892027836047735 0.4273429970230576 0.46029883594143645 0.4894365693391213 0.48518373562378103 0.4973924847437029 0.4760378059339167 0.4152771883533683 0.45619286527468644 0.4894211326634646 0.4966472038073409 0.5317389862855999 0.5148673151540576 0.4677528439006585 0.4957856734954778 0.51726333387152 0.5429012435874839 0.5273715759085523 0.5041035996505471 0.5351022464337979 0.5419976595528603 0.5460048037362623 0.5581088795087086 0.5648992555450597 0.5892898207543676 0.5868148535390426 0.5407868832523779 0.5077046034802211 0.516110690542084 0.48886562971626263 0.5422616149885073 0.5484026186768816 0.576413647073126 0.5681368431945805 0.5177412437251863 0.49636208769717505 0.5557899130553021 0.5360332071711631 0.5209323663142288 0.5454678981824175
0.46601232919231783 0.4289188484076606 0.41445229327233485 0.4628648259236158 0.48009296343485075 0.46761314464177023 0.49448229803555677 0.5144459530825468 0.5095827875172128 0.4594793028409347 0.44460235146469246 0.4542966114563242 0.48444337531406256 0.49785761171255927 0.5041654653518268 0.527957028570578 0.5233368524334129 0.49580694964788086 0.5334524150322429 0.5090479858994233 0.4910473210066785 0.5139085993107164 0.5222125104816941 0.5044319259847214 0.5271858116588032 0.5448605997843328 0.569122466521706 0.6084676561049743 0.6149367121797102 0.5589495915124146 0.5441410554711528 0.5263903786409407 0.5429131821908408 0.5633159122573307 0.5412670230669261 0.5805312910552569 0.6031778247055758 0.5615100122169481 0.5450191015340293 0.5652391614180498 0.5351521854980184 0.532071644345839 0.5485244853884814
0.47147599297692633 0.4859668650197039 0.4347722052711888 0.4833301206900508 0.5101327618799517 0.4999851779185174 0.4797519976354158 0.5333118994287543 0.501365188815012 0.48348591708189276 0.4635602354491502 0.46993463633381494 0.5165072699713481 0.5293666399563622 0.5505081260312101 0.5257018190729693 0.5286312931166323 0.5297431241502923 0.5630637623023831 0.4971028500085755 0.4964687944798634 0.5267480817521982 0.4986878353391555 0.5060962374212712 0.5474585520478127 0.5911418001290172 0.5788684125011936 0.638916204297594 0.6099630629333631 0.5660761717689722 0.5378244041855619 0.5470241403189151 0.5514566995356841 0.5928578637347302 0.5811643606077359 0.6033016185322195 0.5983529733210776 0.6113065065728064 0.5875415790518786 0.5828350594742602 0.5828755771748996 0.5606012699105622 0.5230685266849513
0.5171436669588388 0.5049628338725184 0.4778727501050329 0.5235851942756896 0.5079458923955298 0.5417140759890132 0.5039666106480466 0.5340370967084275 0.5340979929115282 0.494158630718754 0.5101959371498027 0.5067526572748302 0.5456698869831411 0.545405650826975 0.5489917272457491 0.5417944333843145 0.5474961774097935 0.51464075720148 0.5035831025985938 0.5186670498407514 0.4894525291760111 0.5351027201272552 0.5106825877527875 0.5301924363068322 0.5841799007716441 0.6204924472821387 0.6556021639486813 0.6497961502485513 0.6688561812482299 0.6105043405656957 0.6238164687895732 0.590231314740029 0.5733496419478754 0.576507044351719 0.5507032085234335 0.5664476221803572 0.560418739091153 0.6062220899253704 0.5999509762069483 0.5813517592270002 0.5889686050043932 0.5548431281621474 0.5538082611088941
0.5485292524293293 0.5465685907165426 0.5320900190795298 0.5320137769749023 0.5418462662985872 0.5443980621765748 0.5408098274842729 0.5278256429491905 0.5380925036673521 0.501383799484088 0.5192070892634277 0.5156605149481769 0.5082024337883206 0.5051089976133254 0.49719272740350323 0.5051761462310992 0.5442404378742056 0.559506694803058 0.5221856500094696 0.5565392848541031 0.5053244191554233 0.5661949511731964 0.5726170191894553 0.6046180102093515 0.6128828544071036 0.6633959231652826 0.6926150512076029 0.701147423255727 0.695565525455921 0.6718727114158544 0.6647683104160991 0.6004751793988412 0.569607532407788 0.5708401417784462 0.5674593330127957 0.5515647988745476 0.5784333442279572 0.5863014224788373 0.6332520405604132 0.6174763595072522 0.6108408286967398 0.5816641263922112 0.5077631954470316
0.5514148576357224 0.5628231292558099 0.5526047945961616 0.5115615180253043 0.5256498777013009 0.5847424109832369 0.5706900186948001 0.5508643813165679 0.5806507743053375 0.5332592389360699 0.5251906768456494 0.5067165754587996 0.5050602031809203 0.4968965244825027 0.5205282805003868 0.5313630646846047 0.5627245890808565 0.5459483330665914 0.5982508089010597 0.5846286727344703 0.5698457168790754 0.5615122331554389 0.6203275700927664 0.6326406480946564 0.6285031385264427 0.6734562307604451 0.6922936983305329 0.6862225543352476 0.7157799209346749 0.6980845138070458 0.6408475782656234 0.6077070797415877 0.5971966426659681 0.6101780635435605 0.5770965072909746 0.575749812174907 0.5977487906912449 0.6035271727362458 0.6035497824293171 0.6007416365829906 0.6140480410156985 0.5749505568193425 0.5335624392658853
0.5648733174366433 0.5468927216340703 0.5142679578562221 0.535853058322663 0.5667270922386279 0.5959362854495128 0.6276434941814232 0.6125805182110815 0.6046200969209106 0.5350512909491157 0.50682605738952 0.5296191831387617 0.5115106608380436 0.48709404035046155 0.5090410943790913 0.545000172230096 0.571098216746094 0.620262394289504 0.6350090345210813 0.6404679643944352 0.5895295926464056 0.608279436473376 0.6049317418411301 0.627453978196314 0.6672503743694183 0.701717098646033 0.707657653624701 0.6753793901553534 0.692116818028938 0.6504882483349885 0.6543366721155198 0.6235627274960249 0.6216622927611133 0.5922632840339059 0.583186438594335 0.5990499506061939 0.6090436900612695 0.6549397269105436 0.6599669019881634 0.6212302336153281 0.5835331406003149 0.5896943322058037 0.5494459587302677
