Raster_benchmarking/continuous/raster-198.asc
NCOLS 100
NROWS 100
XLLCORNER 1743158.7640966293
YLLCORNER 5469279.622783097
CELLSIZE 10
NODATA_VALUE -9999
[rows 57 to 75 of 100, columns 0 to 42 of 100]
0.05923032383019024 0.05491455356781794 0.08117311947885893 0.11663636019420359 0.1399182138748138 0.16900490856636738 0.1835434176802064 0.23106355043504107 0.26312299339325307 0.2870748627151557 0.2828513430691299 0.3004218473504515 0.2886228971151451 0.28825063725928296 0.30466501325898904 0.3092964881764915 0.3114672704920595 0.3648037915493604 0.36192043221622167 0.38358634273611153 0.38873147100413097 0.3924606636264116 0.37059504279748967 0.346600679548857 0.3815218849926496 0.39293329336002575 0.4131902339097786 0.44214575173601484 0.4374200573150047 0.41203914599731095 0.40385157467552946 0.42049946351383016 0.385524095530498 0.3904761792779428 0.41258218554167925 0.37876881028877485 0.40434245974107064 0.4662032038273545 0.4395512945205408 0.4439039589507001 0.46616038032874413 0.49582228484419444 0.47493720589119465
0.056521270742520426 0.06802199545652969 0.0750446874319186 0.11244668319512856 0.15194746999592218 0.17113240838988128 0.17689748357906881 0.22849237026415853 0.26168673796980907 0.2582822887058573 0.2736972538194088 0.2767161946319206 0.27466565499813744 0.2693627354203323 0.3067112265221674 0.3025432356637741 0.30263709071281725 0.3286970810084374 0.36603324846847163 0.3571283112460559 0.3645099442385305 0.3500560428173114 0.36260544355039454 0.37263788971096184 0.3738601827893921 0.38879664069323333 0.40975474387705335 0.4232339823473553 0.4360514994267336 0.4046859456580323 0.40091958534646543 0.393124631907566 0.38080494044281304 0.37194785285043075 0.39409590423393004 0.4019174175381974 0.4134459167841669 0.4527394927738417 0.4456938967963095 0.42349981253331 0.44808879041696315 0.4472419722896364 0.46791893381254185
0.04927782023213977 0.03456288281046375 0.08621702092802529 0.08890429334774971 0.12203792179256608 0.15869743487007756 0.19935953929537606 0.21189389324594418 0.23943776309556666 0.24945242773696305 0.24465192126423638 0.2808042672656858 0.27852051252535015 0.26892045035385564 0.2935679293891493 0.28762313347989193 0.28890045931261094 0.31526834084310096 0.33013118087256255 0.3603223909084329 0.351880125822471 0.32538883473612057 0.3232871447410165 0.34190885793519393 0.35805426700108256 0.4028283514587065 0.4137523859580103 0.4190873984966917 0.4342841642409726 0.42766232003079613 0.389101752890152 0.3820166156871858 0.3653511490105876 0.36986594501919823 0.34866679857928784 0.3651286431443982 0.3767024283470742 0.4096231263031121 0.3887187648031894 0.38754418446680994 0.4189764040586441 0.41956782644101204 0.4336292972737323
0.05551596691187704 0.07470220022985165 0.09649033346600015 0.11947241776934858 0.12167505218438132 0.14677457895610593 0.19765390723721904 0.19521529982018374 0.21351703703398872 0.2263318506717454 0.2412985337995178 0.251043723529141 0.2725846780665568 0.2652776871030027 0.27242210992132376 0.2774592727278755 0.2829564787840201 0.30070435799593725 0.3273695472823251 0.3491313071864863 0.3171168057722647 0.31228057040502927 0.3065765151340047 0.35260684596783404 0.36056284833848606 0.3718641775924313 0.3900868262084487 0.40758332417206544 0.4132416326486328 0.4349143386115151 0.4219169770059165 0.38255020838304454 0.3879425427050326 0.37432475712592167 0.3388046784410387 0.3592677870968157 0.36380444861756134 0.3814255051447144 0.3768581477992164 0.36377656200231845 0.3947131839699033 0.37169968212677995 0.3805585439798498
0.047413701801057175 0.07057280442721837 0.07895234374657781 0.11584582562569938 0.12160110260837755 0.15175543965636817 0.16617643752657726 0.19118903019322384 0.22967778264176011 0.23997069161131443 0.2620769597910856 0.27234090938848127 0.2504205967419353 0.22428918977907245 0.25203645024447846 0.27365273449022565 0.2845769199112821 0.31264934425030366 0.32043903235675103 0.33960684951881 0.3247167632245805 0.2963067378504689 0.330124696062902 0.32609844869791144 0.3587546192279276 0.34224090415264025 0.3498710996528831 0.36863837744626093 0.38086742084105846 0.41586443685798186 0.4206198335705905 0.4066309218699695 0.38859071735491135 0.35469479199073217 0.33954748253215755 0.3337176032345172 0.345110509311802 0.36200081198039097 0.37165624220063415 0.36323581523580567 0.3487653493438775 0.34243363124031756 0.3622266444450291
0.06469021633857161 0.06409765048614427 0.08711142261128856 0.10067767483576374 0.12604713194350797 0.13420282538681316 0.16928190702609136 0.20846909644701667 0.21845788861090737 0.22995457386090593 0.22918472798094086 0.2301835323602473 0.23497889667517566 0.252556173287305 0.2534530212686102 0.26122615084759493 0.2871618695545094 0.3116922258080769 0.3155829510653844 0.3424989018366894 0.32756632606853053 0.32965929155767715 0.3337942064590657 0.34952774563154176 0.36844171342707355 0.3689571940706296 0.3743162484641607 0.39212847887295144 0.4014611001697561 0.4063244292886195 0.38884501846823666 0.3774256066376636 0.35566062565309997 0.32457998081657446 0.3382742904871984 0.34381306939647976 0.33690246297206455 0.3726023641959843 0.3629630668352864 0.3402202082553536 0.3659766968539315 0.35025915353006287 0.3599260132356537
0.056994389331574406 0.06832567258043834 0.07603608296605305 0.09971115576663049 0.12287415220472407 0.14841531052479576 0.1492372873972956 0.18160385481152122 0.18251564942323797 0.20294206660012604 0.23255591546076584 0.21630273398815775 0.21055369353206543 0.23792955103180732 0.2568838320084683 0.28706186607199613 0.2967685966724527 0.31133489997541774 0.3180643194039161 0.3170799238219968 0.34909312153436484 0.35241650302303773 0.36597110543021566 0.3723240471296382 0.38465300278710995 0.39223419623549755 0.39227584235591545 0.41447203612835287 0.39642882043341787 0.38168310294199065 0.36829119595579835 0.3689708550409634 0.3429148699644057 0.3123162684711922 0.3301540113758367 0.3115761459932762 0.32181133147967567 0.3593986029275037 0.3684020718631569 0.34110726394521945 0.36624685618655867 0.3519222720004605 0.32299450997747836
0.05876334833574204 0.08974056431746677 0.09078447513889017 0.08981085246339728 0.11899767125793459 0.15010289402455398 0.16478901058396234 0.18620528228742125 0.19303308380688067 0.19667164192538028 0.21885096954350922 0.2236201325164124 0.21602005082422057 0.2451942386714238 0.25384681949673443 0.27993080271178095 0.2591284930694967 0.2520912554764301 0.2664270973704773 0.2911226263952819 0.32807176103681235 0.3378348658963617 0.36507859876802035 0.38900281167425105 0.3895624015449371 0.4036743257829974 0.40283274733396435 0.4065013849920593 0.39455286700187386 0.36872005134060887 0.36320373021526586 0.34963344915268524 0.3449969040307113 0.32470099429851257 0.28937702520636394 0.29437471343579613 0.30292523422667345 0.3080377671875195 0.34005219766960226 0.33556527712771633 0.3316802910452336 0.33080914567133557 0.2979116609517323
0.0626994173909242 0.09118292520403169 0.08745239840019643 0.12341891469454604 0.13497998528866276 0.16992254047608135 0.16554680598817328 0.14346959316068417 0.1678284074362369 0.17715863913268212 0.21541700658484736 0.2199499481854894 0.2276604378891318 0.26072232081769015 0.255733007402801 0.2793918761785819 0.24039673082679971 0.2245268132772842 0.2383582364783903 0.27543872252800156 0.29570294073410375 0.3337159039853498 0.376916155017453 0.3690843404466486 0.4006068171798887 0.4072021517250858 0.3932779787943658 0.3798361210221016 0.4029092391149625 0.4065300076342122 0.37003532201334655 0.3294579402400366 0.30739587509791255 0.3159184244290276 0.3150918646052201 0.2884641752925885 0.31145610367256926 0.30342920258627265 0.32406200981887895 0.33429365919514986 0.322497529033282 0.2995434356618289 0.2906689895450124
0.09607133849718587 0.10903702682325674 0.10552159820991812 0.12874133168994492 0.11599563557204297 0.14385482942751252 0.13811294792707804 0.14528735321161768 0.14045151164924413 0.17126432694652624 0.19179581604246387 0.24464080642877334 0.25255944385064766 0.2470289156826619 0.2525533527150157 0.24611527786534715 0.24723309900226906 0.2198839158777417 0.23554212318794202 0.27146118219040133 0.3085369979583808 0.3462565051888351 0.36412603788340886 0.3483768787946332 0.3692021718865897 0.38062814027985165 0.38400535602185404 0.40490368766409673 0.40193775319025343 0.3877895779410472 0.3580049037855019 0.33533187144417936 0.30781614955746683 0.29818707429093266 0.30092720268642154 0.2871369996680356 0.28043835583652876 0.29967721103389366 0.2977715831668657 0.30721103937322086 0.2847762171404036 0.2563175934873532 0.26732143604590186
0.10187828438249748 0.10221883280025444 0.11848953857186917 0.10909029800269149 0.11353310578492161 0.12607666128293185 0.14943523496074662 0.1417448595661578 0.17696305407425258 0.17735455625421784 0.18985344905391724 0.24607286532366368 0.247231666590314 0.2589945958830562 0.2320778498865138 0.22205065929861176 0.21488044364352446 0.20414884738523467 0.2453077290854311 0.28924369702379493 0.3235604446883567 0.34278043986610596 0.3408679518868525 0.3582826135683866 0.358797017661877 0.3798660503280321 0.36507497002451134 0.40164185640673505 0.3873400036561564 0.35180302798201984 0.3638955705982503 0.3318865029124606 0.3236988633229076 0.3026892464636848 0.2991588008346751 0.2649059930568613 0.2547789676674864 0.25694619609909103 0.2545926844961412 0.26509111520713163 0.24915411116139707 0.2313290336482389 0.23504070797085178
0.07915266961100022 0.08340259152343944 0.11286696389546719 0.1059646615031165 0.11174323665899892 0.1132842087732438 0.15098757930548629 0.16170132525812195 0.1891019491084301 0.18436710429221456 0.18935827477615708 0.22902377405975718 0.21459851582027398 0.25805992842157127 0.253677498809592 0.23076759427619029 0.21801667121485582 0.2067824167685842 0.24299172773408304 0.26614895124386106 0.3044496768219923 0.3333045037243171 0.33152888990464163 0.3308942932323004 0.36067991730284105 0.35923761675169963 0.3610144508870457 0.3658099998869108 0.3684075648002837 0.36238490129475176 0.346857564226541 0.34512076405236997 0.31552866310088634 0.28008725970675813 0.28166042477215064 0.25056343434208345 0.26130242913306084 0.25775130939704477 0.25333626793936664 0.2708768555450154 0.27106199521596946 0.24518881929300962 0.2176648361022591
0.08304296732095619 0.07320163652086024 0.10204742914183054 0.09683004202239173 0.13230757635809903 0.12919365407237013 0.15909415395848536 0.19925630717164278 0.21565492500128972 0.2169431975034346 0.1863137986576169 0.19316915446959299 0.19394450309272962 0.22739313219882337 0.21940828003642923 0.24633985966166608 0.19734423884292282 0.19053680283669733 0.22500392954140908 0.2580107748071241 0.26863454022488764 0.2902710270263224 0.3091881616275641 0.2980213873276019 0.3353668689488833 0.34233513080022704 0.33936783128402337 0.34144802745670005 0.3676308388319642 0.3655873727623893 0.347296113040808 0.3246378067713218 0.2779447463416405 0.2602474920932269 0.2450693642812482 0.2377833186946709 0.2306641476509227 0.21811923428675853 0.25204756745996243 0.2576476833184407 0.2317052894242712 0.2548169206935182 0.20854287285119807
0.12452178930237884 0.09566722200292323 0.12381192730875122 0.12963106411999722 0.14578513184256534 0.1429910224395175 0.168598751450246 0.1797640486063406 0.21135181295579608 0.20800718053568187 0.20569335285209928 0.20869600857753448 0.2118181235056466 0.19614247056230072 0.20520068172060646 0.21295445303389016 0.20561650899430672 0.19585913276085107 0.2199019426141688 0.2568158621915327 0.2747968482835807 0.2704993660577141 0.28395875746615146 0.28705541485400177 0.2976778689136619 0.3273528873982251 0.3421072168494176 0.343984584697968 0.3290266188768381 0.35686780799175644 0.3243165455925701 0.2867747905691151 0.2872192997130126 0.26135369302637385 0.22425798515252734 0.2366198578783587 0.21451825156165508 0.192728302984871 0.21613932300203925 0.21270780034185263 0.20548411419828194 0.2304415238549594 0.20746655913268502
0.13388139753561662 0.12034118260377917 0.1449930824500051 0.1628582816836006 0.16025674084101604 0.1486499946765467 0.17440277339121182 0.17875912465590788 0.17739452333473385 0.17331279143892994 0.16694633463457056 0.19191376645199895 0.17949586041370502 0.18293888861257687 0.18216113733713293 0.2171474298166242 0.21600454375607997 0.23478178816590628 0.22962417227951232 0.22377700457374514 0.2340996230058326 0.26379212977752337 0.2686746011945704 0.2852997419904754 0.2936259956517315 0.29550025896315796 0.32631816638436956 0.3237351407414077 0.30486657085510066 0.331169212162803 0.32028349118357174 0.2838646916446761 0.28130956122045164 0.263843680816254 0.22482014965409178 0.21096527174563529 0.2239751942403693 0.19690517858822584 0.1847327793992665 0.18720293389526438 0.1995024871123898 0.18571587210109447 0.17069611958096417
0.15011248601601387 0.12925838536968817 0.13835623804516314 0.13894841947354528 0.1312327188792286 0.1312660322982297 0.1675671908651255 0.18059190746514575 0.1558060640453197 0.15922544494369062 0.17472092559465094 0.1894797189778833 0.18574197487552568 0.19620454827438624 0.19627410511461474 0.22006031217360056 0.20453376743512014 0.23345088183888346 0.21644619871446505 0.23640109053053998 0.24220652836810896 0.24911683173887475 0.27846464110542074 0.31300487574237373 0.3086068692688829 0.3080148574636936 0.3005753657429912 0.2766601040735833 0.29136557809207486 0.3101730933111624 0.29299502317852955 0.25654282136529666 0.2485627299992831 0.2311885299785497 0.2322481179528313 0.222725806211075 0.20023620999549147 0.20332823091900817 0.21441348052080592 0.2206005358086713 0.20498972805411633 0.18944272473001758 0.18119625738633405
0.13004514565661487 0.16750801152426129 0.15562147237795393 0.11197934322409939 0.1193124459050661 0.15201038264939734 0.16156493236969646 0.14449783903866728 0.1199442604346833 0.12194851383485565 0.16288248532532656 0.18077667731536573 0.18732460251814811 0.19822119789026574 0.1748219557943134 0.19697129071352457 0.18933588150549446 0.21468359994629876 0.2133968860404431 0.2517810595913047 0.23329708978762248 0.2426743587901106 0.2553122019044091 0.3046140671158288 0.2898656975900574 0.3423850932355525 0.3112456961936591 0.2667067001213791 0.2763605387502005 0.25169147442904777 0.26530470719578153 0.26702530672207997 0.23896951841991346 0.21027696873949936 0.2111652411812882 0.18785896503884908 0.19905644099296832 0.2225980481971113 0.21140456858588788 0.212365923999375 0.17607584011288802 0.17216070600994385 0.16548444810974142
0.12142353417485825 0.12096043630268516 0.13603916711125066 0.11748704331544443 0.13893259097463914 0.13686314633871544 0.13045275362595918 0.10892619067847462 0.1066922520177501 0.12964882153257426 0.14074192959935583 0.14861242336528124 0.18485997151425262 0.19258115716784563 0.1686243784287099 0.15994221613003837 0.1813872242416973 0.20273353132788846 0.18780517929885782 0.2032284134615139 0.23674085912691897 0.25366680949030684 0.25956355757420424 0.2838164924246066 0.2776257746474163 0.30716213940528886 0.2926902322050883 0.24979995254660858 0.25076422572927237 0.23525028020927893 0.25263432980240147 0.2472542266135052 0.21380992787715664 0.196539725475336 0.18865003844877198 0.18810578419586138 0.19280107730468132 0.18486529099366955 0.19800051743833721 0.19513356680569288 0.18193309161087917 0.17782779342370866 0.15882178325235108
0.10094546983937082 0.11627445364022113 0.1145291242581339 0.09266237969224848 0.1229049769629266 0.12727236616742504 0.10077722632045855 0.10580934283646758 0.08934957118508713 0.09119019972112266 0.13445038078103225 0.12427184540748797 0.14479354459502866 0.16914790237965419 0.18714331278998486 0.15794119398071188 0.1442087054256422 0.15334029718351838 0.19416320124135983 0.1975769671597769 0.20750225335259972 0.24396133707641204 0.2608387069704944 0.26874353706494536 0.23692985312772194 0.2513460447688608 0.25265070190003436 0.23371203513743366 0.22368558276923828 0.20959765234644337 0.21912503095934666 0.21572133579902175 0.22183735171025 0.2039962247626782 0.19779489529906577 0.17046818459975477 0.1784347301685071 0.18139295874615877 0.17925377779689844 0.15239561583028313 0.17745184704797434 0.19073176773217765 0.16870981786905542
