Raster_benchmarking/continuous/raster-253.asc
NCOLS 100
NROWS 100
XLLCORNER 1743158.0697410873
YLLCORNER 5469284.340311062
CELLSIZE 10
NODATA_VALUE -9999
[rows 76 to 94 of 100, columns 43 to 85 of 100]
0.41186497960193186 0.44428650169007805 0.46860482172860235 0.48944363705201355 0.5016433013368452 0.493837281452342 0.5517193572553165 0.5427972987628429 0.5397109463556862 0.567284415573673 0.6033553206021983 0.6245987220640795 0.6641572577178634 0.6668042350494918 0.6454485166040485 0.6480925286312035 0.6607884720343145 0.6523904022390362 0.6945423415628859 0.6975454303439933 0.6817965917387339 0.7049399391791336 0.7016771456350466 0.7259416889477938 0.7241738930760241 0.7524361245031091 0.8111694955474653 0.8262693298754531 0.8500319736051886 0.8731663060416912 0.8671525137044732 0.877724259142378 0.8561472216232134 0.8057773464647435 0.7980461473617072 0.7767614123106128 0.7590111476680595 0.7495783011224624 0.7690043758152706 0.7670935097384332 0.7400703233956063 0.7257508715961453 0.66950321201473
0.4012847731924972 0.41744075316849993 0.3872580549694076 0.4301512318333314 0.46428951093554566 0.4990453608977757 0.5183336108008263 0.4897394304604488 0.501625355824919 0.5651641711319365 0.5868685741650199 0.6042605079419971 0.6448622180972429 0.6172558226062578 0.6254490382468367 0.6557023086035971 0.64006732738264 0.6559623865332481 0.6626352709803128 0.7001660249133288 0.6822106066545238 0.726452005212559 0.7241347736118363 0.7263705144081417 0.7548724614127459 0.7787279221538193 0.8343782061338081 0.8445008042720146 0.8558239954712367 0.8457625741066194 0.8616428526960322 0.8642833317831934 0.8297005801904932 0.8121626298692396 0.8267430889639011 0.7730003600406161 0.7507259965000196 0.7316103671919593 0.7637327094935158 0.7651930787063281 0.6993520950908375 0.6690483107849163 0.662823669568114
0.3865395713463913 0.4011591917242122 0.4007826862855131 0.39999772514920895 0.42571735645439834 0.4632864842806636 0.5015853688077105 0.4961325608177898 0.49902376094279677 0.5001135462396654 0.5238519003390085 0.5657045026938011 0.5867920374521056 0.6285806324592672 0.6499569842345636 0.6665014728819101 0.6803109777375981 0.6860706339578552 0.6943066313169486 0.7127603691757335 0.7161651702413819 0.7147446159399742 0.7366606908728547 0.742581813842391 0.7751971621487105 0.78722639330407 0.8549374421933849 0.8606529787020706 0.8351960713291662 0.8716200892145153 0.8427528684142103 0.8327500478748081 0.8552981784460696 0.8225310264298192 0.8186989707062342 0.7918404649556702 0.7522977187376654 0.7651487559799026 0.7704586055074651 0.7359638197389019 0.7019778221062941 0.6923513212884348 0.7097283181503558
0.34461381189755247 0.3664503351228693 0.3849123508148934 0.37291845361959725 0.39017085831746295 0.39671991518141586 0.4288277947434957 0.48792879567044084 0.4908187635545684 0.49550307432267443 0.49896028429109884 0.5679837232688834 0.5891604576471314 0.6236251742782852 0.6531650441866755 0.630036270740292 0.6617631387507309 0.6711552398854786 0.6799643593151302 0.6952196950927729 0.7476587452286083 0.725380853937284 0.7894865774292887 0.7468044167163885 0.8068198447478411 0.7972815722677541 0.8566965492750058 0.8466542360839896 0.8335247806242394 0.8602966603299339 0.8645665220347134 0.8444092151186455 0.8393020253736703 0.84971613520217 0.8841887594746475 0.8042964074514455 0.7722031380505922 0.7558355906366626 0.7118360737585857 0.7368585811898714 0.6859183404787739 0.702097394421595 0.7004190257049409
0.31512588902792443 0.340744356777432 0.3558006702938108 0.36597997042333347 0.3793785221522314 0.4028317433467043 0.41701200924175374 0.43044639183160205 0.45644688403328043 0.48818580906935366 0.48307809888341596 0.530991918270383 0.5767516200087942 0.5787851636431776 0.58648426072618 0.6163319922124446 0.6640522822705375 0.6756412149957888 0.6466115969901631 0.6817249634320056 0.7338996049397182 0.7223746981980934 0.7284978971939596 0.7468333016999211 0.7490966759513468 0.7781770704075339 0.8346651709713616 0.8278233749573377 0.8409909964597887 0.8489901799930931 0.8606021995373891 0.8236162294095052 0.8614273536454221 0.8627106253759705 0.8671532899947173 0.8038391560031388 0.7565773038851528 0.7377946352728775 0.7469594993107476 0.7107754681952263 0.6734039329689794 0.6569242485294019 0.6913718143285689
0.28013683095494735 0.30079840266657853 0.3268451205444987 0.371976102268766 0.38643175390797924 0.35411312320738386 0.36185017502735134 0.37836361447805095 0.4036505616461336 0.462324586264324 0.4887963669936128 0.525699836963069 0.5607266021285819 0.5687072001466681 0.6008417606889215 0.5994517462559839 0.6289417542117003 0.6212708178518442 0.6449758084001957 0.6870300946722028 0.7248407599639624 0.7130291338225604 0.7329528956046357 0.7351851103833541 0.7272897520325649 0.7883129964409331 0.7888383353756675 0.8033718878437307 0.7941165489813432 0.8254536338618005 0.8442091058534725 0.8390941178237622 0.8339251311741183 0.8414989004231312 0.84300281648385 0.8062346404772277 0.7654899893030139 0.7858070177402572 0.758599190694915 0.6998016532436186 0.6570718840593525 0.6693711000685463 0.6728219057567573
0.2689317749390022 0.31340932165476615 0.33751557612473876 0.3829385469598436 0.3903923491264921 0.3617012380291292 0.3467042531700345 0.37631783158418775 0.42055767008211664 0.46433704205706644 0.4706866286003015 0.5259355768240299 0.5518630925364879 0.5509405177673079 0.5948607831220295 0.618839220820349 0.6147313175378749 0.6053130223238546 0.6542199133074477 0.6877377183499997 0.7204889362023986 0.6862381678594468 0.6982076320548027 0.7168116654400648 0.7446511223197333 0.7543913752318787 0.7451313513865166 0.775457152997707 0.7814702524319547 0.8549730183497961 0.8576911879178555 0.818700088519994 0.8126340266123551 0.832481366050598 0.8242595427460835 0.7901568417635838 0.7740254594675334 0.7838685700271957 0.7695939093616564 0.7049421248651114 0.7002395106214024 0.6687705039145339 0.6710250119606673
0.3031066378937386 0.3136068157861187 0.3402374601972569 0.38072139310285663 0.40381571258227666 0.3824736378650088 0.35630664603357776 0.40351828183687327 0.4226451223294158 0.46385163258341366 0.49315930607932135 0.5153922878358709 0.5099403412143116 0.535459482655606 0.5460680314623197 0.5914802370960222 0.6169150576790327 0.6306147127202077 0.6141207702074087 0.6381513941966697 0.6811397522856761 0.6628090784480539 0.6796667799002645 0.6965094512828182 0.6840523599757481 0.7326573943278479 0.7440305010609143 0.7844903457036368 0.8016872860812272 0.8609510960499234 0.8761997653221744 0.8148755948877359 0.8194468473041625 0.8393409348041687 0.841782349162411 0.787759066770414 0.7769178608340497 0.7871372285223163 0.7685590143083607 0.7036551859904712 0.6927559087791809 0.6320058644967398 0.6118692654980045
0.32888228542798126 0.32963006091790964 0.3563509705339063 0.3797140421312632 0.39162803842197935 0.41111818184961224 0.3665752713543779 0.40137808945290754 0.44648413801111264 0.457874449106629 0.48264176495985 0.4919239693053452 0.5156055984306399 0.5180677155585078 0.5354213059698899 0.5615709160542085 0.5878172289268668 0.6152674629361224 0.5869088254896317 0.6046363585362629 0.6500963879819136 0.6380740745373041 0.6894142332359794 0.6964646362528177 0.68943956534517 0.7366503002448707 0.7781238005721622 0.7845780747130464 0.8017883677774702 0.8174173165426017 0.8313643496620073 0.8260537659739968 0.810491624965756 0.8096420391714318 0.7986688928696593 0.7810051378147204 0.7711567230146203 0.8081196437027252 0.7802367822609203 0.7222689528556696 0.6825866748440729 0.6587750791126779 0.6178914083510122
0.3420402724279686 0.3487088050792135 0.33314244121249076 0.39751906713700275 0.41874752358389095 0.405427228804514 0.3965225135964332 0.412889223387232 0.4354468393366715 0.4348685364749957 0.43177812704765284 0.46046157494642165 0.4551814949252061 0.48371209919022706 0.5248749837963339 0.5139275701000972 0.5582543218261558 0.563256847228524 0.5664731736748027 0.6246768015647663 0.6276480680888228 0.625510500272619 0.6399732222752278 0.6608733224139293 0.6818139272848434 0.7162915005436178 0.7434119011171307 0.7451358547025262 0.7641925201239607 0.7859146427343167 0.8052924872188143 0.780186264956127 0.7771496020947892 0.7874190092982485 0.760368185545061 0.7960579518265851 0.8147694680494008 0.7757176009509626 0.7713232550573971 0.7196800548350173 0.6540912520757435 0.6511662789063795 0.679810554612603
0.3159062709378714 0.37202847567507646 0.37901342487271605 0.37463408907723456 0.43115169998179065 0.4046405435378723 0.41840623241405267 0.44317684867583523 0.43190818474529236 0.437569015683371 0.46331884301346704 0.4737909315659404 0.4459963424450665 0.45903483670352074 0.4712077985803138 0.48155801340720905 0.49249820923688936 0.502663755234789 0.5399468387103942 0.6118873292995703 0.6076967905063719 0.6474200125144922 0.6671883115949286 0.6997489437727604 0.7304872876253522 0.7306779970946878 0.7725967087078163 0.7445337583235391 0.7428110588047487 0.7521369884543662 0.7643326114123778 0.739487158683129 0.7353305005699879 0.7685347902491731 0.7507076620975138 0.7711583140004329 0.7726953658524155 0.780634472622888 0.7722195630050674 0.7170096944408638 0.6880362311153504 0.6703489928013097 0.6825449523115221
0.3319815910647957 0.3915920615387582 0.3997055095542036 0.3963784787325159 0.4420111830712252 0.4317021782426702 0.40538572157146063 0.4495635736377339 0.4330567242123661 0.4584272780404982 0.479279306126422 0.4781124981882503 0.4711974732718655 0.48171273522140334 0.45281239415928853 0.4624926630924854 0.469154451594612 0.4618677021527655 0.5209861956814159 0.5959031178138523 0.6295092390463797 0.6619710960837469 0.6595024266972123 0.70295857940534 0.7117750402358045 0.7359084779669037 0.7830978299864341 0.763750827320875 0.7475200176469378 0.7359661379796563 0.7511023840064727 0.7251743111140249 0.7257433813541935 0.7450670269724579 0.7619113305137706 0.7600014629213826 0.7804389326061588 0.7512589749139278 0.7328438848871737 0.705581368266853 0.723260868621566 0.6775625224104033 0.6335912888497026
0.3541598406903443 0.3859153789292501 0.39938050610389697 0.3935400158420098 0.4230275988821021 0.4436435356872742 0.4276285510163549 0.4499901310664615 0.43508955141729316 0.45317435738715695 0.4687054033749095 0.5012553000352655 0.477280834835176 0.44985003295592496 0.460052330313405 0.4533234864801294 0.45304421214109647 0.4577323213833467 0.5102042061852472 0.5836385709291789 0.6361367939985045 0.6164809578337496 0.6786383223277997 0.6981198781323588 0.7213495251110514 0.7049102717264277 0.7255130243196857 0.7409138040734564 0.7578129619844075 0.7652221499073902 0.7654208509570286 0.726818471636694 0.7656591976492186 0.7557105371882074 0.7181209234400263 0.7499603290245133 0.760835079807754 0.7373695952983241 0.7226881474393524 0.7300502226889313 0.6912274583060688 0.6977673672014705 0.6849036050736584
0.36494014096228794 0.379867131341699 0.4011830258093838 0.3892348680249631 0.4033082287941189 0.41097699880334876 0.44605975962154987 0.44770207813812646 0.4353253057387747 0.42709941358348624 0.48855237561507325 0.4581893826516154 0.4868064703087476 0.45868587179942033 0.4253792812751215 0.45712613999537793 0.46214066830939815 0.47656437588717604 0.4794051549417471 0.5410524323550538 0.6117285089837687 0.622661670122818 0.6652637235719268 0.6736821333375762 0.7132313836105977 0.6876351544257153 0.7151985602010399 0.7252852607013351 0.7617387510297271 0.7601525993614304 0.7382453589407496 0.7101679481621025 0.7511045440962973 0.7275269021395218 0.7072698274635878 0.7431480839909138 0.7477354926578802 0.7345174834001645 0.7184163218891051 0.69304835088469 0.7147083550737962 0.6845120003599253 0.6608250274771075
0.420936723278919 0.40526172885861045 0.39137954072897435 0.37895346811303193 0.37223598770025296 0.4113183716181859 0.39113619835628266 0.39400255189723427 0.4200801967886599 0.42129517391067406 0.44701329925404537 0.4558596633093168 0.44701620476780424 0.44058292732298304 0.4298260569403982 0.4419035341285897 0.43819439548765693 0.4947862145527849 0.4814284570478304 0.5340572368595567 0.6090826581995045 0.6227763969676896 0.6754087918238894 0.6928523900419893 0.734399490497747 0.7048988824059519 0.7132290230889687 0.7524219957051607 0.7673931410758016 0.7687504984659816 0.7195101820142263 0.7238047207253152 0.7077462712482604 0.7192152784012757 0.6874674720661061 0.7095134741369388 0.7037576561731786 0.7310719435761921 0.698858397436297 0.678848673064115 0.6936539438660188 0.6632492619771274 0.6446966067749482
0.43523059043706724 0.4128879193024549 0.39569622317523306 0.38595473409952635 0.35928630794097477 0.39746829644466286 0.3692111055398977 0.41548202944365575 0.4182096207536798 0.43612683321099754 0.4253028820904131 0.4578166665718139 0.49196245679159073 0.45491769917763336 0.44470773185473417 0.4263149139423547 0.4474184983033231 0.4619468088905136 0.4938899452191699 0.5430181814356639 0.5875441789541535 0.6032844128369317 0.6646706286333732 0.6844900766629164 0.7275742029218472 0.7029052398873499 0.7615758411658493 0.7592571181762405 0.7736785477583593 0.7696767048854011 0.7235115850228124 0.7254704953829486 0.7039768696741674 0.7022474816662184 0.7034425941403195 0.7058793269861158 0.727401296400194 0.6932189759467386 0.669694082841311 0.6701870096455821 0.6677016903795432 0.6596372297302832 0.6769196633346418
0.44746419266562687 0.4068435278886282 0.41961375781790533 0.4130866993958054 0.36400708991974945 0.3876126412963275 0.4016141343593936 0.41852718836083647 0.41731769446959915 0.39386599046995424 0.43274725154786065 0.4439740068101848 0.4692600596273566 0.4660788419010568 0.4393249481993353 0.4467708051031012 0.45912605755207775 0.5142394114281625 0.49958789907774515 0.5723930896829453 0.5705513194002226 0.629056735642354 0.632267899060252 0.652977782840612 0.692100481973796 0.7132752707310026 0.7051355741092541 0.7169928772225517 0.744717587827262 0.7288195825100562 0.7414385667095906 0.7184680941023681 0.7012628778866585 0.6994359217877155 0.6716133011088233 0.672150519433733 0.6621040955481227 0.6681124486784209 0.679587114300717 0.643029656318307 0.6684331966258158 0.6262437916402797 0.6428628862293914
0.4628172464898866 0.44553799026132945 0.41683437268828494 0.388104054748357 0.38314586688302515 0.3885499074784163 0.42458193439833086 0.4243009316163 0.4037522156460373 0.39223342634616165 0.41754136261394403 0.4512652431179913 0.4372642765340892 0.4860332162044172 0.4835429804046225 0.4806638020031309 0.502663093136302 0.4967745354192835 0.5155595881787836 0.5628685333634502 0.5942397819726312 0.5933768985931855 0.610278035673144 0.598697014552771 0.6113513351465861 0.6357660161659016 0.691455861792225 0.7023924708290686 0.7269928721539496 0.7124239776288811 0.7578322517477849 0.741502877458521 0.7242115682960512 0.6768765625194578 0.6610863420993974 0.6921201234394219 0.6744548954501624 0.6755507874867132 0.6551407910489155 0.6146205995643065 0.6511092025628359 0.6151586933454081 0.5846148898714787
0.46176820308943134 0.48358240893574816 0.4507987902074405 0.4322640685169619 0.4062226568214528 0.4167465989352039 0.39965778559696974 0.4247591768525221 0.4549478706467252 0.4431934667538658 0.43025097265457807 0.4419861963944003 0.4597897281231927 0.46693449964132777 0.48758270303275675 0.48589872459694433 0.5228887778824219 0.5418476884609846 0.5387816126525443 0.5487421722606917 0.5472697950437088 0.5761367084416119 0.5636497136717221 0.5644300833067502 0.600141346357752 0.6264985765851852 0.6623530935634151 0.6919558858145766 0.6940124475680381 0.6975465816274723 0.70318181567881 0.7157489911915724 0.7389638330964321 0.7178104239320104 0.691162560924674 0.6902458694940539 0.6509120724187706 0.6716330460861433 0.6240523157428217 0.6092899168942212 0.6469972278416015 0.6236669941768156 0.5731271733426736
