Raster_benchmarking/continuous/raster-234.asc
NCOLS 100
NROWS 100
XLLCORNER 1743149.252892852
YLLCORNER 5469281.99300558
CELLSIZE 10
NODATA_VALUE -9999
[rows 0 to 18 of 100, columns 43 to 85 of 100]
0.3639541251871229 0.3600429338408097 0.3780144816488367 0.44166124189711164 0.4436451337877776 0.460924244019158 0.42709026750514384 0.37062480433357675 0.36288722129574724 0.3330536336528933 0.3209155565072929 0.3630746739834253 0.3305923324161978 0.33650256349372687 0.2989323646143006 0.3144032708711286 0.34696122936337004 0.37662540588254634 0.4473075825148764 0.4352692997349267 0.47105256162091413 0.5062964784168603 0.4842189461744775 0.4622042925458003 0.4622215405907405 0.4598400865115679 0.4266457393246329 0.43073295552756735 0.39845506898193905 0.3765186546757791 0.29970165749372407 0.22972787169524092 0.23650088426204866 0.2108445666446219 0.1950011065248894 0.2134297473710938 0.2133354756742054 0.1899439406781645 0.1879917739696445 0.1763322157015068 0.19169485815766873 0.1810025832405786 0.24193104430634363
0.34565390362223286 0.37918554583219566 0.407584966625467 0.45672997266465465 0.43404281824222984 0.44653240539199024 0.41614244150051516 0.3748060075609538 0.3418199910746946 0.3577946732005948 0.34712969008450695 0.3479492577382005 0.33003506750220946 0.31246045298060415 0.3048060020483705 0.358122322733887 0.35325073049957056 0.40978077334954915 0.41449661421247924 0.4495403004161702 0.4675425703522163 0.5005666719301464 0.46383028081648203 0.48638507795163793 0.5016563640316096 0.4552281276547884 0.4468004503365948 0.4494968714086798 0.3945649720333359 0.3628297651689424 0.28404562538788725 0.24456946689499168 0.24118465558588198 0.19946027715238412 0.16432786736463514 0.153550275661279 0.18033532196626367 0.20775788363952732 0.16705960917324572 0.19175428412507678 0.19221782269529078 0.17358141762360974 0.2383211291463256
0.3742064414768112 0.38844917654398575 0.45287481458752116 0.45371568727463985 0.44462435979049914 0.4245797189060711 0.42972451019638547 0.3963958715612248 0.37168640890187704 0.3714397834503618 0.3538941595929374 0.3648274614014393 0.3487386509976651 0.33258935366450615 0.3478062694621062 0.34976577071853016 0.33766339349900554 0.372103136517477 0.4066252529320644 0.4230063763824289 0.48942164671328675 0.47220090257270314 0.4702391564291066 0.5030375026069712 0.5029422770058614 0.48149274192276936 0.5087693756460058 0.47249059132543547 0.42023961581294283 0.35879499949005766 0.2910254404706004 0.2218167671419071 0.20226485259309196 0.20981532056241775 0.17280909508783673 0.17209410677287926 0.13649114122823403 0.15127656688833838 0.17901685208547943 0.17638988392597926 0.14504896138148293 0.15093961114850485 0.20808591028622322
0.3578785712348711 0.3861295276047792 0.4239782592684293 0.4107208744975075 0.3805783155160625 0.4078476160623697 0.4065331436749205 0.3678634730962856 0.3965619643153705 0.3596761390481424 0.3474228749464999 0.35882320111634924 0.3928630631393898 0.3672500106531024 0.3654188658873208 0.3542911341590023 0.4054786842706237 0.4186793374420752 0.41789041399083376 0.4338060277873309 0.47308591033922864 0.456683816914941 0.4319636393419168 0.46321871242235957 0.5201729536313169 0.5294273970308324 0.5178144382876892 0.4505361682255454 0.4094622466761851 0.333204134710757 0.2883914860743081 0.26061024458796994 0.2597741879436434 0.22199586732921223 0.14759555468777955 0.14561528331961918 0.13581948037040997 0.14795934516754294 0.18365043943837822 0.15829308895531294 0.16086961131760524 0.15663602925100464 0.16863199562225292
0.41271165401526466 0.3620708625144207 0.35451599528231154 0.4011640386839274 0.35934291019140885 0.3863472927461419 0.3678604485686777 0.4039193362086412 0.41589194397622725 0.3902579605482846 0.34816697209168057 0.35560388184625963 0.3926383155237766 0.37333415645406853 0.3819776070132842 0.3867017974110604 0.43529496236840415 0.4577285323030926 0.42139836218390136 0.46125218807302887 0.4522720437938814 0.45266662648689 0.4149127228611949 0.48077442061133635 0.4904760444630547 0.49777919221273015 0.5069161457203144 0.48548154819878864 0.4209296771406197 0.365136851549898 0.30936098992654915 0.305114683470777 0.26003476530341557 0.20892728304284552 0.154630680745449 0.1592500888202159 0.15830643587159707 0.16253397103782818 0.15996524242932728 0.15896702265213888 0.14149069600442382 0.15331173411339163 0.17034190524856646
0.40248378265953627 0.35697989501805083 0.3858672255372608 0.3763171607503518 0.38184216439560775 0.34387897913935334 0.38399294264073336 0.389696652770558 0.3788881449846049 0.37485999848843254 0.38541225441071286 0.35861776980075954 0.3878709949058158 0.37162244068017486 0.40029820656994547 0.4007149114860829 0.44873430460572206 0.4506830341469805 0.4418341170173706 0.4248049555673721 0.45077833560382724 0.40634573307800975 0.4003653174425728 0.48206744000852214 0.4724874072840459 0.5074832611758695 0.4814044389167724 0.45649351966188434 0.38556869657732495 0.36495106274233835 0.33751396568811226 0.3133794697840171 0.29353037830038237 0.26514404873442937 0.18671050285768617 0.2005246437443129 0.1855724042537681 0.18422673666807934 0.1708652933725948 0.1947971042618696 0.14923440460258594 0.1666589785144488 0.17657103621987588
0.37556913934159764 0.36929069252131247 0.37498938649153013 0.36499323576546455 0.35746636341996635 0.3625825169480223 0.341547551289366 0.357328751202665 0.37768433263463497 0.3557236012983846 0.3688776802978276 0.36064207826521194 0.3321102725982707 0.34761709227553245 0.3691733067546441 0.4087311443307512 0.4620403912215739 0.4245360070918966 0.4485862548429272 0.4411307924764333 0.4414995358516973 0.4207326088682508 0.40725350278347455 0.4337036581280235 0.5043125476102696 0.47821619473457483 0.49827605433721067 0.48447158547895264 0.40576731058826465 0.34716280575587527 0.3253699441829621 0.32327983261552845 0.3301804244519474 0.2660972310346098 0.20945563788474428 0.2240292458360779 0.1663819924767291 0.18285484358077575 0.1950830486801463 0.20039929687035898 0.19311239721030407 0.1696203122879442 0.10347735936843226
0.31434297625040997 0.3448679559686841 0.3541231718897486 0.33432043090761676 0.3445598523392288 0.3506148011574883 0.35211682387932636 0.37035132184847225 0.3723387451466787 0.37206072620413266 0.3346196986217302 0.3517059183605477 0.32457214922156113 0.3634402400451018 0.3664079068279597 0.395724271708882 0.4362478423168033 0.4418204756648711 0.41498282586486035 0.4061167318022843 0.4075230333888794 0.4117397032600864 0.45311202702543474 0.4463903950689988 0.46789110141685125 0.46681854807514794 0.49607169259534484 0.47572260710181424 0.39668392249503553 0.38902928728632774 0.3630113566729182 0.3220561405346845 0.29833103635837505 0.257350653069224 0.2205537781329044 0.24147744407838465 0.20893866875985537 0.20786789223599733 0.1752968655128365 0.1791135072801512 0.15832101805648577 0.12486631852753553 0.1088845096947563
0.3246134685417995 0.351054853027708 0.3479801963275579 0.3253994257053494 0.2956912965481878 0.3290300642596107 0.33469625496471644 0.3344123373212679 0.3592336986738659 0.3419723016745999 0.29800124660118255 0.3356066042937324 0.31182202989406016 0.35889236402350744 0.3457276279346776 0.40624713012572905 0.4363578897908493 0.4388581255792986 0.3912066057566749 0.3630122526928025 0.4078041821165418 0.413098576597029 0.43032396775523096 0.42553992451254335 0.45763129148217546 0.45182249425019494 0.47408400669853384 0.45896069318805055 0.42658377722368807 0.39593432135885703 0.33420834190946247 0.34444474358229143 0.34645848250476774 0.30175820821577426 0.2455429076821853 0.24767246097542656 0.2573183485088464 0.19452361810904711 0.15455313578949545 0.1666839397414465 0.13628677124257527 0.13267854596677311 0.10752943028210703
0.3071527988677591 0.3233881673685356 0.3541906375091818 0.3262253534936845 0.3090788129654229 0.31779705565138183 0.29242018391464564 0.3235940743992854 0.3302803696138274 0.3299025051434517 0.33138983924648785 0.3123275507869648 0.31937205867941204 0.35895506795153753 0.37994070068277547 0.4023743458383971 0.38841407503157777 0.40627287699188075 0.41146521617875487 0.36155207262234373 0.3807064573283961 0.39201043551735093 0.38264071324928345 0.3822261944043074 0.4067278863390929 0.45420514735546796 0.4671651357172178 0.4673320391866895 0.4547680717658776 0.4228277906712592 0.36728177950310464 0.38285009349804866 0.3771795744854778 0.31497579907257095 0.30452369833914655 0.2935918617101932 0.28233405610349493 0.23094022737457479 0.1610969890587813 0.15473519753821438 0.16441661413229364 0.14534248626151847 0.15822453412915394
0.25531175722939775 0.28907752636247186 0.3194254042964191 0.3240738072928768 0.294797798029805 0.28768569634549646 0.2387283033910089 0.27814325751779556 0.26712562088356356 0.26517360385186184 0.3060413081320126 0.322211598005277 0.34626499940841415 0.33458980594423404 0.36698920564422477 0.3780872348817847 0.38745612444623984 0.37617461759642346 0.3758584973952894 0.3446110036921479 0.3820526659021389 0.3671725195153294 0.3342858983736449 0.39435899141813185 0.4164113265408348 0.4322578635532579 0.4185914558254791 0.4513775080528026 0.4545530805605814 0.42987027155982294 0.42524880228001516 0.40918294963706114 0.3562067932370757 0.3308903484686706 0.31398308374151374 0.3104251173244991 0.25692572156420124 0.20529948938189976 0.18353841974153523 0.22172419297959114 0.22157942091854757 0.17793691346506105 0.2097328804349931
0.24338768598828137 0.24373564052710123 0.2612155642780077 0.24842252506078022 0.2605118673560107 0.24881217267659983 0.2556612251857621 0.27357996136689244 0.24769971693375495 0.2617049143960825 0.26991260767970326 0.3274588208455331 0.30499381857642294 0.3431412287383114 0.34672632095055367 0.37980653099694145 0.3944439360918526 0.38818593768891524 0.38063214371228365 0.36801114083359837 0.3561501254152665 0.3492965959799806 0.387168998823501 0.40901161848774553 0.386824904914729 0.4116608756108202 0.4116103154095937 0.39452413316279933 0.41248837134791694 0.4196317940808723 0.40089344655668857 0.38697144113286347 0.34954972153252906 0.320514242857325 0.3277030632452078 0.29031472543214265 0.29514832274201086 0.24899130782310108 0.2260488487032673 0.25420972857806373 0.25584803037102205 0.23179266020653538 0.21751310623646447
0.2511087083984696 0.27129320208978913 0.2362327684594487 0.25230783579447985 0.19732564172797126 0.2169953274087978 0.26298423660280357 0.2776857910541633 0.24628395135355918 0.2519392554891401 0.29229386142539737 0.2962189108833021 0.2977270527761972 0.3028090603200315 0.3320931915706494 0.36268149787984316 0.3526278812377541 0.36720078584527155 0.36716979198410193 0.3565841020594496 0.3935582011417335 0.3998947267398229 0.3811522150431313 0.39042355876180995 0.39941694028602204 0.4146281907833114 0.3892063456306896 0.38517890858758863 0.4030584437097035 0.38436057824483505 0.4240482035623471 0.40224036260325735 0.3495437000846042 0.31910502423059245 0.3080552317150045 0.32844887897929 0.34478971317486035 0.28394183917890015 0.29692339221398745 0.2711205657285139 0.21948078357958004 0.1999456980866217 0.183848591977128
0.26032790705548603 0.25819370601009084 0.24484931672217947 0.2386905415681274 0.2346147988258786 0.20714198159848268 0.19957103250656147 0.2293946273306832 0.2472234633169465 0.2695998136990101 0.280059131540014 0.32066203956160577 0.30774992181081773 0.32757709514780964 0.3400404723075905 0.30545402534559835 0.33080785215424396 0.314559763574875 0.3156704323629614 0.3597594125924325 0.3843732887302567 0.3953754203530078 0.4097368820662347 0.41917161240245226 0.39437141251364244 0.40978010408336457 0.3753675159975236 0.3893188513106703 0.3764897016306661 0.4022072438335405 0.3969339167384982 0.33558791106370633 0.33370847646085544 0.347002020610196 0.3635864545586896 0.3670719584267297 0.3367703723595188 0.32520666576811436 0.2710136856228602 0.23631702363288268 0.22363292744338886 0.1987694133545812 0.1704218037471648
0.21624137196109994 0.23086627199751905 0.22559109245369266 0.22550232116109975 0.19808875149325791 0.1953987471276919 0.1872719542722483 0.22726034334383932 0.19262959085409667 0.23837342535312908 0.3010328854895878 0.28502924127759083 0.3180720947381256 0.3047430944691629 0.2830084581336839 0.29423979637741277 0.2901948463399996 0.317012861363506 0.3014007306701958 0.3335708941577884 0.37290078907808927 0.4037598254043768 0.4097876876385768 0.41269676661178806 0.4235259069608795 0.4237485942083729 0.40061238034780833 0.3481136283828841 0.34450195710216686 0.35906334258644335 0.3236688270779231 0.3540089269362718 0.36083313661733535 0.3889180235081463 0.418049039558671 0.39102738853798835 0.36589528987077286 0.3163821302361693 0.29772657507550443 0.2828137983272791 0.23903443758494836 0.22237776406505103 0.21031170140943659
0.23593452739383614 0.2324991936119677 0.25239315117853633 0.2514007459245729 0.2538070768547006 0.23545658439076705 0.20299176966322718 0.19730630663271734 0.21218045095612045 0.2213236337491441 0.23468089751763724 0.26700830655598407 0.3108666234591188 0.3306202069066623 0.3446004704377316 0.3236669788342708 0.3160895156173261 0.3261035709422859 0.3329991861823615 0.39687568811877544 0.41178761903415184 0.41304217330739307 0.38795929099352516 0.393327694445064 0.3939042760854264 0.3798308851046389 0.3806421482909535 0.36036679781505776 0.3536144611254864 0.3444405515778465 0.38153080609672957 0.3769621177872935 0.3857576926856855 0.371427247309478 0.3980340280806158 0.37347788709090934 0.34062015952983343 0.31485236625502516 0.31560482019060965 0.2723171847825702 0.22561688343758338 0.18813878276765866 0.2032259716829869
0.3194027103821162 0.30139405939762126 0.25648190221822403 0.25585624300092674 0.28785966970724786 0.2823532144294043 0.2614600652896203 0.2366041999486697 0.2268862733490794 0.23892672236157467 0.25055867401280835 0.2809141359440486 0.30723607687489995 0.3369525853513846 0.3550287897443643 0.348290563246252 0.3861677949781661 0.3381233607913485 0.37535106464132467 0.383670688294096 0.4271117603706112 0.4330836661252103 0.36223650301544086 0.3775275697001757 0.40240063117248237 0.39938709382411064 0.36237715032005785 0.3895368122643857 0.3820267205184918 0.40109049778256695 0.3919189429596578 0.3757117913421309 0.33791225167763583 0.33978567609044363 0.377319244731412 0.34006952087070275 0.2777119229447034 0.2743624132482292 0.286752941171342 0.25629952278246443 0.2164024645436121 0.20256374889364148 0.17489216195723892
0.3145606026505352 0.30754440727696475 0.300538798718327 0.3196823973837366 0.3189098741380816 0.28615348377590744 0.2881122144320622 0.24352839210900318 0.24317703712071 0.22075690477032675 0.23219461350252593 0.2553757679442767 0.30509595391169164 0.3503058216567663 0.3672575162973879 0.38934651942305715 0.373118433233391 0.3689457028967483 0.37820256394792107 0.381786566500408 0.41889533808148427 0.42424725711059696 0.38362907463816315 0.38892536916845233 0.4318415823886706 0.42852234498518715 0.403362195117248 0.4261224996077335 0.415349488782088 0.38129182091427677 0.38792709952275045 0.38871628381960327 0.3781062540610529 0.36762645195996374 0.32844072335949154 0.29331244638546855 0.3065446636035429 0.2875200162856429 0.24924504373612683 0.287140319282023 0.2390741347631007 0.21968600260630725 0.20989635159541853
0.2575860134624779 0.31797604639526034 0.34119644661221576 0.3360796655424646 0.3075744797930958 0.25718663397023783 0.2607009628080102 0.22216991796735688 0.208480879071666 0.22514003750077102 0.2663190790806641 0.28353410330442225 0.3050329960465091 0.35261826691368436 0.3635591169050245 0.37132172557140536 0.3467094063973108 0.35071817093780727 0.4130007146386078 0.42758018432132044 0.41691719111031683 0.40465669012571215 0.3883039419796605 0.37944654197414224 0.39740827194711764 0.4564059062237167 0.4426433030950399 0.4472031301580495 0.40982381795331685 0.3980362785130009 0.36169564840747537 0.39041533606966555 0.34868954275836045 0.32244228025978994 0.3334095454453851 0.32504487542463767 0.28398186654745466 0.26707431897680145 0.25224490057899884 0.28515133809396576 0.2878923943081088 0.28028572479210134 0.22806976141498242
