Raster_benchmarking/continuous/raster-332.asc
NCOLS 100
NROWS 100
XLLCORNER 1743155.912990131
YLLCORNER 5469291.168941071
CELLSIZE 10
NODATA_VALUE -9999
[rows 19 to 37 of 100, columns 43 to 85 of 100]
0.7868635010762214 0.7575740508686347 0.7059141400596084 0.6994930285880434 0.6852343434451094 0.7015707353084754 0.6465102672741344 0.6403342112793661 0.605882229652503 0.6286961377931918 0.6683709764369229 0.6209732831669122 0.6171912464822579 0.6489388234780468 0.6611085552032251 0.6973715008069603 0.7540024754691772 0.6933214293503738 0.6552592715506652 0.6552246981768421 0.5809410788283937 0.6730427643974922 0.675300793083975 0.6923790746031607 0.7113788950382683 0.6923372361274841 0.7228513934258813 0.6738951226814474 0.7129089772417607 0.654381455362239 0.611356667549067 0.6604930419367702 0.6062684313826332 0.5918125694167495 0.5936647797675717 0.5965305410454547 0.5937358440239889 0.5742378542362528 0.581591535865816 0.6056278680924262 0.5921965676387847 0.6126660088385343 0.6581424700401742
0.7502746320165269 0.7438758890143481 0.7665433984385509 0.7412427388391346 0.7197184044822394 0.7160045568770369 0.6786294293251913 0.6595734743445659 0.6722132613858306 0.6679732749374544 0.66916067409235 0.6292674239960095 0.5960178046976871 0.6242054450608673 0.6937263681367088 0.7177297443639359 0.7291172355864772 0.698648419722222 0.6462295832901468 0.6671902592503093 0.6427744438692987 0.6808848946516118 0.6662209630923794 0.7139962378623301 0.7403851502530263 0.7275012714743642 0.7230858859756947 0.6796590751809011 0.6508045114080371 0.6600965626532959 0.6571395522204699 0.6092234184944089 0.5958931744210175 0.6051831097594113 0.6391849981329039 0.654884776270241 0.6117912410238835 0.6304522467208348 0.6141393542731931 0.5868661399153516 0.6014199219069793 0.5951991082041818 0.5936889550254268
0.7717509040551811 0.7863580307728276 0.7657686436167241 0.7909790122846975 0.7692718773798881 0.7447684916723112 0.7326449088385157 0.6846863943811183 0.7053778777213079 0.6513469628462912 0.6195317901017967 0.6537432999640237 0.6493803310289271 0.6311431910785822 0.6453594558147144 0.695177571728039 0.7013674785204647 0.6981002516432596 0.6752491290357425 0.6990313963953205 0.749353943588035 0.7066328857824199 0.7340656656515488 0.741603621454749 0.7806761017362285 0.7182498887747695 0.7302526260958313 0.6594457323283702 0.6375371772550533 0.6204424831047842 0.6171973175996336 0.6331632143017863 0.5771270933444278 0.5870401233294366 0.5941900765969699 0.6129294543107775 0.6993709786955165 0.6702638956047763 0.6939851275224954 0.6227625196145843 0.61683113910726 0.5859103270695522 0.6123113826006742
0.8349469531405053 0.7804435171727423 0.7761009169377829 0.7895161588440843 0.8014279667481136 0.7432360649079837 0.7573776453056527 0.7022110147419645 0.675470667673824 0.6518095616830297 0.6441018974207855 0.6312590041871995 0.6839774537222344 0.6928263759257208 0.6748485706504264 0.6917471627371096 0.6972682793275551 0.7080166497602404 0.718009562196935 0.7833648915661078 0.7454004864880015 0.7627135647430415 0.7566123913982222 0.7981647769127699 0.8090305792309741 0.7633608644716247 0.7010653388799203 0.659200902946554 0.6515285144594305 0.6734574125193974 0.6448208159113418 0.6305424120371843 0.6211262597137982 0.6055278255865157 0.6451362406585137 0.6329255243468861 0.6805691469365956 0.7438878491876267 0.7181447055186856 0.6896895172354761 0.6303952178848073 0.6212315093151417 0.6273870127339848
0.839185488131436 0.7943054479843583 0.8543806000354186 0.7854558905876832 0.7949740428375607 0.7832790154259833 0.7411571650097808 0.7131157570143638 0.688737997534505 0.6721421434790003 0.7020492984065363 0.7043796765642882 0.6666426862483603 0.6736271464575819 0.6796265010778971 0.7013263135872054 0.7268477942481488 0.7733293903210418 0.7829587443953616 0.7810889745620468 0.8264511198356391 0.8321756386241275 0.847563428408584 0.7938099078844165 0.7587844643905903 0.7107586709943761 0.6966419849697147 0.6734081635114851 0.6715416901929833 0.6952955686122125 0.6290497893708477 0.6434690394404428 0.6591693388521188 0.687325228994684 0.6669810339970628 0.6524447857009591 0.7039493881751101 0.7036029912596246 0.7561736927073913 0.7409463914012238 0.7049427077930674 0.6698797430331344 0.6515799117405732
0.8303570516598727 0.8221841627568927 0.7925357979486515 0.825282298147183 0.7765606340079231 0.7842684508284162 0.6955161184762672 0.6738641623269797 0.6705989526508964 0.686996128987435 0.7364976349178217 0.6986710442925962 0.7417977956020824 0.7210825216794057 0.7533312495963999 0.779493651092954 0.783752771066828 0.7805432066206149 0.8037809021662763 0.8246610983848789 0.8500872682480104 0.8629641524240038 0.8713869450350661 0.8155208133699593 0.7638571227974494 0.7537158802914596 0.7494094151302165 0.6829913558795674 0.6847996023371752 0.693146667953038 0.7206518455168217 0.7156783497107299 0.7163325692235788 0.6780135907179078 0.6954774020788411 0.7164767937175269 0.6805018560485485 0.6831837444232697 0.6914562408452687 0.6940881458698391 0.6592598004932533 0.6631941078055847 0.7012455236145387
0.8662759589717859 0.8101242640640014 0.7978414519268032 0.8001510176762838 0.7958421373950532 0.7297071272745582 0.7094049700631008 0.6713141426264527 0.651427667875373 0.696020481359323 0.7459468193580544 0.766969802333563 0.811835318939417 0.7553789375370242 0.771385214193533 0.7870004600832999 0.8120112751876156 0.7750497431529759 0.8255619660748911 0.8196707634433033 0.8891561150146594 0.8542970183898421 0.8511311974739875 0.788200281699265 0.7472511258646981 0.7668546860039004 0.7489493487528174 0.7336087545350146 0.7499463873196137 0.7378365908576695 0.7871558053811055 0.7602543430900212 0.6908635870177388 0.7385373122380214 0.7204789857218277 0.7189525227583415 0.6920201480571956 0.6611632138553171 0.6868948551215617 0.6981143070674286 0.6967922142870665 0.6647983200025704 0.6972163459463583
0.820895356288427 0.8172784328830854 0.8140623200094003 0.8073174193779994 0.7614743308180774 0.7271399242788775 0.7121325089814275 0.6530120593341363 0.7006256236951808 0.7430426737458715 0.7926910309408337 0.7843698687168726 0.8320713699441866 0.7969660673561774 0.8045755693476833 0.8199193879354344 0.7729980519877441 0.7996030858483593 0.822782919394343 0.8133792628414608 0.8721998739752711 0.8368187924943753 0.8482900705246434 0.8556317258420844 0.828664876281905 0.7827072738915938 0.7700243195253653 0.8232763990009221 0.8266008138681628 0.820412484484795 0.7598779519319386 0.7377908643479074 0.7561477590868192 0.7519603336506995 0.7007642818393113 0.7173801364676925 0.6974922396733957 0.6669681483393669 0.6653884997700751 0.7091906822956271 0.6971341831951741 0.6751917072304104 0.6904333578320584
0.7941123687006695 0.7716320855143699 0.7864590507393798 0.7552004883477929 0.7744991849301828 0.7605679645350301 0.7033734318888762 0.6942286840261898 0.680424525516723 0.7689419282327306 0.7646798423648741 0.8440604554380846 0.8864927024286232 0.8160950999159744 0.8294501746495426 0.8117222001330967 0.7349020109190536 0.7582354119686763 0.7930201000419463 0.8381214428885723 0.8448334236779407 0.8468022509462931 0.864411739205648 0.8618838615212733 0.8220775431064372 0.8364503229972374 0.8193811610740399 0.838707972863719 0.8902423082595512 0.8479785688799876 0.8206600827968044 0.7751829047347175 0.7792146818741583 0.7201739418488 0.7504120527709542 0.6846402689122569 0.6367788260881614 0.6622575946435317 0.7039715509771186 0.6791204397530077 0.6376508619751059 0.690988302257067 0.7241736131926136
0.7958741699059323 0.8032678670881352 0.7702573501937358 0.7674654171381319 0.7830343852029907 0.7873992096987781 0.7534810514984661 0.732137496569086 0.706361827603604 0.7690698654808821 0.8255716355315927 0.845414878118938 0.8263303408555674 0.8087421523642981 0.8009404307029621 0.7833874728737902 0.7294802783692392 0.7445454152999242 0.7924059540673746 0.8156949816595003 0.8361475171801249 0.8430045210408823 0.8603652681281709 0.8551509235022136 0.8610130388945563 0.8335390053252543 0.8285532984546733 0.830706320618995 0.8613226015685641 0.8890771279157978 0.8064412625597885 0.7844237153578311 0.7866528978356262 0.7394402967365831 0.7337063142210941 0.6868363237163571 0.6763024595638402 0.6869802939007906 0.6700890530628529 0.6369412391262573 0.6373799349671493 0.6935096142813657 0.7204038780415125
0.7783995956942243 0.7901907280192392 0.7840383064414983 0.8108919425616745 0.747065640978475 0.790358260629148 0.8064134957161234 0.7630665792817597 0.7628596625091628 0.7865375828153242 0.8049051088663698 0.8052978291636634 0.7979125745558124 0.7869749595392813 0.7965213868157863 0.7993116737953803 0.7772476001699139 0.8087929619942598 0.8066840911669794 0.8387280609397098 0.8787595185736848 0.8429390234852607 0.8544311933889891 0.8657416278430586 0.8753690032110223 0.8198632227180366 0.8322512674674741 0.8458514350512247 0.8654451908567456 0.8962827851186252 0.8673242263770797 0.8199107890235868 0.7399024730802087 0.727470729176407 0.7396359797398635 0.6898515864249071 0.7218801643365331 0.6556070605233619 0.6665050507498391 0.6485773639958694 0.6463226445849615 0.6807862247934678 0.7153208228103214
0.8137586814674864 0.7955266847825013 0.8204989212928984 0.8115315058144842 0.7642329654786579 0.8114636590062587 0.8204459525757223 0.8012183269299353 0.7591360657150683 0.8083312301170549 0.7874050861725184 0.7676375705887134 0.7836200650228923 0.7547280707828788 0.8058195559503079 0.775287156818317 0.7832479234064337 0.8358679781679291 0.8157928453569867 0.8303761446706527 0.8280385474333988 0.8445473813305211 0.8724577061197725 0.8916122423007243 0.8740576799548859 0.8451127495086591 0.8471796790966002 0.8372184333614299 0.8719493310490027 0.8593712235582384 0.8019036894788961 0.7826160282994508 0.7830362631946628 0.7635881498971916 0.7562630548834438 0.6939736371129015 0.6695058110541249 0.6673504301017765 0.7042283898145955 0.709217537032241 0.7384147592272797 0.7270853948058428 0.7349575762416511
0.8669666252386377 0.8639923959818537 0.8176056577897227 0.8067344875623946 0.821856085571424 0.809570816849335 0.7645703068540654 0.7340416257961183 0.7564128482204131 0.7669664977649507 0.7744500437869839 0.77149120354783 0.7416773039230533 0.8036173434645466 0.8033909721711198 0.7931408879619026 0.837309108623672 0.8531838439790348 0.865857859375856 0.8770132970638855 0.873463215223606 0.8611836153790176 0.8535225820410852 0.8190491558994537 0.8583417749254006 0.8657190906374665 0.821907833036396 0.8721084857037119 0.9291385812220392 0.8286167275087425 0.8009587755073283 0.7327128885830236 0.7325057171201298 0.7694611703474342 0.758891970011084 0.6700963921026336 0.6617680696612599 0.6902492088978937 0.7330213407516956 0.714708283944838 0.7347697874969831 0.708877794167569 0.7901149122130047
0.8889139366777663 0.8538386258584585 0.8148417015581321 0.8151226716751487 0.871662322510166 0.8271455433795191 0.8009749549599829 0.7425107668572285 0.7761538034983647 0.7355877972878527 0.7196639025222408 0.7246119091493327 0.7313769136526607 0.7831505053319978 0.76166505411105 0.7871993440845423 0.7519615302112465 0.7748328578075268 0.7823946193922691 0.8173888178304745 0.7989220678542316 0.8411176599299502 0.8530791080513833 0.8084440175674508 0.8044626564508333 0.8460195933418267 0.8746281215305902 0.8774704219463862 0.8756510915739426 0.8298780544716343 0.7779415183416272 0.749384359629708 0.7336072483377876 0.7331620722236851 0.7398281170902534 0.6937333191223024 0.7027740873527055 0.6923762393247647 0.7071370809032307 0.7322085713879188 0.7382838381062669 0.7146540345315328 0.7106462384611206
0.9096576256208365 0.8644641367505979 0.851747960141506 0.8240945365969923 0.8849618129715996 0.8194983823285411 0.7687902774410182 0.7712084803512026 0.7357072308527184 0.7018964782837421 0.6906506600963461 0.6858895362483919 0.7093273458909021 0.7336118374469329 0.8057407575898328 0.7487353652929238 0.7468505613043762 0.751100517919557 0.7411208017128139 0.7655506226935741 0.7683317682985925 0.7589788086271331 0.7811645434617925 0.7980398803485472 0.7817001715274006 0.83131014526464 0.8566668295636828 0.8144346716988572 0.7991428113602401 0.7785909294249653 0.7649452013549252 0.7115237402581737 0.6986617555154042 0.7573159014198477 0.7632894992695852 0.7266047026876469 0.7194175212448284 0.6896005437291287 0.6802211380562717 0.6849843529666286 0.6613520833893296 0.6805824180536879 0.7084026981425745
0.8840947373277211 0.8783272434992744 0.8727296347460297 0.8810114461372648 0.9024264767099753 0.8327043158331637 0.8323601582771125 0.7772452540465001 0.7608184736738629 0.7337499869345818 0.7390160754067274 0.7189645539112672 0.7103324642334558 0.7413896450730306 0.7573642935134147 0.7785947506628064 0.7371738656808601 0.7338309752795931 0.7539021216044883 0.7258898990736515 0.7279966937378204 0.7377827451181248 0.7534982131898961 0.7407189886921515 0.77819400827741 0.8428626118341146 0.829468654707588 0.8228832397383767 0.8066555701210176 0.7907041616254046 0.7880259389661836 0.7391113674538818 0.7188363300585449 0.7644824048560617 0.7161605594515061 0.7396378280082351 0.7655141064159298 0.7339360373329861 0.7292422819503322 0.6937920904458423 0.6935167211368393 0.7188836545734494 0.6882191505693173
0.913734263667983 0.8862137978853325 0.8347173877786349 0.849005646195286 0.8789597686222246 0.857858071440547 0.8561811863630969 0.8490454691252036 0.824969437576008 0.7340662485228486 0.6999714286965539 0.6912524900987761 0.6463709349471777 0.748261770858667 0.759819286197859 0.7569816621321988 0.7793386308454994 0.7324201425900972 0.7499164709404829 0.6982758534178596 0.6501968588658416 0.7118862083807458 0.7073981259979462 0.75151625617588 0.7880586645059197 0.8409911721729927 0.8828802896173662 0.8235086162799877 0.8452553654486712 0.7836603003058 0.7588759455427352 0.7605338118495774 0.7459892662515021 0.7598444150112844 0.7167525217252991 0.7202145835090755 0.7608422156375139 0.7711766227824108 0.7414908442769911 0.7146420619595286 0.6904209505254556 0.6936386865772506 0.740844938482761
0.8706301086421097 0.8467891072374903 0.8579366264589621 0.8584963634347849 0.8489058935051356 0.8738537722854598 0.8721199911217249 0.8177974893655953 0.7672735697903139 0.7390858362101366 0.7048089496558985 0.7159910293812985 0.7136227112062885 0.7554027190197797 0.7245343765557212 0.740196586446355 0.7716302251467076 0.7497803802947314 0.6817564926922742 0.6860274712538614 0.6590901050910718 0.6915245204537415 0.7065251253951307 0.7178766714448843 0.8050870294524092 0.8398126821302178 0.8573311485714318 0.8537346445077396 0.8610914479065739 0.7843708759877237 0.7742946757286739 0.7621547151506997 0.7787597120670463 0.7069632337939329 0.7138707658938671 0.7289602392728134 0.7612325685612463 0.7424393815675976 0.7174862755163445 0.6824542860724633 0.6674341489620408 0.7154673803162439 0.7248180818406078
0.882691532705656 0.874581732632003 0.8509752958445339 0.8666902120930539 0.8813216422649872 0.8647226503966425 0.8155381028190188 0.7976120920194469 0.7397025472301494 0.7025013750261324 0.7243324383953756 0.7094068401599232 0.7681255155297081 0.7229407987599508 0.7198377054486405 0.6855588048441746 0.6888758969647367 0.7203569965645567 0.6501798719109174 0.6868185329367482 0.6685233517952713 0.6639151558384033 0.6720358793678419 0.7461624179989088 0.7815309189428126 0.8175142304256647 0.8540645760713197 0.8534240548988581 0.8493714075090606 0.8006751868777717 0.8184998623395581 0.8147215936992999 0.7674210219292649 0.7309543748052386 0.7284061217550242 0.7033849654324765 0.7098514714764517 0.7430201577906561 0.7186226880757949 0.6691027243680736 0.6879466027324682 0.7056939628082802 0.6912852968939088
