Raster_benchmarking/continuous/raster-190.asc
NCOLS 100
NROWS 100
XLLCORNER 1743163.2391981096
YLLCORNER 5469296.1707609035
CELLSIZE 10
NODATA_VALUE -9999
[rows 0 to 18 of 100, columns 43 to 85 of 100]
0.2900287727814526 0.23639750372930884 0.1968366094139586 0.1788183057222597 0.17733239159106742 0.1345498965989917 0.12911961664988886 0.08410760458836952 0.07233785798178145 0.024914663572807454 0.0 0.015764511534119723 0.047284745160451246 0.11425661317325672 0.19161385702574504 0.19950186495520442 0.23805273654264208 0.25426472311268883 0.30918522169433194 0.3323340339992732 0.34128383158518405 0.3512470274845885 0.35067639111987825 0.3695597248705342 0.36050074530705256 0.3840735324041471 0.46131858582796276 0.46361796075786915 0.48890885481637714 0.47982237624885954 0.5337848646234846 0.6066481635420685 0.6340601836109443 0.6194292277308409 0.6584435831656003 0.6411512197754585 0.64626164999337 0.6769001220550306 0.6936546693770769 0.7205290107706919 0.7360441770281733 0.7685785290821948 0.8317082022001997
0.2883559866827374 0.2532876829347182 0.19022085636497096 0.20318743121602895 0.1869107722043081 0.1502309675757017 0.10546899697716698 0.08936032104722036 0.05936846428878866 0.08671308354671511 0.08210788290366534 0.05687136055717501 0.11726399230675945 0.13550487573835263 0.2074862932934024 0.15883357167576984 0.17177077012303718 0.24999390023981594 0.2917700360976764 0.34891824959796713 0.3542955261776342 0.3616959201805214 0.3376211118577177 0.3795981291950721 0.3670995456907757 0.3903349743447943 0.4690681477754391 0.46476056509270663 0.47564578518115613 0.5561716636817616 0.5964787763611369 0.626709192857582 0.6286072121732659 0.679272516218635 0.6923866706276464 0.7016920803976157 0.6479298514599409 0.6559712117699369 0.6668666791937862 0.7076216667093996 0.7010642718666477 0.7726243489375209 0.8093220280113874
0.2598492431348491 0.2150982561346079 0.1791897108628729 0.18922998404816366 0.16951077102074283 0.1928373078686371 0.14178609373345064 0.11809261797809814 0.131783315264045 0.0683255136127504 0.06902442376572483 0.0796735651035449 0.11922226300948133 0.17406457975644835 0.16513009966945022 0.16633901823547087 0.16920654308922123 0.22620213819164148 0.27342968862373007 0.3081884744121561 0.3753919592466687 0.3755043520608315 0.3502261508660252 0.3608968638054251 0.39899433633267645 0.4422224550508364 0.4421625794236044 0.4671598956820546 0.5096116399840245 0.5584570254246868 0.5503963033197806 0.6068204796840784 0.6055297566889893 0.6711011083254168 0.6910174770127848 0.6959061856512334 0.6851260755450022 0.6553991999325828 0.6583155659680552 0.6849288566625719 0.7101972548012842 0.726665908304283 0.8010296954711171
0.28850974125513323 0.2337747220721407 0.20763708461515687 0.2433236190227094 0.23748408993074255 0.21749268845372513 0.24065947952051042 0.1832484702849945 0.15240665322595975 0.10505533094191294 0.06288201236161464 0.08957130669028847 0.11651876418065736 0.13784750433701506 0.2120627315466928 0.19056477631299773 0.18473391591490326 0.2239560923981982 0.2611022126529274 0.27884402487302906 0.370250789153292 0.4011376019508096 0.36698423956554344 0.4008003337167565 0.4153299820392425 0.4320751361030687 0.4767639459665598 0.4967725727481372 0.4938030902697077 0.5672993847738078 0.552404399272068 0.6009852588341831 0.5948321079056526 0.6261949777585624 0.6878045530698244 0.6426337798498577 0.6458685207263636 0.7042449383382638 0.7103441520801878 0.7134665152345423 0.7205893341735206 0.7278328641672235 0.7532793756268715
0.3145657956262242 0.2874550603737915 0.25936716877663124 0.2666801642937382 0.2261905907977307 0.241629509538286 0.2329110474140318 0.21780795292451424 0.1798342588246589 0.124415006912545 0.05157641584901716 0.07228521149799913 0.13376449650895358 0.1435478403196939 0.15661475230932503 0.172836290238416 0.17429435535315715 0.217959066534573 0.25979790199236874 0.2866214796720977 0.3223171608687098 0.3683844790239472 0.3450380606047864 0.38151989235473116 0.41222138825323934 0.431439741792754 0.494374509150264 0.4798326076318153 0.5315072142935784 0.567178546899985 0.6104114264070032 0.5945944277389249 0.6183512524624071 0.6241781172434429 0.6356670750538029 0.6525783552623464 0.6944693028111594 0.7095434524662028 0.6943449009090202 0.6902838665066355 0.7006503761339193 0.6551934958009291 0.6951228252579353
0.3639279379183498 0.31533011770137215 0.25839019158632714 0.265255249556738 0.26435428580608894 0.26753813952271505 0.2137448817193786 0.20035689103582643 0.14636934140629063 0.0796652097000228 0.05523447737054795 0.11333634829431102 0.08294419531141711 0.12551741747895545 0.16752157718700614 0.19973474971360508 0.20739070693079711 0.19652836856336056 0.27073971595288954 0.3204849876779419 0.3394188794991686 0.3412166364143041 0.35564462639559374 0.3969964194424324 0.41640382527307224 0.4409972731854993 0.4667951756723433 0.4962957025128236 0.5855217362560958 0.569849143111241 0.6246174126632649 0.6103705850837006 0.6119368436307308 0.648360284288901 0.6558052765347827 0.6689703804659994 0.6659068369491907 0.7113442958631482 0.6942274726298077 0.6723435151588152 0.6548962529668068 0.6572964252335509 0.6157587502783832
0.3668884933175513 0.31098104195071113 0.24715815657074885 0.27084784683648827 0.2652026553544476 0.25647558088959993 0.20093490733296263 0.18879814135584005 0.16988736125885173 0.09398726465448201 0.06963528450840421 0.12150617170636956 0.09916940546926509 0.12470524758148953 0.157791527901839 0.13770608357263509 0.20879819508037387 0.19544358701540263 0.269123946382358 0.28524554084146025 0.3144830455489503 0.3261542086917853 0.3249488943188881 0.3567660616139826 0.42961333366507787 0.4933677743694176 0.5252038543355845 0.551548604416977 0.5587515909529224 0.5777039865029182 0.5601366369719127 0.6002694363347367 0.6426278312076696 0.6660168631351844 0.6699699142705651 0.671343416605132 0.6779794360246046 0.6769540095611362 0.6743808575932638 0.7045117321723937 0.6748555237343601 0.6082778359100071 0.5914566844417155
0.32342433434218343 0.2860052141652472 0.27846727679491157 0.27734572841411337 0.24988191175683347 0.25643559324204324 0.25930793545258707 0.18531080345613293 0.12061595389933222 0.15098405244552066 0.12257579855156331 0.1060369887312025 0.16620533267222307 0.1143348780165982 0.10847127625222702 0.13441307834066776 0.16426385377522415 0.18539946898864168 0.20105023402326874 0.2512419016841868 0.35072270650972304 0.3305214750822733 0.3616530384125509 0.36143708411388564 0.4135966842283295 0.46774627677404995 0.5792557050750753 0.5750299212914257 0.5407085555784923 0.5400886232142474 0.5490819135511137 0.6508748129710854 0.6991471977051184 0.7343307373438603 0.7473699763660692 0.6753186274807873 0.6808211904213628 0.6858147280158476 0.6652959449002984 0.6437499686465695 0.6790874600147675 0.6105538792238411 0.5816617991462174
0.37127837523237367 0.2793709507237756 0.21961045726578637 0.21127991703585663 0.2363050178545818 0.25269012433643145 0.21310948056130447 0.19054324937635925 0.17349999266479116 0.14948911504224027 0.13130620289319167 0.1255073226905695 0.11699315400700441 0.12970032241546114 0.10783535648207887 0.1482589818342986 0.15485740599287312 0.2133674365834758 0.2480572305974625 0.28557065122148584 0.36712268538920667 0.35119061967124365 0.38687046597707553 0.4213226691845607 0.43968496013129965 0.48792176902088324 0.48411249048372784 0.5204884967070459 0.5687103877405915 0.5752270086845833 0.6258558000445683 0.6581957972107081 0.7013620689835321 0.7263856925030472 0.7339545258093929 0.7305292146007675 0.695126442731299 0.6467518386359479 0.6652548089284392 0.649017743285736 0.633986527106174 0.6469864731792723 0.6337048199126424
0.3876653662198718 0.291245792552948 0.23113972968657054 0.20004182444331262 0.1969726001060382 0.21645760970089856 0.20588016073968812 0.15834686427141398 0.14959609627749754 0.13002770432798236 0.1417347762608831 0.15249163422054282 0.1594751330914785 0.1534416183960488 0.17294366624341015 0.16882112321836626 0.1621548245186507 0.2129501267845912 0.20656540695402129 0.26872584813703354 0.35981869877374945 0.4009687904708 0.3931374781218585 0.38059622393983156 0.4048780619078811 0.4396332082751347 0.44768426249416543 0.5009305472985928 0.5328951031560824 0.6086078048788655 0.6641434676250646 0.7104012088056321 0.7133239985754527 0.6811055094679296 0.6827653572299687 0.724536623910093 0.6975389199717289 0.6825287493015003 0.6456273728025282 0.6372645117853504 0.6899919275435855 0.6846098108309233 0.6448113140476025
0.34110698176071497 0.2913442201475125 0.25371466846669105 0.20943299943460855 0.22198443288625572 0.1670512028463787 0.16451367602669761 0.1549454776500104 0.16047480810603024 0.1535356884075851 0.19339312215599705 0.14462740595546714 0.19860402791866474 0.1963796816340376 0.1662050026128378 0.19327413115467115 0.21469756727527958 0.2648388654958852 0.2880251386672355 0.3152558994111349 0.3417614085522197 0.37642276056697405 0.3568596495204719 0.38664052762989237 0.40865556473656695 0.43216716524816057 0.43432874945979494 0.4894027769437552 0.5624296019336184 0.577058312080068 0.6551853650698534 0.6899696805518998 0.671732451617159 0.6923418331379017 0.6827347936759994 0.6775831893273028 0.6729081579360029 0.6731299448952561 0.6515588418251927 0.6543423412890085 0.6764353340437746 0.6569982688803805 0.6446257499419029
0.2986441503668943 0.2493585678433659 0.24836137957496843 0.24024682699032418 0.1979738390369901 0.1485974466961072 0.15094784566853264 0.15780891165887534 0.17644491281497815 0.21103867911373786 0.21402358991852033 0.22287104274110037 0.18590855564244216 0.1476443001357249 0.16885612371760336 0.17764368968013405 0.2706327793704958 0.2502504232531008 0.3143144595387364 0.33225137725610693 0.3309478294249574 0.3693913252827453 0.37333743307587486 0.38537816605020775 0.48191879028432716 0.49821671459166045 0.4764143148763996 0.5468905688767135 0.5439564580547013 0.6290086669987416 0.6496197439659613 0.6784523440972939 0.6982044363016251 0.7275581489025613 0.7543698575977131 0.7113121510996331 0.696769717923755 0.6568532031195901 0.688023497457238 0.6697031422082903 0.6375988087750473 0.6582180235265115 0.6201447881886029
0.2894420376352375 0.26269366487792445 0.262049636075974 0.22990062941632147 0.2001702353610272 0.18812609087762638 0.17171008668256046 0.20036314163337685 0.19380106651102416 0.20623751942490542 0.20730742870209234 0.22314448965794814 0.1897367198145768 0.16271089773362793 0.1417721358846642 0.19420753626679357 0.2834589367773186 0.2782762707543077 0.2913259901604406 0.306418419642039 0.3339147569336795 0.37206242386992405 0.40306645976504096 0.41462172944858994 0.4413195625364302 0.4749242507414205 0.4974503810460375 0.5647026482376046 0.6175762848028169 0.6394447145083523 0.6419850214606487 0.678789116019558 0.6935801688882349 0.7410089601361615 0.7342734434316025 0.696844686433612 0.6611817749263642 0.6920687993748201 0.6563289115138755 0.646711298014477 0.6310274355008311 0.6169271038550681 0.6092992000554066
0.3212362961566284 0.29146782988235614 0.2728556363898885 0.2120818407971039 0.22759012256511615 0.22275887629413504 0.18584772542628175 0.18077300646564765 0.19305289072869497 0.17631781074978717 0.22141136376946496 0.22557471783546434 0.1669219025083554 0.1652442364650263 0.1626647586837673 0.23479941994533038 0.2786210383865615 0.23134812494761284 0.26229059479056016 0.3239683172532284 0.3510737596632872 0.3672681376936649 0.37748521087124826 0.3856371657205155 0.4592659067658498 0.4937984279993808 0.549584185778713 0.5612572348389528 0.6179862799741462 0.6633865895609218 0.6614415835255469 0.6669107440489106 0.6912731968342299 0.7110180387429644 0.7294847285869478 0.7287413399136208 0.6667354206667754 0.6716546863002294 0.6112706531742624 0.6362410135607727 0.6573758239854477 0.5929879831825856 0.5538064963548515
0.3158726345455487 0.265683749498167 0.27556560966140825 0.24611857679952834 0.2249870274214519 0.222262476394213 0.2077969033060782 0.18145054997835175 0.1941912958508111 0.15904743782674996 0.16557444723878834 0.16647912632276246 0.17621744238512269 0.2023979235877552 0.1871250725652745 0.23649620905355 0.254222245826718 0.2304620948645422 0.22922565730069014 0.28451179099631674 0.2972757763737992 0.3603974409583952 0.37195921060755377 0.39983992084531433 0.48285816662001607 0.5292854031732483 0.5606374174899826 0.5971860272879591 0.6030109331064653 0.6538900851309799 0.6437555560094496 0.6744238975125024 0.7014410038943805 0.6798525306021815 0.6997445356302413 0.6972362456151642 0.6785215326939681 0.6618930622395652 0.6211258973244559 0.632989820658385 0.63773050135428 0.5653895656515217 0.5720197626558038
0.29971830684455114 0.27601083262140896 0.22291866542245037 0.21342723924357926 0.17018597630844295 0.2048959432425574 0.20874385491970132 0.19388755255321447 0.18452877607037213 0.14449454686053767 0.14354704369345803 0.12965256461409302 0.1535662202135594 0.1888988222168866 0.21790929261512185 0.21711603851603203 0.17799463121215192 0.23924182720010426 0.23421432193231956 0.3072587680698344 0.30959467985380346 0.34837206382780594 0.3022338987125298 0.4053735047596857 0.43988717172770964 0.4963212109246192 0.5930647797072355 0.5639728625727596 0.5876350978488368 0.6252788884280551 0.6290919542057465 0.6286949153286169 0.6362555715837198 0.6548851422851609 0.6401980543699641 0.7091910641074947 0.6953810011197827 0.6514949146555518 0.6306102459202276 0.6012875027123483 0.5964925928286168 0.5876271346072096 0.5342767246293996
0.3387393190056143 0.24519647273299197 0.21905993226837234 0.23834419428536158 0.1928720427965419 0.16235734059436774 0.18109929745678216 0.20679895285582245 0.17101784990801847 0.14863138317617933 0.15456986185542892 0.1435539637244034 0.1435518302960819 0.2031558234092243 0.20082601840966355 0.23436544022487063 0.18212080225865263 0.23207629345241548 0.2572987442153294 0.27996267052288004 0.30117459516747386 0.31881981534397075 0.3357015112472127 0.37131187666661447 0.443253646274134 0.4809786616021233 0.5439765891305112 0.5815670215054581 0.6118134614213351 0.5973502241172246 0.5826641123180596 0.6082631617911756 0.5896905819819901 0.6470641873114747 0.6400600524660592 0.6759743675559867 0.6613645913292783 0.6748352043650748 0.6031819554363819 0.5843229453565614 0.599957304936546 0.534880227904002 0.5358827518908109
0.3214475235853567 0.3094351078858395 0.2542568430864893 0.23761625527918825 0.21719121205798966 0.19045044071910577 0.1540056597426766 0.18529557131426785 0.15497730609772462 0.16739127459944664 0.16879867894825812 0.1814548029723484 0.19663281518100334 0.20469045030951377 0.2558935094827599 0.2046756725755666 0.1911707426617348 0.22813984943800722 0.23448693712153937 0.2741589134900069 0.3136104626282571 0.3216102870220109 0.3531540181841302 0.39470712151387116 0.43286202803961477 0.45418762418775743 0.49143088315385325 0.5553854231796062 0.5981850877178327 0.5615056723886599 0.5279320104939146 0.5682406046529367 0.5573168131790733 0.6177927998619267 0.6634092376673327 0.6778459217674108 0.665264811289803 0.6168709697116521 0.6407674161568013 0.6076405416117068 0.5566985968627087 0.5589928827365641 0.5517813652386371
0.34674377489737657 0.2997312317893706 0.3180635267115877 0.27938274885796327 0.24913921879489248 0.2177913661029709 0.1725375125143972 0.15965638902310159 0.15632023583418245 0.15587106450436014 0.1763209921145442 0.1793868612782802 0.17900397553991684 0.22948683910119053 0.22428846548764264 0.2558216962585747 0.257028061717895 0.19840134350718286 0.23360761157420637 0.27217500411599244 0.3072410955700794 0.3626668036640471 0.36626062473473003 0.3499813292264258 0.41316013496284526 0.43722688517556135 0.4748907071130065 0.5145620606964979 0.5304528701697944 0.5495202170458847 0.540335555974619 0.5172149893801744 0.6039474818865165 0.6460854165487615 0.6572608181368254 0.628472720791552 0.5941256619874823 0.5927778524247771 0.5665947825204344 0.5575672546964351 0.586151363059283 0.5960458554435616 0.63220300129011
