Raster_benchmarking/continuous/raster-340.asc
NCOLS 100
NROWS 100
XLLCORNER 1743159.9619148327
YLLCORNER 5469295.302467929
CELLSIZE 10
NODATA_VALUE -9999
[rows 38 to 56 of 100, columns 43 to 85 of 100]
0.49926400765815593 0.4605591874801558 0.46724510827188553 0.45881080788146644 0.4557311883833345 0.4336531469613537 0.40953710771709373 0.42249018505729674 0.37851873354256 0.3810575658915635 0.37233300874056197 0.35203689820490264 0.34085639390816685 0.3562240941297419 0.36082327432157535 0.3491349159801837 0.3845606843104745 0.36422705109448644 0.3290492069226627 0.34945306879462434 0.33543524133555896 0.3174249583783397 0.3137279507728052 0.3496259257585786 0.3471915541171368 0.36042128521522065 0.39163014375457006 0.40476486911882653 0.4126841558802376 0.4088597551974941 0.41633393052204065 0.4328261996699529 0.4461536525613777 0.43977239672309243 0.47304419279370336 0.47180914470063684 0.48671899909399263 0.4659194234949761 0.45694840793869107 0.4732365823492348 0.47545860310497245 0.5041821371268107 0.538351880444418
0.4984097913306038 0.4692267460949958 0.4812285391502233 0.4688147626644333 0.443533459065687 0.4469715227084518 0.42541758432931404 0.40522576214467804 0.397354117800579 0.3914943455395334 0.3742182092223405 0.3853053615662244 0.3659854134560989 0.3552085313024842 0.34386667906286716 0.3777534519837146 0.3894300511452315 0.3569550210613426 0.33064209896934915 0.3360081229925267 0.33849880371502855 0.32321768795397443 0.3365989695936018 0.33144070200918546 0.37381039082560713 0.3661484957576363 0.3995864953302515 0.40620640189633483 0.4045515162513124 0.40607141950235626 0.4032910537553138 0.4370047964787519 0.4311775633547901 0.4449104426841664 0.4613407709758958 0.46069150644396184 0.489069822056169 0.47227615631876557 0.46613087118972085 0.475367718902092 0.47703628232567147 0.514495461134792 0.5357136822263914
0.486932813439886 0.4583855653676835 0.4719635059114468 0.43967596231470174 0.4423592327599904 0.42452790987813654 0.4076117886666509 0.38940732974898534 0.40101521966631376 0.37651268763252205 0.38829070991978 0.3772861810745066 0.38542020612663314 0.3512312464197971 0.33844198127798314 0.3672955780122872 0.3690783616310562 0.3364909282835665 0.32759743941935515 0.34023905058767195 0.3156277838614677 0.32270162366604743 0.34929836999979696 0.3383157883259935 0.3817561535780189 0.39707283518757686 0.397361683518183 0.42173226466136315 0.4114175782018356 0.4100370307620591 0.42040983697594014 0.4224549367022321 0.44888220156815334 0.4376826534696178 0.46366212107588456 0.47046699665882435 0.4738949467203741 0.4778491477068546 0.4666822407557038 0.47901361723767905 0.4689566443177627 0.4902928430446333 0.5075151122044529
0.4801011519824709 0.45618983997759616 0.4441634841986545 0.43021058069642376 0.4250814340004692 0.41520365670663323 0.3919917896153536 0.37741729264189927 0.37376498081529663 0.34759454007154467 0.3620129073603752 0.39069871862574396 0.38435415844037674 0.35875004710508096 0.3422352857418825 0.33899324265746694 0.32865949876224887 0.32228703340411585 0.35621860235005803 0.3393647425448787 0.30867487116896936 0.3160015888932569 0.3336136093055084 0.32645240138686854 0.3663772628603136 0.38392383334379027 0.4019311474644588 0.4219814686115637 0.4330772629753166 0.42407965376391615 0.4541794346686185 0.4470506162760968 0.4587168464938687 0.4560997607385063 0.4645664206518772 0.45770960517592757 0.4688690642504046 0.46951180248526836 0.4827773777761723 0.4935267985430906 0.47841260879710534 0.477462040867679 0.5049357220047914
0.4714578920659653 0.46788804887525665 0.4271908174272683 0.41690842135674017 0.4105787521993762 0.4108162803171451 0.3799304711245953 0.35929738344230305 0.3592617472505555 0.34662360767617106 0.36043418230504076 0.3661648747224645 0.38439824465697287 0.3570423542615902 0.372425429561624 0.3429367095832255 0.3174654342091157 0.33508697081706995 0.35362312628728276 0.32768078256486494 0.3080431093533395 0.32986171269410397 0.3190097182984087 0.3259430954560884 0.35141838022480054 0.3846776861046014 0.3988804449864015 0.42680001916609933 0.44381890134983676 0.43744168908517556 0.4595935627704753 0.4778410729157693 0.4798275110338288 0.4967244605106603 0.4767636723789284 0.48844371598372155 0.4777521209952303 0.49787641885277195 0.4906106977109836 0.46948049401172687 0.4866262034447282 0.4796631030662578 0.5138915366310938
0.47485154400203955 0.457106979306624 0.42496674805916607 0.4182491503548064 0.3825737671852032 0.40141145691557384 0.3776110418759367 0.36564509199034456 0.32735954780332005 0.32040981459273116 0.35255924127464616 0.34325170151211165 0.3633161650563676 0.3522014584137567 0.3744867610220609 0.33077466919820403 0.3352874289513893 0.33366005824398143 0.32402344597737925 0.3229465891150916 0.32319270242586634 0.3179548114372366 0.3059102385072085 0.32435982535795915 0.3645286062483571 0.37765042827727996 0.4194632838463478 0.4424149796372134 0.42324954343259513 0.44602934608583783 0.4551105833210741 0.4715478995974151 0.4869505438370349 0.48097849967945266 0.5062203148327088 0.5156779443052342 0.4986998607400271 0.4846047120184704 0.4768102154816146 0.46652242764588414 0.47114227014177207 0.4947444050533215 0.52074989775045
0.48277596755125596 0.4467506684785991 0.41359887193700523 0.40843346790146995 0.3955708071672809 0.37940034395756167 0.3701217220864185 0.33450776320559666 0.3450656877352519 0.32386985433255544 0.35636893774420486 0.35244439073981926 0.34985013818235355 0.3364342738878357 0.32792632074147177 0.3322258723219514 0.32329925067954884 0.34942284997300194 0.3482532073881472 0.323215565355137 0.33352401401985243 0.31810077271603393 0.32632916992221117 0.3476384395937533 0.368363035522412 0.3993713203342426 0.40316991869321867 0.42778273541161616 0.43376375775523796 0.4270310012174496 0.46891241506906883 0.48425895596977686 0.4760677487833835 0.49683314257683026 0.5104696315200002 0.49929514643814377 0.4877226993925477 0.47741333277248615 0.49186462151086097 0.47797775006512616 0.4948769857300271 0.5190792921376272 0.526711378528709
0.4467278708019144 0.44891404676564434 0.4048321318015999 0.3910240936893107 0.3871441648985153 0.36933183237392514 0.33183352494773505 0.34307206245489635 0.3524516387311997 0.3447909794763124 0.3275724019524054 0.3354475566030111 0.33649342396528725 0.35586278912332536 0.3369565933029853 0.3515601298223506 0.3385612157405223 0.36928379880783213 0.3590280287860045 0.3273412285157245 0.3052495428149005 0.29655029639007163 0.31274363709141373 0.3495404863023641 0.3819430095305431 0.37847071490657225 0.4061963926622045 0.4062252338907836 0.39263846723574614 0.4083113227905191 0.4394608323949576 0.4549880019866867 0.48582401116103385 0.4783648573302096 0.48227321396736555 0.47078737420082467 0.478073179841555 0.4763488370161918 0.49068816069409465 0.5121861236594044 0.5132172834468584 0.5100629219418846 0.5122911533891027
0.47218333239602095 0.43202433062086965 0.3977414011032899 0.39344098841755987 0.378406237530901 0.36499005415292723 0.36967436974477996 0.34610014245892673 0.3546972961689606 0.35379237035377414 0.33510206093413286 0.32890765321609483 0.3399106255144751 0.347121202155535 0.363047112881294 0.346471810726348 0.3561329709753714 0.36470020621173965 0.33039475789357153 0.3091425111850212 0.2911788527111979 0.29071375179454184 0.3289000459206862 0.33296188195381105 0.3630891718779314 0.38371238368713767 0.37537440415242035 0.37723990282564485 0.39462509486372904 0.42095387371192566 0.46663461161038366 0.4820971482422908 0.4860225628263212 0.46460568067168256 0.49096209940624674 0.4918495917013461 0.47220254439345344 0.477749445357925 0.5111266861532614 0.49709398407825833 0.5134947119152229 0.503235410490066 0.5241882910066787
0.45497197265657857 0.45949616393466475 0.40324308852051854 0.4147847616176567 0.3904616712275212 0.3831862717686985 0.3682793036690349 0.3444987634947488 0.3497652212117305 0.3599730495380066 0.3548159777578367 0.3554264580662721 0.3668740576434937 0.3545367524258984 0.3890211448126224 0.35583775956794716 0.37913863336433834 0.34680459553869225 0.32326319611573895 0.31943846671785797 0.30176828388649696 0.29833063015533773 0.3098026158112052 0.33343885497220577 0.3499945342915393 0.37363066738619916 0.35973959201274053 0.3653799375969127 0.37367575393782426 0.41460848736615064 0.4603210523902468 0.46761416296967584 0.47719201535954614 0.4743592845887262 0.48581329397625145 0.47342288110611425 0.4477872326418726 0.4966904908347888 0.506834327084998 0.5219717216927304 0.501607868314864 0.5244872714556273 0.5348991638850392
0.4865381477902061 0.4782981688093705 0.45776544978860934 0.41403925786004403 0.412995995262941 0.37485607247085045 0.36459486057893026 0.37073238562987443 0.3700585408589261 0.35250422637700135 0.33658591983858993 0.36104196003513783 0.367606300186409 0.3533975337660114 0.38023288445685105 0.3779578243937586 0.36444200060919935 0.3599525649861925 0.3363884497096849 0.32339136840074434 0.3060278430903492 0.3180796372711594 0.3287495061812551 0.3346994002980082 0.3450878816194968 0.3336415887669088 0.35159444078801083 0.3627548555847196 0.378449985193366 0.40377626365178854 0.42764822511583295 0.4487287717510913 0.4721956021557848 0.4957176405817729 0.49882605314735584 0.5015273414254743 0.5023374955194067 0.48877305699328644 0.507631476374782 0.5275207313986823 0.5329451280442611 0.5271293302114909 0.5550400001593168
0.5279183636672757 0.485164735888556 0.479909439936434 0.44122787100973726 0.4164146031878438 0.40383475935782365 0.3838559007043561 0.3879986690327734 0.3562432945612681 0.34802386466915425 0.34592597522239205 0.35491027903635364 0.3745804470597073 0.36058129884645224 0.3504256754490016 0.3627710987227184 0.3467707962940612 0.3499855948909618 0.3358599924210738 0.3171074187985243 0.3002524938865548 0.299983901561746 0.3288906955715965 0.33440594771462817 0.3239117109987056 0.3272879013401393 0.3242961211554894 0.34775812325710265 0.3593563340587771 0.39940728705114065 0.4323728741780664 0.4627520277655743 0.4898402135525564 0.5085134778747041 0.5055160442657964 0.48291474766136877 0.4978363248821114 0.49067283856042004 0.49190430438093674 0.5111834779355109 0.5367687973557468 0.5603124430191979 0.559640703570055
0.520187476293689 0.5276482867731579 0.48784554215580883 0.4558089837170133 0.4286370243094498 0.40680843986645626 0.4094248605161023 0.3810950164500194 0.3894599106675922 0.3736500925771985 0.34675475392760563 0.355941577212011 0.3638308760603524 0.3605554762061721 0.34072323542447086 0.332998339079917 0.32504589765138786 0.3505693150670397 0.31845354489854266 0.32011857253133197 0.28355558480524257 0.28603957703218935 0.29468843731906796 0.31912492327726394 0.3249736325427151 0.29957020055919564 0.32466488225809054 0.33478387872716014 0.3752170719345147 0.38428518291258407 0.41602089988673635 0.4409340820077521 0.47217217372234443 0.5015331388084993 0.4993370511892513 0.49401674493951625 0.4830137107340926 0.4836306829501141 0.5039848193208369 0.502734367839049 0.5316486621311592 0.5545826259515936 0.5704211396349148
0.558121298296807 0.5186669102830788 0.4864928223333361 0.4860458978026343 0.4533061134646767 0.410118858244452 0.41705671243373227 0.37842675434120226 0.38212350226141717 0.372704445051599 0.34076838437803597 0.3471756965920651 0.36264387270344234 0.3418794574694717 0.33042619486497554 0.32484676893228165 0.3186343977504311 0.3405783158386619 0.3326615006265424 0.29593589743404003 0.2551683431977998 0.3020454821423422 0.3140661433170609 0.3126216422043392 0.30866407320912975 0.3022642109971446 0.30424875245323874 0.3237637513301554 0.3542119815288163 0.36179195748645365 0.4224246731387898 0.43133230563192765 0.4860119718021677 0.470556175130907 0.49965817140293023 0.5085386365641046 0.505678003481962 0.4851421784502646 0.4963020526656311 0.513075028212992 0.5480199691073866 0.532709604936873 0.547533160121009
0.552022111675929 0.5348082680380087 0.5138456511144953 0.5004751069030452 0.469437587130363 0.4235372728533272 0.4065880560919857 0.38496180959134124 0.3772468485653101 0.3873587643275316 0.35706079413468134 0.37336898680154795 0.37687449434011727 0.3622352645593645 0.33835874954289585 0.3237577469745573 0.324931088901703 0.3356887480654546 0.31320183186519246 0.2778638941229875 0.2604503868665858 0.28857737368893227 0.32199072268918466 0.33605425012962503 0.3127563861958542 0.3227481146773763 0.33619477800719233 0.34272638533839467 0.3506357834126029 0.3577476572515241 0.3868828790379582 0.4032762452367827 0.4523972463029403 0.4555686715505558 0.4676651114953665 0.4880626883646316 0.49133739933455234 0.4876214153975648 0.5103292492622203 0.5233992119548442 0.5522289722571138 0.5486765238812144 0.5535544447672139
0.5148971208533275 0.515133281464483 0.5090928572927828 0.5077822678841951 0.48207596210359727 0.44801577926435 0.41235035007196863 0.40301896772313966 0.4011733844371677 0.397651141067288 0.3686992044724157 0.37313974635639585 0.3807800441563899 0.36306458842577966 0.36227306868230935 0.3281044925903887 0.31828354375532586 0.30360223904904043 0.30631574175750664 0.2874847690183504 0.26764963827033417 0.29475855062799516 0.31089289089675815 0.327019722342402 0.34760057688480045 0.34993709424322966 0.340564392860146 0.33194151751041134 0.3382562314388957 0.34385294049106596 0.3731597987728109 0.37602046501791225 0.39740642676781024 0.4465400703398251 0.4415108754210336 0.46831259313849594 0.476382261089149 0.5095100601371791 0.5051574314178149 0.5243705926675173 0.520055682643114 0.5357534739151147 0.5681403374102346
0.5070955796129544 0.5142199142478003 0.4857002406248695 0.48606873638107245 0.48814222478679553 0.4438699782456531 0.4504161563392063 0.4246073803774327 0.42753097552471436 0.4182996363557027 0.3832569547662315 0.37773699143682876 0.35759464932938234 0.3573193412703785 0.365446024318661 0.3493333720016014 0.3305421144319198 0.32101274245953687 0.3230541269749663 0.28696474121906473 0.2733574880949683 0.28511231880871485 0.29897648009593175 0.34464769558525843 0.3377566771401085 0.3673299942238746 0.36186952290462243 0.35440680402334185 0.34691677366633267 0.3685453600169795 0.39022621874186414 0.37457075658680733 0.4045757209243023 0.41991984519845826 0.4309175882008897 0.4523185660305763 0.4860119168253731 0.5013708407380252 0.533066010615575 0.5457100040745401 0.5651273293238304 0.5660753433153598 0.5756611114917523
0.5162240060799124 0.4971757101915728 0.47422026883162505 0.4951502256508595 0.4971362285460244 0.4689083518533115 0.4492319942139085 0.4568747264255279 0.4337184428380144 0.41387463586199136 0.4072303134001866 0.3633350297950831 0.339860862383622 0.3776934487663791 0.3900608440815849 0.354896322153281 0.36063778839075505 0.34704444193403805 0.320776196946011 0.31563601887621273 0.270222202320638 0.2967318065477033 0.2944788925683813 0.32961366633993294 0.35469825823234574 0.35149418762586615 0.3616680312548881 0.3539295483836266 0.385012786423554 0.36298953420743474 0.39686532002820274 0.39587673613477103 0.38949432506792037 0.41522891103242315 0.4505502757633011 0.463362678789329 0.48568647784392854 0.5097417249800975 0.5274737409432315 0.5550890788376196 0.5607103328984883 0.5504979077922046 0.5809442310591442
0.528274452566632 0.5053041839054995 0.4937663655987085 0.47947344294205985 0.45907613408587344 0.46038102801664305 0.46561243941921004 0.4549915427188423 0.44632373845996587 0.4150003315547819 0.38508252081581357 0.3980580231854001 0.38224745431321483 0.3685448871098023 0.36884572414201844 0.3719159579467255 0.3665116558447702 0.3483299808202574 0.3173801315416305 0.32776904280833197 0.2915982989291374 0.2935726979187551 0.3142878046333477 0.327469164632284 0.3561885165259497 0.358922772292536 0.37139937185544547 0.37460341662913943 0.3628276075656214 0.3698874187054096 0.3867830141953565 0.4014547287952544 0.3900510625246057 0.39505293375129086 0.4310326139460311 0.46491619913100357 0.45377302356685895 0.4785670830261466 0.5097634113326717 0.5405587603865177 0.5432185038145533 0.5627536709139125 0.5620211454963695
