Raster_benchmarking/continuous/raster-337.asc
NCOLS 100
NROWS 100
XLLCORNER 1743152.0816957622
YLLCORNER 5469292.543085464
CELLSIZE 10
NODATA_VALUE -9999
[rows 38 to 56 of 100, columns 43 to 85 of 100]
0.10570197188497597 0.10346821288153121 0.12487685127849012 0.16748765403481064 0.1681454948806774 0.11340917911488049 0.1008776951284628 0.15450798360340426 0.13322813797394903 0.16408193202191926 0.1320961338937564 0.17827558357296794 0.1707854294419862 0.1946908649481772 0.2074527168193106 0.2502988446814284 0.2564604808493437 0.2509512638526221 0.3030616469591831 0.3368600927212451 0.33350780924764567 0.31478472942508673 0.3682625274474279 0.38191582977185085 0.4184826620723882 0.423270488449055 0.44945812830717424 0.450355837751226 0.433841160277328 0.4209503381525599 0.43086890408035694 0.404017620586075 0.38265907593878173 0.36504949391795216 0.38775505050899073 0.3643251235207181 0.37746486313295635 0.3923444112173422 0.41596732058153424 0.41380896571827275 0.386645996547919 0.43658790538951725 0.4256221468649274
0.11362890777330101 0.14112783907293106 0.15173609984025696 0.17535150637017066 0.13888082575097094 0.1250527038233458 0.1059919615421346 0.10571323788781174 0.13322276980932465 0.1531037653222546 0.1313190740133864 0.17632129489580983 0.20076729630289458 0.2062071111746139 0.2717380913349656 0.23282124603940313 0.22046972276051627 0.2284392550779376 0.29378286966725403 0.2846200960514676 0.31252981302129024 0.3380952227137401 0.3531679259453297 0.36360060802220956 0.36954423142770876 0.40807849399555673 0.4079095760755294 0.4303502869143336 0.4188656791433844 0.3648434300299315 0.35478288169473593 0.33756896109624 0.3804169846931766 0.36720827802825784 0.3492983894589642 0.3294856446509497 0.36022103958281915 0.3564932976098722 0.40494551087904473 0.3750835563203119 0.38113807234452224 0.41797586378422447 0.4027850867971403
0.1695346159091695 0.16030166902092777 0.1439038941778615 0.13900464422588582 0.11949365221539228 0.13004217494736062 0.10178047369992045 0.1269950795589327 0.14370232935049565 0.11384152036916542 0.16020364360508338 0.19317977143620033 0.22901795055154103 0.23316159841779346 0.25988654887868456 0.27278056956737684 0.25808921336000923 0.24580688317585267 0.2928257326298693 0.28203647227277173 0.28086177737373125 0.2919151732307749 0.33343006110221934 0.3371460284804002 0.3287890852587064 0.36234795703198264 0.36220359405688207 0.3537790186195429 0.357597882081251 0.3546151723465191 0.34451313877876444 0.29589139585928653 0.2960443875755615 0.28864899746270367 0.3203997366315522 0.2948760313567099 0.3391611144721596 0.33602051720633536 0.3595252741634755 0.3958589215362432 0.3903631393245137 0.383350559329165 0.36738030313430464
0.16650802129167136 0.18820561673844874 0.142354565782167 0.1382074344203468 0.12843181599807277 0.15713152488514806 0.14890778920516387 0.11879603110075665 0.1226916509530041 0.15100040643642726 0.16126253175682057 0.22335488034287626 0.2612383469982689 0.2427011223517637 0.2720065879534592 0.2561392672664635 0.25638308684683636 0.25502136491877403 0.3075987120784839 0.2844914698755394 0.25623953471748356 0.26578420772536715 0.3047310372115797 0.28808810945497 0.3519663837726274 0.33014017962824177 0.31096708333255296 0.3170073239763404 0.35975416985201425 0.32859827041850703 0.28822199513712715 0.27205968908269645 0.2597265942851623 0.2641382116645709 0.27727306032217924 0.29837413293062437 0.277085213088096 0.29123439494068365 0.32227744429830096 0.35444338905352535 0.42453199129518204 0.3863091874422427 0.36984749438644465
0.20892673016904637 0.1902993621238065 0.17513640415173803 0.16878677034955064 0.14256201887133452 0.166640736409666 0.16071081108038887 0.13305597700731162 0.14834493166226018 0.1799052602402642 0.1725430843832011 0.2140602268077124 0.20965234422514345 0.2556832619739766 0.2912354165315475 0.2795798343865223 0.2643010535816839 0.2816513636966277 0.29502415695922957 0.24718952108647618 0.24135308461069233 0.2242151730954439 0.2525640648297379 0.257077408548133 0.27972238814827 0.31871747202742134 0.28374076639894 0.30387244926699897 0.35877791730618935 0.34130754965045945 0.3223225044464577 0.27337124127064044 0.28305137857042084 0.2662537378970074 0.27517150763260184 0.23821893029737165 0.2775092404000736 0.2763350498442638 0.2831439834057334 0.34330498343981086 0.39342651819830743 0.3829164123919901 0.3886158532896735
0.22327205921986867 0.17897572160097389 0.18604724834017886 0.15587423989332652 0.13377862661887346 0.12523226419579475 0.1434735337184579 0.13505453893329936 0.17892515497120332 0.14261755452857325 0.14591686585232794 0.15882113164269748 0.2014248116238894 0.2541054047152774 0.25437124634075536 0.2894802055276695 0.2916108562075027 0.30254289294511955 0.2639589660055238 0.2173721597754942 0.24931434285481066 0.23022128446408693 0.19033397013481038 0.21468154518285293 0.23749893701510022 0.28215819116518404 0.26084207388482966 0.28478470802762634 0.31850702069582854 0.28180748900608943 0.2879048060351034 0.27139862844050117 0.2853563169789411 0.27954910886212725 0.24309667919211186 0.23572672360787839 0.24174616668023777 0.26002414305772154 0.27903291094978416 0.3017740201753136 0.3460188212188204 0.3659042361634109 0.3544358578830357
0.23832880264132753 0.21860727125183765 0.1520620308833799 0.13018006574047214 0.13396371222613546 0.1256526947022442 0.10723404425252155 0.1290590874561387 0.14370518325534354 0.1325026714555441 0.1512007443445575 0.1708970088402823 0.18819587055226303 0.2049999967797579 0.28020183386328074 0.287715778603958 0.263639745442789 0.2922041184961288 0.24284839874468686 0.19851199425451108 0.22657588514286534 0.17062470663792603 0.14688128676836532 0.18618521903647647 0.1999947794995262 0.20966025814789238 0.20712868363346276 0.23722262332838379 0.23212411583514167 0.28378799885340295 0.28096608250019234 0.276095884072723 0.21812034036979994 0.23503621633118751 0.24422964545623016 0.21231649462215174 0.24747484315092133 0.2599634876712083 0.2875055219316406 0.29185241966271475 0.29755761337283093 0.3160862927961754 0.32892544658576256
0.25541679543214096 0.20351180582015235 0.17378380791972287 0.15605811041265913 0.10726522199955917 0.13821332357353056 0.12656117867942993 0.14070716257962831 0.1454138774026134 0.1353836938806082 0.10915471839388552 0.18074790468521845 0.1828363146193391 0.20312121056745752 0.26944672412417964 0.2657289868026024 0.2894649639162162 0.25898259211880376 0.2149583121052887 0.20140427324858182 0.17128223587557456 0.1613683266801247 0.12234096279691431 0.1461474214950449 0.13390299756992324 0.18863753240128728 0.1709830534231633 0.19961745753962398 0.1761750601919832 0.2078419951646931 0.24162081001768393 0.20318911938722126 0.18866946337701154 0.1938438150526732 0.21571041729867182 0.2215117759235664 0.2068820545432217 0.26180666889358684 0.3166211576246098 0.28567871899295266 0.3357852434089605 0.32752703016709056 0.32684207937608895
0.21981094335283669 0.21418004264734483 0.1716514044561375 0.14046877317408127 0.1381015049932273 0.10651758759004643 0.14551286865178958 0.1445866845679946 0.12814526688105127 0.11425070081553496 0.15652114055623625 0.17480617116448433 0.20128373170894337 0.23362059933069657 0.23628682313944355 0.26915881329031416 0.22215640489903224 0.22377596646791628 0.21936500092880543 0.17001804307789506 0.16817503658484925 0.1368539884380975 0.09956952317077446 0.10705068160447818 0.13352346794435255 0.13503961189602035 0.179735950394778 0.180001563717545 0.18342112026227905 0.1593253565098467 0.16459507538403959 0.2156436309549886 0.16501234214889812 0.180495929881574 0.2344708786262459 0.24903340577562147 0.24027302939894085 0.2974847261607828 0.3306443302632527 0.3054078806665372 0.2945999036680928 0.28968713276186264 0.3043086683293598
0.24702525459161645 0.2383974478740644 0.22181477647729142 0.1837432959377934 0.13160072176558707 0.17290014139808155 0.16971640644855712 0.13829389555414606 0.1622674837013087 0.11372727268427124 0.1339204733063407 0.15690872862263627 0.20093563587306423 0.1934598903771248 0.23459367087231786 0.18736532086453686 0.19074931522394095 0.1997772280700929 0.22035097503573137 0.20604954592507047 0.13725072462289034 0.1396765999352499 0.10494880793326605 0.12200358043546976 0.18142468534172856 0.15223826825972478 0.16833885085673944 0.13368052135768682 0.10795229688363281 0.12380363146844234 0.142264745586244 0.16788017658174512 0.17841715836470962 0.20329685856450172 0.2110742092883786 0.23047736859849047 0.27767161917522626 0.27543524152778504 0.30500943615177556 0.27203700199521147 0.2533350953199216 0.22958401453502744 0.24605420510437104
0.2250340625672738 0.25765614955058747 0.2255406859347294 0.18402143713399893 0.15053614584223465 0.18033452804522893 0.18181526135964887 0.17587746076059102 0.15477540718033406 0.14480451091191598 0.17671062087306333 0.17789769721818033 0.20709789979869833 0.20775782274947216 0.18654155820325782 0.16978417848204058 0.20152594638156052 0.17590222807139258 0.18165725835033664 0.19061577179590264 0.14466440152601326 0.12095516105219094 0.1368290794796174 0.10783772499239071 0.16076137571652951 0.1349915598108282 0.1433491947879599 0.12080563274935037 0.10841711844909067 0.14220513347619881 0.14593782013689804 0.17399507585196206 0.19522945361763414 0.1959819757590583 0.21736306735289557 0.28513230948702084 0.26660958183919564 0.28642448822057565 0.24664807804886357 0.2415305756717352 0.23173352331999067 0.20896309512537523 0.22453069457335972
0.2754699570893042 0.22568212551660935 0.24772623041770017 0.1688107109315767 0.14423398980497687 0.16039557754308248 0.1771049432538279 0.16548200458075693 0.1602821699064035 0.16749666808670852 0.16440468575388167 0.19696411989073168 0.21211949606188207 0.2009018411360829 0.16057487674632215 0.18138645461648434 0.17647858077286122 0.17576154252801843 0.16772394721315434 0.14243739319991916 0.16804217985469802 0.12596091794234046 0.10212053500518502 0.13208884221306424 0.12947197392772541 0.12842006657278174 0.10336711557637115 0.12686724228943644 0.10024984733370879 0.14677062604061836 0.1837564647208007 0.18814818402221137 0.22330093035294857 0.2285358869546975 0.27625791833264457 0.29194753256356887 0.2858679945439647 0.24243409787474143 0.24752639870544926 0.25718831492359745 0.22205400050511281 0.19242719153957732 0.21614290475154965
0.23347024904224148 0.20111321773517554 0.19312907554107184 0.1334405414691946 0.1479875008777823 0.14639769857921828 0.12297783852412321 0.15450711307642556 0.14959232947441678 0.16449765785192555 0.19721477525447867 0.20298226801076344 0.16912192620502842 0.14023107834941223 0.16323823590743164 0.13783157365921148 0.1997565610458369 0.16896154027932278 0.18074510511986264 0.1517405330539955 0.1830992146675915 0.13472221253179384 0.15402603335453474 0.149309310791519 0.17236740498156009 0.15015674643106092 0.12737451626829827 0.10735969540068953 0.119659710864219 0.14102771167553713 0.15142987948815245 0.12718373168347757 0.18154048975951134 0.22776963341528825 0.22931526634043398 0.23002616036485493 0.2541057845307182 0.2126001554593782 0.22990896052999135 0.211494666533544 0.20640071735443616 0.2230348459427037 0.18162692908474806
0.19595844225788364 0.15679205305494998 0.15928115696170494 0.11392272933501656 0.09889177226708952 0.1459332228511482 0.11210977545675724 0.13343553068435465 0.14848282456505735 0.12606007412291123 0.15840552696680882 0.16282715392997554 0.17814917271895056 0.13642715263432217 0.12293177591842173 0.15042526501921452 0.20762580677479778 0.15890446738352618 0.16078873488260986 0.17745799226770922 0.17991919225504183 0.17775823787260533 0.17753644335140645 0.14997510302824912 0.16635221118184754 0.1885383210199659 0.17629951631382887 0.1225141009836687 0.10203225045171913 0.12787371840367856 0.08457037564681191 0.07248886824093287 0.10903543293133719 0.14689468200358055 0.20306445878426288 0.20322391294800052 0.20596884609784233 0.21915362374892208 0.17420646374611218 0.16360565978164635 0.15315813023954306 0.2027778884375857 0.1929279075995607
0.18566944334900287 0.16826994333915013 0.16247202126548982 0.1173202849526124 0.09052487348201425 0.11773128947785427 0.11874446610374759 0.07109000106248156 0.08243483840794513 0.12832573492428384 0.12210281094597572 0.12262643120814916 0.1374170740118216 0.1141501490903355 0.09989230461810622 0.1574440355024334 0.18632314541284695 0.20758784471220296 0.17089768629969113 0.20036314165387956 0.2170753884008913 0.19401397020017327 0.22426841417224325 0.19342657260349802 0.19416484073598486 0.20600325934125635 0.18276841990638146 0.1349547803575409 0.09948225088852959 0.07680372869958249 0.06336511446861966 0.07751467644192131 0.12258597120946187 0.11567187623125792 0.1603265887702851 0.1604201106189947 0.15574539474598761 0.16964063471636276 0.13520706236340388 0.15520368046567884 0.19182837997432373 0.21421233168537956 0.20501532772243228
0.17824302454940394 0.1421622173062776 0.16508913712848666 0.1305179977550856 0.07264832628451291 0.0657184577882609 0.09249341560635485 0.09020714346892394 0.047883901036776734 0.05084362733913978 0.06330621602536209 0.07614983538704384 0.10444876766954 0.10278299304337399 0.11316794346924587 0.14596832466890636 0.17685830243862752 0.15578638223115907 0.1746935904480538 0.17534839379031852 0.24586841762668746 0.25008369550674797 0.22765729279248645 0.21960964958024232 0.23894038521209274 0.20546811228976788 0.15594508334883195 0.13773157668998132 0.08756556787418007 0.083585351867027 0.1189082397658322 0.11484728460004721 0.09406819007816467 0.10656008985632968 0.16744789337092592 0.13166321896611533 0.15171256448756773 0.14566831127319693 0.1567541206137737 0.15676277368712271 0.19838508539273514 0.23115725206549806 0.1984538173338732
0.15693851723168234 0.16806297848675036 0.15742907708319764 0.103674154303759 0.05655574854278713 0.09446037632732965 0.07827617547833458 0.04448952905102585 0.03704769444746329 0.053425556481863444 0.04188345749435897 0.08827295461837616 0.06785980328217923 0.09169061652241399 0.08817930697295027 0.10329613781712844 0.1608431770535787 0.1565843389891074 0.14488837806229693 0.17150888877502854 0.18443705835143412 0.22428329863934185 0.23725903524822614 0.23137916143118045 0.21704955241517726 0.1659255753473423 0.1390932403271255 0.14126269730677776 0.144823372371983 0.1297018316733037 0.11884559431750864 0.12939374894216654 0.08919232225094124 0.12311579719758269 0.16168621505252903 0.128341664455871 0.1580465615924191 0.19858766194299338 0.15926561089965693 0.1712041131953998 0.18030017340976118 0.19789567160259863 0.20704436020661957
0.15715346963864216 0.11187544997783361 0.1054052031035952 0.08101514504017211 0.07048734462001138 0.06781186121270054 0.09293229350190525 0.05667631264710099 0.009027423618459898 0.004111504242257722 0.039216601028984804 0.07410428283069515 0.08074405504283305 0.10503828325963904 0.08465548841675195 0.08343773431399178 0.1362548843278011 0.13675010567287413 0.14120482571143372 0.19108425555762082 0.17677408830163396 0.1939459952909364 0.23761902054277467 0.1826156039804166 0.1749657555528328 0.17216727382883057 0.1301834486430039 0.13766740864493582 0.17753388664472636 0.15527183218602197 0.10096521412271228 0.09265050617493853 0.09955487999924749 0.09757223161467923 0.11254317361295997 0.12728028964133356 0.1782953401046688 0.19832644607417382 0.19673563092066143 0.16657329640032612 0.2179931164376829 0.22147028752307718 0.22891985325447267
0.1344071103278118 0.11655706345522512 0.10493998531011918 0.12078133773247167 0.09725808459599253 0.1048125677766188 0.11353242455728982 0.05952306410593012 0.03780256380048053 0.006093643360120145 0.050233861325647604 0.07111455286037656 0.10223831863155351 0.07170020529172116 0.11776809596190399 0.11557469513124055 0.10610759304277813 0.12220570676203471 0.15721083471236078 0.16226750744029594 0.16177050665695594 0.18921071899991673 0.18726583202020117 0.1991409039078715 0.18694728395474253 0.18108069498101442 0.1575221227427661 0.1888234042356247 0.16236267015974895 0.14404269197256667 0.10509595747404947 0.11211855358207047 0.12143104118938645 0.09963436644747761 0.14942079485482274 0.18671085764831308 0.20971756156267832 0.18799779840816053 0.18045233307651715 0.19450728055215016 0.1706370612687169 0.19838395476152834 0.24358146763786095
