Raster_benchmarking/continuous/raster-166.asc
NCOLS 100
NROWS 100
XLLCORNER 1743156.0875534555
YLLCORNER 5469280.103121945
CELLSIZE 10
NODATA_VALUE -9999
[rows 57 to 75 of 100, columns 0 to 42 of 100]
0.46329139163197797 0.45536426352918713 0.45220290654980183 0.47133384539386947 0.4391253771847205 0.4185647332429127 0.44636035111334044 0.45544754229640066 0.45812113000757027 0.42111057542462005 0.4013464992020723 0.39417497902550536 0.43728228375593314 0.4208728190674837 0.3922624308811495 0.3270125707583057 0.29026464986164446 0.26848720460697345 0.2688356103183776 0.23406511771372698 0.18598289231259602 0.12972190178257223 0.10435805907887721 0.05393599039980059 0.07596269492208582 0.06803669781500395 0.09417358779306917 0.14263422192905262 0.1514003050093912 0.16610635708788427 0.15344042949559278 0.13614622646826263 0.18588598834976 0.1878778735590315 0.19748118633987405 0.25692611924969344 0.2642436625228838 0.29895739205374455 0.29998306972847333 0.29300191073664794 0.3048129100326948 0.33843814041028625 0.3565812412341918
0.4856390127153553 0.5129709896092668 0.461012557964725 0.5053027318658878 0.45873104281086846 0.42884970491176655 0.41564819151651616 0.39047974757316184 0.42855966680949376 0.44349822084502755 0.4096043026803918 0.37702015818511037 0.42582524381855674 0.36041028756914567 0.357122728422064 0.3771529158398994 0.33326910239700674 0.32788771117792365 0.28100836973578364 0.2641713911382998 0.2107950196101356 0.17549902720050387 0.11717965956468805 0.0573611490842681 0.08794059183113681 0.08191346780096638 0.135728563898615 0.16010878832215614 0.15975525669176763 0.17972793706146192 0.19567840781314502 0.16015988523998315 0.2143165093031945 0.23617478299384564 0.23714289320269846 0.23693288771855997 0.22922536304541488 0.24339434674515542 0.2745877303525928 0.28672039201455446 0.2637797965334772 0.25639842864888296 0.33714049084960895
0.5265827434502441 0.5064970419267654 0.49200712997345475 0.4977710844151559 0.4631057434226472 0.44221828583302264 0.40469903646591815 0.437939641964121 0.4311039573317265 0.3988776639878295 0.43907263856269774 0.4326450053626968 0.4336863183902888 0.4281266806673929 0.41819864857845956 0.38633694951047964 0.3785048543722764 0.3318312113921567 0.31802919749421005 0.2977531227629584 0.22933513854778323 0.18391273162489177 0.12598754301013143 0.12778539140127412 0.08989616934666356 0.10020401942875667 0.1366746110551829 0.11141473069481041 0.12574553231999894 0.18678605989600175 0.16774968784623112 0.17622789532140043 0.23630014385957523 0.22196649378830666 0.2359979218121045 0.25327568694643704 0.21148856331185334 0.1766776899745559 0.22542639399056477 0.2082604074199379 0.22976982420341507 0.24709704318168405 0.3314862715567664
0.4936842566847561 0.4653444793765431 0.5158951212111379 0.4921487269900424 0.4764827563570946 0.5059452636234667 0.43618806817843253 0.4067476728186391 0.4401949432417542 0.37824603625909997 0.42579372164481705 0.4446640915020651 0.4122311252021719 0.4569378091986432 0.4332704199043749 0.40533141721974403 0.36121875539440185 0.33805660443237734 0.30869543099644847 0.320557718100603 0.27461838523456117 0.242438080179274 0.16810797875656908 0.11949593613220233 0.13648535217189361 0.15005788611849505 0.12113596677120286 0.0992475832231684 0.13671307280889863 0.1925951927255142 0.19206276477926829 0.2489592893960677 0.26494072849316563 0.23118865289026724 0.20543807900680378 0.19465004705765765 0.1291319544693801 0.10578893502991209 0.12005182348129317 0.18130758683800105 0.23182587360920048 0.28316745428980655 0.3142671629024446
0.5096550371449852 0.4850559938310671 0.48120416432959984 0.5185605849289733 0.5252998307886259 0.4742468773975063 0.44677422874035394 0.41437747111271134 0.4205692557916301 0.4113258236539226 0.3896030800326664 0.42850949997134935 0.3847248119034541 0.44965253075061273 0.43991357348134025 0.42243584407847334 0.4158969523623508 0.3654464971426874 0.3700144819285356 0.3410159566622852 0.30822706205211725 0.1987921490704446 0.17272934383494903 0.16802136353730415 0.1422683289870778 0.1234920739036591 0.1411077025951431 0.16953503805337242 0.1960855725351149 0.19919412756803087 0.19711000399255946 0.19167009543241964 0.2069733601441042 0.24481545219631295 0.19038916419819787 0.1648927019202987 0.1300134242879048 0.07932669516834279 0.10210203952417571 0.15006187973391974 0.24232617639022813 0.2995724211949647 0.32624514396866916
0.5330597365694715 0.5246012120101732 0.536938490100668 0.5155950773221173 0.5099385066183163 0.5442852239171625 0.4676283780106713 0.45445693546043164 0.3839018582632507 0.3609807077776989 0.3525496619808535 0.3604591611056081 0.38238195422754867 0.4116022456337821 0.4050261959772813 0.3782357379670828 0.4280288418750683 0.42682756066211214 0.3707950073926829 0.3647567520095834 0.3051003453698101 0.19784953019108728 0.22263543688722953 0.20318724869322652 0.1655957256910634 0.12224316993109505 0.14780925084323138 0.19332171596576989 0.21231887737979555 0.24006932787406218 0.23496858583916044 0.20788637286961864 0.22802779834883047 0.26762406464187444 0.22400313630952198 0.19820984150203416 0.09190386443476879 0.026504516801850113 0.10976918581834967 0.1406155710619155 0.22250082159341045 0.24924409976156073 0.30915595912841565
0.5456154399908439 0.4781402463025757 0.5226420978426276 0.4847788352566448 0.5355308943286343 0.4892388924901898 0.5001948437133215 0.4110869272850141 0.3679451456767454 0.34208236543611703 0.35357301053555706 0.3668662486529136 0.4022373207200614 0.42758242372440625 0.4098941671675242 0.4035845962943048 0.4029863089867416 0.4147517584009085 0.3975300200870976 0.34136694447746785 0.31205453362675284 0.27939042522171953 0.20460587731875002 0.1636767151936806 0.15018814350491322 0.16947180708977824 0.1970753751504672 0.19597587871703323 0.20533380867880202 0.25298843400583004 0.26082616129054825 0.2192257480488188 0.23333808902842537 0.21067420754048813 0.20406291010772717 0.19356215730428447 0.12202234762888334 0.10545989990983975 0.1665532727657572 0.16474598622389222 0.19648187610799642 0.24110110173289068 0.24838712721824177
0.5014089136093529 0.4384512623260493 0.5020202290635628 0.4988860476608237 0.4762185610553585 0.4980138112512476 0.4652836744526538 0.4133865391052183 0.3248443346618861 0.31681291185418203 0.3296860251053396 0.33491908367280704 0.3956036057693233 0.4088235877281886 0.39227523039822887 0.4369633712699325 0.3908761735564829 0.4444641128784938 0.3660872586727098 0.3277968309544404 0.2852498094130088 0.2680142475957579 0.22661614353856957 0.20383544453064012 0.14872103747676113 0.15290811749426958 0.17090259757183823 0.18674213303407597 0.17430735103443404 0.19540013790212482 0.23410197027796617 0.28444908278759995 0.25004557427399665 0.23744628128922 0.1827595840223215 0.1723124794810133 0.1465952751165613 0.15746265745115562 0.16732576876535454 0.2390297421779002 0.22862428431416873 0.25850522587998 0.3024804231242464
0.45733797569201434 0.47388719147787234 0.46813785315865475 0.45536430824633023 0.47438746340676585 0.434166178289695 0.3890229956037194 0.35660787960330687 0.31664389477633353 0.3248390300208748 0.36148857676025287 0.3845711765492584 0.3902631134668619 0.43371355769985487 0.39727574954050643 0.4117387435156463 0.40064264210787237 0.40568531085387094 0.39611820488141763 0.3458117263455677 0.3205390681710668 0.2824385815999357 0.28661716126126746 0.2569384952116342 0.21357943476179397 0.24235576531856887 0.21042035580937515 0.21250770286019943 0.2364837148965243 0.24368801696980164 0.274495418056369 0.27709168049716604 0.2829241843059482 0.26264130273446074 0.19041406790106874 0.20922130652765292 0.2154104691156232 0.21115506694297573 0.2400288417708246 0.2486694850880829 0.22950670984313207 0.2410818092936355 0.31580032889648163
0.4332256298410256 0.4316279908316132 0.4247446109068718 0.4302780156667182 0.41461612570931167 0.40747959197683553 0.35174549206488165 0.3216084739265663 0.3610529392548247 0.33790069922176413 0.36625922281785606 0.42989820649257415 0.4445000395685365 0.45726799699435494 0.4101058562667663 0.41873500452611784 0.43686151294611203 0.4156942495509402 0.4042427183153563 0.3993433619135247 0.3820744003122702 0.3706212299518078 0.32713774716030003 0.34724808501006454 0.30377629029387193 0.26545231332693375 0.2229130280978946 0.22054860350315353 0.28329643817955474 0.26729765964857777 0.2968631284086162 0.2666830079709209 0.2464939801779656 0.23183588819811451 0.2675703199212443 0.23634810623172178 0.2649328003232955 0.2866207895466044 0.23792335941371767 0.24719102255070188 0.27069164291004855 0.2686151465742962 0.3265219436476441
0.40484222492938476 0.3957767863971946 0.3554207152654973 0.3764145704547235 0.359517879895948 0.37264949944785086 0.3444083676498323 0.31537494511661157 0.33530711675516783 0.3508342190735823 0.3628490226993792 0.4051647049647114 0.44168402909036586 0.42843691115985644 0.4584447437126554 0.4238421124885256 0.45057044191675927 0.4448429354486129 0.44431322424017705 0.4203421381397997 0.37166269376820926 0.3620234212971112 0.35305648871493905 0.32337929672669274 0.3315613613063099 0.324332955802712 0.31655358530360006 0.3270879826381017 0.2759777720051358 0.31403934122187255 0.2936320585682345 0.2763425740839321 0.274681972429897 0.2876882048391779 0.302384259606732 0.30232591353233995 0.31412349427297126 0.30917069052477086 0.2938621117591189 0.30257105287475594 0.28548891997497944 0.2977949133624816 0.3465219119408206
0.31820327539423826 0.27169962290965993 0.2845293407521059 0.2785841800373492 0.2796097699537034 0.3001518697878678 0.3176592327735103 0.34047247198492253 0.30266277433520933 0.3357755896553033 0.41562873111537574 0.4418557884668508 0.4537288319111286 0.419444305228466 0.43999732231114763 0.40439787483999723 0.4373100322981976 0.4839408530841354 0.4503938145283333 0.43689166112171673 0.38652142851255694 0.30419169597380485 0.33093923970788724 0.34379560699052114 0.3306193826731031 0.2982304023105268 0.3782216504172755 0.39149739007649226 0.3312460647742358 0.3536194522270038 0.3569070777011199 0.33423262773740847 0.3659042633861709 0.344603123154369 0.3141692977891894 0.3201084728875435 0.34170823326712846 0.37039909090162293 0.31952817771987224 0.32877738715193666 0.3228837734543805 0.3031133003341494 0.3429087485406428
0.2168926301506827 0.18672390260612612 0.1968966418267076 0.22638617696312158 0.2151439726588133 0.24671758603119498 0.2987092779249516 0.32292612585301383 0.30144567993189253 0.3433158727303471 0.40245815913962607 0.45264005733016577 0.4249702143923133 0.4433650476807654 0.4350126117139105 0.4278053781058603 0.4845074493978545 0.4775749579391212 0.45462877424224896 0.41542738050778283 0.3658584124063333 0.2989251075940375 0.34043253803482476 0.331933145500983 0.31823033205459167 0.34609718527052535 0.3753541647889081 0.3730601239946217 0.37606534985029016 0.4139523432389831 0.38644593485095147 0.3713479106984854 0.40541008570883 0.41101967008224904 0.3913428951280019 0.38778521549454537 0.35297823282123664 0.35534213517637314 0.34329286991499786 0.33314823817941297 0.309949143959745 0.3768531013191305 0.389415238546706
0.16838995746996763 0.16372329399158883 0.15265858622648035 0.17226693815841607 0.21029410160199544 0.21335781080512953 0.264088880874804 0.2527503111439169 0.2610425534531959 0.3617169285034473 0.41592933067868043 0.42603337461372937 0.44486855958083027 0.4745527228609713 0.45306470207320554 0.4182895816884065 0.48791030371713207 0.49713389790346796 0.4550734653402891 0.4235588817837402 0.3859067910105956 0.2555089791825845 0.3007605336864568 0.32647328607164766 0.35605127715042073 0.35992802553977876 0.3475210733564107 0.3832134498547726 0.38430265161452676 0.4578031073909861 0.3996992359863184 0.4409072950790818 0.47288288114247773 0.43954035391194485 0.41891875057888756 0.38516574129982667 0.34812759694589773 0.34185466530880604 0.3291612010330174 0.3231594938041477 0.3365521603915315 0.40727682953912114 0.39223646141650487
0.14773459634236977 0.14652647400276697 0.164035171478896 0.18932741047577012 0.1678537519213173 0.19178106793189814 0.24717784360260298 0.21063121108339453 0.24772203821591016 0.31118295458533246 0.3394980783832405 0.35070279391057646 0.3982003325667439 0.48682171508828787 0.49073838966383876 0.45567772475286256 0.4400551852607863 0.4856976618094944 0.41931078322078313 0.38760980959756636 0.37666370004287997 0.3713745343545153 0.35619342793921854 0.36632396215458285 0.3077865649490259 0.36122386163843573 0.3376483872466703 0.4058621931546673 0.41318485415179074 0.4387333330826814 0.44283016272622655 0.4606835571239426 0.47258311949656134 0.44916815645368124 0.4122030894443396 0.4034876125937217 0.4172228027935325 0.42172558297335244 0.40881522460584363 0.3816852229362571 0.3921804581835834 0.43029592001053146 0.42590249655066287
0.13651262626922417 0.12506638156890265 0.149096891979425 0.13315060343777166 0.19167965601180456 0.19256885208267782 0.2073284831747926 0.220895411285127 0.2679819536145185 0.23197743144382396 0.2741740229350358 0.33585793918695905 0.391256457171347 0.4838285406147693 0.49916560437765556 0.4947802320393307 0.4717627265217394 0.46943701216068384 0.4274346259846855 0.4030793836973341 0.39961971204593105 0.39676373255335 0.3546097566727469 0.34569991609959966 0.3079898147495899 0.33414150409080384 0.3449085142221604 0.396696434223264 0.3965469018565514 0.47223029109577735 0.46047908201866256 0.4447695938772413 0.4935458980211661 0.5061209048978593 0.44066031221446056 0.4528010210593483 0.4354839033762647 0.4340753625639402 0.4106649006947323 0.41994695053452397 0.4305014176952766 0.41171683041843277 0.4204039045448946
0.1640443439560031 0.13793328110384726 0.13055914780646521 0.12191324894673983 0.15383504435550427 0.16492633843100485 0.17651377319139816 0.20848057707488632 0.23849459632407394 0.2502409535790223 0.28890783048890223 0.31742775897880093 0.37411272270122603 0.4566586761819315 0.464938825263912 0.4514667673422723 0.503852987783736 0.5036079549739451 0.47605392390581724 0.46328467895834075 0.4389511358144269 0.4195050814103805 0.3952575996647127 0.3607832427901896 0.34149799099161804 0.3481743465357876 0.3589914127429468 0.35494840177278536 0.41678228136746726 0.44476973522536223 0.49537153198414724 0.491126166886057 0.5119949782027012 0.5297706834794244 0.47302591083631407 0.43154540736455876 0.4426694042680305 0.4674236189137045 0.41266001339300407 0.42655646336457476 0.4378349641175537 0.4276526350593766 0.4667618814223679
0.11754415373052339 0.08196167679418019 0.09199355484344209 0.07742813918428101 0.14471966957437216 0.12055634854827811 0.17886239135068652 0.2179850677198817 0.20645986917099934 0.22811062163757817 0.2414578877642634 0.28080739762289475 0.34114183415842325 0.40472750288946824 0.45335045595711165 0.4761135023383254 0.4613112565786806 0.484167875978839 0.4856611874042098 0.41706485889474315 0.4243067757934901 0.40763895779341985 0.3783144989273265 0.3703808880397243 0.35284499913927353 0.4268412899198271 0.40441390379450864 0.36698472688469813 0.38700762315340503 0.462065247871116 0.4650337617851671 0.4963996656466574 0.5307569964854438 0.494560052227898 0.47852286830013735 0.46279880804574997 0.49246236971667084 0.4979592935417087 0.44808971886668325 0.4261698241342376 0.457688679385346 0.457775233958645 0.4321840461709796
0.12722903851923828 0.15673133680930262 0.14635013532316185 0.14267174119022946 0.11411736442740655 0.13848757034141124 0.14710218487601973 0.20234473033335726 0.1976436182826637 0.20535503620586454 0.25979356842245277 0.2675923636573105 0.33979412428433153 0.4040549464187616 0.3820566078431323 0.4347260763476334 0.46587121324002945 0.4438277830495897 0.4328423570163013 0.45355956910338996 0.4467414977088866 0.4171797034912241 0.42895691794775115 0.3806675153262964 0.3930606666707815 0.41405871680894507 0.44013919343145746 0.3850321837987498 0.431645635786133 0.4999675305091835 0.4803984272376223 0.4804170118012805 0.49200320650062385 0.5042033931531025 0.45909242904781405 0.4722142053209574 0.49658749638434874 0.43471837531821506 0.4360973178761955 0.42314624324505645 0.40918297108520735 0.40686188681346436 0.37940179501560767
