Raster_benchmarking/continuous/raster-55.asc
NCOLS 100
NROWS 100
XLLCORNER 1743155.27195708
YLLCORNER 5469278.656963811
CELLSIZE 10
NODATA_VALUE -9999
[rows 38 to 56 of 100, columns 0 to 42 of 100]
0.6336855619502791 0.5652026743085051 0.5901438158784356 0.5554283163302285 0.5196385549415753 0.4523375808720759 0.39839908108687494 0.4263117698664137 0.3883355879602535 0.4167287538091824 0.44879281948728084 0.46691062515608006 0.4659562640687494 0.4325472519794848 0.43041473840971184 0.4497351388359844 0.47523841148075635 0.4188188899195615 0.42577933255310785 0.4515152290862583 0.456431379790791 0.4366554028119175 0.4682541137343311 0.4401688132618071 0.47787352885641426 0.5313163639145959 0.5862979477903888 0.616768595345496 0.637870231064196 0.6591829471472743 0.6443795445036281 0.6684783275011198 0.7012741861718099 0.6556541061058863 0.581488648264923 0.6145633195240819 0.6222663607302501 0.620871561964303 0.6378140013257094 0.6515865050529622 0.6644013397117519 0.5861443265946594 0.5900837214076207
0.6124283446457846 0.5598363616521429 0.5082758598636459 0.47899931226211395 0.49105902861677253 0.4392629514492179 0.4147820392346499 0.41991835608902267 0.4466228514484761 0.4485911899542259 0.44874001861899887 0.4531217339880024 0.4310035859028797 0.46875244923895715 0.43534594717856423 0.46492111085843396 0.44627846665666665 0.43213215668607274 0.43995992184959426 0.4242546397936595 0.4138481183881406 0.41017381801767877 0.45394010046349953 0.44499074725004645 0.4790457425406625 0.5339577803023052 0.577472896241408 0.5903504984758066 0.5932861802246194 0.6247236338141273 0.6498011614218088 0.6312151642879942 0.6813657900698323 0.6496122465775791 0.6112111756397899 0.6344081535703285 0.633039131820783 0.6000912559925192 0.641476518916706 0.6160598728179865 0.5856986701036656 0.585617039805789 0.5738580731531179
0.587924691396238 0.528587840904646 0.4744048545481051 0.46776414320877263 0.4406665452562472 0.42501230794367995 0.44434361192176197 0.4073962862088288 0.4562888215691159 0.4392435865885671 0.41356939035409535 0.45140953962303076 0.455077649060516 0.4462898960147015 0.4542134652085438 0.47819506001041523 0.43046523923164154 0.4525766274526176 0.4569997805316664 0.42402255488149515 0.39400817914840075 0.4076562883161884 0.44026895563476653 0.4661147004598879 0.490310029227117 0.5453622785786439 0.5473684133109806 0.5475115778916312 0.6142328265550543 0.6362574459576362 0.6393814679474839 0.6141218992973265 0.6349954465798233 0.6040778969166859 0.5990476158003413 0.5915580582851019 0.6262480544980201 0.6233026664942249 0.596812125368955 0.6152401623688419 0.5645477030838509 0.553226001048104 0.5947782520603239
0.5225198413941982 0.5408573643182778 0.49111924815900065 0.437590845245921 0.4415233146856996 0.39493749879214984 0.3949370587712984 0.4052540567959485 0.4193682667908615 0.4246569748939954 0.41739508144425713 0.39791499260142454 0.4415166645098206 0.46295960439149536 0.47597770067983064 0.4638219666224676 0.44939005445081404 0.43525935712952124 0.45242943971845867 0.44831812725677467 0.3995327790018474 0.4181199109604189 0.4621183499975708 0.47925163639401763 0.49767993691469703 0.4983160195683464 0.5024189352827484 0.5533082029599565 0.5550727592930401 0.5555375569698275 0.5950257573304165 0.6234253889266802 0.6433341545926671 0.6319648003716422 0.5807989853247191 0.6012558784153077 0.5882849398130354 0.6024628472715717 0.5755796676593654 0.610238345108135 0.5970976605229129 0.5469152932346283 0.5353473696517655
0.5158167374376516 0.498115306247153 0.49217725296104914 0.42637058453296584 0.3742874740068551 0.3810187351922235 0.36371245737109686 0.3990724244343556 0.4179166963664425 0.4344212290961649 0.44076534062281 0.43998920997552987 0.39334478857843563 0.4522682032489594 0.4656862178561703 0.5014820225333299 0.4916680121490477 0.481857440120106 0.43612586675241743 0.45906397298621276 0.40418779545246136 0.44397953084811786 0.4436078439827563 0.5066414311733776 0.5554378042681973 0.5336806823409356 0.49205406267751295 0.4866118639780757 0.5084248950781707 0.5530429302264929 0.5725383380614268 0.5778288939051581 0.641389833492758 0.5881182819735072 0.5662266887232438 0.5714874305564085 0.5688211417533622 0.5898133766857642 0.5963393869255773 0.580140877631894 0.5668192146606795 0.5494827201125114 0.5674582229307316
0.5006648685255632 0.47972219056075044 0.4505916013602407 0.3992376513623599 0.37486365228664037 0.3561999784086193 0.3583666232596776 0.39754063935770473 0.3786897456260828 0.3988785212626361 0.4352304338163496 0.4296663825908582 0.4084596385957478 0.4549224180395285 0.45622027675817206 0.4678247148344961 0.46738718271750185 0.49649981489504164 0.4346075326961555 0.42876603466249436 0.45366401765575554 0.47394792772748756 0.49029147379689736 0.4862963206730573 0.5134577839221954 0.5146052255450021 0.5387315927943858 0.509127414295763 0.5314785854347506 0.5339071628055235 0.5542972242899279 0.5887814730203973 0.597968938201739 0.5846625436215334 0.5583493455226286 0.5519267182001417 0.5350167857454221 0.5390335541713398 0.5366081490197412 0.5515925770781901 0.5666876300088813 0.5598702751805035 0.5168730184014007
0.42498450586130726 0.40450115034143025 0.43581364430576425 0.4158368428077877 0.36056363610559083 0.355633637957448 0.3453591879145258 0.38363577088395523 0.36709721041821636 0.43991205276239703 0.44525369259266573 0.42077176162057167 0.4692989766395902 0.44694684335088425 0.4753523613806506 0.4481725943138844 0.46040316603547704 0.45394069836361856 0.4814802198444163 0.46244005410005046 0.4388493732088646 0.4977146488993312 0.5243453774159521 0.49398246903978704 0.5314587233740707 0.5197762857862711 0.5485215726452258 0.5299079875052332 0.5127602500610938 0.5130113877611961 0.5230745157167234 0.5517318994724961 0.5353170578595523 0.5338146520663527 0.5731141221310015 0.5261416576019438 0.5031029867125516 0.5139612735205408 0.540294895985918 0.533960817859727 0.49145051580393845 0.5070950204107376 0.5151606783842575
0.41256645012099363 0.3858485104170166 0.39142759682793304 0.36211287750941273 0.3769785972781532 0.36603822212723425 0.3817246715608329 0.36125116322098827 0.3942746340394988 0.4313692321307663 0.4415814892409942 0.43262129468805627 0.44003885063392706 0.4445615460477405 0.42862801302942294 0.4249445011594515 0.4412134491210929 0.4445396453997248 0.480875620857772 0.47619456458118864 0.4592943614428654 0.4913791231121974 0.5459118902151233 0.547668861498051 0.5134844873180532 0.5421216072611837 0.5564927853299937 0.5440044646477266 0.5268238637555008 0.5037332124530158 0.5207297044339664 0.5106632599599399 0.5044770951413678 0.535366047493744 0.5567070143185892 0.5520565835106914 0.49538490770319754 0.5294755171065426 0.5254007320639611 0.5411320594012482 0.519219191180116 0.5040319375856087 0.5577924225490546
0.35049531305964093 0.3723377241574357 0.3648210064523777 0.369459047896748 0.3358782766500264 0.3488817895613591 0.38001528769672366 0.3738904370076685 0.41789116063030574 0.4461553982833511 0.42748755950792305 0.3889167240408478 0.38599971179920917 0.36398944618752516 0.38432770264776694 0.4252371587931264 0.44477996466552444 0.4690863875137267 0.4597883320446108 0.43627971499424734 0.45217725423233035 0.47429261652699506 0.5040622036539529 0.5223888625861897 0.5287459769094739 0.530619320058889 0.5155084740463679 0.5302292960911907 0.5542055541367943 0.5321261822459177 0.5159380856177871 0.5033123146163879 0.5368269811757428 0.5231471903911955 0.5645749262824336 0.541686968093709 0.4829887755777284 0.5230913991078896 0.5606177441518735 0.5513160271690942 0.5322143943473832 0.5324449708937082 0.5602852493119818
0.32631801558147033 0.36520131593925104 0.34425406750225745 0.34712803754989885 0.32136227875594825 0.3445863554776233 0.3608314525203487 0.41076938499714755 0.4186557353449307 0.4183193762260862 0.4410004712640989 0.4264299513618762 0.40345261576097946 0.3493535382272295 0.3856583939377797 0.4243568922949409 0.40695270429841357 0.4358965408473341 0.4720707412441283 0.44426773887708737 0.46770683238386906 0.48695479792595303 0.4942703862702565 0.5284358660871501 0.5581390421633424 0.5451134483872352 0.5403832467677383 0.5555980294562879 0.5755632250080271 0.5629857884875686 0.5368599562626205 0.5291996437605253 0.4949893075480603 0.49518399695597515 0.5142385259358152 0.5304586867624496 0.5339722047056035 0.5030823587428301 0.5473329940552814 0.5573161649297984 0.5176523778497689 0.5458511961270095 0.532165314367163
0.32808640467203964 0.3187428868343601 0.32538605405910503 0.3352488347381174 0.35049154071754457 0.371488335349767 0.3986771034964534 0.44301566562691924 0.43568242070003194 0.4167106747698023 0.4321473308837635 0.4031069642084664 0.3867599020571324 0.361518204429354 0.35493153027595487 0.40833559098387573 0.40736762275087846 0.4481863574128197 0.44290592903965675 0.44616090967619976 0.48769808728407005 0.4963911851164703 0.478110083948778 0.5074580806890608 0.5392012543422617 0.5265445616771844 0.4987842727817877 0.5267932278152992 0.5520610783198806 0.5228608250043055 0.5573727762914659 0.5275687036200944 0.5043983248913562 0.46817986166219866 0.47554577045739094 0.4981909739041561 0.5185010557329924 0.5211362494608042 0.5656528929900118 0.5352913809665718 0.5343849874511323 0.5809605064124582 0.581078668356351
0.2931145103694813 0.31086309017718466 0.3405354823790269 0.3290821395426658 0.31211080837928673 0.33887350809958167 0.4079987498026696 0.4307248150994917 0.45131469349052566 0.40008152891808485 0.39812689166649773 0.4106730672596081 0.4136030882568944 0.37118812920458105 0.3397801641330145 0.34419617428667143 0.38102335225311273 0.40979355066579903 0.4216053735371261 0.4488905119636652 0.4724519546597602 0.46026697941658506 0.4200023543786803 0.44179858756186796 0.4726516422762109 0.4816606786681057 0.4796340773633032 0.5224472292452798 0.5362834093038464 0.5077941427715813 0.5475457940927712 0.5203398809384969 0.511549846391948 0.5094324519899174 0.48354917503046396 0.4812609857400825 0.49258274783746386 0.5155380101847492 0.5267457827668751 0.5390410177437096 0.584851948698527 0.5476297425979566 0.5291251545839373
0.281183147532652 0.30844933030755617 0.37251336136488705 0.3464754151687247 0.34717333655355687 0.3717924015049652 0.36756948070248335 0.4031316417368891 0.43377283643838527 0.42949702085069114 0.3917051014497116 0.37540375920261987 0.3887662867202124 0.35993534155514567 0.3371083059691548 0.3678698131056827 0.3306246065414818 0.40200703974312596 0.42827992575224993 0.42157711502076395 0.45286346146600753 0.404974784382483 0.40399976507356605 0.4396981352587487 0.4608210615185407 0.47100251406520366 0.452970945046768 0.5019196501609415 0.4935891544579865 0.5075542169056183 0.5094124736292002 0.556832233882503 0.5514114465433518 0.5506696943042042 0.48129393915160107 0.5086038476065697 0.4851834315761494 0.495802578745714 0.5323933736704067 0.5570277446090971 0.6030345798189417 0.5525937705005224 0.5317247003064914
0.3369919738665135 0.328664751269502 0.33516151207040434 0.34148927394648676 0.35561022559000477 0.3538772767136123 0.3482499804561327 0.3916028747401921 0.3646322460273674 0.4056512496807455 0.3823418645363169 0.3864792654094683 0.3371666853211707 0.32649501847178364 0.3479431536499375 0.3619985411171182 0.3622648265792369 0.39472719551368274 0.37093778278876655 0.40255837977797543 0.40672139483913344 0.4118385547119749 0.41796799189194583 0.4627723760179199 0.4580283188781219 0.4469148286364247 0.4970089162899628 0.5023246928550095 0.5353088481685649 0.4928151562701933 0.5043353107503361 0.5306251264013715 0.5470048695005064 0.5457284223109097 0.4822144201653489 0.48847585451353187 0.48341185387606883 0.5095011854693289 0.5620746144329012 0.5941937154267517 0.5846877569907433 0.5507560190378687 0.5226138436148308
0.37879658239560277 0.3308164998837409 0.3648028588843904 0.36455634046911106 0.30751916010155084 0.34200251566572026 0.34019318939332716 0.34294485032564165 0.33340590612578064 0.3767787846193902 0.3827691051040472 0.35453177634472516 0.34521338610242874 0.31110300337274127 0.34756916695172835 0.3465785758080963 0.37748314494399926 0.39450656234041903 0.3661284367958498 0.35909720591436 0.4195548406955194 0.41703597129083186 0.39582548769054965 0.4442976142086357 0.48267014854682805 0.46806910224052745 0.5079879661739127 0.5035776495546256 0.5456165918996515 0.5294873960057948 0.5062416404314743 0.517981230253993 0.5600845614332318 0.5102593099736792 0.48560246037227534 0.4934940405074099 0.5422653700638446 0.5537240570028767 0.5549006854228833 0.6010271632802194 0.5976098379598169 0.5561154618795522 0.5526781991047109
0.34215272078772874 0.339089237616444 0.34072611577454714 0.3294283001335414 0.2907962907837026 0.3271685380802262 0.33276582308006275 0.3384239616062981 0.32037821327131777 0.35062232462797305 0.3547596912328583 0.35757062749035784 0.3375199960049843 0.3088843028326833 0.3494295302106065 0.327156428238452 0.3447349312224307 0.35351075397930803 0.3507950029994039 0.3624112677839807 0.3670006455691914 0.38144440786582223 0.42376574727261596 0.44155003753664596 0.4681202388906906 0.48403393080927803 0.49012357433924314 0.4917728455103115 0.49649413204479126 0.49490726435381804 0.5053580112086101 0.520302815059697 0.5492826259416446 0.5146360017060555 0.5170738866545678 0.5214444055247498 0.5027444380834638 0.5123017277494433 0.5460789235307454 0.5797843163551047 0.5708726329550023 0.587035583737508 0.5648900837519429
0.353350675564989 0.3355382509187306 0.2785966930961242 0.30663287681946777 0.286099223072645 0.32774538822071314 0.3336564632783533 0.33404402003851463 0.3417965579439026 0.3485807259493159 0.3435566932944242 0.31936103280649353 0.31500908620608253 0.31408395577162096 0.3253660198049918 0.29612736042475 0.2964590506229712 0.33448115659676364 0.38365948614081313 0.3688984594868056 0.36292523032945323 0.3988355851401435 0.4219727466563329 0.43713569024091964 0.47503450328310987 0.5119567826274726 0.49225594436683473 0.484623314369827 0.49726457724722994 0.49180049055245423 0.5466224866952514 0.5480786904307686 0.50907298404642 0.5053102115473767 0.5138639470445799 0.509506720771115 0.508897333561595 0.5317587335256877 0.5470964971168438 0.575997325896912 0.5945552257292839 0.5669604566264193 0.5449806811341916
0.3338590497903171 0.30976612787822716 0.2534438685403143 0.2574102811369496 0.28985714895470566 0.29064954142196797 0.3541911636666871 0.335331646819654 0.30436315452316487 0.338633483334935 0.3619277482853104 0.35801842705813325 0.3613225395720471 0.33725811233577874 0.32625718958310196 0.30116275784539226 0.3340906396100857 0.3544809241096117 0.3531502885234214 0.3470720632314672 0.39326712740716785 0.38589084291151554 0.4095080000007597 0.46209100042971946 0.4374971083412336 0.4827695102557777 0.4841566509145224 0.49358940814997254 0.5120837984822757 0.5039340132126776 0.5003663326807372 0.5447444657088768 0.5317332166441678 0.4898336439554701 0.48917279629173915 0.5322920516732585 0.5053964422726698 0.5227903902123239 0.5387348890703965 0.5345481826502733 0.5242300455793583 0.5308798773302813 0.5252234069626003
0.2577337641674083 0.31192998545780054 0.2796944094610829 0.3042808458601294 0.28279442250819126 0.33662332425993136 0.3593523984247813 0.3088025593310655 0.3055194548324152 0.31702048210585265 0.3505732881241029 0.36738032092153966 0.3563656976291367 0.34191981848524977 0.2694985756631831 0.28168488860788277 0.32933765339694226 0.33809003912635993 0.34914261924625295 0.3774060663514815 0.394943495184356 0.39400119546524864 0.4523088262428403 0.46729191079144206 0.43882133861703115 0.4686724430493246 0.42804019140808713 0.462306981131684 0.448492095924899 0.44794348018241603 0.49538894765718067 0.5041612809457897 0.5416178142420679 0.494555394675838 0.4912110697248193 0.5047355341693539 0.5517746919849418 0.5566729522707511 0.5291096919988835 0.5044208817180079 0.5303352537470528 0.5202120519400805 0.5416934460400015
