Raster_benchmarking/continuous/raster-34.asc
NCOLS 100
NROWS 100
XLLCORNER 1743154.2037117477
YLLCORNER 5469295.095745668
CELLSIZE 10
NODATA_VALUE -9999
[rows 57 to 75 of 100, columns 0 to 42 of 100]
0.07876304710429607 0.09965831008245249 0.09558756048710135 0.12084774760205191 0.12521431973905742 0.16909060968583273 0.19522687260311666 0.215842143685122 0.23188673313762517 0.2894154244728149 0.3140222810491917 0.3665426597309829 0.4055230696742279 0.4121455879809098 0.44998419459460137 0.4533365711559102 0.4960743585042919 0.47190268000637386 0.4522267141138927 0.4721735440854399 0.51782980477847 0.5042576451728205 0.5296559031129086 0.5585650175110183 0.5876887888460566 0.5812111676815153 0.5809706071815658 0.5712973915478752 0.6208683264090588 0.6234973803925757 0.5952362506547628 0.5968833475573796 0.6088842683752709 0.6172716023250048 0.6270835150450161 0.6076379741168136 0.5970310621339106 0.5814479050561311 0.5963464622637843 0.5845979425421541 0.6141771406032327 0.6323360124873807 0.678051833424965
0.03533755566469215 0.0637592807581147 0.09584918218023092 0.1382184358590453 0.10045999020329181 0.16050127866988675 0.21315859015955502 0.24000012562183923 0.21654258728378542 0.25980095983273943 0.3305076455896728 0.3657879600744373 0.4119759214250534 0.42558384350826123 0.45914492146883074 0.4523585974659518 0.5021029870370236 0.49294814845910034 0.4589524299389785 0.45843361140777494 0.5119119377671201 0.5120911086668676 0.5443440469183514 0.5233159066779615 0.5572416868341159 0.5944282323934746 0.6129083822024705 0.6003777898283115 0.5980192067784633 0.6173774643935855 0.6107758474103024 0.6441480784915837 0.6610588870125533 0.6150130171658634 0.5945789813743049 0.5943105296471723 0.6203700077928506 0.5953118277915337 0.6094831834871335 0.5956878249889774 0.6434819493699347 0.6681504351107098 0.6638199579317058
0.04446572427201733 0.06168230115934968 0.12570056365021423 0.14099604214469977 0.1720209091511045 0.20176422947801062 0.2434051085109805 0.23694757484615867 0.26175181154235055 0.2933999946876295 0.3564259970609394 0.3563943831059499 0.40597439933235535 0.4011296669332529 0.43986443845920886 0.4390631036958444 0.4969162182911205 0.486014009709964 0.4943774162620343 0.48067765860267897 0.4993871316772317 0.5221769486517893 0.5451522749526468 0.5315947641506711 0.5355213684348427 0.5729943597237545 0.5721171623336178 0.5920506465777063 0.6033207223556514 0.5879478920830056 0.6257066921597668 0.6309120982338368 0.6198691327584904 0.6233910493914184 0.6502879460001498 0.6559631046297579 0.6440876491391739 0.6723198943654498 0.647180446155965 0.6400505361836308 0.6543472224857241 0.6838504778267648 0.6689854328004209
0.0835805357196175 0.1247559398996844 0.10446163137748324 0.14636021524363532 0.18996280304045549 0.2352536131403555 0.2416202394148438 0.28318246601352537 0.309784468079208 0.3266700192428226 0.35170554299856294 0.37942441754354644 0.4037435318259462 0.38963351583563993 0.4256464729516876 0.45702344240612763 0.4688467318400808 0.4839975026636244 0.48358737077043706 0.5086398687071644 0.4884739983153831 0.4957989624496615 0.49841164124520376 0.5093813044807128 0.5204716843569949 0.5557754378136615 0.5999186488099892 0.5976954809791468 0.6019409800540998 0.6011060207782989 0.5999008239697727 0.6077270406585589 0.6349329469914006 0.6203425770480776 0.645109129457715 0.6728336948018865 0.6748298544505293 0.6844701291756462 0.7221263408924657 0.6767321459877386 0.6776907139847413 0.6911921897019614 0.7044068966757318
0.1025702700670458 0.14571813974440373 0.16508039864946403 0.18400892122012247 0.2083799193105468 0.22575429879014092 0.25320505374758323 0.25461434871664085 0.28623939292245526 0.3373584139520972 0.3516271546761205 0.34967915336575595 0.39408621572394237 0.38170338704832313 0.39900061375400475 0.43789397014500964 0.42927368918878595 0.44259229830985314 0.49156548540982015 0.49182493738556443 0.5028102853990641 0.47068675499940016 0.5187279526355071 0.5493838385845122 0.5496470857764328 0.5571826309015304 0.6038542208844756 0.6240295697839265 0.6134960946469721 0.6068620933595122 0.6233126704521053 0.599142629297614 0.5934430446257215 0.6135548225086392 0.6573970599986316 0.6818017637517485 0.678617098951086 0.7239389410323644 0.7076618912633723 0.7119582501744091 0.6941014819169039 0.7233037385711092 0.7269693336151594
0.13708087788826434 0.17395688370593632 0.19226471063956013 0.2000132717400063 0.19254487501675258 0.20515615660862663 0.24446392140676762 0.2758108515694213 0.3200206550256193 0.347696139062687 0.3717152932482669 0.353572857881857 0.3640627859407501 0.38787486033571567 0.3650614654150353 0.4230612828904227 0.4518673032793444 0.4440051297213373 0.4465400655395903 0.4590470010465221 0.4694401492454939 0.45193877301234225 0.4951618998956974 0.5486101984915734 0.5846062856565241 0.5585220018366823 0.5829608547533562 0.6116479375125699 0.6161308349307778 0.6124595859199545 0.6376929624119879 0.620552978909221 0.6100024626610218 0.6463251504764693 0.6476924673057836 0.6853127189159209 0.7083546553248636 0.7181985483286439 0.7078248078976451 0.7396764630614541 0.7415911137657745 0.71531840573719 0.6908283921065423
0.15787784977624342 0.1711051455861286 0.21949759345903327 0.21409107776662473 0.20274426655625827 0.22567659486537842 0.2228191491486989 0.2937292491089625 0.30059553377010517 0.32335979468126164 0.32486839395042505 0.3371006923733927 0.36614042446053124 0.3791742268976068 0.3560390787847823 0.4095065318884685 0.40456676214671333 0.4239844575118935 0.4055211372815172 0.4237630775150545 0.4603095604527982 0.46791964537410025 0.5402103205499792 0.5680551128401989 0.6055822341608708 0.5872272777558987 0.607159908805612 0.5891177229706601 0.5908803478167465 0.6034004376612575 0.5986632274322425 0.6398313671646563 0.6353115661456197 0.6382394003255506 0.6555800296795907 0.6645452504495024 0.6351207166903284 0.6549589885402339 0.706972776175104 0.7002450506526755 0.7258143757657626 0.698550996658463 0.7011748665022967
0.18302807108613442 0.16158470243691972 0.21844156345702898 0.20263003702262514 0.19090354759303685 0.20039519118916527 0.21924981054497053 0.2600513696269714 0.3353669291065787 0.3463261302000944 0.34563477303608947 0.3397380259453174 0.31703299292636955 0.3524353779823533 0.36923248613385856 0.39873736622107075 0.42365494165903783 0.41708269474651133 0.3848221460627199 0.42648046518298954 0.44745422018105957 0.49165655218375853 0.5499767293169299 0.5661528473457639 0.6245557055036337 0.6185154245893136 0.6271277052730971 0.6060175483366502 0.5773676558346014 0.5893067375185014 0.5843660136559092 0.6177930715775614 0.6315311841063969 0.6169932172410838 0.6061629265669936 0.6156473234609895 0.6082177412680996 0.6392449630553239 0.6754953148937917 0.7083641050532652 0.7429885204760772 0.7138955059118535 0.7220828636454203
0.16312795741492248 0.175514433160322 0.23211714559258273 0.22963988589936607 0.2343953679685602 0.22628592042017184 0.27219420468992567 0.29568052780794835 0.29598943796105426 0.31150494390263067 0.2976898495960403 0.2933968855167129 0.2936267960635284 0.3131356826135278 0.3406212085547497 0.3474190991439716 0.35399938469348236 0.3636010823072707 0.36732001017946736 0.40326917851453126 0.4460372331013132 0.4750631241689611 0.5478444060091499 0.5941940107264552 0.6218206211204644 0.6037544041215175 0.6055792448382281 0.6108900474202263 0.6249184923514621 0.6116996272032565 0.5690263017259043 0.5851713823000779 0.6297161055963054 0.6278859413207724 0.6495001510052334 0.6296059236361361 0.6202234641778704 0.6472372456352907 0.6703789095423685 0.6615924251889702 0.6882760312841371 0.7006175138352553 0.7318473329309515
0.19213527219091953 0.17228770152852046 0.2033012504590177 0.24201875076989882 0.2273583577309712 0.24129842823379513 0.2708731564257523 0.28085964677227193 0.29893508823923853 0.3040396213800473 0.2844033227970932 0.3013715893552263 0.26186324902308356 0.2874324951243468 0.3412890178461714 0.31356266680287553 0.359231048066765 0.37781520682677533 0.3758225872998066 0.43297458945964695 0.41707355115763217 0.4665933247474043 0.5214639117351473 0.5619961947236639 0.6109757919965152 0.5963271309533864 0.5827811289948615 0.6358275455956065 0.638130757180318 0.6347722245541061 0.586990297605768 0.5621289603151584 0.5723765349354005 0.6281715888952288 0.6336955578599232 0.6486441928277855 0.6157697311510462 0.6318475505623341 0.6287424958486177 0.6457037175310126 0.694520096570454 0.7008939259646526 0.6999193519256912
0.20468160964706358 0.20900267112587317 0.19020261335504107 0.22767708620755536 0.223341112217717 0.2461900064626449 0.2693100309145084 0.2780535505361268 0.30525806080269313 0.29884069677128794 0.3040123094270355 0.2938847240422992 0.29219663884379365 0.30647043561315174 0.29815323534356886 0.3030767857543635 0.319072804761827 0.34976083543854114 0.3846923876993852 0.44300801476284 0.4492541347635333 0.47386308575573916 0.5363261742000769 0.5561646816450161 0.5871390733824524 0.5676279933319948 0.6032461701015042 0.6228759086542318 0.6323341104810825 0.6093195062114559 0.6094081077844982 0.5823816506832294 0.5912777269376954 0.6256824873550454 0.6332810429175109 0.6213613609400913 0.6270096387457756 0.6326216511366936 0.6533049137819305 0.6430038675951155 0.6731334210600335 0.6849972203826341 0.699384943704412
0.15406397819362017 0.19809360361467507 0.22164589513020544 0.22545638280349162 0.17335903144459033 0.209321653371136 0.2192396422880227 0.26559741955313093 0.26613665377990536 0.2630498742842539 0.29618869047874075 0.27967439923762566 0.2820704849438685 0.2855586317466711 0.24425582860806622 0.2953626356683874 0.27870414793963094 0.33119615648932754 0.4050843631678538 0.42351201468964617 0.4847677776060748 0.4925843109554411 0.5408888975923094 0.532743544464256 0.5303679220034608 0.5660496267154949 0.6152968136605639 0.6197487982143022 0.6565075711367586 0.6628758386883822 0.6334119629402631 0.5981495870970953 0.6032536896052773 0.6312750367742412 0.6292907203577375 0.6384946720787744 0.5965744228500399 0.6165931816519451 0.6207698458360073 0.6314919702818796 0.6311415636473827 0.6590570927214767 0.6920767995808881
0.19747173509220528 0.19467021983097738 0.19399040257385025 0.2183144170638691 0.19431016837461806 0.19037592655580238 0.18696770123051235 0.23840867706462496 0.2591522969029907 0.24514202376542885 0.27547400783726683 0.2880334736315792 0.25652310225237684 0.2657583766256652 0.25391079744054956 0.28503353305779283 0.29275128019526636 0.3278674242441852 0.38695422453183803 0.41962150342130017 0.4634168240545832 0.48996007564866345 0.5151198998664965 0.506461125618352 0.5292865774680353 0.5232942446925155 0.5842536438039293 0.5865833304327014 0.656923602121008 0.6513154263696604 0.6231008649162586 0.5937854022763428 0.5924952902627351 0.5972389421784431 0.6414127327030883 0.6399525960769958 0.5967945767893819 0.5885382009916391 0.6150968220854452 0.6221958341753827 0.621990720618609 0.6341943397282157 0.6459071751562346
0.1674949385014654 0.18087107543284472 0.19484244566389805 0.20265831900798595 0.18600804375447683 0.1745459143676411 0.19377246994705605 0.21652099092319327 0.22030446667110315 0.2614212068548736 0.25796482423000977 0.23578724952312674 0.2465865711530222 0.2840782566124932 0.2862347761413229 0.25913169174388234 0.2795026923359576 0.3419394504132917 0.34802850412607556 0.3965559914585483 0.47181380169658355 0.46884480112007143 0.5216796962482015 0.4808052638565331 0.4903400366494281 0.5162823473129005 0.5453108385569262 0.5854523935542992 0.6307752420611871 0.6423040137240664 0.5984379086138111 0.6075990902106346 0.6054276883356023 0.6148755075388959 0.6156522102653202 0.5942535082495154 0.6179707911383845 0.6018597006467282 0.5843372459190838 0.6343080130624168 0.6406154997777331 0.6631233477087002 0.6639345626655949
0.13282074140721398 0.1677684775178624 0.17070140571626816 0.20207528747891385 0.18790687794559532 0.18970357834534468 0.1937588574667628 0.21053846304754603 0.2574382869752542 0.26548661537866447 0.2284499908320772 0.25018034738193723 0.23260582092937745 0.280244309610415 0.2716961174287303 0.28287191015276375 0.2865955161797505 0.33807226101399224 0.3385032413355922 0.3931151334288267 0.419303472643218 0.4619669578215528 0.47972233840878353 0.48935848568759355 0.4635560337166357 0.5072693089345737 0.5446151200241801 0.5568651382216868 0.5711579518005236 0.6069786727682882 0.5912293717534878 0.6059490781084035 0.6226037384379435 0.6013305062533428 0.5814192060373256 0.5898088641377438 0.6126287646506146 0.6108968863678556 0.6110050645072956 0.6232810693108731 0.6456878302176892 0.6621041699284832 0.66878755695925
0.08264276710370651 0.147783188166286 0.17287467235120538 0.1999910000460288 0.17667029186512037 0.21451896602567863 0.24396278686573836 0.2601753866094249 0.24478167688738206 0.2689133093920192 0.23657407275946313 0.22045396855766536 0.24092118174986182 0.26651488878391505 0.2594070500508942 0.29636115597023005 0.3333657752027877 0.3182630841828562 0.34383632135768194 0.35477228345059575 0.3808348293184391 0.4240313336975781 0.432391702771505 0.48434519456961983 0.46523977164532015 0.5077191079390532 0.5621116933882148 0.5677752914830447 0.5721813912373451 0.589169959201217 0.5929196399076946 0.5644801650354883 0.5744030168668076 0.5833190384578222 0.5386102666458711 0.5384030468607781 0.5428186686207508 0.5974907617435055 0.6124236386168098 0.615469708657984 0.5925253476649194 0.6312665908935132 0.6746370661580621
0.06838719740056716 0.10872910463944159 0.1390634169899178 0.16291283645344923 0.20132119389039002 0.22388886611921194 0.2577414719416057 0.25928704381416684 0.2893182113486567 0.26590129066141643 0.2393821074958502 0.23107223798631005 0.26848691595068724 0.2731366176740396 0.28967435020750865 0.2884900622887555 0.32823274423462157 0.31081151365042237 0.3237680902689367 0.32803037804494484 0.3329404533508496 0.3645907592240983 0.3911621229973696 0.474107574923952 0.5084473995943457 0.5400819282751237 0.569825075509552 0.5635847948248895 0.531748142617417 0.5491571712325897 0.5703184540606082 0.5628414021653312 0.5519176824483725 0.5305325263968419 0.5082288696815942 0.5387718524968343 0.5493784918958438 0.5508675335721592 0.580578873031538 0.6086841945232385 0.5859515878122732 0.6177249995205193 0.6400448245139785
0.0 0.11032638722796521 0.16289729391895352 0.15829935782410096 0.18201644620184576 0.21050640968093065 0.2081279896302203 0.23749317314643015 0.2884865291534455 0.2781363288721837 0.2724231072959452 0.28235747723185894 0.2605540933210022 0.2692217702346822 0.2619648464662234 0.29631213480240154 0.30020158363863414 0.30266818633890125 0.3195731405188275 0.30964269564864677 0.33048884790017957 0.37456821459637585 0.39075057429899523 0.44177976246809103 0.5398585160225571 0.5647092188944918 0.5647741350999582 0.5476531213040231 0.5240523196462367 0.5353671773430848 0.5232160866663405 0.5738509018986607 0.6038682011744767 0.5523300880341401 0.49384853825840147 0.4898135825850297 0.4966507445656749 0.5300889272207092 0.5627894888941278 0.6017652206945167 0.5871605604355485 0.6236075870130615 0.6497203085300649
0.09181050620604862 0.11438209807839664 0.1388794445931538 0.19902996307096427 0.1849012106744585 0.1866260181496697 0.21631479990263414 0.2870209219049385 0.28844931173001503 0.2826069150411627 0.2928368734147429 0.2836552807255492 0.2788801859261776 0.23830032230043832 0.2496837014446542 0.2664037092063941 0.28526147268125535 0.2830677902145472 0.3161630114196998 0.3023015291390032 0.3341581824976458 0.3404939503486362 0.3760499461464753 0.44380170295963234 0.46323642078493354 0.5213749280849649 0.5204634627065156 0.5109965188880862 0.4885201098633491 0.5011803198623227 0.5206186971252585 0.5522510111562036 0.5254015251279499 0.5350636766396755 0.5039089434315029 0.4667788214234564 0.4694393986211537 0.5250138133432157 0.5455843718513018 0.5476980491620036 0.5827926027946663 0.5936952045514233 0.5733855577158486
