Raster_benchmarking/continuous/raster-51.asc
NCOLS 100
NROWS 100
XLLCORNER 1743155.4460206556
YLLCORNER 5469295.565347771
CELLSIZE 10
NODATA_VALUE -9999
[rows 76 to 94 of 100, columns 0 to 42 of 100]
0.15329162110069028 0.16738297366882857 0.14994730628364675 0.1678861165727501 0.17904293432759094 0.2095440133336184 0.2128981434728675 0.21776624894908475 0.23504931225264228 0.20447677718417048 0.21019733220994832 0.21929020183668912 0.23733799895155 0.2510480218121845 0.2551959150515929 0.29069113298996135 0.3005121265180662 0.3157405717701217 0.32511223124947736 0.329554634297428 0.32534061025469574 0.3579150062184463 0.36320550137776525 0.3621507254521463 0.3486282056148961 0.36066889938855967 0.3920740557786253 0.43351781368525005 0.42444980293893786 0.3973488046589589 0.41410747113607693 0.4143171988109481 0.3896235089611856 0.37890176426649697 0.36940538437132403 0.4195622153643183 0.43773458447324315 0.4334607587268817 0.4472502703461918 0.4404372337476627 0.4178077904417903 0.41453014200957056 0.4363587911962285
0.158566594695931 0.15913848944103043 0.15235731330092045 0.13054627035325406 0.14007660017720608 0.18393244640712164 0.20351139680060543 0.19153445363512636 0.1779614931025957 0.20177996641130017 0.2018366554942533 0.21324039992558677 0.23263867729972185 0.2735762477839762 0.2858037236499537 0.277709114008589 0.3094756878200502 0.3352678372566782 0.36272678661517377 0.3592126233732552 0.33340177149175204 0.3614585541964787 0.3726074003381788 0.3748596632780925 0.3674050056543631 0.3716473607173977 0.37766998608250824 0.42540582931848137 0.4097835200583441 0.40279552576094385 0.39816866126131045 0.40447136012393275 0.41439443890865657 0.3719970459194695 0.37924152639176545 0.4139991695103664 0.4097110549555474 0.4348440173605957 0.4224508459588134 0.4201370955088307 0.4204110636546652 0.4184518321536967 0.42447806321721127
0.1409434984274517 0.13303054349579754 0.13123486280976 0.1439996105134533 0.14462567426796943 0.15587833187481592 0.1644905258875163 0.15386485235714842 0.16408964611132978 0.22230721135747925 0.22093661476683357 0.21442290983095705 0.24926949284097394 0.2787639084099314 0.2880352072408106 0.29059814270597706 0.320926535255958 0.35570051701957567 0.3616272502363178 0.3448380777896599 0.33014817597908946 0.3323725279611437 0.3369581909374614 0.3582229249393237 0.33443918031048325 0.34068375774583826 0.36454391738982667 0.3777501388580922 0.3692404320773487 0.38670303739760536 0.38899011775562176 0.40620305505967774 0.4079022329715045 0.3722681704344493 0.39861790632758626 0.38894442247343347 0.42058264972491727 0.41105970568606864 0.40284957663880155 0.40483958336843456 0.41975118950746265 0.4249329475397362 0.427691295569235
0.12853929481920323 0.14015205143066073 0.13430586224977703 0.12007029403301896 0.10826367825439678 0.12199767257240968 0.14610859873477652 0.1227157624684516 0.18224163358927953 0.22270237871970097 0.20672695090724993 0.24063534683451784 0.22299777391639977 0.2330296270613726 0.2601559273031593 0.31171036302856236 0.32364839079520047 0.3485249708701011 0.3336245346841857 0.35890605610130544 0.3231383231086352 0.30418050405357216 0.2957875599197298 0.3131784269213476 0.34662905110765324 0.3446483575174222 0.35322035333838614 0.3320783870610951 0.3617483267063577 0.35947057867643173 0.40656306078426446 0.44915527562981294 0.3922139180153417 0.3671388311296395 0.3832714544998258 0.3865280345260483 0.41460646722063865 0.442325620636549 0.3962496817977313 0.3974110833395787 0.4042697307313253 0.38145318146907914 0.41497459806553305
0.10972738727432808 0.10718679857229604 0.11964339510226162 0.11883571394811285 0.09493241125456645 0.12312989375876712 0.12549164199148868 0.11931138507561917 0.15458524655110473 0.19700493075592504 0.2007153707419529 0.23913148160880118 0.23568907562607108 0.22419325089286565 0.270468832578296 0.2607139742171178 0.29096613064032373 0.3272865591793152 0.326855112449729 0.3245798384343022 0.29801008131524387 0.30120731892736513 0.30588283287484896 0.2926650902930521 0.3096990741938101 0.3022324734555827 0.33698235819874056 0.3293101035871151 0.33101297528371854 0.348735459514765 0.3783908746900434 0.3849133093958475 0.39499222071965295 0.35769440722692275 0.353480898588868 0.3702414936526057 0.3941955618039476 0.3994922871700714 0.39990834606089803 0.4091827559801795 0.40852427994803325 0.4145687368611601 0.43122758796124594
0.11424745168231194 0.09116704544413705 0.09630433923825854 0.11013329790311265 0.10896989725278745 0.09380470637879536 0.10920988868786559 0.10821196418371555 0.14977342144649125 0.1837067102366753 0.17821278573230356 0.2393636148880685 0.24466614309421708 0.24068709114748413 0.2381504188866979 0.25242028846056275 0.2555787652624801 0.2695607095490257 0.30746649929476483 0.30640926076333536 0.3021234186727885 0.28226839109283075 0.2756298969044257 0.2967012359205602 0.28552265954191236 0.2945163910492746 0.33840759709288115 0.3382186114319746 0.321617818682145 0.3295325170514374 0.3638813245705549 0.37782562468762126 0.37666065979777524 0.3497936292704473 0.3737750923996015 0.34849858539831596 0.3957012499574471 0.4325468562401303 0.39325203055583513 0.390734701214655 0.4261615427801128 0.4167619309315401 0.4464311590507731
0.09876836138328658 0.07213148509728413 0.08583010048944872 0.09216336423267388 0.1023951436554941 0.11026536531261441 0.11060836198023427 0.12624801350185258 0.11243238639277324 0.12767774879952462 0.16713891872005582 0.20011169451094493 0.20261035223794094 0.2152276634533077 0.20126558437871386 0.23051562568766734 0.24228280570067715 0.26080503392794857 0.28987017758382494 0.2775974391191777 0.3025601546348587 0.27052108738087177 0.28897943449101127 0.2690036380723589 0.29620950565455684 0.31663225193108974 0.3099614336925641 0.3271780042256159 0.3220122289678422 0.31165440528897287 0.30991195605796046 0.3535169571311027 0.34799307791149414 0.3584956275499597 0.37215709305669303 0.3725739075373396 0.37684240379108236 0.4094530331704171 0.42758171534205897 0.44191833556077853 0.41870885179464246 0.40890279821411957 0.4351361150597408
0.10753852122521516 0.0677642553550009 0.0933514900612207 0.08115995995904998 0.09298806275916424 0.11852650493176785 0.0957512246280608 0.1063854149530983 0.11364896917358967 0.11840364068225435 0.14523660353174922 0.16164591799145805 0.18001615210455146 0.17320371451204283 0.19583524346462955 0.2217695374912544 0.21760744610253108 0.2626297502913135 0.28182964859947945 0.2904643468607122 0.27895319400056 0.2626362773266426 0.25181367359024626 0.24369253119119133 0.25886445846207684 0.30653302109892216 0.2972330716835042 0.2872502183383539 0.27324661955012347 0.29033195397404055 0.32146176122532144 0.31858833465596675 0.35144845164194294 0.3581493094822056 0.3550935568619053 0.3616460990799109 0.3628065504323681 0.3785564103467284 0.4224153379214331 0.45565449523779017 0.421201629885231 0.4434711438091628 0.44598928197908244
0.07860029117963951 0.0734991689191564 0.06360496038059466 0.06982674033305356 0.08232532259646207 0.11172177388654472 0.09919597452771813 0.09256375491010292 0.10118767940716696 0.11109022433186952 0.13156340993729096 0.1372837368312066 0.1334167965776359 0.14566357702983612 0.16072520441166285 0.18293825777066852 0.1953734402337577 0.22293338363538628 0.24800558186944724 0.25625564408665813 0.2546165908632744 0.2381711410698686 0.2296031312136139 0.24588048853348451 0.2463097069205458 0.304600968642132 0.2932500027176559 0.2752975119792102 0.2763026530457257 0.29065237489273754 0.289087471475181 0.2998850041382809 0.3033670284495368 0.3400823220757098 0.3709946523179074 0.35486402529191025 0.3894291962122813 0.3847474497931608 0.42393402027044635 0.42890022484557494 0.43698624466003266 0.44925380975103435 0.4313867689596482
0.07287097909371676 0.06931990732127635 0.05922495254214307 0.045143395352052515 0.07836003453094445 0.07310937527474787 0.10146619823976312 0.10092805646710547 0.09835796722586164 0.12439908489112449 0.1292823495212302 0.11555848847459797 0.14025091771113482 0.12317804079166568 0.1629107804583755 0.15479194393562287 0.18266105714752223 0.2119859413769609 0.2190857740422017 0.18724121236512656 0.19913612185155613 0.2219629732547132 0.2197864115135871 0.2234647015973358 0.26337207206339003 0.2948208319049385 0.30143756468486166 0.28462490812991076 0.29767826656416485 0.32646617980055215 0.3192140970251159 0.2906766064297424 0.3033562974150301 0.3161939713322734 0.34195074735850717 0.36414787473765375 0.37120411694155814 0.37015665013214755 0.43178685839976394 0.44800768790160445 0.43566230208284423 0.41887710963988267 0.43075318544892727
0.05124965965746579 0.06536164997132611 0.07578163794201793 0.059354352984934765 0.049423206200870116 0.05376971538258782 0.06378247968096645 0.10110881080336384 0.11083397795058823 0.09813063892483712 0.09559660734855274 0.09692785579027195 0.12313389566316923 0.1387535845479514 0.13284394253051762 0.15823827494086318 0.1517248068102277 0.18332660650185298 0.20201770376203865 0.17177903934948022 0.2031171208597538 0.2320322083654524 0.22865026057279847 0.2478348609648193 0.25834360779721754 0.2657149910299948 0.26884183252382965 0.27787837066550153 0.28033247154176333 0.30011247072481106 0.29735936051798 0.29265124116202806 0.3196859682840427 0.3324948822574234 0.3436416694117317 0.35418229037727805 0.37632557010762474 0.37515404861364376 0.42307529368768204 0.42047318367057845 0.4420639922649094 0.46653292092804777 0.468784552201918
0.04877992139067722 0.02673143875086636 0.06924800930351453 0.0830027554598583 0.053506585880835456 0.04133291429990357 0.06858259524610079 0.0792875679923801 0.10724204588327588 0.09110042004832959 0.10769675674334495 0.08291866574979409 0.10484140466929007 0.14625261998642564 0.13602829553125848 0.11347472476042829 0.16494039693348178 0.17864057085905916 0.194891119251828 0.15658600804429734 0.19119541334436202 0.23347476654285074 0.22555538345321882 0.24077648759332052 0.2570335206963686 0.2548890673515191 0.25790802414802405 0.27103642911357473 0.2660248876561412 0.2887496785189613 0.29081522855929404 0.30681832905991735 0.30828535710973853 0.337295910786555 0.35991448986681807 0.3353156731243992 0.3473389587725406 0.3649406836359418 0.40140140458531043 0.43157803202899386 0.4407520016759237 0.4576501212529962 0.44321801586034737
0.03111264861520378 0.051956149138282004 0.043894966242117785 0.078247442497549 0.06398073125158084 0.05209982393973188 0.08245428337606156 0.07687243330300433 0.09371224305555703 0.12058167978908922 0.1207985206436875 0.11029056408618264 0.1256383390223671 0.14839532960045743 0.14087720639654847 0.13889897939468768 0.15339933683390117 0.1749843144687899 0.17202228895204758 0.16459397646270493 0.18556966332219452 0.20113754764618524 0.209325698332863 0.26059511064770907 0.2783584477655716 0.2877556525943939 0.2616672174656414 0.26383964872208704 0.28815844914869043 0.278551787904911 0.2809202589828541 0.32775505220528367 0.32592544166671694 0.3603185882353264 0.3557740459876552 0.3606228601569465 0.3594656605615865 0.39931522598120994 0.42988584005879216 0.447748706533262 0.4305175301086633 0.43489210256404676 0.4486714262320908
0.0221168985793169 0.029719837630905042 0.04916478323048956 0.067420492761473 0.04841643444060534 0.05792288124424803 0.08695843581834509 0.1010937315030235 0.11816586669507986 0.10947454425593106 0.13222448932749634 0.13333898759307072 0.14596054025411398 0.12989937178213462 0.15148455812680323 0.13254660980496424 0.16554528541623234 0.17529856693544144 0.17841374035526175 0.18650490164523942 0.19983351430564658 0.17807232140241466 0.20126274883473413 0.2602289182766452 0.28893789627343014 0.29510243894229093 0.2772613201393653 0.30063514683725134 0.2715650196306724 0.27229556056031606 0.3130713339013399 0.31582879438571176 0.3328256652077834 0.35840763018713184 0.3827568312554301 0.37234542589384345 0.3801562833353974 0.421521212821947 0.4293293933228853 0.4348806550899586 0.450647717761021 0.45506248930493576 0.4669753424411507
0.034752830500463135 0.017978275865403338 0.011935294091728398 0.061092907820757734 0.06524913195062301 0.08680238387501839 0.09897234735894063 0.09137651922579966 0.11965053584628897 0.10326227762161376 0.11543641500366653 0.12056109368659806 0.14513856747962706 0.12193154314066373 0.1502164120881173 0.15569674114398455 0.143832173214834 0.14864772155719574 0.15687581296575787 0.18880067319283617 0.18437206898895514 0.17626894275322544 0.2025097226655462 0.24995463176674754 0.25306126330410167 0.27435892866116435 0.29352563349964594 0.301903645126973 0.29267715422228 0.3056618921450112 0.3045044348084025 0.3357148437256589 0.35865825681178465 0.3883009283631013 0.3762868639924186 0.3857792043387529 0.38858323164228964 0.408882148278322 0.45274938850264174 0.440033389902558 0.4465931692967578 0.4240099131952793 0.4355378196959288
0.027806179301165506 0.0 0.044794134387298866 0.029721519367234925 0.05311126445156014 0.08938422418964177 0.07615946435670536 0.07914787069462748 0.12913057155666738 0.14915163856664226 0.15197804106130194 0.13032261281150453 0.12791486314594344 0.12565909721093454 0.1739482429737311 0.1735779719103701 0.15259610241931962 0.16037399301538527 0.15172388178305032 0.16878090183184027 0.16396675959981047 0.17488713538931056 0.20472265560529057 0.25356240487935017 0.2516412730432022 0.2803627354098667 0.2646788014354343 0.28310778140480775 0.28126566257030783 0.3282462191571089 0.34246508633645173 0.3636124128566058 0.4009304488537061 0.40401224470514485 0.39206922064724936 0.40751939123667097 0.40405758749173104 0.43746953774681285 0.4325235611788696 0.4330374569436892 0.43395549048860904 0.40376459909406026 0.4373962578482301
0.026203031955179788 0.03816192708292866 0.05335505086425958 0.05996238100041669 0.08199568360466225 0.10337965512811872 0.09970821962744615 0.09718598438461948 0.13483391874680267 0.13413886074239606 0.15116013199412756 0.17181360651014912 0.162480689001503 0.13130925006238234 0.17157288802307186 0.15327071975809306 0.15287139189492904 0.1758420857735364 0.1892521291034585 0.18642416079542803 0.17364390142194167 0.21684910707508992 0.23705122936193757 0.2497439578683271 0.2650452884676436 0.27107163650786636 0.28557206322065404 0.2806525125558978 0.29153955503674356 0.31302867816213403 0.3323522627864578 0.35812809382773947 0.3974694641807213 0.38441472715664193 0.41025404012886274 0.37995002848243076 0.3767304592046594 0.3900419854435231 0.4010520518742351 0.413748983171304 0.39718111692960045 0.4058951665413251 0.4179002413000416
0.03594658490808086 0.03573356006169833 0.04878240213406466 0.08700797117011326 0.07324620864000139 0.10577058045548367 0.10401566536982973 0.1426799109919412 0.15808856722135883 0.16905361964807275 0.15466176522182787 0.1834289918284705 0.15590478456117607 0.14415182093872567 0.15211654430990293 0.16126865242624333 0.16621754723579038 0.19429552345981518 0.17417510600839078 0.1679469051820456 0.17170276884437194 0.2282171559236469 0.23425436383902565 0.2459657519678989 0.2490354879629279 0.23443996466622283 0.2579539603701257 0.27982906394698365 0.27770449126051167 0.28386150667104754 0.3366693386786469 0.36347237467959265 0.3712150118720675 0.38552532368941345 0.39967924503339586 0.36532596337623874 0.35802254753587787 0.36532769242910773 0.38094713403210073 0.4200622770561299 0.4239425600438191 0.3964257317715569 0.4259333300203182
0.05253021790264786 0.039520047291616206 0.08103805963164325 0.06764528550981143 0.07448636125270687 0.09620233500741683 0.14494785300327898 0.17872425658965163 0.16590066638115705 0.18479918811550008 0.17448877822891584 0.19920663836143587 0.1652749213280473 0.17402283346372133 0.1488241498760143 0.17669379424702178 0.1903274902908596 0.18437607713495285 0.20627247657977252 0.17918740133945288 0.20104826807693976 0.20841787388902636 0.21640366350851578 0.2409984888743006 0.24043289695487063 0.2253392656756477 0.2649767263939124 0.26432929199553334 0.2850308737706376 0.3134115593409978 0.31252130173422055 0.314629385098253 0.318277418165262 0.32398137116681625 0.354033452104217 0.34236035857163244 0.35348468102201175 0.34706741205213 0.3936541709285787 0.42288209156965234 0.4104171367326712 0.384383402984753 0.39150783435764114
