Raster_benchmarking/continuous/raster-152.asc
NCOLS 100
NROWS 100
XLLCORNER 1743157.0121629525
YLLCORNER 5469295.951286353
CELLSIZE 10
NODATA_VALUE -9999
[rows 38 to 56 of 100, columns 43 to 85 of 100]
0.8302466534312507 0.7994015320074687 0.7839722511277966 0.7501023992376056 0.7315598784892432 0.7198004158597906 0.7046615564458799 0.6499345760113575 0.6314308507839819 0.6382651741487205 0.6156493491336672 0.5963252275423246 0.6026071215801194 0.5955896333801799 0.5862041175735234 0.5687005180405371 0.5557613465612109 0.5542797346719851 0.5103855465664431 0.4952316436871509 0.49458304454226026 0.5290100753523886 0.5162952071143265 0.46985790791725746 0.4549443633724276 0.41205185385440596 0.3940364953151251 0.3918246858916875 0.4081729781747566 0.42296294910699483 0.4265688676075491 0.38894036450675046 0.325337668862505 0.3145301573473678 0.30673108861937887 0.2779445195178688 0.28337795425193896 0.23919079479025107 0.25180048573524294 0.22145196599856104 0.19329579029942645 0.23232275281340398 0.26026391918884967
0.8153572720252403 0.8079505637275779 0.7922973004141378 0.7442841500867694 0.7068174676116851 0.7125024189694575 0.6817706827742063 0.6351843888696034 0.6458096931386506 0.6408709160028452 0.6260360133913561 0.610341417679546 0.5996275088450174 0.5894532580412611 0.5931585862959389 0.5616954186639198 0.5587030387255469 0.5422885155350293 0.498687792415642 0.5003960451037447 0.5242596169483454 0.5245775413752373 0.5068010348105375 0.46394648004235056 0.43016042850655306 0.4211342728999814 0.3892237418023254 0.3831861899326458 0.40572656422200665 0.4207259072845233 0.4190839764369874 0.3716671500096465 0.33268106427290073 0.3148234890470276 0.2821887598212432 0.2870404519581215 0.2893624664558853 0.25331568628804857 0.2771662779607772 0.23207695941553236 0.2007775034597843 0.20696464063178505 0.23517776394732606
0.8261670055285415 0.7875967627709555 0.7749068393647098 0.7452164998258903 0.6945252082584004 0.6972461373407962 0.6501402893318158 0.6306834388137963 0.6158552474892772 0.6007935015538252 0.5784220251923575 0.58423455351908 0.5843783403910792 0.5770844434941453 0.5501897558854123 0.5812811730360486 0.5730432200705083 0.5484814824529293 0.526719990110563 0.5030468979102253 0.5066518218199981 0.4794552898827429 0.4934036279110008 0.469510771503838 0.4522262341909877 0.41147411065469663 0.3838681529515402 0.41626498094512804 0.3992526171626161 0.404982661301149 0.40057572410695863 0.37643420449188103 0.34853964448461494 0.3019450868838827 0.3125323894636873 0.3095894917184294 0.2765424550112214 0.286717870547321 0.2885950117079627 0.25202843155449245 0.21051738132603623 0.19882787639090832 0.22708955566615388
0.8190072542729179 0.8006997136827826 0.7915927311084395 0.7343986277915137 0.7187723565762281 0.6614819764020557 0.651781368394001 0.6531421053275918 0.6180839297577077 0.5760037924036173 0.5834864795436595 0.5590446168699894 0.5541082551045602 0.5576861686960944 0.5343799822445343 0.5422878644941277 0.5664594905290044 0.5444808827405084 0.5226852031940772 0.47563003708996016 0.46623988859763843 0.44720926883144707 0.4512294558880469 0.4698091476900603 0.4261116868031181 0.42180936949697767 0.40852124544915835 0.43035147653404576 0.4234796479253407 0.4079339828936787 0.3715078081113483 0.34693678598918004 0.3303329690835898 0.3325405664821331 0.3368758719947744 0.31565116792138315 0.29226490057919285 0.28829553721791573 0.2899740527798109 0.2356132835075188 0.20357517560056446 0.21395872702672386 0.1972012929815218
0.7947891282373825 0.75345462638605 0.7596359936976115 0.7190244373666166 0.6755205338823675 0.654780076156509 0.6334455709532277 0.6238658580899532 0.6272236162360265 0.5892691904439689 0.5467096129048279 0.5367911441174495 0.5299717062197098 0.5317022897111028 0.5681651806147661 0.5622010374327462 0.5618989793822659 0.5312287128627414 0.5133513009497556 0.4862373759313258 0.4798425222871612 0.4634237980323277 0.47074816836804495 0.44516081357836584 0.455078075912574 0.4371741261501228 0.4282315601455318 0.4065088645258491 0.4034790377754638 0.3764130792435328 0.3626312231550721 0.34940470509431476 0.3671096799508889 0.36844058828046455 0.36665440885586487 0.34005967416232125 0.3150270982705706 0.2911940003459153 0.26675999400205075 0.27326601638130593 0.23930981970077642 0.24449484366349505 0.25077321727523433
0.7623442046184674 0.7431346127233476 0.7013634031912773 0.6758021100287446 0.6466990304460754 0.6145658596523518 0.5985799000499459 0.6157619681421291 0.5905904079353895 0.5579458225859458 0.5461005573822717 0.5602707772768167 0.5413642628518323 0.5288907925804051 0.5637458930130808 0.5495574296600314 0.5744962483025211 0.5669664532485633 0.5156651936213874 0.5178080930229965 0.502861992482053 0.47848689742778366 0.45331283031870856 0.4665546531633283 0.4532000144425618 0.4496027954998571 0.44600498705454106 0.4334451447547735 0.4233958567058003 0.38582410155707153 0.36388430659296195 0.3858439047444535 0.39924203031937167 0.38783299042164365 0.34995817030413023 0.34446115105948816 0.325965551046617 0.30944218556260816 0.28142760813609086 0.24982764439421395 0.2665574294447757 0.26692790559537855 0.2981481539104797
0.7563314280186523 0.7179231946173771 0.6646262759599539 0.633029010618718 0.6424393509132132 0.6085204805801064 0.6117033828756058 0.604956660852954 0.5945770454266325 0.5706984208248936 0.5389177453373272 0.5475133736048877 0.5253043792167069 0.5451770181092884 0.5789820077407823 0.5610429338232857 0.5806814287002909 0.5607295864498796 0.5260903524558166 0.5007497468800464 0.4771221048600854 0.5010723263383045 0.46039680097324487 0.47982775563126956 0.453331648407619 0.44686268458887746 0.4514288230293575 0.4559429413941739 0.4086068519446465 0.40230813372101426 0.3916309855530876 0.36663743488764117 0.37040520422439516 0.3811522795599418 0.3394740817955259 0.33248326287356517 0.31699925759604175 0.30497042341385805 0.2627098624472086 0.267329251641546 0.264296086059759 0.2896580254430338 0.31730585337599965
0.697936514185513 0.6723933369912976 0.6523439417235647 0.6308762201867256 0.6001350768284139 0.6180035410086278 0.5824283704685056 0.5824989973286615 0.5693222626575689 0.571795475125374 0.545578081589925 0.5587094294700017 0.5533477792196394 0.567647220216467 0.5704022584232524 0.5612685679759519 0.5426407103387132 0.5303492874991325 0.5423733277933315 0.5164026087593379 0.4928036153642869 0.5185217648135345 0.48544768018758305 0.45534086247105876 0.4740967975432195 0.4646460096777983 0.44066677580963265 0.46705954868979005 0.43877886420163925 0.40454928914474153 0.400709463104072 0.38483475784479176 0.36592632360095634 0.38514011143596844 0.3484867983008657 0.3663407279400818 0.3595407233644098 0.32274813498878197 0.27193868700092766 0.29108534109201767 0.31350406683380766 0.2991952199952546 0.3458678412737038
0.7041362205221616 0.6863139520911669 0.6592275827422025 0.6246901347604937 0.6011977900905711 0.6171957488261822 0.6066534333481775 0.6028481901044984 0.5705659009103028 0.5499340776151906 0.5329716536986772 0.5333615667246223 0.5241029860657823 0.5572706852352762 0.5480854426992523 0.5572627072500725 0.5447363143802455 0.5626518940094305 0.5362702406895132 0.5176375768783765 0.4991110290149112 0.5094294154215188 0.48756200793229654 0.4573422038655042 0.47374064791593384 0.4592671699296906 0.43571082990688376 0.4436515266945735 0.4262954470107268 0.3934894725794856 0.39404578550947944 0.3994121638293148 0.37352691073727823 0.37287767501587704 0.3805725387057199 0.35399358230198025 0.33132488845076385 0.3378010091130622 0.31759631739977584 0.3363846424366421 0.32966197610493503 0.30108343426392037 0.31422341985645813
0.6880671126434819 0.6786347613731465 0.6541495460119716 0.6118515857940041 0.6231890620140891 0.6031839400452333 0.6304660807160862 0.5802760900884341 0.5929796181300506 0.5477498101942002 0.5608487655625852 0.5198121740881939 0.5335938034920311 0.5355866757792843 0.5433024963875102 0.567654649975938 0.5404727928992533 0.561620764174423 0.5576239131173629 0.5297646295639977 0.5597910527210799 0.5344286233791954 0.47056613085894167 0.45641423812585286 0.4559448449762766 0.4522581666862072 0.4455223936303961 0.44293362943576875 0.39858942670365605 0.39424246363102255 0.41427417148291606 0.4317619830271331 0.434285944004601 0.4006510540552087 0.36192147839817734 0.355500053628325 0.3511578637019144 0.3385552680004645 0.3608157430978698 0.34180514063050155 0.30905404277945636 0.30407110787786246 0.30943623997150554
0.679508238318681 0.6495022277626777 0.6421534236915013 0.6244935207232833 0.5944263620332016 0.6209052686092505 0.6216219511209633 0.5728688074474343 0.5583170196896111 0.5497248979027183 0.532754358809582 0.5278439370457908 0.5494018217978734 0.5625923405495732 0.5664119027702952 0.569040270139955 0.5376796674764699 0.5649839429830776 0.5573039221727394 0.5610057251133763 0.5631808481846301 0.5125383701879723 0.49158736323326524 0.45306304462474684 0.4551682820045886 0.4618470093015181 0.45441766450981985 0.44130087482300395 0.4191645494885739 0.44636446407371894 0.4515012376414766 0.4506380746965542 0.4315893831154568 0.4270551507692523 0.39217185428301515 0.3523598062000024 0.3382637159567026 0.3580752271635927 0.3673824187129321 0.3606613860344385 0.3539521312564605 0.3304896151809244 0.34239186042119074
0.6884101109761873 0.6844556577080668 0.6568309155067633 0.6395702301788648 0.5922886847843397 0.622081192456249 0.592934746509515 0.5707512425446964 0.5559245510857926 0.5400387333140168 0.5513599332960142 0.5295660091117972 0.5339175859938452 0.5437626719513132 0.5886853532782151 0.5758810151371889 0.541818900660035 0.5405017896382753 0.5703328552963914 0.5714077684117538 0.5668626197810489 0.5275446530848691 0.5100105980741187 0.46529002660020985 0.44221581771172297 0.44058013967931003 0.43001348586440674 0.4515374905880301 0.43668528698735315 0.4522082104161505 0.4546784466717681 0.42478218116184174 0.42174708258747984 0.4080848007113779 0.40666045078383917 0.36996783839361885 0.34203417015078025 0.3339459601602389 0.38004075640919077 0.3508566895556392 0.33010302486611975 0.36390177282398595 0.37000387170610755
0.7028750998264237 0.7102763060025324 0.6866557714038438 0.6683781703088058 0.6243133141182525 0.627813041143645 0.608642522148798 0.5942867013666414 0.5807011874330108 0.5871182894619481 0.566454607900641 0.5845568252387034 0.5696959867139696 0.5738198067711524 0.5822955240816857 0.5927815998710751 0.5585546924016234 0.5729929373831772 0.5545656012052107 0.5461857335508433 0.542972232261234 0.5158091426651363 0.4932760112695633 0.5030198009559453 0.444894982459571 0.4392608842446408 0.4321900085459243 0.4346176713943792 0.4454460370114607 0.41965168497904465 0.4127289851284788 0.4279428395671662 0.41542227775362417 0.38490306397637847 0.39515713734032537 0.367134513577469 0.35120407154165045 0.33833462060259534 0.3704131548603869 0.3487145588855019 0.3394575756456009 0.36640924299480393 0.36475371965084197
0.730303532293905 0.6851252171211495 0.6882984914309671 0.6757247968078399 0.6466263478124684 0.6306708049443313 0.5991938005460963 0.6216861291830463 0.6325382708697335 0.6130348517261243 0.6103444114666609 0.5892518505009701 0.582464461016349 0.5775758700145528 0.6110314686808928 0.5802458115519682 0.5898455837172196 0.5514549938756165 0.5507779523250145 0.5471371195716451 0.5365066221976197 0.5002201065104505 0.5060175194477847 0.5119474296988831 0.46901059564184294 0.4514901118685837 0.41731621079524184 0.43253147873684816 0.44878992141082685 0.4404952084052447 0.3954032922532239 0.39505534678186627 0.3801321706161841 0.3977968984515595 0.3673839284756927 0.34302313454071154 0.3391227655333142 0.3634996806145604 0.3789173852416028 0.3521303912261122 0.37128587302894517 0.3553033593032286 0.3587023947045385
0.6647307881181734 0.6610801767477565 0.6921493530972452 0.6735636417226867 0.6691883761791039 0.6584549561674866 0.629299466902098 0.6251846312080478 0.6184566386179514 0.618844928022837 0.6258672757176424 0.621726229987485 0.5879879755054296 0.6103063830737486 0.5975671312385614 0.5942045607062841 0.5666257436267176 0.5495642349917943 0.5376175407958508 0.5159920702511102 0.5263675298994144 0.4833093919219956 0.46300950774773475 0.48496901768996 0.47265386302065354 0.44168516286773113 0.40636136689674673 0.41936883201686875 0.4285381695505196 0.4159648414194319 0.3998826694243175 0.38150814196000565 0.3987610562431038 0.3812156317319476 0.34784117589131375 0.32619086643852746 0.3477755273006962 0.3396263732024783 0.38293733090085064 0.38849662505001725 0.3724754913478604 0.34296045295241695 0.36386761927388434
0.6396837824494335 0.6409053318576847 0.6638765998698916 0.6584224135850928 0.6722145902368738 0.6468104918793042 0.6503594992595935 0.628057417484764 0.6163622735553892 0.6269847097389722 0.6380870957657974 0.6414261940593453 0.5957467320658416 0.5876265131476353 0.616378852813987 0.5662959048040209 0.5264439394716076 0.5496609398469859 0.5199761414599666 0.5011461371665397 0.49104306990844354 0.4613043181645284 0.4269762752467238 0.41835992624348073 0.4504024890994951 0.43779302528813036 0.3928793531877655 0.4179250415933418 0.42620246818591423 0.40200721571946596 0.3845133571159281 0.3773137651857619 0.38324421626340216 0.34961940008414494 0.3275697760259531 0.33944079804417915 0.32612243520720463 0.3436594844166269 0.36525638622087264 0.3414187645388766 0.3568194779225672 0.35484025168759403 0.32385212213512143
0.6243625357700594 0.6036763086838615 0.6135002698902685 0.6557028622809093 0.656128507644243 0.6341656666746089 0.6194823229024733 0.6227359146855168 0.5935077340155613 0.5835810106627806 0.5909489247363349 0.6248832723713944 0.5998533684546812 0.6072586744817523 0.5667266849564394 0.5277300065421758 0.4991524930681595 0.5267877998933346 0.492677333113688 0.4559850468151532 0.44327755428537063 0.45189750014284785 0.41334053040540686 0.3960051004653084 0.4018765463404758 0.41089850731752564 0.39000981650191757 0.3617296279954951 0.36513613368252107 0.37190137349930813 0.3562144347516769 0.37227104897205804 0.3630726351586793 0.33353152570130007 0.32299926565449566 0.32771362630442064 0.3344300861976092 0.3058816246957678 0.33365386559124033 0.3128302979223538 0.33960261828636995 0.347098382518513 0.3419777782752732
0.5919451079461473 0.5979032731630928 0.5939578024942821 0.5944119143892258 0.6203531970276426 0.5897929631136765 0.5573013187230083 0.5796676570621708 0.5837136764863985 0.5873739477572455 0.5659316192941775 0.582401541571635 0.6190489756709522 0.5693544296345336 0.5403657467997296 0.5076621134789081 0.4964985333449948 0.49150575711742905 0.4870967927278764 0.4518184018639589 0.41011708510009476 0.398432808318816 0.407712393340568 0.407486647719929 0.3757164134871842 0.36079002749096384 0.34812130262340235 0.3525277725709877 0.3499174859318352 0.36035967825834386 0.375514994245865 0.37099646019674193 0.3274877144098857 0.31536731691252495 0.3216742580667937 0.2933614448594363 0.30082879496251114 0.2764954171596208 0.27983081438116764 0.31540921108322123 0.3285195718284445 0.3169171633244651 0.31801094757113807
0.570633836983535 0.5870739182180059 0.5731298034936776 0.5534323729406933 0.5830749506634586 0.5730648599725355 0.5558862455444487 0.5588565485862975 0.5417788324935899 0.537968284884008 0.5721955079775191 0.5643962453490686 0.5475718133071876 0.5549071039341323 0.544252694546681 0.4911103891016841 0.4999760908914068 0.45707920622890535 0.45433472160895993 0.44541999222437273 0.4051350869962517 0.408912160576065 0.3919325932863792 0.3927652636673111 0.3757729434880053 0.3695535309659201 0.3529971703528063 0.3783079108155103 0.365954849985365 0.39252453194094206 0.38761418591209457 0.3298569012852057 0.32059867154457083 0.32620732635434097 0.31158736585135327 0.29550780666238535 0.2946422808411845 0.27111957966988093 0.29295234003332893 0.3115979452820211 0.32841975843285653 0.30072223849783825 0.29110830375129
