Raster_benchmarking/continuous/raster-288.asc
NCOLS 100
NROWS 100
XLLCORNER 1743156.72817942
YLLCORNER 5469288.923517096
CELLSIZE 10
NODATA_VALUE -9999
[rows 38 to 56 of 100, columns 0 to 42 of 100]
0.9916636323560025 0.9784822665520642 0.9541911710703611 0.9600029345691212 0.9665534879013978 0.9356861531657068 0.9367177890968772 0.9092908013530542 0.8659157284552134 0.895305653338536 0.8919035369468175 0.8731820835970513 0.842718106971823 0.8671454520722033 0.8392229644016671 0.8116395899032989 0.7701233062093074 0.7427690857639179 0.7374239064381819 0.7564775821249958 0.7535672545180033 0.7392581667143139 0.7663109429081647 0.7538471116502855 0.7401768201889918 0.7430967389653347 0.7036467182336972 0.6933560661711288 0.7197365862426705 0.6990057263109664 0.7213407675795431 0.7099844006470538 0.6908638216390727 0.6684571906277827 0.6719448265470185 0.6804963392458407 0.6715948120072178 0.6707074426939953 0.6704292278231333 0.6603556904274234 0.6321640001253767 0.6037439196361879 0.607967834250421
0.9422016845850599 0.9772953554642182 0.974130084864268 0.9672295477244401 0.9420787569106461 0.931625765299563 0.905140598943275 0.8829322318013824 0.8639919051336259 0.8921331580553957 0.8859550563604762 0.8899349870807299 0.8852713433393089 0.8759494188019192 0.8724883544083682 0.8413747023744763 0.8130116137759259 0.7923682289959446 0.7580620393652086 0.7617328030401262 0.7411200640946889 0.7462029146660292 0.7226561102548866 0.7313193299978699 0.7489760253951978 0.7428459170323064 0.7162694985017551 0.7117017536515012 0.7145828542186492 0.7355127929796316 0.7130507272573008 0.699674774721445 0.6994822372728687 0.669230918918334 0.6646231328223065 0.650354500428198 0.6424933270716353 0.6659854017184064 0.6405407668378974 0.6199556230344505 0.6280513938031225 0.5991832948146696 0.6000994171579319
0.9286611649101679 0.9467974333095732 0.963648230573904 0.958416583899459 0.9391689405203281 0.9173259248698058 0.8715278639123192 0.8826268334232058 0.8756979377840042 0.9054766258741119 0.9065570943194875 0.8884700705528391 0.8879951444085469 0.8913104302045748 0.8725933944635593 0.8450039918497534 0.8428999182755097 0.8038160278408429 0.8098657815053374 0.7706904544644222 0.7702243176939366 0.7361911070179662 0.715432907977462 0.7416568052963673 0.7603569954709662 0.7598918690992043 0.7353675042911335 0.735912334667982 0.7039306965761211 0.7197259878215543 0.7363284975103799 0.7070012957384086 0.6949053847972305 0.6562638015029546 0.6279774369979458 0.6308291036999158 0.6362733695735262 0.6461018572293318 0.6094799401895676 0.6135963828943716 0.6008560323928673 0.6210553854789926 0.6332883833160174
0.9335054237466007 0.9371542055547756 0.9225917563864928 0.9154932705515115 0.8949689647517441 0.8971017900422643 0.8868467387092688 0.8949127343398281 0.878920659440524 0.8886398017473878 0.8968609079694575 0.888184022921751 0.8886996616655408 0.8583122717009282 0.8639332526585424 0.8534550158151073 0.8315869632542515 0.8309609502698957 0.8300980667684497 0.7953239776983234 0.7734262842817132 0.7780646622318519 0.75991554177165 0.7583508224557957 0.7411702130232722 0.7517858066858628 0.7386965880239584 0.7464940436732106 0.7217443343829542 0.7366337956694023 0.7100646291961746 0.694191720495789 0.6679584005860408 0.6615315242585419 0.62721716659113 0.6345008610368027 0.6079358549454856 0.6256070311887002 0.5929438500704091 0.6040320050338673 0.5926021019244261 0.6019419231639597 0.5981463056993765
0.9419023686753437 0.9253686233153039 0.9338933931058417 0.9130908772293838 0.896850983463613 0.8836522578754787 0.8961743517564301 0.9234712363384043 0.9132489804904932 0.9294052930673771 0.9235877749261805 0.8931687560777475 0.8688348235595569 0.8678598002713678 0.8785518626411597 0.8562455042186773 0.8513819302819742 0.8527115377669594 0.851341663514586 0.8137723788648551 0.7985590831430084 0.7941608371026104 0.7751744273429361 0.7521021501965551 0.743596241985324 0.7704026104567451 0.7429835437801748 0.7334331391982502 0.7425309173232285 0.7128498670041638 0.6918361093706207 0.659449129202307 0.6504573115078559 0.6589941497652259 0.6368623593499475 0.6303724727109881 0.6083419642501839 0.6064993545606489 0.5767718608858481 0.6083102664552076 0.5957565302732469 0.5723012299982939 0.5682585267914612
0.9336564396652351 0.9190753161995273 0.9191161864602136 0.8810509037699182 0.8951077279445402 0.8911188358173113 0.8990862124244 0.9126649904173364 0.9132694591375614 0.9168800529423217 0.9158194311533682 0.8842667467365785 0.854640892960907 0.8408695022269838 0.8236870175419726 0.8396113940211714 0.8360358639440254 0.8326542789388403 0.8493580154965331 0.8168225042860117 0.798895059755415 0.7833024698645501 0.7674369550876258 0.7558666883147789 0.7704359085107466 0.7787135621748639 0.7653072783353575 0.7507386876919455 0.7480694479550019 0.7387922022715396 0.7288390519104911 0.6713450789584167 0.6387675102394709 0.6264835668238914 0.5947192543200561 0.5982900424858505 0.6029564050583388 0.6022051181924145 0.5779844325795812 0.587270234214471 0.5743106012980234 0.5815127193548087 0.5844663357752716
0.954429149549016 0.9076609490624354 0.9020546990120336 0.9005151576178235 0.8624633522237152 0.8580865823389687 0.8712819583751579 0.8893141556891043 0.9109612801847187 0.8910573408135366 0.8976571587697671 0.8850448231697938 0.8220357238838063 0.8335534752438547 0.7932972401419152 0.8174811356894918 0.8054903042276529 0.8439838543179873 0.8468273246878478 0.8386728316388135 0.8205777832906722 0.8080506589381607 0.7993400498571973 0.7764805549478101 0.7827184469514651 0.8034557874932792 0.7937616864883053 0.7534911250943559 0.7496684282294686 0.7611318039597406 0.7422253550589759 0.7027022880132607 0.6686987204621064 0.6231085819849548 0.5842165054965953 0.5947158522806015 0.5600139981807728 0.6008764692861303 0.6000930518314526 0.5946894780516154 0.5684676876700523 0.5771010160020056 0.5839258733890847
0.9470978768177112 0.9221150357278062 0.8869275431980637 0.8884560355141138 0.8916033027993355 0.8736900460795001 0.8742410404050883 0.8728202767435268 0.8696067090256435 0.8851317179644103 0.8885847422891647 0.8641917916877612 0.8326037251383547 0.8150093813893255 0.7943834408301954 0.8141467613752691 0.8324993055360996 0.8228959459986144 0.84620994291099 0.8530464177055811 0.8326479530927777 0.8067396891334712 0.8059288884516301 0.8130089786237756 0.798333478541539 0.8029296921898459 0.7784291107152287 0.7957981694734658 0.7504306293519408 0.7480517894305996 0.7174484298668169 0.6863180400488745 0.6432582588576782 0.6223812094523465 0.5750890388679584 0.5624031527925495 0.5534297553555795 0.5641622608923075 0.5556367451272163 0.5500398460504647 0.5563972913060625 0.564462054025584 0.5753603398907016
0.9077288391211286 0.9056976321748981 0.8961500299024526 0.879346826913742 0.8940324408300024 0.8857109234022633 0.8440393245773609 0.8546373900106096 0.8402464047632803 0.8577297709738521 0.8366261345603467 0.8443820422425101 0.8307241950342448 0.8163094708347559 0.8261476516421933 0.8306662234968882 0.8593645939577955 0.8256840689193083 0.8373294746874167 0.8337478098594514 0.8693328927529337 0.8367039539703813 0.8153140108220223 0.8101491124926645 0.8078881651610117 0.8130431054524222 0.7972949663839904 0.766379804571665 0.7804649762291394 0.7635547052588899 0.7174988217498787 0.6769778735069688 0.6379434722524535 0.6296828893336017 0.5752823187047084 0.561872151872525 0.5427478562940837 0.5339740225380113 0.5364518857638039 0.5340796563311562 0.5270996163273897 0.5547691703448898 0.5541127162686306
0.8939068771593008 0.8995885579795908 0.8880481101211477 0.893357259398401 0.8790682459829348 0.8637347795804445 0.8245829444268623 0.8385193687112664 0.8451663235377573 0.8385557751751068 0.8426748256556604 0.8380666302451026 0.8409317709505194 0.8523240968001992 0.8268549629627094 0.8359011023183118 0.848965707531001 0.8404904890001723 0.8582817574566239 0.8398054823753618 0.8333621807440731 0.8293911261495699 0.8312244998939355 0.8117943567896033 0.7812486870441158 0.7754809516899701 0.751384056087657 0.7504335788390519 0.762610299410996 0.7463445568714496 0.7218121517104056 0.6798999388349906 0.6369980665598901 0.6060162931927486 0.583660926700753 0.5471283367554662 0.5184167797580033 0.5237706434095951 0.5304338394380546 0.5207741387096565 0.5383480156108971 0.5435459586181686 0.5306610140726127
0.8712647119942873 0.8695746366499302 0.852399319694279 0.8787165796878713 0.8778075025044304 0.8370231459499601 0.8256056252892361 0.821662042408275 0.8329320433169606 0.8176650858298993 0.845034901512902 0.8512738674727887 0.8383494611760656 0.8451425502301579 0.8527699469532312 0.8491846508003539 0.8259571017524959 0.8527907071848391 0.8795481854620758 0.868908984334901 0.8291843017965012 0.8450506054139812 0.8321933929062552 0.8289301251133634 0.7784053600521925 0.752833598635807 0.7258041945556979 0.7396523877685937 0.743771068809473 0.7459850376482279 0.7366122545929541 0.6998836769244307 0.6380840176243576 0.6170806279276005 0.5797863602581064 0.5436857312404496 0.5250571829726361 0.5365476623313213 0.5219919213091783 0.5157363696409224 0.5368093938677787 0.5371945222725422 0.5297217739953874
0.8339396784504177 0.8408847132381522 0.8617031694501082 0.8538401284134725 0.8477723900351036 0.8421361003980596 0.8198760355760211 0.8403487396926599 0.8186161003987565 0.8295515448685098 0.8355065034981658 0.838344870203767 0.852538573993906 0.8342590007110757 0.8638075020337904 0.8495652725955469 0.8403587396937587 0.8444195207742585 0.8441158164813972 0.8526618931548967 0.8292773776473563 0.8512405236894227 0.8617546547991016 0.8275702685216774 0.7855056093105097 0.7465611558828413 0.7261173804378122 0.721902781036888 0.7237918794826685 0.7300979775403084 0.6992862108469031 0.6853874057774758 0.645270595425671 0.6350499194596485 0.6044941078038156 0.5592469738691775 0.5258590909939903 0.5483896406462532 0.5307658053108744 0.548592383352531 0.5300027372744589 0.5304893157473273 0.5516273149689721
0.814288314397196 0.816048956542301 0.8393019385156638 0.8654726145735347 0.8554438039055217 0.8392161409832547 0.8085581885138927 0.8231464742571603 0.8479328024723654 0.8336303856056658 0.8194278340534793 0.8548412108310071 0.8480284117320585 0.8681008754154309 0.8534840336250374 0.8254426020383041 0.8393472648102296 0.8554747324496936 0.855718874189043 0.8673946417529061 0.8417953839072877 0.8412642943275843 0.8583196474489998 0.8383907197904673 0.7911162160310328 0.7576551603982253 0.7545544120839913 0.7390470251763169 0.736888074138379 0.7251735351215695 0.70000413269501 0.6787524255717903 0.6604643059430935 0.6387725825552647 0.598931471010482 0.5414781763886544 0.5388811363988087 0.5258015961903438 0.5499388221150165 0.5471355120535631 0.5343365410531423 0.5561593533033046 0.5452607886532844
0.7988560712769026 0.8189664754015341 0.8276087256675781 0.8436173070625228 0.8645724642345483 0.8331679735550572 0.8262972685831574 0.8150246040918102 0.8356889962097138 0.8424914295570564 0.8608524478210423 0.8633431690614252 0.8757562920878341 0.8794168351483942 0.8666767631302744 0.836070104364449 0.822563806894981 0.8593056074807183 0.868312147698921 0.8443792589173977 0.8372377251284658 0.8564059918125736 0.8273387056609428 0.8110007299525759 0.7709457242815861 0.759961024366144 0.7331353949760863 0.713435503869726 0.7255923433918849 0.6917883306257341 0.6936969214859058 0.6793163857425152 0.6337114796068122 0.6147424480948597 0.5827492468538497 0.5302852964562763 0.5072379093261288 0.5198724376322363 0.5270474178303766 0.5375320278993719 0.5389938753744677 0.5440366210615681 0.5482645587587711
0.8074760227128374 0.8268626368227996 0.8253369090808292 0.8335904576585592 0.8483196673239227 0.8456285926399973 0.7972934085391836 0.8254354745560906 0.8419404574396473 0.8514350091421413 0.8430956854526294 0.8701421849330903 0.8808538583278323 0.8777764011747957 0.8659965646922799 0.8359168975816208 0.8328535974280534 0.8636682328856803 0.8418932921666855 0.8204114403706169 0.8188575021320033 0.8287626212989171 0.8473347272477394 0.8110176124961098 0.7611739759606198 0.7708934089750727 0.7334189593710975 0.7089148988981187 0.6932781940838241 0.7056803859721033 0.68857621620084 0.6523281614635356 0.6508936168154336 0.6078228558998247 0.5266874110516434 0.5313289348193129 0.4887987591615033 0.4973278511265167 0.4960568431825959 0.5107306823367265 0.5162104009102789 0.5187002887852267 0.5430231007131062
0.7945625950477684 0.7829326215940697 0.8071429132425514 0.825889350241314 0.8140835458562862 0.8270680970238988 0.8149577118406283 0.8249341074543249 0.8224279797147457 0.8161341661025703 0.8391215357227293 0.8617829160754704 0.8560624195482344 0.8421356020718159 0.8458577304342606 0.8659776700406793 0.8535139346413357 0.8464730708351705 0.8279354721791492 0.8367011778713035 0.823026425703098 0.8253728691249106 0.8048419788028011 0.7980591839402255 0.7602081330196863 0.7603293714208803 0.7652184850290626 0.7422425094401278 0.6944341730435346 0.6791444294112821 0.6712716291904685 0.6660942894970736 0.6368490395002343 0.5897121582749532 0.5603151715752451 0.5101729869921254 0.48822079365872934 0.48203767795210894 0.483095331247381 0.48191884692633236 0.48537136214532545 0.5160265472673939 0.540439754961047
0.7791739146424034 0.7849912117392627 0.7905965409221618 0.7930381733048357 0.7849560484004509 0.8095442220002361 0.8293623356479993 0.8009202189628799 0.8190603152436133 0.8377929767443556 0.8339448881956494 0.8643284322097583 0.8516888235754729 0.8425601412684122 0.8335264790741841 0.8466992891959851 0.8643486699727743 0.8649345370190004 0.8303802994519884 0.8087208530704322 0.8150715143931969 0.798751584216357 0.7787771643526383 0.7620133722594022 0.7386716366505935 0.7282636221639478 0.7557454771323333 0.7465643186140415 0.723295908005756 0.6890151155931306 0.6725627178388015 0.650404382501549 0.6184724857125663 0.5717917758707388 0.5524835685559568 0.5002865066719825 0.4952545782201923 0.5075769334405265 0.47799207765639146 0.482721373863881 0.498902663643291 0.5263996689875988 0.5318981633957255
0.7393538124620247 0.7762260053208918 0.7551143515006028 0.7532873797334898 0.7588015637107465 0.8004755789890097 0.808652680282589 0.7994824184393319 0.7917029210277167 0.8284593891840638 0.8154885837664659 0.8367382494992937 0.8275968643585688 0.8381914728979464 0.8514700307551499 0.8628279375912671 0.8658596783554796 0.8535738444084016 0.85374909297422 0.8164465088473418 0.8200499934541937 0.7922718245835021 0.7803804529563227 0.7401871498984038 0.7377156720735308 0.7321262929871666 0.7281676122625568 0.7256070340259723 0.708572289325409 0.6914712692332975 0.6443298330740088 0.6308482336149542 0.6105475134669638 0.5748707625918309 0.5272345368938975 0.5208569696915464 0.5095850705368448 0.49723764053355846 0.4743688859773015 0.48777905576952857 0.4896160208064799 0.5198482721223142 0.5529963111929762
0.7387248781417307 0.7402113626964527 0.7509895642874423 0.7319085859753458 0.7544525624304296 0.7603127108686083 0.790180337093325 0.7988371933666184 0.779850213004061 0.815294679418093 0.8047132693903438 0.7842444051919167 0.7883704183131826 0.8051253684060606 0.8569776921037515 0.833191039947389 0.858876492900864 0.85841059440309 0.8586171487772533 0.8157754759007592 0.7863585273925742 0.7810745805859157 0.7513266229459574 0.7532965243106947 0.7408787926175193 0.7299042683591445 0.7227977320712251 0.6990683177979277 0.7116657954594395 0.6701294899853683 0.6539024047604777 0.6215840314194498 0.5838571632214865 0.5623251581879096 0.5300920578993811 0.5299232489933691 0.5028603160101325 0.5117976986515493 0.49323329474930644 0.5010411485369131 0.4830763174180847 0.5099044150333139 0.5463742966218421
