Raster_benchmarking/continuous/raster-121.asc
NCOLS 100
NROWS 100
XLLCORNER 1743153.9137390123
YLLCORNER 5469281.980802969
CELLSIZE 10
NODATA_VALUE -9999
[rows 0 to 18 of 100, columns 0 to 42 of 100]
0.17557020931383782 0.20955139271160092 0.20504168249712335 0.2064565264057567 0.17722746907664566 0.17317045665054365 0.1625165915945598 0.20699312569526643 0.20712032659049792 0.22619827421337824 0.2511286163406625 0.2895053946308824 0.31120023739931746 0.37456583081320316 0.4115744299759566 0.3991581868999671 0.41246902561807713 0.39976920061341914 0.3981127671039485 0.3939039939986082 0.4353053539507691 0.41875485858662426 0.42426059306476976 0.4158478882607261 0.4242781321541883 0.4396591540533525 0.4389590978362758 0.4842786823396712 0.49719124957911676 0.4823496894910992 0.5116069796738544 0.5078461214009805 0.4655617461014151 0.4971712006335395 0.4702982509524545 0.47661712988894084 0.48871010775845786 0.49113767628002936 0.4905367311986727 0.463012831826544 0.47073287143458414 0.4559925957888498 0.4614980964065322
0.1767830631397867 0.16985994322652898 0.18289454364374388 0.17941436515610723 0.18170081054100948 0.1608747005409066 0.16544470692750823 0.1722203943268907 0.21625013681019034 0.21036635883527066 0.23889000790476636 0.282349523275053 0.344010768011191 0.3829785833197469 0.3817136282310182 0.3963777094631184 0.4085568106003743 0.4129609920659818 0.40385254694764056 0.41132427034828123 0.4174822068940869 0.4279002535436278 0.45208761198553477 0.4401026411240221 0.4413978048450575 0.40181297812871075 0.40547261569491566 0.45137321972869254 0.4719465053918384 0.5016322913705699 0.5133876793911045 0.493952903344112 0.4696227682129893 0.48286582482963436 0.4712069242028979 0.485384110623708 0.49373702362543426 0.47215007170295814 0.4901256811583371 0.5022925410842957 0.4630716653427069 0.45125469600037915 0.4370690750682104
0.18675578722937436 0.16672884674640076 0.1729341364055049 0.14833517096883705 0.1299412506988026 0.14145869525476615 0.1345797897740158 0.14632699148376757 0.189378344212237 0.244364706853531 0.27666997746503924 0.3012991040524111 0.3266081172646733 0.35108079404083475 0.3485220492113014 0.3634756349581072 0.41842632219764486 0.4335780265650073 0.4395145602197384 0.4266549868648539 0.4472875641348864 0.45909615996919156 0.43834044961374047 0.43010634469956527 0.40352587651163957 0.4196324935710648 0.41960966423269863 0.4544339363841446 0.48112066930777747 0.5031514870986752 0.5149513923727072 0.5019739860389398 0.5078758084343237 0.5031363286567786 0.5040418370507154 0.5005769113016373 0.4978618661240934 0.48201710709402673 0.44408000671017267 0.4497524917381364 0.4356210619051874 0.41954149036732113 0.44674608921316106
0.1824133741266522 0.15877915183619332 0.16707386505693636 0.13318552101756537 0.152645529784557 0.1264153054370832 0.16025717700279277 0.14455157139882793 0.21744978238022314 0.25242360751543985 0.26628073914302053 0.28484280165601505 0.33035438761959446 0.32343507509775654 0.3585345091111202 0.3832386701745363 0.38904181575898217 0.42337489607959344 0.44712691329465026 0.42168646365506984 0.40634114705219326 0.4301894237077717 0.42676909711663014 0.36942189393876157 0.37551899333872696 0.36068287133286425 0.38829415570904074 0.4059715871070969 0.438756248126487 0.4794644105981875 0.5272817278512217 0.5383054333415569 0.5519168901255085 0.56327624056158 0.5155536194829816 0.5497098685107706 0.5233506292172135 0.45903282516194993 0.4800456564974073 0.43343837868988905 0.4082652615137929 0.40445725320476866 0.398030252914801
0.13388428268588154 0.11145580912436409 0.12801296709530038 0.12984465969980222 0.17510856444359368 0.1458407885623288 0.14437324429077242 0.18841226956054646 0.20225936831858682 0.23332742596588418 0.24897596797813581 0.2733858994868103 0.311265413398791 0.3172132790557927 0.38217161206707484 0.3769624313093676 0.4283569201875125 0.39545097960264736 0.40785842392344474 0.40918366383541527 0.39800015933819427 0.38712147717757184 0.4051608773273579 0.39910775670392273 0.4032140462409628 0.3990930191056732 0.4109296703217018 0.44368717357846005 0.4709674138037757 0.5044364669663656 0.5036594947986422 0.5325233554530019 0.5169230986485656 0.5339984866475765 0.5301211297899708 0.5010254446223442 0.4880668150851295 0.4686862837355819 0.49454032155155414 0.47535508988302416 0.42571953441733706 0.42448165105068714 0.4121363504960755
0.13371846404308796 0.12308563791033643 0.12036190122809938 0.17501164850307527 0.16885183174658622 0.1760391399784361 0.18341033866130552 0.17039692669325554 0.20812500052839553 0.2165023688119953 0.2277019724446012 0.2511135394528576 0.27550577387358954 0.32860462493198084 0.3517432320611155 0.4014730790713299 0.4042392893183766 0.4109144824541997 0.4099932912786648 0.37505951067619353 0.38461816134173915 0.3816106317623082 0.3852159727680238 0.4055872730252487 0.42879996623814 0.41732614587314143 0.42693303322190485 0.4638284246335014 0.4778620953112561 0.46995248799317185 0.4752947021687031 0.4930047336536461 0.5309173871524533 0.5238243194377721 0.5359431204709033 0.5208893189388707 0.5245868173113796 0.5074291744935857 0.502202109421292 0.4882671838922546 0.4402480070888245 0.4308463999610846 0.43926638944907975
0.09959561062288172 0.12968562741853742 0.13091801600602426 0.1756986057451102 0.16179655759086117 0.1818810909733343 0.19382933591189902 0.18013963233309013 0.18006633707113648 0.20876668471858267 0.25906857986675363 0.23601401846082862 0.2725138828261093 0.331645083570582 0.3670530081197794 0.3618350855614641 0.3900187195623244 0.3696995145567152 0.4023914934894722 0.38987191864571535 0.39870345894666354 0.39607227792461014 0.3725082529415964 0.40567827627881325 0.3966671393865375 0.371280931952703 0.4009144686292934 0.40417044716031564 0.42861374993000795 0.44172021758427416 0.49634040137044694 0.524879898176119 0.5150626931746994 0.5277123727078286 0.5286300795190433 0.5474356380431383 0.5425019965419959 0.5151514769831772 0.5071619152126894 0.49439068593903385 0.45586183475291886 0.4642656111753099 0.4459719652295485
0.08186205367126322 0.12817881947507082 0.14170078792623997 0.1857737863735916 0.20298396375235173 0.19180640429364218 0.20918440900443241 0.18885622537193467 0.2046368678607921 0.233319509029886 0.238457925834976 0.23697829711017065 0.27900613867154095 0.3298555833930281 0.36348837722322197 0.33678254637741867 0.33702294822962836 0.35360734509969327 0.37924003002126033 0.37555461792064243 0.3619759905316247 0.36972544271792857 0.36621246242186545 0.36658416270260574 0.3609754332377289 0.3663681086406293 0.3880320431925978 0.3977123601139132 0.4451265047689472 0.4281663302442728 0.45231853086019713 0.49767466795253085 0.5012268888650807 0.5339388909706357 0.5092492454023724 0.5230245704070023 0.5428851005710563 0.5306700425891758 0.5058470889450374 0.5360520726872765 0.47747878287540246 0.4296943103967417 0.4315743048662705
0.07864592578107407 0.09251566395659384 0.14017663647518344 0.16878168108784347 0.18959452182787087 0.20431581308864238 0.22728913475105245 0.23840248500155503 0.24922170718985828 0.2604948231489801 0.2601444929932634 0.23578562191335722 0.2599946035272417 0.3229228547751219 0.3324104617403511 0.3189640106709093 0.36551215486318717 0.36198637488803176 0.3539601583492637 0.35059401754068853 0.36172746385977467 0.3718761115406075 0.35637773736735173 0.340620562905772 0.37750830151473946 0.38608537927827613 0.3903078673975876 0.41018763919413215 0.4375737022910892 0.4550702994509825 0.4565331862617769 0.4952233565059857 0.4880266075783129 0.466943820856713 0.48541366843616574 0.4643851240996643 0.48251862020464686 0.5307694792730226 0.5291591173654399 0.5242632388056685 0.4975140301684702 0.4770045112797101 0.44003067736148815
0.08190321277370181 0.08854504549844895 0.159606088135363 0.1957578279244592 0.18568408172000006 0.22076173791362577 0.2100635254180024 0.22513717494649418 0.26922997730928544 0.2577341585988604 0.275599092313173 0.28036095623921353 0.28956568591636433 0.2893049441052163 0.31686609490791384 0.3396523038734899 0.30702640468945847 0.3394682614509044 0.3523997241575024 0.3426349454339509 0.33728082814899063 0.38128147726608 0.374798371147708 0.3451061730810177 0.35840131128765873 0.33705490434794144 0.40043430400520136 0.41973140264806863 0.4352353760423851 0.4391003980428011 0.44390200006970176 0.4903799841729572 0.47692142597858744 0.45280433699909817 0.46835662449135407 0.4616300842699566 0.49165113157884716 0.48358527262940787 0.4869420187211433 0.491192647258065 0.5112467202542915 0.47256331502849147 0.47904339649784117
0.0900598580523582 0.12769311298736727 0.16993746419163033 0.20946061475137934 0.19938146092184816 0.23634764614309928 0.2127869743534435 0.21848935183970594 0.261963722322116 0.24634185369307865 0.28699844009055236 0.2863676953959349 0.30278141912741613 0.2793968778711632 0.29924854238305304 0.269739625081126 0.27553942625508565 0.3192314057436967 0.3245606527943695 0.3217854431965923 0.3505342173519291 0.3562206738281529 0.36208596023229234 0.3582901368346727 0.35728050873849126 0.35126255686153046 0.35723642647486814 0.38460291560281124 0.41864703281111765 0.44457997780334524 0.45968369448085583 0.4534999072230975 0.46753492286445103 0.4334788211027324 0.4753961152513205 0.4649547462009334 0.470499708496798 0.5034591151110825 0.4870440279774164 0.4782249864688606 0.505451225260813 0.4652496942806786 0.46520307126914623
0.08567397051395578 0.11824598509165171 0.1864492878020223 0.19754693785124874 0.18179798742699352 0.22066945643043964 0.21747820567464315 0.2508875003078719 0.24039205961915244 0.24578576180193415 0.2468037203269406 0.28493651484417787 0.3085815754295764 0.29746387492694604 0.28958464858110083 0.24138642830539894 0.2711107939161315 0.2477415662631347 0.2541200842063861 0.2699468765708966 0.2943607568993168 0.30952018731516545 0.3602635646598781 0.3644519208853229 0.34796712824629866 0.34693452401988034 0.3496051440012371 0.35581315140674635 0.4117164179033714 0.41236268254790565 0.4168337956140607 0.4086007971771189 0.4217250592818035 0.43469406303231034 0.46509929209764717 0.5194816758666748 0.5070520725018477 0.48070344088005823 0.47929764439246364 0.4994411179963421 0.49443131108355093 0.5099891974877544 0.5064946770796758
0.09169498639673837 0.14765784897974304 0.1692801316442249 0.2111028293193624 0.20236183865474172 0.23636756797300634 0.24096977437068023 0.25608102532269816 0.25595517226085934 0.22825128626297225 0.23380480965569958 0.25545677756976154 0.2534421439046877 0.24927077520371974 0.2575188446447687 0.2639093873355408 0.2865841219739817 0.28434007595351646 0.2655170395974981 0.2576217199681396 0.3037264457623599 0.31604708408185334 0.3125682867022307 0.3560593844493287 0.35875517928523654 0.32772441161795446 0.3422668730090538 0.35906593064437625 0.36368260070846714 0.3829824042271537 0.40647732180468965 0.4300801677523364 0.427100368933047 0.4596915796114763 0.4583460362860721 0.49448959387643127 0.5229832070507225 0.5121560584082353 0.5011247453586669 0.5248941404579174 0.5226574344714232 0.5461667843135067 0.5259313564798286
0.11104041075803493 0.16196620968562028 0.1993499239357419 0.20877012506538736 0.20240929701837748 0.19841730105332997 0.22165354287021546 0.22196921764336888 0.23316699401345917 0.21670234057228596 0.23788735216503104 0.2567816262329159 0.2552327111866287 0.2524966588191039 0.28135959434556157 0.31736337899979716 0.29585324031290616 0.3011028493799828 0.27180464949135996 0.2799040115216743 0.3030597470569341 0.27814415377103746 0.279948477421446 0.30537604768059484 0.3377248468258078 0.3463870365191096 0.37653062890687666 0.384563665449247 0.37263998386327385 0.3304002497144296 0.3777256392249241 0.4126885600802761 0.4323721505128656 0.4487858512180094 0.44394967836668925 0.5040895929093551 0.5189780718338268 0.5278241941007987 0.49880623067648244 0.5275929254082424 0.5540480125361399 0.5353793251453662 0.510411076062049
0.15131671360450938 0.1918096227473826 0.1718248061303827 0.1741409967389569 0.16155311532226937 0.17720121989153753 0.1801009151264793 0.17007344969217555 0.16294536121531605 0.17216387353060178 0.17796587890332785 0.20359947996014913 0.1960343086713682 0.2115134525467332 0.2572631820868217 0.3029903092575877 0.3070335367774584 0.2921161125337561 0.29091609062163115 0.27970141105882207 0.2803185464430113 0.3017803722335534 0.28282689999392 0.29197143555896604 0.32628350190095246 0.3733229835292888 0.37061967898498926 0.37036989803163806 0.3679951664638102 0.3350972560893201 0.3367137997147623 0.38796457856005245 0.40978889522627876 0.43045160176563896 0.4625615971710928 0.4828962227160991 0.5210408320709078 0.5035092918083464 0.5278110927615794 0.5521458241303484 0.5371806010847858 0.5339633284014305 0.5087924055392264
0.1482710906291554 0.19358447524161082 0.15699404796580815 0.13171683205020035 0.13757573459225553 0.139764910330358 0.17133431005637853 0.12400185195056715 0.16389702050757365 0.17185084165255488 0.1798487445655147 0.14987348207914253 0.15943623799438186 0.19470078106830094 0.24169354195749634 0.31216439272637725 0.29547894716144063 0.31633257116191843 0.2654677836563345 0.25206675153151054 0.31140220604032337 0.2936540572280788 0.31044248944356906 0.32830166283761236 0.3425482700987334 0.37891320255073263 0.3886570450244538 0.38480933235134296 0.36304621275722815 0.35263255011598416 0.3370000199355534 0.3347698961563497 0.3856000559049824 0.45499054947962436 0.4604559342785652 0.48587540592696743 0.5252501048337274 0.5249786509401209 0.5429680317013394 0.5732654484058546 0.5492632830620391 0.5557829929012076 0.5557752834282529
0.14684382977914992 0.15666809347957977 0.16673775180753106 0.16059416091258516 0.1435229871228323 0.13946633607029024 0.14296612122000762 0.11343773841328902 0.1489815790947728 0.1507803863824806 0.12269548504178712 0.14371889334928992 0.1790759218547504 0.19400200458626515 0.24762569512671706 0.28456455196618824 0.34037460795786245 0.3064435100771007 0.3005091312860814 0.32212114496454575 0.33061685964387727 0.32526241564194436 0.3586210380082853 0.34850513600901806 0.36434011514518333 0.3805193857653163 0.36807947696993454 0.3425599114079068 0.34830543781380474 0.34183481906567154 0.35601173056596386 0.33049485776251647 0.36812454252852034 0.4182949062070746 0.4127974573110402 0.45913986738700674 0.4938982876507811 0.48735950869815037 0.5245869140748014 0.5616978712086634 0.5455638312962717 0.544652552702553 0.5603947245008118
0.16890250702569584 0.14234875420691748 0.12410649195876443 0.13379587689924785 0.14346286156157997 0.1539104714981565 0.14044683863551363 0.11235503335524157 0.10779702261106619 0.11539933538442992 0.15148164896483698 0.13540028983433267 0.15411737697684336 0.1937251225080601 0.23354515344260887 0.30326283652081526 0.35043069097908786 0.3419984786940773 0.32436920387715545 0.35858547073641756 0.33930132380184763 0.36985151213026757 0.36696051888052694 0.37891752613137336 0.4099551614291948 0.3907537023463005 0.3670631924697449 0.329741562490997 0.354478177812561 0.32365989826379626 0.3314274186284856 0.3543536764331392 0.3692278250612672 0.3925406722140192 0.3827437666309109 0.40306219851221475 0.42347034306445736 0.4686359162501308 0.5152163900811226 0.5411270774973745 0.5415611036792799 0.5689560173450892 0.5441175044672373
0.14695034258897882 0.13953732149635076 0.13834705449404017 0.12050306209330351 0.14264767847084753 0.12035526059483405 0.1465930776665911 0.13368646836133116 0.1389175979237708 0.10862399777959172 0.14240013543292587 0.15315612352260824 0.18491558061451144 0.1859717189852111 0.2403347601579431 0.3176639971189493 0.3382620476867827 0.3489098108931031 0.32254466701924334 0.3371058743989161 0.3784903100862433 0.4096264875144512 0.3915975903790483 0.38345877128742945 0.4187944755496304 0.4074701397374692 0.3861233968199815 0.35840404729069625 0.33900031603362324 0.36168537726018646 0.35962635264038784 0.37570860111474824 0.36041485578714366 0.3870609521752346 0.3774926117503201 0.39559392397116255 0.40992303177561096 0.4615868043987876 0.49507763540558647 0.5177828582271173 0.5041767715099984 0.5048081383590927 0.5172310342458446
