Raster_benchmarking/continuous/raster-473.asc
NCOLS 100
NROWS 100
XLLCORNER 1743162.6416414045
YLLCORNER 5469292.602914886
CELLSIZE 10
NODATA_VALUE -9999
[rows 19 to 37 of 100, columns 43 to 85 of 100]
0.6069936427963275 0.6097075604706604 0.6495271328001464 0.6857787316659121 0.6971614073683364 0.7029029073005844 0.7245492614274788 0.6952580651743252 0.6428017368088424 0.6498279667725139 0.676175601331726 0.6332720503970126 0.6651300613345459 0.658367803305867 0.649650728750936 0.5899948065936055 0.5661299906769177 0.5573854568766536 0.5452845769210076 0.5141277629366995 0.5309209535481124 0.5378715414043815 0.5340161426737312 0.4981466264423398 0.4882753193455342 0.46767732802942885 0.4444099559816317 0.41133016648722187 0.40995310033417437 0.4218089216360553 0.43189050451536765 0.3760435332996447 0.37558387895714146 0.34538238707100616 0.3771517287664754 0.3985011820840794 0.40566376004660976 0.45651723318408105 0.5001088287895381 0.5433381439453602 0.5909114796894906 0.5743501295114609 0.5923305434769851
0.6117568465756094 0.6380481962609308 0.6251426548152914 0.6683698035858111 0.7059983737756618 0.7328244933155799 0.7272458277693226 0.7064810553062623 0.6493433772531759 0.6448530203285446 0.6395636533816148 0.6683117763196513 0.6546386246633272 0.6452959741233458 0.6242389662601618 0.6045843771218028 0.5783409524794111 0.5862675225654068 0.5847746994100893 0.5405831359323913 0.5269904452252122 0.5078295022983549 0.4891277182791066 0.48025799304322586 0.4836312990213998 0.49430360813526325 0.46008755987773176 0.4565556380847521 0.42524193338234095 0.403029865461258 0.40949091807807153 0.3778154035475306 0.3524832452408735 0.34700795650460015 0.397532348833121 0.38463657776789867 0.384217713656207 0.44463677322716305 0.4539035747727454 0.5340442965423715 0.5508795257233011 0.5754074443179309 0.5396377519719038
0.6141275766953965 0.6197875354581007 0.6494501387050282 0.6668335423573912 0.7049107066495826 0.7240248682479085 0.7109228537131084 0.6737201771403198 0.7048822091434258 0.6762999480226205 0.6565842836027644 0.6267241178608032 0.6437623488100281 0.5890604983527786 0.5974152898640839 0.6046568664597272 0.5641712224631107 0.5852078927693051 0.5743091771080289 0.524759892974598 0.5191958985866564 0.4685769397018673 0.44142570926502506 0.4361951599579254 0.4612263805693546 0.4822133445816125 0.48669711736392324 0.43472435229043377 0.43233670294211635 0.4195464634325254 0.40876722218784073 0.37521393257122504 0.3705306701386102 0.36703523822248446 0.3622226490400224 0.39302757064562915 0.4199664962781022 0.41948136032850897 0.4632583947111286 0.5009005179988206 0.5401572227095572 0.5613425656390849 0.582136057157514
0.586333132645295 0.633800774938585 0.6307659243428775 0.634950147191098 0.7030288788324262 0.6977525114489554 0.6558479389046318 0.6536501693734563 0.7048933080106553 0.6840927973250924 0.6315956879644169 0.6138637973556839 0.593845657566636 0.5666141300592021 0.561906412131659 0.5458393356608147 0.5486062725796054 0.5669345491784318 0.5556894534266743 0.5393508985496626 0.5027901524757186 0.47467487390075414 0.40997377381594446 0.42612595672860776 0.41383834800901204 0.4427563687176884 0.45452283525457265 0.46354665537125567 0.4618531572553274 0.4593739085703631 0.4371894445166897 0.38591004331422984 0.3784308446407947 0.3696242049978928 0.41084826010548 0.40838782443534716 0.38056855792802774 0.4261455988569385 0.4095913694017233 0.49479874670724117 0.5416970351561524 0.5935274824997071 0.5679472211498473
0.596640499597856 0.608866571442625 0.6137927486711791 0.6427430843317159 0.6326763527111773 0.670227130526325 0.6589035362195126 0.6767533698155532 0.7064750759101468 0.6866669946266614 0.6559757505465745 0.6337730666397191 0.6030696736346305 0.6080503003851374 0.5627922202747357 0.5598192119085733 0.533808467795789 0.5080959870984137 0.5463665147423614 0.5240729386324615 0.4584423169951759 0.419341837935779 0.43390709118482856 0.39602624340880166 0.3908107152247654 0.4189665666799831 0.4738516286810169 0.47461983981754774 0.4391007934766554 0.4281451971872572 0.4387457142245231 0.38295311512855895 0.3546532808954248 0.3626813788219263 0.35592473441422645 0.37096205224016293 0.39821344991693136 0.3900490914683837 0.44554739342132976 0.5081017473235323 0.5194306003456128 0.5852594062980084 0.6066326504881732
0.5811564947120631 0.6052813925272315 0.555734285958637 0.5840873085739281 0.6298193280129575 0.6224352880989771 0.6206088561665715 0.6371227519645053 0.6503085495911842 0.6709584868579622 0.6391002270359295 0.6364549496313741 0.6270295118676233 0.6438446143846683 0.6242912391297933 0.5921547016063948 0.5166226392696238 0.5180963231902013 0.48768156566987797 0.5144072708596201 0.46697252247943144 0.4463580954644824 0.41906992501820056 0.39000649844708357 0.41448202694062214 0.4539839044612875 0.44724309429238257 0.426566633135085 0.432906741880305 0.4425582351806469 0.42648733024809193 0.35145714832910013 0.3450875436750483 0.34279468806577373 0.3479738339834927 0.3598172830186667 0.3930037442214533 0.4099437650343729 0.4635112705572875 0.47525373271181104 0.5129155790641099 0.5418521674928497 0.6079580940488504
0.5687135368843708 0.5705701566196021 0.5460202823947543 0.5569679248611034 0.577010517614495 0.6138113227725065 0.6101458165603858 0.640000255068333 0.6513550285820329 0.6372477230487172 0.5918416303665732 0.6142046276256867 0.6064707073377452 0.6532112148253486 0.625256429457163 0.5665838318914048 0.5513466180824079 0.48704893859587234 0.45455164912015567 0.4599489248718994 0.43074008414722864 0.4263308993261858 0.45461962323641175 0.4115892957418998 0.40698654370907195 0.4521522874106976 0.4548321822371668 0.4725677323376824 0.45861100468883165 0.4047555975026397 0.4243131888714651 0.36779824529629407 0.3408314096228571 0.3191689885274579 0.3227016292941529 0.3547649714905607 0.3636666151727687 0.40088559917487393 0.4168850075971339 0.4582143139561623 0.49053947530649106 0.5632730775470937 0.6120090558867447
0.6066403931087037 0.5736825861803686 0.6180839129091846 0.5563315662146261 0.5264150844540236 0.62004874485545 0.635640363597663 0.6144089152852201 0.5664757178577966 0.606793391148236 0.594248712399918 0.5978764554673318 0.6361850163165205 0.6335549408424768 0.6408443701920957 0.5785796280911559 0.5432619077061529 0.5033687035293276 0.47974098582521457 0.46576568310561833 0.4109117688167838 0.4561804335279432 0.4750376044173058 0.4459874664903487 0.44291617792413973 0.46306567004391674 0.47281345023647003 0.4433733242653349 0.42754890160283066 0.4530517853278828 0.4442857027700476 0.4142429142287987 0.3403598307440351 0.3684132136013533 0.36420851707345264 0.39361220545523934 0.3946386036811216 0.41408074943900397 0.42931299782674126 0.4583813368225535 0.5045283513837597 0.5780093988365081 0.6266756824970549
0.5887288480523134 0.5894031663910541 0.6029954687667326 0.5957476866450094 0.565495583750973 0.5954942753502764 0.5996505470257162 0.6073193263854015 0.5989749331738156 0.6064950934556534 0.6182898329482329 0.6425221659157466 0.6431832939349758 0.6126741015541964 0.5980895014004736 0.6099794527547105 0.5437843847706096 0.5455092825984134 0.4998465438166139 0.47120539811529366 0.4785780685173138 0.4481978953471219 0.47817894306046665 0.4769017681493835 0.44142612678553556 0.44730856475331193 0.4423443667947021 0.45185684853506325 0.44437185874725554 0.4279257122477035 0.4292456963924437 0.41366343345332 0.382889085300679 0.38766106770261444 0.37675621655677977 0.3481218694229389 0.3759305111998363 0.413740641429481 0.4289616243655138 0.4827690262797017 0.49054967474448813 0.5323841168111983 0.5785457644946183
0.5802836153318427 0.580801081781374 0.5847199185168073 0.6018172759497842 0.5345177464391303 0.5801966186127095 0.6244367696010384 0.6355476320408938 0.629653707587953 0.613315123596482 0.6834720279186355 0.6392054723405264 0.6548314961593145 0.6624291299520525 0.6151534053567803 0.5676425833627045 0.557351666102347 0.5585939431791872 0.5190121354028233 0.4932865960741931 0.5089869474669774 0.4937478578507242 0.47177241107729084 0.4794068982104924 0.48778005442771943 0.43164695045070045 0.38631440053980287 0.406188977406364 0.46002051461598453 0.42370970859971574 0.45268248665767585 0.4264103825260763 0.4283478648392023 0.4030578768666931 0.35281802995600275 0.38804243237810915 0.36094374554814396 0.38352425489898023 0.4106783995348126 0.49085926749452813 0.5302987450360449 0.5599163065234015 0.5804787464127793
0.6496548290050402 0.630706683921328 0.5742934924199508 0.5918946972861934 0.5553955434557634 0.5809004254394711 0.6234990551093895 0.6512848100419936 0.6359193458438936 0.6405373208114031 0.6886047141480532 0.6681347695102009 0.6707746744986465 0.649346250342843 0.6469755729193942 0.5902624703779061 0.6041894990827519 0.5979878686883202 0.5485779259942718 0.5373045817002974 0.5474332343490718 0.48822475822959627 0.4703761366348557 0.4420083910117628 0.4643029160455373 0.4380965148165544 0.41727985290185965 0.42876281405797934 0.4647485802547522 0.45744228469248843 0.42505538722154096 0.4146158186612785 0.4249621152800699 0.42974598827217764 0.4123655885939066 0.3824362536719635 0.38949210592606104 0.3751309664771445 0.40257467335988345 0.4676273356679324 0.5579985214662039 0.5540939936123043 0.5651579837567763
0.6529277882734625 0.6307359804709509 0.5946249062022233 0.5678931070592883 0.5787134324003721 0.5908070943983408 0.6657106628088313 0.6806745431565854 0.6471988461303798 0.6693697375115251 0.6967389464854902 0.7091566015316701 0.7216740515576308 0.6576341031889944 0.6229332451298379 0.6358701406170718 0.6382999292109455 0.5944175072771034 0.6022800104291749 0.5734444145128027 0.5348672310441116 0.5308244891994923 0.4739398160411123 0.47745002556720717 0.4507651043191419 0.4226565420897296 0.37844155412673125 0.434183234250903 0.4124778201293626 0.41781363912458563 0.40276427987275637 0.4434194192618418 0.4799431544266572 0.4282342164872217 0.392746508073947 0.3891633087348826 0.3720269661206994 0.41577725031649254 0.41419846569697294 0.48264191477469265 0.5614759883958382 0.5246326665922479 0.5763463384427017
0.6526957087665108 0.6326981248494727 0.6151641199497658 0.561381144390541 0.6098221491652842 0.6187657371218228 0.6752631411019321 0.6457319383348209 0.6419204007838093 0.6953291137419995 0.6691136180435046 0.6965491764642089 0.7057652586164399 0.6846608826564436 0.6440075082396639 0.609078074934027 0.6106701857260175 0.5951402616058672 0.563977606924954 0.5655470758180458 0.5402984637285466 0.5109856664809986 0.49347746304551465 0.49265552021832254 0.4600594628361071 0.4196579058383511 0.38307602680619723 0.42467384868258035 0.4286264975323976 0.40410431179632683 0.43088303457384425 0.4428841664028443 0.4536141793757512 0.458313171438305 0.4262731825106586 0.4186375795959725 0.3868936492506536 0.42643315800164705 0.4606121720401736 0.4898369442025392 0.5278616819107167 0.5041383643517517 0.569472990553305
0.6860501207578091 0.6589728880708046 0.6039870529889217 0.6143279064256981 0.5763795065579355 0.6071753533478884 0.6736919507891436 0.6637989118342043 0.6949251774909692 0.6615320948646016 0.6613844023045911 0.677895405291321 0.7235132710042974 0.6922710547849478 0.6203146870336049 0.5796119205424793 0.5369534338362487 0.5613365384105946 0.5130578296450821 0.5330540436454229 0.49205015301715754 0.45483657074920714 0.4808657169108257 0.48275025437920666 0.45098296203187294 0.4098902727540236 0.42838795458627443 0.41224225770195105 0.429262857545573 0.42830102914482826 0.41562710801615427 0.43963887555146575 0.4705253698371533 0.43308458371047553 0.40308517076475436 0.43996598521644786 0.42864141980558507 0.43161912663427626 0.42215156974321194 0.4356960218338398 0.44699430873196094 0.5241483233376774 0.5221617521165236
0.6652279587081585 0.6812345898441561 0.6443776579153732 0.6424812021090488 0.5836095577383724 0.607360910014453 0.6567234755110791 0.6893425084075914 0.7076003766218127 0.6913303129283589 0.6650704530925377 0.7005229243188433 0.7136644426464727 0.6416351200660818 0.579582451503242 0.5699416954189612 0.5658543014307371 0.5296297587813393 0.5442592089118775 0.5099295743314859 0.462185320863763 0.444827922256603 0.4427147813705088 0.41512407730839107 0.3952508572640795 0.3731100023384608 0.3936057760450436 0.41031536164718163 0.4046414215352719 0.4426078848328331 0.407889117984616 0.4535611945602588 0.46396835632816746 0.45363289802165796 0.4008128910037584 0.40041116155029294 0.4089501160808679 0.38885626422808456 0.41453444834754055 0.45807974593145423 0.46501869396648815 0.5077055609016482 0.5387915719168013
0.6837103251688731 0.6560270866638177 0.6937253156296277 0.6232627501125584 0.5898002544789682 0.6093088771410545 0.6984407951116763 0.6974602628023022 0.7223850103167853 0.7033535477156839 0.6842564685754865 0.6800768699327853 0.6947664951827938 0.6158632304637424 0.5656367156540144 0.5304572306100075 0.535839894146088 0.5030050060002488 0.5362493804187699 0.49290671274896847 0.4848451304825847 0.4419368119887575 0.38834351568443487 0.3647140351277095 0.3662834472385175 0.38927693847782163 0.36070652499897615 0.38143321466436525 0.4325642328723284 0.4244860547372063 0.4092941998003186 0.46021016306230617 0.4516391294704671 0.4234434180475502 0.39679494633596046 0.3610321819466239 0.37132767637929737 0.37004680650095345 0.4483162785416261 0.48113849588348 0.47040189406938177 0.49674719409429496 0.48583980007305083
0.6596523736621362 0.6550321276804905 0.68456000696219 0.6267160844255673 0.6517228373156401 0.6504866060497203 0.6872604693680354 0.718235020703119 0.7368654806768887 0.7012932451467802 0.6731724052285455 0.6800401024382976 0.685646833551175 0.654689017886336 0.6167510066160777 0.53604953660262 0.5079681667823762 0.5112357411161279 0.5502063904182293 0.50901257526399 0.48866030592631754 0.44582752225922095 0.4329136761782204 0.3973843527381343 0.42757500284636696 0.4092005902285163 0.41596987431728627 0.4114532386801013 0.4175323326351083 0.45125824825955674 0.4642956260820265 0.43739314184248773 0.41517167514121234 0.41469829837409017 0.41874730497459167 0.3788575878531731 0.380274575483138 0.38818668034011045 0.4039893809251306 0.4572772113989897 0.4626399055459833 0.4351355669713115 0.4347984998144994
0.6461239507512767 0.6571590028743307 0.6930766642469884 0.6428380366163546 0.6317458962303673 0.6862618955426593 0.7193536588455082 0.7543946431176531 0.7569991548102949 0.7462553875526605 0.6940819130277429 0.6544324193939818 0.665356647283671 0.6421932335709009 0.6160970206662453 0.5671693180813577 0.5330208923629789 0.5679772261351921 0.5319937388101456 0.4759286432195172 0.4401980750018763 0.42795885570771103 0.39013930199830027 0.4143679790346495 0.4301652320728006 0.40133837381468035 0.40462109474022084 0.386147553307703 0.38986101758992314 0.423758680777625 0.45705727064806845 0.48023571004901433 0.4525636959606658 0.42843916800286524 0.41678575592532247 0.38781462660524146 0.35909326104934336 0.36323421305395087 0.38529547831021155 0.40009986071568343 0.4106532241832393 0.44127808686848463 0.41253089551053496
0.6649425002474192 0.6564629780924395 0.712102665856664 0.6802981630477674 0.654559675785808 0.7013841213849241 0.7176537733257765 0.7061393469674306 0.7628978246408762 0.7563312114984165 0.7318144755819492 0.691130221232882 0.70526637398525 0.6582438317681797 0.6296329419129154 0.6463669024359371 0.5868173150659381 0.5946284004297484 0.5538763630443494 0.49558421862314594 0.4748773972555273 0.39981866596801974 0.40689795303806536 0.4407312697582724 0.41251900742534514 0.39260504334558133 0.3871953897020493 0.3673580962740415 0.38576748122600796 0.3864894060414022 0.4092837282158177 0.45308187784923054 0.4934153335611546 0.47274849657693974 0.42760825213916503 0.38644156156595283 0.3565087511997678 0.3988992942892475 0.37246559275453 0.40270531923023445 0.4138382203403922 0.41841257575801755 0.4477054418263037
