Raster_benchmarking/continuous/raster-473.asc
NCOLS 100
NROWS 100
XLLCORNER 1743162.6416414045
YLLCORNER 5469292.602914886
CELLSIZE 10
NODATA_VALUE -9999
[rows 57 to 75 of 100, columns 0 to 42 of 100]
0.8969949467210695 0.8332109145007831 0.8173562370650789 0.8010254547817753 0.8208668617395843 0.7994481222370794 0.7248433671766368 0.689056287473826 0.6636346761851837 0.6731542549173211 0.669680317223103 0.6442063949329827 0.6356090476964197 0.5794301448558576 0.5734257955095465 0.5273561429720527 0.5748094495790244 0.5897627550867749 0.5623525340039941 0.5619181658086267 0.5702373979168365 0.5713925942590831 0.5954878365700128 0.5853317735995048 0.5958413842191979 0.6084073562498846 0.6101177674388819 0.6165611786968915 0.6054857059573013 0.6525118845778883 0.6284251117851599 0.6629849713849986 0.6595581244234248 0.6610206268153689 0.7001123351432534 0.7167019392577414 0.6680311473046094 0.6811491830443054 0.6150349879479935 0.5884083129648472 0.5840308775907677 0.6189974157158841 0.5936445835119106
0.9021564414502427 0.8410305328063198 0.8290221951299664 0.8405653229451324 0.7902522088129349 0.7615398176199898 0.6971803872245124 0.6864665509156279 0.668281076223759 0.6274728565699768 0.6245039528958963 0.6472961341373369 0.6006235052933679 0.5661622929996333 0.5653802828960359 0.5284753943875837 0.5663250873694669 0.5656218811221324 0.567879088935883 0.6081344062502536 0.5638150192418507 0.6251206327223245 0.5986122764325141 0.5815666748619578 0.599854410773723 0.6159448291799432 0.595759142572247 0.5374567358447077 0.568361944921566 0.6205020192131446 0.6105284378599561 0.5914213889594967 0.6429689890969467 0.6463924014995646 0.6979056970838766 0.702015916819214 0.6898708440603534 0.6629983578806898 0.6145125697405911 0.5640723038333363 0.558860597333438 0.5855355544456614 0.5907823764131822
0.8727686019385493 0.8467686753764898 0.7947746213394524 0.7601935392856558 0.739911351457469 0.6848997971776732 0.6647724921263743 0.6596170725380697 0.6038130185815942 0.5845698553533158 0.5934864372450736 0.6170377832480817 0.6140931469646668 0.5612855490584819 0.519759926065609 0.510659020402083 0.5001891772524274 0.5239006469619315 0.508441932436714 0.5178998424844921 0.5704480406221267 0.5651348770185978 0.5373848844782204 0.5590230087893409 0.5791203276146834 0.5893972245455127 0.5605219924370499 0.5715568071887834 0.5504089447931381 0.5561453160182991 0.5791427316827209 0.6074929672585742 0.6189009293180651 0.6395937417220693 0.6694871772431159 0.6462223008713646 0.6414399218361321 0.6646156436736974 0.644610977226908 0.5882341511368727 0.6090754622266675 0.6005267707611617 0.5625224772830195
0.8640796709761653 0.8204095350392749 0.7359520686143792 0.7015631863294239 0.6777468137135444 0.6610184668044672 0.6470130985308595 0.605447976991987 0.6185808206172185 0.6066777498144966 0.5725032281758323 0.6112960476044956 0.568546665662045 0.5228572921310217 0.5463483261213596 0.5212461224415449 0.5035352218156439 0.4929951150444886 0.4817858506255264 0.4867859027303497 0.4910472169987142 0.5282868186045969 0.5197559845535136 0.5310121432213117 0.5403504176704484 0.5353893879970929 0.5784469927399544 0.5605243119693601 0.5526335894462111 0.5504705892760955 0.5610257650501507 0.6019322870149354 0.6157901799183969 0.6599260518116515 0.6644785593622168 0.6148084350922672 0.6275019125833722 0.6439245824092856 0.6524845055224554 0.634245061901313 0.5942324791482122 0.5948863185107478 0.5592650395148137
0.8113975328439915 0.7516462999193253 0.7087928142028674 0.7081906375544625 0.6864270851122791 0.6146530035235129 0.6413730219943095 0.5935339856034445 0.5898452302444486 0.5599963816081247 0.580053094698052 0.5381653526616799 0.5420345663354883 0.5044809132414702 0.502514989100257 0.49007588538384084 0.4973700045087228 0.5130079903780005 0.5012549719833154 0.4612176570426131 0.4931035701379337 0.5137392613185964 0.5043601692632843 0.5224443115022906 0.5123902665310794 0.5039827230768108 0.5366062652881826 0.5591115380770013 0.5695237169622649 0.5537870833133187 0.5534038797351232 0.5609551485626054 0.6380868516435645 0.6033443682379737 0.6173437163659425 0.600174220219412 0.6234134369934261 0.584358584934733 0.6171263389900778 0.5928147910553927 0.6090535061451632 0.5771551715044956 0.587523865408999
0.8048421868751662 0.7339164398616804 0.7123920131240121 0.6746879585549046 0.6338903217250583 0.5898479845585758 0.6276193508028646 0.6350264040938866 0.6128775810266173 0.5415937871377321 0.5689299764771986 0.5408453751046827 0.5466740330263192 0.5677567084661223 0.549692621616262 0.510678491593244 0.5021274718191748 0.45275279331344453 0.4836603987150604 0.4681040803944914 0.48815186520546927 0.45394914326424907 0.46202994586060947 0.4519533330134401 0.48354704297883494 0.45876305016222285 0.5001266322447767 0.4794195734589218 0.5635989707798836 0.5688725592792041 0.5569225121835392 0.5706231102405328 0.5832300414786414 0.6159135800047029 0.6349961683502598 0.60874005697787 0.6175968776681039 0.565985448838532 0.5897469461517103 0.5722801143942529 0.5785151900021266 0.5571139906933225 0.5458657387920239
0.7230941273929743 0.6966378716873141 0.655908361418501 0.6392504470637098 0.6280094053121511 0.5844893082872191 0.5921566161295839 0.5638158146785696 0.5699006022875247 0.5372234361079135 0.5560563156803975 0.5384810897034342 0.5186492553320079 0.540526215534234 0.5374325269843938 0.508057828833043 0.5096325331551921 0.4614536606851104 0.46490336980896274 0.4214515581367132 0.4353244812958457 0.4440537320335389 0.45903617453008644 0.4306585031678522 0.4272615236646123 0.4348428477813173 0.48488473424929895 0.5035249648287556 0.5277615995020123 0.5295838633473134 0.5984872432578089 0.5892513247291085 0.5749365848914687 0.598096404033399 0.5764503400424438 0.5985193124246653 0.5528637432830342 0.5143799020706276 0.5661879714578433 0.5237354741596317 0.5113715820006981 0.5488889757497101 0.5307817314815496
0.6453915288386114 0.6379448320500986 0.6103520557994233 0.6354163536661567 0.5966518987238209 0.5678221306913996 0.5735701485659541 0.5453292651280157 0.5260212307104586 0.5542286615722927 0.5070665812410575 0.5071277171717318 0.5084160951113114 0.5162355663754373 0.5194884715167141 0.5214251554272664 0.48388476957431864 0.47395298892027066 0.4676460010165696 0.4070405613428036 0.3946335893143626 0.4362555898050193 0.41540442037369857 0.3851305669609481 0.4169573040522814 0.4218983546600121 0.4678549404937195 0.46257295451764735 0.5216036755670401 0.5415873131547537 0.5500343742819762 0.5945891683918779 0.5891598899235738 0.5334895003814857 0.5288386701954535 0.5377737919158538 0.5501425233828237 0.49180952118283183 0.5386262199965434 0.53382586440656 0.5008344046817437 0.49031773687760594 0.46472894068354187
0.6277621737027967 0.6026930568101058 0.6317741125294334 0.5995903871697237 0.5631512864663119 0.5848431928304602 0.5710157495151652 0.5381650315270162 0.5268188426885662 0.5221917527284987 0.4974036334513347 0.4819709454610181 0.48469028803710734 0.5287530716453065 0.5136541865432793 0.5365084359943111 0.4845728849101052 0.4614002811290706 0.40535049767845854 0.3964086585013875 0.4172024415083979 0.4371119491720407 0.4220899049782332 0.39636201144363076 0.4232478696078072 0.41515030299176825 0.41696935980586053 0.47989069539155066 0.5223444646386168 0.5440332496937025 0.5405026881431961 0.5846663324691056 0.549190046299542 0.5420674711715603 0.5015253162738333 0.5124623966225453 0.5035583124216837 0.5034486359732077 0.5162509569843721 0.47751247214422415 0.47375599304473476 0.4870600329380142 0.4627421567084437
0.652798087805463 0.5964438705102777 0.595748291201729 0.536965928148851 0.5603522236763459 0.5495957389781461 0.5431775618655197 0.5346431814691575 0.5078582902321837 0.5417872808262327 0.4951999702436967 0.4449711206712173 0.4579691888816211 0.5072808409057622 0.46963000038806574 0.5159715242987691 0.43741181505594795 0.4119400731907343 0.41505776360733815 0.3852282410673475 0.41004815862594945 0.4085504301772831 0.4250663459020352 0.4220029003085046 0.4045887423073652 0.41356173490195786 0.41684594160764055 0.45674306626907285 0.5075497622386848 0.5457016222869344 0.5449331155412687 0.5540471853399951 0.5207100789210966 0.4917470948719424 0.4633116862175703 0.4916271100714272 0.4831346988522949 0.48028785437093774 0.4822319184634007 0.45666158929294465 0.4935795139108382 0.47639131142198227 0.4421818291756439
0.6554101179044671 0.6091770229449146 0.5454049064336669 0.5337973777909472 0.5378110653750773 0.5439454607947826 0.5199907700796423 0.49966779152310536 0.528516726418701 0.4883891636116574 0.4940254830006001 0.451477251734745 0.43752272034283596 0.45505841121600143 0.4523517465927243 0.44228004989129877 0.41536386711280676 0.4163956341275927 0.3597392500304129 0.39578892192343 0.4025032358178405 0.4368673884840004 0.40709844842357346 0.3988491723409859 0.40243380038925153 0.38964049388870736 0.41545766509371684 0.41571021925223756 0.44865513364166854 0.48035087631045176 0.4932162571935145 0.5035274759566265 0.5007109621681863 0.4816183663238353 0.47839271254309923 0.45894853965965027 0.4789918375155084 0.4662641289532233 0.45612313573880714 0.4718066780490608 0.44771250383115035 0.47135845115857117 0.4637641393326998
0.6084082837093965 0.586832757302404 0.537768865708486 0.5673215720685363 0.5408426181000457 0.49426647770907506 0.5183021270458388 0.5183388026817759 0.5036440708968405 0.48663104967866216 0.45954162660535497 0.4699545733067673 0.44743057642558504 0.4085686119162067 0.39874437358017817 0.4248341190877974 0.42574864256657524 0.36741644307183224 0.3538418683423525 0.39227967787066437 0.42320485464952057 0.4173837022129513 0.40655404327577116 0.34953787375903284 0.38456987513127816 0.4076769850582474 0.3918529463386187 0.409022201409697 0.4478422670087559 0.4990268575398683 0.4995440262274022 0.4469797103972918 0.4395910217063817 0.42522248752663205 0.47553488656782905 0.45721879251315983 0.44832028418190395 0.41072827782636906 0.4059961080296277 0.4420324755881252 0.419775356313582 0.4128439542465004 0.4466148294119923
0.5892455890589892 0.5590779012732224 0.5597949564153903 0.5445371753561357 0.5192777804921024 0.5217293942884489 0.4941962763243519 0.4912529054011347 0.4875631390732801 0.48994597012104896 0.4826760367829324 0.41895565931103657 0.3967696525738868 0.3685240103702323 0.3936127409146154 0.4092704884095989 0.40883150171273563 0.43147091055097797 0.40994270182007597 0.374783349236958 0.36642324753567496 0.39074522504172254 0.38592963464732194 0.3915126011543766 0.3934610389453738 0.3815224758583219 0.40579361045354084 0.4283554808199316 0.4655512148207066 0.4756032768476545 0.4795945760267377 0.4308121852607656 0.41233574979100035 0.4133311731244977 0.43794283428185093 0.4476084067961236 0.44237433062972353 0.4024960044379804 0.37012631194684537 0.42273643045714465 0.4278407594335049 0.4274362262944473 0.4264643899364288
0.565143472564771 0.5946695697991834 0.5775607642970716 0.526398609382752 0.526940346739241 0.49006383084617755 0.45621794569965846 0.446944355086257 0.456972494646256 0.4765333667408105 0.41927978061103827 0.4265267168344765 0.3977073564172726 0.369772052555956 0.3750262283791936 0.42132789913443847 0.380825433414691 0.42024474311935234 0.3729514162164885 0.34554141218791273 0.3827583373294528 0.3699524653421557 0.3601636891580748 0.34991787246969414 0.37347168908232564 0.39803774533808023 0.4068997628426687 0.4439843740438405 0.4574768456775922 0.4731135952097934 0.43154792641205686 0.4140403635636692 0.39289977160731465 0.44792092004341866 0.4451474880787087 0.4367714232129619 0.3947705469734559 0.36351530649267627 0.3724054430198602 0.35561145882520695 0.40829332733669405 0.3889312119625776 0.40405140346220886
0.5759900537031422 0.5450848148971479 0.5114987335574076 0.5040769378908122 0.48838234246124923 0.49206767909805715 0.4511169607002352 0.44320607542487556 0.4242739281594926 0.44418183448225007 0.40308774900108496 0.44842116498126233 0.42541657742496086 0.3710262733977606 0.38882228957837234 0.4008497545185056 0.39328270315063085 0.4207110694778691 0.3849199649653728 0.34161780641583045 0.3771766552468058 0.39195188967973915 0.3762001514226165 0.39175549076339955 0.3830535672666496 0.4137034763712127 0.40500792799931223 0.40326604775025965 0.4286846905964024 0.3854793108635055 0.39483449669144527 0.40523231897181766 0.38473750979837223 0.4052141805649137 0.41751013934131126 0.43491021089598075 0.43369859744578 0.42209286091084014 0.3966025945142465 0.40961693669994015 0.39050636661849086 0.3916980179131263 0.4625162982707439
0.5431750898183941 0.5555604934518991 0.5025148043150702 0.4640819106628131 0.5006439704059816 0.48295467312328316 0.4493144111268035 0.37555124371432763 0.4179809148228329 0.3792959753149894 0.4203418444661268 0.44579041142461767 0.46401547297794155 0.4204011163427742 0.413061496020297 0.3908587219172603 0.39807380684165533 0.4436993924198046 0.4291026296617648 0.3586687687437471 0.3865728118249943 0.3228363892802431 0.33262714588739534 0.3684643528914038 0.3582536535417974 0.38051202405157275 0.3712237739131865 0.35929925621677894 0.3785844353229657 0.3621490536289822 0.37862990356785653 0.33801913172148923 0.3999591850760497 0.39933745389413516 0.42636737640408945 0.4644339606264174 0.4445354767127842 0.402991149991962 0.4055114598442153 0.40833636793175493 0.3876700524982755 0.4038567031304573 0.44425210722932496
0.520648709869893 0.47879547432252395 0.45360815477395583 0.4718956015432172 0.44766881061420655 0.408369553928804 0.3806999040676494 0.37359180454190605 0.37952217758164253 0.38100206026195105 0.3992461939086156 0.4328766217119482 0.4459344929060356 0.44617669015891587 0.4151892989905213 0.42450004292410604 0.44747734886581353 0.4609622424820445 0.41619217714680956 0.3576442383806964 0.38579283808878506 0.3790628102970905 0.3477403431848664 0.3189398629492347 0.3519546407184567 0.34725354746498516 0.3261324336022474 0.3647944412871867 0.3749140028944592 0.35857310929701214 0.35531166800240893 0.3694155260347879 0.3988951283699145 0.38533363562647976 0.4249017186570624 0.4627193257036459 0.46612744689214125 0.4222309144972676 0.4018713966898912 0.4344493534133944 0.38892342357156895 0.4203436200621594 0.4821696766813244
0.4576342121055985 0.4217204716534808 0.4161794407963892 0.46695251643664093 0.41176787693585504 0.41088993353887543 0.35276203975331594 0.33982136442309546 0.333152209595927 0.3734864059620772 0.4474864398950556 0.4774603030401146 0.43105790591053395 0.44593029633117376 0.4438939873974042 0.4500488294184584 0.41962499728142705 0.45517570715873373 0.4072585927496152 0.3781829118114129 0.3693304408743728 0.3754865512312321 0.35787878765093856 0.27941139050279146 0.2939798312590238 0.29392442348594855 0.29989841629204556 0.3012825820330425 0.31842392307210216 0.3664287672272143 0.37185853633109117 0.3801445979658254 0.3752681831314465 0.39084160203146845 0.4004859967413684 0.48822737091625673 0.46833577386678343 0.4280688978454353 0.4163676087271166 0.4241983949470409 0.3917724795998935 0.41841439577657524 0.4804202510652451
0.4228786985211879 0.3960881526627765 0.42025297246457954 0.4258865804231172 0.36628047295076177 0.3328155252526822 0.35560660115612486 0.337319536137321 0.32729795967908154 0.39357062985627017 0.4207517357369167 0.4556337998359428 0.41978289862136087 0.4298833507748737 0.3885833194745759 0.37577645965302775 0.42478631807502354 0.3913078642163197 0.36501954773291106 0.35519971641006354 0.37188088153643406 0.3641126257533125 0.35689812103357493 0.3304483329108027 0.29750226819120296 0.2716619419930316 0.278202683258487 0.2890403355496423 0.34635802134120613 0.3689673361274425 0.35557054789870013 0.4029115358212839 0.39122309909554637 0.4057943161945159 0.4056308561147151 0.4260731982861044 0.4163328555862319 0.3847510212710915 0.41813036937844583 0.39535322855879046 0.40180301356598347 0.4754077768317065 0.5178791163302957
