Raster_benchmarking/continuous/raster-236.asc
NCOLS 100
NROWS 100
XLLCORNER 1743153.6423229529
YLLCORNER 5469287.372608468
CELLSIZE 10
NODATA_VALUE -9999
[rows 76 to 94 of 100, columns 43 to 85 of 100]
0.3812061198416421 0.3757180110944289 0.3513861199730541 0.3057157413096457 0.2962193526393029 0.3105865147348531 0.3275278363111932 0.3505963566566965 0.2997531513175245 0.2954645116889501 0.3011707827243036 0.3246470316272549 0.3923901816757329 0.41989791907307156 0.43115038907673053 0.46422246332229494 0.47955761832254046 0.48944882228526104 0.47450694856461234 0.5175140570606243 0.495322136772806 0.5123058922710259 0.5383135444116113 0.6015337237440633 0.553902072769584 0.5074804677443857 0.4231216862820157 0.41269132391616514 0.4191656140282616 0.4093079864812987 0.37890837963270335 0.3901910148720254 0.3669344944723539 0.36280967659262847 0.3168421281016114 0.29286228999209735 0.3127540046679127 0.33983756662186626 0.3504045308588845 0.3377280684829772 0.32891825692470134 0.3037856223098898 0.260519256190842
0.35211773694446347 0.3205513396426969 0.33390381100988115 0.2748153424547309 0.29147181217409746 0.33258942716166107 0.3330140453576542 0.2979816813621513 0.2681863245231651 0.30512524086269704 0.2833804119474873 0.3002173580121583 0.3843724292877007 0.39995912082866647 0.4021174301519976 0.4487162302373511 0.45285843626189604 0.49230559134446616 0.46066529749057356 0.4766643047527889 0.5238817581150321 0.5143278695929043 0.5550577256856308 0.6257238279920516 0.5185729378383638 0.47012907488252464 0.45528160036529225 0.40864854181570326 0.4422666478235328 0.4295498197450622 0.3868478799990694 0.34654112932690856 0.3441907486678764 0.33679757522749515 0.3569834917518577 0.3309429965662878 0.34439378976322627 0.40334063389144353 0.3843891837716085 0.4423442557917474 0.35935456496718865 0.32897917716222425 0.29149922565255015
0.3838781633705326 0.3964971727938122 0.36396286427553964 0.322026667051947 0.28827572234729587 0.2830865278083849 0.2704319705063088 0.29670673713178325 0.3059833580370924 0.34363081468512063 0.3615551499397874 0.3404576394097305 0.3882613862239215 0.4099992690858809 0.37989436409539845 0.3896017381574735 0.4294471696596674 0.47150845640546474 0.49483069005482866 0.4840176690341593 0.5345238173399092 0.5747203914071141 0.5703096687229855 0.5685179725802514 0.5386892966783167 0.4853043029339372 0.4233651658277107 0.4367478957465889 0.4298928420927717 0.4051350581269008 0.4143556176791304 0.3883661781575384 0.36948302795247573 0.354313967039669 0.3413132670346162 0.3784065556662808 0.39946754987269883 0.39220270838138666 0.380004472621353 0.36769412209944874 0.3903349953827214 0.29663345818657394 0.27684946667058413
0.42451497753420003 0.40211752705303333 0.35283512128596317 0.3343872626241896 0.2967534123319643 0.26086974815760466 0.24990342034686067 0.27422187958885935 0.28491251300871184 0.3489154473180277 0.3617232130274942 0.39853908206474864 0.41808566018860915 0.39802256655564333 0.37978454188367367 0.3909278364762844 0.3881841325673242 0.42002047926558955 0.48300921732783364 0.5284811419033186 0.5641451506243492 0.5514437081819372 0.5770076182550631 0.5494835189596629 0.5606661928549401 0.5136969119522464 0.435999014858999 0.4113412692220914 0.44238167182811233 0.4103093418989618 0.3738641136785035 0.3409938679640827 0.3765122305990072 0.35015997639265284 0.40446246642687395 0.4357446506648627 0.4300352778808242 0.38903978527222616 0.4079831582168661 0.38328773294658647 0.3313608558933676 0.32436298875858494 0.31328922284510685
0.39527819112486995 0.3593840670762623 0.3470809337810793 0.3483507260986109 0.30854464731297093 0.24723665393788447 0.24316198442980658 0.24593278742031585 0.24801782343978163 0.31861648596783765 0.3742720469428242 0.412178464886259 0.4321177047364933 0.4481680595245314 0.39473866733439095 0.3807411066252839 0.41407457970043543 0.4634805803908609 0.49715486665933467 0.4841577629893096 0.5048815916004235 0.5361466169707518 0.5120416553388372 0.5078738010096835 0.5149909161122349 0.49012780307107656 0.4838525525053316 0.46389019283126526 0.40852667378060914 0.36848200711600887 0.32338841826860837 0.3202589180247604 0.34684960524071534 0.4075217442137333 0.437452762471357 0.4386279607499207 0.41122765830904473 0.3758586474850831 0.36788617361343595 0.3645342880811328 0.32873210796305735 0.3120230681816941 0.35918783959696626
0.413279628358947 0.35997772087635677 0.33892872927779505 0.2974444537774418 0.2495673817249722 0.21520606700231007 0.19991278522211975 0.2374977244193099 0.21528461482965974 0.2579195983652034 0.3264900485295428 0.4085274980798332 0.44360899711780927 0.4674214590241084 0.4403218545388836 0.42747321648258574 0.4749846135886856 0.45139638993163145 0.5113208768486762 0.5160474935733576 0.5265317230928787 0.5230309864781291 0.5270068702395916 0.5516496641079672 0.5197355363575843 0.4839730794204808 0.4705980363908225 0.41954067046583865 0.41835468367760426 0.3388222962376767 0.33537649248740653 0.3356381848486266 0.3491261064545997 0.4151681886078353 0.4903450159798323 0.48412327595630167 0.4037306446470097 0.37955579384812854 0.42062449551011927 0.38498934038878646 0.38516510486108024 0.3355046638856227 0.3951950928148105
0.3606923201573205 0.36178503765081377 0.2932765119822682 0.22827190309704534 0.21050899606315213 0.19342652893595882 0.223063842586754 0.2082052609296447 0.23801172486630295 0.28636844264467987 0.3196531348333238 0.3365195470221416 0.43645464478369256 0.4680849391801614 0.42577412983689505 0.4364754793820526 0.47971579746634696 0.4406147449611931 0.4801599423335685 0.5040719821659895 0.49522211114292747 0.4859400893105287 0.501727696579368 0.5042519465200213 0.5352662949447161 0.4546440306242571 0.43541811955067583 0.42563016353424044 0.37592484492297146 0.35475105249913236 0.3643084561034144 0.3402330987462783 0.4133281182476011 0.47101430257552707 0.49498939670701153 0.4646094997590254 0.4602635575580471 0.4458114042770203 0.42909704749386446 0.38604148311289177 0.3702151352681385 0.3682831244494006 0.3804653533188908
0.3275499695105372 0.3150838645606088 0.2505633142775667 0.22041005504524397 0.16825328138238954 0.2071761421665839 0.22122758931274103 0.24294406770836208 0.22001990631351395 0.23615041630419095 0.278694721093984 0.31720687045177937 0.37399021838315405 0.46294602002806756 0.47031760784969534 0.45368188905781853 0.5025750480994966 0.4656344080325714 0.49520680268002765 0.47912660069500435 0.5346753999020591 0.5037186271973634 0.5295675544119045 0.5311842007362377 0.49959176271432576 0.47497577542077024 0.42512385815053527 0.4139730622685507 0.3698205474506157 0.345475062382244 0.3447755588985719 0.34485923754578574 0.3569262902520133 0.44636234147592374 0.4682723554826198 0.5008633353303035 0.45531502280388114 0.44819348842374074 0.41865220109686835 0.38136458181515 0.3730356836295788 0.39592160891699063 0.35315986961643825
0.2995514388819867 0.3060766837295202 0.23246704121754583 0.20296381475781983 0.16197648387191368 0.16282907320205328 0.1892850203691163 0.15068699648977593 0.18135920069134198 0.25970803792033686 0.2645868122355999 0.3184713441880556 0.3821176346250134 0.4058639632674863 0.4293658935364831 0.4789889836195987 0.4980402127137475 0.5036633683222351 0.5169153734756228 0.513658271421615 0.5411297867673039 0.5346816371204465 0.5269221204828537 0.5553793272127509 0.5213394997527734 0.4903949114987672 0.4045944117563251 0.3921838211453522 0.35148049906433265 0.36169881953891825 0.3572174629419144 0.3280895673849793 0.3575501361062514 0.4214116843948697 0.4360620755106921 0.428774059705958 0.4530298494309208 0.46753149552639406 0.42158073960869735 0.42737893632211127 0.39983308828693054 0.3855582957048307 0.31605472649218
0.29500814187162194 0.28245983631819044 0.2052716953818167 0.16984426019120208 0.14107368969009773 0.17100143416838878 0.16741169818861262 0.11068956159502004 0.20659500060469912 0.2502388378102163 0.28970225883246076 0.35596268633446754 0.3671965887138975 0.38955207585426727 0.4601720005044135 0.4740403847939392 0.48830083202763447 0.509869155126877 0.5604623248347989 0.6033682447239387 0.5947134141879514 0.5963001703244296 0.5659590288599259 0.5658533396461003 0.4848008463486217 0.42801165772745076 0.40913650506301336 0.3614965284483023 0.37721658263795627 0.32454196827568615 0.3475613488289767 0.38622859556841427 0.3654890489955865 0.36557781499061776 0.4156069587798734 0.41202881461642765 0.41869890386551706 0.41386729456376836 0.4210038363814542 0.3910486001398268 0.36581721702425163 0.35057271596133216 0.33432547709655186
0.29361044366417605 0.20729063185439434 0.1874551391150859 0.16831730243954673 0.14245791045504405 0.14478167388046118 0.144442594761697 0.15704245619034646 0.20076169863654 0.218410355150087 0.25436523305486314 0.34813127217827533 0.3569428397923023 0.4193262402598483 0.42520991412823456 0.4458719047244698 0.43468233125897254 0.4721525232198699 0.5506254776278238 0.5973950624199931 0.5818034096221231 0.5859989753957802 0.5667925521065184 0.5381985736395495 0.5325585315242277 0.48586013001249173 0.4092488925932223 0.3677243051408531 0.35853369308374594 0.3362212173131957 0.3538559130999796 0.3710476346748995 0.4124085092739886 0.38382510724490165 0.432338490290371 0.394383229452738 0.3674639370957141 0.351397317898827 0.3710430675610951 0.34553264940671513 0.32846359598379826 0.3194460718449161 0.3049066852767277
0.21354113572332092 0.20068541872770057 0.13356204367143482 0.09050716302387071 0.09060435879227051 0.09347202139719903 0.11403414654424605 0.11822911340112502 0.19062001633463374 0.1944655028314863 0.2673451978732715 0.35036552190021164 0.37129932051834647 0.3844053506290416 0.3887745389585055 0.3411463038311802 0.36893543309502125 0.4259903577826351 0.4984662969648666 0.5849185784162044 0.5772903787202814 0.5784704816172395 0.6000586304183712 0.6067993182749059 0.5652279902894143 0.4960992664471065 0.4205929876556084 0.377684649496335 0.35771577544530664 0.4033161035398545 0.3977771422344772 0.41252656761476597 0.3969947390760506 0.405491506435177 0.38567691039880125 0.41399479873819056 0.3190825702877288 0.30732317307259 0.31420037062204537 0.31193982054174035 0.32165029840369946 0.28744990503639295 0.310270138710198
0.20542398864731756 0.2119303134898952 0.16734072114209558 0.11471225796288623 0.07827717604624307 0.08033532350728276 0.11925408029378186 0.15694399081642313 0.1758670363859378 0.1694799229105151 0.269471927506533 0.3115016057101466 0.3173236337963921 0.34126116333201917 0.35084383902230143 0.330020167538598 0.4048759967935969 0.4668458229335047 0.47179432739284355 0.5090023142855126 0.5773814419093075 0.5421899501720224 0.5834333547236877 0.5463453178051161 0.48946421397675666 0.4354662247235089 0.4482634969678347 0.37463075503158505 0.3596658750805483 0.3515825422174876 0.3440845420674029 0.3765829578626937 0.40132764674215843 0.3616458199338852 0.3413532577030724 0.3405329920496294 0.30412682556264475 0.3135071378994036 0.30820673286624045 0.2849783646500005 0.31531963879366737 0.2662017827909184 0.2706848850141225
0.1201930614000928 0.13682192633587967 0.11383054158067542 0.10766077026944502 0.13642217944513044 0.12719699947640362 0.11450082309006375 0.14647796868161525 0.18405367172339146 0.15287713168618053 0.21890161229557817 0.24778546312959535 0.2704647975736339 0.3373360439363617 0.29646192833289225 0.3033171935181011 0.3963051791369083 0.44472716778939886 0.4549433292153921 0.5249098332353535 0.4920488432977674 0.5053459931426547 0.5355837105989201 0.5587851053304616 0.513434320402399 0.419587682527094 0.44571847926136876 0.3717993683933132 0.381408147511567 0.34074806460114204 0.33877503469263354 0.3133539781636993 0.34727922879113277 0.35286269493539596 0.3586764532496771 0.32198182571926354 0.3283596537455724 0.27049549604796125 0.2974191376273038 0.27511388646275886 0.28138106826858816 0.2632952262333488 0.27680383606766373
0.12549619236376 0.14526395409408902 0.1291843094794311 0.1681043104441287 0.14734997540175793 0.13901007526778128 0.15894380010031176 0.12120038947347132 0.1324033038447861 0.18353517217934098 0.21119159849623328 0.19706530034956438 0.24769375760904247 0.256515754054109 0.30840391293435937 0.3292419552361124 0.3646899951241127 0.4138281422710356 0.4084772453349149 0.4471733421454798 0.4477565395764554 0.4455393865457073 0.4793239218539648 0.49291977260168507 0.49430440421555055 0.4161740729262716 0.42629916642549637 0.39726432186868144 0.3680763313784194 0.3174443117794155 0.3193198285962195 0.3176296113817622 0.3052551815226618 0.34456235091472576 0.33827025383057685 0.3236307919592267 0.30892100784639015 0.29436431161520654 0.27002326091028644 0.2504789880960283 0.2779628736024055 0.22248151721353449 0.26295161188180743
0.12477424554979562 0.1406207476838449 0.1588011031696372 0.15447885681819554 0.14292987652306993 0.15494320262499076 0.15627986839688027 0.1235809012950628 0.1518497034029181 0.19326208224044986 0.21844919129114182 0.17916360927084612 0.20089576220429342 0.2664121306531649 0.28382797501508633 0.28481850550094046 0.37035921587297393 0.3644176961474529 0.3758087002347409 0.41679401980483727 0.40065377812775355 0.4550808919711441 0.44321310737158975 0.47957868044497876 0.4495038373162127 0.41175123919075723 0.3979461411907472 0.406899781379789 0.38085251993260816 0.309741595789032 0.320686542004558 0.2658150439517648 0.2689713921638655 0.24793568096457752 0.29275042062068346 0.3111157049722818 0.3142621608869815 0.28643551452312177 0.3020317565301166 0.2818169669641893 0.25083329039406027 0.20852173510079003 0.24263204709794492
0.14129635827712056 0.1359139664099696 0.12233816153141297 0.09983410823574872 0.13691047494326375 0.09147523462965824 0.10574592269005904 0.07775788397362317 0.11817014594809479 0.17173357380647625 0.15824676827868903 0.18865192834649785 0.2314277499462996 0.29254175682606814 0.26050281852534546 0.28091763187043284 0.33149737472131224 0.3330148406094385 0.3634787883388977 0.3979555304626642 0.37138314766937364 0.4257948574214369 0.3955330221669387 0.3941571549737215 0.3972548376315305 0.4174758143441717 0.4062005825325033 0.3815782744224422 0.3663143160481225 0.28534125883860345 0.26244915983633527 0.2584385011664187 0.2586667832750803 0.27709921968049445 0.2353474104742903 0.23056024280114062 0.2889951226269899 0.3209907056013234 0.27126268237424334 0.269125699041057 0.24155419430129862 0.24239277056604214 0.18574763143897677
0.11952678944940925 0.10458621223495287 0.08846403713939961 0.08053402837762885 0.09686344982013649 0.0515173954327752 0.10037230293315255 0.07608841173389697 0.07435810905380943 0.12857573625745367 0.16360626519392216 0.21484389137877202 0.2359486212982553 0.2798558837960589 0.2946781005688745 0.3120937122772441 0.31386133543671446 0.29256683360040947 0.28337920201651884 0.3031974392204025 0.36543077345147307 0.3821755960316178 0.3768889008919818 0.3954773107520959 0.3573893176227489 0.3607122852584805 0.36279021619157714 0.31284807637636297 0.3225380951577776 0.30382280060358685 0.26751292805647514 0.20111520983797088 0.24411454265099725 0.23941977327729544 0.22189724863690677 0.1773929972548314 0.27475807659413326 0.3010563819031927 0.3179006887386191 0.2923115610306542 0.26187156773112497 0.2426048673599649 0.22299923632643603
0.10910988931097944 0.09690397546189322 0.12441370852579546 0.09321893064938672 0.11259879529021782 0.07119468669713648 0.04555831717125783 0.08767975801514129 0.08558867059280784 0.08245787587642917 0.11405769743679418 0.1331557248058538 0.19321765219535522 0.23366351837634716 0.23537166825752823 0.27985220980703357 0.26079612666509816 0.28371166673900916 0.27123477160503595 0.3119283077884526 0.29486073726993955 0.3043134945248254 0.32750898965186126 0.34215723098093254 0.3230000304404876 0.3261328196587785 0.3615384622794008 0.2959450648212386 0.2697559783825199 0.2901392740227238 0.25708423957895365 0.24674503941814513 0.23963611748505978 0.23114799432337002 0.1859885421751046 0.20230720649695327 0.2264056898834558 0.2632553421822293 0.2883757812347543 0.22464999938933103 0.20442889519824456 0.19473578953631135 0.21429820562732105
