Raster_benchmarking/continuous/raster-189.asc
NCOLS 100
NROWS 100
XLLCORNER 1743149.2483456645
YLLCORNER 5469289.369417008
CELLSIZE 10
NODATA_VALUE -9999
[rows 38 to 56 of 100, columns 0 to 42 of 100]
0.22624512968371768 0.1960378150682303 0.18741303856643188 0.18711888013693068 0.21931007381418754 0.21249918975286403 0.24697498442493396 0.2425445091567612 0.23921925084451098 0.23404881526544644 0.27250198153930016 0.26499268176055113 0.25264743874990064 0.27650389733054576 0.28151452384843134 0.3065339480255257 0.28448401167615694 0.2927816240454394 0.29515923979776215 0.34516834916782224 0.3617893387728894 0.36010122709691367 0.38853995622056303 0.40787610218034154 0.41002772669797727 0.38365068394270985 0.39327553972759255 0.4230269728415904 0.4269615658878863 0.4010153700668351 0.38546782998430223 0.4146034419206193 0.3865313223797566 0.4056743452588341 0.421502019680011 0.4173741950829267 0.4074121010183235 0.4148175967224113 0.40218191513425167 0.3941950039217736 0.4110741232999196 0.38659406695066645 0.3878635230654863
0.1969934702370241 0.19105559978856632 0.18580123050317748 0.21255098159146257 0.23375836783241097 0.2148766036766029 0.22935373851465812 0.23096585792938845 0.20363794749373124 0.22247946709427185 0.23034598677143028 0.26399387497950827 0.24783050952246663 0.2648830825496581 0.2924710432865476 0.2852723615549494 0.3099440326580334 0.3038160933734557 0.30358481401421133 0.31254859245682864 0.3465170147295586 0.3622916533088614 0.35999327897988187 0.3776414431058922 0.3976140511496376 0.401484616986662 0.4271823287893852 0.4099581887771644 0.4300615916512553 0.3934116258329608 0.3999975587638974 0.4215237914098725 0.4004613860981606 0.42373535163195997 0.4062619141082241 0.42929379062519407 0.4354066534045704 0.4090544941464001 0.4231130726537213 0.41834350416472144 0.39137016203053565 0.40025840616093744 0.41178101119965493
0.20587127304117914 0.17100811266283666 0.18316771801377468 0.16863137669616726 0.18451005676857518 0.21018327413476334 0.22495891099505286 0.22810378785862553 0.21179869386951108 0.20269062911272268 0.2079917738788501 0.23697545753167112 0.24982053525419082 0.2270328774734692 0.23592697956017933 0.2578756619478002 0.28412478064718594 0.3062382455642878 0.32569850988594506 0.319507268352027 0.3360725437250176 0.34453924278264353 0.3572184039788078 0.3644451095423442 0.3708029038508391 0.41034777572975506 0.41203006985557233 0.4385687058180727 0.4058678583637427 0.42692736666200637 0.43469565190977416 0.4218551235249392 0.4041852300035851 0.39723082721858793 0.39818609829137785 0.42255617575664367 0.400848858502631 0.3978719047789838 0.41449016167807645 0.4053235650840793 0.40941001230165686 0.3892557434524867 0.41078634336796943
0.2083740514423966 0.17998187398925855 0.17139916857618925 0.18327545705129683 0.16870227809304567 0.1820226304809948 0.20761370474320381 0.2012786491884242 0.18686507817436881 0.18836667947272587 0.20907740000496716 0.21457028943940534 0.20994911972194427 0.22130358744871045 0.21313067695655818 0.20875341783785217 0.2360057205983491 0.2888188350005664 0.3095892094508194 0.3240449165342289 0.36643923870568534 0.34876635362455904 0.3610004730185114 0.38922318614126844 0.3768310861563487 0.3915812684868913 0.4291399970605365 0.39973459269046313 0.4122818324401784 0.41825741229857705 0.4146673391425122 0.4222557794255155 0.39046626524969175 0.42057655329000965 0.44406404948761913 0.4290517334413386 0.3975222937508006 0.38517619151990534 0.3882688427245475 0.3912333499591766 0.4254915360854643 0.4267131575000439 0.4110571319838661
0.22136666029194937 0.21167465656020684 0.17646530718246797 0.16734058318920614 0.20047144772044156 0.18585860456311964 0.21367026297216038 0.22729800424194288 0.2086165651499501 0.22016577908159032 0.19334393764132604 0.2040802294068469 0.216559404674869 0.22213443191773802 0.19154631778848502 0.21434837040364604 0.21846447359039534 0.256387152375615 0.30726722791310357 0.3557416850680486 0.36963048504789403 0.3455615205237873 0.3622664783304599 0.37805572897074563 0.3718445665910071 0.4175287159874754 0.4307008117523978 0.40205070070062693 0.3979245434654003 0.40629266521238017 0.38648791542684596 0.38077525134027346 0.40654723357362765 0.43272556216046604 0.44367433442658333 0.42428647346370735 0.41800021691299344 0.43965664618012607 0.4015266104445711 0.43247291897805556 0.41239775118843475 0.4489982679716162 0.43997196564767305
0.19019710556376856 0.19138449024508525 0.19358596621134083 0.20442142597168153 0.19588078298685105 0.21037605548461144 0.2137783533266061 0.23772358909037938 0.2341475145246538 0.22362183768625538 0.20107087629538303 0.2261496345344923 0.19440117669561738 0.2130160970442404 0.1860827148854913 0.20769390864062365 0.23804902192116265 0.28256710729105144 0.2956852547113306 0.3219709288585255 0.37116190166220053 0.34451655618318616 0.33986401615142375 0.39192583775836737 0.3910563291875642 0.40637792029651404 0.43013909517169924 0.4241058594592122 0.3915403946712149 0.3839183508832284 0.3769449855975798 0.40595990837718055 0.4126638891897976 0.444962177257854 0.4730995188282457 0.44646763144433693 0.4588911275665305 0.4267738619918677 0.42916379231072266 0.444554393828864 0.4227950887549364 0.4357659950387596 0.4704787081023558
0.21960333944668364 0.18624199223654184 0.20002918326485267 0.18911615401486598 0.18972639499498617 0.16942169304523122 0.20310459484006937 0.20467510298797584 0.24126522847116486 0.2484771148810872 0.2262836062422467 0.21886425719087668 0.20089535611414672 0.22447358837262224 0.22653624973549807 0.2418701237027865 0.2838745207851505 0.31047339978718996 0.31523277093290064 0.34113456154807753 0.371541195766496 0.35466613701061334 0.3692173775396615 0.38247029850443326 0.4109970196349195 0.4222899922570916 0.41775987287706884 0.41989320111896244 0.38659190643867614 0.3939443575836496 0.38205872586345907 0.39796313160914976 0.4382394130217121 0.4398421721732084 0.4390291810759621 0.4466734857485958 0.43916998403089175 0.42902380923120587 0.4166880001657635 0.408213169964783 0.4391188383106407 0.45556092638214374 0.44751365724625575
0.22791235132967275 0.18711678017269814 0.2015988365298037 0.19254560907645743 0.1468102247571067 0.16344292711069747 0.15715656602752232 0.19039075788593118 0.2328227644922352 0.22728649205161344 0.25145171874645683 0.2283649721788898 0.23745905428017083 0.22282404413360388 0.22636165900715893 0.23525794044827955 0.2928891330074804 0.2989719635655115 0.33600185154467144 0.33811647334190575 0.34811458930855876 0.3530397600925987 0.3472487312946346 0.3857410235866084 0.3685054627372551 0.41169474118610966 0.4616260331781047 0.4431208352231916 0.42611799315827226 0.3916455403062145 0.39275319818701315 0.4080965687177278 0.41908003670924915 0.4461536700644056 0.482790776419516 0.4355471108472231 0.41506022008016075 0.43297476092136644 0.4413056248347834 0.4297629417563583 0.42347566102736134 0.4635845336128195 0.484035167992487
0.19696710427811365 0.21016986587603012 0.19714913256294223 0.19544172043587768 0.18548581847557188 0.1570242447027851 0.17625623680747945 0.19472121338108925 0.23105258734451758 0.252059673633467 0.2204320352451936 0.2269976729548223 0.24672824970360308 0.2415263926388424 0.23447187178554024 0.2535721147276821 0.2737004776701676 0.33109113700930887 0.3286780471560594 0.338256132035994 0.3264037552072659 0.34592417452764657 0.3577905070718502 0.37295418396946006 0.3930727542082397 0.4153716976942303 0.4429802813541984 0.4489632842475725 0.41223296997387826 0.3916779702409933 0.40479407125473177 0.4224904730886776 0.41392836408122313 0.4587346756673067 0.4621450530475082 0.433553382123417 0.4469713676967759 0.4449299892128395 0.4427261058199917 0.44709489095472754 0.40973487569679107 0.42574208452386864 0.42559883626209893
0.20855258937452095 0.22138985113909146 0.21586373685886606 0.20486830957759894 0.17029667308738916 0.16516767935141513 0.20155566393574875 0.22959140772467776 0.23874394687822775 0.2122672722626268 0.21032191347665555 0.24443585990612718 0.2501037531822562 0.24305138013793903 0.2814278828230316 0.27257882379488707 0.29309783889537067 0.32492008912677145 0.332997176519621 0.3676614266561587 0.3585287122154865 0.35678697461546466 0.3505776416418167 0.3696737804721006 0.3596957933159045 0.4162135130956073 0.42768708701069624 0.45398953384033686 0.4425931722441435 0.40174001694601535 0.3824344797667956 0.42286951380126336 0.4369906379527956 0.42436738531822804 0.4229385060478872 0.40741966079972863 0.4221290705903827 0.44832204931271497 0.44576314454724936 0.4512838037255408 0.42337936979105 0.43959173342259555 0.4278770303506718
0.1676181725499182 0.18056509319563396 0.2076120832994889 0.20450804596640074 0.17432533735498723 0.1962803361821916 0.22342501201540754 0.21408620258371935 0.2139175586305202 0.19603787021935834 0.20118513493045867 0.2295735755581411 0.24253585307659042 0.2436801318365889 0.2508597466185217 0.2772752489035548 0.2846984731658965 0.3080160957048081 0.3314595668641935 0.35782697357699067 0.3407741995645505 0.3320376019754988 0.31759420052618426 0.3246000048448968 0.3619914113361884 0.3920485777195007 0.40776571897418296 0.4513909155703065 0.4277833114379204 0.39157027770472613 0.3850215642451479 0.4253007797344621 0.4496061845574711 0.44365596431829185 0.4373967401150193 0.4304578095196496 0.4328735677868659 0.41642432203146856 0.4143245777955541 0.43306434194092247 0.4472725595916311 0.45175045340233966 0.4476828529149477
0.1393160957987224 0.1503939860424969 0.18415700310081817 0.17666942630776297 0.19900026220860265 0.19187952047975554 0.2370456386129679 0.20275838463838047 0.19301943222602425 0.17612356712793573 0.19487171549835997 0.22671840672753205 0.24561003542095933 0.24470592907629904 0.2150677177181784 0.2582728457844706 0.2941926623591822 0.3128911054715869 0.33338453528190576 0.3562540017359353 0.37637828670273454 0.3304158708185421 0.3250578732187275 0.34464722090591343 0.349717828438362 0.40798040921248896 0.43408445390378186 0.431109947241406 0.44981059489464165 0.4215675714557462 0.3685740602040551 0.4306775718401851 0.4531659569599785 0.44085710719002486 0.44203229939984845 0.43263930388520466 0.40976067034870856 0.4262228389039571 0.4337829855198836 0.45007326442528717 0.45784402171624367 0.48175477979238923 0.46904209976782885
0.13290669463772423 0.14590016204312264 0.15865516225198537 0.20191613314481738 0.18770572161215077 0.19653333897224295 0.22393903317762676 0.22253237151631342 0.19094361235639293 0.20222694205226 0.21639938894679506 0.21475764245803564 0.20309705444906984 0.20828704401970874 0.20615273042843163 0.22741811929435302 0.23432091081884976 0.2696246639783773 0.3176720077679613 0.3367637901180594 0.3611854215269594 0.3427040276260103 0.328962608745173 0.36699064024626654 0.37373624770661695 0.3959539740882406 0.41105370088719856 0.4261403845706793 0.41725191276042317 0.4206151673180826 0.41848090156838585 0.4376076284463599 0.45239617705219104 0.43080234946515694 0.44929162883985235 0.440502407600541 0.45663158532343684 0.4664367331828849 0.4851216430279812 0.4610834204326898 0.4972414069316534 0.49267285462264115 0.4762453825509557
0.12706787585687362 0.15979142191971374 0.17570655362919635 0.17958689419599574 0.2058048635592688 0.19509778639229408 0.19529620974409548 0.21772488319128674 0.21825228000090663 0.19902459576887627 0.20313139281577602 0.20535032151154192 0.18954524472894943 0.19584577505539832 0.18962393327773236 0.2023024554066148 0.21626709413856968 0.25108015307589543 0.29136237501559203 0.3453270178448749 0.3602087550148582 0.37739488970863594 0.3392966340723992 0.3684969540252508 0.37140433440452797 0.36259115957641175 0.3730488704084731 0.41179411263835936 0.40842315626980824 0.42992222324817336 0.44598382016837534 0.4448949328867567 0.45506194622047946 0.45773144723611414 0.44364907261570447 0.45060855621669577 0.48623470266601204 0.4743448568322774 0.49324072518240963 0.5014380596020055 0.4923036582869175 0.4919618829009482 0.49715337064174675
0.08161511831995318 0.13686647937013355 0.17108527669247686 0.189706746476197 0.21088715671092473 0.2074415248464137 0.1863963770405751 0.20954710769384396 0.19764280318122845 0.2093900837568125 0.2008506269060998 0.19027567799947467 0.17367720709454287 0.18483936135431733 0.17541319394098273 0.20644064080268304 0.24476329806317454 0.2594470399775159 0.3047411236583639 0.32829127553872134 0.3446635379686697 0.3852243588503751 0.3607414964054006 0.39280713399928285 0.4013136305147407 0.3781611921761996 0.37188667568930944 0.41367345707440717 0.39944241578624456 0.4286489035370521 0.4543567847585059 0.4317102713496801 0.4726694068868538 0.45996427131010237 0.5031341737263285 0.5152914857615625 0.5153574787980055 0.501757491118216 0.5006799857587925 0.5262432977835018 0.5193930346303297 0.4921636821498867 0.4997164440137917
0.07235296083306923 0.10851177987046341 0.11801712041993057 0.16219208857728004 0.17598172054585015 0.17835485718538105 0.17382348019103142 0.20291962756079202 0.2205798251609428 0.20539187033007547 0.16006052798079082 0.1633500440926261 0.20439466677604795 0.20588344018906857 0.18482975791695216 0.19817447911141112 0.25457097543874657 0.25804540495233624 0.2774924384609394 0.3197335283887904 0.3777967042293962 0.37202031391601936 0.41012061960936325 0.38402515805660203 0.4105870969729885 0.4041737544481745 0.3828458637419833 0.4199813079805946 0.41631328982803817 0.440217670550636 0.42610803320011026 0.44700528410344764 0.4829919051051986 0.46746956677358736 0.5223944845800431 0.5088908707888593 0.5340072297337722 0.5287313180550375 0.5677539022883566 0.5118428296743472 0.5095516606477211 0.5247809061068069 0.510320384615622
0.052233804140192026 0.059254234366011835 0.0783183948490005 0.12261005263722816 0.172890981279279 0.18607741016594653 0.1852371907958687 0.22117876236269757 0.20635154085586482 0.22450064711290524 0.19337173623448137 0.17891800134549765 0.21700049234454785 0.226810125444551 0.2016285676106393 0.22287226138415053 0.24598632703940215 0.27900885086672406 0.29002048502248706 0.31075843114715984 0.36181234624547903 0.38441897523209995 0.3980485545964062 0.3978443112402306 0.3851249680239697 0.39230085576826595 0.4096158048056308 0.4323729857627443 0.43926287175674256 0.4328209733924769 0.45058299338035857 0.48169571457967897 0.4754289127768938 0.4827649690874556 0.5241741194343824 0.5226884212792784 0.517495256346671 0.527131531941969 0.5185402097671845 0.5148121868928673 0.5218681324992076 0.502760629385097 0.5160769011358358
0.03387008712796505 0.05297151419440459 0.08417670140972652 0.12906567727026125 0.14257045144584984 0.18738585904115565 0.1873617607617583 0.1893061922475879 0.21986626954949895 0.19236288836303647 0.21117402480564046 0.1908545549611409 0.2138918646367318 0.23311466817117904 0.22560837668815756 0.2213049316844464 0.23799133337422732 0.29503511848098746 0.3238077351068229 0.3363404585544423 0.3444122123284716 0.3519060867078644 0.34392310489662625 0.39645376165146656 0.40925277044286495 0.3886352093847714 0.43275282891860606 0.4565110569522665 0.43829951390224026 0.44299121643554196 0.4525256225301982 0.45040683096582335 0.4832480240986718 0.48290202928499965 0.5022637945260995 0.5025003828131426 0.5102041717525568 0.49493499794646395 0.49143847311873345 0.504669529052637 0.48419251584170114 0.47372349932697333 0.5097493861796487
0.04820957741821286 0.07153597964909852 0.0823371466938038 0.11695160583886922 0.12486618469647101 0.15225339038996138 0.19374267508200607 0.19233238753040544 0.18682689354152843 0.1884714010519447 0.20408666868977446 0.2313266670521857 0.21631453559271901 0.2078239211790384 0.2287022578292555 0.23807408350881573 0.27485237565935006 0.2886010186754161 0.31692101060923056 0.3257358811056955 0.35219944458981445 0.3272709049462901 0.3257451589101233 0.3590895608059555 0.386034407227825 0.40332762839221903 0.4230156475618521 0.4473521160563411 0.472197372315821 0.4656898919009108 0.4598137318637375 0.45322441715885703 0.47009269723704356 0.47961722137757185 0.47922521190479483 0.4963558735103048 0.4972520210640497 0.4818904709682276 0.47000282103289165 0.4649796614612062 0.4881916568058414 0.4835984735948482 0.5050494679736358
