Raster_benchmarking/continuous/raster-93.asc
NCOLS 100
NROWS 100
XLLCORNER 1743167.1868266433
YLLCORNER 5469292.589354038
CELLSIZE 10
NODATA_VALUE -9999
[rows 19 to 37 of 100, columns 0 to 42 of 100]
0.4022339048652536 0.40198214114486086 0.4273748165908539 0.40111851569814466 0.43408532035992675 0.437166721238054 0.4279475042716244 0.46359149213415635 0.49987352269874663 0.5509164769244171 0.5484059954726714 0.5277663761490032 0.544937144986263 0.5274858608904884 0.5631291734769996 0.5534240192073855 0.5383794245887146 0.5867494809938083 0.6156922791104674 0.6029222143675936 0.6077198956684325 0.677325208077706 0.6414718580760166 0.6752327949870832 0.6298323997091961 0.6129344832244374 0.6448699829746904 0.6271524787400452 0.6392444484318272 0.6752988573957734 0.7141889265068051 0.7571551113862962 0.7622617363158078 0.7853425665040463 0.8195143903177352 0.8087080747001938 0.8472603404051955 0.8367313161268992 0.8630146337445577 0.8337917397695928 0.8479686012925172 0.8282095338888058 0.8488881780205104
0.3989930389689915 0.38882199967636694 0.387110811384667 0.43091418471119936 0.465997190267473 0.4471884710067243 0.44207567313944773 0.45468808352188367 0.4868607653441781 0.5020772984876107 0.5158411964297482 0.48945918431438445 0.5246147284458489 0.4956252010002441 0.5332115035423864 0.5106356160970651 0.5648234367358719 0.5820982837979546 0.5778498118362511 0.5656533588440996 0.5919639001478011 0.6607060030719635 0.6411177691943495 0.6565686902691724 0.6363861127992052 0.650395962102023 0.6292764038905717 0.6256004157490411 0.6436730360111867 0.7048693406633881 0.7234999528627483 0.7620539110163952 0.8032997795100666 0.7799548943552295 0.8192339425705562 0.8126419372264285 0.8496820450507686 0.8258689263612559 0.8332697171949619 0.8840517101887126 0.833110046905355 0.8239666017241256 0.8389033401793771
0.36815517522152297 0.3438853729490687 0.3820214253421231 0.43286439372115154 0.44737340684801197 0.416379709983805 0.4526181480224666 0.4171922586041957 0.42023746357431974 0.4494696858837775 0.4316846142065208 0.4697891892679474 0.4879350088259955 0.494965228556852 0.47734854490970946 0.4692977527504219 0.52178994441918 0.5569301755141586 0.5478149003400086 0.5702613373887887 0.5860667767432394 0.6306072512354413 0.616014451731103 0.6391748122677151 0.6335409217879736 0.6411023176810806 0.6330739528437794 0.6162952442695729 0.64244316857783 0.7071613699202719 0.7305650117410831 0.7669675226705297 0.7939902282066879 0.7760150112660735 0.7758301251333578 0.766643245042698 0.7972691690012411 0.8000733726888413 0.8577671658759131 0.8445684730738299 0.8330631876898428 0.8164271366946443 0.8320890193622695
0.37612454814209134 0.3393585878909933 0.41116758746496357 0.4137214477571581 0.4377554203524392 0.4240606354694158 0.39910601807558843 0.3757663692151781 0.37982451101756276 0.38697257817943487 0.39879246676000335 0.44685392862717216 0.4801391102057173 0.5184528013110068 0.49975621043082924 0.45539869433467545 0.4970146569739036 0.48960567565292645 0.5319903181912027 0.5301564221313136 0.5904248266313266 0.5776325535909945 0.560799968505426 0.5658063730528755 0.5705260657498235 0.5752778342820756 0.5944930304724169 0.6450062499994481 0.6727205781452441 0.6795330627997357 0.7258557310303106 0.7631186807361191 0.767129955563384 0.8172993706251672 0.7952818477009361 0.7611090090095375 0.7859819307951156 0.7746804434130001 0.8143406303961314 0.8573825065047246 0.8390167824204142 0.8310696205913662 0.8396991847694655
0.3359102467917689 0.38110528351776035 0.39316409488527176 0.4045970187888483 0.39396637744645907 0.4439700360709565 0.40981523938768455 0.4235706078543343 0.39457474005612925 0.4225091037331411 0.43104864269336435 0.4266178867860333 0.4642666369583098 0.4562991681155954 0.46835158397053994 0.47208317890663837 0.4549045770461969 0.4875446766227751 0.48791224800528227 0.5229776973210751 0.5545000885607785 0.5725757574209912 0.5666515623788275 0.5614804764759236 0.5699037986129396 0.6234697274711016 0.6305024023231607 0.6345524396053259 0.6677015194455421 0.6804248296527616 0.7152978791513983 0.7247873363273097 0.7378321761249541 0.7948893196241545 0.8010023284634845 0.7637435780677014 0.7555189432123498 0.8120474641392482 0.805674733839042 0.8613083870094481 0.8497480391457102 0.8190513774889344 0.8053291695950996
0.3623988500194858 0.3394065183485789 0.37570845243289264 0.384439302929277 0.39504315851240285 0.4338808577328845 0.4089671255969921 0.4197072540630739 0.37695231794092454 0.3931541343999246 0.37871406609773195 0.38021869574951395 0.4151409741870377 0.43161379148765167 0.429011406341767 0.47005616884382667 0.45412552174729726 0.48801568105623033 0.5027591087193993 0.5239501782491189 0.5281923653491629 0.5567666274857203 0.5598406652072753 0.5428367484788402 0.5992237445093177 0.6460651804584077 0.6424625947135212 0.6609711449242723 0.6139305115939027 0.6245844157531902 0.6784279456568403 0.6851807644625044 0.7316119030845879 0.7633416651193959 0.7534250618547488 0.7575228257952805 0.7998330191162228 0.8389362855390141 0.8098018979506098 0.8494715303960276 0.8311593893253899 0.8403686671211742 0.7578217702812402
0.3491525201221352 0.34015051111218947 0.34334423426772104 0.3412529774771559 0.4046835173681017 0.3888275864884489 0.4276470901331503 0.42513719276108936 0.41363991441080944 0.39645631570810597 0.39234793012735386 0.37032754724355893 0.3741376062123335 0.4012251336785203 0.40535227430188947 0.436367253964099 0.4727448402507688 0.44760624338324895 0.4971125282300624 0.4901935860730347 0.5228302069406888 0.5423822776594485 0.5596005191362458 0.5924714654014075 0.6132126610921643 0.6301856280393823 0.6122032962125751 0.6279564427208388 0.6165124782453396 0.6649598271104425 0.695977690468724 0.7281763723158068 0.754874160462301 0.7962102537558601 0.7744139618139015 0.7724219503511868 0.8177662690643789 0.8372940190157201 0.8177906935825023 0.8532112602863918 0.8225278029604336 0.7990417097408344 0.7475994298854772
0.31619609665448695 0.2962377102320864 0.30281524733836734 0.3284690698418295 0.33885958192544313 0.3762167278240653 0.4090649152091091 0.41130492985012684 0.4351451039406463 0.4089650327596377 0.4020011112958769 0.37235331408103745 0.3942771337679084 0.3918384811396518 0.4118060869096011 0.40936916977144083 0.43679684046886463 0.4339704680086586 0.46099435305131076 0.49722801642668707 0.5195681771234985 0.5828187188072202 0.5914608432021362 0.5826122511921746 0.6417005740743461 0.6306121075874795 0.6014907057492294 0.6127983483654442 0.6293124020594726 0.6291476954679912 0.7176140576127297 0.7483923706251574 0.7383127337940105 0.7867475550280426 0.7975225546126808 0.8347768715171295 0.8393332085460837 0.8136975464134102 0.8400587924001884 0.8369821740111377 0.8348801386536776 0.7958599361919988 0.7450404670528442
0.31171743956043535 0.33620830525692674 0.34279919341601367 0.34712181886254145 0.35363852426993114 0.3762565101295536 0.41810385391711063 0.4317763358283942 0.40588629940865756 0.3975041479367411 0.3938397246776153 0.3888420957728828 0.4086832580072382 0.45902191473130327 0.45079293711261537 0.47493141853332504 0.49133990761132573 0.47176592476241763 0.5098545019565027 0.5446805178663686 0.5589202423477495 0.5689597176176466 0.6186359926228586 0.5814237553988432 0.6286041625467713 0.6310221119852749 0.5940328358321412 0.5968432653018589 0.6576929347924962 0.6528954987172975 0.7124794479520374 0.7803362752284608 0.7558828963796942 0.7783783861368068 0.8199597840593211 0.8069310782118742 0.8145426034595814 0.8202986506306174 0.8092846678720906 0.7825766832810095 0.8012255210287198 0.7932248233346667 0.7167704030535063
0.30951033316466076 0.3449938971430576 0.36384387190842316 0.3602418972672572 0.3931681601243892 0.39675419801836903 0.3799873034528719 0.42149291652324083 0.4187847218997902 0.46622613169861865 0.46413304718535947 0.4409281908308976 0.4556571276136877 0.48966485413348454 0.4772865951946805 0.49225857198904877 0.5421104181108813 0.5339151934214769 0.5514344327860754 0.5341261297959462 0.5645754370010218 0.6324784093314111 0.620104239831246 0.6089709570690021 0.5822158631387104 0.5878918387093677 0.5861366008843106 0.6225728263525173 0.6496171663831806 0.7070038407969234 0.748848572084513 0.8075354492542585 0.8021600324395082 0.7957583125376876 0.8224181692579242 0.830534021942385 0.8331155255687963 0.7775669523057266 0.7852791661727234 0.7726602528787847 0.7686322467736869 0.7479502462241311 0.7256938535918925
0.3346063942479326 0.3284910853539512 0.33860368827667603 0.37289519424838213 0.34842954800918635 0.3370381872364515 0.3617179133235883 0.3829671124045128 0.42980940250988847 0.46221066199239513 0.47377071984460317 0.47951648835442373 0.4830763755883273 0.4890037051390153 0.5029050536192786 0.5047263931175267 0.5582038317141607 0.5790442265930857 0.5590709359650968 0.5443774596360964 0.5843660150053169 0.605471708545677 0.5987607172310803 0.6083017227324636 0.5920194508467674 0.5769357431103872 0.6234787757822264 0.6957187229267119 0.7259801921166337 0.7213389679525076 0.763932841242086 0.7984665177140382 0.829941557678642 0.8174267099573076 0.853804214943692 0.8646536805047877 0.8489361955816336 0.8377249371620541 0.8180991162328269 0.8054412718701038 0.7782814714683589 0.768224233121847 0.7254969128401956
0.32234112695713385 0.32480371392602836 0.32065681487312203 0.34049777267858283 0.33389238220586565 0.31836528165716116 0.3614261089279878 0.38670602733276954 0.44741736420800543 0.4652764986719407 0.4955347931968109 0.5223089669010694 0.49013365037202566 0.5324025861151332 0.48694993136943227 0.5022802343299223 0.5258274729293171 0.593951934973951 0.6012271696767266 0.6044439478688877 0.6186463350469623 0.6415644562831281 0.5918473199840893 0.6057313945381056 0.5953996072047757 0.5914272842108741 0.6524791564960365 0.7334984451518204 0.7580267557981274 0.787277619281067 0.7824854350470718 0.8134746049569048 0.8403925127716432 0.8387375195649783 0.8747458171328631 0.861220665847616 0.8354307424877596 0.850483646879671 0.839208217816451 0.7723401635994269 0.7804665094434219 0.8092593390283261 0.76011107356042
0.33382326901562004 0.33958930000536874 0.36671140078342085 0.34213233469313153 0.37067781656991555 0.37781693952640366 0.35079725187860267 0.3830698562739543 0.4511856654514943 0.5015832054839283 0.4923943668617974 0.5045993084520292 0.533603467903065 0.5354769776337638 0.5257058912355875 0.5646833991470753 0.5620830523471934 0.5945592545584024 0.581194398558797 0.5766355379840865 0.590985923574114 0.6287156213805049 0.5992501303350702 0.5819837310570064 0.6024459053538598 0.5961870261893254 0.6664879763830595 0.7369279074779335 0.7708570122474295 0.8143947244977139 0.7853690322135998 0.7995400293170746 0.8119675850962818 0.8224869721177066 0.8563785783531582 0.8667796726720769 0.8523507192087691 0.8354394659834267 0.8257640930720758 0.8014715546498643 0.7865730829881854 0.7756580606058731 0.7537534835352787
0.3473818386933374 0.35850578125000304 0.35782493405554916 0.353407547234389 0.3760687229817734 0.35952606341717513 0.38515110818480686 0.41630783487241196 0.41701495334323974 0.4904989737579213 0.4952338707101161 0.5232337556054071 0.539503243383691 0.5058301609007066 0.5425903852090724 0.5548827601380707 0.5754401600335997 0.6258878111300678 0.614655997157595 0.6078082782910249 0.5962470380261411 0.6236104613346256 0.6013212346189702 0.6313310476170598 0.6275343177795519 0.6280727684006693 0.6724790041208111 0.7553450811106867 0.7738162043345975 0.8307496705776165 0.7847539440826127 0.8249712566134698 0.8356656342005606 0.8435273241706734 0.8224150135027868 0.8326487797297671 0.807741674406377 0.81151563871246 0.8025984063564027 0.8286894548064343 0.8156100133386813 0.8039868082226547 0.7218746062360407
0.36803812048933476 0.38481536707339237 0.38572100031553425 0.375097314788183 0.37161765780323214 0.37703617413398544 0.4005126417887554 0.4250628989510715 0.41025388288978165 0.442110453649216 0.4810830203241054 0.5550485964170995 0.5615112634341577 0.5278912195538201 0.5432253270441456 0.5856081801933979 0.5832629950913227 0.6495496045612846 0.6394320212178046 0.5948001480255061 0.6292702870316331 0.6409679110712151 0.6297797421773811 0.6221373845960455 0.6312097279482759 0.6846436701281545 0.6932705585313348 0.764106944685537 0.752028128852782 0.8107320841300474 0.8082498197140131 0.8353308969612611 0.7967708553837759 0.8046281968316902 0.7950859859142696 0.7966410263450041 0.8056656304812436 0.8283054334623028 0.8088486412648342 0.8039399819710842 0.756250684110765 0.7713710800856355 0.7494759159191268
0.3765182637272079 0.39709088950308924 0.4069521569468853 0.38409605135201175 0.3776135777899915 0.3550694317175549 0.3816659732743378 0.4292278427512841 0.4027960458620844 0.40135716530641363 0.4692973613675186 0.5628763678919352 0.5726519992416356 0.5878432073905836 0.5605223786234464 0.6005609634890536 0.606043011142195 0.6401134194977428 0.6463368152773519 0.6028237564643019 0.601548384041398 0.6691807123660565 0.6514761521520928 0.6632685654513969 0.6879764445648975 0.7130885414469817 0.7111928220023614 0.755792664767238 0.76144190434583 0.7704782124444924 0.8182365611547382 0.8116765577607375 0.7547862516267964 0.7460892983929911 0.7852582579631058 0.8042167804459339 0.7767339904723062 0.812808231641471 0.8049179257860412 0.7434070438051347 0.7128002441487571 0.6983623691607004 0.7059558333484244
0.3596428631061508 0.40647831666766737 0.37752215995539096 0.3802280415298724 0.4076662039899034 0.43111127538856103 0.43712955162623895 0.4686706349127911 0.46416976718052977 0.49252343565819723 0.48659098924182886 0.5243702217501078 0.5814220774168154 0.5777610946156442 0.5673779849242889 0.5593459117265425 0.5714617347951907 0.5626112160629316 0.6000407657486557 0.612053763097146 0.6179919291811816 0.6180983395534763 0.633251781262713 0.6768430934831207 0.6824666469637171 0.6646485910605361 0.6911549110419125 0.7103699602159453 0.7093412908622886 0.7188304325089458 0.781675320772984 0.8023046359639139 0.7542276598047041 0.7804272463683993 0.7615306277516689 0.754066665163901 0.7727736849882751 0.7864815118264837 0.7677220202511296 0.770061750833768 0.7692029296099709 0.7342222894339157 0.7268742507661159
0.36583298142023135 0.39586631817995893 0.3987464588001765 0.41747578568348137 0.4198577617743723 0.41443620495487066 0.46854878741112727 0.4713149698297783 0.4563986339186125 0.5044940605428667 0.5189403530941396 0.560453971226304 0.5878827876376173 0.6232640761236614 0.583383791733859 0.5745423223560546 0.5712416108192017 0.5299680867859818 0.5396331367269213 0.5623762538493725 0.5690218185777732 0.5982355670344617 0.6356546513462435 0.6276123674869751 0.6345977923563474 0.638540651242077 0.6436430431928479 0.6983525927357278 0.7027130138655802 0.7129602497109264 0.779499360312018 0.7687041949252037 0.7841530706554909 0.7794994991855583 0.741345969201672 0.7393035242359374 0.7554605228510749 0.7894046877364334 0.7527840206556936 0.7934962696071372 0.7446030668764763 0.7529009777979251 0.731394909523178
0.33988060995689895 0.35697848107253116 0.36770357003632187 0.37782405128030977 0.43845608209506787 0.43974735736197085 0.44534204322162474 0.4384651453434656 0.4838986202436083 0.5017380249685099 0.5006970191880206 0.5579752493326863 0.6056497831417768 0.5997626958041059 0.5842872834726578 0.5697972851143112 0.5653096201101424 0.5262416650206128 0.5357293499655692 0.558586934341401 0.5861625539135396 0.579211640633522 0.6264725488919778 0.6312685359432963 0.6599666739902972 0.6773107972041762 0.6519203103782375 0.6911496016613814 0.7098103301539025 0.6928871028534032 0.7503030089997059 0.7817823305657097 0.795299301772209 0.7855551005702791 0.7821819261980256 0.7886863537775007 0.7934135323228908 0.7923581612111349 0.7637806229874428 0.7350096933168848 0.7285495525478726 0.7612620748968512 0.7464739685228088
