Raster_benchmarking/continuous/raster-173.asc
NCOLS 100
NROWS 100
XLLCORNER 1743153.7149898096
YLLCORNER 5469287.966070575
CELLSIZE 10
NODATA_VALUE -9999
[rows 19 to 37 of 100, columns 43 to 85 of 100]
0.6384161671814499 0.6119794396477506 0.6296452089878048 0.6257120128550199 0.6688923794816123 0.7297582371608674 0.7320595250636874 0.7674016557578681 0.7755707766248532 0.8053479074118106 0.7930737105911222 0.8118586940126363 0.84117885402572 0.8477546796785851 0.847847267606452 0.8757502282570904 0.8545548960972652 0.8541749925339329 0.829654404322553 0.8203079165736104 0.8504277517457753 0.853885927938193 0.8338810906366005 0.8472075661111697 0.8462477774726263 0.8276324882394448 0.8417002652471866 0.8482253488066556 0.8130759743284474 0.7737782635714319 0.7765370678502882 0.8136640268041895 0.8111606509720977 0.7739915515257496 0.8128130836967978 0.8653052162092653 0.8917081442482522 0.8771002128274429 0.8884504483750799 0.8951544339289141 0.8782970268318447 0.9078701202499391 0.8960300535926771
0.6133161415449769 0.5873151697027522 0.6341618260211748 0.6496454201135073 0.673842188425087 0.6928441105473452 0.7273604508405672 0.768931058878225 0.7639209913120878 0.7980103171663548 0.8380211754487431 0.861411785838455 0.8730575791837434 0.8978792924794442 0.8876782341597135 0.8519942724251922 0.8500758510227491 0.8675755101752661 0.872519544348378 0.8294067116805768 0.8301446734365988 0.8322969518324673 0.8323609909093543 0.8544972503937034 0.860006386648551 0.8431886828898679 0.8485185531888642 0.8331920519693732 0.8374293467092842 0.8176352742430727 0.8408417736084666 0.8007356856047224 0.8105474489280763 0.8278849737184407 0.8122108339197673 0.8392157467889094 0.8566585648910364 0.8715127472996548 0.9065105243969153 0.913860153639241 0.892913068164513 0.8889305887037939 0.8810422433274645
0.6079699267620444 0.5644009108222421 0.6245049841135147 0.6581656042998638 0.667369314402246 0.6607546309408656 0.6812262629262762 0.720733556220023 0.7618307998996788 0.8656524542936639 0.835155493129137 0.9065346490184862 0.8885064985796053 0.9457709304799706 0.8943227106989553 0.8848517529235468 0.8472453901061779 0.8659691293800295 0.8645818601057266 0.8507317051452626 0.821710019508781 0.8770303646931906 0.8560197249958862 0.8067294650278394 0.8535035037091228 0.8820318720986365 0.8457498241932272 0.8152135275698233 0.8077995364452903 0.8331767848552815 0.8483844301118294 0.8480222933806753 0.8651999220705603 0.8358228850165336 0.8244436461164502 0.8556021546731508 0.8437799478926721 0.8725465759789681 0.8593148832112231 0.8950889239666154 0.8716951040268833 0.8911440790241731 0.8802268894661263
0.5847802042282447 0.6174138948799119 0.6521969299996284 0.6596130728999183 0.6960998846760401 0.7040734520010236 0.7163648220015403 0.7335446786550328 0.772172572018204 0.836410535153036 0.8389375905125289 0.8557962729703134 0.9118454085371278 0.9114776636847114 0.8949358107774033 0.8726485787015492 0.8265710066168253 0.8436824427320087 0.8555973078163032 0.8208389057713642 0.8176030979669866 0.8168131337726068 0.8113920411275087 0.8362657954782682 0.8292087536491363 0.8607820692225014 0.867894933606885 0.8101345717515168 0.8122542576853755 0.853246229570722 0.862008551759388 0.8750250106944616 0.8527716149572975 0.8258335925486705 0.8550932855638034 0.8752817739803597 0.8734564958050893 0.8388512538157721 0.8553110963540459 0.8585520336592682 0.8645062717282406 0.8321731789301033 0.8548589253832485
0.5779587955012172 0.6487435009325251 0.6689379592138939 0.6836756687547562 0.7357440218508199 0.7523376589128622 0.7184015265779509 0.7434899812653626 0.7522163556657897 0.8285329109846704 0.8292067069457103 0.8558793360418459 0.8871052882744551 0.8431991391808801 0.841707577675342 0.8272659452660462 0.8199724893669648 0.8274284407579651 0.8345886815437753 0.7886088121891158 0.765107030894673 0.8137315552013199 0.8173697460693987 0.8001842095368169 0.8011361188681055 0.8630690082126704 0.833830046720067 0.8421189759635708 0.8391646113162403 0.8521374430681665 0.8273893520762928 0.8270301857785219 0.8523284663182974 0.8292607986227981 0.8649564943327023 0.8277634829848667 0.8491385469465627 0.8553472702112118 0.8414731651242795 0.7988073961164031 0.8140897651771826 0.8247766092260257 0.8163032481687393
0.6090188674417253 0.6192979235602654 0.6381471831462205 0.6481660998220906 0.7171600977288113 0.7405324353264523 0.7732134497716853 0.7699476857100626 0.7658523224422078 0.8206833353642876 0.8141356633703444 0.8587097598317315 0.8616716635959103 0.825824468520658 0.8273168325208828 0.8244548951333813 0.8441536898740032 0.8024890798784491 0.7793846682458091 0.7627922210530792 0.7522569023587972 0.7551508687074285 0.792990072884987 0.7768424619900738 0.8172359005457878 0.8726769709681398 0.8701723359890552 0.8308427785316278 0.8074447508266426 0.8462193571050962 0.8116574692040974 0.8135735102143711 0.8314764706186201 0.8222488221693316 0.8356856953663434 0.8502308685547307 0.8155266153017972 0.7832572194190983 0.8155535987742791 0.8149974898144408 0.8041666916960463 0.7688785709888772 0.7915023441689895
0.6126419116911355 0.6284091962529945 0.6426648328492071 0.6586734362565938 0.6812350768935898 0.7376123367906082 0.750946585469487 0.7816979109329407 0.7647614964806339 0.7644714777390481 0.8362575831313414 0.8496403826106371 0.8401222360980287 0.8362375149841081 0.8432074651883488 0.8601834520205833 0.826563333427773 0.7804465794721921 0.7525357993179471 0.7704212282793472 0.7754489941818322 0.731116817625252 0.7489540481120326 0.7738802744079105 0.8116037951782793 0.8687608153405947 0.8318764125329895 0.8034869178273245 0.8339350747018851 0.8440638406045696 0.8017683131723247 0.8003543628886594 0.808305818786944 0.7580570304316304 0.7696009908527798 0.8141099417135808 0.8104659686022626 0.7534301219551116 0.7808050148712049 0.7726776868260199 0.793067083492215 0.7510765417758225 0.7459362923548771
0.6367462194348769 0.6385720673327121 0.6644488714997595 0.6732955897190376 0.677608797944198 0.715611632967385 0.7146953479736463 0.7487305379002426 0.7612028013876018 0.8286371366942352 0.8499532629316384 0.8808848019776226 0.8656232921091692 0.865653634343509 0.834410528168669 0.8575470697543196 0.8401609351274952 0.8159789089464689 0.778759505479474 0.7852880445338248 0.7715368883467191 0.7396426217900738 0.7371953388718692 0.7807683973725555 0.8047393992131722 0.8394559585063955 0.8248781235436643 0.8050210773557772 0.7814716542876684 0.8216445574533402 0.804381159492749 0.7734462282391982 0.7658138922910682 0.7527285623603474 0.7748045280485639 0.8183329451264278 0.8032620985267278 0.7708214310266769 0.7663512615956495 0.7733506664448183 0.7602433725952428 0.7458553118453183 0.7391031341698715
0.6965366219450313 0.6617753067814671 0.6568533998757234 0.656059714290109 0.6886109270063268 0.7279083300375886 0.7093021573501082 0.7129253950150627 0.7895677919889875 0.8273012164792533 0.8201216414419855 0.8779595198391257 0.8529921746660684 0.8631733023729966 0.830153822615119 0.8650310301432308 0.8687155564319377 0.8539352111301677 0.8049051069788264 0.7247115759717139 0.7161121872534097 0.7534583997816235 0.7600608698002865 0.7270974323033009 0.7541682633591773 0.7819578854185815 0.7900650470499332 0.7904385824234789 0.7565822887262476 0.7915046397502429 0.7729178018691282 0.7431908411440082 0.7528968880896528 0.7521124078572566 0.7895534118195594 0.7838356505627694 0.8105243381211805 0.8167284320952215 0.8190900422727425 0.7780047203243149 0.7803308113835379 0.7956130877061327 0.7965758501564855
0.7005108563040546 0.7006907615667319 0.6789778048472027 0.6825886791975831 0.6789530419625867 0.692702261886713 0.7272497343380162 0.7463226604411144 0.7575941043328995 0.8002726700042676 0.8158885752304945 0.8315402594077844 0.8905154042378118 0.8947353578050815 0.8698004426180107 0.8613667625249839 0.8586502095685109 0.8290471843739947 0.813831930025144 0.7400882720938264 0.7282636321019933 0.7121611662967394 0.7405878162790736 0.7405567007498761 0.7261975936419836 0.7739290311772266 0.7868791135771304 0.7938267839740688 0.7662218251679845 0.742633940369342 0.7560319829144657 0.7322328413401631 0.7408717352617823 0.7389772584754684 0.7404590608225781 0.7522606106184373 0.7970705573428173 0.7808863395095152 0.8202935420215722 0.8201353957553081 0.7981611792422253 0.8121998000678032 0.80465085096194
0.6585418761192077 0.6567668695373996 0.6710103798117028 0.6434323941886931 0.6593189682867661 0.6686816514324507 0.6986264344759745 0.7115091157553447 0.7580439188128424 0.8283303517501838 0.8301219330047557 0.8407991614739869 0.8989111623268691 0.8988238816379368 0.9150117739455307 0.9005173872912241 0.8591103102545561 0.8591607861898204 0.8338567973345531 0.804239822951826 0.7309355157764819 0.6934115017953741 0.6868723729796856 0.6922407411075377 0.7408183689787097 0.750540062626868 0.7656724321863919 0.7722478746889276 0.7388645134914689 0.7590869260493742 0.7377592330392412 0.7608100196590422 0.7299046597716943 0.7505513162815709 0.7505754149978129 0.7654859409841765 0.7743749514250001 0.776511993756621 0.774188182149277 0.812204610536597 0.7965305623797932 0.8594820764406278 0.8135329268968623
0.6511521614962269 0.6477368256138306 0.6724442911366016 0.6654192515529679 0.6812676030405346 0.7092025890029955 0.710366330161304 0.7086656300664803 0.7615773152638398 0.7779416904838082 0.8132014135260595 0.8569391212540777 0.8824603898581241 0.8909331158248256 0.8919739758539807 0.8565598498561994 0.8469331097562243 0.8405469486268702 0.8169282131304418 0.7765373683352871 0.7763184081218194 0.7081592246432412 0.6864539011006497 0.6750165070584572 0.7109250338127673 0.7326783284870486 0.7618869306080145 0.7557480824194094 0.7488372638492344 0.7646027117807417 0.748831534972422 0.721892676263423 0.7089764012734884 0.6845972545214262 0.7047527745301223 0.760580931555857 0.7807286839960044 0.7722959636430382 0.7754652653472643 0.7667545154730382 0.8206674269459836 0.8402079367228282 0.8347585893054248
0.6235387270339514 0.6121325954849993 0.6546642879864747 0.6982883456954013 0.703563720135786 0.7506699944386082 0.7082661877766414 0.7368801848453672 0.738657415163566 0.7791927184185095 0.8244028660822288 0.8273995877099544 0.8492648171745986 0.8568499869768808 0.8741273617792363 0.8130498729028841 0.8294819786081409 0.8184391711800398 0.8327022340789557 0.8073174231203459 0.7325355261956485 0.7138675091435717 0.7194471691489663 0.7227871514680702 0.7143515953477139 0.7584570599838193 0.7758565661075916 0.7742080988719034 0.7539493844250982 0.7322237234706906 0.7159263488151694 0.6993472292261688 0.6725811545773334 0.6688509905136368 0.7248635680477644 0.7157645825761467 0.7608520289216035 0.7843409514139473 0.7749532576743778 0.7601703968582835 0.8339258120154718 0.864487884860067 0.8435121043212244
0.6318021277198856 0.6501329027818239 0.6680830262339489 0.7110665303252253 0.7365492886283398 0.7643830457534984 0.7219389834924811 0.7560783084024423 0.7650926897704365 0.7514941207889804 0.7679133946342048 0.798106889398808 0.7938868916383347 0.8322979998757905 0.8343021483312446 0.8253862571483914 0.8495580094211449 0.8307651088048733 0.8475529608135657 0.8236824892727804 0.744298990948892 0.7087273494101238 0.7221782996513862 0.7214005060108474 0.7005836565046324 0.7071143134373902 0.7539022258039311 0.7627123278367323 0.7260311278365366 0.7504035680154787 0.7274068647607507 0.7214723780607385 0.7053218600995607 0.6697623352639753 0.7216510651345623 0.7076569125599783 0.7365460417638495 0.7459661784848243 0.7671640930844082 0.7686053129917871 0.7895471263410643 0.8389756504512409 0.7972331963035756
0.6584409739935976 0.6197313223320203 0.6386791124779225 0.6682918099072692 0.7265211329554992 0.7633770401636739 0.7286595744359831 0.7022664801773677 0.7425481114310509 0.7631981720934865 0.7395870406238532 0.7553733854252699 0.7709590576609034 0.8085637713354018 0.8128016955431172 0.8520050321901752 0.8527956867058367 0.859508225876396 0.8556082045511496 0.8106189537661783 0.7329958454797949 0.7367397414075046 0.7160558252032772 0.6606959069073337 0.6562007114479773 0.6672830360824238 0.7116725687362468 0.7256084156103507 0.7302707039004631 0.7663516882995806 0.7280145528762789 0.7125743733579429 0.7256637722217979 0.6827196126808595 0.6790423615451614 0.7193381028778343 0.7570507916694269 0.7324253828339385 0.7118798459218787 0.726592389041279 0.7553865181516308 0.82161658187916 0.7731457268862216
0.6611678660595199 0.6634325358653547 0.6743274615941214 0.6743265002457303 0.7303121420815505 0.737899642694414 0.7403165859079092 0.7463077251056172 0.7361996591691354 0.7623314105549913 0.7824203261770056 0.7674690193058394 0.7659745612337665 0.8234342713778091 0.8278582130913699 0.8206355535073286 0.8239226330200236 0.8302356530563989 0.8362310890137288 0.819725474253972 0.7436784082441626 0.7476896095422415 0.7045284192831548 0.7026786863676591 0.6690319511983708 0.6821258470185861 0.6984310483303002 0.7462351011578658 0.7675816517986412 0.7783866432035421 0.7447893443667957 0.7312231683716888 0.7179111970710923 0.7003971736798127 0.7048232235055738 0.7029964907800419 0.7267274762294986 0.700226151055539 0.6803824976809217 0.6902017358160061 0.7290594617745388 0.7589869009854844 0.737209487645471
0.6402061554237297 0.6147352381201032 0.6412026224868745 0.7071270450617888 0.711605579983397 0.7469352009454618 0.7430420287439896 0.7331801422014124 0.768274897495963 0.7746844802027419 0.8000743963666396 0.7739264691488983 0.7812605274631015 0.8116447966404003 0.8457172805455839 0.8271980082392535 0.7884505599507929 0.7915235289736972 0.7979199797593134 0.7971833189098213 0.7670895181642541 0.7410997414077163 0.7069799118624106 0.6786847971579455 0.6963930992323616 0.6918096660328944 0.6898607503321798 0.7437587872980717 0.7430921066299307 0.7452528556835786 0.733026974437219 0.684053301531144 0.7256567595039226 0.7262635972662943 0.7166495215091486 0.730691211559514 0.6892018700342932 0.6733602686087571 0.6478636348970932 0.6755853823929348 0.6539542412624684 0.6724189396363125 0.7183376840225666
0.627329250329511 0.627332963820591 0.6576796113558597 0.6634886469691427 0.7033944035499793 0.7393617560542236 0.7175823868027558 0.7520914187204315 0.7838561931376976 0.7718066994615166 0.7973196766011396 0.8102358732035384 0.8375084742957176 0.8374348562224962 0.8305874182469554 0.842628235947048 0.8007268989252403 0.8044890324650399 0.8039090082813295 0.7637267164081861 0.7593894811749653 0.7184499023791274 0.7037836273195829 0.6904246951446229 0.698115737920856 0.7176563485718732 0.7003017367925184 0.732045983629301 0.7425620905973371 0.7332667250477861 0.7209040009999397 0.6697628010690903 0.6873838139312598 0.7004431484484972 0.6878412086115969 0.6795017543676637 0.671008005139094 0.6839065142633953 0.6503943660234063 0.6552464331171411 0.6258929476537107 0.6826585402542088 0.7059264029386754
0.6376757372398025 0.6596564615939168 0.6496952357936479 0.680908183462716 0.7334755881597571 0.729579439353872 0.7484157400278727 0.7376451951850836 0.789502694923834 0.8319882767967993 0.8214111202285059 0.8686420140749976 0.8595542107186697 0.8784775539937163 0.8745904883577234 0.824455730341827 0.798406624891681 0.8324318131839346 0.7930755251705973 0.8068127191800738 0.7424330838146346 0.734809562446605 0.7246383557888132 0.6852874015036281 0.7093298575709335 0.7144933213595551 0.725844723575846 0.7018069041235954 0.6674041230311681 0.67195757443405 0.6883951898714218 0.6930572250894486 0.7167078306306952 0.7157946670953108 0.6917002192710641 0.6658237917334441 0.6781468722706184 0.6476062203660288 0.6330140948423773 0.6291115968017531 0.6527600265982648 0.6372680306752858 0.7014202481813472
