Raster_benchmarking/continuous/raster-158.asc
NCOLS 100
NROWS 100
XLLCORNER 1743156.058415875
YLLCORNER 5469290.032095745
CELLSIZE 10
NODATA_VALUE -9999
[rows 38 to 56 of 100, columns 43 to 85 of 100]
0.5259963366980076 0.5274201656249937 0.5079673765922869 0.5260046580726652 0.5206953924503755 0.5192351539820758 0.49107356312600586 0.4857829896462326 0.45977024128097277 0.4698399415569607 0.48982960436406797 0.46873655841702117 0.470416775222179 0.4815222310756936 0.46436867098531137 0.4196057201037669 0.41866856478373166 0.40143507057301125 0.40431637509192336 0.39944310801114785 0.3789342270350262 0.35051065659154046 0.3348424442859105 0.3221087156911724 0.30593004267407975 0.2984239269899954 0.29341780371766774 0.2679579273178408 0.2830348205859769 0.2737413762367555 0.25109982455146546 0.255440843413341 0.22749505620691077 0.22694998743354353 0.20650370951307348 0.21701181192759628 0.22059760369990078 0.21271757247147946 0.21108369786784142 0.19773713592103914 0.18686073347624513 0.20675746200887488 0.2102622904516779
0.5291252304864673 0.5139982163640349 0.5064163941567702 0.5151703354557372 0.5400254074670773 0.5257585672449754 0.49504971841842443 0.4913957581852398 0.4858729127699555 0.49241025052111503 0.47280355599766444 0.47973857816616017 0.4522912618922376 0.44636791750787913 0.44641360936855556 0.4105350771542433 0.4103777934011028 0.3995784317145142 0.38679082418364796 0.39037724097811033 0.37858675031797473 0.3460826780988505 0.3299585495194152 0.31032875707274676 0.2997704661679835 0.25981907308852004 0.272869659591897 0.2665000801090477 0.28944938984027924 0.28413156851186194 0.2764762993104665 0.253684979573455 0.23100950183243577 0.21281633180190393 0.22915677358223963 0.22284187856078191 0.21260513986395357 0.21916532471514746 0.19921426931097114 0.18723562361116383 0.18449123173272763 0.21312955963772864 0.22778852455786577
0.5205713540558705 0.5088801715127046 0.5019440193685109 0.5272141433061506 0.5375259919981292 0.5366314065117145 0.5326123732582776 0.5304663505457359 0.519836654383354 0.5029902837676592 0.48478205571928196 0.4594808466149733 0.4609831080317052 0.4393712100346945 0.4090958210003063 0.39783105015270787 0.4047208162920902 0.3766083933697658 0.38433612619902785 0.38033539433513774 0.3675653114139689 0.3326124320357701 0.3114956107074693 0.30675803987225914 0.25739858050013803 0.2450020233622029 0.2433901896346235 0.27579446361154325 0.271064271938196 0.26715287735382304 0.2734674408079276 0.2516243332606252 0.21037070286384632 0.2056726729043968 0.23074276329376694 0.24095207884554032 0.24405051063277564 0.20931098271127102 0.2011353260650696 0.1854210234327769 0.20748419851362424 0.19432642866371744 0.2272842077210535
0.5317395924280359 0.5279533017354242 0.5427041488284218 0.5416057728835729 0.5518639410138274 0.5527424725484902 0.5288851763605477 0.538440131813458 0.5213483079177553 0.5110216616307519 0.4804691287121114 0.430983239700706 0.4416789297560513 0.4220816990174178 0.4083435272729491 0.37573435933524235 0.3737182207336324 0.35298173268062194 0.35355017284216494 0.3645996976172503 0.35322447964663034 0.3393392191625238 0.3077282233659911 0.288658970022351 0.27327279725717873 0.26143819705121396 0.25420848657424244 0.2596552657872147 0.2546212054372522 0.24630919755857475 0.23788380090702155 0.21242997479470027 0.22731944559053244 0.23189717062384024 0.22621841924262193 0.23081096121009348 0.22279681512060034 0.22464779336892357 0.22435378151914623 0.21107807594436945 0.19765534651491987 0.19785373567491243 0.22972281312890536
0.5447019842168337 0.5585124312086929 0.5578390691935865 0.5748816667899579 0.5585255648411017 0.5479066057298345 0.5125630018664812 0.5304092471417231 0.5231891049597268 0.4991320594475522 0.4524552962328782 0.4373533999170377 0.3895551144564794 0.38461133825818283 0.3740098366031861 0.3705109102465908 0.356608141464607 0.3408044746702655 0.3292130578442307 0.3374586421597162 0.32127600977640325 0.31427197803943363 0.3164205707401017 0.3001069950772149 0.25223835356925467 0.2578687097928644 0.26466478806412924 0.24633903995342724 0.24093482128690868 0.2241617069307342 0.21153060550950828 0.22838475320641347 0.21805410836530553 0.21461676723933934 0.22049855071727542 0.22817499187580026 0.21722402011743683 0.20815074694687163 0.21005382884783777 0.21120742798170852 0.19384880810560567 0.20653550684707098 0.2242530022882274
0.5715871570096526 0.5651095477076068 0.5864552792894536 0.5817713880948185 0.5606599855488045 0.5628067712509498 0.5341537491526358 0.5155162890352574 0.5081443996427047 0.4957649420257518 0.4448294084547206 0.4250376879879946 0.3944036316777158 0.3740308041065224 0.3703486738556339 0.35286418025183847 0.35180263648521126 0.34404420051594814 0.34726032911700966 0.3366988798074 0.3484954486513487 0.33772279853730836 0.33510740034923586 0.3010192817163891 0.26603133496501546 0.23496286578468176 0.24417988517294328 0.21940385457748737 0.2102015995240282 0.21079608428668248 0.18662041320104558 0.21334939556580013 0.21423075204071879 0.2175777309996029 0.236427970004505 0.23208190674610038 0.23559896188399257 0.20850430357821406 0.20140201889158185 0.1948924879656953 0.2081921513057805 0.2323246082666949 0.2592913210448479
0.5441883042107312 0.5739077007638005 0.5715027822032152 0.5604405978226621 0.5780735753412675 0.5757348649865768 0.5528607251644587 0.5206639136255083 0.5333781396567373 0.47396999639531623 0.42503091254865466 0.41633222228440125 0.36789866802981275 0.3609351809539563 0.31563494587314045 0.33471592392194915 0.34943308876342494 0.35302546749622576 0.35616340744639274 0.3645145398535645 0.3681114866387789 0.3621570049024176 0.3395911626217605 0.3078056230250609 0.2554270472215384 0.2410593894057835 0.21644794909672313 0.20791314116626214 0.22319916647443128 0.2008261598194557 0.17219776157120695 0.19616761079070766 0.19593981418668213 0.21969522047795134 0.22637192309482482 0.2187348398924815 0.21828486212368292 0.18835382130046951 0.17640201865503127 0.17428768790866847 0.19291610938876108 0.2107187005282658 0.2558983076655042
0.5462086620776502 0.5506910620206075 0.5576491521079943 0.572409805861675 0.5915122943266139 0.5739240794587487 0.5632177917225322 0.5390341144808818 0.505849376105367 0.47688200138006004 0.44076265290686983 0.40850182694807846 0.3791665523834022 0.3596714171100332 0.33908229952111774 0.35196658923934937 0.3424624035517744 0.360301808140455 0.3311210656790793 0.34700373047883293 0.34907866047878877 0.348855674286158 0.3110030959245535 0.28337139247919485 0.27263929291791117 0.24686149361697707 0.24743400097146231 0.2366061377742087 0.22510134822599365 0.21717018273155037 0.20091139490839596 0.16839335502172603 0.17630032427239906 0.18451674351997385 0.2051412259746968 0.20130381627846808 0.20592608703295004 0.18812205337350182 0.1862112542457458 0.19263972105944824 0.21135080674039947 0.22549066142467417 0.26105200621261637
0.5465452792367468 0.5513984483082217 0.5900254727821276 0.5931853359887058 0.5728640317320717 0.557951530593156 0.5555799984474908 0.545144006175405 0.5200852269417017 0.495727755810206 0.4745441362457964 0.43330833023209986 0.4260676832518633 0.3884166083203201 0.36780776876911037 0.34046780719223174 0.33676290653230584 0.3520597726766432 0.32982861471161906 0.36413133252917357 0.36353351025301117 0.35153943270928617 0.3103895135692352 0.3128064292211642 0.29544263873608456 0.27414109306904805 0.2405836599380127 0.22555987784814827 0.2141891111530089 0.20059045628902852 0.19104600506327987 0.19005857230766318 0.18110119433154462 0.18631907129138786 0.1852956297614155 0.1751657681334911 0.17569477827291416 0.17888292189520388 0.20390185510495087 0.2195053515398625 0.21369718937463034 0.23374326352642336 0.2854940932338186
0.5342208097345579 0.5432323153623024 0.5864913641611147 0.5875969673574571 0.5619656925954615 0.552204507950706 0.560219347429082 0.545012758250522 0.5397937005069837 0.5004088398971713 0.49141709791716465 0.45738914053354196 0.43170310359127895 0.3907585565069329 0.3814376544693306 0.3560130530795563 0.36129083433000747 0.33824552818064724 0.3377318526566868 0.3566943882870835 0.3602670599471316 0.34037458414810906 0.3038630997907879 0.3140294520004435 0.3111533723684151 0.2868533022016108 0.27425979938128037 0.25301448565269663 0.24571265581855178 0.20702838164008402 0.20201002542339128 0.18269968030284947 0.2076698697453915 0.19645643572145124 0.19923800412869488 0.17566862035925024 0.17884698255950202 0.19836714475235373 0.20471611293732195 0.2192594288464571 0.23151133318623363 0.263735535585577 0.26900793402685386
0.5428667996631376 0.553869492993469 0.5613469617693927 0.5552562178888308 0.5626019045985807 0.5668767523575663 0.5486459683285276 0.5595869040639763 0.5493855101084834 0.508635459005702 0.5111693709247831 0.4906642155162724 0.4349218973077105 0.41801635406587145 0.40158165090971415 0.36895858945705295 0.37451802426738023 0.36451457714202756 0.3679731383569144 0.3688258183497186 0.34137157760373765 0.3138819369134562 0.28469690121421015 0.30268919976655234 0.31282144158299935 0.2869867400003952 0.29784356710510085 0.29355773490461706 0.28194509024561437 0.2476255517688663 0.20918825233984845 0.22731356916818074 0.21288450074370951 0.1956860065331472 0.1823794683694499 0.18387019356947942 0.172686897992069 0.2050240660439623 0.19338148779431524 0.21090507721764915 0.24892811331196457 0.271679203969433 0.2709291207028643
0.5433471777318265 0.5409448482534361 0.5463055751552353 0.5755777611144041 0.5689466437326474 0.539560942750653 0.5567638929364963 0.5441954846324808 0.521118537976016 0.5093511340774874 0.49113622504409493 0.4947205884434598 0.44224122833331314 0.4467076449153029 0.4293148280631964 0.3988228593709685 0.4053000157450548 0.40513526736951294 0.3937669711063168 0.36474083954907804 0.32445797595939313 0.3339311884958336 0.30537386521117177 0.32724801692530175 0.30916768513268106 0.29334766118219346 0.2963297292102646 0.29707862591960155 0.27366027880726235 0.25703634508751166 0.24433532433653107 0.2456929959216681 0.23681362981140477 0.20791306003713647 0.2067219343651853 0.2106586124006316 0.2273106899212805 0.21737978693214888 0.22817263826097545 0.24425247121737953 0.23619522482372363 0.2535469972695601 0.24843686689390712
0.5515016734639173 0.5314263249565765 0.5373967646255251 0.5639773579296865 0.5768342463585511 0.5609380038885539 0.5288235292885545 0.5175577230216355 0.5166679127111738 0.5104936174739522 0.5041855619926601 0.48810690099195153 0.4598738902518759 0.4390387544051323 0.4297461170492338 0.4396114844535008 0.423826362175925 0.42212393021280903 0.39492471044602556 0.34611134344321964 0.3262536564590947 0.3273722310416911 0.32329660434074353 0.3298873604230222 0.3307947783146147 0.3186882834903089 0.28634359722534014 0.2921608245173583 0.2929250473341066 0.29214198128092617 0.2793355140716554 0.24144403938151757 0.25136531950450375 0.22917660250701888 0.22414629756143015 0.23635210317832087 0.2522826859859372 0.2376930934293766 0.24525472027684384 0.25854472983442767 0.23772326476623484 0.23939386128340018 0.24417710138006082
0.5754597804042021 0.5583889955391885 0.5471791685083293 0.5536088339344637 0.5655349425766609 0.552933158112769 0.5432378504942939 0.5433120522612223 0.5124990367276541 0.5111177777122549 0.5177226246668231 0.48134222442027097 0.49023367715082083 0.46184956533142957 0.4532068120376919 0.455853961205901 0.44786709173439593 0.4108989085336419 0.3778981764251094 0.3468486902123974 0.3235989050538313 0.31665982784042923 0.3175334005759428 0.3192759933149193 0.31308914130302384 0.32180345451078696 0.28827877044872235 0.27864379914124426 0.2894148887255452 0.277574761074617 0.2546736963607512 0.2550308508226305 0.2387169369709446 0.2503181085438683 0.26296973109273425 0.24822127821854367 0.23529023893843942 0.2506108041631937 0.27688956298287226 0.26434538745808894 0.2550426262780266 0.22991996751004198 0.24397735882439464
0.5760207796913763 0.5732896091664941 0.5677208302783118 0.5520977839851741 0.5889411441703004 0.56362999832809 0.5433268219838722 0.5358029439700513 0.5166763223734687 0.5253583661792558 0.5309850874519055 0.481208673841243 0.4926144439830379 0.4875660492574649 0.4744873691864863 0.4549850071603256 0.436132174963611 0.3940621049026995 0.3516287294839533 0.362980056609662 0.3404747433582764 0.34760659970476143 0.32668874065086395 0.3307905211765842 0.3028104830349376 0.32426794350236543 0.30728594802234926 0.3067142085749583 0.2770953362959665 0.27600491203316774 0.2754332829590006 0.27933181597035794 0.2540891528702931 0.24353631731120723 0.2754458464381068 0.24887955598815767 0.2458410187402373 0.2661223962131873 0.28541860314878836 0.263833184608098 0.2627277832565439 0.24119735529232977 0.24121550958440288
0.5967604475374121 0.598342668520817 0.5932302462382112 0.5665255423908538 0.5567088665978123 0.5400531211760013 0.5416746801278444 0.5023526688717046 0.4962351618144418 0.5005108588672661 0.48990041922032584 0.47481984857222226 0.47950456693142335 0.47162039118623234 0.44364745111499854 0.4246527435099015 0.4150849303556232 0.3823670628843249 0.3737687441659219 0.3438534896835851 0.3447522815473474 0.34068980172388913 0.3613903434218078 0.3501472943919452 0.3202203138822086 0.30970235638822535 0.2937888898398619 0.2990676349777576 0.2865491769471871 0.26308894317704545 0.26822067691187196 0.26831615471469095 0.26079042130279206 0.259805918998265 0.2707424022057841 0.2766061736437926 0.2836408374077316 0.2830688224348716 0.30058674535739327 0.2770447879648917 0.2500320942228065 0.2739195806170654 0.2545139421602777
0.6200975767195687 0.6100866759501614 0.6024259676343653 0.5747621292278249 0.5563556835357957 0.5245651086382106 0.5218730953177069 0.518983031128853 0.4940440358716252 0.48089823613544264 0.47979560204671795 0.45878784650971755 0.4467539060505444 0.4687852225824024 0.4590400932363911 0.43553806561965025 0.39198283249249655 0.3870167127075304 0.3475897792991222 0.3404518515741273 0.34771622147022213 0.37450449853624224 0.37099511638629473 0.3596655403222454 0.3449714534367457 0.3047829317451192 0.29281563412880873 0.273144171251494 0.26299973377913555 0.25721759750317563 0.24314778792446484 0.25469847387723116 0.24920287699123517 0.26788021550840097 0.26683410780127587 0.2662110112002946 0.28013264627104034 0.2969181583686132 0.2940296793091976 0.2874856255920029 0.25609697901798717 0.25612674200521834 0.2691723167788949
0.6463299851702581 0.6235244994577125 0.6067704666019671 0.5837164383723862 0.5426057104511425 0.5253228520027456 0.5032285760545133 0.5154885446230164 0.496924216002592 0.46232612889250607 0.467799024896619 0.46992790026435444 0.4660252346837049 0.43504733491168446 0.4349769604520723 0.41710019223222317 0.40917946683251877 0.4005647632905129 0.3698140265293916 0.35505297278149084 0.348055705619864 0.37737066322707824 0.3757394794083172 0.3583435378317416 0.36968637506265706 0.3400863610669661 0.32806317369825627 0.28504212971878873 0.26960232955778046 0.24441135230121946 0.236757481824918 0.24955799841470752 0.2505582053081313 0.2729114071187697 0.2773008169810611 0.28896361144032706 0.28151280507160786 0.3009266386951525 0.3075566994640011 0.27672306241876504 0.27220140110667346 0.282476479612007 0.27105006942878007
0.667248978990373 0.6328076069244366 0.6390403111359179 0.5899869532909272 0.5659657534559375 0.5328180566751729 0.5178987741421937 0.4963369744659391 0.46583716151802895 0.46055840146110116 0.4553970457710968 0.454906542605936 0.4481154261564821 0.4240265577981621 0.42622322058886564 0.4049311410135371 0.39764383031677347 0.38546690144632456 0.39815792717557064 0.357382605509342 0.367445872692473 0.35740905831536024 0.37253330518684236 0.35867378208427875 0.3795792877721154 0.33577506852174627 0.3256910063620349 0.28771563004804945 0.29751238486863246 0.2807354388196008 0.2356726931145969 0.24686698041417046 0.261657319415531 0.2795800158751985 0.2588285951024867 0.2751100975369654 0.2916040808645049 0.2962209562720732 0.30476346129663034 0.26958677703197015 0.2615400149072551 0.2617859569745746 0.28576927441514066
