Raster_benchmarking/continuous/raster-221.asc
NCOLS 100
NROWS 100
XLLCORNER 1743150.5268790605
YLLCORNER 5469278.829838338
CELLSIZE 10
NODATA_VALUE -9999
[rows 19 to 37 of 100, columns 0 to 42 of 100]
0.13764902428184092 0.15484600368532017 0.18369722569410146 0.2098764078494457 0.25756641760160565 0.2620473772869292 0.24761646404028523 0.2681942150840414 0.2529787875889032 0.2750146423782285 0.2846672761674968 0.28640347784856535 0.29578066626779964 0.2868626743017684 0.3137181850769512 0.31136062053510566 0.2798776276669614 0.3134458037992264 0.2812548491521241 0.2774874025680718 0.2974447829118738 0.29503588325499985 0.3328561266905099 0.3330352106679164 0.3226286218077443 0.33888323427505834 0.3589341522053374 0.3425239567195382 0.33109966467055907 0.35222240948603417 0.3470091772801901 0.3635555040466955 0.3700064457226992 0.3717330300282127 0.3970723655968932 0.41190343545085867 0.38306467131019367 0.37881117340747483 0.38587156255383726 0.34499425952276946 0.3610098069563767 0.37013382953744434 0.37734898820525364
0.14231374175841272 0.14650557086710406 0.19410617575963565 0.21676870358732273 0.2501406178770512 0.2451996483784593 0.2551271027409076 0.2886027491687082 0.2975771228334099 0.2804764752009808 0.3068522145702839 0.28297432643835335 0.2881506996781083 0.2913701933682945 0.2915257794069016 0.31980460248686715 0.30928530478367433 0.3188992200972263 0.2830211662267853 0.3041785722968865 0.3080790433530287 0.3180375214562966 0.31863764232659847 0.33377839749329713 0.3293140540855608 0.31554694818586954 0.3252354827048657 0.32967879211433115 0.3148067064438457 0.3288699869368604 0.3557610116392151 0.356569984174754 0.38392342210030217 0.3787273789989006 0.3828910118105116 0.4216543723030477 0.3727642078933965 0.37544595655615914 0.3703468506017963 0.353896278477807 0.3508697902439829 0.36516623616718763 0.3591717548212756
0.13158093364223958 0.13681378396385516 0.14549855588618812 0.18201426914122237 0.20217951320868724 0.2115060026647791 0.2438719780058197 0.2908724180406137 0.3042617711766144 0.2999065249588734 0.3078013727591951 0.30641458036294456 0.290758042839691 0.2897627486733564 0.32409851552820856 0.3403525940096954 0.31508065386600137 0.3089377136463261 0.3133693079794386 0.30526673134865534 0.33170151743719745 0.2961842495451558 0.32118991647092643 0.28890940634309953 0.28355570909446665 0.292046378932409 0.30040867564714796 0.3101926355198367 0.3247338781172259 0.3242664440767215 0.3632380052223261 0.34345491056301164 0.3461424852907146 0.35028451363700847 0.3849525010237006 0.3820964490683386 0.3672522902119348 0.3523625128114989 0.35157902921415873 0.3465637261317251 0.35270315815776715 0.3606168620238663 0.35719898704292025
0.08515389324016802 0.12278840389575525 0.13806109722178475 0.16596144615510872 0.1754800594150315 0.21719513497425358 0.23296584247488947 0.2663839473911104 0.31087011763447564 0.3252038055429713 0.32117062661791723 0.29111835884753867 0.31888388636538956 0.30647652445016615 0.32498006743970004 0.35150147143621835 0.34486758179446064 0.34078865818994464 0.361430359618857 0.35307732987828444 0.34636128688121703 0.2863210408401255 0.2811549097317227 0.28134383031773735 0.27943981279854196 0.27960410975328565 0.2889948074224361 0.2671127944788823 0.30476135016136274 0.33779996625254777 0.37794867351230377 0.37915313954991425 0.3401215938585329 0.3559105393439437 0.35403640835279754 0.3707845602073311 0.34738882571568147 0.37530099083832524 0.378767558731629 0.3790597119571973 0.3519562691043804 0.3539733920535602 0.3654109549171856
0.08101223455546464 0.08395866754564449 0.13287000001982863 0.17817497323898115 0.19885176523090287 0.20780434377389162 0.24764059627156396 0.2676264001902506 0.30392342809815415 0.3172089340402942 0.3125319710119864 0.30139119502738443 0.31405581923687126 0.3153435579394288 0.3116036500698429 0.31903223439355355 0.3394346531956468 0.33364527451212395 0.3593890214765592 0.35285123489894316 0.3303773975027872 0.2810291333538251 0.28679977609895924 0.26528571472746987 0.2576488170837292 0.28431424745156353 0.2581445168726084 0.24202638047824812 0.2755487614573264 0.3171853315018712 0.35843002283852043 0.37271968482789986 0.3476199843292001 0.3619122017275145 0.36725817466671434 0.37795745322271873 0.3468270619307502 0.36131996459409926 0.3579689793466322 0.3608798914512151 0.3451397760682814 0.37437079548078084 0.35910098375497185
0.07492061555481024 0.0857911731777977 0.1343545301239789 0.183050468831749 0.22906617632486176 0.25163486290970766 0.2840857530356428 0.32629861552500605 0.33197972511592516 0.33208737803815697 0.3386159937099263 0.33235451428025836 0.3339298557736633 0.3148718298421198 0.29331748145419756 0.3046110045720656 0.31505484214704865 0.33202705011736827 0.33797255494631323 0.37811550352734435 0.3491646016781808 0.2941935050537441 0.3012679594732674 0.27597665228831175 0.2752423096335822 0.27339508085624453 0.27548950378930576 0.24777260083449232 0.30046923793620417 0.3166418305164894 0.3661981259598538 0.39282362852045516 0.37411950879338984 0.34692259796128344 0.3641633909209102 0.3718938516879462 0.37130755827663225 0.3300541873635009 0.3459654518197469 0.32807772959492326 0.32924408697519897 0.3815957683327859 0.37137716383524044
0.06896574243536906 0.1098498722169943 0.1320974681363204 0.193596631625348 0.20645690932586744 0.2757810102233934 0.2955379098445558 0.30860860765763937 0.3365280450622972 0.31466598617783337 0.30506349859749515 0.2912213906047388 0.29975844344297764 0.28385533400253365 0.31670533933688355 0.2887421223481758 0.3285086297362601 0.34950353994516237 0.3409733711731892 0.3736907372532437 0.346136635399724 0.3107215780472452 0.2959318997809604 0.26234361640955617 0.2660748540792675 0.28470602285987384 0.2757732797483889 0.30472398514575194 0.29016575361857444 0.33276727005713747 0.3523227501290318 0.37045056061294035 0.38372771772555697 0.36858637083146806 0.35045745956098107 0.3500216632612064 0.3819312285846076 0.34610214567370784 0.3484828524840008 0.330636781070036 0.332668613565515 0.3531752218615128 0.34958095359529096
0.11139901849454073 0.12591525817040664 0.14038291197337815 0.1677319970394666 0.20657651027706614 0.27774976149116937 0.298573709580767 0.3134410494016166 0.31701436437195574 0.3333722886735435 0.2817350678963355 0.27436281956396397 0.2860529880992096 0.28651589223757606 0.2802346314747146 0.28004291126630604 0.3007528049559965 0.3400611245866746 0.3430439790352432 0.35738395112770016 0.3308973211619545 0.2932849454808456 0.31582018809403745 0.2661433597033859 0.2970117444355522 0.28811983342903513 0.2792989136065899 0.31811395610549453 0.3147564895106424 0.3214090222504526 0.37385342654426434 0.38495312364876416 0.35957915512705085 0.3370195726559688 0.35901805617325616 0.3785526637014616 0.35954319691247544 0.3681871742754038 0.3493156119878885 0.34567574171737664 0.35679979340409607 0.34730542806748743 0.353630966994944
0.10698867114392095 0.15132960141702265 0.17370766432953746 0.18202814757525612 0.2310520355191819 0.2416550486608971 0.2905440774143761 0.29655565103796716 0.2942546581705527 0.31291930353359365 0.28694209958124606 0.2861133654762366 0.29209076040748005 0.3009600906157902 0.2839644308953597 0.28137442009979047 0.2991022493473716 0.3295225479086431 0.3468275889993025 0.34286215339913345 0.3236786050888235 0.31309952353533504 0.3273958620680902 0.3033493872361436 0.3287679874406815 0.3317101457611314 0.3222495633717718 0.3157777741436118 0.33506676150138404 0.3388181689346204 0.37157666706677006 0.3703137969351409 0.3348219557347141 0.35434199234776564 0.3320124448394351 0.34534649063342504 0.33189746677496623 0.32492440944817585 0.3162920555688816 0.3494124001112818 0.3400935647966834 0.34698236025542223 0.34052231836859664
0.1175302917009612 0.1199567998393151 0.16626636514346008 0.2131117414677087 0.20777261682662215 0.22372293201324883 0.23484576594034387 0.27547546143742724 0.2942255176416986 0.2604208043115745 0.26864990429489066 0.28637030907730976 0.307173239514124 0.3035386554009878 0.2853518665956837 0.31627507528367277 0.3257614097271721 0.32735329478478054 0.335123147376541 0.2920063413579572 0.32850154996788794 0.33062305352405785 0.3157894946242344 0.3471213406096311 0.3543274090975902 0.3562878308903782 0.3569788998896112 0.36452159112492183 0.37023118108820285 0.3579477984016429 0.3758873991806073 0.35632304455067326 0.3698198951165883 0.3419060983669114 0.34041629373543475 0.31955025006046034 0.3252431566781899 0.3121656816610081 0.3118474900994531 0.3152904307178016 0.3227778782758986 0.3355974693769084 0.36650220604531875
0.15408384024733793 0.15385504309959153 0.17244541787555642 0.17971568785793382 0.1905396023649874 0.21018849125518835 0.22693625291638195 0.238795477392215 0.26011248201766407 0.26403688807710085 0.2634830786159362 0.2600283205711914 0.2987712058478206 0.2864598766247516 0.2980201393688173 0.3249868237562502 0.30797935972850815 0.30669971585146966 0.30032189002757154 0.3100489045637291 0.294717419753891 0.3211013326231457 0.3030761604480593 0.3214826054156221 0.3183149912877657 0.33008731612206715 0.35443296933999335 0.38768369557953286 0.37588455382741937 0.36150489065221136 0.3773691843194143 0.3739936953521018 0.36496367765934284 0.3844498854885158 0.35936677475854156 0.3414463131039709 0.3473668588357168 0.330338569985694 0.31242645017708853 0.3410867140983957 0.32695766145179306 0.3743539781587471 0.37907922724256643
0.1574573958164168 0.17402253223855302 0.16713512510710332 0.1610298325581237 0.1653211092556239 0.20383264606724658 0.20023972813303834 0.20608666907590978 0.23529751967584384 0.24968999309463943 0.24535105689348533 0.22840309952408147 0.2671688791736445 0.31178024433885604 0.31565827793147666 0.3392029610622056 0.3179378069647999 0.3098619625451962 0.32371658305862966 0.29191981505348874 0.2859385611251533 0.29356901634321525 0.2795280157322458 0.29443944720592935 0.3312922058448419 0.33420680890525123 0.33985834605369747 0.3730096614926243 0.36257801416858415 0.351339165201475 0.37817044884283313 0.4068545936789904 0.4006840836066138 0.41672504230089275 0.4077875419591609 0.37210158897862167 0.3708212522505946 0.3387660644601818 0.35559157072024034 0.3504863563346879 0.3460620641008135 0.38488247471482623 0.37670453134135967
0.13191175475089756 0.16083020792691965 0.14719296595784886 0.1596261679681716 0.16507749860578982 0.2007121673408422 0.20454613987239917 0.19791259713639875 0.23030806885540858 0.2202816600496598 0.2239582691596465 0.2041519809136734 0.2667911466912679 0.29598538426710647 0.304955618126235 0.3382426599953403 0.3164091321077104 0.29760588208639194 0.33147145370516123 0.30964000081849374 0.30853549086083626 0.332543718614947 0.2989721457300454 0.31272800328429157 0.3240349617395198 0.3462154460970066 0.3386684235355815 0.33440330324060336 0.35096625323972747 0.39798613230474633 0.4114430620655621 0.4124834554194405 0.4252397310296869 0.4140047930404526 0.41249301363633817 0.40666565902231183 0.38415463067628125 0.3763287874472393 0.3557197759405078 0.3572538757608192 0.3617471572001565 0.34719332861230295 0.3498451342975072
0.1182555972354695 0.1339259947541276 0.16894267867668267 0.17793732125039752 0.1638809252295626 0.17955777601559117 0.1987424235491087 0.23177873584781228 0.21181140861547615 0.22060952698535286 0.20184490156108556 0.1836991448616753 0.27206937473667303 0.29203586054512415 0.2950297732061924 0.3269667302169641 0.3200675836626831 0.29618717328725097 0.31254724418297897 0.3565920383646155 0.33179963743422924 0.341691391643556 0.3238972618990833 0.3246813429008812 0.328908213627441 0.3490341327063263 0.34421554958191525 0.3431001169730812 0.3712978474478275 0.3946741038514403 0.4010289290975702 0.4333812389324184 0.4458453737237366 0.4237655231185196 0.42651424446844705 0.4378756293867726 0.40873358604581495 0.3602447038841244 0.3862229001258727 0.41483859472337586 0.4107388259219446 0.3675716683487986 0.37915279111765443
0.12185772368248088 0.11501159554173565 0.1383746568272512 0.17477051558579818 0.18723584428861023 0.17030414644839728 0.18977005120936646 0.2069524488273719 0.23568466566286164 0.2122698498946058 0.2138236685373879 0.24340319812821196 0.265989232611918 0.27724027510391025 0.2939907919695827 0.284840305361685 0.302065335542596 0.3178155906022544 0.30185829659331265 0.3303348278707081 0.3587312463096359 0.3620767370501902 0.3580456588766348 0.3317434917961414 0.3556834733643295 0.3350877496318597 0.33788193274555467 0.3743150524640011 0.3816770844855106 0.3845256095626611 0.4211476733909568 0.4498917213242621 0.4395724381137409 0.44773096098453496 0.41687384987288084 0.3913671710105869 0.3949338382010155 0.3777480196923669 0.42393449278370066 0.42822215495094773 0.43289319855037084 0.39302912726369427 0.3922984629789178
0.10693570042891272 0.11796121173992886 0.1388031161329923 0.1743683268443783 0.16991617732087297 0.19483523578970288 0.20717383152765487 0.23241235001659638 0.20616929416041763 0.20497220012854817 0.22237854959315403 0.26444678635188207 0.2714072193544726 0.28521941584332267 0.30082951148139386 0.29170793179106685 0.29158816706519236 0.31607720410688644 0.3151226395673996 0.3137137592329684 0.3441835627900022 0.3484389119562707 0.3302763033816625 0.33840644142020415 0.3265936376442531 0.3419278186144127 0.3449575558514359 0.35891667413757744 0.3726356964076348 0.3760754434532246 0.3811559935989589 0.41841668413769345 0.39733549039523763 0.4377287314957854 0.39548764311665296 0.39150817893288786 0.4072040370445167 0.3941622989134587 0.4428249891687261 0.4458518362284317 0.46022373245357295 0.4314164420112457 0.4089370564967187
0.11006592163096289 0.1284069742310948 0.14126496180694412 0.1410560953825584 0.15660017169113377 0.16361956986268483 0.1953535490270282 0.19853615027874288 0.2053242136199427 0.19836443669981604 0.22459087402612096 0.24707611380574956 0.27969717588659415 0.2648026895954306 0.28720384792837844 0.31889704258462737 0.32785462775894514 0.3211599619560193 0.319894881965262 0.34331027084342397 0.32409738860657944 0.3294469362606479 0.3285385887218476 0.3437103083184083 0.3372065898028857 0.36826524270021516 0.3401765993052784 0.3245964584084227 0.36293727621835725 0.38180560913651623 0.368364674184351 0.3664545515465334 0.37908846756317965 0.41148576256604347 0.4211737594050958 0.38508363238780835 0.4063406152808827 0.3992032470862777 0.43289993122515774 0.46510800064970864 0.458753352011288 0.43517771804435823 0.42932258447503846
0.1093888123194204 0.1034476535244719 0.11901116354479278 0.15727308951795457 0.14223157415634385 0.1602177238891249 0.1861745312361285 0.22457954533004923 0.21157196913813808 0.21870060390663065 0.2378299890520085 0.277582501619657 0.28753625272400973 0.29390524972224785 0.32375609214610807 0.33381800246206406 0.3580380621686308 0.37190341906779967 0.3581953139695656 0.343600497815852 0.3362591627852647 0.3347270083930096 0.37070410598509446 0.3576465999376988 0.35641495808187246 0.37457842193022295 0.35640436127593783 0.31787034372006717 0.34000979233482465 0.35767463955426126 0.3496471603300589 0.36215922574531795 0.35361110928868866 0.376556295643599 0.4007122427352726 0.3988625605078008 0.39842064577267716 0.4068227155049123 0.4349686728574459 0.47086257470234527 0.4667247014387127 0.4537883824544685 0.4271868714250575
0.1227659878474079 0.10784292432108593 0.14416391495646655 0.11792360399709603 0.12995180392938982 0.15780692590310025 0.1869498732066546 0.18066789663474347 0.20088227083828433 0.19740948715185525 0.2465933049749155 0.2515269291930163 0.2905143941858039 0.2962303798287305 0.3171262220248542 0.3650944626355963 0.3776499323461192 0.37489330882992256 0.37716729144719213 0.36027271283356865 0.36786677519296457 0.38258031103546936 0.3803845862020824 0.37324338527027034 0.3623666693785403 0.3827441461872021 0.34189977582613773 0.34307603413741117 0.35728948124541965 0.3673530328348248 0.33853661598968593 0.35622926544283656 0.36547602565248805 0.3646051658883358 0.40771596545194605 0.4130810111580448 0.43044164462702517 0.4453973161414723 0.46523154683733325 0.45515233678125944 0.4793601272106844 0.4544245134951547 0.4440352176015259
