Raster_benchmarking/continuous/raster-490.asc
NCOLS 100
NROWS 100
XLLCORNER 1743165.3855260948
YLLCORNER 5469277.640213552
CELLSIZE 10
NODATA_VALUE -9999
[rows 0 to 18 of 100, columns 0 to 42 of 100]
0.6338614477279728 0.6752350960376473 0.7256887706903455 0.7619431906872852 0.7636571867108974 0.7838589420268293 0.8330080995562009 0.8432843175626544 0.8393412758117085 0.8311863695888422 0.7660779632364387 0.7984752202538257 0.790357494361404 0.7894854880577424 0.7757211412718614 0.7942094442579718 0.8138574810684244 0.815155436355261 0.8748592966275881 0.8714828877087238 0.8776905393722644 0.8598474616248726 0.9078466894824339 0.9270750195344544 0.8900847248339279 0.8859361805252015 0.8803192487380764 0.9245336228887815 0.8920391545390333 0.9086738757607864 0.8597104965236803 0.9013259875478036 0.8707432360154507 0.8614555389033978 0.8521973641329607 0.8383721298325061 0.8375570675827905 0.8603306879738536 0.8374127505293111 0.8427134857972193 0.8008657528928116 0.7778606993783291 0.841344454144495
0.6537686954165767 0.6809437966655059 0.7253473731768716 0.7588303532700282 0.7902578149370627 0.7385237398361452 0.8069632004231637 0.794933241022335 0.8096819460979373 0.7984718175848872 0.7452155789037778 0.761822370049158 0.7511935531279955 0.7716463558007682 0.8134591361421717 0.8303208197540521 0.8280024876729384 0.8025553487137707 0.8527327327128679 0.9054367924773028 0.8969203457768822 0.8569218097183624 0.8506087221290808 0.9025283660135907 0.8773152505586445 0.8928528419282268 0.8797276429184634 0.9055936006117139 0.9071627041343352 0.9162175066429578 0.9002450978209215 0.8789413528600464 0.8898652216177458 0.8411805077105162 0.8022464424762925 0.7941851138728987 0.8204737951474311 0.8548276057446735 0.8683800976846496 0.8510181341268251 0.8140917923048148 0.8155333206202974 0.8689637574928714
0.6923022075927512 0.700717260898773 0.7531477456837975 0.7907831987449566 0.7812253016575735 0.7681648360945524 0.7719008808380203 0.7481028611708922 0.7504257229876367 0.7607770633825675 0.7412368090590246 0.7414268278496305 0.7702020907031943 0.784586588272524 0.7659789995471246 0.8337954383835428 0.8217939584788773 0.8104899822634892 0.8576110841676035 0.8437079679373333 0.8778221878636154 0.8665508533337634 0.8572999210798252 0.858167428914525 0.8967403996146622 0.9088016858763998 0.9099815293492292 0.888449698270792 0.8956576450574351 0.9165308920774046 0.9261620044027069 0.898003416981085 0.8476765281483506 0.8498394802011959 0.8151913497116491 0.8331976282130383 0.8534633168386473 0.8498821923375143 0.8569587936394195 0.8916832965927164 0.8898798529944828 0.887637135125634 0.885968162057926
0.7135690836224549 0.6880683769953021 0.7259547577418872 0.8122207594217647 0.759448988436587 0.7724425299268994 0.748865270020417 0.7174021137756501 0.7109753997230027 0.7049433931942998 0.7217859929284768 0.753323617839643 0.7252661410351655 0.7443944088601546 0.7514678566930356 0.8378926693427896 0.8122669760747622 0.7906788636020927 0.8250566502212521 0.8433614500584584 0.8088115623072113 0.8222965714979357 0.8533503262614255 0.8636047649953665 0.8863098239184105 0.9234041264667495 0.9024701584104591 0.9124393365514214 0.9163527592021866 0.9370094397822721 0.9014300624910718 0.8673636958253198 0.8842089695664596 0.8937478473268025 0.8241174683487322 0.8149806304261834 0.8803675027126447 0.8594767079546376 0.8717552678979069 0.922787808106109 0.895364318587723 0.8478310752600348 0.8426719761075802
0.6766027010207183 0.7013018024897748 0.7341588582226095 0.7710374363697406 0.7738143880760149 0.7530622640540379 0.689516494948771 0.6777643821317642 0.7316883882164115 0.7030319645716071 0.7050550400966797 0.7312567773730421 0.7221672892152687 0.6979114741014502 0.7128135710714264 0.7262511371539729 0.7582967045094844 0.7482660649068061 0.7720082874183865 0.7882397337086509 0.7799418667732845 0.8332607810282391 0.836687087763298 0.8250844636039314 0.8771398551627857 0.8950937760923875 0.9394530328107932 0.94051314825412 0.8845187605014474 0.9136138713780758 0.8873752137785197 0.9038723952742382 0.8954129120579961 0.89529029354086 0.8547047095075447 0.8443337002829606 0.8896414096710182 0.893555758619008 0.8872779876927377 0.8655645673130842 0.8688151965320965 0.8733018216531112 0.8411470264674525
0.6665337384089917 0.6869688564080453 0.7131685429142888 0.7026370915065215 0.7235707212572905 0.6996846831167299 0.7006403950063387 0.6912669765382847 0.7198748912593567 0.7103027936010493 0.6943984451656273 0.6664698575175672 0.718725986813015 0.7103056326320243 0.7228654285174344 0.6814896754619522 0.7292227868012062 0.7417706783793268 0.7863591950618443 0.7598342311246491 0.7815390574559814 0.7725597805738108 0.7843953829354929 0.770845370946122 0.8285067644964035 0.896487647721247 0.9169082331301301 0.91264578415522 0.8680298722982853 0.881433832909001 0.8620373548779175 0.8936859713193881 0.8399405349968586 0.8630677035499976 0.8603084457696157 0.8979913863217691 0.8799631482922627 0.9065074572476822 0.8971243220558268 0.8687810271856532 0.8821196248381254 0.8661553285633022 0.84138892458106
0.7175222499989288 0.7319524469841548 0.6814181602303365 0.7034813327051833 0.6864599432194313 0.6799791279003933 0.697021089222036 0.7082520022250428 0.7132274072400805 0.6841433931313232 0.6653238434728643 0.6934754932208157 0.6570599480893992 0.66084155794761 0.6865050081125369 0.6843805135727629 0.6805201975617691 0.7285781139545194 0.7893732421813787 0.7513972112256903 0.7491100857370784 0.78303311746565 0.7933155303152811 0.8049296549798216 0.8089546009718496 0.8262130877879647 0.8799531054994719 0.8831261181535534 0.8898972041160201 0.8780337468576458 0.8382737616679635 0.8136484523439736 0.8311294697537395 0.8255485747192663 0.8754929164870077 0.8821589595962042 0.8758906479007974 0.8854184091492617 0.8392563733963161 0.8425829079120172 0.8364138619610013 0.8656542674599124 0.8364513861008774
0.7302682637469593 0.7470495773905538 0.6978268251464366 0.6821010011766683 0.6992879874215306 0.7004984598712984 0.7165968949255084 0.6675493495641336 0.6775172615236722 0.7289039789516432 0.6625050914221324 0.6741419184458884 0.7033373469664012 0.7033665879872921 0.6550775880592928 0.6459249983007214 0.6920102427333664 0.7478279798611763 0.7619410290312769 0.809319938687738 0.7572136437579501 0.7667358230748773 0.7864545137954156 0.7623016840621247 0.7713144134282371 0.8010907334070191 0.8453688957576885 0.8366291081707476 0.8084656174343292 0.8036444483938059 0.8140424393101041 0.8065577839175132 0.7931188275992843 0.8068591455489013 0.8638619997897912 0.8424228263934833 0.8476422790221303 0.823601606668719 0.8071299440494005 0.8604001571073198 0.8487096071837921 0.835672468507153 0.8143442279969982
0.7227043466937839 0.736432732598066 0.7223927634830445 0.7379291873433087 0.714029586419369 0.725369169644029 0.692272392273681 0.6551712527156082 0.6617899527842235 0.7092604491005923 0.6610161513521899 0.6511934693770592 0.7003849868964777 0.6944751415597595 0.6725638070279544 0.7114003834614413 0.7410571746551279 0.7389606063928499 0.7541758431333087 0.7481863469825221 0.763410832416801 0.7363025509520644 0.7503639152821144 0.7687315459287087 0.7709951832334698 0.7599668020652122 0.7638243974110714 0.7704612819099919 0.7809351525158773 0.7459730528197324 0.7534277647060551 0.7743229810721269 0.7615750253527722 0.7542173001662096 0.8198415011405163 0.8108820232969342 0.8024894361285946 0.839919744858767 0.8179672524998242 0.8388701055263657 0.8523839259758987 0.8162734953977999 0.8155097789556272
0.6978084404057396 0.7307094675234405 0.7115788172713469 0.7301101801789036 0.7110365969844676 0.7218852550983594 0.6720830911064916 0.6521839703662967 0.6594135947560285 0.6735059520033718 0.6694000261386439 0.6536921746894195 0.6731470194532128 0.6594582107027969 0.7219447503673587 0.7012437415840801 0.7330668956658488 0.812054286893102 0.7367181997191568 0.7438966199165055 0.7257888991996786 0.7453637594660741 0.734496467588926 0.7819671177016422 0.7847948147034374 0.7919363610225942 0.7694667492595425 0.746655747174282 0.7452781983301633 0.7383246109153889 0.7398019564567045 0.752612385899728 0.7355476314493001 0.7336014936882707 0.7459984168079605 0.8178951548391913 0.8078848883364488 0.793369082907159 0.8318761235901142 0.8275968694899621 0.8653693841292339 0.837980503242739 0.8308267278698485
0.7314481629771887 0.7228613089929735 0.7501121018060535 0.7382587700942876 0.7056226281291543 0.6941486412666634 0.699043829537925 0.6611529387059042 0.6719446851609242 0.6873797187729098 0.7120963251074562 0.7111224192403164 0.6648518135600325 0.6699966173031403 0.7519695024210725 0.7589788530829548 0.7767511827712817 0.8060745799969474 0.7523881174905446 0.7611244916610369 0.7266544441149788 0.7409066661824889 0.7385510147915002 0.7033648184548348 0.740110201950857 0.747594835318403 0.7686311897034919 0.7505874997258768 0.7492324271634052 0.7046911088422186 0.7378242151427652 0.744194167608649 0.7038093017066434 0.6912097501878196 0.7348195042212751 0.764230896148233 0.7662450261678048 0.8106256381768674 0.8069397906750161 0.8527082366646177 0.8394881838282628 0.8755250221681334 0.8623528434118097
0.7265431084175027 0.7201616825318341 0.7379251425401856 0.7296530432944837 0.7152136970923921 0.7380023037733205 0.6990196561906669 0.6688172513549072 0.6838353802498031 0.7262555734297601 0.68762544586607 0.6879406408733781 0.6913269009030477 0.7188851498863271 0.7593250163049562 0.8073517526029597 0.7764362510974372 0.7822789836320511 0.7912255023206054 0.7775760747200118 0.7425226509345455 0.7471006072597719 0.6986930467935006 0.6493951143581851 0.6769646164842055 0.6981326516631572 0.7425764668140006 0.7668439523517446 0.7158748190540224 0.7050480362525537 0.6914225265596818 0.7110210042944126 0.6589450139476735 0.6677975921535922 0.7028112372407269 0.7272274597539791 0.7587485054903775 0.8140432924088119 0.8080325634974734 0.8543339441026716 0.8432429676860134 0.8785489905573255 0.882536336855441
0.7197103877823219 0.7246484291828057 0.6996150941597845 0.7389492863668846 0.7078860238109793 0.6789794199162449 0.6659625062974684 0.6530425225205887 0.6770080316212229 0.6864868695323948 0.7238189673411186 0.6954009738633878 0.7286884628351761 0.7389399661077714 0.7777047662112762 0.7806159553907094 0.7910161887964186 0.7673752742114088 0.7823301857677045 0.7734477954322512 0.7334520251970025 0.7255290743999911 0.7095474922851726 0.6450862947983232 0.6504298218009976 0.6579416887573011 0.7009884980064766 0.7130719310512683 0.6957211103600103 0.7098938286604002 0.7041812016958695 0.6987880298914408 0.665598703498449 0.6898333868551814 0.6892464944483376 0.7079386735457666 0.7278123907237924 0.7511429719619763 0.8107412190834541 0.8212302642149363 0.8149162564859256 0.8440515147653773 0.8542483547041396
0.6672177528106253 0.7159065592211848 0.7118278027719415 0.7172815047498261 0.6973804644384537 0.6348857149665083 0.6676296496188744 0.7071379879899335 0.6804459941153439 0.7184555458261416 0.7010630725974729 0.7591919227768064 0.748326216130708 0.772452887292958 0.7997314374816935 0.7831973396390047 0.7881043677415523 0.8062937847607404 0.8055236814071008 0.78618658866282 0.7065008421002269 0.6784805276712402 0.66512072917315 0.6501897629977282 0.6435129315069256 0.6720185286645306 0.6370015109749364 0.6473974216694651 0.6957415060518457 0.6600826448248239 0.6971039940648113 0.6813276183800382 0.6571931639649731 0.6558264696835968 0.6669612731019844 0.6825443525721545 0.7135598707321338 0.7451097360928342 0.7857776576466289 0.8158263082864533 0.8188754565592155 0.8008354861382391 0.7979045139159584
0.63673232733782 0.6676981924999886 0.6437699959337039 0.6771011751904006 0.6370268691362281 0.648423412607044 0.6660684090451907 0.7236799771364864 0.723160137036254 0.7511728224038621 0.7260512293636946 0.732643562813421 0.7284661798789153 0.772131392518187 0.7715900757243079 0.7993722362857868 0.8415447951509873 0.7958999150380638 0.7988483554741531 0.7584047796004305 0.7528164361448018 0.7299391166006224 0.6862524583417674 0.6406015581192612 0.6778729227933287 0.6617195553610661 0.6344934619249052 0.6438272000690091 0.6802306344653927 0.6921886940044903 0.6479032205670184 0.6960850622844006 0.6766985498726694 0.6740716616209446 0.7049436717778897 0.6678936601343324 0.6922855400925486 0.7268843719327033 0.8017176378813433 0.7862253835955316 0.7896594446258407 0.7708225054348137 0.8221910687125776
0.6576877305607287 0.6426545840239706 0.6596872979188868 0.6229586087098651 0.6548698708129886 0.6786111773196201 0.7132794382802049 0.7008582928533231 0.7183788890025536 0.7513141590941184 0.725711604493601 0.7319971257670395 0.7424183660244185 0.7664191468387923 0.7956778237604415 0.8441765657932851 0.8509018906522934 0.8158123701156806 0.7851350348374899 0.7471672058628096 0.7425318146856154 0.7350101267945454 0.701979224140264 0.6261381399185885 0.6893211268813414 0.6671874414259331 0.6607460179867429 0.645553243643618 0.6836735232003789 0.6590912325782008 0.6847019990591086 0.6750973969253997 0.6911533759893379 0.7205577480855097 0.6727105960296015 0.6654903405163549 0.7445697678040148 0.7810097214670834 0.7788760627227043 0.8028306264379883 0.7546171319515558 0.7522589483593248 0.8174659746411741
0.6254282028566348 0.6712782394036738 0.6316088587567132 0.6490274542694424 0.6843048659301295 0.6659881215819907 0.7081006696004235 0.7159886041320929 0.688329842629771 0.7343350846605884 0.7628785969282567 0.7398247980025043 0.7419136460388798 0.7982229929413877 0.8060303008196473 0.8121681753493154 0.8087990031119484 0.7814132556486437 0.7899951154434977 0.7433760666575975 0.7477781217714375 0.7458873072874967 0.6887110823956191 0.6732337089008626 0.7323380940425619 0.7222637732490933 0.7157303463589276 0.72894296061241 0.7227504995691121 0.6982275809007508 0.680524790459034 0.685204591063213 0.7222626991991173 0.7219305097218801 0.712058094314102 0.7212260372170202 0.7258728340007179 0.7068289177634645 0.7308371789279519 0.7839361832782817 0.7971211364591754 0.7581687026590079 0.8053383648081888
0.6355204282993977 0.685734986897437 0.6847642247614986 0.6588603416047681 0.6995850529976751 0.7057784826314161 0.6746741219641827 0.6879239717886303 0.7312856332718144 0.7063931504966776 0.739176732067953 0.796649721254106 0.7869340514564124 0.7879557493705407 0.8194051014352743 0.8487048164363336 0.8451366484791883 0.7935782752372493 0.7498580546362366 0.7394655604415896 0.7456528626485657 0.7002671038529884 0.7169417709666289 0.7335516989965052 0.7650812388694845 0.7781144588367341 0.7451422181632579 0.7397970540985419 0.7630513652737723 0.7221590158046584 0.7199170638957693 0.723107812279706 0.7529919409291259 0.7297978587006843 0.734479885122016 0.6850973174743676 0.700739703292463 0.7077505426512818 0.749261768796439 0.7283064904830917 0.7926493067932826 0.7899008131776204 0.8096513064766846
0.6704379736668158 0.7225213444838309 0.7182148512389185 0.6818729295229096 0.6839102429184151 0.7078014147942773 0.6820202800391878 0.6966470052215051 0.7525158404863405 0.7552705442748112 0.7807378931138895 0.8191354856366179 0.8110247087781092 0.8270832137329845 0.856747883291538 0.8663335123418215 0.8253004964678216 0.7696796553593136 0.7899358222485413 0.7903755542594698 0.7630124280430607 0.7515367023548442 0.7660885876616095 0.8078995343690399 0.8242127766357121 0.8155479003018357 0.8081183650978716 0.769189798258313 0.7806128318008152 0.7564203371810841 0.7766510718030943 0.8091594332191164 0.7784979347361524 0.8133565197574297 0.7670919185240344 0.7625687281074467 0.7550918036228725 0.7503611570484796 0.7203840104629895 0.7189526182930359 0.7811074508544765 0.7649338156717029 0.7899886445914507
