Raster_benchmarking/continuous/raster-460.asc
NCOLS 100
NROWS 100
XLLCORNER 1743159.3437258673
YLLCORNER 5469277.729835532
CELLSIZE 10
NODATA_VALUE -9999
[rows 57 to 75 of 100, columns 0 to 42 of 100]
0.07922300404904666 0.15210102845238013 0.24127290163487522 0.21617733501947123 0.2609200319116186 0.27347536183007803 0.31439219954986336 0.4004981288529434 0.46352182168874634 0.5012245951482373 0.4651733030953754 0.4519144318857334 0.42674007544595755 0.4383832275561632 0.4549514672294802 0.4142490506306138 0.39658653647819414 0.3166490378357646 0.3092337691579137 0.29576529878043384 0.2663930597135813 0.270134324363486 0.2567561361574192 0.1948114001014263 0.19840404309595133 0.17170228079024233 0.17531320358555008 0.17262180007458308 0.1973022640754262 0.14514713781707564 0.18263138483986374 0.15709856164377747 0.20190272066479395 0.17522754133777318 0.1843587959057471 0.2443152286140176 0.3001099293435262 0.30530707498197385 0.294939234425794 0.3829140450892586 0.4287774708518084 0.4364435472967332 0.4328609859835826
0.1367815736686686 0.17215667113413355 0.2577573580410335 0.2775655092401581 0.3030593579831407 0.32249814837513574 0.3318495602323073 0.3612303586235814 0.45508189740164234 0.48517878414854093 0.44413283883697013 0.46040716356286726 0.4887538221163539 0.46220990210495155 0.40106515350288163 0.42027267472478885 0.39733701491554074 0.2953706185480656 0.2665527414332293 0.22365472545255524 0.2360354694419244 0.20588599711798583 0.21081059164848823 0.24015830246863423 0.23572617443820332 0.17561521566687383 0.2238455360084698 0.18380728569091517 0.18196272086097595 0.20288739298453132 0.17478745951019123 0.13793523230390678 0.16995324781635487 0.2318349335459959 0.22461102103287725 0.3251166179166623 0.35408100515027596 0.35989557184022236 0.3901703842744685 0.441179248700057 0.4110553633236526 0.43877630508931253 0.5026564607261009
0.17554163822017976 0.2039989042435625 0.29799658556483116 0.28963972936737703 0.3837415351904816 0.3551991458117118 0.36562941700296914 0.3669463492090626 0.4447889499962116 0.43541201723564854 0.4444063764094661 0.43453543873023 0.49829087038009723 0.4877853374869283 0.4198011709057828 0.4115834218989582 0.3190271471822374 0.2450897815403212 0.22612237277123376 0.26433146675956076 0.20389831040250764 0.18883440532249626 0.17454796398612854 0.23851085923315354 0.22960327669436986 0.23608533585130856 0.23747158782598743 0.23438929668162953 0.2742122274286263 0.2381349454037195 0.16113870093725055 0.13330877235081065 0.16311403553967427 0.23391776372236117 0.2938812924328667 0.34588724357419 0.36039439271314333 0.38022801056265493 0.44349790332807426 0.41947434885455537 0.46026401615714346 0.4669366159975904 0.5433725216387086
0.14421128362652993 0.20208289362746915 0.2601183030767817 0.2750760858577844 0.3359385888952111 0.3644851610716738 0.41935040931083045 0.3806309165571079 0.4073995146422478 0.46503179596181077 0.4972044388784697 0.49032944406546114 0.47032616315202214 0.4448283772148374 0.41942082443184847 0.33985243140102245 0.30805487399551884 0.2850383459573856 0.27914616607561954 0.2681703786052912 0.2221322486904187 0.22085571999995307 0.1741177006167116 0.16016515403530773 0.18554289284031839 0.20418848564707415 0.25837573011767695 0.26221951878162 0.25884442394219964 0.2060976645279314 0.19901747459477553 0.22323605139080702 0.26695912247244336 0.30572274730370796 0.28899676797767987 0.3057106896065256 0.3665352405784391 0.3968125549723533 0.4165622977107062 0.4387713164232015 0.42700820967725434 0.4946099770069645 0.5255789281097166
0.1878982992723584 0.2621009677908618 0.27631738802497674 0.27815103209251696 0.29125294985689393 0.3865256889413466 0.4030023725402538 0.3984656961795922 0.44825604222432897 0.4996569476072321 0.466438114168482 0.39709113681213165 0.39017891208423544 0.41581763946085437 0.3579675675384966 0.3310993329688536 0.35404938727540264 0.315334448051347 0.3065563762788947 0.3073264711586021 0.27877593328350597 0.2047561927164959 0.1979051549944695 0.17149495704616693 0.16798768302108727 0.21701028676657616 0.20890505581597565 0.2652161761692985 0.26176154573181254 0.22977853614316063 0.26927248011628546 0.30319262207153913 0.339950546303278 0.3245676102820202 0.3123262547892827 0.3775763093580602 0.37280923071662025 0.42584592970900836 0.41267868263418855 0.4286164187164498 0.43868492216745664 0.572525296799768 0.6150191641067361
0.2612778790434477 0.22201159827591926 0.2342770404677311 0.27830152618471854 0.3031531468398471 0.34222932619576657 0.3609278054280836 0.41251881945602736 0.43868993660606265 0.4665386092234044 0.4105520557452269 0.3948153415215471 0.3753760951862604 0.36127698590575047 0.34618183160853205 0.2989348458783489 0.24188579889626743 0.23011763857795905 0.2182770577403674 0.2774348563265918 0.25249438783451006 0.22196936747798576 0.22878125404543423 0.1736221591935733 0.1803355618235165 0.1997349387643985 0.21116347453975018 0.22940031030590424 0.2054211988177248 0.2333193828023443 0.25143554083613084 0.342469755814718 0.3567190005019742 0.3271639528036216 0.3547220578911372 0.4065991743740489 0.4141204676385243 0.4422933058886358 0.4386647286267514 0.46897321482745824 0.514631847240265 0.5851442038923489 0.5609802369042993
0.25874895651860125 0.22419831379679833 0.2596647665040898 0.3013873294554814 0.3719625459903208 0.400907899121306 0.37907037176560987 0.41277868099849385 0.4539177260076194 0.46180978807800943 0.4431007364551606 0.4425968096318317 0.4193590600023408 0.34344614757023934 0.3754083158747557 0.2926131200028756 0.20995342979862644 0.20106803158067543 0.18235337243897431 0.2367258653116093 0.2703592989909517 0.22859173777204747 0.1689203652439766 0.19280534422930284 0.20431725445099622 0.18696573262150454 0.189628823775659 0.1706038031850917 0.2205855585745916 0.29479296084817863 0.3170765821667535 0.37508528003669356 0.3822570069558919 0.38403014538064356 0.4326880793479789 0.3858747177328528 0.37024972674992007 0.42705054368232365 0.5028757165274607 0.5100787544632309 0.5220117748859475 0.582571483440727 0.6052053045903844
0.30957537017089515 0.27854266077356643 0.2768049394165096 0.29176030521985874 0.3764683454555535 0.3723316915537718 0.4195208233167078 0.4141833870514941 0.4448031111388069 0.4842282485242477 0.40483462361430494 0.3801520674057223 0.3762578063149389 0.3252586913753395 0.3214906386873457 0.2561473730331903 0.20690573438904564 0.21824127161645454 0.19698520386858 0.21194544871283624 0.1924978674113312 0.21526450890931448 0.14668196808550227 0.13998036800215008 0.22087328227453507 0.22125912062544045 0.17806233191413204 0.18151140132622157 0.24242271284385877 0.2938514249460548 0.31624663432432853 0.2993069210102224 0.3846993551646961 0.3732696828984027 0.4055767059888297 0.4341742845082216 0.4264155558944521 0.4654269944366931 0.49291349697242004 0.5398564425988162 0.5907858995743718 0.5970386689924719 0.6347747514578553
0.3127659489420403 0.3631044630408355 0.31429693001551945 0.3186889130408942 0.3595590467092541 0.3776078192058285 0.35410324870100424 0.4480405218974498 0.45210115707851994 0.42936080391566106 0.42954287437193184 0.42591971132626366 0.37837968701640184 0.3516810378173337 0.24531071360313236 0.27382707656294775 0.2766590129420983 0.2305330451340511 0.1858163880057573 0.15962659580327376 0.16038323117036646 0.16084841965895738 0.16520029381596596 0.15206349137378003 0.1553764978226746 0.20172632957456849 0.1817985479235772 0.17330790533080137 0.23298164618064798 0.23085252036011006 0.24116584931241958 0.343997809095141 0.3868280658889815 0.39517883970688406 0.44512479929995274 0.4530668142098464 0.43463396315108954 0.4901853789488585 0.558048860013697 0.6066397791219401 0.6374012227938515 0.6009080029275119 0.6687935303817528
0.3720102383534171 0.38779903972760643 0.35680649451423435 0.3568093753311285 0.4207411590553959 0.36166860304012893 0.336269395474692 0.41810469204733114 0.40756850332820854 0.40464319395018206 0.34581511429911355 0.38807085057381285 0.3089591710160733 0.32337748694422336 0.28241042544350964 0.23227857731477125 0.20459175491412798 0.23522443393869977 0.13582561758758807 0.1316103009714073 0.1255333274161238 0.1290689023843509 0.12711136445961405 0.11164284293570578 0.13357955363435217 0.17408307108219048 0.1934693774429016 0.18710950497627987 0.18591303622931338 0.24500564974108463 0.23201393723185523 0.28816240943229865 0.32020328039405804 0.3964924203396006 0.459867076717011 0.42717152512325085 0.4883806234453511 0.4795305368046639 0.553598120062107 0.5601896598854342 0.5762947579536907 0.6384434145436667 0.7016840538461689
0.37729760116549876 0.3641494103952934 0.39310629363078325 0.4151868459714953 0.46289499543389473 0.4002877263079006 0.37009869495573927 0.4265558064540693 0.3891351835753824 0.42185792476293027 0.32320811622864937 0.28019508351082917 0.27939413226595994 0.282426367787663 0.23517642603476885 0.2133584238052614 0.20447100376639224 0.14850664333546157 0.14318848050637206 0.12613501018740897 0.077978411689762 0.11813767021964063 0.11424105633588891 0.09706231280240046 0.13135450668380097 0.16391702086458726 0.18007815919456 0.1401084835814768 0.2028474234240495 0.21468696581884603 0.2700445734639584 0.2871534283516839 0.339266890748258 0.41655205950473745 0.4247521018883907 0.4522418685309504 0.4851354928997877 0.4812020899156149 0.5986146888687213 0.5847952073625425 0.6095535458007225 0.6402802725150346 0.7325480163767638
0.36106745182037325 0.38527261335914487 0.418932927278674 0.41083863100548185 0.4373924067216948 0.4266494395177635 0.42435109642440744 0.3850240121031242 0.42566669817117603 0.4082640262701663 0.3368706970188139 0.29336450682417187 0.24670891113735977 0.2452351482637646 0.22550203600632074 0.24211972228194784 0.17198498575071836 0.1602869156824603 0.09964453953404562 0.14263202552904566 0.0985619319017958 0.15430096035921873 0.16060285517404846 0.1718550093045781 0.17021957506847515 0.1234361717071649 0.14144983723407772 0.1429501193554821 0.15582583875913736 0.21600674308470458 0.2742212232700554 0.2896580166323471 0.3049928435331116 0.3649172900602131 0.4027313147688313 0.4188636543231817 0.41281583435505553 0.48339199439355063 0.5049150727956931 0.5635446995737998 0.6058026266003868 0.636816885573455 0.6439969462890319
0.43595766327793706 0.4412246329410821 0.44252673598851855 0.45388604353713313 0.4421748144900492 0.4227691588707364 0.39237835922500425 0.37720600072736715 0.4319311679725486 0.3843266884776513 0.33559553372946954 0.28662148088067524 0.3046046543384607 0.25108673289323064 0.23912065323320605 0.25133748289148894 0.19388131466593148 0.14909208724398368 0.08583868509076199 0.09090078685756645 0.14442981972285707 0.1474039575516736 0.15831421933497689 0.19326277325323615 0.226328597970479 0.19676961676417676 0.11482682348071956 0.15435215934298827 0.12672011865435362 0.20763572027737878 0.20913274680830823 0.2772514250109737 0.3068284353851353 0.33397257477132725 0.4288561080723291 0.4041815018873475 0.3987714311892023 0.44246589276250337 0.5174918554472704 0.5751114324604005 0.5797922591189729 0.6402312678837436 0.623118199263059
0.4166012528075179 0.4352389375766892 0.37943011387818065 0.3925094308130889 0.42298924517640657 0.45000892644184437 0.4136512932426879 0.43778678398614274 0.49242067783353094 0.44435001854126704 0.38015742109847867 0.3244017553355405 0.31709815436088323 0.3222023383522257 0.24926830581977572 0.22341646852944963 0.19672272824616033 0.14318223670751054 0.1265345978097933 0.10583031003432455 0.16468537574549355 0.18750167840256418 0.14689316836749075 0.1682597088312959 0.2268172253270301 0.19572312366324235 0.12785087639391704 0.0917223642164529 0.12954930772130116 0.15594188890057606 0.18011013148708294 0.251993438055133 0.25735538160228383 0.3176083123518289 0.36620948024102873 0.4032178008863462 0.41945468191043556 0.4567871090445758 0.493192608524381 0.5671606152962063 0.590631599093396 0.6451562860681078 0.6215502951038098
0.3597979557650777 0.3442712454214623 0.35911736104567826 0.39421954396078707 0.470471998199566 0.49251546759183673 0.44380568391930186 0.4451209861856777 0.5144866877165473 0.44928861526151465 0.36706177861941053 0.3410730229978076 0.3154737834395081 0.3250655281455522 0.29758690169830654 0.2495835063789343 0.1280952080751294 0.10564520651639382 0.10661325266683673 0.10839164534389073 0.09512880800128919 0.17808661819137658 0.19470520892760915 0.19704695248320664 0.23308002170682168 0.18431094898842426 0.11944415757194345 0.11056271418572383 0.12526144291002914 0.14884818234504918 0.1595454164452024 0.22915487394472558 0.2591750730230367 0.25155123658281253 0.3419841024004616 0.3967929568866228 0.361277085583138 0.43410664229176976 0.5496331323091105 0.5996135297879664 0.6453020746011591 0.6818144928469562 0.6820431661207257
0.34638484163873773 0.3530311427388569 0.4295916745354593 0.4389748857129838 0.44479459056067255 0.4838712985376232 0.4647019368402254 0.5157084604626023 0.4884425232281719 0.47828380201065507 0.4582348095667971 0.40987481203811893 0.3349897742119851 0.32435529507964156 0.32223019792775276 0.20208387038000275 0.13664154811903867 0.10850520343707645 0.15387563364801407 0.12238547002522757 0.0903108653692915 0.15318331970397026 0.1739460606793428 0.20404441822907482 0.23208836679612987 0.18018951968728317 0.17709747714978377 0.19036217723826895 0.1766809410416227 0.17546434953043685 0.15960472050295507 0.19158555041311837 0.26593462268124407 0.25087944214928787 0.3039692587311588 0.3263856072775441 0.31888176897524256 0.38774859885365653 0.4878006364848088 0.5120227417021691 0.5663732964212947 0.6127578765259968 0.6420557322880401
0.4021907842377413 0.3683035035933588 0.4099290259489708 0.42632393525034135 0.4833244690498731 0.48066970278234655 0.45412775766904717 0.5223760626872677 0.5459175006885565 0.5148207570061116 0.44442828667231365 0.40960896866021734 0.36070566422928807 0.35183146218357914 0.33611196928600867 0.27897713178478684 0.20214664098510218 0.199639200965072 0.12138391222586944 0.10934131890840951 0.12424245846186965 0.20404933796835556 0.2227405918487071 0.23465430574749566 0.2511600394606652 0.17035743899413597 0.15150509088962338 0.198345596080585 0.2073874340145741 0.18295876158468966 0.1762281526065445 0.18264316198750175 0.23841342417262812 0.23577824703756672 0.25021242145342454 0.25962338381798294 0.3115830612719668 0.41748342218079165 0.42690246181186897 0.45861512319056963 0.5252799063086567 0.5863176715905188 0.6847629533700925
0.4101669446867212 0.423761816702982 0.42192222048823946 0.4601238441873054 0.4715398736827273 0.46674543169107574 0.45536979396797955 0.49312878372142077 0.5501806256379675 0.528500799842339 0.4994458386871679 0.428042549959433 0.3584214288720083 0.3745580812582396 0.36823997097630284 0.3034772654328746 0.2045402060839854 0.20810326110207036 0.2113426311953515 0.19585906043522483 0.22086707603695 0.18348123034924463 0.24508378281697932 0.2438199025818364 0.20884010481333745 0.24962488322041174 0.2109513501824081 0.21917139203401584 0.2198266615163639 0.19255877569658822 0.21803844523364244 0.2344959360183284 0.2416756865255271 0.2405645989690003 0.2320145920122755 0.29349804475875735 0.337268745168148 0.38488271931114054 0.4437061204219338 0.4594761679132882 0.5465863199317404 0.5742603989552448 0.6163761152175439
0.39073977475833016 0.37913582609434765 0.4411049141590575 0.44873678584148946 0.4840096443521013 0.4649502011004575 0.43285356226020505 0.44045063766793674 0.5239744029509791 0.5465020365072883 0.5047459905693822 0.4220340509624714 0.3974359874518017 0.42123068686218146 0.35434435340494674 0.3176021131889969 0.23619802281025473 0.2789523310774322 0.2608274655456988 0.2892208867734551 0.2562640433590139 0.26384845031955645 0.28752487414715744 0.2602555429496262 0.2437540187404446 0.2973003962275122 0.24240021655955535 0.2258825558842246 0.23620011926327208 0.2589046825922452 0.23852092295531904 0.2796669176792694 0.2774837800909615 0.2756458239006007 0.25191409629533956 0.32341342531126455 0.282863206982463 0.34788859871153843 0.36688748007216127 0.44780168043864516 0.5492680264183022 0.5829697750508501 0.6450705011650223
