Raster_benchmarking/continuous/raster-23.asc
NCOLS 100
NROWS 100
XLLCORNER 1743161.7681600025
YLLCORNER 5469290.01630295
CELLSIZE 10
NODATA_VALUE -9999
[rows 76 to 94 of 100, columns 43 to 85 of 100]
0.6246468795216674 0.6546175124417314 0.6487191509903001 0.6486908232891251 0.628269339847175 0.6269465686823769 0.6065219186227333 0.6108394580128099 0.6010887220392966 0.603967336332948 0.6027217826649837 0.6091561789737813 0.5881008964094293 0.5594406944801219 0.5407069404484148 0.5302613210880405 0.5208611992897051 0.5078913816554268 0.49330825746293144 0.5003160495977097 0.5406954330309345 0.556281622700728 0.5258609258399671 0.5335307159460522 0.553965220782745 0.5318519302874108 0.5071181338056931 0.5263080855000081 0.506052818177508 0.5234468788706345 0.48181164722129616 0.49155548996703724 0.46512620259392934 0.4781175559848533 0.4365161304401185 0.451021471039455 0.4446788544551435 0.44356515192438567 0.4465533790986708 0.4719360223395307 0.45449695968634485 0.4934326466275245 0.5050474484447606
0.643440034613155 0.659228386774613 0.6534697646245141 0.6168742689863898 0.6261776774651038 0.6335035425150003 0.6062147920741944 0.6213615755744285 0.6167097506904374 0.6307278530920201 0.6284508290870563 0.6294176612864864 0.6069375081795803 0.5772361122424019 0.5862935305608922 0.5801559240084931 0.5446576839537665 0.5482901118369824 0.5507579997656931 0.5431481123300732 0.5128654973751697 0.5388974791473091 0.556334430689415 0.5365572283877069 0.5375219714260985 0.5376962569044702 0.5017248548303522 0.495433427590364 0.5049836591386717 0.49860138207856936 0.4816952298414415 0.46389034381662986 0.47710541801999234 0.46765218033609673 0.4528427713124009 0.44985514028848184 0.4499688840379271 0.4508906683490168 0.4586376494353696 0.4684837038982547 0.4722545340953081 0.4820951876358138 0.49357753495968676
0.6605976213387532 0.6499559488961066 0.6652846758016726 0.6243058490256972 0.6383028870724724 0.6472712319944625 0.6208125809977544 0.622325401815274 0.6271794756333285 0.6274926307842934 0.6158296210241802 0.6318637284962477 0.6195915419066242 0.5838873868808983 0.5849405015354605 0.6017885516314123 0.610150823692279 0.602879815457522 0.5601223853142192 0.5403806172494234 0.5395234351848603 0.5317746880378653 0.5308784158938302 0.5167168508560801 0.510849603327088 0.5025659928244415 0.4797105941905708 0.4894758664861294 0.4744058962114327 0.47668665490128387 0.4614237710822773 0.4616934699080202 0.4962946226814348 0.49474592673229884 0.4860442217860248 0.4613860236546462 0.4526931740220931 0.4656728983959929 0.4504404097670224 0.45625365517086885 0.44759770660913045 0.46491843299032276 0.4814978325455715
0.6688180667730614 0.6729721344942262 0.6496301950053925 0.6342671097545637 0.6687491088392151 0.6415260324021563 0.626563723626401 0.6350649992448333 0.6307410193044093 0.6456538926526809 0.6265474218562327 0.6262227469579195 0.6177589738370777 0.6007883232844781 0.5996535721573817 0.6339496586364058 0.63020321540986 0.6088457457438126 0.6044939135800838 0.5661157606392502 0.5453340196435528 0.5672466117438796 0.5436583154394267 0.5471121772189751 0.5186093704168511 0.5101887641455013 0.489622762023467 0.4994051932661492 0.45727086829531727 0.47828240736587807 0.4680536159498833 0.4412974707493043 0.47737781037555427 0.49052343327155223 0.49208515157206745 0.4680681227850727 0.46233190078356573 0.47538433370691113 0.4686559144398896 0.4400474519678573 0.4380931310630424 0.4737866962721786 0.4603030790565234
0.6635979233748782 0.6558088153452211 0.6742236495927358 0.668820804203377 0.6809641477338504 0.6487615880497499 0.6303890990996154 0.6071509618930527 0.6225366730457981 0.6122899649618243 0.5924859763798824 0.6090563884775192 0.6302745523342684 0.6376140683420626 0.6318698550962425 0.6424801784073156 0.6546724630841096 0.6245387695978616 0.5965858587905477 0.6072799983888066 0.6004015056907269 0.5793517233587291 0.5653217698279538 0.5590421653068502 0.5367716376495862 0.5206259063685316 0.49144276685407223 0.5030000407548693 0.49350378316343385 0.44208243595419483 0.44404489276905446 0.42703723254826975 0.4436575857885575 0.4493801230425658 0.4704657160086683 0.4984461117727303 0.4701976180659014 0.451120400458796 0.48525115282934544 0.4649364322351416 0.45974578833666135 0.44596353094051056 0.45765219800442325
0.6905036034922003 0.6669815345623016 0.6637434812951561 0.6749619139470877 0.6709162167668333 0.6485771981481215 0.6703758716880854 0.6606907887031701 0.6082046396318881 0.593189653676966 0.6007324268252713 0.6098492424859927 0.6153904207291983 0.6273641051232046 0.6346402410403387 0.6406533643847037 0.6466499133353405 0.6254625568414074 0.6210074924333728 0.6287535507303131 0.6140430480386424 0.5836276793603938 0.6001096117340775 0.5604067531901015 0.5277622132992636 0.5014287281009066 0.5273299724640561 0.5075155173292658 0.49534108156607987 0.44141159131362434 0.4337815932023215 0.4603483449087071 0.4749063785525552 0.48632946823163525 0.48317047573613786 0.4776564702851545 0.4778942730882915 0.48963384672722843 0.4855010598059898 0.4938412920572599 0.46835389616310635 0.44667895846950345 0.4445691393031678
0.6961809888793841 0.6970087221242136 0.7013321118497065 0.6966110980333002 0.6831141301518576 0.6899846355358958 0.6796121420685088 0.6761635206144306 0.6463160307346749 0.6230098835636741 0.6255923172011546 0.6155466535458002 0.6187628589222313 0.6493962031419699 0.6578925251581765 0.6393109066314998 0.6670671130981013 0.6347467035609233 0.6322195317170318 0.605592339899313 0.6332886886006647 0.6042687887029277 0.5749873747361562 0.5759990762705313 0.5214821890300518 0.5028855714522406 0.5173842223143504 0.5058102501402555 0.5078210536280571 0.45249767806498703 0.4542480546300343 0.45814365184333655 0.4664022200203101 0.48529595263940856 0.492165218419913 0.524912192940144 0.5089890502374229 0.4771779805260519 0.46009373089209255 0.49142967994678294 0.49316217918536487 0.48847536106119255 0.4750693234861257
0.7177836255270705 0.7107171724868806 0.6869166552018601 0.6646398351491973 0.6845836682505455 0.7111370511145306 0.6862250261786689 0.6996791149878714 0.6601570497619126 0.6733840172250256 0.668413939524996 0.6348682248333568 0.6531023152682367 0.6686126127583092 0.6614771503569861 0.6581746917422658 0.6806435360835039 0.6500956808711775 0.6494036271460017 0.6287980224996244 0.6271036371736894 0.6323979662216187 0.602925196059402 0.563156205444657 0.5420031099855803 0.5305016528690534 0.5020083664117128 0.4936947543027798 0.49572623437164165 0.49534125513740257 0.4964932844242036 0.4814268308541448 0.4846961771971553 0.5199799379518877 0.5167364876773859 0.532203063560416 0.48465189026956795 0.49390204666906296 0.47287367832715366 0.47072418526780735 0.48506828810650005 0.49373014081755834 0.4749867667884565
0.676828360484639 0.6750247908126042 0.6694955542815093 0.6753319109055583 0.6988797685683356 0.704817047018746 0.7134171562288559 0.7235819561896422 0.6776819485173968 0.6964741651431315 0.6886116840497416 0.6807857050100943 0.6871836284770985 0.688621928105687 0.7046272978482292 0.7199801055510101 0.7235461148176769 0.678058313690546 0.6504745809503383 0.6234766644601131 0.6132077174654083 0.6071589526555149 0.5957525559769572 0.5750795370317839 0.5660365854873559 0.5122346796872461 0.5218016066377009 0.5358559102155109 0.5064732237987573 0.5392915532553133 0.5162265307351257 0.5156398913708728 0.5065155936306425 0.5052910410971204 0.49141608630268785 0.5235027240247953 0.5200588473362803 0.4864293822340955 0.46755286561855974 0.4806772045064169 0.46746100612217245 0.4562849528361555 0.46910809154786937
0.6869976046461267 0.6622741694943599 0.6596690742589186 0.6411060157497523 0.6756372970416191 0.6737428216511884 0.6943963228662295 0.6951004370939657 0.7148753412087779 0.7261069240976149 0.7135121007372324 0.7111643106384002 0.7305811445131912 0.7370919667890221 0.7107325546410624 0.7308298693923893 0.7332283058649589 0.6849905312177356 0.6605764727412166 0.638534532964664 0.6461455509413727 0.5930817125165799 0.5887831494311336 0.5618844468410332 0.5655899671349388 0.5562628578578046 0.51306052436639 0.5396787649499856 0.5081753610105623 0.5423533232426 0.542561058392673 0.5242650584366776 0.5054733495634558 0.5103078069018716 0.48402802359500485 0.48834275768327845 0.514567372258886 0.5146283927964875 0.5004437022735327 0.506407544271363 0.4877105901172032 0.4723256757126409 0.46424702160585357
0.6906870661840828 0.6721064993360222 0.6478172990673932 0.6419723248468225 0.6787072830601205 0.7020008741790017 0.6727582215225734 0.6736793663205388 0.7137869936517719 0.7326493949126022 0.7392007478988639 0.7334794699774508 0.7343482264060064 0.7401655991925598 0.7535182228542685 0.7333491921435664 0.7102842872840134 0.7146522045318183 0.7004515875630777 0.689663820093574 0.6453692087359952 0.5994851808313345 0.5967154979052054 0.5701119778411888 0.5751448216545482 0.559366441039231 0.5211299483437807 0.5255156859865657 0.5009526751800165 0.5114672050093011 0.5222477011775115 0.5226742400489346 0.5053898499879849 0.4939228371248134 0.500755594450417 0.4982111080855386 0.5160445627249061 0.5143473235165604 0.48872004973921385 0.4827684050561743 0.5041621888028082 0.4942997896999759 0.4618238746009214
0.6758293546713937 0.6680969251517556 0.6659576679647936 0.6656152823380971 0.6474082615646416 0.6785638097445804 0.688603999163798 0.6910733566929379 0.7243774170782932 0.7364156192692944 0.7083626505410785 0.7397469510215535 0.7263385678168496 0.740584010390384 0.7503057635706821 0.7516149272237143 0.7251090221380607 0.6965414086713552 0.7023889075764329 0.6670443293932544 0.6335598067935948 0.6182474693359166 0.5854246925301526 0.5759524999756324 0.5736833621847817 0.5406294379234843 0.5367525880736 0.5462117313325214 0.5355758662513892 0.5212137590554599 0.5357790663701988 0.5339939545295941 0.5248807315404475 0.5305698833790983 0.5349239719521782 0.5173540844590204 0.5340711301107914 0.5250389647132199 0.51453352643967 0.5061285841226527 0.48960865195530484 0.5162707032407111 0.4767673036248515
0.7103717607978833 0.6900757711923715 0.7084034818000703 0.6740178566762357 0.648995234586644 0.641431769198066 0.6845726293658596 0.6897427906886852 0.7039088655101815 0.7213324155884958 0.6859424381868601 0.7144761647754299 0.7555398774142806 0.7464346313356788 0.7489644669374652 0.7648202649377596 0.7496694854369614 0.7050849066524456 0.678842110512417 0.6935267955334938 0.6641042817046393 0.6097255830427551 0.5813403421250757 0.6123919097916039 0.5748672688845522 0.5734409807494905 0.5721182748944464 0.5350732746423644 0.540754713339916 0.5712366859366953 0.5457245684832908 0.5335260215377056 0.5231770908432529 0.5425515610288292 0.5364687965269627 0.5525723458598515 0.518066248715463 0.49116851648790194 0.49031371380828764 0.5109708877615223 0.5067329751854297 0.5213498456169405 0.518361865358839
0.7584036824698488 0.7313383928060033 0.7170791209531724 0.6652108781454298 0.6506942215693188 0.6781041671786026 0.6716025833316102 0.6798294362767473 0.7051719202614241 0.6944857553428431 0.6829015942316023 0.7168098365417928 0.7525978872158706 0.7366513415793824 0.7658329453072682 0.774976524688109 0.7561404070491073 0.7302884096382322 0.6937155754517276 0.658316329366021 0.6455088774583608 0.6348821690127462 0.6007059225564185 0.6240331917495698 0.6251132447843222 0.5888388583345234 0.5801417560063056 0.5793867228177009 0.5892785312259079 0.5752039014023272 0.576331428996097 0.5589908469298723 0.5355048673850626 0.5722906195874317 0.5792797518321692 0.5717647974316099 0.5465409551154645 0.5379806278256458 0.5249023356856606 0.5052180251466676 0.5310535521431622 0.5330785914038549 0.5084055964887941
0.7582513348286339 0.7545190250288765 0.7215090550456517 0.6934557412542284 0.6945833072314461 0.6782965463237276 0.6909202592100653 0.6568944821905166 0.661397937677883 0.6645957610033726 0.6973481068818119 0.7138281608038127 0.7551257182106055 0.7528353793715893 0.7647527086027267 0.763724645321467 0.7584968642223028 0.7503140993264059 0.6950978944128924 0.6610194837651552 0.6428969363301671 0.6042121012216656 0.6080217627522627 0.6010286209116018 0.6195228676585453 0.6358384652868898 0.6049870554847313 0.6139842496604355 0.5830638330155979 0.6001337036161885 0.5702692279720093 0.5614089386788589 0.5676035304225144 0.5535482523925983 0.5843587504818745 0.583050393251339 0.588714901765317 0.55514308691505 0.56106625367068 0.534325511577354 0.5379083552624204 0.5377762318072555 0.528153834183654
0.7574378436221207 0.7628057006150336 0.7191063026096035 0.6779594985202336 0.6770228920759291 0.6662543954698117 0.6828128060926812 0.683404026144481 0.68408181494879 0.6689723202659368 0.6955014315823289 0.7267121193282484 0.7268030797567371 0.7406601547718801 0.7669637653260617 0.7676822095801649 0.7701626873644771 0.7493966959059416 0.7091272377241483 0.7110858958887027 0.6779219614515144 0.6599244651180296 0.6636169577045319 0.6411360453294861 0.6611454289064825 0.6539688102073234 0.6235354957414417 0.6080620268200124 0.6084064011843037 0.6012366222439248 0.6105224692020152 0.6006037276612557 0.5719649088724108 0.5633453092801001 0.5727751556026899 0.5738716643484718 0.5859695661287955 0.5806833809452879 0.5727213805782966 0.5647050291832122 0.5617152150499825 0.5357788715405114 0.5456488924247929
0.7819101740527576 0.746105913955411 0.6930797450448305 0.6705264110485979 0.6651896855340464 0.690795566354323 0.6798224702248559 0.6955052141158663 0.6691678755856921 0.6812683138427182 0.6770265802405896 0.7215354335710085 0.7205571247455859 0.7183475273191097 0.7494490105423179 0.7669782435475947 0.7516137861501093 0.7254308976477204 0.7254701229050139 0.7113490663284785 0.7171251029677836 0.679744077158039 0.6715812845120933 0.6910514546919988 0.6472583486432344 0.634079764251053 0.6236096904132605 0.6228425404589852 0.6225477059171944 0.6265564670837835 0.6160625504566156 0.6395955806858585 0.5883320357499655 0.611880650370618 0.6165408353806882 0.6086442568284293 0.6152586349090757 0.6164035536014836 0.5965237431192905 0.5602766335013684 0.5867153122658143 0.5739878927068373 0.5305102221513573
0.800929667033638 0.7601689277709573 0.72340175542787 0.669442816187904 0.658831922549318 0.6638477644775193 0.6818189025785198 0.6866483809167062 0.6886041636092645 0.6979258499930467 0.6717747681090446 0.7046916791992345 0.7108543508929513 0.7317014285546056 0.7480564426281396 0.7728575647514043 0.7529629214634539 0.7298829688902794 0.7035371392782179 0.7375333166090818 0.7185306426610161 0.7262528188198316 0.7253239792680801 0.708191309303019 0.6839676898391006 0.6693237022690374 0.6350565534428001 0.6233415161333936 0.6582486170118317 0.6349324333206806 0.63910421910234 0.6192981298402247 0.6151669638608177 0.5940517785931634 0.6085354703448759 0.5946736262201384 0.6061966052599888 0.6007552035156775 0.5871518339811903 0.5826474999509992 0.5885429806606335 0.5467629727214942 0.5290263543377695
0.8156387295868677 0.7545862205978232 0.7453535429378095 0.6877594329571955 0.6536598963257255 0.6687176118798955 0.6515114709708629 0.6571520018406568 0.6500093304466037 0.6710974871494274 0.6975364037593517 0.6914275635144551 0.7129364204563605 0.739117929168664 0.7512377138636852 0.7436955021149356 0.7199968934154339 0.6955514700817356 0.6985508049639481 0.743140354169718 0.7212070768031906 0.7272022872978297 0.7096144878594707 0.7236071942040434 0.6973313973994982 0.6653598697326982 0.6666967734268049 0.6584520999620749 0.6772578437052647 0.6528373046288933 0.6483934624078166 0.6716545091972292 0.6367695362845408 0.6195173105692557 0.6026109666028447 0.6078739153909 0.6242930706125753 0.593711591850266 0.6103127497342961 0.5985750500641877 0.5788896553592029 0.551617630649407 0.5495957863557969
