Raster_benchmarking/continuous/raster-423.asc
NCOLS 100
NROWS 100
XLLCORNER 1743168.3559569712
YLLCORNER 5469277.7638815995
CELLSIZE 10
NODATA_VALUE -9999
[rows 0 to 18 of 100, columns 0 to 42 of 100]
0.8502024433752352 0.9029584153137659 0.9322071622959919 0.8998017188381364 0.9546185834270918 0.9416423106652873 0.8954819480327056 0.9071762192681192 0.8771507018436786 0.9038034213884696 0.9205131264415393 0.9172011226035146 0.901391389575203 0.8416565301847839 0.8913785970781122 0.8982579834438652 0.9085239085988663 0.8959066740517281 0.8542430209968056 0.8102375979419602 0.8049749973638501 0.8122430317852933 0.7985044892345301 0.7687174306936146 0.8116947982852913 0.816859777410498 0.7799564720053713 0.7109256832857136 0.7167392443156533 0.7000962088509306 0.7128348671997288 0.7547381818120938 0.7311498316293422 0.7310986050607309 0.7897829235952419 0.7951328943845539 0.775460421518818 0.7652560406241365 0.7784621641485971 0.7596581415466954 0.7170492537149856 0.704223560256643 0.7363841937989244
0.8695946911983845 0.9083139985059688 0.9197765529432741 0.9403786557492716 0.9396222842959681 0.9513754316348414 0.9149019541131745 0.8766545539202028 0.8751302276163935 0.9241370290517122 0.9081887891601367 0.9189056237903324 0.8764635313744401 0.8469627119938766 0.9012880971127843 0.9272978070972488 0.9368565519300733 0.9025710280325827 0.8516091294541192 0.8279185435108093 0.8260127516226812 0.7871066210614752 0.7832927508129295 0.8049659579823095 0.7735702079695816 0.7821693138972466 0.7520665748414074 0.747255468179716 0.7159206492089997 0.7011458086443902 0.7210382038198905 0.7139540728388659 0.7326285434100245 0.7372988802633821 0.7223756358466561 0.7283588773038912 0.7537138602824416 0.7314928642807358 0.7694634545310064 0.7338791158281096 0.7290564656528075 0.7022091572041476 0.711139932873241
0.8155323916044284 0.8773210933444936 0.8944239179815479 0.9357738901338698 0.9132637756758128 0.9173924687728748 0.9150941253488105 0.8725018435756648 0.9048615678538665 0.9123453957782265 0.8890192393252173 0.9132270783443799 0.9251733230666231 0.8733473582338791 0.9055997289744611 0.9460887125004204 0.9450958912478155 0.9302995318703977 0.8468729469764155 0.8320122762109888 0.8091086159165455 0.8110726830562063 0.7974296409084216 0.787784088295451 0.7626888545870883 0.7782224366049726 0.7812718302959502 0.7425923806591544 0.7436432823908399 0.7353300827940057 0.69610848791044 0.6627223447990045 0.7016783495327833 0.695922785471735 0.6717602232164057 0.6698392983940742 0.7263633128583196 0.7261157019076129 0.7241431595636278 0.7182343703576022 0.7196470743383304 0.6621917108135209 0.6648022643273315
0.7843445431087409 0.8396943823448663 0.8458133352114723 0.9056486807763716 0.9370186097216398 0.9000205133256193 0.8844359653600686 0.8782429908871799 0.870509741248332 0.8705067772955051 0.9064423498142087 0.8907534031460845 0.9336399249338504 0.936524949268463 0.9068064923288305 0.9061139036012056 0.9154045368839173 0.9144569930367993 0.8814340086606113 0.8316519430571236 0.8288206764458835 0.8175524963477311 0.7847734237996593 0.8089799538949493 0.8105162120756944 0.7778373595147298 0.7591279526933818 0.7863226835813172 0.7433369808238237 0.7292849447363929 0.6940175514688501 0.6644614500462344 0.6511593582175953 0.6825078648820132 0.7021096036186242 0.6801067214822389 0.6936704034307519 0.7121786350373653 0.6901080225901842 0.6780545514591271 0.7017373755383112 0.6818923405728737 0.671595278693157
0.8206153591000973 0.7932974723142048 0.8385873490719149 0.86111999534226 0.9077128691948882 0.9498026861242541 0.9028714227077433 0.8849069129210406 0.895492300587664 0.845127367330132 0.8768615034934852 0.9041298042879432 0.88927894476617 0.9376452603610225 0.9313304601884383 0.943867042006675 0.9521909394460663 0.9296408148149877 0.9152483211901516 0.8855570277057214 0.8585600604230025 0.8350779165523682 0.8112373170512304 0.8075192172008465 0.7970623665678757 0.7783591603592951 0.7720879029064017 0.8001584996041278 0.7786826582255993 0.7268051649129044 0.678273121491917 0.6878950950624015 0.6854508613844942 0.6489423809351818 0.7039995147596745 0.7061151724153651 0.7312383228804726 0.7134744654825661 0.7135848514509239 0.6869883708663062 0.6860583703577124 0.6606011118369098 0.6754517611365869
0.8089155339953357 0.7943173232180543 0.8552992434574025 0.8778173758032629 0.8781488349686787 0.8910029863652312 0.890855425533756 0.8864564987283504 0.874398851389148 0.843133460459707 0.8432862797050795 0.8516690090012142 0.8885113461305304 0.8942662751791286 0.9073972048445159 0.8907985752304692 0.9178146083647798 0.9012959234684823 0.8642510756940907 0.84603101295773 0.8141482918030919 0.7879378893770901 0.8010023472206799 0.7867042814243785 0.8189654826016419 0.7896797411900021 0.7935706466114425 0.8026316043243142 0.7461166233065649 0.7294181336109191 0.7048923994456533 0.6866956930155483 0.6584379029349732 0.6543408282757142 0.6803295764436361 0.7028720168520223 0.7103402831371751 0.7201534604242301 0.7059874053080584 0.6864055564605226 0.7078147362307062 0.6799710396855532 0.7072152584988951
0.8285963461985639 0.8269492445572577 0.861762691083837 0.876185677176065 0.8560652223841071 0.8928680149707805 0.8933725577110548 0.8723629824826663 0.8774524510933341 0.8878184840246083 0.8765006009067002 0.8201943544833015 0.8840189515012831 0.9022003784510689 0.883777035065785 0.8992488153391628 0.9066760503955638 0.8549777167394749 0.8636444596490456 0.8258270511670145 0.8007562308780074 0.7994175267697097 0.8001486500294047 0.8189504101177105 0.7954156767429533 0.7640831726779418 0.7897253338485958 0.7798078071121731 0.7595747200060011 0.7529853205352721 0.7207533198373075 0.6761359164463491 0.6481451596283134 0.6270995371556 0.6767799289957525 0.6671561002627573 0.6691530894435134 0.6638568657721584 0.6964182314645798 0.7388285564802601 0.6882302791850505 0.6855803137517731 0.7255830491921703
0.8227025610178886 0.8235506165031085 0.8379276589213921 0.8514890846117765 0.8520660237942815 0.8987374644461527 0.8847748743657818 0.8794488942088492 0.8739446826644472 0.8702605641291102 0.8706701128082772 0.8372335342119133 0.8715721424336897 0.850962339513457 0.8960804949344808 0.888902482630533 0.8575638742473544 0.860876742914477 0.8511523674374981 0.8205418722220119 0.8186895469334873 0.8142453409603417 0.7822729992229692 0.826700267825849 0.818744106475772 0.7787097141545978 0.7786449486113033 0.7968255395507376 0.7607957527370603 0.7687327560178816 0.713552663810963 0.6757950427819989 0.67447958634204 0.6422987011767648 0.6655560238373094 0.6610754245150537 0.6794676072698297 0.6507374038981965 0.6725623927747649 0.6999201740576964 0.7036142891193272 0.701737541323254 0.7056257426522233
0.8126730207571187 0.7847290207012937 0.7990360173822079 0.8291421886617338 0.8545451426585856 0.8990672445927365 0.9046291391045742 0.917537189989952 0.9025291567911541 0.8652238846427407 0.8421669581545675 0.8493853293831819 0.8627082932539081 0.8153516138276491 0.8461127050805691 0.8947503401637438 0.8681208531750129 0.8253152217152078 0.8394471290859864 0.8570020691614254 0.8344748154835148 0.7873081209160029 0.7863417685697712 0.8231204293513436 0.8061260002628233 0.8196317832534068 0.8205704411447767 0.8040827220309044 0.762957311523726 0.7396512165420932 0.7287112467230095 0.7306621039240526 0.686615731357167 0.6670649194852059 0.6864339144946776 0.6589189696102742 0.6811672818125083 0.6830107501015998 0.6900318143702608 0.7111515378148273 0.6915431951033976 0.729162465971643 0.7236768084239397
0.7533889757243162 0.7865889975377106 0.7626291210799777 0.8146524116619867 0.8441471216858548 0.8342628716567921 0.8675731565455176 0.8921138844720004 0.8943356758691122 0.8812924941013528 0.8680567903699512 0.8876429526523354 0.877957178933848 0.8930387649378988 0.8562423513854771 0.8779094046018218 0.8896667484562092 0.8713532254894065 0.8160687424775315 0.8438713628431119 0.8098218478729797 0.780740168660927 0.7990313183907922 0.8284703060223007 0.8088554279431656 0.7840947515966027 0.7888022015465604 0.8087612138751247 0.777725333217486 0.7338407172181961 0.7131535476986044 0.7238633009801477 0.7053434328517353 0.696150536313912 0.6614797458821006 0.6989295158743141 0.7005841281463683 0.670436714873422 0.6767861248412848 0.7149723901255649 0.6941189920705306 0.7216670511470203 0.7257786868722778
0.7199217663612526 0.7386628731206301 0.736101058919026 0.773499541589828 0.7861619836811865 0.8279248693533804 0.8649378265363953 0.8555021987853805 0.8571293638310736 0.8853598827763959 0.8700901939823267 0.8966415963365456 0.9159256758714944 0.922601629374482 0.9171403605237111 0.8948437169059578 0.8832430280190474 0.8463878557424223 0.8274268444437545 0.8298618247277887 0.804862088517957 0.833735648361289 0.7971238029932242 0.8128592998680569 0.8062176998713817 0.793223131258377 0.7693991610577631 0.7668631273054416 0.7880562130674457 0.7829123230380025 0.7095088316466751 0.7056925353274321 0.7073053287977479 0.7017759392842388 0.6715422826272989 0.6857490948253341 0.69761239184452 0.6850761590095662 0.6541996014631312 0.6787888771554409 0.7048732003693404 0.7299383318062799 0.7150337721395283
0.7273746989982314 0.7568005113984683 0.7321867741374302 0.7401839587574384 0.7517774392473537 0.7969702854493868 0.8295284793350707 0.8351513015520031 0.8822102544089818 0.8588045332800229 0.8957516781872719 0.8895484502355465 0.9162107953456916 0.9386883611807351 0.9068923138545 0.8627761898985481 0.8549667751728269 0.8669776580251246 0.8230534286944877 0.8453872591891015 0.8455085442034582 0.804570795835467 0.8064318510005978 0.8130044787506661 0.7833907517587166 0.7766643404411718 0.7813486731029478 0.7912597157182167 0.7481251652611738 0.7671380573633374 0.7307520484605972 0.7192553666513785 0.7469410453151358 0.7241118766638321 0.6866778845533181 0.7131180440149926 0.7130160706846672 0.6859570978254518 0.6708033449763956 0.6940863071465136 0.6996495103666579 0.7111648541770703 0.6940550674732486
0.686427336697989 0.7357867145967513 0.7272288822286966 0.734280686365699 0.7352833942414051 0.7611264711857875 0.8297264519287035 0.8585927184500418 0.8891602149663214 0.8622677934361591 0.8645663316767972 0.9055451934326642 0.8991187462897015 0.9060583491798333 0.9054277395586581 0.8418459718720436 0.8447530835846166 0.8989925167900579 0.8633790842068725 0.8105177028273531 0.8150128789678861 0.8092154878533475 0.7709122169207373 0.7768688605463869 0.7907246164532417 0.7454277380248843 0.7510806424229528 0.7803295428414778 0.7930563192157628 0.7624428919495595 0.7471662306489358 0.7443940483546847 0.7389414475158508 0.7377264691292771 0.7199103283096832 0.692939918744865 0.7160417369951482 0.702639321719154 0.695052219336722 0.6910333433924278 0.6876137120637885 0.7127195267889579 0.7197218798939642
0.6711880023328987 0.7392031150771406 0.7562740151692515 0.7771388149376546 0.7678091115087957 0.7668255357032034 0.8257917232728949 0.8104954827481416 0.8458337439836477 0.8356372741033121 0.8770788797129546 0.8779179984906802 0.8895618574240116 0.8514700926402461 0.8666593475238439 0.8223253009357063 0.8555632737335921 0.848125879915888 0.8606126345673177 0.8464620959095202 0.8060158263513009 0.775834672957015 0.7748292446921773 0.7874478793834855 0.7737146498591377 0.7967830651171858 0.804973645835092 0.7943402930509369 0.7794931287111516 0.7731922942249724 0.7666098377898518 0.774949988221026 0.7286885080300401 0.737451889106303 0.7430582152681261 0.7145364278515991 0.7160322024058939 0.6960156865367613 0.7154746022116681 0.6792930827292073 0.6708409210352928 0.6911589433600147 0.7004656664436893
0.6525415899306516 0.6942149748298113 0.7753801571786341 0.8079781384245093 0.7839701532011987 0.7970912482668462 0.7902670026145839 0.8174960558907814 0.8387042611893865 0.8637781482318033 0.8465249630589097 0.8376003857953611 0.8552915345980733 0.8443151651019585 0.816264449823526 0.8148767329869527 0.8686027600107111 0.8754270764945947 0.8162744984136747 0.8046018793036783 0.7691832304611936 0.7709138341496532 0.7575216819357725 0.7444554229511949 0.7692076724672999 0.8087279430349901 0.8030604464395168 0.7956701432102126 0.7530468477424227 0.7810188190381883 0.755092729620772 0.7609060766231694 0.7355678237652867 0.7313380727766327 0.7608784149061432 0.7571873044239542 0.7176511571373413 0.7023562752506197 0.6900673243749901 0.6672362971902936 0.7014221301480283 0.7046597574025217 0.7105727251966776
0.6799300048909899 0.7126650362319109 0.7347781460597801 0.7805502511690379 0.8004959494549142 0.801583783360827 0.7919272069515043 0.8318458456142279 0.8648143029410789 0.8895741069820692 0.8447549187285264 0.8544519516295985 0.8511917248452714 0.8459296417107233 0.8302394130439725 0.8456919079340023 0.8343177729598382 0.8260160486046347 0.8004828886029887 0.8080869936518974 0.7785755492094141 0.7978662246306316 0.8016469663368888 0.7938601845089375 0.7624930901350444 0.7751601678297675 0.8000087490905547 0.7834396222252291 0.7562510412716836 0.726069187724908 0.7398313802727374 0.7570935715410207 0.7800245723102227 0.7471402679981232 0.7416215500567449 0.7316047063711467 0.7499458963595114 0.7355593840519502 0.7312252819869904 0.7089108554481851 0.6919131734053443 0.6764114568999507 0.6833583020126662
0.6845022815108704 0.7178911946446053 0.7826765195788244 0.7987147768837636 0.8094096331081342 0.8414030575565342 0.8418598272027791 0.8189807224643266 0.8538505508971551 0.879718682883035 0.8706040909126711 0.8334852951092278 0.8624364263068364 0.8015630842726454 0.8158120465547247 0.8371352988911287 0.8255431922573757 0.8277250195242609 0.7768798218557068 0.7910749927893891 0.7778648947188381 0.8001262169849636 0.788246168380112 0.8203209639815596 0.7786024339560892 0.7850908034227463 0.799711593751149 0.8102181401671696 0.763618190416767 0.7130746147767029 0.7554269784101497 0.7458763388144808 0.7424421850988856 0.7755302812947599 0.7672715696476747 0.7557319378055625 0.7606768855522588 0.7647330266617133 0.7284903478416703 0.6884634492289796 0.6383790406285019 0.6336044050904106 0.6854460290315617
0.6722695275855906 0.7272224016751322 0.7867820721332084 0.8306279790899821 0.8451370888551152 0.8294363576057638 0.84491704051144 0.8213988128819291 0.8515391131359994 0.881485868967014 0.8659190698159855 0.8508351830394908 0.8593423553544918 0.814026942457017 0.8225300550307412 0.8100184455852028 0.8193756292735125 0.8197944375537645 0.7909663476641122 0.8069000464153908 0.7878803613094348 0.7946096224924352 0.8234037411965139 0.8242203960283173 0.8299606564219357 0.7936943163866202 0.7907626531186994 0.7885687106883326 0.7627650813690385 0.7083316263713263 0.737001375025078 0.7647075738239916 0.7386579593382098 0.7407455413123606 0.7797698406395068 0.7794513327687445 0.7585776053015 0.7228215068138644 0.7057456415788966 0.6687120791140979 0.647173735090167 0.6399482346167109 0.6655277791213332
0.689866796738127 0.7116424287850425 0.7462040369615331 0.8341107531461224 0.8392585943456294 0.8595309724843095 0.8272956119090665 0.8393710463964668 0.8682441156921347 0.8684183402048066 0.8596977237444315 0.8603420624383009 0.8377361941738602 0.8415556100047933 0.8619706501980108 0.8114947436241716 0.8008166849809046 0.8090063978924423 0.8057963880201833 0.82655729877252 0.842737258148887 0.8231616447224286 0.8379227735301252 0.8014553875799397 0.819679927066231 0.8307223226982067 0.8212430039602621 0.770368409483599 0.7325300418695019 0.7164058526642509 0.7594927848642004 0.7701213704187352 0.7393190594943009 0.7378106567486137 0.7494143064072841 0.7987910088339821 0.7305151461681967 0.7303982345950317 0.6994431794738465 0.6718957221828483 0.6602929046386318 0.6412111058210703 0.6701521447770711
