Raster_benchmarking/continuous/raster-492.asc
NCOLS 100
NROWS 100
XLLCORNER 1743161.3014119084
YLLCORNER 5469296.029007094
CELLSIZE 10
NODATA_VALUE -9999
[rows 0 to 18 of 100, columns 0 to 42 of 100]
0.8876391486387379 0.9107109750165634 0.9010068239443579 0.9252018751857508 0.9233776189678234 0.9340974084885705 0.9322913136445559 0.9479013691468199 0.9584377460256673 0.9595894317674386 0.9535014394742379 0.9253984609171835 0.9180399952301332 0.8856323518605161 0.8869364178487292 0.868855539162922 0.8495683344919961 0.8449913028347027 0.8053886209204038 0.7617815127739611 0.7262952997345046 0.7522393487772315 0.7344220590831033 0.7161627179771247 0.6887369071676818 0.681898549112709 0.6976816256658362 0.7361315328457496 0.7103886929250571 0.675213860672849 0.6629633595713605 0.6813753444221105 0.6456828030961793 0.687358589833921 0.6636118472370607 0.6388112122235755 0.6266534557011285 0.6284738284876417 0.6541584969443452 0.6304181736432446 0.6135475837764076 0.6547169730192934 0.6671773973938094
0.8872902732015814 0.9156176855435887 0.8796917273836264 0.8645856291126631 0.8804493755948916 0.9363685298412513 0.9265710419456206 0.9698478985064528 0.9609251579539007 0.9432556568294028 0.985277979334701 0.9520528492269416 0.8968253134880138 0.8948419974798391 0.9053531054218881 0.878430239114763 0.8233333994199528 0.7954959471388724 0.8206319300835799 0.7826230434955511 0.7251141664968386 0.7155889465109254 0.705041467224625 0.6772118192018413 0.6372788651397009 0.6370624798725941 0.6780119563439131 0.7200126399006996 0.6910883852575797 0.638213591562293 0.6399451663061715 0.6247229743651247 0.6066142495391598 0.6355629302401541 0.6677824553464295 0.6162276150092159 0.5951252420577601 0.6059886147394045 0.6078330364054074 0.6129090783416518 0.6181873739395872 0.6497289061623883 0.6710366805012344
0.8758309096056219 0.8805595456943012 0.882824245709315 0.8701999210841834 0.8928604765468608 0.9418499920596574 0.9524761231129973 0.9882838074979374 0.9886179019062261 0.9861031385538515 0.9649608113479938 0.9291586065869896 0.9245221257626561 0.8862576362895747 0.918215555984621 0.8915123268196049 0.8166984915947865 0.7908516562388438 0.7593537721920448 0.7444172901456911 0.739606790112253 0.7242062443823243 0.7006859278483315 0.6883192255870618 0.6591057299421244 0.6350949376616495 0.6694756007461289 0.6573633002700112 0.6529425441959188 0.6537367544693102 0.6138348145553674 0.5772475996540773 0.5902817490687705 0.6543903708703637 0.6693053649887547 0.6232857826121847 0.6019802461546117 0.5510140846114522 0.5585030671506548 0.5560293875707196 0.6021385631442173 0.6066654624337359 0.6506456778934098
0.8936461884744887 0.8943845254836298 0.911153467977199 0.9101938805098518 0.9242118121165344 0.9302011462251109 0.9452707377696941 1.0 0.9992769749577823 0.9340227442700391 0.9219670849768725 0.9065562082036209 0.9315123727848289 0.8875364739571695 0.8926937780177266 0.8425685906232211 0.8330978652178211 0.7901686451947342 0.744422690885793 0.7753835679588271 0.7186496339655285 0.7121379855707755 0.656784098871097 0.6399911722219683 0.6355702663272299 0.6452594362511402 0.5974201823784905 0.6433758562176501 0.6271930076292549 0.6148039639105686 0.5965285184613309 0.5703747045123275 0.5856023273824073 0.6332019956381705 0.643065879987204 0.591343736612053 0.5757555622128245 0.5454151889109686 0.5452696416557397 0.522710316227791 0.5203384267492539 0.5397016734610464 0.5553611619740716
0.8867603811371939 0.8784109635848246 0.8763404163798552 0.9055127742193938 0.9085419579061379 0.9038362124654388 0.9393192534748664 0.95801393517863 0.9485730528542463 0.9216351394822917 0.9347950822287565 0.9580784191794143 0.9197696292366639 0.9438757168392857 0.876881907866958 0.8520784359798593 0.8530711648510167 0.81914969524435 0.7880061344924634 0.7778208155200944 0.7202258225749506 0.6990520893755353 0.6798745183093077 0.679469940542702 0.6108727920095013 0.6291095889559892 0.6106229807291487 0.6077351462066753 0.6130254398677558 0.6083971855190299 0.6353145830256883 0.5953003403672843 0.5894540482503117 0.5984711753715474 0.5750983470016399 0.5875022740625199 0.5973655258130257 0.5556012250993596 0.5443995981547443 0.5069145053497628 0.4800984531608343 0.4966582170452134 0.5579670629682099
0.8688820643946583 0.857091930179224 0.8943867516132818 0.8971080811328999 0.8963469693378985 0.9182747663509198 0.9043544112858126 0.9107068036293552 0.9505995987847162 0.9400323656176457 0.9237565667818752 0.9209585844968762 0.9331848795266452 0.9033497370434933 0.894929462002508 0.846166107931986 0.8276327388790735 0.8354166985939229 0.7845373477303937 0.8022464179697428 0.7722737549142081 0.7327214903020971 0.7387868218713198 0.683068272538606 0.6111260266080866 0.6405674297962073 0.5983640848046579 0.6202277912046763 0.637187796721035 0.6237177402315806 0.6337720686396594 0.6466307918727671 0.6541428661185442 0.5828712835303976 0.5824853570879422 0.6107984338000131 0.5876909156007659 0.535124279446166 0.5117203576799704 0.49188377374086595 0.4815659888919471 0.5054070181765765 0.5348161173485037
0.8160853429724403 0.8269651783497778 0.871201633636557 0.8462104180173721 0.9118332265325909 0.9130263226551585 0.9042295296723983 0.8779866308876296 0.9099482702325573 0.9205683563728193 0.9445316412563598 0.9219205136755665 0.8870007364371646 0.8579661110376532 0.8847065451726847 0.8601307920675305 0.8214344798180111 0.8346741480646693 0.7865850982333696 0.7608896277731776 0.75444932440227 0.7520924627817114 0.6956983441285317 0.6870400639483479 0.6286485709623549 0.6331809988974334 0.5937421412504623 0.5770086628111435 0.6168466621847289 0.6388139809277498 0.6158177665273398 0.6263374996380615 0.6057717413403546 0.6176986979909861 0.6322827971003494 0.5746387297957667 0.5915647197338887 0.5654072388162892 0.5198241982176559 0.4871138819402407 0.4534790315786394 0.47071485089036447 0.4665293876706069
0.7539554914706719 0.7929947045224858 0.7956426429068014 0.824294142663316 0.8687914533169881 0.878216546953976 0.8748634498915637 0.8250786661680647 0.8184111565666731 0.8873903605470531 0.8964022883559838 0.8788495703623027 0.8548079710408446 0.8158487415840319 0.8622626832703595 0.8575917165391543 0.8616758742120162 0.870737193026323 0.80448053833438 0.7768106007465619 0.7567035818418638 0.7563116744653635 0.6832592126787171 0.6908468844158211 0.6471311934347204 0.6569571987469752 0.6190229262860503 0.58202670768129 0.5695399398127128 0.6338884266063448 0.6308980263283762 0.6348335656372563 0.6380113952337472 0.6339606253410651 0.6612128325845876 0.5768025821640496 0.5843737559007484 0.5299840623615151 0.508709817781939 0.46282904832720784 0.4503547514212452 0.39897101798430884 0.38527142600554853
0.6906079641521482 0.710588445233264 0.7307441314511208 0.8006594861280966 0.7946530351064726 0.839118669558057 0.7986170280729972 0.8259034857580554 0.825832034242178 0.8243107254017729 0.8502591367117507 0.8629542803064549 0.8125845562480769 0.8072349023005617 0.8045905945772358 0.8435519504472995 0.8690438154642712 0.8603637993576463 0.7965809605913058 0.7916563228644827 0.753211454338275 0.7148260336370036 0.6603986333722455 0.6422115922604402 0.6437761812824314 0.6442537814693823 0.636878463032044 0.6195884503729471 0.5972388819043369 0.6359152689787088 0.6142716812421711 0.6509105877091379 0.6578267677072972 0.65877284427458 0.6093563628528278 0.597374602547381 0.5682120668404694 0.5781680373556336 0.47839392874857084 0.45296833758827987 0.44859037030932686 0.39800361338170853 0.3573216847297624
0.6870947564267675 0.7353486722657259 0.7269644664328219 0.7513060469494816 0.7548610548945268 0.7786671540387706 0.7409540199515768 0.7564793806023512 0.7714745402764329 0.8025425513614247 0.833393158735372 0.8256672000689617 0.771729146567926 0.7922337165840764 0.8059381956000067 0.8483182684535846 0.8504081908183755 0.8109782936622862 0.8023491213341276 0.7851690831186514 0.7720689869474485 0.6933081029946174 0.6820189648671094 0.6456507307195836 0.6303439176463641 0.6202379312445515 0.637636558146184 0.6308469166781144 0.6029915075947241 0.6214137819288478 0.6465931162936548 0.66152519576811 0.6766089458475887 0.6546087746281656 0.6342598480711349 0.5900359371676567 0.6174166394965679 0.5411606354280566 0.4921851035623418 0.4694722680851548 0.3952900665031917 0.3783684255283284 0.35436059343953463
0.654751221359966 0.706173008768938 0.6863488336115929 0.6970741718378493 0.6874070801036524 0.7042454676439139 0.7547865329424484 0.738233346190644 0.7776250124784755 0.7669886768022538 0.7625470057107857 0.8016509292866943 0.7786912503675617 0.738287491047348 0.7679407180487395 0.7742893124296049 0.789069326034179 0.759771752003566 0.7728167706820257 0.7440457380662339 0.7548658255625325 0.7153609058179801 0.6636322498975434 0.654373750902334 0.6655546501733878 0.6560029470559333 0.608599333545192 0.5842188783061668 0.5494748106492671 0.587500765387452 0.6088165280642592 0.6447383249934793 0.6702005795942548 0.6529695948631974 0.650612901643133 0.6239572498727026 0.5962882127404764 0.5297623727589695 0.5193771712575816 0.48807208412143177 0.3959703121754235 0.380616571621052 0.35625550893783986
0.6589806628706201 0.6161986700510207 0.6401932657276291 0.6591106273777712 0.6917872759258817 0.6697103527657343 0.7278112188066559 0.7562778846963146 0.7824174097899732 0.7394654315720002 0.7591543754728842 0.7490835976649773 0.7676119204405714 0.7448380319125897 0.7060818284901205 0.7432924870665396 0.7622363950169574 0.7320384533485068 0.7328936484459935 0.7129540587573222 0.7732921167838144 0.7232125862481994 0.663354448770697 0.6621902117169839 0.67013086345749 0.61712527956983 0.5636934180114518 0.568792740883548 0.5336594520757904 0.5713711899354957 0.6476284219059562 0.666949299647718 0.6383360765441616 0.6155253618672737 0.588504854736158 0.5795597126783195 0.5710169658544717 0.5630008177949495 0.5433106238905442 0.4620621845367466 0.41368784678881043 0.390060081747236 0.33519225019722465
0.5452726537849676 0.5783984530362917 0.601024234078456 0.6458743604980706 0.6169400485881822 0.6589733737789941 0.6895932620631022 0.7180538196825451 0.716861033961462 0.7186148063633406 0.7672810813871127 0.7589878421076898 0.7462648658995297 0.6920677941158215 0.6865661435607976 0.7177676449361381 0.7454728446753658 0.7202349432633934 0.7060456533478541 0.7068190864168135 0.7107312920747804 0.7204056401875593 0.6699985128672833 0.6416553147775672 0.603779657392085 0.5758111860530336 0.5652771381156511 0.566362870879983 0.5551559300939711 0.5834060124853032 0.636144127055482 0.6179139367253239 0.6126464053375233 0.5924997145397927 0.5989547647138553 0.5573185804909604 0.5531271314327729 0.5077939266158435 0.5069446177180856 0.49727759098384283 0.4126309246958305 0.405403205671718 0.3817702601855199
0.501175489449275 0.5395281837390958 0.5678163971253166 0.6029656849864659 0.5852555159536869 0.6120773374911798 0.6831681740387396 0.6775265549595686 0.7059204149964503 0.7366081016957975 0.7383860389850659 0.7239807826396103 0.7290079613075914 0.7129577625573116 0.6650600112819576 0.6983739185760559 0.6754841448048954 0.7077312768760543 0.7092515076668495 0.6685370987590428 0.6834188622673882 0.67704170455124 0.6993747673581527 0.6352441014248629 0.6012792696755794 0.5897668874413008 0.558661495876183 0.5806105195929595 0.5908988527694291 0.6012412134476743 0.5919262292790838 0.5954821151468603 0.5678009978963272 0.5775134208586896 0.5736561459501677 0.5137048319084682 0.501243372495612 0.4878219800310003 0.5005147544157456 0.44445264478253116 0.4295715382875653 0.4359715017441058 0.38876724867025747
0.49070979182157576 0.505282823450603 0.5120413777822952 0.5749368385127527 0.590920040981879 0.6007504716763784 0.6253223980652917 0.6163503852308613 0.6138922001628364 0.6636742678405912 0.6687150259062593 0.6753310824880695 0.6747340168076322 0.6945027631753281 0.6477580247250733 0.66061676142904 0.6772784035623486 0.6515442130156037 0.697183696135151 0.6852570795983833 0.6655325650215049 0.6965011333818827 0.6552005029811947 0.6140357867156656 0.5794887405993696 0.5653941845039215 0.5690465117302747 0.5399905686283287 0.5539608018005244 0.5448738210230235 0.5453190981885204 0.5501925740313506 0.5604321413039849 0.5042652828382448 0.533619733933886 0.5289119510541217 0.5346655025234587 0.5007340719615759 0.46227672759451954 0.4422661668184644 0.4506719203437019 0.4393171996588525 0.46557291203308887
0.45057672333811205 0.4449422227426316 0.4983378102778219 0.5381196252426171 0.5961630420126177 0.5875029841938001 0.5440905159415629 0.5669243230475295 0.5879998976376736 0.646223178611131 0.6549865005673112 0.6379874615463306 0.668573317151438 0.617859886629256 0.5949528035691639 0.5989885314154836 0.6204829617661338 0.6600272661006059 0.6890355111921646 0.6807227670508728 0.696504989149921 0.687874127319139 0.6941041331343809 0.6317225881748305 0.5726025710614235 0.5446130539664622 0.5167047827734331 0.5484638110323786 0.5179806706773419 0.52956800532119 0.4615385947675884 0.5009378184485909 0.5014423488863782 0.4924767538686756 0.4823761957289984 0.5220243555491315 0.520558131619516 0.47225442151874386 0.4782292651307046 0.4642155332330648 0.4765677750902345 0.46464497479035766 0.5076667169303286
0.38378185798648223 0.43590198412231684 0.48450183816191633 0.4819607796747629 0.540825260516986 0.5416945082787468 0.5634597770515724 0.5549361886701895 0.5584274202252311 0.5767014965324482 0.6120604633522823 0.6092117904905865 0.6421899610263271 0.6298043625531643 0.6178004956910305 0.6232910634509234 0.6096462603690447 0.6741384104302188 0.66637078957477 0.7000591288873128 0.6870016511108026 0.6898718395680463 0.6769886015189144 0.6297823380913594 0.5547733293150441 0.5826061694036287 0.557170738642306 0.531192872477069 0.4918270092253432 0.47646275664592425 0.4252139476383393 0.45552665664122516 0.49072026561871396 0.49822810891534125 0.5053771314833462 0.47622597940647676 0.4711554635267813 0.4897621660273194 0.46680801169926317 0.45079510213301704 0.44373194610143724 0.5136829605484935 0.5271137699549702
0.3618551273695572 0.3909869223733468 0.42193109857372535 0.4263194699754121 0.49305926743168693 0.5271534960680099 0.5058127807005294 0.4846229668890211 0.515263921955229 0.5711713616759305 0.5570148701551879 0.5774099024426641 0.595641957303842 0.5968619209982897 0.628591402671913 0.6041394501256403 0.6015369066345407 0.6234623221489975 0.6671115299694411 0.6576266159789306 0.64700948417316 0.6599143003337761 0.6076738063534358 0.5721701907382963 0.5518510934906178 0.5503204993459668 0.5695033589734292 0.49999517744006305 0.44511420141506847 0.47162193566079036 0.4238529408879121 0.43739142408210224 0.46707805540351927 0.46363899235557876 0.504377547056607 0.509896814393398 0.4911892021209129 0.46513056642328643 0.5073588898424225 0.4380896419420072 0.428834653028921 0.46654415079312417 0.5236388209774543
0.39685890773720567 0.3950193322466426 0.43186994700476433 0.41390586208255176 0.4715479953487238 0.4580107818674739 0.4639530963611399 0.47394539110216427 0.5338696625891296 0.5488602301097542 0.5591055514989418 0.5978644474730666 0.6349290912068031 0.6522075530620498 0.6429404461129539 0.6358803913878041 0.5952278485715273 0.5856138112751949 0.6288534039518083 0.6353974644813088 0.5817711044521959 0.5980794524569221 0.60931974587507 0.5883814382779183 0.5752420853784486 0.5446157352658411 0.5295920693793328 0.50597413015086 0.448115391139585 0.43197564452088594 0.42334443176368697 0.43639788365833937 0.44966301263486674 0.4610029394876142 0.4623700758215524 0.46652187192253797 0.48058941101889147 0.45500176251863134 0.45730442191330367 0.44100706091631925 0.44529397591247166 0.48447588743525266 0.51507745808026
