Raster_benchmarking/continuous/raster-121.asc
NCOLS 100
NROWS 100
XLLCORNER 1743153.9137390123
YLLCORNER 5469281.980802969
CELLSIZE 10
NODATA_VALUE -9999
[rows 76 to 94 of 100, columns 43 to 85 of 100]
0.47433514391619225 0.5020019927844075 0.5262935802520385 0.5144215360380285 0.49083712345967656 0.48271616365534775 0.4923430089667518 0.4673603826319907 0.48584117034601565 0.49937058672052903 0.4736043768632532 0.48402717672200446 0.49464123759652684 0.505960206633176 0.534029287253278 0.5151368046307727 0.4791176860774036 0.4822866342140897 0.48040323673818097 0.4378295882036965 0.45063329879613323 0.4634875513628106 0.45908842891032114 0.5015417582962198 0.5453572428007654 0.600521523478268 0.5906286107686474 0.6050381687082657 0.6567882760700413 0.6455326379804884 0.6480626848782188 0.6579316113920974 0.638650709285808 0.6560461185122598 0.6260593820890968 0.5764277994022129 0.5710945953615391 0.569305624150808 0.590382367089976 0.5886237395796327 0.58269115851138 0.5790700490658861 0.615998744886323
0.5090220441012232 0.5373975897111367 0.502623117669402 0.5244594066883713 0.5276005443970029 0.4973629558840748 0.5030058405473098 0.5105645782664312 0.5222564772600127 0.5272609051674733 0.5216449405720028 0.5304496364513811 0.5083709078486046 0.5306514965658438 0.5228781387720962 0.524585946908411 0.5248286405514735 0.485031196300127 0.4655952157893534 0.47392510655301495 0.4399514641078889 0.45905423831997205 0.5032419817673103 0.5503361078811194 0.5848262422611445 0.5846442485323061 0.6314962061295499 0.6013835066605664 0.6086022283602734 0.6224254661763023 0.6274627264174737 0.6544693897576449 0.6542317628894594 0.620779900668133 0.6127526778253434 0.5932594652659008 0.5354133204378619 0.5384984767518829 0.5812797855740907 0.5885339858199363 0.5909011576370803 0.5840762806453836 0.6218772666003721
0.5535468462634139 0.5446201133671438 0.5393010422456368 0.5401061204947281 0.5395841534006317 0.555932676310984 0.5413414543000692 0.5421295480051916 0.5504680342645386 0.5552552196012811 0.5455323113334536 0.5483346496497177 0.5563675005911792 0.5422107771121708 0.5380621336011049 0.5653631820007147 0.5274597104879295 0.5097867398526008 0.495059543811203 0.4726943351507985 0.4664976468506167 0.4819000313189182 0.5157128721926497 0.5567816033523986 0.563140316788288 0.5733016372370934 0.5921138265398186 0.6271391579706255 0.615166812795389 0.6208342657989541 0.603926846364106 0.6141410195144696 0.6121192183645016 0.6191553876624184 0.59812645451869 0.5705237687998648 0.528802885270485 0.5410639293291762 0.5600786481845389 0.5734177027397839 0.5949218393259169 0.5908348201162267 0.5785122047690439
0.5547791171866715 0.5710234390576345 0.5535734219865481 0.5486722928157678 0.5911170108563721 0.5712659771829703 0.5477774578142446 0.5466260635252289 0.5433428843772107 0.566270785710628 0.5649646785728578 0.5377153234802353 0.5563090420802741 0.5837866964087978 0.5958142967308934 0.5632708292491749 0.527976744653181 0.5037940492015299 0.4818961796723847 0.4651986147100588 0.4770554141179795 0.48458486344280277 0.5258652672114638 0.5629565614309361 0.5626586873671604 0.5556030792138178 0.5862557489922986 0.5813435840519254 0.6148907958345161 0.5856352637116152 0.6021287397712363 0.5852028526019376 0.6169181083155902 0.6159317196947722 0.5921878803639328 0.5774929464139144 0.5402361045224626 0.5179088515198085 0.5192472406932186 0.5680054263277463 0.5529033573797972 0.5717722264456293 0.5790952249903383
0.577350768725778 0.5584379088903669 0.547280567377987 0.5592852646051354 0.5663875700480254 0.5625554185603152 0.5476125443420039 0.5569386660038639 0.5352514287788639 0.5252685316549783 0.5713868513027113 0.5533602221208702 0.5435090964334014 0.5994262599968031 0.5833247233178456 0.5762808194982205 0.5504537845045007 0.5589796373839316 0.5314594134250005 0.4910162078343786 0.46479380278488236 0.5031331962069847 0.5112100408743061 0.5518180531896333 0.5550818410124068 0.5794778832112523 0.5707714451733243 0.5839975977875052 0.6019403129831475 0.6004945596864116 0.6147241258863824 0.5990942048014182 0.5782794688018509 0.5530467506345399 0.5649326105270369 0.5675869547993421 0.5621245493680376 0.5272698329538262 0.5409753217780876 0.5290902699211572 0.5204387150461082 0.551580604393427 0.5441816976721273
0.6055147688010515 0.5969964257214885 0.5972842152733167 0.5911468570951818 0.5800212113797001 0.5252069584014871 0.5349952205188869 0.5384045542044759 0.5087119733804129 0.5077665481629959 0.5440608835028861 0.5431818174425875 0.5556650070055847 0.5988991196599134 0.6112208105770128 0.5953878948700636 0.5980540789830907 0.5941673194853753 0.5515649699565847 0.5111802108807122 0.4838894625800641 0.4992930459310937 0.4838230230269605 0.5420754969107215 0.541255562997371 0.5712231012614848 0.5622103740564 0.5890340034647036 0.6136120076563929 0.6051882556288972 0.6232464130327897 0.5740766328499705 0.5635522749657766 0.5370883869201944 0.5297856527790595 0.5274433004560048 0.5230912688999143 0.517247676204105 0.5102361491402351 0.5454662846456945 0.5373407525185419 0.5704131221131502 0.5484906147092161
0.6224822713983099 0.6190702715229957 0.5936075189368346 0.5874333917841402 0.5301291616777394 0.5171297197379677 0.5198724102676772 0.5518288722503204 0.5203433467642307 0.5426834391353323 0.5675519455392387 0.5889996221866262 0.6157798483140015 0.5877384911025545 0.5758642260708139 0.584968740450907 0.5981377620176798 0.5864082909692946 0.5471842706295946 0.5069212445012715 0.4993559323925243 0.506934908201642 0.5259986106433925 0.5305756623124893 0.525148378340193 0.5419605416077687 0.5551897161303285 0.5762509486482913 0.5560083319064174 0.570286452140156 0.5901144761021742 0.5969742807020841 0.5616870114150037 0.5773629164473434 0.5470191975736103 0.5184428827797336 0.5087443134048824 0.5450192389447459 0.5283176713579563 0.5546457765288214 0.5601700854892305 0.5477904087664007 0.5677912830829911
0.6176436931336541 0.5964624851137733 0.5996777200263156 0.5747716548651136 0.518586897814511 0.5176708062587955 0.5229878705726817 0.5270634662113934 0.5732326343191778 0.5978733519800183 0.6054555435156088 0.5884548291818781 0.6434026188968275 0.6216304735294654 0.6017022098835677 0.5678903110888426 0.5977273422739595 0.6059424903519256 0.5729477584721059 0.5280086451267724 0.5131204174948182 0.5336216188340382 0.5607167626013424 0.5654506564262057 0.5291421858274343 0.5495515139386696 0.5590114133250903 0.5729766072924337 0.5282677146816088 0.5715668065717939 0.5824139662165736 0.60211559816715 0.5713902273791773 0.5445769004847865 0.5643932518703526 0.5194155991281796 0.5271368550934468 0.5146829364595785 0.5594408475362098 0.5539600644571315 0.5295315818693511 0.5262395922198818 0.5428657688178967
0.5757352134345921 0.5616939402348083 0.5871428679013972 0.5646835145867066 0.5227913481972252 0.5349803143994769 0.5173703941059936 0.5030747994504005 0.5325514828055604 0.5741952991670761 0.5537679960034716 0.5844857582888334 0.5789632797108589 0.6192584312588726 0.589371465638741 0.5806674509892787 0.5609094309131653 0.5819592484559879 0.5416415322661325 0.5334602962346615 0.5472371292943677 0.542429547278689 0.5817947791889241 0.587296572184072 0.5503041966711837 0.5369574414058188 0.5533524121555253 0.5455433282142768 0.531914410224142 0.5819364192016537 0.5966147284673355 0.5821298845024884 0.5717928288506424 0.5464983160141286 0.566468959526594 0.5499921695025364 0.5473666101105336 0.522775754972025 0.5523281870387728 0.5656707676507119 0.5436831630069134 0.572025685858896 0.5596118275056602
0.5480623285979309 0.5521376332531804 0.537077110294613 0.5525613906761069 0.525533159997785 0.5053765178936784 0.4851190793666837 0.48081525715802986 0.4893057821785872 0.5181823851330232 0.5402464833762026 0.5486295293141057 0.5608616793674781 0.6061329456822486 0.5959306286131949 0.579556293368528 0.5772659811504685 0.5597295800947947 0.5522241908298859 0.5770060568822448 0.5612467721068466 0.5748027498472033 0.5839427315227458 0.5846747660979986 0.5805585006792231 0.5545006434207281 0.532354380643944 0.5314740731151145 0.5682375321550587 0.5548058360779766 0.5847536567153785 0.5558974107993312 0.5704507644195947 0.571291457568533 0.5225583543693223 0.5057160077593102 0.4917174480009195 0.5222986889712866 0.551757646212186 0.5686802342607093 0.5671340479117538 0.5791890895560379 0.5722005932982781
0.5494990927331443 0.5485334018679736 0.5178795557754752 0.5108152154345016 0.5230401730255004 0.49638493037269266 0.4706047937378249 0.47472724336958066 0.4876964478657217 0.5144538965017366 0.5308315005487682 0.5542818007660002 0.5744739285213617 0.6137278589424445 0.5906615278894696 0.5816453260830513 0.5922547323204136 0.6023634878014876 0.5790984989936613 0.598708775295704 0.5965990661092652 0.5681606305115354 0.5954756219622531 0.5706957861984245 0.5600563620217917 0.5776969582595641 0.5651551818647266 0.5408198796474596 0.5782172840582764 0.5798959372115923 0.5976282871321 0.5822884275218936 0.5530275210544325 0.5539714484399649 0.5172326794159068 0.4973817779552828 0.4994256893772874 0.4973400402269707 0.549476118250082 0.5677228092387872 0.5717616057760996 0.5396325938223946 0.5864484775970992
0.5888212909477522 0.5532300256852802 0.561172276765242 0.5265308923064255 0.5096652563386598 0.4800559126463097 0.4894539195926474 0.5208204997374127 0.5025536232945547 0.5314266757915797 0.5822210654347941 0.589435193886343 0.5878893497005947 0.6325021667864735 0.625548980576061 0.6151368335258602 0.5827854008755486 0.6170929694121884 0.6137152423834208 0.5853045133733389 0.5805575241642728 0.5523169836300403 0.5863895520032446 0.547901192736087 0.5559312434219668 0.5485077157826438 0.5720247721121686 0.5905123760762251 0.5879119369086864 0.565442503474616 0.5592680289456221 0.5837302802525233 0.5430118666201244 0.5425701033493783 0.5426198145402632 0.4991819414012011 0.4712369051600801 0.5034466525061772 0.5305462954124252 0.5491417595582948 0.5394041006230132 0.5543933444219104 0.5620432428061036
0.5681376338291511 0.5607725268668919 0.5747185512473402 0.5401965109288136 0.523471485596875 0.49571203078979237 0.5372668895178829 0.5455509763092445 0.5202454702778007 0.5328268389222824 0.5351478809984125 0.5680365291973911 0.6018439957832544 0.6111130967467493 0.6361090077277702 0.5883652955345281 0.5859293379683921 0.6157900467358335 0.5824012577295277 0.5990277282782339 0.5560996808974753 0.5511050494132625 0.5767354929769929 0.5448157129388076 0.5344743011737797 0.5432638405415018 0.5833195355493281 0.6049680874561654 0.6139968286122965 0.5632555340182487 0.5462015380096462 0.5531594636511062 0.5349214384320713 0.5371741544989955 0.5510489932789145 0.5215533612154036 0.48457804070000704 0.4932143317571656 0.5209336636562386 0.5321037430026065 0.5664910493134306 0.5658363303432142 0.5858864759234766
0.5924839861735058 0.563836999473368 0.5873546492836537 0.5615873778121495 0.5201016988416827 0.5337871846765379 0.5572353088514103 0.551152351561525 0.542632927615748 0.5441899165893126 0.546014242555381 0.572305239668327 0.6195180596567192 0.6485859911712647 0.6318356939497006 0.5973991265918946 0.5882415943773538 0.6085360255962133 0.5834724828904879 0.5962789593566142 0.5651065062304965 0.5768969238795604 0.5456371620865522 0.5462782740274825 0.5356139959237282 0.5567217392280562 0.5724840660497555 0.6000301475729723 0.6051099665754274 0.6012664990735797 0.5717797872575064 0.5626370019694973 0.5326735960310383 0.5179399073755575 0.5348848334411997 0.5328737288049267 0.4823228345120593 0.4911266179613355 0.5078256949962184 0.5506143419863683 0.5676388001923742 0.5731450180795168 0.6357945435890278
0.6221075658838251 0.5798764965931602 0.5471879824742737 0.5474566097167022 0.5311538602919569 0.5385354068397773 0.5778841060874592 0.5565808935350324 0.5373841291833078 0.5742029058437156 0.577379502013057 0.6211534654928254 0.6441430747138196 0.6342906884906132 0.6231349154031426 0.6189389540108778 0.6126753210010624 0.6227805487767903 0.6315951153448504 0.6274491735368611 0.6066749443371794 0.5781598718244413 0.5756822174249702 0.5246912489675097 0.5456132328324205 0.5399379965389566 0.5419568505242347 0.5829710546741904 0.6019271095270542 0.5826384191930423 0.5869936252190111 0.5624279373131429 0.5672540213487418 0.5626613755760416 0.5686247821042353 0.5625779634560487 0.551785403083415 0.5596927823591483 0.5404101314718465 0.5592883856673204 0.5869752517617834 0.5873661976439671 0.6138601743302325
0.6210966263200631 0.5821162247164848 0.5697338600713922 0.5864353292588816 0.5765921760778486 0.547893818798681 0.5676128429304028 0.5845686513457646 0.5289230324108007 0.5874650889796804 0.6203961083949171 0.6152293400068419 0.6360560834862364 0.6390209018811361 0.6589639347140869 0.6185764017047142 0.6207716599085931 0.6365873804095459 0.640190689512728 0.6032037729952149 0.6266555669060145 0.5987895016945257 0.6000713377435732 0.5340601701530252 0.4991549509566424 0.5217451474708364 0.5003126926671394 0.5691850115934133 0.5897861425882562 0.5690263692935423 0.5442747057043883 0.5724411278095108 0.5757064033803219 0.5462655681288873 0.5703637034283099 0.5603389189903817 0.5758198176365255 0.5691772953747317 0.575902589249319 0.5713377546446877 0.5988781895261163 0.6099917218429364 0.615589492467488
0.6243694225072881 0.6059573390770958 0.5959738573368085 0.5890771236851791 0.5895680622589321 0.6070151007200579 0.5972945414589789 0.6003511828126324 0.5773467093024484 0.6103335630087809 0.6284234469872845 0.619219940962771 0.6424268402243848 0.660103554247311 0.6776819442153327 0.6622310888895439 0.6332804162953919 0.6319303281079651 0.6086145556723573 0.6154536267647216 0.6276101935733602 0.6036106588415914 0.5866760930189803 0.5696930045945579 0.5202540133572787 0.5285651653606069 0.5332367132451321 0.5543091930378106 0.5584962433569862 0.5603789254402901 0.554804843984905 0.5325439252774837 0.5714094589616007 0.571809566133575 0.536546767664434 0.5598944128694379 0.5580805619739113 0.5539311431760878 0.5565739909186226 0.5834055201291636 0.5954369753429065 0.5904159065258778 0.6002173650673445
0.6622760954232086 0.6208464259535477 0.5961974113023005 0.6221275772058071 0.5795568726676412 0.6064365344699914 0.6300080978202631 0.5953233186528004 0.5917417314953263 0.6124145711942119 0.6187484632851548 0.6523982261609269 0.6766747036917313 0.6585116203947268 0.6667169695748439 0.6712544610669968 0.6271267704033642 0.6110031626688027 0.5779564837117707 0.572763922904079 0.5973173252134119 0.5882129038544698 0.6003104616035126 0.5941239529766741 0.5571169605700463 0.531277653119177 0.5003738746623572 0.5427138868825713 0.537012495356188 0.5252782706447261 0.5611726017025572 0.5390850260854199 0.5282720021131262 0.5257888978292342 0.5202455137266065 0.5120787774672863 0.5586268279241097 0.579742396157734 0.5932281434677922 0.6043704262622895 0.5882674562123774 0.5860451854953417 0.5865819155120684
0.6521561731826555 0.6235177046829464 0.6089737192532861 0.6286986126052905 0.6370044343409804 0.6154363161007411 0.6407681230813389 0.6325040874385068 0.6107776005668009 0.6221067445203622 0.6001308266015442 0.6263377228437671 0.6238747412016257 0.6392387781364836 0.6445208986915644 0.6349133431773316 0.6483504368494794 0.5922483538606084 0.5925021915365126 0.5736100959653014 0.5684593269128568 0.5779765622685945 0.5896919078174826 0.5682157836840146 0.5663216643721248 0.5264954229419876 0.5292757677017896 0.5219552947407206 0.5110095947849592 0.5143619242286303 0.5423179099671963 0.5562982030722176 0.5167424945432776 0.5052070671663315 0.504829703046048 0.5061034549351204 0.5480718167324733 0.5358051206499317 0.5669450179095744 0.5726470409575191 0.5311085805896641 0.549126206688499 0.5789697499643718
