Raster_benchmarking/continuous/raster-193.asc
NCOLS 100
NROWS 100
XLLCORNER 1743162.0360018555
YLLCORNER 5469297.094424226
CELLSIZE 10
NODATA_VALUE -9999
[rows 38 to 56 of 100, columns 0 to 42 of 100]
0.06877814757713557 0.0990245190585097 0.09040606163340896 0.09015136404490358 0.11873263790785964 0.16930157556707645 0.1547107560367643 0.200806033999589 0.20478836180733193 0.2295757175253578 0.2458855275098332 0.2542547872493395 0.3095492638903523 0.33967141384211536 0.3303684037924139 0.33335113906437386 0.382264667725441 0.41703394261669835 0.3958993997191054 0.42060436385117106 0.46563853272509576 0.4600333534139816 0.4910111389210408 0.575478278552978 0.53425613505491 0.5563839192900115 0.5480223547416262 0.5340552749992349 0.5815370181484629 0.6189587431690545 0.661087976778018 0.6944711141379899 0.6803442971955669 0.7134885952369384 0.6896372528598256 0.6495723024831462 0.6877573760222143 0.6856227943055648 0.6855523471446938 0.6387975317792729 0.6330851385588508 0.6695485653026432 0.6539851451556691
0.12174871889606952 0.10523465375964748 0.09678208972392156 0.07464915151513088 0.11015356497995092 0.11206434936020487 0.1450981173177759 0.17196279871793133 0.2073113739453945 0.2184094013583445 0.2529967000286915 0.2789796533441263 0.3104014395303793 0.3109956214808551 0.36389744654784706 0.3575168515360893 0.41310101545798733 0.4035665442162972 0.4067661682642841 0.4136364491470502 0.4232240112789966 0.46537717424120423 0.5158445530035545 0.5533260434857642 0.5381329152912824 0.530131597266567 0.5237571115328487 0.5453928180293686 0.5458517614341003 0.5704063865719012 0.6453680904555248 0.6220096012043819 0.6594480980494559 0.6890828350054291 0.6645634745728733 0.6275320979331714 0.6298523035568224 0.650132026436592 0.611366287772818 0.6278052673215053 0.6592594549161542 0.6604835392202991 0.6238304327739231
0.15013662875917122 0.12900395193524838 0.114362213361273 0.09520142913353591 0.12038896207485966 0.12690998864632583 0.1539550699838564 0.1797697730992345 0.19586739332778844 0.19430728164733715 0.2455248783718987 0.2813094489315995 0.29719051924156265 0.3118737485957907 0.34737401358866477 0.39908848396074187 0.37947404894371534 0.3989233912970148 0.42590762723685244 0.3785223083344695 0.43682730551164606 0.4308157801749675 0.49336814732453355 0.5496072807838525 0.535823128575264 0.5451385988029981 0.5236934886492939 0.5071505821660436 0.5291459617551395 0.5741251440675281 0.6195598055771709 0.5943669230397217 0.6429040336805654 0.6092848988001378 0.5923947945570129 0.593280578081247 0.5931131474435474 0.5989930469964376 0.6002779203333836 0.6304735180236983 0.6315143696440214 0.6068560345357016 0.6396410396251995
0.12392077904852077 0.1422433150491381 0.10887743979150186 0.11328774611213256 0.13080971201774094 0.16038800058044267 0.16089551404583105 0.15946627686370463 0.2008009066271874 0.2017729057222466 0.2192909615917943 0.26457840935246796 0.2860840954266342 0.31716051412822394 0.3279874336147992 0.37961604055180875 0.3880677412874919 0.43316028848757854 0.4110161856509498 0.43508454931588914 0.4152776199771742 0.42877534146676005 0.4639602181122891 0.4775490181322679 0.48062662529441985 0.4744519033974139 0.5018982396938033 0.5003749535813917 0.5127412018425161 0.5332928220411166 0.5833600314909277 0.6068896652421738 0.6149235961637071 0.6178734016167405 0.5845687534243239 0.5734418965351822 0.5767086570668096 0.6172267545930069 0.5747840489195388 0.6025348089783569 0.6187415413563634 0.6272287795737617 0.629790570410737
0.13321655817814548 0.13822694101084335 0.08233538676971612 0.09063869202857106 0.1196889859476058 0.13866941780982994 0.17053935779201054 0.13680303069755426 0.15823250519950294 0.18314677841903984 0.22840685054742185 0.2163936531068168 0.24189564119124865 0.296119031583791 0.33565123262232044 0.376058807660342 0.38309392830902494 0.42968165696803395 0.4016546941354109 0.4356306861432794 0.4161094226544661 0.435571695672151 0.4691485136627283 0.4701538230925749 0.45300914605027226 0.4409071283161123 0.4315534239563487 0.43932890201062685 0.4962293826419779 0.5455201786282342 0.5798179145569174 0.6483862599207044 0.6514754183006828 0.6452984844788282 0.6315192943817796 0.5916373763285003 0.5859510426211707 0.6182840366693841 0.568022299216518 0.5579681727888688 0.575090758773947 0.6315153957225561 0.6323929929971931
0.13915910716517846 0.11131581295534695 0.0916629343284662 0.09476112662483757 0.13530196025256225 0.149100633789972 0.14715073828779604 0.17477185376184085 0.18104917539031742 0.1994144895359587 0.19375311266539877 0.24252334595640498 0.27175601428747476 0.2939570713531743 0.3536075682996631 0.3729103568369274 0.39163390431939754 0.4020572905815743 0.4397924301607213 0.41485105849723497 0.43049300148944397 0.44041374166896874 0.44871948070704465 0.47809129682025026 0.47398133576374474 0.4535524583216886 0.43629547348509695 0.4512908866826038 0.5248204777669957 0.5349794634333316 0.5729615007518132 0.611848345741092 0.6397349945308972 0.642021602414321 0.604225871795888 0.5922549356040336 0.5950914405901546 0.5934145285866756 0.5875059348066674 0.5809176380351865 0.5938541656848358 0.5901138256023251 0.632597709762574
0.15397424842668772 0.10425828971553415 0.09972822157786329 0.08015324957971134 0.15151058503828913 0.17382879549775704 0.16300995676110333 0.16864815659295365 0.16443532388953513 0.18390897181801372 0.19348847382744114 0.257295596821487 0.25022186963006066 0.2685182092942824 0.3006919864558881 0.3650918402780559 0.35755226288208575 0.3929989508279908 0.39528728840570954 0.42370247691268437 0.40702140589127844 0.4158148313883617 0.4510505884079748 0.4493745193228025 0.4837418658616131 0.45807272764333873 0.4776549562820677 0.47182851363091394 0.5285312111753482 0.558798428352567 0.571080332374346 0.6202565870580923 0.6251988144369447 0.64947697294637 0.6173294237225501 0.6049999236571232 0.6370497135968913 0.6373387029850922 0.6320021050873039 0.578253492856712 0.6014872521678548 0.5962920467422204 0.6023679014520859
0.12955899534653229 0.09712238622736982 0.09328013636069857 0.13008403532440796 0.1321403637508841 0.14408139060477798 0.17318527459591723 0.18333900272883458 0.19387752108487527 0.2163312627247997 0.23014613725965088 0.24310336050089398 0.22575068650230407 0.24727562675628673 0.29614044269070267 0.34947738703528447 0.34869513352210235 0.38509110127220925 0.4043422986088168 0.42643218576948205 0.44858525654621495 0.4238667143456871 0.43624977254404795 0.4567703721354753 0.44412352303410096 0.4842042473876231 0.46576589398018026 0.4690575148815233 0.49880445265809353 0.5090713950079724 0.552853270731616 0.6012193112738078 0.6328360166399445 0.6485486941160922 0.643498196154599 0.6322934976659653 0.6328621967476306 0.6469306828330154 0.6244698802856867 0.6052804825832219 0.6164045406968054 0.5927114214057787 0.5958135239800143
0.12591951120977543 0.09098913691942673 0.10273694645619606 0.13210276417495903 0.15794959207603157 0.17401106820516446 0.19465004559595056 0.1941525260276943 0.19616496323102603 0.19030716611092516 0.17548196443307792 0.21689039745785454 0.22975644726087985 0.23238674371694099 0.2682850751043297 0.32941455704742506 0.36141093617645703 0.40691040754393054 0.3941104887910662 0.45745877875140933 0.44109060691129154 0.4265454692598714 0.4199365942584297 0.46136523455182266 0.4626930290389228 0.4733795032442989 0.5072469758309102 0.46908061380218846 0.47585085010976597 0.4973857329302685 0.5603113915485555 0.589925603254569 0.6223254297498229 0.6266272356456093 0.6352384853077847 0.6377990291474303 0.6561341815883918 0.6915043607595656 0.6702712071785645 0.669657640810254 0.6360608497222546 0.6060247107491986 0.6130128556404931
0.14180385182154517 0.16338508993795525 0.1459477877167808 0.1452281685208685 0.16785510591335828 0.15818817808240182 0.1508000296933448 0.1695542241301456 0.16924652461260573 0.1885713066315279 0.1717978859773328 0.18103589987436652 0.20406355129996012 0.24254575657824376 0.25885028643806557 0.28536176643764616 0.3476042467141245 0.35997567049378915 0.40205494841493766 0.40242423692139645 0.4226227770781443 0.41159827418567435 0.45307890881538065 0.47155100254450266 0.4787216853511342 0.4884055535042369 0.5127077389866156 0.5174752405835773 0.5015448324985322 0.5344653780247615 0.5757186410881826 0.5768380028292589 0.615194804040117 0.6158423290832507 0.6231875222307554 0.6145374512453115 0.6531587740538223 0.6525794095436899 0.6475450150035844 0.630812010045587 0.6234541757936046 0.6412262783404911 0.6375794511437919
0.18502544018662878 0.16517916549704817 0.17515777613010605 0.1969544581277036 0.18591224677039767 0.16096963768660696 0.13530865212843926 0.11494203167134631 0.1765610648929994 0.15151656673910976 0.1646977710086787 0.1886782660504714 0.17878489929798655 0.23214713917700436 0.27767573330701384 0.3033195962843673 0.30544400303902075 0.339959658830904 0.3646899377105815 0.3507991813244703 0.41909179173921157 0.4155436695203748 0.4702612000566013 0.4880829086934169 0.5177863190480473 0.5197904574034702 0.5025710026039929 0.5366971199331303 0.5050640051064176 0.5405779764059593 0.5601343976280726 0.5781942315657351 0.6169033535791951 0.6087896016775489 0.6095625288355752 0.6205484427765835 0.6521562446001318 0.6652460443849997 0.6196257171011308 0.6273219636919667 0.6263191843470032 0.6728034834624059 0.6694770406784353
0.24337815494540588 0.21790263185117198 0.19820637478328648 0.19690009921891904 0.17734614446300775 0.13562558870514646 0.13195588295239763 0.11252348610826914 0.16518525260851402 0.1469548990988369 0.13940050708759205 0.1564050441588906 0.19460134696893294 0.23611416866033005 0.2899811338181765 0.32522752079251877 0.3390052834206419 0.347221189744314 0.3144633927078778 0.3561211587036201 0.39125747683164636 0.43161459250350476 0.4526441002161084 0.4930491203047697 0.4843674685603479 0.5074098473060532 0.4980159798301005 0.5056664053035982 0.5435520411313373 0.5737056632221726 0.5607388303071371 0.5919378282474488 0.5852627701279548 0.5916190041526557 0.6004769327494872 0.613331838471617 0.5875424953558759 0.632346507382577 0.6030475944971332 0.6569195623143369 0.658060534118556 0.6518446643812098 0.6648077913593295
0.27784809149274986 0.27090612444051193 0.26033784980732616 0.2596708305469165 0.22916437676450957 0.17078648404414673 0.1645715684040664 0.13824644721269894 0.1520952595630827 0.17101236210437526 0.1572243750233704 0.13205650444998457 0.21323999148142453 0.22187036551101819 0.2956243480260673 0.3385295918152231 0.33973238255645016 0.31031465461739954 0.3275018641412689 0.3537343545047492 0.38233966348295134 0.40919302872627156 0.45876320663218156 0.49131788910941865 0.5018345025149281 0.49327041834101876 0.47896970921779414 0.5163881642912659 0.5399996779906919 0.5551073739758279 0.5274285567457206 0.5754786266215388 0.5601724905546019 0.6034414528138672 0.5698435172903599 0.5392768172270667 0.5681744816847559 0.583364555057746 0.607037533673482 0.6358515530744915 0.6795152620043894 0.6745192412810104 0.694183808772576
0.33615561460163257 0.2749812728160482 0.2881111562173238 0.2622628543090648 0.2570152024799385 0.2091471213555671 0.17490305347080212 0.16121271357069936 0.16054974817825263 0.1964878548740212 0.20517708209761643 0.21600382607269814 0.24235052555603617 0.2788230859377158 0.27911928079686876 0.29708955673564186 0.3519077271374475 0.33750149698777765 0.37194545230318216 0.3759650435558887 0.37453772137142355 0.43354443305822027 0.46422177741545717 0.46697246980407486 0.48554549819458864 0.4998878380533589 0.5037244386336931 0.5207929722829419 0.5027096738612011 0.4963049630216794 0.5240881182904573 0.5395383225344699 0.5574866185530046 0.5917751335681627 0.5632605058603911 0.5008866755407921 0.515731240316342 0.5514065706809531 0.5802535120928358 0.6013878443184831 0.6720078091033548 0.6451714066050627 0.6539763714650908
0.3553400092507314 0.3138208991133732 0.3020813547432562 0.2927558896643884 0.2538840915303192 0.24724094730723936 0.2356761213003845 0.18249086121805835 0.2044055586183413 0.20645962705427504 0.2270985084470681 0.22993890346647733 0.2782718374631174 0.279962647494661 0.26744299351143624 0.31040505250053574 0.32745463819048687 0.37218454673742046 0.37441639368932444 0.3657526863382126 0.3934671532610588 0.4491090750400284 0.45130618101429637 0.49517332380486345 0.4959707237076827 0.4979764338017831 0.5037147738862808 0.5286990258524208 0.5017882680668384 0.4869637991053697 0.5086386336715107 0.5358235886965365 0.5490438867457882 0.5331619145516162 0.5375452274056767 0.49257090165542816 0.5001379591203872 0.5221885891156592 0.5548221316285924 0.6150262300137626 0.6453386189940573 0.6581143045627872 0.6445706924168284
0.3543407977833497 0.3243240757546997 0.3175015322115662 0.2977975123080102 0.31397068739871725 0.3054007893081521 0.2714028873341003 0.2653261153217173 0.23631430200279452 0.23609388738374298 0.24092773781486476 0.24377451492670896 0.2605258720931811 0.298138239455609 0.3013206126592456 0.3189959175846696 0.35098075570971626 0.37393996614459835 0.35216622356506244 0.38210184025639815 0.4254102431278333 0.46052450893588653 0.439255112655293 0.4317134760676197 0.44369009362007916 0.48960219978456376 0.466988277918468 0.46504682518440144 0.5031141927891389 0.4815347636389888 0.47328677907303107 0.48061420434560326 0.5119283481478942 0.5471944058528204 0.5543626287949587 0.5362595367737822 0.5499204990139487 0.5550281340259191 0.5853201085861958 0.6085269890936805 0.5948959501305374 0.6325763445069887 0.6291359394921362
0.3995564001317174 0.379444798621858 0.3535023446523062 0.34055437267408795 0.3413771838445817 0.34734814358864485 0.32318899110194116 0.26109412041037444 0.24943269981556673 0.2644922295478682 0.2500221571094303 0.2192517287912744 0.28855331246501936 0.30880201943216334 0.2898700471255669 0.3022833712964293 0.3677740806218963 0.35789541635564465 0.3809954759837537 0.38770593499658684 0.38488554656551416 0.4467369441239196 0.4146175291811693 0.3863867116924875 0.40504553026430806 0.4412225970992808 0.45308353898127035 0.4660035260979394 0.48097211893874353 0.4716111543112664 0.4798674190062087 0.4792919050718374 0.5437650177305426 0.5625504288822175 0.5358167124465621 0.5271207535137326 0.5674141073140048 0.5840253625329177 0.5713693094248725 0.5558878644164655 0.5868836584045729 0.5649101583966015 0.5890723457153629
0.4215618201076282 0.3628930458588006 0.3793707671654824 0.3838812756765485 0.3758746236212035 0.3482850854287478 0.32505602214947266 0.2796156113804288 0.2766423210845508 0.24793103159919885 0.21836686985434714 0.240413539981089 0.2763747319321872 0.3100230860028717 0.31383370469362315 0.32289022901445125 0.3705791619954406 0.38880866152814836 0.351969544631148 0.39567729303002286 0.3816186990227513 0.4077462453319207 0.39621851074404574 0.42356888497069384 0.40089422284817805 0.43448958322131265 0.41345044125433933 0.4072636128412294 0.4537835865843875 0.46750337671789455 0.4513232071669317 0.5090619273550748 0.5481648762495693 0.5788660788973544 0.5887840702566781 0.5730498695981666 0.5531830914773845 0.5472408446897218 0.5662727147996874 0.5767704435830481 0.578605819878527 0.5851750279737288 0.5938944622445814
0.371478345961916 0.37522897877076156 0.34136100325912844 0.3491627416193204 0.3469237456215565 0.3706402729849724 0.3251663117515129 0.3239900854009158 0.24866489413353324 0.20568395413154775 0.22717917972355986 0.18683391496070054 0.26878874766060434 0.2904680205145738 0.31638770669786703 0.3399110806780672 0.3803155808394265 0.3889499757294111 0.3475297148090607 0.3608122841843679 0.37522804879322275 0.39591103900491353 0.41838993525933366 0.4221435007768438 0.4087034855427857 0.40199241471756814 0.4018030939054168 0.3601056301367671 0.3932902569296891 0.4146618455025569 0.47620261010768256 0.5349765522863625 0.5756238504662032 0.5767952588074938 0.592039701698422 0.5991399600572932 0.5733097912605253 0.5456996259782597 0.5951923484643119 0.5662574982016484 0.5734255623890807 0.5730581918216788 0.6056809398018848
