Raster_benchmarking/continuous/raster-193.asc
NCOLS 100
NROWS 100
XLLCORNER 1743162.0360018555
YLLCORNER 5469297.094424226
CELLSIZE 10
NODATA_VALUE -9999
[rows 19 to 37 of 100, columns 43 to 85 of 100]
0.8392173562696358 0.8347771342494975 0.7811086532663953 0.7464307674601096 0.7438903263497811 0.6894135969319198 0.6839385337637907 0.6529295702540204 0.6507664760789916 0.6691715250359465 0.6763399503708755 0.6715054501644461 0.6559742061056072 0.6062071426695869 0.5570477250116017 0.5643598502756141 0.5133507466201409 0.4713843605335105 0.45758639933138323 0.4863852567355263 0.4803120208204413 0.4625587787943717 0.4467109521714998 0.42152554420133803 0.42509220167792355 0.4498704948735825 0.41031394662017606 0.4284757816771585 0.46020749299004093 0.4687903958911078 0.5103659012657487 0.46961014408755375 0.46005034056823635 0.4311472748528079 0.3962382845360711 0.34309422672699513 0.33353687262071197 0.33382412332648786 0.3256333827338134 0.2946702620270183 0.2972203957402988 0.28927681982099795 0.3038377219047032
0.8369986314639736 0.8404738315688443 0.8051210713166346 0.7726551146049905 0.7805346181415957 0.748333874195816 0.6933624838734647 0.695736499680624 0.7315867132691234 0.677267922353764 0.6955183358271794 0.683011109477207 0.6253672355127389 0.5691903869112599 0.5456783151960373 0.5408275976499922 0.5125857876346201 0.4809428151814259 0.463796511571877 0.48987957138179367 0.5059099874102204 0.5079720892778019 0.5029131978188031 0.501521801507783 0.4893878283266202 0.48918683310222016 0.4590272001337654 0.42586963087194 0.48264912048929354 0.5060158401855347 0.500056533291693 0.48238401682069754 0.5007278307282691 0.44282748396705207 0.3821455260687668 0.3567534668208689 0.3406880131925739 0.3096735835739896 0.3236258546819218 0.3235043562000321 0.33068503630130247 0.3028666950494024 0.3054533069347702
0.861536837806231 0.8195285030975372 0.8146707501595636 0.7654134791030309 0.7695532965104087 0.7548298865845201 0.7300640110018976 0.7146741047656731 0.7357696913774782 0.6948120566340102 0.646991613667325 0.6396984143733478 0.6261286300560691 0.560422985316791 0.5506103665452942 0.529114839808913 0.5193282185459478 0.4819629303692392 0.46373309754303366 0.4842896753213208 0.48876762456868283 0.48660536323826503 0.48748056749010316 0.4856947718235458 0.47960950240382766 0.47370769251815825 0.44015025339045816 0.4356872621508159 0.45992173510189177 0.4758640813013799 0.5071523738953999 0.521560517600817 0.5243287801393277 0.45952719507226525 0.4126958153096151 0.35619280027395817 0.3353727828310186 0.3272969995569627 0.328771482394812 0.3340378145579031 0.3589121448849338 0.3177492521874274 0.2791251203241115
0.8385996435699762 0.8087006263578835 0.7888383873439039 0.7639274646165621 0.7750467294569604 0.7654771053658813 0.7638276766479146 0.7653652351121677 0.7372032851932752 0.6995937308327168 0.633181997647401 0.6037171129757652 0.5849307044786561 0.5732077424696608 0.5248064786000651 0.5414531247522121 0.5165111315191798 0.5141612963822234 0.48192760490735453 0.5110377614863284 0.5236461461459935 0.5227119939391869 0.5090393527220142 0.49105679098853894 0.46009272503499943 0.469420938712268 0.44326308783977086 0.46224581671322 0.4399505681941013 0.46312250676719663 0.46710730200197614 0.4929956446431096 0.519252073951418 0.45654145592384854 0.4116703594256487 0.40775771781916686 0.3565312910543012 0.33702229500930136 0.3420993048360482 0.3330866508713443 0.37243147278075983 0.29935037674584525 0.26199493632255105
0.8064768162021239 0.8053567542395692 0.7919821479501318 0.7791025868068276 0.7796426806183255 0.7705183446411036 0.7467210258231493 0.7573702963489326 0.7479816586337292 0.7201853904217262 0.6858419731425706 0.618282782955193 0.6148218054557283 0.5981505711765159 0.5421530999829716 0.5177531828645541 0.507486907230041 0.5253568340545418 0.513104450321781 0.5284049720625724 0.4984372738906658 0.505616573677553 0.5054985528832898 0.4503459421242148 0.42536729264820894 0.4548035407626542 0.483947933886354 0.464173328197042 0.47501819683712965 0.44789403154162494 0.47793785730791116 0.4790983523778243 0.5017330852315366 0.4935555383798845 0.46736183320987484 0.41344094038924656 0.38070536679349315 0.3607931348278684 0.3619246512168222 0.33835782414770554 0.30492814106936716 0.28152036073630116 0.28051827887307884
0.8405987410914424 0.8238374517038152 0.8350269890846151 0.7758858186800951 0.7272338729828814 0.7398733058577023 0.7164751223654421 0.7609978129026365 0.7360341891893263 0.7433844415709929 0.6886500415356788 0.6743403232899712 0.6274277926194276 0.6339247667379035 0.595939408252529 0.5340258275240103 0.52846457866008 0.5424831063449977 0.49515822510210433 0.5298753278203526 0.5445140675388682 0.5299499726260517 0.4538001726397371 0.43889879985393887 0.4438794056252624 0.47921352187788563 0.4767761806898451 0.4950655686204215 0.44886720970321786 0.44944206089121175 0.48479127529677063 0.5063721461979365 0.48781839283424366 0.4822765421311636 0.5037039241927085 0.4699340607975903 0.4258662439117781 0.3981965727517967 0.3526731715492651 0.3437937994066535 0.3057259975350704 0.32332499048896346 0.2819489002239614
0.8592508711478742 0.8871317504738875 0.8599193805685155 0.8080776127187533 0.7645655082975213 0.7308790236657423 0.7430308445236309 0.7477995927255587 0.7578832353343594 0.737488081905269 0.7350070553746137 0.678276677665642 0.6755835523351427 0.6439278255797248 0.6132629632924724 0.5518927449321755 0.5232711919350341 0.5244810124112601 0.5225221539024111 0.5348042122384606 0.5488584468445914 0.5204992425777909 0.4937948075650707 0.45956728868060964 0.42446801500683806 0.4560106074446005 0.44430754152362517 0.4952449646282541 0.48593070293150836 0.46444287314359417 0.46608339622408623 0.48926532371275905 0.4687554421876259 0.4678572754416071 0.4777531907455069 0.4434672636680471 0.42959361170663185 0.3726997783227192 0.3758645609922602 0.36485959645995153 0.3149107608703808 0.31484067451095693 0.2858032365197989
0.9045235107879614 0.8638903631773976 0.8632826770136497 0.805927226559141 0.7350680434617926 0.743655543905622 0.7152847461159041 0.7247476256991127 0.7472974767828928 0.7347471076244133 0.7371457254277155 0.7309566010967319 0.7033847856074847 0.6499312103621419 0.5737757962878152 0.5429937903109068 0.5466082953579406 0.522608053487076 0.4987804733708922 0.5462460877072038 0.5686756437031537 0.5594041673176268 0.5250205757106061 0.4692135197871417 0.4279528095578491 0.45342915295462416 0.4554535268965314 0.4748222954915722 0.49777554019503634 0.5120307236976395 0.5094379308929843 0.5045027980754813 0.5321930875894682 0.4986422051439295 0.4451738519004711 0.44424276071198615 0.43033634791749925 0.40161939905469607 0.3613289344776096 0.3473339678929389 0.3533685003264565 0.33963126051523496 0.2625963911125407
0.8725126489587512 0.8387649488467926 0.8021668533551949 0.7853883710972992 0.7430491747338127 0.7676606546542222 0.7242994767761731 0.7202156419859972 0.7221584842610516 0.7148001473094816 0.728664535788844 0.7067313611915675 0.6935410125173797 0.630333646336588 0.5993855665012681 0.604562390410079 0.5575722841482904 0.5108847480245119 0.5255700965692437 0.5012987909960145 0.5296274373722538 0.5184830950927461 0.49709453189848657 0.4817184068116978 0.4875298035428722 0.47397159247344445 0.5191790072190348 0.5320657031695134 0.5179548098453637 0.5367212907823927 0.5432894724977556 0.5316982803336946 0.48789170484583994 0.49448676112053613 0.44178779196602747 0.4520725912877467 0.4302540477877407 0.3841540587192592 0.35281104838301586 0.33664172076758553 0.3481151128238992 0.3299386505984843 0.29418578014853897
0.8640722626431094 0.8562006896921046 0.8049100296880554 0.7942626199967537 0.7586553637778003 0.771081980431243 0.7742722286843645 0.7195322300358832 0.7215476424172236 0.6918876456096049 0.7027672863957263 0.6844941209223219 0.6834545467882074 0.6252909544768133 0.6144293969541298 0.5956340665650737 0.5987326413367243 0.546781108711371 0.5053332592551186 0.503861033688247 0.5340502247434841 0.508562563191393 0.481820411236084 0.4937104743877986 0.46794836205876933 0.4641547612608037 0.5173289779315129 0.5234112433095258 0.5569211982806481 0.5553769567645225 0.5429384831335934 0.501119589925548 0.4830526982422021 0.47949066167690624 0.4428404451987406 0.4342404435616924 0.4284372714615006 0.4125845460603458 0.38543052126097244 0.3619520809772878 0.3485409484841123 0.3472556259722344 0.3631313959496208
0.8384445198891758 0.819831393321782 0.7721107883754513 0.7653925639289519 0.778585843179114 0.7520292762239233 0.7663896869355425 0.7176099467911945 0.6801365296822689 0.664644835645903 0.6511041224831106 0.6521092745944238 0.6903214993800273 0.6662824126894675 0.6390939912211537 0.6210156831632485 0.5813048638198721 0.5131771791852211 0.48264027199562304 0.5154013891149113 0.48044451975007213 0.4670982375701439 0.46810197988906926 0.4695730909868869 0.4970302773695771 0.4988188841854156 0.4998172238067859 0.5524127997997793 0.5484459861403201 0.5325642772630871 0.5345461845351305 0.49910253210084654 0.4833604218280552 0.46999720714965604 0.4294572089425186 0.45270804597512476 0.42927511421434644 0.4354389000876068 0.4133463270602038 0.40561490354541324 0.4103231645046077 0.38323504252650936 0.36369744846167096
0.7823508346050817 0.7432202900032722 0.7410387257329029 0.7705670146389807 0.8010863967694637 0.7771046086511406 0.7631085393143373 0.7059272563217941 0.650746786720412 0.6653032530334543 0.6723599776222605 0.6471809692981633 0.6546935776597723 0.6666012282640191 0.6172317068781793 0.618773382210929 0.5523974282058529 0.5038073196761492 0.492668997855488 0.5101686280595087 0.4742124310977658 0.46683142364121244 0.47479942827689814 0.5030356440731452 0.46664414481695204 0.49255368651533904 0.47772024847692385 0.545270526179513 0.5593785632817692 0.5389769932721153 0.5054797310012131 0.4942433482726282 0.4860073067526745 0.4999027069150711 0.46127377581172824 0.4730090437891391 0.44276632450827696 0.4718137357563579 0.4623081404650196 0.4322838645860136 0.46436471049417277 0.3992002983092407 0.36031104377604434
0.7782128131053526 0.739050761105216 0.7500921445453483 0.746386525939729 0.7628362727134802 0.7667057275082935 0.7259752418585022 0.7264965492865874 0.6969564051129982 0.6773297609569044 0.6742258834039356 0.6760771862488102 0.6454374143555645 0.6444595422974682 0.5964883336820794 0.5929073904883204 0.5904342799129467 0.5360748936747245 0.49516631591914745 0.474411302500183 0.461409178401206 0.48526055412366914 0.5134448623095036 0.4963199642325202 0.4605974979175888 0.47033890225664915 0.47640684838863107 0.5153536475033704 0.5475392723853425 0.5214583670365828 0.4784989357153851 0.4764078747583275 0.4761903945966237 0.47742077549429607 0.47939822577583907 0.443447536074041 0.4791328833667194 0.44698143940378754 0.43699523460823875 0.4420603201718578 0.4272030734770606 0.4088469616939057 0.3859769279659318
0.7176499073833688 0.735367677981711 0.7193287663437711 0.7227244841020175 0.740031453479125 0.7362609620288795 0.7328431287820294 0.7271556226926245 0.6997479659770658 0.6509811761574179 0.6631930259151231 0.6745063172459418 0.6789736067633156 0.6345611726727252 0.6328076054406575 0.5804599134786471 0.5734563405723968 0.5338225568499706 0.4877742196791113 0.5297001317721013 0.517077754911792 0.4881472984036895 0.5017537518813084 0.5140924217992863 0.48062367963959274 0.5143296218939244 0.5372403369473988 0.5243848034830478 0.5400850995358415 0.5210620288094381 0.5046315987136312 0.47429730554957295 0.5033540314822842 0.4659813108837349 0.4382995167200471 0.4443798106900201 0.4800969063909779 0.47540043528665665 0.4537359794437492 0.4546822701047151 0.4184619988553482 0.4238931087316093 0.39647768962304614
0.7287979342716298 0.7274319809204131 0.7023485612598812 0.7327094577635118 0.7312865775554599 0.7226713964737328 0.6985855750529724 0.7187680552592048 0.6694315292228439 0.6522364203831964 0.6334024949387482 0.6817070273997484 0.6879147486377584 0.6373394820646004 0.6243939501774325 0.5661743376897338 0.5461537143750816 0.5606639058908641 0.5622993276167426 0.5533012531154198 0.5648581953778755 0.5296312492568171 0.5010992872403985 0.5392465749901413 0.5220318210420194 0.5316527252419863 0.5141036225833014 0.5249978397900925 0.5405138544023452 0.5421827992866959 0.5080903120038168 0.5028301319046049 0.5188618075071194 0.4650538157228079 0.4602167510431959 0.46098909375590025 0.4723682026273775 0.45018376769344015 0.468451233743416 0.47711564051758804 0.4776546689784989 0.4317690495320676 0.38356721179868825
0.7159386383373455 0.6948106709654133 0.7225285894327603 0.6829133673722378 0.6760765325161033 0.672508996073226 0.6865791212577751 0.6605957268496158 0.6749328367262744 0.6276222755615105 0.6394048342753125 0.676309033742113 0.6605919262246566 0.6403492056814185 0.6121100167656821 0.5549213753391957 0.5441381830302314 0.5403197828173054 0.5714339263301448 0.5403559624245424 0.5587123761631657 0.518773661882073 0.5388363950702474 0.5393562166573502 0.5879427642888825 0.5417334185890773 0.5589622292863826 0.544287413402259 0.5646438995324213 0.5423245821888723 0.46755314562987105 0.4702691690334573 0.5139410416131935 0.45256481813059246 0.4455338268578732 0.4519745193390574 0.40116037587328407 0.4283286531782305 0.4758990561961994 0.4688324235048185 0.48041225352575145 0.41178938206731036 0.3588856896818817
0.7407750133365251 0.688022334749172 0.7080599927091313 0.7089954184524224 0.6836864992332041 0.6768579267415988 0.6701617564645621 0.6282680516737638 0.6494473273515037 0.6384349341557548 0.6136626537435388 0.6418698904180683 0.6289424102840059 0.5811431618058704 0.587170547214412 0.5899302054447538 0.5716787285427893 0.5601280493637598 0.5466659354889873 0.5771953234069169 0.5372616296442736 0.551847406180421 0.5781190383392665 0.5643951630870369 0.571929007277975 0.5819687034668902 0.5553132691718642 0.5519960403945653 0.49946403295948927 0.5017326983916741 0.45983865672574376 0.4577086404159254 0.44303454749930943 0.471139574900034 0.42356350791245456 0.4366809050669923 0.4257143767553642 0.4475041170640248 0.46014225451488977 0.446110395341394 0.4086744331151727 0.38259773063939706 0.34489935073809846
0.7187899140873496 0.6756720183314547 0.672789599161105 0.6837331404240967 0.656108237703041 0.6683009471392987 0.6627763870895106 0.6462952020079754 0.5869540182742057 0.6061287699931768 0.5993008314437336 0.627577388771952 0.5662965766275488 0.5904977534675577 0.5665613283848945 0.617865747789892 0.5882299538182851 0.5598512009963147 0.5631380456761272 0.5504666041995883 0.5476089849870674 0.5380100516448626 0.5896100724423867 0.5486922774603405 0.5338759442962924 0.5369465145995946 0.5526239020880299 0.5016140653998301 0.4618768817097826 0.4663976979062598 0.46441825343573 0.43042278063363687 0.41195125911571123 0.41987283058197566 0.4032324281182988 0.4234052370258968 0.44469672077920197 0.4148778988367654 0.4074959819067419 0.4222099504437972 0.4093540590932765 0.41130910004181703 0.36919957874576903
0.6982442216264063 0.677292554221058 0.670253395645697 0.6372788865181267 0.6472919188621754 0.6064616723228097 0.6257176162139815 0.602397160917096 0.6241744793228531 0.6232280722053147 0.610830173898499 0.6154532843082517 0.5736715688583668 0.5809259034840012 0.6086225343285961 0.6187159440780445 0.60566149537252 0.56033741502413 0.5858366131964801 0.5819379468145393 0.5806318676655569 0.5696127057699825 0.572362907435765 0.5662538288216759 0.5686850027877324 0.5292831503506971 0.538981371280711 0.4675607160145984 0.4838198627296239 0.46644521783268783 0.42250394926289553 0.41996938053380006 0.3927060939249704 0.38409750237159046 0.36771687946649667 0.40109681261251623 0.4293356238188807 0.3966669830365783 0.4131762848913539 0.38582079912458683 0.41506986840335736 0.40256888925206197 0.35470809661504166
