Raster_benchmarking/continuous/raster-370.asc
NCOLS 100
NROWS 100
XLLCORNER 1743154.5898839568
YLLCORNER 5469285.145937302
CELLSIZE 10
NODATA_VALUE -9999
[rows 38 to 56 of 100, columns 43 to 85 of 100]
0.42448027019395934 0.43433849312343414 0.45671607088496263 0.4466063518679966 0.4447301834084957 0.461072265429826 0.48689004466690555 0.45916879254167087 0.4906541952540095 0.4973640091967953 0.503239054946976 0.5058514728468964 0.5228527163739919 0.5069668278866785 0.49981611594403275 0.5281224047683343 0.49273158657456584 0.5075822789915353 0.4976051489415291 0.5433508966627607 0.5590016283482268 0.5707549795542957 0.6072148542308682 0.6284661503953743 0.6358854610360997 0.6440588721919805 0.6515090614708088 0.6256394804419012 0.6621758277827476 0.6517059174208714 0.6556260344824665 0.6458229256886785 0.668057516238907 0.6898650209271675 0.7119789060334175 0.6951291823776119 0.7390348248106966 0.7530150663878884 0.7713602518980099 0.7568052291803834 0.7978479398088257 0.8647511995852109 0.8871217048576774
0.43348990079226546 0.43186770268659347 0.4669514873755217 0.41627793885573344 0.40285818874540247 0.3998551623800038 0.4290812709817776 0.4066799136324085 0.45104670600614627 0.4470172221912503 0.46956519713223627 0.45486087822356047 0.48524504206601793 0.4641858959537215 0.46173068220864943 0.45724992778348705 0.4513545101639628 0.46247950420574485 0.49195765655649637 0.5160914624692607 0.55857214210033 0.544009188697512 0.5817178697666537 0.6078588762655946 0.6026083235094609 0.6045854289779306 0.5913305463369561 0.6010305692078085 0.6446682706466206 0.6340440449652746 0.6128665420728646 0.6202955307462326 0.6480351010205023 0.6819907519281551 0.7087913473944722 0.7034022033360579 0.6993983681900267 0.7314032263758165 0.7222773555826604 0.762159474536465 0.7965266621933426 0.8546548275109241 0.8591510560144027
0.3940547839547862 0.43080853225153914 0.44300193631157514 0.43753213597616186 0.43374832499042726 0.38709256972713874 0.37080566110711255 0.3808052438980855 0.4180860990982363 0.39760818077108834 0.3878554747411366 0.40568023492720334 0.41645215346452463 0.4518440160952186 0.4234085000530703 0.4493133567842117 0.45235942152046676 0.44002707031871596 0.44367135195513646 0.4771199360563066 0.5169270778074535 0.5518902531646557 0.5700685682225558 0.5813572167707434 0.5673187815595435 0.6041842746543461 0.5829763939195963 0.597728002834211 0.6093534221696925 0.6029011334594679 0.5950907353711713 0.6059941341052701 0.62906297948058 0.6625629539141696 0.7057398943763513 0.6972773433709395 0.7027055843746752 0.7032421858276386 0.7532332811832613 0.7986020195747564 0.8362762836612597 0.8351052490079689 0.8473808750265616
0.39016879479467653 0.4174427416587401 0.44346395890202817 0.44133533055803303 0.4332325993567356 0.3728124834020161 0.34752394493270666 0.3450756015711324 0.384561250130324 0.36672980267624994 0.3612411270971994 0.35934386974322674 0.3714747284971523 0.4213677099566194 0.41194769793252844 0.4083214094380076 0.4440882863067747 0.4560110995012586 0.4443302305777665 0.45433497831654535 0.48830386366058554 0.53500266818024 0.5974319657324092 0.5595604491793849 0.5758157083109593 0.5703425964588741 0.5605643830384814 0.5982119933484102 0.6046713900360091 0.6217748393436092 0.6187103777821905 0.6209531885946724 0.6355841913056062 0.6570899599139245 0.7176233619722971 0.7235101332556245 0.7246412308289397 0.7521956598450457 0.753462181583649 0.8150214747418283 0.8284515795250712 0.837073667905976 0.8660981885050748
0.38745508149847935 0.43350073604615813 0.4029615059014709 0.3996806955151198 0.40899581196672347 0.36492492382997876 0.3402172179048497 0.32781063829331464 0.34503541511829755 0.3612756560983229 0.36103906840294975 0.37002080685481814 0.36625684017271287 0.4010011234558493 0.40186045952285093 0.41529638574924216 0.4057360004982026 0.4227277275848854 0.4285134856590228 0.452820020073908 0.4951917253318394 0.5200266805365557 0.5331151484648119 0.5585514216894313 0.5915111345743633 0.5623570822441627 0.5645507083970649 0.5823419269483403 0.5619139578929176 0.5756905529079741 0.5997710811107009 0.6342879868463103 0.6385968967763832 0.6544788710701276 0.7212806723065063 0.7193606955164994 0.7577345426027565 0.7500413437189292 0.7933653176170715 0.7949741465887467 0.8112568440008742 0.8354653592269309 0.8659720379353599
0.41703124607874065 0.43672933972161 0.4054147039784072 0.39672237246477193 0.3990558336969961 0.35342583644044323 0.3129873874219932 0.3288141087150037 0.2950106912272438 0.3420626767511823 0.35602552491788964 0.3706835154160346 0.3623471715611283 0.3682317862454851 0.3634947187439233 0.37125060469920046 0.39444160685690677 0.4136593622486518 0.41460038120007536 0.4662261863236818 0.5103638617119955 0.5197322413635803 0.5403614473444274 0.5430414276834234 0.577449041237494 0.53668565033459 0.536150676061309 0.557983490504297 0.5391751695625768 0.5718255726601398 0.6032137749424462 0.6020518633521845 0.6164680555453813 0.6355306586914181 0.6995565478950246 0.7100062542490347 0.7637440591198054 0.7554374048243032 0.8022448057375917 0.8187139444194338 0.8417025860595801 0.8487854077301552 0.9010851606616507
0.44620771690682354 0.42034193993788443 0.4246434041503835 0.38394496169065945 0.39727072074747255 0.37419067796738664 0.31226651486499457 0.29241716428619297 0.3028859984431978 0.30917034892437784 0.3515998007426776 0.3532814342253421 0.35632995888694396 0.35944679902102683 0.3390621113284859 0.37559751452519574 0.3721198250535004 0.38392399973193314 0.43268133613004306 0.4677706479556706 0.4989415985215346 0.5035132862787949 0.533894839180393 0.564873814027494 0.56306931041233 0.5396810834505885 0.5458724453349679 0.5236551569398753 0.5569773331004394 0.5381729308718585 0.5898756656596522 0.5874306881754633 0.6144140372210636 0.6431013932742294 0.6786803744577227 0.7341383608884409 0.778814167171045 0.8000595862211772 0.817195958575573 0.8169635923261992 0.8238614711155804 0.8623079209099316 0.8966966716363132
0.4285114756897925 0.4327098794970006 0.41081726140330993 0.38479807848818826 0.3687006906756311 0.367511299317833 0.3300456807353225 0.30578392328369425 0.3106456215799154 0.3135796184167189 0.29650802751254945 0.3381321734457576 0.31978799208883846 0.34896653029004676 0.30196449979277956 0.3686168825510989 0.3534440946307565 0.4113909353699206 0.4319144953779533 0.454838425269059 0.4993635707383287 0.48640996239675666 0.524378628263474 0.5561778850170247 0.5397694898847192 0.5402759604100653 0.5176134941957955 0.5187018034928962 0.5354305015689874 0.5740181655899224 0.5585034050018189 0.5615943979092991 0.5963853361808733 0.6430361619447535 0.6807944259318242 0.7109759772209625 0.750997538469405 0.7848694534385815 0.8214293382107734 0.8297417763421079 0.8100938882487836 0.8283696252646947 0.8407254143438059
0.42599630142637746 0.4279277111500195 0.4248477277526384 0.37892464918612534 0.3651950821454616 0.3519835753327849 0.33568415653761263 0.3375978980553685 0.3474058007931919 0.3268170191162344 0.31512047494477524 0.336702223358965 0.35015160480270335 0.3260994909145222 0.3538705128787463 0.36818743714432545 0.3708957864288407 0.40925981340788814 0.3999841500033876 0.44749550701719804 0.4630580579824535 0.5075399985920759 0.510740957171196 0.5237548674154888 0.5048556794475679 0.5162873762883142 0.5235865792751294 0.5498823036107677 0.564138276108591 0.5873967431685797 0.5972501004333495 0.5791166670451836 0.6115720475749329 0.6302309895083359 0.6924675360549861 0.7085041439095779 0.7370138576708615 0.7912119477915825 0.8240963451824187 0.8043643884085934 0.8200742242159398 0.8652835766712886 0.8843961907646744
0.43286057873022377 0.41229343777900423 0.388877569501778 0.3813970961179577 0.37944634899055796 0.3740050073826496 0.3615614981809906 0.3488781792867871 0.3348246255743292 0.33753326010381196 0.319294396826141 0.35473927647823605 0.3415703574699857 0.3619530400672183 0.36051110656710555 0.38580036490254216 0.39433682887003213 0.40376914750260734 0.3975521999816813 0.425256512597126 0.47164907087806396 0.45109129819524163 0.4612415547271436 0.4800132483561703 0.5002261383273858 0.5240770929933378 0.5440823592858902 0.5692145650574504 0.5863425125636063 0.5872459080707646 0.577105892563052 0.623159514043487 0.6359580938197509 0.6406498945615184 0.6661966211016362 0.7185483669869623 0.7806346973567919 0.7868831628411127 0.8000069801570849 0.8269855849941157 0.834052328014399 0.8562062563098821 0.8885143835561536
0.41158355414956826 0.3868927431753531 0.35159825676561446 0.35773898335031057 0.34158725410873375 0.31633292237615823 0.3385683424386017 0.30205031733151827 0.2931547479768319 0.31484674874702456 0.32593456391239223 0.3362237245523931 0.3334447901558772 0.3570291497382665 0.359536620443586 0.34404290643789104 0.38394045961756873 0.3687434985387473 0.37478948839584536 0.43835484206894954 0.47133120631904907 0.44449459516372863 0.4262745595038593 0.45994377657025065 0.5168556754333731 0.5122782309209147 0.5249715253847276 0.5425293169418426 0.5883390766713229 0.5814540102951525 0.6190900915343088 0.628548906917009 0.6435171189864323 0.6621344886127071 0.6961696864508852 0.7094810411671355 0.7512938693212461 0.7900356490115481 0.7963140664596429 0.8226415607304531 0.8338285286580788 0.852327590594767 0.8439461361805075
0.41478818429535746 0.3751874739036743 0.3528295697910887 0.3494399429876701 0.3009570628761094 0.33368911066938567 0.30775147714502066 0.27758903726204176 0.278066017821559 0.2785648207342037 0.2914072982970625 0.33235080807076806 0.3520025122522435 0.3588746996744909 0.326756282823291 0.3389261343898971 0.36312669055597196 0.38568516337375636 0.3763702553042405 0.4251924837419459 0.45216375700087397 0.45943342116945773 0.43452734371541746 0.47043664980842065 0.5037369681987838 0.48241776947452775 0.48005936729018084 0.5208248869656082 0.5972514660074553 0.613701436169472 0.6322039729034454 0.6260365990259281 0.6152901880945872 0.6472758709796125 0.6619642058129863 0.7031965060390675 0.7791449265982658 0.783391800183229 0.8414738902659348 0.8289454649387982 0.7962532759129657 0.8068118784065341 0.8391723290995179
0.39257919630764676 0.363900981901554 0.3281121228946407 0.311639462099311 0.2939201645172551 0.32299288202537485 0.28622558932856434 0.3027178082049609 0.3057568485685815 0.3028442004100182 0.3246084345126464 0.32614162488325704 0.3617724706999124 0.3529898674717843 0.35801298990128283 0.334836077176404 0.3524398032997795 0.3796478373683917 0.40889462850714464 0.414589629391977 0.43309976641905706 0.41592130059200183 0.4105477488449902 0.4555800236231077 0.47739202530033553 0.48859210339498643 0.5108659501910433 0.5423653896070763 0.5950965158361222 0.6364692607341195 0.6206013241430435 0.6203911116447846 0.62710497078802 0.6608051253849081 0.7114110748208602 0.7172197914965154 0.7555479063359409 0.779186160714396 0.8124634876309876 0.8125489800833307 0.8041609452282403 0.8164472788426193 0.8509979287181636
0.37428866316855985 0.3595914855879611 0.3473280819045644 0.2989442681824207 0.3110996181545709 0.31420467697422494 0.30032584040396654 0.29037494051633445 0.30989687806889255 0.30200034666451936 0.3312821898080476 0.3503669237898316 0.3502986570955943 0.3639899857414148 0.3513353228856022 0.3210009624178552 0.3565536495306212 0.37752558984809836 0.3860876355806409 0.3960185806057192 0.3690710950858418 0.37126034092902094 0.4186412341689501 0.4359733602563098 0.4471581705505499 0.495977759746042 0.497608496919654 0.5328586884478014 0.5766149650678785 0.6178116091826739 0.654129703420164 0.6345743749045268 0.6645282996785549 0.6978404872121852 0.7125694383184746 0.7200001851691059 0.7277311801778367 0.7509976458834094 0.7588036396816649 0.7750391525632098 0.7774837708853933 0.8258687833158115 0.8341628749220282
0.37235045373375375 0.34310039183046115 0.35120543035784046 0.3205356811017097 0.32224929451753626 0.2849493446478127 0.30409267474268425 0.2816804512712269 0.28649347272998577 0.28862384072779756 0.3096420297718303 0.29953761326818185 0.3257343721106088 0.3283059776563803 0.3157508257301066 0.32745325205155384 0.3432398224684338 0.3315260929035184 0.3446896296125769 0.32743010796063604 0.36044814422116345 0.37345601945532236 0.4065484463836852 0.4099098568419495 0.4455893180433634 0.45649669549920263 0.47547220694062176 0.5086055740445169 0.5594192501448625 0.5873582091436147 0.623420326608395 0.6694762242590614 0.69529845662445 0.7001281447134312 0.7279927481493434 0.7318054712126716 0.729505473885089 0.7291603732074278 0.755500009462889 0.76924942598049 0.7900554834683388 0.8075542902444572 0.8182092372651412
0.4187909726297228 0.380355626778056 0.3272310861618986 0.33374207325074545 0.3186084980656338 0.3125992660672141 0.2822706887051214 0.2982296082691165 0.28060480128344234 0.3136308910829215 0.30163495401093804 0.3167627333359413 0.29646455034702124 0.31369084686863646 0.3304402709723516 0.30296482512420186 0.3178903109415826 0.31563588393880543 0.31588167611075624 0.30303893087047395 0.3264220584164678 0.33349622836608167 0.3379103819273149 0.3556185864827335 0.3749048749085166 0.42138802540879317 0.46298353222318933 0.5158546754472293 0.5499117563040246 0.607202687014785 0.6121521551542487 0.6250499158140168 0.6641880327083783 0.6977516555623355 0.6905878642658394 0.6892872896831168 0.7093312780248621 0.7196825087960832 0.7148106463709583 0.7547228349970676 0.7595260656723433 0.7756046754274887 0.7804118660717824
0.39812015724450966 0.3910602297499488 0.33663823430581014 0.34429780303419844 0.3508621562639803 0.3035700483832771 0.29504879267015555 0.31365852852038284 0.3052967582613918 0.31691888063009144 0.3226753898091626 0.29632780307136874 0.33184598491457495 0.32825780852433517 0.31628180780624016 0.3090052423150284 0.31280443985203216 0.31334661197616415 0.3024089883936902 0.29833045803080105 0.34410677224573166 0.3500395154492307 0.3553846103526441 0.34953157614005814 0.39098209896214825 0.40395864486441935 0.4518370022501163 0.5171312552917605 0.5423198170858976 0.6041942085054215 0.5989309166079012 0.6326220565876528 0.655215782669319 0.6621762730069783 0.6756217776732504 0.6937432280325642 0.6874439084633335 0.7165330917927659 0.6889302082305536 0.7075647087423655 0.706112001977835 0.7483144167704322 0.7332235036832726
0.4258620890918301 0.40756952346074876 0.36798841246784086 0.3742150552902778 0.3605375275487755 0.35389567901625135 0.3024405489171158 0.3161404585986841 0.3163478234388544 0.31529999196314096 0.30725374327216254 0.338550648742401 0.3515595530886836 0.3559885808098467 0.35698249002093746 0.33367750132738483 0.3013773996528191 0.30067989563807485 0.28498456777659914 0.3318202131516222 0.3236353646823672 0.35305847477302577 0.32446668114789906 0.3483855146983642 0.3829549309250724 0.4091652243625068 0.46453675400002775 0.5072360430914037 0.5471522928624253 0.5774317006548536 0.6225698673445215 0.6386695680636352 0.5986448629747181 0.6097285997180476 0.6649024386683714 0.6607322093010873 0.6592364596233309 0.70275506740621 0.7059071396412071 0.6845103060626396 0.672974445769631 0.7115321612985476 0.7002147410616875
0.4145997735849992 0.39048317743789623 0.4046359048522434 0.38639701394009135 0.3725630728351245 0.3634436201228556 0.3421585971305706 0.30068370131891947 0.3217962441980019 0.30944135254034333 0.30919137375420047 0.34111055244793353 0.33780656378721113 0.3583453539180949 0.3283134442714129 0.3283348597739465 0.3370108930613812 0.30021616315537347 0.2957965534643973 0.32837017390428247 0.3157385301776208 0.3534921748461815 0.329480440781136 0.3566782211128538 0.4121116279063409 0.4279868517617545 0.4314785497888917 0.47524954710139616 0.5358286484888857 0.5791350165103766 0.5853092491756641 0.6140332108706867 0.5864456984362997 0.602039545939278 0.6134575117819602 0.6410163970639511 0.6416894547237519 0.6525695007159908 0.6740877340720828 0.6701132350100428 0.6645166506248558 0.6782127070941085 0.6771543070746684
