Raster_benchmarking/continuous/raster-469.asc
NCOLS 100
NROWS 100
XLLCORNER 1743165.3244148584
YLLCORNER 5469295.72155891
CELLSIZE 10
NODATA_VALUE -9999
[rows 38 to 56 of 100, columns 43 to 85 of 100]
0.5531494803873266 0.5374172982989499 0.5784310947238446 0.5949310854892487 0.5848028014152725 0.6246292798629084 0.645226241782548 0.6703964200760942 0.6717844139464668 0.6134855796822487 0.6679819899997913 0.6614936228576966 0.6532290865145811 0.6196829730905778 0.6616561437662698 0.6449606170938552 0.6181646461703768 0.6534187881830871 0.6388347647989167 0.6148632421713991 0.5610273108773554 0.5376860942301697 0.44809241125980576 0.4534098751956046 0.4507797933489278 0.46244877960958486 0.46244723053839126 0.4569298186063985 0.41907890466999226 0.394419035765706 0.4187433346275579 0.38891262395964565 0.36347201892311465 0.33591279851057254 0.3592599828533674 0.3490314856110531 0.37292449181024984 0.36036821728718144 0.3275351633006342 0.3763616092587956 0.38167176556896265 0.399633244873266 0.37771847944753234
0.5338470842928363 0.5642581640333674 0.5733690787782467 0.5587449575926603 0.5755178717728533 0.6382888234738602 0.651517789184295 0.6632863141005836 0.6192948147596918 0.6501928505996147 0.6670886653819961 0.668209413872334 0.619246594825669 0.5920136002086334 0.630002717989077 0.6125235460408561 0.6357200759506996 0.6166201870694278 0.6202270778954898 0.6127509850920738 0.5675448108930348 0.5526199097087157 0.4713033015584327 0.46083180893441866 0.4410827780585275 0.4575799243309804 0.4716985068654746 0.4971274718327453 0.46530016886696096 0.4720957920467739 0.43684670803230896 0.4213582337347092 0.3949236871819028 0.3730094841806435 0.3475539642187293 0.3364218285001338 0.36541669598846654 0.3320230686475815 0.31437577638658704 0.3648304982678404 0.3958594606304802 0.39990963370568505 0.3406189759566323
0.58376342185012 0.5549972645140566 0.5791460044484665 0.5449579308521221 0.5741627929843933 0.5976554267673384 0.6479717379448329 0.6210811673534167 0.6137215851841044 0.6082558580947062 0.6138650269338884 0.6605017101564095 0.6613731989305845 0.6310547092269566 0.621358681632513 0.5528031050773055 0.5734115230575708 0.5765197649113025 0.5748728401856897 0.5981843342213896 0.5727683984082705 0.5084823816766804 0.5269615438444117 0.4645240743923733 0.44478802112064025 0.4401819024792274 0.447506951434113 0.4821188686791049 0.45225315880776373 0.4595541879246244 0.45368099094623876 0.4170595413026183 0.4114934321842425 0.4081792486428533 0.4100201134212746 0.37227716458884463 0.30705175421542474 0.31752194377026116 0.35445924079462515 0.35498749072845015 0.3662883464116107 0.3833626007563356 0.321650377317012
0.6232272753199173 0.554151493632589 0.597822060868717 0.581120340062081 0.5601812336482551 0.5805579961409107 0.6263696910703552 0.6362121761989298 0.5645919912912515 0.5993490420934972 0.5885617588852284 0.6499907127091359 0.6786063545046253 0.6392583532735381 0.5558435713722374 0.5420893653028075 0.4997477272417255 0.5275882232010161 0.5639704065282133 0.5437251004822572 0.5747264867377755 0.5669540315450202 0.5532537288046585 0.4881559249799984 0.4877802061257579 0.4854379870186814 0.430649117682188 0.4735123050540765 0.4708383336783513 0.4526202468861063 0.49178662466528517 0.48454377782688535 0.4600375047885172 0.43763802680996355 0.3997065614525297 0.33042477517288277 0.29473529840922197 0.3146358062575816 0.3659195667988737 0.37762667534209393 0.3605394367346277 0.37347400170278117 0.3113873460777036
0.5820795110944937 0.5676804548476713 0.5911850673663895 0.619878762734027 0.582152235943757 0.6217023039404221 0.6051190768416687 0.6089864391428617 0.581931913821957 0.6224625738180447 0.6458058932723655 0.6053551377516687 0.6207419543086635 0.5829671800375056 0.5835748459851805 0.5422946353785479 0.5439066938207162 0.5248484411196549 0.5159864263713461 0.5308090198635755 0.5249808576801287 0.5591562809119717 0.5018038102593028 0.5127006195255336 0.4615354945333828 0.46783318051647876 0.43171252452168474 0.4567496260301148 0.4671640030332777 0.497205041011208 0.4638027694158463 0.4770269651233999 0.47408960115589416 0.4191795687389192 0.36167958090316515 0.3020455356037359 0.3263118737017158 0.34677321301989134 0.38270573618850035 0.38976320632387873 0.3659979750567424 0.3651912611892941 0.32183719447368525
0.5655931615344912 0.5649744485294703 0.5881509270830513 0.6315201622729588 0.6170490153985418 0.6139357804827661 0.6612241746186772 0.6688160457376886 0.6258207550957989 0.6480444927392888 0.6569969712221783 0.5981318258663934 0.5757263864024877 0.592225470292768 0.5372722974907228 0.5753359586727952 0.5390351864664283 0.4997949718161895 0.5377858323959528 0.49751043731327865 0.5485071035123935 0.5104356318311503 0.48151093230050984 0.4504681469123381 0.4778439522693476 0.43020937827943423 0.44246836395616557 0.45623147247995055 0.41636176433152716 0.48129397190820644 0.5050016835066069 0.4893456077216525 0.4545509147955542 0.4201332299511794 0.3486496432040996 0.35825136037973115 0.29496944872239583 0.3485509701082909 0.3748715164179247 0.3790795746170013 0.38922494527776924 0.355987944369496 0.33079328021278515
0.5697057016198473 0.549124548207505 0.5535844660127572 0.6043822118625295 0.6086075945727555 0.6205541091996142 0.6565279798654277 0.6527782696988601 0.6770121404743831 0.6724500705539465 0.6161465576214996 0.5918397288784778 0.5873490099018547 0.5926217435778296 0.5687882564462274 0.5507514956924728 0.5268559443022294 0.48709335746110954 0.49538766153361563 0.5005382204443687 0.5067347536090864 0.49815565351337987 0.4995354058020656 0.4603570379613649 0.470539928739118 0.4625656813158679 0.4159384766102631 0.4280946890841855 0.4396251444271577 0.4946816724937988 0.4936116789442298 0.4732720021004762 0.4435315646496578 0.42241629522525237 0.3890079947175795 0.379608208599338 0.32660085141250894 0.3348840043925492 0.3679217295035594 0.35656753214161724 0.3708235879161698 0.3403475766235176 0.3329456046695148
0.5752163195947189 0.5510017593139915 0.5740094294881859 0.5970493553624409 0.6579298808372562 0.6092658607623169 0.6303561273887451 0.6530975937464119 0.6769212506092394 0.6491726152551698 0.6383872722669274 0.5721594194692168 0.5968400160116318 0.5796443738107402 0.5414959555287574 0.5337733972038623 0.45701249904221436 0.4811845064945951 0.49303841281036825 0.5038333514223318 0.5176247838316254 0.4882447954815938 0.4305543034752051 0.40435557384071585 0.40621614652315174 0.4280953533294626 0.4582621951072114 0.40439698600785023 0.4281924480262964 0.4481410321435596 0.4982186731117176 0.45745658691328606 0.4616499645159518 0.4406848933742601 0.41128456051130274 0.37604804565897726 0.37966594389470454 0.34911916167287416 0.31746387772356527 0.3253784768209331 0.32010007024783266 0.36406780728328764 0.35688342256861266
0.531581296536188 0.5301349670183196 0.5676058874508505 0.6276753761181596 0.6331863555506139 0.615962304540351 0.625077926095444 0.6116025454143682 0.6346208397390899 0.6160635766691306 0.5644840678257406 0.5836901533064184 0.5936426454592 0.5400986072197879 0.5119667524020222 0.47072970949915205 0.4677154065458682 0.4467284214196819 0.4261179793182802 0.48916334971744235 0.5064391455964092 0.4710878377339702 0.41846377894858516 0.4017765386376439 0.44789797492379263 0.4401275328182132 0.42814325738131015 0.3669757230931523 0.4175875574241692 0.39483837146035256 0.44035576594440956 0.4315830542525982 0.42520638414894923 0.3640220690869122 0.3448763468177115 0.34769816253378844 0.32815583665822967 0.36199780482320526 0.323646593518748 0.33246379841271384 0.36053029040872286 0.3409980062812412 0.32548123591251793
0.5289916423616382 0.5374314252256902 0.5333089811938466 0.5641217912989498 0.6280748053231774 0.5976233982733954 0.6366363029387899 0.6334536286070396 0.5962548704113145 0.5600190084054428 0.5322618087851108 0.5265012277353386 0.5311983243183854 0.5314036185248209 0.4760394697073174 0.4718319699552968 0.421553637897974 0.44438345036286026 0.37979555878998267 0.42274631785963185 0.43618576659397623 0.42963140169980685 0.4380896755956753 0.38305133543890696 0.4292668751304602 0.412708240061176 0.3385751699074702 0.36492745374243135 0.34881328355347846 0.3794508846402443 0.39063476968601824 0.3819017094913221 0.36685829183278096 0.3561183447636321 0.3392655367228805 0.3172728628790892 0.3358238656694652 0.34994405517881955 0.3001970153618842 0.31881724058264227 0.3284606889263666 0.32758067538549784 0.33555517592098777
0.5419230625366847 0.5131338184325119 0.5724317979110725 0.5754567770984799 0.5901730557703292 0.558830399205012 0.5536283962478681 0.5574537183657104 0.5837605415804048 0.5451506467367488 0.5643057559004846 0.5492850061708541 0.49998542880249736 0.5204080055896568 0.5044854940673179 0.4450144911314272 0.4119496713001911 0.3997233264929725 0.41143698166710113 0.3921563681649622 0.41912115966415053 0.3735372428179545 0.36137477311495103 0.3769243831424641 0.3781904045708595 0.36750686330504434 0.29563852731968554 0.3145672001225358 0.33030395579709115 0.33159284680454293 0.3220029340395733 0.36203596242858777 0.34657819743678575 0.3519445088322569 0.2901462886238056 0.27647099731277147 0.31044651368661164 0.27334069227494445 0.2862259575071254 0.3388762224556325 0.33440542543721913 0.3239230356627497 0.3025670438493106
0.5458193398052206 0.5149126638671385 0.5393487241494569 0.5054549604238849 0.46856718005877623 0.5234931198974309 0.5264221630948792 0.5238034307675528 0.5550148804901348 0.5183144720504905 0.5187825049481011 0.4858779590538609 0.5115725081511412 0.5017070932286581 0.4630931234901219 0.4151608318454976 0.39346842604320126 0.39109121486950504 0.35629754223916604 0.3921627967759533 0.3486959104637357 0.3274572415356271 0.35365990051184637 0.3912715949359459 0.3707960780204944 0.3105000367429569 0.28837606355968803 0.28700166174602115 0.24997657985565605 0.27674255243549645 0.2631919697170509 0.3113015693234178 0.3371724320746008 0.3259917578017248 0.27698191953166396 0.29081086849941856 0.23730311532529913 0.2664874135466742 0.2579618141973244 0.31191310432465 0.3555959138448755 0.32130661213550277 0.3132038239810474
0.557789828557056 0.5396313400348726 0.4944269191711088 0.4989025671330523 0.5142388674347477 0.46364137608127387 0.5267280686372137 0.5359851413405229 0.5393155495469152 0.5242960791435378 0.5091756089897278 0.4891471975848197 0.4599874137776951 0.44122921122375797 0.4570846252297947 0.4238568081991977 0.45046980492908567 0.4255528337224172 0.4304609466584454 0.3896623791414681 0.3716410870529513 0.338007163800728 0.32933496069649976 0.3447504242164254 0.35335002499577506 0.32159230578577885 0.3162113444176976 0.28314696500175257 0.24960839565998372 0.23302553961963152 0.22912813832340637 0.2431747898627361 0.21733076642061636 0.2205935406058978 0.25953725915880366 0.2529150330945867 0.2531898726647076 0.27281897869042876 0.2520603178447847 0.30303304589450725 0.32901071616925825 0.37874088681357504 0.34827887710165867
0.5675807232906758 0.5318845319983686 0.5073071038564643 0.5286760030829394 0.49987292830990404 0.5038485268996451 0.4683459572770839 0.4834822858455439 0.49619567151872296 0.525381952263806 0.47607583491232935 0.47638168426155275 0.4234270584114649 0.4218937122651087 0.44632432621591467 0.45691031648525643 0.46664563072691 0.4701971927163888 0.46704084731893414 0.4556663368063994 0.42381765682892886 0.37276283250915443 0.35078796038428606 0.2956832084170628 0.3094656784272352 0.25728778493018933 0.29017652772125213 0.24533823190344464 0.26918889262877027 0.22295995652815292 0.2779263945286304 0.2177978642338743 0.18626396024581113 0.21751120708105462 0.20524685246900268 0.21964855528260802 0.3063346198451117 0.2779895389736229 0.29191351424632594 0.32184373111401465 0.4073480299988411 0.39253718282976185 0.3993710121709603
0.5502946363815764 0.5220698427045845 0.5097752563996187 0.48323505000465544 0.4770312156802061 0.4815792672550684 0.4566530101846463 0.42779478888139055 0.48174033703513525 0.49742218902117474 0.4833002849394695 0.4727668032544771 0.41309289213085554 0.4517455278387214 0.43701030333150004 0.47417837258118045 0.4713967339381984 0.4904555814316044 0.4543166546173164 0.45714558191187205 0.4336884196421434 0.38895634275859714 0.36222366478381013 0.2904495698258987 0.28408293008150254 0.23387802100968 0.23398369218996581 0.2578822610039153 0.24688564234717275 0.21989277727148207 0.21280942430723307 0.2166439613781247 0.1643422758320155 0.19961307789759378 0.23989715140272255 0.2431458172140226 0.2841014345170651 0.3210154819705213 0.28420033735191014 0.36835523688354116 0.3566143383659586 0.3778422027883697 0.36850481021812187
0.5811241212871554 0.5140304756501769 0.4766215437978052 0.46549620031814615 0.4020268474931289 0.4674661062379671 0.4503583977799339 0.4446839017157752 0.41549416777897974 0.4679195892187016 0.4839553814974656 0.4574556972182823 0.4362250170597869 0.45320084011906236 0.47972130417802455 0.4872916566870035 0.5550982100361067 0.47386057207514104 0.4352307507215495 0.4030068126706077 0.37101104851619743 0.34393486070880464 0.28585070658116346 0.2471088518019419 0.22585134170726426 0.20235910728989379 0.20640985690051522 0.22683906353725725 0.2159787072978107 0.20156952007704781 0.23378045202342843 0.23617745072283108 0.13819426832168297 0.17130000946876484 0.19750413096873481 0.2661117817419501 0.2915660377514696 0.2909665291740091 0.2820918086388955 0.3148314374826272 0.38346915389640085 0.3875438099054568 0.344473831619961
0.5340640535369224 0.4945319725622393 0.43943033688564787 0.4315560721086682 0.44791837950317975 0.4088906905441597 0.44697299419214714 0.4453859284975228 0.4389769739180256 0.4632082863297608 0.44464752685195325 0.4741583320750206 0.4681225197515225 0.4297901482246017 0.46680109662932784 0.5009303833706117 0.5076911010883741 0.48888486987380203 0.38844491938951325 0.35475055166581954 0.3146950449373784 0.3268032081152292 0.32423953729214217 0.2800806608652624 0.26490935173269703 0.2629155758853628 0.24778941446087407 0.20938207560490193 0.2174711568693368 0.2585690229641505 0.21934252119400746 0.24270481305563954 0.2270568918838442 0.22436168312131277 0.23659648449230433 0.31031938316887675 0.3355667134311778 0.3211605983275484 0.3178289114670256 0.3066074440028002 0.35643584492385033 0.35826408971209095 0.34807972831913225
0.5373954231073151 0.5378601467997257 0.45690677606927554 0.42541962908009134 0.43050466257449194 0.4004250165267031 0.3961801464111808 0.4291359323575408 0.4338097225781115 0.4424233510145991 0.42232380094261 0.42600892741228247 0.43173187069282826 0.4394200491003278 0.4138440804100931 0.4753109200902063 0.49615163942026086 0.47886198288384013 0.3936700313759565 0.38742367672908956 0.3106388354851885 0.292247325224927 0.2755608796752453 0.2837568485207625 0.27481124677748464 0.31470819160236585 0.2968363799211036 0.2680602259025528 0.2438131317451226 0.24474620980480355 0.2529288845199407 0.27094862884393345 0.23939419903983275 0.27770437763152844 0.31052973860896843 0.35357975888711374 0.3382282819877912 0.34142497574889535 0.32621698639140184 0.29109625381321363 0.3023254454323437 0.36756827396477637 0.3328556185886109
0.5943421056518198 0.5334271787034947 0.48448202182349903 0.43755318498682655 0.4184212359600445 0.402548272314239 0.41252364885506904 0.43475037394022625 0.4486420316946465 0.44395348824791914 0.4268560006314664 0.4180764515608838 0.39999305488383746 0.43890474148671876 0.42578221889468515 0.4534210459035606 0.46385714127704 0.43813742631314184 0.41780269590280683 0.38981431307316755 0.3363602615019385 0.3253593474509891 0.2944043221900138 0.2736590435983945 0.26118053562454907 0.2960692863640756 0.2748355112359324 0.2550752712206547 0.2475347562676482 0.2500634954318684 0.2441433703745498 0.2664027849689598 0.2568121451694774 0.29077883552880734 0.362103315818263 0.3533757861125152 0.3352331961598107 0.3770187726416021 0.3829039667006939 0.3403697871643248 0.33663314790714605 0.35203521784026864 0.3475875224200528
