Raster_benchmarking/continuous/raster-288.asc
NCOLS 100
NROWS 100
XLLCORNER 1743156.72817942
YLLCORNER 5469288.923517096
CELLSIZE 10
NODATA_VALUE -9999
[rows 0 to 18 of 100, columns 0 to 42 of 100]
0.7939631969442291 0.8180259198897738 0.8204339554337375 0.8129681413096281 0.8198955060524211 0.8058683805899685 0.7847094449730736 0.7919036188894776 0.7660219635495931 0.7759501690952652 0.7487192798619539 0.7494378311942878 0.7424969057835229 0.7238275662803252 0.6985561509802608 0.6947178979141662 0.6927732897077769 0.661531366362384 0.6701104824340723 0.6695887089360335 0.6595815793899562 0.6497626127102196 0.6339181156724488 0.6645339648670295 0.6520448861234002 0.628671793453459 0.6416888342001269 0.6349582425560334 0.621515756973246 0.6317313504771425 0.6473056200802019 0.623706015372323 0.5972666000471972 0.6009725715929614 0.6213007691543696 0.6341289139248777 0.6709200967549231 0.6419719939785097 0.6493171104511957 0.6604427002174106 0.6233540274292838 0.6139558050146292 0.5830871485111707
0.7804970381936028 0.8136580077973277 0.8280243500256887 0.8236800510779068 0.8109553492715579 0.7983002903576334 0.796749333157042 0.7690924871494192 0.7725555015397043 0.770473200336914 0.7406753029066983 0.7449881646257065 0.7174721918969529 0.7235494004450621 0.6874893000753599 0.6791679047396537 0.6848481761329551 0.6572605074516171 0.6685925420556081 0.6805874302647174 0.6849936051443852 0.6679732229975011 0.6566486208250945 0.6551272943089348 0.6394839240653087 0.6343925370947849 0.606587340141921 0.5966907333901907 0.615029931584171 0.6096389182375608 0.6284072771887945 0.6234264567068822 0.603675340651205 0.617710979453873 0.6190555952453116 0.6453591790715641 0.6516508817880096 0.6452453869960405 0.6597818842527536 0.6527625240195764 0.6433349164732609 0.6241202587348311 0.6057929341390409
0.7714609849302148 0.7911270487256515 0.7966563194880246 0.8291397327346695 0.8274104852771089 0.8132342069967393 0.781695029935453 0.7568969103415323 0.776374739918223 0.7608402363036509 0.7216340160690352 0.7347632255350002 0.7101675591339802 0.7018553252252877 0.6990001534242793 0.6680316287556832 0.641835483273581 0.6768269620007071 0.6696691933739961 0.6790954265571301 0.6752935096018985 0.6422729307697819 0.641346370059735 0.6468471620106566 0.6637085957093142 0.6435158865233042 0.6015203391925814 0.6020780356876656 0.5971723583550932 0.5991398883385247 0.614900793395579 0.6056607089872846 0.5777292642031889 0.5966205948477731 0.614377909014037 0.651528890377067 0.6601873676926702 0.6740508193916248 0.671301840201284 0.6591454685898014 0.6210628157281044 0.6257752044075038 0.6089036793546133
0.7698720642889456 0.793179481303404 0.8013090730366796 0.8120259948537127 0.8010466800453896 0.8201763197438525 0.8104664902506613 0.7765911186275536 0.7744892540896715 0.7513593109869248 0.7350103667749058 0.6968266902865932 0.697738514146819 0.6782296576460394 0.6434392514857714 0.6315639594277159 0.6549151322668504 0.671821627672581 0.6475944873125477 0.6522443833277258 0.6634894119459303 0.6484484506520473 0.624648654467708 0.646897193842806 0.6293095000343489 0.6246342836885868 0.5880008449020988 0.5782775498304672 0.5744720382300404 0.5773935147997613 0.5857355940939778 0.5731194194354775 0.5762015599016413 0.5874309459617316 0.6128019792691243 0.6309960888909278 0.6487383432359973 0.6470892537557442 0.666573172478837 0.6594407954468307 0.6422900536337999 0.6318757900628621 0.6113349483406388
0.7540823520814685 0.7948802825232788 0.8081217174370633 0.8082047398895493 0.7945348066583123 0.8039087672844023 0.8168591713935391 0.7690614058242125 0.740855092116662 0.7317249301496269 0.7033241697508945 0.6979505454208245 0.6540495075862615 0.6569806445967232 0.6249867744880842 0.6271250059480332 0.6377377788183688 0.6508680925689482 0.6685285676026909 0.6723853909472279 0.6432181985195838 0.6542969874836679 0.6397328050262417 0.6525515656685558 0.647892303458093 0.63740393508925 0.6208246720067128 0.5877479400131072 0.5537783857975082 0.5713520674332935 0.5179765650911287 0.5484189439132865 0.5469807720870199 0.5642490230083073 0.6048414881380876 0.6164303659643547 0.6381278023011381 0.6450132535361535 0.6643591541787266 0.6497911357356517 0.6478560216987075 0.6102852878132135 0.5887749422744266
0.7750320309565647 0.7857823936741608 0.7900758319126228 0.7877956042030325 0.7749440817338185 0.8085162142850928 0.7985355928116515 0.784895028478751 0.757364760649217 0.7520848197606563 0.719767118348621 0.6946361573779389 0.6893280242530265 0.6647327025656561 0.6805995871918068 0.6532258729008079 0.6555309618867079 0.6670492931805635 0.6556971713808721 0.6566488930138438 0.6368496714367217 0.6144220919578944 0.6413793873951085 0.635434811232577 0.599783896621884 0.6064447880088734 0.5963241107870633 0.5757924339359898 0.5596714376066549 0.5614471423786671 0.5382891177978781 0.5707203816918226 0.570439854947867 0.5632664200057156 0.567713510802713 0.5991882827647014 0.6367644730699752 0.6322585010946293 0.6603004703627977 0.6703412984533671 0.6512781205439181 0.6062152734549232 0.5851972930573143
0.7822389259013998 0.7604106915589227 0.7773329989976583 0.7750151058475574 0.7707569038696198 0.7997790718373781 0.7945234776287929 0.7922160273836253 0.7570603018117168 0.777097889942444 0.7564406617628794 0.7149153101233116 0.6764081491480728 0.6808936507161161 0.7033971448968751 0.6889785176326777 0.6914250859237555 0.6840332507631958 0.6692730804083251 0.6573060951740927 0.6162118271953692 0.63739261468554 0.6271719864453671 0.6229414075410669 0.5799064038350946 0.6053148215603734 0.5935470611337428 0.5733620542325549 0.5546770290492783 0.5688454097138027 0.5766720949217587 0.5704075175288646 0.5895021997911603 0.5953036169974597 0.5809974869681062 0.61437996042146 0.6394712971001427 0.639661552812513 0.66489753075992 0.6428602656109501 0.645160331700029 0.6346541566350544 0.5969927979334521
0.7714808255068343 0.7648664088599614 0.7785198056160559 0.7666930002013527 0.7682287480075796 0.7545778743879554 0.7466779350704095 0.7703518394006517 0.7556923808146802 0.7788408250070985 0.7645788049338121 0.7377950290415928 0.7163916235313496 0.7006214176527616 0.7102016838161019 0.7081714738794327 0.6929700903880054 0.6909791074733471 0.6651323453979764 0.6456419226519345 0.6306882367491765 0.6211378811924188 0.589779507901247 0.5844159462576944 0.5670469228981817 0.5806777714183081 0.5712128476128384 0.5571552182419335 0.5543612926228102 0.5531117473683956 0.5716709654727103 0.5778349305773214 0.5899193712918158 0.5757696111918736 0.5671100605219236 0.5910837813952812 0.6447312184432916 0.670781051100776 0.678504793016595 0.655404724471458 0.6380383346416838 0.6402458510396449 0.602925287064139
0.7929621611449148 0.7661015616193769 0.7732841417222955 0.770470806839263 0.7782937978182269 0.7560979125844047 0.7375013382099276 0.7593545966710831 0.7653297932755396 0.7685728542844485 0.7738375042515774 0.7718542883506876 0.7511565395990101 0.7431851850962404 0.7257775697469534 0.7040754726448679 0.6892567232352099 0.6869905845933374 0.6493888131634975 0.6156343771510523 0.5879516626858051 0.5999989205623426 0.5872162973664845 0.5904528869788567 0.5833892712620808 0.5728395232196957 0.5442569347648218 0.5704882290170993 0.5610111726323087 0.5642509331115703 0.53470330144478 0.5505323636954761 0.5722302125640314 0.5905430948745575 0.5695559809173478 0.5956717446457618 0.6429675355041876 0.6502075588564102 0.6623136563880598 0.6408548980155953 0.648916232047223 0.6162178285600891 0.5998728587078596
0.801351696374509 0.7900775449617459 0.8031313044819234 0.7862779614407794 0.7696765040794669 0.7661413088071882 0.7670304644349887 0.7501755198732328 0.7533047483929761 0.7880765541328707 0.7650472691952743 0.7708563880804113 0.7314272536405193 0.7229648763647043 0.7169968868959209 0.6918679189910749 0.6699950632895727 0.6770401650146753 0.6617337732682049 0.6379024909420787 0.6217453734088795 0.6118716565250379 0.5947991426065646 0.5724462514651565 0.5520315881914483 0.535937936461611 0.5222276399069502 0.5439174819886776 0.5264386052719177 0.539268756020818 0.5659557180884047 0.5780211660120089 0.593588257256378 0.5780940594907589 0.6015496418542265 0.6083173784735322 0.6287953052389512 0.6428980464899935 0.6609690476929917 0.6475834797018749 0.6217638618375727 0.6099101625696082 0.5832028281075305
0.8148691380655497 0.7959033402640309 0.7981246344390712 0.8002392011148812 0.7642656412940029 0.766343051135916 0.7826530977229226 0.7766648705297751 0.7850454939277254 0.7786866481739778 0.7881665364497729 0.7666974814251251 0.7177064598915314 0.6899540771687289 0.671604185061032 0.6513998739249082 0.6490874918392943 0.6458743610452281 0.6550823993638621 0.6438704425858256 0.6171760019434251 0.6018706612066338 0.5814894436788103 0.5697087976952931 0.5442387783087651 0.5425346022108152 0.5128868245083897 0.5155510329663183 0.5220510311534994 0.5499607698988692 0.5755409160615779 0.5737159955303797 0.5899712057425598 0.5745961944625845 0.574011420411612 0.5919546061023757 0.5933117598637344 0.606817171578153 0.6365880767554448 0.6119115175373232 0.6245949351622696 0.5932788397506527 0.5824552653156375
0.8461207417488246 0.8478168030071314 0.8236991264907935 0.798555791224495 0.789217632916777 0.8025282037999856 0.7728664845991337 0.7594713504503064 0.7463894865398724 0.766338178184459 0.7700174269642032 0.7750249286196323 0.7455865572403081 0.6980786543006904 0.6705030255686576 0.6632721171022551 0.669316137366591 0.6545501187907644 0.640154898432874 0.6222574301226895 0.6133859018289005 0.5538734238970171 0.523002491589655 0.5145509816630549 0.5133718289976882 0.544037362474084 0.5501152580411909 0.5209009452469842 0.5155625298710699 0.5410650745093565 0.5679882432413971 0.5806877972966429 0.5798430600115208 0.572282262953823 0.5744838691529831 0.5784614114295595 0.5662200699729674 0.6033298088878779 0.6136603487728757 0.6119145585620569 0.6000627365061718 0.5812340305023116 0.5822878968473774
0.8453133002266854 0.8733384033197212 0.870293634270878 0.8464219202892546 0.82614263124684 0.8161310726984449 0.7795133200257627 0.7453305016006688 0.7479533741199655 0.7679872399720622 0.770905231922562 0.7606219649173909 0.7478682010433031 0.7152697389255682 0.7057001745248758 0.6765270153209125 0.6645057533881907 0.653993152608303 0.6410497289769505 0.6008823651953589 0.6004140919184016 0.5325781795312481 0.4883473214580632 0.4890147500467742 0.4986055459341435 0.5352442520649199 0.5580296086974457 0.5309759690692348 0.5416036084986181 0.5604110918721729 0.5815239898923636 0.5831689260361376 0.5628528322361549 0.5862509887509919 0.5586999686761943 0.5510158837656173 0.5536853182154764 0.5743571201199872 0.6131594021663458 0.5909586708924683 0.6052022524352988 0.5777427324659297 0.561105392934567
0.8765832809249683 0.8587890463968806 0.8368810950255615 0.8314646698560949 0.8382974519957062 0.8243667444834851 0.7850003772070261 0.7684127019997922 0.7746472242700257 0.7633483312683697 0.7751703614511296 0.7748853202251281 0.731335064619498 0.7077218793357642 0.6649646656366539 0.6492550600126925 0.6460178791097771 0.6262767693376098 0.5980864995223842 0.5865049955513431 0.550832497387238 0.53102003905509 0.49868615369599734 0.4949057536830284 0.4926770673518585 0.5022084807924008 0.5456783164681895 0.5567127517192163 0.5422454949195524 0.5651575357523398 0.563178750729446 0.5815831011724987 0.5795303311681985 0.5733216183414331 0.5696652158962057 0.5705564404593907 0.5541894113824345 0.5960753793554742 0.6064141671036527 0.5924713413056722 0.5947996454376901 0.5642493221109939 0.5219604896383588
0.8676107589055801 0.86817195302767 0.8465861105486364 0.8363032186035239 0.8360784094572017 0.8222230514186832 0.819439479929426 0.7648112585867672 0.7711435376232666 0.7797098300665654 0.7855033317966961 0.7723588506413571 0.7521172886659268 0.708656498356442 0.6625445251707132 0.6439423203276663 0.6405055681729626 0.6307555222870936 0.588506045953146 0.5792262243249099 0.5573812090375432 0.5054752749640933 0.493915499678489 0.48452687743190725 0.5008904282275001 0.5095274498075846 0.5205593775774843 0.5255203285579269 0.5290456794519649 0.531406538048584 0.5631927880544249 0.5545447862067707 0.5688550894887243 0.5879630374278335 0.5820128677650873 0.591094589141335 0.5669630703759425 0.5748493156066207 0.5729533141040741 0.5443062373474962 0.551812279146416 0.5325203705943485 0.49128485009680567
0.8621034089415563 0.8757523076664747 0.8638758024008877 0.8614268760761943 0.8489193146579104 0.8239377890699421 0.7813163303000444 0.7672216523002466 0.7538093369004446 0.7648734797084475 0.7717282058842715 0.7707628641196776 0.7341928098513304 0.6916217604813145 0.6507983072569746 0.6475834061443361 0.6337392857277773 0.5968491143626603 0.5552509808881649 0.5326046708627971 0.5220382442467254 0.5039993655883751 0.47590391057313497 0.492371729094289 0.5111636147881138 0.5050656851309829 0.5410903023742171 0.541928947691598 0.5203628796686416 0.5379901415093811 0.5381087370261621 0.5392795516821476 0.5385285926834378 0.5561101532104479 0.5636705095080533 0.5711997535568971 0.5450402366097593 0.5311744897696574 0.5307506777287533 0.5126744164340254 0.5095098071060605 0.47538134257788733 0.4867564637633523
0.8874240680317789 0.8603288892026574 0.8697715579225154 0.8609434999639574 0.8304539710322426 0.8108226205281797 0.7732464487781395 0.7588316927761226 0.7574636292193541 0.7537253635716362 0.7756315961138709 0.7409268461778887 0.6963322506316649 0.6757092890665359 0.6675309345737468 0.6557056032539339 0.604174828714743 0.5626717136567663 0.5317805712140006 0.5096708637514654 0.49787647443740346 0.47180818627908155 0.46687455187272314 0.5055014983978665 0.5036032306333351 0.537348661636524 0.5465510371507929 0.5330269126909163 0.5209003620151562 0.5366552049730676 0.5345905424295053 0.5654891604785194 0.5572168931025303 0.5565265330233641 0.5880933300894009 0.5435608098118447 0.5368629720127841 0.5248466194100861 0.47663009285309976 0.4563882194964762 0.4506693458819109 0.44578075886146046 0.4554205216324248
0.8698639038775574 0.885476927846797 0.8703080313020972 0.8583269160265572 0.8592087713407206 0.8247403611639067 0.7683952024180866 0.7569118348881584 0.7493175126053571 0.7645447934757081 0.7555498025958061 0.7372232483725575 0.691956466315827 0.6765435150170716 0.6786442245828468 0.6544625381851631 0.6176594242246424 0.595135054992697 0.5606142489024974 0.5166261639635383 0.49874324964226796 0.492302323500252 0.49567765801712016 0.4877033913311771 0.49503253883245557 0.5318114025327144 0.5556370058499872 0.5474056895717688 0.5418706865832646 0.5599190627717876 0.5469237402637727 0.5660190111500522 0.5743352623586487 0.5650419308764812 0.5905067430125004 0.5491870750839912 0.5316464863686656 0.5056704840196465 0.47510269632770735 0.4537006019809754 0.4368569472838825 0.43321146964458035 0.4521421138253196
0.8643796154684755 0.8902674208970126 0.8837379486360506 0.8799695289328134 0.8668376088284957 0.8338243900596229 0.7915947714569825 0.7769324003037071 0.7766941776593187 0.7530415243514842 0.7374937624823016 0.7129405979875147 0.68576727775799 0.6967203507018547 0.6655306441836154 0.6672387081937082 0.639783547116397 0.6032966125947855 0.5671541572069014 0.5418475994838649 0.5079076005796143 0.5220975219042306 0.5007987239080458 0.4883938298067963 0.5248769730721633 0.5399726517145819 0.5512155095993666 0.5337642728443499 0.5576022429717894 0.5375237573761881 0.5623202369506703 0.5542781715032511 0.5590786093803908 0.5639451657449579 0.5896444273731373 0.5287403642060569 0.49955156885614316 0.49484248158513333 0.46364289479728626 0.4388054764796901 0.4481038229392193 0.41911370033131295 0.4419912279534083
