Raster_benchmarking/continuous/raster-434.asc
NCOLS 100
NROWS 100
XLLCORNER 1743165.5626421096
YLLCORNER 5469285.807404439
CELLSIZE 10
NODATA_VALUE -9999
[rows 19 to 37 of 100, columns 43 to 85 of 100]
0.25230768637528317 0.26944561323714344 0.32329431837228306 0.30819278960008145 0.33334852312580177 0.3727100083171685 0.3608025524505222 0.37393185483436364 0.3895041952622104 0.3870375823402992 0.3802735883525317 0.3329519180096851 0.3470099763887296 0.34420686131867034 0.342773860484122 0.29812642836377934 0.31702402621346676 0.3199643081185492 0.3143441928658324 0.3138318368942765 0.29784557300332276 0.2860036234999416 0.27419692817815994 0.27618093878219546 0.2568086997852464 0.26179438620562395 0.28567896931962383 0.30313586445264623 0.3758656327164309 0.370067947815081 0.36042008037531087 0.33805267350221413 0.3757038460557614 0.3360265452203725 0.33394317789992223 0.3195386364863914 0.3138827590680717 0.302715352623731 0.3051524554315477 0.373654440065311 0.35847738884905844 0.3726537999979698 0.3519972486768381
0.19335625290800612 0.23830416807859012 0.3257531938574278 0.3448172277297104 0.3387044265048534 0.3625281679355721 0.4312526671160769 0.4068738774894051 0.4248485314585638 0.37447337462348235 0.3969449559870776 0.3763523090756363 0.327306031164613 0.3012459394811829 0.2806343800667932 0.27196979100222946 0.2716088022100536 0.2870777386764259 0.29913130074429184 0.3324121386286084 0.30400947013249335 0.2587604404485706 0.2475493507530237 0.25059785577940424 0.2451840379155537 0.251483719994898 0.28256647364778736 0.31958181573965344 0.33660858437784014 0.3578695469271812 0.331067788687104 0.30588002147781945 0.3540827735904672 0.3414839289108197 0.33797410441302295 0.3159639368130757 0.2941610215030265 0.2703590311396308 0.3150327870265166 0.3358410082730144 0.39094935642410544 0.36916704534108147 0.3207741959426586
0.1831760806301252 0.22007942637203007 0.29757529722988607 0.30548633474786047 0.34694280773736 0.40581465748306245 0.3895155504665979 0.39414531242799006 0.39950559770344296 0.3971482069280233 0.3945483746597057 0.35487695235222644 0.3303633882115559 0.3185473094692511 0.347154031954562 0.3363619056478201 0.33734082199736704 0.305800963712981 0.3574846709402452 0.3394578975563447 0.33864450704721905 0.29671841544189925 0.29456016807875907 0.2532985615618893 0.23243546164470155 0.23773925416451888 0.30074231433022575 0.2946595455668217 0.3022158022095644 0.3417312144533352 0.3186767869328918 0.30951122986595697 0.3580620336024753 0.3590776788660289 0.32302117237365935 0.32807357750193034 0.3182060091284934 0.2829835329652514 0.3385677459946 0.32728558281993075 0.3736620263994972 0.3653500977725806 0.34097732924550156
0.21660821402018882 0.24585851420345478 0.2681572355462741 0.3105442692903732 0.4030297520241359 0.41986715624520204 0.4300251486358518 0.3849996928276895 0.40690008229230723 0.43716488944456955 0.3751705225779946 0.392072720030048 0.3763733096350639 0.32135316656737084 0.33250616646958175 0.3621646211406113 0.34569455007570604 0.33601039400925464 0.3762188724465152 0.31100023770468116 0.30472081765830394 0.30253819038117336 0.2883172383630095 0.2494133204387899 0.22384713372556866 0.26924455387188934 0.26233666508913905 0.26509752124313635 0.3044505487843642 0.32888467237006724 0.3309066663359695 0.2971674711599991 0.30590830359624227 0.32133890967169526 0.34007192192437435 0.3182021228674055 0.28798124369131595 0.30014445453043204 0.3164938813761475 0.34331915957607145 0.29972908814260363 0.3166956152784624 0.35365437825449697
0.21720734685482182 0.2614181752376809 0.26605320288211204 0.34744015140942963 0.39336972329855324 0.4347806224596031 0.38707269298258995 0.40382157597878227 0.44007701464774723 0.4450264726748658 0.4397315838372783 0.44470964184412354 0.40782851466191794 0.3808107122574239 0.358933453502575 0.38374990496797795 0.36346026703527845 0.38607463940642095 0.33142442346886725 0.30982745480446844 0.34173858996236217 0.3238396578023266 0.2785907106588756 0.26197607673191275 0.24974820433627998 0.25347723407787703 0.26294110041635366 0.23376776353371162 0.2980950918299137 0.2849851470186525 0.30777635379156254 0.319771884825358 0.3033278539717261 0.3144243084142184 0.3387265472623837 0.33849468528507537 0.3673227139757447 0.33021686245290277 0.3396462508666551 0.3170947477830708 0.324109815203176 0.3107044656069868 0.29766548849397556
0.2592677054665148 0.2921123267865556 0.3103090628992805 0.3687847502004788 0.41151948400614186 0.4360802437516797 0.3929134971195939 0.39172340671942363 0.46381513597481305 0.4234047990979728 0.48225616044560166 0.464483855535837 0.47924624060450643 0.42823469532872666 0.454412369058945 0.434596193812994 0.4321546374045288 0.3510930935774115 0.3333227395058398 0.33267357811613635 0.3269545500826555 0.33597502448610406 0.3271036065372538 0.31387920956355186 0.23511737913936695 0.20345402068017782 0.19727760238360026 0.24755745889827624 0.25075674142396404 0.24008016380068775 0.26275161966521565 0.3158004995572997 0.3426923439335835 0.3288705219723151 0.33562405282146546 0.3616295033464701 0.4031056194116009 0.315215313779624 0.31613562402236867 0.2801875916604847 0.280611936132353 0.28724434683333266 0.2876329775931197
0.25081738832066514 0.29337237053135345 0.2792565354104723 0.34129989889260404 0.3937131930842379 0.4063559311952834 0.3726717954429416 0.3825114111895546 0.3998274677153479 0.4265887574907398 0.45513680329117834 0.47886086982486425 0.43600921532893755 0.4264741306173025 0.3821031549182327 0.37992115425153933 0.3731341858447358 0.34415828959713346 0.347958215934004 0.3268000374661643 0.31981751284153886 0.325734594208264 0.32354664533615085 0.3100770337699994 0.2653725627717734 0.19978276284790528 0.23173198682240753 0.22413287078371638 0.26290501868916605 0.2642693219073078 0.29160253461825525 0.2956849269756389 0.33968770880075433 0.3653566193909852 0.3756125120678468 0.36888217828985304 0.374522037819248 0.3223703256139737 0.33594919300541504 0.3271475005083915 0.27677216471440513 0.2898133445824197 0.31809984623269083
0.2639712882111863 0.27569936857472005 0.28187950160692027 0.32384322168866303 0.30960987842980836 0.36900169445949565 0.400821826100892 0.3750257882692522 0.3558032422186918 0.3905253815751442 0.42797191532982076 0.4526914328919764 0.44161644521639615 0.40218259264861456 0.3805483661907225 0.374867925866171 0.3277053783096685 0.3612469210144775 0.3468304098277074 0.30257297941311695 0.3229308201265366 0.34584564233863213 0.31139878904141755 0.27978542554628605 0.2522287796148889 0.23882675620339114 0.23281006718197217 0.2538514766353705 0.29222702261421446 0.27813868288026083 0.3120106793361629 0.3134412417541892 0.33425757982854515 0.33913887840236306 0.4019604913959461 0.37681492471003825 0.36128684820692636 0.3667202657242243 0.33070695285314367 0.30176956443708686 0.3213662246011055 0.26925742031459093 0.298965933847993
0.2598259153083364 0.23690375237720443 0.24582122294617534 0.28837760617800606 0.3048003344608277 0.3356815729681334 0.34587541595023413 0.3380612386947633 0.3365857850153196 0.33595649603520056 0.37022150339742893 0.38498327774178603 0.4008263271406157 0.39245615657193966 0.35459139938664763 0.3380976675424629 0.34629044812154636 0.326274160771899 0.3154749898345946 0.3027516120927774 0.2876111987748156 0.30024994578573444 0.3023068430255836 0.26105048818433574 0.2947238227325737 0.2793031284918959 0.29320111619867106 0.29261635722487167 0.3059664672471147 0.29902291346379994 0.28092839886611054 0.32498841121209343 0.37309666675225 0.37493825189917107 0.41325155790951396 0.3785587278424766 0.348342433635829 0.37788397666942025 0.3570720890061075 0.27594572838009745 0.24225780669868452 0.2614401627435128 0.32623890129923655
0.22981049544565393 0.24723287690916237 0.28720363753645073 0.2907969491103825 0.26402282519325504 0.260053213512884 0.3005650120558191 0.311262803821962 0.2854425025545901 0.2909983736820473 0.3255269219665584 0.36791224749473433 0.3706408952132669 0.35734489102596073 0.36509327608404246 0.3011083767718194 0.2845092867365003 0.2896694094272042 0.3489648229536331 0.3339325294802189 0.2949043002223149 0.29260677163227916 0.3160548316719993 0.2681769050248709 0.2661312739765519 0.2901224967492924 0.3047295473871476 0.3091352996913897 0.24476106425119748 0.29674014163472195 0.29584365873422586 0.37206733973630235 0.42363547062491197 0.3953319105559039 0.43682847865939867 0.40631218337857045 0.36412694049552435 0.3433295835621382 0.3388181363299669 0.29351329360966366 0.21643177676502798 0.27312987080212364 0.295972232025666
0.24345393490970915 0.2618195138581293 0.27302465935209097 0.2602977305463057 0.24167844594599597 0.23762085661691473 0.2616349141712252 0.283944968014673 0.26043018877542135 0.3047069530591552 0.30827427437257193 0.2990110840849697 0.35720741916988635 0.34744636554892766 0.29358877863849053 0.2845123403008355 0.29030524149180875 0.27522355083020444 0.2865920429729222 0.3081765985164053 0.33798481612687425 0.32094283777724103 0.2855112093703013 0.30866263993687315 0.2990421267005876 0.2749450641099971 0.2872792469278197 0.298778514421426 0.28563173049881835 0.3356004876275551 0.31386467362647275 0.3493850472962526 0.3742449710334325 0.38529404273119033 0.4159629441817921 0.3744877354099217 0.34183507195414664 0.34588401334709523 0.29994761428984557 0.2633566817807065 0.22945426839154356 0.2524760021457154 0.3088315609804988
0.24141916750363382 0.2851644434083604 0.2792978521362397 0.25194608471025776 0.20046906754305327 0.21072420383730012 0.21415554190740524 0.22765492240812343 0.27272147374701144 0.30805752366193473 0.29929695134314244 0.31679402085584474 0.31439413788315435 0.27525089824878074 0.24224614180437445 0.28300505159886197 0.2891513531396914 0.2597359720971268 0.2815287128506229 0.3144725747754934 0.3134921966935086 0.31661214339965504 0.2922727924461736 0.30161602338650395 0.34394382370580723 0.3254907690414138 0.3057204224192274 0.32725530927990243 0.33879474538432147 0.32598341224857014 0.3968251778927376 0.38004510277873993 0.38323568962916227 0.3466925408935966 0.3612566972618904 0.3341860016836197 0.32715994568828183 0.34615529207210144 0.3207150181633961 0.2796588517217009 0.22377408437901603 0.26621684285791736 0.2735066341425236
0.2603514761387718 0.25218962370734044 0.25721588216366387 0.20064110496665166 0.2116062092627898 0.18375985093250924 0.22815134057772007 0.21210149757689029 0.20394925734596842 0.23542309189589755 0.23756973849630425 0.25521760141107475 0.21490466098472297 0.2298716639215308 0.2146299768842704 0.228134253262177 0.2524016868328838 0.27100061764578615 0.2615257903943422 0.2723531318756985 0.3155654982749858 0.30346213263788 0.3203834690804401 0.3054998873614392 0.33456584980040815 0.32608391704631323 0.29101886291017565 0.34791765830238175 0.33217126753690834 0.34824580818160594 0.41470899805527145 0.41958810344662145 0.4166674940019485 0.3702515462819101 0.3538960792398091 0.2875567834898079 0.2732950098156699 0.30098738755980414 0.28079935929428623 0.26267486079067087 0.23196478178865382 0.21150561878084798 0.23510430304249802
0.275721509341399 0.24714005370713488 0.22261384515213484 0.19250262073485622 0.1615217631804768 0.17337356611232568 0.20706265160139273 0.2126340903509121 0.1759353022929272 0.18395186240167702 0.15842790118295827 0.1736118775073036 0.17773769682212587 0.18066462985765705 0.1762264450485039 0.21299502859362698 0.308579411892167 0.30172297905594425 0.24917474637056158 0.27205254790518435 0.2756095427004633 0.31687485394413273 0.315290864032084 0.33997979038944254 0.33497438141231567 0.3419883605386953 0.2787339902165711 0.3345007182544648 0.37874143539105326 0.3586797431332973 0.3830780574603953 0.3958591278482994 0.40013956489004343 0.3706793010459858 0.3053575062341148 0.2981737029761115 0.26898314543387564 0.28504666202821627 0.26807055032288196 0.2745152844550396 0.22299650887254516 0.20122983998134486 0.15908477774120736
0.27344192505566345 0.2693623179223256 0.2634966936240851 0.18624747349710188 0.16006065884247817 0.19076574845907382 0.20796404145343686 0.18362826522177694 0.16371105259705682 0.17363819227325616 0.1447463660294694 0.16203368258713174 0.17247143222299938 0.15331541404562699 0.20446745676415187 0.20099700401994924 0.22052871452717415 0.272656071724549 0.26098240902726827 0.29079349057766213 0.2859383486929161 0.29138056746941615 0.3320418290080269 0.3364920270406268 0.35968436105757157 0.3313693669000966 0.2918601022916462 0.28313653330113703 0.3176641851542069 0.3747335825989372 0.38454400410466905 0.34395220411739585 0.35104520685124163 0.3032697627313157 0.3028163195079968 0.24843892116135197 0.243628481025121 0.24703733596154995 0.2185330592522858 0.2499567111997141 0.19422793441084557 0.1941411317265515 0.18689935211618278
0.2735067814835901 0.2955612238723838 0.2744339043466312 0.2332459150503382 0.17625378920497142 0.20619965503041582 0.16142121313710645 0.1874710379088092 0.1517479773330252 0.1726634788886529 0.1732962915978016 0.16575919522294072 0.1453476963267891 0.12387390908384262 0.17070564034732033 0.18889785803587303 0.20044452922389608 0.2405491938804999 0.29724424223417767 0.27299648491113965 0.25543080521681866 0.2988434006236488 0.34499151276146794 0.36291394979282904 0.36407330292824963 0.3292144825494427 0.30102104607075914 0.28407595577376155 0.288718150433647 0.311419221831312 0.33872028863971015 0.29802287364552416 0.28541047930852304 0.2740087097808372 0.2836626114471784 0.27954989117035944 0.23682442517822286 0.20477808665384373 0.19235632777344133 0.23050821797076804 0.21283450775951465 0.1759184902461824 0.19891855639635184
0.23512472708565885 0.24997882125936616 0.264919267212711 0.22355043933592322 0.21007830736024397 0.2183161594733157 0.19258050852101202 0.1528881227782909 0.16496187322487502 0.1707266384844487 0.17346742582674343 0.16252361303077648 0.1337567013341003 0.15053153122113777 0.1687228414297364 0.22414421561789719 0.1975795331158498 0.21330628848855362 0.28867148408348287 0.3103260371586081 0.3300751215430735 0.3287800188414681 0.34279798893419583 0.3588437987541542 0.34996069906652394 0.2861943295166006 0.26634080974763047 0.26887603177789493 0.2898598798006543 0.30592851428797974 0.32204918687335377 0.32989704435324624 0.2776178466635691 0.2541787725413614 0.2632047637981307 0.23600960091030931 0.229593731871901 0.21279524823480098 0.21486432378434384 0.18457296488438266 0.1904673050158652 0.2063117852162718 0.18316548802218843
0.23022925886852566 0.23563583749232184 0.24964995573496948 0.24892225395182443 0.27321291357282446 0.2347584025655618 0.18635880740865876 0.1869318670258825 0.15700928356923247 0.16896327477103096 0.12043040627730263 0.16293158927965332 0.16817146451595144 0.18113391751180485 0.21800903150562068 0.23589401800433824 0.19528719210924517 0.2046507807323098 0.2669130009226199 0.28066644237578275 0.3102991174546063 0.3264574671190081 0.3658901231770477 0.3460896535422653 0.3403460311524118 0.2760270039128289 0.2482802866875128 0.2877056017778277 0.2518020284099215 0.27188920628201285 0.32734710546044843 0.288779473859903 0.2800827398196825 0.27490518844146544 0.2423893419016577 0.2295514788983608 0.22365107270591145 0.2257851701794443 0.1827695278126962 0.16733693990593593 0.19594222098357542 0.18558369437401212 0.1896363766479315
0.2206088415879979 0.241373517329938 0.2618307570667058 0.2501706229653531 0.24212034612765596 0.228288176908399 0.1711716839710749 0.15099230105606293 0.16883955598984435 0.14957321509869034 0.16892106508535823 0.11969910541907025 0.1280693320421364 0.16791850867305358 0.1739217923891653 0.19734504522473628 0.20836294060216087 0.2394911435625934 0.23938174991873634 0.2525846442992298 0.2736267645530763 0.2966171027543997 0.298473168764142 0.31634818595055925 0.31928534679271686 0.2979852676356821 0.2910815611940896 0.286141288737226 0.2731777148982569 0.30565004190971773 0.3152744012842227 0.27860033369514503 0.28324259225524445 0.2664115406599187 0.2569714205979376 0.2712834963294176 0.2272362837399518 0.23832459598332162 0.2181703613374811 0.2192431944551851 0.21732712620496764 0.1911320539028842 0.15779868648563652
