Raster_benchmarking/continuous/raster-398.asc
NCOLS 100
NROWS 100
XLLCORNER 1743154.9980925564
YLLCORNER 5469279.753175782
CELLSIZE 10
NODATA_VALUE -9999
[rows 19 to 37 of 100, columns 43 to 85 of 100]
0.41437806617581197 0.3620043676403172 0.3657173722891921 0.2948123301033785 0.23878642300658776 0.25050907031364794 0.21104065665376176 0.15368913183106545 0.16927730078463377 0.14184304191807026 0.145964738182156 0.14029980467564998 0.11502652975355213 0.0968830351725623 0.053043461247349065 0.08189224737329272 0.05103084501030019 0.13143964127119165 0.15439724626231163 0.17173540693383693 0.15767226394153744 0.19847390711756038 0.22286128143880982 0.21858560747046893 0.28105303240865176 0.26877284621810205 0.2638701364920595 0.2714415032837789 0.2883319889639973 0.2890373749503112 0.25193732373839667 0.2758440120522428 0.2675529756878062 0.2610156929410926 0.3013963923285404 0.3001576480650068 0.24358675080557204 0.24911316660739402 0.1944988223944484 0.22264157112125052 0.21446719712702172 0.21064025922402635 0.2607075878046641
0.3918428579169464 0.37244621757442825 0.3165910812746713 0.2875671264584467 0.2545785907124925 0.21605164269388552 0.16696536680422375 0.17185743372637274 0.15831363879788876 0.15028700212793364 0.10617514387929206 0.08649471785318422 0.10080798908473823 0.06771876757944871 0.03679689153627128 0.033679595111440294 0.08234965755456913 0.09170190909526958 0.07970670272574469 0.1225735008803538 0.14434254159721846 0.15545863874352472 0.21657367935983077 0.24206591907092415 0.2129392886430793 0.23070350548381768 0.2528078735651168 0.25882649514754874 0.24072542866688731 0.2432278140604332 0.27369020518879866 0.23297360757789934 0.2475534990292841 0.2733476049993737 0.2559146891688181 0.25092796117662497 0.19124490194409854 0.1865894707341942 0.173879063812498 0.21101351887613726 0.20628805127056946 0.21343871528776848 0.22202427471188876
0.4349195959506876 0.3762918506296501 0.3604163366018962 0.3044776016787023 0.22320055214758236 0.19772101314790544 0.15487791119030528 0.15008648684538028 0.09984969054033455 0.12366267547407579 0.13700267430802504 0.06803629589717755 0.05350992570350337 0.05450605482599574 0.003881633210270001 0.03629089578483665 0.0799492423517713 0.1004472179834537 0.05035421374349683 0.11392417079146724 0.15176499189469805 0.15432800075031108 0.15579242203030708 0.18531038118996498 0.1845534426676573 0.2104056196886607 0.2833718122256954 0.23957620056342982 0.27266592267985895 0.2363210249731543 0.269475601129119 0.21529589905736218 0.22718435537514098 0.2185108020373637 0.1737819274074242 0.2078725784375301 0.19176176988227414 0.15463535457936942 0.18434217147389578 0.16725197626855975 0.2117526415789592 0.2052813847121935 0.24708135472419943
0.407551238775896 0.39390461531932913 0.3824333310442831 0.32442000610909055 0.29078024255412527 0.226366228826398 0.16779908118212294 0.0994120460237471 0.08528392270000025 0.11154988436742179 0.09892255370854304 0.08762288086989095 0.058413476695675676 0.043825180236715285 0.00685702907350009 0.0 0.015439071300092843 0.09112025352165752 0.08655870831172002 0.12706365479706597 0.15669821310976767 0.1438773331067775 0.1336245049200565 0.148928775644207 0.17862331961315292 0.2087926138795778 0.24505141799535324 0.1905055266140764 0.22341031117351828 0.2224724598448695 0.1985671588900596 0.18590299388903506 0.14375960508843863 0.15655716980413617 0.15110379022530454 0.18589975154492072 0.191630524979779 0.14164416074452563 0.14135353255034405 0.15970149009571755 0.18783246487425656 0.1797257111524247 0.21808520782630633
0.42051971532862414 0.43656805162123186 0.37887587278623547 0.355905151211398 0.31080811640351397 0.22488856000861795 0.1611448059180593 0.1394150212436806 0.0934163905459953 0.08774031225392105 0.1373245659558583 0.0824348817000575 0.06027897333398961 0.05797651082557299 0.012933214343775227 0.04009135223592394 0.008152230578873492 0.06522564452655394 0.11095589351833038 0.10933228426133083 0.09903078889134614 0.11647375298533445 0.17106574526025345 0.12652287294688663 0.12927097627388026 0.16065232103859375 0.18568288605256056 0.17200070539299026 0.1434970669977596 0.17601993691841786 0.17998766968515825 0.16364721561839082 0.1289072114510156 0.18078753732141384 0.19794760414624793 0.1735288260693085 0.15218293209158026 0.15552292271559867 0.15101754048398403 0.18744416378342502 0.18771256059834834 0.1896325963442371 0.17192299093276994
0.46745564530021555 0.43712561371264214 0.3951232441285561 0.36095262578168175 0.30242547344986204 0.20847994716666904 0.1850751703614453 0.12260827783497201 0.11542811493491405 0.11903272176881553 0.07925186127204736 0.08384617410795359 0.05967408993399963 0.06850555993161656 0.05725376777667382 0.03993020748033237 0.047570221447153345 0.10515663876117602 0.08997333646586558 0.13044839181473347 0.14542155491417438 0.11812162915422843 0.16252951495331783 0.1310252418902979 0.12125478727033656 0.17713140517885803 0.16816488245542147 0.1300733477501367 0.1727198322075317 0.13207848214402898 0.1142445845420891 0.09843735682750507 0.07961757085005833 0.1336132965465996 0.15628812668120082 0.2009900655762223 0.17267567326519118 0.17940236915614624 0.16637683357187688 0.21111168749210643 0.1954865600997016 0.2054894125395571 0.221857927735867
0.46348556606229757 0.44499213025141415 0.44506567874136527 0.38926798487574293 0.30349569529463566 0.24614781267305255 0.1785993541368229 0.1317010406775714 0.09540788577663283 0.10695688663106248 0.08607190348175897 0.08198579696152687 0.08636991717989839 0.08840878930071266 0.04834104445567943 0.05982775844808374 0.10418964285604641 0.15369266674956977 0.1266163397765203 0.12479832384824956 0.1388427073643053 0.1631796909757593 0.13763870966676278 0.1419107913862199 0.14650368957211166 0.14845465047940443 0.14449529846816994 0.16762862779006393 0.16079026523008685 0.11670081160878823 0.06514762246480064 0.059070480067262836 0.06433056051688434 0.16403070558596305 0.21643197501560993 0.22168743833451945 0.20835502891898244 0.22727845960679602 0.2192232405414024 0.19360666630358742 0.24304080790471214 0.20783208308998657 0.2356203530842045
0.49944770013003603 0.44818022453299816 0.4123559701108334 0.3400008306016641 0.30135486924712523 0.23510785546283022 0.2265253865153387 0.15964450203350167 0.16946407131716318 0.11592146810551145 0.09942252354469733 0.11728170452283479 0.1429847358948264 0.11014299710016928 0.0662944017644044 0.0702391616218404 0.08851762881704427 0.1662041679978392 0.15612641654859682 0.19726856527861655 0.16811831554591014 0.2038133809082675 0.15612081298091038 0.13834084455603857 0.134605754776294 0.15713888805266937 0.16390005781970768 0.14134703858951916 0.1438676369701023 0.09618394151877696 0.11208614078081994 0.08542491438100439 0.08704516371114615 0.1265406459395341 0.18544581940231936 0.20141166972858815 0.22023412751096422 0.18512225844229185 0.17720508329635856 0.16411475162675307 0.22085231268333888 0.2190599904982425 0.25686922229302483
0.5062596502209169 0.41837386427276785 0.4200446480042857 0.3389452587122814 0.3111535237004562 0.2538453067071556 0.2537483498711836 0.23905793800946692 0.1904960673271917 0.13866798791412718 0.16895310470152367 0.11202944034545391 0.13338135914965407 0.12465909612696806 0.09573319351228371 0.1137718565456512 0.1161463122958914 0.16543629383991126 0.21429354420358485 0.23264529184015267 0.2332359973583298 0.23192950693167513 0.2216010505197291 0.19558461061926996 0.13928890343289085 0.13795297903012999 0.16696122979316544 0.14631224041028273 0.11909116907188555 0.1042479496522746 0.10318486996903437 0.06595082375948004 0.05772725751723048 0.07431220413561163 0.12018957160405866 0.17063079889571486 0.1713587176424789 0.17285082759123027 0.12271978671109064 0.17543034707064264 0.18881780343640295 0.21264761090854573 0.19803079840850646
0.4400042297369254 0.42392880975134906 0.4047634027185443 0.3712118513990678 0.2822945099204169 0.27078246898737546 0.2856588234508157 0.25103313189724996 0.20711720228859434 0.15316361322976485 0.1468460565936314 0.1269292155041219 0.09562173098382176 0.12385992440611919 0.13441682720616305 0.10209238262503156 0.1974025761790846 0.2325018696424414 0.26579005775099407 0.24523466453795906 0.21555083298241032 0.2184698394659349 0.18509689144867422 0.17735141246138117 0.12795396204972467 0.09647078834445909 0.13915691839197486 0.13254836969194567 0.11748858527754749 0.1114213333995758 0.11853613447401762 0.07565412185222077 0.05645833160871304 0.06826335489991281 0.08416750507391918 0.16479462998071093 0.18668066980093825 0.11669684718344889 0.14047730650553583 0.1664313526814774 0.1756421650001706 0.17570791193815288 0.19710834372813957
0.42211175177456195 0.4032631044797312 0.43824975341845557 0.3581695775575415 0.29269708126520194 0.2642220168107125 0.25111955680469256 0.22370621247015965 0.21721835190617703 0.1607133956737355 0.09756877482116634 0.09434431825075706 0.10186609048280548 0.12577156449180857 0.10587550460417694 0.1482730616106008 0.21477554142089944 0.2143341676430352 0.26114550666447606 0.2216291668470338 0.2273585855838601 0.22431680886672217 0.20753104219613894 0.16525270218799695 0.08981096403793148 0.07906226578871506 0.05917705038875357 0.10515960266731957 0.13350421147964672 0.13522995773277904 0.08028610009092385 0.12054436777326975 0.11834105933698107 0.06556919739083558 0.07099171119188799 0.13400477847552753 0.1760850075312618 0.15142486351009016 0.11111666074627168 0.1464630042277386 0.19504490562181478 0.19052441606493647 0.10657225243889143
0.40907949423002743 0.38530617280001034 0.3987477197395789 0.3714982699674908 0.33524797799101547 0.2873734846041631 0.31227713568275894 0.3005835869907257 0.2708891041093327 0.21689029708509502 0.17318052119611074 0.098000293526199 0.10752128191743854 0.14030044001358513 0.14007090568315553 0.15269235816223203 0.2102354629991175 0.2401404392226796 0.2807276806310805 0.27092771402445953 0.24577372866272976 0.2638801511785634 0.2391386448808042 0.15371528291993977 0.13490756806550588 0.07598123795667983 0.10897212652590686 0.11287290690126088 0.09465710061407631 0.13564166592957394 0.13815940408254399 0.1163514332582467 0.10213326280728773 0.097517440406155 0.11385811941742324 0.15285814042648657 0.15089473274747278 0.1664393361748077 0.15742105924869743 0.1694458089850516 0.21458383527311167 0.17064775286199338 0.19072915715505503
0.403549247233281 0.3591336728248066 0.3688181606649726 0.3659681850631583 0.37091615813771744 0.35420865976769894 0.32319997716627724 0.2721601477696239 0.28674640030211634 0.2468447441836023 0.15963609002875656 0.16826268724647944 0.14157047697723132 0.140507479526748 0.1391116066728771 0.1381373352568813 0.16791864400255238 0.19762132047110617 0.229291566878023 0.24989211283491367 0.255030524414246 0.26558315558524104 0.2626954397697677 0.18484558119116754 0.16190472658887567 0.10912396283926783 0.07227840777766213 0.08344208896615753 0.11835645975939658 0.1233253882981242 0.12529833312197816 0.10056587198181888 0.14053060827304473 0.1534507388815012 0.1176332695451501 0.14918307144609783 0.16647227335560846 0.16014570900220207 0.16836023157296648 0.21027240165196984 0.2182496954411837 0.20869138491002986 0.18829221918610425
0.41461070964118435 0.3709206685016296 0.3954093649768024 0.36269246502814606 0.3824290038230689 0.3416978025263819 0.34112824971870875 0.29642444928345746 0.24162671002361844 0.2414970663333682 0.22546876586594386 0.20377854506218326 0.16852927789721717 0.14761368951084872 0.1783362646867856 0.20778162838078473 0.2023718706524077 0.25442364424171837 0.23364200970530621 0.24911131256976804 0.25200766879832714 0.23991990006373287 0.21306518769563504 0.1922788127835401 0.16774930732146418 0.16599490139475465 0.10214680181264373 0.13381586315596508 0.1218944222144451 0.10496892461660749 0.06860578121463617 0.08970002676883164 0.14449267844900518 0.13799033433314833 0.1725220219804532 0.19544866616382106 0.2110620611345336 0.22902874605316187 0.20468998527133664 0.230186809352152 0.19982496308644823 0.20689389668423355 0.19671004611209325
0.36955442602223026 0.3514087948830825 0.38197248358636726 0.38898436707498013 0.402464479387362 0.36141301612464244 0.3578191690158255 0.3285994230037752 0.26358959076605215 0.29585808860751706 0.2518595306218205 0.25586066384220707 0.22355556581380712 0.1862118452089118 0.15767526156831424 0.18651914907636813 0.2425953438992625 0.24811087617757982 0.29158050901241406 0.2773458551448896 0.30448276371077876 0.238719096419477 0.23502389179590003 0.2161104723087822 0.2060656849978968 0.1803947210131826 0.14133027506821233 0.15785867717251686 0.13972885591640327 0.08249108598663356 0.05480867352601246 0.06450692866395948 0.10381167467983604 0.14970815173666413 0.15095964552505614 0.19106548562658787 0.24021113625117646 0.21725905170258064 0.2221663187367279 0.20858956535456508 0.1938555409196076 0.20059278052375812 0.24324604301092978
0.37938747252979105 0.382092143897848 0.36188593051274714 0.41290456426212074 0.37226698419193976 0.38255551259660187 0.37277957054487354 0.3459303939135329 0.28553866760701563 0.30223632990807936 0.23942345536865361 0.24333515181439952 0.24628767964803933 0.21303994989849745 0.19911421014079111 0.17576747163703674 0.20124296959514906 0.21416859444742334 0.2641019119893634 0.2753364723774772 0.2645666428452388 0.2754925888969521 0.26079322973668945 0.20044156025098503 0.2018659234301702 0.1564426403843651 0.11594309720798784 0.10627547405978913 0.08898338747796451 0.07248214681199927 0.06742065053884135 0.07795385463709678 0.08517239931802212 0.13695047836082092 0.17610807498613215 0.22040509083287022 0.2486901395963931 0.25166632384918086 0.2232336889193502 0.23554703420011847 0.23368974719417668 0.24827976334102023 0.280376334774558
0.39241179055383596 0.40156636844903765 0.3612602102261906 0.4199912136695716 0.39331003542121945 0.42017510159049776 0.37518794596192495 0.3643826959469586 0.32954543291485716 0.3097451012335909 0.24726484712949393 0.2316755085232229 0.2543334260406343 0.21091807078880406 0.18738476390111464 0.20123103399175998 0.2082620549467995 0.19240803234349063 0.23716397361600175 0.25172909878832905 0.2692799269510277 0.21766521158053753 0.2147868625039584 0.18286354013165615 0.2063483188684042 0.13557956687578043 0.12408277692211596 0.12271663502242575 0.07898626198970896 0.09960111469159742 0.13291863623851988 0.0828785174274719 0.11736221070046125 0.14313747995226964 0.1934403882092615 0.22510271698727494 0.26355587337298 0.2787747666098653 0.21218563911685095 0.234664746022091 0.23791329996954835 0.266097490208886 0.2655184947049846
0.4317722161106643 0.4600169029987215 0.46103854034256075 0.42587911113500315 0.4161950027688464 0.41142367406230046 0.4039418618790392 0.36638816426339604 0.34242071416595005 0.3014408563669375 0.2329944131848624 0.24989485276634038 0.22816023257001947 0.2551250105090419 0.2725816934782139 0.24194899197702477 0.24987064201559384 0.21869242370010755 0.23449716946386875 0.23191637239058224 0.22067983867236682 0.2213887551924467 0.22938478593774803 0.21836732191839697 0.17901099954307423 0.13526906190563723 0.12464145605030155 0.10818118646585853 0.11424682954299528 0.08594884815314154 0.07898273429658009 0.1095634004327718 0.1752695621280303 0.16108021267886172 0.2226782103170637 0.2551749913499594 0.27686046385860574 0.28955210919527535 0.2756681347889341 0.2602536501320767 0.2896659198386855 0.25362338450506944 0.2676658628567968
0.48649811744289273 0.4739296328166528 0.48361438722079353 0.45939822546790726 0.4047231323827439 0.3880522705814503 0.363644053016231 0.36688418277101137 0.32087828261896423 0.3110633916322136 0.2514819946432564 0.29745142550789194 0.2776048848035141 0.27653293259179434 0.33454430832321447 0.317633383426543 0.2934976944075345 0.23131574764723403 0.2578696866662005 0.2762435762016883 0.25157870155052986 0.2468089295705773 0.2067116076893472 0.22414943728498404 0.1665033003963193 0.13277522091735336 0.07942207006207905 0.13614463363047272 0.09105647864713555 0.11009945383084892 0.07253824519955801 0.16691693062426233 0.19269471938230223 0.19775080885202384 0.2174652012205811 0.2749697716094051 0.2765404677437956 0.29338050487351375 0.3341753468516713 0.27949454005249846 0.2911473496382441 0.2916505627750601 0.29302287317012804
