Raster_benchmarking/continuous/raster-73.asc
NCOLS 100
NROWS 100
XLLCORNER 1743162.1179988012
YLLCORNER 5469286.590949618
CELLSIZE 10
NODATA_VALUE -9999
[rows 19 to 37 of 100, columns 0 to 41 of 100]
0.5192994984047126 0.576102264432148 0.6023989002110384 0.617830659088768 0.6145534443266055 0.6049503821294471 0.5805254334901034 0.6484677718092614 0.6707439060283618 0.6531409134695817 0.6690791946995119 0.6798001083603414 0.698985771583852 0.6644726654156501 0.6813786866851538 0.6830610860197424 0.7172434444767083 0.7293815505042225 0.7402789595760368 0.7273558389713914 0.662083536682175 0.6744550228498752 0.6402174370014747 0.6403436795483155 0.6403613132190836 0.6811738440158712 0.6871427564933494 0.6641572767577347 0.706472477653044 0.7405291815566295 0.7701157916938672 0.7625140908704668 0.7529625540012189 0.7290719053555262 0.7587555370179613 0.7571363048749343 0.790607751625907 0.7666081676065025 0.7756604915524115 0.7805821785653211 0.8190284453339877 0.8034378364489322
0.5427113778615235 0.5613070860004018 0.5925278165440441 0.5871013846550448 0.5890122849917802 0.633022516732655 0.6457600770829981 0.6212318310769794 0.7014162774062517 0.7102544460639825 0.7160750290412918 0.7070956527180529 0.6942839619407689 0.6661730584371296 0.6802404897583184 0.6765192654725511 0.683215109376861 0.7034012274973476 0.7121340679250087 0.7039368876750448 0.659245190567574 0.6011669459647035 0.5983789356363298 0.6167616259318871 0.6330649134350615 0.6451704895465097 0.6557893066192221 0.6623393150035177 0.6853071946770796 0.6702478886023778 0.7107473782917506 0.7350589543234829 0.7163032887708933 0.7044295779530598 0.7084594299270812 0.7210798394437612 0.7285093607704078 0.7424281113837127 0.7875658105375771 0.787883783254195 0.8006316935917245 0.7887825318638823
0.4891315117450763 0.5285424314397158 0.5696048237747849 0.5980756080403802 0.6254790016519719 0.6319260244042395 0.6350440457139579 0.6599513791824763 0.6927701963288133 0.6797396627368196 0.6976950299781862 0.7074624997539722 0.664237623270632 0.6867516074860955 0.6698333605049323 0.6977843976785555 0.7320363872361668 0.7003334953710095 0.6948337872629762 0.6747321007371561 0.6244219914723899 0.5976400047390036 0.5859635966361854 0.5902382361412593 0.6447568905778097 0.6481984744099111 0.6597535074756912 0.6392751069468441 0.6781693778157322 0.6656513483095228 0.6336033805820461 0.6547494280141676 0.7126048377734413 0.6721056324649065 0.7027939340575803 0.7311446656000443 0.7446821072804908 0.7270218397305465 0.7355994168836679 0.7829884499868524 0.7614179016362408 0.7852633683439544
0.5320633193610446 0.5631420727906736 0.5654290637399486 0.6174843110144771 0.6542260981511759 0.6330064998900707 0.6192744132988153 0.6497851560061187 0.6469015442693027 0.6476954243388285 0.6614973713338018 0.6948432048702359 0.7087565426928786 0.6939474205148288 0.6661888888541101 0.7175071099728901 0.7129327614873645 0.7381279450804671 0.6847055876864295 0.6378623525919738 0.5997912056199572 0.5958401709710864 0.5796277097985086 0.5721465162050635 0.6021571852004649 0.5880040762864184 0.6039347145128579 0.6412302876690741 0.6211663757997896 0.6374676177069128 0.6383448183462908 0.6224407920619855 0.6734759076940149 0.6760607967927603 0.6519520157224012 0.6874363860624263 0.7111831808165413 0.7434543390065922 0.7547237752048763 0.7874288676943774 0.768982355811286 0.8313261074968512
0.50703346016884 0.5322770960660829 0.6079521361243632 0.607404414754077 0.6346197852173596 0.6057414575847123 0.6031771115887689 0.6212495213858542 0.6195823247588366 0.6426286420999288 0.6501882034883127 0.6963784933322161 0.7290685505839639 0.7048171124750636 0.6880776542186644 0.7154849880748237 0.7178355205562754 0.6856593525785545 0.6954730478804612 0.6323253016701291 0.6158453466123935 0.5886751506465641 0.5558097150566615 0.5438376359467019 0.5358579755226746 0.5719803083713916 0.5499547043955882 0.5710988349635433 0.6008842275672338 0.5819430077230469 0.6164238628003375 0.6236515996786414 0.6173726785553363 0.665160796457855 0.6480077056579858 0.6857122235419681 0.713038040311167 0.7026663783896141 0.7361246034793071 0.7900243934004887 0.8062373109023503 0.8584762039490406
0.48003280709554375 0.536896784856304 0.5810000677083816 0.5867577648842736 0.6090628477726153 0.5942483094703234 0.5866538887420406 0.6514848639219827 0.6462280019453538 0.6873018663819709 0.6896436652557602 0.6921277966424817 0.7217689384858201 0.7322330260816011 0.6959201378355829 0.6923571203141853 0.711384265316751 0.7019618341771434 0.6646665577983916 0.6134159659131566 0.5966803487673614 0.5624894203202033 0.573582347082397 0.5310849564790368 0.5352151210820049 0.5156439234543528 0.5494580564255536 0.5325935168370227 0.5792195943118557 0.5732731476460908 0.6058960576600444 0.5838702735646805 0.6341542192107896 0.6425364558170079 0.6172227003703195 0.6770842390090841 0.6896302257646154 0.7042450064216335 0.7653076596366194 0.7817009920376937 0.80528010069079 0.8600807651461689
0.5173781645964498 0.5379507287464774 0.5488468935617574 0.5727025841761887 0.5405755407089929 0.5679578664029206 0.6091015930867666 0.6237374809262468 0.6791670951479418 0.6694515566042738 0.7254618194188858 0.7172629360897924 0.7280254666569403 0.7394731555346392 0.7468836605896231 0.6699085511594115 0.6479272537885189 0.6441340114439823 0.642869067249615 0.5896335836648801 0.5470734780521866 0.5704213232127191 0.5421332264633962 0.5423634783453881 0.4853674929961351 0.5173406627842814 0.5084185481775549 0.5044005760339291 0.5146975200530665 0.5652884695790551 0.5809627958123752 0.5893188456736469 0.6137288275646798 0.6223377862076949 0.5905622190654468 0.610714285690774 0.6753413223239186 0.6947380897074801 0.7811597558159382 0.8051377326677894 0.8631187048793711 0.8501738500542884
0.5275846271104375 0.5221515219602922 0.5430694554923308 0.5470081991668538 0.5288272055095943 0.5802275948993687 0.6144855531258065 0.6586850644315996 0.6775810127715259 0.6829271121084772 0.7001201742415056 0.7125229689234148 0.7033857100235557 0.6942243222885834 0.6964641395644986 0.6935887320526172 0.6656163319232871 0.6350867949831389 0.6250154870864897 0.5650940129579926 0.5322980665745137 0.5429012376616755 0.5273722162483249 0.5483665432939665 0.5443829339259221 0.5184648091381044 0.5228468886743014 0.4850679207899022 0.5426845287007809 0.5647385318796686 0.553683224851482 0.5565705571676408 0.5456256002048402 0.5758794794213852 0.5562572485301958 0.5904442091254085 0.6662545488562712 0.6961694578156509 0.7129028311835567 0.7883870969235394 0.798758304025409 0.7994759777999113
0.5205915130538384 0.5419788228444151 0.5103203469001734 0.5477322899750764 0.5542137605667801 0.578319575589489 0.6428235208072176 0.6625439550491595 0.7000828185828308 0.6895230596304052 0.6532016385216078 0.6766236391191827 0.6727113426417684 0.7086734785477026 0.7247672325475378 0.6929524999076792 0.6386643484302614 0.626165488179668 0.5439413205516436 0.5623980406283323 0.530326774536561 0.5620899328846054 0.5801507514829676 0.5244750418187264 0.5342500531438625 0.5328783361144496 0.4999927979015539 0.47936990723025885 0.5247435130597395 0.5462014960307278 0.5587833031960439 0.5222669163332694 0.5271573896287792 0.5127743754733611 0.5096518029234618 0.5556127959640162 0.6215157042303838 0.6773444733721952 0.6845044629675885 0.737742511003945 0.7341299672030748 0.7372481885667026
0.5121998301729221 0.5348115214720579 0.5437548115402173 0.5541359880038806 0.5451958063275436 0.5790800982275784 0.6484329792887493 0.6930149841703379 0.6753690811502546 0.6427193218834006 0.6324257588255698 0.6315353038411912 0.6399057808881023 0.6514908888896568 0.6766807915815677 0.6370936064920942 0.6202674013091422 0.5761983782233578 0.5837963150560911 0.5560074312281161 0.5841250142484994 0.5829666615706449 0.567507549802559 0.5293132289300719 0.5123931534481968 0.5175452359336844 0.4971840852806268 0.47390517173402913 0.5339874939756599 0.5231263833170526 0.5052156622365747 0.5125539129025182 0.5151934475204123 0.48860537810096333 0.5105129877040383 0.5564501789891049 0.6260785402263309 0.6607029457785912 0.6699610076841376 0.6774956695134823 0.6924353597118292 0.6820890190271932
0.46041514317693866 0.5303168349717049 0.5458309997406986 0.5550427140485948 0.5514735157658106 0.5826076040630014 0.6785848638962444 0.6959697633858225 0.6574618364487542 0.6160082980337284 0.6211517731189585 0.6158201065539027 0.6116176438848232 0.6433566246953547 0.6772701180967075 0.6707677326900551 0.5963199768318289 0.6011919185854694 0.549284259652986 0.5597031685367708 0.5814470149233969 0.5468622184375804 0.5421717768637743 0.5068220455536974 0.5176449130351258 0.4929160345579525 0.45291447771867127 0.4869205910651282 0.51052536851249 0.48526864282989235 0.48571412923088597 0.4593977152545116 0.4435751420033825 0.45410900012156763 0.4755165751194609 0.5187634964430455 0.5805619785104374 0.6144832996516242 0.662111745271292 0.6501696759078177 0.6576391043600348 0.6857081414006048
0.4479325945450848 0.5045897706389426 0.5637114182136043 0.5556276536907011 0.5983953648527249 0.6036838050572381 0.6603187702918055 0.6559005869957233 0.5972320011755368 0.6211146328456203 0.6194197594853678 0.586476200378412 0.6335341833466794 0.6270376500790789 0.6366566939861922 0.6597386515509057 0.6009370238266958 0.6006171927206616 0.5336494850317753 0.5328744276338361 0.540133797317668 0.5106132487423315 0.5109427604254024 0.5064163033875294 0.490327064972587 0.4608005462065287 0.47454752547145 0.47003576150128606 0.45978517853822815 0.4523468465424977 0.4729939406306634 0.45771471305434175 0.471161162930722 0.4781581420312439 0.4579554722399915 0.5203040338075865 0.5499736806158498 0.587673520863744 0.5767884735397429 0.6026963329789397 0.5856593932041352 0.6293019547015475
0.4973711623034143 0.5139452761324751 0.5803767068549177 0.5997512219402324 0.5777930803338485 0.5924432467270748 0.6190058177121166 0.6083601238250433 0.562012011711594 0.6070050435392347 0.5942519391590814 0.597059327308903 0.611296993363044 0.6313089621327854 0.6466528074365364 0.6171107196620305 0.6391364216769816 0.5707854921989706 0.5332301149291325 0.5277343258886588 0.5323284206726643 0.502633879575646 0.4971100661850883 0.4970440947811917 0.49990092075019815 0.4662992688150709 0.4597460339880148 0.42869183404254196 0.45336138234023315 0.4452383742061284 0.4557259094028915 0.43272181151270905 0.42894316065380245 0.44758794765878196 0.4569030425901377 0.4826137229141863 0.5296464925075287 0.5566863797557028 0.5464839816147691 0.5441297721410563 0.5359395955637182 0.5560839223778892
0.5584868769280485 0.5839031013161126 0.5671826907090579 0.5831799223063991 0.5884820967017527 0.5779288726705188 0.5788439957095147 0.5854891171380604 0.5872859262979107 0.6020564642754387 0.5979935081342074 0.5690395603481723 0.6086143817022006 0.6063625506078254 0.6283533527923705 0.6048472427424537 0.6333654099593219 0.6164934071048025 0.586871025771176 0.5345190078618057 0.5448717573958796 0.5240292944755066 0.518331443767228 0.5273387860149216 0.46941937753119184 0.4341838722539363 0.40823399428648466 0.444602768886845 0.4406309722264642 0.4667289470236684 0.4497691724733992 0.43225385602209176 0.47112144926838395 0.4691116062305011 0.47420180491193287 0.4546740593685545 0.4954826901036216 0.47904656944203794 0.48709309685538776 0.4708039770785684 0.5128698499355251 0.4963703151571657
0.5664484551746785 0.5931202154047344 0.6323484434432074 0.5968155557387342 0.5242644364876572 0.5297697113013354 0.5134952787520716 0.5784845419300252 0.5947017072789375 0.557014152851212 0.5728833709361182 0.591305154342506 0.5844563404006322 0.5724878867340969 0.6051290013451872 0.629931391776939 0.6137994595319196 0.5716242978062054 0.6013325356791684 0.5652498269577484 0.5328980771425421 0.5632815054879026 0.5465838445213532 0.516927121534122 0.4928365701419236 0.45198047001379105 0.38427177187260453 0.4365679334413767 0.4672794333984175 0.46029759611910354 0.4208502341061751 0.4250805494442704 0.4513525478118292 0.4570927310718051 0.45055766618926896 0.42603340030901676 0.46561211028676647 0.43019761938333156 0.41337108339186934 0.43829721716085907 0.45990134227108814 0.4806515185214291
0.5441489028873713 0.568099947308121 0.5828831159675094 0.5540334243581246 0.568408620012743 0.5440583377831457 0.5270671136622344 0.5355617672914664 0.559714912685929 0.5454707801778428 0.5315639904631811 0.5860089727850957 0.5829707953588432 0.5578301107846105 0.5606819162600625 0.5897047628361086 0.5756155741766501 0.5670186598269328 0.5867573418988408 0.5693718205526822 0.534299028431864 0.5663087954793762 0.5307726455236095 0.5256045145132254 0.4765441833521766 0.4490088064053861 0.45202413111314543 0.4228194489379074 0.4556561147351549 0.49060207623937313 0.47805650895618707 0.4361965571101313 0.4407562706382087 0.42254377240797136 0.4427594456555791 0.43953218408444067 0.4403118527425633 0.4473792159007154 0.39373994350918023 0.41469717331414907 0.4199783948802644 0.4616993168330107
0.5107872675769857 0.543100024733177 0.5308059681475268 0.5261600943562771 0.5487200506552483 0.502498521209813 0.48618868385622777 0.4877533789917653 0.5407805879470171 0.5135390626616182 0.5289543461130078 0.5735540022152066 0.5811643168601738 0.5757537289832604 0.5680204368580689 0.5501751156598802 0.5300021785910225 0.5245233283077367 0.5468338152046095 0.5512577782874942 0.5325768938625705 0.5377788911590952 0.5547941704129152 0.5050271517664405 0.5038619519084714 0.4779902509075722 0.4419970848630638 0.441233665300961 0.490919417202115 0.5161387801220564 0.5053603683255093 0.4558337024631276 0.46908381517682884 0.4571098478407676 0.4250749970703784 0.3978247644484383 0.4175930163883848 0.4276334532896362 0.39144240036946343 0.4091929276949531 0.43105354160078857 0.4462127727687342
0.4998170358869879 0.4692887644224943 0.513166353589539 0.5289380305149384 0.5545236861407196 0.528340600132227 0.47354086767775766 0.4730344591301494 0.4992595128743361 0.5110836756244296 0.5215690673937539 0.5485418941412942 0.5718681757061144 0.5883183137673133 0.5862606739336572 0.571721458852295 0.555166578154602 0.5184599857821741 0.5294151997416192 0.5432069769023177 0.5546569278379353 0.5454624138641871 0.5249793455125753 0.5019585302206457 0.5030613054925717 0.47375659825621974 0.4684706047358058 0.46493911384631165 0.46939381850684225 0.5073398706078892 0.5047760117485777 0.5120652973499998 0.4952554567632612 0.4369659026829567 0.428204758725624 0.40116782676722085 0.4222921698458387 0.41611937350503275 0.3735604430983275 0.381241646912199 0.41956777257379635 0.41793904384674063
0.44264737684514033 0.4665475223891811 0.4662250997112315 0.48098502118865627 0.5037895858339098 0.49007930840078995 0.49082952468493624 0.5025692994265869 0.47164842135277907 0.49021344675183715 0.48646513926935275 0.5313740444599068 0.5581374352072803 0.5658590256082646 0.5698909461104292 0.5712134263102019 0.5672719277821227 0.5363770710284 0.5109821575627241 0.5410166385225648 0.5358539179754138 0.5108379944202907 0.4661743868780523 0.4813619489452071 0.4894066220510064 0.5170570828609814 0.5276462144024637 0.48977769360486323 0.46740458655223965 0.5043181646063578 0.5027057690619833 0.4674520045004729 0.47092786452336177 0.4263472483902054 0.40875414568432195 0.427656212319431 0.4495774943743137 0.4299897005860949 0.373786148503496 0.3761630097891117 0.363530059412998 0.3871444134624127
