Raster_benchmarking/continuous/raster-11.asc
NCOLS 100
NROWS 100
XLLCORNER 1743168.0750791456
YLLCORNER 5469288.217409114
CELLSIZE 10
NODATA_VALUE -9999
[rows 57 to 75 of 100, columns 0 to 42 of 100]
0.08345307895269019 0.056808846567115275 0.06215956276340909 0.08188319062826392 0.1084611746434514 0.1308788442043906 0.1929652640518913 0.20542410042399184 0.22484187594322172 0.25683148460520266 0.26189459797182274 0.2515149799310392 0.29191638687128185 0.31047421866299313 0.33069040786909476 0.3381897299135114 0.3571280455272174 0.3640387733819393 0.39686852898906383 0.3778736400743998 0.36028488414160614 0.3775477385102398 0.4010583667689663 0.42459940767050114 0.4373979050175788 0.4561119160492562 0.4513156023561501 0.4365644102022284 0.4073751697004281 0.4046990515487228 0.3838224435233768 0.37937716102531427 0.39665916214312213 0.3965709573825319 0.43151161592715087 0.4522812662121842 0.44635380724532175 0.42203420192297975 0.4268867992471597 0.4167635078362616 0.4251736716211877 0.4126056102406595 0.43310906058113424
0.08699139710846744 0.08880448669442756 0.07963620248759298 0.12157664341970273 0.1389126520795065 0.14322334908611375 0.19143467301685385 0.18549535920421523 0.20433974960857623 0.27430681327477274 0.274847766247125 0.2726846793740512 0.277721191700075 0.3152569544391228 0.3402396021283203 0.34802401644661296 0.3148143096668686 0.36464397160731293 0.3736368769104921 0.38178123710330036 0.34166703074082333 0.3571323235074874 0.3894073835914542 0.43227826234050715 0.44880262397052306 0.42364850325436315 0.4246800351022604 0.43270893097416235 0.39864847249247815 0.404128999247478 0.40540510098396493 0.430516045849852 0.4323663140155168 0.4105193482940935 0.45241169003281334 0.48854993010968484 0.4987276793408497 0.4737411246693102 0.4734936663196975 0.43364987060296495 0.43808101062070703 0.43776297475383036 0.5030994673052211
0.1238071062826583 0.12954125811448944 0.11504896813961402 0.17377898686348967 0.2023146213078554 0.18390476277519285 0.20785209906742205 0.23196756194575238 0.21117850117896558 0.26920352120366114 0.27819191026353424 0.2807867972555887 0.3003654949734246 0.2805936700474505 0.3192518657931511 0.3161950766867082 0.3187891098154614 0.3264399326623559 0.3505022871791187 0.37391992559504006 0.359126306368679 0.36318294251673033 0.3837172751434295 0.40428725870707777 0.39193292465925483 0.40312251938541727 0.4162113414841869 0.4352894354691629 0.43271975688470904 0.4455582707103395 0.4371922471970365 0.45298444351094447 0.46263027797156225 0.453501089970265 0.4885882889513206 0.4937779594711373 0.4992672345693589 0.5034784478378174 0.47611685979049256 0.4667984930535894 0.48354915383114655 0.49129375612834414 0.5017423184372879
0.11068800270818675 0.1531813966056014 0.1711018109186633 0.2145831346945713 0.23323550334424886 0.23070214238037975 0.249387013454421 0.2315913144859355 0.22565482512798343 0.2656862316812618 0.2778215033045313 0.2659219705819337 0.27451115531472176 0.3026130159708388 0.2854581180157043 0.27796543229417714 0.2861439833177382 0.3432833969953713 0.35578160728805563 0.3336317442748157 0.33097963549574305 0.333968660518061 0.3339492890896063 0.34015763550864625 0.35769298761032686 0.3858018180662703 0.40725576021090476 0.40854667726707133 0.44434432290629866 0.4493155763396978 0.44077784022824196 0.42894966563804693 0.4530811369263501 0.47213445224457323 0.48508213457632304 0.4993777232382505 0.5217818325044834 0.49797487690285624 0.5085268829899722 0.5001391916272843 0.4698647040109852 0.5103192998820477 0.508106839632683
0.1818107104751967 0.16079797245432106 0.20757351534333918 0.214165698521833 0.25168126293978843 0.22777711141161366 0.2543725883569915 0.23838023827413035 0.27437745496995597 0.27872194539836537 0.31216271213356406 0.28177574286864426 0.28574496080607936 0.28893807869421495 0.3109402423987024 0.2954975105872144 0.2868361209400059 0.31806855448149685 0.3335251343027975 0.32529300025369734 0.33340622822794075 0.3180557705268014 0.32136026666011835 0.35471495175378276 0.3476435851683718 0.3914009834142345 0.405847262593139 0.38706789360098415 0.3956361652397443 0.43843671525115924 0.4223425705525858 0.437913021511562 0.4898119615691008 0.5065512367714948 0.5189822439484941 0.5227817804138435 0.5173610825091471 0.5060760820429027 0.5365793342037569 0.5066936477908135 0.5140820975982001 0.5502303935489136 0.5596375774846182
0.21848787423886293 0.1902525911248258 0.2383269277846786 0.26009597991322037 0.2648139927210129 0.2523693189869332 0.24447587023817008 0.2688766285249249 0.3009374701040262 0.31455155736666773 0.3387842680196187 0.3329879918376377 0.3082952487874646 0.2995503291237015 0.28441453643823433 0.2992054861665144 0.3230452996781998 0.31931257266723756 0.27395004241496934 0.32492207477285606 0.34325841687894487 0.3513707757945745 0.3188514754868996 0.3435001993541481 0.33624440322940136 0.340863489179069 0.3817735713813124 0.3600748828819736 0.4048353187977947 0.41764387160228134 0.3982590295255459 0.42918694071196567 0.5032799102670837 0.4898630980387534 0.5363829174383821 0.5149631271336181 0.5250094673054531 0.516910079083864 0.552475140912049 0.5651212505819351 0.5757097397965782 0.5837413803169613 0.561501473049635
0.19313007585127603 0.1996988631772643 0.2466847757436704 0.25976885704810404 0.2927349765328445 0.26912210322027136 0.3054727501141304 0.28765529729647266 0.31501924371740775 0.32419478889380826 0.35265715396929853 0.3476391798148478 0.31363891373685265 0.3148361722811253 0.31256731325021864 0.30374481461734565 0.2946789956110501 0.307164444167016 0.2859420697174252 0.28021505702111654 0.31833293538504337 0.33120217176491296 0.3346192914595513 0.32925221823010686 0.31672762122007825 0.3378693145120072 0.3542207073594892 0.35412718674514776 0.3518493593313583 0.37900112128427965 0.4209081462092903 0.4551398975454525 0.46153876720464476 0.5082507560697423 0.5467869183956756 0.5314845475405631 0.5493011253333848 0.5619584174889481 0.576212420453191 0.5448330570612294 0.5678214866079495 0.5812906000446207 0.5561695545279891
0.20854934667942815 0.21393919170606193 0.21537718513888318 0.24731612976144166 0.3068917195004379 0.3136390861926313 0.3434993798479741 0.32942604627214 0.3471728855409044 0.32517446250957377 0.31741956853387343 0.31772340205999994 0.3664645154064178 0.33805259773846386 0.2963754659719156 0.30806954837671635 0.31298072768474877 0.28024432381464814 0.3020300157366111 0.2725936460785091 0.2944823300289143 0.30937513443634296 0.31236345201030385 0.3106594720863038 0.3287579476365583 0.3234325790842053 0.34306957310763386 0.34240489277771274 0.3511609496864685 0.3780910147943676 0.3831985647881414 0.44644218281101605 0.47229669368158483 0.5254875385772996 0.5281366594982004 0.5585833617910438 0.604833284257072 0.5968811508382283 0.5515630009234807 0.5649626681770306 0.5735145898126652 0.5860338881681814 0.5621461786705723
0.22126849740484536 0.2545678947423316 0.25374993806662716 0.2793275540675926 0.32261578471788355 0.3414617762635827 0.3371459764004215 0.3113351554800532 0.31619087580590194 0.292920079161123 0.3192086489357606 0.315488558975732 0.3037002304904506 0.3034450755308941 0.2812839006733833 0.2703005521423235 0.2764527995591744 0.283214583163974 0.30403703605411814 0.2785536908419861 0.26456429136049225 0.2749035346481358 0.30124939694690134 0.3411071908558681 0.3263815956264541 0.3355572320006974 0.32994173459668025 0.36946551068855044 0.39493102659206786 0.4163815464682459 0.42685148327097705 0.45672619885363935 0.4751248212783004 0.515342278774198 0.5219718772849689 0.5407239307347326 0.5848478175902477 0.5759466582880531 0.5356930711227296 0.5586631802447017 0.5685959922226544 0.5414148750994169 0.5608103289425417
0.24811605387351743 0.2609367637014457 0.2513510136648349 0.2784517348618468 0.32528817842114527 0.34530288467736714 0.34563421320239085 0.3022341897682718 0.2796341564447649 0.283955850728084 0.29103568881299224 0.2829460799135522 0.3241106111081905 0.2767936551398894 0.26132305656394167 0.28665669114629005 0.2627882305095249 0.2557371067711309 0.2684343244822206 0.27241014840230354 0.2548288277330877 0.3042276488949209 0.323667060407566 0.36603253774101135 0.3341683045720106 0.36543577022123475 0.3462517902672319 0.3987230319003294 0.41269404917856095 0.4044938760201214 0.44472131629061906 0.43553754584795845 0.4599554131901201 0.5192373962888289 0.53703789069724 0.5396828241998219 0.5609450758548413 0.5527886027442006 0.5380957099386771 0.5514177798213378 0.5345415449921124 0.5279277997398796 0.5480581518938159
0.23678401031109322 0.26754370254248827 0.2647537151824648 0.28550570596471847 0.32965891306544504 0.34767960741705023 0.3113117196931077 0.2943540350914636 0.26865280595925195 0.2572739754561052 0.2553702768616093 0.2617822680061046 0.2913378786158229 0.254761036127251 0.24977417337143457 0.2578615650162901 0.2653619883466754 0.2872754119099477 0.28954982623415854 0.27712431682954086 0.26509229821466096 0.27854892223083016 0.31840741925634686 0.37156967749148323 0.3815727282356876 0.3890328230495878 0.3700667529601884 0.39486219600597683 0.3982171768976485 0.42552551834623176 0.4425872540749091 0.47040229361329583 0.5110823936780879 0.5337825088997702 0.5505663466874011 0.5232774839434814 0.5183704039515019 0.5193729278770521 0.5236663055652631 0.5408795160771828 0.5089715638567799 0.4992288906046962 0.5134680534196945
0.22797182479257716 0.2566725561896721 0.29197363258612713 0.30664462613115695 0.312789811940866 0.3252944504723998 0.3341422219517848 0.28161144664527626 0.2574230355826442 0.2549558475137055 0.2675695172254796 0.25671326387547394 0.23027275355920934 0.24842566721407577 0.24669102038986795 0.27387699364220097 0.27492405509332557 0.2853546474292985 0.24966345061997872 0.2881991632724268 0.2833379211105016 0.2907462444247624 0.3186498695916126 0.3939550496068674 0.4318407985637166 0.4180329072386403 0.38434065907697545 0.38323602073914054 0.4220015007246684 0.4297863730832286 0.4461649026562236 0.4850015260607626 0.5366315201477371 0.526039337655191 0.5246128785782765 0.5120458194531349 0.5268733044201418 0.5417631729542866 0.5255132147701236 0.5239622393861659 0.49638908786891756 0.49933451375212345 0.5093485082351957
0.23456268201975006 0.2537408304186956 0.2590727847306933 0.31475159134051317 0.32908556700270697 0.335079866684311 0.32545977095325884 0.30687989871587423 0.25768311488803414 0.24355849499816418 0.24275399503448222 0.21723673689317505 0.2275156065062608 0.23077455692413856 0.23518303156721965 0.2747162507012685 0.2460565460390762 0.2713062985270828 0.25731550538827047 0.2878348276399963 0.2823371077769888 0.3455988783618954 0.37806132696907624 0.3758480405878963 0.4374349013577941 0.41033073860890557 0.4190752171820123 0.40329814829934785 0.4232573212973996 0.4240159626584811 0.45422621964954574 0.4988201742084514 0.5085944999389307 0.5114021770463131 0.4907710546657796 0.5117619770724884 0.49739066691032746 0.5281637437836464 0.5256366468686186 0.5390097675175606 0.5312345537576092 0.5215200650392057 0.5283494297888112
0.25221508780889623 0.26066174377875356 0.25378760981258314 0.28800300256899053 0.32161641033400995 0.3278493112530658 0.3051969958565681 0.2959664009783871 0.2583544358776762 0.25640332616308203 0.21314689894816166 0.22807804382653465 0.21805429992290537 0.23787876248616838 0.2630049765415076 0.2791995285843729 0.23768045136856342 0.2748590449203311 0.2674503932894407 0.3156742189146795 0.2995962048584397 0.36237626672395046 0.38878489347830153 0.4023271301309664 0.45340979951855603 0.43473933142806426 0.41808249331821323 0.45328949869495977 0.44476667915438284 0.42911600952899465 0.4608374985788855 0.48622097949025245 0.5172509394078608 0.4878355895503648 0.5005535363511723 0.5125906052126046 0.4925298468507455 0.5235448300231401 0.4980667119182711 0.5248413603284132 0.5527628137155342 0.5255025430346408 0.561302285367959
0.2204513105015073 0.2147899516209999 0.2487111867407512 0.25345325826944115 0.2583711241886584 0.2761395584188164 0.2734979302162869 0.291162252109049 0.2559594584033806 0.2467161962302299 0.19977536255679876 0.20277642565792184 0.22459812282225966 0.22662100832776602 0.2668213723498712 0.2754439784663075 0.26597401665494114 0.2703523557636985 0.29100690509186244 0.3193737199625503 0.33445355954882944 0.38917302738266524 0.3947857073259711 0.4128063971290972 0.4117741460657363 0.42576064480785647 0.4536054154383312 0.45871297394394606 0.4647618708624288 0.4720778576009087 0.46358463046753223 0.47053856173742015 0.5229502756799255 0.49493775763138226 0.503134718066151 0.49332036162817144 0.4923256333719973 0.5202864113562689 0.5310993395011823 0.5389469691106945 0.5376444978189349 0.5424541230146711 0.5409315976945029
0.1915386694845772 0.20700661822851749 0.24642524516500983 0.25882088391572267 0.2662128821992887 0.2512728727265479 0.2608831054685219 0.267371832076821 0.28216709261358724 0.24272703802137613 0.20713754835222747 0.1866344496447261 0.1723111335180217 0.22904487399130458 0.23643404460889542 0.2603049778088509 0.30298817439749437 0.3042644318867556 0.3445748174670431 0.3671161044835013 0.35913798115695145 0.4108109435730305 0.43684889502010743 0.44409543943740876 0.42710981832006445 0.42749642739328847 0.44294170273451455 0.47059523812501813 0.47871343594824445 0.4549086172178063 0.4501255159265793 0.4751397735110449 0.5333608947945769 0.49232052323536496 0.49333961264193976 0.5020344606582174 0.522939861796895 0.48929039044401673 0.5228951047845928 0.5523385904328741 0.5378878487445508 0.4989944097662359 0.504469227042047
0.16519179347167762 0.21539377184905856 0.24426220557779396 0.23024070449457248 0.27868876616132576 0.2622671797235522 0.27873683013793105 0.24947396011598158 0.25968049220073114 0.2554282071518339 0.2439460557863047 0.218705026477622 0.21662568745167923 0.22592706663073922 0.23458648757008202 0.2630127194445402 0.31027148205438954 0.35317457893434717 0.36510598660550025 0.36344070578185045 0.3511974707708084 0.40496906683872913 0.42098314774879425 0.41453788858198326 0.395369872315972 0.39882090990197977 0.42145556057181954 0.4457394359863537 0.4756544870456353 0.4427422160497704 0.4800392493839468 0.49061906117872006 0.49169180369413823 0.5067766913070507 0.5068881914562651 0.5141510934859669 0.5021471621693728 0.4832554083638373 0.5176424328304461 0.519698514859303 0.5071360919292065 0.49064245319783595 0.4975886202480023
0.16361639422814173 0.1997991031141789 0.22369045425662776 0.21805640766188567 0.26297989685524625 0.2535673319343762 0.2502277167461892 0.24485805562579324 0.2617616405519851 0.21589713957798679 0.2031952089701859 0.20560188199614338 0.22782684830149108 0.2435396850223722 0.2419299765247131 0.3022000684796757 0.3370160404529212 0.35096997433351856 0.365059084321999 0.36696725683060316 0.3444191418938081 0.3884889108760079 0.42112349137698946 0.375942442249011 0.3719680477179243 0.36624548418324643 0.4028576895866331 0.441853061391081 0.46765596347296345 0.46032132320186553 0.4677415708098202 0.45536855242772045 0.4689320637906644 0.47799879248152727 0.4961267488276302 0.5015578169275672 0.4891394788119899 0.46833277442349064 0.4822839758045733 0.487505591025505 0.47448960890592395 0.47701065878344634 0.48841883751132736
0.1876784023836726 0.19225485206979315 0.19840637205411368 0.2267493946573105 0.23262623234627164 0.21901981480100005 0.21050412286094813 0.22768950479812725 0.21966904823734928 0.22096355629538553 0.18816859710596412 0.1998632546003401 0.19015686657335132 0.22082772502848294 0.2685580467472047 0.2767317431602058 0.32277883865761914 0.32371752946501237 0.3400768576380201 0.35460131355218577 0.3665739330023764 0.3886738808175647 0.40743195540916266 0.3841133947499103 0.3627927023175552 0.36584065715125924 0.36920642878301013 0.427839950120607 0.4322129954935719 0.44631155302224884 0.4834594679699285 0.4653899883199707 0.5014335812365256 0.4781231018031343 0.4808516724230666 0.4896469129474382 0.49365268909533205 0.465979629218479 0.4946077534911205 0.4693233780318192 0.46134984731509343 0.49087469346728235 0.5019145060704534
