Raster_benchmarking/continuous/raster-25.asc
NCOLS 100
NROWS 100
XLLCORNER 1743154.1338888006
YLLCORNER 5469295.295085279
CELLSIZE 10
NODATA_VALUE -9999
[rows 57 to 75 of 100, columns 0 to 42 of 100]
0.5760673484976435 0.5623885054414601 0.5376376774916433 0.550282179088655 0.5598581403660916 0.6162518061511754 0.5955408689975856 0.5754856277829522 0.5219987581113796 0.5340368431563254 0.474467316397071 0.5145313562832348 0.48646580408089474 0.4972398905396518 0.4934514787152864 0.5001966950035762 0.5241527885779468 0.480176109596986 0.4648142594891558 0.4719572930916043 0.4697466551980219 0.4693827921115946 0.45142120007109743 0.4744311152423643 0.40511692612878447 0.38924906427214173 0.33403844777367125 0.3485776925489367 0.3157157345007696 0.29392401167122334 0.300781259239541 0.3173676769783365 0.32030070865284227 0.23465340018585037 0.2425643708292836 0.2697397015109057 0.29305612796664665 0.2856879241768818 0.2302062098408316 0.23830950989253813 0.27791993683362964 0.33194314884142107 0.37089598139778
0.5919472003875952 0.5930946908238923 0.6024668566903884 0.5619075484144335 0.5776902285999616 0.6566422105747144 0.6485116168348996 0.6011042514506757 0.5424121398270607 0.5369937707548499 0.4766610244906407 0.48759017323364034 0.4711139408345543 0.4913975761618944 0.46370438192659097 0.44890700658382454 0.5099899252895516 0.4717077099145711 0.41529570414669864 0.43430077746184886 0.399116094144751 0.41612423137536614 0.40150032575152295 0.37724005485891804 0.3960988982994531 0.34923450926885524 0.3294590335993773 0.33231205402638847 0.33494781566765297 0.2774912165344006 0.24912609561930335 0.24088380451380467 0.30119643263251344 0.25922154881606085 0.20387147476108783 0.22809921858691437 0.2582879664507602 0.22755567864357062 0.26842394886165344 0.25745305100071264 0.31901289828879587 0.3629265019353993 0.3935090274693266
0.5858714611672307 0.6380265538722361 0.6137211262321278 0.6293545631477776 0.6023025152537537 0.6616022942675487 0.6743152273191211 0.6319013539625563 0.5457518134481172 0.5015088945913163 0.5029341718041107 0.4373302606557977 0.46191704108216036 0.4909284036945345 0.44646496447048395 0.44520009084160506 0.47245176956178075 0.4047929353288218 0.3663610101145436 0.3717327058122643 0.36748774511435767 0.3695775222790307 0.3631617329262629 0.34021516574638544 0.3701296603622896 0.3445181833466986 0.34953551887260886 0.28830647338067716 0.3017874168057703 0.28634316788677766 0.2323528153291958 0.2256749470762208 0.2785546655291453 0.2725718730129746 0.23587517283502646 0.2561153800533735 0.2671817440156715 0.2223069130851684 0.2666192013713762 0.28920189038546923 0.32751752734709155 0.3154894808885091 0.3746144242849495
0.6300440030890966 0.6967580125149967 0.6868867965654495 0.6415417341327004 0.6721600502273863 0.6484822721457225 0.6843093156789843 0.6191754430009814 0.5499683060201002 0.49072003138701825 0.47267248578590504 0.4711599110561586 0.4510060342967922 0.4345072507195171 0.4603864249240609 0.45071303220093495 0.41250740915216905 0.43558140127871814 0.4156762338245773 0.3888073580610267 0.3299200874440261 0.3131221271171707 0.2870769585138867 0.3293454347705108 0.31378815353446443 0.30986567273778365 0.29708521450573977 0.29939386448641453 0.2498629586023433 0.23466890036391744 0.20480216686774277 0.1898629639997262 0.2572156873922408 0.24418824344879256 0.24217453817744303 0.2622560586397143 0.19418055520846184 0.22638996222121963 0.19428586477950416 0.24419247001273037 0.3393711418290117 0.325490298747149 0.34920547738467866
0.664309346648691 0.6940003550454888 0.6673195580347713 0.7166284486828435 0.6811984980656175 0.6442205746963009 0.6435523598964522 0.5928724475494304 0.5846065602229219 0.4906467823223967 0.4781920372204267 0.4283352247925539 0.4016895631044174 0.46278549699369304 0.4500782222238006 0.4560846080648681 0.4001556760551727 0.4053808792425198 0.4038787055948919 0.405210479866751 0.3816412480416695 0.30151298385623815 0.3128386210281161 0.2983543691285386 0.3019835481843424 0.28575142005744547 0.24283574692252366 0.23683923207175644 0.22319936264691226 0.20798719572130162 0.17097608897713532 0.1621232912547362 0.19215746324900088 0.2554406417287485 0.2484341434230721 0.2292399029088522 0.21693992167273274 0.19680963188077738 0.2207469733643853 0.26334992284472647 0.30778227694179866 0.3128824969329406 0.2916637081270513
0.6706193837626417 0.6717082189174641 0.6941015374854135 0.6726256602779375 0.7033247607017066 0.6840253118195341 0.6269714206339326 0.6091103698045429 0.5944267128976878 0.5114603511973467 0.4696802285810763 0.4063198866769335 0.4003882923030178 0.3984461074265421 0.4072571407213221 0.42690132958877397 0.4467770253377181 0.4201539088746738 0.3854680619085661 0.37582814736070785 0.37249193660601737 0.3278026516030488 0.25330233617726866 0.26263062733432 0.2541064713699205 0.27512350694022364 0.21446008051914997 0.25213542482009205 0.23666065887491547 0.20493908632867508 0.1427352762865512 0.12688250384733712 0.1733855537728895 0.21686541804481016 0.214650201556125 0.24785944383332695 0.2576335347306497 0.24211570118838505 0.2823950181547634 0.2568728421804467 0.270429723646382 0.29974661595308133 0.3196234009029448
0.6578133752324761 0.694574046043578 0.7379788541295825 0.71811704202488 0.7123341161825697 0.6532847312536273 0.6617185959689649 0.6100154779063766 0.6001844943351798 0.5531032987057988 0.4927341629235615 0.4378165866260929 0.44018494006867226 0.39486847810120423 0.40397115015649504 0.4360231980730672 0.44966015691635836 0.38415664424702994 0.3859602044468761 0.337746872705102 0.36606862142661056 0.31630486288404663 0.265560993068246 0.22745224330134578 0.23499713037209313 0.23019160827932872 0.20033664287080258 0.18339997029466482 0.23228562935511046 0.21868523253580577 0.16567346363175264 0.16445803513118365 0.17255332435568155 0.20641584069617042 0.25072845759124796 0.255644862685323 0.28516058055238663 0.2744493768557113 0.20257871337853822 0.20786409291231547 0.21647054184999145 0.2412735325818712 0.2987234189423929
0.6291712797595888 0.6745418806572714 0.7402516102903532 0.7427524318569497 0.7282172511126199 0.7091136701658142 0.6972983239003726 0.6725566605658863 0.6149233928722115 0.5508195638248568 0.5180410154823546 0.4602229588936921 0.38907487617640873 0.38400723860760816 0.38002951229090953 0.3814646733606168 0.4026665721282204 0.4118914142042704 0.3749267856534003 0.3702731536505276 0.3109495569476908 0.29176971187473816 0.19813092633322388 0.1984823146140549 0.17348551365251907 0.20084694253949945 0.15248061501938426 0.2031286489920303 0.183617465991679 0.21788412290240097 0.18897054437304092 0.22339138797737076 0.23082091002921312 0.20050996365043872 0.23193328708693237 0.24444419003845722 0.27464113311194427 0.270101812592462 0.17720717407727504 0.20040664208713466 0.2362599149169951 0.2805072217609833 0.265895592172707
0.696143244003042 0.6734792495524562 0.7229332628261279 0.6773440767080492 0.6637402940259892 0.6885197939073824 0.6812424573541906 0.6472950733971414 0.6179774376565536 0.5567545810777257 0.53414376001813 0.444110246784634 0.38791521657226496 0.384696068261159 0.3831327458682481 0.37669516025667343 0.4086215152427999 0.3889333705755348 0.3527994931230625 0.32089297590121163 0.32679175585596226 0.25044287866039316 0.24966533976106645 0.22043846488602073 0.19246882363102502 0.23004640651462988 0.24424305804680174 0.20753257301139258 0.20295258202379454 0.1774427149142563 0.20500278341363365 0.21686126316131504 0.25149783532904435 0.23575241143282138 0.23314648581053465 0.25621439516965594 0.22661686399236167 0.2508876448104886 0.241916238431842 0.21542604232672072 0.2167170855371922 0.2594886624645863 0.27484227454263765
0.6806707039598401 0.6654666022158454 0.6918486600562066 0.6912375758692416 0.6300185935455351 0.6242820860146976 0.5807126220014539 0.593920045257812 0.6062055020407163 0.5761537915145769 0.4918942210766643 0.4824707589862821 0.4467114701610694 0.39223754955177004 0.4041849940674232 0.39435193434059257 0.4257808237918416 0.39721492820778287 0.3442025042022071 0.34018243873297493 0.3507654972650225 0.30751876088367786 0.27307107647199325 0.24704830637416872 0.26462210640273326 0.2449899156564747 0.2696547345239169 0.25095808646893986 0.22609515141140454 0.17138897169079975 0.17880446325883304 0.19531860165789183 0.19177185069571637 0.20241186949226977 0.20470747695217453 0.2213690781896199 0.20770244986424313 0.23861326416417494 0.21664578418985997 0.25560005162467603 0.23471175031939762 0.28119838832062816 0.3250418351148201
0.6749410832985567 0.6970984247434223 0.6598006033642393 0.6513711477679179 0.6085114965773714 0.5737480501653301 0.552666751957378 0.5981658580816736 0.5667542279128742 0.548350241472966 0.451241639407855 0.43700792728321647 0.4450353772348351 0.4627926067491857 0.44569681860878635 0.4795070966950176 0.45822484989773976 0.3877266831325906 0.3865435211459866 0.3750281459181696 0.3397411439622529 0.29614650360212086 0.28177167591404184 0.27245048063636174 0.27649160149173935 0.24962634207422593 0.2643083410683512 0.26349147659845046 0.21689143122067112 0.21207190035541276 0.14210103634471377 0.1514796041300291 0.16414404082133263 0.17197955054441527 0.17702278217135956 0.20382562766511725 0.2618084491264286 0.2544965847174112 0.22875401464721806 0.22821356940926713 0.2917045820845542 0.31696750921784844 0.3155477232069425
0.6376235149297428 0.6271595021306162 0.6558342041946896 0.6321337672457127 0.5634316278269894 0.577430745563436 0.5483041428050791 0.5588663791091877 0.5930840867354671 0.5330340848429274 0.4704082871592488 0.4707657964511477 0.44555608041625755 0.5095131930874913 0.4958188550865191 0.4884953562483373 0.4543956561946959 0.4311042601678156 0.3766297385306459 0.38786141366714966 0.3246781601525586 0.3359156123824981 0.3265034977232572 0.3309147822478033 0.32578596682632827 0.316788249575807 0.26964084895232676 0.249267978772485 0.24985951296815662 0.1943607983567836 0.14157123768310473 0.14462885762461294 0.18662062027292786 0.21332398840460903 0.23037895750927564 0.22916403627445378 0.2477744218153238 0.26528148763617354 0.31060415088357796 0.2520993187364892 0.28134604789429885 0.3468835186255781 0.3811656823439567
0.6426143924362672 0.6371583882351202 0.6362954371664041 0.5913950564048076 0.5926962477143726 0.5670749610207055 0.5774751659195297 0.5972104684015795 0.5560778946699 0.497645534838905 0.4999472133800809 0.480735317026071 0.49920263812192334 0.5147526364350874 0.49071343702707043 0.5027700674375724 0.46576400359105846 0.44079780212178354 0.3915971944428549 0.4015123453012188 0.40169780245795994 0.35872960213140487 0.30287736852083963 0.3152787538730924 0.3196590732868335 0.29696825439537655 0.2931044256510014 0.2887302379100641 0.27620816391603054 0.23168017746358657 0.1612003507270771 0.15767418113021608 0.1774827156914905 0.1798710731323654 0.24625412617445055 0.26965673699323406 0.24616920186334307 0.28890636146867016 0.24617159620230336 0.26693182989162173 0.2842639093989017 0.31322413465075205 0.3348279343548446
0.5798269466651516 0.5962675977764809 0.5747516770699818 0.6366871137009155 0.6503218150914075 0.6451745300185647 0.6075759236076164 0.5647959628073379 0.5255371856044706 0.5330506171166477 0.4717796744633737 0.4742519290444201 0.5298646530217549 0.5179052580588291 0.55841526110383 0.4897021907172995 0.47390911965836596 0.40316167598333547 0.3785039243637028 0.3927844560742218 0.389667546921702 0.3640477313046463 0.31054780251954883 0.27755309322477556 0.2770507554883226 0.2809109517612836 0.24774017775012092 0.3026388670680449 0.29265772399491014 0.23802669452051956 0.22249099107625372 0.17456195640186098 0.1676782172100084 0.22398621233493662 0.25526588229766073 0.2744259934825949 0.2709995203594091 0.24540592926189828 0.22286612005550124 0.22608750567261912 0.27506768720566493 0.35419793682139294 0.363505396016065
0.564935092431677 0.5910020662927667 0.5760085166776993 0.60994203425988 0.6549391239191303 0.6587476765311766 0.6615624907447627 0.6167983569438766 0.5553313297160416 0.5459949170194569 0.5224041643825867 0.5023033915779924 0.4946549544588563 0.504277238661722 0.5375980132017499 0.4760407647544589 0.4678950478531477 0.4525129111812076 0.3988450274419768 0.3475028750393174 0.3596843132677761 0.32232585066311703 0.29633538869688525 0.3244372774259634 0.2710728690507661 0.2616463533454054 0.2820243500225019 0.27005585807918064 0.24278804714978475 0.24293212403619935 0.24146324533592187 0.23881128432395485 0.20961774575478315 0.19662720336058284 0.20825608514582644 0.2460213290803574 0.2892525679447819 0.27075516640011676 0.25041734177446245 0.22737078441899886 0.31151239556279037 0.32550345316661533 0.31589071877017044
0.5203488493174646 0.5751081588394843 0.5541088212717878 0.5769176886818624 0.6316834133127793 0.6344019563592972 0.6667678416867778 0.62916558539643 0.5434626245475727 0.5514230003823901 0.5571461528628247 0.5475194013760525 0.535989325363401 0.5510390341509362 0.5010576260135493 0.4464670001416624 0.4467520947549133 0.3813589498381974 0.3773202757274202 0.36679423488215923 0.34843056511951925 0.3504524829050883 0.31363490548989137 0.33433469518785836 0.3231380859821906 0.2926461023308936 0.3087995456520335 0.27524122287212305 0.2870427231351573 0.3065835353680683 0.2591660813483292 0.2687941411786727 0.24877425017002086 0.21985143804650628 0.17429968378507013 0.22982885127217148 0.26015945128267437 0.25928650008921067 0.18760467588507754 0.25323074530975936 0.3182504491625512 0.3023719674349647 0.2966703255428618
0.5150078887636858 0.5597610123745953 0.5577994354215335 0.6242173352943028 0.5982502543672851 0.6146146055448823 0.6139500940161892 0.6342896576184863 0.5617609802008828 0.5372650118002359 0.5525200247230602 0.5581109215403321 0.5653521411827777 0.5330439667460382 0.4774177411794461 0.4983017296236823 0.44863048639409814 0.37274994666761224 0.32983687189083066 0.33964028791889783 0.3819287323774393 0.38651153068918076 0.340095735369966 0.37204505536079535 0.37796855038324273 0.33655005976699137 0.36866708893946426 0.34183710643734166 0.35974371718407044 0.36818017767845546 0.3202511984985831 0.326856653620199 0.26570158033980634 0.2162321208723245 0.2452307982121685 0.2717083879791939 0.2925592232969912 0.21307948746005478 0.26890120988394256 0.313897289924584 0.3288182634613343 0.3284116867978768 0.3353406392819251
0.5143869629152652 0.591549933489784 0.5746991427476313 0.597800879283385 0.6204675479424867 0.6680176441248413 0.6542119272776659 0.6452425752115613 0.5655104490992705 0.573412244760266 0.5354480174996442 0.5445675173678887 0.5484277560263983 0.5315409154893205 0.48563460642126255 0.4806309477273076 0.43202962269751943 0.43484115789334193 0.34806067573388544 0.38238704023195313 0.33601359793860447 0.383554940091014 0.4140100882817288 0.3989894847970936 0.3894955976561872 0.3618782236160716 0.36456446246448454 0.34792062117159606 0.4034403106138347 0.37551300927869397 0.39277088671984745 0.4027028802300619 0.33581893573448446 0.2572493394446602 0.24839936303714905 0.2898618453677515 0.2913423873822571 0.29262411215675216 0.24570915189222653 0.34199983147721175 0.36249131480674796 0.3432097842084857 0.3295608410069639
0.5669195697244965 0.5975696709129771 0.5775872546164706 0.5895039535026115 0.621524530042006 0.6743300004654195 0.6695160946538437 0.5872659321097808 0.5693536724234428 0.5720031246109772 0.5681979030513897 0.5171740734722672 0.5515581154580959 0.5402329823260322 0.5346175044395391 0.48921055870398467 0.43125534471757826 0.45000928665988527 0.3832388054180148 0.3794032696978212 0.3672741510459356 0.37124465250379407 0.38576391360861984 0.3845462245230662 0.3404793740302676 0.3440413388002075 0.3314831018266725 0.36222169716187347 0.40438815360849306 0.4011370356331639 0.45138340236059127 0.41275444478567996 0.3859282547324728 0.31226770255247677 0.32409093587922455 0.28797505106821836 0.28947344527210755 0.28020075227467645 0.31272346694222525 0.33821788414299786 0.36979193691962164 0.41415643382733214 0.38504070935334694
