Raster_benchmarking/continuous/raster-247.asc
NCOLS 100
NROWS 100
XLLCORNER 1743158.5693733077
YLLCORNER 5469290.583636351
CELLSIZE 10
NODATA_VALUE -9999
[rows 57 to 75 of 100, columns 0 to 42 of 100]
0.4325468497673989 0.4476076210421131 0.39762085084167104 0.3569727377993272 0.31195926075265 0.3165954241238888 0.3069986151839059 0.31431111759496977 0.32177711146610893 0.34853739715046456 0.30170778813214527 0.3038199205961542 0.32457678957781877 0.3000085708045746 0.23946290599529071 0.20081900307967326 0.15862640238318082 0.2244015826845557 0.23433876052830382 0.25153470033827086 0.2498226275185756 0.22586980852708727 0.1831909558150029 0.17786118488016603 0.17064339625637814 0.18563925464821254 0.13054061628013242 0.10206915280182154 0.10192919432846984 0.15422444356932452 0.137891626551694 0.15411205076279505 0.19404732356327994 0.21511253087167548 0.236373044289812 0.32687159576539004 0.3676867174502595 0.42149270370165726 0.4616851115600679 0.5389733215841137 0.5642024651770314 0.6184761679485172 0.5923537079931701
0.44468462676961557 0.4022254563315711 0.3643996053346402 0.3076545752086356 0.33513864758354306 0.3361369279893134 0.33003673285700996 0.3662400060101483 0.35838026272012397 0.3570536913248105 0.32941147859952896 0.3004471227599443 0.276744198884161 0.27300620537099557 0.2533375306402056 0.15438608821870936 0.17563401931237752 0.20605841080824433 0.21503551849165353 0.24510934513554689 0.21911240077927746 0.21256181763199758 0.22156070490424998 0.20415451998757903 0.2161993358277788 0.18811469449875656 0.13826858295112213 0.10203833009428895 0.1386460737053003 0.17875659836512178 0.15098176621281253 0.1344471898152138 0.2292450856509554 0.218846478173944 0.27058984035717265 0.3582842060802793 0.37553773841345045 0.47507472071543067 0.517596632052683 0.575845123166004 0.6165283516870501 0.6133908723781688 0.6280909183136931
0.4483192383551352 0.37685710472995093 0.35839169749088157 0.35033020601560994 0.34335162092134097 0.32152772359468484 0.3205183941599783 0.35063261234588555 0.3314169047235997 0.33467831216780164 0.34453391106051034 0.28433209919876307 0.26666863564619325 0.22429869952331996 0.21589883693031012 0.22298667471563052 0.1981722538278968 0.19806317561761858 0.16388397666370394 0.1873674221827698 0.2204590039433748 0.22743041473333045 0.23377132403834694 0.17809283544319843 0.188967061502788 0.217809200201087 0.2112795887450598 0.1550587630901425 0.1834101833927915 0.1945552318647921 0.17136829335437612 0.1964546376033839 0.25596178084822035 0.311037777378257 0.33954692273490017 0.3695187028412603 0.4302733060428693 0.5206957755397613 0.5429543117517233 0.5556076587932148 0.6129092999444565 0.6421900099638406 0.6407643423838877
0.4390298997213434 0.37288190281621125 0.3472927335678054 0.32154806413886766 0.35853591295279896 0.3521857838806138 0.34471438635092383 0.3279534064203545 0.3303976405727647 0.3133613708264455 0.30269198846610024 0.29940047290639116 0.280054301273144 0.26743800527219214 0.22592023787305512 0.2218234614694802 0.19658453761571165 0.12539520930478593 0.13057017069994517 0.14097772215207954 0.16368207639091542 0.24337316989662142 0.22900598175651982 0.20478726383479093 0.20811566582221644 0.2458978185109014 0.20971067460942283 0.23209148996296863 0.24402312214215888 0.2072579825910401 0.26584980545135334 0.2733487868647069 0.28314344497073796 0.3014933132944747 0.34339322898975033 0.40969437054349517 0.46571946001829295 0.506074576757716 0.5571882761593201 0.6034905977656163 0.5966762689924647 0.6480176716962176 0.634274646670292
0.3980111391091581 0.3803573809553543 0.3645894795184604 0.3667590705017419 0.29971123321973714 0.30385100819935823 0.3076763404553428 0.2922263499788943 0.305123735895182 0.317873982340849 0.3269354429741925 0.29546773376433333 0.2740214005011671 0.2771020322079614 0.2544152190851105 0.2057278964599616 0.1932278447341526 0.18057958541518396 0.15742522790760746 0.11415358283528082 0.1549487264836126 0.19107245473747836 0.18912458416165223 0.24617598599135268 0.26209306804785953 0.23504139439062527 0.24687652642550395 0.27370903779326056 0.2424043425389545 0.2171768101746154 0.2834448590914253 0.30460787232660175 0.30528879647075563 0.3130919888123568 0.368539135657304 0.43673167127104795 0.508216216561598 0.5078376767182782 0.5578858430999377 0.5893639695230951 0.6080400490463826 0.6032468137664665 0.6091135045059517
0.3601404524995193 0.35664347797131796 0.3835487676008453 0.3514100213198674 0.2921933834021818 0.30323668911614843 0.29222799161613194 0.3413068931340455 0.30622112471709284 0.32673722786543785 0.31926493463669725 0.28530116312259857 0.27337394037978846 0.28183150832514675 0.2571921123981392 0.18922012307161823 0.19940645859046763 0.1310925727430776 0.1421118152519073 0.1317557453836801 0.2077895988389521 0.21191438980708519 0.20098740550323452 0.19994662160022073 0.24293243453358543 0.28993443878931174 0.2821620288805294 0.2924119757232096 0.26188136869318723 0.2603298023749548 0.30101686117137855 0.3413404642709377 0.3448284282077096 0.3419505147145861 0.39825024559353805 0.4449590006600576 0.514829915711287 0.5502170768192972 0.5625958509488623 0.5534451054557643 0.5771716643735201 0.6111560552188849 0.6164084452003536
0.37561666720263936 0.3932394861778948 0.35846538317366816 0.3315298565357065 0.32923140567289294 0.347314818954351 0.3092780905360404 0.3569477831622492 0.3338016379830911 0.28731250352463217 0.26548257939773146 0.3155894546092909 0.2852901076507596 0.26375518627605976 0.24377291851085656 0.20261585907396862 0.15851515625208532 0.16072347759319586 0.1185834714817425 0.13363015601382447 0.20196100706251235 0.2509405773805983 0.21424628915161112 0.24100623707937865 0.2779908273093627 0.31907813537547397 0.31666131011082155 0.35530371186190096 0.33696075636304534 0.3530685275791714 0.3602262894092236 0.38483608329557795 0.3945101767933496 0.4012824891587004 0.4485099675280167 0.48569754278323923 0.5031670454829879 0.5132221356182062 0.5248076224130819 0.5430501760592203 0.5447400185823293 0.5704042512059652 0.6172383793170968
0.42055528121487756 0.38666905288197734 0.42539327291273943 0.4004831965292497 0.3595577189006949 0.3527192460584969 0.30416473328553095 0.32792910533877767 0.29546185610294007 0.2693768708000649 0.3074145471263085 0.3030093272059971 0.27195912601491545 0.22677187341297872 0.24670800510457325 0.23280415681701322 0.17963029230587882 0.15224281084860528 0.18092816449562057 0.15403096684757958 0.2350625785058765 0.2595992186825572 0.2497873571135825 0.2868759438434745 0.30480628584585023 0.3246274897877867 0.37376433581055973 0.3787608219036307 0.3423467650492953 0.3941071215798681 0.4088128341114095 0.4314402583770874 0.45732830742699343 0.4682112525049731 0.47505560774888933 0.47187107891191704 0.47679505943725825 0.48607007768870825 0.5027490907677208 0.516970250249344 0.5411129086261197 0.5964306975404574 0.6278993024014358
0.44631956770375986 0.42248614866353856 0.43786368207124665 0.42142585597893395 0.3610349785316062 0.3725713963083662 0.3103779481482428 0.30292022520276823 0.316121414895896 0.2821450865060861 0.3263407821001132 0.3463489305938673 0.31373253561850495 0.26379986327945526 0.2321389963786024 0.2059796345507954 0.20314237060763793 0.19645018527474215 0.1905103132660498 0.17831966430758742 0.24333467106210058 0.23283716869026377 0.3007043966428714 0.2894055411948906 0.34236580173722186 0.3752617950706966 0.34924093763227515 0.38418213469669676 0.36163271789885487 0.3979219214855084 0.35458211465623724 0.37524880198483856 0.4530758277863664 0.4603875756903694 0.4546001600344022 0.5005284384431127 0.4764172041576074 0.45235577069136773 0.48719982068575773 0.5573647755881439 0.5659946033657001 0.6158994748330454 0.6259949948636102
0.4564985340307918 0.4724712924787906 0.4282987010318178 0.3814978271872916 0.3726645766142189 0.3946178205693885 0.31498144837904407 0.28969776339637304 0.27434991919522395 0.2679221252466201 0.3175334841664993 0.38020390638548063 0.31687413712193724 0.32808386544685414 0.3005261423702343 0.22123322274515123 0.25193053248706787 0.25267790030002024 0.24832717286333497 0.2297026986799419 0.274739165838201 0.250041952664542 0.31477970357563306 0.294202005147613 0.3481596882448907 0.3551986102770462 0.35184599096655855 0.3956566603188318 0.37983772141320854 0.36164213591414257 0.3819167709813807 0.3492888403396271 0.4337214018849083 0.46720069254109814 0.49398434519176315 0.5170707168466369 0.5189643627226326 0.4844521667719176 0.5437510384508097 0.5769128512849091 0.6095491322062007 0.6504140516533462 0.632706705224551
0.47141185171793676 0.4553156949619379 0.41474925795529527 0.42277694953596917 0.40684597129939254 0.3462578454700614 0.3709190772424216 0.36424714246759016 0.31187526077063066 0.3055111118160678 0.3036203536474558 0.36778585622984494 0.35688999002640487 0.34650601510380497 0.3083344492683885 0.2873765382776538 0.29258028698342775 0.2707490729386572 0.2812361853255373 0.2614637577133086 0.27849273741375674 0.31080123323918674 0.3191893165060643 0.31075671341121547 0.3171496935741004 0.38778220997336416 0.36824646636560177 0.3379508990651573 0.35414753154293427 0.36749367701371466 0.35876059525889903 0.34010798685695076 0.4093783296394404 0.4321553184684274 0.5045642908268254 0.5196287829347761 0.5169578576701979 0.5479124651885415 0.5626148781366851 0.5949018234544603 0.6302740806479299 0.6444052134093611 0.6781772762533653
0.4885711071128158 0.4594298301505856 0.46772000540860076 0.44238345134358775 0.40916944913187897 0.3425026299721497 0.37390456539389705 0.37221037356986136 0.36751383949875793 0.33048383518144064 0.3702895287392152 0.35417400696910495 0.3568074174940977 0.3123041113171051 0.3239557739444847 0.35281659848550323 0.3636177593414248 0.3439424540473028 0.33627855162652037 0.361075643190973 0.29043489446409015 0.29480019116138517 0.3393484318024874 0.317651254481845 0.3469742267799745 0.3809066307911996 0.3314642330808581 0.32102625356579967 0.35777760256722163 0.3659180578110833 0.3307557399733733 0.3441524229774844 0.39982905969869975 0.47591190406689066 0.5253184198816722 0.586168230339272 0.5820798510857486 0.5773457829773982 0.567233117083007 0.6110155957987757 0.6302603516016398 0.6925475489420216 0.6685568088091999
0.5197127184699004 0.49519370560447584 0.4812411855600998 0.48084118863252473 0.436742024055623 0.4211518401607072 0.3834393745919705 0.3913963490560379 0.34128086679662756 0.34528481585180487 0.36279229320027556 0.35881069547578565 0.3334655043735643 0.379713085089413 0.37406063404473533 0.3741216353725813 0.34871506944220776 0.34310397091501954 0.37764548098138145 0.374864835938382 0.3393396363204961 0.37555796289284876 0.3700561180449785 0.37308578254030733 0.36120655046623446 0.39670747379781734 0.3568924181699604 0.3707185107739598 0.35618569159503155 0.3677167533442952 0.3825448088639424 0.37925776399533123 0.4205767518613807 0.464812022952925 0.49860236387447354 0.5758897233244349 0.5871721534829052 0.5736884298932032 0.6078353588669094 0.6198766979295073 0.6359693710903334 0.6330005213711526 0.6650192928250165
0.5271587271071302 0.5667549946368201 0.5024777872604803 0.4974418646081611 0.47032368802883323 0.4566258562580815 0.4408064653774662 0.3854631017830986 0.36190581523493953 0.3850450022672925 0.38572711609527477 0.3921972954052418 0.40056138813789527 0.3764610914193025 0.39630422636053975 0.34259166071070063 0.3607316272797463 0.3396696429452272 0.3939575985178114 0.42674323029921546 0.3861549610310073 0.3753380621950024 0.38367529227297054 0.4183623103669341 0.44632807761832644 0.4390442221763295 0.3731989567732534 0.3557184686117775 0.38653161533219466 0.37534095721999194 0.35941905593472284 0.3828020094361791 0.4401707408266536 0.45733262609471237 0.5124576535400628 0.5928327616113158 0.5973725474133833 0.6053375124203847 0.6206913600994716 0.6414556983863079 0.6862634587680758 0.6514893694577073 0.6526055000804255
0.5913095055447231 0.5505816295674099 0.5255562425383398 0.47999077947636526 0.45083028198615555 0.41992632559998366 0.41420397957189053 0.38179981694248855 0.4121009593647046 0.42839496372005487 0.43263269776965163 0.3964041556475259 0.4049114487915545 0.4053765674379047 0.3849473697294409 0.33231665109409264 0.3528831642767749 0.35618996122192653 0.423769863908329 0.44031406465373263 0.4442780634319009 0.4156784064275236 0.4644573072797195 0.47019041145234125 0.4414077852484448 0.429207701279627 0.41875796594163534 0.45099783676282 0.4283731412686107 0.4322773948560995 0.4279164918759687 0.41245117030680634 0.43614007438589286 0.521175353095118 0.5550377294393084 0.6232929471924937 0.6442433007083165 0.6190869208932249 0.6833091033661437 0.6980879769102242 0.6997951054105979 0.6988917321707662 0.709560441057143
0.6096617532152624 0.6007519805825768 0.5261519502945797 0.5118357899514986 0.5128061475344788 0.4466730696089571 0.41476849663728754 0.38943580168684744 0.42432693001350424 0.4649300270548935 0.4338505566085809 0.4614419274639551 0.42220794900660685 0.4172851301113515 0.3866028507210406 0.364210044866235 0.37589307137407457 0.39861821396734176 0.43358049965848994 0.4398739926820094 0.48251208720179406 0.5081985913650443 0.4938808209714692 0.5463388502024114 0.5035881514052759 0.4892484885922365 0.49083974455009755 0.48839313796290246 0.46727224953925733 0.4534224106684065 0.4801653081497823 0.47272656495371984 0.48234584358559734 0.538369831238815 0.5731331227707696 0.6455932667518531 0.6799153672444547 0.6650292826789148 0.6786791428584584 0.7270159431801685 0.7261463771487551 0.745678502605589 0.7548342874695633
0.6202418545551751 0.5933711429257839 0.583094387522668 0.5212514757554919 0.5363117285433103 0.46012399169366885 0.4311634656729039 0.4618184521745264 0.44930260471492117 0.4740861308098619 0.44762817426563584 0.473801184131915 0.4497949880908031 0.46571971073207286 0.42386116643734745 0.39144957312489276 0.3710294304573363 0.3945294399622814 0.44131425404118296 0.44245314254050483 0.4896751343542231 0.47905872838835273 0.5147008374183651 0.5225560572489907 0.5333113758243603 0.5400551180480144 0.5302610387502914 0.5065868159992502 0.5203483832090263 0.5071683214422331 0.5427966666817668 0.5335268810150275 0.5642828735116826 0.6056468702122925 0.6270414759259276 0.7062398141306001 0.7089438891884563 0.6962355783910096 0.7334568501644247 0.7303299789365926 0.7240707586163153 0.7645276085360745 0.7510186979990956
0.650060977389712 0.6113020696780067 0.5642525787716646 0.5543861326549013 0.51574248702216 0.5252022920395305 0.4525238725441092 0.4524056115908939 0.4700954593584271 0.5168448292863373 0.44591715614595817 0.4610056944645213 0.46509681476839976 0.4772956089451272 0.4120779853902534 0.4199421477040017 0.4000005951399711 0.40129761864297137 0.4448465268824714 0.41472886035121426 0.4919763639116786 0.5057077623824864 0.5078779404540494 0.5617135855824009 0.5510240034069909 0.5782153146480085 0.5566517267013712 0.5979647740855145 0.5966414947245352 0.5676516117368829 0.5927095992174326 0.5690448975331796 0.5489665093285255 0.5818806915696525 0.6437846666788132 0.715642438476716 0.7130872311608787 0.6787156628284259 0.7321030280367149 0.7708558969230641 0.7857994592169661 0.7751584604646944 0.7100399271246656
0.6251465240828867 0.5877806933896813 0.5685737844704332 0.5553618786942585 0.5014899828404614 0.5096040692073246 0.5166639448857948 0.5203654613534747 0.5131767601305532 0.47482439268644905 0.48164241417814485 0.4590676216801327 0.48286696761304315 0.468587118577116 0.45521258409166376 0.4299639819609286 0.4545368767580159 0.45753032529458454 0.459506134326738 0.48582338292075367 0.46182946798476054 0.5184092074320122 0.4943410489177536 0.4919609826006643 0.5150618008097275 0.5117813428454168 0.5578733751303983 0.6053829231188311 0.581605591481663 0.5668728851563344 0.5679617236118119 0.5851260279762678 0.6040991712732684 0.5992137906619097 0.6719018540366856 0.6698809096288932 0.7144588189872263 0.7280995452971741 0.7463586524533066 0.7748444612350479 0.7759175355295561 0.7208621904851125 0.7219455966515528
