Raster_benchmarking/continuous/raster-423.asc
NCOLS 100
NROWS 100
XLLCORNER 1743168.3559569712
YLLCORNER 5469277.7638815995
CELLSIZE 10
NODATA_VALUE -9999
[rows 38 to 56 of 100, columns 43 to 85 of 100]
0.647909372879345 0.657093146006917 0.6345322269235364 0.6204250705250579 0.6211535822537767 0.6364101696878426 0.6007874581718555 0.5797519206486575 0.5382795481064245 0.5198174915179018 0.5052701296653622 0.4619083937871048 0.44659428230767423 0.433255913618915 0.4472803653204327 0.44482927968880487 0.4505538152698348 0.43970338063043835 0.4391223145600823 0.4357601254410002 0.44030535224307266 0.4089708372173335 0.4413639144907703 0.40680057912055334 0.3762065353847712 0.3544170798332027 0.3920887268512979 0.4257705054167777 0.4584023926912938 0.4728963842340521 0.4901770915545862 0.4409710145760547 0.42641326091718884 0.42412064615501327 0.3797443357568524 0.34445247324151235 0.3110365726229187 0.2758441562310921 0.2547401065389489 0.21190037140499093 0.18004261956234982 0.18021861882908818 0.22264057629938427
0.6622816144223366 0.6587813833810655 0.6365340991249956 0.6298189466572721 0.630572685740646 0.620316122942892 0.5858743799084956 0.5725941995324282 0.5449676321150597 0.5604827146529912 0.5204505362219314 0.498383092901256 0.4797358349853601 0.479532031714202 0.47264540242811703 0.5040124065755613 0.48352277639738617 0.44659870213913283 0.44195658243417485 0.45096123116080333 0.4627359675875855 0.4236583286108925 0.38655272153831505 0.38430446718107264 0.38468266685058045 0.3738685779708444 0.3705707279460123 0.4186366547375564 0.45233142720928676 0.4632007981692023 0.44580924351281515 0.4330602034342278 0.40022960696113896 0.40152087964314925 0.3302072191404855 0.3336512014459375 0.3252260817171626 0.26779704952679123 0.21803833142638193 0.21015713744642317 0.18427861518964658 0.19946799870385412 0.18364551107345423
0.6946599181318639 0.6750007510128867 0.6818695762104915 0.636348440629695 0.610588218680166 0.613035178549927 0.6192474201532224 0.5981160068517457 0.605396832509334 0.5828568323446486 0.5810995384702227 0.5453552692562432 0.5202966182911493 0.5046041709036257 0.5139552753929628 0.5315971945593054 0.5213965590387218 0.4832956727548128 0.46835551868023456 0.46583446545502094 0.46642034022699824 0.4443802677867584 0.3883731887793556 0.36996366347162707 0.36756747068903456 0.37238340989612106 0.35776634408038616 0.39582082362032134 0.43938012164305484 0.4604601098514596 0.45475086198281817 0.42215849011038137 0.42999671301192194 0.3882923347913232 0.3081162292036934 0.32727834733697214 0.28202295590676496 0.26621716293693687 0.21637218131963498 0.2363927964485955 0.19829463352106325 0.2135292224364443 0.18412553734856515
0.6705883988055956 0.7021642813513892 0.6921312322215744 0.6591200982902687 0.613649743842907 0.6406681367492266 0.5964223849672303 0.5978890002514974 0.5855798041187562 0.54906297182341 0.5540415642789931 0.5664178361168184 0.5160931522518039 0.4932249539732382 0.492389023248198 0.5054119737265074 0.49776044710849493 0.472083023956989 0.4691625821018034 0.4689999203069641 0.4686438354879755 0.4192156400542872 0.40597768952762925 0.38463023556908327 0.3992725897928716 0.38974873472861615 0.3794962540522265 0.3657267814311512 0.39478184841704855 0.40504776012514077 0.4011218268074805 0.4061864972730375 0.39121779970543585 0.38890205619900714 0.3155690722226514 0.3070328695447619 0.2881875069827328 0.2812054333186126 0.24914640594513646 0.2197081703346576 0.21688963816939974 0.17600853161341595 0.1931343313506378
0.6626992201315494 0.6519812224795415 0.6649951528433877 0.6579789171058952 0.6354589176070436 0.6273553112353635 0.6071417736387996 0.5592759623028075 0.5420216563785402 0.5405617947843624 0.5445652552832846 0.5545956940665161 0.522827741289918 0.5259698074810819 0.5068821651451207 0.4854494678473917 0.499863479437991 0.4376863493188282 0.41622633971290096 0.4563477309441315 0.457427398019657 0.4138573119215247 0.4217053740921344 0.3903651559285944 0.36637773725863604 0.3934393664846137 0.38654327503069785 0.39857729779927087 0.38536518790246127 0.40035073021459416 0.3968309950526948 0.3908698907805525 0.3991893736582977 0.35151171090535277 0.34423618980255816 0.2933343122880375 0.29297011121879807 0.25465069208003244 0.22562460347317395 0.24495019410008062 0.1933187154755416 0.2257899277688856 0.22497628032363942
0.6411718175903887 0.640902529706008 0.6083783408020077 0.6299790095292078 0.6285402342519644 0.6004374603570529 0.5521504485517486 0.5445437262571103 0.5358578620542808 0.5322444897644938 0.5324544842057041 0.5504118004326432 0.5357107799526327 0.5347633483383819 0.5368265946922137 0.5106008301327303 0.452952357395439 0.43696837214574447 0.39942521950118043 0.4448023284701337 0.4472411158682891 0.4610427561702254 0.45732706664665174 0.41266998155626244 0.4277312782120559 0.4013687486540336 0.39128265224004705 0.42035158229733594 0.42460352459421424 0.39547399588786786 0.41078564064095235 0.3899946796467883 0.37208771328768664 0.3804575428083182 0.3312340002804288 0.29585730303818597 0.29279520466725584 0.2626405561258438 0.23113526868734158 0.2510805548316922 0.22003724991945228 0.2207101546159843 0.22594729992023507
0.5895803391374423 0.5995300643728894 0.5785476776043621 0.5961385296742692 0.597621211888799 0.5337599437420997 0.5079864566970386 0.4975335418501727 0.49862982482427815 0.5631213012526655 0.5663886686157595 0.561795516773026 0.5523376430261215 0.5255227935899548 0.5329609067824691 0.5112735077242275 0.47197510971249146 0.44952378674826776 0.39907168037965235 0.39578591733685675 0.4060045678005055 0.4234824785483793 0.45363350403577474 0.42425527559205656 0.4556694404064708 0.4326804722409218 0.4363231037538443 0.4188207029202736 0.42543670985176935 0.40521818698371775 0.3730730971697204 0.3827843820526576 0.3737921229956164 0.3515293385732547 0.30997299786119553 0.31421495408663175 0.3198599131027806 0.29359054800871454 0.28570916244426875 0.26480311477189616 0.22125497395020527 0.25428759585302885 0.22563400123560742
0.6169936046011374 0.5946252253884042 0.5726468450357962 0.5603736403297845 0.5380427078670219 0.5296839114052055 0.5115029657148481 0.5055012868549121 0.5352633739625733 0.5514817247755446 0.5712143555423138 0.5635486964798614 0.5470883610681158 0.541209106872154 0.5061530599905011 0.49323557156142417 0.48044427819481983 0.4398602078716541 0.4311799744318821 0.3991859340768558 0.44435250754276145 0.48087007010450794 0.48697558856098927 0.48022413973637323 0.486312092326592 0.4786510710675617 0.42824971103883486 0.4504846267152901 0.43667474936449824 0.41599902640726893 0.38314418758536595 0.3917040195930669 0.40561820694525635 0.34894366943731553 0.36563530713633763 0.36684979953765656 0.3676678825293666 0.3251411839139905 0.3237202105816198 0.3055841980739121 0.29931392563431186 0.26957941851303563 0.293536789312302
0.5859679966177758 0.5852240611497759 0.5938084895932635 0.5820893528409624 0.5610011878150876 0.5111411342090586 0.5152640889791132 0.4937340693463515 0.5312950312168663 0.5230365731606245 0.5706131057024033 0.5855302638151205 0.5654855026583941 0.5827798867266483 0.5542911826766949 0.5165321149308456 0.47525137411810625 0.46009174110314216 0.441641828481121 0.4257936166593977 0.45574072444483316 0.5014520754063894 0.503369550609831 0.5141418764870509 0.48446161415494565 0.48950401203118776 0.45280918510510204 0.443385892621309 0.4447925292573261 0.42910013979491846 0.4439079422690395 0.4019648869532079 0.411175385946269 0.37233047962465643 0.3890213303878974 0.3663541839398779 0.37387738138596943 0.3826964777668735 0.3881416257624145 0.3701336006618948 0.3042146346224539 0.30924890816830514 0.3309306381531087
0.5842553355405654 0.5779021741114118 0.5620708736985748 0.554418801817765 0.5815760639833629 0.5328893379465701 0.5146316946175294 0.4930528288196512 0.5114603982067746 0.521300780605216 0.560917198554531 0.57644534428749 0.5686219222681967 0.5628930895927018 0.5496564168719942 0.5034401507203026 0.46907936628062646 0.4656749771865606 0.4922028400305284 0.48938985179335853 0.4638172477051096 0.4981624824191731 0.49079661935159197 0.5186336813634513 0.46600640686430406 0.47789353681060437 0.47821606156668517 0.47530754582473544 0.48121431967004125 0.5021304601527222 0.49842682439857894 0.4575086755905071 0.4103471488976751 0.3956605847166601 0.3948711481457721 0.399490313179824 0.40380484292453445 0.41498738729542334 0.40177762703189585 0.3867190571245061 0.3651275448703732 0.35903136391579565 0.31538023476223137
0.5252492764945471 0.5620821042870175 0.5226765814195512 0.5371774684693097 0.5704219079134015 0.5365439408372672 0.5110286042466748 0.5223915700094235 0.5051064296295948 0.5045918720267708 0.5748054865567058 0.5407217907356057 0.5796777805653432 0.5595027261211672 0.4968139339219626 0.49290642493689757 0.5318603973142427 0.49284280294607263 0.5099969940491099 0.4887561723838722 0.4816255691665976 0.4911592873762068 0.5018981654456679 0.5033428031268818 0.48653976901846047 0.5423746852878912 0.5748058257308885 0.5147158065273106 0.5220906443879129 0.5177664035965442 0.5405057962955303 0.48589199524901594 0.4588783240349972 0.39932088158490114 0.39103076067974557 0.41191355902803395 0.4571463508616665 0.4186101629158633 0.43571943267253643 0.4130126317562616 0.3716074866944411 0.3567282148035585 0.33441904635807385
0.5061024438863583 0.5406645310387516 0.5260225408195307 0.5215024974948169 0.5312524831650091 0.5084162514355071 0.5355750427514666 0.5172729718732312 0.5143304728252889 0.5103874587272804 0.5102412309444609 0.5368688996827226 0.5437746168234343 0.5413858223516125 0.5589575941552242 0.5358561014603159 0.5397379411759974 0.5369349020911077 0.5489829362566185 0.5543116890615221 0.5561198651286086 0.5417808437576556 0.5132760328081871 0.4975966774266805 0.5116150504732557 0.5668284867483909 0.5834021788670242 0.5936957164310472 0.5763761240310453 0.5671216396583415 0.5529157989098054 0.5348454973506893 0.4579814579582013 0.43266785604802666 0.4413025744098917 0.451211548946707 0.47925084822829694 0.47487439639682283 0.43531767349607153 0.44311211452987115 0.4354121741428662 0.4080833140104084 0.38904850830231275
0.5257268883885096 0.5367651848834425 0.5150012291454638 0.504812693194826 0.5422048824166669 0.5534787467588389 0.5125892608218822 0.5057614648462114 0.5414597015220383 0.5273969583677801 0.5212493705590276 0.5511245977429683 0.5723539375199684 0.5920898155309713 0.5846203555038315 0.5799348873887522 0.58054778076142 0.5845964312601859 0.5874701039897184 0.6149239553786158 0.5977649319059426 0.5372640268854569 0.525298237265323 0.536408363553146 0.5663301626516544 0.5763157923948895 0.6334786358603568 0.6173170843616647 0.5744370979408454 0.6060139753165454 0.5842884279763306 0.5619989232885867 0.5092558435807985 0.4812865372162194 0.4705434365919189 0.49204146755636313 0.44655102191864404 0.4490352818951836 0.47598271018602856 0.47364337894425157 0.44995326143658476 0.4130208702006937 0.39342738234058133
0.5184448604253465 0.5052666390443962 0.464875441959083 0.4752238721420079 0.525182706396745 0.5448074954037495 0.5102734800902651 0.5373204191066328 0.5344163002001089 0.5446341407318132 0.5566944903040383 0.5487612033762902 0.5729110775718644 0.5720515443116334 0.6002586849158217 0.5896392024576742 0.6048276874590037 0.5999763602716067 0.6221529898742924 0.627770269109179 0.6104470652022176 0.5669706386118981 0.5272037529078141 0.5367356907467127 0.58590494088479 0.5969412904381145 0.6297711619434287 0.6378520314665345 0.6202111961666428 0.6301072131830522 0.6155078265097012 0.5626543575324198 0.5454735326854712 0.542759861251672 0.4949195611776752 0.5057862734781255 0.46751455757611865 0.4988932239245179 0.48108236216063255 0.4832220408341045 0.4715421993854185 0.4236004119042399 0.390539667911009
0.4659298932891294 0.4832603510675301 0.4167399904810648 0.4409282143177082 0.5124418939052723 0.550931356818112 0.5418854897480821 0.5139395540210872 0.5230617218521322 0.5199295787700481 0.5220126792210554 0.5403409570356068 0.5022630449202826 0.5331607706946863 0.5667406894334993 0.5819188503732793 0.5986011039361356 0.6290767998888688 0.6303805000854149 0.5969066775436439 0.6222074700775916 0.6208805144730617 0.5761092251392752 0.5832774024718262 0.5873689707675545 0.629725349288763 0.6454646888853052 0.6711390479985317 0.6426779077983811 0.6173543229571518 0.6273442047894484 0.6293751705176526 0.5751880713141582 0.5950030340260144 0.5677821097799314 0.5178886992522138 0.5111009646425895 0.5028821835951384 0.4943279738751109 0.4568510493360237 0.44092813906720074 0.45268331652718136 0.4069386866832916
0.4857944033014394 0.4623813868155269 0.4514568890656973 0.4617281450442082 0.49111735116163896 0.5302652930797709 0.4897475049791432 0.4872743749916612 0.49595271454635936 0.5174451466542266 0.5065938882537245 0.5093419584164344 0.4743276907700897 0.501348311809489 0.5232194214218483 0.5580774317690327 0.6143802111379942 0.5846981888055619 0.6123868529765164 0.6129340101690607 0.6376307523154815 0.6113291450636797 0.5900065421671837 0.5741845710845285 0.6079145292283333 0.6283523018992004 0.6544411235968887 0.650510437971896 0.6564877929840858 0.649139523455709 0.6494730536549775 0.6443980053810449 0.6384178971571339 0.6448578232424301 0.6343867733630076 0.5741493780235996 0.5590069142262707 0.5189080516543537 0.505893634857408 0.4737121332254696 0.4809067727266546 0.4520301001147335 0.4392482135747574
0.44805311882631277 0.47484764161470205 0.4247396563834568 0.44603395272671503 0.5184093517628268 0.5306135438713785 0.4942966405180861 0.4851720748057647 0.4896431654715613 0.49725876797819585 0.48534022283520034 0.4885606101439956 0.4858062733435634 0.5274319213063007 0.5570300370405088 0.5849796752296645 0.6115368685444786 0.5699243058189624 0.5981880148428266 0.6317763153956965 0.6405660840864248 0.6410028070221679 0.6113687864667172 0.6095060938103594 0.6002725443913364 0.6339778436226838 0.6335990371786742 0.6109928213530332 0.6155632153764901 0.638909821592434 0.6556328119951379 0.6851820564346961 0.6818444365429255 0.6486580156403525 0.6581139832470889 0.613096519744981 0.5747555817527795 0.5563211356633435 0.4893151574935458 0.505047807276728 0.5286261013805167 0.4850603996056467 0.5053934260157776
0.4423419639265363 0.47283410727341546 0.4428224756483987 0.4809408738925223 0.5257690117823384 0.5296044218868148 0.5270384115612146 0.5305751857951195 0.4913067121314108 0.5168145648315263 0.49338700814143965 0.48486817180771746 0.4636767869620505 0.5078742630941108 0.5618519286203439 0.5662635580416453 0.6048139845101445 0.5838036571340358 0.5890782038744485 0.6393373682839979 0.6109388713257037 0.6379037190421226 0.6256485765166111 0.5797263424316224 0.6142809928182286 0.5999573546633955 0.5917531792323495 0.6374801519722809 0.6352725388357621 0.6729648191544088 0.6805388599765899 0.6742684525427761 0.6872872596844339 0.6616132827323419 0.6387211479119395 0.6175612560092928 0.567957510629195 0.5356876483848491 0.4991977001450817 0.528401622901619 0.530920714334139 0.5407450175931844 0.5158362732289675
0.4975082444452503 0.45152382789681816 0.4334375881996083 0.4936360638483573 0.5440788674749307 0.5061338390368939 0.528268645810492 0.5263810618737882 0.5270649016219663 0.49530316698082627 0.49322689616235266 0.4537411672090204 0.4471892116465634 0.4686389407738339 0.5112361419024625 0.5717484346836242 0.5704711705265486 0.5724163866408113 0.6235350559304139 0.6252966827115303 0.6329773933249769 0.6467232366990818 0.5903496470001398 0.5667530250268512 0.5695837951697581 0.5534570908678231 0.5777544356584926 0.6237188516963712 0.6274206770657402 0.6511497423593735 0.6933634727333757 0.7026149664106245 0.7211399144610271 0.69038382622677 0.6686432640801123 0.6435150782333451 0.586709012008208 0.563126133850312 0.5381865798885718 0.539911452228996 0.5680498276398288 0.5383248132486139 0.5586341816585733
