Raster_benchmarking/continuous/raster-430.asc
NCOLS 100
NROWS 100
XLLCORNER 1743154.1343439685
YLLCORNER 5469281.886169813
CELLSIZE 10
NODATA_VALUE -9999
[rows 19 to 37 of 100, columns 0 to 42 of 100]
0.18239755128537946 0.19402426463679895 0.18648705053419462 0.17143300768108996 0.1741526834879679 0.18141660183805375 0.2144635100698199 0.21877982850720804 0.20426940533200436 0.25026555205482437 0.22637743873252159 0.23445385306811517 0.2419263844205207 0.2607537941466713 0.24604834720778432 0.26642812190254755 0.25309307071850967 0.25963894633885937 0.3148550709341197 0.3398183134191508 0.34621430510146084 0.35914788109225476 0.3558634666527863 0.3559953665361851 0.39325365993728134 0.37831691223664904 0.4162462559013302 0.4163012464550934 0.4213262417929534 0.4596968906490314 0.45385088798597617 0.43143053121460395 0.44822565052965463 0.4420814779025629 0.4475862727394935 0.49447370099495747 0.5081817075455581 0.5520499803612366 0.5562232609096933 0.5623024242072094 0.5458755092717498 0.5374641681967132 0.540268055609415
0.24334361189461828 0.24395400218354166 0.2272999173263367 0.22312619753665647 0.2006137119367894 0.17965618649537754 0.20387352169500791 0.19764507690344765 0.2092850167872832 0.23490708933521146 0.26749093018997233 0.26170535879014567 0.23759620961780784 0.2388771840390322 0.25358640211374517 0.283267217415271 0.29705184408606927 0.2852989535926073 0.3067695253427575 0.33977682279056387 0.3459575050057116 0.36960717666646087 0.3861071818668178 0.3823277362829417 0.3765895228389814 0.4034597986711207 0.39937592375883535 0.4148705970121172 0.4645654690277678 0.4867285306264117 0.4872600874507932 0.47271468371347775 0.4681532441017021 0.4459718065539214 0.4393957284449196 0.47047292235369603 0.510919139514567 0.56417880031636 0.588557843462036 0.5907838429912555 0.551363757299599 0.5794657974699262 0.5890204863016983
0.22562007700900785 0.24368229526381235 0.22626404958465718 0.20028224102576594 0.21686680311761264 0.1729349435064416 0.17700138883994534 0.2205724233501138 0.24788652023371338 0.24686552600340544 0.2786313907387809 0.27712891301312403 0.25532097751026256 0.24540137629180017 0.2607727103092789 0.29230151509840097 0.29065452563607463 0.30159752494535524 0.29968880241404416 0.3253265529612963 0.35360973881784785 0.35980900730533405 0.37014587507802243 0.387305294986605 0.4045789431247761 0.39115305422851365 0.4406698468957123 0.44081896733891207 0.4638968667667652 0.47308488700324836 0.4654601549402633 0.4559097831524348 0.4862650122264751 0.45574713872858863 0.4710688816167209 0.4881607564817357 0.5468655271620285 0.5597646869750889 0.5567929912402017 0.5653035726834711 0.5544267535046287 0.570355383583665 0.5777121392468381
0.21227482362155967 0.22590023525863254 0.22909134260225936 0.22143874100847535 0.22009731200890895 0.1847593778686939 0.20119001575268267 0.22427901965257366 0.27054653002908857 0.2741911838280797 0.28590964818198633 0.29791557353378945 0.25070136614733685 0.2433256530578955 0.26091213318802153 0.24888635569003525 0.25718975080955436 0.28844399799538106 0.3191581468590674 0.3048764046774469 0.31220147852221675 0.33036577397345285 0.3744719586759197 0.3960846643341955 0.405389155769811 0.40312599886023437 0.4256040756251208 0.4640665060709032 0.4662593096418501 0.5172424366318841 0.4920497578061743 0.47570401918485045 0.5081734681021315 0.463365745982632 0.47094254792737006 0.4994067781496748 0.5222019790733755 0.5707846759142061 0.5728038581475713 0.5626807770140512 0.5485459687302208 0.5582465693572995 0.5933049912279789
0.20724107744385553 0.22614961340530973 0.2167961870269637 0.19681102535284417 0.2109816688324776 0.2452885518702873 0.2435714538987479 0.2328959428315913 0.27745207958756807 0.29548565387216463 0.31915459923425216 0.29920120947843465 0.28975847136989763 0.27929404444355854 0.27741590166388536 0.2529142138216456 0.2315369029887988 0.28075138358326096 0.2947154598388953 0.29485095581623744 0.29915382381430167 0.3482297449571902 0.36015365877878275 0.3611345517875777 0.3688862831515296 0.4107054143662853 0.4332372957374134 0.45235736022161266 0.47507603255773423 0.4847151454498262 0.5144125362645485 0.5364615719746199 0.5373508289766088 0.5048254491463985 0.5094654176888622 0.5535601660567665 0.5501180987146009 0.5549911678290436 0.5568691345728966 0.5984708189502884 0.5952663872148106 0.575723422342423 0.5902729643686652
0.17400938162576596 0.2183003737472001 0.2188952971071214 0.21081395865348546 0.2542013206210672 0.25560127964139745 0.23594583185172102 0.2413553163115101 0.28618821552047413 0.3246477270475779 0.296414901930128 0.28927132492278573 0.31165110896177417 0.2905276378778223 0.25597128560846605 0.2417780761168036 0.22899685686870638 0.2300694917233793 0.24684360795820678 0.2688808247648815 0.3199088646991467 0.36467006742487146 0.3838137107108941 0.3790092232837154 0.37022442483044926 0.38479968540042503 0.42473382337078397 0.4714557402458511 0.49706007523662044 0.520679050378796 0.5594476563580459 0.5583188747297033 0.548460019795182 0.5780846506887627 0.5831965864020964 0.5699910687045546 0.545175909814903 0.5213777909856507 0.5622055326674467 0.5907416394635528 0.5746090663632831 0.5891192456823517 0.6174812361671669
0.18241526102311914 0.23159244777451313 0.21930246643768872 0.2257362972561051 0.24860933529901288 0.2600443209704218 0.2541718177338882 0.2787158852017955 0.280396479880687 0.3121802499896931 0.335248145581457 0.333271308247952 0.2976678725670625 0.31941918045941814 0.27898553414104443 0.28131897706731374 0.24838521894374951 0.25132455450502156 0.2610536231469646 0.29373691074857194 0.29757201680872936 0.3280977646610518 0.36135853064490064 0.3667701005218502 0.4032074381436805 0.40274425511295925 0.46793314531910696 0.4970338895822203 0.5219048785436339 0.5376377322629943 0.5548089109467708 0.5722455963330331 0.5784549661868861 0.5659607806458427 0.6029350731077292 0.6038542413022058 0.5702361780197382 0.5612170151838177 0.593431752774155 0.5879971292853975 0.6012132677821946 0.6535640137921707 0.6570866279835212
0.23507915716937675 0.24790410984901043 0.2716785839353824 0.2856419775838341 0.24936481079108833 0.25751044796746275 0.25675927052364383 0.2755654567426024 0.2965111901092367 0.3509607906943562 0.3465238710212208 0.3310225761960304 0.33097113258445865 0.33422309200254974 0.2888847233924612 0.2718530602203779 0.2898691174048351 0.3177812557133794 0.3136936320936242 0.30036091203752674 0.3102999010168924 0.3365235533845778 0.35482302373794694 0.36626977451824366 0.4204312281673509 0.4380639853065717 0.47149742413585616 0.4931363517238286 0.5498959821220077 0.5653616191620584 0.5759634154031624 0.5606904813292651 0.5854331900552128 0.5727915002399331 0.6108671481220556 0.610857364381832 0.5966814547526338 0.5987048937388814 0.6176292662637626 0.618305139746138 0.6435311315136352 0.6901574249250523 0.7197193188739066
0.24248378429389666 0.25784589966421645 0.27507917760904055 0.26322379592259615 0.2552023790627878 0.2759691862513101 0.27199856632841335 0.2983446679141878 0.3405411531527488 0.3306413742537045 0.3659364097634584 0.34873304168626806 0.3644497743058326 0.32883084623234576 0.31754029333779005 0.31744946646652494 0.3013689408608986 0.30071064848042955 0.31299610300977293 0.32110160104338964 0.32946101377204284 0.3408408407503913 0.3830543225117851 0.4250948747212389 0.45058190949777754 0.4547057559346 0.49379185942492027 0.49466985951274245 0.5384186758504147 0.554906140363483 0.5602041090813329 0.5488495142992925 0.5749204195293729 0.5788923624992547 0.6229314048654165 0.6105418120529488 0.6280802716813945 0.6115664429550034 0.6026277245135407 0.6186852069137586 0.6712564014268829 0.687954438201523 0.7257911493132886
0.2343285400773977 0.2525057652057448 0.26893519574234787 0.23685797098891223 0.26281173106210237 0.3000119732996802 0.29736375793532305 0.33797839655506956 0.3586412004981309 0.3463221829853471 0.35581877540381085 0.37165105628122536 0.375953872453606 0.3495951033262678 0.36304710725994344 0.3320692332109458 0.30994851216815783 0.32156505263683915 0.3202071805164667 0.3084597625478405 0.3595095064578837 0.36590016236240014 0.4010113327487769 0.44090588216944765 0.47389943483957725 0.5014477466081866 0.49664484752336424 0.5341318661951782 0.5668905810269698 0.5927676268325751 0.5770783662098143 0.5631639209347128 0.6029109569006138 0.620879127944265 0.5992798049216174 0.6105266672066763 0.6360782495055467 0.6040259550878658 0.6452435073223768 0.658953425681751 0.7029491674591104 0.6978474471950911 0.7198697933628357
0.223795840421196 0.250531524086313 0.24668834901029874 0.2562633511878772 0.25779525422819777 0.3012694825411631 0.3257987266951541 0.36205708027490296 0.35024788082697933 0.34733428829320884 0.3445395373908127 0.38250578216762743 0.3603318200945216 0.34060799387107354 0.3633995014970806 0.37238327796842624 0.3506377642366893 0.3454681864066044 0.3340779622505822 0.32826071185504013 0.35742441148729576 0.4029881572265396 0.41903934452488567 0.4678091466946795 0.5025293892044367 0.5149345319497025 0.5252153547654009 0.5623906732690054 0.5667275823618783 0.6140326683679138 0.6107408568603914 0.5956009358081469 0.596867252554973 0.6151444418243737 0.6144239949931195 0.6294181120578354 0.6281207508207595 0.6448695332888412 0.6738967956881357 0.6611722560258868 0.6937567593881208 0.7029033513925185 0.733899804846425
0.23403204670553515 0.24026448293873248 0.24313841479006534 0.2507420887117511 0.23594412857459982 0.2677250047156683 0.33318217667555594 0.36055162564664983 0.35854821225549927 0.33256204955350027 0.3309174949379724 0.38517378424657156 0.3838556602278975 0.37316980880519957 0.3602003816460913 0.36285035844389774 0.37283659164064403 0.3473313122827901 0.3672685822883759 0.3481438268143778 0.39730431648478187 0.4051237629095984 0.45942292316258776 0.4972943606743881 0.5062453887203152 0.5277070951274271 0.5254991936643986 0.5791874747228734 0.5919990638987653 0.6345338295843932 0.6084989050985747 0.6084630459618203 0.5978036224382138 0.6099333225371724 0.6478670892621152 0.6599927891867666 0.664640380047673 0.6658805819772523 0.6674940203627309 0.7011225137912899 0.6936996682618936 0.7265181918614212 0.7099225109279395
0.21959857702908178 0.2177724553149817 0.2319914371175675 0.24740784384999595 0.2549354862142495 0.3004252135408859 0.3431891417702962 0.3560364862223199 0.3426977999332573 0.3528847071699929 0.33814130603939874 0.36191776904591194 0.39842375821415627 0.37003466774123617 0.39190601099922306 0.38587262288426843 0.3574655316771617 0.35283604535372154 0.3828642179117355 0.3743231878834427 0.39901814604909935 0.4329450529542725 0.4418865826135283 0.4936932782913009 0.5374674682531307 0.5261863264302825 0.5492368389412771 0.577873250725601 0.6313872248656074 0.6540748289142568 0.6184534221594297 0.6270603969293141 0.62599368268285 0.6265037148799865 0.6397525507050769 0.6636106268469463 0.6568746098633454 0.6498334630194784 0.6806249989226428 0.6990433372154072 0.7051747213605081 0.7307633733004607 0.7495270972834627
0.21099015706916627 0.20868974582147362 0.26360406092206184 0.25381961276485415 0.29490289504784234 0.2827580039765338 0.3410863238717555 0.37691046736772066 0.34817934172136267 0.3675345128993432 0.3688302577963434 0.35545969521881254 0.36975171714987903 0.3958675383839449 0.38650665434753806 0.34698829687453614 0.3535393250440506 0.3421397866210438 0.38218575374714675 0.43375260784270625 0.4292942421260414 0.445950706205143 0.4538198694456419 0.5070518580009651 0.504384938699504 0.5372733647765918 0.5783010856896792 0.5976513071916245 0.6162532982365955 0.6584599466476243 0.6230259686932335 0.6441861578479272 0.6585164346133182 0.6884329394225551 0.6681860620725137 0.6433470762524047 0.6737998482950374 0.6802407093361971 0.6736173256503243 0.6822877384002421 0.6972909248720218 0.7826270834853096 0.7352849656296326
0.2513622429185999 0.28693120159737256 0.30057766917472745 0.3032591238432586 0.30270987630499274 0.33257466448793505 0.3469756449893721 0.3510897235571828 0.38497770321464114 0.38811251418542353 0.392706333395596 0.39477036420776873 0.37665587193159294 0.3856800520127721 0.4058617846391597 0.39715417739691844 0.371962935817364 0.39027290178048724 0.39546213233304645 0.44733293069442526 0.4798656783652213 0.4850962763881725 0.5098302648338159 0.5039177638670539 0.5182819205911038 0.5714857002022572 0.5802905266462808 0.6091968988312212 0.6370246578329106 0.6373503278383026 0.6435248425481936 0.6596052107611019 0.6769242000220055 0.6735043401195536 0.6856528576054431 0.6667459324790209 0.690073995790916 0.6835018554589243 0.6838089252007228 0.6733190873615335 0.7060277349875652 0.7545584528513285 0.7353821849761547
0.33367304055663893 0.33705535892950333 0.35770356627581185 0.3345934341216874 0.33436717592463266 0.3639474964363854 0.3785622413207513 0.3678594836227101 0.4192888021731448 0.4273665633140536 0.4119194184430744 0.4151472641387404 0.4093948443862005 0.4206226124122714 0.4192796095882454 0.3940195846952143 0.4084575261694324 0.4186971472250326 0.4417916606712052 0.4684383167434478 0.5145111145251641 0.5371309880582127 0.5490045625426287 0.5348038579491354 0.5424895750808996 0.5825241723552913 0.5994604051351996 0.6293940055119684 0.6335836377563359 0.6298755514847693 0.6403813398003974 0.673785697704071 0.6684498261334306 0.6676144094113294 0.6570357205647307 0.6661129840152382 0.6745282791054598 0.6963523176383871 0.69709872758299 0.6911975082570713 0.7346789105681142 0.7480480526116252 0.7535593109821735
0.3744131783413947 0.372598149116248 0.39602214185167806 0.35777974724933337 0.3654136685317279 0.37694663210815094 0.39334939771512206 0.3846262397884817 0.4199966141029376 0.4479995811163166 0.4247494144959493 0.42632146308863894 0.44787525646698206 0.45015049337082286 0.4523639116250045 0.4426985709843562 0.42202247924380415 0.45366380068648593 0.45155004141356825 0.47213913368190186 0.53253102230091 0.5310391191153055 0.5745010327582851 0.5523235130607246 0.5808401658620125 0.619388141913829 0.6180634181077507 0.6595832488151796 0.6375616456612331 0.6786916964741778 0.6777633712908396 0.6708860965268181 0.6867096007825088 0.6875829610454823 0.6773183477788997 0.6948058293939187 0.7042427039063133 0.6701036430949487 0.6648160814404195 0.6992414219623262 0.704588036034442 0.7321279682852899 0.7170397304950631
0.41952895700445514 0.41605380836696465 0.41140757409891865 0.41255768286744304 0.4262267021204315 0.3888753066724447 0.4076371657404566 0.4184569872400137 0.426029552370845 0.4446807275825958 0.42537635930283113 0.4302593932096104 0.45926710294598144 0.4849948733842783 0.4401328643136844 0.43347308237448245 0.47158061666616197 0.48079080187847484 0.4644124505645662 0.5005130528539237 0.5223077065370458 0.5509168985127257 0.5881070148448888 0.5876544458541078 0.6050642893380703 0.6719468527617062 0.6793631471888965 0.6734595532656992 0.6682906384461188 0.6995493656723942 0.6972658530181013 0.6946720728760211 0.6844616736476901 0.6482828544796259 0.6556539345512565 0.6962830996841384 0.684834194280227 0.6751809069873556 0.6650728731976968 0.6661762880516446 0.6743520188464643 0.7046015854005345 0.7333693823016665
0.44118840995359276 0.4659351303855228 0.46262035425108355 0.4598568568737534 0.4538575205512102 0.4562049851979051 0.4392448719831945 0.4403087437746715 0.46819682757967956 0.4426096400511249 0.4725354963839842 0.4574802183197001 0.4604282482700594 0.4495548760590214 0.45309892291857357 0.467468646118693 0.47608959746814405 0.5000170739214903 0.4999368486159477 0.5565909254192322 0.5590610319426207 0.580444690828378 0.5811592958498355 0.6325220387621114 0.6641742256580874 0.661696712466911 0.6734469382816567 0.6856936628219559 0.6785673950963308 0.7188370870254501 0.6830534801226411 0.6713404889933663 0.7037128729488715 0.690620259546928 0.6844288724097352 0.6841599506424604 0.6762229399510482 0.6826707790157833 0.6770567917423626 0.6824351642678141 0.6627936805390996 0.7052502209533316 0.7509075737781374
