Raster_benchmarking/continuous/raster-152.asc
NCOLS 100
NROWS 100
XLLCORNER 1743157.0121629525
YLLCORNER 5469295.951286353
CELLSIZE 10
NODATA_VALUE -9999
[rows 19 to 37 of 100, columns 0 to 42 of 100]
0.684213140296976 0.6933460286262739 0.6804477978805111 0.6969303757491419 0.6904846928725493 0.6981832594923053 0.7360695108285632 0.7699885659991746 0.8038933664610032 0.8265699533942873 0.8265016470186929 0.8186242527779021 0.8390649862156455 0.8853705088015478 0.8833549272365742 0.8653406908714544 0.8795301980620557 0.8605691413779314 0.9082157234982163 0.9167946090247553 0.9067009642208719 0.955602090528673 0.9644155581029842 0.9347222509810004 0.9538692143451477 0.9521906387408207 0.9618883819512448 0.9369844729833393 0.9586487939354248 0.9529748984395169 0.9229832777821433 0.9452234499989494 0.9518532989993661 0.9367560077680492 0.9430865993968577 0.9312714039021504 0.917140911064437 0.8856706535689642 0.9287210068406411 0.929329734310627 0.8866103182789189 0.875644378370733 0.9026216777090517
0.7074257744072686 0.7164770983220117 0.6914992834318062 0.6970881570192387 0.6836154660575433 0.6960546667060858 0.7345225681785877 0.7287247961105606 0.766012380646718 0.778575840195806 0.7849484081985109 0.8286618350131844 0.8309352495690776 0.8562080252210931 0.8693567916346945 0.907775171604097 0.9150226225077219 0.9156383377809897 0.8978467211644279 0.8955993870509052 0.9265506554087393 0.9325614711612816 0.9705302196477072 0.9339998738329599 0.9446964168709309 0.9691036519160668 0.9631767145497053 0.9386018054178696 0.9193794863803043 0.9170308448895791 0.9210581760909445 0.9224379867033599 0.9286995444117825 0.9212148031773301 0.9228730255090608 0.9011923006159201 0.9024405620705135 0.892477175146787 0.8947174612668743 0.9125241900503881 0.9299887168475113 0.8957449902025073 0.8970836537926584
0.7183197758953791 0.7098698582518335 0.7077034289450889 0.7150537743626131 0.6856558561086157 0.6886539220417368 0.7347775612912154 0.7263350043335508 0.7316445267839427 0.7590205165514454 0.7811396346144804 0.8134457221976598 0.8387665664688109 0.8883198454268914 0.8835098517181325 0.8985662129055559 0.9130723726720547 0.9463140202148993 0.9309784357535056 0.9075643528513507 0.9380441183666559 0.9373121285718489 0.9476661668042857 0.9676232385026178 0.9522197892513327 0.9883731247197867 0.9797351690125059 0.9268097361780507 0.9187888260910972 0.9043859836318269 0.8981420607150098 0.9010563622248395 0.9206322528243133 0.9353111258837413 0.9041784389671761 0.9341681098372046 0.9112617506603602 0.8890812209052336 0.9014699512677039 0.911693266472688 0.8942503845404032 0.9227546496480571 0.8908225696964231
0.7066042714083435 0.6757925386400718 0.6762624174452634 0.7009795778921013 0.6875036976002238 0.7073374370095958 0.7130246488164779 0.75603225094543 0.7459224023779587 0.7649396382582069 0.7920181330637666 0.8046816506787955 0.8539235181192479 0.875351121300954 0.8999059618704353 0.8869682812338165 0.9113001139448049 0.9396686220369485 0.9481175614514876 0.9383342109358178 0.9402708574410894 0.9141858610909143 0.92637312322936 0.9443130985240832 0.937690736829101 0.9425001278282731 0.9558183829036689 0.9229800999306249 0.8853146141213665 0.8922683376845195 0.9067574198536716 0.9352557132900069 0.9287064952819936 0.9379106901154332 0.9127541223540507 0.9093653037054165 0.9072577048244561 0.9039565315080571 0.9344402736244709 0.9061365472759894 0.8936290120934771 0.8785328514148296 0.8836614258111294
0.6924068227784654 0.6814301024104674 0.6985499786933399 0.6821376049160026 0.7192327680245845 0.7025809341034797 0.7153883645380525 0.7503048065574335 0.7632373729528711 0.8027966139555056 0.777573436150684 0.780957141901567 0.8418453928392072 0.8591790714812549 0.8797882086700946 0.8875945438073106 0.9077398882211267 0.9264971160523391 0.9379133771150054 0.9737187199773678 0.9378012059467539 0.9295705942973911 0.9387306245379937 0.924905175415432 0.9329479871913193 0.9521991835288893 0.9294070458102733 0.8982701835858918 0.8972071763102942 0.8729382845791641 0.8792691950019182 0.9184859012205752 0.9027943209977635 0.9178655046879887 0.8994729674896044 0.9100533993748123 0.9156402127365358 0.9478933089087139 0.9131294185722137 0.9104730772715467 0.8919912386379014 0.8877349323486049 0.8772871733123888
0.7124260739955064 0.701223510068337 0.7020270526418074 0.7193423511213433 0.7262393695428816 0.7249612340612986 0.7189007559973867 0.7358922200560916 0.7917365127130683 0.7865136591139442 0.8003972645216121 0.7863833920666591 0.821661329915269 0.8608616841906794 0.8640239312106492 0.8999777021602433 0.9047253783996683 0.9089976321726201 0.9295614409575351 0.9283524943879011 0.9305911062693727 0.9373757534358272 0.9177282479240233 0.9171920388932056 0.9373849669360251 0.931795053364433 0.9282045427618267 0.9077621454859744 0.8881093207602372 0.869925746465388 0.8711237310371253 0.8789555994162104 0.902519728053895 0.9089167392661006 0.9322162544153751 0.9157758199753148 0.9037194793703086 0.9254576559521123 0.9075707676318647 0.8949710796824473 0.8835963703456561 0.8707342685006683 0.8564954786857096
0.7029113787089105 0.727922348208233 0.684495459163218 0.6978543673694284 0.6993595949680212 0.7488279431254761 0.7188864832849818 0.7517050327432668 0.7676554126060042 0.7779675936642279 0.7794854932938279 0.8061447028080962 0.8323915085587714 0.8447895561026706 0.8343656116517318 0.8766196509464685 0.8929552811701235 0.9315952737664632 0.9144632615908533 0.9431305391490229 0.9315361248074636 0.9402451120384547 0.9253134427433672 0.9482887676733791 0.9267191860714348 0.9124050553724254 0.9032079724438596 0.8788482188624996 0.864106182766582 0.8863239731733842 0.8768636666950029 0.874673959632778 0.901972007361863 0.9086966315631612 0.9289102779326337 0.9040184787137774 0.9039573429129447 0.9358010348508129 0.9006474334974072 0.8567984520946559 0.8531535033615469 0.8256404833459736 0.8032705481588093
0.6706158485311511 0.6767216986441867 0.682261117375763 0.6813700472670585 0.7072461238961365 0.7082913654911268 0.7124335363937766 0.7129040158055121 0.743058401909952 0.7766479525583658 0.7799057502550376 0.8096840321667728 0.8317879075749706 0.8143887853338329 0.8409607850595935 0.8422032743264467 0.8743236491689677 0.9145885137318167 0.9093184699141246 0.9355291659597177 0.9188867259280871 0.9336468481972705 0.9288349031210845 0.9196766198240239 0.9249304804907167 0.905564609984087 0.9230738006343941 0.8756890943465969 0.8902194546486891 0.8708572705883064 0.870258494354126 0.8825292604776195 0.8801850795947908 0.8966120729131494 0.8829397945596802 0.8775916780613092 0.8970207551485342 0.9240554029820263 0.8783984164896222 0.8733655469199545 0.8616583373106046 0.8231408566212522 0.8190074243400773
0.6524953289988779 0.6645282652190974 0.6921808309787868 0.7117479030309087 0.6808316361181036 0.6614742836640335 0.6738637392204759 0.6764751205240684 0.6871897611611977 0.7267533838467884 0.7635526486529969 0.7734361853879503 0.7961461466049997 0.8193977648571054 0.8083792903874845 0.841917300277023 0.8746913049991526 0.8898995291080678 0.9297243253097589 0.9406088581348983 0.9021661338521222 0.8887881828620922 0.91191008751242 0.9016357932701542 0.9196577178984431 0.9318821787973435 0.8955797044759373 0.8862332411399789 0.8834439779221599 0.8785574590815967 0.8673187758153869 0.8869204502016247 0.8587858345594318 0.8718035058842398 0.8745632051212079 0.864362964726803 0.897111396948548 0.9110792468819832 0.8785818148709575 0.8691593765186774 0.8459221924350724 0.8340270457742891 0.8145239153199764
0.6335457721211158 0.6522802941490207 0.6598838885425693 0.6792735433216256 0.6551418163817596 0.6429224594252465 0.6286730664428275 0.6346338668690183 0.6801224072629757 0.6878435784567434 0.7331592785145674 0.7318634061950179 0.7429781670186543 0.7732834584221259 0.8107102587957623 0.8055907688961915 0.8529178671982411 0.9073575039750174 0.8999629787426672 0.9027771236991792 0.9152850252849241 0.8949436623564274 0.9050908409009302 0.9089899566374436 0.9501634058555698 0.943119579109081 0.9096277220821026 0.8831447802092695 0.8813434316880889 0.8705854361130956 0.8880825508921915 0.8870168870205142 0.8659901271233712 0.8537192272425789 0.8611948783466503 0.8873628391296492 0.8854698777402512 0.8965828752285371 0.8784161848077966 0.8767634325664231 0.8646640585625064 0.8376829851860315 0.8053433137416819
0.5837676204546578 0.6483160380023109 0.6291328970080453 0.6143715411432524 0.6152017819172496 0.5883479141908932 0.5949280510041903 0.6114277707059194 0.6382615974302561 0.6521207207015748 0.6975423142245836 0.7061940352429379 0.7327304278078586 0.7264921903135918 0.7624291981933581 0.7945810522481291 0.8785160581622573 0.9265366980780922 0.9108228954496213 0.9233597598540881 0.8922297415859474 0.914573304235579 0.8904537353246128 0.9074779354028122 0.9408779963468428 0.9742176336257558 0.9414947775609692 0.8899363616751813 0.9020839900070927 0.9190345588339326 0.8708210839458671 0.8908398211806311 0.873593978524165 0.8263813114199339 0.862342187442617 0.8840229819485829 0.8972574866623669 0.899409256407139 0.8898713708783955 0.8450364913447446 0.8447842970895157 0.8326214120090538 0.8142509170123244
0.5515917346609426 0.565220029692037 0.5719669682469353 0.566267521655098 0.5919547169169674 0.5903151062074559 0.6034020806779042 0.6118637203466579 0.6020920110201088 0.6417083028462098 0.6772142924698682 0.7065741396451874 0.7128268402772288 0.7546359787173655 0.7528496465061368 0.7788996828130715 0.8547958243143464 0.8703428029784787 0.8927034219416348 0.9087757285082142 0.8901847976464358 0.8587233222471121 0.8550366120976157 0.8650146128082135 0.8917800667389286 0.9125540372993804 0.9215902791298037 0.9246087474828343 0.9239948452288279 0.9166349711202182 0.8750636120529476 0.8875036396392151 0.8589010908547852 0.8341746847707157 0.8507308269211501 0.8851233052292967 0.8745127281213817 0.8553648854668648 0.849642807572863 0.8496968424745239 0.8384894669887958 0.8041847685704555 0.810092472729086
0.5074502640250719 0.5477083670564536 0.5712709383401093 0.5459033938864692 0.5644987879905873 0.5723565857981406 0.5735396689027443 0.5845577132509993 0.6077031519863798 0.6271274361702228 0.657830733880526 0.6690592069414835 0.7067391461216694 0.7477916102894477 0.7354811330173789 0.7859063339702307 0.8049884107680535 0.8386282737435836 0.831169934532367 0.8608271576938129 0.8525592165579378 0.8421579554192908 0.8485899848484668 0.8456589233023225 0.8764667189759741 0.8943034059456259 0.9072988197341363 0.9183613336668559 0.89911439167922 0.8790137741804437 0.8680156141339288 0.8748059191707419 0.8804242071389422 0.846767445113204 0.8565609594491985 0.8706933590496433 0.8558875702187243 0.872165187468917 0.8407419506976255 0.8156713950561227 0.7931753806954884 0.816138757165386 0.8120828367862162
0.4784251981962566 0.510889751587792 0.5311913611540633 0.5525967422640814 0.517660166722372 0.529945922240966 0.5434994000887859 0.559947229821774 0.5622426042530719 0.5703663814305979 0.6177389866684291 0.6326222970664309 0.6646881395364682 0.7007218597808169 0.7327715131500931 0.7471663117495376 0.7857133443158866 0.7990028641880678 0.8115586825764269 0.8375297405686148 0.8376967058576105 0.8472064086765411 0.8376124411426372 0.8425605839709959 0.8539279897381321 0.8823705137933765 0.900325369560941 0.8636579844376484 0.8536994128538867 0.86613357324585 0.8792392382053259 0.881502726506401 0.8734073253984607 0.8458136927191234 0.8651470344681123 0.8332907367604913 0.8317664689275319 0.8299069316803062 0.8126160833909932 0.7904823230673244 0.7920398637005549 0.8221854890619652 0.7982710193891627
0.4382404903802067 0.472471205741144 0.5083345501313782 0.5422823044883696 0.49847037882421974 0.4977559505264549 0.5378017778114814 0.5372246876459684 0.5290760519142853 0.5515442602682004 0.5763295365097736 0.6529412796950832 0.6604992068931201 0.6792327058299646 0.7209329143719752 0.7587952489954712 0.7761923518941407 0.7548967330984407 0.7717684481698811 0.8099571798269931 0.8061028588936384 0.7952813818646262 0.8030294533153185 0.7947577946621517 0.8194394344328298 0.8333170694766039 0.8582462281865001 0.8712858079885308 0.8428655045626476 0.8303251762256435 0.8625517441828072 0.8425346869747836 0.8339866962338472 0.8544567285238533 0.8596160402766339 0.804148754891804 0.8075452876803181 0.7991499118302925 0.8167371199827628 0.7677007950286008 0.7733283555998993 0.8058539434502218 0.8064562221208579
0.43566335983595905 0.45831878734299974 0.47714096220925767 0.5082185361974311 0.5137155012253829 0.512193056848207 0.536156028744441 0.5314278948195176 0.5292116157006371 0.5475658165517137 0.5690264803757237 0.5860048781931596 0.6144857764836045 0.6360108479487063 0.6694147582217382 0.7364832558635717 0.7483774262742272 0.7405862501581157 0.7600737547572383 0.7771357732188906 0.805658498982529 0.7779415922503973 0.7822956363652561 0.7991441964440116 0.8005569677471607 0.8026304293748268 0.850240577997137 0.8198108885149229 0.8208206156579683 0.8250197181600851 0.8371385819193865 0.8395005172735766 0.8509737593252871 0.8780560834553317 0.8574227600356125 0.8406864838463588 0.8286301348985156 0.8268501246763174 0.79920779223782 0.7862727774187217 0.8125367570945641 0.8407411999785288 0.8483960556026624
0.4252742402274759 0.40958853859732675 0.4620914888427487 0.50895847991094 0.4957547807172094 0.5200499332464669 0.5294883946111034 0.5512192250192884 0.5380719284752323 0.5129252478906523 0.5547217393767303 0.5838713067365873 0.5785039484833628 0.6171863085451359 0.6675821263834921 0.710216371315885 0.7433783632635259 0.7282956652224948 0.7545645585432855 0.7494279127169393 0.7879503267350318 0.8020733395608214 0.7896609460460492 0.7692325805990934 0.7671535417086045 0.8147294302744458 0.8238917877386124 0.7936591962531426 0.7872238651123749 0.7696237291739098 0.8068579063363124 0.8380452636217568 0.8603249411407561 0.8806188123024393 0.8509069066792958 0.8425513097066939 0.8144429406064646 0.8231406737644249 0.8147962855162727 0.7852119492638795 0.802068278737945 0.8441630763465232 0.850321094162189
0.4150825660576669 0.39689915647474105 0.45689015640989195 0.47792681741319004 0.5234522815229615 0.5430308317483942 0.5249474925143959 0.5292609719943756 0.5383176702058255 0.5353292625711519 0.5420105877082096 0.5686990931636082 0.5790059577499614 0.6133894088190643 0.6464538405373457 0.6567433750646304 0.7062261817152755 0.7252024537301187 0.740714845986594 0.7858597379364813 0.7950281288657376 0.8176960026668305 0.8109593259212087 0.7624911217085005 0.7714378801008551 0.7837887860525796 0.7783954289338638 0.7803242430758971 0.772658639918609 0.7659429331324176 0.7838470002433513 0.8155207276340858 0.8555830645155899 0.8809196233287067 0.8513485019808259 0.8372921722261357 0.8319359770449893 0.8317311405787742 0.810418105322155 0.8280114443640384 0.8300392058181658 0.8527817002277623 0.8404617170188411
0.40139588720134667 0.3854539014410333 0.418358584362472 0.4500225022479699 0.5205000602179106 0.545062466935205 0.5268283297370139 0.5341244961367854 0.535471174656401 0.5105760804161785 0.5486344203362673 0.5556205867183612 0.5916910609157752 0.6182784275263573 0.6353420677396306 0.648721986017161 0.6985036737666638 0.7405977565294863 0.7246234298857742 0.7846250293806504 0.7748515734747407 0.8015128692012083 0.7978820344176031 0.7820894939715277 0.7632114988740852 0.7432117330321308 0.7361153139370453 0.7610599155500485 0.748552799360568 0.7109442525854807 0.7359263104147539 0.7912224962777946 0.8108056796081505 0.866974851616626 0.8281399688555632 0.8131847887500459 0.8120476875690096 0.8061727746184756 0.8393543826018446 0.8590975802253474 0.83853901322207 0.8784587699945735 0.8655171910374264
