Raster_benchmarking/continuous/raster-219.asc
NCOLS 100
NROWS 100
XLLCORNER 1743152.3407947812
YLLCORNER 5469294.5035851225
CELLSIZE 10
NODATA_VALUE -9999
[rows 0 to 18 of 100, columns 0 to 42 of 100]
0.22731246185160361 0.2423708812249785 0.2200398704457798 0.21397260866597598 0.2417038235084107 0.23508533080806077 0.2381355712520753 0.2662690371686043 0.26813282872531413 0.2932463291670204 0.3343186062170814 0.3405376141127788 0.3566636056764009 0.32272858290865847 0.33449890884489786 0.32955733339694493 0.3053548393386088 0.28993666681749697 0.2583963537180342 0.25875382607679864 0.2985626855097217 0.30538288707170463 0.3340194986267834 0.36021236903310244 0.3923152066617136 0.44124733479649436 0.43781094017569677 0.4787995847336669 0.48723700495115824 0.49758575124958465 0.5557509056133738 0.5486590500105205 0.5566920496717278 0.5577016633873566 0.579081528387826 0.6202226262062949 0.5971836180535536 0.5977640687218898 0.6003794142127893 0.6194875108935446 0.6630208314025946 0.67500619262394 0.6922579124256618
0.23259582357803757 0.23794405416498923 0.20619235587030052 0.20787452139036475 0.20640089362823197 0.21447506288674006 0.26627085956695856 0.27038301201045306 0.2963159387252271 0.3061529837216079 0.30681662502175533 0.3116881243360279 0.33923928668243464 0.2982747855549415 0.30436597892542905 0.309446215937519 0.262606405136142 0.2429453998421867 0.2227052723186398 0.22219259777891434 0.2796275614224225 0.3042495692079202 0.3028114914645393 0.3412067523573676 0.366270885294507 0.42370646431696357 0.4225603864464455 0.44788341451135244 0.4697807337944014 0.4814360060595703 0.5379944948501865 0.5140545178634717 0.5124825900364963 0.5625490102825075 0.5718660458381549 0.5802734547235685 0.5890037545728074 0.5946874787965122 0.6048990438069863 0.6017221569850852 0.616540287926056 0.6514342072198026 0.6526488556959612
0.20267594571172698 0.1801132934923079 0.1965440141149535 0.21139623263307072 0.20989207038671745 0.2028489516012338 0.2093983548712901 0.24660247421850304 0.26304901665939956 0.2798633504294786 0.27303599210344914 0.3017706011959278 0.3022559974709117 0.2521977533429817 0.2541390989311154 0.25389669170273693 0.2345955219287238 0.22406144208291373 0.19626790751605153 0.21939365984757578 0.22372422881331278 0.2661686681199624 0.2824488076767293 0.3185866711417288 0.33426082833237514 0.38430957331674775 0.41773249729730455 0.4202485772972136 0.450663660622263 0.4698642023888533 0.4980972134308018 0.5265444490539558 0.5122981619039403 0.5130838981002213 0.5375225634976201 0.5450839017155574 0.571509874765564 0.5923052362685127 0.5734970749652579 0.5788871884443135 0.5915310091934504 0.6127611090218291 0.6619717511527049
0.20322153654482197 0.18504492001306289 0.16947448055422593 0.22642938470499752 0.24420487750391792 0.23388202697162508 0.19380648613793608 0.2091004620160951 0.24497217014889983 0.2597737639934898 0.293622741957735 0.2761614522691038 0.23667813554962147 0.19811449617182544 0.2205011535894171 0.22512623393033473 0.2427829052896248 0.2147459810080662 0.2176361909535499 0.19424394674672324 0.21229230736387822 0.21983847372240747 0.24477057115798675 0.30321036496381343 0.30311567089439767 0.32974015032144643 0.371161014053461 0.4255873582957666 0.44152321281820517 0.477241718994362 0.4751620761650379 0.5038860219845609 0.4968229405705981 0.47767420944862043 0.4458155655958315 0.5098314771151337 0.532329720430018 0.5827278883668999 0.5727909289763222 0.5491399038376481 0.5851317531714892 0.6014056689958183 0.6603798668258247
0.2289810369704835 0.23313486358868094 0.24527565906141757 0.24057912884470442 0.21847889663299863 0.2303828154096238 0.218036911148048 0.20346606700904843 0.20360429736255786 0.24443489587119882 0.2410692097048777 0.22552105672835865 0.22438708349477282 0.18432481978161241 0.19761702678614523 0.2136250325667636 0.17527106122500005 0.1919887884099274 0.2195278488823091 0.21677430654295168 0.2212320991350219 0.2512712736343297 0.27603949469885986 0.28737035705321307 0.31894295956078916 0.3101773895266891 0.3732773806576702 0.3919716298556471 0.40930450562304205 0.4429235746400217 0.48069040685142356 0.47625127773276565 0.46018330534961427 0.49434372107501345 0.5043134738453943 0.4874454298072723 0.5251615450075224 0.5549897842426872 0.5520306078143605 0.5571221857667394 0.5717929801388268 0.6232848870926773 0.6628764921346361
0.22745923955682285 0.2340376412762786 0.2461550360547055 0.2722820712795227 0.2401877275490332 0.23694466461852828 0.1952366109652355 0.2083205162823649 0.21343848139709673 0.22740168943019629 0.2410924571067678 0.19741387642340152 0.19537656450456345 0.18883149923631248 0.15698058966620437 0.15775185784967227 0.14540308337092644 0.17404602846543715 0.1649388911651924 0.22178697585814702 0.2148148950369444 0.21739166089003148 0.23569553921763936 0.27935639695613 0.29284101316849076 0.3122402524209038 0.34090748558173256 0.3742141511730389 0.4195729166682482 0.44683175436180467 0.47000899321480594 0.4786392012731259 0.46627288543309 0.4749064420828937 0.4910300507666675 0.4700333800062459 0.4906646335423448 0.5052368253158469 0.5544737894108476 0.5729918560024576 0.5633536474086721 0.5774427546996943 0.612344082384577
0.2168845940128574 0.2272926990388456 0.2325496072145589 0.27726345497571325 0.241801678154106 0.24439786397374902 0.20440798075819594 0.21981273312112234 0.21722226264245542 0.21199514335898934 0.18971899136163198 0.19211585400516834 0.19824315158508202 0.1768993875149433 0.14847330113296503 0.1440205842790661 0.13760530448394775 0.13214714743351638 0.15406870956311333 0.19319316182708932 0.20047821291207674 0.18874308604894013 0.1868791483156527 0.22889404500042074 0.25761890397191217 0.3131954139631594 0.35274914291461157 0.36796822823636993 0.4107203448836914 0.40823986945483465 0.3971960703725834 0.4279936589193872 0.4463677192898474 0.4889264250662023 0.5153932668379629 0.5041385132209536 0.4715306732066546 0.4939808248310715 0.5242774533136293 0.5501311634897303 0.5628643612960343 0.5948166008929476 0.6344198037807385
0.2527631126823264 0.24181593249825198 0.27157373870574514 0.27208691713969296 0.2728351258751955 0.2548067991252385 0.24405039306198553 0.23093293533621997 0.20582041130083736 0.19472599546845576 0.18365426504078142 0.17716469488309672 0.18917187662656781 0.15630209554463398 0.16464709408134712 0.1684824817537292 0.16729353986409853 0.14702959492065362 0.12446018358449237 0.15864649128852118 0.1777585373016798 0.1841639595060735 0.17500620774188916 0.19559454449919822 0.2232832655989155 0.26220462871748385 0.30204894033472807 0.35217909071895626 0.36868545450792095 0.3997407072405568 0.38227498754862027 0.4144034940913652 0.44792679881076397 0.4518622025959821 0.4763744917569557 0.506770805510679 0.4853054402569612 0.4882729973125599 0.48283278224992116 0.5480232828470625 0.5369037717600793 0.5713580082613078 0.6438317839322345
0.27434799281332517 0.2724708211711592 0.2591637043789842 0.2560811998433458 0.2774433198465628 0.2595755082105793 0.24302189772179397 0.22374296042945357 0.16297149430264551 0.14762179941003203 0.17131191178472288 0.16557814126637482 0.12910112083178912 0.1387615125254502 0.15466572054122604 0.13194968867607834 0.1584570187771035 0.15444682613496855 0.11825937624329595 0.1456657589530699 0.15175194368141876 0.17277632739577833 0.21393690141586957 0.2165011323277638 0.2191556956111386 0.27019270883632507 0.3051357250871778 0.34406069569415165 0.36723642463856293 0.3726517744157683 0.4042934385674541 0.4042954312263233 0.41802497723949317 0.43634134507797573 0.4657768291787785 0.49918828734660214 0.5015317787063547 0.5162945792933108 0.535368910156419 0.5388213924065742 0.5364093834515119 0.5864289106488718 0.62147252513197
0.26918701023793123 0.2750145795127942 0.278485244374931 0.23959163903748404 0.2326389744063833 0.2226080963155335 0.20070783853320323 0.16620496582700048 0.14733295063453078 0.15958680175580636 0.10187686806429636 0.13346289508509682 0.11165659908712625 0.10937477237701802 0.11328818598678854 0.12648163497762935 0.13819136396033974 0.11212068540438357 0.1472780530238608 0.11296174994695889 0.10279530715157366 0.15859285829519723 0.19544797074266787 0.1952769714324215 0.22765259041816113 0.23634983851228863 0.3032458180704066 0.35669785827733375 0.3714703482844276 0.3626381465492278 0.3610654442764711 0.42564654590780476 0.44012774284654754 0.43975432212517035 0.46324775144173824 0.4936465013608673 0.4891360130614163 0.5278508658701073 0.5327737243832069 0.5248538783443123 0.5356204761955774 0.5589428412184106 0.5980362897967763
0.24003846157189115 0.24165238007747553 0.23069983430164337 0.22598752021305382 0.2084975658921151 0.21166935342978768 0.18813390085062484 0.15690236015948675 0.1450857155669098 0.1440634876558096 0.09827320279233466 0.09913649429108229 0.08917863383653331 0.09627884005593419 0.1097141718432632 0.12468993029888895 0.11029474086600598 0.08722585534892832 0.09825630038053469 0.1063160917833635 0.09987040275872554 0.12807320860032867 0.14514460284368969 0.18988465244347744 0.20542527498112495 0.23392923509735936 0.3038607639379022 0.3359289311707097 0.3688712338339716 0.3706556884348498 0.37725797308747266 0.4028392663490192 0.4140660892681799 0.46279502196295225 0.45031385995502476 0.4651439933408198 0.477692259189973 0.4958500751838672 0.53305494398114 0.5189658518484769 0.5822792134015502 0.5910183664892481 0.6516908802876002
0.22140237853627906 0.21096274101891693 0.1729242893728387 0.17656943413876755 0.16637287762977826 0.1922867231101307 0.1482923436655858 0.13890862351955038 0.1584137928753027 0.1292580278077333 0.10510186068986122 0.08562679537944572 0.10923052013873326 0.09286208768296111 0.11520704747480733 0.11596646794478363 0.08434332555013803 0.0928654211714403 0.07383036614702156 0.09728038823377544 0.11331465818112864 0.13976655013013828 0.12120825813066577 0.1602938731170614 0.21566537937604446 0.22647507584538898 0.27764850452970097 0.2850809979950393 0.31087064128871666 0.34134161618816633 0.3967772286676427 0.38192702995477124 0.4270552309738918 0.46534908396768676 0.46547459855513323 0.4942577065803541 0.5173146717520509 0.5135042399171842 0.5080776183333546 0.5447997086781938 0.5902416539095123 0.6102572947117837 0.662138476730434
0.19886185126109274 0.16950864564982665 0.1595726553223233 0.13595545408269397 0.14033022823966548 0.16662985629661947 0.14449195886347915 0.14538820641990252 0.1264867689743069 0.09848354134326524 0.08448476283418851 0.09516266351281565 0.08545624913263275 0.1064418663328299 0.09969844235210458 0.07726508247326969 0.08431631477791565 0.08916216928978078 0.0954987104582383 0.11539638723973462 0.13341151663069234 0.12955540674403715 0.12694635576154203 0.155333672434052 0.16285857941885462 0.2068480366646149 0.23065423788383388 0.27836590513249243 0.29076168335494523 0.32166144636006594 0.3252809262084152 0.3669514726396107 0.37658994001805907 0.4271948627919021 0.4128526920267621 0.47277129048190153 0.48448566528509796 0.5039854967831575 0.5126402626037563 0.5743241947303789 0.6070232388243352 0.6172486416595862 0.650224383376256
0.14721354944606685 0.16252846783859612 0.14078225902696925 0.14073343228816998 0.13180652760674866 0.1253070119039382 0.11893579283434981 0.12730604193698145 0.10705045750465567 0.1124385344958009 0.12045977700089495 0.11461152542926617 0.0655797894627539 0.11257506592524238 0.10786051196441408 0.07742809312921735 0.09425713169620462 0.1199399990315018 0.10664572988148657 0.1160309184420234 0.1050732205776361 0.12202282246328064 0.14487868925231143 0.16048432259045187 0.14170523939512245 0.2011800578725549 0.20468128261819055 0.24328470616470538 0.3000956663779534 0.31382405031994964 0.2903626094288644 0.34366299097398595 0.37369465929757156 0.3954633093883326 0.38470186898623965 0.4506566541464508 0.44508761336118574 0.4684312306849386 0.5166052434278254 0.5659853206012867 0.5927610454275394 0.6127279931933224 0.6782384501178966
0.11444975853151455 0.1451379586765674 0.12376473371170317 0.14194460290560149 0.12287781918561687 0.07552583644243852 0.0803188054825339 0.07683113596584462 0.09795772975464437 0.09986598277999577 0.11620035754329996 0.08817131563361855 0.09115848500127918 0.09688248338220454 0.08803867143663612 0.09362803502475867 0.09228492750798618 0.09816422529400638 0.09249342979188953 0.06675859444260787 0.09265536428072196 0.10628912233615094 0.13272222070414627 0.1162681068061765 0.15125637602670103 0.1633896410104833 0.19385347977831063 0.20934805853544064 0.2614013203008255 0.24519191838534063 0.24705800834805847 0.2883949550586569 0.3509915357672936 0.35188236927061584 0.38291874911272394 0.42211008309233466 0.42816945786492994 0.46139469412950934 0.5087869836480068 0.566859008548459 0.5900926376076092 0.6109070849153617 0.6546995392172165
0.09770667537596714 0.11531134062522863 0.14834674558421818 0.1259188304244557 0.07950743931138249 0.03811642672755093 0.009708073930077341 0.07208547607331325 0.08924910445151277 0.0881638170994774 0.07454875753084007 0.10818111240711939 0.09505803019900157 0.1204644333504079 0.10514219499858005 0.09736441109723852 0.052637000210531186 0.0849614585611643 0.041853678686044886 0.07672296096629536 0.07500554953147481 0.10717470284294767 0.11136591817119591 0.1283340238762292 0.11463370663224606 0.12145334429338626 0.13930538019677943 0.18281654801671618 0.19567301767018916 0.2252211471360732 0.25252605146603985 0.2994002848348082 0.29395750901320783 0.3583325268889899 0.3862343719067834 0.4249871678367379 0.47635361579178365 0.45720486825810236 0.5054176460850677 0.5253956158337394 0.5748711259204868 0.600251978334798 0.6563250122401689
0.09303006792821901 0.1313671216716311 0.13392802363175807 0.11061742543550124 0.0652670757795517 0.021381572326719923 0.020260390240471216 0.04152779613630571 0.06207203275677158 0.07243960625538938 0.09076837137321796 0.10255723791505357 0.09835104084083694 0.11449343964026218 0.13535745729771578 0.07939403225807115 0.06284582793073039 0.0687543407791774 0.05819938467041967 0.05368905580116237 0.08503134390115126 0.11780315915669345 0.08789261619670322 0.10114829728595548 0.11262999702962766 0.16447108651011885 0.17360329325373716 0.1878586635136288 0.23654990457877398 0.2581360133911031 0.26372737022835907 0.2693366819663751 0.2825333428348089 0.3535226807023162 0.3726370558004061 0.4013318864942839 0.45395343214641226 0.46979702880949736 0.47439442603968834 0.5307218382569345 0.5471587367626909 0.6195214176491984 0.6242696610968761
0.11183288080079987 0.11460079659432675 0.09684830538630053 0.09448796933765438 0.09032541137781698 0.030556270384833637 0.0 0.04867195346198287 0.021064662018888337 0.08971924109278669 0.11142802305224565 0.1358418870966782 0.11332769354269812 0.12666081619788078 0.16056922067350687 0.1016870816561896 0.10021909671800315 0.11094418150196808 0.09120228494618789 0.08965937829968953 0.09110820289332044 0.1225958856636321 0.09351495404349487 0.14418023965090343 0.1500037555637765 0.14794276331497874 0.1734977579291446 0.19764499586398918 0.24557957682900922 0.2667243318120496 0.309464378891111 0.3127064666218003 0.31025378539589277 0.35391824767910945 0.3307845755595041 0.3959350498612697 0.4097285922685431 0.4251114374003087 0.45037587362376325 0.516263260336994 0.5526526754783749 0.5812088527127872 0.5961242357464689
0.07829979237037826 0.1059976948343678 0.09608552542946379 0.06757290839189081 0.0962807099290266 0.03524313401761385 0.0376151439925653 0.044117993460724696 0.048828467201318615 0.07303981928239808 0.12640059709482585 0.13854229030105913 0.13000176970587224 0.12483209924614161 0.1258540222608767 0.15041400599156893 0.12655797490839085 0.14189924110802393 0.11123768220604688 0.08945147529605427 0.07562811092761011 0.09744474520009853 0.12421623883598008 0.15172513148194777 0.15946078745458045 0.15472029867208473 0.1821174007609349 0.205351452867527 0.25971058096825544 0.30373441999217493 0.3033398429868471 0.3146197767707778 0.30082741906016125 0.32124577714429353 0.3579257838847872 0.3979244543321303 0.41583100544008544 0.45936607549906155 0.44696748986983126 0.5186649209519955 0.5416969894356146 0.5502720966298651 0.6052275573253642
