Raster_benchmarking/continuous/raster-136.asc
NCOLS 100
NROWS 100
XLLCORNER 1743159.8169654547
YLLCORNER 5469278.920964848
CELLSIZE 10
NODATA_VALUE -9999
[rows 38 to 56 of 100, columns 43 to 85 of 100]
0.052660559107048 0.04487683026177049 0.03875693352136071 0.03680822371723422 0.07876945002717486 0.09745013633979527 0.08438463246199546 0.11845699780447581 0.15169026395508056 0.16109860146107755 0.20808309732184013 0.20250902922215314 0.23518638931820743 0.24659720891360817 0.2798535111025263 0.27991925022850506 0.29208890306848356 0.35088235422017644 0.3839456132345019 0.42376633206127473 0.41915071257524206 0.4600532995405425 0.4602795622894958 0.4798394714315457 0.5160791794434355 0.48739574344087494 0.4983426261370616 0.5220840035245665 0.5164678063349867 0.5297522951036883 0.5702996052094574 0.5590752853782117 0.5800396956218472 0.5986985407962361 0.620341314604478 0.6229772032896328 0.6466758991710421 0.6946129456926249 0.7104736598075947 0.7058018823387388 0.6748373605379012 0.7360558711058437 0.7612482873438949
0.0480768389574479 0.05936747598652839 0.06658196609337824 0.05718476471660636 0.09855293011176813 0.1209461739652347 0.12964700073729457 0.12641660982752248 0.17624950113816004 0.15423305762275688 0.18596015709685482 0.15544292890071384 0.2091610010570592 0.21539235453263256 0.2587015262799595 0.284697024983038 0.2774598817004121 0.3071049063992057 0.37641137241330735 0.38660370399666927 0.41766210840829016 0.4438711116622039 0.4184477734800855 0.44274579141123577 0.4585478717401729 0.485097517800687 0.5316649904422998 0.5127453678975246 0.5416809954977276 0.5287053592566805 0.5113519594807819 0.5366195823805292 0.5341031485880386 0.5588806879631728 0.6024798059636445 0.6371546814254417 0.674756045693456 0.6800731401699955 0.7032495822213778 0.743265293875022 0.7237396930770968 0.7278208058380624 0.7668580406401758
0.06950021501793262 0.03665160029329966 0.03754960570432933 0.0697886533967117 0.06556003686541283 0.1157364571958614 0.15018895719176611 0.1374663716387496 0.15991133079032566 0.16999793190521073 0.14238310353894493 0.16325684374918512 0.15406995000781865 0.20900055384430213 0.2334510329035435 0.24205136099578897 0.3050416460922508 0.34407427586623585 0.3738963314762918 0.3840572247923772 0.3963514613500481 0.4071294636068058 0.41832194803959605 0.44955008271113833 0.4798155859026583 0.5148525257863501 0.5691862429503146 0.5725264111936067 0.5562956387045507 0.5528919111690259 0.5328967220976172 0.5652273958312878 0.5382736886153128 0.5665783691678621 0.598148217069359 0.6524519407880836 0.7111843895587814 0.7347790488024463 0.7578585354286582 0.7192514566871713 0.7291538371003228 0.7510037996265876 0.8522716443182661
0.03950572223095703 0.05472282278201341 0.05391261794368919 0.03711290142797733 0.10822749813297511 0.09947417157346451 0.1699549180971805 0.14589547532717162 0.14602449609217488 0.17417931978952977 0.17557256998905915 0.13244713255414964 0.14402152665134366 0.1738643245429012 0.22639958847107394 0.2693957261373402 0.2849932416302062 0.3318989947057181 0.35196680658875296 0.3854678399120641 0.3884846662931729 0.42815074002389014 0.39914534495691234 0.4256649593955631 0.4549324894116481 0.499102877745531 0.5447521253778721 0.5352772074049696 0.5472434014024493 0.5333011011247915 0.5287791647465122 0.5628862396278289 0.5549781435161234 0.5677631924217883 0.6264639494103041 0.7015528993627717 0.7320304872061763 0.7401328849346099 0.7623537027819869 0.7515218373914332 0.7667320602658917 0.7985032816740212 0.8325343376173499
0.057862689862597405 0.08254765736788816 0.04308480356997862 0.09213106198604853 0.10491605618738772 0.14204247079797577 0.19948471150509797 0.15037098098935 0.15940217616920113 0.14212294221532532 0.15750765827180632 0.15129800226408074 0.040646822027693326 0.14901849322790545 0.19834079970599244 0.25878180585539223 0.2189924308523792 0.3254714264594488 0.35306321277030006 0.379567145214341 0.44626452311630044 0.4139134983101431 0.40185453935094684 0.42725055433169323 0.48890390519188903 0.48551973122668934 0.51245270599727 0.5070278182331653 0.5519979586268006 0.5723192582405742 0.569601641129138 0.5382077870479957 0.540056764163511 0.6021532327907889 0.6205117268567395 0.664820071635325 0.7593897244720582 0.7661154935759859 0.7520013921711707 0.746724767396111 0.8041619714386891 0.8172394413650836 0.8151584561106369
0.11997256215829329 0.06775710721098169 0.07653242557178437 0.07295650093980309 0.07622684791578008 0.14252098438049188 0.18717866672105019 0.15651054284883312 0.1489450488740841 0.12280617336789663 0.17049696005190856 0.1482264217935637 0.09241959134469907 0.12268255092187769 0.19181261962745086 0.25059284292370104 0.28076064553811786 0.3075657633304363 0.35229128874823484 0.3745740220876137 0.3864190406541908 0.429150405109881 0.43456133469853553 0.4244106515296821 0.45619825985433426 0.5001203568733579 0.49236783035280696 0.5144283593872879 0.4909567315184925 0.5228650661474086 0.5415239824731287 0.5289408480379373 0.5442596197359876 0.5647605965273955 0.5880668915218081 0.6576699246765929 0.708788258233706 0.7546979236199688 0.7629325055284893 0.7500694153001668 0.767679920285109 0.7889816571147984 0.781910471591168
0.12941575255189142 0.10000562738426963 0.058681364378935855 0.09564945578121206 0.07136808837950731 0.11198066085495567 0.1726058744020357 0.16261990744676302 0.11697382444300336 0.13114196197796496 0.13912319337134701 0.12630981802085256 0.14969582035362175 0.17985497240477574 0.18193733578260762 0.27517304325989295 0.3109376396501132 0.3190998784516465 0.3104596381739084 0.3521493995469038 0.39524630798249605 0.38267078368252055 0.4492303432050423 0.4102875652658247 0.4414814470507001 0.5024230168268274 0.4902707184730446 0.44842580262214116 0.4729619974790308 0.5443791490102599 0.5476217438423776 0.517825220866788 0.5449900566507656 0.5804006849407862 0.622074452308237 0.6504201943104114 0.6768621197339858 0.7343251508145083 0.7044620680668663 0.7473483235504388 0.7989288167540732 0.7696452382214887 0.7557857104380227
0.15579134874049413 0.13024650733541537 0.1359259664842751 0.12113258592016256 0.1280232004118106 0.13640063567770225 0.1630978031829905 0.14622912217908077 0.12140510067120223 0.11590169929905313 0.1753195027580969 0.15004463577659669 0.18115558090520648 0.2005852787923759 0.21990923728042724 0.2929509980701297 0.341258798524277 0.3124801572822456 0.27183988967141787 0.29517117749258837 0.33669780364117646 0.38379522561828466 0.3813781035810756 0.4380478930070577 0.4369103826956458 0.4540907496955238 0.4302066921519917 0.43581672881800837 0.46698487872970057 0.5090247174481751 0.5399927825373322 0.5361917350491363 0.5356290031248174 0.5855230851670996 0.6102724871660558 0.6284899756734231 0.6730428429607962 0.681146544407536 0.7205297712756537 0.7636098316868385 0.7618256945423192 0.7664489420046903 0.7464653143504327
0.15554216625446401 0.19815862749419227 0.18004921676659166 0.1615677707962954 0.10619304235393882 0.09737362377166035 0.09353556167258868 0.15503330936000842 0.11984648496398861 0.14532164141598117 0.18900367934964496 0.1361413746586255 0.11441442128367185 0.21260904106177414 0.24331868249321945 0.2809990062996046 0.33411121874213634 0.27304256677022093 0.24969331794502952 0.24006775937118266 0.2878395629966681 0.3227690629820783 0.37630199689660954 0.4130724197364431 0.3723171440774895 0.4278690403221799 0.4595927714410263 0.4683115231894824 0.4466972468446005 0.4894592903944898 0.5192786071188873 0.530826574895562 0.5845810598774202 0.5794900638363205 0.5972410196077116 0.6313907846605469 0.7368449303144295 0.6862734309039944 0.7074744293715121 0.705440404359617 0.7238693872849408 0.7146609578166874 0.7469138092528972
0.21890910015112422 0.22936448753231947 0.1860439585553247 0.19785090532830546 0.1445296200973326 0.11855976443428541 0.13597699970977828 0.1441192044678347 0.16951111161441892 0.1714958240465362 0.19661573922162065 0.19175211349373558 0.2170726642187918 0.1960350948081308 0.2639106178293767 0.2743059322716095 0.27174374932093875 0.2717957538293408 0.2883011130595655 0.25435074609265346 0.2850919935503974 0.3381047650074036 0.361137753168587 0.35398272944996806 0.3434863426502981 0.3595865668458707 0.39605233673504514 0.4269315576296968 0.4295299815353171 0.4940421917935397 0.4877857045548235 0.4950324105341506 0.49789583726864745 0.536745492581147 0.582508315180297 0.6034103545164645 0.7000098671086321 0.7129672870878702 0.6984637556149158 0.7133321100875166 0.6985122418432018 0.735568894750125 0.7236773191936762
0.26242735393380534 0.20827012404019246 0.22329069593477527 0.22013966061083393 0.15616964746729484 0.14168821314945879 0.10627678023758821 0.13045673206422878 0.18758920132718132 0.17129181568333487 0.18167690615713286 0.2355575252889547 0.2552909861016799 0.21710507814529176 0.2559505707232592 0.2698224211234546 0.29692744285356576 0.24137420537625387 0.2553076525380143 0.26614849906593685 0.2837430083921637 0.3065343506696146 0.30354399627999507 0.33722190418111975 0.3233276085936464 0.3757968500300708 0.3646132616500034 0.42433571476513476 0.4555301996883277 0.4816784677028166 0.4323287381680814 0.46497860788540535 0.45902776222984853 0.5116509127510694 0.5664222729373127 0.6307564446543702 0.6319033669641618 0.7035673356382822 0.7441247374774204 0.7152026325959184 0.7340898471070364 0.7339066438036106 0.6887539072092016
0.27799397750010507 0.21992690514081142 0.17572932754257126 0.18355859993687954 0.16615858323581603 0.16028128231378883 0.13709270916231073 0.18639773886403246 0.1948961746121422 0.19247436642459056 0.18185977962731373 0.22349079834735977 0.26064225879751035 0.23407505636897483 0.25783680591196645 0.2381126280165448 0.24419945846742663 0.26104526489417046 0.25567091339357084 0.3142528301917854 0.3117012709122889 0.28519236651376656 0.2966781552477953 0.33077808977521345 0.31537692552746655 0.330657715751332 0.3699673909687996 0.40023963088654824 0.42463468469500687 0.4574713526357046 0.45940126787728375 0.44953900292457705 0.47670112142990695 0.5257225225453818 0.6103866361509693 0.6382459546028798 0.6608104569530957 0.651323219331575 0.6631375733280301 0.7053555104026459 0.745181072934218 0.7234899682639596 0.7156610570286147
0.3190787636316804 0.23684477127042922 0.19681241699517743 0.184439042774627 0.1270782519460312 0.16592695102667032 0.16499321837034134 0.19465623692643574 0.22678343855058122 0.17216573428226037 0.18987378386858456 0.21222157979452996 0.25898537878945466 0.2450147801405565 0.2101805454729701 0.24993973960266272 0.2405015179692525 0.24351988452730597 0.30824137983968886 0.27666316984497297 0.3021363408113564 0.3241273484250897 0.3290774752470508 0.28130540535176835 0.28799459416801876 0.32217828705464513 0.3663339741364713 0.4009380605192969 0.39856029111019065 0.420276145821315 0.4194253039524865 0.42354405405668577 0.44484338388373396 0.47880364037835954 0.5892156302471896 0.6353913045383183 0.6692237138214673 0.6340590336220745 0.6670697706744348 0.6924480300933824 0.7403925542775907 0.7315692111611422 0.7126845706006348
0.2952865491223788 0.29199350142899894 0.23850367009008622 0.18298020127976347 0.186166178237035 0.15498803950818538 0.17871275387648627 0.22325004737269252 0.19829922407321418 0.19350557678954103 0.2059862885193867 0.22878086321268903 0.2476269343247118 0.2525280831005355 0.27928052636529765 0.24010274657087136 0.2597014106670135 0.24422516906048644 0.27625999117602357 0.3064717096911185 0.32000793052510795 0.2701791432397083 0.3122893350321685 0.28543911932398686 0.3021247820390701 0.30944601622570267 0.36523179195562977 0.41787446950553425 0.4318815953815579 0.4082593155768688 0.41270404373550623 0.43061646235162915 0.44548165408062873 0.4786229272377492 0.5292239161994704 0.5601444704207768 0.6263203565169765 0.6236508268464263 0.625873641133637 0.6530023124751043 0.6905930978913949 0.7358109692462398 0.6958227371235379
0.3086920408085578 0.28778132321515554 0.30775435370326026 0.25564227458717137 0.2118076201844132 0.16035669588177331 0.19307010580595485 0.23688468553022113 0.25107149592443656 0.19205940616526135 0.19791150147837208 0.2072850875710127 0.29485320878157983 0.3182353024950786 0.29257416769198985 0.2771794056258244 0.2707506807953709 0.23714608348365435 0.22390919590512864 0.26834662323350567 0.29757328411547995 0.2816805152732495 0.26870906437757425 0.25608544966439006 0.27777950873123336 0.3360898640647436 0.3727041963312311 0.39459259186605483 0.415899606085922 0.3687983633936051 0.36941700181025533 0.41178202954348436 0.4162618529642078 0.47594553505188486 0.5135295240170494 0.5181008138972975 0.5694650339091896 0.563870580231932 0.5981059995874701 0.6510188511309417 0.6833676324441604 0.6644295814155766 0.6968897535545522
0.3281006531496691 0.34668928265561283 0.32256410169455557 0.2864037761880633 0.2356934352823921 0.19066086097299423 0.18917182213275835 0.23562901740239953 0.25732314868871065 0.22711702449565535 0.25860028816239167 0.23390107462625395 0.2643601473207655 0.309534492515084 0.2733506728812933 0.263663562492586 0.21989103383286326 0.23016691771488493 0.24853218478614136 0.2737759462669318 0.2838621462482401 0.24823678045170758 0.27529294135363347 0.26499565617800785 0.2739595409732537 0.303523743164618 0.3209088256373877 0.3667124335381897 0.3889057005349981 0.3706901604914032 0.3760319234660272 0.3636160417629495 0.41894136661019254 0.41745101837585963 0.4787370967615766 0.4866954308830781 0.5614732422730259 0.5415758232828634 0.5490956805613897 0.5889267725708981 0.6107635253819963 0.6354440182234619 0.6675268595931174
0.3697970888308572 0.3527257973230818 0.29736942956391305 0.25677714683525954 0.20735431693793835 0.20769578117474274 0.23571935048224152 0.23526997145168896 0.18871537780031353 0.2391992399984928 0.2521928651253879 0.2579227179470442 0.3031087170516372 0.28641059073640185 0.23587787438675695 0.2302598222617709 0.2388508474284252 0.22658066091703652 0.26435728784585844 0.24841619930312084 0.24438721957779988 0.27751129250605205 0.2918523709105567 0.278203690692384 0.3095232214875711 0.3067725004171574 0.32681612920805736 0.3604806174545535 0.40013309003591463 0.3819283314472652 0.3758186213265725 0.34687794929333926 0.36968455212466494 0.38621714064988655 0.42751991093980907 0.48351774809008397 0.5524511618368533 0.5303847967290062 0.5410890914712915 0.5322227940713428 0.5602106143018015 0.6372681300670676 0.6832994480863196
0.3240305034933093 0.31617710848561764 0.29087436388592697 0.2483476263586791 0.233858051150207 0.21783552546474025 0.21066844571691315 0.2051466855064174 0.20155143144146592 0.18661772961389142 0.26860355200311675 0.2736609095388248 0.2952496027497261 0.29457250110771843 0.25179456756650603 0.22904908823734405 0.2518549905437193 0.21731365880140777 0.23905803534019165 0.24395382870016982 0.1992335454435864 0.2239983750538881 0.25302094791759894 0.26135918127776325 0.26139531344226946 0.3162175959881947 0.3172419092117778 0.28572951977688954 0.3361887933128428 0.3081996038100594 0.34103678035574536 0.3260144465126999 0.38046831321717867 0.38673022520986505 0.48046034374644875 0.5062181597039432 0.5542739497694509 0.5551670978283716 0.5539583244212556 0.5202435347867926 0.5876527490768134 0.6371043824175899 0.6748842573292735
0.28600777485997575 0.2782729932304629 0.24221653879726138 0.23350755742100676 0.18582564132580418 0.22009509369204133 0.17461219292578622 0.19858043731409694 0.16365662111324586 0.17172098351458076 0.2463330645413456 0.24740719683913903 0.27636773482557603 0.29109823584776295 0.24189751742889934 0.2122134298669693 0.22196669141725686 0.23031507661149525 0.22174314529797284 0.19520834277400348 0.20854487865691565 0.2305714550766813 0.19842720999585473 0.26403108817000787 0.2697851632768402 0.25548313002282713 0.2449533910279383 0.2774074151524461 0.26060474913518183 0.31907968789200053 0.3103080972413591 0.3639571558734302 0.360444191994839 0.4374236342598676 0.4819979993849553 0.47552119785866404 0.544420430854938 0.5557840591166048 0.4870845329340966 0.5293588325103373 0.6180537651778423 0.6715799362302965 0.6923413082958262
