Raster_benchmarking/continuous/raster-454.asc
NCOLS 100
NROWS 100
XLLCORNER 1743154.0034115762
YLLCORNER 5469281.657938123
CELLSIZE 10
NODATA_VALUE -9999
[rows 76 to 94 of 100, columns 43 to 85 of 100]
0.2250947571617318 0.20999369693269512 0.18305714731731698 0.17692185381660064 0.17377037934691084 0.2177830479192786 0.17546926941993354 0.2041364528860272 0.23084427362656704 0.24907488396422944 0.2567380932866497 0.19669244799877086 0.18579742851978664 0.20638352344861854 0.1795311906077885 0.19128472240308586 0.20436014551811063 0.1797985481314464 0.20155872559645313 0.20551547908099832 0.2163822541517967 0.27074686965879813 0.3224079328222578 0.31208742527422595 0.323656968114624 0.2768489518438126 0.3153410862184147 0.2712489326085225 0.2959057934322373 0.2878368954610776 0.32172249713075246 0.312231483942737 0.35648522564543106 0.3276074306325281 0.26232561027092266 0.29740794610569377 0.2746702827443713 0.32654170786709685 0.38341917392864794 0.4143887436383955 0.42535657159586354 0.43234669228483175 0.41794069298375763
0.16844260189768742 0.16040764024479448 0.17686665207204907 0.1887918486764441 0.2064739297638703 0.17014540390771946 0.20524687417324425 0.1836279712893725 0.21318237109711763 0.24899740756540742 0.2433374257403952 0.2132188541904182 0.21039824435960602 0.1751233384476775 0.18222773046180685 0.18326126087313696 0.21125064647411312 0.2043237627344162 0.19046281336889956 0.1978193282844507 0.2423482364674238 0.26575205196572654 0.2885890251700885 0.25988327705785186 0.2746219951343038 0.2550143677387056 0.2683555788045261 0.2539209078952183 0.26906328107234295 0.28874400722333515 0.330810721773225 0.29282993611220043 0.26989511792675175 0.2829607830299887 0.26606420447876333 0.2359181382329807 0.2422260926886846 0.318435676947299 0.3807406500533014 0.4004012894046398 0.4296340243535458 0.396907451205765 0.4195390011840397
0.16067407766038608 0.13455486260436725 0.16378384358318968 0.1675228270807459 0.18627706809061909 0.16386655622523566 0.17606636399490236 0.16457236601844336 0.21099482263690333 0.20236517065099027 0.2058710772719534 0.21441957388463803 0.20526461494101675 0.1986456217828924 0.24965656595692817 0.20008154651003573 0.210754804749841 0.20408596630725798 0.25904107789052633 0.23763224788529308 0.23869610857003792 0.2092214559394474 0.21101390983083235 0.25990820016097105 0.25999621445216237 0.2514191179571417 0.22666197711065872 0.2269063567661978 0.2747101226158983 0.3077704817833111 0.33717890767530584 0.2937168147714591 0.2696352159701755 0.28660838471756017 0.23584070150052544 0.2421583733476032 0.25745090524793635 0.33861916389717717 0.40916144265734566 0.42305414768605 0.4380949846322377 0.4207059499091312 0.4269057037113439
0.14221316572202738 0.1284800235156629 0.12953668020452208 0.149481014389843 0.1486659886146412 0.2050473712806867 0.20100860666039386 0.1932196993765396 0.16258443418250304 0.19023724677362022 0.18441723878464 0.22170997437803974 0.2426095357420563 0.2313563052075954 0.22604213416668076 0.21999049115886882 0.2146970538878951 0.25832475460630344 0.2852228619712237 0.27416026909150004 0.21538853384387274 0.19578509198764954 0.22092379967646766 0.23578366313404434 0.24456570148663 0.2456665531508332 0.2634404552523119 0.23866156965880964 0.23877531513847156 0.2623603015565522 0.2938600029454522 0.27225913761785353 0.245847856047161 0.2541509181471478 0.2502948530628853 0.22871889713094926 0.2636763405948358 0.3155271002695489 0.38609589045758924 0.40680271244453503 0.4360835461112026 0.4169651410609319 0.4367749714356907
0.1480465613969426 0.14529802111269796 0.11408869920514902 0.12792165234545483 0.17574018134867306 0.17687255801614238 0.16667168946447009 0.18495037352751126 0.1271866174026644 0.1532019772381711 0.1730657341965247 0.20329904351497413 0.24170866035700947 0.24376035072636704 0.2557211061500013 0.26540068357894114 0.248816431406209 0.2986928593652168 0.34764823801960804 0.3104631552080624 0.26925664415419365 0.22343527870647958 0.18681671722013157 0.1910600867775445 0.18312516335262502 0.21595153313168217 0.24468638374483487 0.24638289075198758 0.25571041023423563 0.28559411464069945 0.2889758876912665 0.2635249723739776 0.2872392634042393 0.24472253711865394 0.19325272217685213 0.2269049798356178 0.31163231693905435 0.35149463360844996 0.39148975174955974 0.3831660721315125 0.3894153191993209 0.4012105850649511 0.3919184406627447
0.12714110194726042 0.08250809301522764 0.07478546028685627 0.11090951612338106 0.12503032891001284 0.1391194796981616 0.1451496037102995 0.13042622041523536 0.16516393790675996 0.1609556168952865 0.18251420628723827 0.18773779735922963 0.20146698545558406 0.21587461579796557 0.27987266770601904 0.2854828793194304 0.3009270291411186 0.2685340447633947 0.2646664156900373 0.27112624755930154 0.2454321991714128 0.23580012004074305 0.23096177948855814 0.20697548899382606 0.17885856810995238 0.1882848916325293 0.2517701890692816 0.2622057641445427 0.24279552540647165 0.23962964178183213 0.2574660601514046 0.27691308444672547 0.26556975694057305 0.26773801366569966 0.25687422468563165 0.2595208197861483 0.284546556745987 0.3433518769976176 0.3452576600752881 0.34934264967939227 0.35600930413657644 0.36773594132626997 0.3240051603346693
0.08944017177979015 0.07361521636326859 0.08569024284250862 0.0637468680676081 0.09705207604666155 0.11179860458599543 0.12005059355263525 0.13692553027720222 0.13794663737646334 0.13700441678061875 0.14743543874652623 0.15451404104616978 0.1846235014955923 0.20555974062106996 0.2867401760485598 0.2749564758719215 0.2965868139106527 0.26775482013333723 0.2491926780397378 0.22515473648145018 0.2028844279080059 0.21157914502009117 0.17022676798017056 0.2052830147416586 0.1943260503929566 0.17680547872359084 0.2268145901110837 0.2559314126948593 0.21832673024025503 0.25214754553229446 0.24068344423673105 0.2625360337612633 0.30368282379397166 0.29457596405661884 0.3193537873046109 0.298956166851975 0.30579963327839566 0.33377324957925575 0.37189040675085655 0.3699655270545945 0.3412521534999148 0.35777855912640427 0.2985636958888661
0.08034293230075376 0.08875941066131915 0.06865186276533129 0.06994453356472513 0.07781087658580546 0.10680179196673267 0.0880122613638157 0.1085407724680407 0.11603985856566158 0.1600915721790482 0.16229483180020093 0.17780908241875232 0.16524745713325092 0.23478240575497752 0.2484977835364077 0.2995888845372551 0.2905101212781061 0.31331258762999187 0.27839473454345237 0.23711551723240085 0.21232677116043036 0.16657691347721698 0.16218924075771465 0.16312297426451242 0.15498235836280985 0.14105324097066269 0.15348931288584988 0.2149060168174746 0.21047365072365268 0.21876447124809 0.255701688343535 0.2610488564440081 0.2739206807796197 0.29664144190376157 0.28445565684640545 0.33755103248558027 0.3338751663464127 0.31619904033194035 0.3090653447455114 0.3075870261715304 0.33755803624294584 0.33423353685729645 0.29075890202320076
0.10910050364265837 0.11791600734365272 0.09791402314052788 0.07283466308853753 0.08570723027095349 0.0756912523282473 0.05341376875541769 0.11982597274579408 0.15827191942996077 0.13571245977445537 0.15023231701647785 0.18466284964714896 0.16043117173906624 0.20388632786205552 0.268349851240091 0.2534898210852866 0.31475531386172956 0.29826360501770727 0.3196450805859531 0.2488260174837265 0.23474064149913673 0.21445515363768192 0.15671329584410035 0.18308247655312984 0.11868990813226464 0.1408528429558202 0.14297163852256828 0.14563029918338039 0.15278143918338274 0.17804966192339705 0.2525462741718011 0.2648851150859232 0.2624992305965655 0.24888139082454372 0.2737869477648626 0.31076683516314313 0.32912593438559073 0.29957371913077696 0.31274820909732803 0.3337262255066228 0.30476248081464274 0.2970101462035199 0.3330858833799659
0.06869276768555795 0.09010948085190876 0.08900034650886698 0.07581449253993723 0.07295877478823615 0.0398031159697042 0.07873977137575867 0.12495153822388863 0.17330957605940853 0.14407544950423115 0.15409493258055565 0.20742004585517182 0.21307947573006872 0.20910510900089024 0.25355366130864965 0.2458368288392793 0.23750236150811002 0.2718077614544015 0.29546483317597266 0.24934777591995302 0.23842492183767416 0.18537255200148214 0.20799091298366942 0.18703633727142693 0.1396390299417574 0.11989589658189086 0.11269905829293146 0.14596475948726104 0.15848020494474754 0.1976185694286426 0.2069479751532016 0.21812068506624036 0.2800974665783839 0.26563143035813497 0.25504306851215575 0.31325986686876456 0.3003203765259089 0.31063190877168356 0.31856999187229185 0.2856974190291047 0.28553491886042925 0.30143686591426566 0.3158199343064562
0.0511674517866925 0.05160244342900032 0.029089773802866557 0.08651037124022652 0.06957952676107637 0.069199875571817 0.0667596822741707 0.12873091133111758 0.15462219514247952 0.14491727369305615 0.23570584909747833 0.24579608820022214 0.24414798041449087 0.22254187647340717 0.2224425623982666 0.21942567650578518 0.23961333029801762 0.26227760704392994 0.24777693842160806 0.24608196985295205 0.1856323767550715 0.18124247859975745 0.22991196318428947 0.2028652860552828 0.1381651230961806 0.14017291139574 0.10883862647706824 0.16055444516753137 0.1430514562707094 0.14999801243381297 0.16067527807218898 0.23274544024673824 0.26503265575771245 0.2806364417049862 0.23543280968579064 0.31288377599713807 0.3212283509329083 0.3398838384568438 0.3221346141627563 0.3262309199181448 0.27470068135386 0.28598331346373995 0.3213154350634215
0.051472165531825015 0.07868431406493251 0.07051925110442951 0.050982117893506367 0.1180344689638462 0.12016699300881657 0.1272269736168276 0.10781950911053324 0.12945651781218656 0.15915123783377913 0.20881472146693258 0.2086666252773215 0.23228722589892478 0.22477814814507388 0.2566429168119598 0.24402208698367134 0.20069984218124678 0.23119149809836442 0.2021120987157992 0.20154789573364487 0.1926977784899263 0.23639580718400613 0.23422078815968567 0.18458909085994024 0.13698005286955084 0.12895005062064865 0.1471559790151394 0.15151982425933028 0.13475682061141078 0.15589068994003627 0.16971750680275793 0.21630217080812056 0.22122512884695378 0.2552447228118448 0.2884109724127563 0.3060549937705643 0.33877051666032654 0.34256461356615037 0.3199084687066483 0.3027014481944266 0.28579407524399214 0.2753441286240896 0.2732854130894377
0.06385815297261867 0.08111358981445813 0.062357586349842356 0.09888207406902551 0.11222944806883899 0.1217478520831979 0.1101800021845406 0.11903417726671417 0.1684706659247894 0.15098687556410784 0.18808333679816844 0.23862737054457203 0.20721559212062196 0.23019391426871158 0.2749195154172527 0.25543846388968194 0.20619535225880034 0.18383330429463868 0.2015901069475542 0.23116112404571684 0.21503305256998337 0.21775326430889827 0.25916791789309246 0.2514171605400019 0.20814864416475137 0.1765908057239281 0.15121091444756202 0.19016259539634214 0.2027631747463024 0.20159043026427195 0.14835472957406037 0.17384684797349842 0.1810037511368501 0.26490274406597475 0.2706026877897411 0.2949201567737721 0.2909762120023516 0.2921175100491315 0.3601135476621387 0.3499400498332291 0.3426766534829673 0.32076574427619103 0.2404991649855036
0.06760850098489216 0.11674591661896522 0.1397698188786712 0.11267180927327028 0.08561004410283463 0.10753109723327293 0.1420320310614352 0.13686215104026359 0.15187497374150485 0.19354228673767718 0.18614238765398722 0.2286939625762801 0.23996097486334786 0.2619231303880462 0.21809216491565778 0.2116294886310115 0.22168431134143834 0.20725390829525167 0.23299468220549083 0.21923071895507676 0.1993442141697221 0.2527398685285906 0.23446330167904372 0.23726900383689306 0.26998579414974727 0.2518729949259677 0.2071863519018567 0.19973039911198237 0.2067525265278346 0.1983806305231805 0.15287915088854206 0.1757047794752686 0.18163789034871178 0.23320868648630097 0.2691769117850042 0.2571877064646464 0.27219068656073364 0.2902786706087985 0.30405601776536306 0.3130255104031732 0.32761135514731354 0.31543490103465566 0.27342041395417493
0.10470476044365126 0.12316105122390715 0.17225528334614185 0.14033034442052233 0.11763658542976593 0.13002537430907155 0.11746230513717003 0.1516950093737549 0.14698691026991212 0.1630506632273781 0.15272533314245712 0.19010243354069517 0.24766350282317626 0.21193281177450357 0.2132408320743269 0.24416877535103276 0.2113442517769241 0.2117512357035282 0.25113842213437615 0.2443701365657998 0.20909133472383318 0.21568027644287582 0.21767106732299218 0.23204361521988912 0.27980074937581895 0.25799703144310654 0.260568940951181 0.2003889874932297 0.17086740504752668 0.16356061350038406 0.21005559139083133 0.22262749548499058 0.21324787461604902 0.20913396469072285 0.26614326771407193 0.2773693600184015 0.26715556588479755 0.3136150298863408 0.2801508120136446 0.32439064549077307 0.3084503042377466 0.3236164662809488 0.2790463192921235
0.1694433526737697 0.16998794561560004 0.17389337847572314 0.19026863592773743 0.15275046836931314 0.15675484112505156 0.16261621818295038 0.128870317868934 0.11238919039522402 0.14814617215427692 0.18935942241292822 0.2314837724576046 0.21958819749448347 0.2101116640766095 0.2099986525626335 0.22627896169918016 0.23264902357766565 0.20553666377419924 0.21111552754405596 0.23601506835663694 0.25482825467701437 0.2481378207812728 0.2310060516916593 0.25077899011108035 0.2773754405284422 0.2866042794106062 0.27013059318554106 0.24880312805712554 0.22132612660267717 0.1775358247603422 0.23698422075121617 0.2346881669970577 0.1952012650054679 0.23450647954047985 0.2508864759334828 0.24771633945735658 0.2960543662400429 0.30500033712295477 0.3239960272875383 0.3300980935957087 0.2973188558523891 0.2720557684633981 0.2955778957689167
0.21689818946607603 0.22739028964992988 0.23267717127810295 0.18488014921235119 0.200694662004233 0.1847189300587832 0.18599908487934003 0.14142615593844404 0.13619118857098492 0.13723287844674648 0.15702068670439603 0.208229575629639 0.24773779307300037 0.23415322186981577 0.24338456261578997 0.22687014201306138 0.24437170453011142 0.19681287275843656 0.19821217835599636 0.1939762477073931 0.23097848832028597 0.23332039378659333 0.2697330811445435 0.22949571447296363 0.23362105814603756 0.27850465323283197 0.3016268690325312 0.23326125055066338 0.2186989235536549 0.23299601292776648 0.23004034172151044 0.237639332939999 0.20563366374529282 0.2572985266204502 0.2468931743822182 0.29611815592777185 0.2928180076852244 0.32271934283577014 0.3683310657287966 0.3711474783125791 0.3120531219390374 0.323968450848037 0.28470316774213933
0.21859694993370665 0.2395117009943559 0.20635900454725795 0.19624862877237803 0.18218634084067453 0.18914888489134904 0.1562869913457602 0.10320209103732265 0.10557095518856273 0.10767496209444403 0.15147020700123964 0.13808643763416942 0.20980848120374304 0.19824104299711318 0.19966878137860425 0.24645358546463902 0.21887094775047028 0.2292235194253063 0.21563580329538382 0.20384089446261056 0.2109142395199011 0.2715138146147901 0.3016741792073877 0.27248695450125565 0.2604819277488982 0.26279294949553755 0.30159651350800476 0.27136177910747095 0.2603351545849499 0.25742376783367693 0.26286933923402067 0.23934925811276017 0.22805722978526477 0.2862925282403761 0.2600998613392169 0.29968894860190165 0.3208903315032553 0.3388575809154857 0.3450922905842274 0.3537349715677858 0.37648312832810044 0.35969639929134944 0.31358031265551806
0.16010110477520167 0.23213173228718942 0.2460830841856366 0.21785442452680218 0.21061732231214392 0.11933888446368109 0.08404653679142925 0.05963813109712159 0.049426055388010634 0.08639699881634091 0.11612789207500492 0.13324264876846048 0.14490032860790605 0.17559808710989394 0.1550104692668107 0.18557682323183727 0.2455363607657876 0.24291746274079648 0.25605036463290454 0.24464510704059822 0.22260556577145896 0.27752348262999793 0.2924516091974859 0.31266793828259415 0.28036419090368164 0.29425858236544766 0.32338683563930015 0.2824235765780773 0.27518200568488477 0.25164868592855166 0.26270873200807676 0.2852455562011883 0.2816159303683538 0.29718528473826383 0.3248857818275786 0.2948139334530937 0.27429007423423013 0.3035366790254067 0.33093745617823983 0.32993239774054356 0.37209375894102387 0.38938643080497604 0.3712169070164969
