Raster_benchmarking/continuous/raster-492.asc
NCOLS 100
NROWS 100
XLLCORNER 1743161.3014119084
YLLCORNER 5469296.029007094
CELLSIZE 10
NODATA_VALUE -9999
[rows 38 to 56 of 100, columns 43 to 85 of 100]
0.2603646012338347 0.26518719385785056 0.2728597569244763 0.23865567117746453 0.2750427603817778 0.25217433244347837 0.2908956541302658 0.27860508141216017 0.3197220283780243 0.32330443900006417 0.3477085121531064 0.32924592597282515 0.37823330481914397 0.4356393372629836 0.43174022566114173 0.42424061038295613 0.469299257737169 0.47804531094875147 0.455225103115412 0.44125263874732173 0.46952999741751567 0.4201108579422246 0.43494654665427357 0.3859977136768792 0.3941646025040341 0.42914088555530144 0.46833833911473666 0.46220302736249724 0.43491818455010883 0.4371751010189048 0.425038686314607 0.4189016002075075 0.44005368928298816 0.45924854553274264 0.44276611110515707 0.44377452390191774 0.41661914359144636 0.413972122758621 0.4631635093740902 0.47994249641560466 0.4421249360544424 0.4192096795829886 0.444499646101237
0.2904506551044813 0.27521691005938775 0.25639068878247856 0.204627696587879 0.1865968044960169 0.18480812879405675 0.24120729177065944 0.25472623751139517 0.27543798861094493 0.3434428117243357 0.3432885853599836 0.3381258108648272 0.3854446300248698 0.4029361729407536 0.41852553763312156 0.43419344167546836 0.4586691306007742 0.4609863418645966 0.449846366253271 0.44493534983589256 0.440509821176279 0.43766501972168487 0.3970632735188286 0.384099832391061 0.40677372182084776 0.42345144835978665 0.43137724760330526 0.43372793653889474 0.4317589287132654 0.3746730012010553 0.4252209734723777 0.381231299456218 0.4160807659767461 0.42062289549081283 0.42590399946301694 0.41756498841359624 0.3870086512043011 0.3969716956812529 0.42695421416286405 0.4708466844599096 0.4549675318969379 0.37900647421827877 0.38773950759573034
0.2593748002320194 0.24885775958965092 0.21617054965612156 0.1959123251523004 0.20414900180808299 0.2428697377044666 0.24792240745997243 0.25878963609906774 0.27684482751911627 0.2967286703494148 0.312693439907498 0.33576345185418255 0.3516526799891591 0.3908068063247532 0.40523133006754386 0.4041470819293587 0.4095718744714367 0.3964328830182677 0.4129092780460069 0.4257504147974893 0.42330252594092554 0.4150207143780803 0.3712975038497871 0.3440430934414025 0.3570115690165087 0.3565667903887463 0.36149700169085175 0.3763888253286181 0.4067387889077938 0.400177642019507 0.413164219751803 0.4233991299725178 0.40620227171168793 0.41550798837921665 0.4497603937254473 0.45366185421346084 0.4349389830331264 0.3947715338858683 0.4333427760755289 0.40424103189943694 0.41842144275108234 0.4298964769197073 0.4040515155965061
0.2024014765388058 0.2214438589147085 0.20590246105082066 0.22075311587517035 0.24552406353679002 0.24789706170384412 0.22850008525344495 0.251563815234488 0.23558844612902585 0.2317134243150243 0.2384435119652478 0.2773983822472769 0.32873960964932897 0.36233082624133356 0.3470208918399245 0.39944926109668216 0.3867423281648115 0.34284183942481 0.3659359384863855 0.39799106930702005 0.39546348206918097 0.3976998479684304 0.39754174869818315 0.3602022575762305 0.3698017849723258 0.3726529158203362 0.35921621404027543 0.3237803068829166 0.3729045555129686 0.3890680904640106 0.4219780818637328 0.4178342481606507 0.40178384885881774 0.43653139632498217 0.40827648901837293 0.42496035725038456 0.4015446078128671 0.4330738416483886 0.3832194109726089 0.3855601785627921 0.3890811693993788 0.39906622162145733 0.39584205704914843
0.16259908866513387 0.15751271075180476 0.16472792439758527 0.20104352680550347 0.21005646363269845 0.2296837417416428 0.21875093670221082 0.23846068217249966 0.24404375467254275 0.22541162918288551 0.24292729115602082 0.262826770914691 0.2938907393696617 0.28762919519909225 0.31218641630747207 0.36414967882299926 0.34624347171422404 0.35946278342815496 0.37999818475538294 0.3609500955611412 0.37657528318263 0.3907650405984704 0.36952252538458813 0.35555699974504207 0.35382586823735024 0.34262072682576894 0.29218345428278814 0.2974000174020498 0.29840914177791583 0.37003490322917354 0.37822535047709915 0.3961331640124907 0.37970118183330037 0.38666838948591664 0.3940741898126857 0.40948273710531274 0.3658167814884997 0.3653154750694204 0.3725794609131656 0.3536188911597341 0.3400459662637782 0.3787519480857482 0.3795939772374878
0.134377684088479 0.07695199468260003 0.11989570708739061 0.14089549889870936 0.22604586960267561 0.2314958977995627 0.2017978653770654 0.2413721309944504 0.18608614157694342 0.13878558345877617 0.2137092751843835 0.21906395320964428 0.23406188274841522 0.24812780457290126 0.27797115968153935 0.35136067190841164 0.3151749396169011 0.2965064126930936 0.3636631298682024 0.3837454488424857 0.40924005503426775 0.385746039974462 0.3878003849176054 0.3398311499974564 0.3332931348915464 0.26059800623769414 0.2988515695175297 0.29074355460340084 0.2778568834452022 0.3067004151270259 0.2974177827326573 0.3096024605927139 0.33441378486979123 0.3882875367247311 0.4074357879939361 0.38001327872072804 0.33624887611390847 0.34727708509165794 0.3374597042375625 0.3367986215648834 0.33342645110159463 0.32184904937073205 0.3564809064817388
0.16958575420087255 0.17377986386351107 0.15328093611165333 0.14524710872835486 0.2104108027295909 0.212650128188173 0.21295553716350574 0.2514805273227521 0.19486194273109783 0.220100383198521 0.19801804416434382 0.20294731743931996 0.2507331506216323 0.2673400123943275 0.29685154178304846 0.2777720355897558 0.2892228096167316 0.33113681106876197 0.3115066069762583 0.34708393404364124 0.3823110034318441 0.378241311993953 0.34396050680066365 0.3087690743174578 0.299373024081081 0.291661080260988 0.2512895803544445 0.2871621730973765 0.3245349306093274 0.3001970746852133 0.2980407939444383 0.3315382464553221 0.33860123858454955 0.33577519287809293 0.36852038204789916 0.38537494777271836 0.3637508634312538 0.3818140691050669 0.3444631125711946 0.35956513936566836 0.3534710371705283 0.3297251230411409 0.32226129781538976
0.15309284377448973 0.1813795686096673 0.15103309232070294 0.15717166461199547 0.17723967236518223 0.19634799757253552 0.25322916296461584 0.24913383577663242 0.24769684827316432 0.2364061226651769 0.2284754534120625 0.24632626260075483 0.2659493336617468 0.2316084512739172 0.24490094153615713 0.2847371734141134 0.29710780505355755 0.3319591305365164 0.2929110241621042 0.33420614222429595 0.3439505526814606 0.3238207804088777 0.3258124530688591 0.3543002124513374 0.3097996895482009 0.26740644385852597 0.2759006931416115 0.3010287955148988 0.31075357594748576 0.32907196543719547 0.3369942581416458 0.3081055793629151 0.27772560991006706 0.3047238063268699 0.35763768155787573 0.353236043254509 0.3269709058519004 0.35670357011034576 0.38276973379256946 0.3638557764984812 0.33957368578853453 0.32488267359885653 0.2916818075402096
0.19369633463302488 0.18348130861930706 0.1590889115310135 0.13787651165349865 0.16902546998645668 0.23051894772066095 0.26720410131325767 0.25094386200531843 0.23577411532551174 0.19519444299511024 0.21806189627668085 0.22627512635571304 0.21888821571274666 0.2418969573109653 0.2703309341217839 0.2627324027956346 0.26972275299627296 0.3157551870333883 0.30295956738817686 0.2869552133996892 0.32803861844581905 0.3309235788005306 0.3546841822327205 0.36654542743824714 0.34954022185889344 0.2975400071682995 0.287386857183567 0.264106747659769 0.26980156888572665 0.270881834866853 0.3206102296791003 0.31705677494527473 0.2798406860599758 0.28638007161419654 0.32135299974326587 0.35484955210427926 0.33728668926967525 0.390121813461497 0.3746309153927396 0.3440036485122857 0.3605879902291333 0.34822786958903496 0.3245476177868518
0.21296605807424954 0.2200693750476386 0.19277481371948613 0.17319558136815094 0.1828589266343876 0.25777595986258367 0.23696979318223987 0.2599255381914853 0.24497195522423165 0.20551489630344985 0.2081572151877624 0.26492653295712687 0.21189830545865024 0.2022252968246639 0.2282812231958957 0.28060688533049694 0.2536257266239765 0.2892809778891773 0.27539663297395905 0.2792254077976399 0.3257311367665172 0.31523689450195774 0.3270114352831127 0.34976777288942323 0.32487465363904783 0.3424853000904998 0.3096194701684538 0.27238994465732463 0.30353146260586816 0.28225107651300935 0.2655402245303876 0.2621382343351042 0.24614522567099606 0.2516108711086753 0.32503330514874756 0.32703803670916287 0.35726740941695273 0.3873294356399703 0.39560211221941305 0.37602840708258556 0.32511887156061614 0.35544372369107097 0.35571524684032135
0.2258108886187151 0.22688496381660134 0.22952791612018858 0.18876897457355285 0.1977841045216554 0.233259037538058 0.20982588127386173 0.26274089067954765 0.256385329406829 0.2340517075772226 0.24438124980950912 0.2770307938243623 0.24447016717668119 0.2730256582638427 0.27947540844236735 0.2814663595462971 0.27081597424048387 0.2604805088110628 0.28417102744582035 0.3357203916806457 0.33907239385595067 0.3324895469327338 0.3548118293360854 0.3297817341253991 0.36638348447092584 0.31859289578275274 0.3163045800298329 0.30101602630147917 0.31419916374811807 0.2969090714295395 0.26139114176902833 0.2536061172996493 0.27886807280198905 0.2904309521143744 0.2899149968551359 0.3583650290437623 0.37619630813864574 0.38454306573046354 0.3313714426838822 0.3182282024287145 0.329570997257481 0.3505036045320317 0.3445144877456056
0.21906270609204886 0.2406256349415819 0.22136352950870913 0.19829216452117168 0.22140428544722704 0.22602773824042782 0.22508487655046736 0.21737967928316307 0.2625196893383402 0.25284010566417076 0.2504030633324104 0.2829024891493677 0.2674703161803957 0.28558253205565703 0.2813175024705341 0.27608035227740424 0.27014815249923396 0.2903398162789054 0.3252299812998015 0.3375090482436214 0.34044722247275333 0.33508914847043236 0.31700148879189244 0.3285745015191301 0.3273737210466944 0.32986485128869014 0.3486725965171258 0.3546883331723294 0.2948176452294685 0.2810202998628591 0.2609781173303757 0.2531946403287174 0.2724855716026899 0.2738327377189684 0.30247129435226017 0.32211405235382634 0.32603736318715204 0.36016132329560946 0.30431502151394485 0.31475624787249734 0.28195659339930607 0.29004427960464085 0.3244669284332945
0.18934867612161774 0.18029759501729703 0.19560785050557786 0.18991508134070906 0.2138826087002806 0.22666537093332842 0.2203421901292363 0.23928987902715515 0.25324703104992585 0.2724064666250376 0.28869565352916027 0.2672134557889606 0.2996930974338954 0.29020839116805347 0.28656682531712296 0.2888500591338364 0.2960086555101084 0.3562661519471367 0.3449723523350775 0.3298032790706141 0.3322749118737515 0.34265325032122695 0.3645288141758546 0.3691167406712347 0.3822845580661456 0.360971918433687 0.3328500839832443 0.3271469194705247 0.3488970120887909 0.298713901967021 0.28626885203171276 0.23976221036417955 0.25018281643711593 0.2920749849470668 0.26340395158462215 0.2954509202294102 0.30684886016335244 0.3501492572859159 0.31149707237726415 0.2836781704739683 0.30329170515449183 0.275936516917346 0.3337493536018993
0.16917062862809337 0.17280299144744898 0.1739363983828668 0.21830129317308877 0.21460271064337855 0.25032697701606427 0.25809985769247745 0.275583698941172 0.2654454464133059 0.3147811484339441 0.2832682515107437 0.2950792703511944 0.27074375091192193 0.24904375257844527 0.3013999128677509 0.29600442874010435 0.3384061082826388 0.3990284203081225 0.393337790006957 0.35362571103205115 0.3934415773677033 0.391451907083361 0.3811571201666988 0.40412208634434504 0.43077371063805175 0.43342432699712025 0.3480889912053269 0.32473343629610224 0.34777880916778764 0.34682888675406653 0.30814152826863306 0.2599935370589328 0.294895204932404 0.29328527859450837 0.28947096839483716 0.261015592802848 0.2731182495589936 0.3267106321670489 0.3456888693660943 0.32787231115224713 0.3218633446385053 0.2571055009017576 0.2889370241438023
0.16340650383012068 0.21731297908826674 0.20682224049411235 0.2055007064618346 0.223880958524537 0.2064567238433465 0.23919707229804996 0.2661223827009692 0.30414839180263414 0.277139620668875 0.3046282019148581 0.30875054451533585 0.268380751259895 0.28918595977129674 0.33163458736390383 0.34650409688216244 0.37366912909711886 0.36712615996123105 0.36853281460431647 0.3725416326723551 0.4044748336763568 0.3655701038619545 0.3809409592869739 0.3838678612893047 0.4106760489952104 0.4237887935530526 0.38110371092690226 0.3843147178184186 0.34047453966033386 0.32709636819512233 0.3245719025041257 0.3089118048905957 0.2847086227330239 0.3191846457401427 0.3002001053962715 0.2987328549817007 0.2601690244235788 0.30478389440385834 0.2979304137392309 0.3372250332259947 0.28837311215389805 0.3310788709973058 0.3180837165726453
0.15168297230250033 0.2089506782257563 0.21338200679901206 0.2124630215938859 0.23932427842443182 0.21662431590186068 0.21451906964894854 0.2919379864624343 0.2535090215298621 0.2632833554668252 0.26992332740369973 0.3184073493243766 0.3016636759810849 0.3312973163646327 0.30841701952387096 0.34948190440297044 0.38073818364009954 0.37242774544058377 0.3696671440063387 0.37878946803080704 0.41297630127453133 0.39930555690537717 0.39706231915243295 0.367657280205349 0.4130269360799068 0.4111601090419884 0.38275404335039787 0.370325347666801 0.3460024464926476 0.3238679377320116 0.33663654262000675 0.3462833053666404 0.3148482854166755 0.2842268898792079 0.29680389468886725 0.2885028481249244 0.30561093764695496 0.25280176726982256 0.2704587951647692 0.31968448494189855 0.34072832411651355 0.3391320836524379 0.369907110437579
0.14712975774842463 0.13134054276458507 0.15885655372545268 0.16775151309640585 0.2051634934940378 0.1707803972300927 0.18530879151984803 0.21798455963023616 0.254041416574706 0.2766647217276248 0.2902064936714332 0.31272528012133316 0.3474405417040347 0.32126324669927026 0.33457090480054485 0.34587766516623947 0.38389605817060657 0.3493764471375707 0.3811621085639447 0.3273127102433132 0.3520108986056435 0.3992137962181432 0.37541249972642776 0.3603523211129766 0.3485412066861546 0.36337008392629855 0.36532292763267404 0.36227002081715515 0.3287615552243826 0.31417826009448924 0.33564735180664 0.3354679901311869 0.31934458649183123 0.3023213046591374 0.3200898537885272 0.31878170512157916 0.30648657658197137 0.2788748127199051 0.3085552527957923 0.3431919137945888 0.3353699922803339 0.35957772178398245 0.36238767281933226
0.11615707504881632 0.09025073985325342 0.11807000931902144 0.15439351872609353 0.15158370099481905 0.15178988203012445 0.15691725118247882 0.18571142433305377 0.23232126955002838 0.257406792491936 0.3012699222236166 0.29027730402097834 0.3077047088807778 0.3621164829802418 0.3270093596928869 0.3863991118181643 0.37172124768109854 0.3801448950183904 0.3559922709537279 0.3082685710680149 0.3110631979800168 0.3651602773590233 0.34094715674241743 0.2922932598302949 0.3323507187770726 0.3047158603822337 0.2958019305586573 0.30436685285745807 0.32804894565145365 0.31720839133665973 0.356232933403165 0.356220156016292 0.3468619764385882 0.35600233270496956 0.32992802201714755 0.35297182372766706 0.2790938247805186 0.24138270775765439 0.2947736863374717 0.36107567329202556 0.37133621342285955 0.4053864277334196 0.4044331685906564
0.10604338156414225 0.1253454691802997 0.10665795439233872 0.11860395203065426 0.12445486960251813 0.15381812502673467 0.1823237172522453 0.20379113714412098 0.22869793968529234 0.2736750562876546 0.2800947568793091 0.3165908120357776 0.32978595507115877 0.31734317495953734 0.3275260156704949 0.3558871033148575 0.3759484999223153 0.3705594402385867 0.33172741759299307 0.30662387557550697 0.3210419238853072 0.2983224431001536 0.28884582417447885 0.29420173369130814 0.30068625154372625 0.2905710922352097 0.32491804768580634 0.3417024041868527 0.2955121047088467 0.32829623967420934 0.3400722725534507 0.3524859777513961 0.3412743008031372 0.3526118994255736 0.3708339360534897 0.37388777923580413 0.33085827696354525 0.3143385261677201 0.33199309923342746 0.3499280205959941 0.3609488925248718 0.37669290507884745 0.3784174920857577
