Raster_benchmarking/continuous/raster-371.asc
NCOLS 100
NROWS 100
XLLCORNER 1743156.0264216142
YLLCORNER 5469284.934815938
CELLSIZE 10
NODATA_VALUE -9999
[rows 0 to 18 of 100, columns 0 to 42 of 100]
0.6202826375658688 0.6552835208332805 0.6242763298067684 0.6466173385690461 0.6547372795109109 0.6792954957182225 0.7245654801195017 0.7528994628006073 0.8148099542270186 0.8491634338586324 0.8530288441318417 0.8386060879395306 0.8575718916468682 0.8449475086514345 0.8648557873869016 0.8181017356363496 0.843184373411914 0.8631627856898316 0.8034963029836116 0.8204719023366979 0.7903245035227643 0.7650050673912017 0.6848027577069828 0.6655435956171818 0.6839470984081116 0.6584050623390828 0.6065912556875972 0.6197224000627933 0.579949386983893 0.6228294424317896 0.6488495167753515 0.6595774327251339 0.6636639229603453 0.7393018983691345 0.7610165557886666 0.7540502755882132 0.6918140242362738 0.6860791925454235 0.6460891792438581 0.6032435665626416 0.5970788806663335 0.5769219267140767 0.5654490640144005
0.6755786543434437 0.6360412958216966 0.6294590059770248 0.5871570988770602 0.5993871341524695 0.6574541579750488 0.6955984846759062 0.6878459333529211 0.7885887873636516 0.8316661506103253 0.8515720511138276 0.8655033203217742 0.8679577605358187 0.8561821489106524 0.8639506478472658 0.8495689401439827 0.8102601361713664 0.8014855999382128 0.8043701451040872 0.803467823993474 0.7687427682461547 0.7429155534075312 0.6921139154098581 0.6511437234520576 0.6304595933329425 0.6170527712246622 0.5719671761046717 0.5666324658792329 0.5977976738518066 0.5901160506841725 0.6598690965490234 0.6245063264866741 0.6351466065344629 0.6884831326853583 0.7211125100085749 0.7761063376788869 0.7073560804527241 0.6639959240356089 0.6828023345903764 0.6556486832713567 0.6464439889156592 0.6447162432140161 0.6021888044296386
0.6553013961565866 0.6139398092127425 0.6470137047104604 0.6381860697398416 0.6404451253631672 0.6324935987291926 0.6847443908949612 0.7422522727615019 0.7917917882068753 0.8539429329031465 0.8510003516046669 0.8438484593200328 0.8298099695954086 0.8215462044876598 0.8226405816225829 0.8441266883789641 0.8344197555097166 0.8477567091476915 0.8235735371065905 0.773571218565875 0.8083530904472719 0.8070352920790447 0.7113717135951523 0.7236812203509094 0.6531848390393226 0.6286217473755455 0.6178140438128921 0.5811235898311788 0.5998951049513763 0.5989391506013777 0.6564205903976704 0.668865568625174 0.6855826495718759 0.7119040115858747 0.7218141410778219 0.7625594849018822 0.7121115806820539 0.6773679834299923 0.6817058012383391 0.6216038308294098 0.6569331952443157 0.6442047825862112 0.5687322703877737
0.664705304842701 0.6604480506234786 0.6786816282604036 0.6548313578001852 0.6058571618846097 0.607898815630762 0.658621031982895 0.7062937892895491 0.760912208542634 0.8220640573666256 0.8638650671967761 0.8822390682620618 0.8375691029901178 0.837669570739285 0.8245849876996479 0.8735523973302411 0.881494352465037 0.8902272294748548 0.8274312780758556 0.7993869721067147 0.7806281045302668 0.8240253632943689 0.733212479848378 0.7370669030155023 0.6743373712853397 0.598032085655151 0.6318404268881024 0.6438939580327822 0.6343676473732133 0.6473225825732066 0.6310151353382015 0.67047418733708 0.7054015201344538 0.7592104183513868 0.7520606948031544 0.7112744707778037 0.7060251856860875 0.6910151936714352 0.6803201999216928 0.5830979169999683 0.6327551547872506 0.6178088720658746 0.5885529418814568
0.6970410431494871 0.6871954059946772 0.678062715434655 0.6361401665723334 0.6519293557982853 0.6616485365580103 0.6899877068637427 0.7106481362292341 0.7378756763731714 0.7667194447499442 0.8264794827304518 0.8363848487821028 0.8623317249379961 0.8587619639808961 0.8667114281484994 0.8356650924750909 0.8737822112328318 0.8667496848503494 0.8322763312280481 0.8236793561526294 0.8196194819143853 0.790852045948091 0.7805614990365652 0.7076223356565327 0.675914811179195 0.620951551138788 0.5957662450397931 0.6451430254705608 0.661277522220356 0.6690098161040776 0.6906254115568968 0.6901279068364052 0.7374879026241743 0.7454160245017952 0.729241103602559 0.7252611385113586 0.6874911649703495 0.6553114782623193 0.6258042727007707 0.5683232302751293 0.5580176608921346 0.5962476823326683 0.5668734185322318
0.7063532302350972 0.7572275664642719 0.7244271656850131 0.677487079420956 0.6280443662157359 0.6383630001540701 0.666992076135121 0.7001545856460302 0.7690827475122378 0.792465621847317 0.7753034146225353 0.8372340205571729 0.859977324502495 0.8468638924203629 0.8465739287068329 0.8290036098947217 0.8126885878448781 0.8559554773455051 0.8303713000624644 0.8716340635501411 0.8519960989981984 0.8768677712864388 0.7927255479204394 0.7729030253248866 0.6978483034119619 0.669437263875615 0.6522480487515713 0.6050191976814563 0.646129856683089 0.6807374019234751 0.7032718543913372 0.7234580105417331 0.7664351998158323 0.7401249061721787 0.7268366726811347 0.6943498120736681 0.7083225993598797 0.6380962169086294 0.6021424611202031 0.5907303889784863 0.5992173007729034 0.5750445121493548 0.5390625677635299
0.7732100632680751 0.7438885903417233 0.6821578192417495 0.6801614677250662 0.6208278287092821 0.6507919129887915 0.6713212344963913 0.693803078826082 0.7245520128320577 0.7432494675171368 0.7849055594385558 0.7982757993312743 0.8001294055140534 0.7828027542552349 0.782061310146791 0.774787624968404 0.8120513629959523 0.8430261070196309 0.8592689054885787 0.8678974001562958 0.821714512561933 0.8186778841172542 0.8048676619122757 0.7163869314260869 0.7172104283553081 0.6950791276847228 0.6638807468051656 0.6778904792088338 0.6877630211854173 0.6930062500011207 0.6831242124627288 0.7180069561415837 0.7762906667051018 0.720076083912402 0.7515342959764867 0.7233771120448531 0.6935378515438424 0.6724085658018513 0.6064154891303972 0.577261199263748 0.5866907537968565 0.5594698336627816 0.5048809278427107
0.7564402973673248 0.7253644701531735 0.6975268498502353 0.657136890020379 0.6372267297993258 0.6465146402306211 0.6875489468890913 0.6454702000035528 0.7231061018078588 0.7767534708381381 0.7538590261905784 0.7755432182496683 0.7792116495497842 0.7559207594296719 0.7756408817137239 0.8047366060191647 0.792245295538258 0.8348242258875085 0.8128629356600758 0.8598795343061656 0.8598924047852303 0.805952988331157 0.7588011122364487 0.7099189824263646 0.7632365847127395 0.7508318815162919 0.7244944140802182 0.6932083318961662 0.6972571266176052 0.6606388515651698 0.703844105808541 0.7661778255902095 0.7757328218035539 0.7466933223323273 0.7229252388698792 0.6904278105630499 0.7023468757259167 0.6534248810039184 0.6727568791078895 0.648582520918914 0.624480292150855 0.5654559556140002 0.4987040965400369
0.7629583179654964 0.7303513090645333 0.6651301103886478 0.6391806701144492 0.6463197090501452 0.6736149623990042 0.6493676587155532 0.6328122926390192 0.6682265867715496 0.7265469254905821 0.756875441825499 0.7868908060057062 0.7570966265516056 0.7610410229048166 0.7415707587645975 0.801196763587742 0.7759846141555043 0.8001594860089046 0.7767498076551714 0.7678093208266638 0.8106628163377709 0.7915643122895898 0.7904278117963959 0.7720822798816849 0.7552637180977624 0.776339051398652 0.7361637482005852 0.7096885661825062 0.7199237844310852 0.7076195899186984 0.7474485484003071 0.7358978231853336 0.716614010469539 0.7327094985758227 0.7279792916531865 0.6859607506298453 0.6617174189274204 0.6823510779195866 0.6643237841716036 0.6539713331084802 0.6015555336932064 0.6053167893966374 0.5224263907128944
0.748210840990368 0.6877073649845403 0.6271325002722272 0.619856238298677 0.6458377109877699 0.6446114022198564 0.6447756590460346 0.6307999935294564 0.6374219628871284 0.6658266540308727 0.6948677101024551 0.7735237213158387 0.717257368741973 0.7251514280082435 0.7279065717028647 0.776552580234877 0.7204078005409442 0.7135174493063575 0.7124557087015256 0.7379673831544266 0.7562087692617793 0.7728551493601343 0.7643413952136615 0.7418486683759579 0.7469691572914398 0.7376042317194021 0.7642362697947827 0.7251472135137786 0.7238345431228576 0.7081766025167026 0.7263759347318964 0.7243138522951962 0.7199491597334059 0.7177966033070096 0.7087578371556837 0.7108948530205472 0.6562001467630624 0.676251057992807 0.6634618376331131 0.5700061486627223 0.5890163314314014 0.6017564795455812 0.5975829516842956
0.6609292227070256 0.6422642376056543 0.6405361878007417 0.6528388878164743 0.6052837358929106 0.6131921734813561 0.6364579734584722 0.6692536921627802 0.671678779202421 0.6531537194285484 0.6998822190750175 0.7269081021502269 0.7396151200817045 0.7237140493985424 0.7597102230387244 0.7747837439249368 0.7314639054637438 0.7274834934285233 0.7325149229869483 0.7135405361556411 0.7232460977994678 0.7213671920615798 0.7592360586151031 0.7770363671259388 0.7274942137935169 0.7373572381254386 0.7354985723445816 0.7702729494982435 0.7278053052087746 0.6960490087843723 0.7328825143147717 0.7522659745231571 0.7337699536892585 0.701106631617039 0.7440499241253946 0.7123234592870747 0.7132698399882904 0.699400227904965 0.6488549242348746 0.6381947800683067 0.6080117489268599 0.594622654328252 0.5850099432445182
0.6431234723765193 0.6396865050140093 0.6557400509643067 0.6496715313660489 0.6471771331596363 0.5890215124332546 0.6269974980791903 0.6721374743635975 0.6901204860845576 0.664045523071527 0.7402894126577307 0.7694119205131821 0.7371595016050432 0.7648655975490016 0.7395153779833321 0.7228959541152757 0.7617226069841854 0.7439442821505305 0.6829773354473567 0.6976629695009599 0.6821319214587238 0.7351497232271086 0.7352975595806468 0.7556598234750628 0.7552764333030225 0.719348965033811 0.7782765282721062 0.7521495299829595 0.7482151980930355 0.7223808040046444 0.7528030064145157 0.7306891473795044 0.7325558487381095 0.7421102991330569 0.7430819557740808 0.7851017985469051 0.7599666626732122 0.7549199527172016 0.7094414233373089 0.6360854150439383 0.6786389078129865 0.6531911167853154 0.6265856504806202
0.6458428957028712 0.6573271624405561 0.6242274886871928 0.6676232128149238 0.6476422228882989 0.6134498433496255 0.6233125264916182 0.679833918545478 0.6874178638010503 0.6718499551816401 0.7246356835450358 0.6908388587970837 0.7037571755620535 0.6965232863314479 0.7129400006220541 0.7254805666070748 0.7285695472230468 0.7657536591260908 0.698109030243354 0.7163525973070689 0.678167545937585 0.6964823366627962 0.7171039412981083 0.7473824103931359 0.7176529629357365 0.7093185057809507 0.7680816704791975 0.7849378888187533 0.76967511880633 0.742832880078708 0.7490966366718723 0.7397683932432564 0.7559419191893538 0.7606576001189769 0.8240354458348803 0.7955083589102884 0.7495403519368921 0.771835430387336 0.7442217412176452 0.6865678321855897 0.6814771440641904 0.6133867683984149 0.6100150877565019
0.584631486197827 0.6436604570843871 0.6038046034422415 0.6151785917007212 0.6038965472338207 0.6076414915155485 0.6437021002566489 0.625309486894894 0.6710553962456846 0.6842348168142293 0.672474926878472 0.6672192630037235 0.7118272734692652 0.7094750690001282 0.7415705176127851 0.7823592747077992 0.7905774522922204 0.7654419189218395 0.7636838656579477 0.7210454480573588 0.7424656915084469 0.6955623583048999 0.7117466973714522 0.7443139792601209 0.7157744944129015 0.7750469451845361 0.7789298478404408 0.8142984808674283 0.7891376154120605 0.8116632673343267 0.808534417264719 0.8166665791024946 0.8111780551793484 0.7984326669490003 0.8071178365565104 0.8379257145520341 0.8016285409001541 0.7516479658145063 0.708230737278213 0.7082330884647937 0.6468644889783578 0.6370155793442448 0.6235990584629795
0.56073536704747 0.5590361395223817 0.5704195853986663 0.5675105401295579 0.5813061015839559 0.6009257613692115 0.6137331810763693 0.5954225788135232 0.641648552400606 0.6778204427349597 0.7016195688933496 0.7003764101641242 0.7135531769124179 0.7402392315853432 0.7412652636336251 0.7518762097814072 0.7500242272195545 0.7536567707058273 0.7560023603192372 0.7165976125930998 0.7348620804862606 0.7276275068436404 0.7386618043425707 0.6983008085733238 0.7148703439147667 0.7754639837228131 0.8088067628820684 0.8504937672232527 0.8929938901667579 0.8664459537636003 0.8754155404238577 0.8701091502245392 0.8241094957841909 0.8114201434318508 0.8221792017766594 0.8096051540587579 0.8256176339405344 0.7688029754924145 0.7584274667071002 0.6803227381243931 0.6665508470637458 0.6271071884069134 0.5965231308385573
0.569237471673958 0.5199383397718523 0.5026195123867297 0.522080766614689 0.5284398187663921 0.5765580577368725 0.5887660845981898 0.6095801167997487 0.6531120359083624 0.6121578137339518 0.6592040746998915 0.7051821835955435 0.6976928242644717 0.6836641330839838 0.6816541638208132 0.7160553784942659 0.7486177300393144 0.7692996936425499 0.7799026200326115 0.7345385983040307 0.7517704621083122 0.7230983121285486 0.7149222823399015 0.7036773581052485 0.7224319406536956 0.7504367780802879 0.825824977357611 0.897838560786208 0.9402240600792413 0.921374508583967 0.8802460398724703 0.9260230274390304 0.9015525987502307 0.885053839877804 0.8430976232783864 0.8436718761490827 0.7755539984241352 0.7774710291206777 0.718311799004807 0.6693548154055728 0.6109321432929796 0.5672432068643944 0.6092788706307086
0.572696820551433 0.543705109401085 0.5226901835301455 0.5025580054247382 0.5163579528785407 0.5272994077104137 0.5874416279961883 0.5856797738129093 0.6217483530205389 0.6186312436234682 0.6374889819514618 0.6504976221000337 0.6535318722076258 0.676989054610244 0.6810496123656903 0.6792273709473807 0.6957492787031759 0.697094541111284 0.7509425136850333 0.7366362921720377 0.7380766973764366 0.7109255933053023 0.7234725410578975 0.7152176271882495 0.725152492243757 0.7664588057335089 0.8202857683052982 0.8562838237556187 0.9285332036438821 0.9375661782031076 0.911300985317724 0.913250392691868 0.9388086929432259 0.852391660672911 0.8486345912050482 0.8418596043994483 0.7699676129216576 0.778697559966775 0.738802389131647 0.7122147864301546 0.6178734709243684 0.6085978049265077 0.5688183901183014
0.5908738064860649 0.6286245784011992 0.5640077930649581 0.5107539677770718 0.496429630815378 0.5179506727866701 0.5893113056126738 0.621789626886505 0.6128695231371427 0.5968495514732847 0.6007234328442729 0.6175582055615202 0.6128944890321549 0.6153864879257808 0.625703944172724 0.6989653651386543 0.7030708908052271 0.664174758532074 0.6876780159818092 0.7073307051869252 0.7270781456384576 0.6798185889159982 0.7088613491024283 0.7195619812470182 0.737233395026562 0.734837600236074 0.8558357097537822 0.8951693511854164 0.9214415187546252 0.878728006850811 0.8983244520524934 0.9285129884284531 0.9268500451364408 0.8764841509690393 0.9012643041011243 0.8527742642221754 0.78459366310249 0.7018347155731313 0.6816075835342374 0.6820128703972286 0.6094347357088119 0.5450623595552895 0.5359796563427706
0.6336524713942292 0.5991237726692135 0.585399806586715 0.5703689204006699 0.5180454622077155 0.5088729469782471 0.523382636214096 0.6027257135221493 0.6038501829470213 0.6195775690514657 0.6171798025896282 0.6015450125793045 0.6408352707583688 0.6621764043824272 0.6483020294080387 0.7066246293236146 0.7089419984122066 0.6743930280642101 0.7248438873501093 0.7243256000708672 0.6576385363381776 0.6576789863113577 0.7127878719975531 0.7512274775911016 0.71903733404659 0.7437215832429697 0.8505232839986527 0.8614710602707103 0.8429668507217162 0.8878202838279022 0.8513005507127352 0.8977451036306091 0.8736588004039408 0.8549673035622463 0.8877032697042034 0.8627353157676133 0.7647359879543544 0.7531965639136192 0.690776106124243 0.6645713885170027 0.613365645759037 0.5832773126906171 0.577870183347144
