Raster_benchmarking/continuous/raster-336.asc
NCOLS 100
NROWS 100
XLLCORNER 1743166.0699201452
YLLCORNER 5469286.831436845
CELLSIZE 10
NODATA_VALUE -9999
[rows 38 to 56 of 100, columns 43 to 85 of 100]
0.8950448568164507 0.8872211954601984 0.9126725355398616 0.8890082185881202 0.94255034809002 0.8786107618669757 0.7953162545925294 0.8014959040754095 0.8271375715691835 0.8642791950144133 0.8659602210457641 0.8478273483762452 0.8106307488914426 0.806153632045874 0.8318278795804622 0.8054901090952827 0.7892460765060199 0.822579489697928 0.8823391035236128 0.8787803053457973 0.8378867866482974 0.8423396533722729 0.8308461389822519 0.8129993258536621 0.8623183614395471 0.8641329814326004 0.8167795173674285 0.7962912976304773 0.7605622997656061 0.74830998338777 0.6965143345113436 0.6605755706186645 0.6220107539849192 0.5813727837088701 0.5786864048342784 0.5612278327512134 0.530173126850945 0.5289842024697555 0.5079303404320135 0.5196368001266255 0.4987672993199454 0.5202364096279519 0.4726108353065576
0.8479649310627687 0.920036282409807 0.9027703430265567 0.9089052859176484 0.9374316704378599 0.8928335835651623 0.825525514813748 0.7852966500396846 0.830848974812603 0.8425172203101208 0.8381946080716298 0.8081641531132766 0.8252229178433074 0.8242979615575258 0.8268849601952175 0.8018415786348451 0.7699266662957296 0.8038643881165757 0.8740674872804676 0.8978675385709383 0.8742569503814533 0.8302341823739299 0.8348054107726989 0.8168448208202584 0.8158657498674935 0.8540779624497046 0.7991513500048376 0.8044746703753134 0.7484481140705762 0.7070105003097481 0.6780675474253118 0.6712245704882311 0.6236855663058789 0.6141287418363418 0.5788678729883888 0.5669914931450921 0.5024934059690793 0.4975698731552485 0.5139381266908453 0.5090680845107435 0.4632585557059079 0.48120477859306593 0.42036960534814494
0.8575261035727244 0.8954474820395687 0.8971608819627267 0.8873770744437326 0.8865174171612272 0.8432544360400585 0.8186018490262044 0.8051703136399087 0.8268352482348817 0.8553032793591804 0.8309973278425676 0.7785397749675959 0.7782095094852536 0.7957980749163766 0.7776181870313152 0.7908310600307656 0.7760607070987262 0.793021082865565 0.8724442862130493 0.8812941671669661 0.8794594183463335 0.8624792451461867 0.8329825707781452 0.8363999878960934 0.8274400060743743 0.8523807753671396 0.8363621896702469 0.773054441644457 0.7541407404519389 0.6991079414349787 0.6923000911962001 0.6178347461895236 0.5835562770468498 0.5878370584204712 0.5530409426948938 0.5417870467270262 0.5023162236037434 0.48940090690642324 0.43608739301186605 0.46564970644652837 0.4763341421482167 0.4464293962256029 0.4215490293697155
0.9293636983280634 0.9188385164758647 0.9013787174491424 0.9379198879247358 0.9191260971602271 0.8382346412159903 0.7968052363727421 0.8068143996794578 0.8157834330966325 0.8133675009514731 0.7992310255962864 0.8092623007040485 0.7876440089406653 0.733741783002152 0.7612834078141025 0.7883965898918603 0.786173646404855 0.807844184858081 0.8789097056022005 0.8915417712000671 0.913001739566432 0.8634916484314317 0.8094232572381393 0.7861391807507847 0.8186137675260964 0.7823214069668435 0.8169833412249344 0.7834792953314127 0.7224785769746527 0.6888131667861639 0.618435723362242 0.6028163530746167 0.52940226959903 0.5464963369068024 0.49788827998118135 0.4721862645523942 0.4583551989680308 0.48976177222733686 0.4787389839585433 0.49538957370307524 0.5038080337098904 0.47153524532302427 0.401281209128686
0.9406314796107311 0.9637944592872669 0.9356681578544558 0.9246186619531324 0.9364168707134364 0.8445563053662021 0.8181261640951986 0.7976684034209526 0.783511419775602 0.8055673988270179 0.8137073420678017 0.7969059327659668 0.7352616260940602 0.7329477861999364 0.7709443508822781 0.8120242560221581 0.7973644527440917 0.8252538786625578 0.8470645362685372 0.8953623324005946 0.8923114587591615 0.8270207710773196 0.7905624738760401 0.7919357427783325 0.8153574508094107 0.810739944170026 0.7774467694641433 0.7190689192307901 0.6940609525156463 0.6321697719058583 0.5837387258154876 0.5865730690137068 0.5123233140376336 0.5350429929966899 0.519600031636608 0.473637771227505 0.42740692598950786 0.4410047185886827 0.47958520069201344 0.46710829145976984 0.48161775881046276 0.4409000600767657 0.42294527084995925
0.9290679834986793 0.9514286213005725 0.9513540150771785 0.9610353537680364 0.9505397700826013 0.9019571734900992 0.8710208499444865 0.8339404870474898 0.8382625583570512 0.8180008690089112 0.7762899271153699 0.7356056454363119 0.7489912978626807 0.7716284076129967 0.8071398299441982 0.8215930097260338 0.8005297549664538 0.8058023437932982 0.8563824974680099 0.8906961359424035 0.8598115823409388 0.8098041008523671 0.787620003827169 0.786590845742336 0.7669763353098401 0.7796242204996503 0.7802812655680949 0.7414540709187385 0.7096918194154507 0.6710145276147897 0.5931082251127315 0.5625038695621645 0.5262471581610865 0.5024912167324918 0.5123883701752607 0.49864910056569484 0.502908905904594 0.4939943658098492 0.4835750945096115 0.4387272679781533 0.4484333186723575 0.4424581300885474 0.43241482464252967
0.946003936605431 0.9781656132599588 0.9981447290603912 0.9769020423435376 0.9616418573145687 0.9134947243353667 0.8678288208902755 0.8196707269076987 0.8009998191743 0.8163675445967286 0.7773519977544223 0.7739021078335186 0.7450176097046053 0.7704810143716331 0.7994019581684836 0.8132295931004045 0.7987842298481542 0.8058496886552885 0.8263824775006035 0.8561284405179836 0.890749735781269 0.8673574379052277 0.7916700991688714 0.7471566743861368 0.7878848753872667 0.7882143774601537 0.7424879486248287 0.741982118761645 0.7027334811629565 0.6544298835214568 0.6186385326533446 0.5748987435320263 0.5420017586385928 0.5212590438525074 0.4946885331463259 0.4769375093738159 0.49173181724563353 0.4993478015074792 0.46313990954752154 0.4286385771919488 0.4436396948168949 0.41054392761423797 0.40129285269828097
0.9322018049499902 0.9661436342231103 1.0 0.9653176677243687 0.9390753489699218 0.887494470587126 0.8615061584011936 0.8202522599478437 0.7724909619273842 0.7546119815281347 0.7316539231947591 0.744185453607134 0.7757038552093874 0.8140099540092869 0.8442221648387628 0.8434174181370938 0.8406342018223447 0.8669478998552324 0.8531232333331871 0.8400611969359196 0.891170277332564 0.8547015639073434 0.7788051610612715 0.7525291974707105 0.7617020966736627 0.74504392528484 0.6969188728366522 0.6999849310845323 0.6914970744131262 0.6500385478513897 0.5967282730582625 0.5487080851248274 0.546660126068828 0.5309872528287053 0.5070133850843909 0.441410827563256 0.4712720664395833 0.4521225708825155 0.48619195648770414 0.4598209814594433 0.4370485335426279 0.3724596380183373 0.3680040272262596
0.937880731754452 0.9519592283300851 0.9986836294028063 0.9713157933027907 0.9706190541490353 0.9224716173487144 0.8570318153490334 0.8157055897127329 0.7561170848823923 0.7445889106414387 0.7243510445499799 0.7606302091470036 0.8093697847744991 0.7943748823912775 0.8161347303336347 0.8641741947529773 0.9064394453790178 0.8679491549322025 0.845504162601085 0.8071717133073223 0.8758910610549911 0.7788707658337416 0.731478131222493 0.7208691268051406 0.6779295669690942 0.696515680947886 0.6428899347810941 0.6538166844348671 0.5901773677484984 0.5837288597041391 0.5917684232464434 0.5174105702799088 0.5109765041477173 0.4647727256467769 0.45406981995367723 0.42011522632819387 0.44325519291121895 0.42169841533253055 0.4410676861170253 0.4412616745977189 0.4039767527257731 0.3721722752882501 0.3488084501384061
0.9061915657603754 0.9248290427153604 0.9766892525703165 0.9738732428651855 0.973313864353869 0.9239228615835607 0.8343137613065882 0.8022871422914921 0.750110367553495 0.7133951181023812 0.7184203712154665 0.7952819685595528 0.7977006875293471 0.8255976346577859 0.8460097581392538 0.8619252875827611 0.8389035825051447 0.8243561754031793 0.8245732312815193 0.7953382380703705 0.7657740099889894 0.7446859246672244 0.6896018410629995 0.6956804514022984 0.6851678839135896 0.6189607682502904 0.6404650604228168 0.6518516622327807 0.6009592300570294 0.5698283308108673 0.5735741087975571 0.5314776376964672 0.4814619873085741 0.4431273027240407 0.46419366492023817 0.44023632313771455 0.4289978553863235 0.4052130141966926 0.38285192827012765 0.3990192599661134 0.32964249247084765 0.3083099016306705 0.311681302933232
0.9006183702548242 0.8926046368162618 0.8925393991299572 0.9012978557244834 0.9271870001756601 0.9175427865745609 0.8275683659729602 0.7847702420898109 0.7357105536944039 0.7317819627174117 0.7599719500717581 0.747761899070183 0.7786543013681344 0.8191472959418244 0.8233388572448735 0.8445744220019412 0.8618486924890133 0.8203874385424509 0.811140431975114 0.757772743009399 0.7257351418573564 0.6750848200924101 0.6748880251090399 0.6382468809806174 0.6218262659053468 0.6098667188974659 0.6539273207236905 0.6333414125599921 0.613423346334701 0.5591014825240108 0.5137552727811384 0.5052042760785986 0.4578855183320332 0.4687139074777968 0.46174126097725143 0.44386520638458077 0.40694948824949323 0.4029166424747784 0.38167772213320794 0.3626922031659883 0.2989675257555816 0.29001425417830834 0.2924673711124461
0.8652815787154673 0.9067666123174846 0.8746597245562429 0.9102254878504974 0.891782319962037 0.8989433093471642 0.849238666938154 0.8146442076260443 0.7802546581475756 0.7219394071449491 0.7576268397760011 0.7592421630950973 0.8212332772888199 0.8301627965649334 0.8600840831736516 0.8905806413596954 0.8728934664914111 0.8352919879182837 0.8020415052734944 0.7538150344178142 0.6924935194069728 0.663618062594976 0.6665938228322079 0.6638381641918978 0.6362195624072235 0.6630818974509394 0.617408133087707 0.6341088420073717 0.6195862357010564 0.5255986153974374 0.4812193370254454 0.44787840784508304 0.44452835812178326 0.45941688872121533 0.4311637773651691 0.4308468239944958 0.4091866832244864 0.39487609613439556 0.3624014924219074 0.31039327354630175 0.32026628475329905 0.3075353241359449 0.3118313672385601
0.9069465870967739 0.9084042687919136 0.9041365243599226 0.8919391369666684 0.9054807283525554 0.877674517230647 0.8524067886295984 0.7791256930293897 0.7388166887650813 0.7029748658328454 0.7201651085572599 0.775891299932373 0.7920331370201 0.7994126611252886 0.8767384883550421 0.9135944504670109 0.9088661839516318 0.8204205484857369 0.7728821047352408 0.7461341420167961 0.678795480948126 0.7017351860828797 0.6416240866409032 0.6804540244592161 0.6766754309117725 0.6591143135841778 0.6358997065206399 0.5940652181692786 0.5875324638416831 0.5177334371440963 0.4801982360978461 0.4725966766006614 0.43441902071809296 0.4572161903027847 0.42327111900040754 0.4262718848328631 0.3716486816769027 0.39061431781820544 0.35271452383818763 0.32873342184790777 0.28342650455479995 0.2786850402965575 0.2584485890764436
0.8984065591216432 0.8924795933872305 0.9044733502835554 0.8762284801663207 0.8580301155044983 0.8572583400542683 0.8235502526082569 0.7574547885357608 0.7091944650269288 0.750151272939125 0.7407503038068654 0.7934220625727375 0.8029796504915092 0.8277486506618323 0.8257443118661895 0.8719863485924607 0.835316160797999 0.8284273757994598 0.7835350021719989 0.7830543327448644 0.7435102094773944 0.6985453924136078 0.6740119475444032 0.6333605940699872 0.6717560540454681 0.6377513792889208 0.6099183145866728 0.6004992520588653 0.5297922257214734 0.5239216437584457 0.46206782554024234 0.46886208187549594 0.39821917352563635 0.38572590585678007 0.3944215015268744 0.3876586243122762 0.3785259787366271 0.37557115391925416 0.3512255877226285 0.3100996481314126 0.2723741799745309 0.25335587040158314 0.2515328006900095
0.8343980211228907 0.8712817299501514 0.8464212576477282 0.8708183743181039 0.8795012656529558 0.8557530361028161 0.7662207156409505 0.7119006100159239 0.6970894535547681 0.7444054108288795 0.7868219184710084 0.7897174048869327 0.7654419850676656 0.7935245056615154 0.8025782814198732 0.8378047833231068 0.8371057197537612 0.8436814318362719 0.836981840392935 0.7822732472152487 0.7198726567283135 0.6959829222363352 0.6357499182940977 0.654439271777605 0.6435046285323496 0.6010634664766282 0.6035852939908347 0.5484037436319388 0.49826821922731507 0.49426218477559136 0.4737535515409619 0.41259638517918146 0.35839628743204727 0.3476018713410451 0.3578492086633004 0.36102232814223134 0.39992577061015533 0.35110667116066047 0.3393223440918084 0.31356067384951364 0.25025504656013453 0.29167753026539994 0.2924569964811044
0.8802454020427181 0.8762319161087452 0.8451038172937051 0.8519819046040003 0.8269009887440746 0.8169163291749005 0.7745127820598294 0.7512935473786774 0.7103283261007219 0.7457301241456377 0.7613100833788621 0.7819023826228191 0.785449021818022 0.7943125088116149 0.8453589213645125 0.8489836193316942 0.8674503668739093 0.8856229631275003 0.8507606340971529 0.77552354453109 0.7214653010464216 0.6736087720118178 0.643734643094303 0.5974759276899791 0.584143745593553 0.5753404744485624 0.5867117295166365 0.5534310968578493 0.5174834092673586 0.49072130375897416 0.4724750262523038 0.3947622107989595 0.385552661527855 0.36182030985785135 0.3255019754973277 0.33579379989917785 0.33873072857505365 0.3667967502529333 0.3211912419664977 0.29942201974711924 0.27170891290182214 0.26024309933354023 0.2953833463421473
0.9261023703269231 0.8852777511909509 0.9041100889749308 0.843572454249026 0.8020888180911152 0.794114303987756 0.7956472572420606 0.7632676027705999 0.7119282129488522 0.752531472947155 0.752967431057325 0.7596383220028393 0.7583848914591578 0.7602619066410703 0.8096802387267519 0.8559582859455984 0.9125311332509516 0.8930697980093619 0.8493469765776043 0.7999042400623533 0.7139265076574455 0.6504334408283362 0.6589134043828833 0.5739506533804348 0.550123110194163 0.5444929962498152 0.5686426465108351 0.5077599123245022 0.48621586234914993 0.4459916852179504 0.4695077163005311 0.41922201375333323 0.34805687124086293 0.3551651209680283 0.310476974976353 0.33482894084872294 0.33615655912024245 0.2970389247362344 0.2785270876505081 0.31701278463046784 0.27934802244192375 0.30570109022722336 0.31272245227441764
0.8799852646809149 0.8500718387524998 0.8538857485621415 0.8607800238161091 0.8191379989098623 0.7539285759928985 0.7671741750488287 0.7487664605627413 0.7118179597822935 0.7366048337371288 0.7375393057310928 0.7512585148687314 0.7870631793173757 0.7624893399478295 0.7947444092012406 0.8077827574700808 0.8104402064297761 0.8335494747070702 0.7934876640215475 0.7706651744425912 0.7182709869553862 0.6559824651474034 0.6233804079777872 0.5948337081468492 0.557705484674821 0.5365746105458016 0.5083594958359713 0.4775824964609393 0.4687159440787002 0.4374267592634071 0.434354899481504 0.3703043064033109 0.31489513318241386 0.3084764636411164 0.3561986114486352 0.3509935625076384 0.33751737200155724 0.30068103331431256 0.29967778536358897 0.3215032183796054 0.2739586450679232 0.2909438933506142 0.27407158408981247
0.8277797733725768 0.8359275997844909 0.8642131751054527 0.8480841440349901 0.7457332038185547 0.7198271602368714 0.7255009040425161 0.7230569904780771 0.7320506225105734 0.7249376005460149 0.7133249333745668 0.766651371683185 0.7790782033819382 0.8018708576973126 0.7909709701154249 0.7924554558609826 0.7717268003529658 0.7366072428118061 0.716838866583307 0.7373106848906111 0.69439460485374 0.6392231077032187 0.6090915960748983 0.5613247613071731 0.5244481979469203 0.4962045556986149 0.4871574597187549 0.4399278308107219 0.4246669186345944 0.42734563338200376 0.40886273558425384 0.4082547684187977 0.3325261065698953 0.3370457159869242 0.3261852467556198 0.3292093510102722 0.36564148633235616 0.31469697121411394 0.303734685840307 0.3440562512141036 0.3103202175636152 0.25749801562335706 0.21969071432524928
