Raster_benchmarking/continuous/raster-257.asc
NCOLS 100
NROWS 100
XLLCORNER 1743156.9243383443
YLLCORNER 5469287.73069054
CELLSIZE 10
NODATA_VALUE -9999
[rows 57 to 75 of 100, columns 43 to 85 of 100]
0.7857183297995749 0.7564498248562014 0.7726337885334016 0.7412802720447613 0.7204822792994874 0.7457917325398759 0.7103854026745412 0.7386697682455573 0.7400767558034503 0.7774783179987682 0.7682675360931956 0.7736308173206443 0.7613354568841249 0.7365464400975965 0.753139609497471 0.7728049096992854 0.7660796359882132 0.7692035155533229 0.7894902526316188 0.7924604248777911 0.7841050856471101 0.7586640624197354 0.7651278737402504 0.7434980963031201 0.7148918356988313 0.6961340014110708 0.690493281948037 0.6894144215746068 0.6627319795062268 0.6475011108531749 0.654094616104324 0.6332513202132029 0.6613913188425069 0.6736153882778128 0.6726387719292 0.6625371684597798 0.6454909548026385 0.5949449503887503 0.579640969341118 0.5880418266431855 0.5625910698599993 0.526583370233355 0.5161907476644824
0.7786201271896812 0.7533984039794979 0.7514869686461572 0.7288934674472737 0.7092514788707184 0.7408252023161355 0.7571876646749858 0.7288659706754651 0.7466942472861657 0.7613035337571618 0.7710291904451 0.7932917654206892 0.7824303925285313 0.754096712479837 0.7529835893704504 0.7548568444775998 0.7806958859324977 0.7657393182380934 0.7971641253670965 0.7931040072718893 0.7938540758212052 0.8099128101418991 0.7938154727166545 0.7522393771380723 0.7739981150891736 0.7500208650116819 0.7174417278086003 0.6876603143897477 0.6747770195305529 0.6600345515257737 0.6931111222860178 0.6763902135627455 0.6853389998575871 0.6907539679869019 0.6564434791873269 0.6333600465768942 0.6287173596838458 0.5870427682410385 0.5736843834145862 0.5939881087922417 0.5476242476049782 0.5233745417925589 0.49883956328360285
0.7881497479564752 0.7675392779004627 0.7457966424110524 0.730595161413131 0.7362522930466555 0.7282192573282102 0.7586708495561469 0.7710935935485779 0.7527946661515685 0.7809081142095229 0.7743769261788132 0.7624964958516013 0.7570528310028297 0.7404183735951597 0.7689877058474303 0.7542600575374396 0.7936224906368538 0.8034027359015757 0.8067052444083548 0.8031267143575174 0.8055206961364791 0.8095453253485821 0.7953592647934711 0.7701698578591464 0.7895367105391478 0.7734375607403323 0.7500637867470008 0.7307465941578192 0.7033957438250789 0.6844005224191636 0.6949435305303726 0.6962274559637068 0.6826337241907262 0.6874469736486285 0.6731229771973923 0.647828232673656 0.6208521648215524 0.6019832656740086 0.5784362496173189 0.5486489243607103 0.5421592765498822 0.5251773674456989 0.48197023699394265
0.7930224973492108 0.8068889071452411 0.7718472449086345 0.7819636686553837 0.7612936202650471 0.7465427243974362 0.7611518349099827 0.772015477238015 0.7856748422873728 0.7900784227631115 0.7810055782234293 0.7968311539087999 0.777471937270997 0.7596178248904737 0.7560358599287456 0.7763560209878008 0.7831520324858824 0.7975904297509775 0.8200910327168657 0.8249841477512515 0.7976784570453631 0.7950678524764433 0.7859427429726445 0.8026099440107347 0.7895804456710833 0.8046555219987137 0.7536964304342471 0.7324563256446949 0.7014505821043786 0.6790450519745491 0.6907196282075868 0.6996717277675839 0.6426300138782817 0.6331125726920063 0.658703115633201 0.6540202622302232 0.6046681191182212 0.5876935137107763 0.5525113455307923 0.5382402366844447 0.5279632284810138 0.5142436184821145 0.47443897610741675
0.765089517737266 0.7990481559935506 0.7952177078154626 0.777605390448067 0.8003232597764481 0.7963095495756012 0.799956390593796 0.8022695389733149 0.766244297661126 0.7919399866033746 0.7796981302821849 0.7961348748597409 0.7780010601887287 0.7655912368928778 0.7880243535650505 0.7840603791839301 0.7934329656158235 0.7995083092347612 0.8094278442822813 0.7931537387670998 0.793604827770461 0.8199791427584256 0.794304528792576 0.8047438760978467 0.8015846748419672 0.7777630844408271 0.7846270834839837 0.7587095795122375 0.7374905567636689 0.6973004205284411 0.6893868110350154 0.6528168831896516 0.6407718466867085 0.6216963938857297 0.6270297177281237 0.6281848761473152 0.629810957206633 0.6006075100699474 0.5843064031227109 0.5418228656518986 0.5284377755780305 0.5428720218381142 0.5030946641645391
0.7731868931324016 0.779637051140127 0.777359460588166 0.8052965595251822 0.816028942451333 0.7918545309429434 0.8027549155875744 0.8115717602758071 0.7678682594162763 0.7814608322232575 0.7616306895366749 0.7415370938019427 0.7552495569656704 0.785075580024178 0.7834066647250374 0.7562238368703246 0.7537556522078952 0.7606678070491522 0.7841541871845631 0.8138772187932384 0.805612271587218 0.8156883084427821 0.7946441202199868 0.7688580724468573 0.7966238474120777 0.7839900903549041 0.7879637146473649 0.7575844341506816 0.7282696037604911 0.719503391602169 0.6777678425142674 0.6447764819850901 0.6575891392064945 0.6285786825248793 0.5923493437960833 0.5888509368305506 0.5913049318425692 0.6037618880009699 0.5895056429928881 0.5394147445373587 0.5503534610319282 0.5443108494921548 0.5072372564002058
0.7427935382903141 0.7478587269100764 0.7721850570778823 0.7750316409356993 0.8180935712492878 0.7814234345349108 0.7878311131986132 0.7909905614886124 0.7827618253947587 0.7732213942452313 0.7476872844027014 0.75979208787261 0.748534575776651 0.7770019072862379 0.779111270752864 0.755311059376783 0.7750617361840773 0.7426805474541152 0.7573627297694401 0.7775566492109605 0.7723252426091798 0.7706873062797949 0.7731463166054937 0.7890832194410229 0.7766950432940232 0.7853456618242177 0.7471142593381314 0.7079605869378943 0.7240703920770998 0.7019755499998922 0.6688145636944867 0.6549379756513349 0.6332497256552317 0.6020512775551905 0.5651697181072248 0.5863321597248589 0.5796575578710944 0.565006928998657 0.549048214302023 0.5401644084434332 0.5189560060640671 0.5073473379955218 0.4944828049679809
0.7523644633047084 0.7297608432580189 0.7455392429600824 0.7885537800932173 0.800026120507854 0.8124587124073601 0.773898576065019 0.804337449446752 0.7832793511720598 0.7316707254006642 0.7457234125944636 0.7522228480203944 0.7889164502541506 0.7906231709471994 0.7975259332600843 0.76894026535934 0.7795243245624206 0.7436848717264418 0.7383755611924736 0.7238919328594798 0.7443829746514 0.7287275984316858 0.7562442882301869 0.7731748304940137 0.770232916524147 0.7461805608290795 0.7175139504470481 0.6770599752203946 0.6654978551133826 0.6918814206039937 0.6581358731849962 0.6445962708637394 0.6333084553495328 0.6049647145908685 0.5461454303931244 0.525686377790338 0.538914315226022 0.5701419104148938 0.5483612100523233 0.5623942848821804 0.5185643850804436 0.46693337947786306 0.46843095220119557
0.7569643434839394 0.7401493373813292 0.7630492250064823 0.7578471169933262 0.7494376415716458 0.7595929003579395 0.7712980726523707 0.7786536058231142 0.7678622086705069 0.7582252207184691 0.7510453604949073 0.7363378256120771 0.7800786258641984 0.7692401480591556 0.7729073860548922 0.7514094818356887 0.7418953759693103 0.7559901664654993 0.7586654338473126 0.757423919376813 0.7345966828260756 0.7497473883058616 0.7470039113806114 0.7603219348242933 0.7401260566552043 0.7122799304250825 0.7007962640983253 0.6591114358892644 0.6440594029701421 0.6446270964673699 0.6283858589743126 0.6104399166739182 0.6074726251920562 0.5920382409749335 0.5680795060246403 0.5671793408383634 0.56163856448938 0.5450246490208378 0.5203678623394572 0.5026367859334918 0.4829186059261544 0.456126453437878 0.43562894240640954
0.7432387052398295 0.7427069275165288 0.7167223383793208 0.7304520513045406 0.7273304752129666 0.7497042536244933 0.7567968395577619 0.7220438253690787 0.751630646418794 0.7233327760529858 0.7254684697459939 0.7422829764352541 0.7427067010239555 0.7626404887119788 0.7762969955169383 0.7818140340808695 0.7416812625496926 0.7326292262507913 0.7521219676848286 0.7695740798327756 0.7435858681367025 0.7169711966143517 0.7244766648769022 0.709162742947785 0.7211872021319226 0.715613373788376 0.6998156147700089 0.6537376093216967 0.640217527054513 0.6002738975251205 0.5820045385544799 0.5618889607702572 0.5657407388543237 0.5623541734446715 0.5617884437528934 0.5630165090956103 0.5491174408930773 0.533361059529864 0.49316580632889434 0.47563681815792114 0.45248370331681453 0.4453197350186865 0.4376774632154943
0.7387398132963636 0.7214088459581779 0.7018343800267928 0.7291585127974886 0.7269735376955555 0.7068710525956178 0.712500627722497 0.6881692524177331 0.7069735258009883 0.7214525933022853 0.7271463375522553 0.7539193845536117 0.7434350494918006 0.7634366603243041 0.7743376139756832 0.7788805930412461 0.7350794642216206 0.735502008731611 0.732692391878035 0.7565979678275571 0.7487079724530279 0.7497053528929292 0.7359259066253999 0.7050268454258289 0.6910959212755154 0.6989400756247791 0.6766973976073964 0.6402368386598649 0.6297818825651423 0.632016436271779 0.5873595788609314 0.5748037332158744 0.560754730879684 0.5791105397734623 0.5589810568096815 0.5716077016604578 0.5474311674582297 0.4995132773041953 0.499004687130055 0.4918450942261885 0.4599314922798057 0.42409434636905824 0.4054803760736198
0.7647688458226475 0.7155573165298144 0.7099065571856061 0.6884724999654098 0.7005517549226138 0.7063392400627885 0.6977354417638633 0.6765865031689812 0.6861178649221222 0.6854344287068254 0.7226184169302503 0.7289644152473125 0.724051883621487 0.7581462710858393 0.7312093509991797 0.7437852251724907 0.7305380799973281 0.7044297944664872 0.7201439690447224 0.7639378820311428 0.736757757347271 0.7337545898291586 0.7200071257258965 0.7108959954661143 0.6953523736829348 0.7086484440646034 0.6872604307111623 0.6638464113363715 0.6480089805098702 0.6348633773134488 0.5973288155568273 0.5649591034019714 0.5793213060410096 0.5556921837201381 0.5436480497576968 0.5655109895764066 0.5413833006716102 0.5003910734655465 0.5105961884024917 0.5110815944536898 0.4368210736376334 0.4116798964270035 0.38116414574881935
0.7600180929091286 0.7531426821752047 0.7357986238614456 0.7303913678103751 0.7214597200249843 0.697136791913117 0.6851813649926493 0.6488648830940441 0.6525168493232262 0.6666470360427293 0.6974077657749881 0.7061445384870787 0.7097151578446743 0.7254248029429679 0.7258066328442552 0.71660330490133 0.7136302400033014 0.7182801294096413 0.7411370385213654 0.769957573758128 0.7660995964660662 0.7607400901144702 0.7279463098700545 0.6870100949489558 0.678948805146531 0.683557453545744 0.6497787800719019 0.6351796910863319 0.6430591551301642 0.6027088911904283 0.6145404311201748 0.5709271392124694 0.5838049570029525 0.583212634724815 0.5505292184023655 0.5541503307704252 0.5111551275283697 0.50592439370946 0.4744135511402636 0.4674778814490847 0.4427069727955181 0.38992702789298284 0.3769803251158355
0.76677518133367 0.7546788650701707 0.7487005719491935 0.718952027723194 0.7211556261336853 0.6989794365239257 0.6787536528879046 0.6509045533403067 0.6516474014091809 0.6667563664530861 0.6624797014893852 0.6694885885291347 0.7101515901505373 0.7277376043871352 0.7077255497312313 0.7507634038222094 0.7401217142143982 0.7259364962396462 0.7325110788537176 0.7573933770819111 0.7164754752648589 0.7261423857558864 0.6868403420126624 0.6878700671015969 0.6650930644385553 0.6515741189627551 0.639104644520434 0.6560667153184923 0.6002445245537457 0.580587655973523 0.5925215505627373 0.587845433972025 0.5750683874894416 0.5778868321147994 0.549880464122983 0.5115400212817113 0.4918115222765329 0.46925987402207214 0.43746579460459556 0.4484035364580338 0.433880220111394 0.3974400065825292 0.4057429036371695
0.7318900992368381 0.7540514604643542 0.7321402181303657 0.7395306891738191 0.7348188330147218 0.6963978141948369 0.6783111159448062 0.6563024159570927 0.6393771595214752 0.668780594123695 0.6688956207495015 0.6776303279026699 0.6882009512129411 0.6753319424631067 0.7153326865911455 0.7200333882969886 0.7123820428263915 0.7088687538304737 0.7077579849965832 0.721308707535505 0.6977988520382497 0.6924896690121174 0.6640518950500787 0.6780765569862295 0.6613860680606597 0.6610794349803903 0.6191445181665656 0.6278488252651148 0.5903006972675566 0.5915096085940039 0.5573683363130104 0.5572314232806025 0.577073317579353 0.5596172722267175 0.5250969126974138 0.48491815022890067 0.45843453548687474 0.46278466219240944 0.44196716807327674 0.46241676494704154 0.42750174396541246 0.3937992340176532 0.37215124260605925
0.6942271894032154 0.7289551700784936 0.722112755061822 0.7445754710317414 0.7392468321979867 0.7022608723857493 0.6804994335732394 0.665845580528325 0.6445599899719701 0.6376819205084675 0.643552172632968 0.6434470370867988 0.6426912587766356 0.6561408958826126 0.6670041037377723 0.6670214211882948 0.6655676822308844 0.642353818310998 0.6669238615463589 0.6629394544564552 0.6720212643951428 0.6710505651961737 0.6276911173049388 0.6178759895035252 0.607762662202885 0.642596986958673 0.6195875895985015 0.6075260105805748 0.5913182938106153 0.5527404532330824 0.5585446543027713 0.5776271838442509 0.5429260704483315 0.5182858515396042 0.46751588122088483 0.4617298044147412 0.4738225359467845 0.47030022464153426 0.4357568250676751 0.44447519100409366 0.4136432710524158 0.3661972788290661 0.3892962291979778
0.6946433338669058 0.7122916712304135 0.7473373540790893 0.7149814816573494 0.7190442676110093 0.6843398318921652 0.6536536197913931 0.6360392019049669 0.6515215012377066 0.6068473763051424 0.6025054433947789 0.5994887753645525 0.6045061647518002 0.6093978361824918 0.5877627691291147 0.5881665110578274 0.602115205523206 0.5990135334834971 0.6150675675514315 0.6381792624448965 0.630833864437654 0.6137294273748141 0.6244943671222397 0.6081824194462379 0.5774956123007837 0.6193136835551528 0.6045344764218965 0.5854543164327295 0.5633084461970569 0.5429471270601682 0.5624150108946065 0.5806840959784515 0.5293129876101283 0.5235485794148436 0.45075521758225334 0.4287516018739941 0.4433945894186235 0.43797657954845826 0.3979847019867875 0.3915644698766978 0.4159106660454158 0.3900918317024544 0.3736971019148975
0.70167692870521 0.7346272213472321 0.7425199214328152 0.7248104589643498 0.7053653750500727 0.6431440937020481 0.6584062712406041 0.6611779866465444 0.6402273742995841 0.6042656118367582 0.5830774901105475 0.6079897317293599 0.5579536890079174 0.546846094127562 0.532569947502925 0.534732569906707 0.5631831250620633 0.5927763696927322 0.602663773940318 0.6019385563248866 0.6032546495362487 0.5622872466499049 0.5732015641242919 0.5625268683091251 0.5588243510143858 0.5683639420814794 0.5773600966397807 0.5417286122307015 0.5727993915145186 0.5801699477123899 0.5830743117194166 0.5653055240095051 0.53580323272372 0.5064025195228065 0.438286693963308 0.40058240758470404 0.38800757923398616 0.39404655900440594 0.3718319892293274 0.3659361446265966 0.39578481192403514 0.40991055762889134 0.36720953939196
0.7077706376011246 0.7223357247150369 0.7263333057664244 0.7235276276844852 0.6763749568546639 0.6437733896024216 0.6385226316338061 0.6219306361699156 0.5979959101726097 0.5960052592666922 0.5714722653158913 0.5767255419920535 0.5460023793754335 0.4982563192482015 0.4953020550809563 0.5006193513698393 0.5533957432772983 0.5693012340960103 0.5868429169196027 0.5674034942187789 0.5338178956251487 0.5538406463510934 0.5200330270784069 0.5351768291761952 0.5338818008894728 0.5598474732599931 0.57321742276621 0.5767744980217264 0.5653981245589893 0.5632900573610121 0.5440435815149389 0.5491397153879417 0.5109061682902389 0.46228801408383596 0.4125734797345058 0.4023628888895512 0.39020447102733374 0.3767505485654534 0.34374922051693063 0.3728190769623377 0.3665680663559381 0.3943889826016869 0.3769508158492519
