Raster_benchmarking/continuous/raster-351.asc
NCOLS 100
NROWS 100
XLLCORNER 1743164.2940381048
YLLCORNER 5469283.701673392
CELLSIZE 10
NODATA_VALUE -9999
[rows 0 to 18 of 100, columns 0 to 42 of 100]
0.5154060397289578 0.578517049710936 0.6313005396178827 0.6510447836550433 0.7111410684307966 0.6882627248485597 0.6521854830723798 0.6404436439288677 0.5824096036593216 0.5915819659347967 0.6566677223032715 0.656898497923062 0.6994170186137536 0.7941699885789816 0.824728658074176 0.8239751102232384 0.8267402252382924 0.8306049410592553 0.8082885269800262 0.7840786161394814 0.7689197860632844 0.8327276817943131 0.8316662651408334 0.830448212954993 0.7634559945428051 0.8067329483795224 0.810068474379279 0.7788508732132198 0.7243366218155425 0.7677782892956194 0.7809232437140111 0.7666648762983443 0.769107963791829 0.8004512199414855 0.8865543805430026 0.9005404322264923 0.9335041649644933 0.9137326744341551 0.9047413312009462 0.9398967114765685 1.0 0.9862838971467142 0.9467181856930937
0.5126665244307083 0.5559592270976388 0.6447470092292487 0.6844879766094588 0.6468285358748318 0.6660942559685447 0.6289486260368928 0.6417480682383226 0.6161366643635835 0.5645643071277917 0.6052236112775256 0.6285858964285922 0.6797883976679548 0.7418905532475283 0.796977872607241 0.7921365726988677 0.8034744315119632 0.7932131438669469 0.7876318226198968 0.7717946087669845 0.7828977771772229 0.842449720351529 0.805081118002341 0.7940111655505269 0.7532320690866267 0.7528094144890197 0.7788741236596675 0.7394556525505996 0.7552907839846601 0.7423777423113548 0.7390735442220627 0.7254278793172709 0.752051850869334 0.784939860353884 0.8716779144293128 0.9153779922940398 0.9102868362677705 0.9192199569844232 0.9283699996509339 0.9471656914833259 0.9588371193261296 0.9661155696669236 0.8740725562461096
0.5721012560706298 0.5822902808719849 0.6329098785679677 0.6191521431505251 0.6573664923087108 0.6356017590360304 0.6510311103673584 0.5984416044292795 0.5498601260536462 0.5391773095870058 0.5658695818249867 0.6218372881624968 0.6498735223982639 0.726891591855998 0.7043493831257999 0.7676243337793824 0.7874731310335558 0.7456773014867518 0.7534831073416796 0.796521953367424 0.8212875859558793 0.835352773824093 0.8176922974697532 0.7720342734715521 0.7182890561831955 0.7580631535457922 0.8058839712338587 0.7337450483285392 0.7530471277351444 0.7039055445973992 0.7257090416147066 0.7205296028739675 0.7642789052866191 0.7759384435942585 0.8436652448288017 0.863958251499517 0.8952530926069433 0.9125122054901633 0.9297024335653451 0.9491934146169053 0.944909799986283 0.8776773369663777 0.8430543621881075
0.48381546730883385 0.5516593079102993 0.5949099320697938 0.5662880389717794 0.5772384119139378 0.6259544551926056 0.6280220385324727 0.5691766708541777 0.5618832343128406 0.6138780866075629 0.5973634125247549 0.6396134747835844 0.6398899916333354 0.6812893584671372 0.6887115443542147 0.7368834706124493 0.7470618740168786 0.757778129297452 0.7742477664428927 0.766037809015214 0.8109389694310346 0.7769717815814804 0.7295097390880356 0.7279819239451756 0.7410896836809879 0.7525916964206816 0.7733946775439764 0.7448695295609082 0.7120119589594234 0.7298124201543498 0.6867103485262029 0.703160497897729 0.7413192356411205 0.7884771659589266 0.7846130825578699 0.8065707313588186 0.8535647608796345 0.822409520161572 0.8658639858813607 0.9064471837400252 0.8841882259803961 0.8479729966723937 0.8445881268893527
0.4772145158384645 0.5262120022399226 0.5189310467578772 0.5193089515423644 0.5238937792012103 0.542341379324097 0.5422841441593976 0.6141982484097613 0.597312881622911 0.6330013355145515 0.6301272500505555 0.619446069787859 0.6682423667984221 0.6551956242665957 0.7193636517317977 0.7715024779181312 0.7715119721474071 0.7601824112359302 0.7398293511940754 0.7226432539862973 0.7824899443960187 0.7171344514888427 0.6678435305064019 0.672512081486616 0.6649361368134192 0.7407254726375051 0.7137454666108981 0.7338834437687519 0.6680860805262648 0.7013758500111668 0.7091956296741391 0.7051968419980162 0.6770841736804054 0.749642301752941 0.7410013231116213 0.7645607216694822 0.7964895195373658 0.8066761689781349 0.781250282378857 0.8255644588085687 0.8604828706442093 0.8274057146001492 0.7650919289192577
0.48067813188758113 0.49262196532669955 0.5041479212168855 0.5438162935773058 0.5136602239221654 0.5672537646889194 0.6104061473728621 0.626154932495461 0.6405946233927683 0.6145532587922474 0.6030325344586259 0.6587286584291027 0.6306729357745096 0.6668104165988593 0.7181359916237994 0.754984968208659 0.7275295248295229 0.7087936097822853 0.6947263862949242 0.7396474483114286 0.7235505779796081 0.697469079564339 0.6538318018019956 0.6635407798753749 0.6760349922814403 0.7033559440257318 0.6697144107658657 0.685063926540383 0.6970139201112112 0.6523723953325027 0.6690198416154034 0.6983169335868769 0.6946898899650277 0.6985915454405367 0.724549710581429 0.7301046850770365 0.7321266733237904 0.745089961998566 0.7638064921848757 0.8100310624136468 0.7743842771954916 0.7727113793397986 0.7545219871424379
0.46639445017755554 0.5067723945043352 0.4810724739179148 0.5231702380510059 0.5351698123092589 0.6007048966997426 0.6056296383714935 0.659843525987564 0.6626689452948665 0.6466920436934591 0.6432037863025775 0.6674620029644194 0.6361772443504785 0.6339541892314652 0.6368933128798882 0.7138856344931689 0.7896616243937699 0.7024408877752045 0.6719881634121359 0.707594147544451 0.6639413247294811 0.6835830943803203 0.7077174716944038 0.7045768383921873 0.7003308815926326 0.6619102872577954 0.6289885728167751 0.6785205890936542 0.661555515132796 0.6367158445131643 0.6418973245656252 0.6665976709014416 0.6832199843686996 0.6934659578302776 0.640284896571833 0.6964131458208735 0.7108167489235224 0.7104656170334881 0.7571942321535071 0.7410514002845883 0.7443445536794745 0.7180651901732852 0.667025113121671
0.512687546184744 0.4752830319670428 0.4650104147698284 0.5228988093359106 0.5800037450403246 0.6446414101648809 0.6636693251745395 0.6546576389343731 0.6574392344418889 0.6295497895739651 0.6355603333566114 0.6388231500616196 0.6552373871016375 0.6584456821388754 0.6851237359022134 0.6741044812558129 0.748330279793154 0.7384325844994044 0.6508065770247372 0.6494062212567959 0.6891469137859937 0.7050238180329379 0.7114250985739942 0.6840222726412555 0.635368216313831 0.6418245973061496 0.625032540107452 0.6871446561144631 0.6816022671727606 0.6667863676597988 0.6804173756563264 0.6982962913318025 0.6941265280321851 0.649806547663778 0.6130077696387162 0.6094455323591984 0.6350264416355287 0.7087557410751656 0.6842621426404585 0.6602851046806396 0.6913795708102124 0.6791040072677564 0.6888881845204161
0.510138201953485 0.5007129984612575 0.5183158755658049 0.56339879909859 0.612830848992845 0.6687958816355416 0.6863609495712177 0.6604440124829531 0.6330243331812457 0.6231803091369129 0.6760989227553771 0.6501975389571323 0.6446353461485794 0.6621249912421358 0.6330753259124177 0.6726729663170417 0.6925436019452096 0.690031293080982 0.6659716502638726 0.6637932596227907 0.683383559277603 0.6931632866173806 0.6686934527939744 0.6800409231089344 0.6436682331703851 0.6767353840015254 0.6654082678762538 0.7068820127190156 0.7060985095190373 0.6362843929846758 0.6780127949435366 0.6368760980349394 0.6806248479557414 0.6055839353894735 0.5932513524115596 0.5808736169794293 0.6130780970423071 0.6211112638230922 0.6618790197827061 0.5996357735148201 0.589031384380176 0.6449294737522061 0.6026490118693438
0.49938362555604976 0.5090395144586638 0.5320485434680358 0.5609857114882211 0.6459541449239015 0.6230108144546284 0.633839339846306 0.6851088832780571 0.6929523152498736 0.6686761076587714 0.6566386480350411 0.6155324816243514 0.6666215295182883 0.6742612577218329 0.6625661062206678 0.6674011087233112 0.6813119373367885 0.6432457004484315 0.6543825772085466 0.6261320999684478 0.5832592414825276 0.6138206915004704 0.6094640973907397 0.60218845376938 0.6590047300043231 0.666188371886669 0.6823976400552064 0.6337091968988162 0.6223872069730246 0.6309120504218392 0.6183747831632279 0.6118296306408963 0.6039271541192718 0.6242527360498629 0.6094499799004726 0.546864056568132 0.5603066884476923 0.5555192091468599 0.5501600095373047 0.5491904751102891 0.5405729139958426 0.5770283340106337 0.5562852026540458
0.4804190954571973 0.5320780582626429 0.5202605197901871 0.6101196137883417 0.6812737356163262 0.6562498334943154 0.6263780536945412 0.6683983835889006 0.6728699889977685 0.6414549176207353 0.6491016424905085 0.6038551427349897 0.6294917254744238 0.6493576424388624 0.6904297257800553 0.6813750987546843 0.677027787808217 0.6582643790680732 0.6363716617689353 0.6108909181932216 0.5480625303173923 0.5691435382920985 0.5867511236021851 0.5775237781503005 0.5870162060447334 0.5927641831345587 0.6356077284789885 0.6258115112265736 0.5970424102018292 0.6435940652310875 0.6147709657720151 0.597292338464816 0.5570218924766701 0.5954567758065118 0.5452648172245458 0.537474178955763 0.5176389255453369 0.4942028717606489 0.4810830728634469 0.48785648596307735 0.5181471449248598 0.5227198917110614 0.5571242052943846
0.5283692890413992 0.5555744402247798 0.5439480549147503 0.5694688779495085 0.6141008990764232 0.6632624222167924 0.6516639610392698 0.6599359338092267 0.6553217935501562 0.6138692130891251 0.6359215044508808 0.6525014189840627 0.6288479413663507 0.6565929240097184 0.6761060607941729 0.6507042101262863 0.671545547464906 0.6122427719250407 0.5888653334921852 0.5830471200315185 0.5896592685879493 0.5835166797143643 0.594388655946695 0.5951166066503888 0.6057818707419577 0.5736070096981527 0.6134381480302942 0.5694430969818625 0.547640550738332 0.5999487610294556 0.6043376012047286 0.6104842716398339 0.6111080309936716 0.5665791549335647 0.5870752492180356 0.5495306496434368 0.5638969864560246 0.5303089788323084 0.4610168365378115 0.46628424401404084 0.5211434746442795 0.5068298378865453 0.4958780849191293
0.5066206702875963 0.5547895477207283 0.57805812514425 0.6273124697217596 0.6060779020620386 0.670143167553286 0.6426564639184541 0.6734883173712501 0.6400016639555222 0.6244754565717304 0.6260558665098468 0.6100548559868426 0.6125453066191163 0.651317081727319 0.6731213582924166 0.6390295146851933 0.6229224357216161 0.5829385678949082 0.5530023377122593 0.5720256436293245 0.5357476255689072 0.5318905682667593 0.557861100427142 0.5540181190046937 0.5289429045879471 0.5317779442984953 0.534580922726466 0.5313359326675781 0.5582009294843788 0.5897332684279808 0.5621706796668895 0.5747711719940871 0.6542067921741085 0.6020103181371149 0.6352272325173725 0.5591478509997618 0.6050699377089386 0.5265883558827746 0.4631490651073524 0.48227364907049 0.47793447623463037 0.4473458074518288 0.45989362728364597
0.5738642733455145 0.5746647858209455 0.5726282817924366 0.6235017123130797 0.6718016555468141 0.6463860172022023 0.6359034882120571 0.6624332516505217 0.6376471438752199 0.6323823711041452 0.6230792921120358 0.5865716346698729 0.5920869152465142 0.6494280725976999 0.6972959483772774 0.6652056814107405 0.6645227414448672 0.6172630065846324 0.5569629151143464 0.5880835439575861 0.5300104507318585 0.5453221409121932 0.5155094212384981 0.5119468355942117 0.47857932361405775 0.5346877755300309 0.5590690286646401 0.5414224404188857 0.5997495197053899 0.5789133103245124 0.6255686790248468 0.6128816538445852 0.6723206442109744 0.6236691431452642 0.5968957197432693 0.5842350791690275 0.5753690861736042 0.5728303452411188 0.47877526384508207 0.4782895596975396 0.4457828257318744 0.46795523317968146 0.450616539676545
0.6474273682929359 0.6078318443034242 0.5891539241860857 0.6127068901979622 0.7101341098862894 0.6719300605165517 0.7058723616992527 0.6352963675553419 0.6283188535619844 0.6070666400435797 0.6373418410756103 0.6074295951553464 0.5953033042442681 0.6253759243116498 0.696924774341032 0.6428393495944238 0.6534728013072493 0.6224793254957957 0.5809607849914113 0.598995735850603 0.557149452082488 0.5634460674790649 0.561868950063137 0.5398023571159355 0.4773455948105427 0.5565455379687836 0.5835984350339416 0.5518003705256882 0.6175101097945579 0.6528498036894774 0.6521938536219885 0.6208230119470326 0.6574132386434295 0.6689328585231709 0.6081709447900848 0.5693577828370122 0.6031130071908488 0.5392267454431825 0.5083963991496485 0.47858153516345964 0.43123684526846867 0.43398592804664343 0.42818292668949504
0.6609756231084093 0.6075764835442146 0.582058290319963 0.6240430927140181 0.6938792460998721 0.6995346718164444 0.727591037842232 0.679541137581721 0.6298622077576398 0.6420474544085805 0.6340546255253556 0.6168699592706363 0.6475194821831581 0.6510465837267612 0.6340481373722037 0.6787247407095663 0.6718472728921379 0.6272048829168437 0.6208336507099361 0.6009473677177923 0.5963101300579797 0.5461655207645701 0.5241197399628209 0.5175823358390058 0.49970533403861866 0.5349790326466577 0.6010265934870821 0.603412795642881 0.6140561933945132 0.6375117300584547 0.6350438411871627 0.6953241338662354 0.6748465399371094 0.6843004939740005 0.617204068246517 0.6039430330924637 0.59795630639334 0.5461628496552863 0.5078935933630732 0.48615278396089573 0.45459122924857637 0.42595674636542397 0.4297031816338694
0.671697653080491 0.629250286734697 0.6346866323406636 0.6140882590681308 0.6423541813315699 0.6738852332217246 0.7152324243211352 0.7381840881408201 0.6860054433461532 0.6660405269224963 0.6173968531140503 0.613559973166456 0.6604596150955873 0.6678474668468806 0.6322394438552694 0.6420152726386888 0.6332908054189718 0.5963243590083716 0.6316285490185386 0.6451762293656609 0.6258036366079055 0.542456762697252 0.5483293781064362 0.5216860983976367 0.48036483516811485 0.4966890342540833 0.5508448735868495 0.583311519341416 0.6106117320483933 0.6187064482230482 0.6593571616522221 0.6981140598460661 0.7037523028957172 0.6936439476412989 0.6629288863467575 0.5967855318077375 0.6164365407038875 0.5555471371453568 0.537897878088922 0.48519260782916684 0.42501540087075684 0.40645519642134614 0.44096265888050656
0.6707932148418186 0.6482577924655013 0.6617123743688218 0.6432680422408323 0.6396935071497295 0.6740436964941543 0.7015905819015634 0.7449542983137781 0.7281567765165867 0.6594266309817758 0.6474884218200319 0.6354658960089328 0.6412150630354048 0.6332417047971628 0.6302986985447195 0.6029089968616003 0.6306240524296389 0.5881680413966284 0.5813409006230192 0.615241584190367 0.6090681873233944 0.5884789142636171 0.5688693611526913 0.5110195634727455 0.5147509256901435 0.5574805732913916 0.5780780780483461 0.6240537444049212 0.6524714486590527 0.6768928729396859 0.6512926270765128 0.6660361592327573 0.6307533816628274 0.6472001462110372 0.6095278508375856 0.6374735170373965 0.56627257029463 0.5523307735757474 0.5313655055733723 0.5134348372897629 0.46035036449249805 0.4477286453002133 0.42604484108251495
0.6603923155956393 0.6743059557212275 0.6983941612203561 0.649520003945201 0.6747166465197113 0.6595220261482946 0.6738238421163304 0.7272450269414039 0.7634937972622696 0.7000120770644349 0.6581211194324714 0.6459765593575446 0.5755112883617076 0.635624188459774 0.5819980227041207 0.6105350860152932 0.5856422146290537 0.6084785555673604 0.5647941090892258 0.5329901550558119 0.5320090223968416 0.5901801811007401 0.6075395489528186 0.5906295307998715 0.5324343129872936 0.5438696013380359 0.5737648430599073 0.6419608571635602 0.6351799218839381 0.6326757496521196 0.6637866606388187 0.6484479796865885 0.6206186833441172 0.5947993416261982 0.5959478494048677 0.5890896859906138 0.5381901297326258 0.4944014094236126 0.5085824406898967 0.4929143364063876 0.4602899664097946 0.4518261684571825 0.4308162333088315
