Raster_benchmarking/continuous/raster-445.asc
NCOLS 100
NROWS 100
XLLCORNER 1743159.8143604526
YLLCORNER 5469287.32364679
CELLSIZE 10
NODATA_VALUE -9999
[rows 0 to 18 of 100, columns 43 to 85 of 100]
0.6018731314975921 0.6310751440772869 0.6952195937847733 0.7050440913144497 0.7332897268430872 0.6968010180666774 0.7116541464302576 0.7340410921869938 0.728010787402752 0.7781878814874487 0.8031635810742349 0.82459517192988 0.8156445001851126 0.8005607166999249 0.8391152917685961 0.8889659748793536 0.8887188105535707 0.8976725475575473 0.8848321680649244 0.9097876721853001 0.9207717867635214 0.9411836934019822 0.9309539155210793 0.9503200107935236 0.9207115089167893 0.9388616734219489 0.8877000222308226 0.8744067705311995 0.84207781068603 0.8479879543236596 0.8370260236959158 0.8118617620182583 0.820495870598177 0.7441467710986687 0.706558719172994 0.706459876315347 0.6777774516445537 0.6622553272084806 0.6678628920913036 0.6951300252536261 0.6360994909264639 0.6233634605427966 0.6360349494639836
0.5950815362521572 0.6396336593223518 0.6658333588329647 0.7090462849362492 0.7450832452079668 0.7542842466247501 0.7308795051839446 0.7331387632236539 0.7762055214814688 0.7882041373016321 0.7888162096042116 0.8377274803515347 0.8187903383884467 0.8341763582250883 0.853986666146053 0.8960528702904078 0.8483915992154815 0.8424623414327618 0.8469304927698474 0.8593091756534647 0.9249187153298636 0.9415277012144365 0.9625148697778315 0.9349682232174915 0.9257881460248544 0.929188527548987 0.9000698452202063 0.8700475043215578 0.8625341675207564 0.7977915669593643 0.8090917010259318 0.8193224863425603 0.8150324579321115 0.798140574734624 0.7042156378758692 0.6862084613160149 0.6798122071511187 0.6858158020020576 0.7082570451233516 0.7000744770235008 0.6821575537900569 0.6551018554482954 0.6354466511021052
0.5819606372605691 0.5961004922025329 0.6460665583426579 0.6811272361256412 0.7407838405744613 0.7514643217894597 0.7468846052329418 0.7859631250149455 0.8017673715776561 0.8011643305739186 0.815539132277895 0.816067906333283 0.850330584612704 0.8805695950598584 0.8600719055985141 0.8794760668604519 0.8635587194568506 0.8580207820345539 0.8202292480705808 0.8522647557708728 0.8699855129155498 0.9247504133484331 0.9324239895000992 0.9332330866499261 0.9521803452757676 0.9081421048657551 0.9107099119487065 0.8485288638766137 0.8548871206614215 0.8181527938556862 0.8230139039958556 0.8116169349775288 0.8301718350687955 0.800252983055721 0.735088694399699 0.6979051888989838 0.7119074922979522 0.6853173426024466 0.68659866038062 0.6717365447178277 0.6814923573575348 0.6924258330734774 0.6485254562072348
0.5921701898408289 0.6129774775296153 0.6791218843828167 0.698932320633136 0.7265871632096215 0.7414270455019508 0.7801464765825705 0.8236814025150697 0.803291805283308 0.8311178367963329 0.844194263674528 0.8133487408767435 0.8409564726648636 0.8766117669288405 0.8573354161309495 0.8138400049056438 0.8273842453166903 0.8267268237861352 0.822261432208913 0.8151473217009371 0.867417562620391 0.8596993448296024 0.9312501749305125 0.9556663406819255 0.9181631986452985 0.9163638143902614 0.8994291430623647 0.8397496014773614 0.8343139739260468 0.8338304663487588 0.8721947166940717 0.8525040175663389 0.8516011827749757 0.8037268637191306 0.781472127088978 0.7467658901713766 0.7611601350268886 0.7009517942017726 0.7054027924350906 0.6918208153306634 0.695339008168326 0.681966041404762 0.6232745710504584
0.6354576367272015 0.6556900387945657 0.6703789365954032 0.700084408996847 0.7108635566069611 0.7277190554442727 0.752107450811413 0.8189107907700804 0.8138964249585136 0.8176852345833655 0.8095047751036119 0.8266585286011833 0.8110310590322048 0.8284926875577162 0.8383771903460878 0.8176258499330563 0.80956715677256 0.786150389268591 0.8318157442076871 0.8417095616562457 0.8543816384900685 0.863650443741085 0.9210594276088364 0.966101189756608 0.9419159797070185 0.9041400079217926 0.9098968828286782 0.8881771303138744 0.884208262158586 0.8705661350487136 0.8703928403295264 0.857420028602485 0.8380060460877267 0.8204745285424235 0.8086174194053698 0.7857681046929696 0.7846990728350229 0.7241713802596255 0.7185637270066108 0.6857743419330685 0.6927305617034397 0.6854841831004398 0.6562473844859051
0.611457166362711 0.6111604909095347 0.625615299293053 0.6645496513407363 0.6894304400988812 0.7267666346274616 0.7336720559863559 0.8045797749001523 0.8039943835953761 0.7788944583266526 0.795347466706393 0.8262634027765257 0.7975182821565839 0.7963895734426648 0.7989465734468842 0.8375884610347992 0.7880552930264298 0.7857248491253163 0.829037895294201 0.8276666245747543 0.8282953731145398 0.8530654142486798 0.8827486286568947 0.9348020288610711 0.9050352918316928 0.912489095763687 0.8837871017664244 0.9205859565792237 0.9228634791819428 0.9090266345069424 0.8661305968272897 0.8979921716422559 0.867617859198534 0.8828530958943808 0.8234081610484988 0.842528639310252 0.832110741190603 0.7962061688486551 0.7616673828322665 0.7474396967631375 0.7236674065123501 0.7197449502213128 0.6919766043400882
0.5999753435886013 0.6156549680125725 0.6439953598682713 0.6619773505488435 0.6781529121390455 0.7205981786989951 0.7624810986285065 0.7735469939911023 0.7782997764249251 0.7702196267982256 0.8139431175475005 0.7794011796348603 0.8007499007491088 0.7945338666695748 0.8253368929955689 0.8361438481321792 0.7814087948880708 0.7773552553733049 0.8203074224965206 0.8254551620888251 0.8354420673664922 0.8258187840421375 0.8634684920748753 0.8718571209695958 0.8819952611913212 0.9040737695099973 0.8937929891450208 0.9049194681020929 0.9035314315688816 0.8688414012622018 0.8858243669090903 0.8550979419641843 0.8714107812409316 0.8929281960103923 0.8657055599302746 0.8526119596036573 0.8119989030164664 0.7660988994454526 0.758268395760344 0.7836745343698998 0.758526860437341 0.7521102462498993 0.6993007519981709
0.5993010776913706 0.6338902282005157 0.6285806794992441 0.646578891664932 0.6582463661069875 0.6811189870664844 0.7251401988101105 0.7643169390175523 0.7740057362923563 0.7623922463214022 0.7375941647000913 0.7856043384844064 0.8041224504492757 0.7956742798112498 0.7703457820509069 0.8068911668367751 0.7491285618172482 0.7623032876114052 0.777538832073237 0.8242531601016891 0.8246052205716233 0.8007562165119733 0.8309755293952836 0.8500051431030278 0.8776852684039763 0.8530478845588143 0.8582884930803294 0.8796136571072085 0.883176515456382 0.8367833147577612 0.8244993869684206 0.8315597839300602 0.8255357988995781 0.8516706321730662 0.8605035431756836 0.8476546395476783 0.79752075670088 0.8007913209252503 0.8000998017099037 0.7741095925806128 0.7474534442348965 0.7532293967962405 0.7310216281676084
0.5992455577438724 0.6509458428131124 0.6532171810922637 0.711206454151637 0.7178770933030266 0.7286178966739217 0.716434655542187 0.7431223699453449 0.7307242960763333 0.6943871817449396 0.6854468139010566 0.7205356998659259 0.7445307393272538 0.7533615343935136 0.7389444236538512 0.7587943142256813 0.7429139872224549 0.7464290067096288 0.7893347382966709 0.7827641618313008 0.7618704405368951 0.8046399827061451 0.8197848508011614 0.8395632701880668 0.8349824055896221 0.8585310969312264 0.846589327920959 0.8765260687887355 0.8504110099919534 0.8459033579504207 0.8372580521092488 0.8252079362250703 0.8148198994701243 0.8033338886972898 0.8034013908540835 0.8023705274027201 0.7729863672814741 0.7471444471639973 0.775601479464708 0.7635199475660943 0.750365257672206 0.7389551089421977 0.7057351722964649
0.5983385987120989 0.6364471172476208 0.6937279674860665 0.7150319676808792 0.7411108757513155 0.7201494574296976 0.7071814798208765 0.6872329512462662 0.6844678107806373 0.6321619293559618 0.6247982881223725 0.6223310200892431 0.6818853256072286 0.7349231358117597 0.7070208427302712 0.724962342885523 0.7366409356670962 0.7163586790497373 0.7351956847341471 0.7793330331303349 0.7398243017927174 0.747503980858544 0.7810460954127671 0.807415254982277 0.852538164623511 0.8498571121866334 0.8453393283259042 0.9037997217462596 0.8879002131816875 0.8617997465843563 0.8537731536106444 0.781477492558827 0.8047548944108786 0.8460600988547431 0.7957324559289677 0.777021021648331 0.7872997449017243 0.7412897936980378 0.7588519748929462 0.7835780539731901 0.7740880222815464 0.7098906338557063 0.683564647723664
0.6443577972782311 0.6919586111243632 0.715434047388659 0.7330907840153549 0.7042110149545455 0.6799942963068308 0.7032475601648726 0.6814487010853021 0.6351280721639575 0.587642315605593 0.5956180370622733 0.5744597057002127 0.637901733240611 0.6719732366120136 0.7011041315783754 0.7253439159578682 0.7374719157915037 0.7478230548590274 0.7373047715849531 0.7722618422328896 0.7770644681020746 0.725184713979613 0.7283296210975496 0.7616431675562606 0.8185131368609504 0.8562293855828627 0.8698092728526766 0.8867600155540011 0.899670033740646 0.880495748988382 0.8522144434003894 0.8057658377268011 0.844297147243134 0.8073349470413501 0.7891411939705048 0.7984658627690179 0.7597860908634507 0.7522962601345246 0.7801300555733647 0.8045457542267967 0.7697907931577606 0.7072609812037809 0.6739314860089864
0.6605608726685778 0.7045318044871349 0.6990666466552288 0.7325062645038319 0.6670111315428998 0.6766792473511367 0.6653689684018871 0.6616247218921268 0.6220043618841669 0.5732902009747655 0.5950951972298986 0.5424652793075313 0.5811862327469673 0.6211089620027206 0.6813700097082767 0.725951466467688 0.6997363648060161 0.7118467471102421 0.7249469230882979 0.7569068499362656 0.764008863227521 0.7291964165797146 0.7405395080647157 0.7204826471069764 0.7665595053770324 0.8240699763130779 0.8630968586290002 0.8812337292535011 0.9031534956014967 0.8762752336978622 0.8276645431203054 0.8138280462936811 0.8370622351250071 0.8275970017499812 0.8338405868575629 0.7954117671634692 0.7793484112122554 0.7882176533085534 0.7892131687609479 0.8210664770176809 0.7956401646606469 0.725091884731213 0.6988346295805357
0.6982402776521252 0.7240556270626718 0.7086835664172207 0.6977074325158806 0.6612443514425748 0.63328730811934 0.6303968975943325 0.622385344061504 0.588928731311208 0.5730818389660242 0.5607580164841044 0.5568181031449659 0.5971288084766762 0.6246097813447027 0.6874847691496142 0.72692190351634 0.7034681822444951 0.707203041922466 0.693027459838669 0.7128462255571794 0.7278556857216636 0.7044618573212432 0.676307835505026 0.7226145597819491 0.727625172104822 0.7838498984178741 0.8362799418326201 0.8755782531145414 0.8815235888578817 0.8348577216967706 0.842464844552296 0.8581198431804741 0.8555599978329679 0.8679701792554487 0.8507831482286693 0.7893840575442179 0.7857445044578883 0.8047519020629268 0.7845783475227814 0.8316815935235078 0.7935957413605021 0.7358803605284433 0.668571267257502
0.6656787968467418 0.6746797736635654 0.6841144515679404 0.6834950707669603 0.6301734497713657 0.6336876141773852 0.6149351562947718 0.5825708414834821 0.6058069062209402 0.5858122257964667 0.5684704557807572 0.5417420050155239 0.6066458155936372 0.6497623628190136 0.6817603589181706 0.7079404418843461 0.6975614147018779 0.6832802581859012 0.7051864424555937 0.6681049327525465 0.6822037985325845 0.6896682740474457 0.6793310598881103 0.6751735465762236 0.696847358238678 0.7641748250622256 0.8074610026720205 0.8281753456692971 0.8108376805746847 0.8289903128468031 0.8446256933748001 0.8619918970969801 0.8798224033386596 0.8512656564477709 0.8554253369436686 0.8329744959173839 0.7888202208954903 0.7544253216177124 0.7969865442226853 0.8211018191044117 0.7961321547009615 0.7040121124297674 0.6647033331121088
0.680995647078205 0.6981300251169728 0.6631717109776384 0.6596930971739653 0.6531219523574062 0.6227797948024604 0.621889882582497 0.6104332310817 0.5656870742847101 0.5867375728631907 0.5617061998581684 0.5696526899557178 0.6121282591979155 0.6668907509737899 0.6712727852363413 0.7027549802494567 0.7192344147957885 0.7253041634610394 0.6929222770109642 0.6604638667248731 0.6920169431652676 0.7272227878136527 0.7063227554293106 0.71547646442118 0.7288570099460279 0.7581678340759983 0.7540285695133175 0.8021497706612953 0.8068064386935704 0.8217295498135063 0.7908023980597061 0.8392176026742129 0.8396216207386242 0.8326818082562015 0.80123910847777 0.7853202257060407 0.802335182415171 0.7852286156131878 0.7974802335058112 0.8162847966157424 0.7693724874711821 0.7072314101893405 0.6847684475764474
0.6916059028487124 0.681094269060948 0.6206408677825223 0.5993845023802359 0.6054965222721473 0.5941712844774714 0.5977897381751621 0.5766584227423349 0.5725926516911775 0.5927231965027158 0.5951884900738719 0.5758663649519389 0.580350834863408 0.6326983170410121 0.663831990088492 0.6712337470545319 0.7199518981030738 0.707478270234609 0.6799993530313094 0.6929929434145785 0.7106396094688702 0.7120520637272291 0.6978517896986492 0.7400189465505063 0.7007818843897696 0.707693747852959 0.7810007948509814 0.7816203099060319 0.7996608175333831 0.7746088911475125 0.7767955093077978 0.8102145729981441 0.8237245888612589 0.8024631126545642 0.798968776229105 0.772869341055028 0.7518622238369438 0.7462382754105404 0.7631080901038934 0.7883516241192928 0.7529294545649218 0.6810066653501827 0.7117654409173144
0.6946795583285542 0.6435989025633329 0.6370465863989762 0.6036720056247369 0.6042299399480844 0.6318809809685731 0.6130664978133328 0.5825245258463707 0.5933812179841883 0.6069096312928948 0.6083975901486762 0.5634452570404826 0.5887992875742276 0.6455912918816621 0.6717193174001808 0.6831126046416628 0.7106634594360443 0.6746207307082992 0.6769714402796995 0.6985717419207035 0.6819273931313174 0.6723094511628815 0.71787259528113 0.7046303626691942 0.7155084039203191 0.7133752285609545 0.7705466135703316 0.7850148575675507 0.758060951313505 0.7834560541388609 0.7641616111334875 0.7772900056237277 0.7725014156561848 0.7744664253701752 0.7532539064422024 0.7784330571098629 0.7789621036289742 0.7627202276475471 0.7492536568789027 0.7809477710956502 0.7700101675973154 0.6995688227035489 0.6963080258938995
0.6613356950747766 0.6738606194703816 0.646586607649438 0.6216341470531147 0.637188579164985 0.6605016488507602 0.6388913150434314 0.6229590769030648 0.6087815868078621 0.5820558503927813 0.5872763848465177 0.5769625403963088 0.5674253485434879 0.6210521338573185 0.6308858263855236 0.6667246551844079 0.6788867925921944 0.7051912170416325 0.7144196643635488 0.7041952115652559 0.6923866120623696 0.6752328534142429 0.7152583340390786 0.7047889374461417 0.7130216590005931 0.73812920730388 0.7636408484144017 0.7615493466551013 0.7729131546686054 0.7298634626233607 0.7009656241433777 0.6900720213469045 0.712176277612357 0.7467782945554645 0.7511509246568574 0.7108377589024509 0.7688008685961593 0.792150354473479 0.7891950730748782 0.7808569670316396 0.7371418296674214 0.7227042625182805 0.719452051461271
0.6732316702333375 0.6826178570629171 0.6857655487471207 0.6683568046107228 0.6566685226271373 0.6557388010781615 0.6225544344306643 0.6128895632524439 0.6090377162817421 0.5537528258786011 0.5380296062780472 0.5786238318901178 0.5941841291163299 0.6221616638440743 0.6367274496381368 0.6530824042833062 0.7092803163585709 0.6731598063626654 0.6769208829501149 0.6748043068338118 0.6752086336998567 0.7028545704419253 0.7131104751546388 0.7222359734151815 0.7245942952551877 0.7624938108922589 0.7614799349109861 0.761080573353613 0.753003478681424 0.7462316450811296 0.6983496925660657 0.6742519694067629 0.7037271786617416 0.7374851266432214 0.7099889903312433 0.7510061692445316 0.7710427409456635 0.7595525089264963 0.7851282102399226 0.7397081029698978 0.7580491419969194 0.7085659579422255 0.7214844801212927
