Raster_benchmarking/continuous/raster-309.asc
NCOLS 100
NROWS 100
XLLCORNER 1743168.0739449887
YLLCORNER 5469280.562148673
CELLSIZE 10
NODATA_VALUE -9999
[rows 57 to 75 of 100, columns 43 to 85 of 100]
0.3829536422059039 0.36776648198452955 0.36266574775949423 0.3494954602541737 0.4114225790055453 0.40216445548137203 0.38367691210897403 0.3661519822188548 0.39241734253349153 0.4374700647056761 0.4624703648735352 0.4596054789077246 0.491630706876536 0.5058350844836942 0.5722408093703917 0.5736223513212458 0.6711854704364058 0.6868997304942074 0.6459710331587478 0.6595689901925795 0.6481775923592072 0.6804582609298907 0.6524924156222798 0.599185464715309 0.649482527887175 0.7363051158157862 0.7282929531040713 0.7046164769464757 0.74166402852766 0.7548129861021062 0.6754252864134535 0.647019612775933 0.6816227161658917 0.6281004221487219 0.6313215181428461 0.6832200940218783 0.6434194864340209 0.6248153371606219 0.6600331971437225 0.7619356922142121 0.7705087912614373 0.7644595543728037 0.7255623850364264
0.3642135733067057 0.39487949097780006 0.38694988883297754 0.3569635473132928 0.3955008563235268 0.3942565179745866 0.346661258526526 0.4119951627157179 0.39157219507469726 0.42804957144179856 0.44375811129889897 0.452356668278277 0.47012460370589115 0.5169537428446049 0.5692556420214764 0.5528178750936151 0.6155040421966909 0.643524483326126 0.6251655834098937 0.6806189907913605 0.6743336387726362 0.6401627715350298 0.6045538751009024 0.6331746889552661 0.6327555013346597 0.6957939020600059 0.6839981326915329 0.655158373982981 0.6437363976584991 0.6936000063299863 0.6407568560726417 0.6526707986545224 0.6403533627117777 0.6179511942913022 0.5646473445010712 0.5864956416583115 0.6384274207588682 0.6692472408619421 0.6715267990416494 0.7033062303987829 0.7249459822452223 0.7478432651155357 0.6874559762905795
0.4210118519523341 0.3609412426840095 0.3858912817331802 0.3565138619450208 0.3300049978810688 0.3673685725876209 0.3550168117462771 0.38836327115626046 0.4137531728520778 0.3740080305106757 0.40052768768749547 0.3844173174252905 0.4714933787557813 0.527071409864547 0.5509494125914965 0.544685766618716 0.6165974359017667 0.6736640813719283 0.6573449641752316 0.6178958345726019 0.5919503719684164 0.583900181948063 0.5563309809130128 0.5840442195724079 0.6289077526700972 0.6909289606701137 0.6353526147366725 0.6085334646776036 0.6089817131517572 0.6299645903112557 0.61177363540777 0.6401422134833598 0.5949220408918777 0.5255075513123085 0.5174901208803581 0.5614904804367243 0.5604953576538237 0.5877099226110961 0.6511597908093826 0.6051471136165285 0.6228126390245383 0.6711159576832937 0.6295446339943593
0.3995127150672703 0.34213742545976256 0.3236560393181813 0.3263095372471507 0.35953341040070463 0.3991647117720341 0.3876362432515413 0.35217897074446086 0.35529855514403597 0.3971612568022072 0.36860845496546024 0.4065207987836261 0.4949799756269742 0.5348393377828624 0.5646493073082751 0.6055376415752225 0.5960030607598565 0.6193423997734048 0.6268559376499953 0.6147737874976071 0.6255010119700462 0.6398653842708407 0.5927922983067003 0.5843623037342316 0.6362331837750075 0.6491463533693387 0.6075238972729634 0.6372339342362957 0.6192632579095068 0.5898969169435762 0.5804351081637477 0.6246744080181877 0.6048775610082922 0.5752572020794053 0.5757185124191027 0.5589148482932123 0.6014397621768685 0.5600346640095967 0.614628449755646 0.6017666230831131 0.5945650460623484 0.6026334448047145 0.5992570276950486
0.3797929246832226 0.3744481370492763 0.38489949335717594 0.3201688290466563 0.3726045577762598 0.4346226949941754 0.4129834086002393 0.3769572544587779 0.3554222454586988 0.38906102612235705 0.38868586299170893 0.41750694041461794 0.5328033454961496 0.5806876062911344 0.5914486346258845 0.6353926672702849 0.5871907461723084 0.5959580896387737 0.6052093302330908 0.671957258391612 0.6312063910193075 0.672817917406342 0.6228960741815386 0.645439893290897 0.6107362726906952 0.6487394373839023 0.6272695694869375 0.5765117252567453 0.5636791485463747 0.5365526225600835 0.5686382320716552 0.586986625031341 0.604816439905006 0.5781871775015008 0.5697351980456458 0.5307711686066275 0.5964496931992261 0.5747309004905349 0.5605072547887812 0.5682683387479233 0.6261458662437221 0.5898866679277981 0.5950928834501076
0.37509094344007154 0.3824676580381669 0.3711781072345786 0.355981208576579 0.4306889797614301 0.46064977327889034 0.4201322537807153 0.3546051457327546 0.4088388739066155 0.3643179639427229 0.39761816511522036 0.44407339228438725 0.5494683430235763 0.5981651548946306 0.6051754513598988 0.5988310564046551 0.6026455880623486 0.5957164150171393 0.6273032127836407 0.6070293127068334 0.5988427446065945 0.6074539693248882 0.6463235632633304 0.5894177862072308 0.6099526087887478 0.5766998170040926 0.5861119310649335 0.5987400065464406 0.5374684904580947 0.5601238786852888 0.5384114003992424 0.5441195174140805 0.540832494054873 0.5466254746374457 0.5172748024841234 0.5300502860834073 0.59027378610949 0.581433029850891 0.589617128185276 0.5919138891186764 0.613339329795508 0.6350059418822305 0.5825628533730325
0.4124277468739356 0.29346948311935817 0.3177465821086728 0.3793720387077705 0.40943305093315685 0.4365720200559265 0.4151838666954113 0.340907915428537 0.4078377849553716 0.41107472139060763 0.412126588012711 0.4703812847008877 0.5606469603423012 0.5954001841221647 0.5892457330530966 0.6265908307648752 0.6111156530442955 0.6087539888812522 0.6235044487863258 0.5763098837777451 0.6123450283548911 0.6218909773093237 0.6004166959325071 0.556609920305764 0.5523487072097635 0.5429768932971355 0.587548041929159 0.5781810527742011 0.5206628872917429 0.5454641672900642 0.577554786206852 0.5562114236204867 0.5049925615491765 0.5099978066321578 0.5369177480727584 0.6057649922208488 0.5843763454266927 0.6180291991463904 0.6070187955573182 0.6006131410853971 0.5878348624133468 0.6190968214321999 0.6015803002216413
0.3766752486353444 0.38234994842134495 0.3429851812959525 0.35257765946180464 0.39545015299437747 0.40913148960301654 0.40326171458721916 0.4126631170537228 0.41596692485146636 0.44485689453672506 0.47181295722758776 0.4788467261738576 0.5291752850849037 0.5756180657810281 0.587217305630861 0.5725901744370239 0.5533860191204513 0.5720964364471246 0.6039146227484238 0.61023229207364 0.5563850620883845 0.5711408899574416 0.5076461526148383 0.5019262264828716 0.49913516023373655 0.5425295619043738 0.5753155409288705 0.6005689102448138 0.5534993208439523 0.5637656441073718 0.5449986034986084 0.4952447527347229 0.5118665251997737 0.5200394051079622 0.5480577711923198 0.5570086489323225 0.5691495125950035 0.6109368321869969 0.5620199881330794 0.5448803322164654 0.5524906990961589 0.597453672250956 0.5477395443785034
0.4035791992561912 0.3668149663843635 0.41461102370859493 0.37709310777848926 0.39620748475787876 0.38407328437967075 0.4184183144914246 0.38572966217894306 0.4436820101039133 0.4317026007469479 0.4212859695317638 0.46087823611590095 0.49776057820285474 0.5755424711062107 0.5713396581606505 0.4926789810235455 0.5240457101086891 0.5143792809599582 0.568514254735589 0.5817363909057215 0.5123302849389063 0.5336976859224851 0.5055731403896483 0.47604783210541735 0.48241134012752657 0.5031056582641059 0.5489185118505265 0.5770652834724406 0.5155736226297634 0.5522984699535466 0.5465778641477657 0.45962502968638136 0.5006533656829518 0.49975221449994306 0.4621752556414111 0.5014778059773874 0.5448206824185243 0.5525329025167596 0.5254876079530072 0.5268853292811998 0.5471591753056722 0.5628625094522016 0.5378176351864998
0.4147955199789295 0.43139842310189025 0.4369447685128025 0.4014634113454503 0.4427098006199513 0.45654026951449284 0.42058204110858427 0.3618434403197796 0.4025045904675316 0.418650743851054 0.4780062381037711 0.5079992600135887 0.5626826532972848 0.5808183229451325 0.5011061791678513 0.5190639240904931 0.4779703858227075 0.5114908385119971 0.5220886817674298 0.520934525669619 0.5329240280085981 0.47855254740336567 0.436214567601153 0.4730825842147746 0.4662290633382719 0.4696107767008374 0.5339810696622679 0.5113895153929793 0.5096600157245834 0.48474587066626035 0.4744771681014728 0.4150816504910415 0.4215322641564721 0.37525517520728296 0.42179015700175687 0.45574538418633925 0.4485174074546124 0.46778823677378245 0.5010500984573556 0.49102264584031186 0.5556793688389362 0.5162346350147057 0.5003235181746117
0.4341696022476943 0.44500178062876616 0.48749244073121295 0.419443444012731 0.4686993539631643 0.45219229927559396 0.45090915280468274 0.39743683067475133 0.4428088181427014 0.48732092913950154 0.473103946357161 0.5392137178641163 0.5855328109621883 0.5563049556639533 0.5402961992847609 0.4890519484102679 0.44042929295641225 0.4734824485597238 0.5094995316624492 0.4546001690595852 0.48370283330883146 0.4409702305207353 0.41631120194534676 0.41779814967680995 0.44273147749820346 0.49409019259199105 0.510990648736802 0.48310820138186816 0.49291882632076056 0.5104525179640991 0.4359068106853089 0.4408794971477547 0.3388719160247652 0.2881889585472734 0.41082514666585473 0.41697571116112175 0.4364042181239599 0.37841480034954156 0.4187198974133439 0.5135814130867826 0.4746163957219753 0.48462324040494625 0.5130506088112213
0.5297314844163659 0.5274912892401602 0.5067718702314626 0.5078118211203174 0.4710247783848321 0.44336741134309626 0.41542381454033944 0.4766919384938337 0.47277301284117434 0.47195817329432493 0.5298647145187834 0.5231364087251483 0.5536126294042862 0.5221201866112366 0.5010075066125665 0.4562846234504823 0.45542449399254625 0.4684721211867928 0.45209796547143916 0.46180094029890767 0.44431358498011564 0.38093745558006054 0.4071567388385894 0.4506845849572268 0.47803753684423145 0.4378442400074799 0.41392882501118183 0.42175276606028755 0.4115845675408179 0.39731649015387305 0.41648811842533734 0.3385831175894992 0.3139396583052143 0.29596348891780166 0.35932297699838023 0.3972395605635236 0.35515770090805343 0.37085631181043627 0.40650654752040133 0.4624417212856461 0.414461312888372 0.4437420654039663 0.47719173144206933
0.5799934848793683 0.5882899802618228 0.5380659291745564 0.5410289738171712 0.5269692663919409 0.4374772809450438 0.45209865528813076 0.46288130640795405 0.5199428204239738 0.5125805056787647 0.4901341441820718 0.48424760559756025 0.48136196178023305 0.4845011425857109 0.43160078932663865 0.38440372085895413 0.37973834076872853 0.44781044009980747 0.4652749320036023 0.4462263814743717 0.4529917545292451 0.38928156789692225 0.4364805297676549 0.464827684827432 0.4504129836254316 0.4425363525659322 0.40113103395171296 0.38710481096457944 0.3748426516993034 0.3119024345716683 0.33142542306924666 0.269697101190954 0.26365570531419763 0.25624983543724694 0.29036764921357744 0.36272327146777367 0.34628364219831176 0.4143547931813971 0.36347725192796565 0.4102618462023096 0.43273050593756834 0.38619076886849807 0.4531149474986032
0.5566544197894607 0.573249982137469 0.5996282561701437 0.6027695183962025 0.5647050920835871 0.5206437284626874 0.48052471860471907 0.5092546389281628 0.5191863605359724 0.5253772640979997 0.5296871817630308 0.500976999981652 0.45040354683122485 0.4547588128047877 0.38669982650363455 0.37947955472167916 0.33771413046658066 0.336652690648656 0.39665424989746545 0.3785336150214854 0.3930441305106855 0.3820478610460589 0.4537322094920637 0.4345885269980093 0.4733079783163066 0.45099402628906016 0.42556443575125624 0.34075824843014463 0.30704746196150157 0.2658466505755517 0.3018557402803064 0.2854990817826051 0.27580807248126143 0.2712724188086268 0.2590115700776078 0.31361223483076234 0.35271320589785826 0.3601733041071834 0.3658564707508092 0.34562257452241507 0.3784598128827036 0.3915695079738192 0.39593114008584424
0.5793101170472515 0.6050029307809061 0.5733721226176325 0.6258225649992453 0.5463410188283404 0.5066393159832422 0.5098359725822278 0.48908506258629053 0.5342962706399599 0.6294424972096716 0.541641454160217 0.4783707334835459 0.4720328473954876 0.45267142246326164 0.36957657876496364 0.33586699745779774 0.28979263003360717 0.3199284003984037 0.349338116120337 0.3901874682263808 0.34858964797043496 0.41769475855878974 0.4412284340822997 0.4649489285825101 0.4524657535147563 0.49811178643106463 0.39467545063292336 0.37125215779165455 0.35681914993688035 0.2875308192735251 0.3154303157015351 0.3170049709676336 0.24272412483729947 0.17216526097578047 0.18629017579137258 0.250178163427888 0.3080913582997398 0.3469518381841646 0.3393054308159467 0.2771151750219043 0.33048499390056196 0.2889887843934919 0.3675244045933198
0.6466810182680133 0.6240660626531617 0.6112086971349995 0.5833036932332621 0.5592775557762468 0.5526745910496091 0.49327639830777137 0.5512948207075214 0.5927212823026612 0.5900105852777153 0.5887292446013962 0.5195440626213037 0.48328174531430956 0.4186295825742427 0.3585908449543299 0.324874926178028 0.31741371304614957 0.3538596749189998 0.3205298908563101 0.37144733566930427 0.3464806457661056 0.363848195989418 0.4191199879168926 0.4160876613883604 0.43439812431294667 0.43392081295658225 0.4018496746782746 0.37502459050489095 0.40261911692879343 0.3898623712088681 0.3425620840383396 0.3306671661436812 0.23404985376424695 0.18379892492260605 0.16877956448398598 0.23585057572501225 0.291524171507589 0.2678589635847567 0.32073660991135755 0.32488542570214746 0.24765178673447716 0.2640899591364365 0.3211283116109048
0.60709763834407 0.6332184920254779 0.6137591638510026 0.619899397044227 0.5629095245382694 0.5124687985818358 0.5070673490959985 0.5605569999311129 0.6231981527198119 0.6289361101622966 0.5606274018520063 0.5241803011749557 0.4968612213932832 0.4188279551003176 0.3534288074090259 0.3574534906861403 0.3678229839685555 0.3407206607993589 0.35704597234348007 0.343539637842604 0.3466338164309341 0.3447071573693769 0.401451834814891 0.4044421599820133 0.39289402232476156 0.42623099461249364 0.44329402678577556 0.4243514574720299 0.4394522937227853 0.3782041572502419 0.3830447777528071 0.32280576966469543 0.29666126544514226 0.1856073937410491 0.1868088017797945 0.21035620894641993 0.21505703913214783 0.270507925134884 0.3007792156811043 0.3087615433241264 0.2141899554433114 0.23809621626160218 0.3161724569671673
0.6308557014823631 0.6055100587514269 0.6040482265810883 0.5984786614547235 0.5817051602555086 0.5893646521609279 0.5728979225905991 0.6062601079884704 0.6036698611129765 0.6403587600890904 0.5706968662691172 0.5131265066424405 0.4722357896555683 0.4229689909621087 0.36010197949078304 0.4030288229475412 0.3956287979921395 0.3913578444559094 0.42018304275620244 0.3872488246851272 0.3786633442016315 0.3707223023049433 0.39331048367197696 0.433238830843673 0.4276401116661824 0.4238684522887934 0.39863434107188517 0.3725942495688722 0.39443013783444925 0.369605622394685 0.3601687646931255 0.3261817930204129 0.29627084141711824 0.26563165163101676 0.2412411776841855 0.22787180895771772 0.20777514714789264 0.20483786501514326 0.17784291718125178 0.19034700303904145 0.2189699275959513 0.2075412942172536 0.3101343878933587
0.5988002640466845 0.5749739983246366 0.6230316439767662 0.6325029014862275 0.5798093468737664 0.5977490835441879 0.6346018278628024 0.6393489506141928 0.5697505406957031 0.6017455243569159 0.5450984704209333 0.44999588038155364 0.4340509546205837 0.3675832033649629 0.3246125420661557 0.35446973501584605 0.4016398913669621 0.45614587268623474 0.4326433300329789 0.39220670146206327 0.40339086055552315 0.41939200786792574 0.3962275184220829 0.4247466940174993 0.3728372199251424 0.355536397047361 0.31988675331853617 0.3365401556308401 0.3605625184834528 0.2986525008800108 0.27826705065101337 0.30652020210516767 0.2993487904991409 0.28060272069621645 0.22398115923339781 0.14389200621141096 0.20025671494189765 0.13287497081840519 0.12534069940417056 0.1320540467169434 0.20590728636196814 0.2049446785561252 0.3010131896804434
