Raster_benchmarking/continuous/raster-236.asc
NCOLS 100
NROWS 100
XLLCORNER 1743153.6423229529
YLLCORNER 5469287.372608468
CELLSIZE 10
NODATA_VALUE -9999
[rows 0 to 18 of 100, columns 43 to 85 of 100]
0.7799355311792763 0.804920208820766 0.81006657777236 0.8377077754334176 0.8240969853456459 0.8626573218112811 0.8446465685684097 0.8268347006413929 0.836157495122778 0.8516649877775093 0.8948577212584846 0.9129549288342581 0.8997361403862024 0.8347815217206814 0.8649671339654792 0.8205955030486844 0.840085244016607 0.8920721216857241 0.8972925996850284 0.8883668807819181 0.8921461223614824 0.9033007888485305 0.9272819905194056 0.9210803631214501 0.9407034710579052 0.9162897035223573 0.9216675296215484 0.9077754536832155 0.936037836882139 0.9002806662368227 0.8872125143595735 0.8381632483415005 0.8529038646305375 0.8023920371653342 0.8074209899151482 0.7983228584514233 0.8182912133303781 0.8393260530015758 0.9078696286394943 0.8469808984121318 0.8257061098896 0.7693288738514075 0.742414406069145
0.7621131335844805 0.7581348706390362 0.7866262562199398 0.8464415370031462 0.8528278580942026 0.8020788190419549 0.8323590456384982 0.8385149664375755 0.8628734405751083 0.8974352820804922 0.836330595909792 0.8647829894407357 0.877429462152909 0.8586859089014006 0.7980151936808823 0.7757102906573523 0.8575359799304292 0.8857621886288655 0.9242899175987517 0.91245572189811 0.8911684359331717 0.9411978707894179 0.9136770577807162 0.9908666916582973 0.9652984691432254 0.9017441979746255 0.9502923650726048 0.9709810798689745 0.9127475103244518 0.9384524363112722 0.8889010361868436 0.868860255364899 0.8567504719673453 0.8446274090125155 0.7842187375148768 0.7739634780029879 0.7866522370311969 0.889958934694142 0.870593248592067 0.8894633192288662 0.8673930386896244 0.7973009750793668 0.7923798779200533
0.7242594838965737 0.6999318857922361 0.7408826516470511 0.8086516888951434 0.8224058973597351 0.8165656255422633 0.7780763723817287 0.8216786322877686 0.7940236403010785 0.8529365783595987 0.7971852334784771 0.8060195788016439 0.8092798609581132 0.7842894093280443 0.7866619616599946 0.8136808215571782 0.8573828491821138 0.8558405363430712 0.8810268757183273 0.8534791608243179 0.9047073736105825 0.9320206446832432 0.9210348065492079 0.9380893119838558 0.9590951589865014 0.9433055073913185 0.9742452628530802 0.9146334909308467 0.878612452647723 0.8474179042098097 0.8880827348884301 0.848965204333767 0.8213107081572781 0.8259999405739703 0.7942100970370835 0.7578176555617615 0.7968878808021247 0.8759779728570802 0.8941397924875708 0.8542644175833837 0.8369010888458899 0.816420874846792 0.7963956998049223
0.6715798837434654 0.6646288044206757 0.6884074351777889 0.6897386810323898 0.7480310119740107 0.8294973329077555 0.790800364970894 0.7686217581658691 0.7691811153000305 0.7894866878692748 0.7826531523513772 0.7602574799325478 0.7651354969126144 0.8027958142844749 0.7869079881534377 0.8194144087303284 0.8250853336291643 0.8311748157331069 0.8602515538171467 0.8198011346155998 0.8579217286035759 0.9031441282646596 0.9065895968487436 0.9772036382643302 0.9991738621024567 0.9932051130176518 0.9322164335392166 0.9112991470029947 0.8775535872306087 0.8197086096776224 0.823277661032973 0.8650576007625768 0.8487041143974222 0.8373450881773563 0.784648791335243 0.7936940374540512 0.7975490649528704 0.8356987341000457 0.8855985804301445 0.8846439937672794 0.8463929138878792 0.8359723272921018 0.8159839969537719
0.6189447086308275 0.6596618355424885 0.6720099879489284 0.7069883306738125 0.6846814305380249 0.7120634351069765 0.7360866285687355 0.7764202793059928 0.7950656990113658 0.8365202340713495 0.8239680641436715 0.8083800327106568 0.7773594092332378 0.7572652263747028 0.7832040810042228 0.8289502023550881 0.830188208322106 0.8539242578604299 0.8387855989275125 0.8640784129259641 0.8542468840252891 0.9011756054666265 0.9348021622871534 0.9325835187211831 0.9475773123553912 0.9093273412878321 0.8686594558832254 0.8850788799309217 0.861743185581584 0.8217030799141685 0.8117959532529303 0.8198943550782537 0.82471943512793 0.80329404982851 0.8020602542760931 0.7907928013465001 0.80308653553602 0.7873432116051484 0.8319858380103934 0.7992128215947149 0.7968162710497864 0.7855775424473397 0.7632737949920971
0.560444624395988 0.5958007090823128 0.658540622228755 0.6494217236358837 0.6668086077751514 0.7066498169468581 0.7239673797908828 0.7719373568513793 0.7809510428055764 0.8254322951144928 0.8262766580978425 0.8150681601432294 0.7705116046937907 0.7451343830136359 0.7788979541306782 0.803422027893692 0.8202668405561262 0.8446193417401375 0.8438666617688065 0.8489419252733179 0.8818273493629971 0.9405820045963087 0.9728721518300577 1.0 0.9179191051648374 0.8834330775578443 0.8574099338555576 0.8168086157468312 0.8504256463400188 0.8634646810058301 0.8393983063913852 0.7836244159119244 0.836854514058723 0.8416104724353657 0.7848153801396958 0.8170008203386983 0.7820473151062187 0.8081495386680361 0.8490968789761522 0.8129202325006646 0.7705538807739332 0.7670413934105538 0.7421837008677854
0.5710440278004439 0.6243170069242777 0.6385037655311363 0.6319895497234105 0.683612035528304 0.7264984961325213 0.7557011262493709 0.8121508282313977 0.7966801614316048 0.7730243341657368 0.7851452710358535 0.7769432567097859 0.7648049679537059 0.7347449261363236 0.7820374417405891 0.795374402793812 0.8272006455274517 0.8278561477364508 0.8811210249500591 0.8786438830319537 0.8779778952465619 0.8768685800818234 0.9376188912563912 0.9571609812268282 0.9094201905433598 0.8921847753080923 0.8457297568469058 0.8076466997501709 0.855749389974489 0.8701039254979709 0.8233994044157444 0.7818782381093151 0.8228709873472053 0.7761956027947191 0.7780082454928537 0.8011980802848316 0.7754616689652237 0.789670115033965 0.8104909660771419 0.7806014816118321 0.7537496624370552 0.7807639780479801 0.7803015565348134
0.5377403068258069 0.590731220985911 0.5844695203360595 0.6385814553002471 0.6866817412449268 0.7142409632085216 0.7555717606907777 0.7919304552829227 0.7809874002201594 0.7781223501310147 0.7540677298821848 0.6965728036522364 0.7070051532826926 0.6888292972498248 0.7245289107744938 0.8185696853761576 0.8361826895566041 0.8501255540741421 0.8713584457238512 0.9148628020678299 0.8887805635176651 0.8658025128706418 0.9410312226243867 0.9356799974101092 0.8777754848686599 0.8928491209748699 0.8571033375199187 0.8134536095169641 0.7945614107775936 0.8033551478918352 0.8421384810145199 0.8048149174424929 0.820105618231925 0.7654040789450454 0.7908199366172326 0.7872315229145129 0.773587673776971 0.7860974643131811 0.7660577983706179 0.7114230790080591 0.7344723469905955 0.7669986980005958 0.7369946836019365
0.5603821023649896 0.5934029368142735 0.5588348356986518 0.6148863994469809 0.6071459004133045 0.6277111651458572 0.6849205317495529 0.7662966251448039 0.7695109277333175 0.7190418540224481 0.737267663919179 0.6905365419684728 0.6603748558211803 0.7279896552794278 0.7457523721922108 0.7456796291140756 0.7945454655680072 0.8002791316487015 0.8453506882181995 0.8597604559359727 0.9097012816885053 0.9004894272135082 0.8928363430765547 0.8488426250209453 0.8514128923205808 0.8269501774143858 0.8583536112967511 0.8628456414916239 0.8233378719281393 0.839040541228006 0.80055334324081 0.8132205723248707 0.8254098265183814 0.8090586880577115 0.745505949281463 0.7582733999938748 0.7350853666352661 0.7552528107695295 0.7000589746471066 0.6848573135104427 0.7018563216947258 0.7163774663242669 0.7268652278319077
0.5294485679883087 0.5916862214223532 0.559979325216197 0.5454356325627613 0.5916537480005118 0.6285443510451001 0.6733580430803094 0.708076510424544 0.7098909228917705 0.7285057331948953 0.6786417755815985 0.6165304012545946 0.6326465614702603 0.7056937242580892 0.712074037969384 0.7085043959494125 0.778185643505658 0.7780631594717055 0.8043919983458426 0.8634958725770596 0.8678336202322641 0.87296555297995 0.8285469855797073 0.833303032271271 0.8162368045895682 0.7996793144410332 0.8526619698481713 0.853388983689418 0.8382665555804375 0.8179126907442335 0.8501377568176655 0.8559185934453336 0.8561533874822537 0.7888358975139248 0.7490183574724412 0.7716678187961028 0.74398051736158 0.7123450151755654 0.6927815494415699 0.6562401301747489 0.6680920351707518 0.7189499426425746 0.7116088278347712
0.5135952587056365 0.5194723550050663 0.5091208341621346 0.5216213733319914 0.5383431089423811 0.5468088513423924 0.5825876032413866 0.6498645766198186 0.6895635353170301 0.7023428653225328 0.6836551013654868 0.6479908962191889 0.6668121329581511 0.7060818702965503 0.6884251437878219 0.7393810203520951 0.7703870693650141 0.7804016475463909 0.7747340495127728 0.7802444383035618 0.8178200308167217 0.8035752425701276 0.7997388871417567 0.78212431125245 0.7870209927618753 0.8162354666942601 0.8397393598362197 0.8470174145093601 0.8622561629216549 0.8241626118715573 0.8238630370660985 0.8234454052992435 0.8170387051641026 0.7956621682031874 0.7846454367871569 0.7432787807827069 0.7640530022324639 0.7029034889407174 0.7108513491120968 0.6719695280257741 0.6807395719934964 0.6651167784007159 0.7191151665124841
0.5110895832739345 0.509104691173204 0.5009890622225722 0.4901752711164337 0.5100286354731607 0.5195085062885498 0.5701282876664918 0.601374145646569 0.6123504144628171 0.6640421566486355 0.6664976724408258 0.610820934723047 0.6204674626792926 0.6829628490589408 0.710032944263375 0.7366844333739837 0.7533459393472832 0.7370866043310085 0.7573115991451811 0.7561968606350143 0.7809142130553202 0.7116868706451652 0.7658230665482868 0.7657071203790549 0.7354190333767183 0.7927962286470936 0.8033465787563792 0.8235865768842882 0.8389690630400115 0.8640254275297511 0.8200575274883236 0.7688701928156522 0.7905504879844792 0.7478777135305114 0.7326713198588696 0.7019648372006501 0.704589460105413 0.749946935662989 0.6888750411182714 0.6965386176893565 0.6553363714186496 0.6395643022080618 0.7239311653163799
0.5097367601402907 0.4805561906695377 0.47789151239658556 0.5108858592778152 0.4965313992727975 0.529510150184474 0.5518162402850376 0.5820575428023059 0.6189571642907997 0.5856149102902164 0.6041229343592114 0.6328869620433372 0.607559276966975 0.670761936538857 0.6980313861668145 0.7256178886838035 0.6812413559976048 0.6857461003462718 0.6816421856393665 0.7279412627912126 0.7194377503656764 0.7065468201857051 0.7255529898385432 0.7145012992845697 0.7301130790412 0.767434765334637 0.7500691828132917 0.7667468012219444 0.8169295453133607 0.8598855896273727 0.8092844819620036 0.8111935931536683 0.7720253900630882 0.7679788069792551 0.7364928941285218 0.7023417205392276 0.7348068570876145 0.7608319948337172 0.7008832207456623 0.7160556743756772 0.7215616147875762 0.6960273872471734 0.698549487863718
0.5349924088929991 0.5353531897350011 0.4886904245396359 0.501310991861538 0.48169699872686955 0.4957170532476579 0.5187416323680882 0.5357701787279213 0.6130015563178812 0.5896283350484542 0.604345617668673 0.5901661580903482 0.6130919981748019 0.6504891778548878 0.6304717818596328 0.6632920518773324 0.6941808415467988 0.700923731886783 0.6660298282477044 0.6576858995878639 0.6821714505429239 0.6566998247969688 0.7084611453757567 0.7234377897669052 0.7508907497334352 0.7086565308271073 0.7707594628993177 0.789058475633101 0.8277392979488203 0.8155094715165342 0.8101866350886184 0.7922765389221655 0.8046103649954431 0.7092250756053275 0.7091606049981234 0.7327028154060651 0.7387845241615196 0.7468267794417311 0.7009526479957261 0.7291950206844023 0.7110886733838407 0.6921458192433066 0.6572812008304323
0.5428428412788517 0.5652803848862095 0.5161771762892436 0.4997186424011482 0.49356537132925304 0.5480415831157027 0.5299708521855422 0.5304351097635447 0.5793442402129078 0.5639927074016036 0.6217942477471154 0.6288666775778816 0.6164716188944303 0.6286622332404012 0.6398011132052053 0.6101502978417563 0.6262178786472751 0.6186794326980997 0.6210105487840258 0.594756891909607 0.6184937868994926 0.6777808375666949 0.6595609500031023 0.6767231718081012 0.7265395858091667 0.7570241416587349 0.7735847334273463 0.8108129480857231 0.8064873752290829 0.8039850645234411 0.7717712908964284 0.8004745296388522 0.8121448899396769 0.7496128348741002 0.7318949178924327 0.7397826340209488 0.7554346712916613 0.7121140767241247 0.7401498296439909 0.7171017770291734 0.6773597953230888 0.6810735341751584 0.701334004070438
0.5721309513906332 0.5535645380571937 0.5164043225387654 0.55452601264478 0.5139981545134021 0.5532297713931534 0.5533328891311509 0.5123825869390798 0.5648914960417575 0.5868308454033477 0.6330761290716135 0.6361603960188601 0.623758271787496 0.6603869099767616 0.6289661670829076 0.6215074249132125 0.6378633216009036 0.5933493100002933 0.5785385079854459 0.6058288110490914 0.5990026383853135 0.6663741535452187 0.6814228726748722 0.7054502190950788 0.7043070318603754 0.7091273967652569 0.7577264994637525 0.7747243902099289 0.7850143472105924 0.7609787979325756 0.7868408620399379 0.8366992489602247 0.7837901842503869 0.7764046999628778 0.778752263935649 0.7533980010689867 0.7598700342939447 0.7415149457711644 0.74621254910986 0.7062167347627198 0.6955985859912436 0.6815648074781526 0.7357323004867669
0.5367342826280709 0.5104113913758123 0.5150694887524201 0.5268850691498328 0.5426586116827588 0.5619487804103813 0.5499843318622123 0.5470728668540912 0.5728836497217241 0.5772720317180453 0.5912842019214931 0.5972257931926648 0.6209625409237793 0.607998915886531 0.6210465860995219 0.6341886967207635 0.6177911092304272 0.6436291397172985 0.5926563652773291 0.5798352603697696 0.6061271394368547 0.6908501346908041 0.7201736653464876 0.7067255012871068 0.7563590662935474 0.7106521468954987 0.7426598349149238 0.7895181149792205 0.7619968281160473 0.7545044080640028 0.7833398642659586 0.8256241027678651 0.7989138191534294 0.7744135322475885 0.745575232906345 0.7059556412680967 0.723821692986047 0.7654216446770904 0.7586759599664429 0.7064937567217944 0.7079841210764446 0.7281763326545436 0.7046187198985238
0.5548993346626376 0.5622532380294627 0.5577310661709287 0.4875268050760089 0.5330017423160666 0.5186338265779618 0.5363702145563649 0.5285791423508471 0.5577350337283777 0.5356661317502176 0.5651934029310508 0.5332744129716769 0.5454219627100236 0.5673376990751682 0.61268088074746 0.6480856510940274 0.6010909319976853 0.6370499543720168 0.5627244747321845 0.5836917525335374 0.6212925140335331 0.6623496280579464 0.6843518526833827 0.7192552092000589 0.7095378777302223 0.7628372971880919 0.7660389830375622 0.7667931388913442 0.7373169377577585 0.7428006803700538 0.7352015125918963 0.7995601244100222 0.7565232319288111 0.757790503576185 0.7677675993594214 0.7316458036778728 0.7403902901017713 0.7692010993617913 0.7574514209188979 0.7721895677580779 0.7374585127677884 0.7407270144120333 0.6910292411786302
0.6045765381865046 0.5925465256484824 0.5606513265156531 0.5492934506261951 0.5042615347272189 0.517256157743034 0.5180179436295541 0.5442662486853915 0.5273542544196443 0.5558394805121042 0.5321904559656316 0.5662933435771038 0.5623541862257947 0.5585840914697487 0.6028195379866113 0.5968781355413935 0.5872864970366074 0.5755142802017909 0.570655736911224 0.5728056630574248 0.6172589963076529 0.6549694961512558 0.6563709638288401 0.63552683710117 0.6883123184764535 0.6629860085197303 0.6957463120473836 0.7067380927309345 0.7289420168023217 0.7160418515738876 0.7253245807666713 0.723507191063529 0.7165416606107352 0.6811669585258778 0.7164553170253779 0.7008282342679021 0.6962836097716882 0.7571029737497079 0.7705864993547652 0.7375287147393715 0.6972808703078884 0.7366244457101235 0.6803789698684887
