Raster_benchmarking/continuous/raster-472.asc
NCOLS 100
NROWS 100
XLLCORNER 1743163.0607788942
YLLCORNER 5469287.490325547
CELLSIZE 10
NODATA_VALUE -9999
[rows 0 to 18 of 100, columns 0 to 42 of 100]
0.6809470912259052 0.7141627602350733 0.733287403511036 0.7377260050007913 0.7128838870016163 0.7310266283959267 0.7582724206804239 0.7826274351575812 0.7666691021621331 0.7698198126411451 0.8000219469347587 0.8310461038392796 0.8158996314490545 0.8907267870474852 0.9379635975562278 0.9217146742622957 0.9267705949250824 0.9844027849436114 0.9439324319165121 0.9163101980883247 0.8601064681192034 0.8073967223436866 0.8376242564715846 0.8123045006575617 0.8096479349182704 0.8462889536065675 0.8234134722467997 0.8074243297475513 0.8022361242499283 0.796131821327744 0.7631026959654306 0.824206369592593 0.8370380353632982 0.8637408910120589 0.8644549042531665 0.9016002079423078 0.8899360591226753 0.8714743021346195 0.8608272754487751 0.8573171651999403 0.8171122653783481 0.8265911081109897 0.8174630725266829
0.6917362094473973 0.6824521988230241 0.7606164270137681 0.7704564563877334 0.7448945932189737 0.7577690042578002 0.7437499841131013 0.7856474139418269 0.7935314068074919 0.8030605721771716 0.8004414083686874 0.7652857888918533 0.8134777465773418 0.8321129880566044 0.8666305378547914 0.8525490998721075 0.8702415212936482 0.9165576377933065 0.9000171349167434 0.8722855173915905 0.8416573109213363 0.8083343754569241 0.8422834911168195 0.8115473746290177 0.8332500082429564 0.8117303345682528 0.7812829260902048 0.8019348265583466 0.8180977535075141 0.8040273721506752 0.804460548653396 0.7918387887929763 0.8181779195726333 0.8975156217496634 0.8979106041502828 0.8905915947247873 0.8797263711223817 0.9140665274614993 0.8891695819491843 0.8673117960449981 0.8493600573409983 0.844034265614687 0.7911677625710111
0.696678981505087 0.7419156847860022 0.7411519683470995 0.7619498854772475 0.7460551088663034 0.7719682806789602 0.7529369761413448 0.7133931981301346 0.7243581364062768 0.7121992411851604 0.7383365949635391 0.7359665762527903 0.7508067228237455 0.7516304045204778 0.7732781632412613 0.8050020138776417 0.850504456393709 0.842190497888934 0.81370595113823 0.8292897867098056 0.8383098554037419 0.8224453958702622 0.8130941368073097 0.8007626206065219 0.8294179518367361 0.8023050962810595 0.7995740593063513 0.8212581896529876 0.8120708588893779 0.782785983263096 0.7845525565081938 0.7805007790402214 0.8115493984057137 0.8834593072231063 0.8550341426574465 0.8486838681040599 0.8551291218025582 0.8732594854831527 0.8883305568244043 0.8337861422236313 0.8212971670265408 0.8428158344441502 0.784961402982722
0.70712690080376 0.761279347664796 0.7692980837107848 0.7493088234932387 0.7122076512887136 0.7621214996923643 0.7327449148310703 0.7184909434917137 0.7220981021012166 0.7086453274585327 0.7015622455126858 0.6913648804478697 0.7440272780579694 0.7410157019368241 0.7566355122648363 0.7909503667817623 0.7736713861480679 0.7710399993351151 0.7729236380458775 0.7780615832330091 0.8279281530641519 0.8666060229225608 0.788134086760892 0.7772301142851249 0.8143571720915532 0.7974385894759682 0.8263207436268847 0.8128205427499765 0.8130758826126948 0.8035099141065511 0.7692134427802139 0.7715660835099922 0.7755611448562517 0.8422888318754844 0.863909492304026 0.8558877191092357 0.8159230440420088 0.8089274059679323 0.8395591748576817 0.8438017639038801 0.7907885680587001 0.7963844016922147 0.7714913183516133
0.6994377272270855 0.736705277693212 0.7425538910922106 0.753568420495332 0.7086358869822166 0.7019180165157344 0.7373550495537488 0.7151356733143546 0.7133313376474829 0.7443518218378795 0.7306635589356852 0.710103248548547 0.7059893169489241 0.7196661381358543 0.7212922419193704 0.7394859721518708 0.7747384330506513 0.7583699176783859 0.7538862217892207 0.7729516851190557 0.8049597442202986 0.8088325081570675 0.7948863434548289 0.7772263444584103 0.8047438854551705 0.7905777620788044 0.8301228077747349 0.8046804328231714 0.7942419192700333 0.8094082018178994 0.7851047820527004 0.755924227778039 0.7707889313024633 0.8006053332899109 0.7851471601247261 0.7940317306520639 0.7845153395277219 0.7818975313277692 0.7874736159330938 0.8059383602058673 0.7790064694565857 0.7062310335034658 0.6823269545080225
0.7080528545839345 0.7607588581042704 0.7571564100577133 0.7499012455185781 0.6777469209936265 0.6985117632319815 0.6875191018733152 0.7127096073615767 0.7276892611446731 0.7781957514699462 0.7696067892806432 0.7631811011853983 0.7639436614765954 0.7119932600746588 0.7513265256847439 0.7515255095077891 0.774513744744655 0.7690922043198469 0.7661862941642718 0.7621120210352015 0.7898837530641384 0.7676243493674132 0.8019090383491143 0.8427842612621672 0.8337174459964528 0.8106953325030931 0.8220707152999902 0.7780058286067983 0.7814702720551905 0.754685462375652 0.7451625629720963 0.7171401463303537 0.7185884891587586 0.7703895003474874 0.7649091524949573 0.745445908189333 0.7594522208115273 0.7400859577479375 0.7385298258678447 0.7562626712575856 0.736706542311154 0.6691712402802038 0.6685437432228618
0.6971372588634923 0.6738444128900472 0.6950651188515368 0.6946772327695775 0.6729315335562619 0.6757576727956986 0.7062505825911105 0.6757444423790677 0.6908286321427003 0.7373892960745845 0.7652929774194014 0.7330082607295691 0.7550621674845143 0.6962473931166846 0.7183876495436965 0.7295079259024146 0.7586783404729829 0.7168812785450644 0.7246387644639422 0.7711516617928071 0.7500508818048185 0.7680696561072716 0.7664311755417313 0.7900434133918208 0.7853803708972824 0.7699378428591827 0.7731970772418726 0.768244570919065 0.7090189657434547 0.7246091551824179 0.6958237423844355 0.7160000072467362 0.6952893842855776 0.7173406889666387 0.7677482918429075 0.768355692664358 0.7437370477896804 0.7843348203195399 0.7543048661035976 0.7289307755527131 0.684902542067414 0.7069654770884061 0.6877458601374198
0.6902314059733515 0.6694018254259091 0.6590212829354037 0.6716085238856285 0.705071843790459 0.6736718895731699 0.684958572660187 0.657696514742729 0.6846144500474397 0.738789814841858 0.7176407689839062 0.7194240539026676 0.7257629107575725 0.6988599498071327 0.7383827749828582 0.7504273005006581 0.7114043868718332 0.6831747358434889 0.7084616580662081 0.7408529725578298 0.7190659224523436 0.7186184435771866 0.7156231427682028 0.7173990619017511 0.800363564780865 0.7996065848710138 0.7440639319748454 0.7110366571587957 0.7356420511240098 0.7042585930413706 0.7139459775606526 0.7247608629447287 0.6987237371995214 0.6871479553944201 0.7508114158167633 0.770871466206991 0.7402767000013291 0.7767737769932649 0.7925755969414663 0.7627284389398781 0.7257878786656791 0.6695636058558029 0.6707236237168764
0.6984790249366974 0.6944447271780565 0.7054524393275718 0.6881181265849646 0.7156092302893166 0.6934863244918155 0.6813841310174966 0.6975438202312827 0.7159384026699788 0.7062661620452392 0.7246526574590147 0.7178391675687689 0.7080762604292778 0.712071071995751 0.6793013332837059 0.696630891675749 0.7148296215747851 0.684399608553346 0.684622932381115 0.7213411318351823 0.7060395086469614 0.7059431015457486 0.7111419166625995 0.7085863997111862 0.7814377004905567 0.7806131323015307 0.7630298156477792 0.7491060788051582 0.718512569192473 0.7272895977043584 0.7348935933616755 0.6795294061801012 0.7005258554121877 0.6796134204113596 0.7015450722663544 0.7212068265379197 0.7640375590195806 0.7879343138627389 0.756709158998204 0.7195378155600541 0.6937093182955858 0.6867094420843405 0.6898739073691645
0.714207598340477 0.7702858169939124 0.7613582105213392 0.7361868669803724 0.6883968194503756 0.6882854181765137 0.7113000944029836 0.6828820439621821 0.7221867391298031 0.6619497857484774 0.7184064736544128 0.6724861546500666 0.6722491378824049 0.6850611636917499 0.6863008384997743 0.7040767845684686 0.7005624471109644 0.6719758569347917 0.713413238287602 0.7055819987380006 0.7171951502977525 0.7461568708004934 0.7112268485891341 0.7212324367955639 0.7906793180775817 0.8163904365569701 0.7782013797111857 0.7751325130682785 0.7751623319960323 0.7737857009800571 0.7170314795721079 0.6840056224120892 0.7368579362558827 0.7356993726630277 0.7410994410356218 0.7301667941912748 0.7438794433781135 0.7636893495379701 0.7365249396969065 0.700995074099667 0.6696043079747497 0.6395143093593751 0.6936201060823597
0.7918963999117549 0.7924566274181798 0.76477972468 0.7604378985441143 0.7100572075961082 0.7179858694263801 0.7035201080142219 0.6929752126530305 0.7161765770747347 0.7332241662595911 0.7124903351881011 0.6630699907215509 0.6724228475611173 0.6672736872357895 0.6455548343854158 0.6884371968586898 0.6939173930373801 0.6796398176055918 0.6888927537640054 0.7534956276001186 0.7641349603026262 0.7261156733272298 0.7151693639777228 0.7746824941852307 0.7951029056778814 0.8229642356649995 0.7769830795541065 0.780611074441979 0.7586228728801877 0.793986620799332 0.758935710936411 0.7626324514783593 0.7245103415580517 0.7029262828749455 0.7410471729485366 0.7316533599123629 0.6887841951636302 0.7284896721539491 0.7031029948206386 0.6433117751652501 0.6203988015211054 0.6285735565083539 0.6729382259248441
0.75345186797123 0.7531349844498261 0.7362371654089089 0.7441695440052174 0.7348426417127161 0.7669655421383774 0.7017671201764959 0.7052798600131897 0.7336360258884713 0.7318573699659464 0.6954800843376865 0.6985520383101852 0.6771280274616857 0.6352952876727526 0.6597532781205413 0.662383236310305 0.6825387683035476 0.7213253122316632 0.763057927425012 0.7741969943505161 0.759886191390776 0.7114512880854267 0.698889948225419 0.7409594793289253 0.7306474122878318 0.7896988097086891 0.8227794943634613 0.8033796634760816 0.7849864062840209 0.7665111738910179 0.7699413549197273 0.7708201490529725 0.7418501578376655 0.7265991885636007 0.7317698304411865 0.7297189816087543 0.714060326979132 0.6572247966430634 0.6802570493076255 0.6145051726775652 0.6210051588373592 0.6087844006638008 0.663674932758103
0.7787073651920171 0.7494324768206518 0.754104702196098 0.7655855780614562 0.7501896132201229 0.725869598878198 0.7321919045786555 0.6769589410787096 0.7020685027734394 0.7281731433626394 0.7119380767487977 0.6914617487467597 0.7360812747131545 0.6823861504806905 0.700948516390298 0.7207564121592674 0.6840784621081719 0.7475025338620171 0.740091090294854 0.7872460840917863 0.7347263676484055 0.7417152058234678 0.750375822642275 0.7354119942267533 0.721255474709506 0.7790839032540668 0.7940908738988 0.777293187905939 0.7570724287016719 0.7507639664660344 0.737231541965851 0.761114934187927 0.74834246597398 0.6890031263405577 0.7046441834407589 0.7036614303616534 0.6748509648722405 0.6492005982873313 0.6506582436907914 0.6117230352639667 0.583843208753204 0.633718241044646 0.6355009731469
0.7978929788322413 0.7795136064301201 0.7712233098006334 0.7615368884882605 0.7306077419900405 0.7453802325194944 0.7021889745993943 0.6884376187515905 0.6672358236132434 0.7045844962979043 0.7136512350813705 0.7382817511630856 0.745592814820522 0.7472644356990922 0.7246984957963236 0.7334426354827347 0.72071581697654 0.7397580228644202 0.7806438461674142 0.7926057716934287 0.7763885243210795 0.7736117213789105 0.7299293226826137 0.7316150860636366 0.7608048164860386 0.7398366593690752 0.7941077092113812 0.7877833625266455 0.7229627124220765 0.698455088194792 0.7406530061713991 0.7046495050765331 0.6942570661294333 0.7003020355698025 0.7399372896512355 0.7184579618998022 0.7065623821017462 0.7069904834211045 0.6656727610566973 0.6229478275694074 0.6291275158420683 0.5982602207812725 0.6472426173054902
0.7873345671161142 0.77142882440715 0.7590381360572529 0.7805612398300313 0.7379779476050025 0.7095777922676492 0.7193268579261072 0.6835840358860584 0.6851969998256667 0.7326247954098019 0.7200911696278703 0.7232326037926666 0.7648637120751369 0.7496220963651529 0.7345911967721283 0.7401240299018531 0.74326680338332 0.7649768137118045 0.7654849797738856 0.7675796012699069 0.805377875152057 0.7667454051708028 0.7707474057069414 0.7778407361410552 0.7525409972669366 0.8030988642635 0.8003158187856824 0.8007470350300974 0.7608423200394264 0.7312090564692383 0.7191774351707458 0.739618989980789 0.718108093704178 0.7244615725057462 0.7213330674157027 0.6876518006247082 0.7294187122504355 0.6839203958969866 0.6876279627591709 0.6794794239361054 0.666707394537634 0.6433540446524509 0.6535438400058408
0.8191681035690155 0.7835311774332704 0.7963920483203524 0.7936743539381418 0.7805694367853617 0.7170441283309048 0.7397076446274509 0.7132564834816143 0.6949320073716312 0.7325979143592102 0.7348379191862638 0.7342229253627134 0.7366142081086899 0.732847373018531 0.7289397123973773 0.752836004130867 0.7134598968940425 0.7464885301299 0.7602448749546495 0.7647169360652943 0.8084095714116548 0.7945889430183756 0.7799107723737682 0.7902608048841764 0.7477794026565246 0.8018638700237585 0.7488007937812413 0.7799487604504329 0.7243119736557115 0.7206458355677107 0.7464821112445087 0.7599214012408808 0.749817196106281 0.7901566404223312 0.7248785381077623 0.6944420660100281 0.7018706604111686 0.6913247440605907 0.6890318062877215 0.6961014287447936 0.7013367854917362 0.692812672141441 0.6752128161056501
0.7850283512508379 0.7542447621487806 0.7904679431079922 0.7890308516983014 0.7704819120176802 0.7432667054521264 0.7852347990839852 0.7339973144488067 0.7523879960800377 0.7609902149966352 0.7666075609296747 0.7710676668299491 0.744924554179086 0.7083107324254352 0.706816821389304 0.7409888697709005 0.7104887819108985 0.7131145459212967 0.734783836049709 0.7431174718215676 0.7973870275407476 0.8088332050566124 0.7589101686500077 0.7433343536586794 0.7441498235819942 0.7402163590360316 0.7264896949746341 0.7585960314670555 0.743158399235516 0.7612002007781973 0.7338881190684761 0.7442354884913324 0.7672119147976875 0.7756116993409949 0.7414293156143605 0.7012845584458138 0.6546570867654508 0.6920986484408354 0.670865194504464 0.6774322371229539 0.6704528245102558 0.6272825139126204 0.63458739794252
0.7444222219635462 0.7235847411152356 0.7670187643504877 0.7683891989700142 0.7584668208086344 0.8130657287966141 0.7803735290212985 0.778474589432522 0.7828106450015005 0.7476759779996939 0.7528665881637459 0.7495102314929589 0.7559591701516352 0.7071291680131814 0.7523645787738948 0.7217634831817501 0.6992160366454943 0.6952999156441169 0.7482240909296409 0.7671458565378944 0.726409084985838 0.7590579386732641 0.7654100983491905 0.7108601562621273 0.7359145078855595 0.7278347276394986 0.6647280994866719 0.6664966720420775 0.7029809282158513 0.7249306478825923 0.7381052493634008 0.7164484048739136 0.7610018579723593 0.7724630817282138 0.6970089041178952 0.6560506422946534 0.6341797459781282 0.6553875419918508 0.6655125567442494 0.6472073864102847 0.6014091579550618 0.5694654808764634 0.5630209499274794
0.7415640279999299 0.7441398215451492 0.7043409738031491 0.7529553823217464 0.7416107649610585 0.7970197666496707 0.7855023804864736 0.8155555803938209 0.8111474578582749 0.824173943937931 0.7694493686682055 0.7815471350860034 0.7703646109268197 0.7248381284118083 0.7530551132260931 0.7252762791614845 0.7211443195445654 0.7207672970364959 0.7393720150015349 0.7119837359027792 0.7090186706481375 0.7266187089029236 0.7318274588191319 0.7187264637796271 0.7205660572685643 0.6881077535464911 0.6543140330195691 0.6533161571632743 0.6718138154644097 0.6969334835450116 0.7064729369928888 0.7230444578127377 0.6894644306752495 0.6856774026479999 0.6861672296943778 0.6746034441652727 0.6099563234421861 0.6345725592816321 0.5985621560712355 0.628541163427634 0.5982047538543858 0.5569038965834612 0.5371970679678286
