Raster_benchmarking/continuous/raster-358.asc
NCOLS 100
NROWS 100
XLLCORNER 1743153.5405702803
YLLCORNER 5469285.141225947
CELLSIZE 10
NODATA_VALUE -9999
[rows 38 to 56 of 100, columns 0 to 42 of 100]
0.7830332651560472 0.8274839313820592 0.8313446615041546 0.8459056359736725 0.8637749861556993 0.8435821485384807 0.8625922178975266 0.8590272352547588 0.8522160122514372 0.8215249699481652 0.8343652817405606 0.8077088869238571 0.8381383939798894 0.827920790237655 0.8596624550833976 0.888144952908886 0.8954185777298663 0.9531939516149328 0.9578656915103851 0.9405528378134786 0.9320095801720178 0.9053168051312012 0.8536908666285058 0.8380611054457922 0.8515144255286179 0.8139336157493777 0.8268686764063199 0.8393493707293842 0.8003204918383182 0.7883189179176593 0.7776930925190579 0.7439115201589419 0.7395348022855754 0.7287931535361953 0.7168319834347296 0.6869545442241956 0.6889815504298371 0.6943651044288268 0.6998195562069791 0.7143173144050353 0.7010613597098451 0.6835404657664146 0.7113435286878339
0.7507410338675933 0.7985647991633683 0.7919065339148118 0.8172574136160963 0.8565526759837221 0.8663954314038299 0.8510460148592468 0.8468210803885953 0.8183039024941384 0.8310481838123025 0.8202030924186796 0.8080956010218394 0.8062880441495854 0.842052060128102 0.8478674459307546 0.8872515807965117 0.9090350079234136 0.9627908427730261 0.9696146224990113 1.0 0.9651285482220752 0.9148698056294078 0.8645353955762101 0.8672340621472793 0.8421824099850415 0.8412478693869901 0.8167844153796366 0.8337788744637834 0.7939747162095869 0.8070560966720114 0.7873516909040913 0.7594686791475324 0.7662441278538835 0.7313906873205976 0.7266395289018001 0.6896836141153313 0.704738916867895 0.7140318800124098 0.6949423756946316 0.6746719932111976 0.7102365382326236 0.6946387065891688 0.6991792219484103
0.7606194082132637 0.7667602488200878 0.7981760518984924 0.8163990994091429 0.8194140939847859 0.8286408240204031 0.8524738324385952 0.8257191923247056 0.8226200607505504 0.8119832821396499 0.8051647522722665 0.7752281311307784 0.7897101242949924 0.8247418915566029 0.8436760809285505 0.8538155264671005 0.9211208228917913 0.9231876588695732 0.9555775058669648 0.967240411736424 0.9477660126446388 0.905642593884933 0.902665159591391 0.888283488124497 0.8383326811359841 0.813624451549062 0.8304557706142557 0.8314338791968411 0.8073338466567647 0.8093084482074677 0.8011323440042445 0.7891122956457639 0.7711759880327537 0.7223859250996331 0.7308906530734276 0.7142288278882951 0.7169840144511641 0.7004544133197682 0.7092971411345982 0.6860515229970039 0.7000263112305466 0.7043108306452337 0.6868232661626844
0.7580265299173771 0.7923955087205397 0.8238386063553582 0.8184031227010435 0.820888215923489 0.8299692487002 0.8294707139273306 0.8169836871923754 0.7895760608765218 0.7833472104081808 0.7637220558365796 0.7751562464288531 0.7824717977336143 0.8127522873089157 0.8141752939546401 0.837510820411949 0.903548095343416 0.9165532699524155 0.9178348081544424 0.9409892568311793 0.9094813723705005 0.8752241700467719 0.8799491559291984 0.8750663766247252 0.8676693337221129 0.8221701750463738 0.8081316706886617 0.7919372757554265 0.793516148838201 0.810634732097884 0.8150561482618117 0.7891399309006618 0.7669994362398777 0.7399882205448914 0.7128887463698903 0.7397856192514073 0.7077551007574134 0.6996556076546212 0.6762378646986228 0.6898852098733915 0.7057994131072926 0.7116392395748175 0.689731171703693
0.7477949615238834 0.7950004157144512 0.8071650260551791 0.8154725708933781 0.818917489666925 0.7921270819941805 0.7888035863061467 0.7794174308395697 0.7439660488340228 0.7675570448834089 0.7539930153837962 0.7694166550811853 0.7710374687440605 0.8044762103441065 0.8127988270713677 0.8369065866883 0.8650191512455577 0.9061483799212661 0.9034049805530845 0.8865706251213983 0.8776708427973196 0.8746242559736963 0.8734108431303602 0.8555274570667778 0.8566057512544716 0.8282807852190937 0.8087612776962089 0.7949265966646607 0.8224659020975057 0.7840626418479626 0.777383756840669 0.7490498681082584 0.7353943014308829 0.7406236710264166 0.7231362613810727 0.7028821456821065 0.6936559912993038 0.7013396586073567 0.6768100548897045 0.686657018554435 0.6916373626348056 0.6808236235536461 0.6892108927671409
0.7492068632542199 0.7705799983711771 0.7860814350190539 0.804466865228791 0.8043771839389887 0.7843418247865117 0.7463001709746108 0.7210281962406325 0.7548214288635456 0.7332183298645774 0.7417309191348915 0.7407489846355363 0.7774094567476336 0.7957257668586011 0.8023379486828374 0.8584803290493496 0.8519325271998791 0.862694037719406 0.8512676470318654 0.8536749747799567 0.8680180093181025 0.883861935558747 0.8748597630903608 0.8923167622428864 0.8582956584015031 0.8390700314427849 0.8468130620325585 0.8281987625322723 0.8126996375523258 0.7991705067215235 0.7695512161769278 0.7551243129452775 0.7610527011425054 0.7362055057308929 0.7096894337367353 0.7063206953561411 0.7125912246586357 0.689905799777707 0.6622256401483267 0.6723017474690092 0.6662051836193631 0.6759627858898406 0.6714615706080181
0.7368987630339536 0.7424412006221227 0.7617858590318761 0.7543448617836906 0.7569941598305013 0.761458780962009 0.7516846263627249 0.7688825876206081 0.7584156117673408 0.744285677907895 0.7476367164176824 0.7604609066845383 0.7662135308352536 0.7795150839704261 0.788069308579901 0.8035393563724009 0.7970696860868162 0.8232672861623526 0.8164094364981165 0.8320385085060789 0.8161819847091584 0.8345722650169031 0.8436634633902149 0.8397489386049393 0.8330340838340742 0.8283991189099685 0.8359892614259444 0.8162307325545106 0.8008096811429437 0.8044482730957786 0.7939965123128447 0.7672859780204431 0.74748834587552 0.7249489527132861 0.7211587870714016 0.7188477948331302 0.6959400346161823 0.6533860723602538 0.6578173983412632 0.6572845649894147 0.6276968978665675 0.6348841288003572 0.6555503887738797
0.7610546167625049 0.7522447218659789 0.7409321569285441 0.7458637137137816 0.7557412277173629 0.7545846791366018 0.742844143257559 0.7605982846872779 0.7506693990750102 0.736726030368243 0.739429566370572 0.7503230627270014 0.7433586026450633 0.7548874999573453 0.7730369928070641 0.7778285676620837 0.7569011118649789 0.7661180917618894 0.7697611517263927 0.7958609128301133 0.7875338453115759 0.7970168950236436 0.8186498165410143 0.8267007005274867 0.8321354605292983 0.8367316095903249 0.8522576128439366 0.85375612515302 0.801275795463066 0.7952103839617063 0.7834036365326014 0.7542802300658671 0.7316076497595504 0.7362151452318837 0.7040011228751821 0.7080819482501206 0.6590221611474965 0.6406981734077871 0.6506466608874614 0.6394721851102393 0.6347525937058255 0.6034757170132796 0.6213462790629242
0.753723893511809 0.7692934156242281 0.7582925017558526 0.7255145835378983 0.729980703245549 0.7192722097451121 0.7391549086632092 0.7244287842265227 0.7276841940997435 0.7305452367922146 0.7064168557960185 0.7297347852402072 0.7029900411653625 0.709292298533645 0.7413161540007198 0.7613146857540959 0.7601680456637779 0.7480887070383632 0.7400484801909112 0.7475570559879324 0.7431352368450658 0.743702554786457 0.7572223449395181 0.7798921097707917 0.79586907829219 0.8022326133468821 0.8250290201695683 0.8528348877355829 0.8217630639089016 0.7823620466145822 0.7757357854402636 0.749702382576867 0.7593876981571573 0.7222096289984428 0.6887545445245035 0.6795403551285412 0.6748920888983059 0.6721799986925716 0.6276706930074452 0.6218449676884751 0.6268918984362694 0.6169604952950197 0.6040660155740438
0.7541025437712316 0.7426673678851099 0.7275243228765828 0.7220130375463745 0.7371176653439829 0.7353180517986123 0.714128340012512 0.7326720525504965 0.6973704230419782 0.6800736670560393 0.6959151366016848 0.6853401674655113 0.6643412068621701 0.6759965806652948 0.684752192266769 0.7144537085060374 0.7342938358662445 0.7276624667282398 0.7332866427154349 0.7093204434052642 0.71882578786805 0.7404631173026518 0.7272776247739592 0.7354939931322539 0.7651827104425387 0.8087038630957012 0.8406632997841808 0.8317845742381421 0.8029891246682844 0.7722493294070182 0.8002294016673691 0.7879330912696187 0.7461054283465801 0.6966203572326243 0.7031803589469602 0.664729833386497 0.6788633187410845 0.6668460195354522 0.6169934724981062 0.5713092179383118 0.6168637588680691 0.6107952267788828 0.6061714705608655
0.7026050792522467 0.6902698694349467 0.6850561436207458 0.6814585780101563 0.6839494889975339 0.7144719049927543 0.7268062011126551 0.6946572673068203 0.6695025003493628 0.6519577567177136 0.678104793288682 0.6830025852245836 0.6605496278868365 0.6799307806334002 0.6805272015488482 0.6989392223046768 0.702098817995561 0.6907778132807083 0.6945863060324248 0.706167378895538 0.7067461349686505 0.7174027337640745 0.7550763407755042 0.7574297627275801 0.7566211700760382 0.7749147906038708 0.8193101913946382 0.8088029998181157 0.7839167283164098 0.7729617252846922 0.791765103533271 0.7637174398343425 0.7420568045471432 0.7152605162275292 0.6905327345411363 0.6778954329128687 0.672391929752598 0.6465004351689662 0.6387763384787386 0.5980014397587321 0.5770909574410673 0.5998375842875611 0.6056554610251215
0.6592009514897472 0.654002046385902 0.6911028560029434 0.6817837939308438 0.681825787196954 0.6756448729900414 0.6722672206866506 0.6905029362752759 0.6886141728110963 0.6564834280474771 0.6801511317799208 0.6822762210318352 0.6700398564221757 0.6468168762756775 0.643693821497759 0.6556471964461309 0.6971901647416573 0.6931288318483325 0.682823084303009 0.7067719210468525 0.7023674776037825 0.732236161048337 0.760978428200704 0.740564449036856 0.7741195558869721 0.7792062603450063 0.7913113925045064 0.7761541065369214 0.7564171655550679 0.776475253617132 0.7651028558425966 0.7494780383870217 0.7243371490566199 0.6906426817001898 0.7120211618201299 0.6995632824434462 0.66240303064441 0.6568390265889228 0.6258840620346413 0.5861316470527163 0.5647201603333261 0.583798055135887 0.5980840247042352
0.6429045920664113 0.6390196853303574 0.6792622703508878 0.6898426260388495 0.6569327254020199 0.6537972961679163 0.6572433682244804 0.6623811218743944 0.6639454039198037 0.6598101410720482 0.6661980756691086 0.6731481638618597 0.6564741338376172 0.6469468179130061 0.6284126660596653 0.663632305806291 0.6842802294078731 0.6957875639676363 0.6976067008851586 0.6932586383430583 0.6976793357538671 0.7072777153250367 0.7364584412097985 0.7425229824830772 0.7368265411297081 0.777527852822749 0.7861619500396573 0.7623287005730371 0.7645773735811288 0.744550738080009 0.7643623642470124 0.7554597696104477 0.7034167286579686 0.7139176085400042 0.6994248917040178 0.6930836797376025 0.661398901440084 0.6335146145966913 0.624364929084626 0.5961866293031144 0.5797165126955227 0.5555297348801055 0.5578777067585151
0.6552179099228113 0.6561927692020013 0.666831012614388 0.6617349844416484 0.6405249497852998 0.6298913626136098 0.624960076799465 0.6118973074235667 0.6382787997868453 0.6281561891519664 0.6368843718495266 0.6529892839266044 0.6428516076243894 0.6470985569314293 0.6303796990499251 0.6308035002875824 0.6571897015451117 0.673760054959129 0.6697286420723775 0.6640194533254462 0.6762918538645338 0.7023289441105491 0.695059250030839 0.7208296947078624 0.7387582549327145 0.7787343366148357 0.7724166781437665 0.7943499022088661 0.7553239956854716 0.7448702266352885 0.7597755300959264 0.7267540913049448 0.6997249245645315 0.7062282493177615 0.6790983916649338 0.6912542527857244 0.6692182054621437 0.6428054116824475 0.6066059493199154 0.5902539731777562 0.588427320451813 0.5500708586391906 0.5408379790030617
0.6359318945016157 0.6254774200214333 0.6559376476890201 0.6409763735096662 0.6470821124739289 0.6115957143560697 0.6191262811215056 0.5950426655154254 0.6088088003422016 0.6308230299714359 0.6388363473682809 0.6359858596056737 0.6721886839699138 0.6591855929735198 0.6564219279758227 0.6574491662954108 0.6632876391092131 0.6435107096945696 0.660725632842466 0.6685915114056075 0.6814105971496307 0.6919835825464101 0.6914372212659142 0.7111773231048247 0.7061767179319828 0.7269141330376502 0.775992222569169 0.7881680317666562 0.7773080891064422 0.7650929661689385 0.758525643602354 0.7317001692128979 0.717270258968783 0.680538256681994 0.6481664525658841 0.6361114432197689 0.6456155976110842 0.6275617859279474 0.6194973039688952 0.5943975035285918 0.5834054512488496 0.5645562700873857 0.5604786138044184
0.6075467762353407 0.6354148803382106 0.6517032256680214 0.6479136515788786 0.6331750586575923 0.5785581954723283 0.5907577437936055 0.578354500090043 0.6156141595394237 0.6448864353627899 0.6338285550279215 0.6599515342002966 0.6896586266981163 0.6811175149090288 0.6700777620045062 0.6409086152600948 0.6324980368014584 0.6350610694170363 0.6481924774475728 0.6765831568009716 0.6655731963049805 0.6991042430860759 0.6653025520536133 0.6799241498135528 0.6850530637079109 0.6988142021219375 0.7313295915362211 0.7488718195124199 0.7497542717858289 0.7610434105404222 0.7445236385621298 0.7185986115584257 0.7001168598761405 0.6465972092114204 0.6279416988106737 0.6149054913800224 0.6264394077822919 0.6348963263413149 0.6080007224448611 0.5743881042461306 0.567110186150738 0.5394505334954831 0.5578788063210309
0.6052634907938934 0.6345362707590726 0.6336846818065366 0.6331101803574656 0.5897259089741838 0.5613232714998416 0.551002087095235 0.5602467585427207 0.5789921401945533 0.6142974281221716 0.6494274564771544 0.644426819472894 0.6645833712842967 0.6746533969440603 0.6641545839846853 0.658051008552207 0.6339788559511784 0.6421909809999827 0.6365360011559116 0.6544240089839697 0.6548215164367844 0.6753619904849332 0.6703501272630343 0.6768639383447422 0.6930520518613124 0.7211783018022189 0.7260565965411885 0.7434678444291146 0.73340732157194 0.720639795144015 0.7266876061459653 0.7015211782778071 0.6877083455189487 0.6509596419675039 0.649923350247493 0.598389406704519 0.5969454452943171 0.6192957584394249 0.6023187853433939 0.5615557306740163 0.567156883350261 0.5315151245295193 0.5364967043935885
0.5857464073802053 0.5798734520338416 0.5866471230189122 0.5899698523839352 0.5611667837527753 0.5348584462568899 0.5433172680699107 0.5461162788340536 0.562431845390795 0.575760521432403 0.6144938154507247 0.6658259618213598 0.6471969651790901 0.6441757825021018 0.6484423280146631 0.6571512123918163 0.660346235460434 0.6766895446468242 0.6335366959969277 0.6380481085054645 0.656416399397838 0.6221620886419971 0.6425517708562434 0.6655738381529634 0.6729959701598179 0.6957211641416063 0.7303468110479104 0.731655131261565 0.7293123835211265 0.721606757920929 0.7111994682015231 0.7032987713306632 0.6686246887818045 0.65403478326357 0.6490572418068641 0.6039857441422508 0.5984377162669101 0.5815825384477822 0.5619872494167428 0.5595723834796139 0.5531831168803703 0.5293703507938938 0.5328287604140522
0.5783975196615818 0.5885665804647268 0.5610844116714683 0.5715003905658559 0.5402910280702788 0.5340251358705219 0.5168059291087415 0.5167067277324576 0.5339137193764913 0.5872269333808948 0.5982528604268282 0.658738480288919 0.6578528441457018 0.6495620203503012 0.6442004417071054 0.6736840175087019 0.6654397053362955 0.6498033358006393 0.630982530785418 0.626253653654162 0.6360541768885271 0.6262837643360625 0.6284206431104501 0.6423922687494474 0.6682175141800896 0.6881723862518481 0.6856466409490676 0.7157957381697336 0.6905074719724872 0.6900589024086291 0.6842719061607421 0.7023531458444908 0.6900359465835469 0.6440541941463019 0.6472273618229497 0.622560540640855 0.6068081203156593 0.603624508770413 0.5714196744816145 0.5537326766240116 0.5650756611859324 0.5351251332532904 0.5059413602338391
