Raster_benchmarking/continuous/raster-274.asc
NCOLS 100
NROWS 100
XLLCORNER 1743153.104110421
YLLCORNER 5469277.489903877
CELLSIZE 10
NODATA_VALUE -9999
[rows 76 to 94 of 100, columns 43 to 85 of 100]
0.21039789384451887 0.23453843195661295 0.2258848801679115 0.2328878739618363 0.23813943110050234 0.28983415880544516 0.3001893871940469 0.303945425679186 0.3512244247910385 0.38596835917988387 0.4208437875650715 0.42074663095403453 0.381987179301431 0.3962788883322057 0.34106225743888563 0.34684980049298203 0.3613599724259437 0.43130525597785885 0.46717408278406425 0.4775100275432448 0.4389000581980386 0.42133893996677424 0.37375684569900375 0.42103990177277706 0.37726053600586734 0.40712950566980216 0.4172108545417669 0.39757753191057404 0.3756318609316595 0.4275061445443182 0.41112300029700316 0.43114802133358865 0.4710705700144022 0.4621991108362853 0.47186471510947 0.5308428071159539 0.5299986852106616 0.5590584923566496 0.5563122523098413 0.5471819772246966 0.5504604072649134 0.5787799574854857 0.603913701005116
0.180696137832992 0.2178834796071138 0.20261111794426134 0.2379084634289908 0.26727535524465273 0.3392421801277777 0.3671997650885414 0.34479162643407407 0.4129073901059604 0.38695160902461 0.4230578450213478 0.4047089510967051 0.35903258430970075 0.37422607765494237 0.3585644814335516 0.34818837205510783 0.36255458515579136 0.45469175514664606 0.4697813511356639 0.4949020946258267 0.4802787827869865 0.43658117803185303 0.4150011107706741 0.42707460913694306 0.370081007020598 0.3716389084070272 0.3794811947065766 0.3597347381090035 0.4041579183830251 0.39529850514508375 0.39495696140482306 0.4228718641292898 0.44760787308378724 0.45276379852509385 0.45206298575191284 0.532285810884446 0.5441230320612452 0.5471535175905816 0.5397897197535898 0.5350382083069697 0.5585700790216719 0.5822102948695307 0.5829049999078979
0.19184386480509974 0.2552594329421023 0.224802518664807 0.2767790507280709 0.30668081199794267 0.321849447843308 0.3769969395697602 0.4006650202818803 0.4546034688728217 0.4046214539303104 0.4325984651283609 0.43280225203516304 0.3992085068346127 0.3900768167202352 0.3763542811913725 0.3789481084284577 0.4083415450159386 0.4495079683772447 0.47944656353904824 0.4862775898289032 0.5059358167140988 0.4404588710193024 0.4223959917603587 0.39370084295637686 0.39862817776266307 0.39051703049505365 0.3454441033712498 0.36931571000401847 0.43140021073699497 0.4458523211392182 0.4160361362145592 0.45282413242040687 0.4684632481491389 0.48714450875798465 0.48085396649417017 0.5422624264228127 0.5832768643181904 0.5875235746975795 0.5772962388163276 0.5815547130730245 0.5228877379244204 0.5531048106821101 0.612853014111306
0.19642173220321438 0.24703521428057992 0.2771329602721978 0.2868262992844243 0.3311063293432397 0.3981704925708223 0.4235817949265823 0.4645583841605892 0.43348384183219263 0.46245540915402183 0.4351696280364678 0.42951532384903485 0.40646510599888513 0.43019280919576214 0.4300893248982845 0.44163364286853374 0.49774409187716545 0.5156726053257686 0.48333209367618835 0.46998485107675203 0.5108283601285628 0.4501369139869608 0.44263781736530156 0.434599092158926 0.4150872202815174 0.40569115698284 0.4110933369892443 0.4149742231068899 0.45483591343522783 0.425398050776533 0.46151918455441604 0.46072763969619923 0.5109622344246001 0.5034192440636995 0.536751176652381 0.5483029266996404 0.5912731766444278 0.5995573450247259 0.5675162235379302 0.5850749363248152 0.5528192881048879 0.5992776632207435 0.5961034465055153
0.19611941358089294 0.270040327129338 0.2565200530375287 0.3202010908175349 0.37394526883663187 0.3901532662496053 0.45618489394577166 0.4344859895034516 0.46384119817599523 0.43722621173140047 0.38508610649795944 0.3767755557482337 0.41416916244375546 0.4262180146361481 0.41977013311189715 0.4347631252655233 0.5288634925877157 0.5392629907474233 0.5189920380934702 0.5306743069854448 0.5112350618874189 0.4942654833958483 0.4862251441180345 0.47964116115848293 0.40625632886534446 0.384105237889921 0.43262865602030803 0.4430497349300857 0.4446666779121316 0.4141192232500554 0.4616216287546892 0.497108151540738 0.508620633428442 0.5040499284319744 0.48906553225553845 0.5262181364438743 0.5948099188253435 0.5792339226765584 0.623631196699059 0.6069984272524035 0.5654569038595447 0.609418037122892 0.6277860550362194
0.22868037661103885 0.24774330213687482 0.2779401591862893 0.3400223078307204 0.409636733144345 0.4324691432594068 0.4475745506855286 0.49215675284258975 0.5041936737184711 0.4527852694016946 0.4400636155724411 0.4094834128131347 0.4633861414298312 0.47479565464494955 0.44296776634431667 0.46334850332596433 0.4879933055497423 0.4874168856763294 0.5298570114390609 0.506450927592998 0.5179169748662298 0.542225157811344 0.5392862999344611 0.47874659687799886 0.4498187256223371 0.4215468279459859 0.4235107971540865 0.4318813170184065 0.43177515281486445 0.4429300914860708 0.4813979739823416 0.5169077764350248 0.5391834179027741 0.5271123755489193 0.5368600275955421 0.5905715754077486 0.6078783097196704 0.5915730436976634 0.6167376768375916 0.5906390242550998 0.6171615216789609 0.6057422238487289 0.6053015375232497
0.2490633184465903 0.2795034072871155 0.2711166640272794 0.350417286057022 0.3790076248102096 0.4147695589191275 0.44209731186229145 0.4456771574969794 0.4701214918937647 0.4674247673980817 0.42737958879106136 0.4173694826464507 0.4449111338000711 0.47181208747303904 0.5152833962793593 0.5152151877181481 0.49731294315470903 0.4907254710015242 0.5106308757696751 0.5210489856648046 0.511217414386686 0.5508820289999066 0.5691340787365733 0.5373306563101008 0.48276436311406873 0.4531291254633485 0.42587187680104654 0.40431253460951044 0.42813594627770946 0.43280410234216604 0.46284547728557723 0.5274955825793498 0.5994787225797771 0.577196786445752 0.6060332081003655 0.603949962262664 0.5622761672705878 0.5448772683656082 0.572327315019544 0.5964931310401737 0.5767310721961358 0.6262985704518159 0.6291952521548773
0.31482490329229 0.36786600117228446 0.3550298102044957 0.3513134128988785 0.38631448022470155 0.448621905180892 0.4266337666058659 0.4545352638378708 0.46278515077186044 0.47892621278792336 0.43940563272352956 0.4395718460161472 0.4760108057746715 0.5029263969489215 0.5223512988345215 0.5358817258224373 0.525099556949882 0.5141757325000385 0.5401369604608744 0.5107698700443162 0.49778636412365135 0.5570957499110364 0.5478741888407137 0.5331317021176093 0.5071240003770678 0.4649320421252546 0.4626038824834457 0.4323283197117801 0.5061521436777741 0.5245564101860254 0.5137387656528672 0.5842100446556086 0.6200934008410438 0.6368648333707074 0.6389624786252396 0.6445279331322877 0.6032447403436976 0.5761241548810491 0.5728509589753913 0.5615971123723605 0.5834951649416135 0.6439816512041903 0.6287872647372006
0.3849650989142473 0.37603128043153905 0.4268651131192013 0.39155792833007835 0.4439411347909329 0.463376565668705 0.47979150313353447 0.45636557987739496 0.505360436953202 0.5431010219723309 0.5354775664731388 0.5235312932393023 0.48041104138130714 0.4916941851693573 0.5376743180299031 0.5349943416668062 0.4692995393865459 0.4849986966408928 0.49221728960238154 0.5274018998762025 0.5129347888659122 0.5628865793735169 0.5022600000567815 0.5137736197969882 0.5367207667438263 0.47496915867623074 0.4538569399029881 0.47332689432841224 0.5571326463939033 0.5417897816222917 0.5803977384395509 0.6394019432678809 0.6286552580100211 0.6663575912249241 0.638510789323777 0.6515488879511284 0.6814086176577131 0.620760879919016 0.6036191446367589 0.601868180307689 0.5905815339480975 0.638543130612278 0.693129837556097
0.37490082244167017 0.4251596617706426 0.4086677294729423 0.4379094283316321 0.4592986313797068 0.46732172878854694 0.42786575901595647 0.45025810720021553 0.503110877095551 0.5427287596567115 0.5441218836115473 0.5170634440128214 0.5301037106883759 0.5148587942510149 0.5633267952088825 0.546740275021572 0.5294870632947981 0.5019865302370291 0.5208260851715326 0.5039120130281731 0.5558176864531262 0.5433687726354158 0.5547718290872443 0.5345886374551663 0.4991259913929324 0.5102082123435744 0.5297460771945359 0.5272230239524214 0.5907499965084851 0.6020387607255538 0.6187008540593707 0.6455400370456484 0.6598910401080006 0.703667119068467 0.6561656524905488 0.6579629883504405 0.6254331313909084 0.6131642456472676 0.6165390072047423 0.663611402698049 0.627514504314258 0.6916835061595434 0.7259168571111558
0.34583981212457937 0.4325600500332791 0.44705239030681654 0.4651040651444603 0.47976856464023987 0.4834181060278233 0.4294139386898638 0.4410184794405742 0.46401550683993853 0.5163820562484436 0.5292039821698153 0.4972782507628602 0.48666000012955996 0.5462010784343143 0.5426326979342231 0.507189118056481 0.4991999783844917 0.5038377726978855 0.5285185572316797 0.4845406324241984 0.5344178459339258 0.51700206483762 0.532741344301813 0.5128142531797775 0.49534890895105466 0.47634886712550584 0.49457047092255274 0.5621416509091629 0.6252368210293663 0.6270086912927095 0.7147123021651585 0.6968683200398055 0.7292289162910287 0.7538422204351654 0.7093738177473009 0.6539717286547599 0.6254975354032118 0.6551422505772075 0.6531361393175311 0.669045810876668 0.6855885552263444 0.7408577841968965 0.73773246453055
0.37197695495088645 0.42355669004459356 0.4138363369650582 0.4495079195852894 0.46782861091721184 0.48298373918252485 0.48844630738212386 0.443931465691183 0.48760518223781385 0.5119748677716653 0.4931333191890538 0.5215153312874022 0.5363287807258444 0.5647174912750037 0.5929512684313515 0.5431962161608631 0.5136471959119175 0.5106982470375969 0.5260067178848092 0.4998917319900865 0.5161119200043927 0.5445476669531407 0.5343250736432437 0.5285564796269089 0.5136369727984167 0.5112012423910294 0.5406898676472304 0.5794445217695315 0.6168438383629008 0.6393889573878693 0.736897516601718 0.7681196357965183 0.7712414124197391 0.751100500096916 0.7029454901280163 0.7215775776983686 0.7155957906710919 0.7065006769964758 0.7339113419569567 0.7166033485978806 0.7232926418500691 0.7228515264641393 0.7062234980395998
0.35478329070949943 0.3777528500566664 0.43683185054362694 0.43879727855648964 0.4431606459593034 0.4439297355830852 0.4882155526299909 0.5006329449781639 0.5022013022114697 0.48193546659190933 0.4665602875224857 0.5100894678971923 0.5833201201778431 0.5744876792767243 0.6201851849975614 0.604096240039545 0.5624029091874357 0.5753955349945046 0.5530854801589807 0.5192202838268346 0.4978729758960373 0.5140001535187654 0.5396723478778865 0.5848657297473376 0.5754493329686318 0.5572374270576875 0.5415208039781368 0.5952419135817731 0.6278337605677073 0.6887790153891861 0.7134248234237078 0.7287075663410698 0.77627530091286 0.7409945027677151 0.7224069443218983 0.6951331936137234 0.6917704207473534 0.7519026114312262 0.7279429862336788 0.728818685372646 0.7391014348285277 0.7167576711992181 0.714117686341973
0.3238832394616553 0.3727866396304158 0.3717325564073002 0.41741425339811145 0.459461871378265 0.442321674843311 0.4740669487404655 0.4939978735235264 0.4988091372600447 0.44874700987784055 0.44410715349639235 0.4792559209152263 0.553973202504431 0.5717410787362781 0.5791014914299506 0.5914021800034831 0.5853062844803038 0.5542339975344146 0.552099186372442 0.5511083122912365 0.5564859334235638 0.5699360747916793 0.5575877219125538 0.5603006833831071 0.6075334915052273 0.6173429041928366 0.6130163212378259 0.649586012551705 0.6740239889684323 0.7068313899658667 0.7287023453113649 0.7929968825878437 0.7837114064742299 0.7909123401459378 0.7399885411946633 0.7219374112640103 0.7643839113470613 0.7529794192967325 0.7424568702538646 0.7669157535494608 0.7663089371604913 0.7373661757721707 0.6936131093710488
0.36956550105158004 0.37795471491260885 0.36391603848781 0.42154843476502946 0.39574790598161913 0.4717675813094669 0.49171824823302535 0.5010257606003474 0.47945578148342843 0.47855049101033964 0.42571813681382353 0.518149550300956 0.5711205661251263 0.5586864770325533 0.6049787778697315 0.5637016440033243 0.5920249780548194 0.564603591875467 0.5547488628084533 0.5839873301559348 0.5742886296510628 0.5566257590907744 0.5406371516330416 0.5653423712497827 0.6019568709294544 0.6584313405142634 0.6681370639673364 0.6904647676404803 0.704615745460298 0.7371606828245114 0.8119767901293814 0.8315443247541064 0.8506054697707671 0.8431826799870692 0.7605366629915599 0.7500745021345596 0.7856330381851696 0.7451574468288547 0.7520691989218379 0.7500309294959071 0.7928853951145853 0.7581783035793734 0.7206957333527342
0.37537937262728427 0.3817620516046097 0.4175027960756139 0.45633679780967307 0.4449137352085184 0.4897894151978585 0.4523684154447375 0.48114500679487815 0.47039467253430944 0.4214616114216816 0.4640729193614169 0.46060194598155196 0.49388988476338586 0.5313570350229841 0.5355068171844118 0.5796990188732147 0.5701569130138513 0.5464695051229578 0.5012330820838019 0.5330606782672916 0.5493507397795313 0.5137299483476729 0.532650172595423 0.5378412454367273 0.559019503497388 0.6160066414469709 0.6790318166466056 0.6965489193092097 0.7414476847225601 0.7969042917387458 0.7881517315906044 0.840573475771994 0.8685374123583621 0.8491518031744621 0.801219792136972 0.7730177171218374 0.7792873737819401 0.8056398337316595 0.7521510640794729 0.8005098119074068 0.7854889486503316 0.7346917211138274 0.7355178168311843
0.42294981700370604 0.41035872147543134 0.4869801387323394 0.4805088609248711 0.5029069553155692 0.4889533065721188 0.4689616007245309 0.46303170327825444 0.40988640172853524 0.450535634810859 0.46837096655373495 0.4853568851834772 0.4699645594450661 0.5235865313944448 0.5344263578347114 0.5022923708799585 0.4949209817119286 0.5039599723142372 0.4623826412402767 0.49520334017846157 0.5210033759840488 0.5446919005091875 0.5322976284081248 0.56899702436214 0.5956928800799229 0.6013908563264512 0.6991028328188178 0.7208058824477336 0.7855176454494172 0.8019107017194395 0.8143367222982995 0.8661927068152012 0.8599620394030149 0.8572422761673182 0.824507312396971 0.8051312873042922 0.8289210760422933 0.7859077155290144 0.7592893947557656 0.7969389134168302 0.7583665687002885 0.7721428776311496 0.8040841277278562
0.47419019188995504 0.47534616610960073 0.49580486472930574 0.5362058299890072 0.5160198376409182 0.4513327711090568 0.44828154473229614 0.41350229622370294 0.44099366490919517 0.4218897158921088 0.46011599236225587 0.5030940545984955 0.4660787716822261 0.47163242833210306 0.5151278892747198 0.4979825776845338 0.5424074768370005 0.5314724633590715 0.47195111805971013 0.5101084223531657 0.4846914380783281 0.504572190392624 0.5102394362853234 0.5329901490947898 0.5882981038635404 0.5984568452680262 0.667699557030927 0.7182843574767646 0.7312320860987122 0.8033497554407788 0.7867476252762069 0.8192621754521451 0.8329626679145542 0.8666997660807694 0.869060268464382 0.8379607653129466 0.8459942447955209 0.7845580099354545 0.7686079807730096 0.8073233825272879 0.7687465089999148 0.7921206190087858 0.8342000451361214
0.5407930644171199 0.5379949849302418 0.5023402852998979 0.5567785726750343 0.5399558575870474 0.5011681294476656 0.42223933105086897 0.4522308828215156 0.4111925806831348 0.460567512094538 0.5093119947683938 0.4861059147412239 0.480553419449872 0.4705527299698225 0.5043714845182323 0.5520106061337452 0.5420680925213782 0.5099592257169253 0.4933706160221379 0.48828647918524953 0.4854174610093979 0.5005856169735206 0.48868924613067133 0.5246498218168477 0.5930036361595563 0.6010976081641497 0.6173446868501983 0.6599682197732851 0.7562113672121727 0.7937580482743843 0.8103914603800403 0.8433893619662527 0.8254180947082487 0.8719735591338741 0.854168998698709 0.8581447881729187 0.8157004722032246 0.8246693646081044 0.7987692942212858 0.7884963429527748 0.7908548718920779 0.7980620579996728 0.7923332158746915
