Raster_benchmarking/continuous/raster-45.asc
NCOLS 100
NROWS 100
XLLCORNER 1743159.583854779
YLLCORNER 5469278.291725013
CELLSIZE 10
NODATA_VALUE -9999
[rows 19 to 37 of 100, columns 0 to 42 of 100]
0.3729770580017123 0.3843074258089995 0.3540515435613808 0.31738851991972955 0.2857572978834428 0.2853970671648682 0.26104197331147194 0.272042037298684 0.26756775578393793 0.2705634025092006 0.26015626123475977 0.25753878972481414 0.26390869341131035 0.25904111018185927 0.25425476056954116 0.22737945870166912 0.2023757904561994 0.20035604273870183 0.18846193851897627 0.1990463612265028 0.22911525693978446 0.23645355165188112 0.258247784421006 0.2543815032911415 0.2467090709106239 0.2512378365303533 0.26158770751305294 0.2665221741735732 0.2852821736825654 0.2755354157706304 0.29268420821133695 0.28296505045850856 0.2866591254688588 0.30635828997192327 0.2795816303866883 0.2507045657818898 0.24435962858341215 0.2149057058944091 0.2324453589626079 0.2534559196634624 0.2460885221481994 0.2999916637667197 0.29341429354324605
0.37458280368880614 0.39472038737487497 0.33918172402205243 0.3019404689793219 0.30622519210587973 0.2923665336431892 0.26887671832641125 0.3014473958082018 0.2804354322313927 0.30770011183056406 0.2799287466345075 0.2529007733374392 0.27117107550568076 0.2652716098950686 0.24913802460739565 0.22924700422622887 0.2117821606049909 0.17436732838551064 0.1723507146496874 0.19678189193323517 0.2017829458718921 0.2188563423556592 0.24858627175094894 0.255841338706538 0.2523978192247355 0.28155897632447274 0.27545977262313287 0.2866887830397478 0.2599848424042186 0.2888502026309341 0.2991913462734851 0.33880504000299516 0.30666184658672635 0.31258478056982464 0.28724130724877955 0.24385993671276124 0.2510920121108835 0.2508915361666796 0.25829211804614116 0.23758034318256754 0.24723481109447837 0.28406552066142093 0.254378758248754
0.3891065431546071 0.36086185095386036 0.34450776795363164 0.2958927224140948 0.30218845887127316 0.2867419523585909 0.27043043743397893 0.3043765375726701 0.2920592796172564 0.26289826696155033 0.2666260408485193 0.2652126418540441 0.2510448184196931 0.2660892218183673 0.22946663199197997 0.21953347263723333 0.2108804879368033 0.1604489496018971 0.16709625814551782 0.20134476130886853 0.2071974540896539 0.20364480524325368 0.2136963075700703 0.22988562697394596 0.22944044009943051 0.23137588174675752 0.23644943344937874 0.26915199479385227 0.25545642098230387 0.28639519386609313 0.3003089387250697 0.33512570391446717 0.32726296817610534 0.3136069905424665 0.29500089477957386 0.23339023205468337 0.22310943455410687 0.21722361363110118 0.23965118928538562 0.24711391039916344 0.22817626698713012 0.2561108441900826 0.2676095205242315
0.3693022219689058 0.3601049713720901 0.3009816007331873 0.27665581730906247 0.29467596350752356 0.25790125282781606 0.2778383519028399 0.29736868363357133 0.29589384611605757 0.2548606361048057 0.25205864134075406 0.2721021009906184 0.26367903811796867 0.24356475753061113 0.2304575013949723 0.24255937921671278 0.2222746610924467 0.1673383705470371 0.18582942252787696 0.21691815001036993 0.21695572733134225 0.2399745050292058 0.21338442359306597 0.1904414351021519 0.21794458821768847 0.2378912142278202 0.2218584602451053 0.2228885621488379 0.24542739658839033 0.30066745546216994 0.29855277448223017 0.31175463778509327 0.3107597090562141 0.3037340496552226 0.29291357766261605 0.23723439573608884 0.22125682064106622 0.23178691162734585 0.22785821807278708 0.2604947113274576 0.25291866175673194 0.2117079217996711 0.26345101265735654
0.3931372541237208 0.37078578711073545 0.3100176976126428 0.2987149659576899 0.2847896678453903 0.2906488446156623 0.2954033444798356 0.28028067811024343 0.2844546547091603 0.23863406443855317 0.24433530304724405 0.27189106012698716 0.2405199181392504 0.23442418808588614 0.24629088834043858 0.21749053024643633 0.21103032119850512 0.18159373306940305 0.16373318357719743 0.17435758983959126 0.2195424879793853 0.21730900981298898 0.18733012735711768 0.20467104534728006 0.21262006066398698 0.20951387644865174 0.19844183077851624 0.21765690490925962 0.23314427168145677 0.2739498707956139 0.29881934829443657 0.29780937017126136 0.3107888251070522 0.29591451471912283 0.2917858464407743 0.26292661451508476 0.27015701907429157 0.2724481361523083 0.23297061147559714 0.2496423094932053 0.23511226457644127 0.23666365145493104 0.22176082798652086
0.3566853925072044 0.3534086940927921 0.3392494090956796 0.30074157009685576 0.3033193879631489 0.28483810310854946 0.28033614349202846 0.2703538879752802 0.27768687644959195 0.2581203577427045 0.27335754477676444 0.26287832920452164 0.22055900558717367 0.22783188935212376 0.2468081311474557 0.2206721626971868 0.20827784418687048 0.169129712874451 0.18111964197768404 0.18000809655510475 0.1888121625236199 0.1524181020914144 0.14801819943454225 0.15125880601289055 0.18526119878246952 0.1837488925330459 0.2050695056515367 0.19159498038075248 0.22906593029899489 0.26090332013819983 0.28143178207353686 0.2980940900127357 0.27659403059396953 0.30394261339034423 0.3068742166802672 0.27498396098777383 0.27948841673408953 0.2693144091876396 0.2283499541318907 0.2370750269713687 0.21452581568301235 0.20002641203112803 0.2147070239608381
0.34501915807706024 0.32137688042265217 0.3123803776714846 0.3076769498677865 0.3019889965264787 0.2786702895355272 0.2787721616366016 0.2733244030407895 0.2779058176614501 0.2753009032050623 0.2568717541198534 0.2589316893883063 0.22952510279636335 0.21671110514088487 0.22975157840167276 0.23059915225571487 0.2196394023366998 0.2211270336696332 0.18882469333105442 0.16565494532673983 0.16752312262025404 0.13190181071431883 0.15854610291743212 0.16667228112027094 0.14110854860387642 0.13414527904075096 0.17894293529013305 0.1776068495690438 0.21484698251512888 0.23722027581548258 0.23004309182788182 0.26068606151305695 0.2641916537189764 0.2737639471474388 0.27814111399839136 0.291175960232315 0.28499000956966547 0.27158107153127664 0.2345869225881878 0.23324055690842552 0.25517173251169206 0.2345477350703676 0.23148191864707174
0.322781764317479 0.31402773465674505 0.328749088381922 0.30337542958182945 0.2977574896742948 0.29544258228664416 0.29154194451093624 0.27384818406752964 0.26692461164391634 0.28945676141882437 0.28688295114791507 0.2538925046583373 0.2547321731791939 0.2520271038404748 0.20863554579579083 0.18997849289997693 0.20756944415501977 0.21838028427755327 0.17414250472038345 0.1506790720300465 0.13829596903531857 0.137799180888952 0.14243238572602232 0.15887952175385728 0.1209891153782341 0.1205399308680843 0.1746964164513751 0.18351083788243286 0.19805323108652959 0.15995950569942352 0.19924034378711628 0.19332404448015678 0.23595021760331422 0.2800026905398799 0.2720135776673575 0.24876484650972994 0.26325039359850805 0.26049141508028334 0.2591974615761467 0.2401405443474828 0.25214183657087613 0.26675548879940114 0.2571348241140915
0.32436749379734264 0.3155065223728567 0.3115476101203219 0.28357892286686714 0.2973797626262886 0.2876264648914033 0.2614369216641456 0.27194377512855034 0.2537546185749101 0.2914838664553807 0.29141642370481013 0.25088487921134023 0.24096150450477852 0.2586686085915458 0.22213848680580947 0.2000079815286394 0.19482208756894606 0.18833925625497283 0.20689924468819923 0.17608532591546716 0.15081495489476293 0.14696027118689062 0.1607248700973028 0.13447777930047847 0.12799321937348662 0.1456662158841277 0.15499742013774673 0.15573120970510757 0.18502711608161876 0.1746168107850414 0.16818031545283804 0.18791469132891145 0.21391871063599868 0.27038195700154 0.2702257436048044 0.2633026103480694 0.26048055465974507 0.2297351992553254 0.25112038820343624 0.26181665639173113 0.26872149733449435 0.24749176914830595 0.25367164497315614
0.3489356473818052 0.31748897137498816 0.32784251268386516 0.3081727075335288 0.29120745266099934 0.2860143765859452 0.276826698046415 0.26250845595719435 0.25165464885657685 0.2634557342550977 0.28390468147919706 0.3016644027672203 0.2605576009943278 0.23491832082796366 0.23333327168838303 0.2126022990751116 0.20683402116512853 0.20971011206753915 0.190635519342903 0.2080575789436008 0.1633601754175369 0.16237359207674346 0.17054610136448756 0.13742848084212053 0.14665553285608565 0.18000486957487027 0.15799922544734352 0.18590660290534844 0.1778736676610403 0.20177461820505188 0.1838741391881718 0.1720208013109359 0.21286322945774333 0.24044545831660827 0.2281446562870564 0.24776631202810687 0.2276752942592109 0.21904128942243872 0.25050345664156415 0.2663698716464117 0.2546977274117954 0.2678788043196388 0.262069342909575
0.3417586171508515 0.3340221765151689 0.32853372458564134 0.3314949761795342 0.2861284392004344 0.2900789563096255 0.3011458853662918 0.27693270995395913 0.2932018343642933 0.27130190810604043 0.29210929615418324 0.2835142670570538 0.28649033501602716 0.2578294931520558 0.23754695554239919 0.23899052321628902 0.19898190649869618 0.20292076097930087 0.19624025836037945 0.20132736798847323 0.2102594288996796 0.19883965374531207 0.1615168949900268 0.13648734978149066 0.15077482133612816 0.16126592639808401 0.166461307872427 0.21101837354045097 0.21367077799274398 0.2190625463655239 0.2044010269174316 0.20521809846934008 0.1913437059653636 0.20765573805206688 0.2321260657224 0.22284193150793727 0.20346499279409755 0.1945020123892647 0.20268892555405366 0.2318178098958133 0.211554968439409 0.2326742544605607 0.2616316414500524
0.36003207335035436 0.34932827756452234 0.3655015331777221 0.322194028636495 0.3108268604677923 0.2760521756016541 0.27495530736525264 0.29474396599423064 0.31141002443197696 0.29726261623590694 0.30237021620273624 0.2524640972104425 0.28384364740994106 0.2784463881656068 0.26200691233620416 0.26321837020911193 0.23748517349948808 0.19892883958403693 0.18345754344449144 0.19456209756103823 0.22738143434986471 0.2198685951564879 0.1770245133092563 0.16805177642342747 0.15339887377188907 0.14619648103988298 0.15233301537911695 0.2017345808815391 0.23310175205752331 0.21827560427306011 0.21598173414205224 0.164011049197159 0.2014805259376308 0.17107374516203414 0.22287482927713048 0.1985758461419992 0.2201418242532971 0.2234915157513807 0.2056748687855311 0.18035601220675807 0.18956889689693923 0.18394227870590463 0.2460575322755736
0.3788018349964356 0.38113067612239215 0.3757609357149226 0.36156815778762524 0.3138955185336229 0.30074863900114907 0.27295298189664435 0.2967746336441742 0.2845530514801048 0.2792900119580892 0.29111563482074587 0.28553945809332665 0.2779291944151206 0.3039560589273434 0.2798695488558332 0.2846985149006158 0.24368941365355615 0.24289662291326217 0.2311025049403594 0.2127761217413755 0.22822614628675109 0.22986988279036213 0.2156191978347271 0.19576477518962832 0.1712666450560762 0.15505623878935695 0.17879565367306585 0.2023956204404582 0.22947742475830857 0.23729838821852198 0.2142079074506505 0.21301665276465975 0.1953704598948384 0.19848280920426253 0.21029575421434077 0.2048518126416457 0.22421113587547084 0.20574438461718908 0.21863680229275248 0.19202952661438347 0.1730990616797928 0.17421681622714555 0.23500985077258046
0.4036995615422385 0.42069163097783974 0.39539675403422114 0.3545367161631483 0.33286958370527653 0.31425323269490035 0.30979680855361996 0.27547640583496175 0.2705366987006098 0.2755236478039682 0.25878710332078914 0.25916525512178107 0.2849679206145815 0.3152684446887667 0.2997365594173818 0.28626785487489076 0.2511603541756759 0.22252902905022906 0.23002129562307294 0.23702796629183584 0.24738972307349139 0.2305802807100669 0.198573493636832 0.2075435503125933 0.20915237353764551 0.1743769829488042 0.1682031911184523 0.20097524146951934 0.20112194645340853 0.22976307024649845 0.2022465733428074 0.22823925530823175 0.23967638299126906 0.22427674651607285 0.19192952254067094 0.16587613701013898 0.1851774205631384 0.22186057605804377 0.2102396599131835 0.19485759608751355 0.2109712126259856 0.18509943109621033 0.21495835573003516
0.42412219941691887 0.4103350417155191 0.4063529303011018 0.36769674646675554 0.33407583254851136 0.34154843149304825 0.3170199246173327 0.317409785888334 0.30874632412875924 0.2738494440815759 0.2615892341479244 0.2718328745187754 0.29410059595300786 0.2998046389873893 0.2953589261817335 0.2622428020613861 0.263330804070079 0.24512899517096975 0.20645500809651227 0.21992522158989003 0.22140580334359944 0.19363863727295463 0.1937514594315415 0.19226182288688906 0.19524230205688237 0.1819446288343177 0.18446866290973118 0.19784204902613325 0.21039769955905255 0.2090467460160225 0.22046179020302434 0.2451591854582989 0.24694191665291435 0.24251697510007497 0.23283973414798712 0.1993698917876992 0.20356268609578632 0.19854111344516 0.19661238319610774 0.19886116867448653 0.21677489599449373 0.20171976268347483 0.2179619066241478
0.4240316929208685 0.4142958209734984 0.39588463362064136 0.35082174776814856 0.34052918985826236 0.3466041604779404 0.3195137737387489 0.34034207691240376 0.2991182535441298 0.271001466196654 0.26959377877961554 0.2428837138090945 0.2568822167593526 0.3090400233162925 0.30431183557909564 0.25054973596776764 0.2614354254375517 0.21005811606161082 0.18909640234611885 0.20492857116810909 0.2001409304207692 0.2046279127164476 0.19670526234780977 0.20232980333570533 0.18475344238523045 0.12343610529498504 0.15056877086970072 0.18432258665608373 0.1940859202042876 0.2115161202220409 0.21843987166645593 0.25046362207291173 0.2452375894700431 0.2169381138408421 0.243980135114775 0.23606832475680647 0.223432946154852 0.18584030011160244 0.21187214624716108 0.2067602220800422 0.20773289312884546 0.21591238706236127 0.2391429755301737
0.44891672500865243 0.4233743012417041 0.41272464887907706 0.3908446649177705 0.3722203842847141 0.36568491096063066 0.33619219815253126 0.3465510483676579 0.31389128688185225 0.26130610930905385 0.24650873690446024 0.27444788159584904 0.24990918219336508 0.2847261291222424 0.28455936743199367 0.25851018852494334 0.25153102037004915 0.24238716067698685 0.2166404873720206 0.2239386756664897 0.23282620843767057 0.20361025538377966 0.1790325531957357 0.16410396067196587 0.16971768757148195 0.1237115776324613 0.1642035645734999 0.1967218032027566 0.20367899474787673 0.18651791722224467 0.21451942169704993 0.2129573619641161 0.22692466144311182 0.214663322930045 0.22078478661584378 0.24204288001428806 0.22014873980633645 0.2407066327725128 0.23268526634219813 0.22399036448485057 0.2213261473070848 0.23452400528399442 0.2640810713050562
0.4501094064095597 0.46260462865142477 0.45288312737061753 0.43002070666837844 0.38408822687351163 0.3627838914233881 0.32918045421103154 0.3243634604828411 0.28085301519040284 0.2729021426451468 0.2767997716154637 0.2700751098884977 0.2620293155886575 0.25049181784043767 0.26484977312804514 0.24644765668747382 0.25385537049017154 0.24730256253872807 0.24598230645875024 0.21618363418579908 0.20153497730529005 0.2172307950740724 0.20751953787978672 0.16134187244245018 0.1344196376540439 0.11175088141225549 0.13144723606872835 0.14964500221839094 0.18462977100854056 0.1903495219481268 0.20506014509931775 0.20463045798732274 0.23098184454916046 0.24464855852410752 0.26483519805631167 0.2533259791648415 0.24460536959832307 0.2566430637632299 0.21286399560802208 0.2013403644542519 0.23686309994128024 0.27823840558853064 0.27776371414249307
0.49235423755560126 0.454560098262767 0.4571595620579777 0.4430323482899677 0.4198645983261204 0.3629717216893928 0.35885107683250445 0.3063731903307721 0.29826845832779764 0.29605902552019764 0.2762583187570415 0.29171259450137627 0.26056390740785285 0.26016006213031684 0.27207630139473377 0.28625699841307023 0.26183690222216377 0.26282778070852936 0.2790674264673265 0.22219445160003243 0.213153837500381 0.20212817152291598 0.19037828452766978 0.1677326920535838 0.1655268787066579 0.1324326032905925 0.160718347585871 0.17988709870158284 0.20748803858774614 0.2040956631251768 0.23122123039419956 0.25816064592675836 0.2658703294411535 0.2675470364351812 0.2704793699762977 0.2695432531525568 0.25411449876889725 0.22990847493227778 0.24714720260397133 0.23969815190776275 0.2629012906640009 0.28122272181713515 0.285210099003739
