Raster_benchmarking/continuous/raster-174.asc
NCOLS 100
NROWS 100
XLLCORNER 1743165.5296516498
YLLCORNER 5469284.599482334
CELLSIZE 10
NODATA_VALUE -9999
[rows 76 to 94 of 100, columns 0 to 42 of 100]
0.35565047294534324 0.3144642693714601 0.31639744535094816 0.3549280595286336 0.34680824053008213 0.3869996800078323 0.413773950671184 0.43501368927687817 0.39586730806612663 0.441853972581651 0.4465156470314932 0.47217711879266056 0.44412302889342414 0.4365484693237365 0.43897509170757393 0.4121597360749128 0.42774321482871946 0.4982961122332816 0.5113817394210476 0.49277403960473826 0.5121202664005836 0.5377270223469045 0.5798680178318778 0.5527325074784243 0.5746182209935837 0.5964960960290651 0.6004780915217911 0.6004431672421514 0.5628356455275093 0.530041480287667 0.5272592581858973 0.5252368292974386 0.5286866499398869 0.5286104621815925 0.5280218473851637 0.5859293835236307 0.5775260406107532 0.5911296364646916 0.5867759636451729 0.5988921545542283 0.5362192029814308 0.4991739439119065 0.5363057222683318
0.3746983428815084 0.38280039128306337 0.3551528317242209 0.3352444030698709 0.36157881327061137 0.3765787693759268 0.38133362888386285 0.4069334337494267 0.4095901035266291 0.41382127461498946 0.4005419895405467 0.4533372638877667 0.4680978706574816 0.4759407829714457 0.4561805735453339 0.4111700454486577 0.4416109447914683 0.4792483567036788 0.5180255591318781 0.5363106348885477 0.5456589472079781 0.5532432477408724 0.5912739316715682 0.6213748867419108 0.6063402870887867 0.5960760106850084 0.5782402216784087 0.5973671417901317 0.5910554938797642 0.5575142792695132 0.5409624116366767 0.506537027050822 0.5395852331711103 0.5226920810130016 0.5314639142739587 0.5591994489925692 0.5846639032654587 0.5696631526368006 0.6011427275129063 0.5952416071528839 0.5355623590253825 0.49945591507924364 0.5107362971682539
0.3625999341772981 0.4024164264469978 0.3797206744300985 0.3453793013694052 0.3416064108192586 0.3560704377586618 0.37918908848641625 0.3705065904010345 0.3933962465720817 0.35572026003874196 0.4106547053739873 0.4072317711435284 0.4191348375525506 0.45331421131119237 0.41578500174867183 0.42738649846489873 0.4473606706210253 0.4802916950998436 0.5131701380440329 0.5420989025844724 0.5898795024418771 0.6046017086213472 0.5911269381873898 0.6343464218261442 0.5958422920525668 0.5850419165607909 0.587051192962923 0.6174501142624265 0.5889813918860668 0.5284663350630822 0.5589249136844516 0.5189353717444659 0.5578386492795181 0.5284563745060654 0.516604321420383 0.5072487896686173 0.5709824210508199 0.5895513169572297 0.571686446464273 0.538656019859355 0.5112470018823695 0.5422267756206638 0.536996173923349
0.3841778630607168 0.4121270445508365 0.37427918492005363 0.3733466637996034 0.35806784236357236 0.38349727251490157 0.37568938078227815 0.3679463653742966 0.35544473572541535 0.36971530741319036 0.378192262010885 0.4203368505221806 0.4393327955041221 0.42637400440898954 0.42168361134648363 0.4205750868011963 0.47680934199323655 0.5241451000243117 0.5343637467809081 0.5392226108799285 0.5982720208491007 0.5904469583813213 0.6157346126490583 0.658984752004036 0.6442191927326169 0.6020643905152809 0.6202368937554357 0.5959265631074441 0.5798818341972258 0.5608747129844851 0.5709867435176562 0.5704409806553343 0.5396692463831907 0.5144675548259291 0.5209757585144934 0.5147478411935825 0.5332002072689276 0.5630198108943301 0.5314984557276485 0.553539894518558 0.5353223819366328 0.5106430186128113 0.509232547785875
0.3870321055020852 0.4168242426200859 0.37561069502506217 0.3615845375671897 0.3878415363272096 0.38151569860269025 0.34970754772081686 0.3730648669945548 0.3894373990853014 0.3523070469332191 0.3913932061481975 0.3957436195220947 0.4164174536266214 0.4430052331267116 0.46951884133377836 0.456570857760302 0.512956825732459 0.5290688212410422 0.5672158117297958 0.5733525385524934 0.580324060689001 0.6052876573855469 0.6062325957781008 0.6467739478558414 0.6241908789293495 0.6440897493517439 0.6103468410976526 0.6609644891183695 0.6116439468364937 0.6193516769917543 0.605313714888203 0.6072488447158251 0.6029586273527747 0.5568544902771958 0.5623783402757889 0.5440875290634444 0.5666949398100516 0.5587800556425803 0.5330735082104096 0.5305579866023556 0.5613659443058961 0.5505219329625145 0.5611514209621378
0.3967520075594893 0.4011617469382386 0.38400280634881556 0.3565144761317911 0.3567720929319483 0.3877615024216166 0.3679124501430368 0.3838567365369893 0.3903191910019691 0.36735974846710734 0.3696865580210456 0.410449565114562 0.4066872474864565 0.4367552039542842 0.4575485070200501 0.47939513117508264 0.5445839973468372 0.5612673751673061 0.5536572106476604 0.554446712668987 0.5908595479618947 0.5673810463140828 0.5840360692369513 0.5853086726251846 0.6304365541118507 0.6014667351805965 0.6140161376718815 0.6143160731130317 0.617468979345598 0.60455187529496 0.6181099516420256 0.6409116315450597 0.6226880645205908 0.6077648703805028 0.5754080643440066 0.5615384172526278 0.5792610760407161 0.5825785277301803 0.5164709807045667 0.5220454056889836 0.5500059668571501 0.5836509591329917 0.5749130997889337
0.4281011691096914 0.4063397485427461 0.42792043202108887 0.3815642955988861 0.36926031813706245 0.40532804744378886 0.41621014744952306 0.38930612575496826 0.3915950874380954 0.3446215920966973 0.38830864494285583 0.3820755988002621 0.45322333468817205 0.4724488467141566 0.507159270443669 0.5455413916432074 0.5143506761023888 0.5525229245373932 0.5443235033217371 0.5165415159561304 0.5244666484754918 0.5655846814028027 0.5992787247680748 0.5826551031768077 0.5808951486163082 0.5963702801855604 0.5684878581320252 0.5838951381664126 0.5974023895473377 0.5987867696986934 0.6147752999748394 0.6322337085794422 0.6100527469469716 0.6058855734774796 0.5966271108491038 0.6092616899326725 0.6121157253020179 0.56906344460915 0.5083058050708775 0.4853687913666228 0.5329120641950682 0.5700391151928463 0.5511122327002927
0.4397059804860244 0.4187283790768645 0.43796156212529075 0.41012954514104055 0.386640095398567 0.42935786019232225 0.40897795874398857 0.3681261718939287 0.40540985948112196 0.36186420595357394 0.37045342454802305 0.38797461779172376 0.4562307728660755 0.5112782607101071 0.5334988439589672 0.5318225152149797 0.5145144478971858 0.542108507459056 0.4982737823163415 0.4905504154746798 0.5219847157369972 0.558101020834841 0.5603351980805571 0.5563872416954966 0.5484490489939292 0.5703337211209696 0.5381979754688135 0.5663915216110613 0.5505364359158056 0.6070320081404486 0.6081233181809056 0.6386369977479979 0.6093407240171816 0.5804379502280406 0.5812346726105603 0.5741976104084137 0.5861684922987068 0.5173695733126626 0.4971541284382156 0.4960753962865917 0.49662867647826453 0.5554674295300678 0.5718216107277292
0.4344954194322489 0.4906540012683584 0.4672246425571705 0.4083625486224104 0.3956378649238515 0.4256781284119183 0.39752256961654736 0.36884861394476987 0.4152512088568876 0.41941295832794623 0.40438803278711705 0.4355623731689408 0.48427335260164683 0.5008561039670675 0.5416891162162918 0.5310036302124935 0.5301106963679683 0.5272335963627525 0.5042085945835559 0.448839144410628 0.5045734055832426 0.510257240551484 0.5396908400387249 0.5553334622655093 0.5509445956289785 0.5188631231267282 0.5213176388611087 0.5131414935971533 0.5558208732329938 0.5680680988060752 0.5829543349169249 0.6024276839412318 0.5807510656885545 0.5688228944454434 0.5992715513112424 0.5742337620171556 0.5644461033794763 0.5195132548755019 0.5159876685526741 0.4902896060619008 0.4828346971932573 0.5210417429821057 0.5349142067845022
0.46125371505133 0.44987128951031086 0.45839699232743636 0.4460450196941514 0.45840737293123396 0.4416109695739828 0.40194988738062604 0.39604505135956886 0.41565026424925194 0.43953414677440755 0.45894527723979905 0.4667676191981677 0.4568154625887148 0.4755863335431587 0.4959539029851664 0.515368422821 0.4940208958410812 0.4782389082694314 0.4380627722716004 0.4215543633576591 0.4605764259865726 0.50778008166191 0.5269179284610228 0.5260158128227845 0.5044239391222182 0.5038987757056576 0.48780366688395604 0.5071190189541933 0.5323320879968038 0.5250461334635452 0.5735547722712411 0.5788646400071543 0.5704036888691637 0.5867849588517 0.5735557776238916 0.5503758748575704 0.5254549529466578 0.5265158814398783 0.49282392019193605 0.47971903343612793 0.48919596768359047 0.4918462669445973 0.5210004623531919
0.45424188274869975 0.43866876276013855 0.448592330224925 0.4716244310473884 0.4325804464527789 0.44705314985605277 0.43526394523606643 0.40244436016285295 0.4117431390777087 0.4566858967261606 0.4298809504200441 0.43243828058981726 0.4568113494206013 0.4980980868438992 0.48227711257350053 0.49679460948149207 0.49777937417441903 0.45067138949392 0.44985945380931314 0.40621903283031247 0.4453196496902078 0.4571239846320457 0.4879325312261666 0.543353592049363 0.5038841115237598 0.48803924924480857 0.5105877084048654 0.4817804118947366 0.5113163358528455 0.47354352222818874 0.5334936018208067 0.5569956814732454 0.545607716742131 0.5443423066298858 0.556041545233805 0.5385946604601844 0.5412592979149581 0.515075667699376 0.507925570600025 0.47350723898574915 0.4940817224678553 0.47770378674154446 0.506993881824412
0.43931159524970237 0.45768015199552287 0.4630032536096205 0.45029591126128804 0.43362473713626526 0.4138564541033061 0.45073548237513444 0.42112508646618707 0.4364761665559319 0.4310837063203933 0.4690715163056199 0.470683441139786 0.4586096859725899 0.49785335288578797 0.501810817073547 0.46059810531291123 0.4504106633939294 0.42518947968259135 0.4185122170133888 0.43158654252958023 0.4356491369385568 0.4396845378709775 0.4785287475671014 0.5095063749642458 0.5137931794029517 0.4923256568733378 0.5083048370864675 0.48414780714359673 0.4579753733820222 0.48693931166930704 0.46390976972997 0.5074755258327917 0.4987101402914599 0.4785478080039154 0.5092988100993091 0.4927582641461955 0.4903443305621086 0.4928879480832748 0.4557875049026646 0.4859111159554791 0.5028988331850974 0.48012636965420447 0.49786640850056424
0.4582140481578496 0.4433678215746173 0.4391346295473489 0.4625248042228024 0.46103139786811753 0.4278521238410348 0.46616244797030904 0.45367954592630577 0.4574037486348426 0.4545309261137222 0.4667136752468573 0.463534675453064 0.44399982613203337 0.48486607515218905 0.45702076455310414 0.4796024359320428 0.4178118777506128 0.4100988538182561 0.4188469914597269 0.45639850919198804 0.48793093057342213 0.48873326482702995 0.46459526771067117 0.4919979998151035 0.5022193281018774 0.4765587641190919 0.5012440728079791 0.48093636245090826 0.4397570839228347 0.4473980084368248 0.41970484819479187 0.4542645805937041 0.43409776706572506 0.43884163022728734 0.4945322395013667 0.4973006571917866 0.4663502462789783 0.45890111426221586 0.4683053040191201 0.47763564104083106 0.4685929776635661 0.5086715628120041 0.5101262716323591
0.43040594734194276 0.45957656087151877 0.446944279560456 0.4363056166618926 0.4303702983494596 0.44159411669528653 0.4549479085405231 0.46797510335453696 0.4737652393467542 0.46490123121396504 0.4982967399814712 0.4641052271997959 0.4707956127985515 0.45673626210833757 0.4509874355241202 0.4068735650298851 0.41247517988800236 0.4471150156808936 0.45912385664624655 0.4635096959249867 0.48497696923543265 0.45330923932191813 0.48408823087160235 0.4737710474706703 0.4326590623638347 0.43492490582369236 0.45183617952523814 0.4293783145364244 0.4256569177015307 0.42918978762871784 0.40750242454568264 0.42095199807577405 0.4065000879102791 0.4213928129208118 0.43955989042756005 0.44559309482958903 0.465330053131061 0.4380003952397042 0.43948232391655884 0.45439306873695334 0.4647308504377158 0.4936326336540879 0.47960198621138145
0.4496458802434246 0.47988247365359915 0.4431781157838941 0.45808031687751155 0.4342929297575561 0.4324822349382499 0.4765008567749057 0.4824850582021951 0.46853036462473197 0.4779816250639767 0.5103450054452492 0.5143934353949987 0.5187485549598656 0.49070757083764766 0.4469788745108265 0.3736510009880609 0.39323173523613353 0.4182161451457727 0.44502787073790706 0.44771291424858767 0.45491523754038765 0.44241842779942986 0.4602608960293682 0.4238530085803359 0.4056859000064525 0.41687872780334523 0.433763400226021 0.42574102900164484 0.4265307688417054 0.42126058388049237 0.4077642700129594 0.38999874391184985 0.4260810064957433 0.41288771048863315 0.4361500960611764 0.3976983831801313 0.4232246419027589 0.44316617749923654 0.42674286401559974 0.46433914298631995 0.48550246492681737 0.4466053300442872 0.4584179521877963
0.43593523501457315 0.47238109617270246 0.47333648950204776 0.4408263068148995 0.4240620163710501 0.42051794822148025 0.44623013761695274 0.4438437007967884 0.4791140260758396 0.47105679898669256 0.46951342805181956 0.4821451920184536 0.49264223927091944 0.4636204005306885 0.43926860235795345 0.4006300792182422 0.42171722310362186 0.4270550560800434 0.4577198443769236 0.4531993818196132 0.4595279718543366 0.42662017820439546 0.451970579580618 0.4508860108673528 0.42937803217547926 0.39090481517611547 0.3989540839566777 0.3991109464965098 0.43916312112358713 0.41764179388485423 0.41351697595528447 0.4309816189866097 0.4392347765562462 0.4100174274458469 0.4363084639903307 0.4411441571500995 0.4407559116874312 0.4338460042785141 0.4607209543954769 0.4574331879889349 0.4748650023642267 0.5053872288257939 0.5017551251485638
0.4294451783048176 0.4166902600276541 0.4155473985035682 0.4471475341538717 0.41695177369586195 0.38412760825141695 0.4204403946287216 0.4103979314900769 0.4337716598571677 0.46892452082779146 0.4511924709361273 0.45420720865897674 0.4522668987581713 0.47039782458483353 0.4621484483329751 0.4437486282452308 0.4031727891134078 0.42195543475850017 0.45534144039242 0.4576972393413379 0.4512548952548686 0.429284000057896 0.40717185286358765 0.4182335314048308 0.3860227177683212 0.4049441888726669 0.38556593038920495 0.405560939390585 0.416599119646463 0.44755695600641304 0.4627253767859087 0.4424393061383628 0.4504339453214124 0.41676993904940846 0.4438608671831876 0.4185762799556303 0.41459200879244185 0.4095342399138874 0.4368208239311187 0.44126042185888825 0.4665376479426062 0.4986674096640428 0.4790955875124061
0.4328054269371414 0.4148724252301158 0.42016056625416753 0.4094477150217964 0.3779040747718469 0.35436196735053493 0.3673072090660944 0.4179373299700177 0.437508754103845 0.42606369452417736 0.4370183733276494 0.48536379281007536 0.46524144166737125 0.4352228206600895 0.4539000254101513 0.4119662897682223 0.42306864109854253 0.41865361771235127 0.41702879140590343 0.40045228111066977 0.38299450495715215 0.4074516137469186 0.3891302213430961 0.38774334858050274 0.3837875687774702 0.4378330080804952 0.4289048976139378 0.4375627294567163 0.4175385776539218 0.43330656192124545 0.4526542884372475 0.43840776561237405 0.4510878780978747 0.4183830591887534 0.4315545422896695 0.4082259968280456 0.40345461212361206 0.4103017218469172 0.4649713696905017 0.4986075922280036 0.5149338755406262 0.47389193280587866 0.4847883605828127
0.43698621022336265 0.4057300843183526 0.4101912727613275 0.39849753774125973 0.3488633222643275 0.35024597480488134 0.3489141733941611 0.3602281695136914 0.3975079130977618 0.4429272737276067 0.43553791511995676 0.47834686636743007 0.43858363807903755 0.42197174616626626 0.40395538532979086 0.42446128157283053 0.40346547523560355 0.39467346280230825 0.3858752243604598 0.3572729839836404 0.3830785401447398 0.3799048590524454 0.404616856937159 0.37432570639402607 0.4043287108440366 0.4392672935615177 0.4240290730499882 0.46535021371308644 0.4317416028821877 0.4582073230777837 0.45281620764135344 0.48844472548163564 0.4427843351357146 0.4062080027318662 0.4187406133433876 0.3995919549180297 0.4388250784587445 0.435618399630535 0.497850097066565 0.5442233324893969 0.5442695268412469 0.4881627632378615 0.5084719904401946
