Raster_benchmarking/continuous/raster-325.asc
NCOLS 100
NROWS 100
XLLCORNER 1743160.2663822905
YLLCORNER 5469281.387831352
CELLSIZE 10
NODATA_VALUE -9999
[rows 57 to 75 of 100, columns 0 to 42 of 100]
0.31100686528885924 0.3663197244141361 0.3929896091670201 0.3960393999090126 0.3651262720293047 0.34316685605654945 0.3160644627094837 0.32844887496304004 0.30296957347885345 0.28890625269733217 0.2756119856518521 0.24667329277010672 0.2315181000770731 0.18066001991191413 0.163680449071724 0.18104320902817547 0.18743412663848077 0.166866341466812 0.13188461603803037 0.10245865977574825 0.11086905031406395 0.08656946189688516 0.10811366996313933 0.0795820248440324 0.08097011345231053 0.11579182740858211 0.13877474041864382 0.10577254629795638 0.12305648364424265 0.15680074017338122 0.17361032015357164 0.20848461564403772 0.2687455305694539 0.26147127585155916 0.23142542816504966 0.23258356372396055 0.27620390622831376 0.3026581160486107 0.30068057728007336 0.2823515341853305 0.28669993057443743 0.31292458902014253 0.36925874156416316
0.3238854487764886 0.36309275322050294 0.3817060099155313 0.3866509886714268 0.38680137143907223 0.3503762733674233 0.3684114112575828 0.34988463007979237 0.3123285117469021 0.3102013140169811 0.279353652512778 0.24766501317956377 0.20126934515403067 0.15835492570906395 0.1668952650438059 0.18198857571131016 0.1471259860917364 0.15585755402098522 0.1522639189315383 0.11533519631557972 0.1259750610385651 0.09771012012842438 0.12482916922698854 0.0988890301614717 0.06457524362892557 0.08166713507135058 0.12771005807686295 0.10816696353583344 0.1519232628807668 0.17997879880196915 0.17951498669442156 0.24673420896653603 0.28240988952424134 0.28189854148950677 0.23867593289534791 0.2373693526903432 0.2868909452565825 0.30827145975375075 0.31023708962673796 0.300473242182399 0.3114263801651099 0.3297503234778792 0.3455642339151018
0.3326982998315665 0.3703768710993694 0.35344203488552334 0.3487068985332466 0.3742012310747964 0.38393061067199713 0.376697935630055 0.36467188948187074 0.30880471056584885 0.3205436926691618 0.2869383486724843 0.2486449402871566 0.17253407784469155 0.17790483078053357 0.15469027304669855 0.18351287362483948 0.13664941719178908 0.17128491792305084 0.14491654966195663 0.15042300449599333 0.0923577793366991 0.12119749738181711 0.12379214327547514 0.12106073566173392 0.07034159819742868 0.09628378256404002 0.08535148519924488 0.11289936273908817 0.13580015709548318 0.1818670338924452 0.20651531500006842 0.22846165823504697 0.2706000687110855 0.2767613299598186 0.2802713385149432 0.259783011834446 0.23526009156615885 0.3001745844105602 0.322264429929615 0.3079938903578218 0.3230623877522471 0.3505955405488572 0.3882626409804415
0.37224780807061675 0.36837717177079815 0.3598533528253601 0.38155988805055746 0.39201156937723136 0.41054792596560624 0.3958688957805193 0.38084359394546696 0.33810834503376025 0.3345945973642787 0.29326271648440017 0.25476757296246827 0.25286930648490624 0.22338557937468653 0.17461126794321974 0.1772344936744821 0.16259158254411862 0.15022184006822947 0.1428815393422295 0.14944576876817797 0.10140889639525373 0.13074553957305884 0.12373680330642785 0.10674551419921316 0.07076163587890054 0.07667047948621289 0.07976740083908387 0.1249784995674488 0.12761822901042702 0.1831447469258477 0.22613624590131726 0.22545356603476405 0.23437267378028584 0.27549481725417135 0.25916775859793784 0.23447329639135453 0.23286384657866058 0.2942205508500646 0.3256273865501939 0.3073618414094666 0.36317643453215925 0.36923958642425747 0.3576735892218352
0.38132684374024023 0.38536039077234713 0.3869625383496453 0.3954606805125693 0.38237015352202214 0.4229497411090904 0.4124503925821045 0.40484179887387733 0.3369562767384172 0.3172905675184272 0.32590454435031996 0.29268389934291794 0.2802096851187773 0.2444633310207555 0.2173591631432008 0.18509450499205313 0.17576055846170885 0.18150169166934566 0.1903009679559766 0.15147681305547558 0.1162174908040509 0.1389242218003552 0.1351782423208977 0.13194044020996384 0.09727604622673938 0.07303227007214827 0.10359297173435027 0.12260480250937397 0.1718304854136942 0.15643869775064856 0.19792275924641115 0.19251094260938434 0.2604030702467243 0.2637845880929765 0.23836721979090086 0.25671772086940686 0.25328107603625827 0.30339357686622065 0.31576479600607116 0.3348015448215179 0.3500636364384787 0.33290053056948327 0.375475330305226
0.4136426965549486 0.442591627899519 0.4236599294830143 0.4228733805610822 0.40406077923165507 0.42680400048212064 0.39590576036188746 0.41469790976675025 0.37370922286416236 0.3649494525468752 0.29741481858951335 0.2736521287693598 0.2638261060323722 0.20566518593090174 0.20848725757397532 0.1962584830367421 0.18508490304496905 0.20040057994961358 0.20493490265377426 0.16141325284747818 0.13674456413808064 0.14600945320025244 0.15428797102432834 0.09026658159983494 0.07429122645212016 0.10181107417151779 0.10644154583704706 0.1461649799108363 0.14654191673360153 0.13969678105153624 0.16571160962229023 0.18717461592134343 0.20159620459594552 0.21837414919762718 0.2403946336687403 0.26291212848178636 0.27191677240749157 0.28032798049196317 0.2905823299053995 0.32249325606072177 0.3564667884092442 0.3383545429215106 0.3329008047988238
0.46341099946737985 0.45940974167854787 0.451819004711318 0.45492246378390155 0.447782483305599 0.4274621709871214 0.4132871747798924 0.39814952820484917 0.4370183212060094 0.3644618054580175 0.3038775907001095 0.2623676222680276 0.2282673646397157 0.24063196163433812 0.19431624635177594 0.22497325734019089 0.2429066634416819 0.2178251880611729 0.19915494478362109 0.19066850199257265 0.1720300274391804 0.15294610117247093 0.14045661300835466 0.12513248073956246 0.0735556340056575 0.08891670637285626 0.15325093766087353 0.12544381518434436 0.10221327177212736 0.11986600758389697 0.17388060747845885 0.17869743659917087 0.16371843026138 0.19431075745740065 0.23813972038555664 0.26025064136893 0.27029024209672664 0.2649974319066097 0.273320951669466 0.31531999085530227 0.30987000880301735 0.35371067743341594 0.3177898562699158
0.4500421797659419 0.4942503949596407 0.4826922682155384 0.49717201281622464 0.5095208969480752 0.4902693251238682 0.4559769951306049 0.4247441751804017 0.3974686247717336 0.3644044637315323 0.3470199488279786 0.30978831826860864 0.27879003477634784 0.24025568938214595 0.2504448995788606 0.2452167596039995 0.21286969380200976 0.22141104302432232 0.21214159650706216 0.21164266513879618 0.19805610577257937 0.17786425354158533 0.12138958854825721 0.10993469599499948 0.091333839405875 0.10750527327213645 0.14630400193869536 0.12659443795746217 0.13628832059717796 0.12989307951320322 0.15857361881776275 0.14249123149137347 0.16439201085618435 0.20455604932814025 0.22643085794445536 0.22072300111987375 0.2516697554127955 0.27277713805179993 0.28988252509595375 0.32528908708674004 0.313987533676136 0.3463521947418233 0.3591548347990511
0.4996914163223997 0.5442454853366826 0.5385090077432909 0.5541412204184433 0.5349547056647064 0.47408678951258304 0.4647673196444901 0.41867653360966756 0.39357159072623865 0.39417613460119144 0.323303436198172 0.3386489927231156 0.30113147619270575 0.24084934772927297 0.22519922427501135 0.26172750775356984 0.22352298686868696 0.24714692776629343 0.23595132748333314 0.21506054950463133 0.15992064780532464 0.18258051552218266 0.14135191540616507 0.14206794367144418 0.1331947568196063 0.1204515745330426 0.16058180509053424 0.17249945658977933 0.1886360292937987 0.1675444911506395 0.1329108756945668 0.12190438243690949 0.17248267729343905 0.2040945114839753 0.18206897806164024 0.25186110529148564 0.2738941854154199 0.32059942578932893 0.339297313795562 0.3045818354488494 0.3284063316287034 0.3185733314052101 0.34402284493746493
0.5531543976391817 0.5613696377148081 0.5586360956472816 0.5431346647743034 0.5336279790863737 0.5113811854587844 0.47069273973698206 0.4437189698462993 0.4476963706905518 0.42406828767089016 0.37664654422997135 0.3522073983861555 0.3381332331212052 0.27076905612986224 0.28251418148723784 0.2526538635592186 0.2150531730308757 0.21951605608280972 0.22791742269582108 0.21345342443892887 0.19190651262405486 0.2147655313040577 0.19232313676877544 0.15173730749722503 0.12933226422090285 0.14490450336647404 0.1664265021297299 0.18213172729381047 0.20561718440527796 0.1654828639289548 0.14499146037816174 0.13653792699148282 0.1401275058763446 0.16258767488490136 0.1856027486659208 0.24623069820595728 0.3004076539624693 0.321277531239861 0.30088716892520845 0.31830561578499894 0.3326750529706404 0.32592102187969213 0.3115781969117177
0.5450929353515888 0.5452398913273386 0.5697420783348869 0.5492647429160793 0.5297033001583896 0.5134710512373819 0.5101078804716688 0.478959965062689 0.47367029453000664 0.44854825917177 0.4176346163329566 0.34656568800541776 0.3236156099388405 0.31380646544784846 0.2927136937118917 0.26161001280029766 0.21688945228714304 0.18855261619784955 0.18880936745108196 0.22180395992505758 0.2533522219298475 0.2516247599004991 0.2268493529081934 0.17984075705402464 0.1508947789034407 0.16089558297091427 0.14065612286998475 0.15436271901947174 0.192301885719858 0.17433229699917674 0.19568438376536512 0.14809943107892978 0.13563979313502186 0.16233597645831604 0.19190087528174726 0.2762636577432614 0.3061833960572354 0.32015839277050123 0.2987752970439845 0.30012040120795486 0.29705596228977177 0.3083463300227086 0.27833288599500355
0.5614251824861555 0.5638637815924915 0.5437028633451484 0.532492802730447 0.544172656546691 0.5086602108392433 0.4941585074046042 0.46659845381252046 0.4768681004768773 0.45188633067106926 0.43008354203187765 0.3782922810994603 0.31341647810042444 0.29316128199461333 0.2813617445139184 0.2821328908587581 0.25764574836385434 0.21618855504755013 0.23436365229085604 0.2269940530912904 0.22344688282181985 0.24888526128847663 0.2406729399933278 0.17445055089105488 0.19038790654867832 0.17021085366978142 0.1919779180133695 0.20006440918151291 0.18997808592316903 0.19186617720825197 0.19541848323445163 0.18495378893558678 0.19228920111390632 0.22481981687733532 0.2366129830240366 0.2777386125332441 0.3048062009211581 0.30185652023333 0.300013864805191 0.32775196864082584 0.31815919467627557 0.3118404667711912 0.30750246414403176
0.5364219267745333 0.5365222102547388 0.5375009697598182 0.5503552186282725 0.5428486599385827 0.4936652786004672 0.4956421812216493 0.48407477119578585 0.4873131279842522 0.42320958369367606 0.3747085853108398 0.3731976630399304 0.32644299490610024 0.2932865563583612 0.3120044405778966 0.30160801059262315 0.2737522629434842 0.22999820333974558 0.20544396550334654 0.20983761610440385 0.2180011815307398 0.20120305910514735 0.20789577337470674 0.20990248745165827 0.21240852208032038 0.20362077303164572 0.17094750793890806 0.22383186120716786 0.22168499279610437 0.23485183676617916 0.20554068167796444 0.23279296928316756 0.22250466027945176 0.21950779828043243 0.28809108288049023 0.2650193062300817 0.2862146671473834 0.31062306794911365 0.31274287719725125 0.3309117859452571 0.3230503012170526 0.3330818663425129 0.36876398347599265
0.5637501000349204 0.5529172119863494 0.5186204271418012 0.5309185804377538 0.5276255447910365 0.5125347767275753 0.47388310208371837 0.47831108151610857 0.468993416537224 0.4601780689264579 0.3990499851865743 0.3805209970461139 0.32982543506004036 0.3148683008266465 0.31988372284950656 0.25607165292231365 0.24589216375259482 0.2437928927804814 0.2169320462867768 0.22835686068605526 0.1966928499838586 0.22488721062737532 0.2373984396304461 0.235754291730006 0.21482422067893997 0.2077566163897041 0.2016128544061686 0.21155805945375453 0.2187358160679362 0.2258791155090749 0.21030691612128627 0.2441757915158921 0.24469010647152153 0.2426049492185786 0.26434130000124323 0.2745480773619868 0.3014997909552409 0.2954087231841972 0.3100440979721171 0.3552076739601188 0.369016719905299 0.3561910345032952 0.37611326907433035
0.544689758585612 0.4994835255405685 0.5261284141365838 0.4853478523647158 0.4748809802082234 0.5108273967206818 0.495567037177567 0.47144196742217465 0.48097111872407233 0.4502834177862625 0.4145758281493166 0.35205012021764626 0.3269894123918502 0.3152412850024495 0.30305829636627457 0.2668808664162878 0.21192053387245816 0.2228676013939989 0.23280823300904233 0.20736276875551612 0.19937113409337226 0.20187496803642438 0.223043961793485 0.2229457808518894 0.24884462747740205 0.2579575693790926 0.2634440465408549 0.2593864262593307 0.2427705400928436 0.23184887193174153 0.2409524920123833 0.229745291465532 0.2175219405788997 0.241687796613062 0.27548540294285334 0.2985560487535586 0.3210285471642214 0.33839082641469026 0.31620955726741345 0.36900660680621034 0.3668229490970009 0.3733957985797293 0.39780781155656486
0.487873701560672 0.475659975482706 0.49149487223682253 0.4639932186490071 0.4566798726969829 0.46653755257079327 0.4772412792095959 0.47388137291650895 0.48075587670354386 0.4638053871024244 0.4105381705024707 0.3834833923655782 0.38670942863298896 0.3617779032811572 0.3292250216635228 0.292912644179509 0.27383399978759576 0.27314225177777907 0.2514709283619839 0.2517260070074416 0.2443493640088547 0.21796279351322098 0.20968021333881032 0.21429156326480142 0.20619252983009523 0.241628611621559 0.2329690161875901 0.23082378824328287 0.24020322604159328 0.26594625676861855 0.2452836444482178 0.23821252433989504 0.23969433622480854 0.25270652403793104 0.2564917198892124 0.2958488479020309 0.31737200836978674 0.35730604038940567 0.36762220323147066 0.3722459023731896 0.3627423032956195 0.3996983387886692 0.40900536294516693
0.46970464182366606 0.47808819309692885 0.4602318408170298 0.4632603182711305 0.438190463932621 0.43025661027596473 0.48172109223789183 0.48682578986224 0.48356250560337577 0.43189538626175655 0.43923846192515736 0.40214911430576017 0.4038999091871355 0.3670700497016548 0.3317914004069652 0.32531038697639214 0.31881877920143625 0.30193406568226355 0.2660070708740707 0.22462923358196682 0.21422152128106814 0.21862006970800113 0.2070250562240409 0.211652361396663 0.20751549165774305 0.21489562247572733 0.24446971976181675 0.2510622216210066 0.26549916480757774 0.2951876862910805 0.26836350283652993 0.22284494006654237 0.22523430211922016 0.23009634463737907 0.27377984886757534 0.3114631974496073 0.3465697929129336 0.3554766595396484 0.37464098417946756 0.3885510957768463 0.35666880795077305 0.3706807706432784 0.3760531536585357
0.41461929534511666 0.440229353414943 0.4407454687951908 0.45778965127519766 0.46430812555114653 0.4377515854870592 0.44397069446025433 0.47605076571720545 0.4635799924687823 0.434005287117637 0.4477327115353707 0.4204983571065087 0.3904478378764573 0.39008540913200807 0.3946964182907671 0.38678028176506674 0.3358144667297267 0.2905994372317589 0.26254978397701284 0.24742180985909826 0.20306909429713174 0.20556798707405166 0.19498132407417723 0.2289799845629305 0.20196800136849344 0.24119183355815105 0.25023284349513075 0.25902182779989025 0.29255153957964075 0.27635904637145847 0.2934060532527145 0.252583106695238 0.26225394496663623 0.26908828239054355 0.28428369697745287 0.3501944558189634 0.39883060591995195 0.40760362343159845 0.3837005058246841 0.40949376703419604 0.4180840590135477 0.4208940235252092 0.4361901781141461
0.3533072453499119 0.37379527104927246 0.4109878382586244 0.45505699744403194 0.43882291004144997 0.4079956771083805 0.4129237685941224 0.4271272321414468 0.4214242310128746 0.41192239507348166 0.42610235593452633 0.401872724624755 0.4091043904881743 0.4066566287740482 0.40761378412222043 0.38594463362343945 0.3840285042519068 0.3245988113956302 0.27998761650194 0.23522798893868255 0.21113490204732188 0.21966504604279022 0.22488957053996783 0.197121744117411 0.19099161686680952 0.1987138101925214 0.2275257203977569 0.24172455917769856 0.28214991116359445 0.28980956321548024 0.273922876856927 0.2807269402324584 0.2893441160685538 0.3165067470790663 0.32904885223519503 0.34072923242459385 0.40300821424129674 0.4177857460133153 0.40611820073837623 0.42878019404583856 0.413922497259185 0.42323102811513835 0.45782444223641083
