Raster_benchmarking/continuous/raster-443.asc
NCOLS 100
NROWS 100
XLLCORNER 1743150.3973287302
YLLCORNER 5469280.81619649
CELLSIZE 10
NODATA_VALUE -9999
[rows 38 to 56 of 100, columns 43 to 85 of 100]
0.45936245923256314 0.4482017398374742 0.44271902805932023 0.4427525970259103 0.42587512099510644 0.4355523960600044 0.4528807320294672 0.4594700634879988 0.4736953472488202 0.48578303689960056 0.4532955199951925 0.3997699655890598 0.38287139749495125 0.3915511737939127 0.350890491775027 0.3326461398102397 0.32255013696312307 0.3497589878602785 0.34563428004942987 0.3545728520523457 0.36798380592142726 0.39563176221590735 0.38809298088511307 0.3672563445178244 0.3202577953191628 0.33915680748514293 0.34139086345561676 0.31756963850817904 0.2852346070491568 0.2950072146090202 0.32516733922307467 0.3195299241267809 0.31764625845768363 0.37071366211280304 0.4007809286798428 0.4189990532825824 0.4023549213977247 0.4046957732611592 0.4032827294863859 0.4131801679424001 0.4282330201891528 0.4401032237237254 0.42954567178619585
0.499532984376227 0.46049639816530197 0.4459315780388658 0.45108104858949427 0.43705778993715877 0.45175290472308316 0.4222868029170674 0.49274038108942175 0.5423797639983077 0.48971308131931907 0.44382814631761164 0.4259176043755293 0.3779199104771417 0.3861175396487644 0.33547733098232563 0.31505064106511443 0.31134065689548246 0.30940350990085774 0.3234537659666831 0.3253763252746033 0.36674141720165554 0.37923960476156937 0.39270562165782646 0.35140346866400357 0.3682539961840738 0.3409733876040549 0.31597706688899657 0.29369038027774697 0.2804800865366096 0.3027068955396991 0.3292385534487403 0.31776386169814064 0.32196112224475265 0.38256183491971396 0.41918463083404095 0.41954414916867394 0.41663797305622263 0.4293977545419753 0.3912023172184856 0.42523442575084175 0.4584614105204213 0.42910507258603675 0.398400583002915
0.5043694439673448 0.4570642496818641 0.4731602462516751 0.46037645037951935 0.4451501239436688 0.4305938517076569 0.4366016619761356 0.4912308140996906 0.5005079340791649 0.46663469325514484 0.456055293152355 0.4257158177001717 0.3958880168074619 0.409688569318891 0.3832597563288692 0.3334735456850936 0.31952978461475634 0.3394253812211599 0.3382660811918728 0.33109288729894454 0.37404548054133635 0.3608909333599594 0.37596467322652133 0.37271060054365307 0.35422696011737503 0.32198225887629756 0.3277036621532344 0.29878198756928676 0.3175442965574619 0.3109473037939998 0.3393013482127122 0.3640730326976413 0.35567569066520344 0.4024474252213133 0.4152228071056666 0.3834854456051133 0.39516363017999545 0.41826593726970007 0.41663250639242433 0.40703297490489754 0.46025902316392164 0.4467931423621703 0.3959042406855126
0.5121021528709965 0.47242055497637453 0.4644301994746536 0.48018908843602776 0.4727557958531671 0.46142051926184097 0.4630153065690633 0.48995980751256585 0.4607161032358458 0.4828115774749657 0.5001460829367539 0.48518060573056554 0.44408184663231315 0.4439492941439698 0.41996212421392853 0.38038631150753793 0.3589399681749171 0.3615901855299895 0.33867396013262485 0.3495624045973602 0.3758415998910083 0.36083936978934733 0.33042513796269846 0.3437927343519257 0.34723470896129294 0.336879131458206 0.30502729928013805 0.30326939413888215 0.3088537687845047 0.3241341250332662 0.3785142433218887 0.36853020979842216 0.38384209455814783 0.40804044790044913 0.40659156020243453 0.3805253296985377 0.37024597398845704 0.405293502629659 0.4159050820666822 0.41628426343253216 0.4393971242454761 0.44303725227683616 0.40483988325440445
0.4969215033494698 0.49928475415207035 0.47194103000259335 0.46782172324135557 0.4498063204885411 0.4585451420574649 0.48722680038760796 0.49949579368795133 0.4909827516381959 0.4617235437844634 0.4814327170196388 0.4812510884704784 0.4551367846976227 0.4224049008933789 0.4032688892699798 0.41913852396094736 0.37805873260729195 0.3562105577006888 0.3140171272510786 0.34404423118162025 0.3391543502311495 0.35614158711461114 0.31756364705294676 0.35078154648213533 0.3306257885588026 0.32138918418093987 0.33965036278552563 0.33292114912300447 0.33445571640102595 0.33245795725218924 0.37833484355294533 0.3665694272486744 0.3883667037824815 0.3785333216255376 0.3783713147894036 0.37853863881987093 0.3648630298802057 0.36276985223769925 0.4137906521025412 0.4233058125455398 0.4074254625115762 0.4001666277189383 0.3868634185611861
0.5155869674347499 0.5087578169431408 0.46977877895128106 0.49865574353909164 0.4921131045440632 0.4756518928116457 0.48730329510500464 0.4733592991375464 0.4946003573916563 0.489260174568127 0.48742668816883183 0.4954171130414374 0.45870598427162895 0.45346265037210287 0.42039729579715457 0.4155744101214818 0.38525492479220125 0.330015431121635 0.3031021149601447 0.3165258167543887 0.3480820892891585 0.35563390139232237 0.3157709812846321 0.3428991200372513 0.3557825567990189 0.3175233999474609 0.33333328891527897 0.3390903406396905 0.35153886560402714 0.3382182756561559 0.3706696186034808 0.37724746523339525 0.41832654051666385 0.40163383363452715 0.40306487499652016 0.4028582943046539 0.3727701970322316 0.3766135793219967 0.3732302435634286 0.4136157356876964 0.40646801409237004 0.4187583693925597 0.39040393358158065
0.5466476130798568 0.521519970354922 0.48001364983310985 0.4950874060021883 0.48480226585090896 0.5131610633970983 0.4845212992378815 0.498633435792662 0.47350082483761197 0.47172100004954903 0.5049070184314794 0.47400540955920817 0.465107324637788 0.4447599167460539 0.40443530362897007 0.4213709406531696 0.3861926320245594 0.3422638425538109 0.31736731582847927 0.2921604495233677 0.2911503250312291 0.31124942156256885 0.3106139375184516 0.34037009022159825 0.3285477418948839 0.32220775247220473 0.33304804949003886 0.3275450926992367 0.3650024938209211 0.36584816980273044 0.36748486486444304 0.3749881056760639 0.4202330023342527 0.4116500477400385 0.4074833016687859 0.40359356888741826 0.3595311721304208 0.37703524943044064 0.3572952035712241 0.3693710259662101 0.4131007133256622 0.431405652919085 0.4347337715692487
0.5526945847529275 0.5326052629621238 0.5232194566968503 0.5284270377823318 0.5007268211921286 0.5162614295704577 0.5007804495573129 0.5102835042413811 0.4663665048021884 0.502010647703669 0.5105954729897463 0.4802000221766942 0.4516105029892044 0.42509530878452456 0.4097021497701131 0.39189677808621026 0.3835949086866758 0.3600728060613977 0.30518877909499176 0.3165844989734899 0.2996576737154906 0.31755399514536625 0.33791870698714105 0.3477732475399595 0.3241237841675523 0.3138607224163455 0.34837164075007043 0.3642294681740595 0.34652324626097397 0.3583511596850539 0.3360613213160834 0.3991805958341568 0.3976526054445162 0.42454313895562446 0.417409759681708 0.38227793310025376 0.3808964023315474 0.3569128202454628 0.36055779945708044 0.3838190512819382 0.4274578789133778 0.4002267285114585 0.43403149473003916
0.5779380476122282 0.5588545319900752 0.5190356875972882 0.5007858026519891 0.5279023541294929 0.5221030758192853 0.5205159544053334 0.481849983852058 0.4754255568678653 0.4761644457852938 0.5046450682324141 0.4871497743663477 0.49125957858578034 0.4609514776212719 0.4369247528578627 0.41040116165561175 0.37831030524165543 0.3639839922663406 0.31763282648910646 0.32595360019056463 0.3229611092573894 0.3422737577769343 0.32665861257559836 0.32255263417563834 0.31877808345189507 0.32507772446201744 0.3528156051988272 0.34416518853355693 0.34722629088805457 0.363929126517365 0.34096117914694596 0.3930850578322698 0.37925668903134513 0.3823765671547178 0.3876116315394895 0.3829280622833073 0.3988752708570576 0.38242736285604334 0.3682827028528203 0.35996001528972393 0.3871216682807572 0.3949610860657779 0.40290152556542497
0.6644818846022481 0.570524250104401 0.5731291252317351 0.5402681195461336 0.49155379316648157 0.5011666452705555 0.5080855348822375 0.5109594227792293 0.48872990946417166 0.5045355789465835 0.4912832585768345 0.5024366536710543 0.4676813650773772 0.4837984691881447 0.45867880839947006 0.42193143290209145 0.3416688878486611 0.3653528246250094 0.36176988560187584 0.3217321101154189 0.300501430693927 0.31797137843702117 0.3557106513008743 0.3567229976830328 0.33908309980253537 0.37533789643316756 0.36699136421424244 0.3430626074376454 0.35690586813493896 0.3874903502795705 0.3679244756479856 0.36816215741617453 0.3781786742374432 0.353070515562737 0.35322618909484704 0.3923358544428771 0.39110678129581045 0.3563671541411264 0.3639946191766969 0.3827747476744833 0.35562732600479685 0.3871400813003824 0.39724973290301957
0.5911258007407175 0.583289413358413 0.5603162202625189 0.5465210841994598 0.5314133318051664 0.4858491767058426 0.5128642710625838 0.47634056175513945 0.4838384538600945 0.5196017405042124 0.49167305995609917 0.5039882318064115 0.4904233455890022 0.4617915620795757 0.4365605704460538 0.4198689049949607 0.39438203272803596 0.3789941361196992 0.372584801494942 0.3684772469549603 0.3562027006102122 0.33339583616971386 0.3655070352879182 0.36016782294115707 0.3590611235941272 0.3784844157435815 0.35624293227457576 0.375922289887893 0.3767166274052405 0.3913125740382408 0.36392510090377833 0.37083598774948656 0.38436108458878837 0.3703844821002859 0.3390261098205093 0.36855321457516665 0.38309825794311936 0.37873676951292534 0.3937847498393037 0.38239547091880205 0.3770722238391744 0.3894801618607592 0.4360515252350511
0.5590974019777882 0.5522915244799335 0.5767871414308068 0.5323716821881426 0.5242492411871259 0.5236563730158814 0.493999815465489 0.48390760615157785 0.49199927723877357 0.5108183661215265 0.5449236851908109 0.5353872702555619 0.5392983645123279 0.5109963217747198 0.4506049683964288 0.3966705736983222 0.383956537596452 0.40047589298072334 0.3705373322235487 0.37239164794692997 0.35120637609466565 0.3423898660087842 0.3192276802322423 0.3577807558219383 0.3689011848688659 0.38623800961349636 0.377808491953777 0.37520635527501056 0.412474998626084 0.3899684076171231 0.4033002756641496 0.3615947202927803 0.3452695875266663 0.36905783621319826 0.34903304761835346 0.3902352063332712 0.38090053178280714 0.4197419709052055 0.4233401823180794 0.4194652014263342 0.3826321866019759 0.3950078409337349 0.41270661525287555
0.5580603368084288 0.5349546008290577 0.5596660689884433 0.5790347549967262 0.5599804000038281 0.517650075457229 0.4915512179290022 0.5105289270688976 0.5280538856388642 0.5098591785352533 0.54405826577766 0.5513995124419889 0.5201633274906723 0.515305394995218 0.4764903438392744 0.4168238854747953 0.37662504568636584 0.38099804743502597 0.4068534206007416 0.38245368094552723 0.3527913085662944 0.34653768832349363 0.34183150734688494 0.3859100243292203 0.3901492143831743 0.3886648921947189 0.3850952920542271 0.4031093543859079 0.39325347125161564 0.3904653145988105 0.3661487082336265 0.35777802340679793 0.3444103067504521 0.37091603831808734 0.37647624416818665 0.38248672764626496 0.37901779339160235 0.4097350421020233 0.42077944305123066 0.4231540604595911 0.41806318956191063 0.43105648137390823 0.4344421707875776
0.5415377003377215 0.5282598880440834 0.541056949265459 0.5580056673061276 0.5890227859525693 0.5301908017646326 0.5238844141271838 0.5355959713992561 0.532188823825959 0.552901991288364 0.5439542978178445 0.5685976219351482 0.5488982192148545 0.5206688859458 0.4646818351458489 0.44040653104010524 0.41319005092676564 0.4375338142775503 0.42569431039081557 0.3707084926383555 0.36639418827327513 0.36368892058573543 0.3981841717749835 0.38388297983773717 0.36194276677058757 0.37800588979877686 0.3855765773601449 0.38173448994511694 0.39997847726571834 0.38775997975368304 0.3829192825207993 0.35433101100534176 0.35072771744949544 0.3710422703718168 0.35470910104743547 0.3737097220031943 0.37663295762376026 0.41464756721359725 0.4328190387655429 0.4167157833337833 0.4163018708284828 0.4326681021065224 0.45327235669836546
0.5847572898643076 0.5583432277007199 0.5630205297635096 0.576923866724835 0.6178843869176924 0.58503646181518 0.5533779215884354 0.5870966345633579 0.5640109508121657 0.5725277365307765 0.6084484756582585 0.5968010779765563 0.5677484174789719 0.5685284587170045 0.5331796203251469 0.4913101943312184 0.4683153973792869 0.4508724531615461 0.42380915411774434 0.4011355469291355 0.3965351082218833 0.4124346048674381 0.4163865752016657 0.39276861445701083 0.3766821220506453 0.40683706484713605 0.41236154177194934 0.4252167006410612 0.42319577206027703 0.42260865067758413 0.4196904159775825 0.38342743229065535 0.4059044943110091 0.4063909721626243 0.39225762298057004 0.4071481876141383 0.42890996566302175 0.42663817281694555 0.45309371465960374 0.4386540469931504 0.45848065065273086 0.45142873154500995 0.466546410853377
0.5780845370069678 0.5531475804228995 0.5994208631698972 0.6018833448324681 0.6403107977375082 0.5992517028050024 0.6046160535838492 0.6172858308032335 0.6284708535016381 0.6279503517721496 0.6332165775790431 0.6218451105262668 0.5945342004856019 0.5855450613189086 0.5703580481637834 0.5012368235613207 0.48328107093047357 0.5041061291693759 0.4823430319855686 0.47069219919351646 0.4078498336061098 0.43579564415171995 0.3981791933049814 0.39128622501605703 0.4266674292562216 0.44759159501587753 0.42164980855532047 0.42044075796746133 0.4181106711333072 0.40995059781205406 0.44217961293121827 0.41247938909324267 0.43423092780451406 0.4237401778103674 0.40748552622685164 0.4386168330698546 0.4329098969146844 0.45314566328075395 0.4478309364461836 0.4234232737531736 0.4399669653882404 0.44479530138721424 0.44296561064537693
0.5677724603482951 0.5741095135025044 0.6070521980521704 0.6531405795068547 0.6440295901005845 0.6427943218024628 0.6557829320361236 0.6731033936338585 0.6476752106787348 0.6302024202685854 0.6434283931171738 0.611097526217793 0.5989963397373118 0.6208952695215908 0.5928282767238624 0.5438235697639376 0.5353428779615156 0.5134542672023703 0.5291000974621038 0.517566038615035 0.49709182282276226 0.47028771539308434 0.4090600053034188 0.4113837994679268 0.437359287502397 0.4492681140518161 0.4418430325736133 0.41225596346291005 0.4414026182159267 0.4365031474975801 0.45943152071700555 0.4221184214624998 0.44551473222865484 0.4383379595312219 0.4455121893461561 0.44396920456504024 0.4621176575850824 0.4682959416005376 0.472428844830968 0.4549332017228724 0.44044216716917783 0.45567164206406713 0.47559871471607434
0.5655783471118525 0.6247221040633815 0.6492995160236994 0.6577375915495568 0.679518143182325 0.6444641060646322 0.685486391459884 0.6656664861330785 0.6831756379034319 0.6805621507809343 0.6584924501239202 0.6340197227897421 0.652177294940484 0.5979290864319572 0.5857207290945186 0.575577585084078 0.610721777897675 0.5594474493943853 0.5513751320980629 0.5244841760796984 0.5426813535511626 0.5193431185056666 0.4538708212104121 0.44111427319370505 0.44296855740554864 0.4405062052886122 0.45936161903323075 0.42872706871004007 0.4425103695088208 0.46805716483788584 0.4462593411659786 0.46970792712641857 0.42994513031456333 0.4391561081362844 0.4629603275351109 0.4560060024290704 0.5020989979099102 0.50338371203048 0.5001586948470003 0.47545642662959503 0.47238981300436644 0.5094438986051266 0.5573408568178798
0.6063578000515022 0.6326242389231446 0.6224401745546256 0.6546260220279451 0.6458717105031956 0.6642347784499857 0.6827813870330899 0.6822190910653452 0.6603959912238121 0.6783889763934619 0.6576874371774101 0.6481203504196742 0.6212076212860571 0.605901266060785 0.5987311391436239 0.5897193215591692 0.5800463563610359 0.571401879812919 0.5608938589726702 0.5618018665982061 0.5429854235210964 0.5132896790407082 0.49007781858604826 0.509336104606746 0.4663765061506007 0.48601787439656197 0.4867075810401575 0.48101930804481874 0.46356888417114384 0.46625824865970134 0.47492963053230824 0.4860080842093146 0.45298722844865014 0.4624314093545481 0.49227427722405553 0.5003690554260857 0.48743627495480557 0.5153397573545573 0.5420498212516134 0.5325130473546169 0.5248135730013229 0.5344876214371064 0.5549883058906476
