Raster_benchmarking/continuous/raster-65.asc
NCOLS 100
NROWS 100
XLLCORNER 1743154.3692900073
YLLCORNER 5469291.468112804
CELLSIZE 10
NODATA_VALUE -9999
[rows 76 to 94 of 100, columns 0 to 42 of 100]
0.3453320283125925 0.3547141204002123 0.33703169506041436 0.34028057975364945 0.3203214950406719 0.29470567410736626 0.2888142080745596 0.23113856000066307 0.21639651924544015 0.18743738645662839 0.20339503935802183 0.17077579284868818 0.156987695329937 0.12390841027383892 0.12563896835908986 0.13478564587653424 0.1575820841219241 0.1602623499828805 0.11510995786261763 0.09831205550265243 0.10084464224846224 0.12687542338114588 0.1330937169714685 0.1453148407708063 0.11642554582441307 0.11775288590642495 0.10940907266345146 0.16641326416692034 0.18911006350253678 0.18174487682583598 0.15445271846773007 0.22805921394486303 0.22321686257921494 0.24064056867772354 0.24079684372895954 0.2631396317168745 0.3160101184048784 0.3349178684774502 0.33308369387495 0.3229866757978039 0.30711123378336047 0.3027931483396615 0.34654697876588025
0.354644798724923 0.32087562257909524 0.31398528823936667 0.3143257934353071 0.29975477815145646 0.2689334982969343 0.2539044736333078 0.22003438594237423 0.19036739979452114 0.2062373903948264 0.19210348327159205 0.1530302432687419 0.1220494090536562 0.11686779616086437 0.09999458272886545 0.14551321500880715 0.159959471016174 0.13213132754200319 0.12417108528035088 0.08413791028963633 0.09105588964749696 0.11902469331574012 0.12030365660824256 0.13077674837496167 0.10502567989544412 0.10802063094424164 0.12078322117822897 0.1359822726927551 0.1598862895793607 0.18543713234661674 0.1791762316853035 0.22863760604990466 0.24897619156019635 0.2644702058870876 0.26512338650540124 0.24551004814652896 0.3085923594404638 0.30463834227549397 0.3165676685845509 0.3296392416695196 0.3452421997813699 0.3371461169736042 0.3435244839025777
0.3091934466919186 0.2862685766825421 0.28635824935983406 0.2905281794809125 0.2719834606710013 0.2944128670991565 0.25888178674275897 0.24918665175147914 0.22149999945982593 0.1835004777067703 0.14203030219826626 0.15771684941930533 0.12950713126441923 0.14757274219318353 0.11393146455947603 0.13671409364155823 0.1500966705908617 0.10037983157489755 0.09063093419412376 0.10753889171163421 0.12018490393860616 0.11330727412927921 0.12711598671270108 0.11083891194720519 0.12795679395947765 0.09625460036328304 0.12144471941664889 0.1198657251380982 0.20141409505061203 0.21040848334469525 0.1903358557275004 0.24881874264650988 0.2615316314678885 0.2658045754873127 0.2372076165979469 0.268265778336118 0.2697085214305388 0.3368654706467536 0.37160104577897063 0.35099742583831284 0.34788296198312973 0.3954605998064581 0.38835735327554494
0.3370056797836618 0.31492228726506394 0.32222008189422546 0.2964232668721015 0.28339850760203245 0.28330825535084153 0.25849177865704903 0.24840472759400653 0.20717910014642102 0.1833718590391035 0.17540911620029165 0.1715729285276096 0.12580598686742858 0.14033606327580694 0.14699917665113701 0.12018138940407275 0.14723035839143397 0.10615365078768338 0.09536339720562184 0.12377085433150768 0.13621342322970142 0.1266270390974999 0.12984136165993976 0.12168561346521553 0.11937914245728871 0.09795299434284281 0.11631736765027544 0.12606731944525054 0.17322302446096824 0.19183860044000156 0.19503067654428508 0.23465735600121612 0.25134726470442703 0.29967749938821675 0.2853936111407911 0.26460332099449146 0.3105065428389962 0.35631669475403555 0.3776193640595008 0.3644593668164597 0.39182168742692847 0.40932843196600227 0.4371903945955282
0.3287085752541199 0.329549273344091 0.3283571059043961 0.3141884545034089 0.2914354272045719 0.31522122341576864 0.30162255082208583 0.25365203557547744 0.2655689513911144 0.24756797523665822 0.21029514906480037 0.1631925482475416 0.15397357199830422 0.11262652627239696 0.12908677073755628 0.15262570571249676 0.14122611121953776 0.14254849608903847 0.10762734081640694 0.1538781968898757 0.13530078703216755 0.13051064807557264 0.11871589980316016 0.12604635748214146 0.13623693569824827 0.095567602841284 0.11193337829903784 0.160608075843424 0.17608956200942588 0.21350501795214627 0.22443836577113 0.26669552734369656 0.288063794889451 0.3015244317241568 0.33580771944408405 0.2866628528361054 0.3120223094576677 0.3807033546434846 0.42397710132948657 0.3948733837413053 0.39509410823744073 0.4102466900298152 0.46330211001518107
0.34409265510044124 0.3161841542636754 0.30126590110843143 0.32043614973384765 0.3153429676158184 0.28866922904678627 0.30778486254897697 0.2710850861967279 0.29287713369579116 0.26647275895015327 0.22297623840657207 0.18935069694719087 0.14161300828329038 0.12458770169176572 0.12351323388432088 0.12018943975155681 0.12127960678123298 0.14521752036108604 0.14759636114209593 0.1505755140326387 0.11998821666229119 0.08639298563185706 0.0924395348499783 0.13191327985820825 0.1315929296972792 0.13517271774158385 0.11865209920229663 0.13248256751123405 0.14912474715560253 0.17512519538210192 0.2338013078340988 0.2370433703083829 0.28308482731383067 0.31923281099721373 0.33657135659369086 0.3344040231414643 0.32899389039081167 0.3758111626961453 0.4400422926135405 0.44726453223329266 0.42630087136942846 0.45352515738058147 0.48848388495884437
0.3213214744305312 0.2857157312666586 0.2532373076015826 0.2806544763458838 0.31560734200142804 0.3106806587500771 0.31552617969339025 0.27550048891059836 0.29114475557969194 0.25433597922576767 0.21650439995946802 0.19035602987048236 0.13616582734886096 0.12045726896422851 0.14007958879206367 0.12415517076016411 0.13434676506049398 0.1718103629780606 0.20395951300781243 0.14213941103171998 0.11252816452476981 0.08677845083649155 0.08207629154300398 0.10013277014080364 0.12321629529656421 0.13869755769577455 0.13589932036882538 0.14634491978843472 0.18811724043614447 0.17547916850793419 0.19467460071529102 0.23638619543873696 0.3123821244747737 0.31019129163978565 0.362487430531155 0.3478946090622587 0.36179995419841404 0.41361513449359855 0.44559813416900523 0.42404672930329557 0.46160725703613026 0.4823206688162846 0.5239507503437865
0.29353073887708836 0.29977307671857584 0.2967279402523084 0.29983200693428347 0.33142517889564044 0.34379055586899315 0.30875202508878086 0.2965879071683642 0.25363635367862936 0.22389367686900793 0.21896181653762764 0.20397765775513602 0.19695371819792162 0.15804206960453257 0.13389256094245724 0.14387524778115332 0.17055005775221876 0.18979121078692088 0.20288284263749562 0.1736416915704044 0.13760788640879043 0.1138848164821671 0.1236456992077897 0.14704358967870518 0.131722592450216 0.1686206794866229 0.15673010321589664 0.18363605640758482 0.19610409123449007 0.2334562211093952 0.2143414800329821 0.2498061046242576 0.3301883977258115 0.33438447536300436 0.3513188754961616 0.3464407483431502 0.37958928425891275 0.4144052061004053 0.406466558971799 0.43041729961046604 0.4614248716967129 0.4618427378489719 0.5071605701102099
0.26657525134453636 0.2705307696742204 0.2563651992280652 0.27613299900902444 0.3194646721242543 0.3332811680461544 0.3314878292438156 0.27807737427580315 0.2570843279135228 0.2185857696824631 0.21266271573450396 0.19243813505002663 0.1871422446758046 0.1671845608422992 0.15880695894896532 0.145191886473759 0.1788651115781478 0.2071659439481482 0.21221351717913112 0.15814626299460677 0.17993325511530153 0.15809763579097688 0.1734427844449244 0.1628998129657027 0.17255012951749762 0.19789679632086773 0.16588258019511723 0.15829463306354666 0.1944382499300957 0.2341486738363634 0.26180506088792155 0.29512120780923706 0.31845787067837844 0.3191654104293283 0.36190103178074196 0.3311305067425841 0.37668469760279943 0.38000700681832844 0.3973280369157814 0.42176856396931817 0.4372809536300096 0.4683015672444195 0.4663900694568834
0.2674152745791683 0.2503723374213493 0.2612513561876305 0.30168387948916814 0.31586319520746975 0.2968151885799699 0.2953252310365674 0.29029797846728267 0.23233584439787838 0.2014264954121971 0.20290796117509416 0.17160167629801013 0.179225682883793 0.1833255759035834 0.20140110278643264 0.18740535502056657 0.16030388428362996 0.18119912284229586 0.1729099984494107 0.17271878142138464 0.18370705390957692 0.15177130858822993 0.16199100997236898 0.1508403069996914 0.1936111815625252 0.20990201356502836 0.18873390596230305 0.19572762489354 0.2195854946650228 0.23567823326723755 0.29790083967005143 0.3091141900657184 0.34224349606582993 0.3135233970885594 0.3194491323027114 0.34551083363749635 0.37686353154305025 0.3684992244973256 0.4272577183055007 0.41558913077765014 0.4637583704677105 0.47640155682484703 0.47787450320616814
0.27786239748177116 0.29931251030854866 0.30742056310106197 0.29483765643866555 0.26360123737572005 0.24524586860074923 0.2717536333275256 0.2787737973602451 0.22291028504840585 0.18724783734066033 0.1351781625505945 0.15265789814649747 0.15447855900400767 0.1756828161917176 0.18510660592623016 0.1641776853627155 0.17345786711502226 0.16294480506692482 0.18949773857541172 0.14235426349807612 0.1614405173351763 0.16061903842570485 0.12033441807993925 0.18089212136545918 0.20688928766944342 0.22760434079215608 0.20808818586471203 0.21139567211116264 0.2604456873824679 0.27093052462877865 0.2959619529720374 0.29008721227169265 0.34063820763076896 0.33865196607180403 0.329722411252001 0.3349969428833873 0.36897826773189896 0.421995760835543 0.43783885900760916 0.41581760143532814 0.4451345781631613 0.4653345795575916 0.47101189473051946
0.26513120894221004 0.2751072140352374 0.29125922920605196 0.27912566451717813 0.24398377043150066 0.23935848102666496 0.23939878028290612 0.22795304347668405 0.2123068002506977 0.18313293668540107 0.11840583502802668 0.12122973766701979 0.1759621357431277 0.1684782485339233 0.16645070036757012 0.14422753706177105 0.16648521106451125 0.1748050121278655 0.13765662478330665 0.13882230209709778 0.17125632925637213 0.1463828452803953 0.15770654448456847 0.16907727513792728 0.19712271306149895 0.22398474929940268 0.22241918392369037 0.2437791188620198 0.237013860900752 0.2636985912438595 0.2859643061049717 0.2950386500687187 0.31115600734603405 0.3491327320469754 0.3379572771618614 0.38167015523285336 0.4138187710906527 0.4412818424771596 0.4662882896834874 0.4584246498859761 0.45654053494841146 0.5001806153096698 0.48389644603653215
0.23703546205941894 0.2571199196760728 0.2713495964182984 0.2266194962697025 0.21497151358311958 0.2337665252827931 0.2388734407479941 0.21303520329552694 0.216309645789861 0.18729580978830573 0.1169151741516584 0.10315824013898078 0.15283546673469658 0.15045787896793691 0.1413373869638332 0.1480752473429382 0.15542431337995616 0.15427963376523254 0.1521554337369233 0.15354578627741727 0.1428775581500421 0.15572234861906556 0.20609942357307812 0.1685181301119596 0.2042400636169506 0.21060361817734388 0.22561314777610927 0.26091127678183296 0.2721346963830043 0.29897679272628147 0.2814460108422672 0.3365322173015549 0.3432383226773197 0.36860888695809757 0.3583245714731207 0.3881973231990549 0.41001471962042535 0.4393916995296556 0.4437909797579159 0.47047055949273087 0.4865521826984066 0.5076094064095641 0.519303167683781
0.22544205112836752 0.2294389979600068 0.2616110153864453 0.22952436597614223 0.20240144255154283 0.20478896176117894 0.24564113366015314 0.21273127090967944 0.19199575826989856 0.12770829263926547 0.09875027215514223 0.10862549594206661 0.13969594222111414 0.12762014513867181 0.14011935556147978 0.1489029627287801 0.17871586426427477 0.13870701098523966 0.127439728952394 0.11994659871142678 0.13715837424637434 0.19850282848868567 0.18324614970748127 0.184974541371818 0.1961591654683754 0.20441327108281457 0.19418273717130782 0.25196737993166674 0.28822047124030375 0.2890999199632481 0.30984340901743357 0.3335769007169554 0.3726981106792377 0.37225385991028026 0.3738481122871701 0.40744582905597454 0.41135666949866684 0.42623125743542195 0.4583308841035693 0.4570780365780399 0.5081798698894958 0.5244659805174605 0.49446863748057
0.2512920754250472 0.2123081503166326 0.20927719366072786 0.23177799227977292 0.18929232226091366 0.21508928837893856 0.23191666978561565 0.19286863157536285 0.1429235116891463 0.12206458187332818 0.12399820867952804 0.13527712325748345 0.12130233806108678 0.15859702074193616 0.19349884884269666 0.16997229924324433 0.17298160533222925 0.10314493762011347 0.06276138364773995 0.1254942822805104 0.15613008634939213 0.14735829057589872 0.1887451711694552 0.20341006457225014 0.18717427380937468 0.169684376290477 0.19287340774501122 0.24330955462726264 0.2844110266870002 0.2859755315699757 0.2624078994991427 0.28442750348035317 0.342676038876408 0.3653116402510377 0.36345640196043627 0.41086005287088306 0.39457543162270686 0.43281390296691186 0.4579917375447985 0.47022127278563186 0.5161616370745619 0.5468289831928329 0.5272190465320563
0.2579702693674095 0.20968012035784386 0.19638886096818073 0.2099480483647528 0.17711076423918007 0.20484286719397715 0.1904572038469225 0.19545330009144596 0.15404980946879115 0.15034408239420857 0.14707357589004558 0.13958166711405606 0.13499090497251115 0.11259066151873962 0.1563686037341353 0.1593577828310561 0.16236030288149456 0.10591810448975013 0.10189035095101555 0.11581871934031213 0.11922929383690001 0.1297396404906709 0.1284142316840745 0.15551620535583102 0.16553434520848737 0.1842888043337896 0.19020650912524845 0.22621190217666687 0.23914490377787673 0.29107340966645057 0.2631165550422497 0.2762086113148327 0.3177991643500402 0.3329960235701139 0.35295199423361834 0.39653746312672156 0.4117712788992719 0.4388969970790029 0.4863160528671617 0.4967709500526614 0.5091950589619133 0.5286579214798932 0.5477578459978995
0.21798008383233744 0.20486712635610477 0.2015184479377032 0.1934022788511738 0.20826355368488525 0.21178976041897246 0.21431013538290616 0.16417951603205308 0.12765556533943365 0.14485540102842143 0.11808673489730714 0.11232213112810853 0.10656696561688689 0.10843100363758969 0.13043306240117106 0.154361693057681 0.11313475763807829 0.08708435715254588 0.049469998810901715 0.12498105896437625 0.14014050511370024 0.1372523953482657 0.13616114955667225 0.15814954204966317 0.15690063815317 0.17607930891280504 0.1513019603232284 0.19300070701687347 0.24006139520833386 0.25760623792666376 0.2840547568416609 0.2919081665921713 0.27928275634804156 0.3198948749826463 0.3673164296232069 0.4050005637737783 0.38433641220177944 0.4466648849085223 0.4550566229266345 0.516115504027032 0.5031838726643852 0.5340573719748871 0.5272567473375087
0.18613252295006277 0.18691403919779265 0.18170516122139443 0.18722027363697846 0.19806088420344373 0.16789633189634626 0.17958332449862474 0.154735146222034 0.11222641985463712 0.12446425343985361 0.12778190011772686 0.11908073599547721 0.10643169299461276 0.12658279360904465 0.13994573871804875 0.1314846873445762 0.09853790346257436 0.05315312641300198 0.06451514739058992 0.10938104700236104 0.09577133240465342 0.12874805328395048 0.1413111611900713 0.13570829246926652 0.15820807089229985 0.1348987124683597 0.13483711885329935 0.18053719462168094 0.22511514143212566 0.23803631522939203 0.28742319721340376 0.24746459201900528 0.27266263736655094 0.3000538560158797 0.33410593435046526 0.3656699106959256 0.3718722750530327 0.43359504479862976 0.45021384637949596 0.5025835420566303 0.500854878992405 0.49924057324867366 0.49050017655428624
0.16381869176366287 0.15685892166565646 0.15057195129048528 0.14451088860786487 0.1802944010524764 0.1486592423236897 0.13433663742759872 0.15805408410888816 0.14331506716418854 0.10845642738500515 0.08939242118696264 0.07587873197337408 0.06110366557043436 0.11575594241081924 0.13952217030420067 0.08914286535896405 0.07029279791917317 0.05393997290128858 0.051212448931286195 0.05824510943344643 0.09518777256806286 0.08982149074083515 0.10874533420295703 0.11258947617045903 0.14750979698846217 0.1484827049402757 0.16890874814312937 0.18679368138233296 0.259858203897231 0.2454868566456134 0.27437577021437154 0.2419085145307687 0.23766742377919572 0.2676173558609298 0.2995916966910967 0.3412996306463671 0.36035297098141517 0.4015425135780445 0.4899997814488248 0.49177530804157527 0.49577699994947455 0.5116703565002718 0.4892309536041801
