Raster_benchmarking/continuous/raster-484.asc
NCOLS 100
NROWS 100
XLLCORNER 1743150.5254458752
YLLCORNER 5469281.485127679
CELLSIZE 10
NODATA_VALUE -9999
[rows 0 to 18 of 100, columns 0 to 42 of 100]
0.44949022060665617 0.4360886295316977 0.46777461781209706 0.4771379804746246 0.5040997553847212 0.5214350791243317 0.49513124127289476 0.5085676446463752 0.48482573695677783 0.4973728145972323 0.4862417738585068 0.5135083080025805 0.5250137327378174 0.515766698464848 0.5282655938896358 0.5607945930866157 0.558040151455126 0.5397193779306606 0.5100580564004925 0.5081521227328641 0.5077056451933036 0.4900513333987117 0.4931248353172692 0.49392867252188494 0.5177549946968986 0.48265955767051094 0.5306686328350226 0.5619402874598596 0.565719296157305 0.5797901934346685 0.5702020296092052 0.5791324133075485 0.6501494976635821 0.6949123782889 0.6955736123131516 0.7393723268506909 0.7435913840271158 0.7434628260634248 0.7019991698913322 0.6990138109104357 0.7412608059892501 0.7273460572897084 0.7527162516291904
0.4900012075546406 0.4619131589867278 0.4702455413247696 0.4502820500359647 0.49249626291561194 0.5224864222166808 0.5163714357359056 0.5257127968807902 0.4881225422765316 0.5224267471300139 0.4797440282188937 0.49296388671286484 0.5132377981364372 0.5191035377908082 0.5504227414287718 0.5557817958733667 0.5701833330284455 0.5190737308311795 0.5072525586685105 0.48289849220590575 0.4913651972983164 0.4643103149471414 0.47102464819457684 0.5376673287140937 0.4882279950487619 0.49285236656901754 0.530479591276537 0.5359340437136709 0.5348250588617325 0.5819950335248507 0.5614274017507231 0.5756932047127781 0.6079443776903973 0.6636574491658342 0.6466436159893535 0.6918071213280572 0.7041485561260286 0.6969124766167616 0.7279467531461632 0.7184292414995743 0.7418598770633034 0.7196407979679851 0.7336559839460322
0.4850901993028325 0.4392668470313683 0.45156446967017283 0.4406735891472044 0.4885468284185902 0.4873855076481338 0.5035234330434251 0.5362782396910467 0.518952426228825 0.5153743382331581 0.51158340285178 0.4887342017967058 0.5324978374577866 0.5328923472165162 0.5605266865164767 0.5685411094145466 0.5610655364136188 0.5058387628799496 0.48197614740097094 0.5092583213066963 0.4736168558791115 0.46097024158767924 0.48910085083794397 0.48048359397023005 0.4956001329706938 0.520210850107328 0.505835803872702 0.5318170433594008 0.5455231502174842 0.541516583255232 0.5529171049507543 0.6059858037951761 0.644262356300096 0.6628521282532488 0.6291224322417415 0.6781829260259001 0.6727725655368122 0.685065487929659 0.7064425311926517 0.7394326956920728 0.7119622524745522 0.6886093643186961 0.7145078595623522
0.48703315043688533 0.45888722411883626 0.47466560066831903 0.4647517756044641 0.49352074264913276 0.47558064202278566 0.5220734149314349 0.5110166768703525 0.5000673523920385 0.5583125799595536 0.5179943795178932 0.4989899953365708 0.5184855639688918 0.5417793704318299 0.5618029496977469 0.5450264593075347 0.5589844523367806 0.5277893289023261 0.5199807219541572 0.49591597969758666 0.46539163819935486 0.4890272292016957 0.5064773785938638 0.48602663998195056 0.513356006792613 0.4886754096828584 0.47559375700862727 0.5008840086272923 0.5279166917726063 0.5216829998176594 0.5850613179173616 0.6178697506197038 0.6260933277081742 0.6278805908724197 0.6238977760912434 0.6321310038155907 0.6313644584642117 0.6747405247746059 0.6867280131584552 0.7344748455320702 0.7341921790720106 0.6866944530676604 0.7371437533645326
0.4600137079980012 0.42448251708919543 0.4426847267052098 0.4761632199675736 0.5103971904627104 0.48114083748858993 0.5193851173423008 0.5144588085986266 0.5165173529984171 0.5287479595838891 0.5172543880243702 0.4847692641280742 0.5163113528188679 0.5509963257946111 0.556870607747842 0.5197204368593412 0.5459803654480357 0.4937319089122966 0.4728689693744864 0.461957108064309 0.47791314628104775 0.48400740855818497 0.4684364662418599 0.4616696569775977 0.4821088854642553 0.47190808961366265 0.4497346547220778 0.48303434716025084 0.5293399530431199 0.5298022714222393 0.5933296686200793 0.5936458204506173 0.600288704054991 0.6349821872739004 0.6186294238970856 0.5999272395493732 0.6279969853022517 0.6837459660832267 0.6931300504358286 0.7164382326716525 0.7082586678811656 0.6833497998060306 0.7052492274770501
0.45697926136087913 0.42471475584179674 0.4549179501995734 0.5080165296402406 0.5349947266548359 0.5086184912922178 0.5088542356485483 0.5192481116871875 0.5094384978535582 0.5503943196618458 0.49772403836802914 0.5007488667289772 0.5108982163409963 0.5605853308130052 0.5566835783496444 0.5324302390000837 0.5245706127190288 0.4758592676713005 0.4442656357166622 0.4325228554153912 0.4348840891346968 0.44668792737783103 0.4280388988425115 0.44306839483929905 0.4379727333286688 0.43218241226746223 0.44588933551669696 0.47272694882471433 0.5133189281108579 0.5328707276490369 0.5571486553823783 0.6007089821553735 0.6174374644814454 0.590096855509724 0.5885510040849036 0.6035323672223216 0.6340149016756944 0.6712492132616392 0.6573438771173494 0.6894757637254794 0.6915033351518542 0.6654143114530795 0.6539476992655505
0.42999320326560353 0.4402543460055847 0.46668402089724 0.4726813727780539 0.5175609526039259 0.5034925843193065 0.517359876881404 0.5395003856258583 0.5387555919365098 0.5182969133665872 0.4970061806466999 0.48940302294564314 0.5236836226196931 0.5338871028810085 0.5240904501770673 0.49554426031516813 0.454742310115606 0.42989824414875627 0.4453546690078575 0.4196196049294541 0.4192662284012145 0.40882356985662 0.3998325689007844 0.4025800215139721 0.4211316849110073 0.4231376232254842 0.47240369373444074 0.4853070990909724 0.5304928961164708 0.5465140354990424 0.5542318823896308 0.5767147252423387 0.5797209596594753 0.5808796437158938 0.5679145842737906 0.6078305588802968 0.617369772559461 0.6243444431743542 0.6321429953724493 0.6403512958905735 0.6425517751694009 0.6562940368104753 0.6581204142321367
0.4191692911067044 0.45590805033546905 0.4557985296804611 0.4607106124707412 0.4821210217168782 0.5501310307399886 0.5342353947035395 0.5153259096358874 0.5120173432204334 0.4685281568795327 0.4880383062778715 0.4628389015722742 0.49060300308837845 0.4927552352676326 0.4593696359948213 0.46486319962034084 0.44177351983841007 0.42105018874295524 0.3887718746005961 0.4273077060027742 0.4158719586307805 0.3437896080244979 0.38353965580366933 0.37421307825668315 0.37300322810643793 0.3909916723850903 0.46375934344197894 0.5019244417557905 0.5028991877041139 0.55785375635797 0.547489995354162 0.581225981126572 0.5758681762409827 0.5436411861117997 0.538356764596852 0.5525511415846632 0.5955385885355263 0.6485466986538148 0.6289280216877982 0.6219886642861521 0.6245420633541399 0.5939290169039977 0.6272095225648278
0.4135550596872962 0.40838303287595684 0.4280873783144988 0.4325552124633468 0.48401950280745276 0.5262979875911972 0.5415756920559054 0.5367739219748939 0.5230091501987383 0.4969154046381855 0.45316484861438655 0.4771287149406238 0.45334879046797993 0.4605323523406253 0.45161232814806584 0.45156820718124985 0.41869255638149244 0.396781376487428 0.3655846997011568 0.3623142342369419 0.3968971664961744 0.36596933754294636 0.3425880716656824 0.38896268931832495 0.37619285766619004 0.37465032378395197 0.43594421097734654 0.47123868669494484 0.5176878309588808 0.5022580136977745 0.5326841108966275 0.5484622273885025 0.5270264016663874 0.547404563885265 0.5441553400554457 0.559109716396393 0.587952717421133 0.6111722832533873 0.6152371739377849 0.6252078123111723 0.6109830190230554 0.6101679770183265 0.5863499605927587
0.3876034315416166 0.4046927823175851 0.39401947216176236 0.42573126818935464 0.48741323913373535 0.4993688588468439 0.5146971428145622 0.506824358726915 0.4893452014844767 0.511967699051154 0.46961835654602424 0.435573625821521 0.4194335345221354 0.4328062838868802 0.4468294979500768 0.4042155486683111 0.38884860284032086 0.3398796071049714 0.33747470299342175 0.34777808204458827 0.38606474048201006 0.37109777171681585 0.3813598611866508 0.37122516874782885 0.3849881485890288 0.39770429763794485 0.43798599062834437 0.4734997510735732 0.4952453074033119 0.5040615598758567 0.49556682811421976 0.5198717439293379 0.5079401173056419 0.5611719201204707 0.5370295152965102 0.5564709117052081 0.5613777941465526 0.6138413682172975 0.5982837337916392 0.5728974451213069 0.5874058102844424 0.5769677100437585 0.5718486672357102
0.37511801702691044 0.3780090856019875 0.40012476996345897 0.42982458052081735 0.4420232580973934 0.45693434555236545 0.4561702401358791 0.481905453179692 0.48756671411114727 0.5021194375546744 0.44494572286901707 0.4103864350629579 0.4205118791909786 0.44560303392118206 0.41229558886245743 0.3730192518555408 0.34899631529327324 0.37374007668791137 0.34347050976715476 0.3761058407907138 0.4107358479426335 0.3801547627937165 0.3814038447093086 0.4024389966032665 0.40291894128476524 0.44152716378648665 0.43889575361873256 0.4742357686725491 0.48505861691976593 0.48773287224427775 0.48057579717021814 0.5123240025542625 0.5155400380870552 0.5028997384080218 0.520261080097335 0.5497800971364665 0.5850891703810686 0.5894532628987333 0.5832649729745932 0.5623498322937716 0.5640853121458315 0.5735668413493108 0.5484268740840244
0.36022127931011455 0.4013208321257847 0.4070860649517669 0.44796024459539896 0.4488532922599865 0.4280511869893514 0.4210792610696368 0.46651580490045613 0.4722886634508163 0.47289320871654583 0.42116816352230446 0.41585178381913096 0.43239164406486796 0.4400581921615579 0.3957146092443072 0.35237688317069044 0.3365026476391456 0.36131947939683 0.3732938192067946 0.40120008123043416 0.42168981226663416 0.4278253780132064 0.39659046445698787 0.37891285842464006 0.4105764362281701 0.46205812956424486 0.4381474136282832 0.48972932589554075 0.49718744005435733 0.4657829402144344 0.4597915162614973 0.4438715476127267 0.4927393623706697 0.5042713829304835 0.510004609054369 0.5369830793270259 0.5354806747600845 0.5403585372583788 0.5271062547237149 0.5250155914960158 0.5211165331932692 0.5037576256095059 0.5447342677702577
0.34738706134205 0.3733029248989143 0.4114654196975071 0.395062177878013 0.413313485284097 0.39975606394673824 0.40803182406045574 0.40632421452122913 0.445684558788751 0.43150882864059564 0.3990167586562478 0.3765478396943264 0.3822490237688814 0.35565513658084785 0.3550112979473871 0.36765145275322114 0.34619774772353773 0.35731031076279796 0.3524308413367473 0.37461317816208045 0.3679319136990444 0.3877504220031037 0.3664546962508882 0.36527558271834665 0.40800531741051166 0.4299267863429891 0.453467572549718 0.44947372815075054 0.46035285266493686 0.4433461565684351 0.4434904859514927 0.4377067599200501 0.46793540618182056 0.48860405810747015 0.4777075739572205 0.499332841659383 0.4884944574906319 0.4838780702587043 0.5000807782709901 0.5087175788968235 0.49817599060974643 0.520396903590301 0.528052360054407
0.3081893885793025 0.3304430867877489 0.37864680002844225 0.40490452626825024 0.4119410445026055 0.38350413840237224 0.35166390418352333 0.37673739393626504 0.38089499735562954 0.3708316670044155 0.40567423547549086 0.40909277802867716 0.3429595448486755 0.32988329730839067 0.3239967099648205 0.3292555432581437 0.33584417796259824 0.3726009321990494 0.36547823537518076 0.32597623547952276 0.33735826285164194 0.36401267667954534 0.3849451378398108 0.3942005302414642 0.3981318000702075 0.4158340450543469 0.4172727377601692 0.38244338589598936 0.42026750815005265 0.4461585577428651 0.4606337717449839 0.4586366206236127 0.4633901229132403 0.4722033192686494 0.4643914498009087 0.4822884177786273 0.489117011784473 0.4756848333887356 0.4465368512858102 0.4860819681457604 0.48628127307503055 0.4780261615152023 0.521759116894292
0.30511637161037986 0.3435114766029094 0.3548980962474382 0.38256531609962374 0.36794686850654634 0.3421249383043403 0.339798543068445 0.32753446057899854 0.336648854536679 0.32654618100808946 0.36795606143316273 0.3401756949735474 0.3428075849753136 0.33916311979980646 0.3108445899545196 0.3254162623040537 0.3351414313943216 0.33515565046766643 0.33419364534984614 0.3333122568631193 0.3141720267220862 0.3111753019576117 0.33544685966197585 0.3419694982128195 0.3779252278543963 0.40932952957905727 0.3808844662354224 0.39746533111544574 0.3774695293743657 0.4232742693721372 0.44874322915486536 0.4667722482275877 0.4435962013016147 0.4073942259680334 0.4379509971154893 0.4316094470093607 0.41944165059027 0.39955842097607147 0.41543292689210093 0.40826943254061826 0.42999041241150643 0.44910446796602904 0.4624988930909977
0.3304031235442504 0.33211005772076707 0.3150703568886667 0.33327410604969515 0.3471104485408622 0.3228663678483031 0.31058170443818145 0.3144637085963236 0.3005041974798676 0.30418948023315 0.3427920135053336 0.3084481113382946 0.30932367083792406 0.2715169622295414 0.2771195247909445 0.31548619835223995 0.342138774888939 0.3628705594874779 0.3426314746563699 0.2968288907689443 0.29625451361101074 0.26223564961321133 0.32744911456004583 0.30650044885316735 0.3637956696587709 0.36295918283312556 0.3703561062952535 0.3615199273576962 0.3599444245589819 0.40908170791169834 0.40027337525341605 0.4205118722407435 0.41111384767722936 0.36775588552743677 0.3962251399133787 0.3877415490410247 0.40535645096196327 0.3443137351907305 0.38782281238955496 0.3744705887058371 0.39718733372829496 0.411745348451646 0.4461434200502483
0.26694816728337206 0.2974538516870683 0.2838885766656714 0.30876081192823335 0.3211791194369246 0.3012601076911628 0.31193665457763803 0.3281697773917265 0.3296236782157545 0.3057416267595582 0.29569216256150194 0.331268741776811 0.29787016444788855 0.30194958651480075 0.2948978495481325 0.29951759318421217 0.3480412048268817 0.3298733927716319 0.3288623445513441 0.32721927858559 0.2710883420167323 0.25967756019721744 0.3078591635645705 0.3031890005971705 0.3340347575558512 0.3625415516825026 0.37423797103628675 0.38226087482719034 0.3907433108085669 0.3504054935793963 0.3609228653479581 0.34208671500878374 0.36482200128606124 0.3768321366660025 0.3685292268559122 0.3447630855418348 0.3674235420682091 0.38184094496825305 0.3669802239728521 0.3952850467949358 0.4193649851951879 0.4361723734268022 0.42808199956603227
0.2770772364033481 0.23317504010857917 0.2655352639197229 0.2516777269557952 0.2767302143697456 0.2752920664188298 0.2783076477179131 0.32639893418719046 0.29391916097380455 0.2833444178570708 0.3046869203373862 0.3320653642506546 0.31731488547296144 0.30019481002275505 0.2962897386521427 0.2914896835098864 0.3505995106961577 0.33444775919103387 0.3503308695483399 0.3388505653565117 0.27060155011847065 0.2711396447110818 0.28785974426353095 0.2963415019672881 0.3048859275543971 0.3178731954397318 0.37109289209474505 0.37910128009485067 0.3621581898110028 0.31345932615084904 0.34417620009985633 0.3200612480871426 0.33917786946320655 0.34681930895890545 0.329557883158857 0.34251150117965723 0.3571904597154637 0.38550182732090255 0.3757719512657468 0.41271640431205936 0.38447928023588557 0.3879598261445708 0.44268515983386525
0.24536127462216914 0.23233940151613777 0.19321560069986532 0.20083646460577642 0.2500482738369321 0.2805746433342212 0.27286140547400134 0.28783502781252823 0.2903223054265516 0.2916556444474333 0.29900894267779743 0.32001844255627687 0.309728497308247 0.26092649970523196 0.2612848067276735 0.3093935735524486 0.3294700022226109 0.3265199050607264 0.3329474734638819 0.30804821964215556 0.27922088859208766 0.24637478786459277 0.2560418447232041 0.2652627247119969 0.33356954965267166 0.31327209403028383 0.3235410109192925 0.3396792456043463 0.3306453198155841 0.3263725549393471 0.28590148882954786 0.2854913246607053 0.3222240000225104 0.34224496544454447 0.3479167665491878 0.37114959870165265 0.3533571805306834 0.36985311824699896 0.38934789238824863 0.383994945032483 0.3999494259585356 0.3878004335802445 0.39112840583881886
