Raster_benchmarking/continuous/raster-98.asc
NCOLS 100
NROWS 100
XLLCORNER 1743156.3021869445
YLLCORNER 5469279.9273125185
CELLSIZE 10
NODATA_VALUE -9999
[rows 57 to 75 of 100, columns 0 to 41 of 100]
0.2917577011632299 0.2681460756389736 0.22164708481805848 0.20640992062142352 0.13283450316798415 0.12317308663163752 0.11215431003428122 0.12932937547798445 0.1632044965460588 0.1743845692243277 0.1429889689375933 0.17436530901643488 0.17572966811952587 0.12219305807284479 0.11815454983328359 0.11152927735726507 0.07109171323852778 0.06019793259903741 0.08750088782797329 0.1112267656987697 0.1450779560631136 0.17958605953843548 0.1866029153089255 0.20569087929542354 0.17624820270942676 0.1416653214103538 0.14802129446485354 0.16653943773973154 0.21563725910688272 0.2579807724156283 0.29197480960409444 0.32109905109488174 0.33962884265535676 0.3244129162720337 0.33515957572337074 0.3270517398034118 0.3169099594824087 0.28512123526845456 0.30509747542823495 0.3057936737690383 0.2827522115960898 0.2725362463935301
0.29192256756826485 0.2477139752560743 0.2089866804260234 0.18662223240459846 0.1313464116452312 0.1383307834554873 0.1447340073944658 0.1527703636255684 0.14365371144264552 0.16618981507941252 0.13868761854735293 0.1649081385597634 0.1452469770180993 0.1548049929159775 0.12099123509961432 0.06682095635121345 0.07951903165733039 0.09079068673490796 0.08444929982054888 0.14939293958109795 0.1791535606915989 0.1816308331276942 0.1916481471826983 0.16004297514903681 0.16183685981361562 0.15910761359897155 0.16437549290552356 0.1762547071459757 0.22794516087370145 0.24892298491152573 0.29617894522507554 0.3554754424290739 0.35702196582677176 0.3280515837342541 0.3436564991653113 0.33068055454739953 0.346045642325497 0.3014351152131646 0.3084610610660553 0.31793902126205925 0.31005286032617696 0.26238652704430376
0.2584280152943039 0.21371354899172215 0.20644917141541957 0.22456535100348193 0.1637943242299056 0.1563256095980416 0.14604842799432172 0.14536439348814026 0.16221554388461684 0.1792345494019075 0.16115460496464773 0.18213579837182362 0.1516666749453795 0.12348765885997831 0.0990411073771475 0.07552707278129484 0.08934130956837975 0.0694780413011168 0.08505308472688476 0.11130223939630793 0.1451237165969675 0.18544565181068434 0.16171702325398432 0.17256748087254453 0.13827602923713045 0.14628749632620214 0.18725152893588065 0.19295521005896019 0.2210930725641609 0.24861031015100335 0.27298831051559974 0.34905371324998896 0.3333172286433993 0.3280820200867178 0.34486547511948 0.322781308207714 0.3321889482459471 0.3155326610554157 0.2789963552744572 0.27802268594488116 0.2793933627087593 0.27907775535148954
0.21267590057883934 0.23803955446651234 0.26135520550376745 0.2485900020426169 0.2018733468297973 0.17570217588065504 0.14741966726116512 0.08272036849578736 0.1321472330758086 0.13950777275222456 0.14581878074093757 0.18217772670677934 0.1993028491190573 0.18718412652444508 0.14226043643173342 0.09512176589880032 0.12166729000516967 0.08102098874553561 0.08480051634889779 0.10662713971906072 0.13306998155458225 0.15364606437983444 0.17592041650066875 0.13972811333124083 0.16658891696202566 0.15410838704613844 0.15981642101837115 0.2106464516882373 0.2101021889410417 0.22988812465590402 0.2785716452866504 0.35964658805632493 0.33656939821776316 0.36284791176458925 0.35839744201560514 0.3861610156435724 0.3654039956733773 0.334662464938794 0.31559797011014523 0.26056847644908787 0.2833598347793317 0.31371619815457696
0.2134634511349038 0.2627044882043912 0.2579154203349786 0.22537318663071393 0.2189976663477703 0.204539790744964 0.20102966817711782 0.1684992205744689 0.16506913876395662 0.15954923988808267 0.17723199822355198 0.16808340680656694 0.16910472065185342 0.17324500565070464 0.1848943774646869 0.12994155995015566 0.13888421764233003 0.16465642464649244 0.1709856932793879 0.12914035392022508 0.1338734242148956 0.1300962605464208 0.16871770647032247 0.1623863592907154 0.15396389019821116 0.1577168557218326 0.17953034541573437 0.196285225522407 0.22720832284319978 0.27017614473458423 0.2729604980003183 0.35055119927325146 0.3433337302952886 0.36893673373233077 0.40066089448523523 0.37785375958803324 0.3865881283013383 0.33978092823952255 0.3041697986705972 0.28310008200330583 0.3052831835223975 0.29362488339359155
0.2267954768116149 0.27400297359348086 0.25736383252594747 0.2648887239160991 0.23023719044190186 0.25474104227373123 0.25345516616640634 0.22562024025220237 0.2159342632354914 0.2368991659432744 0.22234832699156823 0.1944164323316055 0.17922313197096756 0.1582485185792166 0.1663620038912078 0.2027732405405747 0.21087295036553405 0.20251012455793677 0.20303136353596687 0.20847205275030847 0.17326410902205475 0.13929113090252776 0.12823034971764075 0.13328849154460776 0.1414910045081025 0.18683599284816674 0.19109003548591527 0.20464034918423846 0.25133281105199895 0.27544166486898747 0.29734173094778027 0.3176877454914442 0.3509292454377651 0.4084888265469995 0.40668928272524585 0.4037633122849577 0.3818927152452942 0.35575418241075674 0.3620802781122075 0.3546881677603735 0.30350042639295904 0.31803731394086737
0.2684043020045065 0.23530532037808932 0.24254889895304974 0.27963509052984203 0.2718116107911066 0.26271762103027896 0.2773798353446612 0.29333979373328656 0.26802518029001227 0.2382937737612085 0.2478387883090056 0.2377833541563202 0.17494197748892076 0.168947330723397 0.18318516162619508 0.19235425684222066 0.22905514336251429 0.19513181545639494 0.1999735375433218 0.21873616523131267 0.1684736481379939 0.1320059150657711 0.14297476268746104 0.1416021517786847 0.17969129609146603 0.1926122101816559 0.25152818860778675 0.27657962880149706 0.28824825362203815 0.2770195303697981 0.3295530530321949 0.3535579642570749 0.3782910572468106 0.416118848766482 0.39053767482880614 0.35272284791952446 0.3521002903045991 0.3564166490537874 0.3944098492414211 0.3473972314979996 0.3357333474357348 0.356701629331239
0.2839711133640307 0.24939208360434204 0.24546354269479975 0.25647956627093044 0.26815401926931437 0.2883856623365559 0.30701220288961445 0.3118312152767616 0.27341814624346916 0.28460201925587486 0.2902942060357931 0.25963199398677445 0.22072421599691674 0.19170055310639075 0.2200863952795808 0.26298774465932934 0.20911318944200255 0.18670141957088102 0.17738402198740644 0.20348609060576883 0.19594078946927915 0.17998374839958836 0.15866378662521005 0.16981287856129265 0.22441488529039472 0.2547126864017126 0.2521873111959895 0.27140844160112054 0.31536156585670166 0.30695986757609167 0.3740194841391698 0.40045875985658114 0.4115731726368831 0.4152275649472088 0.4066653147550316 0.33402176209929013 0.3833136886184574 0.40907433110673086 0.3751351242720574 0.36949152523214596 0.3512901842575924 0.37205353627555143
0.2607738649234604 0.2973641574049689 0.2736201878394864 0.2999202858664966 0.28725191649702436 0.29928478582424933 0.34133910545571045 0.3337865186226653 0.301367621153839 0.28820992866952794 0.2836875386838693 0.28248309831232943 0.22078214257454268 0.2070627409750537 0.2329466095433967 0.22485424712601276 0.23474576402673786 0.2205752332037863 0.21291614663429506 0.23026884540533915 0.20726571730686202 0.21814186596417445 0.20231403548701163 0.18402739055101372 0.24063909620726262 0.2777485140387991 0.27935044264095 0.3272649817703343 0.35379923760663345 0.34814047256535946 0.4151490457879111 0.42038392552287274 0.45561430733156133 0.4365505615475368 0.43390427554819466 0.39624775761219594 0.390038687570836 0.42487527857494445 0.4123497585552844 0.43970000847189755 0.43562598982320305 0.3891802946810094
0.2903476548873913 0.31055826932554087 0.3376887385655513 0.34642808453302315 0.3190920828664121 0.3338675742541462 0.31541210339586384 0.3549583266634872 0.32814655208821597 0.2903712860547571 0.2993798945329446 0.2880580634376262 0.23826096496180976 0.23519024648609438 0.24098551143480815 0.26200607820512645 0.2377478886375657 0.2604786788750252 0.2760455635066992 0.2541800659857108 0.22119670283841436 0.1856688894498217 0.20715106771111125 0.19996106663639415 0.23140626647164284 0.252932096200085 0.3179712317917887 0.36595449684546255 0.3550268894835778 0.40338126709755373 0.44930924031892433 0.4508882704155941 0.47472543535558176 0.44841952103773725 0.4694271772184784 0.44408638758311797 0.47781596802299636 0.47062734130209344 0.4726681525781757 0.46856586028573627 0.4697542593618508 0.42977787972038545
0.28010083107284145 0.3175254659981805 0.33806092306346663 0.3628222680779433 0.355458020712659 0.329721217237427 0.310512620842833 0.315428820808704 0.31369540436419135 0.3412324181251931 0.3236008865762753 0.34846462937053974 0.3049528452726291 0.25860885072202494 0.2826576128370259 0.2340728596864218 0.24536403513434904 0.27294636806971356 0.27822931631227626 0.23576932982896007 0.2601623194272875 0.2709895322658567 0.25751012742015794 0.29159705434140454 0.3058971442440634 0.32124232395301877 0.35931613286620795 0.3809472670052444 0.3856934849344331 0.38597508680454 0.43548713273961703 0.47062140553146264 0.45415588820066016 0.483487642743337 0.49839049705051686 0.5008531006079446 0.5170555724492462 0.4902263708305684 0.49381215115914034 0.5072967738990329 0.4613397136576348 0.45264117099853973
0.30297778676772225 0.3410877149052513 0.33218162867883355 0.3617538432562712 0.32390710389549326 0.3084798020000378 0.3058257125644719 0.3537774534835774 0.36329276529419957 0.344716689098824 0.38077924661071944 0.38027936855191546 0.34487403848371273 0.31073770456698824 0.27352071699450425 0.22124257119429008 0.24019117339274346 0.3051612506406171 0.2894650637976335 0.22689220165015264 0.2753611591552717 0.282665052407961 0.29923770599863425 0.32005706926143096 0.3256117937971642 0.35905468748286207 0.3775621880162713 0.4153502394967957 0.4148546645370412 0.41361508084710763 0.4749743722094531 0.4868776788393176 0.46811288610428836 0.48830216095086293 0.5366003224237562 0.5369398481956019 0.5599646262511505 0.5546962575415326 0.5289024071544456 0.5049548364134615 0.494599487481722 0.5225518391775026
0.29363211745585027 0.3390343585147443 0.36154166162591717 0.35677724665740534 0.3631707089098116 0.3269144306023127 0.339030475627538 0.3471275238121655 0.3392276103763886 0.3268728969115047 0.37858930800035395 0.37954542176420375 0.3622853690132389 0.3250347842591879 0.3053949456179352 0.3029066431931685 0.27982427129021475 0.32218339056261774 0.2609851355369168 0.24466172782574364 0.286381079360106 0.3057429608484149 0.29757642206670293 0.31650991145680657 0.3870946739220651 0.4327284743064482 0.43192632469853015 0.47663810575948856 0.44680350094644483 0.4939504984453721 0.5099115539522091 0.5085545223462697 0.52081841235033 0.5657432120942554 0.5907653449448325 0.5636751726521184 0.5600928983213636 0.5501773019884223 0.5388802225324107 0.5244717004556403 0.5534526065141719 0.5341516101817212
0.29133244975401984 0.32491921032214216 0.33995298479114866 0.3659652323261403 0.376995802796626 0.31731138481320104 0.3402337755535653 0.3477736042748594 0.35850048356119407 0.35014866372478776 0.39946891153651665 0.3998703701295049 0.3646410391962992 0.3743081981390151 0.3235395924962307 0.3253915240635937 0.34022330423063274 0.33426328538237177 0.33134402804633484 0.2789047358902136 0.32169513008428147 0.31542282992545356 0.30527052763066526 0.3477073503106213 0.4243339440764751 0.4791906485744057 0.4947929635755428 0.5401990986104612 0.5308328748801581 0.5121687572468634 0.5654424184183957 0.5993098014920636 0.6015223967817411 0.6034452013366787 0.5965435586476501 0.6250043487105942 0.607360296095717 0.6194029673074432 0.6025485615601763 0.5716756044705809 0.5755909841214509 0.5706790913316677
0.3112174381954243 0.34279539149163757 0.3678739058332151 0.34878917596251874 0.3606276546505384 0.3287804308682178 0.3706936786913093 0.346260692734165 0.3494465688940533 0.37613198836563827 0.39231237978545547 0.38445551337688044 0.3761708690188079 0.3828606682681826 0.3415471068393076 0.36090989948782987 0.3657471290740544 0.36740973727419995 0.3701831635916783 0.37639511566847633 0.3696863435564005 0.3815704011045176 0.36828699143668175 0.40300030705548395 0.44864228213190094 0.5104357950704982 0.5310647948316513 0.5374655502020748 0.5674507428435003 0.5383740426923938 0.6018253770643623 0.6077016126347169 0.6511560937775922 0.604368895772108 0.601039158401079 0.6018665249741957 0.6527433880706217 0.6689938042506397 0.6515389445166133 0.6453910110292821 0.6214244456143487 0.6148940568008986
0.3200714991746789 0.3372033344740531 0.36507270002697423 0.36034206624942244 0.38966876192294997 0.3603856521531127 0.3926218438975508 0.37137905910596286 0.3890911233387398 0.38854079242870815 0.38843709578240965 0.39246838989065785 0.3812409332560136 0.346859852458458 0.36655416930731977 0.36972498524252356 0.37421261058900485 0.4104720680353366 0.4099799830138624 0.41102023485094974 0.3979687189978277 0.40451990908286695 0.42736998186046377 0.4237978951939697 0.48018385117081397 0.5532570154035356 0.5876351442086085 0.5824361197479395 0.5930026469695395 0.5674277580530703 0.6180691805624212 0.6845820921735984 0.6570448665376363 0.6147125504594384 0.6423489823760394 0.6266941455473893 0.6433207921477613 0.6450754739356568 0.664233443366488 0.7002292597092301 0.6464903136788716 0.6484074794547331
0.33658325523557925 0.3548411562580897 0.3343844867554834 0.3847713609728325 0.40205926943747333 0.4102186184007758 0.3881486787141901 0.38677299225610334 0.41467178060536164 0.3808230594099684 0.40968881238972926 0.3837093946721514 0.40013542470954505 0.38116462012522606 0.36729695877311735 0.39481997894910964 0.4099573527277339 0.4559096132988248 0.41853387744374526 0.42980098627224006 0.4422070301291388 0.48370997110912234 0.4851201913734794 0.4775955528546494 0.5464644279896412 0.5851587764578597 0.5863522007979549 0.6180497684914212 0.5863131985659091 0.5934362508060178 0.6512317144884594 0.6624287104412301 0.6865284269660958 0.645019859823369 0.6250001200881604 0.650440120051346 0.6490157077893357 0.6952317656175435 0.6687326897049822 0.7170442703524136 0.7053519801254857 0.6910308401401265
0.34945621227121376 0.3531549745162074 0.37663464954775333 0.37431882434246666 0.4111044303698432 0.4458716218996177 0.415995562763643 0.3965793619426433 0.40729683598701694 0.39285621721471986 0.3911062996995724 0.4161063146175696 0.40625560257806176 0.40607414875401865 0.3925566134400322 0.37671568039250486 0.41726232886875936 0.4833672058283465 0.4774719372490246 0.47824773934232245 0.47688187909089985 0.54313895987489 0.5379288095546034 0.544406049841939 0.5597896939207694 0.5622663319264664 0.6231327641097895 0.6221530306675609 0.6096087233957928 0.6477337516673898 0.6611114410382445 0.6837498655378693 0.6678111172713949 0.6659259174286105 0.6537933821391839 0.6870027412341975 0.7061696245859007 0.720922791808144 0.6918227434260535 0.6990857530076037 0.723469539858263 0.6953087696299346
0.35743098919284844 0.4022571269455218 0.43715735488622975 0.41049413698574355 0.4420386147796891 0.42063758310358684 0.4324068692160306 0.41135899595761904 0.42751192284845163 0.39484045051517414 0.3959303376197964 0.38116599507227017 0.37391413493110126 0.3635907325389544 0.39906375955683204 0.38661808372392614 0.4603620354293612 0.48092109486860457 0.5011994811026845 0.507822199992483 0.5222828703072433 0.5658055858872827 0.5774023268942697 0.5954578986306622 0.6028161526158415 0.6094946872459761 0.6291537417306436 0.6618677637009928 0.6718987045919176 0.6855264630267944 0.6920552509364548 0.7205160737561915 0.7206067731023882 0.7040312074841961 0.6574649201652824 0.6554326353035853 0.7263517693876191 0.7463885056092019 0.7572178031421827 0.7471573122124441 0.7195234394696727 0.6856666801903095
