Raster_benchmarking/continuous/raster-368.asc
NCOLS 100
NROWS 100
XLLCORNER 1743166.853184192
YLLCORNER 5469279.838118143
CELLSIZE 10
NODATA_VALUE -9999
[rows 19 to 37 of 100, columns 0 to 42 of 100]
0.4627896967436434 0.4841392108215102 0.5217691974796859 0.5132789132165659 0.549124661686617 0.5704459140509153 0.549932295416813 0.594963918667933 0.6340978416179254 0.6215046266286097 0.6059568130009777 0.6670415205619676 0.7172752590122283 0.7106058113562077 0.7116182200635899 0.7405299551083272 0.7688435168021672 0.7694654927666038 0.7218737162818907 0.7232092190932482 0.7090598005920059 0.7117285622424514 0.7510540329954116 0.7337400749282773 0.7297356357607645 0.6878521956464038 0.6731091859725845 0.6250847203696195 0.6084118441402535 0.5991612083001261 0.6436183847297255 0.6912605655730967 0.7094923849053926 0.6869421316729476 0.6215281943868857 0.6270603611912763 0.6516471017856617 0.6566447770922906 0.6429329344471614 0.6142306007693182 0.5839806875091184 0.5119947940249375 0.46245721927190697
0.4214358245156864 0.43152094517412787 0.4452849811672114 0.5571466543401918 0.6014203171957803 0.6066339134700139 0.5976923680821273 0.6246895019548243 0.6508810815490351 0.6915171280347098 0.6766601152423904 0.6590897220608959 0.6758960137008151 0.6768040295978066 0.6698878175296189 0.7456380602517187 0.744928156689581 0.7218135745830079 0.7129812764951108 0.7054891794651801 0.7620090238221047 0.7262728949418898 0.7078558251118785 0.6835315486659423 0.6486149378108054 0.6436218033157076 0.5928561631407012 0.6318172487918555 0.6429616016002787 0.6316548549717192 0.6450179574958564 0.6726047639465417 0.7082762033485147 0.6625959777275761 0.6033814483515089 0.581451343503553 0.5987540725155855 0.608348242725513 0.6858099924925598 0.6201054654528774 0.6133814318193506 0.5339799055719049 0.4581187504863158
0.4707313172635278 0.5071775518114782 0.5459444229318552 0.5675983297982944 0.614756628197836 0.6395888965776191 0.5854417553153237 0.6235862159492488 0.6393226990750434 0.7034627269107919 0.7218465663882653 0.6986836183057297 0.6574848316152978 0.668939561898442 0.684358921196923 0.7056138098116271 0.6734459767689084 0.65846889900916 0.7041662366999958 0.740610824322179 0.7564674593938884 0.7509333398453012 0.6895170562946663 0.7072488469595568 0.6511911907003368 0.603390612293205 0.6160046452624335 0.5821061183457155 0.6405921022902161 0.6210149373961711 0.6429146281429622 0.6644637777879082 0.6604674395943495 0.6373346226909465 0.6126361126521835 0.6277172957738055 0.5906141242885979 0.6029699296783911 0.5832906823799886 0.6229103784846834 0.5745611851671953 0.5419316996229411 0.5009451607358595
0.5119132853057073 0.5549059735414009 0.5762958745623693 0.5724319454353692 0.6177489779487401 0.6492182645827191 0.602557165741146 0.6005243597527675 0.6425609668684319 0.6764208808071357 0.7189598153974431 0.7305962534648031 0.7022570588291649 0.6504748987995935 0.6923406943269619 0.7091490664585397 0.6351818808838662 0.6529653849317606 0.6500549012827964 0.6820595623352613 0.7030158027861851 0.7078550156486391 0.7091315525970331 0.6512179138592459 0.6355964953500142 0.6139747226319852 0.6199951670310729 0.6051271596441308 0.6073745407503647 0.6156136896768095 0.6666512902911272 0.6738746528605295 0.6628473961813325 0.6640372390850922 0.6313434491726719 0.6127018024399904 0.5652834471787717 0.5742531442168071 0.5500441498949143 0.5940967160498999 0.5301744487860767 0.5453768440202883 0.4796621646232793
0.524290556059927 0.5754975718671416 0.6108880342702759 0.6492573870711954 0.6575456707692608 0.630708028530459 0.6400152521539296 0.6370343422154703 0.6476619300216337 0.6906655426026588 0.712026951400765 0.7466633599688305 0.7177957339827791 0.6549459336838763 0.6412868392538313 0.680918339752964 0.6344027020719126 0.6190177787252138 0.6498584955956389 0.6699424207617636 0.6638063988556243 0.6899732670166451 0.6608941029851592 0.6668354712218014 0.6486203259675313 0.6189174852806996 0.6459046154974418 0.6132493418166096 0.6101631165519147 0.6715127092636296 0.6654741354319655 0.656943511972079 0.6174485786253159 0.6215529019790087 0.6125002006869016 0.6081059935161591 0.5734444679996258 0.5751790621902136 0.5413449600609853 0.570073907666735 0.5251111682768534 0.49166097206349507 0.45060496234279546
0.5085093251632749 0.5890700583937762 0.6300584554325391 0.6296227035834095 0.6845616500167451 0.6729952365974795 0.7007960987519932 0.7106487978064163 0.6740555709448841 0.7096574797950983 0.8101950127077168 0.7263725701184847 0.6931260473428535 0.6439823127565947 0.6655116183785269 0.650870317834505 0.6208178978119465 0.6355306415307831 0.636195070248482 0.6439843263367746 0.6361384722053766 0.6554897990923338 0.6078090219958932 0.6184183865705843 0.6175584538045198 0.6740375577164978 0.7047454721018439 0.6464952153381093 0.6508201431160663 0.6531751860247131 0.6224102161082956 0.6044198996112132 0.6430790774645808 0.6431965975237767 0.5897529640967722 0.6101745389037577 0.5883285726460653 0.5735441644971389 0.5406173307178057 0.5349120177353678 0.5411799238660164 0.5286983416803721 0.5273358157963609
0.553194686576251 0.5624254514906648 0.5737977462875916 0.6325050780462471 0.6723589364862778 0.6953621838206271 0.7264283827853691 0.6980579664174509 0.7280748416046133 0.7697255048477529 0.7974487235354736 0.7650162552313863 0.7180871305068464 0.6978638651604807 0.6906688366154546 0.6507784846601534 0.6516959154351584 0.6787413520570517 0.6468735182655578 0.6633966458828734 0.6879222837117013 0.6719089060771144 0.6548959590495685 0.6428549274180271 0.6542868350745988 0.6973092142547554 0.6999684024839488 0.6671306452215394 0.6507792291525593 0.6627407975042808 0.6218909267893746 0.6125127050696888 0.5651808764137517 0.5795837894904786 0.5461747052482193 0.5894611279153111 0.5426790806357491 0.554894290961456 0.5306650843820637 0.557678342259715 0.5101159752511216 0.5274853460014556 0.47322419436083113
0.5007303342195139 0.5541057556025735 0.5713355236218532 0.6705444115722609 0.7224854225891738 0.708271988606518 0.7055316458731324 0.707968569271765 0.7580473335394919 0.7358370434616334 0.7725612248155392 0.771708143032954 0.747525623299457 0.7102552710522874 0.696389758318125 0.7080453953700072 0.7219239013794998 0.6767312302263587 0.6972953718772279 0.6795628937622172 0.6553483326928904 0.6332880382800697 0.6832551192069778 0.6947154228155986 0.6805328885455281 0.6807512180803992 0.6899556618858448 0.6481014337200625 0.6789908086201392 0.5943290739940671 0.5671585826351327 0.5586218240198506 0.5559890453759048 0.5376780572457217 0.5126959036785129 0.5167157705536465 0.5582394556550536 0.5707357256783339 0.5390619556653862 0.553801838325899 0.48112235868576747 0.5068844710632961 0.4373840673396868
0.529945490168785 0.5662766238809748 0.6258902602630996 0.6797504894465931 0.6974468004144769 0.7079962267618775 0.7367300187467299 0.7612483746819783 0.7847894761663642 0.7613017079094684 0.7732936681649164 0.7392732349907782 0.7117706244430143 0.6748636224958943 0.7043559643480694 0.7090495775454095 0.6817950118665125 0.7395453647816926 0.6834502530882886 0.657320561883052 0.6865922761167328 0.6506990052483193 0.7089645977172581 0.6815776517567097 0.7276122630653864 0.7151326547773764 0.6892773699620298 0.6336778918830351 0.6057122744940585 0.5855642013136649 0.5615300239333846 0.5767727959213274 0.5959124059722388 0.5667076948202681 0.5179982102550694 0.5458463681920019 0.5118802022407414 0.5192897460220552 0.5081013692264665 0.5068762410132048 0.43346964659496284 0.45145378637146916 0.4688850960418822
0.5560171582537731 0.5703589220507204 0.5851460287020112 0.6469059571726835 0.7273515621914164 0.7679830783009016 0.7721517893803072 0.7481104430127405 0.8242867306377327 0.8007624932764874 0.8170183995541909 0.7365387294169732 0.6962151695965335 0.6990020077756868 0.6851728621576898 0.6785204758413453 0.6718402225974284 0.7345630182052926 0.747419449802842 0.7086036022742488 0.6670650411926998 0.6770115619438068 0.7336636088036536 0.7254292126859294 0.6949510122991038 0.7260956319618229 0.7065022097269857 0.6090393523082035 0.5859262128792259 0.555249862198376 0.5203857715026409 0.5701688100957836 0.5565996157441961 0.5506871371893645 0.5343048088332537 0.49401825122660115 0.4624396734695016 0.4847064730822716 0.5175399035079148 0.46830119901136136 0.4291452195203881 0.43404999064227356 0.4592700113140836
0.5374561940480506 0.5696986906112793 0.6062993520344659 0.6779451105334623 0.6966232835859113 0.7518291514956258 0.7817976128881365 0.7516585965561992 0.7664315271407071 0.7734254424278412 0.7204295176585864 0.7064374092648145 0.7273507343619804 0.6891928093676833 0.7186854521551005 0.7203032610108652 0.7232847142824774 0.7452991191944062 0.7350590690865513 0.6686481246279431 0.6736620332901402 0.6710448735740149 0.7066761967328486 0.6701200640973234 0.6765941061066888 0.6707065613521913 0.625178530182736 0.6202441177568742 0.5665722853614696 0.5113830499131734 0.4930338843716142 0.5145397363853663 0.5661339618956993 0.547115928848452 0.5132139702784851 0.5184845928814984 0.48435374592577796 0.4768771785694932 0.511880366830261 0.4604573085951934 0.4519898494572759 0.4514449537653974 0.4566931789335155
0.5146433058956645 0.5639683985212807 0.5836549277751805 0.6804667924054627 0.7167337808826729 0.7196766139552913 0.7149186033387168 0.7448904996296519 0.7376484356701826 0.7624347765696476 0.7103341212353811 0.7135155778287584 0.7410227084745413 0.6727118835644752 0.7376497926858581 0.7245019215136915 0.7175441433212574 0.6889384339951401 0.7164952801946214 0.6847512520627029 0.6458401705816377 0.6376940036893503 0.6624199107171949 0.6596306303274433 0.7009556243054249 0.6375070839978975 0.6357719922189273 0.5987455936330179 0.5231976696776475 0.5295354056015814 0.5109301585166323 0.5418462477917467 0.5578122071497349 0.5386539486952755 0.5610083445705191 0.5029139888147569 0.4638636932953858 0.4937296168605707 0.47827719100420907 0.45642570587913806 0.42195374398760777 0.43390673433054605 0.4294513484587098
0.5328472482854958 0.5765129235065565 0.6154674195431065 0.6813114855985543 0.7494746772496931 0.7546636448270696 0.7487969123101904 0.7710072994964466 0.7650925202451868 0.7193304645571466 0.7126741200959729 0.7191668849448482 0.7188236899860458 0.6621903101449508 0.6691910075683595 0.6638053421496748 0.6390675713838087 0.631676728429691 0.6633654119281606 0.6636359239305504 0.6772168707265533 0.6564696208830076 0.6758892422477624 0.6755875089304034 0.6387020349173682 0.6101256844401903 0.5861408759323812 0.5762776704127964 0.563439964701424 0.5337061896562271 0.5001109276016084 0.49384155146442676 0.5028658586756425 0.5070919140551876 0.540319724300624 0.4990412028777161 0.48704619371488156 0.47180672562918796 0.5059342693575051 0.4961019121389007 0.4828820255771672 0.4578845388016822 0.4052704332356854
0.5406559569950028 0.5970124098347043 0.6478133606606485 0.6889396829118324 0.7132817780038515 0.7323400121249265 0.7616056461423669 0.7971421253180128 0.795749811365544 0.751488775944431 0.7309966836029679 0.7210520444976087 0.6337236859617268 0.6648330758335005 0.6323136064224459 0.647205870476981 0.6197874111871542 0.5995011750824767 0.6117404628487225 0.623510739294891 0.6286056556242652 0.6382409621237869 0.6817362312227209 0.6458019114685942 0.6056807751538164 0.6426191278879949 0.6025179892917173 0.5615965257528922 0.5108935577555511 0.49853484851119845 0.4943037255314648 0.4862236026673005 0.4543094513907243 0.44416901543712606 0.48156425856606794 0.44398481591973016 0.4413731972266901 0.4582874498524262 0.47423879875683617 0.5141632489408048 0.5019096105484888 0.46108571594054415 0.4133409507064379
0.5129993178673743 0.5798903651512247 0.6438266571400736 0.6430291042944332 0.6708530748517827 0.7453039835483993 0.7607810246647072 0.7844320877093179 0.7748615187157151 0.7700284267182136 0.7418016062180428 0.6856858326439794 0.6931307544828628 0.6617465013632539 0.5952824294513772 0.6219353940880049 0.6406222349442762 0.5940017120674924 0.5835561778722296 0.6168166038458561 0.6340280049097179 0.6652437159389131 0.6886535018554748 0.6719347295236843 0.6124088021962336 0.6172612148690692 0.5553082693199513 0.5861078773261778 0.5507402065061046 0.5347114629213354 0.5090604441338451 0.5015389123827516 0.47484994035478323 0.46143236022776807 0.5038763145990379 0.4529705511909439 0.44242384171047805 0.4638063580172882 0.4721494397257585 0.4706853538729189 0.47936801984347244 0.4502268519203513 0.44609920536534303
0.5626343272445175 0.6230577012379055 0.6472298098298972 0.6344571157282792 0.679566114106991 0.7517932533494688 0.7514654360099381 0.7132273891139977 0.7270530348357107 0.7142781064567626 0.7118403013479317 0.6533821064171 0.6533965089407757 0.6443851293052927 0.602391468117551 0.6234403593144645 0.6223495852576285 0.5964682399005286 0.6120068771004642 0.6494235232968434 0.7004813800632108 0.6775784009100836 0.6547581993411207 0.6378853572009963 0.6220924220304164 0.6083834678450358 0.5323401431492649 0.5590354736988457 0.5778963768315072 0.5496776845721438 0.49727621323096605 0.46744549959999754 0.4669519986909298 0.4836381877176358 0.5027422728369053 0.4890336161467095 0.43534580989941346 0.46893463272072117 0.45416491368920187 0.45021327535642036 0.4824428412114397 0.48630928148322566 0.44076071404604705
0.6119729818506021 0.5928894874733892 0.6143120329912192 0.6796884815045179 0.6950000987875817 0.7259308440491491 0.7377486931325157 0.7117384106872885 0.7110836753638827 0.6784059417527122 0.705925196965151 0.6546742866356545 0.6700257918358843 0.6591589724457985 0.6055564116535358 0.6329138016679516 0.6411802406855004 0.6365400447493887 0.6867353841394043 0.6894272020861453 0.7122320736282852 0.6920140417630215 0.6971507329159592 0.6493663410100935 0.594512240653125 0.5784354388254181 0.5271886930726619 0.5282608757966709 0.5558938117308564 0.5606438568083725 0.5201948251531019 0.5133100665827925 0.4401303682604854 0.45538513631400696 0.47083999107586205 0.45526331031949824 0.43559412581380674 0.4613135044925635 0.4358107128710906 0.4953494779635133 0.49639199713682125 0.47880961856958054 0.4720317020080387
0.6306816886544176 0.6355246640124117 0.6465783727752867 0.6836029574684581 0.767382062007221 0.7267550967342374 0.7890366700497069 0.7325125519114705 0.7070243749958811 0.6795540425463185 0.6571355623817879 0.666705101745773 0.6513108811863947 0.6340157260310809 0.6463612125852051 0.6532158214940149 0.6570242067002741 0.6718622707833063 0.7466047239937725 0.6924847178490864 0.6430883618361439 0.6669244603669314 0.7039398872153756 0.6601608839084196 0.5735385879086764 0.5878359444934532 0.5192679078587472 0.544810689720805 0.5686252276093043 0.5598702707316198 0.501641671561256 0.5075100425899686 0.455149000759394 0.5049674741416113 0.491384303451725 0.4484090327190138 0.47070862572431155 0.47913841222472836 0.4624339071245582 0.5222709383728261 0.5018218255272014 0.5079689488967088 0.581588168934219
0.663979438267612 0.6352297363969627 0.6974161397888797 0.7593812745145072 0.7822984663443039 0.7524575978194279 0.7466082009300984 0.7527039964066903 0.7372817381141737 0.7423822570660735 0.6946445911185872 0.7052850662593328 0.7174166911496849 0.6934925841261214 0.6732505041354605 0.681746064049804 0.6628873526760959 0.7085510693121999 0.6946862541274186 0.6633048057172941 0.684321596861271 0.6997315536538358 0.6899308359535383 0.621359483112348 0.5754516723482149 0.571275790108375 0.5478292366217163 0.5511662327884673 0.5262967096653509 0.5026650160663143 0.48078929227623046 0.4739292816261028 0.5315174657228674 0.5487438271662345 0.56583007216626 0.5006694611939971 0.4914066680960547 0.5008810079661723 0.4963033645494891 0.5181800622015628 0.5648283480178168 0.5930575006986918 0.5785183908665438
