Raster_benchmarking/continuous/raster-415.asc
NCOLS 100
NROWS 100
XLLCORNER 1743160.7985655642
YLLCORNER 5469282.529359086
CELLSIZE 10
NODATA_VALUE -9999
[rows 76 to 94 of 100, columns 0 to 42 of 100]
0.4564872967101799 0.46284790851558216 0.49563092255484575 0.46292135898612347 0.5062357456181261 0.5129317724613293 0.43726659820717967 0.4798359693077283 0.4781665445205227 0.5515995989752286 0.5454801301322035 0.6540550104364908 0.6936148211705107 0.681363951094839 0.7578044782442989 0.7560080164524074 0.7090630590586833 0.7796340237543867 0.8470605004508656 0.7951022332878712 0.7708744181655511 0.813256546680142 0.881161889436659 0.846735036009034 0.84399854236579 0.777247401673755 0.7933135933566308 0.7580180841048207 0.6894206167665663 0.6603367458500561 0.6493085152081871 0.673336397114255 0.6676758753843769 0.7182255731466168 0.7684942396132775 0.7210536268678785 0.719056739931206 0.7331240729575573 0.7392960181531163 0.6961558487371732 0.7572369015099571 0.7186570581530335 0.7072421766111506
0.40747541888922806 0.3887992892937734 0.3888685314015384 0.45391932185200734 0.45627498369021807 0.4734144754311052 0.48591503890466975 0.46376799564081994 0.48106605934597474 0.5779442840968662 0.6422356136614025 0.6497659703921861 0.7199236442426193 0.7278307384483707 0.6760881339864852 0.6904003673485228 0.7167360877470499 0.7209462458247042 0.8091571747855418 0.8119247822328435 0.8323721680410694 0.8504308607711294 0.8572848924417842 0.8443487075120457 0.8373449425198577 0.7923667810283573 0.7593364823909039 0.7738662567969502 0.749986795701718 0.758169154058938 0.7321621946516946 0.764591808667365 0.7148371278183421 0.6922129990843284 0.7463054131777287 0.7340859959619687 0.7509340858559702 0.7537531951368369 0.7643899005310785 0.7046230402047403 0.6996373324402837 0.7128010194417639 0.6735228180823752
0.39405723597806774 0.38072113424903337 0.3465900160363415 0.3843145815013891 0.40427685612381276 0.44076010575913416 0.5389609109605314 0.48133582306432904 0.5447772174564769 0.5801233546207212 0.6371295480944416 0.6412775885242902 0.6536313513188987 0.6790931890935059 0.6757415462292795 0.6932850870683058 0.7096479105104939 0.7362043506340248 0.7618170193637903 0.8001731588741609 0.8541699591426325 0.869339048821882 0.8518504672945386 0.835234177713467 0.8280382805308782 0.8346479698197302 0.8085031571189112 0.8449130181437596 0.8147606755781145 0.8335513902243884 0.7875764639671897 0.779986835979189 0.7920017679292535 0.6905739000749206 0.6909466617283961 0.7201693008684101 0.7423167221268425 0.7666704447368881 0.7101965403642772 0.6605802058797392 0.6813931924992801 0.6483071389229009 0.6673577625774787
0.3929102779990663 0.3618179685849709 0.31545355180781165 0.35657977395119617 0.4455345553412488 0.5032707428438052 0.49522301560074644 0.5211759486378921 0.5526972044753515 0.5287856037866706 0.5714351674421123 0.6201203111166991 0.6201254165230657 0.6818827183244428 0.6839123481163353 0.6492363895791134 0.6625197706797025 0.7289722311598272 0.7378825031866096 0.7843229705655387 0.8070179844703731 0.8660279195895197 0.9233079521823411 0.8922317330299246 0.9135431042101624 0.8458990135409556 0.8451480127078982 0.8411879730059634 0.8584752114215021 0.8430866528085752 0.8339352747686651 0.7785269047021701 0.7793263658928936 0.7356069779338839 0.7278202434205253 0.7047043175435919 0.6615732869087512 0.7165072194805219 0.6397092267130484 0.6772235068232033 0.6321573515363756 0.6886747901756503 0.6347280210831794
0.3436436262405598 0.3848197282114633 0.3546384200834545 0.4016114314451874 0.4175436278942544 0.5012431673108596 0.5340104352848076 0.524778058678133 0.48279987405228747 0.568117917361287 0.5615844703921414 0.5775252266733554 0.6236841804789373 0.6406212005607679 0.6620341749694172 0.7051081143292294 0.7012831223847174 0.7610863433514552 0.7834673387269762 0.8212236748873935 0.8346616148778528 0.8870559340296527 0.933712295171421 0.9529202604676801 0.9611123306544987 0.8729546888273315 0.8913456203944262 0.8012107996401095 0.7873963982049037 0.8613705953134893 0.8609733573360905 0.790234344481622 0.7180806981808787 0.7519442594525702 0.7371565074628945 0.7048412509444899 0.6480831927111479 0.6369251641527988 0.6000176599474359 0.5922505110726427 0.6403547456472659 0.6816455919446784 0.6725842647922637
0.3639462510510666 0.3301127715651912 0.35596549224512664 0.3523649805018319 0.4638486123513674 0.5006215397998649 0.5060534016477538 0.5250920948512954 0.49410332986043476 0.5698650549239312 0.612384445842458 0.627773431259868 0.6377511837037354 0.6457612169519424 0.7294596806266942 0.7303684524403973 0.718417211817347 0.7427034425517189 0.7661750876706651 0.8709834401258949 0.8808575008012526 0.9218317863980903 0.8967206297623829 0.9127763607538614 0.9098180293416482 0.8928936983326152 0.8378298240471108 0.8338116785084985 0.781437494510087 0.8001077710045034 0.7635187851632816 0.7567372758532623 0.7607290513726306 0.7369611653989308 0.7433808263742714 0.666239625819965 0.690394503103955 0.6074025123812947 0.6098980966653432 0.576380575949826 0.5538890872372662 0.5836270855534336 0.5589688900679842
0.33142963349636967 0.32511505204906965 0.3200344821530282 0.3635003349446394 0.4226588727034327 0.4595931983009025 0.4894518122955957 0.4900152363091088 0.4983316011494861 0.5506553349441875 0.6443853627607754 0.6126628153538763 0.6577340619486233 0.6850834398207438 0.7423292107652982 0.7548705407196138 0.7223396188419867 0.7576848827013972 0.8132338064477447 0.8898706694783758 0.9226516322756048 0.9098646292655326 0.8764872911332758 0.9074728768018072 0.9402901649873245 0.8924945931274891 0.899122244244974 0.8408412491320635 0.8401007641767464 0.7712655987789259 0.7814877435491604 0.8098645910319381 0.7389752403067217 0.713386972349024 0.7158581862303627 0.7098551314214366 0.6946937322101445 0.6481568099358873 0.5625599213165879 0.5626416931549137 0.5708454090794884 0.5094931578854326 0.5310270033383317
0.3077142013551783 0.3543010549762543 0.32145236258505255 0.33582776920318647 0.3822386769573616 0.45071133924437723 0.519860042130776 0.5646620838058141 0.5721622517719204 0.5476287796029262 0.5638572944835896 0.6004218214059177 0.636864143596697 0.6665150307296921 0.7630621862756171 0.7468407114729584 0.7557756177277524 0.8301435163282057 0.8611853409134965 0.8832551553915502 0.8829128146749732 0.922008650345771 0.9436951668701736 0.970896505395049 0.9443023817051241 0.9538978397824263 0.926211062139448 0.8840361437737784 0.8652220815233664 0.8197853717862034 0.7551498719514113 0.7977427258358237 0.7136610787419451 0.7048485901446794 0.7015355016702306 0.6966300097101819 0.6819877882240514 0.6099493240058128 0.5538565518842602 0.5590172053350405 0.536686643882378 0.5158937867449674 0.4671836053893399
0.3399400888001635 0.2982351178197781 0.30851314745515845 0.3517740615777786 0.43768332198615867 0.4853607347543284 0.5898573521334319 0.5491377322946545 0.610448521376681 0.5528912351165666 0.5863505141942755 0.6606441933677539 0.6439568459146826 0.6948607344822872 0.7861357681530716 0.7930994818559718 0.7807778690986347 0.8044676977711527 0.8834624717934612 0.8558417428669132 0.8686572444113848 0.934681346147322 0.9760351780424574 0.914134453446051 0.9273224105363663 0.9480429561146537 0.8925447529429993 0.8287842867564831 0.7892876307455328 0.8266876503840344 0.7669597478916221 0.7957878437108783 0.7408130510053248 0.7193927575232588 0.7493565596063531 0.7057914025984448 0.6456856969866466 0.624352406235401 0.5042920380359753 0.5092689595950913 0.4478503264796342 0.4846045093252713 0.43930708845603456
0.3328004466823305 0.3435903971201375 0.34528925666902593 0.3845445520583908 0.42719189152094145 0.47672092819264617 0.4962690014313753 0.5858998760891749 0.5920347346917589 0.6124626688327757 0.6405676803814719 0.6512798352674062 0.6430031697824059 0.6615117266358815 0.6913256530581408 0.7224371110959878 0.7465061857224836 0.7576642024774064 0.7672163964251337 0.8415787393785485 0.8760391790076134 0.9135644849691923 0.8786805754803563 0.9181571754433034 0.9163421700740612 0.9407633247556421 0.8881463525821004 0.8598533600232274 0.8304843076995262 0.7743761663205614 0.8026256061889596 0.7891464332723327 0.7721183419458448 0.7197130849813252 0.6860163125077878 0.6811656581417499 0.6707022547641135 0.634859023556629 0.5389746213385386 0.5553808904365986 0.4800691304268677 0.4604194744344077 0.4795700459456871
0.3719791842703581 0.3374716628707328 0.3557197456415419 0.38136243901532896 0.4505671233690431 0.4527562154882491 0.46824583818110255 0.5387638776872277 0.5277969371946707 0.546980145360112 0.6038351161245304 0.5989677510776369 0.6334721279197784 0.6515605581702274 0.7184285092248365 0.7188111898549358 0.7156686128483682 0.6912682675013452 0.727970901981525 0.8369729194342268 0.8277376258546397 0.8277813041305758 0.8384445100899187 0.8601762669034821 0.9405728718431703 0.8716840263750242 0.922670711333773 0.8393023111023478 0.8703378034056243 0.8105975934647716 0.833282583716597 0.7795256788677805 0.7230614503267466 0.6950944770302941 0.6665496967529448 0.6567282784449969 0.6814337966418071 0.6525294534141245 0.6221325774816095 0.5450752846079419 0.5178902349351129 0.5342695937359988 0.45922192024635494
0.36458870017458833 0.363453652985283 0.3775294248058888 0.41987525416551497 0.469917014634966 0.49286762320533023 0.46570318419165224 0.527610338661509 0.5469415894249418 0.5983248644834602 0.5920944039862519 0.6124430727670296 0.6596825684983811 0.6630275284909957 0.6559333845680391 0.6832838225481686 0.6746293897299623 0.7034479466785267 0.7139150218596123 0.7878886641075504 0.8443534364532599 0.8689267100929052 0.8506263812573036 0.8344719236620814 0.8943166954895839 0.8472255784413805 0.8854336759617798 0.8337311567440383 0.8216628317018918 0.835674235821749 0.804776561247303 0.7996705563336165 0.7358244146219898 0.7127839363077995 0.6539113299520184 0.6404346503099443 0.6696546981365767 0.6873522126558763 0.6627405352973965 0.5802559388025679 0.5521081546745898 0.5911824978490959 0.5120885867762699
0.36607537460902156 0.38354287898429595 0.460575260849631 0.4162075257973989 0.49024652209238695 0.4788647751755429 0.48101644583509146 0.5385015805131435 0.5856548770581911 0.5974315763238809 0.5830447358624936 0.6031323882086147 0.6671702820059312 0.6532270170039658 0.6191818217367187 0.6526454489813146 0.6480388150511852 0.6823876935347547 0.7304618121012635 0.8205246422924902 0.8777808006935772 0.8887059269582013 0.8665632652881435 0.832469125298949 0.8390116923484419 0.8777050572052455 0.8524331525806028 0.8002605955335036 0.7960168137833565 0.8254934949085334 0.8122737304117714 0.7631970457624546 0.6790748532187524 0.6746409435640658 0.7245809736977749 0.6885630310720646 0.6471764551859024 0.6408016837608022 0.6383175947216616 0.6092855586061823 0.6382738054034307 0.6389016311121787 0.5840688349635085
0.39216395231701134 0.44400875625264635 0.4007622420936591 0.44552257569243936 0.43749132153846954 0.4320875793659181 0.49831106272742287 0.5155438601843715 0.5507569760610821 0.587176388442901 0.6059294610878707 0.6197512927730566 0.6901109298134842 0.6723653798096805 0.6342960726855821 0.6757250122171428 0.7128362758878517 0.7448114086875557 0.7655409849228887 0.7929132722597743 0.8709059387613952 0.8470397156863292 0.8503298943383394 0.8007096478467578 0.8064318891726193 0.8373107173564595 0.805559970347499 0.8161239772366407 0.7978476351961544 0.7515211427224119 0.7458815535261272 0.6959713049948392 0.7182698480748901 0.6996997645524906 0.7089753971259123 0.6701332641723019 0.6323576539378496 0.6459630640313638 0.6712055973076738 0.6185272229399641 0.65759175146236 0.6347566900977769 0.5645852476412173
0.4170518872523965 0.41148161009924333 0.3964095812530272 0.39002351097284993 0.38541878495495313 0.44745628074847743 0.4614161637757215 0.5030962146310093 0.5730274264786265 0.5816958320520585 0.5832340935674988 0.6212530659295289 0.6585584742181766 0.6946169262244554 0.6606996112894311 0.6404349169855285 0.7042912076409431 0.7955362630938674 0.8349642222048822 0.7731470291986535 0.8315977073576947 0.8223887248866821 0.8160133145581646 0.8357339269779687 0.8411787114560256 0.8626916970293618 0.8805313306104054 0.7876748453876088 0.8163620150296587 0.7760487194821356 0.7136716962950578 0.687537058166645 0.7327250977468457 0.6881358312772552 0.6335790314881298 0.6172520089578967 0.5685078390921675 0.5645275806199982 0.6226707917702492 0.6056567270897294 0.5812238229692454 0.5966419012246741 0.5988510698044119
0.4259381026612072 0.4055262214200325 0.3800962580623314 0.40725953925129565 0.43790816229013596 0.45813313084448876 0.4723234408570825 0.5137129242050277 0.5355724405883499 0.5587247038336933 0.5941121502253577 0.6390344159597705 0.6099054275386142 0.656913528974587 0.620420481096539 0.641681966888163 0.7305647019875696 0.7555191711110611 0.7656621710119458 0.7569850648710754 0.7885868113892593 0.7887153320100743 0.7500523683011062 0.8378960767274634 0.840273087363763 0.8282789543136045 0.8705776911155353 0.7989859976932353 0.7804884654583214 0.7806278080935914 0.6857322985359439 0.6543379076933592 0.6194618220710091 0.6088916687666683 0.5442299035138229 0.5887278694680731 0.585467988411471 0.5599408786087202 0.5910381740190239 0.6323074799844135 0.6275473686411749 0.6054456375274105 0.5999933687417776
0.4452689394317393 0.4075325655679875 0.34542211048960714 0.41381977012594084 0.43478527387581223 0.4568375953070539 0.395670643737876 0.4773210571108904 0.5062700925898462 0.5563230230754792 0.5727474951369955 0.5869397727625759 0.6122065533150324 0.650208159402556 0.6331572535019457 0.6271589919718054 0.7119239338092812 0.7869698654671679 0.8069327417843188 0.7056866064178667 0.6999291249773039 0.7272573827309674 0.7159608096949389 0.8170824531861258 0.830865414977031 0.8650798312146858 0.8506997663780179 0.7859501636724081 0.7783739571310124 0.7328820825538934 0.7538771142933324 0.6522199593576279 0.5787652180462692 0.5388968520642932 0.48219320240392644 0.5575608437281291 0.6008496685888655 0.5526211283042576 0.6044004671258443 0.5832267906970965 0.563185285173164 0.567503879352081 0.6383047049194166
0.440051765994579 0.4028113466741011 0.4259256096940941 0.4295729633541283 0.43721110550169184 0.4281733853825882 0.4515810798932602 0.5072398760568267 0.5414301400591351 0.5706292580774884 0.590518414513602 0.62327536005263 0.6258307214328703 0.6175580582361998 0.6504029122502827 0.6745887511304668 0.6963926315652373 0.7230318192477297 0.7200648456429523 0.7026292778761792 0.684730912540513 0.7350153093686715 0.7424331641563175 0.7500222628305953 0.8113726115384794 0.846483444737642 0.847165518703293 0.8064637169141824 0.741977605357012 0.7034678967368755 0.6533001415824718 0.6036476408268547 0.5901605612321174 0.48875247648889014 0.4473447895080047 0.4945141313720434 0.5136278806769801 0.5402848922350226 0.58854306328675 0.5611832011123691 0.5580232260617938 0.5662631352343479 0.5874350960480518
0.4703996527602967 0.4197089049876874 0.3873371387318462 0.4877840145649392 0.48650032024290757 0.5121508533222028 0.5457163822546552 0.5935616688215861 0.6081890468037899 0.5940676663906171 0.6619658336563049 0.6807691446571356 0.6406910481166208 0.6067408305013681 0.6473030369048809 0.7018591613719648 0.741149383162122 0.7197142539792264 0.6594054347498034 0.6761763204731045 0.6403209885593532 0.7122229197771021 0.7435196526914667 0.7337854649105896 0.7951516790952802 0.7994475188893573 0.8463505773752085 0.7961117694598662 0.7659400730638517 0.6971088080154105 0.6563169091816898 0.6056373365850113 0.5726804657005792 0.5281318584836311 0.4787792596360991 0.49949972714992685 0.5375118955596634 0.4740478031864617 0.49795381506922365 0.5094383840136293 0.5197497448469622 0.5134328305655633 0.5317220803563666
