Raster_benchmarking/continuous/raster-364.asc
NCOLS 100
NROWS 100
XLLCORNER 1743158.7388126543
YLLCORNER 5469283.8487440245
CELLSIZE 10
NODATA_VALUE -9999
[rows 19 to 37 of 100, columns 43 to 85 of 100]
0.44321250565160014 0.4476779181853143 0.45686720999822156 0.41958919374362325 0.4079825097418159 0.41626981488356285 0.4605571525260708 0.4873639577777716 0.4897755810636408 0.511105717367539 0.46737293471585944 0.4019974361204311 0.39584238460595705 0.4035689585924435 0.403373948896563 0.38672830244080764 0.3829572714382243 0.384310304668239 0.4192041543047185 0.42914609372269796 0.39601047650161425 0.368527235754316 0.37968996463188 0.34771040075047915 0.333613209970291 0.3020545609193466 0.2845580008978704 0.28131435143172406 0.26876714017599873 0.2753777138766764 0.27658992215755906 0.2717314152933492 0.2977383024081185 0.2966953411911053 0.32311109138949756 0.3377889493699973 0.37940663202787017 0.37622473289670716 0.4053527524358521 0.4142362674025507 0.4687700399768348 0.43115138256711216 0.430326652028593
0.4257829548852755 0.40087188234264975 0.4261040070113087 0.42359132205108185 0.3825360226960877 0.416704634315082 0.43188953583212203 0.49777241740302586 0.5156627040805426 0.5004182301170488 0.4453866151078064 0.4141568235393787 0.38031283656964443 0.41170951690124125 0.3801895455367569 0.3705091676952314 0.38267357862548856 0.38817246189311233 0.4079304702118005 0.43648207614015716 0.39892362358145694 0.38175628214915397 0.37775640349534284 0.32580463710437413 0.34384836676918334 0.32728016601566867 0.2928220714082224 0.29280342655532904 0.25956584731817534 0.29282477540366936 0.3079641306253058 0.31234166567339505 0.3180781642255386 0.2796871093151525 0.32653211865261006 0.34745352222443265 0.36928925004623847 0.3775271594303484 0.40068025990879014 0.424294766671882 0.4478122958582376 0.4494820548494263 0.45592344737303603
0.3748426335088166 0.41006534231643066 0.38895281377155105 0.3731464711370727 0.37763684938215203 0.37611996126294855 0.4163274736902244 0.4899718420070166 0.5072617969003945 0.4859784943248349 0.4720864287351958 0.41598029764902605 0.3930053596388948 0.39347936935963357 0.4075192008901863 0.3869050414621354 0.4027681369260347 0.41378430882916944 0.40878496387124197 0.417608413127753 0.42737320753536634 0.38236707624264576 0.37153489243081134 0.31456850055413055 0.30432037225634384 0.311167502831173 0.2946817058128507 0.28724003900036144 0.28525876906662084 0.30970857848915045 0.29597636708731045 0.3109417666549663 0.32407565312026665 0.3215492600942817 0.33048701462730407 0.3774517792491784 0.3792066435152433 0.36790914877955355 0.4148024575597117 0.40595627259075573 0.419325359685746 0.43316059123086886 0.4544054387575248
0.37600798062821833 0.38655410351398245 0.3715075574999804 0.3685955591696283 0.3772991948718766 0.3798161894940254 0.41291847844014595 0.4570907227191493 0.5049725549092935 0.522737610807971 0.4377528431701067 0.3799493968917407 0.40635277192726904 0.36651251553966036 0.38620224190274066 0.39794003190869265 0.38302177155650874 0.41337362216473966 0.42705208794260124 0.40277710392823074 0.4302291127263296 0.39432885014425045 0.3786605611848791 0.3315687510837761 0.3364108745090774 0.28234866965543576 0.26235855159265115 0.25378695502603127 0.27705242623462906 0.30008586239192414 0.32193065872831006 0.3437331699353497 0.3245938579828422 0.3243205704304211 0.3229657717167413 0.35749622038766476 0.39375451491773206 0.3881742606412153 0.4067910991782413 0.37609308079918136 0.41248155671476133 0.44305701454280194 0.4211996725888389
0.38508480892203 0.3924419076221612 0.3788559700157994 0.37249396153184966 0.39970613541182287 0.40100933033489805 0.43900280903962263 0.45020869861269264 0.4597827014287049 0.4493173156633042 0.43855143827564397 0.37458586398120935 0.39202101971240605 0.39233189138745406 0.4135704005443225 0.4038837363025711 0.41258787465546504 0.44186049892283846 0.44527249852372136 0.4317861604205773 0.4231744203450674 0.3983132906072214 0.3704810864789943 0.3209017847479423 0.32935949685908833 0.28661372205036273 0.2982949527759413 0.2962749896366275 0.28159213660978316 0.31308570736697283 0.3199611525230651 0.2996999560543975 0.32827461925467566 0.31819891846885484 0.35067962324342916 0.34579398197205896 0.3783646693784015 0.3755255649394589 0.405514919345437 0.37373437305163654 0.43101709519065484 0.4185598813100553 0.43862860714744467
0.3987213408954258 0.39702946021862057 0.4112916475683884 0.4064889405234976 0.4335458102472074 0.41594916895314804 0.40979118882297283 0.4280331840732292 0.4626106700004736 0.4448433040581174 0.3905667768473565 0.37044544270534374 0.38633766675065484 0.40195881908875375 0.41850016829573516 0.4346332634069205 0.4230612628363584 0.44254197256692224 0.4238126695283007 0.43410031392095205 0.4052784582803803 0.39106959969348953 0.3440091149417254 0.3304854378861287 0.304557052019579 0.33057881704756753 0.33535100811152785 0.3150384890699733 0.299114448282951 0.3139385608852344 0.3241639319817551 0.2954036026336568 0.2938656980703407 0.3370886720069785 0.31391543717801046 0.3344114407666992 0.35341186030303673 0.41947305797100193 0.3925317921611394 0.3866711259236879 0.45376018136652657 0.4426903071091539 0.4559866881729371
0.4135502486038058 0.44703540467387126 0.4535164795028387 0.43844822325570765 0.42307681109736445 0.40142035678801435 0.4212956716697685 0.38822343523490754 0.4147004098045911 0.4312870261761446 0.3798089748006965 0.3644981510884994 0.3690017793896601 0.3699718175377443 0.39810194728862913 0.423705044750703 0.45064882425560426 0.4233912189930403 0.4290996456389419 0.40157242822543276 0.3938607881232782 0.3467326764534468 0.3196685913346034 0.3112759632420838 0.31700858601017107 0.30689343600853713 0.3444921010191456 0.3345070717141286 0.3333286543204999 0.3041559476800676 0.3108715231125316 0.30596319908406033 0.305462613445133 0.30874940833577896 0.3032802441109861 0.35882363205480355 0.3793499519124616 0.4133680875209376 0.4219015733199898 0.4467235324226248 0.45897694864545174 0.46288928434734444 0.4159890134972551
0.43023792656967746 0.48616545733246824 0.48166052681677796 0.4685477581191895 0.4261073745342442 0.4394373485349448 0.43341625922114385 0.3877654735944264 0.38136909706281935 0.3984168636711789 0.3708064677760801 0.35712532504188527 0.364643780451913 0.3701236034527826 0.40631113760868204 0.41917492572063436 0.43730230564395783 0.4149719515618836 0.37594843056012767 0.36908517993620693 0.3706323902550937 0.3422049664904488 0.3289412189263468 0.3122098694940912 0.3462403739629839 0.3224248701779015 0.3557102364803803 0.356383652571995 0.3221003775404428 0.3494292334384 0.34555998027012325 0.34742352986997826 0.3506148231748973 0.31482900551218607 0.32563468112491006 0.3270254715097065 0.3998004509073978 0.42680772159951624 0.47641281757091203 0.47935860605091185 0.45213781349874493 0.4318473883975157 0.4293202332247995
0.4714528586063209 0.4696617537329538 0.45986183697312777 0.4493155074785727 0.47746641458902916 0.45262278242927745 0.42597798238698853 0.3911539178537717 0.4232757664090541 0.4172548879968931 0.41177521894338637 0.3781024502002599 0.363870288942915 0.3566088226247513 0.3879986512733577 0.41917179921570685 0.4228480441032606 0.38146167344979104 0.3579763557455546 0.3339012262300489 0.3467093863317629 0.340911748903152 0.323277260130409 0.34527256748428675 0.33910408697749533 0.3658634506284682 0.3573992286880614 0.3465369018419348 0.34612338402695597 0.34879271466742856 0.3233609871448833 0.31514554316275845 0.35224514749618985 0.34437811567461735 0.38331728895173744 0.3777410502045887 0.39527790094735676 0.46918517713323443 0.48297969281966546 0.502339084652629 0.4567020385978514 0.48618792637857605 0.46693879355496587
0.43521727023040246 0.4745723489165564 0.4790482021048582 0.49617097008634287 0.4856127293377325 0.4559363332088671 0.4408105386609426 0.41788077458319617 0.43200025228015315 0.4290739767094828 0.4349627117775861 0.4080068000862076 0.4070638940795112 0.3765330070112889 0.3668648291377764 0.35927108418396125 0.37012306990580074 0.40432088390333365 0.35724644243014037 0.3202243064951812 0.34501468783338424 0.3236949561917322 0.3481431195289232 0.34590893256041444 0.3511109508207323 0.36303322556582657 0.37793067354279464 0.34022040187219754 0.3224074281770894 0.3044497175175505 0.30084954238173317 0.3186023330885272 0.32948760352075473 0.39918982428222965 0.41239316705889884 0.4010298550013038 0.4414799370659824 0.49257543976064166 0.4943420634530233 0.5014762997329981 0.49418543683211014 0.49958053641001954 0.4478335404799926
0.46449003012660045 0.48498947346015625 0.4809858069980019 0.46864651993458406 0.45793212511140985 0.45074645396678453 0.4810180029638034 0.45675981907036284 0.44496967742318994 0.4452831134059288 0.4335303087633498 0.4502033562076812 0.4325514233101851 0.3919989678950922 0.35688085959131627 0.34054826797224147 0.37498261928542964 0.3729745119881727 0.3796403104701855 0.32881955704041804 0.29427822230868395 0.30349210767538526 0.29998798359572726 0.33214842115481313 0.3790517753821302 0.36127858026001725 0.3799249499086894 0.3916979476045906 0.36474872329659624 0.3254429415687718 0.3243401697813984 0.3279704659826351 0.34492955731097497 0.3955610932478275 0.42479113170880256 0.45922705443907247 0.501920573162804 0.5072791939595573 0.5174134313296369 0.48705554665102574 0.49681758819056576 0.5112103569597576 0.5005726576702761
0.45157195162349184 0.4369327417588047 0.48184218785109967 0.4787112057576221 0.4819284174885165 0.4677167660800191 0.5002934723061628 0.47864262588861933 0.47664315973400107 0.45615679227545913 0.46574254166630075 0.43585793251641286 0.4241118280259018 0.4196408806203714 0.3962390632894142 0.35680165682487597 0.3805940547266401 0.36599423424590777 0.37081089929602024 0.33689342581001824 0.3010712751481375 0.30042401157503784 0.32499794079375405 0.32906020373274336 0.38448741297985845 0.3991495212845059 0.4024098587385428 0.3969123027511677 0.3872636926201155 0.3516187631866159 0.32304081994080036 0.3431408513702049 0.36550695556165536 0.421587315448571 0.42847547981567696 0.49267082772281956 0.507196388996595 0.5368961279552735 0.5088909893288808 0.5225575420913833 0.5122982080218453 0.5438475608060531 0.47925802311931687
0.4463015693340011 0.4675071995191163 0.46666452828326094 0.43879724448976754 0.46058249400932355 0.47870154618800337 0.4845830928802443 0.4892499514249897 0.49521012486428273 0.4659771989360578 0.49066992824062916 0.4865991977225042 0.4751512203990032 0.42847460686198746 0.41543362109185966 0.3981758261901427 0.36428291210552716 0.3635666375169092 0.3678257246784075 0.33424827019865133 0.31473775910141033 0.30535453980435806 0.33653039764441495 0.3254137140283995 0.3681103719654551 0.42084143687060427 0.4027625439913482 0.38606729688704294 0.37540069788062996 0.36266657280981623 0.3623232632922501 0.37760737483545864 0.4078661635936106 0.41799412685461484 0.4496131075678016 0.49824550501309794 0.5351990564909371 0.5089621846016259 0.49867089163163214 0.4846534230978052 0.5076022835850482 0.5169602574102894 0.49238211473004956
0.4565115327851054 0.4623990716959049 0.459616015879439 0.4524725095872321 0.4858480457414197 0.4733749012812461 0.4587202723951883 0.46372688901853415 0.4996763245400118 0.5016756427278669 0.5132028108090284 0.48300145240252146 0.4585981651226258 0.47148294558400894 0.4288972519293881 0.3770384957533282 0.40701304912555186 0.4101224888503331 0.36948492615419515 0.33289225028787467 0.3410459490382034 0.31629945835936896 0.37188798375006843 0.35954473349048505 0.3839923344161528 0.4466988891755531 0.42362110592183905 0.4158113213599555 0.4203963205338064 0.43706525720330175 0.4190504243646672 0.4037359458587133 0.40580553340345615 0.43400502342834746 0.47788909207773295 0.527944744892711 0.550175517874941 0.5398840589799722 0.47800003841157096 0.488125952621458 0.4972831136890231 0.47927296869826297 0.48344775883403623
0.4592493665048851 0.4440598470799501 0.46150629366833235 0.46619427411496533 0.4703351653935269 0.5087307814768427 0.49205561618703025 0.5122244593055841 0.4996192077143629 0.5244815217497959 0.4904188658340478 0.5084005941769703 0.49119985095526925 0.4741283798778306 0.456186048814889 0.441309563240767 0.40719351728797837 0.3890179706964114 0.3851902616308488 0.35498745809849575 0.35811000082572175 0.3281056253192529 0.3842264950535642 0.4058103500156478 0.40667387506165725 0.44676204215547183 0.452075373641797 0.4553324751992484 0.444317930497979 0.4157737606746696 0.4057813534421411 0.4379664407342541 0.4408875867592111 0.45828146298340267 0.48137290304409164 0.49701887305875403 0.5415833609324744 0.5333808389731003 0.4881097381716625 0.4825502017789201 0.49695659928768604 0.5075869470718449 0.5144018872328026
0.45737697824264384 0.46984109898657966 0.489423567248445 0.5126894825411802 0.5218877163505703 0.5288056898004273 0.5325451771241347 0.5176164160708255 0.5261840786871387 0.5064125811316179 0.5048054938459108 0.4866309290814528 0.4884008248010773 0.44221688220588445 0.4567165869044701 0.44380688042192307 0.4460477510628521 0.41080455346869676 0.3810273925993695 0.34622855522608054 0.3585747537999002 0.3515305449305634 0.3773497823482175 0.4242957766394629 0.4218398412975792 0.4884969632866832 0.4548710912803686 0.44543451071403645 0.4374967138071112 0.4096247158263598 0.38857306322295476 0.4403660942199335 0.44145328177885385 0.47653045913842307 0.48359921065248074 0.5229176575023093 0.5339207398910327 0.5212459462598595 0.5221303588205161 0.5052592330766232 0.5090731336822414 0.5083807824771941 0.5372631608839739
0.4757547859410467 0.4969919970549315 0.49954092296081326 0.5137109250089722 0.5087137831925118 0.5134205266181123 0.49879816026884194 0.49614751179311894 0.49621673408480127 0.48919079855953096 0.49224788945675807 0.4850891840646742 0.5042693029060334 0.4939464852840347 0.4646448157373932 0.45160257737664655 0.4519205392068051 0.422387666861994 0.3603518844727809 0.3648469898461951 0.3436774202151651 0.36025349284624114 0.396299291433515 0.45056010439459604 0.471644252740617 0.4482323046660088 0.4553422314788585 0.4572220024164914 0.40996656549522675 0.4077897908517708 0.3926207422453491 0.4354159324308529 0.4479122375662969 0.4828286606026145 0.4905796986676046 0.5197989286200208 0.5109824134545893 0.5008772323597862 0.5068493587181483 0.521091378426206 0.4820697520120699 0.49019217272712606 0.525141340312901
0.47463058873689395 0.4584649279159826 0.4726377700679446 0.4737330866563975 0.5228579677265102 0.5291549637172697 0.4764693168740267 0.4886788872644692 0.49853076742053437 0.5177082659909329 0.5004476779669751 0.4839614160416716 0.47402812543595074 0.5023979571546308 0.47358352024052364 0.4481359251357727 0.4385049463782961 0.4077229102390683 0.39641211427002093 0.3440955539234947 0.3690841901802457 0.34638994781538757 0.4191971773800966 0.4171117618590246 0.47752291505423194 0.4561248170282718 0.4566845302736887 0.4395672856003335 0.4058436636248384 0.3816830337556336 0.407635810463144 0.44035572655534516 0.4551187926682958 0.5181870098809649 0.515130541531308 0.46755580738028335 0.4636000254524533 0.4759654301233277 0.49951676118990174 0.5077067910521692 0.484623647986123 0.5013501926565808 0.5410581443148919
0.47759259784205604 0.4466221135449242 0.4305696446111132 0.473425398659179 0.509843170650419 0.5154188376700952 0.4868496865594749 0.5206817549696838 0.527077815474389 0.5398091811973712 0.5102936290489094 0.4978078281664772 0.49594043199913274 0.49372637921013024 0.45559021808512945 0.4337650482239146 0.4318219641078376 0.41369418486047277 0.3741037035548877 0.3545892486473917 0.39259338962081763 0.39556970983912276 0.4157562938831647 0.4649569694637863 0.4751629394884276 0.45922747826419813 0.46498227119154306 0.4547641457925877 0.4205528585966006 0.41067365293803354 0.4371404968284074 0.46046693664660027 0.5001946238113536 0.5161539114868018 0.48432549563301047 0.488467541636126 0.48428995990913964 0.5141908811214196 0.5096003337864494 0.5336042231214081 0.5176974315627579 0.5152742553405524 0.5539451528235471
