Raster_benchmarking/continuous/raster-370.asc
NCOLS 100
NROWS 100
XLLCORNER 1743154.5898839568
YLLCORNER 5469285.145937302
CELLSIZE 10
NODATA_VALUE -9999
[rows 19 to 37 of 100, columns 43 to 85 of 100]
0.7440836251633582 0.7414110174466104 0.7703240903696713 0.7930071391887302 0.811613846505792 0.7862008747919921 0.8122392569783041 0.7750706481268803 0.7506391802931347 0.7296948559665339 0.7348173110098725 0.6888553906309246 0.6656972521768323 0.6440189337528444 0.638646547300653 0.6253537940805262 0.6391562497044943 0.632804059614305 0.6372163855511411 0.6432058073979737 0.6571885235954045 0.6733117723517977 0.6858239730052049 0.67400186938627 0.6840937054867704 0.6487936230400375 0.6638942864186653 0.6978706641693696 0.6936753697693224 0.6794838333279247 0.7160461611735554 0.7261493381660648 0.7001135036302009 0.7326214156493218 0.7368390971472548 0.7290734521317641 0.7593662724650799 0.7725779880147509 0.7531413865252528 0.7760345001505498 0.7542099896002068 0.7950860088621224 0.8194904646167215
0.7377966628317392 0.7550343269855173 0.7501938505985616 0.7717698000486235 0.7670120421065947 0.7646596592663467 0.7812129749721376 0.7855958740915168 0.7521379049099558 0.7442813210851689 0.7439655757526948 0.6772221045805713 0.6771475220311142 0.6667074919136112 0.6841080343927618 0.670724534774113 0.6353539097576759 0.6469545967751567 0.6635230183203498 0.6721333456613606 0.6442403556976605 0.6625852013161505 0.6832290015255855 0.6780270044839349 0.7047051925002562 0.6808129573874099 0.683980782338967 0.7114369262226462 0.7193672792666487 0.678384367285258 0.7128881215040022 0.6996432354326378 0.6984397357880574 0.7039833441412335 0.7292009777585027 0.7261831150001186 0.7442723386802684 0.7510210662143701 0.7495511198403668 0.7736130106853254 0.7938920522286034 0.827962951598456 0.8498955714106335
0.6761296611118462 0.6938396664059336 0.7477982712054936 0.7569588488830863 0.7250857709284958 0.7453737891313018 0.7650297135259106 0.770695356148151 0.7276235925267339 0.7029727415500137 0.7241742660313032 0.677880269581066 0.6491837584412311 0.6438002907808631 0.6713077578474986 0.6696622503482323 0.6608782134823071 0.6354420363607773 0.6675664216778459 0.7004205213349751 0.6803419373885221 0.6878154965362752 0.6704083520966762 0.6737105868371401 0.7070766874319413 0.7073571808673486 0.7149316865302551 0.7322582762780481 0.707880167948454 0.7093784803056402 0.6852702061323537 0.7218694938785802 0.7007228672614009 0.7155555907134896 0.7060070070052237 0.6998864131635099 0.7265201116211338 0.7456967359748822 0.7705591730591833 0.7995842152947501 0.8347671987606538 0.8312767745743249 0.8822616957591944
0.6496825176120729 0.6698468327599567 0.6866888998381133 0.7293636181522174 0.7219263943045005 0.742114537117207 0.7558525620049742 0.7274749357902555 0.6958468836659393 0.6879280842979628 0.6991385220996973 0.6825748977946219 0.6881504993223152 0.6575980709854553 0.668794769164254 0.6898235955050558 0.6614786035994392 0.6579534443844142 0.681029558677559 0.7059624762156298 0.6785803957993739 0.7006931658831459 0.7010368914510624 0.7342123960304091 0.7585551138426111 0.7495733337046577 0.7423373247892482 0.7595904713492947 0.7152131972361597 0.7125330408886241 0.7210403047201563 0.7148125421990411 0.7110752511650213 0.7458785007765021 0.706702865577285 0.710961513129814 0.7451628443652656 0.7690024595029612 0.7757960302117262 0.8150817646570115 0.8373834810997668 0.8687121158384692 0.8603360923749676
0.6796473613100983 0.6743787803260621 0.6683641261171719 0.6994393602813168 0.703047502143066 0.7044998937446958 0.7249817663785315 0.7295376570244589 0.6912178102352778 0.680052636393711 0.6865714077310057 0.6783955724426961 0.6703573921617395 0.6782894667701251 0.7030272442498774 0.7108856452222913 0.6968027329912327 0.6765054890002764 0.6989716178265858 0.7193273204549676 0.6945923507306816 0.7250992887525607 0.7409045879209007 0.7464568309433612 0.7728053044453167 0.7647448670056778 0.7643496487283538 0.7462472690684184 0.7745223063011801 0.7260558846263544 0.7192173391639166 0.7578692171248069 0.7720162030714699 0.7415952404777258 0.7265146647500293 0.7536662158664534 0.7630177168399063 0.777829890189293 0.7922312025553226 0.815186805316502 0.8097191766502114 0.8540889180033487 0.8735069465990466
0.6488848131298701 0.6918321303893141 0.6627528313371756 0.6781092909108711 0.6989140057495872 0.714690989781822 0.6922519796261636 0.7114051955871197 0.7010267564762381 0.7092683247583008 0.6758676185574893 0.6746298732876032 0.6711782393915515 0.6604756773121317 0.6705157639824343 0.6727490916406881 0.6797496386276808 0.7093853295875139 0.7082200687742778 0.7006833256583125 0.7098744803026313 0.7311234658145281 0.7465837304677692 0.7493027324008859 0.76874708363671 0.7854886635226453 0.7893757489601771 0.7700839477614303 0.7616280881412801 0.7771676356284936 0.7784810312210604 0.7724080576186627 0.7566364545181947 0.7549315270517898 0.7492272630517641 0.7423607445650183 0.7455245632083504 0.7773697634982686 0.8041406315367458 0.79550241085546 0.8250734146773817 0.8411271339170151 0.8894021088670794
0.6461796566584764 0.6644610089229755 0.6877230066273409 0.6573955300478015 0.675919299902051 0.6723102660425558 0.683235530860257 0.674590376306449 0.6841340916659513 0.709736267714839 0.7101135065937936 0.6690228056388625 0.6502092862652455 0.6761518143675277 0.644738219641976 0.6729762880340535 0.6528757129616114 0.6951087928825654 0.7165737502904961 0.7240272576681348 0.7235274427144982 0.7444639408150605 0.7555018007597021 0.7767565163819857 0.7727379007018873 0.7605779458262995 0.7941208407670848 0.7956727090861402 0.8051618845480215 0.801421133215739 0.7608205981128877 0.773941811177512 0.7923512850192778 0.7900376138629905 0.8029474744693725 0.7996330824857137 0.7584124322235061 0.8125473762026985 0.8077433134188977 0.8305888344406901 0.849611758595058 0.8952332045645169 0.9227085626301768
0.5856535949815731 0.6325618036084575 0.6383980864518861 0.6539647334176377 0.6331398931447807 0.6464619234101576 0.645226204740776 0.649355900872589 0.6549464742725061 0.6984683744803418 0.6753131994552017 0.6701937244463614 0.6531808948339174 0.6582351004240956 0.6626125672891882 0.6491138141270586 0.6644914571186978 0.6869169548152071 0.6673839690693765 0.7073351741298002 0.7168253057727186 0.7401088811482652 0.7346914953282873 0.7747036676534796 0.7809346759591032 0.7609346931759211 0.7495414055739049 0.7978830233810471 0.8118933392676105 0.7912081151935704 0.7808171053382158 0.7730287127503561 0.7979500088024494 0.7961367980815423 0.789917183095547 0.8101879140185988 0.7777342416913546 0.821786453965141 0.8202218974299417 0.8347381619368717 0.8808897798778116 0.9025794722936512 0.903062861768228
0.5841276158428066 0.6306014923262009 0.644209690313486 0.6204482276286929 0.6454816702564489 0.6265224056282265 0.6226985096827146 0.6473333447257137 0.6751157941342112 0.692828777643136 0.6697877550896437 0.6813006548767295 0.6947169690326913 0.6721830975902203 0.6543877365720795 0.6347814438261087 0.650925727262753 0.6747580999776842 0.6443595123389753 0.6823026233514055 0.694038708800993 0.7277236396760707 0.7417850881579924 0.7511614650785471 0.7736128581464485 0.7373796662438793 0.7183747757534387 0.7581846372497179 0.7828027025570459 0.7864483381573713 0.8079077226988923 0.8009790306307026 0.7632276052570698 0.8035925746005013 0.7964408218577808 0.8192662668531341 0.7934639357391695 0.8167295817181622 0.8344455279473191 0.8616273341410072 0.8913450510653445 0.9022707237286302 0.9182984322815919
0.5777054486163317 0.5807120991606053 0.5743260636896382 0.6175638289553054 0.6099897069377522 0.6299239155515637 0.6212944837933031 0.6399478305815018 0.6314687910429693 0.6630941699586429 0.6761194304894715 0.672133336742313 0.6522616376055659 0.6543128479204546 0.6378472898813659 0.6300477240786351 0.6540490111115529 0.661225076679718 0.6547816647767916 0.6851355350782221 0.6691273352151842 0.6926303558689176 0.710998905736402 0.7387616889593265 0.7287219352938041 0.7312199629453742 0.7297310751277443 0.7176977914972036 0.753656133352241 0.7886038732060158 0.7991199698873326 0.7859608566111846 0.798029876342565 0.7936674217007349 0.784877447787031 0.8011618628980661 0.776712785487322 0.7990973826652515 0.8261332620914897 0.8722972317139436 0.8559240944094408 0.8865850153938257 0.9134244520691613
0.5336897807740627 0.5669435800964258 0.5271788786945628 0.5538578196608991 0.5777804126322483 0.5785337542601844 0.6156679442704498 0.5915867704247715 0.6301296702674194 0.6269534390216173 0.6063028670953879 0.6231319327443193 0.6238099238377424 0.6356914814917248 0.6687380673286679 0.6592922357664686 0.6170032656112214 0.6192185271624218 0.6434331030171906 0.664196149231868 0.6846994998221823 0.7057037435185313 0.7214702067066983 0.7071713208617475 0.6766958763124364 0.6946047444534444 0.6793246263415855 0.6942542275288182 0.7176909995332127 0.7791906106886116 0.8017571200559147 0.7807390807002484 0.7924591387918499 0.8013180322777903 0.815252334823335 0.7932661428942112 0.8074933536339536 0.8310413297010937 0.8287025898424079 0.8238073837272669 0.8490341513190823 0.8625000043774858 0.8682639588551831
0.5672351325778743 0.5568890187140396 0.5512193232745555 0.5667474008864929 0.5750135474847395 0.5599389532351524 0.5847840629361866 0.5760471464261794 0.6097892781616958 0.5842237882280374 0.5987481581582585 0.6047222573934276 0.6150033305491263 0.638209184966695 0.6455885141060779 0.644079962454552 0.6482762540097592 0.6176368688417756 0.6354628278566808 0.6258395127402169 0.6374598721377452 0.6842628734749415 0.6792569000953645 0.6891376100649615 0.6538294307425566 0.6729607282037544 0.6598246329832128 0.6902853534670201 0.7322917848267138 0.7360227442874854 0.7766237732624353 0.767168916270086 0.7689402662046516 0.7616099001576692 0.7774171472313586 0.8055063872349847 0.7918251227370918 0.7965894915760208 0.810799980169916 0.8132154824938628 0.8208211472150193 0.829887006803169 0.8399204974598045
0.5624845864493379 0.5388818717362783 0.530134776471252 0.5302795822531124 0.5623249579430083 0.5706557680652454 0.5616294400049006 0.5437352562627913 0.5556562959471254 0.5333226247683822 0.5540003078494686 0.5718342224761657 0.5811850612697759 0.5756645596558627 0.5851680262655976 0.6031717323386012 0.6193522358349581 0.6066884621899344 0.5910496209601875 0.6117962119273819 0.617979831244807 0.6178744470719979 0.6392178473051764 0.6594837968335996 0.6303002613296438 0.6567488001692295 0.6831818740963278 0.7095823246585324 0.755866936880975 0.7488437214343278 0.7472924825507318 0.7516110633715773 0.788956795014542 0.7570270656599825 0.7384101853767662 0.754941648609086 0.7788485689278456 0.7874095571313519 0.8042747000999174 0.8172452017715112 0.8589344222073391 0.8221774022165869 0.8135437507298512
0.5243018704374572 0.5391039151272483 0.5584134930050796 0.5318467280653594 0.5332772140744081 0.5694603981433037 0.5464718486602316 0.5698892696056687 0.5619133323567072 0.5345346408605196 0.5348884349362028 0.5439056939151667 0.562013113683304 0.5720303316155825 0.5688223690502849 0.5585991341655563 0.5894600677464957 0.5790557960594344 0.5697164681631853 0.588063845482703 0.598017208888901 0.6122513268927731 0.6252235767621883 0.6412537824212009 0.6613470933876525 0.6371731534920002 0.6691935894094062 0.7305158393603876 0.7487017842351719 0.7805861937905032 0.7594331917823633 0.7718369016256814 0.7537945785531022 0.746520570914268 0.7425254298825618 0.7642066850820431 0.7690452526833647 0.8129461457307159 0.7945967018422397 0.8197604814517958 0.8207540731206538 0.8206987002918386 0.8225920254918893
0.5406596059615006 0.5556560871898635 0.5498954135696262 0.5452185292988772 0.5104598447102804 0.5459300106280607 0.5481271411809423 0.5479692977826959 0.5234112588410514 0.5338565948073939 0.5085878403205533 0.547659842426558 0.5242784784672928 0.5441486938003375 0.5725249648306109 0.5567035091800788 0.5455187656572698 0.5518237483345199 0.5170904742499352 0.5814704638961318 0.5815884476081183 0.6040966767128321 0.5830700611311782 0.6165881193247251 0.6554255187486046 0.639239015109269 0.6564709457360154 0.7277900925755572 0.756190995815494 0.7388706714064084 0.779752732301017 0.7307534374657737 0.7036539217044169 0.7325913194944935 0.7168132114350307 0.7574747617099682 0.7843764244694479 0.8112826399049908 0.8111306225720694 0.8414930362977363 0.8378520950399059 0.8445712796488355 0.8369085788173671
0.5156342547737078 0.5085511721340897 0.4893623228785955 0.5020753870656858 0.5021971243486364 0.5224727694513609 0.518453645867998 0.5486818070052311 0.5379434455267497 0.5368669972087509 0.5524660864111199 0.5608559449565625 0.5597154721310974 0.5613449276650768 0.5761537500214906 0.5419149649494842 0.5268719855796573 0.5576035926941543 0.5352544104253151 0.5642954102540244 0.5834388755022445 0.5697652720799001 0.5842865632996692 0.6274129531373804 0.6364818985208189 0.6689397407719807 0.6790253035453062 0.7077801748299092 0.7465469168248842 0.7313172598489387 0.7558546552363564 0.7086654920568676 0.712704807140674 0.7218128304401232 0.7350872971891892 0.7463308142818749 0.7684778957389019 0.8116268228735505 0.8116230401415656 0.8046808177716882 0.8078393901483664 0.8302584989036891 0.8670108159274379
0.4797547580606511 0.4853609755241934 0.47109379330201884 0.4979742370008902 0.5268020721711708 0.5348789225219397 0.5403682611825279 0.5432194320464485 0.5143376043698364 0.5092643249130191 0.5606815698898222 0.566518193150524 0.58101380751142 0.5549140418367959 0.5886901462015223 0.5655983578204616 0.5173586855389274 0.5437805236384315 0.5746392801117393 0.5586711979137797 0.5975656544861039 0.603221253139071 0.6076276571273264 0.6416657633395548 0.6148593621365913 0.6742218459418894 0.6774257558487994 0.6865384520809434 0.7284217705872608 0.7304432879231327 0.7456346071044208 0.7187020535902197 0.6744426533071469 0.6940547669406231 0.7380041735026767 0.7561429961500765 0.7729466149219222 0.7863672107851604 0.7836168732423568 0.7883043861636678 0.8299842887175208 0.8676652740696243 0.88243071649814
0.4664672743808165 0.4436888156099027 0.44568916600362074 0.44584249443278473 0.4611746602432589 0.4970701923060731 0.4911997453511902 0.5114855326247747 0.48975550701705345 0.5173792999061153 0.5233629707087282 0.5677994692231298 0.5768838560604874 0.5798148717878945 0.5901420762121108 0.5674123395880645 0.5525963945866503 0.5561565607903368 0.5579872557969234 0.5647933656585087 0.5836619497051233 0.6202005974009034 0.61034959939321 0.6265151768823737 0.642198720971463 0.6487543499530851 0.6680250648734194 0.6851126323978883 0.6726210718891623 0.7035998444150825 0.6863310816955647 0.70323933926112 0.6798990400301056 0.6981838133745047 0.7083066125753548 0.7527830298766086 0.7360331067407626 0.742900297683529 0.753239308526089 0.7759739163951148 0.8141930557118355 0.863424476746029 0.8667942300661768
0.47511183236277676 0.4582756771929315 0.43876858174456723 0.4539902476142482 0.43862982416914076 0.46816649337636385 0.5039915007625713 0.473871101567737 0.5066063508680668 0.49619596862272763 0.5210310215329066 0.5309818237631557 0.5426434446586874 0.5490030536530883 0.5717000006064064 0.5331118286014298 0.5349713304913621 0.5299625072288942 0.5360938280729521 0.527564948613256 0.5595506509813644 0.6007946203477984 0.6251643322289094 0.6183168237464935 0.6688722739136389 0.6543288940464248 0.6859793333175482 0.6736289729849585 0.6651780445487853 0.6708823096268018 0.678873265713841 0.6919431190746792 0.6588762497571609 0.6916841075448543 0.6787179771042654 0.7328653367315888 0.7329866774491575 0.754447540690088 0.7735299328382718 0.7703469347282706 0.8079128348592834 0.8722882771984455 0.9018463203823559
