Raster_benchmarking/continuous/raster-122.asc
NCOLS 100
NROWS 100
XLLCORNER 1743166.7168749839
YLLCORNER 5469286.717975871
CELLSIZE 10
NODATA_VALUE -9999
[rows 19 to 37 of 100, columns 43 to 85 of 100]
0.19424250887877972 0.2089967741693828 0.20953353296389102 0.2252471223616828 0.2200693528239591 0.22074074564440457 0.22896440934178203 0.23603881817723185 0.23328794458411387 0.22693375598797866 0.255152444354729 0.23891922914843286 0.28020873898911053 0.2549113979723865 0.20297953474535702 0.21457479893932632 0.2310089000933813 0.23021368116442392 0.2618970557133117 0.2625785608201213 0.2553380318865132 0.30981779664578163 0.3259683925001663 0.365751976615416 0.370857010714052 0.35345865774602514 0.3639892420003948 0.4117420096180063 0.4113381225953927 0.41893209076707566 0.46323018953373013 0.5016716348582488 0.49380561311047744 0.5151437979823875 0.5019699300708157 0.5283656412483472 0.5579109217709824 0.5419012009291264 0.5619531123052682 0.6076511249413276 0.5779828042454875 0.5837823916625821 0.5930019957182145
0.2150320745977222 0.21384227660683722 0.2335233498794733 0.21092341183307575 0.21471057326257928 0.2287590525263034 0.2493780378087398 0.25989775491895817 0.22279352254261459 0.24602759711286923 0.2751391690148154 0.2855786419850292 0.2850928660402121 0.2317892868644734 0.22154462993540935 0.22768491826526557 0.23545227497982052 0.25107418474428483 0.2700732284248867 0.235097621665995 0.2562375482386793 0.2828829313261575 0.3248796385699104 0.3672623388868932 0.3685813619155035 0.3468715385805509 0.40575046472354503 0.3811790444100686 0.3915212968111148 0.41445402749233734 0.4815464125053885 0.5302530242822259 0.5017796466409558 0.508020964959869 0.49451393802481614 0.5005736340188673 0.5201390867112076 0.5689117937949568 0.611912459533271 0.5904238662358077 0.612270498298983 0.5986399332179264 0.6221674545276801
0.24921509092738792 0.24054611848005725 0.21418659076955854 0.21901256042315298 0.2312445542582381 0.217037413880284 0.22878551324392513 0.22808483729460108 0.250914743126378 0.24436198185225727 0.2802195980289341 0.254085954429977 0.25298308955529164 0.26150107856764565 0.23706236201919137 0.2129630917349639 0.22023935302888392 0.25479762593046335 0.24859077809695182 0.25149887868188414 0.25014548871422504 0.2951833830296964 0.33853770664521055 0.33418265526872715 0.3326069795973413 0.3615324557915212 0.3711024887833687 0.38604282401686296 0.394381483821607 0.44051379530146834 0.5059617517378392 0.5347557583971222 0.5254824664282662 0.5142154536452468 0.49275913184967357 0.5183500505024253 0.5304007987270377 0.5626819221044536 0.6032573758957467 0.58309208622602 0.6245574317114407 0.6301558938927982 0.6085811756928914
0.2568865317451033 0.23962755643867312 0.23273542312595588 0.23844997755665426 0.2551444788567648 0.23576539472957747 0.23972614299044265 0.2684374366125804 0.3003580109987854 0.2543699378925857 0.26122691874899956 0.2371908736174122 0.27078455480414015 0.22258958933791076 0.2112832591950362 0.19136539058780042 0.21506265479087067 0.22153414191832776 0.2719318170675583 0.22832820565263884 0.24453024162945033 0.2734248839051971 0.3351265084464367 0.34047284256632643 0.33776628547321835 0.3410521142466677 0.3678399981998184 0.39995706319948743 0.45109039039349286 0.4828740441944699 0.5411353748141972 0.5276981470126825 0.5701111844411383 0.553432428630719 0.5361887838705557 0.5618642090715488 0.5783811247347175 0.5615901008138722 0.5919159354740015 0.6011411253573241 0.5928525573191077 0.5920193903982909 0.590026528938928
0.23515974071253243 0.21881907035435597 0.24009459138660955 0.22158203726772155 0.22377364897437613 0.23295480135438495 0.2503632713275055 0.2907839738985514 0.2883749831580027 0.24348236121464278 0.2402456048192812 0.2524014962661141 0.25884493707467277 0.22365997418708083 0.2247497467829791 0.20132655721308754 0.2344875344615355 0.2211251345838681 0.23129881943532346 0.23235708457394316 0.25808600460810666 0.2943951205764351 0.3184094692624522 0.3067419444917724 0.35007304368029063 0.3315987061860256 0.3453729269542977 0.404757642539528 0.43254325718070963 0.4688163062651396 0.5034510149793101 0.50594556686211 0.5524832558462135 0.5270972590185218 0.5168076672043237 0.5820168764649278 0.5737058585229563 0.5820279121304952 0.6240644029513783 0.6050022324883302 0.5748023296901433 0.5986228194536759 0.6143443212269502
0.2338534577936434 0.2465245495205866 0.2502754152815255 0.23118754458241683 0.2260283856754376 0.26795632264091396 0.28863838632760197 0.2621663823315334 0.24044545829087702 0.2603688501092595 0.2535306703281511 0.2583388531966327 0.2566423591159269 0.22496756657326827 0.2561833380923616 0.22945071896341068 0.20632723124516852 0.18928724376500328 0.1893425160637168 0.22463955237877736 0.2700279050300973 0.29691183239399643 0.2890344737589883 0.30755846627257916 0.32384400536773467 0.36631119861549555 0.37927213915559643 0.40263659840017607 0.4270220285213256 0.4637247959415872 0.4879848325399164 0.4761858708390528 0.5203612438854052 0.5035567750960157 0.5213666597357209 0.565161836824821 0.6114732608585919 0.5978235887596764 0.6148857622325817 0.6353868438877429 0.6058278437381942 0.6137589758432511 0.6360977675771634
0.19015981043311564 0.1810810227818872 0.2135722468248555 0.22252525789648545 0.2562969499120092 0.24314090632029223 0.2539439651216379 0.2595456902441222 0.24561489727881586 0.22753074881290902 0.21969269109638628 0.25121527570437485 0.28476624483194446 0.26775558722800924 0.25511677225564006 0.23895583599520817 0.1917370194429228 0.18880561069668572 0.21535614703732106 0.2204217129935713 0.25458421771545264 0.273814446024434 0.28072596288164486 0.35293488832272707 0.37024311661489395 0.4022233166506927 0.38983553678032346 0.412429162426661 0.42566593464997493 0.4666344015972068 0.45444821719965933 0.48570262648823687 0.5114601332119703 0.5483997852644443 0.5839502957859349 0.593705473414557 0.6086188935937273 0.6025873769847915 0.6045089442627456 0.6331788746588008 0.6286505377875257 0.6291845730148811 0.6103755993024302
0.15202056448804527 0.15777832685805665 0.16165096370548124 0.23059998759421027 0.24285535763790994 0.22107228961806819 0.24598768657736975 0.24297334370538937 0.27219023465552455 0.22452823141727674 0.23742594393454952 0.22387694478374742 0.2783212688261622 0.2670837523769719 0.2889540059099658 0.2551386251349761 0.2163501962642823 0.20261789810127206 0.24355443916720645 0.24918229540587988 0.24635010131595525 0.25718204261685385 0.3073428114276268 0.36904876636838707 0.4184165371421071 0.42866228334476403 0.42415312465904303 0.41699740074653713 0.3916775199562057 0.44747435653579165 0.47573365624336433 0.47791037448006163 0.5136949046764091 0.5589932462570855 0.5753755569134736 0.5671550503152619 0.5732973360449007 0.6089203108289201 0.5832122551908202 0.609413515634794 0.6428152254959635 0.6452188990905222 0.5938760108936841
0.12335970467566555 0.12471251376067756 0.13301370154763542 0.19849746718696681 0.19651652104854808 0.25002536460280894 0.23384954223054896 0.23370514159399575 0.23836995501496777 0.24287544495870728 0.2198974024049473 0.2183983219923289 0.23351375662526033 0.25268825207321893 0.25443594532752517 0.2790978186106154 0.23953168263163677 0.24885040173197293 0.2699251694830112 0.2705307604014038 0.28468986799273094 0.30552906002421265 0.3446874957773999 0.3651044313512227 0.4211807717325849 0.4186533991240205 0.40880966040569056 0.43368681296230305 0.4183401149535403 0.43681753865739265 0.49392717592606655 0.49306810518745164 0.528191857814811 0.5446142295091366 0.546510860313372 0.5383094620851845 0.5544577342945407 0.5989924992802221 0.5937088693682729 0.5935084234430793 0.5996075366010899 0.6426482694818999 0.6062086045607679
0.15331308788701076 0.13018952765421135 0.13319841644661637 0.18589990853071514 0.16617570152696876 0.21259731003600488 0.2533718136470857 0.23622033323080288 0.19084244546636758 0.18660013885297966 0.1833205739175045 0.19249332975325148 0.22608404696214493 0.24839985270951728 0.2512923616967012 0.24930805581328108 0.27022108372867837 0.2572460712387521 0.24425751638181045 0.24976607862821004 0.28623105916402547 0.3158716319010652 0.3053929034617962 0.36391037407552257 0.4032002095839352 0.4060584808896902 0.4393867428775089 0.411552884826652 0.42352862196615076 0.45764441582439247 0.48789146402850075 0.5067707952373827 0.5109326252789096 0.5455409790026096 0.5189292510456812 0.5528900838833188 0.5624925793071714 0.5688612134724057 0.6004078570134561 0.6096377992933799 0.6111948747788911 0.6397534972158474 0.6325820224301066
0.10964040755860667 0.1330158590023437 0.12685523536254104 0.16512099264194469 0.18732090776285054 0.20154691356629664 0.20000282387049687 0.17159380714654787 0.19739298073017766 0.1917785449330098 0.19203073723557013 0.20306497152185007 0.21378262590503 0.2281131963598737 0.2390264711573364 0.2697148740385609 0.29237896157111176 0.2489086887066517 0.24298242290432318 0.285618140557198 0.3168096772454364 0.3306551358416953 0.3588877563598913 0.37153680070606976 0.37978871943851644 0.40368265218886706 0.3914777216725926 0.3921537015167276 0.4151940309811131 0.4692919404267846 0.4771281088635043 0.4919739095042893 0.5213175783232136 0.5089181875999534 0.4975049660498815 0.5261509309862169 0.562197931465349 0.5856818572897664 0.6261531433558238 0.6313465585078358 0.6198678292353709 0.6330153868250432 0.6657507841461517
0.07314816546264737 0.13261278112669594 0.16638954443742124 0.15165100685479088 0.19513530874095106 0.1821444491018395 0.165560784486402 0.14188422589150512 0.1395246757900107 0.153063029700841 0.18086282386375258 0.19101363694552256 0.19691122605208516 0.22933131219479794 0.255370792784272 0.26644651818356974 0.3127778645432725 0.277747180192295 0.26388169595680727 0.2802733310049724 0.2940934619492694 0.316998111455091 0.34797178066132256 0.34653862134943914 0.38908138633282074 0.41998727735502417 0.3780086260279553 0.3797772917561041 0.41738639497332103 0.4532182662074341 0.4904436647692186 0.5001406824665782 0.5316990394187294 0.5208202212154905 0.5357725310572371 0.5299771878067601 0.5302205827179839 0.5515867419537873 0.5912423003181115 0.6222987428442134 0.649437187986205 0.6387599928064562 0.6316210124802593
0.10133829325838162 0.1354002026164141 0.15587582230955208 0.16224360823103853 0.15193118477116144 0.13385945749764572 0.1319615294784974 0.10369618246470304 0.11254081114218008 0.12832135813386172 0.12879186083315436 0.1346944487962439 0.157854061335375 0.23023892395949364 0.2531467155741082 0.29623238206949365 0.3310379005279133 0.3046272350561919 0.2809496823311397 0.2660425089709819 0.27239877428902487 0.3259183465483993 0.35342493566769206 0.37406548991268385 0.3802966831068433 0.4061181706838191 0.3934495574125997 0.3755196869361081 0.43111465410278393 0.4452974162909844 0.4564140939714318 0.4927035817797013 0.5106113120952654 0.4902743415066965 0.48679861101783817 0.482217628135882 0.5186822810428788 0.5389752519290413 0.5746976209567703 0.6078505267141402 0.6370501464623609 0.6402867202120857 0.6457346916230883
0.09956056621167175 0.1370957909051096 0.1308120676607186 0.1450940494866803 0.12944492741613461 0.09619810234714765 0.11090781863386219 0.10552946648276106 0.09066753992415769 0.09551441298348272 0.09517054185804034 0.11889830985437926 0.14429145232658735 0.22165598254198923 0.24515813831720268 0.2885028162875643 0.33068758321524105 0.29399411969018313 0.3133648486632489 0.2692442711639933 0.29628988653071886 0.320773695822752 0.3524445637677539 0.3603154716629146 0.41818908678994915 0.3962520257131599 0.39571879189205333 0.41051601333774435 0.4022957719752534 0.4393715641933646 0.42054953178647175 0.4354480215608738 0.43993180602348764 0.4424378993462791 0.46579232326179293 0.47239896265629755 0.4928333824613306 0.5098514971180094 0.5545924177920082 0.6212890140230923 0.6429167916292432 0.6595582401624108 0.6733703742507806
0.06018012156149783 0.11614340514018041 0.12475327896494796 0.12479179081411881 0.12169863411878791 0.10799960332877934 0.09109741339872379 0.09892249678972377 0.06451857295994184 0.06176787893870868 0.08377959605286646 0.13198388831792587 0.15199809879927467 0.19467358783381059 0.2504059418626464 0.2670658649367117 0.27229144341381806 0.3118230664968049 0.26937453751041396 0.2825924029629709 0.2710307539087105 0.2958075378069726 0.30288152041271016 0.36149188148224154 0.3845746078533995 0.35981052927967466 0.3490237182414114 0.366206957529333 0.3848556446069887 0.394717910859174 0.42649249140300527 0.413031151972898 0.44844274587374866 0.43180897090633485 0.4289839883391816 0.45630643752993977 0.4478434043579853 0.4890345788174255 0.5254470883898423 0.5996935893971779 0.6301879603850642 0.6454106107361289 0.6619338714502909
0.04729111705702849 0.06713279250140683 0.08487536911687607 0.08335662049947971 0.05735736815646392 0.06808261819014419 0.0802937328223601 0.09834037978473847 0.05136045580421016 0.09008778398937872 0.11305957532333116 0.10701725283930626 0.15738691869035362 0.2170052337470648 0.23477531393215606 0.23906189862624547 0.2806993997106104 0.26947892785177496 0.24667620151409686 0.2708485390719141 0.24343715182712772 0.25334949136373375 0.2886797886845589 0.32038141884433363 0.3695380964776946 0.35688432944513415 0.3572984302034869 0.3863463171461733 0.3906326033166404 0.3798826323679943 0.38734609202832276 0.41901928013890694 0.45849018748613957 0.4299339401563494 0.46119802983736935 0.4662860448529553 0.45782589687735553 0.4837338667910525 0.5182772785563781 0.5571230841127984 0.6274254006260978 0.6376519358038277 0.6971898757020715
0.09452742743397412 0.07783948474209815 0.08908827392401501 0.08457282361253639 0.0897990229638161 0.07276846579396871 0.10716709747692531 0.07793804471674079 0.11073919178968761 0.12449232371043431 0.1252897493082412 0.12568836376739098 0.157116329586086 0.18611153830562577 0.16433502650635537 0.20028413261964156 0.21248809667022125 0.22998214859244404 0.22602658510264956 0.2372297274012786 0.26345976701880347 0.2771375798323049 0.309000262799578 0.3494474810448693 0.37894266763730655 0.36922919366426404 0.3738916000851333 0.4103935217943718 0.4118262531826272 0.4268242551428783 0.437264926963568 0.43201829639705197 0.4172178869415675 0.42904805634769827 0.45835298860950036 0.4671465408443142 0.45074744693932817 0.4934416938445732 0.5311139042037363 0.5591058676781845 0.6283881968841531 0.6704972285895097 0.6640755129727247
0.12077179315605532 0.09988290034187627 0.10721375067917888 0.12108357186479397 0.13205849885403356 0.09413338230872972 0.09501845932240201 0.1152066874448579 0.10820612052431228 0.1388982121423527 0.12176431325233028 0.13784434271066456 0.16861290646256574 0.16465090640619157 0.13995535602209133 0.19170162258096562 0.22096799159726221 0.2562770131602692 0.27276629092089183 0.242087120193951 0.28659491473435017 0.31524489908714326 0.35454029481662797 0.37154595795844797 0.4004360403746527 0.3687387789129685 0.4036761080697086 0.38886492103410736 0.43786795984835075 0.41568653858073085 0.40039124391854913 0.4164186063727746 0.4456550858337436 0.40352041922663084 0.4299108915537402 0.45753731144095183 0.4391292265510615 0.5013126771291275 0.5662859683304107 0.5820510588782616 0.6133797865314912 0.6647671653816234 0.6597468638206886
0.1527544538016547 0.1686340979174537 0.13579493129891165 0.15274099697520138 0.13454221069383948 0.11071879829329916 0.08507230200784724 0.09287970648727938 0.12836604746497693 0.13238071478856622 0.14022281281387552 0.1073878272930611 0.11756174708366678 0.15933260977660918 0.11504662871889461 0.1430994506239089 0.18143295213709457 0.22041581080346764 0.25277108374050955 0.2540667693804638 0.3112077987484454 0.30285151359158896 0.33685436179830114 0.3581070576117982 0.3375066926669807 0.34361483608170984 0.36349206863670586 0.3796612392940983 0.40721520144228235 0.3947856507746337 0.37153404653334476 0.3797392659284499 0.40184790005168286 0.39869706024516666 0.41874997402313835 0.41591356124832124 0.45259576278948926 0.4842374749721451 0.5434785127404926 0.5678298104708839 0.5943944794751265 0.6298678728644873 0.6496012967107696
