Raster_benchmarking/continuous/raster-168.asc
NCOLS 100
NROWS 100
XLLCORNER 1743157.7615489268
YLLCORNER 5469285.427948237
CELLSIZE 10
NODATA_VALUE -9999
[rows 57 to 75 of 100, columns 43 to 85 of 100]
0.47098431268701246 0.47007099111591766 0.44515103493752883 0.46540411291616546 0.45035052606565146 0.4670324671482046 0.49188202428279787 0.5033458318444106 0.527173747557537 0.5359825008956691 0.5185265813633144 0.5611419019540778 0.6093442998179777 0.6298472881943364 0.6114952966467536 0.6308706912763563 0.6606258821963658 0.6920300935928219 0.7204403929404313 0.7593404914498249 0.7484663937560897 0.7385600688788934 0.7530786160218319 0.7485980412672235 0.7784007103327631 0.7789065039604017 0.8121176659629241 0.7933041002900962 0.7670270945596983 0.7633335153507758 0.799983432853101 0.8072561734267084 0.7948222741630823 0.7689096013980996 0.7742639888285221 0.7169086032521919 0.7191260419797408 0.7010909878538264 0.6919563657813551 0.6839367138630638 0.684930198978473 0.6918349013121025 0.710414936041331
0.46756583945583197 0.45381025366159056 0.44180038731156196 0.42387479328760874 0.4598035186098528 0.4739356053063468 0.48363852005506697 0.5011405209177798 0.5232978587744781 0.5081818130623752 0.5299764648313697 0.5734577048335614 0.6243844584346593 0.6242535691930003 0.6304011628205334 0.6712338668661194 0.6796159174721382 0.6720846367777458 0.7171587095582794 0.7490610272438981 0.7259666997706796 0.7535438590097622 0.7571729531335362 0.7563284396686333 0.7531640212602007 0.8176573864155796 0.8102320257084711 0.7696098456023348 0.7491662067819875 0.7719179835416099 0.7956529741492371 0.8318390564095405 0.7986789293822512 0.7971231809624041 0.7793344894666108 0.7695808962759648 0.7410730758754183 0.6815496807284555 0.6825890876780116 0.6848023569731982 0.6696862353018602 0.7195932528537805 0.7076499030785685
0.43474371334460993 0.42578881060769 0.41944189426037815 0.449161051993795 0.46849192222620994 0.44774976388033944 0.4993165088171813 0.47945646694346583 0.4987404485546093 0.5150099903056963 0.5517737346610677 0.6012404571936981 0.6194315112357508 0.6327887291500595 0.6227641244012263 0.6298631292893897 0.6311145306153402 0.6405641923584345 0.6861787854220989 0.7177682059048338 0.7458254794521404 0.7134990185012456 0.7175791210463814 0.7371599364707595 0.7594886148549816 0.7639930149769273 0.7672154097948254 0.7613834902765475 0.7408902653712593 0.7843430327275565 0.7986191282759904 0.7703363519061459 0.7669746084307371 0.7786017982685283 0.7632359716613286 0.7436575614839934 0.7503601243624795 0.7140012725442658 0.6654253999235215 0.6499437499796289 0.6741566449398436 0.6992370005222466 0.7138224799415839
0.4034554867554499 0.3995543806044714 0.4030703308219713 0.43933678405227883 0.4538284265512735 0.45124682387744525 0.5003651140606439 0.5057998813690194 0.49764920013327546 0.49534668472727744 0.5267261325169 0.5599621875313027 0.6154905288894015 0.6380597357297494 0.6228474333287173 0.6117992266411334 0.6330876648360166 0.6700740782501818 0.6849484031783358 0.7382914215297414 0.7034920410291997 0.7141712922866091 0.7142216984221936 0.7362742297405587 0.7499230223214344 0.781037966719646 0.7481559524399696 0.7546661279489786 0.7387568697462354 0.7413709038107641 0.733869783051577 0.7481098240783263 0.7479901271530467 0.7152332312103044 0.7683839601261032 0.7717185870274167 0.7332142245018392 0.7087337594136511 0.6752809930070214 0.6494981113977527 0.6295963392050901 0.6400678218249144 0.6693665530109306
0.42910501530624257 0.4380884643771443 0.44539902157890515 0.4580613196966432 0.48206814935147935 0.5086790062382239 0.500896247942351 0.5289077868395344 0.48577735781907694 0.49988366387735284 0.5347210908366298 0.5526252530214875 0.5974776535956785 0.645326484719673 0.6501777761603945 0.6366519281030478 0.653318989501727 0.6610251802334012 0.6724181044884264 0.7061887326993193 0.7116368561992351 0.6870249744563315 0.7190596764888016 0.7383505057100893 0.7199043444664606 0.7558796353776868 0.7202818813175357 0.7223877685938865 0.7143146095975182 0.7125285467998761 0.7142173704145648 0.7166912219026721 0.7435060587410272 0.7133410959258872 0.7268892118159318 0.7444063075551453 0.7085868416049935 0.6737201281582516 0.6885807088697747 0.6475769574143313 0.640352402412365 0.650892614473991 0.6899919787995765
0.45656470025144436 0.43878054431475055 0.42726923955557045 0.4722432553665468 0.4881754539168723 0.5077540505433509 0.5125164065522704 0.5210353110210162 0.5062566664470447 0.5053050408821584 0.5378926209520434 0.5865219943110684 0.6091034206305764 0.6281860370532358 0.6570373428335072 0.6339335085568678 0.6259494679013038 0.6525070419762498 0.6722806887190687 0.6673820503706535 0.6838253287508003 0.7012346998309488 0.7071520137447341 0.6832637178550167 0.686957153888277 0.7200118042312409 0.6882339504957263 0.6564051664000733 0.6691114001358912 0.6685059075629801 0.6774832756023452 0.7184434669155909 0.7115984348581862 0.6996559164927154 0.7262165831390218 0.7345007782094797 0.7245968622928572 0.6880448228328852 0.6711094550772977 0.6171903089562893 0.6197556589283388 0.6764336693274948 0.6854052579390294
0.45050663299116045 0.42845935412272207 0.4316139869792375 0.47412341152898063 0.4901579110973145 0.48412015875453 0.49126092831170615 0.482693895479483 0.5122779438743432 0.5073649927879577 0.5190547169024159 0.5450639556927696 0.6074751065092732 0.6318908522723015 0.6557967176005159 0.6229406071929114 0.6375479636680098 0.6488490870732714 0.6879249816050088 0.6804355762688756 0.6770307972557104 0.6865810637503252 0.6693994941564783 0.6616263813514572 0.6697011807971793 0.6939039362284029 0.6909783698428659 0.6867246951401881 0.673493119912052 0.674603449921508 0.6902176583104691 0.67839631500275 0.6879976035586995 0.6692618765117799 0.687722846888607 0.7238196868109839 0.6802851693359466 0.6487142611153646 0.6544359350730151 0.6374609781762786 0.6410737693409627 0.6457886079979709 0.6977369877449011
0.433821624807453 0.4687533009247688 0.4642001557806784 0.446386817994142 0.46402640833493825 0.5027031099748243 0.48773275272639455 0.47406332857338734 0.485778040380567 0.5373438551954773 0.550656217105303 0.5301422669449325 0.5585737968280536 0.6099336744475461 0.6292541729766717 0.6595481453684925 0.6256555786727875 0.6621380638830159 0.7006200337024491 0.6864288188991187 0.6752246167821265 0.651797945132028 0.6416194097165345 0.6150317415185642 0.6185435802960012 0.6695244826192043 0.6630369936653007 0.6238230068508559 0.6732507637902057 0.6791202498021642 0.6789705337033373 0.7061691772186791 0.6927672430286571 0.6825415494857449 0.6766451552898406 0.7187333961258218 0.6793242238530914 0.6519712921188432 0.6420088301306835 0.5870038189190702 0.5893353018112285 0.606661905035191 0.6418205522752537
0.44042675776895557 0.4568806446132869 0.46580527099196034 0.46524267658058427 0.49867121963108413 0.4998062089144279 0.4827379254442422 0.47143193638703756 0.5091950128836994 0.5253690319729637 0.5384601066474461 0.5589278476149392 0.5515950806325506 0.5921163401560378 0.637520774538039 0.6423419634241943 0.6238889146546657 0.618824142265514 0.6723307069393926 0.6840490879333996 0.6409835781801068 0.6180189984885859 0.5982926432281798 0.6101169173214784 0.6182293957403101 0.6540188595336219 0.6513552199368882 0.6227299454706676 0.6474545354561063 0.6564639871103883 0.6717292696653501 0.67520046224657 0.6877824041438861 0.7077093689967523 0.6947786211053184 0.6806443979076442 0.6976485337036163 0.6828791675930057 0.6497113473430476 0.6190068964934249 0.6163637180393131 0.6448157591085641 0.6386875238429228
0.40249567654809687 0.440718391633378 0.475765555236163 0.4827162539239996 0.4961488318437338 0.48019430794522283 0.48432720262625956 0.45499358491267905 0.4843942308730467 0.502964293046823 0.5319828333357548 0.5330835660580744 0.5630617665809766 0.5794325667157081 0.6055510238149467 0.6264858799294635 0.6316433569336318 0.6182191225005886 0.61882794070716 0.6634969701069481 0.6180231769715459 0.6044573898930339 0.5955895239645909 0.5664170200317389 0.574501238989234 0.6039238760634349 0.61610490230542 0.6159771215329374 0.6284664422469115 0.6242795205673819 0.6426568142721041 0.6148537862841259 0.6783508541417347 0.6975279753278013 0.6959167204491217 0.6924262587572518 0.6704390604613095 0.6514005085078564 0.6162445282057626 0.6081488248824235 0.6050213686262188 0.6195672535426914 0.6503700595497123
0.39669167426935437 0.4288232192418997 0.4187187003634015 0.4420873611072334 0.48900590259652366 0.48914481311629465 0.48185911031615764 0.4714227791996518 0.4987952044966369 0.5226891400611954 0.5132146105405312 0.512514069548809 0.5569588809843931 0.5511648458665026 0.5546229959852987 0.571125381346551 0.578106954920953 0.6190708142642302 0.5998804725360621 0.6098637089563659 0.6325217042434248 0.612165732942903 0.5964659492640902 0.5667669245488586 0.5990847450896134 0.5833395599908956 0.5871509083105749 0.605243224381294 0.5836686865672527 0.566292879551847 0.5728389387086216 0.6206395409611635 0.6504122873982059 0.6693528752303137 0.6910016678573315 0.6662986070550786 0.6980621912347431 0.6563628358249123 0.6545270652161536 0.6210558461392095 0.6183554128440689 0.5928166365248668 0.6071160052581718
0.4146809133735029 0.4027113201015515 0.4384742758599812 0.45054829813328295 0.5060167452521681 0.4992899141926374 0.5121180200723299 0.48440019010409224 0.5170933567143116 0.4853391319769423 0.5276777680402862 0.5343125356520418 0.5141554194104041 0.5201137775056148 0.5422876954695108 0.5647144804336519 0.5787296420391689 0.580352039069473 0.6100567396210834 0.6149567920996066 0.6115925870533339 0.5813400865060432 0.5836698917681187 0.5588838500469745 0.5937110119108324 0.6028931928680235 0.5975310920589857 0.5558345193710967 0.5450311188833548 0.5705736630048891 0.5608423895186482 0.546252505991635 0.5929635901874106 0.6442453094601068 0.6688298645999524 0.6803863462964501 0.6940702974244443 0.6918468419570034 0.6673980552446561 0.6595611550726012 0.646242252657183 0.6123935049740794 0.6161530091511623
0.41309359547440166 0.40272385051993453 0.44617931449175746 0.49340900848172636 0.504296411353757 0.509502455164417 0.5035107733963216 0.49663328696831266 0.5278939511749636 0.5261329906801202 0.5057487371675977 0.5161107141615487 0.5421434567582979 0.5563201010468968 0.5636641898379584 0.5481849717486368 0.5852983508862253 0.5833225183790395 0.5781715732553616 0.6105341405336062 0.5916753579682711 0.5842301729017597 0.5829101096088241 0.5357489402913095 0.5516780041940994 0.5899174087217388 0.5995145836721206 0.5989811885741565 0.5575067117567645 0.5807994495575668 0.5515043064316174 0.5615037785476706 0.5672220938498547 0.5974954637912357 0.6658397679721252 0.6965646094092703 0.6799309912225229 0.6692720950946914 0.6917467091140584 0.6814299675511626 0.6394725447716939 0.6167232477433038 0.6271507109726685
0.3841611050553755 0.43110379072729754 0.46646473698308094 0.4895046199515213 0.518676114148206 0.5113501101814488 0.5220770074570505 0.5037842382055346 0.5269864794113275 0.5418681039663494 0.5433896115549356 0.5536371217630147 0.5695348856035443 0.5599169065206032 0.5365898717135945 0.5541226246467182 0.5717511135699727 0.5694229486667206 0.561859419141766 0.5919465468096091 0.5844542973957576 0.5566195743359 0.5520990890126771 0.5456567195583639 0.5499231578928542 0.5719054387295444 0.5899282593007334 0.5847935630670781 0.5923423652743428 0.5907725872997156 0.5661452263070567 0.5863429091960534 0.5980413113810908 0.5924850077817173 0.6171134912211126 0.6786793340240292 0.6940986329615093 0.6801962821846633 0.6673841420427368 0.6904935138616799 0.6881085529270596 0.6899565385077254 0.694047047855785
0.3915965938232302 0.4073398265022842 0.43042871678663674 0.4673135270635626 0.4876309022247828 0.5284995251570594 0.528505728790036 0.5163583118322044 0.5518594614892769 0.5822177303497078 0.580207994043863 0.5630916523423335 0.5361569443936585 0.5460780281796269 0.5606385503681489 0.6044536968612062 0.5886070618928912 0.6055794742025532 0.6087672030905235 0.5766398045650012 0.5943981261816748 0.5957853517572054 0.5957003638122096 0.5655158014973292 0.574983035763079 0.5907142362313536 0.6028505336068877 0.592236029091015 0.5631108201997124 0.5752359345765705 0.5432288288700251 0.5718319239507543 0.5769528382668824 0.6105961531247502 0.6078004788166604 0.6121022128532448 0.6427105520532925 0.6574402737684542 0.6489603071213473 0.6650121361355985 0.6892341203944731 0.6930743045470212 0.7042580948262482
0.3914736091059238 0.45509792353629125 0.4570138909126295 0.4400858176359396 0.4614147631489642 0.49487823776763445 0.5279675574714272 0.5776692326158447 0.5552224478843 0.5837983826703251 0.572648599546138 0.568445959791436 0.5428822260457529 0.553902874109717 0.5876978790263748 0.6370759102152479 0.6228044386795979 0.6294264318700573 0.5890913092170663 0.5772002422056768 0.5708450807632092 0.6070279526491256 0.591676248781979 0.5870475140083112 0.601264569610565 0.6271579210911882 0.6073567269868926 0.5975297230065965 0.559981285918962 0.5487927846912835 0.5498035866750808 0.5040010529023302 0.5645216693177882 0.5680588874210675 0.5878461473012286 0.6138522502698702 0.6312093252118345 0.6538562174301695 0.6457066223898282 0.6602316314773765 0.6627060488774972 0.702681285405205 0.7095884116213137
0.4149991680728946 0.4458031026779583 0.44268441022663363 0.47094534162657636 0.5179388003471066 0.5086095218111255 0.5428816430420724 0.5605436255272194 0.5553417723805296 0.5469454805887867 0.5651350374677993 0.5380909145162123 0.5572521078952568 0.5636233233235923 0.5806401771716018 0.6003391689880174 0.5909531997294764 0.6055956129368276 0.6070234412399275 0.5490749663859354 0.5638341870546342 0.5581788590953154 0.5811174017781122 0.6077702443003291 0.6020928275035291 0.5918667976449078 0.5975275071435973 0.5802326557238806 0.5557638566031138 0.5343802540870924 0.5273909637459384 0.5393152838196812 0.5345878833075762 0.5567092907135637 0.576419229706189 0.5715310311404895 0.5948152441891261 0.6110340857072444 0.6467692112172161 0.6635694035107288 0.6685142593868902 0.6610755392196651 0.6682795198409788
0.4104098319063695 0.4082775415293138 0.4890790536523548 0.514667572737867 0.4933279748276166 0.523856140035539 0.5045181595473625 0.5192784414112833 0.5501093266175634 0.5834748461071304 0.5683392628965547 0.5606930290122969 0.5616244570204181 0.579975973375131 0.5451665306004732 0.5695740403547023 0.6083308872792157 0.5999371817916753 0.5476587871464275 0.5324006067506035 0.521075230140012 0.5359963832674186 0.5327782614238933 0.585576019412997 0.5748894042741054 0.5999518033507313 0.5758446437558842 0.5583860828824441 0.5264511467338453 0.5236936348068725 0.554861840923047 0.5220331984035222 0.5228858480909853 0.5270625428167811 0.5541156242967111 0.5975397462943778 0.5975490601583183 0.5823891070650165 0.6160585531569065 0.6410074156414709 0.6708802659932389 0.6844994324214877 0.6705926130093702
0.4337423219857513 0.4640349178079949 0.48844096770764045 0.5058044171428323 0.5075716743550573 0.5182372913790139 0.5193499275848831 0.5311365192071521 0.5152950179161724 0.5408086328089869 0.534602617571432 0.5581817577535961 0.5601549184455205 0.5423014862048459 0.536656442408861 0.5437021770739305 0.5806871433344812 0.5815439450723707 0.5306635252950647 0.5282772588739131 0.53420177861347 0.5542580449413889 0.5202838446162384 0.5612564396548584 0.5699102441287626 0.5655995928582893 0.55186604929717 0.5280800140247448 0.5414620017340217 0.5505847245801885 0.5440627247178677 0.5282384573284217 0.5591935123974521 0.5606974755635254 0.5389168600134328 0.5658822684903899 0.5706378018374718 0.5656449144491609 0.6043374022820376 0.6177274123307284 0.6621388425407292 0.6413712371970631 0.6452655251111549
