Raster_benchmarking/continuous/raster-103.asc
NCOLS 100
NROWS 100
XLLCORNER 1743159.0706262046
YLLCORNER 5469279.069008738
CELLSIZE 10
NODATA_VALUE -9999
[rows 76 to 94 of 100, columns 0 to 42 of 100]
0.1067292498172947 0.13694240769048519 0.11393535905843473 0.07837153653142749 0.07776580668687752 0.04374753591756794 0.10943150940996123 0.12227296022149016 0.14376902475099837 0.15151294253668546 0.19877191276341313 0.23038235248101738 0.3104172750493337 0.35140264712465374 0.31910750646815 0.3625030449816423 0.34543978033558376 0.40478057691747465 0.4353360167631899 0.43491588521841207 0.42070887897710074 0.3912786215626597 0.4298908692234203 0.41617752056034696 0.41365756508249074 0.41595857833402455 0.4389189487663078 0.45320997583305606 0.48807704762143067 0.4930438955408218 0.5002372638784104 0.4563629767024949 0.4469740133639644 0.4758466497225031 0.48441399309961175 0.528099720852496 0.5031696108743847 0.564280808765682 0.5549614464004429 0.5557179293089098 0.49458261184051333 0.47230408684373715 0.4714614835063761
0.1264234424791805 0.12833937126558087 0.08784245213082005 0.06138557899012057 0.08636731155251126 0.11157169919137475 0.0929476954023023 0.08657213600123068 0.11677393584043784 0.17676904828259318 0.19988163243527193 0.2277388187415621 0.2711564413186057 0.32229305693689475 0.32355055532572297 0.34119548452699533 0.3760437493743824 0.42874660791719615 0.43167507446721914 0.4585391194800453 0.43693152431309207 0.4307724181466313 0.41192280305448653 0.4575467930228664 0.46045959567195227 0.4407388051050455 0.4509921242607927 0.4718126435627672 0.4785648183966219 0.4818285037426884 0.5181143304375359 0.4973739345241745 0.485258404507181 0.4656946914483716 0.48671605278507085 0.46611109092024816 0.4798465140292531 0.4686342909711782 0.500045800546829 0.5378090231984091 0.49536336450031915 0.5310385536303915 0.511322542566513
0.11205880027997608 0.1434279657278164 0.09871352163157225 0.05510689644971224 0.054780283061692234 0.10683771349823461 0.11403585423738904 0.08920094297794437 0.13391830772083038 0.20496820294868595 0.2027088185439427 0.23984672829241 0.29321352617167634 0.3207197906311909 0.3038327682722899 0.2985254083106468 0.3658132195783401 0.3990912839873405 0.431805670197736 0.446925302642567 0.4268027066292805 0.44271242254441484 0.4441512400518954 0.4728316037392473 0.5015212777785959 0.48364589612023423 0.49005675095157647 0.5004774657312455 0.5019673306107372 0.5046524929856734 0.5329131499439168 0.5175288890592513 0.4968660135570245 0.504113225555246 0.454737888108287 0.4321172070987215 0.4335564885035271 0.43615648651855926 0.44770433043071933 0.48827590158389794 0.48765182992032424 0.5331627920204921 0.5081593026744907
0.10014074199428695 0.12337299577026485 0.07165816824870738 0.04131698306486826 0.04156401280480756 0.04356573939380359 0.06897261074028692 0.11475231762960686 0.13751293521827562 0.15870949093961267 0.19978358874925906 0.22461729156615043 0.23793361643420116 0.28702872246988304 0.2891124028493263 0.3186264722211148 0.3579392834552487 0.4157274714747556 0.4294151024249816 0.45621605417103805 0.47730503847821554 0.49454222007217896 0.4832480466169287 0.4698848467095748 0.4913884027638469 0.47347018388982914 0.4733658744540024 0.483214654439806 0.4749143077174117 0.5012722273094685 0.4794783924616715 0.5057187873341236 0.4663163237312075 0.44410332061899943 0.42394816768054094 0.4308248923532843 0.4636901308529858 0.41985589802359014 0.45691862106781134 0.5036587902603882 0.5146717499915009 0.5422439804413512 0.5297228289471861
0.07020707633783305 0.140983965005626 0.12815572788378382 0.05865306317167259 0.04152065989452157 0.04089450239428706 0.09820540870155625 0.13650888461525335 0.17360556917418682 0.15884951953545182 0.20748139225610998 0.21604451148235895 0.2032321427162197 0.22378097592899926 0.25752456988027406 0.2888603604861177 0.35348363530916993 0.4039486388222502 0.45211785266511423 0.459236166648737 0.5108051144733272 0.5231033511896899 0.47111017081799367 0.5000076103106901 0.5006081057789274 0.46769682231643 0.4617184696994162 0.4480170680124129 0.48335139595274745 0.5087826753590929 0.483242887869229 0.5012180560114147 0.44314163833947323 0.41822599500632696 0.4027128531693414 0.44950671847204093 0.4535733887920061 0.4414513855482881 0.4597100174638024 0.5292535231751351 0.5137884619910438 0.5247285987173366 0.5221470160266055
0.06148607683307087 0.08024925604827074 0.12266143728699884 0.1174886242547832 0.08347834654992412 0.07416416245419756 0.07572648424434544 0.1099823819686245 0.15945416992325057 0.1943231376570734 0.20317948291046997 0.23013266333593865 0.24995039120430393 0.26123032202830776 0.26124853023987815 0.325908162537711 0.3696710730718168 0.3985051335019651 0.42657233597811145 0.44377457109925467 0.5279113659747797 0.5067519918550224 0.48384261487566477 0.5151521341687323 0.48161540766655786 0.44509262541841677 0.4818466125570564 0.4844630149147564 0.4867706666674432 0.5044015577049901 0.49776857210313447 0.49656173518297564 0.462086182556637 0.42641174369005613 0.4113889062647869 0.42772667955394644 0.40381042210946777 0.4477086183466808 0.43423397680242115 0.4892842827907779 0.49156211152227997 0.5180255151668589 0.5335041368034231
0.08218423345715128 0.07028419061674966 0.08587086455117388 0.10350740339521271 0.09663030456159932 0.07096137667867755 0.05575812019541943 0.08851084664197122 0.10738078423233706 0.16607726836763315 0.17096824445194 0.2127757356851255 0.22015026663908682 0.24535707573371396 0.2957062502285735 0.3298144442734657 0.36201333681547604 0.4366323738394437 0.4124790721411783 0.4791622257634794 0.4862053843195933 0.5395704737975741 0.5132565591590894 0.48162085278658945 0.44295740994220145 0.43201786002720777 0.48771942235310334 0.5053365546969111 0.47821591711856204 0.4796402878260441 0.45056386587591085 0.410122571324727 0.44354101366235443 0.4182806569642633 0.41211654915185947 0.4022492960095985 0.39299234260952626 0.39492052217057044 0.42556120775205303 0.4893795357652366 0.5124236143318137 0.5209053497453886 0.5287993254350514
0.09764908648888634 0.07673158644842352 0.11999713523649921 0.0975110968876483 0.11946944676181906 0.1305321206537665 0.09751123606225004 0.09046558066376775 0.12277028946933705 0.131731140810759 0.17912198037355773 0.19242712102290255 0.2579621374287112 0.27702844269105104 0.2664959111940907 0.33981198338304985 0.3956963811566341 0.3945203278263689 0.41434074850678615 0.4537323890645252 0.46925682972737404 0.5284332522574365 0.5003193222018016 0.4875090939160103 0.4637717576918945 0.4265591154536088 0.46667067696304365 0.49254056540345076 0.4787078647101888 0.46284022494927507 0.4562570775007593 0.4387288585719076 0.42885239273097125 0.408120489057295 0.3800024135276921 0.410329898721747 0.37609520302551713 0.41234943798312684 0.411743953675999 0.4687616346763932 0.4520065918440593 0.5093899259840673 0.5479396991711627
0.11570213964515835 0.10502892322488848 0.12729268953791223 0.1530442715178953 0.1638134606334104 0.13024390932744892 0.1198991611669989 0.1447390334394826 0.14535860075110427 0.1525141878528428 0.18659196427945177 0.1982124299512951 0.2288055791884589 0.27462960812373455 0.3039471737971257 0.32320619955888896 0.38983358503984933 0.3874342288633731 0.40945676756344834 0.42646691900345235 0.4825687824237755 0.5287652957106481 0.46397232275653655 0.48921890259921663 0.46987314557545484 0.3946044650427359 0.4600232308181578 0.4829100155667543 0.45438944153756683 0.4543876694903318 0.46454011940088963 0.431330177359651 0.39394404387504756 0.3992921628808146 0.385666073498367 0.3882729586624855 0.38462384069069316 0.4351140902671027 0.42023942167156053 0.42752888194094624 0.4536482701807486 0.48606741550926363 0.5540809017072905
0.08251397304179657 0.06661245559181776 0.07606247850560567 0.1425315100420874 0.14880741636462766 0.14856811936385148 0.09404102833082081 0.12934134300900965 0.11685721232787045 0.14118530187262895 0.182451067192451 0.2170530601702984 0.29214887269211176 0.31020303995351406 0.31355926183251753 0.3462537816880416 0.35612090203640145 0.3468613935276257 0.3699668295730552 0.4294326501551871 0.46030393578424844 0.48367629590734046 0.445300246048039 0.4598060860507215 0.44983455940015266 0.4043823174127589 0.4502375054392235 0.43508755877999394 0.4801032012667256 0.4423074225769684 0.4190119810085747 0.4021859207051067 0.42988779106009184 0.42397286218596003 0.40584585185599414 0.39813318207569154 0.3931023720120978 0.3983330732844477 0.4204323732387873 0.4123658295615997 0.4175936352517746 0.46500991988780144 0.5303010931301968
0.05452433130018895 0.04881530125401369 0.07825465226277999 0.11622224647845032 0.14024856054438814 0.10322820538222313 0.10308728655431382 0.11358095347050583 0.1666305236024983 0.15019787066637116 0.196438196000956 0.27648905872758717 0.286010929682247 0.3051516249575379 0.3069628312006204 0.3050228039503056 0.3432286251914519 0.3309364820987421 0.35880257453509984 0.44733669662146897 0.41788103339362054 0.4322088529208437 0.43549813194567116 0.42030692173436657 0.43288786146587227 0.40766349123528894 0.44366184493810706 0.4118180864491922 0.46323866278986253 0.4543989845887834 0.4051476019468458 0.4257641694378441 0.4114560671061395 0.44713637896382546 0.44569146504959734 0.4461896989062486 0.39482068039699336 0.41062936563887326 0.42118431653689636 0.4254008957818517 0.4416961789425553 0.4404966509589064 0.4884229804845533
0.005899472384608526 0.05281110700607214 0.08364305617292177 0.09175326810508598 0.08121991239579043 0.09636826296274648 0.12205992162613359 0.1787322247613985 0.17785096520420113 0.16638661626942033 0.24120749601641497 0.25503850634504943 0.2974418478693243 0.2826000928200174 0.3070268697211773 0.32441595987608973 0.320393483950452 0.35294890784398486 0.3683832962905833 0.39473984585379257 0.40024284690141426 0.39558309188681173 0.4155349477568379 0.3830542361191695 0.39234091898547196 0.3750615537762552 0.42258401900163794 0.42008662230026456 0.41923257075575926 0.43759359964286876 0.4315941420744564 0.4372954346686971 0.44113749399951785 0.44236659923150345 0.44339513500896965 0.4749668777614531 0.44473313852077667 0.4234096167919791 0.46194219929282 0.4649945630403683 0.4597645274228232 0.4314894778451903 0.45983341248018333
0.0 0.01720317071209284 0.03955039760085855 0.07233297818805681 0.0869708485354944 0.12215408096672825 0.16264022478913845 0.20223734855422026 0.20885986643041107 0.20725346831607686 0.23350352705911723 0.24081427861063273 0.24856125727618836 0.2957084987100037 0.3168997769887257 0.30123277575646557 0.30538752535148855 0.3551508420284792 0.3647324369227398 0.38751591372799093 0.38412877587175065 0.34720816562449497 0.35011702604534595 0.3771950316748319 0.39452532162990744 0.39034662936275405 0.41009244297078284 0.40583300990732885 0.4029338334708527 0.48563794215415124 0.4709441665197824 0.4085742195769204 0.43733276382887165 0.45840634598704333 0.4541940452906665 0.5019636122349815 0.44300677806703725 0.4740650327165562 0.4817066803772917 0.4736710486812014 0.4577752311840341 0.4109692315054421 0.4473572689944988
0.024045509486903534 0.02965860463163279 0.0916253678844305 0.06056418134188904 0.06889838622727872 0.08504502236815532 0.11725855844832203 0.1765463367835874 0.18121255384919316 0.20525028705220535 0.24812254879086731 0.2466066605667575 0.27544940189665357 0.318334715217217 0.3288657884819924 0.3313556985217999 0.2932370313254573 0.31493966867028655 0.3508136834221654 0.37422846698248524 0.36499821858826503 0.39038054588854354 0.3792948017358878 0.3643174758176192 0.3359995029951577 0.3709183105999584 0.39201246850131444 0.3940480747807728 0.4134963026108915 0.4795687186553482 0.4477871351317283 0.4143565791816431 0.44626990284804363 0.46405478184528204 0.4491410364559188 0.4732418340095533 0.47009501803266385 0.46913187502398035 0.4788128470849179 0.4770416347988355 0.4423409143920126 0.4125271696850519 0.42116417829331243
0.07611272992224778 0.060935071376923444 0.09765601426642005 0.09836583471753514 0.05947446846025297 0.07910684417107287 0.15704256984891182 0.1759764313492952 0.17695980764018499 0.25221563110855105 0.26372808141903265 0.24634776342775552 0.2815002483498182 0.3170312511466134 0.3282863039342677 0.304528684332062 0.288614242741233 0.28534287768614597 0.3351275668692729 0.3611994870250915 0.3870369029506487 0.35546880696568295 0.3830288297681598 0.3436829610871835 0.3477132326789995 0.3507273405516618 0.3555550593639253 0.37685912742924826 0.3794352993439894 0.46206180695668153 0.4070593082658899 0.44874972794213996 0.4745749234508938 0.493383930513499 0.4481783375344966 0.45561590636233446 0.4551161956856359 0.43092509917159844 0.4284963102790391 0.45169500955618264 0.44519391755073284 0.4260440313654845 0.41816106882796444
0.0688387962084322 0.05593000655043992 0.09187525512551935 0.0751272859082611 0.08749072755066763 0.09537491028332878 0.13803756359532343 0.1652645435833866 0.21402094886934628 0.251492332615163 0.23296346647776764 0.2199606262065215 0.25297205249595545 0.29998070314554925 0.3390240107194244 0.28257255246938634 0.2797198317915386 0.3189605370779385 0.30438370156967554 0.37167787431889854 0.3723689809221536 0.3675061159183156 0.37976754749945785 0.35117534657890587 0.3372892197239947 0.3603176375404184 0.37281676290066496 0.4046136691830461 0.37593728870482496 0.37414118852162054 0.38813686700388156 0.4179190044917767 0.44318665447685246 0.444229968737794 0.48192537333889135 0.4272749269999076 0.38035054462152007 0.40535800306968944 0.39915615734809046 0.4076733032191714 0.45878422206519975 0.4672845531713489 0.4318578467432245
0.0686623359406379 0.032538859192239554 0.078538183013003 0.08238416008807685 0.061700286166906954 0.06574725548712636 0.13882908199754607 0.19537005354884293 0.21389343374068284 0.26341696396905684 0.25696638449876086 0.23600610098467975 0.26295817783802355 0.30016497349357274 0.32178741181112536 0.32571153259271185 0.2903345842799831 0.2923999224584656 0.34318858179476525 0.3925758393045477 0.3838378119831781 0.3442280956795995 0.3740308758229688 0.3754795318186132 0.39050948185664225 0.386704387535099 0.40223919021971394 0.40951732607638675 0.40846736887770346 0.36414875361278604 0.34588549947921704 0.3757864440119785 0.4037148205194621 0.4679548464505928 0.4735555457047142 0.3991829136046032 0.396051301889514 0.34736612089293506 0.3826036936487774 0.43892910242463046 0.47283981418344895 0.4364651961136747 0.4697256166687038
0.07874407023948984 0.07809923471882284 0.03923546775285427 0.08713007246457212 0.08714144265721233 0.08421240900736925 0.1568383680178604 0.1847068379246432 0.25423643882562114 0.26819802365179035 0.24367892434647637 0.2484458869490238 0.31242410168948515 0.30440659392994707 0.3466698442574152 0.36302347569204163 0.3327672690477018 0.3034416911715735 0.3267446993659391 0.34996072821700286 0.384859489469772 0.35865029102945106 0.38822632252722067 0.4043627856978609 0.4208835834169376 0.3935956209055595 0.4279129717721483 0.40189380609231135 0.39640765805508477 0.4107930734436866 0.3664494892897399 0.3936216608377174 0.41083652211207616 0.4742711969201826 0.4594493619215728 0.43678742690073424 0.42694189361451823 0.3805122204747818 0.39843629565419364 0.4538384428920851 0.46729048244164895 0.4426771681622691 0.46512266966531557
0.10529777056363655 0.11924350158782335 0.039720325040614304 0.02266861102042368 0.07516807971035891 0.09595923212261208 0.1729703073573781 0.2126982344744823 0.22607487778094454 0.2766534645889906 0.26049208057370904 0.30804794249913264 0.30223067861550756 0.3557285646602941 0.33367037866841986 0.3508190850955638 0.3584906729123407 0.33118689562524384 0.35989524244598153 0.4011215670111987 0.4285839910097069 0.425091361207529 0.37251787614911613 0.37479565436086293 0.3982000378661957 0.45094012884984624 0.4684063454391545 0.4527459552605062 0.4466377188911527 0.40659945815312637 0.41656498464074 0.4118585316742536 0.43280483755984805 0.4688876844718338 0.44519825645543426 0.43690569517969846 0.45453787270409624 0.41937868937444656 0.396318960494355 0.44800708967526404 0.43559405100181575 0.4470782918884924 0.4790700944353001
