Raster_benchmarking/continuous/raster-468.asc
NCOLS 100
NROWS 100
XLLCORNER 1743158.658833411
YLLCORNER 5469283.378004503
CELLSIZE 10
NODATA_VALUE -9999
[rows 38 to 56 of 100, columns 43 to 85 of 100]
0.6052229720514044 0.5951550537827516 0.5951086932473686 0.6035938881178513 0.5484025274915068 0.5475637352665453 0.5319758834936575 0.5136331256782163 0.5434349923956334 0.5094449810196194 0.487260227910301 0.4603615596187907 0.43350781502228464 0.4203526060546407 0.39994337787994694 0.37454085294192796 0.32701097818636393 0.3633339406668226 0.36014537088859194 0.35136062935060325 0.4055329634819356 0.4071515952348884 0.4134255028094506 0.41422666251290674 0.412317956735798 0.43743465076358273 0.498368064153201 0.49277838325344286 0.5007179009445966 0.5202570757424183 0.5057601849349517 0.5102613030209026 0.513134973622236 0.5071087636607172 0.493039448056597 0.46347066024184164 0.4528789025010975 0.44001692336870163 0.43619612113547657 0.45367631121863444 0.4690613555077783 0.4776190824177207 0.4922110743399764
0.590901697962401 0.6221319838014949 0.6187215325324419 0.5818169289077284 0.5214855651339236 0.512582229863391 0.5353197993451853 0.5075486949862019 0.530426078790056 0.5046371639154098 0.48252132792138414 0.4501382987290329 0.46770244781015813 0.4592992365853089 0.42092478297043956 0.4205944279445472 0.3844853380579652 0.3378774655477415 0.3725582161264268 0.38067416938634846 0.4013315758734257 0.42407738328563943 0.40412254396283553 0.4267327066462419 0.4651415053310758 0.48865493146590044 0.507214762304925 0.5283355361270545 0.5022288642491888 0.4687055295013052 0.4866253715218215 0.4948423353470277 0.49668621115685446 0.4977073984181831 0.504053551223187 0.4563535518935629 0.42955947390846094 0.4285528521588441 0.43072994040132406 0.43721691465036566 0.48536996947837774 0.5311687684469797 0.5280103947030584
0.5758802859008275 0.5794369302982006 0.5882642068151934 0.5856097611131206 0.5396356434274452 0.5340106010541222 0.5149699835654523 0.4840897310356454 0.4883595902847153 0.520921883505682 0.4919316496849389 0.48863410808615715 0.481505558623957 0.475909506128428 0.43361048346863224 0.4112861935969583 0.3918098817058626 0.3889706244018672 0.37979044440102083 0.39288167188457407 0.3912455918998227 0.3746306841372431 0.4026952707271173 0.4136879062679264 0.44813982931592344 0.47624123254998213 0.5280794186760236 0.4951564895946566 0.49582275577267615 0.4679978033613538 0.47888549626635685 0.5106283140475684 0.5114936162439123 0.5030422131600482 0.5024784105620054 0.4827044746109857 0.450793327164753 0.4724192740528258 0.4640752884463562 0.4897974999489051 0.5144897501528851 0.510868424317491 0.5247974873457628
0.5593263948635862 0.5657316573944222 0.5617490664068434 0.5425551090906987 0.5365345043617102 0.5229253401836693 0.5323481069019828 0.5160605461301809 0.4844024236565848 0.5206064839218185 0.5030874224456316 0.4640357016165976 0.46321615617177664 0.45741757676600303 0.4351722473485232 0.3925709002096707 0.3764228892941687 0.35185305333784195 0.3561751140757279 0.38034948131295654 0.38014133111931514 0.36584973199692455 0.3980225946592963 0.41254548849606937 0.45308983602089503 0.5003602176545533 0.5095758364701298 0.5031507058773247 0.49826447429361614 0.5054524829511012 0.4804591926773672 0.5042686183420652 0.511103045458332 0.4832550508804928 0.4804083691793239 0.4782081583684651 0.46993697204965335 0.4898497471697692 0.5124104720189355 0.4741946284147325 0.4833897972656061 0.5123339845574896 0.5149364471679939
0.5720554427984474 0.5521976301419396 0.5489536111259631 0.5352466130866854 0.5412708487337833 0.5274997991939725 0.5338008930118464 0.5051232519880225 0.4803760441642869 0.5152433495949047 0.46706959716238117 0.4596677210603127 0.46846097193652503 0.4565531410998353 0.43996272249756246 0.4134001492071252 0.3818201051268308 0.3325280595972091 0.3318540564358886 0.344593196588975 0.3799694366059001 0.3837799452042393 0.36073996032553335 0.40932319359310004 0.4202747255675666 0.4749480133706616 0.5029851330183256 0.520382075734625 0.527028634510921 0.5433923487297858 0.5125884842221681 0.5006694761699619 0.46738436246836457 0.5077097824461835 0.5233531662341824 0.5003382973557063 0.5344151574666252 0.5160323955168128 0.5255104840006347 0.5193380563329333 0.5315040096745832 0.503901433453986 0.5069538941786426
0.5504954915946281 0.5289350210971018 0.49902200229126 0.4827154416900053 0.5090138544586468 0.5294445791251495 0.5159247333695892 0.4865863900866643 0.46192772573863355 0.49455247899640803 0.48293265731220814 0.4831970331020435 0.4369943183060906 0.40990163749629704 0.4093627965167235 0.4260023975786386 0.39104586420272197 0.35353412076049645 0.3783968727070142 0.3384299599591268 0.38260669629406546 0.35152256530273884 0.38944280761895045 0.40116457902059377 0.4319314240271826 0.43100030761048724 0.5102283746517389 0.5255872447058492 0.5610416072454012 0.586121836363695 0.5223735973322766 0.4859001448437789 0.47743270605276383 0.4905696733781852 0.5200915258280507 0.5498876113227148 0.546562010334673 0.5500741155026064 0.5405007986697549 0.5188590870314748 0.537863601776132 0.5404002003912903 0.5479874977426844
0.5314782248734299 0.5148313606577499 0.5137988912635912 0.47518805989697327 0.5091030931616072 0.5038459450013608 0.49401579269488627 0.4758485836961971 0.48048550798299144 0.49095811935192607 0.4562178840614809 0.47857040912558074 0.4208707700393763 0.4260521774126815 0.446552493373862 0.43613713685093936 0.40731962985336 0.40821652116951834 0.3981638638434927 0.41161186735790395 0.4042394739374548 0.40374997773768767 0.41341685124232064 0.4196365121876842 0.45814610934709665 0.4667541445939318 0.5037677605271643 0.5004848892386206 0.5412582396414047 0.5609249478151292 0.5447264528514996 0.5395133356649774 0.5299860372042746 0.5524013681121159 0.5622057407401245 0.5726835270629896 0.5682561726202893 0.5852101816679919 0.5693895857288044 0.5747037331257073 0.5449368143885631 0.554911747042591 0.5427370887028112
0.5455605801827054 0.4906007061631019 0.4840084522561252 0.49676837572928456 0.5285301529717082 0.4817566243792387 0.46716445882232416 0.4868882509428899 0.4492215990287441 0.4595372702147368 0.44872904648685047 0.4683765626726306 0.4131796305929927 0.41304967373726703 0.4255807515126981 0.4680647986357247 0.45428592518455085 0.3959927732069038 0.37579874371881644 0.402607028007182 0.40612607728607203 0.43483071191925776 0.4394432993907621 0.4611026792972879 0.4782159186249319 0.4916587831728944 0.4841783214479305 0.5214512561093604 0.5229560367859736 0.5480228173719811 0.5171445748178467 0.5300529171419682 0.5506091231348886 0.5571328600819528 0.5661562408043488 0.5511120995146797 0.5645547799363879 0.5535006609195031 0.5876107925817462 0.6039634400432783 0.5910143947275975 0.6047374822710577 0.5865722732465437
0.5328519426214174 0.5082705327998419 0.5262421639469119 0.5172707502793928 0.5258398572559905 0.5162963338824006 0.48931665045050177 0.4849159387028623 0.44958081313459997 0.4556629544271097 0.436222810146228 0.46047105075782296 0.4213594983551351 0.46756143467518607 0.46153317445025926 0.49125930692675635 0.4836121738547129 0.4186204280106221 0.4098505809473194 0.41240130395623176 0.43818176774659406 0.40683418512771713 0.4119135091987836 0.4632302728516549 0.47657083980330495 0.4841191048634622 0.5056346747513379 0.5103294672482944 0.5425873097735475 0.5357581520219309 0.5481633695266873 0.5198582759252645 0.5522262006284077 0.5340021755406642 0.5501513491190337 0.5745623172212483 0.5553850424590242 0.5707089912628804 0.5963778804783133 0.6128482514086319 0.5857537550274589 0.6273358667436688 0.6212246285892743
0.555487577423247 0.5470687515966041 0.545099196797563 0.5609593419470879 0.5630039034328941 0.521732631295207 0.4856850499183381 0.4574551582002972 0.46763231199563715 0.4793065613480843 0.47422694142227917 0.43038615370798877 0.45886019495872554 0.47150200991385177 0.4993315416149871 0.5121953407987017 0.4765738439380635 0.47705696987407087 0.4200229299501531 0.42312878939105025 0.4102679232860236 0.3968021725806934 0.42215596865793176 0.4413657027173329 0.5012317709560865 0.49111419127316763 0.522874428428524 0.569726629326981 0.580239924040432 0.5878444961314775 0.545362348808694 0.5442988953839063 0.538164724744044 0.5491764809061774 0.5792915570832601 0.5772616714486042 0.5749985891629731 0.5644176720242047 0.5801450236435777 0.5693226349879924 0.5962799236928065 0.6060918959517716 0.641006872388407
0.5421971139697797 0.525563241313337 0.5266989265591113 0.5547140270851793 0.5403997694891955 0.49531042248527946 0.4776491034855216 0.44952191591134955 0.46780826217897986 0.47074299117528107 0.4711444463470784 0.4526445763278166 0.4626222642832483 0.47168399279720324 0.46518620537187316 0.47481923999369446 0.4575658151564852 0.46892378241820054 0.46420768129129336 0.44959618935541157 0.43997985408103196 0.4343256681409362 0.43285698112535864 0.4902338177198777 0.4942105854267013 0.5228945016909974 0.5587232327349442 0.5718103418085716 0.5907169551090662 0.5729956179433288 0.5634565484849086 0.5636466117123048 0.5728098786641904 0.5803094615994707 0.5936978795904183 0.6018103387163445 0.613130620903154 0.6022293424950887 0.6362622974479095 0.6061520329964996 0.6201197805336319 0.6543900113756593 0.6629688624474811
0.5903397376975056 0.5348133662521145 0.5572544220399037 0.5268799934446753 0.5218412468873436 0.5424045555791873 0.508367357709348 0.46903720805790367 0.4584790700215515 0.501615525045087 0.4969426786982533 0.45478972846877624 0.48223528244737235 0.48286574359167955 0.4732602383920961 0.4716604419209347 0.45600617403358756 0.46055244588373934 0.4622860705042222 0.4693804043679587 0.476798505916498 0.4325470143564098 0.49011240048454674 0.5071907800108263 0.5260428885013355 0.5540160138461651 0.5873363825096082 0.5792883936742446 0.6043565061244185 0.6074336812680269 0.5793466727897794 0.6057332512637664 0.5755775200312089 0.6119806359266032 0.5818990095880292 0.5801836679029487 0.6182416727601951 0.6683402974314249 0.673222719645364 0.6632905222373638 0.6862934804045501 0.6659970614216573 0.6452543322490306
0.6144630539311053 0.5724755275902643 0.549906354538208 0.5321904381307695 0.55312934540995 0.5364073257415992 0.508800920007965 0.5047849174169535 0.4747849382390423 0.4757199408544784 0.4892975574292085 0.47299414429527625 0.47713941587294173 0.471552644974205 0.4406429231184891 0.4680967930150937 0.46062491088266494 0.4636214539169914 0.4751281101955986 0.47574884805930295 0.4937101475653886 0.47602050769318444 0.5104218863014224 0.5399833153069126 0.554574422177865 0.5756439983469606 0.5948553150124328 0.5800672737386494 0.5924995386569245 0.5834844440953699 0.6138761891371335 0.5774798334973054 0.5904460394765506 0.5892330641851388 0.6082401771268828 0.6422911325884592 0.6608045955272032 0.6927849718021926 0.6976573810282044 0.6916197146419346 0.6933746506586024 0.690471950254441 0.6546310431797545
0.6329450727944772 0.6405528798410268 0.5584875973258426 0.5627816155074967 0.5286023888694251 0.5337722524183879 0.5160074343576456 0.46836004253178215 0.46634540861855855 0.514106283870542 0.48088519796441626 0.47531436551938494 0.4589735280189104 0.41641703770546923 0.46544295880932657 0.44730553826331443 0.46989640848214875 0.47198035398255944 0.46118500801275414 0.4818751399804421 0.49538760648937785 0.49274402487480784 0.5063706342255873 0.5232841897611139 0.521333495676965 0.5635549231976513 0.5964982170097853 0.6044445265005448 0.5962566069660895 0.6156793464237958 0.6097344524416716 0.5702945657909305 0.6152904809965447 0.622889499789722 0.6264745507964213 0.6523836082452238 0.6558016077454093 0.6923568383873955 0.7052983841243954 0.6960367399760082 0.6748377541238857 0.7065484134504891 0.6618046430708048
0.6325668012897177 0.6372006499795912 0.5707487160626032 0.5517992613591298 0.5660511130455386 0.5449306440609981 0.5257078583751638 0.5188957030725987 0.5059226723789813 0.5282675181468305 0.49620422054498875 0.47933891927055117 0.4592851212269797 0.4755903104269753 0.4844875986029163 0.48804377831536255 0.4971536086258361 0.4891600791172483 0.5170519585441121 0.5243757913745237 0.4829117850359762 0.5019193347289018 0.5064737698176613 0.5055472324103508 0.5089377354497652 0.567353170731272 0.5802397059716513 0.5725925276519523 0.596690032834042 0.6033101358777704 0.6129677774856237 0.5766230613885774 0.5894734182827657 0.6295896228598679 0.624883817059681 0.6519408344668773 0.6841607752188198 0.701628030400392 0.704687212364513 0.695500979435994 0.7068640269423894 0.6700817586303344 0.6598077886465954
0.5944390882538676 0.6141288822846805 0.5781480324327407 0.55672727997841 0.5723302619460019 0.5772245998001957 0.5389548674779804 0.5255625289386443 0.5432922840481013 0.52123474285479 0.49728076201060845 0.5076792784876175 0.4734941153391715 0.4716480686985898 0.49640776827363325 0.4983968602778534 0.491524754267362 0.5368631898316422 0.5229108581202712 0.5323208590552087 0.504678066078788 0.46248997237965894 0.46479071487548007 0.4764745030174613 0.5052058951149381 0.5212340776362707 0.5283270867893536 0.5284379560871612 0.5616068195926909 0.5996662626083583 0.5715875747479845 0.5897769553473885 0.6222808801270977 0.6312044150578331 0.6099162155562101 0.6410699710613392 0.6758825643488223 0.6639879453955672 0.7112571949966645 0.7272871899170393 0.6909288752102587 0.6989083666756494 0.6515472258997395
0.6056381296703136 0.6077643450491075 0.5800411576661213 0.5875817314303862 0.557104041440688 0.5719009835329336 0.5537290635291426 0.5487292405541323 0.5281500405945223 0.5320952512277711 0.5278357455588597 0.4888643012981612 0.49110313323551086 0.49701924283359794 0.4928340761098651 0.4834869045139604 0.5151875589096419 0.5368500930524329 0.5255880015111764 0.5421951942379527 0.4855210980758783 0.48218818136143204 0.4818512418198619 0.45349530966341306 0.4638177600661652 0.4974519155253612 0.5216186056758615 0.5758165780503715 0.6012712097310552 0.624860950738105 0.5820786816234053 0.6129843193540017 0.6379095630785799 0.6645445567036732 0.6304708638575109 0.6815481701264748 0.6809467661981636 0.6949227530247919 0.6641452817774806 0.7099146219276514 0.7020823197336825 0.6721741767595241 0.6676723781467555
0.6310414020020207 0.5683758905764335 0.5528734963614809 0.583496766125698 0.5642701309629341 0.5872187687832578 0.5519271784929765 0.5442147148110538 0.5253133833732972 0.5211212300068876 0.5308753109281626 0.4755305943684499 0.4596208368233665 0.4579122983731328 0.47291601936547895 0.4864493343702943 0.5358185917599937 0.5397302944646604 0.5120128146808276 0.525773321134538 0.49903208868176324 0.5156568066300641 0.508934767066859 0.4603128017420936 0.46353181349263567 0.47341681026608096 0.5130636993675642 0.5705799210940435 0.574137015562442 0.6265351568103622 0.584697679879457 0.5763362948584269 0.6481543548303682 0.6619057418592819 0.678673620475852 0.6789076705529834 0.6694397292914199 0.6900491476830056 0.6682215193307072 0.654985258716016 0.6867527666111848 0.6551886777659391 0.6548088512926354
0.6022577477518326 0.6031378096766309 0.5800016650451465 0.5545425238377281 0.5407963808466575 0.5423233767352841 0.5470367568415822 0.5450779146082676 0.5630691679483646 0.5196659909022682 0.521260487552151 0.5012422821457978 0.49787750955902826 0.5111648730036286 0.5329935104795278 0.5244729094580938 0.5149780865998639 0.5527845394050076 0.5509399732672362 0.5207937688142228 0.5035206289498215 0.5192881163926736 0.49543731528245727 0.4784422513128607 0.4440744117823641 0.4720521169634844 0.5011108388137503 0.5282009648674608 0.5776820837066257 0.6037853989856568 0.5996264292710891 0.59545755252739 0.6361731759847936 0.658435894651326 0.6574109440865248 0.6714671915560367 0.6632822469396598 0.6771701502762978 0.6795943207084729 0.6431701461723183 0.6356881875841609 0.6333665169090205 0.6516542406721975
