Raster_benchmarking/continuous/raster-122.asc
NCOLS 100
NROWS 100
XLLCORNER 1743166.7168749839
YLLCORNER 5469286.717975871
CELLSIZE 10
NODATA_VALUE -9999
[rows 0 to 18 of 100, columns 0 to 42 of 100]
0.5028518524188135 0.4728219315686097 0.4326426688536846 0.42364519259575895 0.4238919552828003 0.3601368641271423 0.37404704675156664 0.3730313258551085 0.37147082306203 0.36388230759938944 0.4134106775391853 0.4658795831520368 0.481873775507208 0.527560007782425 0.5051655177907195 0.5043884235906346 0.530893268478003 0.5558154199525981 0.5333101658601417 0.49604070245189025 0.49619044419722824 0.47995046043628103 0.4456336361742341 0.4386522160652258 0.42644028504747566 0.41307238188834156 0.39771543996591874 0.3416510297874879 0.33320864233151093 0.35681667589092836 0.34145267979018673 0.35454024599441075 0.3314715669342062 0.31857888372718146 0.2887082816216402 0.3259934598441565 0.2753251442503725 0.2579257656625582 0.2519740902028765 0.2788674633976424 0.2867195633141741 0.27744985922469223 0.30788206038129595
0.5093225815941611 0.46953882470205266 0.4568577475670787 0.39626081787817924 0.3861147409672411 0.3856993268112542 0.36228913428517695 0.3677377123947471 0.3726366172633754 0.4041794717547029 0.4311961526632824 0.46892788144866154 0.5172459213225143 0.5192234623906571 0.5447343706904005 0.5168495632485701 0.5107071763782347 0.5016356011889891 0.5090260656038359 0.48889390234859054 0.4588976125763583 0.475974074257782 0.4366000900577241 0.4271384312734024 0.44091120432976627 0.43601788256568996 0.3817993259951573 0.34816287170835314 0.32515200168141445 0.340689362139715 0.32284917701996324 0.3278507519456036 0.2971751816798283 0.2746369490452819 0.30197552090700686 0.28962709224579 0.2549546538048508 0.2598779400361614 0.266133272806126 0.28338555953815475 0.2945664993614792 0.29312155481803503 0.2713987364051381
0.4696646461693692 0.48750116640631475 0.44358970660222513 0.3701546872680743 0.37071684667443605 0.3960030503804377 0.37556791479416296 0.36489875621331136 0.3786548756933143 0.38529279665619487 0.44628491602140874 0.4670614925817174 0.5032913408788767 0.5258878777114683 0.532537905123401 0.5436114687270487 0.4924820086209113 0.5147356958025536 0.5065953922910691 0.5011917911311324 0.44163125380719886 0.4237919456288982 0.45730252565480217 0.4461802499089001 0.3958645912109089 0.4047112818010891 0.37099742289906096 0.3009757107333636 0.3177936139523083 0.2654833056584421 0.29280086321581045 0.27676050092120175 0.28691386132136165 0.2631612110651665 0.29447173926851183 0.2765095453184264 0.2412179024096316 0.22853554829055478 0.2594884749122626 0.2666200027877957 0.2533499471498228 0.2709736083385302 0.2720538152209264
0.48456630250903826 0.44350570525223076 0.4377389208245822 0.4233280796488495 0.4241325622983084 0.39595023922358574 0.39227813393592686 0.40029315374809643 0.40026984346102584 0.44841752283688957 0.4610125693084667 0.4578883908863141 0.4642236356173438 0.5071157173077124 0.48940508552492284 0.48575455690407066 0.49810538150626243 0.484122812566221 0.5219694278398072 0.4837599907004854 0.4470316055282736 0.42126131448306753 0.4338271043650087 0.42183737997436577 0.3930501849376214 0.38264462457682097 0.31809601662112613 0.3146852320932867 0.2847491427989542 0.29771956956892576 0.28923021700257334 0.3054296367618243 0.29440200027646257 0.26495569929428475 0.25718776614066874 0.26371164966147415 0.27150450667697074 0.24502328727384937 0.21184476861785406 0.2552920225506511 0.2785092473640972 0.2569181271596924 0.25203692778907677
0.4528697537573311 0.45514683156187224 0.4430531560675179 0.43119491947649896 0.43908963645347204 0.42889805904361106 0.39989492192282167 0.39723658470454876 0.4206523573411103 0.4900556712212264 0.4915018571203534 0.46230800771452213 0.49282283910270896 0.49148172354082015 0.45889370067163315 0.4507683358966446 0.4877110638166686 0.5002306890810572 0.4825021855383311 0.4894497762748923 0.45595626384186544 0.4351147919646245 0.41510360086119613 0.4098025994690518 0.38330121633582015 0.3426704812570824 0.3085161578911888 0.25490088371676894 0.2802289607479968 0.2521492175441846 0.2788148516684084 0.29963943355391925 0.29249085713493966 0.24708707098842944 0.24621482512228293 0.26773097809963065 0.23817146851452112 0.23011823032905437 0.2277839282829094 0.22121515997554114 0.2658841355423016 0.2776261799396037 0.25755809375024374
0.4488054480391057 0.4394143811509296 0.4268126972329631 0.38942321219371134 0.41932656143154184 0.4125184140573905 0.42059789476599657 0.41346349077474365 0.4783759229476507 0.48465747401686254 0.47813686663686117 0.4752274777270201 0.46655444843220073 0.47916437764953473 0.47138382958621977 0.4648693063134054 0.4672509043635709 0.47618151389385094 0.4870324231161197 0.4857279812515334 0.4921203987632668 0.4821906234635323 0.44956123571220946 0.40132862548059745 0.3689011786129833 0.36677328654942054 0.32797022706330564 0.30084329005030747 0.27646104526390064 0.27937198034035576 0.27856181262303625 0.25294313656467154 0.2384927328828552 0.24238581302844966 0.2353242035444885 0.2524005697163972 0.2525339120282756 0.2536100018630502 0.230675895054979 0.2259276124936264 0.22537503073639106 0.2146110674847562 0.24177578782201256
0.45426244096353163 0.4822464316490165 0.4137300960775722 0.37109851495876456 0.38414622463066084 0.4326524543985398 0.44134480587119834 0.461953145306542 0.47867331038186284 0.48593596575502956 0.48253137437557336 0.5271426145969735 0.4542785752214017 0.463556891241392 0.4497686236102923 0.4270329406827389 0.4295433780008885 0.42303932288719753 0.46684434279811265 0.49166372177250095 0.47078665053992774 0.4564561812462677 0.40435829580261395 0.3936509071383739 0.3678481667325564 0.37201892797904973 0.34254002768534125 0.2889505959294892 0.2715590440926894 0.22910267914967475 0.2446357442133322 0.26809785350540954 0.2504473673645617 0.20966998238263324 0.21723606353714303 0.2587947550414433 0.272517819036598 0.2536446010426226 0.2718345413992056 0.2701681625783596 0.20705368549047184 0.18655370608260627 0.18584169482632495
0.47604018495644695 0.45955408955244575 0.4560410286451806 0.42738967933965905 0.40102056636125516 0.399835624507755 0.42983248014408315 0.43205135081433205 0.43862966850688245 0.4730413537040169 0.4636648851727452 0.503078750454519 0.4581610875648795 0.45859688558260014 0.41995547073605155 0.4014318613877937 0.4080611147214721 0.4385217234133953 0.4290444354271869 0.43661554606039854 0.46072477482111757 0.43266494261911875 0.4152061517540382 0.4070214906248976 0.36285950921779897 0.3569757591367088 0.29849341271771135 0.2690743578814946 0.27369282956567736 0.2677194705121911 0.2654379724280145 0.2617793967179794 0.24601242829320083 0.21102136479974976 0.2513376950433039 0.272794253387579 0.26475499855403334 0.262327087626094 0.25388050064074785 0.23883189665581997 0.20842685137402867 0.16769161203150607 0.16836959609377217
0.4663993370888584 0.4786021936674714 0.4273037400154597 0.4409927775676981 0.3808190454712128 0.3854034591850625 0.421291988639746 0.41431131541058264 0.4355438373086847 0.4231071129621931 0.44003827547251656 0.4707403881888508 0.46455603827230124 0.41025575868988423 0.37531010198325526 0.3624564784413936 0.3793713410754249 0.3942053898331992 0.3981457679788166 0.4377705389732911 0.4649701378251997 0.45676322976146116 0.42269641103540706 0.3936045144361156 0.35282377773721174 0.292151151557103 0.28120017472780695 0.23812456717011374 0.27178760096385873 0.2761702720847184 0.2357436713055549 0.2114763388276354 0.20918265504498024 0.21880435978107074 0.2186926071706853 0.23017507623415634 0.23948994916862293 0.23541708691200383 0.20752311865963774 0.20635917329738096 0.18118707451123214 0.17406764557589535 0.135958326896253
0.45157799015432626 0.45720196988914946 0.4341051860794599 0.4352133458963247 0.38689347806289576 0.38541929427597577 0.4097208785461828 0.39248868159417905 0.4228769050927479 0.4676142985753835 0.4741595255291735 0.4778190799630537 0.4297766824099379 0.4156672979055611 0.39310912908594264 0.3644962772897728 0.3784287514175811 0.36603016445919745 0.42274380991094995 0.42396022648828185 0.41350163895098074 0.416304981420876 0.43365854560867945 0.41005242211896326 0.34804205629723456 0.2920094787081745 0.25676777630018627 0.24154581060196428 0.27254953950280086 0.2701907681302738 0.24248966710212902 0.23262701218710657 0.18384699534682364 0.22878887705041578 0.20776984681896607 0.2444852192674784 0.2412953707785742 0.2487293404717702 0.20381231734073443 0.1626203040454132 0.1697851877847286 0.17806608919079675 0.160077767345267
0.4611570789673701 0.4203973541924588 0.4374356301541872 0.3943945092278567 0.4015645080902877 0.38440048845019625 0.388256932920416 0.39937111618626314 0.4290575586090412 0.4616027065031228 0.4912727420439796 0.4701298874105684 0.444717903466987 0.4532886970950421 0.4289737077688673 0.39214836688975563 0.370792086856007 0.37004744601239187 0.39301667437339327 0.3959467341864824 0.4192270092682611 0.4227435396109771 0.4053422567784817 0.3873638230740368 0.3203231031851817 0.2876078180953104 0.281622250874478 0.25001676119635413 0.2371405228043391 0.26593457680854604 0.24576163535813006 0.1995918652297026 0.17979044651523132 0.2022125049161344 0.23865936721705502 0.2714864837280787 0.2715481556949284 0.2734794632342379 0.2399141795366597 0.16864817127084944 0.16196349088214623 0.16109697428666186 0.15416633529714907
0.4780758570329953 0.4790963184418578 0.4287470748888032 0.4374191807868527 0.4112151068483511 0.45127949484841345 0.43335026410677224 0.47003084036968507 0.45822966618514965 0.4936353542798294 0.45669982642876833 0.46149257881613065 0.48219573345414846 0.46932922683446293 0.40457275076648497 0.3839658669587111 0.36938161161404187 0.40073270312875175 0.37344017418726716 0.37356899354380996 0.3920240208683103 0.40673088874485536 0.3969596638635737 0.3584612502800837 0.317573743815053 0.27714482122772366 0.29419303103615874 0.28686466721961723 0.22763112011045528 0.22021340691695032 0.21385276218310387 0.17761050232354036 0.19539368764406878 0.2144405727942395 0.21172908442147462 0.22702936142354244 0.2689998226012398 0.2744146324434055 0.22867027420444333 0.19398171433260888 0.1501508758720779 0.12887110141052577 0.144517945064744
0.5011365117201179 0.48937605799166 0.44937610401893857 0.4388744396898807 0.4374360396785329 0.48642346934728115 0.47089861742505557 0.4863846949905437 0.497330521403406 0.497862735502401 0.5035409005167599 0.4959868870237564 0.4860896776542725 0.46536513417955 0.44038480121236695 0.3889404276615891 0.406745764778498 0.40467938864598146 0.3628127755438417 0.3348475071506912 0.33538005239205365 0.37279438544987725 0.3402634860550844 0.32774089919506216 0.30354873779181185 0.28859761098569825 0.24861546708630186 0.27245102345023925 0.21516612804244725 0.18841858194382863 0.1784542912422526 0.19586372600725088 0.2035121398089534 0.25228060256420637 0.2353848929577477 0.20927121245132557 0.21807655985319085 0.2555402770101769 0.20619933112096947 0.18901502807100248 0.17021161159377926 0.1418899405324472 0.14909856990090356
0.47300730901962473 0.5114519709639193 0.46737250420336207 0.4557114414292443 0.4694328395468551 0.4899475517738382 0.47188928534207736 0.5053742750766447 0.46562070146335977 0.494065592767587 0.4774908640895406 0.45932251185657225 0.45520393245568447 0.45351294840381373 0.41795986358528353 0.381049064169948 0.3742028934980359 0.3772906793475134 0.3608984536643744 0.3591850200346377 0.3388306239449438 0.3462054061198192 0.3062696415856386 0.31510214289433713 0.2977896744364432 0.2570554173255461 0.23672723154600964 0.2247313659480387 0.19993346786519897 0.16649055516470657 0.19657040577507864 0.20294077732744042 0.19722637668615353 0.22104292069972992 0.23359547517961918 0.23055516623156108 0.22241020022309616 0.22826420359679572 0.24444611887432247 0.22159625203545968 0.1793335379857353 0.17510338385328 0.21257229747721715
0.49639252825461816 0.5203151355785507 0.48793604661774204 0.5228045576488388 0.48168573105738616 0.5063272265123397 0.46852089029185573 0.506178280572571 0.45906744847068526 0.4361835202643057 0.43754548791114667 0.4721648381995024 0.45796769710815377 0.4501964177965597 0.4376130208812862 0.40193378486964804 0.4037834985191184 0.36894039002134876 0.37202259158391304 0.32357569368771466 0.33258619455533667 0.29540178203604134 0.27858798205361 0.2543148008908126 0.2630708579167386 0.281926269283107 0.2478427704335191 0.19102629477025512 0.19214394932223244 0.17453146349623863 0.21553458068625467 0.19289403586931678 0.20398500401271277 0.23234000663799634 0.23191671399559585 0.23021119430303552 0.2054135895855731 0.20193719454523332 0.21614951687144007 0.24081764654716115 0.2100295797278534 0.21939080504054334 0.22683815064129884
0.485329128427897 0.5310217534663096 0.5303523492891782 0.48006962311450896 0.47785881396360264 0.5074555469570003 0.47009311169691204 0.5018312174799959 0.4723318097995246 0.4492348099275867 0.4114608612384584 0.4317248337967982 0.4255603484057998 0.451936036191229 0.4127121583709882 0.3964635049627324 0.39417189033790884 0.38406721961142193 0.33476029750365344 0.29872612928532144 0.2750869032582901 0.31471848612276004 0.28643419739340376 0.25964284537303317 0.23465076238555851 0.21415542617500083 0.21353333733878488 0.22053432764759576 0.18911420265365406 0.19708170783686912 0.19580371816193182 0.25319009976321694 0.2533037122142262 0.23353497748358376 0.22798855374753071 0.24152707152075298 0.2518541797360337 0.22927217232998798 0.1959993256816118 0.2083806728806419 0.2239771667143828 0.24227225315620265 0.2183176147442211
0.4960496580299503 0.4877103003025451 0.48742102993439457 0.48876068052895194 0.4767741627477718 0.4728275565076573 0.4746010494943823 0.45621662946980834 0.45546063965447153 0.4186543413095794 0.39874340867412683 0.405805833029775 0.39900609820746086 0.4217055594305407 0.3731558086298591 0.3699965701044149 0.3601646210160242 0.339316064837173 0.3033445900440699 0.284144381969829 0.27027691919998986 0.2974513361051319 0.268855283170613 0.28149591205032914 0.24270811792928415 0.2244981239286948 0.20447018839584052 0.19711885393553522 0.18961818371487227 0.19206736461186175 0.20581576960963988 0.26860275208665224 0.2765914976687709 0.2375291496186533 0.2277639159603715 0.24145954581749313 0.23917764025321414 0.230320601370301 0.22168608744961754 0.20364830791869595 0.22297956296681673 0.21458903483956812 0.21872882126656099
0.4753637074931756 0.4698623577205701 0.5151700842641694 0.4863831127711923 0.46541769049109516 0.4759309145124817 0.47739602108270623 0.4520801571685424 0.44593114771523357 0.4193471456367115 0.43366337308939445 0.40089144184712183 0.41295004274131863 0.38181841374817777 0.3553742264051024 0.35556027392784373 0.32291837926626416 0.32958246267191965 0.2785399456331206 0.30615472155038387 0.27704309401921823 0.2772789508504957 0.3085699370115797 0.28858744341588355 0.2460644398997654 0.2554140339760436 0.21857735667282083 0.2310687363339647 0.20968427776049886 0.2170728836995963 0.2528572619406007 0.2858382994958647 0.25235354155854456 0.24619838480030237 0.24388579185217163 0.22415000229855928 0.22978567067119626 0.213817426270504 0.2211785863329335 0.21109192147133565 0.21056431795067684 0.23772984850203757 0.2250995511626639
0.4489452942975051 0.49947769300035233 0.5082291251942422 0.48074851769983057 0.47460235485347974 0.44870034277705384 0.4609251723272498 0.4435472828430514 0.46980002317147096 0.4137081543927973 0.4323806938671947 0.41754396242457764 0.43349769247284653 0.40463499143088527 0.35391494214079927 0.3282446110574119 0.3123197600700343 0.29449664755064076 0.26525755666406786 0.29064344050868346 0.27092050228532816 0.3057475761767599 0.3251461332680349 0.29012736030300473 0.27902116544561467 0.2752722191306908 0.2430376354693257 0.2360383842577747 0.2437747180925392 0.2035656942885663 0.23770056140170093 0.2880402704915952 0.269921891845935 0.2520054849193212 0.21694374239188755 0.22669727482785992 0.21936595363353806 0.218688435509372 0.21347922140375142 0.2318395183551021 0.22493036083632562 0.23950344407298285 0.19795987279045313
