Raster_benchmarking/continuous/raster-74.asc
NCOLS 100
NROWS 100
XLLCORNER 1743153.9244257468
YLLCORNER 5469286.633407633
CELLSIZE 10
NODATA_VALUE -9999
[rows 0 to 18 of 100, columns 43 to 85 of 100]
0.44394444630645286 0.4466373179209825 0.46669072659355265 0.44694004504213963 0.4445868868539386 0.4571337952585264 0.4200987797425653 0.4149370995519084 0.40011702102780217 0.3744683938179841 0.42643253925501423 0.43690160133240685 0.449256474226784 0.4466887364780516 0.4374161471599478 0.45406207546651145 0.4539121734025393 0.44922703648709245 0.46005226535124766 0.4394977056857329 0.40503818557157456 0.3952985172406284 0.3596210869230155 0.3437430740741565 0.33197997676536367 0.31852814888663367 0.2708401426459132 0.27655306078216674 0.2930404138808792 0.2957481033555677 0.3003064558936844 0.2794757728904019 0.29999421374285634 0.2642445223418164 0.19490319072879597 0.20814099386377286 0.17509415267939027 0.2162475694454167 0.21435528050394273 0.21469481513875477 0.20455925602719674 0.23169452579493735 0.206666236318483
0.41546359441736447 0.4385306705163997 0.47473373942692476 0.49081010203475445 0.48610492876388656 0.42397330871831757 0.39206066587061034 0.396442491227068 0.3762401596055388 0.39934465554627707 0.410934822102971 0.4214652856795769 0.4815319223723779 0.44482268961357735 0.4151039969190787 0.41003836304733804 0.44653749029852435 0.419802020609582 0.38145354183365876 0.41443289272522255 0.3985648334645476 0.3617926745072764 0.38063780885739246 0.3095767934132541 0.2917321156304772 0.2764806920273875 0.2571250145995469 0.22491675664901262 0.2405062301825267 0.2676592206046213 0.23034208930509967 0.27621180954401353 0.2904326451440329 0.23096059819981243 0.18339106064141106 0.20936987219110625 0.18162265818250767 0.2384668366067219 0.2545461560655268 0.23052396132231595 0.24211421952537138 0.22005974807939852 0.24660972909015802
0.4129291870589092 0.4280663113282999 0.45411039626953503 0.4554327225894982 0.41969752349743705 0.40275997380067796 0.38748324413733404 0.36778685621190105 0.37288532428063376 0.3685884056416921 0.38766455144274425 0.4324707131207672 0.41070126391835465 0.39992814686670614 0.36725172896614666 0.3702849451568995 0.3989533681872954 0.37569791218737747 0.35946161137276383 0.36369801456826345 0.33340576140566086 0.361931880783918 0.3423496953970173 0.3123675443546295 0.26036238066220974 0.23708480447667551 0.22358574943900666 0.22207416432809066 0.2125428770259505 0.23722815707813474 0.2403488354310494 0.24514659375167266 0.2378082806073237 0.21946478686461612 0.17721249419898186 0.20558029113234236 0.2108434342378572 0.2060534877745744 0.25193423074276944 0.26992660652676825 0.24654319153119456 0.23323083790198046 0.20861891168083108
0.39071598328145046 0.39541862604599043 0.4211054779189811 0.4468683748392353 0.3997273197668077 0.40717625666786705 0.38499455738012006 0.3588565107691815 0.33115023060019066 0.3468522969497656 0.34152677009914695 0.3739688488162449 0.39611124261048564 0.37087256717829387 0.3479120982127923 0.3675828431913206 0.36841036640051317 0.3457127834627786 0.33137804618999533 0.32903985415474374 0.27733820534450415 0.3118510614584712 0.30058619454067226 0.24837718644875054 0.2686774348325429 0.23685929745741907 0.20955434656307292 0.20414183376078077 0.20244187383315643 0.2339164944383322 0.24302733675681176 0.2185031609363368 0.20032681712032263 0.20302464394903888 0.19997002882119913 0.1799978072297157 0.1769131214768516 0.21278856120593417 0.21934736946708633 0.2211543633642776 0.263426261332648 0.2552588801064608 0.2569849141954649
0.4186431490326052 0.4272926011684624 0.4359698504819551 0.41205322491174834 0.37192656243425093 0.37852270201662525 0.3423537228465888 0.34644829519516795 0.333099143969536 0.33848980215686064 0.3340019660019407 0.31715993313673796 0.36209254405000063 0.330935675126522 0.35181747520309414 0.3387780685932306 0.2938883414930413 0.30037559004427594 0.3111960185638658 0.282975885958688 0.24202083697909582 0.22594159076453127 0.23446392085643616 0.20601177987345046 0.19102393971712617 0.22415196924982045 0.20927691789396102 0.2089288465518642 0.1923709112701405 0.18096881954823818 0.19786945053009275 0.18599381786681124 0.19729238717281083 0.17599342863814652 0.15404864835577317 0.148816908304568 0.14029172731846634 0.15353525935220003 0.16877406050755553 0.1958526142908114 0.24523802319711463 0.22440417364737994 0.25531125377571223
0.41027909907514926 0.3987002250424128 0.3959053143747802 0.3691545958988493 0.37382387419536395 0.3316678919592602 0.3371448169787892 0.3081813520729784 0.281757290633453 0.33705286797123524 0.32944749369880627 0.29507420818905505 0.3036117616940631 0.2775943002005215 0.3229961016634208 0.2915032442943617 0.26935509368100796 0.23706928129760987 0.25178856775471636 0.24605941901150846 0.2132666761525477 0.20242923102145843 0.14958856352724165 0.13803894270502867 0.13009108186950627 0.1482219540406573 0.20123762084687896 0.18652276038261947 0.20141716610832464 0.16385648095289201 0.160496821819729 0.18368370117782537 0.14252698459231342 0.14141808218352153 0.1364524995058194 0.115728261626895 0.1182205319238348 0.1307785372583705 0.19397948659423223 0.2238258123621531 0.20609299030001685 0.20144895072013658 0.21064217498988555
0.3956394659839981 0.37809384766246973 0.37929224162656144 0.3285705149018673 0.3433719871535227 0.335157069515882 0.28486272208745017 0.2878138312270723 0.27053403436530993 0.3021594045369911 0.30520613065809415 0.2935366666077385 0.2876887923656321 0.25009879475866525 0.23934139532710244 0.26517543753093353 0.25299799349974034 0.20800858902014915 0.2329338530828327 0.21301683857830425 0.17962761186725548 0.15366035165170422 0.14823188644893553 0.1414467383827335 0.12696975656078915 0.12262173785839406 0.17959897384810972 0.17860329292856228 0.14968269669243026 0.15407469682803596 0.14764058838272423 0.1496387410968715 0.1302796692129733 0.13266325308937246 0.14543929798954006 0.13197267450550124 0.16455485385216087 0.15104648248023847 0.20743815785772474 0.22151620598463947 0.21256015972682124 0.2392068116439101 0.20753295798286422
0.34211278036009385 0.35703054499648723 0.32699308066318555 0.29938318578134443 0.3105099492777849 0.30114117854245015 0.26413538869050246 0.2731382588362328 0.2541039902256296 0.24652297128250245 0.25064618097538244 0.2753188888262273 0.25463237630563396 0.24210533348037838 0.20691725775688044 0.2131616929134984 0.20819018808395776 0.17861244637258494 0.18666255595117912 0.16163762025615255 0.17139780724315384 0.12323266120139854 0.09084632663632211 0.1316796726743109 0.11544051517027033 0.1184761869519513 0.13599614074425606 0.1498883050068431 0.11993602026505855 0.1331813703184688 0.12137024059855771 0.11100492946717241 0.11054426838889041 0.1326498628888484 0.1915071229282616 0.17974561662620317 0.1582144403185029 0.1734570446158324 0.18535460827091038 0.21323348799980388 0.24572275290204496 0.2250599637667765 0.22289270651776313
0.3708924233485256 0.36052517261565414 0.3243339766042809 0.3199364307170975 0.2639998991019063 0.26555150488113627 0.2728681584143988 0.25277215173406664 0.2327025628499855 0.2400879530648379 0.23666653248988728 0.2127716592362139 0.17312761006132837 0.18447096460218887 0.20568616524807448 0.19511886289121555 0.1624288425818023 0.18710490373018104 0.13574061684867242 0.12187803688718368 0.10575334066980191 0.10505029940567406 0.0839665666222716 0.08262257129157881 0.11610679816994475 0.12159629028305873 0.11587932201229179 0.1182280894212137 0.12885671656255676 0.09964514155226972 0.11804430608726728 0.11638088074075964 0.15012630906684343 0.1564391483504497 0.196169571193369 0.20512011335221966 0.21741036314948717 0.18709637444376892 0.2141327222028218 0.2502376848620384 0.2261533909051325 0.24531165404125926 0.26937883462885764
0.3604037001811933 0.32110401883239986 0.3107090284989088 0.3045557767442909 0.2512373597088952 0.23999812233692056 0.242517721874816 0.23648901722999488 0.2815967892936142 0.23146487214948552 0.2520945640871341 0.18999364144029246 0.12489960963535873 0.16819662824663786 0.160100161211218 0.15491278498687483 0.14989463064787492 0.1659312696815515 0.1418059734100429 0.10073242526943116 0.06273687673365731 0.07494290624398604 0.06903860691443697 0.0697551248118403 0.07264898011708346 0.12373941831352546 0.11156747979137983 0.11376857417391187 0.08256776027000692 0.1126517383391426 0.13843916554369612 0.14322419180318172 0.12853735019423404 0.1519704111953269 0.21381080695059618 0.21341159654791347 0.22591807996269964 0.22689870107875032 0.24305014020290286 0.22211150835842464 0.25820215544273883 0.2881686832274249 0.2908479961798431
0.3445843431670315 0.29579925565222553 0.3013445999478767 0.2630454708945824 0.25207066220623053 0.2606044464907711 0.24201732426328454 0.24004281736604496 0.2528670149649797 0.23814897315373101 0.20609818199382676 0.19137264128785697 0.188886413765546 0.18999608262138837 0.18458642892639496 0.14948034942250052 0.13656757101294675 0.15447259001342864 0.14745325062823067 0.09501737800697725 0.08395720617307131 0.10293640157806154 0.1095137950372546 0.08504201236551415 0.102724828470634 0.10441903565952981 0.08122069804493814 0.06551154941406448 0.08714636984395498 0.08426278259601036 0.12325659464520614 0.1382025207609909 0.14012529809942156 0.1760596206993807 0.19575306501991982 0.18369088736276917 0.2237568384411867 0.22289442993840888 0.235095925287952 0.2251686345101786 0.24412271637892397 0.26712848963388036 0.2656489898427528
0.2863022318253019 0.2945012263963232 0.2783877258314724 0.2963574268116627 0.26275083990842496 0.27992732025364764 0.2755212276702674 0.2229402966078845 0.21455733520387502 0.23306368588221485 0.21483384089467908 0.20128784791199075 0.2080578027923456 0.19530321552891872 0.17891592428592554 0.17507320843276658 0.16835377636893095 0.146734269805204 0.12374608193523125 0.08195933956040774 0.06957671434663874 0.08102234605752665 0.11301050099996539 0.08865716876039098 0.0693242809132431 0.07316890889394045 0.06691656121536971 0.0606826544479831 0.07349705375420011 0.06891097929696514 0.11466323864577024 0.13259112839571321 0.1819581600639253 0.1608180861281008 0.16972964430603502 0.19099192703627116 0.21158014037524797 0.17838946297220196 0.18958963298512477 0.22700937681122826 0.20881676301278002 0.22856826414870482 0.23581487371501667
0.26949303993587626 0.24670216444116852 0.2834964021900777 0.2953280885600232 0.265000353045012 0.2793422461882179 0.25204598923724414 0.2549601753064007 0.1969566165613326 0.21377305333174554 0.18799801305573444 0.2017860767147166 0.20415260930253298 0.19721344409574704 0.14934234684458883 0.13817622408458766 0.14266619656165394 0.09961944384883466 0.12764878028398446 0.10346092228860959 0.07247184946529049 0.09205209809876429 0.10972200837997101 0.08259718384627732 0.08794192150782627 0.05748455902129574 0.05518642953177319 0.07759695944229107 0.0864753681940237 0.0874321707474738 0.08954565612247228 0.12470663782139137 0.1990280288610382 0.21169215377389827 0.1882491465901284 0.1934407750115673 0.17941206856321426 0.18752760034040755 0.17415447461117084 0.18506418114621406 0.2176461607061653 0.21111572775156948 0.19610724815647157
0.24017015947254272 0.26595138411500224 0.25350516926640076 0.2734506898837631 0.2920695524858431 0.29193459211007927 0.2938638993906427 0.23498719776301966 0.20275159462862027 0.18922140675408555 0.17984731885163166 0.19576394681776527 0.1934630572493936 0.1873270209119325 0.17710382553549506 0.11537035729877229 0.08328873193752491 0.09626734511709603 0.11236826527297743 0.08470055600058543 0.12249082571883757 0.11479238190112227 0.1091233559059214 0.08201771937299253 0.07074055035143334 0.0803971242327244 0.06201487510903975 0.0733411028055604 0.0617783747736095 0.0845837646981647 0.09605556324034896 0.12472486245215766 0.19855975622283717 0.20435597072494388 0.20603275665952037 0.18986843314462876 0.1969184091522359 0.19151975830792045 0.18457102783562354 0.19438543159520438 0.19663178745700288 0.2047864892877989 0.15528938590747288
0.274803201356056 0.24488193993530466 0.27538940131091166 0.29484898892004396 0.29489956752854685 0.28453976466774666 0.2862814921074763 0.22090952392357205 0.23408001358922279 0.20777230780555633 0.16659246492052504 0.18631367504566362 0.19377659684765483 0.15937540549810206 0.12288575650317493 0.11021081394148488 0.0959541375612421 0.09212686307000927 0.10938339258767331 0.09483763713054535 0.06808588804217038 0.07882013767902411 0.0635798589275984 0.06382539265569795 0.035467196240053546 0.045173635233835274 0.045577941901454117 0.0751448880102794 0.09750079351467525 0.0803458156465661 0.10529568928225075 0.13306032170880056 0.16313755593692608 0.15280038934180798 0.1933127437523563 0.16976567024651765 0.1746270663099249 0.17148616122976623 0.17949044659174512 0.1774494770261634 0.20601145762767173 0.17899119034814118 0.17715440266142954
0.2603549315828913 0.2664452633653732 0.254032474682754 0.2639683060378549 0.31057843679574715 0.28884211128087645 0.24791476170335902 0.21365809633402058 0.2163945671239662 0.2062243801516186 0.14767778368178672 0.15561050280888755 0.1354303939199254 0.11985791923301779 0.11961414811300422 0.10126820935117581 0.1156876018211277 0.09959146314631524 0.08060591346067304 0.08707881018044063 0.04777546682742664 0.0796425418173014 0.046327619430001535 0.0641587624121668 0.03698124192605517 0.07748901672476854 0.09148271707494784 0.10080051558171324 0.07449520076963254 0.08629440691515784 0.11211355634844213 0.12728091194779304 0.1070041366973396 0.1354990103747526 0.15255088388764945 0.16202726128716508 0.17691452336459623 0.17922478900051422 0.19698230519552143 0.18126577963046292 0.18386230051882255 0.157359752640753 0.1661697335935159
0.26525354488846403 0.24512087725073672 0.27621037558125 0.2592722692138461 0.27713772836596384 0.2624402102502756 0.2786630003165001 0.2562954334061481 0.23244901679649513 0.21389323005069755 0.15770278218366976 0.12137263310231461 0.11353662968067355 0.13359765558805026 0.1300303958672965 0.10133673256574928 0.13425182332334046 0.09945220619251295 0.08941058546218557 0.09291483079545984 0.06297295886458701 0.09392841824685826 0.07182635522008299 0.052205034425736374 0.0494611511110585 0.07582897486581236 0.08784357012206645 0.06823411855968173 0.04048118332039387 0.06187928960068538 0.10597437207636448 0.0815013933808425 0.11821025849618229 0.13431216543531305 0.1248816774915004 0.14286872751240554 0.19960643743248951 0.19730930191950932 0.2009722118191377 0.18605685801464905 0.19927373254579944 0.19931434996883327 0.21168710210293906
0.22987983194218847 0.2231560366388212 0.2450217978299385 0.2749892889815145 0.31884177105923234 0.2646927462388622 0.2543728905529464 0.2478979712317568 0.256549748932616 0.18277669647244568 0.14787677030410554 0.12650742065569534 0.10199724645627553 0.09017745417971917 0.08526279954189857 0.10664383605250626 0.13457849975222483 0.11589205977692517 0.0721022453119347 0.10182521000001854 0.09689500015287893 0.08617890084583173 0.10656750582011673 0.08456456812513662 0.050809113736377746 0.058955147305749536 0.06134733766873595 0.04135393702001376 0.027855606405088277 0.07397223173604033 0.08375860111323945 0.10684440115105458 0.09071803161049563 0.12211229713903538 0.11389775131130306 0.16420055287289162 0.18482047802066282 0.19985846939393825 0.2012654660405849 0.19467831298688107 0.2238096694334965 0.2324507490354907 0.22363968998477257
0.20929545823874635 0.2139678113001008 0.20836861970747292 0.2358207142111065 0.2664113840778966 0.24200317121193485 0.2557738116677234 0.24522061670151554 0.21943504119707222 0.1806706428070031 0.14997931287172228 0.11217560310717785 0.10566500863600639 0.09587219303727727 0.104078298876623 0.08350164039042862 0.100550850477585 0.06894241912191512 0.08182021339507 0.05618370248031268 0.08868537855995463 0.08569380401831399 0.10018457987972501 0.08758843467399643 0.09416066251985826 0.08479525936202234 0.07539519187157262 0.04751526251739063 0.042885958586844276 0.06550349358868271 0.087356049665539 0.0782546986758016 0.07354212809249348 0.0854506700703501 0.1362967131260324 0.12810312066351923 0.14806069109826112 0.1628384595855053 0.16933293169870423 0.20639173632412056 0.2260358554433766 0.18802862165791676 0.19686632169964
