Raster_benchmarking/continuous/raster-166.asc
NCOLS 100
NROWS 100
XLLCORNER 1743156.0875534555
YLLCORNER 5469280.103121945
CELLSIZE 10
NODATA_VALUE -9999
[rows 0 to 18 of 100, columns 0 to 42 of 100]
0.9142938063921622 0.8784624358750843 0.8241849131008596 0.8259718072549055 0.8764245479089147 0.8403934209681186 0.8214761750658511 0.762065812552063 0.7483633206454864 0.7493273151126288 0.6754472440629397 0.6517387582581926 0.6611419490574912 0.5953771587870957 0.6045103322433537 0.6115630864009779 0.5571480857411093 0.5334638126835303 0.5456269459977546 0.518980473292797 0.46995814169621036 0.3816330394890993 0.33038477430206825 0.2978171732739269 0.29074148231878827 0.2539547841914444 0.27354555569937267 0.2237551541956686 0.25117460144167103 0.32263868406294927 0.32047096985802004 0.33275276305884915 0.3036941790530646 0.35097667534046906 0.31417443969303616 0.2992582347231188 0.3291883847957519 0.35170117000458595 0.38619590351463706 0.4453735629914598 0.5708827181137237 0.6121113598860535 0.6181224137705231
0.8545909539793392 0.8036691301927037 0.7995480232644178 0.8152340418363999 0.8170781960209398 0.8238094722926912 0.8017199990051215 0.7477512805232697 0.6856791538203383 0.6882744560650949 0.7089087475240815 0.6954517934916689 0.6504686694401798 0.6267616438002831 0.5970464108568154 0.5669266719292038 0.5461181270428279 0.5594089621478802 0.49466403113957336 0.485234244943942 0.40521314323852103 0.35468521346577525 0.3561045825555645 0.2790312491837555 0.2824782979793395 0.24047787081869515 0.24948505479999789 0.2723689726651748 0.3117428532361045 0.33978832920870283 0.29878409328589534 0.31161388883724583 0.3367867069985405 0.3633496986918874 0.3829329802195005 0.3746730262271683 0.35521858032862924 0.3782884269088377 0.4101288240944676 0.5037350548541949 0.5488358295140424 0.6208484594880976 0.579864243942578
0.8321081563855299 0.7839080913204256 0.8135637430205336 0.7979984262682918 0.8339672436699058 0.8055564212209975 0.7786669844739054 0.6879468122319307 0.6505905256539891 0.669578904866387 0.713958196844484 0.6908449255895851 0.6781844777635467 0.6325422099176277 0.590865368959534 0.5555620180375266 0.5597139213951166 0.545311328634287 0.48530313255834645 0.4424037597712961 0.42952370934546585 0.3639563683039535 0.3034567589326704 0.2477959874662054 0.26757783655963957 0.2567617990480047 0.2833650592187598 0.27696498593382196 0.274721240501542 0.34461400487456273 0.31726674264111226 0.3114223470945268 0.3443611312709962 0.354306291300411 0.3772066356172082 0.3961892639255295 0.401694741924441 0.3419072715445524 0.42071966041033415 0.5276547719043684 0.589384360963061 0.6094433390352276 0.5998339621549359
0.8203200961560603 0.7692866499025902 0.755755220310646 0.7862483438432544 0.8073241751393587 0.739687482175861 0.743201193777072 0.7242040794810194 0.6827033867828348 0.7082029284153107 0.7032728577814548 0.6961314612864883 0.6381945343435292 0.6222100709353646 0.5671756658275692 0.5513858597431422 0.5252568586853118 0.5235612532175388 0.5041823020074163 0.4498640990449273 0.39015763703096457 0.34628676912743456 0.33625507572090746 0.26441342343557345 0.2613169374221704 0.25111940279663636 0.2615086270888154 0.26586836547657716 0.2667437365176443 0.31711274504676945 0.314305702268074 0.35231586132613135 0.39085049424267954 0.39571173414923744 0.3873255655217755 0.4143604838428016 0.4245460225586945 0.45206218402316745 0.48101364983314904 0.5387895651172474 0.5497037717719188 0.5634036091389676 0.6145846156618479
0.7802598586562185 0.7680793747745525 0.7850877687466556 0.7677787740992948 0.7864580989401574 0.7319939981034551 0.7433881450843131 0.6862799239829932 0.7090157023855176 0.6934144478288192 0.6512440500527582 0.633965928535178 0.6549111580151108 0.6073926277553072 0.5958610428271996 0.604120062870373 0.5966743653717246 0.5283676173463359 0.5048255179128984 0.41476299725833965 0.3912632619003601 0.39555936179738377 0.3205785761318849 0.2712895203293992 0.28417444068114633 0.33522086627927 0.31068625917463266 0.25846142707047964 0.25512496970308923 0.2632975869566082 0.3029563541581261 0.3500376811205449 0.43571423158379563 0.44793596832440796 0.43259093062190507 0.45309038137322216 0.4549188208408292 0.4486954237535291 0.470466133950571 0.514990675625197 0.5612873434666554 0.5603336003000198 0.6327417649761485
0.7537772671556937 0.7175099014012959 0.7446940813308021 0.7942780078691356 0.760323243955075 0.7485922863313559 0.6797240161747062 0.6815529021882546 0.6672844379704306 0.7094654143522497 0.6738720544789661 0.6607477995427729 0.6223573991483884 0.6006793617913712 0.6448140937978254 0.614724304736705 0.6138281109913957 0.5554327444034838 0.47068018945982176 0.4369087654345333 0.3978721667580991 0.3636711457691605 0.33178310313935067 0.3171975475379571 0.3111923299932272 0.3588769256646547 0.33941700812932196 0.2848711927460238 0.2570265936843137 0.3014806298410557 0.35368663086838226 0.4165637089358195 0.43120313526196924 0.47990907785074116 0.4357587399652366 0.471107415970582 0.43219092448370894 0.4861048031416156 0.4745257519008242 0.5319999837179689 0.556800151912098 0.6186859345623016 0.6562333064259257
0.7519833801194719 0.6751851507607874 0.7512999966624433 0.7799956018359505 0.7378622024875136 0.7137566613346747 0.6760435714762022 0.6474203435828749 0.7145218469543294 0.7238400717489663 0.6481955966606501 0.6267237076615623 0.6067088766394999 0.636687404018004 0.6420523912430685 0.633782853922778 0.6311237941743442 0.5552658407511883 0.47202750836262175 0.45019047501176684 0.40057926806275185 0.34126384330504667 0.27832814412192747 0.2808984658949583 0.32777092090338 0.33877248779081387 0.3172067149131441 0.3176001137357251 0.3264105796891331 0.30376646871731566 0.34604076499946135 0.4288947581992646 0.4415064256725645 0.4797079805007929 0.48322313560296815 0.44907732042914994 0.45904216865795366 0.4638364029851441 0.5062279526857845 0.5644210645681794 0.5779325558770688 0.6445466321177372 0.6981813046200547
0.7440658402057218 0.7378214067942489 0.7398525804279372 0.7180495228698215 0.7324236782551591 0.7184416676517343 0.6571465387520582 0.6983557826509075 0.7056532028314894 0.6817457173986509 0.6464342257277905 0.6683320163525442 0.630685784398651 0.6111955938281968 0.5711681261804845 0.5611915946811221 0.5991953809304952 0.5815558435412159 0.489776046094454 0.424696514132056 0.3807239320437618 0.3196523169143786 0.2931099178385006 0.2759272009510747 0.28692519384377474 0.3100788665152071 0.2861869331354258 0.32767309677402406 0.36278272780890464 0.35516194997366773 0.36211073371719327 0.4348165564372292 0.42356898321502806 0.4726867018443028 0.459236475937822 0.4764721413795441 0.4839943418430594 0.525724034574856 0.5366161557784991 0.5658276108264542 0.6417718015737465 0.6585282439665783 0.6629974256525034
0.7368315021481439 0.6706907166799956 0.7059487380107157 0.7341209678131394 0.7242020669282996 0.710784818191762 0.7057811158036255 0.6871149371852115 0.6817122586183456 0.660411053571397 0.6410088137242523 0.6498926256445783 0.6316040177847502 0.5978912839598387 0.5785970890604509 0.5526195867909643 0.5669741835348895 0.5581297099587326 0.48363964258536446 0.4034852139427357 0.3906960636094163 0.35141760171638403 0.30850211697852853 0.3147838938105394 0.3000228644783588 0.2638210612821371 0.266235331256206 0.31404589189664395 0.3699854496517656 0.39164660651356226 0.35203459787936237 0.39554235952013167 0.4238071227209564 0.4742546258530542 0.5010085109590543 0.5208646034027349 0.4932135880734742 0.5242577068966973 0.5785507992151873 0.6208280696155044 0.663296660529038 0.6365229603197032 0.6958124963429048
0.6895604647849106 0.6903702953495274 0.6664786245971962 0.6853187055751712 0.7295951007788196 0.7084750046559672 0.6570886260329809 0.6419663548770066 0.6211692299567644 0.6035197787759294 0.5995967033122029 0.6097687461723078 0.6077294683903851 0.597844737954158 0.5839775553939943 0.5355405252490849 0.5463027429398433 0.5371803728111972 0.4698333457226707 0.4317566640141831 0.3716677114492366 0.36968212961370495 0.32799242150053803 0.29828194666177527 0.31318431131812663 0.2711898036070295 0.26836350758378963 0.3386845260049915 0.3717977183895348 0.3585949246114864 0.3946079925440007 0.4424135901344543 0.4751672399270575 0.48574023522947646 0.5189648037113552 0.49111181049525177 0.5294745307689253 0.552226305859607 0.5752538380350123 0.6363566401883385 0.6283786487244143 0.683341222824876 0.6974976775890661
0.6873786955981009 0.668686643021433 0.6861020567431557 0.642821324867864 0.6788559734762789 0.7264565172865008 0.662520288136042 0.6206172165039668 0.5988724684541622 0.6421322419413671 0.5961170657592199 0.5741655075112397 0.6226476356365945 0.5956708699342513 0.5905847613217913 0.49904402553915767 0.5299857821001279 0.5135015804129555 0.4445986427975372 0.4510393590944734 0.42944491686105773 0.31214932916486604 0.3464208585311574 0.2838240531662996 0.33245053720263273 0.27694894419188343 0.29920899025009534 0.28615724236571305 0.3591184456964688 0.36957822577601307 0.3941576108281658 0.4085405537695075 0.5027229816924231 0.5327070274456769 0.5337582040851376 0.4980026877088159 0.5060110475084755 0.5272706916285287 0.5978495534236821 0.6541874787422315 0.6650206210183967 0.7323827006918286 0.759539403385473
0.7152074284463195 0.6714854594258552 0.6806505464905379 0.6602719382151532 0.6497052912372582 0.6546329922497495 0.6674159516702693 0.6373476165949742 0.6115056647141367 0.5724105966223189 0.5643436353574406 0.604419917016127 0.5852411771707413 0.5503043441389361 0.5669974722942359 0.5424811618212967 0.5433901971441634 0.5188644509950118 0.4679124266023959 0.47652369680970424 0.44661653425770087 0.3842888290373307 0.3344079059558445 0.32843539036434277 0.31991200002134584 0.30509373831187003 0.2738509456798378 0.2998194511296019 0.36363980745908486 0.41365956870184833 0.4109589583219659 0.39810218987352247 0.474008562459427 0.5362237225777471 0.525165193987352 0.5299929130199826 0.5505425519226395 0.5328631476857051 0.5854251624869413 0.6462911215180327 0.7150080321102059 0.7712854494426317 0.775170619297691
0.6764090056663482 0.6629143487895839 0.6510721223096236 0.6197055787382588 0.6757040363303596 0.6800119342853476 0.6880463382199312 0.6437277536287085 0.5977840129830819 0.5593429265520222 0.6045310715196114 0.5878360400915307 0.5975776155869632 0.5378318467955086 0.5413588766934251 0.5495763388575602 0.5465675059882737 0.543972342170025 0.5333378131562687 0.4896027548417664 0.4367113656431504 0.41590279890088333 0.3732835887196382 0.35645661842665505 0.3313943871877614 0.34238340656079413 0.3224252563251982 0.32208302789687127 0.38936613844666795 0.40895346970397967 0.4283403902249835 0.4303713248135119 0.5026085628680131 0.4940015795801417 0.5645267060475497 0.5523056165095618 0.5841819729732107 0.6032377006015999 0.6340146624437442 0.6494889978099091 0.6855694433987564 0.7588606879930817 0.7705372462029386
0.5937281842475587 0.5697519333529217 0.5800849188510805 0.5762738252649248 0.6297257123531594 0.6661502848909298 0.6506005671168327 0.6011188082205087 0.6023637645811749 0.5774981142461004 0.5717019544314089 0.6127493889205995 0.6103747638816212 0.6136868654818134 0.574867067922172 0.5840394805295657 0.5956884659418026 0.5729481901164771 0.5297575023570052 0.49973428972410017 0.41592096084367325 0.3825053432782873 0.34867488709444877 0.36230297824756064 0.37068014496463225 0.3365513704748047 0.3323139479569692 0.36224231022698167 0.38758365161056757 0.38418072093876554 0.4194091279891085 0.4594975998309876 0.5070297805156669 0.5130986743405307 0.554560975857278 0.5909487637051741 0.63551877540734 0.6808103110056622 0.6701401614715292 0.6368019978244044 0.7049101871295854 0.7023251167493331 0.7704743128384629
0.5484421009851633 0.5303209327916093 0.5695553057893628 0.5687922013099542 0.5709835042333259 0.5929963469025126 0.6223226618226316 0.6293354928925083 0.5481942943261177 0.5387767824846853 0.5980688256922884 0.6049016181957377 0.6217090800309844 0.621107727240269 0.630387545464725 0.6118943652797939 0.5913599590730768 0.5711138746212371 0.5169922013957308 0.4335646199184314 0.38265703454859784 0.3841731738147505 0.37686028638889485 0.33502299094862953 0.3381781432798074 0.368004017173817 0.36173557010044444 0.3196047455186011 0.37320915020627776 0.3704560597275443 0.4320582435433107 0.478690023351176 0.4862251063676936 0.5497559375994777 0.5337747086994541 0.5709215319081867 0.6292444076629237 0.7011915007147659 0.6901499809973742 0.6355771994615327 0.6529404081986161 0.6930193470332163 0.7071439152096065
0.5122223630210683 0.4915601659155282 0.5041870197307508 0.5365319394491392 0.5990200581472674 0.5625776314920803 0.5482951217989315 0.5785919430437726 0.5484091246148955 0.5450225949171477 0.5502999402610229 0.5814693049400934 0.587437252890852 0.5913923168215083 0.603729205211371 0.6141046322195858 0.585795237550451 0.5446621688546884 0.5011060792533446 0.4773232377416867 0.43233855057416937 0.41824898741067684 0.4091083207325271 0.4034319935998146 0.39137694493535946 0.33637827170197726 0.3510381885089964 0.37881776330715866 0.3826807358590098 0.45594061741031955 0.5018679169168513 0.5470386976585178 0.5424654461427411 0.5325475603015322 0.580042366531199 0.6284529658046857 0.6612760284644987 0.63115074007614 0.6453800612200025 0.6928060862224802 0.6689403888441103 0.7233988705251505 0.7116083254191803
0.5218117060370204 0.4604503055061109 0.5239920163562765 0.5735389724345082 0.584428592633412 0.550932540108902 0.5207138623872853 0.5509604599765897 0.5673547030636797 0.5764774294126777 0.5784070702758773 0.5415067021368191 0.6006610323237925 0.5830176315504457 0.6111084904504919 0.5488351136751691 0.5640307250057148 0.5191416260588151 0.4453387123463985 0.4303227382321998 0.450256179656916 0.4311834730426516 0.4258254832869411 0.4044625663815889 0.3697064181869363 0.3691424859638208 0.36770717198202285 0.3742630772211656 0.4204533865905687 0.5058714370573716 0.5513092401369212 0.5559271069038861 0.5792963733377271 0.5602070138487146 0.6214432647829702 0.6369437387238288 0.6220881307650312 0.6282555616866443 0.6544056789846301 0.7203007526538627 0.681684555660581 0.6983809196391915 0.7079583413405705
0.5014497091904461 0.47926972263397843 0.5154879703467167 0.541587150971469 0.5310799097840816 0.557298332562105 0.5115541173837101 0.5362579052172141 0.58291042653175 0.5819182067500356 0.5249159470876685 0.5322507892655547 0.5820900285625104 0.6076290929319824 0.6117359786346074 0.5545789449971155 0.48660951847914546 0.44370426803271584 0.45077775283706645 0.43668806917890124 0.3843580596800079 0.4263053984418839 0.4379067354515863 0.4256471146599484 0.39509734728506785 0.3632829670016862 0.40291057501508093 0.45832778141234504 0.49064932451191784 0.4921512409034895 0.5357506448702571 0.5569938305003087 0.5408821117914145 0.6146380712017353 0.6387362348946584 0.6362582358228996 0.6337475009301485 0.6103733261012609 0.6173476905993043 0.6534000862504973 0.6535902457735059 0.698878896589114 0.6919247579676987
0.46965846090699903 0.4462259237636787 0.4756975970754574 0.4503354032998941 0.47365283409526765 0.511020436778472 0.5482691428107335 0.5500959077154456 0.5258747192133697 0.5326191505492107 0.49844386944655394 0.5400308433593421 0.6162852778598352 0.6131256306167676 0.6317431366859102 0.5819925595167551 0.5084232963971914 0.4169027659956095 0.45186450513950566 0.3980174207469507 0.3699374892356814 0.3906033595883866 0.429501687690635 0.41498331726982235 0.3761037380283848 0.419844099101353 0.462862554327171 0.4544994491069517 0.5182678145567226 0.5001695335340351 0.5135138798097645 0.5267861694301156 0.5446234334346947 0.6502794404076176 0.6669373816981058 0.6675163395596829 0.6625139149331408 0.604349064669639 0.6357967700564252 0.6278889588666793 0.6693952980190827 0.658770361931044 0.6506838583857403
