Raster_benchmarking/continuous/raster-27.asc
NCOLS 100
NROWS 100
XLLCORNER 1743167.6799342006
YLLCORNER 5469279.018490481
CELLSIZE 10
NODATA_VALUE -9999
[rows 38 to 56 of 100, columns 43 to 85 of 100]
0.4349069502231967 0.45663385799881595 0.4039910209221621 0.40857250951614504 0.4500470124327554 0.4536869515460325 0.45478618785724734 0.46722101089077006 0.4839915248700408 0.436417473463681 0.4264586470207223 0.48156536099548003 0.4990547937893003 0.5287461072866797 0.513374507621748 0.5090907568881406 0.4969206267811141 0.43993098066553205 0.4145525442856083 0.36012971991141624 0.37027405220394655 0.3802775836035736 0.3331816296409104 0.30436385372871666 0.3101524666457289 0.2749603389774879 0.27675237177752426 0.2624053581984771 0.2818424386812129 0.26696998873845856 0.27063420995680987 0.2638326530691355 0.27680635361727 0.27113033665968345 0.23726795964954112 0.23529431091816344 0.1975170104800948 0.18333786980922975 0.21917989331471038 0.21501949328499625 0.25667229384151136 0.286865140513568 0.273953854006802
0.43778578515315025 0.47091666487409173 0.4171659708279486 0.4113423096835932 0.4611447479999717 0.45403302711149524 0.49179918981186105 0.5151951429768434 0.4983663858412389 0.4756037572690991 0.5082183556528107 0.4970717990839365 0.5223275116093317 0.5549824724619427 0.5353596120267072 0.5341560901538415 0.47453284017065284 0.42108641346739645 0.4238814609620617 0.3462963779326234 0.3784126368947055 0.39073882484645095 0.3267082120616547 0.28853888392754157 0.32102859384076704 0.28316400972423417 0.25770930543870846 0.22392724032006026 0.27484108614345565 0.24900630223868384 0.2543548456516579 0.2882080113157871 0.25203926371483737 0.19000056322919254 0.22142777792687363 0.20253168216732675 0.20381060481151428 0.23421085831015703 0.2223979843857664 0.226127906520151 0.262629962800784 0.24893039550991009 0.27349478446275516
0.47931112479390864 0.47820414302569314 0.5030060936228017 0.45208049941848344 0.4781453547262971 0.5278659334097008 0.5337001689667161 0.5257996829047484 0.543464813492429 0.5535753248357814 0.5114496639283524 0.5451538548081504 0.5707433149419544 0.5636891003798414 0.5455946127407236 0.5198293357963638 0.4912626459417124 0.4415357958544563 0.3956747913427483 0.37687502856237015 0.36406170191125503 0.3586691903181495 0.309176454284347 0.3147345058395705 0.2904297202058539 0.29511145049403004 0.2502526434318371 0.2631933287202095 0.2455309640551119 0.25574534584135683 0.2355201747469938 0.22423833410729216 0.18472140160737702 0.2003579010213122 0.2001721700369632 0.1566789910548834 0.19973099902675942 0.19620290190829662 0.20760628279072618 0.2259779387058703 0.24131271135893204 0.25565545330030653 0.25875956147536566
0.5101228869736796 0.49547698234032683 0.5328592271891609 0.5180829336099011 0.5273994066802862 0.5775332632343728 0.6092864438553711 0.611722681572007 0.5944141514535357 0.5745524226849862 0.5735510256742541 0.6203921741985422 0.6128275516014127 0.5871323110821219 0.5568364077830833 0.5371008541031128 0.47312141701823496 0.4179359666022734 0.41661636954121917 0.4185870933314822 0.36955493266273604 0.37436956163041524 0.30178646871167514 0.26365850341967845 0.27433978610985443 0.3156279508068579 0.2759611652544034 0.2751370095630295 0.2365561406520813 0.2742515719692206 0.23325165776951262 0.2014792188845287 0.16220865123003497 0.15842568357996176 0.1932852655869893 0.14082956669697633 0.1674861354368324 0.20798730467370988 0.20317582366100795 0.20751007282931277 0.24334477130253934 0.2420529962495124 0.2389408643603982
0.5822348005576148 0.5367128259681472 0.5766757793316768 0.545165951406323 0.5838927832092801 0.5996172474771445 0.5929228381433511 0.5849283375358637 0.5709668434124384 0.5867584038846756 0.6258068916380245 0.619349095349424 0.5956542214908247 0.5603013898200413 0.5575414465270262 0.5120203469315368 0.4876750609280701 0.4254056420465918 0.4337056421029853 0.39162360419143666 0.4095572484533638 0.3290430628266648 0.3267717986815272 0.2670226756092073 0.26854560035810227 0.2926752192570361 0.27938995756856744 0.30379743514329305 0.2706361441423045 0.23695775657560633 0.19989297429867703 0.19164987766176475 0.169139620676615 0.16740790408056494 0.1534521029425727 0.15002760380913058 0.17233727224113105 0.18473953185863917 0.1929453368605134 0.1916026532908621 0.21994175503184085 0.1952896766105014 0.21125181785080374
0.5858695461495577 0.5474677572869732 0.5987366406775425 0.6243417846808296 0.6252662882452421 0.6253582900767495 0.5717120445783691 0.5761348375765897 0.5968280645559302 0.5598153560048781 0.628352662431884 0.6295469139349276 0.602703369285758 0.5349335812933982 0.5602860526738225 0.5599616376313975 0.4942069671026465 0.44011613731637833 0.3966209820530413 0.3955962708850852 0.3822816587593988 0.3322996296407484 0.3133603672926471 0.2849977818509066 0.29623178475807066 0.27195768051009056 0.250869615431212 0.28033065808327623 0.2723545543285928 0.2804644973271741 0.18390914673869294 0.14936555010595415 0.18997615651578953 0.1787441097444389 0.21048073265644546 0.20690123013511885 0.18499705192014668 0.24389223261664802 0.2193722085263731 0.20549055366307675 0.1957348635803616 0.20853231623913498 0.23897776993890857
0.601330901474029 0.6049058451830913 0.58928227371823 0.5865536693764553 0.6108413558718295 0.5703122271494712 0.5751777669437903 0.5692448007709928 0.5644358040657965 0.5634590082075422 0.5945331449199591 0.5931385704957521 0.5586413045701085 0.5599880730818063 0.5557144428702393 0.5106203695246836 0.5021883667585001 0.47853082673118474 0.4390035536075363 0.433706237356857 0.3844480653363327 0.3785502508655546 0.32702471939749533 0.310752849597834 0.2757672589795654 0.2539437475384728 0.2616880135096904 0.28160436378528697 0.25775415678549285 0.23114413296758743 0.21430187792343844 0.22010067716611117 0.21482592924503446 0.198515597312073 0.21851275986134203 0.18289364435566155 0.2018232472128746 0.22102836089393152 0.20913401616737506 0.16419229248384032 0.2060690639125274 0.19357178401473718 0.20777264318386
0.6151280100656259 0.6016445688568403 0.5714204415588736 0.5431820235553568 0.5662785952182025 0.576547165317004 0.5862730867506339 0.5492649039163583 0.5755104474223517 0.5833052476416996 0.5358146368104498 0.5281601469816025 0.5355152491964168 0.5223527129356137 0.5171140897504848 0.5314299956681406 0.5080020599780667 0.4980782610011849 0.4350090115588319 0.4184846211439112 0.41094190294642546 0.3927043229566027 0.34132992497392267 0.358213413396402 0.2819582668528599 0.2819717145707646 0.25690374985310577 0.2668985069199241 0.2713162537256933 0.2638883603499163 0.22992133660859773 0.22509927732405868 0.22266053335631908 0.18254121889956593 0.22461167831106496 0.1934413938345289 0.20519270617882504 0.18790981117559777 0.161139599012065 0.14855479225244977 0.14774114562586968 0.14336648807743252 0.2053923130460204
0.5370747278735855 0.5577890720391805 0.5712357042438592 0.5735919217857741 0.531146965995619 0.5439678755784143 0.5319039735362446 0.496335257064756 0.5244724429273009 0.5289952918234693 0.5593904301651209 0.532266274146317 0.4986876850293264 0.5321081491397972 0.5295760129190722 0.5668540754259945 0.5504495338107039 0.47754900751599777 0.43937844929255493 0.4466724636972628 0.41927138887735993 0.3994916319222895 0.3521202069340135 0.309546117684808 0.337061715091963 0.3188696454447313 0.3145648519741642 0.31137413901579614 0.27430469242878974 0.2424075452433404 0.24855791706941427 0.20653379518447015 0.21882733102340987 0.20164500494411808 0.20773174604510747 0.24772302258890677 0.206118202621789 0.22509310979904187 0.21421126320245645 0.174378956696856 0.17143383407417684 0.14259313059331327 0.17710209999776272
0.49208202874795 0.5199001527519438 0.5638407573576494 0.5437473008540693 0.5012917778954038 0.5014735031149923 0.511156935093605 0.5055191248191981 0.5366736696354352 0.5711587158717292 0.5539577988568035 0.5544866235408363 0.5264776554247611 0.4682830803228902 0.5084150522566884 0.55163990726775 0.5063705880591891 0.49790547978940514 0.4474104299983601 0.4117667962597433 0.3591027629058153 0.33350596618664136 0.31115284282301914 0.3170816005988664 0.36251439031431715 0.32574805641263366 0.3278942640585247 0.3406673648670024 0.2731010024896774 0.27880810501018166 0.25678422658510214 0.23870421093128358 0.2696114194364564 0.2528180300102357 0.2553434139706629 0.25887684538036265 0.27486563352477134 0.25307841854430935 0.22344392810516628 0.19476620932227154 0.18250354271778818 0.1409422675710215 0.1739195053010778
0.4770079070118519 0.5095853937164889 0.5351904182761625 0.48567699976649414 0.4873492787108232 0.5078839063092879 0.4963467607335005 0.48565532660216276 0.49432519502676 0.5477829258821829 0.5574827915078867 0.5508861319788338 0.5002155064749599 0.44656006244976293 0.4897055050475529 0.4894771479617276 0.5067056894843428 0.4910723014721404 0.4151118704571203 0.3651623927726899 0.3712000895560844 0.39019756235344677 0.354307722575863 0.3720364873865273 0.34922654031898154 0.33541384893570686 0.3404022274112637 0.33530290449692746 0.29476051663311587 0.26837115348587165 0.27714563494551775 0.2840059703578961 0.24700860083179324 0.2837154441563073 0.26249315506035253 0.29030915544573993 0.25959024233616423 0.2688096249224353 0.24156312360641158 0.2273817612168455 0.15853297362976546 0.13192924994446895 0.15906252223479653
0.4782443877658952 0.5359669045781159 0.5228133096264522 0.4791709485322984 0.4640004709634027 0.5060631947224413 0.49842685890140676 0.4833284574001714 0.4504012050310643 0.47648742597733335 0.48844088090758414 0.5039861854398671 0.46765782057861477 0.44858685471476634 0.45128709877473977 0.4817862062844164 0.43802811586842577 0.43671698921091207 0.3765545996192093 0.3419608775229479 0.3939450496999965 0.4113194115519207 0.4124770529308682 0.4087291320419436 0.3422295085901206 0.32747639649190696 0.32264041193784027 0.2771749327072015 0.270868261726101 0.3158940080657763 0.2963888587860019 0.2837182218892463 0.29455370759843336 0.28665222903609183 0.30906379933180994 0.30804984774130934 0.2644308992435425 0.23153441518681522 0.2207853956406272 0.2023565966023167 0.18180556697744557 0.17617705201638525 0.1569018975228809
0.5247247180714585 0.49135904396760965 0.5117363999178886 0.4888976133533137 0.48318964692328575 0.49986783214810304 0.48477896820492145 0.4758753406339685 0.4405508713054998 0.4364196272372076 0.4349076308426644 0.48746313745925585 0.4670653859675783 0.43201056522854697 0.4131938403024199 0.45284302593905607 0.42042778797540337 0.4065873877740621 0.34937163915205194 0.37090499044758773 0.37722832953208285 0.37191801117465134 0.39139580040328714 0.3808411825730944 0.38907794535599993 0.3477389122789787 0.35084497622437 0.29060372918825245 0.30995519950771844 0.2747700346519164 0.27268966134194367 0.31437809307799935 0.30340801154726377 0.28077561393646433 0.26473126570750793 0.26334616387281695 0.28203556756388465 0.2688877747435497 0.2630500414171124 0.24167881998746332 0.24135046288491055 0.2018109405073762 0.18414104405603993
0.4960076295234171 0.4696686088945239 0.5248882802825842 0.5127578887463566 0.5091564980763282 0.5149002726110168 0.48057476938451366 0.45251639615569156 0.4200070376469679 0.3961059896602565 0.3959822290714645 0.45867996923142385 0.4399369964622838 0.4365464465108703 0.38492175326652595 0.3752034882991895 0.42681493398843184 0.3809106420302151 0.314870859270293 0.2991586283250307 0.3525576903661394 0.3661331616630436 0.36248363028855096 0.4140254821015867 0.42722776791483263 0.41232171158677344 0.33379064334700176 0.3169314597888189 0.32500413114945503 0.2888077059687308 0.28655804708764154 0.31213822036205463 0.3082586659042246 0.2756211277754992 0.29487929649343475 0.27537894434526433 0.29430388179335104 0.2948634239335168 0.31815293514994575 0.35183004323260275 0.2494938810019421 0.21183991120525375 0.19812663858790147
0.4504158076781193 0.4998840930153492 0.5162006552093794 0.5607623187628114 0.5425307353793286 0.4968758202244241 0.4918642091597366 0.483029909210505 0.42974303297122024 0.4262127995668919 0.4122397087394245 0.4087762205429162 0.41100579262695097 0.38531860972315163 0.4114951201815088 0.3965526386497546 0.40427050183790386 0.3948981728100226 0.326994382806036 0.33610332578711744 0.34401900465438057 0.336558192587396 0.3680675449675522 0.36568530322474463 0.3872353385748267 0.3770545507948239 0.36767330230789724 0.330193123000663 0.3181919008244464 0.30387011982533885 0.3439439061830742 0.3459896303267088 0.33332083959958253 0.33852859090223847 0.3026102578448626 0.2523414836911121 0.2541961064146662 0.23752194556008577 0.25399542400299935 0.24506419403424975 0.2652983463924363 0.20573715020606106 0.1664972255474621
0.46495808181395004 0.4590251164846529 0.5134932377504081 0.5589309752117299 0.5295697291114737 0.5223185953954633 0.5202700442042442 0.4616823838447553 0.44105110390916924 0.37568946818318677 0.3635199243190659 0.3954279445188812 0.4351619885199546 0.40347805791412505 0.4271885692864902 0.42256553163911154 0.3988505546311646 0.35488290759899155 0.3150934521195659 0.29072429431250413 0.31799813470111843 0.31769723978499825 0.34806554450438 0.4134366492592851 0.3620420245165008 0.38902898088018084 0.38360773749630467 0.33638996955386674 0.34310014642558817 0.29854516101901496 0.3056336984038957 0.3657931882934444 0.33456845909675287 0.3543132176595751 0.28110900941926653 0.28070647607678056 0.29984134709730903 0.25754559214360795 0.22232485114179687 0.2234975810903145 0.21082066320539816 0.257263537117521 0.20368491402884287
0.4732566880883634 0.48889188395624483 0.4954083316267319 0.5165823645774265 0.5532293555935686 0.5144180635204124 0.47971139661156176 0.42244747288024886 0.43010427595871425 0.4083310429849391 0.38577009698312453 0.3836735572356332 0.41830220776591165 0.37463373019514906 0.40160007713725854 0.40001189105606266 0.33751956267752004 0.2894860567767176 0.28547968498551135 0.25328676420533075 0.24332167901929483 0.2599098108180408 0.31934726302713573 0.37297574905020975 0.33062406077348755 0.31924018117837566 0.3457683038706896 0.34522367837802403 0.32973727529014896 0.32472841627041654 0.31684256977477027 0.3774702410215373 0.35631624037583814 0.37315319391979784 0.30801767027130456 0.30587031540448506 0.2811154637177512 0.25440616304557273 0.2570335635094865 0.2509416446066087 0.19331151539823682 0.19277490661028168 0.15859574741894944
0.506753067232586 0.5154903333843551 0.5327471887718955 0.5345689219022979 0.525185957686244 0.5089632654828282 0.45582549134925215 0.3962451054665679 0.40764650724840035 0.4190418066341039 0.40397812082625983 0.4018318889147997 0.3652003681219563 0.3558861477149157 0.3544353462275476 0.35834953829122645 0.31323871559489497 0.2705827218393713 0.26639573848523596 0.21239204414708296 0.2614948693469886 0.27135767068131234 0.322698724574641 0.3197775757345349 0.31509019103833463 0.3151297970809992 0.3639769296894941 0.3385551880895473 0.3498107773629463 0.315571946684704 0.33404016933886355 0.4126009850272597 0.3948940094350694 0.35972719410605614 0.36291787846298873 0.3458897778508016 0.2788103812825987 0.23088096086210283 0.23322403585821178 0.2106862853068622 0.2077998631667511 0.19657622043152165 0.19508403866914187
0.46282302759712823 0.46803549294198354 0.5234517667008959 0.46808472901458287 0.46606563658426325 0.4889785747351709 0.45923638991049426 0.4120949767755843 0.38680467360294907 0.42710654355187394 0.3911601207214689 0.36715143308226267 0.3591553328671064 0.36581447467570166 0.35102631992504635 0.3187427598527489 0.303922375016047 0.2958267511559199 0.22513875821232704 0.24871070845639257 0.23565522120202084 0.2649112914813594 0.28571762644850823 0.28733344742884415 0.2982463276856218 0.29370310907636143 0.3605782066182739 0.33693335943606295 0.34773212814270665 0.31223786735275777 0.3335065183567128 0.3716594938105467 0.34807036593891144 0.34825744939780223 0.3854766785619833 0.3853020378977356 0.3271546730249084 0.2519763187709425 0.20487457588647665 0.21411035116731056 0.19174505258613633 0.17611063229683474 0.17573839807116245
