Raster_benchmarking/continuous/raster-297.asc
NCOLS 100
NROWS 100
XLLCORNER 1743153.821235003
YLLCORNER 5469282.429402455
CELLSIZE 10
NODATA_VALUE -9999
[rows 19 to 37 of 100, columns 43 to 85 of 100]
0.15517084126277236 0.13867511955701453 0.15400345140835434 0.14461174910541408 0.13652881593837327 0.12041873717735233 0.11815051709699403 0.1538826178291598 0.15703446549697903 0.17991467298494865 0.1864072455819639 0.15112311741161125 0.1586830292953162 0.1512894371598619 0.1391451784470276 0.11086621707631567 0.09973989909719086 0.11988444601721555 0.14172259650941474 0.17236814783960147 0.18691427420417056 0.1876467028320718 0.2135200084031818 0.23868111170928194 0.27116807851790986 0.28110135964496397 0.3027230414553682 0.3355658273010719 0.32689664990789835 0.35333979111504943 0.35725763490053547 0.361328037500056 0.38215651662467626 0.35210707564182375 0.33519807687590863 0.37202926549672294 0.37071064548234756 0.39884927064098946 0.4118253005778891 0.379288979440786 0.37852995365950554 0.407795818400907 0.3862001467756116
0.13691306763252656 0.12398809465309188 0.13892046979438444 0.1325895378268163 0.12065704235585159 0.11180163698395257 0.11555263327632172 0.10960905826914633 0.14279683848179434 0.1438330985520115 0.18186541979598125 0.16540117698120838 0.13116657085590291 0.11140170365726956 0.1277965515153636 0.11379441434814344 0.10721735229659457 0.12799259094350615 0.137269703674484 0.17134874111955695 0.18392553659006378 0.22242813735253528 0.2224020524918233 0.26023544548922384 0.2533006076691393 0.3016838386546169 0.31616489876420273 0.3062716929413125 0.31869978119751763 0.3696779035645763 0.351500691893415 0.3923854423990903 0.3969536549268119 0.3833755767254139 0.34626262636815114 0.35013394526805575 0.35757810168359844 0.3974367200619347 0.3988850741818591 0.38449502404607644 0.38193602170688923 0.3759572389062948 0.39107146012912314
0.1485983268307295 0.12401009697867019 0.1070079823268408 0.10901369653059277 0.1259827530826312 0.12330882820094427 0.12556015615709254 0.10101867593841861 0.11202302804942203 0.13121099492260702 0.14486562045388762 0.12583923585990597 0.12521798312654284 0.10742133021849978 0.12137110633648383 0.1230554787016097 0.09210649000517787 0.13152031709402395 0.12441211652563335 0.14385967372036793 0.18510437848276665 0.216912278621759 0.24243913596199534 0.2566622038982938 0.2689463727128357 0.29451347987535165 0.3460632588862786 0.33824738065945825 0.3453809109574616 0.3747477595849771 0.3727219887264014 0.3932357151036661 0.38274667059838857 0.3770947283583826 0.3421203985487382 0.34991120280809695 0.34912611075964456 0.38301422627293097 0.3613286845792245 0.35114348139041307 0.3815098843897169 0.36773572726941256 0.39130737627775375
0.11963037462563131 0.13627443991744945 0.11968617046317187 0.12278688538372252 0.12089441845995068 0.10795909166317776 0.13386642708277638 0.10775055793023089 0.0962960835745681 0.12376164870867266 0.13140836976141942 0.11329767792600534 0.13825516636981475 0.09329095583047207 0.10708476365685278 0.10393952455376677 0.06575482350536357 0.1157147833429969 0.1534382378204692 0.1750496551808247 0.17663730951871112 0.20150825374020012 0.23541435123677595 0.23792229660256894 0.28294069582560727 0.29205406608439843 0.35138559376535417 0.32913092777021424 0.37059124069169336 0.35389601487138256 0.3768787367068728 0.39464729532007387 0.37950521074748106 0.35254739190888384 0.33501865490936084 0.35185139190400155 0.3538833030821294 0.38461612204428103 0.3662974225666916 0.3376927177599319 0.3406579392038923 0.36045999532348016 0.3680854306015772
0.06734495996942319 0.09797377560922367 0.09154136443419743 0.08933933989043948 0.09097953414979434 0.0840219360436209 0.10099878570811198 0.07895290450334123 0.06934944410466022 0.08896786332901584 0.10790978378348 0.12290142481184618 0.08867688683225826 0.10145173386340998 0.11062852187564412 0.07510201580547543 0.04314724760762818 0.06978269232714522 0.11857875714346604 0.1612733678392935 0.15330317901286641 0.19253810550148368 0.24548335177953923 0.2551101041445989 0.2696998011637231 0.3103715644560491 0.3367784189655226 0.34057360671397585 0.3443971767473389 0.33616277516453247 0.34151803144360643 0.3554998232226421 0.35734336521440657 0.36463005469816157 0.36795850688841936 0.34845494590653225 0.36203181795439376 0.38336403068574637 0.3652677806982753 0.3770458094676595 0.3739452286263521 0.3520031827945047 0.3662778447002594
0.04423668509898711 0.05839043226324838 0.08519372768371339 0.08510699583730165 0.06781277783930698 0.07977605636241557 0.0799186364049434 0.04805536035591694 0.05283849040046223 0.08708610449005953 0.08211081427919173 0.08520436077906161 0.06930148272424264 0.06835517572693915 0.08632607406247089 0.051304657979524396 0.03754645381792586 0.08679282486990351 0.0991055180654044 0.1482131409964308 0.15359162691269776 0.19265070416565144 0.22665944103872288 0.22270994834906563 0.23527831254091533 0.2597345256896284 0.30272556791494715 0.32483062679042457 0.34354483292120147 0.32176786119863976 0.3368412633118553 0.3454399415279103 0.35686272168238303 0.3792236776309335 0.37789150064294663 0.36839210588006854 0.3700484677954104 0.3771141452968371 0.3819472778236462 0.37669075787585315 0.3967831881649911 0.38169244452929035 0.3571751388389011
0.017240138130184195 0.04166600163363728 0.056402113472596556 0.023588317755460327 0.04847729515698971 0.038399944291925676 0.06105299981446257 0.04952185503144476 0.042418255259359425 0.05986053753226727 0.06981029650301296 0.054841606770446354 0.07594508144164532 0.06190292533183491 0.0747348996400975 0.04750567038479365 0.028223958399607407 0.06823013181156982 0.11233776092396913 0.13856345988644544 0.1586231256316739 0.15422176827235085 0.20129857905127438 0.23567289978218034 0.2388868114323539 0.25775775252883437 0.2775166247440101 0.30209609849665636 0.33119972970203854 0.3183160088285695 0.33799637961559725 0.3787591144299476 0.3927570369049245 0.38755184958677114 0.3903930453291306 0.3807022113886796 0.3779351955514151 0.38242300321727424 0.39870250951781 0.3822653210724518 0.39859273784552746 0.37904173060864893 0.3830688782447016
0.0 0.02617755053543152 0.007632383859859352 0.02039871717839058 0.006257268390951583 0.054570146497078476 0.07638597829412914 0.05629337731750819 0.04603144230865908 0.02879872933859876 0.03485044813764285 0.04355221440065096 0.033339165025893736 0.047570606579588004 0.04926973557665759 0.0639174362630853 0.03425016902387483 0.08806201408597722 0.12614499086602476 0.12978281731119215 0.11944900651785956 0.16309612207377577 0.1674021227773152 0.2063473767306993 0.2703810008073102 0.292677489452596 0.29994749567083673 0.2947914421763269 0.3095898469022892 0.3300652869388269 0.3500299109812167 0.37955858684553595 0.4228712455049299 0.3947260796238868 0.39976315935407974 0.39759110206036635 0.3955187057636574 0.36875137607049246 0.39331168361875035 0.371657333789414 0.3818585307631585 0.37503392812966263 0.41101384848884437
0.012430501144796347 0.014986256976510855 0.039228257935814116 0.025027955729193172 0.022995893866635947 0.036836920716828696 0.055306775145126136 0.05707338925072733 0.05137335285813003 0.056396235276615574 0.04795909204108039 0.01747915472613807 0.009851354648338083 0.03854074250052039 0.06195733960580366 0.04671644871039 0.07672083698257619 0.07833500238259823 0.12202950751435207 0.1339214023895843 0.12211244587222246 0.1643940841058612 0.16269832840788526 0.20035246067989235 0.2568923599821691 0.28016781159987686 0.2785291794531824 0.28850177996097404 0.29722197009345663 0.32824786270376344 0.33166742359940693 0.36132812469173364 0.3871579482628058 0.3842308022930406 0.40208133804974255 0.4138351229313007 0.4122927236229308 0.37729815627369623 0.3871266032964447 0.37397496645765693 0.38210011320984866 0.37670064483076715 0.39307447424250247
0.04803778763112482 0.05666554326686374 0.050048835877578135 0.04980672927963043 0.0479255046214564 0.03425362408225823 0.06918421830645177 0.07407891060644987 0.042132946558664446 0.04949742651784106 0.023603870617935684 0.04271181355324003 0.01290130026257604 0.05024172180631503 0.059521778971338715 0.08174094198908335 0.08701057641128568 0.10239359061722811 0.14966302356616468 0.1471608156302283 0.15295906291465947 0.17679688779988523 0.1842951137618838 0.20402536363868876 0.22108410013800572 0.24418642739558294 0.27524596506494514 0.29226228529229503 0.3279265151975393 0.3160445354641229 0.31250543489035915 0.3435741332598991 0.3471042335180186 0.3700203289076648 0.39635861320517357 0.390926398015796 0.38404434166669205 0.37273425373828495 0.3498859294647931 0.3748069301337779 0.35212012050800967 0.3754571554359075 0.4060906816367694
0.09478719375051171 0.07542909899272825 0.05200246509639585 0.06246366388120777 0.05309748235667924 0.05855148304923789 0.04862386836019512 0.0651520092873398 0.0750359532510921 0.03318655362329324 0.05292621643154437 0.054045891335009824 0.0655870208607666 0.07135358665242908 0.08179389517045413 0.09963677839050163 0.14053686984400052 0.1554063308250225 0.14937221592862743 0.18039095736182395 0.20203745525990047 0.1972522352885482 0.21978038176689546 0.1975507152620832 0.20899137594123826 0.2518114463712788 0.28958221820570323 0.3072303569730079 0.3204859740405948 0.34122187433025813 0.35430207593664936 0.3568052366504445 0.35261782697099553 0.353003637377713 0.3900208242758902 0.36580471359804134 0.3935000801679083 0.38744613937654443 0.38352604949246344 0.3630927069146941 0.36970971124666235 0.3662044456210703 0.3751075639519349
0.10619636788118789 0.09913831327206789 0.05866413339774504 0.05668737898585181 0.09742847040547843 0.09269479459807313 0.06695314751733619 0.05911704541679247 0.07817157257803711 0.08525488613604527 0.05993567876997835 0.08268638314572568 0.05958109982843618 0.06592940410471157 0.11224635840837174 0.13930241643747263 0.14513118189546773 0.15388268615112338 0.15488243126543094 0.20609757782606053 0.21918488189946247 0.21805589504215364 0.23675337957659875 0.21631380846245882 0.2290100615943966 0.26491751996403196 0.27962274011805704 0.3078222733740141 0.3087695602904089 0.30683385461165713 0.3463501101905566 0.3601709724860755 0.34855815445490423 0.3713605173344486 0.3609665762905567 0.3655938127638249 0.40420374646644097 0.38549526857526606 0.3789312193238235 0.3669346629753505 0.33912856455489876 0.3715361385977473 0.3891246679033983
0.08449956076845291 0.09317257448022634 0.07441757932620377 0.09242759062336206 0.09641755406630322 0.09054839385786739 0.0946744645296419 0.10382300697407955 0.10856485608562293 0.11260977579925832 0.10575084991800382 0.07340005594475302 0.07913987256224056 0.102059186466216 0.12409248538536459 0.12710623358014564 0.1257122722180519 0.1251945113016502 0.15940629761632735 0.2068097921003211 0.19544776219881446 0.2060056039130179 0.1988172944813063 0.19766736223589768 0.2022404738080225 0.23336878133041977 0.25384916466346763 0.2970091678679871 0.30234014845463963 0.3147894287125806 0.3393323338077226 0.33991690150638654 0.3333318401860927 0.3497974490728399 0.3585631772520249 0.36597896141935254 0.3908764729299157 0.3923494970830595 0.35431650182111485 0.32810609212999664 0.34483991367693556 0.3600161779886024 0.35059499384027415
0.10896456266486075 0.11860133994664909 0.10594800940896025 0.11765790232797382 0.11773497228306018 0.1043331008700076 0.1432012196153157 0.12779185843418286 0.13019472705745114 0.10876830472251851 0.10806343910376372 0.11956788143850589 0.1493812640911894 0.1392192569665877 0.14655825246340626 0.14014146772891278 0.11854468585244346 0.1413663022028853 0.14551411018057986 0.19191954707393116 0.23415333662575458 0.21783072547658522 0.20152110077957108 0.20739294124874666 0.20708605543038164 0.2275747726528526 0.2728442571215308 0.29372941636446903 0.286553235614576 0.32448555616312424 0.3176050235132556 0.3612879478765471 0.3440920141269596 0.3674663498468452 0.3830784760084448 0.37797459294770797 0.37415803812964965 0.39198949930967747 0.3683696298372077 0.35159094915685457 0.30783067044340096 0.35340713919723726 0.3645808003329744
0.11276470857195352 0.10739852613232191 0.09142441096233203 0.11181999184926623 0.11674807180280086 0.13486058258877662 0.13343939712012148 0.1381179328910641 0.15613178124966104 0.14597402790475514 0.1443811805018495 0.1561230230093127 0.13808754439604765 0.1646722707428446 0.14993779313325148 0.1332261370276603 0.1205703600127939 0.13820540971183595 0.1812807551306878 0.21425283524100233 0.23133625502260963 0.23735885240968965 0.23134612486948916 0.21657851623293278 0.2279838460684963 0.2481992247103266 0.2852755293929442 0.30623873095186266 0.3169716116850799 0.3566462690521248 0.3557719387570436 0.35928709990240415 0.35064461837163163 0.39006990759268056 0.3810006707846361 0.3785404392666767 0.39653157970406433 0.3645451588988871 0.352613762789676 0.3261137252920483 0.32037046465978153 0.3197775024506342 0.34491862840580373
0.10711843382398435 0.10071313178183305 0.11146218216037425 0.1522382208143796 0.1503932890279751 0.16291151015427194 0.1657674552619759 0.18973901929639325 0.18736727910515788 0.1782689079250531 0.20642073882322273 0.17843451775758706 0.1481150852801652 0.14708560723987735 0.16767204293193697 0.12211005052683543 0.09284480330134952 0.14964377688976468 0.15895826118654036 0.19537088482850676 0.24578414605292667 0.2337423514674761 0.24423482094705182 0.23630610998566515 0.24231530852770727 0.265181838860603 0.25047300846555115 0.29461483689586054 0.34602430888239905 0.36601477043914543 0.3917087253607495 0.4025390255441132 0.3924698534286249 0.3797472331154178 0.37816558303680853 0.38624670403902683 0.3880714919222119 0.3804601781162674 0.36556896303367414 0.31863098699327175 0.29907110322372465 0.3271337998853867 0.33966653360556104
0.1299968919031963 0.15135154553139907 0.15545666612327116 0.15752216834195898 0.19870342013088166 0.18201015544342752 0.18542227212118823 0.19663498540958116 0.22658202020603568 0.2179711143380377 0.20199974807450383 0.17638476693058022 0.1649824851472217 0.15237620535415342 0.15165723358108762 0.12175937512324464 0.12759878650109147 0.16710036044053359 0.17147928242913787 0.19317704965059598 0.2042222863094766 0.2148515802363203 0.2216232289848371 0.24014302095982418 0.2209814833478094 0.24321120286532216 0.27796495760899825 0.29878992578161284 0.353553204145935 0.38085710135140827 0.40118142897396153 0.3892499631545575 0.35212529307298235 0.35865808249090636 0.3619369007774682 0.38871500254133184 0.3557129282729607 0.3482210375179747 0.340520269178388 0.3273701874731527 0.31695929192862815 0.29244823015033167 0.30238100368480747
0.17468251079106722 0.17081478860645616 0.16327161769025486 0.2095242746655455 0.22140248923305172 0.21671945424913017 0.19526173077081985 0.24537903802043634 0.2606776899099897 0.2431361860806979 0.24023261007359228 0.21114278437390122 0.19352850887021056 0.1673296667646043 0.16323410123218782 0.15449394485366602 0.14762126738666093 0.16297731056949238 0.18423260028292388 0.21120659310224044 0.18663980000718824 0.19308291141425538 0.22323408936371938 0.239781686651946 0.22923112204625745 0.2734329786789307 0.2711840995457207 0.31281825320961676 0.35028872355462354 0.3526917385947931 0.36740949801384004 0.3804795056225746 0.35211870288243996 0.3640308267748847 0.368015985158955 0.3768864149108846 0.36468648460671754 0.3398132088589449 0.3442322412440879 0.30452344312710494 0.2710756576976668 0.28253802762451014 0.29938106672029263
0.22623557381019144 0.1944581534276189 0.20509417234131028 0.2180032993569659 0.2352382018797146 0.2163965803362957 0.22783905004645752 0.2505434202974444 0.2865370875908411 0.27174134795249916 0.2729662079229549 0.2564006023618855 0.2341399348258367 0.22024230880005316 0.20543788729975723 0.16920400521862985 0.171992253393651 0.195315035448824 0.21757729572574858 0.19674574954378082 0.21773215239303606 0.20743699761473414 0.2270902524444948 0.2522330025258323 0.24415638429227854 0.2707099838966202 0.29778481164345694 0.3075148448641514 0.3233896831450553 0.3366057036276228 0.3471366135957508 0.35463516372348547 0.3516729284636855 0.3609998169093177 0.36994400905919117 0.3394463163449774 0.34309855315025745 0.3504214166844645 0.3258906155203065 0.30201090869279235 0.2801739131221066 0.27602828235614557 0.2983427795296022
