Raster_benchmarking/continuous/raster-117.asc
NCOLS 100
NROWS 100
XLLCORNER 1743168.0619868014
YLLCORNER 5469287.118335888
CELLSIZE 10
NODATA_VALUE -9999
[rows 0 to 18 of 100, columns 43 to 85 of 100]
0.28437586107913176 0.3220359482456073 0.33648341463660436 0.31550896488845814 0.33480696194564413 0.2847747568235341 0.27956529862608026 0.27166658656831005 0.29744130845211153 0.2964718910498392 0.2675614723616389 0.2819845341369662 0.2645850070333798 0.3217292639595373 0.3411004668499367 0.36290700993753855 0.3472650144585072 0.36690065032891117 0.3724950485010343 0.3820471999262133 0.4051256078285177 0.3873481699243266 0.38373811310023126 0.37888352173228684 0.3499880199886256 0.31855841083560965 0.3219153709181325 0.34081769277656615 0.3199353853311517 0.3380336793544748 0.3232708804108669 0.32764613721416996 0.3040855878845524 0.3004493345447751 0.2690838176542749 0.2956068961927114 0.26621748472283846 0.25346157991639684 0.24005851257077512 0.24922155024751041 0.2419086141914693 0.20604784667393447 0.173440279804561
0.2905528353741592 0.30370848849601567 0.32665028247428846 0.34711261753162637 0.33081552215473903 0.31315719925989816 0.28912950010656374 0.2849330918710106 0.30725887445748856 0.29553921318303633 0.29480231252133715 0.3028778583894858 0.3099767623221295 0.33885814110245416 0.36129638779586387 0.3451057391069294 0.3432665742375066 0.3532558606436738 0.37218319141537315 0.35913356445890837 0.3899646967386662 0.40333921074618884 0.39296055516607525 0.41164554694795485 0.393237287528321 0.35620600338260017 0.35113962601432963 0.32592949232415597 0.32598927640225955 0.3357159034397694 0.3418863613020336 0.33026833169273945 0.3197110595932208 0.3303327277330645 0.31901127088579556 0.315292118582038 0.3075672803547217 0.27451238709179004 0.256884710169446 0.27401327687186355 0.27451233474375053 0.23228893970719325 0.17948353283872678
0.2894108547142277 0.2981993650069381 0.31067831643964394 0.3310794805334315 0.353329279168067 0.32480691509677095 0.3207051328097058 0.3336522830606169 0.29751300048602003 0.3238345389628988 0.3151558527075181 0.3312928631311205 0.3426602556673647 0.35079455470564436 0.333969147028069 0.3122581380289573 0.33272492121829533 0.353811264813168 0.3345595050477292 0.36315264069800113 0.37029163086176065 0.4112550102986194 0.4297192830791386 0.4323037924759629 0.4110416332341771 0.37966078254705893 0.39929756257201326 0.3398561552925324 0.3455677810942258 0.38107021803638497 0.37135042552578024 0.35831099041716874 0.3300439867897384 0.3605789973521735 0.3605708115847696 0.3174698693404997 0.2983170405241847 0.2816314586749336 0.2903818610465444 0.2878780341983179 0.280670332877669 0.2337783836680741 0.20883226950856584
0.32300421145122477 0.3164752240513541 0.33797129041677343 0.3242052899522296 0.35871546418447464 0.34778886902592787 0.3342096687333155 0.3456390108088239 0.3089106188495681 0.3339772588992473 0.32385292624190753 0.3213387881027462 0.33595852784943875 0.31147737052775826 0.30403786298498675 0.3056493487393555 0.3087263526059878 0.3329334656337844 0.34893745467294807 0.39283688026397073 0.39112522625864454 0.4053239983657078 0.4392822588043639 0.4393527125888124 0.426371824679109 0.412733210698815 0.383564787652578 0.3722685025806599 0.3706183241970151 0.40588896174216016 0.3929355232959955 0.38228892405500353 0.3648987513597784 0.35298559417901665 0.36302952803566907 0.36471496586969315 0.33435554176964616 0.33516511308521346 0.3282830306149681 0.3218082944324825 0.3160468234200114 0.26507381206508157 0.21611297950016206
0.35603616875346744 0.3581308399681796 0.3272952956769603 0.3445622234227803 0.3492471211640486 0.3785018860662068 0.3643446090032078 0.36723012893542595 0.3444409838708268 0.32450947319723256 0.2990637239781819 0.32135773595090983 0.3144596634455912 0.31471267184373003 0.290078455905992 0.31109666658515656 0.30812245098531854 0.3418373154313539 0.388186355822302 0.39798217149667897 0.42136259952840527 0.42142193947538636 0.4372238511073319 0.41701641237236825 0.41766553567763487 0.4251309270430537 0.40698742152235096 0.4111231345011515 0.4227260370185855 0.41899808460462207 0.40988355346381716 0.40922480970718705 0.38843920230052803 0.35832764593312605 0.3918814538248723 0.39848368194992917 0.3835395343346701 0.3555220224433226 0.37027022994948444 0.3445737175081658 0.3340026414893029 0.29145010664830234 0.222898146523708
0.3852113645848163 0.3763457555502804 0.36258969315262213 0.3658041384553865 0.3505515566423528 0.3689923888825991 0.3735006071649698 0.367307072527475 0.34339317190277585 0.3436730826795439 0.35129881265897744 0.34845533349667124 0.35160742941361794 0.31352617595473364 0.2921149977936926 0.31115922292267567 0.32713748218126465 0.34131410385695166 0.3731659905439986 0.40650100491439267 0.38633541138048955 0.40690560031507067 0.40652694711580745 0.3925156638165764 0.39096034995305234 0.4248622021042849 0.40017216900098773 0.43905454819167156 0.4245375397956449 0.4344596182221279 0.43554128301591594 0.4217998952559782 0.4129313346944558 0.38011448215932203 0.37732844977212066 0.39544986901266654 0.4060909887436593 0.38129691222681894 0.3555691972091864 0.34507527708308594 0.33517142476670214 0.3184085512343635 0.24763703690986516
0.39301782349528014 0.394534285746939 0.37471952593274804 0.3617095981953099 0.3519007849423277 0.36712362723371017 0.39737992043287684 0.3886213333844892 0.3676441102338648 0.35529187329249917 0.36169145419757887 0.3528958334280438 0.3461026864461313 0.34637211153399927 0.31591254956507575 0.32982245475451766 0.35042735798317126 0.343657614075091 0.34652857585610486 0.37765725618382084 0.39276377082622715 0.3765246235450312 0.35987998249761954 0.39607986115715815 0.3889233400836143 0.38878137052131506 0.4133285703316814 0.44018015345036887 0.4428862624001964 0.4625936738029081 0.4508618115426124 0.43575975919632465 0.4347443241708686 0.37952416048246346 0.36841063413390457 0.38867530454152005 0.42572845662176634 0.4030761132682493 0.39896296454584906 0.35277632730661945 0.3292946056478591 0.31169079992127596 0.30634423315831927
0.3749470624327741 0.4028253757545328 0.40283159027062254 0.37637442699811247 0.3986032259773486 0.3811165688680689 0.3854983195819276 0.405200400129711 0.4062206949018061 0.3736631776889059 0.37906883214959086 0.3719143081167105 0.37837795599190843 0.36425722263522703 0.3476288391927136 0.35556175255339284 0.33649472569467703 0.35559456568897185 0.34906335606788236 0.35162369327152415 0.38373558214692294 0.37806808591579366 0.36434175645593486 0.3844257714868367 0.3812470629560456 0.4117359977303705 0.4370530511678511 0.4520434406663894 0.45672906690723925 0.47200358134339454 0.436796016882788 0.43459713867026945 0.43029955178431956 0.3909024990202202 0.3642722088844671 0.38346797587812037 0.43118549773337894 0.42506767772616455 0.3974496453716957 0.3638941613442636 0.3342835170315373 0.30473842159791503 0.26709577330173
0.3908613336393888 0.39831606776625866 0.4030806414177642 0.39923763525740097 0.40967656861471924 0.39033888198945393 0.3815550648354672 0.3859957720421375 0.42189333187766287 0.42396548046950644 0.420347616192817 0.4015787609874816 0.413673279452154 0.394319045878094 0.3821564458907854 0.34820015093050344 0.315340287201626 0.36213657112844705 0.3240907083820771 0.35585451474630664 0.3710853467605865 0.3838990136041413 0.3537464588195594 0.3555505670521557 0.3592632667134259 0.3923717898258307 0.43553087888390873 0.44544270783296014 0.4718577209759311 0.4464720887389151 0.4697963155804916 0.45632470936331204 0.4194387733514235 0.4188638646092862 0.3843091707261151 0.4106115072892268 0.4127588910592938 0.39968749594484326 0.4176345634483169 0.3555809079278938 0.34882165362418877 0.32093424523376896 0.25874787564901586
0.3740035795671411 0.3972537579170574 0.3912471197774463 0.3644307640179463 0.3757696789740373 0.3704064140932714 0.40072776001657456 0.4078961176309419 0.4097949798542693 0.41490216871105895 0.398498676979623 0.40332547868694046 0.3901557196173804 0.4105283925787927 0.3884314083181025 0.38018741433425385 0.3747423092936955 0.36955262225048985 0.3685846675102428 0.36121529464907143 0.38582301978216327 0.3956612476413785 0.3683085611122316 0.3547563250284209 0.40037618955707305 0.4216743552360841 0.4489983600570441 0.42529261140090324 0.45384290687380435 0.4586310343653727 0.45677888383404697 0.43816644977740327 0.42442140486956464 0.4153161720642814 0.4120068972958442 0.4132242030310679 0.4104267465118686 0.42502832133991963 0.41624241255672734 0.3759670335186864 0.3407464804145232 0.2850016849288316 0.27840854340306104
0.3989583500354638 0.38341820246821956 0.3536737188601723 0.38657762202997487 0.36599298834632227 0.38038142668762537 0.3889396715054675 0.4122720833432443 0.4383090431555998 0.4058874790218 0.4140521188159158 0.4049462095191224 0.41123092260102945 0.3971554068172897 0.40675624009892875 0.37456036492179745 0.40383474854946844 0.388777748665404 0.3819492224545824 0.3900641169497118 0.40083847039146586 0.3761157092460701 0.38531466870765013 0.3618082275634957 0.382465889176529 0.3921937004128254 0.4266284616151844 0.44740490160797597 0.4516631610795128 0.44417493188245133 0.43202254865731937 0.42586815809194317 0.39684385126416843 0.435268299901906 0.440103302637582 0.4312180625273145 0.4469027469956517 0.4030478068155112 0.3970686887280964 0.3504660974695185 0.31520551487443055 0.2839622398279355 0.26473837711328
0.3843535654819536 0.3462598278469522 0.37731837780418026 0.38891947867673876 0.375251540912474 0.4083937634065023 0.4175701373073044 0.41777069839987807 0.4304894080873946 0.4248942873564485 0.3992844980013977 0.4145079588675255 0.3911868863989533 0.38130599766961903 0.4065207219026879 0.38559634801539877 0.39324108588210455 0.39425729620272376 0.3652724728792229 0.3792551829962342 0.3991459718326936 0.3827075959163495 0.3890370054974656 0.39799567409491476 0.4200226242346684 0.4232172375761661 0.4567635124725505 0.4415611979677625 0.4693459440778886 0.44629719809826696 0.4478126888938096 0.4505989818181609 0.42952049090021627 0.41228041041316665 0.42452537198369517 0.4378528552754497 0.4113864244461282 0.3985376897071813 0.3798865632723238 0.34328267150917186 0.3268570049363065 0.28165122376841256 0.2704137086377844
0.3454536190066436 0.3387538047913659 0.3706091339831473 0.4004981638636647 0.4045523496547637 0.4407796876290689 0.4550367937866104 0.45326553337489245 0.46355820598070735 0.43576897200889486 0.4048472945791492 0.40421013786658727 0.37720002060643815 0.3877841251831113 0.39413398929343385 0.39802127570994844 0.4014581451462419 0.37944037832219707 0.3612852595007074 0.383846712667302 0.356269239905236 0.38227411057832006 0.37829441331138974 0.3870650376724136 0.441540745017635 0.419353712474257 0.4688271908340102 0.4573883488736548 0.45778153929263743 0.4337031847723627 0.45972007077976096 0.4422627243259587 0.42794394353857956 0.43626287872556496 0.4064771873447657 0.4447777999049469 0.43493086675826187 0.4088286555259713 0.36287124313987584 0.3533791106481426 0.3295620552320396 0.2883870879658208 0.29117802570053003
0.3607768478971897 0.37673413849931986 0.37430603877381075 0.3915137553155895 0.4177613543635495 0.43065155487469997 0.4406924551471042 0.45062082588342645 0.4573375406993556 0.42913121191526954 0.4242713658173956 0.3779768332252014 0.3725122958714107 0.39647503968409437 0.3745983723490566 0.4071609506370081 0.39879524152693746 0.36201050934987733 0.3476702572128591 0.3585688898722577 0.35315037743638017 0.38113152752269946 0.38328823162192793 0.40654382049961296 0.4073256650006569 0.4265861442230262 0.428324638156878 0.42466653209376715 0.43814557773249274 0.42769929102669835 0.4405612402500179 0.4258727017845471 0.4169636403954253 0.41826556855855107 0.41943726452973973 0.4204982659739739 0.40812575360558545 0.3907626636994639 0.38226604630060207 0.3607129156758657 0.33548886052530746 0.29232759204692366 0.275855749757777
0.3919884169721076 0.3904674922616464 0.4121879825596773 0.4191330205265306 0.41856130612495995 0.45391464065801657 0.4630091753939979 0.460902169875869 0.4519703892923259 0.43778992349828577 0.41634127505474744 0.3931768331336475 0.3575897327601289 0.3919519512937703 0.3818124276252595 0.374635168853643 0.3776664668367248 0.3589296688115666 0.3842724093400482 0.356684313401618 0.34548205186437514 0.3819736878869621 0.420897064037323 0.42770692037335295 0.40845774317820077 0.42362830379008165 0.407181902253167 0.42505723145576646 0.4143141307519215 0.41052045545284604 0.41705570679798165 0.40639659248262006 0.4219257445119305 0.4394020647445939 0.4235754845504371 0.4324036371430854 0.41573566293992675 0.40877066186943806 0.3986515613053125 0.34261004986271587 0.29442179892595133 0.29269011569771886 0.25179474550498765
0.4017795084934158 0.4151278231164677 0.40929841536322 0.4357352599600451 0.4681370913233476 0.47054796990836356 0.4672605246497879 0.46674510462564717 0.46077561273474144 0.45006715831197924 0.3966460614961985 0.37337243431856926 0.37040731418264333 0.37276065204169406 0.3746480521771168 0.3895101877336895 0.3919492355632174 0.3661643481777405 0.3698685607407179 0.3777378219802176 0.36343831578484137 0.39256841547514726 0.40217460154486334 0.39030994889889936 0.4060215928445177 0.425773514617568 0.4189640677807273 0.43607256436967917 0.44461825153576234 0.42504433670663333 0.4094835757580839 0.42444952178580664 0.41482484824551674 0.4355663929436718 0.40691229910644 0.40748554846927837 0.39800790285805265 0.41607634932529025 0.359180235072682 0.3536379927357537 0.2936903777983938 0.2755821584694448 0.2883301965461052
0.382177847512194 0.38794635809268535 0.4270188566242044 0.4267685925491568 0.4752945449328072 0.4839809946352063 0.5012765024607874 0.47257080431402015 0.4682285101239256 0.4327631144895078 0.3849006704419791 0.37508914748938066 0.36355618355669983 0.3495901025442605 0.36582227656918315 0.36604603752392506 0.3621931833461697 0.35089268417304537 0.36154212546950804 0.37926084765666257 0.3476291237733693 0.3773325239077565 0.39194902459233716 0.40004565597065067 0.4247500466939001 0.42083753021934683 0.4511071405545338 0.46139363356047125 0.44235599983490675 0.4504201137840426 0.4534290298483945 0.45210430061067053 0.43113224792672505 0.40079557249937625 0.3888513311442034 0.4246790397548581 0.4387526888612626 0.3990755614506521 0.3552195263596164 0.3371850130540221 0.3015645962042824 0.2756763032041207 0.2749016788892504
0.43156950211763967 0.3993281988030645 0.41837187174429324 0.43880139224254117 0.4453045329289895 0.4934304107843393 0.4881593465595496 0.4602010802251518 0.46728454641296324 0.4578335687262921 0.3984396950552675 0.38711267350400785 0.38584331786943393 0.3661802196024948 0.3665866500689453 0.3375902460131199 0.34418743725245626 0.35713716111490873 0.3406228108147801 0.3490873251510498 0.327374322133913 0.36676829054780535 0.40085166142063744 0.38946805058596484 0.39596708868531466 0.42490800216585045 0.45800153405721833 0.4432888652481198 0.43520298499398086 0.43351669331344844 0.4430103485975402 0.42527070461693944 0.40033583251448446 0.4218160575209925 0.3944334359326748 0.39380596012711333 0.4142110382265571 0.37896637414372353 0.3592674004210698 0.33137574211390786 0.2819568790046145 0.2606266798240394 0.25007783406036255
0.4518582663938458 0.4330548473316769 0.42244536725917226 0.4271883867354176 0.458846193781963 0.4794430066782341 0.45982382325911497 0.47946984705085544 0.48186091833057487 0.45234297766032383 0.43581511637504844 0.38607088124478756 0.3837187283493619 0.3715639927555095 0.34448016806136494 0.3594727042613534 0.3557806756729337 0.3351265679000314 0.3092196003976215 0.3233881716680717 0.3208465712869959 0.3355997091036885 0.3689461200661142 0.38769352346274333 0.4147120903619818 0.4151465273125673 0.43926683011205836 0.4453032583906234 0.44995121591482945 0.4209972951404606 0.44902355190474874 0.42868907167317644 0.38857186200948407 0.40872204499820014 0.4021198036137954 0.385168053302224 0.3746724187841926 0.3610319871072128 0.32011390828751823 0.3058502755163543 0.2808907576244936 0.25871662816994795 0.2671643031896992
