Raster_benchmarking/continuous/raster-321.asc
NCOLS 100
NROWS 100
XLLCORNER 1743161.503574558
YLLCORNER 5469295.43708253
CELLSIZE 10
NODATA_VALUE -9999
[rows 57 to 75 of 100, columns 42 to 83 of 100]
0.35768791387680676 0.34453179885867713 0.3147121134684475 0.36836732552152696 0.3791730312132026 0.33929784124815315 0.29447376640509487 0.2678062144135756 0.24105289175630454 0.2571757213693553 0.29962103371076126 0.2827078466608669 0.30415712903975745 0.35145549827354555 0.38512351579321275 0.40699601743451064 0.407892841621905 0.36147863652669776 0.3375377180858255 0.36402699608018746 0.39642967506481447 0.3625742559551635 0.3235522397661251 0.3307102327149984 0.3085153054380052 0.2898032593837272 0.28825723490551813 0.25298725868596056 0.3046997487899688 0.23330172800124255 0.25043177565121855 0.19071359074606195 0.17658797291912662 0.17370385219930143 0.20669178551513867 0.21773571375697734 0.21120455213193978 0.2042144779207865 0.16156506624444752 0.10256156404850524 0.09407049509769197 0.10264329858994277
0.3430619516205339 0.34770962493139396 0.33126047164574324 0.3283758378958381 0.3038209929635765 0.3320225655777053 0.30743737494114487 0.2441968453841376 0.22575483199382654 0.2617055599826891 0.31429174043624447 0.2893191638431983 0.2942275908097931 0.3326807514928331 0.32991120712878963 0.3567678219464548 0.36428646235755635 0.37972868195649595 0.37337951438073136 0.37889586666738706 0.3945413001468476 0.3436656685439568 0.3009709656596301 0.3124168802721709 0.30149751002104463 0.26907082657993486 0.2584598218206464 0.2404092849922008 0.2608759969608043 0.22342392229586072 0.20502117082383234 0.2077592042454069 0.173061603543659 0.193799734183539 0.17812305574474074 0.18128272583217042 0.14788592140355392 0.1536031463840651 0.13587582833420922 0.09116449373404593 0.08305672463256628 0.11815398036363216
0.3452186627055509 0.29761129960399113 0.2899520324552798 0.3042009334894013 0.27846603071767123 0.2882735723648426 0.2874906745125637 0.2388146150733461 0.24025225019353896 0.26716278911670716 0.3141884000327106 0.3024074055478352 0.28272990766566125 0.3201256757497911 0.3317591478021594 0.34727415749954643 0.35607517774778924 0.36601834870317035 0.33996467937501595 0.3670564097502174 0.3613834487103531 0.3298794469291479 0.3042104416242066 0.2843507341452725 0.24919965366134128 0.22219280115065448 0.22616822417307028 0.24299868710979747 0.2502924838518181 0.2371282549316698 0.17981493570882806 0.15703588793126172 0.15183867905008874 0.16812841036248682 0.19303947625030168 0.15891729416550754 0.12387868294300054 0.12466814347593452 0.13313211040581316 0.12879269741132504 0.07994510983046912 0.06736940576103752
0.31744587511085026 0.28060959071619707 0.3007549527980646 0.2536523545391615 0.2566382149755111 0.24403842601901476 0.23721407028713473 0.25957803160543874 0.2504650246471499 0.2677772501174929 0.3192721025414412 0.3100213943695985 0.3298529148258341 0.3286178015676584 0.3316945295114479 0.31341058942336597 0.33060606770230166 0.3430872072627209 0.3632311310025822 0.3484482190162673 0.32185203017750813 0.31049360616738014 0.2757888921895286 0.27768206869390594 0.23302739981786863 0.20971546180387263 0.2328808252794583 0.22687384077321843 0.20625284003737604 0.2121069042659447 0.18510204773624964 0.16188148340327566 0.13684971063627205 0.12998043028429906 0.13318104585745943 0.14994367739909706 0.1359618729719653 0.135217524306411 0.13414255832898273 0.10679612258431495 0.06825590109736598 0.07140979038073943
0.2986916974574279 0.2810802058433946 0.28483683869613413 0.2596676832816882 0.24852861732145476 0.2640044614217403 0.24923620384837472 0.24618692914644735 0.23367177009908716 0.2799078492633085 0.28973981745348615 0.28358014852800945 0.3261452270062717 0.309794495562272 0.33080713859612765 0.2958718411857463 0.31761814063902183 0.3515688853990943 0.33713891181261385 0.3337604456754838 0.3546951723666957 0.3230140836665517 0.2813348399866951 0.22332101695736098 0.20898392782075073 0.18996975095791052 0.16899964354897518 0.16327631120044442 0.18808853620321125 0.18802696208714112 0.1563389172705087 0.1341903538815275 0.10430929799372858 0.10133975837568916 0.10898300500085614 0.12415540649434002 0.13587278662657132 0.09801058603287911 0.09375740198163796 0.11198378164381317 0.07873446473518307 0.10868201343342354
0.28948634368820064 0.26623502583885356 0.24723487732677016 0.24700483144616056 0.25741767427796536 0.25453787720558724 0.25673167960695153 0.25296742251277765 0.2801591305318363 0.2909350287127173 0.3091265099350836 0.30316546236377684 0.33313281710756987 0.281246668566435 0.2879426007810265 0.3157238612165018 0.29936231057067825 0.3194416520701606 0.32627678195967347 0.28818016455008477 0.25628140116484827 0.24264091791917095 0.22806490999436427 0.22410255316479483 0.20409999852791902 0.15297841536269471 0.1551858075646007 0.157292238088454 0.191696212804878 0.1854767526941337 0.15320544243686568 0.12433146549811579 0.11653380184953442 0.12101391051825422 0.1508642565491395 0.14099047594573624 0.1583303158021788 0.1247290553329391 0.10453773737730439 0.13562239234528556 0.11499617595474626 0.14440827320447888
0.24342284414209733 0.26542429039433124 0.27463442063758764 0.2402454021728035 0.24057513606947747 0.27703550060927473 0.2700492603075446 0.26921655462447913 0.28455294191631375 0.2724501750884899 0.2826774618056318 0.30593186944303713 0.3164612373249283 0.2683231122531468 0.2507626392912201 0.3079757612627721 0.3038704313353205 0.31083642391636657 0.30740405052386727 0.2712840864176223 0.22712201943513297 0.20903238718223582 0.2033992945435742 0.20445970987142054 0.16413802442727365 0.17752111110824337 0.1686018706830432 0.15503168812102974 0.1956887863463644 0.15200586686796969 0.11734739472966205 0.14716389907890376 0.14182019964542258 0.13481777010159554 0.12635575384433287 0.12503507857594334 0.18033656806976145 0.14334349342064884 0.1302480371292685 0.15858512214210557 0.13862524000741888 0.11809530046455388
0.26576044780366287 0.261541155156734 0.2870932168436647 0.2915868367959985 0.259794086492904 0.26963862756143997 0.28878064730423264 0.29386142632083295 0.27355348816585073 0.2589742033031163 0.2587281724382806 0.2931148106567944 0.28884724168364984 0.26253397862705974 0.25872772931892823 0.28418415891126697 0.26282734778623607 0.26960932410597716 0.2885219458363646 0.2336830974136649 0.1814404239521947 0.1935314626008493 0.21700578548949181 0.19592948490255474 0.1675959939505677 0.16565439018982253 0.17399465222462115 0.16548328292449405 0.17989419599084533 0.16875564693046663 0.15407857319207655 0.14589560385530218 0.16829574971625794 0.14024890373800208 0.1520231595414143 0.15445185577473758 0.19002241150024637 0.15074184576590052 0.13863159311585233 0.12483178925477051 0.11347705077000506 0.10229530911471833
0.25048674943841454 0.2828926997120668 0.3005638406210146 0.28868626657128643 0.28192333781879486 0.2817778704991842 0.26028388224578003 0.2593533137608466 0.2791408470742586 0.3050661546806034 0.2948702988822336 0.2828439244811749 0.29519926386938855 0.2838961879854007 0.2944723431946593 0.23597431294116888 0.23007986297288768 0.25724424801972584 0.24874270134796672 0.20474346275809602 0.17224270896122312 0.18482521662519874 0.2152547643581836 0.20836228206516894 0.1937383481878899 0.19437440901300793 0.15377553514199238 0.18684145378066508 0.1394510937878506 0.16364376915403264 0.1985549067887566 0.17385324783867814 0.15547423315343903 0.14792428805659658 0.140386089151453 0.1760269137758555 0.17487268126185712 0.16607336637233158 0.09293949694994905 0.09828608627103456 0.07292079953518332 0.09759121236110786
0.23032469181337684 0.2779377615474646 0.27481331649450663 0.2727485287841146 0.3139509787914942 0.2805158493975399 0.27306494892853345 0.24669467232322198 0.24680678777254658 0.2953402888865512 0.2884480453899099 0.3011539979818685 0.30730710905394915 0.258474726204886 0.26821656543001926 0.2271117624050494 0.21300911679439247 0.2214101530674932 0.21711369384260765 0.21396761603899553 0.18881540826697898 0.19933427305383378 0.23325698297303732 0.20844882206872042 0.1920511385155183 0.18754911151652906 0.1778044867254826 0.18341369852737263 0.17481861228715317 0.17700108104661108 0.21971397444917068 0.20130339926478608 0.17728349933460988 0.20705333941559217 0.17619856626817657 0.1868318333779525 0.15924900344131668 0.14634459205195932 0.11151768463319148 0.09916972105551507 0.07248129406644882 0.06770130631917472
0.24524833982417782 0.2506333231053161 0.2675688091361473 0.28596830817034335 0.32003815840200006 0.26406410134329933 0.2819946442691955 0.25663195950517825 0.23815209236274934 0.2596660538725355 0.2971952453710479 0.2800281364177427 0.2821765412926953 0.2889309074780937 0.24757739774096504 0.221390946961783 0.18241487536703158 0.19593950520606887 0.17469459134012844 0.17009430385995974 0.1563757152360905 0.18612011780532725 0.22811131141685692 0.23183916183879627 0.25196476158233544 0.23816833526325729 0.19266266109358476 0.21431044283929868 0.17240470489818913 0.22538901091930064 0.23504173910538886 0.2336697192071164 0.239490347180954 0.20497029834872652 0.20337143264112226 0.22950053715281074 0.21075906686487048 0.17723458596330047 0.1157218185295047 0.11901469499803041 0.09388258581463202 0.08349674560269815
0.19886493941201613 0.23558825744396852 0.2825511344523057 0.2837976333389445 0.27699556995099 0.2614651555950173 0.2716392223995573 0.2342557321128649 0.23338026901901432 0.2435476291315863 0.2851496326025574 0.30145283287784114 0.2661845551154258 0.26401904386135144 0.21037319896619883 0.1999675706743463 0.14448795263260894 0.16001283959158435 0.18852285113210138 0.14774967418109 0.18135476430719552 0.20325831211946285 0.23249876641474548 0.21294724887525246 0.24136586331835688 0.2410466521743774 0.21224328057313616 0.25021347401267413 0.21726950614906693 0.229815976866885 0.22366061192983694 0.2071227089652844 0.24961080969030322 0.2512524196075195 0.2143827069275331 0.22244935582879066 0.20044098995784568 0.14873062172789644 0.12908105219668295 0.13070109365186344 0.09315355125918005 0.12963752762344935
0.2064205220588777 0.24268575424736988 0.29443764189730826 0.26291552838522 0.26767113504076434 0.27137275950175815 0.22224438273753633 0.25503627329290945 0.23018707934342447 0.2404225316163517 0.28793729499480836 0.2610185336570228 0.257118586906562 0.25089110409333687 0.23837344978982625 0.18732535213338353 0.1336349144446506 0.14136123146466176 0.1680693276464273 0.16237088506178401 0.15535963083537116 0.17228138032073684 0.18451237936354314 0.1936091296356627 0.2587307164924397 0.28353405634823914 0.27182021707316084 0.25286300767312503 0.28269044509424884 0.25096491670675386 0.21048875823752633 0.2499792890008323 0.25035043264713 0.247670161350357 0.2246337169421528 0.19686185152759655 0.16945761054586742 0.17223312626902715 0.17227961286668902 0.1305100811976813 0.11948330071046283 0.14679262163305218
0.23370127578659555 0.2771468135008052 0.2717284738739129 0.26533095210654334 0.2571321207753383 0.24761326556949323 0.2524433532085384 0.23781417815185124 0.2545689677040578 0.2404280683180805 0.25798873801182465 0.25085787669162857 0.23006006152651484 0.2510082175234002 0.19751803033187934 0.17421238964643387 0.14744641468309239 0.11873796601260339 0.161554286626662 0.17198767362162015 0.18911036069554735 0.19457427212865988 0.1807183503472974 0.19585620661638267 0.2063264527315858 0.2664543804323104 0.24326413692163307 0.28532901907281044 0.29204601576388334 0.24521943192218293 0.2564517193756743 0.22518548355657675 0.2526238465862864 0.2267046695524059 0.26043319947613947 0.24358114793175056 0.22206126569717655 0.21157831913048347 0.19056825195554214 0.1327401127343724 0.14302391981924914 0.11619482445285507
0.2876844056230891 0.2521211941391071 0.2597542397614057 0.2712683501595646 0.27988869270903743 0.26510009473358925 0.211899811224305 0.2233163829510275 0.2427610847901688 0.25195627646264535 0.2586275700295354 0.252248204244977 0.24626496600884307 0.23752817653868097 0.2268795071807139 0.20532999226611495 0.13130623926083534 0.1423359755164133 0.13020337744426516 0.16305697220885773 0.12976452849869052 0.16651043128951332 0.21031034412907337 0.22162719321863206 0.18951959192248638 0.21031388201041684 0.2434924762675674 0.2530405895715614 0.2678529631753774 0.2638643207874815 0.2451468060294599 0.2644562535088694 0.24477970722347034 0.2557015992941096 0.2624499684366657 0.2503198903344471 0.2515457691798882 0.19728773583299372 0.15230880966413893 0.15208088712995274 0.12985147395182178 0.14819798136415308
0.28972116899887246 0.23908112981609095 0.22266219629328396 0.25380171470448404 0.24938507133449725 0.22702123746665714 0.1908003634309265 0.19398062121005866 0.2309348959909994 0.22942187398591712 0.22806666032161987 0.25107699802314026 0.24779249590020933 0.23383671094501923 0.25324362862837857 0.20919882496284076 0.18026576850266068 0.18655237310618847 0.15388230475639905 0.17059741975801357 0.14115454928412596 0.1629756657619538 0.17609117819139855 0.1940321089047024 0.20503428779287353 0.21659385234909023 0.2181949638834518 0.20986789875362888 0.24771607932116438 0.23074643176712029 0.2536957598477817 0.2683376838012769 0.2633533374081149 0.27396860307392484 0.26834933637947644 0.2853132790316747 0.24463389844191766 0.24009886267893854 0.2068628875900812 0.16934885260144603 0.17016239701890495 0.13168612786347234
0.2872917223858156 0.22425712764952224 0.22413492612740712 0.2009962262666789 0.2048695751381232 0.21329346599216847 0.23671141968631507 0.22841647155114198 0.19032193646419207 0.2241591052782395 0.2529143909832231 0.23828898907829718 0.24521033255500768 0.22215521107112154 0.2533837604079364 0.22686979799792595 0.16830671188998567 0.2017770176782906 0.20821018005606085 0.18408864574153258 0.17326437119893096 0.18025829190886888 0.211600694879031 0.17063998668007166 0.17264433430510662 0.17955395622495787 0.18881517900011632 0.18546314416999 0.23235909094406845 0.24632936478574702 0.2629162789743297 0.26255444436971054 0.3288124863098719 0.30766049739485235 0.3299958186970904 0.30474979995160467 0.2750038400257037 0.2648026516234319 0.1996308469742036 0.16901223814336858 0.1999627550232987 0.17652413884524304
0.27816795619791607 0.23415773806108447 0.20565205998865177 0.22851860008814298 0.2416564222952646 0.24468590801709145 0.2183283695079954 0.2436546464597934 0.26142141562112714 0.24833573169562909 0.2507849910755611 0.2530122485228537 0.2560136109618184 0.25122796883694715 0.2827907982477553 0.2670358185833515 0.23420235594400649 0.24517548698784908 0.23179255816946812 0.20992493107497462 0.21245778458119274 0.2163458541974023 0.2141380511247343 0.19583326060772055 0.19901525460259237 0.21075162782021384 0.22426065462921038 0.21725302744182678 0.20424557046762737 0.23976687849910047 0.2504877127027959 0.29683174028996534 0.2820974479802151 0.28874173840355466 0.32591179685848276 0.30929222743168017 0.24771990667968197 0.24208217047222022 0.2039128763839428 0.21013541801177296 0.1843369801240457 0.1780880272626089
0.257737485180986 0.21815298782538625 0.22856017523705532 0.23647624651517557 0.21146483081131695 0.24639257732281505 0.22193216424342965 0.241355694670255 0.26805276175163684 0.2610690027674321 0.27816662320730723 0.27838523785259656 0.24003022611560643 0.22692122289643302 0.256096301329749 0.2740053162629484 0.2845118588396133 0.25268169367080984 0.24965815005360784 0.221038143985835 0.21771483176209833 0.236542039401475 0.18712097741837241 0.23287669321108873 0.22725869923303907 0.21124022598161687 0.23208663185414014 0.24521292029400593 0.21989888166720417 0.22546227925208606 0.24495096048139095 0.2714228403583186 0.2723078115401356 0.2908192505562853 0.3128894415265082 0.3052167036047393 0.27238026951352995 0.2686997487710214 0.23163650443296896 0.24894341478739432 0.22877620773839333 0.20632547418338418
