Raster_benchmarking/continuous/raster-28.asc
NCOLS 100
NROWS 100
XLLCORNER 1743158.113594025
YLLCORNER 5469292.3407256985
CELLSIZE 10
NODATA_VALUE -9999
[rows 76 to 94 of 100, columns 43 to 85 of 100]
0.532972675217489 0.5614804466395568 0.5086098637791677 0.4663174727608267 0.46525535821747416 0.47319872851119343 0.48161791923807634 0.480147050470875 0.47178669165609916 0.49586007221869344 0.5105267560602298 0.5306518622151425 0.4725394853948419 0.41808854571654136 0.47774346205246043 0.5457500036461647 0.5113616193145035 0.5462457111067066 0.4346250116730753 0.4539332521982108 0.3941649174462034 0.35403619912253537 0.3951107638413867 0.4158958914373131 0.3747474865173854 0.4057737956213425 0.451236860552822 0.42080072567993776 0.39968825470841723 0.42825890064064726 0.45868476098320493 0.518474855559405 0.49225749757189824 0.5414942782931637 0.5351548168263781 0.48188315178777685 0.49323166116269607 0.5134790176470657 0.49585463909813277 0.500971997150471 0.5384543182206106 0.5767758965671967 0.5003889885050405
0.553650195157405 0.5545298785465711 0.5453244036559185 0.5024107474432112 0.5214974739862025 0.5319334489806395 0.5201532522178445 0.4823861674167051 0.5280338750914726 0.5263125077059224 0.4964973920188737 0.48823674266360706 0.478525495100542 0.48464206113731234 0.49668504457104257 0.5455449849004347 0.5509394311457241 0.511236461255771 0.43432276990372454 0.4109694633348153 0.3846237658926291 0.38520976677255103 0.3455639206291396 0.362220206224706 0.3876511820749129 0.38008058076996337 0.4494928296312878 0.46764411580577175 0.409765916101047 0.449794071959499 0.4949397828289077 0.5306116962315922 0.5482456737280745 0.5653035792031289 0.522674386276703 0.5660358101280757 0.5654878031379682 0.5555774361585014 0.5877554497717046 0.6021196303563575 0.5660361554397402 0.5743871484891024 0.5304392277848077
0.5150332019007061 0.5953063771678373 0.579626649611254 0.507377270868599 0.47107675702058877 0.5017831481249254 0.5115839032966424 0.5237309641195349 0.4680823817420612 0.45231249378076177 0.47208147745995543 0.5005514002852202 0.49068309233833257 0.4776444845486778 0.5319819591692884 0.502249476334794 0.5306401337585427 0.4574235317999507 0.41058078865172465 0.363069810373603 0.37640391864145406 0.3136914619291492 0.3628736302991162 0.4031379294341988 0.42219111453917746 0.39232003155930395 0.4344963796941459 0.44716528452938176 0.4582577343375311 0.44546848574175263 0.42706718951156775 0.4702999172617493 0.5190886923184056 0.5915522935651546 0.5527331879237546 0.5972965390930142 0.6343844264118172 0.6412292839800773 0.5920844960316993 0.6318496920896645 0.6397951715504718 0.6114734666929575 0.5351358877810685
0.5151797403846453 0.5194429942135235 0.5551723966150766 0.5704100390901878 0.5078447097496005 0.5169520855526469 0.4837960954560469 0.5113382584037665 0.5247921987985533 0.4559905613938365 0.4646244313698015 0.47482707532358703 0.513374748401845 0.5073630746667935 0.5084373402794635 0.5169193523931473 0.46883846181245314 0.4384832337026118 0.4194334600869582 0.38879626075944834 0.35549077753449176 0.3404954167649795 0.3301326597758786 0.3574053500872606 0.38205540356532103 0.375948454366208 0.35974073649170407 0.399665815663641 0.4273871597156263 0.4223219813512888 0.4484447938936296 0.47738813103683814 0.513166684415669 0.5552381136516872 0.6128829127642613 0.6361080076001888 0.631455438960098 0.6596300814437019 0.6214640576137167 0.6354882914999285 0.6158523826123795 0.6415951154696162 0.5992957989012994
0.5668690324357072 0.5295112521447657 0.5894921553940659 0.5631595387974098 0.5159589380194517 0.5050338058414643 0.5089412134880922 0.4919345298579217 0.5498511608304588 0.5166931572054584 0.5074084393164202 0.5210832306748799 0.5632829772459605 0.5167746061318498 0.5035968022945049 0.4563898942245645 0.4369827410356156 0.47458670796438385 0.38828113212342225 0.3679121331522837 0.33564538719618014 0.3168912442399808 0.3433670524004964 0.34083199618375465 0.33996728392324016 0.32319616543748536 0.3761593815276922 0.3898958237496937 0.37738819287381503 0.44894510648412483 0.4799367570296753 0.5236094241212841 0.5587308058658566 0.5955769867562869 0.6487765405005426 0.6687454345067398 0.6807827389574292 0.646264751853799 0.645872357505389 0.5763124481161073 0.578968071691521 0.5945284205807753 0.6339957816806442
0.5475156831916608 0.5709391684139199 0.5891424473251644 0.5819226478570139 0.5522155757262401 0.572081941985479 0.5634728399766731 0.5293185084077737 0.51635696140729 0.5328961983135702 0.4926580095572325 0.5055763823740488 0.5607777415664732 0.5171044983843912 0.5013468288754658 0.48618637493256645 0.46025335272678053 0.5105858032655365 0.4357067354092621 0.42711996560300586 0.38682226074062076 0.4037184420590449 0.41057333786448535 0.34860647984727267 0.37573233345133034 0.35247294107271593 0.39676974080273764 0.3979392008003353 0.38561874749705305 0.44852342592854255 0.44538171504586854 0.47061500781657467 0.5214763247169466 0.5807124203369461 0.6191586885561392 0.6058673363550555 0.6374554609926313 0.6592852210608517 0.6654846952608622 0.6097218080947261 0.6555461467100037 0.6202090531535843 0.620267506958355
0.6250240243093876 0.5788787065010992 0.5990030737147044 0.5308266504852943 0.5603238456622311 0.5860082232724207 0.5976890884818991 0.5679566613816965 0.5320692123062248 0.4857056473390975 0.5436382651358244 0.5381577941532252 0.5691930770515142 0.539800434446191 0.5274572284940404 0.4897180531031183 0.5463272958398074 0.5370541397837779 0.5153616949739191 0.4562037924649437 0.4591904200630507 0.47271733139344796 0.42069154605563314 0.4112673595607961 0.41538125947389615 0.4039427010423363 0.43371964478118014 0.3623571120063364 0.35727014549080033 0.39112263298350564 0.45292378137810824 0.5090237692570065 0.5657959267617091 0.5652240220563076 0.6135855282078773 0.6560982491702146 0.6606103615771386 0.7267664679686748 0.706640707315254 0.6942571756525407 0.6798931174537548 0.606045511112293 0.5957396177355841
0.63422889489217 0.5568802640227449 0.5649918303053726 0.5345342709513436 0.5878177659052177 0.5605948397412055 0.5376249145916981 0.50666454301758 0.542176785220669 0.543276747144164 0.556383649425162 0.6148438288517442 0.6140873115825155 0.569489987114737 0.5707048421959479 0.5049496682120896 0.5539083123141004 0.535401978345534 0.5362953310330513 0.48335171379561676 0.4803463980681792 0.5051158648263133 0.5120539399692348 0.4393931378261402 0.4747943310540424 0.4617177822033664 0.42788345730684485 0.3982768958371277 0.3882247823810347 0.42963234519399146 0.4728569013878972 0.5394764359573108 0.5374553360072991 0.5859002456389845 0.6235497265212476 0.6120202677495385 0.6799002041070192 0.6789302514315028 0.719880074865307 0.717551655298954 0.6412159811282427 0.6508585102904432 0.6384569331630454
0.6367066627277284 0.5293074415358746 0.5656323540098234 0.6130730205543727 0.570416887136567 0.5812179923386708 0.5396036449685735 0.4988017298997146 0.5401305111909068 0.5026587104386474 0.5190152088869758 0.6135795870694518 0.6721993744166271 0.6506545746201507 0.6315552942628517 0.5197535717458227 0.5183580735993385 0.5154730915179743 0.5075472574052041 0.5047499505338391 0.5103062096079455 0.5491788332616361 0.5432175852667797 0.5064583431646662 0.4813458071758875 0.44918121998610255 0.440746050414599 0.37997215130510226 0.42732637053962735 0.4311653672200551 0.45374242905335965 0.49971027753623765 0.5201333422689042 0.5277355461449194 0.5695109090549046 0.598435385343885 0.6460382432972747 0.6857707994148048 0.7009717231575554 0.7427572887044541 0.7086110737386018 0.679468768495757 0.6284382999186625
0.6199886077600216 0.6475783643163191 0.6325956277715566 0.6344614151458032 0.6271619233837487 0.5915329280384489 0.5907780064591001 0.5212768594585466 0.4968477962725435 0.5008585899788139 0.5453736281130951 0.5771054735206608 0.6721622006495771 0.6570622610140694 0.6293406434454535 0.6008613178675477 0.5041786564107851 0.490197410218057 0.49885026441930874 0.5053236777486825 0.5352285158894852 0.5085317912014622 0.5140546295629527 0.5354247294518136 0.5142573170809108 0.47235116961433055 0.4863618943300372 0.4362223197868831 0.48611954177412053 0.5219963683523919 0.48787345743270316 0.5068186289824932 0.5162697747262543 0.5548121216539346 0.5769634830970636 0.6460540838244313 0.6749874233450024 0.6543625638369818 0.6800945914106398 0.7380172932624447 0.6866352738583958 0.6730906305497975 0.6617368193129493
0.6407710012342491 0.6968261521001148 0.6252389610150173 0.5938995575365924 0.616630556817437 0.5909885361972562 0.6217991629487748 0.5686945350722142 0.5358543626094444 0.5336756108267945 0.5643121522722456 0.6136936487790539 0.6420225725589322 0.6836644415145753 0.6684357946841366 0.6150096929224107 0.5589793527366541 0.49391717242896843 0.4899441609171007 0.5101156613315435 0.5579344883941932 0.5231700578211006 0.5282927590832704 0.5148105957943903 0.5442434636321337 0.4925945345053267 0.48892627360777524 0.49619006822035283 0.5529625141940586 0.5440194099017989 0.517830492811646 0.5111420517586569 0.5567033546945636 0.5888571293293426 0.5971902831966427 0.6418936494496634 0.6344983387852388 0.6752131040697308 0.6689426604109946 0.6948733102963315 0.6752246167213949 0.7091636190267272 0.6401304397610119
0.6895667713725847 0.7096689902937579 0.6459797509104102 0.6305266070483043 0.5904459899590837 0.5865428424463032 0.6081269751630722 0.6307518889748237 0.5816030183117737 0.5527080922771819 0.5793107892904565 0.6678418653324645 0.6902022701819763 0.7151253995162002 0.6990974924928934 0.7069632804403977 0.6217822940593899 0.5865369264817182 0.5685100321532294 0.5212603227831869 0.5275816984344995 0.5396975926630178 0.5880657308276005 0.5283791497950334 0.5465984866860939 0.5675299978837395 0.5579897001203253 0.5560047462902868 0.5514073374354335 0.567992424608529 0.5229143752582993 0.515083525889677 0.5445208086828939 0.5489294500905677 0.6277012069586232 0.659555650765752 0.6209778733925981 0.6586556141087818 0.7110689109746341 0.6708141893611037 0.7154608363350827 0.7046006210018099 0.6959917518766844
0.6789758319931127 0.7006703471856742 0.6787378700733444 0.6215152196770171 0.6606261869020199 0.6083293897141756 0.614760913675547 0.610354558880415 0.5918353964446281 0.6004502565918247 0.6046628516605017 0.6488824531149932 0.7351003608410048 0.8107798704184139 0.7604886872968902 0.7536665850975989 0.6934694573352937 0.5735085568835108 0.5969783578077102 0.6035915151520362 0.5744953886849001 0.61061220851508 0.6220460168123235 0.5889346723247759 0.6040114421297771 0.6026054259423763 0.5750609748928223 0.5263130784789324 0.571309553070387 0.5420424425974262 0.5319592236860526 0.5550106106534368 0.6044535897028699 0.5410547920307958 0.6031702925217453 0.6751267517579772 0.6297956946880314 0.6515673048782784 0.7116140942565492 0.6995502898270961 0.7166321542630413 0.7487425997004244 0.7130747766524007
0.7271704915838718 0.7283467074039784 0.6945558054648356 0.667116647931665 0.6876492410576696 0.6283332881820709 0.6691664804490672 0.6660861147159189 0.664729580381538 0.6334162333403349 0.6327243294076528 0.6810119755005818 0.7247987997132096 0.7588005761458968 0.8049597150464545 0.7710955570147092 0.6817520262732979 0.6700335574077564 0.6852373273558532 0.6472331054708009 0.6790025706519192 0.617233602929575 0.5740907314532561 0.5800449505102478 0.6119112420959365 0.6069894433713326 0.6150344407126533 0.616438409190134 0.5631249909428532 0.5578617336637266 0.6348243819217952 0.6227955010443225 0.6317745662783166 0.6605193652838188 0.7059644125668171 0.709811438265968 0.6559106299597397 0.6947679020471828 0.7214910779324929 0.6843062370353581 0.7111576893745128 0.7575673558875015 0.7507457342078592
0.6877050925094254 0.6711300811353657 0.725462649694037 0.6932075156545678 0.685295564304807 0.6890129647267967 0.708566417490785 0.6463073901480376 0.6977250715793841 0.7100068652173055 0.6856581178258336 0.6882418801078694 0.6902569998252772 0.7461588792933472 0.7221914322270538 0.7725524698691579 0.7362131624570326 0.7315411339137872 0.6920543975627212 0.7076343552431098 0.6843892189197451 0.6591069673497393 0.6086960180712121 0.5771066388235411 0.6078087560998753 0.6414940023693094 0.6470162091922196 0.6778221025293492 0.6801147934227433 0.6482728801973691 0.664366420075724 0.6391267348466182 0.6707910661691654 0.6947825994290744 0.7375051363724701 0.7637410070048282 0.7314831312298792 0.6743701467577892 0.6874020532923161 0.7619597721320784 0.7163168218567806 0.7220186055374077 0.7637272413808208
0.7129812736580594 0.7265468317097611 0.7566768344384173 0.7786875507128839 0.7483007161043543 0.7774703894788657 0.7303338515672101 0.7252158860209872 0.7639848628662337 0.7304745966703149 0.7660371258999374 0.7301230270999044 0.7359477137625883 0.7019412792908812 0.7163229256364302 0.7729834269196831 0.7689595196863476 0.7330371578005667 0.7587448744705944 0.6858280524590695 0.6834930669812158 0.6782154687207821 0.6355619137226063 0.5892587247698094 0.6522085389997997 0.7008020559022564 0.7079434383119965 0.6992186372271798 0.718073590314371 0.7265260078069821 0.6954348113110375 0.718301857410992 0.7258926372217556 0.7857508566454577 0.7884841927798867 0.7771803059853206 0.7299623894094982 0.7133377438928721 0.7250837955073397 0.7572978533996149 0.7561450230026467 0.7549049206148183 0.7570906785217102
0.7163026241661571 0.7864645781943332 0.8181532043240147 0.8333047340420043 0.803519205012748 0.8268067297396566 0.8270983304383557 0.7921979745885994 0.7882274953144899 0.7929045780338854 0.767096967530179 0.7342586080238724 0.7850989895761764 0.7304670234995536 0.7785859326367437 0.7543730965807953 0.7358341933018635 0.7639426313881819 0.7240798232702376 0.6750647910077576 0.6595681061686836 0.6439686865942277 0.6985357715896242 0.6437991621695586 0.6759755720580659 0.709724793991969 0.747345928276511 0.748582687763908 0.7590021981079473 0.7985654865677164 0.8050518018174573 0.8176234220028258 0.8478446478434449 0.8696764312467001 0.7932120223663519 0.7792684335127072 0.7589735375899636 0.740506102346604 0.7682502101933327 0.7436231388912865 0.8116906996947603 0.8348243124060587 0.7799413428279017
0.7566545912598496 0.8005861199092865 0.7716175306910278 0.8347658651147531 0.8441042506148518 0.8317154877561465 0.8398401250468834 0.8233717275108731 0.8396095985692905 0.7837058862162816 0.815097051909209 0.8022483608454652 0.7907593111492057 0.7569265658622719 0.7763537128536974 0.7713488252782679 0.7532808630123885 0.7623684700103193 0.7684964487120338 0.7531529816629442 0.6697188812436995 0.6896420665261497 0.7136488060273979 0.6917088129063341 0.753784455978971 0.7789544789448338 0.7714939046669841 0.7527756746940394 0.8114567980885619 0.7642214144657149 0.7821417356621362 0.8307509785330199 0.8730283656038325 0.8691276823920115 0.845697942249435 0.806064945913991 0.7692191099434587 0.7678919092570976 0.750605450928102 0.7868800958882556 0.8108003268223875 0.8292103120854109 0.7973599946947992
0.7801608687655406 0.7918950002967682 0.8148019691689941 0.8166779586626519 0.8673043971622992 0.8136160757911217 0.850230480800083 0.8922245436189709 0.8718666228980755 0.841664808633034 0.8180978104285996 0.8450142990996314 0.8111676219343887 0.8200735325454622 0.7831051173523549 0.7641830490945222 0.7894506679037662 0.7689754766871345 0.8241450754273056 0.7773704373522954 0.7487170683485806 0.7335102898050572 0.7458787609150186 0.7703820573594196 0.7789379374459762 0.8756981099282543 0.8815853215592927 0.8365897568455954 0.8687033860256915 0.8218003915481558 0.8595031719196198 0.8321945318777657 0.9109552433065169 0.9149227286169541 0.8615013913257806 0.9170746587376484 0.810409911348249 0.7981793095955293 0.8378252883616777 0.8132137820493208 0.878879933954753 0.8511781967780401 0.8149837308790394
