Raster_benchmarking/continuous/raster-308.asc
NCOLS 100
NROWS 100
XLLCORNER 1743159.5060979114
YLLCORNER 5469290.923257868
CELLSIZE 10
NODATA_VALUE -9999
[rows 19 to 37 of 100, columns 43 to 85 of 100]
0.47687560823585484 0.508326991305907 0.5002870821545978 0.4917711046229227 0.5044659363107996 0.47939743349470193 0.47935743262491026 0.4374450551827563 0.4304877290540443 0.39692533122131923 0.3464361865414847 0.34910778218167615 0.3577670279230462 0.37130103728954555 0.3397000367841775 0.3378743483573941 0.3617168508032414 0.32803956438081083 0.37117802700821007 0.38369445947321734 0.38961233300571685 0.3854406249832631 0.3929281951599627 0.41061147633341516 0.4433950100594302 0.4438676532318904 0.46855896121275414 0.47405022512900774 0.4382940764310555 0.46076688333290905 0.4754678045403063 0.43813633904217303 0.40333895718028956 0.39951692905778385 0.4161157561768291 0.4623458638322016 0.46327915529266045 0.4958205263097308 0.5064981640189135 0.5107330690847677 0.5198968191343993 0.5098509934710962 0.49248574013155216
0.46385500528115897 0.5019714311588765 0.4855175135857565 0.47637359035158894 0.48838042548223454 0.5183876332151609 0.516837864222612 0.4889728054708929 0.4569049720417421 0.41671143162106744 0.3867155655096627 0.40649576256519804 0.405385317586369 0.3573420464605867 0.3692999680882055 0.3786521361623956 0.37757192982678284 0.33329292912164094 0.37977346642565957 0.3786138038730308 0.393819304036454 0.389053792716743 0.3912134292467974 0.4275437980960535 0.4339637985527512 0.48016829476088396 0.4949747752298289 0.4613367603407905 0.4560383556318073 0.46958547301472026 0.45092260992943173 0.4132583012106619 0.3959959613848948 0.4014170391760502 0.4118135576622534 0.45291441591161413 0.4838745982903462 0.49667227975770345 0.5016188720997596 0.5151987511418016 0.5218460997219827 0.5160168290157963 0.5318085921051451
0.4779452691699396 0.47263036190110724 0.46367593899544857 0.4991362870429252 0.5154328216346121 0.5156009626524333 0.5298988802359398 0.5087070071342706 0.48164225686360335 0.44212086415257673 0.4096596200201292 0.4255715842974716 0.40351555514312676 0.3793995989142672 0.38814060868963896 0.39306256576263326 0.3909221090513801 0.35852372926415166 0.33953843077463713 0.37700693881474534 0.388836028626202 0.3900109157766605 0.41721097489584674 0.4625085981261346 0.4732095588864968 0.49761012910355645 0.4920575118420849 0.49400439044583133 0.4731591807854401 0.44673625142331214 0.4591370095314731 0.41714403876218203 0.4222649496897212 0.43350892746654524 0.45341642473015903 0.48292052133967545 0.4963051168888978 0.510746401776984 0.5224526170623338 0.5294372184399643 0.5124332702706482 0.5183605889952082 0.550617700961852
0.511300615449293 0.46611423560155657 0.46158536839956466 0.4976779775591066 0.5320514190133012 0.5448222284716271 0.5169483685818134 0.5013880177215065 0.47574858850374235 0.4453280586662326 0.41846293364040665 0.40433346227127404 0.4451824934561359 0.44845779788740425 0.45071624611748906 0.4160542029847372 0.42915500976556337 0.39542464511545705 0.3683550066619982 0.34341677814922006 0.37334476536111627 0.4201505706793693 0.44571776111669437 0.44954171967257384 0.4605921969902926 0.49980304166489814 0.4633182127397367 0.45441733153648295 0.45363272711321534 0.4300507818838762 0.4233182505732099 0.4407800435181051 0.4514952444389071 0.46736194180936635 0.46665056326368476 0.44624359594144886 0.47536689867130416 0.5275254931261845 0.5021478255731133 0.4885559947743263 0.5230817272398395 0.5236310289672437 0.5252866654144095
0.5067187584150423 0.49771219728343447 0.4920519468028957 0.5444539432079318 0.555269112652528 0.5812831267173061 0.54986989008279 0.5005245802685807 0.47998076833865694 0.4652172113888349 0.42593854958007005 0.45281359927643106 0.4370447464392042 0.4463945227089947 0.453992650759247 0.4511989575798956 0.4399482127252255 0.3935048046053892 0.38453645152227783 0.38996883098435936 0.3758185199826807 0.41087537183485007 0.42419648139662436 0.44352209914505447 0.4553161079675663 0.4935167813665676 0.4800515919879779 0.46733314590699565 0.463124132449155 0.4378000339983067 0.4602249837592681 0.4553541658760455 0.4626013960370729 0.46097404616463317 0.44875026400413764 0.46044029512072954 0.5219882703782499 0.5481830106481468 0.5315794499382449 0.5291546204143772 0.5021410885512684 0.4998544828926137 0.5110460458242198
0.5300247261962341 0.5203057637735086 0.517224564834219 0.5363315614446932 0.585439387579121 0.5989607607222761 0.5614179452616064 0.5463503102034623 0.5249544443721574 0.48903280257242643 0.46225166158695546 0.461535256956592 0.49478424611287775 0.4899765233254432 0.45933965176096353 0.4801508055677642 0.44154986362191884 0.4196421327027103 0.3737950995449772 0.36054885619964294 0.38168568647492324 0.38922911519007924 0.4093639028305368 0.45037139582638774 0.4451516522092917 0.45749567963828885 0.4475326351487494 0.4867262714197755 0.46747924162527554 0.48525467058264427 0.48815514431180373 0.45768357024021833 0.4759416250380071 0.4537983987108746 0.48653001730443557 0.49801080363361816 0.5169432160853785 0.5449366097449992 0.5310070964287606 0.5167019877163777 0.5342997298420675 0.5168236555462778 0.5219892490575221
0.5759334213592691 0.5574439961755352 0.55765167999701 0.5468193011316612 0.6096320750895238 0.629306957484155 0.5885295006932851 0.5574759256342167 0.5214906851950626 0.4983317494081879 0.5001492677676304 0.4656958266199296 0.4990577939939029 0.4845407751185646 0.489192746424684 0.45614057685624426 0.44807009149357824 0.44049461109516075 0.42647699567039943 0.40115724044883744 0.36894568545665324 0.40217965143244616 0.4434886145218876 0.44637119703931655 0.4622055500401641 0.47425354415191434 0.44539482192563173 0.47914192574760717 0.4591402899949769 0.49170097911914346 0.4660235326790551 0.48171840179927067 0.44266972162874557 0.47423616628779897 0.4850453794065259 0.5168015346980813 0.5289293703595734 0.5201533006563183 0.5345763174414144 0.5526423270525378 0.542028420440451 0.524997406399095 0.5202100956877401
0.5989856284584559 0.5955850673512013 0.5703498757229502 0.5792279296909485 0.603036800679032 0.6289011137748843 0.5811773356258578 0.5926190504992336 0.5367329658491917 0.5443532342691985 0.49371644747388604 0.4822495376335778 0.46673495357940703 0.4958496167831939 0.48380881729367187 0.4351857021735608 0.44517101885269744 0.4390579509960152 0.4085391200707254 0.39173247460494975 0.39399745406587205 0.40218527422396533 0.4584989915555159 0.446649106812463 0.44343518488000466 0.4419814125756186 0.42429265707650043 0.43101234213568435 0.4435638564378018 0.46747253315533255 0.45860934379663926 0.4657372372306132 0.4431354183003437 0.44545531102413277 0.4931401058886278 0.5228984701393784 0.5344492442069183 0.5099621334499387 0.540986481567638 0.5824880137440319 0.5491591521659076 0.5605400644405802 0.5191675716451477
0.6046274354738758 0.6098506870354774 0.5956443093894017 0.6103530060152369 0.5992290530993226 0.58971112342015 0.581625938968241 0.5770082514886119 0.5556180358719398 0.536506973981709 0.507665352101588 0.48666372540264957 0.48337535164666584 0.4791115544975943 0.45309279810420977 0.4410442900495004 0.43264995893633856 0.4335265696329028 0.4178539514908819 0.4115278516423559 0.40642645247777687 0.4134938450902779 0.4463197651834955 0.44394664563629105 0.44004487669320075 0.4242905738658696 0.44065775238318733 0.44021536854782295 0.4467434466709883 0.4582518101014339 0.4695107477090348 0.48096909842289787 0.46182688763659785 0.44608746734398186 0.48656860338375524 0.4960900648213641 0.5307986489904631 0.5496896176586754 0.5310577853185152 0.545067602196018 0.5864403580741891 0.5608769457654113 0.5695738436086076
0.6145297182722985 0.5908229837486677 0.5701038479152162 0.5858655419327644 0.6043527616721597 0.6031175596283095 0.5808167219082827 0.5566029514667596 0.5585503885306774 0.5811371763679035 0.5221249532460777 0.5090507694406452 0.5191870283477177 0.4719998187478052 0.4535832151767094 0.45886550964041095 0.44731524622338636 0.4551399936456942 0.464496301355228 0.4545470647374951 0.443478614551003 0.41296281851105593 0.45967302811092214 0.44063016958832185 0.44941825144666436 0.46268869574467325 0.43826522679937774 0.4301910172613471 0.4641713183170693 0.4599482704402655 0.46039699636755926 0.4929410976986314 0.4973382516226488 0.48373071888704733 0.5084754996170769 0.5071781817474048 0.5002657508850863 0.5328988899136535 0.557888699466834 0.5322104373032054 0.5785565615510098 0.5793607324327751 0.5582444493874397
0.5913312841464615 0.5787861320157566 0.5912545951859204 0.5881121370428705 0.6152514239561389 0.6203629210508936 0.6055871238226134 0.5842852358883793 0.5800442007620302 0.6008954757371208 0.5646743376634064 0.5359193245858934 0.5306892169067268 0.5365521663153892 0.5079858010324252 0.4932031101110028 0.4600649830166632 0.47019626506277606 0.45512936957107575 0.4535617967594243 0.437219961010064 0.4474986245406615 0.4442282764137366 0.4591097274888437 0.4517900781874784 0.44332607312863104 0.4416713041012231 0.4340697271084164 0.45401382275602653 0.44605547341362234 0.4635013571064777 0.4758932561182661 0.48886888797286604 0.4851746662593762 0.5142973540822725 0.5245052871012322 0.5085891118458168 0.5329678061137924 0.552376305626099 0.5449681589066672 0.5678215803388399 0.5322660664847885 0.5311169204267844
0.591014078794531 0.6095166228848452 0.6078840465102902 0.5877243658003887 0.6121997045760658 0.6300313338393608 0.6007963671392147 0.5763501956938681 0.5666998657301167 0.585550800667936 0.5624345721184312 0.5510558849029508 0.5459507669914646 0.5446231717832482 0.5439491631165411 0.5131620320550838 0.5149101413900625 0.4907080699878307 0.4963840719807648 0.45083648904647633 0.4782708082457742 0.4831929744804484 0.4501349471972248 0.4523233085478001 0.45248007953842534 0.4652075691442483 0.46255726386618745 0.49030116386258965 0.4986073723859309 0.47679033530144993 0.45711647118592447 0.4729518143652465 0.49932144771435644 0.4785601577410809 0.4973270208993271 0.4993893062532806 0.5144036937107429 0.5612564753269166 0.5314159474264595 0.5568329071009853 0.5297568582265824 0.5349081203860395 0.5460049182628735
0.5919279198633826 0.5801637113170527 0.5881466863460588 0.6156554583677312 0.6310120428839091 0.6345028259001533 0.6316413002301516 0.6335843149184698 0.5882371552886952 0.5937326969250293 0.5822490480583735 0.5813721816194665 0.5760111942281225 0.5700741505650846 0.5507474369359269 0.5230775634261402 0.5095281363456805 0.5034879666801034 0.49830823284310394 0.49689624422930256 0.5184040161574828 0.535014922698172 0.5127365085270089 0.5100359423276523 0.491123606911522 0.5107602917542376 0.4976462794985656 0.48586553183218834 0.48116610713845376 0.48477521431200393 0.4999576258167735 0.5157096150750801 0.5468588499092416 0.5290657403958324 0.5422179616951105 0.5261126294677512 0.5258542517242248 0.5650332360073996 0.5299643807745356 0.5512085074590026 0.5413162248915331 0.507925411857166 0.5093916962635807
0.5646868821083245 0.552700203948758 0.5819457792117233 0.6464695443776031 0.6631323723434636 0.6939396946659305 0.6348246169125883 0.6435080593162268 0.611344516046274 0.5824079981016961 0.5889600231489422 0.6090723837612648 0.5869016697114079 0.5903560017654603 0.5573725211728342 0.5807945403879916 0.5363272397548277 0.4971737050398198 0.5210420031763683 0.5266405627921306 0.5481451459206819 0.5467093073214374 0.5183792013922589 0.5112284787554171 0.5030182482826511 0.5452842602442762 0.5327049750106533 0.56448300921151 0.527568946827759 0.4760272443205605 0.5155955257871618 0.5612494095646865 0.5578224661538208 0.5794605205764903 0.5523673945666746 0.578096530275792 0.5694055351549643 0.5478648326279998 0.5338024075873089 0.5248369324761684 0.5322817061277231 0.5218100586581801 0.5182501110784259
0.5826385465203167 0.5986746161224091 0.632613296598943 0.6203595761006387 0.6505573001333266 0.6675739299752521 0.6380184309624441 0.6166482948035539 0.6087210744006817 0.6175219585283871 0.6210766455506291 0.605482899350203 0.5989701308555678 0.5932925127441389 0.5673206208967341 0.5608915522011475 0.5707053795272446 0.5570252898072919 0.5598271959064982 0.5692627396583044 0.5619630926854116 0.5477806574878009 0.5593294322693041 0.5727522651159217 0.5515331903237177 0.5888879885417532 0.5851307870911852 0.5841727300012087 0.5419645826393086 0.5347166761547538 0.5472876716457707 0.5808416641036475 0.5722232305191717 0.581098998299989 0.588413289414746 0.5784229093465529 0.5880585117560411 0.5903493157985304 0.5717206719103223 0.5339292449410523 0.565040493621288 0.5256121227589567 0.531611045015549
0.6199636528156547 0.619762695753452 0.6099478649076128 0.647657701423594 0.626499480089399 0.6616016216774707 0.6125907617532843 0.6015162249564147 0.6481728074685676 0.6605035567362157 0.6500341120017521 0.6408042976894525 0.6187439144979276 0.59132112715191 0.5918687976980704 0.5938320905968112 0.5843695439280403 0.5843141113292295 0.6008288019287439 0.5908126766756155 0.5835289863679206 0.5703242660535414 0.591596237178267 0.5943599670803428 0.5972395431007538 0.6408998126426907 0.6213723737311861 0.6044904359553618 0.5692935185520731 0.581787117366813 0.5707677843370885 0.5984728205340777 0.6064618898664677 0.6391289370878596 0.611044638650763 0.6399771999074102 0.6241368051090582 0.6181959463218248 0.5919938461084711 0.5588172735998642 0.5948612623824399 0.5616652354330256 0.5800152027383113
0.6324935393099055 0.5994152149008024 0.6232014635753372 0.6441421694827068 0.6331287133890652 0.6346534880381731 0.6175449831872826 0.6178470130978713 0.640213577913682 0.6523530245058622 0.6738268566424794 0.6803264091824189 0.6280139732676959 0.6061791420661369 0.6341308710016993 0.5930640763437807 0.6063701767051576 0.6117659566231075 0.6139106451611136 0.5888955875544731 0.627651522238424 0.6499438187467884 0.6497147309108032 0.637296858292835 0.6421240743888381 0.6505287063449944 0.6190454383645206 0.6200173156167879 0.5956384101949975 0.5915338138732004 0.613569193317585 0.6176804861347279 0.5990871451842161 0.6076994703091589 0.6460576012443312 0.6451108365056865 0.6222698593663133 0.6311009806968065 0.5965163036591677 0.5812741917532128 0.605751748689263 0.6164045644886715 0.6443449904780828
0.6076354968820811 0.5982046724377825 0.5939645691957661 0.6312867272819093 0.6316570142690682 0.5851257882575456 0.5965208775847416 0.6219919649398924 0.6582016048590298 0.6611346943732415 0.6503628338632061 0.693077590940748 0.6633626737592885 0.6616843338660564 0.6608899554674258 0.618957407088687 0.6136455178430699 0.6684290176845393 0.6213144277446627 0.6202630849616467 0.6606194181502634 0.684176884377906 0.6707731201472089 0.6681352635869862 0.6713726739379718 0.66388489712272 0.6540867838482356 0.6586419626667731 0.6303898996165883 0.6300957949774106 0.6330759326622436 0.6137082776696243 0.6096764792700166 0.6420764195721554 0.6316120999418727 0.6295773723716418 0.6256703798679683 0.6404272817478144 0.6611858399451936 0.6589298776861736 0.6550420778984164 0.6825434607820635 0.6601122163123226
0.5922963095009597 0.584435572688342 0.5963373607201226 0.6339355742288146 0.6079930791836123 0.5976290788524389 0.6109498676898134 0.6289164295639453 0.6280854095699222 0.6535319671495426 0.667117404808517 0.6923780989846076 0.7269725548145776 0.7178945030135966 0.6947635010982726 0.6815745316312387 0.651262089046466 0.6586940927555599 0.6562522683646843 0.6663667713623298 0.688109873922842 0.7045661746681156 0.6672039529989993 0.635110248322188 0.6471959697851891 0.6360681913615642 0.6502111010870469 0.6768490796837429 0.6553925859326499 0.6431969147210526 0.6776450742175225 0.6868202500304974 0.6648193570347903 0.6534573767420421 0.672083315342993 0.6341663124586652 0.6456493247332098 0.6845196006650395 0.6811903269643304 0.7082555417868504 0.6927143218760319 0.7228366357668735 0.6932074641284552
