Raster_benchmarking/continuous/raster-160.asc
NCOLS 100
NROWS 100
XLLCORNER 1743164.2186135966
YLLCORNER 5469281.373860004
CELLSIZE 10
NODATA_VALUE -9999
[rows 57 to 75 of 100, columns 0 to 42 of 100]
0.3903554518186668 0.3741533882099174 0.35377933508191023 0.3592281248113196 0.35583334332940647 0.36063479317387204 0.3818580566627558 0.38815647297290473 0.3912381591325253 0.38083962173771835 0.3902376491444882 0.3968593954205548 0.4414767300173553 0.40163468348797393 0.41624811176723514 0.459500522211857 0.46583244418262787 0.4525603750537831 0.49946878389302685 0.5134601859376801 0.538004740463908 0.5683365184638859 0.5456936253855161 0.5251655069914302 0.5354489733876985 0.5002564265076833 0.48516785160851605 0.47006881597830485 0.4550951898595192 0.4545245899958365 0.4700923817585913 0.5095976575016696 0.5340431025268503 0.5546876788534773 0.5450260658313543 0.5702176018260975 0.6174530177632778 0.624902082203687 0.5789040137149801 0.6115061344727293 0.6674803398453716 0.6160809960970502 0.6201606980780952
0.38898600792478827 0.3470442330285703 0.3406740455345889 0.3314452666077405 0.3194448648253346 0.34634991667016535 0.351530784778398 0.3680902426979636 0.35554992990516504 0.35617295971359475 0.3995968647863899 0.4266131832855379 0.4472616028033986 0.41398205683118516 0.4152233411802184 0.44998262728576305 0.48029043801610527 0.4662424571089392 0.47245737517268327 0.5076902264746256 0.5426278442395054 0.5493422177929148 0.5317219910705284 0.5253524791969898 0.48742684191259117 0.5160696644342986 0.5117843816410776 0.45646448101941245 0.4486041087825563 0.46793597857669395 0.5091448940651535 0.5257488760578652 0.5275589354814575 0.5295038832854793 0.5905764554406083 0.6238509031387021 0.632962596961891 0.6291210105203578 0.6245050523878469 0.6524912749446763 0.6700172793820903 0.6569912122666332 0.6357324315863773
0.40476731963796203 0.3501803187539197 0.3489651854500613 0.3787754148456658 0.3387910977911028 0.4005428857791023 0.4207125616776691 0.3582346006147303 0.3413154796562603 0.3609340545852821 0.4109198952065833 0.3889681892590458 0.4314065856560781 0.4144757891481556 0.4729886448479621 0.4464771261951117 0.45141222924441715 0.48023884912450193 0.5226145884890419 0.5319275764578733 0.5382880236013684 0.544917863230931 0.5858459376393721 0.5531091404110569 0.48611886720236375 0.5127283882191069 0.4996448617187916 0.47282114820648635 0.48818661518655 0.5081980784300584 0.48646216374149437 0.5027105767020114 0.5111849877011388 0.5798856832101588 0.5937842392546456 0.6500179298940039 0.6808135614466128 0.6380096509936329 0.626198032098605 0.6570475583782626 0.6686326066407156 0.6451054249954782 0.6381818583265995
0.41636026589437714 0.38267143172244317 0.374496154721627 0.38200308351437945 0.373478532539535 0.39900292847292845 0.41110984835478404 0.41134631100905106 0.37712234083362206 0.3826852706844278 0.36865985943932716 0.39631899030297146 0.4187719944447232 0.4148148614836578 0.4584457387582477 0.4803053562082073 0.47930268422171624 0.5324331735743794 0.5677161684235927 0.573393997677088 0.5994555177366029 0.5655614153992476 0.5312928437236255 0.5518510921205704 0.5333307342038399 0.539091704307097 0.5420357382211322 0.5116126734794352 0.4745824109431869 0.486951662281678 0.4909141057185155 0.4960421792850003 0.5041601140734552 0.5764088691691328 0.6011463052223449 0.6654411847919361 0.6819921940847302 0.6485996883757946 0.6610421788754817 0.6315835484499099 0.6064979462402867 0.6158679788943412 0.586686315520631
0.40850349093937643 0.41380585469329 0.387911911435943 0.3810294460482382 0.42031225964871805 0.4278506140363902 0.4339591844381121 0.38299741674077453 0.3351329351222237 0.3597187903829496 0.3546368864183987 0.3759577287300695 0.36491515797320245 0.38565341502917155 0.43469902849320713 0.49914128482714887 0.5181362313204082 0.5343206715212216 0.5536897603036831 0.55826926903277 0.6226017134908193 0.5458865931152674 0.5251099303634651 0.4924599830099932 0.5116179339273642 0.5489128152253042 0.5460568738621155 0.5411747392105428 0.518152400996387 0.5133248191529832 0.565679585404233 0.5615320439028231 0.535514380746872 0.5818872050033658 0.6199176552986881 0.6688442575414308 0.7035463475515218 0.67346226234966 0.6613347594084038 0.6495748774843236 0.5906503314481899 0.5786471860201018 0.6068571496272205
0.3956291927894935 0.3779862975440203 0.3783853575618569 0.3733505025717048 0.3850619945001971 0.4100722507358942 0.4137978739264186 0.4016034675880366 0.4012893354559922 0.3963073004259595 0.3821353009056311 0.39613716864371684 0.3975922903548021 0.37854793473018505 0.4508300523976974 0.49873747859858586 0.5125874321087058 0.56058967387365 0.5235173093762345 0.5642983862895701 0.5331873987894691 0.5042764105200077 0.4752586338151316 0.47956413092327355 0.510739060917496 0.538092542596669 0.5218894905994874 0.5486250132537296 0.5241661816003583 0.5431856791537623 0.5982898032408869 0.5905799731541496 0.6068567557606042 0.6056199812624327 0.6650170100895927 0.6580845493556716 0.6890064639987431 0.6372502492826689 0.6241888182559994 0.6309847290142289 0.5716612004164826 0.6066235937796086 0.5870435333030513
0.3789593609215798 0.3976232840373843 0.3669581411584606 0.41961679506697863 0.4253500766299473 0.40977099846486165 0.4259967801450595 0.39266214515840225 0.38752645783794276 0.4223642641627629 0.4361806724259594 0.4002295814197437 0.3976931712108274 0.4075553209010085 0.4202877534468568 0.4811635028584802 0.5503088965436361 0.5327866844604293 0.5281691926892724 0.5450251197239975 0.49901858782477554 0.46782160369961495 0.48203762033373765 0.47599167773495754 0.4603573013011155 0.5008103503022427 0.5194378964932178 0.5546818970599786 0.5336488623135207 0.5701022750260328 0.6333818223944068 0.6335652277249476 0.6615175881986971 0.6478447545846079 0.6780037884046474 0.6871720758186662 0.6442609409629085 0.662985435953095 0.6364383170026379 0.6349399172986165 0.5691687287489767 0.5971285057646625 0.5948647698243162
0.42094611588975817 0.42030323580883705 0.3821784338153368 0.4068526078246546 0.4401204713564924 0.43879146242415284 0.3957120845141592 0.3880838331891887 0.3858576411928291 0.4118835523251989 0.4084940804401478 0.43772750896307855 0.42912856594449394 0.4306773813977943 0.45130773336805446 0.529244826335562 0.5168693692335204 0.5384507101487465 0.5108890817157977 0.49316486610688576 0.5150520815717038 0.48628820467591427 0.491164891161617 0.4576668185584866 0.5049405743563093 0.4956882530310523 0.5345578579548717 0.52878856920185 0.5775762507461818 0.6228499502925532 0.6224905073516561 0.6567230494945464 0.6777189274999569 0.6749898431525074 0.703923691380855 0.6780666837672029 0.6926642842399253 0.6569091405329022 0.6396198424931777 0.5909551598296907 0.6003651093291862 0.5892721540180913 0.5753398363277816
0.41934756828865866 0.4045699816563585 0.4371588532178367 0.40334518646113077 0.4095745608278468 0.43159170920514056 0.38128447836849394 0.3957886516445653 0.4298623282964464 0.4323662286656495 0.4299243186708274 0.46366304793766144 0.4382325372923989 0.45137672322118244 0.4917205044688634 0.5173901864215553 0.550974903868245 0.4989629046993241 0.5070123145702999 0.5147290948406922 0.4774819919624081 0.448882946674715 0.4358671011189805 0.47350638937189715 0.5079084353798463 0.5256149230492639 0.5205539641310221 0.556782365998867 0.6233546667378171 0.6499570749748228 0.6715019135915362 0.6583615878845657 0.6989777827639054 0.7267333284062327 0.7232420444542413 0.6841189070982386 0.6920961787712239 0.6354967464756358 0.6160490241295823 0.6109480033577211 0.636089975603616 0.6318331464304419 0.5571023248081903
0.36763307033539394 0.3804297888300572 0.4118548389988621 0.4547298499438099 0.42475231215895426 0.4108593902131038 0.39771511098931445 0.4206335700543563 0.44114446466694124 0.44304711269510905 0.47589795576349236 0.4366955436267205 0.45376405124049596 0.4515584519463964 0.4801167678189762 0.47712480488757986 0.49949672942157447 0.49493161756134757 0.5077947590710381 0.5139062828744487 0.49232370680588766 0.49126338620242316 0.446273575830248 0.48998515215541677 0.5070518702320176 0.525065470778089 0.5509907378107115 0.6204056541641836 0.6471916839449856 0.6843077274898843 0.6757825926825868 0.6838545702468901 0.732217712594351 0.7137922520427451 0.712498544354397 0.689732531569751 0.6686734819378576 0.6546251854020302 0.6554344650929309 0.6811306534638782 0.6449043240005297 0.6433253365300068 0.572048094671222
0.34166478834092623 0.3572144450530565 0.39766031959218345 0.4514546935013346 0.4807073744654879 0.42727533920641225 0.45278833042876926 0.49340677551054685 0.4984290097590075 0.47881531679090067 0.5011417003206948 0.4454217400668083 0.4405366438777839 0.44566008228860554 0.4533524820619321 0.4639770872443857 0.43767980665951284 0.4718649444070436 0.4506194135768578 0.47214800702584125 0.5119451007816597 0.5005482622471594 0.4641528445856899 0.5235605511682534 0.5244562984887506 0.5998469691332967 0.6226029241129122 0.6405425873110809 0.690547633671942 0.7039069496417261 0.6911319033622171 0.7202577936988835 0.7463923018849502 0.7040997950555791 0.7329984259323571 0.7143294913675861 0.7188769948819769 0.6729797466736308 0.6747827512615846 0.676597330388357 0.6917007091188986 0.6638920349920923 0.6268583286548528
0.3228752592044526 0.3585459714068889 0.3975883874019824 0.43733940925063464 0.48672183797010643 0.4692121256172896 0.4893808261537031 0.4966514568036992 0.5220682816795649 0.483636985023471 0.4900303924701714 0.4645657497100383 0.4728373191313579 0.4261404369539339 0.45851285583697293 0.4474271299944417 0.42527050189126187 0.4271137376460493 0.4583665135592084 0.47365570076759794 0.5029805996242999 0.4863621227869698 0.4756239071209314 0.5007279046898918 0.5804663845954516 0.6144361522463074 0.6496262136578556 0.6530985959403026 0.7098735061843925 0.7049324852315028 0.7365281272118164 0.7160710797305712 0.7380298261208651 0.7354145901458441 0.7153922382193931 0.7453248652597823 0.7176860787708116 0.7433340225032735 0.7070828764103387 0.7167303021976772 0.738859228046037 0.7037394373505658 0.6679131118595788
0.3397517765456472 0.40877360488725006 0.4264304798732636 0.46694541900262343 0.4811946472520748 0.5020216343285253 0.5128826819963723 0.5099081335631125 0.5159425061079594 0.5034074117920708 0.5306277327722997 0.4924223853586264 0.47385598244713784 0.46907010588656406 0.4487172851839534 0.42300170256484537 0.4441893288877067 0.4243041811374261 0.4694618191793109 0.46998932893313317 0.47515116612859265 0.47028733258194755 0.5069327413478227 0.5189451987901503 0.5885636569038363 0.646275618941351 0.6879761079173894 0.6952417273604077 0.7260483772582353 0.7171347322282452 0.7202391998341169 0.7106361446116917 0.6785032704251895 0.730915045785083 0.7461817535329621 0.7654636940605448 0.7504933530035306 0.7214220382780286 0.7247418896852047 0.7647420235483591 0.763025750683922 0.7359052005065955 0.6601531140053853
0.39419345953123713 0.40893822743703534 0.42937124696901174 0.4398204556566453 0.4703071029989263 0.4695164109755476 0.4840794886457035 0.4732912356289453 0.504077192374069 0.49813133586991226 0.5363466276559189 0.49785717586435396 0.47802257221607214 0.45462531735160333 0.4809953240209862 0.463797559762717 0.44689887088836244 0.4549799707160671 0.47127657276300383 0.49706367281986186 0.5025628606468412 0.5022405639160171 0.5006612621219556 0.5374498861334023 0.6092874896580822 0.6461726484921826 0.6955730927375265 0.7046811038044769 0.665702093325458 0.6825214884478595 0.7152092670308221 0.6951430601065128 0.6719862278265533 0.7266501079080858 0.7419002911587601 0.7214980230236085 0.7487541104585513 0.7695227988734171 0.7743681199776915 0.7398514417609671 0.7315833355584361 0.7045726372063323 0.7070184098573244
0.37415906684682304 0.3897587048303415 0.40019287176788704 0.4206883737437898 0.44451202304737386 0.4735891056364985 0.45248970818503226 0.486200003576118 0.48401834283760714 0.4803869840213664 0.5069567665188546 0.49017861103076404 0.5018952323907486 0.45668975773957765 0.4843224268172836 0.5086299902822397 0.4647288819911084 0.4723526322220304 0.46200520004515633 0.4925434394742889 0.5065153453148541 0.5099880162235823 0.4924454387429828 0.5386634195577354 0.5786013729963154 0.6476024532196255 0.6709287259265663 0.6509126738120095 0.6514251956043241 0.6406169847816526 0.6616136417111294 0.6865645763321176 0.6615230641892882 0.6968193184107522 0.7199345463197425 0.7049859642207985 0.7371322280345698 0.7481520187383293 0.787536645381448 0.7532237898597796 0.7256545942216395 0.6931930027389945 0.7058432336605672
0.37873109361838453 0.39195709475883705 0.4342594713842216 0.4323703135745575 0.4603395541625579 0.45786104102265324 0.4558161933993846 0.43242937608191967 0.44762416569625474 0.4675900334360247 0.49323771525969595 0.4897952422774544 0.4806633677640608 0.4938726858815777 0.49678840286766957 0.5068190826471258 0.46245201416691084 0.4693394310909943 0.48147119509808184 0.46129094108648755 0.5040937460846892 0.4965207140884789 0.506069825917781 0.5200370294137819 0.5624959009198689 0.6016086662462728 0.6614918127525953 0.6456499492852494 0.6567454726750949 0.6540754094234673 0.633334807350595 0.6582339952605906 0.6899482757172253 0.7181215829515205 0.7200730141889614 0.73166863426094 0.7464219154831987 0.7722729602592197 0.7606677385640365 0.7806392349668829 0.7693095435733707 0.7194976472474012 0.7276412487207353
0.42525761232512577 0.4213676031757976 0.4584621263906165 0.45773079413014556 0.4744627223379743 0.48394406130758144 0.48792598119288155 0.46406354418896145 0.41708940707486 0.43945011762474656 0.4243551972979507 0.44416921513179386 0.4802339060962691 0.4695446967459443 0.45481713157762055 0.5086470223643343 0.513353884244082 0.5015462842329618 0.4582056416016526 0.47340098236499495 0.4685409171019724 0.5170507460547957 0.5072769295064672 0.5840140108688651 0.6114669007442174 0.6429586375182947 0.659670619660743 0.6521103835381917 0.6161775710683051 0.6390671290476515 0.6698102984950358 0.7009865207626499 0.6864949368543274 0.723981551861159 0.7253323161512336 0.716476969729585 0.7663579173641847 0.7956094191533295 0.8104529801667109 0.781024128121866 0.7580972115421243 0.7442942638018819 0.7016671175640329
0.4215532610244869 0.38824446275530666 0.41349649580542597 0.42839584689867866 0.4445479295245249 0.4701105648133332 0.4667357904435659 0.44337807523384454 0.4296588290213712 0.41334425232596766 0.43178469471780345 0.4819086903227861 0.5088458712330763 0.4851357898731762 0.4664121936106151 0.48293058202140177 0.4849105626216902 0.4960986548291553 0.47397749116513344 0.4725127612542041 0.4767631433526522 0.525892695971981 0.5532132096808791 0.6030266923752731 0.6381555034205622 0.6369264892407763 0.6569927413351653 0.6700474032305449 0.6336639791296534 0.6590756312737921 0.6565595657852533 0.6952647417922376 0.6831118340056533 0.7045794493302638 0.7035716732907178 0.730481195240528 0.7206353592404608 0.7469889978233817 0.7459565416699376 0.7580804578508507 0.7973487480646281 0.7665049736908215 0.6948321467042018
0.41471870618639406 0.3632717156139594 0.36389841503966697 0.4001232333968789 0.42700148837138113 0.46284418171280317 0.43488666301552864 0.3882561679251392 0.37885999430103523 0.446582365079746 0.47464661011524106 0.509105982797767 0.5354301237904885 0.5228339676038676 0.5193502491064845 0.45966557396646246 0.4632955367384251 0.45622077743079525 0.47085549944534016 0.5079112122423284 0.5311249453540209 0.5606237791798409 0.5774416956964263 0.6355163323467659 0.6593759859105487 0.6325946921588571 0.6778715475692406 0.668074008296777 0.6625738914734849 0.678065504467199 0.7072072470020854 0.7286281270220795 0.7484438634463051 0.6990148475906328 0.7001901736478424 0.7148657814056687 0.7153301169491921 0.7398078061962049 0.7640099075418542 0.7539593428601189 0.8033526208902366 0.7340400071255261 0.698295780303845
