Raster_benchmarking/continuous/raster-146.asc
NCOLS 100
NROWS 100
XLLCORNER 1743153.890342241
YLLCORNER 5469278.266081982
CELLSIZE 10
NODATA_VALUE -9999
[rows 76 to 94 of 100, columns 43 to 85 of 100]
0.7348813875454283 0.7740246754192581 0.7891040735506798 0.7913414237484523 0.809139877568305 0.8162373972003449 0.8399132507964505 0.8349294615555198 0.8270161358829184 0.8613955175250858 0.8313591727031291 0.8238957274644352 0.8359485009592542 0.8337568155349737 0.8088886991577247 0.7882478858567374 0.790493953540396 0.8379488976173649 0.8627783853530282 0.9215796654335349 0.8910674593975247 0.864963721829169 0.8598842331216298 0.8478440154144457 0.8437777254797616 0.8590326935436502 0.8436889519010209 0.8991498409610083 0.8892119941132455 0.8630803973259064 0.8574653938516672 0.8547278216176262 0.8302379956577468 0.812809692755958 0.8093660471337086 0.8031013781567286 0.8303447955643286 0.8557208640900065 0.8135401067494694 0.7890713083140697 0.7317010971692884 0.6648312914639115 0.616444114419074
0.7356883481638272 0.7693873678345475 0.7910158402592591 0.82939853544109 0.8303696202092555 0.826468324598538 0.8095381806595386 0.8298456758174777 0.8504955169698865 0.886522060744997 0.8667807819942593 0.8466222863086142 0.8500610189161923 0.8206848804159306 0.8106089394984581 0.8162566651865781 0.8120329843361221 0.7992063554142294 0.8671027867190775 0.9049698940280769 0.8917521119741327 0.8781095931341244 0.8834550060546641 0.8717117361686177 0.8612763735564115 0.8219878573322134 0.8759470252564787 0.8754725451156966 0.8848016718336527 0.8828273986226333 0.8654737655300495 0.8260370590266543 0.8642991255945247 0.8572012123555137 0.8406193749239297 0.8011662738716626 0.8056430877879118 0.8363456020354041 0.8267722132341425 0.7660915863111216 0.7278074062194578 0.6574230791361807 0.6510659587725904
0.7356861797454076 0.755181487584734 0.7779917832261355 0.804014660960046 0.8474371068401241 0.8627321674158703 0.8442269965841172 0.8419790278784275 0.8002596866582407 0.8432414514931306 0.8624405675133725 0.8327533449124069 0.8257599950779445 0.8309621597197361 0.7987451357204028 0.7940964268309377 0.8349378614268458 0.8382928292151628 0.8142134181291828 0.85961550052261 0.8721694886093613 0.8698159313477076 0.842641896880928 0.8465433965426239 0.8239495833540753 0.8226970030139461 0.8702709970542543 0.8538961118069089 0.8622613245922714 0.8655341534378236 0.8798338690439619 0.8395578541955431 0.8646174026656047 0.8718319176265218 0.8627345274458892 0.8582153643476021 0.8142936822277962 0.8167556118558673 0.7806550982235391 0.76719527797768 0.6995901323579286 0.6843661855248633 0.6226599113151357
0.6990976157975685 0.7194260321738508 0.7608800656730973 0.7855414695890733 0.8315099059210409 0.8426553950170657 0.7985674408678068 0.7994828824728337 0.8001842028312165 0.7849192544853425 0.8452757120850684 0.8408932265306224 0.8508880572905352 0.8539860332792674 0.8241162890694359 0.8225934265819831 0.8329960329494989 0.8138689377146857 0.835563023156494 0.8056625229264566 0.82670612292937 0.8560848304553411 0.8792520252503141 0.8376293853363868 0.8266864004535127 0.8336072244147925 0.84141606366354 0.9141801810803244 0.9100144909745144 0.8903341959208608 0.901571970053388 0.8745774150102208 0.8978738288942811 0.9083052766062325 0.8586321967834399 0.8918661546786533 0.8386990336777366 0.7784274079299702 0.7634234159230449 0.7407453323375791 0.6595199673941126 0.6506344910183317 0.6483681752612729
0.7099064056279486 0.770510702831638 0.7943408950307751 0.8271073839007971 0.8177359772732434 0.8125035160226635 0.8129796084371217 0.7945639251112883 0.8082068379533112 0.7947439276771 0.8387477758448142 0.8348930696243193 0.8259480746291492 0.8099492556325021 0.78457622497288 0.7793134317188722 0.8305056867303038 0.8394711486605139 0.8453679541923208 0.8518633347465564 0.815889548428056 0.8220508265813214 0.8709946350808189 0.8703534678161677 0.8476178741413062 0.8520029706286194 0.8493131560233612 0.869734847444036 0.8668146013270325 0.8690234168341979 0.887800482129396 0.9086732158649473 0.8652090366632754 0.8555907362848241 0.8704274646460224 0.8544480491351478 0.8028372819309602 0.797150409796756 0.7557352354169248 0.713636410914962 0.642282998816728 0.6468056173096584 0.6136262115030441
0.7107633690848949 0.7749560428545177 0.8008729726481388 0.8362894255867823 0.828987277383957 0.86141855139687 0.8609249489262785 0.84529370838526 0.8557260296423793 0.8073427156838113 0.8201490497167021 0.8165427398834695 0.8356656793962517 0.7985980174675362 0.7606235324263445 0.7731866330287126 0.7956966871129314 0.8524401617635615 0.859364128099928 0.8398882041134963 0.8171186657493068 0.8004605842410215 0.8733976530429761 0.8821004791427182 0.872159158085241 0.8490071330085818 0.8503630611237427 0.8644799991082299 0.8978314014306925 0.8858108521696642 0.9006312600788494 0.8886137672828478 0.8949960072855734 0.852273864945487 0.8611791989022833 0.8098772825313425 0.8183357779102868 0.7923044726485062 0.7413754384535532 0.6766398391172457 0.6411840969078892 0.591030922525126 0.5842089357964936
0.7322793109740193 0.7998891387398195 0.8466871599776697 0.8709285356659855 0.8903788720069011 0.8816609024111841 0.8788748692114323 0.8650785484366506 0.8546266969882204 0.846663469897888 0.8343248469551005 0.8193643993074631 0.8335121690485354 0.798320737732093 0.7728926797495013 0.7796765218972327 0.8238446045705808 0.858374467245667 0.863853671374244 0.8838527922951068 0.8811045737401403 0.85150186567294 0.8476271973143552 0.8788392286459956 0.8445793768177797 0.8431192382704219 0.853986215187849 0.8396894852759017 0.8834206310045543 0.8898520335492717 0.8874766359926456 0.8919125577582452 0.8605959823244177 0.8748377526321129 0.859879491525519 0.8569601722555923 0.8021749613096354 0.7971892636472314 0.7354775543554005 0.6672898925440467 0.6004726632074326 0.5786505466376396 0.6040500507240182
0.7459694899184287 0.7879818696745602 0.8222486558032632 0.9122018704002834 0.8751446777948383 0.8319314335877729 0.8616150832730558 0.8918364060494748 0.8619919689842594 0.8677414395474342 0.8485439618890545 0.7784668403317713 0.8371141901893726 0.8218526690673682 0.7840242846412536 0.7752438437607698 0.8475214926954187 0.8379712659861559 0.8392276938876545 0.9060476029754332 0.8885027886310128 0.8957007300800951 0.8918986987371101 0.8459611376488623 0.8424355442363182 0.8562472116193232 0.8239398889089123 0.8205605769853029 0.8579827746893288 0.878823501394274 0.8952826928086701 0.9124687923922925 0.9203700671710751 0.9088851152337346 0.8438799606236689 0.8460397387154547 0.7980716210933347 0.742595653099294 0.7395702834023693 0.6449582149775615 0.6311892785269732 0.6045718590472429 0.5602849309207738
0.7836125183367542 0.7902414832569181 0.8568712619418212 0.8725782615393793 0.8699913085597373 0.8545415376643614 0.8483599763823716 0.8338126062671141 0.8342837708876629 0.8169944887959084 0.822372007014366 0.8156642046330328 0.7986972146918802 0.8337793926824046 0.846678216596568 0.8306924904860772 0.8583484368989206 0.8760186768405315 0.8646598853769234 0.8663591186403581 0.9166513118445756 0.9376820158790813 0.8917744665444876 0.9087868645426147 0.8784271212890177 0.8907121176526304 0.8660369470203299 0.8717047339015489 0.8537101972734085 0.8591331454438982 0.8842727666043095 0.8673916883513192 0.8938889502729485 0.8773854798751156 0.8442092859525274 0.8279530915804658 0.7533836823426271 0.749012929002653 0.7201030144427901 0.6354512107601593 0.6074482458601246 0.5714531499161989 0.5461595040682783
0.7870141942692621 0.8115871677092482 0.8391452861623244 0.9061265284993938 0.8595063732649477 0.8492850882864954 0.8491258760438681 0.8281150449212085 0.8137047408841244 0.8235540897223346 0.8344472336386728 0.8049043784866875 0.8472985427957779 0.8604325034862528 0.8754620510865869 0.8485126636018113 0.862563738103464 0.8973892951119962 0.8706622435605701 0.8692823189716503 0.8862320024664202 0.9349845171134513 0.9051849631600314 0.921643306380474 0.9255853731170935 0.9086128800933597 0.8968009769249574 0.8545234131036559 0.877208010208385 0.8402382524601871 0.831765661413962 0.845589507690757 0.8480129804974067 0.8423504789387275 0.8174177101139407 0.759046231662172 0.7771173279759211 0.7589878782490338 0.7158100000207261 0.6847716755850548 0.611455373457915 0.5816578861653284 0.5236043106596532
0.8124614750435246 0.8263690880608481 0.8768373699945358 0.8461700901575206 0.8414378653799719 0.8591659218135553 0.8171064769173518 0.7938866035888547 0.809909901973417 0.839629137251331 0.833823918419395 0.8326742947487737 0.839238597847862 0.8681675746815225 0.8896616775954823 0.8865466167717766 0.9319023937975184 0.9598957705392948 0.9295677098052902 0.9113009157723895 0.8864326358093987 0.8797513218399593 0.906234176693082 0.892925025322804 0.9075017690721475 0.8641343436262335 0.8698928857653526 0.8524695184879771 0.882046839866694 0.8904810426094206 0.8739160445118425 0.879418822462729 0.847408918471113 0.815020344434485 0.7612935211541714 0.7587839137019678 0.7410901244718654 0.735854609707296 0.73070552512536 0.7177249172983372 0.6411122150525755 0.576567742285093 0.5462945599507983
0.8536999519379698 0.8467086778587558 0.8655294565412648 0.8507951523864545 0.8349246801530994 0.8655156394371598 0.855954798449131 0.8141642544541178 0.8499910266429368 0.8779529274817651 0.9017142516183587 0.9047655782459624 0.9042653532510733 0.8837515196852715 0.8784921644407271 0.903074118205877 0.9466223434512322 0.962147857547988 0.954092384980266 0.9075022921944983 0.9270460575579988 0.8977019594089443 0.9000123031827268 0.9474998355824563 0.8849421400547938 0.8870152661262335 0.853652453438178 0.882202203926573 0.8706558547431855 0.9049706063860546 0.8403317594053333 0.8372981936703423 0.8517799059611879 0.7779195296786975 0.7469270280897421 0.7020502715256364 0.741802226331387 0.7169757006532154 0.7224456265836493 0.6944161508704538 0.6184488828771844 0.5326903458345702 0.49919906009189546
0.8631933848558337 0.8801425761269114 0.8450291133909478 0.8655334064912691 0.8493577071601832 0.8380862907998828 0.8600926170168978 0.8624451501585032 0.8696448380013478 0.8608406081229105 0.8695884181805453 0.8712146714610299 0.9201938837539744 0.8834859029761819 0.8569138143875303 0.9201867555596054 0.9373787065525799 0.9218217676168937 0.929034450884534 0.8900652239812954 0.9210972101004455 0.9340009243341639 0.9332914451563863 0.89602851720828 0.8832469273692846 0.883152901851745 0.8312660285804485 0.8762743785803742 0.8778170583787167 0.8795459048089783 0.8484390417645451 0.8057718396279169 0.8313465096707113 0.7873938141657773 0.7325038823624515 0.6780204336372183 0.706229599591313 0.7170638715251922 0.683498919799202 0.6638693377762763 0.5958413491701414 0.5418920386795214 0.4767995674142391
0.8552859838664335 0.8645406243920306 0.8675943315952824 0.8791587703666012 0.8713349912955506 0.8883689438228112 0.8804027512121848 0.883880527143969 0.8890922235669826 0.8320011674745577 0.8480424377839961 0.8962962581721756 0.8784972560896924 0.8982158098978824 0.8969388074309974 0.8615841213642482 0.9370345230881408 0.9387429018257158 0.9207995403576333 0.8935945128013355 0.9153241623351734 0.9007580440429158 0.8833026498169234 0.8698330749784572 0.8707508294985541 0.8395758220770777 0.8128749435201537 0.8353876256053163 0.8725989737603657 0.9160506956038885 0.8787648180749954 0.8223390955410592 0.7838444891748931 0.7740641439810051 0.7380115306216078 0.6843090302642929 0.6832374268115822 0.644466261018651 0.6012410309310017 0.5739070172832006 0.5344938012949434 0.5144843553361649 0.45531638320078544
0.8246181109443345 0.8631349260727919 0.9226222132660056 0.9000246349018838 0.9164097858510611 0.9308447294871812 0.9152949898787905 0.9083567546708131 0.9130982927772476 0.9080350376848437 0.8810178499666333 0.8565643047095994 0.8938130284742928 0.8755180941076703 0.8627367408219219 0.8738140533141132 0.9104340867976601 0.9058313147491791 0.885820974509708 0.9065044509609992 0.8809804303324364 0.8458614737818607 0.8466186502201805 0.8358657053141703 0.8431856530855942 0.8670909054578968 0.850034017649489 0.8905815604283199 0.8848315827016908 0.8885664037071739 0.8820834433670277 0.8706707853161801 0.8204249197890878 0.8018222737441535 0.7544045243055458 0.7104640380256623 0.679443300181309 0.6424555511509222 0.5817097116431821 0.5626631070328159 0.5655150357702899 0.5027130572613363 0.44973034170862164
0.8110125285077275 0.9044256121987359 0.951325347521282 0.9587571553965774 0.9216310693172804 0.9379476406948782 0.947906125499656 0.9260371802798791 0.9303680458564699 0.9037701058704347 0.9043418097236308 0.8605984562750194 0.8711232597322613 0.8867530172005252 0.8756764178795401 0.8981825934773687 0.9062318608340761 0.8574586977614432 0.8530650828288496 0.8562675361599782 0.8538360375716566 0.8355937648855537 0.8409781950382011 0.8438430560620204 0.86028146571707 0.9036179147607276 0.8582513653667876 0.8888581310062968 0.9023897489737016 0.8833228546661861 0.8496994122527979 0.8562341629256494 0.7893647422817942 0.7637590113537713 0.7419293711894076 0.6997610256024689 0.6715033902393078 0.6090435218421589 0.5743528119001593 0.5771235016068534 0.5249020274854423 0.48068262691156094 0.44220309189378254
0.7927174375373329 0.8442087704122913 0.9177734624585574 0.9241790993063457 0.9510791195831244 0.9447740697030129 0.9439555966844814 0.9336086145513844 0.8943656592601551 0.8653960734387673 0.8767113403575971 0.8977647426487645 0.887347509686359 0.882685805075688 0.8819527411117348 0.8495736119816211 0.8645853710400638 0.8467903293704739 0.8842348258537629 0.8679055989997085 0.8412940975981508 0.8496738631361141 0.8695369523925669 0.88257609853704 0.8664429828159161 0.8833603282397842 0.8509142729526555 0.8865267172562652 0.8491762973660801 0.8136065184080755 0.8218093144557582 0.7944930552580098 0.756011553780291 0.7567080450468071 0.7358754787794279 0.7162079919873303 0.6562995150743138 0.5828380891124187 0.5828359771914301 0.5350543430245521 0.5115579774911705 0.45976757908683386 0.4754789988961985
0.7788556062466538 0.865357932885128 0.9029737236195572 0.9454568872231464 0.9384375401056853 0.9928704817000706 0.9419944647113031 0.9113106671459392 0.9034280434301346 0.8650850823093412 0.847841453144065 0.8661783021618764 0.8674230127130363 0.9289181085952463 0.8519141824406516 0.8415757101790783 0.8634278177012065 0.8344629645873397 0.8918473855437827 0.89205850753239 0.8770332838727734 0.8446450030985523 0.8808731166923683 0.8653057054654784 0.8512269125810741 0.8602053043509564 0.8823596822901861 0.8449282662149609 0.8065390609757869 0.8133906911558338 0.7702147074054319 0.7614790680202373 0.7238210322152816 0.7287267473347998 0.7406688186546023 0.6813708153348412 0.6199179031002512 0.5601142774070834 0.5644951387260128 0.5570393953046672 0.5265248951998903 0.4595234600364588 0.4455009407298854
0.8080535776517391 0.8568370434660961 0.9061414754147282 0.9412485931787979 0.9629225393437061 0.936208981097593 0.9607969116075925 0.9260778281986446 0.9367109340803847 0.9308140586928618 0.8922579637819171 0.89140621298479 0.9023375634309363 0.8738482307759868 0.8653957635900381 0.8921098506599736 0.8813263502870299 0.8459100761880646 0.8559781377396475 0.8703802785265649 0.8384736852844934 0.8654463605905043 0.8774177094141581 0.8879117004393849 0.8815308778781094 0.8574342417045607 0.8795568665343041 0.8438084850065853 0.7961657345062879 0.7661393094202742 0.744359168901873 0.718512421200823 0.7091103691514757 0.7182413024443335 0.7128536823911581 0.6988383646070736 0.6204534310476949 0.5510485097622402 0.561009980611789 0.5277311717800905 0.4933421705048099 0.467536390098086 0.4544539167676164
