Raster_benchmarking/continuous/raster-384.asc
NCOLS 100
NROWS 100
XLLCORNER 1743156.0964159155
YLLCORNER 5469288.615788278
CELLSIZE 10
NODATA_VALUE -9999
[rows 19 to 37 of 100, columns 0 to 42 of 100]
0.7629625932692461 0.7345526300060039 0.7304844242450288 0.7310030808218609 0.696333074943205 0.6823056105940748 0.7090978540452666 0.7059327501887726 0.7203687315141395 0.6813067682509819 0.6846516087194799 0.6834715110766184 0.6915921012383552 0.7078223502461184 0.6787859623481494 0.6756911695473548 0.6759266857221263 0.6478514536036495 0.6505615846474866 0.6702183447651933 0.6949262107980629 0.682738561784746 0.6706412915286588 0.660137512061814 0.6349050205507343 0.5854943136712621 0.5863307171687944 0.5668354273952358 0.5904601977951981 0.6116622078659258 0.6137875003487524 0.5976578390543236 0.63245365770591 0.636804991560187 0.6273824714239037 0.6140474347391409 0.6100905718040739 0.6086224783217625 0.6116690105311892 0.5977413165092363 0.59133054567227 0.6138674440114703 0.5865519365221817
0.7600151339895346 0.7701587136439308 0.7404082300020084 0.7560153761081972 0.7394961119391145 0.6988351829528805 0.7231806175831456 0.7233219366505259 0.7065303109258797 0.6800303069940825 0.6717099611376782 0.6856661684063852 0.707059339871294 0.6871500214765464 0.6754939272124985 0.6657364214698603 0.6777435722612275 0.6589303922137633 0.6445508540313287 0.6374234600042463 0.6456450741628923 0.6479083686759206 0.6563747302456973 0.6341670503997687 0.5962450110475499 0.5737469477468048 0.5860719809495695 0.5804647954315575 0.6054439506854717 0.5999330467570982 0.6208257563312086 0.6217683649144627 0.6185674546011876 0.6213292032138671 0.6337840712327447 0.6047274763363012 0.599983724251342 0.60099281917433 0.59012009418129 0.5914615891077357 0.6068171161918541 0.6043475043113634 0.5952529837112501
0.7584388726186618 0.761933228437342 0.766074194941093 0.7786175048533223 0.729933359655354 0.7327982367159674 0.6955009090536287 0.6938064696576807 0.6734610405666902 0.6782716418979607 0.7001467991989846 0.706579716149723 0.7048103853879046 0.6952963351481035 0.6627719814799713 0.6724654062340217 0.66193157814534 0.6335333982302911 0.6239996652327092 0.6439850984761836 0.6317591854890655 0.6262689656290804 0.6101670377453924 0.582228756806298 0.6021117884915629 0.5762016963287102 0.5893227692225231 0.60476228472966 0.597535310587048 0.5977293578369826 0.5964089238911948 0.6124760063798996 0.6131501216986647 0.6476574924146554 0.612238189603563 0.591787326266236 0.5836506344652709 0.556119723049042 0.5878747515055666 0.6036820815971953 0.6197365837316358 0.618131019594196 0.6054274592731927
0.7508906746914061 0.7495261869205808 0.773350466453889 0.7661134553990812 0.7367651335590102 0.7327949460418274 0.7134540748237918 0.711119712867139 0.6848131002086658 0.6964903538803032 0.6796843579755846 0.6966196870472793 0.7093113160617762 0.6744262354495278 0.6456538880113448 0.6489544705186783 0.6155078694834645 0.6286596166021916 0.6033957811861922 0.6309623677403045 0.6310205258693209 0.6138226121806472 0.5799864579174573 0.5813641306276481 0.5891867818036362 0.5583624320660687 0.5541701812178803 0.5679747617259374 0.5855132220189132 0.5846770558522629 0.591151148324304 0.5820678600855986 0.599375862013658 0.6274408313809148 0.6039582674255313 0.6239314573578233 0.6111231429961725 0.6155179232765039 0.6256410404392008 0.6292563841416782 0.634878448449052 0.6086260489633719 0.5982739234017618
0.7596940718605565 0.7802252523185179 0.7667218779623812 0.748286666294057 0.7227867034563938 0.7212809591588818 0.705692054038226 0.6775271665092016 0.663795280103677 0.6638823879285229 0.6660843106318467 0.6888594871004089 0.6933016002147511 0.6626451427050045 0.6237856101599324 0.617812405856005 0.5921703840837318 0.605531974720973 0.6113557947992714 0.6025026304516617 0.5804708272491036 0.6000516567411904 0.5936635473216244 0.5723460430216291 0.5493939752497508 0.5427213368604504 0.5490334106832223 0.548776347416852 0.58546577500786 0.5972331395861851 0.5815727447397372 0.6027927911089356 0.5892626462508108 0.6065501344752461 0.6091295416017254 0.6212473319127702 0.618729298654818 0.6229172202725486 0.6358571735652264 0.6387923371570337 0.6458857966909943 0.6294327814740386 0.577362320012114
0.7415805061366287 0.7728241109056011 0.7437556033734615 0.7286756160480109 0.7099153248611518 0.704249798534499 0.700013597556657 0.6727130069262867 0.634260256999405 0.6202670925187334 0.6430582079601407 0.6406146454262753 0.6496047100699845 0.6277160945316759 0.63511420072597 0.6216219585147987 0.5711675549339978 0.5589398382254549 0.5829501662593701 0.5856613205035932 0.567317613432827 0.5633340159968792 0.5605280340367463 0.548773477634258 0.539708785708288 0.5217503459958864 0.5626533944325863 0.5669118755724858 0.5980850402901011 0.5939103195470976 0.617217937935784 0.6120996605412354 0.6164030665950103 0.6261981149278694 0.6437503334506675 0.6305350894470713 0.6226949320837698 0.6164526791085873 0.6255994855304431 0.6295542706163881 0.612856142998687 0.6265704220698972 0.5865795395276573
0.7409261404648806 0.7549526917026146 0.7306408892966144 0.720745864636115 0.7003056972247497 0.69594244232351 0.6731268587888946 0.65574797910877 0.6232072450101451 0.6138761937708602 0.6201904563450891 0.6302818912168171 0.6244088589418513 0.640743163401544 0.6063953079053225 0.5821991136012667 0.5442004962970742 0.5323210577312181 0.5670115781491121 0.5701042931524797 0.5614398915292239 0.5294652838129964 0.5662161887257272 0.5618982536117948 0.5315853761578245 0.5130420121982108 0.5443157795396458 0.5998596645660367 0.5939060903569713 0.6224798563874836 0.595553905111067 0.6130048055843013 0.6201289180362816 0.6320337313082783 0.6524290163012061 0.6441697762839999 0.6232203786595801 0.6169911350088618 0.6147848542780705 0.6136498061461626 0.6059972783598054 0.637295941512376 0.6137702150437024
0.7298827661379199 0.718690202339455 0.7200581561908401 0.7215291821679103 0.6966806625761092 0.6883546611121082 0.6632501325336684 0.6619254764143662 0.6342190628171012 0.638741085186682 0.6136786507859376 0.6164047900796312 0.6111007797646653 0.6093630873301801 0.6227504959153559 0.6043581479331609 0.5650097300784032 0.5685946045200043 0.5561790248663044 0.5525772735688995 0.539426477076574 0.5584408210322859 0.5668007463644399 0.5639013242268059 0.5326230195111017 0.5574586911763836 0.5784584179614839 0.6036683428633849 0.6264713521421347 0.6246470908240426 0.5979649894494522 0.6151355705605884 0.6115311960783961 0.6091051042047896 0.620510780314727 0.6434393070200375 0.6277487379224481 0.6245381159229588 0.6216430565174905 0.6076264080663676 0.6034340800128978 0.6279979544902072 0.6158660028783923
0.6856776169738901 0.6733951478769078 0.704001652345765 0.6774020011065256 0.68168096306065 0.6362032176941654 0.6582105118286945 0.6359197611578207 0.6249437348446011 0.6158590562267703 0.595659945658341 0.5909563032557771 0.5951421328462684 0.643129371961786 0.6303231371647301 0.5900486599520663 0.5820226502940635 0.5597761555266882 0.5685142890711107 0.5435743225542399 0.5559957497635184 0.5648738328609966 0.5857271633300472 0.5640325939568355 0.5435092865403852 0.5550585552687487 0.5745302198982726 0.6015510064811701 0.5827029891553565 0.6025772995343788 0.6206901126831822 0.6146132920476152 0.6311777597397719 0.6059323336261113 0.6190943422210479 0.6049019744443095 0.5877030722233958 0.6197862442901091 0.6163332110365263 0.6262743081727278 0.6047042955876166 0.5947949783311476 0.5784446617795864
0.687917189534892 0.6984560102795985 0.6910263028702737 0.6590740909571325 0.6601430596689134 0.6218067340487516 0.6245937784933873 0.6319653124652542 0.6245188435623731 0.6083274889371958 0.5758318917435326 0.5721445983845832 0.5909230082338846 0.5921735050110257 0.5972141854928368 0.5593539390231019 0.5743471485132428 0.5724855702371934 0.5404913667388592 0.5478139069151282 0.529251171114991 0.5554160121066376 0.5703329816259048 0.5431592963933327 0.5458670878845032 0.5515261256419337 0.5856867923911981 0.5878764116676186 0.5712673489852348 0.60815193200248 0.6075133928630708 0.6069639705837057 0.6351592551964923 0.6162120345806424 0.6194637465088091 0.5886228212954301 0.5807918585031657 0.612928541349431 0.6165425271216208 0.5911630314694348 0.6107031504216672 0.6062434059617189 0.5836082115014288
0.6747295431848757 0.6861743421529777 0.6690904439598215 0.6669522733939371 0.64504639862146 0.5882497914397093 0.6159543647451236 0.6059012814324822 0.6194498124686886 0.5976187859214239 0.5953784428077419 0.5652068388689178 0.5822151013630679 0.6165829330302696 0.5706566400022441 0.5507107141295866 0.5739451752164257 0.5604317122774941 0.5259529182379498 0.5172137678110551 0.5301225420799878 0.5672863681091752 0.5282013323458714 0.5169493272360185 0.5186567238727429 0.5548113107823325 0.5494835790514003 0.5522123035588071 0.5536959763538766 0.5966482671894803 0.5939997184994115 0.6243999771451624 0.6408313385465494 0.6290901699844249 0.6111275129509955 0.5611863332348425 0.5843349576944279 0.5663714558864564 0.5973874501035904 0.5853958133404256 0.5766009106272534 0.5602239640523815 0.5683914618161356
0.6836749506182758 0.6788441250052227 0.6639036714646294 0.6220403888368499 0.6038699666744225 0.6004530167497064 0.6079713553387145 0.6155822799965677 0.6182036213687337 0.5957147563476981 0.5910526248863384 0.576961036888082 0.5595319433044108 0.5938878828023343 0.5584495763851077 0.5356700456554987 0.535398964055734 0.5664318206952682 0.5382809845113334 0.5114559477046134 0.5145869406439202 0.517956772763377 0.5409742587434031 0.5282333044440898 0.5176206530983218 0.5552551256185637 0.5563861798238653 0.5504215325151468 0.5527012974553579 0.5914170521676742 0.5957135891123265 0.6344056159948558 0.6102737218485886 0.5871172261428194 0.5988868865101589 0.5885088956476147 0.5736404382251962 0.5948442522926465 0.5903423463839078 0.5737122890363728 0.5531052869997914 0.545200426904804 0.5838884723758979
0.6591369190488487 0.6263121744355818 0.6375330696090129 0.6096227681620519 0.6100377686228711 0.5777553648836175 0.5762385915463963 0.6072661485149583 0.6027304195442711 0.6192910868826229 0.5838838145003779 0.5695303834527727 0.5578026388522752 0.564238819877081 0.556928146800801 0.5554535689345849 0.5303022024078354 0.548080334747595 0.5112610268585678 0.5239739274792359 0.5113021401181427 0.5105500800242079 0.5315270867472944 0.5179790618766339 0.5285201501801811 0.5236632826165006 0.5503145028330378 0.5471515680406385 0.58100248421344 0.5825251019813389 0.5884597182908473 0.6261746069811389 0.6032792276778995 0.5915789976041903 0.5945625181630445 0.5554554150471745 0.568756464048448 0.5809249053820748 0.546347359771423 0.5479138886718735 0.5590485844694325 0.5443609985945168 0.5732824072732338
0.6588835451915264 0.6599958161695484 0.6246163958188932 0.6006426866481073 0.5946955439891397 0.5646408115858956 0.5729079626291622 0.6034967800486091 0.5854299905314843 0.5779962325018044 0.5690837407167253 0.5332269851459281 0.5276220997991358 0.5214653192932679 0.5184782620852504 0.50978885863924 0.49542099932772105 0.5057396612973725 0.5100703799666099 0.5007883654006227 0.5027172087430537 0.5083848701503877 0.5106212809368108 0.531379104051627 0.5378025889364657 0.531721979953609 0.5496110909303897 0.5365405038881262 0.5763396981100195 0.5843954275362886 0.6125345633342234 0.6359303855569088 0.6199874590102713 0.609351248074672 0.5972159197231474 0.5761097800086992 0.5517432308663838 0.5267105145300304 0.5199592333983368 0.5348730792627967 0.5431898296641632 0.5675992322640266 0.5868664174010653
0.6367705978134851 0.6621977989125779 0.6186506013990225 0.6280048878201765 0.6082854678098029 0.5962171104148739 0.5638929646287497 0.5699365734284195 0.5835658101464956 0.5907653636092839 0.5375402595783083 0.5143756865560001 0.48092694251064405 0.46257776619307067 0.4637776230382776 0.4787794305998159 0.48310196153946483 0.455284677364829 0.46897692199026775 0.4883303560215399 0.5028396433190336 0.46775752201728593 0.5049241255200866 0.49896263556907694 0.5185086963297177 0.5543163905156657 0.5673612023516283 0.538854293517945 0.5844387874401805 0.6001153527528894 0.592681651462625 0.6320121126544598 0.6214706185381021 0.6211354672077755 0.5774710214302076 0.5581828481023916 0.5339221550272217 0.5131447785596989 0.49232219262766713 0.5102641166189604 0.5213791953047033 0.5692355478817576 0.5817592485599166
0.6301461945692386 0.6533665099413378 0.631740653746025 0.6287121852341624 0.6011016821978871 0.5647744821396233 0.5497924583571372 0.553439531559097 0.5414579995600483 0.5362406449615399 0.5335956833601326 0.4877324086321915 0.45920327490450435 0.47166415788986127 0.4601708207350347 0.4751516854688527 0.4492260365629233 0.44876810127560074 0.46486399651332033 0.47762726853716264 0.4819927173081883 0.48167184948394604 0.47868593632121115 0.5198516869714346 0.5644070013113208 0.5868358087768508 0.571576262044789 0.5635011544572158 0.5713613789717564 0.6018662138894385 0.6093346397625767 0.6069135930143784 0.6360849241760466 0.5988166146229325 0.5875313909210559 0.563943851845634 0.5499300335818332 0.5169824254534116 0.5068574647621378 0.5407225395027371 0.5406501820176081 0.5685453492822896 0.5685557689884444
0.5973427025223529 0.6180417370105422 0.6283799954285875 0.6117610387934672 0.5631619834375725 0.560919001637238 0.5559123020123186 0.5516227449172363 0.5446140749556642 0.5020715759139806 0.5236534683836117 0.4844580784205154 0.47506254704824746 0.43900776231491867 0.4343086491503048 0.4549666271688397 0.4372774193886573 0.46987074906313925 0.4790300778726184 0.48153458604774846 0.488874374668293 0.4771661158710997 0.5058293753471726 0.5424764948271792 0.5762257026583307 0.5973533927052949 0.5909954012841386 0.5919602073902108 0.5860562136465004 0.6334446295206271 0.6098828796815164 0.5937246502119928 0.6317029216706626 0.6175083355304509 0.5874652473399238 0.5858922656715874 0.5600695036944379 0.5400212000035101 0.5232343211436415 0.5341157998882239 0.5472033557715021 0.5466857321115843 0.559150571880209
0.5776507226685407 0.5936745845613698 0.5900578729153517 0.600404836656733 0.5510954708970258 0.5568060264870774 0.520560372473255 0.5340539863168626 0.5269348017595654 0.5226834401246943 0.5067611817006972 0.46479628759992986 0.4712295580740837 0.44311606776512735 0.44110715385400606 0.430180240697152 0.43193535860981197 0.4683769880759795 0.47219533171306327 0.46983271113834457 0.4811699293630984 0.4689605683604068 0.5059146603963216 0.545189770660156 0.5581060973683051 0.6044841017283231 0.5989214636279735 0.5802509544724392 0.6246441028880569 0.6073530720864323 0.602976786197743 0.6145438386220792 0.6003348756860808 0.5970700255653177 0.5826932518855135 0.5778723535325144 0.5544179478580454 0.565441567581916 0.5455810295392388 0.5496825587337733 0.536298621898885 0.5351278073511785 0.5399792705073153
0.5570265674340324 0.5512278693836996 0.5420238864551136 0.5769601644523338 0.5501831244319897 0.5377748934769978 0.5331045853561366 0.4983028501329591 0.5246798404513161 0.5113657894652948 0.4899072651251082 0.47136727058371913 0.44665350343339166 0.4238951945346153 0.41743229434302054 0.4357702419328369 0.4318091084781276 0.4258370256520412 0.4570253935598805 0.4466039996449412 0.4801445671622519 0.469511007930923 0.523053692161437 0.5658797050489548 0.5922189980495723 0.5804352501535159 0.607446758675842 0.5767165845298549 0.5923081049649599 0.6156820693818731 0.6157784711718983 0.5908224844551427 0.5715002706155291 0.5496396745563784 0.5632653759718195 0.5646680671097253 0.5490069528115561 0.5419239270593048 0.5479257321190921 0.5270698704961337 0.5330115383802025 0.572958181501907 0.5471295003001357
