Raster_benchmarking/continuous/raster-436.asc
NCOLS 100
NROWS 100
XLLCORNER 1743154.016966569
YLLCORNER 5469288.659449022
CELLSIZE 10
NODATA_VALUE -9999
[rows 0 to 18 of 100, columns 0 to 42 of 100]
0.7360858339957849 0.7442645314065721 0.7471519890174486 0.7130439148437604 0.6809775494198718 0.6957698950138504 0.6575217227246652 0.6576884904869942 0.6895271260423985 0.6634326723661964 0.6365311263489968 0.5754799120962052 0.5517834147049464 0.5694303714284457 0.6258725688603493 0.5942770091655588 0.5774625021024047 0.6036424660651157 0.6177932693501914 0.6046460382410789 0.5614015698131439 0.5857924859315483 0.5618551095885665 0.5315804366980006 0.45091803033256567 0.44414119222262005 0.43280236366053887 0.43150333335167734 0.4330569836271494 0.4240775686408572 0.44688635039960484 0.41440954759081694 0.4147124978599081 0.41234425245743317 0.4277889315791225 0.4605880838177288 0.4798007579526725 0.48226615896436215 0.44310881041598005 0.43288088802672375 0.4131784699202973 0.4453455601659962 0.4045576373390111
0.771867258566778 0.7314897785723226 0.6986625346135674 0.7056486688143957 0.6692852720548401 0.6578867649069979 0.6493000407301369 0.6471544994150933 0.6919918852377231 0.6993981120873057 0.6340258710250921 0.5836098708625063 0.4999061533814472 0.5821789497195888 0.6259657584926668 0.6255764582143127 0.5861829353025222 0.583963971146126 0.6279614128861445 0.6431661833506076 0.6292173081449608 0.6071193411979209 0.5408832860467953 0.5306871815725874 0.4564389139498112 0.4550088561665856 0.46794970494346694 0.4224484149113038 0.3969426083588043 0.41282226937280614 0.4568919701654953 0.4252282478963114 0.42489908669710114 0.42832671997141647 0.4371561390028639 0.45094988702428584 0.4459969640770581 0.45457975853974203 0.49327299202790625 0.45622642448698536 0.4578955576660075 0.4363225280904807 0.41135270536928625
0.7625160572055769 0.7709350942721664 0.6845581344311719 0.6743057861144093 0.6583732924317336 0.6295100604219535 0.6433475216446737 0.6382521953900455 0.6978249714771965 0.6889392507003825 0.6337863784697264 0.6231624180792645 0.5853102965343207 0.5850993292109807 0.5908662178134679 0.6395521752852124 0.6351564742521366 0.5916655995616842 0.61739241695141 0.6103588953059979 0.5894515756940781 0.5869341121891948 0.5443342603751884 0.4891377639029968 0.4758727022843008 0.49843630349191964 0.45104462444739535 0.46336303141657964 0.4584777442913034 0.45934461370437296 0.4721571525671988 0.43649024211573906 0.4338703882779026 0.45509935102206267 0.48719679007022215 0.4837603786652823 0.4900486979249051 0.4531052638808245 0.48143358713735435 0.4673526365976597 0.4157246371822415 0.4438329320346018 0.4130821411546954
0.7845283730615317 0.7427211508795599 0.7160118125639385 0.6577451378701255 0.6714122116192943 0.6250026544996405 0.6375649579816848 0.6364321725911315 0.6848601030999987 0.6634189108672643 0.6953140580057916 0.6733369831166252 0.6629670047012725 0.5959618940541043 0.6024767358277644 0.6564536086139419 0.6402056004724966 0.6368496001466294 0.6247350900617855 0.6274815597808888 0.5719703501690356 0.5570181446809661 0.5797726741836978 0.5174412810055439 0.4989808070278158 0.5194486389765574 0.49415807277837465 0.4491879943030978 0.4458313742165742 0.45517037173747776 0.48680440996739 0.4327499411707069 0.4154342690393738 0.42262298515394325 0.4708062965274214 0.4500678319667226 0.47277705884697224 0.4305703419323466 0.45912265558987075 0.4088014759931136 0.39213770248094904 0.4076384959397232 0.41887915226432776
0.7620772423326008 0.7336276708980793 0.6906285539169693 0.6613857071703394 0.6407969531342665 0.6530656191541101 0.643146199077787 0.6596260132874155 0.7014210914926232 0.6605951834527701 0.7016635588738055 0.6849234319707944 0.6778342515970377 0.6260729408147786 0.6125728583469708 0.6320994694283638 0.6026357791078965 0.6419091267511036 0.6279962381492012 0.6189222561308146 0.5898232027088984 0.5480096294779687 0.5446701989707405 0.5094733242563118 0.48207012879875916 0.4946979792112708 0.5237789299958431 0.48609427931110255 0.5137612752825873 0.46622444596510476 0.4496418910131235 0.4764711422514749 0.446638345153657 0.4641824174317928 0.46199102384012275 0.4600822377927172 0.44876443587280584 0.41852347447249577 0.44467190357428565 0.4196868532725935 0.3785172606316217 0.42555869612041086 0.41068187372015547
0.7470011259064914 0.7349437537947031 0.7119713931696292 0.6745287488201748 0.657654508126749 0.6896233834192175 0.6855032663551477 0.6690440383463816 0.7200083690368662 0.6559680445108915 0.6659187317219194 0.6911957681584477 0.6614772821391259 0.6561215128625577 0.6461503573792843 0.628688792713996 0.5940032519145853 0.6315921102214952 0.5974562131171911 0.6055014176833441 0.6004491032002721 0.5493763857088529 0.5362913565932814 0.5373851995933149 0.4809155702181848 0.4691485005857005 0.4957358205867595 0.5066900399987828 0.5411557643692186 0.4603982170592639 0.45504960947751144 0.456477962547031 0.46460946988559493 0.44975224239324146 0.4264442493183685 0.411599678173621 0.3945921199457735 0.4018411145919917 0.44773144537348447 0.39895885837462614 0.3913686547517845 0.3821225717743567 0.41191687450683034
0.6872550098850485 0.7378842729218005 0.7407926611288975 0.6796782612194263 0.706123802720609 0.7084682091364716 0.6949779628947935 0.7170130055346933 0.7235040978366675 0.6716258264039702 0.6643763690012914 0.6710899576614482 0.6687761698023953 0.610395632720356 0.6159482287945133 0.6315413111748027 0.5850372816724794 0.5741265105965025 0.5724340210820843 0.5909821271649112 0.60644264967476 0.5886487638820548 0.5640895130056798 0.5160158484483275 0.5064544179432806 0.5299154260919111 0.5254496253653616 0.5214573677297797 0.5007685810457742 0.4896334457081265 0.4966559805359691 0.4989058256964829 0.4732373574105407 0.45910017266132686 0.40306180336377445 0.4083044843111558 0.4387482164083942 0.4261819371756761 0.41976318216131625 0.3791229322467124 0.4016001206832667 0.3894728171917188 0.39550491349759204
0.669349057832922 0.7023682422616427 0.7479462538271279 0.6955924196515235 0.6854230440613873 0.6722999552997256 0.7043324315045785 0.6916741086480709 0.7173006012786427 0.6662596059970463 0.6330479315050886 0.6492791367009964 0.6208429604359059 0.6180794694258349 0.6189045387166234 0.6419392607439469 0.6045098434165618 0.5858619589068922 0.5686893513960828 0.558115993325151 0.5636807767795818 0.5861547487962137 0.5324143414951846 0.533735719358503 0.5152923661499267 0.5469271612138357 0.5515577545331393 0.5651600719985681 0.5702592631097788 0.5313353283798773 0.46102789024235835 0.4699913847932266 0.5005682400615069 0.47175909584652004 0.4195919516612008 0.3942514177910689 0.42051884327841665 0.42570420473630677 0.41661126420262223 0.3965733841398198 0.3855072215305137 0.4123206549353113 0.40236323247141037
0.696627894316838 0.7306742924096464 0.7660846595687509 0.7165373638248062 0.6989937338568392 0.7143232466848081 0.7009033741439818 0.6927880682711564 0.6783021060656943 0.6852930635496203 0.6318042986992346 0.6641710081623698 0.6759378832480669 0.67245086492563 0.6300404271277478 0.5876024093109876 0.570754832843992 0.6057301683659364 0.5551803354222897 0.549484809976032 0.5798508112749896 0.5503383550973502 0.538252473992593 0.5216421078281783 0.5360206293476225 0.5577217374536766 0.5652525641737476 0.5485018354541408 0.5168521815950875 0.5062763193881001 0.4907945590043807 0.4685281244904291 0.4628146894064552 0.4684663499548731 0.4630098962224359 0.40781507449382703 0.45874207385731336 0.4540065726231948 0.4780074086648368 0.45178474437330723 0.445341350853255 0.42104761317553707 0.4134340160158549
0.6418716239271846 0.7118911771791759 0.7592521707341089 0.7726632003421875 0.7864419864900605 0.7400439521085344 0.7346362387894664 0.6677190172503775 0.6390497208998271 0.6439639602270526 0.6475602178395912 0.6915289911359507 0.7154674213616762 0.6501425162802744 0.6438240643857719 0.6136829065676852 0.5963436662601275 0.602830952826187 0.5854372598913297 0.5787855198246893 0.5498219621725452 0.5270543215005619 0.5160236264419885 0.531405237847285 0.5451119138077627 0.5453708351233709 0.5363326478619588 0.5655260223975522 0.5355291539431126 0.491921452156919 0.5108310470614682 0.4854189984637676 0.4506046794613703 0.47783302672568506 0.4577644376301551 0.4141122988655936 0.44726776539422336 0.45987244501216795 0.46944388378436996 0.47654407317189895 0.49162804931589477 0.4692365534558971 0.4279835745933538
0.6694997565023947 0.6912566859380607 0.7228129500309154 0.7728695882432899 0.7619257719154986 0.7589817939080078 0.7474283299360908 0.6896910663359664 0.6695967587889073 0.6459048090302327 0.6505119647533047 0.6829558263979026 0.6739043119346847 0.6416413121150425 0.5939496826277921 0.5730963510768036 0.5766785301505625 0.5643186555795143 0.6094919930210934 0.6011694645974822 0.5361962104232748 0.5530520211800772 0.51006872025073 0.5091027364827091 0.5125070441950326 0.5184509746403383 0.5662453589696279 0.5392895722640585 0.5070196974490492 0.48272165829969943 0.517412927061311 0.48632938434060397 0.43318258688080075 0.441348060772431 0.45178082227910127 0.4223741202956565 0.46087963486419314 0.46892219727590656 0.4673922310495806 0.48237807196894755 0.5002455023171734 0.4815393495974964 0.4920168462121661
0.6122157554093921 0.6669155799106798 0.6912089387864516 0.7182407121586734 0.7336605150377327 0.7239208509280008 0.6963261431976036 0.7097551502318867 0.6771267754011263 0.6525495781575649 0.63815708911848 0.643796280134566 0.6603999663924297 0.619282624480083 0.5802173775537007 0.5722251434672049 0.5702958105395624 0.5967913890878076 0.5909905313709845 0.5955392536343243 0.559349516608103 0.5480751711960299 0.5422464213349169 0.5296273377172428 0.5181580623396976 0.5175029496825184 0.5505552232651851 0.517577034330992 0.49304259139526835 0.47304985107340575 0.4704467591915265 0.4676586817306268 0.4585227874757988 0.4464502055434098 0.39252199528967635 0.4017651336143871 0.4416594070825154 0.4810372819618281 0.4636425990405599 0.5082646731172549 0.5128018959916901 0.5100567893982313 0.4902017867546052
0.6034827712032648 0.6420146387224361 0.6808522730154151 0.7151046588843295 0.6854759950931696 0.7242599306296623 0.6817212626885244 0.669876943568622 0.6718915289232023 0.6580569154473082 0.6551671530677008 0.6099821666698881 0.5944893089569863 0.5614304154523718 0.5981458586993256 0.6069132694666137 0.6120892538717031 0.58872259986149 0.5885841395134532 0.5754867499948083 0.5375212014797117 0.5470850818033098 0.533035336199411 0.5572594066422176 0.5584039169334711 0.5551035672274607 0.5518673438946669 0.46970688104477865 0.4529837921691162 0.4655012250337939 0.42955158829791734 0.4557091740528149 0.46872099027706654 0.4345668387853349 0.4174055462191048 0.4316181569663433 0.44823373946311484 0.4627675611271185 0.461960328158565 0.48032611878727005 0.5418046495131612 0.5163355279448607 0.5477649790865228
0.6441158658188476 0.6305160240469067 0.6935217787868014 0.6655882952563371 0.6819294029483525 0.6660697144601145 0.6938184366596084 0.697476047888087 0.6723379095164547 0.66445679825806 0.664882253629179 0.6024104699721656 0.5637066900674342 0.5384519459713263 0.5474347264853785 0.5628630114465626 0.6216382419434143 0.5779263136773578 0.5791971434449383 0.5723618857571832 0.5640863645374727 0.5381976211856637 0.5500676364165596 0.564465574150384 0.5352196992721755 0.5270689733040349 0.5209805252212122 0.4578832974888456 0.3963307454937567 0.434105657165887 0.45140970481547626 0.4612249668833629 0.4516363746027744 0.4056072485411366 0.4483160614578376 0.44984053051508055 0.415541179549629 0.4093033114026908 0.43196764344914806 0.4818979432076618 0.5324771589395535 0.5428183273999486 0.5480393774223447
0.6646883364191847 0.6535583405428913 0.6821898761338155 0.6576519724957647 0.6566092448111281 0.6511440234243099 0.6425939534397674 0.6475447913503733 0.6370178941489775 0.6628590530810411 0.6036510304488065 0.5975854226509835 0.5412383598675582 0.568984953528981 0.5819010156982793 0.5405539346945373 0.5747002583287474 0.544922761759497 0.5360711018680349 0.5340144390032542 0.5795996560616393 0.5607060954471628 0.5693067034870063 0.5342065374047189 0.541815243795274 0.48290037208035286 0.49561089103140676 0.42254122143821754 0.39736005174988037 0.40752588649593985 0.4410094398270063 0.40792677073076594 0.43912010047898514 0.3989462477910038 0.4184541606995823 0.43320109466090995 0.4262973737883503 0.41138437947357825 0.4576036006818547 0.48814331068414 0.5373939836720024 0.5565440493829038 0.5749631723560426
0.6266663099778682 0.6399393592863295 0.6168793430175138 0.6524783156996481 0.6748509949045235 0.6654926832216204 0.635999824437553 0.6212525447761135 0.6345290662916682 0.6284608625589403 0.5775281408253283 0.5555333409712775 0.5543287988628125 0.5483456406303708 0.5887435804237389 0.5272174178528658 0.5119304268238305 0.5001171266948886 0.506891937731331 0.523885697494526 0.5486542927272932 0.5447738031509577 0.5339906419895311 0.504710520110645 0.5308099791559268 0.470631441878258 0.44034618631537553 0.41027931306041293 0.37995295891054137 0.4209676717849093 0.4309762292106969 0.4197115730227792 0.38257555991844083 0.4024793903282536 0.4238617395094787 0.414427921624519 0.4358254926355699 0.44543342459365864 0.4004479047930262 0.4499511844317342 0.5139667673418986 0.5670531002391381 0.5890680889629333
0.6742871076277931 0.6632274132712711 0.6448038025616716 0.6436506942150705 0.6619728253386862 0.6512653453174271 0.6359591932194698 0.6392264854539814 0.6443131760229802 0.5966262015066665 0.5988130487472962 0.5929954591729816 0.5656075171596509 0.5494346671626555 0.5315636600365845 0.543811532747577 0.49494544520650385 0.4898081480710804 0.4750351376890683 0.4949182790626271 0.5191281797762795 0.525946022424732 0.5337115172779685 0.509826786424885 0.46957642622854506 0.45151836415233865 0.4121046390841371 0.3970886549749347 0.3911373336589632 0.37693940529440073 0.40787363010976213 0.3711045168573664 0.3922164951211622 0.3861646679782777 0.40699097514410215 0.40745265369085204 0.4072942648590967 0.4085814984481916 0.4058509315339041 0.46266787455973696 0.4916531972183337 0.5635169620741528 0.5917114040354383
0.7160798298283708 0.6831245573713334 0.6857806974037625 0.6384077676873686 0.6281383593244647 0.6356612724443504 0.5869883123814916 0.619577269554697 0.5845646898164298 0.562569931213706 0.5492368913959643 0.5816936184668245 0.590622670404015 0.5259315198505328 0.5345112649342889 0.5056209362906426 0.5117734038697686 0.490211946596656 0.48752961840138165 0.4443670702860977 0.39627171821306634 0.5057518360860276 0.5114270053558555 0.46100104542812537 0.4582633507216146 0.4130226304591389 0.4141543179808152 0.37661191686951206 0.3943628440510251 0.3580179448551243 0.39543148675644624 0.3910789555205491 0.39736733569153854 0.3907410538334585 0.39252865528464026 0.39813288399636054 0.39174928644149215 0.41355855308365513 0.43784045271775557 0.46611462743423454 0.45784862241249863 0.5217823721735145 0.5707240834879773
0.7287748238701584 0.6977663496711324 0.6843618746276694 0.6533583129708538 0.6218950173460847 0.5829183480419806 0.5939367104617415 0.5651293224996903 0.5836771237337032 0.5908178555764241 0.6064617535090024 0.6010774914366823 0.585987496675874 0.5382512760658422 0.5308105028595467 0.523944757716824 0.5386949856989929 0.4752672072796275 0.49149454693824324 0.4596126330311745 0.45319362454496964 0.48901389096316145 0.4887268133102671 0.45879969829019857 0.45732859666504727 0.4184830728486329 0.39251387398907944 0.4177115540779495 0.4111826367354166 0.38167394542749006 0.3915261727010653 0.4291113163715669 0.4245192426293052 0.3916907171340667 0.3760598339488091 0.42877985179804123 0.4397372089892399 0.44695255762088465 0.4482482140226235 0.472656003659131 0.4743743476206054 0.5078610329925584 0.5268248117452428
