Raster_benchmarking/continuous/raster-351.asc
NCOLS 100
NROWS 100
XLLCORNER 1743164.2940381048
YLLCORNER 5469283.701673392
CELLSIZE 10
NODATA_VALUE -9999
[rows 19 to 37 of 100, columns 43 to 85 of 100]
0.39733677835035847 0.3959994677634979 0.36794296750943833 0.37337949595560616 0.40279036801449014 0.4214315791643467 0.4194928526905945 0.4062125068389827 0.43742597541800815 0.49129619400270597 0.5027780410623214 0.5238352753261489 0.5744484973992088 0.6029651049677403 0.5870181226493646 0.5429278286918846 0.5426615562479367 0.5317153607337712 0.5449689677117144 0.5763407014575309 0.5798417134695023 0.5728836591045438 0.5529405356772878 0.5135906575562832 0.48764831498659816 0.46003881500823307 0.3972318323145008 0.3935816654084448 0.39411065570708614 0.4298962802091225 0.43292105498109323 0.41657959329721006 0.4176375675215537 0.4485196641153449 0.46120281296947635 0.4286500755311313 0.3693023553870844 0.3524945279941476 0.3473567463214824 0.32899873637712884 0.30393407491254404 0.2988360040576675 0.27886506444548725
0.3697638119751748 0.3492952060537707 0.3699741877687304 0.3797754440705013 0.40782294192450647 0.4307972555526431 0.43977817344457 0.40394656142317686 0.47348319870475364 0.4727322320785709 0.47785743404543757 0.5435933014458604 0.5527838617182996 0.5750926997414174 0.5199016435770274 0.5198299031644493 0.5670899563074011 0.5541867296115374 0.5365884909804458 0.5641398989344356 0.5643706201197927 0.5373824751882676 0.5120370576774274 0.45927518714237225 0.4950352968403177 0.4446375345920768 0.40185620108118053 0.38559607956923747 0.39469594717501677 0.4172020493796744 0.4401326646307182 0.42329615963757905 0.43280373042315107 0.43728720636744434 0.44263966312129277 0.412936848202378 0.3488962533693757 0.34606272655034326 0.3374103725513884 0.3504592477943671 0.2906962333937394 0.22877873177828234 0.23617692805730037
0.45167804417407653 0.38849912307341267 0.37762273138230884 0.3907449619157838 0.41396390158715085 0.4298173656364765 0.4232791114511686 0.4499675996418279 0.4471492211247818 0.4659934325320352 0.46249868140485445 0.5101607152328197 0.5049618700635777 0.5089459360193769 0.5224610686719154 0.4951619429551488 0.5234305202822381 0.5301681165049031 0.5537762553720277 0.5149936579764153 0.5227215028025218 0.5005437716350677 0.4955192799205653 0.4985586385640595 0.46326827275341037 0.4736695266888813 0.4193145788131683 0.37384400868374085 0.37666478446422347 0.3928607142172919 0.41149762137352885 0.3825768287028922 0.40784496594928454 0.38050209623734127 0.3908615803619515 0.3796625079518177 0.3839251630526554 0.304973140412145 0.345247383223464 0.3208595011421451 0.30837412337926057 0.2604594206018235 0.254746858364375
0.47695032433987106 0.4483667615114148 0.45513741149810183 0.39842177772999404 0.4281296651333021 0.4011940302785554 0.3644308186005324 0.401189247713331 0.4451440533957766 0.49332797261729505 0.46425529007122796 0.4592149334811759 0.4655301733003369 0.41540148388078085 0.4600438112372141 0.4925949930027153 0.49327253591949266 0.5645355043249691 0.5443844150846807 0.47432391651528744 0.45566883869804686 0.46689173166590536 0.449449464445984 0.4634908514171004 0.49214964768227576 0.5253561408348716 0.4478636074151831 0.42823172656638786 0.39850736239082735 0.3159684071963008 0.33649362707505126 0.36839076614011274 0.3502419947331706 0.34892834755815816 0.370096799895486 0.36883897519883563 0.30425074931545737 0.2751013919299549 0.3308922239826117 0.3356443672745134 0.2987180410989397 0.26987559448036685 0.2753011404002481
0.4782696964176895 0.49003332838040337 0.49145162121441677 0.44390686698619486 0.39082149258852134 0.378692929585267 0.34290388298007063 0.38320313206146056 0.44169507520894796 0.4428288774560901 0.4711030609294009 0.41648055105499415 0.3766850174891112 0.4047111425058234 0.38816247236140106 0.4412803245019289 0.4663576571632293 0.481154704785411 0.4905060681016045 0.4914472886768211 0.49167561537194726 0.516795981853278 0.5019795359273016 0.4899196927054991 0.4492575439083917 0.47954004796932354 0.42547601970235355 0.43122852262788774 0.3682163938309803 0.3378514223652336 0.31726746164702546 0.3244536829344522 0.2861131271028912 0.29198470703007795 0.29133368086501477 0.3114384111203326 0.2820757528023151 0.24996057086468088 0.3113682313046509 0.30362092843393185 0.3173138571309084 0.2799151802456604 0.2419756346191011
0.5074845244701219 0.5407227516254427 0.5178797046385482 0.4588587013785622 0.38814374670683244 0.2951248539254411 0.3439663771538458 0.3260538422441016 0.35730740306773406 0.43343409215978457 0.3951803566858178 0.3844541273184716 0.34892047836855505 0.38106521532304016 0.36390830909449445 0.3863001051007082 0.4316650835653595 0.48713416972788154 0.47377461403004695 0.5130713611021886 0.49239956525069367 0.5171067184870339 0.47187735205036435 0.44574915992518704 0.3901176776891963 0.3811614453301095 0.39713476975323436 0.3824809426758795 0.3659711845793862 0.3181962392699986 0.25798814396792835 0.22566896667805222 0.2751740655808512 0.22238686423709147 0.2822620465061926 0.29880479739350785 0.251508316464992 0.2695691685510125 0.3105803515728849 0.2676251262743285 0.3146823379644243 0.2871704493279879 0.29365453426265936
0.5165657663829658 0.5086334188404199 0.505701219213332 0.47118156630363445 0.3397354544378456 0.28426672614330134 0.3227091622611191 0.29186111508274437 0.3303599133444207 0.3858740836293983 0.40343573715952197 0.36888636836025684 0.3851578603754074 0.41292006587401936 0.40224321353506465 0.4081308113055038 0.4373211858817756 0.43120737711845286 0.470904705480442 0.4971739545736185 0.4989735205997177 0.47379230330806826 0.4519937705973417 0.40836004163261785 0.39442437757261717 0.3847533011303501 0.3571933473571711 0.326201045595928 0.3205175169718617 0.28991179914047843 0.27189888765432907 0.23632819952556117 0.24699412043096808 0.24948402902799738 0.21938136438703792 0.2569674388945663 0.25588545046129973 0.27934109555506303 0.25578768718033296 0.26886400915292535 0.30189937658426086 0.2761848948693901 0.2862518024079112
0.506121136376329 0.5177826998521229 0.45035724667128907 0.4440347820855747 0.3737361900283996 0.22980235045774955 0.32138417073027686 0.3076763750712142 0.3235891338836435 0.3029367964195635 0.3899118018204427 0.3842952238758951 0.3814090625920141 0.3657714306027651 0.4106195081003777 0.3875213886916066 0.3687405351589227 0.40545688107405076 0.43784118314567283 0.42769283817985465 0.43561387408690205 0.5066033418823762 0.45988224567682884 0.4069544506877217 0.39618636338663016 0.3583105156704199 0.3185143244536771 0.3461127378578901 0.29062855160191065 0.25460078106828193 0.29534988619412617 0.26166847806646765 0.2393200401630636 0.18549867984716825 0.21193470723603916 0.23591568139172836 0.2649200864993638 0.27226836765126117 0.3040048197846627 0.3230603893728922 0.34909864995075185 0.35616611177355184 0.33217846496783304
0.5436759750576606 0.5238257820826703 0.4432893244329571 0.40856697574811784 0.34414997026539534 0.31946311366779784 0.3250014186292308 0.35534380806917515 0.35177162011279717 0.3642761548084241 0.33842645841694674 0.32998820469240825 0.3364759499533071 0.3585517680178303 0.35359873118682794 0.36428520606684067 0.375112589929086 0.42536578526695806 0.44542942751900483 0.4190549523187119 0.435333495164385 0.5015019422109732 0.4715072109259486 0.39463490799385964 0.39432881727728586 0.3243106606120943 0.310382427484535 0.34760004107744824 0.2824338761124313 0.3035934803428828 0.255901991540828 0.20785686101331727 0.19812518457852746 0.2243501057797272 0.205238756399585 0.2052617518059077 0.2590969947081491 0.2382263546555169 0.25161362759643346 0.32338584504490364 0.29227051456168607 0.3032804237390354 0.3191218761446392
0.5285841117664422 0.4953566704275987 0.44168076419528307 0.41555645215932385 0.3993374067776246 0.35389800684050965 0.3913489605501309 0.32120272167722397 0.4056517524200664 0.39427318022541463 0.37998459870105716 0.3134735367947957 0.3358968508263226 0.38331548224869627 0.38405762590841835 0.34731208128920393 0.35910614610930724 0.4687629198091426 0.46562575648835536 0.43601679506046476 0.42510254220517313 0.466160894934537 0.47405717979065765 0.4191206943789531 0.37208637493322433 0.34679329574220485 0.304200946532277 0.3116385570362833 0.3104271243945748 0.285642025075839 0.23616711621322173 0.23386596135474827 0.23009688752519228 0.20895853326680783 0.19216539745997677 0.18110428133268636 0.24189186561682735 0.2273322241651751 0.25383034974987606 0.28798657369959907 0.3322059771555045 0.2834894874066402 0.3315656271410581
0.5178394797389546 0.5207883888334541 0.46109998770407534 0.4247956554629579 0.4484639022696657 0.4160983783266002 0.43721861950147134 0.402249603126611 0.4275278344684316 0.4066254745384245 0.3435392772000472 0.33222474123936563 0.3743108776759323 0.39362884101448165 0.35825138281832414 0.3908910284119921 0.38239755220648 0.4322290530521066 0.43615040313395137 0.47331133195842334 0.4562058955257516 0.4332742922693324 0.4146282053415781 0.4164152796648843 0.3532053959391839 0.32760261149139547 0.3055439058968888 0.3042882496684597 0.27362072054880815 0.25601954852815456 0.2647497746864288 0.24201332234352652 0.2382854661441019 0.20137909982101954 0.2243598435220371 0.210414379093454 0.19928877379388338 0.27603082441365834 0.30235538295915293 0.3347770457912349 0.3337667305577674 0.31586736763184275 0.2991238133411714
0.5526722641623849 0.4804760254012176 0.4981534059098875 0.48665505420310534 0.49986412862300833 0.5168127517517009 0.46630194269539194 0.4511369294976948 0.430350309270245 0.46406158040059403 0.41441197838583543 0.33578239311165076 0.37286993910880906 0.3529555425023067 0.32724173852127936 0.3529136858140098 0.41502954787004137 0.49106872434027443 0.48699748148874933 0.4594789926544088 0.4345976787875082 0.4397285606699517 0.4205058811077658 0.3839344490467279 0.32817828199030413 0.3280820927013841 0.2702503860288698 0.2588143739967678 0.3092355839590812 0.2927196958036189 0.28407982670990883 0.24024458192153153 0.26262709728944067 0.22723590480217107 0.19141209612731033 0.19073017735872685 0.23545906214042198 0.2645227870047221 0.32621076867757753 0.32461489373653096 0.3181360259658477 0.3501529070628632 0.3156948822896185
0.49410411317538366 0.5210709751066133 0.5075126996686501 0.5580294279673123 0.5466058171864088 0.5182526390121388 0.4907643495446641 0.4905148822410867 0.49328978402268453 0.4923541273405594 0.4363217086566305 0.371068649051126 0.40176970335054474 0.34911290735061984 0.37734356670516894 0.4089501877313064 0.4411373244811849 0.4247079535250558 0.44560588037141957 0.48691583504190944 0.4670937701396745 0.42963180824731523 0.41701082881029883 0.35694751653353635 0.3866442808747116 0.33559084895494196 0.30753848868860023 0.30811230545926027 0.27781481582301737 0.31130713713696023 0.3302580573924682 0.3318805321629249 0.2804236722144158 0.2998600526868292 0.22487233911876384 0.23203189370017854 0.2241057734935214 0.25235429777995927 0.32138814452136255 0.33728754038390907 0.3190961654544597 0.29497573094578633 0.32393509573138796
0.48165159040906746 0.4624883289773782 0.527369751692033 0.562864531855941 0.5320761224840929 0.5337912213338072 0.4948565402509605 0.5389764546426279 0.5090888069599825 0.4690682967107464 0.4078575470767043 0.422525545756827 0.37015691788064004 0.36217046768352956 0.33936577516474653 0.3541757820328085 0.39350687538239837 0.4546747997815712 0.4686092552670887 0.47423816744728425 0.4754515871664602 0.47807539580537844 0.41145462796554794 0.34768572525094155 0.34982201997746476 0.3957768461325253 0.3726690632238836 0.3267157082495093 0.34167256453611233 0.3586642482441868 0.3411321787235535 0.33542819539857227 0.3441151387314242 0.33024492036923364 0.24960642565546842 0.20689380761445084 0.21664574217378396 0.2690718242083542 0.2648282975882502 0.28578470912945664 0.2746235937533293 0.30229786829122207 0.28379462928913
0.5445798397768689 0.5319257082866062 0.5017740908093867 0.5057839606962169 0.5242533929846834 0.5294423631556853 0.5377549309715184 0.5678423955122581 0.5105173869032307 0.454395878076256 0.43431882517691633 0.39080737258253934 0.3967980358405806 0.4076913158829229 0.3592445571876729 0.3731764079256561 0.38023149769348086 0.3915261196906294 0.4515496684850675 0.46958345986099764 0.4388794560611022 0.4578249632243312 0.40189583856525807 0.41384520928088786 0.4052619142396092 0.38022640053416057 0.39860080245897606 0.3589555958018038 0.34034339327522023 0.3606153058253213 0.39438792552955826 0.3985763031038045 0.35781654616821906 0.3407064370744224 0.2860194154533724 0.2660869722286957 0.22516790888802696 0.21782294466070873 0.2936847689967072 0.33267096741726937 0.32776294366946745 0.34300014295707465 0.3225352898047486
0.5585640253987892 0.4943783043840024 0.5458361420227812 0.5411687750089959 0.5379394187838908 0.5852916885035188 0.6076703706890232 0.6170117119557071 0.5563634101334205 0.49885551537801087 0.4799813555214535 0.4213799227199067 0.3760856900864086 0.3804389131009794 0.39428947057227465 0.35929502069065655 0.37565976297220516 0.41999948961713307 0.41720374533889687 0.4694556363839405 0.4792251057460584 0.42339069022089076 0.4145838096295879 0.3631273079589765 0.43206500626910743 0.42358441308583555 0.3790182594143902 0.38302921446842525 0.3814960437357317 0.41401386661307865 0.36851860643003886 0.3955361456951941 0.3671940759673448 0.3563400000176154 0.30821167060364824 0.26871648379698815 0.230335240911233 0.19193876985765737 0.2868373498557462 0.31075893308352115 0.3487968141427071 0.32591600688321765 0.3809262432787177
0.5395478089095168 0.5518026113041599 0.5437957104081533 0.5406723906496618 0.6220134098793892 0.6163839578768994 0.6091350399687518 0.6312409650290787 0.5618382322679806 0.5069118713191089 0.43347258915987635 0.44349337259777943 0.390073374503605 0.38714607108127896 0.39843335840874844 0.3917813661952886 0.45375947517053034 0.46940824956468935 0.4480983593930328 0.44325205485073615 0.44693966533930896 0.4266808217850197 0.4198346098952539 0.3697810574283226 0.42064383722415744 0.4680319063836883 0.43412906956405867 0.44656099841629016 0.4524960460487306 0.4420985954134397 0.3943311383632847 0.37670994932302504 0.3815944382684823 0.3751083787092371 0.29756332084852344 0.2423720712309427 0.2326164251718642 0.22063649352583908 0.27561665325433027 0.3204854713940667 0.3468207345300677 0.3714369506116798 0.39712733834772945
0.5637422881522749 0.5771939664474487 0.5591249507583693 0.5792975512729821 0.6077010365988453 0.6468763947322685 0.6321488078259174 0.6096069730186741 0.564515567260767 0.4985257688674207 0.4605134353147869 0.43545518347927686 0.4614553188057934 0.4522717442521062 0.43940558755857023 0.4603758121276517 0.4776074014156286 0.46359871904901806 0.46846279797507084 0.47567559906316553 0.5013431856058659 0.47242323770551065 0.4376754368350074 0.3820293306351637 0.41470991299443205 0.45487219709234983 0.40575704429151604 0.43933941650383523 0.42172055511321094 0.4408355493125752 0.46077814038913384 0.45706904336182685 0.4105614319134867 0.4011698951452336 0.30263675657425393 0.2706715622693674 0.22304155691418992 0.2346626015802577 0.24646735564462582 0.30678020224252955 0.36849257498594806 0.3906761677075179 0.42235361068984845
0.5853684083838954 0.6012577102052825 0.6339362437606256 0.6382518222404246 0.6341175878950092 0.6174095323439547 0.6621060742613324 0.6427534327582247 0.5917615046158589 0.4983726456937208 0.4466927290519427 0.46602272385060817 0.44470667040637885 0.4710627871215393 0.4449657532026291 0.41115766358500994 0.4458398586404993 0.42341083397431434 0.4186536973524067 0.4785187736889106 0.47536531882543137 0.4884651031927354 0.4499117009695359 0.4306133892555206 0.4221548428235527 0.4340934549045693 0.4229015436185309 0.4308556097522186 0.46671933990627507 0.48650671805378226 0.4316098641928859 0.3822641659664835 0.3773872709527018 0.3534020152415655 0.2940078579147719 0.28397547212337626 0.2742125838630978 0.2676176701801328 0.30183188290497465 0.3336003187362654 0.3564748665763665 0.3471475982562864 0.39451723798373267
