Raster_benchmarking/continuous/raster-119.asc
NCOLS 100
NROWS 100
XLLCORNER 1743150.0333711186
YLLCORNER 5469282.265809801
CELLSIZE 10
NODATA_VALUE -9999
[rows 38 to 56 of 100, columns 0 to 42 of 100]
0.4148174752555947 0.46570489973873275 0.4595253118734301 0.4551641337474528 0.43572271152366443 0.4272336901537653 0.42339176418163466 0.4476399511342894 0.45696710995854367 0.5028199234889728 0.5536362946009414 0.5937811282714468 0.6256665992635521 0.6437230963396336 0.6593408362400534 0.652478565327011 0.6430070420871546 0.6342755142128818 0.5922968238773566 0.5923753254526527 0.604299023011055 0.6227143401517946 0.6664873207408188 0.6580880622929327 0.6379038844934155 0.6274150877691466 0.6726085201916401 0.6245091631033123 0.6118347929417164 0.6335084350712266 0.6275998844402176 0.5968500012609212 0.6113027923434644 0.5595923384400384 0.5545374815470097 0.5649873643869489 0.539541555312135 0.5894317148144653 0.5819979440892221 0.5907169721054378 0.6501464765678838 0.6648623532850056 0.669763178876414
0.38912515793922836 0.4229363273122561 0.42400953977984573 0.4115716510773374 0.4537088500625712 0.4415374355350431 0.4471451770232001 0.43817977072222564 0.47387784535659305 0.47700807846768095 0.5239002561485622 0.5701125167793224 0.5833662127603654 0.575728791264644 0.6048111683773477 0.5929221015726799 0.57907291560228 0.6112477900876477 0.608179172287725 0.6068071720940302 0.6241293553771653 0.6378698129588927 0.6387095173080171 0.6398528963066277 0.60960446251507 0.6276624900207983 0.6318376049875046 0.6512989616746706 0.6074835399392573 0.6098380086920849 0.6009166831401324 0.5763902403545158 0.5590709000112956 0.5656573585305406 0.551546218272321 0.5829334861589213 0.5584234442278072 0.5719433291582237 0.5955647109194737 0.5860351658036781 0.6446595497353463 0.6475666188781604 0.660859929596341
0.4009557869184018 0.3863225422228874 0.39372652723512624 0.38030169511605266 0.4367347882909991 0.4294152513655853 0.4382789740771613 0.42871587537619676 0.48328821222840784 0.46845963973235094 0.457444702742318 0.5296370308014225 0.5460122383801904 0.540474834806836 0.5308716181802413 0.5424516976625154 0.5577649218959433 0.6195728954743551 0.6262055291254343 0.6198199881044184 0.620901512448198 0.6120032163410895 0.6160631344999071 0.6488415922951649 0.6254556432921358 0.6298907801006667 0.6385603442800621 0.6145820128815851 0.6136887251399517 0.5911644467360491 0.5507888093799603 0.5604738324788195 0.5785666223220706 0.5641100841247242 0.6010478655972392 0.60340705363137 0.6012993800921695 0.608046054108854 0.5933351984776932 0.5884239411337157 0.6010503720024197 0.6252775176222131 0.6457641025260559
0.3766817481582994 0.3677209717959728 0.38730931421450987 0.3731257767327566 0.39125248244286753 0.42682865327070657 0.4255141682806554 0.4114158138592343 0.42257591513830367 0.41344804452420775 0.41710348954643783 0.4909701042127125 0.4922240307177195 0.4976336219764102 0.5060903840530424 0.5415924869303267 0.5632047506002531 0.5995843614466498 0.6058240717655238 0.6339549196432723 0.627790605503221 0.6389616416340673 0.6397584962192538 0.6388218464147447 0.6614768015553624 0.617242365118023 0.6230658601526098 0.6083108055758366 0.6148153478311522 0.5817863099232189 0.5535387106788808 0.5406407554074346 0.585485527217635 0.5674415670478606 0.5859362312178854 0.5954640599684196 0.5984941764725029 0.6077317957584868 0.6381388400675287 0.6455378873202076 0.6427827549943201 0.6599025128440178 0.6720086084066181
0.3346500192608415 0.34998845675913126 0.35020100883966415 0.3746383308152335 0.40267910226280046 0.4117377517953256 0.3924801541437285 0.40196590083373446 0.3724323058008854 0.3835951466761087 0.40091556651333143 0.43137026775184845 0.46620084161201425 0.45428183355004204 0.5090777495616131 0.5202537210350971 0.58432689179497 0.6106124411437068 0.6317230789292481 0.6388381491580213 0.6349948019338605 0.6419325638080948 0.6408115272102625 0.6468651346574196 0.6750485567723102 0.6315638419566262 0.620926017241277 0.6015517527204778 0.5839023119870047 0.5537076545799462 0.534851339121803 0.5338323842325813 0.5950119327457347 0.5749831326244413 0.5868476449946947 0.604178546959574 0.6414368584074436 0.6429072810731155 0.6190655096839062 0.6290313250201686 0.6709891775594958 0.6582849580104044 0.6951494636160475
0.35575091176941565 0.3448823531650183 0.32700818486223643 0.3377832085043295 0.36281290576328384 0.35568878744932075 0.3474438914876479 0.3383968996910193 0.3275460860466239 0.3522712608151385 0.379578663759369 0.38807375773753644 0.3963823448441226 0.4395444082883199 0.48668572543850097 0.4973147526974419 0.5587100765311535 0.594418508100143 0.6422951136663433 0.64877147614357 0.6244086206733089 0.6525164257854634 0.635540993915573 0.6712797516608405 0.6577073329848212 0.6546887488955149 0.6478785287153893 0.5939105585112255 0.5714112952284234 0.5891083108198926 0.5559244802628008 0.5570826843522912 0.6050531070777527 0.5956790550776331 0.611223047037967 0.63102689324014 0.6368956648653638 0.6167973087101654 0.6072096955923484 0.6365483191033994 0.6775845202020555 0.6784066862494951 0.682092093664057
0.34081511501785233 0.33609673067992 0.30802697588720834 0.2982205830588626 0.31260439164201 0.3539364982257495 0.3577745488184208 0.3369912091093809 0.30858489330719524 0.31699054206696853 0.3419467826523596 0.33052800727701476 0.3656178410129467 0.3959639728750385 0.4585390843013257 0.4625638865113484 0.4878769487993968 0.5515488443120301 0.6019436736655017 0.613451016846979 0.6440879099922261 0.6608378038644717 0.6552592369799652 0.6721216629458237 0.6698378889591241 0.6240919810493732 0.6279641586471678 0.6055325878730399 0.6098830654075612 0.6149955152366061 0.5579597885850558 0.553731408624053 0.5985310406310232 0.6286540518637302 0.6295816766471354 0.6114478766933104 0.6152844619149059 0.6330517561950272 0.6211267082026004 0.6240891621915031 0.6714959897471374 0.6497457210809099 0.6816251309055709
0.33612709885747466 0.29830939373277016 0.2844988693241426 0.3002168491803713 0.2977349577161069 0.3350754955605394 0.3230339468469199 0.3262163083640174 0.28945293401405386 0.28200360627606386 0.30802695590946727 0.3236712783790956 0.34615527083424286 0.38434413337639983 0.43993161738099873 0.482480011215747 0.511936235379961 0.5200264860885512 0.5981803490235055 0.6297121909170046 0.6117739053997205 0.6274412945296526 0.6485252029978799 0.6454237793783573 0.6349698643840034 0.6381603963434797 0.6031914606509938 0.5963791489481962 0.5869904903091643 0.607800484663842 0.5996699874741294 0.5825266869202611 0.5848135360923098 0.6096900274080137 0.6198465093658269 0.6003336679056841 0.6007082147153829 0.5978888125491756 0.6440509871013597 0.6399349398738253 0.6456585159731414 0.6548635396658503 0.6089075560478361
0.3146204629549092 0.30556065174504865 0.28215072584463774 0.2820740575376574 0.2733520337095022 0.28492909402820504 0.3022233257252769 0.3091713011580518 0.2851248524028934 0.30425195452527154 0.2775614135897662 0.326285680240485 0.3107108807624164 0.3527787732145442 0.40688328079056535 0.47811950343392645 0.5275860855640226 0.5386017139519483 0.5591995798068573 0.6289402923336217 0.6421954761001475 0.6381522669365789 0.6554133104867308 0.6608101052102888 0.6335943357093018 0.6246472123074237 0.6090197128998704 0.5832182339839681 0.5859816345261392 0.6039403606890222 0.5790327837519156 0.5539508992215293 0.5629500580303756 0.6112992877233655 0.5994706643937845 0.5842531231029526 0.6036372644086664 0.5879595473144316 0.6373881753460185 0.6318706623827955 0.6622781945563301 0.6069803633954842 0.5868760531271086
0.29157585476532616 0.3032509903373752 0.2754962167098823 0.27656624840798955 0.30709167939436105 0.28972937778116387 0.25430282462401116 0.27438534249560337 0.2760553992315683 0.2957706068473352 0.30211985917153605 0.29895689728236885 0.31985377698420236 0.3301185397669964 0.41236284328326933 0.46847424239282454 0.5267472469467136 0.5329268654366413 0.5273887733101451 0.5861871647507441 0.6093290178540627 0.6104642630492257 0.6082683573252401 0.6350334268956341 0.6237834159760018 0.6206975898793748 0.5992016362511293 0.6205819559443824 0.6070955010149216 0.5709017949659393 0.569388566869323 0.5896121407973005 0.5655847000643262 0.5839475961478037 0.6034414075385328 0.6044549943025428 0.5855856442476083 0.5937653284175105 0.5849168867319248 0.636728428261065 0.6135686623665703 0.5978854204520863 0.5862843411527476
0.28808407581424683 0.25918536283150156 0.2498437382868527 0.2845485218474145 0.3109042110192745 0.28520433269218803 0.2465667372994208 0.23812576447372974 0.26391834131753783 0.2550651711354642 0.2663901854236209 0.30510394996128226 0.30246387891257753 0.36783443773597235 0.39687560439031566 0.4547924748214516 0.5003233498420314 0.5191868645482798 0.5045970959301461 0.5120321093716852 0.5520492198478144 0.5922040839110821 0.6104647220467502 0.6247277337333426 0.6429734473110511 0.6477447218867202 0.6373150514382121 0.6236727617603192 0.5993909863852742 0.6246827008137088 0.6043612844785182 0.5989978632476707 0.6190805509613532 0.5847531236096761 0.5965117418289686 0.5793788323214095 0.5352985310797718 0.5344894915817874 0.5486054208323493 0.5703450996299584 0.6085077509452036 0.5843642739760003 0.5959767674988247
0.2549516110485037 0.2736513707757793 0.29340896119822096 0.30265489313344707 0.2818122669427128 0.2752623621708801 0.2400659864143976 0.2616527808496038 0.262352177828732 0.2474207576744032 0.2627075246992794 0.30537789513310687 0.31424023424624126 0.38797127005751697 0.42844225738663144 0.43474844822904735 0.4617359695492244 0.5006469648176048 0.4985878338846815 0.4977380880383226 0.5214297274923405 0.5731899162362524 0.6055530871061389 0.609457222203545 0.6006071875668767 0.6104607355200097 0.6450565077423521 0.6243195569751918 0.6341585154515101 0.649002735380991 0.6514393256266429 0.6257131922734276 0.6099085048758008 0.5764245364029753 0.5876182272633393 0.5663956137130786 0.5616470196341563 0.5356090456786624 0.5364949302133553 0.5791031784550602 0.5849145319090986 0.5774224081336874 0.5639993178213377
0.2274359481269339 0.2781978738755308 0.27420972067457067 0.3129187986707246 0.2868841943102483 0.276968221644253 0.26517044323534766 0.25974108952203145 0.28913203990279274 0.24806972499123223 0.2541156287674477 0.3093150611525609 0.3353067047596291 0.38017991713740484 0.4369461507931535 0.4387213402206623 0.4771886894700879 0.49843210752063327 0.4913274446057114 0.5003647688721896 0.49964209225927225 0.5698823733784713 0.6192165406776017 0.6014344939164086 0.612115145735107 0.6218131032147057 0.6315566359339372 0.6191357913239236 0.6671284963964088 0.6430948303394909 0.6618251440570566 0.6392406918566998 0.6209728790128769 0.5840025007224766 0.5429916877970573 0.5679771029240251 0.539869988178991 0.5359837858880585 0.5107417548107068 0.5239565552559539 0.5582025682239217 0.573640680676076 0.5746661072992029
0.23393515331028542 0.25617429293627786 0.28111246630068565 0.2897923717855502 0.2695637468057432 0.26256006415527866 0.28782674228407473 0.27975504292477904 0.28482276525989897 0.27494631664171937 0.30212925110206573 0.2970137354944092 0.3417816520460858 0.3531174291725965 0.41640027679435754 0.4180236931589334 0.43137388709598906 0.45547678040218564 0.47259804687607593 0.49488258905074106 0.4908838198117456 0.5335386225691985 0.5527411661043131 0.5836298457257929 0.6199801214012343 0.6091489710265501 0.5975416182183556 0.6411523821783095 0.6570156575610996 0.6830388157467137 0.6753561957323226 0.6552785047318377 0.6616318049258563 0.6223931218304928 0.5705729922883459 0.561609499088474 0.5437676366631914 0.5506605434115491 0.5530715246997678 0.5434189006023599 0.5268076199964861 0.5519731342747786 0.5839141835154261
0.23084648759673027 0.23627208714527717 0.26358907222931716 0.2600394878403724 0.2582726711796141 0.23775420379801307 0.2791702457114874 0.2711974304540199 0.29205118277242575 0.28651419593508587 0.2947067289953967 0.32212888596617983 0.31082842092474616 0.34513153718004985 0.40341067256688357 0.4123393045051301 0.45305885143138497 0.4293721192200967 0.4806235784808198 0.45991379954088335 0.5004899904797224 0.5209137144232736 0.5170467971611918 0.5434559057823528 0.6230057166265855 0.6107169501489235 0.6025130075173858 0.6246886871175745 0.6609253575373867 0.6627623636905272 0.6885020994515683 0.6946793766178512 0.6729710121440017 0.6563918044233538 0.6182654193858201 0.5883378649763906 0.5286560890639391 0.5608863226505656 0.5443230981303258 0.5527735864612389 0.5410320274126988 0.5258170839319867 0.5411530510972327
0.22467609864548457 0.2568457080596439 0.23832108552669903 0.24604243293519074 0.26095875117554007 0.2322402927067842 0.260374421958806 0.23184434436986878 0.2524861588528979 0.2726356652691587 0.3023818656394163 0.3000324657311217 0.28993380210690783 0.31649006306627203 0.36950255642410734 0.39138209003795327 0.41397354393768193 0.4222736699019959 0.43370940381231654 0.4383300959695249 0.4487483800915477 0.46980832097255676 0.4835417449248088 0.5396036527261621 0.5965793748402617 0.6321623917324593 0.6438088003289624 0.6402153115376128 0.6523453165189995 0.6785496548583052 0.703779669367206 0.6939400607438837 0.6755677691557768 0.6415647894976317 0.6572605112334085 0.6209055172292145 0.5924565841568363 0.5460684560398122 0.5479891535537159 0.559513060045939 0.5717694190803404 0.5380533209975534 0.5313743823080467
0.2270735242008603 0.21940124494644922 0.2409207316151849 0.2217728751083516 0.25336111118647314 0.23973221541818907 0.2177284533966207 0.2433508526725999 0.22618126619001178 0.24302829495491404 0.29433739729802344 0.30729024028635815 0.26562459486064044 0.3010598748474656 0.3379368043593222 0.35355847062363127 0.33889365187368714 0.3717342318704021 0.3860635149416515 0.4130704280137927 0.4668530450572524 0.46914343184794716 0.4467619604996465 0.5136803154561825 0.5799740830832715 0.6022627841475774 0.6303383006054535 0.6409364699803778 0.6483021592265823 0.6939275096234266 0.712706338027966 0.6878374018843023 0.6942743923903343 0.6846949375156998 0.6585216554087967 0.6336336892565654 0.58380710626589 0.57020404994737 0.5212925525871848 0.5416809846197982 0.5882543356704746 0.5712351382204091 0.5586104234011222
0.1843523890723947 0.22636783512217398 0.20445839665576962 0.22994074932234052 0.21423828254811178 0.21474647205797548 0.2269098033727713 0.2144921025286439 0.22696453007698977 0.2472038392121429 0.30092171398193973 0.3048078523708975 0.2995278108448476 0.26911896203446584 0.30615886048773133 0.3408000693446228 0.3286586093331162 0.36813760248780353 0.3706800305849947 0.3957102354490492 0.40861712840638065 0.4119412670945728 0.44968703517809056 0.5070466053607054 0.5712690657123748 0.6034306100514945 0.606996691549396 0.6281018044147094 0.6209231233139965 0.6550677058007479 0.6901757384651999 0.6652184023493518 0.690953306198695 0.6586034873260125 0.6450601440512216 0.6383978403597621 0.5769073512540434 0.5599013338928192 0.5613509412446562 0.5638075931813339 0.6018155348182987 0.5782826536903862 0.5659542359155415
0.1626155086823451 0.1981821009093534 0.21445897172015807 0.20954017598045235 0.17594782891073585 0.2037564577097599 0.17943433133955158 0.20246781650945006 0.21664728493631077 0.2555571256258096 0.3006285505654914 0.30896129583933285 0.28007273575543173 0.27798858913702523 0.28755296437588096 0.2924924949866705 0.3078496647903419 0.32713412241970263 0.3766303557547114 0.3852633187351655 0.3747383628047355 0.4158223752137233 0.4533972519876562 0.48502826969996204 0.49778565856419765 0.5754606925317861 0.6135309885993928 0.6258887259465481 0.6477902203690699 0.6655228883935747 0.6395283309879661 0.6616330865462617 0.6598255817890077 0.6697667765243678 0.6406806499450629 0.6379459554625873 0.5931810690948536 0.5685890074046853 0.5846029969820992 0.5864856940140291 0.5886994731189938 0.579173495674552 0.5984471813255878
