Raster_benchmarking/continuous/raster-247.asc
NCOLS 100
NROWS 100
XLLCORNER 1743158.5693733077
YLLCORNER 5469290.583636351
CELLSIZE 10
NODATA_VALUE -9999
[rows 76 to 94 of 100, columns 0 to 42 of 100]
0.6171111935775624 0.6313641821281262 0.5647743954327431 0.5347414853326684 0.5249323911524503 0.5053221903012777 0.49071110492008835 0.4847513183012398 0.49917939463578886 0.510778538393451 0.48485860507558226 0.49360707449304536 0.5232241878749426 0.5001750632928732 0.5209943906515894 0.5169796003874484 0.5223829940851289 0.5024355794935946 0.47000276891517867 0.5280712896379922 0.49182687694834387 0.48865918278663506 0.5043376979288385 0.5140443219871893 0.5432335055349551 0.5249518390028101 0.5511301769234866 0.5539934760999446 0.6173417735484285 0.6376520099394307 0.6156571914505172 0.6072693311143921 0.627861265719301 0.6686423309014167 0.6775956582281677 0.6856232124280699 0.7087735338798561 0.7385445594479446 0.7679078950674753 0.7630347275057836 0.7891460949125447 0.7327048761664724 0.6936545081618918
0.5628239943253656 0.5863330536916783 0.6050972569418454 0.5610595562760611 0.537781072820275 0.5048911773615102 0.5265367182224971 0.4802783552841753 0.5099165009859831 0.5245561886360052 0.4854705409833513 0.4771440354321436 0.4910033392721649 0.47992239453711505 0.5003669272995382 0.49350283494453495 0.49582080963648606 0.45355621133185386 0.48497335072430026 0.5424734841969492 0.5163188454223823 0.511355520591028 0.5176132967140401 0.5002542609138763 0.5174912391750643 0.5119305261297332 0.5454369285278592 0.591569182449707 0.5842028522666987 0.5994856368368695 0.6398817654296596 0.6445276834392182 0.6303081859992175 0.652696769280643 0.6417187382587508 0.7166551473457891 0.7259706418277734 0.7169205453558161 0.7338958620353114 0.7523830550975559 0.7737870751366487 0.7264955181942593 0.7390606174202726
0.5890623592793627 0.5557612294423987 0.5556596098861161 0.5942341584015427 0.551785984303823 0.5461889705607141 0.5009151229227624 0.45353928277435784 0.5002393382223812 0.5033906578663572 0.4776462974126401 0.4858595793117458 0.4980202123704813 0.5235056371763239 0.5030074317716561 0.5456595799260983 0.5213464246943538 0.4610680497477603 0.490466541048506 0.5130791166455266 0.4631463371235967 0.48125454965738285 0.5303815920217267 0.5009802890407035 0.5476482337517591 0.5692269550068749 0.5478501498511437 0.624294128224831 0.6378929383580418 0.6122568048136551 0.6336285173978693 0.618878791431064 0.6124118518966831 0.6172843013280745 0.6885002998639316 0.724067648468579 0.735574875145994 0.7073911225711413 0.755187587804342 0.7422826575153089 0.7740962891005352 0.776021582341316 0.7318918784899685
0.5786785203842232 0.5820135759298353 0.593760053048979 0.5907921943830006 0.5538077314367168 0.5434247377233574 0.4966682269853012 0.4730445747535042 0.5030582935332096 0.5001211431332236 0.45923036701152664 0.5105810849827777 0.5128520188864657 0.5051815007335432 0.5470541725343405 0.5563359214511508 0.5191546253099728 0.4578576483674217 0.46464409409168606 0.49987036542046315 0.4661353273920092 0.5128676452823544 0.5035793728602828 0.5402187971857674 0.5507553676899972 0.5404813349804828 0.5654491160878994 0.5698152419985186 0.6306011332444671 0.6454227016455523 0.5904873909892467 0.5964805992425792 0.6031486051642482 0.6455418781785438 0.6796561728417309 0.7434951175474581 0.7317512267748995 0.7541404341746025 0.7564629972796666 0.7648515667284934 0.7395474958672453 0.7428850712775215 0.7622948278827983
0.5465139312829287 0.5575634858405121 0.601072977736181 0.6326446685063257 0.5877978180984256 0.5322718741795932 0.49880804259477 0.5035145045152812 0.5145993528060928 0.46767038026881613 0.4507556424512568 0.4758296722233222 0.5008603952360662 0.5444680130379247 0.5175220843001991 0.4848745868973755 0.5175046064005809 0.4709961513053067 0.48192425087502233 0.45280859658786987 0.48570436912526765 0.48577108740804653 0.519227252941683 0.527801881357044 0.5229756431810523 0.5475180801433618 0.5690820493446016 0.558886905742063 0.6172688536104385 0.6346456937081826 0.5907259820462892 0.6252443668013108 0.66580651171403 0.6668460921477304 0.7083772931748675 0.7461833552557164 0.7094876167786235 0.7483489652851374 0.7674435538600678 0.7121789891356025 0.7235512601077813 0.7036363629652377 0.7025767331457673
0.5597245023290475 0.5646508695775757 0.6416273666232527 0.6151828633478498 0.5481013963574967 0.545836400807312 0.5131587179921061 0.5260633497357577 0.4953252140768854 0.502679151227586 0.5001283676122495 0.46297991327314353 0.4973225478876637 0.4781061289069793 0.5125767524322549 0.5165399072023248 0.527899085923102 0.5249902066962858 0.4899961148734935 0.4449516930744951 0.48354495921308005 0.5121509496244212 0.5181173457277153 0.5537086434611536 0.5606221350280136 0.5787968358897346 0.561983364651281 0.6067168208851722 0.57266974887663 0.6313922640774523 0.628629036917007 0.6276788378534983 0.645593547586039 0.6394866025106357 0.659410012872211 0.6934931652468573 0.6799518897258329 0.7200184661801374 0.7350338854313545 0.7496301261912085 0.7436204385169984 0.740151674117934 0.7259750946692323
0.6283112143517934 0.6203904001918068 0.6210103857317255 0.6309992952665717 0.5875918559044446 0.5214867621965036 0.5263802065948334 0.4955430986431455 0.5155520618118608 0.4653410041759146 0.483301998603823 0.4927792497962426 0.4736631849673076 0.47493257136970674 0.48587231074296267 0.5339917767230805 0.5412649234561597 0.516753893377837 0.5049592894220643 0.4673474673878782 0.47636618421847593 0.45102955918715537 0.47232733917799563 0.5040571363404817 0.5301946719893665 0.5990154569508511 0.5957338364702435 0.6334883929897638 0.6127432981296427 0.5665554886650812 0.590468875582914 0.5986263830017029 0.6275230407755217 0.6747304503425557 0.6876036782100968 0.6716029552447471 0.712054674632996 0.6802434702268918 0.7399177334799883 0.7636044832054261 0.7288783172914136 0.7142280572000854 0.7070737680732275
0.6200005029146015 0.6677543616035443 0.6528776741297966 0.6436587143854267 0.6137198709510945 0.5429281115017041 0.5417085974211084 0.5454342422933155 0.48128953831265386 0.48450432212410927 0.534384327272945 0.5387089164499047 0.4965405703723995 0.5288748945838809 0.4774742959282383 0.5055892065648461 0.5170478292249525 0.47759712278898564 0.46422506964603466 0.437946460498635 0.4447405820569378 0.4765840071856149 0.5039048117056869 0.4803396483429074 0.5075803577002075 0.5713789294945314 0.6208241037693993 0.5983476906281403 0.5702560913233977 0.5771091909948829 0.5913057206462743 0.5838228990911307 0.6241648587720012 0.6387519778745556 0.7151876496154222 0.6859810054735375 0.6924765629904798 0.7244939515542704 0.707156026103432 0.7437991308205244 0.7306326481687113 0.7179600999024565 0.7149947054827415
0.6602062223879143 0.6587663232459642 0.6276218423880895 0.654183061459487 0.6212055980343839 0.6247460727578981 0.6097353958250711 0.5324982281356424 0.5193673089898692 0.5420838863046515 0.5349173546204976 0.5570668634185354 0.530507701541101 0.5486071449018683 0.463962414496769 0.4618921054726205 0.4780149473303292 0.4528250161212282 0.4471883660478601 0.43194204354626814 0.48318222189658794 0.4810083090213751 0.4693922286056021 0.48031524498298117 0.49825255018529774 0.5708590370841119 0.612556939119606 0.5977210747576278 0.5760379066329668 0.5940598516467693 0.6432732526753119 0.6521644182177508 0.6557404343938517 0.6665558531065469 0.7315178627419323 0.7176117930482812 0.7283108506646001 0.7433723797455489 0.7257935640978878 0.770472254921038 0.7546959478922838 0.7973481130598915 0.7224846988616148
0.7284761009570355 0.6598392329498339 0.6490551659236781 0.6562691179577255 0.6361222680184516 0.6519926235435364 0.6499218162509782 0.6084652359202984 0.6009662954451334 0.5904872626713482 0.587044733084386 0.5431155604653024 0.5287205757256349 0.5414473466675274 0.4762251737152039 0.4503489539773705 0.487639695269854 0.47968761016062855 0.48248789916502666 0.4534638544188437 0.4832572546825711 0.47298600083954706 0.4889552242181652 0.5433713309143596 0.5548238521802978 0.5860331131605812 0.5893292331798018 0.6173516356029956 0.5901235971297413 0.6160788244535872 0.6335458840758865 0.6664279091047971 0.6813463952692465 0.6804068286272613 0.7180943544561604 0.7249648460429906 0.7418358096119315 0.7672219008620219 0.7458400676014416 0.7288561640042118 0.7981961281289235 0.8169776658735881 0.7788798266496432
0.8046278791087222 0.6950730262709898 0.7193965617047302 0.7089732056620038 0.6607696382210635 0.6418911718394033 0.6373158009333768 0.6793264132346157 0.633872095346468 0.6341199657159912 0.5736625222139268 0.5594089513017667 0.5422844314848795 0.5109986087748902 0.49098259663677735 0.4969955149482458 0.4958517563464284 0.4659847528404064 0.49918550620333646 0.5157146007106247 0.5383644151905069 0.5032368284854857 0.5496850572174978 0.5519470882964157 0.5687030904608865 0.5912866085295042 0.6055264308280652 0.5820617622132181 0.6093226009408178 0.5873306808712627 0.5981754855622982 0.6556380210806718 0.6902999071024363 0.6641410298036022 0.7330277757576411 0.723935122803136 0.732591120750912 0.7503496840293027 0.7265206365688874 0.7277481288462342 0.7964036714773423 0.8131561445986063 0.7743238988092761
0.8136210008511625 0.7730000815282752 0.7449012441096371 0.7392838235848511 0.7286895317045758 0.6684051974951566 0.6611970166988849 0.6765578769642047 0.6493898617122507 0.6350480465372628 0.568108476309494 0.562156090472694 0.5126902478965405 0.5507262572646633 0.5049352842155892 0.5147443046736926 0.5253580478993655 0.5285969463857129 0.5490205665736266 0.5168691689834769 0.5563039323194116 0.5182729008148541 0.5676449606962968 0.5688119105052906 0.5813088989836793 0.5750186950149423 0.5668386572390414 0.6217645402808134 0.6353910572461043 0.621518041026723 0.6297203577438406 0.6494128189638918 0.6853476197646818 0.7063334649725945 0.7258573264892934 0.7189209906047561 0.6995427258573201 0.6886198580000295 0.7116608899481603 0.7462242403217333 0.7579504636461342 0.7608775703964576 0.8095938355845973
0.8311342961188275 0.7676948820503204 0.732100112618454 0.757019333622997 0.7305992323614406 0.7208906566907706 0.6836221455230518 0.637634836435939 0.6615562023777505 0.599738723381324 0.5897605578584685 0.5201288654561946 0.5531365209321003 0.5519724273028085 0.5661472265043036 0.5498751212921045 0.5488928873708419 0.5590349552590241 0.5723845950547196 0.5719821169463025 0.5905124365621635 0.5735833820228886 0.5439692811766372 0.5887162153651342 0.5774578509114184 0.557735741787054 0.5724281984190828 0.5790597591552028 0.6229320873893882 0.6722892543659175 0.6710288014802884 0.6384362973149205 0.6659658107037506 0.7126148550002155 0.6913364125190294 0.7458960335015857 0.7306839533217225 0.6761623261530204 0.7206262062104184 0.7616790580162782 0.7444612485441477 0.7897477242209485 0.8008108799845405
0.8501625134877099 0.8262472990646548 0.7699747770486075 0.7571469084131417 0.7127981506156825 0.7182567946151466 0.708995588484652 0.684806779051513 0.6301787596151892 0.5810073326355829 0.5879502683186812 0.5766292785920589 0.5507294519049722 0.5904119296201219 0.5631021541627235 0.5254411794993993 0.5302316866838949 0.5175380093860569 0.5501968865992721 0.5877620439098732 0.5838420273018282 0.5946513758799513 0.554427182482861 0.5325394866634139 0.5779715631891021 0.5444129573880252 0.5486940672453152 0.5601025144410458 0.6221401447547505 0.6398294015472265 0.6400432684185287 0.6360266681612199 0.6790825627027511 0.6736028585984563 0.6912830507550745 0.68502139778779 0.7138075417266169 0.7023518065410222 0.7274640853985956 0.7406687703721847 0.7440753039815168 0.7748387304236344 0.7847734260092726
0.8795179979434348 0.874235633034381 0.7937333232574899 0.7459756850752168 0.7389580506113387 0.7117762151639464 0.7258243055373587 0.7132529417845623 0.6498937599176141 0.6198538114016335 0.6074638589549115 0.5706188728444002 0.5844105118392544 0.5918703873056681 0.5804009653367964 0.4838046681365668 0.5106241537876515 0.5259251690065093 0.542133043638143 0.5566928186385194 0.5682771057200275 0.5975743014389298 0.5623107672061952 0.49779190178353466 0.5505088203082782 0.5617731059389265 0.5503293629771434 0.5768352756509886 0.6157038150573808 0.6306228911672453 0.683744485207444 0.6962574896167868 0.7245563655073505 0.6956245654133919 0.6679468289854961 0.7051672804688637 0.7134889378028927 0.6740525795607528 0.7128362764053817 0.7419254427639338 0.7763132569994877 0.7855024721618692 0.802577131444741
0.9382482836194237 0.8602027807404667 0.8211949998488625 0.7832389895764447 0.7688668823415747 0.7396307719685876 0.6875906596161216 0.6853087684231548 0.6713365751242718 0.6314406946814204 0.6349378516065877 0.6314447449330481 0.598127449082683 0.5818796212921992 0.600428099976403 0.5679075994385926 0.5184898936403433 0.5437179538223844 0.5169737601029545 0.5380199442259581 0.5750564924946874 0.5883915120981194 0.5812233290879992 0.5739382627795927 0.5834059437021316 0.5835167296238626 0.6371528408511151 0.6508736305937917 0.617486001811872 0.640477903282436 0.6997352578598799 0.7160382003978065 0.7474878508946441 0.7276285621771156 0.7074239956551911 0.69876323399527 0.738028780233685 0.71101149535371 0.7196827806142609 0.7690706603969429 0.7868804189434874 0.804775365796385 0.7836536276168796
0.906865580884325 0.8543630473234014 0.8210205598924101 0.8037091393995129 0.7805080681098414 0.751989232846416 0.7173762818756844 0.6909403167445584 0.6334342659068393 0.638329816464727 0.6183813315759581 0.6107824241200531 0.6305667403742793 0.6022555689092894 0.6304227777186869 0.618036437549055 0.6042560387680335 0.5641520442886309 0.5409124922963472 0.5342263371738715 0.577408048796859 0.5690391331710785 0.5897027827961966 0.6185989365931192 0.590304774304901 0.6072599819782342 0.6700181376501001 0.6809727037620411 0.6753811918172905 0.7079689562753437 0.7157808072971341 0.7121995967654839 0.7311117657133074 0.7603349654407174 0.7592592671781391 0.757400022734434 0.7469399029330027 0.775251581447416 0.7445374281032848 0.727632586072345 0.7572052130510302 0.7716953958764515 0.7984437719574459
0.8885550570105069 0.839438438626447 0.8355778568609428 0.8333071408434369 0.7979981338377637 0.7922127720242595 0.7415259603641312 0.7320254005487196 0.6615650325067984 0.6429971071430196 0.6335919097101342 0.6345401663873685 0.6410493123735402 0.6308395454738296 0.6210189122245853 0.6189215635376681 0.6173019042291141 0.5908110654201519 0.5723074725450592 0.598164290897301 0.585490010292293 0.6146448380253783 0.6404240844006953 0.6818599534648502 0.6496922743643645 0.6545103451627222 0.7198693380490877 0.6860020299582505 0.6814574586345231 0.6942235967907149 0.7230476799249212 0.7185497642414194 0.73125248394259 0.7883059761340584 0.7695180923653291 0.7677185640544617 0.802210844250617 0.7803433949671081 0.7793717338643606 0.7623693091807419 0.7288653994875907 0.7822909730558179 0.7753240880952064
0.865371078510007 0.8283228620397795 0.8120852104569214 0.8800710148355997 0.8061689905743837 0.7793486563069801 0.7176736452039275 0.7117046059584639 0.6825029604161221 0.7111148926289946 0.6731541104230996 0.650977971733466 0.6355164088025654 0.6669295986184741 0.6305393516436095 0.6775101449494918 0.6332205370295941 0.6428418421934524 0.633218947375969 0.6028034392886041 0.6252654523937996 0.6295390312366355 0.6765826686390168 0.7045246999581122 0.7053315843115093 0.7620814540591998 0.7513852364132735 0.7498407294478975 0.7358770302998296 0.699382828426607 0.7029182223143812 0.7334191996052369 0.7475052661906312 0.8051669625636364 0.7989239385246286 0.8497888099825984 0.840905963171088 0.8532650455735694 0.8293413123905444 0.7778173267036992 0.7873487961844096 0.7525983079451821 0.7659886189231538
