Raster_benchmarking/continuous/raster-2.asc
NCOLS 100
NROWS 100
XLLCORNER 1743152.9030917033
YLLCORNER 5469288.437545222
CELLSIZE 10
NODATA_VALUE -9999
[rows 0 to 18 of 100, columns 43 to 85 of 100]
0.5819604241903148 0.6055696975034627 0.5516398577312827 0.5660194374833539 0.5366745035466348 0.5168605140814182 0.4739732502969511 0.42734064535880406 0.4449861600507846 0.4241046198059696 0.45734425270727536 0.44213885402021375 0.37929504261095864 0.3582848072712664 0.3529256553992166 0.33560768675095076 0.3636344832951106 0.36897331138882705 0.3923398247230639 0.38917532989289594 0.38939065014488133 0.41428641341385647 0.4260282047469323 0.37606191083085894 0.4017074042717746 0.40990159953763206 0.41749277657181383 0.45040539231974386 0.4598848205952971 0.5281533797585141 0.5344109751857903 0.5147545296416555 0.5165550896659606 0.4707703930739358 0.3975334749993221 0.3883257894020296 0.3841556331391012 0.3905171649264285 0.364019405847687 0.3815807679820275 0.37603366856052794 0.32535284294889366 0.33131181666688314
0.5283410805210134 0.5824548325634094 0.5489854450569851 0.5669647539245912 0.5584366334166123 0.500871317701627 0.5029253650237452 0.45335653917076396 0.4361945795510452 0.4548568385661863 0.4690517614123299 0.4164865324893936 0.39239299412375916 0.3508306493155334 0.37145208694993165 0.37107000108083465 0.35186458752881883 0.38515532143379183 0.39109251019853436 0.37282432629186485 0.4148088341367635 0.4171248496353446 0.4106888417235989 0.42789937017361235 0.43573035205340566 0.4100016026262704 0.4117870004380612 0.4168412131751013 0.48196288897014505 0.49745731906850793 0.5246865813702711 0.4696434166712569 0.4834159884862283 0.42574423128856637 0.41496732850222146 0.40552826499086053 0.38225598958732215 0.38552233081580095 0.380820487266602 0.34997096184674537 0.34365957725601803 0.3562945253362755 0.31898804748912796
0.5008371807559967 0.5337010014469956 0.5449884191627118 0.5539346748987654 0.5518833135427896 0.4922603998217047 0.5055205682807451 0.4716055165588256 0.44591566598628446 0.4507597314086878 0.4462003631634486 0.4429825213780592 0.39752610437488783 0.39375487815580057 0.39715824888712564 0.36145367717931703 0.34807397194562645 0.3382861500634666 0.3380199142539556 0.3759281997335102 0.38970540373044815 0.41061605440106885 0.42907789175583805 0.43753979047507596 0.4352132424804021 0.40227965144271793 0.4042127505584937 0.39190993654225215 0.4518427991559115 0.49357308133888217 0.4893939296813291 0.452628085026017 0.42522898460405495 0.40741445100026213 0.3722222697878834 0.3495190174304135 0.40692069582148716 0.39476312431953714 0.36614201090401033 0.36478982667086396 0.35787928745813846 0.3447282796239588 0.2989535753257762
0.502969082177471 0.5367535170391358 0.5215241999926122 0.5221034410657336 0.48587129187888684 0.4964404975658188 0.4997040977301718 0.4896545436281408 0.47614729154747554 0.4888142283406615 0.494071644359758 0.4389700790201411 0.4170177469990066 0.43520227759357355 0.436637499537978 0.3919879133897134 0.3924074348989422 0.32447546349067646 0.3326159616257916 0.3477828577151178 0.3941912150554271 0.3942074400456144 0.3962305666703356 0.37775162536433493 0.37637584699413534 0.3606852587717949 0.38238942806904586 0.3929961335897371 0.44359913019778424 0.42713903304294565 0.3987474974909533 0.3957345987371896 0.38985162818461844 0.35405026644161597 0.3647500528072188 0.3707055151075613 0.3875731783779131 0.37204056014954284 0.34950642480692573 0.37976190580734015 0.36510515568347607 0.3246831538310623 0.298758411868715
0.5146808312419829 0.49567773076802446 0.4979740794735621 0.48334653860803034 0.48877435223187776 0.4591717003361735 0.4779964159170722 0.4807588925680469 0.5152898696315903 0.5042091179527126 0.5279387997666297 0.48548887861579487 0.46820337987432753 0.4497241313540342 0.418055749041243 0.4245794347118067 0.38705777475502456 0.34698500976254026 0.3574932469753278 0.33372306721521117 0.3564543715323245 0.3867228242228325 0.39986543944494785 0.36797440314478413 0.3679486508207676 0.375457817069361 0.3865342209402972 0.4008179501936 0.43228969861219885 0.4069427632190223 0.3743340828060023 0.3523403991768818 0.380657785726164 0.3666341780122525 0.36200058223100806 0.3461405129075222 0.3404404983039165 0.34904815072992096 0.3566811770005381 0.3668043483450962 0.3687342500023113 0.3217253279557202 0.291953529104463
0.5203571500232309 0.5041069126854834 0.5200208468822486 0.4820331831219774 0.4893575430939392 0.4942973670097304 0.5033386612790559 0.5020537770484874 0.5056162802222457 0.5167594872481542 0.5222608808116561 0.49841033360719245 0.44715924400515455 0.44730627433516773 0.4245139527459359 0.4200504982276132 0.4086689780899827 0.4002569032328148 0.38764896478792277 0.3527207838255243 0.36513591501101844 0.3658144624661124 0.38549079298750977 0.38566359603803635 0.4103041800753449 0.38976168195100813 0.3977614834731595 0.4258394247746939 0.4322846857233956 0.37712795803085725 0.3680261038673053 0.37274296171713894 0.3739193018223948 0.3459861408710481 0.3850457979073711 0.34643765114147934 0.33869568103014525 0.34296613515912333 0.35006403370190053 0.33658666086747946 0.338635382582619 0.33918639054709315 0.30820588259153936
0.5151902072531863 0.5243292404582909 0.5214448481241273 0.5334164907198367 0.4982863406154234 0.47110061495930533 0.5085615384073181 0.5286519228638972 0.5257825249243362 0.5306397124758793 0.5394178851587083 0.5112719671481118 0.5044548169395519 0.4392646731199702 0.46006217690601964 0.4809247284572017 0.46103124901936804 0.4066068294084454 0.39080132983692073 0.40337151157000567 0.3992767959073568 0.35800204958682275 0.39462692042006803 0.39593832423541364 0.4214398815048918 0.4435572465679527 0.4247660722415034 0.45143662522668243 0.407358481782483 0.41755070574385555 0.3850156549458149 0.3772511710335283 0.3893381311410219 0.36558347556444276 0.3935394593537911 0.35757192322428577 0.332391140493334 0.3437479591844211 0.34410484859956664 0.3409922386449449 0.3271869356429358 0.30311526585565013 0.31392945986889753
0.5310099418641627 0.5134914330627397 0.477879655506515 0.46540816546362174 0.49543100772051246 0.4951096290284807 0.516664389406743 0.5111498780119942 0.5169520655139533 0.49697080864085397 0.5373490536770927 0.5401667599745902 0.5053328740477333 0.4610965044579819 0.4644968714691063 0.486765754518383 0.4616435064144437 0.408070662715063 0.43470349732066915 0.431185031671557 0.3940337239283682 0.3868799641761865 0.39670838174615236 0.4316142356636369 0.42373269817865317 0.42455853294951934 0.44254084183811054 0.41210180400287183 0.4316986659811344 0.4366219771924764 0.38214445580546985 0.4034659565572941 0.3785620237767585 0.35696749333321026 0.3698970498206758 0.358989741368057 0.3862613733329802 0.3658654575715544 0.37256203120417936 0.3667808269763429 0.3220420703284975 0.2876135149052213 0.3044783975143515
0.5287078398454823 0.5029852441699562 0.49738286754462635 0.4618497352202281 0.4611351085914434 0.5246939310933839 0.522354287214667 0.46920033186289245 0.507991512631691 0.5010390338135644 0.5159286635218362 0.5099080859145959 0.5306675802199415 0.5025763602081775 0.44762775266740085 0.4399777047009432 0.43301350566246616 0.4363368002123039 0.43541515298525474 0.42680863253099505 0.3870245330814736 0.4422533530095338 0.42954873026088974 0.4677939081097995 0.45219198557993867 0.45525245948318865 0.4663903572268616 0.4347388029539335 0.41678029427050867 0.41017548214376154 0.4261190392333928 0.3757662488161013 0.3896390121115945 0.4198886175087683 0.4126428652922948 0.4350123962666235 0.403348267182753 0.34776042026190773 0.37258147318360757 0.3561168202561498 0.3636197814522703 0.3185409034077207 0.2918466886208597
0.46333663587043544 0.4419813232624998 0.45081066995367686 0.42610444808034564 0.4755944729848411 0.49809773398267787 0.47817863550274053 0.5001275115530486 0.49187881916656584 0.4915121148000937 0.524890294802626 0.5106661905426882 0.5147187300843644 0.5166124464141982 0.46451601311935187 0.41307262205805306 0.41091250598036194 0.4230859258688165 0.4568685301546351 0.45655327780420146 0.40179268396441 0.41984942100950534 0.4372093120869199 0.40139270013444944 0.41004144391700764 0.41978613132543596 0.4544864853111152 0.4339072717519242 0.4059885348184665 0.40809444904139214 0.422495432818872 0.42006465087045225 0.4367742228207842 0.4320221964101203 0.404077456853714 0.4301919841323101 0.3859079204750562 0.3668329853967997 0.40501197379489845 0.4089523945741005 0.4023127698413058 0.37134390389433963 0.32674836866297163
0.46729450333272815 0.4133481489080834 0.4391576320066493 0.4291040971591321 0.43687518014949905 0.4748572191695782 0.44884801052417006 0.486781532044531 0.48421410810595356 0.4856661487551036 0.5100822351630562 0.509817738690179 0.48424647498147727 0.5312365220914598 0.5077409727659703 0.4346562217399729 0.4412125191071065 0.4169065865054046 0.4202162657723685 0.43593103792825216 0.42667403949526084 0.39284773671639844 0.41036247527124303 0.4086706422550347 0.4323547617695264 0.42093638661266375 0.428373164784254 0.4735517238160805 0.43519576842622876 0.41674401259258953 0.40041300644187916 0.4139613025909456 0.4117580841737762 0.42361038741091067 0.41773556571732734 0.43800318086921697 0.40573106536228143 0.43053282576734847 0.3974222032636269 0.41619861772504363 0.39404546075475644 0.41556436138694164 0.4105736301459988
0.44696927105679246 0.4084244094376289 0.41938726640917057 0.44186005102873155 0.42367275453763836 0.45917414532959877 0.47091378112417565 0.4559113810828518 0.4794387522604687 0.4516649507107793 0.4520227146712807 0.46170154290902893 0.4833999570576377 0.5260020238690282 0.49562124531371293 0.445927133028564 0.46456772747620795 0.45820956662375373 0.438262497736792 0.4252446527176204 0.42675795896261076 0.3852740131758753 0.3860468606516425 0.41650895675794697 0.3858984824365181 0.43459971274476156 0.4300371326947594 0.4887754021113275 0.46236204995420743 0.41874401973283226 0.41428849386082794 0.4239158313723312 0.38368703576878593 0.4020320804921285 0.4195547711388841 0.40475229678549063 0.42908386019837563 0.4559294430213058 0.44639047939719345 0.41953516403238245 0.42865665839257755 0.3969817568651301 0.4212731863279115
0.41900971353526456 0.41824479810632537 0.38509002608706544 0.3833419833855304 0.3927277766988205 0.44782710346435156 0.4219429552601826 0.41379355120803135 0.4246872900728003 0.4157492358266245 0.43081271945661537 0.40946549446679686 0.44615636772033945 0.4844382497067989 0.44682598576943444 0.4434097045481422 0.4609717492588229 0.4483170530698701 0.4006149374787036 0.3834858637916021 0.38660070337226543 0.3764843899275396 0.3959620746125658 0.37675663674440113 0.4018025442281331 0.3979780445887246 0.41566745249860737 0.4805145442251721 0.4172877408700037 0.43132224742895503 0.4065289526763498 0.37028951410382305 0.38775980446484953 0.40337900857999004 0.4173794260358678 0.43177303071887313 0.4405040675685338 0.42649301827622854 0.4263306195083653 0.4673631021307785 0.42768010656612643 0.4389170129125267 0.4158522865705106
0.4012590568620364 0.4178611155118165 0.40005246896308616 0.3967559821057335 0.42183135013105993 0.39789548211634906 0.411162441693 0.40663314970679015 0.3719423462598727 0.3885994440815555 0.3868099582620267 0.3745911220239498 0.4277989203866352 0.4408562756158242 0.4266287096487876 0.4248111943933018 0.4201462130726403 0.45388157287270237 0.40669205825321814 0.4100710172130725 0.41501034312172386 0.3987649892399851 0.3771142551744776 0.3534854581755809 0.38293679033481254 0.40997115102476656 0.42214052521202267 0.45485452054726866 0.41323767941383255 0.4402219757607131 0.4250381276948953 0.41553897130180295 0.41574768221878283 0.41806261495380187 0.3921171214090262 0.3762323325944788 0.41260109073992446 0.39964111762601306 0.4413589127337839 0.424565682370722 0.4594888461194852 0.4271357149294632 0.3915210715690536
0.4243115802524065 0.41320076630764047 0.3941800520114315 0.3625050996062296 0.38092905094140994 0.40590483214873746 0.3538636498256083 0.35226733637728663 0.3156616462205606 0.33401387052241344 0.33262670828600105 0.36992510071447965 0.4076643786255977 0.40268636923000223 0.4000975928860162 0.40292799901876236 0.4025260204580281 0.4369901134481432 0.4429091325906234 0.4107375563289678 0.427873398072578 0.42421034682004 0.41072606624346125 0.34465656976785525 0.3841323579340161 0.41472268870730444 0.40282520676156064 0.4439411413850072 0.4204499618913383 0.4004334585056638 0.3665134778486267 0.39421767987985734 0.42122158397477577 0.40366444490486575 0.3835771423210739 0.36183319843893946 0.4107279071843218 0.4243703355242895 0.412705730974609 0.43983500314261537 0.4256291755852301 0.4081234928684753 0.36109878690507663
0.39012684344141785 0.4065878545350279 0.3994178897270625 0.33986069452804996 0.36295947654220195 0.32754062861179956 0.344342265367231 0.3407087367415499 0.31746264641791666 0.32796228583032194 0.3233846335477091 0.37756871831104655 0.3752440077605877 0.3396979975916182 0.3667240072582416 0.4097724406346602 0.41002813443232444 0.42266957042167097 0.4118115247461298 0.43186509089875247 0.41454312707884583 0.40307495556199047 0.3809010058095885 0.351449605954504 0.37939052147365193 0.37415295861947323 0.4141490092513343 0.3709924883546419 0.3722276156732823 0.38614774080474484 0.3604537968919993 0.38569724968732905 0.39276205658467706 0.3538316204788955 0.37201125502206345 0.3343037407520406 0.3589292157086606 0.4030376923159576 0.4010331282087802 0.43227513804430523 0.3967699490770916 0.36597757964098065 0.34793624523754135
0.3753986830764169 0.38545158385494094 0.3787592847051299 0.3324408770260619 0.35033769896896727 0.2969975323850757 0.3173447354841747 0.30283243771426 0.31332008190075866 0.3494665655111539 0.3585015467378434 0.3578822342105426 0.3448666207603478 0.32399398961747733 0.39984058315463444 0.429979534623287 0.4095567954326433 0.41867847491043275 0.4182409004627835 0.3783533273072159 0.4084382175207492 0.3932149111678075 0.3579910923109113 0.3544155218325208 0.3424449468550709 0.3734670667622226 0.3833981736836399 0.3494254166836778 0.3349599924212876 0.375817616933278 0.3748539984173605 0.3618287647524424 0.33767429167048507 0.313395843430683 0.32534572679416535 0.3136246991044822 0.3647066844024403 0.3948816542873528 0.3980846134542115 0.42816735442897674 0.4143347663826468 0.36813612668475415 0.38143465749420524
0.3806157588506544 0.34484254173194556 0.34270799684116077 0.34447149189367293 0.3382320882779749 0.2917417195023206 0.2876622863353656 0.294268090133769 0.31513803972386406 0.3237634719750809 0.37841112901268986 0.36661664926326176 0.36292438713765524 0.3596021884935715 0.36146269483641064 0.39705686518139155 0.416061890694312 0.384781098621972 0.42553947075451487 0.38883394901088875 0.4029283646498503 0.3603825182868348 0.36756763832915784 0.36623656996634035 0.34540895155555307 0.36124505957433384 0.35557521590279456 0.3547028258878147 0.3418445158601351 0.3406126972525472 0.36726500511478594 0.39444789350055526 0.365554189939119 0.3403933056524653 0.32874923305178216 0.3202088612780996 0.32635588698035845 0.39525051605064593 0.40431134795692075 0.39807081536574856 0.40847074824505275 0.40095742420098474 0.4122646210578359
0.3401726257103765 0.367345131409026 0.3596624475277331 0.3339219568158608 0.34803162493944384 0.33256183083229446 0.29310595661679084 0.294848099512737 0.2970632826024449 0.34273848512525945 0.34238702594893433 0.3673260718707058 0.35504136827653965 0.40415084229254844 0.38145481159678596 0.3825090824628529 0.36107684010880087 0.37126884448564845 0.37288660956557057 0.4245221294264671 0.3671004240698626 0.36750958059933153 0.3605655739822688 0.38226814610640203 0.33900522068766037 0.36451359226095964 0.36852923904594126 0.31666733526254953 0.31960000452658405 0.2994642031192472 0.3180439414334723 0.36473200904720104 0.3680653417766909 0.33233428688737926 0.3191591312210839 0.3466968775257202 0.3664595265127851 0.36843513103479253 0.3759738022621816 0.3430239024543501 0.4081452818538234 0.40871538370079796 0.4065157511870528
