Raster_benchmarking/continuous/raster-98.asc
NCOLS 100
NROWS 100
XLLCORNER 1743156.3021869445
YLLCORNER 5469279.9273125185
CELLSIZE 10
NODATA_VALUE -9999
[rows 0 to 18 of 100, columns 0 to 41 of 100]
0.2005470960932955 0.19838878747260738 0.21195975223630695 0.21061818916753572 0.22832358757650345 0.17968165186840435 0.18530942102340375 0.1472215909053085 0.14135638386470536 0.11491209003061291 0.1510451200879827 0.13724281217893908 0.16187171784221674 0.1467415668583852 0.16182961427515816 0.15908981186586374 0.17150470922262884 0.19419680537098544 0.2046936835218088 0.2337024809292534 0.23030214159212897 0.23017929195683295 0.26154763738469705 0.2588849890197631 0.23342272874962292 0.23552862332453237 0.27429224367273 0.2546053819104087 0.23439805031561137 0.20057661742398722 0.2234410009626788 0.19446142198044764 0.18526594555683604 0.21900734454393003 0.18436046570015865 0.19343673218675758 0.25875464435069606 0.2737930391960137 0.2886879339140065 0.29879381444860886 0.32013182532119966 0.35665897308585875
0.19941250817873205 0.22458565763311406 0.2243899993980065 0.2509654696732277 0.23468253429500482 0.23004621342785844 0.1887152227044652 0.18220151239439414 0.1302156231759102 0.13325696024460126 0.15226222488526558 0.13883622788980038 0.1670759773690119 0.18715811364272023 0.1605805140374346 0.21341631341583497 0.21720974643332 0.2166694639615287 0.24007257596997292 0.21671179602418178 0.23795370973676863 0.2438615337272783 0.21772058966309818 0.2317153679902201 0.2508013460917171 0.2797177965756034 0.27168161543229 0.29624031745581203 0.2671465212035193 0.24378883273089566 0.20137146352723856 0.19874882056878515 0.19682358481828574 0.19564592250415477 0.19706800487904 0.23035492579049432 0.237346485892348 0.23781653545077527 0.2367011505326374 0.27461489203205197 0.2982693310587835 0.31550878076680955
0.19529894921214414 0.25857272808836856 0.26471972228300056 0.25241142743254885 0.2550094566772343 0.2361749299200509 0.18961744721684098 0.16929267077521587 0.17401896004949163 0.12678138578311315 0.12092709031458555 0.1497070046166063 0.14759308507649221 0.1822435326395352 0.20427557953324568 0.20735371895800633 0.21737205437531232 0.23115033675831065 0.24084744959923018 0.23870762920038677 0.2769224101818062 0.2733813130021755 0.22323985353333514 0.21474944774914698 0.22424330398024267 0.27405461586793084 0.2978893984335729 0.2883004248647499 0.25954210909148345 0.2462417706378451 0.21182110387245032 0.16686494112654154 0.19320920636349162 0.1902251224578159 0.21182133677806808 0.24744443764018356 0.25563029206817356 0.21152474437706287 0.19989560924502398 0.23617661605945683 0.2746445014993727 0.28629168226733803
0.20833297808135823 0.22573859254441223 0.21955876440246888 0.2633534016374926 0.2346602607769259 0.20666850004235182 0.19338441733815753 0.2090787495151714 0.19645245816943863 0.18532770265312137 0.15017056592265984 0.13812260358108291 0.170612426434669 0.20219507728570182 0.17765844526315544 0.20799175687035465 0.21701793915352738 0.25275564836442377 0.2500200777321047 0.2681205377243417 0.2679219677395911 0.25274558930144647 0.21276481920509094 0.2018313157462225 0.20765357347412322 0.22658238255611984 0.2746658098558308 0.25602546967171974 0.2426755398135429 0.20023568736522154 0.20336279316405415 0.17465415400316014 0.19907504969025633 0.2086154522231946 0.22208541510433372 0.22794218046001535 0.22821494777162418 0.2011279609875206 0.15541146981565734 0.1587305609792218 0.22949721040825752 0.20744324596485578
0.21312117747385304 0.19878139975841816 0.236540501210436 0.23972712026417353 0.21444623218007286 0.20964140128342437 0.19126297134115222 0.23666608099967934 0.21631143399907396 0.1948706619322637 0.13449218832625787 0.11426602444050846 0.16064240694867496 0.18279188747617037 0.16961674108400943 0.21017492687591777 0.217737362169165 0.2192853251641677 0.20476546103714852 0.24473766187221996 0.2369406182595509 0.25900929471891143 0.20739222867217016 0.21238192443551557 0.22003625734030471 0.22187792214198984 0.24956788574611516 0.22596665069043279 0.23672930791918362 0.2062656064604365 0.1813583310850826 0.21062081274696995 0.23090966844196795 0.21651105446787863 0.2084262365483999 0.23293292568360757 0.1809762693500366 0.15576632846542243 0.14892871566293633 0.1219426202309161 0.20423990959892147 0.1795698395719145
0.21176394942796228 0.19515686946921965 0.22199035037769116 0.24595262173432939 0.22720048334540904 0.21879057136543653 0.23254101745829212 0.21243433166753276 0.2016750429406017 0.21028085634738006 0.16279166782545934 0.17238141406626695 0.1488141428468606 0.1563569152078014 0.18202695090433985 0.18598945382888138 0.16921877804579574 0.17362050155101932 0.19294572239563407 0.1966852841900469 0.19811295682714725 0.19130987909841626 0.1736865252253549 0.172761029034029 0.1781000889927428 0.18614856128942198 0.18261837370749404 0.1895987401258661 0.1869076171806522 0.1996463502055544 0.19320311023379005 0.19255774192040634 0.18779847745680642 0.2081803498604835 0.18287226061332876 0.1741419346749358 0.2034747916906654 0.19176986776425556 0.1666304878435881 0.1444966835927289 0.19162124304817696 0.21527780619703624
0.23472072863834698 0.2265815549757065 0.2433445483152784 0.273640158261149 0.22848392681296006 0.23714095458710077 0.19411238744206036 0.20568431923819833 0.18072527033830127 0.18424090297663215 0.15440792242465076 0.1733581837156728 0.1430912942447074 0.1583838864167855 0.152787864147953 0.13433380948395723 0.13390811195712699 0.13205433943688547 0.12747405655018948 0.11907340091068158 0.14138680167329537 0.12802679528202734 0.16697621621288192 0.17010773586332967 0.1254298973432046 0.12279946073037912 0.13219333114091303 0.11113047761099182 0.1401990574591881 0.1561183169457487 0.16515256013052382 0.208956929812304 0.14867396556722556 0.15093641344833003 0.17162250996276218 0.18169612024704582 0.19201613394191364 0.14976961390917812 0.190008734787811 0.19145676696533936 0.20317424562988182 0.1981595926282522
0.18981939836640085 0.22052082601929454 0.21347953947945972 0.237472563950123 0.23339626444241146 0.2030542033753316 0.18427232489441508 0.18303762284637845 0.1606638166213665 0.14477459828761396 0.15804411242154198 0.17303946622043262 0.14159307650773553 0.13027333713057038 0.11986763862440204 0.12666488902616557 0.1321323600060843 0.14469274229447154 0.10306635643556325 0.07619349545506221 0.1195886567182549 0.11736571404788596 0.12906556106747033 0.13755338309206278 0.11646924001524343 0.14765033219030108 0.12433801393811454 0.11790383618173801 0.16026997758216105 0.15810645789153877 0.17526315758160094 0.1718910714421168 0.15230873897011177 0.1568465440771004 0.1527637516971026 0.18215207325636285 0.14677454942704155 0.1550699856070887 0.1638781884012221 0.19136137469932865 0.20037971612984873 0.20666729343192192
0.16072412174984066 0.181119181055858 0.1772388128285835 0.23261927661047793 0.18312656597220867 0.15343405448846892 0.18025689195198608 0.11160475503260349 0.10798974889339857 0.13031962191300925 0.14185541111565736 0.12616510201923029 0.11675695506829964 0.1374716918629186 0.11835661351384746 0.1477557165513575 0.15826352901602647 0.13303946516783602 0.12653285748671922 0.07204631873870092 0.11590345902243031 0.12524948944042164 0.11632490971361738 0.0682947405917187 0.0943135712364059 0.11917494616251317 0.13289023378254342 0.1074389708020651 0.13101370575114243 0.16277544586365694 0.1639512061548959 0.138727879687585 0.16556479868366972 0.1323747665293983 0.1743652805741348 0.17882664928882713 0.14879894153708992 0.16264448621485747 0.13580014583339184 0.1489719787988102 0.1964167634365587 0.20427694644978514
0.16477588866397624 0.19159300790907424 0.16447774814588478 0.17076234477276228 0.16413215212531532 0.18806586304085782 0.1729579255073188 0.11776495717710425 0.109869051402629 0.11622555621386192 0.13304006748555067 0.13065139268848278 0.1041602508435202 0.1127325673172344 0.1512368253258218 0.1501447396128608 0.16115098389309326 0.11182621330689721 0.09940942678825047 0.09117105900546177 0.06876100183738991 0.09835122161290152 0.08876669207294727 0.1131632087208848 0.10900788504888033 0.11310269522227422 0.11602964528128097 0.12009183021415792 0.14184716494762895 0.11886774240103673 0.15916694453042113 0.14424215068786497 0.15197431818901624 0.13993309370306975 0.15578963866818726 0.18123276477456293 0.1658351298332189 0.14230679499802656 0.15175376482276048 0.15133562853816165 0.1678470626511219 0.15563858549235005
0.1596543593977954 0.15961781979587603 0.1340814816187235 0.15831295613699986 0.1542575534697917 0.1914902128588533 0.16205212362557006 0.14972957384388216 0.1134048724750429 0.11996939915335378 0.1007090205233381 0.10001988383653179 0.10912471099249027 0.07487499973812238 0.1397651295833861 0.14559107280043201 0.1342521995529419 0.1294144886322915 0.07429600341497838 0.07367914371787464 0.09878884398027131 0.11039083221815724 0.08811753841694932 0.0836565653786886 0.09325141877087026 0.14012925477969485 0.12373149719631436 0.16628783452795537 0.11684145303199148 0.10562809397248339 0.12485354639360553 0.12020133882158947 0.16615370420245493 0.13667361662318084 0.13302765006697115 0.17416533429230827 0.14308113632756278 0.15182645498712766 0.10629574661322191 0.11162451944692056 0.13493771852670255 0.10950728075211352
0.14112652287491373 0.15744718475846853 0.1610022655916624 0.15525713447198322 0.1492316522941724 0.15110314811512712 0.1700021238637215 0.1597731053004642 0.15563382805543233 0.16085224922673078 0.13433342525162523 0.11985071650362777 0.11165945585813739 0.10660996514999908 0.08284323708151571 0.10785445377827195 0.1148836214968402 0.11743936046585324 0.10423817446894512 0.13707569686652737 0.12531521909772514 0.07712009218479045 0.0739590250581717 0.0890135586334734 0.11966705905771031 0.14484634773636362 0.13559128072146473 0.1372372400119182 0.1439144749373966 0.11052536825965006 0.13525698280236928 0.15708361349486896 0.15651037908951748 0.13355607702691016 0.15377016302382673 0.14106939645419114 0.10672692020447655 0.10730493190316638 0.09659408299381957 0.09306907637837729 0.1128026709137409 0.11942174023373237
0.16534030031648522 0.14140004767020684 0.17829254089413057 0.19082235745785597 0.176181572487245 0.16545595862422469 0.15288318287635227 0.112033566800819 0.1605724643250726 0.1433709527636281 0.15570965035481849 0.136185380981158 0.15542829238641317 0.11967827069408389 0.10649325248937284 0.059853105593861027 0.08104675787159858 0.11747318301032722 0.12222075341858701 0.14378585481821224 0.10060727803285946 0.10083086406934189 0.06113063598159233 0.06200409558142464 0.10163274163646138 0.1433401014108777 0.12333670238950763 0.16450369414407584 0.17547094497584456 0.1399329833032304 0.12551506744965518 0.14541907075622043 0.15527592565963602 0.12202394168273452 0.10266755005967654 0.07865494534056636 0.0702794944598325 0.060115957803024596 0.08505494089411537 0.04538815077019652 0.09489990352343299 0.11473817644614986
0.151715376122367 0.18969585997146993 0.20797024371241637 0.1762148853445942 0.19295173990898687 0.16491967180500727 0.16180271415376377 0.18036400976209568 0.1444309697896046 0.17548108939022034 0.18917270697959457 0.13901308568604964 0.15051875776191723 0.10221701568506975 0.0831662207371253 0.102636774161457 0.08564265691761129 0.12990188784008783 0.1395727491117426 0.13879963952078958 0.13804404604137363 0.08549914211158527 0.09650091913628141 0.08401476801687056 0.09533509058284617 0.1092659231520412 0.09700205602825707 0.11412615015363663 0.16458879399050283 0.16233431544718904 0.11704017158846841 0.13046097164196654 0.1270684093820668 0.10187289178516645 0.09814403602774228 0.07875216777879829 0.07574641005513377 0.04807758402906921 0.043209647075610556 0.09111646344486732 0.09660246272873856 0.12179819521496846
0.17699264283422697 0.20659633412965736 0.19486403666329924 0.21877507707555993 0.23634280789934156 0.22474585924647236 0.22741107725772156 0.2364699072107045 0.18343378988592468 0.19146941512119267 0.19213198264363326 0.18616004612543496 0.16622776084966276 0.14476898059122303 0.10102310935936937 0.08261332579874031 0.09192124614220941 0.12163398314223861 0.12041102797819755 0.1454866198067596 0.11431161978281414 0.07527632452391991 0.07478802046165266 0.03887279951511255 0.059690845200429415 0.04574059496473729 0.09171067076342301 0.12284378806506487 0.14690285269099645 0.12490580429817773 0.14706967236397636 0.09626974109771982 0.12637824599224326 0.10081483210875695 0.08004355891060343 0.09098092610510602 0.08653881161873969 0.03179365506812366 0.0651073181116982 0.08596378004613787 0.11303239697958317 0.13139476046420107
0.18108548154957554 0.16790374139178782 0.20045521591306575 0.18341575299515517 0.21447244603063345 0.23643155901721047 0.23196983963251844 0.23683885740422328 0.2617360958609914 0.2324552607313285 0.1962012835127849 0.2295787560825808 0.20056512087103479 0.19679078315023557 0.15503175159760274 0.11483052312758557 0.1189527510229344 0.13670987693311398 0.13399891114157278 0.11898789591718924 0.08515830308890138 0.08004862839070494 0.06608291375813104 0.06762247742586629 0.048422454234178076 0.08934330220851674 0.07941579542052536 0.0775112571893815 0.11810291968967984 0.12473744445683387 0.1660551512667104 0.1330392607068666 0.14353465334495089 0.12071668385936865 0.1144699694232896 0.08266925072409065 0.04005968252097467 0.04823256829890747 0.020685026909440244 0.05912210263301854 0.07581631498489473 0.1126260793588836
0.16949298745176927 0.1827539316430224 0.1806490712089938 0.15803996772834716 0.18422918987390532 0.20172800374034916 0.21415225692772633 0.26056560610948043 0.2731866517878942 0.26411210330109364 0.263293051449158 0.25200122814193876 0.236822802831777 0.2076749784205368 0.17984736860266648 0.11709822567505497 0.10755946077940028 0.08751896938130783 0.12151673039446925 0.11316289597765003 0.11665186462102667 0.07399325474770904 0.07132212625078138 0.027138923770155927 0.027505765692084908 0.07879787840283867 0.07883957510346735 0.08697259031857839 0.11498449200844114 0.15884510578494276 0.14899353842519078 0.1798360771977025 0.14954606053224379 0.11048309697966503 0.12999763953927795 0.09888731770152204 0.08348381354572214 0.03919269811160479 0.02922020231719505 0.012608527876153344 0.08891345762940489 0.08955222272087048
0.17860864480119926 0.14631805831679925 0.15572602646366107 0.16210308921665095 0.18062194091587955 0.204986697789597 0.22330296349756196 0.2647368165782624 0.2658099029936052 0.280485988633389 0.2507202194781859 0.261520419721953 0.2088536866566264 0.2272266910381637 0.17947345787031405 0.13534151217565318 0.14708278011841214 0.12105845262322783 0.13110038843688496 0.15908312467522304 0.14249381460188068 0.13766581704727357 0.07370423771392103 0.0405065611296537 0.0655825521230071 0.06743828964522251 0.08318907122605491 0.08196894067119488 0.1366101833038749 0.1258453273991972 0.15301179862901135 0.15653361067757088 0.1685951030717133 0.10574323843276415 0.08713998217622217 0.08304080779020612 0.0958982991506961 0.04704918891488043 0.058879620532406654 0.03090897025005573 0.0702555991091585 0.10917744978350283
0.15593121222444253 0.14676270892630858 0.1438623486442901 0.12429376507335216 0.1560060145155493 0.19522758376906954 0.22967928744584712 0.2085524076012759 0.2469362185831669 0.2565000874802324 0.27931281252484724 0.26067513187172126 0.2586416660251006 0.22199210090909857 0.2168344075476465 0.16591577591870632 0.19533833759568764 0.15068254933814143 0.12949492636681956 0.16115985004814534 0.14689595856000393 0.15828009622802983 0.1176035542288437 0.05180881285545811 0.09054164087379317 0.07486835830334487 0.07047932724392707 0.058523983414172774 0.11706653049242988 0.14919162648968526 0.18058561871736972 0.2025326190358316 0.16514996462693896 0.1474635152799971 0.09104948484185989 0.09564082132316079 0.060970859805083925 0.08567023174933551 0.08749628894008844 0.051297143366639444 0.08313589240936373 0.14454837443038068
