Raster_benchmarking/continuous/raster-257.asc
NCOLS 100
NROWS 100
XLLCORNER 1743156.9243383443
YLLCORNER 5469287.73069054
CELLSIZE 10
NODATA_VALUE -9999
[rows 38 to 56 of 100, columns 0 to 42 of 100]
0.8386279974682027 0.8265015152872802 0.7818467568903195 0.7979848714002015 0.7637638270129787 0.7588525675514243 0.7916650928351874 0.7862893568674568 0.7777792142646043 0.7737312022613476 0.795242570192448 0.7968232484509171 0.771084635670404 0.7923327663099633 0.8040540306378693 0.7820074096965743 0.8049225819735069 0.7946295816159067 0.8036269988846212 0.8153774230637222 0.8559028617493569 0.8284679878018799 0.8359953510329876 0.8356700497556927 0.8224297106771598 0.7913244399441033 0.8180301811309935 0.817001529439016 0.7645735361565302 0.7807056136477615 0.8012998956365934 0.8068977284258564 0.7905795987889652 0.7531051482016703 0.7739117395192059 0.7912920231883218 0.7744690263362094 0.7688297845072173 0.7711619244113599 0.7271120245734216 0.7563948961458968 0.7262433848006272 0.7300311765618791
0.7983922714341217 0.8239719449035788 0.8148915406259072 0.8014316540817513 0.7819457168956031 0.7536021035923224 0.764991852955503 0.740747541194035 0.7669029834381355 0.7622294023590418 0.7430075161640427 0.7594431096827052 0.7571793964752392 0.7828154961978135 0.7780516009097145 0.8007025160454805 0.7730675754044142 0.7919958082701832 0.7942404539295058 0.794709417687818 0.8166177395691694 0.8237504762189356 0.8218375316445209 0.794892894825632 0.7943241279473613 0.8100038645961467 0.808386768643794 0.8004816242753598 0.7525823778053254 0.7400124060026577 0.7573985510413901 0.7412343055364783 0.7504749965494637 0.7491483191525036 0.7538913749900085 0.7638870994186889 0.7535919180308246 0.7775474282856809 0.7534713872286856 0.7229949800123641 0.7206907239335938 0.7105976163340647 0.697728785528525
0.8100875761535878 0.8170919300164013 0.8245494211271963 0.7802050513452421 0.769712776002293 0.739640411590172 0.7356932166541333 0.7434687842560315 0.7128970799355386 0.7275400637181512 0.7292199707637155 0.7301190301656006 0.7856303160755532 0.771049373272775 0.8051022854850244 0.8115356412847109 0.7716868297333696 0.7918491604000674 0.7966549002565694 0.8048959435982626 0.8114428739665603 0.7957658763831358 0.7767042471433492 0.8215460373487364 0.8334502074093184 0.8150333748362937 0.8001202620179677 0.7717048322129365 0.7419228034067209 0.7108285255740479 0.7043358029263929 0.7427833196232202 0.7531939700135104 0.750118285560879 0.7353009805287707 0.7372050247372233 0.779783982746201 0.7404776852745242 0.7263094980144373 0.7272517472806298 0.7198437869750106 0.7012598154981932 0.6869743865930241
0.7946302558116483 0.7989939682668828 0.7709853811378788 0.7728090207120809 0.7655696944361998 0.7686776098869771 0.7473946818819963 0.7037734383551489 0.7118568558760944 0.7292166152388244 0.72444042981837 0.7210620750702882 0.7302624197703986 0.7482374006811013 0.7899865772986846 0.7939253428674392 0.8141732413724055 0.7945345406218257 0.8000022109033427 0.8185141782003788 0.8196075382095339 0.7725575028267331 0.7645634720640251 0.7997478513273105 0.8029090416466379 0.78033335426111 0.7826964467682006 0.762872302114263 0.7570014548098697 0.7186830493132552 0.7135481830080367 0.719479787733111 0.7211155170695296 0.7326011927767134 0.7328998090745821 0.7399870164152601 0.7305619667401672 0.7322884579171343 0.7261459165422908 0.7114789037274267 0.7208645100250533 0.7102221586666784 0.7154758690055912
0.8116390740585142 0.7791595943155075 0.762574449538712 0.7665305993642221 0.7960058192938678 0.7673918914442521 0.7152226592453391 0.689679554476004 0.703915709098106 0.7288880435356696 0.7273887485615017 0.7461638969158002 0.7307802384570891 0.73889555444173 0.7460536917506175 0.7697256993867642 0.8080432907055609 0.8027003346272296 0.8182369282207963 0.810260937156391 0.7995201091734537 0.7736858193122123 0.7854802897728743 0.7962323625998052 0.794381557554576 0.806030534057687 0.7833605271434138 0.7562343375351498 0.7158935494838778 0.7392815618670195 0.7222016422117103 0.695477959467965 0.6863641468292975 0.7094486249242439 0.7407057210050354 0.7360496374937708 0.7573615765083618 0.7168878725115948 0.7167203100157694 0.7234390361033558 0.735172547225408 0.7592678763467314 0.734444346030613
0.7882211251388362 0.7643970019196693 0.7754014381019263 0.7892179242504914 0.7866779814845817 0.7477825597681182 0.709627747267267 0.6983015113146649 0.6931982615856821 0.7059991430679365 0.721123642717341 0.7298955332261388 0.7234711017428755 0.7203519140273089 0.7475102893922552 0.7359048182586008 0.7709407205205405 0.7868770130797922 0.8042347596654913 0.8014525081675722 0.7959265267588188 0.7827997735797393 0.7573545106868667 0.7812528145294209 0.7962804767761206 0.7864712083657045 0.7681299034873436 0.7510734818579451 0.7092167593923209 0.717413447191733 0.7218737431989378 0.7253686907468969 0.7181680687810887 0.719861667728421 0.73353490885692 0.7520675655456495 0.7587022778596835 0.7405050293640494 0.7384738417962546 0.732795210313899 0.7404065837974134 0.7719793921440747 0.765192110794099
0.7692274658265761 0.7830668540410949 0.7670472552285504 0.778194470451692 0.7523980431096939 0.7418236360387236 0.754762381653491 0.7028903892741278 0.707078813811059 0.7233446189021165 0.7391325742861672 0.7297680253598399 0.7242518789309931 0.7207774243271163 0.7254388588091013 0.7353783656052735 0.7406988535947513 0.7465801084530864 0.8037119453052872 0.7988653652708989 0.742552941671793 0.7436547153915836 0.7526116447989859 0.7463204697904602 0.7751613340180186 0.7698971542948646 0.7116209449301855 0.7463556117388148 0.7402513958383593 0.7500821736139537 0.7179063409001464 0.742048320119615 0.7458838525372844 0.7152327638317861 0.704142795951018 0.7308103725478369 0.7280945703262641 0.7471799365339274 0.7699915807470096 0.7606518326715407 0.7679114991943831 0.786400419712393 0.7686218159080961
0.7559448487610719 0.7734477202424876 0.7734417399577773 0.7667398817000273 0.7600058919563867 0.7552871591225584 0.7451466130846722 0.7245375862390931 0.7089200154354325 0.6962670097447364 0.716291749265033 0.7334922077873421 0.6835095125840336 0.6830202045780629 0.6785826209317306 0.6954378861568866 0.7360495575417688 0.726225465176927 0.7740472982282157 0.7625443035385175 0.7602961637713297 0.7269972011391665 0.7637519154812357 0.7565971552737369 0.732291983199503 0.7323133532757146 0.7095936787667482 0.736230993404609 0.7510072256028435 0.7420876928969051 0.72095296812484 0.7426980746739299 0.7539175553930252 0.7211543748011734 0.6917051213798598 0.6957932107859288 0.7231364366546253 0.7344475531115402 0.7453462973564977 0.7499479753711942 0.7899826054378806 0.7824469069891037 0.7590220147312761
0.7244035807386282 0.756588247961303 0.7534191064086354 0.7287991627958116 0.75001764270294 0.7236928208466114 0.7090379467596936 0.7253219132692937 0.6986935410871703 0.7035475134510886 0.7190904868050103 0.7050881752828417 0.6687250324580579 0.6798663420864041 0.6864647812171158 0.7108731780942987 0.6945778742946335 0.710835841500054 0.7317111542193423 0.7354737549053445 0.7525660436619156 0.7346160167063219 0.7298739382309608 0.7428872613865798 0.7265587656205367 0.7349307674919145 0.7246439373971477 0.7410538430362091 0.7534545386518487 0.7374783204629394 0.7500233757755729 0.7503743206907935 0.7478261744410108 0.7234279191504498 0.7057482973766238 0.7282678663113313 0.721496378786897 0.7157262141841345 0.7189407229687899 0.7672987779113835 0.7854607280239716 0.7897498972874315 0.7836376600342222
0.6944450961732571 0.6982931636314719 0.7106607515117852 0.6954397345770491 0.7194292907026529 0.6884869468658159 0.6922140026557866 0.6814921423314863 0.6647325327881727 0.6938482800717478 0.6911290256990573 0.6785321736576936 0.6931656597391688 0.6656963699308541 0.6931075164820019 0.6981465974475337 0.678891801574463 0.6961240683146211 0.6987823663187641 0.7291325220516485 0.7528871891619452 0.73051592321465 0.7471963117990389 0.7424210839288921 0.7413776563435279 0.7323250505640184 0.7474817945773676 0.7414633449269583 0.7297109007027418 0.7199237537237461 0.752314992440432 0.7401873491805359 0.7338633904417757 0.7129607934766958 0.7014786913980561 0.7103662365201894 0.7132507855788663 0.7209593210596158 0.7192720150992814 0.7261594512635244 0.7495299499122752 0.7619202742303396 0.7700437665993384
0.6587110852178667 0.6762180080201113 0.6779688237791922 0.6852999606607961 0.683705489892227 0.6635580682096454 0.683486237583554 0.655270391573498 0.6556178087412944 0.6838631464116445 0.6911721206169085 0.6778957711364529 0.6698416761672029 0.6744633362911435 0.6666508375976871 0.6937494969845289 0.7060292152907527 0.6904410088543241 0.7110768580868363 0.7182067187201261 0.7259245647354846 0.7371898251031487 0.7395360808947421 0.7121357317669946 0.6992173277689161 0.7186906216736183 0.7193033364600343 0.709014320910341 0.6962389251931302 0.7345113616218585 0.7323417463705584 0.7358622545177772 0.7636221344974283 0.7571753446049319 0.7169689417114138 0.7265890935446927 0.7148181405860273 0.7116057651808543 0.7116646502795256 0.6993962921688736 0.7127834566601874 0.755564148272734 0.750091412189023
0.6365777954748421 0.6574019679585773 0.6289271987301313 0.6287472733717626 0.6439438789475495 0.6659880951941812 0.6376871494507811 0.6576503488596287 0.6386899857585872 0.6404956062337344 0.6547479734054977 0.6764457908210167 0.6811413962166776 0.6517627305924389 0.6857752776527826 0.6753411360861553 0.715329538771984 0.7259344701727238 0.7253245358074967 0.7249583922033129 0.7208532263532534 0.7547360153719408 0.7541480614306565 0.7234768573261349 0.6977462189167417 0.717607632422294 0.7151348248493116 0.6739576617064703 0.689740923984982 0.7126195242770768 0.7160846602773018 0.721887355980605 0.7227767958319153 0.7645025406227596 0.775866532858724 0.7664858776697654 0.7588133480004589 0.7536655917722151 0.7187785052221526 0.7137816151659043 0.7242394779495412 0.7301020039235979 0.7324720499144599
0.6350697206470203 0.6226135669056821 0.6270621288259305 0.6189498616464588 0.6039202130475101 0.6461755762368984 0.6263622047318239 0.6110952629916376 0.5915252171013223 0.5822341425660085 0.5872042644246682 0.6252938986718163 0.6742884177565904 0.6426492273638781 0.6592038829818132 0.6829937742727631 0.6803517029919761 0.7327339473814183 0.7351195688655682 0.7297230096448104 0.757548240305995 0.739466302818063 0.7434653818201141 0.7289028367997348 0.7337123490402511 0.7029789373180804 0.6777452409068319 0.6777788670951265 0.6884877263256105 0.7182550308004396 0.7199446687995164 0.7406461170527788 0.7101476962506079 0.7461377830839863 0.7881659350351945 0.7969925769217886 0.7758497521150283 0.779239826060227 0.7415068078190719 0.7463933154163833 0.7228925884709686 0.7118836464917923 0.7089747034647311
0.6349561311568318 0.593323828198886 0.5826941207206685 0.5949301098898848 0.5980251905388428 0.6098815369593357 0.6098787836998065 0.5876401112118096 0.5637609994305128 0.5741722357182047 0.59077124680655 0.5999760842413191 0.6343523594581173 0.6549102535272309 0.6581105940149992 0.6614971874546148 0.6992971209712552 0.7284779987745045 0.7218896235406158 0.7532236576171641 0.7555261070817422 0.7174898915778275 0.7405147098888196 0.7058875953325193 0.7116336069940815 0.6822055657514864 0.6757129971329755 0.6794655793298502 0.6786136864217829 0.6778903728534528 0.7177442824317899 0.721000515562209 0.7274541529329895 0.7473225255400887 0.7806318049179003 0.8044349532628778 0.7723502162624812 0.7688035518144262 0.7484929935043187 0.7529638020363743 0.7238275892279623 0.7362964645706058 0.7004839796265376
0.6094460500517268 0.5777418149494182 0.5737498694391445 0.588326240457257 0.5773048113347177 0.5567856086562488 0.5602572731390604 0.5764970212385162 0.5456265239264884 0.5685044617545447 0.5433556041581468 0.5640690128178355 0.6239251086252 0.6476708003555768 0.6774764833895854 0.6701327898523616 0.700887071060403 0.7125236130953385 0.7387988148797014 0.73022733966139 0.7162494412324122 0.6913345856850616 0.7120867936040234 0.6861697162401404 0.7146096203408632 0.6733015087517515 0.6436180309535094 0.6404893894869166 0.6700847449121013 0.6899294180254529 0.7040905637077042 0.7080440235586932 0.7631696864573095 0.7635903564015836 0.8010727773583753 0.8060423112179481 0.7993647704006116 0.7898118268618699 0.7622561843263007 0.7375294587741753 0.7253412588786514 0.728862837523419 0.7383706261077331
0.6429823295631907 0.5945557822071051 0.5623937432868568 0.5735359432905899 0.5885310833467996 0.5618278693434766 0.5559119822075527 0.5623659210650271 0.5460198793564448 0.5588554128798271 0.5705545480033581 0.551505814215492 0.6114938681334849 0.6251681013341155 0.6617286075627308 0.6563297533665157 0.6739505318059357 0.6717536915041731 0.7038119234468769 0.6947762467164214 0.7084030897177641 0.6887005094781768 0.7013150287547589 0.692571152999354 0.657488527800345 0.6640008825170242 0.6443998838363694 0.6456963442210434 0.6788304293258965 0.6722709813526988 0.705168654637575 0.7137174724008769 0.736767805061414 0.7501942125709895 0.775323200809194 0.7814058299324259 0.7761412983876933 0.7560274166740754 0.7731876798987014 0.7550899376744872 0.7210679619237454 0.7603332458585926 0.7382358927733225
0.6445116121870884 0.6229970508226542 0.5793856974783174 0.5971984006265514 0.6004783243084071 0.6016633966755496 0.5627444590573413 0.5681291020485775 0.5249812203931729 0.5152654800392719 0.5384080716543143 0.5364352118588611 0.5605361980885698 0.5970325558306512 0.6275609162373801 0.6464717094538646 0.643775273038383 0.648138869408664 0.6726626599483381 0.6574041964205471 0.6890341246357125 0.6621271997597938 0.6531189413795221 0.6726802158535933 0.6469423870805733 0.6718936627588066 0.6464853462116625 0.664647588660051 0.6906489747899485 0.6783203139856542 0.684030306687476 0.6856050089132606 0.7213742662480598 0.7604907268624321 0.7582610820070975 0.7852054066260614 0.7800733733063755 0.7361779786830467 0.7410128959177703 0.745959393858359 0.7334493823953029 0.760060643760089 0.7616027867150094
0.6221540412879709 0.62451614074648 0.6030808056816396 0.5882703932174753 0.5813930302103089 0.5923957933259053 0.5520956103767581 0.5484480766088927 0.5512136906377325 0.5271027092983812 0.5358843973444994 0.5444751491730474 0.5504865161305359 0.5691712857117972 0.5944192525148272 0.605186530025777 0.6084109308956055 0.6159968253120001 0.6449886538372995 0.6362189838415139 0.6546724576956727 0.633040226627959 0.6703168706254735 0.6663279438373235 0.6501829130453409 0.6793575462484964 0.6817696575055519 0.6644235156087835 0.6864962363738203 0.6708990235491499 0.6948258343188078 0.6894060317238508 0.7307642957286613 0.765470692652025 0.7518772475808663 0.7574299275955481 0.7783425410598893 0.7567954871038128 0.7405005248527342 0.7349263114031217 0.7210793238003115 0.7329735856852229 0.7531230104071547
0.6429716524263134 0.6543254236134803 0.6186930445839819 0.5911804881069277 0.5661948672725778 0.5523428948657072 0.5623872651329797 0.5373555897676411 0.5567816967184935 0.5442557309960293 0.5512147414510521 0.5308119636482315 0.5423940853255015 0.5572415560709811 0.544985694519196 0.587520021244832 0.6044712277616441 0.609116292867619 0.574097210771492 0.5986678732720488 0.6304559637021115 0.6212981951819366 0.6426851538642695 0.6336168257199578 0.6767050252298341 0.6580337689862183 0.6679561473539054 0.6868302769737861 0.6789617027886526 0.6991826104511664 0.7098906987457209 0.7054668411930816 0.7128394832995287 0.7555119462768709 0.7814940241247661 0.7604552294878383 0.7738445006123181 0.7533193836810411 0.7400958027279486 0.7562671127849329 0.7286496346641116 0.7707617554584789 0.780051363242925
