Raster_benchmarking/continuous/raster-395.asc
NCOLS 100
NROWS 100
XLLCORNER 1743165.5366360974
YLLCORNER 5469283.627214643
CELLSIZE 10
NODATA_VALUE -9999
[rows 0 to 18 of 100, columns 43 to 85 of 100]
0.5802729337290585 0.6183532734628039 0.5922695255461121 0.5423153441493125 0.5092725232799541 0.5060820745752905 0.5202134037490194 0.5373840875946856 0.534087389859192 0.49280629509800833 0.5422955517010705 0.582485627943471 0.5581383051354655 0.5750615830052292 0.5566177947350348 0.5642378592197951 0.5131298629004497 0.4853535849916637 0.5075450164412653 0.5031371282874306 0.5071829852314785 0.5024943397497798 0.4788194971958318 0.44432289504046757 0.40926189569487953 0.4084586446810522 0.4659911559842592 0.4665833353769755 0.4341628896256486 0.4430463168197439 0.46171373437613705 0.4454434102122293 0.44393652383060833 0.40101031056683356 0.43793210040151703 0.472200636814721 0.4623672556927684 0.46099757093805416 0.47650285906144196 0.4672979166303122 0.4568219375885458 0.4503267230605569 0.4562849404684039
0.6029849708836048 0.5880562595561979 0.600154175657782 0.5638183018552596 0.5257525402304052 0.5455374744080956 0.5705752252999451 0.5464721234143441 0.5279970116392076 0.5143702995862759 0.5228514291575023 0.563876167475635 0.5558560841883633 0.554815481101517 0.5686836394074022 0.5264015658449654 0.5135469117517579 0.5156809952827747 0.519840966448275 0.4876051662609454 0.5145932635524666 0.5357713309759454 0.5181077468469398 0.510285177413413 0.4500670835565761 0.46467142957593244 0.4612795772345725 0.4616691147448342 0.44352910224795544 0.45706589597505193 0.44237717425751816 0.45655999854949136 0.42849021589352027 0.45280010886402544 0.4550921279735691 0.44440455531758394 0.4657739218918226 0.4646984263822037 0.4974799965079935 0.5017566785196766 0.45089457918135545 0.42297694624728743 0.43958406487645946
0.582439143627334 0.5709219177675843 0.5976047195117151 0.5599934202754143 0.5439763714929153 0.5823846215014377 0.5764602784305217 0.581926728058891 0.5770351939619581 0.5426014529262798 0.5806359774108412 0.5704168367024613 0.6045289714512252 0.6058703891698455 0.5561357915292505 0.5436988634492055 0.5805465127687108 0.5510326693289982 0.5186376645410222 0.5136060858723651 0.5493663406414994 0.5299013209208973 0.5562358761227836 0.5449171994932642 0.4960511354811767 0.4630495630696717 0.4939932836270812 0.4903092685019696 0.45463697937260444 0.46479154129644595 0.48621700426269426 0.46015050312897604 0.44891866274355685 0.4203367955239014 0.4592603818195945 0.4396704967828114 0.48846807643223483 0.493838428693774 0.48133994397345353 0.4998974646169777 0.4449506342496667 0.4346102342955313 0.4082779606868108
0.5960317790264817 0.5966869713839342 0.584737186971872 0.5863196647727825 0.5750381682259949 0.6138478378594902 0.6061358373921255 0.6133309309408836 0.5736539337032177 0.5523299109393656 0.5915570492493702 0.5771197597216771 0.6040135572745302 0.6025730230693288 0.5903212865318211 0.5896962854325074 0.6034468166972673 0.5949826916504504 0.5804217788140752 0.5308938006762495 0.54813379573372 0.5610261798907645 0.5679513687410562 0.5360580345336271 0.5382743574352954 0.5147905300659986 0.5443656341500145 0.546460749661287 0.5288094920729857 0.49570248062311667 0.5102692064748897 0.4594039287700203 0.4375684056841879 0.42457515282066577 0.45693225080784855 0.46781253646639975 0.4744197239480546 0.48642455918190924 0.4789959525199235 0.48510153732345346 0.42688017729964245 0.411615588323707 0.4135597232947361
0.592755588106611 0.6056840290096852 0.5842219953842398 0.6217327286466564 0.6222730570709223 0.6392869293537153 0.6241710607878252 0.5942984273498295 0.6061745548923351 0.5990984612260842 0.6033269526558752 0.6425133814431099 0.6225412443183498 0.6277013743083827 0.5914692500481636 0.6120825069424474 0.6475222118927616 0.6376697177364914 0.5800788316445085 0.5437829101122187 0.5694117629375032 0.5603062180510646 0.5620459858612197 0.5911062864129318 0.5754043194152468 0.5924329828839555 0.5703186691926984 0.596832385767469 0.5588403136678844 0.5541733988623245 0.5160821262771383 0.4683451303975102 0.46126005118931274 0.4604613769398153 0.4726971732725253 0.46013591651224167 0.47107517424265993 0.45306896264044944 0.4631662605928842 0.42801435954741723 0.47060361526073247 0.45326853676814305 0.40087194996346587
0.6195121984209538 0.6271655651450416 0.6198630050638321 0.6562091797118398 0.6374884136292437 0.6561733100839454 0.6705601304917748 0.6234394078871686 0.64493664311925 0.6199612764500235 0.6257693933410128 0.6084885378908903 0.6379486733113591 0.607807417192297 0.6339289784165892 0.606610419335302 0.6358419569101755 0.6333118780284714 0.6067361939644007 0.5898106108625962 0.5949098967603231 0.6034339447429798 0.6054220999606102 0.6124738620860397 0.6284846370138777 0.6268773707404646 0.6110435019073466 0.5804792318284565 0.5690652350294316 0.5407158572066323 0.546403473857848 0.515546664059837 0.48833307909677004 0.47124498917512797 0.4992718746739697 0.5353562699276198 0.5135139140845116 0.4966652768392932 0.4395026521062626 0.4304880774168218 0.48202577148331266 0.46931710552912664 0.44527143225196597
0.6769545424635303 0.685976148435198 0.6673642544029212 0.6733727852686437 0.6589768239903797 0.6597803904236632 0.667634788419769 0.6867370593133707 0.7199013289967946 0.711570573645624 0.6509766891786023 0.6239358674661838 0.6497563572298038 0.5966118110523245 0.6344688532088929 0.649428356588354 0.616954308530442 0.5846037690320779 0.5906595421636832 0.6097256170304094 0.5840942877659365 0.6125822656522731 0.6293360581747423 0.6001931999652603 0.6415728748848579 0.6696594206998473 0.640720071164501 0.6457343003403337 0.5830285469691066 0.5850500700063164 0.5577844046729791 0.5520331056509358 0.5415572897559763 0.5153022776706878 0.5027556839082366 0.559335966191528 0.5123438089793326 0.4721855054588192 0.4476461104986144 0.45201294913721457 0.4622362603842294 0.4935728074943447 0.4390183704496248
0.6791582643604331 0.6570073604326685 0.682774057431944 0.7145277097388482 0.6751558633803859 0.7219844046872772 0.7090740480749518 0.7100664014091229 0.7410845906784113 0.7048139977115373 0.6857199029648131 0.6749277956241259 0.6562829431267722 0.6183482031537237 0.6457759902396575 0.6446241056467849 0.5955059658809156 0.6243275347254852 0.6314948165204035 0.6474513609370278 0.6205636387213173 0.6278436049981213 0.6619986509149461 0.6704391437158498 0.6556039222926251 0.6793718150493361 0.6549859034806637 0.6340282764769312 0.6400205947685218 0.6012997028247474 0.6064663681819747 0.5698000347037854 0.5970778133450044 0.5534018769379327 0.547887782108541 0.5281752685618539 0.5330085834376176 0.4975274111072624 0.5330405370218353 0.4912042232599182 0.4921690845058497 0.47330409769078524 0.46399013988979104
0.6704161312562541 0.6710994299752214 0.6845070825764688 0.7247436372722329 0.7224589595644962 0.7480572884138873 0.7808474830411856 0.7878591159661271 0.7639865158641215 0.7564450167349098 0.7078310401534553 0.6692486073890371 0.683944985949347 0.6302084890310049 0.651419873984911 0.6356462893673406 0.6304943058910969 0.5836506897261509 0.6408937213176665 0.6683329353213338 0.6628714900140052 0.7010886617809782 0.7008149469957832 0.6684312560631219 0.6918649341856021 0.7140178801690755 0.6564941917239174 0.6426744008241968 0.647698432798524 0.6701733860334639 0.6395481197941182 0.6287251857433654 0.6057284258999162 0.6047427989555145 0.5644813834344072 0.5515666933040934 0.5616596230545744 0.5374909461336159 0.5224616793271379 0.5590457117811326 0.5081497267132482 0.5045173277689854 0.4725444469918768
0.692429464525568 0.7060866074515988 0.7317930815712088 0.7229243476580802 0.7328123151825697 0.7265067374922238 0.7717027730299639 0.7665892998263387 0.7569353248446752 0.7744212119976178 0.7332937428928142 0.7226038959937912 0.7063194134273589 0.6937016710271346 0.6870949259081113 0.6451117398653399 0.6254457604338232 0.6353855729212208 0.6494495329810652 0.6809202367358651 0.6536168816260106 0.681803762499221 0.69591863895525 0.6642585117624931 0.7005035738269648 0.7070126186800232 0.6628708312666147 0.6815941679931484 0.7020314851088814 0.6613856825924396 0.6785262498078924 0.6502266853842904 0.5982192781973529 0.5804379194758759 0.557121698603738 0.5662222799068369 0.5581352098368713 0.5512501316881495 0.532514513268445 0.5548174415956986 0.5348030470149165 0.5476699269772449 0.5459607783562138
0.6793822455298426 0.7024881823093438 0.7276715694606495 0.7215244099840733 0.7138425012320896 0.7576986216279371 0.7799366817119424 0.7794222082150076 0.8037812271918592 0.7908963383128595 0.7909291398364426 0.7479349619229841 0.7567574674616121 0.7725486838662775 0.7418412016430049 0.7101368133713928 0.685077974927769 0.6647656892763089 0.6817732841275845 0.6490017188666707 0.650153075031023 0.6487324028000678 0.6824432634234309 0.6836013860007759 0.6381173827195579 0.6474398035747515 0.6772277146361609 0.7039637991402549 0.6681795836173786 0.6855486463948046 0.692375837501738 0.6537324740784982 0.5839106102381498 0.5683467518639532 0.5567743831399629 0.5803892537049583 0.5339891387864598 0.5268821947779607 0.5575721847452348 0.5769279435425858 0.5666395139794184 0.5805738658416516 0.5584428836723325
0.7325957301234469 0.7300821101189803 0.7509478159449172 0.7268167785851305 0.7407247551835165 0.812276061544296 0.8141899357787242 0.8261288100600562 0.8048821807566947 0.7867260369816008 0.8090906697057898 0.8316857187764896 0.8211409377712924 0.7885863387506372 0.7755024697363091 0.7758437674014508 0.7431136170972237 0.7386807389948612 0.6670529169336368 0.6585298536932085 0.628226561627359 0.6270303799516368 0.6589504859700235 0.6512127236167967 0.6228747175190474 0.6072310351015742 0.6452685701530747 0.6593921350808595 0.6569298975304199 0.6607882516711647 0.6599134912889999 0.6440904397266007 0.5750710239710949 0.5807490482602241 0.5753051815823509 0.5753492357169485 0.5726748796930925 0.5467264656316808 0.5236428939078871 0.573614353391101 0.5704878298736524 0.5405107043068087 0.5357229477911228
0.7383470473839588 0.7289347849187054 0.776298139788437 0.7476530873530296 0.794940443590426 0.8416810576152856 0.8367029374601709 0.8698211607960915 0.8616896684493666 0.8361817835203033 0.8170439734054965 0.8482923530916805 0.8192270483109905 0.8233574866693765 0.811725061215396 0.7641524405949954 0.7784272166967859 0.7739632038624248 0.712752613736348 0.6672909546011393 0.6789931133612724 0.6360707956759443 0.6428024594891026 0.6310055070926711 0.6471915834282552 0.620038161649675 0.6337130498143393 0.6315682584356861 0.6311059227877472 0.6357064675729255 0.645790261334242 0.581459121306518 0.5802246241475083 0.5190251133150299 0.5850987463197294 0.5792722275978138 0.5540484462336398 0.5257841813357144 0.5402238845199531 0.5345377986018622 0.5617534112713232 0.5756463459176676 0.518291673802527
0.7690261234981691 0.7666841765491377 0.8114929805617119 0.8146929971081576 0.8171648966106085 0.8544827162252542 0.855295896912297 0.8569648172805802 0.8831454727260097 0.8615264728432991 0.8274765796164979 0.8404853294654652 0.8619894178209532 0.8146702786257375 0.7962854427698632 0.8061952485065319 0.7827482748533797 0.7725736777082918 0.7603641758615116 0.7164920253803124 0.6819015459579312 0.6445956612845622 0.650016795632142 0.6370962070384969 0.6085286390107912 0.595658060601201 0.625084495174443 0.6041854417515642 0.62129738961838 0.6475524952720331 0.6301683450100765 0.616271386287453 0.5749076993744902 0.5370641421249708 0.5555106667961058 0.5966800272808999 0.5700238455408814 0.5400204368226434 0.5199680394537659 0.5633965278513142 0.5706601325615099 0.5787113666567918 0.5405198653998781
0.81956710297507 0.8350123561278537 0.8159462089643655 0.8281192410073334 0.8684312281184631 0.9214277183348982 0.8801182079232214 0.8870911396262496 0.9019140972303187 0.8790861975402186 0.8403901497905877 0.8499816057449001 0.8958385350647239 0.8857165485278383 0.8413323432691212 0.7969053283827477 0.8279866709187159 0.8040027212480657 0.8074756685630142 0.7551160745690912 0.728380731426614 0.6753169097047189 0.6581984142926905 0.5824852647953166 0.572469872798787 0.5937874534487003 0.6340241585276912 0.6198225522976782 0.6622644427148424 0.6665670360296723 0.621325332457715 0.6277436801571045 0.5789580171931297 0.5914260613102093 0.586033995189331 0.6175828405583477 0.5676167218614699 0.5472416929239655 0.5341895492087082 0.5654559276665246 0.5487313604533457 0.5789595182660272 0.563220549018455
0.8610699944651472 0.8798071821017596 0.8678108001983609 0.8962039198440699 0.9052499113089113 0.9361880835238661 0.9351078293465914 0.9080427350005247 0.9182500695732141 0.9046730488913081 0.8645786510217852 0.8713616605309745 0.9015503116369104 0.8737599205953109 0.8552984291149769 0.8106534789200994 0.8422614765806242 0.8005892007741996 0.8267344537135801 0.7601918708012142 0.7442895659325182 0.6805705293787258 0.6404944983329972 0.6058745956431325 0.5824234002453601 0.6042905277610062 0.5949033436587398 0.589016556851819 0.6446130160172904 0.6370180808058152 0.6648803221006551 0.6277848948841995 0.5935302388701268 0.6269236906889879 0.6183470585869004 0.6410464303775522 0.6014807032146571 0.604031512963233 0.5704937776682896 0.6021632042707641 0.5898594816245014 0.6044972571488486 0.5504756410684806
0.8575132562296652 0.9122949250447153 0.8814467975648174 0.9370900490817626 0.9366609537912394 0.9660520685517159 0.9554656840408348 0.9413644830386381 0.9255830672697215 0.9149437622255873 0.9284143219054626 0.9183766692918399 0.9317387447313225 0.8966901890432324 0.8473916867003563 0.8468562338774699 0.8645658669221217 0.840758017379585 0.8560168597140573 0.817118461322401 0.752649659195897 0.665326023477835 0.678485942130825 0.6645976816080849 0.641088051846117 0.5903309281191929 0.6193406587418323 0.5804148147258189 0.593426830357401 0.6401802141007303 0.6229482908213119 0.6237947904379894 0.6062489087526144 0.6165015616225278 0.6462336665758219 0.6510556504276528 0.6112216096946901 0.6556566421360404 0.622408177177691 0.6075791096678925 0.6363997713657615 0.6268356897865407 0.5593141294705212
0.8699631367508169 0.8979901146953256 0.912873912806528 0.9433993408642241 0.9730257793496605 0.9606920108857894 0.9335681600640511 0.9162096535733948 0.9478266420498821 0.8971500813807765 0.9047541572908606 0.938027271773783 0.9404541809475889 0.8917524793516101 0.9012634006608972 0.8768047780673615 0.8645727498426905 0.8090872234434693 0.8304338068746386 0.7841795627208287 0.7382454979102172 0.7203805798257852 0.6610793190035564 0.6651346168027314 0.6457515646227637 0.6279130568474629 0.6293387799135872 0.6346800408184523 0.5874593780526242 0.5898779414988568 0.6386232190382817 0.5972292410501505 0.6144062599210262 0.6252347255150137 0.6365007997755998 0.6400439342613031 0.6282025091175656 0.6402964125941231 0.6371170077891548 0.6485025834924697 0.6397107675518211 0.6190402844609217 0.6012382413283551
0.8841591904560986 0.9085630096439629 0.9308466599594711 0.9213587320070982 0.9652928921617453 0.9588535943345977 0.9252732632781693 0.9323440101561082 0.9370990468677065 0.914738487151338 0.914123675727769 0.9389473686033009 0.9294741512744081 0.911170317130603 0.920477881475193 0.8789890443141642 0.8737967611817713 0.8020069762973169 0.8060630161617229 0.8225931826586962 0.7527418491419217 0.7242408425425841 0.6636913632857526 0.672418573461611 0.6378451317673739 0.6268226144095064 0.6005354339430674 0.6325049607185946 0.6232932973456173 0.6007387034158703 0.5972917768109957 0.6175734773101365 0.591858390541988 0.6421196637334583 0.6320038515973653 0.654594982783561 0.645716522225358 0.6086986726874957 0.6408837643599151 0.6081381800176562 0.6206495120285895 0.6505347652967945 0.6218263664928647
