Raster_benchmarking/continuous/raster-206.asc
NCOLS 100
NROWS 100
XLLCORNER 1743166.7231773664
YLLCORNER 5469287.802790396
CELLSIZE 10
NODATA_VALUE -9999
[rows 38 to 56 of 100, columns 0 to 42 of 100]
0.5501031749401328 0.5578058651335552 0.55368756750617 0.5723667212240935 0.5845567204242181 0.595982407409911 0.5748298594051247 0.5754590542164986 0.6118712678566282 0.622940269978623 0.6171886699084798 0.6127917715667105 0.6178047579633518 0.5897022115871501 0.6063468374078762 0.6286627062564801 0.6201984707482753 0.6069446490390927 0.6127670915319633 0.6037088934402552 0.6180961201122076 0.6379659755475636 0.6431852081003493 0.6498023209570781 0.6459986079230288 0.6427667945839327 0.6287419562098516 0.5945381977049735 0.5804440654696906 0.5685846193810471 0.5933628449919913 0.5893210594306582 0.5880492006208924 0.5838462575397768 0.6177587086230217 0.6158614242330936 0.5814806457517866 0.6135960281081252 0.5977491868806744 0.6155044757180894 0.5895855683754666 0.6042047167245395 0.620742411200191
0.5304753931946393 0.5309718875596483 0.5429922640900335 0.5471934470025271 0.582169130210344 0.5758963973380229 0.5903198405187773 0.6107885535303234 0.6388791106517053 0.6171348163111353 0.6297250512963326 0.6239654710075814 0.5932163067946239 0.6077690719876546 0.5950818342473339 0.6229777145595516 0.6035124950171746 0.6201661516940665 0.6011989819283595 0.6074040785751627 0.6393839884652441 0.63914373947069 0.6216695372992737 0.6179680724019935 0.6400063148781475 0.616544286121075 0.6080548754015813 0.5903464525240201 0.5413457239445838 0.5695495144495869 0.5613170960848304 0.5661501729402554 0.5566217240807987 0.571600343129672 0.5901976496860795 0.5880786871829106 0.5667316345247483 0.6012320179237892 0.6047102241942803 0.5730711142697078 0.5560943786318521 0.5920430003768477 0.5792370492567738
0.524018208453882 0.5056657288187687 0.5413512199088424 0.5363521905937977 0.5469089084176543 0.5636088213375796 0.6005201786830319 0.6195653955830732 0.6034645801981295 0.6211886504981983 0.6041224406306989 0.5929747079197846 0.6057800973636683 0.6171638795352402 0.6013968445774244 0.5964082096222062 0.5876318653131124 0.6149724251771646 0.634373511866399 0.6146885095006897 0.6353894348376311 0.638731973550664 0.6297038997800507 0.6164645071480065 0.6239891339076713 0.6060618376062882 0.5816388650264149 0.5663246024740352 0.5416250591102433 0.5450199659361634 0.5266172132617284 0.5320228734052753 0.5187389217750011 0.5437495428356932 0.5532085971508042 0.5470202855400025 0.5444561740100997 0.551516283589543 0.5476207886009536 0.5519322755375534 0.5365697838262962 0.5643249922543999 0.5686835509412822
0.49926274137904597 0.4875122043665331 0.5049228444081639 0.5067408924510904 0.5376140304508145 0.5885640054599203 0.6124121918707122 0.5959455092223845 0.6138738857694359 0.6201270475500742 0.5940599688138547 0.6085233870255735 0.6211829992812967 0.6219855734960594 0.6185634015273387 0.610853578554114 0.5879152355566559 0.60039064157693 0.6289711434106156 0.6449489220148245 0.6500746396252485 0.6237260155664334 0.6352070805817299 0.6161232028090762 0.579448409834778 0.5837028422168902 0.542328808350701 0.5346295533000098 0.5306883824210467 0.548124155476418 0.5367219074423578 0.49363584357178564 0.48514579378725636 0.5239025742480272 0.5470117572997025 0.5456145454328106 0.551487900602996 0.5537607574515155 0.5529279347171209 0.5477648637584432 0.5487187392526763 0.5719167829597414 0.5698576100139569
0.5216202833070038 0.5117008014260203 0.5268396825158101 0.5048196872222255 0.5430961217154984 0.5770975228015907 0.6132988817300045 0.6120706051105222 0.626381180516097 0.606757703028321 0.5813414364904409 0.5964083217258183 0.5889083398638607 0.6089492853331837 0.6312374382569629 0.6035072438227682 0.5888458052558543 0.6095748474131522 0.615510775641414 0.6140511782595663 0.601047768571963 0.5904747091739457 0.60221550499146 0.5950167489813041 0.586611785218187 0.54739984650945 0.5244140426358666 0.5231052079004594 0.5135634713068569 0.5358361300922804 0.5314193738768633 0.49271474049789965 0.4829880431671915 0.490026888949143 0.5277765188316116 0.5425519412729282 0.5463963610952424 0.5551441851038061 0.5547515187838087 0.5473032609470879 0.5696734273210879 0.5865122799052526 0.5727435422587901
0.4779884651020224 0.4948948079950166 0.5059207785245075 0.529931094676789 0.5272676576307186 0.5537050433864191 0.5731856973197033 0.6017872956948364 0.6092367562628747 0.6126421420723919 0.5952207960498498 0.5816016281635304 0.5848006999401949 0.6127030023828944 0.6195986147682553 0.6340428636198427 0.6151226463629604 0.5915428492802635 0.6009098059425321 0.6033759413713372 0.5748272613089435 0.5526474646759603 0.5529218138693863 0.5760814919439993 0.5613929504039562 0.5337407378526277 0.5422946103386733 0.5199440182280008 0.5307691466090318 0.5009205392025219 0.49393464542444226 0.47710818650110637 0.4336982773093219 0.46775516623544927 0.48760517846374535 0.5487323346703887 0.585705756676088 0.5491147039458107 0.5485955980133288 0.5494891383095336 0.5734170959163575 0.6020042562412506 0.5856490982571857
0.49556385891289073 0.5063734911600384 0.5138477263488783 0.5342422610980181 0.5329546829532085 0.5383061387997518 0.5745173051330904 0.5861980558621609 0.568761980895473 0.5598709600932052 0.586137914995467 0.5765604672873378 0.5751813998328078 0.5893249261949116 0.6038979476782754 0.6198506176418568 0.5954789600204373 0.5877917171894592 0.5708640027554523 0.5867929248344838 0.5706283671991791 0.5429486227974146 0.5692375463055249 0.5477749586857146 0.5590617272606679 0.5524774260727199 0.5441443684394532 0.5331369265162751 0.5195024719549811 0.5058831654868491 0.4896200226206926 0.46437209589401146 0.4621302716761855 0.4600539216030199 0.49966754334148933 0.5300839310961944 0.5743635593245474 0.5492259017010935 0.5319172949618536 0.5493025952656155 0.5947985255660864 0.6038408722342148 0.6047631759509244
0.514220059680902 0.5140827161499654 0.5016739715597568 0.5309116263522359 0.5255548446509539 0.5222288345047128 0.5488804402306644 0.5446013170871563 0.5414397939233941 0.5504432337194954 0.5413277814240425 0.5670355610560817 0.5478878642055904 0.5651967194649917 0.6140450007898901 0.6135954315540019 0.6141945530330076 0.5832615583476088 0.5753207645928665 0.5740895633438718 0.5354085857023752 0.536143898376945 0.5552772042222259 0.5471428577034546 0.5672449160608354 0.5626823060988545 0.5311598520820758 0.5104747116176203 0.5157796019122279 0.5017293960001636 0.4960431066535281 0.4882864837562878 0.44458080009222267 0.46749022470254803 0.4894880638056412 0.5241799495569085 0.5648027771254028 0.5446023577350017 0.5320378032743057 0.5538347979313392 0.5880259517004354 0.5938128367961536 0.5902794290417759
0.5084793412278059 0.4929066655158699 0.4845966460695032 0.4957649108838332 0.5295733950814381 0.5391534344703209 0.5464768658686324 0.5222534701118231 0.5214291435961207 0.5494485779357425 0.5497167521815061 0.568239788779927 0.5748455790154093 0.5833608183659945 0.6334334777816122 0.6388035758665249 0.6454838421108775 0.6241424195528718 0.5789862533324784 0.5747369769647875 0.5530284747129052 0.5531468623523424 0.539214055932061 0.5752059908891536 0.554362081417398 0.5401632631979555 0.5381584361072929 0.5378547482168679 0.501442726371271 0.5082432428119581 0.5072673172821655 0.4920432876330244 0.4811485869346309 0.45954124049683825 0.47860582130327955 0.51147009202049 0.5237196342797505 0.5470049777833166 0.5295196328230619 0.5347926813913381 0.5445813747627847 0.5540216521821036 0.571195382545519
0.49223889195565285 0.5161832937668713 0.4962379013414416 0.49537517036105727 0.5389747565439337 0.5363285563250063 0.5083229010528324 0.5083433028282074 0.5031714245645312 0.5483072673512603 0.5557354901824123 0.5509585373416778 0.5648843897080175 0.5776943752182749 0.6271139804460646 0.6396908908047718 0.647915506034503 0.6329570103766703 0.5994476874243168 0.5659907055845125 0.5461039464300746 0.5336281068684247 0.5482884858759485 0.5618587273529081 0.5907434430320244 0.5457259438019563 0.5429319279261583 0.5463408903739322 0.5079430195837272 0.4990527308174495 0.49604531321472406 0.48035966437214217 0.467152498213728 0.4536497292645269 0.4909169357337317 0.49092326375730505 0.5431513764736057 0.5364884412751385 0.5360021479973313 0.5166426872413379 0.5314699611022186 0.5286807320697465 0.5772231062380416
0.5097079142371921 0.5037888223727778 0.5259674765953843 0.5122432131254014 0.5397460349448223 0.5213140068019092 0.5159794944371845 0.5206076518439237 0.5310551223180441 0.5208242473973356 0.5428485257714549 0.5728951266615838 0.5919638833028552 0.6012042775817469 0.6234592644151626 0.6109986101564122 0.6302335129090253 0.6005569897131181 0.5724925762263006 0.5563114840153155 0.5495311256307781 0.5512751798295811 0.5639000915209942 0.5610491824556264 0.5445110507114204 0.5435126063166672 0.5347416462855911 0.5275198404378285 0.5278643586641484 0.5054859837845868 0.4974049452355451 0.47805788288651474 0.4522551897890163 0.448164608772055 0.47678580465520876 0.49492175163437396 0.5352164371231929 0.5297169850080938 0.5087990221734224 0.5257432295966268 0.5089782794593356 0.5278321742362816 0.5712015253036062
0.5204933934578304 0.5222612007630432 0.5360257153788229 0.548369073588372 0.5543047088103146 0.5465927119996367 0.5293669234594794 0.506121496527221 0.5070078630331457 0.5045474779588738 0.5236055892144011 0.5592485156235484 0.5908106084766765 0.625707724676689 0.6236940997322121 0.6134698424602094 0.6058836483820096 0.5882277323276287 0.5769467375636554 0.5587856465692252 0.5718530950076014 0.5560668384838356 0.5596698175273939 0.5545036149348807 0.5475386601669793 0.510135630294298 0.49846530587224824 0.502142250662601 0.49396262821301845 0.4942152799980015 0.4524577952339162 0.4371185318835282 0.43594007899195236 0.46929433591210284 0.47774258394554564 0.4897758403654004 0.5120481419631547 0.5275746411296017 0.4991150799466431 0.4918060239866822 0.5138974808037755 0.5512730243509941 0.567659488506657
0.5686212220356809 0.5462626579578238 0.5605107596272132 0.5335615385498015 0.5445113897118427 0.5141947037242864 0.5289146907582998 0.509062686369972 0.4912546751682857 0.4960246994422455 0.5275149485453694 0.565660819236663 0.5824670955107468 0.6097652879159727 0.6098899656153433 0.6045769896010367 0.6137306057557472 0.5970116591284708 0.5745315871122276 0.5595325727356796 0.5542267734612301 0.5458538931307853 0.5759909102769996 0.5675315715704424 0.5284565828999045 0.5158339024629628 0.5165827441958093 0.48509995131299116 0.4700209381541526 0.48565838423369234 0.4781892760365837 0.44694257306353635 0.4708547414351125 0.4694989051651896 0.4556790901474745 0.47209957240866424 0.48608324368178935 0.5168252227257433 0.5055714177703656 0.5014269378378438 0.4994651294787709 0.5414096759284962 0.5563576035313699
0.5803671868757423 0.5806009986343623 0.5612670253016627 0.5189582641947883 0.4984308124191485 0.4958720504818667 0.508522688847737 0.5313568774449986 0.5107104218260767 0.5132792967582999 0.5133348647498045 0.5435142542642375 0.5874263145482963 0.6033343820605699 0.6067169765291948 0.6127877688164679 0.6397356790204667 0.5878791818944081 0.5636427201299837 0.5464306459282621 0.5550787586478998 0.570407185093288 0.5762587751614319 0.5661645290115122 0.536868590182544 0.5187682940342199 0.5321845420014704 0.49921914358477615 0.47291140876901394 0.4889313778950408 0.48563545479843684 0.4689167382663914 0.463827853330751 0.44343011199235155 0.4503526568397596 0.4847580437378052 0.49333126476950556 0.5167824337125391 0.48738593293146515 0.4815991561706689 0.5083738773865418 0.5191416088513895 0.5132714417246682
0.5672173362357273 0.5658357558950825 0.5557952416991235 0.5183149404268527 0.5097467513688284 0.5362285667785963 0.5201400973970198 0.5377368556258292 0.5094399116679764 0.505434261815136 0.519883650651086 0.5589931965207889 0.5946239155991313 0.5881236463355526 0.5749158580369877 0.5937542558715744 0.6275834691553582 0.5877476499880969 0.5779844001685459 0.5568111525050247 0.5774597879240542 0.569670282269957 0.5807837310189112 0.5675327262448743 0.5464606562047394 0.5288629387290238 0.5328098913659743 0.5142870635571601 0.4813548378023947 0.5045642465391761 0.5090926895239655 0.4845243096167873 0.4588201503524722 0.45369785858254663 0.47690419310863796 0.47370099770741825 0.4724664965890916 0.49347665175493016 0.47423523014488667 0.48424976585490936 0.5072455542663432 0.5300870146993142 0.5315172160056082
0.5944017531889368 0.5857721512391906 0.5589650113756242 0.5377451837334251 0.5100722219544458 0.5390802463260228 0.5566319709028257 0.5524570931392132 0.5160992753967323 0.5334099260085177 0.5314420012304335 0.5442359049509004 0.5855766976722249 0.5815628102547836 0.5668322764112083 0.6067323822932035 0.6190882558254993 0.5969969369143698 0.5592009171702181 0.5475372892232017 0.5546814907056263 0.5608664293148403 0.5325493020576844 0.5414418869957122 0.5554480032532583 0.5434641865393655 0.5423168424042578 0.5082838289682833 0.49372473759301394 0.500264418245128 0.4973043497069987 0.47277915058563885 0.4389940359332888 0.45066185043455714 0.46901819520553706 0.4924450810343289 0.4844575185157678 0.48907018655879536 0.4940131373460429 0.4953690347769626 0.5063306478241676 0.5343120781658139 0.5440327560934293
0.6118579988047523 0.6058533786605474 0.5546057814818607 0.5276208107803013 0.5288191921269916 0.5369909388367508 0.5233203363674594 0.5316020563795008 0.5598976726959077 0.5545177908125417 0.5554678441396691 0.5402330881929922 0.5724909540888703 0.5766321151855348 0.5915594294794397 0.5871684219502188 0.6105917026560772 0.5763958659920299 0.5627021564224092 0.5321656146947622 0.5386810605910803 0.5330029883586536 0.5316548657721839 0.5393811914328129 0.5537176390483186 0.5592279617643352 0.537356143300218 0.5485525800863107 0.4964122651313875 0.4888510829872665 0.4944752439465703 0.47217809506504643 0.4556354815738005 0.433388902833624 0.44569910749498726 0.4724269075128328 0.46053429931633116 0.4999436481773583 0.5075696255976513 0.5245201358788598 0.5294957263916836 0.5221364881763703 0.5475267550151738
0.6293924202411889 0.5887830210654467 0.561570121989707 0.5518954118712904 0.5538134397226603 0.5336080013389088 0.5472663771132544 0.5419543658647986 0.5659377289801494 0.5588397952489722 0.5684854392712096 0.558205477215581 0.5479895663223058 0.5611872364731315 0.5901757616907616 0.579419745892652 0.6069655746956609 0.5937289896053976 0.5443685328242596 0.5455318194819238 0.5316390840448932 0.5243222043082633 0.5495350269303458 0.5543321494077131 0.5567613063513693 0.5510597174360923 0.5702811112651376 0.5388773005857104 0.5324928104485738 0.47777279888509294 0.4719140220311503 0.45467194137658623 0.439699419030993 0.4354425059508953 0.42327513608018197 0.43563205489632834 0.45178797588273956 0.48654631089757766 0.5277734148216334 0.5147826186144148 0.5506522880091514 0.5253114485220813 0.5262998969992174
0.6232330935012017 0.6062940410525182 0.5691124914400526 0.567136340861738 0.5637246654905587 0.5452819274935544 0.5417747097688825 0.5660266213453314 0.5522386767402535 0.5489754384217057 0.5404809284655032 0.5353802801887546 0.5280774908279835 0.5363578952894428 0.5503139300696365 0.5713902640802179 0.6007362873960844 0.5867927853538977 0.5488771421864812 0.5410778030840605 0.5605662792757619 0.5487313415357326 0.5345160624179708 0.5589506862902198 0.5626218614703533 0.5507930794854928 0.5261699941177455 0.5138206771712449 0.47831645378408666 0.4761772908011141 0.45289603083031765 0.43434427568294054 0.43254745090074515 0.4508216177382845 0.455480407720379 0.4472613419861808 0.46945569900141115 0.4762214272083904 0.5102273032121896 0.5093335241698946 0.5138518812229962 0.5055695123279476 0.5169772555578159
