Raster_benchmarking/continuous/raster-69.asc
NCOLS 100
NROWS 100
XLLCORNER 1743160.2045297194
YLLCORNER 5469278.232022848
CELLSIZE 10
NODATA_VALUE -9999
[rows 19 to 37 of 100, columns 43 to 85 of 100]
0.6171312614606212 0.6514353595374266 0.640582884808595 0.6317352311337509 0.6261183032085761 0.6336620805146582 0.61526888145062 0.6218950259021012 0.6336156905841476 0.6271843188419831 0.591704533018218 0.5704187468226072 0.5625803697573186 0.5615107178965764 0.5464369771920006 0.5600183956243108 0.5544103989061103 0.5604399010036795 0.545709042938746 0.5348564481207891 0.5543747708373571 0.5301637400959371 0.5671378383193546 0.579693873041327 0.5605228581038552 0.5234123134139236 0.530834281401351 0.5453656900423977 0.5525293331223177 0.5197560856418422 0.5411561929920108 0.5723811748684852 0.5652905220445775 0.5758934044728568 0.5690986164583053 0.5428746043572196 0.5350064094780469 0.5383274806218614 0.49595468630058615 0.4832965597826676 0.459191176021571 0.444088926503574 0.46470970657296007
0.6193445853882961 0.6556772592572566 0.6426645581015544 0.6325856401217503 0.6351471600027914 0.6381581975815259 0.6269872269620708 0.6182594006762178 0.6394785919141999 0.6034324299267382 0.6121757147607738 0.581724511314959 0.5572974655265469 0.5426574928759986 0.567923290163959 0.5389144466146897 0.5467025511367676 0.5327988074148691 0.5540330396106296 0.5578937401710379 0.5477586987807712 0.5502100498016449 0.5465364646372456 0.5560549428184022 0.5387935765667197 0.5517921023604712 0.5516763742975108 0.5180276853662901 0.5324076018025544 0.5225594403007047 0.5176611570251308 0.5378765440250167 0.5484245673089746 0.5654950766971752 0.5574091441261659 0.5305543819775669 0.5157080144881733 0.5005040236004366 0.48296763589871156 0.4687674205304887 0.4675426476496281 0.4431980381641959 0.45874971022548483
0.6385941091469706 0.6486796980435978 0.6255858785306116 0.6030138695549194 0.6360954541610495 0.6173945475140102 0.6394424199926254 0.6384664473521805 0.6353484380293649 0.6134866001679153 0.6043256827376294 0.5597431429110196 0.5605382214831384 0.5545862819762062 0.54291026041707 0.5407230818705319 0.5562582150447526 0.5311507082047748 0.5272165784332795 0.5519539049663413 0.5323236639725638 0.5160029892917646 0.5258271252667407 0.547618258067245 0.5548246368215614 0.5472178637404747 0.5355938376990997 0.5215070126635578 0.512242334828822 0.5384346806765721 0.510500508318587 0.5029733712887176 0.5559590505909598 0.5501751753088795 0.5395304526984795 0.5532981388568086 0.5215722248413672 0.49637455045242274 0.45520556160184417 0.44560766880246977 0.4504166631327004 0.4268293946335044 0.43586553975333037
0.6283424755801394 0.6221692800011076 0.6210252612575896 0.5988553559490956 0.6156206383436102 0.6114158453251886 0.5956170021065071 0.6093581651449621 0.6187944948878519 0.6125432677460794 0.5728166255831908 0.5594380412077472 0.5438994907869368 0.5642134057550998 0.5787070897807899 0.5660238167434248 0.5722492528747181 0.54980956572955 0.5512761048548053 0.5623352470052319 0.543427242306072 0.5262091215830464 0.5386142647769683 0.5482023710141982 0.5743991623596523 0.5840850535725861 0.5676826323197287 0.5517778282411915 0.533587148629898 0.4960289505939606 0.505052474267084 0.5386053255984328 0.5459031168431345 0.5496840643217333 0.5390372215556362 0.49212698881299605 0.4778055605820654 0.4759243091923776 0.4340976005062779 0.4356939565007901 0.4331015169652078 0.44943067675633747 0.44101559494455467
0.6046907856092694 0.6191808506872728 0.5811173834104073 0.57206546575138 0.5908845028669011 0.6150700470235829 0.6094376044847627 0.5710818128282009 0.5902588709322181 0.5709950141103134 0.5526358478519945 0.5549938106328826 0.5766057569622197 0.5639184385687233 0.5780916073609234 0.5882330426843801 0.5823448913807338 0.559870931013006 0.5506640339987705 0.5565093898403642 0.5422662670633656 0.517332091940399 0.5349746948065629 0.5747780943679079 0.5669458289267271 0.5779353988045945 0.5576886210548814 0.5542965518330771 0.5225530674315646 0.48801022548610506 0.5028402129919317 0.5460875979153482 0.534970706802398 0.5294105486219693 0.5052717754362328 0.47894708691464355 0.44874719664160706 0.43694932173374545 0.44240047438305885 0.4248828675919525 0.41572091353012014 0.43670377893395906 0.4407423011397314
0.5841437497410749 0.6109199265822132 0.5854919944639186 0.586965195874923 0.585997795815378 0.5778881794423458 0.5971968055568924 0.5819516328859137 0.560211713705009 0.5700918189130997 0.5537885456978286 0.5657732823929938 0.5702579017021822 0.545622492666953 0.5776965659136841 0.5962027851356155 0.5636448739178744 0.5730327167959208 0.5436335916375522 0.5663802812894574 0.542672065962057 0.5507008530105569 0.5566326254161541 0.561010744902355 0.5558699951570757 0.5481312240033354 0.5675713477158094 0.5494623373105814 0.534089663892739 0.5290855013049254 0.541624921476308 0.5299173826831861 0.5221923375892162 0.500285480978789 0.5160899633410326 0.47865576046165975 0.4408882200891816 0.45740578288125794 0.41895612503356866 0.4097002058327236 0.41490776614763974 0.41137959303876276 0.4255074696604284
0.5777414501192826 0.5758398971553248 0.5579265361945859 0.5605092418957462 0.5887028316010665 0.560749731071061 0.5580207559732915 0.5912974997037064 0.5658248657817324 0.5439500061079707 0.5565094075504571 0.5392899413793276 0.5636104427424268 0.5460814833202929 0.5676657438762568 0.5962175979553963 0.5508842164035768 0.544281704644805 0.5512578659192864 0.5726634467713911 0.5496200630542424 0.5164329922047773 0.5555791730668345 0.5553464247777319 0.5377276484936762 0.5495523419203544 0.5699827000121578 0.5543137118594746 0.5487324118329094 0.5523964466704021 0.53834012782151 0.541487575820091 0.5371562870598547 0.5139684662275821 0.4969632977468418 0.47362841460557853 0.4794492517735148 0.45502116736408194 0.427490342545595 0.40302328068867765 0.4163640861365969 0.44169290875537903 0.4076191511844588
0.543204604330388 0.544360927041133 0.5608519458794123 0.5741510288644024 0.572269419670427 0.5624202531396685 0.5484628904091949 0.5806204162040118 0.5865999155911676 0.5708821297202383 0.5485826850655214 0.5730569727209143 0.5716708655738729 0.5722331270169398 0.5709878489179233 0.5902615406921206 0.5705412879967312 0.5858559839848501 0.5744242607592173 0.5353888834294275 0.5206157515431481 0.5122807281916163 0.5130814750607985 0.5492788171841552 0.5394063690466601 0.5752251043095732 0.583968515371349 0.5862361378393975 0.5464062340225488 0.5703499575938134 0.5673060656011084 0.5481652858150078 0.5323392487126297 0.5360978626821606 0.5387650079428955 0.5053782541962978 0.4829671245594676 0.4596381963740231 0.4337514194764185 0.4059058126284264 0.43624303814318804 0.4456074325271717 0.4189565264424447
0.5510192948905377 0.5454849730213429 0.5580950906662704 0.574781060274265 0.5393745094134835 0.554381245237669 0.55058700937797 0.56819026532646 0.5849005337172517 0.5673042255996734 0.5697988934987417 0.5561245809539884 0.5605562431312432 0.5858129450911325 0.5539097467493889 0.556012782578618 0.5779483354048938 0.5792102690274206 0.5718067539880274 0.543735792276682 0.5149982865919188 0.5218810205157141 0.5122351751319266 0.5231203514349322 0.5321780394659392 0.5722401489959339 0.5634537630332246 0.5960224633200474 0.5838983720779704 0.5442893721664877 0.5760627534500218 0.5811204418995068 0.5480636193120031 0.5661337373886153 0.5304501800449256 0.52673534202817 0.4876032643453084 0.4537231354830948 0.4309045537674396 0.4231922389478134 0.43955791013022466 0.4120064753788462 0.4112810487952192
0.5504413001992564 0.5572791959144308 0.5365323764650931 0.5213578832700113 0.5319704923561803 0.5419408359464958 0.5443637667238785 0.5695731091773997 0.5773871681618526 0.5744182845684499 0.5587123313017032 0.5674954224526517 0.5665955830126959 0.5746740048573815 0.5609447570957495 0.5662573405983821 0.5692368066666857 0.5543488288734192 0.5264720213842645 0.5392779875341801 0.5402314468719153 0.5303555230834563 0.5380087060716906 0.5547370800305521 0.5416200587924721 0.5427150760270978 0.5597373186585758 0.5931697345649057 0.5872212026329889 0.5686536553483242 0.5743822450798449 0.5554185196966842 0.5409468748926647 0.5406965503143589 0.5381979137022529 0.5193860413081519 0.4703505688397167 0.46110424692814406 0.46063062776426195 0.43493350441398004 0.43149851546611384 0.416764676102938 0.4090422360275001
0.5579299792483665 0.532566567921322 0.518841810208409 0.5225299385049609 0.5278067457061362 0.5508474452799854 0.5541162553686402 0.5566985808030688 0.5503100824408711 0.565229991001909 0.5686313220067788 0.5510748610985143 0.5619849751161206 0.5633237493032645 0.562274631520696 0.5449217227590526 0.5339601335649721 0.5157946598290984 0.5227596745385933 0.5313837103540975 0.5609779420830788 0.5645520817971408 0.5411940818661675 0.5711233453796779 0.5435632909748183 0.5595132775981011 0.5671227325772115 0.5842017848651753 0.5778052607227595 0.5750925165074123 0.5809336462607328 0.5660644762463222 0.5386330380349936 0.5115937712124111 0.5204088489886297 0.5157018764699565 0.4809900905273919 0.4603199641510695 0.4508585439735298 0.45379482463571663 0.42028161259321706 0.421637177190035 0.42461560882736354
0.543421710888613 0.5502377102518641 0.557468465838592 0.5390289332331001 0.553008286768214 0.5262182933899009 0.5360886159587476 0.5241492584220757 0.5532376191258318 0.554050829802135 0.5312961225348353 0.5451381936988906 0.5363253040024398 0.5442787560056105 0.5266339956605487 0.49966539113406594 0.5125507407992959 0.49498291393711025 0.49342695327687863 0.5157441660314341 0.5302623652875275 0.5436426718974573 0.5705027060190688 0.5895836899979344 0.5577068744279451 0.5763672528835302 0.5699161595638792 0.5603067833818333 0.5769591556206285 0.5785967396469114 0.5437755899381316 0.5442869324947063 0.5389585388203236 0.5187866055298097 0.492642152244965 0.4938900086048693 0.47879698843581636 0.4627340095461541 0.43199858326714 0.43999404950114607 0.41941353850658536 0.42613760875375783 0.3915014523953909
0.5553996114475825 0.5650499929796965 0.5403441384745404 0.5287357661998815 0.5122100087213811 0.5368706492584275 0.5154205122591302 0.5247553886925835 0.5302479394040299 0.5325936806617645 0.5412365093725527 0.5099729449767831 0.5351083079970974 0.5305390087063424 0.5241042326077272 0.4913036094344097 0.49595101675150527 0.48984381411397754 0.5071615098925377 0.4901066404398925 0.5109224240705142 0.5430373981792944 0.5588401530807011 0.5875746817245248 0.584361438990195 0.5534801564547253 0.5465409872765318 0.5879084164747869 0.5855675519610324 0.5723624519347327 0.5558292940832491 0.5288100406924576 0.5093914246117225 0.511949001131094 0.48427681961884483 0.4760290309673255 0.49255979326519483 0.46834902033527503 0.42729751519402925 0.41468603979395907 0.4055901139683618 0.405504298080627 0.4122224357347295
0.5265114003604372 0.5316698611666676 0.5420481297771216 0.5187007812181167 0.5047478178977017 0.5082314626104038 0.5167609810272127 0.5085664585852679 0.540817957416128 0.5240611080477257 0.5117166914695634 0.5113999226109521 0.49418929051499116 0.5028429297098516 0.5201479535591642 0.48907643589063465 0.5025658469971669 0.4901585250107894 0.49330526607415665 0.5061480547389672 0.5078656540520912 0.5128469731830091 0.5447778714298132 0.5820227206196088 0.566213699675407 0.5575265466366289 0.5546175206579075 0.5578496275770659 0.5633877662231955 0.5579955288414433 0.5078706063254652 0.5109103681539351 0.5140694314524452 0.5151944387682187 0.5039385683758175 0.4850035264347537 0.4845115084666947 0.4809683991417259 0.4450852322500992 0.43225343946662653 0.39439921531847005 0.42377561659986673 0.41182454396247103
0.48268822075859585 0.4847365342280615 0.5013751378536906 0.5263560930625045 0.5093344859713115 0.4890299592048451 0.4932036591782561 0.5287101471188052 0.5395851724726334 0.528361674965065 0.4917998041002737 0.48097580502571996 0.5053293559054459 0.5086524636667188 0.511375689105304 0.49708948364646444 0.5099784206206871 0.5453831957793541 0.5188257939914726 0.5135726478868792 0.5283933155175101 0.5343930205791344 0.5495204541749823 0.5644470211190287 0.5442095352096642 0.5771524852626289 0.5453394797733276 0.5182333558370781 0.5148386931964314 0.5150952206399312 0.5182504629235379 0.47346571403694576 0.5033426834311557 0.5113547982246474 0.4919518148122552 0.46646063499526214 0.46605615838218706 0.4597437028926458 0.42394862155643737 0.42529998818054104 0.41680559810865725 0.41071270894514056 0.40959256178664455
0.4478484064608717 0.45164347698634594 0.4750556867941491 0.4696585502550564 0.467159472368457 0.4932865971964981 0.4830623321347035 0.4797196178628814 0.5042698548176382 0.5049759559856889 0.46828835801723795 0.49830686903747134 0.5011642220078085 0.49977520374319145 0.4950797992614591 0.5021447443113174 0.5403167067589946 0.5384129570581141 0.544020229242864 0.5523107990333394 0.5625331754924013 0.5616371486984388 0.5584834280054516 0.5406532693686091 0.5490714219529453 0.5512899222524292 0.5347612677823936 0.521307695309342 0.4779525396271403 0.4969653992558439 0.5088097986299941 0.4774776881598284 0.4739852124297671 0.4880094575882392 0.4874729641725467 0.45524823653878155 0.435362255783492 0.45241711529142425 0.4223846746234291 0.4013450733023424 0.4120381707603621 0.42427465313571433 0.40243386586975194
0.44016790520540916 0.4491410504553191 0.45658299602740493 0.4391403042223718 0.44357107640854426 0.4937335758831367 0.4857343150009405 0.4773341766634397 0.459238853732049 0.44503483267428845 0.456874476572076 0.46451281928867955 0.4795860628643076 0.49331830745174865 0.4999338902256147 0.4986346441364509 0.5209621355168053 0.5488063285146854 0.565551625905836 0.5637606648081407 0.5481283645849458 0.5691091435093384 0.5662805563259062 0.5307941424261462 0.5302881329167124 0.5701230532142444 0.5311913129433194 0.4813142856442751 0.4730584473646664 0.47735546652414945 0.47328628190866423 0.4970493066129248 0.4901145388404575 0.46094412630770243 0.4682876453277042 0.4308222977651711 0.4122569786637306 0.42650983117106317 0.4300524273422308 0.4101013311407247 0.38111213425191276 0.4060502305909807 0.36593462768702323
0.421006888926522 0.43184215821862565 0.42261158874466226 0.4265704637419052 0.4431797221627735 0.4759712470148238 0.4888210288672004 0.4848227512538984 0.47623032234772017 0.4633062981792232 0.4374745178162614 0.43036602105534666 0.45234933028765595 0.4551430428017002 0.470625437738352 0.49424701056995135 0.537718593982001 0.5403011484410889 0.548612601001498 0.5319326187269056 0.5332591225572336 0.5483447589188917 0.5294168650836208 0.5077395789953667 0.5245663293956015 0.5318320841061431 0.5243205666582406 0.4789325927820104 0.4739557995677139 0.48307431062420264 0.4751252151345411 0.47560788271008175 0.4570238847111173 0.4662172452955209 0.43374778392838415 0.43914247458832273 0.4305341609916494 0.40070739431317653 0.4163790217302654 0.39631307274572675 0.3638985969669162 0.3849856616892101 0.3681280680427979
0.41091514509643307 0.42663229585849016 0.4146658014892439 0.41239446996000517 0.42328487507148155 0.4353299050735493 0.4631225680716339 0.47097656099659 0.46224177870560373 0.43339390088529545 0.424950469825244 0.43956279676504134 0.4508986046876813 0.459839241343994 0.48924727034389115 0.490001468782802 0.5295517106061826 0.5554233793274813 0.5685962922272998 0.5501698603127148 0.5362824178031439 0.5256926617850558 0.5442416519870612 0.5193070568652368 0.5007230637056126 0.5105947985330334 0.48948516433134615 0.49042731177139826 0.4524801122988997 0.42752848541431204 0.43953488866508844 0.44702271889444745 0.4466797770089267 0.4752868514182139 0.44218381398020534 0.4299864488694288 0.42951855176517756 0.4100999004380006 0.3707844888188001 0.3538139623358548 0.36175048711346613 0.34097818018494724 0.32065681971982984
