Raster_benchmarking/continuous/raster-174.asc
NCOLS 100
NROWS 100
XLLCORNER 1743165.5296516498
YLLCORNER 5469284.599482334
CELLSIZE 10
NODATA_VALUE -9999
[rows 57 to 75 of 100, columns 43 to 85 of 100]
0.5394368289421921 0.567851127870918 0.567431860406349 0.561635198742405 0.5609693165384699 0.5848630446668662 0.5780788507148931 0.5549751289622585 0.5307112671680041 0.5380800039933309 0.48912883679419106 0.4514728253277276 0.4194398048291595 0.45613060795317806 0.44457718161035964 0.41164678015841694 0.40816338058898544 0.3827270793851697 0.35966213911123895 0.39353477634331585 0.39687318986422243 0.3737026975009874 0.33555650329180076 0.3561591595325478 0.3371771162212816 0.3025023219315651 0.3033030117886551 0.3106935144679225 0.30717190463300376 0.32606059112334107 0.3242634081660335 0.37129729782545134 0.3471068756113661 0.38258770740213804 0.35155079968578085 0.36872972406933674 0.3864995071245558 0.3573115446079453 0.3800606613129379 0.351360199518339 0.3633088129421879 0.3661941549217408 0.34687797157145855
0.5578885742302649 0.5529687095993479 0.5550936165772666 0.591491212924844 0.635341382754142 0.6050653777675616 0.6004447216138734 0.5874376044743201 0.5879420673122914 0.5397295299985981 0.5352119592203003 0.4858819168801241 0.4776217900160031 0.4609759607773445 0.45611618772101037 0.4486455200097623 0.38859179212099726 0.3621500119772174 0.3816660030185967 0.38762723910443897 0.4016153369488135 0.34975043727987676 0.3211508562959084 0.33426710686713557 0.2708857860002968 0.30992939673893743 0.3117704209277446 0.2576884269112965 0.2299732110312594 0.30540014089471973 0.36050513525501265 0.36204972406944697 0.4014108473752974 0.37101020175478305 0.38066429289683884 0.4159604382971401 0.417651376792114 0.408287509124075 0.36853462417121524 0.36088598381631704 0.3234818356255421 0.33851711742513796 0.33110123415124604
0.5713611572477688 0.5436164927853528 0.5430369568023645 0.5541380995961992 0.5947471856939979 0.5637474889158515 0.5814096795669497 0.5901329487109497 0.546845893321454 0.545258591071349 0.5250599244588827 0.5031243468350219 0.4933069930412224 0.47455164843297976 0.4672870464985905 0.43745730197678584 0.4327718194763493 0.39184156464616277 0.39416936061771385 0.40753194879830534 0.39936538853461284 0.3636984427607051 0.34562271643824977 0.30071966986789167 0.3030733075767042 0.2898653639609268 0.3199437517068167 0.2694240745713178 0.29285427994603863 0.3095056405160791 0.37683961672891003 0.3793303247086186 0.39587181992672904 0.3629063759395622 0.3660741168533804 0.41625914904957745 0.4174941168565344 0.4123158973896769 0.39711870248719594 0.3364700212918195 0.32056089468297294 0.3236196345531675 0.3229517697151428
0.5588909791384303 0.5859828174075016 0.5784343114890723 0.531727796723333 0.5414152163446763 0.5398745263526956 0.555200169365918 0.5549082535891141 0.5426223302527373 0.5505368958611778 0.49115797808618394 0.4890726049546161 0.5103106443792946 0.48687707945210623 0.43454721734764135 0.4174609891084857 0.4537329445772505 0.41219529585653797 0.43514721363524506 0.38655308027994745 0.3578353327764669 0.36986235453144806 0.317156842150604 0.3108584411862656 0.2940309728671255 0.2790881822756076 0.3201474608896889 0.3133128068395054 0.3106926002982626 0.3599088513650751 0.36848639949326956 0.3985562863718163 0.37606467523962067 0.36618553979081464 0.37572426636001377 0.3844121160589802 0.44052607370517416 0.4233617526395399 0.4085175008485634 0.3467373989063621 0.34713295062736665 0.3195957279030873 0.29241637307588636
0.6011453513354635 0.5702238705414734 0.57162920171576 0.5339401834183423 0.5457237536334654 0.5335039654961401 0.5294442066006979 0.5540782129591156 0.5532068527542461 0.5516173543115239 0.5089441626329092 0.5047648564339116 0.4898112982662121 0.4526050183189971 0.45948258550565074 0.4445831721036539 0.42964389726853675 0.45058781691161603 0.408759848033263 0.4022351493612456 0.3708600080905138 0.3895437746706726 0.3752537457757166 0.3103845057812781 0.28178004498878534 0.3052426318281059 0.32072395789191827 0.3555123898841417 0.37031424991073403 0.37738700628919153 0.38089942015414374 0.37679267342132033 0.37816211883771944 0.3853417902855618 0.41414268704494694 0.3978633942073466 0.431894381109536 0.4243938439705588 0.3616036113908191 0.3420464841190876 0.3522779607754157 0.32732114081785313 0.32485013565996756
0.6164270473277245 0.5643765878638839 0.5695188666363872 0.5569226413607367 0.5471650899910734 0.5276877150266289 0.5217676525801779 0.5303030253087854 0.5685079935363887 0.5128510648908733 0.5251923536131688 0.4980796552407568 0.5096719823487065 0.4964520868329687 0.4593638891034147 0.43906825097039237 0.45657624758542725 0.42041983268795374 0.44366842445163807 0.40084030162425166 0.387282642286238 0.4023816405889493 0.3961234828748177 0.37620318446773826 0.3089377542512995 0.3545666279365411 0.35287957164624173 0.36308125310466305 0.3893498429699764 0.4214066467859609 0.3958445086097404 0.419217170469821 0.4072112271931853 0.4084128930104631 0.39739314290666217 0.41817025192337537 0.44761535701776545 0.3987997854434133 0.3660111953808058 0.34822330114400246 0.33089287061687095 0.3441824637612908 0.30648986422141133
0.6172275187326143 0.5893983961359276 0.5701680766649564 0.5494200819530215 0.5713946949505397 0.5385831033816678 0.5053455412264976 0.5185215572425651 0.5189671784277393 0.5097684790795075 0.4838605289826688 0.5054657788690718 0.504968526466092 0.4728137787786362 0.43882966047309047 0.46015427019586935 0.47383367142230887 0.4374608010416264 0.44726375561876874 0.428384936832834 0.4150933190260665 0.4278079742547497 0.4136977950152915 0.38397474792423925 0.37571873009326584 0.35061970715794 0.3830753371584489 0.3949267202267808 0.4084033473876546 0.42157866197569765 0.3935727502627378 0.39633905112187806 0.39783724308004625 0.44394942484527133 0.44666051300822646 0.4302978804318436 0.44541955764971336 0.3975614913283408 0.35079740979752744 0.32714793516776364 0.30861389078185114 0.32951664178848644 0.3093035437526838
0.5938160159202812 0.5712937542145116 0.5562031117345819 0.5430909067955401 0.557316909812941 0.5278225326930436 0.53450803838358 0.5115060294701665 0.49017699159712524 0.4712171422571957 0.47237573817721296 0.46712757400286536 0.4762910426139718 0.4555355269764897 0.46759119135164867 0.45475997977679183 0.45431230557161545 0.4411255534265376 0.4663089392296699 0.4248357011435073 0.42459068858145554 0.41365931920614013 0.4018308874058722 0.3979746960610351 0.39050762136430645 0.40672178720177554 0.39606555404665117 0.41993309702491244 0.39813847899980026 0.38125665245534907 0.40470335779985017 0.43307527051173467 0.4403596536520321 0.41426102890432454 0.4347951070161916 0.41855856230053773 0.4031455734156713 0.38783415013821243 0.38587794082656685 0.3456319010692203 0.31107237181888625 0.31063456868514533 0.3268985636204167
0.6206240535455088 0.5979969984913174 0.5867127375753853 0.5779534781321498 0.55124992427719 0.5758054620330276 0.5399688711410672 0.5322340258994086 0.49789550706261954 0.5188275843181569 0.4593903548910245 0.46104160982289627 0.4801116443923782 0.47843796973856695 0.4931023206886675 0.4681528860138762 0.49479947386165546 0.450053170437067 0.46496643975361757 0.4305320985364478 0.4243791439517699 0.4366790679643888 0.43413882746803895 0.4442867841058475 0.42733084348181294 0.4215583487301779 0.41680899073639227 0.4018520198612444 0.40192644067528827 0.38123888366701514 0.41000490154754476 0.3945926263666793 0.4107738339895104 0.4143377530421853 0.3983632971423296 0.4269140152994808 0.3789710909328778 0.3972597207493453 0.3888332703056013 0.3922046355620128 0.3718440451594176 0.3417578455713652 0.3485517528682513
0.6599571516321671 0.6028060531685973 0.5629426051608843 0.5579542764588887 0.5647424825168844 0.5643797904647464 0.5675091336510315 0.5208292223307532 0.5415496572612424 0.5263484963956988 0.47272628556280744 0.4854106930256217 0.4320272538535267 0.4351121587120528 0.47103861040733486 0.4629715368575907 0.509305523368571 0.5003828189124016 0.4728056983537063 0.4645661398153317 0.42020812957696047 0.4463175998867707 0.43669837345289564 0.4284848374540101 0.44614925636829683 0.4526051715883626 0.45746039315115744 0.39445714094470236 0.38764451527245725 0.4022603938194226 0.37004322961196473 0.40762810505894415 0.4012364827031533 0.378292482806068 0.3766285256063268 0.3867821382944537 0.39343132363051303 0.43106627673625925 0.4355712840103812 0.43051096759379337 0.380425390829035 0.4014869168591409 0.3753538340321034
0.6293180573449908 0.5990556042514654 0.5966211149415713 0.6023853240138017 0.5593798386335856 0.5523010243750975 0.5247797824158756 0.5182773531506654 0.5335978225096398 0.5166481887904978 0.4797704393999539 0.4860840885559691 0.44900501590429126 0.46050015749447415 0.4800821489491967 0.506311431539409 0.5099411214262813 0.5074853261891684 0.46110765829835293 0.4753737063318725 0.43157347453693573 0.46149232978262245 0.4635112767072703 0.4264378400679401 0.408461200356545 0.4319795156551426 0.45696187268169525 0.421431766121852 0.41727862097441165 0.4017071566637973 0.375950146294219 0.3682164961816431 0.3876678303446106 0.4252326242815031 0.4331797507161468 0.4184618157979138 0.4173474459566924 0.42230900877126004 0.44431838661122225 0.40725158393137106 0.41413327267013905 0.4062165031708719 0.43054375015541896
0.6405033101724467 0.6274817959408091 0.608561104334694 0.5947335427168299 0.5716061619466761 0.5220773234889178 0.49162142595298486 0.4828820921196406 0.4886385050599959 0.48865216685795465 0.5210382335446955 0.5047101873890999 0.49851779027059245 0.5111258742643843 0.5207368241142286 0.5242037975619096 0.5080858180555737 0.4957878230103698 0.4551579768762944 0.43725002706793725 0.4479676829977049 0.44088673454339355 0.4417917505356715 0.44304581768448154 0.4187360587806797 0.4439780660424 0.4513859983891112 0.43767844368664877 0.4448313158867471 0.4162899297868716 0.36645276124815435 0.365906135081326 0.38074167477119714 0.4293692008778022 0.4360800638812605 0.421028770690768 0.41432456108732846 0.41292966638643686 0.4374708224954321 0.43574908921665084 0.4559801159985698 0.463944978565941 0.44550805568430685
0.6191364403475275 0.5778805267170976 0.5630351290596767 0.5287119786809192 0.49846800909707656 0.5083767248000389 0.5078413269269579 0.5295115764942869 0.4938422276450705 0.5178426197374582 0.5048226560031711 0.5196662447840693 0.5226332182122856 0.4837301787875543 0.4859213484774693 0.5241422042993712 0.5174638149391007 0.5092680997744031 0.47206588908427327 0.4274383938007898 0.40585964410312125 0.41720760371108206 0.40659703777963097 0.39945144411779376 0.431638777472147 0.40547379425167174 0.41182776076036004 0.4289614659601954 0.39676078307049123 0.40425182239873747 0.3757250686124702 0.39271948855185695 0.4247125518555426 0.442200247102231 0.4536314598891572 0.3951452286886228 0.39222038042715657 0.4308706826380494 0.4364441310974938 0.4425727798512795 0.43697205704228215 0.4506135152966879 0.4719196102281346
0.572679120657764 0.5419727188381425 0.5330702610486592 0.5245523945792242 0.490769898163082 0.5113653602020299 0.5271031351272869 0.5363418462728771 0.5293234763130564 0.514597817138241 0.5251102195937233 0.5009422526186338 0.48930911752978395 0.5024758919684548 0.4948732211698565 0.5546757451579865 0.5408199179615545 0.5113494049867644 0.4528115315516608 0.42655783187183605 0.39171389875619594 0.41162806538184604 0.4068309943598487 0.3954094961573134 0.40007993830148997 0.39695337003522785 0.38209159953332517 0.41354313583271873 0.40522836174884913 0.4352244325402081 0.40425266058297704 0.44584048875084786 0.4494391996114724 0.45920710835619905 0.44122037246342655 0.41794360145558884 0.3850076143283765 0.4049305040566488 0.4441238344489106 0.46771481342572685 0.4468936560579985 0.4380235751688168 0.4810531905640941
0.5657901065619397 0.5216138188159509 0.5359116086520864 0.5163292383523738 0.5111057781455752 0.5170677504443494 0.5753541619336902 0.5732647748461328 0.5832243057270304 0.5636047824835666 0.580680769594381 0.5379104329460501 0.501451323470133 0.5159997513464459 0.5550710674829931 0.571083507776365 0.5336841927654626 0.4916912734450818 0.4890884694795661 0.459997677637857 0.4301101620140451 0.3930635688754423 0.3827134366778122 0.4130232731072296 0.40214570303669145 0.3772493703458634 0.39006240006805426 0.4380724833959374 0.42448972996584594 0.437005814076933 0.44098247309746097 0.4482144407044088 0.4687846677753273 0.46812691755194574 0.46782174615627686 0.41992546542163 0.40460822549287506 0.4345196355784434 0.46340799218148404 0.48247272382335143 0.46697653035766606 0.4651068645307617 0.48094234594639396
0.5421720605018188 0.4963456980791053 0.5031831327047949 0.49936261642131774 0.5119435223507877 0.5323016891892364 0.5886335371642113 0.6289794698190251 0.6249896461308078 0.5887991083462487 0.6223246076740675 0.5800535055363109 0.5473149253081435 0.577253143270127 0.6056046427150972 0.5641442067915574 0.5377962737074096 0.5068144315491635 0.4772110609315434 0.47042120332128207 0.4474564411071803 0.4229782461677558 0.41041343887060583 0.4242036301625905 0.3930368671835952 0.41599684348759614 0.4335552978236552 0.45176366601680074 0.43887362515357997 0.44759524439908516 0.4230974212393548 0.46557137157853673 0.4872699561867154 0.4541726037509604 0.4399426845399789 0.43644241237606785 0.4341517840731916 0.46265904357869597 0.4519173219357691 0.49287546783991387 0.5099455086135919 0.5170503340528319 0.5168697515970848
0.5547123154724674 0.5146485456892149 0.5187143727680231 0.5610943509652044 0.566587749651698 0.5829662837164967 0.5939220199135137 0.6291647541340968 0.6181286569214426 0.6303883170485077 0.6101518175351595 0.6192027881007923 0.5874251289901921 0.5875444898280594 0.5978224752117042 0.5453411208741237 0.5634165300020774 0.5007445937943547 0.48177069015600715 0.4557056591012925 0.442452839436189 0.4552292165090035 0.4205934909296885 0.4295464294340432 0.4357064516289637 0.4109557332804332 0.42563844319296595 0.46364454919604425 0.428386163935097 0.41038999955494565 0.40890003871399777 0.4721063038957375 0.4717498003339597 0.44923874970838584 0.4238481638918024 0.4022598250350741 0.41537008505081374 0.44516620520432354 0.4315925022541026 0.4471149355179138 0.47008146336335965 0.48633245681911863 0.5194044112201057
0.5020925486279406 0.5142059024844613 0.5770524453273133 0.5635870012580685 0.5615288750510528 0.5784368392416207 0.620165997546681 0.6190167463816152 0.6631915330662851 0.6462654976379565 0.6546235882324873 0.6752198913011649 0.6485850139927497 0.593353941768853 0.5622912117588953 0.5615453176730985 0.5757615155377553 0.5497113217912248 0.5011579062464363 0.4863503948189228 0.44818910620786867 0.4385218520851124 0.4612869832187529 0.4212552783313343 0.4360781497375303 0.4448200872784174 0.4572693334031607 0.46191119622266524 0.4252072696489029 0.4113472672583448 0.40620152464845843 0.4578334669191277 0.47809591138288365 0.4481822205697882 0.40545851511903996 0.4329292952796047 0.4214598841430446 0.43870520817710223 0.4188916788097348 0.4211568310710271 0.4618033528650001 0.49634571977151376 0.5145140857824809
0.5087900358371625 0.5439649759230993 0.5610015274003775 0.5539718776018865 0.5690492240199984 0.6054109817880362 0.627953844341198 0.6226645596371286 0.6629199232635774 0.6815385396295189 0.6548542365807118 0.6850856780553894 0.6365566067951343 0.6082526765827578 0.5762322450153056 0.5488672995407428 0.5520709073668099 0.5399080143815438 0.5032702864022297 0.5002494125225007 0.49881081034812275 0.4596794326357857 0.47232545920041047 0.4521124461995134 0.46518959812947475 0.45282571663401855 0.47358698679838956 0.4461806905967648 0.43446022578741894 0.4557077782087199 0.42874892763993605 0.4577850765676982 0.42377641537325644 0.4269323717534027 0.4055371716201321 0.45072314954697146 0.45041645994619184 0.41484508159361944 0.42066552561388815 0.4549128404526879 0.46532883068210906 0.4633596081866697 0.47132536822241333
