Raster_benchmarking/continuous/raster-361.asc
NCOLS 100
NROWS 100
XLLCORNER 1743150.9295434658
YLLCORNER 5469280.555703768
CELLSIZE 10
NODATA_VALUE -9999
[rows 38 to 56 of 100, columns 43 to 85 of 100]
0.36263774745987326 0.34083442829228056 0.3573223606317627 0.3348455564125933 0.3064355523360884 0.3047893625776881 0.29648690840888453 0.3238152384752961 0.34157107090071975 0.3505067215774757 0.3292799831662139 0.32025956542189593 0.3198067309108445 0.3234010029224122 0.28041683878363316 0.26271125957940933 0.21688708810132418 0.17734598019573902 0.17159155910844218 0.16505653014999713 0.16040372882155557 0.1866229083556363 0.1694076197267521 0.15960448916365036 0.14117043086727102 0.17202503817896306 0.12993116787232015 0.09294844592406301 0.07762850004958995 0.08011940073394304 0.06756265982425735 0.09455390599000085 0.10051911178268468 0.08924576735724919 0.07749835978365749 0.06926413410699461 0.08747446453172726 0.1125393502011993 0.10921527375310877 0.12963164105729982 0.14604840649762518 0.1271656259971999 0.14325465208807023
0.4037236982736708 0.3894483268351005 0.3316977896536367 0.3292483659281371 0.33486685933762705 0.32375275715751395 0.2899087809825046 0.33307658684165764 0.31222842841081794 0.33187731464005615 0.34326895649658234 0.31658662932297654 0.3377103714740408 0.30682397410276935 0.2892015282415431 0.24468019908416072 0.20927473730463458 0.1944798690166309 0.19640103413960938 0.16429124637436146 0.157720638848592 0.15987593848677012 0.1400209732803854 0.12576485339257973 0.10946091723529905 0.13230932438813506 0.08995071555851103 0.05608688265322899 0.046052231015288235 0.07372491225789747 0.08524141704867849 0.09991381243965573 0.051303456957570166 0.06706899097942495 0.06393893019650895 0.05577118673678969 0.06629005182469946 0.11678152031241765 0.126818831777716 0.14634855453466425 0.12486070348249664 0.1535971095371374 0.14631710529623485
0.3770484843056117 0.3995099396748558 0.3373706119205592 0.33475358931961685 0.32821234036963215 0.3117283638809362 0.3165878930462611 0.31277802301053925 0.33223348307353306 0.33121637777134144 0.33227841921523993 0.31088097742802834 0.32108287398087443 0.3236608585010197 0.2704489072793447 0.26141716531691656 0.24627340584489957 0.21363016995091572 0.21128869365859124 0.18633640020756317 0.17584861109301406 0.16846213267053284 0.13842817090238946 0.13025308824788792 0.11661242725518021 0.06249944694517823 0.06467481861701774 0.041914780590089414 0.05903405041786604 0.05926120428088443 0.0728156868079552 0.07128304546660838 0.04664152665818347 0.04328550220760692 0.03809610939108671 0.01630192944039295 0.024777698457848104 0.08783493189827449 0.09192906276294528 0.10446016745452677 0.13555662731407486 0.1563113994761548 0.14829259661122005
0.42043615090492825 0.4113271157209091 0.37841017593862325 0.3646503107639533 0.3507195979026633 0.3521224834581577 0.29842715175705214 0.33408407011975794 0.32427404738091575 0.28990425921803226 0.31986117543480336 0.32312798830780287 0.28780890284260074 0.2600781421852772 0.24470628693664653 0.23682969681006302 0.23794468549271527 0.21773850139262863 0.18786027765742927 0.1767206265185655 0.1398024764273928 0.09560016049481843 0.0889872944821579 0.1136009051983031 0.06771465170751126 0.07694896662487505 0.03135046025435316 0.027889955303618576 0.055782435977345314 0.034460599957051655 0.048939411187052896 0.0411840913691187 0.04787138901192059 0.05770449448405817 0.04151672072017625 0.02147200140034005 0.02194688315223834 0.02982461787883392 0.05524888983609293 0.07697303782901933 0.12545998231553493 0.12885355165137166 0.11079131945144986
0.4476667351575667 0.4411486672271317 0.42172561087400595 0.41923192134403525 0.39482442171653304 0.3473355761718711 0.3407105775980007 0.31379527576832933 0.30544989550311535 0.2855743166171797 0.30704271342203837 0.29583330788218837 0.2345381655244364 0.2443421292267885 0.22401954958719836 0.19646821770914824 0.21400702050128056 0.1902821619192017 0.12710644397158335 0.09187137290332992 0.10785152141034539 0.07801579977397534 0.07209911431415303 0.06817067162877967 0.08464823802140083 0.07240945145976124 0.061872195813081954 0.04255154203261443 0.03361385888571487 0.03286456849398807 0.05045806213459878 0.0 0.029208613433145514 0.00617948369329637 0.03829072565065835 0.023984387586295824 0.025210751700409578 0.013804016447918862 0.0703389213060972 0.11619153150874244 0.12090409355818985 0.123990811378423 0.09945907653621544
0.4262965035900945 0.4317872424272913 0.4054811064876808 0.4124147672901187 0.3943479712338829 0.37336143549431483 0.3375280364080725 0.3336936304793077 0.30396238443446805 0.2675647232325291 0.2882488063166279 0.26016348142134066 0.21028133040119504 0.1865921523257402 0.19818908696432092 0.18407173759360548 0.16946120581873494 0.1616871103911105 0.13181904769942843 0.08931786289857402 0.08047397947800017 0.08604055580226816 0.08516069519074694 0.08678772546503519 0.04993064394992504 0.09087921230994565 0.07443328948243022 0.07672298262349544 0.09713743905140183 0.04846960598840044 0.019419448263026884 0.015900995023902312 0.03533477847528416 0.016888934868756342 0.018134646762537274 0.04823116916691114 0.01903917538144056 0.04672388052557537 0.07507454771999922 0.11456229831915259 0.11388812027715525 0.10893212881182048 0.10486467553633358
0.45875829677206986 0.4105578488448094 0.4031762748347748 0.43550617043926826 0.3835512611021727 0.3279994676654916 0.34267465912469364 0.3341771356417221 0.31347788572744995 0.29201367731516453 0.2598907008987202 0.18693251730034055 0.2153025587236791 0.1741804252863443 0.15282344255556332 0.13467305742632701 0.15405773511878174 0.10542893187834607 0.1004855478189186 0.0675834113739389 0.09260405054037857 0.09056361099295576 0.06163912235938881 0.06696914943883911 0.0539744290604018 0.08091387597844175 0.08061954704756384 0.13157345588216218 0.12958886063597777 0.10610292442787968 0.04643752949393817 0.035708154285547605 0.03722555398344322 0.014827476546545414 0.03870271317276275 0.03627569604136021 0.02634147137773805 0.012115455754063654 0.030179668398581334 0.06276123682259135 0.07602501457834615 0.080096572667411 0.11689100358382232
0.47159040099109395 0.44137448084088843 0.42903100328195654 0.3933541582853272 0.36545813919563236 0.3235780081239101 0.3418828623472775 0.3369509257294022 0.32242155695920865 0.2758717766976738 0.21833277739901216 0.1866757191021356 0.195133015282997 0.17125647804357907 0.12790993237231418 0.11205364619813254 0.13439776697169373 0.12221485018944002 0.10184144226754278 0.10365931400803763 0.09798813184452887 0.11075230368703695 0.0848955890677801 0.08049493537559187 0.0605528645484997 0.09961824613788989 0.10424409686924119 0.10886067974853551 0.12649025623926388 0.10197781090079781 0.12320711005383153 0.11261060371299966 0.05896679888099286 0.0845480749664317 0.098878089789606 0.07144106819852963 0.06411597309423836 0.057649512585709085 0.06285406268524493 0.10206547558976709 0.07625235521198913 0.11042605859512497 0.10045641646250189
0.48470156107531714 0.44615069986148925 0.4073830446397447 0.38370791112479513 0.3423732208620534 0.3142011993237544 0.3393894091563831 0.3296501625966262 0.2744081669582311 0.24790078715482794 0.2312233422682512 0.21049149671211487 0.1931017812378134 0.19979729085921463 0.1286465965843806 0.10393276650865775 0.10369322265370864 0.1285225747306233 0.11309941987473274 0.0651724271866237 0.09235140285982482 0.08427705579670709 0.11662398269718527 0.10039489621335707 0.054204629933083684 0.07839629096933497 0.10921824902845258 0.12883784109854163 0.1475418576181393 0.10811653428777325 0.14343450465715635 0.14417970542403497 0.09928057504787259 0.14175224167208017 0.1426322561168706 0.1371339734123943 0.10478028003611717 0.1028087034671762 0.12469159747778627 0.11496244933562823 0.10948986694570667 0.10188969849877326 0.12401620783064755
0.4737676845863698 0.4269447834923053 0.4087730932267685 0.3812067842694206 0.32397290495638986 0.32859066501430373 0.3261089156154336 0.30873461678175274 0.24451446084400813 0.23638420132921714 0.21095371279517577 0.18939537783221608 0.1788143765933641 0.1759107745162641 0.14141432405516802 0.11404418917535912 0.12029865773840473 0.12244314525040972 0.08955432819517076 0.08757952432192087 0.11543049300177725 0.08482739795049145 0.09682679198012761 0.10696716135290654 0.0736475051386977 0.10698744792654691 0.1291317289410881 0.11271460852695543 0.1527259817875933 0.15904853259133497 0.13984024578156354 0.15661768394788614 0.1458583828144037 0.12206767164416327 0.13545744907514692 0.167089463344844 0.15852143723524376 0.12867300953654776 0.1297776032162027 0.14770832667582845 0.15921780212606682 0.1632156897720373 0.13041071548394667
0.48429726333849 0.4303074626099447 0.405893850721075 0.39137319835028384 0.3384972381216717 0.3035413526766346 0.31670792239391954 0.2583556677845342 0.23464844716795819 0.22734847216113663 0.21754437959873718 0.19647016070006937 0.20100669022012183 0.204375505772878 0.15845484080981118 0.1182919530498002 0.09690433820128946 0.09036536032648854 0.11990928331918471 0.1234475476877032 0.13863650149113094 0.11439519174446874 0.11531341185005635 0.08326776565965245 0.07805655220159992 0.11469782063843162 0.12554624762712724 0.13052683109340754 0.14755809784265592 0.15778322233536707 0.16661480848759608 0.20230822150926703 0.1485025789600216 0.14357337075673482 0.1510586946678904 0.18854496104882307 0.1685180994345247 0.14373436897028147 0.17068578613820853 0.21484841129295196 0.21692261862861761 0.18762769026378343 0.18197852334545597
0.48188999404489813 0.4592602266994442 0.42123998186584277 0.35736728058450234 0.3280538217440448 0.3244018440161028 0.2809415317280945 0.24672063066821096 0.2247115849769122 0.23047524466575361 0.21424325062725663 0.20017730834057076 0.19175746272388267 0.20338729403819408 0.1919886928745037 0.13855480643426113 0.15612319904828373 0.12437166478357035 0.10467412998008929 0.14311985918230563 0.1403292872552681 0.1279019358191722 0.08893811332320095 0.08628856397176686 0.08108197101801635 0.11146194390672233 0.13776145289679545 0.14703722222458424 0.11375830802792146 0.1647054549478932 0.1716044745539468 0.19827818407696898 0.17297164168971935 0.1459356791307656 0.18183254737911855 0.21383912424188273 0.21159160286720569 0.1995125326777889 0.19163909582966018 0.24528140388744732 0.2549037517946607 0.23542672653974467 0.17763887464270817
0.4502151224913355 0.439780900053549 0.43990794051347787 0.36281054839883375 0.36737535458361703 0.3557643913636178 0.28095299927495454 0.26195278929957544 0.2571778387076067 0.20628240372857273 0.21775784525664912 0.2436781505926725 0.2124905668371562 0.18566414507664336 0.20658152017461592 0.18822686911158765 0.16048981797625453 0.12632466792391603 0.12832045034633105 0.11703391631260207 0.13524348826531035 0.13478669612477437 0.1141111830035753 0.0970774482648513 0.10782696258150186 0.12927414070734386 0.15298434758811258 0.10704235689172348 0.1440714383819266 0.13745397015561353 0.17570509386878205 0.18658245211541488 0.1841564949254506 0.1707561739941327 0.19617558555227824 0.21814836449545227 0.22370041970376336 0.21818884665222904 0.20229072199276346 0.26787698569344154 0.2538224266887381 0.253440801700926 0.24393022974402515
0.4491789671675988 0.41750445212493 0.4367877830127711 0.4210803539756184 0.37006086701570484 0.33993274286707004 0.2806549749019922 0.2547455248325046 0.23519471575989667 0.2448043582192353 0.2148797272925398 0.22710386900646895 0.22293063643603692 0.19520863621949705 0.22133743116819288 0.2100679259322074 0.14040326850303622 0.12008442127454587 0.1331279357097839 0.12325496152802849 0.12820914068119876 0.1178784249531733 0.12945241869895588 0.12968739068563415 0.10825694589784463 0.1473919475745316 0.14925012088783443 0.15074929082935917 0.1458056817031459 0.1330167864056176 0.18110094613666614 0.17337491271287359 0.19270902281294094 0.20414034407876597 0.24202402542651677 0.27300655310585065 0.2560226434371672 0.24427073073139718 0.2319065121103144 0.2617837338553551 0.25892773737381375 0.23619215155717632 0.24350371873009025
0.45872851167315826 0.4223649417708417 0.4196632378360954 0.42114212934757456 0.38310768438465276 0.3117748335461155 0.2535520594398003 0.24202667402403805 0.2628566860181333 0.2352381737559628 0.2109249840775403 0.21817144668435434 0.23696412435894712 0.23844013580521253 0.21570609433891808 0.19233777584155481 0.1392925906383342 0.13275695692062287 0.12745221647480331 0.1383369145820166 0.12458547651496164 0.14489618575782676 0.14048212131732088 0.12307818537234057 0.13869470309658213 0.17064101787034203 0.17508917588680817 0.154006701354345 0.1579940943579603 0.13932965135673203 0.19882517236824615 0.1759972169482264 0.20548242842171294 0.26793406769116734 0.27849541497998465 0.2765068726725423 0.2690937108590751 0.2371145254762267 0.2642854464421742 0.2892170271415862 0.24864890986213606 0.2736781771826199 0.21834293455209733
0.45671905005448676 0.45080522590823763 0.40692744784014206 0.38464232842388096 0.3534709586110433 0.28232959275225344 0.2626890570641379 0.25034720321025267 0.2394745790249769 0.22005379700049935 0.20393831632270745 0.2287094259815668 0.2108640997099185 0.23372273751139566 0.21465150655095794 0.17618990317692357 0.18476533037384935 0.16452101412505288 0.13269077951026476 0.13367372293079408 0.15696766321181263 0.16665237667169697 0.1510261637817968 0.16083611572890757 0.14258698658094426 0.13073824263267966 0.17678861079130245 0.14527039880886508 0.17762681699715063 0.16360343896078877 0.20345095538252236 0.24139129888896524 0.2642433270793214 0.25368826576068493 0.27000211689558556 0.2789886684107568 0.29928175595012413 0.297296749715457 0.2620573700637694 0.29130531921167396 0.27265329221698437 0.2725559958941885 0.21725357241637225
0.4750825885465395 0.4484491464159787 0.40846357602143324 0.3491855637026974 0.3349844305415508 0.287918429327516 0.25185366792003683 0.21547193335050505 0.219174091418467 0.20295850404066434 0.23727413960549745 0.24053861310967115 0.20210366250887962 0.19179183411031006 0.1639964948826127 0.16350136607558 0.19180456128384066 0.18624840910900467 0.13453171154920443 0.12794382001468463 0.15751188716223438 0.17128621027062066 0.15050437073991985 0.18923628440028117 0.1638319222777305 0.1259220662668094 0.17044378201839364 0.1576295648053552 0.1945659941442038 0.1913293509546392 0.2063145844403095 0.24484889810315763 0.2500890985385276 0.2819730672335462 0.27604046618728495 0.3273110799216538 0.3370667263710126 0.31510758238464126 0.304071628622797 0.3045354334501408 0.30300552609987225 0.23710393576905864 0.19465452210561443
0.4483656403194965 0.38569109354688175 0.36617935473731533 0.3358495371552192 0.30337858141319357 0.2595573946568865 0.26035418299070123 0.2223899641326375 0.21074653069430604 0.1929586245241633 0.21521106128643566 0.21002878674919265 0.19267415280154362 0.1918450620927145 0.16469068257140254 0.19254342218263748 0.1811839379543452 0.19109167901942234 0.18696931375538325 0.17880002921759852 0.15086020508494707 0.19795447247997827 0.18525565803849564 0.18724518341400181 0.1661713077676849 0.15149575808130625 0.1808122801391545 0.15350644559979612 0.17551574051968385 0.2263906591434878 0.2428038098257524 0.22722383658585904 0.2606870413561346 0.2927205134975878 0.3135873411290747 0.3261241989265204 0.3430620823231401 0.32213907235427863 0.31241671661391424 0.329121404429019 0.30937812969648354 0.2594663303314621 0.20491719467534242
0.40458048681067266 0.37453530720265465 0.3846381405272139 0.38852705387002634 0.29922581451986735 0.275086823322091 0.2497045592878222 0.1895142871035013 0.18681068980391932 0.21687157244028452 0.1852543007762277 0.18847159014562065 0.19442199675192293 0.18370213447134873 0.17554552846642402 0.1811996778748709 0.20603344803638693 0.18557926402599736 0.1969302237247387 0.16626953888841833 0.16551181493867118 0.20859923635917765 0.20520924886835284 0.17675685924554463 0.173412321360091 0.21452700312694573 0.19263579414267398 0.18632727789994064 0.21274398695826366 0.22472520278603983 0.25478432117230576 0.25577407622222365 0.28697155279751596 0.26274719751571346 0.28871684563966815 0.34590961434587586 0.37188360968766654 0.3584400173388487 0.3229884661010845 0.3267779083377006 0.2802507595906936 0.2819794455196434 0.2392877205874637
