Raster_benchmarking/continuous/raster-371.asc
NCOLS 100
NROWS 100
XLLCORNER 1743156.0264216142
YLLCORNER 5469284.934815938
CELLSIZE 10
NODATA_VALUE -9999
[rows 57 to 75 of 100, columns 43 to 85 of 100]
0.578017929664086 0.5778393954023673 0.5798256354962599 0.5749631365102449 0.5501998172389241 0.5787747560366749 0.6000559980907543 0.5882553739867723 0.6452786699237184 0.563320656048235 0.5090232222564763 0.4723912129531521 0.4540687901973981 0.5085468311301267 0.4793984342596026 0.48500232624442857 0.4798968854567282 0.4795498950154199 0.47110421350140397 0.45701029812679195 0.4114975936448067 0.4170029496723214 0.4366455311046718 0.4067467377641438 0.378365668013298 0.3487372460642151 0.40552883191524935 0.33866785123383286 0.3327456049653063 0.34493640695249433 0.36034381221725786 0.33637056837739104 0.2735558681366918 0.32162457071128536 0.30871353486738323 0.360063327957725 0.3784352520100135 0.37896869926940435 0.3477703299007967 0.297831167632693 0.2800285069242005 0.25645325559635324 0.28192604509527863
0.565439220211519 0.5548182881528294 0.5672330451469363 0.574501056369435 0.5670327762118513 0.5833405994635041 0.5640235240326487 0.6106237578598854 0.5744964364551746 0.5685366055578862 0.49185384493027834 0.4455917568383348 0.45988527188106765 0.45386062184292075 0.4209867819127698 0.45303451763280383 0.4609411422226636 0.4682578168731295 0.489179083860033 0.44424985725193067 0.42265003252622946 0.3803953520333385 0.3885166602473362 0.3903561560471399 0.3956278115612893 0.3492227332429216 0.38545374685415956 0.33737892973155703 0.32368326477298937 0.30651332674175663 0.2954366580060243 0.3292936731714405 0.2924927466745445 0.2839603776514527 0.3032375121898533 0.3256021450105744 0.38100637007615634 0.35893521798051875 0.35026078753528933 0.2933118018375101 0.30602749040177235 0.31315827088461745 0.29490005915708056
0.5653163824362194 0.579233543752121 0.5739841655729494 0.5583658860750923 0.5542468588098685 0.6074745279711322 0.5776414820597526 0.5879375971459961 0.5936858982339317 0.5650041470786346 0.4768869265829638 0.46037214702179047 0.3865277140880442 0.38855631094688087 0.4159953516335608 0.4423124058476077 0.39391364228351167 0.44282133324932926 0.4356681625002859 0.4213610107505169 0.3646746102169078 0.3489304119780866 0.33697744186712497 0.3731176597595561 0.3564055403117193 0.31998803811470355 0.31279667766110697 0.3342326979531065 0.2793260919804055 0.3203243350488158 0.2944058378467364 0.29512505131225314 0.2716357698051901 0.30181017923232695 0.34650700415075225 0.32962526272315484 0.32314354420606056 0.3833477434964585 0.35099599198002934 0.36028810695173946 0.3168957218861086 0.32648834347590244 0.2754790837851218
0.604648763979661 0.6126148420716158 0.5685279943829162 0.57193689851432 0.5753000935841681 0.6069740945658839 0.6223200726170327 0.5782369395774531 0.5292945837300181 0.5398584955531632 0.49541793615628876 0.420802261694266 0.391916537284285 0.4018624426056707 0.44609412620511985 0.4206039934207679 0.42041381926359706 0.4060151969470099 0.39486684534308947 0.36672216026228716 0.39371452388960065 0.359335976250097 0.3221220916749474 0.3762511824255264 0.36840354912569434 0.3214255773765009 0.309809212805492 0.3508378289326305 0.32325468448872247 0.2842317197734654 0.27949894739994324 0.3039228354415458 0.338893953111971 0.3336678303029314 0.317475985969567 0.3486759655352137 0.3556328542425518 0.36178880128141333 0.4065991195062995 0.37601830647728074 0.3997752868047859 0.3587593066250575 0.3574466223417099
0.5530444455154122 0.5933532425285218 0.618499457459084 0.5882414852583949 0.5766622819390483 0.5602930337410847 0.5840694769168432 0.5065317445804484 0.47588793426055137 0.5066780155701748 0.48369204014476086 0.47556562414120024 0.42818076604378474 0.4169922342189062 0.44902346237400376 0.426458327397067 0.4317147318267923 0.4115982023765846 0.38563594990099076 0.4092778985468963 0.37601895954264997 0.33958562334671816 0.34231182394201526 0.3414501665032442 0.40611294764256817 0.3276560003048114 0.34342724176325273 0.355510988867982 0.33547505629675345 0.34488060074411964 0.3690326722595827 0.3790249080013536 0.35368527781724207 0.3478582100198251 0.3343983588480686 0.3488589448903534 0.3444877400420315 0.3743928197473843 0.40819098089349665 0.39989363414271517 0.4703462826422316 0.40976917411618696 0.4306561459182522
0.5809126742997667 0.6152562382895367 0.5747046101186846 0.5598451679214098 0.5714354033172578 0.5753485824179151 0.5255568362692004 0.5095122208265404 0.47827893724321985 0.4767585165829204 0.44011957282995695 0.46067200071124176 0.3742140035492165 0.3781084580543616 0.3701096913221834 0.4094762476858308 0.4178848488391928 0.37551803226787395 0.37469261231281153 0.369223876379977 0.3446714644931332 0.37624905778135975 0.3633028393667034 0.37103821038131507 0.36442494354711563 0.3689408062381088 0.3530309725094181 0.3311128057190578 0.3291430790737507 0.3537199777207797 0.3603928170671539 0.35492881625147427 0.34584050778080827 0.4109871706974542 0.38949466195405447 0.37086407513070274 0.3963557238048869 0.4180090392953283 0.4328382718466652 0.4641020416526535 0.46640096883994847 0.4714555741900086 0.48109370675381735
0.6393957593772466 0.602995590149268 0.5384695965361307 0.5543554299723605 0.5823870698828015 0.5970889741093625 0.5448166551580226 0.5530010876992116 0.490659641983683 0.4842403687131179 0.4312020902410603 0.3986458587358488 0.3727061844201848 0.3745100700251882 0.3617190799684711 0.3429271110069919 0.34851396783820093 0.38749369329408573 0.394839449115352 0.4031603351377738 0.3962592118782366 0.34540651140675616 0.3911355209823068 0.3817720639127608 0.3672355110001 0.3655669061913064 0.3549298871201543 0.38951859883428275 0.3617287971458757 0.36494884795286797 0.4257723679606973 0.43531995133159423 0.4064204895597645 0.44648607449085337 0.45688600435848364 0.3966042390474228 0.3997766746071611 0.4061795431996747 0.4406339826861915 0.4907110550738638 0.527495397221385 0.5146114502148171 0.4998557386225266
0.6103982331483417 0.6173311241371476 0.5571637323183884 0.5843379788261636 0.565902072718731 0.5758025237468568 0.5856445889574639 0.5324499666161735 0.533128117901868 0.4616464978877169 0.4699193103984493 0.4350884132313088 0.4204232111386475 0.3592287129240396 0.3421574861339114 0.33248839648195466 0.35909866216383657 0.3620152981297306 0.38085447967853514 0.33948417792368335 0.3188541858922058 0.35574685765931746 0.371852416889555 0.4029401673778448 0.3826389997146709 0.34322037178358816 0.35376299747349116 0.4103705951647046 0.4537332074306609 0.4568737929186835 0.46072729805944757 0.45580067197387014 0.4833220796065909 0.45368754339363143 0.4776260972289632 0.44672407449239265 0.45146067246564836 0.42344802903294027 0.4998156619490066 0.5491132320721257 0.510261890489999 0.5333984920253622 0.47965229064443693
0.627648465020083 0.5859693597889605 0.5861080502194205 0.5584063196719726 0.5716169869095225 0.5645655799630787 0.5570436267364689 0.5547027133150315 0.5544276175429395 0.49669853248051654 0.42478021366034385 0.3862262671556895 0.39562776255916604 0.3954572081395771 0.3385357436706282 0.3164595502339944 0.3442161325461816 0.36268681561321053 0.3259442417238129 0.33258092824572205 0.30314785673307176 0.31201092485301185 0.33632781964253816 0.3979597525187538 0.39280999244517417 0.397466487114241 0.3921486232550756 0.3910545780599932 0.46910663034992983 0.49204625748664593 0.4817475490272723 0.511479503899047 0.5227701584694991 0.5015872201659841 0.49711533176303907 0.4716942718007984 0.438456433151417 0.46025697531755955 0.5374571507721174 0.528356732183239 0.5488153567623213 0.4913425310710362 0.5262009033547677
0.5870884730416126 0.5397028017119997 0.5805500194822991 0.5498779491326671 0.5402575992411951 0.56888349356508 0.5619551758473201 0.5159814104060872 0.5306232618954809 0.4885039309654609 0.4390721474595634 0.41219285037671843 0.3504654672606102 0.34880589291143654 0.3347362600612218 0.33228355357881983 0.3570011261026255 0.36070808727475046 0.31813778320718533 0.31219198589998015 0.359550134404118 0.32695422134050117 0.39717624795885337 0.3849326172857276 0.40167809107240987 0.4198450687115453 0.4254517790850858 0.4206979589685353 0.4364589694489773 0.4994153735695095 0.47912561118669467 0.5175994195567301 0.49172007271775725 0.5183244746185042 0.5079930227654238 0.479876781267961 0.43878563379892827 0.4754123464588511 0.5198459605312427 0.5355055368354829 0.473385958912348 0.4931857733635762 0.4658953115061553
0.5085955873729214 0.522041723866891 0.5063300910552172 0.5286797694827432 0.5238701638543768 0.5665562502022508 0.579520303161679 0.4786122247667778 0.46262437542585116 0.42744296456606334 0.42872508482774657 0.3914434205177703 0.33247473427206553 0.3663726260237634 0.33788676952431346 0.3189029950553334 0.33041264305938445 0.30972831553124053 0.34821459901461627 0.32996342712352095 0.353068768954108 0.36648132909799075 0.4060740318859589 0.43513694653494833 0.41361197290594737 0.4335818135682016 0.42244970051785374 0.4257470056557153 0.4853418848075936 0.4825224668569001 0.500523594432997 0.5182810815992059 0.5427134004824207 0.5481070142060943 0.5183160767335588 0.47349548342678555 0.49970655719485263 0.5213870694181381 0.483580871433722 0.5095869140903159 0.45559566126836804 0.4632819812531098 0.45243685204809553
0.47803939035234094 0.5273006406837789 0.5668049064444627 0.5447399500345343 0.5162852638343997 0.5316419629116644 0.5123876380257668 0.4904039933129487 0.43291051647087225 0.45885490554938085 0.4255111475015087 0.3718006434283937 0.3637094258970349 0.31690854755001546 0.27573925368286284 0.28517838767690673 0.27331945629394394 0.29236075087241226 0.30453257925616 0.3752238594168047 0.4042603400172605 0.38113093837280637 0.3970300010426957 0.4549312706214678 0.4891226628934678 0.4868401721084141 0.4632387657765775 0.4650816298767097 0.44090160299256775 0.5179472173134209 0.546992778150135 0.5316648204563832 0.48815981087738747 0.5139627119818064 0.5023559655362332 0.5207044859765871 0.49341160645524923 0.5170082562539936 0.5466969018005761 0.5393081672124108 0.4818700054903516 0.4757744795653102 0.45983862085652183
0.46931205656615876 0.47495460634235415 0.5571586586485212 0.5837919793311814 0.5687663647927799 0.5070315521919804 0.4614303251008621 0.43636569700946887 0.4564292620878127 0.429223470624712 0.38002554939658656 0.3798986088138521 0.34466968185905045 0.34054690272415256 0.2675999546341308 0.3021217310450025 0.2688737564226991 0.2985097133284229 0.3091247818818198 0.3580151531084659 0.3791204551643887 0.39665479102937684 0.42197878469868827 0.4820228456842256 0.5311683019133314 0.5201641244339953 0.47751362790742913 0.43932412242827706 0.42163377034882915 0.5223094872635882 0.5538448349217588 0.5473803673371663 0.5048303700870632 0.5135401633822688 0.5328887199408546 0.5140733270453949 0.5112555548149849 0.533686625103933 0.5267181477544323 0.5540727754900423 0.5521014651946936 0.46786080982904854 0.4395795455248132
0.4093863936428485 0.43744001080030614 0.4712702616110095 0.5250184546040336 0.4970242093055083 0.5215693357779495 0.5006945081101615 0.47953356968927785 0.49970435362903 0.4501486876849599 0.43780661064053117 0.36482346678949723 0.32986124357081764 0.30581485628918664 0.29480597880025183 0.27745870242579923 0.3011807068006642 0.3030669804143471 0.38887267180827584 0.39062240755654326 0.40393995099045144 0.4352243908187069 0.406346471019093 0.4564613543520666 0.47538854769074734 0.5155984511744789 0.5513431546332854 0.5317400787977283 0.5233226244852431 0.5178798885921088 0.5753675803717976 0.531819046560215 0.5332319388441543 0.5230703070453648 0.5130673648277176 0.5238698687357458 0.5146706125919458 0.510574830235507 0.506151047624293 0.5469976824352295 0.5330284886444322 0.5365323283487893 0.4936042662621827
0.37789715606714913 0.4210352678444629 0.47389098904133753 0.5070255168219255 0.46219918614295846 0.45981341264562375 0.4699314539105914 0.4623995017752066 0.5295753799347492 0.46269140617433374 0.4745772964361407 0.41356857257573904 0.3273144665064105 0.3352447010144216 0.2953093786306201 0.26620929610194183 0.3106542778347744 0.34032549858646616 0.40988529462430795 0.46789239290478457 0.48237328459365 0.4493709719415334 0.44203758126216086 0.48751132324539487 0.479135603602734 0.5259483355063079 0.552306215104167 0.5809740119373045 0.5932150880400179 0.5932652931674857 0.5840020353837065 0.5978576207603296 0.605290555540088 0.5919231609207275 0.523167795103325 0.5217044083012501 0.5727699578335694 0.5509947103924161 0.5219821515824705 0.5438766473223717 0.56602610235052 0.5276960110251514 0.5021957000120016
0.416149229803976 0.42273177963925174 0.44828993747674206 0.4550099518101362 0.44075818816557893 0.46908905178817095 0.47633872416837497 0.480819251530274 0.5094867199546098 0.5034474512419544 0.47979234070148397 0.37917885045518984 0.34458863668162243 0.34322091608515076 0.34533823467985214 0.3027767443158841 0.3299732253684466 0.36892228874934785 0.38999138432336267 0.4855279413057949 0.506791224785114 0.5149916669296853 0.4619635036193071 0.47926301488931333 0.5171459471971553 0.5440249220609779 0.5506010856579479 0.6003237049318906 0.6192198282130149 0.6132024551141929 0.6131081661691833 0.5914067333309654 0.6425569682351752 0.617852310638857 0.5519281857624602 0.5685301471736274 0.530106175783379 0.5237221056056117 0.5282253676711804 0.5715271596558456 0.5770971895404479 0.5340552585168878 0.5192998167587916
0.3655754052269453 0.40778925690890405 0.44242473904570057 0.4537894343808313 0.4010111025665879 0.41915524981106467 0.4432635752948653 0.4815744350366203 0.48669115837875837 0.4937423492460218 0.4284277321617193 0.411849365589716 0.42307679845887103 0.3474736931494017 0.33740232737835874 0.32526232179374726 0.37310811532930444 0.36045298560653133 0.38653924849468935 0.49749576199355156 0.5378821247257886 0.5050593374718028 0.54260042537308 0.5536574441861266 0.5495432495624651 0.5683350974630977 0.5386322374738753 0.5705951236667406 0.6245182337542609 0.6457884998829335 0.6337966593325015 0.5709184283222999 0.6142304041254067 0.6255046655205136 0.6124144800535847 0.5857048108582537 0.524957002959362 0.5462268588350236 0.5909059144916959 0.5613188565377962 0.5483643877444911 0.49179683614456804 0.500923421582076
0.42918279103222273 0.4069798046199639 0.44295514435166683 0.4557144790798473 0.4629247904578241 0.4683650594987072 0.4468959358958121 0.4819888566441282 0.47416519701248083 0.4945388654613591 0.45676550090380846 0.4506703664568582 0.40570077781930475 0.4092065905200754 0.4229978372808107 0.36851250687884896 0.388444919279536 0.42401807316058143 0.4225867143585572 0.49573206378834955 0.5122635102930855 0.5489397001206543 0.5356349100686936 0.5378285891378346 0.49707363623550177 0.5356466703262137 0.5098319220018039 0.5858403003123653 0.5889480452607866 0.6089729277680507 0.6292230757188487 0.5652083055838893 0.5826996109452128 0.6224980886628871 0.5749731767292054 0.598304958077064 0.536579418770003 0.5852368140589805 0.5427103542424453 0.5397280534820219 0.494960952909963 0.5008590239852263 0.4605947532699406
0.4688546377120241 0.409974855746866 0.40262619071744404 0.4573887980462293 0.48160950627595034 0.49424226571371044 0.44065085232531376 0.4922489269891896 0.5217848955093568 0.516489898069531 0.48495777636351406 0.47596270750544256 0.40760241062023816 0.44183070978978944 0.46512906616786964 0.4252398184229031 0.4198677963484211 0.45332271593934076 0.4502072996124953 0.486423501940392 0.47157430471619094 0.5080604623405897 0.5743477835404053 0.5404027278714947 0.4795579167070152 0.5406864812991087 0.498742953748736 0.5766834012599047 0.59930941033039 0.5702160552866934 0.5751237341778754 0.5654396340678681 0.5769081136721493 0.5853192729141355 0.5888160486914173 0.5678146020681021 0.5440817792875324 0.6044466306541841 0.5950338208841732 0.5669225296760224 0.5164423526967505 0.530955212863023 0.4679160890129197
