Raster_benchmarking/continuous/raster-251.asc
NCOLS 100
NROWS 100
XLLCORNER 1743169.0111317995
YLLCORNER 5469294.790292926
CELLSIZE 10
NODATA_VALUE -9999
[rows 76 to 94 of 100, columns 0 to 42 of 100]
0.5846171662804474 0.5370250778681185 0.516758940759951 0.5032779440622616 0.5296987149720226 0.49322847331683456 0.509674092085686 0.4998750261927231 0.5164957504514172 0.5503323986514587 0.5601294276776285 0.5166182587470736 0.5338891133981011 0.5711549440806729 0.6115411946355771 0.6787735893509167 0.6586372614030641 0.6241587273373971 0.6004660200857341 0.6114898654863278 0.61601271081501 0.6492713989118208 0.6105517733716459 0.6343429654771225 0.5963035067493474 0.6000680834454335 0.5871403949213863 0.5768685789613273 0.5331487727675481 0.5491406985721722 0.5734802780834284 0.6122778834913405 0.5682196313966359 0.5228868020952858 0.5275253104705783 0.5160576141977996 0.4846367490255421 0.47870230093242255 0.4847641757080822 0.5474766783622622 0.5040829270197614 0.5177593231578671 0.5096786159919363
0.5600685675526049 0.55792228810112 0.5173204438356951 0.5207828946694836 0.5166180355617299 0.5179827690508388 0.4958070217707057 0.4920064114457266 0.5144496254629591 0.5207060884704924 0.5281983075988796 0.5490509364392858 0.5631425028933981 0.5771218945326291 0.597310276848287 0.613169549100226 0.6144128926083686 0.6115844828505643 0.6158284747373566 0.602722251561801 0.5994063113658606 0.6329624883217432 0.601977225937942 0.6143821994446649 0.5911709852828122 0.5909704608039006 0.5991802476653162 0.5800442854242226 0.542631358613758 0.5517592353612804 0.5600619256971222 0.5691973823399628 0.5557166815720995 0.530656274258732 0.5363232912933811 0.5112234712876276 0.49894623090915663 0.506364062063894 0.49836252867502695 0.5175041510834597 0.5319818574409456 0.5227591724612857 0.48710116851091306
0.5511424963157348 0.5342207941706061 0.5327930469862199 0.5169721527437291 0.524699670156748 0.520107672669583 0.49716470495618403 0.4865961929609467 0.49958838493590146 0.48688554292472064 0.5039378192914086 0.5404667345712497 0.5507150695802476 0.58526669262974 0.5939639023604864 0.5731421360183194 0.564959473975229 0.5847520191682953 0.5620598070192439 0.5619319651201423 0.5995521625517206 0.6132273772353208 0.5919041114012973 0.5768140643303066 0.5599377050176054 0.5825207772080246 0.5794979205704803 0.5531190766821977 0.5587086029612544 0.5488237606408466 0.5861976289789284 0.5656769389847385 0.5808259966620334 0.5697844202071226 0.5521688260966222 0.5571944827150561 0.5043806202118855 0.4974006300205135 0.5075217322664054 0.5018783450711671 0.5327391360923596 0.5249631549492075 0.48923629699750554
0.5833913737198565 0.5581321384213431 0.5395011491610447 0.547946308984328 0.5303990822670047 0.49155320655158885 0.48986003711929604 0.5046299278703126 0.4915502009871612 0.5077007590397853 0.5210531388905127 0.5426241490180128 0.5417581417358287 0.5409758594141888 0.5833080183518877 0.5621027360366397 0.5736167763161313 0.5626360179560614 0.5578013339673447 0.5594185257704615 0.5506703394393644 0.5565090300925427 0.5825204433210428 0.5782674480211 0.5589463609343833 0.53142378896655 0.5588753923363154 0.574276852613342 0.5750279748017955 0.5846515241846139 0.5845712108361103 0.5619275007482782 0.584078221552268 0.5883004384249142 0.5662633501178257 0.5269463719050179 0.5172333334456174 0.5117195443493707 0.5071518997675213 0.5056745020227961 0.5212159616679337 0.4829056433231102 0.457886427835073
0.5771767866164436 0.5316984762685366 0.5533106277472626 0.5317867355087563 0.4999276095888407 0.5042146963426574 0.47927975990244165 0.49471812133744775 0.4959272980731252 0.4918499246021769 0.5099765478939242 0.5481449158485603 0.532760411079436 0.5426744541561335 0.5567417348202377 0.5473288820023988 0.5645756164126103 0.5415845784237611 0.5550024830712919 0.5517510086540094 0.5464260828153323 0.5444673921008967 0.5592023412655172 0.5203545633566029 0.5187990915687289 0.5118943419003285 0.5338123153302121 0.5343070141149426 0.5604560076523352 0.5807849047151944 0.5615261271935981 0.5537822003726331 0.5641721414058914 0.5834797756160611 0.5311342568368939 0.5277271634905918 0.49063114632624066 0.46320500548830623 0.4554098346073631 0.4933596201578056 0.471286776015804 0.4827720563015712 0.4401154371885014
0.5815126734249257 0.578260338044606 0.5507107750261155 0.5497075241189091 0.5143714512679056 0.48185924133170444 0.47961025224333026 0.49724901917886577 0.49658252965707506 0.496459291348015 0.49618827746179256 0.5274005564358321 0.5437853743740758 0.5548403730532125 0.5399591258985885 0.5479245023959514 0.5579220842432362 0.5692240365368445 0.5707806506206948 0.5474143840297405 0.5592741807865768 0.5472228086301895 0.5436394972908634 0.5335953672685807 0.49458603232450243 0.5015951287670578 0.498257671551908 0.519697847779888 0.5487627193861435 0.5743616247491871 0.5640712539588888 0.5458674181533231 0.532321904855327 0.5379229476781293 0.5266080944125286 0.4908905521854259 0.4876015046640197 0.4262709058693256 0.4299206270939519 0.43029723043534196 0.41055177228557277 0.4256028391672693 0.38298444093261896
0.5993424861637086 0.5783759658352384 0.5359726568819386 0.5414508408189368 0.4939144049572466 0.48214197592030283 0.4535853429316871 0.47266530845124766 0.4596219469310794 0.49105548864418574 0.509111408769529 0.5194629883564648 0.5186892602611788 0.5324348401718718 0.5163286471050024 0.5249902971962868 0.5459353982524132 0.5311481690829238 0.5473554579851168 0.569037113795696 0.5681447307643042 0.5401565645974333 0.5347777440351112 0.545365298259474 0.5110355593089797 0.49000323683603164 0.509268354733362 0.5000208770770561 0.5605784519775353 0.5560093743486989 0.539103279000914 0.5365237847073462 0.5125137192050616 0.5325673130190621 0.4932489875166465 0.4704114228100849 0.44527567191494677 0.41291654627757685 0.3833562166772178 0.3658046028785296 0.38798779005463413 0.3596502276488563 0.35000892593379573
0.5790237985089692 0.5593136719661262 0.5315496864000232 0.5193651556954586 0.5073672200628805 0.48152045140854643 0.4540699212987736 0.4488840332914478 0.4473721996569328 0.45206703211377786 0.4971842994461946 0.5306372887978208 0.5070794041805604 0.5297305856197124 0.5500297401376406 0.5556029992255856 0.5508920341959287 0.5499345855409481 0.5654184396686398 0.5401908361415454 0.5293046089160216 0.5116186132654031 0.5207899097397053 0.5100091610608375 0.5173491245000874 0.5327089455303967 0.5248501792253917 0.549857299971394 0.5556066318710109 0.5542369744049134 0.5378969219969326 0.5390901764506135 0.5187992758937842 0.5002115555332118 0.45696825688690224 0.4398453580214389 0.4006127460410499 0.3725737917538426 0.354553041203243 0.3617890486070826 0.34655579393590247 0.35005476493954785 0.34565287822868634
0.593695840718751 0.5453420036405675 0.5578583215154724 0.5447463623435308 0.5268726124194687 0.5140492367054422 0.4554816249174169 0.40622306438712363 0.4208671877279182 0.43756912182939006 0.498347022164229 0.5239656716213555 0.49118271383651774 0.4972135476164722 0.5444022852014517 0.5802001182314951 0.5794959928986116 0.5714608552469315 0.5654534215877194 0.5367284539403796 0.495280887733473 0.48017510719529866 0.4922909580299333 0.4903159217707292 0.49638914907539416 0.5097960596518701 0.5384740959398184 0.548810354066341 0.5556064359569515 0.5622155316041246 0.5458615642834003 0.5355809989309764 0.5246911638127896 0.4728334572896373 0.4659938514689184 0.4206275823271025 0.38251992368392296 0.3819378939823696 0.3732195157815118 0.347326668494655 0.32484861873900756 0.343046133736798 0.34754825720193205
0.5731635920320051 0.5444581042265884 0.5406247235164324 0.5358121566627235 0.5354456048519564 0.5111159790170543 0.45161403135500255 0.43447831027814904 0.4368001412251122 0.45889943577395853 0.4837923612397214 0.5069406851708247 0.4799176016647601 0.47771957681953453 0.5096661247446405 0.5634399420380052 0.5690256398910613 0.5573525455928721 0.5531864746549789 0.5257415199441966 0.5015049477492818 0.49501784091537265 0.4924731161815681 0.5080032046572662 0.47912817325320173 0.5172501595512705 0.5254232928960177 0.5128034661944414 0.5076591821716571 0.5363361344081705 0.5011815481073505 0.5092362131474674 0.4997391634932267 0.4571752281412981 0.43050108768193246 0.388905742235962 0.403515346007038 0.38122935196546737 0.3557670469712757 0.31881792302144596 0.3373046642323104 0.32841676850512824 0.3228860800661834
0.5496561064790073 0.5439846061079322 0.5155896541104371 0.5400257283113341 0.5111476666739946 0.4873958783928557 0.4461110496084405 0.45385039404939687 0.4599657596479714 0.43993300071304803 0.457193194598805 0.49309436268260953 0.4976211362593619 0.494257497576829 0.5324970354738708 0.5201293428668768 0.5341046904616578 0.520099705127098 0.5054616814974583 0.4989938410392231 0.4587354417655784 0.43690447031860147 0.4688874478574314 0.49192180959440057 0.4997609810764388 0.49439450283354386 0.5180682290747322 0.48400825510361334 0.48240617347861975 0.4930476923868567 0.5017059499084455 0.4597355248763608 0.4483495008752352 0.4465472016826498 0.4083369748263065 0.3817450603742545 0.37115775393810074 0.383689388680118 0.3339693784046714 0.32051405410489087 0.3306060773542735 0.3350940579504575 0.3304055221401791
0.509985474361512 0.5040104860193597 0.49501769478304897 0.5099424782737124 0.5089721488883202 0.47695635188792884 0.44449559807883815 0.44712890530138083 0.44387342610567515 0.4641186493951493 0.4585825926982995 0.46936872486975073 0.5003564217316436 0.4841434555065878 0.5231363359040602 0.5218001406137769 0.49700755554847537 0.48012977370550347 0.47718034486224664 0.4613945211705317 0.4456513451766755 0.4195759700557205 0.4269043493877586 0.4285738581123858 0.4578305935234024 0.4774078012695484 0.504172522145615 0.48137954382108455 0.5126595687573484 0.5300414177497027 0.5030052381699046 0.46471647020548956 0.46367358754159493 0.432087739974718 0.42374052858548006 0.3920923584741864 0.396369595499436 0.4010282584397312 0.363677418678466 0.31428033181082315 0.3110616140282278 0.3363397224742267 0.3164982778758352
0.5134508142002115 0.4596012770961665 0.48695519352083727 0.48020143732442505 0.4777860190499302 0.44203417500257786 0.42038123127532767 0.3959335629868329 0.4060374817079628 0.4304501485759192 0.4416897164243915 0.47903685244477917 0.480034916340639 0.4753001744421869 0.48448453760482746 0.533999429905495 0.48611050194291305 0.4525449968218155 0.43885713585927627 0.4591190271785642 0.44429218579295526 0.40946888429252953 0.42515904648421426 0.4086986782205182 0.4269615173693184 0.4719936483123046 0.4928032644316004 0.4949057695221556 0.5283065723795415 0.5265303032095933 0.4919032910939887 0.4817164637094822 0.45204996755838817 0.4234004514543725 0.39630200950892375 0.39572427616776135 0.38171942911477086 0.38678676593444267 0.37119436619785473 0.34937214041263426 0.30656173386990443 0.29976855377366096 0.2852820573562554
0.4924728825536111 0.4421239610716942 0.4619031799155096 0.478884570470054 0.46092863379479226 0.41448510942948863 0.40103295298797415 0.4103611649059727 0.3847380858965424 0.43877719911790414 0.45377156448128964 0.4531953380700201 0.46251318136955893 0.4708593274716805 0.4758119330231514 0.5154635875533031 0.48385112777949196 0.4538352374173349 0.44846724174932523 0.46127324552961774 0.43395363383434915 0.420446650664601 0.4230462685627448 0.408957608611362 0.4255838909827299 0.4551334471743756 0.43155252137189676 0.4859093176013768 0.5007444675461115 0.5164092818242058 0.47566140243752364 0.48754169948047144 0.4716551819739442 0.46695101217674034 0.4301890793198053 0.39331102570903076 0.38898723256618967 0.37041366416891514 0.34863223625304846 0.34886234754938067 0.3184217310832879 0.30215858797741296 0.26858458386274114
0.4735481428494392 0.4405344138592509 0.4279226843307686 0.44468440042700697 0.4441690031622105 0.4223925190450299 0.3898441825161706 0.39082156185538286 0.3887916847030049 0.405476513434064 0.4134738282288825 0.4642215205225688 0.42923348075282053 0.4178781692708907 0.45724174607416546 0.485366041311012 0.45165823555279155 0.44322747610418106 0.4215521264231267 0.44515727527531807 0.4421933787973263 0.42494654299195617 0.4228333978995165 0.44023959982033245 0.43990415015602885 0.41015760692998654 0.43833525599075174 0.42900557673272877 0.4565630714216542 0.4850140479732558 0.4559165901306146 0.4516204836565431 0.4753579293310947 0.46323348577861223 0.43467724862824 0.38982974745370036 0.3964774577620866 0.4025782670842471 0.3529091158102111 0.3249111360304708 0.3031678148383376 0.293403607353921 0.27185210045676356
0.45017267315828235 0.45215180969784996 0.4263115510951016 0.42043985626446095 0.4472100021089009 0.44548701357566417 0.4024986929419295 0.39786740649462576 0.40215981308956356 0.39875831171511694 0.39940576115896403 0.40247998731695606 0.42192451347198995 0.43676383580798606 0.4332872485342536 0.42789006913361305 0.4308127709209736 0.4122736867555474 0.41325966260644104 0.4511740003728169 0.4214501602155228 0.4244597278993956 0.4154275885286574 0.4022023136536641 0.4141515138948197 0.4353788253076979 0.4409540501980388 0.42878942802135134 0.45985690945761787 0.45689279833775165 0.45844461899089484 0.4535630334342109 0.46946231652734755 0.4664222843552734 0.4301151361635731 0.41219851940678465 0.3978320995119614 0.37137286956879884 0.3566329707084191 0.33120779180822246 0.3314458226857118 0.3119933772848039 0.27016455721858146
0.42424274143143614 0.422015814649326 0.4218150649924509 0.4476442635179969 0.43959565483429225 0.4330662441780499 0.4121449584382418 0.37379595591425235 0.3825957613408987 0.3908160774192986 0.39906629123638787 0.4097130786643833 0.39948587737680946 0.3925157494284947 0.41129241099597136 0.39939172288406755 0.41109658778639935 0.4063533506098866 0.41559422448647515 0.4415556352893527 0.41372935463291316 0.3735511730184325 0.39461590102296157 0.4098466950781673 0.4190430100335621 0.4163694411947933 0.410175459154517 0.45645238795189697 0.43427211189663684 0.4465553929227625 0.43538324526761196 0.4926213630487264 0.4432642436123344 0.4468793886174913 0.41432452378260753 0.4157836145280399 0.41970521433738717 0.41043132741872196 0.3804215382063629 0.3322505263814636 0.33335111987913024 0.30957278055476317 0.2602242276808905
0.3833488536802044 0.4122586903297456 0.4107400328170765 0.4060741972247946 0.4062584277706716 0.42525557980083456 0.3976880901314854 0.41161763352048125 0.3894513070872812 0.39837375215814297 0.387985963410924 0.39763908102051954 0.36952269810590116 0.39299060747791714 0.3885611223681771 0.3901679372049686 0.36825010890715765 0.39663894375032965 0.40882071419140403 0.4202518636439223 0.3937308438313467 0.3915260308574195 0.38441330305154475 0.40768820612277645 0.3961375053945466 0.38518759556893123 0.39691785978953037 0.41552466721960435 0.4241343033044278 0.4092863266553965 0.43090492032228284 0.45898382905663626 0.4469301583629167 0.45649683484010295 0.44460666341946475 0.40313121380221945 0.3873823447798482 0.388426453896439 0.3557552614719384 0.3634938354472283 0.33388652250929357 0.2717397588664654 0.2504029619123627
0.38921051395041184 0.36839606961442445 0.39658186453575434 0.42339306278246014 0.40188944304254093 0.3880908611655136 0.3811750119531959 0.4246622985836789 0.38899960623267726 0.40726082474003295 0.365052036875612 0.38113308621868003 0.38623940894371456 0.38358017421907614 0.37849021109306263 0.3637588635944087 0.35203091971678896 0.3539198947297904 0.39030795786946293 0.3915192343409738 0.37907105564370824 0.3520327475330105 0.3577032462684315 0.35641132349252963 0.3682538923850675 0.3740224502364887 0.3517661615270895 0.3539163478894895 0.3584012753841635 0.3763018150899355 0.3906597057929618 0.4335081061307972 0.43553590154580885 0.4412835157430389 0.4558646881799937 0.4126248892297489 0.4002572692344724 0.35606675197517085 0.3586293858594716 0.34277479240577763 0.33224677871844954 0.2822189240566327 0.24955547475002765
