Raster_benchmarking/continuous/raster-369.asc
NCOLS 100
NROWS 100
XLLCORNER 1743157.7454121124
YLLCORNER 5469278.095808502
CELLSIZE 10
NODATA_VALUE -9999
[rows 19 to 37 of 100, columns 0 to 41 of 100]
0.7441334179408466 0.750401166371149 0.7242717057963145 0.757063099323085 0.7895662931491032 0.8327024499325473 0.8559917692299738 0.882474688097904 0.8894075802933629 0.8792592974071732 0.8629781353078462 0.8214052690302995 0.7915962777317799 0.7842109772914485 0.7540432754996795 0.7309935306994829 0.720779182318839 0.7633559649812376 0.7650030653847474 0.7923588564959646 0.7842218965549463 0.792519281946122 0.7690563589861297 0.7697079909789493 0.7983743741405166 0.8038830226005225 0.8278308187548628 0.8278018898431037 0.8208534875960813 0.8202340343361897 0.806994294904574 0.8090953307578866 0.8435170747099652 0.8266093368615997 0.801141102902363 0.8093564080451653 0.7936476490049232 0.7593609079475204 0.7148328628363668 0.6811847912248159 0.6564383589360759 0.6381613301033664
0.718652519039204 0.7387362542711711 0.7400646558907384 0.7668743731887492 0.7656247328136114 0.7997380249532986 0.8125229579288584 0.8313745174665307 0.8373357585871097 0.8339785831321586 0.8049688662084422 0.8078488705705398 0.7831887394625203 0.7550012499072186 0.7333043863877361 0.7214335253275393 0.7157270208866163 0.7462729119912125 0.7474817885068056 0.7755322323549826 0.8086640517821261 0.7995245468110322 0.7902998704337235 0.793112252512559 0.7810752492466874 0.7939304929698137 0.7866304667380447 0.8052608759809735 0.7791815167981566 0.8030865448962484 0.7989731702146666 0.7869562387690144 0.8160400400474573 0.8109304810565502 0.7616587124213254 0.7612902896051265 0.7838863726002172 0.7705187863486392 0.7345278426322278 0.7004382701274817 0.6860511273170384 0.6823489233589497
0.7463684499668332 0.7575730827512235 0.7408917023227479 0.7505291478071803 0.7534376985948152 0.8025623700739035 0.8285493456082329 0.8108733925120601 0.8207224601206373 0.7901333635143719 0.791121513708465 0.8018129048038624 0.7438742601982119 0.7130505548360164 0.7081940018442566 0.7252648336371845 0.7419884546513121 0.7717862445811121 0.7418041048703163 0.7875907879270586 0.8096779478898378 0.8236739280946236 0.796248368100464 0.7853400235675644 0.7230160840482948 0.7421949124712133 0.7668591148888729 0.7401481941492396 0.7608890430473699 0.7369162684418488 0.7327332151429139 0.7497325204185545 0.7964287319343561 0.804258214628602 0.7630122632436749 0.7700456991013862 0.7608660380482221 0.7449649863946454 0.7619778293451284 0.7351043198532334 0.7064897174467 0.6750553930581926
0.7227761942540616 0.7216703440788701 0.7366924174975588 0.7625324104974815 0.7929868814052722 0.8034089676531211 0.8186034756127826 0.8100870743894667 0.7953785005547215 0.7845324271384496 0.7822831681856754 0.7736277836482447 0.7518322212112106 0.7202849457265459 0.7300722743558374 0.74405824765227 0.7691060994412342 0.7691196489316879 0.7515691674722477 0.7958188801488295 0.8209344950345105 0.8155584642172181 0.7879330146187254 0.7607266993452689 0.7217017811804814 0.7395062692406752 0.753042707964087 0.7180925467260694 0.7344689339457017 0.7172457468798511 0.7441306263112366 0.7501121468814039 0.758462699882975 0.7594641442721249 0.7715593689250984 0.7615907201730454 0.7659185417887084 0.7779243555062972 0.736378193799561 0.7088270553643475 0.6893866740965396 0.6617930368916765
0.6925965958083906 0.7325579946695475 0.751177678508279 0.7669235015572977 0.8021539085369586 0.7786458428562837 0.7889607255612457 0.7802922598034264 0.7513477140147021 0.7460552957923224 0.7343896270518344 0.7575278075371156 0.7672715609118077 0.7272108851559235 0.7453968640303026 0.7522436667921362 0.7865834514380372 0.773029499696084 0.7854232293265054 0.8278832626605168 0.8246604924507746 0.8130590398819845 0.7756603070292206 0.7461921070283142 0.7386101232385809 0.7402345235493548 0.7110708982459546 0.6897289845863653 0.6870775126812728 0.721374367667181 0.7100586854896132 0.7148764295735677 0.6759008826660805 0.7290158934315588 0.7219514043890273 0.7653967339336933 0.7811198237559609 0.7502973272242311 0.7437242526343761 0.7149524338273708 0.6788585672251046 0.6497867011856812
0.7351283980530943 0.7155032989474781 0.7421719087504043 0.7816472874785706 0.7790223664486281 0.7983812148616688 0.786255932232078 0.7698539969869947 0.7208597366905681 0.7170405363090533 0.7299849501356737 0.7647113160642401 0.7580024512092248 0.7678245677736785 0.7681266659083268 0.7732300512277477 0.801271421233154 0.8048835178608703 0.7931054668072098 0.8166121119038828 0.8001293992020116 0.7697759087685965 0.7697357151445601 0.7284065945309426 0.7327858458017331 0.7182655486257495 0.7368441515182561 0.7183536107756758 0.7244007758347655 0.7186810721108672 0.7103023697046403 0.6760996860728594 0.6576886903237772 0.6873594254169013 0.6867189676637072 0.7335342184368836 0.7572292474565483 0.7506774280402795 0.7314683301367765 0.7138995246355371 0.6682896549072462 0.6632497491853332
0.7376332485690164 0.7532552087214321 0.7424478968397762 0.7674280518845539 0.7592149708044426 0.7653982329481119 0.7614120692359411 0.7664049629395029 0.701030962225844 0.7148581296960732 0.7606626396406185 0.7724217489048382 0.7753067930470802 0.7485105794182149 0.7441466446589122 0.7982497311273067 0.816723997288408 0.7966027389587129 0.7971210581748176 0.7952542375012731 0.7964433219906724 0.7883117212553977 0.7464335178012919 0.695639484930734 0.6764114870966746 0.693623895289749 0.7125590628085696 0.6876218052880184 0.7095336430082841 0.7088499082360095 0.6993580804742303 0.6855871856957306 0.627947328974316 0.6722669708876466 0.6703421040424289 0.7173671710485396 0.7424707369178001 0.7224218489131533 0.7187072292330655 0.6897002173490954 0.6937944398588473 0.6752765339718663
0.7410203498998379 0.7497843047781793 0.7656010419406171 0.7245787192566503 0.723900700456304 0.7249585188711362 0.7314057625081911 0.744318489844964 0.7630351276783105 0.7646215717824767 0.7694343446196585 0.752499031256106 0.7688289461615857 0.7667731562271084 0.7561339169079146 0.7811204632668273 0.77917221088751 0.8021058065134343 0.7741271565678512 0.7726759870495263 0.7932728572761195 0.7496318233299718 0.7089075483880641 0.6876443852384967 0.6542606453253293 0.6449759279265814 0.6847481782536846 0.6978819993249836 0.7010197616050243 0.6615470526747053 0.6768514495193 0.6708391485846613 0.6487092617760288 0.6583451545050469 0.6572688596740587 0.6536193696270663 0.6852952729542041 0.6787592979037959 0.6585962546671815 0.6773026559228053 0.6658012137133663 0.6988332837294458
0.7419989973516171 0.769597804411955 0.7629350048496667 0.7510974522225743 0.7205159029995385 0.7220148430991806 0.7353591989854351 0.7285850421487868 0.7543212048500367 0.7454731556823299 0.7535568578959816 0.768109365611151 0.7785005240815872 0.7624887904312543 0.7712672537197561 0.7458018348529537 0.7351625322855475 0.7709868877503331 0.7877378136014338 0.7630669853396317 0.7640592842492506 0.7397463656528716 0.6872515771335713 0.6613856831676576 0.630407578309111 0.6267105063570516 0.6162223451531774 0.6408292700958401 0.6725151068207699 0.6764959641893736 0.6551218760607801 0.6498187221920987 0.6249758677909337 0.6390902289564249 0.6308362098445541 0.6246804292874358 0.646791185330104 0.6317938438667333 0.6378119117853673 0.6379816256258709 0.6272223578076601 0.6565494134919803
0.759546882358383 0.7539586692723477 0.781732646938416 0.7462469282688533 0.7059445349470013 0.6937206931421196 0.6988710542354685 0.7114081012912817 0.7017354488909775 0.7157841101042344 0.710462864166498 0.7245012879261762 0.7614108907131573 0.765162586055517 0.7250794333106695 0.7389605640719763 0.7129082677751608 0.7328478522401849 0.7472692274951669 0.7646373699055087 0.731411778027652 0.7154682382076252 0.6879287987762861 0.6581923264306342 0.6344825107816964 0.6174329482590754 0.5793893259398123 0.5954230367270399 0.6268797700569873 0.6386726473657688 0.6484634385696958 0.6203429273383454 0.6581768998133537 0.6306479312915672 0.6331430802915328 0.6293282488116612 0.6218438631570624 0.6527714051739345 0.6353652505187601 0.6125640894920655 0.630896506777106 0.6191670591163314
0.7834413131142224 0.7791502785586576 0.7839369481683651 0.7291945646977223 0.7069648145001999 0.6925971074806252 0.7041849773858714 0.7049304929976135 0.6869683269587666 0.6979266765747483 0.7096862592318635 0.7294536026103245 0.7170664470218049 0.710536666709361 0.7168375555043076 0.7366750893689477 0.7095494709051808 0.7029000780256323 0.7042615139413436 0.7310538562710515 0.7242519180981758 0.6883581473716436 0.6646904610478926 0.6338515872312476 0.6047426206730845 0.6041310040154855 0.5682657164272812 0.5873280323699276 0.5805613134247185 0.581746800693873 0.5955110451472675 0.6335472322969774 0.6733398206468341 0.6559502265326385 0.6117547448172787 0.6293264183192203 0.6354414381192294 0.6226607387180003 0.619644902337612 0.5822865113859905 0.5957937262832558 0.6257921725842412
0.7907834415511285 0.7802280894476351 0.7728609224608415 0.7579140610581114 0.7413160537565668 0.7338208830474937 0.7113404335187907 0.6991949289315001 0.7078031162171194 0.6780543253913277 0.6880900922940204 0.7098197705216832 0.6920662920948134 0.7021767279978157 0.723381830315781 0.7044505729418905 0.6879078714663123 0.7124622089808139 0.7182930161414649 0.7075503229908452 0.7307823799023027 0.69797864301604 0.6731140024096919 0.6326158008029243 0.5871131766319965 0.5684594501974194 0.5696261022817614 0.5569391682436784 0.5749028551425847 0.5623538757757718 0.5852744957771964 0.6453011194002628 0.6502559653977222 0.6369145461262776 0.6308762337664072 0.6122073005003796 0.5969336130434911 0.6028178981264667 0.5581469780711082 0.5561091055422135 0.5403935821269968 0.578803233980238
0.7994081769074578 0.805207167797694 0.7707149069173237 0.7609590870194504 0.7545126305446218 0.7624209945412641 0.7478910325459177 0.700315745997735 0.7053083052179335 0.7132704820291577 0.7015228145231984 0.6962411211932273 0.6920935027623156 0.7263202206809791 0.7262949546026817 0.7003054993695589 0.6955477250745846 0.7079574458355374 0.7237467787936521 0.7124385184495181 0.7142702149801332 0.7005501205886011 0.7007290740255517 0.6292751519433927 0.5947096630567491 0.5553182198865749 0.5690100949974768 0.5581758088338482 0.560844132430798 0.5902602939145228 0.6041817865229289 0.6007703593395074 0.6430841715271686 0.6160970787648613 0.645041388429045 0.616027148855198 0.5740756861759436 0.5426361183180025 0.5166342523250222 0.5369286731019829 0.4973331619113259 0.5206493130583909
0.7783658905481413 0.7853050714384812 0.7592477491735453 0.7527815971044857 0.7362222698709086 0.7631623131427261 0.7458732142140673 0.7135574732319363 0.7320704642598272 0.7264825846525776 0.7074534244469898 0.7214366734210067 0.7066446012007095 0.7470584462470469 0.7381699778484858 0.7212183300553185 0.7467966169285677 0.7379690013609365 0.7282524527958586 0.7531834606375191 0.7104691964299484 0.7181442672666682 0.6703513999846433 0.6603842734490973 0.5865972701166282 0.5719732856935161 0.5859684371169738 0.5613837722646495 0.566805042291513 0.5640182509449816 0.598876943568732 0.5974953774708637 0.6123949368422503 0.6028441473946106 0.5891553629521693 0.5629760964056869 0.5183908326606322 0.5103498689429645 0.5148684698719806 0.49105991519546294 0.5054615529340245 0.517984334149201
0.8133516301801402 0.7862813865176804 0.7383181286754287 0.7390308445083383 0.7395546297024593 0.7325611727150488 0.7585192506860512 0.753498248939725 0.730276224104657 0.7471196560173277 0.7503939071033808 0.7355812413964748 0.7132282941274563 0.7665515499946927 0.7715662614520417 0.768163949707912 0.7776379429356118 0.7285728553736206 0.7552515582204133 0.7514185163813966 0.7286595593050064 0.7120516885059663 0.6717724151232483 0.647013243198309 0.5941164237887575 0.5855576388256091 0.6022195800278269 0.5908695914507578 0.5574738416259701 0.5699667797943411 0.5634110765025104 0.6011300235074845 0.6243376713299562 0.5691644426691693 0.5521213677465767 0.5442037567323038 0.4985194821150028 0.49400267079933546 0.47587230357534416 0.4572132879234505 0.4802080143215199 0.4671450430347966
0.8011036213178552 0.8047095279871292 0.784216015309906 0.7841180866322628 0.7862661543514639 0.7504528045720781 0.7479407251967778 0.7747779600621809 0.739533695398925 0.7521753416208441 0.7706773287113471 0.751611289299939 0.7334482983925791 0.7478818699062117 0.7323170192966497 0.7456614859696977 0.7468865587209105 0.7230724973382926 0.732285915325216 0.7202386617354 0.6838496342419595 0.6529456680724791 0.6644804018166984 0.6135564638864942 0.614642672246894 0.5827529470337626 0.6042799568715895 0.5658176158026823 0.5729873099051384 0.5619515587032587 0.5657787582963826 0.5827887863255706 0.6026903171111679 0.5705886471824129 0.5259600726160453 0.5014340086947929 0.4859002648176937 0.47282071943213216 0.47228711473495216 0.46965567634813027 0.4645820936863728 0.4745553473223238
0.8444983667900986 0.807866338761273 0.7747418259201326 0.7821958313354812 0.8172267277871117 0.774443548094495 0.7660804343428012 0.7837075592547837 0.7593538486145704 0.7411367271590034 0.7728618560848001 0.7847819766739417 0.7817019216644462 0.7628727347997666 0.7188153765342785 0.734681512294167 0.7450420772183969 0.7068750707079479 0.6889880795046911 0.6675625179209029 0.6582638444048273 0.640815100540341 0.6291545815764266 0.597001545446022 0.5967441203143246 0.5774446088179638 0.6073352614907769 0.5759747515927686 0.5293188767770821 0.5631536163112691 0.538455917695672 0.5430904139894528 0.5558228643903229 0.5200631133536693 0.5203079603120215 0.47431638308227914 0.46459891004868153 0.44645118390003197 0.48787225536088685 0.5040203676488277 0.48675426398947097 0.47029765352694836
0.8557344164609897 0.8391107918180201 0.8403356776833721 0.8243923487645273 0.8291338486598959 0.7868668039008084 0.7796802492233419 0.7765938389640673 0.7571774156676045 0.772806985273 0.7940373687840744 0.7964356434974996 0.7786499793841477 0.755659872098462 0.7188720097422377 0.7319011928354621 0.7201430946000006 0.6927041986712993 0.6869333358085347 0.680795813679864 0.6637644990031083 0.6438307059190033 0.6425061895402228 0.6088837773388536 0.616257465786146 0.605979688526045 0.6037211745895779 0.5508698385759121 0.5475182778794838 0.5396692191730766 0.5384253361151202 0.5366133760177539 0.5221378671408435 0.4928597691504255 0.5122095450998496 0.49906977082659704 0.48199535486953193 0.44996274850001144 0.4829070156882782 0.48798129312936395 0.45569171459385005 0.45046265166943095
0.8241005567418469 0.8271196731654028 0.8428198827977371 0.8473382221985869 0.8531936661414835 0.8004063097091201 0.7608664898484103 0.7789840196932601 0.7449982503798995 0.781563818065171 0.7640834241904592 0.7993707707018824 0.781013017688792 0.7466451559549641 0.7134250434861087 0.7377776659543056 0.6997173007291447 0.6911071484189626 0.6957213668242439 0.7071150784644428 0.6864304677694778 0.681864578497239 0.6417751304230965 0.6517740108024744 0.6398517648232204 0.6183413476405006 0.5989806281295135 0.5381823365676993 0.5180750041947085 0.5258371433406549 0.5294917393800301 0.4960373806281074 0.497952148142603 0.4948813435967524 0.48920449987046233 0.44844032962065217 0.4391862131742038 0.4686605393816208 0.47901148963711315 0.4560995083336022 0.47391697861879956 0.4468988092080667
