Raster_benchmarking/continuous/raster-31.asc
NCOLS 100
NROWS 100
XLLCORNER 1743168.3100844542
YLLCORNER 5469280.749719885
CELLSIZE 10
NODATA_VALUE -9999
[rows 38 to 56 of 100, columns 43 to 85 of 100]
0.5694161078782295 0.551315284504121 0.5035209938069976 0.525553479296216 0.4568496640909526 0.46449488316674264 0.4094885218794067 0.4028394952207748 0.379462869277989 0.41637882076022703 0.4274945041910827 0.41102275642976094 0.3931979375401166 0.38440611334968705 0.3570303272862383 0.34982671721968667 0.3498311095628995 0.33598225780205043 0.34811904298544505 0.36086117579908655 0.37017376169900756 0.3843507963045133 0.33700845034251853 0.35409421603576374 0.3806329800061617 0.39658752655450824 0.39822106765867166 0.400507581770652 0.46761422453400786 0.4695624639976421 0.45973178167150086 0.4919753600576466 0.48750461902386666 0.4558319519546858 0.42719419163562045 0.43893227613022606 0.4436815789926142 0.45422279654507275 0.4702094300832732 0.48428552256567137 0.556996740172067 0.5357230726613292 0.5769302569726721
0.5882796151153421 0.5645797474500046 0.5250426637928318 0.44500304448327827 0.4023868186312533 0.410514192548907 0.35421941389653905 0.391786062146003 0.3662359355785819 0.3740289359353899 0.3833509780048593 0.37598962155075527 0.32074907880500364 0.34564816517606145 0.3365313878533217 0.3222829249909318 0.32400320915532027 0.3119081462629736 0.3666208793084826 0.3644976672987645 0.41488700195200856 0.37514827624663616 0.381282623344766 0.4069506860843519 0.4096824370879759 0.3723258224657834 0.3960887228775881 0.42799627062602663 0.4550426453840096 0.44685695977228135 0.4591553728045328 0.4784597479581954 0.49466488932226693 0.44829201003965874 0.41879888291392514 0.4300944028271858 0.37538891127216795 0.4447092446130679 0.4119175981649037 0.440133527049148 0.5316243425665776 0.49864913395895755 0.5642168725821791
0.5407423785400023 0.4964391093746255 0.5044093469139154 0.4315923329101446 0.37916752259256237 0.39355353870320803 0.359394057795454 0.34192156346248714 0.36982596063849704 0.3518361330725933 0.35921240465564974 0.35673319304642526 0.3279351419801447 0.3458946147861248 0.3155934791897017 0.33584235695262793 0.3181717047194309 0.30981400791462294 0.35016539584713163 0.3820242752640974 0.4178859500062045 0.40176737314885946 0.39181534279019853 0.40779533609143337 0.41102104042429566 0.38626971154477724 0.40868346022622776 0.4413539498189781 0.48686997933451104 0.45640111979432474 0.4930544128987542 0.4768860132249989 0.4731983020446851 0.4613468504267834 0.4344662728608905 0.41024474692466745 0.39772710654936466 0.4177190100487963 0.38378765645551705 0.44368359764674065 0.44907814357130266 0.4872275764519257 0.5008709347621922
0.5422014956054211 0.4784792970853865 0.45267842491126964 0.44847633629491757 0.37999188049414795 0.36984804552896433 0.33611811994598706 0.3626314180208482 0.3508505895805097 0.33169913243069166 0.35079595317672146 0.3768443758618403 0.36068512436899713 0.3355527835131553 0.3091563361190324 0.3173876396355401 0.2732641702628781 0.3397405607752458 0.35920831050092417 0.37354323253878124 0.38255830128711865 0.39929532935550005 0.41387432599822416 0.4321684149912515 0.4167205426904373 0.3918562789744172 0.42163789188477263 0.4673782133859111 0.5302985154331934 0.4770393894894403 0.4774554847767015 0.5198510290614177 0.49194057173280986 0.43160570654027947 0.4132912614065668 0.43758528622822346 0.4094194781172725 0.3966661160661925 0.3795169342510289 0.4317978306362081 0.4270432621580719 0.43500474864225136 0.44970497786339997
0.5053821440869382 0.4779369164485971 0.42595186273559754 0.4083196245796463 0.4178004136481477 0.3733826646883701 0.32909275259130705 0.3504013410119642 0.35115841769435313 0.3549801906245907 0.3409742785639377 0.3688973759353963 0.3432556153651158 0.30942900849164934 0.284501639158231 0.29715824010603786 0.3141931165922597 0.324823760054945 0.32235712700139013 0.3896785476956189 0.4124190476266254 0.37620443928933556 0.4162800228038315 0.3924428715164414 0.43986032886932397 0.43614336620416927 0.42051564934852154 0.44661255410906825 0.4784431687929596 0.5295372195867057 0.5123015380099573 0.5202586814054921 0.4756590948282851 0.4565789538532234 0.44202151678570895 0.4556874999492454 0.4210950473829351 0.4196564798347104 0.39911383755276547 0.386816154425042 0.43833646112897545 0.4452386885317657 0.46432553913035995
0.4766353972741903 0.4385696565051254 0.4303619790802432 0.4068910368252938 0.42242159497517956 0.3689886154104353 0.3241579837194009 0.3525586928294547 0.3917780209220745 0.3459086154484105 0.33665001777802145 0.31677865897807295 0.3423463948212933 0.33824765644092064 0.33787430237831895 0.32321667376716995 0.3140886073059464 0.3272351573421818 0.31557600187155704 0.3989399361734647 0.4019347234621209 0.4151280282366619 0.41384430878678674 0.42948886940165476 0.39768091518467624 0.41776535629509903 0.46695213908688643 0.4639406967537947 0.49227329765373545 0.5311798064173511 0.5352968525923015 0.486255443181725 0.4646844335490919 0.4352385550629357 0.47289842248294245 0.45601462265957216 0.4044787018515759 0.4053503113080796 0.37278420733593803 0.4265962863158191 0.4161621179608861 0.3954037025163274 0.40642428423898685
0.45112238900029034 0.4282905391565518 0.40289565699779595 0.4024745571496458 0.35929169282333095 0.342209688792893 0.3269525780538746 0.3692054311408957 0.36347297367467674 0.33479463791466213 0.31715111468147217 0.338741510194778 0.32592048306063265 0.33158290908600596 0.3082568242194783 0.30038111611431917 0.27411626660585314 0.29028775469291723 0.35442565496989287 0.36687436423364883 0.39296296319566504 0.3987501540935885 0.43112679803948467 0.43675166863020237 0.4391945895682182 0.4749909122602626 0.47819926651644845 0.49276771096583266 0.5030340725139865 0.49217437451895607 0.5220182708786273 0.49942709994707823 0.4872568190270788 0.44685039766984125 0.4334437911124505 0.4057493647529955 0.3673551389825207 0.36266913281908897 0.35687828094242885 0.4121492657158978 0.3901714122023274 0.43197095132190305 0.461346077880836
0.37162683024836257 0.371853540261549 0.33206893029285267 0.34199086144495566 0.3588901706990247 0.33449293991973283 0.35100975535382106 0.34356381488190013 0.35497205460973213 0.32483611733580103 0.3524371256100576 0.3629622060803636 0.33681496958517027 0.28921773159339925 0.28345767131942656 0.2670418348629727 0.24364372026501266 0.2689697613276673 0.3335677976344698 0.35147410655399147 0.31905884202001883 0.38365688385219754 0.44185855087858084 0.4557841888738821 0.46972775107800513 0.4264657824100161 0.4645669480940853 0.48144823730292063 0.47125815424102513 0.4658760470856393 0.4361173646245925 0.4703842758311917 0.4651102846828135 0.45122686067816625 0.45085625918561834 0.38305994499424406 0.3587694127291695 0.38363924614722683 0.3710292840548655 0.4016094445874738 0.3797330050774519 0.42112348415496387 0.43630375782695496
0.3781632511161836 0.3577893973515803 0.32467521607098304 0.3520054816982657 0.34515107884960633 0.3704701897732089 0.37822744411999987 0.3936641057096051 0.4023354365620106 0.3465633245122503 0.3625087462060958 0.3686470350509428 0.33906395679521595 0.3148988117881955 0.29207569248045645 0.2783362839041993 0.2935965129455826 0.30042669833820046 0.269940777301681 0.30328057864911007 0.3440342662985755 0.39716458295544516 0.38050138694052776 0.4046394628802349 0.42275588784808 0.41750420283824385 0.43087245439909666 0.4826850817287851 0.4463367256807427 0.4532949705830302 0.41770899941794903 0.37601477135172756 0.40819951221320117 0.4108352619867931 0.4335198839446486 0.40626229438636646 0.4208464961311782 0.3876052232877936 0.37460662003869516 0.40136339569320917 0.4232858725922573 0.4753428777171089 0.46860857130894257
0.3434156904511102 0.35643188274886717 0.3183403928306523 0.3325164806369394 0.39756974933739503 0.37569002211805774 0.4038278122523627 0.41103496416456997 0.3981382002711656 0.35607013468870474 0.37012622143905227 0.35618831551677854 0.31630170568007226 0.282257700394303 0.2743190282883934 0.2668128149053904 0.2688637004846671 0.28048759979970167 0.2490154888982359 0.28286636466622406 0.33708707568952795 0.3492796077936031 0.38214780364014167 0.40455340404352197 0.4077642039959731 0.4323554874976592 0.4454125922092155 0.41408644971766406 0.4266187862279825 0.39626680625601846 0.36920796736017747 0.3363319676053347 0.3433939607399469 0.36781566295549195 0.3952970466037358 0.4457963213566649 0.45732420197392815 0.4443507997078732 0.388432695689148 0.41867421456802445 0.44781773371220057 0.5143120834177812 0.5302083483322333
0.3204897054320945 0.3228984036380523 0.3373367533635692 0.35736647238659447 0.3779854086529069 0.37854390680610467 0.398178873208673 0.3891784886358757 0.3874431976660579 0.35980194125349874 0.35919536213326186 0.33135300206270507 0.3344409245792156 0.33096960808879883 0.2799121074276697 0.25495172206060596 0.2118087872046231 0.2276257057221996 0.21672393381992958 0.2752643519135754 0.33574440607135486 0.33276898772727975 0.37879855920614913 0.4114444744070465 0.40721891109007635 0.42267816557850335 0.37836457731527084 0.41306793065427283 0.3915020466467113 0.3945385898430543 0.369775684014594 0.32638577721017725 0.32685718546046616 0.39525824431148976 0.3912502723178848 0.4193479439287753 0.42954895497499035 0.44618764995404375 0.43978932618358607 0.44118516034944577 0.4798464727064082 0.5221701475081032 0.5160863157126716
0.36868207160612676 0.3427137240080208 0.3287637130461987 0.3427497484896088 0.34435894300665626 0.39290269448249965 0.3866242867960726 0.4141349549105013 0.3943972328366112 0.40242520241267926 0.3818310639801629 0.3282332984014259 0.28735951309337976 0.29705064022288363 0.327103209740741 0.2917706535558956 0.21482695055508105 0.2630470630533962 0.2260350449271367 0.26619484596520165 0.29413837774011237 0.3301932719683142 0.397118192837502 0.375620600422985 0.40987440146730914 0.3814096341269183 0.3446743388952265 0.34468666196483916 0.3209392818815495 0.370667172152673 0.39676099048306984 0.35616713658376065 0.3161009422862049 0.38788719670313687 0.43036152118401577 0.4455704167484844 0.4984501763872126 0.4836426729699674 0.4391786168310085 0.4614750527227964 0.5133852532950097 0.5676110883250262 0.560247014157563
0.3623848287074498 0.37825591552338556 0.3518412170652688 0.3445268811596555 0.38804255069199184 0.41372681574266595 0.44183664180476373 0.4231707500781072 0.39456863828268207 0.3595675384157173 0.37117471414627895 0.3711804179107159 0.3775130412852557 0.36466414577501116 0.3563670947941954 0.3019356932360062 0.3114622091091366 0.27531131940406967 0.2733651912178771 0.24743989341669817 0.28866554215858115 0.2935245736444277 0.3597807053961091 0.35803806711835584 0.3756935784815981 0.3922523015345628 0.3354137941342149 0.3420148980382462 0.3678522618338404 0.33907052505371477 0.37401632850527455 0.35724620451558764 0.3359879820912713 0.3627401093073738 0.43609460983791276 0.47176153396356657 0.5200881793707803 0.5089112974982622 0.5010206669298483 0.4932989954164185 0.5234522857198524 0.5683951752106972 0.5385274976071712
0.4340248428410876 0.4377306602712413 0.414489680622263 0.42712054042982023 0.4070029036264908 0.4074998789816918 0.44043979268817846 0.4377278625566751 0.35877078165207626 0.39283171203498446 0.3505708528895083 0.3550768312863713 0.3701163361084861 0.3676920800849686 0.3615405980421971 0.3360371281845018 0.37139305132588496 0.3605302713029936 0.30350020757770263 0.298869017667607 0.2674481860299645 0.2805800530518712 0.3274018635207008 0.36943834533388703 0.36165197017168443 0.3645416361154841 0.3599185401260812 0.3807856869543126 0.37384271714994527 0.3751422197509009 0.37758543548743917 0.37703762740404423 0.36756877819554956 0.3358613217505443 0.36551322850863543 0.4516071022861385 0.5090121739348509 0.5550877234577749 0.5635147291445126 0.5606537127703604 0.5357107659851637 0.5713492475939139 0.5598930142410604
0.42776380766707195 0.4216226779789223 0.4354234694007222 0.4336464432600232 0.41420444075607254 0.39691434788888924 0.3908946804312363 0.41054989521813634 0.39991478462773355 0.383354726105771 0.3646053017925628 0.35876097541100316 0.3767976544247851 0.34941393727009973 0.3522869371186106 0.3949218271564758 0.39370236481348664 0.3699894159339516 0.3049305226568751 0.2754905327066273 0.29361573948277736 0.3525242530426176 0.36989435594854064 0.36886398181428326 0.4062821979817844 0.4146071163077074 0.40146983856679785 0.37886606825999913 0.3996275464304827 0.3804847228894956 0.36497465824702374 0.3678315139060223 0.38513292509803515 0.3719037268337679 0.41802580223996944 0.43919567282182526 0.4897008450069652 0.5293542353530991 0.5333694460631581 0.5659089944649949 0.5962214146735414 0.5751057069590219 0.5610839523475764
0.41443056765051817 0.4064416552743802 0.3968281541146132 0.42585687599198163 0.4399747794989608 0.38507833791014384 0.3774610657283219 0.396518195894577 0.38841447401048856 0.40253297529988535 0.36728325835004033 0.36470322256247084 0.3697805322451634 0.37242641636172186 0.33092705380741083 0.37169449341451904 0.405284425392531 0.3993229236061447 0.31225207337453964 0.2936855379846504 0.3109615627455009 0.36093321986914323 0.4061570149533907 0.43639484234264997 0.4136078774533068 0.43359288953344255 0.43969893749841726 0.4087421857556164 0.4214179849960847 0.3653866973881015 0.3627565945425446 0.3398773702660523 0.34266773633663716 0.36402560150077096 0.37502407940011917 0.4559112597360013 0.5088759962278752 0.4983232959749494 0.5782063687888509 0.5839334832332932 0.5831842736665961 0.551785845878165 0.5307359712769634
0.421524960049084 0.4371799359089221 0.4769175114561806 0.46164360081494255 0.4668888529117585 0.39369042770432633 0.3728906501257726 0.40923813832599254 0.41407025517770923 0.3805021987740264 0.3575699439336437 0.37805854100330244 0.3726015617347937 0.3432968737532753 0.3539325469593546 0.3897793979573363 0.43179490811368537 0.3972052267924162 0.3387544260118079 0.32140995420818264 0.3450174707384066 0.39529666203438324 0.4132263023579521 0.4395280565447426 0.4466005908007543 0.44148341457256424 0.39473615599517087 0.4245180777511841 0.41999865673272035 0.39583126935842283 0.37419532704962694 0.3726643990815964 0.36133103937214955 0.3449057949626016 0.38315823059277687 0.415168570997682 0.4648255077611476 0.48380949587627486 0.4944327099786411 0.5483486235329655 0.5130872911090779 0.5402010354037562 0.5601391879062728
0.5092762983697009 0.4814775132478783 0.5191286398498687 0.4695587603491826 0.447752699800962 0.4073071390003584 0.4087966974612386 0.4379637429972784 0.46305059885077526 0.4058943359060207 0.37203604766917203 0.36793113790139276 0.35973629289454806 0.37440404761610363 0.3894114070753029 0.43600805562716954 0.4359686037191828 0.43577913973878074 0.3606359651792188 0.33108518090556904 0.3783333005773049 0.3648700890192416 0.3811941430360322 0.4202083158774126 0.44264701465552847 0.435944869280721 0.37136791761082066 0.34416989325495606 0.34560184247564596 0.40912028782576804 0.3983773993296991 0.37428592697111734 0.38816980665352785 0.36612628947791803 0.385125981545223 0.4089938437931088 0.44130822285321364 0.4576644983333033 0.4762618045991186 0.4547660849523704 0.4752098939363549 0.48489236903402183 0.5208941324725178
0.5334480385149827 0.5363867383854123 0.4950912389630247 0.5147727286505064 0.46591754856349016 0.4712274738458963 0.4312213197931854 0.43616213218583016 0.49504217960536695 0.4679407272204459 0.4058655395122694 0.4154356900644486 0.3670788862679958 0.38477035299821993 0.4172977257258733 0.46952701720510714 0.4442814146283535 0.42869618461914116 0.3594915888530178 0.3818667200061185 0.40952930546870264 0.39310850656747304 0.41521401326715945 0.3953010255051715 0.41176625887694057 0.4253343092397993 0.4049528088644886 0.3521474016713366 0.4010913628253062 0.395083633760319 0.41150744202265355 0.4100084216028774 0.41357845704303114 0.41986000410357516 0.39472837649501913 0.4309984288950308 0.4388098536190392 0.4769459810256148 0.4609408303991496 0.437452523735709 0.4558030319096968 0.4832798952693805 0.4957777641142067
