Raster_benchmarking/continuous/raster-180.asc
NCOLS 100
NROWS 100
XLLCORNER 1743155.9994724672
YLLCORNER 5469287.491229849
CELLSIZE 10
NODATA_VALUE -9999
[rows 76 to 94 of 100, columns 43 to 85 of 100]
0.4050163607251031 0.45421052587622224 0.43552361418207525 0.4653301401279714 0.4908289922876901 0.5247013190436156 0.5448330283024807 0.5022843050642746 0.5072389420452268 0.5645818692144305 0.577125290882511 0.5329019861255612 0.5128230579422262 0.49976376088254293 0.46087087764147366 0.4669144207434852 0.42041658152324407 0.4399391208356946 0.42236513477142434 0.4654622609130724 0.4947737046294373 0.4943900300417175 0.5130225478098861 0.5105164023216231 0.5421504714693642 0.5533250148371394 0.5690822309646008 0.5495600150460879 0.5837299093103063 0.6329603343637007 0.6003068614749685 0.5859781160584462 0.5810896286429467 0.619738816235489 0.6373301740887174 0.7043416557079042 0.7039681999951065 0.7128672446336498 0.6722750356539953 0.6547689927538379 0.666842943034745 0.687238978555335 0.6705806203685304
0.42173821832495517 0.40570492951850196 0.40438996275166694 0.4269664716608662 0.5012452063150569 0.5308782180564696 0.5377655579203039 0.5340401228401507 0.5060271276277815 0.5236063501482525 0.5255593468138253 0.5494650593336965 0.5146445055685123 0.47371136036883515 0.45954057191512643 0.4576849664066654 0.43195467180735353 0.3910636888780175 0.3884440944390175 0.4307856206636572 0.5074289298727293 0.465082844539118 0.5018205322706918 0.4828095977971796 0.5314612229899681 0.5516810992394559 0.5660476006155499 0.5322712593848903 0.5794694250387337 0.6128284179381648 0.5973162212957955 0.5842377193748094 0.6040970508799226 0.621653025164213 0.6801438201161532 0.6611398895652917 0.7208652332917254 0.6774276516516818 0.681852424255171 0.6552437739073049 0.6203402662715146 0.6633793803789315 0.6666582440322283
0.3586780915483689 0.40244764255120125 0.39995830482424194 0.3996637417571965 0.45285863662269055 0.5006857214318278 0.5072750736323287 0.5335768641679052 0.484425975823176 0.49307049191611335 0.4930790681621323 0.5056704814348217 0.4872362118715344 0.4686148552089116 0.46255817363237794 0.4479657372324038 0.40062987823882024 0.3975720811137253 0.4576886455323507 0.44896898747424707 0.4453633130415888 0.43876571881696785 0.42569957521614044 0.45340739602787344 0.5003696471572017 0.5637746043924051 0.543780689299311 0.5597460985464036 0.5859468976826344 0.6450287446038651 0.6439648723532085 0.6289309598894866 0.6185212689443685 0.666553736011699 0.7018319467666908 0.65711953468687 0.6587628803249506 0.6956945470964185 0.6440155052298199 0.6247482454381051 0.6095775766720803 0.6594200676007932 0.674301708712153
0.3152749829717374 0.3767006745588387 0.3415338245477407 0.3551770462877569 0.3992905565400515 0.4325182026091312 0.4790828443297665 0.4911944454646734 0.5214073453221102 0.5019943208000067 0.5017348328265051 0.5196316078352496 0.4683028678246015 0.46237553205200943 0.48605019951115885 0.4493003125651375 0.40492232115836657 0.421601702019346 0.46982102658395186 0.4847653782899059 0.4460581892515077 0.44911251323912776 0.41965334203896454 0.4547023983651722 0.48884868575584284 0.5207389938210503 0.5616126184724972 0.5703866643128982 0.654575111160908 0.66022978460274 0.6378215550167208 0.6284166780648789 0.6307060114101444 0.6411707188720603 0.7123337185515458 0.6677528350903261 0.6439430588897833 0.6756307800593327 0.6467033046343894 0.5879293572457304 0.6152742593792226 0.6254635768655468 0.6539042226574959
0.3100562889169843 0.34425774343972254 0.381094546112607 0.4057802779171704 0.41115279590120496 0.45297083891181683 0.4558340032063796 0.4595885350061012 0.48046787906937893 0.5208585151814931 0.5362546812310154 0.4949512005270773 0.4695392902844233 0.43074631134224567 0.4404187323027274 0.4260089491934567 0.412681932596042 0.44617961090865477 0.47984344996543177 0.4772477647864833 0.45475083717179177 0.4174201580070121 0.4525903758455267 0.4548970691193851 0.52338121227956 0.5450517645999499 0.5923636818653242 0.6067603614596903 0.6247276835683703 0.6622448007774239 0.6353512394606831 0.6715959562561423 0.6793762628704011 0.6558565468824964 0.6584237622195771 0.6610490212745597 0.6652901658152345 0.6469389680989325 0.6045782266477372 0.5940672415712943 0.6256099049103367 0.5979924363929449 0.5889449372844219
0.3078223603416576 0.3800903334590896 0.39477070440410145 0.4132121853107461 0.4599831674611671 0.46960906190496554 0.47177775069620764 0.4302639960272302 0.44404500683053794 0.48348087715077975 0.5238363488867153 0.4587922250239136 0.4243407010472526 0.4099223635423895 0.45161645586087 0.47043653207234215 0.4472094022851996 0.4641549445249078 0.4759682131889824 0.46927684913560125 0.44029253853611267 0.4240755427729186 0.4540034433561808 0.4869977673165235 0.5319240730803265 0.5956698514196396 0.625292332433418 0.6532184530408204 0.6560911755102363 0.6389931328062447 0.6263295722165921 0.6550969514177084 0.6890104311547501 0.6447177053950649 0.6811198198359923 0.7026746669856189 0.6785009073353409 0.6644620163892346 0.5739514468055676 0.5700619754652582 0.6374117463257571 0.6337262100514437 0.6042327934418703
0.3405248970438822 0.3634524830765055 0.3683592633294807 0.42150812560051637 0.4306345677616102 0.45596376021958507 0.42249117819218 0.4149725251616079 0.44417982677972545 0.45496553997387607 0.44741773023017456 0.4566257413227658 0.40697049362064 0.43522566541921026 0.42913403241827497 0.4516934433446559 0.46340807183096017 0.48948503696827544 0.4808120438457998 0.467018134356146 0.4444130667040966 0.4340805517596001 0.4344064529101392 0.49908585893818064 0.5335549483812263 0.6089476697744749 0.6104592914917069 0.6223942551483159 0.6063232269133286 0.606788720745586 0.6638746264931067 0.6656052993889182 0.6708921235028688 0.658928146208247 0.6628043780406232 0.6739890640539391 0.6747045159250444 0.6577477863401432 0.5930107513435179 0.593966347027223 0.6026328428163537 0.5889245279328502 0.6379372406481452
0.36272385078667124 0.3996758426570909 0.3820086313912208 0.39562610328377196 0.42988193449787715 0.40622948852056323 0.4415312260482684 0.3871180768827209 0.3643412707825666 0.412449915485412 0.4054393545524066 0.43864435465787727 0.3984215013501099 0.4711262176096772 0.5045745024839744 0.4946206383892155 0.4721403710323542 0.49815709468784314 0.4887541432090265 0.44896528314773965 0.45882696017913394 0.43674702140825605 0.4522376255357102 0.4941963178372687 0.5549579788918257 0.614949796818132 0.6167111365030745 0.6347904204349072 0.5815258842592461 0.624859010262312 0.636492657759428 0.6579806969129925 0.6594899994900469 0.697223893596356 0.6949709239746911 0.6910310110631558 0.7125598534086798 0.6783289965374466 0.6657572886263627 0.6513612738089551 0.5997494097400166 0.6080187311752573 0.6373292889841876
0.3573883345656876 0.37440591767260334 0.3981291383954375 0.4175114765029893 0.39349727265470597 0.36816320325647484 0.3784802600991817 0.3495918784156443 0.3439151915214031 0.3576529401841655 0.3367101975101724 0.37657999015115634 0.3511441431355605 0.41937780140053965 0.46727203218308105 0.4821962365502259 0.4785632176854151 0.475782807720308 0.4993702879736135 0.49710294243253167 0.4583906722748471 0.4643669062358929 0.48619172693416984 0.5147833691709707 0.5956347160273292 0.6215185024552912 0.6118846293313266 0.6367737539361285 0.6521579844674652 0.6411828535093576 0.6235931574779213 0.6483816574769815 0.6561805947288937 0.6841590378639678 0.6739790396281016 0.7042939387068237 0.7010863943349013 0.6728807523603265 0.6636966044338665 0.6603747030453858 0.6130914958298574 0.5982550096633924 0.5591357009554305
0.41114163799005804 0.41242876860058497 0.4527774178210507 0.4150674221491262 0.410668328097238 0.36740354650572005 0.31104528340826415 0.3261838290603369 0.29875231936993174 0.34241798964799897 0.3010040636799246 0.35340318388624764 0.33528259148547873 0.4095499352354336 0.4922210814033338 0.5052552828089757 0.4472077836532011 0.4601723427720708 0.46869627292761773 0.48927457162018423 0.4578228536471612 0.47000254672037006 0.46700879919505484 0.5473150547573657 0.5828105518605783 0.5906491083267359 0.61708392452822 0.6427274871590346 0.6350590591448417 0.601905046618513 0.5941727182083979 0.6497511861638317 0.6824655742011592 0.6790909483856505 0.7354821067069982 0.7107444174659412 0.6969345408712979 0.6930086622514104 0.6616749685999839 0.6584080899628338 0.6081118130370752 0.5626637714278631 0.5434049078048074
0.37847759897597677 0.41038956455271486 0.38077115670644907 0.3873084628206954 0.40335585422780623 0.36155781347474203 0.3156729410771509 0.298349583457122 0.26984249151791007 0.3020355108189241 0.2899700867207674 0.3046417526613144 0.34835719570231305 0.38878562976788145 0.45982726465842694 0.4762983876834942 0.46044383695029734 0.4636419898504038 0.4765189968217441 0.4667105916022791 0.5050133463772141 0.46282462669499586 0.46914675049251797 0.5522604509946758 0.55375426750274 0.5512396684434726 0.5729776902365923 0.6336372632340932 0.6408679565309988 0.6453562288424698 0.6512810403496198 0.639704641674156 0.6803424872752768 0.6607225748301148 0.7154833886743911 0.7167312967920977 0.7211014136427167 0.6736048513739603 0.6944270146916254 0.6714933377581099 0.6568860949963106 0.6047655336026528 0.5975129101004395
0.34148457803498594 0.33636075740297006 0.34740723387435574 0.34901402726461733 0.403781451732163 0.3397635394195044 0.31726938528860504 0.3422857338689846 0.3059152955221997 0.2631767391461495 0.24935698529608014 0.2743309826461652 0.3306352480344075 0.37561357380916915 0.4179073199680122 0.4726174888007808 0.49202013317771326 0.5031436093766533 0.46488050386820834 0.4704597458770391 0.5384038597278136 0.5117926725299299 0.5099279567632184 0.5449467609249632 0.530855350045449 0.5755202341927431 0.5457402267119714 0.6028767828195045 0.6210192841369272 0.6161236644507138 0.6358729078783778 0.6130607879940005 0.63399927906384 0.632307373293465 0.6867058942142035 0.714197245774973 0.7231886417146154 0.713151954208117 0.7001312499942115 0.707762095766111 0.6832247478734454 0.6400659748996061 0.6503122892899367
0.3158916922611105 0.35500490844767335 0.32331743004922564 0.37002845259169415 0.3891275724992734 0.3367101957243221 0.34315174755371386 0.34922980227858846 0.3228574778254286 0.2503198075016026 0.25034612812667184 0.3200743525576892 0.3376732760570648 0.3497464526172375 0.4193008826162231 0.4054599465410808 0.47763231049920163 0.5036548307388755 0.5245022423017677 0.4963583735002827 0.5243031650270192 0.5361419258566199 0.5747593976661927 0.5765385957511553 0.5499270030390615 0.5565214851265035 0.6001597892827696 0.5736117549854555 0.5919688174249171 0.6276296557204782 0.5974794468062249 0.6247245635183939 0.6475774489057738 0.6750814764716555 0.688760604372364 0.7328148761170312 0.739572943684175 0.7270400347586929 0.7436967234179499 0.6925452002808903 0.6996332996203108 0.7316988294378935 0.6899573258028658
0.28628859871638385 0.3055666307331341 0.346557075503672 0.3229594621598943 0.3423841644283543 0.3286165995223889 0.3814638538544482 0.32534065268058726 0.30664647663731504 0.2818964043908101 0.2394349727437878 0.3220844167705027 0.3626211324274567 0.3712577215086598 0.38577668931590164 0.4310215395152053 0.43251474647147437 0.4606160266314637 0.5106102272426896 0.4926537322525051 0.49248963275101265 0.534775672393954 0.6051733008633693 0.5830963934177397 0.6197792935494342 0.5898167394954327 0.6175550654834473 0.6111909351832668 0.6000006670241966 0.5928988449171799 0.5993364647473137 0.6152374395257398 0.6630592056308666 0.6965245782428013 0.7511860541185975 0.7470920907971245 0.7781401446588426 0.7358975041847136 0.7379689342059682 0.7499408862818504 0.7561830753243178 0.7598181002849608 0.7637611723751829
0.2643235438650252 0.3182022218499403 0.284926824844953 0.3149636339710438 0.2984030435614446 0.3160504973127841 0.3435241121544735 0.2945359645580526 0.2623243052054129 0.2464941645646951 0.2536873108129607 0.2536753606452324 0.29573023353023137 0.317555064797811 0.3647923923796924 0.41878228272434975 0.4226594605276739 0.5062963947965287 0.4908994709208249 0.5349701792108559 0.48900079263871155 0.5321293721839608 0.588613337219475 0.6291156735617851 0.5993627185827881 0.5922463262201972 0.6124664808114157 0.6523574739160828 0.6645699433680635 0.6205286821353913 0.6563152431675846 0.6578791015442266 0.692900252472705 0.7311633082891602 0.780194479872842 0.7856204374690138 0.7431821791669665 0.7755094566799311 0.7336579749173552 0.7188768228127587 0.7725211079532882 0.7539714034363871 0.7457458018447704
0.2529609193855183 0.24462750102256833 0.26571317061618194 0.31227844921997383 0.34679573391791946 0.3127347726852618 0.25485479234695646 0.27614339697521517 0.22029091129502787 0.2261302809333181 0.23469801867487908 0.26301369405873065 0.29340012108973446 0.3392864541469107 0.34769447326993286 0.3900275285736417 0.45821485671953505 0.4858522697694684 0.5078745138870074 0.49741605443014386 0.5212303283346805 0.561226903953171 0.5975345936475925 0.6174762147088834 0.5988348535316891 0.5837223062004517 0.6084718618547178 0.6384095579358712 0.672328520199843 0.676240637694878 0.6909965038187518 0.6690799166985433 0.6988203006818003 0.7492512991048821 0.780867745976647 0.7786653787164692 0.738553507241904 0.7588111582298375 0.7448060537217757 0.7254069213094091 0.7633901660007235 0.7527511930295147 0.7463645655960067
0.20753385196352792 0.24898063388530148 0.25352126664143554 0.31007754604812215 0.27833592383038014 0.24684439572455072 0.21179413069928682 0.21103640497827122 0.19867640766595582 0.22631073728613876 0.24339764129716024 0.23179757244444393 0.2725534934247031 0.3346268073201807 0.3331265957203757 0.380339986525767 0.4509249321482347 0.4854868821168949 0.5287971087155704 0.5163033815020794 0.5573998529771839 0.5989534770660649 0.6185696514333042 0.5953982697205097 0.6461006831379589 0.62888522998882 0.5963814406753482 0.6449001964825364 0.6727114326986449 0.6934958816669535 0.6774272608892905 0.6953673116360827 0.7448079865126687 0.7254111697348239 0.7715997835398991 0.773157853747152 0.7560449720969119 0.7200569156272947 0.7183623798387034 0.73576440330959 0.7438963868526445 0.7865393719080881 0.7703762947384536
0.20472130716939066 0.24939189724402905 0.28762107700460504 0.28506396325362954 0.23139799977095785 0.2262845326122265 0.21230912618349065 0.22495953516446443 0.19711156405433894 0.21477910848177148 0.19653299203276536 0.25279649454972347 0.28298070688618127 0.2925834548338906 0.29797745600344694 0.3755611644315937 0.39051187964487144 0.44534793549357415 0.5267184254122061 0.5540916888667848 0.551964671603679 0.5885570543762085 0.6393615481848324 0.6574232065345231 0.6633584905844666 0.6817563605736225 0.6238927388782078 0.649324569492352 0.6922712304728581 0.6864996518306237 0.737881440178771 0.757107891055449 0.7695276072914327 0.7571743444338326 0.7720283963798473 0.7858819040689873 0.7252738313153336 0.743304248170542 0.7659397159130356 0.7448056208830033 0.7777319578483519 0.7877685536766463 0.8084704762371571
0.23116847767424892 0.28925358763971315 0.3172206862442395 0.25800210788701605 0.2245415817454051 0.22022730475815902 0.23004383714154428 0.20099097310595318 0.20295245865404068 0.22841382247037942 0.2520463694357246 0.27821988421910965 0.32046914038044794 0.34799136699866023 0.35932812823841703 0.42505233941697224 0.44885050990373393 0.4861404846780611 0.5242431567646244 0.5876015205964165 0.6082614142014837 0.6243068647308598 0.6404167417304916 0.6272391444358104 0.6694837888411828 0.6866302461609479 0.6820242563942887 0.651501265078929 0.7067633618782474 0.7063842440687732 0.7334866356083798 0.731624162634272 0.7395436064632716 0.7639958108701742 0.7855819249053834 0.7514719334513523 0.7444219296021427 0.7472896039640742 0.7838482415170219 0.8233614698890482 0.8266433650909886 0.8405174770724158 0.822854480507353
