Raster_benchmarking/continuous/raster-103.asc
NCOLS 100
NROWS 100
XLLCORNER 1743159.0706262046
YLLCORNER 5469279.069008738
CELLSIZE 10
NODATA_VALUE -9999
[rows 57 to 75 of 100, columns 0 to 42 of 100]
0.3395411943452083 0.35619228771899025 0.3286098384082135 0.30143863388233144 0.27466543381335884 0.29137825163405207 0.2962362641666101 0.3072547928439094 0.2788590053735248 0.23349220143650953 0.2358804667355489 0.25382559635116864 0.23906918749369166 0.2823970090976708 0.271561885715099 0.2677376169909753 0.2395701067542947 0.21263045453677556 0.2393888448218512 0.26033372345943334 0.30802758251387435 0.34062625238386934 0.3694274240425032 0.4132499173646706 0.40714125631988957 0.47579702365648135 0.4672462513121509 0.47280893492861514 0.5103116509672442 0.4571281334751254 0.44234263297027426 0.38514249033561343 0.37744586000286307 0.3801155351685534 0.3672111173525162 0.34951723860070905 0.3333508540330864 0.2704694748267414 0.2834789920150875 0.27298476833098834 0.3101113453683083 0.295160463448543 0.3412489389107349
0.29341018532375396 0.30445543189084917 0.31294645047909125 0.30421012362730443 0.2591814547537505 0.27879034378252404 0.24006176440561044 0.28529996254158524 0.2563019378189656 0.23256016288316841 0.24921304755113766 0.2264504061961087 0.25563878584753985 0.2724855388701297 0.24741029945003312 0.248228079930436 0.26204698067937565 0.20775300321917792 0.24512459849687473 0.2690364106584224 0.3207625071657541 0.288811240661264 0.32803627438576144 0.40330046743783715 0.3818964339423087 0.43206517298898445 0.45224462702442697 0.4821152234171696 0.45483950460102196 0.48733064728622955 0.46262720080134606 0.4240621306027945 0.38025987200701034 0.3443984266212405 0.36525709754250824 0.36811518011653854 0.3431445503456448 0.3019270732624855 0.3090544373408021 0.34814300911902457 0.2992258967078205 0.3147301886715965 0.31862319254900606
0.25095516410765184 0.25681029681120643 0.26138970168351505 0.26870175667794494 0.24109776582559195 0.21612521571208054 0.21637190683098428 0.25550774100386037 0.23179893010972805 0.2543666393695117 0.24355840224980047 0.20692276671135196 0.24517675349098986 0.2425455091518537 0.2476849583082237 0.2529564879237951 0.24362809411207328 0.24434999630424004 0.23121103181027575 0.2445611324689123 0.30503481661472215 0.29113619971830734 0.3273475732824067 0.3849063812596719 0.3637540861916386 0.38657856061114326 0.3888565297981654 0.4043643148781536 0.4394835062057537 0.5092251492246402 0.49008839088810646 0.47421422577960576 0.446945595373541 0.38072844854605803 0.3994266349873207 0.3954603700281532 0.34314267677704785 0.3652823248511412 0.36264366855771807 0.3533063243509833 0.3133285621075829 0.32442108999737557 0.3230144240080312
0.2736703039399153 0.24394976322764056 0.2488754384810818 0.2542023461092182 0.2082590978344304 0.16574647321059735 0.20896601431981598 0.23968348988994914 0.24833556388189904 0.2524504984804078 0.22738133960504123 0.21180275598319473 0.26692713579437716 0.25452499664884665 0.23177266717484463 0.20427543667866235 0.21830704400536013 0.22691493866696366 0.26462494567473616 0.2511732967148379 0.2915157488877426 0.29815386860500864 0.32845525723839614 0.34698239297398126 0.3645469583361139 0.33524165823136637 0.3457580493204045 0.4041439081789549 0.4679848217814494 0.5022660848473116 0.47143055239489756 0.4790694405175459 0.46016972962629427 0.42682577722783693 0.3989696700810968 0.36732519862593493 0.3633214214007978 0.36770095117313406 0.36389063069663113 0.3241096755177812 0.3099573686850067 0.2775857354242278 0.31025495037188816
0.23692574213120202 0.2560945905260895 0.25035504949278464 0.2561821699327783 0.22521109045745294 0.17249303927521556 0.1827021515740298 0.19453486982621135 0.25585353698117513 0.2837267972821738 0.2635632689829675 0.21793144531046066 0.2598209742868099 0.2718551662735972 0.24266566404451237 0.23809783139938476 0.22293690793950888 0.25794653365222 0.24251620322630013 0.27502934360002135 0.2717701065859239 0.29135928357538365 0.3132971217829778 0.31420115739953736 0.33174076569750927 0.3367093863554961 0.3654782725573333 0.4212820801444867 0.42525613196845197 0.4651893308354573 0.489194303775481 0.4922742031765625 0.4749531395703344 0.4226213671065525 0.42485778642070854 0.3920948830823079 0.39833515268856834 0.3880546724304507 0.3252251755652091 0.2962536886546997 0.3332771729474449 0.34185321325087165 0.32326017286838193
0.2203147239281247 0.23188104514921135 0.21846886425125306 0.2556804659080556 0.23498294691204907 0.20454214142701602 0.16364346063329 0.18696203923758636 0.21725889971134368 0.24845709064446578 0.23338542166468534 0.2536174733263139 0.21575314799744963 0.21751471843633105 0.2145982763990128 0.2374024749847184 0.26833502367173745 0.22365273314254583 0.26035050332912324 0.2595178147723579 0.2856571507158527 0.2758345448012587 0.29183058278064583 0.3182352259220778 0.33981457565707657 0.32802816482068375 0.374764915044235 0.3753531543440564 0.4418826766299024 0.503032063653022 0.4763774601953244 0.5089463855685734 0.47004100527691256 0.4768542547526221 0.4564619728986094 0.4105237272803387 0.37902654248472345 0.34597281958162734 0.3071593379778568 0.31331654704586526 0.34642561249373227 0.3200161036660441 0.3603558093117008
0.24954886755852843 0.25764739935515746 0.2518652678566499 0.28029736646897524 0.2662629183810191 0.23541432367099951 0.18247935687863331 0.16682014195599867 0.18890599359110882 0.17779973820743755 0.1776520484551565 0.20444597828889083 0.1998091160878197 0.24800220467160092 0.2501734372198393 0.23382608944613506 0.27835334734116807 0.29098358202110247 0.2768127825176764 0.30101328104206476 0.29788747387686576 0.2685477879598292 0.30438714224210917 0.32637099024017663 0.35270034778578985 0.3533273523373351 0.3642562325650754 0.3832464928666823 0.4411974911833991 0.5140543574261048 0.49946398377688395 0.49081012442788935 0.47575923499701667 0.4540892574030586 0.4364948791017302 0.42440938993968347 0.3735541510726166 0.34780755913403566 0.34560275089883985 0.34837491586897174 0.3527109716839408 0.3853388715877407 0.37625501497837904
0.19906109208393014 0.21785080141319207 0.27216112163635486 0.26946529504499883 0.2242700962514646 0.2320563617050175 0.231638858542578 0.18701883670133984 0.1549141245125138 0.13136500475545793 0.13823364823992387 0.1652003701926254 0.16420470252668212 0.21580548562181864 0.2396508633628888 0.2467637946593877 0.2649672724432378 0.3424459621616162 0.32737624806932647 0.32287433509153773 0.30799427708843974 0.24071657545031655 0.328866680286868 0.34054580852014643 0.357258522603417 0.3220942425800791 0.39033329245657106 0.44433724760595467 0.4542615400103085 0.5233530291829074 0.4817808544909883 0.4981507302758815 0.47727252596130587 0.44563291556445284 0.4016465094459366 0.413295664555037 0.35385275726131743 0.36170955402977717 0.3695376404279129 0.37836044706771943 0.4223107016372616 0.4137295154282939 0.41239058736600304
0.18997463254908278 0.1971372002197427 0.2348279616773806 0.24769587508604898 0.22811169191481173 0.22855289614812851 0.21803974473224444 0.17324809315541542 0.14567525764993988 0.10441092496002873 0.11846024481552274 0.12931099532983886 0.1888387433436461 0.23500600012276257 0.25287011806672766 0.24405338715200547 0.2930565508823521 0.3033448487862426 0.32702166242075853 0.30483750587443026 0.25799416406900194 0.29015024154859415 0.33017397549051364 0.358683962688493 0.3387941775846066 0.3708341533481159 0.3985986107667402 0.4484815481933381 0.5077623719979558 0.4974728983782037 0.5148985277692358 0.5084468240770783 0.44416334451162337 0.4080269531897713 0.4234849182344603 0.39400865459261253 0.38405126354866576 0.38441511763864117 0.3978246868207519 0.427182927951196 0.4502385569071609 0.4571082285196904 0.44340620353249266
0.16316507852922527 0.19821471317912742 0.21545966766974373 0.2053176518005968 0.19579272241589807 0.19916141092409106 0.1942072849512881 0.19417346036543684 0.18759936540259164 0.12233814116745884 0.15572709963823944 0.1561986743951164 0.2440968484468436 0.2725283782207621 0.2831654717110115 0.2995446538139385 0.2950908306865561 0.2922205268463505 0.2720183443822865 0.26609493598874984 0.2670416659778772 0.30450581598115595 0.3106815188151341 0.35984297872861665 0.3977657817618874 0.4209647458510792 0.4307523376242291 0.4793462481733011 0.47336910000014737 0.5429283228601979 0.5313742907380592 0.4802589359936698 0.44367533329654235 0.41820853131797203 0.4158945131468471 0.4127043569681428 0.42545716624750163 0.4044791374333337 0.3994861692503323 0.4082381276596171 0.4494696608607405 0.48929919519769743 0.46020572795790654
0.17091152142989186 0.18290432625798483 0.22366007056593248 0.2046407675993486 0.17507177477347421 0.1516568090847592 0.18499586231793017 0.19990348945260197 0.1743621962626082 0.16921162274864526 0.145644959985793 0.20624482267271504 0.2528273085749259 0.2677531500298499 0.30872831589474803 0.29793897232612665 0.2911289871260832 0.27796482973569797 0.26131538069178184 0.24830974191339883 0.2791604612480571 0.27076556009369834 0.30233335993315524 0.33382728602190287 0.38308784420980807 0.4305042435052635 0.4129716667400214 0.4669920949457353 0.46918122463702455 0.5049801204578183 0.4909866136870692 0.4419895516952842 0.46360404746777434 0.453473569250245 0.43182648765841186 0.4237041599565008 0.46659280038181594 0.4559687100783033 0.4703453195701525 0.4945149667499815 0.5067548917921587 0.4804884622935954 0.4880570510394589
0.15875062207455737 0.18027115476241817 0.2178991967079064 0.205013127568772 0.18972938684944568 0.09491891878162195 0.12504038550878652 0.16906936389978147 0.15935096753248398 0.17830594567151814 0.1570381237430421 0.22204628492478368 0.22723758517595244 0.2747810124836329 0.2988741147708529 0.3101997238093041 0.2594140596406489 0.22817892380990934 0.2734891998296913 0.279465662230902 0.2722402585167053 0.3043978059596123 0.286024954056451 0.3268622230761349 0.38686037410456026 0.43008881224268997 0.40339953289067715 0.41866300201462725 0.4665381759412015 0.4967866207321174 0.4556416906779676 0.42736404278715406 0.47018983375134393 0.4265515016823526 0.4424898656183408 0.4660524734716434 0.4640621011116566 0.5409288237443408 0.5047226813526136 0.5336480629530388 0.5005093303016896 0.5144640510005952 0.5157100126981029
0.14493328026882754 0.17146724538555586 0.18108761221232772 0.16716947157000833 0.17294370661278663 0.09784215441211717 0.10433235546595802 0.12061844814254695 0.18065944240222795 0.20179033469892574 0.18422736576718013 0.21426855084478846 0.2419326935219012 0.26140941112464156 0.27317896880903436 0.3073584919944114 0.31064397319432163 0.30086779176717005 0.24194086980726137 0.2794833784398151 0.2670249476588281 0.2987352722152123 0.31206365519869717 0.3258966393245282 0.348173323356181 0.4309805830071056 0.4256583446903849 0.4308490955321047 0.4493245317047371 0.4697138878338059 0.4694724362723766 0.47466148788810497 0.4464915612310304 0.42610779476198807 0.42928395622354004 0.4490716940947852 0.4777485912885124 0.5229044900040276 0.5530133334938974 0.5247417833515523 0.5433848605554455 0.5090482254784167 0.5323101868924778
0.14272263162435114 0.1602442219722 0.1348793868352782 0.16185981842660427 0.14031065191559428 0.12240999255328902 0.09545464035491748 0.11333853964524628 0.16328513369589215 0.1866414040464001 0.17449889099639548 0.18288497112863383 0.2430060329084272 0.2700990448439266 0.2623678567569323 0.28292880228823547 0.2807987191278343 0.30993932931722834 0.2747552206696196 0.25044736101421955 0.2898305916631508 0.3242278225513654 0.30779332158169637 0.33271571379971343 0.34591765581718076 0.41015053469805385 0.39901774794729133 0.4631940360105886 0.4389734322125523 0.468335503617723 0.4668490920916646 0.46694392180080274 0.47000688723831574 0.45013110641074167 0.4797841758418908 0.47736242086727343 0.462412050768142 0.4802071906661742 0.5136597075655215 0.5571556582096135 0.5115612489750412 0.5079713483751522 0.5313718024439269
0.1514235055893787 0.1659288491223501 0.15461742434338388 0.15265532064672135 0.11676848655864196 0.09587013830866073 0.1183069122578122 0.13222358484037697 0.1460701648101009 0.16544178543555613 0.17806727670289213 0.16465984328638303 0.20594214664190075 0.24827855244665392 0.2793496122461669 0.3007010409469909 0.3027614199839937 0.29452770675231216 0.27051414898181286 0.2840907593424601 0.2914541985661818 0.30136949212724823 0.28737017193205666 0.3445444554389497 0.3846031095116684 0.3748871328053718 0.4120230865755809 0.4572074229463073 0.43040281657161783 0.4503461675748347 0.45677748701917437 0.42880429906175577 0.4427909668490099 0.42452877941097444 0.469002249693823 0.4500290926537915 0.4597703880453336 0.4880849259972232 0.5415077842199995 0.5510069876026724 0.5482893700933344 0.49907807875786725 0.5052756706324881
0.1699095314882742 0.14849368253535494 0.12766823076828646 0.13351876476250799 0.08277149318590657 0.05549140420584517 0.0785156146688128 0.14599199340609798 0.16767462871963365 0.19895659269793076 0.1933862586173027 0.18413337723791662 0.2231063923298807 0.2525712401213533 0.28519462385494915 0.28158967693909154 0.29338509756350634 0.31656656832407976 0.3073077722028464 0.30479910627955065 0.27904976756117056 0.26460902948402587 0.31768590958140036 0.31287467116148177 0.3544958943382584 0.3821984612888293 0.4333489170185216 0.4357911410732696 0.4288067320720419 0.3723231476497811 0.41184488224610916 0.43615189707827456 0.4386173613240998 0.4483003304629031 0.4662999662529991 0.444031332495728 0.45619854961860984 0.5323958359511299 0.5163589377856435 0.5060691288925803 0.5309475809726112 0.5047607620052341 0.48836543831005363
0.14622534313256771 0.08846951951155974 0.093001488765702 0.11223809484643602 0.12041868491283635 0.11764379884034933 0.0751450928438785 0.09651055384590938 0.17450157486468598 0.15592295552063795 0.1750200100567975 0.18985884883809612 0.2244890922205397 0.2652751810044571 0.298438853414212 0.29224992844761766 0.30100798204013085 0.3382501088734463 0.363108291628515 0.3665000258715643 0.3255613656727806 0.2984360110580231 0.29315609087852434 0.3337416485916491 0.34258944564463095 0.36196458463070985 0.4198640673674542 0.41602878492741785 0.3976100293615709 0.39956384222769237 0.4317783226667487 0.45162415608596673 0.4501093021173937 0.4695902486728817 0.45564916951945 0.44244022178277703 0.478368420270671 0.5060202319550847 0.5363747064730847 0.49752071354414235 0.513117577344059 0.508527902256459 0.49561172273614146
0.09650023678602873 0.08473769342167689 0.051671859892761504 0.07364703228120965 0.07196868895010834 0.11360339368011346 0.1168645465559171 0.08783513305610825 0.14472339746231996 0.17996519812262324 0.22919189416086244 0.24067977270738275 0.2548834441162059 0.2562743971409289 0.29384538131539734 0.3027652679077448 0.31153833654147295 0.36700368640851355 0.3665963671902813 0.3902187753648683 0.34306947560628254 0.3310255976226254 0.31065326295462514 0.3208810837578845 0.3321776531165807 0.36826103181908953 0.43443898174301354 0.4185615493616209 0.41085646870271364 0.38747029739782135 0.4297825927746113 0.4593481530129661 0.4730230267118582 0.5061043893453874 0.49503980412982856 0.5095136087404386 0.5225714858782258 0.519679996221056 0.5165886963334201 0.5069323092211512 0.5229717423638639 0.48671502016988405 0.4948657534828585
0.10411451742696881 0.11731214386537309 0.07258639523954542 0.08756409599565575 0.07204256865560128 0.0829908094405472 0.07808971094222097 0.11273911224584719 0.1352964212494985 0.15815724778033655 0.2088124593499518 0.22799658252725133 0.28593066444932796 0.319716864402583 0.3083546027352546 0.31531261485987827 0.3363493417658144 0.39922395456600307 0.3758671882909482 0.38478439463498915 0.4126977266640622 0.36186892078095223 0.38792624351018845 0.3885808033175154 0.35789265645855783 0.3707286733308046 0.4205642663830003 0.418074804591419 0.4211428643998161 0.4235040544189258 0.44041905468240644 0.467772273776873 0.45778190867841706 0.48729657659198156 0.5291875412443521 0.5080451609738021 0.5226378820233235 0.5107776489704419 0.5392960968248242 0.5435205033972493 0.5001390206525751 0.4694041156774301 0.498789202188123
