Raster_benchmarking/continuous/raster-76.asc
NCOLS 100
NROWS 100
XLLCORNER 1743162.2541459939
YLLCORNER 5469286.989711123
CELLSIZE 10
NODATA_VALUE -9999
[rows 38 to 56 of 100, columns 43 to 85 of 100]
0.3281635557235543 0.3853457365872171 0.36579695076331803 0.32497855567760103 0.3056520730388432 0.31107449810235765 0.30417682667538815 0.295717979368731 0.3353832304071171 0.3276206674100172 0.34669997372309586 0.41228749747434185 0.40175543053936114 0.46975107961537044 0.4434524523025652 0.44999117856062926 0.49454302743906203 0.5251230715483746 0.48922145915010523 0.5465930147755879 0.5138786964876444 0.5487539684356846 0.5478571365266119 0.5039620931982381 0.567112420770905 0.6068984637210997 0.6431210067167243 0.633910283304823 0.607175280912097 0.5840448391590927 0.5448709329622589 0.52306947235325 0.44702799078083 0.5017592954452027 0.499372109284325 0.5216875856388317 0.4742486021283963 0.523541202982031 0.5093321620895941 0.47038048426645623 0.5358365324049434 0.5551044558559922 0.5382387418221158
0.3728880183919408 0.36742090873024397 0.30588331377901934 0.3004679284226584 0.303042355204668 0.3451566296454947 0.29748586179630915 0.2991603072007171 0.3213658112186042 0.44193118480372967 0.4370705225216756 0.4596790892204054 0.43206461082118747 0.510198814439512 0.4780512957328885 0.5161891616538657 0.5045407939542325 0.5295527515640747 0.5430296543099393 0.5416193669853763 0.5822797726019345 0.5777341384551676 0.5585839580696881 0.522263087895437 0.6012931715207428 0.6391620627299324 0.6488228398775142 0.6093334428895149 0.5743675704338931 0.5341240759558379 0.5182496423175791 0.46420673984741173 0.48992081015973454 0.47920704812102183 0.4917177031154743 0.44181379292730505 0.49646377431637895 0.5734461056811266 0.5752505586468358 0.527683363004383 0.518438064193235 0.588172516022924 0.5679889681916179
0.4229456573840171 0.3733820029303323 0.326273372553185 0.28875707984154664 0.31977754710180883 0.3000526458341486 0.2867678314342103 0.3201388875921649 0.359846040610833 0.4315806559240173 0.4747032511653072 0.4511923295504375 0.44084093410585434 0.47349934213823225 0.5065760157540166 0.4892573184664784 0.48066168923711844 0.5086183902089751 0.503739567834186 0.5532303354209946 0.5625379887813956 0.5568255774951724 0.5977234489276072 0.5947729090566484 0.5960348111489955 0.5858486913627149 0.660701152111027 0.6288086550910128 0.6094576829481188 0.5969443099514098 0.5506444572935483 0.5309379768054979 0.48289302916115623 0.47429141694252835 0.46760151420713114 0.45950808912357305 0.5262405878970245 0.5411912696251646 0.5724367061453594 0.5187630109188762 0.5617612447141174 0.5566333658870168 0.520502310449366
0.41441001395874 0.37602129577259485 0.3719303655791032 0.3326720149924719 0.28522064979183026 0.2838079481635498 0.3033247374771094 0.34776637448684866 0.39037234268853066 0.4740165470913771 0.43893271069069834 0.4589586066513623 0.4473317684498815 0.48996663520322564 0.4723382310475016 0.5336119666159271 0.48470955520308573 0.47628886814988547 0.5240287651745297 0.5512171244350584 0.5859464990466339 0.5738205246492156 0.597424204641594 0.6440596634469951 0.6578189034034273 0.5890066832736885 0.672006603770041 0.6638483334268461 0.6550305666992002 0.6351629213677974 0.592898598705549 0.5962005918490996 0.5147493644326288 0.49064890262407607 0.49754277383371215 0.4725151894284231 0.5275811459252239 0.5654255958305381 0.5288847475489836 0.5665837991842314 0.5453643360414492 0.5460664365118831 0.48437074342014147
0.4394869295630283 0.4080834627887452 0.40313844543036875 0.3258399434919526 0.31112240687655285 0.3117593705080775 0.30553475887059867 0.3339943973516548 0.43937386173201487 0.4676609952920145 0.45685674167211665 0.4855158454220758 0.44643936561415737 0.4580112689794061 0.45868090771689096 0.49497205226374147 0.4915803371625426 0.548989769617089 0.5615661738319698 0.6102248055875943 0.6312187323981671 0.57761053598998 0.610519663131325 0.6287817643299126 0.6606450047777451 0.6083888886375785 0.6627287675221715 0.6273545654355556 0.6372178127037775 0.6349577441958342 0.5657225107702732 0.5818320757046321 0.574522609649003 0.5746885346503451 0.544429307037924 0.49466717247199965 0.49702130865186916 0.5040896439299106 0.5639267799365779 0.5419538794437883 0.5630256405285232 0.576240050162663 0.5227798952454842
0.4237551203298185 0.45156779945762515 0.377738781439161 0.3418122914088675 0.3629529623987378 0.35580914725620144 0.3298082722992032 0.37340938512336097 0.44278517378939125 0.5211583847955344 0.5071616621465129 0.5031373013770544 0.4493082789679443 0.4576136248039929 0.49604157298883245 0.4481047159405119 0.5330123043209962 0.5569077681526908 0.5532910330348928 0.6616930984805117 0.614479266535925 0.6065619218073219 0.6338834347776575 0.6773627610532649 0.6953374098968643 0.6783974798121094 0.6778475036689415 0.6828357861852021 0.6627598299795776 0.6090259147298615 0.615553812321458 0.5407169972788465 0.5866523628544857 0.572937457413032 0.5498911967069843 0.5276541050374769 0.48796105704052123 0.5396218150268743 0.5676299219331481 0.5565915917843709 0.6106909270746012 0.5944137439559856 0.5653847388686025
0.4885688179555202 0.4335037391146547 0.38447343106723325 0.3596069686250075 0.3817315960955845 0.3636800453933256 0.39037385779733347 0.42206915848015386 0.4776480776550945 0.5028157974980902 0.5246236853988918 0.47474382912602636 0.5358423377803793 0.5333800073291963 0.5061784669171406 0.4739707486633459 0.5204456910940704 0.5554534988674327 0.5797735249256422 0.6195009704033566 0.6731516486961654 0.6416904549594085 0.6892718479483709 0.6745627754755565 0.6695562567465697 0.7149885144834363 0.7133498349488775 0.7139204673039339 0.675012083047264 0.6568165121495493 0.5980809468597021 0.6311481358508618 0.6384622309298994 0.6032588925917405 0.5920233834374795 0.5730223558035833 0.5340983275444472 0.5962319718877148 0.6096510176262316 0.6284672512351844 0.6075976491298118 0.5683224394764792 0.60579293061638
0.45497420107957776 0.4368208232865505 0.4242962399276217 0.3822222904577011 0.3919919503261868 0.38596220140670445 0.3937458420358705 0.4087410836261167 0.4597887311550037 0.5313850850547369 0.5375781097330404 0.4919347479767079 0.4998332587762833 0.5677651305233976 0.5333667171699986 0.5539753609051842 0.5798220514355397 0.636718889746856 0.5887352338184348 0.6128429163556184 0.643937857633079 0.7162278886023038 0.7322567805151916 0.6534813831879177 0.6405266302106151 0.6745413300462457 0.7015501830657191 0.7479253174085797 0.7095972939820699 0.6909108247003087 0.6675539040401302 0.6924148442121891 0.6841821903733717 0.6361728060106088 0.5980747006796073 0.5626870040776613 0.5441457679319651 0.6076464512611742 0.6482026444647182 0.5970162930223739 0.611254063812991 0.6151666860044054 0.5899581091373955
0.4727188345935986 0.3882714837349305 0.37971780856439474 0.41189666089650434 0.38027297290656203 0.3859468423172933 0.4342066750200383 0.48142752137182493 0.5083657503657492 0.4887383332894214 0.5047780442133428 0.5571463223366562 0.5200923815619438 0.5665923911458224 0.5856216329009343 0.5752138519005187 0.5735649000222881 0.6399083498705967 0.6690977134205405 0.6269127199883353 0.6782650926509809 0.7459662581793773 0.7511443594380142 0.7398110045868225 0.6748384591013903 0.7117632867789153 0.7087859331447285 0.7441224189375123 0.735706705647855 0.7388779637520586 0.6664634376094952 0.6570053929661481 0.6414253916769358 0.5845185915670744 0.5485605543455392 0.5827339825727321 0.5617350067853027 0.5741080944671532 0.6501294348869432 0.5924073377430148 0.5889148153310927 0.6177698379404711 0.6173199511933498
0.45639807612567457 0.41185871825692144 0.4093306057331677 0.41956878790259594 0.4680610739767137 0.4306157639023041 0.47503444395796823 0.4678999059764056 0.5299185966564283 0.4801144976628001 0.533671582568026 0.5883109170589825 0.5553296171088543 0.5459750938387627 0.5499285104865387 0.554668790308364 0.6101609240966926 0.6484856107631845 0.6368592947661013 0.6400409665377549 0.6903908131171228 0.7576215790156146 0.7209721700846223 0.7651696609170489 0.7370952204013973 0.7079945362372133 0.7189827613833455 0.7462698350416974 0.6793661366810313 0.7072695394054888 0.6899805980530624 0.6706761002926707 0.6178620359454717 0.5876576597549906 0.5768003728316733 0.5583886770259368 0.5787389489083812 0.6163531288408773 0.6669512750647857 0.6653010092910859 0.6594065279543025 0.6042562189074352 0.5682464535740828
0.42459300329938654 0.4797476222860121 0.43720722327606865 0.5023108271863193 0.5311149424880889 0.5569331969245188 0.5636370410537005 0.5160337630938581 0.5358937558419344 0.5329848289151141 0.5408128177611515 0.5533969437948432 0.6294398467096123 0.6652215849488144 0.6240666913672142 0.6168949920120878 0.666074830161831 0.645279824810386 0.6589982368176565 0.6898325868783505 0.735129799562544 0.7348323266446806 0.7396470990787691 0.7491376974948877 0.7268640670715217 0.7041014286640247 0.7641964420522217 0.753781605059634 0.6827585501167658 0.6701475212947869 0.6970139816271926 0.7195950646864061 0.6531153133662281 0.6214957297826466 0.5791015138989527 0.6086119094611759 0.6164143623405672 0.6268635396532901 0.6569573486409906 0.6657731811125198 0.648530971746451 0.5844155506612819 0.5879714687948587
0.45521520952200123 0.5185284051925615 0.4755043964021461 0.5156712210860948 0.537131644273891 0.6157837776568951 0.6153426810826558 0.585236656439494 0.5815034468368554 0.5867936058378426 0.6148602894436567 0.5998527623824376 0.6623130291094257 0.713265893217158 0.6760865477705666 0.6595194061414686 0.7497808956051236 0.7500108422239298 0.7492334024796364 0.7362569308506762 0.6902157981846844 0.7179339087809651 0.7321940106184416 0.6809668612228 0.7077223114354899 0.749953606664391 0.7584563703226803 0.7265270606572822 0.6904402134965708 0.6903000880893884 0.7430938845356296 0.7265778007687591 0.7184422658885794 0.6663893878606608 0.6276866143992944 0.6531564741606347 0.6580376521120972 0.6752959762025433 0.6583475398395303 0.6076209985702681 0.6312693698168573 0.5738816258188163 0.621063590182181
0.48440351177371327 0.5668461984810923 0.5595108282461311 0.5864105273571807 0.6434447322415441 0.6492040723742294 0.6347584904354194 0.6418918951114633 0.6707129577907388 0.6556315906477618 0.7049046694896796 0.7272592614570986 0.7025434893868164 0.7667071055469623 0.7642028746281421 0.7703907461752724 0.77467577135455 0.7422188395874532 0.7562574958120244 0.7405558936730934 0.6805210557259102 0.72372549501178 0.6851737552202153 0.7127792850417296 0.6926587651714757 0.7151703793275223 0.7449154430914849 0.7735091769897804 0.7333372069055214 0.6984954767199113 0.7219234884074347 0.7222566288272629 0.7330724442513666 0.7221214820081416 0.6546188473248719 0.6603298745237873 0.6677366292890246 0.6737209104321247 0.674589842510241 0.6001474323066132 0.5878198313351664 0.5502504242981069 0.5851287361663464
0.4729186298647432 0.5486011779119855 0.5416126296558802 0.6239411312496046 0.6079769993629104 0.6789119777483689 0.6274964222851329 0.7027332720436775 0.7066866673051299 0.761384803684846 0.7187244644176448 0.769770133824369 0.8038285893422871 0.8193243957287875 0.7815336970522812 0.8587143446979434 0.7968899740351474 0.7246578619722034 0.7573125265136869 0.7372830076537179 0.7408946419615092 0.6874427455283025 0.6577005709300746 0.648104637966313 0.7079383260084656 0.7282095730426383 0.7850152792901138 0.8184307199577552 0.71549977866539 0.733515665677402 0.7562674278776944 0.7048095383227763 0.7188520907111156 0.7362771438641887 0.7127518632665413 0.6898241766864125 0.6570172776246582 0.6872819272881494 0.6533531619953373 0.597527349027518 0.5861069985907559 0.576860013460343 0.6296137982075545
0.49521016309213317 0.5124756042341947 0.5490399642140128 0.5573006729933052 0.6311481413193275 0.6482922545617529 0.6299393399465574 0.6682957894903501 0.6971547776770428 0.6955215234312127 0.7165972790343021 0.74172750424318 0.7691905525109394 0.8139234580717111 0.7845224457995076 0.7872460528818769 0.7916734996815238 0.7711687398845413 0.7053547718551315 0.7101919541529825 0.7155024785990797 0.7228566499350408 0.7022844598853826 0.6585563766909227 0.7001400820772179 0.7455714466822163 0.7202721634501756 0.7433964011839366 0.7153055579237839 0.7170188433928578 0.7245634977203926 0.6662500317357053 0.6731708976668518 0.7070733811292449 0.6731460980389576 0.6761605577059742 0.7283951181978486 0.7322108609789216 0.6503315088592507 0.6156494498660998 0.6026505861874636 0.5784667290264267 0.6021324971359687
0.5098195655249355 0.5707546102937288 0.5585558920922584 0.5635396750178827 0.6159647030440915 0.5833074962946962 0.6338118149801037 0.6036395809669379 0.6574999520419945 0.7250881588871233 0.6967011461050767 0.6841031777648766 0.7452230597111509 0.7753566079257407 0.7672797374334681 0.8235656957445034 0.8361426101809444 0.7866912128431819 0.7680870285485993 0.7291585285726725 0.7073473967391725 0.742752959319825 0.6579184920780218 0.6559194703866145 0.6982595631644316 0.6968206612032699 0.6710929090521394 0.7023191267237796 0.7171036144792762 0.7209807608895423 0.7199737274920781 0.7065020895358683 0.6804813959549415 0.6438228304004963 0.7064702922781629 0.7427380670820608 0.7522722207572653 0.7399634737934224 0.7165293505501614 0.6570082079536783 0.6574460058495223 0.6445551443556171 0.6338418687294963
0.5313348222667317 0.5535539548720244 0.5667646777225098 0.5176785827714018 0.5398018562957284 0.5896476120649887 0.5878187390689076 0.5686181432347526 0.6242835126249195 0.6916873453312932 0.693000929941333 0.6957558257937035 0.7520693285113489 0.7562453032374216 0.8143848727749398 0.8727792724278494 0.8297489782560685 0.8289899494284465 0.8026893902639748 0.7344970338462569 0.774073155185305 0.7362139151612287 0.6840474517970161 0.6528000251051491 0.6806808850157402 0.6945595028489284 0.6834501684554234 0.7437180798527923 0.7209865626023396 0.7940181978503922 0.7799314516731642 0.7319116605975349 0.6722488396646608 0.6923904625256152 0.6591473427567549 0.6845020415936515 0.7107730976212265 0.7541071354543698 0.697862593363672 0.7511700132001077 0.7256832410766896 0.7336210612788486 0.7356522329555986
0.5741827475434984 0.5021814511828195 0.5402966720915611 0.5582780895823817 0.5890207061803335 0.5798458430154304 0.5848036943893428 0.5864733416658964 0.5984527739303707 0.6550116942815719 0.7192687379803708 0.7153289671088743 0.7012904152705055 0.7570052696653181 0.775579197066192 0.8793253052210952 0.815912837458049 0.8075637725739009 0.8186958957742138 0.7436999789799849 0.7696948265311374 0.7255215835524356 0.6793212417433065 0.6845641407874202 0.6862446482892002 0.6907496505743622 0.6884073000275079 0.7945691739817611 0.7874916551084148 0.7970203496533249 0.8130830266259617 0.7410443958785329 0.7455621203223374 0.6429179770472362 0.6956644450718528 0.6699461429085708 0.7449827980081849 0.7349449554158697 0.7210696771517594 0.7757377841704962 0.7536848604307383 0.7223766841377114 0.7766012172759599
0.5740977674318402 0.5614288210298592 0.5714427261360525 0.6031432429637164 0.6436091070625817 0.6686236155225739 0.6175749247557463 0.6148598977144875 0.6396801100887817 0.6732538138544187 0.681342539935355 0.6706411384811797 0.721533733855436 0.7700120010882449 0.759937528949121 0.8027876544587452 0.8250929872457463 0.837659221612201 0.8291442538147963 0.7559845348583505 0.7517088221805849 0.7580191777763328 0.7267836877637944 0.7255383020095955 0.7323902479387813 0.7091901023307313 0.7415516369033016 0.8175738635674914 0.8014899399243807 0.7929771461791972 0.8330363801233429 0.8443611853975355 0.774768649759646 0.7186351739680861 0.6955199691574294 0.706569136300472 0.7345279122374613 0.7166948720744307 0.7104895172151248 0.7187577572353286 0.7427676048147963 0.7340858696414343 0.7629448869077043
