Raster_benchmarking/continuous/raster-340.asc
NCOLS 100
NROWS 100
XLLCORNER 1743159.9619148327
YLLCORNER 5469295.302467929
CELLSIZE 10
NODATA_VALUE -9999
[rows 19 to 37 of 100, columns 0 to 42 of 100]
0.7877884878256809 0.8097348098729601 0.7809022328161311 0.7721792865456214 0.7820709456309125 0.8372552841326641 0.8237370613149821 0.8459264232775173 0.8402441504603295 0.8158568346816522 0.8111401121139014 0.8302624986721641 0.8592023846405165 0.8837746617154103 0.8868538743398711 0.8847975944512319 0.8822855500286241 0.8875065470381548 0.8748291078979371 0.8447870472230414 0.8285317051701712 0.8093897373054477 0.8133711235181519 0.825779829562084 0.7922603536247209 0.7388311728035134 0.7311960626220966 0.682324032579499 0.676249442420749 0.6569014249799439 0.6313724133478134 0.6339570900785395 0.6225965058905193 0.634843937651365 0.6045080008914385 0.5838515875395264 0.540865243329864 0.5274242930627198 0.5365826766553785 0.5208038182003183 0.5287812262580643 0.5635328817965737 0.5445175116485833
0.7792494409791083 0.7936947552586743 0.78720974107095 0.7722446226517446 0.7986438372790464 0.8129181549884109 0.8321223005616156 0.843344614195921 0.8306649796187938 0.8397961942536386 0.8212097971638292 0.8197182903742954 0.8373509925878051 0.862996756881247 0.8758314163422596 0.88978879954764 0.8836756583305353 0.8707200095661604 0.8404987224993316 0.8274427524152647 0.8149870451514412 0.8033966181661099 0.8034950490781197 0.7986980567870681 0.7746077424116778 0.7587651907369548 0.7142547721082091 0.694093010095199 0.6876969643001325 0.6617214967595914 0.62548998777637 0.6271315638463892 0.611805253112504 0.614278953731215 0.6079155720035272 0.605480214007011 0.5631688950210229 0.5221679095410785 0.5027965277966714 0.4959283914736555 0.5329357812140131 0.5425277655266637 0.5475409885002945
0.7936944621589281 0.7829375409655231 0.7784119596016719 0.7988285239448484 0.8029207529734236 0.8296371279766187 0.8336670223929609 0.8441241614122019 0.8225355645416507 0.828775282627689 0.8290505997910208 0.8154987626140894 0.8395330358463977 0.8645095234766309 0.8727496816887398 0.8730493458946207 0.8589608257746776 0.8543184893865164 0.8367218060331076 0.8256260662843499 0.8239517225870494 0.8506212328448597 0.8018419651525693 0.7967954216400882 0.7768346197664052 0.7603236951903075 0.7529500407483465 0.7190533766623316 0.7005948139093692 0.6523231273850425 0.6499950281091736 0.6321475992914549 0.6288374465185996 0.6097643935770329 0.6103473692514934 0.6018421408179513 0.5594962788574566 0.5263803320472763 0.4895968582504088 0.499133140385002 0.5224890622404423 0.5332983576180707 0.5338688781274074
0.7813869980636411 0.7825712954411288 0.780937050420106 0.7871863162820336 0.8098281572465862 0.8360354706236717 0.8183761426355548 0.8337573699107735 0.8378289097278423 0.831439223403397 0.828602753986291 0.8380948038342345 0.8346237090341956 0.8479606760415412 0.852759035910826 0.8432005742345031 0.8612224560908384 0.8424214186338499 0.8276070121204855 0.8446484765492935 0.8290600333864275 0.8153435232207887 0.8030497688506177 0.7984324511398633 0.7685722139923821 0.7608331402611729 0.7500859772406088 0.7070050880596177 0.696501249585801 0.6547080627669072 0.6364015823430201 0.6369848802531947 0.6461450226440926 0.6119009437691834 0.6076487934120127 0.5964513289538643 0.562571593069925 0.538497482362241 0.501411534521684 0.48696849020662814 0.5037312218429028 0.49834577394836616 0.5299472746291461
0.7861611831297488 0.7689154220054923 0.7894438392495433 0.8283827544078265 0.8270198673229939 0.8391540013063187 0.8490756432139449 0.8345639595999798 0.8531593967502612 0.8578282660314676 0.8458706087445763 0.8567640083742116 0.8752508599549892 0.8669924643985114 0.8359153539933948 0.8104405882911846 0.8563664313613103 0.8507730906931924 0.8156933061521049 0.8348281286236011 0.7960981713510487 0.7751259863472701 0.7766734870094608 0.7738363571678207 0.7596330823709239 0.7663949726673371 0.7243169778849737 0.6859058452896811 0.6809971331995948 0.6649610587977675 0.6555003357110831 0.6645402224874877 0.6489627395441121 0.6481417290516679 0.6319666532442586 0.5783701165458377 0.5608430067459751 0.535991749362864 0.5203724712351114 0.5050635901896555 0.4879584208908241 0.4852781009345109 0.4950566538744845
0.7790600787113637 0.7912060781153148 0.7909606318875784 0.8001809676398876 0.8358194850725537 0.8442185013632967 0.8420873268846232 0.8502902703326288 0.8476982045693751 0.8623310702128059 0.8769307289806081 0.8611152327577449 0.8772861204520853 0.8622157619671457 0.8581893083323149 0.8528277150278133 0.8379577334115426 0.8464699025533228 0.818417343915398 0.8352615751589759 0.7972891437283551 0.7917985083218657 0.7835485288395203 0.7559251414599095 0.7605886971771273 0.7675091687793522 0.7444375343284816 0.716360156904914 0.6991237587766534 0.6959156344014256 0.6769717191305382 0.6851745289165816 0.669749444751686 0.6335064457118905 0.6247050014265428 0.5931066291401984 0.5712623708672868 0.579333080388734 0.5501788753787443 0.5153184161303748 0.5040406361130539 0.49960474545669076 0.4802188424050228
0.790696231775713 0.7936022576318937 0.8007869738764802 0.8100469920916783 0.8482835695691695 0.8583332537501213 0.8394176691890007 0.8332015475534938 0.8657180071319714 0.8758729921039947 0.8800796930388564 0.8893780763349906 0.8736983702969083 0.8701862610782185 0.8671838701114374 0.8634820500211291 0.8515489536278639 0.830649757693564 0.8177554003916013 0.8203142983626639 0.8145097407241485 0.762710665489143 0.7837024173022449 0.7736652447437958 0.742405278255964 0.7353709195836132 0.7272458193684156 0.7217998134307012 0.7303488263652087 0.7259819117000595 0.6958264881954088 0.6927867828530637 0.6642670942804311 0.6549087247686004 0.6468805239369597 0.6245573130941335 0.6177886347235902 0.597013862673853 0.5713296057982764 0.5403201993488338 0.4888839371866101 0.47725116737560946 0.4782045844648475
0.785233305822031 0.802058157352195 0.7878868218699605 0.8205038130487197 0.8462326821163387 0.8568373067936037 0.8603852262882364 0.8677652304821641 0.8656332989764635 0.858705596403619 0.8742744329195754 0.8575362760989134 0.8692876167954726 0.8591977636699414 0.8721520432576875 0.8506798378742885 0.8398419521572109 0.8336531163172504 0.8356830975070794 0.801552533563461 0.8093934654665429 0.7673967767406629 0.7693871158780459 0.760979630923694 0.7546485292747196 0.7650565110404504 0.7498365166280692 0.7549888616572283 0.750479351247736 0.7141645537281921 0.7096096107700525 0.7027606559571461 0.6789190960718066 0.6689088788931808 0.6382095130235003 0.6269467135140414 0.6098870772915649 0.6164986915164274 0.5805396820626068 0.553115244130051 0.4997781160286487 0.4702793170726714 0.45053083801134186
0.7663459282478264 0.7807319677566417 0.8144118136033144 0.8284256572614546 0.8350726761512236 0.8392100914757546 0.838089925376732 0.8418547851758151 0.8420874891421304 0.8471957340965555 0.852058779357364 0.8466610627206326 0.8340388091854973 0.8492530482202882 0.8324877254809695 0.8580066781837945 0.8228112513136324 0.8051208570656743 0.8115980056515197 0.8133052638537349 0.797814164921341 0.7803050895593556 0.7532999388282801 0.7459479075258484 0.7633222049953627 0.7691493501280956 0.7495118581370086 0.7889626202097132 0.7347406790841562 0.7290485290956764 0.6879569489765341 0.6747330120163864 0.6597696665759497 0.6686965621729141 0.6397785799904633 0.6618661672935122 0.6131525346345634 0.6161070719914269 0.575463399162581 0.5548102211625601 0.47871039506592344 0.45318803170789024 0.44497610008095456
0.7790324796407209 0.7743931991997661 0.7929990671944958 0.8261048628280876 0.812860923834438 0.8488235624981082 0.8318406852844618 0.8414010994959057 0.8289066898393844 0.8186392595775095 0.8348437853136124 0.8264943616517146 0.8387521814171948 0.8279498401859495 0.8144837833925087 0.8285111132010583 0.8217485386866761 0.8214969094612125 0.8023817381887246 0.7796940542742188 0.7721506979329805 0.7380698727820785 0.7259474177025922 0.725981235722444 0.7377890941212537 0.7327369569768934 0.742420794654505 0.7476665922042135 0.7241709826085562 0.7009822012389691 0.673754923896515 0.6811836800635064 0.6748050212031499 0.6683960975676175 0.6470222185133966 0.6294339874032326 0.6218151198707965 0.595875519408277 0.5667651506283614 0.508861061473571 0.47976481960935363 0.4428702226351519 0.4346990532464059
0.765847196194983 0.766567142741379 0.7889016442803152 0.8092481327636054 0.8421740077886909 0.8438309823696712 0.8360750437863145 0.8290088428706743 0.8097010339603269 0.8143271448458657 0.8048555701994535 0.8026897544025516 0.8078252693204198 0.8109695368869547 0.8197012116269042 0.8129406019160565 0.8152185384848775 0.8034774408685982 0.795361059607016 0.7983417977846525 0.7698805351877301 0.7344577223032738 0.7166143739947725 0.7052131932175526 0.71123205420079 0.7481991919589696 0.7208490733275685 0.7352443562643481 0.7106276443653043 0.6663223823578486 0.6680162182468616 0.685037019037265 0.6632767006113746 0.6349541829802902 0.620318355960144 0.5770032992365305 0.5838189650730219 0.582486885734458 0.5333253833675448 0.506662565611508 0.4686145222909808 0.4398686815842409 0.42300103366370084
0.7684862888711339 0.7833685783344391 0.7902227423396593 0.8271273994737195 0.8334600262079171 0.847860541642695 0.8373565961186777 0.8495636019868374 0.826749905676869 0.8226962658439082 0.8332156001090096 0.8320129316995442 0.8247959033461155 0.8024431919869297 0.8018244632990084 0.8116583556803492 0.8186642034406267 0.8024530650961874 0.8007134648267072 0.7686305168021449 0.7648715147374164 0.7126678712065012 0.7013913184937302 0.6909456125871896 0.725510638731622 0.7382306111779179 0.7165039832785549 0.6887239220648106 0.6852234111752193 0.6728156185673513 0.6504231445053804 0.651742748828373 0.637081499055968 0.6306557709343705 0.5868956087765521 0.5565342518921012 0.5683244542444496 0.5543169834239908 0.5240572777237908 0.5076801860067841 0.47213448860661117 0.4550083566747476 0.406750604124733
0.7700370523705459 0.7887729850621445 0.7866147348563988 0.813272238788327 0.8124062941110811 0.8325925198606002 0.8481504640201758 0.8381230702847784 0.8148344773993821 0.8375592194885002 0.80560560385169 0.8105321577982574 0.7987776212231956 0.8209277724215751 0.7972302822445707 0.817152794602555 0.7929424439454293 0.7701858418561565 0.7849529027380703 0.7837826845151694 0.7457202385416842 0.7082991470783362 0.6906088170008449 0.70057293112283 0.7015541453059319 0.708232211771413 0.6968367278610428 0.6541349007292675 0.6517680337883505 0.6170050354223462 0.6500118562797398 0.6514463211630728 0.6224514078133108 0.6026565700319765 0.5509008535891085 0.5405534778024628 0.5474022560002986 0.5167404443975974 0.47795314573303854 0.46462266142114766 0.4754294945822944 0.4451994118117815 0.4052508774669686
0.765531109823688 0.7609429915247965 0.7833149152752519 0.7846567755523851 0.798177925020974 0.8187234031817243 0.8247930037179757 0.8332800349156039 0.8248821463420632 0.8062807742248855 0.803800662264978 0.7968062241745173 0.7877063581308733 0.7926769460861802 0.7912971713693429 0.7789018352304528 0.7867460463934721 0.7646166930298272 0.7609886320627518 0.7576002126371537 0.7343906565436119 0.7157839215332468 0.6999243414537771 0.6911454210842265 0.696208136897914 0.6953645762527859 0.6672437322173842 0.6457219516628376 0.6348473352854521 0.6149435425003925 0.625244011941966 0.6015628486790504 0.5801656162852888 0.5733875535777532 0.5312027871055301 0.5334990983370131 0.51674072653109 0.5206920405418617 0.47836121055071146 0.46187017350019577 0.458841458384267 0.4450883726934948 0.41815292891885764
0.7405331020917205 0.7495474403510212 0.783466862760399 0.7829896674404903 0.7786223256581559 0.7691031235794896 0.7882097840641629 0.7965572190437067 0.8024054788508354 0.8042780699898631 0.7813817691785929 0.7550011034325635 0.7584455403896986 0.7843006440863356 0.7727293845466069 0.7880987408391336 0.7705977594542799 0.7798295678733007 0.7759877452331825 0.762395616089795 0.752454611832025 0.736789341152352 0.7191751788541123 0.6833588156185605 0.6862879271104704 0.6368857414393468 0.6192334040424541 0.6240675265385102 0.6199090040432799 0.5987153367187519 0.5791012166842562 0.5685252741058687 0.5640456326742546 0.5262756781701666 0.5003583277564213 0.5078372460404902 0.5144352784708914 0.5054946834865531 0.49377889826175725 0.46015723520570345 0.4636429068493398 0.44731192792190244 0.42702200173676214
0.7324509757452258 0.7548937637251397 0.7721332976335683 0.7906490599574235 0.7918293425693602 0.7994771751840215 0.7852700705234316 0.771415236118652 0.7854869976688702 0.7852663446167187 0.7758326089116052 0.7693752353490838 0.7634194548186233 0.7639704264685178 0.7833324236155486 0.7905804526348164 0.7867400547159791 0.785074887082408 0.7684290386239588 0.7895606625486667 0.7616176525846613 0.7521065543180433 0.7117330180005436 0.6764416384631375 0.6681293345004207 0.6608085432638767 0.61424141925596 0.6024983002281886 0.6196802221968561 0.5845009255440302 0.5923226575020696 0.5615022144140563 0.5382974109898548 0.5083290422480813 0.498237765629764 0.48050805736459357 0.49146345315600104 0.5110820870278857 0.4953057480958808 0.49438226780479755 0.4523495003384136 0.4648379039822818 0.43306505386362626
0.7366005347686876 0.728148216718745 0.7397687217077623 0.7678272310573745 0.7870256007280763 0.7937498368019865 0.7651441332309938 0.7667010307746258 0.7587439656712605 0.7812496920953438 0.7655783061959003 0.737445446045258 0.7742729680318657 0.7750088753296 0.795161190523746 0.7881103246698515 0.7735284270103111 0.801647713489807 0.7831531675505519 0.8028360114351795 0.7648489718810134 0.7500515879578203 0.7194442774738062 0.7003575392953573 0.6898587371096242 0.6676171728666972 0.6263064430680219 0.594422312000699 0.5929276965215907 0.5925749346573677 0.587051687469767 0.541265135375252 0.5226404139689361 0.5153274392789181 0.49655961838675794 0.4955687480058432 0.5048784292207383 0.5146626702402441 0.4869620972724774 0.5070823822059028 0.47809281736539505 0.4565318777524821 0.46315240442768546
0.7534591377182042 0.7489358327354741 0.7532392547449057 0.7643044997307012 0.7650520115734953 0.7736328671272754 0.7584829265562663 0.7473181756117012 0.7428230499629985 0.7544815522855222 0.7545627600327646 0.7551868462218098 0.7624557818096351 0.7485758556638942 0.7769590978939446 0.7795014970120941 0.789939447216638 0.7810434876348739 0.7989744835207718 0.8009025706149743 0.7940913242232085 0.7501674384140951 0.7437627019188282 0.6935498058523037 0.6657094531788832 0.6751115776758443 0.6515044493719506 0.6233602748226156 0.5784028527181155 0.5670026287806549 0.5626048284000575 0.5281646176480971 0.5233115586172993 0.4963955212237649 0.49041606095643564 0.47133322366639485 0.47506973347608217 0.4829758826219783 0.5004313599285364 0.4871034185583915 0.482437026951822 0.46545585063470407 0.4682731997328975
0.7470021912550951 0.7291954631337513 0.7383028127175207 0.7686799454780925 0.7640151888964972 0.752249848442376 0.7520656638764974 0.7308296251958142 0.7420076237614088 0.7317455662912181 0.7615987117698291 0.7626966941072002 0.7493594042849411 0.7460828224381482 0.7639550277230065 0.734639290961729 0.7788585567457657 0.7778849549029839 0.7873918279308146 0.8080676710068787 0.7991144710848851 0.7564401041360639 0.7129671159017312 0.6980461638223076 0.6540700668079167 0.6536382462778592 0.6409819318601863 0.6189441118604793 0.5731054437349957 0.5535131554662881 0.5488161865867904 0.5526832896166711 0.5234058874618812 0.5202729255394439 0.4778959852832647 0.45894256921479964 0.4701131504203982 0.45764199198416167 0.47258114821743097 0.4658770139759231 0.4836070370415727 0.4965635088461065 0.49398692625543444
