Raster_benchmarking/continuous/raster-304.asc
NCOLS 100
NROWS 100
XLLCORNER 1743154.8204257963
YLLCORNER 5469290.525871222
CELLSIZE 10
NODATA_VALUE -9999
[rows 0 to 18 of 100, columns 0 to 42 of 100]
0.4612953997925335 0.47150922906324905 0.4697825584514202 0.4553209471735333 0.4090276344648054 0.4176433184818045 0.4351658094647703 0.432400299137592 0.44410367810153795 0.449022678714763 0.4746105235532788 0.45089741916802784 0.4425471132855319 0.48524354379005014 0.471587409368055 0.4513680751791539 0.48553261148500537 0.42983945310541 0.4210887602510262 0.44293781118760284 0.49918261583660223 0.5143297251841826 0.5224682631126079 0.5818904151171721 0.5904722777366211 0.5905203994830035 0.5605618198430076 0.6058277139183531 0.5816708938446723 0.627939736466228 0.6372736714043907 0.6391307402572095 0.6231034429338763 0.5671668328149666 0.6081521836272786 0.5718097184366829 0.5955816308677158 0.5677939649790317 0.5732070069855857 0.6040390014034294 0.5640663911367207 0.591141573190849 0.6486160999209344
0.43946175754357747 0.45503264133629684 0.4640317231718874 0.4574465126755161 0.42011951011210724 0.46234056112809957 0.4664052110979958 0.43194925509329607 0.3873223992387173 0.437257407148671 0.47653348380608057 0.45601893867389653 0.5256393596204133 0.506572042244447 0.4624079948271041 0.43785162434188474 0.4903782965156562 0.4468158331029952 0.4341469680059031 0.438239808949342 0.47406884653509607 0.5195942090402078 0.5148205513669155 0.5327213290617668 0.5389658339025333 0.5885558734027712 0.562962546383096 0.5896925556382019 0.5725540781683112 0.5862752237221909 0.6396342187726601 0.6115825593028251 0.6444000852638487 0.5674384823489744 0.5876744169500261 0.5546154266151981 0.552993391401459 0.5706596911890643 0.5967800453148934 0.6280175198086341 0.5926016004601707 0.6203028555042134 0.646942762449503
0.43345964787770835 0.41828231234002716 0.40751899077551595 0.42924541094380214 0.42325465728036316 0.4637561673951241 0.4425304454963123 0.4140288053873907 0.39938299626497065 0.4007562472406917 0.46896023636801226 0.49374957482371074 0.521786148025431 0.5331040351879834 0.5126131123761887 0.48111912006485186 0.4519359411786109 0.4481947457278682 0.4441744130294345 0.4473348055674809 0.4749291110146099 0.5233997970245885 0.5387853104223462 0.4930357641496217 0.535872596434545 0.53033575216085 0.5036069094764849 0.5320318057673867 0.5500382812208013 0.5769758236510864 0.5882776606991671 0.5917712908380456 0.6124880058692748 0.5736913474929108 0.5702335084598953 0.5398028284084657 0.5968043732215764 0.6195067855740167 0.6558480113847643 0.6531736418029437 0.6493347244496394 0.6070846165841268 0.6150270067542939
0.364195804076276 0.3860835468486076 0.3740279984698405 0.42117174515863004 0.45776184638933815 0.4313512271114941 0.45615326365978714 0.42732754534101014 0.43386866078601016 0.38588316089503194 0.4220282482048546 0.49453056497504544 0.4791378820074155 0.49819019287995714 0.5780140880293522 0.5071241542878427 0.45482208038496524 0.45840730713180516 0.4578742508106468 0.4713494072259667 0.5399637886918458 0.5128577318702827 0.5290566254601865 0.46583541592242494 0.4655965947793121 0.46614626539812226 0.46998337023418213 0.5400537119562565 0.5543012201488428 0.5571650907194866 0.6049374276622149 0.5725196287612038 0.527022607416444 0.5523011080866228 0.5083020401118792 0.552314133150953 0.5730168935914491 0.6112726800566415 0.6638245756167644 0.6810423595132853 0.63494972534042 0.5914487223815313 0.5845380769095965
0.4193305499190862 0.39198348153080426 0.3930804022165946 0.4096170759566264 0.4260381568493238 0.4565858495680432 0.44903194087570975 0.43485712604068555 0.4331841360342862 0.42016440824053153 0.4658280808906174 0.4702621011469956 0.5119649905279462 0.4753287422783336 0.503260847159194 0.4830036162391976 0.4965458569487913 0.5200669759949816 0.5385078543466378 0.5202369077671588 0.5433600857602299 0.5128743254670407 0.4724904511395729 0.489493804271391 0.45331218438123355 0.43384304879508184 0.46841221454241133 0.5265410230734334 0.5197086261901415 0.5324916995374016 0.5434861646346839 0.5234246408957131 0.5410972679006333 0.48774296203725237 0.5201227879602522 0.5077483220216058 0.5530919924461337 0.6023424068308655 0.6524750275270007 0.638048358905485 0.633899316569451 0.5879894220220081 0.5667690593749991
0.41027040379038887 0.43877639595815243 0.44306983451107423 0.4408346281971105 0.47176633961760434 0.44037384153751796 0.38748810465925604 0.40054599907248895 0.4169964935885526 0.4579828068311166 0.4375100342045639 0.46460735672116876 0.49537517259857516 0.4634969561160994 0.47171684715995243 0.47390679751500825 0.49015146219527794 0.534194964827365 0.5461391982447185 0.5414183690895612 0.5427883962182892 0.5217724612066872 0.448025011650155 0.44306833503008536 0.44324056154347125 0.4277128864364829 0.4701505008295375 0.4796625768475006 0.5342758105991101 0.5190374304151193 0.5675342621806787 0.5399433205500996 0.5093749052504344 0.5253565850176585 0.483030310667288 0.5056684702811125 0.5448367573130772 0.6316398929900336 0.6759942624919194 0.6447601765765374 0.6337621475678861 0.5953363448314168 0.5694820658931452
0.45093461641729465 0.43707542259625976 0.48335354585794377 0.4882162852889802 0.446460596551211 0.4497524269507859 0.4320614951429242 0.41200864582339153 0.4476429864230287 0.44039216725883124 0.4496297441083891 0.43681295915749646 0.44894389496248466 0.4778491248713199 0.47674532031372946 0.5124104843351809 0.5167813390733107 0.5361165013588973 0.5255784042293817 0.5527340674220872 0.5397163069277527 0.4790394078456629 0.5033075940610102 0.4777016333183505 0.45736417673846885 0.44492224060299396 0.4689631552280308 0.44804769405885014 0.48804156935053916 0.5622678707383728 0.5774603647607053 0.5356193655894111 0.5184317674378794 0.5385376757630321 0.5588941794189151 0.5450706996386933 0.5502632692153719 0.61173090705723 0.6422665610698765 0.6758986680077378 0.6577061199946164 0.6435360867200047 0.5808592577024425
0.447675050097204 0.433194958981387 0.47926012649514477 0.49662083876462393 0.4991619311151843 0.4225071937441738 0.3815672342336945 0.39049626563325246 0.39083715231733795 0.3988185258201275 0.4435811802667394 0.4148808800785437 0.4068399694586792 0.48495989360160047 0.4959843153185336 0.5200922784623242 0.5173481439823819 0.4832448315244065 0.4793062705668937 0.5026453688872072 0.5198060011540754 0.4685051200025249 0.4950150296857292 0.5061748137503886 0.4638546697703001 0.4921376238204155 0.4445254862817588 0.4275332666399827 0.46518386786319393 0.5333455323774984 0.5502030561716214 0.5541963285510162 0.5618595988871243 0.5337119029313211 0.5425107419389357 0.5064705097178588 0.521118451813089 0.5851985632557153 0.6803671861815311 0.6351914337298301 0.6325448827066921 0.6430962315474356 0.6358387524432059
0.4703025905904465 0.4706210272277943 0.48941654409492974 0.4643533829322566 0.4487675764418223 0.44081233894906474 0.4130116554586925 0.4531056377084381 0.4015313554513092 0.4246131504979717 0.43504688227441357 0.4044869913053647 0.386125601933207 0.4285666796131262 0.400632766717829 0.43635090984448077 0.4439580995901628 0.4723293728603266 0.5057817328946385 0.50036463104782 0.4714375874047827 0.46263880772530575 0.4922695358337039 0.4726929897355254 0.4639772315680383 0.49792779962642586 0.5049143748375465 0.4697919469090938 0.4910423268410908 0.4997717641871175 0.5232810283179326 0.5635092041558868 0.5472751009629211 0.5552432761660409 0.5350265077700488 0.5003683672575172 0.5498577981164852 0.5944452213531328 0.6264741648850634 0.5792637017046712 0.5975146065801791 0.5891029864447734 0.6039971093019456
0.4638601962874562 0.49221994924117085 0.5311628490044574 0.5077970821843463 0.4809643398149173 0.4537634052494131 0.47995220436439645 0.48348097628070874 0.4551907064406125 0.43646226765093477 0.4430670739679164 0.45193059786783446 0.4149892098778163 0.3726240651660671 0.372630917469811 0.4358620237621457 0.4125629728234685 0.4393154776537449 0.43792652887690425 0.46890326622226763 0.43828946350564685 0.4490684978112725 0.44912391204004465 0.46158166545300894 0.5160431849763505 0.49660304017823814 0.5390467614830651 0.5577629358553421 0.5523906173041361 0.566168660974531 0.5418056012501558 0.5452085445584767 0.5353773963289759 0.5570467392585567 0.5509037153942565 0.5005865096669851 0.5209157615765401 0.5158310096560298 0.5308430679942389 0.5206302632957709 0.5721813310386088 0.6150475461586913 0.6178001362495924
0.4822905263839458 0.4804571582707247 0.5192868058671449 0.5037277185079928 0.480294961909774 0.4629274180493873 0.4805337499262343 0.46384057191763667 0.45324380985559953 0.4523108025447817 0.45663278234506993 0.4336907905539002 0.38030845662328777 0.3531818289025881 0.3908300379722167 0.38854213207543425 0.3672961193635455 0.41944799460825816 0.45545185140708483 0.44941960321756697 0.4331608567392929 0.4394913142094967 0.445448241123492 0.43411419445181676 0.5237953367234337 0.5665234820542624 0.5780294264538259 0.5371772174606654 0.560343076331606 0.5883572242260006 0.5705558191514826 0.5365588276379178 0.5582407965326135 0.5091339652105253 0.5665056382373204 0.552148212251048 0.5635881553762332 0.5223905510614084 0.4966006042653931 0.5258663322025046 0.5332403590641839 0.5777582147664228 0.5909320817444166
0.5062732556430425 0.5185899635617998 0.5121351353262245 0.4894309649100478 0.4712465728162446 0.47927303939785565 0.5028361378113145 0.5091761159513818 0.4926372433039912 0.46823292391614235 0.49522551255808533 0.45886860299512133 0.38591579186045144 0.37008809412631866 0.3295068580642431 0.35059722919408537 0.3590442815716195 0.37411881550208903 0.4263503535082368 0.39584282003667726 0.41135578927363226 0.40746722719542233 0.36797960918578065 0.4540979247213927 0.5262761015978052 0.5723886951172691 0.5747522095197674 0.5321570409068265 0.5867754886285521 0.6041136491197479 0.6327660111451037 0.5780764068082122 0.5354079132277136 0.513412798960615 0.536871581381058 0.5061779488459274 0.5394841310297728 0.5619226657515701 0.5395396277130062 0.5461205141667531 0.523759647030532 0.5548269786488988 0.6431267153866436
0.4551790484220711 0.4870272854129439 0.4773724471163119 0.46646808607203993 0.517853170439012 0.49993775141234076 0.5136290887995095 0.5216418884866623 0.490186111368602 0.45681812030616625 0.4183043800188844 0.3882680872248851 0.3893106252772091 0.322716537825225 0.2981824972675292 0.2941287766335932 0.32401605282808943 0.3464958694125498 0.3583585280868974 0.37609740859308266 0.3910385020719653 0.4291121815269329 0.4430178096321734 0.49909256497434945 0.5628152632503246 0.5360449603742293 0.5267295879520446 0.5456351030871518 0.6169651172245887 0.6320023954608376 0.6015599734128722 0.55890666394641 0.5448934021549516 0.5158120049380511 0.5075780790755103 0.5247502068217121 0.5407759187030841 0.5294412132042864 0.5588353062135112 0.5375621503188424 0.5200383768683655 0.5473545522945724 0.6092929994248073
0.393964278650414 0.4093498724701162 0.4262489597424992 0.47059372683232875 0.5082009751226427 0.4849744709304628 0.5111869860609597 0.4922428357459715 0.5169350411045665 0.4618280435572582 0.43001899270275795 0.3844006990608591 0.33058490599746226 0.2724543726527711 0.2585924101817905 0.2583622270795595 0.2966307473553056 0.3022150938884333 0.3541163845896479 0.3818025545038772 0.3742232280513873 0.4061985552593321 0.4818419784720353 0.4886560142198696 0.5622986532428889 0.5871318418753637 0.5643567602646004 0.5821787675114718 0.5768698032943587 0.5884376347620005 0.6090333381243581 0.5696299306174419 0.5281180419591613 0.5386159162813586 0.5160556192514123 0.5441692615347931 0.5415365758553843 0.5747844461200311 0.5678870154318763 0.5179228592994662 0.5248770110050374 0.5871248716792916 0.6124354015332916
0.3916634189041461 0.3854385117763007 0.4012453100696212 0.40605855256508616 0.48154138212067776 0.4835300777042105 0.4944571024787522 0.4700299295049512 0.46015903968871263 0.4287738579110989 0.39533640591153546 0.3401882631029993 0.33250270024021733 0.2953376920238733 0.2926352036827541 0.2897188892185365 0.29670588214672605 0.33396415357339093 0.3382174695889297 0.35689892954367747 0.398549682148753 0.42183593921427576 0.5042990478927669 0.49770854527840136 0.5411149673019163 0.5935967467256915 0.5779269992157898 0.5966243592388596 0.6013497606826728 0.6232353398946899 0.602368967179686 0.5536658382746231 0.5170264568934733 0.5280264548496385 0.46641086520880753 0.4879342327195937 0.5469385415033484 0.5444127522864264 0.5236860737328659 0.5061554303184749 0.5011844283291607 0.5305957146634896 0.5508575889689981
0.38735757169191826 0.3675233983502409 0.3594002651948556 0.37416349440487867 0.42268743630819716 0.46722352656646887 0.46166434011215846 0.44743023618560757 0.4633846069789237 0.4410732611572107 0.3819744242148651 0.3689333776799519 0.3048183979949921 0.278933276345495 0.2812118294325937 0.3407335220161824 0.3525016047157347 0.31842792978896706 0.3260320902157336 0.3964056761171716 0.40003013362897877 0.4537297555513049 0.5241638910739665 0.5114067012171312 0.5252179157650045 0.5917978446886667 0.627211492292004 0.5825963667946044 0.5703350274874045 0.6361463232711305 0.6475947305996549 0.5438023781069785 0.5088901963150835 0.45352530481085934 0.45193110768238687 0.440427259332837 0.48937299594443057 0.49860254330534404 0.5232762151941645 0.492509272952365 0.536034625515816 0.5217297129883238 0.5235289126459086
0.4084699136356532 0.4139314945355536 0.38583074484194313 0.39140609290147416 0.3919336509308688 0.40296960598602427 0.39927673233081046 0.3971226084139415 0.4210034851604089 0.4116071462480126 0.3672800716279075 0.3428066049641052 0.31229573615801404 0.31808552821753167 0.2952391630264497 0.33315483670547363 0.3491269649899562 0.3587359691316439 0.3419620963142431 0.41202478365442435 0.40965018870298153 0.46217410337298886 0.4771377688961355 0.5085041616297002 0.5680936515276918 0.5790449077816161 0.5815805732915069 0.5909080378416753 0.593567757436467 0.6326841651549631 0.5637589730794474 0.5573522428297341 0.48494115034260205 0.43007196695262523 0.39361710826514 0.4375410882265468 0.43041408304304846 0.4608983653157396 0.4609167094125407 0.49309442143289406 0.5453252727637884 0.5350709085340564 0.5078339665438596
0.37750519361769125 0.3806057510584027 0.405359541907311 0.3408678469034568 0.33051195251633503 0.3717078315227208 0.37657136133553726 0.3362091475820543 0.32261113713691947 0.3650753162940754 0.36037878999837925 0.3038004727601565 0.29324716238214027 0.31234405578793617 0.2864107948705899 0.33975975692073235 0.30290808984091394 0.3514148244965902 0.38614889570116306 0.45246423421748483 0.46140774651646643 0.4932444426257126 0.5267035879565515 0.5015718349410735 0.5370628503917658 0.5948916693357318 0.6062171324144672 0.6421464634518791 0.6306209009832149 0.584167685219206 0.5497934944393247 0.5519541403763746 0.4618082002015256 0.4555999550201102 0.3617087839827655 0.3707796079479781 0.3922842299109155 0.4453790203907375 0.47741037835654915 0.47274388192708966 0.5032715100302773 0.4652862047781698 0.4621893904826498
0.353727841568236 0.37706370693800806 0.41091019341620216 0.3562121278128518 0.3656863648208035 0.38162044739753687 0.37814919355584314 0.328067113127032 0.2917822822650153 0.31614703318240756 0.3323320781014201 0.3468103555630507 0.28331538143017815 0.3187601054719175 0.27419818385257727 0.3141714966856005 0.3083509452604825 0.3591897384695655 0.4205462603689429 0.4447192761511906 0.47618230087458174 0.5263952628022417 0.521607084849798 0.5422867721172161 0.5586019164449365 0.6063362355632804 0.6375097693424625 0.6404797281437107 0.5998675339975439 0.6122340784033478 0.6025366215277316 0.5509440871837636 0.504059887626426 0.4538048738626662 0.359874625096928 0.3809819099507281 0.39283272418451104 0.35175537312386024 0.39348717242349246 0.4036398179301256 0.40143268006401905 0.42680057097867136 0.4820423358003709
