Raster_benchmarking/continuous/raster-159.asc
NCOLS 100
NROWS 100
XLLCORNER 1743164.472630774
YLLCORNER 5469290.0653945
CELLSIZE 10
NODATA_VALUE -9999
[rows 57 to 75 of 100, columns 43 to 85 of 100]
0.6319769645074226 0.6094687705639429 0.5507659663501091 0.565253153994409 0.5397164392626314 0.5281876858427685 0.49128482569803456 0.46199851405511005 0.4460083507247863 0.4632035957682791 0.43525213388587836 0.4880127984396178 0.513792714039264 0.5038421994751165 0.48940684210577046 0.4957232267596891 0.5201683504305958 0.511183749017766 0.5233252489528643 0.5086455300711996 0.5593056273096997 0.5566697591972329 0.5594461060536435 0.5416923214195974 0.5315639654596869 0.5384538188976262 0.5856017705395232 0.5681865258468791 0.5832892182716587 0.5494344636158063 0.5102018815238977 0.546231317699366 0.5572311524354826 0.5226766293628081 0.552122639642521 0.53107224444566 0.5128026412593091 0.5035441732366888 0.4641847738504673 0.4307345067407984 0.41533963623612535 0.4059894768897799 0.4233713632765139
0.6077706066237989 0.597702324791561 0.5510955865809908 0.5292051854253661 0.5130262589801805 0.526692481445146 0.4821374290208294 0.45113421864020176 0.46255581325029155 0.43735902962991796 0.4629243412918054 0.48133083156007117 0.4891044676472474 0.5117550566323 0.5072253146246756 0.5011369607192625 0.485261594242555 0.49643652919779674 0.4835961962957048 0.501553262282465 0.49285292437633066 0.521167863575427 0.5327624178943587 0.5241636638628749 0.5088025358545017 0.5477744749549666 0.5878165015596082 0.5762327648341463 0.537237928925043 0.5129883454795513 0.5285171824168923 0.5264060887843258 0.5339458939920432 0.5150910905106626 0.5132493484413989 0.4832514122042668 0.49832134464453415 0.486270618138293 0.448866790631589 0.45480410534441995 0.40392992697432234 0.4016278447922571 0.4315852408823372
0.6180183595233069 0.5862219935762314 0.5842088391698873 0.5236804799126211 0.5335420818705832 0.5036548938777111 0.48125097475487144 0.4482806010827197 0.4449045205768035 0.43328367467552265 0.4780111783990499 0.4808836367631787 0.4963817987359801 0.4963300707041522 0.4557494735759698 0.4642314245393879 0.4754673698345447 0.4632345126702798 0.4716087221113996 0.48306430277909806 0.4839158525508255 0.509793355619397 0.5215540887814789 0.5333386941402462 0.5133075395375774 0.5250023854388166 0.5716232425166168 0.5488594098327925 0.5391918048918581 0.5189955414660056 0.496473039275494 0.4851155377439994 0.505494246917662 0.47012285033038065 0.469844366970507 0.46918628807711305 0.48664455285051955 0.46440722526818623 0.4195802304040565 0.41095097131453345 0.4275395089628339 0.4111985192659846 0.41411403116593953
0.5691271337139973 0.5635253947512875 0.5546928892397041 0.528617942194648 0.5013402222399218 0.48332792417918313 0.5007941514982155 0.47966372999565127 0.47046415322575985 0.4641829022794254 0.4844048445820202 0.4617956317412362 0.4950688229053492 0.4849875537084174 0.4860449617389971 0.45710563101692997 0.49029865931696515 0.47927667491010745 0.49015114488702366 0.4989008370626823 0.49178233043904024 0.5165110654450744 0.514553990403188 0.5110126655692095 0.51009244116386 0.5397562932558412 0.525968152337466 0.5342049409950012 0.5290670219222415 0.4930924700959241 0.48603581961273845 0.5057740724915994 0.47362885257031756 0.477921948897989 0.4667284673780513 0.4622988979731399 0.4767921463781545 0.45734293210406535 0.4184670767093084 0.40326354260707836 0.400006192790531 0.4111165211506115 0.4269757452711192
0.5420925509754926 0.5225512364720355 0.5150919381901585 0.4860504186488058 0.4687439758510493 0.463357153567964 0.4716172465891026 0.46231254970479374 0.43343673257535076 0.4588054521875724 0.43892095466676284 0.4466120799978988 0.4694909877532951 0.5077459846273863 0.5146734855853399 0.4747192397045846 0.46153201502460456 0.4640786873893461 0.5067977244273743 0.4949538689026356 0.5328235296450043 0.5041019287218101 0.5148909372583432 0.5289764412363529 0.48802427914065716 0.5258404272902345 0.4915068960123038 0.4788257437963494 0.49341277596931055 0.4735965607738425 0.4786025229471607 0.4542464051257517 0.47615032034948357 0.43221048842316767 0.4425278047837974 0.45938371506064474 0.4225791284070326 0.44998872727611905 0.42624418550326376 0.40326194917269986 0.39808084285855927 0.3862994783351199 0.40721322412120214
0.5501449814597968 0.5579616039769602 0.503695906437056 0.48510187253336434 0.47440503827046804 0.48997533162234 0.4675609638077648 0.43390114428834686 0.4321383303982709 0.4349281576343389 0.4330640161151708 0.4604962715965762 0.4818152747406266 0.475829911675838 0.46141488791358076 0.4642943952204177 0.4604216987617011 0.47202450314449507 0.47095098081079406 0.5107704153496585 0.5563096487354352 0.536902574491002 0.525319364310334 0.5175576695859562 0.5074254959430707 0.49656148798995686 0.47117494590459935 0.47497830160183546 0.48831550799585954 0.47684610778170344 0.46161230222956695 0.43021111894433023 0.43272200716526144 0.4166108724419273 0.40234936040366986 0.4212684700520826 0.43631245783813366 0.4434515826919917 0.44826474712793174 0.42845424029135903 0.41727047880212764 0.4066482980974296 0.4082372319291679
0.5673834720309461 0.5482895721707131 0.53384349771875 0.4854988876954109 0.4972104576058894 0.47652978229085524 0.4426682991930731 0.44507662137254017 0.456378554729188 0.44931481383687183 0.4618481316316667 0.483574937610618 0.4820535577661037 0.4531462576804763 0.44767125083205617 0.4342525327576164 0.46647935200339946 0.4643422647237015 0.4878737883523925 0.5350468869231573 0.558676306316365 0.5584404194922972 0.5037930643510551 0.4969765896030417 0.47272222813973946 0.4574309529745733 0.48184322892276793 0.45936560856695074 0.44867203868327826 0.4488060143289878 0.394749311695526 0.4019783499205533 0.3887464856437551 0.42036559154369924 0.38674535347081385 0.4160414357837185 0.4228155582242913 0.40866517611125647 0.4446245619123498 0.44153464318134344 0.42084629427893677 0.4253868156521006 0.4261423278313113
0.5319380304328223 0.5253407829995771 0.5281855703690174 0.5064088820066612 0.47862476946699883 0.4867081056493525 0.46060144061041614 0.44403295315011276 0.4778330191027665 0.4803837439820631 0.49155190844619473 0.4872376654976937 0.4625386578866984 0.46744829127971893 0.4635353280313637 0.44784090322801234 0.4829175067583571 0.48962024994651776 0.5182367672284539 0.5421929118262784 0.533248513232376 0.5484998806377552 0.5282062791258852 0.49440073030894555 0.4644114005059168 0.45672684889592513 0.46215923452957164 0.45990484383546926 0.428024402953629 0.41161333646292075 0.3813292448056311 0.3967221740743049 0.3922468192552744 0.4042813413104999 0.4083369963229639 0.40055563441698133 0.38776403967025946 0.4064346859597663 0.43796427312436825 0.4495507712426684 0.43265970607690435 0.44637932109836753 0.41081335628502985
0.4662672184496942 0.4998872064655556 0.5095520201509688 0.4956485014984508 0.487604930879568 0.4786814204539406 0.44506967487469906 0.46886210416511415 0.48429465570220587 0.4487657433862883 0.4663586736025886 0.4758105529166972 0.47421389170551737 0.44484841724664653 0.45260626328635173 0.4794788046324944 0.483935392827051 0.4831231201367852 0.523927208673656 0.507118408674519 0.530185983567351 0.5347793499357723 0.5458826565897278 0.4926315369866594 0.4985744115870609 0.47108705909780935 0.44140697649674876 0.42067128889903993 0.3892977389223171 0.3927957450496506 0.36638573554449055 0.3805619864735015 0.3791157479898784 0.39172802193760814 0.37386166434123896 0.38496582732205425 0.38506133785613234 0.40084257462682427 0.3906548164851394 0.44370558178392566 0.45634587079633376 0.4469096032528111 0.43110350232066535
0.45755069418939065 0.4449098529559085 0.4820330037492041 0.5042242652566836 0.48992811084372345 0.4693329078785445 0.4654878209789252 0.4681118750163676 0.47478582330360325 0.4356331677189522 0.4375523173184027 0.4531405772571053 0.45932393327080395 0.45504402349537465 0.45920501633364336 0.482711902537381 0.48175618055355107 0.48947930454419725 0.5136732384522203 0.5226530860120228 0.5143433264731789 0.518073582296812 0.527243029958803 0.4946047306942913 0.48829071757973136 0.4720335689312975 0.46346904126174737 0.3986213092860188 0.40897600460395717 0.36840213963908 0.35187012454928557 0.33856120328251105 0.3481371154015592 0.34537927695113385 0.36807470745108634 0.36092541595980454 0.3941947290381196 0.41074306069018895 0.3992623827465838 0.4335634122709266 0.42456085272520944 0.4264864142082737 0.45104219740571677
0.44199121789983825 0.46239345405920157 0.44621006599711566 0.47636335587041223 0.49362199839864485 0.4795447663805772 0.44321208495855485 0.46729230090012086 0.44515988576736865 0.4449637918033561 0.4216834285259185 0.4621593434099771 0.4590419420757056 0.47037616737443927 0.5020344132096023 0.46012941701104143 0.4560920545051611 0.5045682687762937 0.5349575464505257 0.5174278257348012 0.5479396342307885 0.5449114071827375 0.5132652691542268 0.49613195095170964 0.46932500304310104 0.4569906082697915 0.44765162330894376 0.39028719091157604 0.39783950559497777 0.36360333769387393 0.3250963550323396 0.3235388032422237 0.3371148032053378 0.3330154057629569 0.33373046275743384 0.3527216766713426 0.40533191148837183 0.3730624069159037 0.3769433641528584 0.42928829569231125 0.43752189156554017 0.4131359726214203 0.41874486844098874
0.44156694467919244 0.43416165513672705 0.4632102650386529 0.4781364835002994 0.4662659221601863 0.4488105359411591 0.42989547040519305 0.4520255971396129 0.46640286109829127 0.44699550243351893 0.4601278582743864 0.43085436431020235 0.43340176045386275 0.465785442914007 0.4936048322729195 0.4737753489941662 0.46570149417513806 0.5161241157666662 0.5424097209572768 0.5208074633262144 0.513086096297323 0.5330373597280027 0.5038542482326136 0.4689036177788242 0.4532305465454512 0.4395191888943371 0.40952322176876754 0.3834953517261623 0.3518712531321038 0.3346792310794961 0.3336560076179373 0.3337216948629152 0.3338311597725419 0.332786293680254 0.32706356923458724 0.37161669890124516 0.3945981194488294 0.38093765123369455 0.40317137794561647 0.4343451152061707 0.44127935877523844 0.43571131155673415 0.4291809286900802
0.46590079886104024 0.45566591832486963 0.440529406707737 0.46558826008296333 0.44627982578673236 0.4442153891853324 0.4605970798553604 0.4741864754233781 0.43827274851445036 0.44129345999073 0.47189645599194957 0.44572143623929567 0.4513371911228404 0.4811809358224329 0.5152345969983264 0.4840471134440106 0.48007857956170386 0.49938295258774323 0.5136810178404237 0.5117552040293283 0.5250634600343441 0.5256717249117091 0.4931504699522104 0.4607844204550901 0.4104143615196 0.412964735578229 0.38303111728451505 0.3535998933870509 0.35149429355801054 0.35042076780529835 0.3322000571209365 0.30238157445761454 0.31425888830780263 0.3485685575442709 0.3409521629705995 0.36665358022916855 0.4020392846378634 0.3891658297172693 0.416965993440483 0.43832728036328594 0.4184628667134672 0.397724710851361 0.4147022022002531
0.47818444841747 0.461912019718748 0.4252825397028118 0.4254014793959128 0.4244058509161102 0.44480691932055466 0.4417792989981392 0.4534632059212624 0.4239306649121738 0.43511696964114305 0.4687366319916687 0.45185899235675936 0.4892593996533541 0.5117853957884422 0.5246186217130826 0.5335484440855427 0.5437191304111796 0.5255209261223396 0.5043226879082378 0.4985715203949476 0.5108766854843397 0.4760665191338501 0.44455168028581266 0.45053383212742437 0.4203144493043263 0.3936925148787958 0.3918276102746832 0.36813525773216593 0.3559217236781775 0.3672416460743229 0.3238322303263136 0.31214575793402405 0.3346609655951534 0.3494891747499085 0.37717722435063444 0.3716079493619567 0.40470685859021177 0.4139714042459486 0.45414061901823166 0.44837497283827193 0.4434261481256348 0.40002740601448034 0.3890176840582154
0.48888891891033415 0.4800706968865514 0.45283021533986934 0.4456876349151687 0.44215162958389614 0.4287723950391485 0.4573789271375917 0.4382357490005149 0.4027575361312124 0.43783714332590207 0.43165202511958906 0.4805194844512494 0.516242573582723 0.5134004997538171 0.5050484848163176 0.5358089052839365 0.5422890644586283 0.5315291126172044 0.5067317564221927 0.5080698910866908 0.4602456973943203 0.47136220241166615 0.44574172312731336 0.45526676003221656 0.448603842859202 0.3993656515450444 0.3816893933781555 0.3736397709581298 0.3614635523409771 0.3670117919088793 0.3380357491993851 0.3058733841544796 0.2975910883911199 0.3435067711619389 0.3804660497721662 0.3847420286457258 0.43060714330446764 0.4192790993839917 0.4505673219779098 0.43871224787851737 0.45013459198252137 0.42140304247340765 0.405139333959749
0.4859752893884774 0.46292711450132606 0.4578301565968065 0.4424316177372522 0.445891542795649 0.44463092718453795 0.45448088777986617 0.44869378230151885 0.4303164475244471 0.4152942280531437 0.44470333560648084 0.4419090242949384 0.47295114775124536 0.5271283781159017 0.4954407636939637 0.4928290088919296 0.5096183576709129 0.4992915390065389 0.5051976623623903 0.5057580621890114 0.47340341501003186 0.4491984930490882 0.43490301199821746 0.4371013487510598 0.44993413955490935 0.43886563028245984 0.3924722641918207 0.40845608969098124 0.3949566875497745 0.3395574569417891 0.3159272655117059 0.3131182024828825 0.34079411308498175 0.34385673475283285 0.36107825744420274 0.4003331053055155 0.39454216319154933 0.3951478654015441 0.4064445613251889 0.4313979787711974 0.44036109010885266 0.40341995171802153 0.4326729066110218
0.463385319396181 0.47987906483731035 0.48683308950717874 0.4856812510001712 0.4815734783446543 0.4895196128311587 0.47429140355595495 0.42533095486670025 0.4286761317341073 0.4299678963474026 0.416322171346415 0.43560746359685293 0.497914350835226 0.48766804104373557 0.510715212007778 0.4805200044228029 0.49547918232843247 0.4893598743335887 0.5014134502694602 0.5095256283648042 0.48341992779889525 0.49760346398804706 0.47493658548023804 0.444332763110656 0.4633049106103141 0.44407667948048307 0.413733626308176 0.43106884637576726 0.4098760228225065 0.37701296797548695 0.3217081294477278 0.32084868512245257 0.35981703769831447 0.3458584874185535 0.3385869661300173 0.3953062547752435 0.3774951978050232 0.3849591248222295 0.3619764090404469 0.38403797668291656 0.41678376695007274 0.40514661883990505 0.4045160161812457
0.4621506349817338 0.431855473041522 0.47213288051296937 0.4716627741643298 0.4710999602270188 0.4753383815401632 0.44745347840483823 0.4330332008783183 0.4519702572641924 0.45514820362001096 0.4695100179069319 0.4759267852745793 0.49275581711071986 0.4883956726259684 0.4947252900084493 0.5010337490118171 0.4765437554276452 0.48498475053114226 0.4892165652726144 0.4989637098097504 0.5057937045059494 0.49901691544045174 0.494663223874377 0.46477278422873664 0.4726356384338513 0.42761664808039956 0.4210290915947639 0.4306039443954093 0.3904885769809305 0.38644528067161654 0.3580299671796404 0.33887152061511433 0.3548062585422955 0.3325008073639489 0.3520099739378559 0.3799333264293085 0.3672734815476853 0.3534851211607188 0.39421808946647163 0.37744606724561575 0.38901990127730285 0.36099253070536697 0.3576888641017323
0.4419349066376158 0.4221397016331951 0.42240906756902274 0.4642222286314407 0.4485617405013343 0.45333697340726953 0.41815032773046795 0.4224086610983489 0.4504387161681934 0.47779394266981645 0.46638089504348873 0.4564318742833505 0.42899573809571623 0.44856915610400344 0.4747343111990556 0.4631869897234905 0.4849884787334617 0.481136542392138 0.48391082274299635 0.49572714026095704 0.48852788137043984 0.47985027322293533 0.4903638757535532 0.5026464650172161 0.49306497901911606 0.4589262845061946 0.4337905432779321 0.4311251577739292 0.39546847227552806 0.3908425146378215 0.33272420784027706 0.35850769972639934 0.342458673198336 0.3551221313769911 0.3433861990494053 0.37121864847804964 0.3655346391793214 0.3569104437952616 0.3913443297689483 0.36662893181548994 0.3501834297820023 0.3545146566426079 0.35516553331696543
