Raster_benchmarking/continuous/raster-251.asc
NCOLS 100
NROWS 100
XLLCORNER 1743169.0111317995
YLLCORNER 5469294.790292926
CELLSIZE 10
NODATA_VALUE -9999
[rows 19 to 37 of 100, columns 0 to 42 of 100]
0.9487865324248471 0.9260866981117356 0.9309665126859296 0.9252044376268123 0.8760543005275531 0.8553903804283587 0.8104238672894771 0.8115238900751542 0.858575281275774 0.8547980540561088 0.8879482529404724 0.9124270270107225 0.939591354169366 0.930992492745764 0.9063543120342017 0.9220172383465494 0.8919020188885383 0.9100418065887846 0.8834210061339095 0.8802202387786067 0.8430603839993357 0.8068658097759247 0.7987378719591419 0.7899607617839461 0.8013610601037718 0.7753486561148059 0.8052865383788059 0.8141890949713012 0.7766748122096361 0.7491671685646091 0.7271409725523506 0.7118504733562268 0.7295133276807395 0.7519133884150268 0.74471049007166 0.7212005962654479 0.7112214774370167 0.68006733582553 0.6964199405042696 0.6950271488509153 0.7034054160875358 0.720579129488895 0.7102148390284231
0.9504006429126837 0.9244646524201977 0.8875957631160118 0.8943708068779865 0.8789210911469508 0.8272155993721997 0.8051466642142122 0.8039184444959026 0.8229543092206574 0.823733130842836 0.9006487740724886 0.9462774942764005 0.9213893970414943 0.9352558014175546 0.9357871004359749 0.9595200603217532 0.9260046015149775 0.9005818970633418 0.8720086321173369 0.8670096897324575 0.833295405045171 0.8061196267719163 0.7867590819420861 0.8100962330395127 0.8212525468108249 0.7792943946957483 0.8042131096600116 0.8174775819411645 0.795650677883731 0.7389104418520754 0.7373308473190902 0.6652620173856086 0.7219877663149645 0.7077809834091838 0.7229877944397369 0.6935265663466094 0.6914144967582337 0.7055353763635142 0.6991204139153526 0.6782507388908653 0.710855902488735 0.7345301231170174 0.7074283118274663
0.9344793503714388 0.9021222810939812 0.8779685905171395 0.8411256820629717 0.8310983355439823 0.8236376334519149 0.8037527762879596 0.7905823742305065 0.7879768447061616 0.8232424095299722 0.864872789192703 0.9168104662304037 0.93820067362179 0.9205125150924763 0.9380667389821651 0.9402705277830384 0.9007137961303768 0.8760060674098986 0.8553331736453885 0.8278410056053382 0.8279365601681377 0.8168175167239692 0.8167646146546892 0.8089656309479402 0.8191618284559837 0.8116919181881974 0.7930251559680569 0.8022478814581436 0.7669163025538956 0.746121505568752 0.7482932587089919 0.7343443284488931 0.6954149270205401 0.6750513417626365 0.6763629499381475 0.6777532032640414 0.6927078347257123 0.6906267936670581 0.6908201011175451 0.6905337038546033 0.7150210486495735 0.7190177703666815 0.729958902825892
0.8778279278391103 0.8751789367991699 0.8637921272570841 0.84575551301679 0.8342028392617101 0.7785879449387455 0.76041208035918 0.7620981306430145 0.7978630970469238 0.8007067019225956 0.8553646503763824 0.8830352348234303 0.9007017631800501 0.9269593988364031 0.9055723299152798 0.892439099001554 0.8919267437008985 0.8690678881959369 0.8470617010636776 0.8175872712844118 0.8417753001963859 0.8301860380453601 0.835388901005888 0.8502430262509123 0.8018763552996303 0.7824514713501343 0.8031714530725271 0.8112758660085208 0.8068024227022244 0.7831210549380856 0.7412120076173029 0.7520984306891674 0.7091137719633838 0.6882671878072579 0.7114300986951032 0.6835639524730681 0.6871432125400503 0.6966574276849427 0.68748192884339 0.6710394429998443 0.7033668503439781 0.7331894935276251 0.7322153153914626
0.8368692989483664 0.8301095578030099 0.8148496285973781 0.7957714730815562 0.802131033156001 0.7725469978892183 0.7797108154294528 0.7598117499798948 0.7770430314245285 0.8098167818591255 0.8185353631818277 0.8355709083820517 0.8589059617396891 0.890382978610195 0.8980171975854501 0.8824699051508492 0.860560001823058 0.8571388250925804 0.8684245328156686 0.8608713502232309 0.8223568734849979 0.8645169726118296 0.8493074097346086 0.8196943046339281 0.8232501986312836 0.7992645615895532 0.8177529732635709 0.7959021048341087 0.8133078870295238 0.8055949308853166 0.747345698072319 0.7432093786792923 0.7266572587832534 0.7335906574183964 0.7419218329665352 0.7134455892006002 0.7102666455436214 0.7358309383900219 0.704048900387565 0.7122523314777734 0.7176098304413624 0.7360773071897274 0.7126035199057815
0.8119435377421841 0.7678777154010059 0.7694328969621451 0.7727335630063614 0.7554256694865726 0.7490026230965182 0.7685889294193091 0.7534452218640771 0.8010493338898783 0.8263712124452202 0.8500064438108494 0.8412952966102265 0.8632909550865152 0.8741722755874379 0.8621002105585712 0.8422136388951227 0.8469916093095691 0.8702030634848642 0.8532766245223316 0.8503685838015081 0.8528960909565307 0.8810090119695051 0.8752713558639806 0.8343245315111477 0.8060647455218559 0.8412235991832815 0.799796973432405 0.8165773271053044 0.7904549669163091 0.8010351612101032 0.7479069791900247 0.7330757734527608 0.7334206977195232 0.7539452134141055 0.7654397598059591 0.7586241453010762 0.7407554913592513 0.7724041481739286 0.7370145187573213 0.7266611101877375 0.7139972917829108 0.7505314736083002 0.7054230971605672
0.7679286766715947 0.7791538632204751 0.7890697874212176 0.7736594875183026 0.7545555877076312 0.7710819165191463 0.7629019697990229 0.7797974302379701 0.816632059218156 0.8127394201135639 0.8281915971000099 0.8308821050707912 0.8293002526493476 0.8741489608550435 0.8686458550993493 0.8411842176764736 0.8683887757819015 0.8806053032611155 0.8621602041324516 0.8718297067082345 0.8735797669417931 0.8848454418649631 0.8714619759490613 0.843534124263662 0.8150795909854136 0.8220798556357589 0.7832356786294987 0.7891247426287314 0.7902299754767026 0.7567977938547266 0.7475845807351227 0.7118406063839301 0.7083654573711718 0.7062551136424488 0.7263127985275556 0.7517325326790055 0.74203166015541 0.7500127437919577 0.7421698662130606 0.7079384447661098 0.7101706549717568 0.7429545529845591 0.712847563463215
0.7392922876172555 0.7508909737492698 0.7855126763370291 0.797426235773545 0.7933814148296697 0.7551101090012589 0.7907501912663963 0.794805992212617 0.8006102140721525 0.8096692358420281 0.8019283353045414 0.8076854937107562 0.834820469194072 0.8648262329648989 0.8558548003359228 0.8396060400405555 0.8796345396332752 0.872933084759385 0.9000839456260175 0.8793374148336698 0.8983949622666312 0.8907343490449512 0.8539024809442586 0.8369926983464872 0.7921736973457947 0.7874655319732456 0.7557449137011797 0.7479844522145196 0.7652859217710769 0.7397469573414045 0.7065172451330287 0.6961055493677076 0.6772733832558069 0.689511976864032 0.7313181743034336 0.7293543490719475 0.760675779740731 0.7585947566552065 0.7463960498397451 0.7030130363789204 0.7245840916984387 0.7325004663425423 0.7204687980206813
0.7399802971893574 0.7681564303928897 0.7730240060998353 0.7712300696743414 0.7804924204873913 0.7711446156240314 0.7907205073480176 0.7766284287747744 0.799408594563374 0.8015488037323438 0.7911547544818981 0.8110552326170776 0.8330767020718719 0.8453633692224147 0.8698087306421894 0.8767496185689503 0.8942931668889749 0.8768146127939527 0.9036902033290737 0.9040229254652332 0.8630990072476762 0.8686631473050187 0.8655286017048627 0.8573907412040385 0.7955115490166887 0.7821265900553671 0.7512105833006899 0.7706913812526432 0.748487351017261 0.7219727763457023 0.7176100346528477 0.7015449302004412 0.6862867407471246 0.7095417565369755 0.7082321388824011 0.7149322610224752 0.7457606323555883 0.7705732978502868 0.744711269064856 0.7274633489202948 0.7450123289825168 0.748308920017391 0.7035446840280358
0.774891379251467 0.7497296972375401 0.7920825568582625 0.799187118125074 0.8112770330478174 0.8208651274605064 0.7862241886485511 0.7990186830483578 0.7931274612668157 0.7918481106667391 0.8195580634416035 0.809579208396584 0.7992694253868723 0.8299212389416295 0.876034799467518 0.90824755074688 0.9058148310791355 0.9224877294848864 0.9010222132409398 0.8991525682282168 0.8890669400587183 0.8612287490478534 0.861110947893332 0.8735711918094041 0.8275078448238219 0.7671264617834197 0.7515439522695361 0.7464931606782559 0.716507196522828 0.7156627179218542 0.7095981320149338 0.7183120838584968 0.6982868700530196 0.7190486951055425 0.6938567837218174 0.6751661323593945 0.7424932626767468 0.7559539686237066 0.7650179751945877 0.744842691970541 0.7563229988843349 0.7415434596400227 0.7238151993904741
0.7764131186459101 0.8016836766610251 0.818245389107628 0.8010508573610617 0.8091752878721769 0.817501805085206 0.8122801330225157 0.8080253823856391 0.8110559061488777 0.7938408355853598 0.8221173105028612 0.8251322380957565 0.8146502718418482 0.8369073075388815 0.8522531435252096 0.8568787214650392 0.8721531937988996 0.9170812643972437 0.9103398996538677 0.8904323673154834 0.8922343383258006 0.885871516629518 0.8791971822122161 0.8600979869608668 0.8140146531978238 0.7723308122218737 0.748295275090068 0.7346016604494018 0.7412892142804365 0.7452503045225869 0.7215911004990301 0.6894320077594258 0.6727885490165025 0.6694321675988636 0.6924045775631595 0.6854647056864804 0.7145883437063153 0.7140334402364 0.7453464685336152 0.7603787311430907 0.7569090824194059 0.7389924610347202 0.7592737732702871
0.8204212483096237 0.8045339635128265 0.842037189338551 0.84703134957206 0.8321206134230448 0.8168941953193499 0.7981207798081281 0.8118659410118407 0.8051805637351348 0.8177887030815254 0.802039953574504 0.8074725740326373 0.844563235396552 0.8523434180371567 0.846320929677164 0.851946121376875 0.8696425810097023 0.8917091008471223 0.862543169878575 0.8553013389775344 0.8738170344999524 0.8815825841576989 0.8558829790134802 0.8391827107269232 0.8046475387065295 0.7903426401807135 0.7874168904806379 0.7687709055890991 0.7749344569325984 0.7424048734683427 0.7190066172085153 0.6761519144218621 0.6609166137313829 0.6545004729226467 0.65632584169932 0.6580133482643428 0.6907615236200695 0.7217707301519185 0.7212540736011532 0.7235427895151494 0.7314582556453227 0.7761986999515013 0.7786018884173388
0.8230577949125946 0.820969299017489 0.8463995524229138 0.845697711976831 0.8350598501002975 0.8426783781396642 0.8200966956947341 0.8116415830277838 0.8313713064702833 0.8226076732016123 0.8277784590204582 0.8471905831886221 0.8571637727201823 0.8721832171893259 0.8953241411719314 0.8584269552437926 0.8541717459928778 0.8719293600224789 0.8655734375640586 0.8448936552132668 0.8641817910421076 0.8465141632456848 0.844185898547316 0.8397310223499587 0.814613698884031 0.8108413954727351 0.7794422829188233 0.7861423161033648 0.7816062479278678 0.7586910833636342 0.6911914353821825 0.6868000789114208 0.652992169379366 0.6303498512425885 0.6432029696923803 0.670305376325535 0.6835193248585236 0.7083396384062971 0.7428740505005211 0.768309411347353 0.7549233117310016 0.7537929949826327 0.7765370210440226
0.7990321870954507 0.8008219945322459 0.8163237563859995 0.8444489873888018 0.8692829393562026 0.8782936116946107 0.8552420877911538 0.8598831359503869 0.8518547663869241 0.8190525666993406 0.8262217829836985 0.830853258206466 0.8846138701176235 0.9005075645685666 0.8767077083441916 0.905946252959538 0.8562739513583086 0.8556783595160762 0.8833030770921804 0.8634057518559914 0.8559411096402285 0.8644662336454485 0.8236282671572628 0.836984927820872 0.8480062187080388 0.8236627427366955 0.7875721115391378 0.7963265910976983 0.7737430101090589 0.7487065100638962 0.6853642207955961 0.6581755962704212 0.6490768022423321 0.6520413974830555 0.6890807709639438 0.6817588773971215 0.7172628387435782 0.7221288088188704 0.7523154393923558 0.797793977179929 0.7958332378098105 0.7690370975072937 0.7527479825874797
0.8225002172674056 0.8076398474687065 0.8245958554632324 0.8652612791530743 0.8562288558763181 0.8749303743401813 0.8463554123068759 0.8582619048905216 0.8345184573413329 0.8507690722387936 0.826612362066107 0.8423691707374946 0.8634152853434718 0.8918190195224291 0.8792853402445675 0.8542512065117873 0.8676880475650025 0.8517471335217475 0.874640181757273 0.8843829090179219 0.8429734360884265 0.836127028882926 0.8298843156280706 0.835479326641862 0.8358659775813521 0.8282252420003573 0.8007504976764439 0.7778135154595491 0.7304985800945354 0.7333385248678257 0.699737653436611 0.6754442837534813 0.6725856259141598 0.6785021760725408 0.7118376900162734 0.7442293783076092 0.752933850427221 0.7722028712834118 0.7824197099870004 0.7874995918248278 0.7978899839242805 0.8013212745449229 0.7710867006119333
0.8257654428580564 0.8166870377576219 0.8402125855049759 0.8535999508487044 0.8752489962167956 0.8651166052645622 0.8516481127952977 0.8290073421852632 0.8454178622633453 0.8526206672149397 0.8177507636728102 0.827270373383289 0.8735927771518059 0.8760856278716891 0.8823198781794062 0.8494842703630634 0.8766529115583603 0.8653594300109229 0.8488595014940102 0.8666190487670807 0.8351432820786916 0.8223103913335406 0.8113799104825044 0.8133562451726039 0.8250925945209661 0.8033722634808422 0.7916893254627513 0.7561772171413867 0.7121274377535751 0.6969041711338487 0.6632231824089525 0.6468215077244618 0.6951471504185069 0.685595158676031 0.7096920558189851 0.7633412298319113 0.7586076084154982 0.7839740402512563 0.8029169811946213 0.8271077994860144 0.787659435957908 0.799918014374242 0.7953208810511334
0.8229239645883664 0.8367433743965287 0.8145436768862198 0.8554351177522809 0.8497450862524861 0.8559153500885622 0.8507960792647095 0.8689189967692429 0.8613608887126823 0.8262965611058669 0.8223894223136483 0.8197167016670234 0.8514778530116179 0.8615541758703686 0.8347016992101269 0.8346610357026474 0.86075579777098 0.8476252743614606 0.8672265473126225 0.8792628780985169 0.8508066243811798 0.8437950786777166 0.844227353757293 0.8258235834936948 0.825528923517669 0.7889923076213592 0.7992670102698591 0.7676688648898601 0.7147682651382247 0.6851006565074341 0.6747110931112548 0.677104142450587 0.689209928431606 0.7046201179385887 0.7324815854847648 0.7487422694274394 0.7579125013297648 0.777064617812154 0.7748150121938521 0.800311834064972 0.7999463094607485 0.8144411632618064 0.8198939460333903
0.8145722178334572 0.813428872699127 0.8400911510034499 0.8504139870446196 0.8359125346208865 0.8542070098634978 0.8618538421964489 0.860778776905714 0.8610446626837034 0.8481332815128719 0.8017761336695604 0.8063166258898193 0.8175898108456154 0.8494983621701668 0.837877150056454 0.8339419878105279 0.8419124228532695 0.8092790976671456 0.8170757100328628 0.8581325202483852 0.8400136651865591 0.8386396491678288 0.8129612508392139 0.8363130030587527 0.8139945197414578 0.788495500494264 0.7746780607693559 0.7660737411943157 0.7116293167973807 0.6706560682834658 0.6600251392845851 0.6321523085992654 0.6837146320349975 0.750233924788621 0.7426712407284125 0.7758647679219246 0.7649494984052674 0.7582076116741518 0.7652583006441035 0.817147196762022 0.8314442178702945 0.8358177900231232 0.8297191617528836
0.7949711408355462 0.823139235302611 0.827475509923856 0.8425106034212847 0.8390161901746246 0.8343947201408598 0.8422434540145265 0.8235440584946094 0.8008063572576605 0.7731902466611967 0.7677398820402688 0.7672590886499596 0.8015612233624475 0.8216634035995347 0.8055133465401383 0.8165700945551375 0.8168206923144291 0.8082359947143607 0.8115575584306435 0.8233348197223022 0.8490125226205812 0.8264353752426499 0.8225863186077147 0.8083374903664092 0.777670791595811 0.7799463967816089 0.7725102409222581 0.7477361381783012 0.6959487638120012 0.7137026930663147 0.696220439001511 0.7052987086299887 0.7151236865387433 0.7623195558319557 0.7888048819112716 0.7860710400942443 0.7971142363921638 0.7923122733027042 0.7843018812809314 0.7967092425322675 0.8280046507301906 0.8215951917013058 0.8047441195974131
