Raster_benchmarking/continuous/raster-126.asc
NCOLS 100
NROWS 100
XLLCORNER 1743156.948152971
YLLCORNER 5469293.491719174
CELLSIZE 10
NODATA_VALUE -9999
[rows 0 to 18 of 100, columns 0 to 42 of 100]
0.25196054270286244 0.1910909062190286 0.15631450534066352 0.22977908612803052 0.23082284952954327 0.22452478410654297 0.20076237436440608 0.22575520552914366 0.28086673615527313 0.288053958844516 0.27006797509517805 0.24745702352962112 0.2988491610801567 0.27134268391931315 0.2446944083176067 0.27150735544719723 0.22693047900963947 0.24746848652619427 0.3208355750769178 0.32637977002274515 0.3672388318613912 0.38485528901996796 0.42479742785203906 0.4024656033819412 0.38682482201447566 0.42134634751535877 0.47374430503372755 0.39927955833676804 0.38767448419173023 0.3810319498151458 0.39732812310237764 0.35712959002762606 0.24237136533254727 0.2574672740326675 0.22144397166079488 0.23206473696892926 0.2963051762251371 0.37824845378745175 0.3982395154702123 0.37879035486870377 0.4062428210687101 0.38626371569101614 0.4169166619910922
0.27752901990158974 0.22917902985595331 0.22307407255957298 0.21108847160362154 0.20008734979507065 0.22770396957881872 0.2146960895581745 0.2561374090292075 0.27417656870921947 0.27033335557012866 0.2298060451175783 0.24573772273750438 0.2333523956130865 0.2563854307686355 0.24288432850904054 0.26811225301085173 0.24514882818267178 0.26798284968958064 0.33203474279537876 0.3358105783417404 0.3451814452792998 0.42082652074084415 0.4503959898823063 0.40428255921113276 0.36084067524760427 0.39538384352265143 0.35174719912278773 0.36574218911617545 0.3498793420649264 0.36019038044792606 0.35104085365716065 0.30148345963535855 0.18963711054663343 0.18373354798804617 0.17650058624202522 0.2503825541864467 0.22969964943015725 0.3222188414231926 0.30829483876578423 0.34321330933617 0.33132638285689864 0.3515980058587161 0.34424703620129854
0.34079449650730353 0.32855292242663264 0.28597852593357254 0.3135361256259134 0.2940267658321356 0.24108851477082005 0.18193516530056725 0.23643427238621878 0.23488070280584986 0.19317646326161508 0.17740245072825567 0.1781114124994794 0.2238230946021741 0.30190011615670775 0.2907002174117668 0.2543327720213081 0.30191014949389 0.30716498568337025 0.37161160414519484 0.36957791614754804 0.3583457689310062 0.3835629613383334 0.4437144070221059 0.36897755309144903 0.3553761133471984 0.32127403051953146 0.3312531693837873 0.3191511066308686 0.36058218572291156 0.3194324110951906 0.3379285958222926 0.22442663347819705 0.17127822017041958 0.20834930516649353 0.2159606373552372 0.2286894198895393 0.19067596758813005 0.26385595236675286 0.31568124714092793 0.3358570479932554 0.3401376816121365 0.342372709186763 0.28618835694533135
0.4083630639927791 0.353828984320892 0.35794924161570324 0.33810949143177566 0.3381937107246849 0.2642792678431149 0.20415795926813754 0.19978395240885743 0.20430360068596903 0.21593288948732087 0.18283481735764806 0.146104416530219 0.18932828888186595 0.2759554432505573 0.31358631522695324 0.2638644850557706 0.28366191257200307 0.3303005102759153 0.34249452159913724 0.34926376479866367 0.36729259252691954 0.34311366141460353 0.39882888602164296 0.3566986276581987 0.33162664475026177 0.298056489354101 0.3617056873681844 0.3434095648626177 0.26882339718389686 0.2574183788602144 0.21438373496018281 0.1583776715780491 0.11390005287415572 0.11572699985395227 0.12437661908591452 0.15499844978661623 0.14874111744477106 0.17503285693026846 0.25900137504393644 0.23731564628989993 0.25886126128944636 0.25484419466047475 0.2729632513388289
0.4036199389601663 0.3897048768200385 0.3999281540836436 0.35880375546182824 0.31237655497189293 0.21467152574359266 0.20244359206719215 0.1656227041612006 0.1373056605513768 0.18070093888661695 0.15339961615163286 0.15746982637353574 0.18938200937925787 0.2569552257005015 0.2821485033986229 0.24826751347879739 0.3203070391068262 0.3171304266998436 0.38768006343989747 0.3642238252888037 0.32171393372214707 0.3406846711209048 0.36816734428371267 0.35779241751502233 0.30645723041574535 0.333324621956194 0.31475510306243715 0.3115459951231223 0.2320951439299506 0.23314475440158447 0.2032775386935574 0.09781231811645182 0.06649647811724863 0.06935398804803786 0.03929107071475558 0.09427594237892677 0.0816400604371322 0.13416409293927004 0.1503861996521726 0.24345283584790597 0.24771404449867812 0.2680251370337892 0.26971304600620083
0.4181164018189593 0.43759509800986834 0.4018463065767376 0.3331764673986825 0.26481792239844854 0.24458948021010382 0.21032023125536836 0.22133198177847344 0.17049951971664973 0.14367940741267332 0.16431917997023254 0.214347963062532 0.208057105383306 0.22971622265759323 0.2633791497602116 0.2847262601498377 0.3565642467405351 0.32229568663962094 0.3858032283771282 0.38413218008446876 0.36476010376473267 0.32851255629567555 0.3068413735226498 0.2869774522221343 0.31538807511275485 0.2618990535477087 0.23518557235667448 0.2824737617625699 0.20775394777681075 0.16946461246744018 0.12033091775094432 0.11479381734022427 0.05778909723129629 0.0565676504239148 0.06773740280272599 0.04336359979197195 0.07727369893996958 0.06397999697694487 0.16421483992624397 0.17719066351197232 0.20771079276344978 0.19368213633801568 0.28455426827786084
0.49517776770109384 0.4459753210916102 0.4264138918683174 0.4002939481703024 0.33767906134964243 0.3264555463514724 0.29253233890653685 0.2673292810699366 0.2001674925778653 0.14988132040151333 0.13325082792254295 0.1730496944686008 0.230558402593493 0.19173727875898502 0.24526400288665204 0.32273754366074564 0.37508625277945523 0.34290038686227653 0.3505974470161993 0.3785528689845381 0.40554835479337376 0.37258975220522017 0.31069231535962305 0.27173556587214287 0.3221162171598236 0.29218155861440687 0.24526789501316296 0.275923822834188 0.19499968674070103 0.14425989487620575 0.12208511096654083 0.15227962797056036 0.12566184834654254 0.06620158906205445 0.03005373142687031 7.746193711696494e-06 0.012751186079368601 0.02919831904041917 0.10811753134418155 0.12572623493786328 0.13709301305027463 0.22697235158546783 0.23312905816553575
0.4657297212544925 0.4717081811991951 0.426990981955895 0.408120820732084 0.33413020214669964 0.32843156068010537 0.2497540799437769 0.2159022592574141 0.2303038833324507 0.1612745423933214 0.10048795184630657 0.10222163235187949 0.17656083886728627 0.2068025901397888 0.22162371152162286 0.27744657974268333 0.3030224908610149 0.3166858891776498 0.3244972211977469 0.34097754711074535 0.29605302829418745 0.2990637461614907 0.2766981399853072 0.3069278793920581 0.3109567302083172 0.30993597784356025 0.24537183689057052 0.232745913966462 0.17782224005041758 0.18458056986917767 0.12321908131418569 0.12965680282911 0.11653188578248845 0.02516666869156322 0.02967065831282779 0.0 0.02021953680457402 0.035157732237544266 0.05970763432542121 0.14703994990797542 0.16734073022773563 0.20396818977818057 0.2493234149891323
0.49332193490376186 0.4464420884056554 0.45470398334929113 0.3847396836642647 0.4035048905586026 0.2984773231419611 0.27052786449931865 0.23892370629121532 0.2090315838868578 0.11339421545201687 0.08372486159677918 0.0855998385391447 0.11108772446631525 0.16909684661799293 0.18542199970280385 0.25778669559390344 0.3148135252381743 0.35403076086240426 0.3903290410895133 0.32026367113374804 0.3062228017223737 0.30631751916488 0.31558636028447007 0.3245697909215362 0.2971382045340785 0.29971113755154594 0.24581593604135368 0.22891307158853594 0.2602901412509964 0.17706971213058056 0.11745887458145571 0.1391807762346564 0.049498913704098944 0.05229661618277897 0.061218521544256665 0.03037816874600185 0.06283935814050477 0.09369256171742156 0.08296431881481853 0.13644294903443716 0.18345999712453692 0.18426695133087606 0.14595161274922377
0.4325955037280864 0.46382167006176095 0.389334557281908 0.40714168878478163 0.36103804716617177 0.32688030350154934 0.3161075418835688 0.23757102947744937 0.1875437352426251 0.11963194794697846 0.09602191158851495 0.13858387627058685 0.09021586923061922 0.1488930732036556 0.16906063372549338 0.2638623444015863 0.2701450565442991 0.3198767132110027 0.34281875303828596 0.3567543850538899 0.30838208621755064 0.26096952177730287 0.3022436265451034 0.3073305346377962 0.2640425780059192 0.29696352128829784 0.31980412357473187 0.2992823163524812 0.21895950977397632 0.1843293057963732 0.17169145461579677 0.12236556979570712 0.08426610431088473 0.15631466915913506 0.1454056857011823 0.10409659969702138 0.08002046713446366 0.153409993809861 0.142973740807476 0.19539348440868615 0.2109710463042362 0.18610926497781036 0.22679704911293108
0.40325877640707375 0.44155414399428605 0.3982759539418568 0.40778040204515553 0.34048075387055027 0.2664170481075505 0.26538005048790864 0.20306416506722227 0.1318881903731469 0.1108125924620899 0.1059134958341362 0.1230996943884762 0.12840453580869057 0.15800002386268794 0.204484307958939 0.23378079542151517 0.24815247524223788 0.2876385179153238 0.3049425760607901 0.25921359333346405 0.30389285861341303 0.29537526379517837 0.2639559299083414 0.2793610158717809 0.29921951570773236 0.3054203438942608 0.37176346863246995 0.3660919411825595 0.27691094052952636 0.21791912338043354 0.2001652068856717 0.20516872338035488 0.15971150392130248 0.20428769741691225 0.21963602370728186 0.19602153849720966 0.1460207775120655 0.15735500463217436 0.17571004169257398 0.24971789973927683 0.25545035208847133 0.2034056451139906 0.27938423044485666
0.44509224870413755 0.42095887580561164 0.3686778342930726 0.36590953517450114 0.2826580489749183 0.24553625954366956 0.20056800312606823 0.1548485090654762 0.11116559357520303 0.10178051793746722 0.12499019300358608 0.10916583169191052 0.1607181624050138 0.16661088393450066 0.15621626820982037 0.1582984275862403 0.21069550755684677 0.17122431044778164 0.2007051824622759 0.22533354839836228 0.2385924022314943 0.24007486172984865 0.2277013913352748 0.3001023806605475 0.3203391731990845 0.3662019554556138 0.36576663312617663 0.351862238045636 0.2939893304887762 0.3349972047678131 0.31548152472983143 0.2200150607035268 0.18158965091555526 0.2523726437875475 0.30467175189481865 0.28216924876856425 0.24921629322215327 0.24621484289488882 0.2949073664014692 0.2747940435574069 0.26948786816524095 0.2618251258466485 0.32273267093419106
0.40772946971911983 0.3850558583550965 0.3553552683123865 0.330771709952853 0.2223976167041034 0.23718971734878203 0.22939817151949324 0.20928247642016165 0.10376272693424317 0.10246984523523239 0.11425424964420697 0.13648163284061907 0.1308981057794214 0.1389557974942108 0.1783615583240792 0.1246734074089689 0.132371134073249 0.19895601619678588 0.1449778010555665 0.2035662343054375 0.15966216903126973 0.20427074387208774 0.2168625546530393 0.22200006189355198 0.25874938699752204 0.34352585876411745 0.4120729561170302 0.37972115949665636 0.35460176267629523 0.3592492368712765 0.3780304369261277 0.30142225381125687 0.24114974311160622 0.3019472251433311 0.316574613172974 0.33407138177615975 0.30038792337438075 0.34311914241307473 0.32855312222236094 0.304742989689486 0.2818287441227406 0.2825211430964123 0.35936873851825313
0.34215167401923074 0.2948607936945836 0.2670926633457493 0.25529938862009205 0.24384484579618554 0.2433381926252588 0.20313574662427805 0.21737031240941868 0.12582111479181227 0.15685913860862022 0.15327486270159543 0.14295537168686887 0.13502257592003147 0.12589039996131152 0.15532288718802817 0.13711359582974353 0.13835192602670673 0.1975038097281233 0.16680518229901373 0.21149041289249476 0.20598662835960702 0.24820382838132762 0.2698209433122276 0.2683606547314625 0.2790624684309194 0.3582392889195321 0.4319230583352405 0.4332071785312908 0.4485493216304533 0.4242689986577803 0.3671193399836499 0.3392739729300246 0.3473976351325885 0.3223237048132685 0.2901263581243423 0.30592325157649297 0.335194961361615 0.3299061741480407 0.38581303622466634 0.3455215117359716 0.36059775071497957 0.33317945659742015 0.3691767994582597
0.31392418844046666 0.2881642882298972 0.2656017984835975 0.22874024512882035 0.24716479016187862 0.25990540809822493 0.19111271980081956 0.1858850676777239 0.1920426911535398 0.1312380596959547 0.08323275307906695 0.05887441078121745 0.10131051097941358 0.13119803249526987 0.12779522430255186 0.15122869973980652 0.21311244138001592 0.23112626785318388 0.17121423189242171 0.23091569519054034 0.22199604129429112 0.3008694242928056 0.3563988741086064 0.332263310903468 0.3783257417083608 0.43924892160517437 0.4581984099176746 0.4857221398796431 0.5047332513766954 0.4630202750083938 0.43867843044614785 0.45271410444880944 0.38361231634839965 0.40327537631472316 0.33770198882877206 0.3563244627898213 0.4254423871118204 0.3773515673003087 0.4122355207809082 0.36730245532422834 0.3768274050161655 0.3699673331365297 0.36418013557590084
0.257771681709065 0.31978984354347073 0.3148253697622759 0.2499398312341932 0.26479353410077183 0.22955711668676215 0.19016285286882692 0.1634276865413176 0.14912208265351304 0.10864545705865801 0.05159573971627993 0.0613930658596158 0.07656266013370154 0.15442153342294476 0.20356661448031216 0.21921621308459852 0.25726350244660107 0.18534532908176474 0.2294344692871877 0.22464635696528276 0.23992131634705605 0.3656777605150919 0.4136167192383558 0.38314124902714597 0.4210825866411055 0.43206330838646756 0.4567982615477648 0.519486377238035 0.46712692245034293 0.5009775868598152 0.48832681558924607 0.4847615097564957 0.42940457856022407 0.4008662438403607 0.3561870820037048 0.3757775014207937 0.39652941811026343 0.45561632742713276 0.4604288183203296 0.40652183433969646 0.3598081342633194 0.34142587977476563 0.33541516350030937
0.2875480773288546 0.2945154156617725 0.2821750852678715 0.22892897762132558 0.18522247646106005 0.23879543828233865 0.19814764308815458 0.16143766079448882 0.2136137032361274 0.13011152340644094 0.10105588427212064 0.1321419515673718 0.11974208773128019 0.20233288277256598 0.2761166191785172 0.2979383497942905 0.29386975063254317 0.20640147865292238 0.1884668078329701 0.263719185109795 0.2924531790939883 0.3605384009908618 0.43112731532407433 0.4455796876779375 0.43083461190476274 0.45825128567702433 0.46469452558560287 0.4799982531111678 0.48810841601514193 0.46902777661270006 0.516144826929458 0.46622439402947286 0.4560308001510325 0.45276824038809566 0.38294395071611703 0.4117886198061891 0.3825930140436573 0.44302865480967235 0.4746997225307405 0.3828631645865622 0.3512072726887434 0.36565482208714145 0.3642697005004925
0.28991906347888496 0.25385643731419016 0.23389627797666135 0.26785980092131223 0.18823625796990653 0.18565407165692174 0.14967894283490796 0.15503543193615815 0.13681668882054424 0.13608997591091176 0.16534430760979682 0.17967460774381497 0.15198188606087057 0.2285130267955306 0.2907867156933255 0.2854920750263452 0.2672510868181698 0.26939515280737686 0.27779905289548734 0.32991359329810743 0.3612511028455834 0.4519256356953557 0.47642723629868894 0.46754553267130905 0.5176313452013102 0.47213271931373985 0.5123407494765411 0.4641710484643411 0.4728120986117965 0.4790821700366198 0.5278838785624648 0.5456934124800664 0.4930971325998621 0.44566275991211024 0.4215855238347244 0.39046477764216736 0.4268236292934998 0.44113485495376764 0.421836104859885 0.4485730441465382 0.39709863658711547 0.355515852009267 0.35289765214567953
0.34360959661782187 0.2427064174535122 0.2176778025141237 0.27246476059446406 0.22265520746442824 0.2187860510081736 0.1474443720254423 0.1570096444557557 0.1393014277991945 0.13707379964953462 0.21544090079262626 0.19544613721727824 0.2125766695285348 0.2469127626887057 0.25363115727064733 0.29963498334881195 0.3136056056251314 0.32305662134149477 0.3031373561709315 0.36062231391798216 0.45244908679416557 0.5145931713234796 0.5370617145274724 0.560402154903 0.5470224144571509 0.5322471353791448 0.5186963157663567 0.4938757757083786 0.4929501054189274 0.5322760354119067 0.5437764387285464 0.542419828183155 0.5447253691658662 0.4620192580978479 0.4403882434550625 0.4219298705349653 0.4629406674891595 0.4960289764452853 0.45207070040121916 0.393198123818046 0.39006451384009033 0.369234976057614 0.41177128417440323
