Raster_benchmarking/continuous/raster-5.asc
NCOLS 100
NROWS 100
XLLCORNER 1743162.3272350726
YLLCORNER 5469280.608035792
CELLSIZE 10
NODATA_VALUE -9999
[rows 38 to 56 of 100, columns 43 to 85 of 100]
0.4141165576964381 0.4203040091578065 0.4238247085790547 0.41461076041350303 0.4069077092402824 0.4005767124160598 0.38084998234678125 0.39046165419437756 0.3995760591492731 0.42458483614454584 0.433294041932322 0.4340299602854372 0.4272543996703867 0.4171303800043421 0.4381468494474183 0.44801698415943253 0.4748054187628484 0.47527940679626873 0.5073672374686127 0.5288284017356399 0.5392180014500748 0.5885877184570857 0.5860167378578857 0.5719387878429274 0.583168856922156 0.6134641696048522 0.6235838248924049 0.6367736097767731 0.620572017911893 0.6382165103711053 0.6390527059667012 0.6311928776794694 0.6216055710920507 0.6267404586637939 0.5999158982736054 0.5966003324127992 0.6379733436596974 0.6110170841894881 0.620775247777485 0.6498537748808202 0.6194698543353131 0.6298967478555748 0.6107452527667055
0.4104564507722084 0.4128899046221859 0.39817120392532496 0.41582064625407705 0.40310320103732916 0.38424093169926904 0.38460892187324075 0.3720308579968088 0.39063706357782396 0.42313132572702017 0.4130144395570202 0.37932435976675266 0.37681902024480113 0.40163589670865285 0.4080173287640006 0.4471348481194265 0.4620366848743861 0.4565386994045975 0.5114321024794428 0.5177198054212861 0.5365453318843608 0.5863119365960533 0.576871699938487 0.5794370523841951 0.6008025023980706 0.6165382414386824 0.6544651657586386 0.6577927711458004 0.6303714719826322 0.6472572750812574 0.6464965437520633 0.671592206852886 0.6320448924340402 0.6129501697767807 0.6226752458209811 0.6143564346018333 0.6365923535348507 0.6374714240770406 0.6374260867470898 0.6196848011513233 0.628310264160836 0.6304943341397705 0.6394919198385857
0.37365210754297973 0.3758261580697614 0.39776862052980383 0.38619905215905276 0.38518378104356876 0.37120736249340136 0.3424047574951267 0.3476526591945065 0.3654619399747187 0.401000019871161 0.39275161976760564 0.3919271825159243 0.37955832524973365 0.40725056471751425 0.42410858035231314 0.4339565372452525 0.4555679028538393 0.44276108243142487 0.4854086219307143 0.519670692046457 0.5571219044236716 0.5694534954295346 0.5559391018087443 0.5654810577981112 0.5896912899127211 0.6250456515195074 0.6403823579867779 0.6338778560112707 0.6581297045246429 0.6399835325046715 0.6647919442764691 0.6569762861321985 0.6462926156035922 0.6386931725718896 0.6440592405674496 0.6155836445036086 0.6172430222851538 0.6217021283945001 0.6479618267224054 0.6244594287831694 0.6320028103836559 0.6587826868600892 0.6499816599829638
0.3521767377767767 0.364093454482081 0.34319998182294803 0.3291078678129305 0.332428149577914 0.33489715400358394 0.3655232601563255 0.34704683387739466 0.38320274628846646 0.4013490132868246 0.387480672012987 0.37587508457749014 0.38928986310155106 0.37302765649125325 0.41398265081417646 0.4024687549545665 0.45093885117730165 0.43744733838005495 0.47566217261932375 0.5336506522385835 0.5319496834946525 0.5351602740773502 0.5366487394520085 0.582840989066788 0.6132977288069711 0.6344683199973695 0.6306599495790977 0.6227596208801994 0.6405815969476116 0.6650157130093571 0.6476321284331255 0.6654909843594005 0.6556132249877065 0.6554101795288881 0.6404071798055606 0.6314134057118328 0.6252211897337072 0.6227979559342661 0.6374187643972427 0.6660796178164923 0.6735387950722727 0.6712881613691529 0.6330058911427877
0.38345221800181195 0.3588739020647861 0.35877549807133413 0.3480285176456593 0.3412650979829139 0.35163245045749975 0.3640902225512935 0.3674537422865318 0.4073755345174372 0.38172267178148156 0.3906222143613358 0.35765294694533234 0.3693735813695293 0.3556836488913659 0.3961416311377643 0.3987987783023153 0.43154810896042534 0.4533517525965612 0.4590099017304865 0.46886361191404335 0.5079604646641328 0.5395667586447812 0.5540658727517211 0.5642820702221352 0.6046467682346819 0.60736344894369 0.6121009019213917 0.6159846180285596 0.6161666993607057 0.6646589794664096 0.6514749378285379 0.635261903362682 0.643485066636356 0.656222648544181 0.660621207033383 0.6413351080729396 0.6361271112094314 0.6301926909174504 0.6599637895048429 0.682385333219525 0.6886440365175935 0.6786262904426287 0.6540498308373631
0.38527537594812805 0.3992556516416751 0.37743905751982576 0.3783439946484644 0.3754106858475121 0.3744274381719376 0.3988196672941948 0.41033291650562614 0.41168895248828946 0.40213354776359256 0.38208308717476175 0.37341864989345824 0.35980427799033027 0.36238973006796005 0.39631191981855707 0.36970153568527997 0.41100936812711897 0.44464636654811196 0.455215070047048 0.44916858598608456 0.4621481427147131 0.49608327975645816 0.5117970651281372 0.5352620317962197 0.5911160415394817 0.599312133471173 0.6099918500574967 0.6085985540537895 0.621277509722819 0.6455303945456906 0.6390062522612892 0.6345011213791356 0.6519822380263939 0.6746830442558879 0.6706449030196548 0.6746846875357381 0.6618975214519145 0.6785304532259397 0.6709439272509964 0.6817627935069617 0.6984214975456725 0.6760570000327115 0.6425953019350292
0.38806798368772605 0.3722307260568002 0.36309042175173356 0.37185527700954407 0.3518303132307069 0.34721199633547634 0.39916978887674653 0.4031832924713623 0.3956867028607958 0.3893074132384634 0.3886485834800096 0.37769882911002023 0.39171083263101636 0.36739701488749665 0.3824964358530388 0.3823356131709191 0.4054330181220256 0.40743509037093584 0.4531922685432866 0.4642569778377112 0.4450480003677194 0.47653792087632624 0.5135015766209459 0.5282235805397036 0.5529781676538021 0.6100448407055721 0.619391103000601 0.6161249389223205 0.623828466069133 0.6334881273520391 0.6484075211554132 0.6245770046469513 0.6637555913592393 0.6617710772094595 0.6808118261036885 0.6901191860407115 0.6931742260347279 0.6999173933105264 0.7106010483767223 0.7020302118517268 0.6764136402558396 0.6547469129055068 0.6421325464995907
0.3992362074535316 0.38595904488898247 0.38728703724507985 0.3554726823755936 0.33483772891101643 0.33937586625359295 0.37615631339408945 0.4103896112970852 0.39142644984793235 0.37026137132041864 0.3779762225052312 0.3902465070484422 0.3956043901301375 0.39568016604065886 0.37920090541739077 0.37267643100024433 0.40210027770439866 0.40047716865991884 0.4161881635280829 0.4363157878665966 0.4266031835746298 0.44573365066607323 0.4987312513299775 0.5138779348553494 0.5532043045833815 0.6042805779420181 0.6075655795244022 0.6259181738025321 0.62745494432064 0.619828705453445 0.6413449609220594 0.6120717515506546 0.6348160154097751 0.6631142061638078 0.6793042902196611 0.7322561099124785 0.7051276318813876 0.7134587360787502 0.7200810527054878 0.7041297722599869 0.6719216300033871 0.674824182724155 0.6391022296657112
0.41637148367169396 0.41596886533520705 0.40723626412026603 0.3714340933975126 0.35822724444980486 0.36427638783858 0.35097008708095573 0.39851736746351807 0.3897171033253708 0.3927740498604166 0.384969836461709 0.39605499840675357 0.40194423830855963 0.3979663885181388 0.3858391973669536 0.38155897920244974 0.3922544708066015 0.3816760266476544 0.39635239007185064 0.43164013753392944 0.43286853954808757 0.4410179660526309 0.46218192746828884 0.5151319199826067 0.5362063434831754 0.593719750012108 0.5808422316493985 0.6157423837019844 0.6267858728269518 0.6192130260963276 0.6374140156246394 0.6332813321780107 0.6322227952924435 0.6350689863467772 0.6812627417681771 0.681302147962792 0.7136371447983051 0.717937086923227 0.7111977887213071 0.6844278992933864 0.7048368196461787 0.7030219257648849 0.6731686144859208
0.4096680087917322 0.417035697360397 0.38603866536873355 0.3958829268584922 0.395231617685347 0.35294421428524486 0.3528484856177653 0.379685280042919 0.38334403205683015 0.3849629129656948 0.3782030842729914 0.3875535589222031 0.37370711471306084 0.3737508486674947 0.3715286912128641 0.35954728511332773 0.38887208509390203 0.372082900233765 0.4027802640936462 0.43082614904103533 0.4474258189742987 0.46937003983783737 0.4730037019366065 0.48772054962567796 0.5545722980550906 0.5899628461804302 0.6055105591124798 0.5825773111741775 0.5947478622182039 0.6032304405326328 0.6047461029886333 0.6327533205653513 0.6339091638046884 0.6376406702642037 0.6710312683733562 0.6765544950143042 0.6985706118119915 0.685791253080605 0.6972896906515509 0.671459895250892 0.7111350330872436 0.6993959065506645 0.6799081094870998
0.39945086678786024 0.37447776276952444 0.3950201968698992 0.3776831484178947 0.39500258801044164 0.3885342960812078 0.37267572419423095 0.3700416632474657 0.3666201947295598 0.3698883802076629 0.3872325054355868 0.4058020647654181 0.392375662150044 0.3930840323785878 0.4086632001466382 0.3668170177215205 0.37259461542590777 0.39415775715152485 0.3962210419003038 0.4103364410605581 0.44852997465962086 0.4579017266715871 0.48639377070177325 0.5212640260539451 0.5420707273108627 0.5961920299725997 0.610430111699433 0.5899074535658909 0.6128292937090442 0.6004095467464422 0.6102199012744559 0.6259817556501687 0.6172786072183947 0.6209089871735357 0.6407858547390586 0.6622785543278262 0.6887461148296361 0.6643963200738306 0.6697667147890097 0.6672592078609966 0.6948152740680652 0.7032281536108295 0.6773898420965074
0.3753396916198441 0.36787707624865407 0.38352610492250716 0.3997652806070513 0.40116373253032805 0.39473888875357993 0.3838724866696165 0.38002680950606166 0.37722985265132886 0.3756125925142473 0.39217682245042695 0.40987777583487317 0.4065984892615667 0.4199376427804318 0.3906401067371431 0.40426410168936494 0.41814473870204777 0.4320625248218794 0.4220921968977123 0.3937338735975805 0.41395259749377605 0.4610983551754607 0.4794138158730804 0.5155957935185665 0.5331698662493373 0.5964962843397615 0.6248767326726337 0.6205309445277765 0.5985184413957761 0.5858275186248397 0.6014595041686261 0.6353053221217607 0.6286256664185033 0.6376358806315078 0.6419504676181979 0.6452628409840476 0.6824141526165902 0.6766251192254807 0.6776328623188519 0.7085335730504834 0.7017386073268717 0.6899981009791767 0.6723396772728286
0.3736516003179786 0.3702813301782036 0.3645862998010215 0.38174846575577703 0.39551765868408056 0.4107782048336073 0.39436904057440525 0.40850435693123877 0.37641575593221205 0.3491498610127062 0.3613367639575004 0.3800555201469849 0.40122636423816255 0.427400937735758 0.4103201373604129 0.4118646347367479 0.43116877061733844 0.44567784580951414 0.43585726225305726 0.4262151141801444 0.42359193583699584 0.4251076205973841 0.4613853640593128 0.4927870816657025 0.5354355693581091 0.5684597049502967 0.5975668595299652 0.5937840412545045 0.6033792182920258 0.602550709166566 0.6244255844568022 0.6260235540551825 0.6401322208351072 0.6482194297711905 0.6569387437210392 0.680386275825932 0.6678260867495568 0.6858308161361564 0.7093155019022805 0.6722433769946932 0.6680178030162218 0.6695133504784907 0.6729274170048455
0.38639199015383885 0.36344418026065883 0.383813364098481 0.40538066437139525 0.4002307763927096 0.41162977893303077 0.39718591184922897 0.40155164479275657 0.3816085778076726 0.34334764586045846 0.3389676483305615 0.36796289854368713 0.3818647635765452 0.4108950829075858 0.4116540780628354 0.4368449266463716 0.4303411209888351 0.4304120550269792 0.41858693268098696 0.40595322864546307 0.42491153610965443 0.4206862590073856 0.46522242204116376 0.47541741938045967 0.5002276871323874 0.5385392076798131 0.5433493041266033 0.5540216047167615 0.5882413587006173 0.6185877773022208 0.6384376614611148 0.6531574467081159 0.6539285536061693 0.6628739761624048 0.7006142722304849 0.7064514585453426 0.6841037083351669 0.7112549538664579 0.6968464305891534 0.6789499544158014 0.6602378252905282 0.6329562619037573 0.6502921617447852
0.38799170748752254 0.3531034271113837 0.36669685592634876 0.396730283845925 0.41416917246858787 0.40601253108236585 0.42657951830795643 0.395271998924921 0.36586853188385116 0.3827218018200608 0.36196834597773814 0.37359131079201435 0.3667281088596036 0.38578159982526766 0.4080189985455344 0.4062521413218013 0.44396624406241725 0.4407698273031333 0.40846900121619734 0.41926748378837797 0.42637325148326766 0.42880079034869195 0.43174047383168873 0.4821032163934749 0.49010371905262934 0.5194058710370527 0.5286678799353461 0.5717008722645556 0.5970533416129393 0.617100589431733 0.6127537312052509 0.6333007093925767 0.6456568967177441 0.6660326927795734 0.7061796803905397 0.7088697917630368 0.6907893447252159 0.6736024773424745 0.6905041623993242 0.665658135490631 0.6543024478072385 0.6489373612209866 0.6179340723813538
0.3680308132771306 0.359449668607291 0.3468009689423628 0.38327531871562737 0.38719789109917596 0.41866829804028716 0.410904442621115 0.3989681438780814 0.3774264400958752 0.392318773809013 0.36578649254091716 0.318287390456981 0.3258686006279261 0.36769486624783 0.38198833561945905 0.4048728858575853 0.4426277937344745 0.4265149565464299 0.42471535432446994 0.422746718238825 0.4362227534376462 0.4041332666175401 0.44597779665377535 0.4747945472952041 0.46960056050306137 0.49546816874264926 0.5261327017149485 0.5504112978653398 0.5992874129196267 0.6150543787990361 0.5974197011754776 0.6165480651701903 0.6588553299965875 0.6919486501921378 0.7074812613575009 0.6950104723006983 0.6898882019316811 0.6617255779258633 0.684294985953565 0.6579255613116228 0.6723193770444198 0.6340370215906495 0.6409775718136415
0.3501759420133826 0.3524395321956307 0.34616445956554676 0.3766049975953584 0.38857709854308126 0.4182846779994874 0.4065611456462669 0.38814699529439817 0.3832645042011934 0.3826919845334535 0.357095990683348 0.32736142675012014 0.32873583617255064 0.3586078320221499 0.3900779170776815 0.41212388866773725 0.4147184353054496 0.4306996154195366 0.42725725489240307 0.4057796576471979 0.43226291371792874 0.43597244076685915 0.43582822436631197 0.4518619146092984 0.49091546587936463 0.5076338372748201 0.5164426517153846 0.5484561482446885 0.5695155107429459 0.5923388844962723 0.6175894299234468 0.6424658118215414 0.6405173907525957 0.6826029454782638 0.6689092851550718 0.6990476290801405 0.6939456453307274 0.6743977543881565 0.6534182165326136 0.6725039146406433 0.6644114321198803 0.6860513900030191 0.6766318216556995
0.31959262979235764 0.34112172124794954 0.3434823647135184 0.3824833178176362 0.3924247004171234 0.39692890807067666 0.38250249417478827 0.4064285337592988 0.40782603683633734 0.3851089423776974 0.36222032237157054 0.3202957140668555 0.3240003105133695 0.34439819556399953 0.3533197904489159 0.3940050411078932 0.4044701493875114 0.37848387671844047 0.4243010894847436 0.4199909818230275 0.44123019957257126 0.42931720192519657 0.4540006305611458 0.4620000124799197 0.46699936895344674 0.48142862422413546 0.4926227798185589 0.5324396967904363 0.5442621065520784 0.5674749394742358 0.594911487688532 0.6379495929725086 0.6710540976607189 0.6781251564010629 0.6675025881868237 0.6706846880461315 0.7048313368499237 0.6864820463701403 0.6914268979741471 0.6739305528500983 0.699858410032375 0.7003133427361243 0.7035627682849557
0.3093591200499155 0.31055893516871586 0.3304458356218597 0.34967798846261355 0.3728431820843696 0.35881562705146486 0.3936795577463801 0.41183132489685953 0.4036975843445771 0.39409624991542813 0.3639745769904918 0.3458720356975465 0.3619728348215558 0.35662763159716865 0.34072833394026997 0.3470337408219068 0.3556045442904844 0.3695320891073064 0.4011668585665541 0.4104168329852173 0.42232493988404884 0.43554499637434496 0.4639751230617317 0.4524787601174312 0.4620500619936694 0.5036136931773039 0.5010653181176229 0.5211599077762209 0.5699693195331809 0.5913736838199559 0.6220839213652123 0.6459132062158632 0.6501358271390226 0.6781837103031364 0.6931157026258 0.6997396827999787 0.7006183507999025 0.7174351832675092 0.6948416507210778 0.7126884877522517 0.6999153409204008 0.6948366293335536 0.7175852844307902
