Raster_benchmarking/continuous/raster-437.asc
NCOLS 100
NROWS 100
XLLCORNER 1743166.7713381934
YLLCORNER 5469289.088406745
CELLSIZE 10
NODATA_VALUE -9999
[rows 19 to 37 of 100, columns 0 to 42 of 100]
0.5984728305579557 0.6099642513393654 0.5505462857041664 0.5539488965253019 0.5327469991183998 0.5635687453628263 0.584431666285687 0.5989594889256457 0.5963846206587763 0.6261457470860682 0.6253653295077727 0.6118210488646493 0.6195579877904561 0.6223069794942017 0.6418092001491275 0.6255484151035996 0.6275302054564478 0.6314946326362096 0.6109576542352299 0.6881179524627536 0.7049898242298773 0.747830934037805 0.7609802629952003 0.754936561751081 0.7797562238420381 0.7644929689739549 0.7511352643909347 0.739990967140168 0.6618325971158322 0.6075890136649551 0.5668486366135173 0.5947271444713087 0.6311731588738493 0.5800492434028469 0.6258301112606413 0.5909715906551423 0.572855758197446 0.5676693971321489 0.5294425114999862 0.5035139380404371 0.4420291311993933 0.4639717722641428 0.4761977577219099
0.6670869069135406 0.5894401058823129 0.572455071234033 0.5558500762759161 0.5823692764785678 0.6015003905345385 0.6678095513055451 0.6508235458373703 0.612325913887837 0.6057958605001971 0.6438938213973886 0.6434283036189119 0.6401466849679626 0.6549844017563498 0.6459735835010393 0.6463866993397726 0.6249062397529606 0.6357694587228028 0.5985668013115165 0.6343286656328652 0.6739062502727277 0.7124478649984745 0.6691795306379326 0.6952414523764804 0.6936868575264081 0.7373592685722098 0.7292481017961815 0.6651669939326832 0.6277959672978513 0.6193595337740757 0.5410255251062043 0.5355130341465858 0.5536820165391382 0.5327257929726397 0.55224495849305 0.5265890057743248 0.5243211463598509 0.5203526832472204 0.5530580357469063 0.4942014776775528 0.4598925621409734 0.4188629219192528 0.41381473925863044
0.6550110326980816 0.6253253366575423 0.5953984784911296 0.5921445153473508 0.6134529899199916 0.6223142175163335 0.6270965182031807 0.6141929673857552 0.6279379937085281 0.6538733130805042 0.6358793327979846 0.6567649491525693 0.6350959813649345 0.6189132856125226 0.6374985750964332 0.6486386619592626 0.6441192988095215 0.6520879875522543 0.6086426962293359 0.6430567014219283 0.6327520819114674 0.6348359199152803 0.682295149224918 0.6524528318026612 0.7075885838419913 0.6790449128071847 0.6744273662237186 0.6610538303971797 0.633043177612219 0.5902449860505433 0.5395461209548168 0.5614735690769601 0.5678867715130825 0.5271861070464422 0.5169251256735049 0.5491384898596942 0.5181022346398054 0.4956261957658104 0.4855156608399355 0.48916195193675366 0.43801419530765057 0.4279788407730557 0.3973445600071677
0.6856375081825783 0.6711271143403639 0.6285374450897135 0.6039106226482688 0.6464976257063764 0.6647024797840246 0.68375174117475 0.6673923111258266 0.6126656067419889 0.6173126538553586 0.6206608511014313 0.6748828025146337 0.6700496432701268 0.6061251881793327 0.6148195281045999 0.6185376911182913 0.669496855779708 0.653164900364742 0.5970912268971437 0.6096972244067994 0.5962358893355013 0.6127372799896801 0.6747990708597693 0.6677404376224219 0.6890912291175766 0.6716365607561212 0.6914878760432833 0.6356618201718225 0.5863312514413062 0.606591549435433 0.5433607102019334 0.5238238211553093 0.5458291073157089 0.5563988558549408 0.5197400303083818 0.5175757403476839 0.47059486079765145 0.5118272981585569 0.5167245141801421 0.47282247105299824 0.4416545831080358 0.4222022468816857 0.36566175043425375
0.6611131855372288 0.6337057169311479 0.6648185962688384 0.6741699443166015 0.6600494148551668 0.6495763023976311 0.6272712092560331 0.6370840782275841 0.6411447155921315 0.6275832547472553 0.6201030306198675 0.6524713871434042 0.628192066281581 0.6387813300691096 0.6126398858116838 0.6195738931937472 0.6420885682787181 0.6300841637429124 0.6433870649243849 0.6429779177669819 0.6456428881636922 0.6520579056563919 0.6927289912919616 0.6680472215130566 0.6762742973132659 0.687159831086523 0.6732898892446189 0.6692259592454282 0.6037232806787424 0.5965090122177671 0.5328862659463347 0.536868153028786 0.5246851374362966 0.5629596835427261 0.5247881532827856 0.4868974622060258 0.47884438783107797 0.5031832244272738 0.4892351136673667 0.47750459649459903 0.4752896301356787 0.44787977245669147 0.42727960271517595
0.6231328903839172 0.6760805484787796 0.6530405895516045 0.6605050339202297 0.6918365204600347 0.6879966087811505 0.6627828067528528 0.6692929127383918 0.6396335721929934 0.6531274425690706 0.6198448971532796 0.6530800455418502 0.6459358355735836 0.6226317486707384 0.6015144888706867 0.6558687785867298 0.6706842701135814 0.6941287607545101 0.6805323706676241 0.6593032785199814 0.6109815233624803 0.651242496743778 0.6562567913001741 0.69804380917517 0.701777324935231 0.6774728962369472 0.6563663083204054 0.6643065866260921 0.6211446442503109 0.5859189913155786 0.5746287649932151 0.5780328361794932 0.5755846897545583 0.5678624959030416 0.5221357836876312 0.5068998241746845 0.5325803179606763 0.4673754535913156 0.4712517384001129 0.5035572229015279 0.468929413733295 0.43498897997390645 0.4403169980725742
0.6476267685352397 0.6713221238768057 0.6460366549845769 0.6589792454891021 0.6703591687950146 0.696455926006477 0.6468240511815293 0.6789902350808689 0.6404795395754428 0.6217300812286345 0.5650539817943258 0.5873489138432103 0.6188934696203273 0.658103637071513 0.671458491399126 0.7020551167417217 0.7018882490695287 0.7042818792928164 0.6529380765528997 0.6467001597708475 0.6857477585582816 0.6689128707432814 0.6777328276736195 0.6383167994705607 0.6430843793991934 0.7042511699350302 0.6872962750547769 0.6622931017551008 0.6355439017646071 0.6110032722485119 0.6086964628626803 0.6346248534004133 0.5911565438801079 0.5836011023462889 0.5687947709348025 0.5394700211755709 0.5456556562218888 0.4562206177275487 0.46328749512575906 0.47755760377761997 0.42573566471769925 0.42725339685383323 0.43667241275180213
0.6490069610134269 0.6768490432319477 0.7171411420192971 0.676007166808033 0.6956439196768861 0.6980081309543684 0.6715151076033699 0.6996027193205803 0.6505891250317484 0.6134251208885726 0.559175617428813 0.5540842259232768 0.5752187772002901 0.6223502959596774 0.6811186160119677 0.7001377951877092 0.7386851536639528 0.7036411755762767 0.7080099172399779 0.6814045714930332 0.7106004437643164 0.6461880225701829 0.6361233393952205 0.6349021844485037 0.6442003420661853 0.6634198230538613 0.7009019158827305 0.6625417493458579 0.695318341360222 0.673543223897654 0.67292838505668 0.6105547539492311 0.617088778416361 0.5689011282560513 0.520770658122076 0.55336684161414 0.5380063641332986 0.49798970865801284 0.3956614853157992 0.422083417516522 0.45209377329616246 0.4262081051300624 0.4341846383439121
0.694139081272977 0.6905440187541132 0.6738271045853151 0.7282111980308696 0.6663735740899117 0.6627518036985778 0.6981578726209537 0.6853177164790549 0.6522147271662693 0.6271930144946145 0.592077785330906 0.6065707802070607 0.5869288516812888 0.6204054724607838 0.6691152072909983 0.6669117770569891 0.6853249309707296 0.6862772514147722 0.643963177893587 0.6570230285422881 0.6846873583796557 0.6481443386701191 0.6660244766058215 0.6487439408060519 0.6398761419193878 0.6968388097538679 0.662821631326606 0.675238452125271 0.6671119409406383 0.6323462948643044 0.6211002289919255 0.596879238644742 0.5880094444894726 0.5731234456660405 0.5166253479814249 0.5228241295896947 0.5583813358777843 0.5050460248851683 0.41483613188555146 0.40061246754401025 0.4093864369300382 0.43455766239187177 0.3961468738723964
0.6715432648988562 0.6351157761051022 0.6823025734357651 0.6801973738249375 0.6933323951136983 0.7086077561326529 0.7070192802928041 0.6911250951047097 0.6623750776112457 0.635494811629321 0.6606945504914199 0.6153857525231116 0.5964094957850213 0.6346279793971 0.6595190743530804 0.6294263075627026 0.6837402282928241 0.6227120824579392 0.6350907513916886 0.6611461300791375 0.6737403994241703 0.6773332589998498 0.6419543247091757 0.6821209690112571 0.6971315108549196 0.6368196855024421 0.6289080736060233 0.6330347769508164 0.6443236153531852 0.6356013426272192 0.5801709970119486 0.569539723051131 0.5326949628376233 0.5579739830871207 0.5030781799839997 0.5407059328772812 0.5434547850795086 0.4902272065914673 0.4627355296089101 0.42543962349813935 0.4002371249681864 0.394748332331011 0.41943196552828527
0.6267440168505788 0.5987614112470673 0.6542993275578177 0.6196009739728345 0.6308703808195448 0.6633444123261227 0.6743291067474654 0.6282330654550549 0.6335579688140902 0.6391331406531093 0.6602985879967669 0.646763122630895 0.6503741855191478 0.63747109823206 0.6259122323351072 0.6300912722788893 0.6139937669582152 0.6131536436709514 0.6015711170118485 0.6125444017660863 0.6417370037311503 0.6599199324780916 0.6370949703241369 0.6488957611007967 0.6980599814281611 0.6411720291463918 0.6807555553803324 0.6865800137330377 0.6551146078768582 0.6524311700082536 0.6371483930739935 0.5954099186174905 0.608421350490725 0.5700565602390338 0.5461421374995628 0.5294952423978964 0.5286856963870863 0.5443035049584636 0.5067994030742088 0.46147495298971924 0.451559440474189 0.41442606033213014 0.4203670790810954
0.5678260434124864 0.5705099370823858 0.6034422892162985 0.5952120215245533 0.5913585270046549 0.6465208288847759 0.6541504696837804 0.6228045150363574 0.6151568141812614 0.6292737003492817 0.6213416129321567 0.6272450290743622 0.6588479246959507 0.6385514536153384 0.6197706824328054 0.666646798228767 0.6466718223427679 0.6489479054257508 0.6053505763326904 0.6326162671178674 0.6218121354817578 0.6270547577599237 0.5845492155110424 0.605017158437945 0.6779845983081032 0.6546114087007754 0.6628842007154415 0.6588199051050712 0.6951751773492305 0.6535431883598449 0.5939788093460997 0.6152422097321351 0.6166687312095652 0.5694672077050243 0.5580463666592747 0.5534578578439652 0.5628283366937435 0.5182736886696365 0.5014294786008667 0.5006178658444027 0.4714063210829278 0.3881425524126476 0.3890524166385709
0.5616393670246113 0.5853145148038935 0.619621683436128 0.6056000354497085 0.5911123079822048 0.6255179183767066 0.6419281511544721 0.5957521938730012 0.6294607974165325 0.648490459795237 0.6118271692953087 0.616869074797172 0.6402525963027338 0.6313464897203808 0.6041438519492927 0.6413322117622963 0.6389839030591896 0.6294147830879291 0.6256786645000909 0.6150457699510656 0.6385735898130486 0.643191790412415 0.6418165622998722 0.63699515726411 0.689341486684988 0.6806030753586421 0.6439511955054199 0.6458325374261416 0.6979486193241669 0.6822722318630744 0.650984800411092 0.5860907774472008 0.6019861141236069 0.5904256067080406 0.5453152656726232 0.5333534593922813 0.5370216801458001 0.5009341991126458 0.49593557230601354 0.45118609275187116 0.4416960279007318 0.37506413508978026 0.3661146315559476
0.5266275590504382 0.5460677341948812 0.5694279649650721 0.5604972668169245 0.6206991120889584 0.6387088611033624 0.6295820910786958 0.5716059752718742 0.5912017876673467 0.6249932207774653 0.6525622714182518 0.594221135775985 0.6133372015029687 0.6316274576824922 0.6148594135401083 0.6811212782372283 0.6819574955026814 0.6661910647023123 0.6345534346357423 0.6319505375778549 0.657484056167708 0.6476083884138675 0.6661503556137133 0.7150515512838425 0.7183019093763827 0.6537518853175094 0.6713504267332336 0.6792195396247779 0.67555089542193 0.6647878754495159 0.6478695306172074 0.621814159052773 0.5932790506521082 0.5581643299103582 0.5651266192724465 0.5374753490701478 0.5100502802353776 0.47754560642389604 0.47055430850046936 0.408046425878872 0.39015694679595325 0.38099363629786015 0.3738036289867217
0.5670860576956294 0.5553048407757227 0.5518178090991671 0.5615548107819113 0.5805265680195124 0.5669607894481606 0.5728042463644328 0.5470466479619092 0.6005293297554724 0.6286369221544204 0.6269142069771673 0.6199419638092543 0.6454278706442022 0.6559301927890401 0.6603607556452326 0.7037332372283421 0.6716270079991898 0.6828638958082857 0.6501731284925929 0.6842775375359135 0.7004854828418552 0.7033987415746987 0.6957079683654643 0.7176983753552331 0.700967987141431 0.6740586953790234 0.6916764105766544 0.6663109947556447 0.687545550368614 0.6675847732670764 0.612767229544386 0.588439466971195 0.534837995917147 0.4998957223464333 0.47285974690606625 0.49428169789309395 0.5015422988284599 0.48243289292933306 0.488486480016486 0.4375794819232592 0.4002760919058893 0.3465733664459715 0.33875572365077755
0.5406877432361414 0.5585193940963673 0.5154474005850166 0.5217462434877401 0.49559547787579317 0.5355175746107526 0.5236402937495642 0.5196324376342684 0.557532817065062 0.5995449265653562 0.6428075124098496 0.6138208694330773 0.609710369016596 0.6504265620094074 0.6895193462976503 0.7469935496488297 0.7467749918691329 0.7222650131479692 0.720245726090919 0.704213085716869 0.678990094112534 0.673592924436301 0.6838546449896535 0.7022850097954044 0.6926341450789172 0.7107368398020432 0.7243945156067239 0.6669976459285004 0.6792955484705673 0.6599006556963648 0.6061313265971153 0.5442117476275132 0.5134209035589024 0.5024164268224995 0.45444672260841384 0.46764050242525185 0.4234831841056965 0.4635388955607025 0.4365381942733725 0.38233651004222097 0.36928311431785904 0.3270906960710444 0.33035183065016355
0.5301938915309093 0.5536613166086394 0.5249526231279602 0.5220955641050775 0.4928046419738652 0.5072052885619723 0.5407214780174209 0.5271804266889505 0.5779811550506951 0.5966344396394615 0.600057484884998 0.5913240126865857 0.6434866140361222 0.6428928244598858 0.7039418679316627 0.7629186595758282 0.7806884360495068 0.7485511941512811 0.751218971514881 0.699289091852437 0.7167381334520749 0.7328015445932463 0.6803641270987836 0.7280473662107291 0.7192618224450753 0.6984337527893181 0.6918230356627595 0.6723680477148748 0.6256073513438538 0.5930384109764042 0.578118463837353 0.5233893722076215 0.5337835440103704 0.5040906878576616 0.4924868071890947 0.44946050518090386 0.4268282961281475 0.4026487305133444 0.361667454580018 0.37001628437605527 0.3770979117357154 0.3357249028860092 0.338305597172022
0.5275955877861292 0.5642964134466697 0.5273698545174562 0.5294276822762389 0.5128994552008916 0.4822899851932348 0.4805630138021233 0.5214701814159681 0.5546318796750008 0.5961254178679982 0.5919029991387844 0.6260489321006 0.6352969973422772 0.6567058926959122 0.7390214029856498 0.7311585158317578 0.771908483579873 0.729746326178316 0.7531634436376422 0.7109701699510751 0.7498399088693594 0.7143652158355512 0.6904383723951927 0.7096785849641312 0.7422129060512399 0.7090354120907555 0.6757895715641248 0.6367378189703018 0.6407573691787933 0.57229195186413 0.5581627727105347 0.5185236291118929 0.5429802570906953 0.48459392820649316 0.47349947263989745 0.44700533438977164 0.4659831133366398 0.38961314699194555 0.3492296293679799 0.3747375404679237 0.3360912266980572 0.3740054685622497 0.36358383321753635
0.5243490364418633 0.5330441743560157 0.5419202758029313 0.498768229960007 0.5080549028339804 0.4803785673253234 0.49835388729898444 0.5392283788723937 0.5464102272009103 0.5586398569461493 0.548437384407805 0.593819973246405 0.6037584101459746 0.6483139807619481 0.6887348444126847 0.7670079485466522 0.7792526164583526 0.7604716984368892 0.771219484221423 0.7276126806388226 0.7427474431932518 0.7684124225461175 0.7520913836065716 0.7539958038292104 0.7379354595057517 0.7005539656071046 0.6807842398041123 0.6424865771476668 0.6319702702521767 0.6076643392700477 0.5622387848938539 0.532952634004103 0.492183585888392 0.4773706833422344 0.44894245708604863 0.4558519341776765 0.42139104797393995 0.4248332683368278 0.3960107228973142 0.33960366582435386 0.31749107642829516 0.37276789288351103 0.36207855507764475
