Raster_benchmarking/continuous/raster-175.asc
NCOLS 100
NROWS 100
XLLCORNER 1743166.787439761
YLLCORNER 5469292.177565371
CELLSIZE 10
NODATA_VALUE -9999
[rows 19 to 37 of 100, columns 0 to 42 of 100]
0.5893777325830704 0.5598670856604655 0.5821867008381272 0.5501430492282511 0.5550926038417028 0.5928278802716466 0.5717345179336485 0.5501315747811463 0.5254948554595235 0.5383252695348011 0.5236441901061424 0.536973819132281 0.4867075264379881 0.4514501151508714 0.446484360172663 0.466075471119849 0.44655477289566925 0.430400716009709 0.3863422776510984 0.3766399336127964 0.3627437210539574 0.37646559415256764 0.37871495406398825 0.35733005010166846 0.37709422469847514 0.3760058104135 0.38040629360981787 0.39413777747200973 0.37583066673702376 0.3875534449172033 0.36150238324262157 0.333682654742425 0.34572508280051106 0.38259841949139306 0.3277726870066786 0.3310296432174344 0.3218398314868766 0.2762644148871739 0.28453380477539125 0.28943396059611065 0.23124694134998022 0.2339842690316319 0.22057176201643353
0.6136610247153861 0.5837451580925491 0.5772321682168506 0.5438390018534186 0.5416796510139626 0.5594002153374208 0.5491963281517409 0.5280300865778687 0.5454540267926045 0.5602047296118883 0.5330161461436244 0.5243960288574356 0.4984078180058377 0.4397395777806781 0.4636928229895548 0.4500871868041637 0.41614404500985686 0.4109617296245758 0.38750828798852976 0.36585548822215824 0.3668850757863425 0.4066561569789886 0.3771008339289486 0.3863438761971316 0.3662272964892715 0.37973682384524665 0.38433526626600323 0.3908795177508762 0.35140374143054504 0.34540316330756005 0.3384227868008819 0.330669465341273 0.3670021351458827 0.35229631015460877 0.33623019658279396 0.3341985257200251 0.30568783790288045 0.3043738322398412 0.29819329862998 0.2843474308986907 0.24612485715704607 0.21319090350187134 0.2315708488139782
0.6191911374872406 0.5928574686326537 0.5711582726201306 0.565499391997613 0.5540612371759983 0.523924814346435 0.5233900881955698 0.5532199599517502 0.5861210087489233 0.6114229100468307 0.5470218854335035 0.5052674014389608 0.463306951286071 0.4476691386371019 0.42859853306430606 0.41102018261332013 0.40461775019076957 0.4101424567869498 0.4198520771029997 0.38374955619082596 0.4106669514885338 0.4177605124087135 0.39720407848766753 0.39421099606551574 0.37788191603586135 0.36618155276425596 0.3667016938802069 0.3532815518514637 0.33614306594236265 0.32733350633186564 0.3429287536755762 0.3171499511434841 0.3720941409210693 0.3774669960451787 0.36962369952571844 0.31958231859770164 0.33890001397533626 0.32603419833641006 0.29373152645504547 0.2432452906957197 0.20493411500397735 0.20970330140295537 0.19384387686879226
0.5898584529432765 0.6080267601952166 0.5744771077833941 0.5354593651063382 0.5311549426216391 0.5427675022624601 0.5296432411237952 0.5460088005806254 0.6002858394930911 0.6162122047889661 0.5827916835596938 0.5480446950611606 0.49485060901280675 0.4438540475736358 0.4195513456783239 0.4303759694628663 0.40102462495147373 0.39981544902515376 0.3994868719384451 0.3968900718779163 0.4146011000409583 0.3906054843510116 0.40789797045280823 0.4050529046447616 0.39325084117843334 0.37184125993294914 0.34202779196182587 0.34179970191374515 0.3695145924458602 0.370475311269691 0.32961120295751806 0.33430913818509445 0.35381670935967396 0.36069555026368033 0.3540563183702894 0.36712784879745575 0.35321397114310316 0.29870724459613257 0.2644995824499509 0.23264627994555903 0.21402172896446225 0.2163741744423246 0.19464294834073187
0.5953589545307867 0.6224757200378689 0.598087950160403 0.5577117089346564 0.5819934848482906 0.5739185250574691 0.5337619051832339 0.5696637076597222 0.5967878878966956 0.5712754489881975 0.5713988646886742 0.5742919546345578 0.5212178918785233 0.4850419383148524 0.4223633640924662 0.4186585328374238 0.42396273809046114 0.39034941994436684 0.38719219452886805 0.4068934380249316 0.3935686256171701 0.3589949042728451 0.36186770746706853 0.3851384426148936 0.3742939443786843 0.37047293889142774 0.37484655239165215 0.3715693550604133 0.38511234790067606 0.3840444166409067 0.35891165384499024 0.3333102313506865 0.3272555690241915 0.36533048512642263 0.3722358115272143 0.36921774758180587 0.34377311851974374 0.30063223150445184 0.25179444777963095 0.2546821079977436 0.2568055333592389 0.23915863404006382 0.2071917278180162
0.6262560919927352 0.6109434165852857 0.6065564148137805 0.5834334468764428 0.5984163320756128 0.588717110437889 0.5528548806329188 0.5906366961304705 0.5870687470394087 0.5741237385684146 0.5485055233295469 0.5325399539671359 0.5116389499646897 0.470558331387063 0.46521515129776814 0.41137638489291317 0.40775798645320716 0.3691279312677315 0.3909249993313731 0.4040098770118234 0.39617292754396743 0.38241187470212973 0.38127852924831573 0.3686434506391866 0.36269281153767174 0.3570744811622223 0.37710235826409 0.38399518365439694 0.3695150266160366 0.350723514173853 0.34470089143894855 0.3462739145441579 0.3481498226147969 0.34004867660281846 0.35884556837687515 0.35811982552358246 0.3357525621387912 0.2959520125477641 0.26656687337401425 0.23571822456867034 0.25640544324383646 0.21342778352862452 0.21138968924990667
0.6236914197817053 0.5792424336469575 0.5989149842185385 0.611825906548645 0.5821671407120279 0.589864208212455 0.5375159381567237 0.5525882512242567 0.5600202908646689 0.5929492780844434 0.5747217195716552 0.5466262107656147 0.5266337233819767 0.5100059217987625 0.4903668425024153 0.45033200459502454 0.4163047809463489 0.3591156617714319 0.38718404463145395 0.3598902445294153 0.38980580507835655 0.35992072487334525 0.38341260635569036 0.3675550226923552 0.3853736919262444 0.3496642362570062 0.38217137240164867 0.4161673680930931 0.3861770376734136 0.40356864686763044 0.3388383966497954 0.3220008895057642 0.35628364791209927 0.3522590897820029 0.3438017671883784 0.3412590267871399 0.30895268721720825 0.3015452891391035 0.2707361222932427 0.25368042463714907 0.24412425720957232 0.21067497612168204 0.23028099728118193
0.6483539295970104 0.6106171809983191 0.6053147261411883 0.6036686094785065 0.6019129071229948 0.5680742956401008 0.540430840076329 0.4980178123261123 0.5144167356689769 0.5126885592092489 0.523617663798986 0.5357273013138196 0.5226876054076759 0.5044428835131145 0.45733427450282976 0.4109269922112141 0.41191448112736745 0.36802949568732146 0.35807203258760484 0.3578887778650578 0.3787182933618892 0.3946215787367649 0.374723470647894 0.356739488655883 0.391384173394433 0.36709214495738346 0.3817225435946407 0.41350173175826554 0.4116263734596042 0.38901552939359707 0.33754983038919906 0.3308122384905276 0.3294705506391384 0.3584532791559463 0.33483624773593573 0.3402929043573456 0.3205782223410801 0.2876500604314112 0.2806191821755771 0.28693283274917153 0.24879776932259023 0.22621118978984414 0.24195087636200757
0.6587007454628985 0.6239647890515021 0.5777782295135292 0.5793127694905149 0.5911869726579344 0.5410977890907963 0.5333931061225115 0.47925622642929483 0.4658087998088831 0.46899628234376706 0.47263217384011674 0.5174316665532838 0.46690647163531845 0.4416731848127802 0.43331882817657064 0.42712546800474815 0.3989108904986302 0.40274052244304476 0.40098062656628497 0.3683362259070097 0.39078866091925835 0.3685611481235448 0.38705018565241534 0.35979466218896927 0.3714217747727239 0.4051493824227164 0.3821605608499879 0.3925298011439556 0.3648734219784296 0.35644556541221667 0.3691108091259 0.37122531917559815 0.35857438523598095 0.34930527069425393 0.3654039086692899 0.3729469879137041 0.3501620476114463 0.3368085577472912 0.32691548533847015 0.3151873896544695 0.2741862145076934 0.23721421217415234 0.23721978483413175
0.6357063991976291 0.6006774720622592 0.5758481420947331 0.5468335612575831 0.5472243288881801 0.5237812019130992 0.5134535505856701 0.461880040267263 0.45264989759592694 0.4245422402158703 0.45021389506203907 0.46284104373724005 0.4637360648672908 0.4535236152248273 0.4116596170849343 0.4260009017455656 0.4338670114528157 0.3870755626458914 0.391475294474726 0.37917616570713436 0.4037728148857988 0.4173904534499126 0.4128799874599512 0.41214526788833433 0.4227577416093021 0.4020140925754495 0.39448787739316804 0.37911242021963265 0.3717486659802273 0.36498026041517506 0.4095915066173126 0.37128393547092214 0.35564874470982183 0.3441942261103844 0.36965907341889864 0.3721980540050644 0.3700482878554299 0.38260965697667676 0.3599739910539829 0.326301338312537 0.2944639734867966 0.2623945081427483 0.25496559572494126
0.6515377780995146 0.643303880025234 0.5804323470768539 0.5335022064578098 0.5109181877897631 0.5198027699032836 0.4674627479658405 0.44583762329019 0.45068267831021935 0.3841419483884391 0.43739362063300274 0.436420741034179 0.4059703521132246 0.41685938514542625 0.4196280980313625 0.42482956696390806 0.42275240414963056 0.385990634627784 0.36773692350934406 0.3793167776733563 0.417030723586477 0.4451261398643038 0.4415516267308622 0.46497236051563 0.4373534892795601 0.4009534904036183 0.4010419800766601 0.39232642539726825 0.3838034286488869 0.39847847648879775 0.42415211771939804 0.41518505154692126 0.3822829434056281 0.38678093463074714 0.3778441543682582 0.42236786934635023 0.3775513618660824 0.4207207807110478 0.4005032154535369 0.3514057421553703 0.3194743830922896 0.34433444949604913 0.3175469202425826
0.6613744461573511 0.623479760065343 0.5842682217430099 0.557541057600949 0.4923532785211659 0.5104653997769422 0.4657887177704812 0.4471396585497714 0.4185600436609283 0.38355801300471976 0.4104134749896274 0.41749242755659227 0.392523553642931 0.4014666363401258 0.3747386908180825 0.3841804621399696 0.41940963667897685 0.4006962515584987 0.40534043098794525 0.3895244992881472 0.40067637897413305 0.40589538107654743 0.4380583378408448 0.44557102749872296 0.4352331310971098 0.4138740404960614 0.41232639818455097 0.40329522859196665 0.40982296275768504 0.39711795424187524 0.39227854405029255 0.4238194719038731 0.39558655392109165 0.3743504894676185 0.4059376993603061 0.37944235536392373 0.3866986689627423 0.38586679273697555 0.3721112440579555 0.3820392090346333 0.34987243241084365 0.3555049022396811 0.31704840569143755
0.6695653639550204 0.6181815634222863 0.5637890832217513 0.5178720915531655 0.509254706201632 0.46927978933946995 0.46017652109092205 0.480240936881138 0.4291212467280476 0.41207421549475354 0.3812134404862335 0.3847235601955407 0.38325186875210426 0.35477349397546554 0.3424263181874251 0.38379520824974284 0.36988281691536146 0.3844900042827986 0.4137194730653344 0.4247064817984862 0.440962754580481 0.42406053427077584 0.43599564299272714 0.4945065618169301 0.47010802048829914 0.4828901586883791 0.435858918612057 0.3897408228962007 0.4192397954291978 0.40845825032161526 0.3906656733023356 0.4123026376422073 0.4259321237998641 0.4023245967985875 0.3991546303380366 0.37805275808828104 0.3692623834656368 0.41080496812161765 0.3706287099630754 0.3732403770157033 0.3437354084115005 0.37006174973163974 0.3186187346907168
0.6335655087393752 0.6168720500560125 0.5791428399901016 0.5077540407862168 0.5098683535910764 0.46725612691637464 0.49615786899682646 0.4687335299251501 0.42323746441668414 0.40903797065611747 0.40687993178000276 0.3832281395720935 0.36404424230930166 0.36932310667156776 0.33945581821160187 0.34117581504360667 0.36845562852904146 0.380996709807959 0.4287230686862181 0.4067374493778752 0.4300574306564935 0.4254365130577548 0.46167364686892776 0.4563414777419921 0.46795925974213776 0.4941267614536543 0.472129327654891 0.41612465737437737 0.3933447437050291 0.41254559295861526 0.38267946212342985 0.38076398286874497 0.3903940155409661 0.39460807380770474 0.4140952274954699 0.37096447114900977 0.3817081789343224 0.3913214578132276 0.39140032437081956 0.39907212975707085 0.3723830947785936 0.34828053213935145 0.29309403745074136
0.6545968008222782 0.5887058114576696 0.5594192841650011 0.49603070262449533 0.5282840890493015 0.48826657293833003 0.4615136415013604 0.4472504660914713 0.4239555477805979 0.3892722111285919 0.37961339863382876 0.3894003763959828 0.34078237848298143 0.3163995919261387 0.3679601895560804 0.35130553756357696 0.34965368270265157 0.36571385301126036 0.4112126425315417 0.4409645595676779 0.4566457081033426 0.4666694478074814 0.46309364194830166 0.4563170963110186 0.45531027990742423 0.5087283559637383 0.4726832817415125 0.41239851581203846 0.43511838215496096 0.4016473456445855 0.41254223084019526 0.39641965982783295 0.42763470373329476 0.413730922034054 0.4121779265644037 0.372434960009467 0.37378637565826883 0.3833386781750031 0.35113517076116046 0.3667359824796896 0.3295391913417285 0.3113112878102511 0.30239240603076323
0.6384028007240429 0.597504344662518 0.5384639444446474 0.5465042019983783 0.5160569685466038 0.5020491793990219 0.4684381423700286 0.41098006029321466 0.389560136488992 0.3848349857676528 0.37201164909589285 0.3465368630504117 0.3329881198513792 0.31601057891341416 0.36156390902861474 0.3695747792572298 0.38419331809953894 0.4042541747732184 0.4086571225224779 0.4162420985467157 0.4472806568790026 0.48204481545809186 0.4762874330727832 0.47190085149199285 0.45434256909570897 0.47390065395689196 0.48220827893913965 0.43413541024392366 0.430132855440054 0.4564733640375824 0.4552025779345581 0.4311699595259007 0.4630984434571121 0.4455693914044084 0.40338600574034383 0.3773384381850402 0.3692725730332428 0.3783530353935195 0.32950246617297474 0.31836056304431054 0.31091399476032966 0.2978463140874132 0.30852452766173594
0.6248627376331766 0.6050664734178189 0.5705055358925287 0.5473595878658374 0.5507650049099494 0.5327774193206223 0.47466733604728367 0.4341247799061056 0.41510723174933445 0.3799892689840099 0.3899342983096353 0.36551117523155985 0.3671458070155024 0.3372400572101433 0.3363376239329912 0.36809494514218505 0.4175881497886169 0.4346310287686438 0.43532770448406743 0.4473153654003308 0.4434679946881264 0.4697646774468869 0.4539461338286919 0.44343145199417755 0.475336585686586 0.49372168224438423 0.4908477218866654 0.5052602118946722 0.47144818823194357 0.47542570099998005 0.5001196443410592 0.4783184836194791 0.44985520622343733 0.49147499525790855 0.4493930447323076 0.4289744461237372 0.40030298970871175 0.34613303138101226 0.31399228848646155 0.2935609334592207 0.3232657544040372 0.31859448121155415 0.32609925289044783
0.6304281187821799 0.6326606369629731 0.6109161352740683 0.5751890549504709 0.5635310267077245 0.5353548395664496 0.5171360992159235 0.44854782603673155 0.38610159075840766 0.3652407764762614 0.3512738459685078 0.3648712171775613 0.33949169591800854 0.35998381464574863 0.36514885491528165 0.40220314395166723 0.41891061358340853 0.4468739294998942 0.4488174116476851 0.4579917289289715 0.43795967532827834 0.4238719908941904 0.4457281769807232 0.4842227007638324 0.5045532875876506 0.5236295531463739 0.5253050330808984 0.4810289355094296 0.4934276731146173 0.49755257763271354 0.4889894723068282 0.503009335419432 0.4680410449378304 0.4694498949546958 0.4902159078999874 0.4681325721361796 0.40912853291261514 0.34558985706409573 0.3236052572808381 0.33163880948545177 0.30850378152853697 0.28071578740053016 0.3151339527154322
0.6085124485180169 0.648327072063118 0.5998407007122558 0.6006490211577953 0.5929696073949123 0.5735139060362435 0.5062231769175608 0.46200641706649426 0.38514872909439357 0.30827092024046393 0.33795478293564124 0.3515955279774686 0.38334575156873296 0.4023265117394308 0.37265060945954 0.3829168330067607 0.41633319213565384 0.410712708535978 0.4446361650028075 0.4716869782892253 0.45918572301903227 0.42933618899572573 0.4187768390293943 0.4504734215810751 0.5023732313780265 0.528113215373811 0.5005269436120031 0.4881653960081042 0.4979137765424395 0.4471656757634749 0.4620485423938296 0.4771402463804193 0.46545924366820873 0.48962651743175745 0.47398341179363584 0.46197765656908557 0.38898949452618287 0.35906213400080944 0.35706122273609625 0.32922261572628797 0.31567438245676854 0.2459439312399105 0.29399115847165874
