Raster_benchmarking/continuous/raster-134.asc
NCOLS 100
NROWS 100
XLLCORNER 1743155.8084673092
YLLCORNER 5469282.419174383
CELLSIZE 10
NODATA_VALUE -9999
[rows 76 to 94 of 100, columns 42 to 83 of 100]
0.3881332942997348 0.37107343909994905 0.37937146595814947 0.3608391167163397 0.3589665623626807 0.3660075356068768 0.353679452415134 0.3568759725885084 0.37103518084450093 0.3497258468378432 0.3253718363971091 0.3262150726248586 0.31751880896336443 0.298919651438575 0.3116776493617314 0.3321499895039108 0.33715685484193597 0.3247929036796864 0.3362554630917589 0.34657506812667926 0.3462721795994608 0.34380451005797935 0.32047045721702666 0.3140775754609984 0.29450563925517614 0.289198128157457 0.2991315519947904 0.26970764426375354 0.2442661250676286 0.25205096017388884 0.26339390637435744 0.2596819392613462 0.21713694041862533 0.21202748208087288 0.1954682254662011 0.1965317641349221 0.21967847837718105 0.1789640491274057 0.160610881833668 0.13839393623236157 0.17402919550907098 0.15232712611583818
0.42921960065926934 0.42515172483119207 0.3986770226371408 0.3583822499314262 0.35808548900351667 0.3645487565464232 0.39049110047859775 0.40375690989929097 0.3933676559765713 0.3490630273287851 0.32940701504989534 0.293766670364707 0.29879791169207665 0.2786558782626426 0.3044970089268478 0.3459928878984479 0.352089263996811 0.34560275129053236 0.35803311825460743 0.38428344340251924 0.3437145984117874 0.34600772735855856 0.3435278455641729 0.30391696270202817 0.312301073382557 0.2950827914199037 0.2803737252653356 0.28361131521050537 0.2503490969849215 0.22036315269273046 0.26598296084938294 0.24739493570115845 0.1940566017388467 0.18998016830517972 0.18368846505983472 0.19274261000610676 0.1860846607263025 0.20315141956203883 0.1677361991774279 0.1449876480634748 0.16718109410533827 0.17171509745939234
0.4522728062986567 0.4617921182727549 0.43524625969435315 0.3932964865421514 0.39704517232733805 0.42284937753804996 0.40587285130546913 0.42212780007513206 0.3707815091126809 0.3424938077623697 0.3309582508159882 0.28827813138697883 0.27686161305542856 0.2929429837717059 0.2950835305070357 0.31190242701958665 0.30735524518071666 0.33713981376546676 0.37583989050076877 0.36758349856065925 0.37743682272281937 0.353116474353435 0.33222575048531255 0.30953675301153594 0.324287157989973 0.3108433134526999 0.264096775706192 0.2613038356272858 0.2734761559579826 0.26155771848978954 0.24778639492399043 0.23279665771022914 0.20411484299586305 0.17515201830225446 0.20267214149067952 0.16893134136198795 0.16113634643664831 0.14593103692345544 0.15219652826174782 0.1408326590329919 0.131333656229485 0.18573027124776934
0.46187769513165167 0.44670723376121524 0.46186577467957446 0.46206791800627195 0.44486159310910445 0.4476316638739761 0.41015400279406317 0.4388289135075189 0.37404331923540457 0.36979194178501756 0.33155218321723423 0.29556144384446636 0.30593889853273964 0.29018717908647007 0.27658169329549676 0.2963080298665119 0.3186587057130653 0.3356516768398286 0.3285309944998131 0.3696522437022022 0.38867425715279386 0.36348400657215996 0.3308194480077817 0.33316806361965395 0.29701804659430464 0.28803585761892664 0.27639894468170073 0.2801872526165463 0.2926352027797119 0.24487163219033112 0.22597864823097516 0.21326732372482335 0.1997113965071953 0.18272126105138836 0.21355828326386253 0.1705583590308393 0.18001090468254083 0.1577730004489203 0.1483940956512416 0.12632219721160473 0.13190819841583692 0.17213894602205485
0.4822030290128327 0.47821845895523657 0.476213878743605 0.49836523007467287 0.47903238974936274 0.45112999025360573 0.4307342721682598 0.4441982884345843 0.40585244331056186 0.388436990289276 0.3665289034016828 0.32518065579161054 0.3077229943774481 0.31100419177948696 0.2766788205871677 0.2614341259899243 0.27777577636807294 0.3076709222996804 0.3245405670714147 0.3390110407554947 0.36410838923027367 0.3303241938329945 0.3511541083091003 0.3153135691704267 0.32139438162024103 0.28732926533065606 0.29308442156470804 0.2828499894027802 0.2779984408098865 0.24620254238143235 0.2464840097958879 0.2517008098443032 0.2503642999297135 0.2484501885922589 0.21685018770326733 0.23520601872836663 0.20432597748863066 0.1555786116579295 0.14460374191131883 0.12878624074475192 0.16608724478715212 0.15643967120363775
0.5021366050246897 0.50076545111471 0.5167973702053348 0.4941895588557278 0.49501332491479766 0.45788499339065086 0.4584884055374222 0.42551846608505983 0.4329365123394296 0.43073231983438853 0.37669171839868837 0.33319749363776013 0.29965295841941714 0.2940415871876046 0.27534947500077156 0.2670333751241194 0.30364513120012415 0.2921560050981625 0.32233211474671936 0.35610828867367533 0.339429308599589 0.3223941715003553 0.34420232231212533 0.34486359846774345 0.3064884186567254 0.2879127821763838 0.3065669887289104 0.3247169167535373 0.3188539126066817 0.3014984031411125 0.27120423368037017 0.24999306073005315 0.2847718210758329 0.29155961857761525 0.28529540196251746 0.28268441620171053 0.22478570142875126 0.19852878799696494 0.18715242836889578 0.1623998221468894 0.19171768572966105 0.17037800385307245
0.4954376502065474 0.5074732301047846 0.5155214025187228 0.5008110145991151 0.4928288092774009 0.4884410510693772 0.4434096796935419 0.42546866357146984 0.43888707190349013 0.42167116101832414 0.38588490810952414 0.3409603219310694 0.32039404405986743 0.29318538862250226 0.2805472003792168 0.30707777297409866 0.284440123414289 0.31439180494580105 0.3245184539477898 0.35412547873947936 0.33980519174351004 0.3419927039274767 0.3273889901001303 0.34046178911724934 0.2913356979252144 0.29559728189222295 0.32455482088040893 0.30380236352228646 0.29346969175979654 0.31651260350527355 0.31332576522175315 0.2801273626686419 0.27688760994954736 0.28112888136978414 0.27980697024435564 0.2897635157126319 0.23908056384084356 0.2350762821337891 0.20943632248784877 0.1964278900770989 0.18005799122108718 0.1900667551013909
0.5184689225111095 0.4890282803525646 0.5251190467177175 0.5510764686237265 0.50672709455552 0.5016757629119419 0.47493118988064126 0.47031702055246194 0.4482791107561432 0.4088809710969586 0.392659420745677 0.3937093639933466 0.36612394518056607 0.33492351023786565 0.3102060331402645 0.3049044015122273 0.28935467298710366 0.3039314651542795 0.34390278823231013 0.3521790907481492 0.3413275138775419 0.37176297591472957 0.32110570244755376 0.3033745498522272 0.28534622486798605 0.29858684529388085 0.30089450709018506 0.3093716353781435 0.32484473762064936 0.2929277973366793 0.3182612736065267 0.3188073092109484 0.2888340819356922 0.27806286678143555 0.2742365772912977 0.3124946604181562 0.2788721467404937 0.22140200808850907 0.24169073089381096 0.1955913825452472 0.21766546575435025 0.2338559277442507
0.49676407424135144 0.48710851564145524 0.498437883626814 0.5455225601145028 0.5120855837775542 0.5195943245343125 0.5127065127680613 0.4733133808131966 0.4767802006822304 0.46670227474579523 0.43630186151929434 0.39326903331814483 0.3952978786890787 0.37985218530295023 0.3700429591301927 0.35821539180522427 0.3448396374707501 0.35281504010500886 0.3734569330733857 0.3872885563086618 0.36034394753855675 0.3438079481463718 0.3338871470098101 0.3475836516998961 0.32866946083968135 0.32440603803867546 0.30252835289623686 0.3007378554186756 0.3146924336452557 0.28766031780681395 0.2926257634801254 0.2939329759921285 0.32425380472866505 0.3032816054123038 0.2973462272248928 0.30143363340617313 0.29044614250931244 0.2473860732359415 0.24716445110498103 0.2407354054325994 0.21935821391068153 0.2328699965065845
0.48617233327742737 0.4784031942321843 0.47901116416111794 0.5295429282667371 0.4911019651979523 0.5184082951738015 0.5116615672659695 0.5038757717067572 0.4717012525832909 0.4775778750955009 0.4621372825304497 0.4172608011461809 0.41289830261291904 0.4068474198400079 0.3845138012411909 0.38804766561603704 0.3669638871618064 0.3704671174210169 0.37625121663616995 0.3943287541355802 0.38527017000884883 0.3675531048656346 0.36149828240609944 0.33596948457877174 0.3428435568437933 0.3167503437149953 0.30457049535521746 0.2780790491699006 0.2879658323542404 0.2879488561719108 0.29694566491897756 0.29490569195541483 0.30860643243244285 0.3283828761937806 0.28271632282703624 0.30645913765385896 0.3042312495325989 0.2635098163283684 0.2465312493388568 0.2284836343580206 0.22527235363183512 0.2349829118656553
0.5116665599054772 0.49285197592861957 0.4792039329386536 0.4980003962525272 0.48918864337984325 0.5014538171119707 0.49361992233761154 0.5325190122749316 0.5043307431828019 0.4869573457818937 0.48284296201059 0.4605838574289208 0.4338966593895065 0.42150589644062264 0.4401323545928991 0.4074832958177728 0.4093554845982293 0.41342215269634197 0.37100956239367183 0.3903677050554394 0.3711708600417083 0.3778697745239179 0.33867692637544583 0.3256965229133571 0.33500563378295334 0.31279079066391313 0.28846970047528325 0.2796739918883077 0.3054595298602112 0.2935117694543434 0.29853358636570554 0.3132240911724714 0.30951713404582526 0.31583921851484675 0.2816382676325975 0.28909372065487404 0.2697172600331249 0.24201991118738878 0.2702026725930575 0.2846075482502397 0.24114235566765904 0.227330164888211
0.5103884470656238 0.5132104258930682 0.4668978314535177 0.4658895770756332 0.48856629460449136 0.48909579597456365 0.5270510820973989 0.5450421584593721 0.5123676582922763 0.5149511397391662 0.46581045016529676 0.471264142773482 0.4490851175097764 0.46496092988078697 0.45657040826505196 0.40910089535261407 0.39333812039710797 0.41624959197628564 0.3966686328354186 0.33148774796445435 0.3713364333150751 0.39689747752316396 0.34779608014861035 0.3250630476291907 0.339286307336286 0.32049575716127393 0.3299751902825374 0.3007138864183573 0.31762550297504616 0.30559380779382067 0.31817126837280424 0.338071291502354 0.3282055251508565 0.27646748773836277 0.28279067608548153 0.28061992676323405 0.25587450295716474 0.24655709701851156 0.25250487307748914 0.3121667991389392 0.26224496768655414 0.23554385478886325
0.5001030126427756 0.49565875225639944 0.4873271605835549 0.47673228740427553 0.4880904211464926 0.4710322735387253 0.5011922104497053 0.49427382352745475 0.4934253827797715 0.4719150950847768 0.48301980481952883 0.4364564147120945 0.4400201695818333 0.44514224806575037 0.43034271289443404 0.40046871010745577 0.4037298283992906 0.3824775518591991 0.3755782448519433 0.3498779481285335 0.38663895511920965 0.3780351299826872 0.4016304122168391 0.39595319134926144 0.37043658132663765 0.33903791516820475 0.36361329083020955 0.3631670378503547 0.34444569489096083 0.33990167336725596 0.35258796122647085 0.3468419721478069 0.3262025317454582 0.32554761886950667 0.3053328118601365 0.2989553602436043 0.27816931283232643 0.2535386951866599 0.26690364174868747 0.26961314425194277 0.2696138496608279 0.2671792186220922
0.5163592753361924 0.5211714419593128 0.4931840752241173 0.515869933962322 0.4673452295456543 0.4695858064593532 0.46437347582087146 0.48159434315182115 0.4791186054776372 0.443672326192158 0.435232164062718 0.40923025442361255 0.42376110733051425 0.45024434097770166 0.4318214756800856 0.4405558378700927 0.44604686155421275 0.4250068639535321 0.38776584800579295 0.37442913950166307 0.39442252397936706 0.40690588908063396 0.39646719239841804 0.408706981558088 0.41214966361005817 0.394352847254773 0.3994116476663941 0.39964444972440866 0.38288382982854985 0.38958552506673394 0.4022063340503162 0.3952460656217889 0.3497726506173742 0.30733283053380933 0.3149315015206135 0.28945483089357277 0.3011926714528939 0.2759482993114599 0.2576677357006781 0.2809155477179276 0.2968103674318374 0.2962437351617355
0.5432807463769252 0.5340986811593367 0.5223510788034428 0.4928597651911762 0.4494769034063836 0.46350945645027863 0.469766018113365 0.44932999931515366 0.4495514031246159 0.4454840468818142 0.4207321211845833 0.40004242371389054 0.43555791104697567 0.4682801212842125 0.4639596981639384 0.4677004557092867 0.4549655732204381 0.4299904659438511 0.42069749942253165 0.39113788214562073 0.39706023842509836 0.3962095526480602 0.4232346042814875 0.43032225167070787 0.4158515139793524 0.44760285518819104 0.4376617456744368 0.42738137944540777 0.3937162807032162 0.3989646663823618 0.3797413887074764 0.3991348978960588 0.348924785763034 0.31889933490440997 0.28963560195944305 0.2940076139646736 0.2987475365742153 0.2788337607083265 0.2701565702173049 0.3182660219707586 0.3279160797168765 0.2902174182336786
0.5186379260721753 0.4939694186180181 0.48327590122417013 0.472265043511975 0.4708995806800069 0.4313563719562264 0.4644237254651607 0.45265795057818586 0.4443388671366411 0.4510470275474619 0.43744260424597864 0.3729693429569807 0.40931870006417703 0.44583963813972405 0.4348974559549762 0.4740237370662105 0.47928499276019376 0.4814903516029693 0.42675145079218363 0.426488601131444 0.42033022926142877 0.4167995263215302 0.4467514708077146 0.4417567892704855 0.4666959257319782 0.4628173932037637 0.4334196942168781 0.41951693917105876 0.3956134047192983 0.41311910905097415 0.4135092574479568 0.39076998579345346 0.3431967595003644 0.3348268362602589 0.324232296659199 0.3113733096283064 0.30024137729209116 0.28471428742308813 0.2814518378624712 0.31913420692564964 0.34244471673312454 0.32271320165079775
0.5365122486719255 0.5327120537877568 0.5016761374413911 0.4712013515791595 0.4748119214696973 0.4696925882184265 0.434970263896691 0.4227778714717142 0.40907447926646784 0.44668458308266773 0.42719285589795547 0.40515916153883585 0.3859268765650843 0.3993385255004256 0.4372725544986525 0.45806668068955897 0.47688328509457745 0.4726995791511202 0.4553776350511292 0.42288945297464575 0.3979718592065684 0.44948871480175046 0.4521263969706427 0.4300448711670605 0.4611209868949783 0.47756513957178204 0.4507420442067526 0.43625367801173565 0.40165561457421106 0.4184777359105128 0.39595845330066554 0.3759047496507725 0.32265096015872274 0.3328980283696911 0.29290017446077976 0.31567578954989145 0.31645146649986206 0.2753077272037562 0.2996318231605782 0.29980676851409394 0.3104755292423654 0.2927205174867806
0.5068738278280426 0.5578835794710151 0.5222906788814452 0.5019303461446568 0.47196540383950214 0.44276656351055244 0.405178064074283 0.3910046764773505 0.41073591161206063 0.4279940867472464 0.4339304324122958 0.3924682010420906 0.3953695268947462 0.40418137965324347 0.4401559543681068 0.46941993773737073 0.4652075480916773 0.4637655695879272 0.44772874761856146 0.3983818678632451 0.41059494276267716 0.4370922518941268 0.48008635864499183 0.4548927059210144 0.46248083709335136 0.45454957181770117 0.4632524928356328 0.42007662340634155 0.4014038208203228 0.3741152733711055 0.384880936347481 0.3304308076989373 0.31950926731896195 0.3117338945304873 0.30242388447502455 0.29669677130529215 0.30257795567978374 0.28346470409588714 0.27730590421140394 0.2565241089942457 0.28780934013562404 0.28822240785488373
0.5123908411356981 0.5228105374164518 0.500563472741432 0.4980891073338564 0.4761774632578615 0.44585281742722066 0.4081772418013086 0.3879687106893628 0.40087829173699585 0.40364435048619063 0.40908575762218735 0.4206489706060431 0.39338623293133124 0.41663751490250156 0.4361103328913409 0.4329959370995335 0.44351730999631417 0.4577192251759337 0.4334762234892962 0.42572797943382445 0.45293392069719257 0.4598931491553953 0.4903173692567366 0.4574919010869488 0.4533158097351837 0.46526041363409054 0.4665905668925221 0.4458280866057955 0.3932389241248048 0.3571826539348943 0.37459673100604596 0.35849430676483596 0.32354561935357634 0.3174167855443931 0.3061255029105997 0.29452211753248286 0.263363057703968 0.24997603131481966 0.2405515638675564 0.2633474235530423 0.2628914315149313 0.28461232957642485
