Raster_benchmarking/continuous/raster-353.asc
NCOLS 100
NROWS 100
XLLCORNER 1743153.9324143787
YLLCORNER 5469296.819449724
CELLSIZE 10
NODATA_VALUE -9999
[rows 38 to 56 of 100, columns 0 to 42 of 100]
0.59815420852714 0.6513120862954536 0.6813185105277613 0.6346331259329672 0.6097187605432622 0.5815574455465954 0.5119672537817541 0.5414233314798435 0.5038877205056668 0.5354797411815709 0.4999065926459998 0.41063641197022754 0.3660334345188304 0.3946441813503543 0.3171412062095078 0.30590525599815604 0.33072885519025386 0.3231685563306701 0.2846963016528511 0.2623518055051908 0.3026824435421611 0.2814734290099924 0.2929285486412029 0.27467217831971075 0.272050436606555 0.24670919757671167 0.2064353059544205 0.18895590978347737 0.2248268528023399 0.2825729772812871 0.26846465768974914 0.27545195745620554 0.30675331730963223 0.3526931239016741 0.34493256390700466 0.330929523134885 0.32353860506766674 0.3198880109640571 0.3802452693781524 0.3746972485313104 0.33633910499935327 0.3405736024309932 0.31123158127260414
0.5848019510436356 0.5902173902189727 0.601007416163523 0.6405224731655325 0.6180731159607922 0.6006675432237326 0.5340976920439906 0.49068722486723965 0.5116967263324941 0.5206513095588056 0.4802787033467481 0.37695329479063394 0.37262740016589896 0.318794969773133 0.33199398540551334 0.2763896604621661 0.2681541318818943 0.2766622476492332 0.32137989111835363 0.26024101771956215 0.30169635315174254 0.2646150949286995 0.3281011789081415 0.29903089513151504 0.26503481384607774 0.1881873254338379 0.20943040827394563 0.2277216097596981 0.2283648029581738 0.31142121163457953 0.34446190520284453 0.35194170833684313 0.33887883738929603 0.36499702155825825 0.36461778713109005 0.2858169508494495 0.2642533930003028 0.3066394293217885 0.3305419754182505 0.28473015800827534 0.25357495069186964 0.3010897615540582 0.26552602266270725
0.5433244675886143 0.5754987108019077 0.5852815875734937 0.6019961087754623 0.6179910380960371 0.5353854336272429 0.47883248095679015 0.4811286823355723 0.4807786621282534 0.5156410180601717 0.48914465950289526 0.3975506592121759 0.38016256434377643 0.30941991312701445 0.2938854046549363 0.3267799103518605 0.2681001114917018 0.2877716396221763 0.28553044800617494 0.26710292374617683 0.22622575138032405 0.23486390047472966 0.2585344217035157 0.23306366756131278 0.23650393507148326 0.17011009520760614 0.20307332908471745 0.24707473308663 0.2704530743548176 0.2769865023918497 0.31097815672832957 0.3087020761429423 0.3017847452488844 0.28842658492598366 0.3130343103737995 0.24595013148840003 0.21175064502353513 0.21903960689347474 0.22341256424075703 0.2384734727597357 0.199212466907866 0.2374744584532687 0.2965213440108066
0.589983183154248 0.618155164904674 0.6624713116756061 0.6371071891051168 0.5821508183472577 0.49450201175372077 0.4850661529429363 0.47194685915759954 0.5501853061255205 0.549344686511941 0.4856180681932937 0.38659817697787846 0.40986978639220406 0.3345657986626371 0.28193294861128865 0.3235449042429712 0.29872077987328854 0.22899358958892704 0.18329434245379733 0.22619491697047675 0.1931975421882996 0.25162311946440463 0.2333757932755826 0.17927768195445934 0.16220309239578948 0.19834309684770665 0.19974660024529278 0.17407457709983604 0.1968271423016742 0.2248585574637584 0.3072730594947639 0.2778194871908774 0.22559011855455277 0.1999774076397351 0.2279486030121563 0.21334978370567326 0.22012427080137154 0.20002942694802925 0.15874157635760422 0.15868745130545545 0.18479741861183288 0.20754453857699018 0.2950993269479371
0.5641469379282646 0.5726021787570378 0.5815637687269556 0.6012988479004411 0.55002565285031 0.5276102212683698 0.49191691032072227 0.5123834810958574 0.49980585146913586 0.5113937197535701 0.4837861087302061 0.38979247541214124 0.4138301259989883 0.3807975602355833 0.36134870513445344 0.30157836217518863 0.29445378202848593 0.235741022641712 0.22831342964656592 0.19942669612760536 0.22494472471386034 0.19520345055063387 0.2334908079131578 0.2134115752655013 0.2138047269995623 0.19676881134666782 0.1885560956295587 0.20034924247085234 0.2136766674163906 0.23958858949891954 0.30671561964317084 0.26120543447269046 0.23035678959442973 0.21640429701164723 0.20181663922914164 0.19361185734626205 0.19446660505220867 0.16251645028023143 0.16939813281224825 0.212543437820252 0.18068041081380218 0.22304324284839752 0.2924021471239005
0.5432705210835534 0.5516338956551178 0.5727505825055763 0.556190888415224 0.558469434472649 0.5342852992335106 0.4710216931811917 0.46744404682440766 0.4665140015049433 0.4728128919526688 0.4021950879484076 0.3874736792090071 0.33457987049888477 0.30474865131473844 0.349134281875338 0.26555787293926986 0.3107529545587294 0.2903281277509024 0.2363041697974998 0.21539816017094374 0.20907628984379192 0.1958906601992781 0.20071510161623835 0.23405865190226738 0.2101059385907677 0.20000533670924736 0.1178405617206541 0.145125640173599 0.16567892545620216 0.23689795432990438 0.25949213144463096 0.2813492746479269 0.24121439311107726 0.25335657825303054 0.2398023299123717 0.18904986284072803 0.21676851303539213 0.19870265814953675 0.2110108534571955 0.16840455197821744 0.15378652298822884 0.22319583110898192 0.22419997153411825
0.57975365877723 0.5419475934836918 0.57111245448464 0.5166461485114111 0.49569144049286784 0.5068147153068474 0.42372122952444313 0.4519134292157863 0.42870180198184515 0.38242260212217416 0.3145174468405976 0.2865308366250745 0.2622324178023677 0.2523258904713247 0.24826602812969123 0.2375342012811355 0.2636015823261283 0.2585310113764146 0.2927289062045248 0.27009787204212865 0.22588798234792076 0.22939685255311693 0.23343926994938186 0.15319704733443998 0.1518766923134078 0.18341307960638778 0.1363428261738745 0.16402839057032428 0.15144597590935763 0.16008806643472417 0.23167272879519077 0.25941063451814 0.21766921397404443 0.2453426786894615 0.24431547656296004 0.19589455083745363 0.24239964248684104 0.23877940431647998 0.23345720720025692 0.15050652588131133 0.12473471842977657 0.1673586345136661 0.14266391949961943
0.5472151641729471 0.577618504063002 0.5698575721021898 0.5032949195450932 0.4684524467094949 0.4138118326126134 0.3956354831127077 0.3539385285044971 0.3241589715366657 0.29027646830092274 0.2763492899897523 0.2876036925353877 0.21937014433030566 0.25081917873700454 0.21320775685376145 0.25567593600855565 0.20297052771099974 0.2761073350039644 0.3211037517465914 0.26066225584272495 0.20123645149283137 0.21339507654130693 0.19340104372001604 0.1376539717319558 0.12986563240192758 0.11936545381302256 0.12224055290326358 0.11368001478559839 0.1334000256567797 0.1795475412281957 0.24057707526998226 0.17769881757196992 0.1513974242087106 0.21140145578590666 0.19036840380691697 0.22244782151007056 0.24828823219585466 0.23695695264020444 0.18778104198496973 0.10538429496697012 0.08973416702722099 0.09233875584886564 0.06630887414745189
0.5124084712477032 0.5481095032355968 0.5230508153891011 0.5497013543702959 0.47275894297437143 0.43190288767678053 0.3631851602738629 0.3566281484388229 0.35261885797156906 0.31152683804887754 0.2654411628069193 0.2805503670036687 0.23296966109242245 0.22627078341991935 0.20474579714221494 0.2474744338499326 0.2285734808989559 0.2955852540608335 0.25604691436903154 0.2320871081938676 0.2306098067182459 0.1624272897291563 0.15571947313327297 0.1468388627861038 0.1293903485078012 0.12298607130027564 0.11103938355507018 0.14704155143369088 0.13860084553376956 0.14660105503810547 0.22465219439687908 0.18565569519353556 0.19370822852125696 0.15423877911888909 0.12909084805297588 0.14078129932104771 0.17049919276054326 0.19447963341067365 0.1251265380307687 0.15163211393036286 0.0778310460335809 0.096727497622134 0.14720687530861543
0.5318435550012885 0.5537324850532165 0.484314270191262 0.5215531659684711 0.5276535593983975 0.43411618336282787 0.3830456126843471 0.3396428716777209 0.3507808750453856 0.2769619426080829 0.2519045388128775 0.2693772362076471 0.27292032136453775 0.20551966670497096 0.19060886748753145 0.19723665791514627 0.22796037370647076 0.2620226355105757 0.28825635399500366 0.2661099848577148 0.21846842268762778 0.20329306624064672 0.18821454175268532 0.16438745131908117 0.10405747669605833 0.08497264375423892 0.13071818053594583 0.10220808824442414 0.05911806040559647 0.10376503331199147 0.17242638947031524 0.18427994182984644 0.17026437215574072 0.1004689679086866 0.10392283687084493 0.11432682445207958 0.1606929665941875 0.1559401261181219 0.11030798730485328 0.11036196179257068 0.12140283075350841 0.10133027755514099 0.1647322350838237
0.5504777286675157 0.5083910163340905 0.47929387603876855 0.523107770866177 0.511511653279429 0.4112016550491317 0.38399948492969277 0.30952227890699885 0.2959187260204794 0.24706817400396894 0.27093110987185876 0.2505982576370974 0.32096865949103115 0.2909507887061311 0.26599776297906513 0.24527469426954984 0.2024807377152596 0.22506994971854874 0.22409305617505673 0.2042224107725593 0.1583901578453043 0.21095268039932502 0.1487662078107248 0.11918672110675281 0.08487090209118146 0.09994920059359708 0.08505895776112327 0.030373815752862472 0.04214765426126076 0.08582507277876396 0.07518670019891457 0.09628493987123386 0.08029855212580046 0.10298577779410621 0.06942619483804606 0.0875381437110846 0.12713369372394392 0.13192848373984198 0.10033546313589177 0.10919011234339848 0.1672731159073178 0.17398493625890216 0.19087656247118093
0.528715397379093 0.5191241600152049 0.5264980954288994 0.528651504230567 0.4817007361008772 0.43988912460912066 0.38043697110911884 0.28979721909279355 0.24349110553176853 0.25130725996372705 0.25253204962733544 0.2780111596852986 0.3256982720179613 0.25202354516348224 0.25423298716699616 0.20320241968619684 0.21335752585611217 0.19171972096822942 0.13448854636744192 0.1138619521315123 0.1299231370060568 0.1611129415322966 0.15381411951769625 0.07514387849650289 0.0454296817173973 0.04954100561162479 0.0013548798101432808 0.04607521240483707 0.05527073948889267 0.03957557969932344 0.017985343030369052 0.0 0.015619588955278338 0.09615434838225227 0.06191299522641657 0.08792122614536277 0.14629902412581564 0.0910259038697666 0.10341542551112164 0.149183069728507 0.22495908116465396 0.23341203971668412 0.24640444652993068
0.44723597951873173 0.4679685404811804 0.4215445964256104 0.45110923157658966 0.47521320974922054 0.4342660558836806 0.40549435809322715 0.3355662959184122 0.23994135242366715 0.27890711181166944 0.2819185345879164 0.3153310287611111 0.3107430437316582 0.2267872709346788 0.225731222695208 0.20554023571860291 0.2277745460721044 0.19704726756169078 0.1727539613574026 0.10143172648761285 0.10526353092852304 0.07901802979534583 0.13130153691989735 0.09737421168800693 0.033306222969319135 0.08079286638703477 0.0410404541663463 0.06675895325898933 0.03733417119357915 0.020599560529285084 0.031715553542273664 0.026321175932624712 0.061152480620595105 0.05013066217328821 0.06104261505289619 0.061510255861014725 0.08902175398088451 0.08214172530480926 0.14062042345233944 0.1756743213512203 0.21192786579160403 0.24717693098730562 0.22481163515913882
0.37587954249989747 0.35893454776408773 0.32246113138451576 0.3914380288569673 0.41459573370497194 0.3637555791996301 0.330593035536144 0.2842662617914546 0.24248828341753279 0.2986147312294514 0.27680662052769084 0.23857694562792894 0.2672306130681877 0.19948806609770514 0.21980220418930044 0.1790193897799733 0.2237163906910977 0.1911209002099626 0.15649779427543803 0.10816709351735923 0.08886323969750225 0.06376940408339207 0.05079149028285645 0.05725565959569831 0.04507947462961331 0.05044086755924081 0.07448494835122219 0.06307031139933297 0.04286923241214635 0.08628662636633613 0.1035904193834431 0.04637184252720944 0.002851138136621917 0.03741292267491761 0.045295269425006314 0.0334796554698124 0.026365365309403883 0.09726188294295557 0.12920972574708003 0.20806923610143505 0.24471619207239656 0.2875064017080891 0.29240640882123586
0.3819323290074295 0.3524729636071961 0.3489186257799624 0.342727981118781 0.33079220880777666 0.33645112393554993 0.3568803709099209 0.31910525523832967 0.26600534392616354 0.28030796317397366 0.2673044049684164 0.22482787447690508 0.17579639666141114 0.1597847484936505 0.20447392802040465 0.17187027885447906 0.1808509024243543 0.20867919044479388 0.14475861218603436 0.10821982465928215 0.08673931806230847 0.10170203742043724 0.03495746308797089 0.06114623915386819 0.016514458725448957 0.05909882654870587 0.12100771887286 0.1441142553184269 0.11850443388085435 0.14370133318207415 0.12632564391869866 0.057868455327668905 0.01794401007051379 0.038448536690068 0.04055865691684379 0.01744646697037301 0.054939341848066765 0.10423990468937927 0.16309894086984536 0.16052312230658722 0.24600824932339616 0.30236637688834095 0.2985241851205868
0.36527420365707086 0.3172040870745923 0.23616212263258637 0.2669744313574034 0.3192604706715168 0.2978112707152278 0.37952731952267693 0.32754548647126264 0.27012520253668343 0.23215657038370494 0.2222971561810234 0.2514403796113736 0.18861062799724315 0.2041884502770924 0.11510174573474262 0.13000591442436854 0.18646220504854477 0.2161351714325897 0.18781863263140877 0.15797306881561177 0.15128861579518652 0.1516776189457396 0.07547651223049139 0.09514408722044344 0.039766786842222734 0.05359572630854625 0.14993927941226037 0.12883523325052118 0.15732740970807216 0.17867135994945554 0.1300575581999107 0.1336223082895721 0.05440047213489341 0.06211665047478159 0.033401102629555424 0.09003344343030986 0.05727352320726846 0.12406445465309683 0.15424120648616152 0.22482845885842323 0.22840511298634747 0.24679461701658773 0.29340333690986625
0.29415111202130373 0.2506893029795383 0.2644448922490769 0.2866409362803142 0.280027135969176 0.28540803236098344 0.29405870828682107 0.325856319663612 0.2641762098294336 0.2848703980690166 0.26101130071445006 0.2327233102884548 0.26209071565274145 0.21513922696081098 0.2174244293420106 0.1509757202984496 0.20973449871983418 0.18382491719270172 0.16811403723095242 0.1830758791153692 0.19386973668066826 0.1442094274570793 0.08708903805435796 0.08718277232927531 0.08553475463090036 0.0730275683295789 0.07904241443985525 0.0671764175686069 0.08107938676868419 0.13976569740728076 0.1145623307846043 0.1703196455116031 0.16373406947206565 0.1506789862465559 0.13601013485853208 0.09266774934033037 0.0702775775033392 0.13989798606033726 0.21535231158017978 0.22548544080860636 0.2700392893673369 0.2724829179962286 0.29122679656821054
0.29471696437817213 0.2282975073736654 0.21040821095404255 0.26499646428695595 0.2509165888053484 0.2713655771172878 0.30743421654095127 0.34624966713335764 0.33006272562805905 0.30181015762427277 0.22726563171739286 0.2708006001021145 0.2521244632418445 0.2563055842960902 0.24327220293969465 0.18122763238095024 0.20763958927454135 0.16334742055569404 0.13738937965115122 0.16346449139459593 0.18436462520827163 0.1270823278220772 0.11587069921104308 0.08223470176433273 0.02958226476702225 0.0565406509010374 0.012950179835001803 0.08493384537613832 0.07700745260934926 0.13652630096995289 0.17366562385854892 0.1799506236980906 0.18267388210802463 0.15589022860237925 0.18687172182817435 0.16076431703152474 0.14825971577051367 0.14325037419878806 0.2480321150336758 0.25570937901350926 0.26545503206122245 0.24060122907914872 0.24711850931043788
0.292518160024885 0.2590051986049984 0.25587095225788364 0.2789328923623717 0.24215052142587873 0.3036547989077559 0.2877843737518653 0.32494495766396997 0.29795807767868837 0.24549079411983862 0.24595667853309144 0.21388015422587497 0.26083737669735696 0.25364251587327263 0.18043364304822873 0.17256786930442286 0.1714390758687375 0.19407560065688245 0.19802903053941207 0.14819030138585518 0.1718559229199719 0.13277910791825323 0.06262951038031257 0.0537120029544194 0.02278780697998831 0.04262638385657375 0.017065467565709286 0.02519514310894143 0.08859325202328419 0.12073215391268341 0.11379059800645788 0.13399971469226432 0.15288051129595795 0.17151228250157852 0.14199690558514885 0.15461376708129268 0.2113513291495257 0.1718856320655901 0.17265581334936606 0.2601123059888641 0.23599108470285704 0.2841633903443836 0.2929262609896737
