Raster_benchmarking/continuous/raster-190.asc
NCOLS 100
NROWS 100
XLLCORNER 1743163.2391981096
YLLCORNER 5469296.1707609035
CELLSIZE 10
NODATA_VALUE -9999
[rows 38 to 56 of 100, columns 43 to 85 of 100]
0.6356849030131684 0.6629451872513251 0.6369901662452898 0.5828650220678963 0.5338867558830642 0.5318119830325183 0.5161942137746305 0.45394964729009435 0.4920236338258488 0.488441414011423 0.46441430229736474 0.4339741203617132 0.4032108007993398 0.4288719307708595 0.3918763605553829 0.3844496149619484 0.4280668496500446 0.3889017616304357 0.36840921184156694 0.3536767728025873 0.3776026128667704 0.374021261609628 0.41441994022199746 0.42807342009405414 0.4436695290818442 0.41047355946586167 0.3527690155505146 0.3740569739583539 0.3783556116887163 0.40078777494252754 0.3882560537474508 0.4398575659565081 0.44630579474972554 0.49951415666600973 0.5267395233088069 0.5065198127243868 0.5013625434025407 0.48154286836992766 0.484240159689608 0.47560485117982715 0.411219877652101 0.3806513759598598 0.35399593357392595
0.6931698078219142 0.7029054648254927 0.6834244777092545 0.6140987884110735 0.5445677303415604 0.5603542061081713 0.5374701091243866 0.4741964689477302 0.4944569874146377 0.4647806330841279 0.49275122369465274 0.47020568884795994 0.48605343901853876 0.4345368057551958 0.44615753463771934 0.459926074249337 0.46379642866832005 0.41426757535545905 0.35007620333763584 0.3357100867038882 0.37379717186313915 0.3875882919054757 0.41933280437053594 0.42596296021111135 0.4049877052013636 0.3966034694784502 0.3232716249583317 0.394124941233192 0.3748775199108944 0.4173806269020565 0.35192521898009205 0.4105926752261325 0.45544308193515826 0.4477442907696163 0.43998701718316535 0.4375017431056652 0.43936334967805973 0.4373083138658851 0.4605183439821087 0.43891952395608214 0.3751277343288559 0.3634851713472584 0.29933763601142566
0.6608681804985689 0.6434703356961626 0.6132855905600121 0.6068049680557293 0.5976932621050186 0.5319688921762888 0.566401882797866 0.5301285022395025 0.5092012231664204 0.496016930196655 0.48414624774222176 0.46066749749310676 0.4528840519628292 0.46640678118460555 0.4382217875911996 0.4456506646823198 0.4839771350977384 0.46742296444234194 0.3958413906575055 0.38687182469105486 0.4069494561903901 0.41694330270091334 0.41362232847780733 0.36019562230853397 0.3818726538964862 0.3621478266335402 0.32752219912803054 0.3827070059031739 0.3734733595464807 0.42224455216801077 0.40909117220078434 0.44439006845190365 0.4317088857433379 0.4527914461970335 0.42097451726577506 0.4417341586874398 0.4596397385615115 0.43944288479429366 0.40391717124268495 0.3668610798920451 0.33825413779271546 0.3284655214684008 0.34461325194946535
0.6611383543838345 0.6250278835097016 0.6361414340013922 0.6440459100895923 0.5788245529374476 0.5917712640274188 0.5776799982637907 0.566316395647363 0.5431529922190667 0.5508493504031677 0.5336075411196716 0.47519376368969435 0.41057367681285817 0.4575102887992476 0.4915345554093806 0.47536246832117784 0.4754957778565123 0.49154159647798307 0.4915957580878529 0.445349215342617 0.45588688459453913 0.4533526423123869 0.36280080205997667 0.346933196788671 0.3788944576042117 0.3372562188726218 0.3565867009904652 0.38773240946767934 0.42037060934018056 0.4367871662101127 0.45698774760884814 0.4979136919797995 0.4793469428595253 0.45852321058090734 0.43969051932958453 0.4016085873810649 0.39608477110298723 0.3728061642581857 0.36862800141407276 0.36711977071088037 0.3507257048736737 0.2887080099292846 0.28133984306485244
0.608619248774172 0.6130494557828733 0.6146880952570842 0.6484416483646469 0.6412899455407111 0.6353559941979425 0.6366196329356584 0.5625082160918835 0.5735468146348086 0.5315786968453532 0.48208691096416645 0.43494325150403734 0.4446445183122051 0.4162821914242911 0.45067833829157417 0.4871346281385896 0.4909089129070546 0.45630143209385365 0.4717628356077917 0.47491211686282647 0.44403658439084276 0.44734649487132355 0.41096426280044845 0.3641921935907057 0.38551302186520864 0.34432442692009463 0.3646468178481761 0.3533957873899098 0.3944331712287855 0.38751782569329135 0.45679494633916906 0.4812060635509572 0.48257278183275426 0.5002750503740747 0.4427375821129843 0.41831514169377165 0.42928372929283626 0.4023561571613241 0.37279425429578317 0.34458148185405757 0.3096961712784311 0.30224493756210885 0.30362557329517376
0.61786682113447 0.617939362484548 0.6200744888650563 0.6240723906370287 0.6565642018422798 0.6396755500128526 0.659685468648071 0.6337884050239336 0.5953045372018873 0.5081319287143332 0.47122588745791977 0.47318668289017235 0.44703408063522104 0.43534640804466146 0.44220144090390123 0.47981011514021804 0.492818111670369 0.48283153402737117 0.467221779509901 0.4552025656474728 0.47921402604166236 0.44377232906329217 0.39763346264443117 0.40532584020018164 0.3900424500226651 0.37246251983466144 0.36694771584228775 0.39355509208379397 0.3755028128649324 0.4024291518120038 0.4258147725478151 0.4758292779975558 0.48179023846009533 0.46456114472599275 0.4865053544166019 0.45580382968575606 0.4331425038734226 0.4130352585261762 0.4164126195062956 0.38744155423947024 0.3465357522919715 0.3728311538048075 0.3444774656782203
0.6035008942057759 0.5827465824612622 0.5793559454112384 0.6337303480503848 0.5995402341985173 0.6366963921326936 0.616740089169528 0.5994786202381112 0.5597804759299098 0.5250129765767358 0.4955607854451747 0.4389747488866012 0.4821147816881776 0.44371765542607394 0.4378147248073106 0.49278881526775814 0.45027152239025675 0.44432964595262214 0.4888903463176007 0.4504566044985701 0.4761687660654427 0.4429365949450232 0.4086875432542193 0.3985849003763932 0.4129839039175681 0.39765739273053674 0.39710892702505063 0.36946493990743834 0.4368861909805446 0.4558278840984395 0.46101137070613923 0.4154802409637697 0.439665198088605 0.44664411515746355 0.43241458663623455 0.4394213968608043 0.414287014852041 0.3720560599354397 0.35925101452800406 0.34437684566447974 0.3305145632776715 0.3749988727328366 0.36971871267906037
0.6029403220362628 0.6239888674088799 0.6027175820837073 0.6018872297490474 0.5928870357930485 0.5854327247222705 0.5904255006880876 0.5932950035680875 0.5888731307610972 0.5438685019679653 0.4876256750833352 0.44775877088154836 0.4753700548466638 0.44734599371398265 0.4496253312267183 0.4853688244916044 0.46080128959800765 0.4850094957594363 0.46436854263897465 0.4632934932192577 0.43240871777214773 0.42284260890691955 0.3964364407517146 0.4139733149281157 0.3912614295719606 0.4098736970337603 0.38483173779237595 0.43269351846412296 0.4557297995621023 0.44591875465413233 0.4362847412253072 0.44550708105279446 0.41516101519443777 0.43678402503330926 0.43435772062420874 0.39200880366173524 0.36073824728119264 0.31966307684440914 0.32973850966726076 0.3175163701301385 0.38184276921048216 0.3393768018280149 0.3130358629005694
0.5705242305078849 0.6010899784303692 0.5948557166425651 0.5934202105086326 0.5903362457248492 0.5923072964134087 0.5892085075220587 0.6118741568928185 0.6186661482199904 0.5756784651216712 0.5632672378349841 0.5151413280849765 0.5036828909107809 0.5283991918425018 0.5248210870626984 0.4919161994422239 0.4725996518071861 0.45902076716919243 0.46653026541865644 0.4326209427008877 0.4243281127078495 0.41955144002093203 0.4142375354729287 0.3770056010818508 0.35932974699670317 0.4139297362218989 0.4173090424789914 0.39187374599488134 0.3963426793395339 0.4565374217875626 0.43115220502347584 0.4416352379318461 0.3990540667848032 0.3612099687662983 0.39666993742039036 0.3862323176579162 0.34084663488924455 0.33252857501862243 0.3571296128825155 0.34124379068634914 0.32633135191538576 0.3065477074115206 0.2893389959009043
0.6054174188782766 0.6010028337167151 0.636200665119978 0.6151388271385361 0.601522521110525 0.5885401154438226 0.5939417286906068 0.6411366397206855 0.5881832139357656 0.601405692914772 0.6318130445406918 0.6204691319215044 0.5604872253433341 0.5793157394070644 0.5543948180322292 0.5228089490332931 0.48756191101232776 0.4714111125806274 0.4826696232726785 0.4527788434690494 0.4283420151952951 0.41146947610522583 0.36889219616698127 0.38479029089494887 0.36810232740632554 0.37776546865253774 0.4424582659279206 0.38446066055327804 0.4068238034705593 0.3935642787180815 0.4126137481159235 0.44026925679194406 0.39203382340731396 0.37169009868554015 0.304025502565967 0.326221795493392 0.37188598513246257 0.3743988257307129 0.3645060458423492 0.3652429733006732 0.3116543411237606 0.30534825773646507 0.2808024586168313
0.6592981986962269 0.6584271911721639 0.664514824672074 0.6693690607656166 0.6751429248898343 0.6397882039246824 0.6842674867861014 0.6404770697378714 0.63489926459466 0.6581584610989201 0.6508761435353947 0.6457459339498296 0.605286022813556 0.5715574728033115 0.5561081954788484 0.5591689661503667 0.5374541950343293 0.492414678359133 0.4709456097302565 0.5006219780938778 0.44802385849380844 0.4297711138954535 0.37291631583982465 0.4144244076116507 0.371911232827976 0.39253480067606844 0.4324747245737016 0.39628123610461646 0.40003147659132576 0.39303764811534864 0.40100631227917816 0.4046846743177641 0.38573004288359375 0.326690490017151 0.3649261758912734 0.3378433701620235 0.37147692749238437 0.35940604441915275 0.36838343107154153 0.36551116896573066 0.32036640611075384 0.31420533191678096 0.28640320688714505
0.6468081314768329 0.6669045178069123 0.6577973034616984 0.6780929892234455 0.7272064023849161 0.6994654193863933 0.7386776855881543 0.701519515970994 0.6864110874464102 0.7147681143394398 0.6854031648229914 0.6239415482042567 0.5899216299507379 0.6094989658047092 0.6433419776681646 0.6011825604182682 0.5624160894428372 0.5223291387353881 0.4968439207926598 0.5077970304559439 0.5051975756182489 0.4613638944751573 0.3975280321522845 0.4014505764908733 0.4058238320054977 0.3865793709953599 0.4195907963353326 0.39580862458221344 0.4140392636436197 0.41056539736398423 0.38875019282264434 0.3644727619601508 0.345363835667623 0.3276061674288733 0.3713686053381035 0.32855979180524414 0.3379906603254627 0.3281420362283269 0.3962126494703506 0.37388685342240086 0.3811878356283279 0.376555653523455 0.3399813747580332
0.660487818980716 0.666725862497599 0.679726862108725 0.6700442105928198 0.746392102548136 0.7638017321489515 0.7674493665919092 0.7478658435285223 0.729447849754048 0.735332404852207 0.6739569807733518 0.6336516838381197 0.6153765440626228 0.6393542707185597 0.6322885493111494 0.6031198264880661 0.5579066468097957 0.5724573994156453 0.547893662066684 0.586047725294538 0.5651687774988171 0.5311022402889564 0.44627350838991714 0.45128644095328024 0.4671980546034903 0.43064821332105724 0.41839749711115654 0.37492159940871805 0.4357373325105363 0.4300042356559174 0.4262838602165691 0.3622698249447533 0.35274072778146287 0.3346211700925065 0.3800351634135761 0.37373797322126584 0.34578464155459215 0.32645562610659257 0.3750481271986104 0.38810804385764625 0.3945203014849171 0.352523630671554 0.3489861281520257
0.6838713455894164 0.6772768801078813 0.6751755838658743 0.7081007891270191 0.7023233474882079 0.7403661371273271 0.7921180604479977 0.7633486928148083 0.7653641360611918 0.7566340765804337 0.6878462230402201 0.6893651129693397 0.6292963154694516 0.6872085590040371 0.6758993520040056 0.6280161515074998 0.5805956524986654 0.5665779683792354 0.619403196483157 0.578530820014321 0.6058035685496944 0.5309578433461283 0.4942281846504736 0.46603791874598743 0.4514945037871251 0.4236517301274459 0.38017480174441615 0.38048754633164694 0.40096390641857815 0.43712081368569217 0.4476453165546402 0.382686230338526 0.348422481778858 0.35901677031647045 0.3760918681572859 0.3588482546779223 0.34601934681567115 0.35670483290437455 0.3550262719521867 0.35227558264720676 0.33660768106089267 0.3126984739643211 0.3362817409967631
0.6805284216374676 0.7039668577477727 0.699414510650964 0.7237498167647035 0.7573763783151637 0.8102973150030648 0.8306319181234407 0.795174106183938 0.7806947147447652 0.7563855127061002 0.7009072587036399 0.7201830978232114 0.6626821124965724 0.6832168855693684 0.6637131930760536 0.658246462766059 0.589015353908313 0.5736567571137563 0.5760843096435047 0.5912048510706158 0.6182518666415983 0.605010280835249 0.5399821560799728 0.5025593974144664 0.5040946367655067 0.47109613933497885 0.41713681926464896 0.4317912473975065 0.46569908699741175 0.44675128672683007 0.4004661764821553 0.36917973001135684 0.35189455323707897 0.3857678049953831 0.3433819978739599 0.34815252503234057 0.3374406778382159 0.3404196682925962 0.3449134481376304 0.3797662013632722 0.3546814016165666 0.3296600098257732 0.3345898304056852
0.698612670952033 0.705891454627758 0.7415368925883464 0.7332863834591788 0.8075819270963308 0.8242385709694328 0.8183599424208913 0.7743089179617786 0.7586244189552371 0.7272439797251482 0.731631841114004 0.7431271222476025 0.7095688267931287 0.6967816286886273 0.6990172556873964 0.6333060130866696 0.6205823769673212 0.5779623167471273 0.582319045177836 0.5881188966392521 0.6159656507659494 0.6009918426654808 0.5962440554883813 0.5154422168554437 0.484314972848739 0.5137683209490063 0.4899201754805568 0.46825693764782206 0.48803574431417385 0.46988806121891225 0.4353480232075479 0.40890529059982017 0.3755847784544308 0.4054438645256882 0.37092615824490954 0.3863238968829836 0.36269868766249447 0.3583331168302531 0.3638806194031659 0.35442549922048416 0.3823122872812414 0.35720085747755054 0.3096701914915848
0.6993726831784116 0.7319955236647667 0.7644415305308843 0.7574267401949455 0.7992752198565201 0.8069884186255526 0.8021865044521381 0.8340512101903739 0.8018401153970528 0.7577693466248487 0.7637474932576248 0.7847828939079803 0.7339623513323331 0.7339382865019535 0.6972866397401066 0.6496221184752958 0.6228391838109019 0.5967073725789097 0.5917497880165228 0.580100433514726 0.6240921271906859 0.6615236801221059 0.6326517487861413 0.5537500963017264 0.4919584481322518 0.5031037992307357 0.4700607925640567 0.5015133156697429 0.5069127077328518 0.47083052764621935 0.43028627920972246 0.40881585533083076 0.4086343120383722 0.3892005342738226 0.3789860041013785 0.3786477466973491 0.3692900919698091 0.3492338619166733 0.372046615156986 0.36433450976113474 0.33186497905741325 0.33386943921943374 0.33149480366033596
0.6495338225430264 0.7300587114211324 0.7798406869421641 0.759378558396648 0.7696030774249112 0.8303028941703177 0.8639561373610276 0.8561519375276679 0.859118037764702 0.8114907824309526 0.7844269876021491 0.7746136593849764 0.8046106480233647 0.7294451438935289 0.7312813129993614 0.6797297584133053 0.6468198428978351 0.611815791405139 0.5545072242493585 0.6290542874682439 0.6715887110077509 0.668433674305474 0.6348127328714992 0.5808260682020571 0.5512112101292156 0.519684382471711 0.47218770986350145 0.4859532721382211 0.5018208539386759 0.4605325895059582 0.47491997334889097 0.46882955691673905 0.44211448962640143 0.3803280483387208 0.3650737098856865 0.3922547163109776 0.34196647614005093 0.35220947338743036 0.42450886860073905 0.41450187087350365 0.37388111785400785 0.33774135179528364 0.379121388092652
0.6792198207322829 0.7157872435579298 0.7714007358271843 0.7730747802517502 0.7783493778122347 0.7590313503573419 0.7876866174248989 0.8393924428292425 0.829072365579039 0.8155780126128037 0.7936910383180488 0.7578590828287338 0.7546937809440905 0.7299909722861342 0.7363190881838405 0.7191518506488844 0.6809797044332369 0.5971521339912087 0.6110458830589924 0.6498878163680168 0.6779807891103993 0.6781482862228484 0.6291752993893942 0.614732151771101 0.6190844407750324 0.5718416066820519 0.5156875195334436 0.5069042805094126 0.5545538199816107 0.4987143754650638 0.5052002794334527 0.49232036528475537 0.4596964380319045 0.44254021587767833 0.39830447224220517 0.37186422754234266 0.40387413909327413 0.3601834369841518 0.4039586690432189 0.3985229064829061 0.3704993607747901 0.3474883911988426 0.3782437100794898
