Raster_benchmarking/continuous/raster-361.asc
NCOLS 100
NROWS 100
XLLCORNER 1743150.9295434658
YLLCORNER 5469280.555703768
CELLSIZE 10
NODATA_VALUE -9999
[rows 57 to 75 of 100, columns 43 to 85 of 100]
0.37671185187715495 0.3483647488756678 0.36443366863130877 0.36397281569740075 0.29250402329340075 0.24616515440957182 0.23974620566644497 0.19688664622267618 0.1890426792719157 0.20335480361009595 0.16669722007295182 0.16502792665842972 0.1959792019039216 0.17580390968849777 0.1803697531169942 0.1913344484321914 0.18587155757955273 0.19282412000623284 0.15292023395768486 0.17878481495844048 0.19929373204830347 0.22668654594103038 0.228286689293646 0.17720041803094366 0.18811160214708472 0.20800328212696798 0.22981567159306854 0.2132756156254471 0.20787136547801768 0.244487036108152 0.25843473104405423 0.29648360552518593 0.30231911342121215 0.2758121355748407 0.3219433772910505 0.32980408179878545 0.34931647628231816 0.3325277077167881 0.2935701739123999 0.26965512132474356 0.283804657551171 0.2773809865012329 0.2292989153845596
0.30212546967687154 0.29425983540269207 0.3131993792861783 0.32230739959704907 0.29765590738906217 0.24758512409437708 0.20907289938448317 0.20916733831624135 0.20914991007096137 0.1917133994224382 0.16954773788176444 0.14779366392931864 0.1658317501993964 0.18058757278812304 0.18210624878826157 0.21676231241267171 0.2211166556857579 0.17723745727995582 0.15346230094207444 0.16199816700184805 0.2221988847597197 0.2381307402345759 0.20977223842784173 0.19736858374721816 0.204406082432066 0.2542386642405843 0.27729732812247504 0.23552788467168706 0.271552623691876 0.2636062817778721 0.2725238886735871 0.28323611692281947 0.285133775083797 0.31748596895660064 0.3546701466967264 0.327912389024976 0.35932136980459184 0.3304194984301511 0.26718755226091057 0.25898781322847436 0.26391725413560824 0.22708139011838918 0.1902816443658833
0.2786899843024972 0.29050690695882897 0.25970068525733303 0.29088086053089396 0.27853418708217764 0.2511260924285647 0.20718191990023696 0.18343131934597998 0.1942272965481369 0.19278402443871157 0.21049194408413308 0.20742847559024588 0.21281902810469414 0.19643739829950535 0.20765718840187655 0.19117547527781328 0.20828138123424514 0.1711296603229429 0.1960669120366304 0.16975531042192443 0.1987208029451268 0.2398381950202617 0.24706871753316573 0.25014964314686033 0.24757474403651467 0.25629296059217765 0.2943407840748688 0.2986121128552972 0.28791661373271227 0.28994226956036795 0.3364043232925041 0.3478260061942398 0.30683247515601825 0.32793433705528746 0.3580076697255496 0.33676745604089 0.3329923292978156 0.31914633176072327 0.27687721396050463 0.2439240177442618 0.21479121456671382 0.17343764348405355 0.1767447873987235
0.2556464005763498 0.24684474693458344 0.24929139802469255 0.21550965248579304 0.2610942101099941 0.23571888623104792 0.18875890225740596 0.20909264773612252 0.235680344407566 0.23703701296756824 0.19528834970999906 0.19715259400935375 0.20094336854384323 0.22715415811945705 0.19351738328382023 0.17301295859391708 0.1796372546206694 0.17341306954380997 0.18788636136263273 0.20633870381955782 0.23438084017987984 0.23412280245136688 0.23579357062397388 0.26288149816541695 0.25326799124561666 0.29961773855242024 0.2962099993850454 0.34374712519206513 0.3146220924547065 0.3310713181111743 0.3595654553006319 0.37895437609178684 0.36265275534159824 0.318716138748065 0.3582245886339311 0.3847067281126038 0.34017315559947603 0.2740991060149901 0.25113973897457487 0.19125067739097462 0.18771159207616744 0.1497661167396722 0.15808135977037222
0.2175094766279444 0.22086342368052223 0.20399847848834476 0.1883974606985614 0.21528589507491463 0.21476188472386884 0.20048802759144485 0.20696259349137056 0.22687178890722717 0.2271564584922157 0.2074021900677881 0.20202104030020476 0.18743930087726154 0.17924117036474307 0.19589737686143818 0.16613433173201736 0.19181344710449216 0.16922042343796725 0.20073565830842 0.2212904847505372 0.20167566422645375 0.22613745501019133 0.23299078179956173 0.2881452385412216 0.28746062349929463 0.3098049291982493 0.3312328352499452 0.32314707146253446 0.3114631059483104 0.3022072490606268 0.3506568471859372 0.37363602484941955 0.35620793997398437 0.3361443488926088 0.35056876741411996 0.34141069754730774 0.3294738380285341 0.29323886156750045 0.22741907601480274 0.20702347959587933 0.1897137568823692 0.16905554028806 0.15987186771356574
0.2002975911769716 0.21931253205333417 0.17686647175692044 0.194209272100142 0.18388619826692398 0.1779091214597413 0.19376236218965706 0.17946704239644648 0.21160384952226294 0.20232956469847344 0.22396319632536235 0.21288610554625714 0.18080742668037392 0.19672048335569434 0.21098389417467012 0.18132586860000324 0.18686692051927628 0.13968697182327572 0.21387400741882975 0.21811190217119672 0.20204916795892355 0.23237769012272336 0.24502688929682923 0.2695051419289121 0.27498321756793004 0.27833024643780613 0.3282391478554426 0.3173630256619122 0.3327863999417853 0.3081649546154277 0.3451323314991587 0.31793223620245536 0.3441678695206291 0.36051400412542906 0.3360215109582418 0.31075918081961307 0.305881064041689 0.2910219276527119 0.25808768882948546 0.22414859335009243 0.21239138877451935 0.17156883305513418 0.1425895911374274
0.2170390202703332 0.20355009684696704 0.18358811421715598 0.1896672644643408 0.15414605637590859 0.15146505687823256 0.17508606523412476 0.14361739485866126 0.18536698934946774 0.18670449170058542 0.17863388166130587 0.1908960999570561 0.2023308322944442 0.18425391689431952 0.19940263977656963 0.1448500579324642 0.14698341916627533 0.15079302129642533 0.19808829638407155 0.18032869737810728 0.19768062799631614 0.24234197073151373 0.2491051873234413 0.2764807246733999 0.27149644429673075 0.31220817002095597 0.3442316901636522 0.35262354868190304 0.3241672299803674 0.30136400259835877 0.3133128234836557 0.3268993127804135 0.34538686166215465 0.3453663682179815 0.3148256702591556 0.29571345143078187 0.2969676210581281 0.27239903253426456 0.28491037358208426 0.26244571006666617 0.20361147047738815 0.18511294942939477 0.1432542887648566
0.2314286072097982 0.20097785621524814 0.18518090743487242 0.1451314477162693 0.174508642999677 0.15367737238188786 0.12555460913690256 0.12636783106721078 0.14499107028131988 0.17667383289959013 0.17591189353569978 0.20574929902537464 0.18874446048357388 0.21001244892005952 0.1588451706883589 0.14752241173147915 0.17018006149889328 0.18920850241398868 0.19953822203258595 0.18310436359785293 0.19442167872538352 0.20295610023652608 0.20959554331424138 0.24127140192229088 0.2903383813166366 0.32968269812929624 0.3414552152851861 0.36182605813537655 0.33268438515754784 0.3291404990395898 0.31498525147206985 0.3107966676948191 0.31840755416241756 0.32038648866061964 0.33638315797902807 0.3431770007350399 0.3083126849823182 0.3092097295690989 0.2962909810344937 0.2601830282948309 0.23734764765761265 0.16460651244773317 0.15795272301022018
0.23633400117333087 0.21681630767839616 0.20214596343483027 0.19825924025892847 0.1829630646110623 0.15092683910215027 0.13727960137839965 0.1604367763683993 0.1391317089904127 0.16545436673311334 0.17022404040880726 0.21559120715286736 0.19231475391579456 0.16956712493378176 0.15031994681319807 0.1340759030055273 0.1614432983626424 0.1706977453519401 0.18066007470403594 0.18312398583008166 0.19243343212056055 0.21921893970972775 0.22310775662211726 0.2370708810613908 0.27249039134439357 0.2812455427758936 0.29646917918355825 0.3193311856209093 0.31598539020362143 0.3163102927097989 0.30405194377653816 0.2840376801535764 0.29195622971254975 0.30879008224291754 0.30146329143689726 0.3223626347150117 0.33428934188369724 0.2988242612196547 0.27158639141157576 0.2758024607837036 0.2319599637800522 0.2102915636357798 0.18352624401714884
0.2615601014800196 0.2459915127072655 0.2351985834521536 0.18618631514384223 0.1717487283007414 0.20328804794301794 0.1846760184791706 0.16121087169452533 0.16572312484308463 0.13643334454057604 0.18821983849407578 0.19987538149301018 0.16140334995131822 0.1400098226058704 0.1647470167771799 0.14892991733591995 0.18837609058847254 0.16714844670724371 0.1773346251370178 0.20997622406053926 0.22711397041539821 0.2471903126576873 0.2233490700048795 0.22001269482263683 0.24518975876854252 0.28266067808769063 0.2842650237645944 0.2628591026851622 0.2628298150330932 0.28501175530610184 0.28597954360965966 0.32806515416560167 0.3095406518889164 0.29779404706102375 0.2730454668302803 0.305190964220929 0.32201316767806737 0.3064070148477889 0.3027101819648861 0.2836705755484875 0.25284518287053476 0.2145093504184307 0.21044802166323012
0.27265547933262474 0.24357730852258433 0.21762732487298006 0.19982633990045912 0.20312436951125937 0.22291618574258704 0.191483431127967 0.1839315672756979 0.1884646236321161 0.19069714288193496 0.18511791914640865 0.17268807793824326 0.18519925763117398 0.17721940554009505 0.14915593007389205 0.18466047855368783 0.214472234837597 0.21091365924014135 0.2413239147912503 0.2615782692553165 0.24954309369272865 0.27888321569810115 0.27939575820175405 0.2756934617700412 0.2469927064432109 0.2644810232077137 0.2690332719733654 0.24601079277239127 0.26906549946526337 0.2629877933441479 0.2786867174161916 0.3254127778691818 0.3213401383859824 0.28846881136641483 0.26811786906072793 0.25682560752952077 0.3119045059565497 0.30000086431237966 0.27443327518841665 0.25835057980008913 0.25387459254715167 0.2033450960979919 0.20343313059526252
0.26351630021782957 0.21218269557864902 0.22938313645197564 0.18364584296630684 0.18470483651925618 0.19284837993430579 0.22465642562935978 0.2187529712855982 0.1843517696765123 0.21076877182131393 0.17844186289783356 0.15412305334938226 0.20098049902103124 0.17711275375991817 0.181116962259432 0.1941898447888741 0.2127351233468004 0.2635603026225334 0.2951792125142444 0.300486922622141 0.2649072158440772 0.2975514759816204 0.2597256621025427 0.2734217965110416 0.2826649878715409 0.2521544262509076 0.27560236506127445 0.25914952931419194 0.28261447858176986 0.2588423452027749 0.28295747498590984 0.2756229669250413 0.32687239188682415 0.31202135489823674 0.28077205235508024 0.2374264059846838 0.2786852433062914 0.3075043070678835 0.2922494641184832 0.2745532814127584 0.22434964848919337 0.20187780776814793 0.19484592598492453
0.28731868036988484 0.25246358321025386 0.23879427041483275 0.21324376102015383 0.19573119965690902 0.1899978354450433 0.19596700531789601 0.23084810049986335 0.21164110999000543 0.21198644646283618 0.17458995224139576 0.15742514675560412 0.19152462913955895 0.17081550147238986 0.16960250523309958 0.1867641974461499 0.23968984614857614 0.26879455969770905 0.2932048028358658 0.27201169426470545 0.29738397770822167 0.31925716127654363 0.2822656672507972 0.26980563205952957 0.2708205735587635 0.27994670544212924 0.2705485932770399 0.2874323804877853 0.2806171786504597 0.28210205046797376 0.27559205671695175 0.3152758629294945 0.30506161452082436 0.30101635230872337 0.2723202841108485 0.27320825269784604 0.2832734472452074 0.29593803618614895 0.3015345157621413 0.2799087481029584 0.22832708641572827 0.23674711878232388 0.2223555906567425
0.2716873116966805 0.24334162633386636 0.23764593868027642 0.2473396908265336 0.22503799785450315 0.22041556662453585 0.21923151890120984 0.23304517413299858 0.21574249027349532 0.2305685676792957 0.20037747843563675 0.17499687936509498 0.1834920333648023 0.18408283004514486 0.2024316899667275 0.2143966351265841 0.265323307865695 0.29746885386690514 0.2729352149174047 0.2795427801167609 0.28391293863967476 0.30182407728851085 0.2998876185049884 0.31822743191856556 0.31637346075648193 0.31547113046029557 0.32077933974645645 0.32107581812807023 0.3240958969315835 0.30390510048733416 0.3220776430199395 0.327131170204421 0.31751317039140636 0.2915433038340341 0.26803538968720786 0.27805036279266115 0.3026933427688306 0.32213666955135917 0.2988602958892532 0.25393659835966026 0.27046049829866614 0.2506103961043062 0.24942302157715265
0.2557776882488577 0.2558734396823819 0.25333133129922203 0.25525180418347626 0.2624205745576103 0.2574379518353868 0.2668058682860729 0.25716486942544015 0.23823811569819126 0.23629308989942682 0.20007021681368553 0.19315495696599722 0.19806718256294523 0.19301393138385514 0.2100496906400019 0.22521961811273317 0.24350522163473942 0.28036106942613126 0.2922448490373182 0.26799329105909847 0.27976234041959486 0.29487767482878796 0.31416698551616246 0.2987625440377057 0.33424324353096896 0.3394053835130989 0.35718336444188364 0.323844177251517 0.33707837454677975 0.29872413135678977 0.318763142638903 0.29936631252295937 0.2828318226357009 0.30886178386013835 0.30404193355190173 0.29548930810373936 0.2925328054700527 0.3272383404252463 0.30384929940221034 0.2878878997742973 0.29013787204839736 0.28991702651410023 0.26048265841177015
0.263866006070255 0.26536918683300076 0.28212163958218806 0.31639823997900557 0.3058071811329822 0.27551073610692545 0.257305224200775 0.2759482267299911 0.2580988629227192 0.20435935513357445 0.16088657626457412 0.14662719926254314 0.19124603868559661 0.20464322027894893 0.22632676659683673 0.22484300007256972 0.24255469771368932 0.26263178980065344 0.2728421472988493 0.3125440871766882 0.2801003064324982 0.30351193256955117 0.31963211598958424 0.3285927499619732 0.36869356457973507 0.366809444373917 0.3709537256667414 0.35077612091538163 0.3322828072288557 0.32073220041321654 0.29107011770184665 0.26783848106243163 0.28571577547180677 0.28027619937407133 0.2968307634434825 0.2823142829883419 0.32221495909106235 0.3422488727643283 0.3346762941455803 0.3265898103802961 0.3015103522381986 0.29775523483615496 0.2446224125653772
0.2858723503485446 0.2850304960317845 0.2657236330796985 0.27099580443944776 0.27751246022847664 0.2890451115751026 0.2604534132202068 0.22769252084672795 0.23050302858346802 0.20613781904931766 0.18671457847791512 0.17851704478044317 0.17655800810102606 0.2077429177094736 0.2471538544493432 0.25592252187416215 0.25381908642749296 0.2477528653614415 0.2716956845624922 0.26810228687070436 0.2803796718259105 0.30851786835321726 0.311429147324311 0.3199637782980882 0.3704923251557702 0.3761027992234836 0.38684052083971165 0.36193826219414377 0.33387010774273024 0.30879470725297964 0.3130778972895356 0.26497508768188754 0.25557768185189156 0.25548422320431685 0.27862790533426746 0.28516079305964404 0.3055978490241288 0.2961578329071558 0.3044284172018376 0.3234366314762301 0.32086442318998687 0.30627305313793884 0.2674845940362843
0.3021817948510758 0.2897883328415165 0.29255901204381524 0.24949293945276405 0.2869493555957537 0.27112291717356946 0.2629733382402457 0.22975831631774218 0.23251086077977534 0.23635435032142754 0.20455788588596568 0.2122459472757796 0.2016301412830057 0.2313549963865934 0.2453606676032598 0.2564510003374918 0.2340154328358019 0.2752507877040462 0.24539788131331658 0.24335727650559527 0.2869067275877004 0.2966731657891594 0.34147532618740845 0.36447015309884456 0.36550667422013094 0.3971277960827616 0.37794871791911 0.38418186606006305 0.371823874000146 0.3253135420151094 0.2937856313384007 0.2750572655363522 0.314008775538957 0.2972589514084244 0.27650538737562264 0.31119196708239444 0.2826179501347042 0.28247017793279755 0.2899929090992878 0.32733043815813 0.30548584584107197 0.30093075531889046 0.28876941541163
0.273954316316433 0.2486259578736124 0.2732034827913322 0.2619129726570708 0.26045347806872265 0.2558237788758041 0.2323412186953368 0.2257230314189338 0.2230630146784953 0.22710169094874874 0.23583301642424623 0.22921536758640262 0.21417912326953711 0.22687766427897074 0.20121002291320542 0.2351956008260525 0.22792205591467327 0.25757202387163214 0.23932631689771833 0.26883896993533385 0.2473218349904041 0.308714534527962 0.3251833313272196 0.3729027459729687 0.40249384286545603 0.39976381062757 0.4152359397255434 0.40171908026216024 0.3703477120731578 0.3411462361389281 0.30709279950911333 0.3280134401599632 0.3294840878584465 0.3103993629093277 0.31390352180990944 0.3235242339358955 0.30225973782622567 0.3337447226607339 0.32903524517699995 0.3087879563138506 0.32152783767376564 0.28066962990800437 0.2846085060698296
