Raster_benchmarking/continuous/raster-479.asc
NCOLS 100
NROWS 100
XLLCORNER 1743165.6765224347
YLLCORNER 5469286.977119217
CELLSIZE 10
NODATA_VALUE -9999
[rows 57 to 75 of 100, columns 43 to 85 of 100]
0.508980013261087 0.5151501229246325 0.5110125229917777 0.54146694470736 0.5765770802465342 0.6325508351694424 0.6353630155363443 0.5948865046543602 0.5734888777767537 0.5818859228760436 0.576716962386301 0.593378321596481 0.5964618027344452 0.6151851343728933 0.647616823262247 0.6481408448983621 0.6674540365267853 0.6358359694351297 0.6175738376448195 0.6153676693334883 0.5842629211329757 0.5637080777145392 0.5306831112317965 0.5387888013698481 0.5343957952920753 0.5562536021576902 0.5537170505273887 0.597554332058363 0.613040002149462 0.6129400149733263 0.6167527317480818 0.5943974871120475 0.5817021896989854 0.5919773870028298 0.6282817131478128 0.5968616245234373 0.5521511950348373 0.5321711451209986 0.4809488299997098 0.48662443154876533 0.47171032058624424 0.5047147907992072 0.5322141544121041
0.5084721758383365 0.5364695439565939 0.5463729644637613 0.535566285354418 0.5751768302240472 0.600480942826211 0.6093045674222977 0.625844809494154 0.5933247765310972 0.5737338517028565 0.5856021807606876 0.5955838081812378 0.6061229310707195 0.6153659678262592 0.6495757983249372 0.6329398035427065 0.6565421332528278 0.6177554584964291 0.6103595276817786 0.5953418585302097 0.5717235719085424 0.566114981882429 0.5694419008767088 0.5564377323663198 0.5264370412765025 0.5556432404840592 0.5406053787395165 0.5573010345805521 0.5757120847833411 0.6107416394894057 0.606746179422749 0.6069953120709377 0.6096295652350173 0.6097710595020995 0.6219284817524184 0.6092445070307666 0.5577233199138274 0.5501314578249895 0.543441720507891 0.5098235247699311 0.46909236547780564 0.5071156615018786 0.5159987775539484
0.5166335978888267 0.5415725805694352 0.5278190100628536 0.5071102065275902 0.5202101015159417 0.5790823263582049 0.5918444913504811 0.5948319938051821 0.6084775854878259 0.5653476014871219 0.5716385865433655 0.6343003134174399 0.6548696384254288 0.6560999650747316 0.6162584189487645 0.6186241112321397 0.6629498933900361 0.6254275489595842 0.5998340272007671 0.6091512263141086 0.5554105048031911 0.5812080061745026 0.5916803529158647 0.5683941755231928 0.5511147794118922 0.5537592095390192 0.5371677849877112 0.555584146411822 0.5919515073997174 0.6187257537266527 0.6374183106639186 0.5952990259093808 0.6210777199462786 0.6375239365761254 0.578810377712477 0.6103738323969683 0.5764824681296976 0.5715057348353673 0.5483904024753181 0.5002099367106944 0.48823093551406194 0.5036223661343537 0.5761956195377197
0.5314134195712141 0.5419364153001688 0.5015332760966997 0.5354881221456637 0.5264539886672767 0.5135338719962368 0.5779931616206946 0.5772653900323684 0.5676057836659298 0.5660267601619986 0.6103733004442612 0.651367856360273 0.6395366977085581 0.6723826189108324 0.6635487252913903 0.6509001714319435 0.6260824906746283 0.6180816977904576 0.5846833535853823 0.5960691024692572 0.5915969694281846 0.5616629035113863 0.5863662784732314 0.5399879940650275 0.5306603035646166 0.5321280533524639 0.5236412020204699 0.5493881880978987 0.5515502993710254 0.6058655282508468 0.6298351607231907 0.6127292685170207 0.6070244018773784 0.6380516967214863 0.6076876958991599 0.5945790445269867 0.5970795475835805 0.58243898751641 0.5625219298950112 0.5337680983289397 0.5278200145400843 0.5211767567825975 0.5864998540409817
0.5500863421774036 0.5581865161834296 0.5029977081030235 0.5388542184446433 0.4992557579755764 0.5204094425885099 0.5431299170718573 0.5537544421833562 0.5527373892715685 0.59901632491047 0.5982262780666987 0.6450607432105196 0.6821545670167306 0.6766546096455035 0.6385628001146065 0.605649493981337 0.6437460386676096 0.5791246720618488 0.5741398162578417 0.5582748788752862 0.5676702596586731 0.5704758756303439 0.5770207879562247 0.5522703264984645 0.5311791276743116 0.5259177371559413 0.5394288709244749 0.5682699264837903 0.5502880539681088 0.6018087670704366 0.5798249245277081 0.6029371037490739 0.6276580222659038 0.6339881534962697 0.6555789237696916 0.636196925805843 0.6164439060438524 0.5768132252983819 0.5158731393862258 0.5048276478388765 0.5076993525443277 0.5434573257886927 0.576126365434494
0.5787011836950551 0.5434801052117461 0.5659936332743821 0.5636533628572349 0.5305107041705762 0.5567372194216895 0.5635074840021265 0.5533519962899814 0.5532678437499514 0.5777808407653431 0.6160709052322589 0.6281090896785726 0.685142749878526 0.6543063931418284 0.6310811968293425 0.5926369193749272 0.5974330269390065 0.572654288718498 0.573512413831413 0.5623375824572072 0.5709027593447665 0.5560418177392082 0.5801445015154117 0.571805220796549 0.5871740199783015 0.5742209599717906 0.543252825878336 0.5599113089665524 0.5814994865893495 0.5742040937932452 0.5635055821370546 0.6131012703825506 0.6339965985028502 0.6362172376396703 0.6078295634358613 0.597500656214778 0.5768666177427678 0.5565185154393594 0.5359655814974035 0.5066249388223536 0.547864217787163 0.5833342045912412 0.5954713490481749
0.5847753059931995 0.5879897275709278 0.5894365653072017 0.6053919346439569 0.584714228825135 0.5511293707643087 0.5558472526688446 0.5808439150049405 0.5649204876906488 0.605063170279613 0.6526249441825575 0.6596964674312658 0.6745719708126394 0.6290890240674144 0.6097539825675056 0.6232258740572357 0.581436131616486 0.555917272660651 0.5802040160923133 0.5879101360977058 0.579291189709332 0.5787419138022961 0.5431645721948142 0.5939880767220982 0.59759066095806 0.5796506918300198 0.5731995320299538 0.5360394353500706 0.542103379099092 0.5510444647202892 0.5543405346459389 0.5976880799955223 0.608514465177713 0.6294948906425539 0.6202595888523936 0.6131652885258709 0.5882329776784504 0.5645341740348859 0.5374527560726271 0.5498644140148912 0.5572052442541799 0.5939568346449261 0.6006195883902936
0.5712610702264926 0.6051053178107813 0.5767192790164893 0.5826393255377819 0.5635323655715845 0.5507306398219339 0.5655528870332464 0.5666288274541879 0.5666062898017278 0.5898711951117195 0.6526996173785369 0.681769650854496 0.6676777109131522 0.663156582160986 0.6672444265750427 0.6197458206171501 0.5896852387195175 0.5870140024889288 0.5562297640717018 0.5517136515474114 0.5554696251656964 0.6009671827578037 0.5718457659814971 0.5808997167773671 0.6090322936895757 0.5966641411714723 0.553456591756286 0.5467892955446854 0.5534051929924884 0.566508160767634 0.6061901808865884 0.6076816893863789 0.6366402392346806 0.609938926797194 0.6158848430401029 0.602045034532373 0.5969495422351435 0.5671586071515012 0.5722782617594656 0.5721645388704909 0.6095651781265046 0.611840283380488 0.6296290664619034
0.5490762649791909 0.5924495906508214 0.6070204426034502 0.5742073942500953 0.5605371922814507 0.5919896891584473 0.5662169805237536 0.5808082747750759 0.5775874458902425 0.59423247871905 0.6460137103651121 0.6753466099902177 0.6926307318576929 0.6844554337114686 0.6778262119255671 0.6570211978975472 0.6294253559961293 0.5917203512258083 0.5390080832795977 0.5533242295778054 0.5918564629917867 0.5795866196474599 0.5912807553440032 0.5753725530936407 0.6213908200505159 0.5994937707431048 0.5541191380143827 0.5736977922593325 0.5824817303264027 0.5776782500109358 0.6330621649110856 0.6251867491054477 0.652635385515024 0.6250705452349961 0.5895138904654281 0.6157211333190102 0.6296636992679172 0.6197004873039004 0.6065099302090371 0.6084607675556754 0.6235174171457437 0.6420073941993224 0.6345929929984409
0.5780555834225012 0.5585427568496867 0.586381568365455 0.5689501559328345 0.6035382456219949 0.6118836527582984 0.6241595181779833 0.6311834732466987 0.6027453684082913 0.6028875268191923 0.6141569680460209 0.6646732047149346 0.6486096642254456 0.6277856691187869 0.6276644791224044 0.6301489423869369 0.5911577176885846 0.5855976833943409 0.5580378122879388 0.5766237368065598 0.5828744878673559 0.5920747520120004 0.6027606960438945 0.6099767766600247 0.6294110227957681 0.5830106747366448 0.5870226625968217 0.5995669306507866 0.6081982704855808 0.5931771244360008 0.6355192692857613 0.6570865080013938 0.6451476118118286 0.6585979928610517 0.6572465961218277 0.6430441454077607 0.6187479974615865 0.6331128039814243 0.6577782042326697 0.6576106492681928 0.6369503893307512 0.6035142147079994 0.6227548132137284
0.5717525616187988 0.5833024650724701 0.5480260075898727 0.5684923666278432 0.5841403202118193 0.6223609796880013 0.6347111361793079 0.6133961582145024 0.6480920194381559 0.6454061839380957 0.6267550812369245 0.6036439935997696 0.6020298468261688 0.5866219528111322 0.6062406177353513 0.6194185802922646 0.6055940347505387 0.6108968839835978 0.5777129098720489 0.5761310565629034 0.5798951449731599 0.5924324862293249 0.5940104293898818 0.6180829214969443 0.6143254008610597 0.5887968000815075 0.5769820612954626 0.5985993069210459 0.6107902113928708 0.6032172963129661 0.6470250580471226 0.6320753401667583 0.6563692324396005 0.6314521162146918 0.6390093536912901 0.664233348363252 0.6663646668362081 0.6774616200949688 0.6792518724771919 0.6745851207253223 0.621645600489132 0.6133738737300729 0.6319675908496949
0.5631538793447015 0.5796555722190997 0.5518769334255776 0.5738951670196643 0.5860587098735708 0.6211884232818803 0.6348629413059328 0.6030270274609021 0.6116553410517295 0.6152240066281331 0.5797801171130128 0.5815611761552637 0.6204319099622463 0.5884070122512415 0.6053951844421434 0.6084909288633586 0.5994583302725129 0.6095351289316021 0.5916537956705343 0.5973202872256873 0.6182656689218969 0.624762510292282 0.6044180952869153 0.6002878742916188 0.6248307502586947 0.6310103601820368 0.628768803091536 0.6482401541122831 0.6382892446455454 0.6489177773940108 0.6160103743421614 0.6243158582490121 0.6314950273768631 0.6434136040156517 0.6635326252494307 0.6548710889829692 0.6580898220380001 0.6657869013200272 0.6709832675665958 0.6518163604484766 0.6775311815270821 0.680211092448464 0.6766244753503246
0.5881056106485718 0.5713021693657155 0.5485963244078339 0.5409117158108185 0.5503486854797563 0.6216061414058652 0.6247217775279666 0.6153625913571303 0.5838587569790661 0.5849976984621418 0.5865667313238795 0.5857864623572921 0.608009983932122 0.5815015163757487 0.5547909994124351 0.5905319903501921 0.612786728057078 0.5821943636000908 0.5877312741761613 0.6332944720822665 0.6193141099953434 0.6118706215158443 0.6134022318520692 0.6051382480646893 0.6127024603730846 0.6542108021284961 0.6742102359130041 0.6430185772986662 0.6676564957241743 0.6489722612965225 0.6100349576801366 0.6419078043935443 0.6805098650581255 0.6464126008477987 0.6524625177379955 0.6570669178453077 0.6213786393457372 0.6635753833881831 0.656045760283291 0.6899073703715671 0.6790585392407668 0.6917549657596106 0.7079475257189514
0.5982444741477481 0.5661447778165176 0.5762242812677323 0.5845259129111998 0.5820621477774365 0.5884208410968725 0.6398316247961249 0.6250291620068805 0.573246238507962 0.5710837102162656 0.5778581491359357 0.6234399243770054 0.5927715046030615 0.6053920478187705 0.580541006547054 0.5446420635005306 0.5773318488724543 0.6170272409378558 0.6087621934931984 0.6273868004406071 0.608268484876014 0.6467439776746978 0.6296639696368593 0.6459197541395373 0.6442867666989633 0.6813875115909632 0.681205952596203 0.684972792157836 0.6503703583220983 0.6253672560251863 0.6682737331757902 0.6812918207834111 0.6599686320772953 0.6890079333325227 0.6558609649771564 0.6659609680721156 0.643215086540547 0.6419386460521658 0.648784504322791 0.695165068263627 0.6960474548836237 0.7001345095656545 0.6985018370478238
0.5976883547351685 0.5867661478092419 0.6214763777633441 0.5837357351064452 0.603076195521744 0.620543700588075 0.6342785797331919 0.6018831165853583 0.5719753232256625 0.572604062773304 0.6177662766554849 0.5915725708186488 0.6138452488646514 0.6059766505286625 0.5574233335647951 0.568019758308323 0.5509048063100819 0.6166103521458463 0.6135317497295777 0.6285610779245699 0.6385998837014826 0.6665984473134411 0.6560110386930106 0.6666969448885429 0.7028277712866511 0.6955551438136296 0.686429099464784 0.6555603988053772 0.627454123005418 0.6463869814129175 0.6861945940351665 0.6814004736301034 0.6682826341540076 0.6677502832993545 0.6781585225216937 0.6796065055157696 0.67724471437191 0.6592779935887485 0.6852950635310711 0.6832211243364218 0.7139328116088184 0.7476737841241776 0.7515215995797595
0.6073501546285264 0.6104811344989303 0.6101705082919209 0.598498277193463 0.5876366776333682 0.6042357634190646 0.6077436335204696 0.6364752645761492 0.6101034520696972 0.6272051988787846 0.630295758658764 0.6040002352674064 0.6037462287025466 0.5752726256632505 0.5335029419940547 0.5568443173598404 0.5629496026322062 0.5986259266755602 0.6074466378559277 0.6169325147712201 0.6091455129087032 0.6463375154212546 0.6491547989899393 0.6615253982261149 0.6961077222843762 0.685681549587123 0.7031465297660605 0.6735043566750923 0.6436360481121378 0.6742333886187648 0.6867292871413749 0.6818071271536059 0.7087000308584751 0.6805912607548752 0.6977088391006219 0.6823145697730485 0.6720691615884152 0.7020694410366412 0.6954207402204083 0.7088263133047019 0.7243957677893663 0.7230681991031539 0.7307484224077321
0.6036579507907027 0.6241969335501915 0.5899770170839026 0.5867319696462094 0.5800898913554221 0.5736310806723824 0.5979012888927417 0.626508460198916 0.6427681838835437 0.6469189442527684 0.649662901966139 0.6428337672627428 0.5797492179636486 0.589331150531935 0.5450701992170127 0.5665278705545087 0.5474871597966364 0.6023370973607634 0.5848161007484814 0.6085286105882848 0.6348345977271169 0.6583148469258353 0.6773389578400313 0.6558525790227191 0.7019502949582839 0.6757690271270523 0.6922462804261099 0.7005738694506195 0.6723134290995071 0.7091788334873784 0.7035580090770628 0.7215753422396279 0.7189709802374584 0.6952879821388772 0.6601339116879854 0.6675155671765421 0.6993017352396429 0.7154177973052955 0.6918860807011731 0.6817196944743176 0.6978375754802215 0.730021121832332 0.6901506652185161
0.657503530378337 0.64658859405952 0.638353178048614 0.6386390775725407 0.5960936712510393 0.6149707070037463 0.6444129685822216 0.6393011032853902 0.6437514063247565 0.6228274721381042 0.6302288199145544 0.6401005307876892 0.6004362049892131 0.601112164868854 0.5495864925681826 0.5771006646701906 0.6096169685192017 0.6009054689787288 0.6287716513686383 0.6167725544421243 0.6374059938343645 0.6078119879458398 0.6365402730962495 0.6435831952609424 0.64408409304307 0.6717969203619351 0.6630311979203908 0.688713519646982 0.7108360986620119 0.7231584806887514 0.7071243616298631 0.7283377381549319 0.7136262080262282 0.7134467720338641 0.6945969610319325 0.6977075686166563 0.7389256453090758 0.717071108267802 0.6990689949992349 0.7313328795875556 0.7251549182145057 0.7326216797590318 0.751420415226255
0.6595076004785334 0.6474257937439951 0.6435706345882743 0.628548061757855 0.6393761982276489 0.6139123726941288 0.6287853812768649 0.6229921212776368 0.6167871760873859 0.6574019530894599 0.6598347603415342 0.6330439915743031 0.6206128814889152 0.583656333922273 0.5696403761962031 0.603368299303616 0.6399531341599494 0.620913499166037 0.6478138833851508 0.601090541319255 0.592262308356335 0.597960139274518 0.6188171837258811 0.6081532864945046 0.6061403118614639 0.6398682122871902 0.6992199300238977 0.7079604311089729 0.7231392708583294 0.730308885928332 0.7119950869429827 0.716185264930203 0.7206115556076176 0.7576431477833441 0.7589408497764806 0.7445596059075915 0.7674186262858322 0.7473254372004954 0.7554567342726245 0.7364662480134979 0.7715459409268678 0.7419686663718981 0.7956659607145213
