Raster_benchmarking/continuous/raster-370.asc
NCOLS 100
NROWS 100
XLLCORNER 1743154.5898839568
YLLCORNER 5469285.145937302
CELLSIZE 10
NODATA_VALUE -9999
[rows 19 to 37 of 100, columns 0 to 42 of 100]
0.5202260638643915 0.5089545629419366 0.5124039403109072 0.5076013894904569 0.4762094062600232 0.47423001154038624 0.4896425967376282 0.48098470914124375 0.4590027320218767 0.4325994308185141 0.4103689509197695 0.3530818086243277 0.34194389382021756 0.31426058991200273 0.357090217506162 0.35918616044061685 0.3492326184628926 0.33157880155545516 0.3633587651022608 0.38494775972233797 0.40526746320675683 0.4114142808654454 0.4324362213263948 0.4131775555869889 0.4436329291988486 0.5020370816178309 0.49358939720013467 0.4910860517807408 0.5234219894294522 0.5195450443392587 0.5431575555383769 0.5791088120523414 0.5894196067052544 0.5975821304776263 0.5675840693812353 0.6002483167150603 0.5886492576916256 0.5729270119756357 0.6138063482254899 0.6038647335969077 0.6321680545918414 0.6446000046632069 0.696174276056571
0.5553924175201633 0.5376689726074675 0.5205498645238007 0.4893525489347504 0.48663964907238066 0.4603522937846147 0.4516568248173267 0.42665310216717983 0.4361346597014021 0.40150177837459256 0.39013326503819473 0.3513365455770093 0.30922754071877395 0.31828478277814254 0.3251724779762475 0.3575930333105607 0.3603340286629074 0.34233915842321994 0.3556741323898727 0.3588421408539062 0.377026947509021 0.36235722363592326 0.3705076928179757 0.3910876596644614 0.4559517412791667 0.4548651249776932 0.4762246035087989 0.4930977248527105 0.5190477483680371 0.5442059263707899 0.5243538765311142 0.5589835326146345 0.590989768192344 0.5695750058975816 0.5953687962634201 0.5719635865433843 0.5861440164802919 0.5838291168528493 0.589741198510184 0.5765140311287166 0.6283614766577087 0.6469743288009645 0.697534380104224
0.541274587387733 0.5472300081929993 0.542821248685097 0.487225451003146 0.4877719606793582 0.4965247402129094 0.47499023891999964 0.4320652842717729 0.42437334291251383 0.3999394619184426 0.37758668475048757 0.3277996792301707 0.3104282955411143 0.31758115954883226 0.32015411102169616 0.3556548552687163 0.34516917723221646 0.31073391647263193 0.34761789586400993 0.35736437752071465 0.33803277288967337 0.33682037343290033 0.3401399072830863 0.3848152224828881 0.43669273134814407 0.4450207053596438 0.4543293533901316 0.4833190964317902 0.5131187726867579 0.5206615012492656 0.531426613516285 0.5545351105956169 0.5504181685728576 0.5567962424594411 0.5573837759210307 0.54784796095835 0.5649083324356647 0.5927627840722188 0.5695078194460288 0.579582934441203 0.6007666659152258 0.6418428166264892 0.6746056661101278
0.5623126787050566 0.5594855197431684 0.5549218931357154 0.5270401839432148 0.5102572041994564 0.49141252183115486 0.46516233875202173 0.45035086367435123 0.399756149435597 0.382301259458755 0.38860961631928 0.37486021318489293 0.3540058627925723 0.3247750481619232 0.3110134266042762 0.34690577749550056 0.3382253348369202 0.32936706850367536 0.33436658272738023 0.3353025514426488 0.3128490094282126 0.34200646339467156 0.3425937065374229 0.40114804659876485 0.4099292194829267 0.4323541194413253 0.4432242586201788 0.44130137265161595 0.4533982276872991 0.4515266605653171 0.458394772113355 0.4912015192598065 0.5261115332559433 0.5330522347766717 0.54764825699442 0.5457832326221799 0.5473192525431554 0.5816931727439129 0.5611711379056674 0.5766774037574797 0.624041424329272 0.645816061084232 0.6601826976165444
0.5828574624113829 0.5639064989513319 0.5439420857155106 0.5397702952556609 0.5350867923796255 0.47540298530432307 0.4451853382566672 0.42944312256504436 0.4032129920540605 0.41104481323604475 0.3912484468530107 0.37769981126519875 0.3394020797441022 0.31741225983822946 0.3088687632973056 0.31137728372033596 0.3195865031844474 0.3132239088937655 0.3102122780154479 0.33465991179120597 0.2929725063899672 0.3001162550484838 0.343374304241353 0.3921469424787999 0.41818949234437036 0.4003572487115604 0.40213226331526447 0.4209671168639811 0.4328049239403685 0.406932246232953 0.44612454613747854 0.44080538612630593 0.4635444542739165 0.5216775969122036 0.5564722631893775 0.5634166504162809 0.572093608695465 0.5563833950642585 0.57987122938602 0.5793915555325282 0.6225906917932197 0.6291006798351635 0.6642084313316571
0.5538956528670681 0.5140187106769953 0.5225111640944208 0.510482804748236 0.521284521755613 0.4626445526664176 0.4438265360274392 0.42551470539381875 0.41583467623972237 0.3827606248269255 0.39114249137101803 0.36176337305028544 0.3509885022352542 0.30701116961200475 0.31069853002801845 0.31809344271004375 0.3088060312063262 0.3000006281391231 0.29036115059730666 0.3059403248135972 0.2967183187454782 0.31570104409024013 0.36380490706917273 0.3676798312021533 0.40660092413883175 0.36401008909406013 0.37253959384673263 0.38393630649745036 0.3961743344604469 0.3725840345928581 0.39464523509030863 0.42092669612657974 0.4301750361131315 0.4926550219459944 0.5053156336281615 0.5595546296598474 0.5776680082485394 0.556281193485008 0.5974642402195268 0.573255100966517 0.5813093662674967 0.6205753385250644 0.625451324777125
0.525368754298779 0.5055015203250247 0.5019986123780833 0.5116487686702552 0.5177346227743478 0.4974966205839965 0.4853832200397008 0.4616516771365219 0.40055200896923443 0.3533584489314202 0.3559404486677864 0.34229170918694996 0.3572802796487295 0.3366623728974435 0.33096535803550586 0.3496154564837764 0.33645408155877327 0.273054734834296 0.2847464737880601 0.3260941458981827 0.2983054959099541 0.2849213665962961 0.333456807431456 0.3841038631576134 0.3762676438438611 0.3576096501999377 0.3719046444986998 0.3430655104809388 0.3479704158667645 0.33235222396178005 0.353418444622838 0.40049719328314737 0.39065205782979096 0.4256457147492534 0.5054767657907892 0.5249330248030533 0.54625605111518 0.5760626444889707 0.5903185000195064 0.5918009457211203 0.5706724005047612 0.5590722718334056 0.6134222107870755
0.48014809936862723 0.48891270446451407 0.5097176662074218 0.4958451199005432 0.49834847192213355 0.45010790014704 0.4667260980585771 0.41482001652089695 0.4190738056943908 0.3660648393101448 0.36992437038337855 0.37999398326656053 0.37904887458605707 0.3573072948160802 0.35821228934450156 0.34857290991253886 0.32950827827743395 0.3155440390289891 0.29219147329385436 0.3035437393659033 0.3226688345861645 0.3314731962001109 0.33553264829217916 0.3666979461611083 0.3513699043935594 0.36045831332423495 0.36726425836401094 0.3511121881777494 0.340148588069475 0.3464196322250789 0.35340166575249066 0.3487925528824835 0.3908901954326077 0.43936465251017714 0.4918864471795882 0.5077750049800555 0.5066322302754703 0.5307965494257154 0.5860191453711251 0.5847183956856828 0.5889386189964162 0.5815347465673396 0.5662798326411899
0.4685086506054732 0.47921840804623167 0.46259506295099423 0.48662180907218344 0.4859521049724161 0.42169299437222224 0.4208826888938937 0.40561058032068553 0.4217823995403824 0.37896789858968244 0.406848770836001 0.41474293111412003 0.40356889879961855 0.35781095162257226 0.3756593839513028 0.33544634781286325 0.32930598857502036 0.28414987917876644 0.33072150519244653 0.3375542553018634 0.29719843022996656 0.29310199556921684 0.3456698870567375 0.36717656261831844 0.37989205574473245 0.3592207330423294 0.33101374204326844 0.31838981522714244 0.3424992125222031 0.33876961417948237 0.32740306993114165 0.3252045366841248 0.3911184943547587 0.4260658566919404 0.4717884490591126 0.5049171349813556 0.5160240379708628 0.515525245540497 0.5375201085867521 0.5694962203210832 0.5827878960297671 0.5508575196583425 0.5701124561433877
0.44690663848715506 0.4725791535273089 0.4467543583704865 0.4674242671098319 0.44580310819112856 0.4126566734416906 0.4155308076726977 0.4077002844723761 0.40138336805823377 0.3792387483643228 0.4153914378703652 0.38375926421874457 0.40458648343898046 0.39803571281062167 0.3848517689174678 0.32822852133103525 0.3279420911337699 0.2900832126582227 0.32173587554132943 0.3301167856804913 0.308937268764169 0.31600135448438765 0.3492471273393077 0.3490465325491659 0.3500540424612519 0.3326138088770798 0.31371678654862717 0.2810366318396598 0.29774337293822234 0.30430167418470516 0.3230928465615444 0.33802328746928634 0.3649169614434154 0.4033746607921446 0.4594321925833364 0.4946586088899284 0.47770183329838983 0.4880629747653104 0.5153665389948558 0.5434109843386683 0.532978422030705 0.5253714944066847 0.5505551955212201
0.4682632022733354 0.47844165475270495 0.4740434688806303 0.4320269204805267 0.4458704887740076 0.4059999330629166 0.4227980275921511 0.37911128890475015 0.4099082036582154 0.4106659512550779 0.4149497083458419 0.38646895012344745 0.38424465093721816 0.39849533768520967 0.3693548530116274 0.3544523560518482 0.3239217473819772 0.3213708786284832 0.3373954519333462 0.33962994336252506 0.3027235211008202 0.32734624728135614 0.3558872654107991 0.3564751406684684 0.34875969060558615 0.3454504851077792 0.33098607864371443 0.285643667222345 0.2840450990336469 0.29254448638522595 0.2827651673136479 0.3048042794382937 0.33411678772945536 0.389822613795841 0.4245800273570712 0.4531237466794303 0.4441128352243771 0.47328277482261294 0.499040698716535 0.5243173035761662 0.5279192505737558 0.5518282003405265 0.5489519661137531
0.4438749461683394 0.4813635211782467 0.4520645481283204 0.43919013061552387 0.4295965497765319 0.416419116838759 0.4234757602331776 0.4031711673745788 0.41358126096717107 0.3773129370536734 0.3729737081891653 0.38635243029423033 0.38227882324618256 0.35881566819431254 0.3608095216752258 0.32694953635441576 0.31272261108151767 0.3094175200584715 0.3084316555723682 0.3227189805265097 0.2948963568535035 0.324905348473973 0.3340267981045851 0.3402159458651249 0.3026083531095985 0.3194908417753232 0.3266829388903341 0.3296988655429206 0.2947585682606819 0.31477975652153045 0.2937943685208195 0.2956264473333643 0.33700359138443237 0.38746771085075266 0.4083177888358665 0.42753425157791364 0.4487791689448857 0.4509315710908302 0.4736879035743622 0.4898773921806278 0.5157895497600975 0.5331814239518126 0.557912865362238
0.46710359270782237 0.4879325533828549 0.4953569954320114 0.46228778258609426 0.4564215476106522 0.4354957074942009 0.42511910915470097 0.4229911022702331 0.40867127359577926 0.39173085248215467 0.384494641428912 0.3687471999404687 0.3503648439527489 0.3596852563274949 0.3591869875344224 0.31362861514531964 0.32102024137528007 0.34555109036485 0.3254509976588697 0.2775720229596929 0.3064121241547937 0.3067787827148102 0.2885924564107382 0.286301842769967 0.27928187386445974 0.28138234986513455 0.31004745531696454 0.3306460566464028 0.3438056036032366 0.31797675020981764 0.3243624422821725 0.31476936851571535 0.3132621980090897 0.3281396495934456 0.37696594888633606 0.4144911647360388 0.42417846816791166 0.4339954572572953 0.4623993260269831 0.5241298624770131 0.5303308574029725 0.5358727599352013 0.5661109338311421
0.4544910174060218 0.469814663079766 0.49256318545523303 0.4585896705560245 0.4593364848625581 0.4456538735743482 0.4292277409174666 0.4161280055498487 0.42390922782784635 0.4037334488975982 0.36302550080737367 0.36741403310983844 0.33602531107122074 0.3573710847396072 0.34793756452215846 0.32730652893237117 0.3529500407066949 0.3445608044035629 0.2920266204580417 0.2852314371158533 0.2635282678221219 0.27006620774801016 0.29631672548056 0.2717895202933661 0.3137624498855741 0.31005011659159987 0.29543949153852 0.3154346791518663 0.34684954442136645 0.3310912837037659 0.32561591573215337 0.3184389329673965 0.3239425624745679 0.3263875804403979 0.3346384454922684 0.35675047709780355 0.39240480499442587 0.4613226951584945 0.4908940249611545 0.5074130644033593 0.5016340637690638 0.5030835965478333 0.5195017598588382
0.45050399976329597 0.45031118462530795 0.46912191764513544 0.4748315153976868 0.42743222481065096 0.436193043884463 0.4324009560661398 0.4145725961872233 0.41186071813368297 0.38824309858219486 0.3809426612994333 0.3560913577580827 0.3463153547650595 0.33411605570014935 0.330074410030468 0.3471657898951216 0.33569606927905643 0.3303915748476642 0.3168006977482525 0.29353524189010805 0.286584940667516 0.25151707576483545 0.2847832063997999 0.28366257275766266 0.28662210394757903 0.312591369597802 0.32100672280933046 0.322023764488325 0.33139932794348564 0.3788182247556681 0.32932014638301127 0.34060018616834625 0.32182216208548065 0.31810102697823983 0.33263916265689947 0.35221987429641555 0.3987641563048242 0.4557919638605367 0.4621064044660766 0.45542578321235 0.47020425930174 0.5189967132982652 0.5122527838730276
0.3945184459457729 0.42041040051738837 0.4185696743783261 0.41528516585675274 0.4198397077071363 0.3997371159554039 0.3805722000491096 0.37218533741573523 0.3622850674566274 0.35300804761871935 0.35545109059559693 0.3509790835785136 0.3307572515991829 0.34690664833522084 0.34251866356007993 0.33030813848858226 0.3081770419747435 0.3287072824568576 0.302068826682382 0.3222418099684488 0.29183577225954643 0.270711442840035 0.26346123784925873 0.2954613244608611 0.2974163048962049 0.2814770853307284 0.30160711068067564 0.32687457423467603 0.3312214065007897 0.34293896961178905 0.33944106580393113 0.3401060566476551 0.3186818310417909 0.33995256498763 0.34772573079951763 0.35429580193753696 0.3846247755958834 0.4003333384703545 0.4145682932205882 0.46143373217363604 0.4691438628956744 0.49323213237566016 0.48727471108010795
0.39938839653117486 0.3671815497237769 0.37205278212232606 0.41394315734451953 0.3772075154156944 0.40291113922823885 0.3721412956564555 0.3463847244160884 0.35445461597930283 0.33188317310327375 0.35580346857689843 0.3546730613583727 0.34182321645493974 0.3355782364081186 0.3121722231348343 0.3356678814319009 0.3095671222632375 0.30493863734633025 0.3211927065522301 0.31222148102595604 0.2780442921019096 0.2737303871138196 0.29352650828870264 0.2764863632595406 0.28859957230669564 0.2687531937526933 0.2872279747940672 0.33134761296512993 0.3373038157458851 0.3444160247094638 0.3191085998997297 0.3019730562655373 0.326410770567103 0.3291858528201363 0.3467836670447566 0.3389253870085194 0.3769699413850126 0.3787061357633796 0.41406430648090425 0.4389176217346191 0.4361552327930878 0.4934663117734041 0.4851278738843245
0.39184905515654755 0.39315461658505 0.3686452819575113 0.3498001193656043 0.34481842841476507 0.34033640497147 0.3427089322999098 0.3318794332067414 0.32677726298222626 0.3728831897576114 0.3783305428541194 0.36315817205696893 0.3278122874520681 0.3338004596408853 0.3016404096876952 0.2940494865301043 0.3252318425524683 0.293187433506338 0.3179331525638069 0.30050478035695694 0.24899223127075473 0.2545878035401501 0.2755699661290531 0.277952575244198 0.29767942678020193 0.2864427300803141 0.3231205555306653 0.33358784864450075 0.3251689980541585 0.3150837550217086 0.32383081051597573 0.33742687747053035 0.3155017684119401 0.3231275091716465 0.3069191693753764 0.3053488151349307 0.33398060768449844 0.3403272957072918 0.40006317521494156 0.4152717012139919 0.4246074331621532 0.46201617548714036 0.4555602352943599
0.36253647274836365 0.3725174613746151 0.35990352676079423 0.34918525730525857 0.32532735510229915 0.2917061503404352 0.3137672828598301 0.2957842928378909 0.3319769726740295 0.380093189840399 0.35589134341077555 0.37144567322950756 0.3113307732562573 0.3217756957998478 0.27842367132684875 0.27201798375592257 0.26860925393367213 0.3074215463989118 0.25188138274177596 0.2554493934453349 0.2193626172181027 0.22931355208919768 0.26781557912263476 0.29571033857842494 0.279658807171044 0.2885261735970969 0.3209248912672093 0.3582118755008435 0.34558329558422274 0.3426605026235589 0.312367166783955 0.3144087157452192 0.31343763724614815 0.30356595679442866 0.3192239214784263 0.3021264733075352 0.30094263006846356 0.31943252903265035 0.3791449384060593 0.4042825979674815 0.3998114376473491 0.4182003715887564 0.44074376024861506
