Raster_benchmarking/continuous/raster-398.asc
NCOLS 100
NROWS 100
XLLCORNER 1743154.9980925564
YLLCORNER 5469279.753175782
CELLSIZE 10
NODATA_VALUE -9999
[rows 57 to 75 of 100, columns 0 to 42 of 100]
0.21147447467082137 0.24017371579560925 0.24293104847910477 0.2731918828581227 0.2799224826051616 0.2701198483948772 0.26654590272161255 0.20976374330147032 0.2517231483870331 0.2958962536846808 0.31291394603794 0.38937558279137563 0.3972361919687277 0.4521777426870432 0.4151360917022387 0.3940080689938164 0.4242973693159286 0.41021821049668294 0.4223039709163569 0.3893953760257908 0.2987738088699219 0.27548048448088863 0.3415605327191582 0.30608430567210815 0.30734319895561885 0.32804383699394857 0.381528660824239 0.4247188543571505 0.4223359315212468 0.4595917369866173 0.4470051581537787 0.45138204113411573 0.3879846491003181 0.3976325604652658 0.4241466113869314 0.4668651466441136 0.43207649346600724 0.39697679828701415 0.45532357987040534 0.4830343309916753 0.5074235198358027 0.56647813824548 0.5632138092905836
0.167084708903631 0.1664091479086416 0.21657257372233207 0.23716169312541124 0.21009096829732263 0.2625691866803923 0.2477824536840172 0.2282586508422839 0.2618352490369723 0.28652604047417757 0.29503588878467535 0.36851935338092384 0.386658750019848 0.41922286457468616 0.37307186766924616 0.36210052540272225 0.36234518578799085 0.3902330794806553 0.36602483086688686 0.3210786796243059 0.2947827937401675 0.28580171416135597 0.33016785134774146 0.3053435022005118 0.33275811324763843 0.31633805743665483 0.3516142913744893 0.40359304189411166 0.4454116607788261 0.4725642591075892 0.4597835456375044 0.4698102344058794 0.4324308071660424 0.42926114599147147 0.4584966191252948 0.5043726442786903 0.4621677454919924 0.4100759246073811 0.45835265127096597 0.46811433852653583 0.5353620648534229 0.5603435630138944 0.5283440889770099
0.1219499072555902 0.16172347663182524 0.1935340297106385 0.17335257993517283 0.1942863024300889 0.2002752363507869 0.1855084463518002 0.2157423529002907 0.2355326486301181 0.2259965223562704 0.27844287965797737 0.329521046863395 0.3512653975744988 0.3696759496862315 0.31891199444775786 0.3148186078136891 0.29669986712207314 0.3141911570458639 0.3423918769796003 0.32650053285755976 0.26284710724397814 0.2772023903721096 0.31485042991181245 0.34842658591497394 0.3652830200075058 0.3734433334862357 0.4048038562204462 0.40230331080097786 0.3942051371951521 0.4079283015782362 0.4600554357165186 0.4710577595801587 0.4958638162942125 0.4546535567694964 0.4918703624012963 0.509628264371929 0.4551709072321665 0.4216233174860927 0.4745400938604847 0.48012575869133245 0.4959155727210512 0.538550877408716 0.520939674712449
0.1311040275875551 0.15605662079647548 0.17692199084363883 0.17462085582114073 0.17159197735302686 0.13389490019566966 0.14483692119413083 0.1923291310522156 0.1951100521101669 0.2553994764173327 0.25909380792879366 0.33693779824662756 0.37518880947382616 0.3573405948490211 0.32289206992707903 0.31791724518676817 0.29468092615651065 0.2999229004746979 0.2628169541230072 0.2856328418841872 0.27253578418496277 0.28488315736446596 0.30114651270862014 0.3383710953562016 0.36245296433808466 0.3968013319570861 0.3848729434171793 0.39780033154131134 0.4225121201617542 0.43373319027736673 0.4836606109411249 0.5056407535348808 0.5201383442378481 0.5317496350010588 0.5013048946907438 0.5372130994391242 0.49084418637240895 0.49250739933380444 0.4716383015023311 0.49433945640085564 0.5104173608793252 0.5410451027966261 0.5802615268282822
0.09286289212455111 0.10452866900756733 0.15542595646688423 0.15927967520793956 0.12320445784214665 0.06227418177877596 0.08632694333234535 0.14592863876385304 0.19775596606351958 0.23689647278064546 0.24479283567907115 0.328757194387351 0.349125284486271 0.35146166359392134 0.3238010560777942 0.28716131726831867 0.25806838112915487 0.2258441117122743 0.22479591259065124 0.2821113968577132 0.24145899713323576 0.18978745911118777 0.3106166278051976 0.3671772858393546 0.3588562152766925 0.4063991691594086 0.44030505911681356 0.48271246514176863 0.4730758161207395 0.4977685193904024 0.5157097088725323 0.4891291312705672 0.5146710219494055 0.5545142115247358 0.5184788156406073 0.5328370840184662 0.5229162167947282 0.4980240148762938 0.4803810237771928 0.5405400752468756 0.5334315977302948 0.591014296994695 0.5781728207300112
0.061379045390779784 0.12305667367385617 0.13180679724309513 0.15946261292872999 0.0857687591604759 0.04729245664860952 0.07929051665244813 0.13152206562044147 0.16062703393111388 0.22848411850384254 0.24475097141252186 0.24124878121293625 0.2787050223531003 0.2585725093927002 0.2753047375272036 0.3035163613437715 0.2549104737476577 0.2333428576454298 0.2403115347439216 0.22013766502787732 0.21150693709909965 0.20219873036163674 0.29852830154288423 0.365387451039087 0.4196087823409119 0.45353793022103484 0.43104775994359 0.44972183705978114 0.4876103036208745 0.5219431402067715 0.524278528837387 0.5322562610645228 0.4972917210817057 0.4893515465591371 0.4989046150062262 0.520323095083846 0.4973254268014538 0.49080352644992126 0.5196821440241477 0.5689986878128657 0.5842905485546395 0.5844612809434521 0.6051679041914433
0.07964862471165571 0.08814438336387281 0.11411281041494534 0.14996485227327103 0.1361133535793568 0.07996876819227526 0.10251785094667361 0.14554614930719678 0.13215105192029283 0.196211218971303 0.19702757489459993 0.21603619250917921 0.23227668883790417 0.2519255812792034 0.23467708496847575 0.2815936007830317 0.2210072446822552 0.1844848418352591 0.18566366228753095 0.2651928858611369 0.2333398189659957 0.2334555472717332 0.3130918108232898 0.36114624362246245 0.3687830900126732 0.432592881973577 0.44498515819101736 0.4239363054220193 0.47905347501355644 0.5100845584591529 0.5015266055279574 0.4955987206415674 0.5029944647940994 0.5013888266838903 0.49370919135386837 0.5015673423074136 0.49642893719087977 0.5025294548273853 0.5155311162621136 0.5616623670328017 0.604544227716122 0.5986175935180003 0.6122688094251899
0.05612784342185469 0.09302341580225408 0.10097454274739462 0.11389879749885053 0.12489703813689423 0.10706818504201406 0.12650068771374687 0.16154069369780943 0.14970793850676503 0.1776759101636752 0.21423595504180118 0.21942007103182468 0.229440108950188 0.22798856719993138 0.2197019198091874 0.24895349961003177 0.22448498531546032 0.1969957637825198 0.17373049534880758 0.21701377152529835 0.2810648435906793 0.2775903113487978 0.30750041456951543 0.33762034587006107 0.34665859611401817 0.40452069950581615 0.3736113741629413 0.40623217135953466 0.43372053530814125 0.48813211507377935 0.47228383159718373 0.5034114490259114 0.512575991381257 0.499366616324319 0.5265757259390035 0.5336722062586501 0.5222610692522002 0.5271185431777083 0.5983777718655037 0.6041543856382026 0.6656224233180571 0.6810879220711386 0.6835762571141512
0.103409398541522 0.11489336578953724 0.1104000315781546 0.11011972808330235 0.10028728915447231 0.11809216646543932 0.1035927655007727 0.14859321632239025 0.17520267525365138 0.1674270397747644 0.16708824394084693 0.1969726577864135 0.20694568906396318 0.2034374430272477 0.1854548239119752 0.17358703529038758 0.22379874208638828 0.1762892787993574 0.18163299849319045 0.18852783163125242 0.23518075620141846 0.31713505671379694 0.31332387831202396 0.34296037177025884 0.36255032009853483 0.3473547758793705 0.390265126007404 0.36686658160242736 0.43155733687750925 0.45931916128539013 0.4883800120266103 0.5176231586613492 0.5188640462216065 0.5658373474778082 0.5562085906264463 0.593097308445579 0.592810796762378 0.5790080513660634 0.6210924425341835 0.6717744055234671 0.6908043149713272 0.7155756875668438 0.6902538929706229
0.09660327918498476 0.062046163989351366 0.08018461258928992 0.08960884922137169 0.11803848514417258 0.1148323034831032 0.10497451722418648 0.15481946561629284 0.17203925213710378 0.1654045970447109 0.16339456222851617 0.2036965863653774 0.16671458582399634 0.1494709751230598 0.1615918816483081 0.21970474055999042 0.19699554627086274 0.16177970253513047 0.17935233431553937 0.20748509383516042 0.24312433291717786 0.2678126444033755 0.3334935953263254 0.3337077679476132 0.368739259226532 0.37219548496521765 0.39768996705774873 0.425315831364562 0.42084377461101363 0.4704672301328586 0.49430367234393324 0.5023714316495301 0.5112884452474853 0.5468007672777231 0.5768578229159806 0.6309831798300773 0.6174650558256837 0.6295380228099476 0.642450925387854 0.6514597644580565 0.7053443687084867 0.7262607321860384 0.7178189712981516
0.05898105478915671 0.05350406135576834 0.0424100214229572 0.04379666740185343 0.06534037112396537 0.12063021935548075 0.13134388200434194 0.1051767732116699 0.12921546410057333 0.17319300364197526 0.15337440855412324 0.183871074360997 0.13581505514795733 0.14762756486143438 0.21530759823342696 0.23378143425016124 0.1849512926659517 0.18373715998239418 0.18784151167833196 0.182365899518697 0.20128389091728868 0.24660681710455973 0.2844510658085 0.3513031072747029 0.34712943354646986 0.37519251939196824 0.3901426337934153 0.39344454076818247 0.4347946483907196 0.45667508638805454 0.4478786078915039 0.4853989179499028 0.5047404291683972 0.5612130519258473 0.6106199104357322 0.626493336152513 0.6205228355660053 0.6691166877725531 0.6415800566321043 0.6681308022633328 0.7224339271739523 0.7091430585974667 0.6989057843878477
0.05435972900313162 0.09015895981332517 0.09608416458034182 0.07178033472885316 0.08113452759253782 0.08571958965871562 0.1087248109290917 0.1146128538212731 0.11447979480950642 0.10914568792968336 0.1719141854270573 0.15949278355906593 0.13283541449231154 0.14722860337483562 0.20503901671557775 0.21532705860723392 0.2015223605506054 0.23370450375792937 0.20913639131799433 0.1845271469791265 0.20244297536631206 0.25998074930356174 0.27875206964729654 0.33253222031463786 0.34606579628129375 0.3699302956821609 0.38878032671840335 0.4213195748430584 0.4109408652476633 0.4179507275510014 0.47276636941822536 0.5419486738467875 0.5576534548470562 0.5526068885733274 0.5967619958033874 0.6386319916203007 0.6212767100390489 0.6424870755153946 0.6575929942002253 0.6846332984225318 0.7424281585941249 0.7380507231409387 0.7441362053695076
0.06802016897077577 0.05318015284926873 0.07639300759419577 0.12549937534897598 0.12947090929938468 0.06352107447527733 0.0912625349464652 0.11321995982947394 0.08279991982819093 0.10025353461247649 0.10083605615253623 0.11318689532613568 0.11559678504568908 0.14423514431684326 0.24156737515558255 0.25251664009911357 0.24786654525434806 0.22973814829809827 0.20185447745789417 0.19116631762030617 0.22325203583993605 0.20805595454545334 0.2762334384283387 0.30182322303626635 0.33158752068094244 0.3687723689452646 0.3769278931564677 0.39332724724604307 0.45222784529587173 0.44836258752611324 0.5143398825532526 0.5603973211390595 0.5463475774879515 0.5541452149370136 0.5734394327087653 0.5957422648400026 0.6001545481645849 0.6466844141447208 0.6503009229257138 0.6923495597864264 0.7815108908715842 0.8042353803686055 0.8111049548392105
0.09033596582466946 0.0891153345882916 0.13728922145880856 0.13558986978217283 0.13715113362529152 0.15288469351555806 0.11056105144106286 0.13814518577322732 0.11899013375234727 0.14702349467386877 0.12966517606981137 0.18281541017368413 0.16249562193527578 0.17676199089937403 0.24761455004054556 0.23475482438180792 0.20542698120910063 0.19682873164340134 0.19383812120880475 0.23897203848435827 0.23929465734235403 0.21924564917435976 0.30283954341002395 0.31541566189863984 0.3664155206532062 0.39373023591001555 0.38507523444819164 0.4007034529525986 0.450366233800627 0.4941103831319765 0.5412031596123928 0.5855671510231982 0.600571473201206 0.5650226322539951 0.6129558073751411 0.6414403082120327 0.6165349886428757 0.6603403442407619 0.6723267267964131 0.7364071981645945 0.7747452946864246 0.8099152058895946 0.8376727910593913
0.14350803592294345 0.17184901602546276 0.15495754852345792 0.16392034454030557 0.1761890941025494 0.18694917422509802 0.12543703149794416 0.10345520739172799 0.15777429769909607 0.14798170897399038 0.15994036612827195 0.22825267796882326 0.23425953572598093 0.2580122266109363 0.23267040413088955 0.2138978382144003 0.20237282975062576 0.2403756686113107 0.22813930286410739 0.22891289663422643 0.2472263360440933 0.24293908327626407 0.3412123750297186 0.35438049083193984 0.3649572532831194 0.4061393300957676 0.41112194448220757 0.4186188577623797 0.4487128056060547 0.47810270592590215 0.5301811738430003 0.5995575362635727 0.5946016145261024 0.5922990916774675 0.648351343167837 0.6485760301753981 0.6795825401467593 0.693665189799997 0.7106640188828255 0.7228538056575201 0.7839406234306555 0.7936849002628961 0.8674570682842435
0.1596817336721882 0.15188352093597357 0.19069964797658412 0.21243949076145385 0.23429208316947672 0.2271061518670268 0.19250185295300115 0.1684869133126715 0.19265715363359306 0.20673629902411894 0.243879877733543 0.2138970327802855 0.23576056922141708 0.2840290020145453 0.25309019736808364 0.2156643971317028 0.23371048626111685 0.24940127908431756 0.2325255969726743 0.24328866266522964 0.28079212335853426 0.2970939784130084 0.36770655338600294 0.41721231014371063 0.4369895315800007 0.4696650041991092 0.444438582366735 0.46850051810308757 0.5053975464832593 0.5267646074810637 0.56433689662565 0.6167906334448184 0.5989835333048703 0.6101087275569558 0.6585182827949211 0.6882577908506119 0.7079554076907287 0.7326574836272004 0.7102849130867298 0.764140127313384 0.7597389183141915 0.7828515109511004 0.8465430607587815
0.16359918340372892 0.20419509914387848 0.2298789724289289 0.25344666903732865 0.25711499301455876 0.22934506777902794 0.22011062216932367 0.19331517552799923 0.22246786053755452 0.2093205789649162 0.2345530373175618 0.2687549692977525 0.2587039786374074 0.26546372604036395 0.2318590807876062 0.22496747560838848 0.26825408157038083 0.23861824657130573 0.23447446738144032 0.27946919154952904 0.3124137207292392 0.3730542109946172 0.374597057878507 0.43053188167389017 0.44770033244382734 0.5116925425777081 0.47624511509694234 0.4875097584933625 0.4936829872935984 0.5171974277067538 0.5598998949191207 0.5939477735145086 0.600536326353012 0.6792056533066771 0.6708052075549339 0.7415537187635081 0.7304221016004614 0.7586953319575794 0.7520293354184536 0.7480340128762255 0.78102268617312 0.8383124067207165 0.8861361807499809
0.18905237413922632 0.21657086331091338 0.195447796188305 0.2208978082674174 0.21837496464869988 0.21605273991641433 0.23665931799904005 0.19951004382461798 0.22043659894925324 0.2104958894354582 0.24453370005521083 0.28953097188166715 0.29412639982014804 0.2907202419266986 0.24432136966477705 0.28763720197838427 0.2855795791200944 0.3080025082319408 0.27734699559392423 0.33172750327096445 0.3717925557920591 0.38268863413507015 0.4240974885746853 0.4315446149581614 0.4991259810439124 0.47470911053237963 0.5272332161804107 0.5143505301222788 0.5508172007242831 0.5502643601458514 0.5513402388789846 0.6009241537099324 0.6467151698078824 0.6562325948176483 0.6759700531149447 0.7257572068506423 0.7539745174018783 0.7932490362287916 0.7735663061384804 0.780884182776389 0.8242697237504693 0.8735620013945374 0.8619886866155507
0.22537291191883535 0.19758700013105024 0.21875920234439097 0.24944066382449526 0.1974912721807845 0.22355698849961894 0.276882747958746 0.263119441929881 0.2713980158138625 0.28497426733610126 0.3100042874709308 0.28196377034610964 0.2759846517510099 0.3109965997100803 0.32185329836089605 0.2825141573837837 0.29725786907361573 0.3248367019666469 0.3392766103699546 0.38307321589458326 0.4018968708300932 0.4524089535351099 0.4939264522153694 0.4928251618681353 0.4473168040663216 0.4686675121187623 0.4832398016682973 0.5219717055958227 0.5614463912534141 0.5947099483265114 0.5617876284929068 0.6045242446592307 0.6400025131038752 0.6333645603752455 0.6600039652118245 0.7309221714671409 0.7619826933431043 0.8139573859944254 0.8196900110048887 0.7882253408841532 0.8565662742092899 0.850008239042957 0.8642598197412782
