Raster_benchmarking/continuous/raster-205.asc
NCOLS 100
NROWS 100
XLLCORNER 1743165.699747235
YLLCORNER 5469294.451323407
CELLSIZE 10
NODATA_VALUE -9999
[rows 19 to 37 of 100, columns 43 to 85 of 100]
0.2653658612779317 0.2518274549083966 0.20986453156081805 0.21265481079647375 0.1538743852495019 0.1391957954335561 0.12716721163469183 0.1023025256275019 0.09978342339226182 0.09962335454122334 0.1015407724960023 0.11540668545203357 0.13735107050664525 0.12146368318912104 0.12613334664191242 0.1283099017069407 0.12154492635981275 0.12377116064258822 0.14717883947472576 0.15657866234350903 0.16785671498854715 0.17756180692821047 0.18341814445949142 0.21110003992537435 0.26662408313450536 0.301038095743443 0.30742362809878726 0.3306347595855119 0.3365596595374844 0.3640097320007308 0.3619029196371347 0.3635428534923308 0.37433985867760217 0.3688789948437104 0.39913353624973835 0.39156322730336474 0.36651177913879124 0.359857067379575 0.3410936134907746 0.3453633008650695 0.3761751954999379 0.3963143663531322 0.38540634953467645
0.2734115248666952 0.26468498640382826 0.24929768728713747 0.21653226317864685 0.17256296261514156 0.16345493901561012 0.165633662040417 0.13547460134083028 0.1307260401146935 0.10808072226819224 0.13253896934151513 0.13883906160859646 0.14764020668718006 0.12373130883618827 0.1296231136943008 0.14354749255399565 0.15017480920374324 0.14412450190339732 0.17482827599607578 0.16633423932307828 0.15718545673106513 0.179003804581928 0.19811921734949853 0.23880235512865147 0.2745948767942064 0.30718700075866845 0.295485058909786 0.31305809089790476 0.3446947555188054 0.34917731149296916 0.3279065770189449 0.33859507983181464 0.3737375420126003 0.36805798527859224 0.38865497784680125 0.3882897164188234 0.3890141393138016 0.3470729342601391 0.3439009766788769 0.3642941065553774 0.39432760449937043 0.40529058566044446 0.41035814252924213
0.2826141932858043 0.26446071799048365 0.2672115469310122 0.21655598099282808 0.2006892042640099 0.18301973652476175 0.1815470426597077 0.17044260820782395 0.16532005304294684 0.15328243269115654 0.14335071816018416 0.1805743938516971 0.16898532463004134 0.14168433153989182 0.15285990485792297 0.16344989080278705 0.16021187291771327 0.157052978120212 0.1664532793159001 0.1824084911508935 0.165212681539397 0.18505216819430467 0.20058647200498603 0.24288850058654513 0.26412364347962547 0.2915877127525448 0.3062671236966182 0.2986606142928369 0.30432213250677514 0.31725726258066417 0.3267867781169123 0.3636505794394525 0.3711450069177891 0.37968498734779904 0.4036118412708113 0.4106854811191007 0.3957666708196084 0.3966723220422245 0.36472016169225174 0.3926174600719203 0.3792066920143963 0.4094532345311248 0.41149469080883816
0.2959183967262963 0.29499934712264986 0.26129561907794463 0.2540743021707305 0.22398068933847182 0.16381665655626557 0.17710515527963083 0.19418636402938866 0.17983538148372458 0.16851782609585061 0.16385897003875108 0.1955556042535059 0.1763190117283726 0.19085418689325764 0.19638132963821872 0.20263067982770067 0.20166922333470721 0.19038005760985835 0.1931809683511334 0.17615932785902072 0.15997928300940648 0.1625072880543566 0.1713271838209785 0.205023459755268 0.2761210512836662 0.30461913229130344 0.308882907402509 0.3209240784184243 0.30259934878363054 0.2968147611370704 0.31209546258902604 0.3610846252750083 0.391865287628629 0.40085485175933344 0.40787492269710846 0.40667310192152195 0.41612073555755685 0.41391919696829405 0.3826099223434251 0.38839388337035113 0.39776427917287377 0.4059813143555637 0.4070799001130291
0.31160301790143696 0.27555750148848274 0.2757867773372994 0.22464348480277022 0.2023288802581929 0.19248090397028544 0.21144781923970996 0.18960474390709864 0.191156706047342 0.20338574839839238 0.21570939861820523 0.19580649473258152 0.21291171984737584 0.20583041403692173 0.22560101287347048 0.21373476107415712 0.20931659412325648 0.21826190704433118 0.17769662086624266 0.17606565103589916 0.1889693287578824 0.18692481144825135 0.19035503982100505 0.2036183844108964 0.26224047027602393 0.29347473844240024 0.30070538804802266 0.3134061043464662 0.30257916327369827 0.32607611319605334 0.32876867520780173 0.34754572069260037 0.38873824348191843 0.4116200770474491 0.4325893740141525 0.4462186382971762 0.4380840704601965 0.4175892833040214 0.42784390102817393 0.42614463471921016 0.4091325940972899 0.44352104068341264 0.447974555590921
0.3003822529652313 0.26327594756785966 0.23971153379369395 0.24213924810102197 0.19897043199979908 0.21896061701027575 0.20951228578625833 0.22625964115878172 0.23033320734939786 0.22463900699410336 0.24076378376815738 0.22015612214632782 0.22627410666630846 0.24961728132821084 0.2494975411849219 0.20432749383876744 0.21115192814289202 0.23385846817929817 0.1966980322065791 0.18686229763714549 0.20330356375214792 0.19726326882669554 0.20483356274773404 0.2335792295948016 0.29276105997625634 0.32957050243755265 0.33042683105940474 0.32095453770589366 0.3261377191419772 0.3329379426701515 0.3534549209064748 0.38361124232946814 0.3917310988470605 0.43244093077188467 0.4596279147394342 0.4711319575895108 0.46387214094551027 0.4326086147484799 0.45471759681244045 0.4354047822107878 0.4450110945518061 0.4493595714088124 0.46485814646850104
0.3061786126919983 0.2795608572527988 0.23510865679151893 0.2489158001460981 0.2039481685847988 0.1893776155168072 0.21193010209456747 0.20846239340000636 0.22824698747567135 0.2272453782033583 0.226673134667215 0.21990693343213005 0.23955733736050286 0.23838390652061767 0.24400415723349078 0.24487169105646087 0.23746536603088586 0.23474873940404814 0.24069392005154996 0.21507124555922216 0.22380626398983985 0.21710260487101116 0.24758589341608767 0.27621253916103616 0.297205772518476 0.3146595754485908 0.3248897971568508 0.33377416877590776 0.32479619212312366 0.32497385575171034 0.36146932090208955 0.39118085446635414 0.4070339264528829 0.4489663739046203 0.44165625168348827 0.4661106049728466 0.4888382999593442 0.4813634591557976 0.47089100974865067 0.46283459748260586 0.4621822790012508 0.48050498249886026 0.494821761889526
0.27788895860649493 0.24643094279302705 0.24819855748968447 0.24642437733567424 0.1990335669205234 0.18286345756341096 0.2265863965088787 0.24243264583369684 0.2561952091562834 0.2638103742866587 0.25052571719873246 0.24991436887894547 0.24334998938762772 0.2540853271459957 0.2514194868724511 0.2455047376585 0.25749646482811406 0.2503216285481695 0.2845440605372613 0.2782931047253605 0.2719386856707548 0.2512198136492344 0.2655937269652685 0.2742288959018116 0.31532544827262365 0.3339455615047246 0.3303560527225066 0.3160471882000153 0.3190601104034301 0.31777557881269913 0.375249590492718 0.4082012678476539 0.42844069643338684 0.4381823454837229 0.4700488620731784 0.49612365230417377 0.5049655198603425 0.5319959986730928 0.48663993080753687 0.4994182195837865 0.465142226502953 0.4715477612050851 0.5008143310696657
0.2855557490844172 0.2610398528668139 0.2848903907956151 0.2695421101587231 0.2265649995825304 0.22180408393362658 0.23732617523150218 0.25219236298704856 0.28785464130448996 0.275173954937397 0.29313921873301174 0.2764171494042305 0.24835989069175024 0.2557522981004552 0.2618860843039016 0.2764734685727446 0.26801308958361125 0.25877361164964346 0.29652324014261544 0.3135347917764934 0.29280238618081156 0.2969371492529021 0.2963294388474686 0.30148589315611424 0.33307184716384364 0.33648970183072824 0.36281080391032594 0.34579421350531947 0.3508120309357853 0.3618323427112277 0.3655510576545764 0.3754625342878939 0.42421261529749654 0.459922288003108 0.4625822162120792 0.4990164765104962 0.5033196286091899 0.5212973754722229 0.5007083342727974 0.4866815907124862 0.48505047370926435 0.4676863422865402 0.5063609494465233
0.31275873913138086 0.30109248648733106 0.3055395814501796 0.2834898572072563 0.23127036512014798 0.22577428995284712 0.2419087140217228 0.280505360283851 0.30587860554289464 0.2919712685911572 0.277108844462797 0.2904555485767473 0.2672599230665678 0.25664669002497237 0.2632670666132432 0.30313184230901136 0.28975135494278614 0.2873455501181873 0.3279661527749467 0.3253554332369652 0.32466424320312093 0.3218366175660104 0.3220780672390687 0.3508521578328769 0.3651239908105082 0.3752963172283683 0.3620854429384677 0.36072191005312343 0.34541904782902433 0.3722709410482236 0.3703073262726021 0.37056890811756116 0.4299251391494504 0.4689705540812804 0.47141986403597536 0.515538316808016 0.5071085681501863 0.5124512607542159 0.506209054103639 0.5096214959501784 0.4907869931147448 0.4848831078954024 0.4961422015499487
0.3458922264127002 0.30913782586464805 0.31815859914807443 0.27525880862974006 0.2636130255947574 0.2700095700157889 0.2811767386740359 0.2701673121445057 0.2982044744792429 0.29988481383741533 0.27785065014297394 0.28359978162265487 0.2685656462528309 0.2803166767470892 0.2680820116003454 0.2775153300852267 0.3191692831536332 0.3131430401491261 0.3268635463605724 0.33553980179241705 0.35237995853561466 0.34063819278492585 0.32986302291502345 0.34064803977837715 0.3657883041238855 0.3611729578667468 0.377047289051385 0.36521944239286386 0.34334492118335364 0.3624343032345897 0.37191988600325104 0.40233811977846 0.4320855922214846 0.4672094816031965 0.48243138828792703 0.4938340693014742 0.5111584009578888 0.5147299357506637 0.5054609424462998 0.47744592022203647 0.4792977133933449 0.4801440359018206 0.5199589900297317
0.33349932722580505 0.32267737890553516 0.3221284003065513 0.29348075095000065 0.2986195067571064 0.27785579753302164 0.29303766441052165 0.27826997422008054 0.3158669527154537 0.2947908563207881 0.30789737680409307 0.2725584674124545 0.28176617939784365 0.2652387230342071 0.2673088927112157 0.28351792784203167 0.3095551575836485 0.351052446830841 0.33988261823196936 0.38371563921000873 0.3548467430879443 0.35685367084778985 0.33596731383111555 0.33805414703159375 0.3742921840815134 0.3825153501663726 0.38277053153824264 0.3577330701829892 0.36387286503058563 0.3487712625126005 0.3661490832638528 0.41289248441821363 0.4439150862566205 0.47587569973903754 0.45957060360304064 0.4855838504480212 0.5019299269944898 0.508270920490889 0.4942392956254786 0.49035959179710553 0.4959986914123986 0.5003328296425511 0.5112886147861414
0.3457040839643563 0.34847771750894774 0.32785628887466517 0.3035810627153705 0.3083004817311947 0.32192159097724854 0.3166736808193654 0.342958411078551 0.3386624142399223 0.3456788241456145 0.33197059364967735 0.3092355259334654 0.31085471272607546 0.2993674269914147 0.3054873147699859 0.31956833454243594 0.32783662939138053 0.37218030684406767 0.36079039142243197 0.37916063779808684 0.3741702747582976 0.37541250284174543 0.3588443224848147 0.3674858202327749 0.35930284119181705 0.38884713654379843 0.3846420591887146 0.37255400754525136 0.37603922545888935 0.38428917717667327 0.39038995917760133 0.4271482184542637 0.4361066350512519 0.44843493810373464 0.45013540976604116 0.4799148523722668 0.47875351312010406 0.485290031114253 0.5035986573282725 0.4838620535868293 0.4892210993063186 0.5245727929243318 0.5303714522096253
0.3754505909999419 0.3502854692529714 0.36474416311642227 0.345879575835998 0.3206683624629753 0.3224128616853098 0.3421257455536533 0.37216247718999573 0.36546344631682337 0.3597274794354716 0.33829301671712964 0.34467791725543373 0.33401768395018233 0.31622528197402133 0.3309254358734338 0.3363427055265477 0.3504381739684517 0.3925299602166226 0.40786219340547064 0.392148538205979 0.3841298595960847 0.3958195171093754 0.3860747417250238 0.3785897545781295 0.37493896992356873 0.4097338359536549 0.40307149649638596 0.37579427749348515 0.37033462027828945 0.3796458284963643 0.3886374645026328 0.39631767969052745 0.41911609627137353 0.4202494703321116 0.45392000679599126 0.4955884360121987 0.4812725017910538 0.4684590385375249 0.46757921191595603 0.5062734633096958 0.5200832024947435 0.5369055070025311 0.5428317359437503
0.3839174616041806 0.36976497023016763 0.3805769830537653 0.3775646287212098 0.3577221904941501 0.3670273973650954 0.3676170728322568 0.3769319011839484 0.38144112787120293 0.3696457677393462 0.3736657642315348 0.3502493199315003 0.3345576479606576 0.36096199906818055 0.3499700693059951 0.3655344725210652 0.3840497081534309 0.40033303707061346 0.4103195477378272 0.3860304814739345 0.3983405331736298 0.40389995457748795 0.3849982389284437 0.39488543803334675 0.39761000018969667 0.3948453474235559 0.39653540743803684 0.38546614368926974 0.4027467578353366 0.39105204168466057 0.3939969869808089 0.4160584869151966 0.4039452435435591 0.42629768280035657 0.46325639005561625 0.4565587042997843 0.4591748702141097 0.4469256258362613 0.46091956159976394 0.4656600513833444 0.48528094530118027 0.5125267399250978 0.5336572120211681
0.42749772957453214 0.42491662151868315 0.4021132911546187 0.367543180156963 0.36093535398765664 0.4058693875132505 0.3776310520755414 0.3803940296843152 0.3963274868166144 0.4079064421873451 0.3747110111712254 0.3698299753822192 0.34591399298360315 0.3714726970478538 0.34596192056096586 0.34430878979295393 0.382335659291194 0.39506286372214056 0.4063709478091624 0.39068333830023766 0.39431476766496376 0.38404553697848187 0.38919391969495043 0.4167934409090644 0.4198068527569422 0.421794615615464 0.4011435643846628 0.4064074755426853 0.4217117698505502 0.42067794935916586 0.4388265156547072 0.43862264738884704 0.42516237668627016 0.4364004902097279 0.4680416584473904 0.47732824629431747 0.4588915864262462 0.44272702457459423 0.437727513734503 0.4561665409240223 0.4930814144222126 0.49047963395093497 0.5160801384726601
0.42762455211871936 0.4024612296956132 0.38602579585402935 0.39229853398043163 0.3782568180585899 0.3863661206425262 0.3940399547347626 0.3694228330569115 0.398271833944681 0.3925674831244899 0.35494026464952777 0.3668919364111889 0.3520369938123746 0.3471204592900348 0.3709437847203289 0.3577754143220747 0.3793395306433662 0.3930995194494754 0.3947166512126765 0.3831971904659872 0.3921184993665717 0.4081065487773297 0.40947484374549087 0.4281135705312358 0.4132939146399091 0.4110605229781131 0.43543212570930667 0.4310062158924246 0.4200180279590258 0.4208394665088564 0.4415319053286075 0.4688978453919992 0.46349146710203654 0.4713526693882382 0.4634660053092776 0.4574229326949466 0.4454651404376963 0.45215216775860684 0.4637385094415074 0.48086600093229115 0.48514462756256066 0.4831399735035612 0.4943634892580163
0.4114548863060936 0.41372112664184096 0.414482156661544 0.39943421058611456 0.38979486438952715 0.37145326202557877 0.3819295942197919 0.3790300432106325 0.37335773738737466 0.34994408277191696 0.3569483940257885 0.3525814086200912 0.36339594865979574 0.35912824548454547 0.3511391189171035 0.368250856738563 0.3673651280316851 0.3446117988808781 0.36051986315049167 0.3966667259514808 0.40735045849530627 0.4151182131861371 0.41819449523376195 0.40195022125666857 0.42712995490725064 0.4293415087826665 0.45466566615328935 0.44150293357913206 0.4276118437737287 0.43496127565170833 0.4610666954218563 0.4738632730454095 0.47007141426357796 0.4591486639349995 0.47613295433009056 0.44535272185297936 0.4603125393985624 0.4400720918233722 0.4666007776846965 0.46178952780823335 0.4862680039878795 0.48344491035768017 0.5053810507128248
0.42074030886257013 0.40214771685474926 0.415373201307149 0.3864028426697165 0.37699218618662395 0.3828615658971949 0.35024896423976265 0.3433335608777931 0.3543330069526096 0.33929935991847787 0.3337822460693999 0.3315579652142593 0.3705991323369924 0.36016896751742594 0.35984277081255134 0.3531711471924405 0.3534119593512353 0.3631754824732046 0.36793247724846523 0.3936018471866625 0.3749631193135689 0.39793756505273914 0.3876995117930879 0.4148858456464083 0.4043502483038836 0.4316471022934301 0.43913905705332107 0.43402740642618276 0.43125901300035413 0.46835521788742224 0.475297759188079 0.45747304496112656 0.4749373293295855 0.48695540950963295 0.49251216402233716 0.46914349071775496 0.4621479961212905 0.4596221234499682 0.46523976321814464 0.47476681588998226 0.47794896112716956 0.4804442642283187 0.49604660235217374
