Raster_benchmarking/continuous/raster-374.asc
NCOLS 100
NROWS 100
XLLCORNER 1743155.9249025695
YLLCORNER 5469288.504715347
CELLSIZE 10
NODATA_VALUE -9999
[rows 0 to 18 of 100, columns 43 to 85 of 100]
0.6852610446245395 0.7125915273740502 0.6977704885859212 0.7017989207009241 0.6943599895329926 0.696019106300801 0.7047524756621866 0.6962204874033031 0.7110023459134546 0.6988184406210065 0.6942454380050189 0.7075156656201758 0.6790318572755102 0.6936951852134112 0.686049492503878 0.6644006223149324 0.654393930957868 0.6084829740860537 0.6257786596417063 0.6148444014320023 0.6159331236544306 0.5809024324480097 0.5656051057079402 0.562728004173003 0.514393558486494 0.4866308279964237 0.5093537914491348 0.4887540969345464 0.49844104235272463 0.500790415607177 0.5426932349708247 0.5621240645777462 0.5623734908717897 0.5552928378585633 0.5714787163582855 0.5489643245042244 0.5429871965124058 0.5126137410501568 0.5041397290764202 0.5076108979677183 0.4847094782619904 0.5015727872201801 0.4922055053923742
0.6865098225516368 0.6938797245320117 0.7033342799219634 0.7055516649663572 0.683153919711097 0.6938688084349307 0.6859055388345283 0.7037685152022701 0.70125641814121 0.6912312582454082 0.6864421630461772 0.6771374811696556 0.6854112839867481 0.6971918065824803 0.6752175705503418 0.6435391552214673 0.6352121322580464 0.6218270724924584 0.5904475836962806 0.6024310727700193 0.5885779863996025 0.5605298745009929 0.5318992232626953 0.5360903700049048 0.5077125502143727 0.4824924941529117 0.47802550195804 0.49178702234012706 0.5060114322565352 0.5175551368535876 0.5235168931416777 0.5510180736773568 0.5734835888009975 0.5673477430448189 0.5365283773464868 0.5441885716327747 0.5455770262441739 0.5370175651943532 0.503808805566048 0.48360545659994464 0.48363600755161795 0.47341317089672563 0.45610076458965004
0.6787151178940293 0.6768249586171051 0.6784810126448375 0.6653187257371975 0.665105513512069 0.694364541140853 0.6826959336085892 0.7187276001283398 0.7094105724810236 0.6844778124231882 0.6587079481953575 0.6595507392965959 0.6755668977598877 0.6702029964200038 0.6381881582221949 0.6212180994996866 0.6237773741545835 0.586349848957422 0.5632123387830457 0.566421729843705 0.5658260825995759 0.533390726970752 0.5141805661295624 0.5118121418173713 0.48724849024375627 0.47225281261183377 0.49428188802901935 0.5009761455221639 0.5235729110609507 0.5220673056695182 0.541527113284371 0.5594555061201886 0.5480367668821456 0.5663814029842769 0.5477131779345455 0.5421180642916167 0.543242932636052 0.5299667306979643 0.5001441304924057 0.48938799384757137 0.4807362527726564 0.45522460006819465 0.44754249630414294
0.680727812946388 0.6714360274776483 0.6622730370021671 0.6803672076101105 0.6642362270320953 0.6744288574114952 0.6767075170185284 0.6951483016401369 0.671132308696846 0.6659595989705045 0.6619983493700857 0.651631734017224 0.6376628652205729 0.6441810520354193 0.6193635697241769 0.6118988121835388 0.5962973883417935 0.5864073057560929 0.5638457008012425 0.5412564009907025 0.5288226915539203 0.5058327654898609 0.5183048903948964 0.5056153337784871 0.49493587933468997 0.4884970045993848 0.49281993236967203 0.4996324898498052 0.5243866879064143 0.543432342585042 0.5552817177737358 0.5343286518385365 0.5367391330615583 0.5379334052776529 0.5320787609052525 0.5187579661110253 0.5066289722255881 0.5016401822161938 0.49983926892829694 0.4546831425879555 0.4580210148780429 0.4455082627063475 0.425737149942155
0.682186163790723 0.6659026719988002 0.6673578533887407 0.6890802582002233 0.6749816606257677 0.6735396129249104 0.659506210902581 0.6817488440171057 0.6807402776501795 0.6632137233272265 0.6648624977875837 0.663795930104147 0.6408787105384842 0.6176525972301365 0.5970844017789206 0.6080830240231346 0.5676544713065597 0.5573723767778193 0.5585694479914864 0.5106732449862016 0.5129544970757169 0.49517011512361386 0.501393997610389 0.5291694757467552 0.5065712830780833 0.5031882496648187 0.5080535470188083 0.5305561753395552 0.5236518068455684 0.5249912989654598 0.525423025283179 0.5482972824036765 0.535337302866476 0.529186599355393 0.5072443513993284 0.5308474133332519 0.489052220932126 0.49484841906663 0.46170100568638056 0.4290622940713269 0.43056840402040975 0.44365051560273977 0.42004108860596884
0.6659328798113965 0.6555987237784747 0.6626783900044212 0.6671208790942162 0.6600625221693072 0.6729919099638928 0.675059894320507 0.6774477886946118 0.6697778633038136 0.66243192060864 0.6490857612620853 0.6316330520044019 0.6164416859869987 0.6052998535314144 0.5902962825900241 0.5656597627191821 0.5528698534064673 0.5518998058560146 0.5335769615542486 0.5236158499951968 0.5009900469885212 0.512234545519299 0.5203040588743229 0.5159143493039329 0.506280915968127 0.509228390751238 0.5170947043651462 0.5146875435945416 0.530621838386467 0.5509177977797601 0.5227903436967505 0.545928556221744 0.5316012792676726 0.5154973996307619 0.4970818219214968 0.49222777607128354 0.4706677569031864 0.47329058324865614 0.4581175208972543 0.41719885469307266 0.4125645492223869 0.4236537922546391 0.41197252243728827
0.6814675627128151 0.6368445631748086 0.6475516658702274 0.6451876941886232 0.6743183920552748 0.697319406280979 0.6911419308165924 0.7108569781754287 0.6998684737123434 0.6838935202306532 0.6527777889449222 0.6541536160621556 0.6145907079634776 0.5711396797534457 0.5750930111466293 0.543492609669951 0.5405387852756541 0.5253052216560166 0.5461161655893476 0.5429189710688993 0.5179865434713409 0.5169340670757024 0.49623936738761315 0.5120174483848734 0.4978820001987696 0.48615840587468334 0.5126605344248231 0.5246341943776518 0.5338633257706319 0.5593191773241951 0.5255615835502011 0.5176227767169959 0.5301457355498985 0.5171269729644306 0.47812074585647857 0.44594876612639867 0.44296782665240825 0.4245077814402417 0.44585190945866904 0.4204050082875096 0.4223132799352374 0.3985113102486297 0.3943038454286202
0.6818798859833017 0.6602979653878723 0.6612364975319689 0.6525787074363413 0.6574165867060878 0.679909541822656 0.6849254794988711 0.6836848650011722 0.6863371029583089 0.6788543063019041 0.6476991762692667 0.6291077628116161 0.6190340648815772 0.579271379687511 0.5617331284547814 0.5501418397043855 0.5323529780268433 0.5078419293022228 0.5185001653589605 0.5353559160071129 0.5302136049847671 0.5146602578209118 0.4914404670617545 0.4924776923506544 0.49311132401072316 0.498653853579001 0.493176324343217 0.5114973562609779 0.5434097448769335 0.5326858094110154 0.5390520861883349 0.5387434998170094 0.5127874892514824 0.4991279740950859 0.4727468573742895 0.44253429749203416 0.41745829606875223 0.4241077211132188 0.41036393905489904 0.41178990254090647 0.40941459095721905 0.41191772600891646 0.40749127598513923
0.6776564070994034 0.6513095513271455 0.6709610416453935 0.6547901921513349 0.6338916160537544 0.6434544281248741 0.682974669149171 0.6873215299554392 0.7000962640851196 0.6908417967100544 0.6669587165492051 0.6252205566567284 0.6095569802561164 0.5955011780521038 0.5512103927079174 0.5277907185139269 0.5094760298404741 0.49301259346284904 0.5070133455633249 0.5219773693077778 0.5199341024407975 0.5179749052949723 0.48828723716621214 0.4810470370573846 0.4763053964164589 0.4863816410931332 0.508026763177519 0.4944698822256784 0.5282254962850559 0.548583520782235 0.5542907852335077 0.5319648105055866 0.49640373933992943 0.4861852654889545 0.4695577893066294 0.4254879814510766 0.41554812730629503 0.4272822321374833 0.4239969119360258 0.41405711541189544 0.4274273750829214 0.44779676307512745 0.42025702909102725
0.6890111307599668 0.6534851954107334 0.6670415500236441 0.6337714716330877 0.626291020542115 0.6428497658462541 0.6505294441177563 0.6473164019855521 0.6743620908729631 0.6796356321070217 0.6634537404438781 0.6279161352858835 0.6177750542489446 0.6168040628807088 0.584048659738127 0.5600069654899672 0.5267594338967041 0.5091822322539897 0.5073299584692365 0.5200890102261754 0.5212519596113158 0.5150856841327343 0.4775469920778393 0.4778013015965458 0.4801222026416869 0.4744401369025743 0.5072643319030357 0.5056063656063324 0.5005144965442793 0.5301788191847764 0.5272723849212293 0.4992073609695465 0.4846747971989143 0.4542789564994806 0.4484059333643865 0.4367440477691328 0.42735056205216365 0.4061182572489335 0.4135837575983779 0.44134768977968974 0.4511317365097866 0.4400553139139131 0.4592253424528485
0.6939505502780029 0.671418712105594 0.6632779048559361 0.6367446463229873 0.6499472447605092 0.6333160451408553 0.6267837192541518 0.6253796038936467 0.6360177101600533 0.6595574611335594 0.6523299728606682 0.6260328363647478 0.6284676872640619 0.6011181892524265 0.5764267594325846 0.5475421066611729 0.50561061533774 0.4821507271786665 0.5117799953064428 0.5219208722912576 0.5197221756183495 0.4810593306224244 0.4837085747717966 0.48758518121059147 0.4943129885431586 0.47956738652997266 0.5019812596474178 0.49748574336278395 0.5086354402540305 0.5097761418925836 0.487573600145941 0.4806382830907614 0.46445228863937743 0.44198528174401425 0.4323648212206873 0.44328871804020875 0.4498147058523942 0.4267542010240382 0.4369868190283372 0.42153733915110203 0.4573310896042566 0.46910528422139913 0.4601044412706721
0.7046887695727098 0.6837756627436467 0.6432456096830772 0.635107085722935 0.647185559297387 0.6573374069228484 0.6374680713327887 0.6263351729816531 0.6417681969037748 0.6523524957855968 0.6368072020609178 0.6348554852350128 0.5982442017022745 0.6011563655734183 0.5492788628314501 0.5255026000452157 0.5116970782397453 0.4818856592207004 0.5016134863192807 0.49775227871411576 0.5139262984812124 0.5085330373223298 0.5105106207173076 0.5032525110181006 0.5053577221886506 0.48246656923008646 0.48056860187129036 0.4883381958882357 0.5121749253423716 0.494953360507758 0.5002177414710426 0.46907599349475604 0.4658263014151306 0.4436836854594586 0.43320605834480586 0.4421551443291079 0.44393968274197376 0.43981040166379515 0.4306891612067324 0.41154789907584693 0.43425302731057497 0.4704035673650584 0.45774222440289025
0.6783338699338923 0.646463630350698 0.63291909606995 0.6183937252939617 0.6329483559773365 0.6429551101444165 0.6501919339272619 0.6383821794709683 0.6173563336339007 0.6354270161250861 0.6312070482488302 0.6189656224244958 0.6072579521149241 0.5893539095928665 0.5310114717170805 0.5132791008725116 0.5082409937169281 0.49588643666603954 0.5114681836284768 0.4896261924099015 0.49959784867470297 0.5024990331353295 0.48973618030808186 0.511220632708936 0.5084478394507262 0.5128282910093134 0.5053935135013212 0.4890690465383613 0.48478884571054986 0.5092930263729715 0.4957219512092593 0.46491529715266944 0.4533134531941958 0.4130173626199347 0.41908442582473165 0.4129000855294337 0.42658785618804496 0.4434040581103887 0.44905514166823496 0.4287228641318596 0.4580330877372266 0.48067274252182024 0.4747973177072371
0.6811748328300934 0.653432525684954 0.6310666866178974 0.61657276815126 0.6264800293231467 0.612994371371919 0.6207297458731837 0.5977003502204522 0.6072839974740091 0.6213125742940404 0.6178262657149157 0.6027139008447332 0.6056179994613181 0.5863574387195204 0.5410867801713153 0.5103819370619425 0.5125499527682198 0.5046114892279296 0.5044419646634334 0.5019461497708496 0.48441367187057516 0.4745029642900058 0.5030534281602204 0.527825409851919 0.5327772721311729 0.5378770740906983 0.5043485746947509 0.5071783688837352 0.49800929519492365 0.4798203322814875 0.45933474948536496 0.46123787429992263 0.4262175695323027 0.4079744648338365 0.4149556080501052 0.3978083695246135 0.4149070120700938 0.42910086119668944 0.43602599626830285 0.44676749583982844 0.4331882899084532 0.46443559045985444 0.4361641173960852
0.6793201117653765 0.6886266637682652 0.645781599799652 0.605033197844977 0.5957488994756164 0.5926435817079256 0.5857735092304066 0.5790513902480033 0.5930642831894909 0.5858306836315281 0.5983953986663664 0.5768166036829963 0.5684027385043409 0.5857636405657205 0.5555346127036096 0.5187024020236066 0.5213063094340518 0.4945018131349548 0.5008167329120479 0.48830305379227473 0.47621625004164164 0.47424810494759245 0.5081665676770735 0.5339707645737118 0.5375523113206965 0.5652297451620726 0.5267103813082067 0.49206851910186794 0.4754017672301389 0.4653570456753712 0.4723930753860395 0.4455793858842015 0.42992586827466195 0.42497977778464585 0.4154966380023031 0.39918939233573464 0.4101595977433048 0.4317154763361203 0.4346682075387821 0.43123585539357207 0.4196409152869759 0.45050825596568733 0.4364220124671902
0.6762310564090658 0.6606478023829998 0.6423411420378303 0.6336597192456268 0.6055395104721885 0.5784293786462489 0.5810459931868689 0.5801699854609089 0.591277371995354 0.5933519501008673 0.5687378759734889 0.5667497108153765 0.5691015206361083 0.5454207159664713 0.5408718029798706 0.5140599337659175 0.5143202903171429 0.5220871264891572 0.5042728637029981 0.49839892348980586 0.4738727218472048 0.48810841822768436 0.48160602094077587 0.5051826808269647 0.531472616311833 0.5329627808152412 0.5200435530405425 0.5066117332727047 0.5046249495736358 0.48010661346770916 0.45030814451056955 0.4460660204561453 0.42744816377587613 0.44334971154526914 0.4325238371680916 0.40091648856922857 0.39687970614820123 0.41661322471465395 0.42958918576173133 0.43530423879464986 0.4198869326185678 0.4314064490674661 0.4141635235148371
0.6781074825458259 0.6451474659690497 0.6380174440373603 0.6147855815044359 0.6004455031592929 0.5549842597124862 0.547788501093832 0.555860101036086 0.5670024156076737 0.5761313317674339 0.5556416875772566 0.5362287203749546 0.5248820338730125 0.5175124287248067 0.5111331899147219 0.5186321189157466 0.5242745083255335 0.5160554389523472 0.5060095737010722 0.5056136674537041 0.48097879459518467 0.4859314672557118 0.4906516693458768 0.4922213402389817 0.5157450869237307 0.5166106815707248 0.5246991807873236 0.5294394161070519 0.5154754762449996 0.5028359825353798 0.4535952293209376 0.4454906051647497 0.43651293730665286 0.435049068198436 0.43150283196655914 0.41189914582043613 0.4007508354539743 0.39407299157002373 0.4285699982044255 0.4064464319291459 0.4166836539048448 0.41434929785362534 0.4163718871449735
0.6792888365494916 0.6614389000496881 0.6444003888969934 0.6169018549263289 0.6056514832546022 0.5691682489081532 0.5505866091873947 0.5754346261184411 0.569255065629132 0.5706997890186359 0.5342345485381557 0.5180982837234595 0.5209420472263446 0.5218677117458462 0.49435930996315697 0.5007955353277329 0.48386262422125137 0.490759560939563 0.48460165267750477 0.48482700101364573 0.48433016076802315 0.4899642742394829 0.4924767993984037 0.509023314666898 0.5090627410713375 0.540835169499703 0.527498397106206 0.5068528957189127 0.49869381610056657 0.49165104313389824 0.46880726838093223 0.4359680469454869 0.4426174994831006 0.42374229810293323 0.4150490263918557 0.38895051303479317 0.39191218254121885 0.4004135773638374 0.4192714476893606 0.41346261850849086 0.4038636219509916 0.4102917641139894 0.4059473191369831
0.6752037336609876 0.6879887473544604 0.6371020540310685 0.6321461081349664 0.5891244143605621 0.5729150382479032 0.5660007979453003 0.5693282417907238 0.5612281236456221 0.561630846401763 0.5299551280053936 0.5150679928275026 0.5280950673307259 0.5095643553622832 0.4763639576165422 0.4775852859059745 0.4781251336725294 0.4523366480244651 0.47706930976883843 0.49926214605859964 0.49791959852871315 0.4883093547193401 0.48824115755093 0.4801917884214083 0.5244804291929408 0.5449876844431282 0.520857527774253 0.5313224693699595 0.5244178762160971 0.4911674421495586 0.4795665781557758 0.42764705010203946 0.4304043978022005 0.4225215733161126 0.417837026884626 0.3976179676837321 0.3848708669034808 0.41022201452672935 0.4090445574904133 0.4346710091492583 0.4087631640731765 0.4239732093446914 0.4192324811448256
