Raster_benchmarking/continuous/raster-55.asc
NCOLS 100
NROWS 100
XLLCORNER 1743155.27195708
YLLCORNER 5469278.656963811
CELLSIZE 10
NODATA_VALUE -9999
[rows 19 to 37 of 100, columns 0 to 42 of 100]
0.40839571825497745 0.41316190269068026 0.417824068251277 0.3909611772379438 0.3870575886684993 0.3969617755548522 0.4050601986057194 0.40281796011897264 0.427265262557078 0.43560262172949504 0.39606419233112006 0.3652918685252442 0.3795275581695827 0.3137257368198776 0.315254908192325 0.27375714808823115 0.245874524609198 0.22018415437949823 0.2548276892388408 0.23462428125312498 0.20922159330939982 0.2389833039236371 0.25007947245466283 0.26813315703144547 0.23973598400441903 0.2762709245784247 0.23201174772289165 0.27079529088467985 0.2554984637329282 0.25678787857252633 0.26248724922417427 0.2360166591146771 0.17754073758441222 0.20922857438599016 0.16001367200417596 0.1932654459228333 0.184664124284448 0.1528843198840816 0.1517444574476724 0.17432978812676714 0.1885172204734634 0.20447836703237754 0.2831111232561696
0.4140979754189848 0.40290938801483367 0.40813207505145976 0.3905115890219409 0.38823076087795877 0.4324541896270471 0.4660326363774222 0.420389035853046 0.44231349308410817 0.44592878684437903 0.41481743323533915 0.34992658262948 0.3322683365599522 0.3149517373984456 0.33061940784879124 0.2997139239823151 0.26744240831304483 0.26146622837315076 0.3090861611698192 0.25224243284370523 0.2531836218721696 0.30842312215549667 0.3217872721953306 0.3142350381122071 0.28605358841672796 0.2878969563206104 0.29519763901401963 0.2988326350575971 0.274681364399646 0.3075591847340929 0.2906171296681486 0.23941691177389426 0.19378194772389817 0.21265063509500307 0.20006864034899252 0.21138508530042202 0.18349596392583548 0.19178828420135854 0.22592611151945238 0.20455253748514116 0.21480224299077189 0.22259566460828875 0.27755791589621465
0.39505523303654144 0.40845278777675065 0.392195454018766 0.41615301097221313 0.4104820437928613 0.4287622111940571 0.4607533460450754 0.4875532611008701 0.45819136947590317 0.4358145701153 0.42870976625467827 0.36118273954460617 0.3291184068606566 0.3344889359568941 0.32060378631809694 0.2976604674121885 0.33131028945583163 0.3219445117909324 0.2892348017983125 0.3266916084046263 0.3145922970235048 0.3486989686769284 0.3848655492573913 0.38972059353023364 0.36894157869014477 0.33754503459947205 0.33290277685120223 0.35583010071407306 0.3435533225470499 0.3564020659644377 0.3092848331717822 0.28860103405333504 0.2540701024391341 0.2295769445540231 0.22567164353226052 0.2710792827756964 0.2669809474392725 0.23088652331225645 0.22410410730127103 0.21834429676782002 0.23668313679568512 0.2440552961102171 0.28042395924977304
0.429978481507005 0.4119712623449708 0.4425960281941342 0.4146904221889532 0.38877280079582754 0.46510884635724425 0.4848952223152142 0.4674675542852472 0.48646719161886315 0.42606345791338407 0.40815498330298167 0.40439957823893524 0.3538348324347159 0.3447908984684441 0.349456454251091 0.3240333418328174 0.356280260207027 0.3522236073270714 0.3150994953501316 0.358814976178558 0.31480648494065505 0.3889821784226272 0.4248628962267508 0.39154243854720266 0.4149775611680931 0.3719187676607224 0.3621528407363463 0.3566834668345192 0.42036236463476767 0.37724043868787904 0.35663048257420593 0.3361327632665823 0.27605115408159286 0.29094605001280704 0.3146801202679042 0.3023800138051088 0.30997037103467223 0.30042304675355586 0.25509348742435606 0.2250211247910241 0.2075597590997073 0.27296845688549565 0.2836053767609995
0.46314775435110406 0.4558156021489856 0.4472160414312196 0.41108591206218686 0.3935347737308897 0.44287466673213516 0.4826529431991849 0.5001151731728616 0.4713073939031873 0.4443491093844704 0.4560480880634186 0.41468535156258285 0.39386584894002685 0.37255414912520074 0.39891770491570205 0.37231319669419577 0.39989757144763927 0.3624412448732043 0.3456955614372269 0.3939348984438532 0.3734090079542845 0.3986487746482853 0.4607810725349893 0.4438133718673755 0.397517475135179 0.41926195588248066 0.39572918127170775 0.38135445571752946 0.43229342991429054 0.43179184231850115 0.40066534143487953 0.37148906861245323 0.3243214403964731 0.3048134232161516 0.29506475137861965 0.31708287486214 0.3095150462024976 0.3257316699722246 0.2748305020253007 0.2463095049059703 0.24051025596421038 0.26269926862136456 0.3327952789387586
0.47677089575864035 0.4266081054301309 0.455126169119388 0.410678965598646 0.43829702666584647 0.493268411560127 0.5124248276466538 0.5070529397916989 0.4790591054300615 0.47840489667409747 0.44229975385639675 0.43756855276857604 0.3822292825252649 0.36953909320368367 0.41912574844184153 0.429950394436645 0.4103800950740537 0.4441777190512068 0.42069056904668545 0.47075972047651177 0.4816028872445705 0.4526414893678089 0.4662057577362477 0.4677090197511444 0.42105487464820235 0.4537989909296475 0.4026886227860417 0.39912848599024425 0.4376024104093376 0.40324856158502287 0.3961600319233357 0.363522875958159 0.33849252096828425 0.31689170228383395 0.30130097273882983 0.33941956768156917 0.33583411458876455 0.2917749003007977 0.30360068525534706 0.2827348795795634 0.3311872477389069 0.3395220670232797 0.31887276417063615
0.46738330693848046 0.43050610038788445 0.41605033240853573 0.45506966264248516 0.48609380349599624 0.5185052692842704 0.5155786034930079 0.4993445161606882 0.516391530801397 0.47813889251106784 0.4392996341767875 0.4498181901156631 0.4015708312442962 0.4134401915993147 0.40129346084520845 0.43660145022497315 0.43836672794347237 0.4708376670803579 0.49224009204321845 0.48587625084780955 0.5076720419965766 0.4814705219661935 0.5071598772495541 0.44538203083124683 0.4596740598202883 0.46148418479991477 0.43794732157812966 0.4727695523121453 0.4476214059388564 0.43638463980455267 0.39718494554244255 0.34556708742492853 0.3128982693644563 0.3119163403059551 0.3221558708832734 0.3094927449054237 0.32724256508972427 0.2935640797023302 0.3189494901883714 0.36032190998158803 0.3835803293341135 0.3815465029048047 0.3584406159894181
0.4477567001271036 0.43870714163208274 0.43827540789450226 0.49134263945570744 0.5130766123600994 0.5298317161285828 0.5532839482672995 0.5035505042487184 0.5403216261250093 0.4624311782357247 0.4538278129011136 0.4540014048652545 0.45283214162997837 0.42593155212720035 0.4354085156087115 0.463651231232439 0.42094196996899996 0.48291563230249995 0.5245342524371236 0.545291954837047 0.5331379871583801 0.527136284575106 0.5314286758409721 0.5085800465740318 0.46354700870433785 0.4589166567749238 0.48419644863485023 0.4994424692996966 0.44841933868658473 0.4399618076466147 0.4477688083177808 0.37237280427489317 0.3154419193368281 0.32053483005182504 0.36423519031225593 0.30745046128619524 0.29767526080879353 0.30865742675823377 0.3256616034373123 0.3485672223676004 0.3680689215638879 0.3943065772401605 0.43137772091827564
0.49101295898598196 0.46988859461102517 0.4997293623718389 0.5088325592465349 0.4924111805771956 0.5245982218399651 0.5467047767695523 0.5017751861500446 0.48443017295479 0.4807235858599363 0.4508615811703566 0.42711107883381355 0.44941055110571076 0.45049317794761545 0.44366374187141466 0.4485597081669528 0.4371938013428929 0.493466299616553 0.5145632062306252 0.520264927606573 0.5512957752221066 0.5555249096517865 0.5763112310233137 0.53514946761016 0.5236515326441155 0.5085321321775228 0.48952484911943317 0.508504274010364 0.4677820718988495 0.48415371966176235 0.4208156032484099 0.42214937352068993 0.36304585672553014 0.36920007202077726 0.36536336848669115 0.35614771874547113 0.3128521257649981 0.3418657103292244 0.3406413402864475 0.3762210723795265 0.37487870846076343 0.4131532218085702 0.4187269012706773
0.49546637368280266 0.4997242185099853 0.47954644613156694 0.47416102523556103 0.5042839696035103 0.4913128425686486 0.5020634690758704 0.4593174138717358 0.4866815763392483 0.49106825925967823 0.4350379846158376 0.4401373606342467 0.4244626145120932 0.41883582861726903 0.4458745136430768 0.48348561731701045 0.5009646557051686 0.5155543710866598 0.5248122899365529 0.5339059061495579 0.5913889259894225 0.6007859427073383 0.5784792603849944 0.5386689434290862 0.49795221979926835 0.518143476461135 0.4944239494911871 0.4874819078335111 0.49624529957250335 0.47709319425016805 0.44684211929322454 0.4272349903204855 0.38777453035253545 0.4115829096892643 0.3621777575391602 0.3832154403106289 0.3605314819862814 0.33313619134556904 0.3423606667750039 0.3973066120463007 0.4158384041779008 0.4144427912724909 0.45855794078958073
0.489844412286102 0.4967600926040331 0.4914536150558511 0.4239787204368514 0.4341772846788651 0.45669451141804174 0.462420733677985 0.43096283212694253 0.4634093868551728 0.45591490867446655 0.4358455435834056 0.4479987667635922 0.4196745512182401 0.42377837446247846 0.4192098666065431 0.5002135493196631 0.5337510936103743 0.5582201605951089 0.5306911364751894 0.5631135600701191 0.6006497317193555 0.6100470276605833 0.561671324628933 0.5384546140957175 0.559177627678004 0.5021301082855836 0.5082958591605605 0.4939949029288137 0.523589814431012 0.5181410237513958 0.5187529053367849 0.4598487517943355 0.4878937899191727 0.47796357646505533 0.4085718781154545 0.38450692122076574 0.34401660027224 0.35495072575477044 0.3975243240925851 0.3690589111464609 0.39727799506123135 0.45069812937017684 0.4821410625327698
0.4819761092914949 0.4869729628366709 0.45663496824188454 0.4357862977003075 0.37191753431767427 0.43069050024825467 0.40874357435674274 0.43171700489964426 0.38552893384458015 0.4533685002989025 0.4378032037883075 0.4640396151887536 0.41866039482825934 0.3974474290493895 0.4238092473833151 0.49145367172209653 0.5861406793901127 0.5803744911880314 0.5632240307338788 0.5473694980622387 0.6052476069086852 0.5862185931532059 0.5577719488096438 0.5882166511159073 0.5861107495591833 0.5092285255110919 0.4933920161722371 0.4768208778353057 0.4751901735951575 0.5233988624487189 0.537301069098903 0.5093806842035257 0.5711198088297348 0.5497166929049948 0.5095873034641341 0.4470286939044008 0.37497577404963217 0.3874352987539395 0.4088920127466001 0.3931787158726095 0.3974334141619251 0.42066998923563975 0.46922528838122235
0.48438988791882154 0.4595784032380589 0.420243545175439 0.41292065497154473 0.3956860195819698 0.36666133513778976 0.38972549550666513 0.3898053025976158 0.3828596473101319 0.42322364341452534 0.45162767837565176 0.43635646188231003 0.394157034792823 0.40284685087154465 0.4281979551897315 0.5063613298220416 0.5398595282000683 0.5545981073206945 0.5703220227923785 0.5610627108870213 0.5750894715600342 0.5606543155667211 0.5823278899501169 0.5588590815099552 0.5477772156631551 0.5331321271733349 0.513010495236252 0.5039783502444017 0.5391137483344075 0.5687957147597165 0.59293998414202 0.5691162332050015 0.5454768589038902 0.5370401692968413 0.4911944369048911 0.4790266260400903 0.415259148065928 0.44294019426000447 0.46763030013673 0.46647931307310553 0.4270284618341264 0.4594171581701461 0.4964744853631112
0.5297345320055952 0.4874650208974569 0.4447643325086525 0.38552642426267875 0.37033487646560265 0.38696496957842774 0.3442470618248839 0.3363562428445235 0.3701987053645471 0.4352694634470938 0.4283248590948216 0.4271191128060277 0.40897989017126124 0.4170567763803603 0.4425337385126856 0.465827553978863 0.5048606568506885 0.5107635778114823 0.5604337534736555 0.5819831265882631 0.5554895299464682 0.5768148708791441 0.5819654433456881 0.5323379796160985 0.5443550830224487 0.515920943315472 0.5271022839732797 0.5655355755128294 0.5674959243281351 0.5643893375790248 0.6021763392050424 0.5882950593604298 0.5936877799621598 0.5862646322683297 0.5430638411149206 0.5217156466433135 0.45505596842696494 0.4634366824758787 0.47726631129435076 0.4812610887655715 0.4874380008905593 0.4943914508560924 0.4951980168105008
0.5669582507078865 0.5070404019295163 0.45172920085521473 0.4133100001264604 0.3700743444933573 0.363017106592681 0.3640541978574754 0.35132656177020233 0.3667487364981316 0.4101188333290883 0.40918866480349625 0.44318520663771355 0.4138416292580044 0.4319907117005161 0.4289653137937915 0.48894698485541555 0.5023233842602685 0.5326639660123901 0.5200015217198269 0.5346424271890191 0.5182041486667263 0.5109286688398299 0.5712653170805868 0.5573923651791962 0.5453680697102268 0.5303438709897436 0.531115382041581 0.5704713000212155 0.5702153080255197 0.6175602901224367 0.6291157018310417 0.6156540238436072 0.5844931150186957 0.5705830143777499 0.5336667540087371 0.548088335810174 0.5160518259041775 0.4914320706676886 0.5233621850417841 0.5266983547785739 0.5311397403743874 0.4953716482389894 0.491472468535503
0.5774770837678285 0.5465578970849099 0.5228492150614596 0.4485291824152077 0.43071210406923544 0.4052466335316981 0.4199339524384863 0.41070088869666915 0.37089545743628216 0.43766091344227803 0.4245158347944081 0.41663046112795454 0.4202114904944948 0.4389508421962718 0.4400072639275713 0.4799557961452557 0.5125811757692902 0.504219080901161 0.4776544012284571 0.5231750969109383 0.4766337148139163 0.4974460984149273 0.5430831570139171 0.5414215707030821 0.49144684442866104 0.487402435831839 0.5467672361095817 0.5741710170060168 0.5944126346882639 0.628571734721718 0.6274948311695455 0.6529467766268959 0.6639967276036228 0.5937863841883536 0.5530175100664942 0.5864152746718371 0.5585400857970176 0.572157668039668 0.537558859548568 0.502851194020492 0.5107331637687751 0.5418745663638859 0.533928917896735
0.5678446687363881 0.530229085492583 0.5085529793247388 0.5272954797014241 0.500131553500693 0.43792532565723413 0.4284142484641165 0.4043799683942651 0.41092345516828793 0.42703320050947047 0.42896034255164145 0.4117266711623741 0.4246154448502035 0.430852226041343 0.46771163775886226 0.45285238547996015 0.4656616463689955 0.48388655705126965 0.4864306896560691 0.5031224087260783 0.48630818471029613 0.5034820864283802 0.5129313131174552 0.4784343001256204 0.4613320344177127 0.4909998453736349 0.5218833002373877 0.5792974385543833 0.5939784740605126 0.6240970066735926 0.6669975441205651 0.6449677804551638 0.6059126701491465 0.5883917056943657 0.5765735423563992 0.5680300231173224 0.5716302353658085 0.5828894837649663 0.5798457432891957 0.5362584530173493 0.5426182490807056 0.5697265917041102 0.5243863846513708
0.5712909502226515 0.5800782061699716 0.5576970226640842 0.49738926222312696 0.49277488384694784 0.4548099731714031 0.38448827084250864 0.40236649816391545 0.4007708013729378 0.44593115677539974 0.4536171610888174 0.4599388186353702 0.4649689314314286 0.4448400917191297 0.4610406852774863 0.4711216825219959 0.5137568226760635 0.4898350840859677 0.5048219481049628 0.48099075968486094 0.5156442620364471 0.5157658221486463 0.44710071645102517 0.46303609623294695 0.45181056964875715 0.5243278643204144 0.558607673777819 0.6062995003843085 0.6226295179925728 0.6669886789868289 0.6978931712117408 0.6396274419584648 0.6242804859525514 0.5829397068090905 0.601339726509955 0.6173415604599272 0.6012050747413404 0.5800206850509041 0.5666962522319298 0.5844069158054824 0.6200630315326202 0.5764091962978484 0.5616264147289477
0.5945194044042322 0.5842184616659026 0.5899794656111296 0.5231305249828269 0.49692460384795445 0.4437563128266629 0.38120485233668044 0.3815140743911403 0.3877840573265088 0.39670443152534196 0.4160287333112637 0.4811633674313403 0.4897664505558016 0.45017475736641277 0.47602208693211845 0.4652223135834824 0.4800430201535729 0.452416054694349 0.4917409469653354 0.49241155912846 0.46285522308221905 0.47848587950100363 0.45527348303930676 0.4741432621650165 0.47574026889023374 0.49596332193760556 0.5326393371092266 0.5906505375951551 0.6342790882988554 0.637754906823938 0.6443968924505719 0.6650498217845694 0.6575955736902402 0.6110324946470305 0.6036411342259989 0.6114609338549832 0.6208545572390051 0.6055072717799159 0.5967140624394504 0.6202780007500632 0.6430354311340607 0.5918997774906541 0.6012673054096862
