Raster_benchmarking/continuous/raster-328.asc
NCOLS 100
NROWS 100
XLLCORNER 1743153.6299620897
YLLCORNER 5469291.150406994
CELLSIZE 10
NODATA_VALUE -9999
[rows 76 to 94 of 100, columns 43 to 85 of 100]
0.6106194167369355 0.6447390063689057 0.6328641936322522 0.6472227207266819 0.686688250410732 0.7132708108210011 0.7455260556202529 0.7201133205603735 0.7602058088948438 0.8111090106682489 0.8445741125998801 0.822698080906176 0.8333708181248731 0.8121445683313037 0.7973917260109789 0.8267564508004027 0.8516529511297838 0.8893505409645481 0.8488072825838874 0.8520303212962452 0.8029602345772837 0.830377696671568 0.8453208902128158 0.7727112062336718 0.7837923455258269 0.7310706166047641 0.7248142957635547 0.7233389811190958 0.7296874086710474 0.7737308167486829 0.7736800946426308 0.8050974879403512 0.8069139462976911 0.7838747983931418 0.7791007534648188 0.7976046256138453 0.8082368575783736 0.7587326663214563 0.7581422598063801 0.7574707382718072 0.7372661280147029 0.6515820614173143 0.6063767653658348
0.641529417769062 0.6078941642288801 0.5709347492566749 0.6129530761702141 0.6216188806548475 0.6688337797270996 0.6422785283111896 0.6926735586770321 0.7000799279161042 0.743845190800952 0.7847404914037016 0.8053508264387516 0.7876933424937106 0.7804887410352633 0.7928963666242101 0.8047460542341333 0.8656141789095098 0.859633237346958 0.89993306909247 0.8762982034129574 0.7900036218297772 0.7977125073218003 0.7896797441501779 0.7657890409491485 0.7384986366012815 0.6881092441831934 0.6838229286099534 0.7088940330996789 0.6971486424554183 0.730199684955181 0.7482420505104633 0.7938154270429717 0.7866424277574374 0.784691675094808 0.8478213754450035 0.8233700997372916 0.7541683621080503 0.7297390587553302 0.7400325129396008 0.699922455208159 0.6701917347882459 0.5958708892506703 0.5389169259304901
0.5485063666267055 0.5543523969795656 0.5488326763946952 0.5645172643607586 0.6213837548218221 0.5997136566116569 0.6381793557321355 0.65385587829451 0.660441696955572 0.7112692213842481 0.6887351554446527 0.7280727386259773 0.7295417084179028 0.7193676964016971 0.7526219249873999 0.7853865176380052 0.825078023140947 0.8536074389313235 0.8950710547882319 0.8582551586006185 0.8517780250970988 0.8026686280536596 0.812649603951687 0.7694804508892917 0.752370848953678 0.7140007439805134 0.6814211417146037 0.6982470288070852 0.7394479949823733 0.7445805510934287 0.728660607238983 0.7851776300123277 0.7782220520712243 0.8188478292682001 0.8192013867942584 0.8201260025724112 0.7781704934370862 0.7269278012379068 0.7075149769849961 0.6466716513393904 0.612719932965173 0.5669661461917318 0.5704051673602815
0.543332796807074 0.5383393740461813 0.5333885177822352 0.5664522374277671 0.6142215775442864 0.5763141761555388 0.6068022271621328 0.611788111866701 0.6178770668681017 0.6384489402497521 0.6349929161921389 0.6432486393876292 0.6811561715830143 0.7013844847469617 0.7177804667680027 0.7655608603171417 0.8513982275120189 0.8727910038651683 0.8619146400201916 0.8105529013448742 0.8315468389048162 0.7915814420596721 0.7596212472759897 0.7536222266604564 0.7888012633530754 0.7527757148585326 0.7350606165978075 0.7502246154785908 0.7346231558501474 0.7115972330440914 0.7285838298332157 0.7990599639365294 0.8227736074723742 0.8408693862904577 0.8396651149782264 0.8092859297984254 0.8018091631809378 0.7283008013186393 0.7115127948322537 0.6136861206968377 0.5847356198879536 0.5654552788459719 0.534444859742435
0.483645575816302 0.4960011464573467 0.52921236304038 0.5824278281055035 0.5558606378571918 0.5823600356561037 0.6033581266648508 0.607564994981502 0.5998974275499509 0.594290690953002 0.5850038597686853 0.6238065458364465 0.6493697033220002 0.7272598396259373 0.7352820503261018 0.7858873841628486 0.8491266908490441 0.8499499542589387 0.8433019381269209 0.814728049278733 0.8189959635640426 0.7630100764022235 0.7562732395252486 0.7854567387599077 0.7786267446298784 0.7186490133281295 0.7716376039532066 0.7461215543272838 0.7205784716429269 0.7304561328402278 0.7528694459737392 0.7565159053145157 0.7926324386767082 0.8121199608402151 0.8484450402402774 0.7937460870123378 0.798350217233259 0.7279222242761291 0.667694578987115 0.6124412364201328 0.60923354982652 0.5470757663416924 0.5364904040541303
0.4595231175402867 0.4823388770555285 0.5266041428446133 0.5635288826501313 0.5457817046168947 0.5493398268894992 0.6070493719913487 0.5808830890521706 0.5988213932651658 0.6059671734568839 0.5668005031764171 0.6448585964178641 0.6876951651875689 0.7207626833616119 0.758146347149044 0.7449437988185703 0.8014520487963668 0.8271497584658211 0.7897066810688536 0.798090460780781 0.7631771835686993 0.7725415203514755 0.7820858994357753 0.7446075199618885 0.6964038647458333 0.7282505473190876 0.7731081089231882 0.7304653869754962 0.7671275988232297 0.7521843278640138 0.7257188566612499 0.734063890768789 0.734053551980634 0.7555705286083665 0.8360433158717562 0.8079398483803013 0.7883100590107142 0.7088825017575128 0.6702625308016467 0.5934840872208801 0.5908343915474438 0.5377457351047201 0.5053848662790541
0.4974104946360568 0.4863841193607492 0.5362387063054361 0.557719563856232 0.5801113594411011 0.5853785406683714 0.5864134066301316 0.614828107687152 0.6241402164930354 0.5930384921657292 0.592485946122357 0.6294667774759066 0.645185677029116 0.6808611861040518 0.7242257968851343 0.7492706251385419 0.7960453492901826 0.7961025512916232 0.7356843960606503 0.7470832073846335 0.7342054441133553 0.7136163742547497 0.7313297670572089 0.6956494087366025 0.6903840050051654 0.6976936773303098 0.700123761741455 0.7282936920374726 0.6944755105367754 0.7147034579510247 0.7181101689614467 0.6818183089326239 0.6872774784247346 0.7176496888219902 0.7137671014936602 0.7519484785330961 0.7217361741077704 0.7241099003099903 0.6750797025739457 0.5975079267184604 0.5649940588210229 0.5939360910833809 0.5739644517401572
0.5077757989455032 0.5145579760079476 0.5466004705028473 0.5321207897940812 0.5388180287527575 0.5857783677790046 0.6182879176724506 0.5604144595389582 0.5839145028304986 0.5950779326252814 0.618939933514217 0.6382693902438077 0.6885545878250808 0.6832226088589916 0.7173680909824999 0.7397664363690493 0.7375554314135168 0.7670535143913905 0.7366059874849792 0.7174427843542494 0.6890187513075982 0.7046344016898879 0.6806639398819758 0.6474324397773701 0.6293755772212181 0.6333568633755658 0.6596028249378848 0.6367716741064955 0.6366986968513367 0.6408570317858882 0.6730876075262346 0.6915573150317534 0.6361961845994543 0.6677483919034829 0.658958303101978 0.6728307088280574 0.7030513493874438 0.7034260810593221 0.6287998177078845 0.5863565869693123 0.5931114968726211 0.5712281460342616 0.5832043111516643
0.5409083029107737 0.5514837360794003 0.5290235021995051 0.5453465546045881 0.568023169765748 0.5648805795428123 0.5662544394093054 0.5507459925207475 0.5827377322171924 0.5759260468121851 0.5732566344405857 0.6289402241200559 0.637866943626419 0.6574079170730005 0.6475816553295887 0.6973941256830697 0.7065756416006829 0.7183531194250133 0.6883189340841758 0.6465574540898608 0.6406958786172716 0.6524326498755347 0.6300254195380677 0.5983505682882044 0.5804823384134778 0.5930996261462272 0.5950488289555054 0.6248518872761338 0.5986955922029502 0.6489135342925417 0.6688189541804306 0.657729490947459 0.6067971117959687 0.6038928613619594 0.6356576095792018 0.6648195969914178 0.6434669527741974 0.6387704984498489 0.6294262090149131 0.6009343100415779 0.5790917922591792 0.5577925267593657 0.5589118431590717
0.5365822555237836 0.5323745856369361 0.5581957616378054 0.5483436417081918 0.5744393483762698 0.5596889009951594 0.5330220971188455 0.5272053542893029 0.5427749027734975 0.5481119560342471 0.5817420276341397 0.6329622857801264 0.6033118244600598 0.6273232164329414 0.6355461258880832 0.6434604902904913 0.6980772102379872 0.6457457171543778 0.616321399327745 0.6349896035999892 0.5816522554723532 0.5863949612080431 0.5680512845805992 0.5476345758965878 0.6134298789527715 0.5808171298668909 0.5555806346458224 0.6019871960918772 0.5895023457126292 0.5827221276586118 0.5884664993446188 0.6337909509892163 0.6305923919374659 0.589525447217987 0.5512451650357059 0.5968403322813277 0.6509527599631589 0.6195931281282773 0.5942863372923888 0.6244560106191482 0.6212509853132653 0.5773418806404229 0.5443663052884161
0.5491247294749145 0.572864615763508 0.5884352548094188 0.5706845825990607 0.5694846282011964 0.5918396626097924 0.594969255609498 0.581203444712566 0.6101918087046573 0.603713138377261 0.5634798750484383 0.5896178095446979 0.61142109270782 0.661850679954082 0.6545642746717464 0.6688123675174716 0.6224510325262234 0.6053540100000747 0.5914577652837858 0.6059858344478389 0.6201791597036477 0.5846908683416372 0.5462483854162756 0.5396521285532299 0.5416478208876284 0.5767683030156289 0.54779523415925 0.5338314701290994 0.5505399252951872 0.5699857056199287 0.5400319481379069 0.5788870624160948 0.5946092055026202 0.5706982207198485 0.5836920623475885 0.5645531259138887 0.6188339852493121 0.6000607583793396 0.6428406164841134 0.6387361293274697 0.5995562571815165 0.6108250278973407 0.565218931357559
0.573448104358425 0.5821382898565214 0.5258830231431472 0.5426724176844492 0.5935248843176074 0.6220967238832176 0.6267568486884527 0.6242818687235819 0.6181846350144432 0.62608438458297 0.5872784862514047 0.6012823183439965 0.6840870315593287 0.6503955492048127 0.6643677586701707 0.6641826601156229 0.6022556580496234 0.5790692641054331 0.5627042666755678 0.5717530297467962 0.6088830325351785 0.5806144474284398 0.5196027395482228 0.552398671547815 0.5122635618758727 0.49204874036743057 0.5050233743714845 0.5426907697149294 0.5328226490805996 0.5520188628125763 0.508560819893939 0.5804401695504839 0.5781215153281859 0.5410081689063643 0.5818137863488674 0.5547093040034181 0.5430076416400852 0.5786194507606848 0.6463798385959543 0.6168301960920601 0.6089166615585587 0.618179274622314 0.6354002498204621
0.5745019994631276 0.5624462117074535 0.5735658461000879 0.5450407039133979 0.6060435770054498 0.5999766861949752 0.6009403184697422 0.6180760279119193 0.6507261481375378 0.6610579934574723 0.6074722527064695 0.6357336552451933 0.6431854426031149 0.6449883896671149 0.6761238422029759 0.6182543680168505 0.5681661005165172 0.5921474080441318 0.5616643684852971 0.546206675156112 0.592729897396526 0.5572746951286639 0.5643653862689045 0.5585314920523171 0.5067959275211785 0.5030551251417218 0.5051299613626409 0.5515678744156773 0.5732873073590413 0.5426306953468333 0.5105358453642331 0.5471075364759578 0.556267519732157 0.5485821794029593 0.556478368111541 0.5898927626001096 0.5853232110430365 0.5985175366133408 0.6549302556602548 0.6158298615330499 0.6106949922390795 0.6079414026021857 0.6402092600639238
0.6332682852036823 0.5931462147728424 0.5553530735960482 0.5408973238363947 0.5826582373475762 0.6110664614621046 0.6197060012160757 0.6278902248568151 0.6855127687266234 0.679865505888052 0.6495739394171505 0.6361499325725671 0.6177802923545606 0.6622919134522434 0.6623722670080364 0.603244965629747 0.5855381418918002 0.560757285456076 0.5515381044678517 0.5394767639426372 0.5635444022969758 0.5425486371949907 0.5547806304513982 0.5688719617353718 0.5734722300016645 0.5336517279007477 0.522585420424844 0.537294689599176 0.5699640996147227 0.5430736586322306 0.47163728047445336 0.5298526756864482 0.5622902369525486 0.5246934817443943 0.5381901356524768 0.5699566707204347 0.6113771233012926 0.6695960997777911 0.6735444065570958 0.6174178615712899 0.6268489246416205 0.6361983578608652 0.667531669650137
0.6239898135575245 0.6277999877449768 0.6094571923666826 0.6012953280153512 0.6440146462948962 0.668806671925591 0.6814096865562889 0.6476358873742234 0.6439254902963099 0.6555663390948985 0.6434949561477292 0.6596242061855 0.6848545094996731 0.6562506552197707 0.6365050358654978 0.5988658657414465 0.5699376449236381 0.5619452963126712 0.5848298738255591 0.5443273524354592 0.5341191999326583 0.5485707013069974 0.568951652577621 0.5803849853829274 0.5708124254449205 0.5894356910797792 0.5842460611739783 0.5849264527930261 0.5835828342774577 0.5398831342008032 0.5044993204194788 0.5069001724379081 0.5573668369884881 0.5240114581319808 0.5293841122576339 0.5784858219611048 0.6502061929393748 0.6709378455312989 0.6838227419239512 0.6646951665719029 0.6258555467215055 0.5868074921137101 0.6375203425930621
0.6216439327722048 0.679777362588221 0.6646736764475646 0.6615771086091262 0.6990839932365454 0.6635606763891658 0.6843816788671951 0.6779854356919897 0.7044341497322547 0.696183381993969 0.7095761391338913 0.6863231563772231 0.6846821386435973 0.6718676422323577 0.6078496220838939 0.6064235605537174 0.5958721887494522 0.5683728037386284 0.6133132223342115 0.5591242879804612 0.5326737144260039 0.5652419676537502 0.5751892621892302 0.5669550683048302 0.5790935973600466 0.5979868265714768 0.5751433401410808 0.5822219719241947 0.5556374649433355 0.5058770207925006 0.49727323932420886 0.5458303721158517 0.5766235564017146 0.5221952878878692 0.5433780979857596 0.5822544811514331 0.6158579136213179 0.6413553763852893 0.673848974149891 0.6701841161321326 0.6175667875697906 0.613276060218957 0.5565448622410331
0.6612042837801873 0.7012144433460331 0.7277203645467634 0.7076398374428444 0.7281034865285652 0.7287219545743014 0.6866411065674636 0.710434254842165 0.6858614576897455 0.6841623965547052 0.7199462633279959 0.7310833281702336 0.7117620700498166 0.6813561474495488 0.6499347227105287 0.629463018164753 0.5669157676693739 0.5880745809301405 0.6077021907733264 0.5417018427965336 0.5779850691818815 0.5831279588457089 0.5669584646931847 0.5992632020923586 0.6119787091592624 0.5834966763313281 0.5806406234045177 0.5456538765273548 0.5137154083735156 0.5132942206484591 0.5454306916514828 0.540170246506984 0.5857633691026419 0.5720824775357833 0.5707875049888572 0.594906301388085 0.6341709971429985 0.641201253635823 0.608472085012158 0.6270385302817828 0.6134984207180045 0.5723344764752126 0.5463903696611561
0.6838532713180673 0.7266633247658072 0.7433244024003756 0.7423981637851349 0.775819062176644 0.7283069150178539 0.6984911753079608 0.7047120740228571 0.6624185167242159 0.6651870684885718 0.7136774222524137 0.6943891027770692 0.7088896245759063 0.6779039633288657 0.6629004906047413 0.5942448983868193 0.5732900799462503 0.56064768172647 0.5789633238998837 0.5253869436669886 0.5361662287725065 0.5895751447471093 0.5952397692213617 0.6040160588836542 0.6223454755210703 0.5916012652157168 0.6091507698271285 0.5575486006092801 0.5222198554735099 0.5386111801147151 0.581231664891195 0.5480337202143006 0.533457255051172 0.5646054211588721 0.5256549456812761 0.5599087427430598 0.600539014696018 0.5847571997578743 0.591906857762105 0.614141964243962 0.6307984451349008 0.600830649217344 0.5814731675920094
0.6903971215015997 0.7319985421841044 0.7428054014837564 0.7595242925066966 0.7685812283194239 0.7352051342492757 0.6957184150845506 0.7329383513643513 0.6913891044711333 0.7207536756189115 0.7109072326379823 0.6718435878755634 0.6913204903367233 0.7065077812285627 0.6682302716364069 0.6278741612754993 0.5991167312100888 0.5739557538846505 0.579363983800459 0.5629076018056349 0.5669483697158835 0.5749378795105368 0.5929933303082048 0.6191324730790727 0.5995142457054458 0.6388415189073227 0.6249261152901394 0.5609768716082699 0.5490848985222111 0.5459788278590249 0.568380435522953 0.5694058995138851 0.5488121861270711 0.5098302772834451 0.5259325602890204 0.5879342978299914 0.607266508996463 0.5765359201082437 0.5785901273850912 0.5548338998565506 0.5827917551504167 0.5837927426547062 0.5439136640546232
