Raster_benchmarking/continuous/raster-234.asc
NCOLS 100
NROWS 100
XLLCORNER 1743149.252892852
YLLCORNER 5469281.99300558
CELLSIZE 10
NODATA_VALUE -9999
[rows 76 to 94 of 100, columns 43 to 85 of 100]
0.8449314745442675 0.8412524227696304 0.8525852298239053 0.8291400293228137 0.7704848918768988 0.7469693987905202 0.71790316813662 0.6919189673060291 0.7080995229939109 0.6908292259785062 0.6144474831421948 0.6343968348967044 0.6121229635479906 0.6484599858907428 0.6100143713197671 0.6321802167735255 0.6447575451540113 0.6694936020094262 0.6530175435290112 0.6071143570453544 0.5874891844584579 0.5689702155183023 0.6065662569355726 0.6310738248307562 0.6518477972623296 0.6193782490438466 0.5933261353574033 0.6085460687100412 0.5741485911664104 0.5825723911593543 0.6179737622354243 0.5970621067303933 0.5681536279026451 0.5808156502037186 0.6091667498604784 0.6105577648707576 0.5570695566382498 0.5037197954234085 0.4916366255745422 0.4916908783856695 0.45952303023738944 0.4264115273290626 0.4460669435790218
0.8294871696661454 0.8362961101537638 0.8273066376580892 0.821232358743202 0.7560523387577421 0.7227049867391625 0.6920101206127198 0.7387393848596023 0.6998643390237552 0.6811878508396936 0.6393517420079473 0.60886569222124 0.6373434520765534 0.6248991257738534 0.6462535395257255 0.6372134902836434 0.653457197857984 0.6347052538742743 0.6515838552577276 0.6363386289708417 0.618622741528971 0.6301893307593888 0.6495729034902229 0.6465825604541454 0.6594069942918704 0.6673506786658092 0.6483453579121472 0.6106806282012465 0.625429893947312 0.6106710967887734 0.6123347315691978 0.6033597546681297 0.6159670963231494 0.5997445110753775 0.6368987785330434 0.6079380281285248 0.5846799634589311 0.49835906399650887 0.45658375375709553 0.4645660716140763 0.43598604403086083 0.42166913455502386 0.41051930018549126
0.8075005112655294 0.8349976560188584 0.8776905757448734 0.832675033638613 0.7807776875022802 0.7607918724163222 0.7024152280712583 0.7318673982310794 0.7526919411421296 0.7226312825640726 0.6774997241423184 0.6451180978558188 0.6222292985208641 0.6479944461318036 0.6793076388031842 0.6619967174478292 0.6464110916453534 0.6729165796367167 0.629973831827061 0.6751136850054834 0.6603708740715674 0.6265341571500948 0.6298450960435139 0.6503602042099058 0.6343242482069105 0.6567899183708487 0.7052782017467449 0.6491286463417916 0.6576116592350613 0.6533279979615902 0.6441136579169151 0.6602396870950404 0.667785830535575 0.6538745546345974 0.6538514683755251 0.5978905045395386 0.5809012740250754 0.4963876139125275 0.4442084332160408 0.443914422217662 0.4760093635360804 0.46010988489070703 0.3897356677123853
0.8071807311204081 0.8293788043866931 0.8396291788789748 0.8119267776332932 0.7629876114031325 0.7646569472438616 0.7634416351499776 0.7645443540255297 0.7407525077659033 0.7031970022064474 0.6949252476314238 0.6569184272371498 0.6764439667287121 0.6656655909792224 0.6685270335314996 0.6467362869859868 0.6546970531037201 0.6640617331955009 0.6820457154669618 0.6585950784837555 0.6547837740326469 0.6318105955399372 0.6164961821705298 0.6073892483643223 0.6396878801544628 0.677981601882412 0.704291392088652 0.6817589169137328 0.6466471706180051 0.6288571330179186 0.6605538863608069 0.6740604462250482 0.6782943423926996 0.6243440775503328 0.6093585466289663 0.5625332617499624 0.5487441770960753 0.46670346572153226 0.46065229860458484 0.4783905904521121 0.4420479113271472 0.4401635851663326 0.37272079068679315
0.7932810628030564 0.7951448437917091 0.7753428360280563 0.7981687886393453 0.7863660022781446 0.7980867728131947 0.7866313802958235 0.7692187376831264 0.7384922339950227 0.7441061923849014 0.7001242387535243 0.7069088125653189 0.6688553755653955 0.7043221732990835 0.6687815034171033 0.6886882812939312 0.6869035676657274 0.6589008411419071 0.6652809491731102 0.652695161477415 0.6298169248577337 0.5894710916283503 0.5951642843499442 0.584751236719642 0.6362503547552161 0.6682917860666561 0.6521745792434728 0.6534946729362835 0.6263203857699109 0.6024921527724871 0.63367066459362 0.6515439754765724 0.6416901324329224 0.6149543661900899 0.5795640989988863 0.5358915541049551 0.5159705855298653 0.47532706231485466 0.4288185576269944 0.43552349253032163 0.46715845388177835 0.41305685039531986 0.37649654522737397
0.756305720929423 0.7424007256921171 0.7575465990564413 0.7380715962342052 0.7801661568056901 0.7859179614409124 0.8129441433301505 0.7882622765632447 0.7395104143175685 0.7538621737197768 0.7507575279620944 0.7119537333536307 0.7198149832511851 0.7099325033214425 0.6847975367049584 0.714908613535854 0.6584091553998979 0.6667377116587149 0.6435425713300654 0.6349827632936785 0.6378579067105712 0.6092414084085295 0.5825350078674681 0.5932378185080566 0.6242872786477883 0.6036962101723135 0.6452821502645075 0.6249232828994021 0.6535715436046722 0.6303859858962737 0.6304640088022578 0.5858353990783656 0.5755619844144579 0.5705528727957121 0.5607342227853062 0.5696245610721542 0.5030679052152353 0.4858925446480586 0.45400046347863515 0.4379704638655606 0.45243029830301906 0.4396028745682762 0.44577928794550625
0.7368787760917309 0.7784999020154101 0.7649174899976274 0.7511164488876051 0.7322659411916704 0.8063789047038917 0.8312199564453726 0.8211044240620987 0.7455161979553565 0.7314870328920424 0.7458849677579434 0.7243474420430404 0.7383544518363172 0.7191222130381454 0.7545548006434475 0.7237981451251634 0.6579648674261555 0.6690272203711833 0.6638216615703131 0.6171548309470687 0.6438408543659438 0.6380315417298033 0.5834139556835906 0.5603063689525087 0.5773741898338203 0.61328910757594 0.5949027520147179 0.5832148557007109 0.6258207236236645 0.6157827431601937 0.5758719934258879 0.5698046290509378 0.556279216726285 0.5565818915816507 0.581025612311175 0.527113197969912 0.49923311222264516 0.48953990836521616 0.4296132686906216 0.46136666961774647 0.458250310253662 0.4514758318186212 0.4769574155238298
0.7644832654571846 0.7534527441170419 0.7298150100257206 0.7225230322562818 0.7228288751099186 0.7710516635086424 0.7833197818812777 0.8103916862727123 0.7895188548696406 0.7264007258381585 0.7142451990108315 0.7484830231935308 0.7666682985699361 0.7424473745562158 0.7202278918248538 0.747098556639711 0.6953952255879124 0.6460777648105519 0.6271540234046504 0.6336387019613071 0.6281954132858941 0.6399886717967966 0.5817431497022738 0.569764878096722 0.5967122326084859 0.587156616070186 0.5659589234202705 0.6019210483578605 0.5638932233042886 0.586069501874385 0.5833594978130131 0.5389214994776779 0.5802344004273192 0.5650488902509472 0.52298176699901 0.5105180281892969 0.4842634685564389 0.49640282106762307 0.4519041928358262 0.46044960826787495 0.4489873873303952 0.48767066080838534 0.45392613399507137
0.7111685027699726 0.7398693723012892 0.6913613173574122 0.6967091352394228 0.7171616827045653 0.7638158389210699 0.7845868929137916 0.7833075816266458 0.7652675196709294 0.7165175721524543 0.7183406717176827 0.7546541594281851 0.7685394167888274 0.7228178743068705 0.7510402651383306 0.7120274180691961 0.7121817057886326 0.6564208218224936 0.647997155929476 0.6533832892888803 0.6411721445469185 0.622668741537595 0.5749152922810125 0.565719022548157 0.5815086261478991 0.5877188700381403 0.5584471273598918 0.5410321748898156 0.5407313345938616 0.5349060941367021 0.5406026563319324 0.53733597267428 0.5626621899413939 0.5367769920359098 0.5435703035014255 0.5307336693974466 0.468271658879066 0.5021015240448158 0.4828687430419027 0.45152483251196524 0.4788631040959202 0.46558233960576434 0.4901933324451708
0.7348896683267179 0.7436020895692681 0.7431028845518332 0.744722754151179 0.7632354168398312 0.7434698347185063 0.7358319855115317 0.7573869586422611 0.7481224139238142 0.7488666221391953 0.7471267247921051 0.788036494251235 0.7824657077293391 0.7320448262013348 0.7011535659102308 0.6793717448321075 0.681063765542176 0.6578005267948641 0.6199555947220627 0.6396340381040855 0.6299833954942244 0.5794664000667243 0.5255370260473036 0.5352469899793637 0.5824480581242437 0.563615350130664 0.5573511515045251 0.5538331496368863 0.572947596791892 0.530905223989323 0.5025389584752781 0.5144646369098842 0.5356751619844916 0.4902464774883452 0.5065420351351844 0.5057863486388178 0.4546425971068831 0.4645570627226165 0.47564832784740085 0.48558512538458104 0.4789357024146895 0.500536439521297 0.4956130902946434
0.7596195598865935 0.7318147469018829 0.7122867431969993 0.7228245096443371 0.7457308108117665 0.7275457406206907 0.7307450671740859 0.7459884187221123 0.7740689079819837 0.773271107343527 0.7848731864039094 0.8092034927714539 0.7835653606402881 0.737593357740257 0.7051816808236039 0.679829404903745 0.6579189348194496 0.6630987971282412 0.5975099743783884 0.5849610640145387 0.5949194579839409 0.5954148351840897 0.5244058970179779 0.5485140559098111 0.5678162926734986 0.5594007572740418 0.5654958569618567 0.5753769678713415 0.5623606342916739 0.506350166677874 0.48121886242582773 0.5062053318959419 0.4770789294458177 0.4584619579397209 0.44499514638586557 0.4680352837073771 0.49351342743609494 0.4990438558041885 0.47996935815236264 0.46286596280906445 0.5094718638915698 0.4744974551180301 0.4744696888677561
0.7240332403823428 0.7486652345528682 0.7124266703572661 0.715723987010278 0.7176191599825831 0.7292843081249639 0.7214799448304752 0.7163445638293557 0.7456990497633061 0.7682296257089569 0.7610292984996287 0.7649277276232143 0.7627487239816888 0.7276740985530371 0.6753372662451609 0.6838721218332124 0.6512370031348027 0.6344816524132936 0.5876167920622546 0.6187604380018776 0.5931332473214376 0.592053846120005 0.5945868256562534 0.5783556501289132 0.5489963570390756 0.5720435816910788 0.5739534839538232 0.5716528467756167 0.5147224360820601 0.49754134405099965 0.4963999023217139 0.47022973989424643 0.44885203486873554 0.43307456381599535 0.44164793522988305 0.4508232736602526 0.461694869758791 0.48804570556838134 0.4818087512246159 0.47127272159312705 0.48340586954568393 0.44593458904783373 0.40694635380520516
0.7171673449161863 0.7329972864352197 0.7189359092206893 0.6966122363798829 0.6911659658596145 0.7214543434924602 0.7511007418093498 0.7443861746782474 0.7248094251449263 0.7406410797581799 0.7680519000191928 0.728227295274438 0.7268058775381295 0.6897434347047986 0.6980703380479462 0.683903093107048 0.6792908267860819 0.66432789095134 0.6122769089979284 0.6430507941933066 0.5957680218277779 0.5985552595633047 0.6010121841272266 0.5746782609382899 0.5238720985915363 0.5454865016923189 0.5628982123615006 0.5724054945093073 0.5245358917840595 0.525614727895782 0.5048345906424966 0.47421129177064275 0.4752319228068281 0.4688540791556566 0.43591561289797304 0.443689050997521 0.4263736518672395 0.456711628749656 0.43753097662244816 0.4757394769487899 0.4664725878472318 0.4292856964734563 0.4004590525371737
0.7150119398765982 0.7034829654921423 0.7284251565767121 0.7160320895231949 0.7064233966503071 0.7389280114947622 0.7363749536779557 0.7282803732534845 0.7099474625673083 0.7079733450275589 0.7192389457407837 0.7151783251012894 0.6726567118951629 0.6684965022689621 0.6704912754849858 0.6629882371014376 0.6481243683210961 0.6687523437019239 0.6566660350085843 0.6331855312617963 0.6338244344302723 0.6008604099197422 0.5492725033253077 0.5310511216423105 0.5107014875916115 0.5381533475749428 0.5154135466270445 0.5379213662818852 0.5233869500798668 0.4959194380335586 0.446496124000526 0.4634556028226708 0.4210868064559645 0.42417147217210327 0.42778613264163584 0.4283269390538145 0.4439374927537392 0.4284653037030893 0.44243149876498944 0.4248828363919773 0.409151203151213 0.3866212480352681 0.37077014237848227
0.7213025590502229 0.7586898129021057 0.75743711277659 0.7079004716740851 0.7156306280400733 0.6942912971557905 0.7105797856810437 0.6769555146020372 0.6603404692602115 0.6608528291992 0.644055002255775 0.6445348346820436 0.6548916339972801 0.6529956765045382 0.5854382853253716 0.6313007664866107 0.6508888918975417 0.6216575326602595 0.6442394769166905 0.6039583162962688 0.5921875361786486 0.5711182065082158 0.5700624537920823 0.5292619632843076 0.48916768237899605 0.4924979894429124 0.525393069886506 0.49745305145765756 0.4818596480197593 0.46612330396354873 0.42437238655432186 0.4297552148014468 0.42805708092643197 0.4134245074784136 0.42856631568710857 0.44449630157514836 0.436229491852771 0.4080069096755076 0.4260681180426808 0.40712335856178705 0.3431235537414334 0.36501759011386464 0.332964593516569
0.7176954333164398 0.7396652741379801 0.7071987325711322 0.7122618937605969 0.7176572590988275 0.6871408011684095 0.7013522267276135 0.702237840774711 0.6761018153224083 0.6819194852486423 0.64809083672694 0.6308711150591991 0.6116115798998116 0.6221790439451674 0.5920437223888622 0.6310290010748758 0.6466971438164136 0.6088472345780581 0.61297091234503 0.5862595809403137 0.5864011997592091 0.5875701838159209 0.5326142804385293 0.5206950782751296 0.504371859530852 0.4969285659847827 0.5197553424957153 0.49816190938826477 0.47360920617332325 0.40543655598596 0.4228862196344836 0.4092722572931394 0.3865328090726014 0.4276184692357068 0.42808832137721586 0.39894574295268737 0.3891561490975957 0.39748860189240687 0.37810921142646203 0.37752555734775434 0.3112220802766925 0.31562356691293797 0.3287342628988617
0.7184829511168582 0.7023482214095137 0.6458590430190327 0.6592071104169828 0.7001305392283991 0.6893309715214412 0.6585020014726319 0.6878059921036582 0.6986970332886139 0.6499668704163459 0.6117525027036415 0.6147815232944925 0.6254099048186975 0.6502513111770863 0.6409088574346977 0.5957168790877188 0.5912625377462015 0.6361848509232634 0.6179198733130682 0.6198223586076691 0.5965911664019782 0.6047285493139053 0.5607219048674443 0.5439647603129075 0.5099083022415238 0.49432164517424537 0.5039691880283912 0.4622608371740434 0.444103984911673 0.40165091559429167 0.37953425053452067 0.4006346692341324 0.38614166476156364 0.4075750277802905 0.43222216741515457 0.4151495744316975 0.373087830886934 0.3803742710138345 0.3898844604275906 0.3681337314828709 0.3239569111137055 0.3210265660844544 0.35325183784027764
0.6818317490474805 0.6667921994190635 0.6756234130250582 0.6767082282496187 0.7089045051330354 0.6567991445569485 0.6903149251687438 0.6964482821279919 0.6750559149862343 0.6599957947053753 0.615830314356228 0.6536718335337273 0.6234796176884257 0.6378391488602768 0.6073543187499686 0.6070074105951013 0.5918784815983846 0.6257557823887379 0.6040816407483963 0.6086984245239009 0.61019322750514 0.5683071762380036 0.5943396531004493 0.5907233350523226 0.5608850202451052 0.5335486215932648 0.4738652486978645 0.450925521800707 0.4424445595653764 0.4477840493152215 0.39287587836194443 0.39713265860856106 0.3834407311008747 0.4232311258005167 0.3986980107454779 0.4084483753649038 0.37459598523407905 0.3834226034401653 0.37328547818329966 0.36460576629820474 0.2947473502719641 0.2827121350212231 0.2986392228405672
0.6066041395215345 0.6261758880348093 0.6008808827954292 0.6461890297648796 0.6893604733469376 0.6416379381160103 0.6850966020312563 0.7075609371277322 0.6911670198502813 0.6657732972402877 0.6222401466891656 0.602560145516666 0.6409597530460663 0.6474243824758551 0.6504264325658814 0.6553604188678669 0.6388689478942752 0.6376116154296998 0.6497015481584303 0.5932239449520056 0.5834408563438036 0.587903911839711 0.6106475384531379 0.55682103164837 0.5743842546753481 0.5391947545064643 0.4901739708141293 0.47380202763699814 0.44006646336939836 0.43328637208206633 0.4456091217516793 0.4290632577857049 0.4175083869319971 0.3916007414503476 0.39999078973475805 0.40673763990518613 0.34990547767808794 0.39873155666055776 0.4169848468836804 0.3696827331367905 0.30109263935330927 0.28846546692839825 0.24851958663508894
