Raster_benchmarking/continuous/raster-380.asc
NCOLS 100
NROWS 100
XLLCORNER 1743150.5032941417
YLLCORNER 5469288.870084085
CELLSIZE 10
NODATA_VALUE -9999
[rows 76 to 94 of 100, columns 0 to 42 of 100]
0.5635822729281151 0.5759859611761942 0.522336161168597 0.549232932451412 0.5359298067740034 0.5786549011731493 0.6252448487968355 0.596098964880922 0.6239507233179036 0.5939272193014977 0.5947056766317316 0.5465627058661287 0.5048349465614639 0.514728672510556 0.47709799751110177 0.5085443489254364 0.47398433342219487 0.4470651754243325 0.43140719447722053 0.38649155160786036 0.3187113283829765 0.3501382325057982 0.3337559106108919 0.35547527898485076 0.3346105962604596 0.3012722716360967 0.2845114236043963 0.26798312735715657 0.30539252231050934 0.31158599133901654 0.27575909058190534 0.2827014474662831 0.2664743315627603 0.24773556626785354 0.22265771355723227 0.23854461070300445 0.25618090751288913 0.20877155928765764 0.19786753799861215 0.22070158883661156 0.23834751761216177 0.19050344742059966 0.16209721755384454
0.5761018185081759 0.60180540088004 0.5990932887703145 0.5821880745399644 0.5831085606548664 0.5935335245479145 0.6133125437164918 0.6139520084704535 0.625190387239747 0.6014507038191605 0.5705893767880896 0.5275631279281191 0.5055033752653351 0.5085859868728979 0.47670149043626714 0.478868491895624 0.4788305768092606 0.4361894409366093 0.40312443695720573 0.3998674013583962 0.35823720749699883 0.32083173717706553 0.34892128118392435 0.3056694321408025 0.33061026832127904 0.32204662787746363 0.296414378751579 0.27739181720272404 0.2570328271088793 0.26585060933696136 0.2753321341651761 0.24565499138011387 0.23326567886721356 0.22148312632819558 0.22391913095569574 0.2349584172736326 0.21253171267461415 0.2350592070918809 0.1913406117340503 0.1849993015096333 0.1586249964313485 0.14845567609160326 0.10871402719606428
0.6277606791780602 0.6154858882269707 0.6069773081592426 0.5931273797216697 0.6070088109384223 0.6355090134687779 0.6545416221988469 0.667536272849256 0.6524229702453769 0.579681901997934 0.5348315620950023 0.5356234329542239 0.5500201848217722 0.5122583428153356 0.4825797939684403 0.45023321910977077 0.4230673100230357 0.41499058106547393 0.4034530317669053 0.3764660020634235 0.3639998621885121 0.33225908598927006 0.3345951719926526 0.3075720468742719 0.32329629440548063 0.32019961718474654 0.29491687173541004 0.2578672992174809 0.23953270527537726 0.2387959996857392 0.20991665871513798 0.20445805766162994 0.19119996649887486 0.21759000188997613 0.19175914989942838 0.1940473655577135 0.18475963023458525 0.19952498743154534 0.2197426708699385 0.19691557903884244 0.12075446519510084 0.1404664274940392 0.0969262903775926
0.6303099734552591 0.6695813673748487 0.6589032421524139 0.6395225384896621 0.6576474975882804 0.6450647210783532 0.6670528200992076 0.6448162695945703 0.6603737730850587 0.6031295402543119 0.538024654533093 0.5501189700549034 0.5085180603255365 0.4844149378783816 0.47020173447839586 0.4218736069530668 0.4110673209026648 0.42533722632240456 0.3988651725724544 0.3996100348864654 0.36886790217160803 0.3738225138183805 0.3648417674065766 0.3491164610175527 0.34201906726747566 0.3063761389254283 0.27471908034708203 0.2596100028307002 0.24868785787762213 0.1988315127721251 0.1690664869269294 0.17635204268925433 0.1585022124193822 0.17535604698107138 0.20841611024241832 0.19822508408806042 0.16967035878789963 0.2044836061445428 0.19700630028614377 0.16654657972584197 0.12239197154557849 0.09434933813664886 0.08855793842265094
0.6872503840035266 0.6490221808070719 0.6847217966784993 0.6756351560770221 0.702620930154885 0.6801909255221459 0.6609699689205529 0.674717442546902 0.649671314222688 0.5917833471295235 0.5500888299548808 0.5387884726235321 0.5148710829336335 0.4895218478225789 0.43831275723726876 0.4165224275885819 0.3718321096979485 0.42448811865164504 0.4052204977568747 0.4146146323981339 0.4007251986715516 0.36411292867705125 0.36889954817893894 0.3864912714509758 0.3863853176880619 0.32400828187098873 0.28043708697015945 0.2657317699006463 0.2510967388517845 0.22409136253848752 0.17818228604609024 0.1806348722897425 0.1710569739717189 0.17766378312188907 0.2042284594629713 0.18755227357512813 0.1610560335145956 0.1561913314633422 0.16930998968792058 0.11605076416236647 0.07845374378207909 0.10805699281102676 0.0924188904574354
0.6674716506718713 0.6506963139178613 0.690866473010165 0.6946850422104052 0.6977773459403718 0.6889297976392487 0.691360753864616 0.6737226818506251 0.6513723244649987 0.6162190314497443 0.5934198372250633 0.5514902622263088 0.5117631773994881 0.48107249122023543 0.4443522910840701 0.4029971835891803 0.4110802086966678 0.4158136823904813 0.41347315878570445 0.4270935315109586 0.4149257989490442 0.4077883538449076 0.38364966434060194 0.37897337086843075 0.37114766973810986 0.3708630925101084 0.31859280676675233 0.29789937376341713 0.2581666873520741 0.21936062136442946 0.18380519509073098 0.15124853390637935 0.15921115992022 0.1939320747558476 0.20807029781091818 0.19638536812892968 0.16207327411013972 0.1731748894013353 0.1495567021336366 0.13436309643987654 0.1088700429042319 0.07830751702961558 0.05669864171632272
0.6546380421296936 0.6499002139836462 0.665886742614315 0.6852961242757497 0.6772399418091359 0.6730220144106762 0.6565224376283745 0.6422913372177971 0.6457796297871472 0.6072814879086902 0.5523714306384235 0.529468925493473 0.539024799682785 0.4883076617016077 0.4357967332435941 0.42834524006870567 0.45205582392703775 0.4423053307071826 0.4282289198113794 0.4411684132667036 0.41484482070550266 0.43818563707888225 0.43568945503623097 0.39950751761646625 0.374945200223084 0.3685555268062015 0.3461703368026073 0.3007556155066744 0.2704384813838665 0.23440870671390696 0.1804759246693261 0.17724824613659698 0.16335137948282175 0.20985310225729542 0.21057616494263623 0.18376930378937587 0.20279062986530644 0.1700836216201756 0.1364899729772997 0.13382779054544194 0.14989697974681976 0.10692083056312507 0.056400161918152926
0.6733979799381016 0.6753446698550096 0.6474326219795618 0.6518490715346452 0.6606086453597106 0.6863049684570112 0.6684359717947883 0.6521121238489369 0.661639620970029 0.6072387318337883 0.5557157279740182 0.5280692370158773 0.5304830745021133 0.45788125923331785 0.45514378327566674 0.45741178391458454 0.4642258069853388 0.4502983061388514 0.46505196640236834 0.4390621011853043 0.4435975507863931 0.42461155279047363 0.4450769484122908 0.43533794786022706 0.37127848140999564 0.32746133107488173 0.31908902482290097 0.2917428850754502 0.2881935823272981 0.22293740723651595 0.1874872046314744 0.18249514954054855 0.20283465363305478 0.18746110154849163 0.20128000184705322 0.1920161225164643 0.19496837818814236 0.18331749203744974 0.17399716457501252 0.12814649202123546 0.16008652644337884 0.12504307857610164 0.0643391169480316
0.7061245991299712 0.657154703452808 0.6735622376038563 0.6945856956200072 0.6885891631898391 0.6963043459506951 0.6801921371757913 0.6766567161229362 0.6392192812426101 0.6366856024983475 0.6197114692899975 0.5651412761730429 0.5045430883395934 0.4511170052111921 0.43379197031818706 0.44376032222463924 0.4295930297523632 0.43486984401940615 0.4425847830658731 0.45048331720011947 0.4357179454034506 0.4571804972122333 0.46558692387764244 0.416201871962004 0.3842908276062036 0.3565113751377487 0.297675579770231 0.27413989258139304 0.2736198976829567 0.2514951796259539 0.25776601418395106 0.19107503989170382 0.1852448547474212 0.16774667038219643 0.18857771634905807 0.17838873537100616 0.22416844123946233 0.17077417915182241 0.15647352349203253 0.17702424861317217 0.16823430015598198 0.1116879606482535 0.0737168236736006
0.681547788425353 0.6761667906547475 0.6934984953557861 0.7061400670288926 0.7184773264226059 0.7001492014990632 0.6873652423089147 0.6824020167875908 0.6695713707875586 0.615889866421789 0.6119214731073201 0.5831679602806149 0.5246215096432222 0.5026326689305107 0.4680804581288512 0.45940095877713755 0.4433170131277181 0.4659131140224206 0.4431220868738964 0.4300121348408116 0.4525734454951512 0.476230690078514 0.46123440131976084 0.440387474686882 0.39641475408295623 0.3571547868535671 0.31349504988415755 0.26306356613958526 0.27255761058327727 0.2592280351381745 0.22814727171807433 0.21730081783046262 0.21044374001265706 0.20313754258611197 0.19194162634027023 0.21170299914971438 0.20263130783666458 0.2133323926564495 0.19250990433059928 0.1761069577713344 0.18387025156371006 0.1700258262675064 0.12867466819248968
0.6796966092704154 0.682608889448533 0.7332965708510261 0.7005312393054293 0.7159982985783607 0.7132992430196216 0.7164558359320387 0.6975218567892708 0.6559210586400773 0.6419589446950038 0.6144727048860187 0.6189941669960106 0.5950975700612859 0.5128421693479746 0.5101699261107185 0.5034456347107136 0.5095751724440557 0.50651416151117 0.457302459703819 0.46396062342663846 0.4704342007378445 0.45799006671218323 0.43094824155540845 0.4270948751960257 0.3920450222915785 0.33276727148795776 0.3082862494242971 0.2745742217886682 0.2540792709276716 0.26055438006892834 0.2707248178997444 0.23726032235671712 0.2212061734001231 0.20186087887431947 0.23046960821649076 0.23790093961527406 0.23194102819822088 0.19915143347590844 0.20658392272499304 0.2074236013351913 0.1983818238071086 0.18417769777193857 0.1546159773801379
0.7102167056062878 0.738872369451708 0.7087435107665718 0.7047607339151423 0.6877508391303727 0.6789147976154352 0.6905161939014992 0.6638570957095186 0.6545165196640595 0.658500902734163 0.6460582636597547 0.5985273381430698 0.5797473537990965 0.5386964334662221 0.5250582289621102 0.5533869611996598 0.5571162359237939 0.4957756413366593 0.4751882461081026 0.4605118374335874 0.488169238772924 0.43534271287820375 0.4012054486824184 0.40833534116633485 0.3828004041842685 0.3534615514506011 0.30088098820697695 0.3078634264392668 0.29396846208878824 0.2650233176981438 0.2658615300835929 0.24577417766103962 0.2514719971607882 0.25101130770714586 0.2471141900602901 0.24692845932611632 0.22948076344494542 0.24479925185146828 0.20336112621422478 0.18063454245545318 0.18896849969358373 0.15824542019408805 0.18445213145084352
0.7162123908527819 0.749021538962068 0.7319885806749674 0.7273905409047617 0.7027935588526556 0.6953581957368743 0.6570242921147634 0.6430019574690747 0.6772849628438317 0.6374687768932634 0.6325564116141944 0.5876033609320224 0.6032814968180933 0.5529001801537157 0.5325817172149553 0.5536012903377058 0.5662492098353261 0.5384882181231743 0.48724049551539383 0.482055333821604 0.4949142698252556 0.4707249607239402 0.4100330798933193 0.3697729307425874 0.3041948206014245 0.30103129596947986 0.3195489112247049 0.2721105469615519 0.2544377787756197 0.2843646204135367 0.27526258555300803 0.24586046311473092 0.23572422182044453 0.2200544848869448 0.23670289658267693 0.2532427874106403 0.28389937667645254 0.27215686108844417 0.23569863159460655 0.19468987752282765 0.12534466255041235 0.17449908838726957 0.17891388844933873
0.7148117218963561 0.705767752696407 0.7166590369133046 0.7214932984182986 0.7061729216293208 0.6881314922319549 0.6428627645594207 0.6440861111786661 0.6216409651009676 0.6498098302422225 0.6450108172208201 0.5912238894418341 0.5756044790408643 0.577169249316161 0.5431249572270659 0.5633402277120386 0.5551977374132541 0.5557803305023439 0.5390514760498563 0.5172054852175525 0.4989069411119239 0.4901148743972989 0.41823896549980244 0.3876522676375813 0.3149500668320245 0.30407175478426435 0.30315740485953013 0.2877585504342165 0.2555528364540747 0.2728532102318545 0.29853482667475034 0.26851075863043045 0.2711761665159875 0.2525454046204662 0.25152009687384463 0.31109355059411054 0.28694881636864633 0.28271463343965203 0.2311891199430923 0.22409267857364237 0.18293737996384388 0.1778587436993665 0.20600099494805077
0.682415458202916 0.6737899236007308 0.6990962962518488 0.7122876099672851 0.6982806467825255 0.6796634357019997 0.6603810630995627 0.6615580989588614 0.6164080410754125 0.6331110790988667 0.6507876932862524 0.5948991633629209 0.5806635790089906 0.5799190694700728 0.5284538363869478 0.5249051387026343 0.5446636412776341 0.5336692359301838 0.5569079770960847 0.5337289650243534 0.541563355707655 0.4885058962792358 0.4438793038531682 0.39123313994285275 0.35732272763916517 0.30683912194740764 0.26669072222821155 0.2655930558217702 0.2642874782154486 0.26446037234665787 0.2913056064442404 0.2773959086579064 0.2870858529985981 0.2754661473154208 0.29976036005338647 0.33810396838400986 0.3285341065597824 0.2690830491716364 0.2566083504961008 0.2305686811223552 0.19563257483392912 0.20411207058958583 0.22399662251579733
0.7063628130779996 0.7030936852297464 0.680516052779884 0.6814518341267127 0.7110277984037014 0.672712157152679 0.6402253313047995 0.6580660553371066 0.6307989502748355 0.6149048688231121 0.6034702334562358 0.623477988254257 0.5565361975539551 0.5351216480472974 0.5408761411220213 0.5298480042543282 0.5157364564481215 0.5381693172068067 0.5324462052475688 0.5501006167753553 0.5145554931612666 0.4937104838097793 0.43766636327793407 0.3850755142220003 0.35552204294015116 0.3561934433644643 0.34392723783549556 0.30055422829060424 0.2836437565301941 0.30597570472279595 0.2853320358440057 0.2927185288322906 0.2886201507088374 0.30003036804979094 0.3438545825760092 0.32485555829954943 0.35843150091312487 0.3074703118338996 0.3023076047070312 0.29683880320910666 0.2621148403476121 0.24149185249736616 0.2786332421951506
0.6841374131089578 0.6733942887316353 0.6818069117863631 0.676668630175004 0.6979398544155708 0.6820031652877208 0.6598394932389761 0.6824068835259344 0.6486706024649637 0.5958466520981899 0.5868530954803225 0.6072560494125283 0.5844647691636402 0.5295368956995893 0.5214649115941364 0.517290275374789 0.5289249914661056 0.5159098556462756 0.5503730295555848 0.5118028460248026 0.5070080337675565 0.45936319425601213 0.40742955310603696 0.3974279564635801 0.3430705007068803 0.37119718743966534 0.36509200932752817 0.33042470522570033 0.3035263762593312 0.34008420186563276 0.30934921922991315 0.32947162632884536 0.3076060201715412 0.31366879958629174 0.3628727608047353 0.36531180414640063 0.37835209267894926 0.3557144375195456 0.34960231981193207 0.31927111437752675 0.30604507340998977 0.28550592576369316 0.32310181055127196
0.6569799392406478 0.6531950898055943 0.6504081603330178 0.6723694319716903 0.6753194618054214 0.6702922934992025 0.6571677267981324 0.6820242131624998 0.6512605471472915 0.6187502189437812 0.5818344932956611 0.5832609030766042 0.5622299995841957 0.5539476140261903 0.5407353817610676 0.5266551106334497 0.49925898833728866 0.5093808668197458 0.5265343147221938 0.49939963259955533 0.49051764374051676 0.43533061535767487 0.38810094041882837 0.3848523886773228 0.36508442275655245 0.35568262294985603 0.3554321961369582 0.3832238486685274 0.3667762092753064 0.3587752654873447 0.36204631104365576 0.32289430985882833 0.34989635742807884 0.3682013227041768 0.35713205671451065 0.40124694276588924 0.3857303548118443 0.3923931640896278 0.34656324123492216 0.370916192593399 0.3519512683253209 0.3296378603387501 0.34410679158293406
0.6436249025855157 0.6407749833498413 0.655210534141019 0.6591572947904255 0.6456440974263365 0.673577869286685 0.6692037341021646 0.6387580526816844 0.6686052256750354 0.6290694541095052 0.6101529934431669 0.5708647548598413 0.5486704430841454 0.5218922248824354 0.5161101266341666 0.49845990666287604 0.5034407938585457 0.4924245131202303 0.485992500154596 0.4813207122961603 0.43431659404703066 0.4604589925927483 0.41287356716502566 0.4214563843401323 0.39146708546922554 0.39495070870482846 0.38487345187918154 0.3942650096862051 0.39176020898569797 0.377682816382963 0.40036220913842396 0.410410053933131 0.3680209197405663 0.3812150732713674 0.3817556789583297 0.38683328943051204 0.41269443661455174 0.38832880421371946 0.37236222159785154 0.38377396067872727 0.3734201199733009 0.34894385791197885 0.34447751012111427
