Raster_benchmarking/continuous/raster-219.asc
NCOLS 100
NROWS 100
XLLCORNER 1743152.3407947812
YLLCORNER 5469294.5035851225
CELLSIZE 10
NODATA_VALUE -9999
[rows 19 to 37 of 100, columns 0 to 42 of 100]
0.06496861611538196 0.05895838773646377 0.06572718441567926 0.0815023431109841 0.10470254627450226 0.0393127350713409 0.0175051555188269 0.03447651989695534 0.07325436554386473 0.09524002931371073 0.12829790235996205 0.13155688041997682 0.1245058835065013 0.12693355769354392 0.15715861667642575 0.12598544742536452 0.1619773285307276 0.12518396342648402 0.14142755953213115 0.13993255200845955 0.11345694301647652 0.13128356278750677 0.17555692064538805 0.19097390947471882 0.1524810558174605 0.15383149702890722 0.20040001301274726 0.23101757753702484 0.26264930067391773 0.2746527866074965 0.33801148248277313 0.31747411200797826 0.3316226123682404 0.31483143265922714 0.35640620665359735 0.4302300754293905 0.44954989426286174 0.47165125809391034 0.443229782458401 0.5020864625654504 0.5327422478465084 0.5376684670180382 0.580085922411518
0.05128357014535111 0.07229767322669713 0.07956208722994382 0.11233498724565193 0.11057020494581142 0.06573272925783463 0.0732492628441301 0.04189889546207143 0.0843745796115165 0.09430868489085442 0.12307705128563226 0.10907482500790122 0.11728342762411012 0.08698626391061803 0.09677839496510293 0.1306608412940693 0.12772324782560612 0.1351437509120095 0.17884742595496825 0.1755436739333954 0.16758405867288123 0.19202203420957709 0.21069163144175448 0.19782042266428868 0.18487520795701898 0.18279941118678525 0.22295954362099865 0.2611595088569172 0.26041613747065867 0.2783078950492077 0.30532623164195544 0.32783922072990623 0.3560722408512227 0.3342502115197894 0.36475645314765653 0.4343704679684933 0.4660123417833703 0.46269083436390956 0.4676543259927814 0.49569313422453226 0.5331625715414678 0.566227033301306 0.5996270532224837
0.07013242811073757 0.05812933434169953 0.08185828769581885 0.11793737823159775 0.11451850647227743 0.07843078539745615 0.07297640409531948 0.07420243411935784 0.0963741906485056 0.12280469996877831 0.10388162614061693 0.08758163110328969 0.0733107651246453 0.09340362244898338 0.08936347145541126 0.1026827086633156 0.09603461367907788 0.1469825817602765 0.18436079939829103 0.18288580200652452 0.196901426409608 0.23752262345901368 0.2658864472996916 0.24843972374084852 0.22743490786436224 0.23289277346993756 0.20228705967408978 0.2746179770150188 0.2839622473947372 0.29189355544841605 0.2746444773508559 0.30523918669091493 0.33513930035663797 0.3555722073206957 0.3913259967873824 0.4230940028530554 0.4441803791785684 0.45427871771370637 0.5000623204552292 0.5183624832954798 0.508537970745588 0.5448061756522667 0.5721935868267601
0.06584543034498459 0.08856764234117755 0.10758804713882643 0.09947249409337344 0.12810684584628834 0.09313015778343048 0.07463638929189136 0.07509529021507969 0.10535478295369378 0.10365245363222657 0.09052067445103654 0.08418756269658509 0.06731528703847615 0.07894053072167369 0.0949490794542917 0.07589228964107216 0.12384322981528241 0.1406971662625699 0.15482092011768014 0.206281376803186 0.24522768647788598 0.26001434995335754 0.29011277861647866 0.24557290959147351 0.24127729834248254 0.2291953525571166 0.23650024279560053 0.28061037862670973 0.29448240464699743 0.28488863936905884 0.3235078322702276 0.34133245971940024 0.34345152019305614 0.3853716339922786 0.39003050818150614 0.4108939745007437 0.4449839040315876 0.4939354901729133 0.5402699723154851 0.5316823604737455 0.5278684004741375 0.5267800965323732 0.5923245539043283
0.09154568161007368 0.10669985383737417 0.1423179687081097 0.12198406142390952 0.13881099180032588 0.11147357780899406 0.07443579233627325 0.09930798849298328 0.07474680186197473 0.09731817881128878 0.09596187307538598 0.07120422461019314 0.09714308710301878 0.06952580790302769 0.06778828828760214 0.08594015300998596 0.08347958979962114 0.12776023292319705 0.14021154268456038 0.21368082660078658 0.2512420486767668 0.27238398490239146 0.3103151518758943 0.2961902853502288 0.27666956677516824 0.2408713781018633 0.26375992582610924 0.300170172998484 0.2983335161926199 0.30276764875426293 0.2989334496632455 0.3114212991019354 0.3687113609277017 0.4068310842738498 0.40691487770104695 0.43319549386729567 0.44281897041997054 0.5112663765020551 0.535620395937183 0.5277139167650535 0.5569160212235594 0.5736767782017808 0.5655897049892981
0.1140133479869499 0.10058222304778056 0.13261990379174388 0.13546253301895267 0.12444715345486801 0.10876880317712181 0.05952712821882772 0.09057433000830539 0.09059591175869941 0.05374878779468826 0.10297543412051739 0.10254704206549366 0.09719310266631415 0.11817002691427066 0.10828959715897465 0.08279414006659289 0.10756419941503802 0.11563613149862906 0.1568091742522647 0.1625105306746731 0.23521497259174826 0.2854119035122678 0.3114132043765941 0.2773726344186347 0.27777499882198375 0.28939750602315173 0.29573989405060924 0.2991763502219369 0.32925313542003576 0.3317554549744055 0.31395852571135563 0.33288871026852823 0.3627617678564299 0.3903577484797828 0.43473568939840823 0.4586178966710058 0.4437255228859375 0.4829315122419954 0.5370288786968407 0.517361072376805 0.5229326884865911 0.565393850640722 0.5967988474337014
0.10927705879600808 0.08516031867955352 0.11490254264777659 0.14173359260119095 0.14005989961079815 0.07724652722610069 0.0599680392645999 0.0741215626546809 0.05548950325350168 0.08201642923793225 0.08882819225310211 0.08564014671322469 0.10384337641163202 0.1184943852418034 0.11107739060236473 0.0978585504678325 0.11376924281891627 0.13267852102628774 0.15363466794755007 0.19758270925116087 0.20094333056867908 0.2618535535026168 0.3147005573632794 0.31647720767489107 0.2931574082736787 0.27248875317183535 0.2871200235217382 0.3252815971685718 0.32427635311591874 0.35142763717326597 0.3284123191091811 0.38617228122773045 0.41111213462314733 0.4227415200539724 0.46887358524090733 0.49788701031489574 0.4806676120132657 0.4877471214680104 0.5248532615702146 0.5458899434901823 0.5424173981413446 0.5664909776387733 0.5774643386768065
0.10475524165227683 0.11198554300033144 0.1147805797951609 0.13753087591028873 0.09761831876665042 0.08653371036297128 0.05950376028942558 0.052875554094552996 0.06560279377933126 0.1119695365941351 0.1314292109146465 0.1008816858307204 0.08729478608601561 0.0966235502115905 0.10957074945429278 0.12398331101898954 0.111579335229831 0.14567481665472 0.1770838368945746 0.1999366431082941 0.21566654107550054 0.267226974445194 0.3123088176566393 0.31815508563325584 0.2939303908163521 0.3054048020949994 0.3036190894670775 0.29068379968288416 0.32709924536211105 0.3692206381991481 0.4042401705895391 0.4217202516867389 0.4239935817659467 0.44632524362998105 0.470898547864098 0.48856759962572704 0.46581101762799565 0.4984442635080127 0.5010883299909765 0.5394494353835831 0.5713745224319605 0.5693757889540145 0.5826444525796765
0.0761018784498097 0.10893837146793171 0.16885141191338474 0.12590346033692904 0.09802545018053678 0.07710924864289911 0.06397570484844722 0.06725620160064043 0.10985118942748029 0.13175803336855454 0.15647526298970277 0.10668642546313716 0.12475863524199891 0.1035489397715765 0.06496883251557739 0.09872958752528335 0.12177336142617863 0.15355304186344873 0.19747020153497627 0.23466897633489225 0.2586202937469568 0.2747615795474561 0.3139056922758097 0.3362105852980227 0.326622750401822 0.2906201254943681 0.31303960577625756 0.299793365945519 0.3212950380423865 0.35953793614005825 0.44089546753185105 0.4380825854597943 0.4310822676308656 0.46063284154494905 0.4702954215725953 0.47846401200759026 0.4849141365631272 0.47104976250511793 0.48729669647470036 0.527560065824484 0.5578261161281736 0.5837961981945174 0.6079627480012927
0.09247714487359339 0.12333907076671653 0.16485099886732177 0.15990138126256695 0.1429572853757852 0.10925441187950523 0.0792014562080793 0.09397670864419998 0.10865389054372294 0.11651225991990093 0.09308465260250988 0.12256122400713917 0.10693866747234196 0.07145833742899303 0.09224270211245011 0.1038333511570035 0.1315656021785766 0.1614601849170443 0.20560386299576436 0.2390928773026899 0.23148945884656544 0.2490469243467025 0.2906985635245125 0.315749292320286 0.3322782935714206 0.3069658682271828 0.3321858340281154 0.32527842411112573 0.34882309787896637 0.3963883015241025 0.43121618208929546 0.43719603674337876 0.46433696377076583 0.44973859104223907 0.46896671210723945 0.4308879322364622 0.47746112882864633 0.48650135303232966 0.4954139696439558 0.5214838140854675 0.531497612827339 0.5676766228031552 0.5731703566740292
0.11467351403241927 0.16777142033774378 0.1781673911089465 0.16709870622655615 0.17326745959512088 0.12127821024456396 0.08938032982598565 0.11892209309580308 0.10549562852269927 0.12044814646303012 0.060256644252418404 0.055620835937215334 0.06414083059959051 0.07959407838729354 0.08274444562307645 0.13034854506764482 0.11135352549128147 0.17313188775640856 0.21795310780196706 0.23252972076177766 0.2133391694241559 0.24807965984693794 0.27777642178471984 0.2731765440446117 0.3016188895340743 0.31754676006406507 0.3446916880456935 0.354909920291984 0.37217464534612765 0.42771518934434755 0.4620255239306893 0.47508782472360783 0.4720182202321668 0.44996636397345985 0.4247401763670601 0.4347022987954927 0.44396913483765715 0.4588684872766063 0.45616770956842473 0.4997475830845411 0.5613209240800512 0.5805164576275899 0.5550817590036781
0.130322297104337 0.19153320678846283 0.22157472194600952 0.18426907135179185 0.18451928867309536 0.12111178828280124 0.09489223508852972 0.1353846751482287 0.10164276059361889 0.10247987009618637 0.07625961826798049 0.05339070141193704 0.05252674467145362 0.0858299740767894 0.0896455969343425 0.12911014860298511 0.12779850904152923 0.18019077950680495 0.2135062125874044 0.21172775478385222 0.25562164684372446 0.2589094469572933 0.26964413878889154 0.2936906403252466 0.29774604543684724 0.3534589767949766 0.3598151344340809 0.37167740744528266 0.3879783736566391 0.45116004760007516 0.47949006714352255 0.4501140472703938 0.45417288418438967 0.4270850137549777 0.43392511475805934 0.4149584201833699 0.4723789807211611 0.48474245039436525 0.5105134034501191 0.537590752755785 0.5698498417927476 0.5716117850110447 0.5709846986201832
0.1623403969261266 0.19589416640087753 0.23838283339062818 0.21289205897323643 0.18943970579524003 0.16216585949254067 0.12916926407251653 0.1421777713180292 0.12473681592750692 0.09283035536900584 0.07372919790467954 0.047833492275701196 0.05434920084875551 0.08621555932945062 0.11582397908819408 0.11284639360460444 0.13384288780013087 0.17948970854428012 0.18809023028551325 0.20727161462464644 0.2662400364403458 0.27896748006288696 0.30582604425103965 0.31321792393718256 0.31464782310875977 0.37401500632608453 0.3905068105104639 0.3975047485949658 0.40754378828778554 0.4451973416742836 0.4732321167936586 0.4550326711465395 0.4320097268902045 0.4320470701227942 0.4208145805794307 0.444218948425754 0.46723146827964396 0.4667202485450503 0.4959427154602856 0.5331386409062931 0.5693781229643579 0.5375762518447601 0.5780920754062134
0.1911598532975117 0.20348549591706544 0.22595807091957892 0.2206445458209216 0.21965816468849517 0.194631584476608 0.19245671925371652 0.15794765301691005 0.12562886681878593 0.12475564674069611 0.0990626235039836 0.07486690760030723 0.0707007860114535 0.08028851048921479 0.10749125053031368 0.12707361052127508 0.14243063788294255 0.13665713183496836 0.19235557657412905 0.20526634374512898 0.2598111348986893 0.30937619769953567 0.29222414664722857 0.3087076071796201 0.3184968698054572 0.3874446045274117 0.4178935034142643 0.41944794812618186 0.38555162894207107 0.40497289516651186 0.4528712376692672 0.4291653237214051 0.40885219477936147 0.4178767552367896 0.4289395116155628 0.4390548635976715 0.4669151014958501 0.505703989290553 0.49748314072631766 0.5316708997912428 0.5085156604578979 0.5238657181914927 0.5383022930467254
0.18264800315795127 0.19008461849389147 0.1732904555726766 0.19797487985436213 0.19964242659922715 0.19116301912075453 0.18772898492604068 0.15165133429156374 0.14341680494841125 0.15074232458148723 0.12457674614242287 0.1027503532134025 0.10864128233339208 0.11115729899095142 0.12369336245065359 0.1374086837404648 0.13975195060745246 0.12805012736457566 0.1473274988859819 0.1860073030715065 0.23991831481947543 0.3088961732264387 0.33846824946265885 0.3294498553143733 0.35480827092792117 0.403024400965708 0.41002745043263994 0.3838011989301414 0.3919958117001584 0.410160559586149 0.42147838981399716 0.39466977558647154 0.43224834231953063 0.43872518617965933 0.4422439808305121 0.43400611645345644 0.4518945529991183 0.5197725793923592 0.5271352262631397 0.498889971002394 0.5082489174936063 0.47361645694069576 0.4817036295746771
0.22379939334199192 0.22385472910003099 0.19674714395875387 0.2124196416872794 0.24129392477118808 0.24606043880134895 0.2054668390867036 0.17998896701179462 0.1574659188714856 0.13857720649365649 0.16770561687796773 0.1379496555753981 0.12475290791928301 0.10226309676944155 0.142483345381776 0.13359303831851366 0.15777613829753104 0.14505172115420342 0.16224306925410664 0.21906082373807045 0.27317405247823423 0.2751979105434929 0.3060518443530991 0.32226821792752824 0.35026373416433293 0.3587824684520503 0.38428423293144476 0.37711222982197595 0.3813056464586991 0.36673454848373127 0.36614986881451417 0.3843645212660714 0.4337506379949775 0.4280082201447472 0.4503858588353988 0.463116727031835 0.4696814330375306 0.49527491515502653 0.509039626646802 0.4935903404374013 0.4937819693470718 0.46120857335285315 0.4943766288325272
0.25100912366408196 0.2153022036383429 0.22578905287552833 0.225252444787717 0.26972724895624905 0.23138749831529778 0.23632683599254362 0.21943205390811607 0.16015846697821337 0.19277326483491786 0.178761961831863 0.16336002562772042 0.12715109997677357 0.14283987940274784 0.14851391269693104 0.13304838051821669 0.14358369461062745 0.18384502521682772 0.18441542086115695 0.19648802715786348 0.258197919953123 0.2740255401225574 0.33184487780411315 0.29481027114488206 0.3324488869903559 0.38069686916214374 0.40313837093920046 0.37539906321813915 0.33817129226832887 0.3800148154213187 0.36098762278935975 0.36407887834892244 0.3960026485827381 0.39302056000501623 0.40908297939022786 0.45757886196679237 0.4919671288194703 0.48222284121739856 0.49368809318628676 0.4871809045652224 0.46318818282152935 0.47511746100429264 0.46668501859136335
0.24879479116944425 0.23388870339184972 0.25259652738150296 0.2656886529780102 0.26904795112694374 0.2603748277969899 0.2410021369780149 0.216632298778164 0.1907434941663576 0.20304591547469256 0.1767769686379365 0.13565190585764622 0.160002809244417 0.1428782669038068 0.1779097314096333 0.16507125651610516 0.16782381568940655 0.17826403859478596 0.17649435197551921 0.21311116294780938 0.22827435390595366 0.288070015026028 0.2804848213320746 0.29121749074881803 0.32243358672582373 0.3471421682877649 0.3473610249644358 0.3346549173150786 0.32334935715392965 0.3717444332289219 0.35966819689090357 0.3977663036350824 0.3983741467194867 0.40896602581900304 0.44385821806823145 0.46332170931419636 0.496418524522154 0.4942785557793489 0.49426104773018914 0.46822004597506206 0.4491050510236847 0.4633072665070357 0.4476849062469611
0.2561101843262085 0.2501698278060977 0.2426102250126179 0.27132285418172725 0.24971452792939844 0.23951577381102865 0.24992440873149757 0.24553200369209277 0.23946173989253844 0.2044285352256319 0.17511891561689147 0.1633611997646807 0.15962849391480974 0.1533619592925569 0.16890538270558095 0.16914170020519845 0.15847978697688933 0.1641747259396455 0.21579197836686895 0.21130586720006245 0.24913129720820212 0.25317918214496865 0.26077400179435034 0.25614909449759343 0.3044233849078026 0.30803132667896066 0.31470478416597036 0.3007808675088815 0.3279848643716315 0.36604714769486846 0.3940723315924105 0.3932848847877806 0.3924345152809576 0.3911989897183926 0.4110887877683965 0.4225129883519335 0.45279684371569123 0.4314570070295497 0.43930588656677083 0.4626867723961009 0.42397580639538296 0.4572975242373295 0.4540019767587195
