Raster_benchmarking/continuous/raster-303.asc
NCOLS 100
NROWS 100
XLLCORNER 1743158.6519127637
YLLCORNER 5469282.025189994
CELLSIZE 10
NODATA_VALUE -9999
[rows 57 to 75 of 100, columns 0 to 42 of 100]
0.10543326706392675 0.09703212980713256 0.1166568590628445 0.11001249081533916 0.09868411806821754 0.07473345713682175 0.09958052536918165 0.09003731555871136 0.09257328286903674 0.143966916214677 0.14687845022202436 0.20420272540329587 0.21342338062763622 0.22854553855592036 0.27502429497811787 0.31296573419067053 0.35119210826308694 0.3401297374998757 0.3231642376970122 0.3296852300690215 0.3433155447706062 0.3935523303845841 0.40927465341863833 0.48088099218242514 0.48101102670443485 0.48122633923021557 0.5246214661523418 0.5082158686595605 0.5428623481087144 0.5593689779822905 0.6041847232042894 0.5903064544459409 0.6357834689043212 0.6413967606832142 0.649607453429812 0.6344705152042577 0.6558727744857754 0.6319010918877851 0.6528183175368183 0.635258562333835 0.6376197474299072 0.5988156775598767 0.6008413582200798
0.10878685377935436 0.07968103013785599 0.09139855107999605 0.1016172488934395 0.04863790026419382 0.05994987379729971 0.09561012001301038 0.12172878371421164 0.08273927396795075 0.11289989131191758 0.15458299399174286 0.191473504466425 0.20930049171865445 0.20669609767738742 0.2407754614876878 0.28982819400148024 0.31319762509835875 0.35660323377203434 0.3454529510884433 0.34580408254558553 0.31720020883795513 0.3838427771085659 0.43911288931114045 0.4972623502137257 0.4668681856796811 0.4864102648414846 0.530408062313914 0.5339835140740492 0.5659062464767953 0.5692389174887985 0.5900029046078389 0.617006954597744 0.6040207913029427 0.6205965677451272 0.637221739351843 0.6608804368257722 0.6838021379782918 0.661389941398094 0.6721651536787003 0.6580516583815145 0.6393213994511099 0.6544393220520252 0.654065841562654
0.1322558590104712 0.09831980584448971 0.10609957396864525 0.08073343239973031 0.11162617884619115 0.09109637401258601 0.13067094353835737 0.12386622597277594 0.1341545809477659 0.1465904911246986 0.2094445230069318 0.21645498518689055 0.22727394699281586 0.2503804304860635 0.2894186705517695 0.31169918879769243 0.3512065718635833 0.35286984432096674 0.35623067148330834 0.3774356293827354 0.3671073746808583 0.4218246032441119 0.4794513772757363 0.5003577628981337 0.5127244942030129 0.5332410913112778 0.5546671907965812 0.5658243940025364 0.5816120143027964 0.5618378118434875 0.5891333000199028 0.6004616245517039 0.6174072176102369 0.598919162798612 0.60654528816265 0.6100927152889465 0.6297537408177809 0.6343724564452699 0.6664584209989336 0.6667810150277897 0.6741971804420989 0.6760496457745431 0.6275801663833597
0.13528209139859598 0.09695471132787523 0.13461712309719237 0.14288489349985284 0.13914052041376676 0.09356937836382442 0.1190893894097151 0.11594003018815704 0.14095374675118932 0.19257105387894238 0.21906450605904315 0.23800073683790293 0.31322518665287147 0.2887804561512799 0.33471245095451035 0.3132333513800387 0.35097931514724784 0.3366174798494059 0.38591130430566456 0.4157522193953851 0.4322161624923082 0.42261743547815567 0.46383241981265677 0.48254578279721944 0.5396586594751378 0.5723725458497125 0.5624193232762765 0.5841710050020277 0.6082597752495335 0.5625639365461386 0.5904219912638514 0.618340847749456 0.6101762172577536 0.585492541481857 0.5899984608575505 0.5962473766016653 0.6301271359410309 0.6066985989434893 0.6175310879094352 0.681921984854954 0.6861395823115993 0.6817232605825092 0.6556867201085755
0.1088868040272877 0.10916475792319708 0.09814830384743588 0.11088773135494925 0.11603567870166227 0.1098101800717515 0.13459791690312142 0.13038052915018708 0.12286432395596888 0.1635366310973223 0.2207418405517792 0.2887812845778599 0.311178110782849 0.2973121470144932 0.30793841368705843 0.3124459452044174 0.31162043763037495 0.3716329316925788 0.3873953144038698 0.4224766968324125 0.41843377870817905 0.42129001413810196 0.45905543679079835 0.491890383991562 0.5262544796849273 0.5449150204340841 0.5441029303990964 0.5692419015260141 0.5756322985075876 0.5902782459675652 0.5929439672218062 0.5964141743420702 0.6106377197578862 0.5853636910130416 0.6317230242917785 0.6239026880510231 0.6598370373882633 0.6227241724023009 0.62389165903844 0.6680791106639773 0.6484429545219014 0.6390658216254425 0.6028591710278289
0.1071498338819407 0.10752379720525132 0.11046184045910683 0.11001975767015561 0.0924156297761031 0.08966811284498404 0.14511726899888155 0.14718356357876042 0.1284329255203406 0.20488683268335495 0.20057930810411878 0.2662690601810694 0.3219288358173317 0.32549713301687205 0.3325330568073613 0.3059617300396625 0.3216932046710018 0.36755960738947246 0.3668057802170995 0.40666914716965696 0.43531229031040436 0.425701698278119 0.43352911164720837 0.4565615094104939 0.4883871493744891 0.4984860059067866 0.4891967157402791 0.5367472881065326 0.5613353881883238 0.5268087669415601 0.5493924623742693 0.5860649312693899 0.5636495708025603 0.6015595644850589 0.6259280881126061 0.6247415015084439 0.6748519550058772 0.6421206678865753 0.6444677373650399 0.658034732508973 0.653227729927387 0.6137319128628531 0.6081999531716763
0.09617940199763646 0.0578521327548255 0.1094666994320097 0.10297726238487945 0.1074042489404253 0.10034549429324548 0.11290494825130303 0.1513902197649018 0.16818422910669334 0.22607153974880162 0.24858570241851613 0.2613481608690977 0.2706453437804584 0.3139191366669627 0.2993961661184874 0.3212214147797703 0.31068504054526025 0.3334117076940518 0.3651293366146462 0.4197386167366066 0.40658473579638504 0.39891620293063457 0.4483732614764056 0.45347044427388405 0.48294674809105165 0.4891758464092467 0.5089692747207059 0.5047825952619804 0.5178068792745008 0.4871929228207902 0.5138000513163811 0.5536858665474534 0.5674958573034119 0.5842758409147831 0.6260406490182524 0.625317240312438 0.6390070929592471 0.6349318431976557 0.6257748688844157 0.6289842365725311 0.5992696720691814 0.5795360773408009 0.5531200832244575
0.03796533862717427 0.06742619164365603 0.07128007120007938 0.13223515973883956 0.13855771988892918 0.1164499944110858 0.1313408814642334 0.17797088003899314 0.24932668763892288 0.2702311231001018 0.3153055391875312 0.32771870291695104 0.2980810831557615 0.31613355517673153 0.31170324251046205 0.3066918317058488 0.33241717525675823 0.3880174888269968 0.3936996648536042 0.40604820645310025 0.40812024739934377 0.40167831948832416 0.4204721316115712 0.4532903363991405 0.44765357478085943 0.44665712877033237 0.5123386707347093 0.47089264052502944 0.4444775735155262 0.44176184737140745 0.47163006689547565 0.5470429957171491 0.5802704005382571 0.5852619821421596 0.6011401993988388 0.6173884735654571 0.557837261839595 0.5814838977999451 0.5719213867192005 0.5532161648206133 0.5425718123545853 0.5524248519715506 0.570703281542799
0.04168064240676361 0.06070533859508371 0.06396960658991614 0.10665069220162796 0.1397135278815958 0.12979708934633077 0.13632685768242908 0.1752842698280083 0.23734060049748418 0.28400922045459737 0.34282229361235406 0.3287168766220311 0.37063018240113155 0.36540620621339304 0.38375349671767556 0.35961259771353876 0.3787740313245231 0.3855286402249574 0.41454101203171617 0.3828923904205294 0.4054729063469051 0.39926330610800115 0.43060097773067374 0.42947700979079906 0.46277659722441916 0.43297470511720554 0.44304662671121875 0.42149714948942035 0.4385641545964297 0.44341533048663323 0.46002874343317895 0.5191122593227395 0.5177395123698841 0.5463907429096748 0.5899836182596585 0.5963390705852745 0.553510616721603 0.5775739052368462 0.5695211747512523 0.5665817180362981 0.5632189366183391 0.5302612831750708 0.5738203691920034
0.06717443333165687 0.09399030599617268 0.10934002036395568 0.0715862035374055 0.08002299895414039 0.11566718585194093 0.1398031733000494 0.1995812547684733 0.2412564368563905 0.2631382072637493 0.34391817036230593 0.3270477686028467 0.38506343393565806 0.3821964588868892 0.40162191723365603 0.3809242723779982 0.41043195008356964 0.4000667666624423 0.41144395685883045 0.3911550761446005 0.40576887169097126 0.42828225873800635 0.4046104813806731 0.41707814445850516 0.4468590286954839 0.4405967924092724 0.42855978138202316 0.4154496780086913 0.3650623335577714 0.4194564856353332 0.43787183216121595 0.47261989450734887 0.49110405114699807 0.5158953608160946 0.545516242530263 0.570676107018207 0.5719544585883319 0.5727038832559579 0.5858687176076 0.5834906047384139 0.5369454907109884 0.5181878256695882 0.5400158036333026
0.025556166010800054 0.030776262123561774 0.07375545770164092 0.08320128322775516 0.12558313491148915 0.14179873630292822 0.20373881918175524 0.19835851397561116 0.2602835827420436 0.28268893702564524 0.3355070051033295 0.3603977017475938 0.37228198059499634 0.42983986525372897 0.41232282152513383 0.39090642562116945 0.41100993492293647 0.427273233713994 0.4149501547260493 0.4105279516121095 0.42075148497306136 0.41402358103150794 0.4171524534131862 0.4266175367449551 0.42291781381573856 0.41981138188445233 0.42235978344651165 0.4442053967699131 0.3925977969561888 0.4090245473171669 0.4384221823621349 0.42240211279879974 0.46763235518576196 0.5215695173154127 0.5566143502466662 0.543562594642915 0.5492095048097799 0.5512848426640468 0.5589477977562051 0.5462676666806922 0.5561634010646248 0.5158424716472648 0.4927064533397505
0.0 0.02942230268674946 0.05894963100036064 0.10374951717299502 0.1391657693143074 0.16017084268887452 0.2242193756695826 0.20512119598032508 0.25753065378282075 0.32925377475139234 0.37744527643392567 0.39756380997343316 0.39424825647086176 0.38951142765609237 0.4274962235680466 0.40873246449944173 0.395295320289572 0.3874748985165037 0.40270293324380196 0.4134493937109015 0.4422930514540531 0.4400718077644342 0.416580110725654 0.4256091325351418 0.3888641811961401 0.4250974241986639 0.45381635986572955 0.4551052627875262 0.4246796546587315 0.4181776261270717 0.4180408269464509 0.43617508515146325 0.45597619066920103 0.46273742917258615 0.5034468274127386 0.5327096989375674 0.5362568605126729 0.518683195445887 0.5217367676384459 0.5661649422205702 0.5617982270573472 0.531169768616272 0.48512140320880126
0.04020932502556522 0.016626822368841904 0.07543269551831161 0.06158718563795222 0.13316099211300345 0.15693963055626167 0.20782730796903276 0.23850051876964215 0.31107490657275977 0.35018229056003897 0.3643011851869125 0.4278021669911332 0.4109867471864434 0.41911689176922373 0.432116787911979 0.42828027067926094 0.40168316260419645 0.41482995821332486 0.4148785523102688 0.3764123189828307 0.40983884987585417 0.3879863423936823 0.3914392123046965 0.4127255477857667 0.40604551539671907 0.38948519737493054 0.40213615516417517 0.40928731786687783 0.41740744025011317 0.4036150848385325 0.4057919310339969 0.4323365677462747 0.4411600108287649 0.4695070877067634 0.4710933372399745 0.5146476843590632 0.5389490162723297 0.5364805213595737 0.5025375885034 0.5345729867042065 0.5286146325860904 0.49700008587253575 0.517773516479825
0.05352531845581674 0.05270615006624047 0.053181198511744986 0.09877177399243862 0.10901403185751306 0.1308043707013332 0.20454533563143212 0.24718694906129526 0.2860846720180732 0.36205406349312025 0.38440665190130036 0.4144381788593538 0.45877769956002656 0.4383120926858828 0.4704279505229918 0.44159825064776703 0.38221039661939454 0.39885434245871076 0.3816756338966654 0.3979431515287943 0.3559696644140502 0.3753941954907041 0.39736635614847005 0.38160298320386626 0.43131456659863576 0.4065281389969843 0.3893074517869325 0.41958557611320846 0.4112250553604113 0.40461241380605956 0.431801518917606 0.420155929381172 0.42873759622219737 0.43719712858468174 0.4804073128072573 0.4758345131349264 0.5050672522176926 0.4836422191297926 0.5097446690505799 0.4858470086433564 0.5201970572643339 0.4563823102233917 0.46773941895147286
0.07111383120053104 0.04034385640560199 0.04877379799803909 0.09386702928739853 0.11126448540665845 0.16234211618159994 0.2127668700532764 0.23719714582142404 0.2708634512721382 0.33629250425177426 0.3768696322539895 0.4447705994557325 0.47989560337347353 0.4515692484637148 0.43626580832011114 0.41094612073713915 0.42036783297665264 0.40439504168153706 0.4150852084677872 0.37216401224238116 0.3770668646890905 0.35369096762060676 0.40259326445207994 0.39127761178066545 0.4224931483189776 0.39704970246384863 0.41252463466509726 0.3979662071549255 0.4150011757882384 0.4364108204190903 0.4082893398434812 0.4306274731076556 0.43045687562322 0.4555846360403703 0.47996346568047743 0.46123425890849695 0.4673461182658042 0.4761597068137749 0.4339994639748908 0.4354301609030223 0.46214260909081517 0.437837658965337 0.4667992178925077
0.044549111328994424 0.07358122372620067 0.08848447553110451 0.061257942272960636 0.06991092187388849 0.12580863381305388 0.16733340369679053 0.21143841664540622 0.2656105121142986 0.31083232117994747 0.37645199261922 0.40057142138950075 0.481047962207048 0.47658734702620276 0.45366905737534735 0.4443650769327516 0.4432469490029304 0.417798334793421 0.44848389808716943 0.39759180522440296 0.40360561763504627 0.4011649579959568 0.35836356942976094 0.3461904283500345 0.3696332343433247 0.4047219895766717 0.39849583599916194 0.428420326735173 0.39177075875497586 0.37615381145236476 0.3989869610143389 0.39456910108596105 0.36466306330477477 0.3916613169267798 0.4377654099421263 0.4457231881625054 0.42734354947356046 0.44085787080361627 0.4127256053787571 0.4178493422059236 0.38856295418371645 0.4187095329488826 0.41628678189607027
0.051929203099836944 0.09802309407280527 0.06401703351909614 0.08130516649386829 0.07076951963371801 0.13744065207386408 0.22142127537834363 0.26321765225606825 0.3275167496524963 0.3663219010872398 0.39493136925548933 0.41185717841979425 0.4608301377020329 0.47908603427183316 0.46637437108329743 0.45315796640634914 0.44914245497832306 0.4294613500882962 0.4208874769688541 0.3951303853937406 0.4219656662158731 0.41751580838798674 0.3659698599593702 0.3759189240734106 0.36887492656325366 0.371598675732323 0.4270579373630004 0.4210499614962998 0.40695925459254684 0.38765039660717526 0.37479574013226913 0.3808808653055511 0.3873599907725923 0.37443749067775195 0.37613226969181535 0.38764546135221295 0.3838218879285431 0.41175896253046634 0.4086125455292434 0.37293197723579624 0.38704577762010695 0.36171173907918663 0.3919628429175085
0.08875381385115282 0.10052797840533825 0.06917195847042164 0.0760309032781654 0.061905910250560935 0.18378327182066692 0.23496933230013728 0.2644530186850401 0.3437522073596072 0.3642007193791333 0.3934761318791655 0.40399590432778676 0.46361350560683734 0.46866386763368256 0.45024748900222156 0.4769082319323168 0.4863373701485911 0.4544426378194487 0.4261230134964086 0.41704082038470774 0.4081734049992846 0.40255733661598425 0.41843291690782564 0.36145447194942354 0.3615748487416998 0.403879737653748 0.4360162491830553 0.4150846352366563 0.4030670474330455 0.37842455513829815 0.41277698131139995 0.379038558578054 0.3632338191337484 0.3549304874333682 0.3881582555972102 0.39908648594107804 0.371255154087609 0.3785100202319761 0.384869844945025 0.3896718604816106 0.38987720328131553 0.3759952224933232 0.3590663694370633
0.10194563894624716 0.07581678542810742 0.10214049517601312 0.11046127124184005 0.09802994365189857 0.18650221907404219 0.24287788152933135 0.3019054398216095 0.34009104435499277 0.35388768858233854 0.4249872263773302 0.44198746796228183 0.4745392276289687 0.44525894374972413 0.4759668031858624 0.48023064815192745 0.456685258295242 0.4619032424449724 0.4271712224148941 0.406058391564306 0.4228746118062445 0.4241043788785737 0.42434514254904016 0.4033584985094457 0.384217835066953 0.3944669570015544 0.41928455596389685 0.4192146961226223 0.41359403663694133 0.40836172567082774 0.37953404402320756 0.371239420652318 0.40447320036165896 0.38998145257143196 0.3729041216292201 0.390781071631553 0.36951299512382924 0.4032447797223931 0.39369706159577206 0.3758356642192944 0.36992064924116524 0.3764926955611161 0.3740386471286007
