Raster_benchmarking/continuous/raster-87.asc
NCOLS 100
NROWS 100
XLLCORNER 1743157.4267258055
YLLCORNER 5469278.70078612
CELLSIZE 10
NODATA_VALUE -9999
[rows 57 to 75 of 100, columns 0 to 42 of 100]
0.403594024916451 0.3126370231412781 0.25611011097973496 0.22939120314275013 0.22723732362025367 0.23795205893746502 0.26372900178567915 0.3434450766450299 0.3542422403060941 0.44391903340136596 0.49221194146237357 0.5290472352550027 0.5429915184095827 0.5273898003985114 0.496628797541763 0.53112428723141 0.5883937431965387 0.6278328651367051 0.6371119439911803 0.6337842910206388 0.6524387368801761 0.6182949440275864 0.6005228316575357 0.5489666222449738 0.5584992185809654 0.4949507343120027 0.4619813779478932 0.3620778015451903 0.33238406374957047 0.37658160769915056 0.3855912833744634 0.40705282095877887 0.3784494666219277 0.39030907375232204 0.36868476176061754 0.36722824728500153 0.39725482369597814 0.4173389501889215 0.3444925547737808 0.3068830811491423 0.30818304501426064 0.2616472491102434 0.21754937364850843
0.38005615454455 0.32900604317837195 0.22403022357765642 0.23886652359558155 0.2626678036200448 0.23587323698153187 0.23743926431545642 0.3119956527780366 0.4072522464280711 0.4094478373183489 0.5050826918816954 0.4659195800113217 0.486253795012223 0.49227747553155005 0.48081754963838474 0.4808182931259025 0.559545945630614 0.5365498776204491 0.5306590679391139 0.5449861009639319 0.5626776111715268 0.5321048307073932 0.5373547398934768 0.5293644509809021 0.5506618678573867 0.484771168859628 0.4274273077959583 0.3988504851381836 0.37279712781019847 0.3752629571440288 0.43331840904003954 0.4100966696131038 0.42745395792281193 0.4138429712288321 0.3737859615678635 0.42916415280764075 0.45302611997384484 0.4280138947893761 0.4336358690105879 0.3636256033570157 0.2707613898049034 0.29644239374138065 0.21015321734848316
0.3470666623583151 0.32493980706366327 0.267428867352625 0.27978083617872135 0.25567051193051826 0.28959446675316947 0.24256017009922465 0.3071936562724029 0.3401741228470101 0.417585752807664 0.459303431666005 0.434934384750785 0.4533279890329143 0.47894451755244 0.4615020239565709 0.4835353090206826 0.5318942269883311 0.5098825207371228 0.4996228464871897 0.5062117581021216 0.5298775257976485 0.5107586899971188 0.49457628333214626 0.48140262670843 0.5431583657266209 0.5130030277437002 0.4309783744070868 0.40104420419146947 0.3751002939128165 0.4097864925319417 0.41087167979742467 0.39318545152264095 0.3901061973438563 0.4405499634301425 0.45247816887121417 0.41143151087648 0.4037626559209484 0.42834400291329483 0.47450225269431096 0.4292845671713645 0.3250387181141962 0.30748678051627576 0.2514089526113496
0.3328650086624233 0.2721453319276196 0.24158120319199738 0.24790995048578965 0.29594971814668647 0.30118860982945544 0.22225695059505937 0.3025773041720931 0.35552825001235727 0.33373479562367614 0.39659130754539595 0.43945414356351753 0.45051432558469273 0.4861515985230901 0.4862519861615784 0.47428412381086443 0.425941170740436 0.47864359143964436 0.4419090595968624 0.45641064116043134 0.4807540999284826 0.48449008577730335 0.4010251472327253 0.4474241388072628 0.5039783368163352 0.4347152704076831 0.4467895159870038 0.4254547138910203 0.42649646200559216 0.3589757325623543 0.3282091414204099 0.3739378983343665 0.4425236095123357 0.4621258628874192 0.46759291803973 0.4200160561964457 0.4634730901248632 0.509686874197461 0.49238342426885473 0.4594293292758251 0.398120774518495 0.325068406566791 0.3153233139144107
0.30955590219590134 0.27281136044804666 0.2993526319873811 0.29415721375029774 0.29920614861909306 0.26353312521346306 0.23457954221563176 0.2388465889638772 0.2643796953264633 0.3148096045744737 0.3387797529597896 0.3895291987158941 0.4016256702001542 0.45753378715001647 0.4658283508518697 0.4479345064789646 0.42985635775840914 0.3831258018129929 0.40801802497184286 0.40555709564744913 0.4186655897083314 0.4183694511228576 0.4249497850626637 0.4680723122488422 0.4856149623488804 0.41974918637411424 0.3992904190767348 0.4166138869455861 0.3758996300698909 0.35039632184376784 0.37976848915782707 0.36704841886554845 0.402413790022304 0.4466946476509958 0.4219232160568668 0.45348287681458693 0.45302896361128364 0.50900179475066 0.5128269815864877 0.43915074513439556 0.3482348566156744 0.33908482111142574 0.3519985261874367
0.33236872945776075 0.2738554719100392 0.32521489700010225 0.2795841209989206 0.28125322540067743 0.26574355501223756 0.2804623407457796 0.23851934528228488 0.2515651102790386 0.28249830761001915 0.3775824208986648 0.39968054677509884 0.38905316222327607 0.39016443046601934 0.4110435337368876 0.37119090502263213 0.38563860987729026 0.3425010067686247 0.3639601525516461 0.38621735449385275 0.3988098313937207 0.3569045328193453 0.36289155756764163 0.444144652218385 0.45380063660678527 0.4368025569466871 0.3622024303570653 0.38200354651495116 0.37527558743157435 0.3590066468866987 0.4106958579246821 0.3518276828272965 0.37733320921489594 0.4538154123873663 0.4418518995338174 0.4685863489420402 0.5314239491961876 0.5298112568327894 0.5043755931127423 0.4362247133256577 0.3538851691225212 0.34182048253782626 0.32119271329474786
0.2745941318460728 0.3083177146280193 0.332270152014378 0.291317047297883 0.2999685088216161 0.2745887018605196 0.2765193142459065 0.3001304636405945 0.30679396081368976 0.307955917757054 0.31775611095850836 0.3737497767388706 0.33254772476597766 0.3557717185274626 0.38748784812068976 0.38668222876855085 0.3427952641021895 0.36428888127858877 0.34162932411656843 0.3306098399388617 0.3712060736337507 0.33095408502714896 0.3498825866291477 0.37470507175068585 0.42525358106375766 0.3891510192406744 0.36636221269604297 0.4185506389304806 0.41787351299072545 0.37793227919755545 0.4189826394702512 0.3990334857017301 0.4170956031116888 0.4314954887706808 0.4322145555782556 0.4814414097047442 0.5425763910482605 0.514807130578789 0.48231495068472674 0.44661786737293296 0.37870158896448725 0.3154335925500041 0.3550473668673565
0.1952507440588691 0.23257821627889022 0.27540101424903596 0.2741989811141838 0.29824971983177784 0.29722832958822804 0.3184842126956892 0.28844946993884835 0.30652399270045716 0.34228494546911514 0.31251584018418477 0.3302555613598848 0.3313343659230561 0.3047902799388423 0.3326208513610403 0.28451307346963417 0.2758572442998142 0.2849245400918949 0.3461355229345223 0.2826569417215038 0.2773889778004629 0.28211831095311257 0.3200493242249814 0.3372035079342824 0.3959647193531326 0.37876758045168435 0.4030563578357941 0.4295369180157556 0.41142572344474854 0.3991436767646963 0.41607832653956117 0.43319817201656685 0.47108367015622743 0.4589233676999045 0.48217420760749563 0.49926984716753664 0.5523243872718371 0.4931248248074903 0.5073629256436152 0.44755116325261557 0.38759583684724075 0.3425106630687208 0.35203789339032804
0.21380797241367464 0.21401102744255962 0.2011794026920988 0.273061660182024 0.24477981126607454 0.2616552593637626 0.2347488176806572 0.27551069407531636 0.3198147607918039 0.3087397928496023 0.2956401913644803 0.2981545559397721 0.31554295242495983 0.34284077163525534 0.335055169386649 0.2923137913030005 0.2586310659166454 0.2749440214171827 0.2977828014836588 0.28043455118124155 0.24313202344561802 0.296487220373849 0.31229017554265803 0.3640526146372448 0.4054033024336533 0.41149714192193626 0.3912231558782244 0.4157310314926103 0.3797155460672701 0.43569142707749725 0.39933207510779967 0.42066209644498986 0.4712314379148232 0.48508678768830876 0.5115707522025212 0.5395501577328685 0.5471844839574148 0.47972865233405143 0.4771291527257601 0.44373337454268347 0.4210824971511824 0.38877328912843884 0.40885910837177936
0.1825957040495248 0.21448993511727626 0.15644565817677702 0.20918554683809865 0.22191094367113784 0.2641670639058276 0.22477840392316567 0.2197364545977397 0.31500905894285475 0.30769450331338066 0.27470990468050444 0.27131657027049666 0.3168373210353398 0.3301747125684962 0.3479893012848115 0.31850583509508756 0.2573597532511768 0.2662440461738709 0.3069348101995885 0.26245319640919984 0.2292133749585058 0.2313577703495914 0.23914581752613295 0.3111872956578819 0.3695118284929676 0.4091726540557032 0.40269180079238076 0.3795081771497079 0.33781759070013906 0.4071378222636557 0.4330013041456066 0.4627227627313907 0.4493580649874703 0.46560675435508864 0.5234624740753396 0.5382433501149784 0.4870555453909346 0.5124281932122999 0.5262787886308957 0.5011319945808005 0.46074404937044605 0.45592017516846 0.4046232606055132
0.23066306473677445 0.21343947302260896 0.18358336253799465 0.15679863962479862 0.19668965623780918 0.25073809878136455 0.1928981326240817 0.21803859180528792 0.2750631692637744 0.272930499889782 0.23326597426527448 0.2655384357508185 0.32824057666577844 0.326046346492906 0.330450575743838 0.29850380840527374 0.26013646273301305 0.24447515835237557 0.26990001571520844 0.26290105950195053 0.2765010557654964 0.2702355521686369 0.30149931892701004 0.3259436200122305 0.4002569780585076 0.38395904039934375 0.3770423047053912 0.35427627064919504 0.3620360311146475 0.38854432752618046 0.4124683928716505 0.4374833286974993 0.4418656828773008 0.5168114432989501 0.49667132795987334 0.4969840395751023 0.477414876552587 0.4913965873419324 0.4823950848581469 0.49188055751088333 0.46493625801074073 0.46805241151496385 0.48135300428574607
0.21074990891690204 0.1977468062003757 0.1564458621341416 0.20150850703245005 0.23992367312886148 0.17734253035059985 0.17927430010886178 0.18292727476300455 0.21141394481136894 0.2791687932633329 0.26557728958334875 0.2694738603243941 0.2538483645666786 0.339199872090592 0.33538533440846635 0.2574692830767935 0.2472722780446123 0.23565614624642942 0.2251402238921416 0.21253960801884655 0.20538443532007952 0.21286931029474113 0.2625005122819473 0.3370541166418216 0.3782326317798353 0.34734004294521753 0.38032748788606824 0.3413949166503916 0.3020047585095283 0.39091655229558026 0.3641482380072689 0.4195930367720359 0.44809834694727146 0.5000094071400341 0.5141742250738404 0.4708337017405816 0.5086561319729472 0.5091160791095402 0.5232142459095845 0.5280129235015563 0.48725369591407075 0.517024452856509 0.5027011303085598
0.21114688313995728 0.2058457665094879 0.1522719225150554 0.17793188072698524 0.1497816131629009 0.14851919677971312 0.11027288121214401 0.1556916600101672 0.1895629296904499 0.22190166860510205 0.20323404709582385 0.22857138092676535 0.2430351174024463 0.299210157968841 0.34206090093336877 0.2861647351321019 0.2815567142630869 0.24039413241628932 0.21531184555135116 0.21079363056933237 0.20192336076213976 0.2366347982848828 0.26948805524138014 0.27273241741836196 0.27773707316582963 0.2962088679697275 0.301624819772748 0.2958944569877811 0.31371850932470874 0.3554240449368153 0.37266298587353913 0.4051847487526186 0.4370893924747995 0.4102962495759795 0.4974084599713491 0.49031728693093907 0.49273344141568653 0.503473830967702 0.5225823527259594 0.538544032719575 0.47467037459440325 0.49820146151654804 0.5121715126135993
0.21874485167775307 0.14029952209764987 0.1178268507538055 0.1284021294222257 0.14292681020617104 0.1334557115327932 0.10504936085723797 0.15166680288323664 0.13092862494412058 0.182442719663022 0.21974584004372916 0.24028870971088895 0.2419353210422787 0.2654903771360176 0.317963634492489 0.32367978353159194 0.3089522532572521 0.24108935312806992 0.24834114215088024 0.27418188234371005 0.24570978344132088 0.18924018538677587 0.19548549703274024 0.22743951463595075 0.26660774148707556 0.28467214660809226 0.2543404914213202 0.24765508108432283 0.3210861832646479 0.3347745740960507 0.35181115441489935 0.3527123703418684 0.33595032549106146 0.4099947215897874 0.47334755712828674 0.5161693117336722 0.48246253487209295 0.5233533039206565 0.5339408294591556 0.5068308446135783 0.48676457782622834 0.5246096400139824 0.4847231438399376
0.2182495302065843 0.13971438573094125 0.10841931704397034 0.13260791686325474 0.08674853141247808 0.07365197219481959 0.1089771470387553 0.09203641626489363 0.13431734512077492 0.18737555548398624 0.19182573170593298 0.21061317346531955 0.2410486697345148 0.23315339723037717 0.3108397667981289 0.30825070577034647 0.26849847157123247 0.29844482737177863 0.24962428028717915 0.24751063491187214 0.22347738823897345 0.2247298942769335 0.21539675197235483 0.19573616511360858 0.2136447226195815 0.2461697055007695 0.2578885610868032 0.23804897278113296 0.31109581476540815 0.3105352147484864 0.27146228541801787 0.2805110482137916 0.35763496991013344 0.34614415655818304 0.41105704874963067 0.4848013961997506 0.5140514979546991 0.511358744075128 0.5516223230740536 0.5272897924881409 0.493632170187959 0.5157323300628236 0.47983115083674766
0.19013850754510062 0.1568885964477146 0.18214864943014744 0.15948402920942645 0.10914667862480235 0.08283099966055414 0.029740440363422327 0.1146180087452075 0.17433355149800353 0.1628032006540295 0.1452027356276719 0.11306497559877864 0.13708295397973794 0.2421064128328256 0.2783085262781226 0.2538567043382539 0.21946867154462787 0.24407771855918903 0.2907664497113346 0.22502748682820287 0.2516442314971584 0.24799184597397303 0.14320686188813606 0.19705624316318301 0.1869576671989835 0.21773376527896632 0.1563418258691331 0.2799547330212984 0.2996109701430392 0.31394521954456717 0.22115310361797616 0.2731679173942198 0.363643300512154 0.3529118495535354 0.349443763433392 0.4094357173335804 0.516394953935582 0.5636421953334169 0.6058489851825146 0.5398771552043801 0.5625181328194172 0.5561882646798351 0.5028554170117067
0.2128612673186835 0.21922026396848882 0.2162520980839721 0.20455400070638083 0.1742058998325069 0.17277434093911126 0.12618991831682863 0.1698016896772632 0.14924604144404002 0.1229584045366741 0.1609089339902305 0.11239805090193115 0.17500584761630608 0.1716355486353955 0.20803250336922935 0.22513074807494357 0.22861306036562679 0.2641471407338323 0.2498303039434594 0.22682648292985672 0.2124205493777984 0.2322565218759439 0.19298658455792267 0.20395691527905255 0.2224152950642288 0.23190817732248856 0.20517905616833212 0.27649007299718187 0.24804717818820066 0.28975370211620344 0.2599128006103343 0.2969452487682709 0.3429248062049463 0.3409999388439732 0.38606330616518547 0.40922717224929445 0.4406510905452342 0.5114879451947955 0.5266428535917566 0.5138970833381575 0.5345447194356621 0.5167510384062765 0.5242222012746923
0.20408156249407117 0.2384868682116979 0.2069820434836372 0.23959173046394958 0.22879491586810416 0.21427883154774158 0.1966940371133974 0.1792147296235072 0.14546543543197402 0.1374478045119206 0.1723123527591731 0.10494035317048375 0.13678143479641433 0.19488764714632362 0.2418055073439917 0.2410139413838707 0.2426050565279527 0.24550920518786368 0.21650275958337525 0.21154952426688378 0.17082035218856656 0.20062496436557542 0.24387361378227054 0.17438888407454356 0.17895695289115424 0.2604633943315249 0.2745400292065149 0.25720673742578465 0.2636002393006195 0.306654377561367 0.33822007316029196 0.34399022949636854 0.3011564306212223 0.33976965522479785 0.37206757874187196 0.40782216705143326 0.468568248526444 0.47848373221959956 0.45005356865190455 0.43615513521567356 0.46500219605072224 0.44801420728501234 0.5039898718637151
0.2706311443719634 0.2060428685917473 0.19132665821682004 0.19754239351298536 0.26232079112831924 0.24645045542942126 0.18101900197578885 0.19182536838155753 0.14489865058086435 0.13169992155686833 0.16723455792754324 0.14488595413534902 0.18514100560496904 0.15777741416995986 0.21493858195565382 0.22190664389371598 0.2556135510992918 0.24180829703777446 0.2442490191896511 0.19472266294642762 0.1446720581498432 0.16918934147763315 0.2220799012282987 0.21411824711383412 0.2464289914331419 0.2070568247646285 0.22545311088900274 0.24347306258876458 0.2987535899098489 0.3380499872039512 0.3025725807275277 0.31375811660558733 0.27509788275894015 0.32594847321317744 0.3912266690186661 0.4057135871230844 0.47603214245509834 0.4540294279809118 0.4334551956587225 0.4634419151830723 0.47951579236360725 0.42948304729967407 0.4612702281563821
