Raster_benchmarking/continuous/raster-73.asc
NCOLS 100
NROWS 100
XLLCORNER 1743162.1179988012
YLLCORNER 5469286.590949618
CELLSIZE 10
NODATA_VALUE -9999
[rows 0 to 18 of 100, columns 0 to 41 of 100]
0.6080361539295294 0.6053035969356956 0.6056839200070413 0.5782830701691565 0.5900418089964686 0.5645114953034793 0.5191963926079957 0.5604273458541429 0.60778770256013 0.5994663270504019 0.6146453712086316 0.6283917573564461 0.5772261115119052 0.5833770522589755 0.5654307463837347 0.578800437269437 0.6061550051866 0.5773551646554895 0.6096238687965059 0.5817490918038267 0.6096009542476388 0.6341416310722572 0.6182516531697559 0.6215374996306392 0.581013790730167 0.6021618958225508 0.5867250266263774 0.636315484804958 0.6781396044447301 0.7045163780495034 0.6932747644302258 0.6795431748576058 0.6879080831844037 0.7262961144255269 0.6963448230620821 0.7051068999893318 0.7115365031991547 0.7705752555769294 0.8178631633341233 0.8184051103910579 0.8542201972188759 0.8409849664586322
0.6469260559410538 0.622647926730709 0.5911380716476519 0.6132712011227296 0.5947408085958553 0.5926627700848385 0.5373315087401003 0.5706584389350293 0.6435176003285926 0.6223037615368348 0.6479067192858801 0.6373957511348608 0.5961810812997771 0.6142719340372931 0.6005941407668183 0.6081452878401489 0.6091297875941436 0.5805232194667251 0.6050810846384236 0.5880866469193117 0.6034151069241316 0.6343655037157079 0.6683812897558975 0.6401539600990029 0.599880449465515 0.6105849831688407 0.6013509643888126 0.6191643559260133 0.668256507903509 0.6768243898962569 0.6789431534983651 0.6948733597317095 0.6934392496675227 0.6966530453798939 0.7277472379856595 0.7421215924910056 0.718914779295036 0.75182690746588 0.7749625219011693 0.7760171654416482 0.8220444309040412 0.8519738027350945
0.6418236526858442 0.6130680371994042 0.6404375764867349 0.595934510407524 0.5902982384061383 0.5815531680044678 0.5836809014255011 0.6162821199558117 0.6180344360377631 0.6522988116079294 0.6302701122368368 0.625142783198652 0.6201000058901018 0.6288596580048833 0.6079647721894047 0.6296626263426185 0.6483769367017845 0.628448189328287 0.6219242596726714 0.6080025027262516 0.6107380934692603 0.6531254328764778 0.6622125240151322 0.6398681596312205 0.6090629795789299 0.618572985351247 0.6092337141655008 0.648443514144394 0.6749964820891953 0.6661252474685535 0.6942317031067514 0.7004731678891463 0.6979733796779246 0.6967841007483582 0.7204777212181124 0.7525186391970956 0.7294532842390631 0.7649544018613462 0.7726967492487858 0.8010356818975343 0.8209628655094968 0.8625987618204997
0.6483392056361216 0.6575560603866277 0.6512158663621425 0.6095460613209318 0.642816548755297 0.61108101086593 0.6455731780361806 0.6194578799849355 0.6481060356143402 0.6442574089597878 0.5991472066477663 0.6113754468706694 0.6442425564133065 0.6620823895182882 0.6400548376292476 0.6417880764580005 0.6201155661859086 0.6563913858522249 0.6865514532541676 0.640437395308356 0.6263748278671518 0.6488389404578887 0.6662604131675388 0.6474643431700324 0.6479631429645668 0.6577889646867614 0.6434572104143322 0.6548757816006794 0.7005717134783902 0.6759332672834407 0.723605211987143 0.7280262253754503 0.6907424877189261 0.7113177799604559 0.7181891431604921 0.7766850509706907 0.7890600694704138 0.8095910019778829 0.8056113554125456 0.8317657525702327 0.8641758444124531 0.9002986152139396
0.6653828410893771 0.662417077452901 0.6651281103725184 0.6514452658203371 0.6417943638620509 0.6252012191379608 0.6229525665557158 0.611863205913353 0.6132168742804013 0.5923180602381523 0.6337761340284241 0.626642664033295 0.67399153627128 0.6738720340455127 0.6723818658537928 0.653693911259971 0.6831194610877028 0.661300596347424 0.6647092259657982 0.64287494412052 0.6641003523635777 0.6607117530144571 0.6592189366305938 0.6906662417345748 0.6545018246737438 0.6501333266993828 0.6446904474235421 0.6718850698681772 0.6949000571334831 0.6853311765038885 0.7106755909118561 0.7207183986118076 0.7144181419635607 0.7665212451161698 0.7853731183118475 0.8194564209008723 0.7958100820702375 0.8275013674061219 0.8384244449210361 0.8276655576534827 0.8736770073546564 0.8811899869082507
0.675043831586424 0.6519241298464481 0.6849576235223899 0.671089233207291 0.6451927668993999 0.639571065119312 0.6586932152683386 0.6306726504678567 0.5843227430403486 0.5704743137782466 0.6052012839380213 0.6123595192495436 0.6736030755475225 0.6969454627822554 0.6783943777479778 0.648627502326807 0.6857037707727277 0.6673448030716324 0.7086256737351133 0.6563516006191918 0.6439504711463646 0.6340321224862998 0.6569247380431434 0.6628728698653169 0.6977111096070598 0.6925634815878979 0.6769627958499301 0.6554982405909494 0.660193847082666 0.7049094590046961 0.7183922972738621 0.7636306383350511 0.7835711536524833 0.7981417852350791 0.8158218560135694 0.8442678538432971 0.8573325969467899 0.8585035902106523 0.8372243554828993 0.8030513431891744 0.8242253145922785 0.8452139224809699
0.6585693343164744 0.6497510966851969 0.6275179277622446 0.6429213763929695 0.6226826783255686 0.6345870128593816 0.6562262303065456 0.6022419709508245 0.6022896666115172 0.5592289991488277 0.6018417890310133 0.5897029308925701 0.6452651923626758 0.6580105045128978 0.6350566491940994 0.6594894381488101 0.6252190887207026 0.6426089843157137 0.6612588502545688 0.6642069497145201 0.6765735929608353 0.6705908671086795 0.6460442146326416 0.6405370844952395 0.6336561529848074 0.6637080758350699 0.6501211887250014 0.6574201255954633 0.6644088632707543 0.7223472657805321 0.7117329302814871 0.7348568080600097 0.7991278328437719 0.7960272585032439 0.7939383481125047 0.8476146302043623 0.8466918581801502 0.8645813298847727 0.8266026669185713 0.8089818937192284 0.8358108599102112 0.8564373871644034
0.6572958720407823 0.6208679992093243 0.6222240398385761 0.6220194347335872 0.6339369150717608 0.6474460880699678 0.6442690946823378 0.6097996804164678 0.564860765815659 0.5777803634968571 0.5843613449477629 0.5676865871081616 0.5956178619516135 0.6157443298526918 0.6040102522009585 0.6146826340216445 0.613712022526347 0.6139968287571355 0.6652692120823454 0.6505974251778873 0.6791733708448892 0.6605642519023446 0.6676638982785216 0.6192524772629107 0.6184277215767398 0.6692817314102042 0.6659435010451225 0.6858747017907728 0.6800854637694452 0.6956434204475558 0.7183277390977844 0.7401893255140842 0.7739522414308354 0.7711490665811535 0.8020464427547582 0.829402885868738 0.8855275005523773 0.8763035800264285 0.8149087394036855 0.8627329302205355 0.8605142928935344 0.8809989999331207
0.6553656426040922 0.6549526922976584 0.6214675602006663 0.6295135789922006 0.6226467810285654 0.5960204612935845 0.6182439599333006 0.6114621043312115 0.5604140890080914 0.577470487757219 0.5859557690481112 0.5534620453612146 0.5564842817259751 0.557480329057537 0.5822585208144492 0.5875932620377686 0.6024979599045496 0.598468411254427 0.6396565116548922 0.6632025582488448 0.6484279020894931 0.6587136007584105 0.6551299259624516 0.656798642437837 0.6249486825336066 0.6347178260557221 0.6389441940388536 0.6435422734850229 0.6939494290196858 0.7163188436976639 0.7519327876494406 0.7643540190755646 0.8008248508443246 0.7918441183817038 0.8440032990154273 0.8568729388292576 0.8853256232751381 0.8433025331942552 0.8150689234957724 0.860113814184831 0.8478279836173437 0.909562184497875
0.6091395984828132 0.6437493028849414 0.6438519983708092 0.6168455712999381 0.5958439469627744 0.5558823652320337 0.5328621794459693 0.5546237347099127 0.5972942151342819 0.5984835122366728 0.5649332363028138 0.5629484391762751 0.5268978788601295 0.568876287746994 0.589970614274902 0.5755945007974084 0.5945422179947965 0.5697527407362379 0.6240399971149089 0.6364584429843861 0.6211375865358052 0.6307565865611818 0.6593893171764427 0.6400392871588199 0.6184861316226024 0.6069151444968615 0.5888518295252488 0.6432519241370658 0.7295391927767827 0.7658936277891788 0.8002852529781518 0.7558777745780932 0.7855796251883772 0.8022949129072237 0.8775864605508823 0.8728509813203371 0.8976467573024602 0.8856895023892868 0.8491856572897934 0.8763216896261363 0.8726494852879394 0.9069438222766066
0.5967319915826326 0.6015749446931475 0.5965663418965937 0.6138091587671051 0.5876620712005552 0.5815900671881393 0.5479930342417196 0.5496453657622645 0.5805356001375023 0.5888325658065205 0.5794987980374484 0.5533630717562037 0.5099674269167326 0.5416302529498335 0.5537220986198584 0.5417256856656165 0.5593869163266791 0.5682598600558698 0.5934177267625007 0.6525580370164907 0.658102460538658 0.653009505540037 0.6697935498389442 0.668581387310727 0.6595673978927569 0.6159258266862419 0.6233306825150816 0.6823935052471014 0.747177789264164 0.74624781788849 0.7862945218854275 0.7865959718026422 0.8096563835693877 0.8539271501676485 0.8614700199182155 0.9047981994105316 0.9030620498917542 0.9172709403006667 0.8993070182471501 0.9124273969704776 0.9070123987426174 0.9042559851031794
0.5856555052393324 0.6044032566076791 0.6173521519695063 0.5751215595779217 0.5647660633474534 0.5712400938164429 0.5397342497719028 0.5734254511078695 0.593876852985244 0.5456970269317825 0.5279512390195841 0.559294634454143 0.5290473931901406 0.5136625117145572 0.5135312586682822 0.522016732949911 0.5626183245174156 0.5841321075440179 0.5901409006443963 0.6250407381868628 0.6825502586718433 0.6827385629310152 0.6660511177653194 0.6596279322112717 0.6642448517162617 0.6567521050401731 0.6401739828501483 0.7127641226457878 0.72983613461604 0.7797139120875349 0.7971958534766298 0.8257073103895367 0.8546219903996966 0.8554260467575953 0.9068663663542912 0.8987819355560531 0.8869711090441862 0.9159171300255434 0.9284697703886325 0.935404320986193 0.8871945996608006 0.9054847766145611
0.5857502602015859 0.605225258267187 0.6143053181280431 0.587106680798932 0.5644682665459139 0.5328616559155676 0.5502433187680702 0.547857281986496 0.5588285544580657 0.542549835095386 0.5395853492563414 0.528121365247001 0.5543599863916852 0.5541837689908965 0.5134518080019347 0.5431105324035315 0.5502543837120819 0.6082843043610463 0.5949870809619606 0.6494289359990918 0.6744226315560738 0.7040434032501672 0.6878610027640031 0.6393242897133693 0.7012447289957592 0.7075454705721378 0.709833777715558 0.7066692152401794 0.7163895346015333 0.7562649247677459 0.7620796226038437 0.794948073250349 0.8184391595890516 0.8546815280601239 0.9034571905920964 0.8989197434131015 0.8993389570699809 0.9324919413134791 0.9126320365838821 0.9050856400198822 0.9035195663138496 0.8783563705226408
0.6134221742242825 0.6118539634060248 0.6421230541274946 0.5875839429714894 0.5718562487959896 0.5583165535276067 0.5665954659738666 0.5249809719550582 0.5274479952504967 0.5432467184764667 0.5307865882883992 0.5531993767547779 0.5641834082441735 0.559915123066875 0.5537454177903569 0.5900358718232318 0.5828670699466827 0.5925263067916995 0.6391273551159229 0.6881152562268181 0.710240949541775 0.6882517351414289 0.6464524732594247 0.6751432315758653 0.6822786916323441 0.7181808044719641 0.7621597282719128 0.7724164348138925 0.751217373646554 0.7863783101797059 0.8090534407791139 0.7901316166214605 0.8154276668045273 0.8887553710792382 0.9066075500193217 0.8669508972516419 0.8874430973506665 0.9394051741934898 0.962712460553726 0.9164089234321094 0.891011115955606 0.8507505304824201
0.5959183621759482 0.6057267392225848 0.639235712487729 0.6217672631409532 0.5728122630385936 0.5840020621423394 0.590554027963062 0.5454359811732508 0.563311061163519 0.5559118902123137 0.5838814750422999 0.5712886732370286 0.5926607641083674 0.5786029049859263 0.5764936824746684 0.5960212234397586 0.5912935160360062 0.6267659750464691 0.6507874307534427 0.6937370838168998 0.724289447357028 0.7065522636573767 0.6561161586912809 0.6567747898703931 0.7114198893109603 0.7239355066813625 0.7210652915312503 0.7803979101096192 0.7832641492976495 0.8218965600885654 0.8421089946923245 0.8092431882559185 0.8147040241736516 0.8712997870465301 0.8817124250629166 0.8763111388013771 0.8767836879672861 0.9320766077295118 0.9145940312512562 0.9293967682354832 0.9077689250282798 0.8680934330929738
0.6091571766679537 0.5938383143100252 0.5785149872206489 0.6140312594394561 0.6059849985924155 0.6041719007002739 0.587822485830395 0.546767637773449 0.546582296700159 0.5376378515722355 0.5931032117214189 0.6235476277866652 0.6241394651012498 0.6328972268933861 0.6645025249712639 0.6447117862426727 0.6327964121617407 0.6702000943463855 0.6858214616823599 0.6949779071832879 0.7046656712438003 0.7210170515366603 0.6785971693894222 0.6755127028898683 0.7253227257303066 0.7418295969874531 0.7126963668143056 0.7424883174422291 0.8191868824696455 0.7957933990016519 0.8480780862113746 0.8650876154160627 0.8544292793826287 0.8628201054786789 0.8496099222231094 0.86114759467932 0.8867793213695792 0.8963677119892021 0.8867458096428842 0.8773936277264404 0.929422292415425 0.8677307818631916
0.6275053523276003 0.6000823033271243 0.5857819789658865 0.5747317864531184 0.6192233844575327 0.6006154947272799 0.6006524318564875 0.5649877538034871 0.53362666230678 0.5622718126085706 0.5987568981196627 0.6498061881200354 0.678941864205626 0.6597381092339208 0.638576949485174 0.6484381473147227 0.6853555383345029 0.6891881373779656 0.7098903254079162 0.6889367127388589 0.6806101948340038 0.7109089762922948 0.7208748199180722 0.7264982656296964 0.7026666215963226 0.7260637775989441 0.7127008708232458 0.760548571458784 0.7510586114216083 0.7791052650470283 0.8045652855413612 0.8502743632772649 0.815577800123461 0.8174428291678897 0.8439574394623739 0.8389829168773568 0.8502037854162228 0.8872733860264206 0.8808815187595469 0.8645454777057141 0.8681189389663866 0.877871279987221
0.614827587530749 0.5616367102056162 0.5723498162940579 0.5652050546437515 0.6409851622936273 0.6307716753804881 0.5923461668439514 0.6112642358193575 0.5655646336794204 0.5911060007682138 0.5934158031323488 0.6335098826591729 0.6803696399149536 0.6727213610050422 0.6595569228767895 0.6526074233342034 0.6634926583835351 0.6733669991623412 0.7204560529286542 0.6984955613493032 0.6769133501844833 0.7029717137377552 0.7245302729372012 0.6944878368783116 0.6934851892287558 0.679271686027005 0.7234851794063246 0.7508233299039637 0.7270744751898482 0.7829584283502499 0.8107921503788574 0.7826563518439043 0.7849913694026276 0.789129135698369 0.8592024687997256 0.8271496256606835 0.8221520983095163 0.8747093915529145 0.8780927092221953 0.8731188008329226 0.8347155814945397 0.8322469179795581
0.5507576320402517 0.5532799766601008 0.5533332659728134 0.584354802196846 0.6312389421858684 0.5979654575069515 0.5820622042593956 0.6137944025184023 0.597112690985539 0.6095283468793984 0.6371766270225113 0.6458649230491122 0.6581024099515939 0.6922813975069456 0.7013089016320416 0.707622771846984 0.699841002979075 0.700307746653154 0.7001836585857576 0.7134874210848889 0.7150001662534455 0.6979167213992868 0.6946189815126035 0.6710340203334374 0.6446502128807394 0.6681085638131056 0.6746425723140483 0.7059457149176946 0.7275790678660307 0.7424547531737494 0.7614468713672795 0.7656804684857935 0.7487562724308358 0.7902581730311213 0.7967799216817535 0.8036471751343647 0.791422909950984 0.8295173584738318 0.829001601686375 0.832576405499578 0.811068810411716 0.8164398765660762
