Raster_benchmarking/continuous/raster-273.asc
NCOLS 100
NROWS 100
XLLCORNER 1743153.1373184384
YLLCORNER 5469292.281224133
CELLSIZE 10
NODATA_VALUE -9999
[rows 19 to 37 of 100, columns 0 to 42 of 100]
0.6672879323303152 0.6707968278406781 0.6415168323319044 0.6038693874820419 0.6001233824158676 0.6025728465531353 0.6360764662266958 0.6405048811715519 0.6679978712318145 0.625296638066921 0.6366652999125916 0.5981645849065623 0.5954267296850051 0.5562104493338116 0.5227785161255685 0.47659407606616927 0.48629282952989566 0.44528031631196546 0.441716534425211 0.35468617058944907 0.34335412745020044 0.31156442126885076 0.29871701292616665 0.28813321614355364 0.27873416250199773 0.26446480534932015 0.29661235200681885 0.3161377808805055 0.2670686891780134 0.2480980990380574 0.2528462539672806 0.25429231128177154 0.22860034327614076 0.2593917342798133 0.21571677761776525 0.20400561042666995 0.1510014958246407 0.16945732821353404 0.14882747271383698 0.13486264215405094 0.1669774138935545 0.152690962822114 0.16432906792780705
0.6855017393485232 0.6579356590065748 0.6207534731757302 0.6040108782425478 0.5893373598478171 0.602073958675253 0.572645253956032 0.5984597878266211 0.603534074669349 0.6446715451439889 0.6555568415084716 0.641242335960602 0.6089512251945991 0.5826174031525713 0.47474435902824613 0.4601425882850205 0.42711346565922453 0.42394899243889805 0.39720114341366003 0.40627393099936904 0.38200398481823417 0.37415603100592065 0.36818053503250825 0.3278750232076338 0.27411234338934404 0.26229113515874436 0.2982131876712364 0.27683310021448204 0.2884939212317969 0.2970846461720342 0.24630392254083516 0.26899785892299694 0.2777594241516415 0.24750334633474202 0.25568000530526924 0.2012798974794757 0.21639672304831478 0.1731780507166117 0.17228235731772093 0.1619191429095324 0.15001415065711626 0.11735436968756248 0.14788797851816263
0.667926687964062 0.6752204502514985 0.6325603131770572 0.6475580908501471 0.6239474889766992 0.629994950809683 0.5856938249176207 0.5745771089834197 0.620202382664509 0.602603581583098 0.6178959295385938 0.5794846051915344 0.5645370248602759 0.5171758145477577 0.4596209376226439 0.4080931996352273 0.4062173938022218 0.44183183284562255 0.4276463808150319 0.4380392153733388 0.3955918867503714 0.370183580077555 0.3530565707133074 0.2978968958739584 0.303078860087632 0.30734877324971516 0.2973088400437233 0.2572747995847372 0.29737572084825553 0.27173571752924075 0.2594257257896065 0.28954982537565765 0.24966875115490184 0.2444966349711447 0.24868596294653122 0.2241279717780377 0.21850137663865288 0.20890977993361562 0.22071367366361686 0.16727325427374584 0.17961218430443507 0.18923559679743268 0.22398517886436448
0.6627545726251313 0.6838608821813668 0.6728692299199048 0.6864030824995091 0.6542487970816061 0.5925687038200113 0.5653043109394343 0.5734654325073739 0.5609746446407796 0.5416301376418734 0.5502837368816573 0.5565751584892693 0.5072768152059156 0.5167528012482442 0.42793929671801584 0.41030041319282595 0.4286265474723401 0.44100921720487823 0.4779722279883788 0.47482253318964424 0.43573369510274595 0.37764171147117276 0.32578025583472425 0.2534666136687251 0.32294799224176535 0.3156317184774081 0.3025228623327649 0.2465423502575033 0.25625574974943754 0.3151696107020562 0.2649078281475134 0.27288224534852223 0.27251176467511057 0.22112960762453523 0.2849895767837993 0.3032553840964651 0.2823191714287618 0.2654551239565911 0.22244311235698197 0.16065940507681545 0.18903259030252823 0.2221615760965047 0.20976592273869316
0.6570551991426324 0.6395054063196235 0.6577662543048711 0.6348753296403488 0.6173642518745099 0.6315077108230847 0.5875851401032083 0.5778242380503156 0.5602742240732222 0.5374521213490434 0.540521308803816 0.5607289528175556 0.5164832864950016 0.47123896653296965 0.44561474416290925 0.4183855856663896 0.4208335622970178 0.4078022088695021 0.4681629720238792 0.4065344503172572 0.3706320190956472 0.3560809157354567 0.3334760071832752 0.26863774124943546 0.30700751561040684 0.3258704060600432 0.25589519573993663 0.275453096892933 0.2872551875875113 0.24764985579278673 0.23657045116343495 0.21540145208468048 0.2242477979886772 0.25453055848612127 0.29286873479968123 0.2932740444855364 0.24504597605402267 0.23290085080923054 0.19451675493067397 0.14986711759798554 0.18595360346724893 0.18327163843953675 0.18027133842626447
0.6664488459096548 0.6442383366291213 0.6539222438367642 0.5937567540080968 0.5793826497643391 0.6376653768543122 0.5756478540686476 0.534562609746267 0.5837664607167069 0.5505563085354879 0.5196819906276471 0.5190170937200871 0.49452062785071826 0.4967932529798421 0.47176856015947694 0.4379904311436611 0.4352261535756749 0.42396128387202814 0.40793902372838753 0.3984499038886191 0.3665161551951819 0.3642544137290581 0.33416079594697584 0.302014079514123 0.28077262298105565 0.3013277491379107 0.30972976763620835 0.27641672918436755 0.2834008481820424 0.2561648702129552 0.22386732311092497 0.23407048668615818 0.2282553041637757 0.26910831455789025 0.28497329905545693 0.2973857133681443 0.2334858794922296 0.2162361489963286 0.17552915640912842 0.12748980500852006 0.17915283871239976 0.2003832446129482 0.12156390898204023
0.5964639525932474 0.6178304471029991 0.6263429964257866 0.6295689205576419 0.5787849320749419 0.5854710974481786 0.6116696740792732 0.5765898206656522 0.5715992282939305 0.5325711825856403 0.5403752284529907 0.4865838814557995 0.4772895170674855 0.4649691401066344 0.45255912786981634 0.4220964702451948 0.4335294245252139 0.4050719733908393 0.40834304157044304 0.32979946894282935 0.32040493327103836 0.36254791900587496 0.307629673593165 0.32467328236910925 0.3415361325333755 0.3101250858979543 0.2734153800911845 0.26694446665369215 0.22732501057874238 0.22079858198923577 0.24898847884208067 0.21066121441433527 0.21984249829550623 0.21281051034886964 0.24087522392682653 0.24811815893238723 0.18003225740566253 0.19721255806683252 0.14672040209072423 0.11936983857772311 0.15887060410928358 0.10786227856338784 0.0982297695962768
0.5482647771220863 0.5955008586821978 0.5847436731917506 0.6269036810715266 0.578483212983461 0.588229078849778 0.5883013985342019 0.5558454496951497 0.5411814064425108 0.5669569536635907 0.5436541058793182 0.4812806831211802 0.46765019374763783 0.4569096405025572 0.41107270739204094 0.3959543409098886 0.39677116189782924 0.3760419862909141 0.3356684433316819 0.3004645915274962 0.34244276524814904 0.32722096600254985 0.3044595416825609 0.3688512206434604 0.32577486151424717 0.29730994786243065 0.29805289665690504 0.27140514085677103 0.23589239873988252 0.20391361418625692 0.23052274846277282 0.1767372007468739 0.17487516673318132 0.2102098139959568 0.2349913112560916 0.1808775434483956 0.2128465734309065 0.1454744696610183 0.10967388408002754 0.12574293482056711 0.14632696158475894 0.07654197359159719 0.11837849261323201
0.5764695655839001 0.6001069270576523 0.6204685281576131 0.6274899129462167 0.5862946454978155 0.6134974861987107 0.5705205822427065 0.564717790479284 0.5569339976604606 0.5382487931738238 0.5254535200812555 0.4525019557689525 0.46780888301565465 0.41843064795019375 0.37066705257350885 0.3501474531809722 0.349433953009228 0.3729520514846115 0.3343065286071987 0.3267319353413489 0.29425487888442636 0.31448949651681907 0.3120101998759548 0.34715098192939126 0.30150647778721623 0.29053622998554796 0.28413825365673584 0.2580207937782182 0.21588404322774957 0.22871840721753908 0.20125267408656666 0.20284567809328719 0.21259618373505093 0.18309318657612889 0.22967442422672332 0.23354062310201998 0.21061574138560135 0.182772976076766 0.14136999276849435 0.1269235943968532 0.15896558043459888 0.09006396444320929 0.10429859988119466
0.5272162822424132 0.6009689349858383 0.6367600933690666 0.6444211371770305 0.6016832085482521 0.6092663959111011 0.6247079694748415 0.6289606854319386 0.596486276939711 0.5449707726735838 0.5229898001690942 0.4587413326910005 0.4287294001121139 0.3675382325198813 0.3584503046098123 0.373532231864124 0.3645330786971714 0.3337452018696119 0.3220987486664517 0.26751994020129927 0.29100106298801953 0.3240033148884543 0.28735507160395674 0.2757186833678987 0.23865080571783698 0.2503689239750319 0.2491969820105843 0.2595616865789048 0.22327199410451445 0.25307949319622564 0.22823631492804264 0.1779465356185088 0.17613349973300962 0.16678135302674527 0.2210187181184983 0.23452612371394654 0.19130610869027037 0.22428236697619217 0.1700723194965805 0.1854495135863374 0.15047197236207374 0.11646229483593719 0.11135785100824591
0.5217041120764884 0.5947830032737562 0.5785599267344752 0.6088976940814839 0.649619182208022 0.598988537740416 0.6338774855791742 0.6273613974068415 0.5673776506374137 0.5427095755206274 0.4477587861472891 0.43203650902426094 0.39397572297034494 0.33627396634514545 0.3685565637926864 0.36336043600125706 0.33669555808629403 0.2991040188566254 0.2605417852770547 0.1955298180805448 0.2174886465339725 0.2595889340726908 0.3143339285290973 0.2848068940994904 0.25411671907241895 0.2003867841153925 0.20323845586419012 0.23623646170721796 0.24384280895307892 0.2227806180523302 0.2304227440105014 0.20478388433908076 0.175566016502837 0.1988570054400693 0.21422403356700484 0.19507556676453044 0.2045250395237718 0.26634544162976553 0.2545321595205589 0.22484190006281754 0.15246868832197827 0.11302809681107154 0.10520264312608682
0.5677527272091666 0.5701797986971476 0.5911610012679794 0.6264634687882837 0.6015397183842965 0.6166664564645233 0.6405390571161009 0.6378617841988508 0.5721402268560929 0.47977947975476304 0.443140518264778 0.376219411607356 0.38979630732739323 0.3229997067591423 0.3154085584327654 0.3050943107465927 0.3265454052430915 0.24529404314996006 0.2628955789782576 0.153085086324693 0.2482061855586295 0.2538185288112073 0.26499667294682827 0.2945027040999286 0.27245980046534013 0.20369018434983444 0.189711144875598 0.2184612101235213 0.25559072934938837 0.1981552298715487 0.22799233027486013 0.2404089821287145 0.2029379764173282 0.22260157611855136 0.20566168196974993 0.18620650501519415 0.24183277706619533 0.25115382477197085 0.2281329943478554 0.22939474864678375 0.1904318657419192 0.13900523297358156 0.11708934714725122
0.5764165069734275 0.602423080692015 0.6324009337604363 0.6015277794332121 0.6446868396182929 0.617884818411834 0.6254292868007753 0.6102618211129162 0.5874379134803425 0.534924636756794 0.46153232137163325 0.42597579375761624 0.3749168440805571 0.39325517284086725 0.36015121187734367 0.36653375060575827 0.31703180633678824 0.26016215891460714 0.2553357778353576 0.26441387113297243 0.2809144815501742 0.2883828419129091 0.3209319248433436 0.308897763352464 0.30570192493545073 0.24708613380470917 0.2461126945524644 0.2408426631682222 0.24381464293510727 0.25677994221553213 0.21969338663270488 0.25490035116284815 0.26353025262046126 0.2795691270402894 0.24696590811469585 0.22092299230483486 0.207404349118895 0.22069808535706742 0.23545822189668097 0.20150020628270365 0.16279178514267936 0.15257424923751378 0.1420174390380266
0.6534777498692659 0.6694675601256558 0.641380290392 0.6364128671811947 0.6727134492675706 0.6261276888316673 0.6106849804953028 0.6335741663717183 0.5922008506301359 0.5626250518109229 0.5015705729069001 0.46620805884900607 0.4514245350343926 0.46268266554959897 0.42874418142561344 0.4488652673762871 0.40725886155672636 0.34160614266896644 0.31366194761302346 0.352524153471046 0.31017391602607663 0.29461525690918305 0.3042311116029299 0.34426588233663646 0.28407242057169413 0.2599674291012697 0.26500800526760193 0.23499957261744372 0.23598574508591894 0.24180036106491457 0.24289365967759446 0.31397419166392754 0.2707573576689908 0.27874067689882537 0.2584167456083248 0.26845958376452067 0.2534201538805846 0.2612167464273982 0.20533878700554148 0.18924119750696766 0.1724268050947733 0.1379847832275365 0.14708408041513946
0.6834707315699646 0.6415649231022577 0.617400783571326 0.608020888008101 0.6706584550473167 0.6828328106812386 0.6688723955431832 0.6326472558729458 0.6067047980250998 0.6227688499818594 0.5972969903086811 0.5522434114758585 0.528021418358608 0.4932977824386257 0.49386513172944335 0.4574027967260185 0.46365059133666703 0.47451593141368686 0.42229859038756185 0.3928513801406708 0.4273015128638463 0.4237756929639144 0.38806747091118227 0.40357782368712397 0.3587138893271189 0.3559428448593664 0.31275279503455744 0.26849275886963897 0.30452621227093996 0.3210917103046829 0.2733027266137545 0.29888676764084143 0.2987145772698299 0.2886251835816519 0.2985052035633048 0.3373433043515662 0.296447490744926 0.29008178503006676 0.2638809930654143 0.23358618815002957 0.1822465865628307 0.2345242265342219 0.22123969646089858
0.675062523952923 0.6335049133368693 0.6453563492601487 0.6361886322695546 0.6741913485395464 0.6683347340858691 0.6456927383634272 0.6210550162700554 0.614690315986047 0.6122054091900462 0.6443979267958166 0.6379939708453032 0.5874161318709593 0.5905003111206909 0.567751628403765 0.5485221341111318 0.5291591917545442 0.5358562276220674 0.5211292904360829 0.4956395022876876 0.5200784117578411 0.49758238801110943 0.4340299123548021 0.41924052651440163 0.3942559336356274 0.36925813760436577 0.3684068027660519 0.30481536766929807 0.32229305295669736 0.3527911018737689 0.3290267340319114 0.3013831052823478 0.3352147133405599 0.37392343991987637 0.320288299587298 0.37125121413035694 0.34910450583440517 0.32194408062889224 0.29500774690018444 0.23526592957915282 0.2370489526585556 0.25935571237590727 0.27390772633749266
0.7073438994193632 0.6886684024693115 0.6995844077205103 0.7056982018039872 0.6732129565511333 0.6752703328752911 0.6851383196436586 0.6648686550617742 0.6172782869788407 0.6387974617061112 0.6616650588710035 0.6486219661516702 0.6689714061367438 0.6261168807587397 0.6238335558136285 0.5755591985177634 0.6062011641242526 0.5920340949958685 0.6077093329974674 0.5806137525606131 0.5274928360515276 0.557781540917954 0.507834415798354 0.432466077984351 0.44781244831759587 0.3955378557568997 0.3684356032521535 0.3581036068367393 0.3909435263746304 0.35565716286807186 0.34856615873342633 0.32574859613987206 0.3511745455239699 0.35264554873120946 0.3639982270563121 0.38528962182653076 0.32959910684473104 0.3134387171565607 0.3053816866574163 0.2778006552194701 0.24622869730383 0.2781475850631123 0.3045828061522452
0.6757942879234674 0.7190580936667679 0.7302811702603155 0.6887349150026063 0.6874228599429668 0.6883714595132546 0.6758999520829013 0.6331554351551715 0.665436254853454 0.7232764608054778 0.7066161875986217 0.7164802645218257 0.7206330619917747 0.6958295238768186 0.6760630472376284 0.6556895037440301 0.6318797248276877 0.6404079238476302 0.6004121682558233 0.6566357960748839 0.6265034456707376 0.5863553444046441 0.5143380186820533 0.4733129067619005 0.48072748473744725 0.41525636896554596 0.4256716027433751 0.44434074441119814 0.3900974723819603 0.38461232194747225 0.36968530684642087 0.34245526641424856 0.33990727552779504 0.3854275964093783 0.36997225227526964 0.37775981628981214 0.40285057438211996 0.34817137665378245 0.3149954927325849 0.2921705144822856 0.28050655136090785 0.3094127458318912 0.2851424536361102
0.7087372090945901 0.6986357060754539 0.7349366082175082 0.7547263138033107 0.7606098662025759 0.6905400157443369 0.7010720390024487 0.668477922038546 0.7006548892603398 0.7020187580175984 0.7499256527809159 0.7386146169916611 0.7201907311256969 0.692652655291854 0.6681919791967599 0.6473553551601824 0.6579812397156596 0.6657964757541865 0.6288468006085284 0.6517928250587739 0.6434823078550451 0.5994032060077835 0.5513013350587898 0.5521550247491088 0.5350109158822738 0.5072283218671645 0.4982039040931467 0.4999942014463757 0.4233081280746405 0.4030247348764409 0.4426997674978597 0.3874280081513381 0.4165177798183619 0.3817724595343363 0.3855916182797867 0.428092784472245 0.43310489568421606 0.4084097818266215 0.34464397658664325 0.30741464178679706 0.3029228545354449 0.33018123380079634 0.29147882619811505
