Raster_benchmarking/continuous/raster-463.asc
NCOLS 100
NROWS 100
XLLCORNER 1743159.1850072446
YLLCORNER 5469291.225663394
CELLSIZE 10
NODATA_VALUE -9999
[rows 19 to 37 of 100, columns 0 to 42 of 100]
0.7441619491430391 0.7633523767859891 0.7695665022093009 0.7358086078471444 0.743537050290722 0.7374514490270216 0.7517169692005725 0.791813696962234 0.8049174828183102 0.7853501725255153 0.8138903464067808 0.758256854989692 0.7554635507285394 0.7508213476676159 0.7660011250386298 0.7343444850315682 0.7259942767873908 0.7022445729241985 0.6634980956691727 0.608795260574121 0.5592721653558091 0.5256662801853718 0.5258612867590444 0.5281364079125399 0.47995421040856057 0.4635778882260929 0.4584332660999721 0.40492623763590346 0.3909324369704256 0.3747964357776478 0.37812961726584926 0.3657813648937762 0.37735558724286444 0.3439360282697665 0.3567895820360452 0.3665546707390652 0.38169115141137117 0.3664253548280362 0.3389468519049826 0.27067720225301223 0.25475854120820685 0.24354635266489374 0.28256270931587546
0.7609131937898541 0.7453680053972425 0.775918026754948 0.775488417281734 0.7773497017702655 0.7467909585836228 0.7495295835750011 0.7590090320199142 0.8289562396076561 0.8574240412026437 0.8185905739342921 0.7715222968803332 0.7600890778198115 0.7924055451394215 0.7979740965539087 0.7765341189942612 0.7217175098403172 0.6844724628711972 0.6709345610807104 0.6013169857840751 0.5679175133218601 0.5241092396181751 0.5073837148754271 0.5017566141160791 0.5075369894606956 0.5266832568815949 0.46758849246441225 0.45385537056120995 0.41662512532939444 0.3876610447292604 0.40929452708771796 0.3664691123412566 0.3577352876982497 0.3458520681636034 0.3368342727940114 0.4113624335505995 0.37107960354360386 0.3900746004909072 0.3147297349135013 0.2908163424303925 0.2825141517820286 0.2417004961952815 0.27035082436021135
0.7611150016851929 0.7771297873128499 0.7752661206927851 0.7560848098874736 0.7701786773569697 0.7807965986921838 0.8132477526097991 0.8151634355448701 0.8127868984471557 0.7967403368883879 0.7929174004559114 0.8180679355519144 0.8132256820549308 0.8060627077675189 0.8120960691601542 0.7876167516178931 0.764219946108897 0.6859725139715367 0.6593413667412771 0.63648088508879 0.5936342972551418 0.5981041221724563 0.5817747535087697 0.5477663529076943 0.5562018487958132 0.532398675949965 0.4836150139409649 0.4776814123404446 0.4415624239330215 0.4477943186804837 0.4235873650319605 0.3774078723911073 0.3754041140693945 0.37812901580782815 0.34377113825013056 0.3861445099155501 0.37391683618704186 0.3686009435524916 0.34637238413710464 0.3230681438159615 0.2614465321600788 0.29793192132654583 0.26792671320923933
0.7475579875563342 0.7733173805548343 0.8001627602862796 0.8046756296990516 0.7835998779667747 0.8335768693933955 0.7967353906733401 0.8423116604516121 0.830088768234693 0.8112758926084637 0.8049420567070331 0.8254767582351306 0.863407066852105 0.8587986479751242 0.8545648376510893 0.8094959744551072 0.773946024806743 0.7302651591257285 0.7167300460382383 0.7029328351619453 0.6257788223856711 0.6255807327010835 0.6062522555016298 0.588588040465038 0.5750673302324876 0.5100140571800852 0.5120948322137986 0.49383809407452484 0.4346128283935526 0.4416822473139227 0.41154780579423883 0.38871325853760574 0.4112359695497663 0.39336263319800374 0.3591819236264238 0.33339874661129765 0.3220428260020181 0.3709029927336609 0.3226916471682506 0.29543748220281674 0.2944744420657802 0.32063014023145425 0.27966170616168007
0.7629016018739625 0.7601822380460663 0.8139761940632626 0.8294877195061753 0.7999545370432429 0.833915613647567 0.8016600473457501 0.8107807811817724 0.8345312021172467 0.8382274840978023 0.8340596833130315 0.8796783247337636 0.8899459894079524 0.8988583261829215 0.8570245215095713 0.8313613124147237 0.7704064389406413 0.7333705015299891 0.7201903089573007 0.6863586081980214 0.6801600527079922 0.683658552235604 0.6582541872699775 0.5994917870713758 0.5792628180879777 0.5477677428234337 0.535144590583218 0.49201357118128397 0.4487965797555989 0.4062220650828396 0.4349943466829889 0.4264946069024306 0.3885838468177602 0.361744285883151 0.36977183213906895 0.3297905014214516 0.3184472056475109 0.34945405376418076 0.3442621303187753 0.3131929725502493 0.3373512312534907 0.3312732479259502 0.3176234024790806
0.7752013636751782 0.7986477531904119 0.8214299640753517 0.8277759575053567 0.7838463200734637 0.7903308338045966 0.8063884752529998 0.8505849117024782 0.86152754892948 0.8819042033696975 0.8691395047581205 0.9169779150126135 0.8901313446354123 0.9022801521965423 0.8947890023877427 0.8627383903935306 0.7875407602230254 0.7709690916561593 0.7358583066062953 0.7298828676227653 0.7228155464849907 0.7068324528334871 0.6619505662483519 0.6589180216135215 0.6212600236635428 0.6129888190311201 0.5458016388961585 0.5343777874049296 0.49231724426129597 0.4053017427163789 0.4297165508120564 0.39862573699786863 0.4270819612883717 0.37475104395452463 0.3276510312886439 0.299964941990984 0.29483192096646793 0.3262854059597728 0.3238891317050569 0.2929056000105434 0.3280068913261154 0.33399701377760027 0.2852057930314253
0.7834682858766455 0.7681906567264207 0.7749020602323109 0.823996409442127 0.822604881063233 0.8143973751832817 0.7958023356373658 0.8277158264805765 0.8573908717770728 0.8600326890317974 0.8781920444011635 0.9114941249786565 0.8871157421228151 0.9156144485577739 0.8775708352968675 0.8563503269512024 0.8173618756865797 0.7625715514096347 0.7352747045456922 0.7325956357876964 0.742085298622832 0.7024248528246363 0.6783930717760671 0.6552675560704379 0.6515910652985172 0.6143451381682972 0.604552733988477 0.5573007759219308 0.5355737454682996 0.4881824245335933 0.4691522469398321 0.431297830791048 0.43521876531006715 0.40580462590798483 0.3478156402732267 0.3382107414798448 0.33407317171580203 0.3031502993736864 0.31431683161267276 0.29131000740713986 0.30621982915953194 0.30832964268814533 0.24812012932970745
0.7938063424567445 0.7580946724178913 0.8044187712829501 0.8000796853878747 0.8038795176071621 0.7665216424974273 0.7918161611864509 0.8095316483705982 0.8250635505147149 0.8695671357691065 0.8624025041183249 0.8934639438596955 0.8768792012973838 0.8861784455637624 0.8843487574097986 0.83797486350181 0.8008674580898124 0.741505008852058 0.7179022671913939 0.723215720610369 0.7266087294759471 0.6974877144187503 0.7213468071562578 0.703069878236215 0.6968588726885317 0.6324002735107644 0.6057299157460444 0.6079526817508855 0.5961515248667084 0.5469237551008368 0.480143051335327 0.47720693475501197 0.4488852017239171 0.4368167010925012 0.4016021006134941 0.35137063565154963 0.32041677952570846 0.2896448044680499 0.3257700491980805 0.32538990629996173 0.2644507449216628 0.24822623613557518 0.21227933747070518
0.7865318738416548 0.7831269237967967 0.7774145494033714 0.7935627827921132 0.7820897659262256 0.7775420255457014 0.8195794081969444 0.8172840834275061 0.8020748266956821 0.8261734873051928 0.8421844077222992 0.8411457723988677 0.8483864595417403 0.8476284557543338 0.8699968393683649 0.8033479616595386 0.7738409212458087 0.7439512420377398 0.7262621785135078 0.7255484438175245 0.6996843651546536 0.7204510056844593 0.7067851955472886 0.7192071217722182 0.7208207773415125 0.6594955522231796 0.6357447685286101 0.6064652570081892 0.6080079014395829 0.5685747708091557 0.5019423233928534 0.47760193698112874 0.4433176776961937 0.41150845303601014 0.3644180772200589 0.32586089643129307 0.32036919596681884 0.31590080939978077 0.27345741080843766 0.28085222433060775 0.2583384092061527 0.2506665545878491 0.23122334193823282
0.7806867195290413 0.8106053222238326 0.7845482310678328 0.7849500569436187 0.7936723294099829 0.8389088527366211 0.8247676535301166 0.7684570747796265 0.809496219841592 0.7902385416093928 0.8419667326041909 0.8287675347293316 0.8680173779509313 0.884413735202343 0.8452996890888924 0.8074214047526989 0.7946934057270039 0.7596363074464161 0.7471541231814466 0.7281445747836539 0.7548025594721135 0.7596119395118794 0.7581385724899691 0.7416412287817411 0.7246422875366971 0.7016864197713905 0.64250830521849 0.6534675604433849 0.6098813880987339 0.5252721878081821 0.4949724252123067 0.46405544258285336 0.46026311651678925 0.4457799155766802 0.38010327677435196 0.3304905336168397 0.3081557104686919 0.2851832969527492 0.2641499114094355 0.22938876138426365 0.2184365011307706 0.24687171213445425 0.2591057538564515
0.794384882348356 0.8035054468704523 0.8311268787987698 0.818749140632048 0.8126922423444053 0.8344967805467736 0.7902311635283272 0.8021873839954728 0.8095976860312518 0.8068463501101769 0.8691099398155111 0.8576468063106468 0.8766913818717272 0.8793015786131447 0.8449607128315902 0.8432685019201406 0.8365571769374961 0.8248193427414939 0.7936233930172589 0.7783721018326789 0.7463496541969762 0.7785636947147602 0.7573280175974446 0.7572446933150846 0.7035572932934478 0.6954673024378847 0.6824243921079182 0.6626212206625347 0.6307701510104954 0.5561437090435314 0.5032723474383373 0.48141729737743105 0.4250975173511768 0.39427839243889096 0.36179129919903946 0.33958563769557326 0.3544355981447052 0.3130430693889474 0.2694029820925731 0.2331558945440396 0.23005380661786629 0.21459674396425468 0.23651123698708149
0.8475527576032936 0.8551214572659582 0.8277963519651944 0.8087230296516675 0.833656531363017 0.8473042671079529 0.8192982527166075 0.7929732524361477 0.8378808633042157 0.8677385859050999 0.9029768646288646 0.9077220442504123 0.9073016172944479 0.882573559764488 0.862660573878082 0.9024296532298062 0.888714143453493 0.8485018355669531 0.8460080728376702 0.8366297271661798 0.7884757485796378 0.7619963456688841 0.7688200031034341 0.7609023862090328 0.7159492561514211 0.68918990507509 0.6643362040287939 0.663678732639013 0.6440907080267946 0.605779839246103 0.528823480071964 0.4892621890150756 0.449704817310621 0.4063658974889977 0.3741292772495034 0.3704049730817595 0.3327739908974953 0.33998877994307014 0.28593364737910654 0.2314521999214637 0.23110041766805334 0.1980432849325028 0.22009405558778886
0.8646894772565951 0.8776525242754114 0.8828653147370829 0.8826595804920442 0.8579634991583165 0.8711523914107532 0.8531338805768507 0.8281278246947856 0.8541579076456297 0.8914861272700316 0.8849827662788184 0.8601646942271746 0.8862013048861782 0.9188178375579925 0.9274941728767951 0.9214659269739389 0.8822239597672321 0.88768175621461 0.8393772069801603 0.8361035359893341 0.7912007343405565 0.7764090724858494 0.7510547678885277 0.740316202932697 0.7073622334044511 0.7115489634818585 0.6927611914219605 0.6876765795718796 0.6523996160268033 0.5932276908043999 0.581541988822191 0.5167332342888941 0.4534382275946892 0.3837163864879026 0.36510779342735156 0.33006150240751236 0.32894566994874486 0.2982437368672218 0.29983770211043836 0.2571762346367795 0.2332755109239684 0.2555366601001025 0.2561858643411371
0.8740343206668361 0.8799371445797051 0.8619430330959871 0.8833503791566195 0.8479070033104923 0.8290075418476127 0.8405874579726128 0.8796005472146212 0.8562532392682494 0.8601696436123639 0.8863510312092024 0.8728461744632673 0.8782833389633431 0.9093997906592269 0.8924256607546964 0.9103520081493206 0.8786691211751491 0.8821741412945803 0.8289429429425346 0.8354793271819737 0.8078097353340961 0.765966642276565 0.758549606400569 0.7348986085632644 0.7218066609242777 0.7555409645226032 0.6838581657259392 0.7013638267183346 0.6695242659666389 0.600041564846113 0.560385002676874 0.5315946516842802 0.4556693291413937 0.39480332157429315 0.3540619629314186 0.3379603975129576 0.3435990632427018 0.287279427449151 0.2602549057310744 0.2444831635845119 0.21049250488824126 0.24166263616221695 0.2434080153895782
0.8733058165926 0.8652838396174278 0.8834138732485725 0.9235475324682267 0.89923266424709 0.8984264588924669 0.8867615216310936 0.8801195510318693 0.8670219457280393 0.9008444810617884 0.8847989929291136 0.8797613657282486 0.8780098159077337 0.8729750068337694 0.9186445424606844 0.9278274781821482 0.9241431228445853 0.9172011674955505 0.8492134101227486 0.8529267842758489 0.8177570385940603 0.8052321040122283 0.7861951504667556 0.7392631134918758 0.7548503244344006 0.7241088883042827 0.6733841758757039 0.6358820021235886 0.6255751015673702 0.5797671347956269 0.5456565376226307 0.525858967861801 0.497322954613215 0.4588420974777214 0.3970110644164107 0.33795266039496097 0.32984276555372644 0.2902861097584946 0.2884508973618631 0.24711950996693746 0.23041885353415087 0.22281932063644652 0.2655075195266877
0.8809112367278651 0.8951623467310693 0.9007561778489903 0.9430046948374544 0.9248533719801377 0.9307191515188503 0.941031366666435 0.9188171370419518 0.8777820558136544 0.8905817799438319 0.896712472268525 0.9127612878552219 0.8992106441731135 0.8929076347751125 0.9294422997596548 0.9272059328531771 0.9038491520789491 0.9028819652526124 0.8621362886714775 0.8440169942459341 0.8044078259309866 0.8191370655383218 0.8105285914664265 0.781757886675215 0.7547134561027238 0.7149282700832639 0.6953737326208513 0.6281187695223205 0.6235467434709767 0.5701311090171742 0.5515810270285042 0.5106477325435019 0.46923754424715475 0.44435204416789953 0.3967046148958335 0.36077527887263805 0.33318679331566653 0.3018394639497953 0.2758586062143296 0.23429464780248177 0.2340057899434384 0.2627648683954212 0.27093742067402365
0.8893262934150289 0.9035632642650331 0.9002523361705054 0.9199069645552002 0.9289262793817364 0.9673067284893837 0.9326412255332712 0.9061581419649152 0.8772564410163488 0.8907245514600775 0.9260778359394854 0.9422498347518325 0.9253759940278813 0.9401043293188867 0.9196113444612504 0.9059406282831098 0.9387494172518366 0.9257151434805517 0.8619856021256366 0.8713589023275204 0.8307698110404591 0.832596819625393 0.7857667021485815 0.7565633984089166 0.746182411387399 0.7040667323959273 0.6804677448070794 0.6406998107041215 0.6452536433508426 0.6184469769779088 0.5839396511260526 0.5184139512114005 0.4958191752064799 0.4724182591897516 0.3929714836380214 0.3384424258485331 0.2882264179124098 0.2478712470735659 0.2689496171078716 0.22863651628882553 0.22342711789904776 0.20492044376021432 0.2293455192814111
0.8754773584273026 0.8976369324591096 0.9040798725036778 0.9243354598626503 0.9675329784872068 0.9851988642328281 0.9304018897556107 0.8813099308846404 0.9225226246092632 0.9101841321615765 0.9382602812842343 0.9136391409549022 0.9730278657701534 0.9992813428896193 0.9203646195152542 0.925686202050169 0.9405727584198796 0.9286719664471772 0.8958039041371281 0.8627746890174544 0.8378805942715365 0.8206167229288714 0.8038927495761732 0.7752423391103401 0.7519968804165961 0.6883324952640643 0.6560690802293803 0.6869687120500264 0.6345444255847574 0.6419757739278271 0.584594788661353 0.5596644546114825 0.48065663706393236 0.47766393109739386 0.4007611161510618 0.3147664259977556 0.2779787032727985 0.23359748066293345 0.2310476794235188 0.2022632376854856 0.22395797541290485 0.21401926269376476 0.2453174396020243
0.8944711433751076 0.8962889350863514 0.9209586792331377 0.9239802522755628 0.9479079570860767 0.9330128408352636 0.902799882608549 0.8990088313596706 0.9319637669958714 0.9450872995683938 0.9384056790108778 0.9384662465146482 0.9597669359018829 0.9960155170365682 0.9421907170641216 0.9204771179857972 0.9547480917778527 0.890457531640459 0.8761182352048613 0.8739131804103085 0.8285560697434764 0.8211457956128786 0.7516774411118655 0.7656139385310938 0.7390469460580981 0.690497289186426 0.6615119991634926 0.6407212273328542 0.6286796330053717 0.6040425521644411 0.5772787234847092 0.5418391298041699 0.48134244679662885 0.45683353397216464 0.4064330188629014 0.37562469757218453 0.3191055441423528 0.297983562172193 0.2559340881189521 0.2706665563666619 0.2400773118583873 0.2433129089601727 0.22778756592344498
