Raster_benchmarking/continuous/raster-265.asc
NCOLS 100
NROWS 100
XLLCORNER 1743168.8333944392
YLLCORNER 5469288.9676532615
CELLSIZE 10
NODATA_VALUE -9999
[rows 0 to 18 of 100, columns 43 to 85 of 100]
0.3566594245224464 0.34983340933981266 0.38642542595742985 0.36985477430760216 0.40931241025256365 0.38779313043161673 0.37310515678870904 0.3635031006623227 0.3571605844195244 0.33148714072107516 0.36494282285776525 0.34570885809376883 0.34694074611621084 0.3498621351704097 0.3640971023880714 0.4094709184915044 0.42792968399327813 0.3911628165621266 0.418327440637797 0.4226155633385799 0.41170422422899905 0.4324288729557018 0.4291791252304505 0.46685498791286983 0.4481399632703199 0.4711333290900394 0.4985729939346783 0.5189603366809982 0.5535441747500798 0.5428873348078209 0.5495409277463061 0.5344602318681964 0.5110919730126275 0.46643200594283984 0.4486303553742449 0.457191763220755 0.4448587344978997 0.4728761784641639 0.4629895685493299 0.5002157784058507 0.502109902619596 0.48956806778204937 0.4801449488381442
0.3656283672936664 0.3693315241696831 0.3946697880669819 0.40131179060071787 0.4361323428729504 0.43436651408089955 0.3974207865578823 0.3519037171594471 0.34775364448493096 0.3327784419832748 0.3637053045409331 0.3183249409666877 0.3385861757426105 0.3696675208208119 0.37201904921881296 0.38943345368692917 0.40954412669601364 0.3677770633301396 0.3830654869719332 0.387350086591632 0.39718920870238433 0.4406302453712073 0.4671926045925057 0.4814669047847594 0.4775922171155119 0.4739121373284982 0.5065767808091106 0.5276360494390953 0.5500719191848168 0.5311564323867757 0.5422824942580505 0.5379505967163722 0.5190150986762955 0.48639905974146086 0.4975702876764878 0.4764075707929804 0.48535736950278524 0.5230376785469462 0.5077911360972607 0.5195354636303312 0.507284181910721 0.5189183931828053 0.4948396084258379
0.36906299233208517 0.36259589812493503 0.39960608349076077 0.397006650056523 0.4166152082565499 0.44858679668514995 0.4115338585648222 0.37696786752232975 0.36505732064680474 0.34438672126316183 0.34932260637070434 0.3276940408654439 0.321294801284088 0.3425492063975387 0.36953390460506164 0.3681112043747897 0.38447769112969427 0.3784569914297642 0.3605821501115541 0.4074391378495516 0.4047560898618427 0.43522135744356844 0.4726228266183125 0.4513812791399418 0.46100165884763195 0.4612123933174067 0.5152880660634678 0.5425714722755319 0.5598851760807354 0.5565491607580157 0.5509191175071573 0.5658044621893236 0.5475373817488747 0.5358762245780433 0.4978824206681399 0.49411212220869105 0.5029348525009594 0.5211750115689198 0.5541877813116639 0.5694309807018071 0.5274165269789286 0.5383818337934985 0.5251422541590177
0.3572801507711202 0.3533055322159261 0.4007166723725417 0.38671680784514084 0.4200211144119943 0.45897939218788264 0.3973699540478735 0.3744525251511241 0.3772768527933827 0.35233798286014456 0.32780799368930175 0.3303157164474977 0.3584205929488203 0.3508640755930064 0.3454863523095694 0.3469123520159911 0.3660612818215802 0.3567201651855099 0.3527738789548061 0.38846227888691287 0.4060629276807396 0.42064851336928993 0.4692616593006683 0.4708911776951381 0.45583932167389357 0.46029480737486617 0.5246915644860513 0.5591826464598754 0.5800244190020757 0.6226432521055055 0.5796071835816272 0.5807017402156615 0.566123912048432 0.5794044302465882 0.5334040918319508 0.5161355726983358 0.543013107156079 0.5855789848246379 0.5553004651903074 0.586417634578382 0.5509610993475323 0.5431351282868414 0.5050994570959026
0.3637769523489918 0.3739131047338448 0.39782572170372177 0.3838042221368166 0.4295846058349946 0.421507448466166 0.4075747288403255 0.40776477948241857 0.39602044321302055 0.36562715359139475 0.36965894613292694 0.3335511017321198 0.3456617050894902 0.36158209441080674 0.39394301147182187 0.3601537022110832 0.3774961195530902 0.375096873752805 0.3892469840040638 0.38769168820532174 0.4289324184585733 0.4598320525980262 0.4807163096494222 0.49813602238541654 0.4812441384928729 0.4939521868657486 0.5143916760779101 0.5291478908969203 0.5699772477966216 0.6110760263764627 0.5927316131706066 0.6004048879023811 0.5740491653867907 0.5458801150944154 0.5383934862714778 0.5279008439636472 0.559194716989562 0.5533248831258967 0.5633236370005893 0.5736940135657398 0.580184102003375 0.5553575107732555 0.5248983774969972
0.36131433161625487 0.3964389972717758 0.3763864512153292 0.404755102904322 0.4114909440057064 0.39520826878801274 0.4149779451760412 0.40455522167043095 0.41170149116348653 0.37994579083743624 0.38347582022146776 0.3710075160135938 0.387325432421502 0.42060131051399546 0.3814152271535236 0.3751155496760204 0.3864017622427422 0.4251456772013404 0.4194690171401021 0.427974520367266 0.4639672048751577 0.4920387541783677 0.5071285856680865 0.5144167168494551 0.49169574619511447 0.5393483819364268 0.5180436712893481 0.542946244163579 0.5929986294572341 0.5972750969124766 0.564586097488441 0.5703043063122291 0.5585407093548048 0.5493954146903415 0.5683092890451688 0.5735600933761497 0.5611733762719254 0.5687322549189492 0.5579018505650567 0.5904214193101145 0.5636494546583275 0.5770953354170159 0.5751309529984089
0.3532123516979949 0.3862846575514393 0.3784222415462397 0.38597452407572247 0.3815157937300933 0.3985035814768914 0.3733005728024272 0.3789305284843276 0.41084880625991554 0.3836119651969521 0.40874244507349167 0.39233939746474117 0.40633127730272894 0.44388487517706765 0.41260847576944887 0.3968803056870947 0.4303689832791709 0.42677885135681426 0.45902232309316743 0.4624847547791676 0.4794526706695868 0.4740994057042233 0.4825176258372424 0.5046585971493585 0.5165606621404785 0.5601822486647248 0.5626191950125718 0.5422152849659261 0.5734045022739014 0.5798541668967154 0.5686011318097017 0.5390677609875327 0.5479189378044037 0.5516905261227448 0.5550395238417868 0.5540557482623247 0.5758290645229176 0.5847813918055972 0.5761093003570168 0.5829612729755759 0.5859369253816791 0.6056218332889151 0.5946953355430544
0.34550621790469294 0.37430783859492023 0.35233225592137796 0.3737001267885866 0.3757909399889802 0.38757508734644197 0.39568200832396944 0.3885673328019511 0.3872581226006419 0.3901751249844872 0.4107565574020506 0.41817358506271946 0.4447927183389729 0.4521440959994119 0.42541259708882323 0.43118926620056375 0.4565009706521559 0.44902623102669603 0.45898900548780514 0.44601346155354127 0.4927312416596638 0.4847720501001268 0.4879490076793367 0.49979177181675566 0.5305453872990065 0.5671469761716366 0.5559358166031519 0.5185044958714726 0.5250780109818409 0.5449965418161209 0.5536991346041483 0.5533886191609688 0.5574158736321061 0.5601284198682992 0.5745092042710271 0.5578875970858729 0.5875558709336599 0.5649812406600592 0.5972573704738302 0.6034990267134128 0.5908282767375042 0.6289597969917652 0.5909774099942505
0.3404180841392274 0.34281099919227465 0.3653953227702625 0.3836792630783326 0.38322246255162035 0.3936706997963275 0.4010978019842421 0.39913751611452153 0.42044001945699017 0.41065128265753675 0.41348616828103546 0.4331667920784616 0.4396997686358797 0.46430285571529367 0.478109047652212 0.45673368455966307 0.4467677430288472 0.47911591334738357 0.46067221785695933 0.4962249289155092 0.5005494989254645 0.5245313438267521 0.5398500563895242 0.5522261903979993 0.5621511454774135 0.5789392444072412 0.5331711503966152 0.5080834155615176 0.5494988640362859 0.5390153035387161 0.5452973268199276 0.5693054664996479 0.5754802184917279 0.5628652928750751 0.566779799139212 0.563058617914247 0.5766787040096757 0.5769461045503212 0.563054837832963 0.6062194124335784 0.6141456148981742 0.6141890909631287 0.6243379304078708
0.3392352982266651 0.3330228302443873 0.33583655992229794 0.3582337510577301 0.3762272989969647 0.4352620438229972 0.42986861778795515 0.44018327140077673 0.42793313529518967 0.4530883615924399 0.4655658882660877 0.46077133834473083 0.4999709831288161 0.5113335859663981 0.5133679290893036 0.518508463417513 0.5007125776175819 0.4761563308138416 0.4693468867647912 0.4925688456846652 0.5203689513071609 0.5438696603750771 0.5456128565176117 0.555329763703429 0.5498076009599326 0.5744570676047975 0.5416298276602559 0.5170254804303943 0.5561585609655596 0.563603109306954 0.5611285708469976 0.571992135368205 0.5573769838895946 0.5869847887589993 0.5696834696318787 0.5998178723761013 0.5884748219059398 0.5691484784595228 0.6015193090381271 0.596687724920299 0.6316649722258871 0.6192515767269952 0.6304553679104937
0.35274050314162386 0.32461307231313974 0.32804267369432566 0.3411560098537941 0.4007245251709143 0.43937179598081466 0.4525878228020279 0.44265064262349696 0.46913986941347857 0.4871084262966579 0.5067176072020968 0.5221617660767739 0.523072882570057 0.5263574968055497 0.5429838294300091 0.5447468541377606 0.5175019020661272 0.5124703135857349 0.4835931773011818 0.48815550472361574 0.5126521741337006 0.5581535534754766 0.5358565938429365 0.5430424527295211 0.5684191897254645 0.5689589442371755 0.5476963802432678 0.5480479218920649 0.537467595857495 0.5433579999724588 0.5377347369226904 0.5590243624336184 0.567993196498322 0.5861316756646822 0.5911991475795705 0.5588086623979897 0.5711894401742544 0.5869318402735002 0.6197114779161524 0.6291837886925411 0.6147467019129625 0.6094891707724499 0.6069484681951685
0.39145418900506046 0.34478742523274575 0.3503667900099263 0.35001016442894567 0.37903219182614445 0.4363594199116718 0.45541830836503255 0.4331684156789287 0.4563133449108723 0.5284844114500196 0.528800953001717 0.5313099495254723 0.528826107809264 0.532882751570384 0.5397399187277834 0.5226932053985395 0.5399687512936525 0.5242519012544691 0.5138368961796276 0.5199403965682332 0.5224415460973727 0.5585022840347398 0.5717275034148459 0.5560544867572578 0.5409000694756153 0.5235249559103482 0.5518263479183793 0.5511094789678463 0.5400522711591391 0.5545918038741706 0.5429403834087033 0.5299525978161548 0.5337984254270207 0.5376564726813546 0.5577201369701106 0.5633741495944994 0.5651542196679584 0.6175854878208246 0.6168641746753495 0.6390221001861822 0.6104726973413931 0.626104788938561 0.6130061774071615
0.3997278242735388 0.35586706684324504 0.38228715485509346 0.37818090444337443 0.4170785761975648 0.43199760143346455 0.4320771685134535 0.4472792189354062 0.4753341556702621 0.5249222191749655 0.5210443788117228 0.560031003096809 0.5671647270108907 0.5712466121065165 0.539215308412475 0.5360402897524394 0.5232308543902384 0.5368532764535581 0.5314153336404411 0.515603473585924 0.5016272312194954 0.5224879143526419 0.5499155496032203 0.5576129509870692 0.5319892250317815 0.5172212617293902 0.5202729025144373 0.5277722626390615 0.5311543218094147 0.5348180132080645 0.5365975990711027 0.5548928531884372 0.5217976684285446 0.5471236572286239 0.5392221004251262 0.5557670091318265 0.5580403002580012 0.5940875950827703 0.5944296139141706 0.5886676390939735 0.6148516960454291 0.6372616922595403 0.6231653809862471
0.39806869012154533 0.37286466409147284 0.36573689598220127 0.394431331764118 0.4322371743572155 0.4163164973159869 0.4306224147854725 0.477179545178816 0.5184501927515706 0.5325411250315312 0.5307078398290536 0.5777230717823605 0.5952081338222247 0.5789159714852784 0.5315152981890128 0.5380614191020576 0.5413356669704115 0.5178068124121423 0.5349416645956809 0.5155436665015546 0.4947875490219092 0.49981147346790555 0.5306892041557133 0.5468366313966655 0.5396937053486256 0.5115949914044344 0.5238435671499714 0.5187014927680926 0.5280512609336115 0.5067161472013112 0.548750537922513 0.5556151124286521 0.5250579544038906 0.5364471215092323 0.5447340637414023 0.5776274371585237 0.5869778279146209 0.5631550535053055 0.5698852821006707 0.584517875250219 0.6036516893844086 0.6021289433607121 0.6017433142143178
0.40612248459105116 0.3887194053509786 0.3984312047308251 0.40092936954583325 0.43918196747286387 0.42830151435006497 0.47254279923640696 0.4773132290447166 0.5097989338013169 0.5173413945946496 0.5594132478714458 0.5574226078447096 0.566812663771067 0.5665488843262028 0.5574231948356353 0.5290704482174474 0.5413235760613722 0.5183071792778515 0.506493874763943 0.5323274998970503 0.5188660638602132 0.5073056625475904 0.5157303203768727 0.5246995421001485 0.48914363527836996 0.5169198169257265 0.5132501676846913 0.5230114412698175 0.5265812436761075 0.5270356791054532 0.5080438076728414 0.5406571010845402 0.5680556471944039 0.5693639316168715 0.5776267134084124 0.5709661562123047 0.6038765741236867 0.5960790665038195 0.5694317850439481 0.5878002514019177 0.5671691053005922 0.5702195573362774 0.5710806026525209
0.4399046521276725 0.4537988976972557 0.4248520161318245 0.44863728430370603 0.43942976163460024 0.4411713855458487 0.4808735254599771 0.5221293444005821 0.539802944913685 0.5389480703189973 0.5522210010231016 0.5716825591210006 0.601224479057948 0.6080265720659879 0.5499121413920459 0.5359268730561944 0.5189869071780776 0.5226467638519403 0.5261287873722099 0.5133187628262502 0.4862426454105123 0.4786888327731906 0.48319640410641196 0.49424690734605536 0.5037811428268258 0.4814815419568237 0.4989355704887428 0.5074342027127169 0.5049869833664259 0.49199795267452234 0.49340509413766453 0.5569833847776833 0.5485365679273843 0.5497649543992833 0.57144525856418 0.580394487161649 0.5979267851824339 0.6206676156159543 0.5740229604742962 0.5556201785901359 0.564357575313373 0.5592819563558121 0.5347226288035033
0.43254902734060163 0.4557922856015464 0.4450249204622379 0.4606355007807716 0.46196088269341323 0.4671647683411285 0.4964361667745675 0.5280341048259296 0.5598228617456742 0.5370427894561001 0.5609268662667088 0.5784252730000821 0.6050578109107819 0.5750561944436005 0.5629560394520202 0.5330656865619011 0.5194892476679527 0.5030865782614129 0.5411279336527336 0.5336419792684594 0.49717308060818366 0.46911567595528353 0.47306975301316084 0.4520659513556632 0.4678262198070442 0.4519174867665938 0.48407574950596993 0.5122463351680382 0.5042844713097621 0.4902340233001289 0.4967898870950189 0.5159514267910525 0.5341196329280781 0.5393782739188475 0.5549805553409056 0.5551393506342542 0.5592538511326896 0.5719703041269152 0.5928825158079201 0.5551391696920542 0.5592311498776792 0.5230681397889121 0.5286872234748866
0.45305121281592653 0.43779740096924347 0.4355937232882021 0.4670570649857912 0.447117242716807 0.47720682182611646 0.5145045192615729 0.5453949147694305 0.5577599732226759 0.5504325445186539 0.5606038576683154 0.5763431823553798 0.5991160880494938 0.5880493929799826 0.5488161325790806 0.5632314297053955 0.5564396703454908 0.516652971371891 0.5302761067034174 0.5281128598511284 0.4865993812278147 0.47521010363378546 0.4681557021013284 0.44070373827368137 0.45622230780416445 0.46427757745718384 0.4645719723299122 0.48674253763282144 0.4605823352993534 0.457518676966116 0.49190878397022203 0.49293476724842766 0.520210621127718 0.509309390705525 0.534839923634557 0.5535514301073219 0.5450597800233385 0.5697105708037861 0.55737195401849 0.562764433892646 0.5717843640251952 0.5340213591641338 0.5185681340429877
0.4548618072101479 0.4632905291559106 0.46535832418019774 0.46287038881075937 0.4717253926979804 0.48469801201411716 0.5159814084289603 0.5626856652995809 0.5714177222429719 0.5676996186386604 0.5602459940396601 0.5813953684293615 0.568695286769782 0.5864431353264974 0.5690837530409826 0.596136212917392 0.578666046312257 0.5574072059273553 0.5566616524680666 0.5587767390865623 0.5097225534056428 0.48091913055296454 0.4673026817710132 0.4582784218917566 0.43520618410112627 0.43960695011396905 0.4619615261145973 0.4803762554977016 0.4768385406540822 0.47967502366904863 0.46726211871029544 0.45672258999641707 0.4668338953018237 0.4965619310243877 0.540421950143364 0.5434571282748558 0.5522309747512077 0.5395879446342339 0.5710529319861998 0.5449505082554702 0.5702899517930314 0.5250247563813663 0.5164977934652033
