Raster_benchmarking/continuous/raster-51.asc
NCOLS 100
NROWS 100
XLLCORNER 1743155.4460206556
YLLCORNER 5469295.565347771
CELLSIZE 10
NODATA_VALUE -9999
[rows 38 to 56 of 100, columns 43 to 85 of 100]
0.7110125612544218 0.7209151891152471 0.7278305429918649 0.7449153365342456 0.7574655504951235 0.7290433489319492 0.7167486086679459 0.6772961839716201 0.6343106283448053 0.6408446415650423 0.6088786320189443 0.5916305985134711 0.5849897931541117 0.5948097062465603 0.6205745348626807 0.632680636566444 0.6439080383486605 0.6529637849825908 0.6708767760094787 0.6553629754320238 0.6758346225746521 0.6944335849332168 0.7104926008920728 0.7329688486761082 0.7391897392437945 0.7363674345880782 0.7093258520063207 0.6897477000388621 0.7042500735644398 0.670593024798138 0.6900447194560214 0.6715261606494005 0.6747722156402762 0.6727055573967121 0.6523066285045739 0.6417250088436338 0.6090574182596683 0.6195330246965808 0.6057616287579527 0.5734783076199329 0.5719607535839527 0.6098416703684367 0.6084027301496293
0.7056627626105673 0.7029083306884901 0.7472916911224208 0.7438582121482066 0.7748844709527066 0.7346670869993934 0.7111478711558996 0.6512496374648244 0.6068909539320411 0.6142530243427373 0.5720155534433004 0.5733874234264573 0.5815761716173126 0.612187779821718 0.6154087373820218 0.6387294946907873 0.6438729991595159 0.6417360592956444 0.6566498620840858 0.6427999430516325 0.6514463425494608 0.6802480810807993 0.7198930254232779 0.7314230898617181 0.736152841157449 0.7068993812421773 0.6897778086138552 0.686135044615162 0.6800935921937717 0.69608832173082 0.682282074196254 0.6874535404966091 0.6922141731680446 0.6508615416695572 0.6482496920052491 0.663268400740948 0.6436316990453177 0.6048622261397114 0.6150009854647736 0.6045039018448395 0.6156753920456729 0.6365484760930074 0.6216728081114461
0.7184571740180616 0.7126053012782281 0.715187862575974 0.7541839941165692 0.7548913203087941 0.7244193326421683 0.6974937747044014 0.6608646450798104 0.6261283422818695 0.5898120610388022 0.5811989358160814 0.57423845530791 0.5871243165146782 0.6214311610866385 0.6299189959675895 0.6238024060473238 0.6159366126016298 0.641670584012342 0.6374364769756193 0.6420418752502305 0.6539763008257209 0.6903972797278647 0.6826354655355023 0.6804652286281585 0.6823050186543527 0.7057788136668034 0.6840299285063617 0.6716742723893768 0.6968450028604303 0.6711256958533314 0.6678744567724612 0.6903904085729373 0.6951032089498408 0.6728326148716418 0.6339558995866372 0.6434431966006408 0.6030777904078828 0.6105998219818008 0.5964795014139104 0.6009419738536003 0.6247846010243683 0.63105735837119 0.6024880114656325
0.6963160269577051 0.7199046744226405 0.7089165274859106 0.7424718022066771 0.7225249582382982 0.7097679598226388 0.6636991063638776 0.6665131767421236 0.6310195273430025 0.6204094960443215 0.5860666967581284 0.5848996620410004 0.5793997967256983 0.6095480811282765 0.6250048661994558 0.6401544168445807 0.6178938907133309 0.5924278339606027 0.6032205252232667 0.6287786244655651 0.6504922882322416 0.6642502657442205 0.6702666427418947 0.6587542725462538 0.6760591436890364 0.6664004479445362 0.6395462035440195 0.6528901179941776 0.6945496748401173 0.6807099831795123 0.6950625463484377 0.6678674615661196 0.6561077997568187 0.6434381881975558 0.6245432549346279 0.6258855321686752 0.5929104411270744 0.604253721416908 0.5979882381211207 0.6027130754022509 0.6192466979061166 0.6277994224096033 0.611978874272876
0.6816472281101006 0.6954787885402381 0.7194830174883717 0.7014765457314803 0.6951319030007085 0.7031058140553806 0.691075035872015 0.6617284536798286 0.6343801837606068 0.6195245299955288 0.6096231104988143 0.5942335788873684 0.6201876096372052 0.6143793041987274 0.5957249384756409 0.6168725781589031 0.6001715735256575 0.5837330620402329 0.5870311910323323 0.6241600175474626 0.6438546377080123 0.6186120777961712 0.657757771072098 0.6640970978544055 0.6442610240031014 0.6583150029009336 0.6553602710936282 0.6672561223546067 0.659133786422635 0.6646483350597794 0.6657835191055694 0.6819078999326119 0.6500046711112915 0.6417244628832045 0.6291650350187877 0.6047338942405497 0.5929331197719548 0.5987787786018042 0.606431018439461 0.6097565921089856 0.6130990336148694 0.6241538822004895 0.6105548173163645
0.6972957428047232 0.7198931667624475 0.7010518525410812 0.6949294783466748 0.6846586146946645 0.673299886690057 0.6759164128060297 0.6723609236583675 0.6593611523499364 0.6346362740474844 0.6182463435506995 0.6064683251607399 0.6303476255209991 0.6042571831022222 0.5875923353941815 0.5785498564437047 0.5637176259274816 0.5589096693688009 0.5662238343120092 0.5787754173266587 0.6196337907116913 0.6068538773403044 0.6167658556894786 0.6226541095364831 0.647324683902273 0.6501213378107938 0.6521129656078998 0.6617542631608229 0.6356017037063305 0.6337311746792713 0.6239516143345215 0.6373201412201752 0.673637912518507 0.6342904535770121 0.6191134329066351 0.598007672728721 0.6002675696611595 0.6109288117073347 0.6087646623919544 0.6053781736604994 0.5984075900846606 0.6136746052896072 0.6006507928413303
0.6963579789591097 0.7029681387494298 0.7001718443190945 0.7049374246959034 0.7083728411537442 0.7044719151310698 0.7022663723126246 0.6557412763842535 0.6648661428944964 0.6356262582985596 0.6225446620225003 0.6295000243071466 0.6358642563473588 0.6057193427080597 0.563150855125729 0.5484239280747921 0.5362711167706061 0.5492866261226611 0.5616876623166066 0.5588854283518994 0.5726244565511056 0.6063820202206682 0.5940100741720341 0.6027793160474433 0.632049013408946 0.6143318283064154 0.6113948599576906 0.6278788286483438 0.6189909406976859 0.6193665150428288 0.6270348009038229 0.6097916631026795 0.6158110281080621 0.6326408269057819 0.6051652300283764 0.6094596789105355 0.5960784338433643 0.599557524977666 0.6037639263743397 0.6013374090091882 0.5745358729776 0.5875201277703606 0.5724795291466289
0.6715485762254763 0.6940098613079532 0.7149111425273157 0.734053474603342 0.7262055229558471 0.7172464564824388 0.6911976992625729 0.6615868420349009 0.666557496787238 0.6265071894705939 0.6342021483589616 0.6012304953619692 0.6095007119005159 0.5754432724026869 0.540603278190273 0.5343868779996876 0.5543616127083117 0.5350671613440161 0.5518655276181977 0.5289556751197256 0.5522469527625858 0.5881913397343251 0.5863095924284412 0.5971766904675925 0.6100045682003064 0.5947300561528925 0.6233374362868652 0.625420558624405 0.6490377701230895 0.6439888474638613 0.6204596441344592 0.6141651071787423 0.597192827258428 0.6207691802543043 0.6331623947254158 0.5804250984767936 0.5646306761691667 0.5538777372138604 0.5483677507763374 0.5599474770535061 0.5856137891945807 0.570573017382792 0.5612645094871238
0.660383422094838 0.6688030569816806 0.7133444821298486 0.72799518077155 0.7358956322933791 0.7162675654189753 0.6904080997709785 0.6629827683877554 0.6351479537498459 0.6272399184569599 0.6143322037834577 0.6037261473399808 0.5755890063053054 0.5597701502341289 0.5518712194173832 0.5154015635195919 0.5151704402335968 0.5259926854406458 0.5083511612656353 0.5148756553687628 0.5017271338323929 0.5330534261895032 0.5747863562989963 0.5861746470920172 0.6009500286638731 0.5932490025717558 0.6102537559319497 0.616102225201895 0.6108020612605712 0.6157662812852001 0.6110669527646487 0.6040077905235535 0.608686020713418 0.6120640356219698 0.5910827288656685 0.5821936916038905 0.5666970875206638 0.5755413645395338 0.5743950125497143 0.5715896929668796 0.5543658331642778 0.5688998090969613 0.54681460636073
0.6227381544224908 0.679389403301696 0.70686449950014 0.7399728172642954 0.7633699990024636 0.7075315398786219 0.6777346417996479 0.6669541544799505 0.6281331643108512 0.6184152447407263 0.6020091915029737 0.6220995063321764 0.6138041590456095 0.6002115752753708 0.5565687067169074 0.49676080548705304 0.4861929021727124 0.5212072529183053 0.5217110004938119 0.4984559193387192 0.4516854763547267 0.48612261654773387 0.5210371156027076 0.5799486294123593 0.5777677445392729 0.5709637789818967 0.5828320011677247 0.610756467794311 0.6321591590511517 0.6190797169251645 0.6023873856091126 0.6117283464558987 0.603239048462727 0.5939160078509312 0.5742203768586899 0.5702005438812175 0.5307831652399508 0.5762609924939731 0.5778791536669643 0.567841497679252 0.5632973313134718 0.5674078836026366 0.5293990533986854
0.6610170807677276 0.6755821767688296 0.7119583201930086 0.7303988853574802 0.7460710221102024 0.7030057876804657 0.6910891419985582 0.6827308292943514 0.6486177095028606 0.6245522104622566 0.5991667538228728 0.6099807309483481 0.5975759625556576 0.5870458645704224 0.5488881460502467 0.4963788035299569 0.5104273194280353 0.5050416177635495 0.47874276976329616 0.47547870405423637 0.45930564808855145 0.49754566775497655 0.5323463057188733 0.5549781989903386 0.5528171786560205 0.5915316643874656 0.5885183117808025 0.5932241730892293 0.5848423707856943 0.6090599653398563 0.6045342307513417 0.602268173593584 0.5956256336444743 0.5534352483024706 0.5490444456419099 0.5624167516998662 0.5440366444237678 0.5500753228935884 0.5318025149588603 0.5472671023043454 0.5409200326215513 0.5301168065036939 0.5152129626628972
0.6607202068255915 0.680880746149121 0.6882418886909512 0.7137477446956674 0.7290686114658304 0.7023069637725927 0.7194353175180168 0.6849943104556354 0.6739243137439888 0.6153163368547307 0.5859200986252612 0.6051259457327195 0.6032709537122285 0.5700645231730822 0.5372649771299214 0.5281262997657187 0.4815275442369067 0.4968763299820671 0.47378158283116134 0.49005361363103783 0.49604064023785344 0.5224048664309554 0.5402558017400352 0.5397527128854755 0.5508843741592403 0.5647998627120782 0.5857300586778903 0.5732328263230732 0.5733305416084447 0.603452953031509 0.5895756927186502 0.5937157282542289 0.5494716322536021 0.5485283378305656 0.5509364351170863 0.5585408332112187 0.5622312299001445 0.5459614066292412 0.5362682139991106 0.5205492299978783 0.5311347668048403 0.542590259879413 0.5318625927974366
0.6633128642140529 0.6493187719529622 0.6483255344592832 0.6776101358510577 0.7243781230476747 0.7271781601628445 0.7242900144468328 0.6977086743745745 0.680636000755402 0.6573967214520436 0.6155803790237965 0.5979675580477264 0.5712863880948748 0.5589293031671608 0.5423246517036286 0.5259142985396709 0.5099347991912995 0.5263099765416861 0.5120319009667953 0.5268394270997203 0.5130379375522203 0.5346431056348065 0.5289752706453273 0.5332126376793875 0.5351197725840062 0.5406434867472766 0.5504905443797008 0.5553710683996577 0.5581868542942329 0.5676071114941238 0.5899027741324674 0.579272491863012 0.547297878620729 0.5503439259653439 0.5422003379151261 0.5729984638809991 0.5407730708745798 0.5524822863629123 0.5323805901720816 0.5148977093772444 0.5055057841272372 0.5074003942277707 0.49229066231979224
0.6589536274409787 0.6717025681157257 0.6617025138877332 0.6841881011683622 0.706375223222855 0.7182867094158997 0.7133283226609066 0.6866897341929622 0.6690945263706609 0.661887620836454 0.6166756818133811 0.584456055261156 0.548170531422985 0.5725164094836676 0.566765291586715 0.5436407591987484 0.5218836298443397 0.5364799899259691 0.5467030053500895 0.5497389994070789 0.5595783532455539 0.5573535681427191 0.5370118838899647 0.5270974934889362 0.5354349394075136 0.539306371945488 0.5612675428664414 0.5584332114203904 0.5182351279168904 0.5320968932747766 0.5537260924231372 0.5612022498846905 0.5530721354631627 0.5471680850311914 0.557911358681953 0.5491286866856487 0.5408309730766374 0.5084424177388545 0.4964567575921274 0.5152117037086831 0.48601211451469883 0.5042774882305003 0.5036194031544492
0.6586698188000862 0.6582452925094918 0.6841804383734791 0.6783988084845101 0.6717903575917414 0.6906040524249872 0.6875707847207889 0.6678680459101487 0.6519586814140375 0.6385404427944433 0.5851824444723231 0.5686501081567135 0.5622994667613337 0.5425227650173103 0.5638003579074167 0.5351913688606333 0.5397614254442434 0.5376404555156159 0.5111317254296688 0.5331227809822133 0.5450799814547304 0.5500901411163843 0.5526480714406528 0.5540478171268809 0.5440540315331636 0.5481728114221747 0.5271848026953607 0.5370547492554847 0.5058144276148879 0.5410322611238144 0.5497134474404209 0.5648194637263505 0.5682186714672819 0.5501025052532331 0.5582855209715312 0.5710962661895734 0.5356535005908254 0.5190139627573169 0.49772026079160236 0.4852720831752197 0.46650077742381596 0.4901659261485501 0.49801158601752776
0.6224814498326623 0.6624625976013128 0.6931388308273128 0.6949111990075604 0.6752864887603621 0.6650342842832433 0.6570518786891811 0.6351616405631942 0.6289198997811236 0.6267242086646432 0.5749873752694177 0.58783340942724 0.547849129948223 0.5667355494092553 0.5476954150255559 0.5345951338077339 0.5290359764608918 0.5127258532918509 0.5089085791641459 0.5385993374961487 0.5310468599273968 0.522804615509582 0.520199674988361 0.5343324305110415 0.5390777546607689 0.5408410432332807 0.5193369257737179 0.5014515785176075 0.4997429874766627 0.5256227901628578 0.525475065272172 0.5286209934559467 0.5444224876935151 0.5495718912950177 0.5551496466677078 0.5522372809156533 0.5770970912663174 0.5421576061094353 0.526795263012901 0.4918951817381944 0.47296518102731144 0.4812385475187844 0.5284587980522911
0.6356471670164162 0.6694119872037554 0.6919883623445012 0.6971907785321887 0.683019309616248 0.6667698901186014 0.6507674784351133 0.6301391894681225 0.6348496127411739 0.6055232779197219 0.5626353105278853 0.5807891741516695 0.5792063814869512 0.5599213975540585 0.5600022998139712 0.5270498228730541 0.5135646406204475 0.5195698598592844 0.54656001930648 0.5530494918301508 0.5260480961781381 0.5496867144775381 0.5225200068926721 0.5392508101164548 0.5176989158595027 0.5326717622999886 0.535377482281608 0.499591139323507 0.5081922864847518 0.5042064906667221 0.532415467878593 0.5465157800516436 0.5564683766998382 0.5222552388960527 0.529919343077282 0.5451796116163594 0.5449456185441464 0.5547728673933159 0.5373459925300902 0.4889082275620078 0.4721717636837907 0.5062636983597154 0.5242748952060288
0.6257992041848646 0.6459713279337369 0.6669302644560717 0.6801628042971487 0.6752745302767892 0.6611589930678937 0.6383455143076903 0.6043204825030241 0.6150531455347719 0.589958431303387 0.5713563333974314 0.5565461231025749 0.5569410157823901 0.5414904491357272 0.5554261543012535 0.5377308532721011 0.5375806960141384 0.5368635527680161 0.5379689958601084 0.5278318895879677 0.55141739802978 0.5368671849605691 0.5573993186005323 0.5313797931311568 0.5148104743423493 0.49615801705535373 0.5156655917409076 0.4992846796945277 0.4780155037056397 0.48185767505138416 0.533053142359726 0.5499262804989962 0.5389456528622298 0.5412648959660469 0.5204822186920199 0.5401001657530563 0.5504556595833531 0.5385862029958586 0.5342041994550327 0.48261777682942986 0.4514573336557049 0.4801750921512143 0.5109561114544814
0.6445693997217513 0.627935759186126 0.6482103827176434 0.6371724157811052 0.6438528828678711 0.6356106379542691 0.6274920814483378 0.6172254154202192 0.6325674583731501 0.613610412245147 0.5857412642003864 0.5547951008951072 0.5580803849430387 0.5579016395587878 0.5534503784527902 0.5520142009868572 0.5475690234673088 0.551215744386408 0.5500103865447012 0.5343802390227265 0.5582427175622143 0.547804375086166 0.5539027562855043 0.5164171035453641 0.492321667104167 0.47693201848148353 0.4772813614023183 0.5080031075808639 0.4868295624914002 0.4828368958883439 0.5044090125240837 0.523835993148802 0.5551645909087838 0.5434322278413495 0.5423688062504409 0.5432227571312874 0.5418695237605349 0.5441782878582596 0.5157068322443199 0.46604858282295264 0.44395344923228985 0.4771015519573918 0.47411217783261606
