Raster_benchmarking/continuous/raster-356.asc
NCOLS 100
NROWS 100
XLLCORNER 1743154.317858915
YLLCORNER 5469289.330345838
CELLSIZE 10
NODATA_VALUE -9999
[rows 38 to 56 of 100, columns 0 to 42 of 100]
0.9373284574188608 0.9581234729601612 0.9304965016821024 0.9432195918730948 0.9590854605870611 1.0 0.9287617277962608 0.8986066692374414 0.8774559157089471 0.9070963401971208 0.8895183635036942 0.9111595016832771 0.8438223241274242 0.8275338595346208 0.7942320214296397 0.7462096968905122 0.7197658569174107 0.7204318155794682 0.6753384367951928 0.6104681185592874 0.6067624551489651 0.5320772402155054 0.5813846005309424 0.5575936925643974 0.5427475400861478 0.5043684221436107 0.5592923334968619 0.5665778608549926 0.580889767093093 0.6129725124465198 0.6361170894215912 0.6583392410305816 0.6539458613706756 0.6417616519891955 0.6027360238776956 0.5960004218407554 0.5770825193732124 0.5075803822179104 0.4826530276466801 0.4823581411431279 0.512722116593854 0.5450183012232264 0.5612842289431172
0.9158260417005483 0.9376611557549842 0.914792893103754 0.9596801883836855 0.9755329684898293 0.9922776772372033 0.9699548886706854 0.9422879391804448 0.9028116915780268 0.8738966649580301 0.863389549969259 0.8771174681669529 0.8489440662424454 0.8179600348994751 0.7885565365973899 0.7355839061629339 0.7420980317025112 0.7272458351920962 0.6839283311474897 0.6233895748155597 0.5762906923473713 0.5522605610832654 0.5718596897329253 0.5442250925163561 0.5331476423911177 0.5435772310461012 0.5726879269056956 0.5826322233886794 0.5812110449574919 0.6232192901343652 0.616963299838282 0.6464977822491752 0.6289737637530408 0.5961408159874273 0.6068999591682505 0.5695819620234059 0.5751317387331127 0.5115412192433398 0.48157414153302214 0.5344328270213514 0.5421463340408682 0.5400787133094886 0.5494977662752502
0.9087884457759292 0.8912190656853445 0.9433989457273813 0.9426764163995678 0.9538429636034718 0.9724999223376255 0.9661513730520995 0.9062779610202324 0.8739820257998743 0.8439515511991903 0.8399746105828538 0.8367413069094938 0.807477147340207 0.7718219536256238 0.7564070362382254 0.7651439116132449 0.7423788054653063 0.7491324669626387 0.6891214393111791 0.6210167700596483 0.5796099770421569 0.5870299419878613 0.5388278282615607 0.5234214811758311 0.5214762145629079 0.5464779277788159 0.5959244069530923 0.6179189799626057 0.6245064602224314 0.6108667233472957 0.6059685470969913 0.5870480210232241 0.5975611948092919 0.559539004835719 0.5837067544160317 0.6047255640512309 0.5506648780559215 0.5076671123695415 0.5274757900610646 0.5335205818737567 0.5428242621314255 0.5888116192342607 0.5481992661151542
0.8882157343038732 0.8787494399316425 0.9321252708255695 0.9613867947203416 0.9478598514957711 0.9765417126420672 0.9457200677833337 0.9478008285300031 0.8881699218480515 0.8573744991022831 0.820326549231933 0.8304107183759837 0.834714277312148 0.7912521533071306 0.787623465731693 0.7413717258446031 0.7343471289945075 0.7180743106819094 0.702489319951827 0.6551521617801636 0.6214060649646154 0.5674938341165479 0.5419383215826289 0.5088106889520108 0.5440403425119704 0.5635665378595288 0.5680426915819262 0.6193985814397841 0.6360259615052327 0.6305513112068645 0.6134852781544218 0.5805645831017792 0.5879218909046735 0.594827555902998 0.5694974109024552 0.5819262791993933 0.5542144310963217 0.5486618727279557 0.557066072900256 0.5675719020247944 0.5629269234182686 0.5936466649485351 0.5512667402786825
0.8941506322150624 0.8974620160175354 0.9370548838934906 0.9356778984258421 0.9698025445852049 0.9566204211411994 0.9491110103407948 0.9524658927797165 0.9022595304932509 0.8681002262731519 0.8289344422667193 0.8347301763699089 0.8157797903533441 0.8334652440021482 0.7683897365549329 0.7203037843765816 0.7221372703183414 0.7293734612083658 0.7203824365664507 0.6556236790409462 0.6066463582703883 0.5635819862986325 0.5678460391806105 0.5328752145042387 0.5482715761052467 0.5692889222967364 0.5800710147264512 0.6371918885124292 0.6433816915989083 0.6105644977529006 0.6062083252799578 0.5968475355912777 0.5693671736177367 0.5848783994231217 0.5529599048881682 0.5368752614810153 0.5585783220369341 0.556133339610246 0.5639889149247901 0.5270883921903405 0.5639069327877153 0.5722777921250463 0.5776310929448195
0.877661622903812 0.8969544539425952 0.9149989910159136 0.9197467729344038 0.9546860139375026 0.9849149466683078 0.9666185471676665 0.9197665506228749 0.8891151025332462 0.8623822593772928 0.8261438562146922 0.790158168866467 0.7964289048131842 0.7932550552926447 0.7593808678455686 0.7259396724910695 0.7235276741280099 0.7149028925492085 0.6929907883075278 0.6170238208857001 0.6035770890956399 0.5672255130620768 0.5785068970747059 0.5559327686820934 0.570648909225099 0.5828437301377994 0.6093807792613923 0.6409443838960259 0.6052151110881712 0.5909483079680641 0.5863111387882859 0.6005113916195663 0.5708515224004556 0.577762906325994 0.5842287567342966 0.5339775580665495 0.5588067107869358 0.5896012450913302 0.5682763625754004 0.5816370191387206 0.5470374044487655 0.5634828345098828 0.5861923703302866
0.8634526137681109 0.8952799980419281 0.9335561996356053 0.9318415907997559 0.964768305487026 0.9730506745129165 0.9690637930790068 0.9219987571671834 0.879640357341352 0.8716104477083916 0.8082889621621102 0.8075305841420417 0.7666261668295656 0.7511883520237531 0.7558360197112177 0.6932896713888087 0.7095183122484441 0.6761109365297239 0.6637609852386787 0.6042302990250249 0.5859780350821374 0.5938191538207146 0.5818232431511262 0.5849459302181703 0.582935467095121 0.5473975390560172 0.5618959472024171 0.6077560062873167 0.5967365204408864 0.5652641638484599 0.563845419566265 0.6141223561341558 0.5754225287405936 0.5651297992685969 0.5575114511875575 0.5515436986019399 0.5687184002253354 0.5709452348095104 0.5490543496252637 0.5795179419276172 0.5549253802247794 0.5721200759030911 0.5954382686948196
0.9091920172222975 0.9047927861554356 0.9012297110226697 0.9199288871063445 0.9166984604576701 0.9681159920887804 0.9413591850877062 0.9225368393275498 0.9033938037386052 0.8488286256900955 0.8330236153305259 0.812838111696019 0.7767663882587855 0.765861643186214 0.7327582901086113 0.7026778043526822 0.6669058359923768 0.6508048099116974 0.588886436310859 0.5945878266801095 0.5813805995164362 0.577505514395529 0.5740358280887148 0.5865587963874054 0.5639324475188086 0.5569232680630032 0.5519035356636254 0.6001528354578863 0.5945589191499303 0.5899403128173212 0.58629317735175 0.6156634813644659 0.6065215996353215 0.6023183539957039 0.5946165169740995 0.5785140506241911 0.557495526679586 0.5912023162060912 0.5507569811930064 0.5431304965124658 0.5412153862473154 0.534914143659663 0.5677264284388875
0.9105527112091429 0.904381556164179 0.8963327350190138 0.8911600019052721 0.9127101513214018 0.9370336971543471 0.9209912825556235 0.8982496260070425 0.8894372779246645 0.8534314561944295 0.8125033058905756 0.8550728551732719 0.7938099628266272 0.7942994355683768 0.7190533319536261 0.7030835494276696 0.647595083517098 0.5966582341470406 0.6084559654229147 0.5782504206060677 0.5471696531065294 0.5431010721880524 0.5536994648066816 0.574530827414838 0.545980295338362 0.524792495588047 0.55669408643059 0.5864674542352596 0.5560504217449698 0.5553918085643119 0.5810142852416414 0.5808257876609061 0.608939821972733 0.637416303453703 0.5886781489768393 0.5904658546590374 0.5934439031180356 0.5980963420499869 0.5680477940507537 0.5250518326121446 0.5119257103591739 0.5180561122858843 0.5390948738580751
0.8798251093551223 0.8752639893703771 0.9073423093588514 0.9145631613993815 0.9029999006992083 0.8884489770556131 0.8777928083392718 0.8548105972368173 0.8655269610619399 0.8429815741837825 0.8092568574819564 0.8257608868706016 0.7893123621057764 0.7986493019556274 0.7425814155002434 0.6705017237171531 0.6479529572013885 0.6247385293272032 0.5794747282903376 0.5820413231830375 0.5818635007667721 0.5689529787359745 0.5362543761363089 0.5670253935710122 0.549328086998002 0.5015362989233415 0.5121687043350405 0.5309125826939848 0.573785744668079 0.5542233524339173 0.5348421997285562 0.5977865822094905 0.6114008914194282 0.5856849446926072 0.5933219455506192 0.5741891879666843 0.5414920062389573 0.5466874082132184 0.574644354666897 0.5518727533161517 0.5391497721963421 0.5038345319240964 0.48608020641118027
0.8419275416126906 0.8340538112180298 0.8586625705205516 0.9121524616012832 0.8895738517180288 0.9022269832689752 0.8648719560353204 0.8185249633898981 0.8502842385757771 0.8260642630998163 0.791018412491409 0.7905102415549257 0.8006550193000955 0.7889002592107467 0.7510485931455081 0.6730228684395106 0.6838206896578037 0.6331331813554513 0.603293595164067 0.545549213178615 0.5545836215984175 0.576886707434919 0.5396514274457267 0.5215403957342694 0.5315052772813872 0.49255608291652075 0.5076312904387984 0.5104585792136438 0.5049176255986447 0.5371417486884935 0.560595690350205 0.5647061066342212 0.5547974487445043 0.5829340439408455 0.590222848912189 0.5431550067640893 0.5124736068244092 0.5366228702076399 0.5404382978647045 0.5368455392485539 0.536454889041662 0.5013666656344887 0.4939892532437785
0.8308113888528116 0.8547357269590313 0.8774061369009278 0.9051751993222068 0.904612150843396 0.8589200001778788 0.8111784950967087 0.8128157060286451 0.7875231606671588 0.7971671290806177 0.7852447152914519 0.7879258132796636 0.7834067557050259 0.7938878924577122 0.7533189409046447 0.7111369839365108 0.695305253498721 0.6692843246828604 0.6232717777346685 0.5458284320407798 0.5627253947285141 0.5510768528715426 0.5261557096772452 0.5113344698495988 0.501417381281465 0.4909566963511284 0.49883342633723776 0.4910058235169787 0.5057890686245577 0.5157411607458493 0.5424930899526251 0.5638765422378761 0.5678640890396167 0.5416224034934052 0.555585854959422 0.5103754095405649 0.5004080193857998 0.5295376038475385 0.5276889754946859 0.5415453742341297 0.5248857094919794 0.5189139024970234 0.4858436934876439
0.8342549866896155 0.7932396858349025 0.8264665547149437 0.8673104660691195 0.8577893932130417 0.8531870251224452 0.8029585925159206 0.7693935232714749 0.8070276887032348 0.8098219913232487 0.7939506147816325 0.8096129887120069 0.7659838021154578 0.7748992559491533 0.7541660361273403 0.7354389438459368 0.6986206759816183 0.6564363492735793 0.6235542714427256 0.5594469954511502 0.5849585936281875 0.5609982439010903 0.5580260583749799 0.5057730825393929 0.49562823284771657 0.5037160801463132 0.4719321500207083 0.4770198537972683 0.48465201821120996 0.49601702698027184 0.5352034756973718 0.5383251041789351 0.5470278279061216 0.5399088922967105 0.5095607369968556 0.4942199049412625 0.4897385917487428 0.49324194975197555 0.46396716472963695 0.4831189450235782 0.5172461630970613 0.5131617872163173 0.5114917052920537
0.8073503726538083 0.8029920556337249 0.7919064731664156 0.8198214690056688 0.7981804062907795 0.8098687018348979 0.7990115772823383 0.7877602570911529 0.7923183286969797 0.8124874501264004 0.8111682771676189 0.7630987735740486 0.767626992453322 0.7679859227886993 0.7295244565888382 0.7539873757442962 0.7221752774753799 0.693970964332012 0.6435971296384534 0.6212211172950606 0.5673962693851864 0.5570225799568499 0.5550807064820443 0.5053320187106058 0.5187342761181349 0.5039131324454259 0.500223492546973 0.49810950051587616 0.47852701202097986 0.5119695870587738 0.5228024744952198 0.48662371770141316 0.5103440835712815 0.5179410394905173 0.5135664473243032 0.5269456126456592 0.4834706693700709 0.45651382700250914 0.44861691540038007 0.44526522637882365 0.49371376291728597 0.4940394194904465 0.4856922387591423
0.7760031941490533 0.8028807128967012 0.8027755974154857 0.7943244204329647 0.7822068464315272 0.7535552963460987 0.7866741301603916 0.7587665993283194 0.7499804884190276 0.7636092956767817 0.7665086029019719 0.7632961666468456 0.7658435935447425 0.7062175473406225 0.7346740897597799 0.7243489806225452 0.7212508645841395 0.6900779831248792 0.6314302703811296 0.6101077296423962 0.5507395693299247 0.5300242247460947 0.5407108096773517 0.5313883220965296 0.5454177449627848 0.5475838763377424 0.5227659412797118 0.46424743989472583 0.4617508194236776 0.4918453757434184 0.5192029411716668 0.48075287614368645 0.4651028753510141 0.4772611984462676 0.5169797532626753 0.5215859740754487 0.47566853862732505 0.4348812638867008 0.4155535497789933 0.4238330684136706 0.4698655913967568 0.4654889195820944 0.47233488874826646
0.7906612852798751 0.815028084917623 0.8008311230386668 0.8014422864609934 0.7798459703173247 0.7565839052189339 0.735991355678727 0.6967681013856213 0.6997930155755638 0.6927114231924782 0.7017168352805114 0.7442894527324412 0.7407968482688153 0.6962696883550503 0.7323490765430568 0.723729337735264 0.6857911558327324 0.6663911997688275 0.6789926473008865 0.6311724288365421 0.5803963305754203 0.5553242731407114 0.5824239068170386 0.5785979141677906 0.5739366956103165 0.5448928038187457 0.5375286616012632 0.4820028715470576 0.4698554531085501 0.47954844303780597 0.48859398064287396 0.4505323586635994 0.45108756323276633 0.4818099886167798 0.46789433551812326 0.49579384022744155 0.508659915162669 0.4470605464107507 0.4068063334238874 0.4065411010820116 0.40578029903480295 0.3979854396367786 0.4436511550393735
0.755411958781072 0.7643945776729573 0.755704549069533 0.775828564882345 0.7553824305405158 0.7007576326696517 0.7259047142154541 0.6967821218966302 0.6930483650218027 0.6345899618616268 0.6732727718785942 0.7138854448157193 0.6989747583422264 0.6910804761288437 0.7166880660584577 0.7010582137316135 0.6757149863675065 0.7121186555914681 0.6754036349304914 0.6320714526167062 0.6396699884779534 0.5930335168629971 0.5997104216663294 0.6158987913262195 0.5914027802360929 0.6053953098882717 0.5361652534266297 0.4884881515826663 0.4632535033137445 0.41712860106925437 0.4642823337461951 0.4841704715507326 0.4787453769146989 0.46098528390186494 0.4357558104179634 0.5022363323907986 0.45902528750833593 0.4735024039097182 0.39450804453501714 0.3546655401270741 0.36745208640024424 0.37043664477446236 0.3859588111234787
0.7322559637614342 0.73500141806573 0.7377565311195806 0.7449897938255885 0.6934256982708699 0.7058393222927383 0.6860151044001104 0.6608836255547512 0.6438211145093194 0.6485559688244087 0.6580388312257823 0.6792005091867376 0.6926384897755428 0.6995506331938318 0.6870126284146456 0.6814353926863321 0.7023521022996073 0.7103796520484 0.6944502698053119 0.6491865839800316 0.6461033759566944 0.6151319618134251 0.6093162288337095 0.6220354562928389 0.6186385743445181 0.6079120137760963 0.5314448550372066 0.48238475516773205 0.46399857063129496 0.42052122638615197 0.4071553067509502 0.4446356182403043 0.4141832167584882 0.38793066439856866 0.400796637626621 0.423380682694109 0.4513522442315257 0.41041442921106697 0.37873349471623724 0.3307508521626503 0.3357032649046272 0.3401829949116325 0.36856895317925426
0.7302018422165256 0.7428972885146234 0.719697151797145 0.7053439533200695 0.7060761148358007 0.6636371419524459 0.6440693375297089 0.63793297323551 0.6540497220657697 0.640234576142846 0.662086767595792 0.6844126404246841 0.6887161696242464 0.6863245772653398 0.7089102428593084 0.692577093319175 0.6732072966764728 0.6948984934322825 0.6493341826876559 0.6439742941554989 0.6373563554318268 0.6083498325352154 0.5976369382451765 0.620995383717469 0.5982110500992356 0.5753346061090427 0.5317812666078163 0.5180601759117184 0.4742466419917321 0.43397937598834196 0.43818322176594 0.3974057445918102 0.36551118007658234 0.3635469171760703 0.3619265261471878 0.3756632509345934 0.38656798066994913 0.3993838184839898 0.33776641603778135 0.32653183944148995 0.35558496041972915 0.3904385300555192 0.35467593342219944
