Raster_benchmarking/continuous/raster-474.asc
NCOLS 100
NROWS 100
XLLCORNER 1743166.015912711
YLLCORNER 5469281.236197796
CELLSIZE 10
NODATA_VALUE -9999
[rows 0 to 18 of 100, columns 0 to 42 of 100]
0.11994882851473024 0.19539012369908224 0.1607283113483677 0.16474147269813413 0.15422296744941189 0.15320570319232593 0.18302150454208466 0.17726730106264557 0.17976616071348667 0.19156628016724725 0.23594782622839885 0.23655842728222146 0.22930904792226758 0.19307367247452695 0.23188305748603127 0.26200722764704304 0.28732761349234587 0.36319063648104655 0.38264444251444546 0.390714274276147 0.4153990089026719 0.45832301109480256 0.45449702141793114 0.5023300168123449 0.5373316640813178 0.5252264181295672 0.5600694339625438 0.6072299383221132 0.5972885867661935 0.6317905357087147 0.612172394627864 0.5913695615109509 0.6202705170398582 0.6151349745782874 0.6451529858437682 0.7197324286742949 0.7424516408740712 0.7739868760501512 0.8022185776562657 0.8076112043336785 0.8318375678648877 0.7987963206256922 0.7921943176313104
0.13633613979229112 0.15129566938454567 0.18653241187841132 0.17502833805991755 0.1534351298186792 0.15495518250099924 0.20842014855688146 0.20939514481698326 0.1708916726965239 0.2127907017458815 0.22571115923975762 0.22534477731270067 0.25102889474823264 0.2379846278758129 0.22043995963728097 0.2383622152732397 0.31621679083473947 0.330409740708962 0.34966836212422087 0.3699075173691435 0.40777830364409545 0.41710355131375404 0.4771032771248924 0.4833168826285523 0.539625619946474 0.5390955229851745 0.5621579449440394 0.574393100309957 0.6002450689041332 0.6037531444205206 0.6066815861362458 0.6106655382605112 0.6308782997471392 0.6212727117822135 0.6611319700496181 0.7002053892361224 0.7526063230415059 0.7664993885449014 0.77446091799278 0.7924613997931299 0.8265111951620349 0.8274270210645049 0.8425872551925699
0.14456529926578374 0.19223755210393728 0.2024868626525723 0.1778786032315816 0.19524092761165746 0.19929795839298678 0.18624643000464294 0.21405515191265678 0.19167426660137332 0.17287798508794502 0.201401200386696 0.22130231229588876 0.2333298661993373 0.2680308806234007 0.25481353868148404 0.26196456058599077 0.29169893917303114 0.30837107901507615 0.31036170721097217 0.34859744063492953 0.4112064282084352 0.3967652953897881 0.45527458661088743 0.4995504590081187 0.5237988499455387 0.5526723434252115 0.5543098136631833 0.594349205766299 0.6038509251410614 0.5943208420284026 0.6060064252997879 0.5886510626416203 0.6280687680680328 0.6521748787541347 0.6765787988432418 0.7098598755677835 0.7374119907316117 0.734512302070535 0.7917975697652339 0.7763793241522217 0.7755313217799971 0.8257748650665693 0.8569781631409061
0.13519936517018252 0.1347113991673414 0.16451559041778757 0.1721379707412672 0.2271884954939045 0.23387295000274538 0.2123323194639138 0.22614244403474987 0.1852805598360487 0.2026593914561559 0.17452830470124217 0.20826296028976604 0.22686147314822655 0.2701969242154378 0.27204382089165174 0.29827813300929723 0.29765216299901215 0.3034251637289627 0.2968092506115727 0.3521089214440593 0.3921170966153992 0.4004934995143285 0.4333855521539869 0.47019127792734733 0.5150379942022093 0.5429600196458844 0.5743159479304398 0.5856164381036364 0.587000126769662 0.6132907119562283 0.6147232273583815 0.5887541687933405 0.6520567720157646 0.6642496582892606 0.6668955573283255 0.6761178884757817 0.7083155528459766 0.7583208442431567 0.7709800100221539 0.7889811079773642 0.7719978528618534 0.827894871743686 0.8321555045982583
0.11295711299853287 0.14100838527895307 0.1575421151046944 0.17119515706963306 0.22746061155921984 0.24872703442218394 0.24503489958459512 0.2114615526881337 0.17036046713136985 0.20283317683133195 0.15926235562006016 0.17260505630186837 0.2325348213953784 0.21617353041012802 0.25810734484115433 0.284185767383334 0.27176504652732675 0.2974454101048573 0.3151517712334391 0.3383433280361606 0.41502473910296706 0.43608147958615945 0.4730592284338285 0.4988414829633773 0.528388462719902 0.542374253848837 0.5956407182713196 0.6172363929881508 0.5886252543756428 0.5904153510966591 0.6090769019430547 0.5861925103197949 0.6582905544414444 0.6762355447317016 0.6449718844059666 0.6726495044718902 0.7337604737997565 0.7670981656560538 0.7361724738691774 0.753971488973433 0.7424718887041311 0.7737513193058667 0.7813816213686435
0.10172153720624107 0.13925043905188464 0.17523306755081416 0.2099843491012909 0.2208959822031898 0.2253418130612757 0.19847509496660706 0.20755388938332237 0.190626313721409 0.16983071962298157 0.17550862010602103 0.16954611584613827 0.20809604264960457 0.21033154773076135 0.24707656554134594 0.26957267976031707 0.29130202116269444 0.30662621724371025 0.35072200152384964 0.36393296264810715 0.38597441484937267 0.44418785526427074 0.4905985439773899 0.5141114423074331 0.5055694491262056 0.5746497074200534 0.6050825688675343 0.6153323883363245 0.613010726804389 0.5741852189213269 0.6008837297286588 0.5828933897052062 0.6454850580692285 0.6524331385715346 0.6568183684449601 0.6810810253662981 0.6983582836055557 0.7089645781821178 0.7374505692796439 0.7103290643998541 0.7014915500376281 0.7619872438051752 0.781284704919348
0.07871278717774374 0.14717541765415437 0.1686920727804091 0.17636086993078293 0.22005496085950785 0.2447854372453478 0.19048829540249748 0.17875788216761868 0.20947076085366986 0.21521517648468458 0.20753360971302448 0.20197267521854786 0.24081398295468323 0.2156999569092308 0.22599239208097038 0.2849838372253403 0.3079500301271906 0.3625501843189966 0.3478562003029407 0.39305980414619024 0.3869789972208449 0.41990433765293994 0.46619085783223563 0.4969525965508688 0.5478658825419614 0.5561969292388349 0.5617298713925086 0.6189714201380896 0.6352101392249788 0.5973112696042961 0.5772793890591531 0.5931197269258482 0.6615520889241857 0.6620152014850844 0.6706127262633381 0.6295608252125336 0.6507029215894858 0.6732150066323394 0.672133127654251 0.649418509892392 0.6589445820477222 0.698823350981668 0.7638275271598746
0.08219745040191415 0.10757532680830374 0.12840126292470913 0.13783512616476287 0.18340591442892543 0.21967019739571553 0.19417456491338628 0.166156822045691 0.22163594731001515 0.2221728464024607 0.23165103144088642 0.2400308636619205 0.23470288550787619 0.22387900363869886 0.2507321258008382 0.2800395663991585 0.30895239047343304 0.3228146755170038 0.357553265806845 0.38728099984278025 0.3994953075455105 0.43696693828368155 0.4464933051614497 0.49604516489224143 0.5337135762229336 0.5199410049798533 0.5552113267451692 0.6135272383414079 0.6160183630433923 0.6368679733596754 0.6127648980873591 0.6382471904757483 0.6428295551793921 0.625265003851116 0.6497165666039394 0.628611414763852 0.6584422693069011 0.6584657719189451 0.6596840746650067 0.6298594390079539 0.629911067996073 0.6696425830607704 0.7259884293701568
0.10192912112575406 0.11875338403832221 0.12234840176541226 0.16069209943607835 0.19443781132146995 0.18907025871080657 0.21932741807608455 0.1818616860822134 0.18779968908389594 0.21844586850939027 0.23309798822519018 0.18534082194261084 0.24450628663909738 0.27052401204954 0.26846060355679424 0.3416516787029955 0.356777786271088 0.34860409305629236 0.32900303683951426 0.3452855699170232 0.3741259067958162 0.4463624168266647 0.46165666455059146 0.4910839832650121 0.5357962426860772 0.5184639661239044 0.5527592693592068 0.5885880303199601 0.5829252858850633 0.6384638796170352 0.60703344478248 0.6207062347405023 0.6086154522144401 0.630488034793921 0.6476162456039316 0.6307771208083227 0.6446655892634436 0.5902465357612819 0.6120333494040893 0.6213404775425424 0.6156802593617924 0.654009043927057 0.735835322790793
0.12229137494860501 0.1321597933760028 0.14734186269955582 0.15516876101946592 0.13951461662719383 0.19931068038194857 0.20318228629230062 0.21139291395013754 0.1628169604923121 0.17651003784984243 0.20278817421058343 0.1637759598789353 0.215512955870248 0.2662179465902673 0.2852009254438505 0.32403046552771714 0.3480082386538784 0.3266080422248817 0.3474232962549641 0.3795627083142607 0.39072394037303343 0.43875004001756895 0.42680337311047317 0.47512458821662945 0.4909563703124346 0.5439588931185134 0.5707646579419806 0.5668742134142316 0.5687510668897151 0.5592173815775878 0.5587901858703151 0.5627902983750833 0.5603817113689477 0.5913636161839125 0.5964062980298694 0.5935219533297049 0.607096090244558 0.5621587175925662 0.5896661493499187 0.5790788785101828 0.620433819015078 0.6461860102040995 0.7249280610295304
0.14010750447567097 0.14695909213130498 0.11352475183373872 0.13259107881798365 0.16028484314006905 0.1733371637853542 0.19738051224527617 0.20147230970083346 0.16098447808140878 0.1500502701249503 0.18022238602418944 0.15711173388024846 0.19996945453128023 0.1974786437059153 0.26732699489714384 0.2868855131979453 0.3109423583663782 0.3171069078112485 0.3396524028933188 0.38064133891684165 0.3982396783917846 0.4082283453766021 0.3975443205354413 0.432324426331435 0.4594800839220099 0.534974541208245 0.5352294560028403 0.53925962207128 0.5474573514843523 0.5434714313234188 0.552864602490318 0.537825801450335 0.5300164347641271 0.5477329425554189 0.56998585050575 0.603168200900301 0.5642517785140073 0.5299769111121023 0.5571076100169491 0.5560417098096851 0.6027557691483849 0.6665439450638715 0.7313761661148793
0.12471851458500825 0.1510296363352978 0.13189016725331756 0.14863456671452857 0.1459734833399806 0.20715022143767994 0.20110268102853357 0.17863079830175715 0.15369818903548096 0.13737746977828683 0.15758710117243188 0.13080262559167458 0.18442103955480701 0.22150914446847186 0.24230788353725896 0.27077048713565227 0.3371619265431037 0.3519162602898186 0.3483263199524984 0.33974103325890537 0.368636518365852 0.4146457573519726 0.40014240699368786 0.44694144770950206 0.4644170755470367 0.5171837064512197 0.544204856481005 0.5545225861171601 0.5321499666579743 0.5541462448528163 0.5578247682736611 0.5434291571983731 0.5255030055681206 0.52670247023364 0.559154535134397 0.548199113139861 0.5345388988843038 0.5051571779453792 0.5505752941855976 0.5625434431255847 0.6212878892254329 0.657701870033559 0.7339633357933318
0.12107614535410689 0.08872368764700928 0.10917729261846831 0.17499684918555122 0.15211838885116974 0.20168821934143927 0.19474018779567945 0.16521642642936601 0.11289203566602506 0.09566130502496092 0.11260785592148642 0.13227976919819362 0.16512940443068536 0.20377056330744894 0.2477356949553939 0.2807089886668882 0.326684787893642 0.3602100752145364 0.37936154877026756 0.35224770826138835 0.37771418011023095 0.369877437792897 0.4094352832256586 0.468814168656107 0.45116885032112647 0.4740697732310145 0.49561101881359787 0.5300753024582067 0.5088408602968973 0.49069283068912295 0.5616402537478286 0.5649265903248617 0.5166099052088816 0.5479074237158187 0.5542500844180757 0.5562022057376906 0.5175974996574106 0.5080176626445585 0.5535726009520754 0.5500528769449732 0.5935795339740814 0.6441058294172707 0.7095268701329827
0.09724359080468817 0.12702198484250457 0.13342313798483757 0.14431390842579228 0.14782800471968063 0.15833687367420488 0.17822781604391538 0.17792477540669238 0.14243804160010295 0.09079483218620299 0.11603065357712868 0.16345301151783087 0.1832191783984014 0.1732669715767905 0.22558051420915687 0.2608170131834492 0.28953910623427503 0.3296123599870809 0.36249342891148084 0.37361151676047805 0.39947317039071795 0.4246577551139831 0.4332920898857158 0.4354520861944733 0.46192962641256846 0.4374507625981905 0.46381131729895136 0.4995887416294345 0.4932708157851211 0.5019600626169405 0.539849474026551 0.5145995931936179 0.5157090378176938 0.5380489491511149 0.5192405960566426 0.554333507714619 0.5397776289815943 0.5444561470739064 0.5402338287170891 0.5822353855353811 0.5803494749909052 0.6566612320604501 0.711121616886952
0.08328362486338182 0.12781053331319345 0.1621866482079522 0.16044672810350905 0.15880422716637813 0.1593962336440694 0.17114804365782166 0.13008055804781118 0.10881108659265533 0.10240421060422776 0.11208338643124469 0.11111859462766203 0.12707339683249266 0.1805705938851674 0.16883433156655026 0.19532892667887386 0.26933346877651343 0.3611743630123995 0.38347575777762066 0.4001043305870237 0.38900821716715556 0.4501172905083483 0.46243353261522907 0.41425458076238314 0.44247896545249765 0.45424814795538665 0.44009863981077013 0.46733376585309633 0.503121830614876 0.4791929267007736 0.5173190139932179 0.530300338156035 0.551126368790582 0.5168570493347107 0.49911594176089324 0.49822992005330113 0.5338498276670686 0.4880118058400949 0.5210872058343522 0.5559477809501997 0.580667876527742 0.6621034942867827 0.7011618125891221
0.0708146238899982 0.10863962148402402 0.1423883329060655 0.12085347941436284 0.14689650978798402 0.16908386640278747 0.12788790415444476 0.110075507139473 0.13587035262684596 0.12545861519954574 0.12552478150137822 0.13061720486218728 0.14387165533708948 0.120792312680876 0.1633177897871368 0.21993699151400115 0.26799290045722457 0.3094983699064132 0.3680487443232433 0.3887557325541524 0.3966879464774391 0.43222291034200117 0.45084113594963593 0.44622370958546853 0.4310787818930116 0.4730676829025412 0.48269287844220027 0.46495826108484783 0.4731942704599696 0.4804569065913778 0.5282866406709505 0.560546617405647 0.5443729467109042 0.5448757336914524 0.48939245212681287 0.47636148945200063 0.5077341524953557 0.5145691740247201 0.5438330672248272 0.6035400956688786 0.6288249054386625 0.665417458381191 0.7200466011172131
0.04003471684158695 0.10102362092097115 0.13815846718878838 0.12974744910611552 0.13867157045795317 0.1354872687733922 0.13218242763867358 0.14051143434670219 0.170845981544429 0.1671101534047779 0.14916971301044474 0.14984308294274323 0.09112014171368164 0.047145917199087124 0.16675941248136206 0.1993661640418774 0.2674196972531977 0.33688244640472603 0.3803652951948801 0.39291675829460826 0.41902131937359677 0.435423904668246 0.4400151769020111 0.3964306584278614 0.453344536857763 0.4447372037208594 0.44505932070301546 0.4820009976174816 0.49859655038148853 0.4776061371008914 0.5307064365404885 0.5368318864032895 0.5283374893837287 0.5295242811292629 0.5146048901370333 0.4778123537355668 0.5202931398555504 0.5375393113624366 0.5885887849008871 0.6312003938257003 0.6401629089771331 0.713169850230162 0.6948278656553047
0.025687353822662472 0.04123897110363461 0.10290447629166434 0.10186945834206486 0.10861168467679626 0.12857841127515424 0.13912199222402527 0.1537407050273128 0.14791518306060064 0.13559591129769571 0.13558735013463238 0.12346069169601745 0.1096369566909519 0.1364080002697461 0.14856669982252685 0.22550836333046426 0.24201705462267145 0.2788109115181664 0.3304156583222556 0.3697287636742815 0.38766726787572287 0.39840211707345824 0.42098727249787876 0.39164004555008797 0.431292627195057 0.45533319076232104 0.4417573476391287 0.46223576049351295 0.5059414518058836 0.5159058057190355 0.4802286674834191 0.5111388792164412 0.504008349708808 0.47821880987445675 0.47502975126672947 0.4829658004983037 0.47531698473584294 0.48939723215025244 0.5509826865427087 0.6063715837342506 0.6636619364105805 0.6678821578542488 0.7164582236877908
0.024740487645324365 0.03567577265447038 0.11254236899708318 0.12649007955106478 0.09892054523537823 0.12711758475452695 0.1196101263667883 0.16657667652997357 0.13069808007441513 0.13878635032183947 0.15104160156928892 0.10687593477840285 0.10331194218490243 0.1492707918119041 0.17122822254562978 0.21264508442921926 0.23073120756785911 0.2558123796666678 0.32681589305637027 0.3156060098296382 0.37872192568781704 0.3718685637186062 0.4081321707740896 0.4284741943003121 0.4174601812279151 0.4393481687420994 0.41661940999230884 0.45962152565088155 0.4761892184292462 0.5051742535719743 0.44201889263539135 0.44304950205600074 0.4947402525336838 0.4931813544171523 0.49120427584434256 0.45777148463431355 0.49254122284260854 0.4954002328248429 0.5154146553812347 0.5493478660212991 0.6112319031255404 0.66030205775492 0.6478566382760039
