Raster_benchmarking/continuous/raster-335.asc
NCOLS 100
NROWS 100
XLLCORNER 1743157.9279770777
YLLCORNER 5469290.724658797
CELLSIZE 10
NODATA_VALUE -9999
[rows 0 to 18 of 100, columns 43 to 85 of 100]
0.4313050723679762 0.43760003907055206 0.4259740810009564 0.4291829254673602 0.4502215683572133 0.4598775983191905 0.45323886371692784 0.4808365817824615 0.5075128485885313 0.48877646394926766 0.5332878057285855 0.5017672288293836 0.5682401982485966 0.5653675638285777 0.5511797732578471 0.5199193922224296 0.5013046008009306 0.4862371785364433 0.471989498225133 0.47209318827452074 0.4494861597516291 0.45028916195743396 0.4517473685437762 0.4362294563011226 0.450609098440416 0.46978345505952057 0.47719379703232656 0.4482124469833688 0.4270250186183158 0.3907788412107085 0.40706693963834567 0.3624231937486787 0.4140381176689385 0.3990491668443117 0.3765165273849805 0.41081881194403896 0.3901299462788119 0.4305418837033551 0.4287262558940804 0.4348055096577357 0.396420897316179 0.41796017725498824 0.39604886910634707
0.41284577420708635 0.4508057837434804 0.4330417027749469 0.4250684962307914 0.4551652851263885 0.4619787229405985 0.49094804191138 0.4662206842293072 0.4972636493037416 0.5114959495798077 0.5337194360829041 0.5325052082847266 0.559933118849764 0.5826082094742614 0.5674363424839297 0.5416488262378324 0.4929896737766333 0.49704149995552493 0.527880305682969 0.5151825486057283 0.4909696736460526 0.43908497399012286 0.43990719507598847 0.4241698138241531 0.4557311747832514 0.44600750054319444 0.4410352951588558 0.47310043320414213 0.4614961453841248 0.4342235274089535 0.3916849733238314 0.3697098317228559 0.4077858737996817 0.4297412729769234 0.3900332110088418 0.41277815827361347 0.40682287132008355 0.41732417261089283 0.4311293983369864 0.43994259412411285 0.40396972242198603 0.42073342953877585 0.39781037369997574
0.42465645137475827 0.45759713864441376 0.4205186701447629 0.4230941561391486 0.44336052353865846 0.4745766484114556 0.486690500940972 0.4834804611896782 0.5159532574527701 0.5051327346752295 0.5184108427213637 0.539337121975531 0.5338958337533215 0.5546582148769317 0.5570025229575145 0.53572177791461 0.5485433390524 0.53093012684319 0.5419683727892489 0.522248192612859 0.48079043526765186 0.44457139662716105 0.4135019909649318 0.4122965911507209 0.4553961737105529 0.42684159303041946 0.43229414300155156 0.4778910645537455 0.4588652056518748 0.4400343929558404 0.403282199937627 0.40606860175861137 0.4056420676532688 0.42367869193335617 0.43699077054037144 0.40395176015202106 0.4313348454135467 0.4535791083139328 0.4297821240343609 0.4528969433101021 0.3975544397929106 0.3885703089530872 0.3690263223411437
0.4313658117084394 0.4083612058063524 0.43260839449898875 0.42897053798824075 0.4565916469852661 0.5074580788707282 0.5193807866167186 0.5365889569956466 0.503951050316978 0.5228978163808048 0.5416998078249067 0.5832763901750132 0.5819932027477182 0.5981684106763182 0.6003150928448195 0.5443218271335448 0.5321151892630438 0.5524609306321789 0.5339943135714237 0.5360780181970703 0.48399027996066446 0.44534010473459934 0.44640623279647274 0.43559228190069005 0.44939853811453767 0.4225555947319399 0.47228672224132723 0.4741712034041031 0.4470594400043532 0.43079105046066 0.4293971992601978 0.4044284364399517 0.4262836184647459 0.42806682296173254 0.4245601072138745 0.4160132197710569 0.43632099175485495 0.42504227053745014 0.4318157666873173 0.3982611010018986 0.3874219270303765 0.38924299819016894 0.3764234478685709
0.4197579187234977 0.3972430347267119 0.4400124361047855 0.4422409514117342 0.47858666506278474 0.5267611039220321 0.5470405776338608 0.5447949612561985 0.5260789046579453 0.5470630299425412 0.5976323042897818 0.6202645397306568 0.5967525989651707 0.6377086518071985 0.6194142230842209 0.583630521616757 0.5795762092885618 0.5418887596171242 0.5495308074061988 0.5399517837841311 0.5275765717987864 0.5059759867221449 0.46119821698032687 0.490520278927261 0.4723763784858627 0.4171796673174376 0.46200224872480433 0.46143458582738434 0.4758197652454381 0.4477637562691901 0.4193416453650702 0.38283800667514944 0.38834432643164085 0.4060731251541608 0.37915491636282894 0.40353417437766753 0.3847853774725489 0.39346790757823114 0.3886091725550242 0.3901058528588614 0.38222509572414254 0.40471546615117926 0.342830844633373
0.39689914461063663 0.4143955894516838 0.4232731651730066 0.4384197997415286 0.47140075156959144 0.5159122208198124 0.5465031485242627 0.5216401011185816 0.5357591842120172 0.563840456432345 0.6157087796460792 0.6365944392251828 0.6342308885506043 0.6380757403824144 0.6374717699870888 0.6118013814094443 0.5849908798982664 0.5569903938951468 0.5265239201587353 0.544098182165728 0.502226442742967 0.5047721636208009 0.48491303004238795 0.4705694205110292 0.4903430927316688 0.4648307236420529 0.44411701352741706 0.44669199243882013 0.47417556278998463 0.45038427331537456 0.464235409225623 0.4260059661121098 0.3924197916455952 0.4256887913750534 0.38674238961831603 0.3830722923867045 0.3935739944637948 0.371152324137137 0.37881277408064745 0.37596813480434976 0.3689368253581662 0.3621249862836288 0.3462205149227192
0.4112938644984578 0.4124826270373425 0.44182286226054024 0.4535038501997855 0.5238281912690109 0.5614443690865645 0.5346919535454002 0.5436329458186162 0.5437497043328299 0.5868347734762199 0.6156284818076186 0.6185889408972121 0.6404137617458541 0.6287451503594903 0.6064437149791969 0.6317652723190327 0.5719344153122454 0.5765758369870916 0.5248859647416849 0.5146392743205876 0.5188385270503983 0.5212048645852815 0.5124292879697253 0.4983830654834694 0.5022609164349565 0.4535216549533216 0.4877167530665946 0.4746824167722968 0.47462757122321625 0.4834349308943386 0.48046714841863186 0.45602082032082836 0.4410460956193928 0.41174183114099416 0.3815077110927614 0.37214512022341784 0.4079464926993815 0.41660508141908653 0.3833219793395852 0.3620018538585749 0.3486275948163603 0.3440712420953173 0.3499022211343374
0.464098632877885 0.464302183021014 0.4714932678127878 0.46090123108034997 0.5131785561625343 0.5453677485271166 0.5553906670480353 0.5492612783418029 0.5906684538599551 0.6197416270085564 0.6098279397610142 0.655524162020313 0.6338358435676991 0.6341787755802197 0.6104584732622584 0.613903176054602 0.5826897836827273 0.5601785781143614 0.5483044291420213 0.5593209990830703 0.5239241332219408 0.5250533515343758 0.4758088021917953 0.474682339027092 0.4907953998216411 0.5024037490581937 0.5034458893577104 0.482425973784549 0.501829411406825 0.5036907568877779 0.4777152042339879 0.4817420920689239 0.4816750158819198 0.4412986072543423 0.39867048281726625 0.37930558074691617 0.3942346574901634 0.40640923436954396 0.3808080752636747 0.3526511015656989 0.3281793947216374 0.3174947368512639 0.30304831912337293
0.4811334349667592 0.4839098357401151 0.4795867068546788 0.506103382361318 0.5109694869536862 0.5227647960576121 0.557210944949411 0.6087374750769492 0.629093718194803 0.624849415334833 0.6078487634370284 0.6666708921864909 0.6445671588072776 0.6637492351478179 0.5904888530668161 0.6027986627426095 0.582659554305882 0.5720957566003245 0.5379379729013142 0.589554753757862 0.5486363142649429 0.49176792970388433 0.4685695509992279 0.432935294644034 0.4710249313902643 0.47519343620521887 0.5143506117854721 0.5066176050050978 0.5107343145507046 0.494476426854567 0.4796252963270609 0.5027146764930045 0.4535979803893707 0.45447494490568296 0.40807552852577544 0.3982394763569432 0.36244490300948967 0.36029456543711336 0.3503372494567784 0.3719509153825654 0.3232464878720479 0.3280474841506915 0.27849305199095425
0.4936359909947772 0.4802423669733339 0.496144789668845 0.4839751919166574 0.5372350584357838 0.5471167883173279 0.5767959694853546 0.5693460735768784 0.6174004362301717 0.6383053399028603 0.6356595902024812 0.6375365959186636 0.6350005619594843 0.5996976415961617 0.5884429102567749 0.5874018264597333 0.5997045428416459 0.5686845979167809 0.5393226933356967 0.5683803650209409 0.5087805758840732 0.45023053768470617 0.4362641790338663 0.44781840110880755 0.43703642054123165 0.44812956694671074 0.4703303848473542 0.5149714483464239 0.48273793946884563 0.49869878926712485 0.4787543086818088 0.48145465816618666 0.4622948360517078 0.4545537842687245 0.40142287735962573 0.396445095576485 0.3881379173992626 0.37827049185609674 0.3744384784220171 0.3586735733718156 0.35038939329381963 0.3251304342433296 0.2741204719526857
0.4895925445665574 0.4886449286875974 0.45620403947734933 0.49266421820431816 0.5329772379297597 0.5248177160661613 0.5673129433009184 0.5810999338066689 0.5784569482803846 0.631395773454378 0.6074232468807662 0.5873639636625754 0.6034334137004819 0.5817429851796895 0.6182511057522472 0.5983856293319606 0.5525127312731867 0.5336486255021032 0.5672143755021257 0.5551292039349831 0.49487097117706735 0.448615885816538 0.455675843201409 0.47672180341230597 0.48072996736273954 0.458409914341702 0.44713680875322204 0.49819823415408526 0.45559048200565133 0.44050979398066714 0.4696368299961328 0.4261319983860194 0.3956975855541024 0.39774905507387753 0.37808226262873207 0.3703189935921201 0.3576685047232414 0.39961299605674494 0.3860874844264796 0.37506025584060326 0.35298277251178106 0.30691547496992877 0.29205900057286055
0.4558053730474209 0.4294787599917043 0.4529326522931261 0.4807018817787477 0.49023724820792114 0.498237066092131 0.5286614099150432 0.5557814910719849 0.5642201430918878 0.5776585119161352 0.6091866927183549 0.6023083112227899 0.5677913863498494 0.5668783449863307 0.6031785208445098 0.5969338447722036 0.5528876618236186 0.5723281671535327 0.5605505813028819 0.557891523361695 0.5073620635992167 0.5064498120551586 0.46588831266352737 0.4595029612537575 0.45956400866907443 0.43839723409012016 0.4664866133921368 0.4359513009799535 0.4276516324001549 0.4616572782388674 0.43709654178822593 0.40474344520255645 0.3854680991846309 0.3599859516762971 0.3386413096541942 0.3617143528491403 0.37669167125283987 0.3617056932284678 0.33287888646951624 0.3141856590826754 0.31645381849404464 0.26992763876109577 0.28602614425322004
0.4644094973817295 0.40569445160094286 0.4404137816205211 0.4305619923324728 0.4325371198317644 0.4431462477787885 0.4926893689043598 0.4863416613513005 0.5184688145298265 0.5217593235003039 0.582900392244102 0.5986752992097634 0.5898636922893554 0.581510905161998 0.5651518352653518 0.5858564108356641 0.5486661295538251 0.5511684662237002 0.5276182078183392 0.5118009340282575 0.5167115080538327 0.501954924669825 0.4664748467171395 0.4132032607238191 0.44084678837457164 0.42764189430468386 0.4170597337611759 0.4248154154262138 0.45205904245653433 0.44432391125878523 0.43736340329846984 0.39983421287836896 0.3671965109746776 0.36104986039265996 0.3462460918062507 0.3311519976955613 0.3427226398401408 0.33163705912686514 0.3450680287704891 0.33085189745591215 0.3172548538942516 0.2670482706966146 0.28247787878761094
0.4064951631804793 0.38638484127890627 0.3912780032815205 0.4157003499855203 0.43423273179360916 0.46451421253854175 0.4722546723823199 0.4858295531005299 0.46958506281316076 0.476044099659188 0.5103179512626258 0.5495816440108843 0.5467775858637091 0.5670241592528217 0.5961453388584302 0.5864034040627646 0.556753294136754 0.5524400914372565 0.5196201950924093 0.5321588699415478 0.5117494012354338 0.49369125185195406 0.4712639996978799 0.42570578363034056 0.4121699518319664 0.4118211571410976 0.44759862686758445 0.43268892540700277 0.44168388296740196 0.44608405017542385 0.4101427771969135 0.43189000878284456 0.4050379700929499 0.35170189889356424 0.34142025972815065 0.3203847267571461 0.3300448923518016 0.31091181977679255 0.34476637671337584 0.3515268886900416 0.3167374528351792 0.30637429770220365 0.2954474792774397
0.41468413055082065 0.3957165858054695 0.4120962436950068 0.40616337744719216 0.3921646608012498 0.41188281370589064 0.4610827387575956 0.4755756196788084 0.45790351962899506 0.4616443127948931 0.4989730668921837 0.48824619837956645 0.5236671424173125 0.5806344798070437 0.587788666962693 0.6136516112527134 0.6062214141559182 0.5649497453447263 0.5320533605369918 0.5090693222627611 0.49678171987892855 0.47982472533291093 0.42484013678833177 0.41311356132441096 0.4045399543028847 0.4274257752789166 0.44201647506461356 0.4140787697552923 0.4332003201841968 0.4316213183661312 0.4043148135694132 0.4330374146587467 0.3941511290756313 0.39775863318077875 0.3297113155619247 0.3172068851190273 0.3138455539059619 0.3157921759407448 0.29620632601094404 0.3157461251266065 0.3339898800593 0.3189945521203484 0.31281057699707715
0.40330875867314864 0.42048096539742535 0.4124461836177452 0.40002783618852694 0.4163288672489976 0.41070807254984876 0.4201504646171216 0.4135882361588649 0.4536734542187494 0.45099052872701084 0.4532579758175883 0.5110048921308544 0.5171018804606798 0.5365522339711816 0.5745790689691964 0.6112115755587438 0.5946461166673633 0.5541136474110121 0.5004912443288162 0.5028285497050552 0.47624511915254664 0.43867271341111874 0.40506786363253106 0.40241808560204717 0.4052888008792305 0.372319627232983 0.38580550658599483 0.3911877519030258 0.39012661728401465 0.4019404094694867 0.4376477296837235 0.41465313342805427 0.39655280359869477 0.3647507196452204 0.3653299726129211 0.35372098765482235 0.36474375080369786 0.3510806770424397 0.2872427350410476 0.2652548695433364 0.303714189605084 0.27954661155560234 0.29012518544992155
0.4019082539639244 0.39482847358501755 0.41339111499631714 0.4147066256568081 0.40855990504549194 0.44104497362910705 0.4318155960139964 0.38932799928331663 0.4338326191785587 0.47249592108572036 0.4452534083649511 0.4804291102371341 0.4908779861813402 0.5011090997195207 0.5462648877299232 0.5917505744451518 0.5510115218938435 0.521756067488245 0.47194369909666195 0.4589939835550892 0.459215696332272 0.41532497881855823 0.4136010032635719 0.3937949384522547 0.38073083736110436 0.36487619325969645 0.3584967036039803 0.3977023466694873 0.40946168561538493 0.4196909398843171 0.4408812195712694 0.48588258651084093 0.42328455346082833 0.37104504058017845 0.36729188751532504 0.3886190839749444 0.3767869839108754 0.33756239768706325 0.27434805620430536 0.2424008139973282 0.2898022165130303 0.275061882626788 0.2969301249850623
0.40714950285877627 0.4053256904056616 0.4363712651459333 0.4312194393403988 0.41091766209863695 0.4563106887506283 0.4345351165910447 0.4220206108545907 0.4276704463162031 0.4444437014647813 0.4788719930123936 0.46361160356880343 0.47130003558055267 0.5059823857296671 0.5213492012791892 0.5591612938743854 0.5247107162549722 0.5031179400107118 0.5078878723875061 0.48242491323166237 0.40799387972011875 0.38079068512458264 0.41618382720488656 0.41062166622865387 0.3905451914144219 0.39149190898814773 0.3768471227995263 0.39572736080619314 0.3808652004228023 0.3883685519385004 0.42250679882265463 0.43878307245631826 0.40017476164664634 0.3997269808716574 0.3965238613543588 0.3680175492845627 0.3521321222593954 0.31012967985848294 0.306376221455567 0.2678669866608821 0.27261197432277945 0.30437304256373027 0.2951662731850082
0.425358071710063 0.44679589259758523 0.4712893444290245 0.43075775185946924 0.4613074955188585 0.4485599171020195 0.41777409752355477 0.37950338381205573 0.39271429088727594 0.4273934411646193 0.47377844429867905 0.5067682366897234 0.5202728807890689 0.5002561961254439 0.503326556835601 0.5408739237337679 0.547581738584317 0.5394105526351437 0.48207471161412724 0.47549502949638583 0.4325186062717772 0.3740110753785612 0.40895422433667467 0.3859177614528449 0.3862858931419162 0.3772844820724146 0.3558393212629244 0.37782674473030375 0.34886911558362 0.3565709522093136 0.36805352007205355 0.351000139210879 0.34032943621985756 0.3851140825000987 0.37248676246707696 0.37780593515699956 0.3175003043794599 0.2996659031686145 0.28182507108202887 0.26080696094350697 0.3007030714453917 0.2950150352605901 0.28311524911176766
