Raster_benchmarking/continuous/raster-69.asc
NCOLS 100
NROWS 100
XLLCORNER 1743160.2045297194
YLLCORNER 5469278.232022848
CELLSIZE 10
NODATA_VALUE -9999
[rows 57 to 75 of 100, columns 0 to 42 of 100]
0.5664867040046637 0.5828608671006856 0.5756620733688153 0.5870498053342725 0.5949776462656013 0.5908705710110193 0.5772358636502611 0.5707501520465018 0.5144094563530639 0.5182237543557157 0.5037797353590234 0.4897399868311441 0.5066742366842247 0.48991806044029557 0.4654338006569072 0.42575749064120105 0.44307858584776394 0.4152659912513772 0.3725550975525289 0.41191018720468825 0.4111271999577163 0.41696402093757196 0.4117068032622557 0.4416280501043297 0.432695549413983 0.4314770469065188 0.42806899118078795 0.44967038590800557 0.4285594340124578 0.42345282486848035 0.41302092918647143 0.4039665785314075 0.39821972601767364 0.39760053815653545 0.39816045292026325 0.40381934810686193 0.40726734521983476 0.3929085018895118 0.3903553190548889 0.4241474352614831 0.4537587822178327 0.46294244713217675 0.430405001274917
0.5790905818916016 0.5771146220159202 0.5668812283924036 0.6110956100670693 0.5965526941240786 0.5983077377999118 0.5801477180945755 0.5786581214751448 0.5574709725216842 0.540163357060982 0.535656376902228 0.5150197760599056 0.5146461111871705 0.4933748628645148 0.4555788010919306 0.4326473461108788 0.40797407129346586 0.4190780657310574 0.4107206603524257 0.39566232290635384 0.40231954307153966 0.4047332687083946 0.4162728933567579 0.41404138450226546 0.44412040541863496 0.4435778766171447 0.44310430025402653 0.44150139341877354 0.43952133333525034 0.4324995146803292 0.4330764562669034 0.4260489866937818 0.4157691835203664 0.43148202837933486 0.41217101473684364 0.3900464913533285 0.4154713462887203 0.4165516658492856 0.423731808537885 0.4269161081900468 0.43278285172387604 0.444273781625865 0.41815880366926295
0.5722078056659632 0.5705478407538096 0.5681345438083532 0.5859512382636823 0.6297825765741297 0.6115504645081947 0.5946881638213105 0.5733301549109839 0.5506448659206656 0.560225649787543 0.5440668117388487 0.5147477670119165 0.5169450316588962 0.47559109490416307 0.44939127134879436 0.4150660447441189 0.4098425200871508 0.41253541067069455 0.4037030379198917 0.4038947530580113 0.372061303174212 0.3879131007727635 0.4251014153504506 0.43212824911282377 0.461715090415645 0.4443380396157443 0.4478960436500113 0.4182141938512852 0.42997332973883134 0.45947400974110736 0.4610872204159269 0.44669022332136776 0.4675980135852339 0.44946802730680613 0.4259843167554171 0.416521368117796 0.3967088378855958 0.3949706110835601 0.41509586543478594 0.437468953229293 0.4191790397333604 0.4276834613536341 0.4073394909648938
0.5791883403935232 0.5598738773686471 0.5746233952829689 0.6085116488643569 0.6098721764349384 0.6326882972818568 0.6096124068821676 0.60258675127535 0.5936308331369918 0.5529944915834473 0.5390175638749837 0.5325451811740071 0.521561582817217 0.48226376795019027 0.4380356530728717 0.43495120017403005 0.4248524268911736 0.410995499426086 0.38004035935069636 0.3662032292366817 0.3736350110846015 0.4078000111516565 0.4332473230694255 0.42547153445489416 0.45286803333392367 0.4406731987937709 0.46076288923807696 0.4268615481247234 0.4193352390784403 0.4375566755717204 0.4391586626476703 0.4648869576475265 0.44053419249877757 0.43450229961098263 0.42560829383686916 0.39310866860813265 0.38548740542085497 0.3887215042732327 0.4008559161352205 0.41801973477466253 0.4076360798025007 0.417891474687031 0.389564687806436
0.5704466762090921 0.5615693482210561 0.5999994048341977 0.5889880981098048 0.6210397374284683 0.6269234725259355 0.6194430605058207 0.589530003306723 0.5900861775292566 0.5496538502363625 0.5533674727213244 0.5190322248036258 0.5123995086422567 0.47930955159566113 0.4353041186007505 0.4061230789825171 0.3823535819878415 0.39643316815771273 0.3703138784827851 0.38730076730937263 0.39070390737140726 0.4373578097584222 0.4483994020380432 0.416548667756632 0.42178372259599856 0.4252749103642606 0.46371673903811494 0.42240397142643216 0.4356002357763062 0.4506694837434453 0.43007059593881647 0.4385475146358205 0.44229866653802796 0.4210117168984182 0.39578176674910537 0.3766225445820105 0.3404772378947169 0.3731740358539602 0.3501685907691161 0.39813699721992074 0.407429215778804 0.3925527372817811 0.3865509336065537
0.5687815628172339 0.5864295008827517 0.5749529553796667 0.590589195329534 0.5964920694733573 0.6345253979334776 0.6343309161057958 0.6047345356158632 0.5776905348797576 0.553221632067664 0.5442418931686642 0.5228572503550347 0.5222837645279574 0.49081832664768066 0.4281717838159821 0.40904551341398987 0.39251219298272566 0.38688947143384983 0.3853197251526404 0.37855216132874064 0.40718166079193524 0.4333723180357989 0.4368760349110762 0.4516314264660929 0.42643610775309326 0.452234191585448 0.44524975843601783 0.4446189849276124 0.45413971923673624 0.4398525648781197 0.44292129228068255 0.4473346077305038 0.4206064996300396 0.39249948982232813 0.3851873629761041 0.3633709105888228 0.3271097438315085 0.3332567835359329 0.3480363474838075 0.36374387456017676 0.3958433760701978 0.4045042814646423 0.4130700841114941
0.5645147358538651 0.5695657866680796 0.5902669773050269 0.6045639934056005 0.6027891207516088 0.6229185958120456 0.6167354722476893 0.5869181612205844 0.5610709087603241 0.5284190346854308 0.5301639393111841 0.5205262095465895 0.5053230342545352 0.4979847320801365 0.43486801080627513 0.4194646545853044 0.40487363175254215 0.38288276799007676 0.37906898322979904 0.3844740392384701 0.43059920601896856 0.4463516194626129 0.46633253850945977 0.4440600757859936 0.4067278862513224 0.42624721102569413 0.44477939295735713 0.4519355369102287 0.5062846248547184 0.4721227041601909 0.4594772945053969 0.44816741763217843 0.41427562652363775 0.38079981625191034 0.38859712884846465 0.35917960494175727 0.3208473650741984 0.34727943435909875 0.3552583561546653 0.3812547748458566 0.35318252394057703 0.3747171217153017 0.4075404129190817
0.5894303060636198 0.5946552302014102 0.5776056958571784 0.5867586475540528 0.5900381441392775 0.5913125683075668 0.5777457360796852 0.5995492103445248 0.5800454169802388 0.5376793493219317 0.5173813774783355 0.5090556024239706 0.5006032968071281 0.4901882447516283 0.44912479154776186 0.4439108285319142 0.43571982346584576 0.426939810396169 0.4254303849977129 0.4279189646017407 0.42694235253365154 0.4530608019764536 0.4588378654291885 0.4544563546621443 0.45101426022435537 0.41524186269697466 0.43633225898409644 0.44084078280311073 0.44339973991565707 0.4648489838431152 0.4387370728396635 0.4495931177182762 0.4033179772229245 0.3936624953419092 0.39176440482515557 0.36896182927638216 0.34168429723593197 0.34124659174192207 0.34767761203607817 0.37901978334680064 0.39214313427533554 0.40044434302966264 0.4003549530424963
0.5654900377245191 0.6012840950995846 0.6024234803440744 0.598267434391902 0.6012204992390064 0.5807281542445958 0.5728045096158165 0.5994324439366538 0.5728887726211774 0.5506419483597237 0.5315268782248793 0.5087986212784391 0.48344407928316185 0.5000125228275097 0.4838752700689554 0.496745217775198 0.4732639394481779 0.46957947822705803 0.42572442982131675 0.43702445757686165 0.4247884292709663 0.46122965156808726 0.46504776063585795 0.45762835728339624 0.44987203792890423 0.4422574537219993 0.42205246981761296 0.4305435633064817 0.42926235856334166 0.43212714110216516 0.45527666566038844 0.43942196462201677 0.4289706878396089 0.40110375497294887 0.4098379675586406 0.4104458371583605 0.3952942994953347 0.3893020024193989 0.3626302621813479 0.38666484311195476 0.3939005605675409 0.40106641934445786 0.38275544439456055
0.6091488430751263 0.5754511548672662 0.5903761929854004 0.6061662964252869 0.5943756565460125 0.5864051787548326 0.6024089017596179 0.579000514728593 0.5828606095411643 0.558647196891305 0.5557854466780725 0.5394302036558908 0.5270310709718639 0.48630831202815733 0.48317044499633627 0.5125390090454194 0.4783757448652846 0.47224310738292197 0.45480489932815193 0.43189590469971256 0.4381351869369217 0.44287405464457014 0.47495544498897263 0.46085142039726495 0.46387413662729043 0.45672252985783185 0.44384977670290987 0.4259657408026362 0.442357930329447 0.43746366773492945 0.4359231494550952 0.46028509386112765 0.43155965318897704 0.40778062559908856 0.39002239797876764 0.38912175259187143 0.3979412129535437 0.39345189177542444 0.39300417022195416 0.3970917097100563 0.39837676762709784 0.39963127292762174 0.39675219902830644
0.6116748607151014 0.6078653589847167 0.5779065461329329 0.6155426358105992 0.6292092839578791 0.6103056548597067 0.6008820753220039 0.565193342582958 0.5526989909845291 0.5622301785629961 0.5423107655744795 0.5555878205247493 0.5228262601445203 0.5102190229516231 0.5197485107155838 0.5008781026817588 0.5001455942837786 0.47752913314893775 0.4644992356086639 0.46917257645954863 0.43036672036295937 0.4611938444093718 0.491915159290737 0.4576185511528345 0.4574258066796124 0.4660114817414868 0.4196281065117649 0.4520626890007434 0.4529604815724165 0.4508246996541824 0.4647367224876829 0.4390947130301855 0.44832312471131075 0.4084223917322826 0.4207040711343755 0.3940806663073924 0.3711309786795754 0.3707862069938832 0.3824993687461237 0.39693918619977836 0.38710395784402507 0.3837059936014544 0.37643850483612634
0.6412044138886477 0.6149720818652222 0.5852183828415597 0.5935250885049078 0.5848734886586273 0.5822904695692884 0.5757900488946801 0.5857984627629613 0.5599406671428934 0.5434777020858756 0.5583351596091664 0.5667640679693634 0.5678714096182216 0.5453568832585095 0.527242724753323 0.5223568816611753 0.5077354054918992 0.518299314408907 0.5146459531486892 0.48020854433746707 0.4592871605962992 0.48080937168782734 0.4995585771053244 0.473188892279083 0.4506390444587981 0.4491107529902442 0.4297242688102864 0.44974650737259697 0.44385886628528864 0.4572227514583095 0.4380218041789421 0.4535060572245133 0.44142930999799546 0.4146425279826756 0.4197626038473927 0.40111602828721704 0.3700570284109876 0.36590446153840844 0.3839777346395987 0.4027866729058258 0.4097410225872512 0.38820973586197716 0.40870919217805624
0.6225462292952005 0.5876514428642585 0.6000697875669541 0.5953630920336876 0.5840579600862513 0.5671985643060311 0.5591100975145704 0.5520189605183947 0.5617861796274143 0.5629754120969556 0.5889284952511729 0.5832548096130219 0.5669865426577345 0.5884831008897807 0.5935047246254348 0.5822648721930798 0.5533327212038103 0.5624256411805396 0.5358036015786132 0.5299186750663023 0.48254548031828387 0.4811652149320715 0.4825757490908628 0.4936850636500142 0.4611647511327252 0.45731398476527857 0.4772001132014004 0.4546189063904898 0.46767607162754876 0.4339133162145715 0.42814742633210817 0.43214585824673835 0.421861759070905 0.39836369665372895 0.40030580708891994 0.3853395575725812 0.33926905118647005 0.3660010526410809 0.3880936992021998 0.40032377964120675 0.4128586374580014 0.4110648742882113 0.4097386286971005
0.6245929002217431 0.592687463295135 0.5766277361947543 0.580272132666891 0.5746734527373627 0.5991495208752203 0.5884760010914271 0.5581168232099124 0.572544614915916 0.5930291437851795 0.6083726600406918 0.5982527806583926 0.6179945049882767 0.6336084119627574 0.6191432214720513 0.5997939336331661 0.6007191026644241 0.5866128467592443 0.5512462060827179 0.5479113508855001 0.5351704086375032 0.5361192839871575 0.5407020998269599 0.5204011775098487 0.4977799005243413 0.46492506982499204 0.4645240182439844 0.484813202721774 0.4673037729899604 0.46120960014465595 0.45915286675110073 0.42228876073184113 0.43613548130784846 0.4203491166867965 0.4029094791043614 0.37638869594039964 0.3699348815694981 0.3726911948222227 0.40844108815169516 0.4144024748298832 0.3940773392303578 0.38821367945833424 0.39738842052691137
0.6178303179568411 0.5870120424724068 0.5826104985951909 0.608143394366562 0.5784405522639535 0.5927435698882846 0.599723890269167 0.5997587035475047 0.5708197849268589 0.5857613452093006 0.6274166780758301 0.6342573803358038 0.6438450036507133 0.631018419084593 0.6519188557994848 0.6173607204205094 0.6358165547484581 0.5989631883451894 0.5642558030534931 0.5658869768189592 0.562370002812872 0.5400594271671343 0.5467013308766455 0.5331181133475934 0.5208829392944809 0.4881121989195962 0.4526695376733507 0.4659377552445653 0.46214327638383607 0.4352961289673384 0.44869643903703094 0.4514345874557623 0.42951412413317386 0.40097558606742506 0.4160244240523809 0.3768232541826852 0.31932860948615394 0.38038108621899236 0.4030343727375414 0.3912066508174812 0.4020841941266349 0.40187430669739227 0.3639443587051181
0.6441464422344186 0.6133459151353701 0.5942926875303137 0.6172541828649818 0.6235139795588908 0.6219325421719435 0.63435567334888 0.600230862306779 0.5966739361313268 0.5981141977877756 0.6334629297818465 0.6294320047739438 0.6511600897501975 0.6576626158946927 0.6386259171533231 0.6178323660028572 0.6178374782821611 0.5969917951895652 0.5899069769636428 0.5660222713107086 0.5469483892352641 0.5386864029310954 0.5393792935143542 0.5316249108825614 0.4901702831504469 0.4757499307280728 0.45274429787478343 0.46294494345989323 0.4634242563171372 0.43997297809226854 0.425167116097136 0.44051699217989454 0.4233728656365188 0.3877127898076318 0.3771305633785487 0.3748228286241202 0.35054428672613375 0.3700406771244217 0.36640982453996457 0.37741579454743723 0.3667402638058573 0.3768311651980753 0.34462758073264743
0.690975552674636 0.6705095534118064 0.6426980178818593 0.6452727000411976 0.6182447612835362 0.6503263923246914 0.6477364359480378 0.6304600898603441 0.6555663367832171 0.6384114384362619 0.6193260767731086 0.6151353898360907 0.6454489398672791 0.6435880490429281 0.6271521491951471 0.6098484458576653 0.6207270741133305 0.5952678258102365 0.5906752785887213 0.5794301904998047 0.545921803814953 0.547322445810804 0.5479256436963167 0.5028057299103784 0.5007285918257472 0.48807033866221056 0.47140163373524496 0.4740357165923558 0.4708582113917708 0.458192084206553 0.4418081221163702 0.4063157545709048 0.38537246414824994 0.3760442776245952 0.4008606386333953 0.38021152150025095 0.3585570555875695 0.3621886546057964 0.37904902160413895 0.35826499119980343 0.3635921807718556 0.38605273735769036 0.37405602858040754
0.6942057362648235 0.6744430527095805 0.6878145978428907 0.6688480763747221 0.6646648751430796 0.6416967936580575 0.6476213728888879 0.6638826621538886 0.6695485275563406 0.6453549356429047 0.6077996133901833 0.6289095515303214 0.6180659104180882 0.6306490834498982 0.6488920565526595 0.6391062416075955 0.6055001227328717 0.6082613574465208 0.579000414716178 0.5644246326244801 0.5656061692691242 0.5538133793579394 0.5164142767775886 0.496906525648262 0.4861890340736283 0.4528642117335534 0.4707506844735628 0.44860934850934153 0.4602891454427539 0.43945255120296545 0.4123838291975321 0.40989351566473203 0.38610903025532506 0.3830179726588296 0.3681190676010068 0.39092986780830946 0.3927893972659598 0.3719014066563435 0.35789854443223834 0.3685673020766835 0.367777412551046 0.3619596190927723 0.3769395760544464
0.7225618768381985 0.7136370625082469 0.7024473752283112 0.6970482774341487 0.6640430488341509 0.6506225934423402 0.6787541092682969 0.6614735267515564 0.6591246382635992 0.6245058137275941 0.612621010394812 0.6156221093041078 0.6200906235756352 0.6355342256266207 0.6181712734307732 0.6283386909718073 0.6160684210955085 0.613589727782511 0.6072779627485414 0.5608585275380867 0.5481613111892089 0.5181352489434783 0.5033164571133488 0.47630302986841105 0.43877511632467675 0.4559602252183763 0.4452445995062844 0.44766879965434897 0.43028433261215415 0.4537970938659707 0.41962459266056806 0.4167501564676213 0.4052547696333472 0.40685457967872674 0.3776529992531974 0.40580169467436217 0.4177291724708157 0.37354178947230904 0.3827249211396321 0.3696600805546819 0.36550616504115446 0.37026414694119286 0.3755643657856785
