Raster_benchmarking/continuous/raster-471.asc
NCOLS 100
NROWS 100
XLLCORNER 1743156.7641183666
YLLCORNER 5469289.035039834
CELLSIZE 10
NODATA_VALUE -9999
[rows 19 to 37 of 100, columns 43 to 85 of 100]
0.25988621087578834 0.30267852075294194 0.33102951705539907 0.31019631974533635 0.2896354669447718 0.25910206593500973 0.27119451602159217 0.2644487765835345 0.23190771356862755 0.22114704012559286 0.2391462952270393 0.23961964370337005 0.29578294620029666 0.2775258718120911 0.24199530852382087 0.22814104402821578 0.2459821303977896 0.25395697046406013 0.2946218349341243 0.271178170896639 0.30784661873917485 0.3511136159628461 0.36630790159378984 0.4235041162128531 0.44812351228996855 0.46609206923684643 0.4724596275014745 0.4735105730456838 0.5257113145734857 0.5649740211933187 0.6336096600466533 0.6307032496933062 0.6008762556728612 0.571439787763457 0.5723345458676579 0.6037061930314487 0.6456913948903129 0.6187122168911809 0.6426017382181414 0.645065136651882 0.5984496140637868 0.5947134862252437 0.5915555448652046
0.2917234081595177 0.3238234247597062 0.30634685562088343 0.31307087211295287 0.2800259754338039 0.2734081032117109 0.2579295155614274 0.2735539267002877 0.2689648179055852 0.234936733556189 0.2229404030377398 0.24052199893013368 0.25353873406183686 0.26305519152950063 0.206185272556193 0.21516537132945693 0.2010232709477431 0.22700881734274203 0.2479311084933428 0.2738507776359421 0.32802874604132914 0.3460471464646955 0.3698919107296884 0.4287492877304985 0.4496126255313224 0.4683067464444215 0.4486941163117049 0.4788376926683807 0.5421983507362674 0.5818371770905103 0.6042132180523979 0.6073043508619976 0.5523309121666323 0.5554918560657691 0.5890814580156764 0.5758014041615153 0.5815327882391939 0.6395721761325597 0.6122177939896992 0.6309066321628376 0.6230311320243647 0.6194125553798004 0.5888584159193258
0.33482188637218546 0.32116381888598516 0.3005428147148217 0.3145530912281441 0.28740518979021107 0.29922436670672437 0.26686968737350025 0.2783120848708429 0.2274321542572068 0.2242450061827706 0.2700639204668894 0.24177290449694305 0.25651131877669486 0.22469004126182554 0.20541949376607163 0.20353833181734193 0.20533322600702192 0.22927369076330817 0.26812628857696913 0.2701524205841378 0.306493567127151 0.38360263009714635 0.402031039295583 0.424185604606214 0.4102436255028903 0.4315486068205533 0.46690237547428376 0.5012325296863874 0.50586140896789 0.5399417880595816 0.5737383372737949 0.545626530745878 0.5524031621955791 0.5263187771712758 0.5651738048960119 0.5779140751199578 0.5509058337480793 0.5819313153025257 0.6384662206779671 0.6185148766648942 0.6692138345073567 0.6608151846203876 0.5918544457793568
0.32113239391657794 0.3029459393695651 0.3027298330151376 0.2543531539746115 0.2622333716841563 0.2707127346817574 0.2608343329620762 0.24322400003574382 0.22756725903762348 0.23549717689519195 0.2673123284087875 0.2741146803324858 0.24643134737541605 0.2368831673071634 0.21158569997032264 0.20811222726683387 0.22897539372840803 0.2657248153322641 0.27601571014320186 0.31623003161771346 0.3509824167959325 0.3719385599488831 0.37119195105107056 0.3819214120913496 0.3949413438862144 0.43355487275204446 0.49070050551061256 0.48855975158143544 0.514012807606262 0.4964973747761449 0.4868117871923683 0.502257442759837 0.5163824500551998 0.5063408200125725 0.5386049140890964 0.5239930555240734 0.5321331097262584 0.5982929944015467 0.6151787287792331 0.6336855644349262 0.670930383664313 0.6586514321165436 0.6295602836699925
0.2889017407964301 0.2718750204963962 0.2508815484453569 0.23115519816764266 0.2213448203736896 0.22771141043095527 0.21896806185288245 0.2431382512999413 0.2746392708940405 0.2695346576750483 0.23350409670983696 0.24500646818697552 0.22891846504105623 0.2093591018614126 0.1853669046531791 0.23533445967876188 0.26009917119592213 0.27851329021046967 0.28213109348909704 0.322089633153965 0.31234219510231065 0.36189299677696085 0.3844451412663033 0.368137811914206 0.38225232368535805 0.42337812465597296 0.4639473025381505 0.43913571428913256 0.4721126295563243 0.4818755527934678 0.45644430513615325 0.4996383799628151 0.4846531476411071 0.5016802575452567 0.5295883736454545 0.5679625678368381 0.5522669949514826 0.5880748442883453 0.6306237519996265 0.6346542919908428 0.6789690857639438 0.6720348575306171 0.6502604189248231
0.2906797531237044 0.28108147503372855 0.2653181518404078 0.257576212480866 0.2634970875413854 0.2686391772039469 0.23236883668321423 0.2658552358148603 0.26778192626892117 0.28500923294135866 0.25922336883369695 0.25328832171456056 0.24255364179561156 0.21882360835951745 0.21826368669432275 0.2771674268142713 0.2881955518161812 0.2747826362992226 0.29525195501196083 0.28849340778857463 0.30750263314760656 0.33726743824361793 0.3780228881035612 0.39848948849207577 0.40853560843572095 0.3933547343854544 0.4063806644259219 0.4069810407147871 0.4301247565164105 0.423114603885113 0.4317605885897994 0.5069177505527234 0.5059306897000333 0.514871118273958 0.5429325767498946 0.5638942882099967 0.5432593145674318 0.5734617385942673 0.6135644345170677 0.6364550267296704 0.6525440892003761 0.6777681028388689 0.6553326984121896
0.2812709910264957 0.26351847160499636 0.2412683437781999 0.22919066128504378 0.25848168412521766 0.2706021520442857 0.2827153917524843 0.29514507314189586 0.28617981801851844 0.2629410678075766 0.2548049120621954 0.2822934000792324 0.25549178632812675 0.26893111010482246 0.293129929234505 0.30093167522506503 0.30878848257120495 0.2878844521682235 0.2986252462010479 0.33327067889133394 0.3199087034726892 0.3311883643251693 0.39706471117837555 0.3903277051359736 0.3694077087000807 0.40839988594021526 0.4096843907054965 0.40806355063188626 0.38612794873123846 0.4346458842514219 0.4488209980324047 0.4836581159260566 0.5315516237106799 0.5232463186107558 0.5092778474813686 0.5660958220644834 0.5601306048841771 0.5674423680994549 0.5865705280923704 0.6542031105609656 0.6732100054143026 0.6732368818388763 0.6663888311430499
0.3143049193694889 0.2826192274796791 0.22948066101859885 0.25071726715032644 0.25562883990390606 0.27985518133958465 0.2729456231411077 0.2716835407539817 0.3064690561385375 0.31192160628882126 0.29099033650098316 0.2973669233857871 0.29535356892319503 0.2636990275282391 0.26398323312117633 0.27002686803411863 0.3074598599723159 0.31124634925078687 0.3026590252109791 0.3467119482689785 0.3666558789221955 0.35004941049518945 0.3671769633142331 0.41020857425099233 0.4117183282233748 0.36557156244761085 0.4023554372982019 0.4112391428167137 0.4307473163130835 0.42339126030433605 0.41930272205519287 0.47594456764103377 0.5008106709932232 0.537447613893287 0.5114215187505108 0.5546812467244354 0.6001391898846056 0.6117583343134375 0.5878853571343035 0.6442456734836529 0.6276221478719044 0.6501305906184572 0.6526187238884994
0.3335327042932698 0.26619783607312003 0.24879503327671032 0.2526645752202823 0.25879934373621655 0.2518025826123 0.2752040709420378 0.29450722816532177 0.3062707627092384 0.3250029491047774 0.340955002994989 0.3513126602823066 0.3134163538635907 0.31825655058443375 0.2771830822119226 0.2943972018221642 0.2560113667506132 0.29827498878826975 0.31710823517491704 0.3627142659948497 0.35448314004594267 0.38454793328090375 0.39651684355678757 0.4177630361510548 0.3958389857661784 0.4013703353725726 0.3766260620686645 0.3879086447508039 0.40295259798998306 0.40491259273298186 0.42875001366325405 0.4651145840214607 0.5093331311540715 0.4909866918173078 0.5264795124934001 0.533631643509438 0.573746176072624 0.5855986389422625 0.6176092725516155 0.5775874618656034 0.592170111253018 0.6023347010397944 0.6157582881189544
0.3235812648808649 0.28498554672279064 0.283938134321299 0.24822281077980232 0.2781338684191063 0.28893279393109683 0.29640390592804755 0.29639641433735137 0.3272793046682014 0.35430112996417984 0.35343387222091427 0.3796646121618152 0.3430495288292601 0.356136871708145 0.3287547062576401 0.32207932774054776 0.3113449893925769 0.3308205898298314 0.3689139318681447 0.3799340757935033 0.3593414501499871 0.3972620085163243 0.40389864845368073 0.38872715284347253 0.4142776700982191 0.42481158503330974 0.39254346317806676 0.4293353780134496 0.41949037056209 0.4265128648431913 0.46398864270842494 0.4731128523902233 0.47960106494996063 0.4851305718583914 0.5182904059306535 0.5376359409119384 0.5705656505274154 0.5431995125732684 0.5866075623494311 0.554334363217477 0.5419024702276822 0.5760426853941932 0.6121126950532583
0.30950122426467125 0.2734193800574214 0.25575327870431064 0.26832691610824655 0.2611384996507301 0.3098724799692044 0.2815610431080929 0.288581734117091 0.3075793954651339 0.3684425089987943 0.3862511953062752 0.39439295696533994 0.38331074735249 0.3934400382143476 0.3698491678020603 0.3073229430643173 0.2988114212384609 0.3238625338141874 0.372009798621217 0.3932817002030048 0.39577770179648325 0.41246825632931133 0.3892110541172839 0.3588585788119433 0.3834310797610576 0.4293482014002892 0.4412770680842422 0.4291608934126386 0.4529797432345257 0.4749529045201154 0.4833755352434898 0.48589263714111514 0.4653793904555401 0.5262060609480115 0.533032305512054 0.5491419469387082 0.5285077816243106 0.5423900939175145 0.5322560556730807 0.5441405417585833 0.5508198522267099 0.5469829532048625 0.5713640149731165
0.331635827488473 0.3434149679905459 0.3392801627747377 0.3102168823150501 0.30414054528265416 0.30575924739423216 0.30633154726216527 0.32165984302159595 0.30759703482056877 0.33479688514040884 0.3659773129597719 0.3845658240973317 0.35464891248013225 0.3663811940813883 0.3738477518987558 0.3451620252657419 0.350040705115029 0.35613692815578263 0.37931006853372 0.36251372449507147 0.38422132498118733 0.4017859568335535 0.3718009557774498 0.3533641677100728 0.3793251575983062 0.4306075850805189 0.4620436204194416 0.4785641109034078 0.4897083490854415 0.4877179978976163 0.5033641588534633 0.48066149098437183 0.5232734808644282 0.5205054164958064 0.516288959176702 0.5578485933431102 0.5476739736830111 0.5665843950568299 0.5556599082342928 0.5654071619015109 0.5452411205710656 0.5696726148535606 0.5786440166054212
0.38097141386640815 0.3417167654096936 0.3520243134407895 0.31607036238082353 0.31579946316069724 0.3212317754250999 0.32289696937290563 0.34138575403167964 0.32697421020186346 0.37028143216724746 0.3944383752758353 0.39233970316326955 0.3728943709821204 0.37438994820763327 0.3423415146456485 0.3439422921986411 0.37889123665236646 0.3761680416790328 0.3488043250137424 0.38885066167975074 0.3931429002519086 0.3676551775865841 0.35147481887939563 0.365664128455232 0.38577199776294047 0.44836399417052725 0.4602546246315528 0.4771516532084078 0.5244985061261738 0.5083199284663071 0.5197722081105065 0.5329312650056567 0.5221533472428868 0.4966671246993194 0.4701339867947906 0.5627579218752996 0.5908881303953112 0.5727346955767323 0.5818354794697572 0.5545845943846608 0.5858136414525863 0.5540934823689568 0.5473872830624229
0.3792005352260722 0.3487015955089942 0.3771266328103461 0.34797997538008224 0.3527285740277594 0.3230932615748522 0.3359915314545691 0.3396917369779884 0.3902994590956727 0.4152116537770418 0.42796202479758305 0.392062386298461 0.3596340903296158 0.3431962572023845 0.3521467346679812 0.35343853622341803 0.40193629757154875 0.37430212354547926 0.4033096307658119 0.39873111808419115 0.40816224539991397 0.37709338750625265 0.36247017562213485 0.3970047122269342 0.418482237407126 0.4335029690736421 0.48637669827439034 0.4919451537664468 0.5183244343835912 0.5349344300710523 0.502393302003474 0.5407799880472296 0.5305714577975444 0.5023020533490518 0.5040859668697879 0.5334467332875696 0.6070504491388868 0.5963345694075717 0.5842332492972485 0.5845011450492681 0.6005238641540334 0.5843846648678701 0.6157467434894383
0.37797168820263133 0.39554973635686413 0.3907221330641985 0.37330044220289743 0.3949526060151732 0.35061814504068645 0.36545390096922575 0.40316161224855523 0.43561778163357046 0.44126035814822584 0.4285071189097528 0.3962756101973563 0.4048338868213344 0.3765275312261875 0.33325178002099204 0.3461522759274076 0.40909926339142705 0.38680813659915414 0.4221706715645154 0.3842807230177021 0.38764606254454004 0.4045748760107142 0.3812971313165445 0.3924302772915097 0.4560299941233329 0.4248181489439413 0.4637589188966132 0.4544528400289632 0.5102928722693961 0.50456616229768 0.5087329397874771 0.5067909415515399 0.5022539455222494 0.5106302834893048 0.5167454577715959 0.5360810011563031 0.6006063555505804 0.6049540601188274 0.6303256415517279 0.610056398279844 0.6348380429063111 0.6127789173866508 0.6374744886005527
0.43599133665653267 0.42739265559024814 0.42711016050732387 0.44637557896750246 0.41063103056467354 0.4087394970671711 0.43252660308739355 0.44207211175400407 0.42220115196589997 0.44908442805378535 0.43865924185590793 0.4061165742531546 0.41239101987512927 0.3926368638748059 0.3709329249285222 0.34957332561298826 0.3724151115141744 0.4158414819364343 0.42425685272509744 0.4005407391333381 0.4153741081629763 0.37789507623248747 0.38225424824042004 0.4322195190428064 0.4288398988146537 0.42613637731878873 0.4574930765534526 0.4399324282692988 0.4460534694036936 0.5075371980620448 0.5107582509930928 0.5210365033025234 0.521745429229322 0.5348288813812831 0.5697029843816823 0.5718209426355313 0.5910625167649561 0.6204549944711276 0.6022465204014811 0.6180349498927675 0.649196571324405 0.6714985229637934 0.688358547095158
0.4477405090676425 0.48827755760475805 0.5079513810199824 0.47073163679638136 0.42844369848654695 0.44633360170822 0.4530966528079728 0.4560070454151401 0.431300098687837 0.4423388148825523 0.47294485186158 0.4243422658645335 0.39639740807718593 0.4079375529717889 0.35824391644874476 0.39428950723498474 0.38646622483718684 0.4087450244596619 0.4458824716978593 0.40352172251675367 0.43818236220509743 0.39797090638635285 0.40900069029050695 0.4113807393935058 0.43626768751145334 0.4155815525476016 0.45538135802233715 0.44070504212657163 0.43236766972714735 0.44993261821176256 0.4838540098910999 0.5247625040902432 0.5230067418451286 0.5804473164739342 0.5928724111390621 0.5781398992409631 0.5706472016362677 0.5977164411534205 0.5992430591487945 0.648256259119546 0.6723963718625979 0.6483266971645752 0.6873475616182605
0.4943964872469621 0.4645341232089654 0.4828981337493495 0.48196531850396784 0.4448881333362207 0.4939734164363918 0.48417501445044037 0.473327439665713 0.48601524005694813 0.49140759752380386 0.4865898150282546 0.4315057393871989 0.4528799185613404 0.43261528762177726 0.41442775013777583 0.3970466453021358 0.3738660904666221 0.3664631974619701 0.4262258237718907 0.43651869442415914 0.4220454341020924 0.41818294166616954 0.4084275422064583 0.4136807068879536 0.4062688364612106 0.4099370789662039 0.41381983552145896 0.4465802111151427 0.45263886678858145 0.44264334233841396 0.48024928857125476 0.5322611580152831 0.5693853175349546 0.5937258854425763 0.5931249178429012 0.5898387827118883 0.6163177909979419 0.6195692495593729 0.6245821274626508 0.6435986695958749 0.6520217580502156 0.6646134263244046 0.6613048744955385
0.5277377494020846 0.48704061549722366 0.4808373944949411 0.4698548170331057 0.481512875400342 0.49918510887323453 0.5484029597674368 0.5490995929403704 0.5365848623610153 0.4781172023344009 0.47645299111230927 0.4962562492586238 0.4724683664989515 0.4808206982122762 0.42362482465909146 0.4028228000793473 0.37601171527207 0.3710055552390079 0.36216981226273814 0.4151161012951925 0.41188986087052104 0.43791473931387415 0.4532478039764295 0.45058318436635614 0.41053881066257963 0.41226291041797025 0.43443908760085764 0.4606904333805407 0.42680345796009156 0.463227671551201 0.46033579573373634 0.5316211551869099 0.580212960491305 0.5953702419779198 0.6525642295487605 0.6222878186796454 0.6456831078401223 0.6585772925729815 0.6311314601604243 0.6567703182846818 0.7072973140007753 0.6947070596321049 0.6863453784424426
