Raster_benchmarking/continuous/raster-491.asc
NCOLS 100
NROWS 100
XLLCORNER 1743168.96583158
YLLCORNER 5469277.789804125
CELLSIZE 10
NODATA_VALUE -9999
[rows 38 to 56 of 100, columns 0 to 42 of 100]
0.7184845340600664 0.6971619948876663 0.7333691639766652 0.7188188705973011 0.6998473072559398 0.6886417017020804 0.7219053178175759 0.7113363898787743 0.7430409935470385 0.7154066710183944 0.6533513757448346 0.6824629625848956 0.6770423265456792 0.6525503311410288 0.5854923565921126 0.6357442742128377 0.62425076195293 0.5580243266129389 0.549272803183628 0.46547914662765644 0.4244571093377968 0.35492664260496104 0.3326423326724395 0.35084945986551225 0.3781893885291795 0.33537928601522493 0.3422600206521139 0.34843866375230464 0.34917733613209523 0.3108327876925987 0.3125356915002978 0.328796453504868 0.3444510256251174 0.41519307639162417 0.45554496041367254 0.45283628455506864 0.4199578872879431 0.3975129669633393 0.37782847505477907 0.41557514403671514 0.38869254376305945 0.37381641132227306 0.3416954585668124
0.7551229113116043 0.7625239562437222 0.749617560379075 0.7246071342045325 0.7666504138421193 0.7417539860664214 0.7368688865155723 0.7446839202626512 0.749070046001871 0.6644270516607079 0.6404300488566859 0.6411185680543124 0.6258235683140401 0.6449592854391875 0.6463269070193747 0.6533793635595001 0.6141055964412393 0.597245863816342 0.5400309037415968 0.4983557038453996 0.43643131792932666 0.36971120104728583 0.3703216586200977 0.3755839505197349 0.3655930059946887 0.3431238205006379 0.3139183452817903 0.3432604608541828 0.35200224804327 0.2909764065912533 0.3256124479042317 0.2980103697729087 0.32922796187395525 0.40716147369931105 0.4496676842279979 0.4348507493685017 0.4564665193190649 0.4316035747469155 0.3920939802694951 0.3976206986265752 0.39142328899709367 0.3818814401585549 0.37276792803434416
0.7522095655270652 0.7826928864476711 0.7502652546690636 0.7868340901441143 0.7999846456182832 0.7651831048708807 0.7171245396767629 0.7483470385274311 0.7277017154893396 0.6777793629653471 0.6266491865662582 0.626281626622058 0.6430832762656402 0.6528848891181135 0.6384945813502293 0.6243142168281691 0.6495818417124413 0.5949131271665905 0.539257229578724 0.4961539142520041 0.46521338314301314 0.41007714255624356 0.37089943628860905 0.31937608456214717 0.29808295685737557 0.3371809330262962 0.2768744279384541 0.28379181019765953 0.31551556216011206 0.2902087155400255 0.28007513421804153 0.32567380384039 0.30938514695616404 0.38442305893290196 0.40020463449972593 0.435855999587164 0.4412586756514613 0.3900923005358472 0.397894169616432 0.3944880858988208 0.35472460619635016 0.37031440638319385 0.39877923830801854
0.7635295886115905 0.781143786611691 0.7516149760151305 0.7597991425526366 0.7458684883852238 0.7826592651924997 0.7556262011486795 0.7521592230243072 0.7484176053133709 0.7205216764340022 0.6784567668642388 0.6329088936687144 0.6358423094130672 0.6251047263986224 0.6291770706984 0.6160440375916961 0.6236034571972009 0.5778785837926216 0.5549809621742852 0.5089681344305296 0.4309936665756344 0.37853615506355526 0.3399227708479939 0.32819445347020854 0.31219301211773864 0.30940606653090047 0.2822777921789583 0.32299417499705446 0.34542432430069897 0.3353789645481705 0.3137860897270489 0.3473988867936953 0.3843051522892673 0.39651445684796244 0.43942588999756665 0.4171977043343946 0.40178125675314885 0.3958347284249916 0.37258916820463533 0.3853246632069926 0.37562120658237097 0.3610894675318816 0.35041688992382486
0.7769369438593229 0.7973891407140762 0.7638089598762815 0.7523418523561145 0.743251678196256 0.7325638529472354 0.7809387165922524 0.7825966355981104 0.7719991133520768 0.6962991595605511 0.6795799524193021 0.6625010278175232 0.603969419189296 0.6076127145221408 0.6049808589947714 0.5634951638624656 0.5493226669215259 0.5183464644761734 0.5156893285441004 0.4998177771877569 0.4302181854500686 0.3746740384568577 0.3565130329551627 0.335983629216375 0.3038375255988105 0.3091851015490441 0.33587353269577214 0.31640595218814505 0.30710623136089327 0.3163159133799856 0.363716563296244 0.32442588446447035 0.36099681514110243 0.4180520180463313 0.4199807114194743 0.4134905053230285 0.46388544217491134 0.3981999665958471 0.36801370457886945 0.3393564836555514 0.3265917399366067 0.3250729502825563 0.34288381769355913
0.7353028513057616 0.7438361472323324 0.7539445995454939 0.7510130402032011 0.6994939992092982 0.7063800807058264 0.7205037678884014 0.7253525294573137 0.7425834601493575 0.7119770196034901 0.6778250755622677 0.6623245035618611 0.6284190908022615 0.6380501694196815 0.6151427132034447 0.5964071727150005 0.5379219092681357 0.530843236029721 0.519036836035036 0.4417683798043411 0.39449771382656906 0.3849629808372806 0.36483854849622993 0.34078475741654035 0.32499399141836977 0.33455506932870005 0.3518943022501871 0.3401312997875334 0.3299476825494017 0.35859305200202685 0.34117706652282037 0.3362051030381116 0.3323159251881557 0.3965090168826455 0.3946490697160473 0.4389263036713406 0.4439149227468692 0.4048118347240679 0.3536014308484734 0.3968160258566435 0.3603881338957511 0.35962151207510606 0.3288143677917178
0.772468195412287 0.7381182234943511 0.7584997541633276 0.7429378412940617 0.687505051275128 0.7038429634415773 0.6891104493259536 0.7407111511397071 0.7721442020736071 0.7729214318780895 0.7276825983044543 0.6839511487455966 0.696546263431018 0.6633861583806226 0.6198046646052887 0.5842299821877484 0.5551630263514725 0.5264278674628695 0.4676027893548674 0.430657213668942 0.4424593778469368 0.41108856714175174 0.365701395054797 0.37088535565640113 0.34168949565244366 0.3106835398043472 0.29602076137827166 0.3338622052216458 0.34474568851058496 0.35938427903883424 0.34125435112533675 0.2960967778240932 0.2806271585297435 0.33638724979894447 0.41473991274357846 0.392570627157763 0.4405205588992508 0.41416987367351876 0.3651794740902771 0.3984281990553819 0.4056259991628895 0.3638565489803107 0.32795840691269357
0.7605415252597699 0.7716640535462471 0.7513597623033084 0.740643745628991 0.7070366943196138 0.678533416245943 0.7331502650196215 0.7403329347073873 0.781015555044194 0.7617653754829873 0.744355570231928 0.6784494903032972 0.6729231881813911 0.629930632033277 0.5858035889914147 0.5946978321108403 0.5589621115356189 0.5249416410882519 0.5205251567067343 0.4645977347593394 0.45987758083027647 0.4270613659109266 0.3724478547940304 0.3595919098043044 0.3650825272674203 0.3247568330129064 0.3047668897557162 0.28701402506048584 0.3074386824649124 0.3231066759487957 0.2839109758563557 0.26771548695780306 0.3158043221654227 0.3517029875995627 0.353361139284989 0.3817470088078711 0.4097775086365344 0.36148642400706454 0.36944811001281186 0.3681101884874961 0.37481303246463693 0.38329540096467246 0.3599229591138812
0.7495531842562653 0.7417752572349625 0.753004555860188 0.7149712573535701 0.7281273845908318 0.6975769719516052 0.7089851738666124 0.7098388034173402 0.7299151763477189 0.742200215142771 0.7490837550120641 0.6819677001895896 0.6401687523343219 0.6192240188203756 0.5874248410065949 0.5635717516327415 0.521425863604737 0.5347116140449515 0.5158538182871781 0.5007130892669944 0.46801154583731924 0.40991080203044167 0.40813179038573966 0.35373544399299456 0.3520400684572433 0.3480573818609478 0.31656153504006024 0.31131084961390565 0.27036945499294845 0.31027720106051404 0.27650592589220285 0.24038791065113313 0.27157652922960196 0.3129736335334665 0.3244785114654722 0.37664828898577035 0.39933967415402344 0.35751504005644746 0.3566188735278202 0.37624794010099394 0.38052530549105984 0.3690514841266404 0.3951415691046134
0.7569803148019706 0.7324298576845256 0.766872932847858 0.753947732382529 0.737407023484048 0.7159455493566473 0.7361376994230581 0.71574431102536 0.7508521408967664 0.7341115621508502 0.7022913958981304 0.661825405511255 0.6291114919413565 0.6548351749896075 0.6065653805110157 0.5394686531049766 0.5343092249129926 0.5166184075316279 0.5359834534452241 0.5408816572633608 0.48918387458571494 0.45405823129338607 0.431367455353948 0.34921556666965164 0.33502608257783556 0.35543354533303945 0.2937318205567943 0.27239163915057035 0.3077226537146894 0.27205628974837065 0.26577044842578545 0.2565412987542294 0.26533843857551964 0.3127422226290891 0.36652947855747436 0.39063206085954 0.3787599309956127 0.3945865637517021 0.39890171464632534 0.37750059554630494 0.36252761694892377 0.3713542734303898 0.37188483538449246
0.7608413268041696 0.7488751301641027 0.7343545308379247 0.7213904409258123 0.7539295134579074 0.7348255732861569 0.730049088808817 0.7027697225758538 0.7663143766810312 0.7214313570662918 0.7024954433559079 0.7021939202985459 0.6557671554081983 0.6386235749258309 0.6139834665189531 0.5793685983510279 0.5471485779698153 0.5168423425336955 0.5542457604800324 0.5107795570594679 0.5020216636674961 0.465269423304293 0.42286544849889957 0.3334545440310795 0.3064987817579272 0.3244375311575683 0.3229186631774395 0.30817699101562124 0.30034173262328834 0.32633869344978994 0.3165702923909831 0.268517325267496 0.2508783347923817 0.29097360151922946 0.3437342968028108 0.34351686084943617 0.37495640861349483 0.41120092948415 0.3728077218712016 0.31341313067238774 0.3007978551477825 0.3155008538179462 0.33177049027198546
0.7137031503485691 0.6804722034583205 0.7133883938966105 0.7200357766905512 0.6942711835506735 0.7490808628533221 0.7560780248506543 0.7227296795487789 0.7352075850990178 0.7093883819063037 0.6802761757687681 0.6796657724171904 0.6279299883170371 0.6284756849969741 0.6365501419651182 0.6091427993163685 0.5477764301734697 0.5450395626244775 0.5255385844302355 0.49787203856352574 0.48959941186621864 0.4741312523086631 0.41858231536619284 0.3699585366239765 0.3320524864048413 0.3036890697730131 0.3425153497604671 0.31595650902813266 0.33546964065856266 0.3150652501312561 0.3106070095382378 0.3318152098666315 0.2784365442041204 0.2870579042773591 0.359849358131243 0.3575230329092932 0.3637277218262743 0.40200167026575795 0.37351709485156664 0.32276505705821423 0.3305588005427754 0.34781669664753717 0.3916672918511309
0.6747383766106279 0.6505707396033004 0.6329503743246582 0.6589695423815985 0.6759679490632103 0.6926819982891184 0.7252322906546455 0.7364458232116879 0.7068646552062953 0.6761972931369225 0.6808648761928998 0.6594443760021014 0.6492195380133322 0.6495120728571876 0.6508822681434484 0.6331254143022137 0.5837207200506415 0.5771519222161197 0.5254065984852647 0.5054474911965983 0.4906240244868434 0.45734096299110016 0.3657664345851286 0.3739853308928036 0.3010583196365023 0.31661045267757204 0.3521899333654632 0.3038724015580502 0.31496793607557405 0.3333637043689519 0.35875142010660616 0.3328748270376224 0.3305963602870882 0.3539698411355598 0.3333430819883732 0.3606862666675209 0.39717974146194823 0.36988019682502726 0.3744245085845529 0.340367334578255 0.33196304551135036 0.3489317738856728 0.4016016872619549
0.6446977678345541 0.647019401255207 0.6276452878001219 0.5985259860062575 0.5935843110923512 0.6459831646918599 0.6854255738270121 0.6921670976677355 0.6398997351512389 0.6525987339517832 0.6485021419478724 0.6163032915403432 0.6152591635832971 0.6435397902155033 0.6117699116069525 0.5975728045834007 0.6110056625806923 0.5959392103193459 0.5609596290486706 0.5209024983460278 0.466295002197369 0.4242764746810419 0.43284570494840596 0.38962782733260165 0.3121317510381723 0.3088988443897346 0.3410397133922096 0.35096322309771844 0.31202937435130546 0.3623095762454758 0.3813262988595591 0.37001857940770544 0.39226812824531815 0.362373930025772 0.37467556198785423 0.40761950312857026 0.40846348174481667 0.40920266850942333 0.3520639000296435 0.35705528627403804 0.3489823723386467 0.4061496817464255 0.38103394895856646
0.576740534886833 0.6383581578534561 0.6269666979943976 0.588137523704824 0.5773225536399703 0.6648409086951813 0.6912725014372735 0.669826723224091 0.6320239557825256 0.5977920108747448 0.6147956117784263 0.6007694105478408 0.6330211194521591 0.6097020503937638 0.6074863822044232 0.5834552310683155 0.6138285254641688 0.5979788570672474 0.557663141971397 0.5509639761012239 0.4531040287022101 0.4599858729556599 0.4615765704476091 0.40743848693329604 0.3523014309536152 0.33711045278058466 0.3356998090080775 0.36164353204943167 0.34088810171321937 0.3432152869451565 0.350435398032744 0.3497788182252097 0.38172907253565375 0.3609623217784868 0.3959143715120333 0.42355289121705336 0.4077987129167186 0.4241154556485013 0.38801959261494445 0.37794799957843783 0.40015711326170694 0.4122831675845836 0.3987508742549591
0.6223937079223931 0.5991920048870997 0.6418271080829976 0.6252485083411713 0.6216199232948842 0.6224395313263312 0.6222921452288979 0.6346027424612488 0.6304316936315887 0.59458810735242 0.6381167382004553 0.6285236333221055 0.6523754838339247 0.6290508279601407 0.6271077665260295 0.6007175677023943 0.6205862221586511 0.5712083365352842 0.5456298899832448 0.5695823472145011 0.5105600021207771 0.517104138358733 0.5042044211450604 0.44673528310263355 0.4101895477214576 0.4047884554299819 0.35382051656720237 0.37062799109312317 0.351999424217178 0.40270743633127865 0.3728467887590605 0.37889643478198637 0.38430658309762794 0.3786059058534397 0.41185435850004126 0.3841561500227583 0.39770954837507155 0.3727377439516225 0.37296758356095183 0.3990255286231145 0.4119450686701655 0.43504382469275393 0.4377761208483064
0.6635608109870303 0.6550387521581541 0.6194290466003277 0.6304259923884744 0.6096740238506507 0.6599917543549731 0.6578687340818482 0.6057346824548827 0.6081026147986626 0.598385722827485 0.6469199544844411 0.6620037146271102 0.6362321761196786 0.6161328361545928 0.5964450199029289 0.6134799144362892 0.605212622794326 0.6084248340809286 0.5830778586755453 0.5696851970871862 0.5691818354476748 0.5262868106934334 0.47565233458640493 0.4350489225510083 0.4689227951285556 0.4581746093805403 0.36586001133065776 0.35720067169539294 0.41301981622012723 0.419991544375306 0.4501755146649848 0.43863051001322984 0.4269145877049633 0.40799975889152235 0.4107018317676678 0.38893810235400844 0.4057046488092133 0.37619195610796974 0.41166632592086494 0.41465582233017195 0.4442138486280266 0.43895583700619034 0.47486796236723583
0.673416948281657 0.6665057212184236 0.6139986572447702 0.631152419865402 0.6266656907117443 0.6258147103319782 0.6354454793913521 0.6259347211173185 0.6515407659939486 0.6293061412539922 0.6209610565260697 0.632293469652559 0.5954115213879622 0.5993789828950807 0.5771329684440616 0.5864648077842278 0.5909647285316345 0.5660916555508347 0.5669003700259396 0.5480967669754891 0.5714017079694601 0.5210881590365982 0.49293838854980254 0.45546274716729607 0.49316934985921057 0.4726938133694972 0.45058955550964797 0.39944367358958527 0.4458983806241322 0.4347691141525105 0.4866465449925774 0.44932949044839415 0.4663451714551108 0.45559021033718433 0.4090481707073588 0.42853573114758825 0.4588030316665658 0.43391765988773756 0.44100114014498726 0.4147998206310436 0.4608018539978936 0.4642813628536134 0.45583099632262464
0.6555542475713041 0.6921152331944544 0.6502996181594156 0.6586855280903435 0.6156321447986542 0.605649463024121 0.6645975126575479 0.6503793649019064 0.6642043767840667 0.6335945000481527 0.6253844557093714 0.6376136678120486 0.6141927837128258 0.5661869800743824 0.5395009631896525 0.5622621116098288 0.5669275225335549 0.5645208460482481 0.5331032404544926 0.5545335853089831 0.5682860673261477 0.5057371158144932 0.4570177741509129 0.4445578773206717 0.4919092469458741 0.4705190172036775 0.47866924124179683 0.4112543641545756 0.43697615203454115 0.4530718662890946 0.49184153152515 0.45986548905557867 0.48309090828051593 0.46708347591088817 0.4223588272044213 0.4417113605445132 0.4712958119424077 0.4060889538133146 0.3872074495517426 0.38141433391802776 0.4408988435168478 0.43176407740074835 0.4720331740668825
