Raster_benchmarking/continuous/raster-252.asc
NCOLS 100
NROWS 100
XLLCORNER 1743158.7445499692
YLLCORNER 5469283.28718687
CELLSIZE 10
NODATA_VALUE -9999
[rows 76 to 94 of 100, columns 0 to 42 of 100]
0.21233366415591864 0.20365342327959468 0.24696443054786987 0.24560194381689684 0.301633314918197 0.3365547645661616 0.36092569085958376 0.38192221914943775 0.3783590493196215 0.3602572922548006 0.38821460171961625 0.4100057867796732 0.4564106781017911 0.41169221106093656 0.4281083808734005 0.39237852375228593 0.42556462287884084 0.45170091093435905 0.4319366628964346 0.47253154568048916 0.48427829732545663 0.5045576205334974 0.4768729283486575 0.5066986609768875 0.5129138204526599 0.5606505351675084 0.5497490976797677 0.5706602287269568 0.6045120789204469 0.6709460991270483 0.7668087505353562 0.7765500356220602 0.8016019533859298 0.7685046518635446 0.7418277863037582 0.7725635830194855 0.7402766875358103 0.7077583986204982 0.6397047905494005 0.6322384534388655 0.638278525757391 0.610351843967612 0.5656336666059579
0.16797462295925045 0.20746650873011666 0.23168955236046837 0.24539378823044788 0.32953252486210555 0.3535917309504744 0.3454593151102095 0.35845205984958667 0.364313133798475 0.38630542160665027 0.3895811273103556 0.4496533749535244 0.45742623832149126 0.3979409463440371 0.39653409031831854 0.4244804032903536 0.42935054897988645 0.4480117035157834 0.4949464966968305 0.4624346574953654 0.49167706830533453 0.4851962135399342 0.47493201741176705 0.5001919577907474 0.5254171144076238 0.5811703700774079 0.5643415829497292 0.6278849864271133 0.6411340703342887 0.6918150967717676 0.7908057374777555 0.7803242114422488 0.8465206615655279 0.809118030930404 0.8062761563240834 0.8186295119683256 0.7643489236372462 0.673437951836315 0.6205649897097235 0.6152232372055642 0.6071909053374815 0.5668115696959393 0.5569790054055679
0.21277245500064448 0.19181027540478707 0.24257114051944786 0.24707734971148895 0.26131111085766123 0.2921168152617694 0.31195221695350184 0.2839179575735169 0.30272500195935326 0.37256084216913077 0.3973889187119577 0.45449522033500706 0.43878598228797455 0.4542574381755697 0.42131424411568275 0.43530683409454535 0.4579714212129482 0.4383682103382624 0.46737532432136797 0.5028437969833383 0.5144279284166551 0.5264190111590508 0.5447057767630977 0.5305542877911126 0.5379072162224074 0.5794577632683429 0.5847632756873615 0.6064093612521416 0.6767816827801048 0.7058842959845874 0.764972922110705 0.8238630077666989 0.8432765087482303 0.833253800417525 0.8103705644887986 0.8034151068132582 0.7270966609831431 0.671222730931919 0.6404961614454074 0.5965298533602581 0.6206998098291374 0.568906133971585 0.5901558468271005
0.23908207717976832 0.230852322791291 0.2518087323863136 0.24808275272472455 0.28333446627584297 0.2876678565628572 0.26311931401476346 0.26719875935664805 0.2802196654497805 0.33901340353226106 0.4199343892598262 0.4112234756503961 0.45358590967179185 0.4250227890220375 0.453553535748123 0.43490028477078363 0.4847234604786423 0.4858382367523923 0.44220412435383827 0.4723537470472505 0.5363468902544268 0.5756985825186983 0.5729426807932639 0.5770993683837965 0.5930267150870749 0.595287508153726 0.654836022289755 0.6392072914067252 0.6594800271034404 0.7504494155956288 0.8063039303992015 0.859943776261352 0.8908218978220632 0.8298390892368075 0.8403292130850246 0.8024509929695257 0.7267383161804738 0.6601506229969563 0.6312374581882079 0.6453922222107369 0.6094159716725819 0.6150738552265734 0.620468081765968
0.3258786715942602 0.2606329160962439 0.2643618583558565 0.28730612936836386 0.25967491290855277 0.25451261031560796 0.2394929651856885 0.27343735751137316 0.2827393646289291 0.3039477858273665 0.33605218646373025 0.3646167933448196 0.39879117086146787 0.42198907383676965 0.3978317946282376 0.41795494290318697 0.42860840166443887 0.46173848574662985 0.43481862145122174 0.48894689526690943 0.5312442814993777 0.5499787113459313 0.5385798172257024 0.5592126126167275 0.6040201794910195 0.6183469821200169 0.6245004914061305 0.6737868978987469 0.6882080730730991 0.7421874231619685 0.7739820232705474 0.8497312268962016 0.8446608423038355 0.8326053657493289 0.7678423508735093 0.751869842764685 0.6965267284956718 0.6325169647210419 0.6409944743020602 0.6189492353333214 0.626466018138624 0.5983331673406175 0.5911474225860401
0.3789701418816251 0.32123067290298774 0.2729446417314995 0.3058823756203534 0.268370698522948 0.3054992752648123 0.2675424386393241 0.2961660349609463 0.2800373827973159 0.2704257892534846 0.31790748450322337 0.3669566045451687 0.3806334233207846 0.3709796206501546 0.35568225872045534 0.38142770182585656 0.40443622954141584 0.46722118013396274 0.4706204410378241 0.4868230906566724 0.5086808735073471 0.5657129587434899 0.5489049458859144 0.5580057790361588 0.5497590863266428 0.5875424918067551 0.6203452143851894 0.6912318942332724 0.7550704661544484 0.7619709457999917 0.749973335344002 0.8173357247542129 0.8512472759590568 0.7886042249078604 0.7500003646638951 0.7004226961788654 0.6823722290093235 0.6101383177035419 0.5764111897853724 0.6087030742389735 0.5512433535965111 0.5578528735871108 0.5547753404731611
0.35779511125222624 0.37497235280040153 0.35303742282555195 0.31399658182250195 0.3197126143387116 0.30999725312032295 0.32569607226118985 0.30130582567891195 0.3156412104314838 0.292506084376826 0.35667707796475295 0.39164514405948087 0.36202059080479543 0.37002359787721684 0.414848503215226 0.4097222098708189 0.3858263907388345 0.43657687353610325 0.4568385939262047 0.47897524743765985 0.5407232822863118 0.5784166368973362 0.581777892208349 0.5961561807496494 0.5788818813167054 0.6463916911177645 0.6468313904852162 0.6613321011762366 0.71469561084122 0.7277123813065852 0.7607849884559961 0.7831596460250031 0.8117132757013771 0.8062846430547193 0.7450588775706597 0.7232969404014638 0.6637492969165971 0.6170491110851923 0.5863838879699342 0.5967055817226374 0.5668946832677253 0.6038872179223469 0.5554114185963189
0.3635157481829636 0.3613012767657906 0.36365345082544953 0.3162377784083469 0.3081683171959534 0.3127656953358987 0.3368248971101383 0.336689890716747 0.2901436036593408 0.3136786683278747 0.39159012367469254 0.37454266542107045 0.4353504535496042 0.41850124609024114 0.40055020622349996 0.4251039248640448 0.41008270857355156 0.47155164446179054 0.4574693634808806 0.48640313823491055 0.5766597324062442 0.6262434586978919 0.6178739682535372 0.6517081340060554 0.6511570825608923 0.6724411920275452 0.656132824234779 0.7032271361353942 0.7128866824867036 0.7308952377938622 0.7853558233028997 0.7961680770215432 0.8326001812559145 0.8214929667690734 0.7891583144405577 0.7787382488511877 0.7256042742774658 0.6857404448596848 0.6081209080265431 0.6094905605200748 0.5925597274934725 0.6277827969451882 0.6290481801064471
0.3705130368394873 0.36076619649809205 0.3858992781651395 0.3451178324998361 0.3277949652979759 0.32292479096583754 0.3346943128816094 0.3068445454444321 0.3232657051857625 0.3276262548943766 0.3813569898519814 0.39999854315674754 0.3977056383866943 0.3765373274163835 0.4222934192832616 0.39150230248851153 0.4308099516256317 0.45350061301535816 0.511975281026901 0.5384658565291345 0.5580038974489444 0.6166377350989563 0.6331387955324213 0.6785837840130852 0.7001921268462169 0.7058514251024456 0.6972431083077181 0.7083790480776315 0.7408801052798545 0.8047320567897535 0.7887072607691874 0.8317022096471551 0.810427796171474 0.7960830681629872 0.7321198305375283 0.7512091089590072 0.7235356373378131 0.6884588104089998 0.6371694600828036 0.6649032533569321 0.6441719988683557 0.626161075083361 0.5719895852762721
0.4547669482735139 0.42680356313205603 0.37420445937286145 0.3693013074307656 0.38243769232897007 0.31559711245037525 0.31266987863242407 0.3207303456446814 0.3349037201900916 0.3380719970491056 0.37778522025010736 0.40276162709444446 0.37819078335573286 0.4317779529562233 0.39226988953125563 0.44156988327779134 0.44334092221034194 0.46948094398414847 0.5209007464528884 0.532538411616393 0.5696950924839816 0.6066443490242055 0.6244946714983959 0.6451162139011117 0.7339400781782158 0.6926637599054143 0.6785447808835725 0.7531714919413767 0.799106001362422 0.8023754340247226 0.8257583639358171 0.7845885712241677 0.7622233960281358 0.7438697241877071 0.6892020304784139 0.7071847841128971 0.6799589972654521 0.6702114363302497 0.6787054741241636 0.6977074061439437 0.6903343377052562 0.6047099350314651 0.5938132226424483
0.46312444116018003 0.47255714703415375 0.4211553389950958 0.3884663061345412 0.3625246421579567 0.36247164575388985 0.36737544843006775 0.38626983899459044 0.43250308873458293 0.41353262728785717 0.45285352945240176 0.4758501725639879 0.47183780737963654 0.46660163807308125 0.44259850700666903 0.4605834581969321 0.46426668648168085 0.48996234989332504 0.5501570308914466 0.5905127977659972 0.6199538220824892 0.6119598696623169 0.6406785821152938 0.6525873094676448 0.6886866909085304 0.7291925713563221 0.6914177682167115 0.7073835644364077 0.7683388636400137 0.7858414150736995 0.7940697268404766 0.7903112458299407 0.7454909949091437 0.7012097399097265 0.6453084920648481 0.6391817859185039 0.6545680847638228 0.649066724173521 0.6200857697609063 0.66875274343364 0.6193543809383248 0.6201817304554756 0.6045735107925373
0.5253694124517441 0.5247246968990418 0.47259998169255446 0.432800952814131 0.38612085092263415 0.3770486540113143 0.4046891992673783 0.44050243857134347 0.47596574008983805 0.49130684611174497 0.4774745279328926 0.5267584393256424 0.5471152187957009 0.4989097464274747 0.5378854978600293 0.5361125825079878 0.5465211001825814 0.5306077027629111 0.5656595413479727 0.6447586423730136 0.6736063225043254 0.6655141979241717 0.66708448774989 0.6871514069157395 0.6562013997254047 0.6961547229287515 0.7199827501111856 0.695324060792269 0.7209836073609485 0.7693127749433721 0.7503986060314003 0.7382082651069521 0.7201873227031564 0.664162462153727 0.6631280230629909 0.5951822963455912 0.5842665989360102 0.6037889794381189 0.5895175415778988 0.6147791434323528 0.6055180848620034 0.6272171196304649 0.5626325684303667
0.5624098332081895 0.5576351862106531 0.47700238264909045 0.4485772100516593 0.4548334403070676 0.42700346647950976 0.4151197765238718 0.4354269714912856 0.49669791674849756 0.4775149255058875 0.5297907974782561 0.5324623768313013 0.5357686885256403 0.5284669271149175 0.5757102577829145 0.5994859891898762 0.6074571608192253 0.5722743092935204 0.6291863266668427 0.664099632832633 0.6943562351589608 0.6809990042398707 0.6951344086644882 0.6981314086305326 0.7073555599945872 0.7121737818419089 0.7455103837190172 0.7078473210357242 0.6794583357517361 0.7099907776118788 0.7068482628007283 0.709938419261271 0.6680159871707765 0.6793839656597633 0.6706757055604873 0.6100185891406709 0.5643166549301887 0.5683196612807941 0.5583621848356735 0.585019945972158 0.6221428297952789 0.5924828220369661 0.6227581301144266
0.5579804283091191 0.5494336043472086 0.5476561874415188 0.4900898491766844 0.45628295099291105 0.46080152251872203 0.4643898390202668 0.484064523943457 0.4988343551653626 0.5187299566425765 0.5354061376180074 0.5515070251318138 0.5959708049502347 0.5721489197932088 0.5585760976520351 0.5828382321849279 0.6278302730801415 0.6243914348682789 0.6267677094872411 0.6569186384689026 0.682884039922153 0.7247777072843637 0.7203092111298273 0.6767121037666657 0.7056366802739488 0.6994694998799836 0.7176918321216863 0.673316682350793 0.6618353683176801 0.7111854258241866 0.6639488138738454 0.6840472425286639 0.6831695211941782 0.6626893618826403 0.6216887657099326 0.5970486147027825 0.5800097075136393 0.5676907975322132 0.587350154036874 0.5903104096746221 0.6015132369615616 0.5778397392480337 0.6412988936512811
0.6082661963296524 0.5568212636146229 0.5840006169523781 0.5618403402674785 0.5398138130964656 0.5463216657693359 0.5821503125312549 0.5734231147126999 0.5885354215059019 0.6010360586109182 0.6175341042498735 0.6374284084428509 0.6117517151886177 0.6289498287101297 0.5673318836025638 0.5826310195268424 0.6443359373010805 0.6871538644735773 0.658959198005829 0.6800004503387445 0.69760906360001 0.7100319502339032 0.737830196517254 0.7018729870641275 0.6995539449926416 0.6893952759964053 0.706511515624614 0.6757202970045605 0.7106169607486512 0.7109729093660409 0.700665400418666 0.6636687782075872 0.7099984129411114 0.6883674309528182 0.6108509368332012 0.5822397319614094 0.5680700335343111 0.5928621786158524 0.5983464444618737 0.5839230734175954 0.6027444766127316 0.5710019779110893 0.6094336749855025
0.6159345531750846 0.5731406289759928 0.5901525873515645 0.6271266483759066 0.6166706654193507 0.6193797213088011 0.6153757782901156 0.644373566145869 0.6445838074468843 0.6726404160258844 0.6548014649013362 0.6351408252779435 0.6424826626756827 0.5959580261368352 0.5911676709643953 0.5796051023184869 0.6483241052519694 0.6548008251687094 0.7190549578691041 0.7204567186400734 0.6946667582511465 0.7127868869775773 0.7288222854514251 0.7136076580057507 0.7329566849466488 0.6825788211800689 0.7078133063925419 0.7035928246772586 0.711499550683138 0.7061580857811083 0.7177067961593268 0.7340132065527882 0.7011894212109099 0.6545068285126622 0.6224201839634211 0.625242241926772 0.6186929172310746 0.6000111829226676 0.5530684564669608 0.536803374100706 0.534462278545884 0.5242004537145635 0.5732416760993152
0.6265960961729334 0.6125362324300677 0.5942854353754851 0.6200739495913825 0.6484710933875659 0.6171992977829766 0.604707803958776 0.6236964968649727 0.6396405919969507 0.690646867023094 0.6723891539621945 0.6823367748378455 0.637149475301665 0.6084681845300577 0.6304631895932217 0.623356191115719 0.6367971351429512 0.678919013416911 0.6923069424114857 0.6823016500120621 0.6760582950833842 0.6953749872031944 0.7124276080770922 0.7255977497048693 0.7048211506067705 0.7060524844858752 0.7419028280405101 0.7141388848341297 0.7345649874941187 0.7410428125219464 0.7277525080184813 0.7313450242381669 0.6773013117026424 0.6408231799639748 0.6513843708930412 0.6191650335586636 0.5683848102879588 0.5802568702710305 0.5788007802447357 0.5596975647561937 0.509340133258597 0.5382613568177157 0.5592175097571898
0.5836410504210888 0.5998125962410209 0.5901706529295361 0.5863304125915659 0.6154404010564464 0.6025972234068924 0.6260921314020652 0.6670916630192472 0.6740984213767524 0.7008293278468498 0.6916954264895132 0.675038049139415 0.6410960650113481 0.6432175732319393 0.6671553246926807 0.6518232710875557 0.6363063109898213 0.6778188092038862 0.6353880314703082 0.6772978722739132 0.7136042670963465 0.7115362127238103 0.6854740296454411 0.6740053248926082 0.6919687499157439 0.7053398521825974 0.722052695002554 0.7206581197930323 0.6990106098208725 0.7090906382906116 0.7078305139044895 0.7271708769648437 0.6992981714326713 0.6320203713799629 0.613175732129112 0.5864803764754637 0.5186901579893493 0.5699054211166917 0.5417288246617884 0.5735944773145413 0.5211383932322551 0.566995124889168 0.5937927753839816
0.590461761798936 0.6245010946300912 0.5982659322699102 0.6392187361315654 0.6304010980914321 0.6644898436783724 0.6491650779931009 0.635972908909716 0.6293443450803546 0.6909010606382593 0.6770604151057887 0.6867633982286085 0.6748911024357276 0.6935475388515188 0.664684576202687 0.6932146079285687 0.6871973479644111 0.6781550106652678 0.667105330144758 0.668521203406203 0.6797786622184715 0.7155439723101182 0.7137467994993807 0.6679583825789365 0.7191910164790295 0.687540540432687 0.7038951875546081 0.6973330511230367 0.7161326811884725 0.662245350526506 0.6449399725693326 0.6657372508158514 0.6353704827858114 0.6263112290142333 0.5934758827773675 0.5724080515824064 0.5036934366566727 0.5258731567703828 0.5377111103533405 0.5697290855170809 0.5750046981906893 0.5734993137058041 0.5629260964301132
