Raster_benchmarking/continuous/raster-248.asc
NCOLS 100
NROWS 100
XLLCORNER 1743156.6287686217
YLLCORNER 5469295.777226523
CELLSIZE 10
NODATA_VALUE -9999
[rows 19 to 37 of 100, columns 0 to 42 of 100]
0.8843832054099601 0.8590675727407004 0.8329145280496172 0.827819085466675 0.7840565103001701 0.7715483351750426 0.7227005502104673 0.7175642736342747 0.7104234836060626 0.7544211320928759 0.7146110607639002 0.685506417947733 0.6504642057205098 0.6676381824797678 0.6153951092576536 0.6182519834159064 0.6409195948771886 0.6183184108654335 0.6347927552625177 0.6273008988751436 0.6102639200930814 0.6232899920267537 0.637025082926512 0.6711443333795425 0.6692825209250252 0.6830379994901453 0.6557761770278059 0.6494479152571194 0.6462291740414666 0.6612531694313112 0.6396512226525879 0.6280292282396992 0.6328373805839557 0.6128810371399576 0.576622001992763 0.5539067510543533 0.5373851655213413 0.49706153514410367 0.46607017682921204 0.4576720978269869 0.4373288296794401 0.4274116474007765 0.4617121630206117
0.8691882336802792 0.8374565191539415 0.864644129074629 0.818185931959624 0.8017408205915346 0.7767163305657606 0.7328921834708754 0.7325814960640046 0.7257798682637636 0.7245065120525347 0.7435526423983676 0.734188790959714 0.6795243581439746 0.6520572255173274 0.6278419008499466 0.6241963532074245 0.6671837844085963 0.6557597868516059 0.6383244442394503 0.6211464924063119 0.6047233556289235 0.5981471612421394 0.6116919341723454 0.6114931472539109 0.6351537487247058 0.6580555045985536 0.671004761913164 0.6513017567047884 0.667468035946186 0.6458230354990749 0.6020324332545538 0.6162258640720836 0.5837705897357974 0.6077085870686818 0.6011163202530003 0.5380131954081634 0.5254834168479395 0.5327682033642824 0.5073463206643496 0.4530581633130347 0.4417499122324592 0.4486644006824169 0.45307896962719746
0.8550510210883283 0.8442333467470622 0.803119936824337 0.7812960016348397 0.7750438742988893 0.7415451461668018 0.7078122488962048 0.7240751591167783 0.7310364426447561 0.7446913388527346 0.7705461734473597 0.7492335712968172 0.7476921953360973 0.7173286756496695 0.6895346504404573 0.6492474553999091 0.6769986515675178 0.6631196891975898 0.6217968283205783 0.5924281382839881 0.5857053897399626 0.5812889578483537 0.6170109408690455 0.6124129567072746 0.6203498356217617 0.6627192605701372 0.674342151848651 0.630529561667758 0.6461630847055934 0.6165821371430146 0.5833390031416147 0.5748667242283136 0.5703148810908393 0.5591579042069035 0.5766354244253407 0.5511225357868421 0.5362617009644806 0.5357315840650578 0.47296964646182255 0.4630479449769109 0.43579263304032234 0.43637084275849974 0.4501369708251657
0.8271580070675804 0.7941592999279752 0.8018513871162727 0.7421933593358787 0.7467082055188214 0.7322718422097003 0.7003831439858168 0.7173496195484435 0.7394002947049003 0.7521429906542143 0.768386095601335 0.7610307008154338 0.7492808638219879 0.7428033936402266 0.7124906102724902 0.6720440848673516 0.6663584858258674 0.6441710086277256 0.611114254182935 0.5822353784261273 0.5890764087580016 0.5977836639552756 0.5915598507910718 0.5931560511156476 0.626473669668281 0.6587364170760024 0.6461340553014163 0.6429866658238444 0.6299291578580577 0.6181348491881452 0.5987494809379643 0.5791379795127841 0.5837703371743419 0.5591173814339384 0.5499040196344289 0.5539347561722543 0.5219781350178309 0.5263988054054428 0.4926061644722883 0.4935024122778346 0.43305920021926353 0.4430267037282672 0.41934606476283454
0.8295034616365916 0.8018754255287235 0.7880618909065508 0.7441907402268126 0.7514996036257542 0.7486605050223907 0.7018669903368697 0.7281501109311039 0.7445662911353297 0.7242478909588084 0.7252388905792201 0.7621074705015872 0.7341987344617028 0.7236150851027132 0.717815415660034 0.6761188277552483 0.673588713890437 0.6705519288787286 0.6418952759240208 0.5953656021240359 0.5853319171631033 0.6102525128245895 0.6179927519588685 0.6074279530393003 0.6110714484845748 0.6539210320560668 0.6351372079030903 0.6536963284863353 0.6389455682846424 0.6318984749415353 0.6404242159051505 0.634593898483691 0.6139263326714839 0.5891633707676736 0.6120146331260831 0.5836862865076392 0.5219889471647124 0.5259739141049967 0.5188349298341307 0.5009235244725195 0.4408072900243623 0.458379077818855 0.4337190786964438
0.830390743645831 0.7976391140373645 0.7777533239234169 0.7310189475982299 0.7181041582338804 0.7393634275103239 0.7268027926092476 0.7089758929640022 0.7426684752842433 0.7420976996059513 0.7351937104131863 0.7359616737180239 0.7569735789976227 0.7153299273906187 0.7378264747455068 0.6963667360241261 0.6612332528588689 0.6443557538127177 0.6556091257280103 0.601028053045534 0.602002631375816 0.6106836112182353 0.5858110555942333 0.5852919862495806 0.6207640471318215 0.6299345373111616 0.6222259996376447 0.6472027734501049 0.6259030879642363 0.6222016816003691 0.6731912018073886 0.688796053432762 0.6819291637697668 0.6493908037155303 0.6224237163981655 0.5802518058885815 0.560475986898291 0.5546614147443281 0.5404744659842994 0.49161314461777617 0.45002584730209005 0.4527302915300065 0.43070279682433477
0.8392414016303865 0.8177382360717175 0.7789596636266374 0.7582006437670274 0.7175219811080381 0.7275548634854754 0.7048732153214051 0.730935276227801 0.7195402197015742 0.7100286754925764 0.7324390693334157 0.7246484142204135 0.74380819038176 0.7121590621490986 0.7038973800706537 0.7131581826305379 0.663346052361088 0.6379129974991087 0.6491979978508501 0.6411806666950213 0.6521431507012108 0.6295427688941888 0.62586020015572 0.6142015738474923 0.6329599598764302 0.596449580307794 0.6184455240918314 0.5996341479287648 0.610692253899208 0.6410375787548253 0.6736856698286864 0.6864747719705253 0.7191129067411395 0.7098641833261465 0.6913377312836104 0.6593753844023829 0.6345999968883992 0.6314643277200576 0.6083232974547663 0.5326182906393959 0.5055733220798471 0.45591350598824604 0.4618317038499737
0.8845650092428353 0.8258777684350885 0.792039635558811 0.7861039281868208 0.7659178723838618 0.77316759065789 0.734686433625189 0.7275022545978944 0.7271543317603247 0.7182490878771488 0.7099912821739999 0.6928169497003248 0.7200728092973624 0.7348156423123388 0.7178109878153465 0.6808340360572961 0.6628000830770603 0.6402599114917782 0.64908969659805 0.6402504567763164 0.6483873633180921 0.6178224393869901 0.5914407932218322 0.6228319593532669 0.6227584491114261 0.5891305605153944 0.5909664087493671 0.6067185004394561 0.6399017089989284 0.6264864216178072 0.6470699235230286 0.697691301239539 0.728458576817971 0.7304507040018412 0.7234820545120767 0.7157616240566335 0.6924184034720805 0.6474521878833439 0.6392152252047846 0.5741651203353939 0.5657952104486567 0.4795464321513264 0.4716756519383192
0.8515059213243612 0.8407149996914445 0.8086890488758435 0.8165453065649321 0.8140281462360183 0.7974744958056875 0.7799490218909008 0.7678416965874557 0.7661229441393563 0.7367352651663225 0.7103569615238392 0.7206760572061471 0.7144627892828022 0.7016370681284643 0.6824051937255412 0.6761601163922776 0.6987725959793517 0.7111372268021892 0.7015520333257955 0.678680349713818 0.6583439157627103 0.6384040571865868 0.6345944839403899 0.6383604573252467 0.6133446781541987 0.5888517015967701 0.5810174764334105 0.5905116419030599 0.6463037807711829 0.6428240639416548 0.6562056376847689 0.7054049510885902 0.7051029608773672 0.6945231041896393 0.7109737741067729 0.6885607780505127 0.6605067399322815 0.6320403167667924 0.6019479890165215 0.582806152317897 0.5697550969689376 0.5280769580886001 0.518866946243502
0.8520433971932448 0.85494709819297 0.8439128766766694 0.8004161897421553 0.7843831588225793 0.799179466654586 0.7991653102653827 0.7925557693036939 0.7892498133538146 0.7280029417289537 0.7115854976715423 0.6828048803819882 0.6896761413334365 0.6930384927284633 0.6937411057288313 0.6904637111432796 0.7192599120539919 0.6944994839010836 0.7264541649555756 0.7089277291770063 0.7076340215472304 0.6657522153510603 0.6463904308601245 0.6517070464310891 0.6008280356077763 0.5892370414429469 0.6178872201989116 0.6233867995798975 0.6197060506706497 0.6456194975206171 0.6902841104265877 0.6939337621427648 0.6763278411975223 0.6979619464182869 0.6777525115211801 0.68872061466634 0.6703913951042424 0.6398340281569811 0.578143746138797 0.5706340553255587 0.5667368956872626 0.5058862609210582 0.49865510526457846
0.8902880748784127 0.8536047580409803 0.8588563606762528 0.8137479599730141 0.8516861201580648 0.8423263920568815 0.8067130413182337 0.8232075779984123 0.7647817478614124 0.7512360119734731 0.7456960374574518 0.7089417230117326 0.6846624368754612 0.7258051908237665 0.7134118595322675 0.6917440540276479 0.714647929755682 0.7013125836580513 0.7366127058421796 0.7511386794004113 0.7054836059987891 0.6949549887141971 0.6530419809764875 0.657785082466455 0.6239331860151403 0.611430456756318 0.6347510855639622 0.6376596268448222 0.6675487461902045 0.7055301755595332 0.7075477748994913 0.7444635415838672 0.7252775333762698 0.7482023598424447 0.7068906453842374 0.692139891073895 0.6870916661253855 0.639245258831321 0.5895261737497833 0.5747230361214236 0.5589143405750746 0.5335021134168375 0.5230102182740239
0.9454393296923501 0.877209832719975 0.8349541245350901 0.8412824046425939 0.8680371131575421 0.8524726318631759 0.8262140893332098 0.80622549713589 0.7870997703899106 0.768749995808934 0.7956321132751624 0.7388688771708639 0.6989509216156803 0.7145663719038868 0.7340076378588323 0.7177915481214658 0.6996876662971326 0.7182069096003818 0.7463562715693521 0.7418495844381159 0.7245324601948006 0.6947510777868156 0.6648556027362283 0.6711552443104448 0.6479370930470674 0.6694219486469799 0.631870197309075 0.6514098587589298 0.6998433156846784 0.7317368464052499 0.7813641865824597 0.7909473590770936 0.7887525883631942 0.7576042784827367 0.7531146800832675 0.6992717598491335 0.6652992676201759 0.6585610685274393 0.6589847318693496 0.6190897099354062 0.5553300320724267 0.544379182713377 0.5132444809527371
0.8882552269297472 0.877003771100687 0.8702638035948542 0.8492885624381485 0.892251165374281 0.861683717115162 0.8301353553840205 0.8215001826738836 0.7951464287412874 0.7902265931900923 0.773602833277972 0.7605328980340029 0.7212890746640374 0.7388631464975103 0.7466325417579778 0.7158243927855789 0.6976838758140391 0.7363708054187095 0.7642526149024303 0.7498395242558787 0.7185358807178778 0.6912689320991859 0.6602031040322034 0.6868247275241848 0.7017196373408363 0.7013343910831255 0.6997478878767224 0.7297660971172337 0.7617320724873456 0.7841226881359553 0.7967192231332171 0.796033789127261 0.7761951624608632 0.7822803293599244 0.7420929264944278 0.7193586530304706 0.7203474177395255 0.7021893365103437 0.6693695890547192 0.6189624401024882 0.5972823490524034 0.5816539876066278 0.5477479326423558
0.8624909907889176 0.8636842975067189 0.861175942508151 0.8677769452572396 0.9053244229606261 0.8891788536494529 0.8808076984151513 0.8676174881364591 0.823161468759325 0.8010646566574513 0.8285871315602815 0.816531283880608 0.7686633855994508 0.7617833811587618 0.7436263341924594 0.7218178106007129 0.711193987616715 0.7299984137563985 0.7583915251076805 0.7465754249679605 0.768663767646948 0.7516713230485631 0.697716235472384 0.6911397099082474 0.7124594359187661 0.7224031083615486 0.7202710975489345 0.7400176463513808 0.7723717884356215 0.8016400325522663 0.7975363341603475 0.7975785945093449 0.8001942662897619 0.8005475143716192 0.7674757991549325 0.7281241427203151 0.7368871494366298 0.7098461347846161 0.690729335955238 0.6757773714788945 0.6324523940139986 0.5967145257916061 0.5574383981400156
0.884548901611248 0.8335395122768622 0.830727888280406 0.8606950421046167 0.8625901088836976 0.9043894367527574 0.910594330697377 0.8678422415509877 0.8309701414967336 0.8501950422392157 0.7980682670726292 0.8053743894026768 0.7950278716478013 0.7736282351811036 0.7325532993475149 0.7356799639635334 0.7594294599369311 0.7785035723199122 0.7827868885152479 0.7375681392793769 0.747846814653865 0.7469432206085005 0.7581090984162536 0.7353030017655412 0.7442345700488241 0.7197329647839004 0.7445765836800254 0.7592167056109547 0.749040080558774 0.7594690591984105 0.7922054420436708 0.7618307197302415 0.7634987593974651 0.8009897499631432 0.7998240136860653 0.7650859116112864 0.7569800643653392 0.70625513984934 0.6886471868867262 0.6592026845233332 0.6392194908816821 0.606512407909632 0.5809938194215024
0.8434674988439034 0.8152071015588426 0.8300830301020339 0.8726373229983393 0.8422096588650658 0.8602267651310289 0.9111803274413782 0.8706257545705087 0.888860691851376 0.8567555642355371 0.8145679305105885 0.8164990949714349 0.7653934753076146 0.7755436608336829 0.7756990808923846 0.7535899572491885 0.7640062347808241 0.7766848272352432 0.7855365007527874 0.75607467341109 0.731182507383835 0.7491273869074875 0.765696316046161 0.7370112077264481 0.7612381839892259 0.7492888493128242 0.7834956297962584 0.8007942526796897 0.795653661657006 0.7619214454141349 0.7661652769102837 0.7683546179480752 0.7866768873909955 0.7747038765379861 0.7701316927431455 0.7529815456801362 0.7833539433271605 0.7539796996542156 0.6970455152737495 0.6780201490887022 0.6938574025130054 0.6537674205232188 0.6215569417033174
0.8265305618217701 0.849897802064989 0.8387221414797396 0.8603517424761589 0.8831983202093516 0.8836508519802486 0.8950302811444462 0.9104109612036296 0.8857644683409253 0.8614683406805476 0.7998162185267409 0.7878998712444851 0.8062569093773125 0.8190151564866144 0.8119603176351513 0.7896952887427109 0.7855169869997193 0.7970522249686388 0.7909881057569457 0.7885145965319103 0.794743146205372 0.7792414312259919 0.7641278520507255 0.773191158114076 0.8054174344304875 0.8113176410593691 0.7934589326220957 0.7708358934427082 0.7545455246080338 0.7672377398848833 0.740338576407417 0.7633711028963309 0.786752855989772 0.7798284656135549 0.7519516718014586 0.7690479372881485 0.7515666987848431 0.7505272379108145 0.7122520117235679 0.7317649721563265 0.7113108829073836 0.6885597519491312 0.6613318268033583
0.8274197765035193 0.853074471562722 0.873091330424156 0.850110060943788 0.8585903765736428 0.8865004824160704 0.8657766592791128 0.8626049358006854 0.8853864677540507 0.877496503012012 0.8348867902108573 0.786082767276218 0.790520592672848 0.8300285542270431 0.8434651039304282 0.856853383353905 0.8194645581596351 0.848002896816451 0.8516674517004399 0.8517820048666058 0.8012747358241463 0.7818615328276945 0.794173880206276 0.7826419907082615 0.8335150250029121 0.7891488762931781 0.8068125782401673 0.7685964011092727 0.7729329167644491 0.7837189034304807 0.7379180391786723 0.7702074604511202 0.7491967924406527 0.7701216563849739 0.7360904776839793 0.7387239378649755 0.7525719531443341 0.7145721769958185 0.731268781743721 0.7043952834610321 0.7179043253787669 0.698612938330918 0.7029133934608599
0.8246957408675564 0.841627784229736 0.8559458097035136 0.8432097546344596 0.8219000133582955 0.8310926685158222 0.8725704198125023 0.883238922245012 0.8574113779250508 0.8784571541493146 0.8402606114093991 0.8239686235207125 0.8442948449431522 0.8369014039275595 0.8388901102253031 0.8783116212846148 0.8781388462727873 0.8968314782452741 0.8897843960231888 0.8657307010990101 0.8232585287283373 0.8279349746806013 0.7867047133014692 0.8185507168134624 0.7976193416175401 0.7927436009815725 0.7963533540673942 0.7945796365723169 0.7734578011336367 0.7564950381684761 0.7430095089337828 0.7462147689730293 0.7647729643514144 0.7623030448272038 0.7420768356372226 0.7199917288764304 0.7083033695046452 0.7201227817986432 0.716867292324892 0.7280867394793956 0.725071918541055 0.7591130672652554 0.7035992501720559
