Raster_benchmarking/continuous/raster-479.asc
NCOLS 100
NROWS 100
XLLCORNER 1743165.6765224347
YLLCORNER 5469286.977119217
CELLSIZE 10
NODATA_VALUE -9999
[rows 19 to 37 of 100, columns 0 to 42 of 100]
0.3380289181427438 0.3344367311724204 0.37239334281650066 0.3701254795881623 0.3460041875591956 0.35646928043282844 0.32533204423556833 0.3251934811977171 0.33532925002569036 0.2883487813089206 0.3181958943128471 0.30326922201803697 0.32048365410272245 0.316128602467147 0.27789053918995765 0.2970704584414118 0.2587038352554919 0.24568549495640093 0.19695974174706066 0.1920076452836517 0.17718675154449268 0.1243604366757787 0.17289863349195622 0.18804910610266137 0.15952476470860358 0.16516347255548372 0.16818661053929218 0.1523645048171108 0.20133032041022078 0.18328133096726884 0.17982974000522775 0.15670252281755834 0.1132595052088151 0.10467607250461448 0.12782382864325076 0.09926173822821928 0.1152361003103967 0.0906253597372971 0.13894729935878106 0.15094308809930704 0.14689878587405644 0.11101640935637916 0.13605186341241546
0.3642448458639162 0.36991326479661085 0.36082037217386553 0.35071669410616174 0.34350787761004703 0.31993741544696935 0.32791403608327835 0.3236445138767259 0.31014066577626737 0.3286672572509672 0.31480663182322305 0.3141928458057078 0.3139683226249339 0.30549154149523555 0.32416810515029665 0.3081825576388089 0.3013270015244105 0.2583455949872712 0.221277110648507 0.20902043404710538 0.18159808591741344 0.19260177664226613 0.19022334292636395 0.17296387266441537 0.18801909413081125 0.1893926027414758 0.15979396074586524 0.1980116727159073 0.21604478230242177 0.1861597195900695 0.20359978517877206 0.20164741726036417 0.17791810537297448 0.1200869291853879 0.12379408317271856 0.1367374283510336 0.12145093121751777 0.13408420798771878 0.16458415602512666 0.17900646682240645 0.16205181409594124 0.13006691920915842 0.15318773698093038
0.4219859780790771 0.40969869630345934 0.40283032184832807 0.3942698669523704 0.3790470267447547 0.3332064744583953 0.3418817463331822 0.38670511783272477 0.36015535081578126 0.3317415179178954 0.3307905017992281 0.37771238342810365 0.32049608035151816 0.31737790389282755 0.3280686986573507 0.32808931014011794 0.2773666657364325 0.23292698135462336 0.23136934947951845 0.16242193397107627 0.16812870627921636 0.18038166200781341 0.1948432194383006 0.17708294740258193 0.17047549952359944 0.20109875084822698 0.2200870317698439 0.20921153358437342 0.21710401917463917 0.24201428983069917 0.21614733110420511 0.18312266984195363 0.2002919626144254 0.17215943926886818 0.13900498741329959 0.1114620404271991 0.12937707754669675 0.12094969831604757 0.15972958181583854 0.19851051106831494 0.15273983820370396 0.152102576622161 0.17189863075696804
0.41650045453681245 0.4227449532474493 0.4298562331229507 0.42448890531683736 0.36957165588877156 0.3817599577600665 0.3877483896564161 0.3875686869326625 0.40156008532480725 0.39538279589070024 0.39603999062609907 0.3661864553554524 0.35150659112108446 0.33529351701876403 0.370708797568876 0.3189000580405993 0.2707110159406309 0.26047942086953496 0.22169136001606732 0.1765246831015315 0.19627602788919563 0.20787899591671988 0.2059069095929176 0.17474582748708786 0.19445186967715503 0.21010098742233263 0.20914974418310883 0.21004044491581197 0.20358986757338038 0.20393094215908578 0.21115651838441807 0.2098089741036891 0.19390337537520613 0.19283873826323622 0.14946524664655955 0.13665927500876013 0.1474805408960155 0.19012341549242612 0.193932986624538 0.18025440349333693 0.18399124127250788 0.1701556794536023 0.20017535559901112
0.4032425148487336 0.40289930692632436 0.41089722348768415 0.4090881325987412 0.40456510683116725 0.42982484143539346 0.4355069851395163 0.3990098951862888 0.41250632234793494 0.39352805216187264 0.3948470835946371 0.38658054027674704 0.37837484778859415 0.402851547267284 0.3941274036806299 0.34450677959350134 0.26845756319311176 0.23772252814846087 0.21260987755412453 0.21184956524722082 0.22356465884095797 0.2358521340596946 0.22349388665222295 0.220593794026922 0.2548304703794975 0.2582623137117338 0.2517866789254119 0.235660304208214 0.2542779780478971 0.22135989253096328 0.23964036056323762 0.2745338606428695 0.24201980971799178 0.22852561975195665 0.1940607862365072 0.17086124072063516 0.16696816487003968 0.20434989134003143 0.23232895785915852 0.23891492995035132 0.21416059250364083 0.22719832674860746 0.22376235040640313
0.40928351075952174 0.43441006462924947 0.4256885494036432 0.45694051685050396 0.46336791814339257 0.4639692957137894 0.463052972580687 0.4594082414841368 0.4492395326583338 0.39641533960100983 0.4014403255780323 0.4163296277703966 0.41324876367203245 0.4129210360886101 0.3925195652349547 0.3447204731084035 0.31860069865437113 0.2652315613915713 0.24385492832044414 0.2683590575498834 0.24742814387038345 0.2524311331260055 0.25114836519421707 0.28295722861953543 0.2861717311733705 0.27928204401936063 0.2766164129860155 0.30798637535099455 0.2905897464978531 0.2951402001448575 0.28965470360690715 0.3001295397862101 0.24713079129029883 0.22138662810342183 0.20102445718009582 0.17791947510502337 0.20713824131904737 0.26480423844003104 0.2766672842475077 0.27531067477382515 0.2630095585258625 0.2710660418472141 0.24482018665750527
0.4660434214366785 0.4798542649667327 0.440950847916463 0.48318249214761705 0.4496727159073708 0.4918745727583115 0.4698988800296534 0.4867859896296082 0.43980828785759823 0.430635117172963 0.3818718288599888 0.36864587103087876 0.4001586341570173 0.43736357943448706 0.4021254731137741 0.33653647391390856 0.34695124879183004 0.30021755937652733 0.26210836284426214 0.28236505052527366 0.27410123064823944 0.26991132793976635 0.27065531404006465 0.2860179413881183 0.32998811795797844 0.35920193341449447 0.31542438296081754 0.34445449812307083 0.29442688757092184 0.30309647175411486 0.2725085153724988 0.29787933931173866 0.23668901346366866 0.2155668780122451 0.24792869801588677 0.23316553151343178 0.24094876126626147 0.27805919829335 0.2821835688243022 0.3011993174098736 0.265892971639373 0.2596042041898246 0.21302428457394834
0.45974679509020944 0.48008441452327244 0.465025870724115 0.44274453135065184 0.44084728970992243 0.46670086920877046 0.500946434029083 0.45941816567307253 0.4276329325874856 0.42029679438285655 0.37145039225431936 0.3766504722444867 0.396988484177059 0.42481461456218633 0.4139328953087969 0.3669337602757044 0.3523041028694767 0.3100028562438708 0.29842971431002857 0.27788567701552247 0.30405021164652807 0.2949861334372782 0.3417956696774987 0.3126927587502766 0.34673289124898116 0.3584549187522827 0.3198602800818596 0.3336414976869558 0.3293030165383989 0.27762331004600577 0.2773109602711407 0.2870400565244197 0.26947997609985275 0.23295938030674118 0.23951241175520904 0.2404306644506897 0.27813152601099245 0.2442424082246399 0.28604216124557674 0.25239417453433804 0.25262837502166857 0.21627487246870153 0.20579858898638498
0.4672863920924616 0.4682421755119958 0.42512519215016603 0.42661098154482496 0.4247607730336061 0.4649308859491865 0.4448722545193702 0.47414930858005466 0.41833019128017834 0.3757923659640932 0.3583099428100296 0.37485515971535205 0.3978128510354752 0.43089375538593166 0.3802907138586002 0.37732166168773784 0.3367140868739977 0.29277927048934665 0.31159183588210915 0.28291025441169243 0.31506660368315614 0.35140570958730255 0.33765896446679355 0.37103977333584864 0.3420925565067294 0.3319917852926828 0.35117198588222026 0.3324747274080194 0.3384096217447474 0.3029142604471959 0.3091694978189189 0.281993350112525 0.2531315123946395 0.2563361060912585 0.27348474253480914 0.2671248199543902 0.2608080913526026 0.23737949197025116 0.2580683915054405 0.25669451314665603 0.22990687573049223 0.22686865342302073 0.20414299065407387
0.4445684685403933 0.4693289970532355 0.43044144620549113 0.4465296990728484 0.46518627265356005 0.4751897721235386 0.4428039346344561 0.4625197589877765 0.4376536755981045 0.38550179038750243 0.39366942127614446 0.36585875894616093 0.3815070254304235 0.40854889716837894 0.38189678454990506 0.3568320897462316 0.3068391097854405 0.3205428451758163 0.2952101534991456 0.32116255610513667 0.3050281347296581 0.34533400465742753 0.354501586748109 0.3345031527850229 0.3523034637402073 0.31407904498907385 0.3168287307437547 0.3069934736652788 0.30224637424340245 0.28148175767811323 0.283230521886355 0.2811947488680422 0.24965811739293586 0.22764212476372894 0.2438688910911331 0.27799218640649076 0.25560280343060954 0.22593986720773843 0.26261628698222467 0.25864889693413956 0.2375740162864082 0.1942280246954352 0.1993457244879275
0.42008815713536857 0.4371760271729109 0.42158842322437434 0.42339352157801946 0.4350106134186822 0.4680499896600931 0.4534133362727643 0.4524463788483964 0.42068414024142115 0.37988587856301964 0.40233847450249116 0.4010677045478931 0.38378889748579736 0.40930405085750454 0.3529562168108378 0.3246997524553199 0.29183514753243683 0.306748114226906 0.30407820298538407 0.31389124743948293 0.34357597986328037 0.3550303865359124 0.3213420521273354 0.3143998893214761 0.3036605855791177 0.33045529994976747 0.31907766897818735 0.2657747133319095 0.25316278300035006 0.23705446383517215 0.2701765313083087 0.2732933687205232 0.24962804349181575 0.26115364878593283 0.2742136463853183 0.2668421826705892 0.2431347789870632 0.24813292216525834 0.22921548852525755 0.23474656737728597 0.21543527714321214 0.21305896593758072 0.24030938043783429
0.41249513364251916 0.40666730752757974 0.4220579217075484 0.45478368361154425 0.47483879262606 0.48322307536238496 0.46714189233586667 0.47168847605355246 0.4437196673816578 0.431924653314408 0.4180805369297983 0.417700779128875 0.4036226816907413 0.3996506159760401 0.3471256926902735 0.32559524991910266 0.30349941766074506 0.3023957519097896 0.34515841617484966 0.3240250650815507 0.31881669873766527 0.35801342707956957 0.3410959759982222 0.3519302076768548 0.3073994632422137 0.2983760409659229 0.2959191681972801 0.2653234463867453 0.23373289388571117 0.2305575676238424 0.2669413464748283 0.28335660191255774 0.24655083183263898 0.27322137108084826 0.2433700516419643 0.2541962989197432 0.27025754509671707 0.2563743293256058 0.2716303821059575 0.26000279181529945 0.2767739989388673 0.24443077855643577 0.2391223409750759
0.4276390445377582 0.4428078425986882 0.4249763639766419 0.47263926588910676 0.45114176124771 0.43384404566192086 0.45370471564560727 0.4695238349155692 0.44551180192685164 0.4647262747240414 0.4519694719422441 0.4257053181782983 0.3663955870977581 0.3535396027034051 0.34859286908117176 0.3325301664390507 0.33143594791309205 0.3391236304364457 0.3117553471298713 0.3206459410780657 0.3292944423152146 0.37732997497954635 0.3909185959301533 0.37017025355028366 0.345890120305701 0.30221210903309403 0.30261959193424254 0.2888672974378688 0.2790475420471488 0.23419378994166223 0.2765218712990532 0.2656551048399146 0.23958000275997796 0.2521089686141848 0.2506884317385334 0.28334312238175624 0.30235322702984907 0.2742813847049051 0.2922123091908223 0.2869316715186153 0.262904424255463 0.2726031110915807 0.2516002940586829
0.43153725746593197 0.4190530004068883 0.45222067542677896 0.44032496838764607 0.4536988252301566 0.43804102785961785 0.48810851834265034 0.45135191498558375 0.45798497585545495 0.4494879659226872 0.46482557530033336 0.40857251682227996 0.3753698925609282 0.34775211921592525 0.33218459147555446 0.3572874446616549 0.31886025874274304 0.32600128825313873 0.3449404978005149 0.3590102656961399 0.34674955166433036 0.353069947026444 0.4009527762800509 0.36218017335153013 0.35265001605304547 0.29271105276043086 0.27185554216174457 0.2664275510945724 0.26197386187530186 0.2912358814064139 0.2788394161813947 0.2898172599238358 0.2810931378916348 0.2805183148315126 0.3022487389127222 0.288334745614105 0.3093374406451326 0.3066772280232264 0.3196971734325538 0.2886624426102212 0.3083354986652001 0.30398121120501626 0.28523858336115654
0.39112830704493345 0.4087078673657748 0.4182730187985021 0.45237343677716674 0.4442116481226588 0.46164103221281166 0.474567823341436 0.4845410922221491 0.46038901013220873 0.4653577824335478 0.4365245373325248 0.40078360435516147 0.3878845655933601 0.39303732032144584 0.38533612309151805 0.3518153263595619 0.355880845126191 0.3358071855607273 0.3616655109836543 0.39407767416351736 0.35921509520207234 0.3771512300153189 0.3716852222504309 0.39009388269907 0.3237870558460347 0.2981131758326013 0.3011698435714993 0.2821284725503308 0.30951694755660986 0.3056836807072448 0.3196171484443739 0.3034861762263344 0.29910068507985593 0.3068386319555612 0.30596624638488673 0.307425477642541 0.36007399156140657 0.3525198313196983 0.318446681455624 0.30690085997629196 0.29041759653914206 0.30913200812665315 0.2993789336577078
0.387567712258611 0.4433598932717932 0.4567475622469985 0.47206001053890423 0.4893960833622386 0.49866155874391793 0.49054325505133456 0.46418575434037734 0.4708018130913252 0.4769635843275953 0.42041530615675987 0.4086380721120397 0.4195934814137098 0.4113080839069925 0.40870494879660546 0.38140954841975966 0.3555846246008105 0.37865999729485095 0.3785320937346246 0.39336528740063936 0.35369611062932477 0.38598919917811797 0.3824332416565075 0.35638354491615754 0.3449257600186289 0.3222590375386626 0.35683311075948165 0.3438616977461672 0.3457362902079314 0.3594348557576004 0.3511776928289024 0.3620022119059985 0.3657327306299202 0.37677436326788805 0.3660640792093035 0.36827054210379934 0.36982318845114076 0.38290956682129057 0.35282883540045734 0.3333249163294113 0.3155624886084479 0.3257446964698758 0.3289869625185177
0.41893933488426294 0.4254793843441768 0.4395960359516899 0.469144144106695 0.4885377982972386 0.48755609437107905 0.4763958767972339 0.4461621693078058 0.46709756639925026 0.4618029536481264 0.4213009191892027 0.42519500688954476 0.4463338659298146 0.43942655317136564 0.4139613729803256 0.3958047015953914 0.3964519806596455 0.36838665953335753 0.40258395810190944 0.3849543582219588 0.3619554914379009 0.3559698142065283 0.40436223375491004 0.35685612532122285 0.38972722323941456 0.36373469965765565 0.36377309411066966 0.40500480395675864 0.37647941204973073 0.40353745519608847 0.3701965393896084 0.3862530882806703 0.40999250298158946 0.4234230932982514 0.40903606675715587 0.39133999445662093 0.374709141596962 0.3607062595649147 0.3442664221565511 0.3380125808146042 0.32012548346277075 0.32938120298808904 0.3443717365378978
0.4225514148708252 0.4639993500035423 0.45568409141149535 0.4503738348012535 0.4577480231582099 0.44669109565751935 0.4601215299300281 0.4636326233299805 0.42947427046098113 0.42223727110045767 0.4503469828700236 0.42908500275158423 0.4256301451277644 0.4384007492775901 0.39765836625162826 0.3770262352894009 0.3647379346143994 0.35294789823880734 0.39771988847726986 0.37864603328024404 0.4069807783612519 0.39538046009653305 0.4249117924428182 0.42284125345020607 0.3951125833798995 0.3876101427439127 0.3836737859488164 0.39641566730319117 0.4098204432660261 0.39579116294680394 0.39901678846232425 0.3922129118804265 0.4191598362244191 0.4285461805650429 0.4210373458217924 0.38142789337647526 0.3803944185129498 0.3408283736478848 0.3572758307844556 0.34938588377948376 0.34958702995162444 0.3725755549390175 0.3824759374865961
0.41389911158628406 0.4846970280725351 0.45056032362892273 0.448552896901621 0.4492078573579276 0.4596967936140912 0.46303299162887607 0.44008297312724015 0.4453207204355771 0.4104542695986455 0.44303757839612046 0.46900122571884484 0.4402918157717034 0.44192320458124607 0.39109500807995273 0.3713128640788392 0.34928237420232966 0.38454618601291846 0.37969734167117536 0.40449867782994964 0.4127311502339229 0.45168244012802067 0.44623882868509807 0.4493329199529992 0.3928758263351558 0.42014343279831723 0.36934822281379154 0.37161100556731147 0.39003401557775375 0.43281100449198173 0.42592594406390705 0.3848501979590643 0.4182295909919907 0.43926802582458074 0.40712348304357593 0.381060226838759 0.3723480816157806 0.3437760029323212 0.3922894912664114 0.3994920214689199 0.4006012964920581 0.43435287060083505 0.429158680530317
