Raster_benchmarking/continuous/raster-328.asc
NCOLS 100
NROWS 100
XLLCORNER 1743153.6299620897
YLLCORNER 5469291.150406994
CELLSIZE 10
NODATA_VALUE -9999
[rows 0 to 18 of 100, columns 43 to 85 of 100]
0.12390829496695309 0.12094882134057702 0.1239392269821582 0.13651637517958123 0.0907628529756385 0.10073989631023059 0.13005415994681802 0.11330259147843974 0.16717543462205278 0.20892503452570346 0.2163775029245302 0.197515786459958 0.18630276288116493 0.18580597673416158 0.21736439281207462 0.20999138949781287 0.26073256471701883 0.2751462593152203 0.2753085052430948 0.323493237101563 0.2628352771726686 0.2712558037577574 0.2155681786048098 0.23740204741615029 0.2512476493944903 0.22432295300966082 0.2330546365683064 0.24312962097317395 0.17068199749700372 0.19276613962915484 0.16416817771311212 0.13063536087789662 0.14349583588378462 0.1271964458183746 0.1571112065524175 0.178503151287979 0.19423303944529685 0.18514991889589202 0.23512801732091304 0.22905162945073126 0.3133821406263313 0.2945514382062445 0.3237981523863826
0.17871753907905163 0.15485213895205385 0.156778379509752 0.153967534672474 0.11477662269138755 0.08744155763892493 0.0810134407737522 0.09202044612790859 0.1410685609267306 0.16945605650803297 0.22911810860381202 0.1746691268561923 0.1524306158856972 0.15512917177317506 0.14959568111080748 0.18151320831015127 0.24145774744210347 0.2254632967708079 0.29011548516989216 0.2717303292647776 0.2724288377072309 0.21312990433291754 0.17760901033039556 0.22363339184445383 0.2587172058238633 0.2559629222573007 0.2640631983392399 0.19981675956540862 0.17399748035889068 0.17641370316067762 0.17586384992929668 0.1489210368141233 0.12968102506622647 0.15365647288519627 0.19836655449302198 0.16352705594080746 0.16177493127167333 0.18469682717075825 0.20392520534495473 0.24330649907215723 0.3327683689170559 0.35810109151247876 0.4380612203164509
0.11808026274928846 0.15633424399035398 0.11493364480843635 0.1302841420352777 0.0876038965996111 0.09797037062777653 0.06900090285899023 0.11616830096736656 0.14004904770733684 0.14054228175980113 0.19613307873423683 0.16008067794702802 0.13537419759230174 0.12054796938294692 0.14924078932941204 0.19181179903914444 0.181841349737183 0.20853283647907178 0.26961320304356207 0.2564145700727994 0.2271400768132164 0.16731993124287703 0.1631587382066672 0.17435207288494967 0.216087435512672 0.2561971028283403 0.2579461934250747 0.19340023789833782 0.1901242318004929 0.18597352860394245 0.19217169373889012 0.14071130692017136 0.15431438035626496 0.17196650739610164 0.1656792886307862 0.18497963866796802 0.21102116042282532 0.21419207033710394 0.26903872094841796 0.3291006012383638 0.350574927449434 0.3897798906899151 0.3905764335675949
0.12346916444593949 0.08114611982339877 0.06310880285155586 0.09847613683772853 0.07749842530820243 0.12398259179622276 0.10783686711124506 0.09647116607327771 0.08660747868577189 0.13673567640361364 0.13425236077608763 0.16775777058507477 0.12425250032227687 0.16300944768902978 0.16806916162780086 0.18669783559820077 0.1786813741480206 0.18345079075962134 0.2153946986394234 0.22099165612930166 0.16346126431755809 0.14763318519214164 0.1373135778674279 0.14434705454214478 0.19995660303582777 0.21078682775376992 0.22853738333493911 0.1839405092156672 0.17038626551985397 0.14688258318786043 0.1971645063718083 0.15819568142234017 0.18780968325692854 0.1801742828869715 0.2349261664861394 0.2347720623885244 0.20252606186902294 0.23935747041542227 0.2704355658451433 0.3285357968455401 0.40057472380598336 0.3882373415401428 0.3946595027516939
0.11982816468883074 0.06250394764393351 0.07512624466606918 0.10008977193068354 0.09811331087692893 0.09474854204983545 0.08842994941340909 0.12323801127583332 0.09232336657877946 0.1349232294514288 0.15627404443442802 0.15180208195937142 0.10162373685921931 0.11813857581920204 0.17943640203771377 0.17867428326609158 0.18258039221853223 0.15408548896000202 0.20477342866250675 0.2018590583272781 0.17007102671647092 0.11768477082112291 0.0998894723004018 0.14763979456120732 0.1621702980150635 0.19741676663884675 0.21030976950589597 0.19105633020918442 0.16420288058544552 0.16214156174021838 0.19589314427434104 0.19148857321049131 0.20541653375458016 0.24485571246194612 0.2542834124829667 0.22507466118753186 0.24846061359866534 0.24234098100251464 0.2937423457519539 0.3334380950252077 0.40614725308913985 0.43408816953974816 0.4604650068641964
0.08221532993493097 0.05166409580308804 0.05590701441220235 0.09598713249819363 0.09217147183256917 0.0943346359182016 0.09610059146437855 0.12388092255711057 0.07395043434876747 0.10834228323565406 0.1517423796659562 0.16653360610757528 0.10438793482822917 0.15299295669528432 0.15314376810174493 0.12330038402365086 0.10040294143419806 0.14762693842123162 0.1983378818100346 0.17990306643887408 0.14292966695072473 0.12044306814532804 0.10460896875042015 0.13199740409281505 0.10312367082271923 0.13219937289898875 0.1899422151175072 0.19203609912204533 0.17899332028232856 0.17827403629814384 0.13887450651940356 0.20783216676333457 0.25186156780900715 0.2653682238424449 0.268519446111812 0.2530894970693022 0.24370778436638663 0.24712524980679465 0.3028681441038529 0.32650756030134775 0.39347548504363766 0.4490995927323656 0.4501278643277404
0.06023913410471645 0.06545225052464584 0.036588301273806925 0.049585626415115 0.06504883837455475 0.0840319167348664 0.14092260948742436 0.13536584692917245 0.1427977756201918 0.1077527512447846 0.1611272412051498 0.13423402091716966 0.1569395286152672 0.1419488379629857 0.1400999043618278 0.10250980432191922 0.0864670000556504 0.10297413335789134 0.1288773348875082 0.1413201353721116 0.14644426642594388 0.08227678338348368 0.05309019781439968 0.06236461318907399 0.08630546768998709 0.12208294014750595 0.15207509272981112 0.1499413242952511 0.15297165316628594 0.17695090023450122 0.18631974743210328 0.1981276670653896 0.21917368758029615 0.25026709276178116 0.26844359729391476 0.2269058609219653 0.23557917820807925 0.28404777118163155 0.3172019995377993 0.3698495571338643 0.42431249256094955 0.4093027905651576 0.42385549401335687
0.10651989353748417 0.1046294726529241 0.08817885043581193 0.0712347567190945 0.06663401947597843 0.10715250438987658 0.12060938338785893 0.15032456211529543 0.12935300352412576 0.13821723491961121 0.18879946813149698 0.15217294747920806 0.18456223136336453 0.17004989627069392 0.15590693229795274 0.10063372537299071 0.06180361059706265 0.0811115630689624 0.11775263170019509 0.11164591504959544 0.12933562770750623 0.0629400008556269 0.052155388393898036 0.061682040406767814 0.08287271676765375 0.112348775891615 0.0929271305746839 0.12865282842402306 0.14876139391195117 0.1905088342304853 0.18254660266754075 0.18731820071209673 0.23426905661975514 0.22922158016337418 0.20627582003530584 0.21416689506789352 0.2419249705641872 0.3032325216206677 0.340109951225196 0.34590732976194394 0.4021539163965491 0.38454939551859574 0.42522346380413734
0.07215746584705962 0.06878580543467866 0.09408674127468018 0.07585815863384154 0.08171016035788842 0.12939393804096183 0.15944923749110465 0.14313974268847016 0.1667949309144245 0.17199388169556457 0.14964184771467823 0.17955383188669669 0.17126068013193985 0.1318947565698989 0.14254513944243116 0.10609923643266574 0.08956215399442571 0.06620625891979744 0.045346276599304305 0.057142555043230195 0.06437294997571621 0.03434260621558411 0.02138904133588373 0.04101573765195833 0.0857518863618695 0.07153001054255148 0.11528119381024551 0.14318522590676697 0.14747449436950807 0.18070587375450112 0.20680673411412873 0.18829595037474492 0.22921276848660288 0.23011599748389988 0.23890848573089649 0.22239802388503815 0.2634781070937818 0.29733875036440127 0.3247712847967511 0.3840189817674871 0.4172638074380947 0.4158699001565641 0.39060155594765256
0.06819134533175593 0.08439941527650485 0.07116972006533406 0.09242408193776278 0.13081925404663064 0.16875610386316686 0.15925664713326812 0.16430849420200133 0.15535046863049665 0.14739127815918526 0.14835014011072686 0.14543450389822232 0.15442720992509443 0.12085879631340656 0.06877962962596154 0.07495344876382193 0.10329063384547346 0.08744168139379956 0.019652931284578876 0.03592066764306488 0.01265737493375015 0.0371472978087371 0.017315090055624684 0.07285594930594443 0.06431327524863423 0.07357457608606825 0.10088202088278503 0.14554204261278264 0.19403867410376685 0.19609903277157884 0.19095889207968084 0.24048988630631896 0.2738922965446041 0.2701079864809293 0.2676491131375402 0.28048312433776734 0.27274889169964245 0.3248473439332078 0.32726037477693437 0.35344786921042226 0.36630562126036476 0.3735267433730658 0.376163321972941
0.1252565737129999 0.09822229315964938 0.08217155958504192 0.12331466098062661 0.175711393262178 0.13736754340785792 0.16695565139698149 0.19058331982598203 0.1551226247650453 0.13947823225614667 0.13632551785155494 0.12522554307779768 0.1034193652763199 0.12256183750138062 0.08392171333941308 0.08256359027554516 0.0638666681248842 0.07118514591958637 0.01609149346006086 0.038030171088852545 0.03981268067235325 0.030949541921953906 0.041937163339192805 0.09200389129411307 0.06991348695476234 0.10690399225111548 0.13095674963409093 0.14726411143810425 0.2038268948852347 0.17231897582576977 0.21744166530741715 0.2500436526453139 0.2940522653591868 0.2916940850557114 0.3293413605302724 0.2921889477991877 0.2841721175827004 0.3097822909176108 0.3740492218494666 0.3872507385659635 0.36539479764824745 0.4204082814390325 0.3933080387472882
0.15095977498030172 0.1528103960308201 0.11419915258946267 0.16969049748261542 0.2044120920944411 0.1572550559286869 0.17860565039763635 0.2197271064110173 0.1721191713278647 0.11678297176637008 0.12183139608180502 0.1314577660728741 0.1247480208947739 0.10864667009476402 0.13159466718972115 0.11592962529420744 0.05324185337604477 0.0759018182021766 0.019845971583296665 0.0 0.009867922546377677 0.02645415070806718 0.08902339884547916 0.11286619389126304 0.1079849714571733 0.16432540641097337 0.16322636919401587 0.16826765802367177 0.17981932316291624 0.16411128831193975 0.18871439484922434 0.2225531271491401 0.2720951975502379 0.28471204923601817 0.3438814663145046 0.3627736930884143 0.38413269234238234 0.367929325632368 0.37333689933434183 0.41584860891764497 0.41630139781144043 0.4456403796269923 0.46098305029154796
0.1892599171636381 0.16642684325184967 0.15490183689707296 0.20429534393424906 0.16823571611931104 0.18849424450786334 0.1824812630802774 0.21726931578509037 0.1984276290094265 0.15041757867674685 0.13306093957855272 0.1435989261504624 0.10894371881186087 0.1294932499189695 0.12917950795199062 0.07783423369109932 0.06612730571574232 0.09554413290008658 0.07301950424860595 0.038518613634944625 0.09494481746557121 0.09250798780728547 0.0777185470690937 0.10707840358510833 0.12755866567325544 0.18423861991256357 0.15565634491768918 0.18114014593419087 0.21244306715619946 0.22328076283349577 0.21800476466456006 0.2222035325638418 0.25438850929879503 0.2949459638035654 0.3020410713937187 0.30768923710525503 0.36236277997866767 0.38975683845768627 0.3975269658480291 0.46479089171772914 0.43492431191207076 0.49265436778006055 0.4958209419800421
0.1579600616242194 0.1956111878474897 0.21177663423538284 0.18295999184576572 0.16758240041884168 0.1797105628504924 0.22720146479452902 0.18102917043239383 0.19502092151082998 0.15623065564115415 0.1370392449444567 0.13846764607041692 0.16011553481489899 0.1149491206396205 0.0932861393800661 0.09595861619244306 0.08999612082023342 0.11661958329919939 0.09308262184554737 0.10505102031207428 0.15553619589878842 0.11327106302471082 0.11846735980804962 0.14838875734356405 0.17807784859323275 0.20774404993703635 0.1738999018958847 0.180207111684957 0.2012686003753395 0.21164629067962518 0.22194072114442706 0.26566900019936607 0.2957016789970266 0.31477610476850576 0.26773676575862054 0.31893962693943295 0.35664491374067775 0.42592205635372926 0.45890498713227457 0.5003420641553615 0.4864712490895648 0.5412973716406893 0.5503242024330213
0.15978959805773776 0.1932637761722852 0.22343737766826144 0.18332296038329837 0.18812914596756095 0.21415447794524847 0.19940659673103303 0.18283599188921293 0.1553458178339109 0.16836083327351467 0.16092670390895464 0.15830526380411594 0.14234916461293057 0.15199671056399347 0.13423304769271283 0.140886912536311 0.16335944125333268 0.15602775464668162 0.17888781822481611 0.15076741183373318 0.18368087442601094 0.1720117031419223 0.14272838415742076 0.19073431754600423 0.18702747878474144 0.2161010855062034 0.22381084758543737 0.21323314408870675 0.25037408501090586 0.25950013433727037 0.2842987754963872 0.2902869004180679 0.3033602175880104 0.30421878047971423 0.2790395204162987 0.301212718067667 0.3438334317945135 0.4278847159507066 0.4475216431453718 0.5062534029298225 0.5469335824170047 0.5285043645200597 0.5633147457749275
0.18127783793111424 0.22598792986348024 0.2538967724380877 0.1972484767464768 0.20082020891921862 0.19072753069942874 0.20956804354208697 0.18621432425026727 0.1921633930476675 0.18215929388721325 0.1993649571908163 0.18655103546121804 0.1968285788219753 0.17351800907335901 0.14086857654594745 0.18480170682005093 0.17678917046849604 0.2017817268367556 0.18670329759367138 0.1711734684143978 0.18671874419708392 0.20359516315680384 0.2102968058585928 0.2039390185105677 0.20843912787374017 0.22549931271373938 0.2404726751927094 0.24286419518477348 0.28225868619117395 0.3401957487462223 0.37249086747941856 0.333586067669048 0.34785676649660174 0.3519310343953481 0.3288734614323567 0.3213784062795936 0.37423340764735014 0.4461117296717095 0.4661934113743567 0.5153812346116644 0.5575713839913848 0.5458550779553756 0.6009155999817951
0.2272947568486772 0.1964270471294416 0.21769661738132398 0.20030067453759628 0.210798481681165 0.21224881727101835 0.19273130752495976 0.20619692384650481 0.17323201737645172 0.22154708874210702 0.19638344924292464 0.1767087067674887 0.18770770122164254 0.1918202269080033 0.19271262701336242 0.19220837994214632 0.2063860718989442 0.20733184250049067 0.2070728705085695 0.20780203510355333 0.25890150125796646 0.2594070490713127 0.2534016121443494 0.28674953679129017 0.26948392210147754 0.2748662544885691 0.3019214939126746 0.34641157125763705 0.3477309002275894 0.39243508924930653 0.3657706118904277 0.3768880419281751 0.40066714662816605 0.3541527095160296 0.3585020937353374 0.363372893973392 0.39421816782517166 0.44974063414934273 0.505168942852632 0.5509863109266262 0.585870533294293 0.5870895917067334 0.560729584777104
0.22503325217349437 0.23148365311131702 0.22914799540798692 0.2488461419637174 0.2246777540091376 0.20026104732460323 0.24210375145217405 0.2034127910572912 0.19291477924928954 0.2169268122027146 0.17740789024624615 0.1905051200888041 0.1501018186502968 0.193762439715255 0.22078770956828295 0.19038061892991678 0.17960911594787568 0.19254326948058065 0.1744767889467397 0.25344327501091773 0.281963153430345 0.274514274089359 0.2885281247362314 0.31603740101747196 0.34014887073932887 0.3175402553794277 0.4062235862599083 0.43351616671156434 0.44011471464622215 0.4378148366716864 0.43273286666280186 0.4086267788510559 0.395104709544951 0.36477995740311603 0.38212613162832837 0.4451202316126512 0.48787395823055296 0.501745970546946 0.5870335281800739 0.5797727036947203 0.5734825836725765 0.5955267384830552 0.5914119508507214
0.21772913961347692 0.19977144974743785 0.22838444495963955 0.22152651736282272 0.2383450226574792 0.21787373253997333 0.22281651326967764 0.20104709064632467 0.17161264043035182 0.1611381103949232 0.1799145316748257 0.1696205118111749 0.1667541615937268 0.21559457201686222 0.22631271378872636 0.19102481101815694 0.16009791433778836 0.19364056397824425 0.21644299125641475 0.23891163389392678 0.26934879589409283 0.2850909836473134 0.31010523967533393 0.33288149454790283 0.3298545346531233 0.36374007606905423 0.37427764405549246 0.42250750835613615 0.42056483210065615 0.46663866849504826 0.426351147752937 0.43016314705147857 0.47541675672497447 0.4428085820824763 0.41666695623934147 0.4790912959593596 0.5059619991425431 0.5417179019261483 0.549227690819628 0.5894411350436802 0.5953400013507213 0.5681313794104149 0.5776393864122719
