Raster_benchmarking/continuous/raster-463.asc
NCOLS 100
NROWS 100
XLLCORNER 1743159.1850072446
YLLCORNER 5469291.225663394
CELLSIZE 10
NODATA_VALUE -9999
[rows 0 to 18 of 100, columns 0 to 42 of 100]
0.9450724661691792 0.9071839396387601 0.8774405564892855 0.8878107625525563 0.893119780398459 0.9066263229433762 0.8860621067117173 0.8811031867917603 0.8574042460285788 0.8780165939731135 0.8749866273094864 0.9290465121946576 0.9035784773308504 0.8872347252449793 0.8874109333022826 0.831424778974171 0.8451758789228487 0.8410091935704918 0.8186145044031901 0.7808140048010288 0.7728709622972781 0.7262872014193068 0.6740002761558115 0.6641706680971126 0.6720945022423201 0.6579827747910418 0.6300282303152969 0.6324393039934405 0.5918662481447363 0.5338821526709805 0.5546012011624223 0.524805318842487 0.5529333830688368 0.5142026057399854 0.546401240485187 0.5571013803689323 0.542524755046286 0.5417548375744984 0.5692029103350191 0.5798560144597462 0.5567424753329285 0.6111629981394167 0.6090640062937976
0.9340035043104419 0.9327310022755956 0.9045003954402171 0.9002871299653509 0.8912617345741407 0.8771468217666039 0.899382822065823 0.8902803108196473 0.8759958007002189 0.8591512322160971 0.8486048192980762 0.8727038253345741 0.8803615792580047 0.874109773945802 0.8350867256596188 0.8457417340007344 0.8110447067510573 0.8370658408632626 0.794493105641329 0.7695898435236365 0.7364238670367873 0.7020985483955049 0.6888416718419385 0.6636166249992466 0.6751175717697637 0.6249991086641206 0.6077080721563772 0.6179676860815535 0.5732951989029446 0.5237920066608631 0.5346432713206726 0.5059798238550521 0.5315523224001419 0.49229234237066155 0.5171997691129764 0.5288127590779903 0.5133923225944653 0.5054002798864667 0.5321525298810738 0.5624096516781689 0.562748399567205 0.5926500614355902 0.5881148633063279
0.9133618402428353 0.9303305618009544 0.8999298999030263 0.9228254806282702 0.8929329261010311 0.8747546254403451 0.8621963090814535 0.8743118154894847 0.8462297474316685 0.8653882667138327 0.861716214346704 0.8123916455035296 0.857199166537522 0.8522114159152226 0.8375032948570006 0.8526283352860591 0.8062891177871733 0.821257664661121 0.8072391098000546 0.8020243784957208 0.7422081131397007 0.7108074401036103 0.6731036016851236 0.652870155806089 0.6501052214501989 0.65530570150817 0.5841149771312303 0.5537096566007182 0.5416026815146606 0.5288990419484028 0.5146509224705079 0.49367443091136604 0.4650938373828902 0.48832436762184306 0.4740092999174433 0.49276766446437 0.5239158521970819 0.530697031442049 0.4913728634652616 0.5109980278512212 0.5330016721501074 0.5715801419533295 0.5191554418289541
0.9223704520428713 0.9118426187582047 0.907730288264315 0.9436780190213413 0.9378345540215096 0.9337601423857931 0.903602608147436 0.9074937343005475 0.875502601538112 0.8713950643306121 0.841640736756531 0.8388855126792226 0.8086784105337199 0.8334539730204517 0.861399901875331 0.8154084872278415 0.8224530420476561 0.8073431252853341 0.7955730316472441 0.7638678521401534 0.7635354340761569 0.7267930362451308 0.6746822057048678 0.6687903780468811 0.6500043853501523 0.6165255281816878 0.5701435738115949 0.5478396555694494 0.5335225519216699 0.5280928045384602 0.4696304330526114 0.4432541138473573 0.443859609142687 0.4319211214128494 0.48895186127198254 0.5118298017629228 0.5247112443256012 0.5053313780842291 0.49009546789828934 0.5009760266733582 0.5349269727190767 0.5281766625759806 0.5069213836102844
0.8931479638491202 0.9131878060265171 0.9129306901853779 0.9441917294606101 0.9582288454697593 0.9383475052109436 0.9108903793036853 0.9097610067331674 0.8751593951749093 0.8355859876174576 0.8175795423838798 0.8251047325061958 0.8262106443600955 0.8140566574350513 0.8036130075621556 0.82390698280244 0.7804089638853421 0.8004284071421006 0.7956487193430085 0.7599497726568663 0.7146867787726991 0.6886703293962079 0.629025559593698 0.593655969546751 0.6017734043081602 0.5969640936954612 0.5647294358198798 0.5507012063847069 0.531903960194726 0.49101756910606326 0.44734304065136454 0.4302559921007678 0.4045165185671902 0.4170153015681904 0.4300693659922968 0.4624225688239798 0.4777257775312701 0.511055788973075 0.4844324919656453 0.4702280107107608 0.5053063785895148 0.5281357502475248 0.5350298800208461
0.8481729319680762 0.9046831736074213 0.9214666475553428 0.9051422330698792 0.9135390176364507 0.9049258323270958 0.8931278103297197 0.8884327182306205 0.8675451839543905 0.8113797594952714 0.8455533941632639 0.8309207717941959 0.821635502518406 0.7654399149856997 0.7635027971816685 0.7927553723257922 0.7539261466856979 0.7338821478808303 0.7284553034702007 0.6713197862787545 0.6623786974466607 0.6237573632573397 0.586356541941586 0.5765753626285581 0.5853880383044787 0.5587835690032866 0.527609280809313 0.534964367064144 0.5096063400532211 0.4780883915654793 0.4551243269157788 0.431016037785817 0.4367816140500034 0.42300072294693153 0.41214854508532056 0.42600592098439055 0.4526278388061154 0.46227578011756465 0.48085474046342574 0.4948655047403035 0.48818295497051695 0.4761988978189817 0.505478206531888
0.8473541526422971 0.8651680262584194 0.8868487427345441 0.8668719105381022 0.8917464843922831 0.8158495757452996 0.8571308909892836 0.8197615942068004 0.8150926775132604 0.8056786065854693 0.8239260373986034 0.8787725976392485 0.7976446540516142 0.7718430489969759 0.7342449209637948 0.7185225518308676 0.6908885354310157 0.6931534184982404 0.6751847229997568 0.6154821760963246 0.5739212013962391 0.5609105012242258 0.5238432184302406 0.5203355933571651 0.5446219093459364 0.535832031433437 0.5298609313787551 0.519312206900351 0.4836883957817566 0.43688210170713776 0.42390770382548404 0.43337496065208725 0.38764737091005547 0.3667906624461037 0.3936035418367621 0.3972421441128283 0.42577801734885323 0.4576183148320247 0.4855414541373829 0.5059096521565761 0.4644627351743195 0.4515765506168011 0.4377542115847593
0.8408287493138316 0.8762244648451291 0.8388119153403475 0.8843750721703874 0.85974651310705 0.8414946034711102 0.8598246579055909 0.8390759327536766 0.8477489146696207 0.8333528890275018 0.8459829160560021 0.8346660163837146 0.8264106964840128 0.7990886628923333 0.7439123691478937 0.734542930659024 0.672238589057409 0.6740897484340737 0.6464113382307625 0.5844100083384601 0.5642900294896175 0.5533074339274788 0.5197634407940517 0.542338732638238 0.5196223815603684 0.49408815069002093 0.5036989172396501 0.46023271353726963 0.45306673954931914 0.4348437666080329 0.38712959502202265 0.3963344241019677 0.41399615528925415 0.37127415571667177 0.3947131974219883 0.4153470564769181 0.42350935794463385 0.46913041410770884 0.4545653695094833 0.4560362451577317 0.44529189931791624 0.4418066831976521 0.45991529630607125
0.8361988010847482 0.8582129679430284 0.8429887827069941 0.8697568638001506 0.8383637170739761 0.8231351129588065 0.8384787197954172 0.8879243346570478 0.8466262934671961 0.8618963557014647 0.8289352676736383 0.8602248842174102 0.813168491191133 0.8221389844249802 0.7352493100296793 0.6972746572684179 0.6509047227096214 0.6143595051971436 0.6235078066616084 0.5985021903430512 0.5656940340547878 0.4927367125049987 0.5161560893246803 0.5004106219548489 0.45942157578711185 0.47367778585772946 0.4267076870021681 0.40494425000071604 0.4146350668599043 0.3650643068132903 0.40612242305188084 0.3954636053204614 0.3698847032437552 0.3779121433748709 0.3627514432288438 0.3971868428720293 0.4284738281908525 0.4453334326562756 0.4392798327825638 0.44912449924822995 0.4137032643313682 0.44502909368382826 0.44822623312001214
0.7818712144129762 0.808480224197987 0.8012995661502932 0.8288264914727393 0.7897864385839192 0.8091803188668161 0.82626273876222 0.8637898754939898 0.8550523632294746 0.8195660296685482 0.839977271625701 0.825204027685347 0.8328447899754874 0.7780610345778624 0.7599768852485594 0.6830836600924152 0.6348223652421209 0.5920577537264041 0.5932036770887831 0.5542997578830658 0.5359409804198509 0.48981231258104757 0.4917675621042616 0.49276478743529106 0.44654283355240987 0.4277913738531682 0.42044100282708763 0.41643146777861106 0.39250058015694606 0.40747509287464506 0.4029693855375738 0.4128852794945155 0.40132270599630354 0.39755421986352213 0.3653738938393126 0.3734741944097463 0.40066780797049445 0.4179359754609457 0.4053915275615222 0.409264779515744 0.39689363957694357 0.4327319286814722 0.39066548397104
0.7500704623336429 0.7976113189340092 0.7533608883398326 0.7512835968168193 0.7773863705633981 0.7928850063988417 0.7975689716404708 0.8617019010365398 0.8476175208804577 0.8220885603728058 0.8553634651074803 0.8387554885123568 0.8362606503582626 0.7743558307770116 0.7342903408003544 0.692570864190003 0.6257192856338968 0.5622399994068228 0.5631955353203789 0.546713919115777 0.5398968755993997 0.5272891780055731 0.4763905406429609 0.4504378853817838 0.46097179577736186 0.4476940112319899 0.4192360391852572 0.4351370297846698 0.38883818983046503 0.37819606442224785 0.41476090621717526 0.40815818150256217 0.3871521036280404 0.3839497915387856 0.39455827654333103 0.3938813436373119 0.3704048913466798 0.3976044621294698 0.3464064834262351 0.35748530925602034 0.3979958817188777 0.40557280057193434 0.3709108841259183
0.7566533401527235 0.7489044471591018 0.754296990683389 0.7938224833422547 0.7807329197304026 0.787689069214237 0.8169980491527176 0.8488702893422914 0.8249104833338282 0.8317860924924599 0.8436128695153975 0.8335083600637454 0.790695908096085 0.7225109930230939 0.7154227166838164 0.6794784311585015 0.6393162761909292 0.5719659952802938 0.5769928723024618 0.5398680186611008 0.5258354948206948 0.5045976601901146 0.4570368032548019 0.4654715453747047 0.44764273812862737 0.4852767589681998 0.4683771791853321 0.4196583249227811 0.40280015049485046 0.3956240978208718 0.3973516303274376 0.4138041423605193 0.407160537754332 0.367614951102146 0.3819763653859035 0.37300939106606346 0.3736559718193961 0.3678620310666903 0.3329312809630216 0.3257536069840015 0.3442977704621691 0.33121281538387765 0.3340331883527863
0.696835313987099 0.7121302844213526 0.7133613164382279 0.7778232793549641 0.7853849501647463 0.7931052554465843 0.8119832707750556 0.8414195860499818 0.8213343613167225 0.8336886833357339 0.8454103935051357 0.8245846190806722 0.7552686741029347 0.7073083168358517 0.723089074416889 0.6787533635213376 0.6492218177650215 0.5740979597702145 0.5714670285934044 0.5498660385507982 0.5158407705301622 0.4767298383634615 0.453777885860779 0.47789068539387813 0.4796087935997228 0.5065752789302054 0.45284727547395576 0.43123378531981316 0.39095246009391904 0.4283813742190425 0.4337567169129477 0.43438458317895223 0.39511906430174615 0.37848271215669055 0.37325287016374814 0.4066472244566977 0.3774931785716938 0.3321981850722187 0.32817975052705256 0.3267358464522179 0.3079581898480918 0.3497952818185618 0.32049136732527067
0.6741313755241062 0.7127395488490105 0.7026475945730899 0.7528167193468731 0.7510116413084139 0.7315982515051987 0.7549035140248285 0.8018938043937196 0.7928765391189786 0.8164245948531328 0.8220358059502056 0.805254979368883 0.7388981428583378 0.7001243643394769 0.7144872339925535 0.6383261467642319 0.609097013983166 0.5766304216397535 0.6024319422985766 0.5420154690456608 0.5186458214164812 0.5278557150718758 0.48779141394645986 0.45797602571686746 0.4774118294978035 0.49245376123926543 0.4766222301197753 0.44686337591872555 0.39844118029168524 0.41639147531271425 0.43931851537632854 0.4213529996904404 0.42532102331023036 0.42129315169148424 0.38698181290889755 0.3764702309213253 0.3454478734496089 0.36643879793854 0.3488220673236973 0.33336002460696723 0.3165683217686484 0.2881359485946557 0.3088287984389462
0.6811510604095823 0.669036957791125 0.7005012509831043 0.7073063184184714 0.7363459633808567 0.7258936522270679 0.7250371258578318 0.760926026384831 0.7705818024728488 0.7667802084478812 0.7967964999078401 0.767205118928249 0.7465403721650297 0.7032960565846611 0.6972943613452085 0.6605918401305357 0.642201751098594 0.5971867769204258 0.6205722381295703 0.5906669887244849 0.5297854599275404 0.5200809547790685 0.5171504830574613 0.4873109169559581 0.5002316661454543 0.48792806772161224 0.43519495890269616 0.3977214453154315 0.39524935438386755 0.39935309086200105 0.45623747813106336 0.46440846577237216 0.4130536337155919 0.39970930253259024 0.4012526794286666 0.3428907197078583 0.3349670305088373 0.3896717271375145 0.3641997921163383 0.3050514802065227 0.2954522771732975 0.2545356490504371 0.26326791667162197
0.7035449910013758 0.7225611681756895 0.7299723510378268 0.6961231055209496 0.6923033850851259 0.6898325648299387 0.7453159051936084 0.7821088630083697 0.736643296289134 0.7552198066926529 0.726762948163796 0.7157723247277069 0.71613071685192 0.7027842814133234 0.7082151002615724 0.6928173741890771 0.6516942400837709 0.6481439597790251 0.5974580488796136 0.6013445543933771 0.5678458372215642 0.4905847713251263 0.49852132523582937 0.49383469738077146 0.4593110861160014 0.42824894965642485 0.4045118219004598 0.4325674943039587 0.43010236747033054 0.4176483029794768 0.4559040978428463 0.44538247724010094 0.4080152572383104 0.3864336896689842 0.37433291939681945 0.390747518465056 0.3662863718195726 0.3861757578568371 0.3412024645327369 0.28820143265957154 0.2812758583295046 0.2365493280919224 0.22361836050167247
0.7695359042554455 0.7414095064865333 0.7124914381253646 0.7221811081097809 0.6744577849714455 0.6798534235056273 0.7609704178786053 0.7761209066747934 0.7634886252302674 0.715577961361261 0.7024679334351841 0.7109466259661937 0.7511806640554829 0.7363270742464465 0.7090108404288019 0.70895234621391 0.6821631668419966 0.6715648676510189 0.619455178499762 0.59946219190861 0.522130245149049 0.48304541911365895 0.5031591965407842 0.45186702616876473 0.4196975249757097 0.3914508145093983 0.4308509543130281 0.4415560200153756 0.42276869473678236 0.4487149605837149 0.4426939467009784 0.4362848117612814 0.4044374544656181 0.43446746291473487 0.41957011693325774 0.40414886905509506 0.39216497578508447 0.4040497426928688 0.32114834427012334 0.280871919147394 0.2776196300063595 0.22162973935141514 0.26422493446159534
0.7595460229117575 0.7091893115234212 0.7186050324819883 0.7263419131101564 0.6854949993932744 0.7042507796804564 0.7546287721759842 0.744055446527632 0.7290147954757821 0.7298469184169607 0.7195283343502625 0.7576861104980263 0.7354131793591953 0.7364283519162671 0.7161127939491247 0.7218676868291267 0.6849448464859765 0.6764629705878082 0.6584256460935034 0.6193564906435425 0.5469666486526852 0.5327421344956141 0.5023335236581279 0.46947009231218517 0.44394355706581123 0.4038296998236329 0.4257213151979174 0.4043459612577545 0.4011665824969242 0.4222449287272436 0.4377914039997569 0.4235340246303942 0.37367742974168766 0.41559184550401346 0.40497432593695737 0.41335282472242746 0.39371817964631517 0.37505667254400915 0.36936762135458656 0.3142160069841781 0.2878890331281139 0.26018259779531455 0.2696485882319597
0.7356491704282524 0.7065890725011039 0.7115014242237588 0.745794076006684 0.7322140346485457 0.6961880443602765 0.7603915900618445 0.7644857664356359 0.7523833156018018 0.7657373234682503 0.7688405868316948 0.7936339288442423 0.743706954363189 0.7304359433265272 0.7325722208216388 0.7280478110346011 0.6715103982177424 0.6365161655724141 0.6299786205588831 0.6219201759286452 0.5421487280392874 0.5251488396861971 0.5140842302529312 0.5164447041728909 0.4726529724032988 0.43607416672226557 0.4446771843207183 0.4054090305306119 0.3974065796387259 0.39685996760481795 0.3726658425003682 0.36020861028799694 0.393063090797258 0.36044669907294524 0.3781900742352654 0.39513886278353755 0.3851831749512007 0.4085473903242447 0.3521513866223468 0.30565352650190303 0.26281460088070857 0.2645437126970346 0.2463931134979325
