Raster_benchmarking/continuous/raster-273.asc
NCOLS 100
NROWS 100
XLLCORNER 1743153.1373184384
YLLCORNER 5469292.281224133
CELLSIZE 10
NODATA_VALUE -9999
[rows 76 to 94 of 100, columns 43 to 85 of 100]
0.6349924464464479 0.6579470625871068 0.7122830470786221 0.7598910216855685 0.803760765587485 0.7588564843892759 0.7662255104976108 0.7787737762856753 0.7768965325230576 0.7304371988529503 0.6976151714270057 0.659418153553905 0.6123965817849738 0.5453122151401113 0.5454302931289926 0.5258336643918788 0.5502219350173235 0.5076857697310336 0.5204132267474444 0.5158785249826975 0.5498097161202651 0.5366813908151856 0.5261439054903355 0.5415834371348516 0.5047765947408216 0.48009443079643466 0.5000834669147309 0.4789446346219652 0.4549557618614423 0.4142771805913079 0.403595446768074 0.38641934829060776 0.39741456832753536 0.46033089191329085 0.4338367947085522 0.4719111298835932 0.4443356905718638 0.518809553255649 0.5298886766749684 0.5595172161652545 0.5520587917377631 0.5094057977268214 0.5228215948203149
0.6781788589334531 0.6942316611567353 0.7354802898949249 0.7417739574750507 0.7384771440074201 0.7831315803881352 0.7363254597468654 0.7610650402416412 0.7734694042433912 0.6837088679411625 0.6345418200239787 0.5936644619791346 0.5875374791766761 0.569951909419254 0.5131697195206292 0.4654610599751587 0.5113562372121019 0.4940863512943198 0.4974192214046994 0.5308679798410287 0.48292579320231455 0.4891170345892554 0.515507771767148 0.5314073046741872 0.4938956750021586 0.5017639508596551 0.5167240011636242 0.5178520395749729 0.4679941675447191 0.47048012981002885 0.3845784939955467 0.36576174471612516 0.3714497342206992 0.43066907785719993 0.41944940024208105 0.4782578520486836 0.4621382538436284 0.46728188319548075 0.5439562639452902 0.529022615398744 0.5339750623515814 0.5441727097299919 0.4964655729363296
0.7303218223665181 0.7210964767188061 0.7526093895839016 0.7638227299116361 0.7330325110626864 0.7317123394378594 0.7529181224870412 0.7845130583966999 0.7557152376133719 0.708397144299386 0.628676221851487 0.6003289827868211 0.5361794844070056 0.5230450975675046 0.4841770748467906 0.4691834117277942 0.41277474149953935 0.4837230383590152 0.49284642777634236 0.479104629144619 0.4396812287799569 0.5003061165640669 0.5175287830303559 0.4573828983687757 0.4484020219414173 0.4578589106089631 0.45580888648956847 0.5032425114090134 0.523472470890326 0.47511359512329004 0.3827980392663426 0.3925057363571389 0.3467640458928536 0.41159852661815555 0.4492025846286114 0.43752875806217595 0.4787445252399403 0.5305030435615838 0.5522082484851749 0.5894693436699124 0.5882616457074713 0.5412631782749855 0.5503505909855511
0.7218992295088011 0.7495772598101157 0.71679642312351 0.7634020828881039 0.7726979940442363 0.766054630851645 0.7330151924006365 0.7545573175311098 0.7196120298218338 0.6777930237053715 0.6400205376355884 0.614758801966367 0.5543248676991461 0.5086622863945024 0.5311613082071446 0.49010638867905104 0.4682016316079719 0.48382107154687226 0.4472542191198648 0.49265647278788094 0.48336225731776983 0.4782687674151033 0.5042234576044259 0.45895111884336554 0.45540205725096194 0.4686696594964855 0.43207410681905756 0.4558139907760012 0.521357893599785 0.4728272063681015 0.44081956385377713 0.38077047774677125 0.37170867469040686 0.41869129515748715 0.4779596381844898 0.4630595136253342 0.5063151200072485 0.49482160003144854 0.5421102125081066 0.5695719274536568 0.5335081766209463 0.4968194835394004 0.49156340211088073
0.725906411569725 0.7632234198856267 0.7275028495938792 0.7749422063956074 0.7344893713797004 0.7338112032641415 0.7794560963671422 0.7568774612873603 0.7459694550729922 0.6299517403476046 0.6124417933140393 0.6109871735914797 0.5925249589977979 0.5135478115703291 0.5389774464803291 0.5162347253199983 0.4854836579237398 0.4472916961308903 0.4115103781959819 0.4703193114156706 0.4954359130847355 0.478506093507469 0.488809550036583 0.4498182244994478 0.47662850772451903 0.4692769468185577 0.4382414959071452 0.49326445904164495 0.5345462227760229 0.461455837481141 0.47534996289158227 0.4278408187832095 0.43094230813632484 0.4633727464453997 0.4943761937193575 0.48996863761429904 0.5220654344949804 0.5513578273857233 0.5518997917535624 0.5156487338835039 0.4856756901681738 0.4883319369287494 0.4815999916456076
0.7994551624587817 0.7808168701799778 0.7603585621267996 0.7453852244091138 0.7268298301824725 0.7424843640580935 0.7371955479687795 0.7491913461044826 0.69434315922365 0.6156094533512694 0.6212063528806255 0.5512765869048867 0.5608005321797026 0.5435821864927429 0.5449585833021702 0.537434313556903 0.5055098057755558 0.47649566285835643 0.4601845812599137 0.4706180985030281 0.4577462571533791 0.4551397187169162 0.443715580377371 0.43383448989680123 0.44249393615294935 0.46027643522340017 0.49298428399070066 0.49280325063748637 0.5056519576085916 0.46491328527264797 0.45966459446287405 0.48819111875295024 0.4440369514541053 0.4543919224663869 0.5108503125363317 0.5113441682843237 0.5487292624108225 0.5250985611587301 0.5244810618445593 0.49129385876116977 0.5014489832622633 0.5106938615409838 0.5272891461212816
0.8491382449621985 0.789540165804823 0.7753741172817479 0.7959331499831762 0.7874792144505847 0.8091012027180384 0.7903813958583057 0.7191858857917068 0.6435907839090528 0.6175116179952164 0.5869420276475753 0.5701667942199325 0.5250238633256582 0.5484370297373744 0.5272857209330855 0.5224448047833852 0.5299363966050885 0.47544113817050593 0.5067205453918299 0.48743352289682934 0.4664125967879792 0.4372063064242078 0.4036371069796244 0.4187212489669471 0.4279241301417339 0.4496608396730026 0.45103307227387435 0.5107412332656037 0.5022586470333071 0.4732436134524391 0.44460738853667053 0.4529784390442414 0.4986995777173187 0.4822595949440907 0.5055051104079216 0.5125343980580647 0.5502483168601486 0.5412562819534289 0.49204525964802154 0.4645342913666243 0.45901518542451325 0.5194388229220669 0.5363357665341564
0.865972894766134 0.852948944839764 0.8020169109797851 0.7796570741092499 0.7893814055447748 0.7878935505115793 0.7801015850206333 0.7075734104896899 0.6995535804072235 0.6409268160381905 0.5864267168132937 0.579606213239747 0.5369093569419272 0.5534760384943607 0.5421021686679711 0.5026147933653587 0.4850592701707345 0.49371077966168075 0.46664948908973714 0.5078497760711769 0.48662140591111885 0.43192165605618904 0.46382619392296337 0.426679560454617 0.4145667571413744 0.4449413792476833 0.48893089925888833 0.5201302534858429 0.4978012132204555 0.5274657218579888 0.49567057520648555 0.4534378257918445 0.5069238088784687 0.5005494598215231 0.4976888475178649 0.5239389831969942 0.5492722800504583 0.5375259730284284 0.45388537889583486 0.4629409248880402 0.48278849515965233 0.5192255876970778 0.4873089193178763
0.8515523187299162 0.8427626465921554 0.8121560741502045 0.7923549237557861 0.7492523820134329 0.7843621121186363 0.7470377625736643 0.7607544261022096 0.7251259398684468 0.6461865563264897 0.5970750303788308 0.5682195118046311 0.56703930804933 0.5141328141697296 0.5389765035072701 0.4943353360467218 0.5065916764483225 0.47398485564888587 0.4815998458572517 0.5199026695335534 0.4722438992172876 0.4594554240686748 0.4598294260383466 0.4529244403936288 0.4399393984769387 0.4905594693279364 0.4645020812271398 0.49310828531631845 0.5330299359690553 0.5307239595229941 0.5100367506584857 0.482548207885144 0.4737474404647189 0.48554030326978115 0.4395809644102546 0.4546536558136384 0.5210162845189619 0.5182964558861508 0.4504991676095189 0.42573674630293473 0.5026110226195152 0.46001444871450037 0.45678435919631544
0.8184988189955767 0.8382657621977885 0.7995753375157316 0.8188511652847007 0.7864566679061545 0.7431917074400624 0.7229856926078411 0.7392781564434978 0.745098889493738 0.6574239204628206 0.6339857149433413 0.5783771674117166 0.5502916656521747 0.5302849252100851 0.5257677295631678 0.4973379128460838 0.4319019140052843 0.45240753688923274 0.4724891801640105 0.5031624602883358 0.4756521048255917 0.49528250442016986 0.4910803486736088 0.5214065158629084 0.522967315544863 0.5176608279076416 0.475180780693631 0.5157032989316058 0.5382571878957544 0.506886734625798 0.5146898026535233 0.5136467825094677 0.49162239644868894 0.4376548968436709 0.40807241165786023 0.43054163272280865 0.4930607501535243 0.47349371810996915 0.4441129038708325 0.4116471704582418 0.4202608139177944 0.47290868618852466 0.4566859443025904
0.8405719584219228 0.8694122412041223 0.8416952634456303 0.7884500702539659 0.7557708033180393 0.7579274590352412 0.7484750372492033 0.756799988127232 0.7259377195190416 0.6439151322383553 0.5754816239811901 0.5992288774568018 0.5258160850519187 0.5426271919972346 0.44421203808369164 0.4380665686317918 0.4060985572578053 0.4782625651853881 0.4682317699023347 0.4637666059605303 0.516210344384892 0.49404051023678736 0.5453180924172166 0.540770933435092 0.5339361867118305 0.5429339694509242 0.5303346847063384 0.5539988200404523 0.5414461310357175 0.4808747624773656 0.4946625217960494 0.4620123218851612 0.46533818206025684 0.44896547588823155 0.4019107876917134 0.433577757852047 0.4274821642305424 0.4299035851487491 0.39082291652011397 0.40583551974526916 0.4252578113853834 0.4207123287642747 0.42659400991904217
0.8044454294436053 0.8404473544301106 0.785300851452363 0.7835758109588822 0.7649477265161723 0.7587810275650714 0.7611470137499475 0.7162155724224529 0.7147931809319317 0.6462183166138293 0.6087403009978626 0.6035148419316682 0.5726363713291331 0.5376091030810324 0.4860586333463123 0.44016864645611825 0.4199993175192394 0.47033067670020157 0.4757192373061619 0.47032014774103764 0.48848182642204263 0.4862027774121747 0.5084005008666814 0.5594217866273145 0.5787385890423916 0.5351190601770162 0.5452523680390131 0.5012931297730772 0.47163139990781444 0.4610830811672539 0.4341964491908096 0.48288000033452944 0.4732454991179999 0.44862637340354555 0.4350266420862612 0.4618682078440389 0.43795586714178775 0.37597285977491995 0.3842519109003405 0.43400856888334505 0.4279798254760225 0.4594745065227024 0.43292037340198275
0.8094579276374859 0.8137756553643589 0.7730250583455119 0.7097674871365045 0.7222334494427403 0.7255303701376494 0.7353578565690716 0.74583443865532 0.7091157658962625 0.6706652644976884 0.6519274349728745 0.5948518600802055 0.6016815704710429 0.5455474552212763 0.5307836787894102 0.4759607647436343 0.47537594042284337 0.4754400554913108 0.42183156359565793 0.447910277921737 0.4488051641604148 0.4656351800372791 0.5330255253247362 0.5003635730751673 0.5632486574540361 0.541469360850246 0.5166744771523746 0.49071345930996135 0.43823770570302145 0.4297546639782403 0.42803870583746906 0.4434144480198908 0.43065057027282105 0.4847201746833714 0.4999199394836979 0.4861728611913283 0.4169074132446766 0.3861121480876155 0.3960269012638215 0.3949486645289384 0.4249065470409582 0.43056464172457265 0.46149077238508107
0.76798593675401 0.7327817656985879 0.683211024314268 0.6969830366046227 0.6602069471732247 0.6799738680616753 0.7025788190262119 0.7235217631640591 0.6759773134744244 0.6801693105932026 0.6260875505898753 0.6016332089222304 0.5564561747753798 0.5079630473956996 0.46011760532701673 0.44186669603079376 0.4442712451042501 0.42485188135784646 0.394100880328256 0.4232911283650854 0.4070162775554244 0.4385315441911613 0.5068358775712937 0.4750029161737658 0.5274195996372173 0.5176748776635575 0.49508907912195294 0.47189223405379943 0.44035031577874045 0.41614941214103457 0.4303227303362826 0.46376065540765143 0.49156036072781867 0.46134553944554474 0.5192218050392492 0.4936352745866288 0.4558616171923878 0.40596646650286056 0.4311321910768979 0.4232770060346326 0.44657028578880853 0.4444000657313376 0.4576738977507552
0.7005972404957548 0.6686501368305358 0.6537371457280309 0.6827405153543592 0.6366573099485041 0.6268305569687191 0.6985764976636596 0.7068131157965488 0.6421806138049 0.6156839950556103 0.6386320195879742 0.6156137425756476 0.5655969701566795 0.4923445557454352 0.4553161474466693 0.4350148445784129 0.43096855395602823 0.4199145449353623 0.3801749311584113 0.4237070331234398 0.4361224069554023 0.4587440041334841 0.4561573466197997 0.4656947149420008 0.47199769480431925 0.4748869332733312 0.4526820886692339 0.43923025047764314 0.41074676041861297 0.44294433186195215 0.45670668253734975 0.4694186885590126 0.48259798206848975 0.45777098409567574 0.49898235170237254 0.4972785270625462 0.44736838837807785 0.448713142378897 0.3962236644216355 0.4304568429197799 0.38544125647420663 0.43037579878414023 0.48366347785462754
0.7089063266094824 0.6788544100650549 0.6964475207967551 0.6759088554876176 0.6135983921101265 0.6256494303757303 0.6535715914495781 0.6409406242830638 0.5955106322724866 0.5912393625795519 0.58650828817496 0.5938098800838411 0.5347081344602759 0.47900664580196295 0.4940069263733164 0.4492325837901653 0.4258359833116362 0.3761648602108639 0.4169096211236 0.4098325788892899 0.3644217192858338 0.382606359618673 0.3774276161655981 0.4072418219997805 0.4266118988503332 0.42804113484167416 0.39370957429761005 0.3603089787009974 0.4087411736599619 0.4312481849701399 0.47868957906844817 0.5201956878089128 0.5333449919367693 0.5097895032311456 0.490713560741766 0.47459781829219155 0.48561629367609555 0.49463514936891184 0.4371185793095385 0.3878563749209263 0.38946043637094324 0.4252246426910609 0.4854679428925172
0.7218492686905563 0.7205922919025055 0.6830283788668908 0.6317610086524611 0.6129774319360881 0.6436763219804463 0.6024954677598627 0.619367418037321 0.5686616592542721 0.5520013963993358 0.5687159050903001 0.5212819090171988 0.4862420174612817 0.5002838726870189 0.49136524709942875 0.4376928511367724 0.3614921575348821 0.3610112468855751 0.40462284942938703 0.38749370264082417 0.3446922944435406 0.40140496441315354 0.38107560551542263 0.4005294542109831 0.36687415341023355 0.3833052133704098 0.3272907908564857 0.36664418021061274 0.35051566357008007 0.39315037794576085 0.4959019255192828 0.5174584454099138 0.5514092347186581 0.5141135657718455 0.5034023063591067 0.4636395245776257 0.5328087604096354 0.5106291544590876 0.48020678203288664 0.4456958168869297 0.39880546180447557 0.4542070651697723 0.4738185067998651
0.7294244887599591 0.7171734833413412 0.7073043708840382 0.6531776107146658 0.5928897771427374 0.5980993354063937 0.6048626027109354 0.5962619225286437 0.5661878953740277 0.544610682217335 0.5284243176288437 0.5163483832277392 0.5125594045446583 0.4457296250495471 0.4586508993861755 0.3953960872241667 0.3386070663087831 0.38191759857624974 0.38350770313351257 0.3288471596235501 0.3218046386513409 0.3817019375516685 0.3897174452630399 0.367782994701791 0.3368817409363814 0.28956474005305133 0.34310705985049833 0.358042537204479 0.4066820261021543 0.4177520063586133 0.4313774431539797 0.5189629919277985 0.5100712558542856 0.513860006110728 0.5057428588245266 0.47270622628284126 0.4634033367013306 0.46045298404728086 0.4278845650533609 0.460489760543117 0.4378817843487962 0.46859486214147744 0.4588928510439537
0.6997024094132753 0.677431679938333 0.6860289441606893 0.6067699706230079 0.5763331171256486 0.5797593213551873 0.540594668249512 0.5306760194336068 0.5420453865772148 0.5095667952263242 0.509051777271328 0.4742257900546292 0.48474569715337057 0.4405113697622444 0.3757611268633648 0.3853022497130871 0.32698005069215713 0.31969680409881956 0.3402821107999178 0.33563144511465387 0.35537041829622706 0.3191570075987114 0.3267000492299616 0.29291648378222307 0.2876368250716967 0.2629037174518598 0.28090448727477746 0.29403723681301436 0.369503974103256 0.3862691433945128 0.4222796255014259 0.45702716734107673 0.546422333499239 0.5146885436361183 0.48802576893639393 0.4758399058232667 0.4774394541440877 0.44688586650376505 0.4076290052010459 0.4298621704764491 0.4783021934975795 0.4984848097293241 0.5099734618620624
