Raster_benchmarking/continuous/raster-2.asc
NCOLS 100
NROWS 100
XLLCORNER 1743152.9030917033
YLLCORNER 5469288.437545222
CELLSIZE 10
NODATA_VALUE -9999
[rows 38 to 56 of 100, columns 0 to 42 of 100]
0.8759560714694911 0.8218128482904935 0.7715060741200139 0.7840730239729842 0.7323242376252298 0.7606650500191352 0.7508029483858414 0.8011556964151558 0.797327842637634 0.825854643422524 0.7671968815152239 0.769216500751995 0.7827027994786302 0.8326561773943355 0.8006276747391937 0.8204804196082103 0.8824448802682637 0.881955317160231 0.838896727002819 0.7819320891507426 0.7618590899061076 0.7941898182360775 0.7796168415435051 0.7063898556395576 0.6720447752568932 0.6372880756839676 0.6560551747508648 0.6427730976306916 0.6061333247925883 0.5738852094441245 0.5370898445977942 0.5527354419517808 0.5239117808616676 0.48036676903037673 0.45534485177970796 0.48414258504490826 0.46907411735865157 0.4324508773018603 0.3718104006611024 0.35879749714650944 0.3607342921310042 0.31732345421385827 0.306011630697515
0.8158884860723562 0.8167947765875845 0.7582563707196888 0.75777850268943 0.7763673722581341 0.758636993540117 0.7528796730070143 0.7624029932904969 0.7850609918355173 0.7805911874775809 0.8125865337046131 0.8133789126129068 0.8276188820294492 0.8439050426246287 0.8284119116992986 0.8642182298637084 0.8675047847949502 0.8733122484870429 0.8740788370108467 0.8404137105231156 0.773677582575936 0.7899206288547936 0.7569983582620283 0.723043617767109 0.6924151689271346 0.6699464725724219 0.6686725867885108 0.5858763895982814 0.5615524740221245 0.5390724665038292 0.5212104960682583 0.517800712616514 0.45790953746454993 0.44108843788225566 0.4748852187025332 0.4498414265157527 0.422395039833847 0.3785114799107314 0.37870440310394526 0.3649201479874283 0.39761704664942726 0.3787455720417472 0.33156081110581975
0.8279164347555719 0.8145891388722319 0.7631979046053163 0.7587574337409094 0.7395081403840702 0.783862272000083 0.7643668821704135 0.7893273370810275 0.746200715918734 0.7704077310664591 0.787725946000521 0.7997255830596989 0.815157714511003 0.8103780990212431 0.862437889620236 0.8637124316265062 0.9028586324674407 0.8870171360985456 0.8670584377939854 0.8405168666295966 0.7929629461483072 0.7867529360772118 0.7363777213699504 0.6990524483659261 0.715438931328639 0.6691998378386176 0.668720163959926 0.5604247742779919 0.4968447077676149 0.5084896168873707 0.46808691673934916 0.4719503952592162 0.4494415012570588 0.45266459579085794 0.4479003078658923 0.4576859945680343 0.41193654334656604 0.39201120304716824 0.3587504678217059 0.3965505499038103 0.4013302391345433 0.35001546941538386 0.3345311352185969
0.8151025560807813 0.8350043756572463 0.792845471014305 0.7582128920137555 0.7984801210931668 0.7823584257450771 0.793262857645279 0.7812223458239187 0.7367955427440538 0.779393609861241 0.7920163263668903 0.8166546132038736 0.8012952672762599 0.8146497418422072 0.8665214802381526 0.889650348857427 0.9121047932252778 0.8704881587452438 0.8759875534466965 0.8299519982355616 0.8209313304205319 0.7982246001774045 0.7539220495366057 0.7174033075282195 0.6950839317072262 0.6591488906266596 0.6082202682065866 0.572297329491908 0.5453101495343923 0.5406639479109651 0.5037641645397847 0.5097247548776211 0.45831387325348616 0.44433020650472776 0.4445433242839475 0.4228547307552856 0.4330925376358777 0.4049934660962933 0.35526365985795216 0.39105568448286593 0.39750674212707965 0.3718989725379306 0.3425106617874353
0.8170612660711025 0.8218202747916287 0.8171944555383626 0.8094532976581549 0.8241211958190713 0.7941906736919991 0.8064232987183031 0.746745031198055 0.7547376712836267 0.7290621647991897 0.7584319929507753 0.817117890213748 0.8012344688366116 0.839265106744362 0.8506597544753169 0.9184636668173258 0.9346670664038694 0.9083879487320976 0.887062709854384 0.8755876079574663 0.8423295412582333 0.8397513264365407 0.7635966941547896 0.7103612439096417 0.6738448447542619 0.6818988538822853 0.6374529755764516 0.5656804380870625 0.5350406663517756 0.5622359807619688 0.5651195005619155 0.499315387408741 0.49595495130751577 0.45005910435846724 0.4286292210644864 0.43004134914688774 0.4095882532599202 0.40037868240659436 0.37699298306104345 0.3989746583015762 0.382680381817656 0.3625499677401022 0.31947514982945957
0.7932960083751903 0.8137572531753475 0.8155440354331547 0.8537450123495748 0.8372925347379386 0.8357395313564212 0.792524809502809 0.7580886787742804 0.7362016892957799 0.7400613550935937 0.7905827545871101 0.8313025735167489 0.8433307644703608 0.8708795088497728 0.8530115297987667 0.8880648815145541 0.9103031538777949 0.9538852258799007 0.9320323528896932 0.9014968126399164 0.8493502627091188 0.8545825182889603 0.8193961223147639 0.7659446896800644 0.7093625696144665 0.663194575969574 0.6798160416919726 0.6190616002270349 0.5773423920797734 0.5475526619917616 0.5592021844912192 0.5339411349666509 0.5074377237706957 0.46488379304563626 0.43059897338747394 0.4099274811041955 0.4166346373603012 0.3799081217884678 0.3914007480769525 0.39318899593340023 0.40636379636612896 0.3458075410202405 0.326381740088041
0.7995508398696262 0.8016329491033516 0.8378703925348097 0.8516922261050465 0.8197948264499585 0.7956546206946171 0.8106946688180175 0.7759129755421408 0.7552185584096126 0.7428023019829934 0.7830121667017739 0.8629898582288701 0.8902516357687307 0.8916627649303648 0.8868977958444504 0.909614002692564 0.9488741048974085 0.9525896241028765 0.9483593276058642 0.9394090859214481 0.8998034349466898 0.8503931236844708 0.799246471883211 0.793681443499989 0.7355880536844156 0.687667715901772 0.6867120711910969 0.6422548562816632 0.5794475583047323 0.5588265561543527 0.5528450161067503 0.5707410016492692 0.5515235236166904 0.4880941635382996 0.46624921270644953 0.3856765412719039 0.38529748322577045 0.34221726463494284 0.3190690964744709 0.3519761877555018 0.39116602489559343 0.3085989283114026 0.28613182643634993
0.8651036709204565 0.8599391960567003 0.8509248381463154 0.8436156643485121 0.825337011056571 0.7870440722421678 0.7939004549740244 0.8094756936072033 0.7781895938053948 0.8045429232788659 0.8298000893009835 0.8557022501985496 0.8766529893744928 0.8987240660354741 0.8970728232861265 0.9056137357330635 0.9346779439797834 0.897702289194836 0.9208126005642971 0.9245419876027413 0.8925125505874502 0.8628592168312275 0.7862799915705809 0.7986583691224456 0.792292309539188 0.741200434275522 0.7065635071810723 0.6773526890082857 0.6253573957950165 0.6300025049885232 0.5669112517149372 0.5511767580162424 0.5206482641753905 0.49615729761319777 0.4660994675287614 0.38850918408458224 0.3797916675977791 0.345411500270576 0.31093567196053884 0.3071754411262715 0.29524261818016717 0.32007146500892686 0.28530014179989327
0.8634970832872108 0.8697019697879081 0.846725906813883 0.8275731412915859 0.7978540764607029 0.77223584482271 0.8013700194614963 0.8159959559427649 0.786344562025129 0.8206098030664473 0.8708803953103037 0.8644693882885242 0.8773304569837509 0.8814686607095821 0.9505873963752877 0.9059164511205695 0.8932968771179075 0.9243565387710029 0.9130848410063775 0.8894003433723682 0.8444086089176773 0.8640935716026642 0.7961087659285812 0.7751036611238091 0.7892927398747822 0.7183839424377848 0.6886243332508016 0.664349563967498 0.6565707505094951 0.6333007388793114 0.619203328459464 0.5702642257372619 0.5649654146964159 0.4653788355253727 0.4231312623872477 0.40515144141687626 0.3605502549163606 0.30800859987208323 0.29603753189911713 0.30267308048442404 0.2775579507775176 0.30289547237295344 0.25669217298503444
0.9000186282597856 0.875354478791357 0.8674324409635021 0.8176251659489566 0.7733611322410237 0.804610018546553 0.8523531972393423 0.8247036772780022 0.8406198145488742 0.8453908308352296 0.8931359707576576 0.8919260832902426 0.8586928955641504 0.8916743356181175 0.952882536731525 0.9285014611297601 0.8948098306511469 0.8906479232935471 0.8685886367993758 0.8551246951570753 0.8325878301870684 0.8453485176808339 0.7968664377930471 0.812594533449321 0.7854474464942099 0.7468659558043742 0.7159039957968615 0.701813083984303 0.6838945210771347 0.6566336112834362 0.5994565557588111 0.5642199339307252 0.5581378504236734 0.4869266883960827 0.42330659574433105 0.4120078485941637 0.38384096151320035 0.330898698452684 0.3057980129124809 0.28336697239130687 0.2789731504410782 0.25363976783051734 0.28212454943422366
0.89035190932384 0.843649055355181 0.8142360662435226 0.7836726681820296 0.7912763357891671 0.8161788390092888 0.8691677602653557 0.8536674043945959 0.8213045750323781 0.8591421318626941 0.8693295281507434 0.8814441068643392 0.8841634347040346 0.8986029288773607 0.9378420863678563 0.9268219355676911 0.8898147357384308 0.876527846472118 0.8518565648008565 0.8842757652429032 0.8879688153264487 0.834248916505181 0.8511309771288349 0.8454431360871298 0.8026450783928735 0.7549868693655005 0.7346024836138997 0.6781887037502629 0.6727786125034168 0.641200523980643 0.6246324324005749 0.5884713921849464 0.5021444371087102 0.48706116497393953 0.40357474722863723 0.4342007657300859 0.3781818115743763 0.36721066455346424 0.30196466947160067 0.2761942593452115 0.20610370992459806 0.2681567981442761 0.2881049276319386
0.9007386429407198 0.8717418343301079 0.8094747833034449 0.7946837018766525 0.7858336363596792 0.8430676575669134 0.8726151619349503 0.8831798831752792 0.8861849067634145 0.872858995250442 0.8923350748404736 0.886720570339912 0.8740274302642621 0.8750727042290786 0.9220576323806404 0.9033058587773594 0.8668295543877459 0.8784757348176828 0.8558709415306022 0.8311670045152358 0.8746243025927489 0.8291969388646462 0.8146675279569535 0.8155327703909913 0.8074325809207101 0.7750439355933519 0.715198911307276 0.6887228160689665 0.6693169613046518 0.6605833563567696 0.6541794279531268 0.5897978967312829 0.5217547606254764 0.47605444485848053 0.4664193343951484 0.43988716138752837 0.4217649828250059 0.3850656963050005 0.3185906517103063 0.29875449045256647 0.24998125086528056 0.2655022899065138 0.2864051821727854
0.8570879471485532 0.8372551642740754 0.8383699851595179 0.800645210004793 0.8317009685629593 0.8725077572484369 0.8955107437136375 0.9130405046228869 0.8606540088451193 0.8451401259746562 0.8832373573519474 0.8798480388057597 0.8444200943276496 0.8738947063132771 0.8646535595262876 0.8463040761446388 0.869122228344871 0.8789384717246318 0.8258651190282653 0.8018653310097111 0.8365940939645489 0.7944274057482286 0.7906554213377475 0.8199225002330182 0.8297609075385515 0.8059082892777786 0.7194833993430081 0.6688327461855614 0.6335658671559381 0.6293846149146409 0.6443839465014993 0.602279904362655 0.5143285695496104 0.48194733914931576 0.4682448178637686 0.4591420422701516 0.4307960886531529 0.36367061235745585 0.3266932607111562 0.33504849852937035 0.3196388463878429 0.31494886589850934 0.2821332738366785
0.8391062577367604 0.8696664155400181 0.8731398272144334 0.8334914637282443 0.8482039306756491 0.9006977346172914 0.899754662158404 0.9058795861010124 0.8634011530247515 0.8586140613724366 0.8402587666473115 0.8372779363123625 0.8332322933000099 0.826744029385776 0.816712845833531 0.8188238266208397 0.7873884576864933 0.8330283845986753 0.8205964585844484 0.7930313046135237 0.8031576333582413 0.8318516100569714 0.8110598449722822 0.8308763559055775 0.8514713619942043 0.8121888766564858 0.739119250283956 0.669188200232843 0.6196086616042279 0.6593982182751217 0.6216925883360951 0.5989780513650028 0.5565947848402252 0.5191710716658964 0.4605883324800763 0.43162313636732674 0.4480942048924903 0.4139266374099055 0.3684327746882598 0.34444921629022773 0.35551970044551134 0.31217477911055436 0.3142504557673004
0.8330990140692889 0.8518733409479309 0.855222728714681 0.8387573618603074 0.8886994870047441 0.9133097364525338 0.9207346654551805 0.9014555706345927 0.8969892918718413 0.8468578551929904 0.8032301229628825 0.8064487424206097 0.8115223886115758 0.7846248002648613 0.7504189227440904 0.7627345513075862 0.7333381026253938 0.7961254294015055 0.7947155004010829 0.755415391731157 0.7918435988209996 0.8496790720324222 0.8439559840054066 0.8461100407201765 0.8206015869161405 0.7842557966878125 0.7692675194449538 0.6917070447033 0.6319261411561353 0.6354289705509513 0.6598409576997247 0.6230680199997626 0.5795097060857901 0.5488755503810442 0.5105302619684963 0.4769926944808998 0.435056093754456 0.4056620523412671 0.4182968391693287 0.38348573217725584 0.39251575170201314 0.3875864292750876 0.3383454855660859
0.8137315782124054 0.8104435825082404 0.864281874922371 0.8339861518965711 0.8657956542412746 0.8929136334229925 0.9023051082641707 0.8647827360906526 0.8555641010633371 0.8494704840303894 0.8006226050740071 0.7681221798612299 0.7584208298966949 0.7550380132005848 0.769330342464814 0.713390953061737 0.7106099479436557 0.7587754475285253 0.770494721753829 0.7592778425222133 0.7937117225240138 0.8137317417841106 0.8232041678111243 0.7786019395778477 0.7758399738109384 0.7412549951671613 0.7245547748857056 0.7020262744039122 0.6240949142958384 0.6336615722305342 0.6053377794463415 0.6041798717519228 0.5978866641224845 0.5769504859368471 0.5184545607627248 0.48669879967875024 0.48231151602697 0.41387719553232194 0.41592621371960037 0.4292494417409964 0.40657466763826206 0.4098065645917117 0.3920290826546519
0.782818006412005 0.8049412733168576 0.8780467366429817 0.8523952816002941 0.8210293103344739 0.8721353414164923 0.8382077609193551 0.8317803483773231 0.8629540020403276 0.8057840798389112 0.7794487515025722 0.7750131789172645 0.7339639928586724 0.718736758788581 0.7466974275702596 0.7214956546789183 0.6912983503249168 0.7295310049537782 0.7608949675933004 0.795963065898852 0.7578460733466762 0.7978273184932901 0.8018978461001276 0.7828751592096193 0.7651354806911665 0.7295467085696058 0.7107130645884127 0.6838367615356605 0.6220140655609324 0.6138267586346147 0.619565266975264 0.6405089853371329 0.6430389715077045 0.5967597070270764 0.5520194489699821 0.5349500428155504 0.4887391369822689 0.4812645949385838 0.4296703756261906 0.42821859219937103 0.48823134537298446 0.44113227537591865 0.40249907125381973
0.7709495199069892 0.7991447264074966 0.8025166960797155 0.8438002480737481 0.8549717768198262 0.8407776776815001 0.8420435197519306 0.862923087364017 0.833212485248905 0.8289332190237186 0.775338931450725 0.7786248043129501 0.7311181509688225 0.7438690970871629 0.7142103530134146 0.7348103373007164 0.7180306990340564 0.7345209515104155 0.7872097134541558 0.8013092393069896 0.7847579124035629 0.8000111684338825 0.8139228944805771 0.7857034645848602 0.8182829484619364 0.784074578969878 0.7610512861110086 0.6851549129354868 0.657151329750953 0.6449895471022885 0.6834863535070516 0.6757341653797018 0.6345600057950255 0.6076052109158381 0.583529371521974 0.5251314756270814 0.5018382024806114 0.49157486119911564 0.47893923221849793 0.4823542486636085 0.5115885655832954 0.4778363660213251 0.4562214045846548
0.7318163814588801 0.7737233513145118 0.8050766634171841 0.8323999567327466 0.8723608195905113 0.8174055893001397 0.8182264102714191 0.8669509841421078 0.8549479641272179 0.860867567297813 0.8109684675283844 0.7527793192935448 0.7384796824298873 0.7369505179340132 0.7301778030866289 0.7445286625527457 0.7184716605100723 0.7264225960909753 0.8076706605602575 0.8104205707136359 0.8190149018043086 0.8369242272844425 0.8452101159345036 0.832510898355765 0.8399929477875342 0.81729940513625 0.7568335589709901 0.7080174774576588 0.7251074143234526 0.6979934908893136 0.7083984969270037 0.6943070267611505 0.6913310245644615 0.6005296869765572 0.5621370416999381 0.5406579729452511 0.47649328646292916 0.5213390514524285 0.5468174262963847 0.5199843775903272 0.5493230071701672 0.4962388296064868 0.45891923873335205
