Raster_benchmarking/continuous/raster-239.asc
NCOLS 100
NROWS 100
XLLCORNER 1743160.6233386667
YLLCORNER 5469281.985139591
CELLSIZE 10
NODATA_VALUE -9999
[rows 38 to 56 of 100, columns 43 to 85 of 100]
0.1058031655034739 0.09035206128564305 0.11370933768147126 0.11396390262033267 0.12631236574430676 0.10929690734231413 0.07159218870672412 0.050531679797353686 0.06461193013581912 0.07379255017405875 0.10304252768359307 0.12934869547170263 0.16480810743020755 0.17833931442609857 0.16037581192007436 0.13518786040539282 0.1344570912500317 0.1337810125892734 0.14387833504272698 0.14140547619113167 0.1628959389993839 0.14457925705802552 0.14471557531504128 0.11864257008880576 0.14042767710252846 0.13678226686923112 0.14984808729726906 0.13575535522421925 0.13585380819561366 0.11713663425223633 0.1259683383718932 0.10977304851726893 0.11686265433594935 0.13111495567403514 0.11076629722317895 0.09777438658535435 0.09034959977031047 0.10648819667816317 0.058400866057143425 0.0617494582139307 0.07391679679510219 0.07845675217723079 0.061555809371406214
0.1253740304828692 0.11847481936150253 0.09868896909989323 0.12413984495479832 0.11567155726816343 0.1170741898753277 0.0940456976294662 0.05480182700107181 0.03605590023491651 0.0699473785476203 0.12455392631294301 0.13615340120191838 0.15257275296549183 0.16154660551300098 0.19194217653693843 0.1563062601679514 0.16833621397659773 0.18439266302855967 0.15179180936855258 0.15126061827619372 0.15686342240062187 0.14744896904628033 0.14809930550479278 0.1354593447717563 0.14655724772280448 0.14522588411807213 0.17377728846049997 0.12780079009720732 0.09219202591554439 0.11154183280991042 0.11552880111149982 0.10626562828613478 0.13723462937194392 0.1243151837420327 0.14350917605725186 0.11062518456822708 0.09829946722870686 0.09454877401581332 0.05108955451658638 0.06125671221549888 0.04971077582556982 0.057212270038782743 0.09892716327038711
0.15000238165053675 0.11427554222283029 0.12000847267123245 0.12450573925285655 0.09371157879284374 0.10878929597022104 0.07957731778643712 0.0808797435215382 0.08207128813264128 0.06562213668931226 0.08278498257553789 0.10883533058552959 0.14077842445667643 0.16567526135732358 0.17373798561275205 0.17281962323422792 0.160949305327458 0.20057218155012135 0.17382678937389387 0.18908009330750825 0.1480101853421198 0.16689736569837818 0.16043391085963435 0.13817445503407855 0.16097529465461613 0.14568208416428408 0.16448860073736227 0.12810815408441684 0.1283243309168283 0.11683519345653029 0.13959077392672442 0.1326106267473974 0.13554936227749922 0.14260126516884336 0.14965149819330284 0.12525940834781638 0.12346028316739936 0.0850572391911425 0.07707258064393281 0.06934563419924367 0.04850968162302581 0.07411999839696579 0.09064635077520375
0.16723502982878954 0.13195824263566253 0.14690807637947983 0.11234499927114777 0.07649937560527689 0.10896769320157015 0.11514152261331509 0.11298885336917666 0.10342625630948692 0.07995901611976174 0.06967933307145655 0.0827677460778357 0.11867549543995948 0.15325936059275672 0.1823769391380483 0.18896824925968259 0.17890275262619115 0.2053871298673193 0.21908201030202434 0.17354540707354624 0.15992214652669304 0.16079547240598388 0.14672477895426378 0.17679643390147526 0.16612154734095802 0.16413504744671314 0.1697505009979186 0.12403547278412676 0.11962737446087475 0.13723903133321497 0.14882706832656992 0.1321298731912246 0.11716655859666567 0.1489055177114511 0.13418589521119154 0.10461138090763317 0.10745941603427082 0.07509547690617167 0.04506252577154426 0.05013150435158203 0.056277664868349175 0.045616517406623536 0.07238409409831253
0.19761987734806133 0.1759232153857579 0.15229099921206996 0.12470893275377595 0.08472041963952841 0.09545178901869213 0.10772607702152372 0.10130722903304183 0.10699340120274357 0.08769010770232892 0.05806136160214815 0.07928236054558385 0.10330285097969959 0.14709697489568022 0.18996138577184207 0.17475319864021802 0.20971901364938167 0.20610591222039687 0.21839364170292414 0.20100257723209072 0.19969301134175796 0.15265626918471378 0.1675763216147222 0.17979669138003762 0.15644732628631292 0.15840111246840677 0.15766641880733237 0.15712841058474133 0.13916290058160635 0.1158211514235296 0.12028392593083212 0.14211147735957338 0.12866390853253945 0.14470638594768595 0.1302850353032997 0.10866038567690404 0.07548670484631989 0.0648638777679381 0.04933487923584257 0.06057447137405387 0.044134118653036444 0.060906773805593555 0.08759623466039068
0.19223022838878953 0.15023885210778465 0.13575223397373365 0.12704582070469964 0.06810728949402604 0.07182231924978416 0.07404983820086956 0.07724599766911647 0.11158013702842705 0.10845319681514867 0.0642671551952082 0.0887082171098322 0.10111267982268747 0.13764776758403005 0.1718554310434886 0.19769787312131662 0.2182985954769226 0.18634447745379806 0.18703330557968376 0.21584218780548128 0.20110692496434657 0.17252905898823645 0.1500598216197579 0.19901348634711197 0.1970074379811506 0.16981146688831514 0.1689919023514514 0.17838448540032098 0.12702382375922608 0.11604862818611947 0.1285773897817176 0.13664886342334484 0.16537543839552185 0.15393246741332145 0.11594275877873468 0.08749744097910703 0.026759523166406795 0.04953826033109526 0.03167275312488965 0.03512006583099853 0.03016105790195128 0.03027134251223151 0.04671099047566862
0.184896232443545 0.16538608028466104 0.13608478341527533 0.10672113640504426 0.11461820378328533 0.10317773772078358 0.12394079855198271 0.09645471421927125 0.09848546055900484 0.11153601961206255 0.08373161074167075 0.09635372042599433 0.10880159424360256 0.16450443996112582 0.19650803033106087 0.1823813058838723 0.1834594723688852 0.214396357222317 0.18964633327472655 0.199270053743937 0.20717206070961844 0.21224107372293985 0.19158797291202792 0.1977159608078107 0.1809310358939163 0.163903830698604 0.14937948906385973 0.17843910245863365 0.15609721476513994 0.15982944416779424 0.15507316083108458 0.1483098495338015 0.16799134394880774 0.1608580621395316 0.12763250806780257 0.11629493114110155 0.07841327706809088 0.06740077361580343 0.07893472098589815 0.058152522683971294 0.046508811786555006 0.04929019367414352 0.09165019265578747
0.158115671708339 0.13867610587955845 0.1331159513582816 0.15899660925528544 0.16180524060888307 0.1529862544623417 0.1386131117355696 0.11796662967249294 0.1293881792337926 0.11155223705221545 0.11335041829560072 0.14683847059671504 0.13964524965406727 0.1773291595412684 0.21622980922904592 0.19312850840011947 0.20162529040429164 0.2277609489218719 0.2278260849373956 0.21970325507806407 0.2206610716257894 0.20539080240549984 0.19399503999319534 0.1976197658529177 0.17791935522311428 0.1516895313629186 0.16799664457891036 0.15080927503953956 0.17442741875739665 0.16636447342059493 0.15723062414792024 0.16123880267609766 0.16807195256725108 0.1613349254940111 0.13111743890280966 0.10634812204555133 0.10821327510734727 0.08413519872399786 0.09235327802706708 0.05165260288977656 0.053285965129397074 0.08519023769917114 0.11732883126663553
0.1707785401024854 0.16882218574204552 0.17198989548640461 0.17237933898850114 0.18376033145575787 0.15637279521720832 0.15619862363732107 0.13974866716571818 0.12448974667297147 0.13984949669644695 0.15230434646889096 0.18918837746358674 0.19185616978656245 0.18357654369053825 0.19747348065651257 0.21795769897044828 0.24333904471124648 0.24313849480462768 0.20513273279611996 0.20575486938060292 0.19800167151607354 0.17915589622155093 0.19033269344321813 0.19214005336903145 0.17219810961722837 0.17467450845226196 0.1562540513284559 0.1589882943285934 0.1750349850544092 0.17202351026179177 0.16900113454861243 0.14962935158232052 0.1515684590358118 0.17590388837224905 0.14785442078343153 0.13322093608638114 0.1273301384344456 0.13095269732208664 0.11798197713353958 0.08568868730235792 0.07872925016400356 0.08633541348821215 0.111453530288584
0.2288223328289724 0.2237654793563804 0.1710734346940752 0.2069369642729952 0.18437801931993547 0.18818361506270218 0.18465341704357904 0.16330982515814313 0.14851954321004768 0.15907525851613355 0.2040186078690308 0.19825619298117553 0.21660288223521068 0.2157748846314023 0.1882541839547963 0.21602530168980305 0.24282783559666266 0.2416784545768327 0.22021855470359317 0.19974349984799572 0.1657426746494179 0.17886226994307894 0.21117767717890581 0.21462556045001496 0.18850504664743442 0.20336208125206756 0.195474750416687 0.14566797007832377 0.11023979686536034 0.1327494158831357 0.17309113809337107 0.1480101039966071 0.14677814357761335 0.16451587592152894 0.18029447444409186 0.1811030200335059 0.156172939545822 0.14511712718678285 0.10430395743067622 0.09365375649213624 0.10610256845681504 0.11204846000707601 0.1315118996696112
0.25297742119474725 0.2539599315393461 0.22587721570931144 0.22251163341073169 0.2087538743247931 0.2083079258876609 0.1961826499399386 0.17493620563028162 0.1805163046209825 0.1793217702622248 0.18948311737328996 0.19299653897156926 0.21488203278975515 0.19793203818501998 0.21488347197470273 0.22613344728270618 0.24597547414059404 0.24766729753514943 0.21952992073529382 0.17667332251152604 0.18846742792962173 0.20231525670995285 0.20361098708017658 0.20401660798344118 0.20093221831098512 0.21354981045132118 0.19119508385778297 0.17246611332924444 0.1661222385312098 0.141568784339564 0.13912727503390923 0.15041477904863337 0.17611929049202582 0.17004761461433734 0.15817608005301537 0.17680981227756848 0.18493532337686797 0.1680113335446666 0.15746278881121095 0.11672464332871424 0.12050309618294423 0.10092735950276441 0.11913649209586409
0.26555396816089516 0.2674595814171484 0.28025347819742497 0.25445776594054087 0.23320443786484304 0.19901483771865858 0.19716027004016617 0.18159122514193804 0.19609859009548583 0.21781526030419662 0.20319939718229557 0.20878713493862958 0.22298389747978087 0.2365613632689567 0.2129445545270761 0.21518505343113123 0.25116480928195306 0.2175562569992906 0.19224673125456332 0.18666745396949078 0.1870225018421557 0.21203155656763312 0.19705422732953798 0.199286421977209 0.23061255467483074 0.23543709181192124 0.21227939190091843 0.17818055731005827 0.19325974056033093 0.16055432029387176 0.1411935515860521 0.1898938780748073 0.19999064995293275 0.17394080625085215 0.1782896849846774 0.170306276754146 0.19986267746206926 0.17667478788922453 0.17875621114319504 0.12880448286759608 0.10716239981588177 0.10946292350459001 0.11125580832851231
0.30140789330992684 0.28210080533457743 0.28060218625688715 0.2696404716601762 0.24713912371964425 0.22598298004048237 0.20317879391051827 0.21685258210572664 0.22794057637599063 0.21555304107058826 0.22761168248318986 0.21438901682317035 0.24877943545915204 0.23629416335044293 0.24353040018353386 0.23609381874766788 0.2135033684756373 0.20568976184731622 0.19478406965312528 0.19935337192473568 0.20301026123737473 0.2056860255922857 0.23442141402668945 0.22142561489702217 0.23188990794999098 0.21581594399849893 0.23114303287616186 0.19495205863788673 0.20034846403893364 0.18616170515360272 0.1981451793360796 0.21202532478498726 0.21307355563910726 0.19601370492073283 0.19007058663289172 0.2087301903916422 0.21276673450271333 0.17753808677868313 0.14651065325483284 0.16382935671723056 0.13352308223043038 0.14092535741485782 0.15372720763661069
0.3418541573730142 0.31174028416770844 0.30993143966613684 0.26068372666944206 0.2532107413589082 0.2478885147246447 0.23348240299298748 0.21671456745245107 0.2317925693292692 0.21821090842047192 0.21874240083571322 0.25211216993231134 0.255865838816366 0.2660038177700889 0.23778061290996863 0.24475044559358555 0.2371612612157312 0.21713368154830912 0.2186681344423884 0.21100981610208885 0.20902752065313857 0.23657090037163286 0.24858499671911566 0.24115414775021865 0.2515930679377113 0.2596295048405299 0.24660411421928585 0.20964828746874026 0.18400075208002184 0.214177556687629 0.21139561413022273 0.23165523380354303 0.21755787396686938 0.21690106744993404 0.17317770202977054 0.19732048296569504 0.2019961720735881 0.1893877527920841 0.1491292499210966 0.15763819047845015 0.14281095859850995 0.14468815540103164 0.16979094388470917
0.3364399095707369 0.3332575758848836 0.3341456973160244 0.28964296256612876 0.29568851864558726 0.2818670097644695 0.2868951924485583 0.25794061708637317 0.25090130585691117 0.22469100763652547 0.25536655848482503 0.25215832870626675 0.27318905071468313 0.26695375087682377 0.28222871355414186 0.26021091583812106 0.2460817613642074 0.2469444726063978 0.2427543213611287 0.26052206442426734 0.24315914160464722 0.24327815626573385 0.26396367775188184 0.2636005868468907 0.26163999671070576 0.2445890000221741 0.2295713228197728 0.23428077802269093 0.22448947431871316 0.221749214538866 0.24700901278906118 0.2511021799407927 0.24988648170724068 0.2035687449417231 0.2017112973711694 0.2208086861269447 0.2255156256940925 0.2046929022612493 0.19225974056438297 0.17196060598742663 0.18466344192086515 0.1834674770433682 0.18413151263138308
0.3419817536523509 0.3434911843481759 0.35239082661068627 0.3227318100584879 0.30619866604634827 0.29244293929930487 0.2910451943845914 0.26125045122370677 0.24793008467547872 0.2779094333673805 0.2680944135128946 0.2846768753993835 0.27398587951565495 0.29078596969054676 0.2864878614919633 0.27838258544204075 0.2922290292750799 0.289877629158969 0.2542782525733084 0.25887551721103497 0.28481235929065113 0.2863706053326737 0.2788663778448556 0.2925426595733102 0.2551876726853628 0.24986006316597822 0.25689995486559064 0.24633142599778288 0.24793335493163482 0.23623989297098819 0.24423856305339045 0.2599106751178063 0.26260834303465436 0.2219836231003609 0.2311592321997384 0.2603430377005352 0.2616658268259809 0.21931015150978467 0.18814153093132552 0.2025022953888795 0.19632669340813666 0.197627655574915 0.1951382089136834
0.3896912859717759 0.38478748042925337 0.3831118000430514 0.3769440213505084 0.3478002970130525 0.3112584787971906 0.3019946570377222 0.30355117064897547 0.29520152404190564 0.30723248808044734 0.3204198991146343 0.3335948877109037 0.3149505145439057 0.3066609156778634 0.33589871301518076 0.3450922856010285 0.3184984945627531 0.2898397923191151 0.28900373988608025 0.2689143087639539 0.26669706569207846 0.2971010116036597 0.3072747824485052 0.2950767315125521 0.30411426866576236 0.3012780635210525 0.2937905032890381 0.28321895514840995 0.25262946245423235 0.26304266679688126 0.2942961819154878 0.2888439877648793 0.281291145411837 0.24612806886542202 0.24919111340642675 0.2631408474639531 0.2702314418715708 0.2606084749968191 0.20013229756650386 0.19886444753856403 0.20191801138389598 0.18651946302281522 0.21298231481579974
0.40516728689638415 0.3880838183253222 0.4235779823926795 0.3963280474691274 0.38165575620297404 0.34576779085501236 0.33573682746299727 0.33914890567247846 0.3081267877025566 0.35027545632309043 0.3514658960400702 0.3479761893020331 0.3727473764420153 0.33362711186243116 0.37100125878475493 0.36110484540640797 0.36948797793278887 0.3530968591752666 0.316179962226626 0.29403818151112304 0.2907646219674449 0.284186753921441 0.2912979179069211 0.3103831606358468 0.309593466680042 0.30691357633454835 0.3115621105195094 0.29224073152017194 0.2934399040287857 0.2914715469238521 0.30085917026153913 0.2803323545520548 0.2977162034493337 0.2552582575692068 0.2767529824512219 0.29670248002119015 0.29510753240440385 0.2694439462201987 0.22340784349645892 0.20005908252461263 0.18047797309663458 0.1994620208626861 0.24611808701448382
0.3970697505519054 0.4158129281578624 0.42282893355263224 0.448286394195189 0.4057093766669438 0.4029872706135501 0.38655503039764955 0.3381771660725672 0.34146708569099576 0.38014717960695926 0.36093494445105145 0.3557987523169592 0.3492355936921765 0.36535869855747105 0.35842477294449715 0.36726433158176064 0.3709350869265088 0.3891135815685247 0.3714824375298822 0.35667106223472367 0.32267353710834257 0.323425242391097 0.3283759904268785 0.33439820077770077 0.33442229010786245 0.33660070530064606 0.3387289346478873 0.32180110352270624 0.3364871391844755 0.32177027123278584 0.2974082076423771 0.2941490079094346 0.3080997699536355 0.2844430381864951 0.29338049137704364 0.28142106605158645 0.2719305515045749 0.2760940445589516 0.2334322353808182 0.2219137311374022 0.23562918872628935 0.24371230162125349 0.24738174741949462
