Raster_benchmarking/continuous/raster-472.asc
NCOLS 100
NROWS 100
XLLCORNER 1743163.0607788942
YLLCORNER 5469287.490325547
CELLSIZE 10
NODATA_VALUE -9999
[rows 38 to 56 of 100, columns 43 to 85 of 100]
0.4517725072185567 0.4349126382796321 0.46283322788336234 0.4393078416963942 0.4369552543092865 0.475874402475261 0.468046478351305 0.4984215902513017 0.4532224371564484 0.4519395923164741 0.42208397862971236 0.39710949753534514 0.4160717911045933 0.4012175304433371 0.3557558405867646 0.34008803768597773 0.3606522625849359 0.34442595724147956 0.3673285937018441 0.3633531069459272 0.38522518262020267 0.4107450413237054 0.4579996494858762 0.4600904417600587 0.5290136468383679 0.5335796191304607 0.5161664872378455 0.5238505362391958 0.5607768562741613 0.5787679960937956 0.5312135317456742 0.5172361158723072 0.5021544120344236 0.4944418611510945 0.490677346005132 0.5174048116923482 0.5230671765889845 0.5288851678164106 0.5200158845158801 0.4961742114534525 0.5466279690183513 0.5107053267359476 0.4713196915501887
0.45147542481018876 0.4405650578039307 0.41726140859265415 0.45113517556704924 0.48262895120905064 0.48152376291124777 0.5677169935471319 0.4912283926208558 0.46009331479253596 0.43762207193963937 0.41046794949780824 0.41524121978876993 0.35338050580504693 0.35666863042488584 0.3856765154679743 0.35005900699481535 0.32777107973399844 0.30497279497779656 0.35119050497586285 0.3653567424552247 0.38144059129588337 0.4142828653422714 0.44333557548745567 0.4903339184570523 0.5097474392483261 0.5348982452633758 0.5738244371176486 0.5289976269080525 0.5551943029955292 0.5602010410097955 0.558244178360722 0.5426724864984622 0.5245626107865 0.5200661002268075 0.5665457825052892 0.5327030405531098 0.5425269173084657 0.573646687015847 0.5403960861622878 0.5719740782494925 0.5694781596846994 0.5295299127172416 0.5050287830850392
0.4971096494894363 0.46593177138214237 0.41222854629460426 0.4587497606630159 0.4934352348964561 0.496867970952605 0.48585223006294737 0.5006970364133057 0.4692760846771363 0.39957389449556063 0.3674651475635835 0.398149277771615 0.33608761992133823 0.3542534622902933 0.3830548703165196 0.3579792423835878 0.2984449627406545 0.30444705358105806 0.35779499497717404 0.3737971888602248 0.3711004616427859 0.3903209906908397 0.459219278737041 0.44550483505927624 0.4540784482672586 0.5270681345694338 0.5127255389908589 0.5176849231716952 0.5491123622001065 0.509697493716906 0.5295022127688491 0.4961023383208289 0.5230070325767564 0.5627515123063447 0.5455230177213455 0.5489668038171953 0.5799383979755417 0.5818802465838064 0.582660375686248 0.5767660752504535 0.5677415824273101 0.530851761937821 0.5142623499894494
0.4743667660991257 0.42366772303308015 0.4231533145547453 0.4041716778505132 0.4192393898118482 0.45791439083797586 0.45667410647385115 0.46474515959328644 0.4198321928777543 0.4094665983480815 0.337264656617659 0.35863527307084414 0.3640558354950662 0.3923021632794645 0.4002117197771517 0.3820864003427333 0.32493930735432397 0.3282403340123215 0.3120625843696395 0.36467457786232865 0.39685902436708864 0.38422071972174837 0.4674577423617331 0.4266032865755352 0.45488848198696735 0.4828036919805944 0.4633913435584838 0.5100595312470074 0.5144899793252496 0.5125155406722119 0.4801513500037802 0.4835731506352591 0.5180666061647515 0.5586895907282411 0.5757810291449513 0.5808939498425421 0.5882195662314459 0.5993846110483279 0.5361477983849446 0.536216178595622 0.5542617350057917 0.5323958491359243 0.4779747242495191
0.5166156242440743 0.4555126021734314 0.4386787110856127 0.40449377711429363 0.37825866525027846 0.43184478568226015 0.4216585152346362 0.3793681029064196 0.3918946707463562 0.365375209530719 0.34768521983764966 0.33515857902007556 0.38408719483546006 0.3992212377598113 0.3899987755763169 0.3859215786812245 0.3471239914645794 0.3151680725458255 0.3498827770959235 0.39779231867065384 0.402287574214445 0.39087220974420583 0.39464816535487085 0.4206631213287929 0.4330528474291461 0.43383794643468554 0.4654745455672359 0.5011926470680047 0.5157033994928729 0.5444703376337617 0.5190323059575558 0.5323972847543789 0.5786896393049757 0.5486390334095999 0.5830606843522991 0.5507759325052545 0.583972383042178 0.565871592675787 0.5621443796790265 0.5662509814136388 0.516106400314759 0.4772662513871057 0.43316650500737314
0.5046756018291825 0.47021710250433 0.4770011140751366 0.43792071671127636 0.38386582247942835 0.4172923166445314 0.363479011500989 0.36467510584571333 0.39992864271537165 0.3543759540283091 0.3619178564778921 0.3348184556446736 0.39012948936020875 0.348651084580058 0.368191327288441 0.3676338469104325 0.32803562687489757 0.3290638105676771 0.37924492122912073 0.39780303088419183 0.4052335270681721 0.4155209389233293 0.419574073976087 0.3844442091402875 0.41939969764982266 0.42067519372668866 0.46294357937481206 0.5213452278367683 0.5263549366649128 0.5551870013929495 0.539686945682775 0.5461444227074289 0.5958988768726178 0.5664074760115778 0.5803736959211454 0.5770915845561181 0.5463714012091744 0.5852881268671785 0.630126784953271 0.5659540950453148 0.5222569251443175 0.4979237215287995 0.440341034343525
0.45270782459338904 0.4536553664878836 0.43433955043771044 0.42190525649037375 0.37073421494880127 0.3867075335292468 0.3701251893861306 0.36168660452964313 0.3502361525020441 0.3800154319679775 0.34135480256154754 0.3352965095325826 0.3287749981585606 0.34130488537523146 0.3281130356658088 0.3501923537818443 0.33496745374726317 0.3877548042348266 0.3695353117403344 0.38130826207799307 0.39938758495511884 0.4463723141285767 0.4179734654279308 0.38778939440823135 0.40319517547301004 0.46509652551921005 0.441894144100366 0.48395257165719746 0.5667710108725238 0.5714639527612072 0.5613215446694568 0.5512650567130224 0.5482829155390876 0.6081843235993816 0.5799886973428682 0.5765519131774962 0.60469103499567 0.5896187490531346 0.5912117457235928 0.5634427896144049 0.5472078148082755 0.5121023492907313 0.47178488513783495
0.47766820794145287 0.46433271883004373 0.4188321534784557 0.40113272715080844 0.40938665818553305 0.35031964121498826 0.3359061426332033 0.32498639354626196 0.3315370707901146 0.3472190776920678 0.31715671617601304 0.3448811334792613 0.33680189891860235 0.33013424831903226 0.3703275433982492 0.3595656386848012 0.38375069326749534 0.36308215023994306 0.37586536878367366 0.42309055678125074 0.43058904941796594 0.4106350960498275 0.4328446600876381 0.41513118387733156 0.400488880927992 0.41559137841287314 0.4539830481350868 0.4744263184095466 0.562575114094489 0.5457375651633454 0.5816443778767914 0.5387781326731543 0.5591258670324664 0.5884863369542714 0.5715726117881745 0.5898478118122739 0.5977616632424467 0.5649103093991069 0.5465555050504473 0.5791788809373246 0.5683782490771147 0.5365520050954912 0.49827641985548504
0.46224604109611656 0.45815801146664786 0.4265585932722643 0.4014263315480199 0.411253339147622 0.37368184009133626 0.3319578277366528 0.3265205651836509 0.3584812288127241 0.3401069789366474 0.3285622082104044 0.31921489983419854 0.37009297949194775 0.37864059915348763 0.3863713492155218 0.3996335848810053 0.3863500779297111 0.3938912407506835 0.351527268405818 0.41915256805169565 0.4065416557703613 0.4458919152201628 0.397551724521498 0.42948960755925114 0.4769185942749251 0.4601954658129868 0.45646097878725306 0.515303932649089 0.5668858198283595 0.5490560967468834 0.574729366894501 0.5606807781143361 0.5334618403028664 0.5972283586965751 0.5845426237944334 0.6113972273577367 0.5984429760764046 0.5680392750636184 0.6005245098424217 0.6143270044468464 0.591687587924802 0.5810115452239276 0.5480409064245427
0.49473992794969734 0.48859893627920215 0.4095864804451604 0.4298289462505015 0.3813851226274071 0.41182455660674583 0.4002469916719193 0.36106699095874867 0.31371665417498673 0.3094059260470296 0.35388719437640337 0.350156815201659 0.37746314949762017 0.36884717646800097 0.4085536422299874 0.38351061737022824 0.42988285456696157 0.41559991200787166 0.3422327725666291 0.4034387209030698 0.4133203011551293 0.3884868907451491 0.3856755582281553 0.451539551524675 0.496703569605538 0.47333467634748605 0.5242302962164079 0.5441961039642297 0.5951567916765089 0.5930390744796629 0.5441884507181786 0.5349813810240757 0.5382601796683081 0.6036743936024881 0.6003167389122669 0.5999723142583315 0.59516285784038 0.5634754822896394 0.5984242986499987 0.6278932366666814 0.6369123158366816 0.6039623919151367 0.6131178229695609
0.5085617174825418 0.4837500548152462 0.4826651539961078 0.42209552511073156 0.45289217135491194 0.4395455242344412 0.40598823233061215 0.4047274190216208 0.3811832175189551 0.3454053090690318 0.3960292374269363 0.38849481726016566 0.3681592091431806 0.40229167831809703 0.4037526226559426 0.42012460628827014 0.4094153581469653 0.4118423245769358 0.3479622857467073 0.35630067325534504 0.4208727883355068 0.4008124388088435 0.4380686959675199 0.4934146145863542 0.49034100311214707 0.513363646369554 0.5560896192185507 0.5584969379070186 0.578348700715405 0.604828484989276 0.5505564093075258 0.542922136169971 0.5626872329233971 0.566405976932432 0.5973057635129057 0.6223830978510532 0.6102133534436741 0.5908447335160283 0.589854537145694 0.5878716261591422 0.6532086560348341 0.6319798059367895 0.6094195019530121
0.5152528787075661 0.4870067920837401 0.5074113074646373 0.45034492072237453 0.45615116602213746 0.47388477019108965 0.4464016639811212 0.43427635068896886 0.3790632915088759 0.37873563916674874 0.38688843796192246 0.3531725480793964 0.3836272787509744 0.4153841994231 0.44471675814116934 0.4527556461268007 0.43842598230108276 0.4153362734883687 0.369509453493561 0.3866387653152187 0.4122820167997686 0.4424044067006862 0.4713208982203855 0.4676497516041811 0.5082303330289983 0.5167338148452103 0.545405543182244 0.5907097470971234 0.596136958777924 0.6232756362375026 0.5879230414469674 0.5592758825918513 0.59524332295364 0.6275839383213593 0.6220400974269873 0.6528653950369719 0.6299395400480999 0.5949697042818226 0.574573618172687 0.6244192628807664 0.6454172669681534 0.6766106093830239 0.6616844913577086
0.5246915136165304 0.5388557872267519 0.5491538113918819 0.5029556896514781 0.4662926233280593 0.46405172223874414 0.43988596394450885 0.42579604815862265 0.39516491569066675 0.35967056878953674 0.36594531929445223 0.38219390573118384 0.3839948733749246 0.4156403772027774 0.420466495243277 0.43661073167312114 0.42963214027969854 0.39180783470466296 0.45462443881716136 0.45042013447054796 0.44854622830762675 0.4301706869290381 0.4430549108049106 0.4653240879882794 0.4951040189657237 0.5598566554051514 0.5318875397073252 0.5571584379459893 0.5509441699506612 0.614665594068533 0.5939168081154227 0.6005385211150264 0.6259290755502968 0.6180838522409361 0.599542742537945 0.6548012036853501 0.6350289760422375 0.6180373184552163 0.5891051687393772 0.6103658450959404 0.6417321223340858 0.6473864318553796 0.6526010724155098
0.540952787777331 0.539211413647717 0.5241767723503162 0.53241748227617 0.5097570698296755 0.49694234838563073 0.4809738453258872 0.422756791457622 0.4007623382770208 0.40086537527860483 0.3529438952603249 0.3910768745471333 0.46392920749928507 0.45109792734976006 0.4769592655549366 0.4360523933910869 0.40320733974225653 0.4020711579903912 0.483635317727661 0.470194169590778 0.44872953954716704 0.457297754754421 0.41809083901012545 0.4566505724142977 0.4867101048033538 0.5564917760604101 0.5871812301480861 0.5505869788268789 0.5576180770558926 0.5908157411641851 0.6207259413272829 0.5698569752710106 0.5726312956820147 0.6336839973905427 0.6108294457600753 0.6483086105411809 0.6626656654085562 0.6625104176408665 0.586177664600469 0.637141104427462 0.6622779426312801 0.645523776975767 0.6444405481115445
0.5178399434976205 0.5026062301996561 0.5185864593000193 0.5457022311949581 0.4844195030061433 0.48107076353079115 0.43888281098611004 0.47681171627312846 0.4330651555310719 0.4207937041948898 0.44284995356624696 0.4623107283208136 0.47269908398093735 0.47322678721342826 0.48219327565178743 0.4249247544204826 0.42292235243459836 0.41200085869087394 0.40826005410928806 0.4247141642581167 0.44083671790943996 0.47217089804385837 0.44409203858522617 0.5027439626960002 0.4864293636343296 0.5293757721290344 0.5735670546806775 0.5913465648680172 0.576508676284705 0.5496152518005792 0.6182200937228779 0.6051448485867231 0.594866003496504 0.6531150989942652 0.6063020364394917 0.6170691598805415 0.6492939654993203 0.6691285551671559 0.6008395835855613 0.5994520579361517 0.6030536837645829 0.6281512138439241 0.617591006193618
0.5369489139047757 0.4937263259614926 0.5064905986411622 0.507780213627041 0.5153941167267938 0.46658982853621056 0.43623570546649026 0.45654417928405483 0.4722232585515481 0.4599795299308231 0.4824609974623461 0.46789250479143035 0.42750313932016687 0.4670949613601753 0.4726999303549865 0.4141276201091127 0.41994907288181693 0.41726484132419556 0.4261240931323613 0.42444722940669244 0.46521942119478293 0.5074825949123817 0.45728589010298676 0.5304400108192013 0.5288299385470226 0.5646884199874049 0.5896907059269508 0.5696788849910491 0.5430880070435553 0.5796907531131005 0.5912120659833875 0.6275287824257602 0.6656776761382339 0.672373717542495 0.6509696653645742 0.6399075637028988 0.6570605661397604 0.6493331482089743 0.6744759279366223 0.642060631327765 0.5941674013046175 0.6423839131685414 0.6425614863031488
0.5253601914903521 0.530144291380271 0.5014170700616363 0.49112210069355766 0.5013845702735523 0.46812902126057937 0.4436287329038142 0.4523648800525938 0.4175030393472376 0.4593576632616143 0.48431021939806573 0.44606920034918607 0.4676293098693834 0.4473800513222342 0.4696374050108706 0.43955463686937546 0.4394384825640473 0.4494287954627662 0.44823863735552155 0.4884182005013449 0.5241315740915079 0.517823537253823 0.5327715380479532 0.5371156716130772 0.5561806251767617 0.5623543519779227 0.6110571354198522 0.5978252383378967 0.5910969906373282 0.5758084147674531 0.5761762476619294 0.6316139520630106 0.6622386720920207 0.6336008567554318 0.6472106065834752 0.6669516630867846 0.7022104347150209 0.6664163771671979 0.7106798829354857 0.6720744171122568 0.6428238066547302 0.6428302813716197 0.613429406913048
0.5113499157643013 0.5088798989364172 0.5466541449577502 0.5237178724326098 0.48281799142620463 0.4137239579332895 0.3865298674759786 0.44462751525481564 0.4063553551526345 0.44703868354265247 0.47527144572130275 0.44948906119395127 0.4553438221264719 0.433566544485955 0.4394564747710115 0.4438323028184467 0.400661537034548 0.436723097902312 0.4530823064654915 0.4882954461759118 0.5067440235612065 0.5123217620927458 0.5199854014894978 0.530638440946359 0.5917659423718752 0.620859618920842 0.6125490546543565 0.6036679162952381 0.6249267430885547 0.5822829907064954 0.5660593723261909 0.6272838872911817 0.6639852493181394 0.6850552324816213 0.6684979409051697 0.6796572292227319 0.7028482303090436 0.7377322606321681 0.7473917805856914 0.7093375576441657 0.6283345857667575 0.6298037731230111 0.5964082385729622
0.4807399650168029 0.49717161742633925 0.5217962245737217 0.49287045475023283 0.4888708227160985 0.41587966180430735 0.38073863034820316 0.4135604013408861 0.4181386586245216 0.4159762309419364 0.45641168967350004 0.43280316282680925 0.44786962527281193 0.48463969322610073 0.47022355604782407 0.4556993854608703 0.4470223691560002 0.44392698327572516 0.45618355250704073 0.4770662713250697 0.5364081273212907 0.5527797399100929 0.5474769533849273 0.601922352752683 0.6445061735867722 0.6519811867457543 0.6729494482016404 0.6722144642881628 0.6208955268270981 0.6342926337791321 0.5678273686750747 0.6059597042332464 0.6445524046838187 0.650521623845324 0.6978476149980184 0.7004748089774371 0.7437823220185651 0.7141317002453313 0.7216808562599574 0.6858119878666746 0.6454700244228005 0.6012288400771011 0.6137071928479952
