Raster_benchmarking/continuous/raster-314.asc
NCOLS 100
NROWS 100
XLLCORNER 1743156.9678753028
YLLCORNER 5469293.200931921
CELLSIZE 10
NODATA_VALUE -9999
[rows 0 to 18 of 100, columns 0 to 42 of 100]
0.2717175415773876 0.3300359483862802 0.3338525394662356 0.2801784397277412 0.2515467566428535 0.20607935986856565 0.18015900824079714 0.19164764154342395 0.21846830101539044 0.26228513879496707 0.27041874111430547 0.336616135775115 0.41552890061691433 0.45712608785927333 0.5458034256193601 0.5489023639319438 0.6130833664462123 0.6557749778818326 0.6464093479408242 0.6769183116284316 0.6641821640559713 0.6846492692231448 0.7608254734800804 0.7736445291597133 0.763448873939331 0.7848983718843744 0.7619536687918972 0.6820271493512562 0.6568748069283213 0.5866753316861782 0.5493731910006315 0.5986157509736441 0.5976265024237474 0.565494669723315 0.5409819367146425 0.6052459428294438 0.6580530346927361 0.6614794649595502 0.6984679304806817 0.719638761967429 0.732831651549166 0.7415252540149326 0.7389964398648079
0.2587345543779771 0.2941614696399919 0.25585663386074103 0.23004636394197903 0.24313106739232618 0.22966226295805167 0.2456872946067921 0.23157733956021329 0.2503227045263858 0.273213418663446 0.2790820624686166 0.3239516638712896 0.37518098418950463 0.4206939447899069 0.4706070530575551 0.5578637050830588 0.5815449050440317 0.6107536042322895 0.643722813078086 0.6917503698169601 0.6784180134246156 0.7325979932817668 0.7102561084401084 0.742391714389075 0.7862314031306723 0.751692265036683 0.7262078667633723 0.7069249012337616 0.6696878246849691 0.656688147985051 0.5853097490115954 0.5659738351827407 0.5704828527078678 0.5398422535891148 0.5813926268616889 0.5961798488623362 0.6310670824248995 0.6224432977112994 0.6729054844042163 0.670291209228575 0.6779440999687679 0.6536073174375755 0.6523912812250392
0.24698919470110153 0.2378116335610039 0.22437890641356784 0.24665675400680506 0.23867752087753202 0.21490178409696106 0.2526383867796945 0.25097977562378093 0.2656798186605555 0.2369546261546917 0.280291444113131 0.29781563278503637 0.32344074360119746 0.4053975031832258 0.44565714503570786 0.5639483466941736 0.5990383560816483 0.5866286791564405 0.6503784061737017 0.7067282744553712 0.7495987166842559 0.6982149249043406 0.7052579984786175 0.7421368954156016 0.7606221710438286 0.7149998120142856 0.6688753036450197 0.6647844894521129 0.6989689232101426 0.7124103976319999 0.6781597542852974 0.6034859117031145 0.5613323917939328 0.5744531517221546 0.568952778334817 0.5937028781157506 0.5711288218333426 0.5992536653494517 0.5938554396440461 0.5955997444717585 0.639129003088154 0.642778731861863 0.6118226391079572
0.21990400296926413 0.20184829229755188 0.2187718715404461 0.21316167187621057 0.2057965937622389 0.21067715838875667 0.2212558434140052 0.24737439468406133 0.21724951144690202 0.23100314942324654 0.28347437039812484 0.3051533863627884 0.36992931312430327 0.41199351337357687 0.45274602289381477 0.5334459303073971 0.6098695449538554 0.6105299078057513 0.65436658681832 0.6987201791064261 0.7259822512809446 0.7011935470114881 0.7596708498848561 0.7573703350067743 0.7320986619642599 0.6968703245602702 0.6762824111717317 0.6820201623507935 0.668923677517738 0.6975597541597456 0.6508608540485156 0.636219663119334 0.587444905995372 0.5944000312927187 0.6143209697618449 0.608213069655154 0.6115783213210273 0.5564978386633865 0.5470175269797796 0.5699464581262697 0.6213245588430802 0.627651338929209 0.634515260896715
0.21333683738464404 0.23060525216087935 0.20753957847625656 0.16435656613080618 0.2032080262192654 0.2165820944727656 0.202511989914182 0.2109688483064076 0.2212468075981186 0.22735971121378032 0.23990464900316577 0.32496051050368036 0.3799121178508298 0.3731997488357416 0.4495391525212042 0.5319435084233536 0.5962271900567709 0.6280573999033828 0.6828927709492835 0.6915254582711444 0.7089115841477949 0.7223909894049868 0.7631591644476151 0.708789131168864 0.6852941326537899 0.7033795110870956 0.6471606671758169 0.651329134553585 0.7145803619910547 0.702870381641938 0.6875954889942035 0.639375248350794 0.6208018341852175 0.6285485770010967 0.6147410011243919 0.6463120725857855 0.6082837236490923 0.5487300315523943 0.5460633837817644 0.5546125053137626 0.5677431033265838 0.5865929212000042 0.5800177103336688
0.2123670828379911 0.17802553251984873 0.1673240621116567 0.1537640484004685 0.15966728464139934 0.1975657591280803 0.21579784771803184 0.21213643921887146 0.2400792280382073 0.2621844860050447 0.24302416090582554 0.33579590980728374 0.3405030501585039 0.37479726733172036 0.4258173543226979 0.45880767676523165 0.517567139595102 0.5766052162377211 0.667968167184906 0.66778814484136 0.6861130162454283 0.7203360794297129 0.7519350459951837 0.7375496796271243 0.7294601303544868 0.7116683683273751 0.7004637256511199 0.6505140503092948 0.6710222937199297 0.6581218274010622 0.6832073612420144 0.6391005740994081 0.6638946390294401 0.620420274129509 0.6486359475332655 0.6356282267866101 0.628464901086811 0.5930376862041852 0.5764891147491288 0.5441004572940076 0.5275661266635345 0.5300995439808915 0.5719576723171815
0.24421799300698988 0.23426117299090105 0.15157712127193526 0.12456921768432172 0.13516033647524844 0.17893837771167628 0.2282532990615189 0.25457261091815847 0.26375434426866445 0.24454284570777557 0.25968801321799906 0.3093591991159551 0.3431846664839031 0.3611149059812093 0.41111085654946794 0.43734818920624563 0.47580029757300024 0.5195674224394283 0.6375603216020734 0.6284683183447222 0.6846975498748444 0.7207189396732844 0.7166026253479166 0.699101013706987 0.6979690465732163 0.7279504698915568 0.6983518393188579 0.6597782026656964 0.6620401532851334 0.6721269811443036 0.6292011137887001 0.6496114660663084 0.6493533450169661 0.6226167522601851 0.6517181004556751 0.6557940781567652 0.6016009071136554 0.5779720918148047 0.6086116626181227 0.588341926955925 0.531679288463194 0.5211569844425058 0.5118729529742556
0.2384057634984992 0.2442281420067855 0.17736834846885594 0.1667452238997723 0.1706308296277564 0.1594259750326158 0.17950888256866532 0.25216870086906995 0.28790454800869236 0.2809355137909697 0.29835043718376064 0.30450599398632044 0.3587784736079516 0.3905716242997422 0.36855227176614286 0.4303723178334017 0.4658051259072801 0.49204882310909137 0.5747995524125661 0.6040378306709789 0.6420314267421665 0.7258770806070072 0.7029993639112829 0.7462935188530322 0.7112686136265676 0.6981568124075482 0.7309518647212404 0.67723432887429 0.6516666386330533 0.6804559639753434 0.6794798034397465 0.6367614520109423 0.676557626976293 0.6656093969031356 0.627403908191861 0.6310885272333943 0.5879756552496962 0.5939411387931595 0.5746142633464085 0.5635938466476981 0.5398849709201712 0.5361533172555454 0.5166050025739642
0.28628844092932426 0.21202711892123352 0.17866059378656912 0.1819939056487848 0.18765875288436612 0.13430398446477398 0.13893618455641688 0.2311903054742499 0.2608581197721654 0.31300135099155996 0.32557272716398494 0.3726029539316429 0.38001454234932536 0.3660352039268144 0.36634449678590364 0.38689621460392914 0.42836849324846976 0.5141824235685863 0.501745337371206 0.5781680190464514 0.6574352215532512 0.7003912511052102 0.7461457461013262 0.7075801532250799 0.7220228452520981 0.7566258276467408 0.75665546386482 0.6863382319293693 0.6658942835793498 0.6772404909005143 0.7077005944381545 0.6797429283680954 0.642701730721886 0.6395845490469093 0.6310440524688657 0.6101258983571549 0.5793047715370223 0.5831167810282908 0.5557943074065345 0.5233382385686781 0.5076453894814534 0.5145643271538489 0.5101252763489825
0.26168792640029725 0.1993060502051618 0.16579092627930941 0.16285432061369456 0.14830554698277754 0.1567248541923502 0.1959312315863057 0.22236476465005553 0.2546896715371117 0.3021653625643236 0.3655855066691206 0.3730197881019255 0.39493153606537185 0.34952296558823104 0.37152811749437836 0.40225823503384905 0.4596266773537959 0.5142936696458644 0.5384766393977019 0.598085334964544 0.6449265748892716 0.6992879803223362 0.7231044139241346 0.7419080442920098 0.7630689220000018 0.7424645782761151 0.7557463352786323 0.7483009467047873 0.6936036764734128 0.6683533592696894 0.6630047703573012 0.6274449840757536 0.6191715716584137 0.6519634201527733 0.6081514038852899 0.5913281269845923 0.5843420258700529 0.5586178687140059 0.5422318297816088 0.5289320466724907 0.5417618081204606 0.5233404973828129 0.5448945798754683
0.2333767656025741 0.2268804292258748 0.21297261546572932 0.1808017369545339 0.12509963659632836 0.20025725274033385 0.23972810559690907 0.27109676150763307 0.2941659211970373 0.2884041292315566 0.3424112053955854 0.3231973930560911 0.35398975625771684 0.36847661285279154 0.36139685975947733 0.42289050192508243 0.4867403006305721 0.5196599705111453 0.5148114473964317 0.5872747394470814 0.6845510707049511 0.7209898332669216 0.782206292729384 0.7531394240139062 0.8125838270265447 0.8025545876960367 0.7912003867747179 0.7661899056878843 0.7335268870305869 0.7018042572688541 0.6600684872550486 0.6716795638145713 0.6272195795303629 0.6184631305145746 0.6604653317099365 0.6283175307393196 0.5955043077323536 0.5864519484393261 0.5937074650987932 0.5867193394524258 0.5757414928449704 0.5660620265021354 0.5734225426913762
0.23084909715539326 0.20323725987985222 0.14127020852871494 0.1608590769143173 0.16788465964463087 0.18275664907507352 0.26862047974107006 0.26622165522486496 0.2752230248216883 0.3386724403873191 0.36366234589860913 0.34148426890286787 0.3344613538571286 0.34598895423134607 0.3785722467814141 0.4212056178912019 0.4419429039592616 0.5075197776186232 0.5341084599951725 0.6167442685547857 0.6724489747829423 0.7383092396271999 0.7588430771910089 0.7554710854923503 0.7953855842163796 0.7784933540953456 0.798476869171105 0.7621369501130929 0.778905267575768 0.7450682213327348 0.6832434901156824 0.6504040521926746 0.6663076956082234 0.6596038093630012 0.6277654247653526 0.6132623391311913 0.6393965037699744 0.6583831970886805 0.6295298553454056 0.610715697411185 0.6159168680424457 0.5741243426215815 0.5423885113737978
0.17366349414388688 0.1264094647772893 0.11101705252475443 0.1620035555568689 0.1493183667545214 0.19930335845068517 0.26231144868951356 0.2474338233102524 0.3047722156474269 0.3172458056594391 0.3032196772151007 0.3561704183835014 0.33359018114057404 0.3459103429585102 0.31207233126525624 0.3616426447326679 0.46519525034537274 0.4782547519035871 0.5616829452586269 0.6502859609871897 0.7015791860400287 0.7347137301130273 0.7447248365162762 0.776751056205136 0.7749495315358038 0.808554853886036 0.7975259440871675 0.7940570135885903 0.7885269309157548 0.7253005026702529 0.7585471766075473 0.6973734154908471 0.6252301109956488 0.6509404011537512 0.6127234655494085 0.6361848764485826 0.6816857966798417 0.672675510092669 0.6493650474720412 0.6324275644989186 0.6119757588504505 0.5913510694073162 0.5856545156922561
0.1599472029812768 0.13102679128510353 0.14796540085114246 0.14232070750943027 0.11840852334119435 0.17790567076715277 0.21226544689533208 0.24734172408343177 0.28103697065756494 0.29157088083289556 0.29918825659096904 0.34941545902201054 0.35353307587779653 0.33376384577380674 0.32314653367765633 0.3612977787136086 0.4220550051864524 0.47900517820104277 0.5531130967872804 0.6195345814807925 0.6784947938419953 0.72270320265868 0.7619665669276127 0.7556998751526193 0.7861195906792736 0.7705548540052589 0.7909405777272457 0.7482739269219074 0.7263921515888752 0.7318971058673688 0.732225388420281 0.7178225136432846 0.6715161950320634 0.6788323844672417 0.6800250611266053 0.6663049597622157 0.7082353027690369 0.6941592761471863 0.6844359973023945 0.6412549357255037 0.6637468777139715 0.6756335641862846 0.6437711672391834
0.127503400497364 0.15476610169946597 0.14713467876451064 0.11548522517001047 0.10578799823969262 0.1532464676015818 0.1373906184351965 0.20217982520756178 0.23974133832567124 0.2791407483291358 0.31014314824812494 0.3156130686249652 0.3246406269491258 0.31398534814145784 0.2872733401079634 0.35481745130812037 0.4142127706522422 0.48147399323308104 0.5426440046176765 0.5927041781049474 0.6349987447945026 0.7019332037950563 0.7307589726286406 0.7384210391786724 0.7454736756468677 0.727091401643561 0.7524994457998107 0.7627799913459764 0.7173117154349536 0.750723820996909 0.7568859067248688 0.735172500758746 0.6664210784460545 0.7027822211509531 0.6968411718067397 0.7116610122490371 0.6657077071196809 0.7085296555561513 0.721385630228283 0.6742649686708243 0.7058784141739388 0.7239048641974497 0.7182915702607896
0.12342211381770499 0.10890940461345949 0.1132381101043663 0.10807419658607433 0.12274741865540513 0.1302172783564709 0.13794734173566206 0.2111157470888275 0.23379832775621343 0.2515557847008386 0.30097702438143265 0.2898016037109793 0.3058076496684067 0.3068654310135395 0.3361053052445347 0.3698024567186042 0.4190585542920095 0.4665895850357746 0.5317569010093467 0.6154831426294955 0.6325905292230057 0.6804892748263159 0.7013180428538429 0.7510213862004002 0.739660513796548 0.7465348303470629 0.736741619343319 0.7368201031305898 0.732665989337477 0.7193256991523392 0.7069183137613914 0.6989722409815177 0.6853757846810433 0.7108291816901047 0.7575774317177952 0.7166427928755803 0.7198414236884936 0.7343386462483571 0.7338922160560974 0.6853857632864142 0.6848121465623244 0.7172457974469107 0.7094761598660702
0.13652292367095803 0.08483242358029636 0.033472949945512705 0.052828038246099766 0.0984179984123038 0.12705204168569958 0.14136791792895892 0.18934019844425035 0.24662231026448314 0.256166482292672 0.24967289939415346 0.2861255379673074 0.2783172451104166 0.27810997891611056 0.27109872052121964 0.39930613124001646 0.4276189975996902 0.47603736463595814 0.5336876544804763 0.5895700347669353 0.6678340805633152 0.7181000095972888 0.7038166244493509 0.7421800235963483 0.7587680822250852 0.7471881667255658 0.736329049677201 0.7534528418898269 0.732685166298269 0.7471264741470114 0.7114867756209602 0.7525677886171633 0.7579370039007193 0.7274024308186419 0.7871383276124095 0.7854023240151742 0.7611281129794882 0.7567484424403742 0.6982035981788842 0.715551312900545 0.73417789276421 0.7025747296382862 0.7217383617499677
0.11692663420251345 0.09852365993103089 0.0903486060357206 0.05551747950544016 0.0828821661295321 0.08069218972559504 0.13583848201990936 0.19857588572320894 0.2519991387030215 0.28411268619446994 0.28220955006226084 0.2772626706944059 0.2545518571505179 0.28959937695500243 0.32268799437245443 0.400165656822218 0.4756782588963028 0.5097419180338763 0.5414512459970388 0.6142286623611026 0.6272718917491003 0.6915321174312343 0.7199330855928243 0.7548202138950235 0.7413932840360811 0.7468607697751296 0.7435347340114415 0.7315932082782123 0.7389114400491446 0.755125291636856 0.7719551555046584 0.7848530290248734 0.7545561199881874 0.7549458313218427 0.7323495891559411 0.7490786908394304 0.7257471509453023 0.7216422153827832 0.7346006202309645 0.7262213256202047 0.7300470076753548 0.7023133982765244 0.706578472299323
0.12589045099327775 0.1045837284576181 0.10357374586041772 0.0815576266928159 0.07286342932234897 0.08877875166951835 0.12529197179400722 0.19466622697047614 0.24683282932585626 0.26038542721295 0.2659515524856746 0.23646490170839582 0.2870997047886607 0.32383372165583585 0.3451189258200899 0.37578427159632377 0.46267402238953165 0.5352945788300166 0.5732226670023813 0.5844590418147408 0.6296070295017805 0.674247194188789 0.6970199658314536 0.729020005473004 0.7390225435722804 0.7351617903921253 0.7269729422175827 0.7192936944561237 0.7088899352014356 0.7706513966547883 0.7866036282284794 0.7609413925595682 0.8164379432755821 0.7751460732182336 0.7378804692537563 0.737900084966138 0.7118118326076027 0.7403252759164208 0.7289702315680026 0.7020599379760427 0.7132686742198316 0.6971331267705487 0.6968230535287061
