Raster_benchmarking/continuous/raster-155.asc
NCOLS 100
NROWS 100
XLLCORNER 1743157.3719232855
YLLCORNER 5469289.264097283
CELLSIZE 10
NODATA_VALUE -9999
[rows 0 to 18 of 100, columns 0 to 42 of 100]
0.3361087500155945 0.35258810866122914 0.3706845434771494 0.36358514515168994 0.35841177006033226 0.3296769787718862 0.3443562821227744 0.34776431624280085 0.3407880793237239 0.3740722236804412 0.3522496923322193 0.3767498725073283 0.3732494893463735 0.3460574524545979 0.3207485310355843 0.3389813642092001 0.34403254060723887 0.35699763749008473 0.34096657614199094 0.36174479448034 0.3398095223476118 0.3561538554392273 0.3700681069191356 0.39557752247946915 0.3910113739519261 0.39056313794041897 0.38670989025489827 0.38541914417496304 0.35598347022700194 0.36070727013304543 0.36192810102081113 0.4072854375634163 0.364765791392168 0.37064522482999906 0.37340369766286785 0.3706660388886104 0.41763478386930347 0.45621412399106376 0.5052234790119737 0.532649447789051 0.5323936825447272 0.5023383663934199 0.5186667309242606
0.34629564677447267 0.36548825988737427 0.35292805985862374 0.3338299849487034 0.31951046767545327 0.3071595432520413 0.3265196625880386 0.3447025130201592 0.3632145800632394 0.40413825362855843 0.39447724700338865 0.38671917140336787 0.3762800324597885 0.36532912761094744 0.3362177146538028 0.34615609288804655 0.3519188459734031 0.3794370578379816 0.3720039243978403 0.3803508600071653 0.3716844723095261 0.39561658733554605 0.39006666589103517 0.3642073416425003 0.3520752895849445 0.3973280904555396 0.3833398030903325 0.383740225851894 0.37327608618501146 0.39473312455177445 0.3742257766032995 0.38805355157472265 0.39037137430311886 0.3676719958034903 0.38156739340677764 0.3858245183080863 0.4192866651910878 0.4533183727492765 0.5253743158665443 0.5342401825881454 0.5420870506981316 0.5462312755643025 0.5469578254459803
0.34060284274166447 0.35082261483945404 0.31900789334242147 0.3158409129188508 0.325373108171649 0.3163657693496953 0.3283381100487274 0.3922463223166043 0.4039761852401972 0.41198746594763075 0.4147661156612248 0.3957325903350895 0.3635924197221841 0.3480041137015695 0.364059853830055 0.39029560877362207 0.36935918675004276 0.3491037706178615 0.3747598110806463 0.4094469324610773 0.3766210147944856 0.3672904782258261 0.36219139969916314 0.3459497232619783 0.3353747973990919 0.36619908942667606 0.32334556408654597 0.314701775914506 0.3323491714208186 0.3787881433825426 0.3999101721297971 0.44379384373254227 0.39883281407084137 0.38492193345272346 0.4009200247142848 0.3883948491392693 0.43631085060434965 0.46886958980859667 0.5207815290336704 0.5441821634898094 0.5245144795069316 0.5342877115069466 0.5340061695117477
0.2977342614224383 0.3533334522393253 0.3560734140276523 0.3582028707751616 0.32160256032537965 0.35424605098769046 0.3652978957570529 0.38148368860521625 0.3957902542486586 0.39561166270765996 0.39362068149265667 0.38781187918856075 0.3445653296401099 0.3603170965894814 0.3574654535992431 0.35652704735627005 0.3609931427127745 0.39866338964403625 0.4106343809777931 0.40623918305677303 0.4141669811545182 0.39255008019168475 0.37579006593431447 0.3793563447634396 0.36689966848064204 0.32433033163490127 0.3096629007875197 0.320264434208277 0.36201200635364716 0.3781207851040407 0.372918227738464 0.37073744333103403 0.3834544472655542 0.40107934467168216 0.36416353964759135 0.36190083349404484 0.3896179187051116 0.41873698269054843 0.4774323631521634 0.49516986816482716 0.5013386854536948 0.5060370662941621 0.5119838424850152
0.31386690177570103 0.31074150786205057 0.33338885621183784 0.3475730663837675 0.3613400295056706 0.35534772135418224 0.34091228978660143 0.36969963108664966 0.3523292352255495 0.3558605791703541 0.3578154669435349 0.3519010638249756 0.34753347172821614 0.36075202533505246 0.35409375038930047 0.3800633405855059 0.36917482253190353 0.3754432519139175 0.38451669417457607 0.42107843739005113 0.42628824507568797 0.4327854672168388 0.3988211793089686 0.4096403510797666 0.35198555242878216 0.3351146924507657 0.30870870481671014 0.3059980473844107 0.3461121804794397 0.36563298094031704 0.3827703983086875 0.36384205134333003 0.36612876466708094 0.37436536681569815 0.37918917109524325 0.4017938578469196 0.4031236871393594 0.3902468370421854 0.43392837193587547 0.4323627947840761 0.46266263494925997 0.4887712889436508 0.4981916978979996
0.3388051782694328 0.3233825836055585 0.33817310069212203 0.37253411527727576 0.35128971151160476 0.3262441417847687 0.31817622677437163 0.3373669754926433 0.3330343719348981 0.3571543513337055 0.3702635152250784 0.3456188987897276 0.34665351106929787 0.3513713618394266 0.3707285785089386 0.3743386831012363 0.36610651256003796 0.3661187301930672 0.3960091133644789 0.40024265674826454 0.43123092475916863 0.4288192892661414 0.4339458968683178 0.39446717119260455 0.3811619650236474 0.37167145715798405 0.32602891783150073 0.3507757153435671 0.35535063460074334 0.3499391400734369 0.3977236525566775 0.3825528862428977 0.40107860956710284 0.3654156906915507 0.3941192497194633 0.3685563047252026 0.3924182682890035 0.4063777231960352 0.4337738513910842 0.41886101816998256 0.4324041946230617 0.45060280109074663 0.4618595639299431
0.3621148244146918 0.3301408229327942 0.34968278708646605 0.36230901047806685 0.3394798482609189 0.3326368368766465 0.3162546520693911 0.2923117731739544 0.319946192221556 0.31980646290889414 0.36957314887572607 0.36439614284718935 0.38387627800882973 0.3611109405114335 0.3572811718355288 0.3823180894464369 0.3860982440084567 0.42597101832151085 0.4420420872858934 0.42323662830295417 0.43222764365099886 0.46089305301063466 0.4210033813160496 0.42733773140390136 0.38403003231039284 0.392736054215397 0.3555946932817796 0.33109113111950655 0.3593558633574977 0.36554792467430147 0.39038289871097254 0.4004128600155148 0.42054603796478934 0.3758788332869908 0.3767453654582675 0.32906442201779895 0.3710987626048523 0.39029217192042287 0.431749406145484 0.4443329250050508 0.4198315996389172 0.4026474050108307 0.39608642511391223
0.34182499482301654 0.34610467057152766 0.38620324214439705 0.35225122092506417 0.37830582976694754 0.3932056995370468 0.3616739938209543 0.31381937385106706 0.3228529679997638 0.31653814575511907 0.3633979959264901 0.3806679333924176 0.3986283443153118 0.3683144525664526 0.3876190274920467 0.4041227728947082 0.4067105402128803 0.41248244514816873 0.4386639685287373 0.4314336743820919 0.45965308790619963 0.4309547887539279 0.4519871136973624 0.4144698516277575 0.4052957721123275 0.38020480813058977 0.34642160920367776 0.36766434162997375 0.38793323027060755 0.39253250206784035 0.4275188828360172 0.4310973186467671 0.41708203270461947 0.40591188656685717 0.3899003406718648 0.36738198357722623 0.38636202596302277 0.42658143482108807 0.42101810900445247 0.386566059714801 0.38998355964080905 0.37367550602891664 0.39317873174354134
0.3527122263360025 0.39451395324167293 0.40171486172567966 0.37606334959432997 0.3909330148989369 0.40431118667738175 0.37967377069173563 0.366397432686403 0.32857122675862 0.3344696937046605 0.33857302957091945 0.3699178759880084 0.3760853014942686 0.4134108015821684 0.3891039235427506 0.4037700669159887 0.4054718946626255 0.41708282134959923 0.43254791361950184 0.43321438098023013 0.44332111948541386 0.4240834893517276 0.44115558819054546 0.4316124804492762 0.42596433477726503 0.3895719757050109 0.3839118393754093 0.3538116165794325 0.39541549833276524 0.41266792827032095 0.4390124354119587 0.43235119973294867 0.41987173761384705 0.38297419144034694 0.4121654075861182 0.4021142371506397 0.4051716850955092 0.4178259549762052 0.4328137237063715 0.38116926583327476 0.36929251477479563 0.3714281024907047 0.3583386761692191
0.3880601845664365 0.3671264041437676 0.37770691416702323 0.3611259126572065 0.3902711320191869 0.37783803974609603 0.40765336241469663 0.3941533274419465 0.3791550156402433 0.3725286795804866 0.37017772097188145 0.36883700358616495 0.36552128842857184 0.36379631402745477 0.40048760121911686 0.3910148317838349 0.40110903862144326 0.42264254821909886 0.4329547396102127 0.42548369263041463 0.4077708214361229 0.4203883875029323 0.41218385158008636 0.40982103058876224 0.4201810754306694 0.4158378108447247 0.3896720032290073 0.39800311298205066 0.4004331446121099 0.4465829190553322 0.4351942026447981 0.43533699127024567 0.4023561077145578 0.415154606647609 0.4125682871233037 0.4016270384421636 0.3749364285850154 0.39503491960862824 0.4139226254098543 0.4000696408627925 0.3640977758767028 0.3679760699943128 0.3257164534691872
0.38449944693041715 0.3908849157118478 0.3734939261139447 0.38464930916574736 0.3789312710904704 0.39301384355344016 0.4146170993237983 0.4192355841931191 0.3813973217164067 0.3737974123941791 0.36147010216326897 0.3250377151764491 0.36616153000423224 0.3615036902251149 0.38690483492501454 0.4173004299509903 0.4083350082463932 0.4497015710599759 0.42967578188032685 0.38374723033640923 0.3905005350878916 0.41986195420475325 0.4218364486988789 0.46260126545856534 0.4220120626486089 0.4655629434057544 0.4206392664452264 0.41711043051638486 0.4067454734916945 0.4481619190931018 0.4433628960414873 0.4223262884960961 0.39229513336877825 0.42727568426803153 0.38417215934269805 0.3422863828398904 0.37921820749674634 0.41229300571575334 0.4182079957380098 0.4026679092701361 0.34674459575335925 0.3270175474057177 0.3246163859985059
0.3903673023096251 0.390724639193687 0.3920033072370194 0.4002672363943857 0.43330384196253724 0.4502300276667973 0.45276528844234926 0.43126514384253456 0.4249341665525916 0.3848251273991932 0.3681366895539026 0.3286875075268439 0.3477043592670543 0.3777869232018967 0.39067990046407897 0.3902284230692226 0.40826989982457185 0.4320130281348973 0.43992663264419035 0.3953234124737684 0.39891136981235314 0.42045685057300214 0.43137968918551983 0.43623925327962054 0.43089797052896966 0.4455318123108682 0.4441312618516437 0.4170604322768314 0.42538263268458987 0.4097620966017084 0.4391150937578845 0.4111250487138132 0.40630174454732515 0.41427924821497136 0.38894424156308627 0.38311840256899493 0.37608673784912633 0.40412015593915684 0.37745064918861976 0.3689900534657969 0.3521143887781677 0.35518336710188503 0.3443227765351737
0.4409181383259775 0.42743377513922914 0.43436993250055467 0.4054646035141704 0.4250317925687342 0.4574936878981802 0.4546154046778323 0.46399683621062876 0.4167059598021652 0.3958437904423155 0.39960291974073 0.3594769370679148 0.33539518183106504 0.35836059324033537 0.3695643575596096 0.3824879290169538 0.41188275296553617 0.42995797655006684 0.4508841820905339 0.4194720422772559 0.4388813489973103 0.4127080527091923 0.43900342348057303 0.42516004852317735 0.4438477948681556 0.4661594744994023 0.47087005456588366 0.43919190673022335 0.41057985184195456 0.40904215460655824 0.432042877223779 0.4330533333254247 0.4091524280934687 0.4021575780706816 0.416193170047339 0.39250897831881226 0.3956711429107137 0.37107956329917235 0.3637316986670387 0.3389569201918059 0.35680481213395054 0.32123623082717323 0.3212464729561151
0.47122415967343234 0.47429412557016837 0.4470470231294143 0.4576981319147663 0.4646539109060038 0.4692465600955224 0.4641405690194278 0.48636300736969135 0.4642577981159802 0.437154637873995 0.3944089974113206 0.3858604332551618 0.36160811427196193 0.3580391895568252 0.3910719386588713 0.3823528873681215 0.3806720037846388 0.38766279418187544 0.41954977222657874 0.4113441861364455 0.42541512045242336 0.4127150711023102 0.4341199632044279 0.4312059940191357 0.4258726409563908 0.4378910967312934 0.4419164433023976 0.45254515972926457 0.4167026303561196 0.37929930105635173 0.39806570124709106 0.4010791312778335 0.41663579215334356 0.3810244947063479 0.3846215865474959 0.38939642722323503 0.3494474139860713 0.33397015608287306 0.3253548309544358 0.32746526342652377 0.33793311853468816 0.3325735437120597 0.3278166341442485
0.5058111543292785 0.4929184690107046 0.47253082435919214 0.4700100711612931 0.4540460965367365 0.45438230918492994 0.47263972381234987 0.4815432385468906 0.4843214272991723 0.44107569494095145 0.41142863227067306 0.41538926645965807 0.384747452481517 0.3683660118318077 0.4074010196602476 0.3993492147842503 0.39256002636983617 0.3763084335453021 0.41300867889778825 0.3942969968213926 0.4327535603248841 0.447932059023576 0.43642110718419924 0.468205730492047 0.4583419733244304 0.4422896254110192 0.4550608576644653 0.4619463401324127 0.4019378230152263 0.3910315076131733 0.39487456847183866 0.42388260869475824 0.3921394126822775 0.35081590854616185 0.3329472895469963 0.33176529961191814 0.3189900386300969 0.2931969324342314 0.3260870270949379 0.2769537753779956 0.3379300233802586 0.33988279164129015 0.3558537181025711
0.5391503661157212 0.5001034657654507 0.4878223744648183 0.48657680986828716 0.450724504091169 0.4338891951281706 0.43468399008730013 0.4355111336867763 0.46857135347754286 0.47054915944950054 0.4421667458761334 0.43280023753765146 0.42702081261403657 0.4069929478630828 0.4013749748992096 0.41122748104679896 0.39763155262642247 0.3626305670686722 0.38727692194364133 0.4360807216657637 0.4473706326654353 0.44347241550642996 0.43735430364482897 0.4608782798254603 0.45496721818265223 0.4302940941410221 0.4467838395357897 0.42767754646583656 0.43038982023236444 0.4188228884549481 0.41545951865840564 0.40058119667985026 0.4061641643146721 0.35502832122301 0.35048212970322323 0.31255020047013277 0.32079991384735446 0.3245159553502224 0.32436027708550125 0.29154240886404104 0.31835657269898227 0.33767214238327115 0.31338271578268884
0.5552384286970177 0.5175202190334929 0.5169309191957774 0.5193176042619438 0.4609000071130352 0.44374397202690274 0.4336458706507724 0.4525814799967926 0.4767341738667111 0.4552182904770346 0.440950579026933 0.4452285020385133 0.4225628519863229 0.39195791309946143 0.4075379057578018 0.3707277051720849 0.37245065477268907 0.38063213314197986 0.4312256442635855 0.46003723760292214 0.4623573298089823 0.47690018071113716 0.4786484057299968 0.4448659788799881 0.43832358072418437 0.45608155119095595 0.4460625546342158 0.4294814473668754 0.43676853332014554 0.40618714814747986 0.4292583945648214 0.41234828319059386 0.4009436815588145 0.3813009356974568 0.3703752292886471 0.3328113591918912 0.31948956876688783 0.35354094856575724 0.33023790810480425 0.2999977620405157 0.28367892373592285 0.32080429776314534 0.32844400948041
0.5279560391965112 0.49428636205277887 0.49104811725682107 0.5165277936666083 0.48814535459037717 0.4692948391133491 0.47645164715409094 0.4655612695591879 0.48318459494862764 0.47774171174330565 0.47593175184718944 0.47773159484829963 0.4470189284196294 0.42748474636854 0.41449480955974766 0.3772007243761229 0.38754684569651193 0.3770393408709553 0.41420411762755593 0.4326595602748329 0.46754851435655237 0.5123431198039596 0.5180607159238175 0.4891219347460847 0.4769084391195993 0.4488743342763705 0.45047561869381103 0.4689804274674019 0.44805487375492437 0.45020531341114217 0.42567794137308806 0.3906814055771645 0.3467970701674001 0.34400580677363723 0.32367681020989353 0.3343937205047235 0.32854872958574255 0.3367601854537127 0.3300661957462305 0.29681446466429007 0.291184519417718 0.292469622516191 0.31210730637610834
0.4858407906804556 0.480485921027901 0.49844778407801 0.4872144690712372 0.4704272805406686 0.48677991630777356 0.4663681374671799 0.4619702900949424 0.5025356247690974 0.49840350861199134 0.475463151756815 0.47212032164300327 0.45289632141851716 0.4459476596267871 0.44528864289946674 0.4151879724835235 0.4053037250444645 0.4190743004387896 0.44188977653519 0.466662346711952 0.5013631730575608 0.543314542807256 0.5210431734119978 0.5392054104943178 0.4858269446946662 0.4632947826426955 0.47019910458286374 0.4944107759701794 0.48672451807758643 0.46412447297526965 0.4356075137590465 0.3501181282799699 0.3221946503755462 0.3214275856532484 0.3022477209871786 0.33380251933696237 0.3251597387173569 0.32836126658759246 0.33874054573126156 0.3044326391245557 0.3047228616427032 0.2797487175670588 0.29419782305289555
