Raster_benchmarking/continuous/raster-148.asc
NCOLS 100
NROWS 100
XLLCORNER 1743168.4323801377
YLLCORNER 5469279.593202782
CELLSIZE 10
NODATA_VALUE -9999
[rows 57 to 75 of 100, columns 0 to 42 of 100]
0.445052333867568 0.3997771127753272 0.38501209280783216 0.37458540461649215 0.3805742770280831 0.34595238212582213 0.3531911466890203 0.34923801599363247 0.38808098904255345 0.3839145360232507 0.4012309623799798 0.36905608825339836 0.3450933879506717 0.3571106979739055 0.31814194074742586 0.32422454482282004 0.30120561764837733 0.330546088805531 0.34722804466991286 0.2997857438699137 0.29109319625733654 0.331507331028748 0.3299543313836212 0.34907706293975 0.29772579036607777 0.31353045922051975 0.29038876269785313 0.3151688110838844 0.3485486170144057 0.35214157101517707 0.33589645236782056 0.36499503849882475 0.3959701035105308 0.38588870461981917 0.40379291574693044 0.4188341231394089 0.4421407729957687 0.4549315019500729 0.44560430097016435 0.460136864281463 0.4383308718042578 0.43825351462569734 0.4506272395171206
0.437163475563251 0.42532059563795677 0.3978945313198743 0.40847811818104207 0.40909454745928325 0.363850439806074 0.36206515761342706 0.34429450948001616 0.37148340476961533 0.38927152992629693 0.35465222532235824 0.38113051690187427 0.3600634239716097 0.3535395929912065 0.35208616957578426 0.31892497832763017 0.29398441666496267 0.3081854345555052 0.3185964670278715 0.28925644682586965 0.2945007213462343 0.31669838572966214 0.34652227391874313 0.360896741366253 0.363574642405934 0.34371545264868647 0.31765245022551264 0.36213159166065023 0.3878162067752142 0.3788099450752984 0.40066732961172125 0.4164643308073747 0.441249532888426 0.4234960315086587 0.410091577089015 0.4559525330469025 0.47020775695972755 0.47150374752161733 0.48420571581489197 0.4796323852029856 0.4829460952066659 0.45599671018975363 0.44767293425649574
0.4499392838234048 0.4150321778106707 0.43187448116827043 0.4189049750491757 0.41354619502496537 0.36848800514232594 0.36386624996940503 0.3702677484983128 0.3601266174438364 0.34922070768851565 0.346869580714016 0.37371525316255755 0.37266136711872205 0.3575162037271781 0.3215297780948572 0.28828104074517347 0.2803950746506147 0.2701488480216256 0.2721052551834596 0.29813210198509277 0.2701280786062218 0.2980381696814994 0.3719261658938394 0.3678603358355209 0.371399705506797 0.34994540201891594 0.32351087398061945 0.3789503167420267 0.40077399916861006 0.40454400758075876 0.4160320780023791 0.4286639555240951 0.47380730299907 0.42461948043356673 0.43064682196721765 0.44926411224020063 0.4530191830244525 0.4465737003433751 0.49168454395569094 0.4926025229528995 0.47239010128922704 0.49580851566486556 0.50119888421641
0.48676291241854813 0.4356808383317825 0.4586910077549083 0.4206221193978986 0.421054839197428 0.40788818851298714 0.3596643399966045 0.3696917150823445 0.35114146337427965 0.37306497640721265 0.3633406328812085 0.37113381533583245 0.37547784100178117 0.352455582461693 0.30316138558596717 0.2996174764615321 0.2702657823077619 0.2614314985823572 0.2503351738892534 0.2678005153953925 0.3001211628537191 0.3283629317016481 0.36927809370562065 0.3549437168042191 0.3751215822329135 0.35849271389857723 0.36188131209612384 0.3546154499438551 0.4144373211452688 0.4197772204271584 0.39381735167362897 0.4122651287538163 0.42763076867628924 0.4586267971823951 0.43954323722241734 0.47365597509440965 0.43510574834198323 0.4456083761259146 0.4502008079583229 0.48753736711942636 0.44899588339629865 0.4574369025218182 0.4874469894636273
0.47635856172298335 0.4859079642680112 0.48396898586352066 0.45534117777358024 0.38648198890621804 0.41667897418055366 0.3702119012497921 0.35873385461359586 0.36322286456476827 0.3612648237253442 0.3382743669654139 0.3522218249578604 0.335849035296109 0.3379007618600025 0.2902046456624711 0.263511309394874 0.2428986390664559 0.25694373583499464 0.2850222566059639 0.29230911524514497 0.2937403237672863 0.3100775898134868 0.35980807860547864 0.37181057956131897 0.32669327432356093 0.3650331175174606 0.3669477942598183 0.3705915984067304 0.3874618062371746 0.3662664795924646 0.38511464496161263 0.4229334060093765 0.4518287799846786 0.45522504434528893 0.49352087978886144 0.4801103211583566 0.4485628201790258 0.44028661441481953 0.4752891155359942 0.4892222480704174 0.4423880260735319 0.43694583993900094 0.45460253592541716
0.5292468855244358 0.48978541076390686 0.46346370345473403 0.45844916971881994 0.43835359684948205 0.4235994637320697 0.39268937204639004 0.4182111067462514 0.39183043836294545 0.36447306786310346 0.3487026410517275 0.3367997077731505 0.3151748555917325 0.3110134839083567 0.30980730872977985 0.2906701473379642 0.2758306574621642 0.29677538681384985 0.2924284962810711 0.3234754324511931 0.3332343894603952 0.32432196457870777 0.34970502526598773 0.36169290765376444 0.3335041393958995 0.36427205316589745 0.3559925428772831 0.36118468113928975 0.3691017067568319 0.36633745338097773 0.39574135424570567 0.4135239314438279 0.4387012399747628 0.4607752870301757 0.4663717424313147 0.5158109951550998 0.4641144887448783 0.45069290521074556 0.4551103375729435 0.45756259108082475 0.45451442195195435 0.42082861056683557 0.4459278427765081
0.5686380867445329 0.49621311175454286 0.47177211356101906 0.46287217603556585 0.4404524955358729 0.41421060697493467 0.40819015845360207 0.45578601457465473 0.43147941869430945 0.3867052758222045 0.3824893983217944 0.35182291325889736 0.35630191739690514 0.36633162826475235 0.34023417487378355 0.30254857824080916 0.2793825245595922 0.3177146115897247 0.3373075522696444 0.3146136305927523 0.3197217120110323 0.3554726263777945 0.39728601185776047 0.3687096174474659 0.3386395891625641 0.3531523210134212 0.386223443205819 0.3480454215478031 0.3515604315823063 0.3557017440244966 0.4269290144061535 0.4469812595501267 0.47424209753215124 0.47557029346870533 0.49292040169062773 0.5140187212539087 0.5275808942167164 0.4599040492199114 0.4348030825035809 0.4140701094921068 0.4086359696546562 0.40843153825469797 0.44060250143948787
0.5741456880882887 0.522194467007329 0.5129031525795287 0.49333857829756506 0.4819814926697242 0.4590691725935798 0.4377362684373751 0.4799218689360382 0.4692030201379012 0.4245194781658133 0.41804735042196317 0.390528395975391 0.3714415500692297 0.37272185280778125 0.36900301595501833 0.3445321545928421 0.31117967353567433 0.3231136147652305 0.34900816373218796 0.32882457919576813 0.3576334116286922 0.3714907348610701 0.39284307828201087 0.3587905804893314 0.37126821799157156 0.3807860628493719 0.3893276717707556 0.34515361356575536 0.336442886653628 0.35137827556190543 0.42569006092063627 0.4422279601972044 0.467217243913089 0.5038709572127648 0.48134880627336535 0.49977578377075427 0.4953424754063291 0.47500974328914514 0.4489679501576296 0.45175381935774517 0.4733363173035437 0.4349406540606972 0.4711883456795161
0.531517765204985 0.524495236010647 0.5068080888701297 0.48256781659476855 0.4745369134555647 0.48274122292079136 0.48757444602767364 0.5130897266638096 0.5020194334815723 0.4820269347241429 0.4353653540546491 0.3936448197684886 0.38396599988232705 0.3765424944252448 0.3970239381606093 0.39693521249090824 0.39423634088710136 0.3898136133944279 0.3534040492359315 0.3711037921314369 0.39162262531164216 0.3817564069830067 0.4017587033643138 0.3909774383138717 0.39800591214997383 0.3935824820709644 0.3509484509933592 0.361851441778337 0.3285950794621366 0.3452708093729097 0.39247461416307605 0.41319384210056714 0.4677431398585212 0.49323921364985873 0.4962796797694189 0.5043064354533234 0.46795250292888174 0.4678315773050561 0.4900893604485677 0.4659863138172639 0.49725555660717324 0.4715869924913978 0.4853096385997161
0.5439587933329485 0.5206130182887645 0.5387000596440327 0.5103360059154024 0.502626778651091 0.47970068620459233 0.49370308314107486 0.49040948104675236 0.5210445478663045 0.5024192972126034 0.4822947482400093 0.42320747090623734 0.38553629142415935 0.38948874495909513 0.40364791275051676 0.40929698766173706 0.3909870379294703 0.39455386730666603 0.3661011376950442 0.395397995000685 0.398691622940322 0.4213785015082624 0.4025521982437533 0.39252015391963635 0.41043573068690775 0.40012224513704964 0.3928813469406804 0.3697978212151041 0.3865955998946804 0.3640388941745817 0.39042812722384074 0.4433638752670463 0.4503116406891118 0.4804192247348604 0.46906414826452286 0.5066301760833403 0.4879030626318466 0.46774908683203054 0.4744649552758344 0.49314230527876296 0.4937841146093164 0.5170468212854362 0.4670637254075049
0.6003591052158622 0.5476638492423144 0.5388439983373962 0.532424358599383 0.5013047387490145 0.5137799143907754 0.4722089538964324 0.49429168765675763 0.544448209904113 0.514156171084041 0.49106227161839944 0.461660890761751 0.41305317226127297 0.43098056298840604 0.41244873579137953 0.4237371546937345 0.38807987577336905 0.3722154207594656 0.3903242663709747 0.4116483354020918 0.44778825722101046 0.45066114956589653 0.40145791342055204 0.40879962876092574 0.4323693266329578 0.41647681932502184 0.4182951678612374 0.39335986332666456 0.3832946587677808 0.4055724472408549 0.4171166373082724 0.44360454987549974 0.4629068946777662 0.4758629505279132 0.4632715920044298 0.49767996078401056 0.5075568301456633 0.5123233166326996 0.48775148004035135 0.5010635367878288 0.5269868595298869 0.49521507407216536 0.4727086802395686
0.6031797567386702 0.5569908455633064 0.5342818736429982 0.5241227140016491 0.5265397301467611 0.5112894987707766 0.5019919621615226 0.5387314346398905 0.5286171670765343 0.5096506202770432 0.5086270800708019 0.46846240170164966 0.44759324388263655 0.45132310660990704 0.4644807417811722 0.4534765429063383 0.43220042578145584 0.4160373873798598 0.4016165335583888 0.4568552334022883 0.44232742703657035 0.4364854914009866 0.4550198379300697 0.4661639629819512 0.4790379324979832 0.4504500605894465 0.4204549232699413 0.4140018902968263 0.3874683153453613 0.3849474467252692 0.3860703573368366 0.4358190523075854 0.4542976079013035 0.44325075970695466 0.44194847763182205 0.4809730810301801 0.4742030899898805 0.4963501398034658 0.4894387944071684 0.4990846067080397 0.4910613876633349 0.47666114712139496 0.46230793466461345
0.6150405913383893 0.570107087635667 0.541596921696667 0.539934505175247 0.547075284827154 0.5466172341202582 0.5202843444835203 0.5297416921079471 0.5501254137081253 0.49956293669002755 0.49275074047389394 0.5096515246210325 0.5027205216212485 0.45354985145782467 0.47770488755136903 0.48809139484993114 0.47902348037641584 0.42145626996668556 0.4272597932709557 0.4518651067782467 0.46558876031904584 0.4670119453525716 0.4543472967774575 0.45765815377339286 0.4766498899220285 0.4443248454124612 0.4174917948050056 0.37906550565478425 0.36273765950990144 0.39054108818646965 0.3841164392863534 0.42736756133493276 0.3950386465641848 0.45878430715134944 0.4814621958855393 0.48139819214514196 0.4791549047640352 0.4824459073587034 0.46267176465050036 0.4978639517010245 0.5126678575536464 0.4937867710863558 0.43647120194684286
0.6203023115158435 0.568972419576365 0.580469325106112 0.5640338838758118 0.5377869509114012 0.5249320897724876 0.5539212382074875 0.5491100795474119 0.5407415439813203 0.5205496699670075 0.4918272820738189 0.5042165926696692 0.46963425323627817 0.4738346931876929 0.4635510302733925 0.45428970082255177 0.46969929965814383 0.4515225726029345 0.45875658617351794 0.46166072197053015 0.46793431766904986 0.4759402433226671 0.47060842022970456 0.4906727227405189 0.5127331472270099 0.4693651304100025 0.41473639047974653 0.39581295979930137 0.37811547264622863 0.38366488402499754 0.3759903854351928 0.4102707096114144 0.40783834424736476 0.42957853194390005 0.458821892291715 0.4411258524468142 0.460475757205375 0.4593229956995505 0.45701405983969456 0.46115649320307084 0.4755574509285481 0.5030270022935337 0.4732414937476157
0.6389778475180176 0.6001511620422213 0.5673105394484267 0.5829427145495705 0.5794840918192378 0.5438736383084446 0.5469036115893342 0.5441225228433222 0.5898413054405801 0.5602907907326344 0.5432968647220708 0.5136275101515709 0.4913122994125352 0.44544996320561864 0.45606955798307325 0.4747482232599649 0.4544205065805654 0.47474096997948484 0.46179821470907323 0.49112128413983164 0.5412245019222642 0.5308683576192622 0.5292513810710444 0.5205840188708903 0.5131986052489934 0.45258912322926353 0.41962945251261047 0.4146762745790605 0.3700835636662117 0.39447118738323655 0.3655432755644783 0.36326953449980287 0.3956136319993778 0.43697284112249757 0.44173707930489137 0.4152026486280468 0.3990099463992492 0.43006162798696274 0.44990488763619335 0.49019614659010124 0.5134821723296288 0.4832368250297864 0.4681377928397424
0.6075374992296679 0.5797290397575974 0.5742805549502797 0.605806440220413 0.5796029471386901 0.5775842863189586 0.5340953476154725 0.5621862405015544 0.579692377248049 0.5615889010763463 0.5364142623044185 0.4875361321087227 0.4887267734145895 0.4581937101001443 0.4928455984839492 0.4637744993232427 0.4452991101682847 0.469313771986021 0.5017613609780819 0.5326537799327903 0.5273630217799787 0.5072158858932174 0.5291432249139506 0.4990637454634279 0.5048777151067825 0.4598648994509704 0.43123958194285766 0.4021196283273223 0.36273913459151313 0.3848064413944146 0.3796620608483394 0.38073072878929043 0.38867161081542817 0.39837794336399657 0.4213568249773222 0.38714653148434713 0.36336225285150353 0.40216897059511364 0.4275265381108154 0.44131758822879025 0.4649126803925569 0.4933319982570848 0.47873262917021514
0.6102071816270309 0.6266428106461408 0.5882056561922835 0.5922360528263209 0.594837399878329 0.5721491813705408 0.5452421464818065 0.5267831092705475 0.5115155055599582 0.5188610972072054 0.5271179571105444 0.4861035872371508 0.4847911764245704 0.4672046517819059 0.494850501220733 0.48550667830678196 0.48832673990373787 0.5094675925422754 0.5303385089150375 0.5354557529944176 0.5553946339016191 0.49294079144578123 0.4913132966484806 0.4690350874568837 0.4595848621188664 0.4210044803147819 0.42363624702509844 0.4061754715445616 0.37917466841504255 0.3715813103113848 0.3764528562581739 0.36378475093296453 0.38304654730246007 0.38644866479946344 0.360072716213457 0.3677553608998816 0.3614155984858632 0.4091633464522912 0.4408789823037614 0.41928798588593547 0.42531713870092897 0.4546851373408464 0.48217162520266016
0.6470338610427648 0.6290894322676605 0.6271347737696694 0.5783613744302718 0.5488896379473059 0.5534523655326667 0.5116696488990837 0.502417624145641 0.5111706442643452 0.49239556474180235 0.5039252393270757 0.4757982660696726 0.48788353124382194 0.4880945553738057 0.4964415759822996 0.4846289141463224 0.5000524857536471 0.49241413525929084 0.5260261583007728 0.5385465187996865 0.5101663200059495 0.5085545260154578 0.4829781266105728 0.44395169436930254 0.4711869557271887 0.43074826861671267 0.4186733717837727 0.4103397836815811 0.4017749462586601 0.40094594084107615 0.38223407422049477 0.38963554694809327 0.38546736741006316 0.3626652554215253 0.38420101212605573 0.3783863656125747 0.38967627156920165 0.4089712132342885 0.407076834125433 0.41465669992979387 0.4188348342528329 0.4725273547482776 0.4708679001572781
0.6685177289254539 0.6309239315497254 0.6181260510871466 0.5632296201037174 0.5274615063807012 0.547436594149048 0.5118312646689857 0.531485463967187 0.5143999991064653 0.5103370012237257 0.48595994377380103 0.4612902697726881 0.44181816356142123 0.4695469996179509 0.46147637576569184 0.4636965749886779 0.4613282735030455 0.4889384003510539 0.47495644060458847 0.4981762939263628 0.5087636024646941 0.5119235965634116 0.4542309292674802 0.4903570580667601 0.47168865308095487 0.45454596009792175 0.41938559417720134 0.4321089075292349 0.4357503381631908 0.3924049746971853 0.3766063510572 0.38902950948082 0.3552885075154685 0.3607069562362287 0.4045224570204569 0.37681368598837883 0.4132282603586307 0.3932095324809511 0.39355563245101177 0.4279610117576094 0.4179517390773086 0.43407166433029143 0.47156793334983854
