Raster_benchmarking/continuous/raster-247.asc
NCOLS 100
NROWS 100
XLLCORNER 1743158.5693733077
YLLCORNER 5469290.583636351
CELLSIZE 10
NODATA_VALUE -9999
[rows 19 to 37 of 100, columns 0 to 42 of 100]
0.4991939360154131 0.48111577158561974 0.5030790344191461 0.4455273212121181 0.43539980037552445 0.4192464675635095 0.4306193742260433 0.4492991976949129 0.40331006461271085 0.40427480904285934 0.37410281866920053 0.3290546191970035 0.28141563932248 0.24114574670930516 0.21486996676951128 0.19423050460001212 0.23575371107465506 0.18756128089866203 0.18245611974142384 0.23353826599908656 0.21984126915487762 0.2102390674481316 0.21459707330861813 0.2204598353278215 0.19897542506161153 0.2374144163155926 0.22001718141662108 0.2297303775867022 0.21400143380448397 0.21650764806756548 0.221570397209165 0.23397785470482976 0.2867822308316695 0.292288274888181 0.34244874036934736 0.34609998298880384 0.3836895908703804 0.4352429238522596 0.436939784293789 0.5053458538283108 0.5167677040532532 0.5229584759879786 0.565401741912056
0.5260277481491277 0.45739969992673785 0.448353057588463 0.46374222718180824 0.4439713367678071 0.4735837631197571 0.4580833890071839 0.47285023495239836 0.4103783438976964 0.3811056023589129 0.33264380328288706 0.3540576176412536 0.30183925861625244 0.2559884777125296 0.25361213324756915 0.24975002755236397 0.23366797406219297 0.21969028477265934 0.23422843113384642 0.21831212158323757 0.21128129018588676 0.1903602565851276 0.2332346540020407 0.22631097583654397 0.18930838670752442 0.17645553641687792 0.1712473761497924 0.19772610623711798 0.1756323659791133 0.16802830832725837 0.19316469709653752 0.26252374754221974 0.2626941792805597 0.3104979676136742 0.30597343363459634 0.2820957037021727 0.3609912453155998 0.38864347728163495 0.44122053793883986 0.5043579840263274 0.5417928642232045 0.5125342174919081 0.546015743086541
0.493873084586567 0.490728241966759 0.4590227432714083 0.46264017645349015 0.4528475905237344 0.49409664306570505 0.4950708223939707 0.4367184447679155 0.4002336860790584 0.3275165895211956 0.3445994729629353 0.3163076913188907 0.2661770381909744 0.2665527186371411 0.2322961743344801 0.2702499546703902 0.22945501230008558 0.2096832019078007 0.20169768260685703 0.2046785733490428 0.21661201880966724 0.19792340084938342 0.21312186904685565 0.23200433899834702 0.21896124071135703 0.18552812565998872 0.17177450116507773 0.17082445198717822 0.19718587174645733 0.1934300082995472 0.2131697207898924 0.2627970121953832 0.2387720190050567 0.2523884155303656 0.2619491809747768 0.2947179734063115 0.30511439267301677 0.400812104126391 0.44292928576024104 0.5307594614311915 0.526810145247628 0.5550031925961029 0.5650334031993058
0.4476719555822671 0.42422222444302016 0.4566533847331312 0.47076706141806896 0.4850002286794057 0.48736377285099486 0.4704109491076668 0.4283609117144401 0.36387014134050377 0.3093589773085367 0.27825234315128355 0.3056661381029809 0.26434463799020963 0.2227571044374644 0.22477458088506824 0.2720268189430483 0.262568213366873 0.24320781777798464 0.2476672941010965 0.20663340899945545 0.25698528938103365 0.26357403860055884 0.22630155983102174 0.2467710691734729 0.19681144293238592 0.22779064919857347 0.19119316003729564 0.15546904769646808 0.22138061733595604 0.22968883430033635 0.2068841377781208 0.21694391398684623 0.2404955622770583 0.27051830590362574 0.28826321244740793 0.26193488815457877 0.32299378950939506 0.364318651612158 0.47163461933684414 0.5334425408848721 0.5444900447102149 0.5207657436751673 0.5824299891967378
0.47357001360815737 0.42854553539912876 0.4779341136419137 0.4405716751394832 0.4687764457748808 0.44062585057637904 0.38779482718068237 0.3691193736541149 0.3519051696736797 0.31564663027426854 0.2692008162115033 0.2814518018500718 0.2443338787420658 0.20859819288189316 0.2232880956021111 0.20118844153471646 0.24209617134096087 0.20669369940507992 0.23319976669522008 0.22733578177387467 0.25110636013802096 0.22330833790552956 0.2304382877959868 0.22864649608118387 0.21204555683712367 0.17631913989179293 0.19047055928755516 0.22913889527225456 0.24249465291190364 0.26370159462009346 0.2409965901171106 0.24767792570907166 0.2879781399069081 0.28293944831966383 0.27584878764848336 0.3400626770372435 0.37897554161356406 0.408459923474485 0.47354984005925366 0.47522321301158393 0.5013067765683267 0.549623995700068 0.5747090105848738
0.46688430180153656 0.43684152862819803 0.44639280148359256 0.4738163091080898 0.45997903991000894 0.3911570325539994 0.36031042197746493 0.3306195215813079 0.31473921456998327 0.2937253406229258 0.23934510751796728 0.19541462941126816 0.23252426960563616 0.18402027260348286 0.19018885366138283 0.18714003887204755 0.21117403478373958 0.17604076372525373 0.2320286622386897 0.2419728095591617 0.24761716100819414 0.20642760675033905 0.23136936809065806 0.1935193993914432 0.15521516168600247 0.16566265262429625 0.19729485243498418 0.2292788593229903 0.2738453903394313 0.23222290486249023 0.2145312144581941 0.2621769398903524 0.25357045386763766 0.3083737773799308 0.33402406869351775 0.3451658006329086 0.39822637734326466 0.4490978002563666 0.4783604489113185 0.4687734527381915 0.5011807744826208 0.5341012513708135 0.5478324255656729
0.4462496618374377 0.46362007122456134 0.46108282926554883 0.439363707193384 0.41744482547692907 0.3498485036301384 0.3318545134522923 0.322398985196382 0.3240575896377136 0.3010008914861044 0.25756981233926796 0.21547557809799564 0.1857484829929672 0.1855342009598268 0.1837512934716937 0.19009426685850486 0.20879038983573153 0.18057314913029326 0.1809144055102736 0.19470649112498484 0.2276943014606158 0.21877065205435714 0.16737787599283888 0.17567751560490444 0.15621223260229974 0.17077609635056862 0.2347771724615772 0.23578369617067235 0.2675262301780376 0.26398583898692324 0.23116973007122985 0.21419766579128083 0.2245805583379845 0.2647712346836647 0.3147402638376017 0.35036234426589447 0.3778119005765774 0.4085991203874262 0.4197578695540565 0.47576183860580173 0.5265361772659013 0.5550287577925679 0.5291047802312772
0.41820737223371357 0.40902519502126805 0.44007161577084114 0.4255531738096194 0.38699353211895693 0.35543815923100813 0.32150484131094875 0.3099326026041524 0.2865597712701773 0.24867283669593968 0.22153199215817063 0.1743451092927186 0.16889058354886338 0.1982123867483629 0.2075621172510642 0.19891305232671896 0.19439605287123404 0.1513993063951222 0.20322530814663353 0.2024295194620986 0.1981473463316246 0.18344126627750487 0.14001662771368445 0.11519849491589404 0.17914781380872002 0.1805034341642961 0.20725128548605523 0.24223294246992005 0.25561447373617247 0.24673487805750882 0.2224173972190898 0.15144847535949965 0.2040650680573698 0.2880235234935882 0.3440022000182658 0.38352108066477486 0.39372684871052693 0.3717918572332279 0.4184881579596458 0.4891668603707415 0.5083403476144222 0.5273343838903559 0.4933630155791273
0.4029329742757956 0.38116901759021865 0.3869000369531133 0.4028658997164209 0.36703804260012657 0.3298129099435801 0.27882426305190267 0.2981778787572849 0.26282016894638166 0.26402767117960313 0.2303775801275356 0.20714655966894985 0.16378596495187725 0.15976110035994168 0.17563309773509125 0.17526419707478963 0.19481839347223823 0.15262521916299684 0.18498425878849784 0.13538298576393876 0.13517605123713416 0.1467290977823751 0.16956013001027134 0.13900651106303602 0.1378466385971143 0.15222330799806721 0.1731720093068198 0.2245582653462797 0.2077056888642955 0.23572744509152502 0.19349359670212482 0.17907606034422716 0.21507497138985715 0.26747322049457434 0.27562831675392113 0.36007420041139726 0.36428564028880006 0.36255884380250963 0.41634760572682317 0.4925311070418905 0.5224615007749679 0.5133604365948453 0.500565138336747
0.3776215916506903 0.41479107956259464 0.37308959295214983 0.37459068702112314 0.3299866273532091 0.308468878331486 0.2759115850272523 0.22390583104493303 0.21404964683114414 0.21401389977418334 0.22900725098212132 0.21488774839389269 0.1645825762949293 0.14959580465171893 0.16265505905379166 0.15553885766670703 0.1982493472137209 0.20521810642364297 0.19621692265516463 0.13914906196112528 0.1750284362973654 0.11747957320189104 0.123918257523319 0.16734893203648685 0.1162191299055903 0.13367573138226707 0.1561484436169805 0.16005830174811508 0.2266078040723051 0.23564465735709483 0.18108839322772938 0.18755993742908958 0.22930374876978124 0.21704910788872414 0.2786922147838356 0.28833181141788683 0.324547282073459 0.37629757345091724 0.4639569067524925 0.49588921835605465 0.48098180596793566 0.48148730730502604 0.5066006773382121
0.356721010011509 0.3694441979172624 0.37650163976036366 0.3530747170159841 0.32636336952628064 0.3159411240229337 0.2734368262685321 0.19218221367693053 0.19753161290350998 0.17905470738480384 0.19861878258568433 0.1673882833250009 0.20045803081326213 0.18602018015966773 0.19055259083323992 0.221278853805793 0.21271661051073643 0.23458835514268553 0.1775123634063847 0.14521279005337262 0.17991929536052678 0.15617992135907538 0.11635630795221624 0.12962182805090205 0.11546591253853632 0.13470539716947655 0.12469447346398287 0.17521173019374367 0.18207719344564324 0.2207774841872801 0.20454849563494523 0.20103921305665082 0.20238959973442666 0.26184854681530906 0.24562541402147142 0.3024194931427929 0.36038390841888407 0.4123895188851436 0.44415518180775726 0.4840715471645941 0.4866124326288182 0.5140920108088792 0.5483501493625818
0.324176069642807 0.3080889069104097 0.353305765980667 0.39042877653765856 0.35309605760456053 0.3296205599498856 0.2923664560461059 0.1905735265511859 0.2210611222258842 0.2250953425960532 0.20625394644093029 0.17600454381681602 0.1901771912732338 0.22802713263051344 0.21144480654248035 0.20686827612455932 0.2207318532368092 0.22796265613371883 0.20884632349524987 0.209584401905798 0.19060467023932331 0.16108763467163767 0.1379389135647955 0.13301469560411455 0.11130397907504114 0.13056953361754098 0.13386639435635272 0.18127728211774288 0.1934902798587399 0.23229306442048253 0.1936614705671729 0.16224383206529805 0.18920243436154377 0.2618776881291914 0.27621534001364517 0.31098501664107037 0.3219217740560032 0.3487704053632633 0.4162123045511687 0.45157451262009585 0.4694043989369975 0.5399202013878761 0.5570430830362033
0.28494890790282684 0.3271128622277994 0.32611848839296814 0.39305876268284845 0.3718682238975416 0.3094405659838409 0.26590455500893806 0.19117056876442973 0.20184773974498818 0.18824488084129432 0.19494339160412333 0.17558845228687708 0.17419530662676008 0.23802864289404183 0.222025900034041 0.1965624504112469 0.20351411721859328 0.17571553494193445 0.17118363520856275 0.21828436391859832 0.17486503514724722 0.1700616922269308 0.2208071316246848 0.15000438080288517 0.15267215719134145 0.14659570950782816 0.1761748739549471 0.1857888083383552 0.16945737460112598 0.19981386498252854 0.22140378532999325 0.2401768358793609 0.19444301710545867 0.20315102724595807 0.23572878354821572 0.2719473299023058 0.285344909879262 0.3267109650920586 0.41025722128649317 0.46871057994868504 0.4843212761101734 0.5032258644420979 0.5521653383799439
0.3193995772376583 0.3335287065103619 0.3599441238895171 0.36498691408452205 0.33733243920455247 0.312600026833336 0.24896586424092368 0.18933734400252467 0.17451358510532197 0.18264404444054178 0.20124795515973112 0.15488530339688344 0.1696912549513422 0.20490155508248326 0.2081846151926305 0.1902112399486548 0.1918315981924054 0.1645672271994076 0.1657879299543679 0.19302363296444178 0.24118673833849902 0.23864715261139802 0.24128129483008623 0.21979680825763828 0.15025701813737186 0.16039690339083323 0.17847425939944758 0.15223318718756587 0.2049058744490928 0.20813927424829545 0.21084392826015486 0.25454261911294646 0.2123281613930878 0.20314891460789483 0.257775344385766 0.28609516631280474 0.2719729009086415 0.3141032286911064 0.40309493062486057 0.40904454169799037 0.4621985636323154 0.548275434508395 0.5408346244443063
0.31191182257222794 0.336797508364711 0.37317116374181736 0.334996316757804 0.3462087865406338 0.31075152927572375 0.280801943997391 0.23390922989654409 0.24849426696640955 0.2543353134578814 0.2395426690733665 0.2010864834930525 0.18235921444625772 0.20866748378458846 0.1826046407059818 0.17921119981952857 0.19392048611707652 0.1823177695166721 0.2136720187579577 0.2215436264302506 0.2287335562799386 0.2707859078803564 0.25585519041809973 0.23881779823376575 0.17661952752317314 0.15831223335596642 0.18074079500614562 0.1692289395400766 0.1718382467848742 0.19428848914420438 0.27069327599454757 0.2917835470754777 0.2718865957119357 0.21725729354463413 0.24767794695326206 0.29064443733406015 0.2934363148940325 0.2941254776818497 0.3524275920876909 0.41027678325658434 0.459042673345909 0.5153895294896798 0.5132300262384493
0.3137204262278565 0.30417497021123663 0.35167025510909394 0.3608390962477617 0.3574133116579818 0.274120004458592 0.286344237990733 0.23262581480604325 0.2395913698515711 0.27636738160018054 0.23333361519894466 0.23764822463239327 0.2203112935523788 0.21176583816137223 0.20409160270039053 0.11998851124392497 0.1562108709486314 0.19830059159026472 0.23536873077646572 0.2580337388629487 0.24534200428929095 0.28268992236199925 0.2212443747355524 0.19132954220490936 0.17231586381703667 0.21544452959803043 0.2247637606908262 0.20189465442891652 0.20679949113476725 0.24326228003705458 0.23510743134374607 0.2812207755138393 0.2611129030659161 0.25561271116546586 0.28731311287329114 0.26902230353034984 0.32003686284192434 0.3316101082127334 0.35991327170679804 0.43599751143964616 0.440604438878824 0.47272627603633965 0.4822281844426786
0.3286118677561556 0.3364720503715582 0.3244010278078389 0.36490738808010803 0.31934807435261914 0.2949830687383816 0.2381518216369856 0.24827186677940377 0.27296834219484284 0.27754939662502687 0.2502739462456349 0.19410263165019645 0.22147613963015608 0.21822919504643493 0.17995071557055997 0.1418838913174791 0.16901815690036937 0.21400360749637895 0.2333956400031817 0.2579138274875121 0.25173957864102137 0.23907865340784173 0.26610403725838966 0.22864669903430568 0.1699700338870775 0.18904651127696287 0.18982456390404676 0.1983461860991918 0.16069037323042892 0.19262550039369075 0.22780604439133362 0.2596863189899879 0.2472090758577304 0.24060343144544835 0.27906876927301977 0.29432092809243143 0.2682498425619318 0.3315204858847414 0.33081132714832917 0.41518396485198245 0.4690329082973359 0.47244661587531955 0.5301011294946371
0.3134209643739331 0.35847255176915055 0.32393248720827855 0.33282565224810656 0.30216106257566205 0.28267951140342745 0.26753705152985585 0.25018548458745005 0.23742881231994514 0.2511841598004531 0.20113957084183504 0.17830485021171127 0.17600795814713574 0.19621436640710735 0.16404783084210325 0.1488840669230046 0.14769610498898486 0.16476716295459184 0.2121770869632824 0.22489071764262658 0.23433232352690833 0.26286590644449814 0.2277721006617085 0.2205995646088036 0.15025002805139887 0.14795578121624464 0.16468230889527308 0.1470918900709143 0.14430361975048053 0.13020895598183999 0.14850747035900388 0.19423302154971564 0.2093607546920319 0.20811907724704837 0.2596901099587045 0.25513695870986114 0.24956106755912008 0.30105521963339466 0.36204421027259637 0.38011012535402533 0.43175295766645183 0.5036327449402677 0.5350849731871588
0.34696431692974145 0.3469899078666967 0.3020089814161051 0.2816723694268541 0.2579867187389453 0.2940883460388122 0.25703050587008686 0.2309711320808951 0.23594768996242607 0.20020592465614873 0.19482919939035173 0.19263308702057608 0.1758745379707312 0.1753402248478638 0.17872042294832882 0.20679892796122493 0.19846348059138672 0.22500312677511716 0.19649574803200695 0.23271396422234303 0.2685258096617101 0.27766852043844065 0.2354794293856906 0.2441044292047906 0.17841395024072138 0.15920226961020295 0.13577122728790852 0.11734957243737018 0.11423795267382413 0.16270263986666392 0.12782779142395345 0.17719156355554633 0.16623877209203938 0.17613545158474303 0.22678581549164134 0.23979971902099925 0.30204621781050933 0.3174808186105515 0.38071798441076565 0.40633641805123594 0.4465600679123335 0.4690647546388827 0.5290694763707297
