Raster_benchmarking/continuous/raster-463.asc
NCOLS 100
NROWS 100
XLLCORNER 1743159.1850072446
YLLCORNER 5469291.225663394
CELLSIZE 10
NODATA_VALUE -9999
[rows 57 to 75 of 100, columns 0 to 42 of 100]
0.8093686724103566 0.814874745907585 0.800408665575047 0.7792482342846838 0.8258813537801285 0.8353390738372769 0.8567956252038708 0.8793825140941087 0.9056809382902039 0.8638586659710938 0.837781710490137 0.7992825745649514 0.8009562168872683 0.8156056061742 0.7549776102392336 0.7661508211084369 0.7545287800551441 0.7408703280249491 0.7342326779861941 0.6852002556813444 0.6493375748152155 0.6457451226469931 0.6362767542712768 0.6577541334080473 0.6757367361609605 0.6906546605805893 0.6507540809840058 0.6260994502547635 0.5979298460356073 0.5454612637576765 0.5175997460656694 0.48985910957868384 0.49593139061765557 0.4542278613845377 0.3744700034904944 0.37093484849959274 0.34198102098204575 0.36489392949226473 0.34890725854444904 0.3997693639044164 0.3669153257510846 0.35293456020894654 0.36617738480484097
0.833177528648908 0.7892244784010051 0.7881164820741254 0.7793023913518993 0.7917110911018185 0.7912553342542044 0.8492196624916768 0.8506769603140524 0.8571211871667684 0.8462275607094975 0.8219874756360089 0.7986879233746494 0.8302003784278515 0.8248723236191672 0.7709686329633835 0.7489673937159054 0.7302280397268058 0.7515378312150026 0.707462624715591 0.6735212091802929 0.6668396182172361 0.6279114835549211 0.6197734843577716 0.6369927071371739 0.6747087251015702 0.6803604648783154 0.6715177910073459 0.6475529248254503 0.6123208698885941 0.5484615517450134 0.5122704900962657 0.5249213541529034 0.4621371973230272 0.43063646730560307 0.3683569601441435 0.3543670973479742 0.34994338394667984 0.3586872658726545 0.37895473012946523 0.39039892022304434 0.39113783045145023 0.3577233424516752 0.38748775067635016
0.8299306999961528 0.8118779601455568 0.8151098066441465 0.7793411701812142 0.7675308851951695 0.7753491059463972 0.8177112199091608 0.7912288156447144 0.7869341717322125 0.8267797231007546 0.8135054453287575 0.8359532092119215 0.8182513214006134 0.8165187863672687 0.7807706967721735 0.7468269651582604 0.7435407080218379 0.7386693582952948 0.6994382278906083 0.6504671046184878 0.6301713401725407 0.6105814823515977 0.6140535192451392 0.5917609985907267 0.6157291567551741 0.6344384343072877 0.6117681487223162 0.6229124656318046 0.5955921781715221 0.5597502386819633 0.5651691293869977 0.5137748458337111 0.4434657679467306 0.415099717943012 0.36403415060877387 0.3537117018449642 0.38594016380774926 0.3625817890594869 0.37185424814261503 0.374791148665108 0.39824535714338755 0.37794764214579996 0.40344151035300635
0.8039138436215003 0.8508819545392687 0.8090804867249651 0.7682469594452537 0.7668690234598381 0.7931074681332758 0.7798801192444225 0.7750145086427047 0.7791971057265591 0.7843136033688152 0.7688861612956617 0.8116996691736249 0.8055898148533871 0.851789593924891 0.800791186154703 0.7857986182420628 0.7355895393348434 0.7499058573693466 0.715817566066646 0.6988934277379326 0.6529390212072037 0.6270031426919813 0.5891857587807674 0.5917783859576321 0.6118786543818756 0.5587528098588211 0.5793878006046635 0.6189152278843302 0.6171341323304262 0.5878698650071549 0.5614702384334707 0.5245980325272123 0.42159553909691494 0.35113692768128013 0.3862274526991096 0.39026572268951254 0.3666016284587928 0.33407967285125806 0.35385457571640316 0.4248548818749467 0.4252693376380598 0.4523711265822043 0.45314271093120734
0.7799380756835501 0.8436675921082734 0.7898373733610804 0.7732207322904618 0.8022718404243158 0.7576512633190546 0.7587562848338393 0.7725133858156452 0.7852225257926144 0.7433503895663562 0.7698413593034956 0.7519537490174711 0.7705050203813666 0.7607345347047187 0.775421904619892 0.7831961090192782 0.7281490559660548 0.6625827235941669 0.6537461838140435 0.6397265311441109 0.6424680833617398 0.6272905986125488 0.592282068168791 0.5871714186858904 0.5962201776863058 0.5544810606678902 0.5429758838437441 0.58324481177244 0.5811931969193794 0.559030188818287 0.5057679978574703 0.47035382923247115 0.44479549947489905 0.37316264234570673 0.39683411800555096 0.3869264613528827 0.35366928731142966 0.38283527539801804 0.36905933084639875 0.41221250487031524 0.45698475163806795 0.45461261190308727 0.4514730729361114
0.8168536878183393 0.8479981054317717 0.8184799051585975 0.7946234382248308 0.7969980499376644 0.7458142359405439 0.7688107721876161 0.7487520053746187 0.7329053289288602 0.7222952131212169 0.7656565727216741 0.7602796896674998 0.7511458487573749 0.7353777747472335 0.7473168010110122 0.7719330539072704 0.6724290362842955 0.6280993990038526 0.6266872220143483 0.5854401104106439 0.6306464480335551 0.6290049538118354 0.5792561722497431 0.5963299415793158 0.5611042815830224 0.5436092841839781 0.5521097939531721 0.5599470857634209 0.5257271779448824 0.5127466212422663 0.4951186756463634 0.48464576479384475 0.4355568115647971 0.3880058119568614 0.37723915850215206 0.38135842636542366 0.3987882768104849 0.3844431292082321 0.3960772641701401 0.4340131765605339 0.4495123513990451 0.48921568584747377 0.4787232410143871
0.7839410021161639 0.8187121248335336 0.8270804510237619 0.8053863400373737 0.7406357095123789 0.7272020403004499 0.73987258086707 0.7497830490394097 0.6954150783808029 0.7331819961330763 0.7477104670482798 0.7335026981973224 0.7212109012342146 0.7183918974757113 0.7165108844266905 0.6809216035474175 0.636460909063819 0.6183807656539555 0.6024590901225871 0.5919376069424621 0.5673104984069155 0.5596318048225312 0.594368887390838 0.5289694479036855 0.5093690452465198 0.536136823303592 0.5540077060987402 0.5205763275852677 0.49672756785165334 0.48181544570965046 0.4451511721002749 0.4114988651231904 0.4008098056726457 0.37958411385337265 0.34245197178068126 0.3725605154001772 0.40045420115714025 0.4250902688027322 0.42212915359367775 0.4417613092445821 0.43446122298542283 0.43550834891920637 0.45332354336582253
0.8061238682539454 0.8181298326730675 0.8035250704497408 0.8116159753356601 0.7482362912891636 0.7108438197908771 0.7202258083166538 0.7076534928124021 0.7189817804121027 0.6826828360307629 0.7390224638220405 0.7209275222692654 0.7233498215535532 0.7293921026255967 0.7031580338233056 0.6420215927125387 0.612861634643134 0.5858246526985221 0.5787370569974223 0.5581131830069951 0.5410217821900343 0.5450951367010958 0.560692296543062 0.5192047292254071 0.5080943369029266 0.4825182514916134 0.4908231467756802 0.5200784616755967 0.4714637522641641 0.49044475900782947 0.4127597227718513 0.3990349865212703 0.38837024580248974 0.3378786930761009 0.3530087990996938 0.3476870094040875 0.4084126921529927 0.41848467708044623 0.4418707749652016 0.4328574202084996 0.4415798962581218 0.4412358677761091 0.46470886372876136
0.7582089077233705 0.7943417913198028 0.8059709401746538 0.7912791426987937 0.7496815922631075 0.7273464020663012 0.7189936167763971 0.6989318866061199 0.7180083324859948 0.7430383136322833 0.7335989809001622 0.7153954924148164 0.7338354149596459 0.7259704239465633 0.685286229343621 0.6575548892374259 0.5775222791593114 0.5678223013577961 0.5262600782521076 0.50454467143551 0.50525590323485 0.5259878651205878 0.5088287651190165 0.5119226369761884 0.47193576290788136 0.4675298428523132 0.460033955919953 0.47116247985401205 0.42950051074628615 0.4285252264737232 0.4046306207334058 0.38693805654963553 0.35038302605339416 0.3113110574529437 0.33726765614214943 0.3395469430034339 0.36315104473222437 0.37550707231739705 0.4103780964864007 0.4011198586077973 0.40352854027850427 0.4096816441710746 0.4132687166904105
0.7334054155271168 0.7671031486376444 0.7546295667157779 0.7828049905398226 0.775118972781367 0.771049916968554 0.6873893090254748 0.6806119383369188 0.6867793615365655 0.7273223807784557 0.7279231311839297 0.7247346902810308 0.6816601646806197 0.6760096286442157 0.6276653092030542 0.6169337775428522 0.540286460813017 0.5348516874022888 0.5087292820265981 0.4765916094547623 0.48132879005393303 0.5192750617781163 0.47345907293056516 0.44779245540458706 0.41013237230547095 0.37718738574373123 0.4072399238112004 0.38264481446389975 0.36761259808245333 0.33831036722358876 0.3554979163444223 0.342874262850764 0.30834430162082466 0.28351541694155374 0.2821600007652897 0.30505226733897545 0.3406526210225801 0.3254010947235516 0.39808872540963636 0.41489943572463595 0.39361097612862833 0.41025168781180876 0.3848352993387444
0.7120292922917092 0.7185839659004517 0.7677452164173474 0.7856491861490531 0.7498811621773505 0.736421133998702 0.6844111211683869 0.6622779804005712 0.6782007866101417 0.6897438094864153 0.7217829459320171 0.694869232745442 0.6470123231438183 0.6356164318931108 0.5967786709729104 0.5418963699375544 0.5145180510817446 0.4821447097290292 0.5006255667224275 0.49609693378144326 0.4811907196134104 0.44601739869493273 0.44425564704734005 0.41734050663332206 0.38783911039714186 0.3841923648530059 0.3786338517811559 0.3514944333449475 0.3589914600824759 0.31635622757856047 0.30343324046494163 0.3250141230929038 0.32705694174362926 0.313229328070397 0.2813303213804247 0.29911953864873186 0.3378980489918527 0.35664085123726114 0.36762316419721247 0.3833071390798163 0.39314974710465206 0.3940111379262266 0.33128199869534697
0.7065070156916846 0.7283011273695568 0.740098514724815 0.755634225042884 0.7444123849960326 0.7258280204033916 0.6598899922790122 0.6475181244837948 0.676654256295995 0.6947438599230303 0.7096176357469134 0.6742930752112462 0.6590872357734683 0.6078849876378664 0.5861053804064619 0.5115651285280994 0.49749162750829745 0.4719626207092897 0.47941868641102575 0.4350556424059964 0.4131383273182382 0.42449258391148786 0.45114369785285724 0.4390422241472767 0.4136105379979648 0.3808795013320201 0.3366693186662694 0.360066547366093 0.30934711055217035 0.29380803562649577 0.30827798227859565 0.3402552344401593 0.31792048207654683 0.3047931513680307 0.28647540395694554 0.30353118409381463 0.34310526515451273 0.33208375904218485 0.37731100622703906 0.37016070510264765 0.3830832516376979 0.3420781364893707 0.31076976407045287
0.6294801993583239 0.6576046840786187 0.6728497457212895 0.6599552411839744 0.6611376346474342 0.6292578080604676 0.656781254415139 0.6471564850673923 0.6431917070836236 0.6601644985013597 0.653385136986623 0.6192166918626443 0.5998496826218366 0.5667526393763683 0.5523516880566017 0.4960441900512684 0.5074828614916422 0.44591611429015543 0.43201025603725346 0.4241567739520278 0.41290838222770215 0.4316182297906412 0.40554895512632133 0.43635582748544 0.4043701370333893 0.38401569287158266 0.3379548482855404 0.3304988494961729 0.2961196318381504 0.3448051340822948 0.35013145326722867 0.3488308799861472 0.34251868982909583 0.32934124371751106 0.31349270426182946 0.312767794805053 0.32127739367849323 0.33621456372349734 0.347891053084354 0.336162421938366 0.34779577694266633 0.30235616947310734 0.2853612630944871
0.6276656151877222 0.5999921074894411 0.6254312320599825 0.6038578299597681 0.6066242020757857 0.5815390246586867 0.5875935516641608 0.6320074635094147 0.6235945121286871 0.6403154271092216 0.6288564582959856 0.5853653367637576 0.5854854835493015 0.5356079409799496 0.49739676596132787 0.48243375467723365 0.46590029674092415 0.4693976578691939 0.4450423222995767 0.4309000748518499 0.41689891533237555 0.4107214173441363 0.41721222455521273 0.3926617949968846 0.3965067877763591 0.34588961366937404 0.2979386599668952 0.28013242759021245 0.3105678980321953 0.338106976295643 0.32373316905887956 0.3482670031604956 0.33448197862191326 0.36816781409733973 0.36143179159787436 0.3435921181607208 0.34468841777920334 0.3887657599453493 0.3593339905219761 0.34095264643287626 0.3358727108152807 0.3043594456634999 0.27607348357773726
0.5875139642627323 0.6003804496416308 0.5758720146759145 0.5378108252944995 0.5341546339082472 0.5155545890859694 0.5486732531001877 0.5598789023919222 0.5734486446964369 0.6085867378698602 0.5728404614193923 0.565504422045101 0.5449235511884981 0.4933379999085608 0.4734347325818723 0.4476428947434635 0.448889670593712 0.45986527169528296 0.4801572584859714 0.4868295816103723 0.47329728009182526 0.47219053261622373 0.44151931586886495 0.35975590785921063 0.3385657778462439 0.3580979476573979 0.32695356371834355 0.30277634733868325 0.3055797802022185 0.31675782383817014 0.31556933764245565 0.32291265849729067 0.37267793075623423 0.3680058746793269 0.36895770043459103 0.3684040763714904 0.37703961975759825 0.3622055863866875 0.375485956772144 0.32135553895736835 0.30541127153190417 0.2699394301836782 0.2932520358880874
0.5772671603981901 0.6020569143462104 0.5230462129888747 0.4864954684341858 0.4765580601448099 0.4956667776356369 0.5139056263388356 0.5582564565912934 0.533507538794928 0.5688748644817891 0.5858582021190559 0.5525456045292294 0.5189037204439833 0.5025886849504979 0.4682220296787326 0.40959437636281376 0.42418580932266886 0.43606728284499247 0.4577425727098196 0.48335995162703194 0.4591517039525142 0.48747469833366897 0.4195546180670434 0.3648986349086437 0.33286549906887897 0.32908880620109715 0.33636261908698134 0.27889709424679093 0.2746308215485997 0.29264964051431563 0.3241358188394961 0.31116929139206445 0.3728208901172584 0.3658198546982754 0.36104252615017896 0.4062389758880104 0.3612880850480917 0.37305021490194523 0.3276536532350527 0.2938147043548413 0.2751839849642989 0.24414343461582544 0.2816148303239011
0.5096108941958172 0.5316662656285028 0.47566917759999394 0.47361765073276507 0.45615201088155344 0.464248485296015 0.4729270572964476 0.4733164533752446 0.49835873378407003 0.5514228469393863 0.5500265542064255 0.5382043313144472 0.5030323843805928 0.4650707559721193 0.4259408584067087 0.4300215481149731 0.403522184786141 0.40622815980897947 0.4481647801589847 0.422880639186931 0.43537062043843067 0.4647786800738195 0.4494481174078883 0.4148234056356804 0.37443381393720027 0.3759062803186386 0.3123661047706594 0.2935695540094838 0.3069044529314156 0.30497342557104756 0.3160720026685013 0.3417582961525209 0.33535060083640056 0.3522142296306854 0.3635689741696073 0.35692624502626724 0.3722550202522969 0.33816522411984135 0.3139572157677453 0.2956073594544454 0.2657928347177592 0.25418677085263874 0.2428524508011076
0.45425708727701486 0.47185770279058725 0.4476762292714744 0.4117724475830815 0.4186531848137 0.4520063879008785 0.422013390027154 0.42388386940393336 0.45099681598578084 0.5165732943847585 0.5089072910778886 0.461491256476268 0.44488744026967886 0.3888245887902003 0.39858816869651864 0.3912009017222982 0.38310475939493344 0.37168383588290144 0.4070332694059312 0.42633894798438715 0.4323884428103049 0.4189090003586026 0.41362117636616097 0.4155332125331677 0.4085708814356548 0.3870193152592283 0.32744218348962617 0.2819679764875842 0.30883354445984823 0.28975998729410807 0.3240364210578864 0.345357147547341 0.31703833802450754 0.368369738594905 0.35054729220774034 0.3606269842176604 0.369382919683098 0.3019192243137727 0.3129501237566694 0.2535287180113855 0.2431985630735983 0.21657055383985208 0.243136429165554
0.4433986181630816 0.45253221083823053 0.41586015462161424 0.3714679212126348 0.3938859558351453 0.36711803486205413 0.3885506277125607 0.3942481041119513 0.4373735994606298 0.4830441244067594 0.4538681398365669 0.4532810945534973 0.4334544616981558 0.35969005216499017 0.34874568474317175 0.37422989577885374 0.3750342854105099 0.36626994360040227 0.39230931762124627 0.38743249531546653 0.4226717958310583 0.40045142102920844 0.4125431248070784 0.42756513009646213 0.37635642880842557 0.35914486100793447 0.31590810435865857 0.309958637152202 0.3332491468080223 0.313105836923974 0.3230132016698159 0.3083251421683661 0.3289623119722953 0.3351985277644552 0.3303338380951634 0.3513280030761667 0.34112247156433956 0.303891373706458 0.2877855497099412 0.2769147404079332 0.24189052486183174 0.22832151246325966 0.23095999880781237
