Raster_benchmarking/continuous/raster-356.asc
NCOLS 100
NROWS 100
XLLCORNER 1743154.317858915
YLLCORNER 5469289.330345838
CELLSIZE 10
NODATA_VALUE -9999
[rows 0 to 18 of 100, columns 43 to 85 of 100]
0.17854054322890536 0.1892517157825922 0.17536141325987845 0.1388057408796326 0.1474630860845274 0.10229139390452346 0.0800958052151823 0.06691978921633221 0.08059258929785434 0.09995066310516487 0.09963875403792163 0.08291836176653189 0.07978297647640392 0.07338539244690963 0.13252108812766109 0.134293343233551 0.13603549825782335 0.14264064437040588 0.11348754835390816 0.05434793621178135 0.038961750484486905 0.0654183537468486 0.04145199785586547 0.027399494619668223 0.04913849699667551 0.08376027882701556 0.13851266941530177 0.1284292622902185 0.1870461229073715 0.1881621461316327 0.225051926595501 0.23992193631669956 0.2449218296482141 0.234136954582928 0.2471664854626242 0.19855882269400998 0.2083367284350174 0.19619107792719484 0.22933705430618412 0.20431925882300772 0.19788576185146606 0.18478641453273534 0.2147613700416483
0.15665078406107663 0.1592498390779608 0.13563906591501987 0.13762221623972082 0.16824488770669077 0.15246136611045394 0.1402713413394757 0.08739772808933477 0.11802472232408112 0.11056963978283935 0.12250881959205252 0.10539604911334488 0.0949086101547121 0.11260976770453435 0.1265797381119064 0.11923311825907174 0.14043138555806342 0.1384701410346126 0.12004283972870226 0.08462515896282985 0.08346445357973845 0.0661725998781885 0.05116823817083369 0.08575878208468385 0.07913873151755096 0.0874748180666076 0.09415455520767446 0.16081301074133908 0.21201602782717 0.22134986583361113 0.23874416615849206 0.2372056515366279 0.2377367847691937 0.22116149490991807 0.21478750439821903 0.22623094670333452 0.1905861820155583 0.1787921151076245 0.205607201356462 0.18424776357542086 0.21231632324989066 0.21469031543793773 0.18445750049479345
0.17914555254001113 0.16959662307095302 0.16045879354179376 0.1761573446479895 0.15997138560552918 0.1605328036631893 0.1482535092701592 0.1089524476008334 0.09929289017482301 0.14577221044436076 0.11635972892153826 0.09594123601205119 0.07840854410662129 0.11882877987836092 0.11340763961159933 0.15856298016980377 0.172874125093935 0.1354843627795771 0.11595553423268726 0.13121755551282827 0.13922494217141917 0.1372655793823186 0.09393007212871538 0.0862882071228733 0.0859593223832121 0.09279803218754978 0.09150326858732363 0.1591439173538733 0.18050707797436613 0.19866396763563482 0.22040062520078224 0.2256470296773751 0.210101118483529 0.22330950275573222 0.21628903528786947 0.2095105667335253 0.20182391664317847 0.15603874648718136 0.16417149312281318 0.16277130478009685 0.22029116983717306 0.20436080375087984 0.2146163232759103
0.24280720189412047 0.19877328352484014 0.1794539008900101 0.16394041435899176 0.16269112955769358 0.1829436601730583 0.1536638207499246 0.1435323933598834 0.1555064156765037 0.17104037645505937 0.12317103632329843 0.11855186690594248 0.10096356554385867 0.11233082261703224 0.16627076107664523 0.16023180766959408 0.1769577898486014 0.14700274350130854 0.13150836076875436 0.14646750127333952 0.15132575640279752 0.15381401528750818 0.11349322928276491 0.10906249951500555 0.12706309126213786 0.12514443659465885 0.10350557053499201 0.10858860187097621 0.13841021338205486 0.1445024024453654 0.16228614219784487 0.1580852500256547 0.17133959447440045 0.17718013635446203 0.17452560160485997 0.16345869734073354 0.1424272641575627 0.16905488442953898 0.13921158558287586 0.16068473730316654 0.16135445064988022 0.19147846101372085 0.18091298429147973
0.26787927212702717 0.2564974637072312 0.23020773086473337 0.1735806707942598 0.14260688161744595 0.1515700021261551 0.17806190172137404 0.15448837924536832 0.19016758200489417 0.16217142548003796 0.18664070500821847 0.1522069582926951 0.16480153777150233 0.13962376896195636 0.1971846881232232 0.17600250605649567 0.1514973612055156 0.16286944251368768 0.19354529170177254 0.17555504706658082 0.1942785023481681 0.1895820424813589 0.13477403687275832 0.15762436610009448 0.13291041126112016 0.15088521665168317 0.1345483856390012 0.13284216776200422 0.11084306790912653 0.0873727900482123 0.10496092905732596 0.16278991451364894 0.17615058906022496 0.15756151100987795 0.1143808846042995 0.13204003101915476 0.12568953502376584 0.15287143009980914 0.16136083951935049 0.1470530464266353 0.15195763599842535 0.17625232305579797 0.17072970953723282
0.2886643335526968 0.2569405710336678 0.21551467914163389 0.20674481003652465 0.15113278506597724 0.15011058017266993 0.18168764675564225 0.190820168469208 0.16186350946218372 0.17175582281860655 0.19097415657891978 0.20634880603014227 0.1758948691864227 0.16664995494088997 0.1916707006278689 0.17839012805190327 0.20929369956078453 0.21727390371187505 0.2178498502287145 0.22152786041496425 0.19689844703941947 0.19856310931578963 0.1555032675424498 0.1487844454242777 0.12772705592472222 0.1631568822315443 0.15228707611834372 0.12536187444961064 0.11077489056578835 0.09285127865783337 0.07702597253504175 0.13960750164043645 0.11731735770343392 0.11886940136843724 0.08542659440639058 0.0981041133290319 0.12714783142574432 0.10927191326798955 0.13674970326924868 0.1126440219355492 0.11441608578275657 0.14263193075359828 0.11659465407562496
0.24593071660842059 0.23162869128711175 0.1976453572861687 0.1896465624648148 0.18937395809151134 0.13811902528344921 0.13592624880866414 0.18904913279283553 0.20234161667881595 0.20143649521609644 0.18973505023477796 0.21919610738393905 0.2007556949828433 0.18492057583724372 0.17884647570092577 0.17584238071345817 0.19067065920720094 0.19800315924936504 0.24125570694042806 0.23170370575902408 0.23952757171041525 0.18717001669694439 0.1975122373625682 0.167045999959415 0.16466439694313204 0.17113756352053658 0.19161779672336363 0.14909104899816114 0.07943493603016044 0.10061596298510458 0.0585974365843664 0.10785645617887316 0.1350795973326229 0.10939578908932947 0.08770148981141387 0.10158269510276291 0.11977854799040605 0.11194738493876047 0.08046391763639689 0.09570991689716363 0.15469770320139364 0.11345284133727956 0.11156127260758457
0.22395692375723814 0.19164934037241818 0.2057406353636974 0.1889697616007725 0.20193969509288798 0.18302103254585236 0.17077904847305223 0.2120198100625951 0.20497032555296582 0.18717850118720974 0.1795741555574415 0.19020719846296363 0.22825684451313774 0.2151073967813014 0.18076669285588018 0.2000549030531784 0.21218943412185087 0.202463624219775 0.22406718598135675 0.1872035079237987 0.19945921369097003 0.18746907928728504 0.16972336580903358 0.1624803690332199 0.16711161680791295 0.17778191235482516 0.19522286057710697 0.1413990520395996 0.11785773960074614 0.09316552234864595 0.09716872062930206 0.10046640087076522 0.08780288012727719 0.09429347603460568 0.08152496003584428 0.09410837698164436 0.10816125634226115 0.11847505816209132 0.09099503732109272 0.0902121062971215 0.13213394899295522 0.13746190978329342 0.17382186045027956
0.22031187984461836 0.21694405018735013 0.19417913757828237 0.18841319609996957 0.22183684459964848 0.2101765369349739 0.22041056895795522 0.18625585482788917 0.186985049571086 0.19230043013362233 0.18045211774873812 0.20278163948352076 0.2284051017219597 0.1969903497395457 0.1852903368450595 0.18845469335911344 0.18987628600032727 0.20991976771640733 0.17110745739239874 0.19357545472667645 0.17265997060150798 0.182397100735937 0.19844406024290123 0.17221638895197186 0.19688329333079446 0.17471984597783752 0.21357366756578133 0.17347915272518613 0.10912343499387112 0.10217026606275148 0.030011594886045073 0.063552800298032 0.0890668146708467 0.11898675984427583 0.10501231344688991 0.07154159915092032 0.08717678167557143 0.08648481682254361 0.09954965146621814 0.11385681144245498 0.12126388182839425 0.1161861302723443 0.16777266976758712
0.21722085538317773 0.21355065488595498 0.23466531094319507 0.2141882289990397 0.19038242546359901 0.181106594785396 0.17692370560417903 0.19864576630740294 0.18751972498734634 0.1960996797081403 0.17551166596685192 0.22464311508044113 0.23700018573522 0.21486061601826476 0.22082371396353365 0.2151454725911631 0.2279197551680298 0.19428148099341797 0.19087312611239315 0.17138426061783976 0.21092892340266628 0.1661636879867624 0.1695801446072344 0.15007944963108102 0.15586797851729875 0.17800141785793844 0.2083530146818168 0.17184092953464378 0.11514596960637308 0.09167877732440238 0.07026187778459166 0.06148587940394593 0.07441061754828684 0.0943251091426263 0.08348359268639381 0.0883206668045079 0.09369186779113961 0.08249383570000526 0.0778762335475741 0.09523858637638052 0.10414564274182377 0.13580954434623793 0.190083790894137
0.20773511518846965 0.19321893581677518 0.22474360482937117 0.19617492965302966 0.1863070133393642 0.15928962483943193 0.16809115133009347 0.16801443253088028 0.15826126061958032 0.18823187899887886 0.17901549755756113 0.2091564556476982 0.23436671806508638 0.23643822349945642 0.2395090025569296 0.21786271564868198 0.22415505828503884 0.21827322076413308 0.19881390463796286 0.22293345708533022 0.22539089111283625 0.20950642487190466 0.1455086869187229 0.18418843069546292 0.16494134452521617 0.21418581987279178 0.206004783374958 0.19093122053991698 0.1296074076512497 0.07834295743773903 0.030635307427851977 0.05746822120896962 0.07647651589172151 0.0922828737241827 0.04017356904099318 0.09176578231475467 0.07584385254057693 0.07225242541779886 0.07585228846244432 0.10327715098157089 0.127729112354358 0.14337829642364902 0.17479590573005852
0.1748430410472723 0.2228831296712241 0.23940165350827566 0.21003796618298998 0.178297857379658 0.19485586179313308 0.15108196986183153 0.15656311225003616 0.15873055673619657 0.19934128308937674 0.19503026302276383 0.1943849935177185 0.20826294621970606 0.2236514158665187 0.22968769425662497 0.24665524239118158 0.21173946633570956 0.20986632757741547 0.19850632215070171 0.18943042729285395 0.2032712633381785 0.1997636969656705 0.21339842036745452 0.19408556446178615 0.19743751611773028 0.21249903985639174 0.22304042488710962 0.15998926418174103 0.12005289050722083 0.10349221628462663 0.05033209717364787 0.08909696692959478 0.08764216712731845 0.09444532345711414 0.08564690735768471 0.08841756725625949 0.08996754607658522 0.11290323268404134 0.10847547329573916 0.13869787527189878 0.1548324356394179 0.14346016563773165 0.17729842011422586
0.17180938326685077 0.22263606848399445 0.2163492329870498 0.214675262157462 0.19978242809289107 0.16524455230503277 0.14477979864104845 0.1598969466597279 0.21591621232086133 0.23707335223847753 0.2379663795868457 0.21453678917474622 0.2064479668606768 0.21151423627136723 0.22517871020473718 0.24236812327543794 0.22311579002905285 0.18381531927055697 0.17748451189143494 0.1719388529891564 0.22683910193284165 0.25130139586889055 0.2489178221331608 0.20444416673175458 0.23393709621070688 0.20531050498627335 0.2089795840903645 0.14332371428759574 0.11155763755308451 0.08180622266784042 0.048233178342918286 0.09089217708020852 0.1001065966377313 0.11140479384219885 0.0819651361684677 0.11025789932678498 0.1127246460659586 0.11776929044128241 0.1666939371066462 0.14166209858645495 0.18076670488608507 0.16465239256339342 0.13785742742718887
0.1852382594703489 0.1745847688416766 0.19501275498250345 0.23096944078031786 0.1783717605739286 0.1547286704809336 0.1462893085531332 0.19908922177955274 0.225052059154773 0.24975340394200557 0.259192324073026 0.2199308489114377 0.18090845391121294 0.1768957097622028 0.17416948413399472 0.17006459159688417 0.17354367419303487 0.16144882476939088 0.1853706333672352 0.18308800434433473 0.2290238550386374 0.22445313850793053 0.24216784621353038 0.23618127871412745 0.22818814982958024 0.2148781926799842 0.23579113842963823 0.1739860706351876 0.10900195406696428 0.09521302394565509 0.06313974483201103 0.0683906684014034 0.10410626459972673 0.13283211035207348 0.15602421670514133 0.12503188933388654 0.1666552054189329 0.18421591038488616 0.1767222840022035 0.1848572184177696 0.15237389995732878 0.14852013532211814 0.12870894661272522
0.15242923092556004 0.1694585561573972 0.2400467567907362 0.23248666794388195 0.16650347292510964 0.15686476228145219 0.14980038829092257 0.18508004149020316 0.2180253223562515 0.243997735267032 0.2313905729931585 0.21551953153394166 0.16427524434490473 0.14229250077133612 0.166749309714381 0.13596107091179646 0.16449682817739025 0.16713713975893088 0.17599424632453098 0.21272007274984797 0.22472829675524403 0.20585174137728085 0.2524039681234136 0.2803977362193805 0.26426770811066214 0.24755492441042592 0.23985639130888253 0.1948870658500433 0.1086996415029623 0.08075901463872723 0.09922930851960737 0.07288832193944184 0.09134242280769457 0.16323845356611116 0.2032131391283166 0.1690839973472362 0.16389795298660803 0.16752879478253124 0.21623126220960184 0.1665992709140334 0.16218341993044624 0.1807385935833374 0.15826372961660376
0.16434530372884124 0.17971898059425684 0.216993834211105 0.1897148475558291 0.19856987473324433 0.19559174960758696 0.16140103641471568 0.17401508613322317 0.19189977361064903 0.21805806008573378 0.2168287298528909 0.18838098319203136 0.1635092163456579 0.158220462593661 0.1777934863330076 0.14985813636783973 0.14702663130914043 0.18736842276407806 0.181011531247233 0.18534965832951136 0.2090601659969115 0.20054542954503407 0.21383278920796767 0.27127920797956995 0.23733780346797 0.2261292415631007 0.17689586646504202 0.16409092974338402 0.1216858330612416 0.08597615147887269 0.09221666684536069 0.11613135550861257 0.11866999072925664 0.1360065566367684 0.18880365414525574 0.21160512423124406 0.18800180579912085 0.2118608792102913 0.18908548156747285 0.1674287537412295 0.20256425363859218 0.21145753531463063 0.1953359170996492
0.16953789520881307 0.21573654555129887 0.22893741085022207 0.17267229689652264 0.18659450375563136 0.2069087912641946 0.20301296241011393 0.21691094379807188 0.17850578524228716 0.17704655583484816 0.19338618506698171 0.21002083909057415 0.17464572389262908 0.17544683832468067 0.1879899372938567 0.13701287993917152 0.12558380715261377 0.14070974469224648 0.1753163584488128 0.15753044394385868 0.17824473668000101 0.22215191911085777 0.23674108235250782 0.2590644886734653 0.2523697396488409 0.1811415202980877 0.14977440398000247 0.14278993111961394 0.12168546528302367 0.1272052802906704 0.09747666499016303 0.1451570376662717 0.13037835018192204 0.1612798026096138 0.2040907353913946 0.22504638050662285 0.22246957733171493 0.20292605548053852 0.17420944089548007 0.20273528687291725 0.22154270515256125 0.19534746761846195 0.20445378208004675
0.19415565017464875 0.20678960296593704 0.18317462871789955 0.18425936396584963 0.19840227098926916 0.20463854222705655 0.201134275043772 0.21512752576829272 0.18772314313298447 0.1971399885147829 0.1768201074031426 0.18953717848506826 0.18547037170117858 0.18437055896738283 0.13524361174423033 0.11790133433128007 0.12362429866692613 0.1666248181372194 0.15054770986546848 0.1976329472390604 0.202785485734578 0.19228210410964536 0.24114493141228394 0.23323005944703717 0.19547632549301747 0.16157464983674127 0.15270932127756312 0.11390018621800742 0.12875755009613246 0.11786885001676002 0.12224193030655697 0.13274868380574392 0.18172958180594656 0.18916808869508772 0.16441943116579122 0.17707488658789575 0.21932355414560317 0.16524756122376022 0.18982946028145115 0.18559681666110028 0.17597044527461378 0.19613011695201374 0.19727390483625812
0.21709828906917192 0.16425293702907548 0.13875887837751855 0.21203425159206504 0.24357896281298705 0.25398817892836834 0.23931664790746737 0.2139099509727709 0.23234244143961003 0.1928053215818229 0.20390209278922602 0.18808365635617524 0.15364117932054938 0.13509151468483171 0.13629038516530675 0.150806208469936 0.12081156464864574 0.1410590886769286 0.1516896537348498 0.1614753697087903 0.21053063618816667 0.19868423317071468 0.21535667502008043 0.2136127273748868 0.21240358364392922 0.17503050414452015 0.12347113685084106 0.11758271318014883 0.16146851578406254 0.1373071125227036 0.14073521617689586 0.14123914259685313 0.1735422344450944 0.18695805511473554 0.1565086456813786 0.15971303433037365 0.20436578156058546 0.18619815101318046 0.13681846931869945 0.15578112802649055 0.13722670841654563 0.1939126404585152 0.21569683940069168
