Raster_benchmarking/continuous/raster-233.asc
NCOLS 100
NROWS 100
XLLCORNER 1743156.0109088467
YLLCORNER 5469279.410650914
CELLSIZE 10
NODATA_VALUE -9999
[rows 38 to 56 of 100, columns 0 to 42 of 100]
0.6111951959585352 0.6000208636215868 0.6103261914681045 0.6182299496571174 0.5818817071534237 0.5657461725064147 0.5269325723595274 0.5238565410944364 0.5706547013589746 0.5667228845478863 0.5724108430044955 0.5885706911690732 0.5745934455803106 0.5870400780634021 0.6208946517716499 0.6073439893877757 0.5645270246642585 0.5469351441890253 0.5687932609222852 0.5257348215094972 0.5336226056542199 0.5414990203708822 0.5780950081951014 0.5305081125811676 0.5583124592135231 0.5553219609226312 0.5155232686261196 0.5517154120531639 0.5650540876105229 0.5451965604490002 0.5367712571810628 0.5402701186055988 0.5475379949085613 0.5445895410907922 0.5643779886180728 0.6032600117749909 0.6232116286214971 0.6408558533428318 0.6513056213616002 0.6516554259777805 0.6606894548855441 0.6317741104762338 0.6120931689431626
0.639629569930641 0.6245226811984285 0.618655479414055 0.5589299754320781 0.5429014720960469 0.5678904332410464 0.5565206619179707 0.5374159528845547 0.609265225568182 0.5973969930830978 0.583302662024581 0.610477476990154 0.6137771229304362 0.6143582171312449 0.6317624204905772 0.6347849322803281 0.5818269299806679 0.5325700302092192 0.5138972548029873 0.5105992329812985 0.5204855696231324 0.5267002305850732 0.5658778627109987 0.5372904031940747 0.5215573335051635 0.5439852895812172 0.49920538613588494 0.4896732669483117 0.4930021081385339 0.5296143497155164 0.5270933799559733 0.5353595619682829 0.5114875162498725 0.5241111214408394 0.5131589766746681 0.5413388759835919 0.5756662886622409 0.5759126669917746 0.5899303761474015 0.6053894730384317 0.6047221212370351 0.5784989593640806 0.5537447562957303
0.5881812069177769 0.6235279028360264 0.56912229163101 0.5418522235452875 0.526805564988425 0.5535370089104135 0.5793695179621627 0.5651925366764723 0.6000271690155833 0.6149214931485326 0.5739720245881993 0.5741995165689026 0.588328877868889 0.5689223268581257 0.5859840114917778 0.6082986179235533 0.5781391536061881 0.5818285962236794 0.5504514690657171 0.519449454626632 0.546496720550831 0.5770489525526744 0.5279418925145045 0.5288983455779096 0.5028955578431165 0.5058751224307532 0.5107667781751242 0.5212447467398479 0.5021440396820426 0.5123381272790477 0.517525637080962 0.4990868470356282 0.5335050871242479 0.5252414959592898 0.5049936085998593 0.5490305278174473 0.5543995888158468 0.579803068015929 0.5912628650531565 0.5557515430370035 0.5782697031593137 0.5598243432396656 0.5379971221297015
0.5593695430223411 0.5849182171400317 0.5876321549152796 0.5612441710629349 0.5302099699847609 0.568323792356493 0.570899702772716 0.5849731279579358 0.615609694075521 0.5719512884015517 0.5483531060976349 0.5312387574481287 0.5659673825970201 0.5912016371900113 0.5719804606869928 0.5600715421542846 0.6076831199965101 0.5909321772377695 0.5664075127835042 0.5670739180379288 0.566746626760805 0.5474249697308566 0.5462093255819561 0.5453349858382637 0.5295742362123633 0.48638761859282204 0.514703291121603 0.5203461463736911 0.5170021605034882 0.5365329486326392 0.5219931443010114 0.5445017272805157 0.5375480442460469 0.5221489727915447 0.47494051811926513 0.5017599501900178 0.5510479513337525 0.5742098749084136 0.5564966728029511 0.5477399015738529 0.5456925001577541 0.5255453731373041 0.5527345593967551
0.5797681230929822 0.5564593679776477 0.5849380219171038 0.5572499287828138 0.5786914486835788 0.5585127810420062 0.572925632281522 0.6010901288045702 0.603576065522571 0.5528712134189229 0.5446725347852784 0.5309475046771395 0.5538407733856691 0.5720435889558441 0.5741740684187312 0.5523478029999618 0.5740744286651095 0.5875797812201212 0.5823877806820494 0.5890735754437777 0.5677246438254842 0.5827393672530057 0.564021803206799 0.5150102834112229 0.4646604735753653 0.48917802934642235 0.49775335725076086 0.5152578009187793 0.5268599809675828 0.5672083349973793 0.5417396151525028 0.5648651211262362 0.5076342208963307 0.4922005530088411 0.4918100812985946 0.5088388009013184 0.5242369789224343 0.5245227222073753 0.5368471303691434 0.5226170061987708 0.5024227650657636 0.5229827370025548 0.5424808633060667
0.5478008873142431 0.5724751779022792 0.5555562987829789 0.5426428779533395 0.5828977161266612 0.601726401067055 0.635598584513704 0.5853627279042558 0.5752934942455695 0.568773761640575 0.5816867647854941 0.5494838005745908 0.5215684603514726 0.5388980511685598 0.5415249891195815 0.5333598169222326 0.5649883491776199 0.549594362964798 0.5295414136626874 0.5886452591991039 0.5906477833682258 0.5392267189347274 0.5311019690156387 0.5219328896862379 0.4374936596177662 0.47270753717423486 0.5232141491866316 0.5404563530492524 0.5608557053581222 0.5714914802009023 0.5753980028297591 0.5638516922110124 0.5175204175804546 0.4988641449116682 0.468101927180887 0.4776911443082769 0.44039933311460105 0.4624341898310653 0.4856480494170471 0.47207730217321536 0.44793481170776933 0.48268606480840975 0.4649549316862245
0.5889615152585622 0.5792154025028092 0.5950305877227442 0.5718142851387845 0.6107779974369781 0.6403058086924749 0.6261031082061809 0.588818748164534 0.5939557664160768 0.5896148512735228 0.5997276611123867 0.5749346660489122 0.5351296047284906 0.5429483300392254 0.5721620002090444 0.5490810007982307 0.5567215949646862 0.5327586894901314 0.5286085137515266 0.5587238585468711 0.557643846542369 0.5483581549803843 0.5533793317285579 0.5253080543003492 0.4898273247320256 0.4905202296702186 0.5544861140194834 0.5518088387082145 0.5761037790497758 0.5867242240622116 0.5795355456243424 0.5665366618766076 0.5270573562908146 0.506252198596047 0.4538751429280876 0.4284832557590537 0.44511486127734456 0.4376729542906976 0.43683911011804216 0.4351089678199969 0.4013583734201531 0.4082381159649539 0.4606278163211886
0.5569459961596089 0.5949015226799326 0.6000692971642655 0.6404368957186233 0.649596560217911 0.6314049013638083 0.6515471530226757 0.6245329662403685 0.5829089037982133 0.5482631018525241 0.5506942777058328 0.5652967889640277 0.5643308939809225 0.5734832034636913 0.6088491599239473 0.5952339915566905 0.5822098776805784 0.5782235986300263 0.5597602458221966 0.561092634595005 0.5580935028875206 0.5696793959296463 0.5925988374555918 0.5587581099207353 0.5161678165285025 0.5293050009239644 0.5517296857459908 0.5315496989615746 0.5489480060228565 0.5690920185274089 0.5549677514333612 0.5291079823745095 0.5493874752034724 0.5088084736529244 0.45813219662998783 0.4483236734147902 0.43494900423889055 0.4620273084614749 0.421850731384473 0.4145544102852318 0.3811796843677992 0.4229202678508792 0.4232685211817941
0.5973757035073402 0.588434298300514 0.6147965803456755 0.6700279708895265 0.6497275057220986 0.6252851315517469 0.6550185409966698 0.6479081731858014 0.6010417494632749 0.5816757263394388 0.559216325333071 0.5681509170975033 0.5785629462911496 0.5821254799422807 0.5918223674513271 0.6345366793666316 0.5983871245286141 0.5844985928167427 0.5946898448566841 0.5830128506823213 0.5741178721425169 0.5941337665524027 0.6169123496056622 0.5823884506000945 0.5669793484698563 0.5479511409427406 0.564317824025831 0.5566885233084098 0.5379038742392676 0.5651840427698063 0.5451803269493002 0.5422304871641755 0.5174566972050496 0.48506730702874373 0.4741758914529681 0.46308697806675936 0.44807928140082587 0.4669075111015025 0.4546559719884561 0.42115159594406304 0.3997394798574672 0.42274940473587314 0.39291547205087907
0.621436709230531 0.6233201711745195 0.6682834749116336 0.647093362996233 0.6689867520483582 0.6656836001674349 0.632526382023225 0.6785830904069047 0.6689438895218706 0.6368934935509091 0.6192414902072226 0.5862104770300787 0.5698870387432513 0.6210392675819215 0.637455314146041 0.6062213853187373 0.6028975181531565 0.5547828505506948 0.563349149850096 0.5954794795611198 0.5669203687039429 0.6039603411159393 0.6477423710811007 0.6396550285066755 0.6200530762760901 0.5940493658575999 0.5536488047309365 0.548904737335682 0.5008754878972365 0.519533108116143 0.5512179235644334 0.5146585915675429 0.49189474273064876 0.5055116110616134 0.4644148955521407 0.47877911729293 0.5062044723028681 0.4853021571777383 0.46768360207272036 0.4308844328833063 0.38445439607750176 0.37867350221837076 0.39916901427034945
0.6472135105211054 0.6494102622069862 0.6547935569579592 0.6820485979488393 0.6801780248812118 0.6614019724992409 0.6621368308197825 0.6845252016302208 0.6558075201100708 0.6239214552585598 0.6180993076658885 0.6085000970608485 0.6086677910804811 0.6150585615282507 0.64719108388262 0.6494038023638314 0.6211619965576963 0.573554084727801 0.6010501987457358 0.5933648160204187 0.6140139726104875 0.6105780404700498 0.6241819017566711 0.6246889234756907 0.5892326195184602 0.5605180415399394 0.5600316639938934 0.5284329708986205 0.4918887775902112 0.5245976509719558 0.5360487181701434 0.5258144621158755 0.5292925754262872 0.4759921403858699 0.47867268841237465 0.47647836184469416 0.4843520770610073 0.48698602176679895 0.4705926461841098 0.44982141367691403 0.4241624856957305 0.4069271081151926 0.44447520200664264
0.6870453331854005 0.6894491295920212 0.6664183614577962 0.6906332650889616 0.6809289838893009 0.6745712852240288 0.6511090886076887 0.6795686571214061 0.6965806568904785 0.6264094539365512 0.5911049279562283 0.5791738753787598 0.5978699392445874 0.6203761615035657 0.6469657819561415 0.6416160029695535 0.6029523712406198 0.5793468933466009 0.6297752998204385 0.64351015189146 0.661926037599331 0.6397972529421053 0.6328097756816485 0.6272161233455598 0.5863115142739809 0.5985322932742544 0.5741904748815977 0.545227657604677 0.5059563802356928 0.5120685271346002 0.5312819677508128 0.5322133639005309 0.512132348415842 0.4563675131512557 0.48014239200255426 0.461874873263329 0.4937810837015835 0.4614567365287338 0.4609178881521394 0.441598749320124 0.4551250019447843 0.42798338025502175 0.4296696549324695
0.7001866955546671 0.7118307879035137 0.670235451069647 0.6461220556006892 0.6629969126880682 0.6417831628960342 0.6830791114501841 0.7003627604667927 0.6933515494446446 0.6729970742643363 0.6626361865326442 0.6078010121181538 0.5946128237389641 0.6345154105556224 0.6458512061171091 0.6100677627685376 0.6012673968934423 0.6150179227954388 0.6561688608389464 0.6619629858559508 0.6449048204025069 0.6719020566058505 0.6393383389807205 0.6544403203509754 0.6249699581529298 0.5808933400535626 0.5848549757083163 0.5414435631481684 0.5149150396753209 0.48440875164720776 0.4732640761090649 0.4638971575207033 0.4509859091037621 0.4700630860022108 0.46721820627588645 0.45826816287812466 0.4719644164121327 0.4648644975223518 0.4357480874402119 0.45634323948591865 0.4480517002904134 0.43240803051089677 0.4328751012265019
0.6968716490139196 0.6996212273906742 0.6915758303353692 0.6461840888337606 0.6247387704506788 0.6717681613071534 0.6814246256357566 0.6598787144199139 0.6865416811384604 0.6893157970462874 0.6818945671622452 0.6705884761147188 0.6091607181635255 0.6129391282053932 0.6530324444312254 0.6689258815618032 0.6401090197994277 0.621621459809061 0.6481690467072886 0.6782301168661261 0.6923438838447349 0.6891632090107868 0.6870918161776555 0.6860353100325622 0.66739220781963 0.6287448880166476 0.5869788355588468 0.5435000478001831 0.5386714970756316 0.49499755568690307 0.4487435412692183 0.45204580546265033 0.41159695100016963 0.4069894862561695 0.407760093915821 0.4301701896340831 0.4311632437981283 0.4484101631441515 0.3989469866829761 0.41992478781958376 0.4026142298333727 0.4351422919927769 0.38531123959077074
0.6899266734374044 0.6999701766816906 0.6400118554247621 0.6291434204509674 0.6461351448582074 0.6553387818182945 0.6911440943944005 0.6775731864136482 0.6989373193082086 0.6703294863160038 0.7008015286120751 0.6796923392671573 0.6680336655055203 0.6659710083091467 0.6411126010879373 0.6644668965791107 0.6564634948813877 0.6845413543130355 0.6694248466244446 0.661932828302654 0.649106843877461 0.6476090341189279 0.6459356801929561 0.667735686140396 0.6677172968866177 0.6075790367778433 0.5849676745766734 0.5929062578731709 0.5372465315113915 0.5049323297028422 0.46355815520245713 0.40627743554384765 0.38842529657316577 0.3963880232266714 0.39759545862442025 0.39905726656165347 0.45049621517995864 0.417837742807711 0.38621104420013425 0.3874886176563874 0.38666152912343077 0.42081220717005896 0.3695029582844012
0.6826929300192687 0.6888229627235737 0.6476299121814474 0.6319964135585348 0.6297563792992676 0.6649468557527939 0.658426423659758 0.6515081455377048 0.6488321952271069 0.6746683728376304 0.671400563723741 0.681473737065917 0.6777835476869942 0.6759594358083251 0.6705930923064857 0.670595781293356 0.7137623560271493 0.6889434943690422 0.660923962222082 0.6332717239264755 0.6275395626964057 0.6410703085465917 0.6534170766257814 0.6693691566084993 0.6371231668538043 0.6161275277359491 0.6191101278430609 0.5932036831807166 0.5829815146362012 0.5230327898644047 0.4479761905996078 0.39184767734691567 0.3541587710156642 0.37460122209323166 0.3863939009832044 0.41111515155168216 0.45306071565733097 0.421730314610615 0.39650540830177455 0.39434372901098963 0.4424647902202683 0.40140058323284933 0.3874090818516631
0.6637010806624843 0.6819367266773575 0.6756107481829192 0.6546823631332099 0.6383329176000819 0.6558896715120508 0.6424314594690127 0.6495860349718543 0.6392453944896065 0.6707255109475598 0.681279093541436 0.6352615423510897 0.6576942044194349 0.6670092364560152 0.6589573140622716 0.6797747901396572 0.7183912772619295 0.6950808126820184 0.680087216530543 0.6316894892584195 0.6573149830603325 0.6376565666055933 0.6400353647577328 0.6713185996963084 0.6857254763895185 0.6562422255770151 0.6228340532783027 0.6229884328349672 0.5566985921802683 0.5338718357376184 0.4493812983874589 0.4065104850733348 0.3633986135304047 0.380489110484647 0.3805930405651416 0.42155158880188776 0.4415396038222798 0.39422907776318317 0.39713615604625235 0.42321390569980794 0.433786189057618 0.40493669501074414 0.36455467336849434
0.6929527163248433 0.6751899645621933 0.6466022191938996 0.6656348283478046 0.6774167009678858 0.6639683485298244 0.6767481371428191 0.673482187968001 0.6310726411973475 0.6414637307752481 0.6396108435867145 0.6032580711443849 0.596720234243925 0.621647336265647 0.6435630630065714 0.6761027855304927 0.6946038034912839 0.6904173940604759 0.6249749580798935 0.6369992165326773 0.662448527248785 0.6537481476314355 0.6940164105170482 0.7212814921979563 0.7030473722982614 0.6347744908364755 0.6443234404260028 0.5692090833102775 0.5450470378561567 0.49778604987826314 0.46736316518289994 0.40635260890755526 0.36060936354690404 0.3912307308611961 0.4048496775552477 0.42822419924483734 0.42770867390886563 0.42240456522443437 0.3691884633423992 0.3995310166669612 0.401149778937644 0.39460599741640867 0.36691492721003904
0.6758385469009704 0.6855347630069485 0.6412261525842339 0.6654686311798251 0.7058828373641711 0.660045394800665 0.6633146931972181 0.6386237279326628 0.6280780265601265 0.6327963412067841 0.6360449733418084 0.6128229565805513 0.6023632139857271 0.6011396981339563 0.6414353045560174 0.6621234244699795 0.6382438828895619 0.6548240670889319 0.638712476074277 0.6300757422765314 0.6565243652068082 0.6752545479154312 0.7115459191914378 0.7132072830353702 0.6570493650135404 0.6267551725120113 0.5850597896529626 0.5615620822850748 0.4964097049752633 0.45724897069959625 0.42233512063175166 0.3871256346134309 0.35829786289589255 0.4102157150986101 0.39192961712979774 0.42748276491508985 0.4093661520774372 0.4429617992871706 0.3952138601244953 0.37346782153930924 0.3800297540961754 0.3750862918162172 0.38300180723512317
