Raster_benchmarking/continuous/raster-339.asc
NCOLS 100
NROWS 100
XLLCORNER 1743157.0311201378
YLLCORNER 5469286.737580188
CELLSIZE 10
NODATA_VALUE -9999
[rows 57 to 75 of 100, columns 0 to 42 of 100]
0.6272572273811123 0.6416430546681047 0.6504721305095054 0.714795225106383 0.7454281144735247 0.7870487716980793 0.7699971640331092 0.7773593057359146 0.7673551543093106 0.7793146150176194 0.8201968262478103 0.7999328883994241 0.8143226476765444 0.8294051641737571 0.7807595252247649 0.8103679808361153 0.797407587730665 0.8549035615770575 0.8039419708419715 0.8175861714361728 0.8417363929531064 0.8374820858470141 0.8623819324251628 0.8359392966013766 0.8491050908609444 0.8875657409738327 0.8791125892268499 0.8805830852569949 0.8285774231922606 0.826740814631145 0.804848336662585 0.7911931330604097 0.7581097337276321 0.7061472273029302 0.7252374301667758 0.7046921550786349 0.699812477866464 0.6758754555211169 0.6764707614393471 0.6765785313445513 0.6769112063770159 0.6819180819439944 0.6610756867923098
0.6175516616696268 0.6749540579957657 0.6602929892977458 0.695489878092613 0.709659275248097 0.74465234788545 0.787695731921825 0.7808926688060293 0.7970659339006392 0.8194471204558955 0.8183462697549904 0.7941572832920929 0.8268420925302773 0.8032679579461138 0.7892674130702985 0.8028073295915721 0.7981294662636336 0.7873536046988873 0.8135612073298325 0.7942370293347928 0.8366180403122522 0.8274809700643155 0.873088933670003 0.8882070234430228 0.8987041430331865 0.8939167193743692 0.8896416386268257 0.842685513267469 0.8102220018011526 0.7845262596844716 0.8235067432863301 0.7851945643223587 0.7221094563057333 0.7303188440073787 0.7065226682119339 0.7157912478872714 0.7073966676700106 0.7103274919876031 0.6980834424275256 0.7116237440851141 0.685493274973815 0.6384485716334524 0.6185003331808802
0.6326007312296688 0.661041005317696 0.6733665182252542 0.7062386363477657 0.729355029013184 0.7152690943690131 0.793565763909183 0.8029586926805351 0.7905972243848983 0.8151920888339237 0.8383255731964177 0.8086012454569503 0.8009370480486926 0.7781566444685707 0.7771014140728894 0.7378614545851523 0.772803243761838 0.7399104413451607 0.7598662366834138 0.7642103479954645 0.7862988595615963 0.853467877366496 0.8484834391736619 0.8564573237719662 0.8821233995394763 0.9307203346977911 0.8669501398421354 0.8560798415328008 0.7932229554694668 0.7830302017002894 0.8165687576398042 0.7737292844840399 0.766759498682691 0.7130699130898474 0.7423565524270719 0.7699910987029029 0.7793788488419302 0.7950518288465366 0.7312886204487712 0.7398914517437225 0.6868487392338442 0.6388640782661459 0.6214070455609915
0.6090910427570532 0.6465334567195694 0.6803021424230246 0.7018513957074494 0.7064521864251015 0.6832255032529162 0.7493707576406573 0.7525947217929249 0.8088796302243128 0.785617574217874 0.7942777178081 0.7676567119715009 0.731808356689001 0.7144030238366755 0.7457516073152508 0.7203509606552797 0.7370391313184764 0.7485788547157417 0.7538635776865537 0.7621239223211654 0.8014024713841975 0.8225626118083026 0.824234749960218 0.85597235687049 0.9036146022086967 0.8880903270858893 0.8780425115726895 0.8721887872422832 0.8308787674005199 0.8127103394663964 0.7967594635183828 0.8150399050166021 0.7850635375682812 0.7848802120696209 0.7603837383837136 0.7888925356629117 0.800697623126061 0.81355040332997 0.772853813202182 0.6984200295557854 0.6393395627906046 0.6458742267575365 0.6064920266987185
0.588101889628916 0.6234761358218761 0.6648391398007534 0.6359718508389187 0.640807692318867 0.6575351910878023 0.7326378811217442 0.7339514722909293 0.7492131512548633 0.7693426032270846 0.7478470870659496 0.7124207804099504 0.7315660437705873 0.709102457455529 0.7064617770948944 0.7282935637226542 0.768560875147361 0.7499100842550704 0.7091778891306417 0.7410188878704008 0.8086220924138471 0.8373172258364453 0.8364564830355262 0.8587819852378592 0.8671131663317229 0.9004110016949278 0.8866574981908901 0.8684240413412029 0.893879433763883 0.8649890441981057 0.8482198588777756 0.8105168559878612 0.8572503600510021 0.8525519481667636 0.8393630167701536 0.8066459344786275 0.8169004899103486 0.7826730816898718 0.7378907979844753 0.6577495455435417 0.6175342899182232 0.6039673289351216 0.6185143285509425
0.5585814488514907 0.5702919907723747 0.6011389853045531 0.597192288943695 0.6245008795512109 0.6444091407965707 0.6758374174638693 0.706112783137517 0.673153711504425 0.7124834352610937 0.6795853537916329 0.7224415490312767 0.6922660826188942 0.7255711850144082 0.7474652522054847 0.7620377277082856 0.7584946130335108 0.7574572763239253 0.7033143609431122 0.7120847767908653 0.7395570728707311 0.7781201606801202 0.8070523635740748 0.8207914829013605 0.8703582530091583 0.8481717994341692 0.8640247074748656 0.8813338528989894 0.8895409943561446 0.8977997436757508 0.8722631979904594 0.8755997539358937 0.8958325763679571 0.8749274339206229 0.8708391524983401 0.8580826764054401 0.8148540230882292 0.7587821149315233 0.7396599721102356 0.6630643664832918 0.6556900399686864 0.5869363190629973 0.6136899741945571
0.5510350958316966 0.5391885494293991 0.5554659154767473 0.5387925026687582 0.595721893536776 0.5703701980302242 0.6312074402530227 0.6218587124222837 0.6605515511094646 0.6445344441765158 0.6734274280895874 0.6889128427478912 0.7429835157402706 0.7645388701840732 0.7388447501726106 0.7238168007896125 0.7575362401397241 0.728978388503406 0.7537279182187262 0.7165358432898659 0.7539750591744022 0.7610295793926186 0.83072451459302 0.8507403578413995 0.8641225999910637 0.8675986980339588 0.8506259953936868 0.8750629487426043 0.8913117506825196 0.9041064484630902 0.8683581571229795 0.898817670437419 0.8720617515784949 0.905100232359683 0.9138096791347958 0.8613945359326484 0.8488950458554794 0.7902828453647865 0.7173918156599994 0.6515386018854514 0.6164252869641403 0.5942786658734126 0.6174128861826809
0.5836734493856213 0.5696636468984891 0.5234769236296096 0.577821344998496 0.5757984832606209 0.5631222541642784 0.5843155130889796 0.6316355617779452 0.6117976309939197 0.6125883327458472 0.64071193199826 0.6840742753501002 0.7223801116756935 0.7459784830262433 0.7625792479389243 0.7562260910605076 0.7487818156211906 0.7265798259978602 0.7643431693926371 0.7400940334407856 0.759053202413803 0.7801066512817467 0.8292826870692342 0.8465254780492744 0.8772062460356724 0.8673003930397065 0.8774241349565804 0.9003812296748983 0.8973330782181076 0.8726273092882173 0.888582082410486 0.9125897612595526 0.8707476475927629 0.9122335468020513 0.8981079448739268 0.8278856363171355 0.8223410353714464 0.7770211216111275 0.7263347856221717 0.6566839759560616 0.6269607354772799 0.6144171029541236 0.6357169084766724
0.5956351967231922 0.5221850838798281 0.5074604050093432 0.5622166766987071 0.5714607897896928 0.5266864095205677 0.5675341813129331 0.6131232285159176 0.6212704293865882 0.6073100602250631 0.646503697566367 0.7247336701115245 0.70247697182128 0.697580469062825 0.7119311547439874 0.7569780047067008 0.724812562700437 0.7764365571617113 0.7638163462364012 0.8008082724567597 0.8260860570691486 0.8632112222138216 0.8444516782187717 0.8697941219443578 0.8906800168563297 0.909523784368618 0.8932363156733091 0.9106373823480758 0.8631287394728923 0.8897216042996321 0.8618700515308078 0.8780579473021698 0.8524787049436222 0.8680670531435236 0.8367287335411038 0.8444640781297137 0.8179397729556024 0.8313361497830412 0.7717104742280461 0.6905668993234965 0.6370495468988662 0.6377176767517402 0.6320743609962084
0.5420291623535188 0.5308148707836458 0.521580903619804 0.5808728186155866 0.5657126222096033 0.5352541431362802 0.5604105814209164 0.5933261208039429 0.589849163342728 0.6090873269131436 0.624895498284041 0.6580545990313079 0.70261362599461 0.6670488820640342 0.7195946711606092 0.6960505866923089 0.6865713099787623 0.6940380716532681 0.7633151371276158 0.7758565790765471 0.8166593845100034 0.8731637952939454 0.8808797406000984 0.8467011029904328 0.852659572354394 0.874997194942618 0.896816086794849 0.8968869220042139 0.8653404340974652 0.8557484576737775 0.8720788826678307 0.8833531730261425 0.9122117721293332 0.8673483815234578 0.8584825427928524 0.8736986029400151 0.8454481314239868 0.838536744176016 0.7765628451128176 0.7113360912796859 0.7063908122450226 0.6453954926748735 0.6605762889603111
0.5611434139601688 0.5478849902581027 0.5669104036751389 0.5739038569654704 0.5672071436621778 0.5156514007946497 0.5135849552725521 0.5467449688362882 0.6262400146912397 0.6452543302631978 0.6289429543046527 0.6293515987531116 0.6771939427692426 0.669046469672241 0.6967908843370694 0.658423829647072 0.6958639330120999 0.6736156685079777 0.7308181634308756 0.7790869534171052 0.8354826615216562 0.8712464280292854 0.8922251004450223 0.8732901510437436 0.8762340686972148 0.8794942733539689 0.8680398618580186 0.8669316171540085 0.8485758148240442 0.8658123175704003 0.8759040385212534 0.8993199164160194 0.9235684198000707 0.8806184389121443 0.8893872722593178 0.8859488827376318 0.8711166947888758 0.7997075077164935 0.8073162379794591 0.7425409401002049 0.7262655940058097 0.6664635612968753 0.6546943310842164
0.5485140746452539 0.5671285299400023 0.5676382763368688 0.5516196410390151 0.5422098769278834 0.5367416215969755 0.5526557701081244 0.5632170244037062 0.6289805749123191 0.6103880586074706 0.6322572923783865 0.6426866117156763 0.6477813319159602 0.6622363202931939 0.6641586842184313 0.6359971160216271 0.6863631959251731 0.7203473313719819 0.7240434390985534 0.7751041807937346 0.8319914306313573 0.8306390204756919 0.8741622474410224 0.8770381919102237 0.8730234359409895 0.9038820390861844 0.9144184131985109 0.8812097646640524 0.8917199801181342 0.8832389419735575 0.8696663927425666 0.883632028245586 0.9073154888405247 0.9130721395293198 0.894469789165693 0.8807663256589474 0.8501515536179154 0.8052861861895624 0.8205817153620619 0.7737762980257519 0.7414460274634993 0.6969748625425785 0.6687451666647253
0.5197481296522191 0.5523732662194155 0.5413252875509387 0.5280477411878213 0.5051901508240301 0.5136806856390576 0.5300228228373814 0.5621809205052373 0.5996931296573728 0.6479513954170462 0.6870106016109083 0.6744866472583071 0.6564055538879016 0.6150775399828807 0.6474205667319208 0.6173938303145234 0.6927044291545809 0.7320088481688266 0.6953497048236665 0.7273733134891548 0.8148105884367433 0.8438091377442501 0.9020557648072952 0.9236792533585436 0.8988211268866153 0.9245245578346202 0.8837444951848841 0.8784089973995665 0.9264289907119142 0.9100541951640962 0.9082392708454563 0.8590190999912543 0.8796846978022806 0.8951512633832387 0.8788168469999844 0.8538075922065552 0.8573557553438644 0.8241324406141655 0.8133078511877404 0.8014991855458908 0.7571101292424517 0.7350503405678097 0.6882108728428946
0.5406939812262463 0.5546561016185995 0.5475941437468682 0.5641590488771198 0.542846655317408 0.5768370706676139 0.6107508561642332 0.599265274502038 0.608239460811194 0.6437449624356774 0.676457996336178 0.6709886449182252 0.6400611284623557 0.5918747607694739 0.6149846234305475 0.6212525145357263 0.6646229250002345 0.6725902308994547 0.7120964748928109 0.7614467237019835 0.8255736286128131 0.8439562864394239 0.9010062782645838 0.9063065177378721 0.9370142112834072 0.9539492216282338 0.9008644938469105 0.9342897475337686 0.9135645381424526 0.8931921580032331 0.927314037424623 0.9051206933080393 0.9109151686707391 0.9476550080602194 0.8957913076150373 0.8834899994444338 0.8745651648621728 0.8332494639052879 0.8277346856971393 0.7778328146683893 0.7292458179934995 0.6821259490204551 0.6565345791793935
0.5752768741518474 0.5220201958842652 0.5316195308995845 0.5793373752950051 0.5461593350964663 0.6098380655961265 0.6103748059746937 0.651548588818273 0.6434407813896947 0.6561467700922472 0.6850794614178415 0.6882876806039466 0.6531948537213963 0.6139822388043534 0.6742899729541006 0.6569479120792724 0.688090223982906 0.7030281450562174 0.7105003303435561 0.7937285047141318 0.8042789011687409 0.815993519463204 0.8960324759489452 0.9356554981883431 0.9315317644814589 0.9850036745815022 0.9566403435977588 0.9264863090584619 0.9107465091851662 0.9220249001910222 0.9193026722255363 0.9065677469947626 0.8900662993707945 0.9652881322029555 0.9052330505467128 0.9239360733904939 0.8774535332687078 0.8661022773973321 0.8026382656566173 0.794173543442995 0.7515868256377153 0.7036677392735562 0.6914964923441208
0.5665187462712188 0.5581855513326432 0.5349654928302913 0.5438885957947621 0.569140574877595 0.642448697815443 0.6551025482005626 0.6446048089931284 0.6547038936293839 0.6378230720274116 0.6571488862695497 0.704050221790339 0.6997683519177259 0.6940170800275309 0.6926456027271078 0.6818261985960496 0.742611763038735 0.7656681344636476 0.7498061312526998 0.7626847225517998 0.7868613875042441 0.8359477617899975 0.8308459736830451 0.8647525413990206 0.9443318254320446 0.9508356649705831 0.9142276443033728 0.9114417039126969 0.8998892294712465 0.8884417145904853 0.9086849353982278 0.90880463083964 0.8948368139179059 0.8850443470762461 0.8753923400793939 0.8565706618171897 0.8356691156782741 0.8459462555194851 0.8017298548318728 0.7924677053885936 0.7376650930032209 0.6753508531441362 0.6675940998653594
0.5947132822784983 0.5814602489087985 0.590671864732532 0.5782437145559982 0.6066802873701566 0.6156968954709146 0.6814178156802707 0.7002134792064107 0.665079856257549 0.696651096820144 0.7037780641397159 0.6662803672871902 0.7006793063547724 0.7315453088438363 0.6930053616441011 0.7381234644871539 0.7735597952755602 0.7494729338243712 0.7774821273940675 0.7368674838489921 0.759615258687488 0.8223691176861984 0.834860905446038 0.8616438827052281 0.8755990609161649 0.9166633140007241 0.8873058317724467 0.8619575635624632 0.864268890706967 0.8974566018670775 0.8890291552166258 0.8688062920980287 0.8824127056354484 0.8494772076112634 0.820966459836686 0.8328933374939835 0.8356289397279362 0.7934235408068788 0.7722330163183856 0.7820628719844746 0.7155655550232275 0.6795550610883716 0.6381315919190866
0.5940664381712898 0.5780042722685854 0.570173454977428 0.6192764679612087 0.5851585777115438 0.650332609140714 0.6652395781844891 0.6992049329084398 0.7036966630075774 0.7312851194671918 0.7183221777079929 0.6842394333577978 0.7398232748589951 0.728691180647025 0.7239334749308268 0.714396648502723 0.7545894161468736 0.7562084320366084 0.7600676964595252 0.7644077989660315 0.7575691033586723 0.8115962280470486 0.8441235520092792 0.8233222614213335 0.8647282685427841 0.822221690494766 0.8141971855069592 0.859618226188455 0.8395679483677289 0.8416578364286701 0.8337790114158579 0.8350358427775031 0.8349835365288711 0.8065750312653327 0.8205635706400028 0.7778878719272843 0.7744385864883887 0.7535505150925005 0.737716612840649 0.7373413157338368 0.6771868570579729 0.6664302444368623 0.6566414273983242
0.6115414244964066 0.6150838096276992 0.592059185662844 0.624288286888983 0.6570483750185392 0.6140729217831423 0.675642543482177 0.6632215013637971 0.7224343242561759 0.7571711002812206 0.7146942054026274 0.7303925425712942 0.760206866712248 0.7521334127140773 0.7160114333900618 0.7215633735043414 0.722907803723166 0.7291071782818663 0.7651517909150668 0.7435291429609707 0.7516218601140978 0.8136223465202042 0.8052453738855286 0.8029446898649236 0.7951541860605214 0.7845763132426289 0.7685430010759556 0.8122743430625246 0.7893222171149396 0.739919551087336 0.7941131361464522 0.7909100152216741 0.7848394852034704 0.7914544163689606 0.8214506588625938 0.770180852170049 0.7591145782239036 0.7986157882504934 0.7317711594954408 0.6704217269315816 0.6422339802679886 0.5999382764792037 0.5973618611767775
