Raster_benchmarking/continuous/raster-65.asc
NCOLS 100
NROWS 100
XLLCORNER 1743154.3692900073
YLLCORNER 5469291.468112804
CELLSIZE 10
NODATA_VALUE -9999
[rows 38 to 56 of 100, columns 43 to 85 of 100]
0.48313701555821303 0.44208095180178186 0.43589958914936716 0.4714860092100478 0.4290782422892056 0.3800523571485174 0.35159547703871735 0.34347892696797694 0.35006733957199426 0.3595451819166015 0.3323204796437541 0.309565796267463 0.3249176938757507 0.328269858300613 0.36252942296870383 0.4589511215982283 0.43858639734788646 0.41362645664458486 0.41425782642556047 0.4382400881417909 0.4619156560176004 0.44621935177694416 0.40598775909170476 0.4507114174184343 0.49112885174845816 0.5028401174120031 0.4971667488776168 0.4514152548855177 0.470524913058473 0.5135907109472987 0.5092907421189379 0.5536642021474601 0.5395560852895485 0.5289828881181694 0.533109232534775 0.5273954404169484 0.5133129219138629 0.5107820428763782 0.5568113622418531 0.5752480133979879 0.5818598110155517 0.5750572051306111 0.5667977048589494
0.4638601446697325 0.45428928330259855 0.4596519784326981 0.4203754117996529 0.4213811136791744 0.3844735520119252 0.3623436404034028 0.3761404888487718 0.33689461155522865 0.32315978450939153 0.35346622474377626 0.30663280520865316 0.31949485374256353 0.3226741518198927 0.38006003217043166 0.39400856931408174 0.42771333475089424 0.43445033839623265 0.4517846223191563 0.4601093197014984 0.43172952331282977 0.39484613437692717 0.3992243222016376 0.4451651364179697 0.4555541230458259 0.47292756755997 0.4972070631771563 0.49914265851208595 0.47499697647076145 0.5228398542170472 0.5173689130128618 0.5472323290422917 0.5457577976358458 0.5384461229029959 0.5092292900369466 0.5244230752424052 0.5265810375419681 0.5128215812047401 0.5471469719684493 0.5680880583565117 0.5617104479951047 0.5305909105820972 0.5609460806324756
0.49508307301761983 0.47964593907544756 0.45256714788457164 0.4324770208569541 0.40258910177778423 0.42895995662137154 0.40351399453318365 0.3557228456425566 0.33972847082374175 0.3480542462833554 0.32883522937043985 0.3369579703306397 0.30260335583239983 0.3463319495186417 0.3823381107496116 0.3888833534238947 0.4210325731646394 0.4130029409605422 0.42554425181888145 0.44972295769150117 0.43363959253792145 0.3934756417347965 0.39462564516093696 0.4059183958682113 0.46054268594825415 0.4841324563710202 0.46484166266932136 0.48987265541648156 0.5033327887152952 0.5153356158969965 0.48971062459467113 0.5225009989142811 0.48962762121229503 0.49256642494547026 0.4942669495480083 0.5055606583454456 0.5222129411111107 0.48390001735860644 0.5224553233271231 0.5637994354822182 0.5378168174915461 0.5307129665401524 0.556117655446854
0.4737926883402882 0.43844864055079713 0.42898425092960746 0.4287091596307984 0.4157506876953283 0.4023378642382889 0.4220475583452397 0.3935170445480051 0.3713809513781764 0.3348049649448653 0.3430781712585706 0.32101412965281767 0.313339989875822 0.31711177842434235 0.3379771575728225 0.3459534921220794 0.4085728252571455 0.40233876516270833 0.41739848557384635 0.39365758895534564 0.392983442814496 0.37638266133353854 0.3834148380534974 0.41867528405677895 0.43497685581792245 0.4712932803440097 0.48335423707951924 0.49141473112911993 0.4767986666848962 0.4588827804393814 0.47724905538117657 0.45911560494099823 0.4691401426570473 0.4556561714419941 0.4881154098037777 0.4601789502121139 0.4900730061717848 0.5080166868916092 0.4968551807505846 0.5545735864366679 0.5386164279326819 0.5213102484143655 0.516125358410926
0.4631521453173808 0.4583860818114256 0.4226834625234734 0.43644401023966817 0.44824240067697785 0.42862603757102313 0.44768682917641245 0.44199886692498036 0.3969220214854467 0.35722787022870467 0.3778641669569992 0.33852281892876457 0.3531862666601139 0.3234984562296154 0.33018519178294814 0.35164005984018587 0.39229119701753085 0.37879310183192055 0.4080237029943095 0.3882540379013442 0.4209024998890543 0.41691574008453336 0.41767700191884927 0.4213709145045654 0.4506306666592107 0.44194241688919733 0.4886803050418696 0.4771645680250688 0.4808566025232311 0.44614774634010596 0.46220438967697697 0.42666983085899124 0.46214216024908894 0.45132853888201485 0.4438287468909224 0.4533139707715597 0.4793005449257878 0.5102355070117113 0.4935933771077773 0.5338288836966036 0.546094054194801 0.5437826138212516 0.5134619060659613
0.44434199563425525 0.4271222902078023 0.4653571230561388 0.4438398202363867 0.47141474905009595 0.45912329940242597 0.4620873429121447 0.4336835052519803 0.4384770393405896 0.42273918337766725 0.38398291019958697 0.3828010890807952 0.3637458702957968 0.3521778278118066 0.3135365203455777 0.3368819038632021 0.36108068776677316 0.33282941153975026 0.3650326464784772 0.3609465444124886 0.3829034694784628 0.42395239301674426 0.4009704261308216 0.4303253140139011 0.46191156217586593 0.45439567726220914 0.4575677755561878 0.47707798675505925 0.47144824663281093 0.44894524963362775 0.4531167121553179 0.4156076475332835 0.43442748647219265 0.46841712953886455 0.4648559781326344 0.49343593527873403 0.498259948284416 0.5201056823484218 0.508104323095325 0.5186899160254367 0.541234742022269 0.52617491943379 0.5169767168995794
0.437341001163231 0.4386547730099932 0.46132109790053616 0.44284116954605174 0.4698646185332746 0.4769451186602868 0.4914518743829819 0.4600708980562054 0.4566324076786291 0.43365334502038627 0.43862352372028957 0.40257447983126043 0.38084122921099306 0.3519279302866997 0.33489315886859117 0.3303330548536699 0.33298950876583533 0.3250993617054307 0.33340561146693554 0.33944281527732784 0.36756029572218524 0.4100420063851343 0.39718847003433755 0.40367002998985596 0.48508388514678924 0.49811787957829146 0.45604235565811474 0.4587993647123543 0.48014078569541885 0.4526007866307479 0.4318395191389103 0.4359665247073793 0.4344987321160437 0.45100070236657397 0.49329211513393034 0.513378763543909 0.48062199605171174 0.4712228038587688 0.49794854109823555 0.5113826526427699 0.5141592801189757 0.5033822121518758 0.49583206775146954
0.4705945908110427 0.46099884778495237 0.4726980527714692 0.47572058068504575 0.485637146255751 0.4941861065218298 0.4888770516391814 0.46536437502802974 0.46008635323927227 0.43252343553633416 0.4484447413387172 0.40747700505658 0.40108508578016694 0.35566957463055704 0.32884174889683465 0.33870566615622255 0.34698905541604497 0.3356883140263739 0.3403911427758037 0.3376962228826838 0.3651106041039848 0.4149062882601197 0.42738408034855396 0.4099382029262829 0.48142067384844484 0.46548181328821625 0.4685452190272261 0.5031700961649687 0.4926590184010064 0.45234908270686597 0.45067961499746995 0.45074608882437645 0.4325758038501375 0.4496699390312763 0.48357794888765787 0.48023705878463496 0.4852670137065618 0.45749938514655836 0.4719915069581091 0.46225140092270117 0.5049680040297988 0.5311980984642446 0.5217705412746335
0.4913010393016676 0.5017232501224015 0.5005351835645504 0.4623347494972892 0.5080249099955929 0.5043289762410192 0.4840845386455566 0.4677185328289432 0.4350759089780635 0.4486634541938189 0.4161107230965147 0.4058439664640227 0.42210335556752726 0.39354060556764103 0.3467266919083861 0.3115154093507089 0.33127548513179894 0.33159594394862635 0.3198168753537918 0.36529189992820804 0.355684880539885 0.3876089194245712 0.4074845810434275 0.42687685861489644 0.5043855482444178 0.5030997814052538 0.5132781472224514 0.4909580555988529 0.5093216669623001 0.4987061403370565 0.48122844576001333 0.4563429445590071 0.45252716842700313 0.4764474936413432 0.5012841706753938 0.5281828642138588 0.4836186781403234 0.4845408103850982 0.4903545342714764 0.45585613145119674 0.46204411709482435 0.488182639445797 0.5109942375828841
0.5390323835518308 0.49454190762255307 0.4756794480828743 0.4693787910444824 0.47567073421643297 0.5231622071735751 0.5101742527184951 0.5073491815298948 0.45561752171105857 0.44344985844263807 0.39774389735646387 0.37326511633115483 0.39007972443232 0.3478769949594221 0.36168336758057795 0.34407233568059686 0.31542047752130276 0.3322756315670373 0.3362374902614489 0.36370003332270723 0.399774221631973 0.42813300761104556 0.4751362050953522 0.46421555667579245 0.514212282062035 0.5480484217796813 0.5502758871381739 0.5431680561806098 0.5428455801353803 0.4961994877058113 0.48957178940834084 0.529445654375136 0.5372503948234464 0.5068384634226938 0.537495785240537 0.5008542362760413 0.48249314798311005 0.45786299838983135 0.4855612358147012 0.46356458341498685 0.4930695589657868 0.511898917261229 0.538337738925952
0.5249750808442611 0.4982610740723745 0.5086373875440817 0.5161856677328568 0.4754803056281672 0.5036862434765272 0.5076563606824057 0.4912807620760848 0.4818170811936226 0.4185182334078655 0.4147067329003416 0.37413031072900366 0.41084977395867434 0.3523906680418386 0.3827620231907336 0.3751559129418822 0.32905721638441765 0.3313305780000614 0.3628969638020742 0.41329018241834053 0.4485607255924551 0.4533617310501192 0.47394425998612605 0.5368067512099249 0.5712858340812232 0.558849230381793 0.579476583199317 0.5743568037626247 0.5919938287131731 0.5444196353660714 0.5585653794089315 0.5597050095821957 0.5764540106425923 0.5578131617710429 0.5595810705261209 0.5326611624145374 0.5136130016597116 0.4820589640719259 0.4955381967182196 0.5135077417280861 0.5298196037651888 0.5368990651174688 0.5415270457837542
0.5591483779694856 0.5287253079557781 0.5091551610015085 0.5132452023929173 0.5078099803473893 0.5081963531422244 0.5206070810062245 0.4757430785476677 0.4838106799969842 0.4465014001725837 0.40501727384564074 0.42993200688812033 0.436005023460388 0.39199073413443924 0.3614723658492094 0.34881411121251327 0.3403519022149571 0.3459111030220359 0.4019761195725265 0.4211671583114901 0.47611032485688254 0.508816532259863 0.5082307010657369 0.562070081875227 0.5905965594681873 0.6170391189474687 0.611936761772672 0.636750525642457 0.6081861274597199 0.5740942529045189 0.5509808401375068 0.5721865650809435 0.560156941572512 0.5664287876209672 0.5926678735991223 0.5326076735686751 0.5149207736309175 0.50246244219447 0.48883903189903827 0.5130583936020706 0.5558240934410025 0.5675573296185625 0.5208938302022628
0.5898386168694916 0.585246320496073 0.5061947890826828 0.4947820691172555 0.48015502098478696 0.5049982977659627 0.5005178999288148 0.48137571664141404 0.4885425504023948 0.44332814294546724 0.45768271524844434 0.4861013703806918 0.4601846173662451 0.4271957795597372 0.37967837496449536 0.3613593106080266 0.3514313501707456 0.36900424647422514 0.4270379297995535 0.4566571537103719 0.44549389305808557 0.49741114134296577 0.5146397849504919 0.5550556418736451 0.5742271075392417 0.6224596033837897 0.610506849673806 0.6489339965148567 0.62552698648781 0.5675531635244406 0.582948511589739 0.5843236492702231 0.5711597876528646 0.5995002663649748 0.592739954924062 0.5754224337113903 0.5395546452213074 0.4920115061643693 0.4935757697570603 0.5233771181239549 0.5302252164596991 0.5736933803086254 0.5423483570534374
0.5561282173894967 0.5388157441084743 0.5260895601722562 0.508078090055629 0.5104775805829203 0.4913943504235715 0.5145421699082394 0.5010441293423217 0.4394638632673825 0.4658175701561773 0.4441027803152447 0.4571824002106368 0.45568523534987687 0.43383116100063707 0.4059628712109165 0.3854545882724932 0.37063616357012774 0.36702554011097466 0.40471994705777475 0.4459444127639083 0.4380659658017377 0.4608974803847135 0.5296796361999908 0.5339298106689199 0.5997998182441443 0.6336677754541697 0.6228086691702008 0.6239805559008818 0.60208824336291 0.5834645438901973 0.625590377433305 0.6238403958388877 0.5966030895772688 0.5798352276514748 0.5802126320631411 0.5736443608829195 0.5676000163152204 0.5169072478292757 0.503856972846689 0.5287588364140215 0.5403150433452646 0.5767446991912116 0.535587669738722
0.5600414810970641 0.5659480393683788 0.5618873610866185 0.49614673228754436 0.5000055659796688 0.5228013509756597 0.5308191932775457 0.4703886869751385 0.46523165650006054 0.46004666994470883 0.4208585610691323 0.427058487137664 0.4144602144324733 0.40996292143274793 0.36651185907248945 0.339471557696893 0.35677340042327516 0.3874740717633831 0.4232224080816675 0.4141236961108415 0.4636688556517336 0.4784163928299936 0.5039366470095157 0.4951560257307077 0.583689013506584 0.6224422537303023 0.61880259667435 0.6417497821881277 0.6442036284966504 0.6301887403937504 0.6497826498465148 0.6503985996321714 0.6034050615316718 0.6105419076860082 0.5934186060708888 0.608177009322806 0.5951512420502136 0.5577347127499589 0.5290515296470141 0.5195398474773449 0.5680301084246557 0.568522508963912 0.5314142977524701
0.5139510379234539 0.5242701695692186 0.5609619053996381 0.5401060088328664 0.5184364508242537 0.5453446261418038 0.5198410573128073 0.49356065121985876 0.48007921556182676 0.4516624418851026 0.4554680381488926 0.4468044491358353 0.41077748720215196 0.432797858992687 0.3862818971657255 0.36831443756194776 0.3904545847883154 0.3900134053977503 0.39615156346921515 0.43577959990336934 0.417886632069607 0.47218630876815926 0.4787843655443759 0.4935812099091167 0.5210656517479402 0.5916709976414982 0.6394667244581412 0.6351565658993173 0.6671769729709334 0.6272452509053403 0.6192165144063507 0.6402459103716869 0.6360248209361768 0.6210807447337733 0.6080563144494252 0.5872461831173122 0.5664516152241316 0.5515601693391498 0.5150526670959877 0.520522986218876 0.5677427474160975 0.5381485984899821 0.54518748283366
0.5154473593876574 0.5211412752129378 0.5203513428790446 0.5706314223235771 0.5357080957277531 0.562464347479181 0.5145635507285968 0.49051509872811294 0.46173352186534916 0.5001179906938911 0.44876151414698373 0.40683221855042007 0.4526081783901659 0.44693866881229166 0.430176359503692 0.37164291817031303 0.39962224593850865 0.4458666454110531 0.42661197417375085 0.420702990128355 0.43106964203184817 0.4135167598219736 0.46364651470706025 0.4848165256441468 0.5453624005710085 0.5662583051700256 0.6279647377444784 0.6889406745999022 0.666064277138641 0.6356888273098907 0.6214524814637442 0.6166763616372601 0.6245165679540515 0.6385607249492995 0.608900027959217 0.5679831743596376 0.5343095583575888 0.5208527282210242 0.5226721442473037 0.5485033083308437 0.550819076723337 0.5601764326167396 0.5333086132934202
0.51595529384106 0.5109815203041146 0.5257243589308762 0.5316646047919477 0.558871537503657 0.561635902081465 0.5379839061550777 0.4682168988476237 0.4759820018649218 0.49382130517263206 0.4599038277379856 0.4587515802997703 0.4478265127544601 0.4456156290370488 0.42907109382662106 0.40429485740359755 0.4569035965756656 0.4779360388199484 0.4603584985049182 0.4439340409142279 0.410636459066042 0.4625234063943502 0.4784080890368496 0.49632945776886855 0.5098194846389429 0.5718520517107161 0.617268712311163 0.6575561071046513 0.6657300250907751 0.6682264943228557 0.6371261370483363 0.640128379843304 0.6158859916279448 0.5894212642415122 0.5906412211565604 0.556213445467178 0.5692726595092115 0.5455562991829853 0.5446148083745745 0.5512301226487806 0.5882093899765716 0.5870853711784394 0.5535978338957273
0.4960268786025887 0.5242404071037653 0.5308587439879219 0.5365988165351707 0.5298165633221065 0.5369219196837735 0.509573960282344 0.4754832694390329 0.4888468167201326 0.4947352068667282 0.44809629488756736 0.42585845086029844 0.474333390820427 0.43104998184733245 0.4171332801789217 0.4499894133233748 0.4364268310643477 0.46005815069800654 0.4538199131988593 0.4252719665926979 0.4302144766484186 0.4487744601114196 0.494717132735914 0.514524975756523 0.5095314204137459 0.5616112730541949 0.6367873692842805 0.6974486034940344 0.6545723123482251 0.6716232604693292 0.6459511734413907 0.6448176991118046 0.5988719088646569 0.597722548826819 0.6180139889396175 0.5905658426366307 0.549817141393198 0.5723104135372066 0.5808132457290078 0.6093537675179794 0.5962672670188116 0.5926801977753363 0.541632255444105
