Raster_benchmarking/continuous/raster-55.asc
NCOLS 100
NROWS 100
XLLCORNER 1743155.27195708
YLLCORNER 5469278.656963811
CELLSIZE 10
NODATA_VALUE -9999
[rows 57 to 75 of 100, columns 43 to 85 of 100]
0.49229772722198584 0.5132073324075213 0.5180710683055159 0.4648981143764898 0.41724384481289756 0.41631534981371066 0.3818703954123265 0.42297215443749897 0.4764698716550568 0.5076069272033987 0.4725666453231822 0.46440906790974446 0.4758883481361334 0.4842762370604918 0.4969364789419553 0.5275948163417115 0.4907467898553772 0.4974122406393875 0.4998177397213566 0.5226184528158588 0.5606955136832011 0.5873628720439332 0.6406396454457675 0.6599189665458072 0.6431713337738434 0.6749378634527131 0.711383052822792 0.7341508279884643 0.7199327045024378 0.7833693901072614 0.7691625914969863 0.8414687206804592 0.8404123171536896 0.8275225670934141 0.8256667315204816 0.8714479627271521 0.859829878121758 0.8005646405809553 0.8011782500612699 0.8074387425600268 0.7545798422455985 0.7607805231498722 0.7635823414245133
0.4946586952979864 0.4721853365022705 0.4585532746219613 0.4704126130257822 0.42995391513045955 0.37831643054839953 0.3892385668528636 0.37153632855941665 0.4392017515718168 0.5018229798537245 0.47448823860973294 0.4438633767904167 0.4567758540291087 0.45193261939974266 0.4969754012289309 0.501286530446994 0.5368038166798722 0.5421321981058906 0.534103523546955 0.497141803844224 0.5425039008316166 0.5848188055977247 0.6114178175757528 0.5974383296033152 0.636896173678538 0.7117778395565042 0.7325373754506588 0.705362969619618 0.7545662750167279 0.7953998454717787 0.7949467035218869 0.8506620038856771 0.8254657423410997 0.81884512096024 0.8083020727833309 0.8654544505758898 0.8054551351122238 0.7799701579665158 0.785712056131778 0.8095747642128998 0.7827336132876421 0.7755291200484169 0.7800700760559016
0.4526978580427358 0.43751168121137285 0.4360915734401089 0.4157771465838458 0.42144985702018495 0.3791499674828491 0.3704435867782537 0.399207064642077 0.4203085743450733 0.4638915535256794 0.4710356745032661 0.44569623192367147 0.4595661517588307 0.42925562318446175 0.450305649000941 0.4732674418429581 0.4993343305356766 0.48324892472128805 0.4947810819387299 0.47993775207552103 0.5150227507114584 0.5442886928193839 0.5428069006524432 0.586384862383175 0.6032101771097982 0.667790493456832 0.6993474946958654 0.7028662816351894 0.7516901746617717 0.7629409312316895 0.7651459100671556 0.8375984085732842 0.815031069931485 0.8104753876433562 0.8056273669129199 0.8108313829899415 0.8169675338390633 0.808170015409306 0.8066964615972382 0.8126317828072139 0.834197917595513 0.7818664373499891 0.7693725156370944
0.4554029863669265 0.4281642666778554 0.4254104255588143 0.3985898771101168 0.36972653475476935 0.35531231801138013 0.37111250728229306 0.37943979303860526 0.4180547667961053 0.4435424068978774 0.45881692112278605 0.46674274433162805 0.4604686876583246 0.4024462353791896 0.4240218867353996 0.46431522912634354 0.4768910741349282 0.43957998024425976 0.46392922980646345 0.47362679046217404 0.46305895279128256 0.47267679341972424 0.5391133450219636 0.543784846847773 0.601195534496787 0.588577618944385 0.632663996556595 0.6809178453197642 0.6988455783601752 0.7181640362474746 0.7717648364949311 0.8054684679058551 0.8204378866086425 0.802027190345078 0.8049819951243464 0.8426103028444915 0.8294240639741907 0.8464353847711961 0.8272450769248005 0.8373659569124852 0.7999559042416445 0.801597550495958 0.7756695100380544
0.46185050823664925 0.43008461178573504 0.4194077848136432 0.43853056934105245 0.38143729543160243 0.3443646986774867 0.3955023271107244 0.412681745499085 0.4439772239877153 0.41544697863593755 0.44382424884146465 0.4286048292544171 0.4400412982604379 0.4229079950877159 0.4019347808097567 0.41584340747894266 0.3887211659501314 0.37671414699967243 0.397699245386796 0.4158026761627808 0.466627925511024 0.47307511601185254 0.5296011005931098 0.5320028091491107 0.5740066988890694 0.6095416177802987 0.6154318700588259 0.666786013101988 0.7234449642348386 0.7198912846729755 0.7295980245779021 0.796978093814212 0.8028833377105307 0.7899393204524836 0.8169602876773011 0.8542341169709612 0.8165767568320916 0.8422599176669533 0.8653391443777249 0.8113698207765715 0.7988997962647457 0.8176007785763704 0.8019460887333019
0.4583859358808335 0.4291388316431926 0.4176230082402654 0.44981062667833727 0.3903378115033971 0.3565936655381497 0.3738387090858524 0.3907481612658379 0.42904015583197613 0.4445505580510139 0.4636865684016029 0.47995601365257495 0.43251538768125053 0.3965300298629616 0.398387262464451 0.4084301106448472 0.3988342965133779 0.35747358599001333 0.3551130455409378 0.3828386709568939 0.4048106848292529 0.43783885990855026 0.5030289230561165 0.5467409742396179 0.5526874373885846 0.5904907175896452 0.5988960592661484 0.6836865044058191 0.7255189543576963 0.7321427909727688 0.7409570590800912 0.7526745888706475 0.7853772133672359 0.845328504597235 0.8463037664458323 0.853876924512909 0.8137804831290623 0.8343075158606003 0.8270914113697619 0.8379184022814092 0.8065386648919455 0.8017751746391131 0.7819846753323517
0.4898332179798439 0.4874140811295444 0.45792761699497075 0.4373614771783694 0.44122079565571404 0.4038559803943935 0.4226259028494353 0.40875854120960364 0.416563027887454 0.4508653328870798 0.4925094166444896 0.4877393373100453 0.44331009565632445 0.437022915643793 0.42152981158966335 0.4145441237823331 0.3867634591784308 0.3970146998484109 0.39355583519382803 0.3835059047974239 0.39794154479782384 0.4450734855157141 0.48397056779735753 0.5380004001326819 0.5583099980450944 0.5633754389659108 0.6224023809760499 0.6501937696049112 0.6711684992180811 0.7191791994941317 0.7517133436491886 0.7469766705696591 0.8077240681926584 0.8145622782229883 0.8254631965406442 0.8217941676198455 0.837725083873672 0.851358758956246 0.8101546500544651 0.8004865755466215 0.8376530620014088 0.7874356491694712 0.803599416168214
0.49133966017752506 0.49802208859223224 0.4880531277469707 0.4851246903669739 0.4794607424542848 0.4657863409971052 0.4417452239838526 0.44218651783343793 0.4709310502114372 0.5073635140148108 0.47938696308616674 0.49733690681794096 0.4465583218452397 0.4306070652326791 0.40311667826736663 0.41812739390812104 0.406734838837584 0.3624759450465058 0.3654539441917382 0.39769950445331526 0.3999261122961681 0.39884661431401364 0.43948844283291755 0.49183783274604836 0.5171709573647453 0.5701661420105248 0.6230989376847432 0.6523084831727507 0.6631083301509236 0.6862303279386042 0.719627159606735 0.7692014723578957 0.7780098350494791 0.8495338560407112 0.8556485488650063 0.8333123494204543 0.8335719801841286 0.8140727542346151 0.7932422335580387 0.8305605154814458 0.8458328168083568 0.8060731473882982 0.7995071856061063
0.5041954244686772 0.5186841600413622 0.49979549230279285 0.5067677078810927 0.46591518819988925 0.500725948003986 0.49888228561898673 0.48489379410739186 0.5069219620114431 0.550673533899364 0.5225229323948104 0.48866949528473647 0.45420670907093036 0.4223137793899646 0.4006658492022463 0.43719042078380665 0.39932947710729827 0.36746932058609105 0.4011661115022794 0.40428441207076743 0.39509475102833863 0.40092854793929306 0.43444782894533635 0.4550606567344263 0.5109511976017307 0.5294987448381495 0.6023104952550149 0.6532846403638958 0.7017656833236405 0.7421686863749193 0.7333682526533537 0.7215092967327071 0.7685053441739682 0.8248839386375327 0.8318864829019872 0.7876093603389597 0.7885060161598884 0.814809315998996 0.8185530831795516 0.8455087257081164 0.8259887844020795 0.8158670901810275 0.7969788462888067
0.4898709619839717 0.5082891041912241 0.5241274639230896 0.4938479292324949 0.5184693019107435 0.5198114794885289 0.5115305122213403 0.5545262381661498 0.5557160248792387 0.5512916685782732 0.5254050729739559 0.4818774254706917 0.47662015735508073 0.41858722035375673 0.43979465801947437 0.4240702902664003 0.42158483440971417 0.38039813919800153 0.3611086028918603 0.36237721815316515 0.34637627634770213 0.34144983644016574 0.4224893129109164 0.4586362085422234 0.5095184544382804 0.49867052567752285 0.5805778913664997 0.6613169556385199 0.7345371703996295 0.7662529400504962 0.7332593781300033 0.7287842930316646 0.7642354553584906 0.7858970419992131 0.7846700664686049 0.7822769070992925 0.772739645560041 0.7646623291183663 0.7870281554437359 0.8035477064515785 0.8002080952818192 0.7580210162492604 0.8101111938501416
0.517482768280152 0.4915641876443826 0.5319384797321408 0.5375715623223907 0.5803466507031898 0.5877400722229942 0.5318664311827063 0.5820857117633185 0.5745295800853275 0.5371256814237821 0.535966289682156 0.49607847193990195 0.4879105703604028 0.4631435726712192 0.42306355933298495 0.4503903854171918 0.41883957202508343 0.41697677000459604 0.38602672807029365 0.39825245165604795 0.3567480894031967 0.3976476742408433 0.43722588947464835 0.47725999454805124 0.5037467056888176 0.5295572014435866 0.6174062060768134 0.6530243351393161 0.7388412169205082 0.7311708259857216 0.7427181573041827 0.7320340218718951 0.7539259156132215 0.7992278425437229 0.7796085449752032 0.7547997032609111 0.7318873846281098 0.7537950918862666 0.7538014409428537 0.7744950925398612 0.7904829259811103 0.7863892380466448 0.8471960989876509
0.5466254877692859 0.5271477590791296 0.5770736883078149 0.5992696391427313 0.5832214108021335 0.6085442309974626 0.6034036583607043 0.5525982243891375 0.5633591884879378 0.5327796153262634 0.5071734862881808 0.48496530336370375 0.46611552923277505 0.4535005269465014 0.44523582496381925 0.4626141738386029 0.42065216417339385 0.365256943743137 0.38691385465261285 0.381624431699665 0.380167278192087 0.3931277066781623 0.3920407578419841 0.4518092124986152 0.47515173504091074 0.5609813599693563 0.6485601375340091 0.6665616327195535 0.6985317415138305 0.771678659167098 0.7596305127097512 0.7339729124924284 0.7677375709805678 0.7652375529750107 0.7711863697662826 0.7160667481102138 0.7167639306833088 0.7216649475008388 0.7500775909107262 0.7811540682575978 0.8122396497372644 0.8088250045236102 0.8689220919988188
0.5996934033861366 0.5967625986325283 0.604795969789113 0.6189039374798289 0.5965671936286568 0.5891747641137373 0.6065248325447887 0.5551807795960875 0.562858472566282 0.5216930976686792 0.544255166351612 0.5355874960549267 0.487828082871529 0.48628723955763953 0.48591439642757983 0.47303774084919187 0.44343217505777044 0.38794049013676335 0.3787518246713378 0.33822665799753643 0.35337584187279547 0.3846814713443526 0.40013486990867525 0.44131363838746457 0.49265229225231427 0.6009294455915114 0.6327667681587185 0.6538539265678489 0.6841161476799641 0.7443880656536679 0.745925298409691 0.7136173559714115 0.7387837904822451 0.7398247355219482 0.7580724414746253 0.7065497880941856 0.7265696912118742 0.7335706441289381 0.7341220203000262 0.7633540696470829 0.7512349950689263 0.8075288640300597 0.8490752678836462
0.5873734039449727 0.6256995410889964 0.6264926309395793 0.5884827383173103 0.6286262738353677 0.5958013494400567 0.6007661157835948 0.5862958970246795 0.5559982151039085 0.5496535420500674 0.5735868640865859 0.5720200403065513 0.5440079550136706 0.5594896324425958 0.5050203414209664 0.4305670764321986 0.4289158880732937 0.4046862218409867 0.3815170495073918 0.3574285984662391 0.387525350110649 0.33404723156837696 0.3919252640132795 0.4148106085019336 0.49369168104457745 0.6050660629838741 0.6306370465389518 0.677044418060725 0.6833598697139405 0.7213389013701156 0.7256969387615111 0.7255651109356335 0.7304190160984464 0.7642740682573689 0.7151963897541352 0.6798476342486108 0.720008895041359 0.7029802975027774 0.7275202405117086 0.7549163460092172 0.7496293351077817 0.7741752147252609 0.825358670621687
0.6172154491900866 0.6293201469107261 0.6368346740476413 0.6345247719450873 0.6399543897117121 0.6336670862451729 0.6292146733511773 0.5862561148192037 0.5856018122724307 0.5514040937847012 0.5288757177460505 0.550069050444432 0.5187909109284027 0.5277516867174286 0.5045443188568022 0.4542930140580977 0.45900315035087 0.39940276690728044 0.3874515726437285 0.3856577317513976 0.39168824684589154 0.35906495070530076 0.37520831586308684 0.424310527390388 0.5402017586339836 0.5726192479460582 0.6315571909436365 0.6230172424506467 0.675581808244394 0.7380016067422303 0.7602737330465704 0.7512662410902436 0.7389354174642471 0.7467725055726471 0.7385573473127254 0.7263746563670125 0.706641487810025 0.749794001096073 0.7175600590515777 0.7205263270270279 0.7639339847823141 0.7434375092339568 0.7743463545623456
0.5998687963314459 0.6479478272639684 0.6609992539984899 0.6267781773271098 0.6225596038461332 0.6456013237001117 0.648379170875665 0.6438877807920285 0.6242981242621428 0.5536650125400294 0.5183432543639085 0.5464550507295193 0.5403628967217127 0.48265270493510193 0.4947418005676941 0.4772510146795854 0.4629447065181122 0.41887063239047434 0.43473598059178503 0.4515704912064432 0.41355768991002206 0.4130489076029337 0.4366004656049166 0.448812551328564 0.4982675966210388 0.5813542049445469 0.6200750877268545 0.6230330044701708 0.647936851509164 0.7263419061162878 0.7658576883513213 0.7655607563743984 0.7764887612030094 0.7850804982583224 0.7617034830515775 0.7241130080917464 0.7547650176102312 0.7594301459898367 0.7579216368183562 0.7386484160214745 0.7492720139692917 0.7543314472880261 0.8150938004883008
0.6237226351085086 0.5950551984902256 0.6204468774574561 0.6193086056721471 0.6337625666027356 0.6597741148488592 0.6697226673406269 0.6735367602200918 0.6353593402529106 0.599595475106246 0.5465514972769138 0.5360795473534732 0.5208667974710064 0.5229064189569527 0.4914614494539167 0.466656077062259 0.45774658910917176 0.4420677732705675 0.4499357589779673 0.41833584945155156 0.4296364600315611 0.39834605490035313 0.4446339851471432 0.47138244196692464 0.5405175864859944 0.5969029482429328 0.6156113744949349 0.6057717760595465 0.6574255096615702 0.6676310541830479 0.7063232751135573 0.7654879891542498 0.7555563246133485 0.7429710699426784 0.7493242960501105 0.7245501642428126 0.7370979719935408 0.7440529880494196 0.7571323261131939 0.7270420034720941 0.7754084031557741 0.7803236332302351 0.7977295150667184
0.6255381273342262 0.5784076970417915 0.5926143162226759 0.6133799996662975 0.6345186467593981 0.6593877560569 0.644130078949268 0.6408363162010651 0.659000623121568 0.6445790883057898 0.5761622927956378 0.5170153151935729 0.5216573084881476 0.4918270060703783 0.4790707778251177 0.5153622480565391 0.4825590968345849 0.49076472208704175 0.468202007845835 0.4307152692299016 0.4524599323586437 0.41458347001308293 0.4529866282247022 0.4710517269069907 0.5439801339390089 0.5728223772741406 0.6141949184739066 0.6396341564872882 0.672761292265954 0.6836856088388824 0.6843732741022148 0.7614880105450612 0.7415668887813154 0.7733940447720242 0.7296230890466954 0.7537830887136621 0.7322071208416143 0.7376075633092853 0.7352732258261961 0.7219877174552962 0.7991537569874817 0.8007539914064866 0.8065031264791721
0.5833348061673541 0.5900935503536742 0.5823596101056555 0.6048633856105718 0.5661685768027315 0.6017279086399433 0.5925548544704796 0.6407074301041306 0.627555488878548 0.620553723072907 0.553078242244579 0.5294562649482795 0.5105690349533313 0.5191183936404953 0.5268317050796969 0.5104693447209924 0.5358847666035268 0.47838883764414986 0.455337153975953 0.40900348650409907 0.4396332882545641 0.42172333283966346 0.43371560504331563 0.4600318539214373 0.4826115670356596 0.5095153878384164 0.5450521751547116 0.5971579962526018 0.6585507182946821 0.6637792249998176 0.6800412255344469 0.6928797667390553 0.7538973579086323 0.7737263729040585 0.7376903750307029 0.7770686422318421 0.7711720028841067 0.7492190234357556 0.7543376950520327 0.7732787844189755 0.7889286237555808 0.8310105354017983 0.8395119394030006
