Raster_benchmarking/continuous/raster-27.asc
NCOLS 100
NROWS 100
XLLCORNER 1743167.6799342006
YLLCORNER 5469279.018490481
CELLSIZE 10
NODATA_VALUE -9999
[rows 76 to 94 of 100, columns 43 to 85 of 100]
0.302107929289914 0.3055465756559471 0.307995907691113 0.244542892777045 0.25164574843410775 0.2398477424880075 0.17951719970165758 0.17038633303628387 0.20082163355461305 0.24783836175538743 0.29995981014046336 0.2967622456623095 0.3204516363288846 0.3118224404025004 0.27171951746682577 0.2520377192758765 0.2669716651274981 0.21875415714754437 0.2393812285861935 0.24050501184823456 0.17600193740704115 0.20730732431848053 0.19163679221449437 0.23419240411288184 0.21273386363423183 0.15242855580485043 0.16922255651158394 0.16307401301074426 0.21690242150764844 0.1633031326523337 0.15430881077544104 0.16543480730722565 0.14266933746966012 0.11585509302681268 0.11988771520449708 0.1276892910797028 0.07703380165604694 0.10046638328643255 0.08011858704044263 0.015366975054653596 0.026485498613188833 0.08450327537392523 0.09784478561497524
0.29465718927944257 0.2862022078558621 0.28033966909978386 0.22891233712575693 0.21371561007545134 0.18284294507939597 0.16588472750695582 0.15097040671286913 0.17114447594690227 0.2692684950827539 0.2935828432503012 0.30354522471135176 0.2868308222748267 0.25762905338465175 0.22400008959339504 0.20470902432688834 0.24831709140571587 0.23240112011144146 0.21242203010372412 0.19716706140886064 0.19650514149609144 0.19343722307346198 0.20766817249064692 0.20799038309323767 0.20177065969575075 0.20037497831491724 0.19748358306331887 0.2322136219469612 0.2428427792298637 0.22785921967010545 0.18952527430875618 0.157271926596253 0.14345616372787 0.1330847085644649 0.11923578268320717 0.09620207510254247 0.10447869267889373 0.10917819232192813 0.07419054090052792 0.025222651409516073 0.013835367321595063 0.055483545745876106 0.09692414090866146
0.2670153422407899 0.2664960967018858 0.27129371283660125 0.2626554687262892 0.20031733905113644 0.20245010090883073 0.1562965577766185 0.17061961720195518 0.17223558837607386 0.20082397618941278 0.2757202722290675 0.27055452058871293 0.2808088657029837 0.2312054612594845 0.23303821027478827 0.22115687594633857 0.21207753684613045 0.21692637833188994 0.20486497876070411 0.21849014340931144 0.23073224116512933 0.19609984279587903 0.2123441022481901 0.23559966747803196 0.19454080312895322 0.22910149164065413 0.22850656219479157 0.22789769399270166 0.24221166002665664 0.22027026335068314 0.17709726723152727 0.15377694081444176 0.15881886111867577 0.17940464041485144 0.1458560920827038 0.08673793242324737 0.11851254492763225 0.0694753043803196 0.05887303378844783 0.05972009790241085 0.022088633682265015 0.02245609341602339 0.07925533880734735
0.2821986570710847 0.25235223910598953 0.2459959719394789 0.27479825672317393 0.20411808931330758 0.22904033651438435 0.2125686062328746 0.15643733510708327 0.15533309089594882 0.197639568500164 0.24294996677481642 0.2708953292873624 0.2851446258034798 0.27064543109252176 0.20911906758396448 0.14679585978684062 0.1834030469149441 0.1971932632006253 0.22319408603937047 0.22299472723663494 0.2107741882037498 0.19649015839262837 0.2207494827705312 0.2959701281714333 0.22683818951095258 0.19551152023140442 0.23340092038289337 0.24404220836847518 0.2615547258137021 0.1879468383211759 0.23389386038011034 0.22844213119922366 0.17780073968345356 0.19111958546089133 0.1183548034415445 0.08216842950767352 0.10317772033795258 0.10680839588938636 0.023327263958386905 0.016935226997588107 0.0286960377026462 0.03350547331293178 0.07505245006469777
0.2788993540158283 0.2708543706896626 0.2636567597338231 0.2711873450797851 0.23657279842165876 0.24826639157947492 0.21900867840892113 0.21977691076964415 0.1745108583136367 0.19170349982221108 0.24003939389413798 0.26617017379576546 0.23286455467248593 0.20661633984729783 0.18970750531267466 0.16850489260255982 0.16318572307190415 0.20388493177719214 0.2063749248979886 0.23681765225678592 0.2346892103588305 0.2658594227067511 0.25338960926378135 0.26059932166618827 0.22143564919944816 0.20440366994340511 0.25528320818687217 0.23100245197221855 0.2660152905061456 0.2529148560784705 0.24085786069855333 0.24775545232582213 0.20826167343727517 0.21156293345786303 0.17545743651288437 0.14154703233120194 0.10924458110718588 0.08710354372109262 0.029917355059466025 0.03697723726630919 0.05208810664122503 0.03981797891422938 0.06801274719518809
0.24748085244685852 0.2682952176734279 0.28739481542392237 0.2877161877197357 0.2815009492707143 0.21826449677646198 0.2128051584348738 0.21006139975530122 0.22755975037175538 0.19455024623855116 0.20593446599839085 0.2542887223385533 0.253553445731176 0.24140869292616188 0.1939418514045281 0.17358012862218697 0.1544573471845181 0.13495160268493406 0.1821399680864071 0.21009788488407735 0.19826361656212746 0.25522378943704904 0.22227641516385296 0.2200182273718184 0.2330356564235792 0.24761372662310308 0.2524914195837542 0.2852361995609024 0.24601576017847826 0.264399006022462 0.23245021754912978 0.21734739927345847 0.22412669022572707 0.18523706546705934 0.1543417577031464 0.15801365701306813 0.14089244250888744 0.0442114237933961 0.04920331872821479 0.0 0.06858801018108993 0.08849957902952471 0.07205104056572445
0.3056659913848598 0.29768350923566983 0.31824260934215964 0.2959583277107253 0.2616258129312385 0.22672385012543175 0.1919702109810745 0.2012932418290742 0.229962440496093 0.2069669042046228 0.214695295132072 0.2523411775072398 0.21513699039297562 0.20890609323896023 0.14980594067786426 0.15498564472339652 0.14203044955729507 0.15796609923492488 0.16618207516365396 0.17139880290328052 0.1847959309458146 0.16594142962397884 0.18431543319601615 0.18318896092825315 0.23093544728187057 0.2505472037198223 0.25733038265970526 0.27486417800141066 0.2612504886902841 0.2670858386862989 0.2368549598466951 0.20476230001878387 0.16931396189822664 0.185178739748342 0.16157052608252048 0.16299570949124745 0.1393214482625152 0.08322273384575393 0.019157303175667523 0.0285701638647882 0.06904576707992145 0.09490439729189473 0.07398556584340593
0.33331010145613055 0.3518074098727905 0.2906926277457087 0.30768180435493564 0.2397768898900444 0.2247863895069534 0.21037110793087593 0.21883075759138532 0.20817924905170912 0.2210738489113621 0.23785679419402195 0.22462803648717405 0.17153476567904025 0.1244358620041345 0.1041841582310476 0.1107160313061178 0.08926029926959506 0.10387414949822783 0.15698153868275344 0.1656050314391402 0.17801446142368627 0.164691617041136 0.15793009309031186 0.21264472467941942 0.22806189951847258 0.24379307524842075 0.22607585455570642 0.19327177700639617 0.19658475241434253 0.2574750363657302 0.23596656650156597 0.23603297313585703 0.19117172403503616 0.16369139296753757 0.19936290906220638 0.17909154772477104 0.12769391006648104 0.07915633387299843 0.047314673880200935 0.04573256796172415 0.09620657783848634 0.11135059630147265 0.13958705131532814
0.3138202966459176 0.31738652554066443 0.304243538497792 0.26285209658223424 0.2684225255859227 0.23332265356136317 0.20580930755089086 0.18225718420551265 0.19204382523690242 0.21936743512179632 0.180075350918592 0.15073222772645734 0.17099282659373743 0.14549904872281083 0.11410277559564894 0.09887516088253481 0.09664492995634975 0.13753079071180965 0.11686259446533488 0.20135650182365872 0.21586673112121774 0.1627305631422036 0.15988718039024766 0.20547366943484566 0.20879673133172996 0.18616718770219887 0.2155655595195931 0.1708608301393079 0.16891621240200191 0.21440040486818587 0.2224614734060734 0.17904691538318027 0.17534464381480708 0.18402643454221546 0.22507354342665883 0.21882848108078687 0.15092230294908143 0.11495087168341939 0.15440068500393095 0.1411490060868991 0.17280591681504717 0.16266561578134453 0.1260505571117248
0.2658118027775825 0.29715067196998485 0.27896131969620486 0.2740811171785851 0.2276574097522294 0.23743736122273107 0.23408903390247288 0.20687727570941136 0.17209031263121996 0.16858081387987983 0.15061125934098585 0.1504725817865461 0.16528451447989603 0.13216133555906115 0.10673545177810402 0.1339955330332444 0.09723298558362092 0.1287068057138723 0.17766933695333084 0.19513046040474208 0.18189685225277938 0.2157913146236574 0.20299449345451617 0.16419830487117176 0.1875579983773622 0.17611648118010884 0.15815911995071777 0.15401710655720596 0.14874256317815376 0.16591495351281696 0.1969651050195556 0.15095804465548798 0.16644846008717237 0.20550883835241704 0.2129688916315756 0.24146123068074 0.22654314514042379 0.18207729660612837 0.21605436876702458 0.21754252150228418 0.18086285973105234 0.20120206163945425 0.19495159193730113
0.2609481192878991 0.25792950981107493 0.25608379338462245 0.2593371394951669 0.2256626096730746 0.1960642955017846 0.22083967788384667 0.20965854521153748 0.22329642829322338 0.2089732470081423 0.21230553821869025 0.17485892580142456 0.169226508382768 0.16767286205040227 0.131236436059183 0.12433178197245486 0.12595787841820663 0.11957563820891665 0.15844476371466684 0.14160411813445348 0.1502249776082739 0.1687053550228785 0.15188724504824672 0.1800810054300094 0.18011627739859035 0.17594143504808252 0.18353887574352373 0.16881150944017012 0.2003551484606877 0.2100064647031566 0.17084984085601407 0.1589684016794888 0.17622501123126752 0.2373176101612872 0.246317020099109 0.237032352893295 0.25512558042038064 0.25756057837451485 0.2182220743963488 0.2297414802690911 0.22474384260463406 0.2334058005860456 0.25189696976622966
0.23270581444690322 0.23383557778127456 0.23021680786953194 0.18307943674718882 0.1590099544186774 0.15306787203430464 0.17644524294471145 0.2061871562442056 0.19659528883116517 0.21553790826322905 0.1993178134117401 0.20055030939005694 0.1710247801361867 0.14154317702679736 0.1284851704268812 0.1998871994904472 0.1325142412840465 0.1225774167455124 0.12840895397400467 0.09618127366180343 0.13450597021840702 0.14637439395295843 0.17900020232281402 0.19352966159027546 0.18300573077640742 0.16693520082999946 0.16078457893170012 0.16836759284233432 0.20075128706290812 0.20265580256169574 0.17394363647108171 0.16121794958922908 0.21557894338446107 0.255298385305148 0.21945285194770928 0.22794275993064794 0.24537961491409227 0.25166924893972625 0.2869691921118394 0.30322079225514825 0.25308849636521474 0.26978439574014185 0.25720957577633985
0.20617621666451863 0.20700645397362358 0.17473617266018027 0.17023982324568548 0.13824699337129745 0.14415028606153313 0.17310845724513935 0.14648995791162758 0.18852887999458495 0.17048580803478075 0.2085651991129206 0.187253253145452 0.15294759406284583 0.1603646889542206 0.14013197058404533 0.1510389189211646 0.16585101293469595 0.12515842954582287 0.11805134822311744 0.12908719679713182 0.13837677096887774 0.14768824082836837 0.1542125185986192 0.1697082711589914 0.1956984691627479 0.16152570522826168 0.1683642964139211 0.12309347107534604 0.15676514066364966 0.19439393889326398 0.21543446396696198 0.22504045520888943 0.24421866672650636 0.24397701373857145 0.24680557657489993 0.22694671981253794 0.2717427079385318 0.2690222615963257 0.2640826640377611 0.27288485379090843 0.27441739495563844 0.3128040793532821 0.30761338135013283
0.20138495750477053 0.20195838491252113 0.18282307971256764 0.11644721124752165 0.12214847448611392 0.13760566347787162 0.1381546947964664 0.14468202878842218 0.1280146590437294 0.17766366709648543 0.1922083599590537 0.12752951416140018 0.11792517158830118 0.14334747029222258 0.14023203592731645 0.11005747505572881 0.12253486376914564 0.16941081543344802 0.14714523331894683 0.17444065752374593 0.18885505273113767 0.17355546905671446 0.15233986535319669 0.16129402838188286 0.18419202461718842 0.15942773848978656 0.1293965983328248 0.11712964074702535 0.18577092139065274 0.16523729469210624 0.21057082339851807 0.20635858524208242 0.23569675441732504 0.2348055292584222 0.2084545335728303 0.2229444018750721 0.23042007066245018 0.2639989344864582 0.2751336210057386 0.2753797961350299 0.3093296738463196 0.3029752697322173 0.31073952273040956
0.18901346288724752 0.1917677242353798 0.1670084183495968 0.09693386960399385 0.12658686094096103 0.11046218346238823 0.08505530679599528 0.11267451555872261 0.11331898199125456 0.16966314836634416 0.13244469739323608 0.12586293821959654 0.14204016547947498 0.12646525388486438 0.1275766110650122 0.11134794247490269 0.11411582869219747 0.12105781524782147 0.12500029497739362 0.13584503201455692 0.14618263913270782 0.12062880781487671 0.13222299585079125 0.16349125718622395 0.19319866613799166 0.18520445763807308 0.18799257128993418 0.14189705918985712 0.18708821294824746 0.17054125782711446 0.18898998112561646 0.1948585864342233 0.19752492613425318 0.2346545006573818 0.21407201168528311 0.20913643040059765 0.24303635533121115 0.24576883399123328 0.300874534225882 0.28531646893087437 0.280800472572779 0.3026228099474193 0.3538849963452414
0.16508718896057456 0.12439226207915108 0.14476685256845115 0.10167836100023035 0.12088327632618859 0.12569888159509104 0.06432298945346575 0.04644435373070965 0.08000841745030669 0.1564217594229273 0.1341027900905955 0.17707059358006957 0.13500226053433387 0.1875835009260761 0.17353764542876826 0.12920356585078352 0.14422848095729085 0.13231867127798286 0.0977976596424227 0.06845140106640035 0.08531409745215851 0.10983660322978102 0.17516015914270897 0.19870521711445954 0.2007383155925375 0.2291754675184684 0.18232986059044784 0.16720671650512225 0.1939791032330536 0.1946102896004449 0.15272164269196198 0.12204459586381677 0.16614130378993147 0.23928614085470692 0.19920713446752372 0.22883626284007205 0.27129494237551904 0.2750356621870166 0.2787286650756335 0.32040373716552506 0.312707906315029 0.3095030020286198 0.32505457697064744
0.16934662730743716 0.1206972242540541 0.12945514318200788 0.14590991955651633 0.09285347730562554 0.1274693685846457 0.09915716454614337 0.06671680487038803 0.10233354857002994 0.11002785002444271 0.14926696991875163 0.13882807646691459 0.13138379596516842 0.10917663597143401 0.13946586158471105 0.08714310195696919 0.1124165323151427 0.08306017594061323 0.10242271156852652 0.09150238892000132 0.10874659934003413 0.15973680221115275 0.15759349908463352 0.16465177737984615 0.21225053842852412 0.23344578832726556 0.1779444324254843 0.19845894436084857 0.20166227607818618 0.1514241764420024 0.13920403784428 0.13810106351610557 0.14492610409123222 0.19280885724395977 0.21741287011299326 0.2452469070426535 0.26227202536802935 0.3270754772401981 0.3095813978391369 0.32801956307815217 0.32997207101301085 0.32663301384418447 0.3817161175431993
0.19089243928608157 0.17268012677945008 0.170595049906871 0.13856127361126522 0.09309211750788103 0.10030862823741415 0.08758801420356446 0.08006548881113913 0.11159543582735541 0.11658892948884354 0.1221832543081688 0.10428758526910234 0.11034844672706663 0.09526497403449989 0.07302137652058742 0.05115472189012092 0.07212754662711685 0.09954329895833428 0.1024724150870478 0.08119037367501987 0.1608682451650738 0.1940577361119992 0.17989746945829332 0.1688455064265263 0.19220616434365048 0.2214738150518779 0.2169659610124138 0.20197720270965094 0.2012571111997075 0.1330219185680573 0.1258939251934362 0.15250907929635207 0.14040626082673272 0.16264135872303953 0.21173150991034617 0.2911687281757676 0.296262073943345 0.3656340298558495 0.3520766091849028 0.3691531456513449 0.4032734710816054 0.37554847185333873 0.4045480789546505
0.16936342760279396 0.19112614007330694 0.15925894147814643 0.1285937157753441 0.11516034384204805 0.07379516448450404 0.09290407331197595 0.0917936291183077 0.0939125340777133 0.07296687091147351 0.10586278824674268 0.09227261698514952 0.09825094147160365 0.07539445767770148 0.09309882436960419 0.08290303716330238 0.10641008555281593 0.09306908665697701 0.13300038696989577 0.15612437366502027 0.1819275609860567 0.1631057857933902 0.17555141998542756 0.2155885347538224 0.2318595374204194 0.20488270784492857 0.20572782694887623 0.21127594129185262 0.1866476095045809 0.15380457184991858 0.14622555598624248 0.14381777283245084 0.19681809880069914 0.18113112092874328 0.2637040694132567 0.2909563845589306 0.33109557356175523 0.3880456238693311 0.4029314068913162 0.4354185140777746 0.42637926970089635 0.4252065869787332 0.4263350205430887
