Raster_benchmarking/continuous/raster-378.asc
NCOLS 100
NROWS 100
XLLCORNER 1743169.053039947
YLLCORNER 5469289.729114638
CELLSIZE 10
NODATA_VALUE -9999
[rows 38 to 56 of 100, columns 43 to 85 of 100]
0.46195697910361044 0.49558859381224846 0.49751518907344744 0.4826638714182567 0.4815567227889306 0.5484196658975947 0.548301382533469 0.5640353095865053 0.588322102627944 0.5681830845452365 0.556512529134236 0.5696395409055695 0.5652934340838157 0.5545087693550754 0.5546993703325735 0.5368138604968343 0.5663511285395169 0.5820601999843867 0.625324781826047 0.6624917191702279 0.6735838932205671 0.7374252810784452 0.7613860673950349 0.7539177754605677 0.7743593458513209 0.7483069974750407 0.7918382467483928 0.8117763906826252 0.8679594355598926 0.9335076546452447 0.9390294595138505 0.924048979531643 0.9552872174833975 0.9743902586736949 0.9732553452222295 0.9505856636406973 0.9639957158640284 0.9045580359591113 0.862923681209736 0.8712360101886426 0.8477626230651252 0.8654194741994741 0.8754520512393142
0.427790866024593 0.4577410278096427 0.445887454731797 0.4756854563961548 0.4757133612416232 0.5323370114896578 0.5172044650898266 0.5752907468692178 0.5307123407031391 0.5374863120926853 0.515573910308024 0.5170570270120229 0.5380729381482562 0.4727550047444929 0.5200242340006521 0.5404169415475212 0.5705428287475138 0.6021087764836484 0.6435250392463188 0.6671208582427661 0.6844346473754599 0.7462415774887977 0.745777377644815 0.727007447846838 0.7531084687150678 0.7834506559544357 0.8284098593585704 0.8430720863866122 0.8435998938068043 0.8945082600826457 0.9124762568483007 0.8997501206529794 0.9906017258812082 1.0 0.9474424734323021 0.9711984248786493 0.9398838986782473 0.9042187417856691 0.8537606544435566 0.81560173710461 0.8219025251709989 0.8374889373004404 0.8797265484625574
0.41425682931068736 0.4021985571206183 0.43307949643591054 0.4436300926939524 0.4814693699600499 0.5455626136766014 0.5254061445300486 0.5280031153466753 0.5297242166308876 0.48372219113137327 0.48931875327925095 0.4961828736834673 0.47025323222490173 0.4841354727674289 0.49839677840794383 0.5367650756534575 0.5892967538026247 0.6127160886904156 0.6018045579548571 0.6670888274188371 0.6898925598358185 0.720311677367944 0.7390226640699946 0.753457918222329 0.7746708787959639 0.8172498473207027 0.8150224300260376 0.8642903661490584 0.8485581438253326 0.8974774181031961 0.9118389190418499 0.9599862432247886 0.9779559626630527 0.9531736115193106 0.9382938480563858 0.9246133520763161 0.907676578764853 0.8717541475417601 0.8293757452741486 0.8565586413455003 0.8303468239106778 0.8221870879763237 0.8264760438445806
0.3848719745729184 0.4023420444002195 0.40425211713444625 0.4514024801219317 0.5018262807301461 0.524346283327252 0.4882024756556817 0.5087145712858565 0.4520639135594272 0.46990151856812606 0.46304655581487963 0.479211015807543 0.4665691712188394 0.44657596320623383 0.4830452708084735 0.5058439278442922 0.571319626283447 0.6453194858329785 0.6318661312482985 0.6171139724704277 0.6309851232079687 0.7138369017030531 0.6972099490546053 0.7395558905484675 0.7599182205301741 0.8536412807088788 0.837344011483145 0.8379022869509758 0.8418353748249376 0.9188026273912854 0.8905706799375894 0.9283439767411398 0.9794077128850149 0.9864907694194331 0.9459564881326491 0.8693978650660661 0.8469951702638189 0.8266892726242719 0.86920582649477 0.8746653265851619 0.8656771399654499 0.8337724593464021 0.8463339520553963
0.3913457959331342 0.4095753096241989 0.38261890684603767 0.42032482681277733 0.4636562201601985 0.4618641379580934 0.4791298603151229 0.46295586633251035 0.42665421003271886 0.4604031011201519 0.44735522787982207 0.44853249685679236 0.4385074673241184 0.44779180975046134 0.4861952382506894 0.48650656911905954 0.5119889055252014 0.5799029220854295 0.5930867402149225 0.6402149405506902 0.6296124360647913 0.6934135310295947 0.7022649181457563 0.7151550846356344 0.7471747094166146 0.7565832259808146 0.8280375898497475 0.8482989496303772 0.8625389333613319 0.8699484301908622 0.8948360031484154 0.9067593919506677 0.9095928972379127 0.9251746286621226 0.9145570981278011 0.8740299213823702 0.8461480338038205 0.8715234431732541 0.8706220633039321 0.8609264792652057 0.8112116126508899 0.828953560137325 0.8214626266629641
0.37705684429370817 0.3684026559828151 0.36862248560445504 0.39684816712733584 0.3970359463950161 0.39412262559404004 0.4389621735424375 0.39785616256678574 0.36668490314496516 0.38093904057072087 0.40247352915847634 0.46033933709047337 0.4492109353066155 0.47658609757803194 0.4896257448411911 0.4729732651175863 0.4818394244111049 0.5038162232084203 0.5376151322745755 0.6224964438060855 0.6345628768851906 0.6767258510380656 0.7299106851084197 0.7109739209344663 0.7335980480250892 0.7262132495698189 0.7842446906513142 0.824454811933569 0.8403506562550251 0.8467265059196181 0.866378289604949 0.9462022500408331 0.9152377417154488 0.8687709076077033 0.8515263088234014 0.8378941655528085 0.8685491403800588 0.8858779783117077 0.8867281589719653 0.872857836584041 0.8611906041592583 0.7804637308371147 0.8095699003277648
0.4296726507818014 0.44274231451527846 0.44180949440619705 0.4345749795174546 0.383713246784598 0.3628713643116433 0.39380420860041715 0.41357625027010764 0.38154886326525983 0.3815446794926002 0.39045898412495983 0.4229467278387567 0.43117881121488505 0.40011301683367095 0.409776521860926 0.42116853428325146 0.474568156484156 0.5018628514952581 0.5324497980275104 0.6216076365101891 0.6338063569632413 0.741101560707962 0.7669539542751518 0.7661422490211464 0.7639466294524139 0.7116431927592888 0.7592155463864448 0.8362238179369302 0.8426045343181804 0.8251135039790177 0.8661840560404416 0.8860021657540876 0.8351554816120369 0.8189253407239803 0.861553611694866 0.8690663016600625 0.8816102573133585 0.9071366028912281 0.8995200012606281 0.9039010142465699 0.8579264042996096 0.8354027830558676 0.7922365372504948
0.4364916223407079 0.4680451481442294 0.4584578669339958 0.40669742144276466 0.4009543245279573 0.4002205500624137 0.39738325832211147 0.37259228383055726 0.3853968998884285 0.36526266933259255 0.38299723336767977 0.45505411216740954 0.40106940966783744 0.3707049790871997 0.3800645810864137 0.40054812091304115 0.4478614340812543 0.4795006180610095 0.5165576511106856 0.580754423575434 0.679905567073826 0.7692336019350136 0.788962897499512 0.7842394601524911 0.7587668615241724 0.719340441969412 0.7656741083618147 0.8348122618348911 0.8429083319515108 0.876483621075561 0.8358999513080874 0.8196720954974055 0.8259377511725353 0.8161431303974388 0.8024016686027118 0.8343353375037305 0.8653927165503884 0.9257884458740379 0.868774977079885 0.8629701115927004 0.8473063979862887 0.8022164759644181 0.8531810949240597
0.4349565195559524 0.45513758200213644 0.41615304227483235 0.45563449015634083 0.4344599430854485 0.43599131944129627 0.4667083239671326 0.4030273895499794 0.4254104507912851 0.40931544696339434 0.4078858475941052 0.4028993655904582 0.3936588147151625 0.38576800154654084 0.4133205423369587 0.4327700370887313 0.4396773295326949 0.47915593985108657 0.5403640920169991 0.5878906604453712 0.6696376135361511 0.7580859007557421 0.7408567410430922 0.7849304753050359 0.7529876347323987 0.7798088065804697 0.7888063352597797 0.8146293403485375 0.8407937240584643 0.8231225138966172 0.8009678644419158 0.8183888607949139 0.789224563532419 0.7677206807732649 0.788639725917839 0.8269141345220123 0.8495854634362529 0.8879923810480155 0.8496693548153932 0.8737958724784498 0.8503407320941435 0.8304872029987902 0.847518969406815
0.45295653137641356 0.4234227979103812 0.4499770351416328 0.4484640966093885 0.4650260154548791 0.5260760559317414 0.49817297415477035 0.47116853755048194 0.4818240781695544 0.4650160704797446 0.41294294333286286 0.40469556066743845 0.3931768926943867 0.429269013109432 0.4505935399466521 0.44902802209031556 0.463985813465265 0.5213992166288082 0.5465141981753283 0.5997604988170526 0.6687215612560183 0.7321949279443112 0.7290244488291744 0.7499793874312718 0.7435296296336539 0.7939948530669241 0.7492103267481175 0.7575628027890408 0.7634679270793595 0.7809617499833768 0.7813532629480119 0.8297612746874582 0.8219214750185169 0.7923231954675077 0.8048209104530718 0.7907083638496081 0.810681527084608 0.8394843567413877 0.821104213835568 0.8261669756003511 0.8378168430678504 0.78631978173919 0.8329987594364665
0.41560014428530206 0.40359224380016656 0.44797365940288036 0.4949074408851318 0.4884688709184281 0.5317872252966683 0.5634990108698074 0.496810272083046 0.49683062524789046 0.46933543593767985 0.463228375625081 0.47274359387238296 0.448309676142039 0.41174902984999245 0.438277352964893 0.45581765257474144 0.45159698021579264 0.46298842535556567 0.5345207265063303 0.585254253289469 0.6291653572380453 0.6743505791646539 0.746970267257521 0.7641233446111051 0.7685217938396214 0.7963674455127463 0.7756331915615007 0.772748410672941 0.805055038935843 0.7910269220821831 0.7947336557488329 0.8066687158852138 0.7679638807703437 0.7689305261967361 0.7419267141458362 0.7789595712036221 0.7721966963140154 0.793751841855919 0.8058461384190947 0.7921149246542271 0.790905756456046 0.769541790541455 0.7988737603526103
0.44032788227532055 0.39533775144854566 0.47113341207833814 0.46452823639402174 0.5425530118336445 0.5635940665287856 0.5468911961216126 0.5671369199754732 0.5255607471713545 0.5195521357988293 0.474886305880771 0.4559009663047531 0.4733904808839076 0.39617262001759174 0.4418530096402428 0.45947841894287317 0.42762446517757197 0.42272821914705105 0.48557024842713437 0.5272195461946143 0.579091784716912 0.6517742285057619 0.6777696688114194 0.7421391498688478 0.7259130082119291 0.7351388731684766 0.7644579285746722 0.7614531487589922 0.7880494767900386 0.8359488799916625 0.7952032389691868 0.7976367369003806 0.8054251154375397 0.7627509105978338 0.7254740599144551 0.7408888778149049 0.7791904245109853 0.7573871701106439 0.787461556071915 0.7508482435506866 0.7952263453421146 0.7880716762214731 0.8080753404718319
0.46586845665147386 0.46308462678566426 0.4900401922495268 0.4837287742298958 0.545300486112472 0.5684324354797241 0.555318653261034 0.5536339130336461 0.5376397100262313 0.512261908702314 0.45796952719233663 0.5053983962034443 0.4848638484097897 0.43604311761280373 0.4398015283645781 0.4269799513386578 0.3959459408293717 0.4325966728802585 0.4859708673032577 0.520406379240013 0.540155496071535 0.5674138755787025 0.6139434202022294 0.7081321866660478 0.7035722524392358 0.7435850012381265 0.7302782932636948 0.7296779133735541 0.7368627629481787 0.7495366791401162 0.7450895194616047 0.769079403212575 0.7808574666044523 0.7425484946279123 0.7516271240922129 0.7774315110938425 0.7861421162194818 0.8323228881601837 0.8187754857578148 0.8127812363965008 0.7525699955288706 0.8063888861799541 0.8049413014257316
0.48836836608173806 0.4862571864836336 0.5290869949288615 0.524504990450434 0.5321862566443394 0.5654877271118336 0.5281487178679781 0.5359331816832926 0.5311594218406044 0.4799264146863161 0.4707620305562404 0.5037136593952067 0.49280135381837553 0.4583850990676031 0.3959353938009498 0.38862098926639266 0.4288580415786606 0.4304244845628604 0.43021722734318374 0.45882005766963835 0.4739196855386614 0.5104120872163804 0.5976101411927467 0.6433364526355716 0.6710528568254465 0.7123460061971495 0.7189930251231421 0.666079323512212 0.6716123152687199 0.7135422285407793 0.7148911196670577 0.7055611722259342 0.7480111916119598 0.7290560406776712 0.7347092655541726 0.7840084235112488 0.8273530870089583 0.8426219602551209 0.8422795224800425 0.8243765472036616 0.7809431002867318 0.7544868196676389 0.7837371187661026
0.5094303508817268 0.5202736045238822 0.4853880696051954 0.5245585789008353 0.5436034641233887 0.5623949874532835 0.5540009242476703 0.5365359820746984 0.4969051298152347 0.4722386290266341 0.4528683995329998 0.48255217878672235 0.435580166354882 0.4384005306452878 0.3990819890293958 0.41896940108166836 0.39094238742999193 0.41099664412890174 0.421445348824596 0.4392178078051648 0.47903767928775975 0.5416511814329056 0.5848153293278809 0.5954170556229657 0.6546416711769795 0.6520100674337521 0.6644338641902073 0.667270498722975 0.6826033203701753 0.6487168662374123 0.703182160636289 0.7511151180960925 0.7424607924659008 0.7765413382516948 0.7982742157262048 0.818597799416793 0.8226676762525467 0.8261914366169052 0.8101368575514084 0.7690012079428965 0.7797471724111485 0.7618543713186943 0.7475623097503752
0.4719896792946937 0.5300709345818356 0.4776576220159231 0.5252015687107638 0.5859359188847825 0.6249355749011719 0.5888668606343479 0.5417235723655319 0.503070927785136 0.5294051784971191 0.5000676845716696 0.4151650535666287 0.38684504376009926 0.35304220461118474 0.37696303387930774 0.3836006077794428 0.4120550303363471 0.4484985367632404 0.4100406594621439 0.415657167271748 0.44756426220212725 0.4750095720168893 0.5550295706834506 0.626846572661674 0.6571644335474743 0.652479315422952 0.6702134798491612 0.6597376255108257 0.6774601385479331 0.6123370481502128 0.6501191194066283 0.7486358723368953 0.7273332737995581 0.7470508093818706 0.7800483311535314 0.8157918597395363 0.8513768054083853 0.913679517059156 0.8173510418519356 0.7846155501363856 0.8152798454111807 0.7712527110993084 0.730671201152484
0.474540304713281 0.5047764563263673 0.4902562951555034 0.4979202847463999 0.5208335351959952 0.5832177674293896 0.5875703280083223 0.5449713618894876 0.5446361653326965 0.5128848330505088 0.5046579291493338 0.4524480367561145 0.4304203116364014 0.380865723163501 0.3618796702073778 0.35692260345080273 0.3788649792549824 0.41175019648743755 0.43482757287168855 0.4735276872348901 0.43727463008021134 0.47845109293440474 0.5113976388509293 0.5871006633214132 0.6410448638303526 0.6253042427591402 0.6547262633597504 0.6127877455828004 0.6352238609252316 0.6631699519414693 0.6499799264075578 0.6989901920852901 0.7455857819063313 0.7539334039485556 0.800383747042268 0.8341718512110933 0.8758886724458795 0.8718118512881244 0.8396642735076242 0.8445676501931951 0.8146444254450402 0.7637482809545254 0.7582553928874107
0.4674471319373359 0.518725120800777 0.46678136814655247 0.48203219623738647 0.5126222386930602 0.5572267417698611 0.5342177319304966 0.5000956731247513 0.5152856638543634 0.5382327707450992 0.5275990573355764 0.4896665013587281 0.49227982806819715 0.438783650569625 0.41135081626455416 0.37530802429562937 0.3472466213883863 0.38823268823839907 0.42859738646462736 0.48767037281406783 0.43861120503873946 0.4871642973097027 0.5025056770244806 0.535668130993163 0.6186154700984458 0.6374446416064264 0.625253466528128 0.602306816667683 0.6205318540361116 0.6264180413658803 0.6789014159731337 0.7080544422988633 0.712882556847983 0.7308455792612017 0.7595839777888582 0.8045507651820881 0.8204144792562306 0.8598363020611244 0.8415082801500432 0.8433513812597775 0.8214272821480715 0.7406429419551688 0.7863274645859002
0.5310528512718173 0.49620430432906065 0.5067462614757295 0.4920355726478767 0.5041813886444886 0.473265230509828 0.49415166475703126 0.5477944404617374 0.5732639904385788 0.5803768839143685 0.5050631847868954 0.5164621476909376 0.5046587299840396 0.49744341212570337 0.44908076859222446 0.41675835963221425 0.37022743368687533 0.3701890504918078 0.4311797043244174 0.4350883775910869 0.4680324311384707 0.5245714384987915 0.5256447891814162 0.5847102974927632 0.620339729388123 0.6430261967627882 0.6375439076639441 0.6256564663966199 0.6235342828974954 0.6900578905353275 0.6750744567657555 0.7404275641357216 0.7378951195255724 0.7372358307920074 0.7844195906655459 0.8026259138313824 0.7657899479001506 0.8177919879217191 0.7856158523352188 0.7891055009733283 0.8242992831235044 0.8123824052160747 0.798056574425977
