Raster_benchmarking/continuous/raster-335.asc
NCOLS 100
NROWS 100
XLLCORNER 1743157.9279770777
YLLCORNER 5469290.724658797
CELLSIZE 10
NODATA_VALUE -9999
[rows 19 to 37 of 100, columns 43 to 85 of 100]
0.4452222670987859 0.46104794122259785 0.48501616129321345 0.4416381134405278 0.4691091047138628 0.4595231069089597 0.41795731535699654 0.39374362259585544 0.39642778110277227 0.4167556838587846 0.47157259407437985 0.5019547159283604 0.5349691556424591 0.529026585491551 0.5152547052653648 0.5041087656591177 0.533277674614651 0.5158479779555214 0.5117007346889949 0.47469700798789416 0.4096842353435686 0.3867460579402591 0.3996728815529831 0.3746157294268322 0.35467667634656996 0.3428543520186868 0.3738927284185149 0.35194309784248035 0.3680048788648419 0.343209694636423 0.31217185352281396 0.30124167696153975 0.31401080838796686 0.3684742681838052 0.34511112594676485 0.3458055299898784 0.32471977560666127 0.2749822852638551 0.27417116847922074 0.25178743041393853 0.27981171032391056 0.28336168591984867 0.2702664560962454
0.4526660404161151 0.48372535599672645 0.48290414754743133 0.4750419172362326 0.4780019612818281 0.423737284663694 0.4334334181184878 0.41336420180441175 0.45218017428564616 0.4680362918603141 0.49888693221802716 0.5727170053587544 0.5556307849787807 0.551491046854778 0.538169206141718 0.5062536159219229 0.5417925217674994 0.5315972927806345 0.4969430546207459 0.46442097725866366 0.4514389527569789 0.4061020815650404 0.38644575646050205 0.3451945593305863 0.3505359284158963 0.3628050433514441 0.37374955140486693 0.34364461070052166 0.33436502638321497 0.3161956761152391 0.32003803625369237 0.28953728067797907 0.27754042906881793 0.32716069210315524 0.32222230953551895 0.34311214240808774 0.3341662467138445 0.3025435148119864 0.27580763047276646 0.22412312629165207 0.2819157998113535 0.2745799765487182 0.28965537144659104
0.49681209925730485 0.5280946974362853 0.5009214645297602 0.5051590820708574 0.46668127403920556 0.4611942316384885 0.4241838461887117 0.41871298340384183 0.47805420481893257 0.4939948170430581 0.535949370588071 0.5699814741562682 0.5792292817422757 0.566016571211317 0.5736050736445839 0.5334989437392857 0.5312604862512491 0.5338177163049216 0.5239740422437033 0.4928025882759739 0.4870705953335979 0.4609824269481153 0.40150316883451365 0.3805821463421587 0.3820063972259803 0.38032139708826534 0.3321438837881853 0.35050392939196007 0.34104462814955244 0.3386587505243376 0.3225873105281265 0.28445548020983924 0.26924352225381887 0.32007172218681756 0.3271508722410083 0.33160051703243776 0.300764964036809 0.27484582509657046 0.2626471664850483 0.23913757259737697 0.28780942937248966 0.27081354892398696 0.2614451210913406
0.5067889359794921 0.5329062285234466 0.5212783041569913 0.5452693672873317 0.4933389198134904 0.5053975418295356 0.4467207413069487 0.4522534058769185 0.4925524749576538 0.4814680410945054 0.5399487016118806 0.5438689539696495 0.5903938668394564 0.6073043390400442 0.5803946242005483 0.5424983398343587 0.5128811460867645 0.5090684692304055 0.5169508458353133 0.5316771055224094 0.49427194683916775 0.4787065120535486 0.4248499289128405 0.4506159570541468 0.3865971178352281 0.34208844018522594 0.3439185052105052 0.3733768971830499 0.32441165744666045 0.31897847573348104 0.3229287695665391 0.2673693009349036 0.2592205546347725 0.27455285048815353 0.28062686037571954 0.2906170592265704 0.2968587692559798 0.24907479373069505 0.2586781959830161 0.271995158621356 0.29158905632755966 0.28666484061864667 0.25338696365479924
0.5251313643030807 0.5283791966126564 0.5256342405054604 0.5503535069857177 0.5417103726219142 0.5039459512139401 0.4560854477346782 0.486456977408823 0.4919516428617534 0.5195568009787135 0.529408456087934 0.5750187720289158 0.5876717803326696 0.5927093955406962 0.6023245779961812 0.5677578426095908 0.5610556916830427 0.5037527252352269 0.5122741236831181 0.5093221210157318 0.48930427871080895 0.5090829162160528 0.47310872732157994 0.4417977575675471 0.4304505725306331 0.37834141330054416 0.38971828680857185 0.3483325455443621 0.33271729658296983 0.33411021033346644 0.3167937384309932 0.2817359672519267 0.265781091523216 0.2841358064059887 0.2716439337055629 0.2949167970497886 0.2825442712431126 0.27517893920610975 0.2328410856158705 0.2621006092337124 0.29318342306651163 0.2810880590129791 0.267590693494471
0.5362896558551833 0.5482819635689723 0.5543730165833929 0.5393735098876042 0.5543544674253993 0.48931013296282544 0.48019153118305175 0.4625138771772358 0.5019264557386444 0.49733724831310483 0.5348320481413702 0.5928115423543756 0.6095717717763536 0.5809649352360297 0.5997903991497552 0.6040482581021285 0.550563086610497 0.5004553871280517 0.5016753205372833 0.5278205229318216 0.5197476547416356 0.5170871379772806 0.5010973266669154 0.465809145913771 0.43004465676159814 0.41756216893586445 0.3556027866559896 0.32508854056455677 0.3202192301317702 0.3190739725990807 0.32304237991300705 0.26727372843640984 0.26864662163049613 0.2405012615961131 0.23755274759421044 0.252816367522168 0.24512957574652364 0.23319517459040728 0.21997754112659748 0.24389023482007352 0.2659676943563045 0.27938568148327625 0.2632609749116084
0.5532202981886826 0.5581910658591145 0.5818268207627267 0.5778553439271569 0.5528010276084807 0.4874975052356051 0.4830938485125917 0.49759444462390484 0.5076379990977962 0.5493024383208363 0.5459369220017746 0.5387785923767913 0.5722951688791637 0.5560785699312822 0.5796595157661376 0.5474648473194521 0.5233564399583759 0.5295710903275213 0.499862415412413 0.5317263459581155 0.5440011156728776 0.5398854826694927 0.47989119830932886 0.457761578655333 0.46252917658869114 0.4028066130516799 0.3608812972415417 0.3287649825074542 0.3290968090261546 0.31119890754870233 0.30661415419063015 0.26892780346425577 0.2856803279460521 0.25975562477915193 0.28158140906710466 0.2886481959058503 0.26658162403108193 0.24854454622137273 0.27263947433129265 0.26752491345798884 0.2667920451249544 0.264690050329722 0.22033190262593993
0.618178741537793 0.5902380981868919 0.6134655691434583 0.6015470232536483 0.5744332620525977 0.525089634333984 0.5012980375178218 0.5040822972129776 0.5354538344627207 0.5600217692231895 0.5626120622402347 0.5224594830590734 0.5540692287466829 0.5286194688561374 0.5407762549023107 0.526270233207273 0.5449421606157343 0.5097570136767458 0.5105303647851654 0.5454849948980829 0.5272823608498036 0.5336495745335987 0.5058369212200916 0.4737231195419111 0.43650536841962595 0.4189762524838843 0.36161841698016206 0.38410679571687284 0.35314752501996627 0.3441493835293328 0.30594368181275394 0.31793354559187004 0.3073081246607631 0.3179356196207318 0.2715945591564233 0.27609874149456287 0.292636413575402 0.29994392549256954 0.29847291733754167 0.2556612201373802 0.24707962057903313 0.25626994446993684 0.24536496113098052
0.6721784845819967 0.6389184197810182 0.6538813159531817 0.6417854496071075 0.5917220631141258 0.5664394256030714 0.5527616617959277 0.5536524070289464 0.5770342847347778 0.5678567156264749 0.5572114377988032 0.532420419628156 0.5440462210994557 0.5324093064944725 0.5346645265926999 0.5179064730924166 0.5281647446880761 0.5250450906503799 0.5279357639015553 0.5402402573651645 0.5265889003571054 0.5029890646129549 0.5063833934401103 0.4655459186944473 0.4509740625731725 0.39988902070699867 0.3582112447863006 0.34747903270918945 0.3577229488532194 0.34357262742184436 0.3485398124191856 0.3113055820003654 0.3308162287075696 0.31493920436661116 0.3025280743071409 0.2815744766250709 0.26476246188389835 0.3056659089198827 0.2935998869358649 0.31749809834036136 0.26885759090664907 0.2372013460404758 0.24166098383807694
0.7008272300081866 0.6958429095918035 0.6899153860061148 0.6534706708539932 0.6143877034111709 0.6336044365641392 0.6051730675660062 0.6085236246786029 0.6106440552820609 0.6072617651474649 0.5557793528196052 0.5114050435817376 0.5296300263104972 0.5153282633028611 0.5222759688225347 0.5250054975982331 0.5188347003808677 0.5618392569799179 0.5483947944305477 0.5459831652328463 0.5078394288799368 0.5350215574733125 0.5133925363187968 0.49071024101518484 0.4375980158045573 0.4189159032185261 0.3428398582733972 0.308850763164828 0.3113901256699797 0.29940020655214067 0.30296664608782875 0.3467599373105375 0.3282741702377153 0.3566997510304837 0.3000062464319653 0.290429512972643 0.31479967773972023 0.2965885647221418 0.3068305971153765 0.3585389139069874 0.3138012493015468 0.27731995699077727 0.3043378905707852
0.6915652710918874 0.6704716530250547 0.6886664695170074 0.6713348781462495 0.6482995731708436 0.6610411106616708 0.6573465376231177 0.6161922634590075 0.5914635550413416 0.5627924479865423 0.5543321888286434 0.4917794417620814 0.492994381971705 0.5410735688000964 0.5442502811493422 0.5455312642250759 0.5346364227054451 0.5698656847561747 0.559810881657441 0.5541725047974865 0.5245062778492254 0.5190005771991759 0.4856269288532423 0.4919827488360443 0.4346498202945764 0.39888103445285944 0.3783081992903626 0.32870558405425265 0.2919551910574836 0.2805589144194788 0.295796729717606 0.35335920111287283 0.35185569108025117 0.3288029637550225 0.3131842439243559 0.29482221456397545 0.3027138752867305 0.29904484091466454 0.32356858261270083 0.3524158041619184 0.33800537318289536 0.33352316255678016 0.3013919308281824
0.6973165813559722 0.6936759225719591 0.6892223379211824 0.6868463366921055 0.6880280034840687 0.6746489558020508 0.6314965915845187 0.6441690515087737 0.6376207064190367 0.5875389790285734 0.551387303833381 0.4953605577556843 0.4838226237062565 0.5259166556540336 0.5507592963807345 0.5423054090236331 0.5116025212023526 0.5278110795674127 0.5131523386397506 0.532604598076413 0.4905944974731566 0.4883010329842048 0.47516142712415604 0.4778205624264052 0.4458538701213584 0.3602006111366399 0.3461258444791069 0.3345199512301385 0.34230889767187034 0.30404598286923945 0.32686983883593124 0.3158571079308537 0.3311745620210872 0.3245455001384618 0.29221971389268275 0.3431594336786066 0.3430865389562279 0.31371202273068133 0.34542743882120214 0.37160626414342074 0.33342553027704647 0.35456255626731853 0.31805335318719974
0.7060527848591924 0.7150950463716055 0.6698671597352589 0.6548329150761666 0.6789403108596123 0.6754155766273168 0.6334087844506346 0.6476980759772193 0.6376413741495757 0.5981732041309649 0.5170919578766875 0.522512944971494 0.5077749495750455 0.5082843420122116 0.4885436000362194 0.5333479080977614 0.5393959314043903 0.5202649097506782 0.5167667437883096 0.48202476143121736 0.5052253146843084 0.4667438936885789 0.46256241808606596 0.4776316503463647 0.40916162784890164 0.40717147266712456 0.3749399567531349 0.3512134873149161 0.34253210399254114 0.33920200815649404 0.3098835660154533 0.29143492279454886 0.2901380149016858 0.3020654296695434 0.29326547954553656 0.30899817620382797 0.3246626427371527 0.2821202182439265 0.29979025588410374 0.35571641735931986 0.34472620702710277 0.32434257259027394 0.33009677954066086
0.763028258405544 0.7187068405616299 0.6686771294525847 0.6623165741111955 0.683975928102626 0.6346831925651352 0.6198903464253789 0.6624836493354975 0.6128028406703888 0.555968009429633 0.5021522011131417 0.47317164337158757 0.48242568917942696 0.5014921877742897 0.4640725197855077 0.48416346293448836 0.49024414898736474 0.5000894544649035 0.46772709281964336 0.47535027209878483 0.4580203338037607 0.4435410906044424 0.4519821140322312 0.45939636581559246 0.45552405890759234 0.4173364832663454 0.3837091807437824 0.3339213651633486 0.31614084694914546 0.34610887674753604 0.3386543031723598 0.3208652046300919 0.29130725415651487 0.29548544867812127 0.27724175844723675 0.2924665437678284 0.2999575076184658 0.2888523037491748 0.3144025421503536 0.3047972249787427 0.31479414695610974 0.3544515448209963 0.31913342664674893
0.7591391802828337 0.7239429539996168 0.6985661501005562 0.692006310776439 0.6787957842755837 0.6645473032138013 0.640968691180616 0.6019011778305742 0.6088973440080144 0.5461951280671461 0.5035511109056147 0.4604775988823818 0.46624534254576205 0.45799267152823725 0.46760296096838017 0.45076454503870733 0.46684838294136327 0.453610989858393 0.45796016443334675 0.4666254334236531 0.43027602822502586 0.453189278426201 0.4427667190509823 0.41677743224582514 0.44228955462813585 0.3985788985672964 0.3899057595283509 0.3243978684727559 0.33530622761546447 0.3518097591677664 0.35220048908792456 0.3656199810078012 0.3483698525725922 0.31706365247565754 0.304654877774986 0.27684422450588003 0.26561180031516535 0.30128864824786494 0.31769243357643573 0.3394675248178044 0.32138148997427685 0.3385050504946201 0.31706050277996584
0.75143811428767 0.7601723171916643 0.7215034127185868 0.7217386548316497 0.6660941654216791 0.6100865700796094 0.6092662309128767 0.5989113273356697 0.5937873649344796 0.5303758583905339 0.48599213538964586 0.45566609946282594 0.43925673764208273 0.4319407595186938 0.4713772500846138 0.4550272938613548 0.4857036033376231 0.4808958001877803 0.4365382167244279 0.4533962258757565 0.43696267552339607 0.4276407048713202 0.42392260337735627 0.4098699301946358 0.4005347150836901 0.40221665372040816 0.38515751277156623 0.31903117902084827 0.35181730367194286 0.3374062495376371 0.3539778733884157 0.3619917456472785 0.3590773865075044 0.3147093738000541 0.30633905697400204 0.2590195430555695 0.2945873786634588 0.29996108874526506 0.3388635786113991 0.32874020064611315 0.29793158678278997 0.2681673230716473 0.289485982430503
0.7480366344177399 0.7666787944598258 0.7414475253744129 0.6824770247928986 0.6878113511577822 0.638012876932811 0.5960156224210079 0.5983025986116682 0.5870704897666396 0.5758588126110865 0.5247900459546311 0.48407492919385114 0.4452934235260151 0.45275902380076405 0.46108788781794335 0.45733622710948973 0.4429390084824508 0.45780876586055164 0.45746503805848737 0.49186284290425275 0.44333663197949147 0.41454721205145656 0.4351220659137454 0.4177632306702361 0.42185555292107146 0.40568491686180636 0.38265342032756683 0.3430961410612623 0.33976531578006325 0.3380995062346493 0.3525885354876607 0.34661058259934563 0.3484259983485709 0.3102711160821023 0.30863827471915994 0.28200653149294275 0.28961892443739573 0.3272361317065983 0.33963758258760834 0.32768793794755435 0.2812815936587081 0.2663713671853862 0.27715395772949586
0.7614926892543289 0.7477176173421629 0.735343985615828 0.6776734061669638 0.6807673975022183 0.6461472377609893 0.6372776846878551 0.6079400050920145 0.5612150574423453 0.5740935220805816 0.54843799178884 0.500872038598457 0.48252979827875725 0.42160013514759787 0.42514837095035984 0.437829987112337 0.42029273515950055 0.48770352576280784 0.4873646622289892 0.507329941291219 0.44928977780115514 0.43498430207522465 0.41884396668158586 0.4302694485329198 0.40558773070616605 0.3803982468634783 0.4021086459573491 0.35415968763645117 0.3439674661179403 0.3684423156379876 0.35421255798317897 0.36368922562817585 0.36067873577569876 0.29745533381139744 0.3153828726186745 0.2983473660443116 0.29460892241520775 0.3265097085810976 0.31947233040822 0.34039463091614525 0.32998802065265886 0.29104991939453095 0.27102872099390773
0.7425972000326103 0.7366707149047967 0.7091610839782618 0.6538832262322611 0.6364209801563864 0.6243642627860144 0.6641325208336146 0.6432052707524583 0.5796690786808459 0.5673687302015793 0.5300011027929871 0.47797628182210905 0.46752231342304124 0.43064361001058016 0.42044757388895326 0.4500370053030885 0.417641509778281 0.46784961712120104 0.4465043252120972 0.45855189697040577 0.44760191534014826 0.44987917271573497 0.438627679089056 0.3880200797279811 0.393650232453164 0.38782764994854807 0.38527665016449936 0.4243292082802712 0.41311667370808913 0.38656061787417945 0.39185622954064253 0.361660372429975 0.36720487693245774 0.3752590038041674 0.352123975408258 0.3401947584275949 0.3202827533640444 0.29938796462303047 0.33092814965117273 0.3215506178930916 0.33230944234549026 0.32019361383306505 0.3174473056391046
