Raster_benchmarking/continuous/raster-159.asc
NCOLS 100
NROWS 100
XLLCORNER 1743164.472630774
YLLCORNER 5469290.0653945
CELLSIZE 10
NODATA_VALUE -9999
[rows 19 to 37 of 100, columns 0 to 42 of 100]
0.9125602521302314 0.8987459063696632 0.9185972719347328 0.9709190393111701 0.9409163139460132 0.9150157404713841 0.9013137160319852 0.9306818954273143 0.9248545589147776 0.8719233317203073 0.8843758202538089 0.8932430900084865 0.8764027954077915 0.8317359949047448 0.8444224150649625 0.8436879881284973 0.8187198111027683 0.8536196223911361 0.8609363707853748 0.9398947687387612 0.8992278590313288 0.9099042510047095 0.8573004567334052 0.8423352186011241 0.8433307295102025 0.8325365027308363 0.7947248404374387 0.7618054959238648 0.7551047360287135 0.7441634988375939 0.771516893559524 0.7343222761130664 0.7779026845046679 0.8148818897744275 0.7848650961559225 0.8078850652333313 0.8033258037305123 0.7850137761361873 0.7872481130255582 0.8013747932837844 0.8111622937796555 0.810806128998804 0.8297071312475437
0.8978185776756431 0.8955859640215222 0.9100937986493063 0.9489765513023718 0.9374626415567943 0.9279780146009615 0.9068992037104963 0.8972613604801667 0.914162353045786 0.9080325980260009 0.9088047574919623 0.8947856481977494 0.8608078825253421 0.8138437379322349 0.8120644386935576 0.8049866551864205 0.8318746631696083 0.8636226845390924 0.8678333701070412 0.9015484659960215 0.8792436790502071 0.8900565707800573 0.8757936672778401 0.8447636845637 0.8360311057319971 0.846738650018367 0.8194939609226574 0.7878503518632094 0.7883317226145078 0.7491900143034335 0.7727258203397517 0.7622553572851294 0.7822936420423843 0.8147083854387959 0.8045123724139843 0.8082282014858794 0.8427467138815644 0.7950917371869858 0.7885022388777547 0.8026815342458063 0.8181066887736392 0.8253857570007068 0.813528605849856
0.8844607754361069 0.9044174243884032 0.8999146001985575 0.9205079003287729 0.9440738010713546 0.9077112152651482 0.8834273484039716 0.901599260459284 0.9120643306207078 0.9129893272360375 0.8984579719950392 0.8714361119191669 0.8248944468961816 0.8217259167786243 0.8219633531937708 0.8195154878564075 0.8584353030337084 0.8563141674931187 0.8896901187126496 0.8791641112544526 0.8621249690956082 0.8682654949671701 0.8418179114548899 0.8462111277988934 0.8327209039828887 0.837337492797035 0.8088065776403688 0.7909724530433304 0.8061859372144375 0.7639114518166489 0.7610494853313702 0.8066331667603126 0.7716361857635765 0.7870201672508416 0.805733759642782 0.8536887998504612 0.8711268683377903 0.8529546495415866 0.8317094771782826 0.7826925460085877 0.7889482595973358 0.7903984702627052 0.8144444761109683
0.8854266305108028 0.9301465494367098 0.9358624256868886 0.9481188816547356 0.939496181289095 0.8936648168910922 0.9048971943704979 0.8878533618671277 0.9168802050560295 0.9153792899921162 0.8934865638138061 0.8667669003651784 0.8332954930376985 0.8592963054408834 0.8338168609535697 0.8282649154308365 0.8485406467434995 0.8545564724248493 0.8827808760367349 0.9084857167973756 0.9144296500134096 0.8802160974415929 0.8632484461707315 0.8657173956202966 0.8470758379106988 0.8294785554312623 0.821943459724977 0.7912379617765144 0.8052763352471085 0.7597041184285823 0.767717112358943 0.7923972642778395 0.8017505433241146 0.8255282666224634 0.8269006536870184 0.8683010519469491 0.8543181350477856 0.8440333091007942 0.8160792296563679 0.7737771722132668 0.7822099489328258 0.8159269235088038 0.833320448819009
0.8775387823567827 0.9311977375996346 0.9392185037684229 0.939860539613099 0.9387663396243073 0.9094608654290045 0.9251980546283556 0.9221919641422012 0.8765952941787039 0.8836390259423363 0.8810548086494472 0.8638718510559061 0.8312729055028069 0.8536820590198138 0.8576479104508061 0.8423420853645375 0.8440336193075619 0.8324469395546794 0.8613791155129041 0.9087128467026596 0.9049313695911777 0.9115756231228537 0.8705435344594394 0.8984456715926428 0.8619310919065962 0.8856267563260343 0.8332873511122058 0.8076875680075005 0.807781170345969 0.765718087663979 0.7622688386174591 0.8148672454171647 0.8271838988502861 0.8274762668234166 0.821722735621017 0.8446248811012983 0.8485480739992376 0.8473110212414158 0.8509430402759361 0.8021487671019575 0.8229160919645768 0.8352247439472955 0.8363415395971219
0.896679284657177 0.9057401774782223 0.8951673476723339 0.9126493978177741 0.9109039108396746 0.9171575134496317 0.8794310616691896 0.8929590645068726 0.8467328655791327 0.8577989975628905 0.8189492190371607 0.8154696843711442 0.8188990140203781 0.8280879564851331 0.8394362289782084 0.8251007902225341 0.8478103226978847 0.8227167170312343 0.8406848012278642 0.8464200708283872 0.8600088161852708 0.8800317081655795 0.8537847802747298 0.8750834209810656 0.8782201373818016 0.8607640455531131 0.8272765913319445 0.8185359656842465 0.7873517158708274 0.8038681587265727 0.7835544159761735 0.8053109328526811 0.8298081041073797 0.8200795497976904 0.859832346886556 0.8805062523432388 0.8637239984974362 0.8316387053590958 0.8584263452022224 0.8527690779842897 0.8561681408916523 0.8576362424907156 0.8228637407212084
0.8832226572987434 0.8770588046971233 0.8820562186328165 0.8775464544854562 0.8608302566272606 0.8812611311985252 0.8841021868077679 0.8620656032822483 0.8310060374619316 0.8123937939384076 0.7867637668437831 0.7722523797548505 0.7981057094987383 0.7951055226560108 0.806140725869383 0.8426676256339815 0.8317092586137346 0.8367440510131238 0.8462238302428418 0.8638725102671027 0.8467695823331026 0.8432976540362872 0.8234405903093255 0.8458223979101173 0.8532375140348774 0.8665872001093655 0.8352351548087861 0.8175499537271432 0.7961297221935337 0.7959958329677863 0.7862818839199606 0.8296428056586147 0.8463043323720068 0.8458921870276327 0.849229516174741 0.8966870141936751 0.8839835014128108 0.8481987670706252 0.8426255092679656 0.8679353216581419 0.8766119408132192 0.8405911816954781 0.8368278472799944
0.8771506320435454 0.8780649016874801 0.8689600448319138 0.8728925626688055 0.8638587349640816 0.8822290214761519 0.8868754515674664 0.8712953589293826 0.8259293654228728 0.8294905276628484 0.7896153383940517 0.7948144809355365 0.7837274502995311 0.7971013802846674 0.8094724207561523 0.8567851850264045 0.836379826087513 0.8169137821156899 0.8338407960275592 0.8580804408856701 0.8182791746830409 0.8518523145274831 0.8364373335432137 0.8148514866052224 0.849192144972147 0.829433788787623 0.843609315318983 0.7886553950982507 0.7778753892796487 0.8038497356701451 0.7844998319965727 0.8073302019271903 0.8470995882909185 0.8429758175296646 0.872871341690432 0.9035072129708736 0.8788388860242227 0.8592364100073869 0.8692863332601131 0.8920374963209885 0.8702507970818357 0.8558051298210325 0.8547292730645287
0.9075081298291413 0.9068229150171969 0.9016792378648325 0.869346732394304 0.8751639053852686 0.8996119865756097 0.8717268778551417 0.8377160421784337 0.8222532930364642 0.8144473270130188 0.7776299105251417 0.7691185161471203 0.7892132865143142 0.8340955837884276 0.8576885970794399 0.8462741203036604 0.813820367919536 0.8133391271674076 0.8372975767111709 0.8238789586048537 0.8121843561123558 0.8170149340560734 0.8299745384811725 0.8118299130884531 0.8280770733684594 0.8167205336430228 0.7905306195281337 0.7903810976620158 0.7828941347865275 0.7954734641155 0.8085768803438158 0.8025528984381635 0.8154238792509854 0.8758585818425954 0.851817571823299 0.9034289719321167 0.8815561934539361 0.8806177370488387 0.908965205893484 0.9094876160347618 0.9063251094406958 0.9168618476986061 0.8801397642422462
0.9057756106589842 0.8762893305089439 0.8841376803754293 0.8689097903958436 0.8633619411468246 0.8658396402155302 0.8772797087594938 0.8315559774099629 0.8231270313146132 0.7860394908461503 0.7860324846350787 0.7850149233713486 0.8157069219402087 0.8429530611308474 0.8495765430359818 0.8521685911482926 0.8362011810452181 0.8420897217499922 0.8061211899905473 0.8109077117714542 0.8103314290161786 0.8104403081060231 0.7967240849032622 0.8124466177904102 0.8173617129894079 0.7933641715750512 0.7624748142189047 0.7583802264675876 0.7871551834187175 0.7832534235923931 0.799952519488751 0.798800922868996 0.8294855784380343 0.8313017440849018 0.8411162409680949 0.8868315659520858 0.8934352751305482 0.9031805871004785 0.9055300762696055 0.892204586020551 0.9114065322633716 0.9156917680435653 0.9083405366935675
0.921381529007626 0.8702161589101173 0.8466080814058345 0.8347128963588486 0.8728258648174155 0.8663152678000842 0.8609936982369082 0.8150336753105762 0.8279225800652911 0.8112923126906413 0.8203235282202415 0.8187151658008264 0.8133284922327206 0.8243327142209709 0.8359709620457298 0.8402363975151651 0.85355024288935 0.838874470759537 0.8424293552592436 0.8281361807870987 0.8209788291231157 0.8048091457829946 0.8340329728120801 0.8255736115804339 0.7734461734037681 0.7586209197967215 0.7468983760794529 0.7574466919484734 0.7542791305112274 0.7785250591599676 0.7761941297168933 0.8027242544005575 0.8270570715323259 0.8144145170994913 0.8220220935655822 0.852881916103447 0.8824372621708526 0.8846759230253941 0.884118406352402 0.9140315700465989 0.8922293254473079 0.8731946683022731 0.909541614071134
0.9154800091718883 0.904458108424311 0.8750551305862461 0.8762748879352655 0.8487456398162189 0.8434752118693831 0.852623422016832 0.8524313507795748 0.8514904526117901 0.8109863101399318 0.8163521599104757 0.8026876789664061 0.7984918344730029 0.8442154058942798 0.8232775604282331 0.8256281673497986 0.8567820778940446 0.8227708423690198 0.8101490345042289 0.8273299747488538 0.8116939268835643 0.8262182542156014 0.8230453106626076 0.8060578887927015 0.7771017003908521 0.7643897712630673 0.7656812650972448 0.7385441574844088 0.7604710486053546 0.7541695323037553 0.7604619302096788 0.7934850051608958 0.7895359367000245 0.8101675677516038 0.8294306500728537 0.8471227005007572 0.8804204967226064 0.8917122096076545 0.925448931297151 0.9382173651396447 0.8957306380230379 0.8868335836691923 0.9085899712314248
0.9187702164221759 0.8831490378907179 0.8808385265414423 0.8821049757297947 0.8916390216236193 0.8975561131537142 0.8735083251957 0.8968431950955364 0.8773747585591424 0.8056869249441396 0.7980664588404501 0.7635709196704903 0.7775994002024351 0.8375412523507854 0.8284017757403843 0.8331996391760338 0.8507005764289045 0.8415085687864798 0.8043840238646207 0.7961867367264922 0.7859770888022103 0.8170556168345311 0.8193135959780149 0.8247789432413813 0.7790125093173359 0.7469607918892792 0.7567806807850994 0.7205680166063873 0.7543057705505454 0.7703483575856509 0.7763324386889683 0.7545739418829502 0.7455350410805348 0.7591001192379772 0.7935538026646629 0.8576537574276288 0.8709056489459198 0.9185246973655575 0.9437526169497983 0.9245266397634394 0.9063505160015377 0.8821397108783113 0.8979780563893816
0.9565452864864835 0.9180221951432397 0.9190731568806483 0.910936666047519 0.8707249042667933 0.884033956762377 0.9040826688426816 0.9118556680638483 0.8774173844892372 0.8245755015172025 0.7851110325037004 0.7929716444262841 0.7975374993678139 0.8372567395686414 0.8352383095733991 0.8329190572117318 0.8642608059139433 0.8245766174528285 0.7991912898210205 0.790033806269724 0.7912043913663025 0.7861817907456012 0.7843807495891574 0.7972448254440951 0.7606873827579762 0.7200563992918185 0.706024847849351 0.7162906936531797 0.7381775863904569 0.738139362335875 0.7803054228880888 0.7440144320917462 0.7339855695701014 0.7358490203076445 0.7940196192485419 0.8172276895253247 0.8780966155824613 0.8782649767316338 0.9150571289049863 0.9041285576374402 0.8871194725931116 0.8955408636934998 0.8996037195513471
0.9702996236057831 0.9447181259023556 0.9139651360497024 0.8819308145419644 0.9024454974038826 0.8686192786087037 0.8866596225583606 0.9065172589886263 0.8740402236701169 0.8532606825155752 0.8223879500964021 0.8018526071765265 0.8393997982242335 0.8686657673815018 0.8753675949829212 0.8629002011284721 0.8451569916153021 0.8411290937829591 0.8159622837869653 0.7564074448480673 0.7539772685141982 0.7378634945383031 0.7530944816750725 0.7329174669551007 0.758973507540221 0.720895320665418 0.7013657579909724 0.695745743256397 0.7396092814812903 0.7460698646336583 0.7762722792598513 0.7585655531873097 0.755843181431345 0.7439132047985478 0.7713485949864199 0.7868265679043217 0.835415459992198 0.890307394528786 0.8661641053439163 0.8641450119462623 0.884271894019552 0.9010214968972622 0.9001189307895483
0.97897541809505 0.9594747481622313 0.9206967659186893 0.9158590408540278 0.9112221551059718 0.8796202133414326 0.8983115293660785 0.8621684687455285 0.867872807454493 0.8380916403755158 0.8211466080631361 0.8355386837548298 0.859862680375426 0.8575491908241839 0.8477109683477799 0.8639827523410993 0.8568180628359526 0.836853244152001 0.7846168445226136 0.7405904840681077 0.7608309699167476 0.732563478219421 0.7329205923394011 0.7368911321263336 0.7321830037037595 0.7310317964004549 0.7433169720590085 0.7223555309228366 0.7474390403778596 0.7603499563844258 0.7419821220454144 0.7570771374428867 0.7445867208842917 0.7379866675981656 0.7686199098448784 0.7696281465520006 0.8056243162229275 0.8748753768869174 0.8790071449421322 0.8730077988700654 0.8475269186858568 0.8702793323995953 0.8483780454112433
0.9652124621501496 0.9396800271121386 0.9320767431476965 0.9387504997283733 0.9125327016745911 0.908565321858943 0.8972311694153131 0.856562505277977 0.8356683916658351 0.8519886905988849 0.8451639450929396 0.8708766428461515 0.8809660681711966 0.8587645418992451 0.8415094220580752 0.8752954202433001 0.8520007298588619 0.776864760805929 0.7823774091728104 0.7313822749850671 0.7629270512510665 0.765851576031345 0.720030734113321 0.7423403343153459 0.7117377799242638 0.7242043169863546 0.7426429697801483 0.7521617258133404 0.7597806833471558 0.7553258047003394 0.7182791908248581 0.7275822554077264 0.7068958566548403 0.7176541063032302 0.7755200958218974 0.7727981320474612 0.7932732370856309 0.8520043336608056 0.8402717082039151 0.8878734483138888 0.8388002056636799 0.8062103677999304 0.7952190316939993
1.0 0.9608291628779899 0.9722031990742699 0.9614420417377235 0.9136639560036152 0.9223085265508834 0.895536311243039 0.8377746649692713 0.8347720293235785 0.8613746145415636 0.8488406462683507 0.8905186201372518 0.8737998556220778 0.864519310525883 0.8438684143797004 0.8295741013014042 0.829660970481058 0.8021258937653685 0.7537201780268427 0.7271781085835187 0.7383862527036232 0.7243777903122688 0.7220299577641409 0.7412215773328227 0.7194540038724293 0.7231275225828139 0.7408627338748298 0.7235227680818865 0.7336805427746821 0.7053256812670835 0.7101135599871965 0.715450705430868 0.7190897268303235 0.7261402908917332 0.7563770631352554 0.7873271455716112 0.7988263373885828 0.7844632865448841 0.814986238902027 0.8132012158608227 0.8189096477287061 0.7925081858166565 0.7865696058831603
0.9725609466884856 0.9825653998543764 0.9687373321943085 0.965122141518292 0.892252720142383 0.8931188421096132 0.9052569443839454 0.8516522876071234 0.8384367259655777 0.8547026615245046 0.8819345964127274 0.8901232576117967 0.8852996214964013 0.8620133339810861 0.8318955962618543 0.8229721267345972 0.82545411280347 0.7891090072353362 0.7297578386032902 0.7092094354217228 0.7236099091716214 0.7059836644474317 0.7305109727002042 0.7027966270693725 0.6806316554582156 0.696216929265018 0.6777473189892623 0.7110098947126283 0.7114045260834588 0.6779797688218818 0.7032230240773008 0.735519264795936 0.7226084306887898 0.7638644884680986 0.7466538926919319 0.7457053108200298 0.7752397457567995 0.7590873301470327 0.7617263242691896 0.7780272643790213 0.7937457978086431 0.7937124427179384 0.7918156971263065
