Raster_benchmarking/continuous/raster-484.asc
NCOLS 100
NROWS 100
XLLCORNER 1743150.5254458752
YLLCORNER 5469281.485127679
CELLSIZE 10
NODATA_VALUE -9999
[rows 19 to 37 of 100, columns 43 to 85 of 100]
0.40179813712313134 0.44930757001373584 0.4564498491653342 0.48160819433675156 0.5109473927448038 0.5935077727506625 0.6666053274608322 0.697789819314752 0.7452477516736591 0.7369602513941348 0.7771621406361816 0.744966164320389 0.7670886647215343 0.7556236095934452 0.7534733461018943 0.7910217209258832 0.7605655231881796 0.8046305671043609 0.7902382544431971 0.7998726966423211 0.7869205243362889 0.775993507235472 0.7525862794850515 0.7143600160354193 0.7040276134757362 0.731040609041387 0.730524444852022 0.7410038335571058 0.7120874263307914 0.7025977287778878 0.6547195386765503 0.6626527156657613 0.6741987993662664 0.7542572987251497 0.7812005713264047 0.8123628706786612 0.8118665973636695 0.7800312285446985 0.739230638101388 0.770467426077383 0.7366015310582662 0.7575340068244991 0.7603507874135917
0.3864565177673465 0.39886057876960446 0.44459593136407666 0.4791232980357157 0.5050833855411281 0.5929795671745293 0.6730477330215743 0.6994631867359452 0.7187185143171969 0.7458902689228748 0.7791570344649142 0.7666931262114385 0.7864034741198923 0.7550330765192743 0.7377890300185962 0.7573596021588083 0.7489333320822338 0.7781670788455793 0.7660368803273095 0.7774675616267139 0.7583953437634292 0.7396755070500098 0.7287659912524292 0.7003591082740913 0.7051648585301515 0.7163531287445224 0.7072354521104276 0.682529820995537 0.6628337525036588 0.6973377638955635 0.6475355688712306 0.6549111754248788 0.6776733919896392 0.73911141632846 0.7758169568518047 0.7986371424316148 0.8233295741852585 0.7912313873653031 0.7697334933910721 0.7781261380231634 0.7547012725762274 0.783820225455405 0.7541811387186308
0.3998538300181582 0.3771859755457932 0.40186583792353264 0.4419004317777777 0.5077746627398713 0.5435474405174383 0.6306133462289145 0.6561093495496867 0.6833412642592407 0.7096413428094633 0.7698574177084591 0.7745771844801367 0.7613283677429019 0.7321206081654315 0.7084644220121868 0.7203801454049602 0.7610218668191848 0.7444049558384025 0.7269104077207658 0.7294551426194152 0.7553770197632441 0.740115100300454 0.7143652294111489 0.6971905272179552 0.6753704739834491 0.7204168270576851 0.7089482349302596 0.6643721297706358 0.6454110988378973 0.6925383210621192 0.6849996893396348 0.671490617496488 0.7058997370097252 0.7557326095927506 0.7835801011691973 0.7896685977159917 0.809396031572185 0.776574177930381 0.7796349226301342 0.7841575877460475 0.7902024052246754 0.7882726693533456 0.7496006225516957
0.3678678754737716 0.40426001021934443 0.4175223304729003 0.4441333627976405 0.5192364550171805 0.5419570261043485 0.6063996610162914 0.626242315401205 0.6682286714114356 0.67479222883496 0.706169190778391 0.7483797021987305 0.7300704611848603 0.7176866587826582 0.7229972771458718 0.7195120595259423 0.7596389670392024 0.757298902649722 0.7256342914435218 0.7429877329567455 0.7313047430650778 0.6908417550231685 0.6695879052312365 0.676979896640865 0.6601910767880834 0.6879599188396136 0.6856089308373774 0.6964506526202634 0.6746236648610731 0.6628999647757469 0.6827387606905967 0.7094319951228995 0.7222706642599375 0.7578060655344175 0.7872914565549419 0.7811820786452133 0.8171542197185349 0.7870858133317032 0.8153371492879896 0.7942154187856987 0.8113538218255946 0.7889713263599226 0.7617489646933143
0.389203373515455 0.3790114527632639 0.41648687370425547 0.47088671845530894 0.5423796372962233 0.5268705153173696 0.5747235807669097 0.5812470134691923 0.6099104609253744 0.6466791161727522 0.703534497586758 0.7173256300740624 0.6763865580531373 0.660357983029903 0.6826498543880699 0.7261806233372033 0.7399384291427771 0.711723312941544 0.7381101291133704 0.6959331714962821 0.6839149238870531 0.6418741645247178 0.6188087952401743 0.6396884885249954 0.672760631328111 0.6899300519960156 0.6426530665241729 0.6844081200881488 0.6956343000933721 0.6998946739401988 0.7150990580486118 0.7246865656692062 0.7637163596760925 0.7767745073789302 0.7741577743673772 0.7958613019851343 0.8381224364836746 0.7991963694126268 0.8088703303622854 0.7906655656115705 0.7907759059870373 0.7804917175036042 0.7297597892399782
0.3989232688995518 0.3889463907659388 0.44500565559573124 0.46531240481044844 0.5220183073066936 0.5366046910289904 0.550652334150847 0.5956459499996191 0.6327928939136639 0.6371867915189612 0.636585634124191 0.6437969889880741 0.6477900164981231 0.6481798750686698 0.6739394180328377 0.6953691537018593 0.6891810694630741 0.6923059338919122 0.6825909921932235 0.6891956745608456 0.6480879191383542 0.6099443902959122 0.6168268768530358 0.6085328637657413 0.6229185790965693 0.6653194236165866 0.6623688397204658 0.679384143166779 0.7122916957205648 0.6995939388226952 0.7090006676084688 0.7240628235364369 0.7750183616954757 0.8003219647209459 0.7882885776775477 0.8241715042707294 0.8407150661785382 0.8384514920248924 0.8248827063878005 0.8063065854381637 0.7574709920733054 0.7479973205044126 0.7939190126777822
0.35822860800914846 0.40380201860465476 0.41721691366612895 0.44981453109999836 0.5365697066617847 0.5278871639537712 0.5556937726605569 0.5939497867770099 0.6473981930776467 0.6315898840439127 0.6441773980387308 0.6584651674760953 0.6421433095412605 0.6505175060647688 0.6462850261401507 0.6842648121375148 0.705276784500972 0.6595845305598996 0.6470982728761212 0.6357447177126166 0.6197921319364883 0.6154877222221852 0.6004584117636682 0.5846364576118743 0.6192792104812174 0.660434216336575 0.7019555464114482 0.6848038751855202 0.7088058442479701 0.6695300746732621 0.6908460462100107 0.7378098932762535 0.7389156499030402 0.7986637031325654 0.825408654455149 0.8068997744336228 0.8374276116020867 0.8092058172019663 0.823122455633746 0.8037569057112058 0.7649866942254293 0.7909554813577245 0.810570323236091
0.35805729864817154 0.38892280496602344 0.43779003782464865 0.4557259042973396 0.480473645298493 0.5055000914482372 0.5475616255102869 0.5999159362357732 0.5956745148808561 0.649546996740805 0.6095780996156293 0.6163751333581683 0.597811265183264 0.6054989606263383 0.6438183410212156 0.6761959366175403 0.6828849539095864 0.6622088432873325 0.6556218298630153 0.6394006969323249 0.6108183256453449 0.601857626489006 0.5814453147426578 0.6097277955053805 0.6139797029586582 0.6362393300661837 0.6876397783799024 0.6712680907077644 0.7001845338173341 0.6789901623349464 0.7260343212061068 0.7534846935375875 0.7828952867037193 0.8102902350552256 0.8346786123146483 0.8262320817932564 0.8519684555640312 0.8416147395655232 0.8431537909703413 0.7991064768098117 0.8031965886525361 0.7823082564454998 0.8181823976599829
0.3458164027400523 0.403725000166808 0.4447232844797033 0.4775987784395722 0.4736259746987873 0.5061504586424485 0.5520928226742419 0.5584695720279385 0.5858296526408058 0.6291376818661684 0.6257833260645724 0.5967452877721027 0.6113912757104596 0.5800055255220595 0.6199001937828774 0.6402329558422191 0.636240688881128 0.674763800045159 0.6827781732076722 0.6644209021898421 0.6505467786565555 0.6061773084778111 0.5930602379258876 0.6009980469318319 0.6432120638369264 0.6392673924014414 0.666402935187083 0.6637427814048606 0.6783814248362747 0.7280891951069375 0.7420270078912634 0.7650506421270897 0.8067237239162401 0.829697184888876 0.8505814188540632 0.8274008942760236 0.8202864106477366 0.8514120582894814 0.8087898474598649 0.8138141884390708 0.7752631634657642 0.7812531817343492 0.8227686261799916
0.3644768969727324 0.37763912722398624 0.413615423440645 0.44519854397337644 0.43630056965999453 0.4622760706446035 0.48446516457865035 0.5462705668131242 0.5310773748507992 0.570645765547847 0.5682215355583513 0.555462529630998 0.5554590922179172 0.5689202930951174 0.6120500244340925 0.6068278857156999 0.6394022151362259 0.6489937483466676 0.6558211018610152 0.6569741724096501 0.6146199384268112 0.6184312117309265 0.6329069641846541 0.6186975589219224 0.6354699127807591 0.6771693148789405 0.6975014461132463 0.713524720359534 0.7248581511548005 0.7132703830323227 0.734167823284268 0.78899786562196 0.814639347380432 0.8288810834730221 0.8405175627718877 0.8442439663927824 0.8422669184485068 0.8555028421461887 0.8240329347128676 0.8409829166324155 0.811243012788679 0.8063705418752907 0.8441612739504248
0.3808611270872495 0.3932603342757211 0.3891808050469006 0.3893904821640846 0.4054561583778885 0.44030819150775263 0.4353273689846957 0.47335412405535715 0.5231394228475181 0.509705580995302 0.521869856464569 0.5448117275606057 0.5400977503013826 0.5432501466332199 0.5657602843625256 0.5807258487807381 0.6371590526331612 0.6439218856843618 0.6173885729191433 0.6250063187485395 0.5914297388632261 0.6202553354921077 0.600647481396383 0.6382755158815884 0.6637658107611855 0.6981187472520883 0.717675562206366 0.7190960043161857 0.731033888393812 0.7532381923096565 0.7477797962818489 0.8118640704610213 0.8042784540811486 0.8291550908597584 0.871241011296653 0.8607666755728467 0.9023429882396938 0.8696319219718582 0.8461451522064015 0.8845903671743015 0.8400095240707393 0.839617069750133 0.8595423281373517
0.3961034788136322 0.4121854368796484 0.3991805879659199 0.40920347509102784 0.4087905647120993 0.3911384578970139 0.39067756070143 0.44160810588634036 0.5134063284188638 0.4924932582205531 0.5201303808371888 0.5114036540297108 0.5078098372243111 0.5454136889691027 0.5773216392795911 0.5979905450526531 0.6367609267174523 0.618636064293792 0.6001839361188724 0.5709402482077316 0.5908198543159257 0.6466827398381607 0.6196756130542678 0.6618896699510574 0.6970654307283658 0.7348030125961578 0.7377842196480242 0.7525086257371937 0.7719176289549387 0.7736346781798256 0.7894535976435852 0.8130388077566689 0.8574028749634395 0.8764820716415196 0.8840680508963757 0.8793092557095651 0.8976565881800256 0.9263366667874704 0.8991067986800079 0.9111169813626497 0.8986295943773976 0.9150094070877625 0.897309620322128
0.4089664411647927 0.415342983469358 0.3775011326624717 0.41415247024359614 0.41969667128108296 0.3902489285577933 0.39911397152343825 0.4590581393051239 0.49408801606086555 0.48009585673261 0.45906524138940424 0.48940718819083606 0.5264159775212851 0.5537773083089528 0.6246482067949944 0.6312722409892537 0.6263923123197196 0.6049429928838885 0.5375002406569015 0.5862199574234352 0.6263496653272145 0.6165628139128135 0.6670440659761003 0.7229257870012262 0.7339290873463472 0.7575643938585948 0.744926832132797 0.7881341823421913 0.8018300060365089 0.7885190676453633 0.8321194857521362 0.8162439703661417 0.8712901250110959 0.8571421143390635 0.8794160719697995 0.8840684201884397 0.9495075516492584 0.9502954527056661 0.9428683044364523 0.9417836418244603 0.9467301112154634 0.945677337317723 0.9538632521243312
0.3999201180192585 0.4048636414461423 0.37590816437140023 0.40066012363983644 0.39197921506137645 0.42557470789506907 0.4342934967805695 0.4290450665732434 0.46542414644779495 0.47781286964839564 0.5081174453147207 0.5165627423723194 0.5528502400029944 0.5933247503605756 0.601015231445125 0.5995032109018162 0.5897522566723854 0.5956838220379186 0.5557145749608555 0.5645910585342653 0.577911428570825 0.6265523864357607 0.659633834383326 0.7380038020736479 0.7693720846912977 0.7600238979401317 0.7535421996145198 0.7853445542166775 0.796847078030628 0.8151680126031277 0.8101795312089616 0.8316435830918798 0.8247642516668898 0.8636954642526987 0.8529470128088533 0.8814232833393941 0.9103995947689888 0.9165668448296123 0.955857183043176 0.9326670948781879 0.8969880969228532 0.9032159678794464 0.8930317790044185
0.4025365926289248 0.3767521623021869 0.38403981157595085 0.42755380364123813 0.4201148764826982 0.42036705628891063 0.4511860905774553 0.4691507892880301 0.466233485511637 0.4802189147605863 0.5042659991376754 0.5255547548085704 0.5453244160271754 0.5816702958164044 0.5921673407547325 0.5852205844945886 0.5709904649060595 0.5872833620433257 0.5759087505540726 0.5841879402843555 0.5857406657892935 0.6339907978722991 0.7070027846116677 0.7161977013731602 0.7410703694389824 0.738428618140579 0.7299510194457943 0.7917530866917931 0.7939698559316883 0.8017121820832006 0.8246855739876624 0.8145049188433481 0.8259973329792029 0.8490256675474924 0.8675326813250068 0.8774969501287847 0.9145389819500885 0.9377615162396458 0.9310342824188129 0.9272106714707874 0.8897068462691594 0.8943149962568794 0.8484812610467772
0.3946882708872447 0.39978307752908576 0.4018534989180324 0.40404911321383247 0.43902196011954414 0.4232863599651208 0.4600228844567552 0.44003380678723025 0.4741076529244716 0.49918933092399526 0.5267818439877104 0.5114602798508999 0.5798601673048558 0.5853380411701323 0.5682521225887874 0.5846616267114843 0.5650300648008821 0.5709432925890043 0.5613386446993496 0.6021874371995357 0.6040383688910249 0.65493063671032 0.7313516288078683 0.7546408655524353 0.7236486790771925 0.7206476562167029 0.7230694720447781 0.7914821419092544 0.79535989249759 0.7992167410334585 0.8136213461696018 0.8266174342448532 0.8596828342899897 0.8751435032192715 0.860134408837885 0.8672032045368093 0.8721648524176289 0.9036139622919797 0.8932487618129157 0.892954624372355 0.8517945592080105 0.8317584493503989 0.8303442524431665
0.3758654809622695 0.40132501451776875 0.4362927793804383 0.4177313062032921 0.44664098320615203 0.42373531724457875 0.4665605512290805 0.4466277389840831 0.45305148939916634 0.49018632213204116 0.5017022767623807 0.5231731037772585 0.5780585173501364 0.6139678929759264 0.592978605763722 0.5924561461793737 0.602998904715953 0.5771302124826642 0.5655750350682541 0.5942457573936574 0.6557812788488175 0.6849312561257817 0.7144608928407545 0.7348267076643565 0.7663721932829075 0.7664713902577103 0.7441409369527828 0.8121445851837353 0.8175376902481601 0.8132924481837186 0.8544318801061489 0.8384070589118546 0.8640678373452162 0.8970814548181012 0.9032743541268395 0.8948241696082386 0.8797447415570482 0.8787108927549336 0.8617221954082263 0.8275973094231421 0.8316006848867412 0.7822420902225946 0.7867479062078764
0.35928742148891224 0.3681921016707084 0.40025849700089067 0.415165530061662 0.42155265660144053 0.4574986309345903 0.46290787649609116 0.47685322722360685 0.47150357532797943 0.509793717735613 0.5252997339450008 0.542854339194983 0.5647994291692033 0.5988636728750386 0.5917149120380236 0.5694364695243797 0.5949565802170419 0.5615772128054732 0.5864054968171214 0.6220931871275804 0.660933457751618 0.6926001119018141 0.7184535331782005 0.743010369773782 0.7499122395882941 0.7765255418212687 0.7704257101419407 0.7943876144641844 0.7984907219779326 0.843446201312602 0.8028218703548753 0.8170789305362406 0.8298624334367987 0.8465309466941986 0.8569734940161222 0.8424058379360737 0.8528936978475229 0.8153006833081492 0.8316767137681428 0.8233413054068714 0.7728057003867578 0.7683040762636035 0.7569186731942553
0.3628351443868635 0.3811136058515855 0.38683138960958685 0.3943912470302686 0.44218256105384035 0.42935632062535467 0.45935526830011514 0.4991672843463457 0.5421518555193011 0.5720896955750622 0.5743244619192154 0.5887112937507216 0.589130596640287 0.5788255158141745 0.5600116103153904 0.5537280196808658 0.5709597192243139 0.5868693544962044 0.6046104755765371 0.6448268462300267 0.6463440112765978 0.681902418000732 0.6922114602949014 0.7227107893714063 0.7663519267661548 0.7782702342224488 0.8002534439548394 0.7857455633340783 0.8043216091356475 0.8158582753250587 0.7958108380070193 0.8080481574435355 0.8229333636968014 0.8171285623073515 0.8083993509908018 0.7996142720067987 0.8379028047592474 0.8257032977253874 0.7842989326493539 0.7801922163812709 0.7617129836572043 0.743609651202492 0.7155543766580815
