Raster_benchmarking/continuous/raster-410.asc
NCOLS 100
NROWS 100
XLLCORNER 1743160.1069198865
YLLCORNER 5469297.044751172
CELLSIZE 10
NODATA_VALUE -9999
[rows 19 to 37 of 100, columns 0 to 42 of 100]
0.5105646485625192 0.5311142732992374 0.489323922591244 0.43690923168134826 0.40839301890393254 0.4196822337806396 0.4380228396198429 0.4371661973226406 0.41624973155350614 0.40840126770277413 0.3610746216518676 0.32973714097083895 0.31584867916988457 0.3558271885979455 0.3467106334469533 0.3527416672668692 0.35214561557106727 0.3659012261702105 0.33561486538944435 0.31473905865464985 0.28007519994149294 0.27298388899045223 0.2604400356716677 0.2492089488448463 0.2285152697778511 0.2257973701604486 0.23456207950919436 0.22575932988056746 0.26272480173180446 0.23659309811123208 0.22418801541503014 0.2613537793610188 0.2877945406882346 0.31215048560662484 0.27773859457037653 0.294776210502289 0.3458872570593635 0.3413784075394831 0.3363781144363996 0.36937660361977565 0.36893832004415067 0.3699140756691633 0.3465608565371048
0.49175502582644776 0.5330498235529142 0.4941049979379332 0.5097426194081476 0.4244001920719096 0.4361863617842743 0.4571945419846595 0.4105827127774742 0.3998546444219702 0.3674641996066231 0.33684579371607604 0.3291142110329733 0.3726500871782724 0.3867956809791143 0.40415737858718215 0.3892037826578515 0.39812738741580067 0.4028502556746589 0.37112546904903004 0.2964182933363757 0.30503273575579165 0.2950636519338889 0.25166846741789134 0.26268479635181124 0.22426229650890486 0.21609143679046386 0.20605646602941527 0.2602996753745905 0.2475444105434 0.2180528192010749 0.24226640070756056 0.2665498824661601 0.2872344821518206 0.28572879129699785 0.2987279116235714 0.2826634240778977 0.2998774158763685 0.3092325222749188 0.2961987136197623 0.33049777147358733 0.33018275585628176 0.3532570459578344 0.3235734276506479
0.5137353241633105 0.5217914523336578 0.5512613346062779 0.4840850156456459 0.45095321752508666 0.4376788823845632 0.4419787110285424 0.38173747571692573 0.3493060959071622 0.3695403523597461 0.36226431272359133 0.3647775927849965 0.37963211507001393 0.36432248260690064 0.3893941969873327 0.4203965488505754 0.41926024050819805 0.36954345033956854 0.35831246519695414 0.33102184993178796 0.33202822936802523 0.3059132001003781 0.23671790282831032 0.2609632748110166 0.23544859802045212 0.22417268742934487 0.21395573558430117 0.22714770849888416 0.2425782279441448 0.20722285614308225 0.25049535355932845 0.23079325822112948 0.26693484938150874 0.2802179631124682 0.25615577288739766 0.2675612123121392 0.2894723028025083 0.2664352872206947 0.3169022142395209 0.2869222049397456 0.281765400669541 0.31500914635333427 0.30308023591029976
0.5774751292426802 0.5526322808291693 0.529641979463868 0.5139744424862878 0.4706061567405138 0.4369180474552433 0.4500212917162805 0.375887380809128 0.38571076079490546 0.3290696371125318 0.3325631396108211 0.32992542301830624 0.34690264728888676 0.3909672532542374 0.42062254774676144 0.4208507021263243 0.4052753800643461 0.4039849001777717 0.3439013651051726 0.36691379464783674 0.3302631599814298 0.26911140731783084 0.2144631100178063 0.1951150390589427 0.217035175201628 0.2522787785513054 0.2539618072062666 0.22636560758071023 0.24006486578125805 0.21930597869535418 0.20263003699844137 0.18564466753115325 0.26598514996168526 0.26824274499006046 0.2720942068560873 0.21536231085733817 0.21443446645655267 0.250789740910965 0.25503705377866775 0.2715079924235286 0.2341301617446911 0.2523656800247328 0.25711645759490687
0.5807644969669042 0.5760972187229118 0.5393517316022131 0.5051663493548753 0.49542991289920274 0.44612455550117247 0.4439242206133872 0.38698544747172064 0.40326162416502626 0.3832555170654731 0.3611783791932036 0.3398882231158734 0.35060215588564 0.3568629571430983 0.3986748516862456 0.39125608784174876 0.3883908411821629 0.3482887304972798 0.34025594009857474 0.3199862959377829 0.3362511577560237 0.2660857749813396 0.2494344843895825 0.2111140747385289 0.22588417169926228 0.22954011594768056 0.22302273195356442 0.20740294442618326 0.20285584387942227 0.18245742629214368 0.1765235153530269 0.2094331923008476 0.2529867474738229 0.2447797175589912 0.24048902924037543 0.19788771037527053 0.19109257033194804 0.1976426709569718 0.24413983873823547 0.222711299060295 0.20675864230591115 0.21815881376372284 0.2705746495988584
0.5337901614955854 0.5632520685918591 0.5408366856493009 0.537398550370412 0.4951509170321532 0.5156397049632073 0.44341976110725373 0.3920402138754705 0.41980849953807614 0.4073349185747142 0.39806832416626126 0.3923110660454391 0.3299880034972343 0.3278991444305033 0.36956974698790596 0.34769337980775006 0.34360897030873594 0.36517067435119244 0.3516817870678905 0.3352986873126575 0.315830213678107 0.2848439031497848 0.2602578345122633 0.21268537427934198 0.20937863808443197 0.24053067182204943 0.2435240854200006 0.2425860261354366 0.22890993620951575 0.15551827650659106 0.17437710366821743 0.2285124985301968 0.20829290052655117 0.21977664093523605 0.20065531968124206 0.18988987893434708 0.22373372113414833 0.1934403280944213 0.18589071525407985 0.17172397884251264 0.21293213599937003 0.19127279916478546 0.25042723489892404
0.5380161537352053 0.5618042628947143 0.57293016910295 0.5346944634295892 0.5183072911182659 0.4686716004642822 0.44023371442017567 0.39964488721957026 0.39420327692276547 0.3746282846943849 0.3774217887423155 0.3432441982929384 0.3331835141428751 0.31759413158435784 0.3442710315238106 0.3403631115817727 0.31215463378241054 0.3163884734020699 0.3345411052097361 0.3249582302454852 0.27449951108724713 0.2836228358716259 0.25525323196918065 0.25031249617031615 0.260902529739878 0.26192049138697704 0.21577216234793983 0.23746853230695064 0.2115628424900079 0.19595625053813626 0.21460966745928012 0.19841208901605564 0.18828133732584268 0.22980724199625743 0.22779393874632983 0.24067519596124712 0.2192378252432712 0.18160512244670893 0.19633870534102843 0.19412410952112952 0.18001794548269465 0.22613098456991593 0.21658823095374852
0.5517304249905662 0.578635680958241 0.5604133291762329 0.5532206138793317 0.4970361448847342 0.4761546835733474 0.4616499220746746 0.4347857378198608 0.42025582151695634 0.35752731101980884 0.38258729209034975 0.3448225590354178 0.3273436731681445 0.29302550044038916 0.3186028929513443 0.29846754327855046 0.2750935938675869 0.28160135714920004 0.31532164093064213 0.2841361894809962 0.29094702537912753 0.2898285618196418 0.2783803679248499 0.25830231023719735 0.27290738186715785 0.2269188652457179 0.1880253406531123 0.17116546133754035 0.22906207969794148 0.221781193950907 0.19602948933756476 0.16164851906734085 0.22139158655182065 0.22573629920969832 0.23456415579628673 0.23844601233397536 0.2474244422807812 0.21726844523049574 0.1971964187012657 0.1847351578935553 0.1620517105208442 0.20645674184077822 0.1905769035704136
0.5691948622563819 0.5619252448027772 0.5770425472508951 0.5108152154649622 0.5248118856624233 0.47911578055134213 0.4524678494866432 0.455460782446594 0.4432270308636153 0.3714071654613183 0.3685736111193592 0.3274831017750317 0.301988137487075 0.32224951266875435 0.3027704837476212 0.3335803382207998 0.2929272607180515 0.2886276831409475 0.28789614379901846 0.32005231555479674 0.301856289549971 0.2746267085069598 0.26746877967054755 0.2526552360649139 0.24704511796620246 0.24636112563181325 0.23152414865580215 0.22469722081136037 0.23504464100211395 0.24065109646510674 0.23827350859736543 0.2301263406983099 0.2520379842777829 0.23487862994338538 0.2698964709995469 0.2291624930720886 0.25332307029625717 0.24181023424652617 0.2147614260093866 0.19639606530908002 0.1841644450404711 0.18923970908619986 0.1761708327333868
0.5788917684993411 0.5757256859823312 0.5416906718265808 0.48700042881567696 0.4894752959029807 0.49218513363061767 0.48372335662392857 0.5014725610661025 0.4843901745370699 0.4235061924160646 0.36358776468089504 0.33043007537418395 0.31542928239897466 0.33175579046326326 0.36389530996451486 0.3611210244779452 0.3074972946251852 0.3117693916804696 0.3497787748370608 0.3272954171490889 0.32588561786808345 0.2861221871164365 0.2754644184974511 0.23428382802251466 0.2568602269740304 0.24270064157800084 0.2605459062658966 0.2528071215698855 0.23089919730786565 0.22692516106203983 0.24106152553674723 0.26420808275809726 0.2521615757238084 0.2723091844981375 0.27664543548700626 0.22921931715699254 0.2476752405115173 0.23469349491227087 0.22423174877669896 0.20715592916623307 0.20115078741515546 0.1734832744373534 0.19366675215483306
0.5502670026676112 0.567036848976581 0.5075817098424622 0.48937049498477886 0.5055556479483719 0.5121467137883516 0.473941172417679 0.45973058692147034 0.48575527523780954 0.42076362718542626 0.4234252600938997 0.38901672915020485 0.33783259579565084 0.35713003852513076 0.3858819013317796 0.3851681514996705 0.3615148937366756 0.3428391763653737 0.3812887600077196 0.35823339869082355 0.33131923841902045 0.28091432595537114 0.25209732895983505 0.26694509961779894 0.2710319305173745 0.25471882866236417 0.2758253485693143 0.26656749904972127 0.24889049407369127 0.23512966395915816 0.268531148550275 0.2795276326219673 0.30161943057676693 0.2674111042082932 0.29145082021848007 0.2351255653342754 0.20654530281575376 0.1943259637671865 0.1861586404548927 0.19618802317413733 0.21892519576168518 0.2345398393813369 0.263307993973397
0.5619034502136598 0.5667660345790478 0.4963126907105938 0.49145710181121666 0.4964023008951967 0.47882135367702544 0.4876298354838792 0.4850600228015236 0.4434799882241085 0.4226789390622722 0.3965938766439082 0.4116132078184329 0.40694805628277786 0.37345694601694446 0.3632518483311528 0.3942838260901722 0.3981700917085781 0.4054153585596726 0.3939376352872158 0.40214851289584963 0.3748768164023529 0.32896764830990205 0.2847878666699528 0.26452656446837824 0.28062617500177683 0.23270635989830843 0.25733628068167086 0.2697373389813855 0.24572663776360432 0.2728593581897 0.2968992181154564 0.29338170621689685 0.2839869061405572 0.306400116288106 0.28475265220720614 0.26262478730330674 0.2215091406679674 0.20267847971425623 0.2051845911693398 0.18853796303742515 0.250953039809531 0.26878884702741784 0.2967283137110359
0.5673293674831474 0.5544467547500737 0.4901462921955474 0.4721235654681707 0.5050624734017388 0.5140128875455595 0.5192784826447906 0.4912528650397639 0.4613683290547328 0.4717790811604053 0.43818760120404465 0.40183321640960995 0.40606822043450314 0.4058380750453779 0.3574809614494169 0.34937102600907144 0.36441420402306735 0.36547187794496117 0.36057553338710624 0.3461987492712444 0.3657104767162608 0.34561280345985784 0.30436481186454684 0.3098084465447455 0.26080901150112606 0.24601525344472588 0.28850771421632987 0.25658170078322484 0.2735681292014707 0.26709313513648186 0.3007103469097777 0.3083477340479644 0.2748817004697968 0.2774705495005853 0.27667748083533783 0.29369486507177844 0.2603374234169167 0.21550932824450675 0.2186537103846354 0.21075977223628292 0.2654110471385769 0.24922873913948984 0.2666445429965162
0.5322829512175646 0.49023197059604545 0.4783325829912004 0.46328402577993694 0.4927052729458379 0.5221753492493886 0.543506178692222 0.5449523530301283 0.49337965219832336 0.4824998242386365 0.47920088049979465 0.42975840554802114 0.4344253796902115 0.42201126999053096 0.3695521864263934 0.348576185700953 0.3623641407336956 0.36467801554293733 0.3840696780605075 0.34179797097960907 0.36738750495741557 0.3398084473116926 0.3074892134779813 0.31315882564256703 0.29863809291688603 0.25197541515658384 0.2736615100838897 0.30253256493553055 0.3070796768041882 0.2638861330955706 0.2901671004250077 0.2712275634023001 0.28580551755095446 0.33915460299201966 0.31973672712894896 0.2782250872952724 0.280300010256205 0.26799393136312993 0.2439411649875032 0.2721342497241855 0.2577284625464056 0.28666002342882474 0.29981620924239816
0.5308693803251285 0.49994245114398517 0.48117554032941007 0.5197525671128159 0.531813920663341 0.5118877707575221 0.5053634529586167 0.5475740586879734 0.5075759227191865 0.4959971592846939 0.5005055650401992 0.4731452324223752 0.4589098334950315 0.4092179912562853 0.3924986323061607 0.3361907926647316 0.3538230816990074 0.39825788773697285 0.38525931838726835 0.3496520131062426 0.3314792376821609 0.3019775745346235 0.3048871089549945 0.28963999477190716 0.3195125756864113 0.3047510368274582 0.270199210978542 0.2687347953358846 0.31635028385201275 0.3254492871523971 0.29765074521031204 0.28747320160627643 0.319120866563875 0.33295441721094843 0.319177330424044 0.3280281035461435 0.2979596334034571 0.32099383354353817 0.3254689878243755 0.31039877687143297 0.28984627651811484 0.27620755431320687 0.2783386603648671
0.5137863864738799 0.5342365951253767 0.534060964082026 0.5397112820502408 0.5182216927559317 0.5155289212720624 0.531957087359401 0.5503836557472146 0.5082167736975659 0.5236256556647946 0.4858605065974235 0.4761100906528854 0.45998181571999025 0.4183969445947113 0.3713497882579456 0.3574108123070276 0.3759680194800688 0.38954467869769704 0.34571523172696345 0.3546999481127161 0.3175889851188943 0.324207415423902 0.33241413149108423 0.317181846570914 0.3140089919874282 0.2982613626376807 0.3139657911679361 0.2715274250276264 0.28991593725655196 0.3189535518082911 0.3083849559622638 0.29914402966307174 0.3451013347205494 0.3642568947108044 0.37126974323235146 0.3926021712384169 0.3491191444864973 0.3646929277634152 0.34342372571240126 0.3629765506104098 0.3479669407198472 0.299587139186426 0.29730576519273816
0.5319173949224602 0.498107148516421 0.508966334548099 0.5471790924459067 0.5190140640848628 0.504660232207019 0.485859325978564 0.5373112666494451 0.506025812993503 0.5245619892931936 0.4996178224660047 0.45122723103270357 0.40528976795203603 0.40036968022195074 0.3599068565465796 0.3599326872273704 0.38811098192518384 0.3566535197740721 0.3174689233863064 0.3227649603839562 0.3051077114507521 0.3059364843380492 0.327683721596117 0.3449124278699663 0.3002639153264989 0.3356080728392657 0.32983678882277195 0.3538129613376085 0.3307613176487711 0.3561357469132153 0.3646411736803852 0.3496260912472105 0.3565284728883283 0.3998689525747004 0.3978147503319273 0.4044411811659297 0.3736071337260503 0.3597525989018328 0.3685915973210767 0.33468866316757273 0.3496556322290171 0.3321838928337151 0.3086744982998764
0.4998329649300398 0.4934865539914472 0.5174020986968276 0.5178180294549095 0.4925960309490896 0.46906090635562386 0.47824542685214655 0.5033304015103038 0.532166330384162 0.5233128229131716 0.5221193917130578 0.45790334139075106 0.4097092612002408 0.3672576071303071 0.38166193191385395 0.38343985031750966 0.3838526137093654 0.31584091210426 0.2928285799611014 0.2903434391572219 0.29974367840143573 0.3602674968914157 0.32724863796208353 0.3393669949729953 0.3360009750834637 0.3485753082555066 0.34194959696144334 0.3886619851515869 0.39026045307168433 0.38487380462019277 0.39717804865912315 0.3906137930010656 0.3588429803372543 0.3959621903565588 0.3760758751455639 0.3772924270776722 0.36060820610027217 0.3553434288075969 0.34073990108433777 0.3361338784415673 0.31374169766738813 0.3198162823768554 0.3276215936129613
0.5207183004552408 0.5056585760101711 0.5326505776897895 0.5085652872379303 0.47781214513042164 0.4606615875913833 0.4386134746297262 0.4759864884339502 0.49487130067872975 0.48845074350319445 0.49411135552241015 0.44341123585079717 0.43282038647894916 0.3946877943556294 0.3758239243958324 0.3866925669271805 0.3485990852649619 0.33004595883278537 0.30247579512044737 0.29960315146996713 0.30909410830283524 0.31846067398276323 0.3628930429943431 0.36589594106357154 0.3366905601944558 0.3411408920784836 0.3894787973357145 0.3754250365841611 0.38045336936603635 0.4175066577846716 0.42674750548889656 0.3871109816849765 0.3891272729310357 0.3949297551122305 0.4066493702868324 0.4303823962378039 0.39200707436712395 0.35807750012103795 0.36757267660744253 0.35724387625142934 0.3374128465433869 0.2868724417454199 0.28955766790667387
