Raster_benchmarking/continuous/raster-167.asc
NCOLS 100
NROWS 100
XLLCORNER 1743161.4125743383
YLLCORNER 5469280.775160577
CELLSIZE 10
NODATA_VALUE -9999
[rows 0 to 18 of 100, columns 0 to 42 of 100]
0.7199963951339379 0.7828880538721802 0.7973374709792217 0.7566519239920727 0.7909844927419103 0.7501949286986769 0.7192049874636495 0.7569872635379382 0.7686170167274421 0.8159572291161578 0.8005524216447037 0.8551764669967663 0.8500218826326137 0.8460157848988324 0.849833190994694 0.8326119671100063 0.8768378814727433 0.8553348964237143 0.8900661194767954 0.8694275506236017 0.9057349644231057 0.9016515185055649 0.8685551535832814 0.8967439163811001 0.8741959703134095 0.8520337835443512 0.8683534841499935 0.8539759650941856 0.8308112090256002 0.8112949000448739 0.8609439730740832 0.8578858227536018 0.8872995708627385 0.8633045178146099 0.9039574423822129 0.9003520801890638 0.8988824612708249 0.9583381905754392 0.9702324339348001 0.9955141396909132 0.9872931424035001 0.9898657813965706 0.9949205998621533
0.7947191723693043 0.7629157025901867 0.7899535983439165 0.7595140561372162 0.8119859205285419 0.8043441843457942 0.7399329702423857 0.7449194026590982 0.7707912473307531 0.7868239488466303 0.7822918528717742 0.8727563843339303 0.8796203723168221 0.834035449633212 0.8311308373308656 0.8181403593311083 0.8912893791644723 0.8586892804913627 0.8634529948517524 0.8509893301958037 0.8463580456184491 0.8256079178979907 0.867689446281807 0.896224759547876 0.881047927873783 0.8429354888241855 0.866153210042914 0.8033496876953892 0.7956527829168891 0.8184104506745747 0.822119393483982 0.8435830822590786 0.8447874409682357 0.860998645752417 0.8703457607453308 0.9099569209242564 0.891843203489492 0.9493980148530035 0.9761900943376869 0.964103555378912 1.0 0.9367995723702517 0.953966197617823
0.7541247711960395 0.7570270444061161 0.7768180471613316 0.7641296497115405 0.7704274792327346 0.8039153277631137 0.7337953137710179 0.7274069814881243 0.7362138369214204 0.7071569396404082 0.7393889332603779 0.8442382981803479 0.8828552057985088 0.8702708547948768 0.8268241677768883 0.8378026406353147 0.8549567180565928 0.8530519591070801 0.8611138335871097 0.8736782562266695 0.8330445352880431 0.8072539244022546 0.8023120849859927 0.8073865338615066 0.846571071531058 0.8041485333107405 0.7681331113433196 0.771431517240003 0.7794662832809943 0.8187104158730647 0.8286235639492452 0.7955399543631095 0.8388496380689059 0.8459626423808141 0.8333419276590235 0.8643189120975764 0.8569124292946932 0.8946999878877604 0.9306127016743366 0.9479251615077943 0.9608374120974674 0.9346509283896284 0.9182239001460449
0.7317341928953749 0.7708196901036215 0.7254816659791812 0.7911768681130968 0.8120700477699844 0.8154648006805236 0.7638599225162982 0.6980405096938582 0.6576947026035762 0.670648993019605 0.7321208027475787 0.8161621837915901 0.8671867624901726 0.8025494030727124 0.7801830086571863 0.8111092311518113 0.891906074394141 0.8900112711805845 0.8486070559820225 0.8421695096178653 0.8532261283645194 0.821529797488606 0.7354556333336395 0.7416650559590998 0.7824428214705959 0.7840650061013733 0.7626994392366816 0.7592680236380336 0.784389926637894 0.772255032226032 0.8107030557424045 0.802549600690686 0.7797568855742507 0.8025914090846847 0.800363539559355 0.8310754146103949 0.8468533321455006 0.8503638908369973 0.9103146790511151 0.917786117625119 0.9121553931248714 0.8817473853076558 0.8789163322070763
0.7431563930404133 0.7476930931393372 0.7416484048783882 0.73618900051701 0.7984431920243729 0.763522416879057 0.7435065001117477 0.7028753377710106 0.7083189068361365 0.7163409654616407 0.7227315148909621 0.7415360707317961 0.8139760039921955 0.7974207151035939 0.7901932757075114 0.7743037435061059 0.8168211181498483 0.8345373414915397 0.8102580172460739 0.7922618500684258 0.81181301431922 0.7672551710002533 0.7357862580226143 0.7508607865263128 0.7694584175720934 0.7069570302945466 0.7612465314524675 0.7697251632953369 0.7351687530285598 0.7341285812405642 0.7560912767526439 0.7618443422099722 0.803277394254851 0.806813509270925 0.8000791487572596 0.766209825535844 0.7801017357729033 0.8317390631584718 0.8002922301588877 0.8220336273535088 0.8506950276406937 0.8361246303500002 0.8731884792929019
0.7234067871024437 0.7531157994532062 0.7455413372163973 0.7537391331532746 0.7523693625116342 0.7031185446250842 0.6722857966987335 0.6676910129953281 0.6941842283835412 0.6714551821585901 0.6847230899220139 0.7208892413399797 0.7955858244341154 0.7784736759014463 0.7473111734250606 0.7939904615018243 0.7960890388626829 0.7847310065232548 0.8242932466131765 0.7739171789579329 0.7246108882841624 0.6946438086405449 0.6499561797871803 0.6754353400637995 0.7199824721943833 0.7033693429473126 0.6782662240447412 0.7095285862151938 0.7363755548061875 0.7241849582514946 0.7328833603273022 0.7558956423704761 0.7914500073102377 0.7565588356725087 0.7881288006493464 0.7327983202883074 0.7551883851754018 0.7631413119350883 0.7428830881205262 0.765983894513678 0.7792363108533783 0.798571588965362 0.8407428782711546
0.6819775476482599 0.6952167526705362 0.6941623381119466 0.7209819803253363 0.7470511315677854 0.7157074901787277 0.7053549475821533 0.7141557593335097 0.6837891165187879 0.7143725201206288 0.6972196523520822 0.7257696360315875 0.7528415703674849 0.6992327786410276 0.7289044664031208 0.7557522317917403 0.7555598790905066 0.7944282866553133 0.7217000691356898 0.6848378561151248 0.6302977533407527 0.6360404581807783 0.6630602315760709 0.6778444241854518 0.6894640286808387 0.6322241138605528 0.639335738760702 0.6863121506571606 0.7297461474344911 0.7289699050051959 0.7254053397429705 0.726277052612873 0.7418715201123527 0.7390613769590182 0.7148218079319038 0.7116196199607655 0.7404448555061182 0.7098873231964662 0.732044133790507 0.7023559070159903 0.7193851009459298 0.7459973331517626 0.7909301610422558
0.7205427577535864 0.7104019603377834 0.6943901563079087 0.7139137570003476 0.7130114296325554 0.6935931308612477 0.719592971761604 0.6853895796321149 0.6747620343691096 0.6856902909241874 0.6872022188649759 0.6826246251449113 0.6825674108191868 0.7126754852171453 0.6941016461077397 0.7195205295743229 0.7655493988728692 0.71281735562238 0.6767697547894377 0.6702107429351613 0.5900927317594912 0.6185482105126631 0.6193998763700187 0.5876583720583983 0.5955553990903978 0.5988156838999935 0.667307070459902 0.6764674518524074 0.742236593765221 0.691257883235242 0.6524573721898206 0.6620365246624708 0.6560065130277216 0.6784420599112025 0.6876786073559411 0.6919614741735893 0.6786057055629151 0.7132203427523514 0.7166923324750128 0.7050403079591855 0.6857485725547501 0.7120319289276199 0.7729854339446081
0.6760387680348376 0.6959872210848103 0.6726499574901462 0.6884323695561128 0.7238786867349749 0.6956176518281979 0.6737705488528066 0.6693443993957505 0.6769958500952572 0.6533560681779405 0.6848197490101883 0.6792426429548271 0.7106101528894939 0.6931360901057517 0.7197172186277583 0.6798427463632758 0.7270695002562978 0.6710663258210303 0.6111810167754017 0.6246909382843547 0.5754078310594951 0.5949662250132582 0.5474562016305219 0.5655703202768989 0.5369096192778613 0.582756101078786 0.6109556314515363 0.6586237983100586 0.6785758595382468 0.6699182932791058 0.6572606243733979 0.6276328244870697 0.6376387130854895 0.6821504638310175 0.6893017641101272 0.6411043639860989 0.6521920177292748 0.6712157731841188 0.7281430973122136 0.6888737651649097 0.6849179160448488 0.7430537532265907 0.7256603831410469
0.6010327587663865 0.6640162180176145 0.6904313528627343 0.7305202828234659 0.7432925060338501 0.743168378817552 0.7095345337678824 0.6740671270290337 0.676705057102934 0.6386148184780838 0.6531555765036623 0.6522069178556003 0.6628050439336064 0.6535812753218467 0.7018325562432254 0.6759170122667226 0.6807042221790314 0.642121844113696 0.5833210668046381 0.6039980971494385 0.6059490986428988 0.5670244445956969 0.5071250576457323 0.5208650362684144 0.5114079280137862 0.5267703188386603 0.6094514566490864 0.631914740613638 0.6870959048325589 0.6271182070996101 0.6303633119671229 0.6138576957383144 0.6821076270192419 0.6363001637501373 0.6254982207407817 0.6129118255993837 0.6307426575102839 0.7011580655325189 0.7454988737327664 0.7108046096128621 0.6796555354376893 0.7404280510619676 0.722548177760838
0.577170551906036 0.5814989861245545 0.6445702208308449 0.6690326001218004 0.6737197050534598 0.7120253606534374 0.6902839384257108 0.7073976854008188 0.6629772293270029 0.6634806808346428 0.6647992882855547 0.666067827315339 0.6526304070703022 0.6666969551445274 0.651445701628319 0.6089835794526752 0.6317297948058865 0.6047075544248443 0.6058893611966057 0.5687418148124553 0.558006999292742 0.5612248329722868 0.5379958282340269 0.49403793435277604 0.4751522480594512 0.5059459606509055 0.5731042973137102 0.5857947824593084 0.6165254934705013 0.5974422869742998 0.6379732258230529 0.6187630113008198 0.6588692953713634 0.659621202906285 0.633303142885002 0.6635175272285943 0.6584061911681677 0.6739936124110302 0.7123699186889502 0.6968076335774679 0.7042787810682878 0.6928491536183705 0.6673442637461172
0.521232983595444 0.5572615936388458 0.640341879099578 0.6510556833793677 0.6590102033534608 0.6848243944658177 0.7355645990151733 0.7163160917281751 0.7377137740427465 0.6849064723590784 0.6142224396170739 0.6712138718476682 0.6453039281645121 0.6382513487583132 0.5893272308773375 0.5616663496341461 0.5740140397678691 0.5556446963756754 0.5524051179573722 0.5346332116802244 0.5549328281931506 0.5482071189036781 0.5129156203347358 0.5032918977328528 0.4594296585505909 0.49499870269709145 0.5628796998082034 0.5336404660722763 0.5560784900984008 0.5931420104131183 0.6050713937809735 0.6136166241409212 0.6191391906136825 0.6481969885509028 0.6417733886772217 0.6544399664441588 0.6883941767545161 0.723966678620365 0.7485987484551317 0.6983238656785964 0.7432371888477944 0.700495753090609 0.6729354747563663
0.5374820974895836 0.5538746426966127 0.6118053944735709 0.6337275199814167 0.6610235255680276 0.6927093478957087 0.6769555029709312 0.7096879684705996 0.6688984273966347 0.6715269829362065 0.6601628768281643 0.6446585706070982 0.6257059790067415 0.5757127230781678 0.5396649374432753 0.5299243240564456 0.5385679692280723 0.5485314696915803 0.577523009583717 0.5918709698242548 0.5753552352869142 0.5612636444405865 0.5095876422158706 0.45675822189772886 0.4476557788306292 0.5010535898550109 0.5054717818144142 0.5169385380463917 0.5273848094530718 0.5855985457364277 0.5488445301394611 0.574957894090123 0.6068959057919735 0.5975215679296801 0.6683846655795248 0.6721875157957541 0.6589169838493767 0.6673396273276161 0.6615441079128005 0.6734562703662794 0.687537793714584 0.6991330268677282 0.6838856560748039
0.5310187331866227 0.5707882036450995 0.6383572601481893 0.6416424312700533 0.7049440982752045 0.666678790015576 0.6664784891850903 0.6624361568674891 0.6332342878429567 0.6576385910477263 0.6287076107287805 0.6396374897919792 0.6271414558294856 0.5692754775117295 0.5645767265246151 0.5759737316411881 0.518052845988117 0.5235307822081363 0.568692897384529 0.5396764143820741 0.5880625832341352 0.5609959663847603 0.47315536034857436 0.43635836089739727 0.4487149893353432 0.49907100432131796 0.5353707097260905 0.49144547042513953 0.5366795387952045 0.5437713553716402 0.5491352501238804 0.5697976552566316 0.5745728257246213 0.6354520896612506 0.6686142016048398 0.6579733309069244 0.627230952209089 0.6542292439727009 0.6388022840417498 0.6663072537492697 0.674662066965199 0.695696779142826 0.6702213898796971
0.5689119998026138 0.5595504314071548 0.6469871829000821 0.674681330428402 0.7253120970469478 0.7210319165973822 0.7065712310553294 0.6853176797612229 0.6973362654643402 0.6785828348988894 0.6207230580699601 0.6008964248093733 0.5794131816853328 0.5978257904343361 0.5969428499472517 0.5585222636294389 0.528011739233578 0.539357740646255 0.5295982405545745 0.5391034304654677 0.5774525802472588 0.5094996314086992 0.5202135254590794 0.4604681070542311 0.4816778870239727 0.5321926948624559 0.5253785008815182 0.504161201600853 0.5166250255305606 0.49758556025235856 0.5268161139923656 0.5338923168836365 0.5809332217222133 0.6038513007154447 0.6660937041245653 0.6572331348152916 0.6317359801475219 0.6665999277757657 0.6836601563325455 0.6378333413928918 0.6621353991717019 0.6778693384255966 0.7030516024895719
0.5581276923765424 0.5851469532517332 0.602515002927383 0.6633401036728125 0.6995775068452662 0.7390393596771576 0.7495738024191098 0.7457307578179622 0.7184284537398303 0.7017201221856644 0.6793906579042462 0.6234916334478915 0.5590842331480109 0.5931473833584757 0.5589335422569931 0.5367467454885313 0.469408289271255 0.5415068807485355 0.5491200871351216 0.5169697522511932 0.5558787882877905 0.5337755812384433 0.5414208183117113 0.48183368949900574 0.48571475228484934 0.5248201699669313 0.5445870865874435 0.5368460738072319 0.47490467008561166 0.46357109503378396 0.5269074861155447 0.5366282964233718 0.4981588409773264 0.5457085583825864 0.6020721547954544 0.6738102081358371 0.6613438527236175 0.6917570198500214 0.6994772770188071 0.6761603137204252 0.6388812645334833 0.6453201733817243 0.686034528255008
0.5508644449411141 0.5754211574636321 0.5827387730002148 0.6695348432198704 0.6908140584584526 0.6847089518957655 0.7343017225063327 0.7190361498707122 0.6982995742239291 0.6958398792110908 0.6762165765361089 0.6017007081128934 0.6033397484890144 0.5922765984680046 0.5661235791457064 0.5478601511203955 0.5218682199304524 0.508160358336079 0.5207027830858851 0.5279496412957732 0.5386453067936826 0.54274991218882 0.5463760263421908 0.542049892527404 0.5056220077863537 0.5426107327670809 0.5195386114279539 0.49941743245516906 0.48820916729769004 0.4852985851973619 0.4891615455193378 0.5438781734237352 0.5883779399033308 0.5981562660684999 0.6422396112048804 0.6644410554549006 0.684944604639468 0.6929904306561644 0.710253075478259 0.7221114006530268 0.7181089923467957 0.6908281484954051 0.7257267172999343
0.5532949781320649 0.541397133842159 0.6109319493663915 0.6748121320403296 0.6885323980612681 0.6765504875043208 0.705646892337739 0.6824738705075732 0.6790963959948232 0.6952082728883662 0.656572619875137 0.6416246680684915 0.6421383280936568 0.6024642824729922 0.5564042866090483 0.5680148479223549 0.5261731987693151 0.4893237848084012 0.47875314737956093 0.5506625699482879 0.552229821495051 0.4975634532222657 0.4901971630466374 0.49180368447722805 0.5401431858513743 0.5408871199104784 0.5079359241406924 0.46582557095079447 0.4780156399377246 0.4854247958143821 0.5150629718500365 0.547510527112648 0.5822393091231647 0.5683899270809829 0.5903069275765628 0.6862350946523716 0.7193530679301329 0.7065828759512124 0.7161340346246513 0.760596591573945 0.7572654186437128 0.722597928770865 0.7164738713253329
0.49646462477569253 0.5299729098917654 0.6077783292301683 0.627021734034421 0.6567373799517688 0.6835428918340747 0.6928901603709827 0.6962636112585904 0.7396540011488485 0.6742118217149116 0.6832247155580102 0.6454400434490996 0.6259426042771822 0.6387543382779559 0.5558945506374964 0.5473083367769518 0.5271136209304058 0.47882632995246194 0.4923207970502914 0.5291232687504943 0.5530444104412131 0.5210948241212908 0.49025740195627615 0.4837969551879643 0.48669906022178594 0.509960861924053 0.4811389648164841 0.47328712503993553 0.44206350644472725 0.4837352021608286 0.4779548200313983 0.526772312961407 0.6068825254216376 0.5951270328285289 0.6070757664707904 0.6668360448670028 0.7368576717343694 0.7502721859428335 0.7243327040664517 0.7605128996273419 0.742970573270525 0.7436831076355332 0.7187694156397385
