Raster_benchmarking/continuous/raster-227.asc
NCOLS 100
NROWS 100
XLLCORNER 1743165.6099614836
YLLCORNER 5469280.196176042
CELLSIZE 10
NODATA_VALUE -9999
[rows 76 to 94 of 100, columns 43 to 85 of 100]
0.47123395274240754 0.4740144558781316 0.5193255023002357 0.5273204301609299 0.5309182384989233 0.5220825937830383 0.5025494615152675 0.5402552283407785 0.5226990319093037 0.5189700369743788 0.46958141162167094 0.45472711093338164 0.4568090675327519 0.3988202856592002 0.34946607638068694 0.37046931232436536 0.3472162818048124 0.36476460837840124 0.35166158452805074 0.40898515968585525 0.4138018327952419 0.44499106854450216 0.4108701473811936 0.4676550691673038 0.4691057654564379 0.5240551851246422 0.5122566154438561 0.5390500717011939 0.5521068986459408 0.5412789580658521 0.5454728975202482 0.5027910960559202 0.499501418681169 0.4214799051414906 0.41651920408101806 0.37932488385636765 0.39628756033365625 0.37118743737157334 0.3240299502847111 0.36989349568939345 0.37125552731681916 0.31083806111186596 0.30345299826610517
0.4927354170335811 0.4693938326926572 0.5236301265364324 0.5336895589482786 0.5358987543240878 0.5378041915302024 0.5424553498589517 0.5282502386564633 0.5144348320082152 0.520539443846743 0.5325770472412548 0.4891280070706038 0.45678716320824203 0.4446358661230259 0.42641452093976456 0.41196772942546805 0.4220694096454764 0.40726928259503653 0.3997336199419765 0.45019317936347736 0.47554867145554724 0.45954882380024636 0.4620965491698897 0.45850330842723785 0.5040238191587068 0.521731159705919 0.5083412322791497 0.4921024209325606 0.5615040406148905 0.5575848879307703 0.5145879869497566 0.5154227246948482 0.45235291459016214 0.4260191613269876 0.419801536860323 0.39797308375495566 0.4340544481081135 0.388607719487991 0.3659526108226353 0.39441081267635353 0.39422246437899083 0.3193220389434834 0.3227057500174963
0.4884728104462599 0.4711996666589119 0.501147117080926 0.5122465968342853 0.527104516330562 0.5486851377603534 0.5323379603482532 0.5562296213170141 0.525386915731528 0.5535194836962256 0.5440078864695924 0.5378116618784721 0.47108031697863334 0.4503019871293709 0.4878608306058174 0.49889505873123874 0.45181472542875845 0.42516118968814903 0.4658361331354745 0.4512367273327243 0.4610609340431821 0.4456471156122502 0.4302713346940306 0.4389518377841228 0.49209346416964006 0.5246099711631124 0.49251898155402823 0.4921373501424031 0.5395157750467368 0.5396997502026278 0.5171344307928147 0.5291701765798957 0.4708795490209791 0.4070592028608292 0.3966044131865501 0.4144206835759045 0.4214994775238541 0.39762897395266644 0.4182582529306761 0.44021781380089514 0.3686277966921814 0.3227053282329741 0.33285740682913423
0.5162157332283513 0.4834399861123361 0.5213005850167732 0.49541857625401314 0.5742266244150313 0.5864821066418243 0.549886347729349 0.5306866872518003 0.5202028920480537 0.5220450511341697 0.5359424411741516 0.5400168973116732 0.4857083904094239 0.4791771443830538 0.495423262467446 0.5191387061942065 0.5272115348557285 0.4823041072232277 0.4881041659206839 0.4899006485039851 0.4988640062468406 0.4793986088057044 0.43347788624939054 0.4623874437759375 0.4696374568636763 0.47353224621400314 0.47506046806715213 0.5342604349494118 0.5446179658851716 0.4921514740678961 0.48967654827337753 0.5016506117254762 0.46583614963403497 0.4284767025556367 0.45162448819612 0.4325953754905878 0.46444395934371174 0.4739610610028033 0.4817342204983916 0.4513388762886703 0.41505749150085886 0.3921992161212399 0.3521527692514808
0.4914906464437338 0.5078229780561947 0.5161879127934512 0.5406699639419958 0.5525383798912413 0.576742488823813 0.6228009459908801 0.6042297812213212 0.5356451305902729 0.5196973523668494 0.5770863833280689 0.5234326973209468 0.5068706112808891 0.49427766086345926 0.5116977474846822 0.5430115221444614 0.5203644973328722 0.5140007731849918 0.5422710603707703 0.5142185531864572 0.4992970554434143 0.4518617426298489 0.4209920472461754 0.46414738575614667 0.47795732963040544 0.44842739164767625 0.44644561921990467 0.5167485692815211 0.5430529558431925 0.4966878090747571 0.48395706429442 0.47461778994720344 0.5015219689623461 0.49747084798388524 0.46365065958418905 0.43868535678432696 0.4754191684923894 0.471115691718191 0.5085977686836237 0.46225716594825206 0.43392655334876995 0.4136238945549943 0.3904471205797714
0.513131897593969 0.4807054464736626 0.4978558073310955 0.5574018191436129 0.5912686819933712 0.594252218704663 0.6292855822576758 0.6029644626001984 0.5781818962914252 0.5203961992367149 0.5433593185718517 0.5055303700467345 0.5149947254147298 0.49175771617360414 0.47563820988661926 0.5307554356957953 0.5559784811308366 0.5361395094239558 0.5189089558725426 0.5596143117081966 0.5188173665137545 0.4832368244234981 0.43833589202591694 0.45335375153755864 0.45534393203725015 0.4454064296282182 0.4819019618301187 0.47317757746462286 0.47348477118365395 0.4939480677389036 0.47074065100016166 0.4974995198937025 0.5202335965918315 0.5151713876874814 0.4685897371073626 0.4959242418296713 0.474519938954541 0.5111459521069566 0.5132327018926841 0.4880613167257828 0.47625037103075546 0.44154204648496265 0.4228041441558034
0.46656302830411317 0.4672401022266067 0.553148238276111 0.5513913840597356 0.5565058611324494 0.5814515397498202 0.6228384880121697 0.6188554601239314 0.559004766108857 0.5082699439390732 0.540471365649889 0.48827383731505963 0.5064224448597688 0.5129361389075596 0.4902813644843123 0.504733852851298 0.5327085813098233 0.5245953236966596 0.5583014551977944 0.5490241972512635 0.5771939593032201 0.5054559397637551 0.5297855189338573 0.4396062957996415 0.41315697503173066 0.4374302554777572 0.4374886478548198 0.4922041461377291 0.4884546451333453 0.5152358243420366 0.46939379374554335 0.5047911014051434 0.5435310925402219 0.5204088331428756 0.51898675501254 0.5364218142649823 0.47735598481310687 0.5019316095622787 0.49402140424897456 0.5215987677480826 0.5083727133613654 0.4850046396698316 0.4583743866836211
0.4675667014958757 0.4988861892439028 0.49917568480657637 0.5217553943699056 0.5172466883778858 0.5463755994921786 0.6074305732909386 0.5688639618529086 0.5641257895537124 0.524942686203423 0.5023703897437329 0.49777644933914 0.5147283245073415 0.5159012983200602 0.4938180212583194 0.5013905715756725 0.5365242834388766 0.5666469151560878 0.5609507006338166 0.5862647697000429 0.5699610841794277 0.5403751647438804 0.5091922986479206 0.465035933092137 0.4387543456110414 0.43516818232211335 0.47903746915333845 0.45948956887775216 0.4966061508251383 0.5030324351643101 0.4659249431178966 0.5023360947562994 0.5363164244336203 0.5473696402589323 0.538235505537054 0.5282348721506591 0.4866971552403649 0.48293693817960787 0.5022888070243623 0.5413540194408323 0.52002836532551 0.4670658974415885 0.43976226818081154
0.5125573382757606 0.48278441252098825 0.4897721136198945 0.5176010847507845 0.4796484797266412 0.5098110352909103 0.5972617784244116 0.5707259323217856 0.5224468397865559 0.5326783473201668 0.5037259740313665 0.5335649034438146 0.5024112272436015 0.5096359062745885 0.5297199750232201 0.5457061439908429 0.547413400791587 0.6021907486688998 0.6196089517791258 0.568194947542933 0.5508733543130837 0.5285974642046459 0.5297174227091522 0.491536652001837 0.4626200534089761 0.43029071206933345 0.4688572638915393 0.4696306324286417 0.4997386483818736 0.5247910780733052 0.5041998712547046 0.511998500606048 0.4972835028865866 0.4964771245396204 0.5175429478808089 0.5302875789588797 0.4926155972633219 0.5498449369041656 0.5676914756696901 0.555861916663947 0.5435400086237071 0.5202034770861063 0.4626220694153194
0.5363824273494505 0.5311624044569867 0.5422219856256286 0.5172569883114279 0.4666856749189378 0.5044351347705339 0.5934852244488995 0.583940031056451 0.5370634628545116 0.5597240262315453 0.5188180743548427 0.5294130939479003 0.5137358086268639 0.5241356207452456 0.522827121714943 0.5476817510243097 0.5223352126139262 0.5741568464903003 0.5964159672722619 0.6118875807804662 0.5883806403234186 0.5288258866983758 0.4963477772250002 0.47599067342224116 0.5106892182400408 0.469057369018879 0.521662801186951 0.543811499433949 0.5217590340015015 0.5396221362339865 0.5036104533538085 0.49588743751012715 0.5089327890217202 0.528637337271219 0.5840304485885838 0.5789297886812611 0.5782398112563725 0.5218054113244004 0.536121650713857 0.4981540669580797 0.4897012395778747 0.5052227434671109 0.4250306724888397
0.5413101784471133 0.49057879619800077 0.505152506346854 0.5258956825204913 0.5004792622791031 0.504749130620279 0.5566850415915724 0.5875298095082491 0.5517112280883046 0.5682761201695972 0.5697932110406273 0.5610144235177625 0.5694708795386729 0.5867919299343352 0.5756633099686224 0.5305652488234842 0.5412724483093507 0.5933070946242349 0.6235931315868882 0.6181764991451565 0.5549791158331815 0.5106816018330672 0.5172939014165074 0.5046452598258725 0.5061723246525555 0.4991565919925436 0.559620454268001 0.5520813870929331 0.6008399255315867 0.5384774128657372 0.5208814035507282 0.5132622762163724 0.5720040487158871 0.565205237011577 0.6079989120509492 0.6228593589833586 0.6007108926671587 0.5653646381307227 0.4998617740331305 0.4973783234544302 0.495436783090739 0.5039810120516887 0.42221937828550343
0.46766555505526014 0.5131728168891413 0.5009859546476236 0.4877919617521446 0.5162574227115803 0.5466272419051008 0.5802303259685253 0.5507362818608419 0.5926594829949267 0.5723515575868814 0.5927061665152278 0.593155951378049 0.6162347800622682 0.6041794395399527 0.5664944490341575 0.5520529149995963 0.5371174373669471 0.5924335547938928 0.56873176413413 0.5591114605189712 0.5301970217639983 0.540147986836132 0.5393402273529498 0.5577596018627521 0.5895396863613778 0.5644795752396339 0.5817938019838055 0.6199700925344395 0.5854303554003515 0.5900162632713573 0.6058291353358739 0.5949743499834884 0.5943613634431414 0.6224129638955564 0.5750655411734469 0.5761456219688869 0.5554347893648285 0.5093157749403296 0.485530315710164 0.5146270839461854 0.4579681549608411 0.46875447395148856 0.496312960476745
0.45521210329212836 0.4765569415588064 0.512420408295988 0.5412979066717039 0.5411501783843282 0.5302204834347545 0.5407420818188038 0.6026802889776414 0.6048521978993862 0.6102385130776858 0.622175824751866 0.6118001049565979 0.6395977284998238 0.5855030949240392 0.5342369607583558 0.545223974052348 0.5760386155438432 0.6326784336675765 0.5899436122044329 0.5632527230712078 0.5904183694437691 0.5486893960614783 0.5385924916040505 0.529894519944668 0.5980332898948084 0.6140462513563215 0.631217390893036 0.6200553199577216 0.6474586514802134 0.6394561413302622 0.624472005174544 0.5953028341298527 0.633537856081447 0.6045086093145674 0.597148608121657 0.5534784765056739 0.5079610771075833 0.5046927424807489 0.5001223322557521 0.47050662914247865 0.4638756172834078 0.46380941145953464 0.4872227625778104
0.45959535503612303 0.5085602086825993 0.4937180016887991 0.5031777029899608 0.5306793875982134 0.5379544056735336 0.5380939329995315 0.5886299193682728 0.6195266536246525 0.5962499243478124 0.6274127977709619 0.6247483489502216 0.6013204166685838 0.6083782529584342 0.5990658521637572 0.5723144008752469 0.6077086811128539 0.6420612704167066 0.6241531340301665 0.5668403726535749 0.5514740184281071 0.5721179050850157 0.5678231789988101 0.5575535607317218 0.5551181273944518 0.5781462918354775 0.6319455564410875 0.6209095548728462 0.6195951140115697 0.5953030263912865 0.6026961344366734 0.6249064290573656 0.5885877240170683 0.5965885859193104 0.5942990857138163 0.5805904558787518 0.5491517208794552 0.49253147052469615 0.4998158747953001 0.5017097301625771 0.4689887299431823 0.4645481965505216 0.5155953669511989
0.468127317025566 0.5070241612907196 0.48426296216624093 0.5104922408810807 0.5410578701525957 0.5327766180888047 0.5653153713294248 0.5943235177308092 0.5565925713605474 0.5786697443719315 0.6105023309062622 0.6346301456553662 0.6239712299144242 0.6273837145406026 0.6116632106379862 0.6346185749333084 0.652531564315559 0.620980915050101 0.6234914283953904 0.5962319570432074 0.5870269407889029 0.6031569555737009 0.5748827956952632 0.5907728201598474 0.6158376616255777 0.5990075607797889 0.5975500823243984 0.552520925880028 0.5508607060683567 0.6059206439595389 0.6253902169077773 0.5989062394526582 0.6316510298628576 0.5755704756430627 0.596844203471062 0.5821813357820352 0.5447598756983578 0.5031211870096729 0.5335507472148574 0.5086538641521529 0.4789418835076572 0.5036714160981901 0.4893141251470717
0.44491954573771103 0.4892805037799449 0.5065528947362788 0.5140589713656554 0.4941606990950196 0.4865378773607642 0.5332166364238892 0.558194441493989 0.550166772336025 0.5872967071735237 0.5914139783325344 0.6186007029215138 0.640248724371302 0.6863024505688734 0.6644915516360456 0.6361053534776461 0.6121704121763841 0.619814455390914 0.6334564047067468 0.6388544799098188 0.6143701299577919 0.6369132743339289 0.5933219872037145 0.5903077497132678 0.6403755377447635 0.605838349300599 0.622463538317538 0.5478585038314492 0.519825917996639 0.5598093618675379 0.5485584498194038 0.5954749608685214 0.5827212953558158 0.5584153059652862 0.6133026566050495 0.5878203122971631 0.5399826755544945 0.5162243656076426 0.5521304654251759 0.5226607363158549 0.481200676713247 0.467215040059238 0.46455600216294296
0.4478766664402 0.4775326967485508 0.4231381580893928 0.4743184197844077 0.4928424630904054 0.4544649161790634 0.48020863673214864 0.5344614393141377 0.57995634174747 0.6463865653055604 0.676676815896546 0.6665960911691166 0.6975747832495134 0.7120043295511265 0.711286329663583 0.6829628230028129 0.6301373677727075 0.6063717084946024 0.6393391753223976 0.6342841715769888 0.6481600849427555 0.6228682773122994 0.6364912727813293 0.6381057442845305 0.6655081550757249 0.6264528016474599 0.6089544498634943 0.580306199901784 0.5044572094978493 0.530000375828111 0.508412248800883 0.5390277261326907 0.5377868175761571 0.5258216663793227 0.5886244233076041 0.5893487488331689 0.5742183535423814 0.5100309348590361 0.5284615370721015 0.4811437748209986 0.4626159130095356 0.45682591834212416 0.3724146399238877
0.44769403150340203 0.4144284654253292 0.44469978768129753 0.4250866032932379 0.4770282097007417 0.47200390820652177 0.5290085873117804 0.5281901340263552 0.5522441921035739 0.624612402936216 0.6367459050087438 0.6840226310905408 0.6516483452640743 0.6928935624476137 0.6642127181661904 0.621294342301754 0.6216116827454373 0.6332825767322406 0.6334396719201089 0.6408657859886964 0.6613678174797696 0.6299736018255072 0.590529102791707 0.6331258455182869 0.6492503529144563 0.6095246518623489 0.5651842513790314 0.5433274160260376 0.5504739846702219 0.5065791328188458 0.5391618185166392 0.5263036482736683 0.5135833516661574 0.532659922476774 0.5586520759850466 0.5360475671136409 0.5272114676504854 0.5297293227901358 0.5148035615954816 0.514829266833957 0.4827585442977893 0.4293102472681026 0.4064397186648752
0.38656005869725985 0.39580219189891036 0.4517649689058087 0.40935070707928073 0.4179770926206933 0.4975148235298027 0.526772657410198 0.5456871334630484 0.56628267689357 0.5599522100233625 0.5904965455821397 0.6334188539177442 0.6366468124214587 0.6772666531757999 0.6296598876369828 0.6410541571003109 0.5880209136378808 0.6410716832056342 0.6502407770782009 0.598632796039877 0.6167450788468171 0.5850138133615248 0.5978768661343871 0.5792097361781647 0.5779020609378016 0.611313135190814 0.5721998299424075 0.5432932516738703 0.5226061102316993 0.5255106600242458 0.5261328188918265 0.5150448580218167 0.5077751621935601 0.5264234773782689 0.5756771462835669 0.5592206898318371 0.5267735187978756 0.5403876865138189 0.5124198627963212 0.4759967822346285 0.5087353472411166 0.4541185467490812 0.4661756715159161
