Raster_benchmarking/continuous/raster-233.asc
NCOLS 100
NROWS 100
XLLCORNER 1743156.0109088467
YLLCORNER 5469279.410650914
CELLSIZE 10
NODATA_VALUE -9999
[rows 57 to 75 of 100, columns 43 to 85 of 100]
0.39484533234762 0.4088326639223332 0.3728726490886659 0.3361287749809437 0.3474731443149554 0.3323184800336486 0.38065005057025897 0.3624563757269066 0.3373540351846157 0.32428628820126404 0.33262422896171695 0.340532854280235 0.3561980431191407 0.3821984471958033 0.36891456483697777 0.39638867263617406 0.4114394185391417 0.4201077114110591 0.46440336226385087 0.46663211755861755 0.5255423892297674 0.56181765243695 0.5562084949375858 0.5581612713090905 0.5676768202232112 0.6256406275555414 0.6388908170266789 0.6187860468825009 0.6759227723577459 0.6812246392877511 0.7020872518162663 0.6894994716335133 0.6964134186458338 0.7036528782012358 0.7012714664726045 0.7035220384346325 0.7149196837400968 0.717072298949675 0.7137091920232951 0.7472337772104168 0.7081811112753229 0.7051300936277762 0.7311274831101269
0.3925315743315009 0.4137266396199018 0.41175933355362115 0.39648601751249385 0.37275007873381283 0.35869842189664564 0.3614274897404331 0.3325349541885095 0.33183845577748633 0.3303758127535454 0.34368196374924137 0.3445478942052742 0.35300609559508517 0.33862844121500685 0.3557319851009377 0.37637598150222196 0.4262177706774833 0.4043542216887949 0.44026934576225357 0.467140772481096 0.5286605503848267 0.530549500003212 0.5950930849926971 0.5772849148705808 0.6320225779123603 0.6492110819978024 0.6582347670616359 0.6527813894506866 0.686593090553321 0.6824690873816717 0.7152870634800841 0.7200912376918769 0.7006535292453511 0.6853592338898549 0.7171826126917074 0.7010894099268548 0.7356210772573084 0.6950257227631278 0.7282506578939671 0.7333690136874712 0.7190251640452062 0.7377897529836756 0.7106501308501479
0.3550341480810745 0.3965480952594492 0.37172636475634224 0.39776414275396677 0.4048628962266926 0.3799867090850966 0.35919760919718996 0.36138422684656396 0.39092187931458394 0.3819122496599204 0.38502252742109877 0.36795267980501517 0.3556092202568691 0.3445623238433675 0.38313482387859127 0.37098133881527456 0.4270010581956523 0.4414827515557977 0.4484792387162964 0.4674559645588747 0.5394508309260927 0.5473442974840963 0.5914327434016339 0.6217458460640064 0.6333871095422421 0.684489928107059 0.7138434975320437 0.7050706466264571 0.71791865943049 0.7476006194411658 0.7393446655198701 0.7440380757355187 0.7082535770942378 0.7255802924539992 0.7121007098800338 0.7051886522776322 0.7286463988153509 0.7091295673229058 0.7212379583869081 0.7048295702474721 0.7034282737819363 0.7125044356640787 0.7123725849602237
0.33978808852657233 0.39395475492829096 0.3815550924833124 0.37887302030566933 0.36573111943038755 0.34670641029869165 0.3453920003851532 0.37943324194576566 0.3920069400410193 0.36548702018497653 0.37571795681588765 0.3852283051190065 0.37916433527868715 0.38458339276354325 0.39984430377846664 0.3781194828977584 0.44674028271548677 0.4391694826060726 0.43917642699940773 0.49184737330934253 0.5037097389539956 0.5299540769178254 0.5760606120283299 0.6108207534361283 0.6745650454641263 0.6947812937112519 0.7043306336448395 0.7167829852969378 0.7371898698140441 0.775210342871242 0.7422655973077127 0.7158391289734785 0.7493817802667982 0.7324963577175888 0.7376297710974232 0.7243295680089026 0.6873021540358952 0.7332833922341224 0.7568656980195091 0.7822191071395985 0.7704134802098491 0.757977484331376 0.7394238688574392
0.32394915653545225 0.3525191722190995 0.36001198719125144 0.30459179375821016 0.3124073520530805 0.3426146746977466 0.37029282154424564 0.3417201903583616 0.37530632656518426 0.38015855229612594 0.4146634433291821 0.44967820362819083 0.4533027453764827 0.41971346544674704 0.3972527841212017 0.40222004779739073 0.44697271108301734 0.465398888529876 0.4412547959661109 0.4930026043447864 0.5395971565447052 0.5591910276808765 0.5947093553470055 0.6515311135820863 0.6535019089275811 0.6983583009990982 0.6827801736616734 0.7180256215549344 0.7329231112465406 0.7779670409609672 0.7441634308808035 0.7278994747582613 0.7139851897910431 0.7431049081948621 0.7467821683697478 0.7134437301438052 0.6896603982851844 0.7066386485088576 0.7471344802763997 0.7951684079208611 0.7907963650114122 0.756474743850732 0.7636940472584571
0.30930864231964084 0.30198790601052133 0.3426097775098768 0.3347447014092018 0.3177326831220815 0.3239005020746539 0.3413985384458081 0.39750399218304516 0.3849778265158157 0.4161534307243504 0.42530202444507387 0.4495427195847197 0.45391167083977296 0.422799993879073 0.3965664415919396 0.4213797608532837 0.45470436428627126 0.4961044692417276 0.47248806210496197 0.5251349475513546 0.5378767407134056 0.5895243831952584 0.6522252527359544 0.6743584066361812 0.6705289537524938 0.7234047424184217 0.7064781425420005 0.7478520078193932 0.7735574259940202 0.7828437976212866 0.7611957490610324 0.7319194932654501 0.7446866707609485 0.7660596965680836 0.7651166750158881 0.7255326113684919 0.7182959605888615 0.7197481607763613 0.7808892917688718 0.7734137315877473 0.7946246336606735 0.7735609585080135 0.8094567993998286
0.27170748641888787 0.2948625974180479 0.31815916540988176 0.33303315593742966 0.3276350593580772 0.32518837824395574 0.37988659716721873 0.4222913810985001 0.4284958338387074 0.4579747246991318 0.4473605312049305 0.4862348831018354 0.49308774830374597 0.4303454408469338 0.4241759689245338 0.4461612136571933 0.46963514484990726 0.4981334334550032 0.4734441614380937 0.5323255878500874 0.5670091277319652 0.6206390413259283 0.65523556113837 0.6833482656501155 0.7044504896578752 0.7164453054347296 0.729853109860535 0.7477985657559676 0.7487215791911763 0.7590820365559142 0.7607188551033235 0.7871442797698149 0.7363684026325105 0.751805431988907 0.7315903455171616 0.7498974017358176 0.7294382844218983 0.7660968069054234 0.780093314477368 0.7693634097921569 0.8104611837953101 0.8267435983365121 0.8066285023858427
0.2628658581549566 0.3200460921388975 0.2932504731042019 0.3236162261898277 0.31228190139918777 0.36125458599837057 0.3677237627648006 0.42910664487287203 0.44543742445985796 0.46945878077181574 0.4911583375466865 0.5090794225891837 0.49092340451599326 0.4661851947492557 0.4376379441184619 0.4508268054534878 0.4829006208917637 0.49656508297246144 0.5022596035304081 0.5264415800803742 0.5785455587236691 0.5874738547970292 0.6306969253956342 0.6151940202843166 0.6642448747665799 0.6832029062089621 0.7145557207439244 0.7223289246848693 0.7152250005843669 0.756532237701029 0.75482983264384 0.7625360303235897 0.7582450336165617 0.7511136702614004 0.751854918268187 0.7854741292359205 0.7700481615466617 0.7537848577219027 0.7500951166330232 0.7635789402011758 0.7984920601586262 0.8153112450719757 0.8182607117704508
0.2660639371476673 0.3298059261262966 0.31541618333578064 0.30727704271384504 0.3098504033904715 0.32769038953395674 0.3757096428197559 0.4196772786495438 0.45113439567915725 0.48970651473356197 0.47297517383458787 0.4853021973069605 0.4828269032371219 0.4566912073571469 0.44702659835743264 0.4906147639311855 0.5164147507433026 0.5148264153417522 0.5325164757906863 0.5295806282864994 0.5860495214265256 0.5619414332428735 0.557598048617945 0.5824559005390189 0.627789588219627 0.6136695015006841 0.6619802702403174 0.6729298695155257 0.7182058148043174 0.7813386834496671 0.8045033428273541 0.7632287057641799 0.8062983646993858 0.7945908717644337 0.8088098286467112 0.7824394102983633 0.7836898820268228 0.7711795708077033 0.7534723801783574 0.7291554154869603 0.7745037009970996 0.7901272246477454 0.7810162022997011
0.2642489538639862 0.32639170736299605 0.3162728297638447 0.34466176819317645 0.367818735271694 0.3865534918846776 0.379055935095533 0.40465436464899585 0.4285479809323365 0.46498872259326246 0.43349856249044333 0.46987504430755583 0.4759795507549183 0.4734478086624869 0.47222050633200213 0.49068341045160874 0.5088156508264834 0.5037794671009436 0.505231039029793 0.5520211336195812 0.563412901950075 0.5493553517171202 0.5599954564133863 0.5943792483396213 0.6064328115422024 0.5939889364282732 0.6631038491874414 0.6548159569598769 0.7329625443545569 0.773764009480167 0.8058235986418288 0.7909442148841915 0.8164582243398842 0.8235239928547322 0.8003619427907562 0.7460498814505284 0.7614542895533776 0.7550563019385939 0.7030434246185194 0.7299413756169473 0.7518706495084108 0.7659152044899719 0.7843022841589864
0.2528535917209749 0.32230353570903747 0.344281257175072 0.3561602994787491 0.3533255360131426 0.4133659189101225 0.3599386430130983 0.38338354974847183 0.38840685263677194 0.4468849687860662 0.4152142715671912 0.42446326511906474 0.44300956753122483 0.43282007783297194 0.4407990170907588 0.47257018027249653 0.5018154211756953 0.5075452757084445 0.5385471802823878 0.5431355955389473 0.526904210698515 0.5110972321938558 0.5519347390647946 0.525177652680145 0.6039313109797216 0.5970068532366257 0.657539268503145 0.6625568369646199 0.7153196066770423 0.800026868406535 0.8278992161112224 0.8081692429944987 0.826219137099213 0.8445874103312195 0.8175801402947471 0.7495612104924698 0.7566633085239349 0.716667779384156 0.688266757894464 0.6753442982322729 0.7416720852977593 0.7614284887411708 0.7511311605684149
0.2763520775380916 0.3003406773629444 0.32452264171299805 0.34186038936352425 0.376046599594224 0.35706349084329897 0.3627616036019179 0.37738676400849985 0.39510509582299846 0.417331142010024 0.44831978269947265 0.44846894228323564 0.4156268217701355 0.45472685696668075 0.4397575185027979 0.5029984111540201 0.47552364074565145 0.4577762836908088 0.495904227770854 0.4931235916521373 0.4976116180447541 0.49751229205252684 0.5390343715847006 0.548485655046207 0.5813020355034564 0.5914231038878198 0.6327209641551039 0.7128256638238678 0.7662147939238221 0.8161784329553806 0.8398414210567301 0.8089248167723887 0.7990389136897651 0.7903829847196828 0.7863443338867977 0.7333439147467223 0.7461116829361267 0.740507566635795 0.706963299151322 0.6673693342528236 0.7172317270539587 0.7369776018633579 0.7530921558070455
0.2833286194217175 0.264468210068476 0.29274150007608074 0.3028387369907529 0.33917251967954404 0.3365541439587238 0.3352582666747923 0.4068357986240904 0.37967261565228705 0.39411588851739154 0.39202044196646557 0.42060041538138815 0.41674363444912466 0.4421536223559363 0.48825960220133346 0.51455711811938 0.5067711087896417 0.45053377214045454 0.4780855308893359 0.49154071765441837 0.4768776154827813 0.5208656050489817 0.5471057191700699 0.5950211801004341 0.6033204845161125 0.6318577571085668 0.6852856942684152 0.7384922100285929 0.76655686067819 0.8114191159694113 0.7933443887568477 0.8280150042179937 0.7948842495355205 0.7989488576234952 0.7554927152227905 0.7221471147819715 0.7540045900320016 0.7140332568653794 0.6867035564528926 0.6683402948202699 0.6806518561492144 0.7025998472310563 0.710108754568963
0.2735446210327938 0.3063494062929195 0.2974832705248874 0.2853258500104121 0.3179757390232763 0.33220368855990656 0.30785750721547894 0.32757552100765636 0.36783871674697965 0.3687635568223166 0.4137807764397868 0.42379277035551194 0.4473230295719334 0.4668564811124648 0.4730485065666042 0.4607874356739033 0.4897410242557118 0.4533802607348018 0.49552180272731594 0.48284587244446747 0.5096622380489926 0.535680021508675 0.5717534778367117 0.5647733518804086 0.6116067514874949 0.6540751518414667 0.693316930992195 0.744905888146704 0.7785887390088931 0.8179784990688904 0.8023562405474215 0.8117240212124525 0.831546067548725 0.8140859813570792 0.750460816776988 0.7546946653386265 0.7218028018161661 0.7126919599610116 0.6883127412018298 0.6604533033602232 0.6673196211179248 0.676482805785348 0.6819987496764365
0.2820750262035946 0.28771988560001466 0.25156567730821094 0.2811099266556988 0.2956185857868045 0.2726499219094547 0.31016806740188746 0.31974003536070245 0.34951381993124 0.359927775769155 0.3883416159108286 0.4571685811211721 0.4435453864525455 0.46771172863616955 0.4409717816406085 0.4686713119590976 0.45745188501723794 0.47464238730630376 0.504087875123463 0.5372364880131497 0.5356880804486622 0.5780886515666579 0.599857055229611 0.5694481584298834 0.5725628665338931 0.5992120454531543 0.7012030269044707 0.7573306706284201 0.7628465623982608 0.7954581943460182 0.8010119465481612 0.840545926098521 0.8352039527515838 0.8085599610001388 0.7765424914972888 0.7636912032579926 0.6999464942334719 0.6363082080581494 0.6639672616901191 0.6546439068021308 0.6221419740229505 0.6478265289484032 0.6394499148623981
0.2526260126043261 0.23683040969435426 0.25123826261683285 0.24573392797740806 0.26355525231305554 0.29598872970771917 0.2845219945338936 0.3144236133837024 0.31197946667275517 0.33567848348507745 0.3883558084270564 0.4474715243963715 0.4419585427297626 0.4102973515695469 0.4183972701841461 0.437020609705289 0.48894580663233067 0.4951885716450767 0.4970618600220997 0.5606753253663876 0.5767843226857525 0.5874583475133598 0.580888522246509 0.5702447180090617 0.58564888035567 0.6321448812613019 0.6622419294799626 0.7606008310381477 0.8063596463899151 0.8099853447582541 0.8093318915955701 0.8147202202079339 0.8025978801089807 0.8202066052953104 0.7870574502583704 0.7397854314248464 0.6878469195617785 0.6687933145980008 0.619364641124055 0.6358735466847187 0.6310904809335255 0.6155056975369858 0.6289132445660476
0.2710585074182815 0.24535739130152806 0.2649708416356441 0.24786556720315653 0.26169750312317097 0.2708654908029726 0.3069780326278976 0.3089723240614082 0.30654132226451564 0.33410962603387123 0.38489546806015157 0.4109881209284404 0.40362557150298467 0.37028094126263383 0.4080763837927074 0.4626033563209007 0.4699143602406868 0.46279680747944274 0.5036468018713116 0.5198767686683569 0.5338962851658383 0.5813492747656004 0.5835569049185538 0.5909396920610598 0.5997416368248518 0.6377067127532031 0.7029096306658941 0.7429404770564656 0.796860903900627 0.8318992075670519 0.8130269548272193 0.7824255822482163 0.7997588864866672 0.7865158861220231 0.7504345544634636 0.7306067928963875 0.6981555208916141 0.6367275607539759 0.6203145171797357 0.620562767588185 0.5907886011806974 0.5774420004408928 0.6358509574755042
0.23941862484386733 0.2714478358267909 0.2471311050750998 0.22232011553201836 0.26443863685054797 0.2690565260772462 0.3040223017308763 0.2690884811354243 0.3006159669766923 0.363263333120199 0.3955298692168185 0.3871569967029801 0.359958891121226 0.3779575540633893 0.3707069849049724 0.4017520597735232 0.47273647043493083 0.47083543468940625 0.4869947649452435 0.47348569345334096 0.5371037348122827 0.5484175505109559 0.5484803685009411 0.5946436798998939 0.6249867280533813 0.6409844959414113 0.6926863328089394 0.7576237067656643 0.7863202917890648 0.793496367945202 0.8071217401213593 0.8009955359759505 0.7793906800681151 0.7353097405489128 0.7246829666666301 0.7112993180807083 0.6792196223890751 0.6731341759780234 0.6349272906010048 0.6288906443442827 0.5782603475990625 0.5914667722600294 0.6101446336029899
0.24428452856914923 0.2627702284699974 0.24206965603821803 0.21741299248090218 0.2376949725134573 0.2664926438841604 0.25338287398107345 0.26487316483918205 0.2982291942776422 0.3583135306164738 0.36582725121087195 0.38417836994594745 0.3302529880843855 0.30233150770949313 0.35458063018080394 0.3941182445845455 0.4247490301300139 0.47845998647285615 0.4575153148833966 0.4428036157468395 0.46641628719700784 0.5066329870889413 0.5402281281158111 0.5986846690429485 0.6569672288530066 0.7052975225150643 0.7093006883609763 0.7347492018517564 0.7510075765108333 0.842153516342953 0.7819779364870987 0.783358091383228 0.7646519466078207 0.6873574411659211 0.6895230661934042 0.6253815562442185 0.6217322380576497 0.6448887677153031 0.6115039115749816 0.6127027287997645 0.5754249250079908 0.5751375008596656 0.5612569265209026
