Raster_benchmarking/continuous/raster-193.asc
NCOLS 100
NROWS 100
XLLCORNER 1743162.0360018555
YLLCORNER 5469297.094424226
CELLSIZE 10
NODATA_VALUE -9999
[rows 0 to 18 of 100, columns 0 to 42 of 100]
0.4306775760238651 0.4316282933937281 0.3863466247628684 0.39034097068974016 0.3696524322889698 0.3401630566722161 0.32478289255591863 0.29676692967338697 0.32315524614122637 0.3355311697677367 0.362549780101472 0.37961829809153624 0.3526708372020846 0.37372311182865736 0.4377680891441367 0.45496738153245697 0.542651450801909 0.5824892589747375 0.5894152594628642 0.6273474398912791 0.6324713627026184 0.578281320334308 0.5637765156380086 0.58679576623767 0.5942299081761208 0.5779722361879364 0.609997491816935 0.6485039726884654 0.6380445621782952 0.6263069460663021 0.5993298136687769 0.6371753410127393 0.6215664155194999 0.593396239016335 0.620808199703528 0.6389600545304421 0.6450985199411138 0.6760116576887217 0.6896757343441832 0.7037316450728263 0.7038862575062246 0.722987874402431 0.708204226773194
0.42446185834261185 0.4191280398609391 0.37020396225184765 0.37200038241301475 0.3625625928859001 0.35960477147162506 0.34615368235657257 0.32599453535555856 0.3304312125320705 0.36454698201930885 0.36639944597500995 0.3785836120189112 0.3742233233460322 0.44820493705107345 0.4815466736981948 0.4879544124542145 0.5611024534759813 0.5913700686003364 0.6299132347710278 0.652717650603729 0.6177748552860404 0.5604087544143074 0.5793457312499214 0.5717858408858058 0.5960074887601551 0.5806496726415623 0.6305288895557308 0.6467444464825473 0.6159500888331185 0.6375746800385869 0.6107344779877419 0.616688436168387 0.5761442193627242 0.5773113306209386 0.637472695520416 0.6228295530363632 0.6709411026478383 0.6924224290497738 0.675931807502421 0.7009368539798889 0.7138628968080464 0.7219643742923293 0.7433298195459704
0.4598255225915372 0.40007252700448226 0.35219896277825835 0.32184420342835063 0.32134912924664455 0.3134654622049881 0.3420992507334325 0.32480892371686776 0.3522490542203667 0.3585444355842974 0.3564723612928546 0.3570798259043719 0.41328794628125587 0.4648003992160668 0.49198751565636445 0.5465213859716951 0.5572647020050785 0.605929619086385 0.6251118203448796 0.6612586530029754 0.6203578945771174 0.5692432555906001 0.5932868538430532 0.5762905680076182 0.598407643118485 0.6238915567637876 0.6188804041320722 0.6158032458797997 0.6221180865872942 0.6003178374243702 0.5954025751716212 0.580276496816617 0.6103462871067903 0.5899421723025242 0.611470874115289 0.6514567468183593 0.6529071790278328 0.6625640354706361 0.6738274637591514 0.6297537906209798 0.7076910991922543 0.704255606301918 0.7461388877976128
0.4586301581334856 0.39800464938952174 0.39710460030997924 0.34295574950362767 0.3541293412156566 0.3329697109700667 0.34701891106615945 0.3586592687205757 0.3769617060107904 0.3693102749274303 0.38146516479798004 0.398886625196579 0.4689366040647916 0.5206615206394811 0.5182496488171633 0.5303649378497186 0.5497563772707961 0.5807155619748684 0.6309051837519829 0.6565649297274488 0.632278213578289 0.6132774610712715 0.5713426148917393 0.5798509031732241 0.6342327354272518 0.647276928073304 0.5949595561465302 0.5859084057063685 0.5925377942369984 0.5998389720651002 0.5939275304603768 0.5971444725448956 0.6019456885662272 0.6461811451869964 0.6672344177880575 0.6841770216161086 0.6651296216803623 0.6773540716245033 0.6840944054620386 0.6857543402664158 0.7020964246332237 0.710822808160642 0.7355379966848786
0.42117379234377367 0.42504304672519466 0.412118880607067 0.3510032164420107 0.3694233300753615 0.3314055965910589 0.322917505673083 0.3265056817562981 0.40234493776663255 0.4354547076682708 0.46804223249498333 0.47998526296754274 0.5265878498473917 0.5416879970660265 0.5116303640648452 0.5437262607703585 0.5670592906376044 0.5615382859991591 0.5830921595228108 0.630712537079576 0.6190863901576475 0.6057765001454911 0.5800965690894564 0.6013602268955208 0.5974860944131763 0.6450093395261703 0.6393376624017447 0.6050105490041658 0.6277321894936323 0.6170252353378859 0.6237978599733668 0.640708820519892 0.6649282641024071 0.6445068519735885 0.6814054940493119 0.7176176684527483 0.7081899954550183 0.7026415490372553 0.7343272772377768 0.725236908165734 0.7169333669721912 0.7462243212280987 0.758800233539133
0.4556211589457948 0.4495464436682837 0.41048851581903434 0.41065349197719175 0.3771346485000174 0.4030299782414321 0.36546419738957936 0.3742878692311661 0.40393561651114596 0.4451928781879977 0.5169436155569377 0.5201625268303474 0.5473458948558751 0.5542382869442732 0.5254059946321586 0.5288259857278721 0.5342415600100715 0.57942630818523 0.6049057820147198 0.6005294315937382 0.6041709983071624 0.6057984679247961 0.6211678483510532 0.591946053597679 0.6017269285696756 0.5978106501717475 0.6281453560074897 0.6358377969344461 0.6306579714989057 0.6213904118558791 0.65003873079519 0.6508674958786614 0.6730793146162918 0.717315568826918 0.7115432001634782 0.7132120808037391 0.7204818143528614 0.7367356703290451 0.7199049472907898 0.7249705849558322 0.7713739292261789 0.776856965949105 0.7659261242621328
0.42928808680326175 0.4277025110570001 0.44821781429511176 0.4366409419699752 0.435645772589611 0.4532574861752276 0.4108798120113765 0.3832245543778534 0.4478253396201834 0.5205126413121924 0.5541370755617426 0.5408494157666199 0.5281128675817074 0.5442792394395916 0.534040444447873 0.546839561927343 0.5781886575143872 0.5794280567023201 0.6077270596164266 0.5897994431678547 0.6255104770349318 0.5985461085468741 0.5983952011321941 0.6310780169977693 0.6054402826913734 0.6217013921585176 0.5930646853254832 0.6002762809701653 0.6219650387201737 0.6615347726683195 0.6818741542253685 0.6594730323718823 0.7262297852347933 0.7713099966600279 0.7606202110856424 0.8015636337201532 0.7633517290713815 0.7315774788462197 0.7352685108679372 0.7493676948595376 0.7815849680086756 0.8070017114085629 0.793257061835471
0.44504760679475613 0.4322622771433329 0.4474590872260443 0.48285758372213344 0.4596962938355336 0.4442452745684762 0.43635584273940936 0.45549531923575937 0.4623177420068032 0.537198569935291 0.5549932421656069 0.5356452497797123 0.5675628354540845 0.5334477098548828 0.5627744122481253 0.5883574730366324 0.587945091367792 0.6010025059998989 0.6372161509580354 0.6359671973865427 0.618173558114188 0.6575667916803231 0.6430811905670765 0.6747524412940619 0.6315129552700044 0.6641725928352447 0.6298266758987685 0.6576784840043816 0.6722675315305682 0.6733961854208181 0.6688321081909931 0.7009819135922848 0.7155741682498873 0.7550333415223612 0.7933813472345669 0.7902680525761655 0.8070113651650643 0.7777961115302586 0.8016658175876022 0.8045276867787076 0.8090775507994442 0.8086227165922896 0.8034530897722745
0.4566534034139249 0.4700158566967776 0.4588341646214072 0.5051097280991982 0.5189165831938425 0.516640834156964 0.4723464486005448 0.49581418448884074 0.5286690804639588 0.5396774097258847 0.5806711861629703 0.5794783617587591 0.5427133834477721 0.5234063349725788 0.5523050823491648 0.6002378154507706 0.5856523190133586 0.614390348214937 0.6479586605984458 0.6756131666878856 0.7032777335136366 0.694108332103626 0.6860800586181695 0.7167122747963541 0.7033517784590047 0.6639386159337276 0.6831691850768983 0.6604332126081993 0.6908168174877843 0.7099249110994437 0.7029535759933533 0.687212014040401 0.7089673134543916 0.7959093914783352 0.8058570697629455 0.7895531560667509 0.771976964822619 0.8093538560798577 0.8061807783745182 0.8076528288173034 0.8067965848248136 0.837090987745654 0.8463944993935572
0.43064397237602725 0.4140743552157026 0.44869076962562077 0.49178245978440516 0.5256268663002498 0.5322638028287198 0.5221227112563425 0.5530363989613402 0.551246499341992 0.5421550474825236 0.5619094385610619 0.5578026806737879 0.5684188323526653 0.5877337559448769 0.6076509038932281 0.6025393323780989 0.5838357912409161 0.5957569395453427 0.6484325873935064 0.7295728718601006 0.7396226922022722 0.7475387760659495 0.7291424065249786 0.7104163091801808 0.7060300633671873 0.6806782004526948 0.6961405923644816 0.6821474367725943 0.7019214068951933 0.6812802965591475 0.6936341680493041 0.7137484013867482 0.732121109925436 0.7611050887647022 0.8216214115322295 0.8269111878345177 0.7898770062542968 0.7929815460936379 0.836633786329677 0.8710315730419629 0.8644343820033539 0.8406556250638703 0.8513530552307605
0.42440402708470343 0.39327362455161763 0.4494899071735428 0.5144047343841992 0.5302078868573004 0.5485846838670052 0.5775584150307603 0.5752999979955232 0.5822951825054221 0.5623767178657431 0.5717983562011296 0.5802758007978871 0.6003704655446476 0.6103957575337439 0.6092926839562238 0.5977334733594915 0.616679446227849 0.6293088544375457 0.6839066197291614 0.7722178221976411 0.7311346424168254 0.7359818626593708 0.7598465431358228 0.7635580275657325 0.7646230404659431 0.7578398381585492 0.7402821769740792 0.7178791343081263 0.7370065829964888 0.7277130338304351 0.705949046412073 0.6858299566384954 0.7187068213392677 0.775459411113518 0.8060413870785366 0.8559891608585171 0.82944165673985 0.8107540329236824 0.8386618966209226 0.8732090369426866 0.8696305924692088 0.831413630127558 0.873996020203012
0.40811181873032293 0.3928950072305258 0.4411044330013577 0.477662493453431 0.5413902570030364 0.5282341897239953 0.5616209138789173 0.5890866094860109 0.5731731639042096 0.5810449400669834 0.565114383633804 0.5461792894370646 0.5645103472634442 0.5944260452049878 0.5815843181074397 0.6234358146748991 0.6023071341179171 0.6441983852873043 0.6617982502630823 0.7072145742328817 0.7329216195403415 0.7647221101949474 0.7600178392609498 0.7677203011826784 0.7622411507095895 0.7523223593881719 0.7534679291944776 0.7462689114612855 0.7424432124574992 0.736192091805525 0.7495513641086157 0.7768775527072153 0.7878248379628965 0.771493422521549 0.7848266882890406 0.8364791735498711 0.8537248864545813 0.8194886923624749 0.8611487579458409 0.8673945329464956 0.8430364682330437 0.8271652898400779 0.8668642543331845
0.39906243302043254 0.3569244960020045 0.4284127966575795 0.4641612216299769 0.4984153130084621 0.5395192422374583 0.566723401853145 0.5597526943759998 0.5586272427556784 0.5355038541629911 0.5665704329881676 0.5700493659233039 0.5815193268560632 0.5810779326203028 0.5935801979672352 0.6254930129527496 0.6319648336886375 0.6530004927915793 0.691025601607125 0.6880197107193653 0.7396119936609228 0.7501282808848793 0.7518994136923746 0.7109104573901547 0.7325606468405984 0.7305449530837129 0.7741637337251565 0.7702868359942826 0.7709517747798903 0.7584166527741835 0.7624036695769607 0.7859354049116567 0.7864545021155451 0.8159472957586975 0.8134852049666011 0.7872081375693709 0.8187410113582224 0.8522587935356015 0.8198440620329777 0.8170642234800504 0.8613039391596651 0.8726545873530663 0.8593502290596703
0.3628014595753269 0.33577377098427064 0.395728922490234 0.4311643440327287 0.47412405331442986 0.5281355549512569 0.5233616735899705 0.531931539222347 0.5660084901352905 0.5443557938610318 0.5341131435326391 0.5527309653039993 0.5576750251372466 0.5884163459057575 0.6456661110191554 0.6857163756840883 0.6720865355984595 0.6706755475382109 0.6852699485108792 0.7113506456059547 0.711700939130718 0.7105202467072165 0.6996477745666134 0.7164888599179815 0.7288836580942414 0.739182279838319 0.7624667523685865 0.7202130822125022 0.7215293182888238 0.7489517232464573 0.7462313456322868 0.809139424469496 0.8130400221018749 0.7972176519518328 0.815846901462989 0.8162215805588059 0.8292615772431903 0.830296825958959 0.8362752034985677 0.8129004904493258 0.8262706519991663 0.8462756784845961 0.8714423345545048
0.35527640232952307 0.3238830035505507 0.3505506237936164 0.36364400241575967 0.4042612472788406 0.4941341475188542 0.4927839958322274 0.5368313716736929 0.5438217100762953 0.5493480440213837 0.5354183752137148 0.5150696370274704 0.5792666231360399 0.5628336600185067 0.6657617189845714 0.7110590449596851 0.6813692851387397 0.6575589999917365 0.6512148480161453 0.6930547695162819 0.7266737629938955 0.7377660696634962 0.7247037290578362 0.6925025065162395 0.7035943373512618 0.7296809183833396 0.7627581928895386 0.7172586467400119 0.7363431166918178 0.7285600522115122 0.7825923988004723 0.8123864360332953 0.8067787462292477 0.8212732091690471 0.7862550142908308 0.7961358764525277 0.825312681294759 0.7938880142845195 0.8073983446609745 0.806628053133177 0.8177932043988339 0.8684150840021508 0.8371226970043218
0.3254182107063514 0.3190829780080713 0.3463464646969153 0.3730325506759259 0.3869293219815 0.4215803149611176 0.46046705140088523 0.49307849478409876 0.5293000163319725 0.5235364865685193 0.5281608564056519 0.5371570451280789 0.5725028068824014 0.5933366902372141 0.6346164152997147 0.6558756287200016 0.6978999585755717 0.7055289719546488 0.6696508988812445 0.7111612923302266 0.7144384699692715 0.7296605569299913 0.7345975330699122 0.7109788390366667 0.7094554332572646 0.7567789132387351 0.7472079341364695 0.7607013022167909 0.7645789257837192 0.7301716208232092 0.7639312181764539 0.8221765001791947 0.8333890869157892 0.831752176211897 0.8086657817467509 0.8022998329382841 0.8096813983818375 0.8400779564138593 0.8149006027180565 0.7949016975637664 0.8336892647237895 0.8728034920840599 0.8468491842630378
0.3208425063746708 0.35140811415291934 0.369094802493058 0.39915752335836113 0.4246135708013556 0.40030903992165867 0.43212520880383054 0.44379221197103774 0.5175841505973564 0.5251820978055817 0.5152061424365131 0.5187035288309682 0.5771057272038337 0.6146916106698688 0.606421990715119 0.6296785849622977 0.6706533505683097 0.7139523419428404 0.6801852894761842 0.7201610127855638 0.7213776351102883 0.735403585557474 0.7550535105835986 0.7540800145441721 0.7233884265481598 0.754901854675716 0.7439868079224868 0.7391658032431415 0.7915675955881506 0.7641417839093383 0.8045322371972966 0.7988394143007672 0.8135528592423268 0.8069126485337305 0.7936964370546972 0.7664482494515785 0.8108140135904968 0.8420713775623516 0.8413607911187096 0.800500078794006 0.8202735381388413 0.8617308887917888 0.8457604146242856
0.2890192662903292 0.32324731583601785 0.37316512181903183 0.3585963212785721 0.41930404215925227 0.39271011644739057 0.4166840360446904 0.46323617651169696 0.4990949079849346 0.5053878833939355 0.5016566942676322 0.527963413221282 0.5484484626022693 0.553472716764578 0.5797807587986136 0.6015184653260801 0.6503905521065013 0.6730421952775403 0.6711543889548917 0.7162648827922511 0.7104497034915486 0.7230264756667417 0.7632230461256854 0.799520558210153 0.7834259450196688 0.8121073924272678 0.7793888445063587 0.7951927953821081 0.8155253923986744 0.7799806537866365 0.7811380098516124 0.7930520881510976 0.7852227173607826 0.7839746821935012 0.7920778983723494 0.7873139971771638 0.7984817728582451 0.8214160815961136 0.7991327310045853 0.8211141079201022 0.8265541963787427 0.838373719573192 0.8141282608376641
0.3043038357681042 0.30596308840555825 0.3390538067917859 0.35160862730542525 0.3927119316166097 0.432376527823008 0.43400985242153783 0.49101865227011926 0.4541224686136401 0.4682489833308681 0.4929469724523859 0.5341661813740223 0.5606453944419127 0.5440279250956859 0.5731525023122414 0.6331413397484321 0.634532834804629 0.6271727254261289 0.6373879846500046 0.6879101587326301 0.699972162017071 0.6962919378657377 0.7707564294651066 0.7999407744861908 0.7798450468405771 0.8285534963615042 0.795157578548309 0.8574551256611233 0.8052579157846729 0.7960020685179797 0.7957023436084001 0.7751525099430643 0.777491063058116 0.7949135455079136 0.7391754694051821 0.7405770390976931 0.7676498892642822 0.8060949144807822 0.8454650696002685 0.8578205850976173 0.8505170690687256 0.8395024673192485 0.8552381741592042
