Raster_benchmarking/continuous/raster-93.asc
NCOLS 100
NROWS 100
XLLCORNER 1743167.1868266433
YLLCORNER 5469292.589354038
CELLSIZE 10
NODATA_VALUE -9999
[rows 57 to 75 of 100, columns 0 to 42 of 100]
0.5667881622399188 0.5666839770286162 0.5199363897895635 0.5194096288251987 0.5129696097321963 0.5354665144627989 0.5104187198356086 0.46414652153935576 0.4826333517753492 0.45320739298685686 0.44735681321020115 0.41413261315593874 0.4151415375989656 0.39645568440229506 0.43007019131472574 0.4380530880602839 0.4702383793642674 0.4565109254229211 0.4768071239446392 0.5268364890298208 0.5480289527718223 0.5289113523205365 0.5419469467535803 0.5655089165001527 0.5825631545314693 0.6091167240278889 0.5665162455596002 0.577461139043992 0.5743879793042165 0.573719364013211 0.5312722088774878 0.49808968520509883 0.49485218054295727 0.5038299202838005 0.5074163559721075 0.5365461267987623 0.5019803547120343 0.4855966227390162 0.45132609984388283 0.4693281737247966 0.48334141362259936 0.48073258090962295 0.5056925163529453
0.5796193897580724 0.5611520089189681 0.5449616640949904 0.5165516400914886 0.5123482115023132 0.520485259470187 0.4843638471224666 0.4870566753411532 0.46558600840585984 0.4466176230812965 0.4249154566606356 0.4500160031099212 0.4198159062278653 0.39212292036367785 0.3943660406119813 0.4351171741041854 0.4409626008244823 0.47595242446600244 0.5278536827252616 0.551370224248391 0.5537903898870231 0.5940702658650352 0.5959415412546561 0.5846577123337591 0.5841570095168568 0.6504763366258776 0.5879816675281409 0.5784869159332252 0.5946770195019184 0.56126099319687 0.5075486637831931 0.5135379643163245 0.49216880835634147 0.4806912938191573 0.46361647115215066 0.5175350589355187 0.4581703757094962 0.46709702259392405 0.4772463694520888 0.4397992758880263 0.469442327546029 0.4958729784809571 0.4601723268885381
0.5468053812953612 0.5754366476445888 0.5539669501069013 0.5615051448502074 0.5448994535328607 0.5124344318817322 0.5191253071758382 0.48087718629591 0.448246919812104 0.4465138691403419 0.4561887211940576 0.442491068461357 0.40992592461637056 0.39028353124379506 0.41387987097437906 0.44230229212612493 0.43998461640041037 0.45498854277321116 0.5325348847537246 0.550894023903371 0.5484875891354193 0.5633232584251205 0.5650024634044505 0.5728739674221939 0.6308275973467471 0.6367946108349679 0.57878243678707 0.5677241270375425 0.555983337443015 0.5261004122185019 0.4800079064683161 0.45369184540890717 0.4754319839223872 0.4267185350309666 0.46499216998475157 0.4490897390666832 0.4483219009267768 0.43811161877845967 0.44765812799273563 0.4874995935836981 0.4854453829150559 0.48995956201777796 0.4517800356941866
0.5369668221009579 0.601481706281358 0.5757079799759356 0.5634361949583697 0.5646779119292232 0.5503745236092733 0.5285288663067641 0.48262420111682597 0.4905858966251643 0.4665806650764163 0.49044562820362986 0.4750365654452713 0.42208130045812037 0.4192505007235993 0.46866211807537955 0.455458673371164 0.47906355864034306 0.4645663994176415 0.49111442783105397 0.5614394278035107 0.5503212505716079 0.5508894738974965 0.5928964194728976 0.6199047574750142 0.5920322760762311 0.5995441718945893 0.585071340913798 0.5389358836829526 0.5245404150871988 0.47496317513124986 0.47576012189940886 0.4447578618231498 0.4214312980484073 0.4012015737034367 0.4293407583040768 0.4093232795210327 0.44738014494114636 0.4163309138315393 0.43284778700550947 0.46048684381553673 0.4729185115165356 0.5030680308861628 0.4400089774567754
0.5683149240467641 0.5790227081229664 0.5240871609896224 0.5031603455769572 0.5102880393726459 0.497343614334379 0.49939949169019904 0.5117794083870518 0.47619875562321945 0.5002804071094812 0.4524765894110999 0.44652316260405184 0.4702563579537491 0.4830640443723798 0.4931399799069085 0.4884894078663463 0.5167886084716509 0.4982973190316655 0.5204270562271248 0.5324487164029584 0.5326368120513999 0.5275448602541744 0.5838159411479751 0.5980223016821526 0.5860495333298037 0.6051050811226335 0.5463983581963419 0.5262923517730715 0.50664950876809 0.46856722741885876 0.4391826086647483 0.4306210764137481 0.44144576632012567 0.38095657864794763 0.40417869646904075 0.43241744612987715 0.3999432388943934 0.41348162022211876 0.4404259691640908 0.46257225614405006 0.4517226202218786 0.4515029340840563 0.46132589908409766
0.5459051566081171 0.543632846593472 0.5072726981042616 0.4892705868921451 0.46771103422903665 0.4928989562534315 0.4958232991607775 0.48537370131796737 0.5085187890589987 0.5150892730953849 0.47940641801357703 0.46997480475310827 0.5049991026175986 0.48755014932619783 0.526943310339063 0.5387059172041118 0.5572282784025115 0.5337714269376167 0.519022631402866 0.5615531330755801 0.5282292350700037 0.5305464140407291 0.541480519839117 0.5725160386073431 0.5590174345632037 0.6206515421748307 0.544049216861699 0.49525775782948434 0.4640971196397386 0.4636988632386824 0.44008863180276475 0.43248628902941355 0.38946077272505236 0.39047234291273614 0.3816748508782857 0.4355158327034279 0.40208053164750185 0.40805694503580564 0.40045698099701743 0.4253659468603393 0.42399962272800906 0.44138494739904216 0.4587396840019481
0.6011434217642193 0.5637628676844825 0.5137175363206886 0.49149264877095544 0.48896302622653537 0.4755201066438863 0.4452864376977606 0.4820344351088993 0.5095170475631835 0.4722593651382932 0.49824841743734666 0.49307216199563947 0.4987792866818682 0.5340195276390275 0.5380599639167579 0.560328129276776 0.5541479453235784 0.5471529024088845 0.5552706583825838 0.5669306524595276 0.5585311843733782 0.5647111816532223 0.5496934995803427 0.5375169290817953 0.5501411542419404 0.5455158530346718 0.5594345474175211 0.5274077697325641 0.4795225866139153 0.45095068060112486 0.47655666079432685 0.42434342425178784 0.402650156047689 0.40118165646865817 0.38704734856063966 0.36915478654024586 0.3988736552674203 0.4194034039309525 0.3996135490955865 0.3975675056056642 0.4105407597227036 0.39730050040176723 0.38972856576912474
0.5835909811548262 0.5833634970827144 0.5163788550000487 0.47369666803687477 0.47403199208713703 0.4307588189500169 0.44655434582666886 0.4674937022533229 0.4864527962766674 0.4631780743340602 0.49084903141812086 0.4920201222247244 0.5072948909890597 0.5490738487220406 0.5629429270832013 0.5757854058988041 0.5465231580521847 0.5202319342527804 0.5301031559952349 0.5301144561162214 0.5640429874955839 0.5872119623126585 0.5782585368757622 0.5342052320456773 0.5517686971576081 0.5308267543461797 0.5576321458454367 0.5474748031927114 0.5132567351147174 0.4994535601195261 0.4980125750670446 0.4359670597026595 0.42717101515232847 0.4505358727163721 0.37798735292809316 0.3583472722191674 0.36408824008473994 0.359552191934021 0.36368977737466224 0.3424852799490325 0.38684766394728143 0.34639364235644443 0.3755098181662848
0.5498132069103698 0.5727632088278097 0.5441432346923529 0.5013025046867329 0.4712081314985492 0.4248036379746979 0.4346387905130705 0.4767699904174185 0.4837470448108767 0.4880331186685709 0.4811908777915852 0.5062263456553212 0.5360478380485229 0.5146739767724922 0.5110236298103967 0.5219268344236492 0.5169356985881942 0.5340302968155595 0.5029976752354457 0.5334208808256565 0.5296193041637748 0.5485382155984643 0.5264755692489231 0.518423673211597 0.543385479371877 0.5446457623196865 0.5387202630163366 0.5534671820276644 0.5278515740149247 0.49083664015597994 0.48172821926777565 0.43006166344246216 0.404679314775511 0.41075059253611795 0.42088858825589875 0.37109876452536317 0.3419644207866021 0.3444505306210767 0.3014770594188962 0.3088407354799672 0.3380768900949933 0.3453954131298479 0.329292471617018
0.5527739273934991 0.5404695499621799 0.4841617441587328 0.4783363310394378 0.4413972368783775 0.4010426254065019 0.3995410170526261 0.4458636411242633 0.46735698459774855 0.5258869694296531 0.5185356986190868 0.47232504378240453 0.5323616448266716 0.5142023877157239 0.5272827539971087 0.5078568373057055 0.5606739192818931 0.5766089006339784 0.5340742555975062 0.4993033613844236 0.542950318023144 0.5612683063734379 0.5245194989151928 0.5135163535291537 0.5058122296542635 0.523303217481557 0.5179830877865564 0.5403794334328201 0.48036124623812887 0.46223461684699446 0.45854440308671174 0.41499897750654885 0.43588422462288257 0.43405704490824953 0.38938515496649667 0.40258502110828076 0.3230521931062993 0.30366669570186633 0.33209552410684423 0.3011424125232293 0.32665225453894015 0.32885435552497916 0.3217399823780117
0.5262072666987472 0.5360815905140469 0.4907046897024379 0.4631469204042531 0.46954936885919335 0.4112457644403199 0.43071370961655187 0.4749754389007113 0.47505260286273077 0.5147055702956503 0.52701763363297 0.5237707066671602 0.5051941994750899 0.47488458542145146 0.527650132266356 0.5513326170822167 0.5613551447957824 0.5357659609431548 0.5284302369496119 0.5060806301450301 0.5349935238245594 0.5562305012827019 0.5495515533785121 0.5536711471751068 0.5491577151730809 0.49437983969065546 0.5256521438981121 0.4826820151213715 0.469494139448205 0.44029782484991126 0.44812303117321817 0.45190549091641996 0.4684445512031765 0.43895297485310286 0.3834266041329299 0.36291189156388864 0.34324895601680794 0.35347794560626417 0.3220827721281219 0.359031394546345 0.3409066592337386 0.35866263280397265 0.35003224612630945
0.5135709520965819 0.4971682552738525 0.46153475702070895 0.46371049895473404 0.47446715793142685 0.4531885179333446 0.4704028446355688 0.45273036032865177 0.45499173208264665 0.5064878577801635 0.5074962525118772 0.517122219626725 0.4744456384617291 0.460930739383257 0.49142204530183703 0.5372261064428752 0.5554168117504684 0.5351606709822818 0.5192105180280463 0.5198013926307284 0.5279533826046352 0.5149814131092142 0.545912355219078 0.555896440681389 0.5055242142457447 0.49327017383720556 0.4753559742020427 0.4759735530662301 0.4583934353792616 0.44235943813375833 0.465023625419198 0.47017462983354774 0.4668953653443603 0.4391768656438937 0.3750059464049059 0.3611663078890778 0.34160698723114363 0.37156795439854046 0.33033202049243854 0.3687940346880677 0.38530812826374994 0.3750791689315619 0.3697465743635344
0.4948395750867081 0.5119907456609666 0.46088904482735904 0.4876407184050794 0.47779745778027555 0.4482429478711099 0.449340738141438 0.450646919926884 0.4946621310289712 0.4817711366572402 0.47514101710549894 0.5095594213140335 0.4645350940162419 0.46962981074641247 0.5205661433456896 0.5200001627227705 0.5441235537599051 0.521389024354037 0.5463710195875386 0.5243081647170287 0.5129155366294177 0.5172844142655375 0.5423964582638213 0.49383080164215093 0.4605953129222556 0.43346117279622753 0.4292272719571636 0.4363051333753364 0.43146768007010616 0.4765362767745205 0.4639471241499348 0.43636961490518256 0.4461231285012348 0.43223655558319685 0.41732939976350225 0.37309951167110617 0.3293919305764993 0.3335652533526953 0.3159273068349457 0.324455978116091 0.3880700948151492 0.39593050948318664 0.37431711592810274
0.49285009063253865 0.4971985343399628 0.4619833814434342 0.4653404182119676 0.4392978008295629 0.44266582465897203 0.45145793410304247 0.46716664619961207 0.5020075462720587 0.5115419976742489 0.5043109451918616 0.47335046612802695 0.4933950095554096 0.4671747698638631 0.49719193999201466 0.5599351193496672 0.5414415644271356 0.5507806073721366 0.5230856601017955 0.5732956451993847 0.5297436313267313 0.5439525963524032 0.4889608190694363 0.4621630565178695 0.43565610433173074 0.4253403696727132 0.41056566727224675 0.41021614854988053 0.42358186595373043 0.4800278566422053 0.48714394434686964 0.48232642829488703 0.43902342889223056 0.38272901290884365 0.39336614353212945 0.3832029020903221 0.3485330395777547 0.28502674522668814 0.330595304984884 0.32956977332372145 0.37452986284164613 0.41313314783459926 0.33466434131405903
0.47711069111264753 0.4826391293749815 0.4452643105678895 0.47752406355536603 0.4438511545838447 0.44397531506344784 0.48633332846488664 0.4656679839149662 0.5066521000349923 0.5099021700290975 0.4847947523369313 0.4849291850888702 0.4940538271718891 0.48867778766370634 0.5239091493205187 0.5177282485612958 0.5353019196127584 0.5229728832667592 0.5181217392682878 0.5478955866684204 0.5180843526330781 0.4898338558504688 0.5069528390876759 0.5049393535491498 0.45389364539987187 0.41049047586621307 0.3966436672980242 0.40702316887640067 0.43191863581179907 0.41655771589839946 0.4272514477685556 0.42065877742168045 0.3759439328604651 0.35927285377242074 0.32886196159019615 0.3160887132042282 0.33773676960649857 0.3463712762363819 0.3317146952929016 0.3190723594613016 0.356021790178221 0.37693491279658226 0.33157840609450795
0.4567243703139047 0.46063663058798077 0.45707822013647204 0.44133503330777335 0.47860903666513255 0.4941397702974802 0.4901059511715371 0.4953377508973337 0.5135736296676788 0.5063940344149185 0.495106896376486 0.5078023372169774 0.48445587450510325 0.5011246789810938 0.5100150966198533 0.5022425727404253 0.5193126463811605 0.4684212976584838 0.4884668643515314 0.5278925305709031 0.533037010331014 0.5075925468993596 0.4740448019973302 0.48006557850308823 0.44091663301949624 0.47097244364167995 0.42505216115625827 0.39396782400745806 0.3877143528005774 0.3718336164771281 0.425817631790075 0.4168030921574134 0.39014754573355986 0.32455845222721924 0.3376518971685843 0.31732662789869603 0.3443471448845942 0.34737449886528265 0.33073576118284914 0.33081701704552696 0.34488266741840795 0.35310373410568735 0.375682466304999
0.47516800767890965 0.426470267668223 0.4041782611618445 0.40249048546525484 0.42466817592203726 0.44479751438397 0.49872586348298753 0.4712816376184313 0.4805778694119928 0.4579487473702485 0.49012845709909864 0.4716957415012314 0.48235893862160467 0.5236635100080903 0.5044835738029283 0.5087530421183674 0.47533276596480006 0.4736677626987706 0.4317491662322106 0.44753616742178914 0.5022846413677621 0.4829837489678886 0.4828314658746597 0.46581198682748437 0.4590558076330419 0.45490796485524754 0.40573517745207277 0.3987651992484599 0.364252732742879 0.3644049328723694 0.40874976715110817 0.3937538125418451 0.3697831765813935 0.31986898985660717 0.29094772990778517 0.31246547036956174 0.3590761767416228 0.3657408178550491 0.3603972283332182 0.3778094065539776 0.35570312752187083 0.39880955888453395 0.3947110143650211
0.44307325408189796 0.3823978490000023 0.4335911033259247 0.4246169032780034 0.40178352703348386 0.41268172603493397 0.4526449955131978 0.49291301089774825 0.4784772102297965 0.4648900753509934 0.4872703848551792 0.4698401033104372 0.5176354405536231 0.5594534224415346 0.5194223543720244 0.4617398572072551 0.4144026820695233 0.4050598778624338 0.39554279261579367 0.4362790208927945 0.47067159931843977 0.45718204877449675 0.48119955700411204 0.4567731023990792 0.4412859608633177 0.4060057103546059 0.39427538082883234 0.367795513586422 0.3604872713899916 0.37436529361511617 0.3814852080646144 0.3752179753961541 0.33605778381864587 0.2708920842889836 0.2861719669432733 0.34575346866054524 0.3598228093068085 0.34270919310969067 0.37309569754665695 0.3654884405448709 0.3893805302068051 0.42883488824262217 0.40899387173407026
0.4204174299971745 0.37001161918256187 0.4165025400679123 0.43822835847800734 0.42635489064310517 0.4166700873572176 0.46846858789526363 0.4720651403465328 0.4601826155787263 0.49084499480392974 0.46115892508827167 0.4613594187531394 0.45413786704835224 0.4769774378569284 0.45227878058156235 0.4316659694372448 0.42601290906975875 0.3943543354746321 0.38719471639024644 0.3927291832697323 0.39572793284429153 0.41462001801271453 0.42636297730460215 0.3822896754212658 0.4021553399338675 0.3815736768658023 0.35629606842449324 0.36760789707781033 0.3516004590031727 0.31601422308745497 0.3350574357874307 0.33342985254812435 0.33329733113574955 0.30705210485527795 0.324957458084288 0.32269992993200186 0.32168040698824263 0.3042840400892445 0.33639056097992637 0.38270669235056304 0.3701801290574982 0.39381521782233264 0.4189768339207996
