Raster_benchmarking/continuous/raster-471.asc
NCOLS 100
NROWS 100
XLLCORNER 1743156.7641183666
YLLCORNER 5469289.035039834
CELLSIZE 10
NODATA_VALUE -9999
[rows 57 to 75 of 100, columns 43 to 85 of 100]
0.566772629544841 0.546618905397 0.5503695000836929 0.5702839163969948 0.5712723272153355 0.5757116664907657 0.5714372013480776 0.5427743304223371 0.5564675335742535 0.5689225838636253 0.5574545478021222 0.5749827682669669 0.60774897222111 0.5962963320298927 0.6439325683805588 0.6428179343401274 0.6294975573425137 0.7009695576660645 0.7144823836887548 0.717672626288628 0.7417360967237262 0.7890129088528932 0.8214825466000537 0.8364178084798246 0.8338787864351046 0.8117549650968751 0.8634485700074614 0.8352573234474464 0.8688790062886195 0.8119772871631186 0.8088492261511054 0.8109008128324341 0.8161239118236002 0.831228792757649 0.8068702757269165 0.787000487808407 0.8108256557216634 0.8003187916363549 0.8130221270670186 0.8399036351943491 0.89858209050053 0.9014606095749507 0.8382210670083953
0.6043996616382266 0.5574423606192969 0.5594104524311926 0.550192535534775 0.5535636394959795 0.5511661144623874 0.5668239758877969 0.5545120161105896 0.5701251414125438 0.5502122223837439 0.5757342049225181 0.6016073623099908 0.590028839891993 0.6141626929062954 0.6686065123814254 0.6705894018729875 0.6476325705888404 0.6718991198567195 0.7137777850082334 0.7123972791677456 0.7547235638074008 0.7688819429997937 0.8061447538542997 0.8293947089490948 0.8072647959119575 0.8197762816852294 0.791219066129381 0.8154642267543817 0.8615465287365623 0.8259724673009105 0.8384001058722241 0.8325627775885281 0.8488252397968635 0.8493653233380232 0.813185503026459 0.8318277270119978 0.8223484234269525 0.8279608800329528 0.8269680382593888 0.8207133723498999 0.8588474569848874 0.8661032584036363 0.8186661588040302
0.6023464782073522 0.5661749232532254 0.5462419296067617 0.5280056561739218 0.5506359116895476 0.5706570059684042 0.510385672401108 0.5607265971384977 0.5620155637273128 0.5923197843212846 0.6150663370389448 0.6025485556969287 0.5946257920655034 0.6253588132665888 0.669759192219729 0.6695137461478091 0.6949338221572949 0.6908892420731256 0.6492977193142754 0.6965691715043061 0.7177800253117512 0.7664264262492869 0.7782187220647436 0.8217987438777823 0.8013203795210361 0.7854668796351351 0.765429433430454 0.8035657425017609 0.831045643261652 0.8181270028391061 0.8734681293033486 0.8256466493215663 0.8473627034734889 0.8188948728941349 0.839251049859099 0.8100002075593188 0.8114705350482629 0.8428267817915602 0.8342080637916393 0.8475084911383739 0.8269645705746496 0.8427897194439341 0.8216251701479624
0.6205989393874387 0.5827001075676594 0.6009315661115285 0.5743283314415657 0.5987762217926886 0.5907573373513656 0.5683210565056899 0.5462309880491443 0.5420144371185657 0.560009126997555 0.5722482014765671 0.6362984811007392 0.6600111513785829 0.6560503862574572 0.7006210324494044 0.7059220714951594 0.7212451685311968 0.6948036381173799 0.6748860309148529 0.6618361616711427 0.6888894807303181 0.7423925162065524 0.7654437312309406 0.7982671532653156 0.8058180832310105 0.7821114651341067 0.7736582279229486 0.7919283506013531 0.8078961536932933 0.8383962989814647 0.8676393601027842 0.8467689732934922 0.8398536735144048 0.8037348003615017 0.8217078989136676 0.8184301216903817 0.8178410934350657 0.8138011520323495 0.8118454648209023 0.8068305087129862 0.8144172857333485 0.8008950460487286 0.787573181961603
0.669543834049024 0.6320279505995665 0.5913573747101247 0.5845835144638 0.6140189005033156 0.5971956499807821 0.6133151178350355 0.6088633676475772 0.5901053277436208 0.6112575885568385 0.5820523963078293 0.6497533839839146 0.6525262321712444 0.678625713124961 0.7085722656963224 0.6861815996314077 0.6988138328863472 0.684320470388316 0.6579776718036436 0.6749424208544766 0.7093825557057782 0.7695034469626976 0.7707658783134304 0.8195479633601767 0.7740400983457314 0.7920604761157132 0.8095042073730057 0.8049621913511037 0.7712886805355328 0.8276002126632391 0.8364540001958648 0.8250698388997045 0.8174517625649317 0.835429408250265 0.8163689674109266 0.8088779160160385 0.8439816591512912 0.8464901212533295 0.8227551284978404 0.8196478577813421 0.7786696824318766 0.8025701445497874 0.7746316621398502
0.6629306159406728 0.6626813837209126 0.6212216266977747 0.6433728680618225 0.6556639897247005 0.6227988949304532 0.6272033740747962 0.6588932401420489 0.6175609892645096 0.6228658424473321 0.5893724810364915 0.6426094808479775 0.6937862043878007 0.7253420318631316 0.7496923154528634 0.7162603790335346 0.6986340125915378 0.708477692588185 0.698822408992669 0.7251645405824694 0.7863134096229442 0.8018653843360116 0.8299517990472226 0.8252660170816621 0.8106781367598999 0.7959666820825003 0.7850684944911351 0.77985086083589 0.779569510902383 0.7766847984151475 0.7991644580078842 0.8079094409742276 0.8378865050360538 0.8154542942540212 0.8211898465649707 0.7877397174963544 0.8161345622414296 0.8302755631591873 0.825867445857129 0.8211495100928085 0.7739256164657043 0.760048830768642 0.7465948795450931
0.6660448983038451 0.6337755149919978 0.648256155621658 0.6597917839833862 0.6467759027020612 0.6506504657469662 0.6987687234395519 0.7083557600387658 0.6635063659768978 0.656245944324879 0.5697760274432121 0.6531768978558848 0.7197890655047066 0.7189843931573301 0.7428113408233302 0.7621129626152181 0.7785749491744856 0.7291759080572731 0.7119847983825126 0.7502699559470811 0.8141222292895354 0.8069404307268604 0.8675642717113837 0.8620081385631458 0.8619524927380375 0.8528010922674341 0.8253987188448041 0.802834308267574 0.7897643230600212 0.7753292444684139 0.7805173492309739 0.7830807512999076 0.8232747507087308 0.7938032994363274 0.8015145592584212 0.800625036248591 0.7947417745592869 0.8158632638364205 0.8229223648472566 0.8162143970801229 0.7646430949348391 0.7569781547660741 0.7000643959799856
0.6619607230896841 0.6543238997154671 0.6497968367894934 0.655999803031694 0.6665254977714374 0.6770644160364443 0.7023153154489504 0.7037784663890084 0.7036563758420976 0.6866027270464965 0.6611368055704828 0.6817377930796873 0.749135299705351 0.7445674477401467 0.779347918447618 0.7681504532701778 0.7946713830969102 0.7991080907811404 0.7675891087778555 0.7660981291368555 0.793922739364802 0.8501341899883684 0.8492482744607384 0.8530739446220655 0.8851533505279052 0.8797066068897372 0.8618736814822516 0.8211436351299983 0.7722050921301035 0.769828188270643 0.7556796424269285 0.77462093324639 0.8163825826779908 0.7857030530195648 0.8092773846308499 0.778171561166371 0.8045456665023694 0.789535605159444 0.7793417142756058 0.7569556798957886 0.7595763928808692 0.7182971782942668 0.6830539107549595
0.6685150114233669 0.6548184579879006 0.673286100446857 0.6811984674968751 0.7104957280691917 0.695557312869732 0.7486061945082685 0.7418937068422203 0.7261772224547969 0.7291206824834581 0.6958674306156124 0.7061780479047486 0.7570580827366161 0.7774122199308975 0.7861172395827257 0.8186829229893748 0.8117599480399647 0.7980202362362586 0.8188293417931325 0.7800075710524085 0.7991195554118714 0.8418066757774934 0.8941175933487289 0.8982471760686942 0.8870960243936863 0.8813386897243365 0.8595704290680091 0.8366050699813585 0.7905980632562839 0.7818556475910802 0.7949384815505255 0.7721926380919167 0.7896003835078108 0.770520866162663 0.7728645588011311 0.7872127161554417 0.7867327936184855 0.7696975529422087 0.7541986577173603 0.7405705475485992 0.6978252696802826 0.7029449856896377 0.6645465117793439
0.6762897468219294 0.7028327200838801 0.7021479184482557 0.7153439477829268 0.7380562457703912 0.753988744476686 0.7803781467780181 0.7610004915735 0.7631432940370437 0.7483982691698962 0.715335710033249 0.753332685754247 0.7528030083191418 0.7861273363208339 0.7900593845031254 0.8200781103271686 0.828292131301104 0.820462197574127 0.8443659912110357 0.8152075374913585 0.8001039256987332 0.8668756977205674 0.8780094746925011 0.9047873310550212 0.9149237842493464 0.9089783611934735 0.9191471155913318 0.8776989375992689 0.8095745040746679 0.7717045051936177 0.7746959135647834 0.7833714219642522 0.7791870764641067 0.7586814280519995 0.7870940903213756 0.7593045589424757 0.7459998269394247 0.7185766786169547 0.7194315877472043 0.7400913932206624 0.7285194411977263 0.6827237866412064 0.6577555325089314
0.7011551470499552 0.7154070143227461 0.678778331814043 0.710723000892299 0.7411131618343296 0.7437438386375919 0.777196436172382 0.7947216366093212 0.7894660830573105 0.778812442690011 0.76590432958886 0.7695154977835442 0.8060975606116288 0.804409083650337 0.8407100925562013 0.8699645670229457 0.8855792120229249 0.872436207114067 0.8404443553717234 0.8143452575979394 0.8289725982631039 0.8289168445427338 0.8751186426533043 0.8780696116689447 0.8907576112685458 0.8996290191263315 0.9430072503195521 0.9088644250034835 0.815838421594763 0.7914639730867951 0.7788401245255172 0.7474099874888481 0.7329616081133329 0.7651606671118938 0.7594933727237766 0.725205077499432 0.7290745916816667 0.7367096585011692 0.6918013646781858 0.710603701870749 0.7262975587865154 0.7208922390165607 0.6885878401937352
0.7081988586156256 0.6990750410306894 0.7261288071612335 0.7339542482662229 0.7363989893131677 0.7432812869107033 0.7446045123066554 0.7686741025898344 0.8184713428061303 0.803159276081105 0.7912392361827629 0.7913516137837512 0.8262657877311327 0.8236845250113068 0.8456285023266575 0.8399245369885047 0.8468645517609138 0.8552101699914011 0.8625059087591035 0.8384457919179482 0.8640847589683911 0.8369568290503485 0.8457891433943029 0.8832617630503025 0.9242695017065807 0.9071202942711276 0.9402968390581178 0.9081865119841467 0.855926773149707 0.8034687193172211 0.7633155348423304 0.7268868656991646 0.7620170377386415 0.7565976910129725 0.7763750659922041 0.7388172946850654 0.7189614847385655 0.7394640994585662 0.7088682445570105 0.7148970614463546 0.6962715882771877 0.6895394479453621 0.6847662733575315
0.7450800947997366 0.7134531923478697 0.749332197885767 0.7563305153800725 0.7629659770948235 0.7755013434394683 0.7968389552878125 0.7973975603619718 0.8086160742515146 0.7998144188561328 0.7754501341970524 0.7866917227078511 0.8163830461452637 0.8096908102339916 0.8062763700053085 0.8331785076566153 0.8934579846114915 0.881485533591982 0.9101752312170436 0.8971707100493194 0.8734334292910467 0.8609121373954308 0.844393310952855 0.9090539201465798 0.9116716410639992 0.9407125471499719 0.8994897620704096 0.9190445349699015 0.880438059482125 0.8416943766929005 0.765494292963518 0.7701872164402944 0.7282000982503825 0.7219145188837566 0.7796479933112083 0.7749564621837622 0.771306819135237 0.7560209717755095 0.7487486002560041 0.7153401194367807 0.6776735128900447 0.6630550225705208 0.6870647294816716
0.7546749653771141 0.7548063715028591 0.7343501066890519 0.7580187234539009 0.7880485314539081 0.7955422156285518 0.815688012579963 0.8126414873136176 0.7774904812889954 0.7890309281635222 0.8210690661271285 0.8194816435815966 0.8289847099896248 0.7944371543944262 0.8201801791267321 0.8809917485633301 0.9004133620514649 0.9404661023928005 0.9206841189188313 0.9381964355019237 0.9063451848921262 0.8863742140973627 0.8566475109424342 0.8876734192674126 0.9406765150725438 0.9452113307384716 0.9522743633865034 0.8932320013156232 0.8942757838678531 0.8192223453085428 0.7813133814730662 0.7570516412691554 0.7320028381448982 0.7254395703893723 0.7356244091873343 0.7412848499041482 0.7580682460473573 0.73887846844692 0.7485212144208553 0.7152459097905698 0.6939772437484649 0.6860022757849775 0.7141283318320087
0.7546515796116422 0.7862667196590062 0.7815513754692192 0.7817133876091142 0.7704296209170947 0.8395431172196481 0.8492873410011514 0.8424097029389012 0.7952196067095387 0.8409057588315172 0.8433675194271488 0.8368038727950974 0.7934753724136191 0.8071042090299092 0.8223757964772256 0.8606885443592439 0.9115474209630393 0.9336906360834129 0.9701844109635617 0.9334468746760705 0.9511743836191554 0.9441956565742873 0.8850858209613064 0.912958718451786 0.9703442094238887 0.9834291317523233 0.987001306926949 0.9060369259460714 0.8954160904737013 0.7900049461522406 0.7398216842359214 0.7214108229140719 0.688274440591566 0.6875140614639773 0.681344563675581 0.715018683610248 0.7345457954745551 0.7753576468905058 0.7676664787940064 0.7535534448043731 0.7146079580395891 0.7222307393161259 0.7233358089584541
0.7281981015181992 0.7581611386902614 0.7716099637092007 0.786490054320766 0.8185506356834049 0.8349422420468888 0.8651163068205886 0.8291285526922924 0.8262710098230686 0.8349401818926362 0.8254296801141161 0.8395749515997185 0.8073012152772592 0.8426090238465087 0.8390393931171747 0.894437541286324 0.9049697704889184 0.9679286122124039 0.9351398103045099 0.9400904751667759 0.9648304786789913 0.9562503013299485 0.9280332545058001 0.9052754638044954 0.944026263830786 0.9295466532966603 0.9094235690730107 0.9031484215164474 0.8321689659193306 0.7781553330573473 0.7504648251398545 0.7533125474634097 0.7030826724391531 0.6862969668163186 0.7221496480186587 0.73736415227649 0.7603187729429243 0.7821651394155469 0.786418669442587 0.7604791681839046 0.7136605641365388 0.726590047036494 0.7287208771495158
0.7311294672296941 0.7519400695487127 0.7906543145155617 0.8044543985080966 0.808882434226866 0.8440614415950793 0.8751242063955879 0.8775568789248996 0.8549969985490018 0.8622315351290923 0.8234013366615698 0.8013983993185847 0.8141688461161234 0.8235487826621364 0.8633545436027057 0.8805455894536156 0.9414070042579735 0.9356451988895397 0.9526763084500837 0.9384198005894544 0.9675939449820657 0.9808788078454163 0.9421572434132324 0.9267530783222233 0.9184966731923223 0.8959476607077697 0.869643334748471 0.8463004890459832 0.8054386718959494 0.7714725044790296 0.7566521315056276 0.7362540620027318 0.7262083844155693 0.7291909883061094 0.7546858764944993 0.7682831530821462 0.752218649935255 0.7481677651985321 0.7773720704559998 0.7217421918082985 0.687431723879708 0.6963536658209319 0.7113042728103466
0.7568089313420124 0.7777337350262835 0.7813725317437494 0.8383433167687282 0.8454517616607164 0.8689545859487464 0.8815913572652022 0.8780139958538705 0.8941994538070607 0.8810860008781234 0.8725413635629525 0.8376744482739862 0.8130295394419479 0.8406595687023132 0.8945452648641041 0.8868361659814044 0.9444401786399783 0.9711562300058043 0.9548524438864552 0.9548524034674323 0.9646106070376048 0.9744822152474492 0.9721288532728984 0.936695845946767 0.9041003389787602 0.9005986314325629 0.8914616063124419 0.8667629776325242 0.8475882308284547 0.8107955450226079 0.7568657003581196 0.7400671952860907 0.7491263061748059 0.7268258782504553 0.7016857484812853 0.7268720439873527 0.724815720261317 0.7707710628919098 0.7664678061531272 0.7519239841771032 0.744059413554877 0.7076575739855698 0.7247459098571616
0.7542642201758711 0.803611445468938 0.8202738689809886 0.8365906155588673 0.8503535158512148 0.8855189309660475 0.8541796247941238 0.8797180921138468 0.8978089462138484 0.9062731098503496 0.8683703794877135 0.8553752034284949 0.8175237315013238 0.8531924410652993 0.8839584833956957 0.8883356843122098 0.9686881943879075 1.0 0.9873504831522779 0.9802807547295157 0.9865129756866323 0.9387580441925929 0.9483909314900096 0.9352311775287167 0.920559259172145 0.9083382119090918 0.9219060181780555 0.8617656740465 0.8640767955547148 0.8026192531262354 0.7486541917000834 0.7563141698121342 0.725944469587934 0.7347051235054528 0.7002895561230548 0.7145456789293475 0.7543910198491618 0.7710281905852843 0.7238432375110007 0.7179628219048809 0.729193894227488 0.7215325549261434 0.715515807644981
