Raster_benchmarking/continuous/raster-381.asc
NCOLS 100
NROWS 100
XLLCORNER 1743159.564019238
YLLCORNER 5469294.68456336
CELLSIZE 10
NODATA_VALUE -9999
[rows 76 to 94 of 100, columns 43 to 85 of 100]
0.3621572781637316 0.37161510000733405 0.3824256266466701 0.3908159196870129 0.36436695421243126 0.3490767571478852 0.3796314173501676 0.3690527805839688 0.37324234024219527 0.34401778163454344 0.3317790776062869 0.3393298247738991 0.32244979290764914 0.3604151731442232 0.35516760268999287 0.34035723951050545 0.36556344142679803 0.4019591937145073 0.4079698025721072 0.42106742216692894 0.45578310160307434 0.4282123964443818 0.4293860243627389 0.4195996508869144 0.40248040125305495 0.4366604704448922 0.4636643327458379 0.555705183912544 0.6020542687728376 0.6480557475589849 0.6825514752076522 0.6956822549664377 0.6760934102921707 0.7063522129576978 0.7114125356182015 0.7866049800034375 0.8079118455678151 0.8302734256683638 0.8403908849236844 0.8846874459988815 0.9156923970782954 0.9201084771010453 0.9356446518083752
0.3569302747160819 0.3536440140849082 0.35860889565524023 0.3610466372538678 0.3705470602377933 0.3716099481061407 0.359192213858948 0.3142387761609845 0.357586624343797 0.354102770602028 0.36640185957179344 0.36334792968058455 0.335127511003757 0.377355581777831 0.33020919812946326 0.3440667077702557 0.3653096539749937 0.3600888177065113 0.3998854999217537 0.4477374206165031 0.41407258311540857 0.39316223049603544 0.4316590257575287 0.40471067777575903 0.4147590011201264 0.4469358295028924 0.49881872098122293 0.5783702766851286 0.6251549714305098 0.6942536761410596 0.6806617829844589 0.7230030401893598 0.6984670574265509 0.6963521186469945 0.7197332260389531 0.7761718525696181 0.7964547615911932 0.8698567730075774 0.8432977481536067 0.8792745923089982 0.8806235210533847 0.8960761470799443 0.9188614020835899
0.36129066813633515 0.375225478578462 0.34021537629595267 0.3670928629140891 0.3492856154140603 0.3288176307774863 0.31157382476026885 0.29627548777080936 0.30855029193712075 0.3076044409639733 0.31848235789745116 0.3193750595917644 0.34026890055011777 0.33950391641243377 0.34492728802673756 0.37042042374293743 0.38017688974754615 0.37799145487357216 0.42089537345787975 0.42713037252106656 0.4333957216797787 0.4419408424522776 0.44175755666300826 0.43905686069092187 0.4818516698679085 0.5075357531938661 0.5547981151772798 0.5671716366351413 0.6272502519481435 0.7064583922009222 0.7050129664828282 0.7292363233507247 0.7287874713615873 0.7122363318084526 0.755383792495352 0.7710389646059446 0.8190590409680745 0.8619010976658105 0.8776854493617169 0.8840367318395194 0.91057138638825 0.9541558349662173 0.9664713560832529
0.33832502006655063 0.3671719072843879 0.32834674242717193 0.32067552224916224 0.32334731822939855 0.27482474244450517 0.29893416433079123 0.2933086135516212 0.26915285899929325 0.30255125217622075 0.31909379081162953 0.2919164026318915 0.30658008599955466 0.3178659896211436 0.3168562058377612 0.3332991002470458 0.39189411218689557 0.39986791304361263 0.4132347968566179 0.3963873146702247 0.4093448521676467 0.44143577760981817 0.43886723109978015 0.4603219773588167 0.4818555993663963 0.5246777082701631 0.5414551760188104 0.5775751993504447 0.6561338727249708 0.6996908832644176 0.7259730743928664 0.7744835985509914 0.7582316379861237 0.732244930584099 0.747753266466671 0.8163392285737495 0.8097416906175166 0.8673123172918927 0.8548200313269758 0.9050789178455042 0.905859635861618 0.957115588942132 0.9719591942249654
0.34848070894882915 0.3632115162225477 0.32694121590718345 0.3013648149147537 0.2849419746586656 0.27971396302610674 0.29121065503576415 0.29348269765958246 0.24515281994334157 0.2449030943842139 0.28614746275919356 0.28860501538316996 0.2811020464317873 0.31024586167925156 0.34970520838971714 0.361268484020281 0.37521951086287286 0.3930747516745463 0.36386500819719186 0.37563659298459956 0.44250929453183885 0.43832382764008737 0.48138270851744897 0.4889328436436239 0.5519042749550709 0.5793088114612011 0.5642896101262835 0.6178587149427693 0.6664560931655102 0.7179526819343968 0.7238876159678445 0.7391411000583998 0.7616206530463167 0.7226448682309763 0.749071157300481 0.814599358656401 0.8282743423130536 0.8236447793940482 0.8698617579534969 0.8926409676208 0.8990950363530178 0.9426118155756034 0.9624223303410228
0.3701582272403477 0.339032035209829 0.3597503708840538 0.3246643886757869 0.2960566188750042 0.24627827884680284 0.25170539105858203 0.25606990769835797 0.2276663660843678 0.22824177684747002 0.23405096466207992 0.22789781237985193 0.25921331055045016 0.3192936893348622 0.32036742954074277 0.33026072798655365 0.34320168807493817 0.3631955583711726 0.3316603160504 0.3741199492353542 0.42066056483739855 0.4877338058555546 0.5156773400241202 0.5299258887394672 0.5648256889063135 0.5929456897683695 0.6188394589206107 0.6305765304388206 0.690866463218843 0.7185254910783121 0.7310569561621741 0.7719072143908884 0.7634918283421666 0.727669085046545 0.7736793474829293 0.7885950418989202 0.8147027401614396 0.8293347658160949 0.8796530539045597 0.8831560553557115 0.9027841345063752 0.9540481520282948 0.9762506750026252
0.3628311703657487 0.3352940459362102 0.350872178259755 0.325932656295677 0.26290554396848925 0.23764543153366594 0.21376669961362924 0.23994554842569366 0.2137426211404615 0.19246770572533825 0.22020495605745732 0.20815271578028383 0.2581851654276109 0.267916488491267 0.2914227576155998 0.2892914255955791 0.31447146229625556 0.29359373843586434 0.3306385524089908 0.35063775401556463 0.4181871950850524 0.47399732871384037 0.47800333461986966 0.5335024110950102 0.5359256835864998 0.6078407548301207 0.655032153723866 0.6461637587703943 0.6776280409786309 0.7370533442941789 0.7695530066708897 0.7587163700103722 0.744013473006397 0.7767948209294174 0.791351571120242 0.7718543303055655 0.802490227599045 0.8304122490843016 0.870358575193153 0.8788689761197742 0.9325486444871978 0.9621885998588047 0.9359149945538835
0.33751463959567635 0.33754572837641206 0.3536274902738403 0.328643004768033 0.2781862516450404 0.22435362478380302 0.2132784621288742 0.20332454730000263 0.21364049265261406 0.1651110923417952 0.18616640543742696 0.16890337433211833 0.1920385495569966 0.22566948337055925 0.2662061051211863 0.28448494366281835 0.2830251895397138 0.2400475107578249 0.34007941540275943 0.35969761737225964 0.39426162747729443 0.4562899355772394 0.49885426203936417 0.512551820306454 0.5740185161775068 0.611714559586855 0.6481086266410607 0.7040024195153072 0.6905954545182661 0.7539754609911768 0.7418993581564336 0.773583976165905 0.7721552301322674 0.7856230766218828 0.7912921901580086 0.7721238411008204 0.7843929407786864 0.8190875566751031 0.837722767653554 0.8616673934599833 0.9200420102590372 0.9619256985801958 0.923615510157629
0.36266302886784973 0.3280181271757144 0.34797890890417027 0.2960124309646619 0.282767367383684 0.20690862882178865 0.2190385867940669 0.21277967784221774 0.1774676982600485 0.18841191125439027 0.16196919734520482 0.1787105359322814 0.1901627061470014 0.2267556928367303 0.21555742258039856 0.2570149857761289 0.27438297685192486 0.287924760756413 0.3319956310957468 0.38568771085604425 0.4257563729854459 0.4588662596366737 0.5207629776999385 0.5418696354451032 0.5605763286000718 0.6173487119106095 0.626119531227771 0.653766135219818 0.7153779225988623 0.7317013133347103 0.7466102817806686 0.7430070081227539 0.7554452434289948 0.7736283441658078 0.7726269472153131 0.7750787843212689 0.7928917026333773 0.7859386393230142 0.8257535843648531 0.8855434729395456 0.9186081699759888 0.9129837254699465 0.9225243168307956
0.32892226191971224 0.33827897243687 0.3298732078932725 0.3051384710582444 0.26940806383814525 0.19416387330196164 0.2175654903320746 0.16285331470375589 0.154294266758264 0.17756679809624046 0.16176234145751095 0.15933472730261902 0.15209123057713334 0.17959577948008745 0.19279945180243857 0.26493438581856804 0.2769606277534834 0.3114778349019911 0.366188607395493 0.3660211148346783 0.41432634072683133 0.49265465597940056 0.5250518343258543 0.551127741295437 0.5465125738916887 0.5799217286306331 0.6238217250185333 0.6640341504466268 0.6777795733033345 0.7020557150670942 0.7176385080451476 0.7710016704349841 0.7691526180018772 0.7826906718077801 0.7734617968480245 0.7925154594167576 0.7941513187995006 0.7970112303889743 0.7867992142876314 0.8442115976049595 0.8709085148171994 0.9166952508353464 0.9048719158044181
0.331619480405179 0.3464041664229418 0.3184898536164457 0.3151306271875243 0.27148032621918466 0.22930656251884676 0.18890626116379594 0.15645564392393713 0.18557009414278214 0.17380341639034638 0.16025675339619772 0.14661997274193084 0.18246021413725735 0.19245477512363232 0.21148193029912404 0.2793973750951212 0.30154241201782284 0.32078362779844555 0.3515570751515614 0.4043141473471039 0.45883005321960785 0.5095652530617553 0.5306950901245426 0.512423897544182 0.5324245717719719 0.5709690617644366 0.6050089759861658 0.6456827768959014 0.6837527835217089 0.7396702823728424 0.7535957238295752 0.7560274067576439 0.7501938585698666 0.7767859127510729 0.7556861818935762 0.7526970707210774 0.7485367275520729 0.7780596743995654 0.7805025501443803 0.8165158720935259 0.8524681320307187 0.8406307606173993 0.8805179093825276
0.2896424121260165 0.30934219475476 0.302361356613487 0.2912156740588952 0.2446766814163719 0.19507089453033524 0.1915191176571006 0.1917471657395996 0.1668047417978773 0.20212691959055204 0.19433203019464365 0.1895610152121042 0.2166141378265857 0.2100256986610734 0.21146895842683125 0.2506046314538026 0.3243180609058159 0.3248667352546192 0.38139596117643837 0.42299946471856065 0.4526226409740832 0.4977836350558744 0.5203179946277845 0.5091322506596734 0.5578220751904536 0.5496151427531143 0.5736117037672456 0.620753632496549 0.6672972906030116 0.7351244060536695 0.7075270792724836 0.7135412880569931 0.7105960487415225 0.7374327236268767 0.7523093941017507 0.758292627593492 0.7413092860651505 0.7509156231223014 0.7999191980726447 0.811370811884396 0.7999013308462731 0.8147527657272735 0.8354183315249816
0.28987442351906006 0.31794552333031917 0.28658596178174506 0.2394175733739141 0.22209713351673904 0.2128960744701343 0.17301870379508105 0.15136027343273248 0.17284524408823915 0.18643526985652076 0.19914835524567828 0.1908359302161035 0.2222221681160237 0.23319094871310378 0.25089508398662774 0.31321750619484856 0.31564531344611046 0.3679138736032886 0.3863894252688401 0.46626874445789046 0.48142879528766214 0.5193043219268669 0.49668080861153646 0.5361808512723799 0.5350101587349458 0.5860146596253839 0.618349320202666 0.6635814125584311 0.6872880247706994 0.6920531630475588 0.6989483181169494 0.6922411368075375 0.7341428693546659 0.7733852184358544 0.754834866280396 0.7665675440013101 0.7536433168087268 0.7769151182526532 0.7703708102560963 0.7964234407988637 0.7892215502398485 0.804807487752422 0.8245320201593994
0.3014678333451613 0.31461924158198673 0.280390513920781 0.24841898688387162 0.22167677511014705 0.2319896006760058 0.17820011452753387 0.16272855906873313 0.1829970159510229 0.1627454700599126 0.18362317866671174 0.19774820349906924 0.22278680992399152 0.28671040685562277 0.2900127289741685 0.33538805021945006 0.3439043169021493 0.3722810515300543 0.43609696509776946 0.47120188504684035 0.4738783747979469 0.5176558881158835 0.5149446216358176 0.5625770228793584 0.6003563004884067 0.6190431600073691 0.6194091513500443 0.6451255581393062 0.6827367227791701 0.7163843884880228 0.7015630658550138 0.6938269475665407 0.7480762398591414 0.7732549467627273 0.7382003301949441 0.7646988787645111 0.735625289993954 0.7374849594418363 0.7381387569338561 0.7274599173821742 0.7566750920848793 0.8134822531436032 0.7963130428093271
0.2976260689748395 0.28530650613269115 0.2594172612453733 0.25518221596543517 0.19991081297697594 0.18869728907725847 0.18596150635375136 0.18504313354934773 0.14391403395261662 0.15220436019846456 0.16567805447091752 0.23186109731991625 0.2660525852498537 0.305952487250247 0.32946905305823726 0.36240867965587864 0.3600625263074782 0.39599590896694126 0.41508583310797426 0.48691310996583803 0.4980858339069575 0.5575882458880749 0.5695793396815847 0.5651787511842946 0.5871196133912555 0.5729497742743168 0.5963425415237444 0.6205419373131561 0.6538038508532009 0.6601020556274375 0.6729324955905066 0.6924136633099536 0.7363670202979219 0.7430561162393172 0.7468352623889319 0.7264226711237496 0.7327828323116187 0.7122772674427317 0.7416147529998827 0.74827374204489 0.7616479161160351 0.7882483209237701 0.82018415134422
0.2897343484539515 0.24413504285537313 0.24447707819624112 0.20769627215092962 0.1866171533080115 0.19781133117400113 0.1765327491543458 0.19228216572048185 0.1472807371721277 0.1344228527715163 0.17560398363755172 0.20993927221593292 0.28520971309994425 0.303551375344343 0.3463275157067631 0.3646010024771184 0.35343913862002213 0.3692167309331075 0.4577330500882004 0.510034525082808 0.5092708224803686 0.5619480557036043 0.5389070390609741 0.5464852160192277 0.5676428496324547 0.5591620893370252 0.567694337716421 0.5902196825822936 0.650510253631044 0.6858652405865565 0.6780748753438116 0.6850444564925012 0.7107808158011492 0.7221141409919828 0.7193111399980159 0.7370777439993027 0.7395846176947676 0.696618957194017 0.7290604092338907 0.7270831659771928 0.748040356281869 0.8143574619413086 0.800516173409503
0.2764009722226766 0.23482082762825174 0.24903270245659379 0.19960259092466634 0.22420854622895137 0.1968582662999186 0.21497136381057538 0.18182931023589605 0.17646922467183454 0.1792857185221938 0.204308298050345 0.22043503574927986 0.2618320377478749 0.2617084310884206 0.31526659070405116 0.3124972728406211 0.35679168600801153 0.40018194067576973 0.4701174324155046 0.4907727091056893 0.5123753616542028 0.5566831758904737 0.5306992021057615 0.5251164349166805 0.5481768334834025 0.5625350268921738 0.5677294647082728 0.5811665964009115 0.6416395593723984 0.6523082791613031 0.6660170995603003 0.6899910881706114 0.6732299701445295 0.6724705073407682 0.6978723307246161 0.738766868100928 0.7243724584637647 0.7417616021123622 0.7229508779066955 0.7304625312936747 0.7391574014578407 0.7616601757630641 0.7739785256445839
0.26713503558319857 0.23811614482947266 0.2549992495806731 0.21511223146239875 0.22005458136876851 0.1733543504743623 0.19514575280918073 0.21639454650394496 0.18496760753561303 0.2027313505108344 0.2013632106604856 0.21390285808613285 0.2508352431245629 0.2314310601542988 0.267046814708287 0.3154492595732314 0.3461576813180522 0.415133601145776 0.4779634675805114 0.5046330202467498 0.5256270086275519 0.5273373765683864 0.5400053179337186 0.5135607505248636 0.5423777032952752 0.5829978876861572 0.5685743735310164 0.5739608964364192 0.6158661902487459 0.6130457878661212 0.6457212343706331 0.6703874395157495 0.6808570046210536 0.681330750765579 0.6980289433869262 0.755678483507361 0.7401696974677557 0.731891444019661 0.7320507394282594 0.6755053657161538 0.7214372482981626 0.7206773846844623 0.7096871528365698
0.2842573746920065 0.23954496057497723 0.2362034141863031 0.20131922114369452 0.21433571484554612 0.20252024599470658 0.20302252311879906 0.2315073999227906 0.20230580122967143 0.1850441854793224 0.19434734946281257 0.22299752891866542 0.2028213885893797 0.23418772614355055 0.27521888946367024 0.30595832978589926 0.35205105825662475 0.4239635467059861 0.46635304187553306 0.5292040632835189 0.5511513449672321 0.5343630019545056 0.5222530917689758 0.5271623382852241 0.5086276234688595 0.5534385910556006 0.5475102204721205 0.5644314365287698 0.5703536907230464 0.5990308884718446 0.6057869678134769 0.6511239253307433 0.6882218680512795 0.6737170405602322 0.7213393473172193 0.7227799892674057 0.7330162462831074 0.7120756972729892 0.7202035258775085 0.6925793040100812 0.6814750679619235 0.6784929497375961 0.6760819424266084
