Raster_benchmarking/continuous/raster-82.asc
NCOLS 100
NROWS 100
XLLCORNER 1743159.3979880097
YLLCORNER 5469297.204932926
CELLSIZE 10
NODATA_VALUE -9999
[rows 38 to 56 of 100, columns 43 to 85 of 100]
0.8521978189717975 0.8631481119189416 0.8783456931472025 0.8389728238636245 0.8899026942411509 0.9090977548904876 0.8773590915614583 0.8451339441289689 0.848011106683009 0.9020037455940313 0.8711036395138828 0.8966115943469138 0.92749827690168 0.9436723880560992 0.9131586473108786 0.9191552721438979 0.8591719568165884 0.8592986678564447 0.8736271744169385 0.8366345794295535 0.8254288113254183 0.8453920778783313 0.8763099771116639 0.9133468550537461 0.8918811110995077 0.8514644558164655 0.8315965503890295 0.7675079768653499 0.763509003581065 0.7084187084885283 0.6624981976099927 0.6526863251828867 0.6782045980622461 0.6701970754981867 0.6445455650431094 0.6723290641352454 0.6761460708836974 0.627689534340503 0.5643873197943012 0.5160374319230593 0.46051883160781604 0.4709243309955283 0.42048876421477577
0.8159652275812435 0.866065839726343 0.8999028724911052 0.8807679663981315 0.9054790190990419 0.9367178795550113 0.9018041906743638 0.8996101728911767 0.8537903165574391 0.8476499856057257 0.8790342436543684 0.8852131517073439 0.9236769839277665 0.8939218549259195 0.934241074141713 0.9106996863258467 0.8888413159962434 0.9168917279184527 0.9459041853325599 0.9238023393930197 0.9231335011632901 0.9256814103524484 0.873274483750913 0.8596370712058615 0.8589344514105124 0.8523127027769811 0.8460275704275452 0.8363042804377052 0.7996563104929936 0.7250649717832763 0.7036318282655524 0.6600636876264903 0.6794109929721658 0.6325757244185778 0.679900791117611 0.6855806648987114 0.6296633230070784 0.606864091593473 0.5354895326911389 0.5058678050299172 0.5048336635237666 0.4772996606622486 0.4277090893796478
0.856780223209621 0.8582867224528765 0.8850332040842581 0.9147113467238834 0.9715769253557668 0.9639322407608393 0.9521498649357213 0.9062898568824671 0.8701500088126622 0.8455056350613042 0.9053061233955852 0.8905850505081394 0.9003516309252295 0.9328232772372009 0.960924105819169 0.9046256058861426 0.9424312296357805 0.9208211193502609 0.9764121730797057 0.9243907147723275 0.9519419439881734 0.9486900514357736 0.9376812831725069 0.8444240038274335 0.8101745030721709 0.8379432870565614 0.8825174642816614 0.84648260303638 0.8305292501358316 0.7861699341426741 0.7286577228887419 0.6582320616578389 0.6449842268137861 0.6752495412171452 0.6568444031758063 0.6248375420150869 0.6426715899418001 0.5855384795157031 0.578216323788916 0.5663434270678356 0.515849081134317 0.4730320897606902 0.43654324354211144
0.8737011178288295 0.8670518236695818 0.8916646712315023 0.9068204146061637 0.9277079762250501 0.9198426393141869 0.8992846862565135 0.9153437493448131 0.9163406506707708 0.8624726315440545 0.9102112852468307 0.8921697563505971 0.905305473859611 0.9304386763565073 0.9206713568836736 0.9105121661973711 0.9341311898494804 0.9663499839509027 0.9573416204810427 0.9314415320329514 0.9510726216505504 0.9717524698299358 0.9498942536510507 0.8670584958138638 0.8738640824928289 0.8781511784956081 0.8634995933392837 0.874820065859884 0.8476316150608793 0.789088994250491 0.7130541418324607 0.6968872989619881 0.6730971920029198 0.6416506842813251 0.639257059562801 0.6362544887092523 0.6395553163859414 0.5730548998404215 0.5902125547821541 0.5391931040932721 0.503457768424711 0.47520107373898784 0.42718933742263815
0.9023540515288959 0.8784204254133451 0.8570548823444853 0.8730433937334903 0.8632109608650332 0.930085154718474 0.9127967851061217 0.9145446891745153 0.8951641299019636 0.868868639527761 0.885417019067956 0.8816197007402121 0.9269899930452186 0.8871226201736581 0.8985670670259532 0.9023973011754854 0.9598825433225421 0.9346336233779003 0.9297828112957058 0.9474008150460109 0.9722842632028599 0.9670579526702575 0.9104568748433753 0.8965316196473742 0.858956621220144 0.8343384627030996 0.8507528112455258 0.8384830765218987 0.8537925446356198 0.7857175333935009 0.7447881483355878 0.671805212724055 0.6753903945794303 0.6407049827647973 0.6470602870816717 0.5890097409851898 0.5900772857631682 0.557164915533516 0.5969437994599425 0.5726453059734846 0.5501150389372108 0.44862552717389304 0.3747176374785548
0.8712158887047551 0.8574113182429011 0.8769842279916733 0.8936621005959314 0.9070394918975744 0.9190936674355203 0.9376071320800542 0.9317263093343331 0.900913067077668 0.8960077383492063 0.8713716085233455 0.8974349549760109 0.9092181816988388 0.9173338092279685 0.8845983995412215 0.9377956772064076 0.9194706687656305 0.9543869877796792 0.9206893672556928 0.9753266398737864 0.9511816869877764 0.9418045829695979 0.8739522576639723 0.8566793526798976 0.8901502846778454 0.8741880512140316 0.8457594646686492 0.8702354612957685 0.8485744192353464 0.8033583587604335 0.7070639799540503 0.6877725877861806 0.7023125065329094 0.6928655469621131 0.6579095337716053 0.6068028987658977 0.6048014454460752 0.5558144348258445 0.5767718629398945 0.5536754184450137 0.506472982263577 0.46153646440063967 0.3802552873177386
0.8602047745798962 0.884488786946337 0.8855625935907555 0.8672705889502029 0.9194813170146339 0.9177361689238477 0.8901294113018227 0.9265579442684647 0.9061233225481378 0.8696617537023511 0.8731005464943612 0.8652932020252155 0.8493078558779167 0.8613713333409332 0.9048636084240879 0.9167372306338417 0.9266361042030802 0.9203885576241926 0.9371341881035549 0.9914352048473919 1.0 0.9466752247342496 0.8783207331059275 0.8727630783491326 0.8840880502949455 0.8635980074014642 0.8450272768654942 0.8476481126950639 0.8287799414265636 0.797281667589703 0.7066541279061855 0.6989146826783632 0.7165344855233093 0.6773072444265774 0.6202006236736748 0.645637981924298 0.5949499823127044 0.604642157063181 0.5648747563237368 0.5442882349796286 0.5328920849464153 0.4985576465257617 0.40880867365343515
0.8493290597658174 0.820407831104316 0.8373773540584895 0.8459001497734462 0.8885621887688788 0.8946589829113811 0.8928972073129612 0.8847086954679535 0.8694284128975429 0.8998471681356345 0.895220570451902 0.8502968435831534 0.8713362227720745 0.8965425183785162 0.8885745455489399 0.9224174019243518 0.8671548977064069 0.8736712711222129 0.8908662044377994 0.950898534771436 0.9491119514546267 0.907813225060304 0.8971577012449088 0.9001957939535647 0.852175256585422 0.853079948041307 0.8555902427683341 0.7948482428189392 0.8108529835351772 0.7785794687746869 0.6989647906348305 0.700332654514543 0.6602109522533365 0.6539267388581075 0.6402566216487362 0.6404463130988504 0.6453238403001128 0.5976716835209064 0.6046712205840974 0.5422118447457087 0.5010871528146306 0.48626115719658664 0.49453586022569723
0.7684912369519308 0.7990640488570883 0.795149117812896 0.8238775095843324 0.8227182285990353 0.8486826317903251 0.9270098655677914 0.915412564154853 0.8973298952992835 0.8727567141887593 0.8916202438183355 0.9122078285632078 0.894800323841555 0.9076730400820062 0.8827830033978686 0.8744903323165173 0.8535509753558451 0.8716852665337657 0.9030526800317112 0.9194841124303635 0.911412118278554 0.9411428911470148 0.8960849593548036 0.9195793735309123 0.8637925905303128 0.8941921473383413 0.8645514621171088 0.7972110094114067 0.7509065150648307 0.7445263372260652 0.7067706116904976 0.6768140189154398 0.6531588364306159 0.6470195627038741 0.6506689289867807 0.6469809863194025 0.6317782134068284 0.5834070427947886 0.6024839961845224 0.5786322866258503 0.5455741210280171 0.5021942268483139 0.5161810646476176
0.7687732250156162 0.7336725912207531 0.7643050173794841 0.8032334009618153 0.8247753546173258 0.8446485933453213 0.9259795892025671 0.9286460146983612 0.9153557755328727 0.8942520653986681 0.9178850649251614 0.8991542299286464 0.8619329311310061 0.9000832512043492 0.8449431900703032 0.8449204452145201 0.845188694532493 0.8712574865967705 0.8881227124014344 0.9188794291985639 0.973831962714051 0.9657365287347766 0.9076683142660963 0.9267588828026959 0.9100054532501605 0.8847909849854739 0.8563515815152638 0.7699152733078538 0.7291780982643358 0.7023792855844527 0.6834720634353407 0.6523876605980165 0.6643077603073344 0.6561172822499619 0.6485514890729455 0.6362272377961186 0.5936363651332094 0.5758953360126418 0.590616734202678 0.5909834421435495 0.5402094759421197 0.5214507223873426 0.4835273962736091
0.7474474941828261 0.7186350422136633 0.7430305950951124 0.7796042243931098 0.7761376349854808 0.8538604102375018 0.8868780472797867 0.930221319587828 0.9270395577144802 0.9030610035195473 0.8887491834491552 0.9043212110934289 0.8735473652326896 0.9031005238311082 0.86666671183395 0.8519835345095116 0.830012378730007 0.8673798521702372 0.9336300977703845 0.9738977656813993 0.991950610204107 0.9448061989158992 0.9557533999538232 0.9320028610633029 0.8725516519173296 0.8639164502676412 0.8366434788194135 0.7960808929831783 0.7508671530334226 0.6975204723963491 0.6915032746498394 0.6833973138122543 0.6796488692550302 0.6103753312955359 0.595899150964956 0.5810633544454034 0.5856784138815606 0.6120626581366806 0.607008413978045 0.5538098304138158 0.5007780865386415 0.49220722074648515 0.45489716080188347
0.7128142880873773 0.7693270706831515 0.7970901882802395 0.8010161966933067 0.8089274210484645 0.8442024929615172 0.8923825522137692 0.867990729159597 0.8609574920629275 0.8775648868123667 0.834612737788573 0.8593789936521821 0.8777104254083079 0.8697065226181537 0.8605755451641653 0.8866840124709401 0.8672918662865848 0.8870839737714961 0.9320568764525333 0.9389398012084532 0.9615192904356118 0.9797079035084685 0.9351572517131058 0.9213032841416876 0.9102668919660479 0.8811820629085675 0.8409299603686 0.7888989070790189 0.7579314536368371 0.7496167945731869 0.6943033026646332 0.6678483303505935 0.6664583071601589 0.626628292856498 0.6347450842684704 0.6287143896151016 0.6208892854720632 0.5901468836395797 0.58393266221322 0.5422406974860293 0.4904886691939202 0.5142195851190733 0.48487642383272633
0.7554117839253789 0.7824685360868785 0.7693486463761675 0.7844693863756604 0.8371297196102669 0.8445416756205317 0.8716955344884874 0.8645637777824774 0.8778757362057727 0.8516729003746549 0.8295782656704314 0.8681438781727823 0.8275596027468637 0.9012042752504913 0.9132201764245351 0.927767677726563 0.8958119539891302 0.8906397965155006 0.8619937943071897 0.894875867668462 0.9515352643578222 0.9515237839670947 0.9109001162985503 0.9085875369377284 0.8659574184463269 0.8295554061711174 0.8276112849567722 0.8290277999210569 0.7965108634758199 0.7262350312577254 0.6817017461329155 0.6464339784236764 0.6361686058660336 0.6295154892889144 0.6284409149213055 0.627256396346239 0.6476944350202766 0.5903797570152552 0.5863580893809865 0.5551369551782207 0.5078639157114877 0.48975486696289955 0.49196943850902547
0.7632103459737293 0.7442995840984861 0.7354695783556501 0.7640931815439316 0.7974529500941228 0.8437051768234567 0.8637090128351759 0.8256179803658702 0.8418950712410601 0.8699409575886476 0.8607616279304287 0.8424676814635406 0.8451513577084624 0.898210523613987 0.899061850035797 0.9143036816839739 0.9183907980281164 0.9079597894909177 0.873866328158845 0.913012589609454 0.8760749416726907 0.8974995369028157 0.8619109694193239 0.8205277420296455 0.7956667549410166 0.8184020444138371 0.8268737091573036 0.8149748385468566 0.7662459955001167 0.7469271878414742 0.7301693712040886 0.699875021089449 0.6564431609645106 0.6397754155741304 0.6062984022286146 0.6452721936187478 0.5988399808592311 0.5909739955886373 0.5711989797440749 0.5241668555561373 0.4771773473121502 0.45397501968852233 0.4727298049288665
0.7342684690985691 0.7307904849732927 0.7246367429785423 0.7456499378009472 0.7568737390072751 0.8279971517509113 0.8367743935098634 0.8401480602373799 0.8233863636700905 0.8825434921461739 0.8965926462729091 0.8650868069863611 0.8780498611604389 0.8750325378181042 0.8915837980170938 0.906632168405524 0.8619436259080948 0.8975747781287999 0.8929655820460567 0.8720419702821728 0.8430327057262906 0.8205372569351954 0.7975801929056285 0.8327291727062648 0.7693883131700221 0.7744125418922904 0.7924482290235014 0.8312563260201165 0.8108585516556867 0.7438176714379204 0.7381038786890723 0.6717201784012554 0.6562207719665238 0.6148021392148313 0.5886530985153119 0.5701646853534436 0.6240213811963504 0.5900156946935745 0.5283074432307717 0.4982260830627861 0.45585787652555254 0.4707801521982163 0.46801786122754907
0.7311366854624826 0.740855311604562 0.7402658978453664 0.7650494990072605 0.7902187125114881 0.7987501542676073 0.8161990433872243 0.8292747699664953 0.8552016451205057 0.8723709141599612 0.8613550767851081 0.8997826707565453 0.8945519238881297 0.9124504874407665 0.9267484064564044 0.85652794833474 0.8289492350941897 0.8466189946205923 0.8171525177782221 0.8385200978252552 0.8311107298021106 0.8141944996457028 0.789062371584035 0.8208178171450794 0.778457805592448 0.7600222426398402 0.7985219896340165 0.780581342890214 0.7955773746374535 0.7515947906915338 0.7488670360642838 0.6588954390964328 0.6336567813317456 0.5897283377759567 0.5948114439329933 0.5465038798995105 0.5353456676508751 0.5600852748748651 0.4924725195562788 0.4787542389622203 0.4466712188358692 0.44010536186104854 0.43812838555178213
0.7056557631541126 0.7253348768029849 0.7376046442358509 0.7460621679399005 0.7686382234674183 0.7908940245752745 0.7971727110687653 0.8102126960748006 0.7912381264233739 0.848144274308684 0.8539981331163293 0.9061689541180471 0.8794825760345245 0.8845504870482688 0.9250697755271727 0.8981767702585232 0.8542188768981973 0.8320603050903127 0.8126333524814238 0.8027118280358997 0.8371476392043289 0.836106769138781 0.8350479584411165 0.8367703277955102 0.7823285904993689 0.7813277133364418 0.7707838316464162 0.7661522719880569 0.8146655151044635 0.7370860997094284 0.7325735496533912 0.6627555259026431 0.5776291413239607 0.6020336864713866 0.5549817129897919 0.560592661984432 0.4978360559179874 0.536188855484817 0.4926529732248614 0.45375608818516133 0.42301262254760696 0.4090295219468485 0.40904261962144406
0.680725917211406 0.7028591288174012 0.7450683296202382 0.7555872486709303 0.7955653337983197 0.8086707864911024 0.8254124047015348 0.8300627284877754 0.8331850446956262 0.8354581517222647 0.8560496886334746 0.8712520417591061 0.9154085153212997 0.9437451394462497 0.9119068092012691 0.9065140386366062 0.8610646806311488 0.8291365448025443 0.821565759996431 0.8243517340588855 0.8544302533126747 0.809535013625849 0.7973792701401928 0.8175280447233196 0.8369306841473383 0.8302067595675332 0.7897858932582207 0.8109118207150499 0.8141196392026093 0.7312115762749878 0.712553365964411 0.6620390313539499 0.582186534701095 0.568606669999056 0.5281328237570212 0.5333211901313486 0.4872811118366755 0.5105175321801559 0.44482249391061585 0.4296098247132106 0.39560010102687954 0.3935941405129012 0.40159085610737644
0.6609188558731702 0.7125329997423527 0.7592001099590658 0.7923113459966976 0.8733711268626341 0.8341356834828213 0.7956132796220232 0.8319274711175427 0.883984654879402 0.8654605497952641 0.9058379789000958 0.9290815473286784 0.9620014301922448 0.9452678263628359 0.9454866310494893 0.9101016120949351 0.8450603064789775 0.8533192020825382 0.7950348529753619 0.8475831708134535 0.8658639782109535 0.8377400027408046 0.822751168704741 0.8399461570164505 0.8553746490641412 0.8708898260562832 0.8408400034261441 0.8111788273335652 0.7933948825238787 0.712835342268064 0.6699851387434319 0.6406256892533104 0.573397491551373 0.5416140505481651 0.4929899463727329 0.49575431169175393 0.4764399758320208 0.46846312551188385 0.45016161830605017 0.4395205296760216 0.38996550500378 0.4143211698461644 0.4030166021896127
