Raster_benchmarking/continuous/raster-479.asc
NCOLS 100
NROWS 100
XLLCORNER 1743165.6765224347
YLLCORNER 5469286.977119217
CELLSIZE 10
NODATA_VALUE -9999
[rows 57 to 75 of 100, columns 0 to 42 of 100]
0.4220638933814673 0.434106804779973 0.45935270995026134 0.4830175884653015 0.48245909032345013 0.4829797031785746 0.4590847841798956 0.4529768339248933 0.44835609994526804 0.4780896191004303 0.4467056946660277 0.47327782046313077 0.4528737230748166 0.420676667460609 0.4350364778907162 0.4070488462714186 0.43615848445146577 0.45226112279453706 0.41518978804861245 0.40717349228834815 0.40323736155584067 0.41430043459730126 0.4383883152540104 0.43995196621654187 0.411767004055951 0.3967204372655332 0.4434583712098574 0.4801472152867299 0.4792425965963647 0.500913561494314 0.5289945661994481 0.5773450705955098 0.6054931227069247 0.5889353695296496 0.5963838368849866 0.5788165910933438 0.5551349320196318 0.49569488953522567 0.4859524820673944 0.48032622442985584 0.46500752365286413 0.4416989406274349 0.4855030941644471
0.42602749989216154 0.41738670999449423 0.44489234802794225 0.469661439796395 0.4804256371496128 0.49480625695716457 0.45824716409315985 0.49430196736714493 0.49903772262268614 0.47652735684487835 0.47330371309665686 0.45159970106735703 0.4461595617331905 0.44861978939106695 0.4409337916257784 0.444153618858083 0.43669581259996937 0.47618407807590696 0.4627627398680187 0.4711566458347132 0.4453496647048083 0.4582245232556872 0.4467423782320241 0.46533094462442265 0.43299963661628765 0.4526603243677681 0.45737683330441486 0.5018575358017208 0.5100382194039313 0.49954708663281877 0.5543003149573259 0.5701190949160969 0.5835917795632798 0.5575515178692595 0.5614092400787698 0.5617006538077877 0.5858219131398644 0.5182896502579273 0.49871965362563975 0.4578658142722693 0.4544512424718201 0.4422479645656433 0.4636382948945465
0.42790001907550385 0.4161612334910034 0.41173018449120286 0.4153901014993716 0.4835296652352398 0.48091698230029495 0.48013582648475456 0.5078801797937236 0.4864690580227098 0.46193656636080455 0.492836922946634 0.456683267759873 0.4674245245394826 0.46566269902634133 0.49120954794138394 0.4590271139705428 0.4706664555990788 0.45271751055941295 0.44291110366015807 0.4752570586260282 0.4764446818573873 0.48731915528418396 0.5074364204109731 0.49137984730303635 0.5097365037814814 0.4945795770636556 0.4652774561322263 0.4621064521423579 0.5024483977087484 0.5051138661535013 0.5512270744749921 0.5908157947328343 0.5626947276654969 0.5680732026696099 0.5692655420276438 0.606185421788392 0.5771760353010712 0.5616306214027962 0.5363213896558069 0.48524916864003115 0.4965599361744507 0.4809518735550531 0.5267096472078321
0.4042529360717145 0.39684544140792105 0.4117273538812283 0.43368258782605595 0.4651015552666834 0.4481925907057991 0.46859654620115726 0.4497563308252196 0.47096452841151815 0.4899902091083256 0.5064125301366831 0.5140182263312058 0.49658615597535943 0.47648640634790806 0.5020233109368805 0.4882287406014339 0.4954138375182234 0.47933158702213763 0.4760099697470508 0.5214128535864204 0.5188843629419713 0.5285990650897172 0.5189946904737798 0.4935267064345827 0.5267238358180086 0.4940846818031804 0.4884724743136269 0.5071380602425498 0.492162827535382 0.5322991400209346 0.5321356323408847 0.5377816264885507 0.587187468485047 0.5988552947564689 0.599709310527202 0.5984018350270952 0.5732767645774908 0.5867082074960236 0.523706029252533 0.520828886339455 0.5011318314092883 0.5242392676611569 0.552253414574383
0.433730221180643 0.4035866080281607 0.40030803930301234 0.44124503917992053 0.42577969909775476 0.4433446278628814 0.438042840808799 0.4525911261855553 0.45703676934090354 0.5231836718232521 0.486437033238489 0.49281792157444204 0.4815605507661731 0.5179443734577458 0.5024535846538365 0.5232639190148639 0.476638342040997 0.46016172898702995 0.4807689528298121 0.5416334531028116 0.5258571413243216 0.5116281341061686 0.49280705055019697 0.5221473095265249 0.5098889314076718 0.5136046252429094 0.5300787380264474 0.54562121482181 0.5362096767851952 0.5253534970951116 0.5446936449165211 0.5293059553102486 0.5672798256743679 0.5917352954599974 0.5574578792157519 0.5898664625584945 0.5827274566266334 0.5936620245442187 0.5883855344603793 0.5541964986791047 0.5452986491536722 0.575223405029497 0.5387140888522385
0.4357372622496154 0.43504267362363425 0.4392699986825277 0.430515752171445 0.4363700338216459 0.44563973639194304 0.459925003490263 0.4672028117062279 0.4799454488620856 0.5051957748095461 0.48266266184343776 0.48573877277752164 0.49652367959650373 0.5198892041742882 0.5330507995317608 0.5380693582266166 0.49898570802740866 0.49774654308050437 0.5375410157031821 0.5169328311818178 0.5336029443311229 0.5294275863919918 0.5171508900091862 0.5132570192541975 0.5437812615955112 0.5108853382688586 0.5228692207225558 0.524718968946236 0.5267494899470302 0.5460846374296385 0.5108459198191035 0.5110980833351323 0.5259104975119219 0.5271487261209172 0.5507828525307075 0.5586408953803351 0.581756079923768 0.5705886852663964 0.5815042843165927 0.5980883225890736 0.5849975876573107 0.5605380205632376 0.5561513243763362
0.410901761938425 0.4569045857053457 0.450306694191675 0.4468305711281059 0.45188748764406583 0.41798736591521485 0.4378613286328758 0.47584530988485657 0.4789883888917004 0.49618359913565135 0.4685407064839412 0.49792202740669594 0.5166366323768029 0.5618583641645789 0.5616428687534228 0.5408423984578902 0.5368428314340845 0.5727199936131387 0.5855390196063222 0.545803221785881 0.5679598508849298 0.5415220396711639 0.5422770195234303 0.5337550350902518 0.5190712050585661 0.5559080439203771 0.5341954208766577 0.5071031082426933 0.5466417208770216 0.553685956847729 0.5633425371277125 0.5221198408055406 0.5449489778082586 0.5011212902596184 0.549743376147749 0.5386331655431839 0.5654647944962922 0.5776400248971648 0.5872209458478298 0.575382665339584 0.6133764098602438 0.6146423220982301 0.5553750884530697
0.42954410887411626 0.45691380399798387 0.4304250819476482 0.4356087455512264 0.4155070426088632 0.41881828578275115 0.43506713851609163 0.4553053263779309 0.47974642910053195 0.5034792063155151 0.4857074615999184 0.490203803735305 0.5338080684141314 0.5903657633595116 0.561635782142377 0.5680696890595893 0.5877285011316681 0.5975228095139511 0.5979510297065547 0.6127757464698587 0.5892826240202854 0.544772684230953 0.535002771997102 0.5114657822123084 0.5221141692617679 0.510448873058473 0.5274279709104365 0.5329512448330872 0.544799685603199 0.5615480949474247 0.5751590400631973 0.5434440413264091 0.5336262488718239 0.5192267787280798 0.5104071866133513 0.540293915027702 0.5698219990890119 0.5585435016808307 0.5800659730311911 0.5724500042078221 0.6013717780951466 0.6130964741071441 0.5675798788226448
0.43039368231065045 0.44131960676074916 0.440397883395562 0.4513481924884938 0.4355905027186454 0.38674107388098955 0.42569984786469345 0.4712601496185524 0.4611321373529979 0.4745138485809875 0.48703537148258697 0.5346522152031955 0.5505292805497868 0.6417088293345434 0.6098766778306672 0.5671881519636293 0.5917785263886901 0.6243503969220624 0.6154101785763348 0.6242739182670871 0.5946082655979914 0.581240731014245 0.5372568488528139 0.5354599776145632 0.5435511492045656 0.5041920536270995 0.5284352661279744 0.5139687173985891 0.5687674526579458 0.6049803424171225 0.5759355633995588 0.5729588600865746 0.5219195964613409 0.4872853858867409 0.5460133660059887 0.5453910541933337 0.5603333840565298 0.5516208969141555 0.5666044371102678 0.5831406991630693 0.5661110221561232 0.5703107425720679 0.5489438997554034
0.42760814847784834 0.45018941234801535 0.4472877813168139 0.4279086770603246 0.42579777404304786 0.45589900019471047 0.4692700376216268 0.5002349401203536 0.5033389465926066 0.5159511926370951 0.5071357304860837 0.5694552083252742 0.5783706963575914 0.6381293570823374 0.6299271358984008 0.5990694438311601 0.6353701143152308 0.6344819247848924 0.614555942169265 0.6242565309457085 0.612219520637475 0.5688864011174743 0.5830281157361744 0.5500532875418941 0.5649162634766881 0.551025643630074 0.5680472594791297 0.5690209425649976 0.5714338920488522 0.5959146759473658 0.5853359403649865 0.6013972088371626 0.555998368408 0.543493645478511 0.5637766839197297 0.5348549156903198 0.5774065373280779 0.5690269468260081 0.5856994183362596 0.572949819940174 0.5544999067150399 0.5429461275394698 0.5735298045235272
0.4345787456110385 0.42713915638693145 0.43519754830597007 0.40473384797875717 0.43950012279155204 0.4525451227697158 0.4611959639358989 0.5011438160098881 0.5126802587058062 0.5035597377376928 0.574557906860316 0.6167521974347739 0.6222934728623288 0.5997162567412244 0.6204761310084039 0.6329723203423857 0.6532451539691112 0.6444970606087225 0.6012623790959577 0.585135323083851 0.6038761699208312 0.5644377038164577 0.5724812718221166 0.5840349846462546 0.5873086093848052 0.5994402441759649 0.5750206264545163 0.6119913506443149 0.6000269738667191 0.6397311979364337 0.619671739637589 0.6037220239438801 0.5784086330183814 0.6042529517815247 0.5726458921882428 0.5503941583361169 0.6063488944181775 0.6164390623636755 0.6289143097525073 0.6200848343660835 0.581897711797033 0.5432656506403267 0.5638382893566868
0.4455273955064575 0.433724357225983 0.4366447821075002 0.45919056821042653 0.4719849774545891 0.4756382772582639 0.5147843941102073 0.5065118536604352 0.528515725288263 0.5622350488662188 0.5722172760436829 0.6422819910390996 0.6438889773215161 0.6547176718599609 0.6354584391166247 0.6632260506796626 0.6376469427651088 0.641771846041738 0.6181708521966495 0.6315112237097165 0.5949039067058608 0.5884945594078806 0.5911549288081439 0.5804996117303266 0.620726521014994 0.6099261455700137 0.6020948451845577 0.607341422698315 0.6373608916931778 0.646638065887989 0.6132257684539753 0.5853389351828602 0.6085661986940384 0.6424144790265034 0.62007596781456 0.5927796502132573 0.6050359346647779 0.6251126717118451 0.603488206586635 0.6210635422900516 0.6034712221815615 0.5535598152365838 0.5677852437874755
0.4792602894631011 0.45031140293065147 0.4463295991223916 0.4513877014514867 0.47118576308305976 0.4761544896221708 0.5266978281020304 0.533401318197603 0.5350251822427736 0.5652010484272169 0.6181499875870881 0.6680929637231283 0.6846108909286136 0.6799094323114315 0.6649641947352067 0.6708223907212728 0.6811374599744242 0.6450754423850782 0.6242112570619415 0.655862779147069 0.6261794557196402 0.5985793976249633 0.6029771815896855 0.6116373249487713 0.6284683309826871 0.5926605697211924 0.6057045046955581 0.6525873088577651 0.6318218186393517 0.6226535755705672 0.6092107690860125 0.6172515970165758 0.6054328853818702 0.6377872145369455 0.6406027594228062 0.6207645359489753 0.6412046899238883 0.6506294722972913 0.6299297568698287 0.6001210577533627 0.5797164284319168 0.5730508394373216 0.5917482221184899
0.5090683371427854 0.4804245046214459 0.48164014901985785 0.4844371997717189 0.5068679420473694 0.5014192602399627 0.5009105010775164 0.5205295810374954 0.5529305258173707 0.6000626555774542 0.6201454947946883 0.6675962508229543 0.6661426095282875 0.6652596735298677 0.6829152317061987 0.6867843139767528 0.6789009226719503 0.6710767880628069 0.6545564907266935 0.6764422400469124 0.6789124095093634 0.6593255304393745 0.6326195365222219 0.6457219467115434 0.6679460215802132 0.6300677756275865 0.6369714456438943 0.6384472286886307 0.6548718885878205 0.6584896845137904 0.6227563957130862 0.5991317292275806 0.6161138601396995 0.627638905126504 0.6608122369741783 0.6616363017671484 0.6504337092314697 0.6376530380892119 0.6686253604229138 0.635123392848231 0.6321702232144816 0.5998453296977296 0.615845803830367
0.5214489553268872 0.5043210695786693 0.5475710912302676 0.5607315096812578 0.5190020653334618 0.4997741699073895 0.5052713951591208 0.5395062621335731 0.5560725861366491 0.6013898190727599 0.6191304097169223 0.6944021786268068 0.7052879698701462 0.7238087995612923 0.7223944794418973 0.6778829703802638 0.6903710676214837 0.659587302195719 0.7010855089697787 0.6881103107015438 0.6808811816455443 0.7079192456594648 0.7030046258138648 0.6993585683807646 0.6862299316296419 0.7017831853368988 0.6581747198339871 0.6654451252650775 0.6287127162267542 0.6513483064458048 0.5935417468453552 0.5876669286580313 0.5978399468011588 0.6412150775998456 0.641098452541284 0.6566942338091056 0.6654244559399408 0.6562702832461953 0.6863614392998423 0.6654695224246072 0.6414468712179479 0.6534758214770469 0.6431952121757618
0.5244518930679458 0.5306491209867603 0.5633655018933869 0.5591475432123066 0.5747804021189571 0.557281446547642 0.5698814354257077 0.5868396868513119 0.607131888212429 0.615059765299215 0.6306795798984849 0.6584526079128242 0.7234039455299814 0.7480487079607115 0.7086795920801134 0.7154621273147694 0.7196651829051313 0.7130853030129151 0.7091681328403656 0.7145649004359221 0.7142870560801551 0.7177751203268122 0.7276961047856209 0.7221904867741602 0.7003722466663315 0.7059714674730199 0.7122879875908019 0.6709208065578723 0.6440357025063816 0.6132345126221588 0.5837658546886405 0.5785004769854736 0.593140214297042 0.6168463994677854 0.64713948179209 0.6348179411701468 0.6486754816569045 0.6289351688904667 0.6644845369923311 0.6597299002551522 0.653179102657524 0.6696663191636205 0.6638170409768835
0.5508551736544585 0.5564728483591429 0.5379490675173453 0.5545122540069412 0.5800674699960103 0.5933101422942938 0.5827408052319707 0.5759434863290605 0.612045826768542 0.63090545080537 0.6545851615535562 0.6737573310095359 0.7051639969896009 0.7496232062607221 0.7204638015187786 0.7367441869486 0.7389763340866874 0.7654079039264305 0.7528685901961917 0.783314502119601 0.7562746334815057 0.7433943438927018 0.7537922519400648 0.7579055361470584 0.7140694205034439 0.7230247790783302 0.7149117341497655 0.699346449906418 0.637978689906531 0.6070414064070643 0.6034641496817297 0.5640055537778118 0.5706222058341202 0.5693619347716876 0.6017311611482737 0.6191008487816356 0.6240516821883545 0.5958644006935112 0.6546224846624022 0.6828886840146541 0.6853425958467056 0.6999117744128366 0.668476162366363
0.5180478739936974 0.5329685636038746 0.5320992255459517 0.5619932120092862 0.5789265757705979 0.5662682076653502 0.5757453711161784 0.599009071692617 0.5899239833462886 0.6078882421876424 0.6621777654076482 0.6429093559398248 0.6801060200448436 0.7356063724981977 0.720910398443367 0.7238835831927979 0.7476125161698728 0.7546720519749979 0.7866598533255451 0.808787058182644 0.7778554956457857 0.7419562948061957 0.727083224858786 0.7152978778359308 0.7261546792402551 0.6997944864956411 0.7163286902969915 0.7093863063601881 0.6727214642704864 0.6261329861502885 0.6110457239370478 0.5857487310645096 0.5681093145431856 0.5586069178408436 0.596523653051569 0.5915030788811503 0.5708062136738496 0.596680745461923 0.6078151613020663 0.6541284171792444 0.6742318404008909 0.6671269622604797 0.6862342082376965
0.5152395930233983 0.5144894025685806 0.54189933555264 0.5637382027008242 0.5566447863069819 0.5825205524033018 0.6055277099189174 0.6293141908640731 0.597416063204342 0.5977971690522542 0.6442382084332363 0.6454768338385004 0.6781305105929913 0.710118232081911 0.7024399405162478 0.7492274200328709 0.7924752206395741 0.8176588099768082 0.7842526244979927 0.8067300681811934 0.7737795636858932 0.7310830097524426 0.7361279831370758 0.7159255573617933 0.7059630287861003 0.6897256365668759 0.7018161189988598 0.6863920441635438 0.6513760999417707 0.6312299026008045 0.5959754983767731 0.5583130620605832 0.5837571485871863 0.555523193175331 0.5760804335114111 0.5872009089388742 0.5503636374699141 0.572311140229227 0.593225746662354 0.6362272994293491 0.6824429030566097 0.6846087352808495 0.667902611050464
