Raster_benchmarking/continuous/raster-456.asc
NCOLS 100
NROWS 100
XLLCORNER 1743159.3755108668
YLLCORNER 5469278.800695574
CELLSIZE 10
NODATA_VALUE -9999
[rows 0 to 18 of 100, columns 43 to 85 of 100]
0.38349654446138565 0.40619596796619983 0.4170038376312764 0.4524562476173046 0.4762205497594457 0.5161220520107811 0.5307482646260484 0.514829439142424 0.5299641795378991 0.5260939719991692 0.5085588013109631 0.4709564141824408 0.45725968150863183 0.46209580022367136 0.4385225457012242 0.4333654258669218 0.42923630183882694 0.44309729800964615 0.46149440493730814 0.4905483613491589 0.4690262779428637 0.45984584054995775 0.4507065280560245 0.4079780334739972 0.40117505670639375 0.37229100852680397 0.3522443789015396 0.32286474672504406 0.3165198642778888 0.271659452812015 0.2383227730440403 0.23111755380549312 0.24059274962980196 0.20207669568810135 0.16508848265817794 0.16280052804110856 0.14758084868833 0.13305477375596536 0.10353866748570467 0.11825937799048132 0.12740687677138693 0.16121117726857026 0.14973122520738574
0.3768531988454169 0.40373861331068317 0.45524456620808607 0.49734505429201914 0.5286863724278913 0.5169743491280172 0.5450096001124769 0.537294785066081 0.5101830219566833 0.4883326967210512 0.4836589252193004 0.46057899995214635 0.4382652804835349 0.46870941205591665 0.46146794688011783 0.4256766367886788 0.4212840273676441 0.4566667557621921 0.4842711038085044 0.47137627751935296 0.4483789631223005 0.4624254679635764 0.4454383361667621 0.4596876218015567 0.4395185376635711 0.3799130663029433 0.3656415449020479 0.37368827193731635 0.3511253880903572 0.3009323799730915 0.2774736875883243 0.2710244481895705 0.25053036531073847 0.23134771525558714 0.19700056051407955 0.18832762567339587 0.13773457568957598 0.1580943844487511 0.12896703872367202 0.12724878058498673 0.118324859092971 0.14413454757445351 0.17314975831351445
0.380764723060846 0.4347339288591394 0.45333383526072607 0.4994597788756551 0.5127278031184873 0.5210683906748188 0.5546109888885162 0.512659429257269 0.4896359236803701 0.4989751676600888 0.49350760732799925 0.45278875826135717 0.4296380599088413 0.4509831100821923 0.45659337094716307 0.4433298165574027 0.42167833411705224 0.42011636111639544 0.42980063060276297 0.4456917228834684 0.4596884050349456 0.4712096049081535 0.4468026264777618 0.4619659282734821 0.43847204474768353 0.42582214290625076 0.4105543163348521 0.40318424376010287 0.37156595178879526 0.32773669267492184 0.29754311395223465 0.2990628953097388 0.290614735132738 0.2681491200335704 0.22238313529125525 0.1894801112386485 0.1525024077565897 0.16499293907587884 0.12359557339007526 0.1367983233881157 0.15429557300269683 0.1690008448525169 0.17003706493502374
0.41130874083273977 0.46554757695852034 0.46848073246470645 0.49148654707100076 0.5280196917442117 0.550001719360265 0.5573799456025509 0.5504283873438868 0.521413983833029 0.49232722025023756 0.5196663880863438 0.45198388816733104 0.4453224087393887 0.44089423109262604 0.4747891182170418 0.44134593058001204 0.4235348439327239 0.4365396142834396 0.43374873424656035 0.4748628652416628 0.47931413908373754 0.4611430692915876 0.4697635711193198 0.4665112735923616 0.44007663105204825 0.4464355752225969 0.447135098796532 0.4354199286088225 0.4204113129706531 0.3763929252733877 0.3119146880479196 0.330085149886059 0.3443376782583487 0.2815086917142169 0.2409025415332232 0.20332336569880993 0.19960032216475987 0.15002784448749876 0.11692602981539256 0.1464885478933445 0.13718838095195496 0.1643848644330751 0.18161748716804343
0.4300147156015815 0.4673189761412922 0.46825576776736655 0.4903129975843565 0.5026772452750646 0.5233936607845965 0.5557135209643593 0.524291878204102 0.502323715106377 0.5058074415233055 0.5036824414203644 0.47412958246405285 0.498564273572185 0.4789413945234422 0.4581697366590029 0.45254370686642986 0.4346593494426357 0.43233474906184 0.46325232880017686 0.48833925605470596 0.47097648416004484 0.48502877394046595 0.4735249670952627 0.4469995560316695 0.4247830942729982 0.46122729245041233 0.4415800888417329 0.4188964758345242 0.42694187637768277 0.36944359643104835 0.33157625504797317 0.3252344430460568 0.31075303049748126 0.2717608788447147 0.26557230777805274 0.22039301763026725 0.1758534482197162 0.13372374803753043 0.11096882688331759 0.1424218248030974 0.131383767006843 0.12797954848671014 0.14992314138611534
0.440732570709895 0.4632776018776846 0.47144327844134176 0.5129455269898522 0.518825128435413 0.5488079451930064 0.552779143939554 0.5542494112011264 0.5365402795756227 0.5060223055070148 0.4894437030422224 0.5042819304448194 0.5140138021011575 0.4937522700420701 0.49758203478468144 0.4818996888171937 0.4529825440866673 0.462285820660442 0.4967043247064226 0.48661797480619146 0.48874779306073757 0.4735720992875902 0.4614487984321357 0.4593280365066438 0.4389249599422724 0.4338997329930621 0.4490074097979257 0.4352228689392007 0.4328209541043828 0.37893832646975134 0.3387306255887179 0.3205839759484415 0.27291467660252633 0.286755924096228 0.27329990760559286 0.21457515056556695 0.1749174877662913 0.14725658016231155 0.1306469570384783 0.12275062450960329 0.11573417817070608 0.12274298881684641 0.11659285831346958
0.4769678549272144 0.4806268674896855 0.5039117978016553 0.48803438574884966 0.535626778444937 0.54939901523175 0.5420041324744382 0.5537206349931635 0.5445737702702678 0.5285826722822867 0.5008449456674533 0.5142263069110483 0.5492050923924401 0.5285983931739295 0.5015127920106164 0.4904667982524074 0.49343467675463615 0.48642307811256913 0.46457767182416787 0.4656891687774997 0.4736819577972694 0.46692736407187385 0.45431764800017677 0.43736216301663605 0.44442445498480343 0.41788939200757497 0.4456518422058658 0.42371151131276547 0.38472527690333713 0.3519070175944204 0.3254476255182373 0.305431986215348 0.27297541977401796 0.2756118290449023 0.23454283034723564 0.21967046928922465 0.1929936590323193 0.14996059341479998 0.13162937764883237 0.11689600596753268 0.12395748342019058 0.1424539447715435 0.11060660740019751
0.448110724122604 0.4951133525290368 0.5038927727427687 0.48926448695443153 0.5204209741823871 0.5191550117078734 0.5543884125841728 0.536214171935569 0.5381565759315459 0.5161217433361251 0.506422079255817 0.5347487235359989 0.5657133863156899 0.5429729126757555 0.5024308458121757 0.49060733912816556 0.46212163870143397 0.4643012802898282 0.46620200032808196 0.48747369836637733 0.4965343211921903 0.4760398849908671 0.48908043112604693 0.4510942722405993 0.41400182894051407 0.41343963996985117 0.4283912895934565 0.4178250716509582 0.40284177536947774 0.34359335224599213 0.3139313110612061 0.31761168898280806 0.2834087825663466 0.24327033074893017 0.22614399989976888 0.19204709159608588 0.1607246644977421 0.18284520412717462 0.17935214284528686 0.13348881052762576 0.1111953632581963 0.15052813417544855 0.145256542200059
0.46669552062713243 0.5089632762228217 0.5318347301025823 0.504039535465137 0.5020681344464104 0.5291854110476455 0.5294470563246952 0.5520831185879218 0.5435456509133872 0.5353000884006032 0.5398111734855908 0.5564848146499058 0.5357658175703497 0.5478895565879531 0.5204356381741891 0.5049733322161735 0.5120902301262643 0.4884517178368918 0.5034225128337825 0.5021863012446977 0.5006708359673384 0.5034954109772034 0.47534920967359917 0.43776544477779117 0.43499412124970005 0.4227377686591798 0.3937630778292275 0.41306076796866753 0.36865354682356527 0.3337995917708351 0.3204877094259168 0.29851895318966504 0.2713078165513149 0.2420766238023148 0.21906176587270088 0.20725666640567275 0.17483332844000146 0.19017689578534835 0.176977009479822 0.15287980710975377 0.11837257316023532 0.14249307412609213 0.1380711736852957
0.4760800391589806 0.49840946330265196 0.5234745026772131 0.5179783660554144 0.4924939204277129 0.5424570956241129 0.5165799021048177 0.551453903414269 0.5203076963941485 0.5344080443990745 0.5477313157047523 0.534765107302547 0.5491212852398745 0.5445075167564155 0.5133779565739259 0.5011880477282719 0.5242524316003359 0.5330381583753235 0.5221873752959094 0.5140369200401257 0.52094573593481 0.5172666404745581 0.48624388632904814 0.44830795877968893 0.4107770284171834 0.38070314660984894 0.37274662702600314 0.38161109948612115 0.397888578374233 0.36561743103310956 0.3044387842915544 0.31278387353092846 0.2881501300695633 0.2665560687892657 0.22777547807656 0.2152936644537326 0.15904832941227814 0.17000859988102884 0.1786725831724384 0.1741894731043462 0.12355685193588066 0.13209191631816075 0.11785559666154637
0.528363493485961 0.5223206932750053 0.5278398884197664 0.5019157752091733 0.5430464051723062 0.5447882111764557 0.5304144903972206 0.5426658038948474 0.5417330719198906 0.5468156957811673 0.5494754492639469 0.5459713295435576 0.5579396070245157 0.5457131916559672 0.5087879688590005 0.5287555645309927 0.5490019198973785 0.5216253563220106 0.4975850955320015 0.5310125408765083 0.5138911685229662 0.5155720218681104 0.47520653241108796 0.4252110058586588 0.38876045514955376 0.38561460459345515 0.37875233403458025 0.38298993329556336 0.3664146656387378 0.3661573957030725 0.3001108942659393 0.2996913092533339 0.2813113166672401 0.24495432532262884 0.24615685117977792 0.2198095262892567 0.20409062897062225 0.18432566913993784 0.1860808637089048 0.16741667791657722 0.12261465077543758 0.12050279318367091 0.11568407810715145
0.5520582367183151 0.5238447026565972 0.5031204189588719 0.5058917042701103 0.5517677159063582 0.5514577670459513 0.5505149756522322 0.5476847176440437 0.5326196234974433 0.5123428845133755 0.5311915660404435 0.5553345758585211 0.5577476862790371 0.5471986669729677 0.5247869312401005 0.557138342077308 0.5705672407961173 0.520575359947324 0.4936763950292108 0.5074962143752516 0.5196777745312301 0.48712272543187163 0.4627886002087029 0.4372566448394584 0.4114717585508286 0.38121949831243057 0.3638362310257149 0.35339558299867213 0.38534719049665095 0.366972935454131 0.304021174852177 0.3002620762442924 0.22019527884614895 0.2493582599701782 0.20776633037449954 0.19603271475127831 0.20800463812764217 0.221600563506245 0.19780500121603312 0.15699371691831773 0.08704035561653044 0.07978774683732985 0.08357128107934646
0.5267456872225472 0.5392428612151503 0.5123547482744301 0.521824448257914 0.5366156293253009 0.545316278236027 0.5485905680403661 0.5393533765827733 0.5438332642023 0.5180061982176003 0.5247916808189985 0.5355000722346274 0.5436705828743111 0.5427778240107511 0.5501771416356056 0.5494105144726016 0.5310832140488563 0.5452966712995934 0.4893763466031114 0.4675530860290644 0.48462834500301805 0.45807974336745416 0.4310548095870407 0.40830455523002446 0.3947657970890042 0.35953211972649063 0.36211790390418913 0.3475664723573938 0.351924070046592 0.32567223787906097 0.29597290945255167 0.3020799345388452 0.28852530595315673 0.23753165363554593 0.24455191613880944 0.23206600006085706 0.21391576265167572 0.21925894751935066 0.17642390538863498 0.1718454383828986 0.11868014824755135 0.10852695954803411 0.13232198529161707
0.533097155703964 0.5253895623583376 0.4980616372111145 0.5152964585090163 0.5161915171801942 0.5503020787358928 0.5568296658290137 0.5307759201566158 0.5085866038726223 0.5146089512750774 0.5520841849883769 0.521715724195717 0.5444832784789904 0.5050461329688131 0.5091956143799387 0.5296553867835135 0.5428324265865818 0.5334763733960816 0.4951877224606303 0.46413866786605174 0.4315217325380489 0.40155602468952384 0.37186397372172064 0.35668647964905725 0.3444801180482248 0.34742091448844065 0.33219646188097146 0.33464945755118936 0.36934812933904004 0.3475785064670401 0.31155707711130154 0.28590896623352213 0.30875279779632836 0.31052452580399337 0.2870900901033705 0.24862075828677044 0.2273685725554809 0.21810886888424919 0.17077048751889293 0.19614267888078474 0.18177904860660124 0.12478957217686844 0.13107756872015955
0.48231990009705167 0.48523387032347515 0.5151553983128322 0.5357547052088608 0.5286108582618244 0.520651964978092 0.5180339326265995 0.5225802883475528 0.5334652088030177 0.5281685064859183 0.5232215904236901 0.5029021399219353 0.5125208985469383 0.4971647650653324 0.49594406422020404 0.5089058612047191 0.48793914966210633 0.4731914477964285 0.47177841766537537 0.41717590053891074 0.41005625238851395 0.3782986079732909 0.36394345269071376 0.3570308785397941 0.33503358571496417 0.3353815939821878 0.32228250548615434 0.3147428805060737 0.3339287475379437 0.33721857294625235 0.32058608237255265 0.30782131352879705 0.30880182320921057 0.3231811340244707 0.27691501989606715 0.2609388845857325 0.2797904462542382 0.25189005786987373 0.2347481960217451 0.20176687568924684 0.20436350858281363 0.16474282569686366 0.1641342260055132
0.4576049368769483 0.5006766387146789 0.5397795959163318 0.5241846416231579 0.5532155596332745 0.5550107153417493 0.5232633108697039 0.517986083267956 0.5281238892313557 0.5196323307758245 0.49679125819190856 0.4867976410156316 0.4746008975853721 0.47523684872315103 0.48680111668716186 0.47014394666104037 0.4544020654199534 0.45593995989792707 0.4180614338752509 0.38382313014248065 0.37137816248771666 0.33930638881364245 0.3325558892959708 0.3296927715943661 0.3094065937305407 0.3143174766319777 0.2955345761751489 0.291140911182053 0.301324701547602 0.30431084497591027 0.3029724274412644 0.31199605493453264 0.3270330233363006 0.32515145301201487 0.3187451263548102 0.2929590491677017 0.2955091031116374 0.283407747881572 0.259097796254408 0.2390165512728974 0.19823755901150852 0.17894688110585458 0.1605368638797017
0.4922654629324808 0.4789576119163434 0.5154741599143796 0.5419037722141579 0.5156679646073137 0.5488387657162982 0.5158789511705714 0.5258135810374994 0.548181148572248 0.5196299424265609 0.5138604073254108 0.4979942781572253 0.4775924929202636 0.47909038083761324 0.4871142748469216 0.48076588969350464 0.4443161691711998 0.44309139749246074 0.40750872389389364 0.37154122892206776 0.37686023992899964 0.3475273804399787 0.32894077545946643 0.31961385065350745 0.3293229928421595 0.3317510726303831 0.3080360365072257 0.3305156852041265 0.30309514417376365 0.31017318995059084 0.3123645333322961 0.30224326377314176 0.29323398578254284 0.3201343217072092 0.3364474534239446 0.33747525284819313 0.3198466050558341 0.32652542891922476 0.28759533440433116 0.2692897666729779 0.21587258991443872 0.21814818637084304 0.20128749160746287
0.4915314651747344 0.5071841935930304 0.505554090004784 0.5058823670282037 0.49735727307031014 0.5166734421259016 0.5346006987773568 0.5547199572592986 0.543571716466261 0.5313357949124066 0.48469031647579214 0.49912166309057776 0.4627183696993186 0.4702820728334531 0.4831823561201939 0.4576793986029061 0.4289399151988692 0.3969283663799581 0.38914188291519924 0.3777764222288585 0.3619734722222754 0.35142471058816416 0.34228440132719884 0.3494582653556817 0.3774510692227734 0.34271073785573225 0.35486618947151377 0.36900272544695506 0.33881729641014535 0.3075839408049378 0.2925522072892175 0.2783990535083053 0.2962567478780201 0.29192455274598783 0.31222809115979155 0.3186317336551049 0.34955903215448264 0.31808936211204447 0.31663614568041853 0.29698792150804165 0.25784620273503117 0.22921464709752282 0.24505834268677995
0.48793898025207433 0.5012224073350076 0.4833123107303657 0.4931921307746955 0.517624523226158 0.5095786929875623 0.5209567939306077 0.550924256148261 0.5340542691173168 0.5107890860938966 0.5140513384796337 0.47086388786992606 0.4662524059551904 0.49941587618220223 0.49660166810746914 0.4392877932551123 0.388393096023739 0.38623289152433127 0.36262656842670543 0.37320156110748204 0.3734254454577033 0.35964673295675215 0.3422656871662276 0.3614657917454081 0.3796213008767354 0.36783898971320655 0.3689405228822818 0.3689218064678641 0.35183155287529694 0.32056537471017416 0.3010966251210527 0.3080114371586208 0.29710005806202056 0.3036795363081578 0.3197985458486482 0.34921565394932547 0.36276151724350814 0.34698770392736994 0.34172850134528776 0.31936517326013947 0.2934413899553616 0.2779787614107377 0.24729588722984286
