Raster_benchmarking/continuous/raster-249.asc
NCOLS 100
NROWS 100
XLLCORNER 1743157.7884451803
YLLCORNER 5469284.644279557
CELLSIZE 10
NODATA_VALUE -9999
[rows 76 to 94 of 100, columns 43 to 85 of 100]
0.7845181155430427 0.7712392363968639 0.7504452451703423 0.7559255909414376 0.7364968728980056 0.6738097286621988 0.7263332818467498 0.7035171009693567 0.7219737352700073 0.7238642904028607 0.7375336931015278 0.7157385974637457 0.6903126685519869 0.6769812452912165 0.6726108246072481 0.6102031394249664 0.6103358449218133 0.6177198439344198 0.5719713399492568 0.5744297244918415 0.5790943782618576 0.5554603999770747 0.5214065657705355 0.47477200285396975 0.48139919791171804 0.4656819212914216 0.5242941090665263 0.5543560447267415 0.5316281685973914 0.5816771622513508 0.6230561572902009 0.6296023574878595 0.6266113085115216 0.6032357479560624 0.6033090774259255 0.6382427749256431 0.5966679441995483 0.5736957488127077 0.5784415192019534 0.5876467853258434 0.5887442075388687 0.5840956274094673 0.6200827381794632
0.7631879239223819 0.736438383531928 0.7719715867624855 0.7316467985580541 0.7230267033017775 0.6926711954032351 0.7220443276659214 0.7134984271860018 0.6941530893591885 0.7320348756446704 0.7131264929337491 0.7347316950032936 0.7157580865135835 0.7269464922552131 0.7089888307500849 0.6392248832012035 0.6343256394598001 0.6415558906045117 0.613625809304478 0.5768176292865956 0.5504018772277823 0.5497830644158608 0.5326642368610833 0.46894564882681955 0.47393483117803226 0.49042856174919 0.513956490215464 0.5336803753958109 0.5514567053645987 0.5530995879245291 0.6043835189923563 0.6273652112109379 0.6187754783934837 0.6375921507024757 0.5906839698031607 0.5688451288732366 0.5730714011903352 0.555539650749013 0.5825112643968136 0.6269291395833798 0.6085772899554023 0.6319175588106255 0.6571049678173991
0.7779302104110286 0.740256184473489 0.7429913960694489 0.7230799287427541 0.7237738817528508 0.6980151487303233 0.7363561548099753 0.7221265954137597 0.6903024918644205 0.701623684900203 0.7266510621062232 0.7146318618750366 0.7287547041812386 0.7552203021765983 0.7083063952990767 0.6931036333233702 0.6745348752448279 0.6479787679740857 0.6274660399287478 0.5798747037262606 0.5741300970314022 0.5202729249127996 0.5270233828153816 0.49345699152673844 0.5282172462255348 0.5206285186762125 0.5387081234106909 0.5473953066465905 0.5179930330666824 0.5170467058458355 0.5566659061425686 0.626968678796158 0.6372038630637836 0.6446930871136503 0.624781461343345 0.5722490282239421 0.5695523712666498 0.5595326483310318 0.6067369819574168 0.6496549277751968 0.6521293174748698 0.6525296144055468 0.6616341070842162
0.7752064341655048 0.7505464068041634 0.7500702737872265 0.7028185792845655 0.7104958076433855 0.7118881585837277 0.7189101123771255 0.7044192388887877 0.7341839891825895 0.7162029150981688 0.7364339672429896 0.7320785015754163 0.7562709918395157 0.757400725900742 0.7498188476720018 0.7126018164713674 0.6884920599413747 0.6428891721400172 0.597251269380411 0.5707247311950724 0.5836763949616408 0.5517783267949027 0.5289369533756054 0.5446181122833722 0.5259156949987772 0.5536516155416081 0.5604714099671669 0.571106754413714 0.537421711894718 0.53148082629275 0.5690319680313919 0.6278016831973664 0.6313478989461021 0.6332683236412937 0.5931400445691609 0.5829503150621314 0.5703831162985968 0.5669189417353633 0.6047173366698988 0.6502959782925783 0.6426867290296356 0.6796140629210866 0.6518962007306971
0.8215458286652277 0.8032737393288356 0.7569720206402745 0.7246702302378458 0.7335544247562369 0.7502580609355388 0.6993364692026101 0.709447690073043 0.7345836550580324 0.7465735505052217 0.7636170185743333 0.7587799725575318 0.7884796649771173 0.7790715267689392 0.769702785710766 0.6922840770830804 0.6947076665027121 0.6352193786525179 0.6405868068602404 0.6195783708766914 0.6293507875019106 0.5743335605731288 0.5922272106948505 0.6144924033402522 0.55683927369828 0.5528758291303387 0.5829957766663595 0.583510063443736 0.5600789280959187 0.5577307713566546 0.5968849451089256 0.5993035277507485 0.6121886863185485 0.6177285820414576 0.580823281101101 0.6154384904476032 0.5986626191430593 0.5803497211240983 0.6253215133387381 0.6523335082313093 0.6570012767338027 0.6823930275904796 0.6674958356733968
0.8363159431365385 0.8220809224989667 0.770614499623076 0.719742973950486 0.7342836731314073 0.7270609250426224 0.7039959504833331 0.7050798188881824 0.724807371456961 0.7319772019599151 0.7554550325052147 0.7690270805680267 0.7646114955890677 0.7860809279709549 0.7737875385215196 0.7523023288304604 0.7184174142532559 0.6779163715810463 0.6820471032265424 0.6757687078972774 0.6396501236052965 0.6197482613644569 0.5944184754543848 0.5854673974149426 0.5695443762402506 0.5674855725242975 0.5643619100441178 0.5521422933359025 0.5786369392622467 0.5786881522908145 0.5641106146477124 0.5916447906888213 0.5713892484775857 0.6132158408274427 0.5843491401960409 0.559510726747539 0.5682745776712667 0.5916485477360279 0.597408643202121 0.6454508728402847 0.6798185711078574 0.7007002485731291 0.6970613428267893
0.809601456977932 0.786511405488393 0.7996230489139258 0.7497638208812969 0.7417694943497894 0.7456541246690345 0.7220947668327744 0.7081951641735328 0.7080746915103334 0.7387176562165598 0.7699231194682872 0.7402359721016047 0.7860061516412811 0.7642901181522767 0.7473416602490169 0.769121248518557 0.7249218512457177 0.7282500369136625 0.7208885101258407 0.7020613048171092 0.674485108631734 0.6435216656831788 0.6266548932769558 0.5962721673896472 0.5847850510332787 0.6024130772844087 0.6052414634028833 0.5773891734496673 0.5619511256475042 0.5640328881857442 0.5658274909991555 0.5648803916684614 0.5951073871503016 0.5892391523462172 0.5823221462423991 0.567216582166114 0.5620269004142 0.5799707041575076 0.6170277254865383 0.6378776566414456 0.6806338562822586 0.7271176359124695 0.7086461103196369
0.7802894996683334 0.7838911549883973 0.8000972466263401 0.7740877926533254 0.7673236518888695 0.733380573625312 0.7580285461775222 0.72295370517642 0.7548893637197417 0.7475600268285537 0.7631178858049775 0.7573981495794516 0.7845244199890745 0.7690111054524199 0.7797813300985462 0.7509826272059266 0.7403054624340242 0.7293580418789178 0.7249846489776771 0.674049715511093 0.6445087392791615 0.6389213116103424 0.6033267459034252 0.6065534568055271 0.6306885473110436 0.6027856033685066 0.5950440857388036 0.6051309300495586 0.6091763712325724 0.5633771089311103 0.5775740036432655 0.6114002242761729 0.6151920923720631 0.6477969047440107 0.6255228459351209 0.6099589649367922 0.6335461744165155 0.6091785582785159 0.626496498048985 0.6717964667488919 0.6919596511783125 0.7044928841224847 0.7019164667360253
0.7600098208889644 0.7974784154929674 0.7902855891206721 0.7826193879252066 0.7706063070416574 0.7219779167453692 0.737285243379729 0.7651577783018337 0.7501257278399689 0.8019660151301163 0.8009654782051613 0.778695378786022 0.7765326354201345 0.7682181897146391 0.7474881200544741 0.7731549150156141 0.7520143724465882 0.7045232768762427 0.6968211357723977 0.6636041697528462 0.684270736250074 0.6246353094433897 0.6313692893084093 0.6408589852737685 0.6726005982298349 0.6547945815879461 0.5992517075937666 0.6171016165801486 0.5901504708492933 0.5763748365726142 0.586239748000111 0.6022848989861899 0.6556764505298537 0.6653016710848707 0.6558438617102724 0.6532400274526365 0.6584757072573302 0.6351581043330693 0.6294729922638919 0.6636506710826581 0.6841116072553127 0.7231678467611284 0.710740539952526
0.783650692157888 0.7455610954847793 0.7505374646353821 0.7415346656463179 0.736769048918147 0.7044469184138659 0.7146550374154785 0.7564689591693092 0.7564850497609296 0.7747316025768503 0.8197000229114394 0.7853392971673616 0.7847312098135382 0.7502470323074703 0.741559025186019 0.7573721953492639 0.7374400035015527 0.7283301245990264 0.7152497369170779 0.717001378699497 0.703184059402884 0.6770027782382502 0.6579673745649186 0.6705357812022674 0.690743806502814 0.6437859943819975 0.6283995698365579 0.655812664666904 0.6552957298103874 0.6412771909138447 0.6414821366308125 0.6339184836449536 0.6414821632123333 0.6721525184821816 0.6758920292966729 0.7105118119388948 0.7037442497307159 0.7055201431425238 0.6754761107659086 0.6705808019487062 0.6843391086348019 0.7038717921013611 0.6996209455858681
0.7851812497464427 0.7407818396873612 0.730211209006553 0.7684444383046513 0.7395219407140274 0.724484575009031 0.749057519486349 0.740295253635148 0.7959046569512663 0.7903514724324714 0.7976644716085693 0.8105646505219369 0.7565803859494064 0.7284628689594808 0.7365825785597983 0.7583277161778682 0.7501460490155553 0.7160366435080479 0.7199660293824517 0.7509568833548123 0.7346351366812577 0.7102982100711421 0.7044740010711116 0.7163275457282409 0.7021256889210443 0.6544264396903211 0.680725470858865 0.6739439887846271 0.6911182090631779 0.664215706516107 0.667161710593902 0.6723267922520121 0.6589515862202914 0.6914100975928561 0.6961128528980799 0.7074859862110634 0.736700897790734 0.7314591928761723 0.7269905048545859 0.6938558209973359 0.6986331203581074 0.737287562467512 0.7385842619052386
0.7480906823962244 0.755975277737397 0.7257878270395962 0.739078578025683 0.7391492345833934 0.7352412558501862 0.7764118779497838 0.777296047579423 0.8077300919037457 0.8183120508804339 0.8069770619716818 0.8249117837361772 0.8043417037655558 0.8046055240700335 0.7883155969096378 0.7756735769806303 0.7648820459687892 0.7581429493672732 0.74202090681352 0.7400814046710279 0.7322936759324783 0.7357540616780592 0.7294349886909834 0.730639912234151 0.6835778323284704 0.708440895207178 0.6984017309260003 0.6703634071293106 0.691474371576398 0.6705135770691765 0.6893667086624445 0.6622724722103575 0.6701214966726331 0.7206264083975189 0.7312703699134342 0.7538805976998052 0.7578078660395524 0.7480624851224354 0.7137118479205541 0.7116127574706353 0.7558570187775144 0.7294383968502695 0.7617590012279863
0.7435793952398501 0.7132075884710825 0.7371502662954224 0.7585746693656924 0.7741428671626348 0.7671652486099927 0.7830844194997331 0.8433115416217267 0.8320934391124218 0.8567076322460899 0.8218873491379971 0.7893267650058517 0.7824518829420102 0.8132800836037659 0.822915046239287 0.8106284681522621 0.7803106598097805 0.7962882978475977 0.7642212000532179 0.790433305581574 0.7784429164852651 0.7311827608366708 0.7463709732705271 0.7396551154819059 0.705066145558086 0.7118811206119005 0.7091869956324685 0.662232376593224 0.674037647990991 0.6765555882712133 0.6768091563453975 0.678791642215837 0.6968623633528016 0.6902029661842918 0.7268389783350188 0.7589977823772724 0.7838193592693337 0.7555063811544435 0.7476172209589153 0.7689304311687825 0.7572946973408106 0.7589154903315333 0.7752320986969146
0.7432099525029302 0.7111399402986911 0.7538225628793401 0.7387762353387047 0.764806447966984 0.8183854767197523 0.8314076174744738 0.8442389279860348 0.8487203857668388 0.8647060581291527 0.8326970428026453 0.8236657823657807 0.8193975842341447 0.8193745057270155 0.7954994902378448 0.8353872387261301 0.8400662415511355 0.8214005003817844 0.8076319206004542 0.803655603702155 0.7696845320871557 0.7711965891387182 0.7561181618971051 0.794281293559106 0.7864535948839745 0.7311525736301112 0.7326550015004717 0.7219489752863449 0.7115431539421292 0.6894130584832415 0.6940134146371568 0.7081924602627223 0.7172330648243694 0.7258923693519274 0.7399102549627338 0.7595048656090888 0.7665035230829224 0.758755495444413 0.7704247888966177 0.8078961623860882 0.7735572121108621 0.8060580266876178 0.7871133802383368
0.7474739554229747 0.7248014693219702 0.7636072567836688 0.779106906374063 0.7687223859256617 0.8285940681454537 0.8235042085152371 0.8775496291227093 0.8397608524085988 0.8692584139874114 0.8414636380392029 0.8348074772299285 0.8163088593524925 0.8035750118408183 0.8241794684162932 0.8254125323406732 0.8148318694721728 0.845402761510416 0.8029470068122481 0.8038699155457432 0.8210422019088885 0.7933215706306825 0.7885897614489559 0.8217480269313939 0.7838040033407692 0.7793467360072543 0.7834079601965894 0.7600862315286956 0.7329678371900928 0.6935881008611692 0.6941519549627704 0.6952122818960667 0.7277583416889221 0.7723619454456665 0.750222187838767 0.7693955641937494 0.749083037220348 0.784858448546775 0.8085178691546258 0.8168671989082046 0.8297527554492464 0.8329131384026017 0.8333905496597692
0.7659880945277264 0.73891383810685 0.7514195415202375 0.7787282888374868 0.7956986841421221 0.8053429820726828 0.8386565374778426 0.8767189815673756 0.8632194193275613 0.866125918210582 0.8521004547294562 0.8132959205410405 0.8191889849171489 0.7819537697766877 0.7869966608878675 0.7843485508153851 0.8022637040810938 0.8296859664051944 0.8430644407064593 0.8326161458144712 0.8247440393534894 0.7929543894367662 0.8390465272814559 0.8598089914092574 0.839933616481576 0.8195208397488416 0.7645251031387559 0.7561851917756552 0.7240591530701778 0.7293038727909482 0.7083325697491961 0.6930509403850713 0.7649393842611465 0.7519554717162523 0.758564345258973 0.7823516835516402 0.7755275781720654 0.774143206671699 0.8239811723015765 0.8346314062309368 0.8075218675665106 0.7997870529537681 0.8006278880693226
0.7397269111997855 0.7827783027565699 0.783422530121566 0.7664112366472554 0.8059693780215856 0.781734254467791 0.809490414144681 0.855273923646366 0.8693384840543132 0.8685367123636882 0.8796602636076022 0.8296651275906415 0.8171708638065626 0.8022609269896847 0.7983182235788935 0.8109454651203505 0.8131082978907915 0.8230462895076464 0.8355718034543215 0.8468214059197554 0.8507468605234799 0.8049748814956743 0.8235342718169979 0.8518874812496666 0.8307357863033089 0.809464340869575 0.7742084401016911 0.7411128602660335 0.7604115824978454 0.7461454721166292 0.7396783099121904 0.7000757198010472 0.7325760842140744 0.7917606713775209 0.771265656344715 0.777655125578719 0.7746819037125495 0.7850830350570224 0.7763098944336426 0.8088424957864719 0.8188810324512065 0.8208823160035316 0.8157588422254913
0.7528606334570692 0.785998841328445 0.7904233126628539 0.7705657081360332 0.8015805680873004 0.823187987352741 0.8268345612147837 0.8309642296414868 0.8626695199264067 0.8559763134674938 0.8697701093747048 0.830778315550739 0.7991385010306084 0.8190910959049013 0.8327827172455646 0.8240983068221671 0.8104474832197255 0.8364741336447141 0.819951054825293 0.8209823109438401 0.8251561925289372 0.857219614405275 0.8697087648675047 0.8365180317872285 0.8463635797967606 0.8108622079396394 0.7862906466239162 0.766460525382681 0.7353641476465259 0.7477388847718887 0.7407496806417311 0.7409444037733078 0.7649416311431602 0.7884199060768587 0.7602854641964328 0.7633965765306912 0.7706497851280844 0.7573085729311068 0.7755169586264832 0.7755924282918898 0.7790957698798738 0.808834879781025 0.7922445242022846
0.7546475799560548 0.7644047086147128 0.7979075221710593 0.7967502337571422 0.8097591388060057 0.8084257156989101 0.7888089477699806 0.7987891778228513 0.8231512458675792 0.8557376060952702 0.8212303220707038 0.8282394670828719 0.814087031647019 0.8157074541995649 0.8325799512322231 0.8269649074461722 0.8228548776484548 0.8553004362277177 0.8471619132512132 0.807404524924293 0.8582187754612853 0.8863363665426934 0.8622010812798403 0.8777697828816036 0.8340716657336262 0.7984346280961356 0.7843220597040897 0.7622060949711347 0.7197834788965874 0.7050015427001526 0.7334881543053007 0.7715477764039886 0.7529499030489183 0.780126975405151 0.76457538124802 0.7665774006356147 0.7340816090884004 0.7129043471930188 0.7593635206535306 0.7798870685003995 0.7854021378125671 0.7574978755106901 0.7858796859187008
