Raster_benchmarking/continuous/raster-11.asc
NCOLS 100
NROWS 100
XLLCORNER 1743168.0750791456
YLLCORNER 5469288.217409114
CELLSIZE 10
NODATA_VALUE -9999
[rows 76 to 94 of 100, columns 43 to 85 of 100]
0.5097929881857743 0.48280561963443114 0.5174716352592174 0.5453986861332522 0.5569664786711295 0.597330117273702 0.61062653210966 0.6079071449810582 0.6120802481948153 0.6494485769138483 0.613956521286774 0.6541270544921131 0.6209120138902982 0.6463728421819868 0.6649974437471718 0.6702566931237081 0.6755114588044536 0.7175540740846683 0.7056657705049091 0.7520524232973638 0.7326659779703801 0.7419021561318022 0.7684197090644536 0.7535435728802946 0.7706754008271028 0.802203960817021 0.7873326480068029 0.7946420451317846 0.8155662177745729 0.7735396039388538 0.8062272734968601 0.794069459812647 0.7638624300896047 0.7616410730731606 0.805511911448011 0.8155690455396427 0.8361344473686486 0.8133569127968544 0.8498975545093501 0.8664833342227791 0.8309742050785004 0.8233908198525486 0.8373585871621555
0.49775953396865075 0.4962611594469569 0.5071364080556616 0.5258020806414858 0.5857746120390777 0.5931296730401161 0.629051856602532 0.6397260062935036 0.6730513141571361 0.6642502613759907 0.6351165651509644 0.6402066257499099 0.6222485236309832 0.6460829818322229 0.6430047347720853 0.6814016831449619 0.6672392980608333 0.6944168105275494 0.7152958693503624 0.7432310042578929 0.7516227062855086 0.7302651283065899 0.7357284413555015 0.7736218524141147 0.7922386630989825 0.795334633316036 0.7724230180338136 0.7852681786979173 0.7889499914830179 0.7746336310666891 0.7857138121462559 0.7955473181118304 0.7976865828795978 0.7720493999014011 0.7738187959818487 0.8234999611084216 0.8257005792371221 0.8073850878629049 0.8174351619841539 0.8213977771549591 0.8437702854747061 0.8364647621006083 0.7878481716069458
0.5144606588374969 0.48755110255454864 0.5285292325580946 0.5306713389247701 0.5801535123476553 0.6104633307702095 0.6163435115769348 0.668376991878196 0.6735626159499053 0.688982815740672 0.658106330429462 0.627834424090799 0.622363677123421 0.6495769400320401 0.6618891107231766 0.6841071622856236 0.690901312539705 0.6802862983369178 0.7302226903298648 0.7655194732138397 0.7405774237506458 0.7666765564849671 0.7455454968694768 0.7673582858016476 0.7861910485734227 0.8029623499926193 0.809715459821507 0.7777560485416639 0.8152575859856634 0.8021544098674881 0.8189395754487686 0.795948920761671 0.8054898011935199 0.8048647642954182 0.7787829448766701 0.7997237335944066 0.8032026476908676 0.7830943011718781 0.8127599147820292 0.8139794375194734 0.8168852564248321 0.8223598964137065 0.7843122142052975
0.5081346110295596 0.5293931987990232 0.5459110078348989 0.5390629976934185 0.5914285060010365 0.5959586486777213 0.6375314328493651 0.6695887929080686 0.6740795933437266 0.6945763177691529 0.6823601984341653 0.6790460748606025 0.6523751088878279 0.6401906267726435 0.6482677326931153 0.6638553149994109 0.7130054097997739 0.6860974938837329 0.7158121521371069 0.748581215634963 0.7532951224553456 0.7467755825190766 0.7776037559671616 0.7767435414231261 0.8232049386838689 0.7931932218722384 0.7948794282874752 0.8139099070958238 0.823686505630252 0.8276793594331366 0.8153537728602651 0.7975414219692603 0.7958234306940856 0.7957122045523306 0.7886966405332982 0.762192241781183 0.7898129023923447 0.7945036987259692 0.7912590814685699 0.7918159191737809 0.8251000975296721 0.8139337854217797 0.801692134919272
0.5119138996933957 0.5188134690771172 0.5470630074722829 0.5736482451807609 0.6037001529052699 0.6310829000861334 0.6417598899933277 0.6716892527170873 0.6911223285686178 0.6777570883931691 0.7042789748521888 0.6990336354263782 0.6729449665010033 0.6627764238024898 0.6800685011034652 0.691966214068584 0.6790997655931887 0.7081290437096334 0.7161155139059531 0.7219076388004514 0.7213359676128823 0.7528595316798005 0.783683831009593 0.801021354603172 0.8095545102360933 0.836382452416967 0.8267723806981271 0.8133730566903113 0.8149283363713402 0.8273978724343867 0.8039681631890732 0.7786359135461192 0.7574025003725524 0.7311304561940807 0.7651626711878234 0.7561516504185792 0.7295821880287345 0.7351846100251097 0.7625959228660554 0.7666081836020678 0.7787636016676657 0.8209210911799413 0.7992351118957395
0.55932315657007 0.5477626690806998 0.5535638057799374 0.5856394422658052 0.6280174023721846 0.6307877455322451 0.6529018584788038 0.654398991653156 0.6685669108429184 0.676925428917667 0.7018795298081765 0.6894260173917595 0.7031947580242124 0.6818497075181854 0.6898323484482927 0.6941781094701172 0.6884765048924271 0.6827566031877987 0.6986649814522786 0.7203215553852379 0.7263817828032014 0.7568243249252892 0.7773416841062121 0.811188211022693 0.7901176339924922 0.7962708433223256 0.8175253842910026 0.8217519945469475 0.8123742385357108 0.7797924605971469 0.7730626081074866 0.7813187367949278 0.7751633979141106 0.7708444173808944 0.7604907564408966 0.7189498105062384 0.7323128271439893 0.7321980667168787 0.7498078447957299 0.7753926736861467 0.7722547602265564 0.8049694138956218 0.8149134416008679
0.5519672763394123 0.5651572982876846 0.5851010955316169 0.5949529697567782 0.6139616041414471 0.6402922017017286 0.6399001638215348 0.6505899330425229 0.6630431730156445 0.7022879970516849 0.691944435631181 0.7167901720112061 0.7213748874053783 0.7088720992513893 0.6763872653778216 0.68207401359191 0.7018242782040299 0.6574885997281167 0.6805424243737528 0.6856512636006019 0.7080877659593803 0.7654509400824591 0.7890030145874266 0.786379049678258 0.7648429936742812 0.7876282170782122 0.7804877142100098 0.7770015136248519 0.8002315632009855 0.7881257423899166 0.7663082947979466 0.7824997230239394 0.7746294113600735 0.7855645204988853 0.7448885459808756 0.7147232578102792 0.7295791082493782 0.7225169652178763 0.7501326034212743 0.7937637746493301 0.8059747246388973 0.7987705229318526 0.8071659183345148
0.5682283143888098 0.5528184064747903 0.585176765838915 0.6031873043710838 0.5973617412214699 0.6149135652411677 0.5913746323101121 0.6267711103044367 0.6276654522055269 0.6728100851874924 0.674942310572441 0.695497700891742 0.7193612491989283 0.7022621774711931 0.6869404045754174 0.6952715329401253 0.6882438076778906 0.6868719349447372 0.6856439198006117 0.6898966412074138 0.6904972046872873 0.7428185847718352 0.7507262692570674 0.771207775647748 0.7668607742597823 0.767305222476344 0.7781774856258586 0.7889623899099686 0.7867274679428015 0.7725261434357193 0.7383138718514505 0.7284641717150505 0.7551238567332169 0.7842486573134488 0.7492070536636735 0.7568156671174403 0.739204265641171 0.7444801579747578 0.7591407752423642 0.7623155256737149 0.7932940533393645 0.7966330453433759 0.7783790982664748
0.5343534918706334 0.5733110681659092 0.5604746424723691 0.5679157523203338 0.5358086936362442 0.5352661800069398 0.5550258150129938 0.5802838208545198 0.6224363334307441 0.6710087799341742 0.6545738808919236 0.676385274764921 0.6893417204707175 0.7116098172551308 0.6812147104190616 0.6918365481054767 0.7197154333450425 0.700081439729831 0.7108873238679718 0.6855623942055853 0.683307483550985 0.7117564750757504 0.7182771458776793 0.741558552186511 0.7617880687426897 0.7898848665240791 0.7895562150443953 0.7446904013095919 0.7442560105794026 0.7473938048209884 0.7539840415098246 0.7302648243133496 0.7450413964690917 0.7787655656361498 0.7773927901799305 0.7797580294568858 0.7507091561792847 0.7241195297231424 0.7722605290738926 0.74219735328636 0.798778004617325 0.8143657779472612 0.7821385525103309
0.5327107034482961 0.5476605527543126 0.5784064951859247 0.541514462639902 0.527446399737564 0.5359641117500417 0.58726902938815 0.5795456359320926 0.6153745746910069 0.6274267980799205 0.6702577927084032 0.6804328240062761 0.7208086856385504 0.701745218800534 0.6974256069398775 0.692705566257917 0.7074664547822539 0.7116673770746219 0.691518709042939 0.6938280952675341 0.731404335741753 0.7323842249093149 0.7364419595852431 0.7505333924754296 0.797077331395534 0.8025977218488011 0.7974054228622185 0.7822392492809862 0.7597094376055379 0.7731949516159863 0.7593759029267241 0.7768425427767502 0.7756111579191265 0.7532410381373204 0.7719146257027835 0.7947861626732824 0.7750696361703094 0.759730940471645 0.7737569044321211 0.7868115114450979 0.8052027088377643 0.8170142895250356 0.8084247957385691
0.5467789998235566 0.5721822923612093 0.5507829714388591 0.5390196916565397 0.5296406142966082 0.5411710765068384 0.5625756103174854 0.5978888227621745 0.6192609295221418 0.6400341332300319 0.6565379523302717 0.6848186606577777 0.6993002786103747 0.7270985756393838 0.6929484973528955 0.7023696360245169 0.6905247496102316 0.6911917658455037 0.6726265651790401 0.7020461247559072 0.7250850208752414 0.7498809637770599 0.7731211453187793 0.7614156394183917 0.7777217583344339 0.8175230697554885 0.8158282389593039 0.8010653686004898 0.7782452070287086 0.8063001873318281 0.7937933266674709 0.7664195743070675 0.7871777137372347 0.7619761224892441 0.7653404177796364 0.7797220851902459 0.7834812245515381 0.7651793944443179 0.7763813948981257 0.7931733052541753 0.8282111892160824 0.8396856401822258 0.7996810142414879
0.5440770454896764 0.5521566883406805 0.5634356509903472 0.5605109363685535 0.5510946758015391 0.5846538435378008 0.6052328008516781 0.6072474153116955 0.6301672417012032 0.6421868382402267 0.6432640603505787 0.669137167885847 0.719435526308786 0.7097942380652765 0.6838997369684534 0.683194512650637 0.6653360193093769 0.664899285957413 0.6983166009439992 0.705008066288849 0.7475625792362719 0.768623846833942 0.7830319690809344 0.7977438603131233 0.8219677639610997 0.8604053169590373 0.8536971777242434 0.8086785364473612 0.7782487629102377 0.794132154586285 0.781297494398342 0.7668717702601938 0.7825263567729709 0.7554541282979271 0.7892864731225371 0.7580720320688872 0.7687786220364136 0.8121782324221993 0.8088227010647563 0.7962949516292959 0.7899900885489253 0.8054899859913063 0.8028913460342212
0.5437503409808109 0.5589769172260035 0.5772380933559453 0.6009580377408179 0.5845686716806254 0.5773604917482876 0.6034387134395091 0.6166880548669931 0.634987267803685 0.6036046878976118 0.6172546261207977 0.6648263655802551 0.6918222617409417 0.70630952735284 0.670844033068381 0.6919250290821181 0.6843304958684886 0.6582857529751516 0.6879454190938834 0.7123719235177083 0.7512832785608848 0.7622483668951858 0.7417994999826509 0.7703189502614025 0.7950646799768536 0.8757816066338477 0.83364942905512 0.8315788816612442 0.8046945747683637 0.7576087746061703 0.7779238813263882 0.784164124545974 0.7609044110499462 0.7483017338224381 0.7651547428183969 0.7875886852694045 0.7978950199487039 0.8104668788438486 0.8031302543884891 0.7888506228945564 0.7832812647905996 0.8294794291751515 0.811066193435584
0.5779079984983313 0.553487873898551 0.5710540530389768 0.5641633641157773 0.5636236978130146 0.5836374451674844 0.5799455137508447 0.5822127857413929 0.6028370075067581 0.6193724168574524 0.6384162715253616 0.6271954347805629 0.6594739350450403 0.6647014411639773 0.6452698646365159 0.6444321878832489 0.648382258504203 0.6675415101365916 0.679966001986742 0.7124438127781889 0.7332550734871949 0.7213348361078643 0.735615479176449 0.7623492399800862 0.8031423070104493 0.8414091277623105 0.8340601458611672 0.8084552806823005 0.8109130163550663 0.7997965410791712 0.7933522615907813 0.8278131700715992 0.8113194041366283 0.7932958619384903 0.7911229528382264 0.8185113952214619 0.8269836566099528 0.7934307342340398 0.8046957462741852 0.7881324183363121 0.781062377056575 0.7884980889956678 0.8261717271417292
0.6005930547839986 0.5953060386372855 0.5983563016449881 0.5678929007130636 0.5972570808206943 0.6032375090008202 0.6047293681930891 0.6041048096234284 0.6177109046922912 0.6270309717024072 0.6192300904623127 0.6238196267919895 0.6512181082260339 0.6021308692727165 0.6238377488142555 0.6324067681426513 0.6413670044455693 0.6703880751929167 0.6980921741000181 0.7178614932476939 0.7046227383174288 0.7214427588356863 0.7367254270051057 0.7620319061175584 0.765660574438763 0.8173286102548004 0.8077287896964551 0.8412151174161736 0.8496662362933434 0.8111702949355868 0.8094575951630096 0.8305360076745789 0.8078926346820772 0.8407572158014672 0.8202566494079719 0.8381733048933678 0.8420588432704091 0.8011854276147601 0.8017023446578488 0.7763268415828116 0.758728290887007 0.7734946661812228 0.7811743813681177
0.5814687788671582 0.5966849024843569 0.6152128874194377 0.5930532793686426 0.6169673161984947 0.6071193118448855 0.6509863518545214 0.6606769203996435 0.6468192904255147 0.6511343497458483 0.6408594908046269 0.6174106409187511 0.629437706111473 0.6329062980948614 0.6339607254637296 0.6548248698099448 0.6623475811473294 0.6871130097531742 0.6892719670658198 0.7164670907088434 0.69667273117167 0.6983763781794473 0.7273291612086836 0.7500195835021859 0.7733354609457204 0.7914824043442714 0.8234112522958565 0.8530459436766594 0.8612743643310118 0.856313437608252 0.8439672471117096 0.8152051807272545 0.8186072186258364 0.8263923786787196 0.8071194866061061 0.8390189449942795 0.8265758456884812 0.8012595070152755 0.7810299329788118 0.7495120264720623 0.7764300102437834 0.7793258853732008 0.7658628935862736
0.571983629725461 0.6329242355713124 0.6005906582170255 0.6004859416539609 0.6104233369850577 0.6426774223882045 0.6201567385003882 0.6593143239052044 0.6468355555658247 0.6721005897385751 0.631657790348559 0.6115106630601759 0.6098656678722756 0.593171630069047 0.6353420465377664 0.6332727392575057 0.649831617258793 0.6597078454932243 0.6603423928791087 0.6676801582507356 0.7126111061723487 0.7293429683768091 0.7593158421738948 0.7519045903147631 0.7899035329515987 0.8257649761051723 0.8450814786131142 0.8341764382297187 0.8429205634837281 0.8650209397855223 0.8326508120078333 0.8493187623286986 0.8367931118391385 0.8308632132357836 0.8098795938600962 0.8082945973979069 0.8258458369446008 0.8038454831144923 0.811035560207324 0.7542383988706232 0.7361463183687514 0.7333733884961346 0.7231230630995723
0.5775486019062753 0.6071732595567803 0.5972168882742235 0.5893667883335378 0.620777572051266 0.6281589403646849 0.5991105019517776 0.60877870791573 0.6480476684626857 0.6628446668932584 0.6367918270409408 0.6290599369403991 0.6270508704560694 0.6313685368631016 0.624588968959983 0.6355753995059474 0.614833836492644 0.6534546195446617 0.6385610166808233 0.6876478402482954 0.7168610517429225 0.75976628484084 0.7631528721115175 0.8075895477800881 0.8006137539229304 0.8305756875310071 0.8501111347781936 0.8631422571288266 0.8402882903651768 0.8471344559918381 0.8531830048232648 0.8155113006178992 0.8135892761424328 0.8069196899237517 0.7996204624012808 0.8098817000850967 0.8267998314869144 0.7954038486053501 0.8102000908295574 0.7912228272465834 0.7301960917560338 0.7220974139494074 0.7174351269309537
0.5509847791489958 0.5423960657026127 0.5913914292942278 0.5781047416984091 0.579591901923606 0.5793700731003097 0.5973053606584515 0.6039635825814244 0.6333124770523937 0.6373936710252405 0.64185873792289 0.6408318829004811 0.6288183670410199 0.5957077353493675 0.6307592568379701 0.6149810476517853 0.6026164287714064 0.6388041569487992 0.664953820337355 0.6791430553570128 0.7359575192950492 0.7668124394630818 0.770000278966549 0.8252547892575448 0.8549639636494085 0.8742273237472566 0.8497456818649245 0.8484056906950141 0.8503263871754952 0.81762847073446 0.8359877563836097 0.817523282506244 0.814158748515363 0.8018213088176434 0.8202153888398256 0.8239565266575697 0.8124971227288253 0.8165622467838691 0.8231308233501481 0.782180498007252 0.74758705667623 0.6983108322561605 0.6962303877767658
