Raster_benchmarking/continuous/raster-24.asc
NCOLS 100
NROWS 100
XLLCORNER 1743159.089794245
YLLCORNER 5469292.078385395
CELLSIZE 10
NODATA_VALUE -9999
[rows 38 to 56 of 100, columns 0 to 42 of 100]
0.17184036645775458 0.15469169785258283 0.14463826164347268 0.15381495709100948 0.11789738197516064 0.14942608593380013 0.14674863951046757 0.13269455376373274 0.16548043045912425 0.13778542140479325 0.11159139537028681 0.06426074940760584 0.10343730525217988 0.10706972573134925 0.13030331309976254 0.11294092504337214 0.1240382515412994 0.1587106840539156 0.1592927188159019 0.19292195858136515 0.24283486024974416 0.2216632688580331 0.24493176616854223 0.3009628994499655 0.32146441156721284 0.3487592141382743 0.3276857802222096 0.3368446499259912 0.32051055010338125 0.33310099201692983 0.4128575553699587 0.4584440652944706 0.4721459808196252 0.47351551090792027 0.4828087335978891 0.49758964476714174 0.5160641004120335 0.5087821759519525 0.5052096146775549 0.5419828426790253 0.5400535434309326 0.4841495335894267 0.4708433711055952
0.14859991529627906 0.13960170923346693 0.16356584811746655 0.17201282827937125 0.16544711073805032 0.15928843859417435 0.17090340036700116 0.1688281779924101 0.1428897737923724 0.10098413686001406 0.10470241127962723 0.05701163611249169 0.09437784122150035 0.13722480635761453 0.13871154109703115 0.08769405439595053 0.15117131968184686 0.17653527959538648 0.18379511722243824 0.23106589066869318 0.2637415602158058 0.2702406137677733 0.27423577295390733 0.31670804661701485 0.3210217354723982 0.2919650269610712 0.2832784777238126 0.3118774837897454 0.3289489284718244 0.3385930265821309 0.38334099295087126 0.44804863211650836 0.4831065863019793 0.49097536499573396 0.5040622268540496 0.5358724247072282 0.5156011657233406 0.5192161887663311 0.512821076438306 0.48774765106921125 0.4949337973786626 0.5032006203810722 0.5082127492350423
0.1368720183243127 0.15409253027292275 0.15640384216767406 0.16940229520872613 0.1543167274476788 0.18790347913544475 0.186337165113958 0.16595578020305962 0.14845391485736992 0.13778648790612305 0.11778766253486897 0.1179345528263472 0.14253008917864352 0.13321810166470674 0.10910174455660165 0.1373772992371027 0.14824128900624248 0.15886062596755152 0.21512327919503602 0.27160127455013566 0.29573430896972347 0.2869417023467664 0.3008954776995392 0.3004519040203271 0.31622039299816573 0.2757328258027175 0.2875963982007679 0.3419969830105966 0.34263499801069625 0.3837678198985104 0.4109907287904203 0.46517275864473634 0.464169542141638 0.48906242647439563 0.5097566649910555 0.5261293121616601 0.5017209883490528 0.498725024359359 0.5262311167235382 0.5419666212662976 0.535750706515554 0.5394267567455576 0.5095482462270029
0.14238633378026735 0.0878804630337448 0.11229848551187369 0.11891601137144701 0.11283048395724732 0.17245724353533867 0.18513657455857466 0.18882957547289955 0.1497380179110639 0.162906649759677 0.13375287549085146 0.16225623885379123 0.16759614711352483 0.12882238090171816 0.1310795456101921 0.18906027030273004 0.19757663958661187 0.17277906430453158 0.2080127677354866 0.2545445343183975 0.2756758143635746 0.3309672210925026 0.3244579759536899 0.3451988376442955 0.3646874958853775 0.31240407638615697 0.3255383490120497 0.32835151333112533 0.34565253787894484 0.34447806556453986 0.39691306508383684 0.4713672479652718 0.4773841164944617 0.49257735101082234 0.5268843458167615 0.5206182101299511 0.49754112735426353 0.514378889681365 0.5477192516328364 0.5341371574447809 0.5722004812244196 0.5580097281373635 0.5207795851156332
0.10810514692474057 0.11745039277643282 0.10345904201222902 0.10539466395397139 0.09832511744901574 0.09390806971821647 0.13319132994425595 0.15552360917371055 0.14760699150117004 0.11849644708983942 0.14323718352146395 0.17169531648072062 0.17801127268609618 0.16779671299352747 0.14997391835658125 0.17479456313973932 0.1721327039656197 0.21340385786454452 0.2269725857362357 0.2673880358150395 0.3217502613468184 0.3700089514185477 0.3820847110556727 0.38759700974683264 0.3741161356014924 0.33654118349718265 0.3295328765856507 0.3438232535741783 0.38782504906773696 0.4066500130802079 0.405635489196868 0.4480215951789762 0.4806644202070675 0.5104075584496693 0.5170085516462695 0.5168866374017066 0.5293185155317042 0.5224458460783246 0.5713162342036301 0.5972624131325722 0.588316473980175 0.5801097361961198 0.5322740387902388
0.07129756012748133 0.07312168857435737 0.05941224673270453 0.049330488254606224 0.06413944878682401 0.07066155455361105 0.07814870580315426 0.11815028498909014 0.13056516264664708 0.11813468287284634 0.1328690474871743 0.20300935460986236 0.19014115805594847 0.1576934936625865 0.18413093818318504 0.18828056925123718 0.22275355323113408 0.21386383465693706 0.3035825705956436 0.34338360619972313 0.3565810277430392 0.37895368030885845 0.4107151337652624 0.4314408053721064 0.3879050238676958 0.42086902985422775 0.3767889264133091 0.3580161177812023 0.4044173568068641 0.4294923307425545 0.4292173284621081 0.4203534313484462 0.4600660162267728 0.49814556854686676 0.4773229242084303 0.5004252666644426 0.5384023616745892 0.5480285755958653 0.5860225690721665 0.604003327581093 0.5980608615314562 0.5510368986724364 0.5503094765019942
0.051460786458713575 0.06437466713181847 0.03001651122415589 0.04197421247804711 0.05509198352563608 0.03613694517246786 0.09351531508217437 0.12936214597833912 0.1442726827825876 0.14842028425816395 0.16343437832347557 0.23611896941722235 0.22786471049193702 0.22931549517934224 0.2177489508909856 0.23201893925984068 0.2710104289102525 0.2920205039771398 0.3222919833706173 0.3316106678572367 0.3577024154023525 0.39296033857023055 0.4188449717041055 0.38545680442373226 0.40672104029224115 0.4200206099675722 0.41782447603672374 0.4044176022360923 0.41099238709838704 0.4180025126043633 0.4317818834716455 0.43418441279152714 0.45644228557900884 0.48547599155736154 0.49025321151184265 0.5164497702005997 0.5388118868221359 0.5391622667460116 0.5504487108378806 0.5391569355431373 0.539487347601234 0.5635536719655041 0.5375055039877596
0.014040733166147377 0.0020912199816817277 0.035908301329402995 0.018495738605513058 0.054125099102271645 0.03221154088176342 0.05417458301262827 0.07444408061364674 0.13599820186307593 0.17190848470955694 0.20912464639643755 0.2426047143447443 0.2271192079689657 0.26750937781286876 0.2899057325555695 0.2874319417628565 0.3055643811207735 0.33054146051315875 0.3531076190133392 0.4017370636379738 0.42536497805363005 0.4076476107545786 0.4010153791963107 0.37680826316151556 0.3997929990697508 0.43127327562600015 0.41490307311050967 0.4191935279356775 0.4587164601795909 0.4646293561572023 0.47076228541147386 0.4624542472330385 0.4622914876187218 0.4960788345502555 0.5242704582235664 0.5226717716704722 0.5336119304295674 0.5316482959110771 0.5727096676641399 0.5295504076469403 0.5280735734074717 0.5497915697170208 0.5688487371446233
0.03310746278013541 0.041083409612885036 0.03919124646464332 0.008203099595845208 0.016497523119060165 0.028368134377527023 0.047139932164837015 0.08558198418286206 0.11263487188426868 0.14221214392119425 0.17330466101430436 0.23973703359007836 0.25104848464643587 0.2332099898469388 0.27616476511147164 0.2810998257207903 0.3390471546147239 0.37806859732182685 0.40847528453319576 0.42502448268996484 0.446745022307737 0.44556492049662183 0.40886195600583164 0.4178457216309026 0.4309599091834408 0.4470576344322669 0.48768409195682183 0.47663898218162976 0.4645284449483526 0.5039245274134322 0.5027655148048973 0.5084927359556125 0.5167810888924056 0.5253702651241009 0.5335948692576046 0.5227660233815425 0.5613497913204183 0.557627189289612 0.5710287615530037 0.578200681522281 0.5860168736108989 0.598316338007128 0.5814503744361914
0.016561352391189225 0.050855842916733354 0.01627780331742337 0.012266351491112503 0.007978753396985746 0.03642592845500211 0.032059685657985094 0.05975732628233907 0.10895542472496554 0.11678296409618003 0.19337890199495975 0.26417828364156654 0.2655877945203225 0.2485212009588351 0.2471769168456725 0.2949376866931754 0.31983657852469716 0.35721574864153316 0.42855714943081946 0.446906164457961 0.47564904095118576 0.48266012178779827 0.4442835310257426 0.42206169931808696 0.47826400211262005 0.5103935694365938 0.5074048712031903 0.532374809099479 0.5120076288861289 0.550503602101093 0.581125557485229 0.5830646359485255 0.5330583614575329 0.5415228914464825 0.5411454033939626 0.5425965993349903 0.5752912864345793 0.5590565583682751 0.5752447368750847 0.602510417213177 0.589040784932314 0.6046031177826909 0.581937686393451
0.030589891860721644 0.046305112098073385 0.00876824240385826 0.015154283106402041 0.021896253666940747 0.04780149797058345 0.040406546188191395 0.07911348323673746 0.09526530138518711 0.11259924770488879 0.20549710254789733 0.2173902990415597 0.2722738226277778 0.27404000369195547 0.27686362458234703 0.3293940919212784 0.3325780407382792 0.4030561346148474 0.4545725816441033 0.48074820595859524 0.4940783875455444 0.47486417875682474 0.5007811876034968 0.4900025964869251 0.49063425790626175 0.5099005228278126 0.5038277346003975 0.5098081565015972 0.5325024099993617 0.5876264547585913 0.5986165940154963 0.591641169063943 0.5456837819146587 0.574123962290593 0.5533234241801509 0.5712863773371325 0.5731100176841086 0.6114473211904543 0.6142268484783511 0.6254473559539427 0.573905982805719 0.5738455328603485 0.5990650138030685
0.08527669677137331 0.035880056283990075 0.01792785701776264 0.0 0.055815831177714055 0.05794343470004925 0.04162267565224534 0.06673010061418551 0.11079917609965031 0.1369180555617635 0.18324248106261545 0.23138234650319775 0.25245518791276417 0.3179984229180745 0.32119460850704046 0.3343882080498389 0.3654687126125966 0.436990147684055 0.5040203862797803 0.5248151392394349 0.5288452997790801 0.49027458474068436 0.4931280049134701 0.5310341902492054 0.5388190634800253 0.5405100603862589 0.5158692427636753 0.5217771310492969 0.5333117047979742 0.5687758360053287 0.5717201905482232 0.5839040681907021 0.5910682346895476 0.5682344430948892 0.5717796818115641 0.5417606338414239 0.6061178556314307 0.6303645295389468 0.6123268567055602 0.6032076869168417 0.5586314436650522 0.56568172967828 0.5898154138453587
0.09861510190255349 0.10047123583341636 0.04939196947296164 0.046100207320345796 0.06437780924455672 0.09209639874330264 0.09482806216488607 0.0934207124137097 0.1413769017044061 0.1786924095490463 0.197335530982128 0.24125126826102783 0.26049356344108343 0.29079858293120986 0.3559484851042473 0.37601399764865917 0.386867156442016 0.44849385726922264 0.4930872921664591 0.5462104439203734 0.5409809889515153 0.5057895570612532 0.5300575125435295 0.5252147922323916 0.5774865459292899 0.5940532483475529 0.5710927645327053 0.6053732753715385 0.6086150668041387 0.6099358400610635 0.6030496882246041 0.6068956298153362 0.5758483508255655 0.5963322649945414 0.5731727061761224 0.5603763577893683 0.5766781560598229 0.6423194848641929 0.618873904350469 0.6197073114533723 0.5766033458034945 0.5976656099688066 0.578598789773394
0.15162977185933815 0.14326133482037404 0.09207683546348186 0.07276224933931397 0.08611014726346297 0.11087429659233332 0.11108625172791653 0.13693456790969324 0.160590154918673 0.1991936663950258 0.18764698820055523 0.20954024189261802 0.2735582030228325 0.2847920467917433 0.3308124075661633 0.3933132238097896 0.42059055729265554 0.4463695274323936 0.5015335868298452 0.5496716577548036 0.5194595412363003 0.5578331436785304 0.5446419833595587 0.5698899924638268 0.5977269009599083 0.5942673570162951 0.5893049403645826 0.6311592435101686 0.6535472257080087 0.6463798448374466 0.6414169103790247 0.6287104655463222 0.5763260796782217 0.5720825178408424 0.5605431420430469 0.5755735110817009 0.583830820229747 0.6423193145858141 0.6224549029501889 0.6219625323687006 0.6365604155156299 0.5935346479731805 0.6381735059891513
0.1673780458798245 0.12500984930722228 0.12315052023654843 0.1299266673030516 0.09519638127882636 0.1492629981134282 0.13380445217408574 0.17134989363555056 0.17358028364850608 0.23329706607963072 0.21854918930425077 0.26136321202052143 0.2771296008559197 0.30738989512614406 0.3946354250441054 0.4348608254624985 0.4289460300527028 0.4923880106442012 0.4911033987163432 0.5523453407630188 0.5390028710866117 0.5564262019897827 0.5486725663253 0.5526402064337321 0.5821634364958228 0.6116156526758036 0.643390962061739 0.643677652250092 0.6552963706070208 0.6255549442699652 0.6576082889756842 0.6388033523684583 0.5923704177392545 0.5745330046390522 0.60004045355315 0.5840912048882448 0.6224808449618007 0.6361958086840784 0.6418249687269086 0.6444479348892577 0.6475862119525494 0.6426553869027332 0.669482203355662
0.17270730665609083 0.16192802869421896 0.15206175874699984 0.13285014260648748 0.15635093718282878 0.14868860947571888 0.14583503450206242 0.18421606094849133 0.22615077646773585 0.26388523749019926 0.2361595024367303 0.26790966898643614 0.31645310163465756 0.3679433364569154 0.4004513577107984 0.4324071259964622 0.45921041798136997 0.49762356449659084 0.48536274500556686 0.531259753441388 0.5451943880035415 0.5533703843297142 0.5331673443466324 0.5610421363151701 0.6123985225363635 0.6411669925379925 0.6316842735176332 0.6555195728186759 0.6594495512453238 0.6215022377640111 0.6348480773161704 0.6508844271589748 0.6307996762083543 0.5773101633698153 0.6098792636636855 0.6156860597217243 0.5984629025917219 0.6235641860185966 0.6342868455493168 0.7085360358934975 0.7270722251949053 0.7341294769471174 0.7012834398027878
0.16420623916850782 0.17303291781948396 0.1655238615061214 0.1566841246680221 0.175850632310055 0.18927925226526543 0.17259825930856426 0.20462264618134046 0.25924787739362876 0.26973464290100785 0.27013678953989617 0.28460262104346895 0.32862695164628347 0.33790090929853 0.3985068417784381 0.4195604817244082 0.40956693269564404 0.46538122864037407 0.47772189095401474 0.48360277782095606 0.5121768078633341 0.5382109082419867 0.5780391594189765 0.5755301140598451 0.617305575108435 0.6623920764787852 0.6533585943911967 0.6541076638302388 0.6503158695313579 0.6311829764234724 0.6674170160578987 0.675577452702529 0.6373133705430118 0.5871532175402996 0.6270694096150564 0.6157895133266027 0.643038963259162 0.654272675008707 0.6737478038942079 0.7250738898377402 0.7287859565238366 0.7683413145095019 0.7524237109332208
0.1902476965853117 0.19449856081882644 0.1730760706283587 0.19572806236188395 0.16291434562243437 0.17435162589493836 0.17278883500841066 0.24552009584429038 0.24558559556695972 0.3016974963918274 0.2853462525289432 0.29556883828826547 0.323359265036896 0.35125191215777357 0.393849368884602 0.3885388677985544 0.3883867091622603 0.40123798821690687 0.4483821702637376 0.48753813790319095 0.5252072446044376 0.5162482581468022 0.5377687722083422 0.5897984519100997 0.5755654207102744 0.6376176564287102 0.6410666229637184 0.6574747495687653 0.6381271024532253 0.6573128877511103 0.6442453270474815 0.6465874598050404 0.6401373121836033 0.6076876933142519 0.6349303109362732 0.6294079102540598 0.6485249169777999 0.6639731701385018 0.6520441866632521 0.7040397160549388 0.7326456841274545 0.7640491027597675 0.7999329470471789
0.1453946841074162 0.14600198570061632 0.19523734712819904 0.1610770839155419 0.18109833662136 0.19890852146556137 0.2029948571190615 0.25341178249395857 0.2660175466878435 0.27168628005279266 0.31488615402790154 0.3172936431900686 0.34496720656150637 0.38350281731120006 0.37836923400187317 0.3800539143207751 0.4020454634357538 0.39043936219768033 0.46848333276995063 0.4843546952232264 0.49832989426001034 0.5288652427010107 0.5339392130958813 0.5759398171560571 0.5628385510484506 0.5901946295338267 0.6308193424865096 0.6372851622031287 0.6062145222238735 0.6520379771629774 0.6331109113228878 0.6396804255288757 0.6285734305291297 0.6338046528226623 0.6157210955027514 0.6405267032400145 0.6198633310948322 0.6671181143794768 0.6715791520169785 0.7058757342618451 0.7172876950482231 0.7240526272911065 0.7769908726807803
