Raster_benchmarking/continuous/raster-237.asc
NCOLS 100
NROWS 100
XLLCORNER 1743168.0880824497
YLLCORNER 5469287.639568965
CELLSIZE 10
NODATA_VALUE -9999
[rows 76 to 94 of 100, columns 0 to 42 of 100]
0.260131764945573 0.2923254243143888 0.3106419724091683 0.339151217757633 0.27682014004213956 0.240733750175631 0.22920604072781758 0.23494821380321212 0.2664235424289315 0.2623088091759423 0.24410677743071332 0.2150603024657698 0.16375376489283586 0.08625684801316037 0.05329592393338305 0.05320645864499663 0.0474397105554175 0.020260934395952633 0.03194695459768842 0.03608996302645365 0.035627134066390904 0.07417519863621727 0.11710941188825598 0.13085024267748493 0.12221414307802539 0.09694392631815439 0.11297053727692304 0.12973869240099412 0.16911066275893852 0.21321624991671476 0.19915094636179986 0.24213565460523281 0.2826030946816272 0.30016137927241304 0.3351915735634834 0.3568543010182533 0.37263659233496543 0.33801972964300264 0.3317691522645898 0.3410437267751097 0.40431876482535234 0.4147579948707779 0.40738872949123717
0.27158538633939433 0.27431142329694996 0.329223788541537 0.2998445552112711 0.24783122431770327 0.2556568742205217 0.21946186574190407 0.250357981606331 0.24406295486290597 0.2517739275937315 0.21665980424801548 0.17951407968901245 0.15137208830588403 0.08929848637045651 0.04871748079466305 0.06453537699927255 0.0634404531349857 0.04580251418704737 0.07364543848039157 0.04353542420722018 0.05148624858476447 0.07296433427132308 0.11903563196946083 0.14723616056010708 0.11284904148858374 0.1397846884489938 0.13358264960741512 0.12780410496827754 0.1702007022143532 0.18706423433171876 0.21141096667343168 0.24946670089633616 0.2699573467877451 0.3232856009790857 0.3167409256982199 0.37497962192230766 0.3791526995278035 0.3428654760424703 0.3429424142896107 0.35826516325008756 0.40106592866921453 0.3895160115064916 0.43085985532394117
0.2579841029912992 0.30293448098120174 0.31377660396991097 0.28865933090013607 0.2683553681178975 0.2192495294714963 0.22589914979585643 0.2123062384016335 0.2343507713021354 0.26525673298274716 0.21352407899413514 0.17573160014096428 0.14393252869242093 0.09669151656408194 0.08602489204514006 0.061599736895898365 0.05895721987121988 0.0761758789609017 0.09279709529821004 0.07945950221709992 0.06335254671164019 0.06915381373194569 0.08110534797804454 0.12693097636169393 0.1459683314412533 0.11820587447433849 0.15793874459892132 0.16320047973983529 0.20572136240849195 0.2086402784695159 0.23997808135305168 0.26142802745373245 0.27387093068145496 0.31362642265737267 0.34168180678989785 0.3835413186916695 0.39601431440228296 0.3977363771402543 0.3954046492453876 0.390206913388664 0.4207567314699913 0.3933557592521044 0.47349975979015524
0.25776320717062495 0.2647077833088784 0.2714436070008295 0.27955281479137745 0.23655266784394935 0.2200148765650204 0.20912634989736062 0.22918937887577967 0.22976047761952392 0.21454933274128335 0.23387013682869615 0.20468995746224158 0.14296362857191924 0.11045039913424021 0.09350514849969953 0.10016702298436345 0.07305364040141266 0.06626731512774445 0.070832119717175 0.09354674554454795 0.06596333500857973 0.07691307889686316 0.10118152131216104 0.08182601491106549 0.13328038107805842 0.13413719935797755 0.1589803742435637 0.19745465637309204 0.2109760541664775 0.20211513098476075 0.23431402748052677 0.2814551547579827 0.28417810989110737 0.31188545100693976 0.3152712028619374 0.34946916318335425 0.3599837931583342 0.36028576802736617 0.42264862377460427 0.4313346535101089 0.41481095291824666 0.4612055214305037 0.4778587534274634
0.2546237477471293 0.25080314814117455 0.22675283598186446 0.23547888309082504 0.20952433727885494 0.24122683909321246 0.19754838116917559 0.20662950833632807 0.20857365654271265 0.1981529884773976 0.2023439658396992 0.21739692914012812 0.1405116108039441 0.09781534620040475 0.13415468747699283 0.10828406695532282 0.12404637816212477 0.11846710493070711 0.09506768551998944 0.07789975038058308 0.07415326000303342 0.052944519532149126 0.08001980058680844 0.06829726608304837 0.13229753356215712 0.14704305290882147 0.18376743554019176 0.1814019343079762 0.19529249403836893 0.19499756240000554 0.2537317526876182 0.2756991434285608 0.3051744443126802 0.29239505280109773 0.3146195271023375 0.32246648174997483 0.3767294975085391 0.365285030211521 0.43593459838909104 0.468398180181695 0.4672215074802418 0.4798683627744907 0.500977506661083
0.26304959524804644 0.2425777985923292 0.19743432950062212 0.2195306834244065 0.2218367058516233 0.1870290428537703 0.21569198419069366 0.19437902785052744 0.21079234962632357 0.1986288620319561 0.21747923459061433 0.19315166212373083 0.18040205847711485 0.1190649694899283 0.14041317682042054 0.1127357375345966 0.13982088685468194 0.13873180065385082 0.11991403749203573 0.11748250393464817 0.09707205674085502 0.09265587343813389 0.07035442062903237 0.10821207702209272 0.11558821397746184 0.13376788336060652 0.1885916210481747 0.16815668964738034 0.19235040396688066 0.24521446202714167 0.24588016093110615 0.2766075953606339 0.2820219277964631 0.3118547001085589 0.33041415034862265 0.3506429642333891 0.40319865294925744 0.4083361337750775 0.4467665134579781 0.4772930663489882 0.5075094424187422 0.5042443845546171 0.46534015248254623
0.22384574358543188 0.23790332775935097 0.19078525242536737 0.16876414107355764 0.1583839362394377 0.17253712225209974 0.17242179948767763 0.192839088654946 0.1899990500597588 0.2266962568820979 0.2074730564828481 0.2050885563266868 0.1829975734172174 0.13908825961447616 0.13757647809594678 0.159188859217352 0.18605182335077317 0.15347859964567256 0.12794900928881628 0.16366669571886758 0.1127668283464052 0.09997767648364941 0.08171317934504468 0.10189848424222767 0.1341947496485123 0.14811206198326662 0.1665845281405792 0.20035262372915877 0.20888199778068192 0.2703879554352885 0.2643172816563983 0.30741221669434743 0.3131776569412091 0.30595490896428096 0.33961739763961696 0.41295439533664263 0.4178221556686112 0.43741027142578487 0.44782232300088337 0.501302569236297 0.48413272625033976 0.48989583154810507 0.4873709828497902
0.18618382307612616 0.22537300970506924 0.21430583330205297 0.1982997078613195 0.16305244381946377 0.1639678048113176 0.1885055187875532 0.21139095375942563 0.1907519897696623 0.19496514725949868 0.23121869196271116 0.16872706957248496 0.15961631796972414 0.15797225796862796 0.17937553915596383 0.17172807406833474 0.18840477674034392 0.19378408317020016 0.1567353789850437 0.16353576381979087 0.1408206206198302 0.12511101125364202 0.14970165550780318 0.15989328033847833 0.15443952455659274 0.17144505116562003 0.1806655635111386 0.2316970060334039 0.25012857472896227 0.2769602393231702 0.31098894204604793 0.3490260245639548 0.343393744562079 0.3267631035771081 0.3463142622222824 0.39805585021292766 0.45961861946233445 0.4438453733905546 0.46789388931888354 0.5029975850887846 0.49255438313981525 0.5091920652643256 0.4899704018686465
0.1687854271788435 0.160366304863409 0.1768114786777206 0.2046115700842677 0.1577841638063511 0.18718044551714236 0.18749281570284876 0.20231441081213106 0.2039707687038551 0.21420665338417838 0.21539949002038253 0.17821457787041434 0.16794653069709514 0.17261642735088153 0.19370704465203636 0.17288263037377838 0.16919082232711946 0.1922046021384532 0.17030512239326867 0.1970557080342579 0.1594147734161253 0.1364860023117122 0.18204371636828448 0.19138642473634243 0.1858190469392735 0.1769468475846147 0.20817329161809428 0.2654987730366122 0.2911352804654994 0.2787069551662851 0.32076008504589654 0.35128028629109076 0.33692138148510753 0.3393281424817068 0.3706763835249854 0.4218671645490344 0.46967269977698484 0.4900493167730983 0.4570990324616713 0.4536829019253701 0.4772761350227292 0.5041125647233244 0.48694213582690604
0.17195975411127298 0.15610979354555066 0.1548047899389701 0.15336732495274136 0.16556797562326944 0.17125966800886644 0.17733558471317495 0.20871479754889216 0.1965512561139692 0.19543302922641584 0.24283153586493222 0.22663997631690025 0.1890724337756639 0.19156162008786584 0.22731870716377256 0.19123748092854176 0.20254793911659785 0.21296759897527776 0.18666839934453877 0.18534230562158227 0.16121757960831584 0.1464752975732021 0.16221751743789892 0.17846005030188633 0.1729939088264329 0.20682857274810856 0.23172182867465083 0.25124558236256617 0.27493345378651096 0.2948152543218221 0.35116329653182565 0.327681168388317 0.3515900322450048 0.3376477064306877 0.3963539402814319 0.4434274952975651 0.4896920069438984 0.4994790668986021 0.5089417846899522 0.5226390223832352 0.5069219536886691 0.5113652109683546 0.47154872979187185
0.19754417141291472 0.15980718483573045 0.15233326894342258 0.16490854897508722 0.15907731700679864 0.10472045669820652 0.13422117276765697 0.16376662861942057 0.22965516925669086 0.22926278309294584 0.23085392676045222 0.2451245410548998 0.2068504887225116 0.24018536738556628 0.24437860418535476 0.23888740833948746 0.2495422951678963 0.24136319060091416 0.22915184774504718 0.19449833967429836 0.19293418443585886 0.1701469328670376 0.16236210833198736 0.19139392893464308 0.20144949757519048 0.19863960337135206 0.26125035948820224 0.29963421535761503 0.27973150133017044 0.32945004651792414 0.3375974527488364 0.341800475000818 0.3503328950178867 0.3555472943731915 0.3990985890295281 0.4501701527576908 0.47970331056067705 0.5114290429253547 0.5202388171440748 0.5209578959941383 0.49562861476785786 0.5102622772056413 0.5186039026207817
0.2096724071637727 0.20410190002089337 0.14022073713211558 0.14824279969480583 0.11710670797916767 0.10564977029544297 0.15431020426880332 0.19528470338806989 0.2273413210387405 0.19675630675360717 0.21325872297895393 0.24014678958465205 0.21947390554760374 0.2551817161420623 0.23530851125468655 0.25330300727868027 0.23915331353783667 0.2283796705329382 0.21598930655716256 0.18049182795752178 0.17108673427492002 0.17769834299660245 0.172018062844701 0.20117861392100359 0.22350799255853973 0.2317507046592318 0.2495142555501789 0.2986557042524535 0.2948119808782247 0.301456288321633 0.32090943801895006 0.3116193907956003 0.340403925096399 0.38001846575327036 0.410462622950279 0.4176485158788091 0.4637433723650814 0.48068884792806554 0.4876888341754872 0.4627555382407258 0.5034451857466392 0.4927744040723003 0.49697640442660307
0.1743463643549249 0.20441812671563073 0.14603051878812714 0.1362535698684637 0.1198005575329031 0.13011375980580384 0.18418749676880072 0.20006692096005488 0.1946266125848617 0.21549162393772042 0.20019477255074467 0.24315180458785943 0.24052891611583344 0.24147681477939678 0.25326398336852657 0.2725949888815471 0.2412599228479848 0.19941352353435443 0.20661301243661542 0.17893460924754453 0.20890061135477203 0.19686300871917992 0.16539727504152366 0.1883995892971019 0.23443929500917593 0.26246252096012795 0.24997544422094442 0.2878862319255916 0.28004194122286086 0.3461562504837401 0.3121942008397863 0.33648742077878574 0.35239878476152076 0.41437178695853705 0.4084850703950137 0.44871367968479203 0.48026343438276287 0.48898456613008884 0.4811730413349909 0.44166157050638977 0.4321950273524084 0.45137705890813024 0.48237913034417534
0.18263910098588718 0.16243964171762923 0.17127964998722778 0.16457015002448747 0.19037873823673276 0.19160953306917058 0.20191373375697366 0.17491542049222322 0.19158451578683003 0.17344573761846604 0.18845359864049888 0.20947441104880105 0.2276261594052963 0.24440865653159022 0.28118904453308413 0.29023857943845094 0.2523122041500983 0.23193710455498298 0.1833827412580378 0.17640231821955013 0.203192743992989 0.18529393109775316 0.1892098907548839 0.22328692814241552 0.24193201397967196 0.28536826116345365 0.2911141265709013 0.3129684489038364 0.28276913179479285 0.29742733026089513 0.32001617937292154 0.34218610975642827 0.3393375931719481 0.35923701500112204 0.3873850556094606 0.3984518413368057 0.45748732840535417 0.464810135376113 0.42814139288752795 0.4041360701124981 0.40433866287547854 0.44143929066293175 0.43207665047585314
0.1921407806486999 0.18467218703745902 0.1723943114561659 0.17971430172285618 0.21563016156838902 0.2143843433123517 0.18594649507582953 0.19364809953740292 0.18810865258156573 0.15609567742493696 0.1995252319006762 0.21749446286782276 0.23990482265953433 0.2534525552816969 0.2480319656400829 0.27540206052949284 0.23967561543606963 0.24827943979034345 0.211664342842818 0.2055723760950225 0.19634498531367547 0.20219864246347136 0.2464375586364376 0.27256983328589485 0.2503611416502892 0.30655139520840846 0.3050910570846589 0.3065897397584342 0.27143040621340186 0.28237468623086137 0.3130714576436718 0.28336468425059375 0.3240500206150794 0.3477214246712305 0.3830964161964733 0.3984135739797459 0.41878050546189355 0.407316370081889 0.4130377548960967 0.3910738813421319 0.4255558562704526 0.4347285040687552 0.40531918593056837
0.20371181090337898 0.20986808626394526 0.2034663284043626 0.24037090262972707 0.22718946003489485 0.2100298439678855 0.21514244220635514 0.2062483347585182 0.20896669599497883 0.1991735519020443 0.21153558427632949 0.22683681867678426 0.23330340214000567 0.24499707280501096 0.24223611002071682 0.2237340814819287 0.23609815105669726 0.20933036066820165 0.19981016804446522 0.22796331471772602 0.21641989907686005 0.2080306700101917 0.2266104867366949 0.27240567604401866 0.26830224992068874 0.3020968523779851 0.30426544462334487 0.2960523230631849 0.29597958487670734 0.31069015536355554 0.30173555759779525 0.3152035807449905 0.30590585366126166 0.3293105698152251 0.3374161035636309 0.3784316772644709 0.40246598843499437 0.38972562565274016 0.3809314980972909 0.39900221452712004 0.4088824760841659 0.40782767430482153 0.4086969624256938
0.20367896730088308 0.2243095152922792 0.21188773048535092 0.2768516877535234 0.25496417173843877 0.22841270567302802 0.24992321403771312 0.23081864970893318 0.19511769648811075 0.2112402241570091 0.21932125455430673 0.2094662608313995 0.2144585003590004 0.22400428873035272 0.2404028826369041 0.1981572188078235 0.2046678825335974 0.17756824565293505 0.18069972996750627 0.18631485827594094 0.1807564778640906 0.20981836611462973 0.25328411618998464 0.26626913572264704 0.29069505981347094 0.2707299359445279 0.26880995664575785 0.27619541768566774 0.29371029534847193 0.3322002664150282 0.3427710145440817 0.3247469190194059 0.3099584096302401 0.3420075810973152 0.33336738317508124 0.340814338731006 0.36340636724082603 0.36333753386654666 0.3921993405860142 0.4177054796962282 0.41635495460197963 0.39913366317197374 0.3873142765921547
0.2099583430521227 0.24846251069895697 0.23309392087089065 0.24589932739867135 0.27643497233325354 0.29056353241352106 0.26002874053751335 0.2588231336426808 0.22774915223446296 0.22994963014566625 0.21005110345010558 0.21627678648134427 0.21544689061504252 0.2077482500509673 0.20842293227870434 0.2336629993437276 0.21610970255849649 0.18443787421922586 0.1961584880854041 0.21899097372847567 0.18149170828328967 0.1672561025298695 0.20855222002389368 0.26601209915489576 0.27655634761396375 0.26864672191015687 0.31645867445724674 0.3200976343357647 0.31093758741760946 0.3087079302758516 0.34695791007311155 0.35713093248400574 0.35275353792911507 0.35628546342448825 0.3504765352219065 0.34257174227366505 0.34563908640809193 0.3179615003441824 0.36918789097907195 0.3887401563134648 0.37306784955879285 0.39064285071700844 0.42015645785540895
0.25466482879624613 0.24033821677998102 0.24777700104302844 0.28672000661889774 0.29086111580813184 0.2984669275745923 0.24687927387604747 0.2179292802267433 0.2287184722399277 0.251295341515429 0.20284044501744505 0.2006629388947467 0.22811179912914117 0.20256725569366354 0.24291534662031453 0.25322376695669546 0.24922967399972584 0.226457416676298 0.22753231003362953 0.2135370494284244 0.16413627156967256 0.15589221863431313 0.23793354342420583 0.2591244413674525 0.2609196303738869 0.30698423850914514 0.3292931147223138 0.32482597017058035 0.3505619919165612 0.3295344966920687 0.3620754512225617 0.32601222654900747 0.3696739715202577 0.380415314586598 0.38731210630229823 0.3870766650151622 0.32386832433176127 0.28337393943779693 0.3465983755266254 0.3378679020269905 0.3812279200234682 0.41636332310512436 0.42445318616502264
