Raster_benchmarking/continuous/raster-459.asc
NCOLS 100
NROWS 100
XLLCORNER 1743151.8397797882
YLLCORNER 5469289.9975123145
CELLSIZE 10
NODATA_VALUE -9999
[rows 57 to 75 of 100, columns 43 to 85 of 100]
0.4167387715780624 0.43073000632530295 0.4122832410484693 0.4251666945815771 0.43917894574898086 0.43536800112934776 0.40843643374407584 0.38049542212419135 0.37237689341678293 0.40658828397646396 0.4004535265753539 0.4317392581760636 0.4254622552331842 0.4210660375020357 0.4245139406550212 0.4172714956174012 0.3814549794472587 0.40236523879151903 0.40248671366667443 0.4332522396796845 0.46325230825979363 0.4507876975828868 0.47623010613922806 0.4777762492911785 0.516082138133636 0.506469078723484 0.5523913312256795 0.5275907404669367 0.5537277896996949 0.5592161925981175 0.5717579078303182 0.5461966251623999 0.5450504002907409 0.580467309030869 0.6154130837178825 0.620415068546992 0.6444713358427943 0.6728443809864963 0.7532343613463354 0.7845268867336662 0.8169508989201596 0.8504840886651448 0.910356474870275
0.4120840392135752 0.41960297930606094 0.39300806558178597 0.4195018785301514 0.4083910317689801 0.4260112842557363 0.39466763256325743 0.41783253052789515 0.40741048017723 0.39179580063903185 0.4166120669507204 0.4124340112055821 0.40477697001217183 0.40645076683047704 0.388479465170114 0.4013162096649794 0.39180002388117396 0.40580968702144204 0.4330172852637842 0.4538881004566905 0.44070796914751853 0.45297553106995253 0.45159523009033337 0.46399228545250853 0.4816018590908187 0.4958381347421968 0.5040871028990294 0.5203447455355311 0.5541050813002733 0.5555415097419746 0.5685411137601194 0.5477611820222636 0.5719187846218522 0.583351737749736 0.6175743905089931 0.6129074400600077 0.6480853007151546 0.6718392489956538 0.749171357893707 0.7721297019154105 0.7910709286095164 0.8297016386753748 0.880355255947563
0.4174085833108476 0.3779260935641387 0.37250569594955685 0.37368005277644945 0.38851033296976106 0.41949136690496425 0.4133598308520847 0.41135573477492393 0.4014615874090609 0.3722740532804819 0.4061532650556582 0.4036919918493025 0.3845948594746175 0.36171686989865004 0.38454104521518284 0.3885293830074535 0.41274638739012937 0.41672913460523914 0.44183451662904 0.4764582068990722 0.4668698152637163 0.473218264838502 0.4693703430197065 0.4740822554876793 0.4684167239126569 0.466478904214543 0.48178562907413314 0.5255479804003433 0.5419449193937518 0.5474757710708805 0.5464799291617766 0.5517735058787788 0.5334808751225345 0.5647124524000076 0.5880540120846789 0.6385531021466763 0.6466670163566758 0.6707944953629622 0.7207949281119798 0.7321490516193173 0.7805780948510078 0.7898955187941887 0.8497184909349764
0.38510046480154486 0.3882451363629899 0.40478604480320907 0.4002992603393022 0.41115036644065067 0.3990727121264664 0.3798487158229405 0.3780853701517882 0.39312551717293304 0.3766919336567628 0.38448070501378906 0.3812009586746577 0.3711721776599029 0.3579476566230902 0.3763330650108559 0.399857293418235 0.42569526371143596 0.4409434508955942 0.43833715704792875 0.47106055878092856 0.46290692455571164 0.4443362103927481 0.43264506719445966 0.4523492154209557 0.46834733741453916 0.48047965552288163 0.5071982798150992 0.5156301528536984 0.5284987452298376 0.5425266471266483 0.5266873240518978 0.5470051609352852 0.5617077617134987 0.5874985801856817 0.5845406115675957 0.6241486478396998 0.6571578624448464 0.6494512151568635 0.6771265177887857 0.7156636028654867 0.7355132398960033 0.7784848312384307 0.7992205695048106
0.3797561512378391 0.36603033944931385 0.40214369759860014 0.3969820637322133 0.40121180263453354 0.406171401427064 0.4065292430274499 0.3613611095081722 0.3485097922960055 0.3347257490722334 0.35129366944081963 0.3712351081996006 0.3404989387913735 0.3423782893126055 0.380441587858778 0.3921458250300615 0.42740253645911064 0.462776855721644 0.46769181084464245 0.4497019266988691 0.43241741097423503 0.43040477511434466 0.4284277329164936 0.4662369136519763 0.506325115543451 0.5039550306349299 0.48391783514825976 0.4580478581395175 0.4790271803359557 0.5375256601365648 0.5400105926523024 0.5575492610878459 0.5551389623468143 0.6010698118553999 0.6116898141721677 0.6225510590035739 0.6332353172212375 0.6392383362654687 0.6706367798266717 0.7032230390405071 0.7221286140504214 0.779869389266267 0.7743538225303372
0.3582768203952058 0.3721753578615397 0.35074368376833986 0.36294563144235853 0.41324627858106155 0.4111777443646994 0.37684055021923374 0.35547013233407215 0.35556365053227706 0.33496466062491986 0.3669728721764768 0.3571109422270374 0.3440879440334276 0.36574372772310676 0.3735328885799382 0.41170411720572614 0.4216071622050244 0.4519466720696472 0.459969931522451 0.41494629578298603 0.4275333715676718 0.4093668777382205 0.4447551710975197 0.4306852683921239 0.4653512503409342 0.4687485143870833 0.44070383295521226 0.4340778658817734 0.46955276324785966 0.5094453150802137 0.5181932719767259 0.5617902998478126 0.5852348655718275 0.566012828247438 0.5755340010604671 0.5886988780001032 0.6233306392497227 0.6496885509147973 0.6490745544157122 0.6707080550808845 0.7223898499785981 0.7616722737566064 0.788009313166283
0.37143214098533556 0.3578025672774678 0.33847214668270026 0.3453362423609639 0.38993760288483065 0.3902187777100919 0.3800784501051446 0.3349636056750983 0.32211712808818116 0.36544300938838986 0.3689041655375498 0.3722675776154278 0.32827109856175724 0.34093755986472063 0.3634637531433933 0.3880894535895703 0.42187365870139804 0.423860395671405 0.4297545776379006 0.4301667919771342 0.4071122764918568 0.4248024956459886 0.4247333353037993 0.43947854096349465 0.4085121901801962 0.4130288205548283 0.421216478004917 0.4108720693312147 0.43719410904294803 0.5001862819109548 0.5221875232934506 0.5582405324177737 0.5795947901278352 0.5694486002671217 0.5777059648396287 0.6085776608653537 0.5996773981426675 0.6206367703844884 0.6691648726179297 0.6992531891601602 0.7003842228598262 0.7259444977009558 0.7759624887338412
0.32810826178547536 0.35535027710674383 0.3301072291961814 0.31379686129861856 0.3254800012235488 0.3634004465275296 0.36648176388404885 0.36130321121486886 0.3366706624874419 0.347998747855084 0.3749508971223438 0.37525492868298227 0.33471303029420163 0.3467884145139424 0.3578247148068732 0.39094015454762665 0.39281091111286254 0.40560883738406817 0.4293331089498491 0.4011834330015048 0.42615990512576457 0.4334540236664898 0.45016334018760523 0.42530132805258763 0.4329603172641804 0.41595885391175064 0.406000062660269 0.41569209375840804 0.46510774925341675 0.5031601036822513 0.523150512889985 0.5673457703298342 0.559540481026634 0.56390879655254 0.5752913050900584 0.5857719561339201 0.6294992939343986 0.6421662151464519 0.6695774969389896 0.6801637546903051 0.7059211375064689 0.7455527583341567 0.7799170685106697
0.32833834421513075 0.33078056586571175 0.3003398140831786 0.2944217469951126 0.30081665448838435 0.31627493450407096 0.33922933787703785 0.34659709825983365 0.3335467057841974 0.33926844158156183 0.36463767177791007 0.36804061165975005 0.3519951280119442 0.3345923418871446 0.35071264787278583 0.3823672018740922 0.393378587050829 0.4154497051599888 0.4047676434282727 0.3991659344675398 0.4278419846014171 0.43012776587678614 0.4612286558712494 0.42311665559175426 0.3994170782773853 0.40660160541219337 0.40308556166297665 0.4277376068942853 0.4474357015225118 0.49955142714625617 0.519889446842863 0.5601912072380945 0.5602089356730434 0.5594572629493807 0.5802244429606896 0.6039154316391676 0.6412879918423691 0.6711580232429467 0.6710052508904665 0.7146648218499162 0.737202628511661 0.7428549643859025 0.7654368468080164
0.34654240325745816 0.32182040521492056 0.31596532467927074 0.3114255909711885 0.3410281214700997 0.3432398706493838 0.3314452477908371 0.32747593689022003 0.33978956043732034 0.33917550663521495 0.37256227088889987 0.35460595794705485 0.36520979214803606 0.3711281622024039 0.3719522018134943 0.37273791060928985 0.411855766806488 0.4332920203033246 0.4101640645207876 0.42326824086546194 0.4549929631883489 0.467154532594122 0.4334403174769195 0.41886432753780706 0.40438620523229707 0.43231009048590585 0.435300019256465 0.45417004885844103 0.4497230187139199 0.5013779696709937 0.4990835923792391 0.5210581663312815 0.5501612096340642 0.55530662962647 0.5908757428469031 0.6368749498265924 0.6526151874024061 0.6459152307380839 0.6536064889033879 0.6950760113723808 0.7030916817103755 0.7404456853857261 0.7495883912561128
0.3437434922576682 0.29498028271456744 0.2843324147373025 0.3108040882224247 0.3294221516879623 0.33514488516879115 0.3209599414991683 0.3344750600762026 0.3324991314299171 0.3141437562768499 0.34700026688362734 0.3679315924869252 0.33917093059855036 0.3588279283431703 0.4110177794436586 0.37557474221185355 0.3976844458845493 0.4270474315364809 0.4584842431082153 0.4564828014282169 0.4583068684957837 0.44967925535921566 0.4457597345285564 0.4496078611649786 0.4543389887080553 0.46602111606072305 0.44780174621748253 0.4482504394517162 0.46614399932831563 0.4915962851825512 0.540554970137851 0.5244805558540193 0.5168781210006526 0.5642542508859042 0.5814138507244362 0.633891984320746 0.6586946532060621 0.6500464811149237 0.6746749937130005 0.7010577141134792 0.6787033106675905 0.7281003127553758 0.7282642070171442
0.31782099984620155 0.29719015939242993 0.29669332698240797 0.30258248225771567 0.32012801296877724 0.3256546406704954 0.3313219095222229 0.29621311264466077 0.29710198615156663 0.30384881309384676 0.3290871181591392 0.3568784080409687 0.34200411891538224 0.3538759412587725 0.40890466301564327 0.39045657629336405 0.4173088502226265 0.4433979908360172 0.46242991526511634 0.47181275976891246 0.4527174514665591 0.4497058422648262 0.46108762630484107 0.450634998744579 0.4609141122423061 0.4650042447109669 0.4571937863976497 0.465718284655037 0.48982054578994805 0.5059754167784236 0.5335156565989637 0.5183328183359222 0.5448822713595567 0.547328987789276 0.5743707810775972 0.61312068840774 0.6514262717331916 0.660476010217662 0.6721881432164021 0.6871434520679102 0.6947231440645447 0.7170262361133921 0.7150012933711376
0.2976275433202312 0.2989477504408576 0.29342375648424224 0.3188247124596607 0.29012836786533525 0.3303173043704434 0.3369977174470506 0.2846740823077119 0.27318876835210554 0.2945956142441901 0.32108940279360404 0.3335240223665071 0.33381779159240094 0.3433066950080855 0.39901587311574604 0.3835877866383859 0.43680535675304444 0.4353420105224246 0.4546881989018799 0.4405676903100337 0.4618123033775039 0.4684852079463425 0.4575135046304284 0.466535402016446 0.46376542904078566 0.47625551377170067 0.46469462397028927 0.4958986702065562 0.4922371871057596 0.5067564407296641 0.5630543151644354 0.5309072450277104 0.5256558941009193 0.5830724856365077 0.6194923196829532 0.6265250823612346 0.6393915629433936 0.6428142292740365 0.644491263294137 0.6520698839912399 0.6792822507622693 0.7049403702755683 0.7286316641713113
0.32641457549002734 0.3158380632905765 0.28320793529970123 0.30199812056945086 0.32073415428504026 0.30852000102396665 0.3163252044231856 0.31336972661313495 0.30862579013049724 0.29491841566169946 0.3362661862842292 0.3416756387301391 0.35830510017243616 0.3628234370228005 0.3970131752513035 0.38977603547905393 0.4194320822192976 0.4355760260803035 0.4367612652040244 0.4578839156292803 0.4455224409750559 0.47308494168249876 0.46764182239785246 0.4957857177528887 0.5079511279660538 0.49584338868002786 0.494317034229953 0.48721870524719174 0.5202762117620204 0.5476440269787785 0.5582915736123767 0.5737747021513865 0.5824698081475723 0.5895061106538101 0.6170190406228686 0.6313952076084196 0.6423306469354084 0.6190837711425571 0.6463532804679409 0.6680494637475318 0.6854569267119653 0.7202168387058956 0.7169019476020987
0.3418161998294025 0.320069857745652 0.2984569758094444 0.3206484136179947 0.32835663756957517 0.321542056158464 0.3382736527255174 0.33891542473786096 0.3012101025191202 0.3286752834730894 0.35706466594401287 0.36858165435986134 0.38422090799529374 0.4023091158088984 0.3962396012605923 0.39532261753823655 0.41076531385356996 0.4425413351167901 0.4841870385512321 0.45560626371841506 0.44033250680591257 0.45616380957084013 0.4700278474038471 0.5015429174803211 0.5083575868507529 0.4878782162439529 0.5222784082533375 0.5381199115778733 0.5564498073953923 0.5734448539685176 0.5609447404133854 0.5768329124560858 0.5579966179752355 0.5893062834379716 0.6272606980488604 0.6246001090658514 0.6000936729520211 0.6124703991319808 0.6253537596685095 0.6588494314621798 0.683645589422395 0.698971728740435 0.7253883774070374
0.32403435853257767 0.3512019655968675 0.3328125990264708 0.34858296952040607 0.3679206150316994 0.3459568607277435 0.3697940075304388 0.33637414608118255 0.35748947388358343 0.3309069539535576 0.35187899225094804 0.3981039919595137 0.4069178739919228 0.4175066852112337 0.42480329060362365 0.42263489837379553 0.45794900516914744 0.4582185801203702 0.4336655739210488 0.42829513330239105 0.4275859021515228 0.43693833004863203 0.456381970699335 0.4942633161921236 0.5024484228361149 0.4996253065596263 0.5068601557473426 0.5463700065214797 0.5728179818395973 0.5644668896794011 0.5632990910690846 0.5677018577300933 0.5958585714308166 0.5855585845182624 0.6184163369040165 0.617263005043713 0.6273659145845494 0.6244816503896616 0.6080851058009545 0.6503935918057885 0.6812347482167008 0.695639479052724 0.7274709638153378
0.3354006572970274 0.34878541981908745 0.3740400925782033 0.3568722578200249 0.38626619380600813 0.3812713498782689 0.38354158624216217 0.37805596999399765 0.37973642849214834 0.3789035678800525 0.36035379458184297 0.40953659702573425 0.4266537712286004 0.4216048838157878 0.4225583753731319 0.44439239844085904 0.47181135758112525 0.46570850164165745 0.42279528323168836 0.45096468784960214 0.4237584370494132 0.4306983352229507 0.4683171515994667 0.499722195611343 0.5049518725053538 0.5094353490497511 0.5206581220528678 0.5526448853004997 0.539346127680163 0.5613097351061594 0.583627625124079 0.5981423244936824 0.5962877763254207 0.5951206726755336 0.6164481837867547 0.6094924932719673 0.6079258595198025 0.624525637282392 0.6111867898473945 0.6244467505664677 0.6494016299749248 0.6830825935941084 0.6885385769008613
0.3692483714663952 0.35562292942754997 0.3994570926018134 0.3799586998719809 0.36129075368280406 0.3755003275312466 0.35062484702218977 0.3715105996777904 0.363341433004694 0.39016013468748156 0.37901104355009346 0.38249767045307975 0.4182904708157286 0.4204250671461646 0.4302023622313579 0.4414467061259878 0.4713526376702115 0.435973638695315 0.43116736707028697 0.44689829106733686 0.45718800294989964 0.4504728695507809 0.45598237681694337 0.48687354662082627 0.48268552367286693 0.511838865579794 0.5082402474885127 0.5548264227196884 0.5720017389838631 0.5774716724332569 0.5533893330211378 0.5698808293676725 0.5956476242725736 0.6055860771221969 0.6125974796817366 0.6037901874233725 0.5972172564661107 0.6408852793999614 0.6496495553407903 0.6521085504138733 0.6693171531846558 0.652065356148906 0.6789076464396825
0.3705499542400277 0.40001747180666297 0.40415416256194137 0.37529010810566904 0.3440652014936639 0.34328400258382036 0.34812518674290077 0.3601159361137851 0.3760319528509629 0.38619820406124056 0.37718528258572254 0.40178941588316286 0.3760962531585362 0.4357715518662752 0.43302436622208934 0.46271331110500546 0.469828164163563 0.4500272585580593 0.4557567915257431 0.4647403255754643 0.47369591903880615 0.45936522174266475 0.48018279272355874 0.4878006861246873 0.49867554469094977 0.5285805693672697 0.5218864305665725 0.5572964921171474 0.5735582158828255 0.5765533971239245 0.5670481486208687 0.5493094571637919 0.5604797644923042 0.563074762181685 0.5648792369605401 0.6014344152828464 0.6056986362542145 0.6456315179757436 0.6582320966158534 0.6683124621330099 0.659237018229745 0.6445093852620816 0.660700696952553
