Raster_benchmarking/continuous/raster-447.asc
NCOLS 100
NROWS 100
XLLCORNER 1743149.383055934
YLLCORNER 5469293.960722601
CELLSIZE 10
NODATA_VALUE -9999
[rows 57 to 75 of 100, columns 42 to 83 of 100]
0.16540351662018923 0.14354983332731577 0.11930006279463047 0.08600757847994418 0.07078313690805851 0.09988076796688014 0.07449587067014245 0.0762685251339111 0.09907350564397194 0.10229301829448795 0.14704543240465132 0.14374988777521383 0.1412382104546687 0.15302232372440772 0.13324724698435086 0.15967310642764476 0.14776285791297492 0.1581948091929525 0.17028483092285385 0.17741211287895436 0.17846624750594106 0.1686866166443316 0.1680447741016133 0.12552283506012105 0.11872811419148387 0.09080828020519999 0.0599710144387022 0.07125663573266047 0.06899889165339354 0.06262452212801052 0.08589928302634217 0.06831881155651333 0.09908593648208887 0.09515933618004212 0.12224769423205742 0.1612354334934821 0.17987115988901273 0.19193147846795772 0.20864208979400278 0.23222388817274145 0.23914791027523996 0.24813252382335418
0.12670964667371004 0.10171751051069305 0.08613410474900624 0.0923932291605536 0.09206308299527821 0.11508175332035446 0.10810006008186643 0.07518499310887063 0.08650022509443243 0.09330107482757269 0.10375123513816864 0.13625981948762525 0.1396861745444066 0.16187596607447435 0.15973739941675216 0.1754372687412059 0.14319518604558581 0.16119178867297174 0.18901006968712222 0.1739685758001077 0.1599638804011567 0.14079728048816598 0.14187825450582295 0.1348781758816576 0.11204810466033624 0.09480086430927624 0.07599171570928398 0.08047240925065247 0.06085508918979513 0.06954176997838 0.09818453452191946 0.08384125839174868 0.09542242487537313 0.10899874079022623 0.12219821713083674 0.147486770308666 0.16161536451305136 0.20355095331368345 0.21627430097710537 0.24245115207403817 0.24753460412688325 0.23828816068806472
0.10977786718205763 0.10288320660884447 0.09462230468117269 0.0769803930984993 0.09880505174060286 0.10272010735826663 0.09544828287051578 0.09524541749038208 0.08615857460518583 0.10616831896110723 0.08410942260218861 0.11076014397274353 0.14643205925978386 0.17274246435679683 0.1801546732835932 0.1757563385679322 0.17475783076806037 0.17202157229868864 0.1640562231370363 0.18560466208440954 0.18619299791751925 0.14438202483795673 0.1570405811455382 0.13718721103272588 0.10730587572871064 0.07438239788993325 0.06161754408746485 0.07961698629539418 0.057236182859206515 0.07370752127253698 0.0570490930511187 0.07160889114826116 0.08802285337332104 0.07642120394667003 0.11692741212513841 0.14256767134715045 0.1424686059213088 0.1850707140117921 0.21649770607143098 0.25270037569245163 0.2395929864478623 0.2507358155921476
0.12019498009040082 0.08208100110171077 0.04263108667141384 0.08841748939908199 0.08512587534322204 0.07492437957460274 0.09621256931096545 0.10645859674944505 0.1134908849844495 0.1048825798923542 0.0757568277326954 0.09589393177545824 0.14224023110936027 0.15807288645668055 0.18954948467957633 0.18782272103366224 0.1521335912967413 0.16054251545026724 0.18523129995841617 0.18196954630573237 0.18925471661137666 0.14440407396736266 0.1515667126901776 0.10538639542636377 0.08809196766998358 0.06441186560676578 0.09177537685848448 0.07235119074501382 0.054640000337853246 0.05459278738199114 0.04189588499735995 0.04931589366415506 0.047267083970564436 0.08675152375593347 0.11737733034064653 0.1271935074602977 0.15573380912013252 0.1676069356268148 0.21431451634716767 0.2332943861626573 0.25431894862764953 0.2614835711842799
0.12253649999894008 0.08772644593500856 0.07423129808534248 0.07732239187680523 0.0721345264884361 0.08674697531010293 0.07002893695080709 0.08077382113094891 0.0987424172308928 0.1007578547726862 0.09233843762894832 0.12343783440091136 0.16150227565431596 0.17060040139392815 0.17186428996498052 0.18699289614561715 0.17901547735814338 0.16861177160448423 0.16563576935458 0.14950253177596937 0.14245907228445365 0.13297977796321728 0.11597830939813955 0.10837456684986792 0.10198318756426493 0.07268213063742811 0.09252685548706914 0.10876787428078699 0.07368822089151283 0.08424806589531465 0.04586567770254439 0.047149787491580296 0.04546507279237466 0.0676945850958898 0.09486131102350982 0.14238069770967438 0.17711662813339943 0.18558078327014668 0.18888292577602048 0.22061460586059714 0.2268450162099154 0.26030289854182304
0.1126817634277434 0.10730253557298829 0.07648356835232933 0.09821871834332314 0.06402178442157266 0.0654956036476174 0.08201930138253632 0.10591978864956957 0.10919125067175056 0.11850809860098888 0.13930212865500155 0.14634791939402805 0.15931005517075078 0.15272361850364283 0.17589207245596886 0.17434203625902994 0.15543920605831557 0.13614178515889533 0.14264244706658558 0.15664093255069678 0.16062089190023676 0.13950136659082846 0.09917563871366761 0.11777010669078364 0.09530741798524058 0.07514188177786274 0.09203716980869385 0.12071258531485826 0.11689625732510002 0.08463261058982131 0.07243599730174365 0.07770391569879524 0.06052667279476326 0.07578964044003346 0.10843633713185417 0.1356957162768576 0.18232448848882032 0.20558609736197617 0.20470408138178042 0.2059183483873897 0.1972361463322943 0.24017410129753117
0.13794705435018062 0.11263795504837844 0.09304141761473621 0.10446943314089939 0.09994171519960987 0.08593806191403429 0.08991126269614644 0.09580674059460557 0.12537326779455135 0.12937192145314833 0.1162033150533052 0.11472378131458294 0.1381662211485013 0.17144970221615263 0.18237458169546558 0.1844186130821818 0.18140243306158496 0.15232933876032054 0.12356872127699245 0.1325557613062385 0.13540898528672873 0.12758007516495518 0.1210735079148477 0.09553960167861919 0.096082194155623 0.10882542054301642 0.08684304258369445 0.10616212702367833 0.11618552482892808 0.10657999104555424 0.08130262036896892 0.07055300451822301 0.07320038020777575 0.0754443625287002 0.10461513590740946 0.14793193368864116 0.1745453715732406 0.17334462147584973 0.1641352949092421 0.17334080367066856 0.16610181956449366 0.2028302473534668
0.13123945822134567 0.10811074139985377 0.10913376681882675 0.09483850683586768 0.09514055839125822 0.10176656462545138 0.09363555380783248 0.11140626185673451 0.11656529843988299 0.10717269266239278 0.09473117789935379 0.11224552494462953 0.11906757075307026 0.16681013530590216 0.16095484845589822 0.17442920035709486 0.1773122581048616 0.1701186882732021 0.12547569833603894 0.12357134802566992 0.11722026715445054 0.13383171884958692 0.10422945356644062 0.08613807218781756 0.09512301761144157 0.0994078631303816 0.11796944808075488 0.11615439253763495 0.10721452977365593 0.11737339308782599 0.09840300623698624 0.09348807946427465 0.08842549727422605 0.08882146135841841 0.11824622582229674 0.12831193426212661 0.12266976401613651 0.14103299882649012 0.15801149560027897 0.14496160542422953 0.1508937145974441 0.17916177574254694
0.1505595556258893 0.130142593798418 0.11418461667265527 0.1202752696561321 0.10025506488835316 0.1141535277839176 0.09993746357455356 0.08095452790907054 0.07815389299774968 0.09563118010538535 0.10869186938173386 0.11148302092682316 0.14961945336360197 0.1549167657021485 0.16774782481902892 0.15102052726071963 0.17390384938588963 0.15136981733742166 0.11835829459095536 0.10631254176276994 0.11488772043397032 0.11812012843033597 0.10660766546213295 0.10947374798736471 0.12426046845385019 0.1082885508705563 0.09934781752747861 0.11608533845395884 0.09984987140795121 0.11906662119494903 0.11978322704213253 0.10403648941582054 0.10524178619850705 0.1262276335930127 0.15074842036318914 0.1260367762188682 0.12684030996603915 0.14633917355106857 0.16584606354915288 0.16794475397654457 0.1776161012344816 0.17828571876569488
0.11269445503104157 0.10848807151361431 0.12534999696012022 0.12366962332308575 0.11402780787758049 0.0992571513372964 0.10001524247912008 0.06846519206036511 0.0718476504819046 0.10179312188623948 0.12048377539877451 0.1361572402075935 0.13965878606417778 0.1554953023452327 0.16301329506221515 0.1330052080245003 0.1605382928418723 0.1316205753741964 0.09895638420774798 0.09861421521261703 0.09217787268539175 0.11495192868392469 0.0916195405224411 0.12617596598198308 0.10572222256418697 0.11097654364789446 0.11777156705256085 0.10937844437261722 0.09854556238538885 0.10679230465464606 0.12051322646992811 0.13876656141931717 0.11435625372670694 0.15212982707185888 0.1732198648371101 0.1489834337578284 0.1416187855503681 0.15088237029324575 0.14107124970291096 0.1744273284916666 0.19452325607131168 0.1871079952107054
0.1466460877303244 0.13630027503185113 0.13807088507829868 0.12476004048523487 0.09940470940892937 0.11756159025387539 0.0685186252116929 0.06482113556338068 0.06336049770845295 0.08570200407407985 0.11369143561112242 0.11355440878333836 0.13838917287379132 0.15770259730342817 0.16351856307964782 0.1288579094954997 0.1361351852653878 0.1450454266382222 0.13048935219969915 0.13355749995020597 0.102549758891181 0.08093704795776777 0.11181755293443993 0.11821464467985722 0.11401672400247337 0.13565939946590513 0.12367159175985519 0.11480558800995225 0.0988530355844494 0.10624730145664994 0.11753518704158059 0.13799475910101755 0.1555109623956443 0.16582310785613874 0.185136069313589 0.15786061795569983 0.14646176339282618 0.14714324713481713 0.14914527654246418 0.15268629975282433 0.16096508610952764 0.17658338545895536
0.13157886927735055 0.1269128915053114 0.10155085234706131 0.10868277693255853 0.10669089517757077 0.09513331636786776 0.07016715936390876 0.08338108086400856 0.08306005893245945 0.09450334981265367 0.12188554330613428 0.1267957884507548 0.12780132942165945 0.12384985773493387 0.1293606568752492 0.11683892961640276 0.12240230656719632 0.13302102553603867 0.14633795925494283 0.13409061168347394 0.11777603153242994 0.11720482976274296 0.087446699596758 0.11051087079553992 0.14028957131404501 0.1546318831029136 0.15233511638779249 0.13854745388884643 0.10301201866660581 0.09616160324428057 0.11616083317635338 0.15272727452691373 0.151414909402087 0.1588287919308959 0.21681045641319735 0.17428339590696054 0.16956159724597167 0.16071539134070842 0.1913073695386736 0.17697523271483956 0.15067634185959483 0.16985426752268176
0.1482180420233242 0.11667632057961826 0.09786430798651043 0.10881398327940688 0.0928845583685543 0.08357696924065952 0.09559607648680794 0.09285647100198176 0.09885014301614081 0.1125845111489292 0.1373044510374931 0.10347342136509692 0.08623279037091007 0.0950839049947498 0.10680304352985516 0.11669984667180756 0.11186937153837852 0.1202148313262619 0.14425290126641055 0.1529492320821969 0.14707762172785183 0.11251128116036471 0.11485022232950984 0.13851685837681868 0.1346690072846581 0.13094537263109793 0.15195855661780092 0.13661552948585118 0.12042663067641372 0.13875696191433792 0.14327792449247587 0.12736045021265305 0.1543325767684421 0.17084602014061245 0.19467244172947396 0.1949654916550719 0.18872406715722057 0.15883491921084003 0.15959748919147107 0.15589243728756627 0.16469915521525572 0.16267220219694564
0.1572968286973863 0.13296742859048502 0.09650522022634013 0.1021012591543333 0.08318563677689514 0.09259382454194624 0.0898254179799919 0.10199432644358009 0.0943599489594217 0.11993454546852421 0.14299657157634163 0.13638327748273268 0.09156307702629528 0.09061084063665538 0.08586344136576449 0.12563842641550566 0.13670855623390304 0.11566436886092318 0.11370784412873473 0.13929553431105546 0.15428080050137083 0.12652802265533922 0.1284807901383501 0.15970648497058024 0.16691433289996546 0.14263241716978792 0.14299274150659858 0.15747448423614635 0.14007128108730904 0.1296437218494972 0.1484537027615054 0.1658250117675555 0.15826155658421556 0.1590919877208347 0.17058544407563705 0.19186418447063197 0.18291085563286189 0.18623971497890435 0.15961666269463534 0.16195311769998688 0.17998667022583859 0.15903119702940813
0.14103418031382112 0.11871832596138379 0.10778736443410197 0.0743369856377119 0.08055744540906586 0.0674216899811446 0.08845047576024302 0.09714876339988918 0.12293557774066242 0.1342120135350354 0.14680109619483167 0.1338352684528645 0.12303468313828993 0.11148828904925771 0.08980421187151222 0.09923042707338942 0.13625247530489365 0.13153578487073905 0.10937535871492861 0.13564532164151527 0.13149184808893935 0.16035773739783377 0.1673167691885834 0.16826519402531329 0.17064359564157075 0.1764123415152561 0.18772452166071885 0.17671767468970204 0.15333043839885477 0.1515582658976388 0.17345237942627273 0.17893044694922242 0.18719471962489387 0.20262538127664223 0.1671860602097614 0.16561886450915247 0.1689517074293409 0.16835507996907367 0.18450956750787853 0.17839874087415122 0.17196282686423606 0.1695917192171887
0.11696194218542608 0.0927072207488165 0.07602221550532896 0.08998559679616629 0.06162807071096473 0.06674918678556126 0.0944895022259454 0.10524766178496436 0.13155148238676026 0.14981491498623511 0.13602234574952446 0.11059036490359801 0.12019209397731362 0.0990071804908646 0.11238525520559828 0.13222432494823436 0.13341094830616756 0.12953627495316097 0.12893140943593742 0.12714454790231602 0.14201547097951725 0.17215784618369623 0.1695695799993277 0.1891326670296935 0.20515462239360643 0.20554893037785948 0.2149582307201774 0.2048542206083368 0.1782943684208355 0.19243216159216167 0.17462609423200628 0.18782453352224626 0.2018339709999436 0.20869613962463784 0.2014123467637743 0.17807249936982095 0.18580769676595113 0.18309958596340625 0.17751412122346044 0.18533331163456793 0.19647771249052512 0.15887767745674103
0.1498948598310579 0.10203009942310909 0.08711544528469453 0.08732758229518327 0.0950775600269866 0.093173089146544 0.09684103182931422 0.0894176403939007 0.10177827670306812 0.12071581159749945 0.1348142560159266 0.12660083782533227 0.11015318873843713 0.1150254907054583 0.11792802780915894 0.11278572256523792 0.10626077894002875 0.08930002355540122 0.09940920188613006 0.1111248619386917 0.1079479345854554 0.14704137674325238 0.16844999515287132 0.1728012219647887 0.19921555636427796 0.21575426896054437 0.204669446128467 0.19168927331360422 0.20228962626948957 0.20134480026276505 0.1667943223885776 0.191691802092572 0.17011859405444932 0.17859487213163394 0.19513817992059845 0.18659373168096538 0.1710448775910474 0.16652143728142893 0.1538442241338495 0.1576815507966458 0.17840721085020272 0.18602755737873
0.15672853646978915 0.12447558390646003 0.07450601455290594 0.08637046994819488 0.06762733105160759 0.09034515265194343 0.09389281400858693 0.07722883058781266 0.08191035641091192 0.09935564016308499 0.08201371719611235 0.11842949412469046 0.12478510372127086 0.10883689456825978 0.10656720700142926 0.10896344536404497 0.07900293790653418 0.08773784688631295 0.08003265471749625 0.07645893999060964 0.09004969814377159 0.13441197156954918 0.1668583426485979 0.1625519177533678 0.17880159503259857 0.2122273401620613 0.2091307828615267 0.1829522657594849 0.20685440605457156 0.21742674722797287 0.1725474343367434 0.19949507856099294 0.17297870746142488 0.16751926812370527 0.17752998215456234 0.18637622776998541 0.16053397170100772 0.1720910892229835 0.17172308215899362 0.16174036012268916 0.1541889788845399 0.183020072284589
0.1388114878724149 0.10467061343921731 0.09097253993211218 0.07722879615133058 0.07248646898169873 0.08047800066439646 0.0657756326678637 0.07819881548066028 0.07594863676620259 0.10574772952809239 0.10777918619883 0.10692675651351613 0.09680873671150227 0.0945933098832788 0.09442761069322413 0.09903480128576858 0.09569602563734475 0.07956689208653495 0.06839174440278743 0.09513016751115944 0.1280538452512501 0.13731855529450188 0.13594456564082358 0.1509851036684659 0.1470111689363572 0.17197762637124261 0.17609773997258574 0.2034156345628604 0.19526765868499368 0.21333753059112406 0.20130170183653104 0.19820519494659591 0.19134445310560677 0.18681343057317487 0.18007221684531552 0.15785468363681215 0.1690978938956413 0.17149891096111586 0.17377237145553542 0.18819481732459084 0.18355378776587378 0.1942765236848059
