Raster_benchmarking/continuous/raster-380.asc
NCOLS 100
NROWS 100
XLLCORNER 1743150.5032941417
YLLCORNER 5469288.870084085
CELLSIZE 10
NODATA_VALUE -9999
[rows 0 to 18 of 100, columns 43 to 85 of 100]
0.6654241518265608 0.623736019597343 0.6062848556568501 0.565510662634581 0.5653893033056369 0.5900024063711264 0.557411443030904 0.5677852220564731 0.5287679535042005 0.488254640071799 0.45610348364633413 0.4598264805719405 0.4556900734697745 0.43853493254576587 0.5001463419625021 0.5135341671975808 0.5212669118236779 0.5609126846557986 0.606756966503048 0.5885195903248776 0.5629223664945527 0.5521220002949919 0.6030951229136851 0.6683089449523986 0.6917956251516472 0.678014618986729 0.6355081558230296 0.5999143728851366 0.5928679370864217 0.6085054189592356 0.6215810638155909 0.6428111306545292 0.6808725592207793 0.6886782714614758 0.6926719097104791 0.6961081417315033 0.6672711480101224 0.6736811226560855 0.6648756302326838 0.6615941770212922 0.666771650611389 0.6294771332613327 0.6651839354702911
0.6393738636390625 0.6126860853796346 0.5772169611323499 0.5802938915594803 0.5906310599156116 0.5528463614860033 0.5491712980084227 0.5752916542789351 0.5433544555876769 0.4836885946202799 0.4824209434916497 0.4457524714317645 0.47336408199302954 0.48586476927610056 0.4896305271438991 0.5297501637510047 0.5348832606346244 0.5262988460602276 0.5687385366200635 0.6013194418976576 0.5733573275160404 0.580801777696647 0.6125478632538529 0.6501501814751498 0.6920908146317791 0.6614244486552391 0.6399764393546411 0.6219778238493295 0.6539411189230477 0.6468811040635551 0.6452157464976322 0.680674787214884 0.7027666676331593 0.7132897303441037 0.7018260513179398 0.7145897471294755 0.6841441147243673 0.7043223138563116 0.6909627965616889 0.6727285921604593 0.6657924385354066 0.6445339888518804 0.6531992537101465
0.6570504990452788 0.6396484883276463 0.5830781638013623 0.5507466241292158 0.5732261045843002 0.568276148618007 0.5569788559315123 0.571947257902687 0.551831020674025 0.4678046182621433 0.4446190638791833 0.4621943197981943 0.4555730431355373 0.4860557158931333 0.5261772835456455 0.5111725283879471 0.5057249167142559 0.513645947281223 0.5643974513752626 0.5856103994950971 0.5713866611256655 0.5791213852918491 0.6132587729871375 0.6705535825848095 0.6774136678120821 0.701176028548147 0.6544731058721917 0.6677145891130378 0.6764432575736582 0.6517511922278889 0.6640033986492223 0.7004592036098771 0.7186470200642219 0.7135533642774173 0.7063053603687796 0.681771626806109 0.6848258871979402 0.6993722074333532 0.7172758430363718 0.6843157351977118 0.6964917066548041 0.6676686177687685 0.6538710060111594
0.6485294762638905 0.6148056937850657 0.5842198211896852 0.5664118085327898 0.5455122399371708 0.5721107991881872 0.5527128454681575 0.5561388189722436 0.5449389852787583 0.5075921960484173 0.4671689545689785 0.4465613473667756 0.47384758238572505 0.5026489336732666 0.5293188678167732 0.49179793591457877 0.47793937744071163 0.5226998106251087 0.5460823750856061 0.5865963464515294 0.6173359070565413 0.6156381578563586 0.6306593786355381 0.6487574169576894 0.6592020793517278 0.6656580183979239 0.6995064346907474 0.6993835907200324 0.6599773171615277 0.6765267140273985 0.6704481764764446 0.7016042623409781 0.7035985469374165 0.7265452265382936 0.7076355992778303 0.7114517504325407 0.717479198999977 0.7404961664109055 0.7187481909093262 0.6875558823466588 0.6985716772945004 0.7041036665415198 0.6961917089714647
0.6093706301244942 0.5849391625547014 0.5645484853162347 0.5818825412801502 0.5590648926580101 0.5394148276552815 0.55322366110607 0.5554488398378163 0.5287070281153257 0.511496915745867 0.4621577463885584 0.4830802724519974 0.47774852108214605 0.5319315289215368 0.5292459298799074 0.4964307581933723 0.4904902079044615 0.4664950844745744 0.5581562634179124 0.5962144161588917 0.6099815491401183 0.6557444286748453 0.6524744511770739 0.6334311264370391 0.6547183479815288 0.6861955308776535 0.6861243258800517 0.7205022184862697 0.7000180939313787 0.6354090649543762 0.6870287693315169 0.7133163523989526 0.7313400026180565 0.7346955188166807 0.7513717044596211 0.7285313196940266 0.7368381004921579 0.7238331756208557 0.7103416508831648 0.7500695222131722 0.7269600568687598 0.6599180918995012 0.6943590640534607
0.5861575613384187 0.5723459537811573 0.5663659244094561 0.5580760623354847 0.5322240458692692 0.5397634645145434 0.5448035553295305 0.5356634090983275 0.5263441859206694 0.532194630632259 0.48106562560807237 0.47163919493786954 0.5220779160364144 0.5298107678125428 0.5374923920607964 0.5394330729323519 0.5171167616236305 0.5110945015633022 0.5552247766806124 0.5639135194694194 0.5920312524188254 0.6382489445471723 0.6314689303209664 0.6570891626983366 0.6778216581480784 0.7257973185166101 0.7339814920197513 0.7258636384317572 0.696761365098937 0.6803567965419502 0.7042194172728325 0.7340090143320549 0.7470778306322611 0.7478858985843369 0.7329628654558776 0.7095198025939475 0.7404609820031798 0.7239741139372032 0.7527454210535608 0.7462541037812073 0.7344039746582397 0.7159083208026937 0.7272163438223239
0.5939639409419745 0.5861138800784828 0.5711811490662513 0.5436173795870533 0.5715693903376572 0.5471376814822714 0.525456255809467 0.5241049728000929 0.5040651754892674 0.5218074237050504 0.5012861064203102 0.4821455046080576 0.4935958892888601 0.5202698712779124 0.5297461762107938 0.5099583528698488 0.5186825926865851 0.5124143499772832 0.5588476200459467 0.5799141760903482 0.6155175736630725 0.627859396729447 0.6534144807907157 0.6590785027993733 0.6803084569174274 0.7174655866309531 0.75907531360061 0.7216425971113086 0.6897478352011507 0.6804174656725758 0.6778215169042927 0.7043089859860729 0.742782643221169 0.7410026514404644 0.7479748758897912 0.7361501415742514 0.7549419924630975 0.7027749566230083 0.7200000910893654 0.7624528964210118 0.7612026308053526 0.7046656367789715 0.7174672867346805
0.5732213431211679 0.5750686960962633 0.5602839347286495 0.5629357765122057 0.5749629776656424 0.5576876967456378 0.5344451712835795 0.5315436488474529 0.4839562174114229 0.5139553388993332 0.506851629284718 0.4789076303407159 0.49715654187343583 0.4725604759062915 0.4862344454314781 0.5081883751461087 0.5492232887147436 0.5430672396242935 0.5807231078837973 0.5980091621867293 0.5911722057139474 0.6261891839592841 0.6719199187536123 0.695968920705899 0.713269883396454 0.7412574429796941 0.7616137234347147 0.7369633280553146 0.7563935714795008 0.7398254178950359 0.717446193188731 0.7370396941586758 0.7680066204585977 0.7670539075128339 0.757872045066782 0.7600456500280838 0.7595036559420325 0.7450838455476371 0.7309103163155417 0.782696354754129 0.7914227524056396 0.7787013257575703 0.7544422754828887
0.5785041763546637 0.5771793735075513 0.5548296176400094 0.5755702945813919 0.5441846887327346 0.5632077189336848 0.5160383468254237 0.5145395596890536 0.49644406825644716 0.4714224824910242 0.5167338132302476 0.5051539916193991 0.4812325711612068 0.44346219752833327 0.4778495911808578 0.5227857653650687 0.5440529019706494 0.5800837362950599 0.5731289170985865 0.580329006163245 0.6338387978802557 0.6411886367745613 0.6665606260850105 0.7418778601224502 0.7588067948917782 0.7558030838939572 0.7564627933508186 0.795420572731878 0.7864387792895612 0.7798278227415706 0.786035072589345 0.7909629566357627 0.795115404808522 0.836673707427054 0.8290206397947527 0.8003928363794061 0.7656207288728106 0.7435681029393627 0.7663254978381594 0.8137068904445891 0.787735620663768 0.790463548252751 0.7766601248270955
0.6062884245234434 0.5968147771492911 0.5858788240127676 0.5396896940180548 0.5549359443704219 0.5529842403806948 0.5380287142269489 0.5213204184123448 0.529431935346094 0.5200409400615233 0.5071303684392569 0.509302972105395 0.4953201031471006 0.4622602312256546 0.5198618019515924 0.5129585959014301 0.5367093696815635 0.5644491488525714 0.6253983413841745 0.6483478546879389 0.6516859588897234 0.6890805343392976 0.7128448927307045 0.7163737414537567 0.7350614092496022 0.7381317317684307 0.7838449898336098 0.8136192930367162 0.793219687181429 0.8277916392580544 0.7914313475733936 0.8073303054268861 0.8331190292127286 0.856140364899868 0.8228692681252157 0.8082674552751022 0.7845808642796128 0.7351284575141372 0.7551586359386717 0.7749579520616299 0.8045411274343274 0.7968060129770018 0.7537769665093255
0.5797925110174305 0.5807069586278871 0.5598510069132256 0.537676284107748 0.5453704095621572 0.590116609744525 0.575630101259386 0.5740857794214861 0.5566391208831742 0.5338424988673931 0.54505891460881 0.4881000934241414 0.4676719976605151 0.466192461128282 0.5171950138559849 0.5450202820693105 0.5566923337423959 0.5812721724142387 0.6270201277351408 0.6895669218090766 0.685476903077788 0.7248262412333958 0.7360257520914066 0.7354961731767589 0.7496758183958783 0.7603818006381993 0.7814314115245766 0.8190442935007536 0.8059838400269801 0.8509669008507134 0.8159045117289557 0.8483471002398771 0.8263011721901231 0.8272423109722703 0.8227919044918431 0.7768452880344648 0.8014186636748861 0.7602836875802788 0.7746207555897464 0.8055940032844868 0.8075018481936541 0.7619737637909128 0.7540409554681936
0.5537795271909062 0.5344077151877579 0.5557445538012987 0.5340137800134009 0.5442032730224923 0.5715343525872986 0.5730289044408559 0.56762132140523 0.5645984352299156 0.5328738428410645 0.5574236507273307 0.5130794836459517 0.501196777448392 0.4923705275543292 0.5247621215667951 0.5867550085837656 0.5916724592855886 0.6205175508340844 0.6647303026608787 0.6778610278212852 0.716195538280998 0.7260692220259669 0.696656025027885 0.7024183002542772 0.7476198674588156 0.7612167546206754 0.7851994719982126 0.8182045120388038 0.8213074981380859 0.8257434482220848 0.8775398901941825 0.8779835703941551 0.8575400240254528 0.8368050913296412 0.8226878332065173 0.7746112787608134 0.7939947233514871 0.806129433760079 0.8040671276811312 0.7986947638302978 0.7803953957663938 0.7780751613525635 0.7530088037606406
0.556092302870184 0.5136366641203247 0.545802119764695 0.5123345393873684 0.5304830371012568 0.5890904910289494 0.5365279065154901 0.5298522660208759 0.5374188462093473 0.5777167245215562 0.5741041276367492 0.5590960110532011 0.5232835667624032 0.5223235665756178 0.5719863445586029 0.5848707155484435 0.5965817740550223 0.6599351911256955 0.665902321097646 0.693411219124577 0.7110221549199442 0.7036336726170734 0.7206095925968438 0.7028831686456439 0.7631753873668249 0.7888708456248629 0.7892751911929786 0.7891641027391622 0.8078809140717189 0.8408241728739434 0.8802344972859117 0.8910152293068914 0.8474336702943918 0.848883145861666 0.8510856633042813 0.7875354038451903 0.8201965917988865 0.8156298209267433 0.8390587003666916 0.8193203742688131 0.8016720649274376 0.794639841953565 0.7686738918140888
0.5263132026871119 0.525953975371714 0.497917172569397 0.5042317222352114 0.5230351230963148 0.5410452213702213 0.5178472361041868 0.5167215250752818 0.5358794784080414 0.5656681341569932 0.5453452138021451 0.5624978237141708 0.5748237795026693 0.5700359642652425 0.5983131155632538 0.6088213959118198 0.6463685956192273 0.6774976657166495 0.7087663043900794 0.7258427129001 0.7050497052465615 0.7141606739875348 0.7122617799213308 0.7219357633229916 0.7322011380427063 0.7875164063772335 0.7907383488648294 0.7872439577948183 0.8056267093943307 0.8486091923765344 0.8550017600907617 0.8698676241776971 0.8718196108129262 0.8573998368559856 0.8432655026910613 0.8526410446748637 0.8285599271723563 0.8205634077396097 0.823595633808769 0.8377770711214861 0.8506782172971176 0.8021617248944161 0.8125670522439858
0.5606850862581934 0.5522988008856804 0.5288213490290878 0.5145399286180683 0.4799539549541787 0.4903857994462393 0.5205344902931796 0.5236643420732723 0.5275248540498226 0.534772463542601 0.5838482615117283 0.5682477557796738 0.5890135860944058 0.6210225685647884 0.6104405023518176 0.6130107427901615 0.6498921247683123 0.6766282708777978 0.7256570152872995 0.7453122017621738 0.7244881018140663 0.6995127994613384 0.7350469815212809 0.7379701280881106 0.743913025960322 0.7380128861769455 0.7328740857961328 0.7760244684299011 0.7746178862281018 0.8265105119590802 0.8408979721495798 0.8578495043774915 0.8704294502821109 0.8106773874987905 0.8114383622984875 0.8546316615007729 0.8741596711502395 0.8373497986392008 0.8466578545168135 0.8806816367975104 0.8825421380811284 0.8477246878915734 0.84855833274451
0.5714270891169669 0.5558178802847177 0.5183325415395383 0.5091711934856855 0.46353988388490375 0.45179556634434914 0.502658315466707 0.5159644407490029 0.5708428387919179 0.5739392203087007 0.5836792343106537 0.5801287090343458 0.6267599859274127 0.6369661181850309 0.6332430765428807 0.6703355414788832 0.6849814794181472 0.6831309243509615 0.7356768760983392 0.7609963118001737 0.7467578973497182 0.7524783752747389 0.7620182986443838 0.7276111714297594 0.7302661006026231 0.7140167017665021 0.7238018265477373 0.7752578982301315 0.7933419975228603 0.8049730987307704 0.8443746726770972 0.817798825168832 0.8403599047415109 0.8395430325200953 0.8045061467446274 0.8513012028914567 0.8749174250153651 0.8520946789880312 0.8894042741156573 0.8943425289002745 0.9057977272530021 0.8789824663059873 0.8682885265859713
0.5531447587600413 0.5670034152303933 0.5372151183879421 0.4914426536897491 0.4549108221282386 0.4493596792614073 0.4833732326678171 0.5106235248516221 0.5940989449810695 0.6370970653290677 0.6406028313850666 0.6408945607434781 0.6583806400572944 0.6879156163451932 0.6871150749392793 0.6528105238400144 0.6953282630045708 0.6956561233188244 0.7186398584173604 0.769750166874683 0.7496145575275819 0.7507318609546962 0.767657606758491 0.7839548324558749 0.7237177883211486 0.7201696199082281 0.7485502418844979 0.7381283528028155 0.7898563651287904 0.8355502006387566 0.8364869910405888 0.7991756915543852 0.8293045282571796 0.8043238281279114 0.8284906493523028 0.8442021642997379 0.8574724815816256 0.8935780987399223 0.9001574538738146 0.9321190714573155 0.9200238668828744 0.8960291382569326 0.8533972366134716
0.5791376629061971 0.587213508629893 0.5392479113622507 0.5277823767429011 0.4863077422543195 0.509585749123884 0.5169170148086488 0.5490596459685616 0.5544502425112137 0.6325544919380433 0.6408508385642019 0.678834604049166 0.6774851945112912 0.659359919676522 0.6908852192687599 0.6522841897974839 0.6801306707915432 0.7274049525094746 0.7315196213935691 0.7420107641357427 0.7231287782434903 0.7234082597208878 0.7530043703392544 0.746399042740801 0.7511695203836741 0.7538631031538902 0.7184315348989126 0.736693192238724 0.7782638531622807 0.8212791009468444 0.8136031472310086 0.7925453634670352 0.8015128151418758 0.7957616106552708 0.8342863155587974 0.815767249944509 0.8707489815820818 0.8845680262836155 0.9289950074770725 0.9437598075888451 0.9432443788055164 0.9178743299033837 0.8797793416429013
0.552015124351948 0.5687643488999158 0.5529425732198123 0.5387567951877182 0.535810204756587 0.5399743835243839 0.524930262875254 0.5573901815468858 0.5656266615779607 0.5947292212381518 0.6329416400970724 0.6555059503808301 0.6842904536357867 0.6608194899940008 0.6898127330496036 0.6721430404580653 0.6868694253771873 0.7071483380537813 0.6954598014476376 0.7167447771809681 0.7379045738987221 0.7140641630286167 0.7573222703935787 0.7689834485500462 0.7773340570382314 0.7639356783664067 0.7348113820183323 0.7384653582427151 0.7638498270425964 0.8168620311464664 0.8482355378084915 0.8343668258314636 0.8268665632478375 0.8344243977808214 0.8140506174679003 0.8137926747701436 0.8616630435203574 0.9031510770917903 0.9097036906346465 0.9159321753823918 0.9184351581245875 0.934100004307094 0.8529630483978248
