Raster_benchmarking/continuous/raster-231.asc
NCOLS 100
NROWS 100
XLLCORNER 1743162.958439986
YLLCORNER 5469296.084782484
CELLSIZE 10
NODATA_VALUE -9999
[rows 0 to 18 of 100, columns 43 to 85 of 100]
0.8875531334705152 0.9090287522815386 0.9469808940650789 0.9479306578171852 0.9280300778737736 0.9095722621311022 0.9289359569666085 0.8972473110734812 0.9122414646156873 0.8524893587838333 0.8514957049332496 0.8665736387222563 0.8328377173318784 0.7642579948833038 0.7190988703656027 0.69104698615267 0.7359807498343435 0.744237232320857 0.7226027804577939 0.7324412903107124 0.7525416634957993 0.7371562681173058 0.7040118456491171 0.6743787076762477 0.6690462267474432 0.7188854358634928 0.6951650830170791 0.7186669748501133 0.682353596014844 0.685522962055923 0.7086969511153576 0.7576410114242625 0.7918775021374175 0.7846046905546363 0.750392175944858 0.6949444531881948 0.684541936178668 0.6569604132263113 0.6258224562194032 0.615977428733803 0.6169068212287919 0.6358540548215801 0.6607348597333619
0.9087185461887676 0.9059913472301058 0.9131300393228068 1.0 0.96044250664835 0.9475114324621732 0.961710911062029 0.9536179998940395 0.9275737192987985 0.8895106590036725 0.9040987485268455 0.8928232900934763 0.8257725368606648 0.7756742022347213 0.7497771212939085 0.7255781097642859 0.7482231709233695 0.7563743127858744 0.7913280296885693 0.7824136032694999 0.7611486902479186 0.7498713166040437 0.7327037735489818 0.6417960730291 0.6866822939735231 0.7242640099505937 0.7459980844184623 0.7031224405481581 0.6678780581464141 0.6916634542935075 0.7128024459415655 0.7595149813736549 0.8078968154396755 0.7863955386321858 0.7518633322349295 0.7099156771472691 0.6898159892486139 0.682218295986727 0.6444806844367025 0.595679185238398 0.594129702846942 0.6178820471829884 0.6369935501396673
0.8870391244397752 0.8732536787061801 0.9018201087136514 0.926629800012205 0.9466733687455339 0.9707030046183597 0.9518078005285001 0.9701813479890838 0.9542514859049319 0.9256287328128117 0.887016340547645 0.8685436526656071 0.8678966280239981 0.8173896478742518 0.7788730493935173 0.7555937241518703 0.7713368089368626 0.767372368751718 0.7845649833857081 0.7509609467139874 0.7489241821945486 0.7218120874338261 0.7179325381420776 0.660518266485852 0.6566279684559138 0.712492419654931 0.7387761667255247 0.7315752958016251 0.6980754775183512 0.7276854954698655 0.7619941926747319 0.7838090776339902 0.7700637729500454 0.7871385855715116 0.7626770787364969 0.6976952994453282 0.6986793204948082 0.7089294973447794 0.6575210222822712 0.6473846898059932 0.6128234275142858 0.6116374787833626 0.6583644099742856
0.8827657314812761 0.9014371317666603 0.8729068441223565 0.8787509891647491 0.9158993931277488 0.9246737277392998 0.9546839185280236 0.9914167004760599 0.9854536401163349 0.9592443507574799 0.9096718787000008 0.8980278863721936 0.8729260348417119 0.8082176623530704 0.7693019079663886 0.8125955597012452 0.8029676456538772 0.8115054808785465 0.7998398933913904 0.7826474500129357 0.7338805033753673 0.6982914968080837 0.7028698202625843 0.660119702705927 0.6989957585613218 0.7198322234992494 0.7211760518157101 0.7359166592242316 0.7065821732814029 0.7358478344152329 0.7605772476438784 0.7581838515428877 0.7477096714391247 0.7563527744686547 0.7198962774558233 0.6878559327555827 0.6867043623169494 0.7105543859430553 0.6950099642860534 0.627967644946104 0.6478803842976675 0.6372045409397649 0.6613174388531929
0.8791175841149518 0.913631212758876 0.8914708946334282 0.8774920728783211 0.8884900819493049 0.9004964836739189 0.9213935851114476 0.939175185115422 0.9909324824366476 0.9586888414078856 0.8961097987820196 0.8871104023799325 0.874197856742972 0.8062271783305495 0.7892215639043132 0.773944229951007 0.7896824077635303 0.7494773449906444 0.7594376577688151 0.7388487007157296 0.7604142989748569 0.732578051177757 0.7065230524110195 0.6964152529056323 0.7427412365147503 0.7089866721597553 0.7491880423935493 0.7314429413556285 0.7509500092402459 0.7630876115815376 0.754418627445082 0.7612677493766888 0.7800696306431399 0.7373098683454676 0.7386008096361434 0.6983573363477201 0.7263782846484694 0.7109795626055234 0.6937541784794371 0.664105058684958 0.6394768468991682 0.6232928342797985 0.6299235440913317
0.8928118987201482 0.935681702229963 0.9176178474036822 0.8869994062613475 0.877184201282368 0.9102031514511495 0.9345760804477813 0.9720879787504144 0.9522341183827978 0.9306760202469596 0.9088623947806092 0.8871083609921004 0.8626473456566499 0.8046496787558804 0.8268248488479883 0.8059600746265818 0.7375819909441956 0.7433972199892347 0.7283953014655559 0.7648761432744846 0.7295173984398553 0.7400500896351302 0.7402652237268272 0.7719798837375182 0.747131225222719 0.7366559719085571 0.7602182707757853 0.7869372248686399 0.7359654486311384 0.7480785453555034 0.7404868999181052 0.7720468959979127 0.7930645047899177 0.7760543464334878 0.7693436203012386 0.7551470676078654 0.6859666745382983 0.6881125127956488 0.6642558664399897 0.6540769918666108 0.662065846119918 0.6191893084375178 0.6551362535844334
0.9143446193243032 0.9361264043755174 0.8954694716513689 0.9079275241319493 0.8971726907223525 0.8750867687022016 0.893812404846182 0.9311608661082671 0.9482557683668635 0.8893981306137255 0.8844824711568686 0.8723661991996351 0.8941058112375668 0.8406144848547075 0.8238430711173278 0.7913173674397139 0.7310304112818352 0.7173125894328419 0.7427442537524922 0.733030209776862 0.6939093966896192 0.7199528417518459 0.751941802206375 0.7674757644786733 0.7804131799539833 0.7975934449277091 0.7747774845865809 0.7681495022231619 0.7716088237178615 0.7567300615775916 0.7993594490884426 0.7806470712570835 0.7673045665942838 0.7545979244769158 0.7250008233486427 0.7267421115015709 0.6834272544009863 0.7011643856182498 0.660354764410828 0.6246379346131812 0.630051846805776 0.6136840864539128 0.6113551650035802
0.8808661673388473 0.8878469729090329 0.8637688202936289 0.9182068657375044 0.907612666771422 0.8638951847574255 0.8866548813803565 0.9384349348061324 0.9288844478103617 0.9064921431475554 0.9417064665317522 0.9210651859929423 0.8758605559851528 0.8813836622680581 0.8195326658400968 0.7795447875094221 0.7560280928925575 0.7083184958382854 0.7049720157738496 0.6904973862876201 0.676071090543103 0.6758058381544961 0.7204478706236588 0.7105226251060864 0.758955618645492 0.7929774603910935 0.7714063165955161 0.7584184839958672 0.7817805566512248 0.7973270586061534 0.7649021801750732 0.8036770640046403 0.7560469936534665 0.7048123405654784 0.6736440691438043 0.7050346460574561 0.7158540655960942 0.6634488216756151 0.6250271127240987 0.5746442812807323 0.5806914809637077 0.5706786666462205 0.5692146189953505
0.8549078643397781 0.9008265541510113 0.8747643816017104 0.8745537620168947 0.8837064501192197 0.887614444807486 0.8932737056124417 0.9070849022139075 0.9295275422357078 0.8982885717638414 0.9360525737050709 0.9068874760089726 0.8676158356130091 0.8439923154530894 0.808810211864742 0.8034348753370011 0.7711788783405729 0.7160673974415325 0.6656930128601449 0.6796397909292932 0.6943080421475174 0.693864859819065 0.6898117644353284 0.7062080517167887 0.7280754391254022 0.7764951527206969 0.7602042205978125 0.7349615856281465 0.7638521391687961 0.7868732902725544 0.7605297209804712 0.7473535370243276 0.7441590745027686 0.6902415333402682 0.6714945188731997 0.6835022896004006 0.6974708563839883 0.6469373842704311 0.6207006184758875 0.5715240688139739 0.5844336532983109 0.5630441419482999 0.5886043514152121
0.8876299002366336 0.8901217954343268 0.8862329811443503 0.9123581100900561 0.873478391420793 0.9019631024740656 0.8951326434638271 0.8508608031692125 0.9079521384813297 0.9054807523463048 0.9442743064513418 0.9431600989960074 0.8707439036109262 0.846375034887872 0.8467040167369319 0.794491347768157 0.7484761650519588 0.7402749158963075 0.7009198238790189 0.6140828155203669 0.6429599788970173 0.6942806940124102 0.7115466088248037 0.7093348421561398 0.7380039973803414 0.727296526171768 0.7134373483085066 0.7303775419819999 0.7386077444980356 0.7120169728003153 0.733753478384875 0.7333214244727426 0.6910323825541151 0.670201424979296 0.6558425390047836 0.695565113265086 0.6881257614253898 0.6119341403790637 0.6131134734385765 0.5453742486352995 0.5424161187176146 0.5660303445920477 0.5668049071052411
0.8811200598037258 0.9133714054663066 0.9019092127331364 0.914993762027992 0.915765258693107 0.9365164558905282 0.8830545491557693 0.8855655442503824 0.8812228185249587 0.8750842713188809 0.909018282216059 0.9066553413131684 0.9107721997450572 0.824952291890417 0.8189361511251426 0.7647166447572648 0.7228998958838644 0.6971806404730304 0.6733024316701117 0.6483446355246094 0.6485561065355804 0.6827589963681824 0.6751873708013036 0.683754037001441 0.7016828167923197 0.7386014354232238 0.7322136370136104 0.702737361464637 0.725905025127755 0.706366057147755 0.7054251882595727 0.7350324496819531 0.6839255849277698 0.6705296037638899 0.6809531391764636 0.6541048147140814 0.6922758755933341 0.6658817955167039 0.6282416383323758 0.5964110978426045 0.5919811228029233 0.5915071557669945 0.6104343030626727
0.8450785774820316 0.8756705550865279 0.9529914729384429 0.9625608394214529 0.9613218739564299 0.9308406975657328 0.9025998680265878 0.8966024532819292 0.8761715429299253 0.9266936455538953 0.9073383033365 0.9307780148007898 0.864596057295008 0.8345549077734437 0.7889224199172302 0.7567270498729979 0.7053330410289627 0.6965253107226975 0.6517371869540963 0.6619384933541281 0.6275247494101049 0.6383328723416074 0.6573749427065813 0.6685850621828507 0.679114875219243 0.6746213683474692 0.7325872284197923 0.7333055709804133 0.6887187677223069 0.6373032489330369 0.6440253851005608 0.7039926498682592 0.685122132549238 0.6888511583025239 0.66686698869965 0.6606706650427994 0.6418292569041232 0.6802208777547132 0.6059232663933865 0.579996412415397 0.6345995806533895 0.6211722548790605 0.5968177225305462
0.8697129280637944 0.8813492650528171 0.9564610736185686 0.9648927153658601 0.9694256214799621 0.8985276115509766 0.8846722420344083 0.8890143915448323 0.8969306120804644 0.8786960508728705 0.8953751942164555 0.8937514524193743 0.8405796144812457 0.7842085019625854 0.7637658081682562 0.7499714386698738 0.6995757994483908 0.6555020167382829 0.6671283411679917 0.6534090169564866 0.6405228555215858 0.6395882175853199 0.6518517636974763 0.6844235088910477 0.6942684103227243 0.7045895505259481 0.7204161621606275 0.6884453541273573 0.6401420967942227 0.6010253393469968 0.6350877922557049 0.6475010675788568 0.6342894952274156 0.6521299002003077 0.660363589719246 0.7022605626545066 0.6575899946792738 0.680910785554577 0.6504499967755697 0.6518002873005323 0.6448211789212875 0.6592796417216616 0.6412513208739151
0.8985589513971955 0.900556676938228 0.9256848737068473 0.9782150536651474 0.9501428719077872 0.9051248875201174 0.9216442707301855 0.9151272546735773 0.9107188187497814 0.8627196141367021 0.8992237118909884 0.8539957364549696 0.8491206070573376 0.789962955856121 0.7715065632365354 0.7873996003648939 0.7178158182475866 0.6801925745588155 0.6809212734786162 0.6116549028744521 0.6306842112958284 0.6283691452682493 0.6492791258068668 0.6411351630989188 0.656544265552274 0.6830313014411192 0.697813098445749 0.6869797802904581 0.654789856884265 0.5965738128120515 0.6104845609158047 0.572050204791695 0.6286344041141709 0.6625803639900621 0.6586624293767198 0.7215857908975735 0.6935597198853302 0.6307167242310909 0.6400482183148957 0.6350538447175531 0.6261966428430729 0.6301456808556222 0.6767369642888525
0.8621876398758357 0.8766652753114956 0.8927868734959518 0.9405957442558397 0.9326590678501963 0.9051566700873743 0.8988889072062701 0.9186391331458919 0.8831431899048183 0.8642706465241874 0.8701146527112656 0.849533998903874 0.8071589779365719 0.7732644400592918 0.7987072083756048 0.736434697387247 0.7286507892116275 0.7171870593760389 0.6821527911205979 0.6316728364639851 0.6365611174773023 0.6883877619220045 0.6833496365652639 0.6738274264572257 0.6761677404079118 0.6926355611646399 0.657717111936971 0.6569258457053337 0.6461544001233088 0.616629712082603 0.614062146903736 0.5669386974256698 0.6424289666137237 0.6979584267869101 0.7012619862025155 0.7122598800499021 0.6847726244093177 0.63350344126457 0.6790375686855553 0.688346107892582 0.6889201201488705 0.684707356394178 0.6982862052962772
0.8789876222362423 0.8374456028444763 0.8968740691727843 0.8764560501656756 0.8956925465258198 0.8815553974979469 0.9031458408388057 0.8761734531029869 0.8492871145367683 0.8746685908876602 0.8140302679213673 0.777828901289008 0.7632934505551959 0.762838990452282 0.7290883811253659 0.7479759714996485 0.7119615582574951 0.7375121335066726 0.6989677751838589 0.6705633166500262 0.6501555127876136 0.6866811335646661 0.6493155721157768 0.6589117826285766 0.6770971721208224 0.6619557409387785 0.6221695714691675 0.6064915112151876 0.6022720650109505 0.611465667377185 0.6112840934666971 0.5552036037103116 0.6199182885650739 0.678419656571324 0.6774720581693825 0.7140352105980402 0.6691735363327201 0.6616154921433627 0.6782814082365675 0.6954933492233857 0.7135691806301346 0.6732097470171877 0.6928442501365965
0.8516360136508584 0.8432752023644245 0.8680462948936392 0.8894610344756069 0.8834084434827834 0.8889168741528845 0.872948139978298 0.8428836570228646 0.8284598246474558 0.8496471857786021 0.7894439157915412 0.7952959212361677 0.7921360095439738 0.7471188376103404 0.7227856591369523 0.7621656726705371 0.7563120854843868 0.7411893690288284 0.7490809702204219 0.6910235878427988 0.7083355277603036 0.6592542667436718 0.6544090130414707 0.6582194576852681 0.6996783125491135 0.671557172150667 0.6014645273217046 0.5619809995173468 0.5922937293886976 0.6056232294394613 0.5802172222569734 0.5690947096821696 0.5880759086876866 0.6359843849421646 0.690362736430304 0.7104682134796716 0.6774551989599422 0.7231864336101089 0.6873210565298504 0.7071251477946986 0.6859761469424696 0.7287357433574033 0.7179429459516863
0.8225409598792994 0.8498883476776306 0.8583279283774494 0.8289606989823057 0.8249164403407396 0.8284046548618456 0.8193833354513774 0.8351966606373136 0.7916642751459545 0.7909593549965265 0.816507558077159 0.8105909145290343 0.750029979203312 0.7237144619921224 0.7304240999230777 0.7269782185554026 0.7727881453911581 0.7696953453523888 0.7481927325903502 0.7247822166598064 0.6669647896670993 0.6389606717151474 0.6431177391747249 0.6819966892065572 0.6584320219361235 0.6731252470060616 0.591933109427044 0.5468917193048122 0.5538471232812945 0.551951292739514 0.5676595707929334 0.5509386210154953 0.6043874579329555 0.5981016410387751 0.6800782416177429 0.6648112551399739 0.727100481497462 0.7486734993033667 0.7222334209798011 0.7210109993594022 0.6969438309929626 0.7388055451813017 0.7682619549650037
0.7826342650244059 0.8186999995923419 0.8161435956598445 0.7756487673314962 0.7742806899371097 0.8150166115651978 0.8170506874445271 0.8192159048177594 0.7855800405038604 0.7752024331849509 0.7771824912317252 0.7747414020934769 0.7695241472629641 0.7212038379350675 0.7124626915338134 0.7591302568227281 0.7551605886549162 0.7417797014111084 0.7281473960519755 0.6894695047851134 0.6259023348402217 0.6289721513019645 0.6518961900111956 0.6618351948614839 0.6250956785681111 0.6062243405503558 0.6401681872112331 0.6097343362031327 0.5539200741637647 0.5642937486998908 0.569742545457482 0.6079011086234656 0.6250989357036372 0.603739476921848 0.6523058941298646 0.6929358934076081 0.7349290385167063 0.7447376862239173 0.7340923841719893 0.7626920731314586 0.7649670697220038 0.7486031578223423 0.7439629092952443
