Raster_benchmarking/continuous/raster-82.asc
NCOLS 100
NROWS 100
XLLCORNER 1743159.3979880097
YLLCORNER 5469297.204932926
CELLSIZE 10
NODATA_VALUE -9999
[rows 76 to 94 of 100, columns 43 to 85 of 100]
0.553072699443718 0.5815023064441515 0.5317367526910665 0.5575700730097938 0.5148947111099853 0.5780988629536692 0.605135956051955 0.56944966939766 0.5332182242440309 0.5711195590689363 0.5565626549686362 0.49850795439193235 0.49568380197085754 0.5713204248666955 0.6059271419645896 0.6265179964531549 0.6611423362856963 0.6460169202696323 0.5824763440092579 0.5208353119168876 0.5222402787436411 0.4971310939187156 0.5337873051929696 0.5225514083688931 0.5541209861537988 0.4843867900008235 0.48324637510059165 0.4867606820265458 0.41806320052882606 0.4314472897671626 0.43130375094687085 0.5049583078735316 0.5203078532431767 0.5218647727178428 0.4878002836271834 0.47076803265099804 0.5297306397257727 0.483184176863446 0.44571560663546644 0.4066430604666443 0.395576531570078 0.3744150671743298 0.3743208783160287
0.5287489766411727 0.518635461294538 0.5211374389383483 0.5205082583529616 0.5570354015767455 0.5675107208202822 0.5492338369460809 0.5182922200662425 0.4845726642821751 0.4809045423954825 0.4963529946310324 0.4797844003750669 0.4753618431552244 0.556510208137538 0.5407363496935554 0.5506458560232197 0.5929052930742557 0.590452481676488 0.5898612715803789 0.5234032414439265 0.47660281004046245 0.47708635461994536 0.49906406242918105 0.4883014132411816 0.5157568899462752 0.48629608730571605 0.45232869029556727 0.406550693944779 0.3681648329895832 0.4140968147501127 0.436447051774891 0.45330039743465245 0.43428063576677434 0.4363959785548955 0.4504919342585392 0.42052624788226095 0.4611394653195579 0.4092262809204371 0.414175720730937 0.3630991881412385 0.35328079958380565 0.3745497675722077 0.3723075556245566
0.5694673478030633 0.5388614176097166 0.5210858638178385 0.5074290545305569 0.5023197135318677 0.5234754758068586 0.5520935253042852 0.503717076626893 0.46131858535118786 0.46595463567576634 0.4765878591107858 0.4950243277141877 0.4857374154829444 0.5020767770480286 0.518521057776633 0.5518208739584771 0.5342632121619753 0.5658177199567447 0.5913907667692022 0.5133421169001953 0.4706942470039354 0.44998266074922066 0.44656482298391365 0.43683542204901976 0.4987428265833289 0.4340885191871532 0.3996970187802004 0.35677300608414875 0.3262864224251217 0.3948139321884508 0.3924220807498246 0.40409500364632395 0.405355806283935 0.3845569859503201 0.36589564519755224 0.36494636808112035 0.3750672766770426 0.36776421328294845 0.3835434657733594 0.3364467850805618 0.3458054731300503 0.3448980194774541 0.32217337037566723
0.5413114414249363 0.4982187624027662 0.5144432131114944 0.4954024383316532 0.5175433801091966 0.5136037041477914 0.5134137097314885 0.5128014438612958 0.5121921806286788 0.49665020201796845 0.4818703328796771 0.4699173276766326 0.4904848347466433 0.49623439195088564 0.5248098785898128 0.5154089907399229 0.5387905334807217 0.5313987913622867 0.5474149214076862 0.49642966480594725 0.5062751695007037 0.4380494513920666 0.4621839228486492 0.43313875669086166 0.4010657842415918 0.4046626046758912 0.3873703416174891 0.35969599450250966 0.29816963519796497 0.3447167095520067 0.3419409669908236 0.3304843024403715 0.35575277081878504 0.3538188124446186 0.3459472359359146 0.30413589052484624 0.32679128132779167 0.3021945680991539 0.31743873450034543 0.28619613483811085 0.2932373512049228 0.2963913759139051 0.2632062054795827
0.46012653228395134 0.5121155174360545 0.4773084659689403 0.5035013769890907 0.5799214405945355 0.5359799209651183 0.46837818019084554 0.4666334388182084 0.4605381507870546 0.46624563079357206 0.47504072157281774 0.45634464630057053 0.42061271605777506 0.5016312185603601 0.5248635807926254 0.5033352432786532 0.5067749412863759 0.495294405375533 0.5267967117237233 0.4905906691252487 0.4942970701499099 0.43064695167740485 0.4364140832328194 0.39514147591546706 0.3939000112122895 0.3675857303986347 0.3361882281592337 0.3218303905450855 0.2816240444892138 0.28538931157523617 0.31490088381681397 0.314603447204376 0.3350995595660717 0.2838216863764306 0.2706356351784202 0.26427378089559606 0.2647350692112016 0.29327623964869654 0.2882094544633857 0.27291163609691466 0.23187131428896998 0.26000841824095317 0.2289601650738624
0.45813856530624913 0.5007309365793603 0.47147515368187926 0.5288192955314408 0.5598930606731795 0.519033040354637 0.47798486024442144 0.48496950720355875 0.44983472967315796 0.47885811155932245 0.47694875669741443 0.47109227071209947 0.45303902516256045 0.4782839363741261 0.4748699455497722 0.46667864384173485 0.4725474737051958 0.49500647618782 0.48315927454819285 0.4455945779475124 0.4517693841354159 0.45874162955638215 0.3987175102767622 0.41460514877048266 0.41853271439915224 0.37130419606573706 0.34450847169213716 0.2877803836572167 0.312111617852883 0.30873740515375936 0.26708395081687364 0.2896634845380561 0.2912123404320238 0.2715852950854914 0.28561180897367244 0.28845058508644633 0.27362389980486895 0.24794633700658922 0.2639427086903693 0.26892745973187604 0.2668520595498632 0.21518725571756342 0.22431886635961595
0.4862170408370184 0.4830118072806936 0.46298333666647096 0.4893294280962533 0.5472685490920541 0.5021774918575515 0.4899015295433328 0.5027500141145296 0.43828525965712534 0.44589247062801 0.44599797302877 0.48215930731547213 0.497127039065229 0.502292602036065 0.4569571651947504 0.4800021932913923 0.4508835410587365 0.4622074387202083 0.4170238395321718 0.42092650564150785 0.44789779701612514 0.3966217329605971 0.3742586083273733 0.36919109069485884 0.38499967074237723 0.3227042744675425 0.2618077493421282 0.3000690459383819 0.29893501889127544 0.2945975333595316 0.2600923068883883 0.2982798802254043 0.2580341658848496 0.29719537967579773 0.29573170573174884 0.2987236104079538 0.29999565854207205 0.28370467034726377 0.26445025868822675 0.23157275486098977 0.2300452298154112 0.19760181682724132 0.22656259509387336
0.4220458209794452 0.415815332127928 0.42072495831365553 0.46883954626555224 0.4827978282070209 0.5176194910681345 0.5104725148121816 0.5036399872644743 0.4493826290077702 0.4495932341782989 0.4501039883339858 0.48215917990388835 0.48230829017391935 0.4834466335568777 0.46622694728168423 0.4405513973454656 0.4475086248744808 0.41738931757743586 0.39956500084035085 0.39997457219957 0.3909776772347123 0.4064009003005973 0.39224982404998343 0.3586702163258523 0.3524337196734062 0.29329398369494547 0.2322723613287312 0.23977958549601214 0.26362273977273837 0.24162010009806187 0.25166296068994876 0.26021895703527054 0.25379179403073804 0.2763930200340797 0.23955638708623958 0.2900596004496831 0.27161139283477514 0.26437502899865617 0.2599296216649479 0.22803282090348792 0.23041421727135492 0.2187155488701373 0.23013503113765305
0.4133463665033798 0.44113270352786343 0.4240277595168726 0.44027668000466336 0.4727904489226743 0.4899512939800061 0.4909313926809165 0.5231794716886421 0.5294099515279483 0.47198558986755446 0.4644353196155327 0.43319661740154264 0.469623903276999 0.455243932868344 0.42471585238741566 0.460446409431712 0.47845608386110977 0.44524923353180074 0.3971506066803408 0.3825698894101724 0.36380928856489525 0.39948432780331344 0.37648814888524473 0.3500098403918711 0.32683116773481974 0.2744624987735982 0.23494740285688392 0.24752092137215195 0.20067133431562081 0.22311752456641473 0.23634478015077545 0.23555060286219093 0.2234112333880709 0.22138673902354017 0.21835313716011523 0.27342586637174515 0.22870524909323475 0.23773362620136052 0.23957263200480358 0.23803950433170992 0.24019253107908037 0.1932146762127503 0.17175912259965723
0.4182376787364974 0.4193622406589978 0.43868763422296153 0.4411361087126124 0.41634073923893816 0.4432774763365195 0.46694435056813044 0.47259397883559845 0.5057717953568165 0.4608400634163461 0.4401830373759734 0.4303198357756144 0.4538549937571986 0.43117428659473367 0.4512958864899392 0.4363709258602971 0.3882194237667053 0.38895422989047257 0.3949167738294246 0.37969425363427467 0.35133306714107315 0.3600074789342164 0.36074414668348886 0.3113565660786647 0.27621780601323 0.23341897043320578 0.19888026545767712 0.19926485654537784 0.18807424289542027 0.18260704143718048 0.18383768109559404 0.206877994377027 0.16694109692085557 0.189212240087121 0.20899983960790078 0.23583606345149163 0.19955017051502513 0.21500370339616054 0.21630602363838453 0.18688288302929001 0.20960258916998403 0.1683267466711904 0.1471980052924054
0.4363756235029254 0.4483082432747472 0.4078431299168105 0.40742224475847416 0.42760634895388666 0.4717870911742502 0.5072107445798834 0.4883280024470684 0.4839291966496614 0.45052931862907475 0.46255425998957855 0.43959436597004325 0.39573207389820453 0.43464812975887507 0.39024788113969566 0.39741445454282154 0.3558600748376908 0.3974391977259006 0.40493776016375893 0.36021540772647065 0.36875904474169213 0.3680603919469394 0.37273473596936313 0.2891144282180762 0.2778810750159052 0.2714795148342868 0.21650886741244954 0.19711727074699414 0.16335897387689874 0.17484298143266042 0.2212475613374441 0.1762983105797742 0.15093200567994416 0.18746278276477565 0.16790940112308808 0.17235085994564592 0.2128499294433987 0.20737779863591904 0.167438473742006 0.1685958733589085 0.1399614111828448 0.14967900407982007 0.13985814074269085
0.42195821049750676 0.42355486988783403 0.4380539633797164 0.4576047500754044 0.48018999178814664 0.4782815131304486 0.4813254295901017 0.4802150538331977 0.5108686658373703 0.515594860098423 0.478412059285926 0.47386593751854306 0.4232635187784135 0.41187036198471877 0.42770817247859444 0.39379902252259685 0.3405680281946445 0.3810825364826666 0.36571962834058513 0.34879250468054274 0.3900838216287254 0.34310220977338335 0.32658818322447314 0.30605206440180577 0.2894370091196159 0.26911060098857054 0.21273019063351148 0.21569534913785732 0.17852879685553416 0.2040206256497369 0.17028567859376575 0.19609297183639057 0.1440229505327377 0.15971521119132132 0.15085531235835983 0.18175649410404843 0.16097270930135105 0.13864160918883756 0.1605044896956486 0.1677208316727954 0.1639153059825747 0.15986295803539377 0.16245719509157946
0.4075392821014159 0.4327477900781677 0.42356301028213955 0.4802948821673619 0.5034103938010278 0.49235367057687085 0.44483052070067325 0.47883167878095284 0.48699457434709037 0.49107844425933495 0.509505786997207 0.48204049905120094 0.44429935021381767 0.42643308872612234 0.403573868828852 0.359040299263663 0.3097239043295859 0.3765816982027746 0.3598841392120471 0.3734518019709431 0.3848271534888498 0.37527633567823526 0.37146371747510865 0.2918178493494914 0.27445011794319774 0.2856767272141929 0.2417819644588467 0.19289982459453822 0.18772851426022139 0.20569499907282948 0.157829069611688 0.1845602195636055 0.15731861805969524 0.17660404921616749 0.11738819185813129 0.11156271436323685 0.13807261386324943 0.1321076275758884 0.1267338472530737 0.13634486265378362 0.14442911622473922 0.13025857896818407 0.1654097964255974
0.4255712260261048 0.43673428334943426 0.4243468352372617 0.42185473013081654 0.4497003415485722 0.43563709012635704 0.4190008704149341 0.45479644291558374 0.491089384371192 0.45609056207131254 0.43141150755138696 0.43290488428421076 0.4194997562172973 0.39861843161523997 0.38891467408176145 0.36817171170553503 0.32581519830223243 0.35560055151856534 0.33180040020053037 0.3492693405404157 0.335257233997469 0.3560075286055912 0.32930600472311883 0.336574388214765 0.3049813734945583 0.2480221078768432 0.24861228065894628 0.2072462145637189 0.22893871573617317 0.1821741072640354 0.15496502057785524 0.1654385579551221 0.13080093569294324 0.1584141700374449 0.12343022537200582 0.08767339239200629 0.11915633484019875 0.11312935816199607 0.07474138773095505 0.0903413229303188 0.13475629974423803 0.12164686147546118 0.11158964745161865
0.39758823359147294 0.404606323228623 0.43498263781532187 0.4477163617248031 0.4279149626536831 0.4024471937067286 0.3801675874222823 0.4212361287627588 0.4723894476685114 0.4591202614267913 0.44591201769168326 0.42103575855379755 0.37406679367424317 0.3290059943087866 0.3382798990055929 0.3475598063110419 0.33109795444217344 0.35533907770135414 0.31493473803517064 0.2686454977211226 0.2928745543479012 0.29854219881949196 0.2528366712350903 0.3006524401785075 0.3305802114586039 0.2896622184634446 0.271103217972914 0.22666650641314914 0.23548955996879964 0.19502322757233134 0.13622679701296148 0.13634780451996154 0.1332569065696006 0.13108686011561904 0.0999364731251563 0.07016351327435617 0.09595699846811005 0.06947618700861294 0.061240789311342754 0.06169892323128249 0.07249917415886899 0.08585546604063815 0.11755942234487116
0.32041819082246703 0.3383749704793845 0.3994436471764161 0.40086021200735755 0.38716518564357144 0.3560486316407896 0.3924927914719232 0.37450567911769256 0.4298694791021918 0.43416989334132944 0.4289569526744787 0.3714168213045826 0.3144647218800279 0.3236849403813515 0.33324057125710305 0.34627272242860857 0.2939387059851467 0.304605058070941 0.2557930033254114 0.24289910090539352 0.25917192585567717 0.2328900846938931 0.22059574068018892 0.25714071942207173 0.32512561244216964 0.287751095357391 0.30101555357021276 0.2587371851525365 0.19362491623832048 0.17600484120905188 0.1780434117306857 0.1436020629528301 0.08949925495754636 0.09701341148120979 0.0659272052037694 0.06086962595951654 0.06221264944715514 0.07719535617081613 0.031125421836353858 0.0506987220757354 0.0357096479455527 0.08005500470442657 0.16394614759803333
0.30615678726161155 0.3557847977676242 0.3264016111396415 0.347518659810481 0.3112849111578253 0.3443966242224809 0.3348328119077933 0.3484519045569768 0.3681694954854744 0.409760515724242 0.3926250818602142 0.37824046452583043 0.3063295225914927 0.3453311445986593 0.3368079045968699 0.33069851755229024 0.2572086154188956 0.29717514580873433 0.262596411831035 0.20829458439577467 0.20582780050457458 0.2201608649012818 0.201762357343383 0.2218160843308578 0.3116882760094866 0.3112770901245101 0.2787224734388829 0.25256216969478107 0.22257405184002838 0.20809882132651827 0.15111656616359492 0.10472162441554886 0.05129235707251201 0.06944250443729949 0.023511131866204075 0.03435237699877977 0.0065976786849752615 0.019501785753412226 0.03162797659738662 0.06733780340079293 0.06157658969267841 0.06745188381459714 0.16457230329486838
0.33977495611952285 0.33090648718421967 0.3097968088561225 0.31282752906804084 0.3416847970732159 0.35298681209283933 0.3353083183411648 0.3255675106024128 0.35284597814007496 0.3635972635879035 0.3568035360816151 0.33434719297854404 0.30856431435923876 0.3260414017584179 0.33373511523083005 0.30497281422152694 0.2864588416584534 0.24888868392371782 0.24863160634915818 0.2116665936455176 0.2602669902312344 0.23955137952867966 0.248173553470863 0.2409777016989605 0.238963797124581 0.2411735868899056 0.2611390321891027 0.2504364407706151 0.24141727334590454 0.21666495876792072 0.1469853212156199 0.1404646048680658 0.08743140453556074 0.07654246772519913 0.043153148001500476 0.01996198271080504 0.025105589309209548 0.0 0.057014286301136044 0.03932638091793898 0.04449823434957328 0.07794765357795479 0.11556354407132657
0.35781082019888283 0.31988264298741903 0.3290876957253123 0.29266263912398666 0.3519685080298523 0.373874121367173 0.3591316294659532 0.353382181706255 0.29667508390495984 0.34399938548740056 0.31719599071485216 0.3406831487364192 0.3223602757259636 0.3173133460911066 0.29950021016893774 0.26302850926807775 0.210343296877412 0.23197354323472094 0.21392387080273345 0.2528999959629975 0.2663147060812537 0.22612670502921728 0.24781982876521041 0.21307853161836604 0.26508034922124724 0.1933196882105889 0.1763683350079058 0.18684687100340946 0.22347773697311413 0.21013850511882234 0.1603506897645025 0.09563547627613955 0.12008132388923594 0.09453911926381789 0.06787194702155983 0.07139918894495692 0.04667626285756395 0.048878712937438236 0.04013316440998524 0.033407401500648276 0.06050402460012186 0.06588614378618579 0.13204357566555563
