Raster_benchmarking/continuous/raster-252.asc
NCOLS 100
NROWS 100
XLLCORNER 1743158.7445499692
YLLCORNER 5469283.28718687
CELLSIZE 10
NODATA_VALUE -9999
[rows 0 to 18 of 100, columns 43 to 85 of 100]
0.5441016456436522 0.6034513691711455 0.5945790941617927 0.5984195230783608 0.578222703445103 0.5373240745619865 0.5573128973499418 0.4970303995642212 0.48869198966372535 0.4707852835735225 0.5142022767244957 0.5518426487852879 0.6067173104955632 0.6482338926449425 0.6386747094385998 0.6656468076124782 0.6670044893474455 0.6903086971526072 0.7352243075548399 0.7608223950368181 0.8001901495901648 0.8185973670191896 0.7934186762723936 0.7868171414104962 0.777889507590361 0.8207171660748124 0.8108826941788146 0.821111253170258 0.881155476958162 0.8360556483832703 0.8462375483526675 0.8636003693012944 0.8549753620955205 0.8126981516832918 0.812214998835398 0.8213849527263264 0.8013707822203484 0.825941197131597 0.8257054459820333 0.8677838924923384 0.8707225029756026 0.9039590736493204 0.9002880973722551
0.5333758358420899 0.5835422502573078 0.5635540971147291 0.5531701582676497 0.5463992372423809 0.5817568477025507 0.5772316360385991 0.5332546138474321 0.474999084008181 0.47475240587825857 0.5177556809142333 0.5620138814778034 0.5607319183785578 0.6172238660863295 0.6375597091987906 0.6658856901284984 0.6904091981110073 0.6633800694199552 0.6686882135788251 0.7037637861513135 0.7659505906708266 0.8050739993351054 0.7974627591185405 0.7660156631155001 0.753309787659121 0.7684412007028801 0.7689801791032786 0.8183989729357839 0.8523785546433892 0.8484747105600794 0.8119912153618727 0.8086381828972158 0.8489874070338311 0.8004423847080567 0.7954093748312386 0.7839808142967545 0.7959086001126839 0.8359735630560379 0.8340993879941565 0.8176525442630281 0.8498652191087188 0.8835566982862281 0.8488856719279225
0.5444180845726825 0.5443826275093266 0.5597768674548896 0.5251075783566785 0.5398061240764038 0.5088826572122448 0.5129226695899421 0.5435842689765952 0.508485825388695 0.4769216619163346 0.4869884867877505 0.5626481107846613 0.5809689995530751 0.5860212774661963 0.6545688042248897 0.6814875947844283 0.6813549786635577 0.7062907226231115 0.6808107563185242 0.706337506658089 0.7748960304841537 0.776079426325638 0.7845391119444411 0.7799410825427482 0.7727374777245686 0.7596704007633015 0.7523314559943423 0.8131795674690542 0.8045099104566272 0.8025276091155971 0.8233029128285331 0.7948064182762741 0.8098921899984273 0.7834707439102215 0.7923732377856967 0.8068206675412117 0.8061279292315278 0.8426751514588058 0.8463895932581758 0.8257107655087755 0.8675424075403807 0.8857488213993929 0.8636038707259712
0.5719281246840879 0.5531790137279945 0.5232715882515119 0.5697525544263896 0.5294107498544205 0.5233356668156769 0.5410027773137899 0.5384478260493337 0.5183865588023027 0.48271460704500235 0.48862336806768886 0.5195237876811104 0.5424101092516158 0.5992090033527622 0.5829042752092607 0.6061766907667863 0.6465931957196607 0.6693370943437679 0.6753900697241972 0.694521794680911 0.7228517507588036 0.7817506594519518 0.731472743454451 0.7266344397032023 0.746232649251034 0.7141738710362954 0.7777212692610769 0.7872889710603065 0.7844461106086235 0.7843419969136846 0.792002654199789 0.806087843958678 0.7948822328701486 0.7657637801204925 0.7883709463344434 0.7904162226283822 0.8183803329602797 0.8143720341977143 0.8420968162071027 0.8378245432114533 0.8720015086197965 0.904734246634361 0.8950608345601074
0.5879412406397381 0.5500122612480712 0.5403515827868008 0.5288235833373228 0.5485419437977621 0.5514088357981355 0.5754108235279517 0.5450179153800945 0.5666727224705722 0.5365644110527168 0.5429413320076697 0.5600384513076847 0.5461755676485839 0.5662602644754078 0.6003967488720301 0.5957632310812626 0.661472139553444 0.6196692578536297 0.6335530354911472 0.6699595627703648 0.696565469144981 0.7454814319172873 0.7253490690416871 0.747366570594052 0.6886330596749556 0.6846021264414368 0.7478198066394667 0.7378134210184337 0.745577417968173 0.7533512070903298 0.7629910803036231 0.7431170235949986 0.736532601008229 0.7100863693426875 0.7016804930626196 0.6885005104715078 0.7334330552195831 0.7450869967872144 0.7639953100139156 0.814402640540691 0.824484982763019 0.8590534214874291 0.8738510360991893
0.5833332515877206 0.6282249046242588 0.5792739567179436 0.5352530268927368 0.5470472305518146 0.5798226106727854 0.5559816856024338 0.5718913615678769 0.5873954948906754 0.5892828204210013 0.5301991022808353 0.5110218940714256 0.5266616207796027 0.574221169021986 0.6030178489137331 0.6361952373816712 0.5997901686723001 0.616820278086634 0.6261026984580869 0.6209568736040249 0.6628181434924035 0.7697109433128466 0.7253468167799549 0.7492368142473552 0.7437322685343462 0.6783520715766186 0.711463126119251 0.7172850294813735 0.7676044972880263 0.7979226809210991 0.722455516324381 0.7019506779112203 0.6781978219152872 0.668724075856667 0.6804200426043783 0.6558518486883995 0.6961165650849348 0.6831290537285204 0.7218859293422553 0.7478842886774911 0.7807461575910066 0.8311866011457996 0.8606152773855076
0.5745597105585114 0.5729596082878018 0.5911471731212925 0.5625697277979098 0.5279973917278753 0.530800966804795 0.5792175292228778 0.5587754155575578 0.5472865136804144 0.5051318938217226 0.5398698789357829 0.5410871132968667 0.5413060376638499 0.5598315114523305 0.5608630916438753 0.5632121379528301 0.6044150672784744 0.585212006716295 0.6130095069782049 0.6168606151891546 0.6652468008754848 0.7123914208796662 0.7231313594764894 0.7471403797650094 0.7330712415046904 0.7487361783477242 0.7371243939904477 0.7596358797442857 0.7501576057551053 0.7176461354567187 0.7551708434835919 0.7319375361365678 0.6657863214037238 0.6640009491200864 0.6555656312798481 0.6188422631609956 0.6285264362622173 0.6894394200560099 0.7030316967251918 0.7346958934487772 0.7501435379249649 0.7689108059812092 0.7988095569759571
0.5615505556657433 0.6070870433868459 0.5953925509626766 0.5692447619786072 0.5616364359720784 0.5496559652099734 0.5468697502317523 0.5285198279912171 0.5093705574249092 0.4734985315184519 0.5022573928586961 0.5655740415700835 0.5408014178901324 0.5013691514005546 0.4999021697142175 0.5291156753543741 0.5316011333216889 0.5516455277299446 0.6100952177243161 0.5981099560996531 0.6576989746406844 0.6603388055150423 0.7011770542176767 0.7200846885941763 0.7261712171391066 0.7362388306914365 0.7353143888992453 0.7090968393711657 0.6916680918298181 0.6885917346880087 0.731650989604317 0.7309620258149507 0.6695223176726286 0.626227505649993 0.6460024056269564 0.6138650225613893 0.6510433199609814 0.6560287860432148 0.7040797343016693 0.7414475223560753 0.7417702918176473 0.8055330678817225 0.8247766930946259
0.543394052609934 0.5518233118323767 0.5724507784700311 0.5480046608035369 0.5187206004835863 0.4797320819156076 0.4483378272579058 0.4924618349937738 0.4817988912659336 0.46016928784862693 0.46110526874792707 0.5354492361579924 0.5233782948608863 0.515442532699207 0.4831358297701051 0.5259892633093082 0.5568282239717136 0.5492222420818009 0.5847382229558097 0.6160661272433361 0.6044855969699886 0.587337722934094 0.6276129197798093 0.6840499595853289 0.6708467028847169 0.6853039200044471 0.7315645206869661 0.713777939215195 0.7240846782119775 0.7251436173227501 0.7141783837079397 0.7055605050082618 0.6920971156467111 0.6267127029513622 0.6629656662668488 0.631080609588466 0.6717346394529518 0.6764825065315907 0.6640724877007761 0.7353342962180845 0.7592774405175113 0.7698311239527543 0.81181014032517
0.4963262233071276 0.5199501486953756 0.5181317788601589 0.49059384308822646 0.4745848674552509 0.3729710058866356 0.4222949525452807 0.4468586651179011 0.44021468880303427 0.39554417331811303 0.41306528468360665 0.49685114994304636 0.5234494890369694 0.5051092178598394 0.527154259398391 0.5252327294776358 0.5368328516441621 0.600347630715277 0.5715844812704297 0.5504548949957087 0.5951716386393961 0.5410209481349103 0.5917570407961141 0.6038920616338546 0.6128671468188963 0.6850361619999975 0.7227440707643934 0.7108224505868066 0.6915636775065988 0.6765869021986693 0.668842887323761 0.6552900481481253 0.6524313562449622 0.6494547438688303 0.6555001381355354 0.6693442074485996 0.6822780935779225 0.6586503304581883 0.7031773875880268 0.7229512308111187 0.7807021932943892 0.7926792981311763 0.8385778140053904
0.47346806336210256 0.45508919436261897 0.4383731465051065 0.45196556597857657 0.4206225436070809 0.3655508578605541 0.36646946972953687 0.4129101619194226 0.39594029216129856 0.36165336766809403 0.4064775303490805 0.43578376136012364 0.44842719274309595 0.4376300819244992 0.48062367474744083 0.47208015109479534 0.5138684285320689 0.5049008445674704 0.5140778574702052 0.4987220855373214 0.5578221781993551 0.5147805423355097 0.55617753893792 0.5695754178323282 0.6071423397349369 0.6966694557828947 0.7230139707146778 0.740688839443942 0.704772045863437 0.7252179486111366 0.6729740146464753 0.714844199618218 0.7165402609418641 0.7069363449456324 0.6643872324977513 0.6699626883459138 0.7158756635242584 0.6919335615915491 0.7508550772609281 0.7639489115658198 0.7753838321135906 0.772977785170299 0.8499911302726118
0.48040586919680817 0.46947565837943384 0.42838525429599045 0.3854865275527271 0.394227405156882 0.3480354974457506 0.37784037404386783 0.36066820895283497 0.35528463872370936 0.32293620865542544 0.3701378225186992 0.38797179305452106 0.39634882217100775 0.38548754540003116 0.40236609030580994 0.43637217204502077 0.47957817142473047 0.4805971156335978 0.4536124928611441 0.4777626520996065 0.494523140984319 0.5326868586489141 0.5599373651403755 0.5547687240554051 0.6507924193264677 0.7113777680000399 0.7151248810521725 0.7416407745103952 0.7018361569221835 0.7276493486191811 0.6922838457222461 0.7234056348565591 0.7355250488204719 0.7391078119282045 0.7371170515202917 0.7056436219665254 0.7395618448980432 0.7097055013792968 0.7646692857007085 0.7933903035897758 0.8067333905102374 0.7797875061056115 0.8115678149112198
0.4699080546341273 0.4723834702019905 0.4462581350195626 0.3945923833660648 0.3560157438016189 0.31467267239594326 0.32479132796875904 0.3295123390953294 0.34621667878558665 0.30022562110550666 0.3444432121004375 0.3772284289946955 0.34880931161603523 0.36443241597649095 0.33831734458611484 0.37777839775139016 0.4535817348389909 0.46823272940313876 0.4700690711104054 0.48454473733324666 0.5036301845723684 0.49034358563599434 0.5571632966425114 0.5654242549431326 0.611716198429883 0.6816759881898062 0.6905062471088058 0.6829638518388842 0.7044928429512795 0.716913655351066 0.7107170998266037 0.7066976620682806 0.7494212335947903 0.7502230823752798 0.7251474902860134 0.688252140797637 0.6991771461411465 0.736813859553285 0.7664040940251394 0.80300859360188 0.8244578616892048 0.8385147237973708 0.8313255465443425
0.4721200825645561 0.41204442113466133 0.3995512677418873 0.4255373279542905 0.3609438119100665 0.3563213872741 0.36840579939385354 0.32313436586210653 0.314415200909097 0.2768774508874093 0.3422614893811246 0.3648143412875619 0.3528628251982988 0.2870228399318093 0.3399307312376924 0.36133948763441043 0.44630756877698446 0.4959756753661729 0.4558909032324248 0.41847610577306077 0.4765234121867646 0.4553348400307923 0.5473043497624421 0.5625395215038252 0.665767035296095 0.700700039024901 0.7086254656477853 0.7073238257122126 0.7109124342252399 0.730991258404068 0.7322221990548151 0.7121306792566833 0.7211698853695614 0.7311108190788992 0.7549524652218045 0.6868251267613171 0.6824467785670998 0.7312095762737623 0.7521334538939181 0.8050500391889724 0.8182258487150836 0.8551087233955607 0.8620859898105606
0.42223596553961323 0.3609886892588634 0.3783261159568131 0.37452632513227796 0.3744997746671035 0.38118982135873375 0.3457445585571912 0.3315653166299172 0.3119701710115154 0.32620931375767337 0.3258036950191183 0.30908286035229465 0.31243730138582637 0.3009539225868079 0.3259957245787303 0.3781468130149002 0.3747999752197627 0.404524857537495 0.41298979492888915 0.3947665530999911 0.4258312853458283 0.49937541393025703 0.5266964017582487 0.594268459654068 0.6637565234017091 0.7107439826699257 0.6890517633030521 0.7019630931054825 0.724958056287756 0.734176202997951 0.7135586113362737 0.6811817101381057 0.6932477317650153 0.7368305530843788 0.7468972752682538 0.7248942579177491 0.7013201301172294 0.7314010050670148 0.7506680836316508 0.7527670189883457 0.7794520196943734 0.7892246255250802 0.8254191187783341
0.42683080141825286 0.3553057769643115 0.38770336707442116 0.3536400924260488 0.40818931009691267 0.4081441160526148 0.3920559556941154 0.3245012489303481 0.35672515239520114 0.3367889086592442 0.3427510019556966 0.31912994554537316 0.2949459916365052 0.283031357757639 0.2998577984393592 0.34509927777704863 0.37946611776044015 0.38580800329154885 0.4278187184741393 0.4007106771821298 0.4706569407769659 0.535814511923076 0.5492389574059872 0.6135902430492942 0.6346097759363113 0.7032766957460056 0.7200358377437817 0.705647521027045 0.666670848454703 0.7024739990129892 0.7027781559605488 0.7195828464816874 0.7194123745173917 0.7055772643091643 0.7128524582312618 0.7449206263057071 0.7120604824506712 0.7071997159106431 0.7517335163971087 0.7247982323142601 0.7558189193768924 0.8008799854661751 0.8321640572541142
0.41397024067210586 0.35586918130817935 0.3505321337290691 0.34050478588536554 0.37557904638556966 0.36681159242164113 0.3843261390692065 0.3388725310466398 0.37162316513702837 0.34682404203142786 0.364755369405823 0.3585456251073384 0.33054025485623334 0.32831115464443555 0.292972099177305 0.33428585994496823 0.308008410730928 0.3203019980553721 0.4111437625427475 0.4444958221734165 0.455968259048685 0.5115251018229728 0.5905134264672475 0.5930523979362196 0.5954131452165787 0.6335941610421024 0.6547465115148436 0.6482855450866173 0.6439799304691716 0.6864615025550448 0.6794982695530137 0.6781610551156093 0.6852733627787809 0.6587606974769723 0.6936446097244812 0.7459959486698671 0.7424904024986748 0.748242043005509 0.7004969258431456 0.7615838590554844 0.7376545987431524 0.7928642529915162 0.8252352474107114
0.40641124425713243 0.3411982573383654 0.4044294696612572 0.4003877890518293 0.40307036469139534 0.42533017510175486 0.4053091304067105 0.3372090345026324 0.3690435906665258 0.37596568167865335 0.40100742730721295 0.361356030791224 0.354331270556308 0.359031090846754 0.29814972394833533 0.2961929529498258 0.29103492014350335 0.30211052960732904 0.35747557147599807 0.4356403638981053 0.4509688165027255 0.5319481872440469 0.5633583487584661 0.5760659267003891 0.6021756506559243 0.6072497643232246 0.6246931549156831 0.6603236950769168 0.6527046920782189 0.6077783502140066 0.6173748670327853 0.6056997848146819 0.6805484059718997 0.655420787103849 0.6950529027588206 0.6929981573804427 0.7094311205718519 0.735225630605712 0.7404446597552095 0.759079131196218 0.7648551741895776 0.7667015301154123 0.7949376787513609
0.38055364649779305 0.39268214911790833 0.4081387408139581 0.4055981959282758 0.43739752463161047 0.41399635698602105 0.398318183206319 0.3469694682056176 0.375232637028288 0.37862428368808587 0.3739789812647555 0.3739176826623456 0.3570761118412962 0.34703135402113305 0.3349402245577433 0.31418775817034483 0.3524576314355459 0.3440785962465671 0.3640392149287765 0.41210447400410244 0.4574268185559806 0.48784888699469353 0.5614874495737936 0.5525963298645553 0.5648289016832496 0.582274653643598 0.5891985565465807 0.6283102357843356 0.6315916928993426 0.5824763454174187 0.587915115085991 0.6230196223521743 0.6513245241538943 0.662678553328454 0.6713859318071024 0.7143268494167719 0.7236547142122634 0.7396754446577575 0.7488630752422578 0.771061106026916 0.7745529547396819 0.7322944246309724 0.7323391731982181
