Raster_benchmarking/continuous/raster-468.asc
NCOLS 100
NROWS 100
XLLCORNER 1743158.658833411
YLLCORNER 5469283.378004503
CELLSIZE 10
NODATA_VALUE -9999
[rows 0 to 18 of 100, columns 0 to 42 of 100]
0.6659513522238748 0.6815556210134908 0.6501275067070069 0.6321385964878862 0.632351606702502 0.6614248209504049 0.6488977398430424 0.6709657582656081 0.6944727352523562 0.6926403467549654 0.7030561436132351 0.6739457102928647 0.6726979099411766 0.6621798573307532 0.6477154890510497 0.6804283409943531 0.6886454791446117 0.6635938686049039 0.647515304539072 0.6352733459397804 0.6347344699198308 0.6595918721152761 0.6871840966407038 0.6799724977114379 0.6841245246702125 0.6635045828782851 0.6516956786585125 0.6057844118184519 0.5684657299671407 0.5727810216555623 0.5951328298376032 0.5559209703438033 0.5649503773392379 0.5176196796987127 0.5220262184339216 0.47012392216609145 0.44464972633083316 0.4092744185778996 0.4062848212007472 0.3610019924818958 0.3451199808080312 0.31785077831244973 0.30792198625072814
0.6771176451575929 0.7142360986845444 0.6837755140100731 0.6251255900111125 0.6409898964847162 0.6148595847246492 0.6000904825845029 0.6101349012026847 0.6448462286638945 0.6617300067459109 0.651073624220893 0.6437980121275646 0.6758534775933788 0.6457577834876344 0.6296338597155464 0.6471373905078106 0.6916673630188621 0.6747543077902238 0.6709955979237896 0.6416714162112468 0.642567921068326 0.6358903585095464 0.6578077774627964 0.6836689778265427 0.6703554243202529 0.6314302945857246 0.6212646947323549 0.5922794130358982 0.5833201975737413 0.5643715312289531 0.5773429302926179 0.5794374157624298 0.5660312308640616 0.537265615915896 0.5341967839918874 0.47230695736677947 0.4467436211965003 0.4215048362410428 0.37194578282622687 0.35211411956644034 0.384032075173031 0.32090399637386285 0.30318389694192605
0.6990499889291184 0.7106872615361922 0.7008479674312332 0.6300267219989285 0.6430160974526604 0.6062274645828665 0.6166249068215073 0.616775151152428 0.6013647405455097 0.6174448746712136 0.6105135282548981 0.6177286861276817 0.6093824939956833 0.6304890298992604 0.6484134401840344 0.6489068984926214 0.6980273119629083 0.6721795919128469 0.6972190804258879 0.6710997194331172 0.6398224627983928 0.6587705650867752 0.6702086077996013 0.6631043817061143 0.6387593323248272 0.6391696304324944 0.5959345989006647 0.5769436517891655 0.5599375146908544 0.5680404111846888 0.5983093945179092 0.556653762921582 0.5566539549146207 0.5613635075510022 0.5368534475338623 0.4895173434103955 0.45510444008889883 0.4330150581808809 0.4046495130209336 0.389677145189595 0.3903603296703111 0.3728123025080098 0.3573511121315783
0.7262383018373815 0.6724720658577004 0.6854373460523914 0.6621270941344225 0.6018096267248578 0.5987594042347263 0.5962418975729017 0.6055196627584872 0.5873780073618979 0.5980629150757267 0.5834925600588886 0.6174465536141558 0.6114550156805918 0.6545600987892592 0.670110683023015 0.651368184680438 0.6864967351578827 0.697613420163035 0.6851501765786295 0.6419464532510052 0.6270293053708227 0.6095041293276436 0.6206891015404445 0.6327490966381871 0.640098740072266 0.6225334520863859 0.5581701592337954 0.5727428558832156 0.5442377606450599 0.5946284692350349 0.6066712171844456 0.6048768194645963 0.5695389241027782 0.5304191137694515 0.5212194916277141 0.5086519486610089 0.4905754815046957 0.4666616090127503 0.4579342826429837 0.4194058561475803 0.3967991643354024 0.4026176363242802 0.3492201254355882
0.6952253658955517 0.6593883570994127 0.6524931148599412 0.6294330891219293 0.6006273203604297 0.5821944966656668 0.6202108792833173 0.5875440787830354 0.5658321208576019 0.5904657134027185 0.5843871856357628 0.6081501834939974 0.6300000712273642 0.6184632120479863 0.6560519298023858 0.6716724599581423 0.6760776981170703 0.6481482092994078 0.6202793041376657 0.6420392599403878 0.5907666472903012 0.6047570416031006 0.5980001404919022 0.6304890294247694 0.6062100202417497 0.5931674806376199 0.5855413938623778 0.5774294897237675 0.5550843244795401 0.5622332847735716 0.575684155674785 0.6091394546312435 0.5563847912345883 0.5625242070722026 0.5302903487668922 0.5665499215531928 0.5497672693228132 0.49688465470954885 0.48306916587630444 0.44385680069614925 0.44079024844619796 0.4164203516193965 0.3765427644201965
0.6963898315710818 0.6632119620724369 0.6169588856101198 0.6111856921895161 0.615311808630015 0.6302698889958825 0.6191410094803803 0.624508828832958 0.6003883768412297 0.6144205701403201 0.600247746273023 0.6028522780643735 0.6110265920737143 0.664396408902444 0.6734685985797839 0.6319250885052846 0.6086087797061503 0.6016073776192417 0.5915895872006005 0.6307942119146694 0.5926809335889802 0.6108411219778954 0.6050231658439185 0.6275482475797636 0.5988706638231649 0.6045280844267171 0.5540805135309665 0.5466920036410918 0.5891633089501117 0.5886338279581946 0.5777596446496598 0.5860844870053638 0.579619606057896 0.5478470970125693 0.573088681738254 0.5902218865395101 0.5839718658376166 0.555653040461942 0.5289565163010914 0.4641820883227691 0.46065988083765563 0.463478774475343 0.4100939874681271
0.6732977205599989 0.6307979800008874 0.6097755294204428 0.6040315430506689 0.6331702499429579 0.6554806682363342 0.6447758191242023 0.6186081552716488 0.6051680286460134 0.609130631249792 0.624485449751932 0.614134342258528 0.6468881255474023 0.6561810890948513 0.6733055403735649 0.6472213054082039 0.6278845391813059 0.5942154826173742 0.5813740790855928 0.594237150696612 0.5909242285902255 0.5751848390083785 0.5784885203047772 0.6046023187963359 0.5619246160863224 0.5688691263278945 0.5455490273415549 0.5615125045904364 0.5695995997957829 0.606111910908162 0.5696155466518609 0.5721151237882186 0.5768238215573057 0.5800881881858557 0.5701147939520157 0.5986684263826484 0.5795163914912208 0.5665667480753158 0.5724208739528646 0.5142507321725999 0.47938552590566996 0.474037664266013 0.4477172256958099
0.6621267431161095 0.6279062662062985 0.6146393947610199 0.6362860881245765 0.625612119626832 0.6652135180967285 0.6598217088211135 0.6151189721931246 0.6016071921228039 0.6186776172433064 0.6613665936266923 0.6313325940167632 0.6795854049249134 0.6845254980936619 0.6844999361439212 0.665523522418423 0.6152419781124379 0.5748228484585399 0.5838472301898268 0.6120658818656208 0.6062433512311658 0.5636905815938995 0.558185192440785 0.5456914436370847 0.5591835661844512 0.5728861912474101 0.5533449576090649 0.5591610636635684 0.5852776480329739 0.5788650168578049 0.5899599355646411 0.6072863898424077 0.6177009832547115 0.5846937713751009 0.5669917836885656 0.5959804880953079 0.6120628021151354 0.5975941747672692 0.5817837412968583 0.5683809906299451 0.5721546983997126 0.5163545481349011 0.5024326325049464
0.6189123355082855 0.6180725527072486 0.6092880029088175 0.622463493416456 0.622688068482683 0.6610754095291362 0.6771813398699295 0.6480179973027387 0.6196794692000768 0.630096953687668 0.6400159690709737 0.6737909812685128 0.6629997527942165 0.6796116418644917 0.6956623970955109 0.6684938806077056 0.6139925242732822 0.6091010331074038 0.6259178612707391 0.6230381240627787 0.6007292452842304 0.566225076895572 0.526272546628018 0.5533356572475059 0.5472465303501998 0.5683327846066026 0.5904420067341828 0.5726112136778309 0.6029833940686126 0.6119010422704173 0.581435316154475 0.6188669634944954 0.6191646126790793 0.6030087791219402 0.5845798702007866 0.5938346828786415 0.5916789663779831 0.6223472996487658 0.6181549424677394 0.5791422117441483 0.5838111022786013 0.550091953631814 0.4869803017761541
0.6347428338489506 0.647173203792371 0.6495711299875058 0.650190121754969 0.6693036886293185 0.6771251796144291 0.6736643963780631 0.6671830740365106 0.6495949160273397 0.6346946451682706 0.6756212109679597 0.6352158846032863 0.6288295631237442 0.6691758347481053 0.6610856607245028 0.6295709918450402 0.6194242869364506 0.618455181010341 0.6075523882715336 0.6243961809557713 0.6173238289714931 0.5953150630306512 0.5199658885308552 0.556006949440739 0.5759684770851227 0.5876125001822013 0.6036048395574102 0.6109139349841586 0.617485768968166 0.6194935743944112 0.5970037154098109 0.605855822437894 0.6628374539437454 0.6136364829220426 0.6007147985139512 0.5885581640772848 0.6154230665137569 0.6109720946131181 0.5927692975333376 0.6013521569939512 0.5462256942057505 0.5158997978463581 0.4915559428822002
0.6441979347524677 0.6681541071508063 0.6932373624226019 0.7163060747463056 0.7033379199565952 0.663021038735271 0.6628094210297469 0.6965515537222744 0.6944201901243081 0.6755154664679102 0.6960243266149528 0.6549744000373321 0.6051857466402563 0.6421390478598666 0.6422294413212641 0.641690400443253 0.6106983394976656 0.6234093703461824 0.6304951192846798 0.6239104271045783 0.5864782041770354 0.5825925271991055 0.5867919174122305 0.5665371966682958 0.5495953113736856 0.5270927839210664 0.5331758339864225 0.5769502260099135 0.5937799108681516 0.6117985052225242 0.6214216864475862 0.6128870114403168 0.6575763099706269 0.653398343720803 0.6363544538277393 0.6118840833451723 0.6229914935333813 0.6101868084293761 0.6171782968510153 0.6114229715844164 0.5944509811816755 0.5636900395973667 0.5042302549191009
0.7186144466132531 0.6946619720259992 0.7220052595901361 0.708972490848152 0.7272032745629894 0.6773525003934265 0.6754834822954481 0.675801093861879 0.7259097525000057 0.6607188919895961 0.6748578156818186 0.6223178275924036 0.5811366606771454 0.5750387350311029 0.5950162864555586 0.6034085944538925 0.6033909484687667 0.6151623464306571 0.5954294829661531 0.5869612402735406 0.571715120615268 0.597083147610586 0.5774421983378948 0.553523184163033 0.5143475626282443 0.5451805548665267 0.5136509671071339 0.5895209142418878 0.6084480066329727 0.5967491934136042 0.6053987848632074 0.6130704323728946 0.674689912280925 0.666490644909556 0.6169691436106113 0.6188299946528304 0.6267285672133401 0.6117555389426137 0.6368273759449937 0.6162068293025443 0.6361128380988423 0.5934561697647599 0.511936999894027
0.7087349198238332 0.6987571830154132 0.7409134102049945 0.7326052493102497 0.6974264922897786 0.6884822105479548 0.6816813238803792 0.674376348255259 0.6861279770201746 0.6408830302181614 0.6377620345976472 0.601202962736476 0.5834517424173232 0.5777833765115604 0.6123357694290678 0.617113954555835 0.5736852109617796 0.5886967626590721 0.6244993569082163 0.6112444188574319 0.5991488050602216 0.5976050501821293 0.5643250147407863 0.5208039898135939 0.5107391612897778 0.5239934222672582 0.5386525337745408 0.5713110473438071 0.5816523686450269 0.5813724826552457 0.5793087588152775 0.6118530748718484 0.6209398582188128 0.6681460739168662 0.6483764305093261 0.6203593465161463 0.6336694486210624 0.6229739333969498 0.6270646392315771 0.6216539964826047 0.5955001763393667 0.5662311003516702 0.5658207098025096
0.6568202045184619 0.6645447215468504 0.708193930257637 0.6787185310980527 0.6936133908673326 0.6733178575380693 0.7115798870639288 0.6538122131323779 0.6337939882089789 0.5911264823601357 0.5794871373067201 0.550582158531808 0.5555665025968012 0.5667964715320022 0.5898190665922576 0.5901785235596627 0.5885133266777173 0.6161288117238208 0.6139027924986918 0.5768943946619195 0.6046879811406625 0.5893164206597976 0.5420246458340926 0.51575180068333 0.5315627346929198 0.5242686822759445 0.49787364801888206 0.5086989404286685 0.566180942584927 0.5862287766333235 0.6182318815701553 0.6072640026403512 0.6177685511170438 0.6670221891692532 0.6638473568129799 0.6499081639101918 0.6729404281125542 0.6465257683520986 0.6207723065043664 0.6224822068000306 0.6043572074288367 0.5553901320234904 0.5785970305098946
0.609626263324363 0.6391155723177898 0.6526546647993706 0.6696419782551867 0.6826423371294619 0.6669730172257063 0.6650370862919597 0.6258745764202477 0.6076589997746702 0.5800551181095561 0.569184634022133 0.5496065803612383 0.5428596343391716 0.5668979752208216 0.5896570138925585 0.5748232931024281 0.5977335366279627 0.5869828372350419 0.5649641743605682 0.5666919114312895 0.5795441890721483 0.5612985883713885 0.5636205794363967 0.5527052748212671 0.5272667318326217 0.5137142739072299 0.5244609531629633 0.5017147210053707 0.5328211587816654 0.5769088738045838 0.5684658293978427 0.6119066448697287 0.6109201174092488 0.6536123012923993 0.6347429908807579 0.6489921675320738 0.651003713955814 0.6100398185585884 0.6037649667078989 0.5821031498120305 0.6016035036458582 0.5690150911110303 0.5552063655189455
0.5818096862246406 0.6498438735534301 0.6644646996303619 0.6671872014106593 0.6394085909159019 0.6670123448129313 0.6771162156142334 0.6060620096766876 0.5785321376186459 0.5473278242069581 0.5371874187349833 0.5399343447329217 0.5428495495608294 0.5719341491705082 0.5815209650285522 0.5509881739532986 0.5426196142185494 0.5721634618323614 0.5535819082636484 0.5817679086310619 0.577294116183693 0.5579815463576889 0.5388550167539672 0.5608715088249837 0.5725486785968062 0.5379349973536399 0.5245824381031987 0.48762821106878806 0.46474231763258483 0.5229776895293784 0.5647649627792778 0.6081404342883094 0.6292202018028478 0.642877319183346 0.6580588261995514 0.6266075220255818 0.6147801958479542 0.5932277285932828 0.5582752721827271 0.5773607632804608 0.5630717881500021 0.51452039117733 0.49203762931798445
0.6105234373169631 0.6335601732512893 0.6701104655048629 0.6255598443329923 0.6501376909534812 0.6363419179163162 0.6497184175564601 0.608335779237377 0.6022542741770812 0.5738629679713055 0.548044280113891 0.5762927893496779 0.541851704747727 0.5793367554837668 0.5745190043538253 0.53600265470749 0.5529735269139903 0.5490130299519553 0.5351472132014058 0.5403180353121395 0.5498490687959346 0.5272966750988961 0.5387681482642556 0.5495996511862435 0.5657161754290517 0.5591983141168172 0.5126347285964792 0.4568346797418371 0.46557849285147695 0.46035545251667387 0.5252972077955282 0.5370357479206639 0.5518036674305192 0.5836595424311283 0.5979834663682178 0.5947002388034255 0.5813585082220195 0.5973007877204012 0.5816687631021964 0.5713586930977225 0.517757069523542 0.5069492495378414 0.49481158107786233
0.591626664850238 0.631723755732929 0.6812052818766576 0.6233304203721004 0.6200180166608342 0.6289384352031919 0.6076524634180627 0.5905897625962488 0.5511954113615507 0.5900600637672431 0.5625988330105536 0.5338637243495798 0.5636052668137954 0.5735974877434096 0.5507953327493076 0.5491944340418176 0.5036908358585434 0.5155919428626765 0.5164404382560503 0.5388811781047879 0.4969547764278546 0.531629297642202 0.5494338144030545 0.539180871234944 0.5451976142107058 0.4997370509165638 0.5061047284163801 0.488000785988705 0.42956159264523675 0.4510111921147194 0.46922488827284375 0.48772956745289386 0.5069176221393212 0.5553131900019095 0.5544312057763706 0.5617566506972602 0.5828689465790641 0.5760050278954797 0.5636882047451727 0.557428590814736 0.5218048632412398 0.5158967989786195 0.5182552450015875
0.6013510887164061 0.6379008298213352 0.6746472152507702 0.6606049594186415 0.6728396595949194 0.6335678213821897 0.605919838857922 0.5958062719503644 0.561440712379408 0.5732864856957608 0.5590899098767175 0.5363114233283869 0.5447219308558107 0.5411007742990415 0.5421426337426357 0.5151381186629399 0.5053986098772467 0.48903244799461565 0.5003833056671527 0.5317304909885906 0.5071204137205289 0.5227723555585925 0.5242252073187098 0.5132583136467398 0.490455166151229 0.4860494137523701 0.509237743515906 0.4858878481717959 0.4557358618775815 0.45461913679427135 0.43954912125193857 0.46412286238950395 0.4921686379912552 0.5049416705511961 0.5288715934954531 0.5381373650293498 0.590884415408741 0.5911355797613895 0.5525566463192358 0.533141434734572 0.5350781875637358 0.5239727907960361 0.5050087987956676
