Raster_benchmarking/continuous/raster-384.asc
NCOLS 100
NROWS 100
XLLCORNER 1743156.0964159155
YLLCORNER 5469288.615788278
CELLSIZE 10
NODATA_VALUE -9999
[rows 38 to 56 of 100, columns 43 to 85 of 100]
0.5630187580721578 0.5747217411657183 0.56994106652831 0.5723460098576671 0.5746427627480647 0.6006679712948398 0.6161965671480167 0.5901200995376735 0.596379894806932 0.6345313112732835 0.5979005849179699 0.5876913648351014 0.5995293023284286 0.5723565857831732 0.531073959962355 0.5492628153988097 0.549818403455022 0.5681441479679299 0.5732958829173859 0.5679140605861944 0.5557877084029925 0.5366558719458293 0.5159696566772111 0.5140488434160311 0.49705212447345487 0.506782819955274 0.46656284964488737 0.4759786275186938 0.4706890554125598 0.4358429974791579 0.45365719426703305 0.4756733367358702 0.45930270380840893 0.4612576229602077 0.4927684686733035 0.4766908514738315 0.432126205823401 0.4206669939157346 0.4512635661210761 0.4491860704402378 0.5000958839070107 0.518509006712602 0.52671696012434
0.5554571469074958 0.5454244408494646 0.5418773609405045 0.5720908086500716 0.5818759304775727 0.5801583861716034 0.5823536714503064 0.5810784529731596 0.6019644037975266 0.6140981655220651 0.6454136401165825 0.5946185733290412 0.5914284680683257 0.5674193716803105 0.524912714475804 0.5660541087568414 0.5511812896081572 0.5423299827491155 0.5496447729154205 0.5371911794491413 0.5274841158422517 0.5165063642515655 0.5141563118251737 0.5002202290393007 0.4936128040535838 0.46626648804832005 0.4541004850674059 0.4375911952001917 0.4504148867697511 0.44963525588774383 0.45306662298526407 0.4861241765952942 0.4862300755992261 0.484009402072441 0.49835832703433297 0.459834574255661 0.4661972841651951 0.4443147254632602 0.43799248254566825 0.4680666434637966 0.5152620900075146 0.5301075459824333 0.5135451466375462
0.586556392850231 0.5816361931058489 0.5543837654391858 0.5724043521096454 0.5595409467596595 0.5766569760008228 0.5798144636001018 0.5888363221069148 0.6186687117436342 0.6256479931521663 0.6251381245586181 0.6092328095543632 0.5870016144442972 0.5788365616960138 0.5341216216603938 0.5561798353107883 0.5365537477764001 0.5486526455881289 0.5430073578921069 0.5324405902188443 0.5237470320002536 0.5099637309657715 0.5242125723545927 0.5053360595512961 0.495927812786635 0.45853692424761017 0.4684197485303435 0.44733345584736917 0.4721869433605469 0.46640232130637366 0.4802893438189623 0.45645510606627065 0.48283729671557635 0.4752146498538684 0.4631336366179073 0.46494785174811426 0.4724080820577468 0.4416639481009381 0.43944917642113956 0.48949522554698943 0.5135823695221016 0.5349946977657822 0.5512178206288152
0.5677720826745907 0.5737500980446388 0.5808811651699038 0.561616657523465 0.5447900311789076 0.5817730565112823 0.5607872839550617 0.5708655144341186 0.5759248356929925 0.6156960929964064 0.6515905549524847 0.6136110015826385 0.5879763622145994 0.5484201278962615 0.5328666305330956 0.5396921225763842 0.566892236297327 0.5448063507344811 0.5557286244445444 0.5405911933308356 0.5218530420136664 0.5350694969038929 0.5555719084801322 0.4963379889009299 0.4819240481051449 0.45561373113071024 0.45172138382911975 0.45209105396746774 0.48466091671077965 0.4740923205377777 0.4938433990907055 0.46576869306986246 0.4488991510521179 0.4680220298202841 0.47360437207913386 0.47819150966705604 0.4804803025815933 0.47220248404027054 0.4424710317473543 0.48991783624987034 0.518654749283984 0.5438838061423822 0.5671214807645434
0.5898744022907851 0.5655858982498083 0.5919671094653567 0.5837340511912034 0.557985034108929 0.5773957625359556 0.5766584573627614 0.5788769234680139 0.5660257933818268 0.5732302783567559 0.5849887586431126 0.6048277131934984 0.6068482912725134 0.5749592528110212 0.547566123496651 0.5498035022866139 0.568167951906914 0.5484064488143178 0.5275373776549365 0.5407854115972314 0.5349083695689976 0.526522805657871 0.509722890506084 0.4971939468505054 0.49517782754694084 0.4815212752273605 0.4903022783280287 0.46720714743357084 0.4915977952867908 0.49413337273752794 0.497811417439523 0.46763928013702644 0.4772216942171565 0.4763480142161931 0.4740947629573355 0.4715269591195165 0.4782775352324595 0.4917295134788991 0.5002877706286553 0.49868763527264687 0.49813554130821863 0.5422479689501638 0.5529586113682443
0.6148902654412439 0.5931786278087302 0.5768029407706878 0.5950556621215933 0.5704483009163853 0.598009299403251 0.5911986549170353 0.5696157001343861 0.5446082657155733 0.5802499860595337 0.5884153826538578 0.5916634660132185 0.583727764004593 0.5717316850816846 0.5658370674012634 0.5598193447094155 0.5800968887690393 0.5547603637294088 0.5452893347060987 0.5450581641943391 0.5677462723936565 0.5485144816061913 0.5093043620698506 0.4977063040071906 0.4884116706404302 0.4933183493529054 0.48087263087968507 0.44785871861736276 0.4615849360728762 0.49749232191791837 0.4708439129049503 0.4821646199449414 0.46890682148472884 0.45642766750689634 0.4851637929103431 0.460793941582082 0.48595049486121583 0.47431885342448615 0.49368365607886905 0.5053926636507722 0.5108482700872258 0.5491832578606478 0.5697734828962838
0.5753666401763449 0.6078538817507779 0.5992586108927768 0.565396951819455 0.5762912576447614 0.5712314063984432 0.5521508696401275 0.563629430612811 0.5589711512263031 0.5738721416913154 0.5752991946391907 0.5639928783210482 0.551385112019975 0.5401180746190207 0.5405805396312146 0.5453392641970153 0.5578076332322903 0.5646654526350214 0.5457462537461286 0.5668351938490119 0.549547721751904 0.5287854407728562 0.5070741401910248 0.48609084157233046 0.47591035889996874 0.46951442436987845 0.45764005693131926 0.46390412656552854 0.4564802488799004 0.48660293886273104 0.48297541586394527 0.49633713593481765 0.48714484531097996 0.4751179692989516 0.4809765301249156 0.4608524719015183 0.4858981711365747 0.494758087424148 0.5029595354274305 0.5042704991688276 0.495635122208323 0.5177822490972618 0.5306732548629839
0.5619436482141503 0.5827492706867834 0.6015602998759135 0.5853805761826507 0.5864439547271093 0.5649785207626444 0.5659007043499937 0.5564135025475155 0.5610245497913163 0.5425736981029572 0.5268484616474408 0.5454090964911534 0.5185785747140083 0.5319859460698242 0.521620644319528 0.5193118767231238 0.5370184618734295 0.547010362838219 0.5710251524227138 0.5478656009468621 0.52800843242837 0.5053060703744336 0.5129178742196012 0.49047081488150096 0.48188564590781174 0.47620801925560263 0.48774111628823913 0.48796442176668064 0.4919584923581129 0.5058689175417375 0.4931799193203359 0.4716572591830923 0.4874394139456947 0.4713674980873893 0.47073672341903655 0.46277301815932875 0.44912435230104214 0.46193439682327925 0.4875192516553705 0.4871277735935254 0.5063062801259304 0.5093226680552254 0.5054412030816635
0.5478988357297762 0.557656586958387 0.5732844737529359 0.5774350810849059 0.568025345659163 0.5444125290237248 0.5843742521103981 0.5825668125542173 0.5624809441204962 0.5576101756218764 0.5472114024800481 0.5595050507929206 0.5518951533624575 0.5186090332432389 0.5322462682423732 0.5178691129563334 0.5010568560731345 0.5136998510604958 0.5345837002941127 0.5347414740972003 0.5284571544136824 0.5151774156554705 0.5184370789186142 0.4964558765592529 0.48239068363778403 0.48777684735605803 0.495431621411253 0.49220974480738183 0.5001024438377488 0.47278117495409017 0.4723790691743501 0.4635342335326764 0.45665578488965103 0.44821231697267017 0.44761548767637893 0.46029924622575397 0.4597899329585979 0.4649102123883083 0.4915528000168619 0.4882101053819574 0.48653971592092987 0.4977521835993417 0.4805161004432025
0.5630273830023481 0.5613833400664083 0.5578941913356835 0.5317808431103995 0.5303445448821011 0.5317094896839109 0.5753121419271897 0.566264245152068 0.5528912219400757 0.5686901275137827 0.584093141298847 0.5626488286133476 0.5411496570645055 0.5578672942887872 0.5591086663294814 0.550952171036408 0.5053543790724792 0.529743818692302 0.5068868028374085 0.5386281354743496 0.541995518911558 0.5183172914625518 0.5087658787784041 0.5302695554841413 0.527594748784162 0.49483165472120955 0.4616239445300708 0.4864623921099056 0.4617461225407762 0.44870733186992556 0.4156999625410818 0.4467899325189931 0.42882612605768033 0.4185604817608752 0.41993319667918366 0.44736095970995626 0.4310995683240116 0.45616885510628075 0.44773325596431934 0.4486938611727903 0.4702630400122723 0.4751200321987453 0.4724746656435337
0.5429378975278922 0.538205173739887 0.5300091869053049 0.515760834315518 0.5049613833171938 0.5435576847723466 0.5699192153381696 0.5616636014695054 0.5554121914798007 0.5781203005275006 0.5745514814290955 0.5782843993190363 0.5375652289190408 0.536896262456211 0.544461291160943 0.5524419923979992 0.5341274524513299 0.5164754793316425 0.48570290616087836 0.49207944008495974 0.4865847078469031 0.49057393532250887 0.5141076210953902 0.5133333347356087 0.4972542815608589 0.50244702913521 0.4908111404372244 0.47175664985192656 0.45909599482985936 0.416890533141332 0.4262218933264403 0.3957808730958741 0.40735957615091467 0.41225817860271974 0.4149464860236254 0.4045126557910668 0.4011657093825799 0.44500806184704994 0.42690357143707425 0.46297739498664886 0.4764085111404978 0.4789037152212272 0.48799610384235426
0.5724127947238569 0.5277295381191095 0.49304065721739027 0.4838549503618023 0.5132290698980005 0.5154063876546112 0.5264928824433921 0.5388051687117621 0.521222035450734 0.5410055490786108 0.5812011420508659 0.5561366625325275 0.5338772474627868 0.5200799671699009 0.5548036332930092 0.5482490769204074 0.5148093200853826 0.5192132292929719 0.46881128979836934 0.46247420608788153 0.4652843307437373 0.46791251031087483 0.4983004491460155 0.5040128357173715 0.47428795317112477 0.46881932759300277 0.490799297214073 0.44595147296943144 0.4338388888880838 0.3962321277094777 0.40934186053915494 0.3671309911605859 0.37737339026323724 0.36763076069757494 0.3508413133286918 0.36859222859360014 0.40587515460425233 0.4086991737637451 0.41752768184361827 0.4470109504847254 0.4839088882574236 0.4618500709733739 0.44918645115581274
0.5385673494647412 0.5211104294438985 0.47918508499986034 0.4791967446199849 0.481896650686591 0.5283242170183561 0.5214906613009507 0.5248789649562469 0.5368016906290201 0.5210153304973086 0.5255535562063163 0.5508118140247497 0.5306402410677253 0.5372830434989478 0.5532345751492731 0.5491207026407788 0.5342826227187103 0.5168472082805617 0.47834879510135186 0.4708848988334717 0.4481631184322095 0.4523492465597312 0.47570758545839426 0.4832972389832648 0.4562813953046601 0.442743805881063 0.421640649479323 0.41471417878207345 0.391852970295807 0.38057023363032805 0.3770053782708094 0.3693007423845645 0.3562326124688141 0.37607901410764905 0.35892094047271395 0.36842956767352847 0.3905855369206219 0.41103928894034414 0.4272421187691442 0.47281124024039584 0.47058774462242 0.4765290942169818 0.4626204780096425
0.5405006847488392 0.49662260277939724 0.465242050416152 0.47858902593143293 0.4903924781668528 0.4996306376433401 0.5458207775831769 0.518729529734866 0.5368379265509489 0.5109360274709613 0.5176862934522288 0.5137463444971432 0.5329177692189307 0.5214813152939501 0.530284378579485 0.5296615906929529 0.5472036086757236 0.5218115648530391 0.4848070042706726 0.46626307185098903 0.48341963376956765 0.46918604279040804 0.4313233486836549 0.4225148871220424 0.4540624404908846 0.4410627758206178 0.39159599780666765 0.3908266968918944 0.3698436038981427 0.37968480405240146 0.36731119002912976 0.35536250586793083 0.3444433856645057 0.3643256844853856 0.3662315901703102 0.348061887555433 0.3545007974132174 0.4050627031178366 0.4307583530831703 0.4620821907831916 0.47648013724322613 0.50505921260079 0.477642295938751
0.5266876484943434 0.48313367662485773 0.44866592045688614 0.4644479828228683 0.4658793933699379 0.517328914273366 0.5361490768515407 0.5222307944015455 0.5388782556777366 0.5128884614607013 0.5051009272497027 0.505095609819104 0.5028845722723974 0.5150269973205795 0.5488336614965165 0.5372891657581759 0.5242387274355547 0.5091278644774921 0.4985882594441033 0.47795006725696054 0.4447235271110245 0.42855850798208844 0.43002415714596626 0.40099471436003686 0.42568557101251225 0.39280086251885526 0.38174162187422916 0.3658712481015451 0.3757491491512235 0.3852131426744091 0.3723724559589778 0.34937349431488357 0.35106357986599557 0.32024534395926973 0.32261462372000754 0.34261188491156563 0.3765124786979757 0.3791940476220987 0.4042594715267379 0.4499700767258158 0.4816741289591007 0.5170626852607226 0.509596781769045
0.5028738941628879 0.47871698362154896 0.46339392832372533 0.44348501950538227 0.4552823867547237 0.46869617438902833 0.5062499211907319 0.5316080748837168 0.5204503328738537 0.48537017330753107 0.48589381637086954 0.48170968666808495 0.5255585796826184 0.5189090637488226 0.5521149339797959 0.5446507228342178 0.5528671750530568 0.5348218943960175 0.5013060126068757 0.44823507878843805 0.4269644355179654 0.43042903000786953 0.3867485981448496 0.4038351315532884 0.4082075717467882 0.3678374341707582 0.34935249362995724 0.3425363111088538 0.3887253549064663 0.3866671030372355 0.37063979007225945 0.3425426888536351 0.31081719569405164 0.2995380757343715 0.3227256773199908 0.34883314049666114 0.3656117784473031 0.379961947004662 0.41607463646442605 0.4564630468149389 0.5182512222019422 0.5208270617085304 0.5206127065334021
0.5063646803697232 0.5041333000098979 0.4961947305320941 0.46996086289095 0.44931865980319896 0.47662878438026374 0.5044489534445183 0.49380984031305486 0.4899801802330816 0.4896037240160906 0.47295091172977 0.4940206952138478 0.5114987255333663 0.5350134654478704 0.5147335702227259 0.5359393528413658 0.5312069125196577 0.5219723269961083 0.46890200224428547 0.4408543403337717 0.4157075017156129 0.40501533287015834 0.37957726143103393 0.403494807315373 0.3922184817973439 0.35501162134510716 0.34585370808681787 0.3445842607584396 0.3568699961948946 0.3508044035626388 0.3398542533689574 0.35766379019774647 0.3432235531894774 0.30888652809652983 0.3209587650942898 0.35757583928261366 0.3942592351856825 0.4147730274457702 0.42636967884161 0.49104920437928207 0.5200447270552736 0.534135651834109 0.5242453568921316
0.5179622823977484 0.5111741319086333 0.5054316936568556 0.4515821292763309 0.4408436659234878 0.451849840234853 0.45850243462987733 0.49284861958597487 0.4842677254247882 0.4832878300785888 0.48504633615179843 0.4891868755935694 0.49966893839450666 0.5153031412201502 0.4924910889572716 0.5159448346054825 0.5119496635325226 0.47592024464545074 0.4779613373521883 0.4369232680252835 0.424728150782693 0.39175245399949754 0.39831644653610354 0.38233431018351294 0.38559544372012555 0.33929649516576055 0.3218383885955551 0.3248833900529882 0.34201838465771656 0.3273834917119855 0.3634532277082195 0.34968853317446946 0.32317285116068617 0.3440250383301944 0.35566624003211716 0.37636672893112516 0.42944334820394264 0.4147624292029364 0.44963745891462387 0.47995975448741296 0.5303898092400574 0.5111457757717883 0.517218876728194
0.5169872976927857 0.5241340714503586 0.4867860380498838 0.4671487327871831 0.47807883837758636 0.4564742378915157 0.4688356794300868 0.4656767843674284 0.4804873878273708 0.47037664374638855 0.4600724893800116 0.456669715791207 0.4885059933233602 0.48894921785767986 0.4642027105879254 0.4637743154537404 0.4814824052968302 0.4556108284630582 0.4517616570315672 0.45324136022897105 0.4245416542983473 0.41774472803510443 0.39479230470855214 0.3682402584878726 0.3786937000510027 0.3565460086362351 0.32026655386904457 0.31490006580401125 0.3514288515401339 0.32694429715994927 0.3476476079781457 0.3553069914246463 0.34906222986130436 0.3494535189616579 0.36610100673669027 0.3956174449547249 0.43562323013948434 0.43434387772531313 0.4824975123805346 0.5193786114888161 0.5173930732382616 0.5402581429125514 0.5490345059160933
