Raster_benchmarking/continuous/raster-45.asc
NCOLS 100
NROWS 100
XLLCORNER 1743159.583854779
YLLCORNER 5469278.291725013
CELLSIZE 10
NODATA_VALUE -9999
[rows 76 to 94 of 100, columns 0 to 42 of 100]
0.66752209563531 0.6636285586272082 0.6559675569046481 0.6781675323510076 0.7069021354862498 0.720782366273928 0.7122337132451593 0.7315157042862377 0.7438810121853524 0.7453545484845612 0.7133270950236724 0.7263293872710422 0.7389808783440055 0.7508846171035937 0.7319552707914236 0.7374667940567281 0.7362716401297141 0.7142609854063893 0.7365659605372318 0.7344726550913283 0.722146901938869 0.7622908041021506 0.7833332408492882 0.7583476980244866 0.7742573693003498 0.7712092988480952 0.773280256524437 0.7637548293993981 0.71975015779306 0.6856374265501753 0.6900968475993203 0.6444756124797875 0.6694271963342054 0.6404639031994819 0.6292012406128294 0.6207450349069374 0.5917220704691718 0.6218278299010453 0.6037467862992485 0.5639636573340747 0.5697702405033541 0.5933220748813766 0.5803300165773825
0.6987380120037016 0.6837003296521263 0.6853514333352846 0.7068067559919133 0.7077325631556255 0.737371743449947 0.7605805817448252 0.7601125761758493 0.7741362693415264 0.7706023305319775 0.7794000140086094 0.7438972593830071 0.7726168651419484 0.7737952268044984 0.7794846150632286 0.7705502643503063 0.7526234486580293 0.7400831864234424 0.7460792837113372 0.7399462096710316 0.7664269121325471 0.7956097794793856 0.7691446377367228 0.7604707953339447 0.7647102174503112 0.764627278855023 0.7691076354522919 0.726967092830776 0.6999345625613432 0.6997389339017911 0.6836418183399459 0.6684982432254801 0.6426939434310728 0.6339550289782837 0.6106733546118225 0.596819551935997 0.6080474261572081 0.6240212784946697 0.61454921134752 0.5682478366105875 0.571656476669734 0.5868639293638509 0.5835362920715577
0.7101291929714689 0.7363497211939567 0.7165416016774766 0.7464030381970008 0.7479517560107596 0.7660236970996528 0.8027960902304818 0.8004379144973737 0.7935916760316014 0.8236587658449744 0.7894728740836049 0.7714359870317934 0.7753297498629796 0.7847453554039341 0.7860524144168284 0.7651628670537385 0.7789344682999307 0.7582494498498283 0.7843378585134044 0.7612875960115019 0.7830564148994531 0.82263430013924 0.7831533588666637 0.7845425827583201 0.7728880469784893 0.7967688841814642 0.7587975946393699 0.7481876379634073 0.6998314459101745 0.6550002848388133 0.6947572716127896 0.6703537161637536 0.6437183797082783 0.6012158095524597 0.6193149883271084 0.6230740470432813 0.6323977528443965 0.6295556915099861 0.5959114090314134 0.6013412911999668 0.6040172987914926 0.5953238538908051 0.5881170735118337
0.742168880995015 0.7515818052770691 0.7502501543390748 0.7822759769883961 0.7967055576397079 0.7783997636768825 0.800088012743691 0.8222785935363128 0.8338561114647588 0.8302896004329515 0.8399124611675751 0.804806065347276 0.8025963643650769 0.818585784930116 0.8015126358815666 0.7901836655884855 0.8255707521254907 0.8272580351035406 0.8036398487289458 0.8236442039190823 0.8214666311870413 0.8107142153288169 0.8131196515455787 0.8031612311431225 0.8021950200217761 0.7837793145912747 0.7559248460808587 0.7420317250479003 0.7047866933179385 0.6955661243382871 0.6859179563823354 0.671830697753513 0.6360732007874009 0.6368077083546357 0.6389982087343128 0.6236798496085129 0.6462133497257576 0.6277231725798856 0.6150148732308947 0.6098843861378039 0.6193745556998166 0.6058586143578515 0.6119835009893944
0.7397863585194663 0.7826466503141287 0.7797831914706399 0.7697727230588216 0.7860076965525279 0.8239951051583038 0.8193005249732226 0.8285409990080881 0.8458008594095743 0.8658663913332161 0.8337221004429384 0.8607152649513666 0.8671153861118975 0.8616988388564816 0.867440993965341 0.8476883975140097 0.8471754184270766 0.8520449783391809 0.858236704402294 0.8495006613350242 0.8114756825455085 0.8134823303162053 0.7997076535517882 0.8161192816791707 0.8069035520691586 0.7812251163499986 0.7786563684626965 0.7721819484026714 0.7477699674770546 0.7315332223218235 0.6803899349192604 0.6544172611521457 0.6171697168419773 0.6035012167731096 0.630396575177968 0.655508929210176 0.6640022755330363 0.6317851033149382 0.6396680671757022 0.6422543533513357 0.6058141774901021 0.6161283210550904 0.6228833106807184
0.7853047923579758 0.7969264782941826 0.8001542018250146 0.8291370302585959 0.8222905437449625 0.8570582422167412 0.8527720028803881 0.8694917511571194 0.8684945327845731 0.8389656460654586 0.8572398345944247 0.8475955479129786 0.8800526995732623 0.8577885695655938 0.8872849707785659 0.8782356053994204 0.8404295748636723 0.8436775733635334 0.8633657627455167 0.8744832571179266 0.834025146920788 0.8550082779895798 0.8343788225313906 0.8049135034813237 0.8157354079953992 0.8141822751187358 0.7596362058558648 0.7511205086005225 0.7409474199927389 0.7152390993645782 0.6819600594457109 0.6673810199692113 0.6505058236027628 0.6263482898294974 0.6276266195509694 0.6566564049866723 0.6664007131942451 0.6747088780577237 0.6659632143638199 0.6287650164104488 0.6276193175636043 0.6584101026911042 0.656851928474507
0.771970234532378 0.7713850779976956 0.8071763001603064 0.8537186759159309 0.8561475288614017 0.8859590735262151 0.8813782241249967 0.8757556532941347 0.8368318212296667 0.8244224413415954 0.8317239256016515 0.8580087282289395 0.8847225623531919 0.8819282870770845 0.8946952004623456 0.8750513471971636 0.8606434966956704 0.8428409804723223 0.8444695494088411 0.8630603215898389 0.8744344820410118 0.862971619281571 0.8422204571032109 0.8257378842258922 0.8469236886025349 0.8115763632020492 0.767394756751783 0.753089386455342 0.7472862579265526 0.70758457899999 0.7132722288659573 0.6983458884533158 0.6746587815988232 0.6530414102729991 0.6722260268641349 0.6815084571810851 0.658685576709066 0.6766538007335574 0.6721556068221503 0.639316739410561 0.6399579934828915 0.653818182672453 0.6525082311276976
0.8078531255741643 0.7901686052061465 0.8106102028645642 0.8524298776346338 0.8503673823020914 0.8680636757880558 0.86740264990468 0.8602019688743147 0.8454341904136735 0.8398125714081882 0.8369966840441524 0.8456611580995399 0.8864367116442874 0.8780704021212472 0.8724809469916172 0.8711621669024434 0.8718580964775732 0.8925522397818952 0.8928382322158913 0.9062481198482609 0.8942497449466258 0.887077673831706 0.8561895691781478 0.8512361591914702 0.8497163551932131 0.8400883938009671 0.7790781715178511 0.7547894240153872 0.7158679895519465 0.6979078235103833 0.7184915892804176 0.7155317615527913 0.690909884342417 0.6582104896802742 0.6616357662527756 0.686090648164834 0.6777877611411436 0.6783975080110074 0.665660616358698 0.6834729582116197 0.665544034731781 0.6727544519680639 0.681792158954853
0.7823832587065254 0.81872143020766 0.8258926845795221 0.8854250594946727 0.8719985954469481 0.8548697010065911 0.8633702677237083 0.8634922580818959 0.8419523312470224 0.8718609528436062 0.8746400306770225 0.855209186540685 0.8994322354661307 0.8948910201095189 0.8582090308171398 0.8612848631313805 0.8970856543877972 0.9009154279146103 0.9033254193794706 0.8899204421429755 0.9038296656425874 0.8875395374303926 0.8699971432586795 0.8449997192187089 0.8186635529750974 0.8378267494848315 0.7857894851733745 0.7458060739345409 0.7246693997530885 0.7048964229339694 0.6965234827757137 0.7056816007321873 0.685541673495734 0.6818694569900757 0.6617834988825375 0.6723247655605477 0.697315471131943 0.7082399992075493 0.6958953945580822 0.6887708991149052 0.682698346325718 0.6848245943994848 0.7271258327794764
0.7916071823820868 0.844936852267903 0.8704972314856169 0.8733510733890821 0.8811011974342192 0.8978173226942332 0.8636098878877186 0.8901638047708467 0.8738892406210784 0.8736167194935482 0.8917728919371369 0.8856652064868341 0.8922824008677818 0.8924168214684672 0.8703312777269389 0.8928510692419268 0.8661946579063907 0.900703533782929 0.887895978644995 0.901032049019081 0.8983382840844866 0.875040573296364 0.8836748093353402 0.855196680739474 0.8309158183165635 0.7983316751299284 0.7702211797097642 0.7387726064890536 0.7267588470116907 0.7258038504607864 0.7409685236076907 0.7082388720995386 0.6934136909200709 0.7057537732700091 0.7035910356045298 0.7066628494045197 0.7324673067102989 0.7251332184903845 0.7417422096692338 0.7277120746342925 0.7496116423769726 0.7402668266494868 0.7234411877630699
0.7762801313704241 0.8189409654934223 0.8725228718602873 0.906101304034624 0.8883807727899777 0.9175672961088505 0.8904925739914349 0.9061791858987126 0.8936874998091686 0.9187287009938285 0.8944074223844616 0.872629069353075 0.900194698123035 0.9075925378536512 0.8787952668976886 0.8950445642224348 0.859635466617537 0.8624963168354716 0.8662824883815583 0.9090169682406808 0.8848196008402573 0.8668629741744784 0.8657826917572443 0.8585437191659075 0.8378628434824857 0.801913671189344 0.7762467389041835 0.7834568748919184 0.7506840285176158 0.7448368759653196 0.7317568108910687 0.7194063500607227 0.7070482257387097 0.6763678105214473 0.6812579626166033 0.7336652438423293 0.7586906020950568 0.7779238766503541 0.7699828695356138 0.7902781101382257 0.7867526770263216 0.7739937647637494 0.7376887156718245
0.792527911726551 0.8505471220189064 0.876944303254329 0.8983881439889168 0.89597507738923 0.9147446330811658 0.9129045658011373 0.9341986225000454 0.9241595171561586 0.9143169794192165 0.9197737296749053 0.8978031638195174 0.8696694597298846 0.9087252043000247 0.9028709875481151 0.8821850118924813 0.8899027668545775 0.8758825177993635 0.8536244082505692 0.8868060944248628 0.8583450412698841 0.8391541279494927 0.8707165690509066 0.8710110097427488 0.867982319040304 0.821728216008913 0.8239429825376348 0.7699329812940586 0.7583311359466608 0.7245183967546921 0.7114824384609396 0.7217046321956335 0.6988607714032771 0.707441893193492 0.6928038112436662 0.7299576099240614 0.743234765791486 0.7693876268219635 0.8053188361039496 0.7876626770565248 0.8194767650347811 0.7733483178322677 0.768633038338636
0.8004968316432468 0.8455675728298593 0.8764355742658357 0.858707411536663 0.8814636331141846 0.9168326266813452 0.9339257701658917 0.9221710403087323 0.9405326245059896 0.9303966636164209 0.9113212132690316 0.8909900940605874 0.8752512155864249 0.8659088613851968 0.9042960124796312 0.896552164400214 0.8819652729075087 0.8430182935398469 0.8680804657058718 0.8858313254250313 0.8805203369928789 0.8396244716025655 0.8845832667890302 0.8739363469630633 0.8866783235060137 0.8544570622349763 0.806714116857202 0.7807080824840873 0.7559154970056922 0.7246972502685218 0.7282761980079836 0.7135938423363208 0.7166587459652989 0.7216025749579591 0.7098474430350106 0.7236855154174031 0.7388132953366505 0.7808420038792195 0.8129435805682381 0.8120923389909441 0.823907703355291 0.8137705940017996 0.7952569084372443
0.813171842644296 0.8589460576150925 0.8540733583257802 0.9045755699813662 0.914970640036355 0.9087113729113832 0.9259475184654883 0.9136866202597009 0.9157717181767923 0.8896251428840907 0.8679642993126162 0.8656069447098844 0.8716545296214167 0.8745959361902539 0.882691598841926 0.8722858152029541 0.8601364549940795 0.8571148707117413 0.8537657476525033 0.8564138704998411 0.875873708690687 0.8698871295935539 0.8786887574305792 0.9001767685666314 0.8882418709558729 0.8532410167843263 0.8562772707153661 0.807411131088139 0.7874780713349845 0.7784213983107409 0.756617323536084 0.7675904292000328 0.7272002860892347 0.7116904559616041 0.7421736515066986 0.7657924483051883 0.7896931039865267 0.8177714799179449 0.8046114014296193 0.8125571686794327 0.8181860192551424 0.8093582430566788 0.8125814613297087
0.8154485126556487 0.858953729260746 0.8661546318752724 0.9038705863391642 0.9112830490636499 0.8921586325604637 0.8863155725607457 0.9099872786221427 0.8790741731612856 0.8426336174384268 0.8719687208168218 0.8785944750489728 0.8599870897777481 0.857000998896555 0.8798203234192514 0.8539876219484112 0.8737626597474142 0.8616758601133877 0.884036763895009 0.8963076390078606 0.886716150150772 0.8790083356357231 0.8787768481294722 0.8808522396050368 0.8965794835319031 0.8985683262470641 0.8728723385142735 0.827362289522772 0.8119530925617673 0.7831921988657552 0.7770958801242991 0.7838192821689522 0.7335754276315515 0.733438992973148 0.7524339087329158 0.7503854042662759 0.7907835210010208 0.8183365543528694 0.8272996771235288 0.8099119458395201 0.8003642639871514 0.7904758006811818 0.8166933500107421
0.8553397250517141 0.8508011816646279 0.8809974001892584 0.8850078464700316 0.8942510262647482 0.8798315323187104 0.8933258035096595 0.8745558429354542 0.8611156397259255 0.836872581459926 0.8465958168965136 0.8768512852812665 0.8572865357024051 0.8428951154237763 0.8801043883644277 0.8698036498247611 0.8805585081587753 0.8868123432317253 0.8906773657070343 0.8991614943288659 0.8620613551138583 0.880395325164869 0.8625754870083546 0.9060356131921145 0.8956522941573472 0.9064899457366467 0.8762214900408984 0.8570141660074885 0.8296006603219378 0.7705047169730415 0.7597068795867583 0.7673439294226326 0.7513044562770886 0.7526010155341708 0.7414515881713308 0.7870556156935014 0.8312783339011732 0.8225120636892526 0.8360880869432726 0.8025233589529258 0.8095909481073548 0.8039109967237491 0.8073518547160048
0.864882540656748 0.8739053503134188 0.8647332478378797 0.8779238662001072 0.8553952409086902 0.8463223475112639 0.8897504747158119 0.8914523070440301 0.863808106365055 0.841009933090845 0.8473796164359785 0.8532842207192444 0.8437489014724963 0.8459347214115275 0.8848849600421225 0.8813265846654592 0.8686801778457267 0.8925535329942754 0.8814202814660661 0.8670891615467466 0.8721076938451268 0.8548407865409394 0.8901964005092551 0.9240457775161408 0.9148264009536464 0.9342356682521088 0.8758319503324629 0.8757739402022251 0.8272866559976121 0.7794411801595323 0.7929029500317704 0.7610895061188948 0.7761988908368129 0.7628332941303709 0.7880997111895297 0.8034217437119408 0.8337514656278062 0.8813878336359998 0.8809315651573996 0.8413249099569068 0.8555056378354196 0.8477260258801249 0.8584168596594034
0.864523234381695 0.8771194021308114 0.8702692273345691 0.8595576135421288 0.8564300272193117 0.8357515340900598 0.857667385023879 0.8761560277237629 0.8551016087720318 0.86475749060612 0.8573924997368096 0.8884144610131615 0.8739436731410541 0.8511372725526118 0.8882612808456792 0.9070546553781355 0.8815659263966293 0.8768566950258148 0.8767729572248668 0.8757381218128507 0.8613362930215391 0.8489078056088906 0.8940674759457012 0.9178695664942579 0.9390588237227555 0.9285269933823918 0.9014386536919585 0.8918955646155091 0.8763247879124019 0.8048155393927469 0.7822050304403043 0.7581649757875928 0.7855713024722427 0.8025957856712957 0.8034899846656127 0.8336668944187601 0.8544177231879339 0.8899229129371935 0.899977203196314 0.8802812477975376 0.859889350352558 0.8611070318636554 0.8801679363531706
0.8645938226402688 0.8371992290317756 0.8592418378971577 0.861420789494812 0.8367950567804934 0.8406180445236018 0.8438128140186919 0.8412034037018066 0.8816275115462283 0.9012094226763124 0.9018557618741403 0.9069177700192458 0.8827729509773655 0.8655536272793092 0.8841935826111844 0.8885689722933475 0.8951507198746605 0.8924369871890317 0.9020298620964297 0.9131426216966201 0.8895814321354123 0.8660552028638249 0.8884231035613959 0.9144202309064378 0.9348465592108418 0.9059501866362543 0.9086696269092019 0.9288657429177255 0.8661851007675921 0.8438855130380872 0.8286048365037205 0.7915297074632516 0.8007088560286181 0.7975268855426453 0.8433552066769382 0.8403630067165734 0.8793253101236741 0.9131720272586792 0.9100748468939642 0.8867901845611385 0.9022539023453091 0.9172372145552754 0.8915947071635831
