Raster_benchmarking/continuous/raster-447.asc
NCOLS 100
NROWS 100
XLLCORNER 1743149.383055934
YLLCORNER 5469293.960722601
CELLSIZE 10
NODATA_VALUE -9999
[rows 19 to 37 of 100, columns 0 to 41 of 100]
0.6835869346045272 0.6952221976234553 0.7045360410762675 0.6738785443903181 0.6313712479206248 0.623829897149018 0.621417154367444 0.5999880130819835 0.6177385251692133 0.5889361257761371 0.6034833164230654 0.5877057878657023 0.5954975456416347 0.6219918342147691 0.6253579799242386 0.6154317364602035 0.6368658858515654 0.609267024320409 0.600001314347561 0.5908214706252325 0.5785726095599899 0.5838070806459504 0.5876196058091352 0.6100850322404584 0.6292889772697868 0.6230685680044379 0.6520381967566239 0.6435635508933495 0.6388972861481828 0.6184999633113295 0.604452148363519 0.6033029739452105 0.5974496440461224 0.5983474468884288 0.5654460760959176 0.5671030517832445 0.5853043047753366 0.5574147079874787 0.573235311208559 0.559317425999655 0.5759294575034187 0.590263682540209
0.7011481873815508 0.6892981709285525 0.6818173271832018 0.6419977636999725 0.6232370947276629 0.6149369566779617 0.5877999200337223 0.5814317568497551 0.5784393246195991 0.5779395869630373 0.5588096138582878 0.5773316716052289 0.5698089221475263 0.592458281346933 0.6146578736652115 0.5984819660782037 0.6176293735530445 0.5775980294699276 0.5631285921982356 0.570839798209989 0.5677967750882906 0.5762347847521014 0.569994730454629 0.5990804063251783 0.5947758205877409 0.593778156404743 0.644703778159697 0.6464285566148925 0.6577288026913259 0.6065755177942161 0.6205934409043098 0.5985711867293158 0.5635200012662944 0.5798982017167387 0.5667039638112306 0.5725265825003597 0.5788261201817186 0.5451504512722262 0.5576455737865283 0.5580921285659186 0.5544856127513219 0.580713096413717
0.6755668147694509 0.659949111658788 0.6293640242245024 0.6332906098848127 0.6305988318363517 0.6224069042638131 0.5848412659918568 0.5611477103894483 0.5595371688417239 0.5503100232262539 0.5544905323246283 0.5550901851454852 0.5741149967975844 0.6083470452150556 0.6144659571436475 0.5902900289819454 0.6004595400013818 0.5858035963718021 0.5769676667528835 0.5892332496916237 0.5616944646674344 0.5630967931895918 0.5586844436338927 0.5626896308605837 0.5752680871209279 0.5922519569860415 0.6022204442065607 0.61014445940244 0.6127448840441693 0.5885377259975817 0.5879209161569791 0.5617030989805621 0.5612710179310567 0.5475090400208366 0.5550485811059681 0.5370271926535928 0.5697963316923942 0.5495507024117624 0.5716422305170814 0.5558980177131533 0.5442578724344764 0.5594968586218593
0.680678000954153 0.6483211747831819 0.6224817862493695 0.62650613542175 0.6296832399203921 0.6102254317768744 0.5865292995097762 0.5661498957851873 0.552178825558036 0.5728953563433464 0.5611046409862481 0.5768944276503793 0.6080912549627976 0.610416871566288 0.5894788864777246 0.583693219276028 0.6051152074862882 0.5714689769032699 0.5901896254173871 0.5896768949434755 0.6049546096392395 0.5759130796508497 0.5777868145829566 0.5697913036758023 0.5714719872105872 0.5956322248542836 0.5860117995502013 0.5860498462605548 0.5608770977308762 0.5708321746937748 0.548085693828651 0.540789995385106 0.5405742027587965 0.535530883496201 0.5325638938737249 0.5500650094265909 0.5451724854604569 0.5587504830133662 0.553263400152452 0.5547984037920086 0.5598416572915813 0.5425117924391547
0.6565813005580584 0.6410425353688948 0.6146933074395868 0.6003528810497125 0.5818046469773421 0.5754794181753052 0.5482246970085742 0.551517273152275 0.566521764956443 0.552172835050027 0.5550504307440008 0.5763893236583568 0.5766462331950641 0.5859865961864198 0.5996652747154786 0.5904067741547951 0.5695721166302692 0.5650077149010481 0.5686151820598898 0.5762202738921564 0.5694659827987684 0.5741554994113428 0.5649997213262784 0.5458855799117283 0.5671824268207235 0.5697045082842803 0.5774849587597968 0.5720190793621723 0.5615199312355266 0.5560900311754793 0.5304466804128919 0.5247522263360082 0.5300957173155537 0.5034247920178369 0.5173678988671342 0.5078310514120643 0.5076917219733698 0.5146792890377372 0.5252395532856015 0.5414673661406437 0.563155369948011 0.5499043910572343
0.6656984183683927 0.6306543833500724 0.6068174145227484 0.5834689739380526 0.5787315264535016 0.565504488138431 0.5293323134229447 0.5483867167449116 0.5404981597451552 0.5601626814692866 0.6040891399168882 0.5715801506449579 0.5999887912696983 0.5871348087937228 0.566936642786847 0.5851922177691903 0.5638821467380535 0.5608692458651149 0.5430125823119852 0.5457341632335279 0.5704081609186981 0.5891407498344854 0.574131780793387 0.5406072471900243 0.514980392557986 0.5333097023254469 0.5442567965541588 0.5544632810630582 0.5694430188564275 0.535341375910259 0.5182227450683909 0.53431575945547 0.5363737015912352 0.4929971688762475 0.47768104504496617 0.49288430748301043 0.48794601673361365 0.48942316592053026 0.5286450876670745 0.5261637036057352 0.5362268979669866 0.540941255773441
0.6124906301848453 0.6088038074872738 0.6078697940008734 0.5864179351735589 0.5602803143170335 0.5464682990980296 0.5215570502893303 0.5389508575438718 0.5240878292977489 0.5473373945701008 0.5802346565301805 0.5815762841413927 0.5983688778726556 0.6074397784034673 0.579670981893347 0.5466879619445848 0.5658065163202056 0.5679073226317161 0.5511328106914598 0.5531082202351209 0.5684359951489826 0.5684780347974803 0.5467968142487453 0.5332070068294701 0.5389844634408286 0.5196881596508292 0.5248874650247148 0.5237034196372713 0.5266108661058491 0.5202787882920378 0.5265721448423485 0.5349431545084692 0.5505603080023727 0.5291734723793129 0.48575587530256337 0.5018123309249318 0.4850828229485982 0.4928477199943463 0.4919134962368924 0.49153480945791306 0.4999245012044037 0.497436827364082
0.5818475710857863 0.5993630235827706 0.5942692595767797 0.588287673330323 0.5656190642884924 0.5546122231045499 0.5355193276609999 0.5542086448330049 0.5255354749356126 0.5305348954785772 0.5848681325395689 0.5935578051499006 0.608374294728565 0.6025356974208977 0.5817460255917692 0.544461291072968 0.5487996645547021 0.5460426954089522 0.5556297185332081 0.5720207357588235 0.5667060927289089 0.5451114264841532 0.5417862206840168 0.5388526839374803 0.5217931038611877 0.5062284535128037 0.5072576373948218 0.5267641252239489 0.5440062410116496 0.5363894725371868 0.5019861858131377 0.5283907280951543 0.5391753369565346 0.5095466477286514 0.48660811499811024 0.5002496221875744 0.4913346870087084 0.49254280773422343 0.46120285902612507 0.4773825236727576 0.4524960942897584 0.49054917003317217
0.585523511507409 0.5911336010278583 0.555713797966481 0.5517228612599061 0.5603569495199249 0.5630963903698932 0.5706976849596191 0.5522211218627526 0.5400718913675205 0.5203994684046296 0.5356133554705474 0.5780639329321863 0.5789487827080979 0.5928622231027697 0.5692294691005081 0.5700219566993096 0.5797944816885491 0.5596899568657498 0.5704855367193823 0.5789164409541302 0.5704205326136891 0.5661976370574939 0.5189757758501174 0.5135726285328522 0.5015025225118412 0.5170714646438289 0.4901031379221613 0.4894898314892147 0.5216652108947838 0.516957220486763 0.534638976753094 0.5269157996880958 0.5231312104589352 0.508146973770424 0.5008380971683584 0.49329240182251555 0.47970656598892597 0.46295605744437507 0.44781694802894834 0.4552012361686428 0.4413164003774818 0.45908079834417925
0.5702247872980721 0.5654157623511207 0.5448384552722827 0.534948161425699 0.5518516601873451 0.5663172634503552 0.5557553870926204 0.5492148579045908 0.5128675862787675 0.5394037351622712 0.5351915688031577 0.5590178572741665 0.5812479072713774 0.6022309054933677 0.5848091770918735 0.5642104491522518 0.5615846209686943 0.5799342495622127 0.5754021515396182 0.566391042406421 0.5768677443616864 0.5643256975206824 0.5320659992634811 0.5171185575227587 0.5335117075691849 0.5243319320695222 0.5023301019754648 0.49492983706366744 0.48302813522946414 0.5094964915941225 0.5169751796188828 0.49102206503551904 0.5036427298098858 0.5200066988498955 0.49573781505910647 0.46336179943459727 0.442652228420977 0.4268658233622997 0.431313046656453 0.43808888510512944 0.42575671779679475 0.4306909700064762
0.5823950993274982 0.563006648664609 0.5629909051417655 0.5604338772255328 0.5715213466940184 0.5732907202879758 0.5599163544470203 0.5263950832724955 0.5294582949954517 0.5196531350784405 0.535631073103568 0.5814615927934547 0.5935407406503524 0.5799335787543831 0.5904028952116644 0.594939541946813 0.5755662183126605 0.5643174468544435 0.5633556532755861 0.5713915091252515 0.5647084916689002 0.5380779172319918 0.5256847435498083 0.5449910418399146 0.5156024272473686 0.505982895654924 0.5274069262790881 0.5023197728849351 0.4889301078720701 0.4826730052627187 0.4822852722630172 0.484967525989716 0.4855643441167581 0.5013582378161191 0.5006133079692623 0.46017732574558345 0.43439535773318905 0.4302044831200429 0.4578392138999076 0.45222413511873544 0.4401068315067505 0.4305450168055702
0.5953479682871168 0.5908412651379046 0.5801677502699436 0.5631375758535998 0.5896223798268111 0.5754189893073965 0.5557325081073808 0.5448759457241378 0.5118527510863757 0.5161241840390681 0.5542881927679391 0.5685303210294763 0.5999892499971272 0.608875246615702 0.5939658593770252 0.5771668301231817 0.5859531199418392 0.5781947783897585 0.5710834743183297 0.5615298153842476 0.5498772183832169 0.5491028427193047 0.5602982915866545 0.5391980864532222 0.5454409471178534 0.5318455862130809 0.5208643198835877 0.494149248599612 0.47057098483251275 0.49596753798340687 0.48136594433095753 0.4736624997532998 0.47122504010252547 0.46350205085566126 0.46509970234113845 0.4405413294630989 0.4721550046937947 0.44360678558861755 0.44378817628575623 0.4461100521406092 0.45135571394410345 0.43720412438888384
0.5486615448401503 0.5710263091393774 0.5770209963908298 0.5933871660109318 0.5698750033419124 0.5841176193121774 0.5712401619518244 0.525667599047476 0.5224006480524144 0.5469087347017418 0.5604294264175419 0.5823302347688819 0.589164838234969 0.5861107846825221 0.6104235862920397 0.5958693041297268 0.606740989732605 0.5974015136379999 0.5919372236204429 0.5428214946779284 0.5532361456256805 0.530721722727731 0.5557883092601514 0.5465470833349305 0.5423104073936451 0.5334820361907741 0.5075746361230695 0.501613131109964 0.5002570081260339 0.5024806546971324 0.48998239473802624 0.46670898513575665 0.45242282180064636 0.4476199089984328 0.428597446471976 0.43469387714468555 0.44929732916224635 0.4314507444814582 0.40379458779194805 0.41594753339095086 0.44104887074261623 0.40234409824126866
0.5306327360876779 0.5523578125821563 0.5671553491797731 0.5890946588581643 0.5686754948639425 0.5800034181794669 0.5464258228983819 0.525165310386756 0.5113042323353181 0.549414140811303 0.5630276229743045 0.5552986007789134 0.5743556077879669 0.5980385780991838 0.6029481829715546 0.6032163251659028 0.5974137781625332 0.5822239018655291 0.5781367964100118 0.5528561935419826 0.531213822543533 0.5166721243764685 0.5347778633233228 0.512733928630756 0.4812943746818379 0.5204152830213093 0.5074407674851923 0.48596067570777596 0.5158827635373887 0.4817588910094638 0.4802440050288892 0.4856632974329934 0.4600222696101348 0.43677631764683594 0.426853809275519 0.4449603988795103 0.4251297079924008 0.41439134835384445 0.3937651948326501 0.4069046506540109 0.42298819709454233 0.40606245708054184
0.5624476875129205 0.5555872894725509 0.5743427151106762 0.5722362526171616 0.5554975414226294 0.5637314032674331 0.5513910857245691 0.5428253683261839 0.5029148697020376 0.5077222056302437 0.5256856099567714 0.5572666908173133 0.5554359759603147 0.555033317845388 0.5674439990710687 0.5912070821747689 0.5924116568746076 0.5840041672077665 0.5452948561937045 0.5299239867490732 0.5233535348267782 0.5076114167438343 0.5094769120515117 0.5217195244909951 0.48655507418881166 0.4946666070126318 0.48270370682741126 0.49806239497884464 0.49387330079056285 0.5040369646835119 0.4801908670598215 0.4876410398362589 0.46384670224219965 0.45877619113254964 0.44538524149352676 0.41437421725818757 0.4019235316048531 0.40235813151707445 0.4003764730418756 0.3952947075415494 0.3733546378023024 0.3675505636554968
0.5409023990250128 0.5407846002668655 0.5470771630002847 0.5520884764651869 0.5654974592897896 0.5663751839285711 0.5452328552656535 0.5102606731937661 0.5132010403997687 0.4951608452100896 0.4874514284697095 0.5455746077111066 0.5624706131302049 0.5379433386456861 0.5533650022617054 0.5465405497024918 0.5631225130735129 0.5438038644416405 0.532376771184592 0.5298685481853492 0.5235610748764777 0.5156304987473362 0.49750607969686483 0.511975602624198 0.4952248065406539 0.4854288331321336 0.4777605726824899 0.48304035518621846 0.5052415806693691 0.4941224902353187 0.47083244693139364 0.48095744785135275 0.4965406653679018 0.4600801995755763 0.4474496787185705 0.4316230247925052 0.4068915176203546 0.3907395628816799 0.3649943617757569 0.38844204387090076 0.36823601688120167 0.3592331019083473
0.540470774246601 0.56429046462417 0.5663159228060358 0.5595366346160882 0.5375611356006328 0.5413974355269926 0.5306127035650825 0.5003092578229131 0.4970049951511589 0.4876908903455494 0.490189554784766 0.4994810126149225 0.5253775351751699 0.5322581840102397 0.5537556534445789 0.5348746495230919 0.537135295907763 0.5199168918690692 0.5121816929518039 0.5358015265709729 0.5456552631881797 0.5301407920219995 0.4911335299771111 0.5109669769106302 0.48417357954314183 0.49399113288035373 0.46717203857053174 0.4919060997944229 0.4921386812517863 0.4716831900197425 0.49038769029670815 0.4829176165815131 0.49385906885426917 0.4617126388464157 0.4188470751595438 0.38485049768110435 0.36214929469830415 0.3484084552334122 0.38712503053898906 0.3852844460491691 0.38345649017197525 0.3683343855000966
0.5502232370781591 0.5481751719980076 0.560108323032059 0.5641831529109063 0.5564387662268147 0.5375040695152673 0.5037381114624248 0.47611646775588023 0.4586694817994628 0.48345414635400047 0.47236732693253247 0.4924452777007265 0.5077234142642767 0.5299309970328206 0.526743674304225 0.5003925881719281 0.4892394671159726 0.49787762977960254 0.5196705171195416 0.5455437028824417 0.5528264060774972 0.536550955193491 0.48252253347565355 0.5043196014162212 0.49434777368308397 0.4799904027488572 0.47609873629656807 0.4832294403053368 0.523395028677914 0.49049505458319054 0.46057417890358 0.46350475517110995 0.47663636798340575 0.441054516969157 0.3658879478707233 0.3628872131501764 0.3104002510911978 0.34789848155876585 0.3794165403068336 0.4019763018785481 0.40650892733737054 0.3549170671887925
0.5122557565567444 0.5458216706144583 0.5566965467135567 0.5283368288647833 0.5112007871800698 0.4993752101529712 0.49163689480677497 0.4667811943776138 0.4818205383501901 0.4904522623589429 0.5004984521487319 0.4952503433954518 0.5187793384124054 0.5216273682836127 0.49733602591642917 0.4953520294494019 0.5164788522168691 0.5064356375559824 0.5257491115792817 0.5092572329541141 0.5286373499591175 0.518482025100949 0.48784318972574753 0.4992836966963316 0.5017548063637265 0.4971631196679334 0.5017265649805847 0.5004730217752993 0.5072921835596389 0.48282357709004214 0.4490161378364553 0.4511489157297843 0.4312069552434465 0.41865283033982825 0.35452425626598827 0.35384459888516523 0.32151657672061823 0.3456881206774238 0.3766804872959912 0.3651953824957262 0.3598922263767087 0.3640553725636744
