Raster_benchmarking/continuous/raster-349.asc
NCOLS 100
NROWS 100
XLLCORNER 1743168.5506840483
YLLCORNER 5469287.314738824
CELLSIZE 10
NODATA_VALUE -9999
[rows 57 to 75 of 100, columns 0 to 42 of 100]
0.1773904224193072 0.24341584680318756 0.27684213877920594 0.27769945360753123 0.24832473397687382 0.24814728618791412 0.31591517541564074 0.33187863448708727 0.38316003509748886 0.3788242077494376 0.3617140279577016 0.3728511144065113 0.4069273808238156 0.3852097658861638 0.42613814088501045 0.41818805839918377 0.384136928412119 0.3629059802458311 0.4075115953392371 0.4024543324936769 0.37324971920207417 0.40970753253055503 0.38464543168064147 0.38318246834733194 0.36233484828191415 0.4230093769355663 0.4130543977587584 0.4100127716761396 0.37827337040638476 0.35432969074605625 0.3858088983090341 0.3696404845753352 0.3386553295344137 0.32535084865289277 0.31312078520197534 0.321715939466814 0.3357931250827045 0.3200716394540414 0.2708431158983557 0.2869250620376364 0.2990049483734345 0.2779364147944735 0.32557362491319275
0.2359115334350055 0.2512153584102116 0.22857120401977968 0.27786965215133796 0.23846387853962855 0.2433465384110045 0.29080077636770263 0.37265049562345065 0.3943018023197107 0.38644016058375835 0.4370722666927839 0.4155608674868826 0.42761206279216907 0.4276082162766943 0.43976006222072134 0.4771679421173884 0.4273578788837029 0.38940131875503037 0.41600553687883146 0.43578191164598173 0.43731227847795795 0.4239597408212837 0.37568188298206695 0.4124776974224291 0.3884150128196427 0.4367036004245438 0.4145826137664299 0.40085305259029563 0.3916710947941901 0.35664287981952697 0.36099033008438314 0.387049534484106 0.3648598557510382 0.3906246333536433 0.3824900254497652 0.3760189011883849 0.3459308335327032 0.3347410791322965 0.27371654992708777 0.3041935257428836 0.3014578438916561 0.29199351974249504 0.34014357459763456
0.20570647331166697 0.24858098844408272 0.24693015232083246 0.25766039120290507 0.23697337436937518 0.29355925137992506 0.32663890337557566 0.3788457682638078 0.40672094250411384 0.4286125561950896 0.47166991096852057 0.48827365564577274 0.473190942035056 0.5182111772211847 0.4697178970468101 0.4921708298215873 0.4483501780866741 0.4820469058607464 0.46981112033931727 0.44856479336956495 0.4772221305263896 0.42191403472371136 0.4248765516396909 0.394025667641707 0.45284694393885466 0.4650057438258739 0.4257951191183337 0.41049494772488304 0.41511681698442904 0.3768345552168639 0.37527129276015775 0.38663347368631507 0.3821485391107609 0.35419025828934425 0.3999500102892955 0.40582308597601874 0.34131272450424743 0.3146974637041926 0.2953615348701707 0.28910519039901184 0.2959507099328443 0.35305262844156526 0.32524330415794
0.2519850515969662 0.2560238694874335 0.24940362411206804 0.24823746966369137 0.25903693954088736 0.31143728278108446 0.3273919396536631 0.4057334161135726 0.46957302591132305 0.465085743187717 0.49789025600732667 0.4768620385781325 0.4909694978966531 0.5362391517124685 0.5420373632182033 0.5354910972556268 0.5116588528402043 0.5412082587700863 0.5029214986837618 0.49265594219774844 0.47428949339562804 0.5266861363249626 0.49863035380581694 0.4833436583811576 0.4396383982678059 0.4440578200535756 0.4500444846670608 0.465675319798375 0.44317560203172557 0.4530680747300397 0.44851630547557314 0.43026956570883 0.44637464753526734 0.44194581278391715 0.4541361934740919 0.4141177650746422 0.4101379174178912 0.41758999489353144 0.38578685927461215 0.37544680668344044 0.36177872423187785 0.40128144370974056 0.3742121781146671
0.2649185625657453 0.2621022393428663 0.27081609801458423 0.2572137980121166 0.30649875223468465 0.3037945387357236 0.34431126133005713 0.4268740296484735 0.44401674762021137 0.5109003052954182 0.4660695266361064 0.5070499612345395 0.5167181152306014 0.5442841067240559 0.5795181931540266 0.5795896330601774 0.5712750579539251 0.5556433470658899 0.5301084635514934 0.5433460599996819 0.5743925101720386 0.5823134944454328 0.5433717292774216 0.5316840235103638 0.4986235948290103 0.4902724734691614 0.5230353368882881 0.4831114889305314 0.47094136107799645 0.4752537996053527 0.5148848696999052 0.46514331244451423 0.4933477810995275 0.49981571188453255 0.4927726944558234 0.4462410110809626 0.43736782179401795 0.42815970224042554 0.38576607854915984 0.38242084441493684 0.4155046559674621 0.4128143702176765 0.429151048972218
0.21590859141845842 0.24930486236906632 0.270009547101521 0.2710650380818203 0.35615915437195217 0.3724372167832257 0.4217643935527898 0.4415198895424309 0.4664087154236476 0.46347213773352625 0.48169382108007575 0.529440899856667 0.539147859173409 0.5637830635975517 0.5813826723626591 0.5840241098322881 0.5326387112582337 0.5429159821254862 0.5804597234171573 0.5614717150676075 0.6134288317732057 0.5925160977306309 0.5596247352621931 0.5736650589644053 0.561308690017567 0.5948118613684755 0.5357626584209118 0.5583007331700216 0.558107269720089 0.5621638633848741 0.5693872273883145 0.552678519550219 0.527973818264647 0.5186331063164723 0.5305081322662254 0.5297513558978328 0.5177663505227307 0.47974883706196886 0.4787784749277214 0.43434742001158705 0.45961461542492194 0.42822830795067174 0.45711537611937225
0.24607006493628455 0.220980611279522 0.24389914641080088 0.31820965935189033 0.3900403301300773 0.43202382366521125 0.4295437526136331 0.4228264991639752 0.5019689009839448 0.531099321313004 0.504094271524631 0.46662487029503813 0.4949388313796607 0.5204621842836399 0.5510210192771423 0.5516463933990621 0.5177412984214937 0.5754845666440652 0.5934556956536076 0.5956567176437475 0.5897046372858026 0.6055349263830562 0.6273637408595362 0.6005118352546598 0.6082472033604804 0.6931964254711529 0.5963343702948999 0.5965054789781535 0.5917238154553572 0.6086456681063225 0.5860581547862015 0.6117068636537802 0.6069517430290571 0.5617850418906208 0.5369193673147848 0.5409878828949638 0.5161590909395397 0.5459137917637858 0.5315801950302447 0.4864834018056265 0.4823806417088523 0.5117499555907543 0.5273328767754587
0.20256012755896213 0.21557586194566272 0.24113656351092982 0.32273198762405486 0.3885882329129941 0.37626015459397294 0.4112413546061642 0.4660141309291468 0.45537989261130596 0.5188425864096157 0.5251112694868911 0.48076745116684866 0.48722499813868275 0.5230517564269438 0.5207362250392302 0.5611242503843406 0.5456308337414786 0.569277723800619 0.5601686056169651 0.5487243351895154 0.6152623718756242 0.5917247169280341 0.6146150841248614 0.6514906286212672 0.6778754047726667 0.6866049184736736 0.6461371116494637 0.6423160417446778 0.668258743739052 0.6609693148263143 0.6357876368449177 0.6527919232317153 0.6118480372915961 0.548716285847839 0.5371809306988555 0.5551612738128112 0.5488310504788085 0.585741638533718 0.6009599847994127 0.549854549858943 0.5613125861128784 0.5555550848242022 0.5534907515922802
0.2589465112048508 0.24657919911043155 0.29486708647163085 0.3064930480842065 0.32530226405383283 0.3715100455081945 0.4322301732631015 0.45139452934078694 0.4453610898031065 0.5131854257904227 0.5429302965868239 0.5097560446718244 0.5399502874720824 0.5341564564987836 0.5374381183397087 0.5115187956797949 0.4790922519473456 0.5230263268473253 0.51970298930773 0.5535835689929928 0.6127874911293066 0.578188814043026 0.6520257796040402 0.6820306632430804 0.6695145084833323 0.7089983429998995 0.7150959019788362 0.6868629655454369 0.6598521037645986 0.7018567775431918 0.6945483021389708 0.6646862848603917 0.6317408474707087 0.6208976390794878 0.5566550209784902 0.5449713204550609 0.567989570076461 0.6111723456389078 0.6435681998344153 0.6316444106363694 0.5741636080499588 0.5596161150312382 0.5638371997898776
0.2508228507747931 0.266236787650374 0.2796297228563623 0.2643932022676225 0.35338226440617787 0.3800443740207703 0.439852543200518 0.4544289389008623 0.4675732066289031 0.5265465028974565 0.49250838031737615 0.5263520759031126 0.5151016161070419 0.521052770626301 0.4922752124114803 0.44295413550390306 0.4481960361013763 0.4882264051782588 0.48371315994558955 0.5538645658516598 0.5722979044109466 0.5717429145314469 0.6132514041123339 0.6932603323357035 0.7389561241042001 0.7545581409532354 0.7124363015606 0.72816584414172 0.6767595709720048 0.6971173204333573 0.675925583426486 0.669834132518843 0.6467279782541435 0.612552305267327 0.5956928123835405 0.581345587828726 0.5730064685932753 0.5717951009948348 0.6006460579686465 0.6359541321025725 0.6092772198247324 0.5774608245528956 0.630998686424796
0.2986054135416852 0.2982694620990997 0.2586495695232185 0.25244568536864015 0.32135606913716286 0.3581480049798282 0.4000573835650896 0.4599849013981535 0.46673722288973335 0.5388846601518119 0.5362541175448997 0.48581648342626765 0.5067847285501094 0.4545509613340826 0.44236072138124727 0.4260395441670381 0.43240835305921826 0.3922829116970842 0.4406944466357831 0.49041477291835456 0.5840115846823785 0.5767956883172384 0.6571720370411845 0.736851234105921 0.7463401532928863 0.7235098095234216 0.7335123032243367 0.7063368722207926 0.6799209011045091 0.698242738895505 0.6961395935144971 0.6777725340043819 0.6495699794281501 0.6609912941556906 0.6210052644689186 0.6182110698725058 0.5713237221452689 0.6081692850941188 0.6230848840297286 0.6596142777725427 0.6634757258159321 0.6463805694929003 0.6494341165264393
0.26175507644586127 0.2826157768150394 0.24062105479768728 0.27292941722134667 0.3331228795140393 0.34637406142247423 0.4284056425151163 0.4151075328549893 0.4697505669260187 0.4832733488782947 0.49598961337548064 0.5135608755781629 0.5011082532708618 0.5015429696512697 0.45453639857239686 0.46557652826670903 0.4111750990272622 0.42810111675782975 0.4958897996897614 0.5251741560075847 0.6016098868695396 0.6664577979250446 0.7147520188039812 0.7019042551847806 0.71117335784938 0.7424420447818706 0.7571474915639251 0.7206723707732219 0.6838477686297332 0.7179146517191618 0.704681516455519 0.6426290915724366 0.6390683788935531 0.6707163469774768 0.6480529624267203 0.6375149798555237 0.6188222057886859 0.6518730301801835 0.668743838756715 0.6381667931627301 0.6769480704179741 0.6515141832523761 0.6694275170857863
0.24786655988603148 0.24222585304288313 0.23384066618247848 0.26992959507464964 0.33514717413710565 0.40095922670870904 0.3712788142201653 0.4030662971230284 0.513410453938107 0.5543225682151096 0.49308971082011765 0.480626896469872 0.5139020589189268 0.490568344265099 0.4400796279610986 0.4384792445498826 0.4266656312894525 0.43064874412602144 0.5170827009456447 0.5735313668747841 0.6481079018667332 0.7094176379356496 0.6967866219156355 0.7432074951202748 0.7252940341513893 0.7476143608268124 0.7359991727643983 0.7587474772456019 0.6799391484629124 0.6849425465119132 0.6578070337679772 0.6447281236962706 0.6431342322967015 0.6575285134624522 0.6369821377929802 0.6772819493243231 0.638020791379815 0.6674783537543385 0.6373934521729927 0.6466569420034595 0.6194242276561438 0.6254085535339017 0.6370752843997542
0.2728855172638026 0.24367091910576952 0.2678476026243257 0.2796600103913487 0.33913172749034426 0.38514453972358514 0.3775515583421224 0.42124669478123394 0.5178705821909183 0.5754180632779121 0.5583080246630195 0.521317073544214 0.5555732293378695 0.5224688809835365 0.5060841493241487 0.5017250139930672 0.49281886404811087 0.4862587327088382 0.5304843720105011 0.5700130880704973 0.6726378513042022 0.7243556012995979 0.7187422979130054 0.7412116478394742 0.703318685425583 0.716772815094383 0.7501020827295267 0.7036216532408891 0.6722691112544629 0.6906465719153523 0.676922529772745 0.6506708352973822 0.6840598074223473 0.6417769260778027 0.6501368020851365 0.6843773027069291 0.6630836137452872 0.6950592206139282 0.64847932641448 0.6602818615468034 0.6087453202019265 0.5791943507560928 0.5701684145870831
0.2967543131438168 0.2811581718901338 0.33157786670922357 0.3260294572256233 0.35555680955814434 0.3610556720958729 0.41770405808004757 0.46655191475471075 0.5197931775681338 0.569178121963646 0.5696279493440561 0.5697835414746831 0.5721549512889387 0.555460429531164 0.5554142511799457 0.526212434218485 0.5147200792806766 0.5166675331592017 0.5106060155431706 0.5540028344540872 0.6427549205610914 0.71718921841251 0.7102181074876064 0.6819595384314294 0.6889759373452523 0.7468421187078238 0.7362385510992767 0.6756667303361763 0.6502600481939651 0.6459308152653316 0.7061855467181071 0.682293103656992 0.6492407010243197 0.6213796518225537 0.6630884161153027 0.6194085050333267 0.6745006477283657 0.718062886474843 0.6407880171197342 0.6160129459223032 0.5727152999583723 0.5290390705010957 0.5707270155771853
0.2620859087966842 0.30527471138195256 0.32376970965500396 0.33558790591158255 0.3680785862903323 0.39751258253437705 0.40632814823912616 0.4640385156896999 0.49514601791936685 0.48253823989529737 0.4884870233750088 0.5412792852182055 0.5272854196235515 0.5090558616325307 0.5203287774405 0.5511537628619616 0.5276971919333334 0.5486795880175713 0.5434498492244692 0.5619110726443213 0.6600181334588228 0.6661511807084993 0.7028909541258808 0.6702670811647148 0.7014394932578949 0.7539694088928899 0.7546886454105513 0.6878032099620073 0.7104150385466576 0.6670732507374681 0.7041069816289944 0.6598724179305387 0.634516539763071 0.6068866455576953 0.6351231277919756 0.6064521468799634 0.6178341550208464 0.6398028507104412 0.663825672097151 0.5841805676258677 0.5620470752908217 0.604009164364282 0.6175371977634809
0.2553904211686911 0.26140758038239076 0.29301678614811455 0.31715371834207257 0.3700823779972106 0.35787396463775667 0.3864883249087341 0.43307912107338686 0.4169233855701805 0.439833855739196 0.4857053965773219 0.47995797819173586 0.5421101997634895 0.5640454088202889 0.5475259777038867 0.5356030188213532 0.5339735614236437 0.548754897054622 0.5825220387545171 0.620462898993467 0.7092506525526302 0.7053041773191796 0.6921812178535625 0.7026909506593099 0.7458548497027693 0.7640566113198721 0.7680620427504511 0.7133825850444813 0.6934160956622792 0.7242263389842619 0.6861277541876948 0.6903254614089613 0.6389632076109086 0.6636198606904452 0.6262601028649012 0.6563705145798102 0.6021869527001413 0.5937453451970455 0.6310802403197301 0.5932928248205372 0.5651671345414301 0.6135676995215483 0.579464037559653
0.261503346007378 0.2817627213204279 0.2785836830577053 0.3608506337828545 0.37321055050225516 0.3496517706181661 0.362254703828699 0.40944272482218 0.40391650512518873 0.46646716472220723 0.48634062833456126 0.5051857718900093 0.5450258865379712 0.571920342216173 0.5922478185407246 0.5638490577178072 0.5722886746357088 0.5801412377304674 0.6434723260800131 0.6995779659985584 0.734776743188909 0.7788459946078182 0.7790294942296672 0.7805952795000507 0.7778882090920847 0.7707107008146984 0.7473437472556815 0.7436281671111818 0.6931348349876217 0.7199772727752256 0.6872548211235815 0.6736160246279049 0.671617832132559 0.6946358128145662 0.6723760987502717 0.6616191717373132 0.6275877408523299 0.5822493830597721 0.6073813630195132 0.5529746362805952 0.5783129636850214 0.6074351422600115 0.612660486598537
0.2747807508360752 0.2931768528759881 0.3098200000877145 0.3562297643500231 0.3444749550159098 0.32963814515495665 0.3829138107428444 0.4087916445659512 0.40038267468157146 0.4391621987644173 0.5270314631397766 0.5630148886172834 0.5218452969158459 0.5452546030039599 0.5921012951621667 0.6266908779546738 0.6563004246158156 0.6526666541824722 0.6576524946505673 0.7232025948854087 0.7797709560784926 0.7868166403969771 0.7672093541845735 0.7860562258354382 0.7796445907248392 0.7432482509757131 0.7605770608264917 0.7248466311517859 0.706215347366079 0.6780657388330107 0.6674062769558985 0.666244489305935 0.6480768395717404 0.7351414038132325 0.6480302043203364 0.6482321089199834 0.589856347408371 0.5818596367162868 0.5620796485299543 0.5493978935829965 0.5485284464139968 0.5898318960271285 0.571166863501772
