Raster_benchmarking/continuous/raster-68.asc
NCOLS 100
NROWS 100
XLLCORNER 1743152.2539686137
YLLCORNER 5469295.463247745
CELLSIZE 10
NODATA_VALUE -9999
[rows 76 to 94 of 100, columns 0 to 42 of 100]
0.7684414011550548 0.7961540193402048 0.7786481681184422 0.7485995806348398 0.7406101422181005 0.7643597780797758 0.750338931410984 0.7424685358784008 0.7584523241063962 0.8030706496877634 0.844575700334876 0.8594171237276742 0.889308738623543 0.8886514723110085 0.8703648787388882 0.9234022636487407 0.9674539925084074 0.9587203284009626 0.9432359907858523 0.9493186219773978 0.895862313420753 0.9189955679232527 0.9269975380029152 0.8096519439096856 0.7959148693512009 0.7808886340221793 0.7954846912808601 0.7647139069280603 0.7430332204820651 0.6984752928569216 0.6864628442176819 0.679759550192856 0.677466639601639 0.6316075125558326 0.6099110119393798 0.6769814289648382 0.7371844343135203 0.6691877299150694 0.594894165115555 0.5656009688521011 0.6012525810427644 0.5349761279739697 0.5306270950724666
0.757089999937124 0.7834019408719314 0.8342293462478833 0.8353319711762145 0.8450702894082882 0.7897786444775011 0.7441276370121748 0.7798500894488037 0.81382129001129 0.8643374423966298 0.8591130627042646 0.8505590967267604 0.8528409407898883 0.8892640208448148 0.8648226685715954 0.8964101415493055 0.9422873879662861 0.9448255130543706 0.9864376985226622 0.9726921916962761 0.9671599030365357 0.9375321679408969 0.9025290770050102 0.8332126396511184 0.8326121133116907 0.7825485198978666 0.789963016308638 0.7242615876259553 0.7660562135467893 0.7136514273116864 0.6618826759527145 0.6099216892051281 0.6493629946825705 0.6439641021570658 0.6297290092289808 0.6972194728633369 0.6932953517775128 0.6623384290767141 0.622992598861092 0.5535561439892805 0.5432633405668179 0.5472571102681029 0.5222958709827462
0.7788946200424642 0.8359014606798763 0.89375300999429 0.8708395437675595 0.8868094957086433 0.8221116581580286 0.7952121841428109 0.8699681179428645 0.8896920878100044 0.8862671435537132 0.9182624596933934 0.9129036489725918 0.8615282341692009 0.8940425766040754 0.8911846889019314 0.9421359236303259 0.9803437342216236 0.95872766287781 0.9865888034078826 1.0 0.965035152151674 0.894382315070282 0.8860534986929773 0.8130751570094746 0.8032261279522277 0.7848317548100453 0.7496765938655099 0.7170339529624634 0.7523916327958261 0.7257068805908419 0.6053088072189293 0.5690789666432905 0.609600560128271 0.6010912549423195 0.6885861345102194 0.638888911750325 0.6385676315241064 0.6500305446691463 0.5780864338565663 0.5588241719951262 0.5931863314922946 0.5158269197584582 0.49917871789722545
0.8088195228001136 0.903042054140276 0.9408384503980092 0.9069095048963239 0.8620208291493089 0.8528190430085875 0.8207510028797499 0.8730260879903392 0.9070134540631456 0.91992198633095 0.9332143637779858 0.9096795043478486 0.9202091848325593 0.8885688934308501 0.867701153608282 0.894282941715978 0.9078275858554236 0.9255664057363758 0.9024209191836167 0.9511326787377227 0.9448322240086227 0.9018160021747019 0.9142910497466775 0.8167931353671918 0.7679637091537396 0.7547266876520891 0.7535629779972786 0.7042590919910967 0.6975193228265446 0.6804190400983605 0.6328168139287005 0.5979601909784195 0.609370634293781 0.6166091399535746 0.6272898383803155 0.6594149408271494 0.6275200768465959 0.6180390773703537 0.6150375884209722 0.5531680230601451 0.5823223071932497 0.5379129951551848 0.5274252582660607
0.8819910235896837 0.8853969482925973 0.9069639984853155 0.9454563417878558 0.934606799126861 0.8765243405675265 0.9071868398510146 0.9165078667372539 0.8788645902645552 0.9535478973308684 0.9654337751014568 0.9558659566576463 0.9058831219601239 0.8765126495201495 0.9113140808523112 0.8783813604056543 0.8636964969489116 0.9074930613878545 0.8936584433997047 0.9096913949039231 0.9720202279259397 0.920279645261512 0.9242278580726242 0.8567961413643076 0.7619910330029321 0.7635124743917194 0.699176047301018 0.658595533742091 0.6752670367079425 0.7091431088045302 0.6720301494589518 0.6217598051113636 0.5778045941391987 0.599516397489 0.6069827480701186 0.6383108918594691 0.6992465152204164 0.6559419739022634 0.6578157228700715 0.589816234297324 0.5111398376856844 0.4777741434819754 0.4634885358353685
0.8618544735982662 0.8651687884583018 0.883610705442303 0.9496323372062805 0.904626498068559 0.9268181308227669 0.8899697843601089 0.8995916434484048 0.848522493381634 0.9084825091958961 0.9573034226724538 0.9606707606925836 0.9131416422128885 0.9002210023844661 0.8741063323476453 0.8911623365201723 0.8643689258833248 0.8631241640959065 0.8782197740358256 0.9036061196341033 0.953881274462027 0.9351624983905553 0.9196613309207534 0.8174357952604376 0.7594362940691434 0.7257576419328234 0.6929451125954201 0.6902630242483044 0.6684915461188058 0.7184809323179173 0.6705330692493469 0.6597294529643457 0.6005126591572663 0.6582187463680819 0.6493517620116821 0.6354628335305689 0.6803843738991903 0.6271406442052243 0.6170428933582321 0.577662787950431 0.5162487472013604 0.502425223240128 0.4823790815746845
0.8634908339538243 0.9192029457248122 0.9248867507228814 0.9608289083604961 0.9552781104496259 0.9406471046870293 0.9289646366374901 0.868873567329975 0.845315888141439 0.8569343389784284 0.9052376991489882 0.8689402893506141 0.916404665603455 0.8371239938777473 0.8171960091334828 0.8318278991350508 0.8252261132656242 0.8669752845514015 0.8490015849311049 0.8441979488706786 0.8790778728386585 0.8713237262060566 0.8878581906474077 0.7998040018997244 0.7494893996772536 0.7697556426636524 0.7167502050672047 0.6905839692946932 0.719004854591584 0.6859626326206572 0.6630266331532245 0.7024940523597911 0.6538981340582573 0.648948203044755 0.681638465052332 0.6863928291119792 0.6874584802549714 0.593522305291839 0.5835333137930458 0.5492069234666062 0.5517130643948017 0.5822966051536749 0.5665455059327682
0.8557094509150117 0.8971678320274284 0.9238008251933505 0.8920929084688318 0.9686255753578655 0.9406606979134039 0.912202834601042 0.9028892674931721 0.8264060057470899 0.8150915086556758 0.8449497792232175 0.8321790163746866 0.8586132723644229 0.8562123825836068 0.818214850361239 0.7987324855113598 0.7998745814638291 0.8075394483814461 0.7832641052750356 0.7960197417021317 0.8051603855923641 0.8493972445936231 0.8765721905281106 0.8333329987148079 0.7594892415132403 0.7562142131348517 0.7439245264856857 0.771605263664112 0.7656917047415035 0.7291027416066577 0.6695320958492176 0.6865520959194962 0.6670011376188526 0.6868414226731441 0.7014167718418896 0.7039691693360411 0.6543934479149571 0.622415726236803 0.6415289967930048 0.577954267262936 0.6252563011859649 0.5854140225326848 0.5599171676242318
0.8484321910144631 0.8996447627170351 0.8412516734106402 0.8828588566570789 0.9567811010214089 0.8967859947520039 0.8914288896736257 0.8835209691699335 0.7951364628289763 0.763310738481636 0.7948021876348389 0.809147079251834 0.8045612842844151 0.7946476830550844 0.8405736185657926 0.8342544374682014 0.786302605754385 0.7725642517742695 0.7697292834087414 0.7643545704034788 0.7461462706976033 0.7990982717354558 0.8221812810891793 0.8143086311389589 0.8246921915523762 0.7881679701232057 0.8102514725816756 0.78840548196659 0.7989487873428082 0.768259083614499 0.7081141212802945 0.6634204852245337 0.6943215094008446 0.6592638129783853 0.7191660074975257 0.7033894207431307 0.6367760617514722 0.6158621964311115 0.6396411191735907 0.6585806963539628 0.6494841222444349 0.6196901824246756 0.5581533283632938
0.8853895795640336 0.88362264596175 0.8979191911053911 0.9115996800116948 0.9595545652512102 0.9414724063887885 0.8765433415500824 0.8458688402786108 0.8285670670878151 0.7713583903141725 0.7760958683619524 0.7788221332914345 0.79072645869644 0.8250637164367124 0.8278069296019103 0.7826891781544224 0.7962432206386896 0.7423216264316594 0.7515924273994944 0.72299625291472 0.7245472861396544 0.707299445139703 0.7979806911300837 0.8333672806629849 0.8516188838880355 0.81838592860683 0.7774452815134886 0.7247345794024922 0.7328162442376636 0.6971520449829569 0.6979900468045955 0.6982992079509013 0.6621533373020594 0.6629569366134177 0.6295550429417374 0.6326256230785241 0.657677702579986 0.634302703922306 0.6437482681475178 0.6148892415557159 0.5938263985819842 0.549135634439451 0.5026887409414245
0.887931318353366 0.8799271064326626 0.8603633927333074 0.8894305389953114 0.9487383659503529 0.9753060146428704 0.9261360385140202 0.8736876422834065 0.8472075702437599 0.816192337075392 0.8015495767376153 0.7905722696282157 0.8298829301906042 0.8492875900632199 0.8186555986531282 0.8041542684254475 0.7476082035333216 0.770721122037617 0.7677556805061333 0.7710205528274119 0.7044503783814698 0.6979361007828643 0.711344794350339 0.7477080763822852 0.8208109287204136 0.8040293922943887 0.7256170695327411 0.7367890232513682 0.7020245208114029 0.6713099673066424 0.6929085023069537 0.6387481062005219 0.6137956955188345 0.6491328361425621 0.6463506920401553 0.6138949361395577 0.5938984060946122 0.6414306303542086 0.6367435097419277 0.6112780876099485 0.5706175010461615 0.4837179350401943 0.4502098320697748
0.8945028093848268 0.9173844637201561 0.8856939871606153 0.9236165392973023 0.9304891515043681 0.937735898551547 0.9392768984333925 0.9193745564622665 0.9111803817159077 0.8495651242902269 0.8014256381962113 0.8275925026476221 0.8090179086724515 0.8409540947977232 0.8413807102283173 0.7993065416892994 0.7618336438911752 0.757125803260363 0.8041568240570574 0.7641420438341116 0.7349938484595074 0.7284884994363633 0.7144076013540765 0.7619689624412288 0.8246269425221395 0.7799424982114522 0.6882304080704201 0.6736380972935224 0.6713636032104173 0.5974471297328978 0.5760482598530545 0.624098958407382 0.5735489513237928 0.603410046496031 0.6362140712932424 0.6392441740827564 0.6256981530782454 0.5796121410100654 0.596513590929669 0.5713171132013377 0.5140642519646796 0.48839518382081537 0.42209684247074497
0.9391894684238047 0.9097887604363109 0.9175493934367195 0.9185473149935899 0.8834278265885493 0.9257676895687286 0.8865361391091254 0.8917618752029772 0.8844306469453839 0.8504174656847068 0.8022791268993438 0.8500825661187582 0.8078049542202416 0.8084554974809803 0.8673392530237524 0.8287131651832151 0.8726657770580614 0.7910462018574724 0.792417418998925 0.7619025547993443 0.7240009117450862 0.7113714221905728 0.7561378497138259 0.7243716256077289 0.7829718601204894 0.7774144631494595 0.7207202839905182 0.6239982143846609 0.6050834281862348 0.5455693255323742 0.5417935317614831 0.570195627720973 0.5152529413366753 0.5758359433299044 0.633394837530047 0.6560159155527392 0.6497876841533929 0.5489152920453304 0.563778220816404 0.5364585849221011 0.4647055043276325 0.4041524556555246 0.3825514245474461
0.9477275836096118 0.9153901815792425 0.91175829819783 0.8524567884464066 0.8578467738836087 0.8591018011923538 0.8672279382614202 0.8667397838923815 0.8888346936381962 0.8344006406790191 0.8247477175231538 0.829233968096897 0.8234451357343974 0.8531266025151651 0.8967910151654729 0.8716573977467683 0.8619032834410096 0.8214107332422019 0.7812319530627228 0.7057322311070561 0.716459182093867 0.7234270806726781 0.6912858602858335 0.7225935272283819 0.7474499017422627 0.7246551054278725 0.6689084789460008 0.6246108642994477 0.6111965976351936 0.5813152913549332 0.5650491288160253 0.5803124727895876 0.536212714854166 0.6020694378905325 0.5735877353551199 0.6101362878551172 0.6027796136057089 0.5452127657022663 0.49887669255312 0.4799211456809865 0.42757467160483686 0.37194055662798653 0.40169775924520695
0.9393006887801658 0.9255080969697633 0.8737216884786021 0.8600340368004885 0.8572063271551433 0.8586162905825765 0.8662146531529237 0.8313482216908596 0.8694383276217656 0.8472184601680416 0.8780975366400603 0.8676241839015667 0.7967511008753003 0.8366145737681852 0.8841568552861372 0.8683318477670842 0.8937771347711263 0.793147469793137 0.7698180323890409 0.697219179124674 0.6916031039591999 0.6603795232196857 0.6479765387116142 0.628727204905527 0.654059815694195 0.7062345895099227 0.6961047749754882 0.6691779676930941 0.6189189382074942 0.604820670150419 0.5421264107601819 0.5497075053452001 0.586197802615139 0.5979705837561804 0.568312343197438 0.5666858669275686 0.5123060809992346 0.4654927971257879 0.5054256555073617 0.45605481511365537 0.419652017534765 0.3411735887260169 0.3591876699734028
0.9613738886361712 0.8691705471394978 0.827763310645407 0.8172786261806337 0.8120438118858291 0.824413262286694 0.8447149126772117 0.8153430543117484 0.7954677064592219 0.8076712774601149 0.8175670260167375 0.8365825849087719 0.8291934126986374 0.8026998215176 0.7858055449037589 0.8161851275028273 0.848705239711402 0.7906937390133871 0.7590185370103095 0.7189709122381666 0.6894175507670567 0.6456772334199097 0.6975718806581498 0.6437290249690645 0.6315314057388284 0.661083449739396 0.7040255046628023 0.6768001379256473 0.6257579039712431 0.6357699914912834 0.6117154149754516 0.540418695213921 0.556538185146749 0.5278847248241156 0.5001517522894319 0.5104701168325776 0.4759109012463936 0.4453538237662234 0.4355802729314166 0.40505779271923137 0.33874609120615484 0.32569879314763744 0.2976523409601514
0.935457115713243 0.857350638614658 0.8465436865241682 0.8618000000674819 0.8436202367666165 0.8137414931898985 0.8240456211874843 0.7639940391923028 0.7551762685075244 0.7622672009960859 0.7786478090438325 0.7715962262603585 0.8106308254741528 0.8189034217451634 0.7926910947437257 0.7606920743343162 0.8110433060030539 0.7706761356607831 0.7768888288146051 0.6874769144210113 0.6156983112671922 0.6448383286181116 0.7064131906372537 0.6866761145425321 0.6505936745756896 0.678392435809579 0.7100992445121627 0.6886264368986045 0.682988029074534 0.6118261455103542 0.5905496165987376 0.5407787730729223 0.46966926716846424 0.5051371805244695 0.5350212189014506 0.4991446846690584 0.4959649232547955 0.41137871314993724 0.3822758470423102 0.33288978976179423 0.3132583541567397 0.3369663314560971 0.3325221544026002
0.9511488920158154 0.8937181245970717 0.884119320730064 0.8691359207762309 0.8584240192472609 0.8545462027226731 0.8597538160657957 0.8007977192013638 0.7953845751902283 0.7791461870952026 0.8023242930897659 0.7621238381011998 0.7638803021074616 0.8123059072684022 0.8011111016887308 0.7181551110212769 0.7435299403648779 0.7649553326051576 0.7245246661260019 0.6445205377068638 0.6017930115226399 0.6383037285698224 0.6924620200231176 0.7069932510907969 0.6786171890271904 0.6375711145714853 0.6224648615671325 0.640672966793218 0.6071648273264711 0.6175149205886318 0.5464281250785965 0.506063020609545 0.49682858232556165 0.47608418077844417 0.48616985093724546 0.446211569840456 0.4065366938761507 0.3841177631445355 0.3452486824532314 0.3294523377833469 0.32873274637315686 0.26539873042227435 0.30300574005129804
0.8849614108256981 0.8981949118711104 0.8529908777329619 0.8610218356895405 0.8152027933772631 0.8568364500479188 0.8124706168827525 0.7994877950170582 0.7117534187428403 0.7276802347094051 0.7755980838232029 0.7845973926318672 0.7901986406297337 0.7679240352565879 0.7412381455077415 0.7134380931123537 0.6671590732331649 0.7215358678932835 0.659657903318853 0.6313142189217374 0.6175575574396315 0.6559727595440478 0.6956232344914497 0.6829806336074787 0.6724657280739639 0.6620606368805791 0.6287503172690102 0.6458466906465997 0.6319128291097812 0.5791712089674739 0.5461058473207354 0.5109820600488355 0.5133445942347855 0.46053181939632665 0.37375835380029604 0.3973849743108173 0.4213664826242633 0.37343260455633687 0.36011118554036303 0.33973220346988 0.27100440996887115 0.2481188026170345 0.2976179226643357
