Raster_benchmarking/continuous/raster-364.asc
NCOLS 100
NROWS 100
XLLCORNER 1743158.7388126543
YLLCORNER 5469283.8487440245
CELLSIZE 10
NODATA_VALUE -9999
[rows 38 to 56 of 100, columns 43 to 85 of 100]
0.44808155023561214 0.443167619779856 0.43362361868529053 0.44461298829799617 0.4894289407844828 0.5214158999027193 0.4865992899550809 0.4881835989085043 0.4891078212769485 0.51171767595284 0.5048683689623781 0.5170505532118878 0.5153745807421334 0.5003252983047359 0.4622790676002 0.45835633485030436 0.4338713404188378 0.33738934818227034 0.3453481057029071 0.38634215415208456 0.43441464648919387 0.44523055007401513 0.46622896079434306 0.48378593024513566 0.47021677484456526 0.5087680900080636 0.4826821485170263 0.4399925429423074 0.4030815063249912 0.40835325739770695 0.4199990714065809 0.4258741565684016 0.4669731327711689 0.5193123073993463 0.49504251728147425 0.46155659659266735 0.466906743428453 0.5264945520463375 0.48968686890390545 0.5027570590138762 0.5268668968407839 0.5909189155256261 0.5578618484196104
0.4663617970536218 0.4505861069031598 0.4213136114389396 0.4293132573755458 0.4764598136115471 0.49750384590187946 0.4871540443995496 0.4583930764581382 0.49625999070545845 0.4785917759084856 0.49798921182554184 0.4954657737643053 0.4876151540646762 0.4827944554109652 0.44336773812216496 0.45603518360497663 0.4145911801171048 0.3861676090802169 0.38826899602797765 0.4005396579348831 0.4216225197001228 0.4187760353124508 0.44256492049208546 0.4590566614521975 0.4966759109046544 0.4737240770741793 0.44901988904819423 0.4600716214018951 0.43516039671957785 0.44412482174080525 0.4394530048369059 0.45303793811658727 0.49627607315451905 0.47049495192598845 0.4948737537741011 0.4657181550564421 0.4938527589232221 0.5078099036485467 0.48488186413505185 0.5024069086349666 0.5344823696047233 0.553109113117373 0.5471402127559977
0.4689750349969898 0.43295176270736063 0.4376003190649021 0.43399660046630206 0.444368875176273 0.47442524699139965 0.4791796360734484 0.453577667642268 0.45882866275846484 0.4977472340575318 0.5006177182342506 0.4794301560365699 0.4518489133275451 0.460870426267337 0.42909469627794955 0.4297727573186624 0.4335002200453612 0.36659916141750426 0.40046756539934153 0.43964758549729405 0.40417929048393303 0.4209889123384762 0.45132938205072326 0.48421598004558997 0.4801836592543308 0.451615586823447 0.4720367078375836 0.46031544908681166 0.45616138459781347 0.4898118886788755 0.48442361096705916 0.48223223005509036 0.4580869452614789 0.4540217554877596 0.43944110601990616 0.47536725285344306 0.46678837089945346 0.48664216807832394 0.5075932474714483 0.49153279534241395 0.5015213043198771 0.5318538577387161 0.54874986580572
0.4418730706535279 0.3957421394928208 0.40796373764590954 0.4288894800491725 0.4288480031844634 0.4385034995123114 0.48032525929662195 0.471541476426354 0.43104056356691084 0.46194533801085336 0.4409087777363424 0.46523953831557385 0.4428856292798149 0.4465494915880325 0.41969395898257067 0.4394749087488184 0.4189407033645375 0.3983046719885918 0.4394221443735272 0.43867228920431595 0.4286265699652337 0.4431964896335455 0.4533682125264893 0.4933492972647036 0.49205087180737317 0.4469494780252907 0.43843283425761786 0.47132416825920354 0.445813505007546 0.44344285966353186 0.44914242178617736 0.4708446221275386 0.4606024017738001 0.4365067369821139 0.41492981868706125 0.4610336345195115 0.4655794009417875 0.47514474241245164 0.49532554400500983 0.5033966674013766 0.4888543793253358 0.4921412268129452 0.49434242458703936
0.395262310333049 0.3890990749064926 0.4049496682874267 0.43494795453935436 0.44024834189210266 0.45602643353902933 0.4395624629753209 0.45143505537064554 0.3997504729451011 0.38124074728910434 0.3910489281068172 0.4572685963209786 0.4466653805893325 0.4221046160017393 0.4092510302148769 0.45639716477241266 0.4106999014235835 0.4278465744788484 0.44762567997400754 0.43434169894010716 0.4365500065744821 0.4351688944707682 0.43298684724499004 0.4902174139078353 0.4642267373188687 0.44565835117567887 0.42875159543892133 0.4644755041328671 0.46352020142740624 0.46574878477254894 0.4419260150062648 0.4310358160439181 0.4350208445106053 0.39529097608258784 0.4013070863437417 0.4377417122515655 0.4472281070184255 0.5123554992133296 0.4979014007448395 0.5235755821085997 0.48604517780160994 0.49425047127257316 0.4968630570103458
0.39698471765286186 0.3725993318659702 0.3785818475662621 0.41094501469001193 0.4163768021624087 0.43797731861590367 0.4341390056008456 0.4563997558110733 0.4115732539321552 0.37740458342828054 0.37535800163007216 0.43594489643043516 0.41268697871784743 0.43096120428801443 0.4131172965280569 0.39396970182668606 0.39872742147194584 0.4069095257012973 0.41123378252426734 0.4251865986603388 0.4428854112125616 0.4318060571883267 0.4299774757043026 0.4775420824792974 0.45463316474647275 0.4210667522807378 0.4464529532477309 0.4688814339959243 0.46965917846663496 0.4364742205376719 0.422495915122468 0.3950527862151231 0.37556298546776085 0.38035015869182376 0.3926257016224326 0.4058669530370252 0.421700926086186 0.481351292885471 0.4951176825377786 0.4902814194306551 0.4576298463237548 0.4841511082974748 0.4685096717206575
0.3580431171565582 0.36646301903553447 0.40444418972273316 0.41988795045540567 0.40443588608001435 0.44289831838609406 0.42538002774312905 0.4330258217391547 0.4205868053482655 0.36219510046867437 0.38553758891204076 0.3972808769691295 0.4016170082286211 0.3910921418384565 0.41207380167869023 0.4093861368638072 0.38843713303827915 0.38549516929152283 0.4328931375730906 0.43181594361995845 0.45000254012243457 0.43431157074319 0.43444575633956256 0.44426640332500555 0.4068239319543136 0.40418922219797077 0.40773800142995137 0.4466628436820671 0.4336674348376609 0.43472095745091954 0.42110494534599463 0.40773353445663985 0.3758440818463479 0.3358215989935216 0.3659324842708153 0.38534845247398336 0.3917681027228895 0.45210049803883096 0.43528287627557943 0.4528495664825097 0.4114396740417569 0.4119804780899179 0.42571571196007046
0.3631653037240872 0.3594707076689498 0.4118398402766673 0.38698254406863164 0.4272140373029452 0.4525347536161444 0.4502739737316545 0.40444199902157907 0.38653090784377026 0.3652023515069759 0.34032398091950117 0.3628876319542466 0.3954549778846242 0.40325467547389154 0.40243503324923763 0.38744296632185027 0.397909772785793 0.4177227880980245 0.41733815035313726 0.47521990678894593 0.4637178975976879 0.47037369532654877 0.4736281481557952 0.45219584748903274 0.4155526959326071 0.42811916505774206 0.4320073846005441 0.4390520886610356 0.4024616236049048 0.38879247441951004 0.38153715758312495 0.3565736813735487 0.37338731024042654 0.35542047373997354 0.3680426116474587 0.356418440120956 0.3776469252714035 0.3925797421501405 0.42525003093396635 0.44229922428900514 0.3975518235772736 0.4087208931432987 0.3976682511395553
0.4034275381928385 0.39060590995531824 0.36209844968007976 0.36986882329527065 0.38599640118086376 0.4225355476036064 0.42840199736602913 0.43685147011408804 0.3647044440339092 0.33694622153893 0.3489480182295835 0.36602745699603956 0.41788631925734004 0.4670528210822087 0.42576300205521633 0.41422345851661635 0.4067240900441156 0.42777787132343176 0.43458015315403264 0.4843489969923353 0.49922499048259267 0.48919216705016977 0.4854114307763886 0.47204414811239753 0.45147785019986814 0.4452263850210007 0.42785155502909084 0.41760969263504744 0.3985408527314993 0.3655262050558895 0.3623862306906056 0.3328061576437516 0.3591585048654343 0.31960395285207377 0.3425751713369364 0.3503209610555441 0.36592515057886377 0.38962169802563756 0.40238204178393006 0.41238699584343597 0.3783377312198131 0.38713652098290474 0.3827919457396289
0.3828958091606461 0.362453882071613 0.36151187887999486 0.3522830740623893 0.3700211235727993 0.3984475044852077 0.42181210845972367 0.40604957055955543 0.39269854047668495 0.3744594014267518 0.3880054004673019 0.4289310595298312 0.4458490828552205 0.4382898096688989 0.4357217071108236 0.4199295180789075 0.45942521283874 0.425288268845476 0.42683614312801577 0.4590017665315935 0.4855876733938145 0.45632547304718674 0.4499341959232283 0.45629036397923184 0.46263689066376446 0.4319963435879347 0.39778168752979526 0.4132003470993721 0.3933363413591615 0.3568676485541476 0.3246337758729324 0.3147960386767426 0.30743627193452727 0.32130758512606444 0.3044501878895589 0.3350035140163181 0.352552367299267 0.3471375916406766 0.390171753959215 0.35329912059423013 0.36749339561463734 0.3998567586336218 0.39744580716043854
0.3966085239378203 0.40821899291628744 0.3551217194149698 0.3687059622877955 0.3831189996612671 0.3964126917897189 0.41940979744685186 0.41677727105776674 0.4147501385407167 0.3667170823317232 0.3824015708888981 0.41439941476155195 0.4511632851651115 0.4381263669335171 0.4605066093635568 0.46096318408294495 0.42843088771645604 0.4385179836863157 0.43297484441246425 0.4602368993260248 0.4614203844901624 0.433667197725389 0.4067133452795523 0.42272860280869945 0.4208128874458063 0.40639730724893053 0.38962354605986316 0.3889074617587526 0.38811842783650585 0.3534318071416367 0.36585606588462877 0.32485696871223946 0.3104472683537639 0.3245336767571402 0.28956146477304967 0.3279620659984212 0.3396590758999921 0.3471915988876536 0.348100323859485 0.34768849934372703 0.3434016929727206 0.345138393479149 0.3729790533306609
0.39230381625991123 0.41048362229225466 0.3817578877332803 0.38764372068063757 0.34677134169662205 0.3895664873686141 0.3799379966006095 0.4258521775935313 0.425252801299214 0.40670128276016665 0.4067953279973545 0.42910593501272587 0.4144302267777726 0.4334386915953442 0.44016234017927514 0.4294804191328721 0.43273473812625884 0.43318094086499004 0.44452006510931924 0.4487058373382095 0.43450029304966487 0.4243859733894904 0.4206548004387605 0.41196878115742613 0.38166851479245106 0.40464596696474964 0.37768776927363046 0.35496195885109766 0.3766059731481721 0.37919423559491827 0.35758789186986434 0.29436081373352224 0.28584423376355517 0.2800980728635623 0.27874722151915887 0.32883828561124645 0.32308146870815174 0.3313045816724619 0.332993983237738 0.32863213908419187 0.34815700127271776 0.37346927188181134 0.34656938138975063
0.3789984603336689 0.4207144235122656 0.3919392527015589 0.3546258720110764 0.34272557440178564 0.3353921495111537 0.35996527607548034 0.38052223720010675 0.41012534524198546 0.44017909902499525 0.43104371371673983 0.4040952712415554 0.41308686481951334 0.4255310080295998 0.4261746961017337 0.4407388731710477 0.4395462797891662 0.448301023288568 0.44426759853597536 0.4247789087971113 0.46403945923437945 0.46012823047068835 0.40831310072318044 0.4016850861833455 0.3791454823386537 0.3969005484684568 0.36527180797158487 0.3707554419198268 0.39229215602592304 0.389303633438367 0.3280757917496738 0.2628808708485866 0.22453771251382115 0.22225994482771397 0.24602019146668497 0.2875551992618436 0.27306000440568534 0.2634840801990246 0.3264675306499706 0.3495445055207368 0.3244529932870264 0.37431535760372975 0.35137788159276695
0.41321600888101845 0.420137562789094 0.40594642331804354 0.3853129622294071 0.40024539204480913 0.38515619212499413 0.38673849919359615 0.4167754412545773 0.4219371837674885 0.41120602497882996 0.38777710427566164 0.379968402371386 0.3902490349271239 0.38647208189303545 0.3796031733489129 0.37756865640202236 0.4188435719945446 0.40217886802463515 0.403729261612244 0.43703142433483394 0.439690810029953 0.44937349857108794 0.42253020108181244 0.39828067485719776 0.4215048197161172 0.4294754013050998 0.40746118269773357 0.3714597852940234 0.35611720375912254 0.32438223204510486 0.3283453493367882 0.2772884278687382 0.2218967755155398 0.23099331028925532 0.23777926550543124 0.2608257346190369 0.24679427892539404 0.23636195966733772 0.27651167249588543 0.3088447685704089 0.32057590134461633 0.32377783960041934 0.3250567627431506
0.3921312372581903 0.3732951250810327 0.40488603137290613 0.43039697451752906 0.42205445785904033 0.4381199238785264 0.42271479950511576 0.409625633328417 0.4317432158351944 0.3910318864416634 0.3705429971058413 0.41980997364000516 0.3773626431050445 0.35953250503102185 0.36687854073412085 0.37561857774926655 0.4063504888713266 0.4027570084480868 0.42088802036313677 0.4191995867866955 0.4311600146819724 0.3920855922789731 0.38314548975948215 0.4041835843451149 0.44468708552830405 0.4435708198468782 0.43968750635576775 0.4135391082033043 0.3902689358640726 0.3127532451729068 0.32130506055058555 0.24767517255091967 0.22045780970889986 0.23187384175100872 0.2016373242221539 0.24290846906113442 0.21738522795690543 0.26133435464404464 0.2730431552031655 0.28856385333986917 0.2867058973303404 0.29755343003432805 0.31329830907619344
0.3846399221521049 0.404081607440341 0.4243403835415477 0.43662767316648715 0.420008342190421 0.441998727673483 0.41089433883715476 0.40253942109285773 0.4131638288775089 0.39439497540865753 0.36843316918077046 0.35678633378859015 0.38540544809012683 0.3600769636166689 0.35052117187923304 0.36676341258865514 0.35326357760861954 0.40646549829395134 0.4054806498146693 0.36921539768829065 0.380986803757826 0.3964933653817016 0.3946757588401833 0.4059877313974547 0.42047082138503317 0.44838764388775787 0.43505532336339575 0.3929239418923733 0.3808175540879888 0.32329365787703074 0.3121819463897818 0.23782039311992534 0.21886741862211995 0.20371918025227911 0.18248981623432967 0.21390109213828 0.22159208650494733 0.24019045840629194 0.2610208515931698 0.23856080519142808 0.2516061553813374 0.26314909504972644 0.25688270070744024
0.3770838582586257 0.36191229089070726 0.40609504285850145 0.4404321542112689 0.42390410497233577 0.4449260112096461 0.4343723305022506 0.4141442039170815 0.41529391735015353 0.3932858668222127 0.34482688590784416 0.3453759165636732 0.36409478394458694 0.38034437490933015 0.3315198127490161 0.34908036391086855 0.36299109107833827 0.35968243917498477 0.3603319209591198 0.3433407950725117 0.3804350660854116 0.3447244912358258 0.3720219442793999 0.3965126437102766 0.4054553987630936 0.43353740818059544 0.42472844489538986 0.3999914888511865 0.3901018348977762 0.358813056787765 0.29500833583114955 0.24338743953950182 0.2158526954225578 0.17117183280030215 0.16690221579564823 0.18304084223404976 0.21629793378392442 0.16420871605318202 0.22294675777398282 0.2507937133926171 0.2200917365937016 0.20575308685178217 0.27229707284813864
0.42418210697112946 0.4375059778259749 0.43557557667616104 0.46844491490813234 0.462594057680097 0.467439728900507 0.4433639819666514 0.43502769059574103 0.4268446638940406 0.4072066873584703 0.3515270303702845 0.3571098953068147 0.3507634338487556 0.36007626231966877 0.3458082413165493 0.3373069117794123 0.35735860712007306 0.3699011044708326 0.33909797156295063 0.3574582061797249 0.35200388604748745 0.33518522475102625 0.3682976717278021 0.3647880310063365 0.4055721999515361 0.4324383766661193 0.39616525368820055 0.35956981718509745 0.34510623918721206 0.3488569841502013 0.3178494755577164 0.2888109901816453 0.2304745949557622 0.2139632179348697 0.16518159966439808 0.19376326090272836 0.20603173349143386 0.19589438952732108 0.2258212184409705 0.2511127277069314 0.25264404448895816 0.2182859441764634 0.2404778000517758
0.4754199867984415 0.4677797813924711 0.44649585600669733 0.4769863051259791 0.43206442762701314 0.4179985127177816 0.4416423385862292 0.41920922859474025 0.38970623232212925 0.3873618007082513 0.37262416933151393 0.3608406115074476 0.3571078558869414 0.35663393028422335 0.3573933647331428 0.30488446710693506 0.32657225168677556 0.35355932759814246 0.3623659906177255 0.35481690984872666 0.3776636452621426 0.3609400940386872 0.36714601257080565 0.3883786827117679 0.37774241258041263 0.38968180597968666 0.39466606595889936 0.344391010939445 0.31587200327674203 0.32043896853982956 0.3410583433224622 0.29151372911842766 0.24766830649771684 0.2162188029713712 0.17258366879961326 0.14118581580223472 0.18036085602677757 0.23119565670143122 0.2575488224356179 0.23842591620538256 0.2325220238546829 0.21493988011744697 0.2509171408132372
