Raster_benchmarking/continuous/raster-471.asc
NCOLS 100
NROWS 100
XLLCORNER 1743156.7641183666
YLLCORNER 5469289.035039834
CELLSIZE 10
NODATA_VALUE -9999
[rows 38 to 56 of 100, columns 43 to 85 of 100]
0.49513222779560434 0.5017503095754823 0.5085264679077987 0.5413895957806185 0.5202048717077161 0.556086703676256 0.5533605468642725 0.5515015736849617 0.5449571799643496 0.5118473664932363 0.5038468191961014 0.5338162187226351 0.49627972918761837 0.49247578525079655 0.4605447125651823 0.40019195354332227 0.38727642857256944 0.3473609866609151 0.37100399508262766 0.42143756602769217 0.4611273518926528 0.46077866460590255 0.44521932336942943 0.46240259656361743 0.4566268036150525 0.43142261454137953 0.4118921615784879 0.4322472855780074 0.45955275658816414 0.484383884618395 0.49283484068385114 0.5251961754057007 0.5951003187350803 0.6181434871373072 0.6536650264794726 0.6455643335531359 0.6457400915545747 0.6367430390531529 0.6780687134169945 0.6770951768977961 0.665666452468553 0.6860978745049773 0.7131986306149615
0.49207302628169963 0.5318654801319511 0.5449587643119038 0.5278431886039755 0.567677313307279 0.5926840158826502 0.5598648393169705 0.5491428763520422 0.5218459553300582 0.5115815908208884 0.5703201241394352 0.572418274767186 0.5417472856072103 0.5192817657615568 0.4395877516285361 0.3956304979341899 0.38739077575295666 0.3914707356764376 0.3674749724850956 0.4104478687164156 0.4766681281814666 0.4547478281054057 0.4558222215521567 0.45738736196073837 0.4296022143126979 0.4539324281134557 0.4204898770924265 0.45319912388576317 0.4627095290064415 0.48802661908487177 0.526506253282684 0.5515795118121132 0.5969901052723043 0.6751486202709984 0.7145364920791636 0.6867511835114997 0.6733429970739754 0.6569024684168976 0.6976274317439689 0.699143594747061 0.6971489278762107 0.699443445288126 0.7188494427012959
0.5457999081488618 0.536899311961162 0.5769047150437769 0.5621574680118696 0.5925961894786321 0.5871315339023305 0.5714943622895254 0.5468782637265921 0.5647032903583904 0.5396323736596191 0.5794481704342103 0.5426707993749595 0.5364511763801939 0.5093611976166159 0.49259449392087074 0.4515989007078014 0.4629334965894518 0.4324900127970471 0.42464226826570156 0.4594355769951653 0.48512915372613574 0.4494274323539598 0.4682652530212863 0.48310146946462096 0.4432014497921429 0.443162968191492 0.48655438843680754 0.48002745444898476 0.5172258655674372 0.5170089400959289 0.5574936867744981 0.5614026112726612 0.6221463832024052 0.6661597661933728 0.6714023423097658 0.685900759890596 0.6986187140560101 0.6907113594382739 0.6865297436322785 0.7148774078150592 0.680924821254632 0.6701959852429425 0.7099898966899657
0.5616744392677522 0.5777443988926728 0.5583461454451258 0.5404852227729068 0.5533672467289605 0.5646473108707544 0.6049382302868401 0.5878811233247733 0.5818424380922353 0.5841419042013045 0.587945745382138 0.597312868366677 0.5632475733426664 0.5123210805124714 0.5385167704901405 0.4819139680777219 0.48939670072348207 0.4335341749443681 0.43419492826439754 0.49157341740290394 0.4912766701589132 0.5074213609317606 0.48099153975615444 0.47548156538509617 0.5144376781837738 0.5135435114690833 0.5139501736797515 0.5444642804702351 0.5443529808060786 0.5533259240761984 0.5944468749752277 0.6053270887843789 0.6067434991105108 0.6697327095828272 0.7113529757074462 0.6807512383316912 0.7165654639498383 0.7195648569342156 0.7198293238522228 0.7060322896865958 0.6797808566581338 0.6690237254687817 0.6609217654711919
0.5845182656645737 0.5566901960523639 0.531933675867539 0.5613759973667047 0.5665402622431551 0.5923758433546559 0.5979450097552425 0.5870688303524664 0.5998019479307186 0.6196773676939714 0.6136624596145882 0.6033761790675153 0.5424066625635295 0.5477003275536988 0.5237220580368638 0.4792929104213873 0.508842369126234 0.4811941544331227 0.44212180852898103 0.4765443985571203 0.4600525081106437 0.500881243296656 0.5058932349051783 0.5106491049729814 0.5481741636695987 0.5442734598134112 0.5461174067310982 0.5553518247255238 0.5957335659323428 0.6057303325402169 0.6214784075879765 0.6227152262303279 0.6414484978228123 0.6771419449910521 0.6948202572211654 0.7141650709313181 0.7225252422178413 0.7213271045223945 0.7204698449626044 0.7246199887407626 0.7379455487982481 0.7166054271667955 0.6872349230426213
0.5598814577888311 0.5647375487383177 0.5485612684609313 0.5314639348447473 0.5309671653586338 0.5845291086916502 0.616585766170072 0.6323294165720302 0.6343671358477343 0.622595376387661 0.6301739859576925 0.5969404443678152 0.5606568585894176 0.5169792323754506 0.501375693640603 0.5156169012740336 0.48331168829892746 0.48857167772824595 0.4776624937306795 0.4749976076466515 0.47626226987280273 0.5127185529402494 0.5387250973432557 0.5292690568196377 0.5768683935857838 0.6250418369402735 0.6482824159349809 0.5758027772875668 0.5787747853644822 0.6096581482290063 0.6253770609526187 0.6457736394155811 0.652500658412414 0.6766451482612553 0.7455927175941559 0.7514803278973798 0.768434969434107 0.7084412477037679 0.6822407854391601 0.7143617285527618 0.7213973824455663 0.6957902050607234 0.7000035357142187
0.5381077112179612 0.5325287714555362 0.5288906037924521 0.5326384080828068 0.539474019721881 0.5771858334635606 0.631353592437122 0.6338008200267978 0.6550456378215639 0.6196490409765957 0.6271348224852998 0.5854459676887337 0.5658213224874841 0.5412420056193891 0.5020416483028534 0.5176411561334724 0.47706009752610146 0.4796983808153385 0.49264690855768883 0.4974454840821847 0.5312490658610028 0.5269914859679815 0.559191312094434 0.5952552989758508 0.5979106118357065 0.6403234376291271 0.6370153561262188 0.626813399634651 0.6221844133129534 0.6243112583051288 0.6399873029045362 0.7112518021505158 0.7067719440275476 0.7109141444988684 0.7344578475404658 0.7355503402216736 0.7589099823565085 0.7353220436214835 0.7037316364542439 0.7306695968516704 0.6970681478430756 0.7203608661535519 0.754819735947502
0.502836196673393 0.5215456401375193 0.5140158220599771 0.5342630839377974 0.5679186001775791 0.5597291727876286 0.5966301639657452 0.6395696901857231 0.6378442331350551 0.6336074017289387 0.6147447047368012 0.6168302234663602 0.5963289252593932 0.5622015698483942 0.5319007954946395 0.5298629727823905 0.48222217730255473 0.5022727368358751 0.48758536195546065 0.525480369117726 0.5448521582257424 0.5509290994874204 0.5713780153023879 0.5987319798644899 0.6756307510517645 0.6824906593292922 0.6553488290604771 0.6453941681263775 0.6526201176555427 0.6615722890268247 0.7062793219942303 0.7395550907368541 0.7524567613247697 0.7422793219762385 0.7405574864320343 0.733220474666135 0.7566048258799355 0.7430199312277425 0.7605064289785627 0.7572457132764321 0.6958768347441343 0.7411361601684515 0.7686301700868167
0.5119322769745543 0.472092740130587 0.45972334342787424 0.5289078485980101 0.545550341619806 0.5391511299685038 0.5713466722043107 0.6023822055133594 0.5968270252520054 0.6117620014740605 0.6460775943594096 0.6355308342254901 0.6178297843797304 0.6093716606478646 0.5879896874149158 0.5422672517800767 0.5092118802437473 0.5044006272211969 0.494368357914578 0.49970929505614786 0.5689821360446391 0.5677368250894468 0.5848460492666329 0.6370877528634789 0.6527091276274691 0.6741272073780331 0.7120804995962243 0.6957559246701386 0.7094230397646977 0.6861196943886444 0.6981960987856874 0.7246060907686352 0.727045945920043 0.7712990116814732 0.7770370247169235 0.7521331262005757 0.7604517966978387 0.764160782948415 0.7557880382826647 0.7599657343934784 0.7260079291011641 0.7492669833330527 0.7904277368701317
0.5059437820189762 0.48623318445082486 0.43111977568758314 0.48851562105683005 0.5451104397872522 0.5057089330347668 0.506207957919094 0.562561513799378 0.5970835012703669 0.6166943209758664 0.6147338365664644 0.6198595771003406 0.6388415076366879 0.6052195317997405 0.6207485432247609 0.5754921610379391 0.5451366825814684 0.5367724031314214 0.49665341748546016 0.5503978482886666 0.5586812170089843 0.5762354883660952 0.6467194758132696 0.6674826467944319 0.6946423717676239 0.6967581851009275 0.7161601304100471 0.6910891574177362 0.7458151155943372 0.7332720149300765 0.71807717035106 0.70950087442882 0.7605954079608113 0.7586127960711117 0.7539087687007071 0.7625994715523167 0.7697562540305295 0.761626387869338 0.8055864665458272 0.7656037675016161 0.7526080485799981 0.7755571723520466 0.7561935212122715
0.4822069651017432 0.4757619946724865 0.425840917494931 0.48291134443809797 0.5125873266865968 0.5118260945919985 0.5169691039809216 0.5799156871149977 0.5974028658466998 0.5885817694494958 0.6029658581498408 0.5988386619060972 0.5882518390616162 0.617273780046237 0.596154825430196 0.5513821692337568 0.5509542591089824 0.5459551840472978 0.5535407301276335 0.5714445506747982 0.5806222248878335 0.6065986167907887 0.682074493246352 0.6824238117469316 0.6820707344044353 0.6859646112260567 0.7089865955584812 0.7072409957247351 0.705411374911851 0.720651551146478 0.7369231475803394 0.735312717119131 0.7442296064477726 0.7416968611178864 0.7540343806704646 0.7951507739699611 0.792050347552217 0.7921669598772787 0.796943394716643 0.7870146145302888 0.7885801278574956 0.78171821949188 0.7660459943072143
0.48826692178854075 0.4602342229706684 0.41403570652038957 0.4475824540809439 0.5077324292688193 0.5386676715235402 0.5506531283901486 0.5891135497774713 0.562842938614764 0.6016800806153096 0.6104560991389492 0.6164258859479879 0.604349211156753 0.5750727321995209 0.5641681732354529 0.5592984257866199 0.5549821171877829 0.5823538735352674 0.5460825109540486 0.5697008828980152 0.6001272710560911 0.6134869898373625 0.6848468818029885 0.6798734097090594 0.6791678665373848 0.6896946920374747 0.6773016018418482 0.7131338925169153 0.7432225762651763 0.7306062910236318 0.7580876312266795 0.7718613336132836 0.7203897556341777 0.7727032106640183 0.7992967116399314 0.8135821609767051 0.7757576116345338 0.8065070774848506 0.7999125952709363 0.7931908786944932 0.8123139941177877 0.8003806602082114 0.791667207573334
0.4785810128015604 0.4445445729763099 0.4288133283601403 0.4599101663332417 0.5377736917775313 0.5465614362230666 0.5511102955362949 0.5655401410230181 0.5889683336471024 0.5800659353326143 0.6138135844860113 0.6139991830558036 0.6425678001601022 0.608041136181204 0.5909647362150842 0.6045992953373525 0.6197628291095825 0.5918447398747054 0.5947737219289727 0.6147564098124427 0.6551345936164362 0.6534034308744003 0.661483136251921 0.6875561674421043 0.6925435667679574 0.7156019969427383 0.7050015870545829 0.7139700368634885 0.7261466473296814 0.7547051614630351 0.7583277271000166 0.7835065162851464 0.7794397710296211 0.7507480313058783 0.8111628992074179 0.8168434059132915 0.7825294823707802 0.8049762825122149 0.7775185112379824 0.8283023373806395 0.8466787953541826 0.8569522778227847 0.8786440742100274
0.4280801075203597 0.44588591836954383 0.4092946260685285 0.4557579883467106 0.5399088644569002 0.5683163878079304 0.5429259238351346 0.5715118908181542 0.6078962364348193 0.5867821697256843 0.621932423441405 0.6226625493691763 0.6517925278142828 0.6325352004719411 0.6380513074951045 0.6472199483830853 0.6579390914670923 0.6159261824887176 0.6034169552805574 0.6238084664743264 0.6752872762772636 0.6871098663282916 0.6829606508094918 0.6928073707348015 0.7283452580259874 0.7022005688671096 0.686082120235996 0.7308949815615929 0.7112815168840678 0.7232414661477895 0.7514527686299337 0.7590150705024287 0.8010612991639143 0.7875861777934586 0.7845267829057606 0.779104894096652 0.8112840932331334 0.8279160688642832 0.7864893174555226 0.8460192860275528 0.8927146621416262 0.9078476609997976 0.9244461365634212
0.47613921141236426 0.45580639314226623 0.4339996778876648 0.5148138549750346 0.5487109306435398 0.5492595113643033 0.5617951036406075 0.5783673083280627 0.6223976469893352 0.633769438940791 0.6526290592408182 0.6211123932714651 0.6585419499598375 0.6795674879615647 0.6694716121072293 0.6503198349258134 0.6332568339006481 0.6284691347321154 0.6454803167959885 0.6537507979619988 0.6872262544477499 0.6947564431344427 0.7059289591507555 0.721847305227618 0.7435672624737647 0.7290900981404488 0.7257356757418413 0.7364801034820192 0.755835540559706 0.7553622099391785 0.7659068095421246 0.7994683452198642 0.7805014716114473 0.790125391170462 0.8164550561313059 0.7931659807507045 0.7787811230714001 0.8126106949242384 0.7954643737849576 0.8415896854834483 0.8470165167764543 0.8829218428826412 0.9276529794411774
0.48709397700336826 0.4853232576683269 0.459338450665704 0.5168350858367277 0.5478723650635438 0.53505353918895 0.6004037133860034 0.6179487994455855 0.6190586295828515 0.6158172285022826 0.6240991248154971 0.6385191769039408 0.6718106804858291 0.679717629154361 0.7075136097751241 0.6783821512184115 0.6788142689139071 0.635170194677013 0.6632899650104324 0.6556307111413754 0.6621750765106457 0.7196301717002482 0.7633198808150129 0.7557202982283857 0.7762447378005822 0.7648007256883148 0.7720509297642086 0.7533089953912735 0.753452212410792 0.7625251156991611 0.7796558969041159 0.8094672688841386 0.7629414907291256 0.8124300138514304 0.7966998511254727 0.8009624898103862 0.8044736594939186 0.8239528541263224 0.8231926100804677 0.8532234136929839 0.8731318168214562 0.8764554831753906 0.9096810847371777
0.5307215241887719 0.518257043963568 0.5070949539803349 0.5302668810138034 0.5241654050517525 0.539218858920885 0.579992359654288 0.5703254843724573 0.6147958120904728 0.5849236855077378 0.587320431432197 0.6288812333251493 0.6082885546239132 0.6380705186270955 0.6840436866459303 0.6555016930934604 0.6711244264687096 0.6483489790845971 0.6879710028783255 0.7008437561617041 0.7221607279784682 0.7496590710777256 0.7673397468374537 0.788880719011797 0.8100355466369946 0.8035362834306586 0.807779567788913 0.8205571533061831 0.7947253193864919 0.8255901421949184 0.7909441434070961 0.7955196942530949 0.7791832960866004 0.793811637523513 0.7742810773416359 0.7820935477529034 0.7891921542989305 0.8244814674393909 0.8664739998696559 0.8575009230308297 0.8562632280884709 0.9090258448732955 0.9053970825401031
0.4995482994078832 0.5337154079805082 0.5234333270952976 0.5115907750803689 0.5156110424032867 0.5217612074658657 0.5606490915763452 0.5957073196416712 0.5788626925047643 0.5800156263712929 0.5872453510641708 0.6040398666202028 0.5887807991938002 0.6129813430039551 0.6693200476514639 0.6638019967113108 0.649067451415952 0.686687141601327 0.7056781386993535 0.66979036016857 0.6827673164819513 0.7406637259308922 0.789517001051634 0.7834083531797382 0.7751338704517554 0.7941967266503605 0.8330073746641322 0.8746635184647717 0.8625197531741783 0.8238772830670505 0.8364342181057142 0.7902082900614271 0.7922987342536049 0.7768666247191979 0.7372693056608116 0.7639572348179364 0.7633834847583636 0.8141905831814225 0.8806323324288594 0.8664988864877721 0.889486718290437 0.9251525865988528 0.9608773866580165
0.5190701290718147 0.548429730477868 0.5405439851448869 0.5497795574366977 0.5317869756546569 0.551023548269596 0.5608134036705453 0.5648601260412177 0.5522874147602346 0.5658966430463152 0.5941691407903175 0.5850172163466067 0.6230745140913326 0.6108906336235317 0.6439113066807081 0.6469795764392196 0.6657051920704365 0.699967986074922 0.7204835952526407 0.6866212335235599 0.7273270599902196 0.7570776145104012 0.7882465386529667 0.8190463792999627 0.7958501522213965 0.8249990874359009 0.8471491391392716 0.8837380049124199 0.8521793590287805 0.8532315748617431 0.8344362944697918 0.832503959242197 0.8215228597687108 0.8064069851944841 0.7579562355751016 0.7710532856229289 0.7975323806521575 0.8433113835070896 0.8200459283667291 0.8506154422479161 0.8584339699250799 0.8996858479880793 0.8755140984092851
