Raster_benchmarking/continuous/raster-445.asc
NCOLS 100
NROWS 100
XLLCORNER 1743159.8143604526
YLLCORNER 5469287.32364679
CELLSIZE 10
NODATA_VALUE -9999
[rows 76 to 94 of 100, columns 43 to 85 of 100]
0.2532092902595343 0.25379506835184684 0.23994834326956133 0.2056498449431726 0.21688614257521766 0.21069045063122938 0.22604389011811876 0.23165290472740685 0.23930914122754632 0.21628486435918248 0.20982219263396298 0.18633901830381616 0.20536013265346634 0.21233702725543288 0.21697222769804936 0.1794911114822023 0.21062292636150765 0.22756309159305585 0.24965809451273702 0.21256044874784108 0.21872438659237883 0.2557106028687332 0.2790409459823645 0.2645291551044483 0.28388495973448985 0.2997173245664037 0.3017391764108983 0.2713009918139052 0.25379111423727047 0.1988809936411355 0.1603026820102437 0.20096008601042326 0.1964989171909878 0.19956567445061266 0.22572288514012556 0.2174116469389945 0.2145751967016307 0.1854287842611548 0.18438478998056607 0.1769158754358491 0.20416713650493876 0.2401596570547035 0.1959539690546933
0.24408078399015257 0.20199773672792545 0.21239428838002095 0.20265056204713183 0.21519624216847721 0.22410695134913078 0.2634481821047069 0.2846440399863971 0.26300007798096026 0.1948214592346018 0.23058622935744683 0.20434565485700285 0.23533858963303936 0.20971117929446778 0.24097836671338185 0.22268712155035317 0.2480986373689011 0.24803102782724812 0.22634935177086227 0.21622105744582343 0.21724699950598098 0.2471675121787278 0.25632136667139543 0.28236018154423653 0.2602770588553458 0.3044722904559412 0.26067156101833866 0.23755455495637803 0.2124087822649142 0.15356435243919578 0.14354445737922872 0.13234538630214832 0.15265696695355582 0.1958898888568758 0.18254123065097086 0.13736981964893652 0.1443021150324354 0.1755077169584698 0.16728504150715706 0.16339215013521102 0.19570705339340216 0.2226146837063066 0.1801075115775499
0.2612635513797535 0.23757457746110716 0.2205974985211735 0.20512017782321026 0.23502191114080603 0.21913406383036688 0.2421978114020602 0.23695781621586043 0.23278266121272173 0.20757341119038436 0.2176126355398209 0.23298971776274358 0.21318017580386298 0.20623075528607118 0.2212127779260217 0.225443725334937 0.28097619087707243 0.2910656270685151 0.2655621870690915 0.2432619157544882 0.23697798520687216 0.23582094076058552 0.2515815348718953 0.26207528549838865 0.25108782334934365 0.2618933677227182 0.22544929295018293 0.20145862436985898 0.174760305695135 0.16841310390259182 0.14265615836353523 0.1205793579911323 0.12425050011241784 0.1496761720203968 0.12810813716410036 0.14397694186107657 0.13124336528790304 0.09304841308977711 0.09919048512595241 0.10260724705109643 0.12535630313398674 0.15625896963380442 0.18315299369713034
0.24482597631164482 0.24461541823079652 0.25519349093343274 0.2545771695696591 0.2601709071525789 0.21009503493372025 0.26938808094638633 0.2734508209694497 0.2585887091217275 0.19226100220344672 0.22300668102017235 0.2315951490138955 0.22070440498570082 0.20903604826404515 0.23591850447528703 0.2684008455445859 0.24845448667140424 0.2871650028730329 0.28097814490871187 0.25169640843241003 0.2546997931999022 0.24241763624498586 0.24386731183664911 0.2473202917785108 0.2509988810325354 0.2302007892153433 0.16396243437045854 0.125524655386526 0.15512102451564397 0.12800432078010976 0.13266858625574235 0.12484124738513651 0.09899392566120258 0.07086213605334218 0.06770373698169437 0.07364223141262362 0.053552084854614865 0.05533353374939379 0.10035076415570336 0.08742253824079697 0.10016003389987362 0.1339281113899241 0.15206246065653067
0.2477494923356448 0.2450922884937474 0.28554234784121013 0.2930689960824188 0.24364404966697983 0.22894696000026096 0.2544184580738579 0.22738255805393204 0.23519076312497478 0.19682105472079114 0.17603563731633534 0.2185674160721076 0.19700840642683778 0.19376034159404426 0.265708237525753 0.25000989376591276 0.25739952465891286 0.27006340538102763 0.28903405151146705 0.28388849877389466 0.2572321679114529 0.23380746328934263 0.23202471192096097 0.2521523419380447 0.22898691903405702 0.16783399864325385 0.11234399294632073 0.0888169283695549 0.10010931091396481 0.10966579229940525 0.13987375392399795 0.13069469139045903 0.11262221293539056 0.04598354129581225 0.022621477988207874 0.03704596855293916 0.05657553557747305 0.059975448194541 0.06272866967477783 0.09213648918356594 0.0948081194193882 0.0985240436621638 0.16354499809421455
0.30335688170540454 0.25790941910285975 0.2777816039213361 0.2924866458086624 0.23861818044314895 0.23117365099860787 0.2244583969856361 0.23801520507512083 0.21123293983189056 0.18111029235686407 0.18284141113475033 0.20815089391218208 0.21662424591536034 0.21043985774420726 0.27329272172168656 0.2754576340858239 0.25338386008533764 0.2661808051741703 0.2899163809351948 0.2918711652979247 0.2643851039747546 0.213569458492552 0.2521740119579785 0.25066946311728133 0.177447440048762 0.11890444752175189 0.09521661262018374 0.07898462226873224 0.1147358491212526 0.1336308291989483 0.13833883860619373 0.11652424977405049 0.0680647941998925 0.025816296198789973 0.027637554131448666 0.020710507374427582 0.08189703558135195 0.09840908908182179 0.07146409179567398 0.08767725249180226 0.09290247944179926 0.09959377725573684 0.15778653468702067
0.2823799864946427 0.2747820487450524 0.2940348944371178 0.31154771781453594 0.26640059068529154 0.20911870902219115 0.23197770202960252 0.20456178517258233 0.23073347847350373 0.18948497727024355 0.20571620723525202 0.20060448849325493 0.20425083510631073 0.24853928940671843 0.2346338293522454 0.24230737247193818 0.2750673347002286 0.28581841899552674 0.27240732359574465 0.24339646682809638 0.22304992669300971 0.22088416455187726 0.20832419398060484 0.1768727914826468 0.14844062045277578 0.12582530823809537 0.09596273887856203 0.10222236077981389 0.08067954320202839 0.09595863572940296 0.10422664836429775 0.12572838432748765 0.0817632068686458 0.06441773294734916 0.0165108476183045 0.04103215179666082 0.08576846090832625 0.0878720967968581 0.07133647202137167 0.09745553063493907 0.08128289777623791 0.11336143488910203 0.1252770925663706
0.29968745739111935 0.2764476553439466 0.29524071503068927 0.28356491921397836 0.22386299234574872 0.1917645064600234 0.18347508776058596 0.17703391420062786 0.210638026969825 0.23199021331022415 0.22956880163603677 0.20110224696182782 0.24345330504250848 0.24476943747163019 0.22999572610127353 0.24752659999887114 0.2509860000291912 0.30211801054290705 0.27761202687988923 0.23006203579761775 0.2485351580470179 0.23063574868731965 0.18659863443685798 0.13624953313777682 0.10087666778176041 0.0953594021515137 0.06845167105714955 0.09117241812214004 0.10353354222712684 0.08907246734657147 0.07849943738419866 0.10273725222992902 0.10188300922866976 0.08308826766850658 0.05151656218461454 0.04717603815286288 0.08126788529090852 0.08851248607469907 0.06746280757674818 0.08618758501496376 0.09134527359745849 0.1167170781517038 0.16284437883057462
0.2629613196619335 0.28632180942096136 0.2724331319891023 0.24078502380008546 0.2246522930805447 0.19874298084670328 0.2321619254670734 0.22666317040341 0.23045263824223244 0.24178529037633176 0.20748614668931542 0.18366172915890933 0.21909308691975168 0.2494164716580592 0.2470585384726787 0.27917495152666455 0.25828942086874507 0.27547508561891265 0.2842496274904772 0.2626062493042861 0.23185871915350803 0.1991714491811992 0.16247705147837385 0.12247136581401687 0.11316707570953403 0.06036902874639589 0.05212564903708212 0.07631502285919275 0.06848923126680724 0.05699549895210686 0.03809440019058198 0.05235056601505519 0.09247494092677917 0.09995241770055616 0.05623787682124538 0.030393066261077878 0.05639292029636134 0.07435088044491882 0.06824421785362418 0.06476441100896356 0.13377330748700655 0.12653802063038475 0.15488910400427083
0.26217201497152126 0.2245079869460585 0.22570364293793915 0.19734608662461356 0.2118483136715788 0.25275653918378127 0.2481524713738042 0.22630268699168415 0.2402473699974946 0.25451152110033176 0.19976206440553734 0.14416465190983985 0.1622376510413357 0.17580032384918418 0.19239306509461515 0.2563855577050606 0.26944311123927756 0.2796270496623356 0.2648421688893417 0.23432719485032094 0.19330056205914373 0.20740308464692922 0.18900015303634685 0.14654959643978813 0.09304347398414471 0.09124517917696529 0.02683941723978721 0.0 0.03174370785014832 0.016846748493258498 0.041672485067063086 0.05521217441003946 0.0868047245569305 0.10955390056138799 0.09415223872851176 0.05655363480825339 0.07640899832870753 0.0938705119337304 0.099012937456991 0.06433094214635189 0.14394697984836502 0.1596828016915638 0.15463332734480245
0.25889760402193934 0.22134733030724346 0.23097824792605134 0.21136150637707796 0.22060163451035736 0.2606802175182028 0.25828915782027206 0.2525279278300675 0.24983275016375622 0.26958450862759126 0.2282734145342979 0.22669123326703283 0.21863800745379872 0.19865232365226917 0.19091930812418212 0.2075907608623129 0.24345208276926825 0.24322858955296892 0.22205881679358172 0.2224960868729778 0.18361782775012891 0.1690431977841116 0.15266207204467644 0.120886192592542 0.12156994943646648 0.09923084122928078 0.03889616156353621 5.921321322305095e-05 0.0005658615506389785 0.06055157592332752 0.06480076288335658 0.07572026225884718 0.06471314451077317 0.0928053625001999 0.05967967549177944 0.05738043070875382 0.03256610873029246 0.034822051799354097 0.08252478545585648 0.0907739662206304 0.1175421751279634 0.14892164011859876 0.15421545442469448
0.307983564660243 0.25022415930601705 0.22687630774789902 0.25632456398258585 0.24532806073773844 0.2708579574422595 0.2830021119873593 0.2770721436647153 0.26470956929156564 0.25213850499417173 0.25825318638533296 0.24394011973710347 0.23779335550156297 0.19981454817579136 0.21673308004203026 0.24082186324708268 0.25344216912986595 0.22903030308085245 0.20815829729661314 0.20312623708595787 0.1922152868221517 0.18744103741796972 0.14315111408994657 0.12562359870228446 0.11753874226610933 0.07753831664905857 0.027439868463194312 0.0209903320980141 0.04052858761048387 0.06874979642020519 0.0336845155493083 0.014105765333783219 0.07036583657021137 0.06708236644688532 0.0625323398121904 0.041657021410034835 0.06510867037782175 0.035285904944963524 0.069215434690308 0.09022672197349456 0.09479436765456188 0.12084682236229898 0.1245128263967677
0.31478072951856556 0.3034443992408357 0.2590867553530046 0.27441919492403344 0.2563832768379683 0.2867994853674642 0.2608770267219132 0.2870551479522989 0.30409481572333136 0.29516891943480544 0.2562574561445971 0.29102240906855165 0.2436817829264586 0.2553014678944162 0.22010379530916976 0.23822705720090948 0.22993863626994832 0.23874135750402573 0.25998777412201174 0.19214902387194638 0.18437989435000232 0.17971330074367228 0.1684580138450015 0.18066675859997025 0.1483309704006179 0.12488754818435062 0.07096988459276543 0.08219190884349994 0.07505340715593904 0.045009788577782435 0.040534747329146144 0.03202274991726271 0.0481127563246477 0.024058218065766766 0.0388404885978375 0.048331630903514375 0.0713753293279039 0.05172499799404658 0.0953937631401055 0.11509881655122672 0.1214876674973777 0.15042041461634184 0.13761055504455136
0.29647967702945954 0.3177521364175852 0.280272081502848 0.3021617980353609 0.27430558967142343 0.2742337383509869 0.3000301727134013 0.3058796726135271 0.28987229885267185 0.3035965697313654 0.2948713840226836 0.3279802372019901 0.3164341919085418 0.2571551302958641 0.23799357487027062 0.2482630166030289 0.2722753785579477 0.28124038792507705 0.2579610075858186 0.2309432747662803 0.20166035022013817 0.1797526900574125 0.1690670272468897 0.1969451622467492 0.1424755397198069 0.11524600843135145 0.08205065281607977 0.06642418790158132 0.0713735875364046 0.08602310269182852 0.04634399671208142 0.036614701485174775 0.01959744560425782 0.01816962272816813 0.023900441329177357 0.04967672379249641 0.10337243094212817 0.07929715843317298 0.09019297785939812 0.09977309971379764 0.1120493891596869 0.1456566108387114 0.09238258200882989
0.300030213760085 0.30349388486514295 0.3221018971731433 0.3255356840047808 0.2961353476140018 0.2743640264560553 0.2896456176618213 0.2738565884084529 0.2998806449988361 0.351682538750317 0.3406938399485473 0.34055744263760307 0.3312301089345975 0.2710582382329556 0.24745246569583293 0.22660453762514185 0.2519278940963035 0.24555932959267676 0.2522450413781161 0.2667717040001671 0.22642531972090837 0.19788123099415625 0.20887561002339225 0.18171771083626453 0.16220242556700368 0.15236947123921707 0.11717079262400902 0.07785123243800915 0.07186957591295151 0.09659098406646009 0.07125187219432069 0.08795943902683417 0.07219196687981473 0.05075906719598095 0.06058226583592689 0.0724363872100903 0.1018142276519929 0.0999705603562816 0.09931413817116957 0.11780496175757948 0.10835056862581052 0.09348591000437799 0.10200309133645676
0.298761842120393 0.3266055794619932 0.37356467918339453 0.3840518400485919 0.3335145486523318 0.33553133658311696 0.31463726741900916 0.30622885532972544 0.33850818654073006 0.3739935218668094 0.37968407028584805 0.3547372846671065 0.35200764601263085 0.3177417094367425 0.2870580080583009 0.2645966815134909 0.2536939409388898 0.3016451560515641 0.25192766857608834 0.25876915753749735 0.2708141449961174 0.24583335586501678 0.19831883780795986 0.1820173842936243 0.1251834450633188 0.11099571127794762 0.10007036119900589 0.09816755999340561 0.050523783103657564 0.05447875426630746 0.09105500433706254 0.1290541180937343 0.12888882144674663 0.10437002888204919 0.11565852166675439 0.0925160434110136 0.08377810082762092 0.12164972847978252 0.1451317362961948 0.09669999436063273 0.09994491226970188 0.1286255607250099 0.10971412707775641
0.3335756445537107 0.37794329872492405 0.3810558278303678 0.4072292185067588 0.3962980354594874 0.3470639294829887 0.32423458295900637 0.3594691704487886 0.37780877119769146 0.4009545431819421 0.38816433103039094 0.35491415937031373 0.3510247427079037 0.35358823290928176 0.3240030900958693 0.2818621225534558 0.2913684577455299 0.276111600236429 0.29974925648994966 0.2848817860190993 0.2590784982599757 0.21645582477445974 0.20033019016689307 0.15766789135860002 0.15439779311393492 0.09667142015847432 0.10365019302514467 0.07041188409747327 0.06273345956823018 0.10542830041272054 0.12270705535023005 0.1259072371606883 0.0992486250860085 0.1279835463696852 0.1174518719716574 0.11730401139492541 0.1167584748634106 0.15186214893156835 0.15815603877771478 0.16611414753099502 0.1308051455214375 0.1377653975862018 0.12808488772028312
0.3817419094155603 0.36816624650585855 0.38350122682659854 0.41630200664512634 0.40355891488628814 0.38570167921686177 0.379879078241457 0.37931140049345374 0.42864689755048707 0.4254904745439332 0.42310193737310964 0.43092423305744615 0.41033765289640534 0.40165615340184413 0.34384339803901875 0.33891423567742995 0.2829812848586907 0.29307927292243624 0.3092422272054851 0.24654250022427748 0.22665041061955374 0.1773656822881246 0.17610767574088643 0.15035471833815997 0.11988384509862332 0.07883667284104898 0.08908042497415244 0.05896666589060866 0.10799052629514305 0.12866515044937923 0.10731490643215368 0.13475462061451127 0.10093828476064111 0.12243714401509537 0.15192491062352959 0.15527360519061112 0.16799400097846026 0.1650400367291677 0.14509371868929583 0.1689860647899472 0.12624003390300606 0.11732486478373308 0.08195214187676828
0.4148698346993122 0.3678196899096672 0.3739566564183732 0.41659214346844736 0.4195343619053074 0.3744731464460392 0.37808569872575476 0.38583914058021784 0.43263546571451417 0.4121917239954892 0.4017554729882984 0.4014140096855063 0.405125321472858 0.36767970374166914 0.3567545050232716 0.34403287372379493 0.30321928818500427 0.3135483837740914 0.29965448125819205 0.2638173856989511 0.21777734428559245 0.23302023586055712 0.20277251480633163 0.15238406748976943 0.15971202055715028 0.13589250432818611 0.10500515879647586 0.13241325061865883 0.11649566981953297 0.1292036641442938 0.14052166915903264 0.11354495939199444 0.09720393783868743 0.10183047661435586 0.11856184784351172 0.1252468354135917 0.1383790968233679 0.1212481315936318 0.1526716064122657 0.13963913989427404 0.12116941075877175 0.11258050015328658 0.066933344796429
