Raster_benchmarking/continuous/raster-237.asc
NCOLS 100
NROWS 100
XLLCORNER 1743168.0880824497
YLLCORNER 5469287.639568965
CELLSIZE 10
NODATA_VALUE -9999
[rows 38 to 56 of 100, columns 43 to 85 of 100]
0.5162495944413301 0.5283058208638162 0.471341832312309 0.5337811726296581 0.5523702654904672 0.5724339010155957 0.5530395117137014 0.5723876962504558 0.6228483236297483 0.6253509126484215 0.6885474423806665 0.6367275168900229 0.6592350059024953 0.6561627738822982 0.6805482328885524 0.7089727157717862 0.687219944731555 0.6756062633208445 0.6746760249404508 0.6512437611025539 0.6522738556844753 0.6008975020168125 0.6003432139113796 0.602831396082879 0.5703194971703066 0.5302708065338217 0.47703807528380593 0.5188330807961087 0.5189070542152696 0.5373877795389085 0.5950487726232143 0.601153597572748 0.6077102249029039 0.6555891777270142 0.6684197524890284 0.6493311067634671 0.6395643120683482 0.6390991153481633 0.6951034190677399 0.7145149884238928 0.7030726794107687 0.7597315387647823 0.793722089665717
0.4601388888349188 0.4838649350267724 0.4710070129950654 0.495896869959108 0.5536606706234444 0.5635460196397137 0.5760997549476592 0.5890286472560604 0.621427019144237 0.6514842973072492 0.6643703907349318 0.6501268323039229 0.6738944165479209 0.6670652309353172 0.6981258831819608 0.688077692015309 0.6657108729060076 0.6432404282719356 0.6180101126729759 0.6289826407002476 0.6186102051829886 0.6181841006270263 0.5809059921145596 0.6037272858945634 0.5857479473466704 0.5176330045750943 0.4868927098392797 0.5212574888413147 0.5541758983279442 0.5869008254702937 0.6218183915176074 0.5955869391640338 0.6292832197354852 0.6283809803234005 0.6654602502805272 0.6864854357518715 0.6463719965590519 0.68395424795252 0.6738321320800953 0.70902820870361 0.7363358051311626 0.7368289154184825 0.749397776150012
0.49163621757673603 0.4974537611935516 0.49391256994524185 0.527472996211814 0.5408527697412293 0.5394318364760111 0.5437664172007258 0.5803836351123509 0.5603886348962357 0.6084345067672818 0.6535421212383634 0.6354691036522956 0.6486292946644614 0.6852767390997538 0.6803935788813872 0.6573027668713157 0.6229668627574615 0.617239647125341 0.5856144131119084 0.6308383861925378 0.6200753166618075 0.5991482858736976 0.5592686456726198 0.5822656863172015 0.5910158515071072 0.5582122399334027 0.5339829059301688 0.5325338331492178 0.5749173869827509 0.5969211757245658 0.6346385717817693 0.6272187636575032 0.6438159070847135 0.6537463676384305 0.685813491143432 0.6759871363156159 0.6746364077153154 0.6707967470584728 0.7087624744633151 0.720830467329317 0.7359226041764181 0.740275103795282 0.718669301342232
0.4688359113484289 0.5027924906070441 0.5120625848747766 0.5074348644152521 0.5557078460065309 0.5603019224658986 0.5412976618612837 0.5580710545345519 0.5560658092232156 0.5884431263678607 0.6212061339491043 0.6432098827920215 0.6483604321114103 0.6516071379873264 0.652073608211137 0.6164490709557877 0.5793025725017089 0.5756663194741741 0.6042191579328136 0.5996005410618299 0.5761078239693956 0.5799371614676926 0.5535221426869719 0.5419007770925032 0.575347368398519 0.5917026818010467 0.5649128212244768 0.5515349716115252 0.5611856127379721 0.585673011701113 0.6031484439531933 0.6173400992718261 0.6446892395405333 0.6245178708203276 0.6653203385242993 0.6843198882361866 0.6612491683774093 0.6774900696879972 0.7218957202479408 0.7291653726474655 0.7283816165076106 0.7340986362815636 0.7271285375115042
0.4748978833784941 0.5224785507834964 0.5185104087672441 0.5074160984660111 0.5504457329299087 0.5676639824396201 0.52378291813608 0.5382590972136294 0.5786301867826312 0.5741074023734283 0.5564597554566346 0.6177572286081572 0.6305517003489168 0.6342248462007276 0.6298532948913794 0.6445305807927068 0.5995602304662098 0.5947886169154938 0.5911524412538405 0.5939795207892526 0.5402698618628373 0.5709709286290053 0.542715420595527 0.5440636448587379 0.5773736026606116 0.5953523405204671 0.5886425144562907 0.5521341727372228 0.5594016917804032 0.5784799078047873 0.6172473286657196 0.6425515224323236 0.6381779027853665 0.6083230722265194 0.6164465430554156 0.6408727336958411 0.6777361320892221 0.6903706961981301 0.703730160560768 0.7470083184130035 0.7366969935480557 0.7555939737607636 0.7804221629417025
0.4873369792720377 0.5243073366509796 0.5565671703074643 0.5333691080497801 0.5575664448825349 0.5662340402406386 0.557133332851106 0.572988812083444 0.5969011386064067 0.6058565377393214 0.5879563266934262 0.5830327226903296 0.6023529305867007 0.6515774455232083 0.6402125958894176 0.6612896009565385 0.6210467978324659 0.6143124690100458 0.5933919531844537 0.5820857912927437 0.5433716509773849 0.5617180639809006 0.5178601040655371 0.5282384969622107 0.5316639407981484 0.5700644554678206 0.5779409291381163 0.5646395473916582 0.5548127135532 0.5709059654846101 0.6146322547850712 0.6258679045270479 0.6184500934513869 0.6012748499394835 0.6172648560753715 0.6183402636266148 0.6635607436239906 0.6720394434420849 0.7275704479780521 0.737113439716615 0.737372505792633 0.7760538749601242 0.7508768561640283
0.4673450230754823 0.5042123654586603 0.5634253595021979 0.5555535449951637 0.5801453699799167 0.5662761923686952 0.5844004239074505 0.5983376470546075 0.5908418985291588 0.5980154134802946 0.6089106192538029 0.598924184534864 0.6024057479352595 0.6152037107987456 0.6725109547471204 0.6724129713303059 0.6421317399489206 0.6426050871158782 0.6424742698330349 0.6110807039341601 0.5584197727628043 0.5557664539812756 0.5405257812326993 0.547854446098561 0.5485055969523955 0.5624116000252432 0.5392169470881064 0.5372497812416009 0.5939739777144212 0.6026192677720968 0.5752525243079065 0.6268616186383351 0.6014010178997953 0.591717801049468 0.6110909159561836 0.6566453664415834 0.6410297672590701 0.6630056258074295 0.7044620912324413 0.7618013023578795 0.7700175663316552 0.7565539258662998 0.724058182560327
0.45949467192593957 0.5169647486400861 0.5603354731891361 0.5741957336285138 0.5922653536311451 0.587113744248426 0.5583880271182776 0.5930045991902242 0.5881707627873255 0.6120467700014606 0.6213119602584294 0.6178334324034281 0.6082617842203518 0.6180085433301179 0.6459565112607105 0.6543966474284894 0.634946746445321 0.632934861491861 0.6173500122935152 0.6063237024457641 0.5840774760772708 0.5766333266422891 0.5433126217635377 0.5461912645937427 0.5550741356614484 0.523156086285491 0.5244179468999598 0.545866143182449 0.5574125930553189 0.5849741531079351 0.6180767888337656 0.6077421472291209 0.6085316497010759 0.6440499149589162 0.6511758003183484 0.6548509384685008 0.6831273577041915 0.7059683935207961 0.7015473728189188 0.7315136015923671 0.7289509334144966 0.7315928523657512 0.7472781704949804
0.46005772555953256 0.5277016100961459 0.5517735219941694 0.5504405988553396 0.577491115915748 0.5796039428456025 0.5655935048154496 0.5823720688017644 0.5926862879810113 0.5993593704638404 0.6272694138938522 0.6041499675770837 0.6461570446844574 0.6571630993432331 0.6537563899854283 0.6525904807986961 0.670722129894678 0.671934457934454 0.6276536403849621 0.6305196280058555 0.6134628701336425 0.602345712244839 0.5714691224617792 0.5867760432484264 0.5781020068828963 0.5378029125116816 0.5256752558793168 0.5473413131276513 0.5858421370892888 0.634575344680854 0.6613254889916166 0.6326429729746758 0.6222595519444163 0.6824244033644248 0.6745663491276674 0.6827940925488173 0.67634543116986 0.680462544518159 0.7030277546279265 0.7240298179544031 0.7231786399415424 0.7394324198564571 0.7758597285028385
0.47028601759883226 0.5005923222581503 0.5416071510848296 0.5865936592047283 0.5969257097271409 0.5485027086112323 0.5671604717597571 0.5697937365417381 0.5937404449115521 0.5852725831532076 0.5937278846107826 0.6157499362638692 0.6352736858443232 0.6390635458883127 0.6184829091950174 0.6387031191599087 0.634365459210067 0.6645701775104009 0.6360849442940312 0.6099031180946698 0.6102133276856789 0.552524858626969 0.5583598520671343 0.5532664733116872 0.523903745044872 0.5495463982325896 0.5849517071671769 0.5848645354464315 0.6059535679453193 0.641215637329692 0.6335698858790221 0.6471604955897361 0.6538289146409177 0.7027546569261183 0.6843894943247081 0.6700168265042169 0.6794145583071132 0.6776962842218687 0.7036872230813698 0.7150935961212147 0.7461355809356699 0.7808221929923553 0.7733211950945026
0.48754106635085076 0.5046242778747559 0.5754365303419239 0.5912149526509671 0.5820137397686691 0.5745480756721888 0.5499580124985194 0.5741817672043904 0.5748200527364934 0.5679111593811939 0.6022740012149667 0.6126906087348963 0.6398072886365476 0.6466503264249358 0.6290157125544692 0.6470834976155575 0.6623485413181266 0.6394216858747128 0.6355780591428793 0.603591624411846 0.5794935646249575 0.5649291619336647 0.5460115366920234 0.5286976041794457 0.5172592378262716 0.5552641180035258 0.5919105329257691 0.6247489889228438 0.6542583825172369 0.6581640540443652 0.6753771784372495 0.6992271042206538 0.7069646287771357 0.7011516400372677 0.7039184100650197 0.7021786787071601 0.6809663865949419 0.7042136097355606 0.7367145337230943 0.763978618676291 0.7693023472789955 0.8009589679775514 0.7861489991240017
0.48765021474697096 0.5401089617595843 0.5590644828915863 0.5503600854550953 0.5700504381080598 0.5811702740617843 0.5422888115413501 0.5557331620091663 0.5596973844153285 0.5422678962397322 0.5996596213997107 0.6136783162980561 0.6333869291979763 0.6248904951648167 0.6418201873739258 0.6148817608410589 0.5900376432491172 0.591136055975254 0.5754604813634031 0.5618604920837734 0.5450908838993086 0.5758686220566537 0.5324284013566497 0.554784369155173 0.5604552936958158 0.5688219574839903 0.5889796480406699 0.5991369912475165 0.6585261310326035 0.6732609722119429 0.679147875344624 0.7011176861409204 0.7141395719749606 0.7177769007407663 0.7010753304780075 0.7423562085267988 0.7221272292903946 0.7393347233789579 0.7469731324035701 0.7787054322794824 0.7647523445997387 0.7651654643898912 0.7282716773244355
0.5010914235023458 0.5302044258966778 0.519520146173558 0.5318303194020898 0.5686117668650443 0.5540161263593646 0.5709025102121299 0.5548882605661573 0.5181510178123725 0.5586494182164639 0.5591007618183897 0.5920873367947347 0.6276760448047811 0.6201564785535726 0.667872774713151 0.6008239365508025 0.5733628553088557 0.588174995870529 0.5566581465431591 0.5494406488039667 0.559775208867086 0.5372820389300815 0.5163849407975715 0.5320539710752279 0.5936295066986834 0.6233673566197421 0.6252403254708981 0.6259688168092198 0.6278992444286882 0.6738748078097961 0.6674278583668786 0.6931966895472395 0.6860178282568687 0.7019275642811447 0.742435265323629 0.7633215793833515 0.7579780255394777 0.748073277505398 0.7610361182800961 0.745710808211566 0.7538768335423955 0.7492648430554656 0.720310304222251
0.5054642842108903 0.5020832019664726 0.48794373333974506 0.5240175798269862 0.4949405455564708 0.5144672370799754 0.5464447236236137 0.5049191632492825 0.5279233776906601 0.5560672063383731 0.5766160733045551 0.6047268786687301 0.6209581355963159 0.6582991829638755 0.6217386282013752 0.5871448606011611 0.5437466171786283 0.536468670824437 0.5328779151549545 0.5467457986867477 0.5392794882568948 0.5448651263090204 0.553166911265911 0.5611027847907938 0.6052371288121288 0.6208394392098524 0.6486119526557244 0.6136434014200831 0.6231818884172775 0.6472497666381822 0.6950392443519765 0.6887584119545569 0.7117736496855083 0.7511632604791155 0.760229082076077 0.725345070159186 0.7347153230197982 0.7342530390778345 0.7479467189783936 0.7643055783966373 0.7690358489837108 0.7221183551940007 0.7321037266444262
0.4890505377540649 0.4985432617756204 0.4542746222834405 0.4807013730245447 0.4656095577373911 0.5210883968949588 0.49867404147205 0.5422212594642294 0.5327341869928697 0.5950032600841059 0.6418835000370432 0.6579352572155355 0.660829978065828 0.6204522937333595 0.5950332154438565 0.6159678688412218 0.5722561703181747 0.5418112606479852 0.531014759331621 0.5111260259746554 0.5066074416055414 0.5205159622542538 0.563000575715379 0.550425930899015 0.5674087934577928 0.5762966303880067 0.6421601064998314 0.6089655836193496 0.6570268675664134 0.6599007219415282 0.6767168109236491 0.724092279866187 0.7746385880025073 0.7414172225096612 0.7839882086786282 0.7356225087733973 0.7191441441296424 0.7554524408601363 0.7832604666376142 0.7645226947256794 0.7855991047006409 0.7168313846480203 0.7106708155211755
0.45525848204826497 0.45236229403166006 0.46332983535492384 0.47310793792436484 0.4765100375387332 0.501091099622694 0.501928663867069 0.537161861296005 0.5770154162298834 0.6059557741192324 0.638556576218562 0.6255462570100939 0.6389542709842111 0.6165615497113113 0.6110440374691902 0.6152525245566434 0.5611171844964425 0.5577122382585549 0.539197501460082 0.5201191094175172 0.5397608674310476 0.5443366859521329 0.543381652174517 0.5729820589780907 0.57968648756217 0.5747505406563836 0.6212174173899926 0.6157666895276346 0.6344628453313934 0.6834676351144707 0.7334234002118964 0.7443707729699957 0.7628608456915542 0.7591499000138282 0.7876165519860402 0.7779323044534859 0.7482079479684267 0.7542016694206187 0.7380921405340687 0.7614125413004889 0.7332247854239566 0.7467178792082395 0.7295423965665102
0.44369575013183116 0.41659182613668744 0.3910554899594667 0.4519339134859639 0.4845276651407515 0.5045184654242933 0.528287403615744 0.5578087294623327 0.5624193723050791 0.5858457573202042 0.6401526680367013 0.6319727445542648 0.5955317834260779 0.5911779942498828 0.6434558129221558 0.5792791545906576 0.5527800022341672 0.5283770790372574 0.5042922675381112 0.516175565302978 0.4905096018725367 0.5356733453739051 0.5494875488204233 0.5307511889883239 0.5203347381113176 0.5365644137792914 0.5863559769515149 0.5896843002713925 0.632135080646886 0.7020070584372585 0.7487106787481153 0.7717420469115093 0.788026092999562 0.7635897400554789 0.7907018310298407 0.7711861959959572 0.7605422692030086 0.7664487851739409 0.7558747623531429 0.7509134608330299 0.729001281392541 0.746173380228522 0.7769494091862906
0.3970058988183438 0.41918318631370927 0.4257036321911223 0.41314044850862797 0.43525658508266174 0.4985102685240055 0.5027510877218127 0.5199529900128962 0.5386049933732288 0.5478737379056297 0.5860209105762294 0.5810331458994104 0.605481779041573 0.6016402767662927 0.6158613070281225 0.5917371697297245 0.5702305974707171 0.5665915431077717 0.5368556722385945 0.5272872379637695 0.5484325294481437 0.527597813754009 0.551544393992735 0.5578416822730619 0.5224371466948083 0.5494997564186479 0.5805655738082854 0.5890158375655252 0.6135749325110009 0.652486146178143 0.6834789811191578 0.7152394634021118 0.756393502402105 0.7415720008022336 0.7398462335890351 0.7542002578113673 0.7389589992886105 0.7449478712203865 0.7367972953432226 0.7490340657871277 0.7406467988006544 0.763979968443114 0.7429121040285604
0.4068655051922125 0.4292906639973313 0.3921203375796294 0.4278675656243613 0.4118037053925685 0.46787900224712814 0.512858987956593 0.5192966431474019 0.508546443141505 0.5119403853848659 0.5782559508665494 0.5757919579893854 0.6047561986585057 0.5973529662162018 0.6113255205661343 0.5777848527269812 0.5289549749837066 0.5346626002668184 0.576335217435468 0.5741506554788985 0.5726797593478111 0.5654124565951691 0.5945280566015615 0.5494805579834438 0.5478979360731802 0.5333497629188468 0.5531869515691498 0.5748927264085057 0.6049930803326113 0.6369505735352418 0.6843135328377394 0.7124071663467239 0.7047734357806387 0.6977959215572137 0.7072838407976108 0.7304830340662024 0.740367132194688 0.7222368116294239 0.7020868722373873 0.7198686520881346 0.7406012503297246 0.7712845730816335 0.736302923668158
