Raster_benchmarking/continuous/raster-168.asc
NCOLS 100
NROWS 100
XLLCORNER 1743157.7615489268
YLLCORNER 5469285.427948237
CELLSIZE 10
NODATA_VALUE -9999
[rows 19 to 37 of 100, columns 43 to 85 of 100]
0.7569452227252315 0.7409688669102803 0.7090327230215926 0.7408574638730234 0.7357362587567065 0.7104197364960069 0.7262950341948513 0.7001050235541426 0.7148522516798692 0.7155244771399737 0.684105061280138 0.6813767697069004 0.6557045979916811 0.6706245148242427 0.6222513791938399 0.6431729426763784 0.6341517787456239 0.6193569206411011 0.5891587396082427 0.5899255137145731 0.61974167377951 0.5903309476528072 0.6136259035513385 0.6142451556644448 0.6286879443730409 0.5645992141166936 0.5556984705182334 0.5924244659458374 0.5940651761120584 0.607314458839213 0.627607450667579 0.6112560050547371 0.5952698242629816 0.5933676949832264 0.5954311125685037 0.6077694277917457 0.653703218184592 0.6655292372411344 0.6856962897066267 0.7058128709485916 0.7138799868106993 0.7069469840999081 0.712277939998987
0.7401404280682415 0.711313804231444 0.7348908680495745 0.7137916443563157 0.7133647383826739 0.7149158903217356 0.7274734745258657 0.7208087470582201 0.7478228178767738 0.7501625821512009 0.7219073217148176 0.6943099193222112 0.6311688831505898 0.6291453105770014 0.6279771135189821 0.5900446406908147 0.6229116276844613 0.5922284530396805 0.5992555415796469 0.5886117762909081 0.6043991612083822 0.562327420640808 0.6023726816250957 0.6028195617866744 0.6144125140362433 0.5877366703264314 0.5583596071241678 0.5630214814118273 0.5597184360719878 0.5794536709372572 0.5941386319952802 0.6377190492704513 0.6252218272085216 0.5901074832658214 0.5948475816258247 0.6021874944631151 0.6536691436398864 0.69095591994054 0.6816148527634869 0.6947890597131688 0.6990163527331392 0.7057920754844249 0.747753968325151
0.7554202213747401 0.7357315021023787 0.7046867753807144 0.7196262279233175 0.7382087555708098 0.7399739253392859 0.7079441677903284 0.7177562925702615 0.761184357055905 0.7430050721854605 0.7351111254857279 0.7021223089346523 0.6415524393990578 0.6234972486388394 0.5991966875893536 0.573344251211276 0.5915741458040347 0.604078055012341 0.6085622536462153 0.5697344690401204 0.5834723071769187 0.5792716316533923 0.5576979469843396 0.5674307694856058 0.5854483153055533 0.5777422919021243 0.5840089484841607 0.5753815614286434 0.5651004815158208 0.5596754054366333 0.6054248475959915 0.6069761637147966 0.6212321264290497 0.6027676752354247 0.6099797758697361 0.6306250251262727 0.6626089259625672 0.6758800331024395 0.733308344485224 0.7215700449168831 0.7536873612650957 0.7446408519283298 0.7764868559584784
0.6993713757552585 0.7045472068793426 0.7415529116157102 0.7565279585458597 0.7349754125785876 0.7163341946658361 0.7411140851806749 0.7691587809828114 0.7562525050045266 0.755679494888906 0.7322057250742017 0.669603540287051 0.6382443351115157 0.642649517000428 0.6128568938839626 0.5873802754678098 0.5804527744544333 0.6052245603012125 0.6064522186739928 0.5568269068872899 0.5816184021749659 0.5624233863626799 0.5750227791995123 0.5537510290456205 0.5832844316055403 0.5647496918229101 0.577006407067623 0.6106209124662546 0.5850298774272142 0.5740434529574967 0.557760042144922 0.5563308371372874 0.5746920788224523 0.6142269738389752 0.6144398144235571 0.6610659078301723 0.6622060807035898 0.7138824154561542 0.7480995767641411 0.7563247126155892 0.7889720246525962 0.8079225312222034 0.7788560376668023
0.6932849371098705 0.7124401391809192 0.7030254319716303 0.7051915159719377 0.7030956427473745 0.7366754096254652 0.7527102127226603 0.7379076298206599 0.7571891074681149 0.7284136954115246 0.7260348457061034 0.6937261331878427 0.6754757277881238 0.6321855548436083 0.614265509626769 0.5705985649738782 0.5928869472089501 0.6159306172160122 0.6116150957017735 0.5771918963668822 0.5833593565231019 0.5456146635218428 0.5782751224404471 0.5488629258246134 0.5675752252330095 0.608488800054385 0.6308791845501911 0.6426101381585294 0.6207291860637028 0.5786234976082363 0.5929027026585755 0.5615702565113704 0.55850175144758 0.6261099473957196 0.6439034075263138 0.6743376821529179 0.6656688648450042 0.7359676125913446 0.7763343711581441 0.7849820446485778 0.8154803173133999 0.8265401878098728 0.804424982328803
0.6528942916275898 0.6640335564052338 0.719963490372657 0.7285245266580439 0.7327543106955945 0.7090124122695515 0.7584315169236495 0.745129086450479 0.7698528539916544 0.7627938356898102 0.7179433672597458 0.7350076394181895 0.6972558277481536 0.6437037911404149 0.5919736117871381 0.5562433287434618 0.6130495568380007 0.619262419578422 0.5948509892231981 0.5998974723974777 0.5974371670878378 0.544188264579792 0.5738276793891798 0.5692843080058031 0.6108331595457361 0.622332563372471 0.6402068203265942 0.6376357644954105 0.5946461544242645 0.6015576768411934 0.5987680302067748 0.5588051226286281 0.5752331995765477 0.5883251372719214 0.6507213170993771 0.6577201080047339 0.6870832337194127 0.7162228339905871 0.773907357398923 0.8387565954185466 0.8107341044794492 0.8584319154752724 0.8470104563136779
0.6554940123848815 0.6877905065709815 0.7064677333012291 0.7232458559233137 0.7257168406680402 0.7314840329564608 0.7571911973176437 0.7154433020543274 0.7174504706222345 0.743691853883821 0.7304698177143403 0.722295870647062 0.6963055695686399 0.634643535512045 0.6201948284555944 0.5933856230413518 0.5853605344948039 0.5831087300280522 0.6208542779905234 0.61094645529161 0.6132523292111615 0.56975329455818 0.5791252109884973 0.5733687538960504 0.586288643960986 0.6209822398975438 0.6192735743978539 0.6192822195110972 0.5963987349235057 0.6195070361149881 0.5877090470436197 0.6108692952934623 0.6116733050039003 0.6043966926597776 0.6587994825293715 0.663639645309064 0.7033873929160119 0.7315808299166974 0.7724459930050195 0.8258876484586182 0.830439683043802 0.8562218803933603 0.8495360023226582
0.6295146719738179 0.6756459455507805 0.7085928932949143 0.7326362386212147 0.7376725956372706 0.7505234268432607 0.7221417165953313 0.7381983925749241 0.7119314142445463 0.6769320309229916 0.6914802453970175 0.7312884078848618 0.6958795520629326 0.664008086824392 0.6335309690875134 0.5934292061432289 0.5923749229945197 0.6054394534555111 0.6345637603344523 0.6090563952522773 0.6246617252473079 0.606017030760807 0.5946005372230526 0.6440468612520092 0.6016508678416083 0.5953234320783405 0.5953518992787263 0.5967048230202221 0.6013914123908015 0.6168562769878295 0.6085155038778773 0.6022607936301954 0.6036059464868072 0.6245491177166403 0.6561200190084245 0.7183275224593535 0.7091901638180228 0.7238827846977128 0.7616575114025952 0.7963814390535638 0.8427732297022456 0.8467992127897281 0.8278250862761171
0.6289692045145682 0.6826776189431606 0.6721668695190921 0.6845913665194122 0.6891792234971135 0.7034166270084541 0.7279421516295294 0.7052875587946054 0.6826725551210946 0.6878769382115262 0.6907382819276501 0.7268918189964109 0.7077293103907687 0.6601922268762603 0.6289910080325695 0.6386350052198491 0.6470394678807749 0.6271669636585437 0.6048272388604906 0.6175203669602813 0.613997041445063 0.6045227288982247 0.6149008671434768 0.6560920475297619 0.6395360951455245 0.6355750988632175 0.616909841920797 0.5975964789765558 0.6441492798897288 0.6584988009251176 0.6250288129297977 0.6308730440152395 0.6552163179192303 0.6772083965583844 0.6994039916151578 0.7492554250129104 0.747231401993441 0.7202417364362528 0.7350035191532814 0.798354195603167 0.8082385648171077 0.8328518064635196 0.8194727163226506
0.6675068095042491 0.6540001746703709 0.6488439918255482 0.6810138279993603 0.6691239414811949 0.6907183634983696 0.6888037499977901 0.6783853077982218 0.6942520091914606 0.6778225920749749 0.7099356477927167 0.692923581955198 0.7001584555458683 0.6738963496545477 0.6682258939689165 0.6508408469668638 0.6774399303405425 0.6482653058128587 0.5962514739395525 0.5722999200419792 0.6256292066395452 0.6303478043487661 0.6149649391855332 0.6606420250697527 0.6346391529982249 0.608522797180701 0.6345336920463951 0.6199234841571426 0.6169471059003288 0.6462517596789678 0.6338352100642725 0.6562599949441914 0.6741780544892134 0.6957391225335573 0.7098669567868454 0.7460024140551094 0.7349863208420129 0.7023562042332905 0.7503285748464206 0.7662855761741142 0.7540708473683542 0.7567641016109077 0.7586571685362419
0.6568338657203528 0.6295989104858071 0.6685096981788515 0.6585398762007673 0.6763669768786018 0.6539204785678139 0.6620814953324142 0.6787957533957018 0.6997921016671589 0.7087611654306146 0.6821554821604823 0.7200290074964197 0.6808927700178075 0.6880371667049868 0.6787334023522816 0.6629304036405821 0.6616876848258075 0.6341501113017336 0.6092016927378874 0.5999123538278174 0.6569214386944213 0.6590987872667212 0.6556029738945566 0.6305091181974275 0.641344725342087 0.610973542713121 0.615654979597778 0.6161011036959329 0.6306550249099272 0.6700196900272933 0.6454651710596396 0.6426845783219827 0.6873969717720855 0.671532292079202 0.6914391011177022 0.719226483960237 0.6972167157041608 0.6867076221334851 0.7244608563863246 0.7344135270197135 0.7773489852891045 0.7489642410368146 0.7886620504011087
0.6639004203228043 0.629270518556265 0.6670005836164679 0.6984988730841492 0.7020052787935702 0.6699777595621612 0.6579166370613534 0.673525646268973 0.6848278919305233 0.7013529247210754 0.6813123407653416 0.7220877163477861 0.7266817012772264 0.7046279010308194 0.703953072192688 0.6451052630572118 0.6607156477063151 0.6521630086425424 0.6553768501055532 0.6409439394754873 0.6493196248196126 0.6818718071803221 0.6727215504373407 0.6622238140914548 0.6668083490072466 0.6594413213488698 0.6590933655769171 0.6732260815129967 0.6444230511092791 0.6816004919761957 0.6663824468576289 0.6694523813367991 0.6534116149259422 0.6567676433661563 0.6950707639137998 0.7266780035997764 0.6832556625580833 0.7032811067889564 0.7061187743725424 0.7530284832651332 0.7338739395496481 0.7653232025367295 0.7880386737907231
0.6069191938558441 0.6175503471861946 0.6554562097046938 0.6727682410124457 0.6673769459354333 0.6406665076775004 0.6399881285026049 0.6618085501690417 0.6541382262831611 0.6637351446239066 0.6924228711934871 0.6981341255589646 0.716878719077238 0.6933641910596285 0.7119618996001583 0.6910111326370594 0.6984098968484941 0.6596959774197492 0.6476496152849693 0.6663735505492179 0.6718550899922805 0.678713431781162 0.6949425011982014 0.6933444098928647 0.6763957912879045 0.6421834023708742 0.6798993844177194 0.6399690104082876 0.6467450548910003 0.6895739157211098 0.6750435090890784 0.6925530015126946 0.6736236852724223 0.6972503611822849 0.6805092324914106 0.6884456940108659 0.6686383564250972 0.702719520867748 0.7378047480410447 0.7116941754685747 0.7320244085526698 0.7466169269630439 0.7700702550707285
0.5507595083701554 0.5705371750840081 0.6067603085973612 0.6479883926025022 0.6395333486280712 0.628381686874784 0.6409021611161683 0.6455177564235697 0.6507014048158022 0.6875064788663112 0.691661462563636 0.7507232245393274 0.7305259308703888 0.720324394108023 0.6970370282929738 0.7317317305020304 0.6981249882446565 0.6825424617618512 0.6956861636915393 0.6827639327455896 0.6863196117004361 0.7243906544374669 0.7158527129604357 0.7057133863716883 0.6567933585174307 0.6427705444670803 0.6570661674879225 0.6423508590542073 0.6521229479748911 0.6674538499350515 0.656307766748455 0.6615611605935081 0.6710965632963596 0.6800264968635757 0.6951170781143778 0.6409612960515018 0.6588606918828819 0.6901735723312218 0.6960738141880922 0.7025943850227763 0.7149246085341026 0.7142141562448603 0.7341005816724882
0.5690447081486416 0.6009439908283207 0.6220814889787845 0.6511512242018063 0.653632865478115 0.6823095807159003 0.6572768266810651 0.6987800219863841 0.6866897319352142 0.731229724215873 0.7354375674571019 0.7609767283923105 0.7257374120986655 0.7273791787957246 0.7025479269254798 0.7392639936416281 0.7270282294008132 0.7245120404199998 0.7132365997069453 0.7148240507833433 0.7234497195505886 0.7214711936637472 0.7189694443064499 0.7272930151787079 0.6989660974823061 0.6798775073174979 0.646867265150127 0.6371850755423439 0.6872940124802751 0.6753034263779286 0.6924153857707674 0.6766121079285015 0.6708980348823255 0.6722840356902298 0.6898871347930853 0.6439104729583309 0.6535807667328003 0.6927819191996201 0.7080660805968272 0.729620794185842 0.7306912946739135 0.7019719706528875 0.7185939325750037
0.6008857858807609 0.6164777513000248 0.6626180010288475 0.7046121085591517 0.6930427799066794 0.711957506343225 0.7124408337549336 0.7415219661396104 0.7296976024494579 0.749407790930915 0.7221082619337517 0.7498244205107366 0.7207216314141063 0.740158549273915 0.7271800794167083 0.7041012893207211 0.7293251491108526 0.7179087380063751 0.7369979578277351 0.772427240948438 0.7596636145628018 0.7454489342840828 0.7530964412590324 0.7306237339679439 0.7297372152596774 0.7148142555795864 0.6766019054466568 0.6716001735716538 0.6899027308598674 0.7099557918331398 0.6873488288838415 0.6812253335827317 0.6968252792855611 0.6708444211233887 0.6902065983441801 0.6793807185526739 0.6533937209248166 0.6613039357866431 0.7032469884568118 0.7187912220431955 0.7138136625791356 0.7003175981605876 0.7491714960877264
0.6094519074488358 0.6111814779855322 0.6806976900303 0.6932282600155372 0.6743047321286081 0.6823624534598957 0.7403695592238388 0.7457687417982704 0.708259254666992 0.7135646337761604 0.7502182307080019 0.7510968462721526 0.7356883093400018 0.7425426504538175 0.7491259413679302 0.736061545867561 0.7380986230970364 0.7379979130943783 0.7582567328916057 0.7871133309061596 0.7841419736063711 0.7560873158718537 0.7337308246666226 0.7111334110550579 0.6909828542176584 0.7174782236147417 0.7238944096627609 0.6870656657972906 0.6771229334114576 0.711546816553179 0.689389280311285 0.6744158535244191 0.6873387310201439 0.6863090758799378 0.6612003579544672 0.6737810264486161 0.6546455858293092 0.6876248419553199 0.6747088265724561 0.711756047819421 0.713564729495355 0.7327977353235404 0.7573851603084705
0.6355704677848216 0.6247976768923216 0.6648508285126552 0.6871222633811009 0.6672765753184785 0.6847015949412759 0.7238776162361507 0.7240636293518876 0.7247451883870465 0.7142779422461355 0.7161522864963004 0.7196394204039903 0.7233537453500631 0.7108376687239771 0.7338577864309459 0.7431273825951518 0.7326103430728499 0.7305352999460428 0.7585172011460449 0.8057131679871149 0.7554065409318486 0.7425966531878289 0.7473587316516274 0.7007189801816649 0.7048956943227885 0.7095279770489813 0.690238073804707 0.7114959346272228 0.7097960295647684 0.6699396845716792 0.6757513943687347 0.7030098974792531 0.7016040699777593 0.6871807752771022 0.6368799565157292 0.6479075360773585 0.6641451641140375 0.6781255348117331 0.6942007038813847 0.7332369236153568 0.7459698630152275 0.7511682778954716 0.7464999473424064
0.6293621114833525 0.6136800362803474 0.6432341279401433 0.6354416764451994 0.6647681665444083 0.6820099291005624 0.690369209041199 0.6960821929135542 0.7277591587913786 0.7056773092874884 0.7227386652587191 0.7461491603672793 0.7431737716109205 0.722272765620777 0.7425450205767032 0.7690632950479193 0.7709807578810852 0.7391555672398663 0.7391507356506082 0.7498242993577657 0.7747584926182797 0.7570088017785002 0.7160705434650638 0.70757067028654 0.7182080094606085 0.6794330713317696 0.683788976368357 0.6965656524097544 0.6887960012678691 0.6798539287453874 0.6784726199459091 0.6714426912076412 0.6855676611459591 0.6615751401538088 0.6523805284440807 0.6461301760843206 0.6275777466941371 0.6526911881361999 0.702620286312054 0.7050268835778256 0.7148801963108862 0.7467187636458547 0.7275389847527961
