Raster_benchmarking/continuous/raster-460.asc
NCOLS 100
NROWS 100
XLLCORNER 1743159.3437258673
YLLCORNER 5469277.729835532
CELLSIZE 10
NODATA_VALUE -9999
[rows 38 to 56 of 100, columns 43 to 85 of 100]
0.21458469011325942 0.22674825417761788 0.3122759927821518 0.3113937891773257 0.3484459136055582 0.2875042424980954 0.3257845800184246 0.34068933490726305 0.35450984083428577 0.3168819884093866 0.33573130706509674 0.3556197794311759 0.30492542410715096 0.35830372787929554 0.37670552679299885 0.40432948807526 0.44328863282944986 0.4498087661717857 0.4902011996865012 0.5422218288476259 0.5366301266404109 0.516055167764388 0.5424739391207973 0.577660480305707 0.6378027166890914 0.6302703785800087 0.6261103198768915 0.5275961051193764 0.5245767150629506 0.49842422250348417 0.4996220950457267 0.542808135019218 0.4668424787999452 0.47468224797323305 0.4281310827579681 0.4741230770041281 0.40730145415124436 0.42162387078225133 0.38982860758883725 0.36257841432467514 0.268697697797789 0.2043847679664488 0.2077433995280555
0.24908428683291275 0.22493323933068549 0.3033990220251918 0.3682488245785387 0.33503407249900924 0.39103552041232337 0.35176385328332294 0.3837863690204196 0.31369439970791363 0.27878203434152166 0.33165158415930346 0.3718142767950512 0.37308054804243546 0.33779130414626723 0.36783551599648256 0.39120625471633985 0.4229851853672073 0.5117784195256193 0.5039838136525314 0.5638272519653489 0.532323692687552 0.5096078924276356 0.5689617220223172 0.5977015127268439 0.6325738651053375 0.7349352428217919 0.6956417004579906 0.5956421963254623 0.583930493949831 0.5006960493824615 0.48533383845195993 0.5536718065502494 0.5446356624410208 0.5003298700428649 0.44819739756552274 0.40298163643726154 0.4171517663972053 0.390183642663225 0.37117203207583715 0.3180986253711084 0.2896695974947561 0.1472074621314346 0.16512833937788657
0.24331036000437095 0.23661383219682833 0.2870950159060674 0.3311305851843382 0.3754468387857982 0.43255376253197386 0.45364528280388733 0.4058856796822274 0.3410487072702664 0.2789915502253335 0.31973808554731564 0.4017831672791521 0.41711551613550657 0.3732972927054106 0.426184947546568 0.48227149439332156 0.46478635448298916 0.5019730888503924 0.5027485634532298 0.5681451753613704 0.5607339319544081 0.49784234826976553 0.5316984200535784 0.5982247052462769 0.6324678976834651 0.6943084051374397 0.700685940893343 0.6050176696107238 0.569546868539649 0.543209576075907 0.5315727163611144 0.5288416296619425 0.5065430433037541 0.5036873263533069 0.44722484064358364 0.4602100582481108 0.3992129289141626 0.38188073649251136 0.4051471758523702 0.37125027151646156 0.28006626311257427 0.2982933045507855 0.26858506105406027
0.297112596249674 0.3434659017405571 0.34443256156142327 0.3564932557921286 0.37112467413009753 0.45260069753160237 0.4520452379511192 0.4323136670144003 0.4076223840703178 0.32090563920306514 0.3245692763722132 0.38847190889798633 0.44734177396307745 0.4199910664474747 0.4641231313578107 0.550211006825108 0.5778667465880252 0.5653963376342601 0.538636376860685 0.48514981653601486 0.5681246263619338 0.5399953981003777 0.5198788254964722 0.574536696009668 0.6418917986763357 0.6346643478918756 0.6801104303334387 0.7087884033500164 0.6324876259518957 0.5442346146832778 0.596390882618693 0.5914716155226079 0.524571801213686 0.5392283128401297 0.4534738130664786 0.4691059950228304 0.4260571618330919 0.4434660831287156 0.3570131533766243 0.34939065596848673 0.3416628960990959 0.34730595160942485 0.27504258916482294
0.3387639264162625 0.33695991748221354 0.3949213267830864 0.3829320541012271 0.35441613118654863 0.3988566384321411 0.39456440610266086 0.38972339192767724 0.4151088599358447 0.35424137479223267 0.39804152324931347 0.40710862594235653 0.40444062709961365 0.47791634988709275 0.4565009630636983 0.5059185171960001 0.5990944357938901 0.6403360793088534 0.5963744413524587 0.6059082734239821 0.5872305998092533 0.5822246350675946 0.5510693334613309 0.5534491131477312 0.6382297611608778 0.6855572922629168 0.6690782974977606 0.7001281193203578 0.6251408652626504 0.5642631812979492 0.6145961826532165 0.5808654274774515 0.6175629848712881 0.5731344712490622 0.4841246557980211 0.44081297260901237 0.4072766772922572 0.4076924198473073 0.3873432487500474 0.3620275315292446 0.40418434024224387 0.3538371188075503 0.31613435544837865
0.3622513640959314 0.3970148637817944 0.356911224280053 0.342821579676265 0.3992474254128988 0.37843171859565566 0.4246249805999299 0.4185003654996737 0.39540279013344043 0.4330518447322553 0.4186672579443201 0.37525886269173125 0.46423662665894616 0.4701667517903333 0.45882618375113754 0.5095961082571014 0.6048120232162908 0.6413833374961926 0.6499809730156468 0.6272413993185435 0.6156766589172996 0.5422423145016625 0.5327219499501493 0.5491085327686177 0.6181373233090941 0.7165279352924145 0.6905312202967367 0.6620670666544045 0.583037958196961 0.618082033435676 0.628170625588701 0.6360143669586737 0.583423783115569 0.5482378848715085 0.43663247992450277 0.4090602605558586 0.4497062631078512 0.3901965976882352 0.3325222268114389 0.337077993472805 0.3829823403726743 0.4377346812521059 0.388634307302317
0.38775268930405515 0.40830999745169166 0.37389241233581694 0.3496069135033659 0.3839061591296478 0.4193885107064243 0.42628308362853895 0.388968543423295 0.42420737192063696 0.44105400242223886 0.3765382092030672 0.3936134381020257 0.4668129900952571 0.5076236217463737 0.535820714050485 0.5885147371208773 0.593080618885922 0.627871445303102 0.635284523366909 0.5906868649544 0.5738259916957846 0.5549321590359259 0.5678508460858397 0.5782937211889903 0.6077253848272433 0.6395392469520388 0.6270930827137049 0.6440260103493721 0.5846576454357331 0.6290846470807001 0.6340245491421302 0.5767269079513279 0.5538645024831861 0.5204500446594812 0.45029019665737724 0.47483138431690874 0.4583965381526938 0.407691780037315 0.37017369986208537 0.38792427172778077 0.43978135019466846 0.412593129125652 0.434137636937175
0.3123471924573676 0.3923858482189159 0.38993985299351996 0.4220608694010083 0.4005582905281797 0.456543995369031 0.3794688966669729 0.4004112869419767 0.4020436022914067 0.3885375071336892 0.42020092637153944 0.4314545376773709 0.49323776217045245 0.51323211977093 0.5379383795916071 0.603781889052916 0.5998746022727165 0.6601796383744944 0.628791379764906 0.6146602097346581 0.5501504067799009 0.5003099203456237 0.5650767949069445 0.5442019409566189 0.5946442511921397 0.6358784968348766 0.6485067454237178 0.5990346673179606 0.5982196973392208 0.6053086775820744 0.57182036372717 0.5339544216695546 0.5622029545662425 0.5064040229801436 0.45312052763320576 0.46019211992109516 0.41185213938244514 0.41318582136409315 0.4307328879393654 0.4093087433518751 0.46355688462062006 0.4309542399815728 0.4284242265889917
0.32320051654143694 0.4148242592293503 0.45403206241793664 0.454025682345489 0.48280990683678404 0.40535916111453896 0.3958517660343474 0.3835254003695155 0.4193687313441505 0.3617568583410582 0.3549831614214016 0.35824736782735356 0.40520307701588554 0.506748665424244 0.5297781018733537 0.5712959500815006 0.6449842909941447 0.6392231255441116 0.5938273555998256 0.5427315622638401 0.5640837714143084 0.520882630786203 0.5086120949062007 0.501018773965687 0.5834318057968051 0.5641686513185833 0.5907014640321608 0.6224553926478751 0.5769948536532786 0.5411774384885427 0.5193085879963699 0.4868671653935577 0.49215109468491247 0.48351130573254264 0.4577439266165803 0.4543292405077356 0.4433931059939165 0.39902956566841785 0.4237477803648237 0.4666246907299891 0.44768335097153444 0.41228766750008644 0.43861916490416913
0.3637235227686901 0.45029137763639404 0.4331460164043565 0.4619610289524183 0.503486640601882 0.438924874209449 0.4260079757196067 0.4275082158736301 0.4005063164430337 0.3245822078218731 0.30697129372317866 0.3298883923821391 0.4020547138502505 0.4550152354175742 0.5308454237887692 0.5263304818980167 0.5997144680553308 0.6376471906139206 0.5991435082394472 0.5331476978837576 0.507970817632164 0.48607862267530594 0.5096135893030246 0.488245053595933 0.5509526858335471 0.5899607996970905 0.5847575772317367 0.5852013900119503 0.5835245709816965 0.5596906363335992 0.5279114499867915 0.5165672694199106 0.4535183634927526 0.37421697577527535 0.3841837115424577 0.41247233197463395 0.4511577688505831 0.44217730823940793 0.4158867376631793 0.45550832269151453 0.42266589837408 0.47966701302766324 0.41893217906257063
0.30099044585713053 0.38165060210505675 0.46405781793021245 0.5114132522642788 0.482964405843252 0.4365750512081731 0.4382133793427954 0.398365329786745 0.37424764983666486 0.3710808915325194 0.3427058250985192 0.37718255648102783 0.40507068217754766 0.498495960882324 0.5298870362390963 0.5826831746894926 0.5729775870741505 0.5894709500712682 0.5370795786640463 0.5496439037659921 0.5326459226647525 0.4699603251555971 0.49742199197363984 0.5068804144576667 0.5442466291867682 0.5538534602749703 0.5578296398228763 0.5722865575523366 0.5580016429449745 0.5353248649880679 0.5661480591257801 0.5289522065212334 0.4848526646381033 0.47473243332797427 0.43180416737110666 0.40874063190478466 0.4342917391503789 0.4368045097649545 0.39871805795600235 0.4492654536475443 0.4447033451408286 0.4528122386723417 0.4405838389765104
0.31681086901401617 0.3503530927370735 0.4142002825730427 0.49586556306068613 0.4779018121670138 0.4359871861729337 0.38002686140486674 0.3455335921226689 0.38464337297723894 0.3103475677368913 0.35795308038732226 0.38288814248450775 0.450278878209088 0.452393040073079 0.5404520849952159 0.556742220336009 0.5178921105183744 0.5016593749821832 0.4752079548234725 0.4957299625578405 0.4972598279637491 0.46243220989111716 0.5229710965259646 0.5368522343394379 0.5375370890361347 0.5715144892861491 0.51926359758274 0.5487316956172824 0.5181726002755999 0.5382820645485872 0.5181456919296391 0.5689822295476755 0.5083106096881136 0.45489974395233196 0.4138966852190305 0.4307138007348462 0.4413003448411781 0.40371595481401656 0.3968789002354265 0.42585706852565847 0.42366054834319006 0.47361070472978156 0.45999903768150036
0.353041587012965 0.3568405618430833 0.43354188622690654 0.4280052571999619 0.4062662054294077 0.38802867221531984 0.3817839581059707 0.3707685559247803 0.39126220529537675 0.37508744552509576 0.3740098360327452 0.47629636690848864 0.5014075407836862 0.49836694156815997 0.5061996608332741 0.5488423557930351 0.5287479536132065 0.5083319297997537 0.5295005336511872 0.5196304201328035 0.49710667187600743 0.5053310278210259 0.575204383024473 0.5796763809329409 0.529258123621245 0.5581038840372641 0.554391467314129 0.5499857598007397 0.5640050460430686 0.5256194777868644 0.5405011560006272 0.5731435670910454 0.5408301550968556 0.506207457481422 0.4660986645022413 0.44196284780016193 0.4286159890367308 0.4459672651010615 0.42607699149849054 0.4545527759114268 0.42281100745996736 0.4419836220207262 0.500065730436099
0.3231765344652221 0.42054490840730785 0.43816251520116783 0.4365457440448966 0.4140064755183633 0.41525299161401263 0.4604369328226747 0.4544626854245359 0.43410831481970785 0.3930946092869202 0.4702338770784742 0.48522379799532095 0.5260161396671945 0.5649337167898962 0.5483197752905831 0.592911199813293 0.5862925344652826 0.5302571497350379 0.5352725126890785 0.5415651900465925 0.5136000884460771 0.5953061316799095 0.5908112678924838 0.5918688257321267 0.5626464090675397 0.5439623110073502 0.6232646438534699 0.6514938949256955 0.6275924591862949 0.5911158063386305 0.5649163305468777 0.5997159863059882 0.5486079813296847 0.5427195345608518 0.4883745651886747 0.4918036527365405 0.444446539727729 0.5052882809697617 0.4787740597295745 0.39743793746347855 0.41205025854351923 0.5202675628974077 0.49124543027348044
0.3057464307430037 0.3700627904138039 0.4339687709436607 0.45689815340998824 0.5000051455054024 0.4391932813935393 0.4470980399240073 0.5127823714932883 0.5160897377568038 0.47266505942985354 0.4661685024240228 0.5283161233552326 0.5732271299448631 0.5894732637926213 0.5369013482736859 0.5458027334755164 0.5737855240417987 0.5487230279952011 0.5266586447145131 0.5396872249001792 0.5525253275213284 0.6138963893371647 0.5875053830647 0.5966857442703312 0.5817715423362788 0.600294317607414 0.603629932396362 0.614000392353652 0.6456723457287095 0.5747306970158287 0.5626701156856606 0.6174773351205787 0.6130999168340487 0.5301026390635224 0.49128525550410934 0.46324407476416357 0.5063720809117814 0.5417489486872448 0.49039771399426274 0.44615220245847764 0.4170811648209243 0.424470280072931 0.4499858520215596
0.2991977257307445 0.3953253549021569 0.39020593932488234 0.4832086735046259 0.47336680761375793 0.5081564761979737 0.5163894398426391 0.525881557449089 0.5324848364241898 0.5512117498606949 0.5554198463478205 0.5579391710445102 0.5399946605348479 0.5324567423168269 0.5439556982068964 0.572585333259336 0.6056570973709464 0.5319518279642946 0.5557632109096804 0.602033166059649 0.5932970777533195 0.57016702693834 0.6031290664377118 0.6782962221972241 0.6279438096015334 0.6649266429177393 0.6453972254884848 0.6581094534628151 0.6859865628444624 0.6329920307199188 0.6207801908769098 0.5810088403751762 0.6396642197599023 0.5894767617538462 0.49162459777843465 0.48129099151328514 0.5344776450058007 0.5218982675258321 0.43520126636093415 0.40213151538038133 0.43130301672718446 0.4453707344951422 0.39819184196377816
0.34289124475501304 0.346867811194065 0.4117025161335767 0.4359950391651224 0.5119103019551836 0.5469083104212952 0.5750118070331627 0.5716518044256159 0.557431684789938 0.5778861951880524 0.629082628626102 0.5705665625233559 0.5492011155141998 0.5539106988847204 0.6091457911280064 0.581544298280614 0.5932786806811605 0.5684009139103515 0.5394616521910918 0.5867157383725615 0.612439894104221 0.5777519363251209 0.6479172937835298 0.7178863237115786 0.6924737685774489 0.7417553707489418 0.7521596620178546 0.7095760995156177 0.677531551627312 0.6440163029292277 0.6538958572687934 0.6623934136570268 0.6247390801040884 0.6113875712512752 0.5653490777678655 0.5300266066085227 0.5364427766105626 0.49932680982315353 0.46900658277012663 0.4225516359110693 0.39108035635804267 0.32950296294406906 0.3801871323940367
0.3425723199722972 0.30873991945666807 0.4146437384968811 0.48284850624574094 0.529833217097297 0.6078367805793354 0.627913036890504 0.5587866576766848 0.6308556575281429 0.7046144694434833 0.6874453053040103 0.5899281642440034 0.6385833470882845 0.6488220023860836 0.6581427901935659 0.5950878550081764 0.5446543746066592 0.5110226301034086 0.5550948232346399 0.5371389328190534 0.568297740514335 0.6080748015966523 0.7005219770062535 0.7238823492370239 0.7727357190825686 0.8218528951127341 0.7570169032087896 0.7655993969045659 0.6552000983228126 0.5854974328499233 0.6214497959581159 0.6589731926347472 0.6212738021693961 0.5787572127336241 0.5706094947734468 0.5255353814757964 0.47316224102678417 0.46990141170930394 0.4687705415315205 0.4131787871173559 0.38315455539853 0.23921129880429043 0.3643454339786083
0.4189048395783515 0.41377754873146594 0.4613958290691639 0.5239353091392276 0.5604273759492937 0.6528805007622607 0.6348231926302608 0.6350572482539237 0.6671995019006884 0.7070006206246959 0.6870539586465091 0.6639340795378875 0.6460342570285632 0.6267642338364511 0.6386468920546453 0.6168981255188067 0.6197388041923614 0.5983356029409691 0.5259740557419356 0.5563931516873211 0.6071275218476017 0.629817354116284 0.6877378228803646 0.7620719808105473 0.7430540812639853 0.8029885880936135 0.8292244336419692 0.7831427524013949 0.7113028508033874 0.6450541888317364 0.6523418301322186 0.6504353244410325 0.6326892157071691 0.5594098585199635 0.4979288942696199 0.5041061719670298 0.5013435486182051 0.5311731759802554 0.46714349187174564 0.44073318446393844 0.39581499565578143 0.4135366845117608 0.3951471255608154
