Raster_benchmarking/continuous/raster-134.asc
NCOLS 100
NROWS 100
XLLCORNER 1743155.8084673092
YLLCORNER 5469282.419174383
CELLSIZE 10
NODATA_VALUE -9999
[rows 19 to 37 of 100, columns 42 to 83 of 100]
0.6397617424106328 0.6627485319510857 0.6489981217995389 0.6278635456659084 0.6068819934218301 0.5874901850130101 0.5874866298063075 0.5634962980035308 0.5404368199454145 0.47704396933085547 0.502089379422286 0.4915515157811302 0.5199741022915435 0.5201410999776478 0.5733956922080645 0.6091326157983069 0.5748192390951332 0.584352264972068 0.5728919371366298 0.5433878343422318 0.5294997641159421 0.5467436142763442 0.5372365588402078 0.5176250642221546 0.5071954198692018 0.5341693899071142 0.5365380237797117 0.5275532270796671 0.5419609418080273 0.5521333399303145 0.5181660325632291 0.5389044674729644 0.5452076940765572 0.5126353410586749 0.5223583000520379 0.5506832769731022 0.5499462036299324 0.5743979208939843 0.5494882343955921 0.5199852175610569 0.591721220210969 0.5846906770635807
0.650720178065616 0.6356346618333709 0.6081339094213466 0.5977048768944624 0.6074035309045701 0.557889833615043 0.570843440678491 0.5593148259703833 0.52110036782914 0.4665517915731403 0.4486377188789722 0.44254511910852984 0.4629107135232399 0.4987969186031881 0.5188946852041337 0.5539436372256548 0.5263711882999529 0.5111158898906195 0.5253006173027259 0.5109878086043393 0.5181734831769833 0.5033265887272573 0.4814343471053386 0.5196484144414791 0.49835647779795345 0.5035106318847077 0.5251579783747913 0.5318684227159245 0.5184444654301371 0.5495407695071548 0.5422305055638154 0.5385496145007578 0.5406784594228856 0.5541799368510922 0.5564466644277336 0.5517281272486058 0.5381483024046214 0.5683331665476695 0.5506818597812982 0.5494310490238076 0.5924029771419008 0.5841539171071083
0.6368747611451704 0.6108348747629715 0.5792643050543815 0.6074401233473026 0.6009279275201114 0.533882221260468 0.5206132496833809 0.5182516663995793 0.49453314381264507 0.4375686371187831 0.4143380476326979 0.4201731021234596 0.4267506159678985 0.46627211868465634 0.48440483328569367 0.4891714697205054 0.49000487952604216 0.48127144051807563 0.5045999698118676 0.49990972376985815 0.456099756765529 0.4464266578810245 0.4547112667413201 0.5049260981122997 0.5099473084549822 0.48647186291353794 0.49151874096659653 0.48236629623208904 0.5123475286039608 0.5359380850164124 0.5370402354486141 0.5085741732170636 0.5304953179645331 0.54919044387632 0.5634410192617997 0.5412168658273349 0.5189391580995009 0.53836234225101 0.5472785820531776 0.5831479777736246 0.5749982616564002 0.6020899616956265
0.6014021540943334 0.5914930385906125 0.5779842018833298 0.5974158098186112 0.5723834043208945 0.5135133806221752 0.4876630463124753 0.5002526627257107 0.4701594273336949 0.43685444438784926 0.43398709548048947 0.4435385629642662 0.4362548344118224 0.41514684361006987 0.4406288766249495 0.4843737801342073 0.46041106699697704 0.44345254174249366 0.457456188406006 0.4412437502327537 0.4448450681648915 0.451393747552531 0.4744689059910913 0.48581466866648154 0.4679495747857743 0.4874421105608372 0.47303132133226633 0.5030009992699708 0.4925982139381657 0.4975384137527534 0.5151142237347415 0.5110499075582773 0.5203459937629834 0.496494020403641 0.527873469559072 0.5387571516773012 0.5186591180912034 0.49896584530623417 0.5505495701182086 0.5721304559401068 0.5817359791329745 0.60244282853998
0.5871975720901713 0.5803870000602158 0.5759650095740699 0.5856562297965622 0.5717706086157958 0.5367642988768545 0.47130898656272896 0.4509413968937719 0.43487259160145914 0.46352027787677236 0.4274377978962224 0.4031585016184186 0.41247306186036714 0.40614680379234624 0.447288777015028 0.46595855709757444 0.4656099930576755 0.44370008258232896 0.4279722388974218 0.4168434906392345 0.40876806701435825 0.4309192695891545 0.4490656490119659 0.4355288692395996 0.43675176588546505 0.46981815059866155 0.47511090985514676 0.5028266852890222 0.48475796576108965 0.5113961206188921 0.5023487454119225 0.5015011248524749 0.5027018607618572 0.4803209877315404 0.49494449375471955 0.483108014369197 0.46978484374155627 0.46886301083074805 0.49194652938239325 0.5435882977492477 0.5618144271489091 0.5688380349870081
0.5455344805765755 0.5223903195061446 0.5568943491929952 0.5132231759833717 0.49840004915002106 0.462322545020688 0.451596140273379 0.4150103374340715 0.44075898862379004 0.4381156039235432 0.4396522394735997 0.4228703134661225 0.398421209366737 0.39750714271425247 0.45000590841098237 0.4524429080311742 0.44617271531651487 0.43217345795583934 0.4264466912874708 0.4092199268595283 0.42767431544398715 0.4300218593357139 0.4269932614002602 0.4162000800784085 0.44632662763216274 0.44628561268138944 0.4579991816258234 0.4874542060698575 0.47819641199813423 0.49945419730260077 0.5012066005945068 0.5095911686842131 0.47207593458268643 0.4847903604268317 0.47804241050280843 0.46573795434399734 0.43793525758793855 0.46825553320183344 0.48269620018042686 0.4831990639705125 0.5242566479755377 0.5284018647225553
0.5300749993062749 0.5015481018770592 0.5309770261155428 0.504681832356937 0.48476550660561585 0.4288188563286252 0.42610876448671364 0.3997620720791358 0.43210290619862185 0.4371240834784378 0.42073069658832946 0.43951757003830666 0.38150606425218675 0.3850440604199995 0.4519012300695966 0.4491216102909318 0.45879438505652465 0.4319477374792569 0.4219757472110022 0.37732689468882114 0.38169444196661445 0.39957994434481625 0.40088327446096417 0.3836282416188331 0.4004514188243748 0.43941431127611846 0.44159452127106424 0.432720952251708 0.4591058318699705 0.42748466918406763 0.46380976289462045 0.4784881362427688 0.47259138095380526 0.46506280266363 0.4548861895514172 0.4260355825581785 0.45256147437760574 0.4355189761398477 0.4412833134113414 0.4689886220762897 0.4969091037479515 0.5302985405131458
0.4708282054177222 0.4742861668428425 0.4823525936794752 0.4709366478287697 0.44047325049103914 0.42018169811428524 0.3986647229812484 0.3753277284825181 0.3932810891592805 0.4064520072742434 0.4251107344470211 0.4222307176725033 0.39647629611873575 0.3848373801702322 0.4296534997405878 0.4079901526042173 0.4168276953787152 0.4139008467780611 0.40357353907258353 0.381392435706171 0.3817461979758893 0.37511051853648886 0.3619564200146484 0.38859036938277053 0.39621884803620105 0.4102173526332741 0.38965088471769366 0.4021432863633952 0.41293985415517365 0.44417257462417115 0.43919672056561876 0.46347609935525996 0.4391894721490766 0.413209904795125 0.413749268017221 0.4229493429135823 0.4378854831205333 0.4525362230659904 0.4304685090166821 0.47649683151956584 0.510381959913445 0.5357141616592372
0.40629203330200275 0.4330167387015273 0.4402141812870778 0.4089194432647203 0.39268787504255 0.38244978725147627 0.37933098652092445 0.34965188566057626 0.37930854457035984 0.41658689475070815 0.4277193189150543 0.417954409530323 0.423133146126734 0.4200984544227089 0.4273934763288776 0.39315366629746107 0.40808372478695465 0.3942918839172078 0.3729164216313164 0.3770600694046365 0.3767362643846481 0.39687898556196527 0.35274951124295195 0.34790591738935384 0.37416618752177017 0.37259707805347386 0.3724590893790606 0.3995770155862938 0.4328583716512686 0.44977171634868574 0.42031961214632874 0.4271795740132708 0.44273146889783727 0.40786382025120316 0.39795457212164553 0.4193800420114502 0.4484334395730571 0.44197409537000076 0.4297771600613769 0.4520905935025181 0.47921260898116375 0.49899925947285967
0.3869332356109875 0.40332575306011975 0.3917328470084209 0.37685647262968064 0.3672078803826523 0.3687990459597744 0.3463690083227661 0.34880545614399916 0.35249897820240905 0.36717152726905083 0.3766394311566413 0.34963580364407204 0.36688290566719606 0.4081962747325989 0.38630112571607605 0.37090806775688706 0.3847431567213072 0.35412406706699295 0.35346369695324814 0.34619822989615706 0.3730557375989122 0.38917315400660696 0.36938426427693954 0.3639860949603693 0.3518994007162255 0.3653248402815601 0.3908010190422024 0.4087169409826839 0.4225759125027536 0.43482067924714746 0.43278563998181274 0.41956537680575406 0.4027759142596831 0.3705656643184081 0.3751711536838582 0.41314665149546426 0.41883768609280964 0.4311721363355819 0.43928292600841956 0.45364766411398555 0.46885493811815526 0.4728619751289221
0.3765386780281134 0.39518994442200867 0.3961045924767034 0.35046851516808053 0.3270732245604291 0.3236066407311341 0.3225331313936181 0.35180920195795995 0.3554549817283563 0.32776241284276714 0.32120048665810624 0.3301217479128696 0.3586482058989805 0.37971843173465114 0.37790837479680134 0.35964863513441014 0.3629950807951805 0.3249439526785526 0.3437183276795589 0.312653334783963 0.36295612771999236 0.3555403899987885 0.37768862468231096 0.36473314005954843 0.3592041274816137 0.36545455285026035 0.3847933407870206 0.4281906874252277 0.44224335332893483 0.4228236117023175 0.40055035243477044 0.37758094219108873 0.37185329767451347 0.3547650353404028 0.38893854503661773 0.38044918461841937 0.40649174167387603 0.42683602783144464 0.45454919918626696 0.468626992695241 0.45641845862684655 0.4588349226635361
0.3734715925435111 0.3748987519331647 0.3763833562064871 0.35837548663783547 0.3347292874988769 0.3401870988741107 0.3323075569832994 0.32311484322292144 0.3423437244657586 0.33470968430075343 0.3158430528780825 0.3448336465261992 0.32781854189129844 0.3676195556691313 0.3560063196076577 0.3526880068714099 0.3448838077990345 0.3055397590718893 0.3128350494625793 0.32879164884942813 0.3305757363138881 0.3281811165494586 0.3549189688694166 0.3586457978799242 0.35621274862923913 0.3664026488040576 0.37946023674804585 0.3843848253534963 0.4139617460146276 0.39216157993963063 0.38686624406930276 0.345938971632405 0.36123313561071063 0.3788173072282725 0.3725566053497195 0.3630059391337966 0.38852509054758927 0.3877880370221043 0.4258009036030026 0.4800262478664742 0.4720857942198772 0.47559040529951135
0.34987861089347877 0.36308948663251844 0.32846414155034315 0.3231450676849335 0.30728807934664865 0.3081966599103741 0.30747600591641266 0.30851249150811494 0.3316203716230617 0.3572623538907813 0.35261385397873846 0.3410251268163565 0.3186716377168477 0.3262805546841441 0.3512147778317476 0.36785292605317205 0.3569883502612924 0.31084404994129944 0.3080954113352844 0.30713982667640605 0.3270637895562473 0.3401770788666201 0.3421733749665964 0.40774801199583144 0.37134741660106685 0.35189285378761104 0.37335605811658273 0.40305151674210016 0.41349706962072025 0.41808369297593717 0.3789004439500111 0.33491354716521715 0.33942486866048455 0.3587474278665122 0.3469161579935679 0.3356390550719343 0.3476047053614799 0.3874994510185598 0.415592768739703 0.4949945558082956 0.45586687499947104 0.4777323789330742
0.3004687921421243 0.320610740388279 0.32415175221335285 0.28035753808426467 0.2916772012135338 0.31928371652370074 0.3113706008124505 0.3022487768726733 0.3209983088376448 0.34990163321711726 0.35162121241160865 0.3755937602743292 0.36216222977299317 0.35626005637617053 0.3493065285907738 0.3567635004898822 0.35866873600200433 0.31300625538165294 0.3008376657069385 0.3039328715582488 0.33615288685510597 0.3556667162636715 0.357532135053071 0.36734629845338834 0.37748223039451406 0.38782152378832513 0.39219590806152144 0.3946416994908483 0.37866857849637253 0.39701083858494396 0.34226363140914795 0.3442989498431862 0.3679500140152951 0.36467773771724993 0.34454427346128846 0.33644264739383617 0.35913140111735686 0.39185541087298414 0.411820550020094 0.47140192487405863 0.4585919051311765 0.4652767492696961
0.25709041782620673 0.29372968194960636 0.30681244126085344 0.27302834520211394 0.26695404415180607 0.305733235499479 0.29163309047772373 0.3283461397644028 0.36102513678944526 0.3315689808264148 0.36307436459450915 0.3764196189578686 0.383598497679022 0.371862394223289 0.32042718294152334 0.31318753589626736 0.3532349884486136 0.3515674841017363 0.33809072784700994 0.32671124851097816 0.34535383092065736 0.3335164264799684 0.3397582552187702 0.3215571512779438 0.3487081672291746 0.3791632892861166 0.40149526181672673 0.4023204551095374 0.37825834900424105 0.35543682247256 0.36650889810949794 0.3339366514438229 0.373512438609134 0.38065535895211283 0.3783379523407518 0.38079529972777915 0.3596239196709473 0.3844688788706172 0.40708129113711056 0.4654100059768475 0.4553929793203415 0.42258197053624347
0.2557251413588063 0.2523928935206459 0.26177882417129184 0.27616981186622097 0.2730313396386103 0.3088142757044195 0.3008589308123935 0.3512775995847619 0.3723352618694513 0.3469306098893749 0.3500939828163133 0.3525742462316988 0.3855659549778318 0.36703962629635595 0.32346842905833517 0.2960784510397427 0.32808992749612775 0.30627915824781554 0.3385216948465502 0.3411639525734004 0.32315540963784445 0.31391616605586337 0.28892202611335377 0.3054261482657475 0.3216339562862101 0.35274298998189374 0.36373461191416084 0.3610778608210863 0.358912301980089 0.34238375917765523 0.3398259035761855 0.3683296317693754 0.38444446094705637 0.35866285718520413 0.36804244383732615 0.34345785510518484 0.36672019722957777 0.4006016967600095 0.42866146507957475 0.45298109105397577 0.4230828827805862 0.4443534501022439
0.2687396440892909 0.26264926641675407 0.2602816163589774 0.2678180211271334 0.2799562805979806 0.3053026629536549 0.3215407170643662 0.3582530808084929 0.37793211044627617 0.3760532602162648 0.3720827915507397 0.3843745652446695 0.3826643542042419 0.35071056240373266 0.34876274598737905 0.2813075960544985 0.28925404143077843 0.2856956726423003 0.32183799851308237 0.3094595802810611 0.2858504890454313 0.28640704048527643 0.27670863558268105 0.2902562607033143 0.31579800798147045 0.3475901423408454 0.3161558583504947 0.3254622626659166 0.33674383403954994 0.36316123065930855 0.34946321017162524 0.40029475288750355 0.3569817882546037 0.34677670023884166 0.337240020660849 0.351710356185059 0.37977022597040055 0.4184995159016317 0.42194176806043165 0.41269341590149156 0.40720703515300877 0.43286101217511413
0.30004178824931 0.2713704219787113 0.2886538476526403 0.3039117174758206 0.3222207072034731 0.3336855258646412 0.34573203723892565 0.36090249093872784 0.34065108272099615 0.355261150593181 0.36932634299178085 0.3736323414156438 0.3784692744624662 0.3840772947978482 0.3445101636440468 0.29703253497746734 0.2913633970605844 0.2868594715826164 0.2790773645688432 0.3092465935441761 0.31325932398696893 0.31091230786094565 0.2809692757210173 0.2891766950151816 0.3155600210812085 0.33399415777979996 0.3121610669262864 0.33080816090434456 0.35626066799939704 0.3665713336490763 0.3471109231458887 0.36986146063010267 0.36147245026999536 0.38336020290257633 0.3628206369054881 0.39602063098667545 0.3962149167771828 0.44310642242449594 0.42960050364340274 0.43876378619892215 0.4268477775254427 0.4350681441757837
0.29687862107561797 0.3072563820024774 0.295967936432646 0.32103842489123025 0.3425728101774155 0.3523836813338465 0.36086051765093075 0.32664002261643543 0.36762422512911597 0.3820754848570777 0.41239104350824934 0.4286842108940985 0.37949476039855856 0.38019033268199737 0.33759860335547576 0.3292090388741072 0.2970925849480703 0.2809373456252602 0.27479587673333006 0.3044903702318887 0.28302003398421144 0.3017862820409487 0.2857734483038189 0.2649936786571311 0.3271094564083293 0.31288335460453137 0.33647836884960414 0.3009943885517908 0.32381915701118186 0.35969660937958475 0.3496125786853033 0.35760339371375793 0.37038095036195157 0.38106764010455674 0.40699015378170317 0.41064903223191623 0.42161165443909 0.4453642724908585 0.4518327011421789 0.4154609509408533 0.40008924962066317 0.42862866457923393
