Raster_benchmarking/continuous/raster-45.asc
NCOLS 100
NROWS 100
XLLCORNER 1743159.583854779
YLLCORNER 5469278.291725013
CELLSIZE 10
NODATA_VALUE -9999
[rows 0 to 18 of 100, columns 43 to 85 of 100]
0.2464447606398571 0.24665632322680534 0.27405911459636967 0.29717151590141755 0.30511716763277946 0.26785687888629683 0.22927721010218016 0.2396532135747233 0.22928312942604442 0.22973054918636587 0.2133718958423137 0.24029593882946898 0.24543958735149538 0.2372010682534567 0.24228614689794162 0.2457432939924134 0.22827330697077386 0.2085045069392346 0.19621559753218876 0.1782665045178689 0.2093810912096599 0.18453075049371526 0.15751390392542491 0.1779784439692023 0.16618600859787272 0.17980025786303597 0.18058553500837465 0.179093054528475 0.1345940051175074 0.11155112053571233 0.10713674129985945 0.13942597367391898 0.1315643868433652 0.16508830814104053 0.14601499157757125 0.10366859052359768 0.07751339586557059 0.08070243669122842 0.09551671727713425 0.08874299095388255 0.08478805667993786 0.10154378852953458 0.10089168174237385
0.2819035348904061 0.25187291371752857 0.27257894191444076 0.2965137062547386 0.2907117461890329 0.2679383707457068 0.2386735319500782 0.2590564265990103 0.24953342089004665 0.2301368399285753 0.2105341410689772 0.24664170233020577 0.2656221925187252 0.2546396299607228 0.2679120119306621 0.24497337095897379 0.24631646443525645 0.2232281008199467 0.19229247428506974 0.18974484418990284 0.21876326839172164 0.21513939812535288 0.18715113204079814 0.20135605473403875 0.2095541974845202 0.1779003447272131 0.20323388799086944 0.17324324588338755 0.14415906855884328 0.1347476430435465 0.11764614495401914 0.11877350205951641 0.11857330059727315 0.1441798377817186 0.14649662518644305 0.09215016032091884 0.0925871590191603 0.05936105626270549 0.07542941697858041 0.0642630198196103 0.08078251151325434 0.07122500855162635 0.04179529969288781
0.28307113765447395 0.2496326721249106 0.2650478921354706 0.2974869515975888 0.304176583175572 0.30021718424020866 0.2822455170597416 0.2673484131996512 0.3037886040770717 0.28055947404626286 0.23357371372448693 0.22877976648267848 0.2397771565618099 0.24376296128070118 0.2715985623379541 0.25306698075340506 0.2892854611341488 0.2570410925292374 0.21958677181515318 0.20272835572391826 0.20862157247593355 0.20654913956255794 0.23577880707956855 0.2016052157030114 0.20373702496537133 0.19034427043183927 0.21960196048598585 0.19257035323086374 0.20116247678591198 0.14383174745626157 0.13004056847406406 0.15874160392770176 0.14294775987259117 0.16319386808015454 0.1401359327664221 0.08496225540717793 0.07099414180157608 0.051831620514003376 0.0751512264311513 0.057226309320739494 0.02828281941335555 0.025215505022838317 0.01395220466231201
0.2782952956138396 0.2788879790203157 0.29569363578804814 0.28197511146922627 0.30196265643705783 0.28867616322793077 0.28148465137374057 0.28769291022246574 0.31766365681840625 0.2946870641735831 0.25624828485910917 0.23455592572074138 0.25694422936754147 0.27913975516281997 0.27499324193599195 0.27543307729640504 0.2761364755391485 0.26092585532644896 0.22942635450660745 0.2349479670944656 0.24218500945493512 0.2125395174891234 0.22045628781134857 0.23938159740740822 0.2192637482097037 0.21218835108443254 0.23633770389923686 0.2202528812871923 0.1995457372004356 0.17795508350853373 0.178279312181976 0.15868510224233656 0.14651907972704545 0.1608705341848512 0.16243502515848568 0.11655094130535733 0.11915543848395345 0.08642950380080243 0.06825751585495435 0.061282014665856255 0.03977463335116987 0.0235403555907641 0.016040490091813797
0.30844358138338296 0.29956940111673896 0.2720318251620479 0.28877211023617805 0.30795520826886275 0.28677421472838005 0.28058114005249996 0.27651448810128415 0.3205491793098205 0.30430140420007684 0.2652681709747122 0.2524174652347609 0.2889774376191703 0.29061572429476346 0.2855984182467254 0.29453281991968094 0.3068250182622024 0.27495977903351126 0.27274997086956626 0.2678073144444378 0.2724027040860716 0.25935127072899916 0.21461124609466625 0.24215373679595714 0.23649296221209237 0.23048854741622993 0.24511732088542745 0.21498155433939795 0.22262196432018855 0.18220794667021614 0.16530825497930804 0.1505354400417606 0.12765346927439716 0.14431637262773983 0.14978295997497088 0.14351636974220808 0.12572762088749415 0.10549619927286787 0.05927931379888903 0.06869572098383407 0.04403342547550763 0.032833036137673216 0.06535084950872551
0.3507758636989633 0.3282720910605814 0.2858529917046907 0.28048515172449384 0.30925042760317045 0.3027292335515478 0.30738407987539806 0.2842130774260758 0.28639829583607385 0.29229879442501566 0.29461106826669387 0.30889337117164906 0.29109824217420827 0.3014276999444187 0.2900522242125291 0.3226792639113265 0.2974724741272532 0.28784423599153103 0.286157082973041 0.30484793801641913 0.2919349044979934 0.2729058963317663 0.24529979337910804 0.23050092016823218 0.25797220177936253 0.24996361045609644 0.2746383650386509 0.24437975925262082 0.20370222969994417 0.1915932676886428 0.1911660280527709 0.17772188147098944 0.15030790258038998 0.14823588953474884 0.15269300043779863 0.14210990481303548 0.10735649092299916 0.11574642501846033 0.09499251094623251 0.06195397221872437 0.03247125371332755 0.03588724112115916 0.07462659238839361
0.35013183450734675 0.3319748159395536 0.31154756239253745 0.27826041516844163 0.2582005990811909 0.2905360473959783 0.2840590077819523 0.2992489520791419 0.3336938181398309 0.3059396006024541 0.3331873673201101 0.3106632550075731 0.34451282483463397 0.30532798831594476 0.3242012096830552 0.3080363034951469 0.2850987616992431 0.30030381461957917 0.3089170416103472 0.3146456408866091 0.31128838496210476 0.26935444203151426 0.23585448567955472 0.2637585014053404 0.26132215927023367 0.24496356352657128 0.28224871877906316 0.23256752441993978 0.2186861940245576 0.16943156781485358 0.14761852756612953 0.15650734200338884 0.18505393854952296 0.19007081818504024 0.1699529583387719 0.1437284694253831 0.12202949785614131 0.11457901536324908 0.06679759577310773 0.0744794620967013 0.047195670623673844 0.07077036847581437 0.04809314248567021
0.3387401632895078 0.28892501269982596 0.27591733750946823 0.2576663861466127 0.2630977623262297 0.2659791678015498 0.2741570420431129 0.30509565682902806 0.32667089074356415 0.3156514301739469 0.32830868848956013 0.3326911772894542 0.2920344017983754 0.2983400674062483 0.29755886773568885 0.31590645196288636 0.33257780831695205 0.3354945973918451 0.31283670209020287 0.33771980239768434 0.3287183111508465 0.3143109865737778 0.27629926140354305 0.260785794040123 0.2432129026525787 0.24981310359755654 0.2438622843161192 0.25727213869611304 0.21719513506776758 0.20425991508486405 0.1946087604940309 0.15877988629995243 0.18164736262432093 0.1840088264159037 0.15585442755296017 0.14645054105990676 0.10570025107520119 0.07198088958094098 0.08259708777694598 0.07751169216999186 0.07501281078951694 0.06264923462308597 0.04156351761362178
0.3210813962964284 0.30956193875438204 0.2624025413726331 0.2565118240712126 0.2760923895615879 0.3019406521777812 0.28313293587890215 0.31300519078845357 0.3360141180385948 0.29787950822038856 0.31972336679984614 0.28791552461869835 0.2817911891660104 0.30957962101236436 0.32423801229418 0.3344870536542437 0.3416754247438715 0.3326439761156813 0.32786232205484334 0.32008795434143206 0.32765589384383026 0.31299920477315807 0.30161287645237894 0.3030314848487178 0.2625687196724319 0.23894735501927716 0.2522955773627874 0.24881211707324863 0.2666922532474025 0.221086081631097 0.19516456196095808 0.194921828137903 0.18725413549527564 0.16331521502785715 0.17039817492611423 0.133009588746802 0.08760998824555495 0.07045346263905056 0.09398843789944292 0.07920545820323617 0.09834332199768007 0.09743735654499529 0.0738167801598662
0.306336328261902 0.3067354755839354 0.26714988084000707 0.29683283837529206 0.3247578972823557 0.3199135080995124 0.29471969700345807 0.3185163555892816 0.29361271116921056 0.2980609918767221 0.3028969886743573 0.27893780304007254 0.29960917590605185 0.3251798185537506 0.33455012794191585 0.32264255401330816 0.322762461761552 0.35264862520077367 0.3614294455527054 0.3266603690464917 0.32319165676295186 0.3181371880850774 0.30537641806915383 0.31906338030622383 0.30575991101773314 0.27830526664368166 0.25807034946902535 0.27437938536949436 0.2537390457706328 0.24953591181037246 0.23570209551919746 0.19894382819566309 0.16881631035781947 0.15663896867085636 0.13685985237031104 0.14234235738618478 0.1262584539178724 0.11135110621861503 0.07664171609200088 0.07837861810788645 0.08622061052689946 0.0900609095376088 0.08906067816634756
0.2875898759573455 0.2811692991200212 0.28178500393398387 0.3165417978660291 0.32625218607506 0.30528013141240423 0.31379512985094693 0.2882222522740005 0.2926708464669892 0.30570541995477274 0.28898014930887383 0.28414978283222875 0.3038092854886127 0.31770286361227307 0.32097862060010157 0.3295775267191437 0.3590394566798204 0.34542414752847955 0.3623254460570147 0.3729261469137095 0.3741939522383773 0.3499431412764712 0.33322200789681816 0.3085720340678114 0.33000652761602733 0.29359087564283537 0.3036780785579363 0.2867569515453795 0.2715780755796266 0.28963512468178754 0.2662387139418856 0.2090881034223344 0.17638452323839446 0.16298256435167405 0.16054543087850653 0.15888249695706616 0.1537043218635488 0.1324573313177726 0.06859697764853287 0.07797139619831006 0.13412459039778435 0.1063227297679295 0.086354777190561
0.29532963409019086 0.2887171196457835 0.3180880572471215 0.32168372617144136 0.31789257277374783 0.32096316836119504 0.33153876643753255 0.31738682785728106 0.3113022095121837 0.2972903900507225 0.28597044432517105 0.281799987823243 0.3020406877384902 0.29604220154909205 0.29816328176949125 0.33836615338267484 0.3664536925613352 0.3372737344575253 0.34724105498523244 0.3562950510876113 0.3538705085163067 0.3371163069570789 0.3508870875471788 0.3363365616583636 0.3189118830437335 0.34928374106410226 0.2988690119731631 0.2887162687909549 0.2744038474470888 0.28415060596000075 0.2870617548403564 0.26412775715530373 0.20379030786065497 0.17476161755366693 0.17047112908468087 0.16051206461064058 0.16212680040358515 0.1158445491153263 0.09581207542179539 0.11007878535760068 0.14157772668899574 0.12022996429501914 0.13533879748554417
0.32464979112589537 0.34411263176445 0.3333979557358644 0.35804626510702353 0.37823890110902514 0.34727797330062027 0.34113524243285903 0.3454985802250371 0.34105059559664186 0.345820286078528 0.32349069454561463 0.28557031520863524 0.2755108143426092 0.2790460683597519 0.2817481209295051 0.3225027822169254 0.36411530983823626 0.3655638873282764 0.33348105802478223 0.3411762556717512 0.3347095253804901 0.33146652183178676 0.32253872683322243 0.3383743948543967 0.33835145237430453 0.31978073379986494 0.3359789351108149 0.29820412210971853 0.29646719153036327 0.3031370775296115 0.3008208079851611 0.2725047386416721 0.23324461044899195 0.22246911302151415 0.19900728228303782 0.1643326685158249 0.1599984283214995 0.13740573557526492 0.15926940076557128 0.15132367221846033 0.1525726015052321 0.15098235623669973 0.18723102310975775
0.31182935563762193 0.3441702777476047 0.3331549958762955 0.3586801488130832 0.37095874387354644 0.3845494205317433 0.36114903636615986 0.3822107264721643 0.3575307680132828 0.3422597906911278 0.3139120899272913 0.2952735774477248 0.2770831402287582 0.2849066314356404 0.3152481091097288 0.3335506533314667 0.3740719394690058 0.3561248785160564 0.3436880837917116 0.332065147903976 0.33846738960886597 0.32163387137549887 0.31187749237297874 0.31667699125653387 0.3447772467173616 0.33282792828200425 0.3384111673142152 0.34090915251320253 0.3452675325505773 0.30921757202138106 0.29995758182110255 0.26312903907092655 0.2639823188124341 0.248757942037047 0.24153535569546908 0.20633294477386402 0.18614616118253838 0.20004489182424903 0.1863641741663094 0.1966511629897549 0.20369799234456293 0.19781056070708525 0.2256050219149019
0.30495453743622575 0.3466214717596369 0.3689963758643997 0.40090620218987433 0.4021489394732182 0.37872750832405866 0.4138286387113291 0.3826030067360324 0.3774499663829621 0.33334853811016074 0.2863265550478014 0.2958458426357606 0.29044347923986236 0.3271672687326793 0.3144496256125978 0.34211637748088614 0.3784734369178928 0.39304914574915545 0.36660204926310724 0.36201417789591067 0.3590535704269303 0.3346495138710212 0.34669019007879265 0.3236504270269556 0.33351545511493985 0.33620518883322364 0.33963017993355465 0.3681487820972726 0.359113491671384 0.313647833344691 0.31890504296971434 0.28330874062504946 0.2616909880289963 0.2411443078777991 0.2298572207077069 0.21491791787200498 0.21923241800843757 0.19846987762621895 0.19946857419389968 0.22430384965285047 0.21164875590062396 0.21645433842715728 0.24460479383616085
0.31739951561586127 0.3372466382277126 0.3489528216710213 0.39599895681238195 0.37448317433299627 0.3808906104810281 0.36671316885532035 0.3531402935193394 0.352495838255036 0.328545372091583 0.33118091509207653 0.3113248038555822 0.31373223768800873 0.33852693464360106 0.346724708290802 0.3809690711745228 0.36947392187481626 0.4096002791239909 0.41089532051912353 0.3827412738799758 0.38576232534379146 0.39239442241518924 0.35760984322325284 0.3348152175861594 0.34188813674078855 0.3555850156496574 0.3552143779090402 0.35931090687662404 0.3544673662766143 0.3447045537839498 0.3222529012570328 0.3391153313216202 0.3187307615342806 0.2930623693462004 0.2545550294732452 0.2569845399415466 0.2520194543792473 0.2507764063899729 0.2107460226406765 0.21428530913054972 0.2397190733311115 0.254219463650703 0.23118386398391663
0.32487576173409455 0.340213062479913 0.358890877978318 0.36087257639289233 0.40189062802341785 0.4076033691673483 0.36737755178511716 0.35102856909339236 0.34326535200525277 0.31794489306779733 0.32893892614229286 0.3523268373569433 0.37337182827604964 0.34219342567131916 0.3510054386971661 0.39059722964001237 0.3933557702190513 0.4172511356977029 0.42181721839285974 0.43252471824482636 0.4195086588119652 0.38734849335898586 0.37038562982987105 0.35294367831113765 0.3395840658205356 0.34456608043845083 0.357400497558182 0.37320475757666205 0.38767774669138616 0.35146991123396504 0.35610982689518805 0.34404541538493355 0.33617568382782403 0.3218705067395007 0.27312269083521024 0.2620624923802058 0.2933180706696712 0.25867804132891675 0.24550600611934154 0.23573079445356038 0.25114481248219667 0.2516728699532518 0.23868031134597162
0.28860543197921495 0.2964907679306952 0.3529959120468435 0.3750872087809527 0.3950138172271172 0.4001848196520872 0.3692583741687155 0.36972744079526504 0.3539737654474719 0.33251045457890793 0.3678246075402539 0.3827821955479621 0.37619774606214557 0.37599259259690887 0.363987231777728 0.37262874987121475 0.41717184668349266 0.42534355245351674 0.4507849194073837 0.4236684748063489 0.4226959181882677 0.4313078021723331 0.37756218345341647 0.3697340820566002 0.3825792010090117 0.3506618824395688 0.3766957721273424 0.4068898857097212 0.4068759978270667 0.39521038906632006 0.37235017171644896 0.35923479964274746 0.345487356713409 0.33319524343438334 0.3249674866633009 0.2895808745971367 0.29139633676254445 0.2819828541648874 0.29327642484898586 0.27661781240596595 0.2763208498504047 0.262160784148498 0.2826554208498726
0.27823205732091266 0.29523730621394384 0.31052356541884457 0.3656766361500544 0.3653299349994483 0.40449509823274515 0.3937227513251889 0.40065924276232334 0.3593939056475705 0.35870697335161306 0.3412326144681894 0.3830418600773335 0.4281841847249855 0.40681776362410854 0.43715721739324487 0.4339762005498782 0.396991570532805 0.4430246769061782 0.47074316665649585 0.4381016775147688 0.42288340467979485 0.4462197849852036 0.4231644805370666 0.4258717280496739 0.39378032876323593 0.40037289837632395 0.39161881873888066 0.41087346962037685 0.41840594890665794 0.39476946456546 0.37235714176358303 0.3696463403695673 0.3760929026558526 0.3379954055440233 0.33405337111516825 0.33322281186661307 0.31127617768164906 0.3063270307849572 0.3065665774763866 0.3087720953004215 0.28932452769876865 0.317567097359796 0.3363738924990884
