Raster_benchmarking/continuous/raster-437.asc
NCOLS 100
NROWS 100
XLLCORNER 1743166.7713381934
YLLCORNER 5469289.088406745
CELLSIZE 10
NODATA_VALUE -9999
[rows 76 to 94 of 100, columns 43 to 85 of 100]
0.16463631847398952 0.13667812641462426 0.13133631578702565 0.08275597307286989 0.09274402359618053 0.0979153751991055 0.06868387074662712 0.02803963117896768 0.003989991354195498 0.02356035923136715 0.019506099149218893 0.026716393947574833 0.02824594736674442 0.06728943715418109 0.11436756866769164 0.10007338321347656 0.15350232361138746 0.1988576462229588 0.15105446656062899 0.13448172046042434 0.18846367299245595 0.21097152587386847 0.2394888704955155 0.29985786995760133 0.3442315301463116 0.34477554440826313 0.3747373542074259 0.3709576786035455 0.41984797484649744 0.41307201028236273 0.4359259583319798 0.4723665594434314 0.455196709463126 0.5027797681982198 0.45832557124007994 0.4715900141115878 0.47761805196754303 0.5179135651025065 0.5028320794336726 0.5477458644997281 0.5054710879395758 0.5595133106700425 0.550379210022293
0.17156092715790774 0.14307640016031037 0.1359601376415359 0.08250332206262571 0.06562343224439951 0.0849345727876765 0.06281810692525673 0.06027582446460958 0.02805696417732212 0.02489639669241974 0.027384566219220155 0.04201528003264415 0.0656105100328898 0.08729917230425996 0.10925380480634315 0.08700983251351432 0.11857077610858086 0.15818511189848183 0.15915228557320318 0.1657814619793343 0.1770500774833409 0.2351702165769528 0.2525515466224272 0.2995997421613398 0.37452383314581716 0.3716469466763383 0.3941082405527704 0.3907103607779444 0.4198330625088541 0.41147277698832063 0.4436354711023214 0.4374491872354007 0.4530262237831914 0.4940020870152323 0.4922713025051524 0.4544753736756657 0.472940767450672 0.5426505773423821 0.553763297189041 0.52601014013615 0.5299014753635538 0.5580215658744253 0.5585002133277642
0.10053203177127648 0.15004759095794062 0.15908964522275187 0.14912907473018766 0.08974440376309029 0.058925793024416154 0.03914219369217492 0.04113135202330872 0.07233718704452587 0.1044067190867408 0.07304769694185188 0.04182497756080757 0.026715160699471233 0.05435756494464504 0.1062362316777508 0.08948416102172858 0.09457509044312885 0.13305228179465178 0.16842308802869888 0.22168249630430528 0.24091705743983982 0.2502786296957459 0.29935646813170824 0.34033112082125 0.33745088019921937 0.4139575463157424 0.4170798896649952 0.42728196174785293 0.43386768994974545 0.48059887200669865 0.4346236046778367 0.4490121084564778 0.4902047888374785 0.4473006633973921 0.46020140868468845 0.5047662568363227 0.5095482429004992 0.519071494434185 0.5719985449127525 0.5467064882346514 0.5516043928650897 0.5751756002122627 0.5494725554241664
0.09913302962918087 0.13382829302087976 0.14128127461341247 0.10332753546337924 0.09738930475009971 0.11644437114974684 0.06269270302428706 0.11967893687510957 0.13007257037713482 0.10412944637088872 0.06619240941846558 0.03361134349362919 0.04570238327577601 0.08857943889199603 0.0856855778472523 0.07617329107509885 0.07121133072668452 0.10393366517074758 0.1378898573846707 0.17796929470536085 0.2481081347677731 0.28986575249896895 0.28286400723290306 0.28583964954752183 0.3116586660040022 0.35361257190751094 0.41669892336827724 0.43214960154959836 0.4262857702716866 0.4352124532281378 0.4796289632982234 0.4658192922971351 0.4887423936488013 0.4548110322491427 0.48726572662746215 0.5426830267064925 0.5868334328933604 0.552333706718175 0.57983609675986 0.6155871342125198 0.605850386323953 0.6011057197679713 0.5936131915484997
0.1058445911151244 0.069432752789124 0.067396399769082 0.11392145736025516 0.10549136530068161 0.13714056818156356 0.09474450345770373 0.12801294007402983 0.14600903497485404 0.1422244927190483 0.13943788720292033 0.08872725621191568 0.06862690598759065 0.0584005307971014 0.09204296699884994 0.04258913447680254 0.0873370488912969 0.11258185354679287 0.17365610281488977 0.18838073857664792 0.19906547928141796 0.27337480473789305 0.3087699266530659 0.27421660489596994 0.3027776771349429 0.3396796447601737 0.4000115462737766 0.4228051083993623 0.44716318920725906 0.45501119373081644 0.4978863448743687 0.4467282520883579 0.5003891600966196 0.5234677970557053 0.5649062561873879 0.5789571683838068 0.6111712005025188 0.6486443534338074 0.6123728666348589 0.6170234927334646 0.6340166141741757 0.579695372544243 0.5795824159712383
0.09753016629776456 0.09471086787514367 0.07252024649076687 0.11571907654758982 0.1240801033616783 0.17932280932889855 0.12963501861063412 0.14101191121445134 0.19077070592320747 0.20996806674516255 0.1619133942792994 0.16376614342102147 0.11860021720346932 0.10713470421589397 0.08204690919585444 0.07258676430532879 0.11736527608532783 0.14234090610664826 0.18012890581813568 0.16991064473984854 0.21098731079804156 0.2512878284558351 0.3112962724698927 0.3304288908257504 0.3183611696860287 0.3909797948097799 0.42007538636387365 0.46246675425516964 0.4332625434376899 0.4493507752890185 0.49431955747320455 0.4661707423310294 0.5079519448444088 0.5231934828364563 0.5532137486256123 0.6355694151050029 0.6252537682912148 0.6444517288508879 0.6164298231090765 0.6358318384709865 0.6472136354619152 0.5956305008252701 0.6249476714688748
0.12091240995139738 0.11107218269933955 0.13083335797937093 0.10589635377642632 0.13161323467069935 0.20275527375361233 0.15412197080645762 0.1594173319669746 0.2033524453073779 0.22220976124255906 0.18381693308665784 0.16518038931866197 0.11797490737471272 0.09475631375082785 0.10359239152045319 0.1251773229037447 0.1824409795960875 0.18754837146004466 0.21077192557953678 0.20110914353371973 0.2575691632270678 0.3110293068620654 0.32764947391305627 0.3297890728548285 0.37365944980465327 0.3997198739049294 0.41461469717908694 0.44990553452937393 0.4325673162351274 0.43694371036253227 0.48639292277294327 0.5376676675555737 0.5195360638420415 0.52267401297132 0.5798597602582891 0.6553247881196349 0.6392946697194885 0.59144209952421 0.6387420938639484 0.6827715095030443 0.6651393534453373 0.6314513923594518 0.6424326628359206
0.1116083459749082 0.09099858944249108 0.1086534269244717 0.13332914474919355 0.19499819174022562 0.23141864612451196 0.19900589460420712 0.1671011264603547 0.20417332906451016 0.23352876309331672 0.23490164845107692 0.2352611111851585 0.19862197299584 0.16441959897763958 0.20472305873845134 0.2513325898667399 0.24499211333943752 0.2946495736905764 0.3031313453564108 0.2898338029382337 0.2959026823545205 0.3421969748646362 0.3240343179689766 0.37723636938977373 0.38348171221438926 0.37530515705215456 0.43158001867192997 0.4510343386690105 0.4175727895865224 0.4256414984051053 0.469669858582799 0.5064902267987816 0.5346056743853819 0.5553522871498464 0.5577850899442249 0.5864303663010436 0.5946613699690488 0.5704770042327887 0.6237177242555895 0.6584162929941109 0.6295174902688799 0.6330671369964908 0.6363815140305275
0.15012195225936964 0.11523481951824285 0.11248888360053437 0.14326269419766002 0.17278368492366258 0.2094168974867948 0.20248437616011358 0.20814525223348102 0.2285689005841461 0.26443694869197787 0.2860935465762287 0.2839697417035948 0.23602888431160662 0.24854304845403816 0.24092078747811463 0.3138392431853947 0.30449885488855233 0.33134508828240816 0.3479477155918127 0.3720461896234939 0.3490421388268853 0.3146636719667771 0.32220407104521415 0.3674307189095857 0.36897313073383753 0.37037796995225486 0.380653968108143 0.4343263251439395 0.409657536254031 0.4348841274315668 0.4612008133253904 0.5578176738292523 0.5327197644103284 0.588855623649445 0.5918203805885801 0.5730578410066296 0.5512727414672204 0.5882270058847001 0.6144906557599195 0.6184953363261834 0.6511181424784639 0.7141570001181051 0.6645475899924269
0.13804153430611318 0.17781233636287463 0.16190621679299874 0.1487013274371621 0.18560887092218847 0.17838096840911888 0.18522685935638292 0.21697997682989087 0.28195985824167064 0.2727238613507931 0.28387686929901657 0.32113626623824665 0.32164199149891237 0.31957213543193896 0.29623257079563164 0.34089785578981746 0.37249179601816923 0.35967956576405113 0.3907469295965288 0.39919928765271884 0.36410457862112855 0.32692160613434135 0.34863292646266236 0.39713856776206635 0.413759581776491 0.40242116280764795 0.39196090712573073 0.42066260832671093 0.43748384639902443 0.47732899545144747 0.4954684085084726 0.5453238153549292 0.5389371643125774 0.5445537637422329 0.5323171247080652 0.529369529499871 0.5539958907777248 0.5892982251696702 0.6168776967998049 0.6350092337899339 0.6458960511927072 0.7168478808833024 0.7295302198557735
0.20416945512317186 0.251019827801182 0.1953067688562001 0.21246728202953072 0.2413125989379157 0.22060334869434028 0.20875964281043027 0.23253618295484968 0.2963539393181424 0.30426656924124756 0.3132438861862335 0.33120403983424246 0.361849954731815 0.3029477413949742 0.34225371617210026 0.4125161154928993 0.4036878919146159 0.4283552030424941 0.44291515001191756 0.4262796306267147 0.38830199953050326 0.40000573425792896 0.4044615611377887 0.3853937657342333 0.3890279425009273 0.41092941167732777 0.4086272545145298 0.43511071175411214 0.4880306338487921 0.4974298942953121 0.5082034195153473 0.5013275412513686 0.5223729006809933 0.49328362842938045 0.5184292221896705 0.5849613411170171 0.5422131751481677 0.5850766003665563 0.5989583446601163 0.6411673723029909 0.6944162156422693 0.7128268976486205 0.7071270792153144
0.2122786779387967 0.26308675257876785 0.2577551058111162 0.2514724032852452 0.2645366620275605 0.28445465178364343 0.26861925680839216 0.24640084583395244 0.25979395238586783 0.3443761302191146 0.36017117918341995 0.35348737284421095 0.377083363820434 0.3518372785971883 0.41466518248976253 0.4241501970319368 0.4693309393084197 0.4272102486815962 0.46588358424294 0.45896414377738165 0.47249468875185846 0.48705439509075865 0.45925722277784337 0.47134240947484285 0.43546509352981766 0.4574426461521937 0.4766504307254511 0.46217453351131604 0.4887849461234321 0.47890884216211066 0.49350126025910446 0.4862151684190515 0.47825163597100756 0.5095341739921576 0.4902019938410532 0.5411828900635995 0.5683496479917484 0.5913649768381788 0.6141345882254863 0.6822627018773961 0.7220256755629818 0.7314666076254059 0.7099253076048071
0.2841299323190939 0.30326998753304163 0.32997289361658183 0.32756873109077983 0.316090220584576 0.30939163553709015 0.3003755114955828 0.2919818483310395 0.3031751444407626 0.3240939457141355 0.4015190431490278 0.41336957393203694 0.37215005111052635 0.42408413387799615 0.4359713295726638 0.46925009922749183 0.48642875969816013 0.4660968476446645 0.4719399197921494 0.5235779362635027 0.541813567215892 0.5449499701895807 0.5285008401877922 0.49878350585774484 0.49469734533083254 0.5137424527187661 0.48192868011297224 0.4409688737619694 0.4949195624208691 0.5120153980496945 0.5406624461054799 0.4982825473597828 0.46907092266880185 0.49302684390837653 0.47286248063370356 0.5153641513782502 0.5654316423664963 0.6293549839258977 0.64908203346731 0.7041616631895764 0.7350461626189869 0.7287716366669942 0.7425385557588529
0.33358886082346123 0.3062018631965579 0.3238470597497061 0.30795180318479354 0.35773106489212864 0.32783213882718876 0.35141019729694445 0.3602433392918675 0.33926002003495087 0.35899047815867063 0.39462337676099296 0.39034420576310785 0.3891785771894104 0.42708017688919053 0.46814435784906516 0.488573919828931 0.5178230962986871 0.47516016005111594 0.5329038113919048 0.5809331618144212 0.5487137734673064 0.5420188230980683 0.5479019028525927 0.5168733520910718 0.5248961666624666 0.5115939195238361 0.47720867290042807 0.4523237373383294 0.4581911355571765 0.504598310808137 0.5437130937513995 0.5249288215712948 0.52279284086489 0.4860011169237786 0.49063459588252833 0.5486499868114844 0.5929450164662283 0.5962298003938589 0.6604376851489261 0.6987118429756491 0.7280887686287848 0.7073984017302699 0.73910692801608
0.3025615320925276 0.2972117441150029 0.3383940762867768 0.3302610486349573 0.3876980117505954 0.3876680648308095 0.39948351368770296 0.36766361363093164 0.34953102853018136 0.40772555012760353 0.38008783272710117 0.36480436965444174 0.3831389833958163 0.3936407438083326 0.4949624641063583 0.5516215979992803 0.4985473908061189 0.5055741821626696 0.5299852544667064 0.6136463066444937 0.5716528922606952 0.5956316019990504 0.5487559106267418 0.5598918927781341 0.5267461537984106 0.4952808457589618 0.46870596990112096 0.4657979046612979 0.4571544480060033 0.49009263749794746 0.530008950855639 0.5676830345757772 0.5261456988438815 0.544690480276939 0.5525665780328674 0.5165253540251865 0.5955940677765731 0.6271448490773435 0.6295695886218281 0.6913082255146066 0.6823339728890216 0.6682025555579393 0.7059618362808521
0.33963085424349937 0.32333330576489805 0.3295880265902806 0.3572438860063253 0.38577273893129793 0.41926557209627197 0.3884918126156619 0.41342306786960104 0.3982499355730568 0.42693652664570825 0.40177012310711474 0.38462002536721523 0.40363358801885213 0.40599852951915466 0.4753255563796847 0.5374814166162003 0.5489185721371047 0.5569048476539881 0.5964147382025664 0.58412888349837 0.598383235217889 0.5969971632894479 0.5711450933184121 0.5719404924986075 0.5305752293719942 0.5273744520269653 0.4992191401016777 0.48183731376014416 0.5262111400256708 0.5154276436110762 0.5677276447155429 0.5691278481925194 0.5643823334453569 0.5327766086183066 0.543218541819857 0.5125416022145697 0.5877484603452303 0.6182857101219278 0.663646959863169 0.7069001899942571 0.6929438113466863 0.6900948497448234 0.727099085594193
0.3164552741622969 0.3436043727161813 0.3778297617063757 0.39062595266348976 0.3983592807264721 0.39986213210194704 0.3770894031637692 0.37849995751638604 0.39447376999942757 0.4595808533640508 0.48391446779273606 0.4935388580860413 0.47852491183705986 0.44933018039583 0.49046507906100967 0.5279582392663897 0.5624586738222398 0.5572599254514521 0.5757340857743831 0.6236226692763124 0.6127513861179158 0.6666438587011445 0.5953373724260012 0.5796337601785683 0.5599204461018997 0.5284324710003843 0.5225133673958642 0.5608840144927641 0.5234348288077281 0.5562992590119772 0.6015514617965475 0.5893680216895127 0.5727217624786005 0.5412235161043158 0.5237595475037216 0.5327566891325839 0.5601374194814892 0.5797686671463933 0.6768736707526647 0.6549056910381352 0.6481731311288802 0.6811371206340686 0.7152823893799471
0.332835396057513 0.3421324230213195 0.36889458198919073 0.37385160031101705 0.4382173282419454 0.43257111827925826 0.45279873799414055 0.4367933178723537 0.44039334868712127 0.493280975970076 0.48098105435454097 0.49539897609388905 0.4707951116745358 0.4817441552888376 0.5314158281620759 0.5230288038328259 0.5760188208765058 0.5899113792661463 0.6332178964334966 0.6350382697334714 0.6700922098637118 0.6542560281716869 0.6333595997353854 0.6383228137187191 0.584340044656325 0.57069141230953 0.5869351962493115 0.5991831220843643 0.5474336073536712 0.5262577406575168 0.5800744447950226 0.5746904406812358 0.581954226698339 0.5808752704099116 0.5628795918874899 0.5239675301800156 0.5789279320254465 0.646912903979751 0.6796032434448731 0.6798631443028798 0.6665701715719572 0.6583717681831711 0.6913241931970517
0.35060491754892226 0.35402654082820706 0.4152137859492259 0.42330881606670834 0.4468375208172187 0.44987453717664616 0.4416453656811794 0.4895032826561819 0.453969605683252 0.5329105905365358 0.5236692771423395 0.5083183396219269 0.5317287330220937 0.5356317813535941 0.5650459668657996 0.5439160339779664 0.5579438010371407 0.5969638564842454 0.6613719737622706 0.7072346727037934 0.7058274470929377 0.6626948033276303 0.6560444225046648 0.6651512288514698 0.6082289743441464 0.5947556081843548 0.6013826737052964 0.5933818176110165 0.5538440577035529 0.5434230142607712 0.565013399920318 0.6064566077016597 0.5842726964533399 0.6118656427736022 0.5900779691765542 0.549735155364939 0.5743661752625724 0.6602873989957221 0.7018427753531802 0.7146144803632909 0.7026146795183665 0.7074226246669425 0.6739774941976856
