Raster_benchmarking/continuous/raster-119.asc
NCOLS 100
NROWS 100
XLLCORNER 1743150.0333711186
YLLCORNER 5469282.265809801
CELLSIZE 10
NODATA_VALUE -9999
[rows 76 to 94 of 100, columns 0 to 42 of 100]
0.08891061286138718 0.10439446196528021 0.08965794724259867 0.07024132906410473 0.08612875263834494 0.10200309960276846 0.088323370194228 0.1367734477140752 0.1438224278271277 0.17101370122316656 0.1619915187417813 0.19127770023385038 0.2178445914459769 0.24539254152800194 0.25388170677400074 0.24319461960033634 0.25244658278206267 0.29689015457986884 0.2981151699552068 0.3358839863976577 0.35739985272665964 0.39820964638630735 0.38394980418383445 0.402906709739284 0.40775427429487343 0.4128408241435545 0.467018591334627 0.4831462762767462 0.5047733417028368 0.5185989086602492 0.5132060486829652 0.5239764401797288 0.5118652828783207 0.46133486584990585 0.4585732273459175 0.48140390861650856 0.49158255859693567 0.46330075219109756 0.48092088116677295 0.5172884494819717 0.5276455755552927 0.5376260557456147 0.5291487262822644
0.09470365386341645 0.09893197254188217 0.10087428079323195 0.08740874738824393 0.06406936056988961 0.07068826989230094 0.07543183923166703 0.11069748550580927 0.10022777015934041 0.13322464996429634 0.15089554896765117 0.15146339870414463 0.19330534703267888 0.2313752269063426 0.2505155139548125 0.26976634260665444 0.29038303699923057 0.29916911416907516 0.2788822146692473 0.3087612745819181 0.38623630930770125 0.39954181837278585 0.4211796679450639 0.3778663310278254 0.36706258517912743 0.3998132740255646 0.43654678410402964 0.4638934165574583 0.4615533469567905 0.5157363872523603 0.4945792100467984 0.4964710885041051 0.4539938001490332 0.44122141573403934 0.43585879061797506 0.47405857342641794 0.46670485741565865 0.48855716073797095 0.47392631648974604 0.4906808504978257 0.49037521090927666 0.5220614198547703 0.5223062288645864
0.07229980644250145 0.0652649256118669 0.11207868672351419 0.08485826575478762 0.03391231694048169 0.051547384381490854 0.05129627853143548 0.07202992853205446 0.10374426421075537 0.11031609850050003 0.12644583377539803 0.15883563002774181 0.18506865072395878 0.19380589743053497 0.24503206562213564 0.2769317116652334 0.2817171405393244 0.26880775579774346 0.2768878175220487 0.29533611019835804 0.38202355512720354 0.41496467926628317 0.4276873129945002 0.4184608945434566 0.380789964001356 0.3810192219287966 0.41218103976756454 0.40830187961796954 0.46024474083731426 0.4980195467516659 0.49820256429701626 0.4671793382839058 0.4455298934886713 0.4218760840926855 0.4415306216088371 0.4428086466612672 0.4110624879986939 0.4384300997197538 0.4833890082421262 0.4643359243270813 0.4974169244536907 0.47149840309384344 0.4924408085776
0.06373307654007157 0.07104435777195205 0.056713147976528974 0.05616569782365494 0.051132284239600465 0.028252076744553458 0.041316452722936874 0.03806020497794467 0.06680755146251302 0.10106393825930991 0.12980052407116477 0.1605483824190191 0.19639726880873343 0.1972653896174042 0.2173763819055139 0.2296377739263537 0.22575118111157944 0.24882052773908492 0.27691197628651204 0.2960900279966052 0.323833667906923 0.37134521522281916 0.3830653405441961 0.40045904643968255 0.38513863334205123 0.39586184992039547 0.4064094265077238 0.3911022091307098 0.43733317050144427 0.43804703865809874 0.4238740327078651 0.4172223571367288 0.4446795367707449 0.4162605434689152 0.42382601670181325 0.4111312079140386 0.3837108774397137 0.41207813130814663 0.4515262683406027 0.47625634935465766 0.46321659828433787 0.46612751124542706 0.45166158563315817
0.10021117941677418 0.10454946498743159 0.06741743927219702 0.06511713985335399 0.050565872597470696 0.04798954130646482 0.0 0.007768562521030832 0.0526001447806329 0.0999724766431755 0.11421524713528877 0.16213425150266605 0.1623207986835282 0.18712707436288353 0.1921889357895636 0.21875361869799237 0.23946101456719784 0.2552847753765612 0.27553921234538287 0.2768368673560088 0.3318710250503353 0.3495223234826051 0.33845272074549143 0.3618289548959095 0.4049056200425025 0.3834246299641758 0.3806476109825333 0.3585515312359546 0.37585502572257906 0.38489562125175275 0.40297195200306585 0.41805082648700187 0.4047697578116562 0.4238802424265712 0.43655909343775867 0.39295373101945413 0.3863545641888848 0.4013648489160521 0.4493350590672499 0.48304489328994477 0.49679824668640815 0.4471940049615261 0.4402262819141991
0.08901597198950754 0.10347498190686348 0.04674550102090813 0.04449452962856783 0.06197477193180447 0.05161387410849082 0.021225516888674405 0.022327217452882523 0.051859359313805975 0.08082714273766342 0.10540714428926722 0.12902376257464784 0.1349989967556136 0.1412442305672828 0.19021231201832575 0.20264153435997853 0.25809348538893423 0.2612575129561485 0.29938941788363116 0.28855526739198223 0.3085309409472003 0.2859426016422848 0.3232963438293353 0.3225673300270963 0.3576136413819886 0.3570672270623201 0.3454889520022298 0.38202752065966983 0.3741985221807231 0.3571793483216659 0.3828374232553664 0.37903746350766665 0.38200498256597176 0.3775422021102513 0.3698854280922985 0.4025318583125106 0.4086149504603429 0.4049452578967208 0.4377632527081893 0.4249329681581698 0.4358797990582837 0.44342570907151957 0.42122341430049787
0.10140849302620476 0.10214845847129962 0.05777845718013974 0.051237942267076106 0.0851870117318006 0.028039102472747473 0.007605461804301184 0.0019945651824417924 0.030624640147133085 0.04333310173232421 0.06637235576555124 0.11211344313448343 0.12412947897536712 0.12138400700636402 0.13058129613837385 0.1896031466498195 0.24524629916280957 0.27050369337197644 0.2913180624427363 0.2785741167458623 0.25176579825314294 0.2450331964908461 0.26721946979815814 0.29408887874165834 0.32117280975362184 0.34630679015484517 0.3588382700032716 0.34311009069456627 0.3807091265669508 0.35568522939814423 0.34100500254225297 0.34538392010027247 0.3455441887573734 0.33248211520877197 0.3484489803091568 0.3515887071127777 0.37939207010973647 0.4064062848504825 0.40920268252194675 0.39961053074546304 0.44130806602449135 0.45279402886297404 0.44786354247524046
0.09667186428201187 0.09781305913800627 0.06110829117009419 0.0651504693905797 0.08145846431552012 0.053473452501297807 0.05527593376936387 0.03985806939820059 0.0679233460508746 0.07396144419927979 0.09642483971166814 0.08480642841438758 0.1276682993494483 0.13538190538244993 0.14625480929370416 0.17766826161598326 0.20894681611642132 0.25796450462879267 0.2611429774433992 0.2682237231025206 0.242747494666298 0.2565726701941769 0.2367199821007187 0.27312987293609825 0.2902576571210675 0.3038742964702529 0.3222602387431732 0.3396082550792926 0.3368019355535603 0.33116653806251434 0.3277833215419863 0.3024011697760728 0.3247486815596659 0.3090925598924629 0.3262481020345723 0.34795861150942753 0.38596965572485864 0.3800588955442709 0.42354234308656225 0.40770803674201633 0.4038634159292103 0.43392331700378023 0.45873838602783273
0.10211502939073935 0.09045303606757804 0.06030850060654124 0.0948440698597579 0.08045798827041618 0.08892529707906446 0.09251065243378329 0.08285857315767994 0.11484269662615092 0.08565604366700771 0.08219358707468942 0.11995547161426855 0.10400319594890434 0.13258415591773584 0.15675920491716755 0.1902318473291043 0.1897934723521414 0.2557735593066239 0.2686114372779611 0.25685131354977714 0.252908609068158 0.2418643698595505 0.23047492559302984 0.25135893855381225 0.2473346831132501 0.24191143740277163 0.25558349252064533 0.2758531015301567 0.28178119042048805 0.29355016783400334 0.2698026362990131 0.26069253678588983 0.3053724318737372 0.31013255891762204 0.31603944386501803 0.33303022538932103 0.4107961985145186 0.42847993881649743 0.41182680283832174 0.42607684655019556 0.4061809218858431 0.44335709720507843 0.45350630444839024
0.09642868243628247 0.0867367969540581 0.08455963226017935 0.07986139752545222 0.08718039697247129 0.08830673150667628 0.07812007043228346 0.10080834148786331 0.13352022829697766 0.1459823099989827 0.11288261719713115 0.11948248682371808 0.10478457777864877 0.10772230979155804 0.1289965730378815 0.1420070068557899 0.20626370618454226 0.24395136508229562 0.2512249280318491 0.2416734184637955 0.2546480955896802 0.2195753389235237 0.23478150930159727 0.2320635834333006 0.2529053910795548 0.24213159526052003 0.24203591170365332 0.28452373066865894 0.25636526367500506 0.22449973217151922 0.2509387837557512 0.23922118827330133 0.2883012930518318 0.2950891439799186 0.314750441142496 0.3409545801898858 0.3681081784048686 0.4240027170429494 0.4110516323345657 0.4433846896161194 0.4227938163879014 0.4025010540832395 0.432912281418163
0.1368501675289632 0.15122968233786951 0.1421999601255595 0.1305755414872006 0.09594822248513152 0.0851922264456078 0.06487150314492737 0.1359863988652529 0.13077622736136985 0.15082869084024342 0.17049293018592665 0.12309211043869363 0.12087982697331212 0.11380328407525853 0.11208390164911819 0.16228304177483271 0.17889663080655027 0.2067392833008698 0.24409355128294521 0.242556590088842 0.24794508004998012 0.19583250092744006 0.19860238619184528 0.19018736846997228 0.21828826904277762 0.254246899745244 0.27792576857759166 0.2788061182940121 0.2350938374012997 0.2106430790616084 0.19383086897979904 0.25663567435210155 0.2478892105114378 0.3117452438260037 0.3177488392143518 0.3198781473371889 0.3490329540888219 0.41803970818287645 0.4589077461554191 0.4524907977490625 0.4003464297659274 0.4096195529963411 0.4050230241713469
0.1605371462308157 0.15814748729926126 0.1576955956572713 0.1435640523129611 0.11730436895004047 0.09363955968690042 0.1255988987904846 0.1557585494774711 0.14616426171338817 0.1853563138475246 0.181353627832457 0.16356152174940017 0.14745032572610955 0.11507668605700717 0.11916483593418416 0.16087642591215326 0.18010141489329445 0.17541112015179525 0.17874061530168098 0.22638832925140992 0.2363159913045455 0.21533981388574777 0.1977625537988043 0.19712166801397735 0.2236208632851042 0.2692552666855588 0.25891328790259 0.2765769531004182 0.2538322076972362 0.24505081488522945 0.2530076578833525 0.2621277144498114 0.2717862609750308 0.3284949559490977 0.34597522619388804 0.3349708170026384 0.37866140028232514 0.39591662145867956 0.4389419739357346 0.43504386170347054 0.44789577713329193 0.4241894859200834 0.4066390545904034
0.1378629512853138 0.17570741229669612 0.1362583774444566 0.17104432731980482 0.14011014052587697 0.14419768446517162 0.1708773384969133 0.16339719279319403 0.18507895644260094 0.16354453145494247 0.1579353866643542 0.18377984771369407 0.17157468380409205 0.17085897449040094 0.11992999597437702 0.12529609787067553 0.14635809861429344 0.1574497895851444 0.16744305253566158 0.17221442786329436 0.17466282328980345 0.17352779438653637 0.2159544431220812 0.19523111948721603 0.23285466300091545 0.23905768155115228 0.2648795232273457 0.2812685651956102 0.2439561171154674 0.2910513122171462 0.3055900721283737 0.30182195740080603 0.3286171226643725 0.3756870586662538 0.3880237543731128 0.3586528052599011 0.37395907428354747 0.3870989806098633 0.4054967557998647 0.4160213996796328 0.45361711546683153 0.4250524149014302 0.41151883311690324
0.16079376735394227 0.17430890649445321 0.16841257035428986 0.16906155623208383 0.16500882614805631 0.1806933790047964 0.15769765543475026 0.16825811825133563 0.1605965657988761 0.18435139621112773 0.19510615217573177 0.16900249377954332 0.16622795344562719 0.17950591070097985 0.14932522708086843 0.16496534814855304 0.18070079231404382 0.14742391771205118 0.15693870923216433 0.17060625965036516 0.1768531646269453 0.17240810789068794 0.1599669392717989 0.18944740938574595 0.1955429749501835 0.22406516253674125 0.24987960664729564 0.25300905908826277 0.27248288860440606 0.27578921422311325 0.29063576962260174 0.3214375244165721 0.354256660705978 0.3708330918945695 0.37965855218669814 0.36568095514395915 0.3859562072891698 0.4078963128681339 0.43224529149637153 0.4002119290418391 0.40438110498960633 0.41942815236844166 0.3909418753556803
0.14434263223729843 0.17607794574989505 0.22286278179401545 0.1810865936858713 0.1799845991703265 0.1885774502947227 0.18970425255559664 0.15862295073443228 0.16022427866848762 0.16454253789048157 0.1723902748432165 0.20075418030292305 0.18858760011971792 0.18373062168229465 0.1811897891323262 0.21533750930330472 0.2031066878077145 0.1847191783289089 0.1710277070407088 0.18060120045310354 0.16443155448587984 0.15201119564992785 0.15340952660211407 0.16646279208895387 0.22074977657772146 0.22164194241662838 0.1837106618358478 0.20916984579812767 0.22175577133615626 0.2711060582055872 0.301880472865452 0.3129537106567171 0.3672612656235785 0.39336307504480766 0.37781701643586224 0.35957313066209207 0.3774239105170903 0.40203251210596086 0.4209113052080183 0.38077022779551434 0.3702224086154011 0.3932442343113983 0.36895943541758086
0.15529566475215958 0.1941016897125857 0.19169682041039013 0.1859042787909382 0.1795510559947655 0.17533800893630824 0.16076590055614873 0.15264850777945202 0.1536485828471667 0.18496136473020508 0.19347142053150343 0.21257024437652974 0.23793676718661555 0.22375738592961783 0.2518480680703988 0.25222369944780954 0.23788103255718782 0.23802206443221227 0.22106258440344997 0.21708043976920802 0.1925335773367359 0.17389973659027305 0.21121043527225772 0.20020613552674307 0.21255922297415217 0.2088454190391817 0.21686542913966822 0.26599762864833404 0.28887932821652673 0.2687186515299229 0.32093171146230814 0.3432393333414291 0.3509757612154098 0.3807399243705487 0.4024539791693731 0.3743872575817988 0.3624298068015513 0.39941912769923893 0.3995931865213525 0.3733153182060879 0.37121684695985124 0.36265399823966804 0.3871518745713598
0.17830420211631698 0.19327213104059882 0.18185511009123528 0.17888203829286137 0.17564210308600425 0.18225196486869732 0.1554033885141988 0.17167013596925174 0.17987611163460582 0.22431567148077114 0.2469788981192206 0.24278251500898224 0.22856339834047298 0.23628924526282563 0.27797308608229876 0.2634262269322698 0.2609708462085206 0.2632432148702273 0.28697956481184 0.2824194356238961 0.24491491640364826 0.23392249260783196 0.22455132573235193 0.22108014880711388 0.1950914487671017 0.2570196679217072 0.27885574482544445 0.26330593563053123 0.3016584418685285 0.290483934365143 0.3069516671000144 0.34505702416143513 0.343571557395085 0.3892580224367361 0.382834470410331 0.37780420747950755 0.36647781490101355 0.35011667123864443 0.34960485214283704 0.36606238222219145 0.37050593235074414 0.382639702912105 0.406846575976476
0.19161240405437488 0.2054952681405795 0.16654478063194356 0.15931439483376944 0.14856331760361993 0.19145312161546582 0.1726605962503466 0.19139391892085206 0.20605867559473498 0.22058771687535592 0.24788670061987467 0.2546539852490313 0.26382105744977935 0.28702707578278586 0.29932458279343355 0.28256348042472323 0.28486642119644034 0.2622513404533998 0.3002995337605511 0.29860771379398615 0.29092952476849754 0.24518154001837242 0.247617039112853 0.23846847965169468 0.21983414530766954 0.2629938278322544 0.255767285735127 0.274300967920009 0.2787412712743543 0.3166919462919132 0.312998654650061 0.3182715018178844 0.35004138491262476 0.37376219043009684 0.37278442411257007 0.34296694216125423 0.32349682402693075 0.30450930378506025 0.3236074501155641 0.3405130655136217 0.34967818829668823 0.3469327025550046 0.3867128637454698
0.24634224970701935 0.20396108447952477 0.1963299950428955 0.17770434849343938 0.15939033850296822 0.16077450979831986 0.2050867443186627 0.19772418570000097 0.18928762436640825 0.21962627015747457 0.2565002672877315 0.2819821650736012 0.29126994447435617 0.3093477176147891 0.32182654045032577 0.3204222957402634 0.27972036464922523 0.2829271405735174 0.31048808791555654 0.2920093397329155 0.29553916456634655 0.2648546358110128 0.30212260906362043 0.2703566440804829 0.27559377100280796 0.2783610318919765 0.27324290410422064 0.26581317639821733 0.2537043739749977 0.28840731744966575 0.3132327679975225 0.30882874950968364 0.3434607445411709 0.3343493696906951 0.3425661109974271 0.35212761059447795 0.3113091388626392 0.2861212257578209 0.27059579655600846 0.2856822951008401 0.32155691206044656 0.35161532935451784 0.34123224188583473
