Raster_benchmarking/continuous/raster-83.asc
NCOLS 100
NROWS 100
XLLCORNER 1743166.3792144053
YLLCORNER 5469279.836934906
CELLSIZE 10
NODATA_VALUE -9999
[rows 38 to 56 of 100, columns 43 to 85 of 100]
0.4179469869679876 0.4472780464593921 0.4228924303481504 0.441604182543101 0.41874866071607847 0.3908971478571477 0.390744218209324 0.4219633401598571 0.38592676712507956 0.3733812634429762 0.34962757923941756 0.34455619207368665 0.3154615906989879 0.30112485578491954 0.2909163768850637 0.30305895128343424 0.28170869856047714 0.28825567045405937 0.2713443878144694 0.255411549880382 0.21115089956495414 0.20581506761010473 0.17383917734313645 0.1181030658193968 0.13030862785604325 0.1394721689555318 0.12243767511140537 0.14246252767294343 0.14283649170885726 0.11066435982903554 0.08976945442341377 0.024741325316219493 0.0 0.012383639306829845 0.010514589411459675 0.03858081725754397 0.0640229032087736 0.04767717701556957 0.04283171640438475 0.04174541379944915 0.06071544205004965 0.013171265209707447 0.02951158535056109
0.4208836778759638 0.4364567591949414 0.44956948370325167 0.4154808687990154 0.40786877067584076 0.38353253988255376 0.4303481127202753 0.43541666994876427 0.4212197371868751 0.3793795873042859 0.3638172368840697 0.3699603225880231 0.3547248495103602 0.3137912324258989 0.3223687316216352 0.2984296293534448 0.2925817689995419 0.29156434107305906 0.2598145430121678 0.24114275102526544 0.21645645173699274 0.20220928470744098 0.17976559665872408 0.1604272961287813 0.1521379200319324 0.1304018261007175 0.11127493057757777 0.10159184691507346 0.10680496480839954 0.11362674812832652 0.08300411729732506 0.04096786805060991 0.02818811901409455 0.027515641667309625 0.04923759783047178 0.02606766996659967 0.03922476345178676 0.04515273005132834 0.033722423653207774 0.05151579189426268 0.050413211138616805 0.03677412122422036 0.0480830690099757
0.4275944360757901 0.4415192240230909 0.43860384491125515 0.44425495362599554 0.434122770051504 0.3946814181238607 0.3983394684979181 0.434667409994981 0.41044481215907047 0.420900443618401 0.38754438928186596 0.38156599122396423 0.3624553314699177 0.35828614366971556 0.3025654711260717 0.28935202708396063 0.31115292128251654 0.29817363628343385 0.2756169328815048 0.2512208464281141 0.20659397441941085 0.17418773250436578 0.18313417355590167 0.15446480294804982 0.16603902961486475 0.1358538358224707 0.14424223410639767 0.11389157839923619 0.0866865763594346 0.0783630487383145 0.05953788341230873 0.07056900844160273 0.027423231672184325 0.02751197674059329 0.0344811829295885 0.031430277417518936 0.02981664405355426 0.04671909888749453 0.07497296055247042 0.0755879883653221 0.05259617428886892 0.057253935916797415 0.03884110055487509
0.4099272461392006 0.41866779892268585 0.4254805028399679 0.4179535922566128 0.4117259072518881 0.4151106333002435 0.3955626088681822 0.414439847133344 0.3981585753242715 0.3750153535192694 0.37196875523957784 0.3879754499495281 0.37275320628623176 0.32866536492008197 0.3017004159608272 0.3004172713467198 0.2969200509507148 0.2672859349715628 0.22629795543243755 0.1970858754643567 0.18925327261509117 0.1776573844496364 0.18096835033509842 0.12854521815446518 0.1281197726562565 0.10199607663027248 0.12260733175737772 0.08150675945772981 0.06882860989336198 0.09482950215240411 0.07468520576190574 0.06281113412797976 0.054615106695549205 0.04989435827942139 0.04422644018327928 0.020570869058914403 0.027123466398780716 0.052677596696525296 0.05392692395807042 0.06668357085212655 0.1090844607737264 0.1011593611622277 0.08668747365125506
0.43741182327950634 0.4180211100070027 0.4224260288064436 0.35962208253591116 0.38152848664378614 0.3972542239206125 0.39644825336287126 0.4182200195408906 0.391972239473133 0.34820630640270595 0.3789848548798218 0.349634579167202 0.34440898635635414 0.34980236285167793 0.32958168613656413 0.30768384624141004 0.2701035489351224 0.23284167214895274 0.2285084429093936 0.21520013683662959 0.1805581054808013 0.1836557947674073 0.14975954333202993 0.11342900560505799 0.1111878841581425 0.1036076022695129 0.11387858309660732 0.08841691509906709 0.09507929477319063 0.07400588768154304 0.06556988708425579 0.04728778453042227 0.05868828627039008 0.01321602444467373 0.04183788784834999 0.04215881456469013 0.04211497898501073 0.06557379292126157 0.09152095009579282 0.10149950894949768 0.11785188408325231 0.11058124124664429 0.08554944570454864
0.43162198837284493 0.39979201049304325 0.4077373892948948 0.3986991854597135 0.39090527973475575 0.4345676617428496 0.4254513087532295 0.41438238037877034 0.37700654852514043 0.3742833648753487 0.35059891276751504 0.3403086190567662 0.31549525242250553 0.3386255933519805 0.3034571073340472 0.2672857845213669 0.2818743750938695 0.25556363258162595 0.23584283096018654 0.21142848614870555 0.21612263951012645 0.1771095664982644 0.15436037984435103 0.1151638271111103 0.13482149869749563 0.10418178355581845 0.08028720042586143 0.1030945503863906 0.0882081049808354 0.07890646553193262 0.09164121248439454 0.09225689976843077 0.042273152402600385 0.043168322450190526 0.07221399964282962 0.08224806562190012 0.05694560429287063 0.06535688940599345 0.08043277913004873 0.08386005876223528 0.11178538260211267 0.09581066143622687 0.10319630869240463
0.42870856188623546 0.4198616531298015 0.4116063163958221 0.4543611370911621 0.44594403323750653 0.43119269822748635 0.42061847138288694 0.3981420019134511 0.37166605538226943 0.3419787445068687 0.3383097633915515 0.32320002759754246 0.3195648294322 0.3196731754669409 0.2786508914611066 0.2574815974938175 0.23701571459932036 0.23576501984826292 0.23414091427205344 0.24454383292149676 0.18707201306600418 0.17052703456750032 0.12293549537092928 0.1036886125778787 0.11451948660380046 0.12513212347710476 0.07987783872617647 0.06844710439563279 0.06951221309567232 0.07384186063190079 0.07475129876698892 0.10400659546397267 0.09359285426882466 0.05318227928791654 0.08760543394718551 0.0903524750997382 0.09509578559661076 0.09967838666356946 0.06945626267487773 0.10418117051770898 0.10523564058634835 0.088645746973638 0.10759713600335576
0.44128148478565843 0.42531775505000463 0.4508688340301302 0.4359000212937914 0.4435143631525709 0.39667714929847236 0.3962189992449025 0.3640199391826916 0.34279969516338177 0.37165962183345425 0.33447442651566317 0.3079565327043742 0.31068223623377816 0.330373573445349 0.30876537482324323 0.29522288384334405 0.2456798655906569 0.24230659368175558 0.27901065787655377 0.2550960586332715 0.19922535791807575 0.16615611026166216 0.1251975589352027 0.10759708447035389 0.13452064003708253 0.11370538128487656 0.10633651695839899 0.08647958549227895 0.05904479847574592 0.09677303684679289 0.10943461962746767 0.07731352778995047 0.08189331751794697 0.05881894419367432 0.06590285277214314 0.08290061266925412 0.08825144703884254 0.07893689151721002 0.07309716684475158 0.11983342380828937 0.11301956675275569 0.11739179450627134 0.08296199861438695
0.44067164365048606 0.4618300997745497 0.4644099797517677 0.44438145047767563 0.40302028435025017 0.38349849831578253 0.3693208157601855 0.3428438808990421 0.34749833923174434 0.37542334754667056 0.3238046559357752 0.322338789212519 0.30588703038349285 0.32511167606097563 0.3168566005447258 0.2864541277557842 0.26125681513873356 0.27869439983421995 0.28519318478275013 0.27889867493494785 0.21670822958750546 0.1964641912632029 0.15603404579460659 0.10207620838803261 0.11220940000264737 0.14170404194686165 0.12838428271867028 0.04697110481906745 0.10682397201935784 0.11650010391808713 0.10697207131866608 0.10239420258711839 0.10096843158451506 0.06735396528510341 0.07853651102313047 0.03273857978185586 0.05226092336874162 0.0506246783634296 0.06253480725521744 0.13063536775910944 0.11983065250605641 0.1238366166709664 0.12133147402849562
0.4264220728813077 0.43956234433005814 0.45144908424301544 0.435104468142794 0.4343740189862056 0.3769705047148488 0.3635066298981867 0.38745843542425007 0.3844602410720439 0.3741462346794038 0.3324052470671253 0.31408231692439237 0.3107289144814734 0.33420987047299516 0.34394850160171864 0.3012206488202204 0.2811754369399476 0.2623526395670789 0.27976773646502223 0.2432144008369954 0.2444102102103035 0.21883827161802802 0.17510618139608966 0.13793223237526503 0.1404396588302558 0.12206570966168877 0.12367981795975727 0.1178397501991689 0.11003801442041207 0.09454842299805269 0.107569262129446 0.1256025711206435 0.09932914505233165 0.09341045873879526 0.0966373564814319 0.06337428726896566 0.0668303583681565 0.09037421951817884 0.09280648492252262 0.09545008074056188 0.11268601903992771 0.12972150560582277 0.16266541834857787
0.4432810403889616 0.45348822064898714 0.44292065741064884 0.39336229671599987 0.41377709704472454 0.4182306225889848 0.4190912424815507 0.39707865079302007 0.3836262177077074 0.34013459557694015 0.33463526992176656 0.3080651698422476 0.33189456842523496 0.3580986466138783 0.3605207309483422 0.3275790983807305 0.27165457551187056 0.24748935592440824 0.24758843980150627 0.22449104283330776 0.22963195406027193 0.21738253353217638 0.1980496350937371 0.14229589024845293 0.1540568987489662 0.1481677777251472 0.13795837599859026 0.13858172287973963 0.1186718461368577 0.08833070006021748 0.10780851439133529 0.0988859622824574 0.09726186162478744 0.09846063776637397 0.09919316169124603 0.09289434872595934 0.08770683019705526 0.10114621727878942 0.09093191042889545 0.11533056546415626 0.11901301865442125 0.1427393232976003 0.18409801747269725
0.4246141092408353 0.43502103811363224 0.39199417946588444 0.3796004056583345 0.40358412784638903 0.38277585080148674 0.4006994233447809 0.4004568867608415 0.36830329365414 0.3251929732894907 0.3133574785725496 0.31861574014576405 0.3534069361332356 0.3493103713363575 0.3258517198336308 0.3184448580002043 0.27554559612742585 0.27116417676562793 0.23553899135216955 0.23350263884322167 0.21336500078758994 0.1953943167855429 0.16876486420010192 0.14536571532134931 0.13658934249715898 0.15157450874079045 0.16473516772997288 0.1577245540287683 0.12912285721568384 0.09589312115172287 0.10757274069391089 0.11856877443691724 0.08727005268247984 0.08766390232522678 0.11906886812806011 0.11208714569171833 0.08404974014033219 0.10283726331931174 0.12003923609863422 0.12710601252134412 0.167150378775085 0.17957647131321047 0.16276893213803437
0.43601297237604547 0.3853138119625189 0.41135821467336037 0.40200178801152925 0.38810777941630775 0.3905860522098082 0.4054015201581529 0.3734847628870405 0.36483079230508386 0.3377595925083908 0.3388581772000474 0.35158052314164806 0.37467019810651914 0.3567828924863472 0.32466649683622323 0.33806672015281897 0.29559009002906744 0.279249622239899 0.2546781189496604 0.2376112473580187 0.22554814174856394 0.21032105401563747 0.19680571751759193 0.13701645770980142 0.15406304187253486 0.12512181394908584 0.15795517622960556 0.16561586359215985 0.15631505756836503 0.14970568992866332 0.12222261655348156 0.1288610713866174 0.08903801861282012 0.11328759327753761 0.13265687710875876 0.10928903678294946 0.08433692698728819 0.0910328130252137 0.13518071052479055 0.15949256943706952 0.15355822531394256 0.18444484215065884 0.19310718927053522
0.4106292013911134 0.37288500913784073 0.3968881515686764 0.40850373924602257 0.3998194300603927 0.4056305690946847 0.3838218952398376 0.3893993337810581 0.39020791915352976 0.35439669395375684 0.3704237727536938 0.36997921308577714 0.3660788216505368 0.3750012426509065 0.3572540233649567 0.3423347534890512 0.2943551716328406 0.24987166951561318 0.22861555812835885 0.207790501212776 0.19950260946171064 0.2102263622396775 0.17764945564134235 0.13810070241770916 0.1389716541933835 0.15397884267952439 0.18335948079916786 0.1670584257337547 0.1923394881220756 0.18408225822389288 0.14886293116922536 0.142671640189878 0.11734568033681647 0.147965471101719 0.11675443668610688 0.12006083942994494 0.10763695394161245 0.1270469557720923 0.1346804886321482 0.1568559160853086 0.18493762016209442 0.19049335598243086 0.22275961781460726
0.3895792758258969 0.3804614854286252 0.37909044008934417 0.3797730101838664 0.3915307560224701 0.3795465302704305 0.40651327984755237 0.4001764002102201 0.39851166026428864 0.3875615665624983 0.35760526486011707 0.34536190373971315 0.3820948568834145 0.36333515648338394 0.3492819718697207 0.3381551251576972 0.30968802891275476 0.26026328027827017 0.26125122905502246 0.22570481041565116 0.19358305076749083 0.20511009182073953 0.20084129557616595 0.14928305255338323 0.13288743156585564 0.17433249502233325 0.15424859454404102 0.1744463319634609 0.17542376755262476 0.1852038224360754 0.17787385404469835 0.14492533130927351 0.11653735136732328 0.15032928480286592 0.153061347653052 0.11571977075730876 0.11564002898738367 0.156841564377017 0.153248856435689 0.1615282382249642 0.18851861779681514 0.17026756078145636 0.21807072224304197
0.40082139451948545 0.40148182240599034 0.3798970192327014 0.38663806728298206 0.3732933672412695 0.38482947817724905 0.37589330838371005 0.3793493862554778 0.3921007153442465 0.3551130119611451 0.36360799996748217 0.34545126975778195 0.35744843474188503 0.34000748887221205 0.3458531213270455 0.3204825548420663 0.29900240059582767 0.2944301302301628 0.24261712273102395 0.26075229146884454 0.22340126221969228 0.22330998819769105 0.1887423452795779 0.18145988440246466 0.1626540658365565 0.177891975249283 0.14884824957725368 0.18334053495800406 0.1597835255485209 0.17783197519679553 0.17911049287183423 0.15274783538453696 0.13782750664323495 0.15987569037086516 0.13114503670967903 0.12708337235960754 0.13655265425710097 0.13009569207265964 0.14859419997242015 0.14057280905237468 0.16959608995976033 0.21479154847761095 0.2604087128522923
0.4015980647236446 0.38405998757397475 0.39178955718314673 0.39681473148899726 0.3975410162576977 0.37383047578877343 0.37138835075399473 0.3657019023330477 0.3960205499269138 0.369943892316542 0.3537232115321458 0.3408716722221123 0.3594704284786122 0.33239756606813664 0.33146727050940844 0.3083411107668793 0.26488481017917287 0.2780878616096033 0.2693512124187869 0.2560362577977128 0.2142964934115452 0.2443745580385228 0.18759213865788946 0.19975640028808403 0.18791495042211961 0.16999774054674788 0.15162300217574068 0.1561191391540456 0.14102742771444485 0.16387450946426418 0.17824091751500565 0.181258511775566 0.13750508780103182 0.13043836569282088 0.13639018203196782 0.12972579163475306 0.11661898529128768 0.14310882707217903 0.14055013789650886 0.16306746614484705 0.18272767719386604 0.20625513905755455 0.2482676340001852
0.40588622960867066 0.4147552918251871 0.41379401279495137 0.401329639916823 0.40803386180243956 0.4206274887333518 0.4140710048518814 0.38931472254704613 0.367177392517072 0.3985190624306078 0.3662266433436953 0.36256474051163834 0.33259551681698396 0.3612436188605492 0.31697360562857496 0.2952722499635689 0.26405477772334784 0.2763806588978679 0.2786590006573271 0.24011780439461156 0.19830489858552794 0.20448901154416374 0.1761050024049447 0.18568876200227055 0.18433447911184508 0.19887197432783094 0.18349604425502733 0.17216803625065452 0.1562589493016486 0.15467480241814735 0.17471851262131394 0.1635222682694818 0.1640029973076236 0.18859346509883468 0.1628647431002456 0.18176173959901593 0.15084908494523258 0.1917399224005515 0.17413230658966994 0.2000481471811987 0.20392088565182284 0.24551843157204908 0.27821712785016306
0.44780454323917757 0.4471357176346997 0.4282295875870922 0.44228950859045607 0.4221376582094159 0.41824073766913644 0.41993357538561826 0.4049647545849989 0.3780193408299952 0.39516762941758976 0.4054425277974008 0.3751631461569129 0.37030358295230115 0.3662869626476152 0.3440776522724772 0.30288677132173963 0.2807537768048552 0.25549436380397006 0.23100964529747353 0.22924893988837405 0.179317477589091 0.15697715472118218 0.14963952687055376 0.1925661243228328 0.17755730998319993 0.1917563002768002 0.2094948235498915 0.20168270235935787 0.1794097526741185 0.18695050809590097 0.20738105104895802 0.1666066999913284 0.18065270030533354 0.212443644869892 0.17225955366671336 0.1988319533269783 0.19996313926193526 0.2204283358112067 0.2102661069998151 0.2352583381232403 0.2589345614338104 0.2929890997956672 0.31195079053418473
