Raster_benchmarking/continuous/raster-368.asc
NCOLS 100
NROWS 100
XLLCORNER 1743166.853184192
YLLCORNER 5469279.838118143
CELLSIZE 10
NODATA_VALUE -9999
[rows 38 to 56 of 100, columns 43 to 85 of 100]
0.6215691703599259 0.6440172042391397 0.5999731847034414 0.586914786861702 0.5954345424957069 0.587403837045591 0.6302581830842878 0.6380566714648286 0.6435766911805183 0.6363438958264043 0.6248709499962634 0.6028295931006142 0.6032771658436237 0.5709389957363008 0.5199825908504624 0.4871324869636367 0.4440929801383196 0.42543633209710996 0.43610238437919335 0.39011485714899485 0.3704781619108392 0.39976988325378965 0.3894205125606486 0.43155450431758435 0.46672948980762713 0.5058782970960835 0.4533764124756054 0.42523868499033074 0.4400167980701335 0.423609764966773 0.4083239857406403 0.40635836918616386 0.35641207375064 0.2912736579158395 0.33542119934149023 0.35065268077453876 0.333323939545336 0.33007045968190296 0.30532418544951906 0.3503233247530797 0.2885684763041053 0.28092154734243296 0.2793367547936674
0.6660153865694584 0.6586732877440187 0.6257174064100299 0.6278212002423031 0.6317511363900566 0.6546227274272374 0.639391388759518 0.623704179935075 0.6468921807502825 0.6322041754807969 0.5901471948519903 0.5586879136408315 0.5626177519995215 0.5502614745974387 0.5054055283837214 0.498927059503188 0.477731157828983 0.43509413835452326 0.4637225633324228 0.4434960558151662 0.3980559887294727 0.4214106804203734 0.4271656028497574 0.48260201078126863 0.49674198641445055 0.5256075806470346 0.4958444830939615 0.4651250512786784 0.42414372048289833 0.3686499863614367 0.37173169232715103 0.37130575933236654 0.3298430993188407 0.29774545165901806 0.34347609855918976 0.3597340368983892 0.3497775659552275 0.37099218198860207 0.35027411309564904 0.3337948076770712 0.3255050097206935 0.2738396694068534 0.3002717352459999
0.6864489798567396 0.7206678061355357 0.6692562102828963 0.6764798825621605 0.6146006087197704 0.6478257519624713 0.657448840926348 0.6769037471489051 0.6503659925692148 0.5906504603419885 0.626169055387661 0.6077280040252035 0.548853676795679 0.5196963444945976 0.5035631044779142 0.5624772531981499 0.5475295388130472 0.468336210127161 0.4713950832150051 0.45774190317901703 0.412633605989891 0.41331054604002165 0.4122774525840879 0.5044884967343292 0.5215903436117807 0.4879937351353746 0.49488545847428006 0.47928053617477495 0.4314135664332028 0.38436930492494553 0.3924169240862211 0.36415296615819237 0.32599489221482986 0.35487753485326257 0.34501137037446883 0.297894238834518 0.3341222358172637 0.352645183888896 0.3217711576653388 0.33383252964969323 0.3062756337181625 0.24995391678791828 0.288646993839901
0.6813282894141257 0.7027671014056482 0.660602322819415 0.6589046840094407 0.6278028248180244 0.6249405392997098 0.6400308827466239 0.6230431655785624 0.6005125023623753 0.5717778823500722 0.5796759616212043 0.5474256320686983 0.5467213524656049 0.5343640200614155 0.5145423625308964 0.5327519776249181 0.5536984131266847 0.4656253700268579 0.48308142282485794 0.43936284228130706 0.4119828345514888 0.4468227831987506 0.4296926745671896 0.47958919804925604 0.5018169324237287 0.5074221882065763 0.477081409442173 0.44381089300211124 0.4056199721186464 0.36817867294216305 0.34354150421479007 0.3359408997785695 0.3300258194484744 0.36030103344005737 0.2883322290305199 0.272166587094246 0.31569337564006805 0.29906206532395074 0.2922941403656854 0.2812443417706608 0.307204434173063 0.2728736617896566 0.27500357748634924
0.6803329751500038 0.6979910718327423 0.6866722237724303 0.6399127859725401 0.6296340231016518 0.5904611229600695 0.6321087759555994 0.5953858549292458 0.615766392604074 0.5988419490768118 0.5778752789241993 0.594472031919011 0.5229654168293882 0.5280411861572226 0.5136127637392511 0.5487306128196043 0.5413493813949841 0.49644322151793063 0.4719797815657445 0.4344350316622679 0.4453836015797489 0.42411315724915605 0.42675721208533357 0.48517009858602445 0.5076326711162391 0.4856243769433568 0.4762317940118435 0.44228474791785455 0.41454944697568635 0.357331217337343 0.3102160808269988 0.3586500930968732 0.31318789184854234 0.34194060895260353 0.2564034046529472 0.2638493128472843 0.2836943964467925 0.2611046751334118 0.26774595650544775 0.3095951440237433 0.3106869061916237 0.2878261266227732 0.2717675585869707
0.6538253920011701 0.6405177136179572 0.6614885645325078 0.6180885740303206 0.5771470191440706 0.6021023264618597 0.5886671620205907 0.6169949685459399 0.6009186507673815 0.5506043930075348 0.5382602473957864 0.5719381850042755 0.5065721342912877 0.5162033166182145 0.5221678355180966 0.5292908925098594 0.5025885805158105 0.43116944894300274 0.44696562996269645 0.4464744509566638 0.44000735052405865 0.4843127695892802 0.4703753214374834 0.4681394904931712 0.4353822193769403 0.45112829928977183 0.3818105334961801 0.36598027929219334 0.36397506796086776 0.31990072704712 0.2731198047433426 0.27251916727142 0.2510279214481756 0.23289810218991955 0.24244092879440488 0.2736386621472421 0.26948051066517403 0.2690021212368682 0.2805449079752349 0.2753283727598434 0.28944310317049954 0.29388833404502657 0.2764892986376661
0.631973084409395 0.6421991313549641 0.6234930676052608 0.6103579781881993 0.5920334943194762 0.5387702031503426 0.5869753316815992 0.5853986053986758 0.5883616228962923 0.5473098377686283 0.5718385969036583 0.5112417599590372 0.4876826422277059 0.5005360455666722 0.4705145306582057 0.44043031954123935 0.4664291907871706 0.4064495104457908 0.44740706932598934 0.4923454470658129 0.49139514625310954 0.5130157185269586 0.500380365855918 0.46968203698851496 0.4301516941508631 0.3715093827628146 0.3948227555022891 0.36021651415603895 0.3308824409564798 0.28910605241982257 0.27632831122091683 0.205587957895927 0.21896580610556424 0.2021579135618037 0.2696080125519555 0.2807670177735063 0.28882537368348443 0.24198248676026327 0.2684895776499339 0.35772474479218347 0.3208697316228941 0.3148394755774609 0.22188160712398083
0.6204474507319186 0.5881052161022293 0.6274877209837041 0.6167695686260335 0.5613660120301233 0.5466616361438992 0.5317359404814517 0.600696169961844 0.5824020804746257 0.5933866329114775 0.5616523377489825 0.5106231316184029 0.5263326162041354 0.49372465218163003 0.4963644070165224 0.5175918622268226 0.46528392720993095 0.4198125596063784 0.44884181871084317 0.4535448857764168 0.46286063782209264 0.4624040774108674 0.4250422303853651 0.4133803815321787 0.3700717561052426 0.3353508597929111 0.3424377710286023 0.3244986497212384 0.27462514942436206 0.21648796883964863 0.22892716525161982 0.19632104869723627 0.20663583585588985 0.21753461072634506 0.2197931937279437 0.22454059192849396 0.260498829857264 0.2786791796861758 0.3010190990103736 0.3334542159981549 0.2900856425017278 0.2984673001292095 0.22276445011222562
0.5937383567354922 0.5429677302905936 0.5687419257134441 0.5831021102372593 0.5507493372131107 0.49437922695005526 0.5080270608571714 0.6029716677099966 0.566064000515543 0.5726968286425714 0.5624006120489103 0.5098911094543609 0.5408485384479759 0.5399299904748465 0.48943178556089095 0.5312208786798548 0.47208642962053743 0.3927832831988727 0.44237745918768556 0.4034496846576955 0.4183151980745777 0.4620338062888338 0.4274410790322521 0.3774695199512899 0.35642564897141715 0.3355349324401901 0.2990823093505692 0.28211173591569455 0.23566970348652655 0.19349459940426217 0.2092365312019326 0.13897732485059 0.14010287019416023 0.17116680143973673 0.16643666446114824 0.18711937143595897 0.2708372326974035 0.27449444278294277 0.30486927314186757 0.30997259548762784 0.292103150983144 0.2760837427204549 0.2060093347274139
0.5015114210914806 0.47884108167350947 0.49973675358287567 0.5329168957901742 0.534400798916067 0.5119166409189133 0.525141891612845 0.527021904419575 0.5669826973053576 0.5554144237479715 0.5483442328689482 0.5514096166311655 0.48983789248010773 0.48678699404685194 0.5105220102238909 0.4883814446134894 0.45029792305158367 0.4087157622786475 0.39374414836998045 0.3736301415449398 0.3462776798624716 0.3961019848769305 0.38924848775580995 0.35184989490640056 0.3429442553031187 0.3006686663312387 0.29021800584608953 0.2588922918993487 0.20488049801744126 0.16550747306907074 0.1797925274097728 0.17261972338505516 0.1516915342797541 0.1712297899878738 0.15885471039509638 0.1941473033198838 0.22437732308607475 0.272565149691638 0.2698833141021681 0.32006093039859224 0.3051018055744322 0.2686867989278235 0.21169708707233448
0.4257274310062037 0.4352565294470625 0.49389269965859595 0.4729053818591383 0.5170922972903083 0.4864603529877386 0.4945846955359782 0.5370297452682412 0.533144771140857 0.5231330748981704 0.5356865250063858 0.553341077450965 0.49119190186340467 0.4533172813547276 0.5161393072182413 0.5219460621049505 0.48913619053047613 0.4082370248796507 0.3467730398302226 0.32771407781450723 0.30765012974864436 0.31173401007364293 0.3493054018454474 0.35297230131776947 0.28956974373123434 0.2379085483989736 0.22418216945527608 0.18752215638533737 0.1519279400343345 0.1356060197728499 0.18351226749201566 0.16205762979290778 0.12431431257033719 0.14460587295099891 0.1880929286210964 0.20552795814606487 0.22526519720330462 0.28254137471684765 0.26522608294626715 0.29965037964445934 0.24323354418475593 0.1978517242424422 0.20970064815528267
0.447203297165703 0.4697592361130076 0.46419538641243635 0.4636535443112905 0.449301648814191 0.4735934452821122 0.4715613946990544 0.470129777810763 0.4658450629756804 0.47975538175030435 0.551208203101134 0.5281162220303214 0.48140134173250615 0.4774439580952437 0.49806272413200714 0.47449839878407074 0.44822297870787475 0.3774011985605077 0.3451111306321062 0.347213541087703 0.32198412316718167 0.2925292825218765 0.27239464968341137 0.2618355268151335 0.24869201160508353 0.19788956692338502 0.19266868291131387 0.19173512332776202 0.15236538519041437 0.16815703294181975 0.16069720668328985 0.20346249114648818 0.17844200724241144 0.1774914648890538 0.19011283158248476 0.19851078990266915 0.20354162728891975 0.19823296723163383 0.2535787769179817 0.25305229335212615 0.2598324850926648 0.21381014122584252 0.20763612092008207
0.4238319521695914 0.44213824487976694 0.4226049827132397 0.47519824908026703 0.4459675342310955 0.4770819406474728 0.4558692289264737 0.44168947165068506 0.4877814127714943 0.48790911043142393 0.5106796096880826 0.5259285909830252 0.44081383034438376 0.4265837281907113 0.41753290670035204 0.45590762698865134 0.4214881362515864 0.3536014783059494 0.3176829785813378 0.2980325864448713 0.24566655577204924 0.2609770842588595 0.22961638928795117 0.27495733570776915 0.26022341317382364 0.2061961708303115 0.19857260440860017 0.1889137230733088 0.16596057839881487 0.20284461351557034 0.21901448968960563 0.24355739754644792 0.191128499241008 0.23598630355404712 0.21187935102313785 0.23915266046348763 0.2019017836584337 0.18119321759113804 0.27050328891749337 0.30369802297251064 0.25937725482399016 0.2535229944297354 0.20017426745200004
0.42788002471182285 0.4317331536623961 0.4301047000182117 0.4510426840589497 0.4546539472980101 0.43126140696007864 0.4820021646242167 0.43277628920716105 0.456518199365764 0.46080883513632537 0.4780767880570784 0.486813020354623 0.4169579163539325 0.4288900904477394 0.3973523509714285 0.43576298160807764 0.38896554227580066 0.3798143647753991 0.3032886889974079 0.28744775481718904 0.21636516084669022 0.24710072727897625 0.23697672899997682 0.22179039878788942 0.22073286574854917 0.21461045014307775 0.16802530794000387 0.20844244559699535 0.1732755053195091 0.17466438809196877 0.19866061674669194 0.18269610420307003 0.21938848195657173 0.22881411539537486 0.20739526336887543 0.1884751127708977 0.22271628745052385 0.2371535551788126 0.24407590095799298 0.2701857080909935 0.25921557663155675 0.2343346826969145 0.23380168718271144
0.44189683716803607 0.444492462204771 0.4242198955689444 0.47227363505631287 0.45667756178316754 0.44321810131139805 0.4677171534040741 0.4708145914525965 0.481245449757694 0.48399076104496963 0.4203944964889904 0.4159026872663059 0.36756671752895104 0.3965376706065326 0.3992756617564018 0.40071589549777165 0.34054017476649834 0.3342182681595415 0.30569353129645377 0.20903427663801874 0.22449474876722084 0.17641186084588217 0.18531574036483492 0.17217627073326816 0.1540957704389203 0.19600489825377823 0.1943413125828833 0.20040783864484576 0.18629648496553697 0.17130679210390842 0.2039072080087488 0.17799856249527488 0.20936257138342024 0.21142073244502788 0.17502251741543504 0.18753407301441283 0.23223513484464173 0.1938757948229644 0.2253895293326152 0.25993220557993785 0.21528873222910583 0.23540918749536738 0.2237128197269924
0.39480669057900236 0.4097656519024436 0.4413423614428081 0.413524331533143 0.4330418225841569 0.42409525896191563 0.4241265987743841 0.43354909651696116 0.4418106256129542 0.42160199548394944 0.3583502183167611 0.3608814606980282 0.32573078391689486 0.3364916486695876 0.32375967726261695 0.3690863988486905 0.3457162152389194 0.3327246706150132 0.29418109239784357 0.20479765093479504 0.1748234584405992 0.18807643574067942 0.1578191691980744 0.14016592266684527 0.1562549176665866 0.18537590453398722 0.1785228798045988 0.1705427684172031 0.19953854010703706 0.20144372165430552 0.202965514349607 0.20131534854118277 0.22030462832931577 0.2020767111267702 0.2099144654548903 0.17408428014953042 0.19788623114804918 0.2371925985805604 0.20705353421915246 0.232146985578849 0.23377644834417705 0.21160643717011213 0.2618429408399855
0.3694119231666167 0.3782684705262733 0.4222647365033224 0.3752610220215461 0.4301209943857348 0.4564740718050361 0.4050080391624713 0.4126979087806354 0.4301275824678086 0.3616800519641034 0.32000644529258254 0.2933755027572355 0.30970631374769053 0.3095286530189793 0.30499052116741604 0.3098549779503322 0.2558955189571471 0.2435792832256931 0.2398702707843694 0.2584197540546592 0.2248715637026721 0.16326999012629412 0.165684939932325 0.1453780944979202 0.1931553907541441 0.21470578820658662 0.2321433834958238 0.18342370537388572 0.1752078919368536 0.23600733183940842 0.21321829225022634 0.2099908448194113 0.18529186800929942 0.20530501492059658 0.18616073536014968 0.19103612689507807 0.21743930655456356 0.22713981227617025 0.22491115326872185 0.21430414894861974 0.19689143693824657 0.2450305848568371 0.2236106654241758
0.420891158839332 0.39636882612239993 0.40924475668801963 0.3739808002244579 0.4452777778110329 0.41960529079098235 0.41583154465080563 0.4377310519418159 0.4114839792830912 0.3500752433641946 0.3575949630846351 0.29759056259785005 0.30497627810748873 0.2578484578662831 0.23340145822161976 0.20891045640761466 0.23152296272382109 0.2142929592422536 0.2531035341644027 0.21914413328761473 0.17746375652965676 0.2019106241737947 0.16075698453975973 0.17712211452977047 0.22148236488392367 0.23042241790640217 0.24147495394175406 0.2374918133938448 0.22027930907290216 0.24148094440737453 0.1741694178971396 0.15057883375830033 0.19241472607566143 0.19042321750331284 0.16873000239397887 0.15803157537194598 0.20291458061594683 0.2007657462797035 0.2277631302854293 0.22019696587484908 0.22005803847344207 0.25491840437618934 0.23327675505933482
0.37804128999410413 0.40477323039888286 0.35507500612030785 0.3749330894436336 0.37722056491715544 0.4387953827880286 0.391121294275007 0.4395464547780776 0.3770557448863701 0.3931583195956173 0.36228840412023966 0.2833262999771586 0.27484776253963245 0.227408579929054 0.19134254854696323 0.09597933819217407 0.14472358916398456 0.20274548939621334 0.2580887152194191 0.22794034653218162 0.23534613359439424 0.17192501353848436 0.22029841184567367 0.2536227248386957 0.257725105322027 0.2799506624485674 0.23995487411470284 0.2656244105213424 0.23553876601539692 0.24240856698535573 0.22543374891793155 0.13918550681333805 0.14926951018770715 0.15477802321348727 0.14228670926609155 0.09754684382726043 0.17666734118526503 0.21038647497319418 0.18722803432974136 0.1880435237488134 0.17958182761966382 0.25009327587589 0.19954882341075986
