Raster_benchmarking/continuous/raster-23.asc
NCOLS 100
NROWS 100
XLLCORNER 1743161.7681600025
YLLCORNER 5469290.01630295
CELLSIZE 10
NODATA_VALUE -9999
[rows 57 to 75 of 100, columns 43 to 85 of 100]
0.515999952604272 0.5345066859271838 0.5623468364230593 0.5475397244784329 0.5443982538262331 0.5134279885907697 0.5119067731716441 0.5425071366591433 0.5398407700446632 0.5437032020668647 0.5621072535711906 0.5889527370570693 0.6001790764167391 0.5868816356746993 0.6219612170949286 0.6234420906702178 0.6660986201046701 0.6608318775177716 0.6541442203602164 0.6158059954512181 0.5972421298735758 0.5744730950785532 0.5706739397875122 0.5328565627071398 0.5130282344845766 0.48849029711749214 0.5137848017750308 0.529459129527486 0.5107567922377277 0.5100630028979736 0.5177958879269553 0.5115068243571644 0.5144702509531155 0.5249410767308724 0.5084524520312756 0.48629893250104106 0.5297039794583621 0.5161518389133943 0.5559142360407093 0.521249477490726 0.5014389986885451 0.47908277785752107 0.445778889516154
0.554201133784983 0.5535468433491316 0.5540015346783163 0.5169424635541429 0.5305363386660181 0.5259643217523491 0.5170432148091048 0.541304803706701 0.5349815892294457 0.5724500905978162 0.5607996758376277 0.6052508714808555 0.6134724321533508 0.6016261746506368 0.6141685699688151 0.6647243722193744 0.6775167723133333 0.6722467529266795 0.6487936465973067 0.6278795103465327 0.6176168736407208 0.6018557149286297 0.5568584072277766 0.5234237704910576 0.4900177651893598 0.4884124541732181 0.5091506351877712 0.5153042943061683 0.5179328149570129 0.5516137719263182 0.5385335922442199 0.5139926326191683 0.5130891177593281 0.52214053074503 0.49370725215498773 0.4695924610867388 0.5058228237260745 0.5214076789248572 0.5357555510630381 0.5402828065205675 0.5278637171233549 0.48606994987294416 0.4421366255199358
0.5528425529484416 0.5479503924746381 0.5198650386027224 0.5149454218017913 0.5218849272513032 0.5366841166897366 0.55453266762161 0.5766458925591657 0.5598721942052588 0.5524835353605027 0.579472821690921 0.6082455330484552 0.6050015365708525 0.6128846772421254 0.6469921153440492 0.6614353319314954 0.6301753831375664 0.6668367533299399 0.6553983264996254 0.6182046548534338 0.61941691309535 0.5890758837927195 0.5660320472924015 0.5506796004198555 0.5118332538780944 0.5277411625331839 0.5364002268739915 0.5323952635702145 0.5373133789027555 0.5424029282323719 0.5214666630247571 0.5267542615559371 0.540465143623667 0.5347365114681495 0.5012933390036541 0.4971677996064659 0.513274202342733 0.5232689469107404 0.5395812395778778 0.5125818546351298 0.502524631694819 0.45596449865477534 0.4386091837996174
0.5716462182555888 0.564580976314139 0.5480107872915442 0.5288233403879594 0.549689501690958 0.544113900529604 0.5754023184915591 0.5698927781105945 0.5857720189579195 0.5789246271107492 0.5829318065934199 0.6217230577355073 0.6214571558064241 0.629163481991182 0.6250306641598484 0.640758720560488 0.6387608954707873 0.6314464236367957 0.6426845466208364 0.6344161504996788 0.6138416387369966 0.5809515283197141 0.5853766397225441 0.5633644295807215 0.5327849307428976 0.5438407620648327 0.5573760317294392 0.5647727678933263 0.5635532346135353 0.5592048938317613 0.5353306858183897 0.5458295418170732 0.5141158370031866 0.5049814249586957 0.5020717446728806 0.49014943573636105 0.5176437208015487 0.5301331706909986 0.522062691223501 0.5045227237868055 0.5079388452009933 0.4545758900488169 0.44913222569092603
0.604828524297201 0.5684798672867677 0.5345180193433279 0.5127189541250599 0.5227336802956498 0.5581231682230894 0.5517373990394299 0.5457458953890041 0.5543859278970958 0.5772027878948389 0.5997058854656371 0.6366529141744569 0.6517803554774884 0.6635101751481194 0.6520591715134932 0.6591715791939464 0.6546220615881955 0.6546039332229113 0.6270188611444749 0.6515889344617342 0.6232276063913983 0.5787213461018396 0.5782118281673364 0.5557976054122383 0.5749795359723376 0.5518285095835719 0.5676557210389521 0.5687502135199803 0.5745475043559037 0.5837858487032125 0.562098916184577 0.5441280138764104 0.535918609859088 0.49485404265015515 0.49333638691077053 0.4923945233715508 0.5064583542672078 0.5253061882676224 0.5323119962219939 0.4951419600570899 0.49901823322400884 0.47417348195799025 0.46764563735531045
0.6167488058686893 0.5963359480369316 0.5549312157546014 0.516854254079111 0.5314809194742404 0.541813570530269 0.571831130306922 0.5381256200720822 0.5776414277049906 0.5941789066579908 0.6060763278716778 0.6364638962592303 0.6405221053778496 0.6325772614067481 0.6429483594061884 0.652085656092144 0.6446949615406122 0.6292937336400354 0.6540243926264153 0.6345469602770208 0.6075352291834595 0.5848710905912428 0.5618910432909473 0.5242165793730502 0.5586340724684656 0.5799055022873896 0.5876321753270715 0.5795542333628837 0.585412311204826 0.5805392520556565 0.5265454898579435 0.5178098745444184 0.5162005169871351 0.530555723829425 0.5151433957798913 0.4950339719379823 0.4988353055097875 0.49867141611935306 0.4946344190904861 0.5126725289385115 0.5083937094600551 0.47735746444280863 0.46179021461269854
0.6247208227727272 0.5837526232705865 0.5806224070875161 0.5657706741194866 0.5353781077479051 0.548662186946461 0.5697655769891393 0.5491184141346831 0.5697096180570796 0.5804380175360312 0.6230820265432112 0.6543578290993652 0.6487469415828889 0.6415515477972639 0.6435467211550077 0.6416992046859022 0.6544056875596844 0.6656162526626402 0.6459043224342247 0.6256060701987715 0.6345469249330853 0.5925311749316782 0.5695636005599769 0.5612983674071186 0.5549079860240189 0.5829942164549339 0.5705203121861189 0.5759094946371351 0.5913471869950757 0.554861365216047 0.5342168620844803 0.5541585051285481 0.5406269818645479 0.5108085495952364 0.5218977406848297 0.5150511246685617 0.5198208122253805 0.5091256029747637 0.48667011973183427 0.4594818743658984 0.46283434925009953 0.4750266760549345 0.4416469429921788
0.6092439892028091 0.6052649218178682 0.5986121758022698 0.552906031851975 0.5666477318237689 0.5947517192775923 0.5766243266663276 0.5641949980870936 0.6030814854866628 0.6058927331141443 0.6259489102247716 0.651192232178278 0.6191048293866737 0.6214954005222384 0.618248534421462 0.6654054083840668 0.6584919529012199 0.6551911224222177 0.6628805307603794 0.6256917431178575 0.640166445542428 0.6245448276561215 0.574737976482212 0.5855508205127007 0.5894823785108624 0.5793103830154106 0.5622523579274887 0.6022922163833929 0.5587409289664916 0.5591399336357408 0.5308990578437139 0.554420675546534 0.547121541515231 0.5123210399826699 0.5245552625384065 0.4887419833084905 0.4967712861757879 0.5114813025577147 0.48605706119406555 0.4522780693861337 0.46496199389715603 0.46066271770728917 0.4419461407793436
0.577408450921276 0.5812023959954232 0.5936237728463251 0.5988089159727801 0.5983970866759326 0.6096392598752846 0.6260649422445791 0.6166525352185775 0.6429319031897557 0.6454499794869241 0.6224117687357149 0.6360696382826869 0.6433845112971974 0.6345519575768216 0.6297357091033352 0.6388197910868 0.6256737053737483 0.6282172811019952 0.6508321601982499 0.6470340411186712 0.6205465468558881 0.632801774567335 0.6072143642545469 0.5881766429503577 0.5800001107587521 0.5840801065115093 0.5630469245559219 0.5497707725000675 0.5404924159770288 0.5193969946035466 0.5269011451408416 0.5245511495524157 0.5237950060224416 0.5267905844931227 0.5220893790784267 0.5308689195976846 0.5392530047381978 0.5248708224739137 0.46458985387366336 0.4538341339579419 0.47617797224541547 0.46715982522138066 0.47523978024461505
0.5389985811960077 0.5480032986681266 0.6029875605097356 0.6186273136716454 0.6341724258060139 0.6322632816823148 0.6588855165685266 0.6620096636246602 0.6425720243273423 0.6667428774274589 0.6722584255844299 0.6539205456128062 0.6613164393990769 0.6323563733234234 0.6313360489043863 0.6237122431429627 0.6397351002319906 0.6219557327127881 0.6433125524751843 0.6349393744556797 0.6394605345992618 0.607505154452089 0.6218883837821397 0.6089965458192341 0.5969500078298092 0.583984851978472 0.5603645339699121 0.5477227856207093 0.5118525680323404 0.49108785696351304 0.48927313423257346 0.4825427768794643 0.5007425318511712 0.47611001995694735 0.4900976602930842 0.5523266307944703 0.5512138534285875 0.5171257340612025 0.4745263548918277 0.44152452063852105 0.48588126045671176 0.4934214871053384 0.49774941996288546
0.5318816295741179 0.5321923825720535 0.5737254741068993 0.6247014780242439 0.6117520785579328 0.6543030478020943 0.6492568857824528 0.658700549200397 0.6424959696754063 0.653902431829762 0.6670628487121187 0.6565359419954834 0.6348973311023806 0.6501783409790248 0.6249618359512513 0.616643361488163 0.6442979905016242 0.6409216348349781 0.6307476834358615 0.6301642102483459 0.636306121505043 0.6293366574082304 0.6184336993429382 0.5802514168123406 0.5856631475941296 0.585347454138381 0.5494217143359602 0.5231952887213078 0.5099250828763344 0.5236558180670828 0.5171404886390696 0.48694942077865006 0.4721868084350251 0.48979907727760624 0.497751930960435 0.5308641888921644 0.5164008936644968 0.4632574082217385 0.46656479935637907 0.484840651819117 0.47480007022490256 0.4948120150758765 0.4863313846235773
0.5341944598364755 0.5366367629678307 0.5707859526917096 0.619435167263721 0.6334375702691932 0.6393613766657218 0.6374770866013392 0.6362009117297924 0.6573410970828888 0.6286773450772924 0.654330640225444 0.642638324711954 0.6625822162437249 0.6406309982263388 0.6226674134051137 0.6421217556548976 0.6137175172713134 0.6251177075080185 0.6239629958442764 0.638815056949281 0.619144282968517 0.6261048600243306 0.6246243790330586 0.5735294286924888 0.5666100597314208 0.5569733315105155 0.5454469847085591 0.517224075688667 0.5140013574714093 0.5237139598463414 0.5338934442756692 0.5318178591968037 0.49585476625942426 0.47783400037873186 0.4725925595900642 0.492271391978928 0.48467897797815124 0.42683258962957 0.4403035184733498 0.4895476233030853 0.48744724797767847 0.5119815974708213 0.48737140227275655
0.5576274449370963 0.5584163990926951 0.5921498876658972 0.5956841459441173 0.6249007987344469 0.6360793211927127 0.6476001294963935 0.6676529329835582 0.6545786687059398 0.652430322459443 0.6208359010276178 0.6333663768117457 0.6516982817909694 0.6513073293522225 0.6129870136652718 0.5894529744132877 0.6153782564108227 0.5967270482960162 0.599846486524182 0.5994785268947647 0.6184498545256276 0.6201587631300953 0.6123088789795194 0.5623925823053014 0.5777499852486763 0.5730200545152088 0.5782083994301401 0.5420596942356498 0.5174060806830499 0.5127373216072793 0.5258031595948373 0.5284571656913291 0.47237332971506335 0.48850339117709335 0.46885091285394365 0.4367641681312808 0.44298131068021934 0.4378819171487776 0.42049190023061306 0.45824679585845607 0.4848563753298338 0.4909590551953068 0.5102872666323031
0.5428064745089258 0.5822850977753885 0.6038542174267597 0.5599263537629919 0.5922558660016409 0.6588280899226475 0.6623197901777241 0.6677102090219487 0.6370886998741402 0.6465301638860232 0.6343451165391885 0.6427702732521555 0.6478977200691893 0.6401479789588467 0.5955198914038462 0.5753617693840638 0.5725851704300124 0.5774803081564135 0.6142908551468854 0.6134496218791197 0.5896305580141336 0.5956982383012921 0.6040959148894375 0.5718086067644544 0.5588453092212387 0.5890288275026535 0.5736314598991348 0.5626247285025179 0.5383468573563365 0.4985720808419331 0.5138068385817659 0.4977177638427532 0.48615842678956217 0.45166641139232677 0.44356058194088643 0.4250375360529035 0.43551709311364234 0.39607944618250457 0.42324886940916273 0.43236392664636075 0.4566517189163798 0.4905404338834558 0.49671138109087554
0.569035684120679 0.6113584979573048 0.592897329340408 0.5985590644961057 0.6086902845628429 0.6648938337480393 0.6694072071215588 0.672460538231067 0.6424430454861363 0.653448114695276 0.633682306290392 0.6486726297047606 0.605236060063122 0.618473302752005 0.5952169116713881 0.5791126312242937 0.586387758081273 0.579888636217696 0.5945777267244928 0.6030414769282948 0.587770855978896 0.5519579081614123 0.5550394874601741 0.568811451083791 0.5579077053657373 0.5484893064284647 0.5725174253154212 0.5621180936346082 0.5406943138127541 0.505898325737616 0.5246514861333081 0.4951739483080859 0.4496138062907864 0.4562553363733275 0.44936416123486234 0.4111809215385719 0.42532247461181044 0.39123211409516273 0.39187115409529294 0.4308759919797531 0.430687947384795 0.44128912608339366 0.4814258773415956
0.5850214777728726 0.6191990205351422 0.6361683663126831 0.6544942254443253 0.648193032028193 0.6482632450397328 0.6407316773327079 0.6277632323448045 0.645141370104437 0.6177680325526035 0.62471632596916 0.6413780654037512 0.5825147913998953 0.570798987428009 0.5652816473477744 0.5550666834266615 0.544095690011477 0.5573491217999216 0.5645951986064355 0.5498617249847686 0.5378109680574753 0.523643062870352 0.5487290471498942 0.5288683088991906 0.5427780790969086 0.5337213344534912 0.5308480838484395 0.5635444097269039 0.5444101570638599 0.5425421058706319 0.5050669852320305 0.4794730682034602 0.4713459221615309 0.4240837506348042 0.4182240378610448 0.43094872039765836 0.428641871582901 0.38781523336015356 0.3772356288280933 0.39323627668483613 0.42594425010831904 0.4362963817176468 0.45757155398093874
0.629828746880535 0.642616188386817 0.6508642515461147 0.6532397395979537 0.6621515091355865 0.644874686815796 0.6535470505376939 0.6282971915005331 0.6247497416796896 0.5889001616097972 0.6039313778882536 0.6223694483825972 0.5887824546722511 0.5670366641776815 0.5400064215091096 0.5381436621919449 0.5126831539436689 0.5043719454077691 0.5340968959929525 0.5481732341584661 0.5326548172006148 0.4951289353139667 0.49924447025292823 0.5107267967966167 0.5395765289050859 0.5449826433345755 0.5265513700088862 0.551513583693937 0.5494836877060967 0.5079028976794704 0.4927378765550563 0.4834902027764406 0.44565740860821873 0.4603457597059684 0.4306078569835206 0.4039201129614672 0.40707034215451754 0.3990074309522227 0.39888228521209274 0.42286385272270816 0.4182287738086757 0.44565433265644594 0.486964367007428
0.6143705210596759 0.661165125363568 0.6645352864024019 0.6493562008162443 0.6442187390177317 0.6444932858148118 0.6460235491663096 0.6897963068489519 0.6403146597578435 0.5910125199577534 0.6079813112909631 0.5901128658355896 0.5698978891370547 0.578573204023386 0.5538067453354999 0.516836622084505 0.4944451445303054 0.4962493678265904 0.5153801712770815 0.5173045301060009 0.5333738982520133 0.4954845381453958 0.5045323067353873 0.5220482339033709 0.5218265805285291 0.5624890450922454 0.5322203682601607 0.5190222263406676 0.5389573073876579 0.5255702175696213 0.4920879638299226 0.4895799106709764 0.48023049509892196 0.4548135723821377 0.4229435843926922 0.40915868768949987 0.3919746653363705 0.38379668777184345 0.4150825859830288 0.4027352786810053 0.4218976001399326 0.4641950319803567 0.49269919733792106
0.6336570381896811 0.6652930236246309 0.6616059796061656 0.6414069910278904 0.649155877783988 0.6468333489520313 0.623134528234467 0.6485004362990966 0.6379613498127921 0.6289945010759429 0.6097499442391077 0.6198792123317998 0.5867635115134258 0.5890904317736796 0.5438913627066144 0.5232420916382869 0.4933589259708226 0.5049363311858607 0.49616619353287517 0.511234923958658 0.506761779916533 0.5316791130834052 0.5315326287895026 0.5289603345057882 0.5408176089315255 0.5305736974245278 0.5416380048697171 0.5335177048657003 0.5085579536489564 0.4898137896795717 0.4870340887710477 0.4790501554243075 0.4653787643146273 0.47686791870673917 0.4402251965529293 0.43691086859917105 0.4298972021410283 0.42383881962488057 0.40404015208529154 0.4192341088149205 0.4408999997260825 0.483341935422127 0.4924501353758957
