Raster_benchmarking/continuous/raster-189.asc
NCOLS 100
NROWS 100
XLLCORNER 1743149.2483456645
YLLCORNER 5469289.369417008
CELLSIZE 10
NODATA_VALUE -9999
[rows 0 to 18 of 100, columns 0 to 42 of 100]
0.2614546963518099 0.28038658814859124 0.2951787015021105 0.273497720010589 0.2887465614108515 0.26348970710983893 0.2587192404239835 0.25613808857699866 0.2548309116215889 0.2843937622302351 0.27714402791977255 0.2732111312775946 0.2846059106895129 0.26656924382234237 0.2715500062075232 0.3114547277297984 0.30241552195306376 0.35134545936956224 0.3629886732880841 0.3731855260338376 0.4084277678148391 0.4470592092471722 0.47348063774510246 0.498650152959847 0.4839724005134833 0.48060367742448007 0.4860375291869166 0.5117414616641702 0.5075855941274148 0.5018270278573048 0.5025823795466182 0.5106101338873178 0.5290705799458254 0.5387066367251138 0.5797842301668822 0.581694075608983 0.5978791567321436 0.5615113572392194 0.5811404075733223 0.5917147274844954 0.5930181885618837 0.5979602318065663 0.6244204945215669
0.22808499053854064 0.24900855366837882 0.3049576409394368 0.2477144420179721 0.24508490103597763 0.24190746355179543 0.22220986052940203 0.2561068135835923 0.2651596638943285 0.24026869933971973 0.21515842278400288 0.24840819330977804 0.27836535130428397 0.296266032255199 0.28284647567902355 0.2984859325517182 0.28434167842877095 0.3170159517108671 0.3422951332272064 0.38278332920472147 0.3989624819109294 0.4238386584151749 0.5002691566688738 0.46973706528348586 0.4781824401626978 0.46519021717285025 0.4913921433640253 0.47931263631053245 0.4810252378387678 0.4737464673266747 0.4925450327608189 0.49446321358093215 0.5451907750063012 0.539326507526502 0.5630070016813917 0.566145015173619 0.5869307895763755 0.5733775633066499 0.5382761195028858 0.5741006220329136 0.61342528651836 0.5872342972998927 0.6093690192761599
0.2429032519196992 0.2506493240896925 0.24221257513935956 0.22542562222804802 0.225488259618252 0.22811794088489373 0.24928284786946955 0.263716854877558 0.2538194326737804 0.2124548694878961 0.23381822419919007 0.26071426799795117 0.26535852658199705 0.2905672733340847 0.3001922367986688 0.28614523352812354 0.3174466045504753 0.3357262765912431 0.3711433564295693 0.3801086107643848 0.38400138971738057 0.41415784012853707 0.4574367741988053 0.4371601424924552 0.46061471714169183 0.46373952844856314 0.47504782071060575 0.4670244818930354 0.45772536475475967 0.45154486075934047 0.4762646144383744 0.5145452355403933 0.5326823162038817 0.5612613080057136 0.5448030072865377 0.5331391359976507 0.5239974401707729 0.5266038044181628 0.5293977864684399 0.5864762066925676 0.6084817944870737 0.6073413278858474 0.6144839354664001
0.19431266726515944 0.23082446543788765 0.23668939508351253 0.213589768211336 0.19830890076966928 0.21409356132199162 0.24838271590829683 0.2691840284821353 0.23705831578714678 0.2174168630074147 0.20585399056307563 0.22962459669650068 0.2580510835085568 0.2810572710854737 0.3049802313919693 0.306573439721276 0.30323691509103695 0.33229548408682824 0.390591063696711 0.3819116865314128 0.4146358057757692 0.40446596588512623 0.42298581266079355 0.403553729045846 0.4255534843575776 0.4140113739727907 0.4413553891536775 0.47381946919600676 0.45268301741979405 0.4387020732157928 0.44998449762068726 0.49937583875596225 0.5223483832864432 0.5354290750575231 0.5422815914411853 0.5089519224577177 0.5232935293215544 0.5316812820094405 0.5287836475292232 0.5602069099943668 0.5963129329870754 0.6145584390112361 0.581426427193893
0.17896056198932975 0.17474680788666702 0.18062175811355782 0.2097907861054689 0.2175632646816053 0.19735081256262182 0.20693904693752208 0.24438789690825677 0.23427746467368926 0.19440511958355713 0.2303738538426825 0.248020826183733 0.2342242762569717 0.2584962708139422 0.29163256941380794 0.30230480313773334 0.3152359062111245 0.3440669883527584 0.3577177752987725 0.39380280201786816 0.4303739926920595 0.4462708950350876 0.42005534264975053 0.40578012915074013 0.3942746288165042 0.40689275902715005 0.42990404081984007 0.44849970795783645 0.4153983256460802 0.4203718649475056 0.4276840973197132 0.4732093554274407 0.48318200751096585 0.4954390256282921 0.5107548595540754 0.5039042304965683 0.5188014252347013 0.5247768151210532 0.5384152285219984 0.5556940938627263 0.5844094909588918 0.5929143589212488 0.568931346060971
0.1800113742591474 0.15531511174992568 0.16663999405541757 0.21628321682736457 0.21563744129819742 0.2249862765878957 0.21145056933708298 0.2163120076161164 0.21239403060547027 0.22124126922225396 0.2022325153400612 0.2387443960687678 0.25862158984780076 0.24730211261179924 0.24605938679488593 0.2721850820238492 0.32281714764803887 0.34716281544733846 0.370896155813732 0.39128946379524443 0.425704786370234 0.4406071534793164 0.43812308004887046 0.4062331809203589 0.37579921169173747 0.37695249285665156 0.4035291509364141 0.4129389602096744 0.4119080313454948 0.4005621096863182 0.4132344521348294 0.41341868130777915 0.4403292749960078 0.47907765441303174 0.49549949910599983 0.5020600459042344 0.5240924361236851 0.5434481974463332 0.5440882417478137 0.5478408206059128 0.5893345743641902 0.6000315822769821 0.5601604767165984
0.15922855719596554 0.15502733980098538 0.16608219453221898 0.19456680665545473 0.1742861014789712 0.19917371904161849 0.19210002203164306 0.19689851546020032 0.1923689999799535 0.20593765993663807 0.2080780905564975 0.21542670712673462 0.22046934174712687 0.24881110255368316 0.24937279134057544 0.25236279505477904 0.296067228472212 0.3022595765117281 0.3552970885727887 0.36360233379320733 0.36598997225513735 0.39451274500651573 0.38054548444501823 0.3756885997210729 0.3737751175237545 0.3707118862458013 0.39899522851506813 0.391341205539168 0.38987664671472266 0.3921108151519166 0.4109717721958801 0.3943543960732009 0.4268810551251981 0.4393175283123826 0.4867980060545854 0.4705654208695108 0.506208735575286 0.5198888782580701 0.5409543257412401 0.5739839760944686 0.5814875124503407 0.5746847654221232 0.5905575037004026
0.14443620765615045 0.1648728177611887 0.18384521981669197 0.16297759768769338 0.1514944743916638 0.18529298478298661 0.20031889925384885 0.19946228289087753 0.21690426170022484 0.22903033979328644 0.22885605975939305 0.2324300861951994 0.23882688279355727 0.2534898844520383 0.23646290390611474 0.23420070929523326 0.2746309508367637 0.30231569481005593 0.3081667669251035 0.3450314077172505 0.3623769863031202 0.37234614660997417 0.3722596980675081 0.3795242706963044 0.3688245416855057 0.38313781773496125 0.3935843522211534 0.36724886418083685 0.3685101899238464 0.39457149852907836 0.3945273404999242 0.4207925098996598 0.4072030371819245 0.4294853241807489 0.46035772498580013 0.48778930855429126 0.47289674992446595 0.49419246413344575 0.5460884925201457 0.5320037352674281 0.5405635580507251 0.5655457517738466 0.5653448453477242
0.14393022687363188 0.1596407413753315 0.18472902480975417 0.15084664704237682 0.17063356184260386 0.17804812786833338 0.19739241695993928 0.204616251836213 0.20366706772776733 0.22146105333268212 0.21963733470622515 0.20137502885808484 0.2407639692904453 0.24776435770503968 0.21376544746895662 0.2335167499525761 0.2671248340795905 0.2988256696123042 0.3019576801197167 0.32265849083733217 0.3282363083355491 0.36411065670419623 0.37570033344276976 0.37295928557951785 0.3703130219992908 0.39008266425788346 0.379973527925852 0.3961959295888681 0.3864307075992783 0.4009780740576444 0.420855838098517 0.40777966311224606 0.43050893574429067 0.4234604029133497 0.4384119849033451 0.4694505093991041 0.45968448555027824 0.47576483498853606 0.5219228363811791 0.49918338536587104 0.5353975226992088 0.5428169159629109 0.5818258940880272
0.1666066155308391 0.16796249675774874 0.16701241359931193 0.14647830369077683 0.16931080644798124 0.17841557036986658 0.1736356610621356 0.16815061542587204 0.16822944637204693 0.17937640057983661 0.19095458676795748 0.2075883193637808 0.2309683964397336 0.23649084721340613 0.21540898637798167 0.2295927404683861 0.24037737156013822 0.2848604533236458 0.2948675079970148 0.322125407752634 0.3119603144700808 0.3301106231961975 0.33706919015708864 0.32178776321441743 0.3314327420509181 0.3718263850391302 0.38547995937392193 0.4076071537400598 0.4093102806682289 0.4175845177303316 0.3966902809940559 0.40866827817734086 0.43605230183670257 0.42703189787046 0.4547288411140306 0.466571323040405 0.4703472097021205 0.48288212701241084 0.48182485549834425 0.4872039813886624 0.5129335080493695 0.5403210629313804 0.5640308909514066
0.157049993085089 0.1514204714674101 0.15189557608865575 0.15118915015173118 0.14517402522459127 0.18004491540354656 0.17549923642607382 0.16767128960111027 0.18820703510071962 0.18587405295873027 0.20676146992971267 0.20451697417938078 0.2233066656937217 0.22012854534840787 0.20477085073755621 0.24419330192674074 0.25653905021664003 0.2639101225629952 0.28734556711826187 0.3018058333038195 0.3011338322259426 0.30868039204791775 0.28791477884534505 0.2984141078486806 0.29912109485689803 0.3221469354499657 0.3513054623892464 0.36803147707507183 0.39921022132268674 0.3890314815766718 0.4165134003696342 0.41589811805253063 0.46604020398348106 0.475144733836604 0.48990346484220204 0.4700506189245166 0.49156457630220196 0.46216151694194235 0.5035940150850726 0.49260849502333887 0.5276476259765163 0.5467161464383467 0.5633012225114149
0.16352031004330825 0.16963330278359084 0.14007590654185773 0.14707818774871656 0.1603864232025194 0.18022679041638917 0.18907443242047062 0.19489639190609573 0.20638507656313212 0.21933388788679195 0.21013414164168084 0.21782022849701388 0.20538283481668157 0.20399068448705135 0.19840867767409387 0.21235987847565785 0.2441494063577558 0.2482987988805832 0.26407392801573437 0.2692843933391496 0.265790788540866 0.2926264541409309 0.2622360536476815 0.2864864226466223 0.2829819079309183 0.2947461134141166 0.3102776612777118 0.32645030037426326 0.3458669279338185 0.36222051034129904 0.38897975111677047 0.423397558650104 0.45552934291325275 0.480640693316491 0.48128559500993917 0.4643136575557189 0.4848470902217562 0.497403976330166 0.49655437971914285 0.4879913138944322 0.5441811148688688 0.5371186332294486 0.5830669155684194
0.16708827520886274 0.16300605452076858 0.1944578234558849 0.19476554843698518 0.1993175507828956 0.177303540613081 0.1996676745225112 0.22267528906505887 0.2046652293494543 0.22047642069725848 0.2341074577692259 0.21344004160779612 0.19819177083637024 0.21877771495344023 0.20262252283471396 0.20665020407503457 0.24306044147759712 0.25042352777165894 0.2537587531681112 0.27416204032807034 0.2770421164683525 0.26979167945239046 0.2574841830904696 0.2550904893025529 0.2709518111570894 0.2741012233574483 0.29315366404632337 0.3102558869032677 0.32713935803433436 0.35643451079170746 0.3601438520470672 0.3912652626128311 0.4081045822582969 0.45659628575286776 0.4786715403797624 0.4807137463486978 0.47831249576134677 0.47900854846191626 0.47644742310877886 0.49835297338734746 0.5280937562074806 0.5547403405597503 0.5838095998556034
0.21856002290967078 0.19899867159559673 0.2031436723431028 0.2064074457006818 0.19921446259775907 0.211059366313675 0.20020678408407105 0.19502737739848286 0.22386367949487485 0.21939361749083955 0.22921373415012006 0.2101556184919635 0.21553906200457304 0.22969470638940834 0.1988061431857562 0.229549627418018 0.23080232531017927 0.24273733206918993 0.2599613358004723 0.2638775325475876 0.2624731005650601 0.2517925566731899 0.22452214868327053 0.2654503764843417 0.2417935241974495 0.2584751461266695 0.2624179744307877 0.27878428533811284 0.30523065773130376 0.3285731841707156 0.3860151381586613 0.40001174826452796 0.39909226313082047 0.42141067956958594 0.4529569483515884 0.4711285034262322 0.4959033405752022 0.474547037018159 0.4945864901165202 0.5195022244057041 0.5332001833909166 0.545519798421492 0.5605058835752013
0.23082294903192002 0.22256878996581142 0.1963862654932084 0.20648913510175085 0.21357346301630775 0.1966523450603475 0.18289806906124212 0.2026048106943656 0.22224163827718366 0.21128055093441858 0.18904082229048644 0.1904737936939157 0.19786322086685676 0.2126333129566869 0.19623524957510627 0.2097517080785033 0.2283896408400889 0.24778123843675265 0.25152304251541513 0.2590656178664673 0.2511224533816059 0.2467976087434102 0.26032722489544585 0.2736736904450243 0.2687735766570324 0.25898249895532643 0.27329395476691676 0.2767284392718118 0.31371270631582854 0.35043813138349894 0.3570439911561593 0.3646754724789765 0.39316347325354967 0.37836059370458 0.4191233158552889 0.4444313633997074 0.45927234152493535 0.4436918816130479 0.4797512122086328 0.4756391590506728 0.5050017786662471 0.534929404333837 0.5229356521639575
0.20800610383867646 0.19726838337030128 0.2158886692281673 0.2063936877138207 0.1830827896492171 0.16801548019663742 0.18839335784303787 0.18614684464119122 0.22098571339676912 0.19337679116799486 0.19345041431312926 0.20844412900622009 0.18627718552588998 0.22839089419701086 0.23343025892791527 0.22617350342990422 0.25121343282337394 0.2390598232560793 0.2203042064137269 0.25348759443655255 0.24799991704875715 0.2656145273221149 0.2596173182387319 0.2845567109820342 0.2827271350236405 0.28823335547974593 0.2968297556448456 0.29937089129792416 0.27696118761555866 0.31909252558475815 0.36046244789645004 0.33514047421429477 0.35116250896361084 0.38514230456570314 0.3941245943308247 0.4000274316602134 0.42147906412745556 0.4473383286519762 0.44781845902744766 0.4517462152935775 0.5061311497025446 0.4932409832997895 0.5176357262537021
0.21374564530400914 0.20878736646457768 0.18586261264285348 0.19114329210956002 0.19517644236988407 0.15314565582603754 0.16018975498999335 0.17570155589173492 0.2023081450741764 0.20668668878571497 0.1894321554400703 0.22307832587581483 0.22467640917820225 0.19610294783980434 0.21094251608129477 0.2311956338446433 0.2331339246456037 0.2459563981252557 0.24125469224978113 0.2408929137287862 0.23937645903450547 0.2503905320975289 0.26299701648023405 0.26863933461151174 0.3071953556393086 0.30875227319972726 0.2938581460250359 0.2752035393460666 0.2742940019560689 0.29658407187338076 0.3097866636345946 0.3130401526746779 0.35296972145594085 0.358413260004847 0.36662271132451807 0.39593636347256655 0.4206209117340985 0.4117859031780696 0.4469961382210774 0.4469315140146064 0.48353824605397594 0.49397987899303386 0.520951142766593
0.21067663338164003 0.20317056325444335 0.1907815355137483 0.1682029479100445 0.17396340528229148 0.14266952182536943 0.14398322307414782 0.16685765386316886 0.1607903257283387 0.18503759698719538 0.20603244348291794 0.21824159028105536 0.22626996569493188 0.22141636441395976 0.19108237109872545 0.2015680397042399 0.22259639477851156 0.20794902405907692 0.2168614747130126 0.23305999795896887 0.24295404180988892 0.255084127454857 0.30121869044623145 0.2857415154274155 0.2905635255496716 0.3025513237965068 0.29474569638220544 0.2732588282827012 0.28006539209902703 0.29346734453967943 0.2929915821561976 0.2940569606007161 0.3122368330010597 0.32637842761744124 0.3573671889970865 0.38628292807786957 0.4198009680315208 0.43290968660664736 0.42528774712256245 0.4289596380085962 0.4738602461962813 0.48402291284583077 0.4918487099444153
0.208984010936306 0.1657334996191721 0.16614174045888117 0.18507004991229184 0.17024596612554077 0.15326417114508029 0.12745325281261013 0.1365155608652421 0.17870743396784833 0.16671724530363438 0.15697844127431065 0.17385327291864813 0.21149497614039034 0.20973418590439405 0.17437023079608704 0.19545428854894345 0.21665536194344773 0.19010204515439333 0.2158665834174739 0.2545337570043926 0.24695939913997406 0.255418266562923 0.2734696731126012 0.2798537429963331 0.2921988255350895 0.29673080725248896 0.2678807181733461 0.2837322526491559 0.25962371743220497 0.28121712894500833 0.2949582802394723 0.3076719517034385 0.3232199233081005 0.33752947473946626 0.36731805682750884 0.40656537311595936 0.42321169221344773 0.4096607761669294 0.4081192641840769 0.4283225444649148 0.44598722005365127 0.4824556015906884 0.48982881253273763
