Raster_benchmarking/continuous/raster-73.asc
NCOLS 100
NROWS 100
XLLCORNER 1743162.1179988012
YLLCORNER 5469286.590949618
CELLSIZE 10
NODATA_VALUE -9999
[rows 76 to 94 of 100, columns 0 to 41 of 100]
0.20246135464302198 0.2365018974817829 0.20858598018925456 0.2078752177745216 0.21326435973966018 0.21758371796879517 0.23520316256262014 0.2218438832787371 0.200442869164928 0.21774983496024736 0.21286779234221542 0.16175805096148343 0.17103980422462217 0.19872690878835297 0.17209264773840946 0.18586347195225764 0.2410509048042291 0.2797199128012014 0.29561340078904424 0.26895389031106737 0.235092603123058 0.23136986624138736 0.21914783436686977 0.20646649152342894 0.20790495045952584 0.25963429962587137 0.21078956251804953 0.20948436781972998 0.16935528250769288 0.16708144203674272 0.20529861727626184 0.20282721700354064 0.2579098884375715 0.22684069289790323 0.23365733631630686 0.23965622268126313 0.2095334068741021 0.184239306203037 0.17726094966027406 0.1957691771212614 0.190309160075395 0.15876565111419996
0.18496098351959578 0.21376784352524966 0.23252434517778603 0.1897492652391262 0.2120053392349213 0.16709170656333328 0.16474838769311942 0.19729666408663613 0.15601862035806668 0.1912386845035834 0.14876853711253438 0.17618197065751615 0.14503197449067556 0.17565882575327713 0.18042338313162612 0.1830607491688559 0.24740332540605223 0.28258016243824813 0.2776352531570275 0.23912285275728878 0.2570887019966501 0.2040118375826807 0.1770895947617098 0.17326213593554834 0.2326313154365265 0.25796768007756976 0.272049177493483 0.21103464434966504 0.1888938280591921 0.17966311357726267 0.2057831871032744 0.25979773396317934 0.2869680749691649 0.24600627580134526 0.26073855971160426 0.2175879553340546 0.20886012141403099 0.19671291959982695 0.1983296563051554 0.2227701342812954 0.17713137731747675 0.23667922056865587
0.14745067851244362 0.17892244463617998 0.17465324395264226 0.19341748819623542 0.1782875848218967 0.17277017454884774 0.1619501365730901 0.2043846540844949 0.18095648084363827 0.22038147040044553 0.1807624536953362 0.2050311866818766 0.16997112590195015 0.1881290123832783 0.16971626646665014 0.20226155225093176 0.21698852350225706 0.22004484413788736 0.25161118718072767 0.23623030302362796 0.20045974148219284 0.1995607383976573 0.18599313010691 0.18701453453652536 0.21494814587760655 0.24344151917262394 0.24028124021825115 0.2200924545250021 0.20951350158037976 0.22305349587926535 0.24873718551529533 0.23594035859584692 0.2965292747900851 0.2772622046934443 0.24696294298734703 0.25757901588264387 0.2729298544314886 0.2780326193757628 0.26711117282432195 0.2471146405042736 0.25370035248427336 0.2696535718611285
0.1221878692205169 0.1691227306578155 0.16318072241924228 0.17848937994664596 0.21555398920083801 0.16710645295982163 0.1768996886162202 0.17823523098050104 0.23159745839743656 0.2266202526459057 0.24994270770595695 0.2353641162324226 0.2358341977565362 0.18717316062918 0.17641615031895724 0.18228916789713623 0.1893047449170965 0.21102152895225346 0.1786672998069341 0.17827673941131583 0.17974452799209995 0.21388433342232147 0.18440485353731692 0.2080641031419303 0.21062704793431136 0.2515979139255125 0.2638452334806209 0.2663028964523849 0.26074780597746605 0.2521245666032898 0.24299423212616547 0.24466258581451947 0.2985635265222022 0.27765282056950025 0.2925042397998432 0.3172229425965004 0.31096774981872616 0.325887445450728 0.29896143866372915 0.2530805738582104 0.24592940475857633 0.27781054289962026
0.14345965110052405 0.15950165551553164 0.14002350882342618 0.14667321904245595 0.14851778314662722 0.17459220867591638 0.16569512626398208 0.19396520435724487 0.22183059119850096 0.2621748047499459 0.2696259095936456 0.25044292814675284 0.24908479006383924 0.22431300716965055 0.19761807736014447 0.19962937265574301 0.23076978891920746 0.20585483703846896 0.1971800096665153 0.1910295436445007 0.19154849317524644 0.19862380851622063 0.18061578509328055 0.20074926905775384 0.20428642482917025 0.23358219040190775 0.2616634416338624 0.24721910156643015 0.23609437532033187 0.26248967164901543 0.24953478982756808 0.27742049640434313 0.28555996415306173 0.3300906614280326 0.2974044682892317 0.3234929233757822 0.30841659892581635 0.32824858683915437 0.3334184050479415 0.28356977336548117 0.2789681877436607 0.2650779944934345
0.1782125869010354 0.1292271107080259 0.09942661521884053 0.15607237845355232 0.15592091502058775 0.15977875361044727 0.2233939446703305 0.19027818908160685 0.22956909157768707 0.2740021293282531 0.26108702164229447 0.2843401325526167 0.30133025313320055 0.2904865340674917 0.2669199471811277 0.2770537274274308 0.2598198520502264 0.21047632073532827 0.21047542042424522 0.23156928367816468 0.2379740024591723 0.21635656723957736 0.18625914786476958 0.16990864041626003 0.16829519484670533 0.19003634805000744 0.21440207867837793 0.2014942653467969 0.2200397607160024 0.26970289529717906 0.30062593215725714 0.28776866042941035 0.3430304612389325 0.3279316296250415 0.32169488526688955 0.3263879540788305 0.32029531452204274 0.3223397954388468 0.31789301913052215 0.3108143089065225 0.27482328997389815 0.28480649292230525
0.18715720756037135 0.16134924741671386 0.112977531147379 0.12414575334006397 0.15946449823249767 0.1878814269351854 0.1806032768246064 0.22279028487657254 0.23176190521417525 0.2458680656458295 0.2436702815033752 0.29509346569994394 0.28456956681143525 0.2932123374932444 0.2665545582079965 0.26956461196626497 0.2700473921258617 0.22953990577478514 0.24833678736947842 0.23990889044342883 0.2456654009366492 0.20872476186870412 0.2393241313310717 0.23531908626869796 0.2025482153684325 0.23533380914123256 0.22018782113712965 0.22028468424819306 0.25879608431634654 0.2952693273228826 0.33735968678305 0.3172095092098383 0.333581071636334 0.34094035697515906 0.35008673872592017 0.33707289973513377 0.30632775683215496 0.3356141467424012 0.32887840586207506 0.33941465508962915 0.2974729561765799 0.29856833003654193
0.21775892840034375 0.15764808860258447 0.16264808527753216 0.17859021776250156 0.1622773748275359 0.1943930339974488 0.1909191093093999 0.23097723111419396 0.268447266716903 0.2309496254787704 0.2579414452025846 0.25840975661041427 0.2705143850106843 0.3004408155363448 0.2990563674374474 0.28026155915570666 0.23205365368207714 0.24345671550919196 0.2684783717944753 0.26638436760438233 0.2317485250791506 0.24018680754617414 0.2433284248063935 0.23294279954896058 0.23182748691253616 0.22425200552209537 0.25697011958018956 0.2796139675273855 0.28918396397667023 0.32158183670551044 0.34447232820319773 0.3495446984687818 0.3370654913281972 0.32772028686565835 0.35715963208804635 0.37227907852081443 0.3336839597076981 0.3755737349607706 0.4134725075572663 0.412752327978933 0.36453719898546605 0.3687205896307591
0.15849033546576347 0.17121979005061316 0.1844740593311549 0.16579158327961246 0.16549618383331666 0.19911222293236544 0.23770802105989297 0.24857466089474725 0.22358277324566372 0.23067739805945364 0.23950107271852755 0.22861619202724376 0.28297321350945925 0.26842014668921954 0.2670920545569288 0.3156846871643399 0.27340181365060623 0.318658010951171 0.28577947230101314 0.2574247916954281 0.24343527056749154 0.27553169251337994 0.28755558223729094 0.2443374315792115 0.22137748878463084 0.23155473237069465 0.2379118607684696 0.2547746640933175 0.28662756438132775 0.2926083357647002 0.34040038917299736 0.3521515932660742 0.3495166606503582 0.388974222444156 0.3609143178806838 0.3854585981147474 0.4028177605596356 0.4166738603560587 0.44481135674126615 0.4543485578348061 0.4386016240200214 0.4417434980967068
0.16064239772243627 0.20497423345806437 0.22691633423517973 0.19687871609763874 0.18478631973120022 0.21463027521005348 0.25316366049592964 0.2640351107273478 0.2458154227254512 0.21122242021902654 0.20670068491199284 0.256018855815922 0.26049631391596384 0.2843730826496486 0.29092008708881806 0.2969118676142719 0.33299520081919254 0.3041003215470388 0.3388144241189213 0.2776188204494977 0.29523083553766777 0.3077496250143733 0.28475872197602997 0.25199858228509536 0.2408980177883987 0.26878514469567355 0.28118835777358553 0.27676264678505286 0.2705045547296257 0.2695894189653598 0.2688784147357152 0.319128547641922 0.3760283821519817 0.36744562103275213 0.38902837603140356 0.45425106755750944 0.4757824394580696 0.48433452833275015 0.4812335127003602 0.5075188389150911 0.4720275698128181 0.4742198163381087
0.2116880149601861 0.19258577016275852 0.1938081083978058 0.1508839244265982 0.14781188067915535 0.19805621249659777 0.21096900166572982 0.2537218762497981 0.2413361955760983 0.24579153633147977 0.2501244077121621 0.2511903042696283 0.2610367855416551 0.27053020424036534 0.2737991108055144 0.3015538195549359 0.2973389355845115 0.31803454036988615 0.29497323563682387 0.26548629419084546 0.26636254384791935 0.263623605551433 0.27985396095493037 0.2600324628409858 0.2814434012504122 0.28157573604346026 0.29688151863573287 0.2628047569548288 0.2442044523162064 0.27511585890134843 0.308762080936709 0.36485934771890055 0.35950350219239585 0.38704886982850334 0.4199748180838584 0.45608373359359844 0.48251590090337027 0.4741927067861277 0.5156458719332014 0.5360049891283504 0.5092272341385495 0.5193290119916117
0.18749777992169636 0.14055616948965455 0.13284274116096373 0.12861875058859265 0.16365297469975834 0.2038812400094498 0.2083007740195631 0.27475937488334284 0.27027300293471956 0.24398295410811394 0.23356165523498026 0.24611317963991328 0.218966479799558 0.24958530537151066 0.3032303876252343 0.3266985365415871 0.3331846420762258 0.3208504338784962 0.26604022564822544 0.26976515580802146 0.248747834635052 0.2732751879711821 0.2490603780731985 0.2796989595538741 0.2935991394375278 0.2524375099020237 0.2532166116625484 0.23281853290525562 0.26207001628543547 0.2663495528881717 0.3389641635928212 0.3539660682428178 0.3813212463674052 0.39005868996960774 0.4396313482409145 0.4690468611168742 0.5189737086943452 0.4963043485559389 0.5187951555472238 0.5328994075956085 0.561789009817218 0.572176401121981
0.18222782820341177 0.1391206652112283 0.14344406079527786 0.15894377150033862 0.13606663955191425 0.17756122269743535 0.22329254333848694 0.2597579907769749 0.27918067342252795 0.2218383843962588 0.2075508319637284 0.2258245690581286 0.23879907620127752 0.28817995714079453 0.28416095949601916 0.32654055459971365 0.3332530776298115 0.28493532506705976 0.27032550692568036 0.2605117842311612 0.2724093977720981 0.25458666711447253 0.2502490131562582 0.28789783608079833 0.27860675860323386 0.26907998640635367 0.25915071921204375 0.23679401811023087 0.29132879758554564 0.2959703587462128 0.3428373840040131 0.3500533490190921 0.3866164042556459 0.4554974434414745 0.48317015512754213 0.5107884842805095 0.5337137115855712 0.5639419251549476 0.5766203906169838 0.5705467902695902 0.5939354734931752 0.6266710346084872
0.2107349436775047 0.1554207986982951 0.125765413979087 0.10954500592343866 0.12230084366836218 0.16514805182369266 0.21817770183372764 0.22555166863596293 0.2584934154327955 0.23231212979011057 0.21633459635864802 0.22281580722397284 0.24747345644402202 0.2840032489676738 0.30948696462169184 0.2747565034733439 0.3112411012948094 0.2752966992884163 0.25949014610772664 0.23462031860461485 0.2803888138996629 0.24811691570686828 0.26485897420891913 0.2588067805131762 0.2784033497971304 0.2824368885112965 0.2677544595235806 0.24682171538372213 0.2740679555320894 0.3042832879888813 0.31760367751870927 0.38439096981175547 0.43925073229756667 0.478274243373799 0.5283765949692156 0.504801456888585 0.5482403937535485 0.5748530680093006 0.6047457805555653 0.6087100122583321 0.6149815971197393 0.6028876719411838
0.20441980386397765 0.17147477321710203 0.15727431785839038 0.12680304300634565 0.1448164675640173 0.15783890353067442 0.18132124991993767 0.23238976070365128 0.25924062356724226 0.22687819437612364 0.21229217931496702 0.2353265951524823 0.21273428852059678 0.22087425221453222 0.2628721039549346 0.2650850412188451 0.23371735743641775 0.23951962673015564 0.20631732953505522 0.2330710993935451 0.23496822144546115 0.27142781708866787 0.2840778931237072 0.27878344158534213 0.2673649988838181 0.27934987473740847 0.2977491118963162 0.26918973208913405 0.30875434479884384 0.3089892526969687 0.3196446254152515 0.36049521384530264 0.43103766627737555 0.46005649653585196 0.46942909718269177 0.46666650036463103 0.49299510924169493 0.5453030844561859 0.5900363481054127 0.5909393534968653 0.6023538297692999 0.590065495250612
0.14864085344211544 0.12320119328309782 0.10153104213978092 0.1405754357115614 0.15409503399891217 0.1656356764057128 0.16488320953152327 0.19049065775512072 0.21645185800813424 0.2120838639542016 0.187459765635032 0.20848454682430276 0.18200612370892122 0.21783806438440584 0.2372170470013853 0.19471716197281339 0.18461608006608513 0.17917482524991155 0.2055228123895824 0.2090794715147662 0.2144998347835499 0.2100860385085578 0.22480297506608676 0.24335911594267853 0.24078571728540074 0.26492749857253395 0.2643245303640577 0.3038626283900306 0.3185559215552859 0.31121887083976174 0.3283614962158094 0.3467150016497763 0.4259076939347519 0.42646279571622064 0.4287180060572726 0.45678551648187127 0.46084636991523675 0.5138106691654909 0.525029309551138 0.527693594779741 0.5701325736398576 0.591290606737751
0.16176780582840017 0.13317985049903014 0.12416607590763921 0.13530116032060335 0.16993006726507487 0.13557504556650155 0.1511852867675133 0.18391382074576335 0.1558096283136875 0.1801465163311749 0.14106179549022024 0.14456008006753357 0.15142138774075684 0.19254027284836542 0.17433065144566298 0.20415367126272832 0.16902345487848794 0.1801360320267967 0.20330251991427561 0.18887244939866474 0.20919483938856676 0.21050426344506934 0.2195377278312692 0.2510044098839688 0.25258815855688893 0.28671352741243683 0.2922140612771318 0.29355405668190854 0.33643935894568944 0.3540613637228179 0.3468834747811297 0.3821662176198533 0.4154010574952544 0.42287222114287965 0.4391980632104719 0.4254000427930062 0.4530610460577586 0.467440327447774 0.46829101057877176 0.5130768071326203 0.5299133844512247 0.5200750844576709
0.22969870251912827 0.1795265313681149 0.12589234820767378 0.1739655747794918 0.16880429634923008 0.1409837011783827 0.11767816825880054 0.17209256796494823 0.14890281686407028 0.16667863157828663 0.12370348335160322 0.10309691741345023 0.12010942184218766 0.15304538298597833 0.1758521715747154 0.21449811348474923 0.21011598824112993 0.17671536783029929 0.15972730271651472 0.16691532580903615 0.18313728021813375 0.20457748364255898 0.255585549443097 0.2563091873792334 0.3003674368100666 0.3194700076428809 0.3651682993975962 0.3278423097353056 0.32667367409700504 0.37225609115402486 0.36487488831996157 0.3382827040400583 0.35696836874388294 0.385843235071166 0.4036959763477816 0.44379766123275455 0.44496574026127333 0.4171119790324469 0.4357346299991582 0.4553530528251893 0.4927456507931167 0.4783675006782218
0.20729840532845753 0.167955530776151 0.14635634898826763 0.1842276476389409 0.18994434381296543 0.13980297420120383 0.11882040269599355 0.13872824062836256 0.10940611968583462 0.10515050270416833 0.11524669773865148 0.10083112563929886 0.10564132083254378 0.12047805760589166 0.14502655054842706 0.18055169546455743 0.1868281099199667 0.15296022279095198 0.15352516771037364 0.1438052496225233 0.19371791474529312 0.2009886665308318 0.2501918353823064 0.25398419184588245 0.2865663737214849 0.3050777445492985 0.3122135409422234 0.33535779529370163 0.33338064795941846 0.36855410050922616 0.36353961314418304 0.3442457415462998 0.31948172294251737 0.3520184163837541 0.3969266561547336 0.40847713906822886 0.43892682660781895 0.4135683112611245 0.45572060171962275 0.4744660209776288 0.45937258254520896 0.49895663048215455
