Raster_benchmarking/continuous/raster-304.asc
NCOLS 100
NROWS 100
XLLCORNER 1743154.8204257963
YLLCORNER 5469290.525871222
CELLSIZE 10
NODATA_VALUE -9999
[rows 19 to 37 of 100, columns 0 to 42 of 100]
0.3811242202726742 0.3480181354843116 0.3957011186369162 0.4018702292870021 0.38717925272341336 0.327719171351584 0.323288614298448 0.3439041443627027 0.3162856033832558 0.30479712248980784 0.3329110716137847 0.3109922401388788 0.3083921436720636 0.3056070022671991 0.3113674800412993 0.35219680466268144 0.3748846602847927 0.40519265245684444 0.38957897483828235 0.49004936972024926 0.5398149460076777 0.5454523716003183 0.603356687217213 0.5746349147107698 0.5724443027789647 0.5704399873051271 0.6038037293403364 0.6122050890337257 0.6253060306434851 0.5872835141478566 0.6033101855133791 0.5790666507964356 0.5207588418905216 0.4250130001734355 0.3564102237682908 0.34924799878010754 0.32363900498588993 0.3098199854748484 0.292854766476438 0.32532697041086234 0.3580635236169186 0.4294809761705114 0.45797448912118643
0.3079340836528869 0.34458343394484514 0.33899743424193624 0.38848123555354014 0.32341389033335244 0.3137013616172021 0.3282452800678961 0.3221452902072099 0.29436042826363495 0.28219814221226464 0.3015617757180822 0.3488447549655823 0.32337176131948503 0.3461623734154466 0.3483220281700862 0.35852163565678846 0.39681263547197254 0.3973074594355856 0.44404341077337545 0.4908133787694978 0.5069915631083641 0.5567128881337594 0.5837284489250668 0.5703937912984486 0.5567834980129543 0.5848452060396891 0.6232522990814606 0.6141604508068735 0.6294195558176252 0.5851820450522531 0.5449205149280197 0.5392102717345629 0.477726156793428 0.4350273689186456 0.384136635394827 0.3947799277771368 0.3590891490282179 0.35773889541160114 0.38559739599330867 0.3580181883051984 0.3655749878689842 0.41357386837029575 0.4416289115374168
0.30720719026985505 0.3485497391997275 0.3262811335539933 0.3673942375201745 0.31561457561373774 0.3149179869803954 0.2639473185978488 0.2660567491939997 0.2805870737383298 0.2618812303846886 0.3058353730243102 0.3388034945103033 0.37537881619725044 0.4173475433841611 0.41198169347942826 0.4256719407610676 0.4024422807673981 0.45446421204482257 0.5237897010994419 0.5260207375290514 0.5744653084960242 0.5941964753918147 0.619376461457297 0.6087013807848578 0.5975959149405552 0.6195695797307428 0.6519844938497344 0.6318316371630315 0.5990076619644172 0.5655346797534263 0.5297787406264552 0.5385246025888671 0.4848011995794387 0.4540135665440915 0.4443212452589288 0.38003622260614456 0.3452794248467001 0.35769643704533094 0.4121612574063195 0.37991930597374607 0.3998664008805793 0.4363053235228603 0.519560357959547
0.3366739544827771 0.3324341381714254 0.3134740534805455 0.33462072435771334 0.29595131080836684 0.27750133446316494 0.24861669506933423 0.29021174341893313 0.3084192511155845 0.2974739603674102 0.3221307993956753 0.3107612062848858 0.34546688473525067 0.4171540114491463 0.4166798589226893 0.45968594860908074 0.4054828845487246 0.4517346893057917 0.4888088993064075 0.5654441278119419 0.5958889255893703 0.6303513676998571 0.5856978921139746 0.5763440010701546 0.5964358655936745 0.6150219710913228 0.6462875156288063 0.6129792255391308 0.5641653718216403 0.549227098342853 0.5537753895041003 0.5164391286543795 0.5076608954876924 0.48478748211699724 0.4298294740584332 0.4035744252793703 0.3939432390541532 0.3824807021760097 0.3899218913385187 0.41612059753009384 0.4637237281733915 0.44455329203215194 0.5193943179342322
0.2927348415879865 0.32297612514523083 0.39223132516595904 0.3397812988993208 0.3372871394063938 0.28267710365963444 0.2590610797720734 0.3000508132751773 0.31330813758822024 0.29254909650400185 0.29386584212572947 0.2927043541485775 0.36833169885322153 0.4368166734748668 0.4638272407117266 0.44713087712433985 0.4348718943060219 0.4589233165610419 0.5362754010360523 0.5199732233298746 0.5827626865611979 0.5764427514081103 0.6447693854019596 0.5878546212173721 0.5650260112120853 0.5917457773454212 0.6022641322532193 0.5736091138088879 0.5792948325204468 0.5683304413282221 0.5642446484897424 0.5371330950957509 0.5031618137317789 0.4372194023057356 0.4113033594605688 0.4329810739124503 0.4260125540803234 0.40805942489813063 0.4410663106878252 0.47155331515201654 0.46805697797388723 0.49778917779560383 0.5039694448501101
0.3450221514459487 0.35009330872311134 0.34092661020803144 0.3300838555956692 0.31513214548245255 0.29751934065989505 0.30848950429644123 0.26550726659919194 0.26707853731286957 0.3274761200959196 0.29539605478713765 0.32129733951574085 0.3833703221309797 0.43633499810528203 0.47422461051239095 0.4655258722639222 0.48364148300069737 0.45118368307071116 0.4697066593961511 0.5042187092357077 0.5237505938999407 0.5786272796016577 0.564978486712777 0.5765307480767715 0.5608001921576844 0.573172493879032 0.5658700953543379 0.5842460486018454 0.5779377597648534 0.5684707553164979 0.5477653317027631 0.5085034886022239 0.47545479868734086 0.4665622380823052 0.4824908598887109 0.44498173844099137 0.48433265895780975 0.4864637699505597 0.49065575995262684 0.5463379201849398 0.5215759825561602 0.573264286312612 0.5538714942372448
0.3090018471048343 0.31326658465178253 0.32705447615223066 0.3001919816357881 0.2925400418654918 0.3259019800098892 0.2983680721896047 0.3006609739498664 0.29185778007514546 0.2821055685087614 0.33359582809260074 0.33519244810320603 0.3790845941183103 0.4621382078846783 0.4516184609354608 0.49524816779839564 0.47066403945820684 0.4383248321454757 0.490519427618294 0.5030840850053749 0.5280633899161532 0.5181963171996016 0.5745662219700182 0.5480803422187538 0.6147466439726514 0.5568782137965648 0.5286370103962013 0.5176682615548424 0.5196720674854215 0.5575296810945042 0.571198592585742 0.5189010181688296 0.5280539541240661 0.5365408195956308 0.5242007829492739 0.45531641774867876 0.4932352702533877 0.4930379641956065 0.5679013203239927 0.6146597928165392 0.6059687276030498 0.6368208587256791 0.5939933411149364
0.31015624010200504 0.28621317114408185 0.2776028439443386 0.2911250187676571 0.2791887262447593 0.2918215759694331 0.3181785433831893 0.27701205172054877 0.2876080037898803 0.29518401118974996 0.33764496965136465 0.37771509043084445 0.4194671337379298 0.4784197116974629 0.5237103886888318 0.5067460512168618 0.5027152686082146 0.4601446496654553 0.48015459124286775 0.5073987182884494 0.4903638229226552 0.5130590554667342 0.5102020752697709 0.5469158229757473 0.5383392317648001 0.5695479488772002 0.5238044972100518 0.5589680417350775 0.5157339852176085 0.5009292552121538 0.5048163549859898 0.5066174698394559 0.5067397149414505 0.5311044613057679 0.4929468267307128 0.4924231002251607 0.5011392394696224 0.5241177178132961 0.6088789585306679 0.6290996644020725 0.5991439727798074 0.6493224832074846 0.6222723670936536
0.2942934261902947 0.26774852366640595 0.30629015804545123 0.3060461824993242 0.26417531097454416 0.2628380531222503 0.27118033179979417 0.26827488884880546 0.2486770147352827 0.2852088750595945 0.3144333768826333 0.3631335571245203 0.41382895585097945 0.46614376211289454 0.5518166854762809 0.5198841759491587 0.5052872210794639 0.49312603060496407 0.5046574084798436 0.504470802160073 0.4727009088626503 0.5038298769237093 0.4656896840811059 0.5184914992811828 0.5546056856508367 0.5448351910205054 0.5438544714857729 0.5451843274885747 0.5533258290937904 0.5000883741023626 0.47833242926190905 0.5086346639812 0.4843343296849996 0.5366106070791861 0.5317142715938316 0.5205447068680932 0.49279453817715746 0.5684400389628107 0.609620937583826 0.6410174534571128 0.6446990024708984 0.6042739863651809 0.665641168992978
0.33175131571552924 0.3170375250036583 0.33190858825550057 0.30392021247006695 0.2952209971513223 0.27665969468958945 0.29805589872252486 0.25543785360377164 0.2633923963015535 0.3325156512094382 0.32484346418903376 0.3876375481724069 0.4037422075950402 0.4476114131433824 0.5137345615930791 0.4900519062297647 0.5018010962907051 0.4853206024137389 0.4211705350983327 0.41053418245754125 0.425330061535788 0.4615002052663687 0.49475496623146403 0.502897942027684 0.5251436772791599 0.49930793449938876 0.5021558933063666 0.4753007774235727 0.48684064308566366 0.5170833906725414 0.4944772990703928 0.4637808046099088 0.5156001569495559 0.5173896839108671 0.483260386871302 0.5394553399538379 0.49076219720858333 0.5318004078860343 0.5834516372982869 0.5911811131457375 0.5655532461304472 0.5843860972572307 0.6228110929819495
0.29944936606402434 0.28912043610223404 0.3444594394973549 0.3264781069795193 0.24549416983482966 0.26962418521669257 0.2826203168495439 0.2870805450341504 0.26453830609189605 0.3547142367855872 0.38487591257855364 0.3599917451733839 0.42149906948458477 0.4272137622597053 0.4618262773274823 0.4233823993292959 0.4644534510420636 0.40851399757441065 0.38035040009968973 0.37394628107563577 0.38906734618884664 0.4242855862484328 0.4235660567796348 0.49499015369622296 0.48848829256012677 0.46784165284464696 0.4608331300289264 0.4905070267322727 0.4579783331803733 0.4797013315285065 0.48014183881323325 0.4532337543189738 0.463143091630011 0.4756321768509524 0.46997495331155675 0.5101310151182301 0.5292208896835986 0.4797758366776166 0.4891182135534511 0.5060405041730548 0.5362539807909482 0.5857882177713809 0.5864632690376762
0.2812092439250787 0.31219282414385935 0.31625497867044994 0.2793363098726639 0.24317275724673224 0.29605008110744446 0.272521635482091 0.30920035422823083 0.31641055698233406 0.332852082628872 0.39728119551171753 0.37845342298405765 0.38823219372300666 0.36309446857282357 0.39057749031907807 0.3935262852052075 0.37855781030904595 0.37229180347645163 0.3931170637867361 0.38123185388859054 0.3963915334091137 0.40598948914126987 0.4443963732059064 0.45146753049270916 0.4831363943995453 0.5204436777212198 0.5060347587041135 0.4922898108604107 0.4870147758331332 0.46375508820273365 0.45252329305073524 0.48378552749911924 0.4663868061863972 0.5058598133835508 0.4866682386877736 0.5102203501951216 0.4989540382410167 0.467080295545075 0.5031172550696003 0.5175143429519743 0.49963097503607484 0.5646273943795557 0.526492188460432
0.27623568245429386 0.3159761561412623 0.31711886980015525 0.2926135739537545 0.2679243530018013 0.3015667403654536 0.2665610836368437 0.2671143847716733 0.34126018000522373 0.33696445015271437 0.38484441158922383 0.3419858280304941 0.333062332238827 0.33733807769274043 0.30779498469520783 0.31087371303186523 0.36094215885987013 0.3733994745229469 0.3460523695586298 0.3773776382778752 0.33779878324604184 0.35572721053248396 0.4299523890562874 0.4286259014462386 0.4917953355704445 0.5432496400060044 0.565646939967528 0.5208313701116066 0.47063269290161497 0.4603051091978356 0.4611344311445503 0.5057672678164267 0.4990061797704223 0.5263837375455415 0.4960922891866047 0.5154938538930768 0.5013013770346937 0.49130231121758217 0.4805130672211664 0.4535400021247306 0.4723107280203426 0.5085827263308761 0.5372342628327632
0.33438409898770144 0.31175347803090087 0.30830227089623596 0.28510058260039267 0.2551086512569143 0.265870468353931 0.29999701242519383 0.2649476128635389 0.3130039626011591 0.3080004171562136 0.3341899203675703 0.32548299694466504 0.30983091869023777 0.30085810807151603 0.309402924385249 0.3155934635125872 0.3562577228510745 0.32574453539076975 0.3597828572120524 0.34467187639269636 0.32741236194451384 0.3627732343961206 0.4295239469999102 0.46613769826674156 0.48080900969585516 0.5078794218286545 0.5352761728261859 0.5142463594664296 0.5324963682535033 0.49771936020206914 0.4762083184835271 0.500444201657893 0.48853697458839496 0.49401830880128006 0.44788107395827714 0.4851890799129357 0.4254918288573507 0.4478286200424455 0.44739737921258765 0.45475572981828516 0.4379697742147531 0.4793527361900009 0.4939441751481777
0.3709530186525979 0.3338159117440109 0.3638061213446186 0.35796039327494455 0.3170984252067701 0.2916656729988642 0.2809648433869458 0.27703961124930093 0.2862221632479934 0.29377275217020876 0.32788569694862446 0.3170072161012723 0.2898522785871406 0.2781166562998099 0.28138238478215377 0.2939237992246459 0.34179982826894667 0.3591622354605758 0.35865751925295436 0.35090029728251176 0.3560305755985263 0.4036119692705519 0.42915284496709377 0.48382623017300186 0.4556440246809345 0.499476148283143 0.557707893930668 0.5553357467535726 0.5834785861384076 0.5316428622079679 0.510771214814848 0.47735163317198354 0.4989251011908144 0.47311289012335767 0.43785302873732873 0.4213904161871924 0.39697781076395816 0.4077612556885528 0.4545129256226939 0.42192356748081533 0.457999699669994 0.4584140438877909 0.4643874577999488
0.3887108861792589 0.36379291325090063 0.31225358652294727 0.33353815520579655 0.28582144332753856 0.2967626770010413 0.3264140741691606 0.29960673620862016 0.3022938077605464 0.2777540649067571 0.3045196868190566 0.25311043569378383 0.3016347050586981 0.2857178231265113 0.2561543883780506 0.28750739794152624 0.3369370019412213 0.3619705569352268 0.3299793541094773 0.3487406448751516 0.3850864243395294 0.38360282713648947 0.43895661081923965 0.48282887515711204 0.5118874904782892 0.5058442991401811 0.5468469617656913 0.5533578460204746 0.588359868854733 0.5751589081260848 0.5271274571882576 0.46010356189036755 0.4357497355571841 0.4589437100107296 0.4555634090959209 0.42152329609411543 0.4076300589122452 0.40408326716490733 0.4166142912265692 0.4220531016815795 0.3872417015584276 0.4275166404014841 0.4649558534278633
0.3453381894133814 0.3237447426883575 0.31475544438823194 0.3473203714082785 0.3273306952640715 0.3165666328942191 0.3439331664874959 0.3094330582409736 0.2932694133465544 0.28794896346434257 0.2746809835446689 0.23059110613610698 0.25058292608315214 0.29578888170598144 0.29410611023703176 0.29948955382251374 0.31189189945326673 0.3490452307681594 0.32307584707872855 0.33951966995027844 0.34217291132561484 0.3944257759048456 0.447938054192995 0.47346662499216297 0.4778562529136137 0.5326731271289915 0.5627953316475015 0.5607170667473342 0.5753839209592067 0.5080943807044791 0.522525856207081 0.4599558590226543 0.40963148582858094 0.3753171019158449 0.37627283177715304 0.38439675552751956 0.3993031107176771 0.3836805331848174 0.3588155475051189 0.39967162041878407 0.3551567201651853 0.3992035881708283 0.43623459838024337
0.3007759055413406 0.34051782369508127 0.33193668346198063 0.3157425847113963 0.35262054304142726 0.3342252647788137 0.3646899779588937 0.34877368344226495 0.3229092157349497 0.26478796771133434 0.26020340886016763 0.22309332444982347 0.22803802495347106 0.23989776309102492 0.24634161724439055 0.3137605039097005 0.319894278577868 0.32715233402010147 0.3142085740343846 0.2965915796651572 0.29351695418834306 0.35589659965754444 0.39897853448388193 0.41821594658469186 0.4217721516309094 0.5006294862157449 0.4845205966627785 0.5289574665916501 0.5056174171325835 0.44197574644991977 0.4588901318656466 0.4042215515789276 0.35980670634245115 0.3410885832147745 0.38570327949499406 0.34137000765176784 0.330775629688303 0.37334492473034586 0.35933621369823526 0.36188063823765265 0.3913516887728049 0.4053612348807375 0.4365454084113404
0.27545158422677046 0.29267599194970095 0.313928174290845 0.2849385839577596 0.30114687534710843 0.347239520908359 0.3366932798676406 0.31539964677647403 0.31362628175216073 0.26427243044459575 0.23887113775390711 0.23206748865801602 0.248181176474772 0.24645119488099404 0.24899624815856383 0.28133232238575084 0.34297826694102573 0.28710299860218325 0.2618760259268775 0.3061283971238069 0.28293636131290695 0.2884049794898128 0.35543341983828186 0.3552119371287198 0.3692740515583943 0.4004575755178101 0.4708184451433629 0.45784452049331964 0.422245293688793 0.3924888404370489 0.34411523979429903 0.33292420970462594 0.33518751682656445 0.36417805740551384 0.3736323197102139 0.3409698964507122 0.3243203022380202 0.3131439872572118 0.3723055698138917 0.3800037894228933 0.39261112072260645 0.43659960099338685 0.457383441182581
