Raster_benchmarking/continuous/raster-98.asc
NCOLS 100
NROWS 100
XLLCORNER 1743156.3021869445
YLLCORNER 5469279.9273125185
CELLSIZE 10
NODATA_VALUE -9999
[rows 0 to 18 of 100, columns 42 to 83 of 100]
0.3336218216904539 0.3401112178756776 0.3365163822558878 0.38474141796275385 0.3846668677055143 0.43129279720289576 0.4205174514424407 0.40605298128155976 0.3905107351196164 0.41249416022768065 0.4471835539911018 0.44950286935234607 0.46631101744184955 0.4462133392486842 0.4423175968505728 0.4270948150290774 0.42702294226691473 0.4178350490587728 0.40137639995226915 0.4547391799033912 0.4118346806227238 0.4279409925143518 0.4513496650125423 0.4303298021200658 0.4357965363413012 0.43595797004480663 0.4559605895548079 0.46305392598736644 0.47165713858035707 0.47163283611849904 0.5011406889353109 0.4681592280862059 0.4779138288464207 0.5052076181285902 0.5192248519621304 0.513757682212245 0.505317029976003 0.49120535102371393 0.5576889919993675 0.5882608785017016 0.6205640337100421 0.615538107228293
0.29587991683831993 0.28707905916765203 0.31877338165290814 0.3649669322350256 0.38561924030587763 0.41751330168307704 0.41050002209587355 0.39988903086394173 0.3992867458533922 0.41339691804054507 0.3931890552257458 0.38630298273524954 0.39018858662829353 0.39235569649191365 0.42396188358307435 0.3855976957716888 0.3717015591406137 0.38139771253914273 0.3868272620204041 0.41458755193613145 0.43217627784452367 0.38834493620134714 0.3855673320486647 0.43557648416762645 0.4336392780313619 0.44991719178674494 0.47456855333380615 0.48274862713451033 0.48610679969310144 0.48252765165927897 0.48849343402846535 0.5178144996200854 0.5411880333554324 0.5551586999909562 0.5375798543946896 0.5673675260506091 0.5583401796287891 0.5672371612927185 0.561885396140362 0.5767034178478956 0.6018922221604905 0.588271408099427
0.26838450983505047 0.27539913594020704 0.2918982553523033 0.3607716952001293 0.35637568229446587 0.40407543248763955 0.3774207878160671 0.36129715905932774 0.3422128747240892 0.3485865457713703 0.3739824362883229 0.38179689654579424 0.3513856420600005 0.3653229770096845 0.3987784537700801 0.38189063172982113 0.34505630122585224 0.34976333369428236 0.3741716428589818 0.36395485728645627 0.40183820900289 0.4095875637088164 0.42225182479119394 0.38361373213201655 0.43960707632286183 0.4493702884170893 0.4820728074065073 0.4568473424104053 0.48974010258020667 0.48318215661717345 0.5154366533168135 0.552707930065032 0.5579356852196838 0.552912115346571 0.5584631773674865 0.570973579919503 0.5769203844462576 0.5635119054743037 0.5655890642474066 0.5354515880705651 0.5990516069178872 0.592061994575206
0.232999821825563 0.2867703938755294 0.29975773309852183 0.33946719707976186 0.35228825006827713 0.37587901945380287 0.35567286824881383 0.33981099801299863 0.3381357713492933 0.3402728651123267 0.34350578631597634 0.3390730474930068 0.37141680539820865 0.343438714136333 0.3631924067923938 0.34759619495905325 0.34801652644923103 0.33292728288886136 0.3200753599419179 0.341114717422594 0.3697311210288258 0.38926648641905987 0.4003162150867136 0.4152450037695605 0.4235943223382066 0.4475934762051439 0.46774783882793675 0.5049085633453254 0.5300411076719744 0.5406700020037509 0.5257470385792576 0.5238743917383132 0.5083075226704795 0.5293606070245792 0.5314933731256773 0.575251228530013 0.5697472423757731 0.5960424068930141 0.5571197257308916 0.573051289411199 0.6025388609312455 0.60512716564694
0.19694335476528674 0.24623269208264034 0.29133136361638856 0.301057644066806 0.30948564770901027 0.32441641089744616 0.36568432841730714 0.37838628728555007 0.3313203080905263 0.29111254809019355 0.3313534188344324 0.33365553675476634 0.35990353315262713 0.3455132367366699 0.36354409504400764 0.32458520432794286 0.340101980506786 0.3340062459658857 0.3390536721546389 0.32406497166576353 0.3730324328006648 0.3900109182220161 0.40623160054541874 0.38512521017562257 0.4411653760938179 0.4624555087079515 0.5125279062046971 0.5154967974761472 0.5330964667067404 0.6001460329603293 0.5694926629018453 0.5183289440119838 0.5330653951120501 0.512755736502484 0.5203101644801086 0.5385784715917563 0.5948503605807579 0.6039278205617067 0.5681285230681714 0.5919401313754609 0.6132497519966147 0.6122713363716048
0.21012261524150316 0.2484451061979102 0.2761195747129273 0.283573287335877 0.26437784818895094 0.27655718849763883 0.33894840714563873 0.3877011796396804 0.3693561504082677 0.31583190496941504 0.3351781278441961 0.33457200423596667 0.35250657443423306 0.35429584701417866 0.34707612963736273 0.3590744585513832 0.3736691735406063 0.32732669587623137 0.320207352300506 0.31281138059026237 0.34134903549397994 0.3876529193733083 0.41840714187772055 0.430641344851445 0.43544321855601925 0.435206682196707 0.4971365053073396 0.4864368248639493 0.5261371822121366 0.5440027671740596 0.5425600735884866 0.5597650534810641 0.5204279455519079 0.5406470442231032 0.56854022265629 0.5428238897498492 0.5648231404141123 0.5849638305822931 0.6174513466464306 0.6234348745622443 0.5968429212957864 0.6173735320723216
0.1820690541171085 0.221842675401723 0.22700736410248834 0.22970213441724802 0.2797444967847301 0.28756022011780974 0.3529388202381056 0.3612135930660791 0.3703086665192364 0.35383798213532774 0.3930939872865542 0.39964568750772206 0.37322086554676515 0.39236262047982495 0.4081469150225965 0.37897673893197187 0.3602530018872278 0.3748439164679342 0.34462161015231135 0.3391943355085486 0.39066228537871167 0.41356842113030345 0.3871952651961674 0.41492804573958225 0.4427088167829242 0.4237838605178887 0.46477213013994 0.5115686890284065 0.5053585743178133 0.5558902494527361 0.579908789269548 0.5804356169255044 0.5355326169361185 0.5774305769216762 0.5748401566753835 0.587864530244279 0.5980725180856828 0.5768200744598858 0.6001623676552085 0.5908787926644667 0.6185215433530493 0.6422797157523679
0.20641281257354588 0.20732587143920858 0.22911973278529169 0.23905246811842443 0.2687755118666658 0.3216803380535972 0.3531940569865686 0.375361219720282 0.37980497531956875 0.3611869558750241 0.383059651615342 0.3814499700958654 0.3941645798289293 0.39510020389103495 0.4208563525249712 0.38410468692343563 0.38101279303018354 0.3562842581644237 0.35602018387878365 0.33186531226040233 0.3834288661801548 0.39647947601840117 0.40388205711545855 0.39756659573154857 0.418989825766361 0.39729493422135137 0.42605734156870634 0.4562815518984734 0.5340493674902663 0.56878243320627 0.5673805421848905 0.5660888363667043 0.558066302213883 0.5921937016090407 0.5971959490980914 0.6169146480908861 0.6179693637611305 0.5787734107948465 0.5621364595132627 0.5831381738098852 0.6299212898379153 0.6195053387833606
0.18579059418779534 0.20563428934906985 0.24160977959850535 0.2432763423105621 0.2819363828443153 0.2936555483542881 0.33373357874188964 0.38632796005680753 0.39656564993347376 0.37762152249029873 0.3750318541960158 0.40806558379433644 0.4082292761186362 0.4467426903926263 0.42601834136763 0.4295709943833502 0.4138511557947549 0.37034816706756984 0.3264827979636738 0.31034615296438284 0.34190819371470804 0.37776283817718126 0.3551633696552475 0.35877283840517943 0.41190780344564853 0.39442659303257266 0.4080065751347592 0.4322653083850505 0.49626693934016375 0.5579125640075886 0.5451413626324245 0.5622509467153674 0.5560847343229436 0.53917271963 0.5623626051078697 0.5926786463678451 0.5809085444591626 0.6046062429289218 0.5659407461024154 0.5805260805199244 0.6160723591185251 0.6224104036194859
0.19959144359416103 0.213933021798688 0.21301753708809215 0.2389669975393115 0.26717487333590395 0.2760159710785014 0.33766988117049523 0.38676918338571137 0.39315961934644666 0.4075063871334723 0.42246989153130254 0.4185641495618075 0.4353803053661268 0.44004783904725453 0.4496709748125896 0.38808087853399104 0.3682472866831563 0.3788890820476301 0.35560879540539003 0.31242597989707704 0.33346044862654545 0.37923272974210576 0.3403338238713577 0.37898958709161107 0.39308502179139815 0.3931308578996913 0.39638392561815533 0.3976165439914789 0.43996700064029165 0.49989721155132266 0.5096558526087663 0.5192920041558151 0.5425257482556618 0.512645342828284 0.5531053498926551 0.5674799558239115 0.5841890034050501 0.577849019364043 0.6007311841723998 0.608940610003419 0.5958705898269421 0.5919783076266794
0.1675946233641498 0.1951466088644079 0.16729603595887524 0.1895119282714819 0.24534243775902118 0.24871777984471977 0.28403099542672294 0.3393676750906657 0.3858552347294158 0.38541664091041955 0.41169247243878226 0.4557954667846054 0.4602577455898078 0.4746012575343926 0.45785719648923123 0.40287976791291374 0.3509639186537087 0.3424014353647164 0.35979314405118207 0.3321992776328584 0.36339300684363957 0.3640063892336122 0.3600891202259006 0.35852543486410765 0.34378103422720097 0.3590575328981983 0.3907497112473653 0.4181882631104661 0.40671233863902573 0.44014912196061157 0.4661577312118481 0.47046847976159417 0.48731332940828076 0.5062723720390745 0.562190266451106 0.5701275080419744 0.5829923294071456 0.6069087609039282 0.6068931767181586 0.6172454083274858 0.575094248799937 0.5815009904909033
0.13496627268570102 0.18910872609015986 0.1678714762688101 0.16386632016280137 0.19254582156778632 0.23763938802021284 0.26467037975159874 0.2800733272028041 0.32350634440577397 0.3372678600124849 0.37597181087621556 0.3865812212015035 0.42787531539508794 0.45061310698184365 0.445480330439806 0.3886372656878596 0.3631488355817902 0.34556230622332995 0.34740155063918865 0.35546857193539616 0.3347590455334133 0.3758575871427299 0.34712962683027687 0.3685562490078312 0.3379896766040074 0.3594707568641522 0.37989909448015785 0.39648973328558945 0.4212791645996727 0.45092515262923893 0.43129022435084274 0.48197462539609154 0.4857708712401604 0.48591724161559735 0.5355437694736266 0.5463356358720232 0.5542279657264806 0.5440096656787633 0.592532194583939 0.605975762934735 0.5753810765166132 0.571394549015609
0.1657106106823823 0.18699544758197909 0.18551249388989577 0.18410025708506667 0.19637659073344446 0.1808033881973722 0.2320169126216432 0.26415309965195144 0.3239963739059535 0.3478852971933421 0.3539009072607324 0.3775036035608285 0.43321388661161925 0.46687617425232986 0.4147459251975271 0.41221748247578466 0.395048082894926 0.33009674277871426 0.3404239378822917 0.3175691673716729 0.3043540084304281 0.3499272727166209 0.32878208026196 0.36403080336537263 0.33729171425747984 0.36049408860674304 0.39301468985848936 0.37747897348956816 0.41816469152822267 0.41508736200844976 0.4542633357844571 0.484240040226641 0.4864581744653802 0.495678267402559 0.5123981623633643 0.46593210673946944 0.4985009975797393 0.48724525991246587 0.5457367955823971 0.5751938793603733 0.5904494667665297 0.5839382834566931
0.13432283947115942 0.17798946114330205 0.18475421185626825 0.20130784238946897 0.17925424663740278 0.20727474846641805 0.2629487290907989 0.2663034666707714 0.3162431344013485 0.35248923481398453 0.3322749129686757 0.34436792766613755 0.3827388830886045 0.4045452647704301 0.44221231111384157 0.4230893767694231 0.3951919532036321 0.3707697314152528 0.33413082796667354 0.3447682998010221 0.3144800284471274 0.3503337920604655 0.3460527047240308 0.35231914879130216 0.3609590232707098 0.35980430855096796 0.3725386311276487 0.3622808685365121 0.3762460799472646 0.4053532612249375 0.4511074427232619 0.47058560024668605 0.4495283602017803 0.47227932094707603 0.46190037506910636 0.4590549166089873 0.4977456747433832 0.5296274960493396 0.51324112370026 0.5456168488770696 0.5629773742637837 0.5883677028524115
0.1421928330126729 0.12041883344121487 0.13990680768369837 0.168980976533932 0.17997626578192014 0.2159105747767581 0.2575906171641134 0.28523688527362745 0.30046127655512983 0.3202922082996207 0.34442213889843787 0.34850961009896325 0.3874953035721361 0.40180123960980907 0.41023502081926283 0.3794335511256631 0.360902384250752 0.36154764673689027 0.30721786565851905 0.31602022904228216 0.27407438185019434 0.2983973325572969 0.29505309621636894 0.29656298304649253 0.30990677444539616 0.34126345093852317 0.3724280243304001 0.36243009012691907 0.3835314613146978 0.3857329363267322 0.41221616807390987 0.43098039248555264 0.4228253588674861 0.4438647024316573 0.4495222457770023 0.47478652610675276 0.5169023791369627 0.5222326604731525 0.5290049348954902 0.5571307544310005 0.5868811404849918 0.5910703499688021
0.1453791867387712 0.10859353124154274 0.13648909601786208 0.18127698721221308 0.18634898074608663 0.22863906083760757 0.23401082548901064 0.23798921634212505 0.2609637745680723 0.2950619127558898 0.31588464354214874 0.3419177144905842 0.3548617127681184 0.3934490982550016 0.3570055227665364 0.3820836606754188 0.39370392154402384 0.3706526505223479 0.3040379229508944 0.30400000507849134 0.26234609365047146 0.28713168344933515 0.26482046332297504 0.294069292790326 0.30464771000326313 0.32803992931797177 0.3224597233629993 0.3479945898689926 0.34790772843845785 0.3806401226276508 0.38426210822200335 0.39968719492154026 0.4017181222732104 0.4292661440697472 0.4579820821918675 0.45063975817481233 0.4660385758911678 0.4895800212438822 0.5080198147379944 0.49224450641960005 0.543289657202486 0.527450937407111
0.15142807128535551 0.1325446232013935 0.1612971493494474 0.1674287298989175 0.18897543423280136 0.18779831652544746 0.21154515284046851 0.2584058708597478 0.23507078570218193 0.28375042737153794 0.2939607478329212 0.3109878636891594 0.3225441898576073 0.38701978559827493 0.37023762651610403 0.36716562773961164 0.37137458527812806 0.3651380082771207 0.3123812664112933 0.2568449016380537 0.22237722667478843 0.23097281440797338 0.21949635177549917 0.21720197070879765 0.28212867229630384 0.30374741851270304 0.318685006422462 0.32157740323096295 0.3171349964603512 0.39019097197191077 0.4051510432940326 0.39492975306674116 0.38112471974343043 0.3412071842681798 0.4411017642030634 0.462070412489578 0.48391917097786774 0.4637032899080839 0.4773346465387267 0.4649255178627582 0.49911956024501714 0.5290256755634692
0.14856590752942656 0.17248515446629428 0.15283582055174033 0.17009781171245128 0.19241134491270723 0.2090662478855448 0.24647452944587314 0.27372578315433066 0.2456553594665176 0.24012593685881292 0.26549610303310284 0.3050289329641416 0.33820534465051805 0.34047204930119995 0.3447652468134991 0.33547650347051183 0.3528694960055776 0.3189385309582778 0.2646653529246766 0.26329038637766367 0.20708802141004531 0.18572449983476308 0.2229520814176373 0.24757856705104758 0.22031083464302098 0.2775707970842884 0.28279643191915965 0.26738894237493904 0.30144589483090456 0.33321636415869277 0.36305037005930246 0.374351796028108 0.3802854231615411 0.3752270994172507 0.4159771825324463 0.4239998056213176 0.45855364424428485 0.45724667438898275 0.435329130945646 0.4655453088175906 0.4793952907118778 0.487881349292802
0.17169505347656033 0.19803963112825457 0.1877255049048888 0.1716518797364043 0.22088138474824506 0.2251137252649023 0.2505610904320846 0.26222009728746304 0.26112957485617105 0.27336691376893635 0.2894395444711394 0.26466226734356596 0.3135680265068754 0.3393774685557981 0.35190500275934883 0.3383587949095307 0.31762432293644477 0.26348748833832714 0.23257491891778032 0.2513857994175044 0.2081558865821574 0.19142062883212715 0.22951095835824592 0.2206630198528869 0.20712798519941103 0.23171916044693844 0.2803996959415111 0.2685344015725834 0.2661033961051944 0.31474289148213547 0.34289371730104923 0.3242026510540311 0.378763537052945 0.39298830078120284 0.40991687902266366 0.39751505037105 0.430570479110574 0.41719911696232737 0.4579910628765245 0.46580556504461695 0.487054598840075 0.45978492043581437
