Raster_benchmarking/continuous/raster-434.asc
NCOLS 100
NROWS 100
XLLCORNER 1743165.5626421096
YLLCORNER 5469285.807404439
CELLSIZE 10
NODATA_VALUE -9999
[rows 57 to 75 of 100, columns 43 to 85 of 100]
0.4170608341945719 0.38490605230995595 0.38766396065499126 0.3935930490964919 0.37377274991050063 0.3035353674829947 0.3040651944561121 0.2916784525289637 0.3407192949648098 0.336030184019668 0.3804239475986744 0.3711326331764948 0.35139608155383556 0.3539114588194532 0.3967265015080528 0.38462107745110546 0.41685928628688784 0.463809943241103 0.5308960880809754 0.559913739774279 0.5305911331681615 0.5274676707235636 0.5286679880873713 0.5873022769060211 0.5841188293858712 0.6228209550974808 0.6382572879287144 0.6516550913535336 0.653126219955743 0.5986922195680673 0.5907502070220679 0.5870435467209737 0.5408852685525894 0.5470916682441234 0.5656232002329732 0.5448235165192923 0.5527547477327697 0.48767601071039735 0.40987339277645074 0.4111365762517942 0.40699489904843744 0.37906225904365687 0.3721452831012656
0.38002089111771786 0.39755006895701195 0.37044610214722984 0.35063087057354664 0.3844384292867452 0.2984761710911986 0.2969313706708626 0.3516455488211941 0.3799197420151784 0.3788801985908553 0.3649643865272818 0.36999137500570184 0.42238065157230936 0.4398403370707469 0.4232586397012189 0.40643969706931365 0.44589346544915215 0.4989762710249445 0.5433724213898122 0.5461468087912023 0.5623456222004296 0.5447580142552018 0.5744618699253465 0.6007881197171175 0.6230053519426282 0.6532816797163465 0.7038735030778865 0.6503809233292954 0.6480856084035534 0.5862830025748257 0.5692577195821086 0.607187628412716 0.5877027049714537 0.5438553711720582 0.5679248011824558 0.5363534722490623 0.522739569142867 0.45518108054340356 0.43136630385239316 0.4402532931505205 0.385837125729068 0.3863472495827609 0.4496034118608621
0.37911168266975614 0.39560759485231634 0.356021691263124 0.35910084572030493 0.37674942554664215 0.33385921284082176 0.31440982065722556 0.36775951315973454 0.40682732199758714 0.37572676698560403 0.3816710152319699 0.434426382071177 0.46085157168965507 0.4576881334803947 0.4199174387716775 0.4442522393723737 0.4834568150493373 0.48619167269280184 0.4817297755142121 0.533171070635532 0.5867396267002299 0.6399939972964698 0.6365706972249601 0.6288024641677525 0.7013014188232439 0.7227278364429061 0.7148926817890771 0.6863081340796883 0.696151839904895 0.6377975902683879 0.5892967115912299 0.6070523253928158 0.6174246121093432 0.5717992194648122 0.5552065738516503 0.5678149390255038 0.5240902952356492 0.5016922309467162 0.43974557821264537 0.408690868731785 0.3971069148025561 0.416816201124048 0.412917491124273
0.39410631978022626 0.41881023532997225 0.3864269358750181 0.34026279178308627 0.33026791893152085 0.33416567640797407 0.37481676822609056 0.3957495920515405 0.42396557266449886 0.44545849983128005 0.44610827531668673 0.411207074946718 0.40903678409581906 0.43570185485623936 0.47130227322131013 0.49163635822912255 0.4732495440074294 0.49269958795063756 0.48870052386664414 0.5337851786079597 0.6253380412897125 0.6596959575722418 0.6896885707039434 0.6680811199326783 0.7269873536294068 0.7223401343985698 0.7399265431460147 0.7135303061655658 0.6932875502610879 0.6651748383671853 0.602034043085665 0.628044773707427 0.6062850418577858 0.5783732209228486 0.5530881726316378 0.5379313935754924 0.5192787699124138 0.5006401450827547 0.4565806670870044 0.4616901425588466 0.44818946827666334 0.4124556927600266 0.41962536595472216
0.40549276037377535 0.402308096191908 0.3838439023774589 0.37066717664409365 0.33829939712923546 0.3828194488780329 0.36213870590472486 0.39153786869946483 0.3923193708276731 0.4281786671571509 0.4550900389616112 0.440038568146384 0.43268686916447546 0.4223017664854753 0.44562568325865903 0.48160075142403663 0.4760587103419423 0.48245828637517457 0.5126295595119267 0.5720663519401499 0.6354532119845739 0.6710566010302302 0.6745250099394942 0.7259884248458622 0.7108519232759428 0.7419006601547689 0.7334010709770785 0.7190029970182041 0.6924901022699244 0.7005902767452783 0.6750770567847283 0.6566896986505147 0.6370234511800735 0.6471551323505103 0.5845844881928469 0.6014171900272428 0.5797839898563976 0.5063345608679892 0.4956740493361224 0.47755659932379474 0.4523137338462767 0.4354899508724476 0.42258934333080117
0.44118769931625135 0.41314552494321416 0.411148714952362 0.42285440284793047 0.3772416279033012 0.3789575816460701 0.40813033854046815 0.3974011287177301 0.372622956807792 0.41165390680499403 0.4284802076196355 0.4185537620955718 0.4132065780569517 0.3972553940274316 0.43467822195567113 0.47966457843403426 0.4858652048769647 0.49315554402106215 0.5238199520614607 0.546570784056713 0.608032792547249 0.6736313197414485 0.6754967853963801 0.7331716644283368 0.7068265554961964 0.7572588494173859 0.7581349813384812 0.6912794320653509 0.6732323432204744 0.7022849394467696 0.7132188564917212 0.6758366358208759 0.6898844703530618 0.6601149727503621 0.6381169382862365 0.5887526718495035 0.6011148087304633 0.565700234396478 0.5211934933678193 0.5047093783951584 0.46444961329668816 0.4416214662786011 0.4621809419893742
0.5265813246170236 0.4892004757461464 0.4807661132421782 0.41370250041583995 0.37714884281324795 0.36604323593530597 0.4012411146568169 0.3839953637749246 0.35610476032942767 0.3569080692840572 0.3924422767822941 0.41456282023270535 0.42784151747735655 0.43515039247972787 0.4443889518045143 0.4502187502267066 0.42225366938469444 0.47243851807100073 0.5321483912489696 0.5897517999347023 0.5997605977521583 0.6229866113430165 0.6694027105061977 0.7016642772856542 0.7070002909351295 0.7353128982915197 0.7156339639000046 0.698124136058683 0.6709179877004112 0.7123404773154012 0.7233374046450171 0.686443317271583 0.7120762198743723 0.722646138482608 0.693356151464643 0.6126377851556394 0.620420349624029 0.5438449457973835 0.551940951481484 0.508558989245862 0.48198519256276556 0.47131669967986867 0.4693389892530556
0.5510671232893937 0.49285021174244187 0.4880748602008281 0.40467848947907287 0.37912684683373593 0.3945683344718808 0.39429518861389873 0.36201609722667444 0.32215418340301544 0.3489055751231291 0.4268366825644134 0.41224437940357 0.46768818165686604 0.4107052325330942 0.40316755935498483 0.40748516838633575 0.3985753590382682 0.439881165981241 0.5509193444462164 0.5928971638412869 0.6180874640667413 0.6234328708103197 0.6542644218453286 0.68666454875982 0.770986596144291 0.7675467670031032 0.7508007798300201 0.7376633352200599 0.7258029062327473 0.7191188024515037 0.6972353950278707 0.7209438630296885 0.7638357969093917 0.7377660123669468 0.6991732594617072 0.6322734955408119 0.6142476986434932 0.5892213640407964 0.5380679355296879 0.5333536637262044 0.5460657863853073 0.5048594292657727 0.49603967440659397
0.5243449449395741 0.49428586518797396 0.43712861461622826 0.44077350027913154 0.3851679515797593 0.3820219083640115 0.3735238197731822 0.3584603962488331 0.337908283872404 0.3804484617316301 0.41602107100769325 0.44560830963488124 0.4336830336618976 0.4533996348947755 0.44105617946977216 0.3849769239771958 0.39710715449477246 0.46320692609963654 0.4913069310125799 0.5209153414812562 0.5474626135374446 0.6213138174573262 0.6741794300999647 0.6816502253687684 0.7274349841305544 0.7414431376241729 0.7335639454478026 0.7176885574862282 0.7358722217104625 0.7610807181508373 0.7442969693896897 0.7657990724772837 0.7288754900176089 0.694326390313782 0.7061016684665992 0.6528093966692361 0.6549385523312109 0.6103079775289849 0.5632887267828538 0.5954722578546835 0.6021512915617981 0.5747011577369955 0.5295609105322869
0.5676519023572052 0.5080806132347243 0.43603936651061104 0.41168601068124017 0.4048578083244735 0.3557654247365697 0.3469874595645578 0.36149214533214835 0.4058943535421422 0.36320333262037324 0.3932221636058442 0.4353236390392204 0.4877994914644142 0.4864911605071033 0.4491064312464413 0.44262429122034014 0.4110876424445792 0.42382713801931376 0.47295505642354313 0.5289061566670967 0.5170981337821635 0.5937297283815922 0.6237972972477048 0.6589530745107923 0.7309426775884785 0.6961405404885282 0.7085671603621809 0.744572242331688 0.7879134454743566 0.7838497905082304 0.7929372706816898 0.7616824190444905 0.7577074615378325 0.694297861173138 0.6753000884147166 0.637180476189458 0.6653274046458725 0.6004920580388444 0.5821189973525679 0.5862171941255111 0.6311781065808876 0.5675853646541781 0.5765902391121586
0.5288763326847158 0.494108472377778 0.4712051004946748 0.4136628092579668 0.43745554199713443 0.3981284967215448 0.4116581689956649 0.3963346250728874 0.40620487691718526 0.3983704379267674 0.43455395853550255 0.44984621367660044 0.5098762069648411 0.49723553502123974 0.4910001281566913 0.4358100269199896 0.42309183168416564 0.4261985987456115 0.4784551151756024 0.5334715609216883 0.5174391409426028 0.5431751280758019 0.6194815540615342 0.6514578604299042 0.678175240942688 0.7054141570820891 0.733987730404728 0.7160873409929887 0.7531728160065165 0.7488540151554955 0.7268315806998056 0.7425438259775262 0.7030054209391787 0.6772539820212705 0.6454102225712256 0.6285067256890448 0.6418266962077979 0.6074376219150253 0.584820607236925 0.600370048449054 0.6375981607675382 0.5761964016422556 0.5736965585102378
0.5627459634861782 0.5239322802715352 0.47216310009787 0.46567034103278526 0.4469508548650521 0.4586663397181105 0.4236914222640787 0.40591990034297676 0.40172990249137536 0.4406258062567777 0.45428325938596364 0.47812536882951434 0.5381482943848123 0.5147721140502665 0.5173283116874794 0.4883394736612596 0.4599808156519478 0.4642834110869918 0.4773142586998493 0.5559486568588047 0.5460194346433365 0.5420526681985075 0.5746484713225893 0.5890370573690199 0.6134282015284004 0.6851472579072805 0.7194746443192461 0.7224856423019228 0.7642459854717184 0.7768459816653411 0.729559754050239 0.7117044341032077 0.7279283679531047 0.695190000954266 0.6430898131055545 0.6388871100039999 0.5868274180535857 0.5905367274749099 0.579423136806542 0.5963207342114358 0.625945728871132 0.6182137199196045 0.5914889599476286
0.5375245266167044 0.5052465512382711 0.5182603461951597 0.5185528544840551 0.4920736423919019 0.4825426733576163 0.4646362344413588 0.4525788520180855 0.42719809437712697 0.41154659182622017 0.4361762639144697 0.4770028569431592 0.5157740101191798 0.5174471801179479 0.5231474318764437 0.5100600402681124 0.4974180424524005 0.5167302127293457 0.5014894140200362 0.5495122761945592 0.5879017382096192 0.5774390477116055 0.619487306241775 0.6225787271925388 0.6050015870377097 0.6714091577653634 0.6939392621809718 0.7424474617298862 0.7272572739503051 0.7534593896242532 0.7710859242657557 0.7449770475613743 0.6930401664352631 0.6551520114460565 0.6850036773533282 0.64838614068594 0.6437121807299665 0.5817288677190031 0.5992551807550497 0.6310523432078285 0.6491410864099447 0.5968132284706842 0.5780040331255214
0.5512944481896227 0.5293673860562659 0.5261779259698165 0.5474499212497612 0.5225630044189449 0.46454726965201104 0.4515254801703412 0.43435188890900384 0.4538723355926328 0.4570520122331963 0.46132766003856157 0.46878779363971934 0.4696257687294795 0.5051468269660984 0.5415652586756818 0.5637280811082429 0.5415380582640527 0.5169071150384807 0.5356308783497952 0.5349133313295515 0.576315755163989 0.5856270285762083 0.6256834420259206 0.6344124237670326 0.6038766458763974 0.6230649818043461 0.674952583214106 0.7284805742092401 0.7560370495666118 0.7231526504826259 0.7432507426553064 0.7417250953506772 0.6836565754042246 0.6940417799010903 0.6857956574570865 0.6793255992290897 0.6360466585922336 0.614654720939985 0.60138222510372 0.6392918552295571 0.6476620581576779 0.5989277358353852 0.5970331001348248
0.5672836714942724 0.538850673814065 0.5392973547820558 0.5635496975467171 0.5116735526246542 0.49486006030531465 0.4717786749154586 0.48316986925040245 0.46101391727140983 0.4994112664308474 0.5127863896988745 0.4956533453379021 0.5004501729622268 0.5330578863138037 0.548203016093171 0.5441608888897369 0.5959052271190209 0.5725512160789353 0.5569273227131829 0.5532749685967375 0.5643768378948933 0.6042130402801353 0.5869668333434507 0.6226630175574916 0.6765868178291196 0.6676746651236991 0.702740144767667 0.7010744777500301 0.7324611168654022 0.7325101090369122 0.712603507557929 0.698434475425086 0.7036451895138621 0.7050997985468169 0.6519816498135227 0.6648338026336591 0.6447421891040478 0.6626104199801035 0.6454454050951803 0.6279718823697409 0.6402202212971269 0.6381147608306381 0.6341358177044419
0.6282159296204021 0.5990600622039256 0.563477024167366 0.5944535375801492 0.5861781830555471 0.5522085792380887 0.49479947804263685 0.48962026747410525 0.4981217228771979 0.49109795886035895 0.48908015817354183 0.5220096376596783 0.5062705230620252 0.5619491609664564 0.5733897172906862 0.6062864773804089 0.625085150325181 0.5937594254895012 0.5378700800387979 0.579646251056192 0.5683422125010494 0.6075889084454209 0.6022944077124489 0.6484956104737774 0.7099815680237629 0.6767936656112494 0.7423680470748641 0.7071039747765251 0.7156382893189484 0.7395919274753167 0.7018686506471656 0.6962496119492725 0.7026331663253766 0.6797299555771368 0.650928416408177 0.6715565798140475 0.695799833736856 0.6514092306861965 0.6749484899878168 0.6280214207401565 0.5871905263671512 0.6131719063662868 0.6625245416929837
0.5870562990911533 0.5787910549579446 0.5897984455088663 0.5791977198001625 0.5982161042534363 0.5492198923854864 0.535527781823921 0.5148272842831754 0.474061382007849 0.48345604467108994 0.46679310397833457 0.5061465567710303 0.49612167393546813 0.5179187228480349 0.5502359743582053 0.6021862553417165 0.6046884811542038 0.5838514853196657 0.5448405629101195 0.579537259569687 0.6047463835079385 0.625697105504955 0.636190680474177 0.6969607575270176 0.6828379985220556 0.710209938708958 0.7192357297796934 0.7234203246144953 0.7494775226313465 0.754164801581737 0.7701635204389272 0.7535333030378205 0.7206302820198224 0.7119083200140307 0.6803659664944953 0.6785799318723289 0.6846754911820633 0.6479077933765814 0.6324078197149439 0.6202143137016544 0.6214369629393597 0.6275194076767932 0.6380704554336631
0.6138556287850435 0.5843482005616871 0.6341946023055538 0.579266518429326 0.5911946722385921 0.5776995557090883 0.5397842982382373 0.47606136864842 0.5068955799210724 0.470897282512137 0.4378555221399593 0.4629619097387881 0.5357453225463251 0.5401709925133367 0.5744983014783723 0.6018754737000581 0.5777014469577738 0.5850001490030489 0.5748403299548803 0.5852725153054259 0.6531745455465162 0.6418299085263157 0.6903613506636037 0.7190443715406678 0.713676323649708 0.6891147654070948 0.7055612690994899 0.7232585887444186 0.7559948495917022 0.7768548659906614 0.7601304215570688 0.7490732971604201 0.7293302212729172 0.7047417680793514 0.7008729040827862 0.7002189536292464 0.6934656264740136 0.6668111363417685 0.6318405137354588 0.6114972486106699 0.584848188154352 0.6247800545978683 0.6263646981102771
0.5986561569411787 0.6203506532533585 0.5880663622244098 0.6051160281798447 0.6062528659035068 0.5647077378645996 0.5180929044741129 0.45266370338084255 0.45315398082128294 0.4791502153440849 0.4564505697390386 0.48249582840358507 0.49387357754480643 0.5462523670343241 0.5603121323034926 0.5452009829478051 0.5231403474749268 0.5745467887306653 0.5696333431617955 0.6146362395908849 0.6845236976030877 0.6921002948966656 0.7110510538286022 0.7297255589280967 0.7479837565448499 0.7139602090341854 0.7114110994582871 0.7439691118896506 0.745165258197047 0.719835900418948 0.7709624222304737 0.7635400123682604 0.7303033242124926 0.72697826704105 0.6658472993218484 0.6514417237644604 0.6484647869426097 0.6748751622384015 0.6584573446477711 0.6178755182143153 0.6312856539847073 0.629537561388214 0.6170267667194049
