Raster_benchmarking/continuous/raster-391.asc
NCOLS 100
NROWS 100
XLLCORNER 1743166.1954196931
YLLCORNER 5469281.781362297
CELLSIZE 10
NODATA_VALUE -9999
[rows 38 to 56 of 100, columns 43 to 85 of 100]
0.28602500727249375 0.26440857354211494 0.23961842097421757 0.2186340366005747 0.1739781666930423 0.16805534885635537 0.160971632650551 0.19382363512259243 0.1947417889475746 0.18519748267529845 0.1907853462201331 0.1903260222258844 0.23976269765586902 0.28330177589358707 0.3052223935018545 0.3637724748636315 0.36958095413709036 0.45361348978826127 0.4176984855907008 0.46801197600105215 0.5365152543520318 0.555327396694106 0.5315063010631353 0.5438898409015095 0.5116592542061918 0.5055951635489282 0.4587124252516299 0.4417795767321877 0.4106725579203276 0.3885589813245348 0.37703446407149716 0.36061726492363316 0.365423109796602 0.3334628952000138 0.32792453961409945 0.30700978271739926 0.3411646393019239 0.3123458555536397 0.2697441177239801 0.2990093612831346 0.2675197237507692 0.21924507221622755 0.19459157005000774
0.25278950234032493 0.19272926783752564 0.18143455565417074 0.1725765399237136 0.1854238246147878 0.20910691584659072 0.19830792768193722 0.2319501666117433 0.21324586263561854 0.19168328947335458 0.1746500151438859 0.18445097097625018 0.18633008864185255 0.23142306257155532 0.3071985483089973 0.39293906244171084 0.38271762695161454 0.4363581563356052 0.4957405777997363 0.5152203742154072 0.5357240829041735 0.5546419279462523 0.5188369835728698 0.5166674742405123 0.5318665255384425 0.47223383545579756 0.4721142573038073 0.4376654888853162 0.4423825451045296 0.41800692252779925 0.4203440446452491 0.4334349038015455 0.4038378435447269 0.3990431536564062 0.3390234527853211 0.3718493063561946 0.39230904131258953 0.38370009903788527 0.32348212553871186 0.3182245248210099 0.26787823339725575 0.23465493750224475 0.23462463805448336
0.21441949934852378 0.16065689340236236 0.19965000156576085 0.19784084395907017 0.22693522874821978 0.21882972534156092 0.18415023141779124 0.21858587425086815 0.16824988584833914 0.12843068724767046 0.1717883394428998 0.16794531742936641 0.197942536513061 0.23718737170900242 0.29280350802518357 0.38130149255990914 0.3893664689933449 0.4385662545760349 0.4920937033798265 0.5234403128577044 0.4985663883809305 0.541934219092568 0.5350270335642341 0.4785607744832559 0.5113581625490602 0.4672474539064096 0.4525346936692075 0.49218128178143866 0.4547969748872963 0.388506170358753 0.427590984932848 0.4177208553355951 0.3757763209939241 0.3901507042224261 0.3584404276826439 0.4003889043093954 0.4118687399480331 0.4246523525734311 0.3282116865912008 0.29685407301020594 0.3239872007615364 0.3081266190587413 0.318369286490852
0.28543767049476454 0.21611439568211377 0.1973104739040473 0.19294150635863097 0.23591591153599983 0.24476868356073822 0.23097035061940913 0.19630010634177653 0.21412084563220737 0.20735510559776862 0.23204375906539404 0.2621466051399029 0.2963994788336164 0.3143346053298113 0.33857301550051855 0.3688622730989618 0.40287758177349703 0.433061664204825 0.46258649576906796 0.507897626941719 0.5263529957522894 0.5061029535532594 0.5096997579413911 0.4783110203669131 0.477333082444957 0.4826923754111134 0.5060001650050638 0.5163653296338342 0.4709128675363916 0.4440890055955125 0.3981312787357766 0.4077198842797826 0.417894300616062 0.4364397372634276 0.39886987271636387 0.37920542122756334 0.38177042935610506 0.3710148385680758 0.37498741965896826 0.3011456470825465 0.33470996153558225 0.31208738487929094 0.3493465888451976
0.29964605796631605 0.2709030619746532 0.20519207120191488 0.2571297823767996 0.21948209013240882 0.2141928692507659 0.23993389503181095 0.22398152866205506 0.2625100434468906 0.27477140492933694 0.28149762476451257 0.3158268400344589 0.3137129016458691 0.3491473736924446 0.37503048618934154 0.39900050772079315 0.4282987532060307 0.4292645297055965 0.49008245631466435 0.5150823227455643 0.5083663206802228 0.54805599218324 0.48818684872952783 0.5190967378406665 0.47273335895090857 0.47157983332057285 0.47083962612482555 0.4854398786694543 0.4788738334722989 0.3898126049639739 0.4244938558246363 0.42806811164811825 0.44000165002163183 0.4430302856547725 0.4124046552480089 0.389356232494934 0.4310518067069816 0.4262071188973382 0.3632379739074109 0.3323021836563918 0.320751699426234 0.355365639278368 0.3741893002942912
0.24246147933776122 0.2701113157628529 0.231707045875744 0.21990167238142394 0.2025579211676121 0.22349812762642132 0.28033714891726574 0.24270890018350585 0.29493044750529773 0.31900255327788213 0.35159089793921855 0.37951491939849497 0.34500190434818706 0.3831980591970595 0.3870887621545128 0.4431876439636708 0.48080544448175316 0.4738633432261628 0.517553283201547 0.48068635478456556 0.49032322918737153 0.46322925987045016 0.45809119484817584 0.4820235098518948 0.5127900867531587 0.4529037428382382 0.4688493304417215 0.47892333705693285 0.46927523679981714 0.41171358171775907 0.45557038803778643 0.46107894899506513 0.43181628808842615 0.46576987296577455 0.4836045035106453 0.40913280801036195 0.3885752059762904 0.4176295457446508 0.36987233287426474 0.35379297942634164 0.3595706514518862 0.37019372241011633 0.3989820382951181
0.2795202345950123 0.27520439787269796 0.2718448629527488 0.2100586529581262 0.2533646146425882 0.26307800404532783 0.3015484160581493 0.3001782400397269 0.3179284153139044 0.3565085261448649 0.35395351070660075 0.38198871586276933 0.38278827673673144 0.396485785547364 0.4556689326256714 0.48369818761592753 0.5206983369801174 0.5332818307487457 0.4866467956951772 0.4978234107827241 0.4818435410330796 0.4327535204451296 0.4547360098960099 0.46804188895250376 0.49124310375922386 0.4942114772306962 0.48516132345839397 0.4915551534953376 0.5096387303398948 0.4386017351312352 0.4444709351757502 0.4414254867071006 0.47342289189872166 0.5344477359973668 0.49347117155053033 0.4925188381304033 0.4144299580810459 0.38171959643876613 0.3748247377313575 0.36791575532061965 0.3368149663405117 0.3807941528013896 0.36284855949036166
0.24946911382903064 0.25184324506373296 0.253676229258579 0.23766711848800662 0.2341781839200998 0.2472609425549175 0.2760401329325912 0.27381087099341056 0.3360797351144827 0.323037375100836 0.39030707597445846 0.4330270367068354 0.406317215798991 0.4190789608064323 0.4542084409153169 0.459923575609405 0.5037059812929333 0.4788821244957767 0.5070736968683857 0.4776534226191525 0.5024822188616573 0.46501859051300676 0.4824336865813669 0.5061857118639088 0.534652009853609 0.5524417918028072 0.5315702080898482 0.5311077389640281 0.521595510189543 0.4882335133369593 0.4581743732919633 0.4944974953338959 0.5362966855249421 0.5105152664314377 0.4988712883799157 0.4775957992928972 0.43354423472300063 0.4218409783018434 0.4136003382824616 0.37761101777328215 0.35179142060901536 0.3500027466624887 0.35305069012876944
0.2595536656117367 0.24642235005092128 0.2250096745784205 0.17591321858147782 0.2496185413506614 0.2699051879924999 0.2835358445095338 0.3182247009281748 0.30314983190244277 0.3130551768935037 0.3619691824889553 0.41686683289854976 0.4433747036183265 0.4502368483075771 0.4667342562809515 0.4443781069725863 0.5120267104978717 0.5076698779990111 0.491861772249158 0.506285771027739 0.4990834153100073 0.49154346063541593 0.5165846802413044 0.4875003145392939 0.5220572977381455 0.5631332241196657 0.5401917255117601 0.5671328533734841 0.5245822814126505 0.5107519401029242 0.5195933796381438 0.5392242149763457 0.5640293713000221 0.5925917730675916 0.5474739064510256 0.48019171890924195 0.4397868322498785 0.4293842860742275 0.42592922267556227 0.4020701452230911 0.3475672828049133 0.3734547507663831 0.400899220567941
0.2533817177798076 0.22231470587190452 0.17537851713009497 0.2088548924465618 0.21180729874885743 0.2277712893668981 0.2798160628331052 0.2838513346196027 0.3046996201269997 0.3023493760948745 0.35522943451764355 0.42529541827918255 0.4477132073592232 0.4388188179881201 0.4398486667163193 0.4478578760526564 0.48545630471423734 0.5124250687939736 0.5592570940686794 0.526085964799007 0.5711832597840362 0.5417034711225281 0.5127328145916866 0.5429029122449142 0.5919760663859952 0.6107109561092362 0.5732506922363055 0.5827349552775326 0.5564576926101723 0.5472113377657924 0.5534680787753172 0.5794138207383217 0.5627319568808644 0.563917926661324 0.5319340221701866 0.4899470956585583 0.48297100906936835 0.4614232807878961 0.45008950767475897 0.4217752285991212 0.40036819537028695 0.3861558246460584 0.3705542130147922
0.2475769569857403 0.15886222438973346 0.22145618114149976 0.254591250732797 0.20848675050038293 0.1974942476542854 0.2846636079872485 0.24883580849197645 0.28219193397966685 0.3104479343631983 0.36993773692798826 0.45941180758438666 0.43514915383696473 0.4914814442533039 0.4661703912210786 0.4738716204348744 0.5302282904161755 0.5773629074385835 0.5586750440939067 0.5973700509660503 0.6108045161131852 0.5949982877417119 0.5997482881058646 0.5815710104252666 0.6095758390188075 0.6382305296750644 0.6037356393664995 0.6043489843311682 0.5991900722128857 0.5346598480289906 0.5370226134385496 0.5905307222384399 0.5823474445262246 0.613552782794509 0.5171837795672705 0.49579634954228036 0.4715732479748693 0.5531586374155774 0.5109594755163973 0.44584396027616513 0.39133596873814297 0.3918964802332357 0.375540149357096
0.23912139689027198 0.25810740256879977 0.25489342324967645 0.2672506777385247 0.2891180476199139 0.2895101944538603 0.28226805252118375 0.2953674935253715 0.29724650805387637 0.37268856275811413 0.4279433576071832 0.4363261855447549 0.45789838423500545 0.4950147423868496 0.4816456427078423 0.5026071717593771 0.5445618462326551 0.5810665259115692 0.5571137630645352 0.5738258762528715 0.6177894172987736 0.5774337541663512 0.6308733481804945 0.6204809130246539 0.617333811760364 0.6309822262280764 0.5965262863202093 0.5947624925270737 0.590079095347914 0.5265271195478122 0.5203774521070488 0.5555920889176797 0.5338174682220294 0.5184952046860949 0.5504230659528578 0.5120508594893278 0.4894453365381409 0.5117297110509788 0.4930637152042549 0.41449535488115163 0.41638577713029856 0.3914312697290248 0.381796118307846
0.2698880193114325 0.25955701014336047 0.31307486479716 0.30036941462493005 0.30732633519851377 0.3434152187685689 0.3042570491086206 0.3063322014738025 0.337080171319352 0.3767834754155901 0.4100901898871931 0.45461352628530094 0.45679079414118257 0.4930883528866275 0.5077724870858865 0.5851075271401769 0.5657455996514563 0.5451114095215563 0.5902506519796851 0.614091998193903 0.6261105229895885 0.5944603598326031 0.6324066039190873 0.6244871536132451 0.6674360090005067 0.6626610277076869 0.6026852207507212 0.6177473796618536 0.5633654459022319 0.5303959411435848 0.5270686258905272 0.5391315918959655 0.49853384597165457 0.4913111058854695 0.5262672546600088 0.5151793102036265 0.510035468957619 0.4626842560346531 0.4634880733639507 0.4336371530135111 0.42224195986480295 0.41819949952832414 0.40755673422813005
0.3300730380449172 0.3629874447293148 0.32133409498443666 0.3428596953126793 0.35953999659320646 0.38205760525790483 0.3246108836545193 0.3600422158425594 0.3580624560995314 0.38832544978052724 0.4225307643197891 0.4321398578160313 0.473686050436616 0.5176462578751851 0.5090004406270735 0.5378633598833784 0.5717825280702197 0.585858300252943 0.6119789921387123 0.6508278160869334 0.669090179872633 0.6661816685234649 0.6294927795104457 0.660933566733995 0.6417259450331244 0.6767592265331531 0.6638567305480645 0.6815824714406394 0.6109157161966966 0.586633946853107 0.5840418032136712 0.5549060921765216 0.49898785034099274 0.5147062219387762 0.5182271723488884 0.4669974506252332 0.4676595982023213 0.4769390718532175 0.4837406374987411 0.4512720784279458 0.4317348055127931 0.45761558732791796 0.4581162174138305
0.41663528120728743 0.4233226782723819 0.37364784912803584 0.4227337484811839 0.4017200649997817 0.44020483990099113 0.3915115421211608 0.33397072500477865 0.38156457277527217 0.3694103306293837 0.41464663209838837 0.4759094771619635 0.4680378670126798 0.5140000958347635 0.5615772869943839 0.5576944532087926 0.5531661058083533 0.6021918039298985 0.6405064948190219 0.7020203706080167 0.7065271440055129 0.728986242242796 0.6866148026422326 0.6494520050282938 0.6572955799132703 0.697337244974698 0.6844055856566631 0.7142943707961127 0.6630680854703136 0.6185379905665523 0.5716533077755279 0.5324241680524531 0.5424461022622001 0.4955135423673562 0.5254231510447757 0.48286213507274645 0.4582383229791607 0.47737422231163695 0.49866991719093806 0.4540381556085782 0.4450775058840004 0.4662674596623263 0.5234766947991907
0.4587462962397948 0.4477474990423385 0.4118836591975824 0.43947221962938676 0.41157886245745634 0.4366168208298008 0.4101309108535298 0.37706898208316186 0.42940000544154605 0.432714091527563 0.49699310035526867 0.4825245277000044 0.5135736421950451 0.5228302751922319 0.5489435922517959 0.5675972087892719 0.6141562209891727 0.6287469291985391 0.6401923584538709 0.6941387420504093 0.7007469957143782 0.6737436051504893 0.6527475640472328 0.6763112094098606 0.6942273894196466 0.7063011139894633 0.7121639409796388 0.7065998914917376 0.6872173093949403 0.6285924186646298 0.6134317723110496 0.5683750648997622 0.5556534902323608 0.5680658039961266 0.5084582135518543 0.5207861204177394 0.5021887468917018 0.48397259240347257 0.548475905075784 0.49906290858684765 0.5086156282228561 0.5278974322820204 0.5365920993372462
0.43257476313745236 0.4704319587785136 0.4287119401272371 0.4426009277968348 0.4372820237712864 0.4044278350093367 0.45803422050832054 0.4395310943751844 0.5196473513246805 0.5294029300228591 0.5649602213159561 0.538203352155538 0.5497643300596241 0.48818716321518196 0.5128073075930007 0.5719221003565738 0.6573379956195823 0.6490415757131953 0.6250990316355541 0.638248715341375 0.653884295869132 0.6822728672677845 0.6815920589135577 0.6771422801528026 0.6758398319002461 0.7012494530538428 0.7002085386970743 0.6998854341480213 0.7357030611958414 0.724558866924929 0.6534813337259912 0.6459177892233934 0.6278709873537829 0.574265554501745 0.5242173438835671 0.5586599070253649 0.5415433910674765 0.5296383900810371 0.5624602638207892 0.6072544048275618 0.5295936075617174 0.5471575740427758 0.5598972410803609
0.449182908030186 0.4111212782245108 0.430425441735426 0.4277072646557035 0.40542148785840953 0.42747757863515934 0.4412993180169594 0.4718522458725238 0.5430346591491209 0.5869574346110789 0.5948452085111832 0.5827871977348181 0.540657737861866 0.5458413363219244 0.5403513232563868 0.6066323961380354 0.6642156454801318 0.6663641450742331 0.675984559795798 0.650285916202412 0.6470801819321224 0.6471204719350065 0.691012261666398 0.7017808303127434 0.6886404085555723 0.7106202815614188 0.6693913829979838 0.719994192341381 0.7070925191105274 0.7058522156523246 0.7064329774843388 0.6330327767351667 0.5976886237978957 0.5775841041180988 0.5700152738805598 0.5571513749464555 0.575024782159565 0.6165644286570112 0.5974904433898374 0.5674426201964502 0.5633696926393686 0.613053332339407 0.6291434803461643
0.4074924058807615 0.38187209568351915 0.40542608348354214 0.47285897678580546 0.44761439566996075 0.4127201002447414 0.4761725712791126 0.5583118031900912 0.5536687660791454 0.5938206614317091 0.6130369096515436 0.6337504510213516 0.5789772529324806 0.5601531989645857 0.5743030396437061 0.6662110977563136 0.6610631846001588 0.7360287794388956 0.7247073996921565 0.7304280451710683 0.6743445162606894 0.6519579319324704 0.6676142584367526 0.6764511716162315 0.6944869287857866 0.7463510308719055 0.7218308532640242 0.6677306030413902 0.6735823842663665 0.7444581769513238 0.7171007651750901 0.6758199099457055 0.5867718853896146 0.551862381216591 0.6214160757800494 0.6525475173549777 0.604034247038923 0.666990100730223 0.6222606346116982 0.5841830878786296 0.6063200748597154 0.620583541311665 0.6209156117413238
