Raster_benchmarking/continuous/raster-236.asc
NCOLS 100
NROWS 100
XLLCORNER 1743153.6423229529
YLLCORNER 5469287.372608468
CELLSIZE 10
NODATA_VALUE -9999
[rows 38 to 56 of 100, columns 43 to 85 of 100]
0.6767654755449841 0.6869233101660197 0.6710225325333712 0.6269696071175554 0.6552580642421839 0.6706446066245878 0.6749735141823073 0.6310081187701796 0.6702749760707125 0.6811021780554314 0.6836764564578015 0.6502614921633474 0.6503577728260631 0.657949275724956 0.6678869227747616 0.6990201373927063 0.6471241598972454 0.6340966584729176 0.6130851402572929 0.5662123195970666 0.5515161789565018 0.526416133476928 0.5059103642882345 0.4717363624365255 0.4370057905611043 0.4139220282369303 0.4165125171917188 0.4058294377796559 0.34137766645652634 0.3565888886184969 0.37223149512017206 0.36162321866324754 0.3469270290867158 0.355541118964863 0.3257683745015871 0.30760132348835895 0.2908445055616101 0.3197702318669413 0.3029629510958446 0.2569955985142941 0.2364146884307421 0.2780829205813542 0.2833803394543298
0.7225117400611133 0.7223306009967188 0.6654402285565191 0.6901306500696278 0.6726720001087325 0.6973149543353282 0.6937285723955126 0.6315325407335274 0.7019729161848961 0.6851380419588746 0.66950329348513 0.6812856593511535 0.7235743503452686 0.7390717402151253 0.7008526612675322 0.7079816555601108 0.6789168781770737 0.6223324134755226 0.6082926508334632 0.5967931394207602 0.6148029949684943 0.5827694004888038 0.5665114543778186 0.482061866771848 0.5011985376480708 0.4343505088123014 0.456703792903193 0.43008402307809107 0.4157973190438658 0.38031891446637095 0.38721737892443814 0.39859605837500744 0.3911622724235509 0.3146183048480397 0.32849093261183665 0.35961254828171857 0.34563715776250087 0.34163204535285085 0.28259749436378884 0.27507025659566914 0.22508165605365552 0.2265344379528064 0.25729220988820367
0.7305046415237342 0.7256126942346096 0.7013111432145865 0.6724608823261902 0.6985895273967987 0.7135198970336041 0.7049724145595365 0.6482632291213887 0.6946402848786652 0.6688922396131833 0.7031543619404496 0.7053338944854392 0.7174384722349161 0.7236839444977147 0.7306899403340528 0.7020042535919677 0.6694691696614925 0.6622987299819273 0.6317532914909948 0.6701389961181953 0.6777512210042199 0.6737610787472486 0.6054724628594298 0.5328968846842587 0.5208358341998811 0.4868147403525559 0.4918617472083417 0.46324557962963525 0.4613678917821138 0.4178706945263911 0.3922416121103998 0.4192954657855701 0.39751589273537563 0.35430262637285126 0.3460489784054916 0.31046009905211197 0.29392280548726535 0.3151020883786798 0.32729929012372805 0.27321929994759364 0.2980475263593502 0.2739446519293391 0.26569367903368807
0.7165244190410536 0.7111047195994727 0.7381427785392047 0.7263697113275214 0.7616444256135564 0.7459971259432813 0.6974975919485217 0.6390666616489572 0.7259573118401852 0.7100721736453924 0.7247791876853392 0.7345439831692105 0.6877848996068121 0.6885679088308894 0.6637885728757164 0.6760678850267273 0.66236874927324 0.6862226836589741 0.6738209460972361 0.7044508286966785 0.7089333995561102 0.716658317924458 0.6895944830781235 0.649366919005137 0.5732184607067414 0.5180747451811802 0.5543751525884383 0.5515612486638588 0.4762227640683507 0.47455933333080313 0.42891833153455156 0.4367214111925346 0.42288012946100617 0.3660550747073389 0.37939378803445833 0.3348319688070066 0.27350707119963225 0.2590044520236477 0.26924088003305724 0.3130796040850473 0.30650837174211487 0.3076227209673487 0.25817373040606006
0.7466589290108679 0.7062023362278047 0.727873306672311 0.7247306480051269 0.7391012009253592 0.7326935706612878 0.7526015713451973 0.7048910588588313 0.7343965221011622 0.7211830945899169 0.6976397905485838 0.7022215681270833 0.6835296222033233 0.7201289311765181 0.6747605234982382 0.7230948562473202 0.7019463638139098 0.7064953707079581 0.6730565369711333 0.6876199501909108 0.6871793380346043 0.6912523149307818 0.654787875999496 0.6510236890121704 0.6212572334481762 0.5707163518816666 0.5503643651825344 0.5608512171813055 0.508412205243767 0.4846311196244614 0.4816682431356961 0.4575583884636153 0.4091351951141219 0.39320365322968825 0.37775415460964706 0.38083354256602947 0.3245615662733238 0.2568668231714397 0.29036584181785524 0.31951110034334185 0.2849916169297103 0.3182635110775841 0.2664453603594444
0.7335992573494273 0.7482821677992255 0.7812907598628155 0.8159238320724559 0.8045489004535623 0.7563517969397691 0.7822504106147682 0.7779921078423485 0.7065137726139313 0.7055517649482015 0.6994401914949688 0.7013611195562953 0.7509797305710069 0.7302344173129924 0.7193651144407402 0.7202611916250835 0.7343097911153891 0.7165036333140203 0.7144498634492326 0.6493480693756273 0.6996145733190652 0.7185814889271988 0.6551844926658247 0.6648362341660236 0.6253574722661671 0.6085276052051332 0.5707011409817199 0.5959927424986882 0.5893026870420609 0.5473991417464779 0.522433055262863 0.5135030512414287 0.4636068687054677 0.40475600758798697 0.3795638541707851 0.3753270325086118 0.31618111346639044 0.27392275275404915 0.2818172869575704 0.2663527321762714 0.28162788420561297 0.28584090511285887 0.24932856792589586
0.7765921208455138 0.827087834463539 0.8302834534836455 0.8039692937992629 0.8022585270347259 0.7963595698124359 0.8268397473313391 0.8034579368043242 0.7355688875962447 0.7024107539534779 0.6949686212108703 0.7339335588832079 0.7563197064287228 0.7864918453508624 0.7616801637066193 0.7716086465076649 0.7233089006522372 0.7378937923750191 0.7057969012939478 0.6463997395905926 0.6805035192110688 0.6488634352744688 0.6568522752267113 0.634174513599041 0.6302876852044907 0.6189768760536734 0.5615539971737393 0.5689879933541204 0.5844704834617735 0.5462672910309352 0.5607834494453078 0.5395250358023379 0.46232230654034795 0.4072734640693371 0.38084351617458473 0.32541671131547906 0.32975543006298436 0.2702562191329358 0.25509786022995107 0.24937059671273368 0.2276538364531862 0.24557423874613948 0.23757323598109858
0.8498077758159038 0.817342361574389 0.820429098022393 0.8604372445452957 0.8229738681500973 0.8672102019231968 0.8230247181848671 0.8132994189850656 0.7568520899168609 0.7356052579793466 0.7341397101047412 0.7323849377473158 0.7284033008556852 0.7921342933077706 0.7944598820364434 0.7601732633088526 0.7421935122450483 0.7505071192413931 0.7378341422087831 0.6727778142596932 0.6726413907865283 0.6381304294010579 0.6466088642371413 0.6456628742109662 0.6279101284343277 0.5996139269377994 0.600324055169025 0.5642814601252987 0.5223124646422723 0.5176319075323118 0.5423870919467123 0.5364872470485439 0.4344933308261572 0.37326863990018067 0.38640227935325305 0.3060162004249692 0.32474779153622535 0.2628070512185878 0.2694010137722094 0.19823692896310222 0.18480976510178843 0.21000759361063784 0.2128169871453821
0.8503606085760281 0.789516457599006 0.8233114337871179 0.8546987351319512 0.8983671442896106 0.853437603402713 0.8105068131438479 0.8307220696194682 0.8007855224108157 0.788168067051527 0.7410086050138932 0.7508866198709045 0.7466093935377485 0.7470776967450559 0.8038953603510208 0.7764529888115818 0.7346897355813247 0.7795315219886403 0.7575108292848491 0.741393852665666 0.7272545674988683 0.689300871487259 0.6774678965691183 0.6713158859845166 0.6638783607539056 0.6385346833888973 0.576174600385834 0.5721653773815485 0.5523144900364952 0.49275483365962963 0.5102175136595827 0.5227022398304895 0.45722801093734744 0.43351739878315126 0.40411760151868004 0.3140332287227842 0.2814694378579869 0.27869352434119476 0.24187085337528672 0.2179590445416591 0.1847221519371675 0.16272879383730146 0.20223665175037514
0.802895767852482 0.8034791372898225 0.8190455701161953 0.8665323650154505 0.8657819095022141 0.8793783524790383 0.8160527971020346 0.8046571419831531 0.806115445228025 0.8223037684409044 0.7653706537591279 0.7532353787897148 0.751920747055699 0.7683708035703507 0.7678159960800945 0.8069059201444408 0.7518976785841022 0.7465301054763026 0.7249915814492001 0.7505756876384069 0.754310664761665 0.738345668331735 0.7007854976595703 0.7051489123582408 0.6610236286201427 0.6223630441655721 0.6122515328038792 0.6114466545358559 0.5863271528482409 0.5227764131756387 0.5074462663872167 0.5081403534525227 0.43715854997611553 0.41638240008300803 0.4098448371978938 0.4002024770723481 0.30924367665935487 0.2529864156647654 0.2416579863138799 0.16167739267905937 0.18393076973641184 0.1521854076066796 0.19370495915436647
0.8031292002292549 0.8006242459324723 0.7870147417826189 0.7994369153750106 0.8692061087653611 0.8417190964328981 0.8890044330066916 0.8321681699883673 0.8181355461166825 0.8409179100070387 0.8430081511656878 0.8370065376011537 0.8179956861058806 0.8000745887322093 0.8222032579535998 0.8164448914060344 0.7574144163782442 0.7421543362578564 0.7828323467618885 0.7542511608343698 0.766161476169817 0.7256299151740347 0.7266820243522163 0.6963894567682842 0.6865522135690845 0.6636591969959634 0.6013175482148564 0.5491422319962428 0.541889109149371 0.5455731173021724 0.5485674111610201 0.5320125544223202 0.48087501110045405 0.43675584508140497 0.45986433746978744 0.40061162265178163 0.3255779792155349 0.28886051645306443 0.22934634365078935 0.2300616428969144 0.21139817011907 0.1737841441624381 0.20929212924089421
0.8117294336587024 0.7921303599798565 0.7994685946332588 0.79560673728377 0.8203981710857149 0.8349218987033981 0.9246110368689759 0.9281465202978899 0.8833266987658823 0.8536779938900076 0.8711403329160529 0.9074822757539137 0.8613095510966762 0.8189003482502162 0.7867684769036193 0.7867364536031476 0.7906017307681229 0.7713423772869477 0.7811018401435218 0.7803206444244579 0.7494556136249326 0.7790357152577863 0.7584228644450333 0.7454187714648978 0.697588524538629 0.6317098630989374 0.5992812325873692 0.569865958195013 0.5610748683553505 0.5296956262205961 0.5205398126829814 0.5512969445335418 0.5087144215155611 0.48912746116294537 0.43340275509451104 0.42184833444062053 0.35072605442376353 0.339671101247456 0.25876256417860805 0.1951516699481467 0.23100412745738821 0.2125073912915991 0.21548332576011867
0.8383787200571117 0.8292694656244829 0.8265328355685642 0.8043323097909295 0.8186763958088957 0.908717925791715 0.9394443135296717 0.9386117178967145 0.8693206311425605 0.8813066312942874 0.846337576199257 0.8920440698734755 0.8948879560439932 0.8783037309250773 0.8169146893661984 0.8181095530892353 0.7849791589683199 0.7870702777971418 0.8112291659212987 0.8311733542291154 0.7824856921717092 0.7550455204668168 0.7655514513341394 0.7519362590131368 0.7559294778099753 0.7304821632177664 0.6705049928358615 0.6083535794989533 0.6103610606138097 0.5580297331348522 0.5590370403365128 0.5334147704307868 0.5260681084121178 0.4982563993014275 0.4505931952372969 0.42581520760901465 0.3564843610683796 0.28679536426087826 0.2383640939717228 0.1971427444628534 0.22114281378933112 0.2219273837529526 0.18762855351441637
0.8583633438658171 0.8498287387641967 0.8251299725393446 0.8486558522445471 0.8459847610122093 0.9321233739836473 0.9462303650198975 0.9551703793455412 0.9249187231901606 0.875029843972335 0.8782880748080739 0.8794970924430559 0.9188977768993316 0.9015149714702598 0.8394728592116967 0.829712584188902 0.8416271903053362 0.8793607114257262 0.8812941486311466 0.8674080946085739 0.800219210628246 0.7906396979158524 0.8105085296171531 0.7816365825924857 0.7640970895283934 0.7307164713381437 0.6867418254734611 0.6464892931319359 0.6354849165372197 0.5582042637508344 0.57936440337598 0.533859304833555 0.5004425846591154 0.47261428562892355 0.46686290476558895 0.45957545522999815 0.34757093697523805 0.26385940708440025 0.18926648320767503 0.15649789017564986 0.22351784503644373 0.22034381282792923 0.17061490213245434
0.8578429437201547 0.8491074808197671 0.8193122395011238 0.8780946769598217 0.8818854467201817 0.9161418631600536 0.946199049437022 0.9644391826850275 0.9222671462904195 0.9112372078481573 0.919299012156158 0.8709208426800801 0.8632052578304874 0.8759539519623633 0.9001153500900464 0.8911316603591517 0.8820987796008914 0.8907310024778385 0.8598237782355408 0.8020409565336117 0.8120608419074945 0.8154210319417163 0.8090889461390179 0.7552318970766735 0.7677417819069016 0.6811903852713911 0.6485151505863932 0.6435909180466588 0.6139586172749557 0.5849328519083571 0.5815233453801435 0.5865981501345158 0.5137197115893924 0.5219186491028456 0.45777033171139275 0.446653070876893 0.3669392439078431 0.2723707552540337 0.20643494175785657 0.16790576955837472 0.1867069796140018 0.15770801237585186 0.12783811967489
0.8114310754523247 0.8268469318528877 0.831403429643572 0.8410789683646049 0.8645010192940156 0.8710430493530192 0.9150739856627912 0.9686263654526418 0.947953530332824 0.9503274855106087 0.9027012568161116 0.8926254761888871 0.8967875535443957 0.8925580631253692 0.9092211527155463 0.9561240647420621 0.9127344171780625 0.8558785595451814 0.8671897867532161 0.7910351842220994 0.8136788289495981 0.8234946666675759 0.7993890588010041 0.7674949490226267 0.7320423377801862 0.6739368197551601 0.6547232960246928 0.6463462560261509 0.6512609314690967 0.5800070199000685 0.5671388995809308 0.608943514197485 0.5592916114072413 0.5377715900365655 0.47897808968562866 0.4735345342307612 0.3708736416303764 0.29924617162383743 0.19904669186008692 0.1596438549927916 0.14687151942161272 0.1653455461548287 0.1173345363365379
0.8309335220642501 0.8343724238791875 0.8538250690664525 0.8633244548849723 0.8115410257002115 0.8691551225717069 0.8609308803222242 0.9490232903716105 0.9260060847520576 0.8994308223780055 0.935649529933104 0.9231971864573376 0.8766498759287993 0.876006005847772 0.9079054537381196 0.9081398240874197 0.8626861815457125 0.846580998005172 0.8585894573337183 0.8535847637769565 0.8126946461765102 0.8354769681796312 0.779559975451178 0.7461401569344264 0.667265610272884 0.6623295164061559 0.6409853170975958 0.6613307634496023 0.6346836745153606 0.6181197473423029 0.5724005687183277 0.5962137862865555 0.5542992380749254 0.5310703079867513 0.4781189807613009 0.4134410211718302 0.38604177768966785 0.34151683800152133 0.23434022184901018 0.1616560808468483 0.17579412582527704 0.1512325761747058 0.08821712717742847
0.7905772021507302 0.8691364589452792 0.8221991324299779 0.8256277754882959 0.8141927299034711 0.8121096610348235 0.8338604366915564 0.9089955687320812 0.8859325364214917 0.9110442240286093 0.8962689627762437 0.8797030230616054 0.8945184196627708 0.8483683160972011 0.8959706102384006 0.9078677650435741 0.8874690242245213 0.8636348648009703 0.8626693601585208 0.8157437562417246 0.7609492621804629 0.7907125766415493 0.7723793738834382 0.7014089405648373 0.6765971424698609 0.6365539162887206 0.6360081398039219 0.6702948584417029 0.6477253098200724 0.6315872171482388 0.617698940410172 0.5975780796083934 0.5328378897235061 0.5088174173530768 0.4306044960578031 0.4158446595551411 0.3414843957372825 0.325226580686749 0.23767281744392027 0.14453242690683704 0.1720479918122905 0.11907066630174877 0.1193913470933193
0.7726419175571505 0.7770073089084376 0.8422417093363673 0.8484044004963617 0.7881183519684778 0.8028339066671943 0.8596997231741257 0.8976692935349997 0.8612417339186687 0.8440692078040772 0.8189239351804136 0.8370931094479942 0.8465207080712608 0.8284443765710403 0.8099284464162029 0.86800935964837 0.8560373891939138 0.8172124259355094 0.784506337029727 0.7713142170377839 0.7364414302000899 0.7515836232816834 0.6985794939044875 0.6658614531235322 0.6869817935703094 0.667670689991563 0.6163256861477512 0.6221747756457786 0.6227217638426047 0.6214796868764905 0.599113286335082 0.5804295846378613 0.5269071437883842 0.4604162052417201 0.43663396841722063 0.35659429139937937 0.3245288760974629 0.3165472298972161 0.25801531658615456 0.20193866745942166 0.1539498953542462 0.11004459524708189 0.13853704817948512
