Raster_benchmarking/continuous/raster-206.asc
NCOLS 100
NROWS 100
XLLCORNER 1743166.7231773664
YLLCORNER 5469287.802790396
CELLSIZE 10
NODATA_VALUE -9999
[rows 38 to 56 of 100, columns 43 to 85 of 100]
0.6054397861646124 0.6479027211915708 0.6600291266190499 0.664591356537981 0.6842830442985431 0.7061811068324184 0.6900305476235113 0.6822282370963038 0.6672848361527466 0.6928186511347046 0.6745373638735366 0.709697103620812 0.7073782513045769 0.7396898064463067 0.7625346034757633 0.7540995986517723 0.7447802106168614 0.7260241036805343 0.7444492932372208 0.7342204149851814 0.7242509417071675 0.7583901981481224 0.7547320735792429 0.7312973618528928 0.721612768076066 0.7104242302582597 0.6841029681999758 0.6732975089490063 0.6717583722054679 0.6518883096512647 0.6629160400635967 0.660787482958356 0.6619246989375607 0.6362499753712142 0.6625755698675994 0.6289841960247049 0.6153125192329585 0.5976564276513526 0.5970217211940289 0.5951083051276532 0.5703347091980416 0.5667139488947098 0.585215042076727
0.6177695660501826 0.6207956566862827 0.6586732220183863 0.6548625254513 0.6842539742686666 0.7088056237234429 0.7105857663472929 0.6830495073213909 0.6803587208810725 0.678881718025617 0.6738278696279508 0.7045473790043008 0.7117234550832183 0.7523060391364804 0.7507445549675916 0.7574610513097416 0.7350855366069324 0.7507546618599465 0.7250086621842092 0.7215760855450727 0.7394496756989599 0.7707775834898377 0.7358519383450715 0.7168987126148058 0.741428299508251 0.7073821922873575 0.6871253644476091 0.6678768565317434 0.6863573441166738 0.6776908920335438 0.6992668822336658 0.6887069654212783 0.6877940719170171 0.675908270205114 0.651147574136062 0.6377214747168878 0.6546223981447942 0.6565491756568895 0.6517983585353128 0.6183684301567582 0.584447508583989 0.5646730226232606 0.5694967280136907
0.5856564619373251 0.615949466024876 0.6192978328185859 0.6677860148244354 0.6671045927449607 0.7071113548097867 0.7030457350025328 0.7074974320982953 0.6988123194949009 0.7062961706140374 0.6892664434979389 0.7138333939034415 0.7137343317475034 0.7256459315768797 0.7275003006840723 0.7272531231284627 0.7180781426064088 0.7309227512115722 0.7450220128487016 0.7307546707627609 0.7447791462947775 0.7409215820654045 0.7609115640706327 0.7357570988930673 0.7416967942526798 0.748947441788739 0.7199076082139445 0.7170079463177518 0.6833747213420751 0.6823250537767318 0.7074091051236792 0.7146669879431525 0.6998034095535157 0.6977086076575139 0.673734354043087 0.6640033025798007 0.6500757554290924 0.6484436300929184 0.6758321444208857 0.6346211535188947 0.6202179358889681 0.5910184718676789 0.5830405737084832
0.5829550707407719 0.617375691120071 0.6407297042639414 0.654369304666003 0.663708769953607 0.6876319778125585 0.7067709214647462 0.72268792954712 0.7076153970538221 0.6814371007461433 0.6969593851658513 0.7080655786183029 0.7196370000721927 0.7315615486308835 0.7045483043266619 0.7214293843572607 0.7203765861721798 0.7213860621891329 0.7324922710918307 0.768274002637292 0.7400688823019294 0.7541307763654277 0.7363885682945479 0.7338957047424864 0.7263751159477857 0.7502858703411422 0.7263200830822493 0.7248670725955898 0.6793553104359973 0.6839593701012571 0.6842200881595054 0.715766026681266 0.6882824771578667 0.6672053867401521 0.671878538769702 0.6979516783262323 0.6973220109479067 0.6848301898164659 0.6843062060460571 0.6691795109361964 0.6417646230395364 0.6230817490331733 0.6052976013173956
0.5777003492424723 0.6077542323576591 0.6143288239863927 0.6466992025392857 0.6741439063320545 0.687436537878913 0.6894575594470007 0.6924145169069421 0.6995705901718541 0.7035858506410896 0.691969226620061 0.7031868516696544 0.7002734477151931 0.6937859253277177 0.7081482142575356 0.7129530306099625 0.7204021263418984 0.7246229011572861 0.7301345433861577 0.7466907850320785 0.7527077661066024 0.7419884312395424 0.7590002162490416 0.7412806733980564 0.7353668641117934 0.7550064322509048 0.7495718128658466 0.7180881382230048 0.7041348103652744 0.7132174427829784 0.6955245155770116 0.6927062275036915 0.691801594670714 0.7007102334893074 0.677369806435004 0.7135261853107301 0.7228427415685572 0.6968923294968395 0.6922964227809418 0.679633836105666 0.6379143230464254 0.6327235836286941 0.5828572698999007
0.5579757124198258 0.5588859355284009 0.5887370168100096 0.6368658448381921 0.6848751044350568 0.6970023368672917 0.6884123382000358 0.720116375614968 0.7074410163229131 0.6806621209862161 0.6646657367938119 0.6834528773503454 0.6597352839610456 0.6670832327940476 0.7123636776127379 0.7232019142638124 0.7196768307747997 0.725861933426856 0.7355852531530989 0.7232749496712456 0.7530289017334358 0.770063147458026 0.7494352003425652 0.7495499412008862 0.750303882331132 0.7690137393424682 0.7608483431808835 0.7181272384308097 0.726531558786664 0.729418588793525 0.7082757606942847 0.6844942291382469 0.6956512759804768 0.6913796038144148 0.6967989354261007 0.6912792293714114 0.7305520729069737 0.7424550103908774 0.6896134948948769 0.6724503225229447 0.6365558131720299 0.6359086104591212 0.5826257126305594
0.5759734855849827 0.5654800432990867 0.5802463984416225 0.6096031948097228 0.6634779434623568 0.6798612814243561 0.7123816537783946 0.7086941397052118 0.6823556873562747 0.6618255171667135 0.6538711650536332 0.6513605395782477 0.6670532340104276 0.6759010244204094 0.6924928675810267 0.7073080076630951 0.7063831201088238 0.7067607409197493 0.7219923875342827 0.7256510049357006 0.7328346859298879 0.7373285824163296 0.740504877407806 0.7407543157431349 0.7568411597150345 0.7475547219200029 0.7545208479654308 0.7139849524584168 0.7185087163045005 0.7208653815041192 0.7047346715549471 0.7056200888999897 0.7005883431120813 0.6829092516011512 0.6798187478743162 0.6744148122612627 0.6976446865579511 0.7205502116957749 0.6900778591505203 0.6434839424232214 0.6333127005738693 0.6169448746126465 0.6080002535073854
0.5611231270485876 0.5807785566995797 0.5970742934146317 0.6112596289637826 0.6493272923376971 0.6429297296285261 0.6881191453674506 0.720007575189645 0.6943329904913949 0.6681106564769604 0.6409962816322787 0.6465636291866687 0.6780139735214861 0.6890298995240551 0.7128761974163528 0.7124390181433011 0.7237766572596913 0.7286542235986765 0.7294694413977953 0.6999388141146138 0.7305567976620922 0.7284148356130918 0.7127629127036744 0.7203349802786342 0.7459129033291207 0.7308242408134165 0.7560510451370789 0.7241680091695756 0.7128457873878985 0.6998514102091485 0.6881910511266985 0.6946335731831512 0.6788251909060344 0.6905168259620561 0.7028780185904454 0.692065609304126 0.7044582028380221 0.6996933322680267 0.675594811312127 0.6402548961352487 0.6273877150613338 0.623066627539597 0.5785680630791139
0.5617361512820376 0.5807676747799874 0.5813631430368471 0.6164226642534164 0.6448114729635943 0.6493030745276314 0.6676624004259666 0.6823911253325917 0.6831144750498135 0.6663642874064761 0.6625135393072363 0.6559563880233906 0.6488505497778256 0.6706526015443842 0.6830109794838959 0.6875520131227212 0.7180065119710741 0.7193055809066762 0.7262396784021173 0.7352918000387683 0.7111796304704777 0.7186890754029607 0.7006971555595636 0.6896899896524763 0.7128414675503221 0.7343963509929413 0.7359957269777867 0.7312684532726851 0.7327850999271299 0.7044247673170061 0.6908999721354141 0.7014231284932066 0.7060485533926023 0.6857755556083113 0.7058263085605738 0.6933404803432605 0.6798392712004072 0.6942079967730262 0.6528132984215204 0.6234688157443598 0.629566920664325 0.6251396103575536 0.5772631544002624
0.5678027035192229 0.5681308734752566 0.5886284165853679 0.5884038448894214 0.6148526978935589 0.6748432698631237 0.6912262287230493 0.7042151645210181 0.6815013188712113 0.7152497830026199 0.6601611260154023 0.6405426303072086 0.6607263048518833 0.6448101500518639 0.662535080385463 0.7004748360132815 0.7138489744810663 0.6950234287183222 0.7235347346844611 0.7245516626136982 0.7012244219910532 0.7237981923114408 0.7207011425764358 0.700809738174806 0.7212817590283912 0.7063473796290703 0.702589799948711 0.728639512726675 0.7289242883836403 0.704031982205848 0.7047552750668996 0.7288235851286244 0.7151877739790035 0.7071225849255495 0.6953740812385963 0.6878169936363463 0.6736793039974751 0.6737427222113685 0.6565992910475216 0.6146187966326502 0.6108295424113666 0.5950692896796641 0.5593068734815001
0.5754233455714818 0.5577988212699988 0.5880700237925949 0.5995882594241593 0.6225174490062995 0.6743735912997759 0.6865744483109594 0.6792460770004155 0.7000163256040555 0.7053375613525984 0.6742535181532108 0.6598190372874166 0.6720224843607576 0.6577100765262341 0.672679332470518 0.6832236805191363 0.6965927156687001 0.7022933040769364 0.7044937291542597 0.7137681691485989 0.724754778720313 0.7452284006730447 0.7387137045184424 0.7170360288452086 0.7009845620092602 0.6943774913020473 0.7060016576244734 0.7091886162478583 0.7239411891619772 0.7079175473533461 0.7009524573571394 0.7208810272997072 0.7294960888902401 0.7090928488354845 0.7122769338123 0.6858572108210206 0.673804676584343 0.6592558140218608 0.6589367173205489 0.6250069382589439 0.606611750888455 0.6043752195163966 0.5761627414435823
0.5641064551778647 0.5495022611791799 0.5869926485186677 0.5951595686199027 0.6217298854117812 0.6440256186819079 0.6739932900007806 0.6830154051349339 0.6820708768006329 0.6572174169762734 0.6844897862445662 0.6820422607693025 0.6817238910707102 0.7038114759830542 0.6950072488409219 0.686293573308875 0.6904964798499762 0.7186830444966634 0.7354979869927825 0.7427320883909495 0.7314207555126369 0.7307517038798926 0.7471857772058704 0.7330895903819578 0.7251947412948089 0.7277053515496891 0.7197024550948261 0.6765482701586916 0.7039240519255289 0.7232487890631225 0.7057931427587997 0.7261299961619718 0.7154020665183255 0.6947204026219961 0.7146112719596586 0.702821626423047 0.6822025353734628 0.7051600354707522 0.6827996541427924 0.630252641455255 0.6102389042441446 0.6016758910738284 0.5685388080899026
0.5573920556280177 0.5378923941478211 0.5633702297555673 0.5903631892512147 0.6074009950133753 0.6132571775227289 0.6492758711221728 0.6424438596986544 0.6453857765287185 0.6574769606760487 0.6658702312183953 0.6752086516819916 0.6945350103205898 0.7002846262244191 0.7038074035668467 0.6961034283223652 0.7271743336287765 0.7079925181261677 0.7156060810867091 0.732858837040708 0.7443925772862687 0.7180614470482293 0.7299494104138415 0.7264369119168166 0.7415421555444106 0.7417066124664683 0.7072414613932146 0.704086009101338 0.7088229599232387 0.7050961790102953 0.6943606414517882 0.7053261590273391 0.6991690609370029 0.71446701171208 0.6876046853328668 0.688449770491906 0.7095927667415385 0.7168641109528688 0.6799924910788341 0.6444383151585076 0.6455261089338277 0.5908688789194302 0.5894623264311409
0.550919462519408 0.5399442551353248 0.5709433017254074 0.5579929768802261 0.5771848148926151 0.6266958802828118 0.6360175159524083 0.653105416932229 0.6425715159478704 0.6373644754211852 0.640791043700151 0.6528947598000867 0.6625262539995569 0.6814573458866192 0.6987569373936979 0.7141020459578716 0.7296441183401099 0.7355762371974676 0.7340254562026646 0.7410643524557992 0.7255250219643328 0.7415553921982538 0.7628848455555861 0.7508474096894099 0.7540082595198263 0.7200538400845198 0.6972827153951444 0.7088880505747067 0.6833212361039719 0.6646924379394641 0.6923637247659518 0.7066782445731742 0.6988657193818191 0.7034035883454839 0.6992851394669095 0.7206305800246774 0.7258383242305069 0.7015542003632029 0.6704641746316673 0.6775282699561255 0.6595713197500537 0.6021501225931364 0.5818198277941233
0.5338274983421274 0.5432789568195034 0.558592337506933 0.5632865332453587 0.5829219087480086 0.6006569508075499 0.6387624056929212 0.6434819939961157 0.6175548316740339 0.6240608856919628 0.6285320767812155 0.6269877447266761 0.6521541540392432 0.6907579546148657 0.6887144880796613 0.7122774715830325 0.7073204687316167 0.7109254915575768 0.7067845323786569 0.7258846003674377 0.7509052425442531 0.7742013098267453 0.7636619813156674 0.7607801435154037 0.7556672722911414 0.7376666631121899 0.7023750013210588 0.7078397278608085 0.6755691428449867 0.6635191120907388 0.6796827653054475 0.6796495995343286 0.6935993313080779 0.7128997977683752 0.7034585302073421 0.7142914308129905 0.7273054451694024 0.7300685302498987 0.7019284166349936 0.6769164730693112 0.638691888215412 0.6202558995565527 0.5649000819717571
0.5661789226623949 0.5805142383644044 0.5869268138257346 0.5897876440759405 0.6176109262627755 0.6240139743172081 0.6388606234539008 0.6231662880833432 0.6141385978591498 0.6022251197373693 0.609380232528413 0.6196604563187127 0.6297123510787536 0.6708502338904953 0.6503835005261069 0.6665117886205183 0.6808237214604398 0.6873334940334052 0.6904909366172689 0.6987148809224312 0.722671852660776 0.7616830323675071 0.7581158895721112 0.760263962548513 0.7578354301600596 0.7142889263329075 0.7089622876412147 0.6896056346431243 0.6832621196042836 0.6935900508520105 0.678428713327674 0.7014297925345849 0.6915913499250839 0.6790216259254139 0.7033982931738851 0.7275999132979154 0.6989809219222768 0.7126016048241031 0.7003048137623238 0.6552677901627403 0.6244482062520479 0.6099881560597634 0.5791089744757376
0.5715012450620744 0.569932035507804 0.5693815174414368 0.590073794759104 0.6050503518543155 0.5898919531396305 0.5949047740898418 0.5895799184792976 0.5972576214603433 0.617724439845145 0.5985385928479878 0.6004046307961765 0.6363878235690886 0.6187650484021323 0.6542526833708817 0.6528967230855166 0.6480171051238313 0.6648567837775974 0.6826866665988006 0.7031154317173287 0.7028011177766867 0.7259192765767085 0.7344740107549121 0.7248337876279254 0.7299332138044609 0.7278588555302989 0.6820684030141126 0.6756649484382589 0.6819602702920957 0.6867177384095211 0.6977883120845423 0.6853223653611527 0.7041101776769199 0.7067023991235687 0.6915787922240826 0.7052760732249335 0.7064736164240571 0.6930912148363453 0.6671099133495502 0.6400992399670246 0.6277214813126509 0.6020577707668768 0.6092232992319198
0.5662158154156832 0.5924557804313912 0.5651805232828732 0.586399936476309 0.5732927229926305 0.581621989648445 0.5834970337455061 0.585330421711912 0.6080769025898103 0.6017702455489506 0.6114367033803725 0.6034929351916151 0.634088781248184 0.5930568950321007 0.6248046338229868 0.6159282949379725 0.6252279395609258 0.6366496544436471 0.6584648436101592 0.6484808346088293 0.6794244388247273 0.7363599696762745 0.7384490892768932 0.7278224858285239 0.7374220178322148 0.7137335604945122 0.700555910084619 0.6851858273044257 0.7014256804957966 0.7193316937523864 0.6914147079373651 0.7103388941392054 0.6936334410000485 0.6934593120924474 0.6882938938012917 0.6816674253054998 0.7095300755868998 0.6994651538303609 0.6831643807242448 0.6567333345683581 0.6406489025406611 0.6266676762377793 0.6212423399160811
0.5461459454858254 0.5420860885471953 0.5598299406840955 0.5491231107202816 0.557128673363436 0.5548695603360975 0.5677386594954399 0.5683876792394227 0.6098826789582766 0.6142162586318964 0.6204329962164545 0.6359127353577193 0.6355116176245706 0.6189993004121858 0.6268388730289554 0.621854888912812 0.6284023296389052 0.6322287891631992 0.6393451102814193 0.6521751850287357 0.6622807913657647 0.7132744549760563 0.717612279535307 0.7093093953943505 0.7254397485197636 0.7101667709339073 0.6900202598354765 0.6855525479003122 0.6893666774820559 0.7087344501819244 0.6842191312732305 0.6967980611990743 0.6930820609108094 0.7111855884033342 0.6957953842244193 0.7087934423732803 0.6959715433735433 0.6983723467349843 0.6778867554977022 0.6678650642046211 0.6415724828964079 0.6295268944948654 0.5899112574209925
