Raster_benchmarking/continuous/raster-155.asc
NCOLS 100
NROWS 100
XLLCORNER 1743157.3719232855
YLLCORNER 5469289.264097283
CELLSIZE 10
NODATA_VALUE -9999
[rows 57 to 75 of 100, columns 43 to 85 of 100]
0.626112217496755 0.6291433792142269 0.6082610502666635 0.6185040107493237 0.5970513465769706 0.5800078550720775 0.5650399636562263 0.5832858005290487 0.5737243713487307 0.5625749764992583 0.6025229897984422 0.608333645688828 0.6119408849042747 0.6180687454837807 0.6492716904346085 0.6729616915575549 0.6717400118339307 0.6617016661695349 0.6278193477732626 0.6346456861122216 0.6014902969033059 0.57812482625967 0.5701024757698796 0.5475527751785162 0.5534544106940129 0.567246007702797 0.5595647520719798 0.527435168360378 0.5295638161979845 0.5174151664688932 0.5025482708446395 0.4964347972008424 0.4955509110018018 0.4616691975501184 0.4538420635344381 0.485068617039319 0.4952865521118523 0.5060004841598376 0.4831484165462489 0.4247796657262793 0.39851198981974306 0.3836354686841198 0.3777288260407703
0.6368848315968544 0.6272062272595265 0.6399543491447626 0.6422054652255059 0.6283474214127304 0.6119341665727536 0.6154705483748789 0.5999875251414872 0.5709357538086564 0.5827889723635509 0.5909885873085617 0.6007816057744116 0.6266179946349719 0.6341716814243654 0.6607038693192255 0.6598524999888089 0.7115932301311699 0.6631141363990966 0.672423511902541 0.626021514543693 0.5913984790702196 0.5925269094926537 0.5911710235707209 0.5553276222679625 0.5396886073569179 0.5489098799145177 0.5360939560755592 0.5248806785919092 0.5204163827980811 0.49245081054974216 0.5009777265832797 0.5065346831559493 0.47633461528649257 0.5056586998638118 0.5022781688612074 0.5048922954308432 0.5242748148056481 0.4989445883628053 0.5051625872726466 0.45410439371604017 0.42111955851303723 0.3973236870065213 0.40036002014608285
0.6520517703873895 0.6429302259914847 0.6335814153588375 0.6253123181643914 0.6442589499897041 0.6353405860026493 0.6449394193413021 0.6340391374916244 0.6276120678853633 0.6357175559545952 0.643104843710963 0.6363918859186711 0.6348022151673964 0.6543647873182676 0.6680298988899624 0.6585407051708092 0.676946476115362 0.6754962914689262 0.6811059465971565 0.6096307439992347 0.5681278084409638 0.5669966855671899 0.5300815738250054 0.5348441680513145 0.5264759715134171 0.506859674688523 0.5033141028495783 0.5394418000498838 0.5412265770865966 0.5029025814074928 0.5006932450142386 0.5093106502595561 0.5313302255978227 0.5171747667778662 0.5115244475050806 0.5205498611336216 0.5103411608852474 0.5178879551465245 0.5130959028815728 0.4798571416457399 0.45449279032632656 0.44557004362009167 0.3871411338023932
0.6645345731929718 0.645858701588156 0.6533647378912203 0.6325067585039315 0.6625291004220528 0.6578635871717826 0.6118586520312688 0.6265112765398279 0.6763915037779151 0.653538422087767 0.6604150053544999 0.6501405977136255 0.6482362853308643 0.6853053793451687 0.6960127054958525 0.6789431138111791 0.652983333159764 0.6660393034028272 0.670346887689631 0.6214317125691424 0.5906216865147478 0.5669436912782717 0.5083972874614834 0.5151684272606173 0.525949988014129 0.49055621733236354 0.5107158437449256 0.5271018969460305 0.5391905938687648 0.5265425612651634 0.5155679176765721 0.5237561054424351 0.5428135040585897 0.5269857758541149 0.5370653544271663 0.512611828802317 0.5419336945266325 0.5332201151144793 0.49063486620576285 0.5026756210085774 0.48688620834323537 0.4497927051608621 0.39476623401076893
0.6865864538844537 0.6701093728624353 0.6255634465284456 0.6490879932225819 0.6636145499989451 0.6642541245872629 0.6745998340851644 0.675948885986289 0.6928135428318979 0.6982128586250511 0.6761243387438397 0.6830275858541225 0.6736795222279442 0.6863990941953161 0.6912569612951646 0.6835589929279117 0.6483659137227449 0.67558358562193 0.6788274918561344 0.6386378684945144 0.6054510353128038 0.554651602440851 0.5487183227521043 0.5006057915602444 0.5008239650529781 0.4929111132162434 0.5058348546398955 0.5047897925011438 0.5194807344807234 0.49763031090660265 0.5175562347600632 0.5168430830327221 0.530822457104388 0.5235660668124424 0.5430293115857747 0.5156086168402323 0.531511406856151 0.5086794393536304 0.5293311827803503 0.5156195080144371 0.48138605315965477 0.44741805459859263 0.41197305504472914
0.7122440981446131 0.657424226460298 0.6251845387558277 0.6184180499122391 0.6255825186653282 0.63318081271225 0.6644890686734416 0.6845602066621401 0.7175961019276318 0.699122427663725 0.6650095596379814 0.7039698390152338 0.6964690781251418 0.6794281188448799 0.7009475549289219 0.7044643751652379 0.6758563650982186 0.654702895837206 0.6515888344741527 0.6153050438740184 0.567130968178789 0.5669127826027164 0.5593853979212499 0.5463925023600341 0.4958749463306486 0.4906033496607266 0.4758089296229927 0.4735540073121404 0.4542542994850712 0.5026048973059644 0.5246068450689414 0.48876934739909367 0.49798873232181534 0.5195125495186173 0.5386343699081263 0.5288817550763977 0.512247234363897 0.5151637876647307 0.5292304316756662 0.504767233258728 0.4887041285555017 0.44132526705912706 0.4392202527618954
0.6977487791167275 0.6894714735920606 0.6460707009804291 0.6450224074519628 0.6257673866098696 0.6418074249165907 0.6887541039400134 0.713242303117071 0.7149151600010789 0.7214776150827489 0.7161731195518595 0.6938014503872705 0.7057971672120017 0.7100778098939226 0.6939699543725583 0.6908552063301261 0.6836999471155562 0.6645173257735829 0.6342018781381994 0.6225296496148456 0.5548851943784829 0.5463946911930078 0.5372083037931706 0.5355561905880286 0.510543749843457 0.4752441102184306 0.47236984467821946 0.44359033523542807 0.4516520407573429 0.46621110765776397 0.49042845633012966 0.5048679204082825 0.513589974151183 0.5198395074784883 0.4926970456808139 0.5063055032792282 0.49056988818913444 0.5248556518401868 0.5146502262871109 0.4906485245276596 0.4607465369996227 0.44608582104098354 0.41289216132231893
0.7229954535673804 0.6968952812874435 0.6610506747162584 0.6582957092592086 0.6548641617392051 0.6356856943231872 0.667804167416026 0.7241257646085051 0.7380249242759979 0.7361610857435286 0.697509855760715 0.686459393412483 0.7267672312141676 0.6869755503080194 0.6916464578948656 0.7097725795245378 0.7069743563747739 0.6786053678799436 0.6729424870482659 0.6265697791901275 0.5793920250473296 0.5308336709195243 0.5204689708469532 0.5375076350822064 0.5127146303557146 0.4783070088857396 0.47162458633316157 0.45903458116804174 0.4669438499531759 0.44313898899688764 0.46382322174598123 0.49331797082821793 0.5040067095646168 0.5049654133682472 0.47662332660553774 0.5110788053621077 0.4999456268512322 0.4718842217417082 0.4585273109003419 0.4668001362531619 0.4580103563789152 0.4559212747475645 0.4282309650202586
0.7319612673413016 0.7178707623305006 0.6848054349378543 0.6540978921452332 0.659716829051319 0.6613426558741293 0.6712372697834944 0.6882793868812592 0.697638787475581 0.709848169220588 0.6878248201393309 0.6861724294507688 0.7001034387825711 0.7176316377450666 0.7013381830349023 0.7232633332871887 0.6930885553576153 0.669789531800245 0.6672216787888163 0.6163684927923135 0.5810486704357993 0.5721318381198729 0.5325002604847344 0.5107627783208358 0.5259267897762769 0.5096824101003116 0.49336248533439014 0.4829203624014414 0.4439598978603708 0.4409936904346612 0.43608552112011 0.48109433657603917 0.46843694220964666 0.46933518018486003 0.4782935315331332 0.4890165707996576 0.48836770707280974 0.48747881802224446 0.4708781589831991 0.4603955637562375 0.4715031840199423 0.4675270657149346 0.4374560051420497
0.7286051798193988 0.7504924209423525 0.7379305999366692 0.6917202810853 0.6510597465017933 0.6588490131162908 0.6968850462572577 0.6848242141242146 0.7142352933171123 0.7092279792191535 0.6691108780534535 0.675289115179156 0.714731682817925 0.6933727761401215 0.6898458774464549 0.6830000911087455 0.7121221556105066 0.6620957657563191 0.6264118742528867 0.61559954489493 0.5780320677570671 0.580667729539903 0.5625475608121444 0.5144201300606588 0.509411155072604 0.4936630103700853 0.5253101060042302 0.4858351632768732 0.4805024702876917 0.46797768451545596 0.44999670043919776 0.486742009851706 0.48310487257978524 0.470064569158186 0.4602762484509667 0.488891209354048 0.4680969128225449 0.48394848575767574 0.4924935306195338 0.49272857187618674 0.4590510045292018 0.4529416660204652 0.4487633680812877
0.7329170046166414 0.7531758035260665 0.7250668201396087 0.751766896667287 0.7266507640673981 0.7012323808344938 0.7350194339258048 0.7380320465204003 0.751709463115776 0.7046723210984087 0.6621458897503536 0.6782064165661749 0.6971502067553519 0.6839048345787347 0.6723392682943423 0.6590776055437596 0.6892616259430673 0.6689083517422838 0.6439599795963556 0.5978802628567771 0.5657308623308046 0.5872890420223621 0.5399993726801949 0.5469551610050092 0.5132061226557495 0.5035599103007057 0.5054094833763378 0.5279861279302648 0.5025279064271645 0.4784786190324704 0.4445430944767384 0.46457547498894086 0.4792646447074888 0.4836350604280287 0.4633173103059005 0.473716043232817 0.500905068454943 0.48829913560058635 0.4974335030256981 0.5082914860576773 0.5019596360242723 0.46266379329278373 0.48116765403080136
0.7644641789788081 0.7844812984323379 0.7494741379844408 0.7672663891499354 0.7746371678520519 0.7624662644441751 0.7293455635826058 0.7442745924861457 0.7542670112361959 0.7061175034223405 0.675819567578092 0.6712192492185074 0.6503417605506939 0.6517557054933215 0.6843758069530448 0.657316772520691 0.633422955681368 0.6738323748440727 0.663236617058674 0.5971260765966249 0.5676946606938971 0.5526655850505162 0.5567324422476424 0.5362670527684059 0.5516456963223335 0.536439263413198 0.48910301688450447 0.5217426150402071 0.5240440947010044 0.48810957925205356 0.47358914304272165 0.5080744114184572 0.49641955481589395 0.5419934028939926 0.534660500718606 0.5335821432966638 0.4844874158539729 0.49194088226894583 0.5140229018273361 0.5040982234793953 0.542518506400086 0.5125321388157423 0.4787455661144204
0.764329841983462 0.7881168922032986 0.78842626139165 0.8023524463475149 0.7983664307515681 0.7705868420494661 0.7380410453289327 0.7548556639632111 0.7256815609530978 0.7264139945762564 0.7076175271504455 0.648199834720535 0.6643497300234557 0.636112197531886 0.656740077388372 0.6599094798227944 0.6321056510451956 0.6536746886983594 0.6705283520748715 0.6268853821624464 0.5852786346390261 0.5878861018955694 0.5633182526615723 0.5390439960373871 0.5574107261455951 0.5371533395564886 0.5299561510057793 0.5530672847544065 0.5380666388928421 0.5378408603969831 0.4931260079696813 0.5008415126573112 0.5242913422344746 0.5550577000707267 0.5721302573678277 0.5462868384423123 0.5384679370862899 0.5249789795040436 0.5540776397868395 0.5360582855061456 0.5548202902977761 0.502055603433353 0.47910567933955933
0.7791972332468271 0.804406623133302 0.8174654703653967 0.7969646112754629 0.8138879853291585 0.7919158007063564 0.7707883496849363 0.7663932051647226 0.7617627205026475 0.7201192721847668 0.6928385220307635 0.6561147080165128 0.6338587445431669 0.6314659334837535 0.6138086051976835 0.6116152838933927 0.6288339080306353 0.6420503364656225 0.646345729239207 0.6137586382627113 0.616254611059668 0.5723680314592451 0.5817403557371341 0.5686351922449567 0.5496849831084013 0.567520862565546 0.5533807934000409 0.5467910371328276 0.5517571747558022 0.5630403507036954 0.5366660627335215 0.54519293938764 0.5440689862587063 0.5706662235439832 0.6026032557458109 0.6022222806279466 0.581158932654215 0.5955983697236076 0.5860865366381923 0.5795960716833547 0.5581809092683554 0.5372882161271 0.5144133946485006
0.7599456980516036 0.7864766937522094 0.7849529309382951 0.8204825787157494 0.7764532306060721 0.7593275294019999 0.7730990935377118 0.7297259325172958 0.7248435456755487 0.7224251510567096 0.6801249951711686 0.6774713335881868 0.6412212963337671 0.63097772156791 0.649337654165172 0.6210082842618392 0.6351190655978369 0.6277084489590758 0.633430073025035 0.605473732704118 0.5665319839054743 0.5575518745796703 0.5591510429906373 0.5889911302535231 0.5820559731233391 0.5577208619628082 0.5644654983028875 0.5380088853542097 0.5748825149750647 0.5704018275241777 0.5849818807947291 0.5744622456271393 0.5431420347882825 0.5915796252213881 0.603931953259354 0.6165999315660642 0.6043073439949684 0.5980800609876674 0.5785019865028094 0.5854263509861721 0.5928656105369735 0.5765573067803947 0.5212021541269749
0.7472468628878579 0.7746501885116002 0.7787272347235699 0.7582779585233157 0.7904576970130812 0.7537775509842947 0.7481020430234867 0.7561992465551796 0.7362845448331731 0.699434364635249 0.6879728555428756 0.6887033950897093 0.67151972848034 0.6398695704538151 0.6406875286321998 0.593295449628619 0.5702027807449871 0.6061515944265548 0.5759319813595104 0.5646657350842738 0.5624559670963011 0.5400466296839974 0.5553252441109141 0.5745676559803393 0.5787899793891353 0.5927324282626967 0.541585592327216 0.5704047676631805 0.5637239459656472 0.5875050842641585 0.5963534031654073 0.5743305136908008 0.5561553734116654 0.5797070926784663 0.5912315039856906 0.6068466015966684 0.5926906480542157 0.5847999176496997 0.5832821841898953 0.5901540546223741 0.6070285286253037 0.5838245161584762 0.5657304116194319
0.7672140390795463 0.751613556770804 0.7720849391362422 0.7404617291609032 0.7590240901903599 0.7640022420178822 0.7666441359728641 0.7274356237942834 0.7421115998864226 0.7053961536641803 0.7028853068558406 0.6828113254818009 0.6772565537348832 0.6606961302412534 0.6388644135921513 0.6064495659445148 0.599065581351087 0.5886131458785112 0.5861180553985122 0.5665082186163795 0.5472020663775439 0.5522977874134996 0.53117937123027 0.5559125302485383 0.5957987755735624 0.599257366418496 0.5907117801342953 0.568104319305408 0.5817589490538762 0.5527723018170088 0.565844501103438 0.5632975338584953 0.5699569312085329 0.5649268653012337 0.5632726079804538 0.5691816109489415 0.5951656504995835 0.587289603213563 0.6122602110852005 0.6060197040374722 0.6009563122910978 0.6250327876021397 0.5879575841366644
0.7883267818570971 0.754162536055102 0.7721023425685991 0.714194956642332 0.7039719992326664 0.7100395149399028 0.7514400549367604 0.7261588755648148 0.7480320697960633 0.7306830018922893 0.684878880947321 0.6854008203552231 0.7022369783414045 0.684574458526206 0.6524147365769136 0.5981266725730346 0.5997821057616315 0.5850647900827344 0.564360268353729 0.5766642675473663 0.5569374638827158 0.5379235526565521 0.5334600119208155 0.5759226089310564 0.6100446927045912 0.6025289058260721 0.567602456614656 0.5908030278708051 0.5469028121166666 0.5627695900713672 0.5801662436207463 0.5735051752339371 0.6102533179599713 0.6004276716184563 0.5693763737696536 0.5900246233700437 0.6020152495562048 0.5826027196547356 0.6003322742958014 0.6084043526005051 0.6450452052232603 0.613631884077817 0.5995534302618659
0.7838553565231317 0.7775566356817494 0.7190297040957896 0.7158393934899149 0.7254629815401652 0.7170878814734969 0.723613187326653 0.7523951827211861 0.7306737287860919 0.7360977293430873 0.7255605234706829 0.7070256067394111 0.7099307872823263 0.6953855770467027 0.6580301727587982 0.5972215307961131 0.5758953860901327 0.5734519507367174 0.5538278682218887 0.5805251443777182 0.5686792512413569 0.5646003768171546 0.557438925109204 0.5499032123854054 0.5557364369888725 0.6023185904787931 0.5837570061491193 0.5882833446195486 0.570053568008637 0.5903255038707562 0.6029067044630914 0.5879927714118809 0.6055348815511342 0.5852596129379725 0.5964527807249453 0.5971259575771021 0.5967331300219887 0.616336364740009 0.5855449096439205 0.6092327572868391 0.601663791087378 0.6196454891524066 0.6117116406281864
