Raster_benchmarking/continuous/raster-121.asc
NCOLS 100
NROWS 100
XLLCORNER 1743153.9137390123
YLLCORNER 5469281.980802969
CELLSIZE 10
NODATA_VALUE -9999
[rows 0 to 18 of 100, columns 43 to 85 of 100]
0.4841537627720992 0.4404524805394806 0.4425878113748291 0.4138519699594291 0.4050234003589748 0.4156012756645812 0.42312802455065346 0.40547583977162716 0.40418129907760053 0.3852171411905172 0.3685131958943217 0.40140654969899214 0.42252775455420216 0.4275064508238922 0.4351454604173178 0.46112394957554265 0.46183839736226934 0.49513518445878424 0.49512473852619776 0.5070551996729157 0.5010633291547816 0.48088012735858293 0.5110890174258343 0.5017705401731233 0.4742064200604342 0.47644457553395303 0.499963115351672 0.5298016266070934 0.5329818987727001 0.5449352928711213 0.5523787632708012 0.576834552598182 0.5794235639424294 0.6169492278198013 0.632026557458114 0.6246496604298982 0.6601715060826845 0.6758911516620961 0.7065896278691083 0.7317846358163017 0.7807896382094179 0.8348821934032342 0.8371996239937367
0.4507255137868407 0.40167047722550075 0.38530912551294877 0.40323034609328107 0.4294709719487743 0.42711124007195095 0.43496465961836916 0.4154182101132551 0.39324732835735776 0.3982658196286578 0.393824349258239 0.43365238769667674 0.44413349846053396 0.4694279852400487 0.44215941312061513 0.4628053043150776 0.4888084569440992 0.5042762576303257 0.5385716945637478 0.49534952748943617 0.5067533517914958 0.5153415772728688 0.501240899051465 0.49277543759336706 0.5067412694878779 0.483231070397889 0.4966013219799379 0.5516044556262996 0.5743042355125972 0.5905639257314456 0.5940046071981796 0.587623574389139 0.5999480059916902 0.5918315841125561 0.6266328671470675 0.6170872837855023 0.6624703888640567 0.6674904250873243 0.6767845548656825 0.7442207138516186 0.785632663113217 0.7866517692770145 0.7910419063773434
0.44452483837645124 0.411780843323698 0.38184796438591223 0.39204789084534786 0.3981294772154057 0.3926135192445773 0.4236400099680197 0.41910220902170175 0.39764239089986997 0.4363881431299142 0.40649540287998437 0.4419870589774847 0.4636512083020854 0.47319720377631613 0.48614518685757807 0.49628688361418877 0.5137505200795632 0.5029536370204147 0.5020093582227094 0.5200820070280787 0.5116429220669966 0.5262103867236162 0.47628245393199886 0.46994226251267673 0.5126320182403138 0.5125180363243829 0.5044373921452716 0.5273049332166685 0.5713412003194637 0.5560054780260099 0.564821801176261 0.5885184776610377 0.5902337009144478 0.6021244884134662 0.601981966421221 0.6249941326125374 0.634279503878966 0.6701137966187717 0.6838124261677283 0.7309346031352559 0.7427951991467063 0.7362346352450384 0.7416947964152532
0.41600616828944825 0.4384676582172669 0.42293938707063783 0.37974465276325625 0.36302607659166336 0.40686375231973104 0.43419873012169563 0.4370713441636409 0.4400081976074288 0.4423411790744871 0.4442550716788131 0.470309563454549 0.5157093185606314 0.5311950382294228 0.536356338428787 0.5065870367192503 0.5038212857678214 0.5281597238730469 0.523208593271774 0.5348923366213265 0.5532932383388194 0.5206771439675123 0.4786390751654257 0.49081013543056684 0.47682614203004586 0.5099366481212761 0.5233392156545332 0.5127049486655908 0.5521707542388159 0.5676070764794188 0.5912707506978809 0.6068626596574908 0.607821756800562 0.579831297172536 0.6026748527565436 0.6247315161034415 0.6352535363041981 0.6728493040045455 0.657799675606907 0.6979169526075305 0.7287974677210091 0.6980594929157847 0.7374664830165658
0.4460268785991712 0.40540145970767494 0.41660607833692326 0.38220017278596435 0.3586900211104887 0.3995475890920936 0.42973560197053867 0.4469918832526599 0.4422589812790117 0.45137576070908975 0.45093995248114277 0.47906991561939827 0.516371095466121 0.5244921559114307 0.5190191291517775 0.5361980894067113 0.5240343175739902 0.5495410676804964 0.5306072466050723 0.5558943021394959 0.5157484261455388 0.5012302431893126 0.4802848498380441 0.48971661509881553 0.5244597327685031 0.5235159108710954 0.529363360107887 0.5254998177268145 0.5181579113431725 0.5345860032600257 0.5659321027145492 0.5606125189993488 0.571754758504186 0.5880167012094755 0.6069344976923806 0.5912293504433579 0.6048419789873438 0.6431866882343923 0.6451322251896178 0.6886152780801448 0.6822761511246546 0.6644196964230523 0.689882127806303
0.45430155727972243 0.4195246279245367 0.422264721872646 0.40236597628119125 0.3887040866656012 0.41186070122719765 0.4128471598895474 0.4143553937396135 0.4535161410381236 0.4581728825176643 0.5080002530824622 0.5148642762018009 0.5406776951542988 0.5326438497840921 0.5525012729272577 0.5864031783373628 0.5950364191030103 0.559823709732247 0.5645349624807018 0.5380337972566189 0.5097979059254932 0.4980329645526311 0.5408782881420523 0.5096289134020483 0.5263430545236277 0.4978506967289821 0.49667771730393556 0.47969253367231274 0.4766465002927408 0.5042969827124936 0.5609008131630728 0.5733097093707179 0.5798461059023368 0.5669523404129272 0.5677716629170055 0.6018375373725487 0.6413918738976501 0.6461883327833599 0.6507994435531764 0.6693737407031304 0.646943826736696 0.6532315265807463 0.6345304915829543
0.4456298332777369 0.413081000891759 0.39656958723701075 0.4196181564897733 0.3928654677327879 0.41004714514013796 0.4286957158639706 0.42745361692488154 0.4632505739445435 0.5013865546780607 0.5280200637857497 0.553181717897287 0.5674413637491494 0.5362260396940235 0.5497216867606489 0.569670627185989 0.6125085357740837 0.580031339767142 0.5550815048785688 0.5498808923575313 0.5478062514749481 0.5346438052690972 0.5297207068178071 0.5240854859996529 0.48264576591951447 0.48038521366790926 0.47955929737575353 0.47631554664694414 0.4844461383445607 0.5067582241918736 0.5151536230077288 0.5515715707304726 0.5487091055220343 0.5364416466471056 0.5682678475338536 0.6047385195763982 0.6283362743210664 0.634614135341211 0.6400730465644376 0.6428934509431768 0.6266981695943215 0.6558581310987571 0.6564120818503438
0.44197190706346456 0.45693498242667574 0.4271635780930967 0.4389191450005865 0.4057800439858686 0.40705145350287675 0.4040534008070349 0.4245679523093153 0.4642344176629438 0.4720771319638539 0.5072718700608039 0.5426327660350198 0.5757459262037791 0.5388427419001184 0.5429757099703084 0.5716898963534972 0.6200303308736003 0.5654523854255992 0.5587446139590083 0.5577279279620557 0.5460676502164747 0.5169529787461172 0.5140002240450149 0.4814789158201292 0.4640656994472071 0.45164232790465403 0.4814394719019917 0.4840051395347908 0.42938849517044014 0.4909845950111631 0.5393517920152858 0.5433156093129263 0.4953522954882968 0.5286997659266434 0.5628819985628238 0.6000435207042204 0.6087203534351165 0.5834140080617519 0.5929063660060604 0.6041287046563496 0.5962642101110762 0.6196467061486377 0.662048382986819
0.4624931956576114 0.46051812603033004 0.48146871475270225 0.450152793431037 0.4433493139451738 0.41123022837969997 0.4078298795506485 0.42795791449020176 0.48141724545532133 0.4620157641594337 0.49053536932338127 0.5049561907503423 0.5274628463319319 0.5562288365871098 0.5694403497023658 0.593256570897092 0.6001790428909524 0.5649311140996276 0.5693396857046504 0.5595961042351904 0.5452416892831186 0.5435192911925507 0.5087307198447715 0.47301215744350944 0.4794368980841023 0.47655910295881626 0.4515470896142267 0.4565168901211807 0.48149829741368955 0.49187861374315994 0.5401559711140225 0.5339300820227979 0.5484279456624191 0.5745821997089633 0.5753688070990732 0.6059357089649032 0.5683485278568708 0.5726980241898082 0.5910537277414967 0.597358598702714 0.6053108525130575 0.619776621287647 0.6438159148402957
0.4790585533987257 0.5012551656952048 0.4972463356296665 0.49432878198256286 0.46170804021095074 0.4494511441172681 0.45833374488122286 0.45488748695239656 0.4796662506551188 0.44778112625757194 0.4918938934089254 0.5307194357115825 0.537306687474306 0.564175129074067 0.5808980649410831 0.6044561689707236 0.6108582115871716 0.5909996359729037 0.5630830638686588 0.5779883588506162 0.5771536687873534 0.5462633510688457 0.5533592818245837 0.5175257593476347 0.44865676670779664 0.4527085334492664 0.4496368366892445 0.4758546798516513 0.488123711501357 0.49768236223681367 0.5314526127188525 0.5385610909076578 0.5691964783856355 0.5658772658163682 0.5815517761392581 0.5739231670671309 0.5763727418674061 0.5985252256416226 0.6098083807270904 0.6298827467220478 0.6404734729470909 0.6658125122602028 0.6582496971848046
0.48719121752612615 0.4744223641679605 0.49573983058983917 0.48951047214022736 0.48678386316021427 0.4932108741276003 0.47870986830083845 0.46404868003816196 0.48454972301027055 0.453591044055825 0.4776467473904488 0.5089779624333098 0.5303267082602513 0.5324756599362667 0.5759293704446798 0.5795047625613426 0.586360194225039 0.5725858998416415 0.5873072356672462 0.5960818230833402 0.6013578310688386 0.5712772685458126 0.5365577687354779 0.5287002566835296 0.48977099487846093 0.47392280603201825 0.47621235723637434 0.49655352127548064 0.533818275410598 0.5532068456996736 0.5672772337766613 0.5541320363779809 0.5732142829816105 0.5933394228970129 0.59012280782003 0.5747383486660488 0.5856698748299143 0.6071660369998003 0.6295887341911509 0.6486280738109854 0.6492853552361516 0.6515400996822953 0.6985583802777028
0.47028045725837164 0.47823385427463116 0.525052038861894 0.5238253975475855 0.5366847377633606 0.5104063550311624 0.5056633165012113 0.46808896322855026 0.48268246653283753 0.47257658853620715 0.4490504090232527 0.49235768874345626 0.5156352730067001 0.5238325352879273 0.5618830002103555 0.5647048009893169 0.5767793905016565 0.5921550316799077 0.5725209649737553 0.5771812699656605 0.5979560057809078 0.570867138753856 0.5732841476174462 0.5329492015576496 0.4917063714125188 0.46690659445736826 0.49205326840410873 0.5365027061272812 0.5636979236824384 0.5929186726985626 0.5919488541295056 0.5693539262182852 0.5591478976825746 0.5933344675715474 0.5688831161981915 0.5908282982108066 0.612773680663664 0.6229055640845856 0.6187626446730153 0.6558553243341859 0.6458146480639303 0.6471297770669426 0.695031946214074
0.5208545212536224 0.5341832401678379 0.5513161641037718 0.5176580869282101 0.5161030204885372 0.48888091139638457 0.5049412689731682 0.47921809195671633 0.48662280227454563 0.4573516422311388 0.4485357738782476 0.4632550083583951 0.4727296433802616 0.5010339299117247 0.529341912581126 0.5298502835506059 0.5598476930874002 0.5871634469117224 0.6072927195661361 0.6063747713712604 0.5875858110549446 0.5449536018458778 0.5091827803543237 0.5059485526107985 0.4984969958288506 0.49474981372875093 0.539789065964379 0.5461438234336625 0.5964597139471846 0.596379717785687 0.5605009397067032 0.557124583126853 0.5591997290409094 0.5803659093452155 0.5708425052589702 0.5601179027526066 0.6036969297088288 0.5947757396806088 0.6296382863359858 0.6153295054807656 0.62835454217327 0.6736333279074124 0.6906064630939649
0.5147007224458299 0.5167422021351454 0.5390982990738441 0.5089835790212446 0.4988242823685251 0.5314261875091001 0.5073259935455717 0.49386688673791146 0.5030481717449313 0.4516166851700316 0.4700840966787783 0.4914077360081934 0.4947654455702868 0.49719651771603746 0.5116366025068412 0.5272392400635324 0.5480951314959431 0.5827432652142667 0.6136610127333684 0.6061954444759686 0.563189046914996 0.5426502698965614 0.5094155138665675 0.5149549583513477 0.4924484498339971 0.5396487290632909 0.5490449958343403 0.5457640773909348 0.5856070928572725 0.5687809881653969 0.5591857727750085 0.5821225364521803 0.5541223292258078 0.5738697016653906 0.5856500651961867 0.5688648779639891 0.5560638961623369 0.5901004798349219 0.6054928301811116 0.581986342654274 0.5951080777916777 0.660671912436731 0.6837460321073843
0.5258389359951497 0.5249252130822831 0.5246688580765348 0.5461536089186243 0.5248072534251448 0.5333856182559623 0.5377103098657839 0.5093587377777274 0.49131090103995334 0.44684117038786725 0.4354173735698542 0.4640007276907052 0.4785733293933635 0.4750567492548045 0.5132765198532567 0.5152157640182586 0.5667842085931459 0.5894187868410251 0.6049931751164865 0.6001162073923424 0.5812692477404703 0.546384068158681 0.5306025013462107 0.5181306548692391 0.5075489669847324 0.5383170407087969 0.5664705590235493 0.5961938287901968 0.6063785001585706 0.609609573855921 0.5909360908954625 0.5713339088879468 0.5424026481113347 0.5885207803790197 0.5547747269889662 0.5674289049283106 0.5794299307432167 0.5586677187877559 0.5741363740683263 0.5836421246289224 0.593285330499361 0.635446085843811 0.6401390240275138
0.5148952178064872 0.5291497769063046 0.5275059875272592 0.5438656720869615 0.5295226514919231 0.5441119054974785 0.5097525018127889 0.5118191707054244 0.47192776576798146 0.46438178382798645 0.43342035038005317 0.4653468717014102 0.4268769830220761 0.4264009543158171 0.4536959960773367 0.5325045183987115 0.5731404448753591 0.5575785557218466 0.6016839349901916 0.5600872024736999 0.5637567462684104 0.5208856008910132 0.5099539787235481 0.5103121731456116 0.46276767344624453 0.5213643184361672 0.563336004089569 0.5872798968217265 0.5951208068943038 0.5908702320839946 0.6031906783891174 0.5949753209029222 0.5437013673142242 0.5703538455063041 0.5761946537772776 0.5514504147739566 0.5756950030839002 0.5608671208386717 0.5695645211650229 0.6086823672471643 0.6052711101141742 0.5986078450082325 0.6156995620906958
0.5514159461885831 0.5148670622109454 0.524356249315586 0.5155871436922677 0.4813310042214761 0.5078989035199463 0.4803756510154332 0.4650757332432821 0.45645550953223585 0.4494484100416311 0.4673878410023786 0.4414741477813752 0.4269410149110025 0.4452028173522376 0.4518222054974949 0.5092054021604046 0.5236917027521542 0.5554421394629222 0.5459619070966453 0.545494593965102 0.5505839080647323 0.5064454116661449 0.5186399210562497 0.48763949299136095 0.4700450907147606 0.4956465260143612 0.5549425434073311 0.5468589794301332 0.6012102786488609 0.6201933938404024 0.636255909736787 0.6054006629901179 0.5800740538402188 0.5696571121644152 0.582682866671758 0.5700575378040839 0.5511581978776607 0.5508185682780513 0.5463627488226008 0.5861330136227387 0.6013735397133408 0.6261673988430811 0.6096829584201331
0.5315236980608906 0.527988967190423 0.4872755598101584 0.47715188370606737 0.461268820404641 0.46479201771082956 0.4920370369132073 0.4699178504290042 0.4394392095110854 0.44654561645040275 0.47208836053414205 0.4464793698843992 0.47583259930623023 0.4724432771056514 0.4687729319173048 0.47670236125740567 0.48975697896901416 0.5389523401775214 0.5621352798677818 0.5622102266303793 0.5359426295151329 0.5033087852154802 0.5117563138624707 0.4954431150744468 0.46100824754397457 0.49394270607681817 0.515257456413959 0.51921229126745 0.5820786776019954 0.615004705707764 0.6259807092122248 0.6026452035326937 0.6315134290873848 0.5980886748098879 0.5768979426689859 0.557907263469539 0.5810455752191052 0.591566978219388 0.565277723407152 0.6147852299199221 0.6287025394910125 0.6393230619994879 0.643335181762778
0.513990557365985 0.49200723454312023 0.4934419469118919 0.4820462930787146 0.4476406232568729 0.47750079289403186 0.48601053172657754 0.45857569967418654 0.42803507170112925 0.4590568021643904 0.4481854278452083 0.4381385004820548 0.4222089214873257 0.4417964385356779 0.44728533887539734 0.4947902468585053 0.4977052956590298 0.5415290663002343 0.5502277262824402 0.5447499043817633 0.5336909494438046 0.5178624536230347 0.50748613277306 0.4550401071100231 0.495357885879514 0.5175678634871539 0.5039283459946363 0.5211698770433572 0.5577433139954258 0.5909357523267336 0.638311320410451 0.6350564966512635 0.6493113442530519 0.6304619552459303 0.6279691286997378 0.5929329179245465 0.5794864090257621 0.5962317960271879 0.5934699985778078 0.6014016518925375 0.606162809628915 0.6267596029323146 0.6336141705637947
