Raster_benchmarking/continuous/raster-274.asc
NCOLS 100
NROWS 100
XLLCORNER 1743153.104110421
YLLCORNER 5469277.489903877
CELLSIZE 10
NODATA_VALUE -9999
[rows 19 to 37 of 100, columns 43 to 85 of 100]
0.14268002548799466 0.19376299757200777 0.24357903233850678 0.24786103515647065 0.2586388731738792 0.2938909226007107 0.280966932371469 0.30863378883582476 0.30769864411841086 0.3539699318826701 0.4569404823576577 0.47756753488610265 0.47423057391813844 0.5456039258381462 0.5456456637431236 0.6187604439286931 0.627557340563602 0.6526151387809881 0.6078088406731257 0.5980572085249112 0.6269947563616259 0.6086631473129287 0.5747564288838115 0.6004157832308201 0.6091244119221864 0.5602387927435194 0.5581591691805893 0.5986866030435163 0.5984207438177161 0.5821762336648795 0.5653661628330834 0.528193779259261 0.5705193874198584 0.6063158317163644 0.5897057571561263 0.5150190026885904 0.4965214360452537 0.4779497044772441 0.39768272633258106 0.37328737730774864 0.3415674471744347 0.339689638399197 0.2760399536117158
0.1603855432402205 0.19173026858729542 0.19518180378305433 0.2505980397325523 0.3136590795761976 0.30577064057965836 0.3721812867599563 0.3941701484621456 0.38447499196590773 0.38985962184343326 0.4668254669044171 0.48544687257321595 0.508867233779814 0.546068545261921 0.5541446279185435 0.6051554960497512 0.659320895719838 0.6153774056269915 0.628078023772783 0.5885452825207406 0.5975276733313859 0.6388322205085815 0.6012500450685614 0.629388069094806 0.5920578432321326 0.550894570309805 0.5355488462123744 0.5839448809927958 0.545293211879771 0.5619807340474801 0.4725975564111651 0.4914734946693195 0.5515640303683678 0.5452877549304901 0.6029828012912177 0.5155353063214972 0.4952723812648815 0.470110005900043 0.41218100785507017 0.40488258338502847 0.3765044001966788 0.3242630055839316 0.28645339315051954
0.21627307005060104 0.21992373173277646 0.25663270674487715 0.26086699572298105 0.28100597770038793 0.33640646284876086 0.3316913149901572 0.3858931638405106 0.4223886118403693 0.43730784479947565 0.48478413962257116 0.5175692394921783 0.5358679073234968 0.6044766742082224 0.6312187288292745 0.6531304067658534 0.6216006656247769 0.6304382272647681 0.6615697859585006 0.6628479053469991 0.6060114233112128 0.612526338085035 0.6249928500842076 0.5905894295276409 0.6104424701876917 0.5709093211259763 0.5825944735498412 0.5776715307507021 0.5749434417860343 0.5179583897047932 0.5125945468158496 0.5337155598040935 0.5630323564108596 0.5531474790625 0.5904676044320863 0.5471187623949765 0.4672913266180529 0.40990797351121105 0.3908964341853433 0.3701569141439709 0.3552256485327523 0.3591747512872525 0.3119605843445194
0.24100882625099918 0.24796591937734055 0.29087560292470144 0.30887427049183325 0.2775240016647656 0.3168452414324036 0.34723755031255193 0.35279235977662793 0.3653363157268057 0.455986925376501 0.47693284822902915 0.5450828855986048 0.5556816372700466 0.6007198293185414 0.7057662531803474 0.6498715026618965 0.6640619922424342 0.6560153147008512 0.6398165085053917 0.6317355024624889 0.6687672101660129 0.6772964583342728 0.6555496997955549 0.6123644157215011 0.6173597990004831 0.570102408768331 0.588649916994963 0.5754440202738612 0.5645881824197855 0.5146231526824667 0.43587016812485624 0.5209666285429787 0.5559096321044414 0.5309537484739085 0.5533490591520994 0.4701050891357074 0.42800510705105216 0.3975684449301184 0.3351290648546075 0.33239867002698814 0.3781205271523394 0.4197225041168706 0.41794814512541945
0.16282224546874344 0.2539861160547539 0.2408777490654603 0.27084051314647023 0.3007616535895888 0.30126816224099245 0.34572909810871805 0.4047173742141208 0.3884363875427716 0.4542165143620538 0.5364150393528808 0.5753077101428469 0.6237706744490078 0.6532903456290134 0.6733165989601899 0.6780469754057108 0.6870928132872297 0.6791462888455688 0.6826035997625846 0.6716120179889888 0.6506079813199868 0.6413179882658666 0.6331626957971535 0.6188844799652921 0.5744940749086634 0.5692856150699572 0.6066475539477854 0.56909591035427 0.5654039807223904 0.5068720476814023 0.5034428007503685 0.535682814191291 0.5624973041943951 0.5127508823521016 0.5268351102873905 0.46997495920093063 0.41897147343461183 0.39341769950999705 0.36365122713479264 0.38148802542307875 0.37952304582201996 0.414903656620324 0.40767548365736056
0.14150196542190263 0.1895072528712152 0.24605586653590986 0.27508309999106545 0.24435171185986407 0.32070024759773935 0.3538047242309063 0.4017944306840226 0.4244279877569383 0.48961035548498166 0.5759197573815871 0.6011785098797422 0.6106683306965071 0.6661745570220665 0.7192822672465071 0.6566096135683729 0.6597841149773691 0.6736517212655045 0.6995267786258142 0.651251007012199 0.6956373226959232 0.6813536647724032 0.6471800029948326 0.5938086775057365 0.5555049541161396 0.556813931793944 0.5641900625140228 0.5215312537143647 0.4911048273603524 0.4729416268271504 0.47855126508753415 0.5569839007656077 0.5588997291594163 0.51736840241578 0.5150929419305017 0.45658650221087504 0.45527341383157066 0.4373948468844852 0.3992231588275327 0.3816353627633871 0.34325175440502514 0.37094208571514353 0.39057444800694013
0.1693129691854342 0.1794330081366099 0.18114484821872148 0.23981525883668706 0.260593674271913 0.28729655103562435 0.3159289888849339 0.3394733880167804 0.4120531101634208 0.5137350023026711 0.5424018882878673 0.6163909868304192 0.6738604652741162 0.7098599596263905 0.7580097457655549 0.7075566675579876 0.6723406948958512 0.7135926767057902 0.7202120569953261 0.6690311420350892 0.6611702757016829 0.6335536843519072 0.613528268133897 0.6173797146131316 0.6276227857781086 0.5846527068035902 0.529324090721221 0.519114818462795 0.4882668603369128 0.5170364334653109 0.5656107853532747 0.5394665512250226 0.6048701757388786 0.5876865181296752 0.5225301555682637 0.46028990719162055 0.42740221680028034 0.4295056383881029 0.4191245004374821 0.4200900020930246 0.376905974923269 0.4219607093739 0.41816413693689
0.15422847091073413 0.17794551492318259 0.19481256303424468 0.229380189227084 0.26765238119335616 0.25893602881088684 0.2811981345071253 0.33558299288538995 0.4148155773353483 0.48672784072073944 0.5810973270339792 0.6293617275864414 0.6624394505729935 0.6914186451414884 0.771896069476837 0.6925384272523663 0.7227347944043286 0.7053184808182352 0.7047644855823136 0.6875163049140398 0.6133335544127033 0.6114259993248555 0.6419985993950267 0.6411479337472126 0.6425031345957793 0.5698735221817537 0.5385496120954708 0.5306506472503113 0.5202121494158658 0.5778367217154452 0.5921254160739992 0.5793338954017643 0.6282670648474162 0.6085788073325202 0.5265827367334897 0.4603333134150484 0.46282607852477803 0.47557662758418273 0.45385625892703907 0.4426959111524997 0.4366263104692668 0.3990645844895167 0.3896861306074703
0.09683832378621438 0.12853097388352558 0.14574639401434675 0.17858886491175002 0.24144044417108243 0.257202539331743 0.27007970855597213 0.35632066841302745 0.4401402709732231 0.488388742908964 0.5818536761980354 0.614355963545949 0.6401202356406099 0.7083797411347665 0.7443214486217132 0.6879278379833652 0.6396089308357519 0.6411011080522319 0.662546613484284 0.6417898269013951 0.5999364233826122 0.6618375428612392 0.6282338662409006 0.6245710642068693 0.6051777862985168 0.6026094495612723 0.5581710048771646 0.5415512826454427 0.5746269194234497 0.6037233303781359 0.5931074576421274 0.6271075294456406 0.6192522073268516 0.5847125587099685 0.5084515691647472 0.5110101759004132 0.45519141249864403 0.42947630137481857 0.41583807217285623 0.43392786896184316 0.3605005177667642 0.37453128817833203 0.3845000122402621
0.12623516078497313 0.13631868051974727 0.1446634972128545 0.1538389075923802 0.16239426542253146 0.24488560883112048 0.3202048635199712 0.34730354254638307 0.4493717267573413 0.5054314126276839 0.5853051957410458 0.6172931544544369 0.6676633574257878 0.697130540879159 0.6970951982968683 0.6715905430570758 0.6377928121856652 0.599419914765445 0.5881327348319141 0.6488273469591684 0.616763924459962 0.6142556493448746 0.6385822920039905 0.6251698934029487 0.5999122623428124 0.5737321326532554 0.5592622104917966 0.5807238923309817 0.5857171456901832 0.5891298714838585 0.5875405164043304 0.6355603459179623 0.6220626485034872 0.5481971743015464 0.538906543260744 0.5342019172172225 0.5176944907168746 0.42796365419794186 0.4050525548726789 0.36285402614486384 0.3357069304012472 0.3252721273985322 0.3888464444315419
0.14006181379572388 0.10778755022558908 0.09216558242373349 0.1327548412682878 0.20135267011653035 0.2340930157095721 0.3175263269250518 0.34712342531225515 0.41450783895710835 0.5127051397458797 0.6134721220671516 0.6267357817874365 0.6622173971166175 0.660190014412587 0.6977246396701027 0.6720999547649518 0.6456257481324128 0.5783845234205951 0.625794714829174 0.653642560219634 0.6346645516034471 0.6438379658467884 0.6681732654427651 0.6368105389830363 0.6434238473238152 0.5860575245469968 0.5604802235906602 0.5944376989179886 0.5823379580259991 0.5891140928861016 0.5814031410765201 0.5871390731562922 0.5927192885121415 0.5630763013604348 0.5175763164446106 0.509883136661093 0.4450671084671264 0.43486399710511225 0.3947319383554422 0.3715773083361283 0.35009063151243053 0.33036183541625525 0.3968613278875284
0.14767239843276078 0.1343175876086716 0.09951133810569225 0.17345658671745517 0.21589409461495526 0.23798540541608454 0.2570434797434401 0.36365975785582155 0.4142487377545182 0.538955701883394 0.6166510584844166 0.6068174044914011 0.6586505014202159 0.6812056665874952 0.7054788154121401 0.6590960574955903 0.5685909839117655 0.5820731969811823 0.5957551105111925 0.6151985386505539 0.6923788573116325 0.6599245272737262 0.6546057178420306 0.6313949999963256 0.6509535740156845 0.5655160576516913 0.5313689319424045 0.5889726323809569 0.6141323870188168 0.6252077785055109 0.681319481514987 0.5735701544797475 0.5691982032933152 0.5326444979658581 0.5828841382193898 0.5088953354790815 0.40564004452275765 0.3379133477889451 0.3054023064265472 0.31321192419542615 0.34009435535783133 0.35808043503661413 0.34194722628648233
0.08676121505797064 0.14155434564581673 0.09812219629211746 0.17660012609129708 0.2359123493167652 0.24705785248188258 0.32490257894703034 0.4020909135168942 0.4888637744744489 0.5506954727369937 0.5972726215436672 0.5914212022986695 0.5943302873679445 0.6292182396776385 0.6633630151753103 0.6097201249187022 0.5674434767609302 0.5588060841435711 0.6184429014663465 0.6366473519982255 0.6955676877713767 0.6955863346839568 0.6790793937614925 0.6032040309562455 0.621531595028652 0.5574761152986398 0.5612291827867084 0.5539633325583567 0.5899759259690553 0.6485505522879252 0.6442055990531615 0.5911442263128153 0.5398200990060464 0.5516254094195836 0.565617071103635 0.500523284723933 0.44092543145543506 0.33428157686269966 0.33261119399725286 0.30277294288163703 0.32277985809034665 0.2930280259349937 0.3493473820671135
0.07815649815820697 0.10281413933934073 0.11363041591511068 0.22053360945314188 0.28811781566471206 0.3183603391189995 0.3364340629910653 0.4173181877758616 0.521223490168322 0.5463885356594249 0.5172960561767415 0.5492859937816689 0.5677162095713387 0.5966555704548668 0.575293013073342 0.5818349819277964 0.5432437655634308 0.5586805611435376 0.5603724984055622 0.6340195061592606 0.6707317236576515 0.6780711771793702 0.6403454564733486 0.6546335547700852 0.603563863481504 0.5832940638029475 0.5612743170225837 0.5412352052675299 0.5997034753628653 0.6346882430038243 0.569522742033139 0.6078724140656633 0.5759059327883439 0.5421836573882272 0.4927340341901036 0.42958026281388134 0.41641114834272486 0.36722599342238094 0.29202698131656274 0.25181362439734495 0.25661675977796294 0.24439899667099146 0.30708616624729124
0.14195690058868457 0.1429618379533345 0.20127013053563433 0.22676764443541603 0.2808027407457924 0.33829078359253884 0.4283743778084259 0.4717525198136552 0.4834287798218029 0.517847741942889 0.5154185453079098 0.5221380434064877 0.4954340988824897 0.5182277866335103 0.545562412515747 0.5236548338261948 0.5516719992730774 0.5363793577012822 0.5516286192912464 0.6305673680577515 0.661100393862699 0.6400525620091738 0.6875726378986816 0.6352549731206647 0.6438740439626149 0.6163554973818414 0.5847323968330158 0.587881560535814 0.5788242286419942 0.6136578738496571 0.6046076959755655 0.5575638789551346 0.5505119408525563 0.5171018146703567 0.5075549862003882 0.4466665253614672 0.4006437074199095 0.38611034297688807 0.34665082760849436 0.2702065814410608 0.2762765623718426 0.24845228943728725 0.25661385333380615
0.16528809718550308 0.2102979249835177 0.21877709950663043 0.25317561948194334 0.3727430851276727 0.41260217729845994 0.43937204000883057 0.43909060615436213 0.4783505801871636 0.5179091960967925 0.5569012089606518 0.5259945821034947 0.4716801571589873 0.49199703521958543 0.4752838274950991 0.49939903409504477 0.5220775011100357 0.5785295180204697 0.6034534682515316 0.6295623458838762 0.6838339897540134 0.6886448538483759 0.6983935263341144 0.6907101254398187 0.6570693254444898 0.6432501187097431 0.6188908024606151 0.5757138353244692 0.5875114971919431 0.5992004296183531 0.6099914966705622 0.5258959650777858 0.519644588907634 0.5211134973561106 0.46864857059018744 0.4425793095139134 0.42291382775145886 0.35107953743575243 0.3573020768039095 0.2761816490408878 0.24669376696575146 0.2532788613136538 0.18529016414730165
0.20210827725049765 0.2230019407845192 0.2722548251867394 0.28393401025882614 0.3761587816110401 0.3749624546085236 0.42219415043817143 0.48086469636460993 0.5023581073222366 0.5024299641461032 0.5727864590572939 0.5383767048023116 0.5118667310518306 0.5192825306793445 0.5187672626105454 0.5350266102126817 0.5154113977435181 0.5773703478861275 0.5667578289939383 0.5779746571574029 0.6114942221595981 0.6699410832507892 0.6281698748119521 0.6489424178783473 0.5900671953670945 0.6046962843162468 0.6057041785097496 0.5679987047785247 0.5938432722243652 0.5551268561741088 0.5110445760723039 0.518332170813778 0.4777485293292953 0.4572252439071915 0.4329477168329069 0.3970230764298718 0.39131493178735255 0.3245573188291826 0.29584390040958014 0.32128596600271164 0.283679425042537 0.2464764085829012 0.19871649929829563
0.20655826341803676 0.24103294420759291 0.2820734086451953 0.32996829367950464 0.34210620750472864 0.3510263430924071 0.4113094517762243 0.4467665377172417 0.522675517910168 0.5193422877005022 0.5548778932854742 0.530665559745783 0.5136217440752464 0.5329918841872565 0.5102487560641857 0.4758266051732156 0.5323877396410469 0.5762214826607086 0.5517598878875384 0.557506608552682 0.5810229083139052 0.6290916739970666 0.621277998291658 0.6058519936451949 0.5372315110184299 0.5199471360469036 0.5006623669501072 0.5412322299279779 0.5528069048077562 0.48727306479482235 0.47244606818019375 0.41509575479847366 0.43750779287067243 0.38261546405751734 0.35028551009659503 0.3665822208399265 0.34360033675923274 0.3012609772669339 0.29192938836152954 0.2682261509474993 0.29796997636982503 0.20358302349760862 0.1716047412716344
0.22267538098345946 0.2424936605520436 0.32520694029465835 0.3584550975744029 0.35997581029297615 0.3750123384744279 0.397692908937351 0.4460928582066457 0.5078743571727106 0.5330785244777019 0.5300015172446594 0.4964885471515873 0.45732208394174306 0.4974498641944385 0.47724919452709097 0.46428147945295595 0.47055441362526423 0.5252619746115769 0.5505480577510313 0.5186251161040384 0.5183335929765693 0.5889598744818149 0.5714264547706591 0.5530426539180159 0.45469593103010963 0.43459292097524405 0.4523150226125704 0.497613064644461 0.4544696532478143 0.47064242333483974 0.40493870403585436 0.37076677531066554 0.3473544687714751 0.37109945362107066 0.3644421171661462 0.3556041928468095 0.3381446146531583 0.2841303592049863 0.27387923725705743 0.2974570789155028 0.24544362970460545 0.2288363418038658 0.17652955474154752
