Raster_benchmarking/continuous/raster-2.asc
NCOLS 100
NROWS 100
XLLCORNER 1743152.9030917033
YLLCORNER 5469288.437545222
CELLSIZE 10
NODATA_VALUE -9999
[rows 19 to 37 of 100, columns 43 to 85 of 100]
0.32599474125992256 0.3349219258920967 0.314712520108161 0.3179992985536351 0.3519165903354849 0.3503296781003236 0.3196959733789543 0.28034210978439905 0.3012738316151611 0.31542017794823324 0.3476289573488491 0.32993563284870686 0.3650811225281646 0.3875291768846064 0.3858908913876913 0.39963152216232795 0.39298712989439133 0.3464961218320049 0.3513661299812989 0.36572459354051895 0.3813809110438331 0.38213969500964357 0.38880601287445093 0.3763237211230239 0.3580860795411958 0.36009068191148474 0.328778418024593 0.30009113185665925 0.3158448742970228 0.33318845159888333 0.3339744482812117 0.32404351219673866 0.2965620846166082 0.3022436590194425 0.3496417551018665 0.3920947854476686 0.3763161038990572 0.36869665441432986 0.40084254883487996 0.3986507446313715 0.36473548272668965 0.4095495805243253 0.4293011639356874
0.3061735247883142 0.28255549120962514 0.3155792902260532 0.36054638317260157 0.3792466614307575 0.3027497847715315 0.29195677182165836 0.2791966784531301 0.3039629757222383 0.33985684241903535 0.345195948055458 0.32709028391949674 0.358371582556272 0.3636753184682484 0.35659626941311684 0.379944543815104 0.3951606253682412 0.3596202529915828 0.3266520415100092 0.36587683250876574 0.37834807462665876 0.3715504279372893 0.39487699329651066 0.40031076112088626 0.3640626470526925 0.3124743485703739 0.3192850178211191 0.334823435875695 0.3086359693140951 0.29410801934595854 0.2982774189059812 0.2896590190422844 0.27856741420981973 0.2858357321351449 0.3387873933954074 0.4010006643224422 0.4064610955296705 0.41006984656777756 0.42134438318936207 0.4078936995297897 0.41307921116040225 0.3921740031985284 0.4420834542743745
0.2988816170997774 0.3082488369593878 0.342582056052854 0.337664896961044 0.3896049896051817 0.33701652702647095 0.3154102662826262 0.3587334207405937 0.3490212482451216 0.36655384820010156 0.359297349063957 0.3754518901728357 0.367891557790339 0.34034186894281376 0.344731564547242 0.3742050766557063 0.3530470625643161 0.3322613143810457 0.34261994741788077 0.3409840695590511 0.34274784753081194 0.3625435149410218 0.40556320722776074 0.38630981618183075 0.33633077813065987 0.32990230168486 0.3309880587775663 0.29419751159520224 0.3159918975459211 0.2911132700677692 0.27481960789957294 0.2754451327225094 0.3138395947247857 0.3031821355659 0.3600554931544471 0.392039757077468 0.3884965864113785 0.4066323824692581 0.44274136785321566 0.41512886311216485 0.3849557770210817 0.4215594331175436 0.41685633708293085
0.3274156635857716 0.3392501002411546 0.38990602112253986 0.3679484008677895 0.41741992002101297 0.42040771995703013 0.41302743039531503 0.3729696151216275 0.3895421407784357 0.39890123772881 0.37898557611055267 0.3636800539039898 0.34335188314549825 0.39904555902393024 0.3557596047057119 0.33953021749682477 0.3301136549334735 0.29559391409162367 0.346477070632874 0.3582049651386655 0.34355778992499797 0.36192691938663646 0.39760641526473456 0.37422601738557154 0.3387807874699163 0.30093303514911296 0.31504059488861896 0.2780608235597997 0.276469040284376 0.2910048559626228 0.30448567659108217 0.30592377179467123 0.34662506450803665 0.30812668388159836 0.3872040199016805 0.4003311258668437 0.38208228269549566 0.4521975250050405 0.4306206880211728 0.4452569534617391 0.42394120365174254 0.4019371569600951 0.4366330486948734
0.3108066031025748 0.35614132655944486 0.4035044268985248 0.41705715239259883 0.407210116046234 0.41384593454809265 0.4408780911457682 0.382192568611936 0.36173358201110284 0.38396670516572823 0.3658460660848171 0.3729066323406077 0.34761852379696356 0.33685319457488216 0.3592039550830574 0.3383205475043207 0.32551334166070434 0.3164232606730903 0.3397735661931721 0.350379345859609 0.3543900933989516 0.36148562047932725 0.3531676970859932 0.3773849423519731 0.34258490463200747 0.31685481838612983 0.3169494256745796 0.2987126510558425 0.29327238872607775 0.2787815535897848 0.27745146850864716 0.3284948185033815 0.34015408272042813 0.3829273784507959 0.38300864391591005 0.38660418648490835 0.39090467496129383 0.4125145979303203 0.3990622471704438 0.44285436934774397 0.44343874774040776 0.4574118323945956 0.4353012199482929
0.34833413125448937 0.40092353861049634 0.41941339663388155 0.4032141833857407 0.39550356378713136 0.4611129134821383 0.4474896068130442 0.3972807645956588 0.39347773714891343 0.3363827502705583 0.374251241161842 0.340981279907847 0.37425951490553183 0.343948177062333 0.33818135262796584 0.3643164590299321 0.32480633786122387 0.3093886765805752 0.3314314955579325 0.3481677981055603 0.3661283688955212 0.3259372646761755 0.37435616899903584 0.4074962210767673 0.3547867797711251 0.3729429536135796 0.36199203907765687 0.3212669788365388 0.3030039484760991 0.25832473287581786 0.2863526423712574 0.27896307116353136 0.36117079468605184 0.39323693970025597 0.3859796989325063 0.3707269114301026 0.41432807602789035 0.3844323806622844 0.43218548905812176 0.40284223558008325 0.43294411268929167 0.4537997866994589 0.4362467834437234
0.3487259279773798 0.37360110035326444 0.3872726473226569 0.3963927623270794 0.4049814244364559 0.4073357181214053 0.4411691781531031 0.38972507691071817 0.390302319668393 0.3921774811988109 0.34442406155161037 0.342335785730693 0.3476375353966704 0.320452628613295 0.3251746777280439 0.3480397590028417 0.3292120614722596 0.3220601674380193 0.36585168303216525 0.3324262907320848 0.3216036281610824 0.3281378284479869 0.3568425388796372 0.39817212022734316 0.3655239381393117 0.4139899462784154 0.3850384751974391 0.3314581775601669 0.2916270138318502 0.27983171886742075 0.2884344371522133 0.31434597325368996 0.32932341403354176 0.3497930369128884 0.3744929381422475 0.39420803149898076 0.4262373939347292 0.4151089450859757 0.4286259623213798 0.41882066135183593 0.39383040355787496 0.4453417080432118 0.40965197996195407
0.2866088571904356 0.29650162692638155 0.32781366233490783 0.3670846351820075 0.40134226524400307 0.4091440554883695 0.40161912777389985 0.410589000143947 0.4334483954042604 0.4040705250132612 0.3799607999003401 0.36231373934031275 0.3371822411334711 0.3371405292124933 0.36990373054032993 0.3648304871132109 0.3824171091021999 0.39350013506521203 0.3677305717872389 0.32641789330737214 0.3194179970809996 0.34552410007326373 0.3480333363749862 0.37969280636034636 0.3988850231994337 0.41641908011319095 0.3691864581893028 0.33694280676205285 0.2939022159651287 0.289660489267102 0.3015661134840679 0.29063741734032206 0.3028455948923578 0.323107810970944 0.36244187491079394 0.41588131108398607 0.4160620779321805 0.4485960291943031 0.43345565277004466 0.3929361164090176 0.43267703365194216 0.4428565006887656 0.438025772448604
0.2868501027663349 0.3148322019331889 0.33313440331190625 0.37653888506820793 0.38587290621404774 0.41842098852069914 0.42813222595740974 0.432377660319275 0.42616604190969076 0.4040400072834513 0.42499504758028167 0.4180943215459167 0.4117680427683038 0.3809817584443929 0.3745740697681394 0.4044829195243061 0.4230123210673265 0.40562293888963946 0.41908046395615856 0.3554652676518343 0.3626376664450468 0.3724323729533246 0.3476363040344477 0.38107713454553366 0.4010449958732953 0.37652343753838047 0.3718303738750575 0.3369447243445801 0.35885774286338623 0.3279549567592348 0.3248918503961782 0.30589439631230475 0.2946809379218323 0.2950389646487273 0.36475904350753846 0.3701325927626197 0.3906796618450276 0.44372272037500365 0.4551523572146983 0.4015089366477508 0.4072508341644501 0.3940925984494559 0.4165446938655217
0.2880204828857884 0.2710360028063346 0.3232313986867044 0.32997284384107717 0.40003835628806683 0.4181097347957238 0.38547081902264446 0.41959285156186565 0.41153181780504505 0.4421968446075262 0.4470602462232529 0.40604346517103695 0.4311052079656192 0.45512139648115346 0.4526588414467957 0.4278281857327563 0.46414691820924886 0.447118106093238 0.4604010470339468 0.4306979980057897 0.37575580085987936 0.36146176350252185 0.36313212254055327 0.3687605889222193 0.4082065151401234 0.3862576877732902 0.35571528961590226 0.3517336084034724 0.3820811900050549 0.39144452594088675 0.34062137673167964 0.28333171849914024 0.30710793803534375 0.3111854415959026 0.36188593841557337 0.34454208094813155 0.3888735860665372 0.45923004673413687 0.43233215533847463 0.43824914150330496 0.4404193251906649 0.3943245574594645 0.4234054203205979
0.2723028447788418 0.3067233268048581 0.3066959930091288 0.3237407579217264 0.3510898906959027 0.36124622505963244 0.39066312812489346 0.40333478023006186 0.4356709038852067 0.4347070641447426 0.39958460491231923 0.4107133361096423 0.40445714087110246 0.42870844155156296 0.44947025041921 0.4587675302519072 0.4519074667517193 0.4236316838013034 0.43829783466335315 0.439011352217345 0.40929350378255297 0.3833819041209498 0.3508849745699212 0.36926576364335223 0.3660686633908097 0.35732447913190757 0.3426067785017008 0.345085815024044 0.34234746745499367 0.3348561317613797 0.35331232808751234 0.318849764711023 0.27288985420008827 0.2734826164440195 0.3473786417268085 0.389475973687282 0.4158383564953337 0.4177654229736985 0.40956200658858527 0.3912789809047527 0.4205701574377996 0.42044143102322423 0.40903150045313375
0.2879257840247735 0.31880694237416946 0.34721001900582915 0.36441536162823973 0.3935145059079893 0.38157899829555275 0.41371545002226995 0.43059837826673114 0.4121814285979733 0.3695647680976292 0.37749957961610014 0.37234897712773735 0.41871673962002715 0.39367046078047585 0.45061601662163614 0.42313476087314644 0.44247907465058234 0.4520235811048592 0.46041552877492287 0.47429728131653137 0.44274262674494597 0.41189499951697817 0.37515360728602004 0.3654737332931376 0.3595808785987457 0.34762307166492556 0.3651206801436653 0.3584244076398128 0.3191390855234283 0.3470387235502663 0.3514575369274439 0.2946365139311417 0.30653524636975976 0.27196003955844134 0.3020733910809946 0.37947882248944975 0.4172750497394552 0.43285447361427914 0.43061324381598703 0.36800799571212295 0.401139858447433 0.40293036638343954 0.4286897400096192
0.27467315590690505 0.3021816060105113 0.28868046971941086 0.3222937930478748 0.39645634601732704 0.38314036180891387 0.377521918757565 0.3598576948618505 0.357731756675095 0.37008394624593355 0.3563861201636865 0.35501587370178384 0.38996505780176993 0.40181302224619864 0.4465444799896766 0.4534889206582349 0.45148621387180515 0.4586280553539272 0.45414337214881395 0.437430204652399 0.44882928417853113 0.4153363751708825 0.40704218142294635 0.34917233874382864 0.36136772793715305 0.3406017072432344 0.34072397086093104 0.33259210519502497 0.3410461792070254 0.3358779584797772 0.3109899603684998 0.33888305832257565 0.3009673427195474 0.28973507091897954 0.30130093433659044 0.3407106264989328 0.3746146925227247 0.3998791110001062 0.40687402028620273 0.39340190848164075 0.38959403545712606 0.4146917406689494 0.40477036558606533
0.2393429830268167 0.2675324793396572 0.27600294256880603 0.30536617878269257 0.36062348376867126 0.42125897238209953 0.3809775648557088 0.3779571386543565 0.371549185617409 0.33243580518305915 0.340462823164538 0.38903043807180926 0.3959829225901254 0.4420184066525652 0.42516452540665556 0.47236152257929953 0.4748252544785616 0.4640586553418696 0.441018426797681 0.4208690103785179 0.4165301846478803 0.43012778745611224 0.410219298993583 0.3781629397475 0.3399876334365179 0.3742314182355622 0.3853179447804937 0.3681105516121165 0.3495934359863648 0.3088715739985382 0.33582720276763495 0.3392876848647056 0.3037160254975109 0.28827255670460744 0.3194036212574732 0.3164989263024575 0.37651573541957795 0.41864426594379195 0.4130967470235477 0.36266179766445555 0.3878579569870355 0.3904499813481718 0.39643057746574006
0.2834438805574256 0.28017506089805777 0.3354507291812068 0.31944532048377683 0.3716826614172716 0.37642711383135224 0.38319331880830576 0.3765518961721123 0.35579800483442764 0.3613227801214685 0.3676636803619794 0.3419999367030922 0.3574144555860413 0.4015205769877448 0.4432647852881657 0.4326783046770001 0.42871666426911426 0.4081275290525892 0.40260959112261074 0.37472693763882275 0.3689773045166462 0.40064266008809163 0.3516896283100735 0.34424936524920474 0.35264255966468266 0.3369898991733897 0.3466061367424626 0.33037517053557547 0.3209092531625745 0.33453705742029083 0.3304474968144261 0.3310937946155049 0.3292935413029981 0.3062052818780644 0.3384257040853073 0.31886199327880244 0.3409547811715525 0.3792108805311357 0.38204207765200177 0.38877900832420237 0.3557916726023897 0.34480018879075675 0.3312452305378357
0.26583020181751027 0.3317000211190144 0.3219835890463651 0.33061315785665635 0.38348481698687015 0.3775909177491002 0.37560114947410667 0.3201442104317045 0.34995592580917406 0.335772577587215 0.3346432530625249 0.29821959192125197 0.3529412523467632 0.3684582442776336 0.3657557619999537 0.39927240860888724 0.3805939526150054 0.3786447558046573 0.392759988256841 0.3838261142744094 0.34714587546854747 0.355788090405899 0.2972641970324154 0.3067621619219768 0.29496989223175163 0.3056650068429294 0.294077673006158 0.27521243971760445 0.3041516607251546 0.28022229962525413 0.31975528469742837 0.3013399368889448 0.29973205665096586 0.3079978085943901 0.3078382146102327 0.332463761104481 0.3370033471457606 0.29654902236138464 0.3221371162697097 0.35520177142203385 0.3438742335648074 0.326935654012587 0.3217262987568843
0.2703145495761334 0.3053573311988452 0.29148270540986715 0.35304443151041676 0.38039613350495555 0.3989113840730943 0.38548764871397545 0.37781384583481675 0.3368152665397078 0.31460810889446894 0.30294847332868036 0.2905806958242607 0.28961622169500306 0.3622892352597287 0.3679708105290858 0.3667188030022072 0.3333162207625477 0.3470188017509974 0.3490628445663306 0.33488206604992776 0.3452458071435528 0.34665905904699323 0.2846508521482897 0.24117368291600144 0.2536983555169357 0.2741850699440119 0.25205615615339944 0.2758371418072129 0.29210776859743937 0.2676862920904728 0.28302164167698524 0.2674477574417626 0.24709750169217812 0.23770898920989073 0.28432443590133855 0.251282309450704 0.26009833450681286 0.2772641864074554 0.2905970391472716 0.27283242491839055 0.2951899242781788 0.3011092150018036 0.2710790106536512
0.24240746509897412 0.27027796280201755 0.31104512843654186 0.3067085872077799 0.36293823424466476 0.3960119305783882 0.3813028836083762 0.35492900338868405 0.33515917549590235 0.27864868499204265 0.3054418034343861 0.27960696268615837 0.2671406332037891 0.3257582695543243 0.33383537013941955 0.3147006080385636 0.3306682892196853 0.32386528111556184 0.3205574692396178 0.3024991083144541 0.32051865870764124 0.3227745742870926 0.2278780405896825 0.21276714896495313 0.20846151410746622 0.20663245349377993 0.2122551267673107 0.22003337633923603 0.2759479622514885 0.29823859197113123 0.27816949347561615 0.20296398567990073 0.20422463717130618 0.21329540411181036 0.19768970699246638 0.1894761131994903 0.1949772213203251 0.23068913121938264 0.23730079799302783 0.24485189513069433 0.23031011153987638 0.20374635102441438 0.235955380664564
0.25675868884175745 0.2763763082512768 0.3242962464618025 0.31406247157091294 0.32351728865999485 0.37017991484165225 0.33449870112224667 0.34029252460248016 0.29034702859441325 0.2763191661656409 0.25549930456625547 0.22718571923372533 0.24973700587196632 0.2710344549345184 0.27456588585533 0.3047544549521044 0.29828186543471125 0.2709056767449844 0.29016268002030116 0.29352394073151283 0.2583195330256887 0.2790604644869117 0.20935434371977818 0.20201584703530434 0.18049658535834143 0.22122872040375285 0.20786996242141725 0.2137149656502186 0.23095332350004158 0.2654967150478007 0.23125202949315965 0.2106902015645302 0.1652649272593451 0.18534047945909116 0.15010034979432907 0.16540077929035668 0.1964563739879044 0.17755200611672642 0.21632255216839102 0.22623983193917893 0.202836332720881 0.20866577236204434 0.2069096552051069
