Raster_benchmarking/continuous/raster-248.asc
NCOLS 100
NROWS 100
XLLCORNER 1743156.6287686217
YLLCORNER 5469295.777226523
CELLSIZE 10
NODATA_VALUE -9999
[rows 38 to 56 of 100, columns 43 to 85 of 100]
0.7327052501291484 0.6974758519686457 0.6406698909085734 0.6044157267000855 0.6185647789420382 0.59577524310286 0.607876072615892 0.569108188504276 0.5677160538564081 0.5810566013319549 0.5979119687945134 0.569347510258528 0.5257466161526397 0.4798355241542936 0.4671373562244805 0.503381143524032 0.5003272377596721 0.5468154297080217 0.5507250052637237 0.5662666967281187 0.5732715405382042 0.5786265308314366 0.520406935611703 0.5224025941081613 0.5452145604256533 0.5498983797569857 0.5314667427713324 0.4956550610420589 0.5455016262577522 0.5619003077662594 0.5552341950242689 0.5817954853420899 0.5646619826524889 0.6094469490217493 0.5982853483175847 0.6079346404699536 0.6216039743682304 0.6161573564986387 0.5936026668025478 0.5880475603953613 0.6125619541389098 0.6127840781423123 0.632800821212637
0.7752433422547262 0.7226708148207366 0.7042818071582956 0.6514530846953279 0.6229624831880344 0.6125297782871227 0.5901664332819246 0.603942826131388 0.5686006652907387 0.6076106981062792 0.6011343324897616 0.5739144231198704 0.5847951857476231 0.5292192875511902 0.5199507634626677 0.5523124545941234 0.5287098280551692 0.5325399986467153 0.5698153643034394 0.5650940461543499 0.5315945514351949 0.5635172804270486 0.5469266430137519 0.5031561127304963 0.5311638083375295 0.5370414376537874 0.4963757870664645 0.5261365442305207 0.5657967343055272 0.5692217677577169 0.5918087663672226 0.5916236393071773 0.5607650245377512 0.5992301835851799 0.6218032817501721 0.6211391542795504 0.6093201818981221 0.6073809579056024 0.5883751165407377 0.632908508393011 0.6359849006439081 0.6541833486220747 0.6562524990627815
0.7692687125381908 0.7598356340653954 0.7183797142055737 0.6603751051869906 0.6641525877458531 0.6884167518378799 0.6365260066493732 0.5954743472309658 0.6142626474492983 0.619920207899894 0.6198447199706132 0.6005663293098563 0.6142808933618249 0.619503129336657 0.5779875721271638 0.5742321395489102 0.5698561176114326 0.5739236414163267 0.5528753760156364 0.5250729130206314 0.5171016814345633 0.5394352345624008 0.5036193915587689 0.486844998826318 0.48694824380470036 0.517688708966871 0.5335876005376584 0.5228708749243276 0.5682218243227911 0.5992294253848481 0.5687641775939206 0.585905769961251 0.5790840180728358 0.568423739309966 0.5826144779558611 0.617699409139629 0.5714747739059853 0.5589036294715362 0.6047561079623419 0.6226860393806761 0.6397426298574989 0.6133321617965072 0.6489056408829382
0.7611144523089233 0.7506025286395913 0.7357439601379515 0.719704783397318 0.7279935642975945 0.7018853921212855 0.6575187131117749 0.6079825769966073 0.5968223282697397 0.6156817026715115 0.5894056282538935 0.6064500809441081 0.6384941505502982 0.6507259939981755 0.6210058205419207 0.574416008457138 0.5738184505633513 0.5650445519520848 0.5254512082840387 0.5088316048999967 0.49083295046819314 0.4743386008301575 0.4735456912146363 0.463580223296733 0.48056955508214577 0.4994848372634109 0.5067524144658113 0.5429113299003575 0.562435350678891 0.552749567474761 0.5808128896181245 0.5876920372470141 0.5650394552878915 0.5719931059632873 0.5932346083505313 0.5623506430742249 0.5531939841550472 0.5250489921942448 0.565801439408874 0.5921006169117167 0.5953751283336916 0.6456145449836957 0.6861252854449995
0.7576369900081655 0.7545091856903856 0.7524101323150713 0.7299863181831895 0.711604581591255 0.7387149206075045 0.6870590681305586 0.6504579823445569 0.6061779112359502 0.58947651122172 0.629055734440622 0.6485785529434144 0.643950427639009 0.670200961313994 0.6255413466628702 0.6176273349034296 0.6186865395224971 0.5936286654793836 0.5227875766159213 0.5015479930014097 0.49128756028078213 0.43370084488210237 0.4542181574695702 0.47497987099136446 0.44743280400355734 0.43652491028499535 0.5136994600379278 0.5288329461552232 0.5600927964429739 0.5629238682959127 0.5492113585732774 0.5442623147740641 0.5413004867562122 0.5855586392585973 0.5614300522166267 0.5425327445888953 0.5097943138093212 0.48903339798475204 0.5506362768907246 0.5608983464844239 0.620341984214156 0.6843096556098122 0.6939246369020433
0.7330764406438159 0.7250243556092933 0.7533324440804953 0.749776685288131 0.7176311870372173 0.7337945691013401 0.7139775490991569 0.6886153073965802 0.661124466571225 0.6487401376951497 0.6236626043692742 0.6599282610922735 0.6842810525370151 0.6912337168356636 0.6635613525534935 0.6297169846858968 0.6225205642039896 0.6194585924765477 0.5564330640100726 0.5008689704960003 0.46738290604375565 0.4686454236279675 0.48957964559560835 0.4987363370821476 0.45300651757947674 0.4407647876017086 0.4989491726393875 0.5170842453374851 0.5242386458040037 0.517899971027753 0.5662348162816252 0.5283667884678073 0.5471215181504883 0.560462912046032 0.5714477700640427 0.5658268900364294 0.5455870148961234 0.5567042444876058 0.5619910911813342 0.6003769064267875 0.6499487148963958 0.6661091635714468 0.7354333605906
0.7323419143900901 0.7149975499167248 0.7287402610434501 0.7621730513720563 0.7087239841578501 0.7089685668524462 0.6880623298322192 0.6934965297485514 0.6566470456722177 0.6459895041539273 0.6381002688928205 0.647922460920867 0.6697815788062269 0.6797753809077551 0.6474117346450763 0.6329530334016475 0.5976283711129452 0.6071143902642869 0.5782264107667058 0.5406515076684968 0.4724296188763855 0.4862516142303663 0.4752439077253451 0.4893181244859806 0.47510656358501463 0.4618273402367216 0.5040965258458493 0.5307215983250566 0.5332148802360543 0.5162417692590862 0.5446379060124379 0.5357104554612551 0.5493202409261326 0.5827974877465363 0.5777133527918281 0.5925556107935651 0.571854921527827 0.5541148761730089 0.5501263315264378 0.585839329025906 0.6633614400294916 0.6837332240305456 0.7231197837714048
0.742961135977853 0.711100712467398 0.7077580360232668 0.7061841963394163 0.7508728765166522 0.7225961807287911 0.7017675661415141 0.670996145525998 0.6599072273868417 0.6340797117408652 0.6493041072776884 0.662524438729697 0.6751428690407578 0.6976141387351317 0.6743633462565737 0.6528942300258926 0.62122287079653 0.5879491609567923 0.5492700102228755 0.5163155422467743 0.4994971834840685 0.501033285702135 0.49558218146980554 0.4725986030075862 0.4822757727611542 0.47610355615103817 0.4823241121240431 0.47875393481314765 0.5158550161455999 0.5376423450304414 0.529975450036333 0.5120563817617366 0.5551907275063137 0.5734413756919111 0.5438397983029801 0.571013637564584 0.5748310020539034 0.6169893097247903 0.5994052881025306 0.6135185594573755 0.6454038932636593 0.6872927932662486 0.6906026206180457
0.7395295418799004 0.7231080886652281 0.7302130690022619 0.7083598675380792 0.7388085473071064 0.7453583256914288 0.7482075498682814 0.7269831362482857 0.6750567181625884 0.6447522120065724 0.6328617119271683 0.6793051361664197 0.669352000507431 0.6985890202592974 0.6656122603851482 0.6479795816365932 0.5705447380327349 0.5053601722383428 0.5363755590334512 0.5524636106565429 0.5303828094440683 0.5018884508646207 0.48606550535377574 0.5257104843719281 0.47356341423015214 0.480662229192126 0.49031500103670933 0.49263518020226343 0.511339257455981 0.49224914821198323 0.5157225237462951 0.5070621324315925 0.5234154855720761 0.5090878656608744 0.5527016423908012 0.5315988046111574 0.5820357996709344 0.6399794081480796 0.6394919441407213 0.6101122943925832 0.6442701197154581 0.6581875155381742 0.7067475444995445
0.768185179888623 0.7578390347323573 0.7332592124101713 0.7317758636487337 0.708032055598194 0.7348423314180403 0.7317693098096291 0.7013486439940622 0.7110374684981758 0.638975565780294 0.6507970682218136 0.6809026972577615 0.6811864284507799 0.6401231255715297 0.6625962555481227 0.6132330050337854 0.5934180933516882 0.5847576773733131 0.5499344104057725 0.5321731448710204 0.5391878767952409 0.5367996665085986 0.5234924198473394 0.4970693918173702 0.4928945709862109 0.4881741458588829 0.509017477536186 0.5194221977095563 0.5161916239185043 0.5130109346242787 0.5143590581390423 0.5317876856769911 0.5003111887709548 0.512419141095537 0.5576039988868866 0.54358113805163 0.5691173115056242 0.5808264354148955 0.6144685472217576 0.6162880443003573 0.6398863989252633 0.6373983433873124 0.6657404352215933
0.7463697781958152 0.7562183062716871 0.7577236835327623 0.722625768454798 0.7459234815121305 0.7566519522738219 0.7538774958720137 0.7346249568849194 0.6783451063839955 0.6467790103132708 0.6299313696056902 0.6603974043439895 0.6502774093953996 0.621632765513527 0.6134846857974918 0.5990885729362687 0.6219492549124819 0.5872475448075651 0.5461067747785053 0.5198903227409281 0.5528303065674626 0.5386164561733217 0.5143327316957167 0.5204462706524101 0.5161935235822159 0.5240939204081083 0.5279441336048201 0.5164880328634837 0.50947857617155 0.5501298219514098 0.49452280746208216 0.5027567056149066 0.5461445840133202 0.5667164025000329 0.5529382315462235 0.5526969468585304 0.5655483174708589 0.5678381121686988 0.5829070803924197 0.603796859429497 0.6131053133564373 0.6072700666992243 0.6482197756374366
0.7363465593743285 0.7421284054993316 0.7329203930724902 0.7175140718327061 0.7328934544453557 0.7179086515887467 0.7383409519155402 0.735345526480866 0.6926239825170473 0.6684489874520471 0.6500387779398022 0.6579365259334128 0.661150179671028 0.674134088302803 0.6369862645238451 0.6307365167426437 0.6288106403774015 0.626743274545925 0.5715607451666038 0.526343618270862 0.5121562118256094 0.5348170461982342 0.49743917034931556 0.5331350810401114 0.5502058501588617 0.5702476398440101 0.5287942993040675 0.5245993051564973 0.5429983679042266 0.5410618292015348 0.5154756451096977 0.5152274549544269 0.5499044895942494 0.5460758758673492 0.5576409802680333 0.5798953174064579 0.6060817995532981 0.6057310527065185 0.6049323595202556 0.6411026322211139 0.6310532339342286 0.6234567381920315 0.6236926035196024
0.735594678399546 0.7359727997831443 0.7728591593932079 0.7822922580531505 0.7452172582058564 0.7457816559437807 0.7552357984744654 0.6956500208088959 0.6639509150107259 0.6469031132230806 0.6548809225258929 0.6341332519910398 0.6341106279613744 0.6737432127547414 0.676614267815544 0.6597505841209974 0.6697110954341233 0.6358847574765207 0.6180703301609646 0.5754654849811545 0.537328251632313 0.4880115986366298 0.500379774609471 0.5022585747966991 0.5495013950025822 0.5862103826045242 0.5446568802912862 0.5406731492399933 0.5367785143908693 0.5707300279584646 0.5502611954334732 0.5070305431292794 0.562600236411593 0.5902547305229111 0.5807892976227587 0.5938957947180226 0.61424431158245 0.6376720145544346 0.604265207183042 0.6397083236445956 0.6343178087080367 0.6281017567760703 0.6424299674016144
0.779231256153431 0.7683500885193699 0.7977885519811742 0.7750834965107496 0.75815036003117 0.7643871669691593 0.7513090239622948 0.6940060752150728 0.6924735221916567 0.645287336269826 0.645560756986861 0.638883318921261 0.6585303019110569 0.6590943587280281 0.6491338321789795 0.649706081123542 0.6692720670264481 0.663463397927972 0.6203243280643654 0.5758648855064796 0.5297524415197903 0.48508524630822775 0.5109819557147796 0.5180689421663153 0.5631435320126192 0.5974076595728606 0.5599942820109889 0.5758109849152392 0.5439854915860294 0.5379789083426048 0.5519315716626501 0.53389679655289 0.523895298146058 0.5426369670664942 0.5859229488478166 0.6116594815807572 0.619831291890077 0.6528122808281094 0.6147255252943893 0.6371309019382088 0.6278818136184651 0.6346397465683457 0.6140157396051161
0.8197302261757742 0.8006461508100438 0.8298264606980068 0.8139565446572027 0.7766787030744925 0.7629139420046741 0.7669999410506715 0.7357503416137039 0.7210738432191997 0.6862695634956457 0.6676255338805938 0.6818824536053277 0.6779582359087492 0.6317830880467695 0.6435488033595226 0.6383436988042311 0.6384248734590746 0.6545809829461541 0.6341338446307165 0.5659418961969828 0.5396411313265248 0.5027348730382168 0.5284277997584029 0.5308864876075582 0.5591862304089409 0.595772150709703 0.5481529723720733 0.5736954245038649 0.5619101651565475 0.5170727866894017 0.5261350073838894 0.5287325656094805 0.5174717612848131 0.561974875587217 0.5757313900139787 0.6001393524498989 0.6225028362232516 0.6536786616912519 0.6275798793357341 0.5994351414059393 0.6433814301762866 0.6422831864416059 0.6300545663692393
0.7980284924367967 0.8271640262035851 0.8196710109550778 0.8383704205185896 0.8146851170250258 0.8002585591404386 0.7892052480647157 0.7427976961863436 0.7219728972097088 0.6854720550035862 0.6835689645984 0.6786972435918858 0.696688185517715 0.6490906456567459 0.6466810369241404 0.6303951220076276 0.6229918325971684 0.6455865257415283 0.6385457551323921 0.5890146326125114 0.5461315729830941 0.5664049303601191 0.5456446897247903 0.5403692222338503 0.5836693883007699 0.5621707106885172 0.5544531309115985 0.5211567525772052 0.5193942705367154 0.5567702508458058 0.5511755385619009 0.5124417441565365 0.5175070451048163 0.5185459831075755 0.5572969350539901 0.5828541492080053 0.6165736595923943 0.6458135694317895 0.6132168513535857 0.6108111409466607 0.6469145935034134 0.6061858536668009 0.614590104261954
0.8452915389831265 0.8170570322694651 0.79119325767093 0.8013725998280963 0.7998462656271534 0.8188538308428612 0.8009091820138386 0.7776679608559925 0.7075325175190245 0.6692223852189041 0.690271207839004 0.7059158432325976 0.6910059704526655 0.6887728445006833 0.675289844128528 0.632638324813968 0.6228114639893253 0.61997671288279 0.6016963922362344 0.6181753449143731 0.5716421722376445 0.5964197285575992 0.5823769770498702 0.5482188381158902 0.5883631041599092 0.6084088054014251 0.551570369301466 0.5347219861088093 0.5576024767512445 0.533977497524769 0.5450119449672027 0.5548895013809282 0.5135522293922964 0.5254935931524798 0.5301323442061744 0.5682389462484203 0.5974898299178392 0.6043944583039103 0.5907812965361038 0.6456503477217064 0.6313237576079718 0.6093586296223168 0.5868602580211147
0.8461319634685085 0.8054061963034042 0.8126553951299756 0.7960399008829915 0.8008677662138828 0.7842320469637641 0.7728293247687221 0.7484980017622037 0.6955079855877999 0.6931809236241703 0.6906791363437617 0.710913614035967 0.684298485366626 0.6609925480680541 0.6379079325342193 0.6428420397344153 0.6444373224778026 0.5989645773334552 0.6148718914150169 0.6054869818368142 0.6037753566712171 0.6001888900323235 0.5903871357221288 0.5921310860710387 0.6160321738611612 0.6166829003386008 0.5935893045122 0.5915205925017833 0.5543642189902782 0.5692305541165548 0.5433783538151183 0.5211265762573372 0.5590713491637057 0.5500510873356349 0.5304811369643165 0.5611624144219761 0.6035173613370203 0.6218868994005571 0.60195097030216 0.5878561674451521 0.6064716930470555 0.5771975494578535 0.5761579794378157
0.857313811001126 0.8442353320263841 0.8291022812907574 0.7980276186907816 0.8101688783345119 0.7781673386918267 0.7709185193829566 0.7470832762888754 0.7000589028282047 0.6794188350220252 0.6631473704744154 0.6807956389065452 0.6726239440796964 0.6247706184343355 0.6080560205252139 0.6336277889965626 0.593280709431563 0.5844504819301327 0.5802820411160174 0.6037897693331739 0.6032300378566573 0.6383852648218858 0.6199426227308771 0.63177326171368 0.6216501663217048 0.6113759141133254 0.617161718981038 0.5875427930287778 0.5967351101603146 0.5758868398024306 0.5228956260619264 0.5248681181312137 0.5525095611366748 0.5431166161275519 0.5378465222350876 0.5730094048082868 0.5507505597377472 0.5782748583141043 0.5838377872841658 0.6018894715325165 0.6028313898597315 0.5480330804520525 0.5431377990003113
