Raster_benchmarking/continuous/raster-490.asc
NCOLS 100
NROWS 100
XLLCORNER 1743165.3855260948
YLLCORNER 5469277.640213552
CELLSIZE 10
NODATA_VALUE -9999
[rows 38 to 56 of 100, columns 0 to 42 of 100]
0.8011251557912453 0.8073381825580587 0.7945340657077331 0.8051485446795398 0.8168543760276649 0.8289365651703806 0.8314868692849945 0.8407820862906872 0.8486582782607016 0.858625901474803 0.8561567339705788 0.8548775386319364 0.8810259861127587 0.9037952293621584 0.8787268071589998 0.8714511113449114 0.8239913680994675 0.8147122981056282 0.8077410125696577 0.8186882002687345 0.8140794149486346 0.8250819099113502 0.782097706173824 0.7617338496982062 0.7643533144268514 0.7823961227181704 0.7448416952391503 0.7509810384251324 0.7620512725071765 0.7695031631350492 0.7881225277675598 0.7967262958910272 0.7800917689356395 0.8046310046366156 0.8382469807072177 0.8558514516022544 0.8272993508603201 0.8727145154287884 0.8677750708013626 0.8628902997225586 0.8361279547082476 0.8272560823712819 0.769244313659701
0.8099508001471643 0.823271774232157 0.8277688255824217 0.8169562055787761 0.7973182123087416 0.7591829343266966 0.8110225178934393 0.7759216426879618 0.7837412939260151 0.8702910631220013 0.8686553759848056 0.9016451523415367 0.9100470817786711 0.8989276768192718 0.8688945328956377 0.9184472305959801 0.8356294241367833 0.8249850108455355 0.828925441506451 0.8404131837697062 0.7800349137814161 0.7810719494035323 0.7711341191749913 0.7975289473679602 0.779881091425154 0.7589903394654776 0.7514912877539257 0.7449028834532757 0.7880326260452521 0.8092262849786321 0.7964434294506073 0.7722875680682161 0.7869181303384373 0.8359411092277689 0.8468329733894969 0.8629678700546304 0.8602772943768837 0.900124401368033 0.9304298345685831 0.9072767612933925 0.8817465601643113 0.8306234618840848 0.7933033440361137
0.7393170195647296 0.7531471660130872 0.79651979817396 0.771841425159013 0.7864224458115192 0.7856525489684786 0.7560217883414064 0.7241757451210105 0.750765179837831 0.8440264607858202 0.8750692387592929 0.8496229384475427 0.8547138944901209 0.8946245846898991 0.8791582141066185 0.8658677228984301 0.8310976483342073 0.8195043344665027 0.8124971950367563 0.8151941804822574 0.7812773775802854 0.81382242835569 0.7803468532938349 0.7946869163914257 0.8083203487748526 0.831965915937328 0.8028875070348097 0.815347222878173 0.7856944847369407 0.8232926242958762 0.8171327181567406 0.8173725559863211 0.8200633605553277 0.8275315887648483 0.8685142027809282 0.8833972804225777 0.9127468133330879 0.9043422306182592 0.929904812075348 0.921066698525761 0.8853913173283503 0.8666607759046372 0.8023355667875147
0.7145670162395764 0.7402816074007539 0.7971322975431151 0.8090213660307953 0.7996107738109735 0.7828619381859256 0.7290478036160017 0.7050097496145273 0.7277310220786232 0.7748994353665001 0.8330290932045396 0.8457721693033052 0.8181296802077044 0.8315325034743307 0.8515211412290877 0.834808850079383 0.859700630170222 0.8453916274831563 0.8190056820917486 0.803544773786075 0.8142815006138854 0.7908911523073918 0.7917531641056222 0.8092644471954202 0.828756457096944 0.8794404421319004 0.8534137677794004 0.8348988500497727 0.850779036692071 0.8122667573677369 0.8554706175335273 0.8647160354587484 0.8315035580013912 0.8047107368315001 0.8520726680928332 0.8878608626740243 0.8924818885336007 0.9196640492419097 0.9135558636708564 0.9328694278737915 0.8898948031327822 0.8875166530444748 0.8196163895338018
0.6957004919208118 0.7438545119391652 0.7287825378736056 0.7365073029040842 0.7549644261406002 0.7345069514065466 0.7267576923188566 0.6774346899095716 0.7189867264658961 0.7368073293808396 0.7415962520079564 0.791096774142572 0.8409928533138724 0.8422159920864671 0.7989968261901824 0.7980376284569037 0.8129000536523571 0.7893348278720095 0.7943936940124562 0.7981707059605706 0.7794151885984797 0.7987367477203494 0.8559821662036003 0.8825783216600124 0.878029526679459 0.8773666580283331 0.8638573373615582 0.8823283178702893 0.8550635713775733 0.8331768548030938 0.8479170868820838 0.8455385444448525 0.8749145883090673 0.8187611640831927 0.8298686560942445 0.8732173850138352 0.9213701599767753 0.916921618045326 0.905171169299148 0.9263116895891077 0.9113012006902542 0.9095168071138883 0.8673183654444049
0.6199470973396868 0.6917267256472275 0.7189536997925124 0.7069719092026214 0.7247931630297625 0.6760284779451375 0.6588760536684535 0.6738717887625716 0.6787555019093535 0.6720051480055276 0.7435273413553175 0.7681947688910996 0.7920936994974784 0.8162170003827808 0.7702678082168034 0.7849148629048173 0.8196035433490063 0.8235722239802653 0.7684246892077936 0.7779146688185155 0.769410180844957 0.8153364062688659 0.8846353673419097 0.9000646777841173 0.9118810321263432 0.8644472711630502 0.8615159154990788 0.8870969399931576 0.8680928118013919 0.8349604226192036 0.8494859619866634 0.8803113114518752 0.895556702500169 0.8398746861588886 0.8570134228149903 0.8757973927672852 0.9504275022742177 0.9322005513208942 0.9246130356820161 0.9020430924472123 0.9309515856473233 0.9124267278273541 0.8654237696270003
0.5953032490954207 0.6579433513987819 0.6601917650087665 0.6425315784086386 0.6818997747491867 0.690204308630507 0.6353512355420329 0.6203118020128836 0.6435988174727773 0.6952932825903868 0.7091119971194649 0.7033046337726679 0.7387569809489696 0.7435111017742991 0.7384075423068797 0.7673239555497678 0.7858171081573462 0.7953143577122531 0.80213127876164 0.7888046797312165 0.8075673958746488 0.8339322303547615 0.86523550799478 0.9229409977896211 0.9240201898416829 0.8881302194206249 0.9251971154406463 0.9313809671471259 0.9059806353224685 0.8614655964828287 0.8762283632438348 0.8797139051347037 0.8753742592597529 0.8816940299862012 0.9172946022017837 0.936557091183797 0.9616193757267858 0.9773905645970695 0.9457486436743517 0.9243996310201611 0.9262787923996051 0.9149950573016505 0.9079699681534809
0.542535078771388 0.5779831582179855 0.6174590579326171 0.6449392073412651 0.6684178626968376 0.6605040690020576 0.633444099101712 0.6264531271270573 0.6456271458629903 0.6630005948842947 0.6813365347043369 0.6643573312680533 0.7153881541519377 0.7130807004690578 0.6948028013824815 0.7490107370157039 0.7387541812883096 0.7881154041460727 0.783746445881344 0.8017998006837008 0.8189423588744632 0.8371187266343495 0.8455962512303377 0.9158889971973606 0.8913469976716366 0.9362011376153773 0.9756041826572 0.9723204294014267 0.9239313215930856 0.9494464825212383 0.925098708001096 0.8927929338574969 0.8861224899633243 0.9134404963621496 0.9330958784940124 0.9718399864116359 0.9923183288729419 0.9461839481424357 0.9526976194255851 0.8807264142080937 0.8942126313218531 0.893109327170638 0.8820658874857092
0.5301702146614559 0.571488489859988 0.6065947223579785 0.635895863661932 0.594245557248195 0.6381977947593896 0.6282487256471423 0.6379756555455441 0.6241054729853123 0.6212447628459261 0.6230247923745391 0.6595066489749143 0.6765322371938405 0.7059615148745024 0.701936881488572 0.70540104909131 0.7398170063103976 0.7413770437000786 0.7681618081114343 0.7913719987125813 0.8187400881167042 0.806897865672939 0.8839620274144532 0.8875063499506912 0.8851128452720417 0.8815285671706521 0.9637834147187839 0.9792359881019594 0.9681744978250513 0.9346645449845632 0.9121595433849161 0.9277175064092441 0.9078766321030858 0.9643192572291895 0.9448479370404869 0.9445601582278376 0.9693826395967584 0.9605625070457121 0.9467376849942861 0.8922809203104302 0.8940014927925769 0.8944880880187822 0.8686140712376234
0.5360192877838843 0.5822697678885576 0.5917290299803709 0.6122593787916744 0.5794625402019491 0.5637126768100319 0.5960311606031379 0.605445009625443 0.6233100835709153 0.6099624275858997 0.602483899728507 0.6283937412427324 0.6350264843536229 0.6873194837117395 0.7043244428287253 0.7470439610924483 0.7883340058487326 0.7878230164235894 0.7590745131557723 0.7549704777563124 0.7907436436955787 0.8038371346513554 0.8585007470786352 0.9232503130189507 0.8914051525712083 0.859807713372455 0.9046863087298913 0.964029315951216 0.954052276455773 0.9739584703133698 0.900758844834778 0.9296400512482319 0.9364184157315649 0.9789948838228654 0.9888001918812318 0.9961778155586646 0.9349915086233418 0.934567409843946 0.9518603727339894 0.9326029077210138 0.9158157443687609 0.890652336763224 0.8289236229598121
0.5339392919611151 0.5710992483214139 0.5385159066707427 0.5646862909030952 0.5617570315701487 0.5752984818029623 0.5754351987150044 0.60599124023417 0.6082041142013984 0.5965737356161371 0.6212794308835031 0.6529020469172516 0.6465560504318691 0.6649967397171644 0.692241607610443 0.7496961201775105 0.7583352926137802 0.7833657318478369 0.7540668133187353 0.7494040797521929 0.7542013855943862 0.7751387320354061 0.803721350780505 0.8585084609664323 0.8208356938963642 0.8324427902738133 0.8675259647621241 0.879799146970636 0.9027642574591498 0.9056687383147404 0.9102304010581457 0.9452949197648202 0.9850917633933379 0.9698517933943617 0.9809331542358736 0.9220958152427652 0.9102863558496833 0.9009889372678558 0.9287752997220993 0.8918163519006522 0.889228602156158 0.8571701077134323 0.824490958906975
0.5342731551604689 0.5192367588780982 0.5145872475763671 0.5584518503818727 0.562968352471869 0.5875437086653952 0.5938369078250072 0.6105255466756607 0.6404794665176434 0.6404775150868057 0.6375887362886252 0.5936113074910848 0.5994667188787857 0.6251144182703778 0.6674124902829273 0.7275672046391494 0.7688536281828453 0.7627414615677297 0.7420960240346288 0.7512334465511344 0.7091198627905472 0.7176654866046459 0.7809742970341546 0.7958584399771734 0.8173111553046374 0.8143657811209186 0.8396936296073539 0.904380276838926 0.8783979935085398 0.8858773170512918 0.9001120100774903 0.9402380816016783 0.9298358854081211 0.9712885980097 0.9473000199877188 0.8958701040412522 0.8858707517158372 0.9267005862988674 0.8819928074419369 0.8711449511726955 0.8343765743045033 0.8420891389334523 0.7759361511797961
0.5335216872991209 0.5357573492811766 0.5440568382262456 0.597703489630506 0.5889317799174913 0.5905915995250745 0.5791190337125555 0.6301014584743837 0.6277492278962419 0.6255765052100478 0.6453309372437441 0.5976227256978895 0.6289372116600961 0.6294729411442164 0.6584517034301368 0.6778583608214379 0.7145695762986753 0.740549132659094 0.7316505226523123 0.6888810125159469 0.6873485845697359 0.6608088484887961 0.6855031752356326 0.7087629357533927 0.7752021385720851 0.8083974992605225 0.831915528285026 0.8276631012156257 0.8372195406149104 0.8895946900671141 0.8734303986222567 0.906781904176097 0.8896712145381581 0.9395772022190709 0.9265882933848748 0.9049493877069135 0.9216352524442539 0.8916119970040375 0.85898407631329 0.8729931699742087 0.8353110472754106 0.8366605426598043 0.7999588574676929
0.5213847452534062 0.5730326255553313 0.5694247027269661 0.5968865592349839 0.5535402732315697 0.5814665247443489 0.6125775218395288 0.6259078509403265 0.6078878771691232 0.6369235416469622 0.6246101105322157 0.6146204254397002 0.5875415379348489 0.6241531861429375 0.6556212744723747 0.7163752021653726 0.6667410226199948 0.6667258522491378 0.702786788165604 0.6653227384726029 0.6651645703134905 0.6273599346888927 0.6686982605966628 0.69296912034204 0.7387341681925653 0.7484224064300923 0.7506729955851625 0.7637265716039651 0.8142886771406341 0.8811754658117911 0.8568423504461403 0.8682335756807532 0.8624243278848075 0.8853264604238725 0.8932255284647223 0.8962053839804304 0.8775653671506088 0.8425687801118427 0.8054316596863306 0.8266128780010108 0.8481345393022627 0.8195675211015157 0.8016943308771549
0.5267637867808512 0.5662035611456571 0.5690666266537757 0.5547205352856177 0.5520846721758201 0.5543353431402283 0.5879158832516845 0.6158957406233921 0.592345319521013 0.6058505876855935 0.5703753226509043 0.6109667379075853 0.6070439954433076 0.6440850141932882 0.6345953788861206 0.6608587571235909 0.6530006705236655 0.6655063239266418 0.659002577243074 0.6783919824061235 0.6567344042225193 0.6491914555963777 0.6969899020681815 0.7101126379683421 0.7327290830523466 0.7347432527960247 0.7524826756541937 0.788627327847537 0.8216900297080011 0.8642859304757493 0.8777592778637943 0.8480214791318147 0.8621811691643991 0.9237896335823933 0.919381307887678 0.8846184297321008 0.8879374465247909 0.84181456997031 0.8168648173236838 0.8372689314538659 0.8664087556090274 0.8259420901281541 0.801873879613328
0.5174911211778851 0.5074901139873672 0.534072897031924 0.5556547474435599 0.5465443121606944 0.4835041404931425 0.5355031575140767 0.536196151239582 0.5688116889335463 0.5742711515411649 0.5806751775803758 0.5694126556081536 0.6073596558121507 0.6056119703563861 0.6164401368366947 0.6364666308057245 0.6347046605586282 0.7175217378753342 0.6602655913590657 0.708758419985239 0.657702204145144 0.6433567265509551 0.6453451803754974 0.7020090045493663 0.6826907259632252 0.7072973625488566 0.767093565856081 0.8119899036041355 0.8239483792911699 0.8537940720033577 0.845874634734148 0.8569728474809024 0.8793587651464343 0.9109547191633094 0.9320413679535924 0.8856913504164814 0.8738281924832287 0.8434753761244229 0.8477589056542324 0.8724455526319393 0.8399915655509957 0.8271631398824671 0.7558891896527506
0.4955322831490632 0.5181695900315475 0.5115838105516657 0.4772185916183361 0.47830176788908224 0.4973176239345912 0.49381943938095185 0.5148379626742694 0.5077221793983823 0.5688061358495529 0.5536107093280127 0.5954438620143954 0.5860722248987281 0.6011718768389315 0.6104645954723303 0.6366805486732426 0.654539758058417 0.6864814684813665 0.6678951977525013 0.6273713777210609 0.6153531863080282 0.6020418185793044 0.6291874071282415 0.6411931766034777 0.7034644383899392 0.6980777500489076 0.73454951247205 0.7909704617145137 0.8065552414611407 0.8350464916855863 0.8064453662556816 0.8582509750408261 0.8552927826125531 0.8806220875440309 0.920735350554085 0.8897698443975735 0.8783868834783428 0.8401124163401626 0.8501190006074152 0.8611281653176196 0.8316061751159544 0.7881953980024113 0.7605078986510804
0.49403715145470894 0.4565360511406339 0.47239096685249227 0.4245403145335641 0.4399842545292648 0.42833209014345625 0.4262740026709211 0.4439203526216672 0.49157549243476084 0.5642709793755596 0.5847770053413329 0.5690031827595164 0.5579200316374024 0.5759884354397433 0.6490117415178369 0.6525602253656795 0.6432777786409212 0.6457067877784652 0.6447953906932442 0.6242223220196661 0.6210956798393233 0.5997733151668629 0.608750042915928 0.634964756787836 0.6883813885233515 0.6745854411238119 0.7290289068684644 0.7768924501975807 0.7742221805321483 0.7983109860037142 0.7920850658899702 0.8097186870163247 0.8495634073130119 0.8916771950207867 0.8687017446745734 0.8916271696855389 0.8607953264859334 0.856963715969745 0.8497854957481039 0.8215504597151133 0.8044774094450039 0.7549663166206796 0.7329523346151504
0.43733433039699693 0.4375011196403815 0.4322907546504616 0.3996937646536689 0.41633401836844586 0.39731863733527467 0.4082443925442597 0.4687094863943276 0.4768069741090287 0.5123885805647168 0.5582072936916471 0.5349181713370598 0.5426257018923794 0.5898105254535623 0.6451497578571352 0.6214449153371125 0.6380077891961731 0.6580271500802902 0.6434821567031875 0.6609869264146213 0.6591913997612416 0.6538368668503667 0.6447167541153038 0.6262946121322487 0.6648492809587543 0.710410644244717 0.7487182586717781 0.75216649580104 0.7987049406087195 0.8014396282673464 0.8108598540319166 0.8032094686988261 0.8048483747952452 0.8114179895132174 0.8600305473034774 0.8562275660394599 0.8074423137637751 0.7780735799465309 0.7905559081799624 0.7640634465636056 0.7448292764681963 0.7484288316735795 0.7000550289394656
