Raster_benchmarking/continuous/raster-206.asc
NCOLS 100
NROWS 100
XLLCORNER 1743166.7231773664
YLLCORNER 5469287.802790396
CELLSIZE 10
NODATA_VALUE -9999
[rows 19 to 37 of 100, columns 0 to 42 of 100]
0.7649053105829574 0.7734621467820615 0.7910552503988301 0.7793967805068481 0.7874373646333126 0.7743578855432716 0.7601968165053824 0.7855520122515541 0.7740745821982841 0.7884612544836062 0.8022362350931491 0.7669310211256387 0.7557059594948268 0.7910719198978208 0.8065831490069703 0.8137101622620754 0.8320432344890133 0.8112881485594406 0.7848131951982313 0.7688024326739085 0.7362394115097141 0.733579072064121 0.7369289131494017 0.7740550718821873 0.7711354711679342 0.7421177325209518 0.7555210228756563 0.7366451667126352 0.7516199656543634 0.7393838830245288 0.7244864704508812 0.7045229141154943 0.7150309519305265 0.6848587678731202 0.6928568372029273 0.7191974983461673 0.7167818183181067 0.7355912817427696 0.7242983036065755 0.7375355162378301 0.7329785618446073 0.7290408007728214 0.7145829668276508
0.7566158679407999 0.7616575016865621 0.7541625375613726 0.7708391809126733 0.7991828703846182 0.7823989350749682 0.7510470641313945 0.76974139099909 0.7822331203321363 0.7865023048082929 0.8009078706380706 0.7597101507868322 0.7574927685972257 0.7615191850646384 0.780193385160689 0.8083740188183348 0.8181930467296898 0.8099439987925174 0.7728063874741956 0.764450528328763 0.7231876592189014 0.7194529025126162 0.7495453726089147 0.7653949790672675 0.7764324925119687 0.7461312346254478 0.7519403217178481 0.7336989981311756 0.7436011637056636 0.7311321501527369 0.7243581083006553 0.7349139883600936 0.7390354225465379 0.7060034168386758 0.7152477187578514 0.7184382480800193 0.73443556621777 0.7333998263314528 0.7313433883105152 0.7121140379821087 0.706985497650555 0.7380758443484052 0.7120800178276185
0.720517602454908 0.7421121355603599 0.764800673020569 0.7504960193516178 0.7871663599969435 0.7548362811644883 0.742341511857793 0.7426414175145591 0.7738749636413363 0.7861848316403196 0.7772429748378501 0.7676085275440354 0.7566067519329027 0.7405132724417285 0.7594918846526323 0.7893470588971848 0.7784170834420953 0.7766378933638296 0.7877280040592498 0.7727931123711359 0.7284482701446857 0.7124754925723645 0.7257512381742544 0.7639826649600201 0.7695316192816911 0.7643078306789514 0.7536193740733299 0.738460304920268 0.739872157499579 0.7209825098671861 0.6822244816972243 0.726310569223366 0.7412881642824648 0.7444825949026815 0.7351530072868685 0.7324007295326731 0.7555427493868178 0.7316148587175388 0.7051084461874187 0.7223487466834837 0.7149722748166333 0.7243745403380807 0.74164398102803
0.7222707941614496 0.7343356634398088 0.7425346329324691 0.7515392703289145 0.7496693379841763 0.7313644595614527 0.7390915185542367 0.7586404366962392 0.7747082860531574 0.7768871420213221 0.7698544377883915 0.7406799718552867 0.7507602879661831 0.7599651704134076 0.7523425368514571 0.76940266101504 0.787607976532328 0.7852001378799723 0.7895845684284295 0.7503787216244012 0.7369972399823643 0.7475239465175311 0.7347939125623224 0.7498056929739556 0.7550826273063456 0.7256002118793059 0.7133321524874235 0.6981271599795033 0.6887001573698767 0.700277304554661 0.6892105284651769 0.7081233837045393 0.7121297893789816 0.7463677993438161 0.7640602172790826 0.7632258784428586 0.7428811422070716 0.7543658556754628 0.744820780703972 0.7195647357703235 0.7085281762990537 0.700194434714891 0.7066474601454397
0.716822013507949 0.7252443564130969 0.7218746498844917 0.748594345939808 0.7243171250822149 0.7334755360714013 0.7244331423486139 0.7680746080004742 0.7824342698903718 0.7538755023202592 0.7625600227267367 0.7522277994536201 0.7294118460732447 0.7519941435309142 0.7848266639139234 0.795615012738771 0.7746067969624392 0.7897256889318293 0.7665305669960616 0.752391376579494 0.7685555457330278 0.7352546376217904 0.7180590260985978 0.714611272746384 0.7170062104170952 0.6958241204627877 0.6945303490017196 0.6654176009567366 0.6652817476481901 0.6679171573656167 0.6838136950641936 0.6821213583427509 0.7302510669827402 0.7364975667928296 0.7644829233919468 0.7443785231154413 0.7414871483194693 0.7313872549553632 0.7464015920880965 0.731180063582881 0.6870644380652865 0.7248808920274953 0.7098977269373661
0.7023489363358113 0.7101175756816036 0.7046437512351198 0.7232016723423749 0.7226197632811927 0.7324535756747098 0.7527764679433799 0.7485668095412011 0.756211679310005 0.7424047770760693 0.721240259796926 0.7158651644322632 0.7342385906574181 0.7364201574531339 0.782637299924145 0.793159694406944 0.8002068533084783 0.7813195503183454 0.7477543418298866 0.7387245257069015 0.7432887555150147 0.7223515134154739 0.7105070587525267 0.7235386639505239 0.698719542131905 0.6913391209336343 0.6639985329530815 0.6785560594613114 0.6464554006793116 0.66655392170206 0.6683931957023865 0.676653397122919 0.6996651922375249 0.7115929275032902 0.7472363483201481 0.7388685361679834 0.7224822773700746 0.7518335923225886 0.7202474261994453 0.7112575655424368 0.734726229565257 0.7274089742991652 0.7256552457029659
0.6975298265066697 0.7049349683035485 0.7042331802063635 0.7317034852982275 0.7253405939490247 0.7050361205084251 0.7408211070397748 0.7443390174671736 0.7229224557487484 0.7203819763950339 0.6965698607476433 0.7344373320608565 0.7527611608111905 0.7237940119234323 0.750987781630201 0.787830038271196 0.7900397364706352 0.7690406954746882 0.7290451420994231 0.736234564582244 0.7172336166064383 0.7382939305262322 0.723346353646859 0.733946821624744 0.6969201715277175 0.6795000661667702 0.6548192391592682 0.6729114816557558 0.6468833680216145 0.6401044653404486 0.625048771306206 0.6578572419725561 0.6727385280002764 0.7000643032105045 0.7309384858608703 0.7379091651500497 0.7179641081096503 0.7138184511462881 0.7254301419803588 0.719081979525241 0.7397306937874374 0.7269218099559185 0.7338287788770406
0.6952636830953843 0.6921089612563748 0.7064172884288712 0.6942907588034969 0.6786553022296468 0.701046479037864 0.7206026435146899 0.7054366490030156 0.7107069290180357 0.7049323953594036 0.6944491066910895 0.700873377199952 0.7354792007252944 0.7318120627440824 0.7288272811567211 0.7519795400624043 0.7809427184041858 0.7373149155553125 0.7380106348196785 0.7138383106895017 0.7319027705028801 0.7384243538161724 0.7262349352269851 0.7130122232431638 0.7018061294087383 0.6612894134182106 0.6580690581341982 0.6454391194362546 0.6128269977229349 0.620352397153222 0.6375582741944837 0.6281620692335298 0.6407159001056935 0.6737477100187491 0.7195670730945984 0.7080577205154814 0.7081381769008107 0.7262444875936057 0.7186307529579417 0.72192579416297 0.7151318249576002 0.6983026771851338 0.704473499221922
0.69382488399918 0.6898662678797319 0.6657699708163987 0.654980729445711 0.6518652125745275 0.6810048773779853 0.6903329289298019 0.6899024210686311 0.6804539327701928 0.7064385439891809 0.7144473028482317 0.7050564827656094 0.7169808627558039 0.7317140146707053 0.7112675042575932 0.7262803936376282 0.771067606511641 0.7380936107531014 0.7115683810661495 0.7025599074448103 0.721575794381146 0.706259318492876 0.7199521153483541 0.6927380452729982 0.6647863514681063 0.6372454109053137 0.6452737893511057 0.6427695151200188 0.5915866624944682 0.6125578880644534 0.6141456970753307 0.6384804608086055 0.6294814649086131 0.6681161630748523 0.6999650081805094 0.6993942638480478 0.7242527655860566 0.6921862750460974 0.7103039839578564 0.6947588005664054 0.6853008141744998 0.7099136162250419 0.6888120821222187
0.6647901317291854 0.676157200248998 0.6716868295266577 0.6540629223189112 0.6238330883221882 0.6276511352887286 0.6357601660474237 0.6653306385781448 0.6863564771898554 0.6818837036913096 0.6925973208456323 0.7049274128965871 0.6943348499585308 0.7089643701005157 0.6875658020891972 0.7139753943150837 0.7210958189106412 0.7292587977690227 0.7200883654510549 0.7042810593871722 0.707975310768926 0.6852817043191253 0.6825413015421924 0.6558002191947971 0.6713877663242093 0.6473335857374148 0.6425946793162389 0.6321019709696951 0.6233058707739213 0.6211326361133653 0.6246736953325154 0.6465536221917338 0.653327439077966 0.6780190840624405 0.6796264372285145 0.6691556083980098 0.6639913000517138 0.6599131759784257 0.6551958733504869 0.6840067361037964 0.6685517847221809 0.6913916214623491 0.678805069432636
0.6542654197332873 0.6375698844504069 0.6648947750241885 0.6465572972043258 0.6146270004897579 0.6252694233459121 0.593986031224705 0.6490638211741437 0.6513286417703265 0.6513153455022128 0.667195042389628 0.6626329339161466 0.659552151459358 0.6862367663731258 0.6883209166737668 0.7049178641462497 0.687384908714737 0.6966753455999793 0.7017044069926202 0.7079331188308244 0.7133591844780426 0.705080153712407 0.6620784558342419 0.6540655330296579 0.6525126011875223 0.6296587559236214 0.6120988021967279 0.6064882601157536 0.6010091002913145 0.6280166582214652 0.6398126981485578 0.656492909163267 0.6545961525385139 0.6756863927587818 0.6816174227923352 0.6542786554044138 0.631657103626326 0.6227856139154793 0.6315415089826913 0.6404111802663472 0.6531822466247269 0.6812320023939606 0.6890876934415588
0.6130339242267271 0.6347823361950569 0.6336933302715768 0.6091591843133871 0.6084814427883958 0.5863724693259735 0.6132957223724356 0.6123921860841396 0.6293371757516506 0.6397879684126437 0.6291205516325897 0.6364297966455799 0.6311260078546895 0.6271696898142239 0.6593184270654573 0.6546265915395766 0.6669233683364579 0.6793295009607286 0.7046409804268098 0.7049781707413976 0.7213452056524096 0.6822458819872963 0.6692427571784942 0.6625214639851896 0.6623738220731971 0.6363806640865367 0.6154819442048379 0.6059661715772346 0.5922201795443022 0.6426251362748704 0.6280195777674851 0.6556570718879282 0.6429034432514463 0.6629032153607175 0.6722815225670213 0.6356387605277886 0.6367530678570219 0.6110277744436423 0.6352423490358482 0.6506928677384614 0.6621379548158984 0.6641768329743954 0.689852849252683
0.6018234866996046 0.6197699152601448 0.627031499177693 0.5907047141859294 0.6072544928299509 0.6053307492513186 0.5958783033597157 0.6065705245913685 0.5642681936551517 0.586808955259704 0.5997932937025352 0.5925368251838076 0.6005108866844846 0.6011743295700628 0.6234019743369594 0.6139576154997463 0.6109397740913244 0.6577882579726279 0.6674767239442008 0.6854523302629872 0.7125302640766226 0.7054903371802375 0.7131538379579379 0.6790353933711998 0.6668695008962027 0.6461861008979998 0.6056806993823384 0.5978913936921174 0.5988208861928929 0.6315401540273038 0.6538492094396886 0.6571640326130073 0.6752065630360129 0.6570873535959225 0.6535334606291431 0.623709753912924 0.6186648907337905 0.6281798363258082 0.607019951758278 0.6237801305632297 0.632141848775822 0.6705587116518507 0.6886606117018462
0.5952026611826835 0.605037415124783 0.5950943517672593 0.5967611014442016 0.60706016897242 0.608233103669267 0.6176436060810582 0.6004813775897466 0.5983030558906335 0.5916278964501536 0.597710913431792 0.5874756201781767 0.6061690443965428 0.5832827714595303 0.6147159008274261 0.603122281653607 0.612624960662969 0.6163424368151668 0.6484634921998712 0.6653601704736154 0.7015838681714831 0.6923826100202838 0.7155732987425023 0.692636489768814 0.639605815040016 0.6290344330972781 0.6371187461911859 0.6172835196757405 0.63776159315012 0.632191362123462 0.6316933189119882 0.6709280495803761 0.6547976616467036 0.6338230845461342 0.6630725493280315 0.6497844472479241 0.6188614089749576 0.6431591768958553 0.6365732083494885 0.6537467088615416 0.6337416281885112 0.6650456860400069 0.6471760039609706
0.5552198313219794 0.5476294014774615 0.5694522062576437 0.5949244733835156 0.5699758251184426 0.5961602544071445 0.6060058228877491 0.59655300914456 0.5994026047621195 0.5846966734112716 0.5582835631102138 0.5848968012639983 0.5878496228045659 0.5991256354851222 0.59921307670246 0.6033336041399325 0.581110259845481 0.6357013222092106 0.662331261052995 0.6526644560455531 0.673944141229147 0.6911857691255183 0.6858972675064919 0.6670367138409822 0.6494558396157352 0.6475816771423114 0.652095100800689 0.6562372336422653 0.6524347723908784 0.640992291235189 0.6395482168140136 0.6491080585728762 0.6395053596834529 0.634529961989054 0.6380466449044341 0.6387165455246464 0.6118206193296488 0.6531843211693723 0.6756127559118209 0.6776579568440301 0.6538512043690793 0.6593847256084332 0.6400003701701161
0.5392169734015008 0.5356140508606121 0.5574423074924468 0.5781395132675503 0.5807691432357692 0.5948749457340904 0.6034707060318831 0.5919089120342957 0.599300992118632 0.5911833646806463 0.5892770245365664 0.5874282020696217 0.5766602516761256 0.5818262025688932 0.5883050345180207 0.591037678641392 0.5816990199142822 0.6085820453046482 0.6389611060586462 0.636496913868439 0.6354115397938006 0.6338328109780551 0.6459008084703147 0.6629753278657994 0.6519911465754875 0.632298412656637 0.628948593139977 0.6338640502798 0.6318497049371661 0.6352432263199541 0.6351127405579209 0.6429106737239011 0.6503087128089637 0.646164236472106 0.644596983482656 0.6423025214058674 0.6287556665044314 0.636758500802225 0.6575326605830308 0.6773884324017088 0.6882153639404502 0.66221695264183 0.6564396977959797
0.514866218186198 0.5307720777672453 0.5512229306006283 0.5835317022940126 0.6098443411209291 0.6076659999162479 0.5942691938428933 0.5960587450126914 0.5577549301572122 0.5938293984872463 0.5943783960135862 0.569685249645614 0.5562883630762082 0.5615928018832184 0.5689539569354468 0.5715176872852705 0.5797956899015287 0.6094108082277384 0.5988309279137564 0.6173614919375885 0.6135536813056123 0.6463180796777467 0.6388536440571644 0.6309222446422046 0.6413699202978326 0.6155334577747582 0.6022013311181156 0.6035333873751321 0.6112607389031196 0.6152387712525532 0.6115113283080342 0.6055978769029048 0.6279601187850207 0.6115485074181836 0.6198524274486066 0.6212038848637575 0.6458261861350237 0.6401854253217842 0.6747526169310446 0.6708629310642381 0.6895332030339831 0.6485673813699908 0.6316152032029525
0.5400919244147917 0.5322077598923368 0.5494928335535967 0.5730724705820779 0.591206665400851 0.6064110255580756 0.6033380468304055 0.568729943437236 0.5719340984902 0.5882091026268595 0.6233947989591406 0.6166540329174177 0.5988316173960904 0.5731949967186485 0.5711391943127894 0.6064374271740625 0.6161073695810743 0.5874883142875814 0.6117631550322061 0.615216560290835 0.6281618033596879 0.6374302903615328 0.6370892375023496 0.6386586710431249 0.6260244476172501 0.6366112068537675 0.6121577928249805 0.5810229624521933 0.602912972836474 0.5875623221129973 0.6158795942362835 0.6186205645071762 0.6247799271842218 0.6116926493746199 0.618358487771672 0.638580783823208 0.6406513169996625 0.6425696964774243 0.6495229241305263 0.6433393870335004 0.667162169189608 0.6524452714225566 0.6572690393095866
0.5256486826439261 0.5663748752958028 0.5843905425456284 0.5973300294601143 0.6145642114997802 0.5778994042499143 0.5708922944422689 0.5773171900899597 0.5731440319370821 0.6075681378237704 0.6174573789201381 0.5985940324866941 0.62545915664731 0.6201359462948395 0.6142793282832362 0.617154617614566 0.6248750611837068 0.5822145736717652 0.5880964650679441 0.5946376851831099 0.6309485927647701 0.6545616050420711 0.6484723045825673 0.643195523238633 0.6648012785838604 0.6445149660483399 0.6070761274075238 0.6082722089725108 0.5806159710092162 0.5675766309400585 0.6104322317080332 0.6163343519380784 0.6062228501986388 0.6258136336963875 0.6218884277445385 0.6308987111832134 0.6079258542276845 0.6358835044045481 0.6239359727223648 0.641800133288493 0.6324312677963039 0.6445172338381226 0.6220175615999622
