Raster_benchmarking/continuous/raster-74.asc
NCOLS 100
NROWS 100
XLLCORNER 1743153.9244257468
YLLCORNER 5469286.633407633
CELLSIZE 10
NODATA_VALUE -9999
[rows 76 to 94 of 100, columns 0 to 42 of 100]
0.7075802743286556 0.706481987293165 0.6831962164928773 0.685907095972195 0.7053762702959403 0.6942555819993875 0.6800688004876256 0.6987269379537812 0.7198651709917234 0.731080233661277 0.7798569475745618 0.8294840566689434 0.8161512402416785 0.8182363855292549 0.8204547730351494 0.8208454049463764 0.836617873566761 0.8610832668338453 0.8628739418720649 0.8288207770541023 0.8253330743085645 0.8524226535068751 0.849378546180751 0.8647518163604776 0.8395869283270296 0.7864184860521104 0.8057769765494617 0.7830920964031711 0.7616908932575814 0.7560787507236926 0.7048925557056981 0.6654850169352498 0.6562455419299894 0.6342902988753393 0.6507619257631172 0.6494292517804621 0.6566628574247045 0.6554290000104683 0.6868789949791503 0.6421450370352594 0.6236840580518134 0.6336742255173493 0.6092675834164495
0.7069339562315159 0.6698764624479557 0.6693753590850381 0.6543943498376582 0.683915323351636 0.7040603488881744 0.7092851548171417 0.6855444581515839 0.7315862248371128 0.7744002984072241 0.7927054272567416 0.8308430702481004 0.8272459258433699 0.8181194399979649 0.8287567610811002 0.8422419747464486 0.8424476413755746 0.8865489105902842 0.8565965584513805 0.8823315738258926 0.8537033908957775 0.8174629682840631 0.8251261739090913 0.8045637910856288 0.8411777516053839 0.8219526655754631 0.7846907717089797 0.8093567909853114 0.7649220683599414 0.7420437954166014 0.7031335628204655 0.7015912753021477 0.6724748870836487 0.631113194302143 0.6357660454291262 0.6282630688311622 0.6720526582528086 0.7045622772122891 0.6688698496418111 0.6622942589977097 0.6593910873827366 0.6402584975408222 0.5674200007248261
0.718945536686064 0.7087887399410746 0.6944523741230673 0.6861048502641843 0.7099340743636006 0.71945574863943 0.7362921317280364 0.7426460163953682 0.7302941806977377 0.7536501238457955 0.77444156275782 0.7979772912579047 0.8335708880098073 0.8477550727707301 0.8130097049893155 0.8373280488346718 0.8667208921270441 0.8584401490426243 0.8648851927956852 0.8480919274056511 0.8219234592397978 0.843863898618039 0.8077201684174734 0.8284749902235037 0.8219252611233236 0.8066362962723025 0.799439535746532 0.8022726165639271 0.758627542782602 0.7688561372912764 0.74992520099282 0.7361794585953851 0.6893099862916543 0.6570155061211302 0.6716161252843155 0.6780557511738071 0.6818493287039465 0.6795962027301864 0.7032853155615079 0.7004562925220906 0.6595736563602632 0.6447095057753154 0.5702482101253313
0.7486764370243622 0.7230888551996129 0.7220863704372742 0.7164411678783307 0.7028246957194854 0.7133802648081051 0.7438843383133835 0.7514880081962992 0.7231156287675772 0.7430162001032281 0.781370455741146 0.8080449747358743 0.8241013392944408 0.8385771459457712 0.8311536870733686 0.8284426450932059 0.8290936219373949 0.8577146001906506 0.8529964928887999 0.8143107836398922 0.8634193334496874 0.8704696444307664 0.8625773599074186 0.8357338488164952 0.8383205256268502 0.8407624654236224 0.8307851483051707 0.8186049597847611 0.7689986839781886 0.7567601665359307 0.7709425868861286 0.7406108224355457 0.724981506624355 0.6676624933305816 0.6798462125618624 0.6584115136412181 0.6856893436000802 0.7270592641797453 0.6988373573459583 0.6816732104468113 0.6686745956434367 0.6103062930981566 0.6067065237862385
0.7235359915383213 0.7157704558575122 0.730005723673096 0.7376332363764078 0.7304527481834089 0.7337931766216541 0.7368963179771949 0.746237869815101 0.7500380195901161 0.788841186912401 0.8194508884841358 0.8349096599372631 0.8234016758233695 0.8635905285849813 0.8551339681751025 0.8404202162399074 0.8537247349409511 0.8808874775696984 0.848621608436473 0.8305317282299239 0.85755893251334 0.8627533274056267 0.8679956539940354 0.8434898034473262 0.8541850490468894 0.8155452178720424 0.8207807390380639 0.7741802786599209 0.7644818907214941 0.770655473092705 0.7574570401847971 0.7275003290387498 0.7425193095071116 0.7108338552106268 0.6842076785884345 0.7016428143506813 0.708706563000104 0.7218289750484392 0.7345643056347371 0.683062257456918 0.6614230312367396 0.6352016830847732 0.586509731280166
0.7259900105961148 0.7573481382222211 0.753317920291713 0.7981373702123187 0.7802595011654155 0.7880758185130371 0.7821440647807133 0.7495017571677047 0.7680904788383591 0.8392987568801867 0.8588070702971098 0.862496465472678 0.8290794263544503 0.8582746996408 0.8516197534651071 0.8814443756288681 0.8883402875078092 0.8656529119115894 0.8322450830271626 0.8029978315956808 0.8384887913022806 0.8738842246917121 0.8406253094567983 0.8266586533342123 0.8089367759846893 0.8294647499161296 0.7975772448317152 0.7858463095500811 0.7580781677663172 0.7704711768412812 0.787663564567084 0.7660527273263554 0.745734102396578 0.7468453756722863 0.7069577023042796 0.7240494011812922 0.725153095541916 0.7748361327203438 0.7660442433120734 0.7443351437322268 0.6869841552961936 0.6402810157844768 0.6029758693448041
0.7593817723059395 0.7396234877333709 0.7514735049404767 0.7880984832649068 0.8102107238848707 0.7787063838975169 0.7847559061284013 0.7930468711712155 0.8208588503028791 0.8447799068034224 0.8839317021034641 0.8736830946382574 0.8495997596094513 0.8532290841387977 0.8673416773138252 0.8497819622231193 0.864750089590062 0.8493712553713034 0.8605132032571661 0.8338546968693963 0.8478197618345698 0.8360607883421084 0.8350056835909572 0.8065858982798682 0.8147334329933654 0.802281200517221 0.7978760840758263 0.8087488005843138 0.7708365491608933 0.7942960663190797 0.7770196370366663 0.8027072327207238 0.8035763436605122 0.7931467323205502 0.7721730328633604 0.7356248187918142 0.7452371632942822 0.7755807219840379 0.7521357934125156 0.7397873742977829 0.7261338701923359 0.6898007460124975 0.6528759909658464
0.7766253761319238 0.7338068478122323 0.7454597474453852 0.7999533351410826 0.8073167482434834 0.8152701789876592 0.7893687917781856 0.8101270051997198 0.8669711194772226 0.8710427433077506 0.8916367416853364 0.9025462858401437 0.8743839366461313 0.8524522291715239 0.8768348301891565 0.8482868446925838 0.8537548370468784 0.8683703479943201 0.8924703037968323 0.8760576086272093 0.8430554383842868 0.8281424622823375 0.8231139177854221 0.8250200483545773 0.7961860965762664 0.7771930756758155 0.8109682684541157 0.7816215319928186 0.8032219126418076 0.7916375590216034 0.8270099903886661 0.8263953464820635 0.8417255100552898 0.7998887862767302 0.7808831956150597 0.7944997949420266 0.7908884702692268 0.7576959010416077 0.7655234698831885 0.7578627075681953 0.7547211355106833 0.7024378973749831 0.6681541655322645
0.7665384128290474 0.7375909460885484 0.745521885571037 0.8137248309648517 0.8311496706057659 0.814516119582581 0.8293393025550011 0.8462717894024305 0.8659358016831313 0.8752289276922537 0.9005310562148093 0.9070715134487928 0.8717767225995277 0.8534974597493423 0.8687362939212059 0.8418023726431095 0.8558594361645663 0.8621825788246877 0.8734200524507554 0.853021845387041 0.831670145528698 0.8172286621547237 0.8153247965800866 0.7931246735078933 0.8014393461261368 0.80530899152196 0.7951643517226304 0.8123035269551104 0.7946953709773527 0.8209451556033849 0.815672692894896 0.8377408301043624 0.8383945916569868 0.8123798273067967 0.8228651028813349 0.7756606549550411 0.7825391723841071 0.7634791166547995 0.7726919206849248 0.7775405169142986 0.7579025686047179 0.7086230860533229 0.6585642904476399
0.7731484015619875 0.7558961710289335 0.7775523322338967 0.7841919140313398 0.8045197419964673 0.8283987749604559 0.8139425858411135 0.8519126461741986 0.8758260326526679 0.8787179640124149 0.8755487614366116 0.8777952247702029 0.8854346214507107 0.8954358867379191 0.8460146364677509 0.8084868512705053 0.8452508601711392 0.8636478027653451 0.8496097213754008 0.840340287768264 0.8349129550341163 0.780375483013755 0.7576952685352614 0.7444740119309354 0.8023687393310504 0.8101598540607468 0.8124224022178594 0.788484847839732 0.8111652122380637 0.7884449078830126 0.825198079890599 0.8331796319794141 0.8335852790308915 0.8127642543378364 0.799644956684536 0.7980633584810716 0.780762455904472 0.7923201883225347 0.8165362969078833 0.7957827603854606 0.7674587654668181 0.6999228818965925 0.6817788168695297
0.7633367624977933 0.7517143005589703 0.7966910396357235 0.8001553820994599 0.8247340585322169 0.8087873868434208 0.8337557617601503 0.8628482591644414 0.8874323223476047 0.9078714137625824 0.8940493288458902 0.9252123445856849 0.9202596124318678 0.9082193726429494 0.8810149074056141 0.821700196953982 0.8457261808468639 0.8219607962390859 0.8011288474666662 0.7940273993574268 0.7880899737419479 0.7844214968939526 0.7541554121803351 0.7378793909154889 0.7775699761898605 0.7810175641460729 0.8034884867338274 0.8231477827292595 0.8094635019077514 0.8397927141061908 0.8268066146886949 0.8215411960903922 0.8430747493109157 0.8237669946024172 0.8159896856233129 0.8233602460353414 0.7879532253560506 0.8121394972502335 0.8048683481528655 0.7947653422335198 0.7458640713173513 0.7047125557769519 0.694956573831339
0.7933611623379495 0.7895663744499759 0.7865998823115793 0.8060873314723688 0.8224122730780902 0.8122456258401626 0.8445855546553012 0.903553265618671 0.8658656230063627 0.9078777940060079 0.9039412437912161 0.9273953195145063 0.8943964516718057 0.9024768926857216 0.8549408461397561 0.8520911008880133 0.8277190261320587 0.7879470662478167 0.782437935964538 0.799454620217985 0.7908679412098462 0.755945374125691 0.7444074305081606 0.7726931970137508 0.7656600301027086 0.7695190092932883 0.831476961391101 0.8307269914824071 0.873347878241049 0.8827992963609905 0.885276828595779 0.8780870147476061 0.8885124906366332 0.9070474286477821 0.8403808072284061 0.8162218615939937 0.8380853223148769 0.8107706438255555 0.7898557317563897 0.7613016452025813 0.7639531344518568 0.7284629663751363 0.7056732016414712
0.8041130126525423 0.8343288734833272 0.8268809337207841 0.8419194646710711 0.8598649665907869 0.8335006220386594 0.8652564258009636 0.8639773182506586 0.863306930848944 0.8527078998605677 0.8728904913751752 0.8985136797039068 0.8743695792592366 0.8725388903022274 0.8684857206008856 0.8775646059135037 0.8221167123898259 0.8112570450268821 0.7627449811206787 0.7896914747013126 0.7960830570982649 0.7832062929026198 0.7957742577325633 0.7878779220364316 0.7668217485334907 0.817420512894145 0.8288958753426328 0.864736564522549 0.885443223677158 0.8714931890865081 0.9049293119598384 0.9066026083151267 0.9145038552423285 0.8890033966891213 0.8802957275122604 0.855835546354644 0.8671296931917107 0.8151306201840844 0.7996052415468572 0.7617792656857006 0.759159111390813 0.7199248618649388 0.6874933502265006
0.8408527704858361 0.8323899236663957 0.8712085276897285 0.8705096104952431 0.8958320585600047 0.8723084693317473 0.8648311485591146 0.8861816236660063 0.8707536182121468 0.8555200364999419 0.8843106507947233 0.9001898886591949 0.8708286029877671 0.8486520868706376 0.8857576214920913 0.8826360458411964 0.8563157377847564 0.8000810830252998 0.7763757272697362 0.7628916653841152 0.7927867945888315 0.7948872335060229 0.8127857809148927 0.7871593066780083 0.8221241791039272 0.8311111665628989 0.8319166388548666 0.8746940884808272 0.8562254280104652 0.8751764678216246 0.9298657120385441 0.951876013065958 0.9174505346310843 0.9368891221151442 0.9305312093086114 0.9179721487588977 0.8606202110340607 0.8214942518876633 0.7906513712311981 0.8027165337918233 0.7872047591314375 0.714082970287784 0.712752305250853
0.8600393175005008 0.8387073479209509 0.8695978721370838 0.8701487096086643 0.9035794365931364 0.8673685127720719 0.8845130452151546 0.8504882374944408 0.8773443411484341 0.8536161442369627 0.8914155477788169 0.9010945760919696 0.8782130578084303 0.8592149665994068 0.8506015567720344 0.8858677190030412 0.8465238885081032 0.8317764295400801 0.7898617405292865 0.7923876296579501 0.8056850620788046 0.8122672419127652 0.8375160713999957 0.8244343346050024 0.8426591470553526 0.8246880195045838 0.8239262658819404 0.8711148296354693 0.8899949888238364 0.9112112295273529 0.9144130511288829 0.9248880190304907 0.9288490734455501 0.9472786622646907 0.9300673186269497 0.9266285427954415 0.8967847510516473 0.8423580631522826 0.8391047525009955 0.8361595032933831 0.792341461303717 0.7819555838684932 0.7431973485830664
0.849549502253387 0.8608002457870131 0.886845062858044 0.931273259402984 0.9153939148843241 0.8803347712680685 0.882634187750623 0.8366674595634409 0.883202911738387 0.882096648092158 0.8483713960777519 0.852247908918243 0.868020059230535 0.878909291808091 0.8821535956864526 0.883982326513419 0.8530401772232253 0.8190615341671744 0.7980097619080034 0.8154278376977303 0.7976627013337317 0.8115099167877855 0.8267708143899246 0.8676170974713225 0.8695613877082603 0.8293719070271873 0.8394749764217768 0.8519336905286756 0.8803488524755563 0.9096207298638127 0.9089068433703097 0.9194602440697993 0.9109390712037605 0.9027850383430414 0.8840915569314265 0.8786719171302753 0.9163810829907961 0.8920097951533745 0.8578475494697334 0.8594073857103839 0.8143067970088965 0.7856576621943141 0.7350764489304673
0.8697027738824897 0.8926772011529853 0.9190484653981508 0.9531669072605857 0.921802634027988 0.9038383465785893 0.8809057216314385 0.8672837866752904 0.8552653737093178 0.847200896074177 0.8298391807169491 0.8230058844305429 0.8157011329368952 0.8310552676578116 0.8911300790151647 0.8670049574556791 0.8377708332638614 0.8249689156938477 0.8111561148855093 0.7944650087578817 0.8346436401047298 0.8256964981263104 0.8346453377731411 0.863591685194849 0.8896450798703119 0.8322849964941715 0.8392576033060384 0.8743494350693235 0.8729960536560748 0.9114880093618034 0.9262602679681932 0.9307107149918084 0.9556927289454722 0.937688387963058 0.9089835155582335 0.8946601267351569 0.901866956620276 0.885661753772841 0.8939720326483824 0.8804550616878095 0.8572485119772272 0.8187758012934482 0.760831046025393
0.9027352359233634 0.9188736171056038 0.9111015819946103 0.9432074028314565 0.9467109385645486 0.9247707554863469 0.853327250912004 0.8318934414613123 0.8095109602805909 0.8445165004448921 0.8437505803509716 0.7960691784675467 0.8349129280335977 0.8186163932555254 0.8574921054246857 0.8813640317271648 0.8742050190224344 0.8307297508534581 0.8247335294805316 0.7995666517781096 0.8014918790679897 0.8218689903991302 0.8740497168090449 0.9186163922359912 0.8770725307117838 0.8639384564421174 0.8509589378259648 0.884037060916007 0.8638077453529792 0.8909929141544177 0.9156686593379041 0.9476528596286838 0.9587480451005441 0.9802183827952009 0.9400522142327081 0.9326856363219398 0.8965935685388178 0.9017373809351314 0.8808427218652027 0.8406820523092459 0.8142324800476344 0.8477213132638496 0.8120433697182335
0.9138971766727985 0.9238601322745235 0.9223008092986952 0.9421516795358705 0.9066519494762435 0.8972837498393347 0.855728084979439 0.8276695791365644 0.8016172514968852 0.8336604030352139 0.8048664785831581 0.8113249819525765 0.8322030553572582 0.8175021850985409 0.8455201770756685 0.8223927377780741 0.8470828733882195 0.8578736883036807 0.8618348753390013 0.8618077054719724 0.8516088178898175 0.8502656730632279 0.8920346429435223 0.912756267228024 0.8850852159909443 0.8933768536805379 0.8897460127020838 0.9005360255929665 0.907614570854885 0.9076225194326643 0.9168024284744534 0.9321087177366755 0.9506377668236824 0.9429516294226068 0.9690436795488051 0.9576950311250761 0.9345616917048154 0.8834130913641729 0.8509571767522095 0.8331556648923216 0.8109466039131606 0.8290140346133759 0.7868955409945158
