Raster_benchmarking/continuous/raster-24.asc
NCOLS 100
NROWS 100
XLLCORNER 1743159.089794245
YLLCORNER 5469292.078385395
CELLSIZE 10
NODATA_VALUE -9999
[rows 76 to 94 of 100, columns 43 to 85 of 100]
0.7375129107843224 0.7294634008678806 0.763527161976015 0.7895182215154167 0.8393085627307576 0.8176043507071167 0.7941030216583818 0.8043040869391077 0.8238346622525656 0.8074408205030903 0.8070142195949344 0.8165748717625408 0.8059259759766967 0.7682207077354737 0.7609242662540472 0.7430923880676965 0.7672016048798145 0.7632293685313295 0.7727261561751531 0.7533951781222588 0.7659263712381834 0.7508999214147989 0.7107824938741215 0.692341872628372 0.6670786798784551 0.6884249167668385 0.7159886559531151 0.710336679979034 0.6958735356753414 0.7200219111995015 0.7167281092340392 0.7273174505793333 0.742289310616393 0.7752376526230077 0.7817009982528786 0.7601668617841202 0.7441044985411321 0.7543708446949245 0.7264660694994711 0.6951240905517166 0.6918140410080619 0.6465467637696508 0.610313916112415
0.7536364211443951 0.7621010758063278 0.8201765575862375 0.8119828265171495 0.8643527617354674 0.8244311402624694 0.857262037296919 0.8573923816712086 0.8341817179244999 0.8399173325218494 0.8119896807876877 0.7788014443657049 0.790297211334005 0.7750493890155511 0.7393526095691553 0.7689754269004969 0.8021987052020236 0.7964251730634525 0.7947223582611544 0.7891513027909369 0.7307057085043195 0.7391648536378931 0.7451733716185991 0.7255871609448168 0.7124809585032872 0.7256027336640437 0.7667289480880101 0.7412962894331676 0.7305324444162857 0.7519496123981935 0.7263641051570596 0.7756952119415779 0.7633413040736956 0.790423210736897 0.7737773929877793 0.7794311900659181 0.727417736843982 0.7565855312017 0.7203745284120222 0.6755545607153052 0.6931199672240095 0.6753413823260264 0.6109934281463507
0.7864202822263865 0.8307113887444508 0.8593192571294997 0.88364819991975 0.8539824655399795 0.8694261194516338 0.8338817156592793 0.8390460774939887 0.8460164271795986 0.8589523173664809 0.8497577526755435 0.801521176078664 0.7927831817935822 0.7610913944960235 0.7874782954356858 0.774224414826475 0.7840748240575577 0.7836386530140037 0.7675685079614295 0.7806082540743384 0.7708113025659986 0.758859965017565 0.7874148583345678 0.7977164182683091 0.7864750016506837 0.7748348640660782 0.7895064812184518 0.7541140573206438 0.7558419275508704 0.7433362494501061 0.7865854768187166 0.782946882434301 0.7792026092386081 0.7846027192292878 0.7916281467439226 0.7886264604208872 0.7708399695205053 0.7610704033965896 0.71453512650742 0.7006056830340159 0.7092631805134131 0.7049117043616107 0.6720217325161955
0.8200760336654522 0.8447107906831228 0.8558826005232493 0.8922660079358663 0.8868122581197024 0.8801968161075326 0.8723346572719717 0.8449537435230323 0.8609057393805861 0.8400119975277136 0.828434560490241 0.8311474277717512 0.7948388165159489 0.7619000143336938 0.7722038007192261 0.793693942267607 0.8001547808476349 0.790136066189822 0.785164307553122 0.791661758423757 0.8357032881592493 0.8062364464265119 0.8214889654889324 0.7863216478674133 0.8072825781307724 0.7712865953727887 0.7999609028334 0.7506604287805102 0.7191243616879944 0.7399276206016567 0.7946506572883215 0.7958194965762497 0.8104964430980123 0.8071834892163325 0.7903525733172055 0.7791516075017836 0.7891974084554687 0.7476156075474601 0.7262307165217312 0.7497948472671169 0.768962052645714 0.7334909672189112 0.68832531746963
0.8194896487195419 0.8620757834402197 0.8291182003956652 0.8748771756671158 0.9064738198816064 0.8980914180504813 0.8427920717987131 0.8404815398453904 0.8635123763794044 0.8374457169698036 0.8572846127923549 0.8360421878029076 0.8166051012652166 0.7929863754639048 0.8244523513799833 0.8293316415957811 0.8516052625817995 0.8218799102597238 0.8492257713242123 0.8481519850259628 0.8633192924585088 0.8364104704508626 0.8356856772944546 0.8056631014134398 0.8153696570115215 0.7571393763191367 0.7499193238576186 0.7388381302971404 0.7654970135000917 0.7681093448705417 0.8090767873941818 0.8128565068125911 0.7852462939076907 0.8111718182204165 0.8133571397759296 0.8059826171442714 0.8008303653528771 0.7918318050710229 0.775643033725796 0.7618602629543262 0.7472480391985405 0.7394117697346587 0.6616673836658001
0.8431307749385508 0.8215145787987788 0.8346022971252125 0.8502687562707685 0.885065021329571 0.873729068457024 0.8479089840246588 0.8272105903476199 0.853280871018885 0.8327032822360017 0.8520996245517244 0.8269231620814776 0.8064452645688684 0.8264121593819186 0.8814726003366189 0.8755936437064711 0.844674218744526 0.8187767931128316 0.84222239536751 0.8331637986145876 0.8341686856436498 0.829731094497887 0.861696938621906 0.8428493759980422 0.781897138061844 0.7394333328327958 0.7298718669679821 0.7480439875373827 0.7336211296030818 0.7458526356163632 0.7974154636569436 0.8280698877761374 0.7928557338725485 0.7942906327109587 0.7992407839118958 0.8178063281542076 0.7907790714888107 0.7839892452886309 0.8030185836239271 0.7692591391634375 0.7220374933099162 0.7300877636066957 0.676438407139602
0.8382138101494904 0.8215968408890117 0.8096247895927694 0.8312137654892225 0.8545491041726372 0.8597988907809063 0.8499567406835995 0.868828503612436 0.8576462452078898 0.8805444242577213 0.8402882784369923 0.8449309411346803 0.8229736625958729 0.8608407961048987 0.8817058320511596 0.8733401759339608 0.840733482717316 0.8473568003830709 0.8699687034507846 0.8668134551928133 0.8852301146767432 0.8713920550820778 0.8375806312910461 0.8229099091195822 0.7758235510193783 0.7366429801647371 0.7456915331189055 0.7448294261753615 0.7365562501150897 0.77249647487477 0.8137984483888647 0.8231750047770755 0.8265204669340426 0.8289189631201419 0.8080178927093213 0.8254801664489326 0.8276026558510223 0.8178178535111132 0.7855716649295535 0.7840202428920673 0.7378290314963916 0.7388760436197167 0.7160567779141502
0.8641795273992072 0.8687614895382378 0.834078786965231 0.8377113706337996 0.8294934539825172 0.8835854918847766 0.8944173759879481 0.8951654051305652 0.8564402088281268 0.9063311176393951 0.8860012792127017 0.8497839958526585 0.8799288032654894 0.8647632510957248 0.9043790152379304 0.885745848174607 0.8694980877318782 0.8566767843934058 0.8639523388605517 0.867709916101114 0.8882411770788112 0.8506040658511453 0.8118070336719592 0.8086148113178427 0.7485202335003562 0.7749178437282369 0.7649718305300132 0.7582485559839481 0.8004513755398751 0.7985073129251126 0.86642895185079 0.8835202005467649 0.8936815824417618 0.8430123188071936 0.8585149964289152 0.8570577609281631 0.8417160421357466 0.8259190992609303 0.7739279852593691 0.758387284096341 0.784788605219926 0.7293332994584504 0.7225595637813861
0.8422144785367666 0.8573345840487675 0.8324728109300831 0.8177714313195386 0.851542371894756 0.8917419943216914 0.919408964338738 0.8755127970999077 0.9118064584230163 0.8976849047724476 0.8747686714311866 0.8738625081017812 0.89831086474785 0.9198809167467862 0.8852827013824508 0.8974675672107495 0.8778753783930793 0.8674028845761645 0.8781941692856707 0.8658312302007937 0.8867823900320148 0.8499215741651007 0.812181111796332 0.7871010348166494 0.7379726948953317 0.7662950152030888 0.7878122687728872 0.7657220767815144 0.7768238659274377 0.8025723610140976 0.8252997213173694 0.8448250588091437 0.8626593294987626 0.8498411992524856 0.8655381884397386 0.8426043432735677 0.8388405248762671 0.8097638815786116 0.7733317251620697 0.7775635652466638 0.7579466502117852 0.717851677301189 0.7141397693920561
0.8013437508606857 0.8569524385514177 0.8595586670844123 0.8499648034629244 0.8386284519064466 0.9017917375911002 0.905570668638461 0.9354992365311724 0.9233395397042957 0.9373366429955777 0.895313864731971 0.9035334885969447 0.8968336900502598 0.88253457827753 0.9071294764551646 0.8759730089078799 0.9199492292186013 0.8988586857824735 0.9245774077122876 0.8716859805703154 0.885948645018303 0.8620156030977572 0.7952430118691783 0.786832333852771 0.7478837759194146 0.7982341936073921 0.8047750604558765 0.7766020462476659 0.7907534097586525 0.8069716899405834 0.8273091600155849 0.865280299123623 0.8707522276899483 0.8462028228048746 0.8512552891139834 0.8465228776809979 0.8311142760024613 0.8235548100294573 0.7822246380971318 0.7914415019982607 0.7470963182634356 0.721195166535024 0.672425166055953
0.8436168255051816 0.822789393191102 0.8698052220725684 0.8699776508738676 0.8683969754324115 0.9099211405006602 0.9305174069834738 0.9429483770840222 0.9243936665704643 0.9456933679157542 0.9700679857641207 0.9430233670597427 0.9226209230090856 0.9091374900069618 0.8949360141023233 0.8858166754555836 0.9238480920476441 0.8981603666063276 0.8958215505610848 0.8773852818739277 0.8647224706989294 0.81866842642653 0.788654547803908 0.7718987151398812 0.7916036379633143 0.8208857178348451 0.7954949481810584 0.8098878313343659 0.799506281155792 0.8436879757650082 0.8304600356351489 0.8413832425164289 0.8408845677629695 0.827242455931524 0.846502756162029 0.8277869948556863 0.8684937811511187 0.8413202986041525 0.7935219692522554 0.7583572932328823 0.7408676924404533 0.7241887773177664 0.7043905754458865
0.8681725647551256 0.8164098983951505 0.8401711691707601 0.8752558844375656 0.8926196341749629 0.9217049162133438 0.8981280814451602 0.946512106809879 0.9595816831872669 0.9519691912785951 0.9941401589650226 1.0 0.9863921585488792 0.9527157360761882 0.9011919246847622 0.880689758254512 0.9219540657023059 0.9214334717067413 0.8648398970307053 0.8565027430229307 0.8893327218771222 0.8528040711285013 0.7940327276282162 0.7813952866896859 0.7907381913425553 0.80117497325 0.8311366734586061 0.8286939119558084 0.8598864652205581 0.8349392214162776 0.791360795851379 0.8321460899916794 0.8133327920180515 0.8311106567648436 0.8120963789007019 0.8082674679811348 0.867004159632862 0.8443322940036637 0.7800304065640394 0.7941556356395351 0.7618927341717496 0.7761014195176641 0.7510414313762195
0.8245462139425086 0.8387935568930064 0.8842530980110804 0.8801909159877365 0.9069376462074734 0.895775215034043 0.8671071029325434 0.8940674847482918 0.9662895824965373 0.9921620193537802 0.9986982565401951 0.9989228335521859 0.970082067057333 0.9230741768430998 0.9227929796771581 0.9145745322419888 0.8795497319931697 0.907494567103037 0.8620666459692605 0.8811028340326421 0.8972924525453209 0.8742293339469915 0.8403709659680448 0.8138211204615362 0.8220983834536709 0.8449388487719345 0.8637868372568268 0.8438683089649849 0.8231976048563183 0.8136557575254021 0.810019368429884 0.8258142938000117 0.803381410076973 0.8272030922088467 0.8161873010673817 0.8177682700013327 0.8248824071482775 0.815688616414719 0.805962055227681 0.7849904123628639 0.7543195206920941 0.7699515602940811 0.7694540663368096
0.8579810027356002 0.8687448864386784 0.8872189428811136 0.9015954694776963 0.8990858854662901 0.9143936542057324 0.8843363575693631 0.9211417959874791 0.9310512086259433 0.9747476777245764 0.9808893493259987 0.9662326390878748 0.9529829899463838 0.9178422031657271 0.9397519972365973 0.9354570269466113 0.8730911026018975 0.8927404943016706 0.8994858404821631 0.9096847952170056 0.8930767183279267 0.8774596060373082 0.8336506166313633 0.8481065088415627 0.8196657918548105 0.849360789101125 0.8405841086465207 0.8619547848492655 0.8598972896977825 0.838682771135456 0.8043848060923064 0.7904493437744707 0.8241967370059351 0.8234434449527401 0.8066828922540998 0.8227026975164143 0.8420608396067926 0.8256898594642055 0.8510408307369837 0.8013679245984076 0.7685787794833739 0.7973933167354744 0.783970628918581
0.8684571264828276 0.8677612790503364 0.8819063651168942 0.8637476959493077 0.8722531345849357 0.8990810338606264 0.9164112325939584 0.908977395037327 0.8998124670882985 0.9227814654304023 0.9045667053716344 0.9209425297395694 0.9173804319560741 0.9199111483894493 0.9484813869488555 0.9329400398222012 0.9296324235046076 0.9142987804059566 0.9215377309104953 0.895932784911432 0.8813781996127642 0.8871131686398086 0.8607065478584194 0.8546989088997655 0.8304052655927974 0.8224572865232233 0.8503412237294674 0.8435083672052528 0.8467290575391596 0.8143377414457211 0.8274394444192327 0.7901873777385167 0.7893800072900321 0.8190143914423418 0.8191155827391595 0.7980120027097265 0.8532633645520297 0.8624392964982965 0.8831478775658376 0.8232733734650324 0.7984556016979397 0.8254752363578355 0.8149366404878501
0.8799256458626716 0.8737686973490004 0.8731511862087713 0.8682257155415027 0.8539286425371834 0.8601767222080698 0.9041986339036372 0.9200645216426918 0.9309328696901916 0.9108100241550041 0.881467724954445 0.9318217619617226 0.9370809108410647 0.9417580692246464 0.9409526765138282 0.9293067909312626 0.891706280049189 0.8836831954616831 0.9071170849324668 0.9028592086099176 0.90403399432813 0.9051283230922679 0.9081888882642976 0.8863723131621275 0.8389774082488538 0.8565841872830536 0.8320404837539983 0.8433591231434732 0.8392466521353243 0.8301236668828533 0.8082714191651832 0.8386618603848318 0.8122575063025145 0.8169293201895845 0.7906599782049493 0.8086133938021968 0.8583892348534882 0.8599525684970334 0.8933864570928625 0.844904988581207 0.8578158709354987 0.833459796326582 0.7846857669827028
0.8563223914474879 0.8379998484273629 0.8435938761177584 0.8800827222366693 0.8710337770327005 0.8557212161310586 0.8592375416018244 0.8644744925115825 0.8614896135867117 0.8575916444165088 0.8792055395503192 0.8953617555807141 0.8924240037958735 0.8943099757692918 0.9054006253994972 0.8926477621734098 0.9044949349832541 0.9035188781703298 0.8781239715892278 0.8885256971034486 0.8993061026964001 0.8894509437842658 0.9010585528532566 0.8541306970985642 0.8546639864540356 0.8385884540052108 0.8665834128763169 0.8550561255431408 0.8290412206965976 0.8389956605686364 0.8395009197501462 0.8394143036655823 0.8355880929294962 0.8687563782107806 0.8766100725269276 0.8825393326373954 0.8941128661311238 0.865687639396828 0.8841035256162586 0.8943108465134274 0.8505465750388127 0.8307079650356369 0.8307806258633579
0.8107889397458495 0.8187136811597169 0.8587284345591597 0.853812488871559 0.8382987878234885 0.8287974898422705 0.8717985978582995 0.8391262489550915 0.8556136207656866 0.8559140913159012 0.8574312269253729 0.8595028579655205 0.8644625355840427 0.8977980084807851 0.8749517688800896 0.8827292176802095 0.881686984480289 0.8524209735177962 0.8664404305315272 0.8393493932394209 0.8613450892668589 0.866111825078517 0.8905460029905906 0.8474247105408496 0.8403265248875016 0.8486140448261584 0.8884077173807079 0.8614258660956479 0.8731611410737136 0.8426145701553378 0.8243831898430123 0.8530501688197066 0.8908265113414358 0.878006907945785 0.8716078766189392 0.8653826325987743 0.8991952108515767 0.9077395134506313 0.9010328902144193 0.851900814991722 0.829083543456192 0.8465421900206302 0.814565593209235
0.8431415790344936 0.8250259137922326 0.8107469739249904 0.7997854686360615 0.8361848737214432 0.8239476338785661 0.8368166934443277 0.8295719401670653 0.8328988858507355 0.847185696491765 0.8103170398751246 0.8297291894889846 0.8443407899408816 0.8598746734623398 0.8324011783058936 0.8611951512819037 0.8698521373102653 0.8600075245846631 0.8642187957295488 0.8491557849427196 0.8665946359046246 0.8808156676126526 0.8567273922208003 0.8569492917211662 0.8651594246893404 0.8656304379163893 0.875106204483731 0.8698894665297414 0.8591236027225736 0.8506934079282229 0.8409546526063618 0.8430810225270754 0.9004462704038882 0.8797351383079375 0.8939987181252964 0.8935799149709999 0.8777096242044999 0.8794231637633398 0.8786683318432444 0.8467090286453552 0.8643534097324742 0.8390000338836247 0.8212075565274565
