Raster_benchmarking/continuous/raster-349.asc
NCOLS 100
NROWS 100
XLLCORNER 1743168.5506840483
YLLCORNER 5469287.314738824
CELLSIZE 10
NODATA_VALUE -9999
[rows 38 to 56 of 100, columns 43 to 85 of 100]
0.20700193686259383 0.16678993536361036 0.18151245710363584 0.14760608114618112 0.11939545291531013 0.16154791661323636 0.16623369071734634 0.14451350939150864 0.17081803041622962 0.1971579973012762 0.18044417521474268 0.208201335538934 0.2577720912501252 0.26017306419669295 0.2751062565422145 0.3143019934679877 0.3663397484831635 0.3278529796400604 0.38073718801241596 0.3831376945378134 0.352697221348433 0.3733718229837792 0.3299963772006634 0.38056037596195164 0.4250973136032335 0.44107245243009663 0.43364668910853355 0.4816736422785697 0.43504624170178907 0.4138299787980601 0.38594454186875066 0.42563140232446234 0.40980969600122696 0.45209201270415084 0.4190741556489404 0.4710492849674934 0.40528226737431916 0.4053913282396858 0.38996282996077636 0.40216796471707367 0.4185002286147774 0.4186534371896268 0.410669154356026
0.13335901631018215 0.12733399826819664 0.12090844542776832 0.14747362694652594 0.14702380817199107 0.14408618517078076 0.11031805040763737 0.11551369908434589 0.18790194528812376 0.18427004901930327 0.20720858105635773 0.21509537203114779 0.20272554134119672 0.2621393351782351 0.3144623371824043 0.34403978385098344 0.36397204003678135 0.3463713970872814 0.359732737932497 0.382998471433549 0.3397902630832903 0.34641930882067873 0.30915991966753176 0.38424249145200357 0.378642472241537 0.3974791846658302 0.4441709475855895 0.46443570995776057 0.43477609554350993 0.3871003753010184 0.3291029558831849 0.336050123326613 0.36161960687776473 0.37402813113632805 0.4019393324488822 0.42809895573928886 0.42040636770803086 0.3723943513086958 0.3740902826425802 0.40973145830863983 0.3468190757630564 0.3991327941936243 0.419308286754154
0.1336499139324549 0.1498098203553747 0.17623303871438872 0.15432037679823246 0.1435508763430554 0.1691368589583007 0.15572172620581895 0.14016958950175776 0.1824359232584101 0.19700136256969766 0.2120366907373065 0.19047258040908358 0.17331847484561091 0.21927026598478247 0.2804096219070076 0.26266187703643057 0.3144209175899723 0.28534943811163266 0.30274215748284833 0.3139768296454529 0.3240502397785331 0.33504673053253065 0.3479591668005625 0.3634697558782958 0.35064412790810945 0.3951151074311673 0.4060325370882311 0.39968142635053155 0.4273765244736067 0.37701545317806123 0.3802874606564692 0.3613381006360805 0.3726930687038167 0.39081512528694845 0.4172410153091108 0.40815520780858877 0.4072344385417999 0.4235612561186497 0.3680584708492176 0.38261344369288486 0.33145679220402063 0.3300454489808494 0.35029420798549055
0.13278971863822628 0.16377585296928004 0.18896235114379234 0.1500488444040413 0.19924528059827468 0.1837539272480661 0.10413075184955224 0.11283533901729961 0.11440003770572496 0.17326235644119858 0.16436370139829945 0.18379920202744124 0.1764632428434007 0.20149422613916443 0.22553387979628567 0.24971590295336207 0.24070571748600358 0.21774831001449513 0.25599744761981813 0.3019238691693186 0.3425933941158884 0.32165082058420535 0.30836849732380245 0.3272124940350552 0.37559237823855157 0.32021561910613167 0.32778979466611485 0.38130971852120965 0.3649599682548575 0.38574702495040936 0.36673037380747947 0.33681503778220995 0.36258813501157977 0.339893745775609 0.3801693678600533 0.3712379805454135 0.38214049257683574 0.40706882141213485 0.3824628027055043 0.3441505648220082 0.3078799251102265 0.2932448555336688 0.321097594359076
0.13959095107320796 0.12480853504022618 0.1643704801943107 0.1883722738633704 0.17304380357980265 0.20698732157179142 0.13522894785106684 0.13880327244840354 0.15140474144486848 0.14684452057968111 0.17689266230292305 0.18927951287911163 0.13774828226398678 0.1376191389552139 0.17313105885729757 0.16338518623618928 0.17622381889074 0.21312866704586195 0.2569574255941938 0.24749520483806853 0.294335355601739 0.30043810180824554 0.2887913077133057 0.2903267980235603 0.2945449265764198 0.31602489252451327 0.34198159027434916 0.3680509650005881 0.3754947860082837 0.3335252852597729 0.35508652592050133 0.35903425214042756 0.3193392736373104 0.3414954672225149 0.3333783904307018 0.3302773207800649 0.3398189641790285 0.3472288645603182 0.39051702365836816 0.3543526627566868 0.31609212196979264 0.31397174617457396 0.3649326567271148
0.1079803425566614 0.15194515615953208 0.13810241882246646 0.1468697234964158 0.2180230836887344 0.17501288256070205 0.19845028550640567 0.16204750617503152 0.1712454066529219 0.1496447112444903 0.11702597928753365 0.15304070196788486 0.16543540734528017 0.1586070628159052 0.11569514064415916 0.1092374268027351 0.13127431542780832 0.22058114342193974 0.25786652563255397 0.2206435160572582 0.22542867419238852 0.22975871107442503 0.258906972561087 0.24221554353267977 0.24861089842184186 0.2814845918221825 0.3273024818701708 0.3223984709595816 0.3714671434015404 0.35118156706333303 0.3089698597834455 0.33951497484162796 0.30644924805541 0.30829725910211153 0.3178210783257996 0.2861971141232433 0.2955980516715081 0.3344875320886713 0.3477151098107722 0.30324657822766077 0.281354960816587 0.3039981145693599 0.32015024158263206
0.10311156330676209 0.12145430900216558 0.16340297148824545 0.17567680749539344 0.1752966155258306 0.18831877458106142 0.17040205841711398 0.1248730038185322 0.1370428254973684 0.0886260545348262 0.09195912951491121 0.08706797309952982 0.12210150996822956 0.08506802605826502 0.07932460166697497 0.1315832111894777 0.10596073929378018 0.17595580250202372 0.1692579294115178 0.19243182632647624 0.19576591507823018 0.21492714836205862 0.236930874302238 0.25469309509330834 0.22021984821396018 0.2800234160502943 0.2806442966232704 0.3472876249138842 0.3273608627744997 0.3621151105738291 0.2962527849773858 0.2836854575742166 0.2689658117395704 0.2830227624312351 0.2628044951338729 0.28217961128353375 0.3444657006269761 0.3429833507039988 0.3373520052072582 0.3343602829595142 0.3412221468461497 0.35376164317110087 0.32223555544015836
0.1471152795634435 0.12508744516662648 0.1764964295051105 0.17490882581337697 0.15919107162716326 0.14340156610261648 0.15699565112324715 0.14222514078413886 0.10048309475793793 0.08214569970052657 0.03470629624606173 0.045656868712873486 0.1188899422310039 0.06084284919238896 0.07389067555122346 0.10806577463301469 0.09011670313498749 0.15830672782961833 0.15967597292241956 0.1424751925322066 0.14849699728027008 0.16883631606814317 0.20143340684735334 0.2047049029109937 0.2262012364024896 0.2811720183075546 0.2994569180215356 0.3365373054816927 0.33166198095641525 0.32764176243909165 0.3356474930349061 0.31534837271972554 0.28490845150518923 0.3009227394101129 0.26649673199162943 0.3024041974918141 0.3243684749001351 0.2783568815791062 0.270733219653795 0.3056403823245346 0.3667330932097284 0.32784621110463846 0.3652365760119902
0.15435626373097505 0.14836271853756572 0.11652432735631445 0.11562838926362028 0.1350600276592922 0.15726140961247853 0.13950354020733502 0.1333086886170289 0.11740792930698613 0.10429322532517567 0.030204543238296026 0.078233228482314 0.04623712849062561 0.08002095656775 0.02969343455761956 0.0874513996397984 0.06096521804916823 0.12231040130025062 0.13942358433621604 0.147969895910091 0.16518640244258284 0.1599487688723653 0.15601203028051858 0.19367016196760792 0.19873568175817746 0.22407156207760315 0.24054117846996512 0.29385306896667857 0.2909167173878353 0.312603131287978 0.30502941327710326 0.3436925599299074 0.31725441765379764 0.31556090840837564 0.2639065266573887 0.2685032540190048 0.2984982971176453 0.24963800840533554 0.25173161786756376 0.2771903193748233 0.3595187864273034 0.34116218979797736 0.3936740237800369
0.15024932357710236 0.11337038735366682 0.1107127355386452 0.10345042572690645 0.10337870319960102 0.1421174885777666 0.19367813709162832 0.16793286621635464 0.14230389972601443 0.12201175810699415 0.029877196869949673 0.04322594646691649 0.015083978840952113 0.06799087884847715 0.01074732455810946 0.06541250812767128 0.05275523833360533 0.10688244810938169 0.1407096442933441 0.19021279383917367 0.20510022587492094 0.20191398386047982 0.14302034740145567 0.15351625429348295 0.17560780845406795 0.2026563398201123 0.21883091593137793 0.27134667957197356 0.32957163109059157 0.33211466845015575 0.33682439211679854 0.32813122591179184 0.3276047773275646 0.2899863171717746 0.2661151801648285 0.2565073327929499 0.24004268074653984 0.2813831759116339 0.2606024795685243 0.2740528239294329 0.3337108971306684 0.3473182026042276 0.3923125121132283
0.1400956070989627 0.11229470638143853 0.08717495179535356 0.1216727908362684 0.11813788356103921 0.16788403341337035 0.17579188050671146 0.1435247316169475 0.11518608203961385 0.13491162226781062 0.08686102330984717 0.04073213171744764 0.061356231035858515 0.06914134168434574 0.01579198924224218 0.011853436597581035 0.038209769042103645 0.07430712583533398 0.15672226533046632 0.16812814726956232 0.1990383787501004 0.2160748404452248 0.24905126044160086 0.22952996306968693 0.2360449653331904 0.20514252048018333 0.23159738888906825 0.27635795219803716 0.3013023694452018 0.28667447990534983 0.3370165594107457 0.31726254252104663 0.31440818479100413 0.2536836619706796 0.26523890852650256 0.2447131856642467 0.2523783989102836 0.2799925419556781 0.3445880929182111 0.341725097711415 0.38000548195233885 0.40378861894308277 0.41308027303953576
0.1558992513766029 0.10545426284498007 0.12720156663421384 0.15857418370519513 0.14557329776394745 0.16408505852620275 0.13208691664452873 0.12645668648566463 0.15789482864467663 0.1319151206682991 0.13577131751836932 0.10308074834571548 0.1157459401834026 0.08480826654968385 0.03267129151840625 0.06779750426204922 0.07661747050776248 0.11608564941151898 0.14735666933404823 0.1760660911061002 0.21803997130317795 0.23445804376136786 0.2820824199679692 0.2734506883416623 0.28837314791093865 0.22148244818529164 0.21239939643029673 0.2553557861225384 0.24891223902507215 0.3164028613181801 0.3066124887038359 0.2548150708500157 0.22669101908094497 0.2581670643619423 0.2581338690769553 0.2793701070308432 0.33322543676715205 0.32149164114505846 0.3934686254561146 0.36241485546835256 0.38316731156747214 0.3819648184045971 0.39768155814528494
0.12850094473672793 0.10385027054265884 0.11124550469975317 0.10359152879591588 0.11951159968236282 0.11672843063749536 0.08394603654354191 0.13006480699637382 0.15458092592686254 0.17577318506167502 0.122782936324859 0.1527317021122921 0.11076333899242342 0.07632083361873138 0.0536405135384839 0.0704418758014546 0.10960980698632375 0.18225611114831172 0.18125289011005136 0.23236175038142942 0.24425060547313363 0.3001240292485607 0.2772238526561 0.2781363564852901 0.244782835407475 0.24921213810075898 0.2611466115982295 0.2694410807512763 0.2720681320043126 0.3019914756614598 0.251279031463418 0.2762058848231695 0.22734442372896657 0.27226110634941597 0.28945796045818784 0.29831980770300537 0.3104298688605342 0.36147223051615174 0.39914510811148557 0.42233243940890236 0.3752361936982832 0.3492011573992496 0.32089025081588046
0.12459082004056617 0.0905101758025665 0.09039698904533526 0.11499302875345718 0.11192846079400928 0.09780673585783205 0.08672176259803793 0.15828877152584173 0.17137634353458644 0.16402556025365442 0.15224562508621015 0.16936061375726766 0.11617293364511219 0.10164602320574123 0.04542114893753585 0.08849558918446604 0.1239877888785392 0.1822879644341561 0.26714321695562565 0.24052042964156925 0.30178706707512676 0.29064998338463577 0.33142895628856056 0.29100700289060927 0.25015534777408005 0.23998077549812627 0.3227040819063725 0.2760755564495684 0.2977068169352019 0.2617375276561494 0.23681723947114605 0.24120835005717808 0.24609718538578473 0.2278524449396177 0.2550812553995807 0.2961070404998513 0.2667079126588558 0.31678330748086414 0.38268818997305026 0.4110672043299594 0.3970387808989583 0.3415794823412258 0.3085231029725315
0.10506811600823868 0.08701145766771076 0.0882792650816283 0.12383079764600953 0.09306642830546445 0.13184770229073836 0.1161687252346024 0.15684855711627926 0.17302297468752817 0.19604808597801876 0.21508910313837212 0.16485937317179522 0.12602077967537845 0.12245058369837934 0.09623822535969223 0.0557434507544794 0.13313129805244425 0.20624398814631445 0.22057281810850368 0.27625453460177024 0.2542725364209443 0.30399589500925894 0.31573851478802395 0.3174925698891963 0.24703278162365444 0.26245287927337757 0.3089194946452574 0.2924090354031556 0.30843945441048126 0.2334095686999018 0.25847744975332204 0.244334773756503 0.24706656234277985 0.27462602907678535 0.3001643066757999 0.3004452277204904 0.27868039635105113 0.26997403729896224 0.2926855907661616 0.3363335958095257 0.32847040321192705 0.2995357511214058 0.28866863510140345
0.1386791935799486 0.14346110376278015 0.11046837134938563 0.11153920011946725 0.1323226574369914 0.18505806727982688 0.21618118793188268 0.2126485632909579 0.2305172488171555 0.2487919585040091 0.22721076579760294 0.1703898820237833 0.13188597725789653 0.12095369904792733 0.07029081428964795 0.10038571728573276 0.11621012096243358 0.18334978913728292 0.18619293025508216 0.20675621908279274 0.24304175482648388 0.2936654504032019 0.27107537748419874 0.2989264837615392 0.2881090927668092 0.253565006497689 0.25589756398492847 0.25191306717162776 0.2748640196453685 0.2622628568027885 0.21177988547530002 0.22097733465236222 0.25490028720441665 0.27622559573834765 0.3038970989626137 0.281377457302327 0.2923281256638431 0.2936894872272892 0.256046543077234 0.248615485350542 0.28781614531027855 0.2862386154057591 0.23214748774528526
0.17635723202153372 0.14461966616005484 0.16112165261234182 0.1863501460859534 0.21860913980559327 0.1984916798667733 0.20686519721014426 0.24608336101456518 0.25166391177096 0.21968884611838194 0.19743117370561641 0.1832252520064917 0.1173145370611634 0.07815633133556467 0.10883380542330234 0.11340061587553571 0.12951653406738914 0.19081653747914504 0.24416744418366615 0.2338664592877687 0.2626792808432931 0.22382588711260493 0.2264913333830429 0.24712235122512427 0.2760966705280082 0.21830810502182219 0.23085010945750606 0.23021619115529568 0.26251958939266296 0.2659296442171039 0.24133818931546158 0.2784269009569664 0.2508425337334969 0.27179316981160034 0.23391349548619228 0.2500457492090552 0.29686892876197607 0.26978655204373714 0.24358981313888256 0.2103944664065742 0.24557025719624506 0.20910857940909533 0.21488416115744668
0.28225329670137944 0.18026073153121194 0.14100308426244448 0.18347593683034563 0.2527550994664819 0.23992125676749843 0.26939888291722575 0.2669980154746478 0.20351299827697153 0.1995266643754006 0.221486155637618 0.1989386058160673 0.11247896984238048 0.09834325210319393 0.13411840345116097 0.14548728509570286 0.18229746934219654 0.18434363402004456 0.24242105722404872 0.22318726787461554 0.230568562048905 0.2044836169529478 0.263684877562054 0.24002114696975702 0.21453096311375422 0.23436065989375274 0.20181282971455858 0.20817089875152636 0.29193802924631135 0.31685881360097296 0.29499951345969155 0.2414775043635076 0.2670427638606444 0.25790053939434515 0.2227253993421028 0.23443580043606185 0.24349359503085113 0.23476041163040945 0.2068238967216175 0.17247142917544367 0.16835660805884184 0.192160593848138 0.14176895222705901
0.2810116237366303 0.28117150993089707 0.22258656250294145 0.23135323411224293 0.23801077971986823 0.27930948764626257 0.2970808002257846 0.2850631034250972 0.2106774959327482 0.1965268739396142 0.21906689876190996 0.18114850512079939 0.12895515769588378 0.1555987411517634 0.16150262045329813 0.15087278950935296 0.14623945338856256 0.156814800410955 0.22890255961425274 0.23661747232791103 0.21149482024542576 0.19151222162302337 0.19124911720745544 0.17865572315660855 0.20777826458368992 0.2035147370141665 0.23004715636711018 0.2030540368524408 0.23758464194945456 0.28257497141566473 0.25656616360757567 0.23768969011825142 0.19838665175364117 0.2098970022221952 0.22828640544505016 0.22598016774863258 0.20296287314469613 0.18694668497267225 0.16136580652924168 0.13525504627113535 0.15841846399666423 0.14557371638669406 0.16032167445087528
