Raster_benchmarking/continuous/raster-443.asc
NCOLS 100
NROWS 100
XLLCORNER 1743150.3973287302
YLLCORNER 5469280.81619649
CELLSIZE 10
NODATA_VALUE -9999
[rows 76 to 94 of 100, columns 0 to 42 of 100]
0.878947598237015 0.8854704284621066 0.9034659823542475 0.8754896168134836 0.9006920475491639 0.8892851843127418 0.930641594248883 0.9342178937052193 0.920986099876365 0.9053961824919212 0.9486569519766347 0.9548388088680382 0.9682115524025693 0.9635037577538548 0.9721166813447818 0.9612217798093309 0.9297828617640491 0.9330184723111629 0.9103850464051494 0.8897275826061873 0.8692821033773666 0.8397738408624087 0.7970928223316823 0.8005133942341925 0.7616407802299019 0.7577142324486303 0.7701113921245818 0.7669980801086433 0.7877196583982562 0.8362242005120902 0.8256814304123093 0.7927369842786254 0.7799175019628584 0.7737877031949153 0.740042441519915 0.711017350689658 0.6394184122050204 0.5956355043209453 0.5792629051872864 0.5641402083042495 0.5819742323347562 0.5633090257016585 0.577814001204052
0.9203831697975059 0.9154248223421375 0.8701400620793225 0.8783909716017184 0.8806237430832741 0.9119921462000564 0.9465390539399453 0.9633186235717501 0.9503348329105866 0.9180784345265415 0.9381067520807688 0.9452272516927627 0.9697720187816063 0.9470901791000504 0.9442630790075875 0.9152874312969002 0.9118076302909002 0.9270667921366387 0.8884881888448718 0.9121653745179525 0.8935245715906712 0.8422901247287673 0.8156451602509364 0.7683432203851879 0.7796232442379377 0.7750426059073405 0.789141010263542 0.7809346163951006 0.7949845201813799 0.8155720900673772 0.8251381769068752 0.7955861576275369 0.7482371503761966 0.7344427094450743 0.7183146645323188 0.673535344925316 0.6345829321667855 0.5995066869567485 0.5697920505901957 0.5790653391954389 0.5714055832298531 0.5861024625251464 0.5709415131395716
0.9294442785943379 0.9265618311298696 0.8702539155508338 0.8506571774597862 0.882258878756573 0.9115255748354659 0.9037345094446366 0.9262454381400217 0.934594146537623 0.9556181565477032 0.9598934005322424 0.9811768469940666 0.9641853971763458 0.9709352556779856 0.9480406302005814 0.8983528784184739 0.8878724702832955 0.8852977651738771 0.899729166179407 0.9103974007529327 0.8883629925992339 0.8336196430043911 0.7913934248333553 0.7780621254492118 0.7559503277158083 0.7715179026170491 0.779730684274251 0.781167302456518 0.8050162423035994 0.8043516557874238 0.8053260923014235 0.7975900820032941 0.7591670406196929 0.7106959750641435 0.6993414737565927 0.6415170618250303 0.6259963281951882 0.5980428115483064 0.5951140426442514 0.5746980111011182 0.5658241954109555 0.5579767684272651 0.5434086913767294
0.9093152050587158 0.9124540628816323 0.8551582213498579 0.8445351455114806 0.8883032329675743 0.8702724533566674 0.9220187497459588 0.9630821928225167 0.9692850072291681 0.9530136798603728 0.9588992147625476 1.0 0.9607397764687652 0.9364136795083812 0.943502489220843 0.913012015919971 0.8771028230267293 0.8635849204967081 0.878758010217022 0.846979236771912 0.8422254563685919 0.8660530959137414 0.8122207349939226 0.7788044511946163 0.7671865797525064 0.7895226439553099 0.7787408583104184 0.7750189645614675 0.7744249137032879 0.7970561754559331 0.7987889682063782 0.7794616079459638 0.7583853060929248 0.7396206777018076 0.714284707322055 0.6423597732670727 0.6668005196242498 0.656020971518864 0.6343262425435616 0.6051976685003663 0.5839556157566752 0.556284380333827 0.5680657880290401
0.8908243714366767 0.8750338791727293 0.8839743339496691 0.8575730096998893 0.8860886537708373 0.8845323074577893 0.9181655441102995 0.9131370219416131 0.9299513460197355 0.9556556427578533 0.9527309741984056 0.9841089415379449 0.9471318983156527 0.9422773972832902 0.9026141393517816 0.8991190961453571 0.9081928656654051 0.8734717724999228 0.868084290890351 0.8394081659108102 0.8444750825788702 0.8583570344646791 0.8454576173949772 0.8385716080098888 0.8091815728352592 0.8068738390924686 0.806258041486055 0.817576207158383 0.7926736603918938 0.8001033879673928 0.8178599590695116 0.7631212330224199 0.7577886466508322 0.7455241468109155 0.6795864871881411 0.6860147538205549 0.6757586237933573 0.6949545570930777 0.6618665674493368 0.6444973310776593 0.6418991816757728 0.6361013592088156 0.6261973069092688
0.9007904015086022 0.878811948335922 0.8897405749734806 0.8742574681437252 0.8832596023259359 0.9104825708129293 0.944496630497607 0.9382166256616667 0.9309678088248755 0.9480785831843136 0.9234669531745779 0.9445162420743367 0.957546917551735 0.9253620065716575 0.9001666603922808 0.8966234758952063 0.9094398106610057 0.882100388678334 0.889898346010151 0.8716827223871195 0.8708191595501888 0.8336158744870369 0.8157614566762966 0.8273476548055865 0.8291884297875608 0.8417986549031624 0.8276860850061578 0.8406113198161314 0.8157492920032087 0.8434037227750649 0.8076297305623295 0.7616306100831535 0.7438217547922646 0.7283704657932524 0.6824973237845237 0.6724641747276606 0.6677863471172879 0.6991950991977252 0.7040550675029325 0.6867605918435945 0.6608746681434876 0.6713286137698201 0.6586468242145468
0.8663280929627348 0.885812681292882 0.893642413626225 0.9047299605054496 0.8945102197092775 0.9007567238495157 0.9168263972824485 0.9332108059065949 0.9769071035218828 0.9676505481926402 0.9420493306505865 0.9667844916382086 0.9429164831090556 0.9658600257876643 0.9542536075139645 0.9091695989839488 0.9029845493296681 0.9204365075754997 0.9225678872776211 0.8956232115494678 0.866255964575941 0.865367887628677 0.8371165560916937 0.8433783861754007 0.8369305776226097 0.8503288780014745 0.8536466002116375 0.8510077575978561 0.8712212212919757 0.8785039780679753 0.8122891848636093 0.7737536707143912 0.7592244472513308 0.7202107147002795 0.7153296607043306 0.6887264568086494 0.7206026926955151 0.6937236688905469 0.6822547175775056 0.7069718605261531 0.6975614003283543 0.6890542607914071 0.7306814463890067
0.8977028890442803 0.8931115687273687 0.9001156937781469 0.8806557449655006 0.8880456112163096 0.9208767283749305 0.950180348628805 0.956120918271089 0.9620500255881146 0.999195576808833 0.9647022675309231 0.9547929262863752 0.9695583001340797 0.951358933977109 0.9485969918386082 0.9626632117725488 0.9226163515960756 0.9375988342753437 0.9346604026114894 0.9362059266608841 0.9071768866658195 0.8564730832951738 0.8427079312994961 0.8031055103514219 0.8468485549386128 0.8652227084620404 0.8755514881860831 0.8867955787610049 0.8833135909132993 0.8923035675996891 0.8514922474338124 0.8123318908518767 0.7885421538110674 0.7513634915859067 0.7329837798258173 0.7029917417698005 0.6937395564300495 0.7097268196789336 0.7109730014374311 0.7250420766484706 0.7229462551523389 0.7482979607588385 0.7136384605159444
0.8801295354972899 0.8806061101011431 0.8846793315826312 0.888527580071603 0.9286151482685935 0.9266579005194626 0.9215684340178699 0.9337945685221559 0.9875410729540192 0.9952890929851171 0.9492746149047478 0.9610740351362329 0.954859475669531 0.9261572189105535 0.952226844359111 0.9610921600038901 0.9164352637276305 0.9164139660378711 0.8982815587418067 0.9137739236593893 0.8749598504833833 0.845325420271833 0.8465112426844784 0.8099719942910542 0.836825966701373 0.8807083377726191 0.8906777457713264 0.889913052946259 0.8845977295287873 0.8926713653317331 0.8748194273655395 0.8273417461624494 0.8051538372086382 0.7712141275296589 0.7538116479945436 0.754388305312386 0.728220017599774 0.7238916718282485 0.715822072194986 0.7216289565089761 0.7270040058427373 0.7115406224997882 0.7241925462638661
0.8886420062739501 0.8811777017942418 0.8734855951990368 0.9001455763751517 0.9401581624127716 0.940803665945279 0.9461206525246609 0.9664978921298693 0.9646810595490796 0.9870187309992308 0.9422580811185093 0.9521185152323957 0.9373497092092588 0.9382045073105421 0.9495510128747087 0.9406963473801646 0.9414773403573431 0.9083436843369591 0.9078226517697975 0.8785245437687045 0.8789487872046855 0.8915414371432312 0.8433418297995623 0.8150584307705773 0.8347310709444735 0.8856508083804551 0.885850863917052 0.8700256699031564 0.8583326986294609 0.9010093569953156 0.8876661441837405 0.8713679353573367 0.8399249181761099 0.7922848439060448 0.7616242723304685 0.7463639487043948 0.7464234720123671 0.7454777499706342 0.7365572786488673 0.7379777635093066 0.7549744064437928 0.7303929670324792 0.7311904915007279
0.873156757423478 0.8490965631773988 0.8579208110696634 0.8659420756363793 0.9132002889649391 0.9053915338785667 0.9220441689410861 0.9332133240728454 0.9564832989297896 0.9883723763742664 0.9487150414832746 0.9281061077929217 0.9287320754196562 0.9589758451671287 0.9573228959791429 0.9232109135304158 0.9244395938992556 0.895292003189233 0.875009609062488 0.9062561374446385 0.9106294381250664 0.8779615264587579 0.8610774749546602 0.8646527346813094 0.8558587673180255 0.8930289609587705 0.9056488928226448 0.8962687072052147 0.8671193384587346 0.8769301406885587 0.8812386759963481 0.8387257410810829 0.8260455198057128 0.807813622561746 0.7919289212764526 0.8068132090393537 0.8059690261381606 0.7877543622936509 0.7582348651530225 0.7533354171045773 0.7491614071838735 0.7245669496953615 0.7579525447399591
0.9036847127687168 0.8624869995079 0.8606675347971043 0.8695085086781728 0.8984502750343846 0.8930013213826146 0.9205998579316966 0.9166133519364215 0.9230700196939942 0.965301082202277 0.9554356979665628 0.9610817444366844 0.9670648097449513 0.9357647798050172 0.9617199791103315 0.927511561974057 0.9222064671668656 0.8739233693722831 0.8984322124677014 0.905085994730261 0.8903716746353713 0.9072816868416912 0.8938344003966712 0.843351631264252 0.8582002479180056 0.8815469153428731 0.8876026647705648 0.8953624243967593 0.8751985747842533 0.8462139721515576 0.8789069992151373 0.8615331348501226 0.8337366841291157 0.8031817022826176 0.7996366088964334 0.862208310380025 0.8256809815010141 0.7970966374325488 0.8009983670396815 0.7518459551047628 0.7655712430213635 0.7375914882073884 0.7939491744029636
0.878200760103209 0.9015414527051744 0.9024807266551009 0.903055950712187 0.8918637788450019 0.903656500832532 0.8845965912623232 0.9289864554681381 0.919860762284052 0.9357351343882442 0.9233512279437471 0.9410137451232284 0.9582108832838226 0.9167797197351611 0.9416373781483958 0.9372013039894946 0.9167457410726836 0.9043904959123654 0.8675310520482581 0.9023543395716912 0.8837740820542933 0.9033643539101843 0.8918528859640164 0.8581226148513895 0.8907434086349462 0.9021562069239649 0.9150956645517845 0.914627530092354 0.8573343421182553 0.8810834730784892 0.868753250474006 0.8294148594795033 0.8168856169286257 0.800130118371681 0.8292755440023416 0.8350210355320601 0.8200528481001329 0.840080030596657 0.8152885680693193 0.8166317375108053 0.7867080160065941 0.8135414317551132 0.8093268811541707
0.8793394314957057 0.904066177686069 0.9034877309095888 0.8787993902907888 0.8702271186285215 0.9111677829956497 0.9098285115789134 0.899596172386968 0.9016466895716068 0.8921806306539675 0.9485200055383879 0.9577873167570919 0.9417590178113422 0.9174300764360651 0.9430818522542819 0.9412189361746185 0.9281323553657906 0.8814204406606617 0.8930003961461973 0.8947461267512756 0.905691649273485 0.9108856871564428 0.9337091595431625 0.9033482532902808 0.8929297649422931 0.8930987805448738 0.8822731533393847 0.9019674664877954 0.8579387232241515 0.8836798027953805 0.8551169379952223 0.8470971351510679 0.8704319767217923 0.8468189954150969 0.8462109961279414 0.8521851383935684 0.8470243575075574 0.8399595239164868 0.8451922268487423 0.844877050669162 0.8165302914201766 0.8377739689486683 0.833389496811324
0.8651401005237929 0.9056573432575664 0.874418112442347 0.9085214384862209 0.8911814692030424 0.8923783550591672 0.9033166210168245 0.8852098244604678 0.8874456286388195 0.9092347902695942 0.9239523411381918 0.9232424773075957 0.9225239810650562 0.9201768336603884 0.8856614655228809 0.9119597640207333 0.8975833792870161 0.8755529968525502 0.8760311467661585 0.8962297121446732 0.9197189019328308 0.9063844390926948 0.9323618582534107 0.9216381057829689 0.9012602299674517 0.8730277284075915 0.901638509464786 0.9055770698371464 0.8743501675178971 0.8853616147260636 0.8811911146819292 0.8629834785089426 0.9051813655842388 0.8723540210335202 0.8948092887908353 0.887945969456897 0.8858994551939726 0.856424346621195 0.8627290831010462 0.8404267689467085 0.8534759154710871 0.8666482691043564 0.8211612643681442
0.8562597198434244 0.9044419944721437 0.8818779830359861 0.8923044585132199 0.8955419604382816 0.8818166256611981 0.8821083948281436 0.8618220053017585 0.9058716234672735 0.9113893809057825 0.9616693646982932 0.958268205166915 0.944932509889846 0.8865172358393351 0.9009441357866247 0.891344694636154 0.9016025356881678 0.8781549505594326 0.8679881033473003 0.8658875862145741 0.9147686281063508 0.9211026917432823 0.9254583066337873 0.9136329424122099 0.9226858969488593 0.874131585897007 0.8874864898201928 0.8623161108079301 0.845195956040177 0.8499985072111552 0.8917672023652783 0.9124586087759309 0.9092556117901817 0.9263978368311683 0.8977788579118134 0.9063377171199145 0.8760791207389219 0.8833202929396095 0.8524457021467632 0.8383397064568452 0.8701243117762935 0.8665342077294388 0.8419016518443401
0.8788294264482588 0.89484476028039 0.88229934779598 0.8561224437529871 0.8580946820724388 0.8500731984202319 0.8915081847507986 0.8930268374317875 0.8938393694183697 0.9168344235363671 0.9548365387871948 0.9493178078809388 0.9498671806476844 0.9005889034754119 0.9071148821187901 0.8831096519939791 0.8599216153446518 0.8911929570402167 0.8673217519596893 0.8716503673137764 0.8962808344441145 0.9261885783985652 0.9229954763346762 0.8966855857717515 0.9161440102820498 0.9097304665442335 0.8755075481110647 0.8632008942024825 0.8799187429900873 0.846511507480719 0.8382662322660018 0.89024077170606 0.8838665227445434 0.9115688095291101 0.8913597749901765 0.9081977220660356 0.8675254029677038 0.8588202487110047 0.8564254747452784 0.8259091604241182 0.8295987642013144 0.8343285170286208 0.8162938875619059
0.854318032558329 0.8287847462591214 0.843431154930133 0.8610889214750453 0.8605898854489334 0.8428583523317017 0.8641084282888177 0.9272612557917627 0.9290842681557916 0.9062714361400598 0.9333082687537296 0.9754555737599434 0.9380316583155315 0.9199024575883062 0.9198730218336021 0.8917941846444565 0.864527966089388 0.8727527723018682 0.8770023767864946 0.8399041050077983 0.8587236346595875 0.9010728772867416 0.9079621011022828 0.8862638170137076 0.9144711010029076 0.9429797859263487 0.8960923077896777 0.9008479207851036 0.8974451136934328 0.8530394615312309 0.8174498514407005 0.8350803926362872 0.8869578485216265 0.9047537905708739 0.9052798209825175 0.8820306474923183 0.8771258132232365 0.8547564746946243 0.852403675608465 0.8524813178460596 0.8263055138237524 0.8561172926465592 0.8135379054195938
0.8229292061379084 0.8352323109914577 0.8356314050404827 0.8198533563373348 0.844333491664085 0.8589739914812285 0.890505463546798 0.9376384677857055 0.9283425407257879 0.936560565212485 0.9699268351295188 0.9544890829506516 0.9712690384467784 0.9398094738858447 0.9093953824897277 0.9008266009439528 0.852165674931851 0.8491115014179931 0.8332329239126262 0.8523146913644544 0.841747378312237 0.875965522848113 0.9016014770489735 0.8835323581903445 0.9087489165867221 0.9142379367150094 0.9361943903833477 0.8951017856177986 0.8891213791025757 0.8765436083642832 0.8397932231830426 0.8231415496214783 0.8444754146997142 0.8849890729974833 0.8995334589804601 0.8769364783953374 0.8561048722297963 0.8276594669109568 0.8227625752344012 0.8311801761558998 0.8559520579239673 0.8451308460902847 0.8309277787569821
