Raster_benchmarking/continuous/raster-288.asc
NCOLS 100
NROWS 100
XLLCORNER 1743156.72817942
YLLCORNER 5469288.923517096
CELLSIZE 10
NODATA_VALUE -9999
[rows 57 to 75 of 100, columns 0 to 42 of 100]
0.7314333861108544 0.7200985301552347 0.7203380039164199 0.7337389729131263 0.7507394226831888 0.7471766127530909 0.7538936495313944 0.7675713455413979 0.7809460874167625 0.7928340058942048 0.7801203113781461 0.760834904380575 0.7804454769394354 0.8009258049639523 0.8201886616635287 0.7995348041498861 0.8202758848721298 0.828381045121614 0.8149259417048089 0.8067324395085262 0.8014285442890954 0.7827944237696857 0.7566903299253089 0.7400274860257222 0.7260744091429915 0.7425013958247714 0.7215534689612372 0.7015581186362986 0.6817848647648571 0.6975037564779677 0.6606686207042277 0.6354274075846635 0.5765614666922314 0.5666045821173997 0.5320667158870228 0.5176824572217503 0.508493312787131 0.5149894591401505 0.514543032328994 0.4777628456475886 0.5075224857750791 0.5223276015454351 0.5288860375893848
0.7054189056675384 0.7275498112540179 0.7333814627668925 0.7460215327576654 0.7486405599696001 0.7578098888412812 0.7690992181386059 0.7787756681918601 0.7668586730287784 0.7612386221399762 0.7538455490520252 0.7690980087073347 0.7644403300126189 0.7870931091567257 0.7694748610994524 0.7778403997698923 0.7751224774144793 0.7775937029666291 0.7988322883123545 0.7928494635577827 0.7917611695305801 0.7743727322522375 0.7292198982173028 0.7397677816406198 0.7167469207571536 0.730887222523271 0.7327809370827271 0.6957298970930821 0.6913643941255259 0.6761285646298183 0.6677451227420603 0.6367790141230792 0.5720729096987084 0.5727084057804742 0.5381051052777535 0.5513210485758827 0.5534110661310346 0.5181521643202909 0.4986717517296026 0.5102442640710987 0.4989991590812319 0.5068142556702417 0.5368071190875445
0.7159609295548994 0.7153430745335612 0.7340634444994689 0.726425995628181 0.7415001795760093 0.7507522195995959 0.7705180688890437 0.7517256049252475 0.7578766185282358 0.7687120312256276 0.7570905551985609 0.7704730673921809 0.783905557124734 0.7481556138549423 0.7456995304273164 0.7458435606519931 0.782833102798068 0.7743533455168152 0.7600491917962251 0.7700103122867525 0.7627375973631108 0.7830342416219861 0.7465977022733012 0.7465863449934751 0.7505110901580025 0.740071331612815 0.7398988086630085 0.6999998943631668 0.695207379659561 0.650792886915009 0.6456771259379392 0.6277374100109011 0.6231072423122861 0.6013171000110312 0.5653328792175096 0.556629325680735 0.55419213327599 0.5190995671475741 0.504457302989206 0.5184830968751557 0.4923193984172657 0.5242644046597078 0.5331622034900031
0.6839880176623169 0.7210170170086998 0.7487413884596594 0.7335562446277764 0.7207176113292119 0.7177185506628222 0.7463829680351001 0.7563144516928522 0.7406452367850279 0.7582816484976916 0.7742261113944193 0.7695008628758855 0.7786500017084563 0.7450967739426141 0.7314511475544269 0.7430272489825701 0.7660752407895962 0.7754968998509321 0.76192261841878 0.762298447838773 0.7779043477558049 0.7611372082172797 0.7789958963105384 0.7754935632578485 0.7592694460922759 0.7382351514731778 0.7214807168871683 0.7099725565550151 0.6731931109625062 0.6670064147315705 0.6341093727514059 0.6373177282758669 0.6206740511534118 0.5911586088572071 0.598735238956948 0.5461813262255046 0.5518074585788353 0.5392822992241544 0.5031610477324194 0.4922388691869474 0.496632428201245 0.510894155733801 0.5314055112870681
0.7064627058449894 0.7189608148671108 0.7385478453450718 0.7397463285666116 0.721645686172686 0.7231365383272111 0.7258743730067084 0.7499393926625485 0.7403562625958489 0.7800868246132943 0.7791696132746945 0.7650460453829097 0.7691739597438696 0.753334109657561 0.7526313212107577 0.7508471366099723 0.7777407592053132 0.7633755687462644 0.7346030925584016 0.7289900768156549 0.7425460968370459 0.7449253855755107 0.7385569587551849 0.7611287672786703 0.723188876472595 0.7337516012893329 0.6943816012238267 0.6737951608490367 0.6673205310116973 0.6661463397162688 0.6610891556788804 0.6291638203487899 0.606368473710981 0.6134494010411289 0.5835269944201098 0.5533531866723223 0.5103328981790567 0.5055991516929832 0.48685227834137346 0.48518572699036044 0.5181357381914108 0.5087644463978798 0.5079852922051602
0.7350579537105985 0.7147633687690459 0.739892858699542 0.7414414310928318 0.7324680919269133 0.7214379654345892 0.7310980936084703 0.7584338289577304 0.7529410654993048 0.7697414452948655 0.784174875085645 0.7440746680232405 0.7386301672882596 0.742700519203379 0.7194405814425255 0.7251711355528295 0.7659875864166573 0.7434062819683284 0.7133180258175715 0.7242556389077932 0.7014747839122326 0.709297998821271 0.7197910988089383 0.7008169307345672 0.7093208128500693 0.707433441864899 0.6689561858831351 0.6636922071193997 0.6556079767461277 0.6345723273126013 0.6527142106123065 0.6377931156280687 0.6063452838982694 0.5747139958095523 0.5690045894473363 0.5560191028780516 0.5044794160244093 0.5017397357334756 0.47953648367593177 0.47248686480229246 0.5115582119489857 0.5122840479510605 0.4811118343446577
0.7126307488125213 0.7053338628043133 0.7040165829352953 0.7238091348157107 0.7351573797478002 0.7514613210395736 0.7305005228680588 0.7604078453184848 0.7486598548060215 0.7724725312604112 0.7826897922257247 0.7474426138974143 0.7647012699119752 0.7441897123058067 0.7509639537028147 0.7244810150838533 0.7386341592627762 0.721028162876124 0.6950448001326827 0.6991427975695159 0.6793994888855405 0.681600295308581 0.6866403521051456 0.676614008921405 0.6858516314734443 0.6650087503543226 0.6611329857848026 0.6440459725010396 0.634017747902287 0.6399588913926997 0.6162876403228162 0.6203974701903201 0.6030656862819637 0.581627772583294 0.5493219603654379 0.533185282584484 0.5281776542336702 0.4939482599847028 0.4807120963011503 0.491421958081696 0.500022845903168 0.4856068999406399 0.5014456725858182
0.7160093479827112 0.704013015667813 0.7072064484723929 0.7144281093349023 0.7359734033537356 0.7290159664793067 0.7516984584245806 0.7412650960201879 0.755631920067653 0.789379926234407 0.7877926870273647 0.753255826495447 0.7525006151083535 0.7557812789774977 0.7601929896748487 0.7405721813986639 0.7216550863188471 0.7283310929822966 0.714457092344603 0.6939802146342322 0.669575743661672 0.689322317189424 0.6697827533575892 0.6557437966067778 0.6700893797362075 0.6842508415083086 0.6761019264427532 0.6365401159779758 0.6159018574557011 0.6363084218603154 0.6197810504195465 0.594265057499831 0.5722699974462332 0.5826240117728319 0.5472234004535458 0.5373260744572487 0.5081326090366166 0.4847595282089342 0.4610098222285437 0.4720420433257021 0.49471515201670985 0.4711600123354377 0.47855507071808884
0.709565521915621 0.6899095009160153 0.6891714527191602 0.6911851332461629 0.7122853923653633 0.7197044445032832 0.7353503571437052 0.7662265547718239 0.7544719111663721 0.7797706557744378 0.7757281458513475 0.7610657321866685 0.7524709282737998 0.7668977162149159 0.7755038795019368 0.7477358950828881 0.7326056922969434 0.7156907398298911 0.7226646174775954 0.7020544200422063 0.6673578784565526 0.6741838125473142 0.6621133485216354 0.6532226841649816 0.6535081881596776 0.649396354700624 0.6458310078357368 0.6166839275538736 0.5942444131489594 0.6087170141892273 0.5891306401243099 0.6081722648052167 0.578949704453693 0.5698686588857161 0.5414051618879685 0.5316983246246412 0.4932052260949848 0.47763508676107164 0.4728273053102505 0.4652444044354537 0.463948174137051 0.47023773436554145 0.46828944266125105
0.7175452726870517 0.6944316846189008 0.6844400668570076 0.7008478199844211 0.6923195180845431 0.6931123483090581 0.7246458592638868 0.747763673155203 0.7833348513868069 0.7510556493574227 0.7603822732210476 0.765366573265929 0.7858257653008478 0.7955304711969623 0.7912954303371109 0.7467608091202518 0.734998521797415 0.7385207699870386 0.7376509891709553 0.7182331320068019 0.6965022572988431 0.6896679474474245 0.6574481904652023 0.6606543098813242 0.616816397661891 0.626254934506918 0.6090356728041324 0.5997773479983256 0.5728813751396283 0.5825509993808887 0.5962218335434554 0.5878398471055821 0.5724484308959158 0.5652375474119858 0.5352906620077231 0.49766482495579156 0.474603597448279 0.44911107082419915 0.4377406959623895 0.41896419529922535 0.4258214606551794 0.433958059322132 0.4681157815804777
0.7168688552852069 0.7047705580212212 0.699169715326433 0.6893769077125822 0.6804442750574853 0.7017121992694062 0.714566744591442 0.7236394040004246 0.7590620081591785 0.7445453735442162 0.7377290473409199 0.7557678202710235 0.7773369674274954 0.7747512527115588 0.7750301105538212 0.754378955122863 0.7334819600273841 0.7385695355113484 0.7065955828902746 0.6832327910329933 0.6728332270517561 0.6576167029920027 0.6423686792687864 0.6460299090708926 0.6084754229708463 0.6250612833861776 0.6008827783808156 0.5938347003435237 0.5858161430654006 0.5829455365945884 0.5807375514598473 0.5526534765263983 0.5233257527583561 0.5151743163066415 0.4999316578958037 0.4906979161946528 0.48447021347643165 0.46679230131097627 0.4222229333636662 0.4233210295347477 0.4051187476422941 0.43195928722546256 0.4233650248665245
0.6921627177365529 0.6903843144231084 0.6846231370421155 0.7020488682430299 0.6817192717637566 0.6924971474889174 0.7163556610444601 0.7408389119941758 0.7413189652314582 0.7367745596786237 0.7546548969646472 0.7660246359059284 0.7627281191361809 0.753010246176038 0.7594136744184982 0.7498480182577503 0.7423035073287338 0.7382751708627184 0.6983394282497527 0.6872957911075119 0.6510867112186847 0.6428397771308595 0.6406001033274029 0.634010294831491 0.6214388781515232 0.6217368411081688 0.579740391518198 0.5649354477126599 0.5473688250003493 0.5617731897459771 0.544585228489215 0.5603218471913273 0.5211924841052094 0.5002904014438831 0.5024321568679853 0.4702745080103194 0.46131935131771545 0.45631785323766266 0.43634949302924736 0.41379896171832437 0.40937795477903866 0.4079883311540597 0.4233015045462522
0.7087504767713984 0.6983385538152523 0.6794445239626072 0.7058404295101364 0.6888813170548638 0.7014781560008341 0.7195918988937009 0.7474405706443413 0.7495155187203677 0.7330063140241729 0.7500632453134577 0.7438496634945784 0.7587285550064166 0.7374035462655086 0.748451184712076 0.7158504563994198 0.715719033837061 0.696195090967372 0.6928568875371663 0.6554242311076915 0.6328373732005095 0.620196210799781 0.6186766491922534 0.6090548408840408 0.6033889960348976 0.5890916349893268 0.5821622397409781 0.5642311623146876 0.5325955416155419 0.5283675940680446 0.5435533005504606 0.5466885724243634 0.5225030337125917 0.48526357880352605 0.4871748786711732 0.48839443939793287 0.4580490107808842 0.44374559512569905 0.43388170687701577 0.4356601507828298 0.39997650509490207 0.4014511729381884 0.41927896204656623
0.6958019344868912 0.696803539578527 0.6871447612097956 0.7029148119740262 0.7107222113156983 0.7243507728658497 0.7509689555858368 0.7422290227747042 0.7136394670659322 0.7065966360693485 0.7056269132805082 0.7255328858513606 0.7185911318059932 0.7246402612419651 0.7102131568543243 0.7168107780387428 0.7071248049019966 0.6644726332953796 0.6580681715074109 0.6505559892967266 0.6188545059427171 0.6279259894454335 0.6025427305133434 0.6033209987411557 0.601374911949455 0.6063749243630847 0.5938981207991741 0.5721543148308547 0.542285161761998 0.5455715645285443 0.5374078453342955 0.5373631953487309 0.5116761768165745 0.5005166480242312 0.4768753644141825 0.4637209407242052 0.4816786437291539 0.45316488191096815 0.43421291283783636 0.44334399927446866 0.4262208530759514 0.42704351804487956 0.40918402865124703
0.7079355806996352 0.6923644261665893 0.7035343428614047 0.6850182337467824 0.7264792471250169 0.7184451659740979 0.7377643412659415 0.740539699141118 0.7284626386087479 0.7283112863018968 0.7075222277144493 0.7017778660271003 0.7001490046390008 0.7031962290822766 0.6856048603162971 0.6973558412016473 0.6948496135625867 0.66916072331257 0.6445745109888537 0.6125094105961064 0.5968782938538326 0.60735100105944 0.596592875103367 0.573443157320969 0.5678395174261615 0.5843857621325516 0.5779866377951762 0.5558523405190835 0.5273792543322644 0.5282816105420397 0.511579077964461 0.4901241213623903 0.4924350833201434 0.4677797846810057 0.44870293790108573 0.48162376866005363 0.49277507326271625 0.4679410578413968 0.45778682129452875 0.434813395528133 0.41933927609975247 0.4075691908194019 0.368080822401218
0.6791746109768741 0.6697208572487298 0.683331949287875 0.6897247885743474 0.7231852619026097 0.7327008081012629 0.7427156013596643 0.7412739093787875 0.7455111167723247 0.7231125691179231 0.6950181428092311 0.7040751871072162 0.704019801745332 0.6923666510300094 0.6630216698448164 0.6577451654683534 0.6562491419534947 0.6259225324483189 0.5843531560191416 0.5854719698214141 0.5744175411965108 0.5852418034936107 0.5781557809789609 0.5752306690096092 0.5273359421079563 0.5354412407628059 0.5423454142089495 0.5292785463158871 0.5194352103981053 0.5107229898746911 0.4912758745023921 0.48764476654837763 0.4849033555977288 0.438084419459572 0.4254988901141971 0.45810247187601616 0.48036454310008053 0.4464005355671627 0.45176938047384513 0.42898103298737683 0.4183992231462511 0.3753420370755498 0.3589262277013066
0.6592722329087718 0.6705556918586205 0.6658206941746581 0.6775105484815376 0.6779634015004303 0.7086452360302962 0.7360440750825766 0.7330501640179147 0.7300148896778883 0.7373323853323294 0.7309344243993477 0.7111554641501032 0.6975642434382833 0.6702332304986512 0.6821276532079075 0.6693198083088558 0.6401363672295105 0.6152879785219642 0.5933625222538882 0.5675998427047074 0.5700788208129031 0.5530675546582159 0.554313787594222 0.5497322899371597 0.5293179636391493 0.5351717851184618 0.4976028377455079 0.49157638831715245 0.49387011208943143 0.49797504921964647 0.48655202196649455 0.47803508621076446 0.4526289158967081 0.4373255081404624 0.41860681214655154 0.4414575446839885 0.4659494195609021 0.4520105607566815 0.4249208198871033 0.40722570932135954 0.4107648194064193 0.38570078774429456 0.3881928825954056
0.6817063536461132 0.6693444538078843 0.6450392999615393 0.656459043603259 0.677140151883251 0.6940606315119444 0.7255247501309551 0.7316182831403795 0.7323773697716097 0.7136776071075563 0.7327482974215119 0.7198978962614193 0.6920540955695869 0.688468121840052 0.6868884270958519 0.6603430163001628 0.6348265110799087 0.6375514683769608 0.6300325989497537 0.5897950729525004 0.5513488694110494 0.5503971838780555 0.5241970531257506 0.519568643281526 0.5137273591637519 0.5256950523042513 0.48592304993543867 0.4775129456260393 0.4854886578248497 0.4693674095912735 0.44157519633681375 0.4308998497447747 0.44144254537746136 0.4255562741670144 0.4438588436459441 0.43325195749863094 0.4467572143881474 0.4525993879349905 0.41652107958722473 0.4149302057430602 0.40178452141053306 0.37709531174053856 0.3841039708323951
0.6426118897403521 0.6445745672637072 0.6271230201341605 0.6335403379209803 0.6494531167856074 0.6951390549457012 0.7112521577548876 0.7007092670284959 0.7285386411983069 0.7151915712223691 0.7065975822994773 0.7017267870774245 0.6988037427934125 0.6847979837426542 0.6695262594410292 0.6746857644543113 0.6425380954014717 0.6199965513843176 0.6094761690946292 0.5968157206176234 0.5362609037929666 0.5004983925301654 0.48416416826517933 0.5059820437751704 0.5050674577640436 0.49988471841940796 0.4793186319671493 0.4749702758521339 0.4793810268143605 0.44236782751388015 0.41566881932312394 0.4169850714806861 0.4300706838321554 0.4266223152399978 0.4035570783405937 0.41120374143652444 0.41921982765475785 0.42824103408984127 0.4313920325959848 0.41972792600307757 0.41852665043232623 0.4095473365559385 0.36955653741304484
