Raster_benchmarking/continuous/raster-344.asc
NCOLS 100
NROWS 100
XLLCORNER 1743157.3779827505
YLLCORNER 5469281.669357743
CELLSIZE 10
NODATA_VALUE -9999
[rows 19 to 37 of 100, columns 0 to 42 of 100]
0.43229074647046045 0.4742055183487352 0.48107026227364535 0.5048849221573741 0.5087497774909522 0.5151590345668254 0.5286431169137608 0.5487105539381417 0.5871112539119768 0.5558574504849759 0.5702338421227237 0.5499305048468589 0.5107011029543231 0.4842352595507495 0.44605426347522686 0.42380662178511347 0.38700475733064854 0.3937335813152349 0.40759185146115956 0.4019953997885788 0.44934549852537625 0.4792581700382214 0.5021649815041953 0.5084513765075598 0.5031288628081625 0.540173688993023 0.5229027040320672 0.5416329271109583 0.5058767517218006 0.47635265764962165 0.47192907010684365 0.4499192319462627 0.44375514884678813 0.46700722113542414 0.4701264151547887 0.4300826367678179 0.4586969497741525 0.44244456285745143 0.43114433350903625 0.44017482422079324 0.420857640988196 0.43233435707274875 0.4158780864131832
0.45832158241974796 0.490559460250485 0.49587584510391414 0.5317979826929864 0.5086892613355587 0.5068259515922805 0.5106992334138746 0.5617328201358718 0.5636207346757467 0.5651811083858291 0.5401099587006861 0.5101633333802648 0.4976205019017313 0.4235903886254876 0.42063568316863714 0.3761397431949867 0.3700279661974554 0.3783044500260563 0.3904199420044919 0.40308150174660035 0.45924768412188943 0.4999901708183795 0.5074185848102845 0.5083404086530029 0.5276790406508376 0.5288907993653953 0.5148127225328271 0.5477972844940145 0.5274887007430745 0.46702988774726323 0.44863591680146325 0.4797248197282871 0.4575201160734125 0.4718050920196022 0.4789755386118366 0.4661262240808778 0.4750878189086914 0.4600856260228224 0.4455338351702679 0.45779449792078847 0.442398253538701 0.4358536281094482 0.4623076562829434
0.4571543767010399 0.5052965941328347 0.5074546172711013 0.5132563812562411 0.5036750589392385 0.533708154419249 0.5266212232284468 0.5443187074059009 0.5124384845997263 0.5176482525940096 0.5279283052285355 0.5061882874065002 0.47885000926590093 0.44008272995084974 0.3975597806694009 0.3921995847824419 0.3745484546338342 0.37066555696500175 0.38212518938029766 0.439205068291642 0.44601760537279145 0.4949136182218178 0.47831371415250235 0.504235724709826 0.5045806095081294 0.5248301149194622 0.5496833864608669 0.5174469150664633 0.5161321732285274 0.5012805560804612 0.46022354092486106 0.4738605057086135 0.4681126552462882 0.495363014502627 0.4680607113491685 0.4632452968819077 0.4465725631626826 0.481252619994397 0.4880511099960449 0.4903259044592852 0.4640491029409002 0.4784700842998407 0.46151765398368
0.45009720234074524 0.5087432323160599 0.5038877760843683 0.4988514176890409 0.5437163031270584 0.5362562712438389 0.5069605623568744 0.5063711684969978 0.5344674435415996 0.5076398456559846 0.4999850094079838 0.512081599083447 0.4597539007998596 0.3974018845153103 0.3588164038511894 0.37008775678308453 0.39737876912734743 0.39577472791107005 0.39914714451474853 0.4394096827726685 0.42352302481754683 0.47218431256241183 0.4631443860884465 0.4445782090107298 0.49672183930934555 0.5264882790361235 0.5208649683596378 0.5140270058870869 0.5127065078157325 0.482631513787013 0.4788058532275281 0.49856588953963293 0.47766951326090495 0.49049482635838193 0.45635491119867533 0.4445233332957339 0.4844100321306625 0.48688913650200943 0.46774168783303044 0.4939584098098762 0.5067769357542657 0.4947253537221723 0.4495569658936752
0.45018308430935094 0.47438508958566167 0.5181017684562212 0.5204447629344693 0.5460188170183465 0.519786669148681 0.5127421756006768 0.49465849478224777 0.5189892949470859 0.5299507801315343 0.5092959844657574 0.4718473004569771 0.4432970856767236 0.41173650689211855 0.36121838771342923 0.33858717440880776 0.35878137326103604 0.365950269366974 0.3862227711955464 0.42563901736039345 0.42287933546856227 0.43979146508477923 0.4509761603543156 0.4578678377281439 0.46510822715244265 0.47576801555940007 0.4900201108192251 0.4912009666087184 0.48172914287983715 0.506858401259974 0.499181787766744 0.4869191221212796 0.49379123089728444 0.4877757181145478 0.4638144086740135 0.4440724728686934 0.48859430489296996 0.5133917985878922 0.4953989647335308 0.4960007190469111 0.5167690105995226 0.52371459533541 0.48985977361075256
0.41896023264542004 0.4663802720422857 0.49568715876058883 0.5372037058611843 0.5464686566254097 0.5476193950903975 0.5003976469676461 0.5030366057490409 0.5017860930879248 0.5163141885145818 0.477859802546068 0.49113884251662926 0.4415084432459347 0.39079524659440196 0.37235576290497213 0.34590692201312306 0.3686201294659318 0.39613288771162 0.40653287382246156 0.3953181563800743 0.39501966883770284 0.40745209785373976 0.45443207182261297 0.48149467575784577 0.4709205585667301 0.4996541667362215 0.487714149801394 0.47780101311693385 0.4688857940780826 0.4830404949198993 0.47359957824092613 0.47985801277737467 0.4826269311545655 0.4352945114083765 0.45040800736283476 0.45818944578682586 0.5170889547178695 0.5301535118531344 0.5310915591161413 0.5058664918865794 0.4914661838924833 0.4998916382005081 0.491348233486466
0.4014568439723328 0.4184335579872954 0.48701534739204755 0.4967096003011326 0.5011201957176835 0.5238313603904596 0.5141613812532738 0.5254732619677803 0.4952218522633041 0.4762399066876362 0.46882131582914316 0.4599879965081348 0.39679904604469624 0.37164932427542374 0.38472011708782355 0.3805754582978489 0.3953097173685568 0.4108418476570239 0.3906987279129753 0.38247753429876696 0.410897520578929 0.4398435363174977 0.45361548622835957 0.47284695527244774 0.47826714317975 0.503744353890612 0.49118364259971536 0.47082655356342545 0.506769947539493 0.5159930975205199 0.47979956441638755 0.48998590855873514 0.47112660568926995 0.44744907390986394 0.4633445853345856 0.49672638896764043 0.5102707970150356 0.5037753124913504 0.5293704689310679 0.5242271279049688 0.5321570270632547 0.5213149000670363 0.5250108333255264
0.341181525778089 0.37876124104366693 0.4554571962951587 0.481578406347291 0.4705285433215569 0.47744254639791495 0.5054644882737488 0.5312402511949355 0.5130846355215541 0.4761221301452969 0.44010649936255125 0.39981974497951767 0.384079001726909 0.37101520127002957 0.3768345821779506 0.3380918555702563 0.37197030596832453 0.4076738508034838 0.3849287907662758 0.3938700750533749 0.39254267212321886 0.4264718929391894 0.42587788146137334 0.4596391036022624 0.49421105116813735 0.5057258222990065 0.4800918442867808 0.4618813607495905 0.4925487846873869 0.5252569306773417 0.5185647929287235 0.5150641980570244 0.47670428943706794 0.49018329297744145 0.48112130298250244 0.4820961275528922 0.5349969625207942 0.5392722921140635 0.5206083363224581 0.5089446222095934 0.5287295779612357 0.5497232534156432 0.5219110848916466
0.3183217918892496 0.3800628118149335 0.41072833286568033 0.4643808366899348 0.47054671002156584 0.4666333681179291 0.49680483866851033 0.4999906399608077 0.5087327133772791 0.4959918913112256 0.4595988439459274 0.4039599084810032 0.3801755703564798 0.36236618310436247 0.3516008056061685 0.3745382171496986 0.36032269044668497 0.384635567596527 0.3829434577525964 0.39693295018004576 0.3938776292171098 0.4223513900551109 0.4064274017496713 0.45404058318294865 0.4510609661864811 0.4547102485575561 0.478925024144722 0.46148549195285393 0.5085556652434873 0.5119720322352913 0.5430673707418474 0.5462881599956854 0.5016590432675605 0.5242067457188188 0.5265971632460225 0.5406520784290508 0.5398256299514164 0.576060237479375 0.5585010151431004 0.5290602062847732 0.5544076356214969 0.5184297973752352 0.535858851369995
0.2889393362202622 0.3240282978408438 0.3697785812966027 0.42861038944071905 0.47086562171522245 0.49623173407778287 0.4983820260203849 0.46703655507349773 0.5080442184852023 0.48914267740258005 0.449972145082494 0.4155055140584982 0.38387704923365645 0.3414481912182491 0.37225408147202516 0.36124260795705254 0.3839460658024999 0.38254930161466494 0.3851831454313208 0.3636001758873699 0.39657814655519724 0.3746774374420304 0.421810316160939 0.4118414263631349 0.4503789456853133 0.4602816076623851 0.47697378042637567 0.4425737242990521 0.4809085562269355 0.5343931522277812 0.5383792669944645 0.5551609518255615 0.5079553544468803 0.5198143334994147 0.5303872401330504 0.5759659502162626 0.5550837951202889 0.5806012664625573 0.5582652684994842 0.5409065704950369 0.5193264639894138 0.5255974114930027 0.5553139789344734
0.30756153035211836 0.32199585946087506 0.35687948008673787 0.40263501964553183 0.44213707054979273 0.467541221286236 0.4681339369259904 0.48852243221231273 0.4809358278730687 0.4691682766878299 0.45790915799493276 0.4338754608709041 0.40588262768037525 0.38007702149938294 0.359008611772423 0.37224504707648187 0.38975209905111735 0.37438466185998165 0.3827646776280044 0.35573048595419127 0.38280230030541634 0.3959275633349636 0.41235201953493256 0.4101824451289258 0.43458901904912134 0.4348753281411535 0.45683566194529746 0.4415146142077674 0.4694449914963157 0.5122852166284783 0.5094208857685898 0.5096477651220659 0.5217733198367971 0.5572768160996668 0.5766023872288477 0.5732430030169733 0.5604033040003329 0.5760137177840291 0.5577287499576667 0.5350984211072518 0.5424744638678262 0.5308863895159099 0.5350395431991285
0.2894682501987084 0.2934980534655271 0.34948007741238923 0.39591040934731486 0.42960990074593663 0.4306293433433193 0.43994087896304435 0.45575427893297693 0.47441326602232753 0.43454354772866316 0.4642968505953323 0.4289926985621655 0.383663268788468 0.3477760828067661 0.3388864783476959 0.35564670949076455 0.38976252359571784 0.3952019494168939 0.38884025072548717 0.37120016377714843 0.35616757340036137 0.40347000612589357 0.39835573963929 0.4131583014314919 0.4524191266794564 0.47450535294032636 0.47432453479902315 0.4547532608428892 0.5068973438396618 0.5271512968578013 0.501322222303335 0.5016450705938241 0.541905619458799 0.5665176245173753 0.5635937081226127 0.5629814476113275 0.5639487797275196 0.5773418884619294 0.5790649946752526 0.5686837761242426 0.537549066413075 0.4972508650748266 0.5101057891186447
0.2813989554693631 0.3204309065203936 0.34529956430312153 0.3892821327192029 0.41120960687997926 0.46012977815057154 0.4535784093847924 0.46704644997669004 0.4528399278180947 0.4855719364846361 0.4704581252880622 0.43676081198309036 0.37172101095752036 0.32834981325846674 0.33671259780131346 0.35778036155656273 0.35229284890154583 0.35747017200355496 0.37608908574152083 0.3325088375104509 0.3596295683720348 0.36741190133806995 0.4032239272418305 0.41944151486553244 0.4548702615902074 0.43047103199476117 0.4334189267910106 0.459478203067203 0.4830993704954155 0.5210115803015699 0.5096987976717635 0.5047026033363733 0.52087443079279 0.5580588766555152 0.5644020230520166 0.5485205705678137 0.5365514538763312 0.5675002740300465 0.556490799895566 0.5281672348832293 0.5188358780381839 0.5029972077846459 0.5166193317253109
0.31781461074724476 0.3313715464342245 0.3547687899570534 0.38281358897931145 0.4004332485765814 0.454336931141932 0.46173287425667653 0.48674040970760013 0.4825366334337246 0.49205083659264065 0.46760074755853276 0.45041462563590245 0.386958411898523 0.34027378376156536 0.34384532941014206 0.3716005096330864 0.36241500536005444 0.37408450852781605 0.3496374169790325 0.3158781957297068 0.33675412514195857 0.33816666903874787 0.38974785094623593 0.4295082229708075 0.4547784229810021 0.44076198570032865 0.44254004112738027 0.4296702897920019 0.4766866634997738 0.47407413841449575 0.48211084839318075 0.4623743383610077 0.48354369772208794 0.5365438262031949 0.5108352301116769 0.518296914837134 0.5099901340006664 0.5365994111374092 0.5604910672924247 0.5357078461063695 0.5361095558583495 0.48318643722901744 0.5067043669824014
0.31357199010153297 0.36097971729962225 0.37219630470318893 0.40374467275650877 0.4148009131284097 0.48498574355642327 0.49846998814735827 0.4845564301003328 0.48362695498946506 0.45511637363174645 0.44664867911447487 0.4403959836061124 0.4083747547142083 0.39386004244893974 0.3864920502040432 0.3706164968053295 0.38933444095157493 0.3503433011557968 0.33005193041639447 0.31257639385017805 0.30397752655837207 0.34910002442265836 0.37655203667683096 0.37748696030135387 0.41101177097986197 0.4032708069143516 0.4158945565727965 0.422756033041088 0.44051916234388977 0.4321925326338519 0.4402059301893077 0.44804470564361254 0.49502519640248965 0.5101989060526574 0.5053399587342449 0.5120810055448107 0.4990091874611774 0.5254586747578213 0.5315335025302028 0.5070036283925704 0.5145537914533467 0.49777667842434653 0.4821147772569937
0.35625667284125073 0.37436161410585694 0.34986990747764213 0.3820678228086355 0.4122346056439678 0.48289065355073235 0.5025740683406479 0.49203456327362505 0.48403176220910477 0.4893968603956932 0.4528257989193286 0.4177601643680968 0.37847513174996333 0.36124954053384656 0.3655922382569875 0.4001120920440443 0.39227614502069846 0.37524541290887675 0.33355261460062835 0.299572784070292 0.33866250502289785 0.3257984111521492 0.3592976919582321 0.3682462400068816 0.40827221731076657 0.42400897442184105 0.4268732290608132 0.4366321532095529 0.4087609784423383 0.3982029391770784 0.4352401186086979 0.43121762923087653 0.4662756960113918 0.49105211409674404 0.4657824923793487 0.45802405971693444 0.47346953981540335 0.4829405827082966 0.48352336598157747 0.4856150064990141 0.48061795699994414 0.48129786344467157 0.506050285185058
0.35320080545108373 0.35836396386327574 0.3630408768640263 0.3849362529321202 0.44005578000098056 0.4561893011505845 0.4582943292990698 0.44106474066829643 0.47828706077556266 0.4736373018294843 0.4268549353467349 0.446716153563069 0.42020722864402404 0.4187626611005367 0.4055482647229672 0.40695328361519845 0.35543424953535835 0.3421778848057422 0.3483577384791518 0.31438193465926556 0.33184339292714377 0.3045069833652114 0.32511571445692944 0.3344717113824956 0.36037428179721415 0.3901332615817767 0.377053992025899 0.3726369921188285 0.3866844081494863 0.3952574977725218 0.4017537848474164 0.4007598717208451 0.44488500006647463 0.4749328188590798 0.4652344689276688 0.43590181465441413 0.4591167699818322 0.4577797306728634 0.44967051318417056 0.4646321696569436 0.48234659180553435 0.5075617440443454 0.5080197357467382
0.3443427893048535 0.3526164036101709 0.3829499055977074 0.3896415813539328 0.4387744756550969 0.4740790869762285 0.476822158716155 0.4235618336528378 0.41551858190884133 0.4384557464334755 0.45397348487331013 0.44501141298127816 0.4162697427049724 0.4185304737738189 0.4039187198825856 0.39707002886063925 0.33213597372521203 0.31152192166493586 0.32544782344416606 0.3295954669810804 0.330693276490817 0.32083667037580854 0.3291418766819273 0.2952968513141115 0.3500563386219637 0.34926990173727385 0.35393096140662667 0.36179801239236614 0.3869223874089201 0.4093368511551912 0.392402387741067 0.4080723144147125 0.43496754053509923 0.4635353595754078 0.4311608055729083 0.4060004769830091 0.43489581838739905 0.4303353048756698 0.4334221386712384 0.44836065076725434 0.47894507415052534 0.4961090048509364 0.4735775654712694
0.35657749533428396 0.3345383584583021 0.3633144383008338 0.4079180777536708 0.42093171668736606 0.4314117847523026 0.4590912383576011 0.43068262633939 0.4052978463453664 0.41808892170521095 0.43117500573316697 0.4018405493264986 0.41550386267059247 0.4217830002030749 0.37136564543053846 0.3599100728342437 0.32852365959696883 0.29514378930357665 0.316845949843485 0.3345791201817468 0.34082086343283063 0.30930460740434784 0.3245050925212447 0.3019580524249817 0.3071515379607213 0.33911767391485376 0.34762683741740297 0.3291486009329531 0.3426878058443328 0.3644641574622125 0.3806524781213085 0.382947421582407 0.3985133857142203 0.39983696056662144 0.41597238971825246 0.4367302522119546 0.41540212893466133 0.39733341044175746 0.41657247407277564 0.43346525949260284 0.4432988151186898 0.4484265518711079 0.479269998329847
