Raster_benchmarking/continuous/raster-256.asc
NCOLS 100
NROWS 100
XLLCORNER 1743151.3494974733
YLLCORNER 5469285.138132202
CELLSIZE 10
NODATA_VALUE -9999
[rows 19 to 37 of 100, columns 43 to 85 of 100]
0.42578089870817465 0.42901639306998424 0.451530714724344 0.43575903663562143 0.43548513038882586 0.43537879631198484 0.4052147684058646 0.40185319541945225 0.3809062797018768 0.3797181060848942 0.37651452594808565 0.3551149805461809 0.3178041107035666 0.3448400243290176 0.32064227742843254 0.3065052288248567 0.31542774937062373 0.3255256530251618 0.34688171961548675 0.335693868219808 0.3505462586098702 0.35855660921521776 0.35103453533415135 0.3349663636263217 0.3377533889760837 0.3489277645364374 0.35628846769891187 0.339692393055007 0.35140635663629244 0.31248127171300777 0.277780091329441 0.29767161515790946 0.3126189679823332 0.33721213161658375 0.3580051166519254 0.36306756360128295 0.3946885379316931 0.3770763687001788 0.41861058315387933 0.4338605253961509 0.4476916131215419 0.4390430056030339 0.47601403575283285
0.4446061319340603 0.44580207325805943 0.44919368534173276 0.43654819726708766 0.45645709726734546 0.43548591588801705 0.38987631012658047 0.3574674427698139 0.41811269799855877 0.40832919801824824 0.391964669698866 0.3325253587300413 0.34711679726659195 0.3504499501629355 0.34367926862410425 0.3001361667265996 0.3243703037880061 0.3439513832251305 0.3391545384676918 0.3785066521479125 0.34614162968835327 0.35602455198194366 0.3211711155303014 0.29810102691967627 0.33578426013929646 0.35407129065323795 0.3505627053298319 0.3360738582756649 0.34943383946110984 0.3139569569619439 0.29420545196431863 0.26136869414275665 0.28435094177156356 0.2899440697406769 0.3321378818751481 0.3557091613160065 0.36657828167753465 0.3814943534456978 0.39039083802854807 0.39349860995414565 0.42498523190283816 0.4210593749931453 0.4698172452680402
0.44618163018443563 0.4299602543483041 0.44105989226908177 0.44429087539732437 0.4624088047772246 0.4724165417485112 0.4359719635851081 0.44648499298374056 0.43239065991396114 0.4228456458429101 0.35833576820370966 0.34326965409444715 0.36644630961150904 0.3472093934849808 0.3653176258246563 0.3210845418047813 0.32116857422749373 0.32569524927848525 0.37340661575116973 0.34108240360809067 0.34898364459392195 0.355087466280852 0.3507901643989705 0.3067845428972017 0.314568282705621 0.3346728027145156 0.3555929323524507 0.3598095868391497 0.31277175613901764 0.27323395147489327 0.2785634767760547 0.2389944390974817 0.252609755451519 0.2855550335673733 0.2755275069467535 0.32431453379580566 0.36245667456529634 0.3627745106927791 0.35775378913831235 0.35463282733053525 0.3967016588271534 0.4277185151812775 0.4487548714156348
0.4248276954065437 0.44232236744702014 0.45019568311433256 0.4327666278115699 0.46478978144222977 0.4743883981458133 0.4820237250018378 0.46602404272106357 0.41261496313757123 0.4185799668106969 0.3677784236253207 0.36073233871828836 0.34760042956420945 0.3781086410094194 0.3796155201304723 0.3440810885983313 0.3493841057356462 0.3515156088102544 0.3294111734236506 0.334458932342599 0.32397964388462425 0.3560937428506489 0.31011276029515095 0.30792283666745535 0.3026661200712621 0.3528924383361353 0.3260377254498941 0.3427557342462533 0.2990257611927174 0.27275581521351216 0.24765194373728677 0.22813024652735583 0.24381572450977917 0.2550912129932138 0.26261404080394496 0.2786416988441747 0.30052322881612825 0.3511355377582114 0.33051507485757864 0.34454439171367995 0.348332468721155 0.3536269493433738 0.4279668229477484
0.4514994380672885 0.4546734320465278 0.48025628085836397 0.4599607050196155 0.4458807521940046 0.435220781784631 0.4633209883376565 0.4334560158934892 0.4252993824505966 0.4051351161792024 0.4248247124990482 0.3972069826754131 0.3592620340704428 0.3422530097421162 0.3567464874812756 0.33062724470406213 0.3233140248020778 0.2884943588926804 0.28150697574865274 0.31184041755046626 0.32391362967415743 0.3603965901553481 0.3186259303685414 0.29628696856583303 0.3210864152304397 0.331875048204644 0.3457952301570667 0.3191525249733721 0.3300083992614679 0.278509346293455 0.27050981630928755 0.2628289195301486 0.26506376275541615 0.26685414156408477 0.2844838212185801 0.27109955048517886 0.28871499294039027 0.3318594325412463 0.3380449956590884 0.3016318283468405 0.334935813441819 0.3750896526988162 0.4217870037912561
0.48441389092862724 0.4813835834616757 0.4581378665590645 0.4818345499382713 0.4792528274543668 0.44825966319950744 0.48227922470084755 0.47102617185768747 0.4627367295340588 0.4345740733319895 0.4373617164870578 0.4240624708088131 0.36871195613350793 0.34101096410615667 0.3176672760340674 0.2979859310672019 0.2789931799346017 0.2507468870577773 0.26429988370724394 0.2799685628478664 0.3253294685534489 0.35094381314815937 0.35500654541296967 0.32826729509754415 0.33765786056044733 0.35649662295645085 0.3188596424501577 0.3387384144074917 0.29147344833522676 0.29314187229805155 0.24584510559406703 0.2465333582348918 0.27770963897983914 0.27503108560658357 0.25827316407774353 0.2768396879551402 0.3097843465444997 0.32485562841289223 0.2826884677761602 0.27179969851351843 0.3092236982662476 0.3569269402698213 0.3733409836914131
0.5182130173931737 0.4776529232732199 0.470859031501293 0.4707274034081404 0.45692199570405856 0.4636490863200814 0.4594882325943681 0.470776636179104 0.4512797073339437 0.4596635531191368 0.439340630008745 0.41585348911127573 0.39119783108938844 0.35202862245170036 0.3150264853273934 0.3178515726054739 0.28480750598398213 0.2606806685943648 0.2469452064442017 0.24508318987258407 0.2890339443042158 0.3068549383294881 0.3409572634787173 0.3384052390771499 0.30857994341690287 0.30035889564343543 0.3005119139648273 0.30726385277028956 0.27025452885504836 0.2671072862614331 0.25756564804027626 0.21126152157763123 0.23385228119559798 0.25116329353481304 0.25001491352417937 0.2774282618600701 0.2818121244120196 0.26406537681641057 0.29033987053442684 0.2958991787264378 0.27550950575363126 0.3100130504138949 0.3607386994697902
0.5287630497131365 0.5060186425873648 0.4743433327047787 0.4676176902335722 0.4824805721830453 0.47735304564814446 0.45755182824243057 0.4204804394771937 0.4414860975275815 0.43493299196599433 0.41473050904497066 0.39314843321254467 0.39308507540076215 0.3338265925297576 0.3107408049383451 0.29645728347455447 0.2653284222506746 0.23368680522201143 0.21721209501940103 0.2351843310730342 0.261005258404438 0.30055751377129897 0.33351277602450413 0.31906465404987105 0.3001076976392558 0.2515867797239666 0.2688264275278945 0.26486997504128507 0.28798582899784103 0.27408035212365395 0.2370496661247713 0.19461233690975982 0.18397985027022817 0.2050432883815466 0.20739444100201315 0.2337469392460798 0.26124890452238025 0.2529966410050267 0.27799899580693643 0.25140453902001464 0.2692377602802231 0.2865292508941455 0.30078839010704933
0.4909564123846449 0.4759949949157311 0.489245794078708 0.4439526862762298 0.4697934273171953 0.4537036144465942 0.4269798335526931 0.41532690851846454 0.4461448278389551 0.42751359543632084 0.38330784850938876 0.3753209026701462 0.37887719183684904 0.32379834759004156 0.3065535863238205 0.28136674781019033 0.22665994498919512 0.2518712693702196 0.22778989160079646 0.2499981347669607 0.29555229106669223 0.31525533782122783 0.3165263485044728 0.310452566079464 0.27099989257562096 0.26089626309107966 0.2534597885757094 0.26908395783413425 0.24865812609189658 0.21482933517285038 0.19701702705599072 0.1976196059983885 0.19548835607349596 0.1982750969627841 0.2162237411869941 0.24915691205128376 0.2629657217006425 0.2410507711856129 0.246612850871546 0.2915648439185055 0.2903192297357291 0.265340868891238 0.2835086196461616
0.49915682183467264 0.493967237654577 0.4668057699878089 0.41846988184651424 0.4175873131185434 0.4395651301324363 0.4300960187693076 0.4555780765665272 0.4522178175025801 0.4173407326279811 0.37239194466443176 0.37110356491208984 0.3491808438712554 0.3494151265274748 0.3021438366312841 0.23991536823432724 0.2192445861543029 0.22670747202986322 0.2518396009409078 0.26062675364701887 0.27450602411833197 0.30509123946333755 0.3082550234194071 0.27112268630826575 0.23822000742695393 0.2274676211409979 0.2252261470486743 0.22716981118461263 0.25474711733398503 0.2062360872711772 0.21292866097221338 0.18748477755336965 0.1741301786324224 0.1950065646494159 0.20315458930616925 0.23957374692697267 0.2656654797701674 0.2539952106986672 0.25602068750227347 0.29939030083242196 0.29143752740159296 0.2352860003304831 0.24361323006897034
0.47745271191828503 0.46036791237893365 0.4642672407895112 0.4356450409018271 0.4167855451504569 0.4350482016235258 0.42669771561319064 0.40851819292467406 0.42452974549468886 0.386106620701533 0.39497410994850374 0.3989404218066164 0.3536934991615621 0.3355206792203684 0.3052968777666046 0.2757058689097354 0.24412464493026398 0.23928692876342358 0.2891589150004207 0.3005839313822696 0.27903770488690055 0.3130162407821916 0.29288316512788115 0.2823994686131184 0.27459519696859364 0.25954759220904916 0.2618562367003127 0.24226905762855294 0.2608403927337121 0.2461163542691958 0.19363324061355613 0.21404311906349865 0.19764584342457822 0.17828583170081047 0.19143903173493151 0.22681902031547754 0.22416813074233752 0.24090282230856322 0.26404475138163264 0.2666660490817087 0.25546483525290853 0.22428934846729962 0.24498860161386088
0.45968369911138557 0.439602822515619 0.43598917897024164 0.4192004481377116 0.42310016159305003 0.4002632328442422 0.4098276326223335 0.37072654324824933 0.41295380021983624 0.3976944204533315 0.3677261143796354 0.38685467223043457 0.3339652407933686 0.3055102382618531 0.2703018083708505 0.23159616058105867 0.24532971627357766 0.26005243799609207 0.3032230840146827 0.31642784041786853 0.29571713594899146 0.3021041418670689 0.30517625276568305 0.29736779087725784 0.3007528956313861 0.2939003636952671 0.2676386280293798 0.3007523863885484 0.2707983616604312 0.2500706653182907 0.21383509693826305 0.19449946174848698 0.1849113110387707 0.19955646347747535 0.17163994975926067 0.16544691382196994 0.18921612699166004 0.20636586282986677 0.21673939953480992 0.2053126844466986 0.19778849053784797 0.19829719264907905 0.1994505536475997
0.46808527397131555 0.44220225600814106 0.43443696613955496 0.4068234677485686 0.43323144904486083 0.4064964345661672 0.37157536849652506 0.3598581711155914 0.38301840295914025 0.39027557655679773 0.3497961039164715 0.340091350963524 0.3557468950300509 0.3172205839343993 0.26414444401816833 0.2553339415399388 0.26569365306017045 0.30219771671193424 0.286206898188328 0.2957505923948025 0.2917546296944647 0.2834501550396099 0.2917067197275126 0.27985793358875843 0.2955092859200802 0.31760264430061375 0.3048717664835199 0.27156291245855163 0.26762546959879113 0.24240689873244317 0.193024424430506 0.160277539403496 0.16376813600676818 0.1704074974100227 0.18502657620418883 0.1779614961312212 0.21063516426497564 0.21090397550531184 0.2115387761524126 0.2133123351863282 0.17045738223749865 0.18236527781255202 0.17759950130675928
0.4919645469859691 0.4414823192186828 0.45261873353375354 0.42636734922362785 0.4518379586962891 0.4282160525404238 0.38411016715836055 0.36824706082764946 0.3717709658912635 0.3810044930953654 0.34886530760609924 0.32118990400311986 0.3323324365079059 0.3194508743896387 0.2728744802558318 0.2696706659750803 0.2789461323523741 0.3306347576327708 0.3253789515165906 0.32524303850198305 0.329105878450656 0.28553292232057964 0.28837045797574806 0.2851288420224168 0.317040031931367 0.2996180346156439 0.3059383241578807 0.29058727107369614 0.256786505535086 0.23183313770522804 0.21043562728133572 0.14620889671094967 0.1746286164785045 0.14786138247621444 0.1966290595827766 0.17583594107706765 0.19635190395200625 0.21311088457844313 0.1779432504375553 0.1720054924271454 0.15841993322855533 0.12984357326469942 0.12429969066947419
0.4975673787355969 0.47547818057020996 0.43892657629335774 0.42692343817524603 0.4336236688849897 0.389239322580778 0.365986511404383 0.3638170730266727 0.38449088532266446 0.3806680604078605 0.3620950039217747 0.32955790443553357 0.31692813353006155 0.3226348538347906 0.281908366914963 0.25801210957487086 0.29861735622326857 0.29609725755864685 0.2942249179864156 0.32893481693932036 0.3188940313939686 0.2968643726108468 0.26890265008007624 0.28706780267054055 0.30665624931788626 0.3040783362574802 0.28733384393439854 0.26245708478949104 0.26059980392615745 0.2592535108287867 0.2373311692716196 0.21060418915752724 0.17861136341256853 0.1904036853078326 0.1996371388942147 0.16675675478609672 0.15789950132821964 0.15900390545270818 0.167630597270709 0.16427578343118626 0.12714464645198448 0.12681875260536418 0.12507038746946914
0.4975415442062459 0.4476521661007768 0.4191744651132838 0.43463923106522706 0.41398411832191956 0.40053091259194173 0.37419025338456774 0.35754817805871436 0.3880957614043398 0.4095234983347241 0.39383596376645763 0.3786399828839592 0.3250780135431729 0.29694774364478493 0.30356934466256336 0.26117739897193737 0.2967050356081599 0.31678566618150633 0.3181157039664275 0.29188787891255047 0.31635892299620877 0.29214374899707646 0.2702555430187671 0.2596033561506413 0.2743358058906813 0.28778287364125943 0.27074756566531255 0.28288436577394477 0.27942214721920705 0.26913036210060637 0.2570896313422951 0.2578569429607039 0.2234815183163952 0.20830008362240057 0.21309430282308153 0.17234781965561408 0.16157411225618726 0.14337422192626664 0.13869683299371144 0.1321296683347974 0.12822008302859964 0.1595414257690914 0.11698832632498807
0.4914558366162538 0.4473048708640337 0.43048745926816734 0.4010058666911835 0.4049077887264112 0.4182374594197961 0.42450687702570455 0.3789412839001361 0.37839766492864474 0.38648998953651786 0.3754910566719912 0.36299633522922187 0.35817008804372413 0.328974334975255 0.29828781623825584 0.2847643044795702 0.318293455645496 0.3307866896579555 0.3187886982206771 0.2926326106643742 0.2831039683290708 0.29373281655496275 0.27508952052562924 0.28020839339543824 0.2829628794730451 0.2826763546625201 0.2586427753249914 0.25440633454956835 0.2539084107435401 0.24553442073107884 0.233668914499046 0.2627066965764096 0.2239904716279012 0.22511208942587302 0.2041713991699531 0.1672339101527128 0.15714523529839827 0.15014986696288457 0.13970179914301553 0.14170343887384518 0.16575175552217328 0.12542950679188014 0.12039274221946263
0.5158044328783822 0.4625895709967332 0.464284557079455 0.42510866297444405 0.4434516912276629 0.44683533436341116 0.44350320023442147 0.41015151843148795 0.38629934261687504 0.3821379178034206 0.38145136875431984 0.39767296032203037 0.37354983072341214 0.3247345148956525 0.3027181742664729 0.3096074848917295 0.31439103919052175 0.2989140653198572 0.32187844155831674 0.33986505913255194 0.28589173796442935 0.28570682305912515 0.2737399267189837 0.3247488141432707 0.28029161463100644 0.30527598675864065 0.2809592328846474 0.2426457650263759 0.23583142634734292 0.22522018071301553 0.2340828376035181 0.2576180682365995 0.22100553490677569 0.20971482526145324 0.1756418489865259 0.1599287590171872 0.15420316040086463 0.19380274514901324 0.1506763161120063 0.17151785636707 0.16444208094409296 0.13459482947150622 0.12454419436086875
0.5106564069790109 0.515808778727481 0.4988326498736544 0.48526943496043173 0.4408910835437132 0.4437516042723128 0.43486453572194 0.40959652460414747 0.4109041491931161 0.400372440948547 0.3803640596784781 0.3722324377325458 0.3457385176528142 0.34564666635722985 0.29936943399423677 0.32177808929548335 0.3118393704627312 0.31282955249193056 0.3297367180398124 0.30656708684011724 0.2906938662658148 0.28758827673556475 0.2980565333278838 0.2888816987157306 0.29000540426370935 0.30325104072409415 0.287619783591907 0.2567379215474727 0.2617177220941293 0.2188893024174694 0.23499612599086253 0.25113774370679914 0.26455964036054186 0.2383502906676278 0.17477980084765532 0.15530658451248375 0.19545555815688595 0.16794230795488646 0.1744266675797225 0.17613025781515007 0.16631637674730543 0.13921180232853375 0.14307136086865277
