Raster_benchmarking/continuous/raster-5.asc
NCOLS 100
NROWS 100
XLLCORNER 1743162.3272350726
YLLCORNER 5469280.608035792
CELLSIZE 10
NODATA_VALUE -9999
[rows 76 to 94 of 100, columns 43 to 85 of 100]
0.23685045926293646 0.23460608632033134 0.1974001402768803 0.21476110741134605 0.22583301677749748 0.23048391043267027 0.26666635444673226 0.28290462516051135 0.30809778844146146 0.33603296344279393 0.3798074157714104 0.4017650864065379 0.400677144214722 0.39831126879551176 0.38387581518183 0.3860828445302551 0.3841976083761825 0.41023211710572405 0.3923757292455447 0.4136391173180838 0.4242049288537107 0.42254834759398063 0.4397306102850678 0.4717641154921171 0.4614511640577741 0.4914420018904682 0.48443051473212095 0.4611484997539914 0.4850207929251701 0.5057771578971425 0.5505081221006595 0.5952807206399867 0.579196942530162 0.6142141717752426 0.6340049575006916 0.6603735340806929 0.6709989206996381 0.6954756427117551 0.7058079469210337 0.7239445989042372 0.7424491020531709 0.7589878470653477 0.7652761607505295
0.19062404957869677 0.19682839291294982 0.18178965704848676 0.16017760191307287 0.19221325154016236 0.2319078258605891 0.2752138950579763 0.3028689722547088 0.312522574862448 0.34384480402571216 0.3843298047959692 0.39405220527640666 0.41015562165645686 0.3936907664926232 0.40484127342620996 0.39660184458167236 0.39458702457513206 0.3837820814028104 0.42251715714321864 0.4220646000634881 0.4329434389723811 0.46014740805942517 0.46027556438482053 0.45553938557832957 0.4583398038117452 0.49046085378013804 0.48798737143100845 0.4860131243331268 0.4839391785959289 0.5167707329415167 0.5622353000602419 0.615320723995032 0.6106557395229086 0.6208549368654399 0.638917639638948 0.6486837966557194 0.6575557173236668 0.6777368067211091 0.6917514137097255 0.7392838453834109 0.7539539938699851 0.7691572629148852 0.7613360950913182
0.19510349802215773 0.1851934702713209 0.19492171935122193 0.1876891836027952 0.20275572958970417 0.2661461749317728 0.2866001899042429 0.3005867376483171 0.33713684010607564 0.3530865600671424 0.3615992433169822 0.40013453362998536 0.4004418657339678 0.3844736421022543 0.4102930304222043 0.382900035756147 0.41151743776699773 0.3973697974646927 0.4366359259276818 0.4525234504102603 0.4741367577040494 0.4829067931973987 0.4764398858142416 0.47162218966474834 0.5007092282830439 0.5305987963481273 0.5132631344401817 0.4939054275192461 0.5024710021230894 0.5441290700212068 0.5537379468552969 0.5680662919072051 0.5842192805987837 0.6040528381010934 0.6157558816239332 0.64828941240839 0.6441589311667884 0.6980570832563043 0.708987597014404 0.7004038887331391 0.7391866008229353 0.7789292714978817 0.7772288629547409
0.1972782065247366 0.19863480469394687 0.1885742752983695 0.196162491382943 0.24589759507323522 0.26345299233467545 0.3230678658246346 0.34501579660181925 0.3472130282651381 0.3394743122048191 0.3778511525226491 0.371579266697534 0.37753446338402674 0.40594859533591077 0.4127842873986963 0.39317605230161773 0.4217689994265557 0.40127706011122805 0.4245704347139261 0.4753083802779738 0.4661739209615401 0.46769598449734423 0.4761780888306922 0.4763255881919952 0.49846125886477904 0.5372256655816581 0.5385367271444721 0.5099050234924334 0.5397955116788932 0.5587229544677309 0.5620372764275858 0.5637935453051014 0.5667209864977096 0.592963266584627 0.6079274703014778 0.6238595954260938 0.646922848678672 0.6831419741391462 0.6619480574695941 0.6776479371592558 0.6977759403649857 0.7502891503936923 0.7541708601184373
0.228378260631375 0.22204893078490942 0.21971886698615734 0.2478536980480428 0.26626915802227 0.26993848014436667 0.33277842851017825 0.34838578844936974 0.33581217023151877 0.34183556610753746 0.3614916752537284 0.3451936540849207 0.3786872505038897 0.3785123649510083 0.39732351065519517 0.3836102939781349 0.41630169946206064 0.4329484462458235 0.4405314672140279 0.47621659130134064 0.4917239066575972 0.5132477601964769 0.5029032021912109 0.5080489557711737 0.501113807598582 0.535915956257422 0.5550986154758101 0.5687840369575898 0.5707353102340607 0.561176746211213 0.5657684061332817 0.5567631161633271 0.5946300694892309 0.6290444572001344 0.6414743795871368 0.6441962358784545 0.6458527026763963 0.6394399611373475 0.6396202648037589 0.6655722624017546 0.670184208455255 0.6995540395700873 0.7481913772301634
0.23120416087474055 0.22008517040012635 0.22414521404249294 0.2567420633118275 0.2924582244346237 0.27842380933548616 0.3204577500358487 0.3658905414156963 0.3518728744718013 0.3355749097378913 0.3457345862891592 0.34047359519475523 0.34408524230310306 0.3585109924294915 0.37469481376218644 0.4072760448680504 0.4121650163551154 0.4429816530814099 0.45713577428411 0.4952018958587497 0.5084630179342745 0.5385704926497271 0.5159079024789455 0.5169116153245724 0.5029762781722585 0.5267079810224552 0.5579240960127909 0.5862370613055158 0.6071699392322518 0.5880207283755792 0.594966010462486 0.5785386364613562 0.6039993650810433 0.634612641295036 0.6515970074712424 0.6664414702326183 0.6438332846023342 0.628501666577393 0.6226964840877551 0.6353849621728944 0.673600265671464 0.6965185181041245 0.7296966590668852
0.22978471825112642 0.26673385398925337 0.27796123425525926 0.2777722583743596 0.30338227073867846 0.32391589068661925 0.3233112144187129 0.33476548290333435 0.3487685728884267 0.3378223543741753 0.3719470497408528 0.3740955561238049 0.35949763464131396 0.3716261796237536 0.38011352695685036 0.39100909232258946 0.42263944052649194 0.44296857761212083 0.4726278488631614 0.48688029723705 0.537528211502852 0.5303196711548465 0.5407471183922536 0.5460686635818577 0.537044745119925 0.5566461815332464 0.5698306536881791 0.5701204684216875 0.6046855881409208 0.5991456248371184 0.5748649233781887 0.6016251571132408 0.5989626320046756 0.6295534051672923 0.6203160199370791 0.6695571130347495 0.6614893584642131 0.636574375977339 0.6468148478347623 0.6727074144503505 0.6824402685574897 0.6804361909501161 0.6979953982861427
0.2606194242423775 0.2706415275708489 0.2805759343722674 0.2923710846630916 0.3367579253952632 0.3447902911578758 0.3567828578317648 0.3804024933259612 0.3604575015977078 0.33855639184254016 0.3498127607514958 0.3981606850896899 0.37998853873847493 0.38972733520008773 0.39054605140385457 0.39799822891457565 0.43149582292186545 0.4769164598718179 0.492740734389401 0.5010642892024135 0.5106124672158969 0.5384741068944635 0.5517138102416834 0.5498761444917761 0.5842869350469578 0.5842027227711969 0.6120844236108308 0.5952221478324848 0.6168090447249088 0.5895975817613868 0.6089369077483445 0.5766482636732512 0.6138403983543669 0.6064403959417369 0.6278266452952189 0.6560135567264153 0.658364911224377 0.6351004982892255 0.6368648268929478 0.6527303891445795 0.6745650296412035 0.6721725797863963 0.7020411971234645
0.25203961751757736 0.26836525623655927 0.3202722078682887 0.30821554848791427 0.32935444275880565 0.3370446065994064 0.3637688319298841 0.37896425774239556 0.36924325204882613 0.35422431360337436 0.3705805179117489 0.3841016396899152 0.40099345088318805 0.4243505252479002 0.4149297693410415 0.42577319342153047 0.45170903312696675 0.4718436831844859 0.5234247827361267 0.553332287328958 0.5437083847591885 0.5827849849665477 0.5675577614762387 0.5826151615511866 0.6028869645256925 0.6040683789834067 0.6257916408050227 0.6286940620253826 0.637006516450371 0.6233722780939801 0.6164021840783173 0.6213359903265654 0.6017016301744046 0.6133686203584261 0.6096471091349078 0.628245079766392 0.6317644860710909 0.6529839216986068 0.6701611121385559 0.6811692913024815 0.6668984019495717 0.6920453543147719 0.7010831588171783
0.2901947050798482 0.29176023326500194 0.3325744789094526 0.3558833590771666 0.3666593339925181 0.34825205391677 0.3602847876731347 0.3550028655613193 0.3941140673209095 0.4034097121128492 0.4054317664995121 0.41378055372560163 0.4225465120003182 0.418261831201796 0.44181802857596386 0.448770130860765 0.4811075840086366 0.48672678099493777 0.5313601598623008 0.5903399617253573 0.5838097199231023 0.6264372056218863 0.6029593163189922 0.614616503748291 0.6253240793994234 0.6027350262238939 0.6377724101870681 0.6443925778419065 0.6540741251504372 0.6528722405627959 0.6213999562001272 0.6339470933653546 0.6297218072002948 0.606816550642084 0.6165458509665939 0.6108007536823367 0.6447713565342322 0.6657408221654165 0.6983024409543801 0.699557586844494 0.7109021074104961 0.7136515021760254 0.7097119550895493
0.3066783398905885 0.29688237967533837 0.32525570907168494 0.35378503933572486 0.3693498853307257 0.37419439548333594 0.35096528138725086 0.39673989704641294 0.41270506516630545 0.4233297440578295 0.41820413398177386 0.43239173661174585 0.4295407185058385 0.4530213246873244 0.4720604893994931 0.48808888707058146 0.4784822776282155 0.5079795080215822 0.5270189488651741 0.573207575496849 0.6181620639200058 0.6370108577186162 0.6163462547518918 0.6036971638112449 0.634070615032224 0.6100080115696519 0.6336134404926913 0.6228176057305288 0.627887227628418 0.6270423249179707 0.6194578875966853 0.6307411728041948 0.6532962215186837 0.6241731941781693 0.6288920045659763 0.6586594497615054 0.6673495228258199 0.6604326226950742 0.690988280823599 0.6921019176482351 0.7245870624218842 0.7083111245804116 0.6796848591355088
0.30997842695187855 0.32668129785701583 0.3417496950904349 0.369589794947699 0.3854079495819976 0.3674872004533402 0.368806492689854 0.38790320294200387 0.40538576083004857 0.4440283311036457 0.443190348899343 0.4078734006657046 0.454900838263542 0.44430933552687574 0.48681767231748835 0.5028065110221703 0.5160061247417346 0.5272488815760894 0.5501050111801246 0.5636426280101887 0.5942061410817296 0.6348061147692358 0.6079584390681806 0.6176065029924661 0.6261944997708631 0.6512342464652014 0.622607266956169 0.6233160664525444 0.6285145616894626 0.6259078488996603 0.6349301698252693 0.6372341462732172 0.6789965648482665 0.6810179300695548 0.6702012975611473 0.6902464970127714 0.6823972698261791 0.6684552395815204 0.6798200250036324 0.7034174843851344 0.7278963440149365 0.7213486860373656 0.706353192958189
0.35286608404080494 0.3478713225185149 0.3731908033307767 0.39055173879970323 0.3888649778549741 0.410345471239896 0.39657189125399184 0.40033726228144145 0.42645672645367794 0.4244119003237091 0.42484932898807015 0.42859533141896805 0.4662944289013605 0.4828902099842658 0.4869807870076373 0.5349163169979201 0.5753369364327886 0.5745597642535709 0.5697395379904595 0.5724471125687777 0.5946089254639537 0.6015566673053578 0.6391435214271467 0.6377654448942954 0.6301919599698109 0.6477877098355335 0.630592610096606 0.6275686097850176 0.636193552217043 0.6597865124946103 0.6487583644346996 0.6722295912442262 0.6755570952808219 0.6744173287748805 0.6867686090226905 0.7011934766448754 0.7016657143305556 0.6821557165819956 0.6988485069686501 0.7101222837820018 0.7117503174294111 0.6983804838381487 0.693004213110406
0.3842096554558357 0.4037359009206465 0.38990428138230354 0.43311318377033714 0.4056979382974598 0.42200653804269633 0.4273794330268275 0.4556375313406777 0.44634336412452574 0.422780270987187 0.45070297332867293 0.4607682766551774 0.4882903686548689 0.48367304574428677 0.5138880525266724 0.5886175359949185 0.6119592519351456 0.6074271893630228 0.5848804191750181 0.586683024134372 0.5870860867004369 0.6104128582281624 0.6240987541934412 0.6384908965744956 0.6532968276261365 0.6642151350417486 0.630328582805555 0.6108160999221598 0.6565341408197952 0.6661894154267279 0.697184019293747 0.716146494238078 0.7230178340660208 0.7214402340349209 0.7182377074097748 0.718764186150819 0.7200872892944512 0.6943848753570984 0.7113199976787845 0.7094519171597653 0.6895474282515351 0.6716468046522529 0.683596837878742
0.37641034179924915 0.39221619488550913 0.4169848573400018 0.44513473738266296 0.43607286384325505 0.4334143206334457 0.4123169572949724 0.429551887209525 0.4245864707250344 0.4442959171472061 0.4669027565955207 0.5007182949403187 0.4888869381757304 0.532040014625656 0.5692243742917322 0.5990037157558842 0.6112505852990828 0.6286351082443018 0.6193603104802218 0.6167627177731687 0.6168972068894758 0.6048481503729022 0.6277312327456858 0.6532643099407068 0.6581603164406644 0.6496815858863514 0.6271559424504808 0.6196209382621736 0.6382609364194878 0.6552592972673627 0.6914424378970065 0.7221964750697187 0.7136418797019322 0.7340435309309712 0.7168894093457381 0.6958576713337097 0.7127908389102169 0.7130094247004918 0.695221701225155 0.6939528423398602 0.6879095571006656 0.6750244201893278 0.6519093482493222
0.3620022447230009 0.41642617031268214 0.4188831969267412 0.41219836063215826 0.40042075691514667 0.4037110551908599 0.42471451033518587 0.4501014170975664 0.42560234668341734 0.44585801117566876 0.4763035903885157 0.5171998424762156 0.5429482290304318 0.5612493262845497 0.5785155043823995 0.6105425814864923 0.5989670990182377 0.6082950853548956 0.6409977906403472 0.6449124991788163 0.6115960782680719 0.6108259583105783 0.6556397715639847 0.6829635747188278 0.6762464711226681 0.6863005498442053 0.6682889343429168 0.6259646573720853 0.6375060103581395 0.649064689151199 0.6987568544253928 0.7135415906850374 0.7245901778128989 0.7044938099435455 0.6931527637412882 0.6976389670607 0.7067592143265439 0.697110875721072 0.7084222605038634 0.716780624841116 0.6847651386241853 0.6616769957359057 0.6793944350016107
0.35919529504320813 0.4075187920167299 0.39323338823930376 0.40523449886595586 0.3886351251649258 0.41205615775359444 0.40595876361870487 0.43463181320174427 0.44252341708632464 0.43533121651029927 0.48248889964449626 0.5359638538433138 0.5615840433793686 0.5511537852646713 0.5997143986821187 0.6044478821341178 0.6149256951009433 0.6180547534042873 0.6363787702480812 0.6605630459119536 0.641241519942837 0.6549446787627584 0.6757386421156566 0.6991309122764587 0.7069098012873368 0.6848215987043504 0.6738946741924177 0.6746900630774376 0.6603076538513736 0.6742416800758191 0.6872124446232926 0.683313700967527 0.7050425953392465 0.7018431738152004 0.7175303383088673 0.6949905997623242 0.706688440312974 0.6840900510415718 0.7214140866273596 0.7058312158440474 0.694835523682168 0.6793787377050741 0.6864895806620349
0.3863396286748637 0.3807122776483839 0.3837066572822612 0.38891186147717627 0.3935152074641111 0.4061719227554174 0.4097995602231727 0.41913604728637477 0.4474682143465189 0.4524264316455229 0.502434819343794 0.5706428200655138 0.5541885357854821 0.5582075004522515 0.5947339183780274 0.6319273981417669 0.6283325152267519 0.6312451515745561 0.6327675359838475 0.6383308683847937 0.6460956348055908 0.6609149365603907 0.6918066918572252 0.6949647057481305 0.6993047212457905 0.6952549662305253 0.7005471221320866 0.6702288178846402 0.6756313397034577 0.6552953674702522 0.6892551770853301 0.6960059860027458 0.6840960455484935 0.68275038652386 0.7134931180985199 0.7195607196095462 0.6923116166317405 0.682990358493396 0.7006723704916283 0.7343337846606868 0.7006754651291738 0.7069055565403762 0.6762505954301462
0.3578858733702395 0.3580214362642874 0.38508571650133 0.3806269593372235 0.37336597457979437 0.3860322971419103 0.44055555609845704 0.46365316310679255 0.465418749920073 0.4555302032023207 0.48724561464505295 0.5442720816709863 0.5648719526903528 0.5851571009925465 0.5975279144712645 0.6372277424462435 0.6245530540400763 0.6468301021423442 0.629023937797651 0.6289466694827973 0.6529085671904973 0.6837412005891835 0.6718881238501321 0.7131282717406234 0.7055535167900853 0.6862050634433793 0.6967551112090989 0.6690629124912048 0.6930476712865087 0.6636697956554506 0.6667938950180368 0.6673000139336417 0.6766805824923662 0.6643803021572624 0.6550092595222106 0.6749847627806004 0.6645441395217125 0.6767402685711282 0.6961616424825597 0.6911736955325005 0.705824966980676 0.6942490299742318 0.7017075600092954
