Raster_benchmarking/continuous/raster-469.asc
NCOLS 100
NROWS 100
XLLCORNER 1743165.3244148584
YLLCORNER 5469295.72155891
CELLSIZE 10
NODATA_VALUE -9999
[rows 38 to 56 of 100, columns 0 to 42 of 100]
0.5142133523811028 0.5405132762446343 0.563503161151846 0.5708820400804018 0.5748798207387342 0.5993186984419094 0.6100078124730604 0.5867862655583421 0.6061299657166869 0.6505425937039259 0.7326131374257419 0.7517296646125855 0.7291920148181757 0.7275510884936044 0.6746226406320573 0.6880993611188991 0.6750523951582547 0.6806769395239102 0.724477306743213 0.6933871114748443 0.7504778550780613 0.7477039066795307 0.7762724570722291 0.7368400368245672 0.7425075058158939 0.7413751730762443 0.7089997411461874 0.7078218484057527 0.6654194051255706 0.7187916324971251 0.7217250131919973 0.7208088414632874 0.7278504681447473 0.7445852203076955 0.7655857426061539 0.7324410372438402 0.7607539423388512 0.7376541801126203 0.6681507121790499 0.6116370356836098 0.5836511884185002 0.5853860080019947 0.5261339555322733
0.49447311100887714 0.4845199720192195 0.4860939606796142 0.5306010646773439 0.5304217666652166 0.5389487711008872 0.61396047473179 0.6200663559439095 0.6105811192541923 0.6169057141788616 0.6467852659848865 0.7280336477954499 0.7617327170750863 0.7537392890318594 0.7594340415855813 0.7493068864455649 0.724257347927144 0.7643897224340449 0.7582232434700967 0.7209147362863491 0.7598720846663833 0.7595839157108154 0.7332408926036937 0.7319957741705946 0.7566413111621758 0.7666255586971434 0.7033345802896742 0.6488025578764942 0.6751637907929362 0.642141496497514 0.6610662217646103 0.665554781170444 0.6768222792156604 0.7115389256562225 0.7445416627226334 0.7143326903807151 0.7445795068349526 0.7161232938689507 0.6304909844505499 0.5836465146670978 0.5479410379508889 0.5355050584151148 0.5405604772119389
0.4732280731029279 0.4859310504644246 0.49729598243857664 0.5373553034930437 0.5324504837189049 0.5748248525386719 0.5652808589585674 0.6016347533145725 0.627699992643538 0.6211597846845931 0.6338104088619216 0.722046946870525 0.7059840966959312 0.7099000850500876 0.7531524227702183 0.7534747225544957 0.8065542761462305 0.7690608664973273 0.7934357930529814 0.8003082145743537 0.777358614907289 0.7593136141227212 0.7736169137974397 0.7393983828301203 0.7373703032808478 0.7125462082547687 0.7148111430309857 0.6575965567601672 0.6792909667933918 0.6688524844361684 0.6559726697094512 0.6572632532199629 0.6934930228968633 0.661051892453721 0.7150444300391169 0.6748590667841237 0.709310091095078 0.6595053884139552 0.6370310902916104 0.6436365647120038 0.6073611055881528 0.5383036655578126 0.5362177674239257
0.4873146352491184 0.4353469395652383 0.5068573188912172 0.5157662833122322 0.5144038235822734 0.5908419147993493 0.5710298941705728 0.5831258688953381 0.609990345944644 0.5960671372995262 0.6205188199882857 0.6997810933724131 0.6845447880702334 0.7150996840002667 0.7656122676575238 0.789045103295366 0.8308902120474639 0.826900678788408 0.8138670046710008 0.8203003911888959 0.7812101274404217 0.8473927197735617 0.8022736440590852 0.7720758457553184 0.7359902373005055 0.7045993313259089 0.673262998266415 0.616201824556831 0.694627187594472 0.6955623088441376 0.676729276447084 0.7120300846599013 0.701891196999305 0.6464072575707143 0.6817812725179384 0.6652656373079401 0.6716228709268205 0.6184989739187671 0.6477254946631624 0.6267716332582539 0.5656770819888692 0.5608965361235408 0.6077850825879433
0.4821144137581815 0.4402710912363161 0.4864195054217364 0.5304740273465386 0.5317696678140633 0.589013875781417 0.5814012125431068 0.5742640938867168 0.5990596615393506 0.6227444133431831 0.6738016920281896 0.6984309341540864 0.7315928265951558 0.7433002839778984 0.7135727641402829 0.7540573209890646 0.7855102574661382 0.7793753105206398 0.8032851477332533 0.8318943053474221 0.8016904747534224 0.8026417901907532 0.7820807335192612 0.7930181896356948 0.744569905744223 0.692302445022273 0.6961158455557818 0.6927808099027193 0.658492260155912 0.7087562966559275 0.7032646197540039 0.6904315844440054 0.6698041037814602 0.6710234568494471 0.6574450837277883 0.6677011352824853 0.6511766548698944 0.6532459272834517 0.6159746775081512 0.6562265397473837 0.5938390476195368 0.606546796359254 0.5785340975503885
0.49413650409289184 0.47021293961090493 0.5243730936879661 0.5539989193031665 0.5696024326323502 0.5422083069165575 0.5187709492291777 0.5637613667883077 0.5471504718118597 0.5952727286502473 0.6579865512781792 0.7398575306132769 0.7553925985823081 0.7410726717524057 0.7150981838531952 0.6942663192341215 0.7644696872398091 0.7760480924010493 0.8303693067317275 0.8315700351904249 0.8247850229561353 0.8246840151629793 0.7823907605907028 0.7814680851271812 0.7331285099348266 0.6860651753810331 0.7096080207918057 0.6780910593041174 0.7045704747023189 0.7119308670761488 0.6854356536097653 0.6457941661611406 0.6380791873359625 0.6661192695350615 0.6687182289191794 0.66306153411615 0.6513788415167103 0.6020996474800889 0.6008706151432053 0.6618065773744036 0.6053908730836042 0.6369698273343776 0.6111431485370414
0.5286120187582328 0.5419043206550771 0.494811343199019 0.5080803435180095 0.5494181516732757 0.5520459215678861 0.5127635691370641 0.5718798116613092 0.5578899132317445 0.5962903333624945 0.6767170203436724 0.6976727968090712 0.7142877559714292 0.7073236415722951 0.7208726384647538 0.7338030240269836 0.7158479920856955 0.7499501311832415 0.7907464314439357 0.8156041631177287 0.850465242716079 0.8153577793196566 0.820177236381571 0.779230960778098 0.7313663326926673 0.6696986561240829 0.6595732756012822 0.7056692586944809 0.6780892356200948 0.7110430748841439 0.6931644397493533 0.6719184901852392 0.6259436635916403 0.6580661729128335 0.600239458874259 0.5924011452518754 0.6100816361817551 0.5945995162127896 0.6355217780528033 0.6579230316703703 0.6392887771402431 0.6540279925066451 0.6215081253518485
0.5738175945134465 0.5702974203568246 0.5470719328972048 0.49430283140071357 0.5370280259171886 0.48804603744066133 0.5279098969042315 0.5759290633618326 0.568026909204992 0.5720200515647478 0.6434765892231191 0.7387132447749528 0.710837869393834 0.6693635269859914 0.6517082726967124 0.6761436860657464 0.755772632407117 0.7585600437963644 0.7815583431962871 0.8469101142615676 0.8338338501900873 0.7703097871457254 0.8053066108779549 0.7716682496331885 0.7347886539659683 0.6700015364273575 0.6748915997998701 0.6810829325995728 0.6855866640849537 0.6382006615671407 0.6897593755675713 0.6589765653736512 0.6273017682220747 0.6390680885933668 0.596146909401138 0.5660409692380862 0.6203242157103565 0.6066069567450157 0.6429211451004301 0.6285181575627331 0.6177842423197296 0.6586592535931685 0.6400819227154337
0.5344528720997066 0.5698389006353349 0.5349106258907625 0.5685135930818128 0.5435811401680364 0.5490214975063028 0.5636723975430288 0.572188559624572 0.5453739638982977 0.6229845581102567 0.6695848629844383 0.7048874365577243 0.6864945792531492 0.6774150097206195 0.6497704060158689 0.6872402611317117 0.7447651160911315 0.7801838208841438 0.7964007988038405 0.7756927043588303 0.7959485784551614 0.8001600786934903 0.7739383547789549 0.7805140093728519 0.7427530252732905 0.7454387784198757 0.7279793936511537 0.7008522730350801 0.7110437192683692 0.6739484346608061 0.6894369209581505 0.7201296283877403 0.6915204920061548 0.6484302541276926 0.6266232150953283 0.656309131898899 0.6203795771439364 0.6136972741553972 0.6337612371202077 0.6453356678924839 0.6529150427496866 0.6648157366742906 0.6135210905008639
0.5319208554754754 0.554986956255236 0.5652966286781095 0.6005666981757372 0.5705287543699958 0.548220270820602 0.5799538891478373 0.5698605162895246 0.5537558800717087 0.576682990077595 0.6500249295348965 0.6691246059616369 0.70260680801364 0.7077797987496546 0.7087456461220119 0.6739652011730177 0.7217678546915617 0.7770530910187937 0.8168230284618615 0.7903768549225165 0.7808855960560339 0.7419523632648745 0.7414147036273349 0.7438529327075355 0.7322499194219751 0.754318156956703 0.7471904081468079 0.7771762440771683 0.7198555036436907 0.7052068676799202 0.7412055335475095 0.71169208202679 0.7047207306498575 0.6459983454341787 0.67361989098343 0.6999033285537813 0.7044237264995445 0.6425675405924995 0.6734251490907844 0.6731887789217625 0.6477019356931585 0.6639206922333222 0.5765740194539375
0.5458978505676574 0.5872752365268528 0.5779357062836875 0.6198069285360753 0.5666142646962824 0.6089531534698815 0.6174458035519204 0.6148218910342813 0.5548001773397185 0.5970446520591258 0.609710131672639 0.6008624998523266 0.6169931681539939 0.666316195910338 0.696684135177963 0.7191550109317554 0.7196603380040641 0.772260384928083 0.7989340218257277 0.7644535554069405 0.7609878669308643 0.7743474820128455 0.7412445539823699 0.7425479738332734 0.7911814988577132 0.7562270050756273 0.7668982055744639 0.7469313126907712 0.7768596431931603 0.7142574450063159 0.741873453747757 0.7199242937175697 0.7511861593321031 0.7355955640468729 0.6983687489572541 0.699365465216831 0.728835878728114 0.7006499109687384 0.6851320861002109 0.701409426538908 0.6684714242657954 0.6648815056764764 0.6136167092257154
0.5813001095180704 0.6308486515672905 0.6105865949582614 0.6009559812986041 0.5622493778655769 0.6045284627150137 0.634828565223494 0.6264974389163604 0.5555276341263292 0.5658020932277054 0.5931833843377667 0.5658528407488158 0.6247876942023364 0.6483906621222775 0.6544840633182502 0.6621432441139568 0.71963891849072 0.7743159846395753 0.7551831166205467 0.7720148146136725 0.7876619272621826 0.7468966017752928 0.7492536003200715 0.7999720219693148 0.7532938269442122 0.7682474082019958 0.7776544536984888 0.7804114120421899 0.7332099990339854 0.7298348394775737 0.7756552856995547 0.7898115821630948 0.79354385224581 0.8009928925398531 0.7656690551770762 0.7775632754786227 0.7105900760409759 0.7062001612154435 0.6698782985448541 0.6976875284645273 0.6995597382413872 0.6513903179830779 0.6266060387339129
0.5850366694305166 0.6187054790651435 0.6097921651640267 0.6040683605841538 0.5845291487684698 0.5952947954587042 0.5967443609906299 0.620976534873248 0.5885248431723028 0.5905931099161408 0.562035725673722 0.6193343494767641 0.6404724683938122 0.6356318256076295 0.6643247781148766 0.6684997979094499 0.7164393332438047 0.7465691482615625 0.7369831503035198 0.7157460443705221 0.7594354268907909 0.758546503182691 0.8041566723385293 0.782603188120772 0.7784360221719122 0.8463771255450191 0.8510324599594886 0.8340914961097575 0.7760756513522972 0.774497674708419 0.7778489080912289 0.8165009145157147 0.7906856573260737 0.7607868944390412 0.7595760187630822 0.7643047725427153 0.7298141634058102 0.7207183376074953 0.6815258174849932 0.6964035023342141 0.6603998962874577 0.6140674217029208 0.5914419056744199
0.6563657278433183 0.6501550055182719 0.583502613816046 0.561660097672446 0.6219769220772347 0.6407900888304409 0.6426024784156161 0.6312921736445769 0.6233094717645218 0.5722510517145616 0.6053587129482237 0.6409308505476645 0.680677623632277 0.6608682461042678 0.6735015786881436 0.6308569786515539 0.6997935532074762 0.6674104921313901 0.681360661245328 0.7273197321408837 0.7550156482373449 0.7942307996432718 0.7783775415996715 0.7873348683587061 0.8166308975847795 0.8711300242998189 0.8804740706563506 0.8574258918838983 0.8328277484333739 0.8218723923218201 0.8076758335705768 0.8363635097316935 0.7829559813574476 0.8197782497305852 0.7648941519521456 0.745039806189745 0.7217356783041423 0.6918360895985691 0.6887235972268384 0.6895439213018032 0.63933206204814 0.598970693446443 0.6090329031375974
0.6543008483404454 0.5806736202415556 0.5639310940359066 0.54233418333407 0.5695463531186201 0.6525696606880321 0.644908339853472 0.6605142818132628 0.654058858779965 0.5858845029864195 0.5916814567907744 0.6153893121083684 0.6598168756395351 0.6625870600676977 0.6439498250378338 0.6448169017054644 0.6654486418001704 0.7133758632225293 0.722239194455106 0.7567087721115422 0.8010049335609021 0.8448798669880788 0.8326262273038759 0.840533968696031 0.8259935696362793 0.8555858963371616 0.8583738953594036 0.8327649137136306 0.8261372166483791 0.7705418218587496 0.7979201223973779 0.7846810068536937 0.7709611218598662 0.7941622150950643 0.7789480801142895 0.7464922723856691 0.7523066829510107 0.7174873205021896 0.6925569347317024 0.6631155937030274 0.6232704282065707 0.5898707703483785 0.5850190506924062
0.6361544771380481 0.5868408607200255 0.5877806891510515 0.5788845493658236 0.6011280859030834 0.6286036664205675 0.6775971251499677 0.6945182280625861 0.6595349591704041 0.6524977628958223 0.5953318241273262 0.5999575091824925 0.5963624748040344 0.6089715752985383 0.6131204980567844 0.6594615893249649 0.6523419854448022 0.7091996027431409 0.7120563373826806 0.7957339120527815 0.8336826737049848 0.8251717178251927 0.8087741200013712 0.834709186301451 0.8341299989611688 0.8310123789841862 0.7998608409633109 0.8720495923193279 0.804310682262059 0.7615363478987787 0.7199504472777031 0.7175073490775412 0.7536015783932067 0.7129233849422618 0.7769501902570098 0.7967993541166818 0.7744669721593449 0.7683931715544563 0.732932169517278 0.6957687033991534 0.6255524384709404 0.615666478315279 0.6226601036719219
0.6230373294493499 0.6286073873393871 0.574450686450957 0.6106495065157088 0.6441952732016233 0.6564367431042794 0.6603199335160087 0.6112601294143306 0.5996516492560778 0.5921067696549637 0.6122827963625327 0.6117139947611545 0.5511647455177303 0.5682949006125407 0.6176249288544728 0.6218317745976045 0.6405266865835828 0.6461504544281336 0.6661940911067575 0.7122125816389528 0.7862169793169139 0.8066046407424822 0.7483014831077719 0.7445414302926526 0.7462720690400788 0.7653713593770541 0.7592539089686486 0.7372020854503326 0.7496006555556184 0.7162799149486317 0.7065656279761173 0.6860614851633033 0.7162258829618203 0.7512181120087976 0.7073465854894867 0.7370588708191227 0.7137179278267378 0.7383173070217927 0.6945675244271642 0.6449113775977084 0.6427278294846681 0.593203404676682 0.5908129263334437
0.6185947714062544 0.6304649524033015 0.5903858988031836 0.6117652749342954 0.6290733033418859 0.6271762327067075 0.6407509672670643 0.5928839555163135 0.616529505923689 0.5701264381619223 0.5767920985690999 0.5738753136814259 0.5379068279301746 0.5202722211574291 0.5852432758821879 0.5594129377235225 0.6122352408413609 0.6231985389349447 0.6489728460483765 0.6618548927246335 0.7254836639402227 0.745992452769937 0.6698213994893036 0.6819019170196949 0.6863598112889489 0.7024615348185052 0.6712943697636833 0.6787298199159405 0.6630817532924886 0.6998286330986914 0.7050911262825172 0.7099954897573943 0.6982199390721754 0.7356538814574501 0.7213373177421303 0.7127030269575795 0.7260786207706872 0.6852511851923758 0.679992729994986 0.613761487156367 0.6441624573463599 0.6133108735136464 0.5532580786790253
0.6201388511775502 0.6159401076499043 0.6166779828463913 0.5948939753277162 0.5800653467367924 0.5687316629003406 0.6123227151379685 0.635044694997773 0.6177558396502925 0.589979634500248 0.5499530621741955 0.48703970315976075 0.4774400129957129 0.503942421627018 0.5148042223919762 0.5134078079015243 0.547379514158379 0.5819372517927824 0.6298793950800099 0.624961369496381 0.6380818486362797 0.6588661328365353 0.6195441125490779 0.6321962605076135 0.6384982970130885 0.6386208046086675 0.6650432867546601 0.6501441410578789 0.6425625121573115 0.7016793944199419 0.6774632871992962 0.6571556554192991 0.7253341794466487 0.7385665037139525 0.7024820066119436 0.7182843068040667 0.674096538753171 0.7007441502176777 0.6764763767910674 0.6710102085327774 0.6431086553160991 0.6155646265168268 0.5918349755463199
