Raster_benchmarking/continuous/raster-367.asc
NCOLS 100
NROWS 100
XLLCORNER 1743168.392724498
YLLCORNER 5469292.692755563
CELLSIZE 10
NODATA_VALUE -9999
[rows 76 to 94 of 100, columns 0 to 42 of 100]
0.59451598041468 0.525182117109672 0.5285010868592154 0.5121976416466734 0.5192278254134427 0.5783967463312131 0.6089182642225316 0.5767167559661268 0.5480419462666236 0.5329506914175816 0.5173609117674345 0.5158360309749833 0.5119918284561529 0.5201029444958736 0.5244592656092255 0.5347175292788392 0.5391322583200855 0.5275315338435344 0.5084454530250768 0.4925565763442148 0.4780567668274694 0.48224507354413393 0.5235377550958557 0.48440670600295127 0.48946731291217926 0.47163073523722177 0.38788069456959845 0.38940614764192877 0.33692611960187935 0.33389579460968843 0.3432166467066637 0.34538429187895886 0.343663783263158 0.36948580858590285 0.35118623588510095 0.3396902450898412 0.2872850745461911 0.2760056427547322 0.2762003391017904 0.3101687980528445 0.30957297766480607 0.3309338696005898 0.3693527634300184
0.553632271760216 0.5040609546705357 0.4881437114008591 0.4966634499501456 0.5024613959680281 0.5414682101096754 0.5793711788394975 0.5737938937572651 0.5669034623947137 0.5441140264205002 0.505562599338455 0.4947457240919205 0.5065856144584716 0.5039206359460132 0.5066452549900815 0.5205726373754362 0.5395219216150623 0.5090567828192673 0.5151603200507319 0.49300400578392556 0.4865497777485917 0.47430830725976386 0.47168599986553866 0.48426591707480576 0.4908442825945081 0.47145560457546454 0.4339673164599892 0.37416533982787814 0.34731580121917827 0.34317897557731597 0.3220450335020038 0.31878545925659674 0.3242611682161842 0.3577081086562452 0.3480096509375797 0.30628197081943176 0.3014331003404696 0.29228002927558944 0.2899073295733897 0.3073229147638963 0.309211266510167 0.3270565889675339 0.3453577093423529
0.5077492599099473 0.4777899489252969 0.47847694025174803 0.4637512231959204 0.5050229203609994 0.5202275422906091 0.578737637119678 0.5893394533868057 0.5649448601767778 0.5299445833202554 0.46475495045047266 0.4643639832468277 0.4632467861664146 0.48898894270085264 0.460889589777532 0.4989393648041326 0.49942630194648713 0.4868368720618211 0.513968908578848 0.4590607032628505 0.45983059764468004 0.47574609858748107 0.49802937999596714 0.47648343645142965 0.48470100861379417 0.4744138099883091 0.4517048387190372 0.4185614139462098 0.39197189604694743 0.37561903345576847 0.3581171285813214 0.3447062147996384 0.3205736813207128 0.337178747212287 0.3507108746977983 0.31133244873401117 0.2847679385782978 0.3015780769020065 0.2985049302834864 0.307438295061001 0.3266128332200584 0.29738897851695506 0.2878920674124286
0.49515665017972904 0.46803754304553463 0.4546821615057276 0.45668594418588576 0.4828460356369744 0.5449488259254709 0.5510690583448146 0.5486530131456315 0.5550855603687052 0.521392879891698 0.4896065024037345 0.468200295731419 0.47183510666374967 0.47735635318003466 0.4422996132900422 0.45437278950923604 0.4624809788851282 0.48809977345676087 0.45276351079218274 0.44661873712230776 0.46603756170341565 0.4780464268572891 0.49149875581358876 0.4714106517955817 0.46674077213869597 0.4622480749068228 0.45590465739775 0.4073418632575866 0.4065179049410787 0.35606731609333586 0.3324914866671528 0.3115765399638758 0.3013747226825058 0.3342832348504048 0.33534737892912975 0.28129143797993994 0.2543380109491309 0.2786666779345985 0.28511044720984285 0.28190423742025794 0.30414502825803263 0.28779426640495215 0.287051842670682
0.5087773177677198 0.5031520953732164 0.4685310068253103 0.4547745979353159 0.46462153253438987 0.5291800941959623 0.5673392800345757 0.5586449152472727 0.5345469459412764 0.47270777728185703 0.4600889992297283 0.4345627033523634 0.43739629186362217 0.47284970926005715 0.4631757681533902 0.43944099552252736 0.4461483086065538 0.4447005204677017 0.4548279139482349 0.4498622639812173 0.4405224265857514 0.4471176494875932 0.44639076361479196 0.4681771728828201 0.45094686459648536 0.43795182850484804 0.4356658372355597 0.4186464945174976 0.4211090201578538 0.3777522168003768 0.33115961985997944 0.32637640939395995 0.3205656305515327 0.29917241909307823 0.2948334423403416 0.2858953670423037 0.25193294730291316 0.2630058944066527 0.22995676560825232 0.25605678483023386 0.2882556808635399 0.2932846501904602 0.2737970154371455
0.4823830974097565 0.47436023739050326 0.43661245471133736 0.4399828600229562 0.4553781114366728 0.4793298592582117 0.49388484201448524 0.5304464004465796 0.4874294074919778 0.4689590710693398 0.4926708210618623 0.4545807571752881 0.4610396932540826 0.4640133414818386 0.4411384366848288 0.4401609685672403 0.47497499760952394 0.44942289067384183 0.4229137331049523 0.43991664842700173 0.42317181460850983 0.4275162791648489 0.4462101366791348 0.47222349185005513 0.48151244548727784 0.43785887168787146 0.4308173661662812 0.4143355653029713 0.4009005620457501 0.3617552374495149 0.3227705686506247 0.35176241241418676 0.31788683021280556 0.32912519086057446 0.29532961719193096 0.28851766704911924 0.27200188492021504 0.27096156590790654 0.25525303647146275 0.2786587404997579 0.27396617835947124 0.3010744989464071 0.281938779495387
0.4500333949890031 0.4450845207884343 0.43465119451348044 0.42499154575640236 0.4632144765234912 0.4852453664703892 0.4733256808009545 0.4918498993097687 0.4555569117525414 0.4919838606381861 0.499693907401817 0.48617134419677305 0.43527257376816575 0.4464347477923924 0.45863830448000953 0.457992954038005 0.4822345745997457 0.46120840797073087 0.4261955946055948 0.4511440982761469 0.4330313362016211 0.4369389117114957 0.44184623346357926 0.45410922665593023 0.474127219580681 0.46121954025551903 0.44587972078818455 0.3891959511652592 0.38098631727789695 0.35972042563015605 0.31757987473567323 0.323162553871773 0.34571856085681235 0.28429400327770615 0.2709144698810552 0.2889024176533794 0.28481723354979677 0.2700083811317725 0.264371738902213 0.27645209572025176 0.2758805630694958 0.31221956013077723 0.3173043936744672
0.4355374773436454 0.42882453246184715 0.4340108539427006 0.4380998639640504 0.4522354566256739 0.4399636660529846 0.4412964528726145 0.46897777627607723 0.4580341146718547 0.48050620317026727 0.4806385275757322 0.4753502084613145 0.4331066464008538 0.4164190796028417 0.43366540301935114 0.4195634617757792 0.4445845223975843 0.43698781919514523 0.46310083662101015 0.4686382424640155 0.4876843984736643 0.48499503767550317 0.4673524397534857 0.4611555522846168 0.44695733801181925 0.44130122138276434 0.4297756995490561 0.3849571952795806 0.37570869628463416 0.33749706063114654 0.3240935964397037 0.33816533741912236 0.3108740121829012 0.2717187839028523 0.25426934152171515 0.2867331984210823 0.2776983788339437 0.2993379383460911 0.2754753456975624 0.29870988306426366 0.3241611517109576 0.324219842837064 0.3211998544631459
0.4376537611001133 0.4551463318142969 0.4753293404509742 0.46394587452127317 0.4489081745191136 0.41796796159538696 0.43155029290526487 0.4459430168621275 0.45101535875164633 0.4652172795436283 0.5030310686664942 0.4792517257589116 0.432430597151465 0.3987659840118214 0.40844720178013155 0.41372739395502334 0.41275477543694694 0.43959386142440066 0.46317923833856706 0.46123701767060504 0.48397882711122725 0.47142735973628425 0.5092577863341263 0.4601891348427466 0.45986798551265096 0.4457391227239664 0.44089841915123523 0.3869069778137303 0.34982049087788747 0.329629366352532 0.34635075576115165 0.2854164914708285 0.2687494777893711 0.27366938613596 0.2576197905325284 0.2571213612218636 0.2793524537466329 0.28359050966410004 0.3141581929235086 0.2968311031998204 0.3153595930020037 0.30385862783573064 0.31005281105001503
0.4442010519370782 0.43612411772026605 0.47459521445822667 0.46008268988296713 0.4190987316638128 0.4211409153782801 0.4062578020558615 0.43398220262990556 0.4481073045212797 0.4760336666392727 0.48192247041345093 0.4379409112615962 0.4487856155994416 0.4020243022708485 0.42156053661094817 0.3858584793024954 0.4156425261103815 0.41003297209196665 0.4071971617971795 0.43545458220768807 0.4258197397525044 0.456919550198323 0.4557537817869045 0.4376395235298881 0.4563164518674514 0.4318119494413018 0.41845016732804646 0.3660802456440394 0.33327851022783495 0.339267640890106 0.311949421047902 0.28130591994760007 0.28764622070561574 0.24429447196428122 0.23918350945089475 0.27130173386956963 0.2748643238910055 0.30086565721010833 0.30134665515584386 0.2845671709521685 0.29975327408116553 0.307909483419489 0.3194856088252251
0.45216396203834086 0.4171445711416768 0.4374556022183326 0.45499494603454316 0.4284586257951409 0.4200777150621429 0.38835574331381223 0.42599346223218476 0.4504619732101535 0.4541501413147175 0.44648494331974414 0.42313341201831844 0.4326470187777692 0.4179834481122699 0.4013763601246211 0.39227883039598166 0.3836135294373042 0.3844851812225003 0.4077890951239218 0.3993800986336691 0.4196181552959536 0.43826557097228047 0.44897807655135324 0.4594297382554657 0.4240300048354036 0.4282544546204219 0.3689936291015782 0.35228092949531126 0.35024034671428256 0.3455381605527899 0.2811057041993779 0.2790824104622813 0.2628034080292337 0.27047250146599205 0.26405676547409407 0.28955260060503935 0.2858159371535412 0.27355164297611556 0.30156255070843274 0.2877881024509998 0.2910372998380249 0.31676928057484127 0.31061046430138267
0.4505083411846511 0.42853519907687093 0.4246836085682981 0.41249084196518887 0.43463072045892975 0.4077603010774986 0.4165051870109363 0.40292162410202004 0.43201847657052533 0.42080326970093274 0.40779930132849856 0.4031625020248706 0.4030222705595296 0.3949339562227957 0.38247207440243264 0.3845264341009359 0.35865775793328625 0.3535173251510483 0.37771525167865094 0.389429584842427 0.4050795489659369 0.43899054127339765 0.46393533432984935 0.4414981408380591 0.40736372858636116 0.41620351936670225 0.39148211664647403 0.38283155771634714 0.34614939266600275 0.32210747192317496 0.29073783259332914 0.26596157858089203 0.2593682517186554 0.24069878724381152 0.2645385137877678 0.2879128310763567 0.2852848691633055 0.26407630325035114 0.26905286237713993 0.2804560512045901 0.30142598454616004 0.2789054693999791 0.28232543038710006
0.4631243777915075 0.4386673762044583 0.43981029607969385 0.4085650072419912 0.4122287990887199 0.42652255860966654 0.39437886509927905 0.4193693455927609 0.39546271816175 0.39940891060229844 0.3565904299945694 0.3894381574418772 0.3824373807870846 0.3777058534439696 0.3488471052928711 0.3444018550696845 0.34062731228990445 0.343202256011477 0.3658990314487663 0.4031292796733698 0.4148164618436472 0.40966273289238847 0.4330689140101208 0.44904709805725873 0.43117808576995637 0.43598978637865304 0.392610994943367 0.393564194399087 0.369072634559155 0.345349771871585 0.296275742733396 0.267789434576923 0.2836684185654178 0.25665269361042076 0.23638036215108024 0.2510995000139465 0.27107644223532956 0.28169362045563084 0.2480137734146627 0.2601482592363236 0.29185251715689514 0.29057638419255777 0.270607242402978
0.4512312303169341 0.4565665759682148 0.4613289609562685 0.4321165637326432 0.4405908528773982 0.3999413533645445 0.39707332898732867 0.4029894586490562 0.3988729572113359 0.39912583210559377 0.3614530136249671 0.36663659558216444 0.3510931550721758 0.37233146758408847 0.36929980241818294 0.34325761821768946 0.34884581260561265 0.34198497812961515 0.3572702581121584 0.4029879276529557 0.40631464713868104 0.444829287949149 0.4548092918567182 0.447769468022899 0.4474624813310881 0.4267956000387934 0.36973209653799216 0.3616780411579937 0.3392260220548134 0.3299113402289872 0.31532370857029085 0.2587903426882384 0.2534441526296323 0.25261215609190435 0.262352584661861 0.2528075729001091 0.24940552203703428 0.25796594415242774 0.23607837501888895 0.2414872275829164 0.26257028686999007 0.23545923806894686 0.22965810592156555
0.4660973139856484 0.454494042726573 0.4586834951043976 0.45432935308035083 0.42469790290560683 0.42361042475474486 0.4115987499682541 0.4084158096315382 0.38937548631391977 0.39547482098068987 0.39710079229267947 0.38588329190048665 0.3491425922619621 0.3289393376782095 0.33411192598430456 0.3370090237063332 0.31803463726927733 0.33763733379640054 0.3392845065251178 0.394464987703075 0.4322092301056675 0.44877520932168985 0.4273956945810781 0.4283300207523437 0.4447813527423659 0.4030415129046417 0.37286368307011597 0.3727384450141659 0.3694478852435824 0.3082219015026955 0.29129649473462976 0.2697743895049846 0.23600126837077223 0.2639372070420443 0.22969602052171412 0.23086562723653398 0.24085788348545734 0.243653268633477 0.2447324017732961 0.2141316394617532 0.20040146610996512 0.2070965689460947 0.22455906638386028
0.4911208533431296 0.47685554411980247 0.5004779017679425 0.46463586880609564 0.4289635619391525 0.4109461286698929 0.42744119376871204 0.4406583919319171 0.41957656966996276 0.4362505427599754 0.4152154648795941 0.3753867406212647 0.34133522112471326 0.3333763761386488 0.3516314923291631 0.34132394824866147 0.33821282918362217 0.34616445120946976 0.33298633797210536 0.3824221188799294 0.4074975472040285 0.43543870213662195 0.4278486735630492 0.42091049208746484 0.41797067517571007 0.39859857324442677 0.3862713750549938 0.34761272126711135 0.35514654633365156 0.32662478277513685 0.32003831530651183 0.28960052349280435 0.24153800470567804 0.2627051310379955 0.24587032861896943 0.26446194504858195 0.2429419956451363 0.225913835465659 0.2083644580827362 0.21641482372501158 0.1899202355116648 0.19415513880725635 0.20007608201608318
0.5538469158113594 0.5317155635516411 0.5221638907033119 0.49264176912578717 0.44325346647504804 0.4432461914916519 0.4427347784678848 0.4436528376787314 0.44317541990311005 0.4561978892175489 0.44236718348069154 0.40600891152970275 0.3679623713609785 0.35386823403466394 0.34476641611837194 0.3641370435784555 0.38707590077246923 0.37011944796841334 0.35199396533335586 0.39373613013367886 0.409801873280338 0.4324904585648225 0.45153465707715945 0.41584196423749686 0.43727785130883157 0.3938935840967698 0.38866949760070063 0.3345660370831787 0.3372518523680505 0.30579682954246135 0.2796320321782232 0.29581339485910935 0.2646660794863541 0.262420780574668 0.28442868568971685 0.2560158028176154 0.2202360625426461 0.22814494547183156 0.19929766926205805 0.20333883622305848 0.2140258215160837 0.21230235482335472 0.20373605005952797
0.5537255503484155 0.5355459095444411 0.5119331062463476 0.48924697375861337 0.49236012238754373 0.483017778326451 0.45311346014271386 0.47030135173238835 0.4634292301184921 0.4454908423913868 0.44329864125079166 0.4294782546568672 0.39298634037178065 0.38763576025244806 0.38388927412898555 0.38918426384756544 0.3662849594415993 0.38826078487003923 0.3878013752608015 0.3960941853217513 0.41649917367802214 0.4264460019707493 0.45281755308427984 0.4428081323677542 0.4127106423192218 0.4198563892374211 0.37432792463683334 0.33047993975301787 0.32234187223361055 0.31967181395734856 0.3129409735020077 0.3057741058011568 0.2954316383156955 0.28944427923502164 0.30365969643123336 0.2975097788172115 0.24435935928880184 0.2548334309531395 0.23045670612518007 0.21815998368368683 0.22478944311546467 0.22533750587437337 0.21829201935144932
0.580155962428619 0.5396743722677864 0.5300451615117324 0.48718047740059106 0.48985223158267344 0.4817399424993667 0.5010851973784517 0.4682282233603858 0.44002992878202596 0.4118017585337869 0.40825886125255845 0.4340858021510571 0.4064098204704082 0.37605609848605687 0.35535837366945805 0.35263880423904603 0.37655288554140337 0.3959567471902354 0.4079707143060884 0.409565517380872 0.42844995856197604 0.4567929129849542 0.4463090960509054 0.4551757109742114 0.44156325938351376 0.3855171477288967 0.34222361493867165 0.3554727480606915 0.3209862609346822 0.3150969978193347 0.32183291464383346 0.3206581275669242 0.322557715918053 0.34468012590650393 0.3501548578483837 0.29819210205358576 0.29764610332336383 0.28477513378446684 0.25004085189389147 0.23485510700865123 0.23505092341889694 0.25508738936270126 0.22335271771592338
