Raster_benchmarking/continuous/raster-381.asc
NCOLS 100
NROWS 100
XLLCORNER 1743159.564019238
YLLCORNER 5469294.68456336
CELLSIZE 10
NODATA_VALUE -9999
[rows 0 to 18 of 100, columns 43 to 85 of 100]
0.578242464691785 0.5758026964357326 0.5404128840648357 0.5109341197336336 0.49850431655413874 0.5005634161344616 0.4901660381950648 0.4866213685876888 0.5139303374505825 0.508357328507361 0.5314784624146844 0.5358544011771624 0.5640510754265211 0.5486791691534968 0.5256263544933428 0.5029918756660554 0.5459493930123507 0.5341989263576609 0.5555177469537302 0.5420788650156271 0.5259778107419546 0.5039396463613712 0.47917944494929904 0.4801448669894438 0.4913404230060966 0.4512090849199514 0.4665743130598902 0.44862863270593156 0.4570091041826783 0.46980570059975924 0.45127974489710077 0.41898663890509685 0.40741621591783816 0.4040978702626251 0.3764614914721465 0.34472719138670066 0.26752027774695175 0.2148972546227224 0.19979143313282033 0.21489989930023645 0.16946599948727786 0.1544495082489569 0.12783540300089638
0.5660942537120269 0.5426437906767774 0.5326274675579273 0.5151649931223892 0.5038289885461409 0.47570917451483735 0.47543148430828 0.4659866906107734 0.48940064233803426 0.5088533129748936 0.5104658814842001 0.5285484155735826 0.5664846207358333 0.5532566467012098 0.5246260196114181 0.516879226806874 0.5053431634276105 0.5124667728087998 0.5505758461477823 0.5707359683799844 0.5288208285748949 0.503617051943919 0.5003432463315728 0.48626989703680107 0.5170868369078985 0.48003506655881467 0.4955737333430864 0.49594997314197053 0.48596891609225257 0.4562215338101644 0.4495209229271423 0.4337451989164969 0.39692166502950416 0.38584891837001334 0.38175577553877965 0.35974650479881315 0.30279340859310716 0.28693764162673185 0.2571244560610626 0.21181651211459418 0.1755466266322297 0.1252088504795792 0.11156403424512495
0.5950208861955344 0.5927976474214679 0.5343723385256 0.537938665524483 0.5034950580818289 0.4978764615767241 0.4996735802111584 0.47698106771698073 0.5002310960273513 0.5192038456632575 0.5010581418243809 0.5563501218180315 0.530761579143202 0.5604459866706676 0.5172026085015344 0.49235466579340265 0.506687515576855 0.5199059163028658 0.5390610777971943 0.5430760583581776 0.5588896746523337 0.5644566136156783 0.5232377114983473 0.5064477771829949 0.5133026131592932 0.49752800907997113 0.4762160665250916 0.490564302952711 0.49210548380664854 0.4906464708864784 0.43782583441487954 0.4175233894107309 0.4161441821888091 0.43329240943738917 0.3784523952851223 0.32811134080553594 0.3204770589083773 0.28163719461316283 0.26100352294066326 0.20126044772978785 0.16594120251231148 0.13178073893565545 0.15288184545050237
0.625133014283084 0.6078599629840714 0.5608432144533259 0.5423574634009555 0.5307209269874978 0.5570864793380144 0.536307301114055 0.5153592540667594 0.5157258919867418 0.505976855118671 0.5211201674111929 0.5640265281041849 0.5395966877689318 0.571349657542418 0.5465279967974841 0.5325721629825411 0.5389941957510253 0.5442999591614817 0.5647285374853686 0.5965260738551375 0.5757668632068863 0.6037300189837955 0.5844704044412932 0.5425617268262585 0.48934004512810003 0.47766715696075107 0.48832120980003507 0.5317960824112042 0.5046240764511218 0.47521320668939065 0.46209472935960005 0.4557958680571922 0.43833593698757156 0.45542796134938873 0.4031754621968413 0.34123279449217514 0.276810569737534 0.22414424171387776 0.24094832323674528 0.2396469321039322 0.1829390905739181 0.14421353291951977 0.14530555641958706
0.6044763225333751 0.5886773384786997 0.5561651025873384 0.5534903056723076 0.558684951424119 0.5441007733827194 0.5295885789203169 0.5242367701017555 0.5257768577958127 0.5038169194645253 0.5431287383597798 0.5703928809517087 0.5512850057388148 0.5805701259107496 0.589105943355514 0.573725577509527 0.5824980528926993 0.5490439536375514 0.5497517600499027 0.5643871351558956 0.6153580926570129 0.5829079709242946 0.579642378052787 0.5837240288081387 0.5262542038536395 0.4982127502116372 0.5216625744563826 0.523756914584356 0.5004575432391837 0.5152856737405473 0.4856010007741861 0.4661061237053029 0.46543742315536224 0.4105025850153811 0.37535212160174236 0.3417144784352027 0.29668217770220956 0.2564336733993409 0.24762345226721896 0.2554785911858994 0.21801868881719588 0.168358800825496 0.1621035969752005
0.5933777342513626 0.5741855611295817 0.5532175847736884 0.5481435482096334 0.5632822944980181 0.5270018250218488 0.5374029340016772 0.5177053196898143 0.5240775435335512 0.5279422468203133 0.535688818018411 0.5320899001951225 0.5992182183108907 0.6002573097056285 0.5962320838685845 0.6317972882805049 0.6060613488937746 0.5842914910932898 0.5823373131202184 0.5746645144965455 0.6057647089401803 0.6150583764205951 0.5906976973676213 0.5986527251604393 0.5550706164174022 0.5637785303997089 0.5265917713160388 0.5065656258067261 0.5024174379596308 0.5385662633520688 0.5037077440662922 0.4735604110702324 0.4318881275200067 0.4234596189824505 0.377210358263281 0.34153179234055864 0.3103743420351366 0.25643825820663196 0.2636045199750106 0.26824822864922676 0.21920453181617605 0.2323585379408521 0.21357895286019843
0.5850150543343827 0.5773433625224648 0.5740219764150829 0.5216238740834245 0.5316674434903546 0.5138975938062539 0.5470172966034836 0.5239426965515054 0.549229513811482 0.5338644572228727 0.5777689791334687 0.6002935268968319 0.612030614449059 0.6039276057730534 0.6522750801778784 0.6476123424300959 0.6196039002298628 0.5880087320122337 0.5808366493286488 0.5970818973004315 0.5937659448470671 0.5791370092725556 0.5982505298980962 0.6175554672618933 0.5926434435934843 0.6049548182125692 0.5549581416154262 0.5518252047327896 0.5412063774165989 0.5300731411392386 0.4839370982181526 0.5030103448386872 0.4624974265200062 0.385551937264459 0.37227701433577687 0.35567577731011557 0.3353952517912144 0.28459740567736563 0.25644785666915504 0.26388842465845475 0.24062580596142683 0.2521872062277858 0.21640295412612312
0.5828608504537324 0.5676708383256737 0.5873066676970737 0.5251658799200765 0.5454750555436333 0.5166577775494985 0.5510898898888765 0.5602314974157229 0.556626129131265 0.5824098119334599 0.6073987279424002 0.5992685018833682 0.6245625945878845 0.6451471034580409 0.6577346273081297 0.6311925676917208 0.6430655715339726 0.6089047333445743 0.6178836324598442 0.6296639414335349 0.5964815400306729 0.609785940599219 0.5808989579824225 0.6102662153086412 0.6035791814126441 0.6045917315793028 0.6024777173903502 0.5919344585561422 0.5594814023252478 0.531127228467481 0.4873504430245692 0.4869499092935727 0.4161288188126429 0.3622859767873128 0.34282646850013637 0.35162674300992897 0.3600279553649355 0.32013886201905417 0.28497387985605377 0.259779199619141 0.26980938754492184 0.2757996842120513 0.24292831770845724
0.612417391745124 0.6121068980706411 0.5866616440906205 0.5446483205816636 0.548778598868296 0.5391438815761689 0.5403827236831783 0.5166847872572673 0.532691742475665 0.5487926618802991 0.5662779439594051 0.5722671249217313 0.6184296030676824 0.6223090261628222 0.6661595072972553 0.6804223039242326 0.6374484651970648 0.6631880665570136 0.6443397034293687 0.6244447045655315 0.6312523483534455 0.6244088290714765 0.6044779263444976 0.6102550593665863 0.6348033259995391 0.6063696677143723 0.6334032254332347 0.6050787377847411 0.5663182138713305 0.5118795963740249 0.5138747189978675 0.44106176560473304 0.40959717003524604 0.37946731475723716 0.3458350817869641 0.35945956357848613 0.35302870909975537 0.32745600237906203 0.3377321399160252 0.2857396853948826 0.2876969936632994 0.2984265707455437 0.27992897247736065
0.639435389002227 0.6271550980544225 0.5601973849582204 0.5556185190664655 0.5351660865001732 0.528128130469114 0.5391608358976869 0.5346996088618681 0.5529775312219846 0.543203729725215 0.6052403773732503 0.606812952020935 0.6031985675213295 0.6259475381125235 0.6750828734791424 0.6820824325105077 0.661026383990626 0.6699403842651396 0.641419696705135 0.6387681086672615 0.635989133096377 0.6522680799292249 0.6592995699940415 0.6415832799149853 0.6133586934323083 0.6525016176594968 0.6373455083391502 0.5889641339989176 0.5431252713362382 0.5417843629482786 0.5031999959551755 0.41735067474796617 0.3744418939428135 0.36164925849993435 0.37658330363949116 0.3801031414373439 0.3745522029281943 0.3559828382948415 0.3445311461327367 0.31034037385412944 0.3007362533139804 0.3030357871967622 0.25313676450267253
0.6330792921328534 0.5956038947482662 0.5724832037893836 0.5551602865934641 0.5499228691398624 0.5131045477758193 0.5383945773177985 0.5562616109922033 0.582503922103993 0.5904641246523528 0.6039390825137093 0.6233239624225713 0.6298679666952721 0.6341246945237387 0.6714404320173709 0.6725508801096494 0.6827264268651357 0.6681511694347089 0.6448041202103701 0.6362761427841472 0.6166050347110092 0.6418836601461976 0.6620083670787649 0.6447734112816907 0.6281988547507559 0.6107471516342942 0.6292915232488607 0.589976932601625 0.5700132927352013 0.5458869705152805 0.4680084187295041 0.39139601943681773 0.3683362811659966 0.3478991824013572 0.3688734083873406 0.35899247521135713 0.35759509591058625 0.31796537586610224 0.3036178642340592 0.27411531538971745 0.29557250140718433 0.26150050291050014 0.25239602993349913
0.633632569951743 0.5931675239994734 0.599825832291246 0.6051456299641508 0.5789184168671279 0.5302201620914802 0.5760410638454434 0.5727851775882917 0.5923299976681969 0.60667287530576 0.5977620165745001 0.626547937419671 0.6489603246157429 0.6696275400630706 0.6756170002773436 0.694717341482371 0.6867206203652964 0.6608213304006715 0.6360412219687978 0.6218469244237037 0.6173800942086389 0.6335828988248888 0.6303976755966273 0.6436433990493784 0.6261201224660605 0.6354142950382138 0.6065742343643082 0.5539044174331799 0.5416036773974989 0.5424209360984666 0.4653925746132829 0.395351383967972 0.3813575803593362 0.38099092621509395 0.3411732950279626 0.31638063921064946 0.29372012992075597 0.28151937372699665 0.27211952263760064 0.2513623144542694 0.2970783736863179 0.25700133319742835 0.23538024481241834
0.6115032099142792 0.6319766941141999 0.5987485710279168 0.5894756229462645 0.592183083995181 0.5777340765392761 0.576024171588396 0.5707432093555002 0.6162305617638301 0.6186395520462696 0.6023999678993133 0.5913827181757352 0.6083238654618511 0.649112842405646 0.6645763397300724 0.6582912299908326 0.611091908495056 0.5839643626801 0.5892392079402418 0.5889739084921112 0.6141977321662405 0.6396551764028884 0.6060276301516555 0.6356541876186365 0.6222476933346808 0.6214110827232724 0.57398405353824 0.5288883791143897 0.49766554036601535 0.5048001880125456 0.4771641187563284 0.44421171564322853 0.42109346590490393 0.3694762115196677 0.3431670887376229 0.3045354923791979 0.3018216107534903 0.27619451899770714 0.3055993771868412 0.2860387254766141 0.312115506916758 0.2661918738335152 0.2599677027436953
0.642162405256563 0.6483835509055871 0.6492505213756373 0.6127644020021338 0.6004614949760665 0.601533427076976 0.5631836996325738 0.5729770857877577 0.6085487334453971 0.6269935780111155 0.6235918046438413 0.6070006981014736 0.583114096990296 0.5861161930132387 0.6376260005594809 0.6106227288172488 0.6006878467638611 0.5724655228031431 0.5902304573360851 0.5758516578853309 0.6054871821682279 0.6046327210061342 0.5674695344802841 0.5783104318778495 0.5612459199913543 0.5550601507048978 0.5348169466971635 0.5076709573019604 0.5046859425551047 0.4625708348248341 0.45577330305506786 0.4132534776164299 0.431460544916461 0.4145351212371573 0.3902634713510769 0.35315865543855196 0.31627410410282997 0.30491597907332246 0.3242076423383698 0.3232606716555232 0.29569593716384246 0.32643695092650066 0.3185257000032767
0.6508023692909171 0.6312347559072401 0.6497853621507995 0.6483428447537888 0.5941989446177853 0.5749838125675105 0.5797106097855246 0.5753907796654141 0.576432811562062 0.5735174387168686 0.5997072520206568 0.6185566821737001 0.597693248818712 0.5722173750616388 0.5942288427745376 0.5918918353453521 0.5562249820388558 0.5663991482887142 0.5592175858425653 0.5745823866455385 0.5989675478258737 0.5888844953852309 0.5589011201800157 0.5847043347816041 0.5742193665702688 0.5394323767858814 0.5292082430791323 0.5134112003788137 0.4774798500729527 0.4832602973686059 0.4633943583443236 0.4568603809775723 0.43284214312615404 0.4121575538232572 0.3771017903998319 0.36449863769811314 0.3718209427097734 0.3332165858432696 0.35542418854146296 0.3516435673178124 0.30548181170743915 0.2999267056112131 0.3327547970625561
0.6315071665700148 0.6591051614799897 0.6691553869241477 0.6534121433147191 0.6042274913374159 0.5988644299852176 0.6072829720169705 0.575698005804489 0.6057107152056916 0.5783492181466111 0.6216419900761586 0.5812322243304513 0.5852421084726296 0.5917922423176702 0.5923502160290951 0.5757980778179346 0.539869448288783 0.5464394079293912 0.5522132496155484 0.5819779181323343 0.5548369614440533 0.558127703355614 0.5589353674168196 0.561361802417979 0.5648616857942844 0.523869810624857 0.49703331594741457 0.5230264368981367 0.5136587312844308 0.49495232462427935 0.47074778141800566 0.4763753639110756 0.455208977067414 0.40307545476138784 0.40709064730577343 0.3980015605511497 0.38083921373677215 0.3772507936915315 0.3526052038963643 0.32506539264497253 0.34955351668800516 0.33911781166739 0.31997716212756033
0.6521934586272656 0.6710413428827308 0.6658433305604115 0.6497321411723106 0.661263156028448 0.6588906237491928 0.6226113002026915 0.6182814278658494 0.6103738269220599 0.6068676972768091 0.6293621995436651 0.5866060408943408 0.5780574236979842 0.6047464002774676 0.5926986041528022 0.5839723705580524 0.5688687676654568 0.5634878286997366 0.5768375252207049 0.5773275106970295 0.5389904895093772 0.5201683450561623 0.5443471693518365 0.5299334654047213 0.49748002296208826 0.5320116850916774 0.4998887121054759 0.4797372403673842 0.4929535088963354 0.49635264650998606 0.4894256818847499 0.4968336399901211 0.4552885439485989 0.43224787108945956 0.4222889731873651 0.4302717502272227 0.41636784566874335 0.4321660004385732 0.4184291148587562 0.3983693771667286 0.35887067679393664 0.36517678540301735 0.338384736576971
0.6783405646860102 0.6667939118158325 0.6745550010263579 0.7119100376027809 0.6700340492219324 0.6993603304652938 0.6460302743163354 0.6030071598190306 0.6424468713330882 0.6496022428505274 0.610763955292526 0.6186557972423522 0.576473702556827 0.6230648394115388 0.6277974101483184 0.6130186359213248 0.5972064599314472 0.5774080822778588 0.5979010242935534 0.5474686473451559 0.5587139497950983 0.5165234857403483 0.4953785127026208 0.48582120540640616 0.4909028104634423 0.5057485173007803 0.49604207370609443 0.4741791435449284 0.470185340418077 0.4933581379408663 0.5235226455585059 0.48201764824551885 0.4728195464220456 0.47430711077757504 0.49852509135902706 0.4808243545432083 0.46709026207173093 0.47862147708981184 0.45720317515712666 0.411358729919921 0.3836318683973006 0.3865362977242275 0.3609796652163038
0.7169230429081839 0.718181959963822 0.6843475655006486 0.722368626434597 0.7046426952511188 0.7101960241979367 0.6503802021444719 0.6449318857023565 0.646792044254061 0.6233707543817982 0.6174349020276401 0.601607653526932 0.582428751679824 0.584216736451066 0.6072294406280142 0.5787629050004839 0.5942624908214803 0.6016533983763681 0.5905413549162177 0.536087684915735 0.5378724442715986 0.5268682445767431 0.4914749556757721 0.5039051069982238 0.4801709668889349 0.4703309279111232 0.47999648544158435 0.47071062632020133 0.4910807383721833 0.5366872438093764 0.5435782933077318 0.5333421115139813 0.5587183441934709 0.5260875653090973 0.519835025488214 0.5135929616563467 0.49834997708196277 0.47918518707688856 0.48098629163985807 0.4420947861333647 0.41846637856237057 0.3902624566173708 0.34250460243463177
