Raster_benchmarking/continuous/raster-216.asc
NCOLS 100
NROWS 100
XLLCORNER 1743165.813201676
YLLCORNER 5469287.265599235
CELLSIZE 10
NODATA_VALUE -9999
[rows 0 to 18 of 100, columns 0 to 42 of 100]
0.5152363583025384 0.4768927309925039 0.4946698811193543 0.4990615100179272 0.47745548346337435 0.4675166699251702 0.4542544665184973 0.5100164153425641 0.5160078937587378 0.49516030740837114 0.5229881137367197 0.45278762549122636 0.46054750618726303 0.46733331226465913 0.439742964489437 0.44825426935012175 0.42827895516467523 0.4208843466640521 0.3916065956859699 0.37866649829498183 0.41590905228722985 0.424074623160091 0.41968212241612973 0.47051833750370964 0.48062044381045876 0.4734643881173203 0.48984964289874167 0.4871978557412986 0.5408026303843189 0.569705196044191 0.5452317749931154 0.5399217653657862 0.5534994321695543 0.5886564418657901 0.5809476739393342 0.6179733484211167 0.5819646282639438 0.5890789506555918 0.6002459049021753 0.6290511383286307 0.6445426702021831 0.6324400378400652 0.6598232827540755
0.4808728217096085 0.4969046598027713 0.48621135920613257 0.4864024739665228 0.48656844346021455 0.45604480437740536 0.461468082411534 0.4623944082536458 0.46276722671527865 0.5145966267734259 0.49364965630863417 0.4366228415735904 0.41108607691692967 0.4541543048864823 0.43791637415823986 0.4742918966655986 0.4655982816477541 0.45276708467358184 0.39101564824652013 0.3760868208409822 0.38618595041633613 0.3998032818628044 0.4551891003198646 0.45606193401780487 0.4757191017502532 0.4878961475991601 0.46097670523450396 0.5081883286941592 0.5395658556418454 0.5625263948836943 0.5885624310906957 0.5842287547892236 0.5726259035555249 0.6164668666337089 0.6129059142979707 0.6253585823466775 0.6034424579630152 0.5944517132343962 0.6239169941507281 0.672858107985817 0.7013378721236332 0.6554172234475897 0.6478336085402695
0.4754838485004519 0.47622187703170404 0.46906273200422866 0.4729303789856834 0.5169695786115738 0.5175785444192229 0.48007853139731876 0.47770476320117367 0.5203883661121507 0.5030112069020495 0.497645478312783 0.47132025457818705 0.4421223455936718 0.44856835362364844 0.4520698772965763 0.46812760183401436 0.47139541216451214 0.4250400176316656 0.4236053569055794 0.4263961236430224 0.41972113247010856 0.3951276426097283 0.4424137355375176 0.44900498787274584 0.4639934572421705 0.4717239054625899 0.475800722106052 0.4664733579436771 0.5165960549106754 0.5449178765099225 0.5810269520720933 0.561503642513461 0.5767665923730473 0.6104655615997089 0.6068908080955084 0.6121435786155268 0.6193656053303441 0.6097366277329304 0.6240701595570085 0.6703384384223655 0.6935678668992239 0.7008604648980488 0.6846941008371168
0.49323133581136613 0.5067720179015117 0.5194696100368056 0.49852097856978117 0.49466652795580635 0.4938148747587987 0.5389334769182359 0.5273055472332726 0.5264167933274925 0.4827592481433843 0.4964676604126975 0.45007495004191683 0.45036057391981626 0.4328378027214036 0.4283500961516479 0.4752390759587214 0.46214922178863543 0.4449294701234296 0.42346123255713625 0.4168113821661948 0.45852330213449266 0.40556201387159724 0.38483177394022333 0.43225599885087773 0.4112316592581888 0.44245474258667805 0.4631076957642609 0.4761108757108587 0.49812514747277603 0.5475773948255305 0.5521111891042907 0.5394494492439338 0.5760460523673862 0.5992902110572517 0.5946231853565193 0.5904226547325917 0.6164063761627315 0.612886302701881 0.6403288959395703 0.646096411383353 0.6933993606415273 0.7416328371117595 0.7556087965302606
0.5011527349862311 0.5051692619327803 0.5056519952891834 0.4961561050047264 0.4803987537114148 0.4897871499658903 0.5191882694518664 0.5280927807063649 0.5034913531876413 0.4790739493603791 0.4846219871148685 0.4958865572513541 0.4535575855788642 0.4630714857646068 0.4825455329017237 0.48843886018459043 0.4919690541589042 0.5017209392209738 0.46316383856443816 0.45071415431155926 0.44418709163418346 0.4016119755068521 0.40380458603869035 0.39183710361271135 0.3982924170810025 0.44902559370698253 0.4857959053498379 0.4785847699845545 0.48597758812608316 0.48884201154853707 0.5156873117175603 0.5166969294774935 0.5146575585149816 0.5447302822674996 0.5542459379899398 0.5867700616198146 0.6032404242672821 0.6589669057033637 0.6676824790639108 0.6713339357386978 0.6962164684708283 0.739301738084 0.7721439401918677
0.49872481353894405 0.5107957817062931 0.47815984564573044 0.47996467071956267 0.4772015975867069 0.49277144130468764 0.5469877237350539 0.491830792341483 0.46231635067531657 0.450594420857919 0.4882938857849384 0.5147304965215177 0.4871033501945955 0.4756657394246888 0.5174481358727445 0.5016290968415809 0.4872043512865294 0.5261524293157295 0.5266433109567731 0.4778231890823555 0.4232073250369914 0.4236638768473926 0.39260752530159293 0.4216886630428266 0.42503811839743105 0.44499205306295553 0.5076089320184571 0.46597330544786847 0.5062036527572121 0.4953379148264316 0.4854139921296211 0.48645296441984837 0.5136265955736845 0.508256336820461 0.527106897899817 0.5542742533557172 0.5916560480867556 0.6768124007214235 0.7187296961015265 0.6808963153996702 0.6738337159244656 0.6869607090624044 0.7375260646436603
0.49392799039223834 0.5073073100773582 0.48051873047906346 0.47925572005445244 0.5065554395881712 0.5004736050444024 0.4918735243336734 0.4923597058645212 0.5008162332273278 0.4790977549105022 0.496701483202576 0.4915680186188622 0.5260627171653594 0.54687592570178 0.5238178746470793 0.5312268948961467 0.5336855142150765 0.48993432346354016 0.5071401726385157 0.4768995911857741 0.4734652232573108 0.4346066141046893 0.4286727552225725 0.4024512266736061 0.41187218602843245 0.46317139084358105 0.44434061220957594 0.46009395435945133 0.48501375662158647 0.5116882532844607 0.49444955112376654 0.5172693490779965 0.5295493687654865 0.49779975079444655 0.5351404551163318 0.5473208532195807 0.605232081470451 0.6695366916130031 0.6767254867697768 0.6944260908927895 0.7072487005444626 0.6884896210440874 0.714830065147218
0.49112274217807167 0.46278348567378724 0.4573822856897494 0.48181039233690554 0.48567001911955987 0.5021747223988663 0.5313837228312968 0.5140517694762792 0.4764234774061874 0.5147573324056497 0.4992577973244515 0.5471945669009781 0.560330280173787 0.5646029285955717 0.557476736183012 0.5459782163642599 0.5263796161531444 0.48779735157359655 0.4768063103422007 0.47470675893186 0.4975474306116356 0.48032644103144173 0.4084280923709761 0.429502539359222 0.43978605032211593 0.4741620682967163 0.455751877901127 0.49327982656321756 0.4713241873777485 0.5179224581416552 0.5432856312685896 0.5306147388671192 0.5415795111744387 0.5245728074505797 0.5084114722397756 0.5455392184540018 0.609364044761224 0.649041182210641 0.6557251188925189 0.6941018402918792 0.6615557229291258 0.7106123372080205 0.7357011969962094
0.4973440111872568 0.49617260026505505 0.5117623413987537 0.5236942667010914 0.5150169873575223 0.49660381351113914 0.4921192876761834 0.5142649929593462 0.5181524577536744 0.5061117523884792 0.4905476507303732 0.5431352166345599 0.5669181135797848 0.5469724126380753 0.5625431759953516 0.5375771616445897 0.5434171625218931 0.4943452884280807 0.517976444610808 0.5330248996502499 0.5035832433167605 0.4935479470173259 0.4658614113662559 0.4718035554854587 0.46697337989997006 0.4780283432329361 0.4784783389801936 0.47815391796525314 0.48699974858472356 0.4937499926893325 0.5300332031761292 0.5173034131156287 0.5009644372120597 0.4951768603758833 0.5077498172051855 0.5278149459209242 0.5671460085845667 0.6227012121314844 0.6501200864844088 0.6612523956130053 0.7048646238860388 0.7161365524566613 0.7446519940488783
0.4847605713157185 0.5351403564653212 0.5453590926973129 0.5376593572873065 0.5081589830584209 0.4480386280112547 0.4513085747671599 0.47584777148379126 0.5083731641143727 0.5182377552705708 0.5212821818965773 0.523292194016846 0.5206958825443766 0.5779725321876997 0.5735901451331239 0.5467208917770803 0.5219244826370403 0.5313283016136566 0.5230124528861625 0.525095005772777 0.5342570350615276 0.5285677028256153 0.48385627974407097 0.4669856269849748 0.49608587204700944 0.5050274304938072 0.5445081477492573 0.520057923930956 0.5420510477225992 0.4944213449504507 0.519473739398658 0.46461090277914396 0.4511535702631202 0.49378078528163677 0.4692463281956536 0.5474126874033328 0.5772402547686433 0.5779795884995029 0.5634285804531872 0.6013900195549099 0.681879627781865 0.6999030629503767 0.7284940856424017
0.5112905927116244 0.5307400354961986 0.5483464283228657 0.5306578527921293 0.5043813383711043 0.43571614596082425 0.45693470613140824 0.46426101707572875 0.4639553724967772 0.48462922939495956 0.5006451532327976 0.5268456444272334 0.5598906303781651 0.590262887244036 0.5935310468487655 0.5482135520730286 0.5239977259170593 0.4843840435015575 0.5256790928988738 0.5392565649540202 0.5223431074210017 0.5422304405201182 0.5003843662053429 0.4940520677183855 0.48861502587197636 0.5162632669765845 0.5288545147316485 0.5390408077410582 0.5517931426546242 0.5103642393631136 0.491087201514878 0.43882717643020497 0.47180417929163226 0.4727935450252603 0.4838808631399156 0.5174720441835711 0.548054372334625 0.5372483200320561 0.5515814442528482 0.5864241169756333 0.625796031981346 0.6971882916524109 0.6788687747608052
0.49233493254540467 0.5332950785116713 0.535335720486183 0.5260881065650286 0.46401131644201726 0.4432394258644212 0.4262616585435416 0.47195847644474614 0.46791486815843386 0.5114655348935147 0.5508083212299542 0.579891818644584 0.5851871341509919 0.5596276532415205 0.5913418148950975 0.5609573831784702 0.505319136574832 0.48802601203050633 0.4866766387627371 0.5446996966662051 0.5710461083812007 0.5844767637076147 0.5769399245268751 0.5405249566525594 0.5144681944083187 0.49932249945654744 0.5436172517665505 0.5475161238470567 0.5275308933090902 0.5200630215619655 0.44215345373602727 0.43678818082850845 0.4554754682338865 0.4885367407500983 0.4644822050669296 0.48816730197517244 0.4869290326936647 0.5281446593036521 0.5376133608021966 0.5829014323519118 0.612451121488709 0.6739423358242087 0.6679057372999995
0.52501496220514 0.5154716119682524 0.4878950274202458 0.47599953672633494 0.4543069378678174 0.4786650236007395 0.43673253720200256 0.43612668964623535 0.455305180266334 0.5361827880463755 0.5617885795890696 0.5751885383399437 0.5960633737521364 0.5718953171099567 0.5638890620795395 0.5884790696475791 0.5610534428143416 0.508588190061512 0.4905119494341039 0.5408842829480792 0.5566828786681778 0.5461009041903596 0.550889355020781 0.5421595301840794 0.5283482799736563 0.529607870256622 0.5389222524341389 0.5042818187334155 0.4785715246093886 0.49170257062246525 0.4359498890751044 0.4221269111519655 0.4536058237701673 0.4636928749246705 0.45269520381941186 0.47712129018168353 0.4805108726381496 0.516007667457696 0.5055459816416499 0.5792163810649497 0.6367594367025394 0.629659942818069 0.6880257265765936
0.535239009034497 0.5299969830665203 0.5241438016446123 0.5194978810473287 0.4796893521756522 0.4670838586248095 0.45962705087713485 0.44111938841804077 0.48096091155006643 0.5493171777252632 0.5718734172495262 0.5685024403439558 0.5485457870046532 0.5739476682158592 0.6090512335933743 0.6029328725860919 0.53766431021408 0.4971308532619001 0.5021469481758262 0.5135725238640165 0.5567502265216782 0.5313161800645321 0.5910565853711899 0.566023570271146 0.5322307934138798 0.4941534758936684 0.49534430065171314 0.49903594705533644 0.4481788512342138 0.4463296427834429 0.4528001713617343 0.4564059360639232 0.41876887614732483 0.46860515653907053 0.4661023189740654 0.4935056273093837 0.5150321495395829 0.5093487793834411 0.5024038574776815 0.5891939438133613 0.6167740952613661 0.6671282494804268 0.7028146219563844
0.5236279079961662 0.5479270132144008 0.5365795643419973 0.5197767521204748 0.4786190625451787 0.4825243222653506 0.49044600140836986 0.45346040585395436 0.5021183289062404 0.5068953400633075 0.5250265943810699 0.5395400262037328 0.5427521589667289 0.578373773260535 0.6006520498638762 0.5949840507292731 0.5398552332696683 0.5309385208007318 0.5175921546357157 0.5615652806944347 0.5620435398020265 0.5437864606535553 0.524540542983419 0.5350726503354878 0.4985434754565126 0.5106982278661482 0.48981231843470197 0.46441899067900705 0.46402747600404504 0.4556189745336376 0.49784131300507184 0.48475916203636193 0.443606732166331 0.4704195659437712 0.4608364484748335 0.4581870751038011 0.5146060688846443 0.5129962447454464 0.5425990489136666 0.573150729316666 0.6257332722542148 0.660326376346306 0.6938642652017004
0.5596093508591374 0.551960776991692 0.4880159835554367 0.5133609652085382 0.5207349680782252 0.48656920043412866 0.480503984267676 0.46638041102508865 0.4922207383857905 0.4914928721358761 0.5303093984571704 0.5412611198278804 0.5508912826439493 0.5731774421372425 0.608446409581391 0.5917705019988738 0.564466968863837 0.536278315629712 0.5539003732379686 0.5530989754122195 0.5377045516060002 0.5070038294522734 0.5004397427313709 0.5107708680350425 0.4499220713192188 0.4555874225848498 0.4625604252664638 0.4693213372260903 0.5006223579231781 0.510118305541531 0.5165309827295929 0.4946473874362507 0.4437458746711042 0.44916572194711407 0.4654685262068584 0.5087311444140773 0.49590839657909896 0.5436067648084544 0.5497564612926534 0.5976531647200314 0.6575434789642157 0.6978275312650395 0.7456282150529568
0.5497792870369147 0.5127755636481626 0.5173181243063727 0.48896774377793517 0.5213300013931763 0.5154330082890027 0.5104838837827417 0.4851266559203424 0.541820568888625 0.5430342086830158 0.55685137251795 0.5338442424995473 0.5648434015933413 0.5666307281153418 0.5700573624601891 0.5488930182653879 0.5409445339382083 0.5868499978816775 0.5746151646445412 0.5466140386250373 0.4800023851704544 0.4654569304100003 0.4518495040966437 0.4473563591009492 0.411668807268375 0.4177704006008408 0.45690025177211846 0.47361148436832007 0.5005741304620119 0.5061402559144174 0.5157325897493954 0.46453128913856817 0.45937056343371596 0.47776851590125524 0.4747211822648698 0.5055233921626966 0.515740710751217 0.5523870023907758 0.5942928975602406 0.6474523476032356 0.6471378088586249 0.6799583915977503 0.7226433677665702
0.5518658608697785 0.5301752978373245 0.47801243405557836 0.47548391697280923 0.5130834239673954 0.5017806947286835 0.47157611924074183 0.5354837338264945 0.5611184746356865 0.5558273101113346 0.5586506051880725 0.5300360904501471 0.5167769725301853 0.5170654162303333 0.5591211022005269 0.5497881428350573 0.5523672137173472 0.5776137591114684 0.5733491147672468 0.5000376405600429 0.46760312898088424 0.43713385072642147 0.4365201786371547 0.4575323563376563 0.4313275368756539 0.4300020095589165 0.4405832423854222 0.4579381247144995 0.5156087668394609 0.5064751142699665 0.523167483857589 0.4881348363466568 0.44388315280864793 0.44956777870942044 0.49984058857849323 0.5370404231911494 0.5670306563560736 0.5998456137775714 0.6033875492402194 0.6528849703790047 0.6692703077592888 0.6812835250122956 0.7045628376030095
0.5556774717633487 0.5459512879824214 0.5316816902220558 0.5168162139153948 0.5317301295291089 0.5210799768533492 0.5281682507367832 0.5350014171709793 0.5628462670978178 0.5630711566761331 0.5443016847304283 0.5137836006966029 0.5189890406049215 0.5319436404015683 0.5423595858301683 0.5262453247363482 0.5095964103278654 0.5171476403162379 0.4994856059032934 0.46332571487781227 0.44074092343407556 0.4308853522334475 0.4535206701609484 0.4338722472478359 0.4297154329222676 0.41555337551766225 0.4249708452294896 0.4606011641479376 0.46468874364893853 0.5130704416467813 0.5355153061568888 0.5061739592281893 0.46646154477838364 0.4651858971286407 0.49116985473054214 0.546218606360316 0.5509853172761566 0.5738856544185017 0.5696781337347553 0.5870468278450932 0.6417086890778041 0.6405011275721691 0.6879492602575121
