Raster_benchmarking/continuous/raster-329.asc
NCOLS 100
NROWS 100
XLLCORNER 1743166.388987679
YLLCORNER 5469292.604821632
CELLSIZE 10
NODATA_VALUE -9999
[rows 19 to 37 of 100, columns 0 to 42 of 100]
0.21751426914552643 0.23161473530337115 0.2575816914366391 0.3056404631877149 0.30788825559955674 0.30680127418665093 0.3203700641668562 0.3086262841082877 0.31125177428023204 0.30837324433522273 0.33364548521687226 0.3398440300467046 0.34683748890854854 0.35679900871988796 0.3433145005157576 0.32328965975780133 0.3143411561913283 0.3086484711921236 0.2815931220265344 0.2817490393895721 0.29269274490705227 0.28256503360091195 0.30735144512693496 0.31446785219649265 0.3339057956425429 0.3588607846687861 0.35385054281828976 0.3801792003639932 0.3767016571808437 0.3660613788716672 0.3953158619643238 0.41938432273975296 0.43326195143921975 0.46609956639088596 0.4571683195522284 0.47427475348742854 0.49486194642514114 0.48465424460781426 0.5166652956290623 0.5390936071638109 0.5291913091817309 0.5198968537798246 0.5402800740868965
0.20518654352013027 0.22840867019458658 0.2718873021003974 0.28510070947656185 0.29652910341589445 0.3123689202724774 0.2935776049974664 0.31684667558133245 0.2869069351031413 0.2954839499396776 0.32025850758264973 0.3544508535727492 0.36043397859521464 0.3612923891536351 0.33496201824073407 0.3001256798993554 0.29343996644022624 0.2840574251668801 0.27297552617134085 0.2644689324305723 0.28184365162748476 0.2659459384793448 0.27268966582325255 0.2765886129330687 0.2882060828364566 0.32409749834731816 0.3466341465931055 0.3597543639280134 0.34878545986068016 0.3761333456610515 0.3941914044597971 0.3973424333859972 0.4222623821887496 0.4419321728707968 0.42491701143732447 0.43836187280754696 0.44146220829746313 0.46479789304106867 0.49953637777956683 0.517027783126432 0.5297200211533857 0.529144920673938 0.5229694035733868
0.20081830630586686 0.2277392880501427 0.24401883044702874 0.2638400943328187 0.26513574990076577 0.2805556078753557 0.28836178277409463 0.2947038286655999 0.28903032940766654 0.28554354872740983 0.31372607183880474 0.353988545564174 0.3458112918553751 0.32950058255100834 0.3420497716035729 0.3156302182966369 0.3229010596938449 0.3011539057791544 0.2786819621632027 0.25895619046279905 0.27603131339560555 0.26792258549983056 0.266545674829315 0.26313901817723506 0.2620943781135327 0.2838515296260348 0.3056544970066117 0.31312006026303674 0.33451834489552146 0.3464809061624642 0.3424091412663124 0.35226301095398693 0.3996376880971546 0.40298835000755673 0.4230371528379359 0.4512338950195504 0.4377959666000581 0.43849201005627986 0.48100136418196476 0.5003232666157591 0.5049907974713114 0.5282560610139662 0.5324196700077313
0.20185587633698854 0.22896416623958857 0.25347511317760274 0.25449685953966195 0.2661603768538439 0.253682213901244 0.2718372048931461 0.31052417646152186 0.28073537333422444 0.28235845251814196 0.3134361945801674 0.32891067848743044 0.3089490383969129 0.3182936482734397 0.33642284957239277 0.3390259985528689 0.3238265829289459 0.303140983616975 0.3077317950779802 0.27919664766812463 0.27709993985203846 0.2605561681496811 0.23026864659775934 0.22294736127727272 0.2559234928485529 0.2747696496718627 0.300240966320378 0.314816911223744 0.3099130345788732 0.2972567648921637 0.32911278033799657 0.33413608849839616 0.37105355088363096 0.3598489393683392 0.41306513960641317 0.4319508916587411 0.4250015010452437 0.431756187220023 0.4778860677250541 0.4835466807282275 0.5152013427366728 0.5408178128105482 0.5369854123822213
0.21687472045449888 0.22701853634242317 0.23568534122874657 0.23647833057164477 0.23720727754942564 0.2295928412121659 0.2537356500670538 0.2794133383096127 0.2696299978521589 0.27773934414894386 0.282575476758595 0.2950876430936723 0.29705142750767355 0.29914972814462526 0.3016741838877507 0.31719171328100804 0.2884176157419463 0.29363023764572926 0.3004577598873113 0.2642291444622401 0.26728533900204626 0.23917226087088728 0.22509811201751861 0.23354610869274903 0.2550359647919941 0.27864521538156295 0.2769074731695327 0.2754439690541387 0.2723315794796056 0.30410207168967435 0.3088791202426909 0.3163343903675903 0.3349029198005851 0.36927984472682074 0.38418417717932607 0.3986965645485389 0.41756510882192677 0.4401626530199691 0.44255531960210637 0.47934229269803497 0.5190299941035649 0.545437747130616 0.5399261462493895
0.2035453025501572 0.20220414379855853 0.23576945953880152 0.22530101714206696 0.2384540996015188 0.23458232062823342 0.21175229664941098 0.22420317583286245 0.2563992307951085 0.25291516558577826 0.25146575256386017 0.2679966988590781 0.2742077966776195 0.27091881040103777 0.28593082608735093 0.26657651432139406 0.2561692769081709 0.2856333430403324 0.27890370885809135 0.26361565306764445 0.22464875612637777 0.20147623960218916 0.20486457055684346 0.23609114590975908 0.24592781726237178 0.2838426648846835 0.2739804309775136 0.2760367959106938 0.287163039834563 0.2757015326574436 0.29488915516686126 0.3203196028275457 0.32217784584093795 0.33228025654138277 0.35899458926772887 0.4004362929128409 0.4245876428874265 0.4299836866903999 0.43578227488431603 0.4838351688069114 0.5250447446859859 0.5286607931707935 0.524014595031268
0.21538243449628217 0.20641907445238641 0.2165113150822741 0.24213426265163773 0.23089277604191535 0.22020312127901404 0.20453449122182402 0.21569943731906782 0.23324627799426048 0.24440333532268252 0.2243412540857329 0.21815030461697746 0.2347223231640788 0.22541423312755474 0.2422499841220474 0.22877131116469362 0.24723198284073566 0.26775538590996084 0.2572903971048031 0.23943549600751934 0.235276742848715 0.22503444058423114 0.20174397981733017 0.21496670775534857 0.23741566315404827 0.2513582469157046 0.29033267888604286 0.2906618732728916 0.276986828028492 0.2624417840294823 0.27267385708395286 0.2840776217407219 0.27901588394135146 0.2997760278336937 0.3226551467282881 0.34111525872030307 0.38931339715603064 0.3965668850846667 0.4186371006186843 0.4664896141688415 0.5014468513471101 0.49767630179164585 0.5209871012779883
0.2111038996762759 0.21505657391761834 0.2245884674776965 0.25062165837917716 0.22605790115387064 0.2135772645403373 0.20722747071753844 0.1956633023041876 0.2135395456184449 0.20358353054558903 0.19873268499159022 0.2053870926555479 0.21814114536315887 0.2263154012603179 0.2411358169833029 0.22545987205378903 0.223039641785584 0.24819865917133144 0.2526852756707997 0.22049697503419188 0.20748541235493861 0.21242581006279146 0.18621915246368748 0.20260724723189186 0.21286601179286097 0.24792314691381814 0.2790064980144198 0.27960206198030696 0.2741889315019749 0.2472804390131865 0.2598371785139015 0.24538847080825302 0.25804192501282075 0.281201855345398 0.3132780901085481 0.31526594361887733 0.34998991584200534 0.3762457913412465 0.392415843995737 0.4511763091300799 0.45729602770318883 0.4827777572948096 0.47992357737529573
0.19503197024715657 0.22216105453920937 0.2309925023762019 0.22747542892704833 0.21796317340384772 0.18337985490498937 0.2029330111841487 0.19096034669777476 0.21724045419897892 0.19199204973151338 0.18922767227203402 0.19027183372282444 0.19990633269378716 0.21635408071437887 0.21037550245568348 0.22502588565909484 0.20139628462113698 0.2199946969311163 0.21445359420720914 0.20333857960520532 0.20670232049738801 0.20108273394530762 0.20093836790352262 0.21371964255505066 0.23513873189037815 0.2491481930860976 0.23140303037775778 0.26942663543190914 0.25266895945686 0.25365299167172517 0.26082487010895805 0.24850468604408002 0.2590830204014176 0.2768437223154777 0.28321071264732556 0.3013488668654629 0.34171758128519236 0.3689672309904367 0.38517111179416935 0.42123507894506224 0.43110575152743064 0.4382245888160869 0.45915625810235106
0.1910871065034714 0.19264811696241746 0.18952752965595335 0.20327599329423007 0.20835023848694456 0.17039014980193967 0.19644414009757083 0.2197207868140849 0.23092573566023855 0.2073998875847262 0.16784168374351727 0.17228715137124193 0.1672214083443784 0.18726264478780782 0.1793335359259314 0.21384202708523578 0.18768151133070532 0.18370031582763674 0.1876935110148377 0.20359332564676055 0.17700240537333467 0.18270706848854495 0.20931496216700488 0.22107807239030522 0.2082015965810228 0.2121808863349878 0.23856677363347403 0.24701674507466023 0.2757072320530047 0.2753425508551832 0.24411266462684755 0.2480302048530006 0.2541135985881925 0.2872648632210728 0.2985607729604704 0.30748422360965516 0.3289038028443527 0.3458178179088486 0.39630493963844443 0.4087593125901499 0.3954108120939794 0.4005090830339713 0.44620564223969467
0.19878415759581372 0.1760878521836632 0.16538687838769636 0.17154156885610333 0.19450762695633597 0.203742307823592 0.20504688021234255 0.2042484957326302 0.21881759905466228 0.20261579485762315 0.17553825129387415 0.15836956061368743 0.15431989276992675 0.17344440404023903 0.1694902611154287 0.19471776458026255 0.189005242843118 0.1869614694187514 0.16741317105230857 0.17139759120515996 0.17326195832573002 0.1839579189134539 0.18468278522265372 0.17866820903408445 0.19091932542477122 0.20581242284411458 0.22372051691195738 0.23381561398482148 0.25864796457731265 0.26878748780809 0.24364801828011565 0.2563507665112772 0.2550852670973284 0.2808387527002144 0.28612048491833 0.31004894561697427 0.3166981760498087 0.3424712455268592 0.372891307059051 0.36802114481009635 0.4085066207958855 0.4187092641119219 0.41678371591546554
0.18548067917044186 0.17081766703490223 0.16485036270655423 0.16487249071075552 0.1701406982121755 0.18788781883000003 0.1912467511792152 0.19136964833113806 0.2219455322048583 0.204538159339875 0.18853312970393318 0.13869842109125233 0.13470241977438668 0.14592656536276902 0.15205945231193527 0.17769099889029946 0.1859305723352581 0.1720797661906871 0.16545168888984815 0.14452089244786487 0.17490493146484132 0.20290787375584374 0.17365613620437131 0.17839310845481918 0.177307811389074 0.17799903466835346 0.19738543296988567 0.21533189953876866 0.216618645528097 0.23194619230673644 0.22840016693593237 0.23887137317747378 0.2612887563222363 0.24642856689505088 0.2724000448499704 0.2940021247771302 0.3203531637330233 0.31766522467040975 0.34922507830019833 0.34626764186048953 0.38559809244421617 0.41223764979876026 0.43212875119563443
0.2032190432339995 0.18762338117198107 0.20214806827813106 0.2023541153819568 0.18918666387289784 0.19987155274949342 0.20396227206918022 0.19397658983670615 0.20028443428633846 0.19991280484079438 0.1753539223829995 0.1542680662128609 0.16405352401644363 0.16851936113971366 0.16702317105152026 0.1419066260795563 0.1446154065562386 0.1489592755205935 0.14788386058777098 0.17482751123528753 0.1857287018440685 0.21027938062174262 0.20088593085402448 0.18265818503764553 0.17064464681373548 0.16383576275749606 0.20678784855691593 0.22870177431324593 0.21659712765266578 0.2293855296710996 0.23492102569180193 0.25578255223681656 0.24350305116989676 0.25225823249478885 0.28930271490541787 0.2930674024585 0.30708709716358606 0.3293973428411544 0.352050425360873 0.37533838588875196 0.3917199106020775 0.40286404193108427 0.41521084167536887
0.20187361905250856 0.2073326125252699 0.2075054439958915 0.19911981428615955 0.20255265602198969 0.18543861295350023 0.1824997676392582 0.18508392801469847 0.17161632588264028 0.15853834186508564 0.16832129432840728 0.14929640601297647 0.1454046306352372 0.15623937495261953 0.1445064295161357 0.12929523367318715 0.12526152440350188 0.1689154095404106 0.16878858238586214 0.14839736202669265 0.1634096708181323 0.18273531325153008 0.16272610465359266 0.1789328873433306 0.15758050337331578 0.1743548295678527 0.18412689736636237 0.22304691538177546 0.19949645219915765 0.22866363770629886 0.2561961844579426 0.2574074077098466 0.2427774917332086 0.2558697473363249 0.27417270706820746 0.3012868564119878 0.3137549940393492 0.34892165187190327 0.37629715527357716 0.38597931292272625 0.3840833410767938 0.38093898886566335 0.42255452090311146
0.22888365693128737 0.21321801874046542 0.21045263080057167 0.19337404876813288 0.19132669678399128 0.1827303007667584 0.16255588322606607 0.17474973015838405 0.15232899179732554 0.1403313197842509 0.12245956830023307 0.14220706170320108 0.15400702861691284 0.1423651773783432 0.11419634094944398 0.1074066716806978 0.12598814130096112 0.16651431174441608 0.1698044663859064 0.157079238429995 0.17372122060513903 0.17226970380595455 0.16222276501601485 0.18400860426398694 0.1715193493442632 0.15639316188605537 0.16873580223879037 0.20267428475390192 0.19543768272526568 0.21291483369935504 0.24011256945466572 0.22537949074755095 0.24018229695349916 0.24272227400131668 0.2684463171561499 0.26752196926790606 0.3071512432323201 0.33150075079349056 0.3791903219945377 0.3799318448658232 0.37963915748339855 0.3875724211634449 0.40431191313791304
0.21834355377464207 0.18727841676264917 0.1872740296540632 0.20362061642948542 0.16609464217604966 0.15350783041758606 0.1304170550795469 0.12799028680488456 0.13969391419948735 0.12116925484437562 0.1358392696689638 0.12458311968723995 0.12262175755181276 0.11729067999284759 0.11634563016634539 0.09845196996174875 0.11617392491092815 0.14122418297152048 0.13642845380013383 0.14956777455029693 0.1759303677364878 0.1871596377045315 0.1683461766437638 0.1680519845797345 0.16406007788119778 0.16146169657062276 0.1652318417940121 0.18724173264854105 0.1774376418573386 0.18197120275957243 0.198041612920167 0.21974102393985148 0.23182265136839925 0.2527012183661847 0.24472005367243155 0.26413617971168757 0.31568760991884287 0.3576263031447498 0.3554109518352409 0.39734372980476207 0.37986318027626753 0.3735062346163527 0.38401171176779475
0.22444870191583466 0.18996618122188755 0.1979015100951445 0.16152114825729952 0.15680214044460128 0.1710397654586905 0.15155894703457462 0.14632380919530769 0.12263255566719765 0.14632137297752987 0.13311113902399785 0.12569914570287893 0.1428372365392003 0.10953754901803524 0.11001313235958755 0.1094316051625425 0.11816832255544828 0.11874191926208102 0.10890302085168474 0.11725767837238787 0.1470052975862341 0.16903012012455984 0.18044477104452342 0.15191088053578589 0.16769694629617288 0.1647707711411421 0.1723032558852686 0.16626767854475985 0.1771837061377113 0.18435685179584319 0.1805172618703917 0.21284796646442153 0.21050538770087043 0.22515841150999052 0.23499646153968815 0.291282318300777 0.3173719301858544 0.35536932337619725 0.34605196583741404 0.38183390578371423 0.3747656249139378 0.36503881928042026 0.3848940147623814
0.21456709014628753 0.2129885690867368 0.1682164366878545 0.1543455595404162 0.14752563659229043 0.16469149926985477 0.13860526111792645 0.13796150371738578 0.14939971462068236 0.14537025025813524 0.15461160611453195 0.1534804415128584 0.12802028637916185 0.12859715211350203 0.0992436158329634 0.09859268292267882 0.11825799635588279 0.09503014634243905 0.09912518764056891 0.11479717278234593 0.1281480094991561 0.16531556964928357 0.1499512838854539 0.15472794688142613 0.15808110054209953 0.19405197391383897 0.1556816857396788 0.15557348650646463 0.1634881171073027 0.1722458092125148 0.16562108403028053 0.1697738057919562 0.2080435112830423 0.2022957637267465 0.23707847021505488 0.28019248810294417 0.2995274664100443 0.3261900243328935 0.3232069384031296 0.35971804621543635 0.34112531830468823 0.3592245661729835 0.38703291803139156
0.19778698608641798 0.18993801969387966 0.16341983060557747 0.15658765943411873 0.16183252964691122 0.1549440429234418 0.15104376627703428 0.13303484878628283 0.12762377765223248 0.13568937729520472 0.13188912901837793 0.11781720916902921 0.11091915635990097 0.09875644202650069 0.13008223234189434 0.11543272297047896 0.09959031661364179 0.09645605502050844 0.09779460933995614 0.11312214495403979 0.13588939965243085 0.1376775977893182 0.14936275614881123 0.16490654191799864 0.17696363511988736 0.18725055476022037 0.1540385990412897 0.15519966667094864 0.16452597682701756 0.18733189630531474 0.1653269442823899 0.1740806643137715 0.17852812863973716 0.21327064340851737 0.22945051039852432 0.2699840105619959 0.2868638952422216 0.3131062224763287 0.32829016991425647 0.3419067765986898 0.33152688309358097 0.3539324020150526 0.3501357989823435
