Raster_benchmarking/continuous/raster-337.asc
NCOLS 100
NROWS 100
XLLCORNER 1743152.0816957622
YLLCORNER 5469292.543085464
CELLSIZE 10
NODATA_VALUE -9999
[rows 19 to 37 of 100, columns 43 to 85 of 100]
0.4628048404929185 0.43394818883121367 0.43869501687764945 0.46023735441810726 0.44238912662786906 0.4606961951881816 0.43444868855338864 0.43622308325216325 0.43555248856477446 0.40937584574202834 0.39307089176917315 0.38970891223414506 0.3716618373522246 0.363179108550283 0.3651716463013754 0.3854678764074736 0.34679593607939657 0.3618423884159924 0.4194043596426505 0.49224113551726567 0.5244897743005015 0.5448338386849423 0.5500480147731807 0.5128613929076561 0.5176176191654722 0.5551921202065335 0.5776211166764816 0.5937500237272519 0.5750721737702797 0.5714399285245897 0.5428709077325945 0.5411966300247777 0.551920300855285 0.5525737449869728 0.5374369259282719 0.5618232529838636 0.5958996942386967 0.6242854881236419 0.5836076657251299 0.5937952312626813 0.6183663720668868 0.6832952633207687 0.7023015793645679
0.452977630987795 0.4550802653401933 0.4483712375527973 0.45322593776066095 0.4487480464718647 0.4283985719964021 0.42583342948098546 0.4226964551304321 0.44534197435758527 0.43626471605470313 0.39445995472554934 0.3861453403113781 0.3895876533107548 0.36426153021908403 0.370636522444734 0.3444885597325556 0.36690269527724395 0.37549238501324084 0.4122592064446206 0.47516316416413856 0.5383079104155462 0.5445653144799811 0.5283972110856507 0.5512255713113086 0.5096878640633531 0.5474870091915294 0.5974013901042289 0.610692134871053 0.5862522850086165 0.5624786020351645 0.5305317369601276 0.5466510826360566 0.5447240725657627 0.5411767182982847 0.5599379979486447 0.5703906365703757 0.5906126839225069 0.5989673067957576 0.5786166132090473 0.6064823164215273 0.618048019288249 0.6561739179438858 0.6645742624957857
0.44770552495302945 0.39687818330131125 0.41505174838576897 0.40825811787622596 0.450502517687136 0.44389347568757853 0.45791625463505603 0.43525025203299655 0.4729733631491944 0.457356923202594 0.4493535217318198 0.3918362855678757 0.3956430691989866 0.37948656947682063 0.4067580263734222 0.36767053489245366 0.2994572615211952 0.3712026016462986 0.4179529573285578 0.4851088729558869 0.5201590309561308 0.5106596561180603 0.5356734454184459 0.548618380867584 0.5289586175471005 0.5361917567458996 0.5806314930462981 0.5922753265103683 0.6016366281080469 0.5614351026135135 0.5163984793596028 0.5428360838768715 0.5596586735524175 0.5464640480234955 0.5899253401100366 0.5582579441537434 0.5556883525927125 0.5720210213735476 0.5970225968238796 0.6064218018409938 0.6736903204207959 0.6430115075087386 0.6769289804364975
0.4265137584182827 0.37874270294873585 0.3830215106213775 0.40430378922615307 0.4333921854310136 0.4497924270107926 0.4280888918633919 0.4422972935993978 0.45642549328936466 0.45238352151226685 0.41975560700452463 0.388482597962775 0.3772103137313083 0.38409616476967967 0.42234598356102776 0.4056552527873538 0.36278979103167475 0.3917499918234469 0.42670238952954137 0.48276638481229833 0.5155986187613293 0.48648063278322096 0.5182333962709432 0.5342445775128976 0.5270359028575358 0.565977829337297 0.5602600797019769 0.5792558443211814 0.5723736590285042 0.5564267957961212 0.519547127980685 0.5648486653120789 0.5768432282427988 0.5949985281435642 0.5701281658829661 0.5808871929584689 0.5502090529043431 0.6032535163006963 0.579948492360682 0.6203207867015238 0.679141418000229 0.6739954977756579 0.6553245724420649
0.36599015709206806 0.3465623202208427 0.3822315695318144 0.391900907071787 0.40760630174198503 0.4250292307104808 0.40311345591388154 0.4082982272121276 0.45201038930323434 0.4661966816123487 0.43422036091945826 0.3882154649491529 0.3587581764742209 0.3805177698597415 0.40791940225327555 0.38539167411121994 0.40629638233774645 0.40942395900168455 0.4548222527765723 0.4666426210982186 0.4940352088201583 0.5086235067128052 0.5011788997907185 0.5256638358466604 0.5431064008736027 0.5390855635086692 0.5071924375979067 0.5123557231400453 0.5761604963807934 0.5181681740287822 0.5274705306005177 0.5316529110480509 0.5649778916051488 0.5461234123949994 0.5609747843003053 0.5927415520168295 0.5582200471864246 0.5697085452405218 0.5901753205218507 0.6230461292488872 0.6640060452875522 0.6689961056279864 0.6382059635509187
0.3649116311558826 0.3316488018751137 0.338773600209292 0.3654682862438696 0.3763237218592288 0.3413543336791269 0.3801431842849035 0.36313810211684555 0.37837064062915426 0.42597399927700863 0.4067987386390392 0.3794582707717743 0.36187159070048464 0.3678421087249461 0.398159564869821 0.4112047253604124 0.41617328199769027 0.4432329690447979 0.4368655791452926 0.44942038827652875 0.4322785612691068 0.4675723847892748 0.4771712554915962 0.4767001558729692 0.5121905641132345 0.4849304896157192 0.5135059909575289 0.49856864120252997 0.5335190148587414 0.4942940671077666 0.47732006318578735 0.5159226412821458 0.5554838050735502 0.5476201393509511 0.5608811145360533 0.5555539330945984 0.5538745963248427 0.5671149270934067 0.6022751271293327 0.6022079415244823 0.6443790866815773 0.6533700739496853 0.642884192862307
0.35705761076634296 0.3280444943376911 0.3299305941947755 0.3513910880476104 0.32700325757334653 0.32766037136550935 0.33625908092929824 0.3337189674806081 0.3149864122955282 0.38991939375596635 0.4186205658522108 0.380385206802696 0.3846812598345013 0.3580702760822456 0.3822535259641374 0.37222529418415784 0.3846193588453991 0.4264417980149156 0.4766004404441555 0.4398833702220761 0.4246903241659168 0.47323018923136767 0.4701701641487372 0.47141135571653336 0.47043258292403634 0.4861582911972288 0.5042473538001873 0.5070176452640821 0.4736063602229347 0.4518060028452772 0.47601735119780225 0.4943126919376619 0.5025155804769333 0.5068802994734537 0.5612504872882556 0.5186854342362521 0.5485792863051864 0.535162187329244 0.5547203795281721 0.6398912318787967 0.6841815708646829 0.6734267861050327 0.6676367977592497
0.36917270095285987 0.34124989483220164 0.3345568206434944 0.3010607423485736 0.3006972588950594 0.3041753998985788 0.3360875747598897 0.32482542698306016 0.3162655708780573 0.36676886158859384 0.37746057152386014 0.3640590035681846 0.3736415832309874 0.3772614546169936 0.3845114446959473 0.40997352994579506 0.45816597351425004 0.46741326360542534 0.47944565649765186 0.48207959584897436 0.4546148004962473 0.4482270305630879 0.4428045488522922 0.43529885201217894 0.4338292224725986 0.45744084108845334 0.4841818049698154 0.46684832872309184 0.4769650523387009 0.4491111958349066 0.4320552928691107 0.46814319965640466 0.46294100618836387 0.47575767445784456 0.4877014860032129 0.4964933135520523 0.498531647230906 0.5446667411239523 0.5898375308434689 0.6200713246667372 0.6354161266917892 0.6554671960709092 0.659937684799348
0.36438915293332363 0.35648342594521526 0.29753103785650503 0.29012593574357026 0.31610050497881415 0.26256062018483745 0.27567050012623456 0.26900112196321024 0.30361090944288294 0.3261818926885595 0.3715240883540724 0.3507206018597434 0.348345258595159 0.39495084663662 0.38193313676149226 0.4095994259508621 0.45962115321644137 0.47602522130193536 0.4825277999089623 0.4669262209715848 0.47797331111543323 0.47128303249025294 0.4099195344379241 0.46029719538020364 0.45522544281200983 0.4868964306905809 0.5032461999199631 0.4884977810773211 0.4397583875473832 0.4214809616629812 0.42628811366150543 0.4238673647410136 0.42952839466045173 0.4392011524616601 0.4781133905731143 0.49883722496545385 0.49461324045751814 0.516159426079539 0.5358472131511929 0.5731841524393567 0.6149034088234828 0.5931254789132547 0.5974096779246174
0.3308241816568906 0.3106115495880839 0.29302076669701754 0.28085307838765694 0.256194776563091 0.25701149985542354 0.24771681632280046 0.28712582828042493 0.2817278552341547 0.3323827514889784 0.37279402306512366 0.3379161582813796 0.3692683608018783 0.3640080186984608 0.3824728270551698 0.4439517768570529 0.435650382166032 0.43582670536655993 0.4695510770535233 0.46725628334668445 0.47020819969101735 0.43689499440901886 0.40617670746774487 0.42452430420857773 0.4162034486333986 0.4282150446190013 0.43452006885767547 0.4501437412362995 0.42337650377449787 0.43337694697002704 0.40400230607957927 0.37602008350841654 0.4015587865672775 0.45067533596284765 0.4631673921591078 0.4691245174249026 0.4604113402463891 0.5305414333274088 0.5569692001896124 0.5860011692884051 0.6070589475685789 0.5986580709096576 0.6064499801727455
0.3288601240123875 0.28541809401073864 0.2510034547747678 0.2522234509296205 0.2240205223694354 0.2526244637404827 0.21362896598851086 0.2500623900092687 0.28350480776732956 0.34281001871937344 0.3730268133123341 0.3359896207157755 0.34355617519928305 0.34115370852838106 0.3903121545446774 0.40424082600746564 0.4358534574221487 0.4726089394593258 0.4701292625599787 0.45500603600237505 0.49602076668457445 0.44871636254102987 0.4682045451585903 0.4314433942013091 0.419863322330252 0.41310454341759206 0.4100178836679979 0.44678368529704293 0.4653902957034906 0.4520557948324374 0.3870591253767827 0.40633657587581007 0.373301757844202 0.4019918880492851 0.4630946694939752 0.48968036695934447 0.447107085764343 0.5191927319080856 0.5439705343060295 0.5448801998480113 0.5611368238866651 0.569275038284147 0.5660630891830095
0.296019218794435 0.27880793371403173 0.2321084134559121 0.2087328897729647 0.23648416034035202 0.23177626202372162 0.22233103767321621 0.2391029819158931 0.2938085489527369 0.28731513772344897 0.3264534670988217 0.3424685846930929 0.33598575095954986 0.3281442376264258 0.3329183110627991 0.39884882792484466 0.4435814823400125 0.47491244167899205 0.48057387072725477 0.48908427882144717 0.4959241182064924 0.4598449593422751 0.4496232335820974 0.4596881923234963 0.4427901749999761 0.4495986518634269 0.4303926637750457 0.41384433647463165 0.41116367445129526 0.41523533291898845 0.40531097001566563 0.4405496630624628 0.40043155233679645 0.41457320492159866 0.44451555724302994 0.4637622068132773 0.4607169723943588 0.47778241040644237 0.49951106672016526 0.5238312060443884 0.5584511086313944 0.5354690691818883 0.5564849636861359
0.3248790687688902 0.30037996377963716 0.2603151365579345 0.25096667697043595 0.19918966579728437 0.22236287093964457 0.21312490528351294 0.2140841514868915 0.26913666395894853 0.284739429039037 0.3085695327402499 0.2879906706815167 0.29193720524522493 0.30219615922510634 0.30135020102074445 0.37784069472668314 0.4346552166197388 0.454129970606486 0.4754287439991416 0.4878589308489171 0.4351223241925453 0.4409035824351908 0.4749762057025824 0.43968150919641674 0.46930536418422075 0.4601485018204379 0.42898632280678617 0.4476279217713713 0.4211656371684685 0.422267263045611 0.4153529372775661 0.44137800387910125 0.4752329533833253 0.45881552319025776 0.4629489751304185 0.42188252961098305 0.4172705455610203 0.47885614050701647 0.49380536346072795 0.518311819478131 0.5452366157806627 0.5014806893652206 0.5091134884053466
0.3356235976334573 0.3056349349333592 0.2741557688476379 0.25236257817295416 0.23026446170789358 0.22646785513859424 0.22134512773768816 0.2503646762708151 0.2799084386258254 0.2610183116162031 0.24999898055507433 0.27874282931941086 0.24676064936548012 0.2428278116932176 0.2894892459396495 0.3225445194613295 0.38547143385316573 0.4543368184344495 0.44978205533199966 0.44809624706001255 0.4595127736426504 0.4424926069537728 0.41925416270168375 0.43449262931449123 0.4426383508237784 0.40365648700901674 0.44090567326062097 0.41352766718893436 0.41609983871823086 0.44600473788823025 0.45539485843305666 0.45068589151957383 0.4588830722414688 0.47697033272211886 0.452484892624295 0.4331846352630518 0.4081337922959702 0.4291268211712482 0.47913514141584973 0.5106822831138438 0.528865376545562 0.49810525298074476 0.48252195760935995
0.3249403894099083 0.25998604249182455 0.22259213032181152 0.24380724419605862 0.2583839943332685 0.2184900772376673 0.21367094837108055 0.23814825918489446 0.23620309168488055 0.19959842830583788 0.1932107495171725 0.24076971929133342 0.2136394275966529 0.24342500810168444 0.26867498753993424 0.3088075297502611 0.3653005332002639 0.3947694199814508 0.4266509194827378 0.41021129124179223 0.4180170624270293 0.40865128779172605 0.43949929569793517 0.43591919367074267 0.3992796970191178 0.3830499280567673 0.40655273536012165 0.4071650623553334 0.43931625683319014 0.43401507705620007 0.4183814298122447 0.4644951296656622 0.5013511469341527 0.48190852967335013 0.4685725581355313 0.43401743209973104 0.4517654439625497 0.4608773425253751 0.45390959348035614 0.498797034833587 0.48311207218701296 0.47206073754675487 0.5127569507885996
0.2727137198950502 0.25092255241083716 0.24887025481462818 0.24710767823079025 0.24946861312541305 0.19589554363931538 0.19324309034600792 0.1763475647102218 0.1845383978146749 0.22356523883615495 0.1973051772592086 0.1868548636459216 0.24616825193540484 0.2649034266187608 0.3030427909449009 0.30530035654868426 0.32663714860233106 0.3453699688391355 0.352042513644938 0.3416557845952996 0.3583286444506889 0.37542487931712776 0.3975787151712248 0.3718961915430913 0.36299008492752083 0.3820989472082323 0.4201031166417105 0.3984120527424519 0.39825857681547283 0.44241723613800865 0.45686979002992784 0.43513813553993425 0.46372657920184085 0.4404966874273111 0.43656297953809203 0.43673048335372955 0.46348844710334874 0.4372399787016059 0.45101222074665015 0.4823264459800858 0.4702995968450344 0.4965227441003648 0.5231448927050144
0.21048710655074598 0.19919385099644749 0.22142786286118582 0.22877130055796357 0.2178999924269547 0.21267528046881903 0.19640974550401324 0.19460639083394463 0.17367873552982124 0.16914808623699798 0.18153432919269327 0.215365407020728 0.2280242480367572 0.22749588306359755 0.2624143651857495 0.28992364702013024 0.2582266205467593 0.30279410565585213 0.31480286830873205 0.30835185782098684 0.31886938252082453 0.3614827464373245 0.3658500252775172 0.3873494308263088 0.38097619673492283 0.42887400379685836 0.4553836002370874 0.4254420376033667 0.39924276420735944 0.4384383605087797 0.4291911595421087 0.45339084941937063 0.4318029900883774 0.4615731501744706 0.43061280589860534 0.3952277806053729 0.4389138521163921 0.45826776696723803 0.459152953742041 0.4982439249498992 0.4783373916832577 0.4438770957784442 0.4742635022878284
0.13614780634073984 0.14059369784360248 0.16781030737569863 0.19109568967403512 0.21429758162889126 0.20203479715844533 0.1898883401476304 0.17215491824361703 0.16810930971656612 0.1760613459011852 0.1536083634753197 0.18573849124108738 0.2133787309845695 0.2110729704634823 0.23150084489609637 0.23973691692367263 0.25974986963958085 0.28379072326724164 0.28483127136285963 0.32726308944996074 0.3553684071237513 0.3360587387689194 0.3400229447959895 0.37486983854210165 0.37781448452971317 0.42123730214073296 0.4667624375699615 0.4643820583296279 0.412064607006761 0.44070461109019415 0.4191807480734651 0.4230131278848763 0.4320282410680772 0.4348632037793862 0.41227133402777155 0.378894554378652 0.3869625807312128 0.4139149190722224 0.4174440423965561 0.46361931441452575 0.43617708369170916 0.4394910091309187 0.48331365802843673
0.09897964763182612 0.10800183969151396 0.1303372464319538 0.1961272281559955 0.18847847563055198 0.17066901580920468 0.1314116946840094 0.14685517444125412 0.16993532714599427 0.13753516922398343 0.12011282464803714 0.14365982950765985 0.16726088765432873 0.16460100378199494 0.1967156547176539 0.26377718943877726 0.2560493937157152 0.26019682268973765 0.2969100678291183 0.30455102248253124 0.35015966011686034 0.30872989398542505 0.3222738229928089 0.34936540518678927 0.38827204668684456 0.4384207037440358 0.4341883058406549 0.46112817932571404 0.4581272850161327 0.45071561666448146 0.42743584632431786 0.4023164388169921 0.4335976273961824 0.41690751944488275 0.40130567439158443 0.39737974027987216 0.33844581579395233 0.4000081607567491 0.38171747022535907 0.41388107845458877 0.42762412124670507 0.4074667110992739 0.4355599805469734
