Raster_benchmarking/continuous/raster-76.asc
NCOLS 100
NROWS 100
XLLCORNER 1743162.2541459939
YLLCORNER 5469286.989711123
CELLSIZE 10
NODATA_VALUE -9999
[rows 57 to 75 of 100, columns 43 to 85 of 100]
0.5608540740306577 0.5666955738564937 0.644356038911743 0.6363106003587499 0.6699197394519574 0.6794010224192152 0.6641636916316713 0.6919783699057526 0.6445163483259155 0.6749957621953303 0.7029157753472597 0.6950990706587987 0.7064935923149336 0.7685229795835126 0.7519918143533192 0.7910186774651012 0.8162422099200615 0.821149715105095 0.8368970475156964 0.837590967361874 0.7797563634382062 0.7065683670159353 0.7170072353134281 0.7463083746050891 0.7726126672915049 0.764545525499235 0.7939427918575956 0.8436367599304632 0.8951857503154843 0.8777463970736706 0.9073440120419055 0.8862420580025105 0.8094625301383463 0.7583363978126357 0.7095732423284741 0.7222207546214388 0.7040859678051916 0.7111473683418893 0.7288319588619827 0.7282806473601863 0.8097298724756742 0.8520425207215784 0.8544266321744036
0.5907462879104616 0.6153915879248747 0.6470422923341692 0.6440039908978085 0.716330467095043 0.6893397987601029 0.7318385823022662 0.6781605339305061 0.7283869942783584 0.7355340858763232 0.7165701431616456 0.6769336255551078 0.7257302347839301 0.7290283412420538 0.7948531661821853 0.8647208674104903 0.8112193138117707 0.8497231022014655 0.794843698863277 0.7710323034059313 0.7718712652851296 0.7280920780812831 0.6938151936464771 0.7247885466542134 0.7774912207139818 0.780311477468779 0.7857664838767835 0.8374776803328273 0.90758975602679 0.9548972150026978 0.9522641731331737 0.9362109470565739 0.8656941960954481 0.8049718109213722 0.7893433594833015 0.7227902588890147 0.730530015052166 0.6959137015583153 0.6955133463392216 0.7338703600981281 0.8305015582750904 0.8469905451092539 0.848950739350096
0.6341008143132357 0.6530484337475403 0.6850290706661561 0.7057521429805286 0.6954782087814284 0.7107048714834627 0.6978698519976188 0.6914771702040788 0.7330706481130835 0.7008650968562758 0.7036417805392303 0.6453620806897613 0.6685942764607182 0.7534823723939297 0.7849073775061053 0.9060585431400626 0.8109589216483246 0.8299877344207139 0.8561979109384513 0.8271571774489241 0.746535587603817 0.7237013504888303 0.7037301798274407 0.7246115596315763 0.7795592011251058 0.7626229620067669 0.8212692207971384 0.8716366532789557 0.9006788015567115 0.9489727939162924 0.9756242650598338 0.9998368980968352 0.9223643195636466 0.91656113571244 0.8273904408957407 0.7907296782478338 0.7207129681493867 0.7143898324654342 0.7266979240814445 0.7573143001760303 0.8455616353021875 0.8624379427577663 0.8693512284583723
0.6498474773811028 0.6757716679871354 0.6681295368054504 0.6503059290423441 0.6788151424097235 0.6471454640464968 0.6418936325762316 0.6394644671313378 0.7023972145469322 0.6804207080745734 0.6772353878068273 0.6411954896938382 0.6665563942384454 0.7357309812076055 0.7554939494413011 0.7967866782109648 0.815434244913588 0.8246413107374079 0.8524739044232578 0.8500970156217794 0.7830243041519082 0.7654202210554257 0.7307625680072835 0.7102143430759414 0.7189848164746836 0.7625152663617542 0.8139798055408626 0.8290139294827962 0.890109053271345 0.9426207958423066 0.9539314192538837 0.9379715132493351 0.8940365424977499 0.8511784632855075 0.8440166663469305 0.7969707990716365 0.7246443885616621 0.7840740205785186 0.7655185135081495 0.7486731782988857 0.774654202311027 0.7694145303692445 0.8227953263006824
0.6775498772649864 0.6383670655854311 0.6252736336415401 0.6063076948824123 0.6509930071619595 0.6050078574664782 0.6400815245573637 0.6115609851182878 0.6576849488760167 0.6487023214776382 0.7045995929152744 0.6934104377778925 0.6490665737929608 0.7127861260613663 0.7323090992624656 0.7480111960817369 0.807470251326483 0.7980125136883873 0.7918125934129713 0.8019882051735033 0.7718460071969186 0.8215938789319552 0.7687816905496043 0.7375595131680511 0.7644495477255346 0.806062801482063 0.8539690675196839 0.870872786075019 0.9039857563669034 0.9085959196461795 0.8826653350913307 0.9026191239231829 0.8419341494659472 0.866075593959111 0.8222803448181334 0.7493494558822369 0.7673542161661051 0.7793378551584069 0.7637620811724357 0.7214509824743628 0.7795668124351929 0.7546180236010128 0.8042683281673141
0.6864299546591843 0.6259728802730301 0.6242252193704966 0.5932688334289392 0.595096511360924 0.6020119121662608 0.6225401238573666 0.6545715808118046 0.6345300678243908 0.6642699151699706 0.6637700472743292 0.6854005155541733 0.6776079352385033 0.7232753068706459 0.6833159706594216 0.7168976963223965 0.7224596567405082 0.767937643769992 0.7632298017975807 0.7698783087103515 0.8103010303030365 0.8241079578257076 0.8222547545556057 0.8501202333153859 0.8398395767559197 0.8746831515863266 0.8518559646713516 0.8549356755342337 0.911101852989013 0.909969276184344 0.8739014572726319 0.8338926835361335 0.8628728318231734 0.8719048656573211 0.846331817339721 0.7681399591000105 0.7666604236247822 0.7975545477807935 0.7452989085623201 0.7691115558344599 0.7766336179797677 0.7435219159626596 0.788587613893474
0.6905206101550687 0.6655556798506255 0.6397859066057034 0.6471266531655815 0.6136514403656514 0.5968452483133097 0.6106747471242727 0.6334013142244064 0.6715384409399981 0.6713577918692917 0.6689030952926007 0.6998873800803396 0.672232318013939 0.67711042705776 0.7386821147742124 0.752821491892407 0.6904356903431962 0.7045406138399078 0.708236426510654 0.712508157155619 0.8002555845625428 0.7950009575931274 0.7777872559082949 0.8453432017619757 0.8554026266209283 0.8749908462733722 0.8625557459563146 0.8722849205113972 0.8493388730290206 0.8703780986837144 0.8284919136453343 0.8491488665701267 0.8779221126371056 0.9097364807002289 0.8201266995484499 0.7983840248316906 0.8174388231452208 0.8002411846683233 0.7446833846345448 0.7635230754645091 0.7428858515480627 0.7463798746043823 0.7818897820184834
0.6930378877213299 0.6545371818140905 0.6909960636787383 0.670764051564342 0.6466808076403998 0.6235751843852226 0.6498492691835757 0.6551483508804891 0.6297927263903967 0.6334128313186175 0.6637067597232318 0.6400919697223194 0.6425742904612103 0.6380980034764133 0.7159149777545044 0.7769959566146944 0.7269047654131889 0.7370441993182784 0.6885552192312783 0.7131735170494695 0.7338877026548104 0.7608264482258777 0.7865907046675584 0.8202419093988956 0.8579016756253662 0.8335671826043615 0.8272932977862063 0.8195638343753957 0.8067522162587712 0.790440517181197 0.7962532733242057 0.8384173542698202 0.8429509426573962 0.9105343452634775 0.865272157590648 0.8501041829202708 0.8519606072143997 0.7918402532494627 0.7956153055171129 0.7443007203318311 0.7929340573585847 0.7867386830573437 0.7835229509032516
0.7116115809125368 0.6910613662898221 0.6449708133828802 0.6984304771893461 0.6887415254371528 0.6668079005742822 0.6590212924628909 0.6379381120020567 0.634494377373414 0.5825605993778159 0.6265539645413487 0.6136705085655054 0.6609944033383371 0.6437904287593322 0.6929090408693968 0.7641487070718014 0.7537510501411864 0.6938348716272055 0.7146315656152205 0.7253045681969027 0.7072962515763641 0.7607924106281037 0.7511661105682876 0.7676893616133134 0.8273614649169595 0.8156358536392273 0.8102355592610466 0.779931339922027 0.811171692312378 0.7712225412498496 0.7909244968478233 0.8295478733968206 0.817103830327738 0.8757814814551839 0.8495905444618663 0.9002978745185921 0.8957232518610245 0.8421754313069365 0.7839833486138571 0.7725648979407282 0.7947147440045901 0.789901940203858 0.8051616337371346
0.6779722608495243 0.638654249098363 0.6445632407587956 0.6366109293308522 0.6401391541173731 0.65640775458197 0.6465490759549506 0.6422663653330124 0.6054202717304374 0.5971460365574016 0.594516037228842 0.6101841219596921 0.6603466326050985 0.6703618597497752 0.6672024816396328 0.7125562376362141 0.7366430201752363 0.7491235776444863 0.7493561608073818 0.70721909748677 0.6951282949190337 0.7079938521344901 0.7130570698651479 0.7658750719634786 0.7452990709253507 0.786025318849708 0.7756349272339766 0.7804098485916832 0.7723618367655705 0.8219679084159414 0.8268711155997006 0.8653817946740605 0.8470360325497367 0.8836477431340525 0.8926604770050665 0.8993885017321829 0.9293028793401331 0.866827532121123 0.8196686069890687 0.7871954110456818 0.8133022825003547 0.7830776395914758 0.7922752211341283
0.6288258822906035 0.6268346970785291 0.6480220292578365 0.6065621917228261 0.5881674322998174 0.5631169894337712 0.5765134649346607 0.6117141447323793 0.5934370680398088 0.6119181305168572 0.6115790007791201 0.602620642324988 0.6245755548113628 0.6404975942323787 0.7403312152937056 0.7471711683149769 0.7703494905093811 0.7251573080993661 0.7268823256800941 0.7519726989023622 0.6754341524864053 0.6887269938736752 0.7165036156083107 0.7363906289791448 0.7635508149581889 0.7224517358866562 0.8001234951893623 0.7714374126112554 0.7747654559713739 0.8338631730331888 0.8283235206243938 0.8468184111698193 0.8380037233033939 0.8220925599292238 0.8891330375795305 0.9226076852185054 0.9041211198354674 0.9124044386628272 0.8805056212422917 0.893814096979208 0.8497622760348191 0.875275343778008 0.8187245473647571
0.6676410539648003 0.6403416316481084 0.5603588607274073 0.5460126946486865 0.536864629608512 0.5596439805816705 0.5859260588593418 0.5871180793030587 0.6065028523603279 0.6394016839178666 0.637069095216277 0.6279427854956943 0.6973134690968319 0.6934961966733525 0.7597473149896545 0.7462696205957956 0.766089176591748 0.7227318328612533 0.7336195272771447 0.7199782074590212 0.6876236172372703 0.6889875198752091 0.7450015622638753 0.7673156723026561 0.7593490308081923 0.7985646889569193 0.8223291585541544 0.7751525060170286 0.7962076334599083 0.7992820646783731 0.8404377766659586 0.8557405966118612 0.7966476719945872 0.8651574286946507 0.877333699674803 0.8983868166901798 0.9368253129318649 0.8793660002752199 0.904454467094781 0.8893290398956313 0.8763639328777565 0.8347676813592213 0.8456973471258057
0.6520551487218325 0.606811759375118 0.5844682289922752 0.5324647040753598 0.5618370909794049 0.5402732796516135 0.6028480126405822 0.5753915726504851 0.6539500365017474 0.6699611554098943 0.6793227205362181 0.6699617138752592 0.6817224927406836 0.7335330553195691 0.7970855389790524 0.8115413780673485 0.8049228400928069 0.7980493088579589 0.7708696941751011 0.689561864670088 0.7335310892945538 0.7379438311064802 0.7918605384358416 0.7519379725550455 0.7679821470629816 0.8318357096316769 0.8002912255563636 0.8150376794281405 0.8014795553219486 0.8538488939674985 0.8360089782605654 0.8214461844879831 0.8070451625879539 0.8474329615907245 0.8674414424427763 0.9068100983966586 0.8799444178598926 0.909118917360824 0.8899770241320812 0.9115647033393207 0.8522135738183011 0.8390265729654676 0.8325308407242958
0.5697428943623971 0.6108875710088305 0.5817611616854964 0.5178940372638592 0.5709016816435402 0.6011020654867592 0.5984355331485283 0.6229498325386433 0.6593736781969484 0.6550880215915744 0.7113494306995791 0.7427987330672029 0.7063069358132936 0.7507119471504711 0.7438857209987109 0.8223066937673396 0.8115654816274035 0.8125862106129026 0.7540161214960502 0.7419759951494346 0.7066023509858463 0.7235062015609678 0.7905813394362083 0.8012553383645481 0.8272062089383017 0.7881534975636962 0.8110314138601497 0.8679154758330506 0.8988175581375749 0.8738990463708458 0.8595201876912759 0.9021934220659341 0.8628298396437656 0.835514300251603 0.8499228151794186 0.9029885574376217 0.9000293774828485 0.8252728290669487 0.8403735084171416 0.8559196442926355 0.8197121350931421 0.7925343736826702 0.755219346853252
0.5661350800097379 0.5340302188748832 0.5449417302551351 0.5107755123810048 0.5513577957707395 0.5837204805514626 0.6059640311308286 0.6137500254539785 0.6867436195297222 0.6936097180179736 0.7349671338946367 0.7920736511799156 0.7317938172964014 0.7779203719076786 0.7750722007054154 0.7811342490293438 0.792446670488693 0.7526866633966239 0.6798189828250533 0.6627114924984985 0.7586380443770512 0.8038934845197228 0.8015943003430582 0.7964836274152025 0.8071573569841546 0.7814571710596931 0.8171817775840763 0.8885495683178497 0.8688735356891406 0.9328195897042684 0.9033398170376126 0.9445873240687751 0.8558247440514107 0.869828808723844 0.8459013535282642 0.909453566421857 0.8336088361000844 0.7979485473758404 0.8076500760534128 0.8137591377923712 0.8076202796383359 0.7591323893891818 0.7455445685785234
0.5506484217852338 0.5117945599508801 0.5355379739060697 0.5800089460433444 0.5709252395363694 0.587306393816482 0.5843907458045308 0.5994835628431959 0.6221779695057035 0.6875231992613097 0.7114897674244504 0.7274522914459072 0.7682744442041984 0.7175907619892432 0.7322626861937428 0.7666547417966381 0.7966780976762002 0.7376050343191883 0.7033114867465189 0.692998414869353 0.7624157555939447 0.7562932545016114 0.812689130293088 0.762063994607604 0.7950290912330921 0.7713001634963417 0.7969652074483197 0.8386776204587566 0.8808981993195287 0.9266004891814745 0.9469004254617793 0.9218602793622139 0.8607746722364168 0.8764885834942666 0.8558791766780447 0.8513544148412802 0.8383442920691568 0.8277659843965643 0.8075860499985886 0.8177351218536638 0.8184559779828012 0.7743444831395788 0.7877095284213489
0.5429982701847733 0.5731553277420537 0.5566491935522052 0.5814939901997888 0.6309793697428489 0.6156891760774053 0.6083066697382642 0.6389629708333787 0.6128298820426336 0.6195754792887594 0.6517289830945324 0.712606270277404 0.7519149830943692 0.7173898681619545 0.7531483761366502 0.7870973292631736 0.7525456502526401 0.7581448804927926 0.7121252663809492 0.6682891213496964 0.7159432246236683 0.7633483747636183 0.7497772985081246 0.7764595106949824 0.7769052687633504 0.8024337072556337 0.7832085025549399 0.8084215875681473 0.8267781986517637 0.8962766673148704 0.9164538463234918 0.9115379666906536 0.8893150184743501 0.8214908277345121 0.8231862804254861 0.757616337560677 0.8240698071124816 0.7841735339287508 0.782509154150487 0.8371279514708893 0.802086795281777 0.7963354880349104 0.7777512391813988
0.5600676061378015 0.6179904744367356 0.6272586547350247 0.6292122650191972 0.6338373942552675 0.6094087169736597 0.6339421324201961 0.6500012670501452 0.5774037413845512 0.6149400294330025 0.5825664402139982 0.6596990236482015 0.6993079814139458 0.7502045175474338 0.7649464835000421 0.7586513238538001 0.7087494698294529 0.7247572712302915 0.7022854607666803 0.6748446739983732 0.6709861943705605 0.7701166367716855 0.7604175849442439 0.7495318250703987 0.7939958646984484 0.8082036505832647 0.8488982340169998 0.8291291695917405 0.8551049199859878 0.8763741959780111 0.8225353722748673 0.8364772050009097 0.8136785807584808 0.8218411413907603 0.7678322389839844 0.8034659635581274 0.8104800052925726 0.8496248741842107 0.850292924651016 0.8678226933230813 0.7976734880598105 0.7662700801554496 0.8319982201842565
0.5642560913927447 0.6059361980743281 0.5944580891319841 0.6150699759829376 0.5816191005040778 0.624408639945845 0.6282448363438801 0.645026211337131 0.5683636234287973 0.5592946107934357 0.5958285490085296 0.5602938148022286 0.6453688642109434 0.6805253941981415 0.719546729767591 0.7172133537427275 0.6974436600966025 0.6264126515063482 0.6722765272852183 0.6126028823955058 0.6778516564328539 0.744289166546264 0.7403047952612478 0.7731378044531501 0.7757101830922527 0.8173937934925694 0.821619179441423 0.8183891556221412 0.8623427721840581 0.805700634155031 0.7965153635010371 0.8056354744450565 0.8327316406037716 0.774335968381183 0.7400429318588596 0.7788358411212091 0.7967307051195187 0.8144149213897136 0.8382574506342926 0.8646614002413344 0.85536794657225 0.7816523688870757 0.840811555405855
