Raster_benchmarking/continuous/raster-159.asc
NCOLS 100
NROWS 100
XLLCORNER 1743164.472630774
YLLCORNER 5469290.0653945
CELLSIZE 10
NODATA_VALUE -9999
[rows 76 to 94 of 100, columns 43 to 85 of 100]
0.4650228688439753 0.43247974966869096 0.4313545990009544 0.45877772116166404 0.4259071006536437 0.43795491121631325 0.44228941781637016 0.42783650816345814 0.4546536657437283 0.46245761924114903 0.4568558472064901 0.45504631855210337 0.46151730062083596 0.42636035983897397 0.4423835901585351 0.46150775377776243 0.428940475585325 0.4538954639804088 0.4548526642249479 0.4803803424438 0.4920135295498612 0.4727609163654326 0.46888107754714353 0.5019740594615834 0.5026826771914827 0.46037213385555215 0.41821501767242725 0.4099423298080641 0.4259837131793325 0.38365569204379524 0.3746220329708352 0.36104398345924327 0.378334105840441 0.36050498227067945 0.3556902908768593 0.38929119732200135 0.41033546697636697 0.38896182341254415 0.3724021661298777 0.3890855810837878 0.3395469002888489 0.3504261671214906 0.3634564638760249
0.44572128407679235 0.4057667379440945 0.44856812067852087 0.4568275799448607 0.4487560396796258 0.44505183467732945 0.44839265320782357 0.43377057359731325 0.445255724985483 0.4486948361263807 0.44064330106408994 0.4453397116172827 0.44737256013639604 0.42830670035027996 0.42491215735486737 0.4117337026632691 0.406978691855052 0.4533211138484346 0.45621030759422976 0.44924304479263727 0.5093842656475732 0.47604205012346223 0.4948233507503887 0.482734223705355 0.49969255294966747 0.4504981598804862 0.42060626223611386 0.44101300956221956 0.4337399018816569 0.40235803929698827 0.3652836363982038 0.39687967706373894 0.3889290187298112 0.3954120999052676 0.39209575990561674 0.3997681691072579 0.41638109711180793 0.40877528430422944 0.40607229804873274 0.4037114974193855 0.36075455458358885 0.36097102277941584 0.35883207497143876
0.3867086970734973 0.38976292201026547 0.400191133588995 0.4156026212632541 0.4465128700673218 0.4121229123024961 0.43440236719652636 0.4450573375405797 0.43353418279151124 0.45449016633411965 0.46487296326034316 0.4267999064269841 0.4042926332196589 0.4035078943454401 0.40183879960992824 0.38968443605147396 0.41153339330962085 0.4280504301681129 0.4502133133526675 0.4414663604038321 0.48090955941610264 0.46423351924784517 0.46816582134739926 0.48591325024014415 0.4686661816713806 0.4551614680160332 0.42005973675676 0.4394812732847089 0.4441558507547898 0.41824217715689604 0.40042752113688834 0.38793613950642264 0.38860650330898455 0.3659467975992668 0.3970137279458458 0.41562091832786346 0.40709448617759425 0.42136122606229853 0.3871959375948502 0.3804965874802422 0.3573414500737015 0.3763678295747982 0.34729661689931274
0.3641076224080682 0.40070396999693114 0.3880047852183672 0.4070647258263892 0.4190217203137885 0.4227093261999051 0.40753096808881173 0.44540197975492074 0.4780169462096362 0.4688042921570761 0.4602769876339705 0.4115345514149345 0.42500975842371214 0.4164268710996946 0.4076586722434528 0.4063966305370966 0.37638462151045476 0.42332253303491163 0.4208120946216449 0.4541128064692235 0.4686134328271581 0.4708313678893948 0.43504462347050865 0.46483758382002544 0.46321823650607524 0.45957954591621525 0.43183111665813134 0.4405999684730795 0.44262390992441863 0.42594633972844187 0.4155994022255289 0.38213328201682745 0.3275605804092847 0.3741676983097436 0.41081975065402826 0.41328890462752493 0.42671464163232836 0.3971593681218453 0.35748774040608683 0.372735122551359 0.35437617953267725 0.35714706029312165 0.33781689579356433
0.36009392172187493 0.383946386845475 0.4227333099924214 0.4179580828151722 0.4231308851901194 0.4011801822212088 0.4184594337680449 0.43048129670119706 0.4359600421807763 0.45456288952371837 0.4373418528011517 0.4165403165710501 0.3966392211563862 0.42450793347146104 0.4332458590383177 0.4033741300103445 0.4025919964382979 0.3892069392424582 0.4004341813317941 0.4290803667596583 0.4536854711891452 0.4283008406936783 0.45785967697171986 0.4577021521243202 0.467589370452703 0.46726265790523497 0.44711938131762985 0.41763073844852266 0.4266158535898271 0.40219200324822774 0.38108419355446793 0.36140437921167745 0.3596936219044869 0.3735323538799196 0.3768276493538203 0.3954371384030073 0.4213851135553752 0.38410779968120007 0.3904953875110465 0.36472607385773265 0.3443236660118516 0.36223136121830035 0.34316275041792366
0.37422239035400656 0.37375864443704915 0.40982462742806536 0.39415261628552284 0.39957336276567207 0.3918227733613957 0.4149040349653769 0.42875295105113986 0.4752234560382637 0.4370691760275111 0.43329668690928813 0.4056695079685288 0.415132901914408 0.4173192989791616 0.42572859729500634 0.3813882003052757 0.3765645309648592 0.3599851678996881 0.4006418008676951 0.4330133327268769 0.45667850559958345 0.4395720986715314 0.4216318297807981 0.45392262915588616 0.477267807513525 0.46685912243248534 0.4333321453598986 0.42145531323847396 0.387009264048982 0.3943939086558167 0.3675953373861989 0.37882555848963584 0.3696624440004994 0.369633680170856 0.3617053037384823 0.3869518445220649 0.41247774619807676 0.4227380208299396 0.3833147749707792 0.3506145234345634 0.33978457522277133 0.34734499119036627 0.33642299538051684
0.35303781831762077 0.3834745718541751 0.38226215529806645 0.3660985523477614 0.37517001175772546 0.4068942123440472 0.4221175314907747 0.4390866175629142 0.44437089088759335 0.4303252890321846 0.4312435980297022 0.41765983869974993 0.3889614665431279 0.390926437904456 0.39026561859351333 0.3644721946962117 0.36419573853108744 0.3466280310758694 0.36895304999319123 0.4086122401302409 0.43712655293529223 0.4034317109005416 0.4024204059274288 0.4405477755677727 0.4660708703522028 0.46658737334019024 0.4274522794546802 0.4429932364286693 0.4062733507466588 0.3811269163113254 0.3996221994510716 0.37240848945478117 0.39365764919691815 0.37333815039296064 0.39194174171664603 0.39747596382469214 0.4138908493623988 0.42409077533180684 0.4270268954594645 0.3862857297677889 0.38789307401021583 0.3462266192475654 0.3447694377171825
0.35015616751114037 0.3634633632501053 0.37857440289352995 0.39424537174707924 0.36658514404891346 0.3883860849128649 0.39202529440019945 0.39488657042375563 0.4212167509778492 0.40675607833233024 0.38483818296096656 0.40162531882460506 0.4216237322791099 0.3742280370854877 0.3759647878262629 0.3300455636595746 0.32970929402252214 0.342203414093832 0.3336475215114552 0.3706926690633397 0.39385848551054586 0.36598185619836693 0.3813333335492605 0.45576948075367163 0.485631223827807 0.4788671283236045 0.45433291658248987 0.46792381411038864 0.4555346175864634 0.42112889785913615 0.4064826646651254 0.4044489067629757 0.3857632927593139 0.39208447277066394 0.38350246740160127 0.40686752545612426 0.4243391298531931 0.42750222534368487 0.43621396708532717 0.39155291933427755 0.41464395053977215 0.39504658386638236 0.3711181060871924
0.3890367625639764 0.39484681216886064 0.37555838795757224 0.40307654365938933 0.39377600919012234 0.36025748970933075 0.3810939820190697 0.39751595394930744 0.37286629250018916 0.36207630389577394 0.3484373843460124 0.36271066699544835 0.35416500929122324 0.3900310099914265 0.37114616658878224 0.34156751251313117 0.3487510933713569 0.3211931797987762 0.3530880844169874 0.34390662267258165 0.34382852378040474 0.3603427040763216 0.400961749196096 0.42443824142412073 0.43833701568543965 0.445631907730125 0.45299920573782787 0.4637062899601735 0.429796801013817 0.4359108339626506 0.42811114575704284 0.4123129091738828 0.4240834306787235 0.4124185322007537 0.40292143452758405 0.41766618691792284 0.41211178855379926 0.4123909968299486 0.39595876044508305 0.3830027460408666 0.38631791969229534 0.3578928183990167 0.3494866737264392
0.3785019225944093 0.3840658763693258 0.4182283786370744 0.41325881696058175 0.39045891400727245 0.37828508651536863 0.3590777380652046 0.3874874691689341 0.3828927303184163 0.35191223654939907 0.34090971808933723 0.33806328635208843 0.3257896405365714 0.3506178449738173 0.3505105135476511 0.3516610229878758 0.36126218373228963 0.34140094843271607 0.33827717453402967 0.3427462855913278 0.3527293232505997 0.3812036989533072 0.3652157504021885 0.3902762420181505 0.44176308648912244 0.4208095197466632 0.44674754349558354 0.4423466913709883 0.4452567865341602 0.4406468112991869 0.43966314081294305 0.43247526593893976 0.40066725661227215 0.41664219191292445 0.42891761357692865 0.43176164240367293 0.39998375667880415 0.3870396032261165 0.38536405061238155 0.3933562145420443 0.3818546484496603 0.351642378655753 0.34480202789617753
0.41411462232270696 0.3904456324470046 0.4016235607515793 0.38228335660118234 0.36836335557920197 0.3356675295238955 0.35371887180092654 0.3404478628589655 0.34693003008724177 0.31476430752970963 0.3382532411558588 0.3242862790325767 0.32013566626620926 0.32328159824461855 0.3367690365030035 0.3374400403260656 0.31547732418557695 0.29742660455656833 0.3122757527230623 0.3318427716970661 0.3498731358755449 0.3616643605227729 0.358100555040558 0.4011997036732824 0.3968977771931187 0.4134370477940289 0.4221343060021655 0.4536194521045806 0.4465852688707594 0.4202740237781408 0.4086943123659279 0.42144432707707496 0.45870586743022795 0.4615035233708898 0.4644307171797544 0.415743748089657 0.40988805078375085 0.41665602480184427 0.41242540198641275 0.3866759233527818 0.3833557507484181 0.372454844551567 0.38046100276821854
0.4543581422481524 0.40384215496775616 0.39368713713069114 0.37240992713241955 0.3661070833936378 0.32934447424819124 0.32094896101119585 0.3060216836240402 0.3136477655502474 0.29552328305897585 0.30343777176651915 0.29798636866771777 0.3018339853905956 0.3255458481044294 0.32653859531700163 0.30448421535818126 0.28458425834628986 0.2969014896901359 0.2933723922298885 0.32158573783343963 0.30934765565789424 0.34178557964901984 0.39190299822736685 0.40029680993097566 0.39562238214427276 0.42380264886741303 0.43990236450431797 0.44686912239106297 0.46373935742940514 0.44501444409867763 0.4256968978817971 0.4243915247696994 0.47905295973132644 0.4433208605170068 0.45829650886649237 0.43501684213706415 0.4034532029161452 0.4176639162637276 0.40360310435544855 0.37721730566139094 0.37226276197814656 0.3751565867748535 0.3852483407784469
0.44235981693711296 0.4194640836312934 0.3787127942753579 0.4052654550858385 0.3607526686111822 0.37740013369418834 0.34538649647380915 0.3194630163562679 0.33226402254018234 0.29715553373830345 0.3189096350197812 0.32023398697951655 0.3066794085570596 0.3007994214057523 0.30048606522089544 0.312112301316487 0.29270956639735135 0.283938103448045 0.2973880428895523 0.2995268033276823 0.33499724299336375 0.33174372433895427 0.3783022632853778 0.3743765365072203 0.3693203758963471 0.38937759964432217 0.39919205856740136 0.4203871770446276 0.41676412112050815 0.4236648504530943 0.4567971721573788 0.45454407601632163 0.4590271612696065 0.4442544184463059 0.4681900479347675 0.42666132252937716 0.38824281823963464 0.38114359299422385 0.4004218180564023 0.3861154639707301 0.3875348393953356 0.38108281416902634 0.3864654647716278
0.40930473323085104 0.4124431667502374 0.388431154342297 0.40372760806260766 0.38291306710295875 0.40436113603075796 0.3797888519240132 0.35762577495312514 0.3400484275110187 0.33246974045567906 0.3045876510856027 0.3196060444718742 0.3250143742139634 0.32441865458275715 0.32116990091418135 0.31928387919774004 0.2961400953476239 0.30205956998105754 0.33673048078763274 0.3568052322911319 0.3401801104611327 0.3599482759627836 0.3739318715455356 0.3837684283759793 0.34278550545630354 0.3761965545258047 0.3626391382265725 0.4153438554782488 0.4149562027749529 0.4351495920008372 0.4408016145136914 0.42841618000591203 0.4270207541249008 0.431901583613785 0.4519201203758806 0.41166637493360086 0.37053275109980954 0.35991346502849003 0.3765149315774523 0.3714930209611089 0.3487792336412276 0.3524071739156909 0.37780638736940453
0.38980005946891005 0.4087002842738128 0.39619187890663055 0.3983748948336892 0.3887562391517137 0.4049835076666355 0.3796008983361927 0.3300059369880393 0.3381014215579976 0.335390518962983 0.29788641679277095 0.28821702214281875 0.3308346021043912 0.33923357247275066 0.3118347577064852 0.31026659561985126 0.30325298703678166 0.34116599626026073 0.3476394384330749 0.3709988365175412 0.34327962889647456 0.34015582451177073 0.3777218112902388 0.36378012375346114 0.3594788191521823 0.3354976833943477 0.3475384389607578 0.3731595634459278 0.38166708683745426 0.3838658750624659 0.39049140587249614 0.42070914979249546 0.4415929120696669 0.44307418914791474 0.4457873687850985 0.4296138807700207 0.4112758846069053 0.3779936319653363 0.3867184818373551 0.403082758016211 0.38489584480290423 0.36989662345713775 0.3932368155635752
0.37756869236100976 0.4136340598114401 0.4071333355780876 0.4175562939570998 0.4268766094837065 0.3747803275735381 0.34643666529754646 0.34817140486810993 0.33085400622043226 0.34901168164750435 0.3186706873658732 0.2886078959219382 0.29577520706115795 0.2998001898854589 0.32130405363506076 0.3306453590275988 0.338414709998914 0.3590059172699722 0.3741882624434037 0.3751816387547586 0.35866433048542423 0.35470235076388457 0.34771727654757617 0.3718636158101883 0.35287261291199434 0.3401267113074553 0.3404389644942408 0.34352843656727927 0.3683336530714171 0.3788554987729214 0.3667961922031881 0.37551271314236373 0.3921036508345245 0.40708062986830446 0.4190824835511389 0.41222750369489275 0.3941104925968303 0.3794057566457837 0.4122862141457805 0.40105923780688835 0.38891202071711994 0.3485680998788893 0.36346452471656465
0.35431296810478613 0.376373074753216 0.39864873882315827 0.4099119519276399 0.42110447122661165 0.3803183091337891 0.35362094439962716 0.33075800898274743 0.3402546344014929 0.3381743425322558 0.32803017905461324 0.30433682813975965 0.2935255211587011 0.3144157871859965 0.30186439657694786 0.28067112045109754 0.30391556380088425 0.3473914533334263 0.33033068929130094 0.3308020210878962 0.33451344278410317 0.32802600302077634 0.3214800817701001 0.33489101174890745 0.3477199764947517 0.32751428441553865 0.3321628725610936 0.36182639879715583 0.35061237943739304 0.3964679494283148 0.37352322574242075 0.37699568807020656 0.3867657929284023 0.41211715596463744 0.4258859849404713 0.397171401674434 0.42041222492963953 0.4068943224579723 0.42274293152388004 0.41977984665351964 0.4145673334546739 0.3604403244693116 0.34961769408416127
0.3654305719895695 0.364370902894189 0.3893522696556162 0.39305409080727743 0.37623700524344295 0.38109188738025945 0.3915956612304956 0.3474585932316314 0.3444068935191514 0.3700699975566251 0.3516132152318706 0.30320392442618493 0.3007092629620744 0.2844882411693337 0.2592152315728794 0.2673130431487922 0.2727034985197778 0.3089928257487314 0.31495701532796655 0.34406390813988447 0.3394920398621926 0.2994312596519586 0.2887000408735364 0.3297420384352491 0.33492667442922114 0.3237019194239923 0.2866250205583106 0.31015188208126254 0.3689532422978774 0.3840287346861803 0.3883410420551164 0.3736790940880354 0.3677195514520479 0.3701347940983605 0.38252945121322546 0.38081422457090514 0.4149606245350251 0.4090872300887955 0.42340895001668954 0.39776723218245796 0.40659573231191365 0.3960237716499025 0.37705533316631007
0.4022094092898793 0.4072735545520245 0.3941713237035737 0.41760936710660823 0.37204617696946696 0.3811771072253206 0.3898342597613683 0.3646179128861315 0.3677773767115986 0.37522565223283116 0.3195350755337128 0.29803219028549255 0.30288297641622974 0.2829523932051405 0.2632862075536865 0.26695416039114384 0.2636516863920349 0.2855147280325656 0.2983444286570032 0.3232323691100339 0.34319441023963493 0.3168344109122048 0.279537148956433 0.2877993387338283 0.278566200410901 0.2728881581863996 0.2640012666859623 0.2915405672340411 0.32323251366135575 0.3410303555616099 0.34400023822779424 0.36894492880548035 0.3830192785403433 0.3635022334197825 0.3984088553827366 0.39303659247742034 0.4036323140665489 0.4259294662116121 0.41440466177247964 0.4329701622489735 0.4247288355817651 0.3890851238746429 0.40281703599133334
