Raster_benchmarking/continuous/raster-325.asc
NCOLS 100
NROWS 100
XLLCORNER 1743160.2663822905
YLLCORNER 5469281.387831352
CELLSIZE 10
NODATA_VALUE -9999
[rows 38 to 56 of 100, columns 43 to 85 of 100]
0.21264328167696822 0.21681369417547372 0.2364343632432067 0.2973526526280871 0.311963435242961 0.3362217586041431 0.31593873021082947 0.26867841961054445 0.27638621858129986 0.30585711521139053 0.30610838494140274 0.3171648602139399 0.3223073093199958 0.3116784258854154 0.3103310722112785 0.35718891543887554 0.34485856674849036 0.35441378745643326 0.3804556914482246 0.39045839750846006 0.366359728792713 0.3775145016358155 0.39442563977805845 0.38997340769014854 0.38892512524018547 0.42525334388505837 0.4158664613267874 0.4390400617477788 0.4540073949617752 0.45460537205822094 0.485445414327128 0.4932322134302575 0.45383673154913856 0.4603942894607169 0.5120484605810844 0.5350749340767275 0.4926510576203556 0.5109857228962129 0.5385435728757796 0.5678644780644427 0.5773688212625598 0.6148551012980489 0.6459914865208173
0.16476893180249982 0.1725677845835124 0.23161015917064764 0.2883786045516339 0.30502689814851985 0.3222175213855082 0.3030288055199473 0.2688056844910018 0.2793510451636716 0.24685248746322758 0.32021540082455346 0.3305557298304426 0.32053818236725073 0.28134793936946295 0.28461959984923463 0.340430775113703 0.33638648186665937 0.34352682822662717 0.35651179894717866 0.3361301005887477 0.34908879258496095 0.34635166809093326 0.3489495244026633 0.33440321670326456 0.3641737217134728 0.3845757652477161 0.4356793548376231 0.44955023389211163 0.4776964954450125 0.4520711828659001 0.4323652773661267 0.46562692801422756 0.46464543897996835 0.4812202055025863 0.4939913761455089 0.5135462690157651 0.5191765254914901 0.46985066190173763 0.4930297771653801 0.5258467664880082 0.5953973393510412 0.6506128007091919 0.6438989372451163
0.1360867325843219 0.18197100467102564 0.2355900166684174 0.2598904261796253 0.2817746828880574 0.2711933593154659 0.2979417705913173 0.28290696103157636 0.2528365604757586 0.2636236412849505 0.30625541364589537 0.3099573426962652 0.2832173943193209 0.26284986692515644 0.2793199322686421 0.2930644167232914 0.32425585332982987 0.3475157300420153 0.33863263598877286 0.3448908726518143 0.35149123005862665 0.35941631114414785 0.3465216316969132 0.36262057048671303 0.3844402777621664 0.4165739474981953 0.43695220203783286 0.4440281884996006 0.46023090071366934 0.4598083667976972 0.4244878585122716 0.458390112458621 0.4979943664350458 0.49191365321204883 0.5174907226638963 0.5265033551483534 0.49695992522642723 0.4982639919232464 0.5360017927851622 0.5766919907018868 0.6219871262428259 0.6788506561945244 0.6644084839636838
0.12796388551744503 0.1979253644909428 0.23750634136456875 0.2614451876163801 0.28639215014324737 0.27476082060263696 0.28929742666813 0.3185374877652061 0.28300237902374314 0.25302067858029936 0.2566525294063573 0.2923987848866314 0.265875906323337 0.2665743087616214 0.25034749874113915 0.25754236217576953 0.27884595876100715 0.28468396190818945 0.3440649151031518 0.3448780571927402 0.3584770779861016 0.34248750798943567 0.3569945493426405 0.37660364142855485 0.4199528384838402 0.4416180952717225 0.43779444552920116 0.4260456169353575 0.4350483605264678 0.40810337341491876 0.45365918853077253 0.45208635917669693 0.4779253810670405 0.5141056475149499 0.4767997628178871 0.48527518197994773 0.5121877150690523 0.5179207407527494 0.562280136980816 0.577781667396084 0.6243033475800284 0.690115431071991 0.686516838984608
0.14320125580906343 0.14669180701940104 0.1917058068377177 0.22920665259385253 0.25048627706281645 0.26339674435540306 0.2849058763711818 0.2816109620210109 0.2757338996445202 0.24446822483359076 0.274218822099842 0.32569096055953556 0.3124707677974895 0.25858527954845173 0.2913610992289341 0.2825794532581373 0.27535439069792617 0.2731709709123489 0.3126432112378272 0.3277858721460267 0.36433464763588835 0.3801332059767855 0.426731425185107 0.3905439176872975 0.3998444062446579 0.4050306840818727 0.4445051686827167 0.4318312889491545 0.4477850573660784 0.418825310424255 0.47037156952247666 0.472668116928032 0.4940148373449665 0.4882268300954007 0.4905381678086735 0.5072639059132517 0.49747288674253226 0.4939498679816671 0.5439422226646955 0.5498440786518369 0.6331698055069245 0.6852137517811079 0.7028600891590239
0.1745391027431373 0.13771734796610366 0.2063346645530195 0.20800247342831793 0.2757262739584966 0.2897277453357075 0.26247759881777855 0.2778108747098656 0.23925244754507388 0.24029565477343046 0.26816087151214524 0.3279825846115057 0.31110429022904795 0.2606044731402233 0.270265538419887 0.3232834282627282 0.2950161543376784 0.3125433582125678 0.362698711282351 0.38996432885163607 0.4024423672906398 0.47565423874275825 0.4268063984877687 0.41276243550074593 0.3873190803861606 0.4083549836583481 0.4426018868938237 0.43656071931909574 0.4573564606425356 0.44365440018559893 0.4864490131620206 0.49302530331950484 0.4769536253748573 0.5060493160775825 0.48673932202831227 0.5319525930283092 0.5175310585554225 0.4815502034195254 0.5349370043286981 0.5456220083381926 0.6186767103519129 0.6846964047785905 0.716114275736064
0.19228047780181778 0.18513075486050318 0.21985629565258377 0.2295066748359367 0.27619664195609933 0.3075734417642913 0.2970144899190605 0.26504395285588833 0.2638727335185058 0.2762351643192844 0.29637291342604244 0.34243746330688446 0.3003187774331158 0.31448374322539285 0.2925504728221822 0.3030047871852873 0.3429987277018184 0.36345949386517395 0.3882429301575521 0.41963186277150916 0.4772111484471137 0.48130225250473796 0.44871660033629285 0.44777328147249623 0.40114012372700475 0.43526095767737444 0.43808655510645766 0.4620412796102039 0.45624552897657017 0.4624455044067559 0.5019000366058428 0.491981869848406 0.4975126642052349 0.5150054084116196 0.49116429061887545 0.5212048651614957 0.4880596667693474 0.487637588620754 0.5318381078498869 0.5605293160434552 0.5863918087194006 0.6214372050012457 0.7068946004925931
0.188622699497889 0.24088452977007252 0.2414236013219817 0.27610249056563174 0.31136126769045125 0.31670894478026207 0.3146498273225112 0.28052226779802125 0.25390949581719185 0.26944769028496585 0.30620731742186647 0.35018350527227277 0.3327273695601811 0.34367829454248033 0.3145061009578997 0.3442018749456206 0.38313055769138143 0.3788443077500999 0.4239614284536974 0.44235483884368526 0.44511486583936716 0.4987883797348743 0.47486661172139344 0.45771016312599455 0.4409075302698889 0.4251495087243045 0.42979836215312317 0.44427256474157684 0.4542041772979805 0.48856539473214877 0.5266192154193704 0.526978685274588 0.46873538383979063 0.4699568192214666 0.4920417782266898 0.4928651187389872 0.5029962073755009 0.48537027148989986 0.503504878977584 0.5188352390061456 0.5668774747729436 0.6078302303503286 0.6543654717716162
0.2367436717247639 0.24054035939367094 0.27803471422245346 0.3166094612611549 0.3267708936661753 0.3221391438824456 0.32906357364759914 0.3324628697042714 0.3052123165277909 0.34104516605630736 0.3586262484363178 0.34438556440886925 0.35366255652887596 0.3376689278951856 0.36618083022453113 0.36749959622838946 0.3729240168021827 0.39895290805213746 0.4226603204011579 0.440498119159254 0.46326545280586423 0.4580677175043732 0.44954130497445444 0.47447249702284966 0.4484616425788429 0.47074045570909706 0.46411673550169136 0.5154130065735666 0.5123292927353238 0.5172017126884989 0.5513654365905095 0.526161091424204 0.4848952004511048 0.46014551095234274 0.4865051165035848 0.48640099549512206 0.45789948044509843 0.4933166019672127 0.48482582431398624 0.5446109515371478 0.5592453962567809 0.5701249756369192 0.6180920735511388
0.2132259108703798 0.2293977439476021 0.28566238641722147 0.30446754415419985 0.29357655127418647 0.31045553617518556 0.3026056948832336 0.33230644111479407 0.3412162220215568 0.35092592346050927 0.389270973606807 0.38041665045985734 0.35835491016375276 0.3888477987993544 0.3930652709617637 0.35075073894657804 0.4142302930609753 0.4114128595829152 0.40956377688162393 0.40475400260500216 0.45127745136821085 0.4840301456126366 0.48397437416841077 0.4600672559228317 0.4952172161823349 0.4886000763952926 0.4965612765042011 0.5668655940112671 0.547730704114 0.5819678446274001 0.5869660771984614 0.5575779350967117 0.5371325443822046 0.4868146793765892 0.5013199605409584 0.4761792657777287 0.4597419485528829 0.46841990074323586 0.486632615056558 0.5203682263864471 0.5630268682442077 0.5591871302646222 0.5912182545354543
0.22228398045601122 0.22389765062103076 0.26333306851764854 0.26991850268237344 0.291729549312766 0.331031781758807 0.33691422772355345 0.32788004595476583 0.35626189228144545 0.37644007730990775 0.37842344267508393 0.35226680407174776 0.3861693491746996 0.3918092906021309 0.3727442716351309 0.40314198566045906 0.4289016852597964 0.44903484699053126 0.4558273720196494 0.42122008117979753 0.465653197666308 0.4792797651568907 0.5026825937343068 0.48404252729784114 0.48436859177766833 0.5247483350090172 0.5639165132026268 0.5862867982475556 0.5753768627184144 0.5881966138400334 0.5606800353694232 0.5584126089922582 0.5297232730996574 0.48085629934429774 0.4798029059527741 0.5187579843736256 0.5174179261167497 0.501892502390157 0.5348922340587643 0.5526979384627596 0.5659834995272585 0.5712700667929701 0.6246912711437417
0.2557737646694398 0.25559629866514577 0.26419959817860156 0.2669947777487096 0.30161247839871463 0.30750586344357206 0.331766061883471 0.3706296983577698 0.37929533091132484 0.3642731644159021 0.3352054084549224 0.3425500926796344 0.34097803049418746 0.3381664673189974 0.3838507687122825 0.4239956207553775 0.44683430350216935 0.48589535512404314 0.48129330878224774 0.4563665728126723 0.4763034572815223 0.49534846483474343 0.5100124737660295 0.48842060044328234 0.4814763719733269 0.5174808826877029 0.5876980312477381 0.6114597154954945 0.6089568130369302 0.5760942959000205 0.5571232833872076 0.5228874978434206 0.5379489492986426 0.47852069754185983 0.5028776391968962 0.5302293108932824 0.5431518688546975 0.5434356799595017 0.5578990500886957 0.5928978664078565 0.603705256895045 0.6038710056839811 0.6135296305419161
0.26078762146670964 0.2761559058886631 0.3146538910856018 0.2980995949240131 0.31045280557158383 0.3339026624437128 0.335505272436757 0.3397897647258988 0.3586517808553571 0.3745791372870216 0.3607064409292603 0.3524356538247126 0.3146293367046971 0.35210038522614506 0.3597960812276668 0.40078524386061826 0.47952745643172695 0.5083963138958018 0.4958144955427848 0.4711425188214619 0.5247922961527971 0.545990279264047 0.5317980792440736 0.491307933262432 0.5150388397256705 0.530970116416571 0.5829176318319859 0.5638818508723473 0.5901061370236564 0.6006715320762589 0.552340914556836 0.5149564710253027 0.5201631608054458 0.487842959221822 0.4781066399278967 0.49998980227738526 0.5498296037495425 0.5442566105066587 0.5878734968698166 0.6250597260100951 0.6387199753507254 0.6576474834507345 0.6478005367442357
0.2460165282910524 0.3137927018274275 0.29845934529878826 0.3172614315907219 0.33782560956671787 0.3482318232651158 0.3068835697210158 0.31550211541578577 0.3606467410871474 0.3363539847221591 0.3465437170090175 0.33306189057773056 0.3493149902759616 0.34765701939348886 0.40136547735386446 0.42060955367065234 0.47834992573966745 0.5131825904301739 0.5195703950209974 0.4924439947158217 0.522603303489064 0.570446949129515 0.5221965037689806 0.5333228770469145 0.5314459800401227 0.5534023473485723 0.5424114933065043 0.5648850012435248 0.5976045899640383 0.6568029581300823 0.5780516985571686 0.550589576528526 0.5101360990374776 0.48384788217795294 0.5213916455776033 0.51997225632011 0.5308652384810215 0.5553068873002504 0.6061762708041585 0.627469332187252 0.6526309613889217 0.6729711667234011 0.6764228082237905
0.2988116022717796 0.33173707862509416 0.3512856343143537 0.352995339860254 0.3224918673802112 0.3157355420263819 0.3257427876184478 0.32497975086741077 0.3574001601468825 0.3779223620347962 0.3579435170914373 0.3820537104228593 0.3972618064512026 0.40470934522000734 0.42218038885515874 0.42249739489311317 0.48896369942889956 0.49478621825981856 0.49475032653008105 0.5034248557475898 0.510970947059987 0.5231610684140363 0.545061794688708 0.5311446321692492 0.5651450709826606 0.5676932708349829 0.5620363753908095 0.6070590804489386 0.6176918468006469 0.6129154244819591 0.6050482381973322 0.546381103633228 0.5524630718578493 0.5174703795266674 0.5355246527297828 0.5231738741459969 0.5423650965357946 0.5850611653938504 0.6378792829782117 0.6556343972166276 0.6479366141609975 0.685889281683523 0.6958502448646839
0.31764553763365944 0.341720240653612 0.34033363043471115 0.3779519341294365 0.36454783367579 0.32277180495139024 0.33863786145949043 0.3373832580690314 0.35047947469975 0.38584848117007847 0.3782531410788543 0.39380195709228827 0.4097764463854774 0.4212937105733715 0.4526572109293954 0.4435445583006631 0.4651099407555734 0.5287975229074039 0.5437731809833052 0.5283865944702936 0.5299011674905324 0.5220537748711951 0.5562926503518317 0.5298614656419846 0.5821721910025669 0.6057226412254734 0.6099434161155668 0.6109711335017871 0.6301464929893202 0.6203221223330391 0.574855366223614 0.5428008423501859 0.5405947794008584 0.5475910158244428 0.5418500792138902 0.5852297294403486 0.6106557944266775 0.6086664909383164 0.6678432693926577 0.6571424366357403 0.6564604779505082 0.7065143877646948 0.6755833786970646
0.3675552313272342 0.3323942454912358 0.3554233058416785 0.3810747407756724 0.38296016086457485 0.3448254296514615 0.36972482786714567 0.37612254593404076 0.39417183466593936 0.41026503611508575 0.4167493261288081 0.41133925514453656 0.4320443028516699 0.4589696428191463 0.44208480046611254 0.4561871309422938 0.4787224418526164 0.5153020362407672 0.520151883012396 0.5311137768558803 0.5521659255931606 0.5516162412034782 0.5543581723259587 0.5196119749130579 0.5568109510840348 0.6064810383470302 0.5768805144232165 0.5901915071898252 0.596565473726935 0.6003449204717257 0.586060959272423 0.5615821762874638 0.5556406221831545 0.5296450563907035 0.5799625827529348 0.6003076933159336 0.6198798341007857 0.6230857826663823 0.6659740311623509 0.64902531521553 0.6636523545770284 0.7040029531065576 0.718905448017498
0.35343286377750727 0.3608526237486212 0.3659465234549186 0.38519439069772404 0.3753290060289766 0.37827496130690563 0.37834273654769407 0.3687733784791075 0.37211921312182544 0.4055888563997329 0.41292448319029357 0.4166832583783801 0.4768552784816815 0.4906060537940622 0.47181480633550665 0.49027020641025076 0.5210743041973689 0.5285311333886039 0.5115675838909081 0.5482098905984162 0.5651357659264267 0.5493273386055905 0.5378115763538056 0.5316760094468821 0.5431468099962354 0.5949466506206358 0.6070571672432579 0.593207634203566 0.5806254054262349 0.6222728257544501 0.5612513262606768 0.5441784518509886 0.5380590698323119 0.5296971004859089 0.5625725911785862 0.6050782673873807 0.6316774892097642 0.651771710953702 0.6633164532904691 0.6892733100251063 0.7064307044623652 0.6842126325060014 0.7073994344435977
0.3626443118407084 0.3678316791623689 0.3803492089039601 0.3920019160327662 0.3919096582435726 0.4174145334804289 0.399136452312643 0.3861286851819969 0.4211025645629013 0.42285970571737985 0.4408482922893753 0.4605657414605588 0.4747166621576631 0.5215961966646152 0.49446685267073426 0.5217758810595748 0.5457711205412055 0.5459310745035544 0.5244017936106093 0.5218297628543992 0.5583512384633516 0.5593839552680482 0.5369245445588168 0.5449527346433257 0.5530022515542126 0.5572732958107901 0.5899117415926196 0.5672712186661866 0.5890032885755655 0.5808012617882351 0.5865130658834388 0.5720008517390573 0.5741384002202115 0.5768273071406754 0.5506452444177543 0.5622636540186483 0.6179307562168959 0.6553660784630829 0.6667968822950607 0.6737358852354777 0.7145510961397665 0.7217526455548302 0.7087523515085278
