Raster_benchmarking/continuous/raster-146.asc
NCOLS 100
NROWS 100
XLLCORNER 1743153.890342241
YLLCORNER 5469278.266081982
CELLSIZE 10
NODATA_VALUE -9999
[rows 57 to 75 of 100, columns 43 to 85 of 100]
0.60539100445172 0.6167836814233556 0.6289838369799949 0.6854004117989875 0.716098633468709 0.6891623566307193 0.6963767603233016 0.6224108192233581 0.6140782854194203 0.6366120063553463 0.7094788158992545 0.73000247397994 0.7081310763315795 0.6749381044421489 0.7016760844518414 0.6869608246337476 0.6526784800698094 0.6494020729156494 0.6750977499676967 0.63256875548814 0.6113156546316367 0.6043578506478055 0.632376628058563 0.6539574635893918 0.6691804724278277 0.6346023399855065 0.6540948219968855 0.6541807473280531 0.6581312491140144 0.6584842485598131 0.6776507311808623 0.6832136380886827 0.6605175745948076 0.6360942810280334 0.639076169607112 0.6144750942637786 0.5895699714410605 0.5873645435189737 0.5619854082339991 0.518627821773564 0.5722703193744885 0.5644904158452118 0.5702636215665751
0.6231948513377452 0.6360380695700202 0.6446303039941761 0.6905592990365718 0.6966307143575224 0.6809349762686824 0.682293013550896 0.6380507692642046 0.6688908883876751 0.6815301400785663 0.7292668445083764 0.7571214994017215 0.7097709906135881 0.7036949731270925 0.6781644829570234 0.7037330647032158 0.650619518630951 0.6288439627349183 0.6262263116859028 0.6518721280492926 0.6427852065459304 0.6277479855563561 0.6360258939903565 0.6407365383060629 0.6483379756411265 0.6602131500322765 0.7050128679702063 0.7352525834271002 0.7082646540202195 0.7409571545204673 0.6898062300050962 0.6648270441417807 0.6619968222988303 0.650037362112524 0.6267122295574311 0.6408982840993456 0.5913855376072522 0.5843553211569891 0.5741955781607729 0.5279240925883604 0.539030288062043 0.566796029593339 0.5358746035860839
0.6082702123752038 0.6606618400496808 0.6168345613918413 0.6315034523072399 0.6618420501770292 0.6769968563679508 0.6660416926029301 0.6557090698565383 0.6579894392857518 0.7103972075676845 0.7070577397468188 0.7594253319760246 0.705709905324238 0.7382374950612617 0.6793938364143267 0.6837633176770346 0.6407007159415956 0.6238104437577678 0.6548531007989951 0.628544089214619 0.6500485400503245 0.6289309010418023 0.6358359936807858 0.625431358429965 0.6750373848880384 0.7533230108283304 0.7540960349526762 0.8190519406198338 0.7890110441243076 0.7933503416762276 0.7402755993334097 0.7451703414059151 0.6814712425066037 0.7028909251794314 0.6770720430198109 0.6366421388044344 0.5943290973890734 0.5939266498585742 0.5814925116173741 0.5210959181879414 0.531969111446621 0.5181421530731992 0.5535280404527385
0.6066805893707545 0.6355985400772997 0.6292750108922367 0.6526588034947903 0.6585473015409955 0.6275267072588436 0.6162833287680978 0.6307465490039331 0.6293985925639053 0.6523903377458159 0.686205053589024 0.6973065061163725 0.7115630243398035 0.707722696102859 0.6775114371030434 0.6998776534048402 0.6607594942334739 0.6583397274556502 0.6307510094522732 0.6121932333632698 0.5973303135160655 0.6126134721982879 0.6541832753094312 0.6833922792569744 0.7141369304446026 0.7786084642165038 0.8015975813845022 0.8384443743980665 0.8100711539050407 0.7818284283099428 0.8019896279687777 0.725535254402792 0.7025772045678534 0.7071633753344928 0.6700186644376134 0.626268334095923 0.5748269356669727 0.5632118319907516 0.5731133615798033 0.5332438547817675 0.5009124711777388 0.512258420985172 0.5467212183400681
0.6394213429449944 0.6329484470977333 0.6340141042983404 0.6038516153361267 0.6251824655508482 0.6056698917468389 0.6018804828442097 0.5894602603595593 0.6358275201274715 0.6423669932864073 0.696543679938151 0.6703177451925932 0.6829069947094795 0.6613309290877483 0.707251414929602 0.7126489902042707 0.7009335587219738 0.7070549964245235 0.6417236557516469 0.6124319426255489 0.6156260800554674 0.6196542205636434 0.6642840153545134 0.6651045265622734 0.6989445768699696 0.7680796943695389 0.7813528417864983 0.8082498596447715 0.8149711538759322 0.8038394913622411 0.8188234674008923 0.754628555728554 0.7364128837969008 0.6626427020100872 0.654180464292661 0.6062080625227527 0.592806147754175 0.535211889336669 0.5453889195020912 0.5252672956860356 0.485845766172548 0.5011033769515763 0.5076741979803086
0.6533893749038582 0.627148377745116 0.6060037502715369 0.6077970036007329 0.5782406159697319 0.6060081059829425 0.6258823432255209 0.6318370750974144 0.6406910939723524 0.6449469260561914 0.6907495052095629 0.6597253407422118 0.6631722423271101 0.6851385911843536 0.6768392395150258 0.6668247933994697 0.6734210489351432 0.6985140653860863 0.6514795632367671 0.6516813100139741 0.6071199432326738 0.6241974831389071 0.6221320087357421 0.6517007669485521 0.7302292766529846 0.7424191001681811 0.755355872407099 0.7746360866358073 0.7723628357667046 0.8106901242390153 0.8000611900074928 0.75579657744175 0.710115154997461 0.6714641340973795 0.6807403260228956 0.610289319352128 0.5991941282400577 0.5574050338292452 0.5581702983857082 0.5315941865139006 0.5373806140542188 0.5001268897330914 0.5078679940568661
0.6376085096595329 0.6307847421611037 0.6176575699982534 0.5484781427303762 0.5917156709155544 0.6033626241207597 0.6308480040843469 0.6110770744968939 0.6496818058293966 0.6867676171793086 0.6758737949492333 0.714068624724205 0.6727511165897624 0.6481697656644746 0.642324026756076 0.673895246907247 0.6429773382269743 0.6606650346255248 0.6848186278762931 0.6543614107086116 0.6353235702248388 0.6149589115010828 0.6644582979032636 0.6560962214267576 0.7176579650206287 0.7746009300001514 0.7559359871628394 0.7724527191009276 0.7641321874754692 0.7482553352729416 0.7822913468787432 0.8052900808218979 0.7754163390913866 0.7315245110355736 0.6811686276349121 0.6320331586354576 0.6262519628269967 0.5969943680689604 0.5544915383887361 0.5328659185561785 0.5467409796877019 0.5234704874330058 0.524957226988339
0.6611734271421289 0.6323711839939286 0.6281926049739645 0.5973422732060006 0.5640520915761958 0.5634887263233825 0.5918482899134407 0.5795447434395972 0.6186541722602725 0.6549296667671943 0.6811427766977484 0.7119603473425127 0.7050654339180799 0.6866645977618984 0.6857240635028037 0.7069483888826347 0.6602285065414676 0.6723408170323539 0.6519486193792338 0.6508440139601087 0.6261669461267231 0.6572409811852288 0.661750407989012 0.6988269862494448 0.7061757028434049 0.7537945468264724 0.749475109159128 0.7377754454995403 0.7486843826985493 0.7437662966793905 0.7946813606496008 0.7773591312974751 0.7582963206521288 0.7193537987427912 0.7170307579563289 0.6558093233678698 0.6370517913900542 0.6012521225137736 0.6054217555667438 0.5757381964152736 0.6040638766258588 0.5618918713120707 0.5922913082594624
0.6832788377469121 0.6704314717799875 0.6625119595841538 0.6044109146768438 0.5941250630524383 0.5694024895048992 0.5896298009408162 0.5606348695395694 0.6466346100835909 0.6849879241420942 0.693286160688195 0.7198922919462798 0.6823193223470011 0.6925046188580777 0.6847314557562534 0.7062585333592794 0.6941018283508644 0.6842586358615674 0.6832637766152024 0.7041047312721106 0.6667758428529701 0.6521000017263767 0.6941805358766938 0.6798618024114014 0.7199920826042352 0.7822591528470744 0.7756068156372606 0.7572779616930274 0.7866350282830804 0.7947935105820609 0.7748188726193058 0.7289216227320228 0.7355317691366775 0.738318219449849 0.7063151908904427 0.7182318636140359 0.647158512363334 0.61915261929569 0.6460539483876984 0.6390502266034441 0.6169795856211271 0.6334948229110412 0.618391832263626
0.7301668819557902 0.6990675896875964 0.6537862522334803 0.6283452728665855 0.5924633075930997 0.6205543907057561 0.6084704182311796 0.6099639939047972 0.607670292543867 0.631481919877759 0.6798874549348333 0.6647817240351996 0.6773785173624034 0.7116091966034356 0.6945644360971328 0.7249672262704602 0.7171241232999747 0.7269645089495058 0.687315978610577 0.6980424666120105 0.7115471190944014 0.7016558882423962 0.6977771437994089 0.6902872662808189 0.7286181922748615 0.7572083966777766 0.8028884980857167 0.7722170541987685 0.7827521203082964 0.7731688149539471 0.7782749996267139 0.7533349346566447 0.7440881830791098 0.7222668326079938 0.7118228517704146 0.726952797815939 0.7012110618616829 0.6763158813330371 0.6719026085008131 0.6582337277088209 0.6478738093304411 0.6193739838031477 0.5736514670926943
0.7428561828173608 0.7102986541767145 0.6727259784632186 0.6426366931834223 0.6332570885584188 0.6184627180192577 0.6031243194266028 0.575374785582457 0.6195725013839222 0.6243197112608434 0.681703608156617 0.6728782196443619 0.7029997373017871 0.6732139881257994 0.7368271211966372 0.7635367088108631 0.7696063901490368 0.7448008523032746 0.7111042179264538 0.7052866575359809 0.7252077541052456 0.7421513228832528 0.6968786549134972 0.7180012106839471 0.7448886351362379 0.7353004935011097 0.7654464312234592 0.8155463891161441 0.7971751303049823 0.7587636675013474 0.7412076286646367 0.7181680007364278 0.7628677592520217 0.731202964782681 0.7215366083782818 0.7439380406141621 0.6935934180216267 0.6700068990023696 0.7039747378364778 0.7164519626210781 0.6455300194970106 0.5883201056340416 0.5909813197758697
0.7401643147015512 0.7278282016449545 0.7010559505778914 0.6259715936914583 0.6021320407160868 0.5831383303626964 0.5873080317449322 0.6150887110858471 0.6173646556624588 0.6626430413666791 0.6805158294401303 0.7015795545482287 0.7245065400024979 0.7274906416317872 0.746825018062068 0.7717953941131319 0.7768754915888944 0.7450748202862714 0.7709533318478282 0.7634132137823153 0.7523893896624426 0.740139256169881 0.742276072071751 0.7277625089413963 0.751975035427695 0.7439824365729326 0.8120466132306985 0.7767930780798298 0.7989145120805976 0.7768133989201589 0.7654454534692726 0.7695870202458401 0.7436443290949993 0.7546970636963936 0.7294165754493542 0.7467409146156178 0.7645303190752484 0.7264222699377941 0.7088968641335711 0.6699806224064386 0.6422323412914467 0.6143047329112219 0.5864147405064941
0.7208081882708003 0.7358795679211124 0.6836270480695467 0.6425884308858628 0.6403298180772724 0.6233853708884806 0.6336688436755418 0.6355135144999939 0.6361292773996126 0.7060318138049821 0.7261840851100336 0.7442646045771245 0.7167697288281164 0.724276099428069 0.7469944059068644 0.7450458593115561 0.7596649963413038 0.784018329783712 0.7836931833243358 0.7610525906723132 0.7995877329479173 0.7671519126484541 0.742291078582855 0.7241226409419252 0.7917391588319761 0.7972244052194531 0.7915694626812668 0.784092045652523 0.7857313643395385 0.7768561669935309 0.7584260952839396 0.7439631527523276 0.7874259622295104 0.7611110368301776 0.755640283066782 0.780710552738839 0.7939113305428532 0.7689166046705992 0.7413388670554933 0.7118921624242291 0.6662129195059786 0.6090256169743404 0.5707722627920746
0.7142566777238962 0.7287706758955633 0.7031066362133862 0.7028283820809573 0.6992484930816382 0.6989059925139254 0.6596656675614598 0.6804955819423577 0.6918678782864929 0.6964359810114226 0.7130150796301681 0.7225985829947994 0.7072954915090873 0.7234942047778374 0.7709013890773171 0.7766176847669911 0.8038750989736412 0.8171536796307248 0.8093075566739845 0.8374366298534277 0.8101889963900161 0.7722172113649609 0.7664557955835252 0.7480981828027874 0.8078622619584624 0.8147549023574598 0.8137114298764759 0.8018738863847821 0.7470236180683237 0.745424891847448 0.7966136899508085 0.7851168513522603 0.8244585144701421 0.819089347039012 0.8366723485611198 0.8068216658331205 0.8319758099636678 0.8201722777668577 0.7462408655940207 0.6898784708521429 0.6465960810044321 0.641864357183408 0.6191104469150799
0.6961572754266849 0.7459069158966121 0.6942259801445236 0.7170956275357312 0.7272622244111862 0.6997321295594906 0.7025547540977829 0.7133741649505196 0.7397933678242935 0.7236661217313499 0.7518426009232394 0.7313458256321396 0.70844601903047 0.7463542650406727 0.7809562385489481 0.8582725033419473 0.8553155506192222 0.8242879844089459 0.8494969398189298 0.8491272725384924 0.8533785725917983 0.8195538337102292 0.795328976308405 0.7943720062808943 0.8217980168454398 0.807759213366893 0.8175328766548463 0.753806919757928 0.7504849306758294 0.7404440528019722 0.7957278969146497 0.8384178368513183 0.8359249330260686 0.839861324117371 0.827788298304104 0.8609240103131928 0.856205409911525 0.8247283471078056 0.7800061640242856 0.7309386435601049 0.6931322242030723 0.6559855154795708 0.6088197773673923
0.7266260427989847 0.7120529258804219 0.6993240860979907 0.7092073465351841 0.6941872525102905 0.7323965255862818 0.7531838824043045 0.7593375078425613 0.7799894292225474 0.7941787743002893 0.7823019067780138 0.7261126030044908 0.742915575634869 0.791489473034183 0.8100975356449289 0.8338708794892276 0.8576116636902161 0.8426493642224786 0.8818407401498011 0.8797616679562431 0.840336157262199 0.8225590624301662 0.8094319934187412 0.7986391706898353 0.803037986951026 0.8237022032943498 0.7761297003066383 0.7751456903239917 0.7630030238798398 0.7672385637312261 0.7774133390366817 0.8015413663425703 0.7791248720369686 0.8163867643404948 0.8017321103016775 0.8090204236247897 0.8067113520545875 0.7962050401457715 0.8095031717789001 0.7923073378736881 0.7210302311796083 0.7141746131396439 0.6648246820418909
0.7385285968805084 0.7440817152889635 0.7370257798055949 0.6969229838239305 0.7481489145038884 0.7470250563056808 0.7523750138336629 0.8017049530021895 0.7931364948166945 0.7984547868966154 0.822167639691586 0.7619481496753273 0.7688804519801706 0.8468889644758971 0.8547630408812869 0.8535499931875841 0.8686858259940216 0.8920250580593911 0.8992495086802647 0.8745675170366729 0.8541064089890343 0.845113061008864 0.8445410513687093 0.8390533372299488 0.8036623703351624 0.8201872632173355 0.8111341969994561 0.8423432098763014 0.8003889281813354 0.778219758192937 0.7621009254307396 0.7610328161715987 0.7642408812315007 0.7789964779306178 0.808469926597226 0.7708980461124179 0.7921137067728653 0.8300551925636992 0.8162400847195349 0.7927498504695956 0.724690090743237 0.7425188194606956 0.7023275152570633
0.7451267131336892 0.7080309019302491 0.7237097083499299 0.7083867032559878 0.7423254696131533 0.793225072659492 0.8021727050756733 0.7958216306325879 0.8020005821482109 0.8017840066897471 0.8244453460629093 0.8341571962927697 0.8359123889679805 0.8228828845367578 0.8629321971868122 0.8452390770375533 0.8589766957011234 0.8957052315442318 0.8949104837281587 0.9179039353307905 0.9080009313192486 0.8875079413329802 0.8387191635160458 0.8402650100384745 0.8324455739588104 0.8373482240821252 0.8444129555929906 0.8764003797857346 0.8438958366897977 0.7911280725648704 0.8004953612618249 0.7695551278064534 0.8010024914601146 0.7734604725205171 0.8043295195778705 0.80617506370043 0.7993327087819612 0.8168886790403126 0.8426552586497584 0.8090758067909221 0.7618927814658714 0.7325845332479506 0.6666225648802165
0.7420124518941098 0.7127680818733736 0.7181038103172485 0.7474909327756625 0.7660701993043888 0.8309060171151157 0.8028516413712604 0.8528185073216155 0.8200397393987746 0.8391335138844662 0.8346433707384504 0.858666721466562 0.8540143546134146 0.834763169856768 0.8507344526966951 0.7969518122324533 0.8188756504503725 0.8405108889244578 0.9161509529923987 0.9456759750945424 0.9183042134951799 0.8556015263401116 0.8389115620917209 0.7935959835646371 0.8161083136757843 0.8461256437368524 0.8399929160999444 0.8906806597751142 0.8550414041239088 0.8270758338032838 0.819642882731719 0.7935428196784702 0.8186413303615264 0.7966978280909753 0.8146511164224963 0.794340431018221 0.8080729072411854 0.8529358501921555 0.8460813005097642 0.7933338678066901 0.7435899575885612 0.6708816837644507 0.6472136784025921
