Raster_benchmarking/continuous/raster-175.asc
NCOLS 100
NROWS 100
XLLCORNER 1743166.787439761
YLLCORNER 5469292.177565371
CELLSIZE 10
NODATA_VALUE -9999
[rows 76 to 94 of 100, columns 43 to 85 of 100]
0.4763380114743141 0.4612210279208746 0.452698235183148 0.4855531483662475 0.5055785073363758 0.4759231244790869 0.4267708842034126 0.42143388348717625 0.4333350038379641 0.4461266052338078 0.48099369897901845 0.5036342369175499 0.5165386983369207 0.5282126654189274 0.5353382004678724 0.5013606902903258 0.5202018984446026 0.548573759519024 0.529489310515392 0.5073357191913977 0.5282666416749491 0.5360626267465557 0.5657031139730426 0.5770829277439902 0.5517718077597904 0.536316195303348 0.5620671069661209 0.5408837731561154 0.5538101626261916 0.5305686607109662 0.5268947289360733 0.5490506199443784 0.5649398916662427 0.6325951610876238 0.6503814661815281 0.6552150673945818 0.6712765412163022 0.7208486209315673 0.7498146039853456 0.7638873867610217 0.7727246585226301 0.7507545957340772 0.7297410640181499
0.4448744714436199 0.4495231690778038 0.43750968716831573 0.4416727081572794 0.4650530881167756 0.444376549430044 0.3829657225215906 0.4173594717552185 0.3948245999938609 0.43673408283788145 0.44697866816385073 0.46384605167095944 0.5094611782346348 0.5004034732500716 0.5033253044271198 0.543017326766733 0.5568924989584803 0.5233754132423554 0.518696998272264 0.5283946751216145 0.56591608762187 0.5746481420314592 0.5648943897659516 0.5750145859798554 0.5376458692137297 0.5177562298526202 0.566853296841634 0.5525880487521858 0.5360835358523004 0.5468336269500732 0.5212569797733992 0.5811145315641284 0.6036041498702082 0.6179429443749674 0.628856643658279 0.6317380018400373 0.6771101737740619 0.7327305019957014 0.7616299898983111 0.7655292813821297 0.7931002742130909 0.7662445310379906 0.7506623147719123
0.48167445435495104 0.4515211919536949 0.41481271847471635 0.42995289060748026 0.40623399073592303 0.4190536862259913 0.39220614737028303 0.38718350153769515 0.38749739576742703 0.42422141893295323 0.46324192434562267 0.4899639805490451 0.5083646877437499 0.4855446522446614 0.5108442605911325 0.5209537104287114 0.5074964934423914 0.5254608513104724 0.4869341878821151 0.5191208349492322 0.55752530378245 0.5318996559418443 0.5277922538203345 0.5429326247210011 0.5283138530876279 0.5085838205858872 0.5319691396012883 0.5416351924692003 0.5537467474547121 0.5360991113096016 0.5451819872792723 0.5920808284662317 0.6178456471320474 0.6346275382542297 0.6652601215700167 0.6636387823338254 0.696706968498887 0.7093304335954028 0.7269581817181024 0.7588512717582403 0.7731398248879625 0.7652400626787016 0.7667117208045421
0.45688256903188723 0.4201987853208804 0.4093176764085401 0.40749281827322514 0.38337045383575724 0.38262881777351726 0.3955976522699217 0.40366390088345455 0.3977809841530383 0.43495468734913634 0.4356581188537713 0.4574598053857125 0.4874114929163414 0.477852010147831 0.4959213498997438 0.526459037240214 0.527938392408269 0.5046278604694014 0.48014061410673137 0.5190831906786577 0.5392029037351773 0.5282542252312022 0.5468992076962099 0.5306305313597502 0.5024220957683422 0.514232724669888 0.5025837331359652 0.5221818915053544 0.556800508818088 0.5498298409036791 0.54836096104582 0.5937173728786479 0.6076943859803825 0.6083889555556701 0.6638409324008594 0.6473678349612281 0.7045090871948411 0.6816369255704143 0.6839375856560577 0.7172743720717367 0.7188455396684925 0.7256213170641765 0.7222474971843469
0.44982788714663885 0.4556714999806052 0.4347728929114482 0.3857772225418376 0.41812635198794196 0.4022935374820068 0.3628984185676189 0.37122545922257627 0.4021420538741875 0.4246619299524739 0.4260515473633802 0.4707842790436782 0.4725577600514071 0.49757344020807737 0.4928818173093272 0.5220577061730755 0.5242319978599989 0.5065843155098871 0.4834404608448929 0.4588730592868424 0.5130167829310746 0.5317200137404762 0.5395298243184292 0.5203816580263722 0.49826708843461814 0.4907027381710868 0.5080963445932528 0.5415050675361894 0.528473557451155 0.5749453564727233 0.5821850564183374 0.5833506025123565 0.5599454233446948 0.5840910381199912 0.6178917906187383 0.6595825062690177 0.6817023204269574 0.6602497771130886 0.6705109889305036 0.7066452773202254 0.6873021633967471 0.6971662999101104 0.7310695589025072
0.46350926440493045 0.4167783767662349 0.4009545892520062 0.39983834951314506 0.4174642739460337 0.391768029299352 0.38164565725909 0.3971886892668147 0.39555773104958974 0.44350741332023613 0.4703755155107793 0.506940500311766 0.487863463491836 0.49594427940814984 0.5128685214927255 0.5030642858560092 0.5109517240994865 0.5080508816796774 0.4550689951331733 0.4407686703564982 0.46132289258628 0.5158189535505291 0.5139907685045885 0.5341492449445054 0.5297190584154179 0.5303028020065774 0.5262777303500967 0.5417151686671448 0.5118025817269566 0.5606257670651865 0.5887810720815481 0.5914332991750129 0.5649383296138746 0.5639892339893867 0.5851630404070671 0.5996124262708408 0.6195616272353395 0.6666802469484284 0.6796444486578513 0.6972571954051406 0.6874207975923458 0.6911535442399319 0.7478053892297823
0.43462441406801233 0.41500204535772584 0.37841124513204366 0.3818069133449683 0.36974136764999616 0.3798166026486429 0.3847248049827158 0.390451760999105 0.41156166864241545 0.45360465033470254 0.5026482705217358 0.4971713775728919 0.4888395705572069 0.47782803757732667 0.5172390278168251 0.47704102171944524 0.4971730775041078 0.498357185152368 0.4884405431626406 0.44573061485651255 0.4494700702229975 0.5091782722497513 0.4933500499741579 0.4776472295649516 0.4770487384759369 0.5128165836139941 0.5266220718098121 0.5132781958636614 0.548641974494181 0.5657190379891359 0.5792058246520109 0.5702333115504616 0.5550389574635933 0.5906116317010699 0.5936234759509751 0.5891744761583358 0.612156402491943 0.6545137493226467 0.6864610794400227 0.6711507962884182 0.6675996103096058 0.6960368875415291 0.7544989186566656
0.3974220074363329 0.4025910500392838 0.3748802911720148 0.36674197659277746 0.3682461164386699 0.4102618289291638 0.37549514207448276 0.41556294084016127 0.4883341359299365 0.5051712995155087 0.5364521421408188 0.5031994416279063 0.5048127964247253 0.48010992465894514 0.5064703604000927 0.4966271539266561 0.4635098170833064 0.4648070403717839 0.46781449496839 0.462349774147323 0.4733363242343378 0.47602449032618976 0.49288349580177765 0.47204523848827973 0.4539342459986661 0.47073509291047666 0.4800530786109393 0.5243949694935576 0.5276224834297779 0.5563247166763636 0.5740954898545124 0.5751999710591247 0.5824720406102787 0.5908006169953195 0.5927899954637491 0.6456162158742358 0.6612139218076818 0.6683867280838404 0.7269986240739027 0.688595642495052 0.6873283982826529 0.6761499894041096 0.7290487391102003
0.40592687634563285 0.4176056041497583 0.40445632190144465 0.39360430620756304 0.38822051177339323 0.417457354318598 0.43691181213974156 0.4517455155894543 0.4709620530160616 0.5291103664833036 0.5525255776579492 0.5391410752459966 0.5123912372570496 0.5186533971626041 0.48871612146725135 0.49527754055678386 0.4697996745329524 0.4954881955603312 0.47408785667887077 0.4694837775334033 0.4888633523237765 0.4996745344565727 0.468745915325545 0.47476009426589194 0.4674604166284082 0.5023187406088826 0.4910430105079185 0.5009906263372037 0.5150140474481725 0.5145123858397567 0.5069787684088367 0.562674866746966 0.5595638049090125 0.5620337786817808 0.6239036266256952 0.6549335517116728 0.6912789886576667 0.7233843550335066 0.7123147098808797 0.6960102014298238 0.6816848137486123 0.6657492694162878 0.6964966702307456
0.46584717049118113 0.4333668444824398 0.41612050461639 0.4094440778628806 0.43836481984153264 0.43521361031743405 0.41368538002363875 0.4412201570385999 0.4613048793789016 0.5060791679845207 0.5466928873470709 0.5244549064374965 0.49121938220304767 0.4916784031801218 0.4711980522281232 0.5064890004062864 0.5165860033918268 0.4828895352150151 0.4849967875214757 0.4612837772384558 0.5025155864067914 0.4917326926851601 0.4343219981355411 0.4608676581822861 0.4927977914915489 0.5057620031633652 0.4907255587103963 0.45674896658460407 0.4560245285739629 0.4956749709562748 0.46761147443212114 0.5111790053074542 0.53057369650714 0.5598855400536208 0.6093515051406896 0.6560071027973324 0.6847383559808446 0.7293022286808297 0.7412889212545325 0.7049615496885876 0.6595285022326218 0.6554780615657736 0.6903855930462769
0.4613342773765301 0.4470871464994303 0.44417649614603955 0.44072709027332563 0.4736686472129184 0.46332643990543715 0.4408722886252386 0.46588377555521515 0.49987652512923497 0.5336359456153792 0.5473514553357522 0.5240084950940945 0.5236615577262228 0.5267584974332198 0.5037090793096761 0.5089301767803087 0.5133465133602668 0.4984492556778292 0.4991653377952127 0.4904471254155004 0.501356613761577 0.44826472933206124 0.46425682917642147 0.4618580114790029 0.48514342008848044 0.47984939050865544 0.47683719821468834 0.4795559223775162 0.4820941537936142 0.4649076854276658 0.4767557397315566 0.48371929717613454 0.4893213894482878 0.5407458337005203 0.6007634968226118 0.6055894059040376 0.6566301447081396 0.6908952351108038 0.7146986000126075 0.6752665035849919 0.6648363083428304 0.68766761735383 0.7011491693030711
0.47586515857033496 0.4777626052388164 0.4708101857729835 0.4911387996114716 0.4804179612804638 0.4927007838534064 0.4680311449560476 0.5065639872989192 0.5682954278268719 0.559010878226513 0.6033133936104212 0.5449372197129981 0.5446171957664718 0.5377818804054418 0.506604794990473 0.5389273870946908 0.5401014541113588 0.4903315088290587 0.4839105213851089 0.47279983925531555 0.4661418311648925 0.4461321141201459 0.4919059505226217 0.49575333936355387 0.5104575210051555 0.49198653462224706 0.48889339491722394 0.4759055461829204 0.4933389578172887 0.47074225572526884 0.462222037839954 0.5023469133638634 0.4959866284384389 0.5166948978975833 0.5487582232020402 0.5672293728394379 0.6074200194053662 0.6386618057573982 0.6529174843213006 0.6591497728568512 0.6612901906874908 0.6762054783628809 0.7451212552672691
0.5499057159593105 0.5539476292446865 0.5387047296750671 0.5269252610094466 0.5276405705637259 0.4981169916662607 0.5117475625810602 0.5699565935482445 0.590892773371354 0.5930015754986234 0.6067947139182708 0.5875668887440536 0.5966701805212907 0.5547310400612474 0.5338513367458266 0.5302299837368589 0.5289576873024538 0.5343836171936743 0.5151463389116528 0.5146386224219018 0.5094696378909563 0.4727137670403131 0.46330949218727546 0.48084034535559067 0.5056371606392713 0.5117421097658511 0.5039669310592946 0.494688671939681 0.4541083740101719 0.44805641639271504 0.47730180002191563 0.4957486431805104 0.5140720162583268 0.5248995647494724 0.5280833029065348 0.567959869456138 0.616907630606307 0.59930527654228 0.6203413843990786 0.6530278353740658 0.673218451668476 0.677393066288991 0.698702820182408
0.5989049652841928 0.6120877073700214 0.6012923164057118 0.5534295130499879 0.5247801861588878 0.551328533958667 0.5188218312279982 0.5705194203542129 0.6278794528975503 0.6399184192764005 0.6440051340237177 0.631022083511996 0.6298582836277634 0.5765075556474847 0.559999688585098 0.551399988429814 0.5235129598118967 0.5072534231690295 0.4955674265738805 0.5311104341132765 0.5302871496488926 0.4990393406297231 0.47833545994169896 0.5128903898709828 0.5293241836035993 0.5351481834971653 0.5391202235982853 0.5133489035985959 0.46475151169249374 0.459424544228799 0.42543028113947995 0.48650556460985167 0.5075846577378758 0.486764753193184 0.5084798806727948 0.5420447850135108 0.6026300454169818 0.6300717424209592 0.615992283341226 0.6257912590402597 0.6633693373957871 0.6669169445070504 0.6888288245087517
0.6225958706662519 0.6213021522383979 0.6220440508704324 0.5762840553460117 0.544966262837259 0.5722450543556173 0.5541955947737272 0.5790687890805819 0.6056024921202535 0.6421657768524449 0.6518616876381795 0.6670686640962149 0.6272762277376708 0.6024323441431102 0.6144245387975836 0.5984097178955684 0.5572852456952493 0.5390989756026499 0.5128985379993752 0.5582157987572258 0.578773116869831 0.5508599983447205 0.5648561841970031 0.5534343185223494 0.5459835916277606 0.5288053665553273 0.5543713727212917 0.5198580757689801 0.49972131559134864 0.4880028825200851 0.4896019658684064 0.5066024340990681 0.5033177937470972 0.5020133616668426 0.5492112198145654 0.5576883424604938 0.6057387876893013 0.6126889172451582 0.6652635229523343 0.6639889922659917 0.7013365424560083 0.7093980232650339 0.7126622624365165
0.6503599068125524 0.6407347345286368 0.6375976206756246 0.5764918199049188 0.5539271652076769 0.5856742499886773 0.6069157892819872 0.6192548408280635 0.6464338013173224 0.6493823544582061 0.6453940052644456 0.6729334614519364 0.6795850140514951 0.662765237596087 0.6253639927555081 0.5860037188672639 0.5873140189824949 0.5883847261418549 0.5527458464366936 0.5534336191030267 0.5808513410566943 0.5888770250671935 0.598686148870194 0.5926600298633421 0.5484444713438823 0.564296039150445 0.5501171715677245 0.5123314486658017 0.49135855849126264 0.5030604780841694 0.48065366193645226 0.5086496062964322 0.5107115651070777 0.5260756395310768 0.5512614050185702 0.551964503193229 0.5829899496952559 0.6425593590113213 0.6660486239460802 0.6489200351471556 0.6936446618781362 0.6971593319873878 0.756932086147092
0.629980416006539 0.6340766713354824 0.6277613162216085 0.6033930084725391 0.6225226813076089 0.6277280099877833 0.6564489248631521 0.6504698289583164 0.628108980154427 0.6340414559997651 0.6403819760724576 0.6727844073667375 0.6859121463818986 0.6988452079561286 0.6618549281683559 0.6323732646564254 0.6332007172032472 0.5886966435206875 0.5798094882781832 0.6030572054614562 0.5843581298429165 0.6072328720294092 0.6259185376553588 0.5747524350463434 0.5994797621763643 0.5784697565840077 0.5275406467184597 0.5124441581461445 0.5269389076665022 0.4845780222505177 0.47420738982569 0.48686634997176564 0.48967442871883765 0.4827732302890184 0.5370698278676522 0.5588175809135888 0.5605569682692008 0.6258693402205253 0.649733287211196 0.6572495716343842 0.7036197793982745 0.711550657325728 0.746498921437058
0.6434467781900584 0.6285590008586571 0.5915795330965543 0.6165927915554171 0.60435777626758 0.6494001321399147 0.6766155680847308 0.6520080383702107 0.6593122922562064 0.6324120073571998 0.6119481681845556 0.6429370581476057 0.679538702723636 0.7050738328009365 0.7345324473306981 0.666287342568559 0.623044913566633 0.5920275347972443 0.5818331025256969 0.6040384599513202 0.637817610557262 0.6316379804909806 0.621998315539776 0.6056369156014072 0.5955364470945521 0.5888125258356953 0.5382177170609479 0.5517179203056878 0.5314125016742899 0.5027908039567518 0.45494426714233765 0.46908720085584144 0.47350989305942737 0.47015628462384573 0.4926146836688097 0.5342884237181754 0.5636942740405355 0.5979467830331988 0.643374667881673 0.6643411678221111 0.665096154305893 0.6885090922483156 0.739513695484651
0.5948857611977366 0.5835537614003803 0.5742588975999031 0.5843969452223482 0.6292549669679925 0.6524725775050851 0.6354889287223128 0.6599784291321835 0.6463320408187413 0.6457866218798822 0.6228318748315034 0.6216816653056196 0.6548945589467284 0.6642746176244272 0.6860875102352821 0.6906251836340472 0.6495367390062647 0.6365508845100737 0.6237179250663605 0.6240643711758918 0.5984065187762679 0.6110272627894229 0.6034486388881506 0.6085376846917132 0.5809535844192599 0.5939696378263698 0.5719699481928471 0.5359685330906176 0.4978712312935762 0.5041961071096722 0.5039468817428677 0.4767480876678065 0.45269279510722715 0.4755967925833071 0.5342378283784249 0.5608891281023624 0.5597479279488676 0.5867966430430849 0.6379124670709837 0.6779131703523812 0.6662423358747055 0.6835797561298499 0.7473324193913378
