Raster_benchmarking/continuous/raster-117.asc
NCOLS 100
NROWS 100
XLLCORNER 1743168.0619868014
YLLCORNER 5469287.118335888
CELLSIZE 10
NODATA_VALUE -9999
[rows 19 to 37 of 100, columns 43 to 85 of 100]
0.43960159816081973 0.44031891270461493 0.4385806280980762 0.47190699961310656 0.4901289667542103 0.4836645178018441 0.4773241264386199 0.464946206717665 0.47504803874949453 0.45412670539224376 0.44242703135481903 0.4075859519929134 0.3949184661626081 0.35786843755739256 0.3544347615142015 0.35665619066685283 0.34936747752497405 0.3555041273843631 0.34917660760135333 0.3408940520850994 0.3387776025769444 0.34637940280811685 0.3840447782897553 0.39194165204386955 0.3962702937078773 0.40102218657375566 0.41872955201775636 0.4138074381968664 0.42542019309219653 0.4170676746761045 0.4366139061210588 0.43327281958255864 0.40637907814916746 0.41520441890803345 0.40460347889692255 0.40818783199844294 0.3571829292997026 0.3463007790469798 0.3081676488570621 0.2924508402077323 0.2797367968584668 0.2810441884151547 0.2671892799678468
0.428324373065326 0.4319723451956148 0.4582356596891042 0.45602219296338203 0.4915126366043386 0.4860254021146636 0.4538750430401715 0.4213436901940575 0.4261568413126074 0.416635165625789 0.3896159180403261 0.40118651300589386 0.3901533348928276 0.3905157033026545 0.36799273043840275 0.3552750864138517 0.3468183641228658 0.358817386791296 0.3481009380614308 0.345208328920649 0.29872323001138773 0.3161362219796566 0.36318955370395695 0.374152033280996 0.36603216574285524 0.388386099854637 0.4403404021999243 0.43421430029859553 0.3919677041934687 0.41765520382989907 0.43338249992564665 0.4150583139077063 0.4177171230543638 0.39938919188660943 0.40398763649836666 0.3986089448065765 0.37713703282670547 0.3609163375617786 0.292612706157174 0.26495248927322607 0.25873570369001475 0.25046825000130707 0.2410872816955946
0.4183500139007626 0.4221507127424807 0.46105053281440567 0.47432912401249816 0.48556376071756785 0.4609782661520227 0.4740519671933626 0.42612079245356427 0.39779489192289746 0.4013892973488369 0.3918135537440931 0.4061173528776444 0.4057178839582094 0.3809039316811935 0.3536214622411631 0.37808608595677423 0.36526318491215354 0.3559371895033335 0.36495371290313344 0.3297283615280015 0.3255615517973606 0.32482461671525936 0.3454154586534601 0.35927974579698213 0.38790868545677304 0.3902369930774649 0.4010590897158739 0.43220457732715256 0.4041873533743847 0.4265206244623799 0.44182012086749006 0.4423919379439809 0.4292196934610769 0.4304300120439442 0.39123963753782726 0.3852353795407121 0.38805765661994884 0.3465101276823753 0.32568788628419826 0.29667412146344635 0.3083060014419299 0.27826516977306676 0.278054544202641
0.41096592885484856 0.4348338305393609 0.4332608132240877 0.43018467419762363 0.4575072952951333 0.4747763521763481 0.47119421413890644 0.40521143945353116 0.39954809589773227 0.3846494088541045 0.4119192273636283 0.40981750748001455 0.37836986342522655 0.38335163706625297 0.37362156949549813 0.3582886038775376 0.3465707578821022 0.33540500664548367 0.3451852630714185 0.3493141371756228 0.3128974397221042 0.3217143450539974 0.3702364146295655 0.364104112579201 0.3738353024625121 0.405486719697544 0.4220077037170823 0.44320037450759875 0.4156020520672361 0.42184978959725206 0.4582742662029427 0.44572798785103573 0.44539318435730124 0.43778890063245246 0.4023562246651006 0.39849987190405123 0.3909290321770592 0.38350390288078334 0.35289623356585054 0.3270218107190277 0.31811627117625324 0.29475172166058095 0.28131324469903324
0.4302733897874845 0.43338489205712943 0.4506882385851743 0.4393347015951669 0.451821079682033 0.4648949122088687 0.45206962961904534 0.40852669451953305 0.40255273423519816 0.4093758221358019 0.41480921566977075 0.36723320104280277 0.36888827766096716 0.36093305523511765 0.35454570827321424 0.3622426156196988 0.34660341323883925 0.355539744141629 0.3588587780200659 0.3563483972441002 0.34812115845602626 0.3554828488198252 0.3521117628291517 0.3836591138520595 0.3915025247425746 0.41032286874395685 0.43201972059415433 0.4756420003907267 0.49060804836338817 0.4704147367379016 0.4761714998336558 0.4586081291345299 0.4672883973327469 0.44580472393932596 0.4063339161713426 0.3955811501036873 0.4100109196802964 0.3655574619328342 0.34846991001859395 0.3399674874598438 0.3269036457643046 0.29630968541107 0.28652154643545447
0.4352941488830982 0.41588725736108156 0.4428554658631139 0.4705833279013657 0.4491693239354484 0.44397413895848864 0.4454602627185919 0.4076841767789032 0.3856872528785968 0.3975033104858472 0.4098314474447927 0.3952513563054196 0.3496121057366684 0.3561744306040201 0.37980927125748337 0.3758180029542823 0.38356129237552977 0.3698071504580711 0.34982328677199753 0.37031866295841914 0.36391035900312435 0.3951106138903291 0.3815959286845972 0.4151563483921382 0.44153005740983703 0.45220881921672873 0.48936864412730163 0.49283337776527864 0.5151257399117716 0.5103318127003181 0.501411880624846 0.4848906679432148 0.44567206088293054 0.4505585363064472 0.4243659707078205 0.41470277125307475 0.43457274712287025 0.384506362178772 0.35981923688395145 0.35858247071462407 0.31824151009650364 0.3172043774511333 0.351268879284762
0.42613802000555595 0.4349263693417281 0.46182078079992717 0.4661101626729053 0.4463660638108069 0.45324786574812775 0.42565109438407167 0.4230518641244321 0.4042983900737493 0.39189162830680135 0.38892660291609965 0.3774416618822118 0.3569374049666871 0.36916054946099125 0.3958773344833354 0.3622426795269906 0.3713939594926339 0.36103880108684117 0.3617990773058562 0.3851475039000346 0.3753071477137916 0.39566715041113565 0.40539389497472345 0.4329337602336414 0.4480598386153398 0.455810257378906 0.48017447375761785 0.4923259930945597 0.4988793367704934 0.4961924458857761 0.49933207897334786 0.49063540088249014 0.49042905447091983 0.4771259522002244 0.44946145123930265 0.4576467841327819 0.4622900358394167 0.4343866811731425 0.42475218219819166 0.3855314326802031 0.386660706316836 0.3740676599164539 0.36802011465932777
0.4653788157848851 0.4394095141826507 0.45092240875571926 0.4444518737458229 0.4626855889792163 0.44260164440344485 0.4526740838327235 0.4225112301460537 0.43692702304808945 0.38474274024830213 0.3643140692768094 0.36806141048925356 0.3991006906657631 0.4154036020780968 0.397959170041407 0.3663257623931385 0.3630508300974002 0.38497910191648155 0.38291030212497085 0.4144192740966837 0.4032288114314409 0.4195316170059156 0.4285943932248737 0.467364270940466 0.4767077969008814 0.49409179772295236 0.4763979379717413 0.47095897480543747 0.47255154253580656 0.49354577424162827 0.4930281886362222 0.5131192446096446 0.4939943074122364 0.4908189515766217 0.47476455054144023 0.44882890126201 0.4438404455939733 0.4669881781634909 0.44921216506472295 0.42254842149806404 0.41305494513600066 0.38762221707655103 0.3708787677435361
0.4703908421174313 0.47504812905878224 0.4596103253114196 0.45629533195466654 0.4317589722936865 0.4417675427556626 0.43636846919320316 0.42950776696044635 0.4024005569625252 0.4138753505685862 0.403215247423931 0.4061149949964585 0.39982151089991586 0.412643698025809 0.411852975601786 0.3843871706397545 0.40404112850220475 0.4183997137977864 0.43559025008581115 0.4425541652756487 0.45784189633562244 0.4530314304172673 0.4625389066817986 0.4677546274533567 0.5076443462570186 0.4926917310218892 0.4855463245394563 0.5235837192530024 0.49431591992142815 0.509074161305657 0.5200437241874725 0.5237180912777675 0.517881651997933 0.4912067927239674 0.5029097863488345 0.4792314002929629 0.4509145777466873 0.46591826440604767 0.46137802570488823 0.4399522695649111 0.4148099031352843 0.39793085437121234 0.36515589956440897
0.4790127239311864 0.4746227695970714 0.44953265331078485 0.46486572796329495 0.4377981173837634 0.46139340183930866 0.4451446376049397 0.4245092479400209 0.3998618795053952 0.4006456502636271 0.373403642954236 0.3803108826978613 0.4010159383046263 0.40616298169133147 0.409095515828343 0.4045025531966957 0.4293667791195538 0.42283979205764527 0.4374014549272934 0.44323778848506934 0.46392065878428157 0.46545453634856704 0.45494753278587574 0.47408978264674545 0.5208347538616643 0.5078324028827208 0.5226876316660087 0.5211371312839347 0.551298768340479 0.5589401345075636 0.5576070956946632 0.526166526890095 0.5080157279038124 0.4853277174061769 0.5059388026143663 0.5071597042032365 0.48987924721240306 0.4925040057883093 0.4792648448177364 0.45111531382694564 0.45018516228312444 0.39096026992704014 0.3674860434793712
0.45066338252159194 0.4422796990704388 0.44238143004775127 0.4751634641550658 0.4552628316361385 0.4646382465049537 0.41378555808741 0.39560570619682234 0.3825769518523724 0.3939163477907621 0.38660272630439285 0.39827057988135384 0.40126246836399276 0.4196918154167375 0.4324344007538342 0.420710292111278 0.44459711165558335 0.4575939410573386 0.4614155183955016 0.4553248008887647 0.46232690995551856 0.49872408121127826 0.4737433358290532 0.49984482256576135 0.5193622845280723 0.5281735148039569 0.5369255800697194 0.5563610906414671 0.5389627411066502 0.5567775408037191 0.5509722755950038 0.519460338500133 0.5077285644625439 0.48911818904805415 0.4817176481890241 0.5132938956606203 0.49014478837185554 0.4938250822601976 0.479817406847994 0.49340973560252976 0.45409122915855366 0.4133824168974041 0.40427717845336236
0.4433149880580415 0.46453817380270757 0.4798063941257501 0.49473900460460213 0.47808431102150883 0.44535751821421554 0.4270611005986908 0.4119800024390551 0.39378658426958557 0.38862587557719985 0.3908236693704738 0.3929237867603355 0.4139811975526795 0.4170668931761622 0.41155903399057203 0.43664645999484897 0.4409164397598885 0.42610941142950004 0.4360053245379809 0.4580157673488702 0.49382057333240176 0.476162473299475 0.5210060200219451 0.5292286600642485 0.5523295721223433 0.5632120650075504 0.5732362395916505 0.5732256132302734 0.5701178522131722 0.5586967569735878 0.5451741994666258 0.526521045986763 0.4857880977607193 0.4908718243326003 0.4886011130876731 0.5036346653008843 0.48858424688219804 0.49864499694856956 0.5067786168073994 0.4926463615496949 0.4804163472087682 0.4264529031955376 0.41576536742505615
0.44968916443465795 0.4311893514427166 0.461623330227817 0.48413292881213005 0.452754903600546 0.4403886175093285 0.434440787682223 0.408565658696513 0.39525225139512665 0.3980167259458426 0.4046131214726774 0.4120100213829994 0.4363097159223929 0.41802756688499676 0.4018532578318122 0.431270368169718 0.4189439253766158 0.4140604218888022 0.4404019119155198 0.46419798729331047 0.4804907990418704 0.47419674646544974 0.5034397050084551 0.5190272004170292 0.567220223194429 0.555289184816495 0.5394725082073012 0.5486594568584053 0.5395816777788467 0.5225061686952538 0.5145393608600318 0.5082245107139853 0.48700815660310315 0.48535728087957014 0.5079293688541788 0.524607194481933 0.5018981981853503 0.5042756879934669 0.5084715189514479 0.4939917792449821 0.46798741412930633 0.4425164415061945 0.4031023831903381
0.42299223320124385 0.4301340458869379 0.42820509675960045 0.45221348345533097 0.47838727486072014 0.4460844796299178 0.44824142088546415 0.4226198072179717 0.43587640543677114 0.44098377957837326 0.42536627330172627 0.40597762900797485 0.4153949367899807 0.42641474528013185 0.4130014225092483 0.39744026677744554 0.3909770657359148 0.4222610741502113 0.4106956771319299 0.46943249161397893 0.46856414278135183 0.4688559105833535 0.4927885984369636 0.5294559208604289 0.5551911819153026 0.5291096892490149 0.5240827950926993 0.545776967212785 0.5308196208505086 0.5362622752036134 0.5054114662363796 0.4973699590183027 0.4817093746204636 0.5242819870053302 0.515193628657208 0.5156572126896412 0.5273943441157443 0.5125579375921511 0.5231337816526872 0.48759705929158786 0.47379993257738945 0.45682582292732493 0.3976551441719357
0.40241221286559214 0.4054218798191495 0.42165877425138487 0.4162083504360011 0.4140828221072864 0.4399283697472266 0.4218735971629723 0.44972288444492614 0.43778486111550985 0.4268664474787127 0.38426319786428204 0.4010293087381772 0.3919255317803288 0.39913507195333614 0.38694593830373186 0.3962611897941478 0.39196167638020585 0.4319266818987163 0.44316517402291083 0.4700165291093245 0.500066008899256 0.5213460524742073 0.5242150379917542 0.5301691785112695 0.5176108521225079 0.5156827784192294 0.5018914546998636 0.5343891914534118 0.5344307592146473 0.5309271859282214 0.5393425336609093 0.53847061016825 0.5117125520688206 0.5356220068342764 0.5292777080565025 0.5257891746547901 0.5428641622374342 0.5388691982472525 0.5062217285148126 0.500148076074432 0.46425946213530583 0.4396026922775097 0.41548087360958486
0.36316487900091016 0.38839355087211724 0.4340087606670521 0.39935317258051933 0.39459720696922357 0.3910898704548025 0.40587950582348903 0.41374625061679193 0.42546210166095116 0.4103886524982222 0.3656708176377484 0.3757794969592065 0.3756279460937705 0.4078130202243585 0.4002679040749383 0.40494380070078523 0.40769050316272176 0.4286981626994481 0.4698710134724668 0.49975010820262805 0.5142744664947176 0.49745045528907844 0.5305287758712824 0.5073230269796892 0.5294539748043274 0.5243461141791358 0.5124267406612123 0.5134573745536951 0.5384707039075002 0.5303097639851874 0.5474567215552026 0.5402713059846416 0.5612974549277814 0.5592906766438306 0.5432313801459129 0.5198806689920988 0.5108724757549533 0.5232030687233403 0.5236648410015782 0.5015068822327904 0.5137359978629997 0.4810206587761618 0.4557706268350133
0.3871829348922195 0.37457897899222464 0.4038255774386737 0.3813977345692342 0.37735108891625063 0.3696715048261529 0.4054081343930998 0.39358314044035625 0.4110448009662896 0.38099978874356977 0.3413582338334482 0.3443974612133098 0.37029235621525214 0.3855789678456457 0.3937042931715912 0.39428388332971787 0.39850613940317386 0.4473724631770084 0.45327845956465607 0.4755422093641737 0.48719293275374775 0.4824125389599469 0.47501967889970026 0.4771819387113602 0.48728644440287244 0.4845381729397313 0.5076708071170042 0.5375884927344324 0.5337674440534594 0.559571988707745 0.5704574109605005 0.5505644874263653 0.5536243426650677 0.5604397045098195 0.5358852881771873 0.5136384357773633 0.5155276274006282 0.5061282836257732 0.5124511877474969 0.5227995500091981 0.4975345169858289 0.49062442306466514 0.43100144539564483
0.3602653100292344 0.36884052864846784 0.3875813294217659 0.3651616707016314 0.37297932926893906 0.36343508677291536 0.3813145974372331 0.39122175591932 0.37076395170245563 0.3535737322737025 0.34876509096621455 0.35495726413342543 0.35117416948269503 0.3889355732830721 0.3703734672294525 0.366411662725892 0.3803888841051861 0.44490826915193493 0.463551705951768 0.4654052774869935 0.5092949555450857 0.4968303917870812 0.4549453911917882 0.4482367034731681 0.4463934537697407 0.478805341374783 0.5009941094048839 0.520420408801343 0.5314124815034641 0.5189247141745544 0.5427522492599189 0.5598605381179574 0.5549893049409509 0.5209630531387774 0.522192825129077 0.504749459111044 0.5282284608179247 0.5238482433134681 0.499863114413519 0.48981088652796706 0.5034125396607991 0.4590518456130181 0.43355243290306134
0.32585329246862316 0.33781594056992914 0.36112348251998694 0.3723615253600848 0.3689728849257194 0.36565547784590613 0.361810922486454 0.35489472323419374 0.37397090818276973 0.34404047714249175 0.3555535758329523 0.3351647980046718 0.37231701963590313 0.3752341488975009 0.3643590640639226 0.3562127185477011 0.3835781032560708 0.41694605008669006 0.43828603345169775 0.45581847658848806 0.4746294792124807 0.4564428832062115 0.4355424267888858 0.4546977289200007 0.46103870783189566 0.4824582295707928 0.4804168208933172 0.4841737969809337 0.47012925290174207 0.49207404258958476 0.5238259624164318 0.518498391237284 0.5482286540326666 0.5258750134754698 0.5456996137027147 0.5167558229335523 0.4944475878444537 0.497308903623726 0.5225412787983605 0.48962898513351133 0.5012862689118595 0.46204890622194456 0.43287659635315984
