Raster_benchmarking/continuous/raster-253.asc
NCOLS 100
NROWS 100
XLLCORNER 1743158.0697410873
YLLCORNER 5469284.340311062
CELLSIZE 10
NODATA_VALUE -9999
[rows 57 to 75 of 100, columns 43 to 85 of 100]
0.6309856906827735 0.6258394198344076 0.588006346462925 0.6233566800988047 0.6336279418029761 0.6242105961934666 0.6304576488372587 0.63436711121787 0.6548448436270864 0.6197328013068214 0.5801444627568023 0.6131158114041042 0.6291697496713247 0.6846474185764018 0.7027066921531934 0.7475929374267775 0.7413721266244219 0.7485824491625674 0.7721337566224271 0.7611507497033242 0.7728540951373906 0.8335563899577845 0.8297266035389422 0.8151132080455873 0.8298622989935865 0.8071913714743021 0.8307995834302739 0.8409658907969659 0.8113653743418443 0.7948744357981776 0.8137394034176894 0.7982915535325898 0.7881505794790294 0.7550659860882899 0.7645143023231509 0.7417482498209852 0.6774400736842809 0.6580480059659191 0.6357506706811964 0.6207860421828625 0.5753503289111821 0.5759569446951877 0.5562521951566725
0.5663756169563213 0.5762464654451855 0.5608459743488695 0.5959391189685408 0.5757346497450284 0.6037708686815335 0.6093195251924836 0.5986486825366508 0.6213664890635064 0.6003370512291586 0.6134117450652432 0.6292713888722384 0.631975891960504 0.6598224734114897 0.6805830670194539 0.6923871472561026 0.7126339227645404 0.7437056870053803 0.7843457711200891 0.8105739404323763 0.7862416806109147 0.8108295278661095 0.8745824094961162 0.871657885185707 0.8698262150569018 0.8203174987205463 0.7875168167343028 0.8199739086435617 0.8127689317606436 0.8042651371482689 0.8128695856916022 0.7741087315846683 0.7797196869788562 0.7866108975915446 0.7364892690329072 0.7179774726014995 0.6623005599056744 0.6711190029018026 0.6438360659782315 0.6102818365555438 0.56036373837895 0.552628279171544 0.5514316455592907
0.5684036896546107 0.5856487908325942 0.5597381420897173 0.5441071123259489 0.5668003435666529 0.573097052554335 0.5783826439211003 0.5882578020786242 0.5684838489392234 0.5729130720724412 0.5729336043298645 0.6390918025750498 0.6393412766896867 0.6750613774272141 0.6863060155837214 0.719670668249349 0.7360571853022808 0.7436936958935864 0.7663039871112078 0.7933321084571414 0.8544283724817497 0.8303257494132006 0.8863770368429152 0.8724051221287586 0.8799612257041516 0.8175180713843762 0.7738923976804235 0.8099682723018031 0.7900996905529568 0.7726155209388869 0.7953302717038065 0.7738825831815284 0.7512783000052037 0.7730294374985097 0.7728327091334836 0.7230758964536566 0.6785593476448536 0.6443316175181597 0.6332480362616215 0.6089769686809023 0.5584118210279081 0.5405524842269109 0.5671809825879229
0.515578633363847 0.5653711869959918 0.5345762517222971 0.5375121573749455 0.5592335383744587 0.5774431947400248 0.6070340265646428 0.5795575856125911 0.5731011635786573 0.5918758912246262 0.5960369063074394 0.6452161197375392 0.6629283326027311 0.6663893718220684 0.6881693058507725 0.7120448823681417 0.6926895540795858 0.7315913128112882 0.773261942843544 0.7826239953669518 0.8320969013443468 0.8398814150476555 0.8556085741078511 0.8802432613112012 0.8954480111070247 0.8529772901764516 0.8036722130306189 0.7767095429550478 0.8087764254426747 0.7958595482153225 0.7723397499108701 0.7644142774413051 0.7755778628294739 0.7566054194098836 0.7735935813821404 0.7092213034123053 0.6755392235772865 0.6550818692587342 0.6559305321825785 0.6293225093884954 0.5908621440277695 0.5563043594641328 0.5529807704833563
0.5017269685202178 0.5264184506285372 0.5332555290740814 0.5257113239039064 0.521739881930033 0.5794289428604867 0.6008456004407172 0.6035229246099149 0.6161239184620806 0.6314187889092439 0.6284562709795665 0.622311811843459 0.6514503292299962 0.6757788691431487 0.6569870377907188 0.6686629183106423 0.6935054112305147 0.7120408772395567 0.767409622398314 0.8294837274928532 0.8459890984041725 0.8683143950571474 0.8494708364595775 0.892418593700112 0.8709676398172372 0.8463517813147151 0.7922700798828576 0.7926421352573781 0.8091499600965238 0.809916539582966 0.7745916874790406 0.7842263117476984 0.7862592194524672 0.795258584591503 0.7551426180093044 0.704799188674574 0.6947940977990794 0.6757442037010233 0.6725899640294332 0.649519959804367 0.6104105185415739 0.5538595137592814 0.5406576874276711
0.4982262929396031 0.5245140121902487 0.5382361535283787 0.5368213345075927 0.5221024642121818 0.5569822077947834 0.5576331286668016 0.600686333550785 0.6299378359557594 0.6564672498099763 0.6852330861921889 0.6590030611265811 0.6843366883188738 0.6772748789346783 0.6736757359498471 0.696621049017009 0.6966255955729602 0.7183030233364347 0.7778116792719191 0.825732800983868 0.8738274368894133 0.858943011593931 0.9020919196088715 0.8922410603289985 0.874556825382584 0.8517731799170564 0.8283579977340997 0.8031129286750641 0.8189123120617835 0.8097040250186556 0.8273201858999326 0.7878092945909281 0.7673541789914292 0.7784268583592578 0.7765309427407555 0.7332464555414955 0.7101513540410842 0.6989992472618861 0.7098528620569311 0.6806870345655728 0.6204314722552177 0.5924596325880213 0.5288461346853226
0.5024572292059093 0.5097411796849131 0.5209017112986573 0.5452769761960753 0.5607654717373652 0.5624029541094988 0.5639219217315323 0.6220425865129903 0.6527357659477264 0.6557213467881517 0.7112699817166437 0.7287982708022207 0.7248319222668352 0.7026465153061887 0.6727460169625143 0.7228025541105646 0.704686910531081 0.7597642277638283 0.7753873432788452 0.8445195667379293 0.8661824748734649 0.8753255355973675 0.9064583388402694 0.8881208782534228 0.9008578103746936 0.8279757569623195 0.7918424587639792 0.8006633255400974 0.8178756969809724 0.8414624565288016 0.8414897118016484 0.807599409539974 0.7824195834351807 0.7772932372463106 0.7979239151066954 0.7658054715213691 0.7722315179454221 0.7627638240613295 0.7330408888533093 0.6950478769559194 0.6823366807838673 0.6224782217462157 0.5203295057748533
0.4934525902463159 0.5534577998197334 0.5611985293698295 0.6039635621328452 0.6210846172783092 0.5775700808682799 0.6316856121554075 0.6461182264313571 0.6605412682027557 0.6774682712837603 0.6841597463684422 0.739129182461544 0.712571448813863 0.7302918602381355 0.726615032254462 0.7383699382232548 0.7573853856277216 0.7925889288727163 0.788042802530906 0.8103160118138678 0.8506600688163515 0.8594877673837192 0.8986219184528521 0.9073127131399888 0.8861912534465827 0.8573068662272375 0.8373865089094512 0.8682245935751521 0.8619346213248372 0.8556786392021162 0.8080276587014238 0.7725717818461424 0.7994022239794694 0.7876175202001171 0.7791272398791075 0.7547615396891365 0.7672708737386847 0.7687579599823625 0.7454119808412905 0.7443166752219226 0.6873360248094756 0.6551476932171196 0.56747846937728
0.4958909726859462 0.5627148818888235 0.5909085161019282 0.6297893582479923 0.6423322309722971 0.6397031021388868 0.6431342303165992 0.6345504727952364 0.632836888171712 0.6509801898331207 0.6938251554880761 0.7267030923509227 0.7277646260600157 0.7059201489256846 0.7100692995500862 0.7381019027216833 0.8045072341495954 0.8225394834533111 0.8263933690030482 0.8312108708578442 0.8589282991572774 0.8505418215740518 0.8453692999058449 0.8944658405582766 0.8731294277337815 0.8875909884406932 0.8955030087038592 0.8692328412814634 0.8720675391834275 0.8183720740720243 0.7865288010845121 0.7920235437921543 0.7656184647417418 0.7425802653710971 0.7419855976472852 0.7566204348969149 0.773989006005553 0.7623322642736583 0.7690361676068905 0.7119676898775689 0.690889977765286 0.6400290823111846 0.6277119377117276
0.49919749579950046 0.5480603721245061 0.6251984394752531 0.6219726368057333 0.6173468737838781 0.6549846190562626 0.6733605889772044 0.6557384906075157 0.6521416434258726 0.6866656103121291 0.7027390401950654 0.697456191023196 0.7325765600157088 0.7128414096357707 0.7559089695627067 0.7750846620935671 0.7978482439373953 0.8424407607181457 0.8702238071945925 0.8771176373506216 0.8811366694777738 0.8871343059126976 0.8925934061128392 0.8512250796816966 0.846758507446947 0.8661494140361927 0.8603371445477606 0.867120979147414 0.8294483942384749 0.8054048032007789 0.7999357277788566 0.7624878077481332 0.7458310604463071 0.7247740898893273 0.7579930446325043 0.7557439466342141 0.759594270795449 0.7511805189266343 0.7398516916888913 0.7159871869531059 0.6909279241551387 0.6804318744104498 0.6311697060275829
0.49691347000170233 0.5859613108760569 0.6493552786166782 0.625913392442623 0.6215926940922957 0.6504700984837499 0.7092409421683574 0.6705188742851546 0.6941406417929776 0.6789965779013928 0.652156501622754 0.6873606507328486 0.7396420459616411 0.7327649420114304 0.7483669580857044 0.7995291131788145 0.8251265740208468 0.8373805393194588 0.8783649357720592 0.8980559285072294 0.8966932669589861 0.8898844971817166 0.8870539291050892 0.849382201925792 0.8347303357112195 0.8705321611813578 0.8908235240225237 0.8807874199057849 0.8600801502250148 0.7975657540656182 0.785863967050919 0.7694151799953333 0.7355990278284071 0.7502138133033462 0.7440472374880528 0.7358104856394008 0.7187766805855059 0.7338153992541291 0.7216668256060602 0.7123213289337705 0.6643375935683089 0.6502479076167854 0.6415216845930459
0.5398005671486961 0.5854847166190222 0.6084390002455263 0.6323631437936381 0.6642480183840497 0.662828746995746 0.6845243430557468 0.6980054735518253 0.6628558864793832 0.6438409146476103 0.6897331816935338 0.7003314868110819 0.7348200496752462 0.7200172905451421 0.7641798937428254 0.7618257134013848 0.807678071575729 0.8273553082393823 0.8620231817561702 0.8883040526843834 0.8750619814363353 0.8771026104562333 0.8946314707492762 0.8490454629975528 0.843317156910687 0.8450126666115502 0.8876568497052031 0.8757360847819834 0.8459607442587184 0.8161368811873239 0.7652482607903105 0.7527964344365095 0.7233911626562157 0.7242194016961356 0.7194630185163357 0.7308433340085768 0.7289909380294702 0.707212448075727 0.6784662456514828 0.7091303703520477 0.6807017678457623 0.6651901770929393 0.6611497160499052
0.5062638376769637 0.5637145191802876 0.5923216455490673 0.6184382281535139 0.6438352357620548 0.6654538756310276 0.6380709081607513 0.6385923288403784 0.6614877167631528 0.6666432339429545 0.6659216249481188 0.6659721877902337 0.6822882023873059 0.7403288741860481 0.739974130300714 0.7837297202298261 0.8314016771398346 0.8199867223126066 0.8732577367894083 0.8503050371381351 0.8866853472775171 0.8949881746009349 0.868967844399596 0.8605555922817566 0.8549719107952046 0.8765763785078088 0.860991546508419 0.8463848101696645 0.841226680040812 0.8183735727076589 0.7796979883820435 0.7661106969693545 0.7624388248335222 0.7732904432984916 0.7543937524177751 0.7245142621445383 0.6811830596871477 0.7026840652480519 0.6619302147863236 0.6989998017601576 0.6837830146301597 0.6637026532505521 0.689159065951884
0.5242259913255015 0.5612481257661046 0.567548254890177 0.6171584361857524 0.6145605067640827 0.6367520218268082 0.656164053402584 0.6433105170115438 0.6387330966513407 0.6616473702024229 0.6400370886763846 0.6886026950656715 0.6679676977711869 0.7190588723926677 0.7291435177456514 0.7532866234884812 0.7924457932236842 0.8374809863114436 0.8275315219608291 0.836327035643999 0.8810349833256184 0.849625560434617 0.8541057966246484 0.8574448026765081 0.8510301124847168 0.8816768868257419 0.8478111090506515 0.8348737458540884 0.8482152131243976 0.8607260331950431 0.8123262114222973 0.7975828653113098 0.7657764813996201 0.7572450632434905 0.7343691041621794 0.7312171839658316 0.6908357420588339 0.6952907584880089 0.6631840137594898 0.6948377173593763 0.6905439675947589 0.6873952799102753 0.6958857162196727
0.5345607570054575 0.5707104398632997 0.5866479564428989 0.6249590509284011 0.6252862259557909 0.5979798404533898 0.614240997188106 0.6142783407643915 0.6195318931743931 0.6236708927704978 0.6252207606713577 0.6411393348593177 0.6817470994803485 0.695281472860384 0.7140071103666742 0.7507415189193967 0.7614512804503185 0.795518435033745 0.8237200023706965 0.8103328950992492 0.8535800428091551 0.8309908092448979 0.890748108989652 0.8474150143440282 0.8866811211211076 0.8801574290091148 0.8432319076502492 0.8477693844459865 0.8351145597362377 0.8701747568165505 0.8841319813446671 0.8387526968527153 0.839228528739518 0.7668108830523259 0.7300263768382612 0.7176930947787734 0.676724302710408 0.705142963260683 0.6926807378713821 0.679317256710133 0.6931735694399634 0.6669964669816592 0.6826697323604956
0.47589743353864994 0.5446105149709902 0.5506675348130391 0.5818960160435095 0.6026541092636153 0.5856859782413328 0.5845946381213771 0.5957179495400156 0.5760652769845965 0.5832777884572955 0.5797642543475702 0.6153200890195185 0.6596224943334137 0.6820377304301318 0.6991337492458686 0.7305389954877418 0.7470004734596528 0.7806877471059336 0.7940885762424744 0.780651624030641 0.8107233772894118 0.8141161067301428 0.8115999770142143 0.8327649538732187 0.8494683714616108 0.8510160301576724 0.8249505345115251 0.8576428852318682 0.8449427381723826 0.8452948308950241 0.8439722919858744 0.8688845573961833 0.8485375740146304 0.7693549594001527 0.7701694435810212 0.7318688676411577 0.7367211875223163 0.7313474750903758 0.7240460586277184 0.7396983361397449 0.7016194058938234 0.7025378364382298 0.6616135394756228
0.4818510892588456 0.4985868886537564 0.5283966377321532 0.5505810309134676 0.5846403195388531 0.5795304250258099 0.5460868176014976 0.5842255623764341 0.5829533801089274 0.5692800140883945 0.5866771446382727 0.6040751740659647 0.6549380746205664 0.6992949542914263 0.7098762105645477 0.7453419372437162 0.752015177646908 0.7601639633790879 0.7469390496664079 0.7372890367824844 0.7870830098233337 0.7656203054493944 0.7985602045341753 0.7916053700220022 0.7967819109859269 0.7903428041269928 0.8031073385471401 0.8251273275760479 0.8443486776080857 0.8421975645134343 0.8706830526764063 0.8519011798681541 0.8245780537026606 0.781323103539553 0.776018574690642 0.7783121091102622 0.7753066495459661 0.7688494071263202 0.7420277964453836 0.7487871660777999 0.7362738585436929 0.7218498189781991 0.6912062698111501
0.45385334717412074 0.5056976905588484 0.5231140068383351 0.5334455642831087 0.5701026718991924 0.5783797223269522 0.5834616685233582 0.5768687258381603 0.5902071396431119 0.5940966053304224 0.5905899049246188 0.6387291671536557 0.6471060376601513 0.6534856517472276 0.6751990541870143 0.68798154785425 0.7228155487639926 0.7220733218677798 0.7394289462768251 0.7129606242604543 0.7227610810960837 0.7393546803861719 0.7293944750119252 0.7350230959048403 0.7843931789973542 0.7963821198126998 0.795062166453116 0.8253488600817942 0.8280138099853556 0.8651249593522207 0.8772462076798708 0.8549723549139318 0.8472311238280129 0.8310097583467206 0.7666063195883758 0.7633416562441223 0.7510152190241977 0.7662344450085913 0.7588308510423752 0.7328877687074045 0.7315379885232243 0.7405972228545585 0.7057247606597595
0.4672707317677597 0.4694832717295666 0.46307859338493296 0.48744978421015284 0.5378700053457499 0.5243401807607072 0.550228400043339 0.5759555789870104 0.5900623032284911 0.5912001710178546 0.5838447585860463 0.5950106985205376 0.6249120866388428 0.6610582708801073 0.6719791808198763 0.6794089128471886 0.6621343393429984 0.7003496731125962 0.6751663967312542 0.6974926033174522 0.7071794284190427 0.7182597716250196 0.7198644704683559 0.7472125018240904 0.7240429392374312 0.7514868453482685 0.7614211246335181 0.8262175586489782 0.8079811816940531 0.8852851171838897 0.9105935893731406 0.8825277941639292 0.8709318658532745 0.8046702236489636 0.7929071205019333 0.7901812530788459 0.7307456535219107 0.7600179614214814 0.7748210006415668 0.768939176532994 0.7476578620706379 0.7109502423978301 0.6978881484667209
