Raster_benchmarking/continuous/raster-473.asc
NCOLS 100
NROWS 100
XLLCORNER 1743162.6416414045
YLLCORNER 5469292.602914886
CELLSIZE 10
NODATA_VALUE -9999
[rows 0 to 18 of 100, columns 43 to 85 of 100]
0.6060750905733524 0.5472158325340375 0.548079812659154 0.5575951112918374 0.5395952611673309 0.5686618437198775 0.5577927816651137 0.5066992031595211 0.48035783810399696 0.5127056465257207 0.521313253805791 0.5361188082731904 0.5133065729147053 0.4617300990501495 0.4757360467836664 0.48604197285016837 0.47192064982395365 0.44398749071752164 0.4485539266421989 0.4596299216302177 0.5560534110748235 0.5321372467521864 0.5799803250369091 0.5535744811427048 0.5364261854530699 0.5650363711526563 0.5688476825462315 0.5386733808192298 0.5273608244613519 0.5176862108634338 0.5125891216626611 0.5526566153843939 0.5656477846684391 0.5863500235434624 0.5857129422588719 0.6096300898682852 0.6399539117648836 0.6599565550586861 0.6342000140758363 0.6719100021978328 0.6944333078705114 0.682097305754734 0.7166636057303323
0.576247095577581 0.5803812554312643 0.5856314685942228 0.5344468842076371 0.5679500066072286 0.575080741593467 0.5653041896675486 0.556617172135674 0.562155299198231 0.5485414445954802 0.5131027748856274 0.5214426852066174 0.5340706893731811 0.5031595106702957 0.5111467813369055 0.50683094769131 0.4576440077127352 0.46443606814720895 0.44691385071823925 0.48583946731351885 0.5505105027939187 0.5538904992826258 0.5637033740969661 0.5119161992469867 0.511961850346611 0.5601994809679708 0.5353852044637778 0.5354593351412585 0.5035232517558836 0.5100867809382283 0.49038510612072955 0.5167490967413148 0.5404556140094132 0.5194640401705147 0.5471057173763504 0.585195356329886 0.6152697375291949 0.6367051107207342 0.5985633835778693 0.6352048089657869 0.7060969068768926 0.7128848563221447 0.6985425482483176
0.6312727139380742 0.6214144407517922 0.5884850390815741 0.559366572082409 0.5526717082203034 0.567939196444545 0.5788153043027732 0.5836751862390467 0.6157940793207722 0.5818405209173175 0.557113742522782 0.5545140049844297 0.5043941691445856 0.4700785926290413 0.45987506746724344 0.4951557887369064 0.49927512289253184 0.5002301119264263 0.4670920956176593 0.5056830764915748 0.5311396477615377 0.49244352090078347 0.5205770473985508 0.518924881383031 0.4980016100899513 0.5435555895661226 0.5347092670188244 0.48016301128248906 0.39550002424563224 0.4968323031500371 0.5203791939346415 0.5001071965912213 0.517259149651485 0.5302560231030168 0.5080809723550527 0.5553636059683276 0.5670560949632749 0.5706125970066972 0.5998950328074134 0.6515300085390233 0.7217364172305663 0.727922402349317 0.7094769725235298
0.6485585513985967 0.6407374835727234 0.6060753855722996 0.5992308289054662 0.6144856333899285 0.6200503520320569 0.5955582996759586 0.6194268245954532 0.6278487436843116 0.5812722863953715 0.5911590921964244 0.5590253735401399 0.5192954958096994 0.4600918911853502 0.4730235500264399 0.5013772548489496 0.5206271281070471 0.5265449085867865 0.48179557138847456 0.4928611179244664 0.46445215409104584 0.4746944639931589 0.5065013103818213 0.49670694555501915 0.46916900623988905 0.48959939603176994 0.48685593934828064 0.4752421333922853 0.4273581908764772 0.47085024953490184 0.5216046532958243 0.4837373308711858 0.5184909201181356 0.5164433263458292 0.5295403235596123 0.5423166439552163 0.5628502274447741 0.5919219720633038 0.6386101810955679 0.644638257011295 0.680162762350087 0.6946109808528056 0.6975876624836943
0.6443914878702746 0.6677059116475056 0.6151961685166696 0.5903694114832722 0.597082513858003 0.6147218282031165 0.6554474747223715 0.6141280591443492 0.6092499112156902 0.5898979752857578 0.5812773769830814 0.5251521933111668 0.47276466050790006 0.4952646707118093 0.5168458759426994 0.5539812789644615 0.5560060094032903 0.5269479042384893 0.473530337489706 0.47933248323756367 0.4737725210482572 0.45040689440966286 0.4663765298011389 0.45538350815433865 0.500005725303743 0.46803850401385394 0.4742813370927876 0.48648103091299744 0.4488085368332424 0.465623040533071 0.49719669606247646 0.48804455419869397 0.4860376162099779 0.5297556882795772 0.5081437496446914 0.530252364969477 0.5965496853177438 0.5795101791678181 0.6225409200400537 0.6765121286652441 0.682751119484318 0.7148806718341036 0.7347731938997165
0.6414248891650707 0.6579240820613744 0.628089461819191 0.6303541843225589 0.6581570943836118 0.6246214112344118 0.6663756203082214 0.6696553977980993 0.6176989394547061 0.589107494498326 0.5489268539252932 0.5002443831869287 0.46132862780367073 0.47666770624423077 0.5328427658415816 0.5270161966242055 0.535871233998434 0.5029928288980619 0.5020900519134465 0.4771732873234912 0.43453099831949105 0.46516060624563116 0.4676951794203181 0.471028461413589 0.444436639682362 0.4706535530780544 0.48344590355492395 0.46440448573311016 0.5031892697906686 0.47884256392643987 0.47459528029445175 0.47047417168885114 0.45475684090303686 0.4976640869297335 0.540350697364185 0.5533698476960015 0.5917403604839624 0.6052064451389928 0.6210234695094244 0.6826588955494699 0.6452635533690906 0.6657640864408675 0.6719657002700246
0.6602915411896579 0.6501514231595873 0.6540267903451698 0.6549361364291028 0.6780423859947657 0.6876181857450981 0.6636625059586223 0.6572292170784341 0.6365412223378717 0.6086923171063301 0.5514653564837444 0.525271405230318 0.4701804455702303 0.48166034590245155 0.5148789932833219 0.5054982336188358 0.5442263855965574 0.5245008416757545 0.49265599570409496 0.44256551712615083 0.4248293531574507 0.43701201213140045 0.43812357358100446 0.42393775241015613 0.41382563352995005 0.4391126672628189 0.44182885888053974 0.4540055044245528 0.5099113128568894 0.46758566170129806 0.4466288879911442 0.45046573675915147 0.4752027015583666 0.47544925084690953 0.502425210335838 0.5806213334262053 0.6321182834767829 0.6063081705637088 0.6498626486095322 0.62674355774663 0.6549773005360947 0.677754392690333 0.6605652309065266
0.6659212451834795 0.681229770585084 0.6651906299154725 0.6710640914139427 0.7005128718467165 0.6673409736643977 0.6918006819174118 0.6486816323369479 0.647366087838331 0.6360305928832733 0.5852511129411035 0.5323247026659187 0.5091446807784437 0.5094861148652016 0.518643926546276 0.5269883550178 0.4896694921195937 0.4823810756449239 0.46528553932046396 0.4174456805579504 0.4038953624839644 0.410038167696263 0.3914999175648174 0.3917327302235855 0.400783606071665 0.4243425212311673 0.44950764456046066 0.47271255834072157 0.47653221353789166 0.49887911411274144 0.47112976982238247 0.4610734858354771 0.47480683347147173 0.48706136276657475 0.5301845457738109 0.572108456025846 0.6012115222915495 0.5890453138007864 0.6232613687556551 0.6096898962464647 0.6487492542743545 0.6255958131022098 0.6245904022935976
0.6743342106792185 0.6472922105934551 0.6759273025862228 0.7156205495558411 0.720210557786052 0.7104646500616376 0.7164010418949204 0.6664285180034115 0.664117276033506 0.6345126081504499 0.576142256815109 0.5617132343421468 0.5476984058681728 0.5542541063494721 0.5562263510819169 0.5563426967954632 0.4977792339305047 0.5066550038795548 0.4647552353022477 0.4555412619344836 0.3941170519293686 0.411589233941337 0.3915463359418533 0.3614333186033405 0.3683719806684753 0.4151913135112624 0.42844088185622575 0.43311611018893686 0.5053587830886794 0.5264753917774689 0.4868778577284697 0.4497610212378377 0.44761341229061424 0.49638092021747077 0.5068370053944785 0.5443299313602833 0.5461676126712175 0.5901954308334041 0.5798223941994511 0.6316231881703505 0.6457511102078147 0.6152148175408768 0.623972466389828
0.6354683906365829 0.6565025996581384 0.6685532002640956 0.714334278132327 0.7434287896777817 0.7279919936029359 0.684761830231945 0.6490969888926672 0.6661680244343879 0.6059405389817923 0.5798128088560087 0.5218851351619783 0.5098686870821191 0.5608701552484444 0.5402194701336097 0.529293658986872 0.5086739667219086 0.5226652623004142 0.4679981846183457 0.43974311346428174 0.4441997558117917 0.393794044782932 0.4111386980148141 0.401090373540993 0.41294407678258044 0.4073552947080623 0.44746823965291643 0.4437226921799523 0.4748716997065846 0.4950130154451376 0.4710458395600354 0.46168299130114404 0.4839689025053549 0.5025798806446 0.5341977665300894 0.5303923472965275 0.5770148301441477 0.5838986238825072 0.571841031769809 0.5770842199314172 0.5815927271013115 0.5841010577574844 0.6117937856578602
0.6484712806781928 0.6702814571880729 0.6466381367201139 0.7037961834418998 0.7408446079972234 0.6741375611482596 0.6572900248204798 0.6349751240392552 0.6722605332718407 0.610287062940663 0.58498717044634 0.5147455979125877 0.498973290217188 0.5711930527421728 0.5867259722834616 0.5736737093658815 0.5399735903491889 0.5289225422747011 0.4993603390493367 0.47853402073261836 0.46811291681771 0.4239923769478241 0.386778815513127 0.4190755355309228 0.3628568842729685 0.37486992332261554 0.4401311762882624 0.4615392002499029 0.4144397735328371 0.4302031778756647 0.46760035102954617 0.4779524296917653 0.46994719143983343 0.5046483046882244 0.5345510576459125 0.5439502240857171 0.5749360606991554 0.6008385113597567 0.5845813283651782 0.5499401947749873 0.5276467057137888 0.5950839276392942 0.598628107481021
0.714664808315869 0.7093922611395436 0.6665551150487469 0.6830166649759724 0.7234006025262584 0.6870291927375494 0.6648890133476406 0.6756408628730286 0.6422621096794889 0.5885489649348223 0.601157692621657 0.551620738575714 0.5169423023256706 0.5311685931086478 0.5422635431128573 0.5480222650511974 0.553573486482519 0.5398686868273042 0.5101736724981318 0.5460085165563342 0.4826494145964001 0.45382422318764676 0.45082316133914224 0.42920968205537535 0.43175326234143907 0.39937567625771453 0.42397523942610904 0.4372385424801027 0.3932171063375703 0.44337859970885873 0.4738388718965516 0.4540236201168703 0.45398694497583486 0.5154401042232651 0.51001432982969 0.5396641686765451 0.5507522272438508 0.5756815027200626 0.590746123015446 0.5395449791089981 0.5282208459734314 0.575610954601858 0.6130063885240289
0.7383079895669225 0.687126704959747 0.7022945442674048 0.7226697831016069 0.6944329445030313 0.6711363198512117 0.6953129033439713 0.6391325533118043 0.6177175774887518 0.5974907932726428 0.5966238906763488 0.5887235420007011 0.5935543415682208 0.5707558914765326 0.5585723825065879 0.534169391411038 0.5124004382590832 0.5276085861658067 0.5742236211378681 0.5719303849787697 0.5396474488310433 0.4713072229002908 0.4420568826914768 0.4391732068804696 0.4537170174852576 0.4127487578331903 0.42075841815652204 0.3970227193569841 0.3693674548523175 0.442514915798149 0.45875705396688754 0.47271836524598165 0.4823189864062716 0.514902894168181 0.556368285643463 0.5104080871761522 0.5149411745511802 0.5199479768698833 0.5671526219409755 0.5412563019567241 0.5044406070247265 0.5550992208493261 0.5770479001369585
0.7479321600410485 0.6968377223100096 0.6863508962526043 0.69639399022197 0.7238830720253735 0.6883844012262862 0.6663260100445032 0.6429343654652329 0.6246762248023046 0.61312247204481 0.5764008799278536 0.574066212120114 0.6134950727476532 0.5672341576856165 0.5561466215485148 0.5435704013383567 0.5414534938811503 0.5450125351156849 0.5870666362366076 0.6001529256017122 0.5384158547624649 0.5060376214278967 0.49104413184172785 0.49191527414234915 0.45895754842138314 0.46915522412938904 0.4044073095614082 0.39926509976553537 0.40883938691154575 0.37838489108990064 0.3914304278492515 0.43115983099342703 0.46310319312200243 0.5081139575402399 0.5392495512188716 0.5271614177949546 0.5398365449948895 0.5290404592324734 0.5346842765860497 0.5037232752691267 0.4885400150661283 0.5499822014464011 0.5189379608359777
0.7172777017417312 0.6759547151960319 0.6765554356443523 0.7273295311398394 0.7400301217993293 0.676644355668675 0.6575367228104558 0.6364674864806732 0.6652557596191045 0.6317610357173632 0.5976270397330463 0.6111227669534415 0.6200533722537475 0.5705080748056941 0.5935824370251791 0.5761766966967958 0.5564068404418174 0.529027437077462 0.582521966249145 0.5499946046479551 0.5863346639235443 0.5260368355331068 0.4925221358448299 0.4923620819213236 0.4728864128418765 0.45780040635344105 0.42872423574649465 0.42879648535548526 0.36979284577899013 0.3708318840916838 0.40137795703099993 0.41634902947725716 0.4215773278336253 0.45565117175561937 0.542785728730501 0.5493225010578136 0.5566069867916831 0.5615808807225694 0.5345339261769089 0.5197480524109329 0.49904773551714265 0.5193438077868979 0.5182317668721653
0.7086805250027615 0.6732306826909656 0.6573950714392421 0.7086498251045833 0.6945635033544904 0.6789286535714397 0.6438166592973391 0.6264352190266447 0.6686724851568232 0.6420451597888629 0.602010752698487 0.6352040537293641 0.6282128568204897 0.5831955942693297 0.6054614428597731 0.5867074429376975 0.5483929264665306 0.5169115705994379 0.52244224356374 0.5294345214662951 0.5053064525506694 0.5231304471762505 0.4869740816341222 0.48247886289916786 0.46318502183631366 0.4746617303296905 0.44034497031332187 0.40394995668257155 0.38908642179795366 0.4024385432028815 0.4015770175813778 0.39025554040573035 0.4323873676168999 0.46546326790420267 0.5320404689962417 0.5466977547495302 0.5636048013047918 0.571714308360434 0.5265964417819856 0.5514827976800706 0.5357182038630315 0.5438263917847649 0.5206804151242479
0.7151497612625856 0.665247401361525 0.6636774871294757 0.7125799929546999 0.7358633371595877 0.6999132170954095 0.6526608058993706 0.6576817823768252 0.6442206418724109 0.6557503979074303 0.6196606030337765 0.5959191314780194 0.6048941120868819 0.6435064132949911 0.6092383983217705 0.5993391366166261 0.5295631956921734 0.5003360024983489 0.5163118776876239 0.5276888916851011 0.5041173726689036 0.5510214669521082 0.5515670973671267 0.5098882544545179 0.47367065584270257 0.469467214860048 0.45506811680741066 0.4084725039739836 0.3530257926802922 0.3639576331865538 0.39642666535605514 0.39993568333152196 0.41281079420424593 0.40676341274026906 0.45568601653684443 0.49606851717533224 0.5565704416386775 0.5225051926512733 0.5379951519857431 0.5742116502891866 0.5652270484295633 0.5422698255107113 0.47995897558909584
0.6940954903212921 0.7022550488584346 0.7059118109851298 0.7050810180914554 0.6748654145860044 0.6683362055829655 0.6362762943669346 0.6743739630379636 0.6653894035727589 0.6413471163163412 0.6345607791600101 0.6266301528370086 0.6180959022740586 0.6567299311143383 0.6051930483592866 0.5553500783671683 0.532511024962255 0.5407216129204306 0.5428185832968206 0.5205459749377128 0.518701271529335 0.5265169120871303 0.5265777415113599 0.5046788621044639 0.4671906597246811 0.4784690089923719 0.4659072801074238 0.4325953550115282 0.40693623219580527 0.3990784518286538 0.3803385800863508 0.3823137442248719 0.39629913534961614 0.4039400337438918 0.4579061612393682 0.46032995961620266 0.5075836593115037 0.5354842532484111 0.5351794086240597 0.5839066980012534 0.5920965715862175 0.5337335793595968 0.523636686555355
0.6263067010231333 0.6389620859934849 0.6877182337976412 0.6626248440962353 0.6902830195020587 0.6626396551203971 0.6579845948874131 0.6934043577095127 0.6833793987514637 0.6705406344758751 0.6709931377883336 0.6340721881110021 0.6884749888880207 0.6448876769317319 0.6614975725840182 0.5675588376672532 0.5321631535307555 0.5423694846869289 0.4969164552718563 0.532255538091013 0.555713328081085 0.5357899183885677 0.532146478498089 0.48817648458835095 0.4879941007959722 0.4840108525706026 0.478266902273418 0.44462298960936814 0.3441640949465524 0.3716311160046457 0.4120897107603006 0.3727681660534792 0.3336352494755869 0.37064564939297073 0.4120378383939863 0.4362571806355591 0.5013447314031929 0.5036019137987964 0.5426105017103516 0.5454115458016573 0.5834081748911427 0.5878947626324273 0.5642979728946754
