Raster_benchmarking/continuous/raster-216.asc
NCOLS 100
NROWS 100
XLLCORNER 1743165.813201676
YLLCORNER 5469287.265599235
CELLSIZE 10
NODATA_VALUE -9999
[rows 57 to 75 of 100, columns 0 to 42 of 100]
0.4732203959949313 0.4441306462973939 0.41528856888621135 0.4467147419899276 0.47158268368745343 0.49228176990495137 0.5182247679348173 0.5013777882060008 0.5207241346510451 0.49727286449550995 0.49205516565588536 0.5333860370455704 0.511357028619309 0.5523078858780598 0.6169959951241485 0.6144751808985821 0.6081699246340153 0.5747246505610569 0.566124509706935 0.5735149492148827 0.5936223326641029 0.5957564677365154 0.6203219464537484 0.613089142593762 0.5925173857121224 0.6185418216849917 0.5986512080212831 0.5671892270888447 0.5135185391563686 0.5258490388924811 0.49875765869088706 0.5115020267202436 0.4786559436002863 0.4924504463979957 0.5050588835693185 0.5004050188495199 0.4677311284110271 0.4745838078609475 0.5247541037627723 0.488236125308304 0.48237782479191393 0.46350644343459596 0.4287524526304006
0.47947415038176533 0.4550472770360116 0.4164688705229925 0.45123139769538445 0.47573057984331113 0.4649687806758005 0.4923733723861484 0.4789497995971044 0.48386945282061167 0.507263297615521 0.47086228237237726 0.49308753525407534 0.5224968557930154 0.554036176592132 0.607593733649922 0.5942653573283913 0.6210473749817446 0.5700677363635219 0.5472604153185461 0.5369236352935504 0.5470415966625872 0.5842976517841582 0.5962295147126319 0.5695636080191159 0.583002189583803 0.5632253564644287 0.5662714598630728 0.5554524344883124 0.5374239813407162 0.5169892905826217 0.5402244069499352 0.5454860136173524 0.5373225439508454 0.514163459355628 0.49162797565837246 0.5107723920416974 0.4873413383279979 0.5056007276821399 0.5042688309299886 0.5045700275653817 0.46496802572812623 0.4756703339311906 0.44077998398676377
0.44807820303833246 0.47975372315137427 0.4470248559282275 0.48709040267924814 0.44982129256310405 0.488609864120451 0.4656892040758375 0.5134642295086178 0.5143468039287878 0.5180483361671295 0.4766201130385402 0.5115323437629709 0.5175178429327135 0.547895359674474 0.5602166021521698 0.6006450070880937 0.6150587667726638 0.572458161356952 0.5037666548846074 0.5392072028806256 0.5099594185577293 0.5530210610814749 0.5628918748508608 0.5724772371892366 0.5858243472222159 0.5627336466033643 0.5734060792027833 0.5453186011736423 0.5648608852753385 0.5730047167604524 0.5832048852147417 0.5363737217519327 0.5340900539013193 0.5071525750208766 0.5011498025747839 0.49004135334262006 0.4981254918979831 0.5016498118204451 0.4678087142119563 0.5125412857552072 0.4967719858892782 0.47271612013868913 0.4323905340839451
0.46331550855682824 0.48662327585297266 0.4717713795791695 0.5032680264828585 0.48339232403269466 0.4949180435832156 0.5131405026490965 0.5206803587605339 0.5162366792492828 0.5166313731573363 0.4648269684144641 0.5010056808867595 0.5309851115967901 0.5837412292571786 0.5926307163987489 0.6051442573244328 0.610056480533573 0.575171677901354 0.5401788198633789 0.5165716891961932 0.5307236558339673 0.533120658892112 0.5200947306524498 0.5298541077073579 0.5622728945057215 0.5437054751727433 0.5100066028969346 0.5304499907766981 0.5693641895874358 0.6103632391167034 0.6340642257085661 0.5743677248020295 0.5597585551213206 0.5315334129137387 0.5279146038823446 0.5212552622337933 0.4782694133806048 0.47875666942129735 0.48658307530248923 0.5180364205325637 0.49003434798748224 0.45830713718478044 0.4526686628620486
0.46985484131958416 0.49195026701682665 0.507790195530802 0.5192665079523164 0.5114455624129024 0.5064416132900466 0.4829331186802041 0.4901968419862188 0.5244145519776542 0.5297903548366799 0.4716202880627241 0.5360030725630149 0.5764289056621994 0.6106519910391515 0.6335345530101077 0.5755654127638746 0.5602374228489272 0.5215348048677869 0.5115092417609677 0.5084126938710952 0.5024206746257094 0.4884117234911889 0.5052140988720052 0.5077611699772367 0.5479933458348087 0.5379483760974502 0.49322214353690075 0.5174583016126568 0.5661636206050585 0.6013396583991383 0.6654688049774331 0.5923359240403056 0.5724574473316942 0.5286681734209939 0.5226039503809033 0.49353354245950165 0.5024919824495668 0.5053697852878092 0.5250498654353942 0.4858388951529971 0.47739287756094584 0.4968889505885081 0.47233524288705026
0.44437438412631386 0.4585801189543603 0.5142022120496558 0.5182397255274118 0.4749558804185454 0.4736597079237614 0.48391401590165023 0.5020818323919084 0.5186597910146128 0.5451108590721475 0.48965701840855175 0.5110015099205512 0.5667503481368426 0.588154182686943 0.6068952040461905 0.5772596832243286 0.5576920247751076 0.5420394977234043 0.5727530449426228 0.5621086820335801 0.5230396425341624 0.5220732355829731 0.534599739033246 0.5359555765562377 0.5413704563558748 0.523744759530382 0.5401804941311501 0.5413186088046394 0.546421710096836 0.5698959701681005 0.5728198213107782 0.5636969457022609 0.5862244991686734 0.5407737137138762 0.5277076518085944 0.5107500788109115 0.5221880745270958 0.5351799852136941 0.5500149819787385 0.4998321578324985 0.47478086520495166 0.5040284999396599 0.4774174047578283
0.4481482864546042 0.49043258284735275 0.5137385409725727 0.4791746217204579 0.4621606540755033 0.47218540996209996 0.5075708970158904 0.5138013305197763 0.5518989793630272 0.5225344950652913 0.5394801570309029 0.5372188642213443 0.5353246496154456 0.5516177153009736 0.5158848688257468 0.5788084133855359 0.5841083673659702 0.5470748770782001 0.5930818202823179 0.5717620198786377 0.5765190531759782 0.553984621105304 0.5063207947554659 0.5068724221958585 0.487658465530028 0.4916072249371073 0.5493437754468347 0.5299511998035751 0.529795509397292 0.5252001762720201 0.5344239902440473 0.5588671541147523 0.5660958229826414 0.5432617865334375 0.556141161049767 0.5348335608933493 0.5177863246051584 0.5379709703887704 0.5607423344258636 0.490005752999703 0.4980095598949721 0.5037776283989903 0.520552846829665
0.4585826374389333 0.4739416911466036 0.468344485262433 0.4588528674985398 0.4589736879215695 0.4919347048973943 0.5174177855324741 0.5495947410498868 0.5308468871994428 0.5311127869538388 0.5198738315964483 0.5408791644076082 0.5255118316037488 0.5058120291173199 0.5140236261347318 0.5315480597571155 0.5486833437887962 0.570949154674516 0.5726175180957906 0.5543052518437053 0.5558334429027372 0.5776055821677246 0.5237360071421553 0.5271543937730934 0.5097884992738135 0.5123155071740318 0.5617367964265554 0.5665474939033179 0.5486093926849183 0.5293758644311463 0.554927337103106 0.5228216671657995 0.530918628614489 0.5573525143352087 0.5368989369083249 0.5694654700866977 0.5179645648986946 0.5393333135752943 0.5585094221410595 0.5007925034903515 0.4991231637042714 0.5027640245734775 0.5231956681460296
0.48633763570868066 0.4830108566733938 0.4797150908826139 0.4587163441866671 0.48881968612810234 0.5381706461153226 0.5646035498950942 0.5508586260454629 0.5239845314639147 0.5533452711575235 0.5331079767552229 0.5108962921954802 0.5189883213790553 0.5048843869839779 0.49646372979770753 0.5108866818608053 0.555206567677764 0.5749341981834957 0.5422540218566556 0.5401555003327676 0.5878086158172433 0.6077258498840387 0.5769534723686863 0.5452418867206327 0.5386760451882932 0.5096621333790987 0.5227803449456874 0.5671018182071687 0.5568871792574316 0.5268444801951556 0.5364365688836121 0.49919051580443374 0.5021687013591172 0.5444600226014379 0.5594942981375881 0.5728655036363184 0.5554040332930238 0.5129488047390178 0.5215782350291684 0.5369202888843663 0.5137343111170541 0.5561819040049362 0.5872929609375483
0.48988605642173666 0.4621229094898942 0.4870264036731324 0.4687458331370075 0.4956472887152275 0.5309524753902564 0.5594411126676812 0.5412463545744941 0.5325542303133545 0.5586563371602673 0.5574581528317465 0.5400775955746515 0.5257382172450438 0.5248883193673572 0.5154417233423852 0.5568746107845459 0.5453151610040119 0.5611921580473181 0.5602336706898762 0.5831837613378477 0.5945772142570063 0.6008724643642083 0.5967979062273097 0.5805748890928673 0.5402328076261687 0.5136104591582292 0.5428223685504939 0.5270039119644204 0.5261140886234887 0.5368966486592816 0.5448667777313999 0.5287315822807236 0.5122532235765783 0.5495816575049309 0.501084091595139 0.5054297082722927 0.5148782983582928 0.5063450096244074 0.5129912439865228 0.5262993466105665 0.5729652063616661 0.58857264064082 0.6202810543633882
0.446350308300795 0.4409341597266568 0.4790712064232966 0.4872592233711949 0.514935693336721 0.5132039300521254 0.559297221549447 0.5923419983859237 0.596322272596391 0.5849856170021217 0.571324533981876 0.5492039348322664 0.5820374405483062 0.5650789982003364 0.5868711402419416 0.5876169253996779 0.5288480491720349 0.5941649019376277 0.6000293478161186 0.6116853377879166 0.6244808551212894 0.5953965602828936 0.5663219905058569 0.543254107018145 0.5414775043060963 0.4988139162093671 0.49903463620125127 0.5505951099913396 0.5206377223344691 0.5069859469008533 0.4720329085867875 0.5307685172967845 0.5379560569302034 0.5102357171549791 0.492925805825541 0.5107266999807503 0.49202546235127137 0.5183398315951053 0.5108719372147487 0.5643870832336954 0.571921091128565 0.5879307117365258 0.6361866993835836
0.4542406363159626 0.44768986339204986 0.47184565987151517 0.4716456511552619 0.5084923353779045 0.5018765833088354 0.5316122159290937 0.5671216356442794 0.5903290051382407 0.5560628770506174 0.547216324578599 0.5579644634951676 0.5699658953994438 0.5469748365072055 0.5604189640286481 0.5899789531987991 0.6054744859401582 0.5979161024589675 0.6081353736492384 0.6352602507887066 0.5885015549169252 0.5702049795541423 0.5859013003695589 0.5438122840747047 0.5804768865383261 0.5443094955303278 0.5418509254358844 0.5468121331205803 0.5052074356125593 0.5029305024812429 0.47687963891160495 0.48845197115091266 0.5339750878367456 0.5197712611512373 0.49849505159491825 0.46255179130301466 0.4842252980111294 0.49909396772022385 0.5319935303983689 0.5482003382069711 0.5485878732095368 0.6019067776595336 0.6121912607123566
0.47955972534960767 0.47160983734698025 0.4121717917369826 0.4613935912058452 0.45190259218498263 0.4567155003236409 0.5121963728124345 0.5538071053968814 0.5614589131936745 0.5860790140455011 0.5848837709333717 0.5675523080584455 0.5408231593924964 0.5535525096644253 0.5807927004669741 0.5611162715543512 0.6010179262678239 0.5776523713268386 0.621690952420718 0.5857059510111081 0.5877274437432238 0.5547740016015386 0.5968515235573302 0.593016100244194 0.583413649188862 0.5724776392449099 0.5533177122428586 0.5623933623751253 0.5635673327308491 0.4970479030420324 0.48311546531833827 0.4809733308627602 0.5264510183391611 0.4922606389627459 0.47648167011402454 0.4957413625415711 0.4846141588144734 0.4971627381915474 0.5748742489539064 0.5377555228348316 0.5816507250726246 0.5961803781440393 0.6322638437537669
0.4771569399371194 0.4695065592928363 0.4245456841578226 0.4264608667891674 0.4593172060105758 0.4728715875767201 0.5048512327989766 0.5327158781377549 0.5317648192398687 0.5749692128036976 0.5298563805336953 0.5572599484780235 0.5772856095993927 0.543576404086329 0.550332057703388 0.5562961007777698 0.5818753614982457 0.5761028814154617 0.567548935345581 0.5627477319381305 0.5887723976672585 0.5733470150633124 0.5901689783827062 0.5904461607130542 0.568593078002586 0.5485185552466326 0.5281488646793862 0.531718286945925 0.5452707771134132 0.5202866395622291 0.506805445986673 0.4731160228993041 0.4663267423807284 0.46807409624267166 0.47838804753278646 0.513211873623515 0.5202839236176036 0.5136800320434333 0.555878733492215 0.5513850215322571 0.5547333709717573 0.6039986220889423 0.5987318562184364
0.5249114632845021 0.5004538013960842 0.4684474436912229 0.4484747841747656 0.4584866655186296 0.4652924962918302 0.4944279766950609 0.5066239808566324 0.5607119113022875 0.5566900932804785 0.5051988611124886 0.5558028265681094 0.5549487045224121 0.5296291768161602 0.529652727954803 0.5091976190611032 0.513831352816679 0.520391592835655 0.5569747653138906 0.5725296173353615 0.5702174596589045 0.5549894666588391 0.5559152051245162 0.5548187910827775 0.5399300499307703 0.5386890086278252 0.5406166860304022 0.5611096398013734 0.5523261511687081 0.5252203201017043 0.4622690097692674 0.43529688548660744 0.44009474951680994 0.45127600315810534 0.4555779110767496 0.4737675512291414 0.5248250938582271 0.5104076842904363 0.561032428180365 0.5598573514922257 0.5556164329383178 0.5688015788890237 0.6240720803274693
0.4763948777382025 0.45934111348842455 0.43667391600770933 0.45966872522071217 0.4226781990344902 0.45728952384579985 0.48285022223473506 0.5035188843824614 0.535586820851498 0.5278038308874462 0.5047223254444212 0.5209156457841142 0.5140268441260593 0.49829868636941677 0.495417002532565 0.5318796054362461 0.5305859151566836 0.5120027066841699 0.5656096695544989 0.5723695002071802 0.569979720418045 0.5258077793872038 0.5494777341955014 0.527177413840882 0.521346329254128 0.5041487507866291 0.49629755654690744 0.5148789504464297 0.5446564937882481 0.5081121848655343 0.46963150898928396 0.45024999034452157 0.44088792947123606 0.4513230290141855 0.4487542733044658 0.46699314877693743 0.48282805469726825 0.5068089926986963 0.5461937834050828 0.5550478311667632 0.533119442633072 0.5942651641568578 0.5898846938055681
0.4784713266910677 0.4274280613769065 0.434740981479118 0.4072376542645095 0.41597870152710625 0.4399851394837265 0.4936427260813808 0.4925295518511806 0.5327301268901867 0.48468679945802623 0.4664675067104807 0.4773176495515862 0.5068064398197217 0.45542066507691514 0.4595971718241793 0.5035754930016128 0.5279749081196276 0.530234156732541 0.5390564586582461 0.5191308575858108 0.559168799688615 0.5319651729333895 0.5033715139797169 0.47753626504011476 0.48707116645850723 0.46886725338724317 0.4961489336937755 0.5481910189062892 0.5582270180292631 0.5060409639941278 0.5208941095272417 0.4702605111085228 0.4662574524354589 0.4668137835921151 0.45258789576289377 0.45940403407924413 0.4904649978505296 0.522037483308786 0.5203674485603035 0.5374835913520454 0.5384937805249045 0.5561826375103004 0.5475795473509831
0.45040221269146236 0.4377210538170571 0.3994985985128283 0.42708724632177814 0.4140145054976778 0.43835203428325176 0.4536616795743778 0.49917844143634094 0.4876363259581623 0.483643128416516 0.5028834036901204 0.4899185683426651 0.46678073442852785 0.45000169748292557 0.4947187740490174 0.5053052782458226 0.4963756572459458 0.48336568236464583 0.48916610883153894 0.5106795730194085 0.5013857363032367 0.4858613795157955 0.4489513617221227 0.48142010350117653 0.4558080726002492 0.45237560381588415 0.4646501212132351 0.5349455517793605 0.5180524626169198 0.5005628590378206 0.4912511741702972 0.47353623772629927 0.4798229394323625 0.4721552607552509 0.483114982315056 0.45799133679652726 0.48750636105358974 0.5115471442462245 0.5325417530871422 0.5185778380225959 0.5332285719173443 0.5180552546738093 0.5473741669078191
0.4870875106515603 0.45645997105628694 0.41193107052989014 0.4174647867711846 0.39715469125639596 0.4089237401173179 0.42495989744847557 0.45081425587843027 0.47100472551723443 0.4693861906936871 0.48442633024940696 0.4448475000273443 0.43602392482381275 0.44998108621518207 0.4938656176026258 0.5028389093887207 0.5131297441423447 0.46393680615701677 0.4572894646697744 0.4800383842566324 0.48921126315516106 0.46024112088228447 0.4282857993202854 0.447065905431827 0.4295073428465324 0.4746467248655867 0.4838598444560511 0.5087057823982223 0.5038650201776382 0.5025004329989875 0.4904654971084705 0.4808908633258302 0.42671425635443966 0.46988492456993497 0.4574632145869184 0.4952826346362927 0.5091499818468365 0.5185862663530963 0.5324980790070901 0.5456957706081634 0.5339513984680447 0.5461547207115571 0.5274800006658595
