Raster_benchmarking/continuous/raster-151.asc
NCOLS 100
NROWS 100
XLLCORNER 1743157.5709936456
YLLCORNER 5469294.864616769
CELLSIZE 10
NODATA_VALUE -9999
[rows 38 to 56 of 100, columns 43 to 85 of 100]
0.674349881335355 0.701699999970036 0.6802193482701727 0.6649789367734538 0.6679965788407469 0.6237642514620834 0.5704238399754503 0.5638990155645863 0.5749636386431274 0.5655916289142174 0.603883330082782 0.596204527498684 0.6304067303153305 0.6485573695684703 0.6488931620808978 0.6351487076103214 0.5962061939646313 0.5467827191042733 0.565837010173867 0.5213995846060011 0.537369594887032 0.5498516600685327 0.5185265085419953 0.4941824362621607 0.463825782544092 0.4270177465277158 0.42337396796855636 0.41770454320780886 0.4138454586849349 0.4023958266814881 0.4271359896207535 0.41120164513808916 0.387837656597249 0.3814676640319968 0.3959834094420366 0.3774635578537572 0.34647392159929075 0.34004203714592485 0.307051384081842 0.33250325043829704 0.35309663760214616 0.37132954540999197 0.41902091614945214
0.662417228754326 0.6726484745850017 0.6788823654777508 0.6381121103711676 0.6427712071078522 0.6251222609503271 0.5486320005833393 0.5664790297965216 0.5702253990139001 0.5912686237025181 0.5791499627682101 0.5796411679533865 0.6094733185211595 0.6329653387087214 0.6281321394408332 0.6107673768793775 0.5542486510336773 0.5311184462106988 0.5433891495536443 0.5229244869414681 0.5092999923654847 0.5372375772523904 0.4963444347363482 0.47719432396246575 0.4360620817542266 0.4325195399854189 0.38739891546517863 0.4032799401122912 0.4059712281414445 0.36370316628793864 0.3934522498277583 0.38638918175401793 0.37624711602470634 0.351775931223921 0.37469053008216313 0.35226688149965546 0.3694123010027354 0.36865643293037 0.3229092847359254 0.3291693168194283 0.3536549730281664 0.38792104089743323 0.43917997328417496
0.6712226069276019 0.672702937826935 0.6357589232916928 0.6145939276202749 0.6231303226594149 0.5955768381711256 0.5586977703684796 0.5739426083143663 0.5657292721771275 0.5778441650255616 0.5729478777856983 0.5714349123110379 0.600048037363397 0.6125690913378739 0.5610823390815085 0.5429949296271862 0.5221145749150073 0.5451983216166021 0.5192634995152523 0.5087515290200093 0.5045899947100226 0.5205281060216618 0.47413559338400024 0.45201120608404527 0.4487103427342423 0.42625817554237017 0.3957264474794225 0.38799355359260435 0.3541062385835819 0.345216335801883 0.3644247570098424 0.34474547908894987 0.36843337767862594 0.34638941328751305 0.3888248876371025 0.3839185851168916 0.3810226038463321 0.3671803243754928 0.3626773681615122 0.36283107113358815 0.36454317504767436 0.3870860141536225 0.44573588501931605
0.6707304515336425 0.623309098852001 0.6189308770968103 0.5992767553154079 0.5880847137667016 0.5557613239259704 0.5210989101462077 0.5509308111141938 0.574715966126328 0.5841355004024814 0.5795857933903025 0.6069387463903756 0.5833100269601229 0.5496622230744332 0.5346516941123793 0.5467153284027563 0.5207249995298373 0.5401219357129735 0.5388258538876227 0.546938347988865 0.5384564546556193 0.49872903816050695 0.4964976629692144 0.4475510301999641 0.4070744112835534 0.44150926657024653 0.40131087192104475 0.3545410736707866 0.3330716673018826 0.32189688849463993 0.34367201476956244 0.3388382693794814 0.3342812371806198 0.3734837496961854 0.36294981187957487 0.3336416598720522 0.33857915064229577 0.35192832610186736 0.3447327296198963 0.389642096583852 0.38639386220576655 0.41245269216283287 0.418176506699844
0.6310254384452348 0.6153146988450717 0.6117124640856321 0.5611674665344725 0.5388151391075442 0.5510072096085059 0.522470770105432 0.563857451673137 0.5920500874536314 0.6024197123969957 0.583837743167993 0.6008365956735152 0.5917821775208659 0.5547520574229348 0.5443987329614454 0.516367424361732 0.4984607902309357 0.5171524585623696 0.5443547429532609 0.5375462976708476 0.5085468306988153 0.525792718466128 0.4723394042936281 0.4496856274597545 0.42311121043613614 0.44252129594570844 0.4279673492013972 0.37408759891410265 0.3344473624688883 0.3327743417831229 0.3300274013655441 0.3247425150828592 0.3420440310099233 0.3694554465441888 0.3717632350655382 0.32947015591116546 0.35833671160686853 0.34289729588015405 0.3461802351932152 0.38662683475861864 0.4070338568096013 0.3812369997592816 0.4275531350030728
0.678836521345305 0.5976629869490866 0.5704939017835122 0.5751794089654304 0.525557353527953 0.5423031591258363 0.5190706857891109 0.5819582233648497 0.5816921886655827 0.5791162086013818 0.6112796324417957 0.5987068180442466 0.546265885339775 0.5562397115069356 0.5315082271689123 0.5260427857593529 0.49508539486656516 0.5146667642527365 0.5369322849919653 0.5208552257385748 0.48100813901439704 0.5096762006701949 0.5033512112822237 0.471381737165707 0.45317914764295625 0.4061217442939299 0.4193746129621793 0.35834003353036725 0.3169288691938909 0.3224448542032681 0.2902337103277516 0.32728734678539 0.3402980891650913 0.3584837244202862 0.37975593904011723 0.3504262292483032 0.33123894924386077 0.3607111693873513 0.3809293190852904 0.3981208894158923 0.394296039116447 0.3811836473971809 0.42159213561855596
0.645014709268475 0.6123935264793351 0.5563820311228009 0.5546629248795691 0.5520499470342455 0.5227248303804793 0.5395158494417358 0.5836285487645204 0.5886642959829663 0.5801101852171836 0.5831187183777846 0.5642630923104713 0.5792584843493891 0.554317761298385 0.5148831880934345 0.523380020423156 0.5069828291582781 0.5134388549171661 0.5250006303388222 0.4885001578518999 0.4973401481669622 0.4863077012438685 0.44533013659533494 0.4477513299376639 0.4156154905345338 0.4043776240115483 0.37164670459690957 0.3482717196167177 0.30275324021534766 0.29985991433228876 0.3183607480787357 0.3155675535238612 0.3213838083183357 0.32591092214083356 0.33852065483910954 0.35836649297358497 0.3876806731211959 0.3822070516380881 0.3873984776145245 0.39542193328694664 0.3824790830356058 0.3970383060764142 0.39416661534316955
0.6670345907091098 0.611184620735108 0.5563552434277271 0.5513657622549337 0.5235460840582346 0.5291360572163004 0.5655194296333894 0.5984445247830698 0.6110574876900023 0.5895054632551096 0.6043388255451327 0.5966774696022032 0.5562764955212101 0.5264055315652669 0.5343351993486175 0.5156342011176523 0.5378434801018682 0.543177317994956 0.5149880618100032 0.4747817513692311 0.4841525536400102 0.47289303072623484 0.43789917232369624 0.4093634832343556 0.3966593022269557 0.40363030730375843 0.3690166265428887 0.3285847579483942 0.31900131191180864 0.3235701560370584 0.2978212221823066 0.3229002376508961 0.3004267733340766 0.31431647561915443 0.3463471723039948 0.3503702314836039 0.3910578263954394 0.40138641840092226 0.38278582234772424 0.3991051306177937 0.4047220014134008 0.39242964635001704 0.40082526234888033
0.6579745801353061 0.6233240797982583 0.5741177851998821 0.5315006072786174 0.5204792766023116 0.513355636625708 0.5455581705959208 0.5715885476393274 0.5942085139085171 0.5836536858643544 0.5691531565806222 0.5801511710660868 0.5534857207090581 0.5188958399040324 0.5219927094955827 0.5044272410167764 0.49147678619759216 0.5271595387669737 0.5050632149274733 0.4929352114375011 0.4507919078437871 0.4289990892051602 0.416966658962342 0.3993130441617486 0.3951694562664461 0.384112196579515 0.38789954818539174 0.3565344746542585 0.34801231511545594 0.32984315323047814 0.3161527571519461 0.30763319444976694 0.31817160254355636 0.328539122898957 0.31995522539887744 0.35469770625563707 0.4055756169650067 0.38780291554387525 0.3892383567878697 0.4008434151915389 0.3724348424981948 0.3899825111955312 0.36675079123606813
0.6272704408241323 0.6056464847670351 0.5945252240539534 0.5365103856046947 0.5306263509490461 0.5306890548600514 0.5290623455161881 0.540999099240419 0.5528425769614813 0.5642602811360573 0.5835775079157889 0.5830271042733595 0.5408482499695186 0.5127896381856276 0.5277471024350582 0.5174541022997531 0.49210539072545995 0.5073815793465584 0.4715063578292276 0.4793114429472595 0.44804898964212325 0.4137343249183357 0.4237287788728627 0.3915751625209 0.35877037270059026 0.36003779332289343 0.39087920778150614 0.375786886115762 0.31101829537673154 0.2939932919384957 0.32742691057853607 0.32074851152728506 0.3329203730743421 0.30853058869921657 0.3441064342855624 0.35397054717533966 0.4117903173548544 0.4045030870484671 0.37928689024306766 0.3952358077545364 0.37601792527909317 0.3736915846885961 0.35691300378101015
0.584677938179018 0.6047072552656004 0.5881662506291887 0.5664737003060406 0.5363272991319114 0.5620076264941812 0.5615773714420512 0.5364734938152722 0.5335335977564524 0.5203776396114871 0.5103644324606442 0.5504657932533764 0.5571609756858813 0.5187707194718698 0.5073609867752126 0.5130798097748868 0.4566023948682221 0.46629365414013807 0.4442566951513673 0.4198283220418252 0.42128979821752305 0.41085103179806265 0.41153522310274543 0.3913162094114232 0.40432917189934536 0.3668308664638576 0.35207885146668216 0.3648818944103501 0.3183810707597049 0.3026817978165207 0.3176401034678395 0.3204074088998106 0.34507080338252444 0.3110645607567086 0.3529504346912372 0.34674937291430347 0.38930462413559547 0.37842588692543344 0.4023315897865479 0.43097951716408917 0.3899080392292936 0.3924281682794349 0.37402649303120356
0.5657210392708235 0.5500511383045151 0.5384774847701757 0.543209130773936 0.5504096630528219 0.5679397669078191 0.5415492917542076 0.5320966280748718 0.48993730548515035 0.5212247462635395 0.4832181747543162 0.5416072842254388 0.5421789510807539 0.49356203963212003 0.4949717399351809 0.4988480153534415 0.4437541297199921 0.4461376325430496 0.3897157658813668 0.4062888224126467 0.4299157615689864 0.40816720462419753 0.3869853734885367 0.38935232845502427 0.41089403976743616 0.39227289759769834 0.38188115795462796 0.3585716659986861 0.3659654860332338 0.3201281838400432 0.29460208224163875 0.30738555369643933 0.323096658056956 0.33442410819773927 0.32624646566596205 0.330086538979589 0.3541093306412913 0.39770212490489054 0.43724885246873124 0.4431547075495417 0.4466341785220785 0.43707659132494325 0.4005266585723178
0.5320112247870838 0.5370840280893122 0.531333550918444 0.5165268561404046 0.527802159575941 0.5382766143860583 0.5255808914651817 0.5088813891014147 0.5057132358804123 0.5189312957955423 0.5206928754714757 0.5297361509078131 0.5236043731409304 0.5089871386470717 0.45807508008844616 0.4634553911627746 0.44424267086445746 0.4439559993771915 0.4066404215023524 0.4098229309243211 0.43079119489453427 0.3988743551926392 0.4062492353710218 0.3797758610260837 0.42127867311483347 0.3915491652237019 0.36769592252263805 0.3820857870648922 0.38614212056129443 0.3259951637600315 0.30855361318272106 0.34636363982219176 0.3200904076179631 0.3386424918085964 0.3312022709600379 0.3757311130826517 0.39624728354568206 0.4018401235941187 0.4194595098855123 0.4093037578710976 0.4065850978014952 0.4390828384960504 0.43213757863380825
0.5301682065351001 0.5432070664329227 0.5189291824769519 0.5383035644965881 0.5535157170244327 0.5451349896339224 0.5459633326383353 0.5061678929441938 0.5219384047213871 0.5131357881606706 0.5240004318070528 0.5258737754858094 0.4971495588599994 0.48693336493474154 0.43840655462188155 0.42980334432768114 0.44079521608327865 0.45889488683282054 0.4335516425882315 0.44221964869952957 0.43673970478761714 0.3954932930812402 0.3834998910235105 0.3768659790050511 0.40856523952291246 0.3988838774400877 0.3946375205214971 0.3817796905767587 0.3773338104011503 0.3228587758892962 0.32410909100209184 0.33547152640626104 0.3594459505212257 0.3894409848229037 0.3703197252227386 0.38885897625791493 0.3865764740506282 0.42958319604491624 0.42390578674091517 0.4450121076166732 0.42186031440114447 0.41814360648263177 0.4241563910924436
0.5136097832174381 0.5035951980566825 0.5194908744589153 0.5302062751397458 0.5244421810131026 0.5508722542581316 0.5592151669180097 0.5411572222503981 0.5313852692760356 0.5443039768192159 0.5046712565848455 0.5216974205121785 0.48210942067447227 0.4651364264854583 0.43848282678343997 0.4237119709171312 0.44124365095917945 0.46456799375450525 0.45932216856547187 0.436035110517029 0.4545477572516348 0.3992444983428082 0.3728148648791402 0.3927559983480636 0.3924392532709964 0.40838145487370886 0.39434792431218724 0.365892335658988 0.3431372401971819 0.34034979680498606 0.32436212871633946 0.35313766756340437 0.3830223878068868 0.3944688093640131 0.40252426844199785 0.3717539631707588 0.41719498009692574 0.4238187228021418 0.46220050409108104 0.441215225673517 0.4372928847869366 0.402980805460586 0.4338110488021402
0.5331958816031919 0.5176339676475862 0.5138193833870938 0.5062876485128096 0.5344128775332653 0.5758697812554694 0.5809161214287865 0.5758133384059533 0.5407742448885678 0.5094182255861094 0.5169681518769785 0.49890651965165556 0.5078987337787374 0.4681806287006101 0.4162396057964144 0.45872479167814223 0.46156642293774114 0.44080842967722833 0.4338169811349133 0.43471865008796334 0.45646511674752716 0.40422374364097874 0.38392554520116035 0.3961780696751731 0.42583704167032566 0.4219282096601332 0.369872279879776 0.3380818255750616 0.3519682908629988 0.3483652374588353 0.3506805258244204 0.35573451019684565 0.42032600638706424 0.40955681919153686 0.42863021895854597 0.4128833774785192 0.3967395222689611 0.42549939308322504 0.4639008796086105 0.45046267575335286 0.41296031517147647 0.42208899772080066 0.42569103714404044
0.5207996021914957 0.5086061286751807 0.5321064924285599 0.5399574483592594 0.53971851975562 0.5667221786140145 0.5785528520746988 0.5540520416359371 0.5478847685010008 0.5193438528744325 0.5294638660956372 0.4917419177709298 0.5007677722925237 0.47318962971541023 0.44756925985850393 0.4525889189726471 0.4469941464999521 0.4390801046198871 0.43227466246481494 0.4409832751767001 0.438519248622638 0.43207881441419127 0.4091990610233003 0.3959905695503734 0.39128010903456656 0.3899861597348136 0.36149704705588775 0.3497372743733352 0.3683682198096587 0.35179766313972566 0.39126419043737526 0.38471739804742283 0.41454979252333646 0.4093230235348743 0.40940356194504846 0.4312998642476941 0.4298796974652982 0.43188756698431213 0.4559247725925123 0.4473612036005349 0.42782624513445855 0.40725212384097165 0.4183474594140232
0.4811286643230752 0.49059813607705316 0.5173860272554666 0.5340383752216978 0.5588359541831996 0.5944972107362393 0.5764173523314474 0.5769286174950369 0.5414194939317698 0.5336893938647087 0.5153847501811112 0.5040512503570106 0.49805859510566675 0.4795360495629275 0.4524033506405343 0.4485766890543128 0.46006901625808116 0.4521368522357701 0.4829146739865846 0.469126367690896 0.46024746571890934 0.42563577340287045 0.4263269419010568 0.39519017109554727 0.3966123900592255 0.3789543163015812 0.3590716596937735 0.37526879312705475 0.37106982095630253 0.3862417469661505 0.39593230631237697 0.4125711753738049 0.39130688027068156 0.398395136028511 0.39428465308016475 0.42760881933392003 0.45926451849792077 0.43601621405144214 0.4818610194774283 0.4480387761794252 0.4427834965896625 0.4349197099155436 0.3815859234612618
0.47490976656667605 0.4914498970162349 0.49861497280068595 0.5317029418657845 0.5875088758148308 0.5935391899354574 0.5832700878702713 0.5524325584167836 0.5296008061575588 0.5365267860819463 0.5260094093329495 0.48120437213998124 0.5054241324265438 0.48175315964367055 0.4890689383666279 0.47824816138104137 0.4847666081158602 0.4658044720111696 0.4527704464616434 0.4723610725576062 0.4749047278840916 0.45267531931053306 0.42895622021424945 0.42410637381911576 0.39970694060073253 0.37996446385047955 0.3512109849207646 0.364813907228451 0.37303052596782105 0.39012431293515576 0.3932539305424154 0.4051360725099086 0.412038634033776 0.4109724548517007 0.42857982139017914 0.43786766121727694 0.46228035291869446 0.43300728513315406 0.44303126238869794 0.436243730948735 0.4660680388493702 0.4514605564930847 0.42211767941477313
