Raster_benchmarking/continuous/raster-303.asc
NCOLS 100
NROWS 100
XLLCORNER 1743158.6519127637
YLLCORNER 5469282.025189994
CELLSIZE 10
NODATA_VALUE -9999
[rows 19 to 37 of 100, columns 43 to 85 of 100]
0.5222755287779696 0.5343127276656522 0.5232298905071279 0.545644777309048 0.5341000866785317 0.564369498386919 0.5849771287999902 0.601251871491257 0.6378996061442646 0.6644409876122159 0.6159726408002898 0.6160106789896082 0.5468948051799326 0.5210085075807454 0.5634034750133948 0.5460385426262421 0.5338069252171256 0.5150252044257223 0.5338870555004914 0.5425301107830852 0.5407423209909149 0.5599509807694614 0.5630289671068146 0.5503436152417442 0.5911040772156056 0.6130717836279651 0.584248711140221 0.593370709312214 0.627487917038398 0.6696956718268081 0.7189062793092232 0.7522412575221793 0.7692593263841137 0.7646265523408446 0.8052516163711531 0.8142188160731553 0.8065343980536623 0.7843825138576902 0.8008967645397314 0.8089432452487169 0.8333461508656571 0.8492170594099083 0.8361720016654393
0.5039522197184021 0.493442462344586 0.4642276615134058 0.47238359362671517 0.5140184720091929 0.5312267160522146 0.543227865074474 0.6055248400537898 0.5982013550798911 0.6657435165499256 0.6239654951097631 0.611199796951233 0.5650377291999572 0.5638346714379375 0.5446047780002983 0.556940434628247 0.5690624355833541 0.5531516163089547 0.5146967063246948 0.47301128871988257 0.5437475513859887 0.5285346922848295 0.5446777890081205 0.5968397456523943 0.6227616450605666 0.6207550482856932 0.6009615663122684 0.6103838222818295 0.6102704155983051 0.6334173235266694 0.6857354882951832 0.7235060848024438 0.709674270560356 0.754589232561606 0.7813776379955295 0.7572254456725181 0.7509017077102312 0.7742051220636162 0.8370860895123887 0.8600829163501285 0.8754236997466496 0.8706717841073511 0.8603270053991744
0.444383584624714 0.47693177012469934 0.47631555299918 0.45442851603554385 0.5156405653939212 0.5021132733239899 0.5269864949798112 0.5574718293575773 0.5898473695832633 0.645823316805999 0.6142393738099705 0.6211948909015048 0.5979641643472626 0.5604869205222268 0.5508768591406195 0.5695470517406571 0.553396090532946 0.5447548443629232 0.5045351126056109 0.46896832459808263 0.5297173358396107 0.5229150179834063 0.5740078869127551 0.6039646079673957 0.5934712844674241 0.6049309380762043 0.6043185219082524 0.5960379474962589 0.6153099296188271 0.6316954882624373 0.6795063643705134 0.7076156328849325 0.6928814887320408 0.7328689967779896 0.7463876500980882 0.7723156786581624 0.7655982236676603 0.8120453428425657 0.8401292754445611 0.8656928929437947 0.8373481471101589 0.8397814479931404 0.8360122797377114
0.43950064964863345 0.4658654410859783 0.4366674461088452 0.45433872352532645 0.4994760649437888 0.4950083787985513 0.515215867007122 0.5308352813055307 0.5856542981203126 0.6323197135749905 0.6042443125210352 0.6419539893790617 0.5867053726873499 0.6057301215256666 0.5650961741752932 0.5447651014048219 0.5170000310143161 0.48024643158533237 0.4785063023853973 0.47101923498821713 0.48946980171877097 0.5328326968214313 0.5633200649478859 0.5625040359685218 0.5745531788201074 0.6050460549836599 0.603651531876793 0.6121977919960471 0.6342189085320167 0.6459402793648934 0.6574275922182955 0.6603710396132855 0.7099764697779711 0.7246648325394084 0.7447968056516934 0.7482221785730212 0.7912669747459986 0.8349620183006516 0.86119463336768 0.8419548644410569 0.8374434711799283 0.809576668327162 0.7913919190682399
0.3945854626821857 0.4273974319679113 0.449910414401086 0.484760141917266 0.47036589544820856 0.48626481727258203 0.5079264709092145 0.5443488659262637 0.5437423356642316 0.5628872650438801 0.614135139249361 0.5881541001540029 0.6161694732904297 0.6146340935787631 0.5585854653514415 0.5541920596783395 0.48735629620594945 0.46135106222180117 0.4623725742024054 0.5154724190306232 0.5180307535304902 0.5053612512000323 0.5626656965280611 0.5831251697168562 0.6048273454673839 0.6109305951154274 0.595735907735563 0.6014045467270155 0.6371088783393378 0.6400812511495566 0.6261566591281006 0.6774303716390181 0.6883865073134944 0.6887673975121411 0.7158050131987852 0.7288150374729901 0.7421031348077851 0.7791292506540871 0.8174912350304597 0.8124064529811701 0.8534287918308874 0.8189895090194947 0.7888858817181403
0.3948233527510021 0.43932818976908056 0.45920045108177077 0.4885489001577717 0.4887765871584042 0.5039762055434907 0.5312068776567057 0.509177653243096 0.5150437169570375 0.5446706384084367 0.5846496731270072 0.5823083561653494 0.6065156821817931 0.5953878597722515 0.5688953723723011 0.5379764579234924 0.4921533255174867 0.49961452776120985 0.48710346816372635 0.5058284150325862 0.4916087004367906 0.5020266826023221 0.5538085649545659 0.5745410290738417 0.5735159787215669 0.6242158249612677 0.6033644056387419 0.6259467824663514 0.6228186464304836 0.6406358567024781 0.6625238578312369 0.6675515796310222 0.7019106455693309 0.7000714318193159 0.6797104647934795 0.6705355652257041 0.7474801512382881 0.8080272679739627 0.8147621100672159 0.8320251307996449 0.818983388870377 0.8286667814130543 0.8128732590075541
0.32502973288089865 0.3895429218088325 0.42552897312903204 0.4555568535940651 0.4542676951571353 0.5138240633856258 0.5103299124045483 0.538840115258493 0.5579085555638366 0.5487378898193562 0.558576557471374 0.5592323982390651 0.602838672102604 0.583333301990136 0.5897002573285016 0.527451097876041 0.5220172174275787 0.5397771204497412 0.5155317896654634 0.4940816675699322 0.5136621136377737 0.531841583329982 0.55243554095043 0.5591921945029861 0.5506235419666745 0.5834319138784009 0.549265975430728 0.5870732004532103 0.5820305921526385 0.5852917402318578 0.6154208091279585 0.6517581173289159 0.6611202754822714 0.6332912550885411 0.641871969171986 0.6577765628704387 0.7104422304508942 0.7307931542377746 0.7719130577969824 0.8206065760450014 0.8295067057672352 0.8093351649931041 0.8323444664707312
0.3417872894262069 0.3236540694849539 0.38268575450588493 0.37643818349246666 0.4307500516262331 0.5027739145377991 0.5300157188176643 0.5142964053415011 0.5620170159675165 0.5795000434117918 0.579755043344124 0.5727742665697731 0.5963833947860862 0.6424164559708284 0.6036648772837612 0.5740281571509477 0.5721917818470689 0.5614436548476442 0.5263061520602393 0.5521629585916955 0.5346693180036509 0.5015551846961822 0.5451297957618263 0.56935799376849 0.5220102414082036 0.5088185369705235 0.5652150187052213 0.5340132078636309 0.5878985837237147 0.5868997099302207 0.5922776057890434 0.6347832262896427 0.6216597988329358 0.573009378297065 0.5877801506484303 0.6431220644549852 0.6858618477740052 0.7307128422890461 0.7355051810540885 0.8244640382611761 0.8174352845816591 0.8332564741297498 0.8326208867797577
0.32406130891550594 0.3024490220529116 0.3410671254555671 0.3545255272075677 0.42694174668632745 0.4754057860163689 0.4856141479574848 0.510529476595374 0.5646396232844603 0.5540848777957045 0.560284372305251 0.5873814982500402 0.6373250690599238 0.5989223688558489 0.5698845755670177 0.5517527271917717 0.5464516043907012 0.5682780595393353 0.5854114102271989 0.5528482997196386 0.545102244469821 0.531544991480622 0.5258112647422043 0.565578967874809 0.565835389397821 0.5436931635544437 0.5821945144928817 0.5863562760757995 0.5910864450566999 0.587120534104982 0.5794637644111627 0.5940815235886607 0.5713085719874925 0.5561944343352957 0.5866828516684268 0.6412469650216482 0.6672431140924435 0.7046112036666627 0.722768537873516 0.7627895278083628 0.8155731082829264 0.8087435953755202 0.7926923530018539
0.32491323782773707 0.30875370224854465 0.32713845475630676 0.3518096137685777 0.3969772469359585 0.44266597910903865 0.4836879866024018 0.5551074166773826 0.5436671684262151 0.549170109229693 0.5769088733463102 0.6316687286737245 0.6123872607543233 0.6248598287167096 0.5889163063938126 0.5415495941223926 0.5824540965533549 0.5697107442692045 0.5531081679803198 0.5572202639981851 0.5638038288230065 0.5703567220274758 0.5168740732089029 0.5188269486309646 0.5739320186303082 0.5985173465299701 0.6018393339331205 0.6036845649369854 0.5790167049112543 0.5571524788142288 0.5888959968399775 0.589662396985021 0.5510360968355759 0.6011560972486344 0.5832805343815572 0.62765339926375 0.6842948600208989 0.7200439281446392 0.7389783695033536 0.7254030851823215 0.7672940970205109 0.7931550239586335 0.7939803413452524
0.36050983998921377 0.34355882698030826 0.31427347032503594 0.32963742076034636 0.36880070426976624 0.4217971180459282 0.4779939256435966 0.5189492815702635 0.5813885704944469 0.5600192756144188 0.6033022650509087 0.6115063814903562 0.5870451448778752 0.6033081130719281 0.5794386480054435 0.5367757787498099 0.560886696441488 0.5950512926189762 0.566456677892903 0.5734249587734884 0.5444375365262263 0.5825651084515497 0.5461434578495821 0.5244574672127035 0.5482698742335556 0.6186841091853148 0.6287055984454347 0.580302733863659 0.586291318927705 0.5864572665396681 0.550765367304129 0.5708834467912433 0.5409358510841257 0.5712137745912806 0.6031822203311212 0.6204934280263493 0.6546750282420934 0.7013359284151051 0.7059119169013099 0.7474796866057526 0.7934154276236953 0.80861250106458 0.7998777636223935
0.3425468057053653 0.35288991533132236 0.30313755671974413 0.32920501853745965 0.3545537902412289 0.39185397577348413 0.48230533121861535 0.5192213972589746 0.5692072591570443 0.5929778286259988 0.600886224089251 0.5532841584864756 0.5747502866716963 0.5431617768920042 0.5619238555364304 0.5209440834811031 0.5330709704231564 0.5764053902106578 0.5837639519482134 0.5559653224649321 0.5778812892620893 0.5608823914736227 0.5564733617977894 0.5511266403411892 0.593088819820396 0.5872430136263271 0.6257433039830478 0.6142543014292543 0.56687209931429 0.5547159005353125 0.5269976468787739 0.5246046399342296 0.566272504679788 0.5225657167111665 0.5682471863641076 0.5968648999506695 0.6470486597871122 0.6818282280422665 0.7379535172250901 0.7680924224842413 0.7996039891709811 0.8182942215747462 0.8075178160840388
0.3416417045282836 0.3330868823457915 0.3219687341111464 0.3590909112369052 0.3952202704800531 0.42127295268332 0.47196989781680304 0.5503008301498815 0.548742587495086 0.5997161254001839 0.571855059685498 0.5653227936877592 0.5492682767461549 0.5781713055605553 0.5503820683790188 0.5266784655319592 0.5365073088728362 0.5726110315151739 0.5778172625278145 0.5749718917123141 0.5970233815009831 0.5706267031094633 0.5826271222757288 0.573538569198172 0.6138143826845077 0.6188832819755739 0.6084844470165947 0.5792132472426933 0.5676042166418962 0.5955410681575378 0.5701809978518194 0.5847704923009911 0.5738309494557892 0.5872960195682743 0.5641814327550414 0.5649310202831752 0.6196658172223685 0.6811658973284158 0.7102286994470175 0.7530570661607149 0.7645135876065396 0.7914268230331806 0.8117726458328776
0.35089774530317347 0.34102010881884803 0.3626462143601639 0.3577740851856871 0.38637878709496176 0.4664762412710193 0.5246781153017547 0.5475113107322308 0.5494162605398651 0.5770869404202817 0.5680244389401646 0.5684505029480291 0.6113060463044241 0.6116730646993308 0.5486001259013253 0.5374874761454588 0.5499502126961778 0.5342921686789484 0.5803899986992441 0.5549551972266711 0.6135276724978252 0.6407417392165698 0.6377621766592458 0.6148320422194112 0.6221114366609296 0.6388388475247613 0.6443964542718321 0.6166242330643164 0.6189399122387532 0.5759997089358811 0.619374428460144 0.5891974135351254 0.5747316916268862 0.6022578772923093 0.6137162936758711 0.5657338576450714 0.6201140743026428 0.6747601749161486 0.721956092769078 0.7382569301351567 0.7398130391248761 0.7915697870718956 0.7923455271140523
0.3494094981878943 0.3497477092419423 0.38519267979645744 0.41713917932357825 0.4337054251489535 0.4448558938011234 0.512324078180784 0.5355961484962449 0.5547621554911687 0.5590714954787368 0.6063029585064514 0.593799200499663 0.6274300800538343 0.627568653629167 0.590290712443178 0.5702794986341112 0.5834762886459303 0.5857766443690002 0.5714236369826008 0.5603285531558836 0.5886787128949363 0.6578676938513954 0.6418972673251475 0.6029215040215082 0.6250785414879595 0.628832461470897 0.6472389537301847 0.6127408580723056 0.6078414103964325 0.6003365084489432 0.6393374981083391 0.6025268282844032 0.619232679028123 0.6051731898945558 0.623481191243838 0.614564534197113 0.598626213168039 0.6544740076755333 0.6753816346495438 0.7036462011275557 0.7612566461458224 0.7868886913758748 0.7435023167032748
0.3662684005281751 0.3888460357166843 0.38405196863121294 0.43505635811885085 0.45440704333089954 0.4439069335781207 0.5100478078270124 0.586455923230081 0.5912646498201727 0.5996620069067462 0.607589930405556 0.6436007258078562 0.5977034738421683 0.6213970839381854 0.5956949463290163 0.5867024687141322 0.5925358028769088 0.5971186085868788 0.5498990638107633 0.5651465775478287 0.5929125398997541 0.6629674707160012 0.6582613776791261 0.6206660624606971 0.6489396987197347 0.6425304755920894 0.6750753127018517 0.6395472414253462 0.6199775941061975 0.667109122138484 0.665741164668139 0.6542055235764497 0.6281243222868096 0.6051770349477413 0.6245874820685707 0.6332850244247928 0.6304471458358922 0.5859681840316697 0.6598782667488404 0.6814434797762507 0.7180813250428109 0.7469595408502538 0.728884517326796
0.4145585842096457 0.4341341643551344 0.4298182765053591 0.42043483116100855 0.4264151032268196 0.47065148326329076 0.5141963164860341 0.561296268420546 0.5993505329423544 0.602941074707754 0.6326864243158925 0.6173732379263522 0.6079132461923257 0.5945046042642831 0.6221033354256835 0.5932445877005099 0.6099548007321541 0.6083330992689218 0.5807396320863922 0.577128142557848 0.5982829727178547 0.6230919747944123 0.6392211562648044 0.6103995643557935 0.6027822712179124 0.6636485310400274 0.683349615747916 0.6760315218067965 0.6501079009610948 0.6787785200219153 0.6829441767049738 0.6456278887716433 0.6297793040654902 0.5805985105850512 0.5890443531279811 0.5829735504030481 0.5914679303895549 0.5781966063573022 0.6300004835815907 0.6580218019426735 0.6975382767714431 0.752862782627862 0.7585789856281011
0.36685500146571753 0.3996644395755302 0.3979296637166639 0.427978396119971 0.42969910300520087 0.4712224922562276 0.5389444643790235 0.5728262516197248 0.5743807573777044 0.6065457308291362 0.5778567908184986 0.6214874376435935 0.5975369225401936 0.607487405455693 0.6121974136549105 0.593906690749729 0.6015194284990211 0.6234887453719744 0.5856590186709312 0.5895657089176025 0.6008265911146793 0.5689578545318927 0.6045011076698861 0.6119319170199374 0.6405305689554396 0.6447379802501993 0.6853355027139474 0.7035645007036508 0.6886261059566171 0.6580316438860393 0.6724120169752686 0.6866606287565936 0.6337971860939589 0.5995811472938845 0.5956166578052515 0.6206796523424116 0.6099540195186615 0.5732248827041369 0.6243791446147469 0.6795623845418315 0.6942906666694303 0.7092796023612674 0.7326458884472069
0.38721289644878204 0.39440386633832325 0.41562173225184956 0.40979315726093496 0.465352167330162 0.5066159238416225 0.49345572036089136 0.5148764598572155 0.5195575004880143 0.5484270583718605 0.5588258606347495 0.5876706396262468 0.6181993492713239 0.5818682989973071 0.6153217431409167 0.6014811130689974 0.5861886014257061 0.5787932885711812 0.5922354866196351 0.5676104664382998 0.5655725590638467 0.5879236588801195 0.5843045495925385 0.6369442445606458 0.638959931291759 0.6627469095102476 0.7112108766237514 0.7107645168729827 0.6942074447589471 0.681795534836341 0.6719412615639413 0.6917217400150582 0.6793363341211031 0.6331234830436281 0.6014872772408018 0.6224561357751818 0.5901727259207147 0.6214748116418694 0.6571820316864808 0.7085920023871294 0.7283180470972045 0.7399443725514605 0.7329420197377688
