Raster_benchmarking/continuous/raster-329.asc
NCOLS 100
NROWS 100
XLLCORNER 1743166.388987679
YLLCORNER 5469292.604821632
CELLSIZE 10
NODATA_VALUE -9999
[rows 57 to 75 of 100, columns 43 to 85 of 100]
0.2800196666724713 0.27815303521319756 0.28440354475379503 0.297206615012153 0.2972672731608047 0.3214289250800837 0.30579043707182585 0.3227609355500545 0.3349636398171374 0.3462862796008684 0.3630698445012367 0.37175031342416526 0.3896910657115463 0.3795663076077265 0.3866349881261807 0.373862096060595 0.38779968887150884 0.3787124321736736 0.39926312400352 0.42028387944842865 0.43404624874816417 0.409942321399803 0.4300187420779817 0.45296526656990066 0.4925552623033773 0.5030007878711017 0.5143994613054386 0.5434894020285339 0.559603076264657 0.5474365417074122 0.5379217282728995 0.5643165503557347 0.5732852320634454 0.5571225886326083 0.5869040713494738 0.6365844760134622 0.6654922121676924 0.6964965583273023 0.7255412328062427 0.7419048629095341 0.7373919712202599 0.7576904570435893 0.7526931083259901
0.2826916723288758 0.30091173403453453 0.2886130008823438 0.31317974927359743 0.3287286371161051 0.30099537556487527 0.3131398226483904 0.32708451736103955 0.345134871600155 0.3661432482379142 0.36376494740272475 0.3845498006098233 0.3844596410436031 0.38078305047314065 0.3578196776430051 0.3511366289527029 0.32639223706729137 0.3847434805287508 0.41034559594886144 0.43486860275704925 0.45332689414280053 0.41649156638593443 0.42776079746776957 0.47894057606705276 0.5010767617486599 0.5083502478405038 0.5100481456930275 0.5237801542533235 0.572259058357371 0.5555236886075617 0.5288430349860875 0.5545472523928566 0.5311562153590245 0.5433139895066295 0.5990357801809068 0.6142957960298273 0.6721343944051276 0.6779899975083519 0.725510147762038 0.7491384234956088 0.7499494246308248 0.7813140758073198 0.782291179276941
0.2733446382330727 0.28584662581582587 0.30380716887466913 0.29060683109664 0.3145948069917406 0.3127204336635129 0.3416464875497515 0.3535114581313852 0.34801147540747995 0.34947260220783133 0.35600125891509415 0.3858213829792655 0.3794130593464664 0.38464182409597686 0.3612500097771394 0.3509732624564371 0.3332167752262193 0.36006624000213616 0.407792273993356 0.4486717389506425 0.46179779226188744 0.44072904656693396 0.43227034273862397 0.4754676218166544 0.5035187000641512 0.506076637815595 0.506806420527731 0.5418904301335298 0.5513880053038926 0.5322799624318159 0.5258325410028438 0.540217877331408 0.5225560863047032 0.5420364437620221 0.5966281098026475 0.601033371676841 0.6514653753770556 0.6663256183939001 0.7066598149893228 0.7550255103874725 0.7730464490072372 0.784491416674129 0.7844282316082974
0.29101588454437133 0.28967607289697295 0.28226964412412664 0.31759639674286366 0.33367564045094716 0.3126930264976093 0.34202474247834724 0.36863404875314576 0.36967169568023167 0.3454640153081319 0.36450479737149605 0.38584185399572224 0.3709070752618229 0.3773788424399861 0.3534303512063464 0.3726374124328417 0.3483560913699883 0.37006909974176133 0.41123296738663545 0.43624456804822054 0.4695293318054744 0.4714512626335877 0.4581840633197311 0.481658344202632 0.4961803575218739 0.5216341823968405 0.5247401940355262 0.5305685035538532 0.5028491202102287 0.5036716616377316 0.5249457597301544 0.5157295492698498 0.5354666985484794 0.5354871871453781 0.5706103245827906 0.5887381717445431 0.6133087414257894 0.6690827537202666 0.6979833024849702 0.7388045149432345 0.7816572024049819 0.7934242270111679 0.7879887797116868
0.2956193839437362 0.31328766174942413 0.31802394410145823 0.31037947139864663 0.32350918611627616 0.3215759787144571 0.33742412247559583 0.34791368935250727 0.3792493971733129 0.3541974948770114 0.35512655705401935 0.3733168423328493 0.34803887904047687 0.36128147299365737 0.35828292192116235 0.3715497460802192 0.36410413137432707 0.3624493595141548 0.42872972065279735 0.4543244975826122 0.4586718220701224 0.46664120526309727 0.48428167391047616 0.4940669548162003 0.5136132241064639 0.5055767567727183 0.5284385911313798 0.4983240670049221 0.5211767957666897 0.5183813884930154 0.5197391804814518 0.5330816801925866 0.5481389607027165 0.5666997874598395 0.5828622615835829 0.5960013628569044 0.6150020480323185 0.6560580911681303 0.7099068116636081 0.7474556861109485 0.7695205726954624 0.7779271537542234 0.8026204574134045
0.3062560732728324 0.3289879542106845 0.33223004223961233 0.33067984888018825 0.3289740532584997 0.3226597611421667 0.34133693246800173 0.3376016015788705 0.3782626476244482 0.37716970344246814 0.370486853879281 0.3431931517059871 0.34314634716848974 0.3491295711953875 0.3746919456538898 0.35870619353201544 0.35150249745447726 0.36892774492873837 0.4126373816741811 0.4168018601306932 0.45217031376746747 0.4888479888390951 0.49715529805325853 0.5205089989989112 0.530038933526797 0.5213796087525648 0.5236167986139426 0.5261357861071674 0.5075935752553963 0.5295835032708247 0.5515416449056634 0.5617132262949464 0.5338686248076696 0.5546599375374007 0.593056435367479 0.5972294175456613 0.6171810361325638 0.680984578107045 0.7284516463344993 0.7397959498834614 0.7791928536004491 0.7950254936791069 0.826861985449518
0.2774388835051974 0.305483419108651 0.3189014251998697 0.320833245852 0.3036954748487423 0.31896646460151973 0.348761457009227 0.33795085070230535 0.3375016666574371 0.3528302341780063 0.36279947800362244 0.3516361407309855 0.35722200263016135 0.35934199178429144 0.358656204484023 0.35066874793959957 0.3386603192104937 0.3733277416199391 0.3895396436331124 0.41452594454302794 0.46608874638587616 0.4760648950812888 0.48576548410053566 0.5076918259695447 0.5258778022246178 0.5299141806347304 0.5068922474953489 0.5229299106599679 0.5354063906227962 0.5375327828803028 0.5559622843436008 0.5551420689900308 0.5581536762154902 0.5802227628958561 0.5724865413593091 0.589393271673406 0.6247628573281512 0.6560874295522215 0.7139482142943018 0.7385502638235778 0.7824752834327933 0.807122034586907 0.8105312094199906
0.24172701020390752 0.28029310115313333 0.3182707842005181 0.30158980538800595 0.3166800647390952 0.3290703639728402 0.34049483965568367 0.351736219194527 0.3356517951156573 0.3612662192156888 0.3384109824472147 0.36408518754772506 0.3471876837657124 0.3680152688113443 0.36274850742872283 0.3569145723642963 0.3486929446894976 0.3690225671187825 0.41212563230396265 0.4158286094223029 0.4479279763771069 0.47235512491178866 0.5088853450175033 0.48309786554277373 0.48742345712798146 0.5095089041457226 0.5226809728407643 0.5378076989353571 0.5478033266374885 0.5359941442448095 0.5208448681440904 0.5317573906789002 0.54320336664424 0.5823190443289266 0.5820680282609838 0.6034095947397133 0.6376186144335539 0.642984849630094 0.6960693784603146 0.7187682441685851 0.7480353756832725 0.7901670432125742 0.8193164012079523
0.2544173152063601 0.2572592232379077 0.29514167876632813 0.31101424950468753 0.31845246684182865 0.3256417161861188 0.341095917277267 0.3280165087706389 0.335315503810793 0.3535711306631304 0.34412387795010746 0.35389881255467087 0.3692806296707325 0.3597803480067317 0.3471450819383995 0.37646971978990096 0.3818525414182843 0.41565529974159465 0.4299281400724648 0.4414985912077153 0.45665836779643365 0.47855806591755723 0.4724748772537758 0.5004614810755935 0.5130855172357726 0.5045119057162731 0.501275362717538 0.5186257416391988 0.5381822326105788 0.5570833818551864 0.5340780271992721 0.5359018522803431 0.5344723009875163 0.5499137843194611 0.5798891985680709 0.618559996579458 0.6198042924290912 0.6500767938905927 0.666230320718001 0.720566135277622 0.7226716092205905 0.7638411612881254 0.7847600841014546
0.23703658473144182 0.2668015094274299 0.29998085143980363 0.31567604096865576 0.28643045533721156 0.30926978319140047 0.3137617381505953 0.34046741223416227 0.35326009992043117 0.35480585639680456 0.35665195523071014 0.36969055973086373 0.37851911927049275 0.35460834710785455 0.34675020657826794 0.3544445932107124 0.3862015755736235 0.40923900579422773 0.461653344224437 0.4702383276858817 0.47410242170974215 0.47477934271473127 0.46695276115073836 0.5086186765501296 0.5069096335629238 0.5262885034529631 0.49985743633553026 0.5217019111341772 0.5521603569484241 0.574013511805423 0.578972427876065 0.5506567927740365 0.5570237593531115 0.5834861047408821 0.5874191428848928 0.6029297682020694 0.637991663583874 0.6643457100091086 0.6492844666781201 0.7052527268743989 0.7216457102270628 0.755934106581444 0.7653639961904629
0.2512399029126172 0.2665712088811811 0.2763313093545473 0.2956425646823074 0.29211005428928155 0.31915997834363585 0.3232454749542646 0.31689054287601853 0.3302262742184095 0.34114665817418516 0.3461209112592329 0.37128806934370595 0.36671106593634073 0.3639571146150168 0.36471202455468227 0.37545482279732145 0.39760412537791173 0.43317228832834886 0.45163416462603206 0.4583594675402663 0.4684534173326939 0.489200823010599 0.46412031815698934 0.4891410081437136 0.48990921891500794 0.5238086271731284 0.5037095899462021 0.5143115625007985 0.5552839794372274 0.5620716891495875 0.5815967124047262 0.5947548887214578 0.5969705782984008 0.5817893988482964 0.58679837101607 0.6321093856112336 0.6248036981320564 0.6645012493370669 0.6842258950701209 0.6922051423203361 0.7139115092657151 0.7319937690485347 0.7529702613308826
0.22578463509453336 0.26939240064244724 0.27356207246631026 0.3189545616066341 0.3383398531582961 0.34821953338358397 0.3145239526129897 0.3350227621035507 0.325733301972598 0.3415308545782345 0.3691555365981754 0.38416057124821873 0.3965222443540852 0.3633313096187024 0.3623091487460857 0.39165472827303943 0.42645902091550614 0.4486272524686612 0.4635060180357536 0.4700945927841462 0.481289953610251 0.4832511093211483 0.4716336173661055 0.484577396698631 0.48527001306918505 0.4979984913896043 0.5370564644806234 0.5410388711032048 0.5292811472854826 0.5414308031174674 0.587060359619937 0.5860980991566064 0.5923187490836219 0.5818630322515758 0.6117801799363919 0.6135910978703435 0.6357981462050486 0.6624666220363523 0.661845406379437 0.6853624062241807 0.6799269790605568 0.7090070133870121 0.7361727172095832
0.2529447906481558 0.27813909372491424 0.28154834870027207 0.3367370675097168 0.36380629523826763 0.3492095667585014 0.3436899469938747 0.31900307147936396 0.3549610489126762 0.36698635324951046 0.3771701582758297 0.3644730946482467 0.35168701272424235 0.3606211149915594 0.39624339741881237 0.3941072172041035 0.4040972595659743 0.42538295017641525 0.4458341546043027 0.46166394483723544 0.48794245440802586 0.46309204750679733 0.47600212880789594 0.4947224641600738 0.49092033121765255 0.4882412298340167 0.5265762924170181 0.5163650900242247 0.5085598265250074 0.5323111240760208 0.583619770536978 0.5879840619243598 0.5748003298756162 0.5762789548152243 0.6030627664222585 0.596998635839926 0.6038248674227849 0.6358361638219483 0.6625900603457949 0.6828208545639158 0.6872555517118332 0.7070957790134261 0.7363316965916028
0.2560588702354801 0.271651299007714 0.3034282715877087 0.3481283459705205 0.37978236054650005 0.3498889656716386 0.34768717029828056 0.35157919618682365 0.35189706815706717 0.3629758870301899 0.382667393240552 0.35950271953175134 0.35761776813990764 0.38288099211563076 0.400594719839373 0.3810689314854834 0.38617825958666807 0.40768702669700735 0.43668026809842203 0.4726645823154444 0.48917215345038007 0.4551376342891052 0.46479880374319565 0.5021261723265896 0.4908261816271173 0.48234372837869516 0.4993717561495464 0.5096743174478517 0.5273962332212784 0.5614027589643835 0.5578440061940003 0.5643388311354901 0.5982834877695677 0.577847901449081 0.5769093989414974 0.6032145710878444 0.5791126782885324 0.6172979787976958 0.6691350715356791 0.6760585409195885 0.6842852748443533 0.7130630767418785 0.718208668265496
0.26647065672242637 0.3066895126638713 0.3187479151341726 0.3727468475248406 0.3761814875972318 0.37662432989171696 0.36125964498251895 0.3435978414366389 0.3606262645005143 0.35875736320390117 0.374622493338758 0.39557446332503626 0.3953961375199422 0.403029491019497 0.40296422333147497 0.39005134909446865 0.39825272459940403 0.40793404998101945 0.4372732623444512 0.4576355255662574 0.4511333266182034 0.47377308102900423 0.5006535675917005 0.5044480212481512 0.49981544025512303 0.5216656031284077 0.5327495769755858 0.5306754846913057 0.5595006176638199 0.56151683473358 0.5577736582935051 0.5757115515950467 0.5920367403971756 0.6056801686388502 0.6229613528672225 0.6192855563993132 0.6173290983346366 0.6432964792512207 0.6515884629830323 0.6692789118970771 0.6813240064021855 0.6900322160691769 0.7063675351074756
0.3072236133942235 0.33295870215561774 0.35387754149051087 0.3861300963937657 0.3925638695603485 0.38923128743626273 0.37539272561657844 0.3530271508175991 0.37231911105851867 0.3831370988304805 0.37549303015646107 0.40908083232529024 0.4163011480086611 0.40026467782819825 0.4011531223147496 0.40867945283088164 0.3959712721663859 0.4318221886715627 0.43536389173082896 0.43925222979388406 0.4498375077447821 0.47406725610393097 0.4950082309344487 0.48713938694235914 0.4981755683697424 0.5428942214525263 0.5513854590137359 0.5629278532573552 0.547829265225506 0.574629697156611 0.5566781673227655 0.5690095544795826 0.6082720269831562 0.6059276575639976 0.6345776053465909 0.6460825303226232 0.6589511019756035 0.6403846781630379 0.6285506135892728 0.6482297239371662 0.6901254524125807 0.6919684626306797 0.70407145810685
0.30828821455749217 0.3241506844233312 0.34149924294200185 0.35728895773703573 0.39121352030575063 0.3746675557440726 0.3602011405012844 0.36584701787050394 0.36712149156142326 0.3584188939072206 0.3644639164790452 0.39229951716611383 0.4171884819288492 0.4180230881789277 0.41584459838032295 0.4132937554971371 0.42843855255043806 0.44783839910756423 0.4461506684556227 0.4585240262459595 0.459212679191341 0.49379078918447 0.5198064969335418 0.5185008979639958 0.5309603857890838 0.5505599558173704 0.5675980442205695 0.5528557949175699 0.5679426047145711 0.5791171214979903 0.5825077297624794 0.6052987452618026 0.6121627197849029 0.6173328187576637 0.6343272641752407 0.6626625130606453 0.6453767604098651 0.6618486945143685 0.6452110145018368 0.6587167661799755 0.6833209454641018 0.6939971373559611 0.7155535856260418
0.32204963100489536 0.3308121077123772 0.3508080424483231 0.35892673864783675 0.39880124245865006 0.3950854243420955 0.35099988608511784 0.33290658993686295 0.33913547645359793 0.3705468351358852 0.3839474392229345 0.40391839433047333 0.447756590502948 0.44418336741459585 0.4507397953853595 0.4331078175782753 0.4554693956302659 0.4538530037068691 0.4669414595692961 0.4598517652467348 0.49332210601938703 0.5004107701297256 0.5283336504396825 0.5233382604212603 0.5428393005691188 0.5508157746997253 0.549550855948034 0.5743307257904382 0.5710020090650585 0.5705436561646284 0.6152684795422746 0.6118415332091904 0.6282658304093948 0.6329803460890407 0.6199981268279932 0.6363599420405474 0.6709052921168102 0.6636670687049198 0.6526573580393777 0.6715673099083296 0.6996444543326167 0.7078779973738362 0.7126624353733703
0.32946741725017287 0.3497526011066465 0.36031053055579615 0.3880517757044758 0.3855052371063031 0.39208796089228 0.36969459979375935 0.3453518474709263 0.3618398186915495 0.3682749612886808 0.40375262976020604 0.437844918347622 0.46505347001914893 0.4584257072967599 0.4707836936609992 0.47909832022481247 0.46816203870923884 0.459768882749814 0.44628664575064114 0.4806570813659185 0.5001555938361205 0.5086053045996166 0.5173137543376768 0.5110062756257782 0.5186637415554872 0.5243069143718372 0.5478016325086087 0.5619671956586476 0.5652800663657682 0.5856871019970157 0.612739518251226 0.6404627593206829 0.6343594292189081 0.6322725516160704 0.6426783174737414 0.6609026761898983 0.653906667606577 0.6925119819714659 0.6820403498835019 0.7061215624603124 0.7079375721635647 0.7298307496350569 0.6951960673780343
