Raster_benchmarking/continuous/raster-103.asc
NCOLS 100
NROWS 100
XLLCORNER 1743159.0706262046
YLLCORNER 5469279.069008738
CELLSIZE 10
NODATA_VALUE -9999
[rows 19 to 37 of 100, columns 43 to 85 of 100]
0.6606911067647498 0.6674277237712667 0.688052801065359 0.7143161606945331 0.7166315711875205 0.6869209735180785 0.6877931708446656 0.6765061606812388 0.6644095955343343 0.6399261201480275 0.6125758510063171 0.6073854166060925 0.627400486567639 0.6430566669311244 0.6956101115802319 0.7130772390187635 0.7206377945599394 0.7078766221474523 0.7138766804605634 0.6942289029450139 0.7095914158149476 0.6969222260681567 0.6964203977253316 0.6934521200919496 0.7350702704119764 0.7479508704276551 0.7853095047668844 0.7905034952227313 0.7237476763173486 0.7361980326965969 0.7119723519598811 0.7101191533890225 0.7261825429952594 0.6953745294743034 0.737443574826066 0.7058109184537477 0.6630104493793462 0.7018094052378453 0.7467486791044691 0.7316114707965127 0.7137106966172673 0.6927867560442847 0.6654276861056254
0.6630727894787357 0.686683925300667 0.7039790707810518 0.73615510555583 0.7263165603347564 0.6885305811401509 0.6720584136886619 0.6555765309723781 0.6840900937934842 0.667703454336761 0.608450512653468 0.6216028395109129 0.6470844067231722 0.6609186848792002 0.7079077957835357 0.6998461799919853 0.7009738766157543 0.7091979066947235 0.7058010918326785 0.6791268997579739 0.7230284638703784 0.7086111158520684 0.6945842889657248 0.7028907197535158 0.7856567984494811 0.7982039757639142 0.8239604521256025 0.7845333215202418 0.713090427824349 0.6983569345004386 0.7110460161382491 0.7254451523369088 0.6855082370811909 0.7262325176212251 0.7649864819188561 0.7346789012289235 0.6905015987889301 0.7257491285991412 0.7529151680376833 0.7055890259779005 0.704202166645851 0.6968173239366293 0.6875653036379124
0.6607765381476751 0.6511039524410772 0.6948924785144742 0.715137936111352 0.6856776689349465 0.719752244316004 0.7082343106876862 0.6538780708355987 0.6641933620649871 0.6517352913535759 0.6608118359956656 0.6358369236177746 0.6488868138123205 0.650214569273154 0.6424325604508332 0.6918129971675164 0.7073035367133607 0.6873924902805992 0.6840842817456038 0.6913645155630312 0.7004503927283043 0.6801958762140805 0.6681814811202894 0.7247526181581117 0.7474941613314425 0.7640883597984238 0.806145567719724 0.7523218207417879 0.7115141454138646 0.7327033218813368 0.7363404452052104 0.7164939687677512 0.7152330919013862 0.7330835974080286 0.7230679695600685 0.695682002151943 0.6884791452329342 0.7183654757908153 0.7066721088622843 0.7306542992685099 0.717409974098581 0.6691925648633376 0.6461431220252827
0.6464434231813913 0.6891025223144611 0.6964631313300044 0.7230681770808528 0.6637975569402581 0.7215361758462747 0.7033882044685856 0.665853994296717 0.6646596825740991 0.6491469174821959 0.6653711170737596 0.607074230475266 0.6106470161946738 0.6184804642594383 0.634422761048599 0.6407405025459969 0.6706404258387604 0.658101865765823 0.6657648030210183 0.6850008680790869 0.6891405208455157 0.6861369621670452 0.6880681085162351 0.7137528765267518 0.7848958537047596 0.7669219944989957 0.7685780506433093 0.7402452698655486 0.7289171889762392 0.7523418291819648 0.7328141408025367 0.7046482310395403 0.7258253903643346 0.732898088569134 0.6767234196224331 0.7001349990784915 0.7155089813150417 0.7319620307923547 0.7180076113307619 0.6739477739937193 0.6850804140978499 0.6769923361443562 0.665569315501683
0.6465091301977614 0.6683119128409181 0.7218610846783877 0.70777579307273 0.699933772342856 0.6812733079876597 0.7144831859476041 0.6815136972553054 0.6593385393146154 0.6173007540204398 0.6332560215003619 0.6047715986403208 0.6025204830098355 0.5885192895480551 0.5905770832301175 0.6095238685066088 0.6553510741562872 0.6686826302333416 0.6742146986863619 0.6860970175607162 0.7035765722744778 0.7084267203345681 0.6967876612398805 0.744746539191849 0.8087606405181751 0.7815829345581973 0.7588822127574637 0.7842877288499185 0.751049876725572 0.7712305504400708 0.7265398513176913 0.7393892127089814 0.7236285785099664 0.6960776990012603 0.6710693429556741 0.7133383473329641 0.6723143776070629 0.6650925447294564 0.6490792575700282 0.6577639818423702 0.6999514192070777 0.6568318910737009 0.667898701923944
0.7004829558049489 0.6946284970652057 0.738668993035251 0.697825877292709 0.6762395414304512 0.6722723081144976 0.7020530762206065 0.6813853151546935 0.6793685836285757 0.6308183471302927 0.5784381356811978 0.5598814052421768 0.5751924388515272 0.6007733035853356 0.6018178538259555 0.6225299877349799 0.6465199643047831 0.6599701729526369 0.6833601084491768 0.7176432395265081 0.7140332420799987 0.7402376568053082 0.73517136592828 0.7592685862924041 0.8346814175498145 0.828463445839875 0.8166858058155876 0.7989182486860301 0.7657126284481863 0.7362197452205184 0.7609999568667255 0.7303936859398446 0.7629605623631882 0.7227904618797333 0.6842388811075637 0.6849535031968706 0.6917442608408199 0.6495483702111554 0.6307869159766555 0.6441841245164157 0.6993520580665853 0.6616622159937727 0.6643558720766348
0.6823972858690898 0.6883767033020389 0.7015232309180113 0.6967940478647606 0.6888086169666736 0.6999074247079285 0.6541651717245551 0.6444094336372015 0.6563432029453125 0.6251349982323918 0.6106952604012091 0.5940965022632214 0.6053621000224602 0.6003568685330471 0.5912118518006614 0.6132591959228225 0.6538930211532131 0.6668677498314753 0.6969363342589183 0.7274625307419755 0.7326341153482855 0.7827558903579291 0.7799303690291357 0.8301776624113111 0.8304515550789543 0.7834393251927301 0.7786220441500148 0.7914686075288908 0.7588837595520144 0.7624940062805228 0.7546605183598232 0.7507533323680362 0.6994077919274612 0.676016101816558 0.6632173801937615 0.6915126354853545 0.6652665561064447 0.6953641291719592 0.6822077151743873 0.6539821418222905 0.6449154398440075 0.6728062383476925 0.6635427200840812
0.6702211988858646 0.6544684617087662 0.715673157566168 0.6827665135532762 0.6953657951042497 0.6935627441653662 0.6206677671264447 0.6504365658260479 0.6022062647333145 0.6068116162159102 0.6207150270074728 0.6047198012177014 0.5497829853279266 0.5593020131646781 0.5983249553212758 0.612162254427713 0.639341743442806 0.6407354154435722 0.6752730835803339 0.7157777056697471 0.7748185990480678 0.7713748118683141 0.8239296682209069 0.8397904738160408 0.8149716608771008 0.8076547839701977 0.7755857500207384 0.8054473869796197 0.807408185312402 0.7549533936768997 0.7290771365197682 0.7375330921600043 0.701948974181451 0.702378893672042 0.6720086933716621 0.6938834329517959 0.6971119733233312 0.6731594060592779 0.7020976310815367 0.6413330120474237 0.6320254095443865 0.6802758237524322 0.6713384234011436
0.611468084663244 0.6388266536850772 0.6608077607241396 0.7075601084619869 0.6668444110310604 0.6592902203515704 0.6528353805331271 0.6174439305171675 0.6103649030322179 0.60481904212825 0.5901221100936865 0.5831992771863183 0.5783908537086658 0.5696507752304544 0.6197339642371076 0.6469910213330458 0.6322269226154524 0.6599106186658736 0.6922640069496452 0.714119021240764 0.7650992666771543 0.8127881798455 0.8002790542487784 0.8071992850526596 0.8162477433642443 0.7803580690951696 0.7665420649154553 0.7479162736567485 0.773289255941894 0.7636842507932309 0.756234501610212 0.7205279625021135 0.7010740870966885 0.6884679948361959 0.6465696237550559 0.6760468145569464 0.6846631298331873 0.7051712169566341 0.6732787536251107 0.6564932251605112 0.6569830110972453 0.6446510419026745 0.6550492337469183
0.6181004153307061 0.6323488132796881 0.656509033239517 0.6554511789785485 0.6935329862233576 0.6664818384777527 0.6469514034603709 0.6037614139327673 0.5638145486309114 0.5497448440444788 0.554345160101205 0.5315242569574161 0.5337056552823449 0.5913158085445449 0.6307401798381886 0.6706844733072207 0.6696439032689028 0.7242541515366714 0.7497730169167266 0.7529921479554837 0.7670398794674715 0.7951930645950457 0.7771112747938612 0.7782788678758629 0.758925750407077 0.7774690993950275 0.7314803979710199 0.7227366513592544 0.7362629294563757 0.7448622856271665 0.7333313356031038 0.6893583177371364 0.6994029505026046 0.663103940670944 0.6493433799859899 0.6755483786370706 0.6546204748412505 0.6878050725092517 0.6862936200054655 0.6819364896644892 0.7004308573155102 0.6633040373732296 0.6577969953277696
0.6283514110381809 0.620002993633681 0.6351680600903901 0.6631023248540299 0.6770912385348271 0.6938217909796246 0.6813301037880272 0.6405781744545663 0.5875880476688076 0.5565470630711085 0.5897073805122844 0.5467657341848716 0.5370318287506402 0.5886634530197749 0.6419670006252584 0.6751666618326102 0.7128831274930107 0.7168106700098297 0.7352594849428417 0.7363108822684861 0.7657481040083145 0.7789984647795091 0.7459880165957568 0.7520950892804656 0.7478932641192029 0.7472895159133696 0.7554535945753859 0.722510664952575 0.7663851546294213 0.7278076689303021 0.7386468508572178 0.7128667008685454 0.6443064365425222 0.6335182712463042 0.648468446793207 0.6305110769140553 0.6201160893243834 0.6378378788915913 0.6683347277264358 0.6607721524156607 0.6728741196387799 0.6489342404833841 0.6492234903544327
0.6697963706668802 0.6252775548622937 0.6327216111867398 0.662238069212902 0.7012263154550343 0.6604446260741443 0.6298338356692134 0.607422189157445 0.6151658743826053 0.6337419448031367 0.5929368413817998 0.6134179166356107 0.5978916573092362 0.6484782694564359 0.6938070080471465 0.7222318564826645 0.7426185575887925 0.7193856254121308 0.7181211328924854 0.7116338916880602 0.7090187963499152 0.7579963863249496 0.7926907083668461 0.7549899403459003 0.7787139624794183 0.7555597567108214 0.7181591424460151 0.7465300828538679 0.7602892948107185 0.754204046907703 0.75374212980957 0.7094091999071008 0.6317252169843471 0.6084488292513925 0.5819118456229636 0.6290111550912204 0.6286128770582573 0.6215373845304992 0.6138463285455523 0.6455975362488899 0.6687236435948908 0.6489479482151363 0.6161643746095419
0.670301540846951 0.6601832204851735 0.6556389162628026 0.6665602172499987 0.6702513270149689 0.65074956501185 0.6643440910279911 0.6419866247683583 0.6389875780779096 0.6579597969983698 0.6813545296852729 0.6665907489373748 0.649326859228571 0.6840026398053201 0.6726114454868004 0.6950149358449053 0.6999189370985959 0.7003984183227044 0.7247723147189986 0.7487930037860484 0.7320468866185864 0.7770125139598454 0.7438828096473119 0.7608733260537683 0.7281905205934236 0.7504371500405695 0.7651046685227045 0.7567038493895034 0.7673612970896269 0.7216115576054533 0.6993314548896608 0.6836663512845382 0.6461922154415748 0.6274780912074607 0.5778823370455672 0.6044978172003241 0.5891299667694483 0.6136401574023489 0.5760757923844841 0.596722007723856 0.627200255278251 0.65406658532321 0.6526846998608589
0.6642738715885182 0.6718117969352557 0.6693025300943607 0.653879276073917 0.6694355889256821 0.6943194994847054 0.7098711510493797 0.6630146733906692 0.6590419718628212 0.6849919274258296 0.6925595417545055 0.7161058041874325 0.7014463218216918 0.7216871060426681 0.6935399637329541 0.6808478389820871 0.7332853874671098 0.723945995260849 0.7217254250241989 0.7267077823097177 0.751293733397111 0.7355551809182199 0.7407089403550461 0.7590275554112377 0.7038150166696578 0.7043981184381524 0.7455612077396756 0.7809219548470832 0.7532520375362936 0.7402356321127 0.7279751109212914 0.6716886043111274 0.6385664426047424 0.6150784960045372 0.5950001412280019 0.6050030269852199 0.5855972655828796 0.6065981708331543 0.5665585598355215 0.5861548100240939 0.6264598018760775 0.6429000954974098 0.6772343400700964
0.6564746972056147 0.6764107004282038 0.6925915784056641 0.6597370935466027 0.678269011405563 0.6957147749567814 0.6835077751360271 0.6605289929413697 0.7000689586014022 0.7277783594176161 0.7267378861365061 0.7076339944943651 0.7282141350103123 0.7402502679819793 0.7145826789353903 0.6966451103472593 0.7056372181872714 0.6862397800296254 0.7141176850725545 0.6897691802224191 0.7150478691163871 0.7225753764516212 0.6991354779512301 0.7195782412259623 0.6989685663220454 0.7366758452441227 0.77768992559184 0.7740066808751136 0.7789960354135094 0.7796907888655776 0.7447707345742763 0.6778884544764031 0.6422380763377508 0.6130130531812148 0.5748203667233048 0.6034189895504776 0.584942080699603 0.5549406576158791 0.5478556657767499 0.5853891579069364 0.6413191510894274 0.6406746759088059 0.6968170601330907
0.6394689275298414 0.6682450993531992 0.6796078074403861 0.6776413186759457 0.6574201367202883 0.6683300219188764 0.6606584834168276 0.7078669307529947 0.7228035452670585 0.7272648717436531 0.7812782871509095 0.7300496992662914 0.7540831378700631 0.731697675886726 0.6977529604566313 0.6665119936503422 0.6746583988765711 0.6668012065423883 0.7093635316111951 0.7011328148263991 0.6719924098292526 0.7167058457229752 0.701972072101204 0.7094681164080424 0.7202348985302153 0.7362637070083318 0.7575173383430127 0.8043884676214613 0.8001191845581821 0.7898176816186672 0.7253919516856128 0.7020245893248129 0.6818348752619504 0.6413443011014697 0.5935450989369637 0.6231714955934762 0.5980166009297847 0.5960912729437094 0.5716821212989774 0.5981417366195584 0.6242860701416538 0.6358423853603282 0.6697550334407771
0.6609574680280365 0.6946513881461425 0.6678960277383117 0.6663640965671945 0.6717679112371574 0.6824080391597489 0.7107447403938814 0.7058370906258409 0.7074657612277749 0.7468984434422419 0.7738047083567534 0.7479941928519988 0.7546768282511359 0.7307478819059186 0.6880534457308002 0.7121794468257976 0.6967449155156399 0.683252960960523 0.6781273079705232 0.6634594567342094 0.661838886885121 0.720405284493837 0.7035137799360742 0.7133628368148313 0.7163263116981265 0.7425670644608214 0.7783715776788844 0.7931959069558443 0.7821504534003986 0.7475483395437154 0.77064042365272 0.7591009324276138 0.6823365849715755 0.6671891722227016 0.6527334615068321 0.6070589813585184 0.6176857976406467 0.6211889265712833 0.6031035600994961 0.5865778035462312 0.6085943045609803 0.5844680546246718 0.5833672297764778
0.6804745566841833 0.7098798508843367 0.7044696804187917 0.697918717402216 0.6593733479808188 0.677010611252321 0.7202692776934866 0.7264855064429416 0.6992116257405337 0.7466156560711006 0.7615404177392562 0.7573033802865784 0.7802477631238232 0.7530477473886974 0.7267366997519629 0.6881683698069805 0.6426056506917233 0.6889290452919983 0.6340256796771737 0.6848185734798433 0.6695345985957434 0.700864404243741 0.7648245839123133 0.728952661222738 0.7435400037367258 0.798020521742321 0.8238126066760048 0.7934638497449882 0.7774666761003103 0.7965034155503029 0.8009092532652987 0.7414722798900131 0.7258141239561287 0.7056114772756356 0.6620089397832191 0.643846953875497 0.6353049532798516 0.5924941544024991 0.5653342816008607 0.582425492486118 0.6245009312779501 0.5952275376995275 0.5351234822546851
0.6283071146921485 0.6672191267481208 0.6643582227685564 0.6877776113059718 0.6527826360348162 0.6882587525573395 0.6668070925103557 0.7208731269791452 0.7367716947025652 0.714546586911723 0.7097498239841102 0.7213813795996247 0.7608791744376885 0.7320465050770569 0.754204213903362 0.7395179789347102 0.686533266580853 0.6957265742585057 0.6812626827775503 0.6620100562036894 0.685384726463264 0.7289824901382598 0.7127477237998784 0.7557306605395068 0.7804881026830243 0.7875923023988103 0.7646590340884387 0.7750002284936754 0.783394717597716 0.7705336201286376 0.743718617914742 0.7510736742426228 0.7533503421087023 0.7014463685508714 0.6874698949702541 0.6578270873074186 0.6508403177814969 0.5813466753816848 0.5589887645725667 0.5743577168944238 0.6216123362274225 0.6025099933249809 0.5708591979484304
