Raster_benchmarking/continuous/raster-160.asc
NCOLS 100
NROWS 100
XLLCORNER 1743164.2186135966
YLLCORNER 5469281.373860004
CELLSIZE 10
NODATA_VALUE -9999
[rows 19 to 37 of 100, columns 43 to 85 of 100]
0.4043670114941512 0.36986702347902617 0.377743646722074 0.34699201730328944 0.38251684652315227 0.39864046656469254 0.39453594283670906 0.4054014097205981 0.3711595640206004 0.3601619305442496 0.4046207089923541 0.41954785970097047 0.487824874608851 0.543014876476834 0.5783538205772761 0.5816697062993748 0.5616354967077586 0.5933577256161973 0.6093465310629014 0.5815725881765347 0.5846216687744792 0.5777586599751764 0.6422362803158124 0.6440339102071789 0.6857027896608049 0.7544639585519948 0.7470771674721332 0.7505557537461505 0.736057092820137 0.7290322406482885 0.749462002376929 0.7484673593728028 0.7019430193215049 0.6594362142482806 0.6963246460555238 0.7057794383730788 0.7373947887491327 0.7706959096290914 0.7975777570318954 0.803698517502939 0.7777520763895963 0.770168999338653 0.7785478790591346
0.40813364766654875 0.4179180540098367 0.4098144346850978 0.3828565549509784 0.42248792866962975 0.4193660595514963 0.4034315160360466 0.3957507480303763 0.38504076967757517 0.3754471916561625 0.3883322783759667 0.4327004308756085 0.49195732112206897 0.528539000660996 0.5603890737536591 0.5598953434055388 0.5909129289891536 0.5722235920703672 0.5966338470114796 0.5590650387614309 0.5756912171005955 0.6148239597725982 0.6237667650812728 0.6426748684390369 0.6963161104915323 0.6853742814159343 0.7232548280465323 0.6842957484142194 0.6961243860979821 0.710180679596079 0.7296029571622865 0.6764887544013679 0.6695734372816087 0.6696216122073562 0.6838975750737339 0.699260312255187 0.6835298019324577 0.7075727820553578 0.7553280611392599 0.7549539751588102 0.7796125950732995 0.7570955979886393 0.7920046048788651
0.4033343076041412 0.43183436113436374 0.43543695341070776 0.414716109863654 0.4349006833336847 0.4517211532550401 0.4164449210934688 0.4388311494929258 0.3990452023613973 0.3387078768032843 0.37044512772003474 0.4203517069871234 0.5076756381477728 0.5225026158194228 0.5327417891696237 0.5857062653667751 0.5546385474641726 0.5749096489576974 0.5594607014220863 0.5708583611117731 0.6002176112985339 0.6026493908912599 0.6125662227527077 0.660730929348153 0.636633397305853 0.6771899230975779 0.6813227105263492 0.6552375735773309 0.6803908000530821 0.7070322646690396 0.6926994847489215 0.6314488998082198 0.6492655689679847 0.6308637579849667 0.6361282270358144 0.6774008066463932 0.6757845642868495 0.6744256377059066 0.7461074987950138 0.762438076929968 0.7777741771025096 0.7377054152054082 0.7627502122509993
0.45576008426247105 0.4122967960021862 0.43461769576779025 0.4056070803997658 0.4370420762397523 0.43843046045139666 0.4565850163721849 0.43433509136473064 0.4130444008496412 0.3667560641555424 0.43494852750758 0.4583411310501732 0.4822454460091629 0.5292907578205451 0.5664717510245122 0.5449738201730507 0.564624728890521 0.5551554235227746 0.5671554159854426 0.5729145538040278 0.5939636933000586 0.5750607616867497 0.5961551040415359 0.5995287681905731 0.619317584913695 0.611490487950741 0.6378745407554556 0.649732236845593 0.6517814479425712 0.6602011344175761 0.6032768510993866 0.6064985588159696 0.6406740430684188 0.6540708883856367 0.6667317756419641 0.677729220397786 0.6735912357948813 0.706672869645294 0.6917243273144099 0.7087677281515318 0.7241355715491902 0.7553087682559388 0.7906528219539151
0.47636999224090265 0.4110955702845799 0.40765318937171235 0.4089183793618664 0.4506852933542801 0.453484171320305 0.41473749324369114 0.4082932506970306 0.4198035532352943 0.3906307343794921 0.44066362453654634 0.4908901996448769 0.5258927622184081 0.537820633159415 0.5387234453430828 0.5660227126959844 0.5445118616824522 0.5527503664845193 0.5392521746467583 0.5886148797541174 0.6020825829135962 0.571365291211388 0.5720198887940803 0.5868230748433199 0.5636917015605368 0.5753938863629627 0.6139505504567035 0.6357467994547912 0.6145467231997388 0.5688026409675021 0.5985894748535239 0.5902351114516878 0.6083757453971033 0.6516910558473045 0.628452789310057 0.6497078783521392 0.6542314834015761 0.6924411862886511 0.6788127471277333 0.6709562382917933 0.6965172931018453 0.732024694072268 0.795938416452482
0.44962247662320076 0.41122393744587393 0.428195658053641 0.4290777860715272 0.41399079420166335 0.43484854580416343 0.41837915273582804 0.375722042757384 0.391057388280312 0.4369752567428367 0.42561450539479045 0.46426618442209877 0.5113846398157372 0.5192964133895331 0.5413156884320103 0.5581990507043944 0.5664268089822874 0.5597158158852142 0.5399900321954167 0.5364535793426083 0.541731869068578 0.5347841288433907 0.5572077801543223 0.5906175371075643 0.5800655882914724 0.5747094081045975 0.5590254241725191 0.5895667359089569 0.5725934672586552 0.519972305808385 0.5450607692230995 0.5960422585771775 0.6133419740249745 0.6402579776528559 0.6549127128734212 0.6063132867580472 0.6340355400929056 0.6582992711477157 0.654661726358769 0.701310200576865 0.7616175726862926 0.7813369482018928 0.7819987863453817
0.48291625501411595 0.45343103726768724 0.45378144857078945 0.4270015884343116 0.4287012822689664 0.38991885374434315 0.4085525409864818 0.3990663142952254 0.4100748054262739 0.4479163973742565 0.42591634164256303 0.483562601087307 0.5050592423796582 0.5064488332814344 0.4919149663668057 0.5039825916308722 0.5547805681660515 0.5358715435270642 0.5404576835039043 0.5639884474015335 0.527345432778856 0.5420835053444542 0.5421789925194423 0.5437060291278673 0.5660205278297747 0.5263891097018375 0.5482444129956439 0.5331416164504207 0.5114576458406505 0.48154459008010897 0.5568669093238152 0.600757523604018 0.6146326808145414 0.6405577149530591 0.6132459637977734 0.590050123121546 0.6094968080903529 0.6070741628126762 0.692932976782287 0.7324708028265677 0.7504170710493323 0.8028683355979004 0.7882775553535122
0.5252345285871747 0.4644076815422576 0.4692458615140416 0.452797967570352 0.4349293536794482 0.4307761634623031 0.4204461429596788 0.42504545554612866 0.4270981376246924 0.45497348727196507 0.4352587269864743 0.48247083965097187 0.507655002760578 0.5176645036591876 0.5036478745142272 0.4855631342339328 0.5181600007980767 0.49597729905698656 0.5356048310584174 0.5335065761405741 0.5162222431298265 0.49036440723940494 0.47567925779733716 0.5051353824008645 0.5082123512005073 0.512400648398277 0.5220001055468677 0.5305038232381568 0.524504552896489 0.49988871595946904 0.5336656026185157 0.6004264819576348 0.5909341086083458 0.6103305588661136 0.6036346099590909 0.5999086937562628 0.6499020177276522 0.6582739450606829 0.6966945846018036 0.7272574523839657 0.7680675741085959 0.8126567208294599 0.8095191867618454
0.5157675902413693 0.5081523503689255 0.5276419144544583 0.5158545524331447 0.45497642050787274 0.44174084099976696 0.42636964665361576 0.4419772300454022 0.439252980161219 0.3994771113272609 0.41719865490244057 0.44726533580340194 0.45977562611199246 0.49890267165937835 0.5044138828656759 0.4687543629201891 0.4863149134737661 0.4784138104301823 0.457137424946899 0.4590558019759477 0.49548009030540474 0.4719914770016203 0.4758071712813309 0.42894618256061595 0.43448548134978965 0.4681685088400167 0.46331793021790374 0.4944151295472932 0.5020181572636321 0.4910792120087521 0.5060556849392235 0.568019655993786 0.5989570160455869 0.6405968148596124 0.5991761444501478 0.6418170338333206 0.6378993301122513 0.6841983927612667 0.6902575165367622 0.6797976515494663 0.7113441684725452 0.7754375200027999 0.7803631300586159
0.5471321654413928 0.5587072118779619 0.554849916552328 0.5247778613234587 0.5131915989459733 0.48950914073900226 0.443865756704472 0.41754917809020775 0.42737928065758096 0.41627251948299127 0.40967864245977736 0.441073677136992 0.4356026500941266 0.46467961322197643 0.4859878553940237 0.49113758244856404 0.4836356984736071 0.5007176621052922 0.46601490710914706 0.5001667506906515 0.46185319859375507 0.4527292659110646 0.4160103582654133 0.4225155812171862 0.4414549774612211 0.4155730092651009 0.41947457147760814 0.4194220946374184 0.4423408797665554 0.4647811320596116 0.5207697244452764 0.5604203797685561 0.5880302973705481 0.5782460037757955 0.599674232249338 0.6456484112975167 0.6890020740984935 0.6918520713275916 0.7133143485930415 0.686457161045978 0.7310319314725072 0.7762565396691952 0.7520240756435381
0.5912619440002757 0.5925589741246866 0.5937047027990491 0.5840490476785654 0.5201454415222684 0.47937266354214886 0.4352063942478893 0.3956112720138152 0.420054720764341 0.43083339024180756 0.45347983588421015 0.4347127968417149 0.44888538060855815 0.4632188053115103 0.4662844086817888 0.5074287702029843 0.4628545599997367 0.47427225402132106 0.5064085888084282 0.5084911532507476 0.46708561130779547 0.4445356343730351 0.40887904572298767 0.4151728923605143 0.4203244042793858 0.3769233593322815 0.43353303199361803 0.43603758341865584 0.46405352697285396 0.4617821058160559 0.5051050732848893 0.505135922721998 0.5402295911500903 0.5342871557459289 0.5508974044883385 0.6410061433075779 0.6652250244913821 0.6874887478134863 0.6735324468192336 0.720130090049404 0.755970518576241 0.7450561651558687 0.730142653594509
0.5457629045173152 0.5942913245004289 0.568894490062045 0.5596789819126494 0.5461725223368467 0.45802871916373067 0.4309841722578954 0.4365673664737988 0.44328128257672755 0.43737357163294766 0.42441456714690734 0.4407614855758255 0.44716538073411854 0.493590466379005 0.5028831134711041 0.46886166359403525 0.4785348630981986 0.47887714206684556 0.49005837992078183 0.5016485320461648 0.46199404609589606 0.45881238785630396 0.4034815934981443 0.4054378630577782 0.4405467036773944 0.3827696034332946 0.3927056223430059 0.3941659270146966 0.44644236292366263 0.481786633493017 0.5029041492943335 0.4709954670294316 0.4867700638312222 0.5394814870949327 0.534481655624883 0.589549217094685 0.6250681514859655 0.6786467430934211 0.6760895493234004 0.7147653901239152 0.7351805626913911 0.7279418682594555 0.7155345350644216
0.5317172809702935 0.5793493808515742 0.5649804025502421 0.5643853330744966 0.5060992568903758 0.48025167827713966 0.43549684470884414 0.4201997111158749 0.440365570961202 0.46109419378560534 0.41778338780978297 0.4315094219068292 0.46298915315402983 0.5080797567228179 0.49791331011297807 0.4957124344212709 0.47762064108611263 0.5143014608521607 0.5042125761225382 0.4899006133397316 0.4749821008910294 0.43266119131726355 0.4173398299010552 0.4346899697223158 0.45657233584133555 0.43406539825379875 0.38439777595457764 0.3908895947584854 0.424018552920402 0.4567548033517525 0.47590336503256725 0.5031493796978497 0.4749867251139025 0.5118400841806284 0.5030928413745294 0.5497315017701806 0.6183341509388741 0.6623403410584848 0.664359279406122 0.6830910487749836 0.7139380912157353 0.6815568204619128 0.670186965376817
0.5702710229714433 0.6065308215246973 0.5849460991024639 0.542962222001498 0.5295881499771398 0.46223002000071056 0.4612651745220521 0.4068161627798906 0.40332553540447785 0.4247019401177751 0.40291201101586066 0.4366690831394291 0.461609319522049 0.49535412065274603 0.5275280910077448 0.5242604975518115 0.4927669089825492 0.5036347887119461 0.504963728557354 0.4698336069876936 0.47317120149656855 0.4267211841176589 0.44721995954046 0.4123215679687416 0.42342919480069874 0.44727218429507526 0.41871677080501124 0.4542002253022891 0.4535874878594099 0.45548803715299474 0.4932131004715082 0.45767475749950115 0.4664620050675844 0.49512984853203634 0.5194073028270546 0.5168807475243966 0.5962815068667493 0.6511855000617357 0.6233616386382685 0.6487860928173445 0.6617862910092611 0.6787354005079883 0.6871457952408353
0.5468554732596757 0.5856416442748014 0.585200185260951 0.5383236755394579 0.5177155857481098 0.4596480927473992 0.45063519870904556 0.43923078748492905 0.4379040337677431 0.40179385279991026 0.4290956346293124 0.42420872319342956 0.47895431278847633 0.5097537104714401 0.5203594540533633 0.5152655228940238 0.49736856772014054 0.4430967341535585 0.46028116288328713 0.47907685132125344 0.4513080101950433 0.4282095315380997 0.4078360176802476 0.40377939038183347 0.4081871999086293 0.43243696685393107 0.43817905366866433 0.4876541929149569 0.47309919570254877 0.4749782526189152 0.4656963182551889 0.4438492506075956 0.4329492101443567 0.4778652010703178 0.4766769988302817 0.5140400531016301 0.5694764238763698 0.6086684008023836 0.5966521092990182 0.6206893492647636 0.6499637684847149 0.658942852994705 0.6690589881947836
0.5815373824931477 0.5714414516192975 0.5279304061640172 0.5123430014131681 0.5169883098067162 0.4855413745762585 0.4325705170148165 0.44564620943513455 0.4479602131581841 0.465179492634916 0.4531809343092512 0.4850281830451177 0.49409095040889967 0.5102385228128458 0.5288668839452382 0.4713867683000588 0.4498585142609663 0.4271676206989339 0.46781404454126885 0.4373376930421787 0.4202196110764856 0.39816247236827607 0.44392651717868015 0.42489537849371767 0.45796159852955676 0.46182932916308467 0.475972150381506 0.4653759739252115 0.43710112570124543 0.4349299794785114 0.4686063350878045 0.43067815767074064 0.44068497339366774 0.4376673595596994 0.4832210689101125 0.486281616768759 0.5503923113817563 0.5518919116762251 0.5768035495972 0.5634833901510671 0.6103624444230557 0.6726455317803438 0.67306980419458
0.5503099187610188 0.5548675773369318 0.5101860568095792 0.4715903025309747 0.4843958388828477 0.48617374536744934 0.4549383468062207 0.4200797181713205 0.44507157929175833 0.4648133512866458 0.47324617067173225 0.48269237073723203 0.5066385870037359 0.5409764202402327 0.5176181594348521 0.48688499958655035 0.4378020018566983 0.4393013848288366 0.4503009627685972 0.41971652354629696 0.41770654505471677 0.38593171039462587 0.4487022601847994 0.46689223416317543 0.42727888681355164 0.43757372525019134 0.434177230493885 0.47440495877898164 0.4666217329050557 0.41815834394376505 0.4794811358466665 0.4789324326838978 0.48990597311227946 0.45602688890835885 0.49643668634365834 0.4879518686337224 0.5344125086114518 0.5424983738540539 0.5337373669696427 0.5437254577500142 0.6093958434343457 0.6485974280390144 0.6772931894718017
0.5214000377313385 0.4909348404527185 0.46651840948092677 0.4921954049658358 0.5050857538793045 0.5015221508828276 0.47100458423716646 0.4708981521081953 0.4389161467726961 0.4461316716928417 0.5086580048542556 0.5372415890880717 0.5067241942440172 0.5123329608749613 0.519693140676838 0.4974411992914548 0.45000450281866367 0.43816507938560145 0.4002903317415329 0.3826011304737218 0.38595858859775867 0.42113504900761956 0.411029971516918 0.44725790806169935 0.4525246823478831 0.43361126657582105 0.41127875812451253 0.42151759047509907 0.4229238842405896 0.4526794123371948 0.448349441171505 0.4922333938321964 0.4956073660668926 0.4949245697451494 0.5002512021476111 0.48475055626950486 0.5146772861545252 0.5058067419134665 0.5232219696294914 0.546403466567339 0.570211495340013 0.6297563951593174 0.6676450335970178
0.48756183949432286 0.48982455290454324 0.5107852290641263 0.46098554845130335 0.4884812924022462 0.5262386226718921 0.4921007062442545 0.47903232455238426 0.48681338731822543 0.46666442913174827 0.4901499094451254 0.5489097941961858 0.5138378210221993 0.5194260305356393 0.5029288319535256 0.5020480260256459 0.4686050989400823 0.35548787016408034 0.37732657494406363 0.4203310090920297 0.39804263680492574 0.417759495084345 0.40660745760304295 0.4026878220255344 0.43961032178969117 0.42510409595604015 0.3990556563930752 0.41657292363980003 0.40196601912626534 0.40859794320194315 0.41736047760206585 0.4682646284768858 0.476376927359626 0.5366382618994575 0.5163701552501921 0.47370949401597107 0.48127830439308805 0.4703971642143381 0.5445002478001689 0.5671754464714114 0.5900849765965683 0.6176145154836531 0.6307527524408335
