Raster_benchmarking/continuous/raster-367.asc
NCOLS 100
NROWS 100
XLLCORNER 1743168.392724498
YLLCORNER 5469292.692755563
CELLSIZE 10
NODATA_VALUE -9999
[rows 57 to 75 of 100, columns 0 to 42 of 100]
0.7327335853856747 0.7477623811224994 0.7841067111101496 0.7881812893583076 0.8000113827339658 0.7914087453207274 0.8120921123218614 0.8039934065430071 0.7685470807882571 0.7693093087963627 0.7848298774994609 0.770060801313646 0.7553722628833003 0.7474068678480199 0.7484716615762111 0.713470992377379 0.6969166382092851 0.6636930355429175 0.6628215195582964 0.6427915905148849 0.6406591242678267 0.6170963275170359 0.5741763848686584 0.5566562388725028 0.5497288960167096 0.5210095448682592 0.4718330804873223 0.4753003214137834 0.4462149466417366 0.41685013649358155 0.41521122376208947 0.37691984653925675 0.37529830160933 0.37321971813839017 0.35864899780388737 0.3594226827174509 0.3712981196658989 0.34338718750982483 0.32699513194135577 0.3420756087823577 0.337718958412532 0.33428161703699816 0.3389599688522023
0.7223781234272769 0.7533951632792129 0.7782801771318694 0.8054645197384948 0.8019315033477068 0.7866830522466947 0.7998872214136192 0.7928202767930271 0.7359737477892284 0.7363878006490273 0.7498778551250245 0.7543224893369753 0.729912044813285 0.7409188251361563 0.7498257164768591 0.7147886359457706 0.6496720660637761 0.6406313397175103 0.6343695833802822 0.6110351329411334 0.6173897421676855 0.6237927637252537 0.6123357913645199 0.5888281644546438 0.5491540998915009 0.49829359520194744 0.4628328313475604 0.4707452995089882 0.41848798479588284 0.4344371012003938 0.43600800585321914 0.39207417320023014 0.36678984803898235 0.359274651650463 0.35615478417358937 0.35819826360407453 0.3477920726605486 0.34349339402072776 0.31248381119948593 0.34201851356748586 0.35257075758440576 0.325757757381508 0.3425375959273443
0.7254592083774809 0.7503408957101798 0.7886050212608607 0.772618547519764 0.7988748268761289 0.7865070389465216 0.7494500283905914 0.7519985985179094 0.7203616791942795 0.7253186958247668 0.7484434884872763 0.7469227323403588 0.735425595988425 0.7459479788275027 0.7334788141953043 0.6874985304571 0.6751742442023607 0.6175197564747582 0.6010271232337351 0.6043728590130426 0.5852179718357052 0.578149535799363 0.5550703010027043 0.5442976296005138 0.5333250740994292 0.49156011028105967 0.46725237277814624 0.46021422065391276 0.4540459492446358 0.44967362150175033 0.4184724123633157 0.4094944695403324 0.37159767412412986 0.3362053103282916 0.3526013480901197 0.35428854068021104 0.352240748480655 0.3449827986719093 0.33910496480425323 0.34476380207794155 0.3622837680704619 0.3579199236242259 0.36154651623775463
0.7202269811459315 0.761029438462683 0.7868787780184078 0.7736323046306297 0.8065045108326565 0.7902248174186568 0.7446868235967614 0.7643343753516405 0.7624664507697778 0.745297381189981 0.7242080861769722 0.7319588068146209 0.690420858697331 0.725356150444199 0.7252592750008701 0.6918366436371598 0.6601293905696652 0.5950103955273799 0.5661020989940387 0.5793309886418604 0.5900143487182217 0.5693799929644922 0.5371047320637351 0.5154893598709831 0.5238547071827538 0.4885269434815538 0.4641403196172234 0.46336861858261946 0.4299580455994049 0.4461397984777341 0.44226900957228504 0.42842963088010866 0.3645156241103642 0.36786804103157805 0.3265508668995714 0.36870222389629664 0.3721496062251005 0.3558464756111848 0.3344509850734084 0.32666804570488067 0.3662315298733814 0.32988777370239936 0.3399251912170085
0.7141060553026594 0.7528458172961792 0.7816370690821406 0.7767237999394756 0.7756655422187934 0.7779884084195293 0.749293737919468 0.7640793265947764 0.7586186681174646 0.7161548844570308 0.690834172863382 0.6938525334592124 0.6971423313691757 0.7017214349669146 0.7190420090493443 0.6710957236211182 0.6211004920891706 0.6138766035548895 0.5942022996926491 0.5898302417484269 0.5783097916653706 0.5596587004609597 0.5160003662010275 0.5239088246195441 0.4875356208056909 0.4576894159151273 0.45892035855159136 0.45596375263511923 0.41923849121111845 0.4378130737058329 0.42122825730445185 0.4158105940182451 0.39356697486039405 0.3544554005213128 0.3755662652011646 0.37514697428529764 0.337501489994297 0.3389027363746355 0.33011624383866384 0.3473053257971519 0.32683570791954014 0.33790830983023673 0.32003165284212753
0.7015984939742893 0.758101113677659 0.7724095514291697 0.7693965214298251 0.7891448521642739 0.8012341995353339 0.7898594868909111 0.7717745832664235 0.7334013009080139 0.7396195574464943 0.7164267300854286 0.7096576373222369 0.7137947267372005 0.6872589503802756 0.7018976034717473 0.6450304287669095 0.6047465586888869 0.5993156446920356 0.6151753577480529 0.5653867228021378 0.5689372169188086 0.5115172079014348 0.5145839633219255 0.4898892262088091 0.47457105144458506 0.4601195775022797 0.45352579659976233 0.4146164375820099 0.40276233709185255 0.43662015823602307 0.4565009249813884 0.43882011611486066 0.4238598374633014 0.3670749819647683 0.3685622238196505 0.3524063672184 0.3391453807808941 0.3086465844937264 0.3040964990071061 0.33457176195214916 0.31470784645966443 0.3197774164510975 0.3173721193731308
0.7129585820428177 0.7393428098464973 0.7592406067525808 0.8061722600910955 0.7843165780760332 0.7823691344007537 0.77156975936835 0.7876640828824254 0.7516242962922418 0.7167096808587103 0.7338840166347271 0.7185115882808103 0.7178306836436064 0.7010663510550993 0.6623756118241833 0.6409851389163975 0.6049159321737951 0.6117425290139152 0.6060066079970248 0.5781382839943964 0.5208428214757364 0.4966698538981949 0.4584824791092828 0.46048543424629473 0.46296317102860307 0.4622524861694661 0.4306549129964601 0.4234491761646287 0.4439531557697046 0.440272356880944 0.4490808782625354 0.41293198809702614 0.38919901439707966 0.38318069841573055 0.38407949092316085 0.3650364983273894 0.3484544275095285 0.3431334177365636 0.3534071029565044 0.34209870750023014 0.3485945269243236 0.33750225683179813 0.31616220840448983
0.6737420846625576 0.7413347248778294 0.7899052927163701 0.819983706401838 0.8006286783117503 0.7937982395145856 0.8060724196471862 0.7513536679021481 0.7291908962750884 0.7358292583690463 0.7782381396765795 0.7406795818286137 0.7417261008849845 0.6951586130170568 0.6904559053119549 0.6419338484510544 0.6478582044447139 0.6011874931976215 0.5951456383191288 0.5821224325232219 0.5304598879550644 0.47644159683480136 0.44816072376394506 0.45936883619655017 0.4340467226339957 0.44356807454028335 0.4346443894026543 0.46937801315670535 0.464660380933767 0.43294267907789646 0.3991309753535102 0.41148223381402466 0.39581902113050754 0.39702882683383883 0.41294440832296414 0.3937801430783573 0.3412237999295634 0.35879007191969764 0.3541971123281198 0.3356265684272191 0.333495232619634 0.3244215369748686 0.3154366923194108
0.7090885478830309 0.7471014573511257 0.75768360792993 0.7924002499396019 0.770907043853543 0.7825118453510499 0.7895890266901557 0.7410191963609909 0.7469373889050593 0.7424587349067696 0.7477138506060322 0.7591860020313144 0.7567908690678844 0.7086383866432465 0.6601557710002649 0.6557255924110788 0.6275755283891058 0.6060819755165638 0.5746256780533388 0.5502283017076576 0.530424916175934 0.48987803703892907 0.4876210830596391 0.45743948263377304 0.4683484590018818 0.45897570542791505 0.4424816706304012 0.48216234925178764 0.4687146657718333 0.44855218822400034 0.42938752024291743 0.3979517336245664 0.37975252247492874 0.3848970422755172 0.38033040960179265 0.37415710681924913 0.3599596151613915 0.3460387930634457 0.3320438048985437 0.34697072933466366 0.3362372609341472 0.3454833196026572 0.32164702249935434
0.6867213362316369 0.7298523626778073 0.7657799407336288 0.7775916254539839 0.7696653001688352 0.765324503075319 0.7753539462683183 0.7505621951650996 0.7307116693315757 0.7523179064087401 0.7754096737483742 0.7307503820429492 0.7445613087079737 0.7013189830386143 0.6638190495515952 0.6313437831686962 0.6266979315277909 0.5893347509860657 0.5522380410378734 0.5534194085290676 0.5716849911286734 0.5436899773889741 0.4996500530171525 0.5075159567917386 0.48840337025155367 0.4996574375184857 0.4839488600148275 0.49591679477256156 0.4726699561750601 0.48712916511958737 0.46698243476384077 0.4297349109292563 0.4112156984823843 0.37889778008105157 0.4039778719313061 0.4062969024642756 0.41552453183138066 0.35372766244239334 0.3472120322664972 0.36615551750245956 0.33933813336569646 0.35769287411426576 0.3287992568392715
0.6504724097221751 0.6783154717532422 0.6922183742185978 0.7414995912818455 0.7733481635926396 0.7772181914313097 0.7424673709150638 0.727332271709589 0.7535932974242427 0.755675198431767 0.7641671571793482 0.7284914926346471 0.7401051047269626 0.7055999590204677 0.6521833564198044 0.6457516749825488 0.6267724121130794 0.5867179922168103 0.5715793444225654 0.5314866692392084 0.5593825670302351 0.5392880852833507 0.5227345718241438 0.4933019182015467 0.46913811015082524 0.47769979639877563 0.49425770096307897 0.5043751141436775 0.4779306638807281 0.47577911902342324 0.4817841500289395 0.4449661204913758 0.4205897752492903 0.39147203760562926 0.40742758474267265 0.4062576245968353 0.41433189821449573 0.4002968079087189 0.40679918559106065 0.39716162573362096 0.35294276387246 0.3318053688205202 0.3203948499713973
0.6718648159212548 0.6545661292882904 0.6722205983106193 0.6791423898693536 0.7153799814035547 0.7188558629051092 0.7622315701149258 0.7221954673213821 0.7154729843445887 0.7370953296695073 0.7198838028205021 0.6909363350911305 0.6922308029479033 0.6462239065583366 0.6390263866477902 0.6020375247300219 0.5879423960617185 0.5578859394371913 0.5492604105456 0.5237904119559177 0.5307048647487573 0.5141462379770746 0.5486359519419329 0.5017124302988483 0.4835535291654984 0.47403311929575825 0.49951891809701954 0.47085275733383375 0.4839788545187092 0.49426199514652064 0.4774065684259493 0.45273054839152255 0.43484385581814844 0.41069440586194456 0.3781889775476469 0.37239127551818263 0.391572114535107 0.416964872204277 0.42666719760509736 0.4138384587205526 0.3822077057769408 0.34826195033044016 0.34096134321335825
0.6519222580657785 0.634995476200323 0.6410623604020349 0.6668136618753542 0.6580691993183103 0.6989100783096743 0.7426921262431585 0.736755100424521 0.7143956593306433 0.6981916732487295 0.7068051335999856 0.6969009515532298 0.6789434640185742 0.6355724173283942 0.6223998082907737 0.6095390992865669 0.5780555825529443 0.5929036377756707 0.5887070300676559 0.5493435876977962 0.5230704289366616 0.5165469638911254 0.5034963568780749 0.5193704611625851 0.489803755621385 0.468151187153503 0.48409396039901315 0.47633530140867164 0.4642022774931586 0.4853300909630526 0.4813892183899027 0.43080066355599844 0.4295703271940041 0.4057328356067852 0.4020353767584888 0.3846808999597974 0.40060870411008953 0.3826447129787345 0.4251710927324846 0.39085328846662176 0.4099865042620856 0.3910885014081193 0.3970367497028898
0.6167779571541384 0.6297697554279829 0.6191246822928431 0.627245629907578 0.6287341543561751 0.6520128744963812 0.7040490628630778 0.6896457623727246 0.7147535653088982 0.669168150436901 0.654065115291568 0.6704419016084237 0.6548429184166437 0.6475065518515358 0.6479028823417409 0.6074280128018916 0.5831067956390901 0.5739635439503012 0.583024452616117 0.5573202945505583 0.5681870244084329 0.549701249681095 0.5075833503534651 0.4927222829669494 0.5006342136224452 0.4748520772416378 0.4791226244365062 0.4474685272549533 0.4377770344696682 0.4290008882744952 0.45205701101714674 0.4224082787540015 0.3915668143820458 0.3954639713724089 0.39943024116171433 0.3658198736789009 0.3901591908516014 0.393739180552074 0.4152977561470452 0.41222661673220545 0.41025715115682765 0.4283661075220981 0.41811681910397014
0.5638097607953894 0.5882302279988584 0.597774055525826 0.5979184111695031 0.626667063510121 0.6622762604749036 0.679830841200103 0.6846332411446262 0.677456325926048 0.650845920093788 0.6661950014889269 0.6434624753084999 0.6426540145519835 0.6548819019209009 0.6227262201640499 0.6081532879855475 0.564227577371124 0.5768571161453887 0.5692961005735654 0.5466814217870369 0.555297378029445 0.5150708845735237 0.5216296018375091 0.49027792483812344 0.49975358744559 0.49507053018198716 0.4694981767328362 0.4620157981578585 0.43354368035750257 0.41123346115369197 0.43083304367121483 0.39561653903327904 0.3613800867191998 0.36615480869997247 0.38453203830735383 0.38149351705032725 0.3868461966720105 0.4183320042684294 0.40506767075794453 0.43139217898848636 0.44422342604961607 0.415266487892808 0.42323389230855485
0.5535890089811135 0.5528530071134024 0.5605885201053837 0.5809840675994614 0.6007539562564546 0.6330538682798532 0.6535562601631388 0.6594788094242948 0.6324067781039704 0.636607759796367 0.6382387262935814 0.5984242196075715 0.6241222681101516 0.6329951260025278 0.6146353068368475 0.5855173261847518 0.5353401815168138 0.527576225970756 0.549172377895805 0.545358851647763 0.5447270160038508 0.5368166526714604 0.5134243848431396 0.49142821029660305 0.4827581325881841 0.4749699072529387 0.45580212278723464 0.4406075709487768 0.39209206383752676 0.37895952003011585 0.4243221278825181 0.41085241240555515 0.37600340669820376 0.3902120964847 0.36804811891025796 0.37108458847089154 0.364775224651757 0.4062095560372638 0.41034948363215074 0.4168762126277897 0.43852730148813646 0.4079482061502951 0.4246039947063849
0.5610032490753973 0.5641866362082408 0.5522252544594538 0.5737678320753614 0.5761410634264015 0.5965909738491588 0.6080126644061503 0.641546210505147 0.5988511083622303 0.5909348738075604 0.5736798943717029 0.5804240942104023 0.5783512079179471 0.5720982659181327 0.599244516501564 0.5669493231026433 0.53803026887939 0.5228371547742994 0.5255662975181761 0.5568534113945445 0.5592845774966587 0.5259519914965459 0.5223336309897938 0.5027733559135524 0.49878749504404285 0.4612400537935557 0.44587933706591687 0.3918919516257217 0.400873702950649 0.37214506088084953 0.37554926522362736 0.3928904294199488 0.3801066932532844 0.37415509940592817 0.35336102021223303 0.37230647804306377 0.3677435463987369 0.35946866208239214 0.40724364075481406 0.419420432293037 0.40850490241582027 0.41405697440563277 0.4016712046874269
0.554015816951534 0.5539155002508601 0.5807977181754647 0.577895901769567 0.5598040342550162 0.5884034817453061 0.5946356226283152 0.5930117880185327 0.5919356695434603 0.5541906539279753 0.5427064031619072 0.5720579444725014 0.5652272633571368 0.5572438072374545 0.5499034352655705 0.5248229856736085 0.5112352066402843 0.5395929615066294 0.5635388894476063 0.5420205764281288 0.5269744553978267 0.5338829393822823 0.5443696638669241 0.5128008602132403 0.4775713011953443 0.45054195177618195 0.42017835278517734 0.39453268815078585 0.37222740085358613 0.3401360086110833 0.3451245432399637 0.3599359223049474 0.35455329968427335 0.36009377020593425 0.36056644159863227 0.3561579810597523 0.34588161897774855 0.3372001471916987 0.34797908356795265 0.3729043564135748 0.39310968518916684 0.3740715986130185 0.3887420455702588
0.5720957746978036 0.5571295983085401 0.544443779520065 0.5319759020339886 0.5409709516512756 0.5838037246257274 0.6065005205102071 0.5885510805853047 0.5604977802737392 0.5308487247502803 0.5240222274928439 0.557883700768315 0.5346224282347919 0.5282929751903114 0.5442739128665344 0.5411265344892731 0.5368209980056216 0.531782991840154 0.5133651122905635 0.5060906349358454 0.5151712452653637 0.5023852103476302 0.5134790417714347 0.5170246249456744 0.48672225806422065 0.4538945529171488 0.41920276859927813 0.39750910882667156 0.3803062308003348 0.3535780985625268 0.35625876741671886 0.3691119711682575 0.36246287472067573 0.339285342722808 0.33799048400688314 0.3360770038894638 0.3014106027950731 0.30966228620388103 0.3074193141492219 0.32182654894785107 0.35687623122032247 0.37264664263181124 0.35870974739397843
