Raster_benchmarking/continuous/raster-158.asc
NCOLS 100
NROWS 100
XLLCORNER 1743156.058415875
YLLCORNER 5469290.032095745
CELLSIZE 10
NODATA_VALUE -9999
[rows 19 to 37 of 100, columns 43 to 85 of 100]
0.32440727789382684 0.3136502359573691 0.3098540860274953 0.33936576979207644 0.3413450493718037 0.3366931545632733 0.323104513586639 0.2927262941559373 0.2887048979069763 0.29238043590736296 0.2872969677310886 0.29461782623588323 0.3150905905500878 0.3239868152999936 0.3244091047839923 0.3070849749022969 0.27260561516773396 0.2756732778455247 0.260702835484448 0.2647665875103046 0.2713204361748442 0.2722710087705213 0.24532624924495744 0.25163339070510216 0.223936719059755 0.20496000810003948 0.21382980945627977 0.20252849808009032 0.18529852193692622 0.1910822034403516 0.17115446279777152 0.1715375777119609 0.1691129031447741 0.17072488557906998 0.17455443422044084 0.14953269059250787 0.12614025219223204 0.0920695975448601 0.09427457692677012 0.0920419331590795 0.08313729040723204 0.07829311599770486 0.06968291270101311
0.32580702354600416 0.3383418361917979 0.3139622701229087 0.3211797912700604 0.34680516166279357 0.3252932946989359 0.3048269101489809 0.2948599399408887 0.2912248343963234 0.29875484818510883 0.312301448539317 0.326803569200146 0.3092954952344144 0.31648090115673805 0.34687055448156495 0.3484181678323508 0.3304995802825206 0.2879438775843684 0.2728713301764241 0.2670149960042786 0.2922489786105595 0.27795273869007614 0.27291903641651855 0.2641508274944388 0.2172452028962639 0.19225127443411213 0.19386565254469149 0.19318867678713464 0.2184223902811315 0.21791489637697836 0.21093552261474205 0.20020717316780606 0.20814865860128803 0.18835747508337056 0.1895609436550467 0.15538857941489245 0.11570609437243534 0.10818280008264498 0.10358025148465881 0.07719949855721482 0.06494416831741696 0.06285256281848961 0.07546952586861637
0.3597646885565772 0.3399463856709962 0.3533806024835935 0.32985053886417504 0.3456550507164404 0.3157381847560806 0.33438091959006994 0.3090984691555374 0.33843865728174216 0.3402056435759571 0.34888778633980977 0.33148361257238507 0.3347947943618911 0.3529152624879982 0.35347688621404555 0.35351201272568245 0.35685684356213904 0.33043692186304163 0.29182777210260885 0.28782870127792276 0.29409118151858016 0.3016019471324581 0.2932304578080931 0.26316795035801643 0.21919853008802093 0.20870918638555103 0.2108291599009053 0.21030443944689248 0.23139481370032922 0.23084463847192155 0.20671114657326284 0.21842322716147755 0.20798650022196324 0.18859250944484865 0.1823950859333545 0.17222110411845196 0.12901053294562193 0.11741683214965172 0.122068644827952 0.08157691342429799 0.10394826842333092 0.09152334744580977 0.10066699504586157
0.40072327969272653 0.39996317280557914 0.3843433446749026 0.3501352152153051 0.33794298686197244 0.3385652518416233 0.340185082636147 0.33814013715312213 0.3440941462011352 0.37170137443234497 0.36684398013586605 0.3627992001204294 0.35895267644198764 0.3678781673648376 0.37788216762229876 0.35573046502416694 0.34993566169824386 0.33378365342545063 0.2996927267868365 0.31506332210673016 0.32483639926080793 0.31642318831653693 0.3097803488389584 0.28968503877785096 0.246992080383482 0.24460180550831453 0.24099505053802742 0.24329241583813957 0.24778636941744517 0.23326640476196187 0.20061198013396989 0.22292867590822465 0.2260867353668016 0.19021120849089734 0.19017331637078663 0.18558052019912993 0.14353018634378947 0.13917164299846 0.11927964770851629 0.09880547396550911 0.10798806100931327 0.09090999835850602 0.10589595872691106
0.4176291042197757 0.4152308374700206 0.40452344573436777 0.3836179245015571 0.37218698814122225 0.37503871050820403 0.3810970233481427 0.3745705439015193 0.3849597143758049 0.3949866983450115 0.41059510203977456 0.38436588104455816 0.37280028131281545 0.37645541977907404 0.3838485485105426 0.36627119356029453 0.37318431287853043 0.35523339084327554 0.34822166811664845 0.32564138572489815 0.32172001138178385 0.30847238946488187 0.2962755834503175 0.28629211888533174 0.26075461043651427 0.26222200939244905 0.24322863103956283 0.24071369031282602 0.24491264909081092 0.2218585198419269 0.22190686145937433 0.21855803505434998 0.22344899205893187 0.22189871951354376 0.18504768610186717 0.18394914526734724 0.154374951513922 0.1388041816169792 0.12648503871090708 0.09680324733964875 0.09075001659324006 0.08547908502392029 0.1051075660072749
0.41163719172504376 0.41222324793422443 0.3948887577528905 0.4049714674143831 0.3794211340055246 0.40177527572001354 0.4378653679312965 0.42901028129774366 0.4313815721752704 0.42764222039626637 0.43067707716479164 0.3951892423945897 0.3937340577564567 0.39341537218300465 0.37844511745350123 0.3612130665460767 0.35966551012363823 0.35779992415907863 0.35370395361354173 0.35392079751712724 0.3355738018725767 0.3160974214972366 0.2987415159819235 0.3024323718549907 0.26233203658412535 0.2754863019171072 0.24419159041746283 0.26879871054566984 0.26997848448486594 0.2640322436347717 0.23265883082015643 0.22246377649563512 0.21643854838999815 0.2257013463872836 0.18867601850939228 0.1942624383369487 0.15813159941019456 0.11972351507811915 0.10095584873040662 0.09895447468662882 0.08545138967183274 0.0944404253056682 0.11100901838531822
0.39602175644279675 0.3932107845155644 0.38404467751472354 0.39333185253433334 0.388408683063646 0.39763841977835107 0.4195250326833518 0.4334160526874994 0.4499009475026993 0.4467571027874407 0.45008533086638197 0.41313779449543064 0.40825871560118504 0.4204663052069581 0.3952800059645799 0.40889518718641793 0.3779838057850375 0.36820909982456956 0.3559194374991664 0.34168835928417274 0.3394346925676379 0.3249084769764384 0.3195748846523603 0.2958186179307768 0.28846852145289015 0.2755420743439869 0.2566461651375747 0.2622359646957112 0.2812577866824339 0.2692778576034529 0.2671385613620509 0.24508850376575894 0.24854670388621156 0.2335987234451728 0.2281768869189994 0.19604680469808652 0.16086072741956245 0.13453776021526623 0.13410423996560664 0.10867667302088853 0.11698331418027151 0.10788672750895842 0.09396798021323155
0.39908767324671746 0.4065169653518143 0.4177867041270095 0.40275511953035625 0.4181984349530173 0.40221849824678324 0.4220298884227186 0.4207140621135368 0.43863447926673643 0.45189008615177384 0.45703532031755484 0.41917180854661773 0.4155732438102939 0.4146094322371541 0.42576714233291046 0.41365035248620274 0.40962365725732214 0.4000305926072082 0.37191522692640344 0.35046403037296736 0.36199690435753223 0.349934414640357 0.32245611890907316 0.28562319681609094 0.2786659039042838 0.2842036827556061 0.25237108548961806 0.25421834269478955 0.26253593466347963 0.27866186891198724 0.28181106186415394 0.26020909327363306 0.2506273848035547 0.23603925994517708 0.23622995563624316 0.21230821950924622 0.19799873011647406 0.14814285429465998 0.14759565180940368 0.13143340481929908 0.10830258081248148 0.11002875833411267 0.07511700907037529
0.4400023844760953 0.4258487073788734 0.4099462389812935 0.421521446582991 0.4209758381553101 0.43042962643070454 0.4515350451975685 0.4573604637598821 0.4745992133807619 0.46316480630804285 0.4368105062787139 0.436959086981865 0.43814554838646563 0.4097354929166043 0.42382993256396273 0.40646554729801654 0.4242776992367943 0.38849524166093685 0.3589447745147657 0.35528054006776844 0.36386617497849044 0.34651174541285334 0.34295089551451857 0.3086617064653527 0.27265768156320846 0.2723164613491481 0.2681469138429945 0.2519743192745082 0.25481175223398084 0.26848648274887466 0.2810784821179332 0.25896851790528674 0.2737355247231161 0.24979125127977578 0.24366663291514618 0.21030255890818877 0.20916740050191612 0.17765896445343546 0.17356498793463218 0.1290865635144197 0.1173900864244551 0.10834513827710857 0.07796791220917448
0.4532510966250304 0.4555578484271077 0.43614811439813517 0.44845647505276925 0.47621968904160283 0.4501442500162279 0.4703129159079782 0.4833597916637475 0.48332561691945164 0.47492066728039056 0.4480076940818268 0.4497063088080658 0.4480897168505949 0.43317717369675235 0.4174029468331983 0.42183036624401976 0.4291282567840715 0.4040815790624071 0.385256452392838 0.3749974137071284 0.35208520317682024 0.34493715591584734 0.32553170789182856 0.31406998918032125 0.2841329187947235 0.27778595741972567 0.27225035760231064 0.25716428793901847 0.24162837541492033 0.26636414740196074 0.28195033551461196 0.25754088139822956 0.2751431683901917 0.24900565427921073 0.2672736189011752 0.21775020571893938 0.1940919129713796 0.17842301401660407 0.17016437017891262 0.14365917953557297 0.1046346760020858 0.10724311350109982 0.08435611034317687
0.4370856215749851 0.4419102209949438 0.4477330904132302 0.46766609329956305 0.46604408340228215 0.48948300164899683 0.4566193861518471 0.4614049981160211 0.48708001579302246 0.46317657195927114 0.43693922369511495 0.4480209472054472 0.4288893523880346 0.4273929058406969 0.43056995011811594 0.4271919507433191 0.3952641980708866 0.37785958002998055 0.35972027300541815 0.38218544917775904 0.3485309389482917 0.3563398621513686 0.31312143805391784 0.30203982241935323 0.2794517228523415 0.28105319373494464 0.27504053308706883 0.25792763932069945 0.25961673182786116 0.2771236126217125 0.27234446748502417 0.26586105154209455 0.26890350509025285 0.2518418470792335 0.23148624827446745 0.21217657326973283 0.19888924796478358 0.16961774399751997 0.16913857255569315 0.13669391266629277 0.14631631670204207 0.10870857225529432 0.09804965124763793
0.45169611503954005 0.4754578183841788 0.47661159523252106 0.49657280053794134 0.4934454673788235 0.46820070322114116 0.455830529131521 0.47526152316847375 0.4726043949406731 0.45003125921239606 0.43852129402812423 0.4473831545621538 0.415519303189555 0.4335716489905264 0.41334507589587133 0.42849300269358037 0.3983513076094118 0.37966792153803103 0.35858169785189176 0.3652553347776793 0.3663970530305143 0.33195114025664985 0.32767351457633176 0.30906876083064994 0.2693473197832727 0.2546926648763957 0.25287543885509367 0.25202589233356887 0.2540636747426626 0.2762864758356665 0.2704548400611269 0.24937601952843041 0.27195953779625726 0.2694742475616053 0.24661413767371507 0.21228638056553312 0.19954991575181155 0.19104162569039773 0.16040203043624052 0.15003847002806522 0.16660560225506527 0.12947536345180366 0.11446461093653923
0.4814817090217062 0.47391242607576445 0.5002207302738602 0.49831784935904044 0.5015079892180767 0.48720456934803863 0.47316884794356867 0.45415911201431397 0.45096608625315493 0.4330779030745186 0.43761106659648885 0.4297488755157503 0.4392999971570265 0.4332338314287412 0.4409520053791178 0.40865361028522956 0.38882834099947994 0.38871586102700784 0.35759726345467496 0.35714311293815937 0.36571936829970836 0.3420716191995072 0.32276856143898514 0.3083222491300421 0.30044873599269317 0.2708270609823345 0.2595942816531288 0.280129213789079 0.2875650072846134 0.2888501361239726 0.28729167585325316 0.25594240910872496 0.2653186658167258 0.25379348760685794 0.23262503919974029 0.23780639261525108 0.21737924858383992 0.18157710605144106 0.18567380671441322 0.15554642303028188 0.15296485798613937 0.14228437469713992 0.14680049889811764
0.49536511751252993 0.48248502176296715 0.5059071991244861 0.5081213901321963 0.5001481700822313 0.4875568954134945 0.4475760486367855 0.4455398210427251 0.4505520675172702 0.41833232421499417 0.41227605884937063 0.42318437665730335 0.4546668913913799 0.44501394842948705 0.4400521080501406 0.41216848662208844 0.3797998061914248 0.3791652837931924 0.3617928158606619 0.3517161671080094 0.35719005020944067 0.3363833625701601 0.28650777036056496 0.28463412656092685 0.31126007019645036 0.280864825464053 0.28517507867859815 0.2756765774552006 0.29053555020554084 0.2737276947599162 0.2906226998255034 0.27323854081135 0.23687458412218218 0.25975792461826896 0.2532718626310895 0.24102997720869745 0.19855993383173667 0.1772356365533204 0.19326979909849124 0.18301425304778993 0.16756099668020047 0.1643995530225377 0.158827013342538
0.48097288761635176 0.48090252550382306 0.4961505552074182 0.4932326240410663 0.4882611127712345 0.48199759175246465 0.4582212288228142 0.4557844210603883 0.45996360529292685 0.4214273853066423 0.42935456324533516 0.43216022540993626 0.4425990130344471 0.44695027268733695 0.4435317819469851 0.43421068937606044 0.4098892084639962 0.3880210749630249 0.3595423347613568 0.3708842033079638 0.35922300187428335 0.325716583027733 0.30220876070352404 0.2944532031714682 0.2955085139070619 0.3103902213295083 0.2944091836088568 0.3074644876584121 0.28442808914674556 0.2828329550812359 0.2682905008006072 0.24721055427827562 0.24995575028456565 0.2488084150145512 0.24945744106551845 0.21991098257212308 0.20813498870386196 0.1999292105087647 0.21126387641434832 0.2008288164443009 0.18830716636640235 0.17086350353492397 0.18280908076741026
0.48171213920805045 0.4888706678442373 0.4684065993505017 0.4838889956879804 0.5008989390145967 0.46519494721533117 0.44731931135928804 0.45195955783193636 0.46098605408223803 0.44190020916633893 0.4292015491680865 0.4576731136538898 0.44897682534416117 0.457540321036442 0.45569780239698304 0.4356168003746321 0.40889799945180005 0.4065644584692767 0.37401074779309545 0.3683181939678206 0.36377805224739057 0.3359110569778335 0.341204802307281 0.32579398328622217 0.3002921198693279 0.29569798342907466 0.28868155979702176 0.2962201048608291 0.302189570066889 0.29742571394849643 0.2565622964247761 0.24526781977865722 0.2289729925061742 0.24750401784097606 0.23687580568788988 0.23379645093872858 0.20691229770032274 0.18971467023713423 0.21109499668621048 0.1877831098499367 0.18641283397084088 0.1846718461675098 0.17519158854632624
0.49714167796613834 0.4980703306520548 0.47391585577295486 0.4678952746665303 0.4945313256092568 0.4796031141645821 0.4695378894538035 0.4531340009776153 0.44141878721367844 0.44195071936239944 0.44300204206121996 0.46685456031899275 0.4632852024809072 0.47062898936891384 0.455575227154292 0.4360616751067871 0.4389743249399846 0.424096687049469 0.403580662405245 0.3940949139343742 0.3658400355177463 0.3489713490345703 0.3406027248914217 0.33966529830915687 0.30729929710905984 0.29457088230724465 0.2993324450404203 0.2981600701052927 0.28425622561622516 0.29263397075148345 0.2665904478933505 0.2339811219344198 0.23428306637320284 0.21901624951867502 0.2154095952754136 0.21138313544182297 0.21479844967476955 0.18257548265793436 0.1953291560691358 0.1722106349944563 0.1583296061483027 0.1588386627447678 0.1775640567372021
0.5042068183158321 0.4947482085875032 0.4812382355665116 0.466686979897887 0.48143433005510783 0.47008700266168185 0.4622621898341532 0.4628763177265892 0.4653392445434831 0.444945769647226 0.452852657498336 0.47481324082910487 0.47536361514949665 0.45639476206553875 0.44833011828520253 0.45139128597874406 0.4378796876873163 0.42827117052228164 0.4253308475631951 0.39578432211056996 0.3897313008761619 0.3374553311810553 0.3353957175450542 0.352863438432065 0.32768329381400196 0.30000015548820946 0.25945889818103907 0.282108569372602 0.2922136092030417 0.27934807443248205 0.283188908282146 0.2458957978133111 0.22213488349592003 0.22408935467451577 0.1927120243915599 0.20454128634624272 0.19975457241244948 0.20113785155311228 0.14696698001968891 0.14550753196956082 0.15701783177459375 0.17086674896007692 0.15206116947697854
0.5236253664714436 0.5146426860158472 0.4975949493046129 0.5022271260202863 0.5094140811436872 0.47920276347875246 0.4598765011557038 0.4663193667604462 0.46151245390732043 0.45899475691447916 0.46394255043423344 0.45852160000732095 0.4690194317041229 0.4771070575576896 0.44913549677710896 0.43696151711575104 0.4370261645047362 0.41893519320900335 0.4262436223765603 0.41021787115074604 0.3786879920794285 0.3452491764352835 0.32585226783589827 0.3418531696498522 0.30365598284871087 0.27965322526200215 0.2671955515172471 0.2925316232260405 0.2795944816730885 0.27911707986926704 0.27028557505110534 0.2527447445002595 0.2383228636273412 0.22735327263063698 0.21195525641427482 0.21015676001937755 0.20817633157841509 0.20728530295790418 0.1786599489198621 0.1723173031462169 0.16135091473380467 0.17346538616982762 0.18241654759121873
