Raster_benchmarking/continuous/raster-395.asc
NCOLS 100
NROWS 100
XLLCORNER 1743165.5366360974
YLLCORNER 5469283.627214643
CELLSIZE 10
NODATA_VALUE -9999
[rows 76 to 94 of 100, columns 43 to 85 of 100]
0.6702178553921124 0.629976641168663 0.6217190997249938 0.6020581173288251 0.6030503110889405 0.6332367218049222 0.6203856077392199 0.5717546913118645 0.5780177543311047 0.5995584572460343 0.6180121215960981 0.619276475008623 0.6289832048873297 0.6817050736448358 0.634379800584118 0.6139328675871795 0.6116653591409449 0.5634708875192248 0.5694078814386048 0.563766594739582 0.5369076059348737 0.5396312246125191 0.48898247734299505 0.4440813244987697 0.3966367780122431 0.3621434000966141 0.3692521656399714 0.33436084970940105 0.30775612979068695 0.29383090567162234 0.2894152246404687 0.29116005127450867 0.2677259675585988 0.26591900015452175 0.2724633455040949 0.2384730191391663 0.27283855896808096 0.25645049687479643 0.21816433257099208 0.22715241599324626 0.2311111019704842 0.27431226661253844 0.2722415335031124
0.6368997749004631 0.6418292764236286 0.6406321503377322 0.6439720315601046 0.6128224395682861 0.6196539551100598 0.6309918462557232 0.5751803958214023 0.6004412706399527 0.5721781943994846 0.5960915398906815 0.6004676354849682 0.630704261712248 0.6361217995593286 0.6336459639685297 0.6230811382058519 0.6125543106580319 0.605337269526128 0.5342971422797631 0.5120844036750679 0.5557000584998245 0.5456702506703819 0.45929296313352275 0.44967640212759846 0.4059488911884092 0.3842397525977521 0.37228374971711337 0.33875045473030435 0.35868427670333647 0.32484501545643885 0.2904414517848539 0.296104779692903 0.2936252460443364 0.24402600984623796 0.2498641055804717 0.2256888807486473 0.2297135547044928 0.23851807492994034 0.2616201426332792 0.2768930533048734 0.2706030689791723 0.3017644260744654 0.3005959987312999
0.6409846758445457 0.6619774408453183 0.6629148203112297 0.6183985616673571 0.5941466318413924 0.6332255940605473 0.5950225224979493 0.5885326013271007 0.5603463953310535 0.5625513748109453 0.5704344293536302 0.6278949061258964 0.6314233817644097 0.6455457215658307 0.5962652325923155 0.6275622329217442 0.6200916267434041 0.6170300953708956 0.5692936001395109 0.4964717549333625 0.49988636747384796 0.5199421238118402 0.44225342709488635 0.4277231580964425 0.41087981798305645 0.39429650099335667 0.4010576969346483 0.4010895375680937 0.38796732102011117 0.3283204488462137 0.32303936564611985 0.3062693208391134 0.28742087878761036 0.2542237438000355 0.2749893217301371 0.24000493755930621 0.20594713773927856 0.24333990753791113 0.27011363328818067 0.2974215770859883 0.2886981325377363 0.3016019489583751 0.2859183009296554
0.647814259973281 0.6305929666504224 0.6487706840079592 0.6367193913841768 0.5739206004580694 0.5557585139733201 0.5635870472021979 0.543439012160724 0.5579959508614554 0.5476324080257094 0.5564364668631928 0.5788399145438128 0.6097826811573791 0.5947390247640226 0.5850440294921734 0.6096728847579863 0.5918453332478083 0.6027350548798783 0.5604349383627238 0.5087497294345118 0.5230775135022837 0.4685562500024742 0.448036029124328 0.45129258302078895 0.4112049737750459 0.42720735024363693 0.43047187395914716 0.38401333477575333 0.36330008649559453 0.32509071795360145 0.3303255831746784 0.3257037325973192 0.2532492416097316 0.25307148069836544 0.25682642540615264 0.24460061336438235 0.22275635333042 0.2024618054967011 0.2293204773119352 0.2741327430686709 0.2769711259457649 0.2680466488541795 0.2951129626055941
0.6838278354643733 0.6520856215729829 0.630601226999956 0.5952318203772797 0.5696299744131593 0.5282155087181493 0.5450343249351762 0.5536659065328245 0.5260262334609731 0.5182182320952806 0.5474164316091841 0.5939885884860246 0.5794204729802375 0.5810004866243854 0.5577009432858443 0.5383270746650173 0.5606528627144279 0.6188158880642554 0.5827819279760751 0.5363868512690204 0.4935740687423797 0.4473618695341046 0.479056677293934 0.4704292997170878 0.4211392894235949 0.431207311309696 0.4517163785873089 0.44313874586586677 0.42227826064781077 0.37599899478902093 0.34736726043102967 0.3182879866356595 0.2684696548196992 0.24254924161300068 0.25755828226647515 0.2737285398815617 0.23938107303614867 0.21115123613690484 0.25383031482602636 0.26978895698529143 0.2925692249901544 0.28454109061102884 0.2977354122485151
0.6571584573424905 0.6555240343514261 0.601042963697434 0.5814303390415603 0.5372693997539559 0.5476383673903077 0.5315551780929122 0.5439067357826857 0.524883409468333 0.54735045761641 0.5101801142768855 0.5003328115204377 0.5270970866607533 0.5186798177607336 0.5373347501207705 0.5114413029492146 0.5255491817025045 0.5758553118638993 0.5483008036271825 0.5520059845935897 0.5317929019454208 0.4709868582378907 0.4854030467053947 0.43531943633694575 0.42343757796788817 0.4397703656909615 0.46232063188393097 0.45066322689617183 0.4115183416384083 0.36575365269317145 0.358120675478619 0.3199176689518307 0.3034077611712591 0.3117675129599592 0.2985453989735551 0.29682232891401145 0.2463131924074612 0.25637291092984893 0.24935633364331095 0.3106288875513839 0.3263013968984165 0.3237312848479307 0.3251759273173056
0.6037963887131429 0.6328665412309851 0.6137778054636219 0.5420402434154501 0.5420088369763718 0.553378244629615 0.5480794870321024 0.5073847103416436 0.5143484805842671 0.5395719744454921 0.5148292524556733 0.480291859199949 0.5060793663185756 0.4695095751069046 0.4989393356942862 0.49295124667414997 0.5160456976654789 0.530991491925502 0.505691636167775 0.5497598255332201 0.5071099782178058 0.518411936294157 0.4540387825843994 0.43420888694386744 0.41823810014720053 0.42051060322601547 0.45710294153171194 0.44676802538395716 0.4139008813341238 0.40516627158873697 0.3799393445932235 0.35615144947363786 0.34690725074768947 0.30283027658797357 0.32853692814630125 0.2977490071665993 0.28942378919497835 0.28072155669281307 0.26982855254653804 0.3272683333089238 0.3189748311715193 0.3718114638222197 0.374461557339273
0.5989371639489659 0.5832170564344366 0.5803573725116336 0.5786123715084213 0.5441916297027539 0.5486293735656623 0.5663561658439648 0.5334442058197827 0.538401841561836 0.5595234286182024 0.5233084047790696 0.44830573977103194 0.44410983290934114 0.43518194105270613 0.4468662174337295 0.4979716133204119 0.5150837419047406 0.5169003391938405 0.4910864606941574 0.49650697971468777 0.5197102897737252 0.5306225045046323 0.46801417152008473 0.4792758070100495 0.4465347014978007 0.4565764567790169 0.4376924080978851 0.45324220719490416 0.43549659127970636 0.38369714558367973 0.38106395731698484 0.3635854141078283 0.3753393662246747 0.3268254478550714 0.32680205750872177 0.3461291964671732 0.30679514991569795 0.3268583556476433 0.30652705236158756 0.34182736119540635 0.340030219213295 0.3610204906962755 0.3494868197913646
0.5840274881940557 0.5541384984242651 0.5969332371565783 0.5969691062723433 0.553205081086905 0.5685581791951834 0.5542098741790643 0.5409293379163873 0.5191856544565635 0.5259599638492725 0.4626383074552277 0.4560058687490278 0.4306214097438686 0.4300584892834869 0.4851673050924384 0.4880374702285293 0.4769016701387612 0.4468457526525118 0.4351941186389199 0.46065788206601044 0.4773041626928792 0.5090304552726395 0.4759868385273563 0.4771787595176505 0.46363179618894634 0.46412978147787376 0.4835961977779207 0.4957585851856968 0.46256557122817765 0.42123622180079967 0.4325853294366253 0.4187839364500296 0.39341869963863163 0.38968863527949116 0.3441378163812379 0.35794035263339746 0.38139119678746014 0.3664061899497369 0.3270399285933344 0.3431189978273375 0.3476673181926954 0.34430192620008065 0.34356765241737514
0.528559885101291 0.5265783440962832 0.5563268930116282 0.5306180565905787 0.523579885663246 0.49653588895864126 0.533878961898308 0.49542192126514434 0.4905650466471031 0.4718987981572442 0.42832757163329593 0.43875731136426105 0.439631645754616 0.4389810625718302 0.46803608908223926 0.4807006262958358 0.4769802633156986 0.42235096524887267 0.42648786450484366 0.42929463271507845 0.45182550437714825 0.4820513936034064 0.4801230328554077 0.4749586311082194 0.4910242873920314 0.4972696672649695 0.4899181972456013 0.5159514455413658 0.49873855137360923 0.464221801945947 0.4765917260344578 0.457870425299186 0.4151590299493121 0.40650616899019704 0.357617793951619 0.3673926621059953 0.3905677052933823 0.4128773511081662 0.3881961092343024 0.38781063906333235 0.3776589990216707 0.375876540332759 0.3676563032641351
0.4820045867785356 0.5186389829057952 0.5399898477015812 0.5432873804196494 0.5107962366296 0.47170982457166993 0.472712474725436 0.46614152911850343 0.42070212180941735 0.40171451677445613 0.4441004714821165 0.43081221171585293 0.4007939542087752 0.44015294632732727 0.42914915918886576 0.41768276468105797 0.4250560822524019 0.4505921638800867 0.42318596708419975 0.4529702155675516 0.49852561693480435 0.4958331485825543 0.46130393150691007 0.4547415152544884 0.4602759764677821 0.46204191905119585 0.48332613549823 0.4925307542749815 0.4769345814642585 0.4812415566884569 0.5138305144204969 0.486075490173741 0.41514571965771074 0.3845483916938862 0.35836876596999057 0.3667844644545074 0.37050070626836434 0.39603472940108375 0.43216061355322793 0.42777748523885006 0.4223542779363054 0.4018540759536434 0.40074819265679906
0.4387598805697767 0.44261403641339814 0.46363185425417 0.4568151456838445 0.4682550757307109 0.445159137352471 0.4278191891892474 0.4256890639708383 0.4340453235683898 0.3924789315503671 0.4190481196821736 0.39473563633278846 0.4018938808757622 0.38305595206352583 0.41841026998169295 0.4312843570340825 0.44099454972834357 0.4540068708102288 0.45235907906073825 0.47997957140161407 0.4894882649439055 0.5111563498631679 0.5138011889433421 0.4954717447053183 0.4817551687359154 0.4488492696015479 0.4856810987743241 0.4843254362658873 0.4899728358793556 0.48933495848483766 0.516099746467738 0.4653820506748603 0.43386183397186984 0.38662559410483327 0.39142136076739215 0.4034736450051669 0.4130440264947717 0.4297282084949503 0.40809959408454194 0.42363300098481044 0.39407774258566963 0.4082367802789148 0.3900190852939463
0.4321390002451522 0.43716283095728736 0.44753027328838957 0.41354560905368326 0.4478441820544884 0.44316966291268767 0.404905291055326 0.3870583141110098 0.3845396872116305 0.37129355507607764 0.40089922299304653 0.4371340050123485 0.4304087286968717 0.35458977049042284 0.404233950880843 0.44796772313122385 0.45460225891872913 0.4605132247363384 0.4639113660534325 0.5259832628115243 0.5268305790821536 0.540564967086349 0.5214907127051134 0.45829905595902304 0.46878467000145113 0.4695396922967953 0.4689404657886255 0.47918305268000255 0.497392442346252 0.515443277672447 0.5274274348008335 0.5031697245699691 0.46709248396409303 0.4387325019657052 0.41105141455766664 0.44572828818704413 0.4624152676632742 0.45914168911410175 0.4443097603061862 0.4071650731775094 0.40607882063938183 0.4140749881669371 0.35398925823015437
0.39442786816170905 0.39895443941290476 0.3835066656697857 0.3809734497043434 0.414988729373376 0.39048654323651605 0.37095740572730024 0.3683977573418714 0.3392586161543114 0.37826920170729855 0.39754884357209 0.4144685142768549 0.42458097363480185 0.4186238504150323 0.4021250924483939 0.4421989047850017 0.4184256122902366 0.4353143916674561 0.4915095856870874 0.5105777251840561 0.5169986284996763 0.5057004787044407 0.4677511957642976 0.4621808403561931 0.4608015225190564 0.4680202407682498 0.4459377628549262 0.45102315016698674 0.4575277083753855 0.47419796573547257 0.46508987660306317 0.4452850618853805 0.43455712971256555 0.40515896138442625 0.42111468562889076 0.4378026157091216 0.46245765473142797 0.4726579252100838 0.4467493744440262 0.4240176680498999 0.37128066385973985 0.35433513894748414 0.38535008851916003
0.36348981772355954 0.4178611022160206 0.38339014616519745 0.33808658160907534 0.3741962728546262 0.3628629534087239 0.3475960999595921 0.32640217875095257 0.34978378509285957 0.3553254067905679 0.4098003567403548 0.41095154103851705 0.44540510835157915 0.423840444817503 0.40637086668890104 0.42445054516532965 0.4126145522090007 0.4253400895107829 0.46853584586517044 0.5192849761301804 0.5168920771049136 0.486389321778263 0.45233540953171725 0.46609952376413877 0.4379760362427385 0.4401189028806623 0.4526510678847609 0.4784360865683451 0.45627131766860796 0.45763598385335647 0.4224269566019535 0.39347582914262236 0.4239488517272487 0.4272835201033498 0.41282274292659143 0.41451803953230715 0.3927848593894012 0.4357427835700197 0.4321845112343868 0.38055238407682823 0.3742071749103588 0.3567609805649582 0.36883722962315885
0.35590050280160773 0.3992984620156266 0.36120102729230696 0.29904037503306546 0.331678757427223 0.29853134513969376 0.3323266487018576 0.30811216331936925 0.3333254435694064 0.32677287506592145 0.3716634857416385 0.3854586368610609 0.4429644816012368 0.4465904788083654 0.407390449508202 0.43285063098311827 0.4458130865422421 0.41485805855064856 0.4602976810276412 0.4656814388557286 0.4677068882233918 0.4616345988174869 0.49522736543938 0.4599837607565379 0.4109586822182448 0.4408603915976678 0.44530473537899024 0.4203632047707074 0.425389687012744 0.42564983145384166 0.4260941369515954 0.39065549331875554 0.35263002735740956 0.3989191049619316 0.39266128881585577 0.3885862939308617 0.365961392292086 0.36707768662469814 0.35724572221204814 0.36636624647073956 0.36979444543971635 0.39829752185197564 0.3616789989692896
0.39097490426737114 0.39448563601680436 0.34381553076281957 0.2710909384069594 0.30085273243187616 0.26074959120980246 0.28244327017215043 0.3456666588370014 0.3406981432173108 0.31304107948791243 0.34832066695349323 0.407455038160538 0.4421744401435934 0.43401146339292895 0.39762584359446174 0.41312264357439477 0.418843834818929 0.4106548691851028 0.4170815771745827 0.4686981430494162 0.5020411889423145 0.4960187859868431 0.4700934831780474 0.42132399661703224 0.39722579704477906 0.3686861263573549 0.4176848007348549 0.4156048716572654 0.3942821764132072 0.42607873372901556 0.4064087175969137 0.33640894237233515 0.33508445386779195 0.31173163205252 0.32228170672961337 0.33561174635952584 0.36249676341346937 0.33195888916720995 0.3374340667971729 0.3448411637805622 0.35846031816589263 0.42540301226914573 0.4103060756045952
0.40542929091364144 0.3700769808358935 0.314865179198126 0.30824947907309547 0.2912751664432189 0.26259740683272526 0.2704480861135776 0.3013995264347692 0.32648597598515916 0.322844262880477 0.33177834572742965 0.3641782171262283 0.40078275022881027 0.4131962188994716 0.4105699570538387 0.4282219715979687 0.39877015437565905 0.4271496713841195 0.4389643421366569 0.45683451587300167 0.5139012866915196 0.47695422237651114 0.435216437685248 0.43474886763772047 0.4212184505936507 0.3905405014253209 0.3779904622078382 0.4151487204514003 0.4051577308236059 0.4036376414700454 0.39753952807546067 0.3693678158697198 0.31486417879151607 0.3148334759500776 0.32465724596984874 0.3295751599598659 0.3497808122477793 0.36733097382995555 0.34044851562600037 0.3401605314661953 0.39116039931263263 0.43006427005323866 0.37938735698785786
0.37738000863631205 0.36877257574210925 0.31125842272824916 0.2711567580387568 0.27923339927838303 0.2786096164083956 0.30218133965079574 0.3058447554486721 0.2689012965045483 0.28731957618329373 0.33324451006418004 0.3075067718757154 0.3453510674276733 0.40826445742786266 0.417373957014017 0.4188215592601737 0.41517351852857126 0.40179185805524115 0.42358832448378453 0.47957220726162003 0.5227769933377816 0.5160097968881542 0.4669621276432994 0.4129799542115058 0.4312972639829188 0.38453145175967945 0.36848312326099497 0.3687957089461594 0.4352967238574923 0.4428147603083714 0.37618568509927197 0.34352893638495274 0.31105357776289594 0.324230603498899 0.3482107442182096 0.3483498203357055 0.3445829757107229 0.34708004345789 0.3325368674908429 0.38360340025557726 0.39499003260968113 0.42593526650392366 0.3944167055848755
